{"lowlevel": {"average_loudness": 0.954898893833, "barkbands_crest": {"dmean": 2.84650802612, "dmean2": 4.29599952698, "dvar": 7.58712434769, "dvar2": 15.329366684, "max": 26.2988147736, "mean": 13.2653980255, "median": 12.0782375336, "min": 2.23178267479, "var": 35.5429611206}, "barkbands_flatness_db": {"dmean": 0.0355824157596, "dmean2": 0.0501224957407, "dvar": 0.00221062614582, "dvar2": 0.00383571721613, "max": 0.985330998898, "mean": 0.20589132607, "median": 0.180169656873, "min": 0.0297718346119, "var": 0.0154768219218}, "barkbands_kurtosis": {"dmean": 8.10381984711, "dmean2": 12.5771951675, "dvar": 1322.04370117, "dvar2": 2907.9453125, "max": 1470.2076416, "mean": 11.3467226028, "median": 2.59037446976, "min": -1.87327933311, "var": 1639.90673828}, "barkbands_skewness": {"dmean": 0.813225507736, "dmean2": 1.16544032097, "dvar": 1.22498655319, "dvar2": 2.40001916885, "max": 32.4923019409, "mean": 1.8857306242, "median": 1.57290565968, "min": -4.32026767731, "var": 4.57602977753}, "barkbands_spread": {"dmean": 6.41911458969, "dmean2": 9.92162799835, "dvar": 74.159614563, "dvar2": 169.51008606, "max": 86.6939315796, "mean": 21.653755188, "median": 19.5274410248, "min": 0.0348741933703, "var": 238.581893921}, "dissonance": {"dmean": 0.0215886980295, "dmean2": 0.0364335589111, "dvar": 0.000899592414498, "dvar2": 0.00239399843849, "max": 0.500000119209, "mean": 0.459175229073, "median": 0.470656961203, "min": 0.0194132644683, "var": 0.00178127468098}, "dynamic_complexity": 3.52269124985, "erbbands_crest": {"dmean": 2.68386149406, "dmean2": 4.07705307007, "dvar": 8.30376911163, "dvar2": 18.0734348297, "max": 33.4167137146, "mean": 11.2044239044, "median": 9.38257598877, "min": 2.32837939262, "var": 40.3362960815}, "erbbands_flatness_db": {"dmean": 0.023375429213, "dmean2": 0.0318771153688, "dvar": 0.000962043413892, "dvar2": 0.00162120093592, "max": 0.618618607521, "mean": 0.194975122809, "median": 0.16934145987, "min": 0.0383376292884, "var": 0.00816192664206}, "erbbands_kurtosis": {"dmean": 4.18486499786, "dmean2": 6.84607362747, "dvar": 613.09954834, "dvar2": 1180.1184082, "max": 384.537353516, "mean": 4.87847518921, "median": -0.364157438278, "min": -1.94582235813, "var": 976.061645508}, "erbbands_skewness": {"dmean": 0.527949392796, "dmean2": 0.808912158012, "dvar": 1.3176445961, "dvar2": 3.00150942802, "max": 13.4679346085, "mean": 0.287993043661, "median": 0.0981814488769, "min": -5.77331447601, "var": 2.73301577568}, "erbbands_spread": {"dmean": 9.43779468536, "dmean2": 14.2304191589, "dvar": 161.693710327, "dvar2": 345.336303711, "max": 178.796737671, "mean": 41.7327804565, "median": 39.8369102478, "min": 0.396718502045, "var": 525.130554199}, "hfc": {"dmean": 8.84923553467, "dmean2": 14.35542202, "dvar": 405.198547363, "dvar2": 1072.10168457, "max": 180.63381958, "mean": 21.8532123566, "median": 13.9124135971, "min": 1.05228815479e-16, "var": 576.006713867}, "melbands_crest": {"dmean": 3.79043483734, "dmean2": 5.55714654922, "dvar": 13.4446229935, "dvar2": 30.2851009369, "max": 35.7103729248, "mean": 17.9887542725, "median": 17.3981246948, "min": 1.59057021141, "var": 52.9052085876}, "melbands_flatness_db": {"dmean": 0.0409381836653, "dmean2": 0.0557214617729, "dvar": 0.00282690837048, "dvar2": 0.00474676117301, "max": 1, "mean": 0.264924228191, "median": 0.234771594405, "min": 0.00347011652775, "var": 0.0241408981383}, "melbands_kurtosis": {"dmean": 13.2079811096, "dmean2": 19.5430088043, "dvar": 819.690063477, "dvar2": 1933.58410645, "max": 907.535461426, "mean": 24.9698677063, "median": 10.6900234222, "min": -1.88906431198, "var": 1659.01904297}, "melbands_skewness": {"dmean": 1.05255794525, "dmean2": 1.49882495403, "dvar": 1.48700642586, "dvar2": 2.86265468597, "max": 19.0049514771, "mean": 3.34950566292, "median": 2.78489041328, "min": -2.61945366859, "var": 6.6697974205}, "melbands_spread": {"dmean": 8.32870769501, "dmean2": 12.3731603622, "dvar": 134.306427002, "dvar2": 268.534759521, "max": 182.795074463, "mean": 25.1838150024, "median": 17.4635066986, "min": 0.100154653192, "var": 624.883544922}, "pitch_salience": {"dmean": 0.0849720165133, "dmean2": 0.129461690784, "dvar": 0.0082370005548, "dvar2": 0.0170075204223, "max": 0.969169080257, "mean": 0.462081342936, "median": 0.466981291771, "min": 0.00523141911253, "var": 0.0286391228437}, "silence_rate_20dB": {"dmean": 0, "dmean2": 0, "dvar": 0, "dvar2": 0, "max": 1, "mean": 1, "median": 1, "min": 1, "var": 0}, "silence_rate_30dB": {"dmean": 0.0714937597513, "dmean2": 0.143009275198, "dvar": 0.0663768649101, "dvar2": 0.162419095635, "max": 1, "mean": 0.929277539253, "median": 1, "min": 0, "var": 0.0657229796052}, "silence_rate_60dB": {"dmean": 0.0319440215826, "dmean2": 0.0638977661729, "dvar": 0.0309243183583, "dvar2": 0.0643829256296, "max": 1, "mean": 0.0968821272254, "median": 0, "min": 0, "var": 0.0875023975968}, "spectral_centroid": {"dmean": 300.549713135, "dmean2": 449.304656982, "dvar": 172424.53125, "dvar2": 370587.40625, "max": 11833.1269531, "mean": 1769.42077637, "median": 1582.07714844, "min": 49.3269386292, "var": 1841317.75}, "spectral_complexity": {"dmean": 2.74110126495, "dmean2": 4.26198101044, "dvar": 11.1872215271, "dvar2": 25.1791000366, "max": 46, "mean": 14.5642585754, "median": 14, "min": 0, "var": 72.5828094482}, "spectral_decrease": {"dmean": 3.63555474614e-09, "dmean2": 5.09917175151e-09, "dvar": 2.41456022581e-17, "dvar2": 5.23320909964e-17, "max": 6.39760743547e-20, "mean": -9.44959843707e-09, "median": -5.68031799375e-09, "min": -6.18264195396e-08, "var": 9.19480932547e-17}, "spectral_energy": {"dmean": 0.0140788033605, "dmean2": 0.0200604069978, "dvar": 0.000363505358109, "dvar2": 0.000785160809755, "max": 0.236860081553, "mean": 0.0376471281052, "median": 0.023250894621, "min": 1.01317790862e-20, "var": 0.00137001601979}, "spectral_energyband_high": {"dmean": 0.000912125164177, "dmean2": 0.00153402844444, "dvar": 4.76808372696e-06, "dvar2": 1.27854364109e-05, "max": 0.0192386768758, "mean": 0.00178056955338, "median": 0.000662309757899, "min": 7.24001221026e-21, "var": 6.95215749147e-06}, "spectral_energyband_low": {"dmean": 0.0121000437066, "dmean2": 0.0179410949349, "dvar": 0.000403516693041, "dvar2": 0.000892772572115, "max": 0.20783598721, "mean": 0.0241247229278, "median": 0.00940085295588, "min": 9.46038995117e-24, "var": 0.00107695255429}, "spectral_energyband_middle_high": {"dmean": 0.00111847184598, "dmean2": 0.00165333156474, "dvar": 3.74476621801e-06, "dvar2": 8.27284566185e-06, "max": 0.0354157686234, "mean": 0.00369285070337, "median": 0.00223163468763, "min": 1.17705933144e-21, "var": 1.67939251696e-05}, "spectral_energyband_middle_low": {"dmean": 0.00574028631672, "dmean2": 0.00889129657298, "dvar": 0.00014641067537, "dvar2": 0.000328751397319, "max": 0.117355458438, "mean": 0.00954391434789, "median": 0.00514731463045, "min": 2.01118219763e-22, "var": 0.000186066114111}, "spectral_entropy": {"dmean": 0.246030956507, "dmean2": 0.358852207661, "dvar": 0.148514404893, "dvar2": 0.279302060604, "max": 9.82681274414, "mean": 7.10708332062, "median": 7.24398422241, "min": 2.51259970665, "var": 0.812099695206}, "spectral_flux": {"dmean": 0.0364574380219, "dmean2": 0.0551663637161, "dvar": 0.00165364297573, "dvar2": 0.00276047550142, "max": 0.395169794559, "mean": 0.0904482156038, "median": 0.0727441310883, "min": 6.33001706607e-11, "var": 0.00537863653153}, "spectral_kurtosis": {"dmean": 10.0712604523, "dmean2": 16.0555591583, "dvar": 2048.11035156, "dvar2": 4856.50341797, "max": 1021.19970703, "mean": 17.6690979004, "median": 2.72824430466, "min": -1.29600083828, "var": 4923.94824219}, "spectral_rms": {"dmean": 0.00108367984649, "dmean2": 0.00151251454372, "dvar": 1.61980995017e-06, "dvar2": 2.7474993658e-06, "max": 0.0152014149353, "mean": 0.00525333499536, "median": 0.00476275151595, "min": 3.14398832489e-12, "var": 9.13135772862e-06}, "spectral_rolloff": {"dmean": 645.170898438, "dmean2": 1075.77819824, "dvar": 1452002.5, "dvar2": 3154727, "max": 19853.6132812, "mean": 1948.21948242, "median": 1012.06054688, "min": 64.599609375, "var": 6638022.5}, "spectral_skewness": {"dmean": 0.482948809862, "dmean2": 0.738317430019, "dvar": 1.70119857788, "dvar2": 3.50806832314, "max": 27.7923679352, "mean": 1.85007250309, "median": 1.07765126228, "min": -0.0720536261797, "var": 8.07354450226}, "spectral_spread": {"dmean": 704353.4375, "dmean2": 1004972.625, "dvar": 2294624550910.0, "dvar2": 5255555710980.0, "max": 53064388, "mean": 4732799.5, "median": 4099566.75, "min": 134410.984375, "var": 18102567829500.0}, "spectral_strongpeak": {"dmean": 0.550717830658, "dmean2": 0.930381774902, "dvar": 1.161490798, "dvar2": 2.77906727791, "max": 16.5013790131, "mean": 1.01920807362, "median": 0.542585849762, "min": 0, "var": 2.09597349167}, "zerocrossingrate": {"dmean": 0.0132088474929, "dmean2": 0.0151676218957, "dvar": 0.000347031687852, "dvar2": 0.000523224996869, "max": 0.52490234375, "mean": 0.066903591156, "median": 0.0537109375, "min": 0.001953125, "var": 0.00416403030977}, "barkbands": {"dmean": [0.000220004105358, 0.00812376569957, 0.00572230573744, 0.00232705590315, 0.00291897146963, 0.00121891312301, 0.000464379321784, 0.000526766234543, 0.000510904588737, 0.000396641815314, 0.000142156903166, 0.000181440816959, 0.000259473192273, 0.00021155567083, 0.000272074568784, 0.000140047632158, 0.000105329105281, 0.000104106191429, 0.00010875811131, 0.000133566660224, 0.000287271424895, 0.000137277500471, 0.000194878812181, 0.000163823613548, 0.000114205620775, 4.2635754653e-05, 3.76241814593e-06], "dmean2": [0.000283780915197, 0.0112208351493, 0.00918844342232, 0.00406906940043, 0.00510989688337, 0.0021550420206, 0.000815909297671, 0.000878461054526, 0.000729870283976, 0.000539794273209, 0.000226193064009, 0.000277126237052, 0.000389670778532, 0.000333558651619, 0.000440640724264, 0.000220200090553, 0.000162763579283, 0.000168765764101, 0.000177475769306, 0.000208956000279, 0.000475933455164, 0.000223993425607, 0.000339442834957, 0.000290388969006, 0.000197408677195, 7.5571690104e-05, 6.65035167913e-06], "dvar": [1.25192940459e-07, 0.000192980602151, 0.000226899544941, 4.20052165282e-05, 6.75837436575e-05, 1.15348166219e-05, 2.13554426409e-06, 1.92753122974e-06, 1.69353052115e-06, 1.28780379782e-06, 2.93243743954e-07, 3.51398540488e-07, 5.50395327537e-07, 2.37421048155e-07, 9.25965821352e-07, 1.14828971221e-07, 5.56584112132e-08, 5.64323876517e-08, 3.00218658822e-08, 7.04999862933e-08, 2.89493016226e-07, 8.26929493769e-08, 4.0312968963e-07, 3.03371592736e-07, 1.54395735308e-07, 2.34874200089e-08, 1.37407973888e-10], "dvar2": [1.81369259167e-07, 0.000376862648409, 0.00056807580404, 0.000117581126688, 0.000188293633983, 3.19307691825e-05, 5.85738916925e-06, 5.18751858181e-06, 3.05088019559e-06, 2.22526477955e-06, 6.95209337209e-07, 7.83288385264e-07, 1.16825276564e-06, 5.81943822908e-07, 2.53629013969e-06, 2.74645600484e-07, 1.07192619225e-07, 1.44415210457e-07, 7.97548267428e-08, 1.47258774064e-07, 7.44410897369e-07, 2.04040119911e-07, 1.1185262565e-06, 8.46051307235e-07, 4.14243714886e-07, 6.51290363862e-08, 3.79492742786e-10], "max": [0.00293989502825, 0.144028931856, 0.165573760867, 0.0787796452641, 0.0602337867022, 0.0350751765072, 0.0347209647298, 0.0216272827238, 0.0240028612316, 0.0329658351839, 0.0308056268841, 0.0183913316578, 0.0237635467201, 0.0111771440133, 0.0237432289869, 0.00726610608399, 0.00713429786265, 0.00475414749235, 0.00218684086576, 0.00897713843733, 0.00931329093874, 0.00443177158013, 0.00491813756526, 0.00447515957057, 0.00281635439023, 0.00112800952047, 9.53935668804e-05], "mean": [0.000374084076611, 0.0165503770113, 0.00592542300001, 0.00220020953566, 0.00294733815826, 0.00138471322134, 0.000600667553954, 0.000907616806217, 0.00107865559403, 0.000907543522771, 0.00021674290474, 0.000320413644658, 0.000559398089536, 0.000359765515896, 0.00049994548317, 0.000270975142485, 0.000213166276808, 0.000226618620218, 0.00022688700119, 0.000309960392769, 0.000810522120446, 0.000294196914183, 0.000178671718459, 0.00014799546625, 9.54755596467e-05, 3.61984129995e-05, 3.56717646355e-06], "median": [8.25698662084e-05, 0.00329866632819, 0.000551915436517, 0.000495061161928, 0.000627457047813, 0.000328145019012, 0.000145542217069, 0.000187409445061, 0.000210549347685, 0.000113466841867, 4.39194482169e-05, 9.79192336672e-05, 0.000133154928335, 0.00014170477516, 7.77515888331e-05, 9.31445101742e-05, 6.42321829218e-05, 7.56696608732e-05, 0.000128757397761, 0.000172675529029, 0.00029821228236, 8.16388273961e-05, 2.03570707527e-05, 1.68860588019e-05, 4.68743974125e-06, 5.45063585378e-06, 1.13812291147e-06], "min": [3.43934060909e-25, 2.87591490064e-24, 4.73228289319e-25, 2.35011484984e-24, 9.609849116e-24, 1.01241256839e-23, 3.99511663473e-24, 1.09174854629e-23, 1.4987808152e-23, 1.55273984775e-23, 1.61546265164e-23, 3.04413724042e-23, 1.82172437704e-23, 2.60543701822e-23, 4.35480565308e-23, 6.3416622834e-23, 7.56007814636e-23, 1.06365460621e-22, 1.39836992913e-22, 1.61287067559e-22, 2.28402898991e-22, 3.18086336982e-22, 4.15933387248e-22, 6.12771702124e-22, 9.54217359091e-22, 1.19671799763e-21, 1.96895521806e-21], "var": [3.99600423862e-07, 0.000655862735584, 0.000200227863388, 2.86028025585e-05, 4.89023004775e-05, 8.80469269759e-06, 2.2034214453e-06, 3.3233322938e-06, 6.08985283179e-06, 5.7626234593e-06, 4.41613309476e-07, 5.77599109874e-07, 1.9831309146e-06, 4.02612414518e-07, 2.52770723819e-06, 3.13133170948e-07, 2.0654138666e-07, 1.71417113393e-07, 8.45478353995e-08, 3.50043478647e-07, 1.51063920839e-06, 2.21223871222e-07, 2.84379609639e-07, 2.06385863066e-07, 1.08483462213e-07, 1.51595518361e-08, 9.19762460638e-11]}, "erbbands": {"dmean": [0.25609472394, 1.90414476395, 5.9895939827, 6.86978340149, 8.31927776337, 9.91167545319, 13.1611804962, 9.07070159912, 6.60108280182, 9.20557022095, 9.71226787567, 8.16617965698, 16.4656085968, 10.5701446533, 5.68800735474, 7.68077898026, 11.1712369919, 11.3745136261, 12.1850891113, 11.687620163, 7.40442085266, 4.55154180527, 5.72287511826, 4.84845972061, 4.79828166962, 6.44508266449, 13.0563430786, 9.47630500793, 5.15822029114, 3.92149186134, 5.16666221619, 4.95497512817, 2.33077383041, 1.25013148785, 0.755725085735, 0.309163600206, 0.0499399155378, 0.00787741225213, 0.000592313648667, 3.14035860356e-05], "dmean2": [0.320866674185, 2.58931255341, 9.30898284912, 11.1306028366, 14.3690366745, 18.1906471252, 24.0482578278, 15.8854970932, 11.3079309464, 16.7513103485, 15.5364179611, 12.0034446716, 22.2253227234, 14.8720321655, 8.5427942276, 11.7353773117, 16.4267940521, 17.7326469421, 19.6101093292, 18.4579944611, 11.653637886, 7.13948822021, 9.31876754761, 7.6852722168, 7.94844245911, 10.1677236557, 21.8547534943, 15.4801521301, 8.40141296387, 6.40425491333, 9.04896259308, 8.93184375763, 4.09256458282, 2.13765954971, 1.32361543179, 0.547952055931, 0.087153442204, 0.0138851227239, 0.00103952712379, 5.13950835739e-05], "dvar": [0.18505179882, 11.3719711304, 222.078704834, 318.921478271, 547.94732666, 871.043762207, 1230.87744141, 656.861755371, 352.490539551, 1058.44189453, 513.14239502, 288.749786377, 1493.34838867, 1325.4765625, 499.831695557, 374.586975098, 1140.68994141, 475.221740723, 3072.02563477, 989.600036621, 233.123687744, 94.5424957275, 169.768493652, 62.8326683044, 68.6047515869, 163.126800537, 573.966308594, 345.09967041, 107.876327515, 101.843559265, 297.763336182, 272.238250732, 62.8106498718, 17.8115463257, 7.03192424774, 1.22996199131, 0.0257497467101, 0.000617085606791, 3.39507641911e-06, 4.72225369919e-09], "dvar2": [0.28223875165, 23.4234848022, 528.320007324, 829.354492188, 1474.26940918, 2482.8059082, 3460.02954102, 1824.45410156, 911.040710449, 3155.46533203, 1286.71704102, 585.997558594, 2589.41772461, 2169.88964844, 1192.14941406, 817.622375488, 2332.15234375, 1130.14953613, 8448.06445312, 2517.27075195, 553.489074707, 201.82232666, 427.806091309, 160.841598511, 185.623931885, 345.886138916, 1599.92749023, 852.389831543, 262.724182129, 251.276382446, 830.327453613, 768.971252441, 174.118118286, 47.8630905151, 18.7595539093, 3.39309763908, 0.0696698501706, 0.00169872317929, 9.32576404011e-06, 1.2637278779e-08], "max": [3.70597481728, 39.6616592407, 167.495666504, 178.416442871, 268.489685059, 243.778198242, 287.07434082, 269.566650391, 531.496643066, 427.926696777, 357.264282227, 324.830932617, 616.343933105, 1292.73657227, 840.57635498, 370.680938721, 1170.20812988, 605.038635254, 1353.14807129, 604.688110352, 347.81552124, 216.145904541, 260.870239258, 135.475906372, 119.763427734, 439.444976807, 389.346008301, 297.555023193, 177.443008423, 119.725082397, 133.384185791, 127.573623657, 70.8502655029, 30.6968650818, 18.5268821716, 7.82880353928, 1.20506882668, 0.180538013577, 0.0164230260998, 0.000571906683035], "mean": [0.533796191216, 3.49805283546, 6.99932289124, 7.36328935623, 8.3153591156, 9.06198883057, 12.5175485611, 10.6321229935, 9.33261871338, 11.6944189072, 18.7271938324, 17.146364212, 39.3335380554, 21.3022441864, 10.8338880539, 14.9781551361, 26.1737670898, 22.137594223, 23.4845333099, 21.7622623444, 15.7538251877, 10.2487249374, 13.1706123352, 11.7657394409, 9.93751811981, 16.021490097, 32.4026679993, 25.5686340332, 12.3493461609, 5.61220836639, 4.85552072525, 4.33977460861, 2.0131611824, 1.12524044514, 0.589446783066, 0.244695425034, 0.0465001612902, 0.00746694067493, 0.00060516531812, 6.33538293187e-05], "median": [0.089777700603, 0.681770503521, 0.916213870049, 1.23386216164, 1.71908044815, 2.14434361458, 2.30806589127, 2.5949640274, 2.72599720955, 4.28894853592, 3.64226508141, 6.09841966629, 5.19226694107, 3.47867107391, 3.29905390739, 5.8692111969, 8.43219280243, 10.2971496582, 4.71281957626, 5.13962221146, 6.57608938217, 4.15770530701, 4.86887264252, 6.01583766937, 6.43834161758, 9.24328041077, 13.6473560333, 8.05998420715, 3.70332551003, 1.07609593868, 0.64706993103, 0.44919142127, 0.211083397269, 0.0729705393314, 0.0321100726724, 0.0241095460951, 0.00851324759424, 0.0026963504497, 0.000185604440048, 4.0749891923e-05], "min": [5.6838892347e-23, 7.33149806289e-22, 7.5210846887e-22, 5.78095002415e-21, 1.27976174106e-20, 1.83299007059e-20, 4.27159751861e-20, 9.78942211692e-20, 1.44563525147e-19, 1.72495579126e-19, 1.42373667873e-19, 3.40968630632e-19, 5.38657533353e-19, 5.48095560744e-19, 8.89972926828e-19, 1.54185318467e-18, 1.23184853515e-18, 1.76583890869e-18, 2.53975136455e-18, 2.79329152807e-18, 4.89412328201e-18, 4.56110202176e-18, 5.44474019266e-18, 6.29872104347e-18, 6.94309598142e-18, 8.16031210513e-18, 9.43902414429e-18, 1.00528955564e-17, 1.05793430767e-17, 1.28185846878e-17, 1.21432041254e-17, 1.08478401133e-17, 1.02093451887e-17, 8.21432617194e-18, 6.84144582389e-18, 4.40067820017e-18, 2.28621368256e-18, 9.21260723305e-19, 2.51520110925e-19, 2.66616305738e-20], "var": [0.768357157707, 31.9715843201, 233.039489746, 265.227142334, 431.782043457, 548.35534668, 861.634399414, 522.051635742, 431.977722168, 762.726745605, 1327.73034668, 898.519897461, 6733.24902344, 5223.10791016, 832.640075684, 818.046813965, 4305.77490234, 1095.64001465, 8385.00878906, 2300.62963867, 743.904663086, 303.120880127, 519.739990234, 245.28666687, 147.38520813, 830.787597656, 2116.19189453, 1654.74401855, 363.103485107, 140.43913269, 206.881973267, 179.038330078, 42.29114151, 12.9334964752, 4.84585142136, 0.794893682003, 0.0181252062321, 0.000406277627917, 2.39514201894e-06, 5.45189537959e-09]}, "gfcc": {"mean": [-64.8536911011, 72.3178024292, -120.480743408, 26.9958190918, -59.9486274719, 2.8481938839, -24.2179088593, -2.95051455498, -21.5127258301, 8.11321353912, -17.7659072876, -2.68418431282, -8.51044750214], "cov": [[33807.796875, -1345.93811035, -2475.67016602, 2815.92553711, -1175.24658203, 975.572265625, -677.605407715, 578.201843262, -502.080871582, 505.415771484, -807.354980469, 83.7491378784, -486.872253418], [-1345.93811035, 5057.69433594, 2985.24731445, 492.361206055, 1542.96105957, 616.875732422, 818.111022949, 47.702911377, 255.438674927, -268.096496582, 495.568023682, -95.7498703003, 162.223678589], [-2475.67016602, 2985.24731445, 3726.60839844, 990.949645996, 1458.82678223, 1002.6295166, 594.438232422, 380.002410889, 240.554824829, -132.971786499, 444.007232666, -79.4375305176, 49.0731086731], [2815.92553711, 492.361206055, 990.949645996, 1374.17321777, 665.131530762, 570.385253906, 281.648376465, 350.325439453, 203.658004761, 123.355323792, 28.392244339, 13.2517881393, -73.6540145874], [-1175.24658203, 1542.96105957, 1458.82678223, 665.131530762, 1267.2512207, 672.289855957, 540.504577637, 251.000152588, 269.171844482, -13.0743484497, 212.271408081, -43.0030174255, -0.134713172913], [975.572265625, 616.875732422, 1002.6295166, 570.385253906, 672.289855957, 854.380737305, 321.027770996, 325.541412354, 116.399032593, 33.3433876038, 138.96144104, -8.82213401794, -16.2749462128], [-677.605407715, 818.111022949, 594.438232422, 281.648376465, 540.504577637, 321.027770996, 547.355651855, 201.43107605, 277.037902832, 36.5321769714, 107.564811707, 5.49601602554, 45.6665077209], [578.201843262, 47.702911377, 380.002410889, 350.325439453, 251.000152588, 325.541412354, 201.43107605, 345.826660156, 174.306686401, 58.9049034119, 58.1865348816, 19.1817169189, 16.869758606], [-502.080871582, 255.438674927, 240.554824829, 203.658004761, 269.171844482, 116.399032593, 277.037902832, 174.306686401, 339.018066406, 77.8511428833, 60.7735481262, 36.5693778992, 24.9136486053], [505.415771484, -268.096496582, -132.971786499, 123.355323792, -13.0743484497, 33.3433876038, 36.5321769714, 58.9049034119, 77.8511428833, 189.860931396, 47.9050521851, 25.8625392914, -5.69101047516], [-807.354980469, 495.568023682, 444.007232666, 28.392244339, 212.271408081, 138.96144104, 107.564811707, 58.1865348816, 60.7735481262, 47.9050521851, 229.303909302, 47.5458183289, 54.4030456543], [83.7491378784, -95.7498703003, -79.4375305176, 13.2517881393, -43.0030174255, -8.82213401794, 5.49601602554, 19.1817169189, 36.5693778992, 25.8625392914, 47.5458183289, 123.027267456, 55.0824394226], [-486.872253418, 162.223678589, 49.0731086731, -73.6540145874, -0.134713172913, -16.2749462128, 45.6665077209, 16.869758606, 24.9136486053, -5.69101047516, 54.4030456543, 55.0824394226, 154.6040802]], "icov": [[0.00010274646047, -0.000211365811992, 0.000203256626264, -0.000268173491349, 0.000268648786005, -0.00028983282391, 0.000190459366422, -0.000231556827202, 0.000185760378372, -0.000285244663246, 0.000359174679033, -0.000194677500986, 0.000194342457689], [-0.000211365811992, 0.00110759935342, -0.000709644053131, 0.000404519523727, -0.000745328492485, 0.00077178189531, -0.0010156770004, 0.00121063936967, -0.000436609901953, 0.0014285617508, -0.00161316874437, 0.000974719587248, -0.000818022876047], [0.000203256626264, -0.000709644053131, 0.00130664708558, -0.000893966702279, 0.000358144839993, -0.000908376125153, 0.000700262491591, -0.000706189544871, 0.000229078039411, 0.000182655508979, -0.000328504422214, 0.000270795862889, 0.00030790042365], [-0.000268173491349, 0.000404519523727, -0.000893966702279, 0.00245301635005, -0.00135488179512, 0.000623108295258, -0.00012957432773, -0.000511988124344, -0.000188554040506, -0.00100377644412, 0.00106405257247, -0.000968536478467, 0.000306039204588], [0.000268648786005, -0.000745328492485, 0.000358144839993, -0.00135488179512, 0.00359626370482, -0.00192337669432, -0.000607627094723, 0.000365092389984, -0.000487500947202, 0.000134066140163, -0.000127136081574, 0.000535057275556, 0.000746832345612], [-0.00028983282391, 0.00077178189531, -0.000908376125153, 0.000623108295258, -0.00192337669432, 0.00421691592783, -0.00129486108199, -0.00162527966313, 0.00133864837699, 0.000463931064587, -0.00124146742746, 2.84806264972e-05, 9.27510118345e-05], [0.000190459366422, -0.0010156770004, 0.000700262491591, -0.00012957432773, -0.000607627094723, -0.00129486108199, 0.00576915126294, -0.00131107820198, -0.00241550873034, -0.00126805901527, 0.00155691138934, -0.000233389015193, -0.000438468618086], [-0.000231556827202, 0.00121063936967, -0.000706189544871, -0.000511988124344, 0.000365092389984, -0.00162527966313, -0.00131107820198, 0.00820560194552, -0.00340282241814, 0.0018250256544, -0.00221929396503, 0.00185319583397, -0.00196193763986], [0.000185760378372, -0.000436609901953, 0.000229078039411, -0.000188554040506, -0.000487500947202, 0.00133864837699, -0.00241550873034, -0.00340282241814, 0.00769326929003, -0.00275710620917, 0.00161966949236, -0.00256317295134, 0.00110790634062], [-0.000285244663246, 0.0014285617508, 0.000182655508979, -0.00100377644412, 0.000134066140163, 0.000463931064587, -0.00126805901527, 0.0018250256544, -0.00275710620917, 0.0108332745731, -0.00656324625015, 0.00269412738271, -0.000516337924637], [0.000359174679033, -0.00161316874437, -0.000328504422214, 0.00106405257247, -0.000127136081574, -0.00124146742746, 0.00155691138934, -0.00221929396503, 0.00161966949236, -0.00656324625015, 0.012379521504, -0.00568267097697, 0.000252292433288], [-0.000194677500986, 0.000974719587248, 0.000270795862889, -0.000968536478467, 0.000535057275556, 2.84806264972e-05, -0.000233389015193, 0.00185319583397, -0.00256317295134, 0.00269412738271, -0.00568267097697, 0.0136966304854, -0.00468098465353], [0.000194342457689, -0.000818022876047, 0.00030790042365, 0.000306039204588, 0.000746832345612, 9.27510118345e-05, -0.000438468618086, -0.00196193763986, 0.00110790634062, -0.000516337924637, 0.000252292433288, -0.00468098465353, 0.00972198788077]]}, "melbands": {"dmean": [0.00220339884982, 0.00269655976444, 0.00118685455527, 0.000652844959404, 0.000480298971524, 0.000204627780477, 0.000100506964372, 0.000108457126771, 6.86837156536e-05, 6.36196855339e-05, 8.28368283692e-05, 4.41228694399e-05, 1.9474158762e-05, 2.04525713343e-05, 2.20238671318e-05, 2.61173972831e-05, 2.01986877073e-05, 1.98285288207e-05, 1.59806095326e-05, 1.26268860186e-05, 9.31683734962e-06, 5.33856018592e-06, 5.39565917279e-06, 6.40621510684e-06, 4.03407602789e-06, 4.59076591142e-06, 2.76769765151e-06, 4.93285506309e-06, 9.13198164199e-06, 7.52285995986e-06, 6.01978899795e-06, 3.03350543618e-06, 2.59842477135e-06, 2.05052083402e-06, 2.2713782073e-06, 5.19159993928e-06, 2.25086978389e-06, 1.88094929854e-06, 1.1880213151e-06, 1.01365492355e-06], "dmean2": [0.00294461613521, 0.00400240672752, 0.00184939405881, 0.00114936789032, 0.000880134582985, 0.000358614721335, 0.000173528474988, 0.000194122723769, 0.000108869411633, 9.19213562156e-05, 0.000112170208013, 6.21951548965e-05, 2.98512168229e-05, 3.13105811074e-05, 3.33518946718e-05, 3.8742851757e-05, 3.1853778637e-05, 3.18637721648e-05, 2.5553163141e-05, 1.95774100575e-05, 1.46872062032e-05, 8.24357357487e-06, 8.73059798323e-06, 1.03107840914e-05, 6.34265097688e-06, 7.66297125665e-06, 4.59305783806e-06, 7.65699405747e-06, 1.53577693709e-05, 1.20880140457e-05, 9.90506123344e-06, 5.03875344293e-06, 4.07926245316e-06, 3.3947699194e-06, 3.88813441532e-06, 9.64418359217e-06, 3.97449912271e-06, 3.36491393682e-06, 2.01424950319e-06, 1.75206037056e-06], "dvar": [1.3791089259e-05, 3.31764967996e-05, 8.28802694741e-06, 3.26774920723e-06, 1.6204039639e-06, 3.33370138605e-07, 8.40551379611e-08, 1.30281335942e-07, 2.28919159184e-08, 2.28405365732e-08, 3.78215965213e-08, 2.53196006383e-08, 5.86296788896e-09, 5.42750644428e-09, 4.48026238331e-09, 4.12821954399e-09, 1.66895097742e-09, 7.66593988288e-09, 2.14029172163e-09, 1.13592624196e-09, 3.92272103689e-10, 1.66314281791e-10, 1.71426456363e-10, 2.64815558371e-10, 4.9802946489e-11, 7.3724179539e-11, 1.93080187255e-11, 1.2017113693e-10, 2.46825032635e-10, 2.29891355952e-10, 1.58888971424e-10, 3.62120472497e-11, 3.19650417246e-11, 2.92454879758e-11, 5.51683143613e-11, 3.35844074772e-10, 5.20854470665e-11, 4.20529722156e-11, 1.51251476621e-11, 1.2128339999e-11], "dvar2": [2.35342340602e-05, 7.57113666623e-05, 2.04021671379e-05, 9.06887817109e-06, 4.56179805042e-06, 9.22381900637e-07, 2.20706724008e-07, 3.82227142381e-07, 5.61102631025e-08, 4.35559037726e-08, 6.62345556179e-08, 4.12200442668e-08, 1.38532261218e-08, 1.22539622893e-08, 9.69548175078e-09, 8.45288994356e-09, 3.98158972459e-09, 2.07921058148e-08, 5.70217384421e-09, 2.78197953563e-09, 8.9529217373e-10, 3.2746300116e-10, 4.35098124196e-10, 6.71322608614e-10, 1.2611943434e-10, 2.02066252619e-10, 5.08089230411e-11, 2.30483090946e-10, 6.93677282282e-10, 5.9628507687e-10, 3.98872962437e-10, 9.30198626459e-11, 7.29868457339e-11, 7.27841190096e-11, 1.5088995331e-10, 9.62176005537e-10, 1.45371464866e-10, 1.17563167534e-10, 4.0725679773e-11, 3.27714209936e-11], "max": [0.0313254743814, 0.0641391947865, 0.0297042876482, 0.0126576311886, 0.0111476369202, 0.00599585380405, 0.00812539830804, 0.00475845718756, 0.00237047462724, 0.00298082944937, 0.00307878293097, 0.00563217699528, 0.00422781798989, 0.00244292081334, 0.00227593863383, 0.00164372799918, 0.00105605274439, 0.00226780539379, 0.00114776659757, 0.000617592653725, 0.000422240642365, 0.000358663673978, 0.000421779463068, 0.000373841350665, 0.000136414833833, 0.000125245220261, 4.92831131851e-05, 0.000427037128247, 0.000204929383472, 0.000259529362665, 0.000236008258071, 0.000107248750282, 0.000110238892375, 5.03224036947e-05, 5.89086703258e-05, 0.000144492310937, 7.20911266399e-05, 6.34364769212e-05, 2.9181037462e-05, 2.57797200902e-05], "mean": [0.00468793185428, 0.00402509048581, 0.00133501272649, 0.000615237804595, 0.000444640318165, 0.000239738146774, 0.000139914525789, 0.000149111554492, 0.000136579736136, 0.000132268149173, 0.00019636171055, 8.57117411215e-05, 3.28514506691e-05, 3.59867153747e-05, 4.71540806757e-05, 5.86129681324e-05, 3.65366322512e-05, 3.56403252226e-05, 3.01482268696e-05, 2.30372170336e-05, 1.84041509783e-05, 1.06008119474e-05, 1.03692091216e-05, 1.33668017952e-05, 8.81417145138e-06, 8.55445523484e-06, 5.5859350141e-06, 1.13106325443e-05, 2.03322761081e-05, 1.8096237909e-05, 1.44330124385e-05, 6.92301546223e-06, 4.80345715914e-06, 2.43168415182e-06, 2.29144279729e-06, 4.02952127843e-06, 2.08870210372e-06, 1.49687048179e-06, 1.1879202475e-06, 8.42042084059e-07], "median": [0.00084418267943, 0.000974775408395, 0.000257224310189, 0.000144305216963, 9.50860558078e-05, 5.69188123336e-05, 4.12046101701e-05, 5.07061995449e-05, 2.85756232188e-05, 3.25563960359e-05, 2.37912590819e-05, 9.6259827842e-06, 7.5393509178e-06, 1.00744509837e-05, 1.67129564943e-05, 1.79223334271e-05, 1.44702362377e-05, 5.30580655322e-06, 5.13888699061e-06, 5.45745524505e-06, 6.31187185718e-06, 3.32571676154e-06, 3.47806417267e-06, 3.85667271985e-06, 4.30899217463e-06, 4.54146993434e-06, 3.49302831637e-06, 5.71849068365e-06, 9.0391795311e-06, 5.27443808096e-06, 4.1602188503e-06, 2.19832440962e-06, 1.12594534585e-06, 3.30191056719e-07, 3.48802615235e-07, 3.28859044885e-07, 2.21496279096e-07, 1.36973298481e-07, 8.37192573044e-08, 4.80367319255e-08], "min": [9.04134388288e-25, 8.76499506094e-25, 1.80831236114e-24, 1.90358723418e-24, 2.08598213066e-24, 2.1096438163e-24, 2.29567102282e-24, 1.70486035317e-24, 6.94720414159e-25, 2.47066186805e-24, 2.73552152255e-24, 2.24941655807e-24, 2.42190316436e-24, 3.28501954659e-24, 3.01710995862e-24, 2.38059406863e-24, 2.43260642913e-24, 3.33549993921e-24, 3.08084597546e-24, 3.70281211491e-24, 5.52700996532e-24, 3.80828202908e-24, 3.37409298685e-24, 5.00306077941e-24, 4.91741415093e-24, 4.33736551618e-24, 4.2851602792e-24, 4.49758632148e-24, 5.38867452812e-24, 4.88771432671e-24, 3.69017061891e-24, 5.49349481533e-24, 6.47113526276e-24, 5.84251330664e-24, 6.041806787e-24, 6.99676708898e-24, 5.29699666358e-24, 6.59486217929e-24, 5.4141255475e-24, 6.08620111773e-24], "var": [5.45940965822e-05, 4.96192478749e-05, 7.938854651e-06, 2.33699165619e-06, 1.09743939447e-06, 2.64692516794e-07, 1.00297675942e-07, 1.09692216199e-07, 6.66785879844e-08, 7.66952936715e-08, 1.69693493035e-07, 9.97446321094e-08, 8.97672602918e-09, 8.46203906946e-09, 1.28275852163e-08, 1.86834174798e-08, 3.57661011918e-09, 1.99421812397e-08, 6.02957817009e-09, 2.60688537423e-09, 1.19904974838e-09, 5.5844912028e-10, 3.54046209017e-10, 8.15220613237e-10, 1.87638335425e-10, 1.64150693038e-10, 4.07327574448e-11, 6.98750945993e-10, 7.50184747655e-10, 9.28566445957e-10, 6.19964635185e-10, 1.11189779606e-10, 7.78967168547e-11, 3.43636265276e-11, 4.16965489913e-11, 2.0103792242e-10, 3.72985878294e-11, 2.72527347911e-11, 1.17771903341e-11, 8.43521086313e-12]}, "mfcc": {"mean": [-698.243347168, 97.0209960938, -6.85154151917, 24.9175662994, -14.580332756, 8.84716796875, -2.43834638596, -8.34976577759, 0.722808361053, 0.809880018234, -1.02842462063, 4.35108804703, -9.74347782135], "cov": [[17398.9648438, -563.262451172, -468.13571167, 1082.06323242, -118.073013306, 628.33795166, -169.294799805, 121.2240448, 283.455444336, 175.50982666, -58.1244354248, 215.035507202, -157.333328247], [-563.262451172, 3963.3918457, 1943.7755127, 681.979492188, 1038.47705078, 679.735046387, 952.945800781, 586.490478516, 229.233947754, 123.919158936, 162.216949463, 58.9872207642, 302.163787842], [-468.13571167, 1943.7755127, 2547.47753906, 701.743164062, 1182.90771484, 642.667236328, 878.486694336, 718.229553223, 319.788757324, 244.368591309, 236.396484375, 153.000457764, 408.873565674], [1082.06323242, 681.979492188, 701.743164062, 965.202758789, 530.272888184, 455.863616943, 299.043670654, 380.156463623, 298.336120605, 262.200042725, 221.437973022, 162.834777832, 143.876876831], [-118.073013306, 1038.47705078, 1182.90771484, 530.272888184, 1074.41577148, 566.647277832, 649.504699707, 532.640441895, 321.375946045, 225.735580444, 213.734924316, 171.576705933, 267.126373291], [628.33795166, 679.735046387, 642.667236328, 455.863616943, 566.647277832, 604.171081543, 455.194274902, 414.574920654, 274.3984375, 217.89553833, 203.478607178, 152.152694702, 159.612792969], [-169.294799805, 952.945800781, 878.486694336, 299.043670654, 649.504699707, 455.194274902, 645.465759277, 401.868408203, 249.007019043, 164.383865356, 172.792694092, 143.432434082, 205.004333496], [121.2240448, 586.490478516, 718.229553223, 380.156463623, 532.640441895, 414.574920654, 401.868408203, 569.088500977, 318.043945312, 228.318054199, 170.572906494, 127.76260376, 195.916870117], [283.455444336, 229.233947754, 319.788757324, 298.336120605, 321.375946045, 274.3984375, 249.007019043, 318.043945312, 348.114440918, 227.896026611, 145.166671753, 111.418739319, 82.6550064087], [175.50982666, 123.919158936, 244.368591309, 262.200042725, 225.735580444, 217.89553833, 164.383865356, 228.318054199, 227.896026611, 257.692169189, 159.512893677, 100.956726074, 70.9958953857], [-58.1244354248, 162.216949463, 236.396484375, 221.437973022, 213.734924316, 203.478607178, 172.792694092, 170.572906494, 145.166671753, 159.512893677, 239.830169678, 160.878707886, 99.5238037109], [215.035507202, 58.9872207642, 153.000457764, 162.834777832, 171.576705933, 152.152694702, 143.432434082, 127.76260376, 111.418739319, 100.956726074, 160.878707886, 208.794143677, 124.150810242], [-157.333328247, 302.163787842, 408.873565674, 143.876876831, 267.126373291, 159.612792969, 205.004333496, 195.916870117, 82.6550064087, 70.9958953857, 99.5238037109, 124.150810242, 223.034545898]], "icov": [[7.67468591221e-05, 1.29070167532e-05, -2.83670328827e-06, -9.92577406578e-05, 6.2830382376e-05, -0.000186148055946, 5.89222145209e-05, 1.87254554476e-05, -2.20482907025e-05, 6.47615888738e-06, 0.000274407269899, -0.000239428132772, 0.000110177243187], [1.29070167532e-05, 0.00050582800759, -0.000202387658646, -0.000234621897107, 0.000105410006654, -8.94835684448e-05, -0.000616967561655, 2.52115059993e-05, 0.000147715007188, 0.000283295608824, -5.018898446e-05, 0.000391942478018, -1.17701929412e-05], [-2.83670328827e-06, -0.000202387658646, 0.00119953625835, -0.000309565511998, -0.000596928235609, 0.000488141173264, -0.00064345652936, -0.000504001800437, 0.000541549408808, -0.000190276827198, -0.000172477899469, 0.00071133102756, -0.000786494580097], [-9.92577406578e-05, -0.000234621897107, -0.000309565511998, 0.00232447148301, -0.000537547923159, -0.000898798985872, 0.00135818251874, 7.46115765651e-05, -0.000581015599892, -0.000647734093945, -0.00054365635151, -0.000342864106642, 0.000143920042319], [6.2830382376e-05, 0.000105410006654, -0.000596928235609, -0.000537547923159, 0.00344964163378, -0.0008777398034, -0.00158385490067, -0.000280284468317, -0.000440606439952, 0.000352834002115, 0.000316857360303, -3.95267961721e-05, -0.000527263851836], [-0.000186148055946, -8.94835684448e-05, 0.000488141173264, -0.000898798985872, -0.0008777398034, 0.00626464281231, -0.00254613813013, -0.00173550087493, 0.000625874497928, -0.00065639562672, -0.00149706983939, 0.000323992513586, 0.000572347315028], [5.89222145209e-05, -0.000616967561655, -0.00064345652936, 0.00135818251874, -0.00158385490067, -0.00254613813013, 0.00700292736292, 6.82772806613e-05, -0.00173038349021, 0.000709840736818, -0.000128160478198, -0.00122894381639, -0.000440227653598], [1.87254554476e-05, 2.52115059993e-05, -0.000504001800437, 7.46115765651e-05, -0.000280284468317, -0.00173550087493, 6.82772806613e-05, 0.00662075635046, -0.00365034770221, -0.000426348036854, 5.77133941988e-05, 0.00145049800631, -0.0027906219475], [-2.20482907025e-05, 0.000147715007188, 0.000541549408808, -0.000581015599892, -0.000440606439952, 0.000625874497928, -0.00173038349021, -0.00365034770221, 0.0106642115861, -0.00602161092684, 0.001487768488, -0.00203140242957, 0.00247476599179], [6.47615888738e-06, 0.000283295608824, -0.000190276827198, -0.000647734093945, 0.000352834002115, -0.00065639562672, 0.000709840736818, -0.000426348036854, -0.00602161092684, 0.0127139054239, -0.0052911597304, 0.00186057318933, -0.000333480245899], [0.000274407269899, -5.018898446e-05, -0.000172477899469, -0.00054365635151, 0.000316857360303, -0.00149706983939, -0.000128160478198, 5.77133941988e-05, 0.001487768488, -0.0052911597304, 0.0136846471578, -0.00846102181822, 0.00142368313391], [-0.000239428132772, 0.000391942478018, 0.00071133102756, -0.000342864106642, -3.95267961721e-05, 0.000323992513586, -0.00122894381639, 0.00145049800631, -0.00203140242957, 0.00186057318933, -0.00846102181822, 0.0150122744963, -0.00653220992535], [0.000110177243187, -1.17701929412e-05, -0.000786494580097, 0.000143920042319, -0.000527263851836, 0.000572347315028, -0.000440227653598, -0.0027906219475, 0.00247476599179, -0.000333480245899, 0.00142368313391, -0.00653220992535, 0.0111939813942]]}, "spectral_contrast_coeffs": {"dmean": [0.0698671638966, 0.0516585111618, 0.0421410724521, 0.0377388224006, 0.0323841720819, 0.0278538651764], "dmean2": [0.107630491257, 0.084020934999, 0.065085336566, 0.0587834566832, 0.0519980303943, 0.0414979569614], "dvar": [0.00435010297224, 0.00238790968433, 0.001522669103, 0.00121781683993, 0.00109042844269, 0.00112399447244], "dvar2": [0.00938215665519, 0.00574498670176, 0.0033044621814, 0.00255862553604, 0.00245297863148, 0.00218639080413], "max": [-0.227855160832, -0.344106256962, -0.350411176682, -0.436250209808, -0.445546746254, -0.464064389467], "mean": [-0.618677914143, -0.707754194736, -0.72815746069, -0.720116019249, -0.731577336788, -0.68663418293], "median": [-0.645190000534, -0.724649250507, -0.74464648962, -0.717374920845, -0.727922379971, -0.665999472141], "min": [-0.994702637196, -0.985496520996, -0.982315003872, -0.975295305252, -0.967416286469, -0.965630173683], "var": [0.0202120766044, 0.0133599042892, 0.0121131185442, 0.00828945916146, 0.0084063494578, 0.00958829931915]}, "spectral_contrast_valleys": {"dmean": [0.854754984379, 0.569511294365, 0.476193606853, 0.423742890358, 0.419612705708, 0.517349421978], "dmean2": [1.18416011333, 0.908282935619, 0.714378118515, 0.638173282146, 0.638585269451, 0.693901896477], "dvar": [0.962163150311, 0.691312074661, 0.483846604824, 0.40974265337, 0.464723944664, 0.634971559048], "dvar2": [1.3308429718, 1.37620794773, 0.851418435574, 0.754842340946, 0.899759113789, 1.17919635773], "max": [-4.99090576172, -4.59610128403, -5.81628799438, -6.32029867172, -6.15193462372, -7