{"lowlevel": {"average_loudness": 0.329446911812, "barkbands_crest": {"dmean": 1.61216306686, "dmean2": 2.53215646744, "dvar": 3.39550948143, "dvar2": 7.80225086212, "max": 25.9855003357, "mean": 12.5700321198, "median": 11.9134073257, "min": 3.95942926407, "var": 18.7765541077}, "barkbands_flatness_db": {"dmean": 0.0221681352705, "dmean2": 0.0379430912435, "dvar": 0.000408006017096, "dvar2": 0.00111816800199, "max": 0.55027371645, "mean": 0.388095915318, "median": 0.393502831459, "min": 0.0468888804317, "var": 0.00417482387275}, "barkbands_kurtosis": {"dmean": 1.4559315443, "dmean2": 2.28645682335, "dvar": 6.18323135376, "dvar2": 13.7519083023, "max": 63.493270874, "mean": 3.78856110573, "median": 1.82868862152, "min": -1.71781814098, "var": 37.4858703613}, "barkbands_skewness": {"dmean": 0.332758337259, "dmean2": 0.519439995289, "dvar": 0.161966264248, "dvar2": 0.351925730705, "max": 4.49183511734, "mean": 0.642091810703, "median": 0.690272331238, "min": -5.72862195969, "var": 1.49328041077}, "barkbands_spread": {"dmean": 0.917665362358, "dmean2": 1.45277130604, "dvar": 2.26269173622, "dvar2": 5.45311784744, "max": 52.1939888, "mean": 5.12234115601, "median": 4.04734992981, "min": 0.451552331448, "var": 22.441286087}, "dissonance": {"dmean": 0.0393189825118, "dmean2": 0.0669885203242, "dvar": 0.0016393114347, "dvar2": 0.00425273738801, "max": 0.5, "mean": 0.354362666607, "median": 0.353822469711, "min": 0.0683399513364, "var": 0.00548340938985}, "dynamic_complexity": 5.01657438278, "erbbands_crest": {"dmean": 1.89381420612, "dmean2": 2.92087721825, "dvar": 5.53381872177, "dvar2": 12.4017448425, "max": 33.3480606079, "mean": 14.5718870163, "median": 13.5336380005, "min": 2.05526256561, "var": 31.9973258972}, "erbbands_flatness_db": {"dmean": 0.0147325061262, "dmean2": 0.0240787453949, "dvar": 0.000207528108149, "dvar2": 0.000478780013509, "max": 0.547377467155, "mean": 0.402367591858, "median": 0.409540235996, "min": 0.0927799642086, "var": 0.00388726452366}, "erbbands_kurtosis": {"dmean": 0.925378501415, "dmean2": 1.33282506466, "dvar": 2.97325778008, "dvar2": 5.11917638779, "max": 52.2025909424, "mean": 2.11594295502, "median": 0.837821125984, "min": -1.50148320198, "var": 21.3256435394}, "erbbands_skewness": {"dmean": 0.245340794325, "dmean2": 0.378435820341, "dvar": 0.09706582129, "dvar2": 0.200005322695, "max": 4.78462171555, "mean": 0.615430295467, "median": 0.597101032734, "min": -4.45261621475, "var": 0.803818821907}, "erbbands_spread": {"dmean": 1.30389475822, "dmean2": 2.00147771835, "dvar": 2.91254806519, "dvar2": 6.37355089188, "max": 54.625202179, "mean": 9.88601970673, "median": 8.5650177002, "min": 0.660625100136, "var": 48.5099563599}, "hfc": {"dmean": 2.04238510132, "dmean2": 2.58301496506, "dvar": 45.5454444885, "dvar2": 83.6657104492, "max": 277.783691406, "mean": 8.2321472168, "median": 4.15785598755, "min": 1.23667551453e-16, "var": 170.444564819}, "melbands_crest": {"dmean": 2.01460123062, "dmean2": 3.20420670509, "dvar": 5.64698123932, "dvar2": 13.9636068344, "max": 31.8690242767, "mean": 14.8883876801, "median": 13.9764118195, "min": 1.74723553658, "var": 31.5039367676}, "melbands_flatness_db": {"dmean": 0.0269786007702, "dmean2": 0.0465160161257, "dvar": 0.000610455812421, "dvar2": 0.00165371713229, "max": 0.726642429829, "mean": 0.503318667412, "median": 0.515827298164, "min": 0.00719942431897, "var": 0.0100217312574}, "melbands_kurtosis": {"dmean": 1.39804077148, "dmean2": 2.21393060684, "dvar": 5.21282815933, "dvar2": 12.1673021317, "max": 48.1536140442, "mean": 3.44361662865, "median": 1.92884922028, "min": -1.69637095928, "var": 23.8699607849}, "melbands_skewness": {"dmean": 0.30754172802, "dmean2": 0.473294973373, "dvar": 0.13780221343, "dvar2": 0.299207240343, "max": 5.26368045807, "mean": 0.962213873863, "median": 0.95359402895, "min": -3.86719155312, "var": 0.895631968975}, "melbands_spread": {"dmean": 1.55931687355, "dmean2": 2.46873784065, "dvar": 9.02288150787, "dvar2": 20.6738166809, "max": 122.787414551, "mean": 9.70095157623, "median": 6.25493764877, "min": 0.768295645714, "var": 217.933105469}, "pitch_salience": {"dmean": 0.0446586199105, "dmean2": 0.0717229768634, "dvar": 0.00265255593695, "dvar2": 0.00623485166579, "max": 0.870251715183, "mean": 0.539991676807, "median": 0.547188043594, "min": 0.11658462882, "var": 0.0163438767195}, "silence_rate_20dB": {"dmean": 0, "dmean2": 0, "dvar": 0, "dvar2": 0, "max": 1, "mean": 1, "median": 1, "min": 1, "var": 0}, "silence_rate_30dB": {"dmean": 0.00803892500699, "dmean2": 0.0160812530667, "dvar": 0.00797448772937, "dvar2": 0.0183624532074, "max": 1, "mean": 0.991116762161, "median": 1, "min": 0, "var": 0.00880477949977}, "silence_rate_60dB": {"dmean": 0.0342712067068, "dmean2": 0.0685569196939, "dvar": 0.033097051084, "dvar2": 0.0731666535139, "max": 1, "mean": 0.159052446485, "median": 0, "min": 0, "var": 0.133755356073}, "spectral_centroid": {"dmean": 38.4009437561, "dmean2": 59.6214752197, "dvar": 18617.0605469, "dvar2": 28258.6269531, "max": 11014.3837891, "mean": 564.467834473, "median": 441.802185059, "min": 228.642303467, "var": 292818.9375}, "spectral_complexity": {"dmean": 1.06071507931, "dmean2": 1.74185359478, "dvar": 1.6614357233, "dvar2": 3.43532848358, "max": 24, "mean": 8.35173416138, "median": 8, "min": 0, "var": 15.5829219818}, "spectral_decrease": {"dmean": 1.06755781992e-09, "dmean2": 1.44170531069e-09, "dvar": 6.21535529979e-18, "dvar2": 1.18616310177e-17, "max": 2.46734265379e-16, "mean": -4.60809435054e-09, "median": -2.77206968491e-09, "min": -7.92273553429e-08, "var": 3.18502883926e-17}, "spectral_energy": {"dmean": 0.00420895777643, "dmean2": 0.00566355697811, "dvar": 9.93895882857e-05, "dvar2": 0.000189073500223, "max": 0.32421836257, "mean": 0.0181386936456, "median": 0.0108649488539, "min": 1.10998082007e-20, "var": 0.000501321163028}, "spectral_energyband_high": {"dmean": 3.02339628888e-07, "dmean2": 4.53705581549e-07, "dvar": 4.36114599295e-12, "dvar2": 1.02422896553e-11, "max": 5.0941373047e-05, "mean": 3.93207187699e-07, "median": 2.53057788058e-08, "min": 7.78070317974e-21, "var": 4.74445786477e-12}, "spectral_energyband_low": {"dmean": 0.00100979872514, "dmean2": 0.00164948333986, "dvar": 5.69125404581e-06, "dvar2": 1.40498259498e-05, "max": 0.0574910081923, "mean": 0.00211556954309, "median": 0.000712486566044, "min": 3.66525097623e-23, "var": 1.52997927216e-05}, "spectral_energyband_middle_high": {"dmean": 0.000927428714931, "dmean2": 0.00117108749691, "dvar": 4.64088225272e-05, "dvar2": 8.5249368567e-05, "max": 0.30566161871, "mean": 0.00265130097978, "median": 0.000522444373928, "min": 1.9270167975e-21, "var": 0.000127393956063}, "spectral_energyband_middle_low": {"dmean": 0.00306777562946, "dmean2": 0.00417483411729, "dvar": 3.56584278052e-05, "dvar2": 6.77676507621e-05, "max": 0.150963768363, "mean": 0.013907013461, "median": 0.00850435439497, "min": 2.90483349224e-22, "var": 0.000266734044999}, "spectral_entropy": {"dmean": 0.138712391257, "dmean2": 0.223817363381, "dvar": 0.0387320108712, "dvar2": 0.0922367200255, "max": 9.79376888275, "mean": 5.53739833832, "median": 5.45340633392, "min": 4.12784099579, "var": 0.433765739202}, "spectral_flux": {"dmean": 0.0147683946416, "dmean2": 0.0230531524867, "dvar": 0.000665684579872, "dvar2": 0.00155594258104, "max": 0.513282060623, "mean": 0.0325477160513, "median": 0.0227398872375, "min": 1.05355627e-10, "var": 0.00106815225445}, "spectral_kurtosis": {"dmean": 42.8474617004, "dmean2": 74.8515090942, "dvar": 1898.99536133, "dvar2": 5267.94189453, "max": 523.299194336, "mean": 144.443389893, "median": 136.380249023, "min": -1.21118712425, "var": 7487.59375}, "spectral_rms": {"dmean": 0.000418493960751, "dmean2": 0.000558469211683, "dvar": 4.44812883416e-07, "dvar2": 8.09361665688e-07, "max": 0.0177851226181, "mean": 0.00361165148206, "median": 0.00325575657189, "min": 3.29075698982e-12, "var": 4.65226685264e-06}, "spectral_rolloff": {"dmean": 66.494354248, "dmean2": 123.521263123, "dvar": 104917.539062, "dvar2": 232305.125, "max": 19853.6132812, "mean": 1034.38476562, "median": 602.9296875, "min": 150.732421875, "var": 7314842}, "spectral_skewness": {"dmean": 1.9123210907, "dmean2": 3.39958620071, "dvar": 3.28166556358, "dvar2": 8.96717834473, "max": 18.495092392, "mean": 8.32604885101, "median": 8.39677715302, "min": 0.00498369382694, "var": 11.4650011063}, "spectral_spread": {"dmean": 312622.90625, "dmean2": 547550.125, "dvar": 309526691840, "dvar2": 442370621440, "max": 40640304, "mean": 1090288.875, "median": 751335.875, "min": 163476.84375, "var": 3759015198720.0}, "spectral_strongpeak": {"dmean": 0.318603217602, "dmean2": 0.493705034256, "dvar": 0.424300253391, "dvar2": 0.85370361805, "max": 15.1306333542, "mean": 1.21728479862, "median": 0.830130934715, "min": 0, "var": 1.75450766087}, "zerocrossingrate": {"dmean": 0.00216870428994, "dmean2": 0.00273204012774, "dvar": 4.38717979705e-05, "dvar2": 3.54742987838e-05, "max": 0.7158203125, "mean": 0.0371565707028, "median": 0.02099609375, "min": 0.005859375, "var": 0.00904435198754}, "barkbands": {"dmean": [4.87681336381e-06, 0.000533950107638, 0.000520969042554, 0.000239328845055, 0.00105412793346, 0.00105004711077, 0.000479317939607, 0.000654121220578, 0.00053597742226, 0.000821122957859, 0.000132997753099, 5.90199342696e-05, 5.69179355807e-05, 3.61572165275e-05, 2.71961962426e-05, 6.2181238718e-06, 1.34012207127e-05, 1.9108701963e-06, 1.69149006979e-06, 5.72093483697e-07, 8.3756908964e-08, 6.37861496955e-09, 1.35412414615e-09, 7.48137662931e-10, 6.90367596423e-10, 6.79589995389e-10, 7.64102225936e-10], "dmean2": [7.89112709754e-06, 0.000884422333911, 0.000872868055012, 0.00039431991172, 0.00159971206449, 0.00157191522885, 0.00076697737677, 0.000893434218597, 0.000615295721218, 0.00100087141618, 0.000180071467184, 8.23188747745e-05, 7.4412630056e-05, 5.02791990584e-05, 3.68979235645e-05, 9.79641663434e-06, 2.16483858821e-05, 2.80172753264e-06, 2.21746222451e-06, 7.609234558e-07, 1.23155587062e-07, 9.28227894548e-09, 2.20675477891e-09, 1.37701061664e-09, 1.27567356678e-09, 1.25512611415e-09, 1.40061851006e-09], "dvar": [2.63277177837e-10, 2.15555974137e-06, 1.54917472628e-06, 5.01112481288e-07, 5.94273979004e-06, 5.58027477382e-06, 1.32644379391e-06, 8.19682736619e-06, 3.63502817891e-06, 4.52878775832e-05, 4.3858935328e-07, 6.56701644175e-08, 5.95819749094e-08, 2.50721292616e-08, 5.06181336846e-08, 2.2098480823e-09, 8.22465224815e-08, 1.02992891993e-10, 6.00784144655e-11, 1.36881799298e-11, 7.98545474537e-13, 3.33202729121e-15, 3.35146187985e-17, 2.29943864619e-18, 1.53471864849e-18, 1.46385822131e-18, 1.64057791456e-18], "dvar2": [6.53142595564e-10, 5.16490490554e-06, 4.06199342251e-06, 1.2050014675e-06, 1.28197807499e-05, 1.29036452563e-05, 3.60663671017e-06, 1.52026477735e-05, 5.20433832207e-06, 8.17303662188e-05, 7.21224353128e-07, 1.35676472723e-07, 1.11694184568e-07, 5.28608197214e-08, 8.14934324467e-08, 5.99754601538e-09, 1.70162707036e-07, 2.25016824618e-10, 1.18804646676e-10, 2.77745534905e-11, 1.81659591883e-12, 7.50624334824e-15, 6.89096705922e-17, 7.05668442313e-18, 4.97511501733e-18, 4.75003503675e-18, 5.32182363518e-18], "max": [0.000355080119334, 0.0491638705134, 0.0287023186684, 0.0210432764143, 0.0682598799467, 0.0959091857076, 0.0265767294914, 0.105367615819, 0.0548635832965, 0.299205869436, 0.0410905666649, 0.00998127087951, 0.00969028659165, 0.00601076567546, 0.0162207260728, 0.00205682474189, 0.0165147669613, 0.000328744819853, 0.000231962141697, 0.000146997525007, 4.70751583634e-05, 2.83984422822e-06, 1.96504487349e-07, 4.23523189852e-08, 1.51897179279e-08, 1.51332830711e-08, 1.6679233994e-08], "mean": [4.64630420538e-06, 0.000994417001493, 0.000918462290429, 0.000504818337504, 0.00383312720805, 0.00381823722273, 0.00150717480574, 0.00185631355271, 0.00170750566758, 0.00206741364673, 0.000404298480134, 0.000185258555575, 0.000159851828357, 7.90033082012e-05, 5.72184289922e-05, 1.10266264528e-05, 2.17314027395e-05, 3.9277229007e-06, 3.18626985063e-06, 9.46100897181e-07, 1.15032001702e-07, 8.38600211495e-09, 1.49867729338e-09, 6.55302090369e-10, 6.32751073759e-10, 8.32898805481e-10, 1.74041681067e-09], "median": [6.89941884957e-07, 0.000181469658855, 0.000309314928018, 9.4358692877e-05, 0.00161112239584, 0.00190726923756, 0.000577730650548, 0.000315338576911, 0.000242030015215, 0.000156838272233, 8.09334815131e-05, 3.72212816728e-05, 1.89446091099e-05, 1.19593769341e-05, 7.23351831766e-06, 1.40111023939e-06, 1.5699395135e-06, 4.32840977282e-07, 2.65751964434e-07, 5.16689624419e-08, 4.53702764247e-09, 7.29733495852e-10, 2.8493898907e-10, 2.05920780427e-10, 2.28525809387e-10, 4.3678838324e-10, 1.35288769076e-09], "min": [6.17547768967e-24, 1.25332390464e-23, 1.82570402253e-23, 7.69511567166e-24, 1.13738634269e-22, 2.68501115322e-23, 2.02540542286e-23, 9.85669158185e-24, 8.47643096455e-23, 4.09305750265e-23, 7.02256284058e-23, 7.99264276621e-23, 2.18502530548e-22, 1.21335377408e-22, 2.40371875298e-22, 1.40599133521e-22, 1.32851004819e-22, 1.6070516589e-22, 4.55518578933e-22, 4.45206740642e-22, 3.01018946334e-22, 5.04902230855e-22, 5.17961274094e-22, 1.07698097863e-21, 1.48874526755e-21, 1.32710284655e-21, 2.56899781013e-21], "var": [2.54362697572e-10, 6.38707888356e-06, 2.80235303762e-06, 1.59034823355e-06, 4.38214701717e-05, 3.17566482408e-05, 5.89888077229e-06, 3.1308081816e-05, 2.12979430216e-05, 0.000127452251036, 1.75284833404e-06, 2.70205873676e-07, 2.01887559115e-07, 5.72985179303e-08, 1.13940316737e-07, 2.14311923763e-09, 1.07279859662e-07, 2.08715447703e-10, 1.33533323288e-10, 3.07010528111e-11, 1.0093821395e-12, 3.69655046116e-15, 4.81133408322e-17, 2.06894869761e-18, 1.37660338459e-18, 1.32881230092e-18, 1.5402519698e-18]}, "erbbands": {"dmean": [0.00557620031759, 0.155174300075, 0.613271951675, 0.584979951382, 1.75782263279, 4.30832576752, 8.19940090179, 7.39731454849, 6.26312255859, 7.68680810928, 16.2183856964, 13.4925928116, 19.2157058716, 18.8704891205, 3.50358819962, 2.5047917366, 2.49934029579, 2.18506598473, 1.3742442131, 0.887678980827, 0.408554852009, 0.73507142067, 0.178306668997, 0.0851049423218, 0.0677275806665, 0.0289669055492, 0.00750824250281, 0.00166118948255, 0.000343573774444, 9.37536533456e-05, 3.0866562156e-05, 1.83906595339e-05, 1.22343653857e-05, 8.63423792907e-06, 5.84344888921e-06, 3.67362872566e-06, 1.94495464712e-06, 5.74052876345e-07, 2.01594070859e-06, 4.73473937745e-06], "dmean2": [0.00867059268057, 0.258027553558, 1.02879583836, 0.953159272671, 2.83965229988, 6.51327991486, 12.4739179611, 11.0049295425, 9.68989849091, 12.2367944717, 20.5565662384, 15.3199186325, 22.3085670471, 24.253036499, 4.89237594604, 3.46665811539, 3.25466299057, 2.93109583855, 1.97944998741, 1.18437099457, 0.633676171303, 1.2252202034, 0.25751388073, 0.111261963844, 0.0902642384171, 0.0409989729524, 0.0107096266001, 0.00256294291466, 0.000507172604557, 0.000136280083098, 5.19160821568e-05, 3.27608249791e-05, 2.17981669266e-05, 1.50684827531e-05, 9.83753852779e-06, 5.94571201873e-06, 3.05403727907e-06, 9.50684750478e-07, 2.6912582598e-06, 6.34453317616e-06], "dvar": [0.000265640759608, 0.172049447894, 2.02938532829, 2.37764954567, 21.7234859467, 132.780075073, 442.184326172, 290.452270508, 222.844055176, 835.83795166, 4841.71923828, 2121.58398438, 10753.0810547, 43380.5273438, 191.147689819, 112.641517639, 105.937652588, 68.0373153687, 37.3888282776, 64.6993637085, 16.7411346436, 349.0831604, 3.64309716225, 0.229478448629, 0.15636959672, 0.0468439124525, 0.00322925834917, 0.000456378853414, 1.01372716017e-05, 4.1567216158e-07, 8.92394336205e-09, 2.1272750228e-09, 4.93094842735e-10, 2.48145143322e-10, 1.18270754301e-10, 5.12121074714e-11, 1.55635556526e-11, 1.3871187185e-12, 2.43495900526e-11, 1.29957308803e-10], "dvar2": [0.000538177904673, 0.419265300035, 5.33905792236, 5.97971200943, 50.7827262878, 281.002197266, 1008.85620117, 708.170837402, 551.444152832, 2044.37731934, 7488.60498047, 3019.33300781, 17903.6660156, 79227.1015625, 377.249664307, 236.353103638, 198.611999512, 140.689605713, 70.7964859009, 104.794235229, 44.3868522644, 700.477478027, 8.14529418945, 0.504768490791, 0.315494447947, 0.107998721302, 0.00705878110602, 0.00119595194701, 2.39672153839e-05, 8.96615460988e-07, 1.97421883286e-08, 5.81024650614e-09, 1.47150613916e-09, 7.07139791167e-10, 3.09889530703e-10, 1.19959778222e-10, 3.36927499789e-11, 3.28402192593e-12, 4.57676431476e-11, 2.46327513942e-10], "max": [0.533143162727, 13.4579906464, 29.4963150024, 46.3923721313, 115.498329163, 408.18371582, 762.112915039, 431.377075195, 509.587799072, 873.886169434, 2622.75537109, 1515.94616699, 4405.20898438, 11122.6884766, 556.638122559, 414.942626953, 389.116882324, 308.284881592, 315.94140625, 586.098937988, 219.357177734, 1054.97473145, 107.46206665, 17.8730869293, 16.0258769989, 6.11073064804, 3.06670999527, 1.11378109455, 0.136929422617, 0.0294078569859, 0.0027972178068, 0.00171654822771, 0.000392623565858, 0.000343687832355, 0.000288166920654, 0.000219477617065, 0.000129902880872, 4.03612066293e-05, 0.000169158374774, 0.000379856850486], "mean": [0.0122712394223, 0.28591376543, 1.06428074837, 1.34781062603, 4.9653711319, 16.0241565704, 28.1249904633, 27.9528141022, 21.9819297791, 24.3133716583, 47.9419364929, 44.280456543, 53.413936615, 48.3236579895, 11.3710107803, 7.56598424911, 7.3596997261, 5.51570892334, 3.09780192375, 1.99665510654, 0.735761940479, 1.21540117264, 0.341267168522, 0.17093141377, 0.122007213533, 0.0446973033249, 0.0111462874338, 0.00259424722753, 0.000491464394145, 0.000135919923196, 4.37546295871e-05, 2.73428649962e-05, 2.15125946852e-05, 1.83026731975e-05, 1.5202657778e-05, 1.16404289656e-05, 7.04256899553e-06, 1.80493384505e-06, 8.87089936441e-06, 2.03871695703e-05], "median": [0.00213692616671, 0.0618101730943, 0.374915778637, 0.447879612446, 1.64180088043, 5.48170566559, 10.8823451996, 12.9927577972, 9.94334793091, 7.36034297943, 9.59367656708, 6.9492020607, 5.22388219833, 6.62253379822, 2.89342784882, 1.9093644619, 1.14373087883, 1.14502859116, 0.644055247307, 0.299811303616, 0.127796605229, 0.0786231905222, 0.0440521202981, 0.016489688307, 0.00916529167444, 0.00305593106896, 0.000693940906785, 0.000130299362354, 4.29904466728e-05, 2.19224057219e-05, 1.50087043949e-05, 1.27061612147e-05, 1.1499338143e-05, 1.03097399915e-05, 8.85104236659e-06, 6.98733310855e-06, 4.32241722592e-06, 1.12450641154e-06, 5.32027479494e-06, 1.21629364003e-05], "min": [1.15732344523e-22, 3.80294953762e-21, 2.03259327605e-20, 2.68200275832e-20, 1.5883383828e-19, 4.87343487451e-19, 2.61518863375e-19, 2.38271727741e-19, 1.83269283487e-19, 3.84417558927e-19, 7.41928380094e-19, 1.77878139015e-18, 1.84266310129e-18, 1.08297163793e-18, 3.26221339309e-18, 4.00002913458e-18, 9.15785470074e-18, 5.1482153818e-18, 1.14785247985e-17, 1.02370218248e-17, 7.82084628072e-18, 8.61115118157e-18, 9.42231675028e-18, 2.09115709085e-17, 2.09183173936e-17, 1.96315056019e-17, 9.55646063022e-18, 1.5557361498e-17, 1.65359889545e-17, 1.92640157255e-17, 1.57007681464e-17, 2.07708790668e-17, 1.78331322321e-17, 1.32441848294e-17, 1.16797976939e-17, 5.11830494444e-18, 2.72035591154e-18, 1.08281860951e-18, 3.15635629837e-19, 4.42679825039e-20], "var": [0.00128275190946, 0.473961025476, 3.53683638573, 6.43779039383, 100.760406494, 918.56640625, 2351.57519531, 1784.8170166, 1247.63830566, 2432.50634766, 21961.953125, 13395.0605469, 41656.53125, 108422.65625, 743.555664062, 332.445709229, 363.590087891, 174.567977905, 88.1827774048, 145.278015137, 14.1705036163, 477.734832764, 4.45442342758, 0.459410756826, 0.301801860332, 0.0609485171735, 0.00432755798101, 0.000711279630195, 1.22659957924e-05, 6.32452838545e-07, 1.41066323067e-08, 2.6961457511e-09, 9.2949337116e-10, 5.9855809198e-10, 3.74748676535e-10, 2.03132885512e-10, 6.89301810075e-11, 4.49677534792e-12, 1.1987773274e-10, 6.44101438851e-10]}, "gfcc": {"mean": [-251.052078247, 256.481628418, -110.799171448, -62.1436843872, -14.3986768723, -36.6385002136, -22.3989372253, -8.09795188904, -17.0704231262, -9.89721107483, -0.724394023418, -11.4828395844, 2.05174589157], "cov": [[17435.6464844, 6079.71533203, -1867.47094727, 1.99025952816, 293.492645264, -911.345703125, 350.265594482, -298.845214844, -316.039031982, -220.418792725, -16.7732582092, -835.547729492, 268.747344971], [6079.71533203, 3480.71142578, 40.7035331726, -485.229431152, 71.8644943237, -299.58190918, -190.512130737, -239.327346802, -124.714035034, -196.51651001, 39.3890304565, -311.771118164, 98.0989608765], [-1867.47094727, 40.7035331726, 1105.78027344, -204.094268799, -80.8112487793, 274.451568604, -236.897903442, -91.0971984863, 45.4771080017, -88.7711868286, 7.05598258972, 50.5044937134, -8.97658157349], [1.99025952816, -485.229431152, -204.094268799, 484.541351318, 153.725280762, -18.198551178, 177.363067627, 75.5336151123, -0.7255885005, 52.9365463257, -58.4740066528, -19.8826503754, -37.9202537537], [293.492645264, 71.8644943237, -80.8112487793, 153.725280762, 206.223190308, 25.1765060425, 49.5134735107, 42.0214347839, -5.94790172577, 7.20596027374, -11.513999939, -15.6080760956, -10.5350847244], [-911.345703125, -299.58190918, 274.451568604, -18.198551178, 25.1765060425, 239.052810669, -7.5200138092, -17.9350719452, 39.3527755737, -11.7369441986, -17.74949646, 59.1694984436, -3.35641336441], [350.265594482, -190.512130737, -236.897903442, 177.363067627, 49.5134735107, -7.5200138092, 200.959350586, 91.7823181152, 6.36473369598, 44.3200874329, -24.897644043, -45.3717269897, -10.7138376236], [-298.845214844, -239.327346802, -91.0971984863, 75.5336151123, 42.0214347839, -17.9350719452, 91.7823181152, 158.373580933, 58.5782470703, 39.0887718201, 19.5668888092, 5.35851812363, -32.8727912903], [-316.039031982, -124.714035034, 45.4771080017, -0.7255885005, -5.94790172577, 39.3527755737, 6.36473369598, 58.5782470703, 90.0238113403, 43.8486976624, 16.4077110291, 26.3856544495, -16.1727409363], [-220.418792725, -196.51651001, -88.7711868286, 52.9365463257, 7.20596027374, -11.7369441986, 44.3200874329, 39.0887718201, 43.8486976624, 85.7067337036, 35.5631599426, 7.0715675354, -10.201587677], [-16.7732582092, 39.3890304565, 7.05598258972, -58.4740066528, -11.513999939, -17.74949646, -24.897644043, 19.5668888092, 16.4077110291, 35.5631599426, 77.8817749023, 30.0550289154, 5.89421463013], [-835.547729492, -311.771118164, 50.5044937134, -19.8826503754, -15.6080760956, 59.1694984436, -45.3717269897, 5.35851812363, 26.3856544495, 7.0715675354, 30.0550289154, 138.091903687, 27.5334415436], [268.747344971, 98.0989608765, -8.97658157349, -37.9202537537, -10.5350847244, -3.35641336441, -10.7138376236, -32.8727912903, -16.1727409363, -10.201587677, 5.89421463013, 27.5334415436, 81.8626556396]], "icov": [[0.000755037879571, -0.00113523320761, 0.00151751749218, -0.00157343572937, 0.000806893978734, -0.000788179400843, -0.000622008636128, 0.00131430441979, -0.00239580124617, 0.00352869112976, -0.0031949726399, 0.00274678878486, -0.00189025513828], [-0.00113523320761, 0.00319800944999, -0.00273427180946, 0.00403990969062, -0.00429534679279, 0.00463537778705, -0.00228585442528, 0.00312893721275, -0.00202433392406, 0.000955287425313, 0.000797907705419, -0.00170468899887, 0.00229569734074], [0.00151751749218, -0.00273427180946, 0.00585515936837, -0.00510238623247, 0.00445964979008, -0.00679759774357, 0.00439686188474, -0.000905199209228, -0.00319256517105, 0.00704952469096, -0.00709367403761, 0.00777434837073, -0.00477586593479], [-0.00157343572937, 0.00403990969062, -0.00510238623247, 0.0111827021465, -0.0093657784164, 0.00934086926281, -0.0085003208369, 0.00532252388075, -0.000704810197931, -0.00440947385505, 0.0077728102915, -0.00760197872296, 0.00645573996007], [0.000806893978734, -0.00429534679279, 0.00445964979008, -0.0093657784164, 0.0164041500539, -0.0136074405164, 0.0123175894842, -0.0146562568843, 0.0123366042972, -0.00820030365139, 0.00218760408461, 0.00284377066419, -0.00376985967159], [-0.000788179400843, 0.00463537778705, -0.00679759774357, 0.00934086926281, -0.0136074405164, 0.0227745380253, -0.0185778234154, 0.0192318540066, -0.0173764117062, 0.0118519905955, -0.00212043407373, -0.00653801625594, 0.00548396352679], [-0.000622008636128, -0.00228585442528, 0.00439686188474, -0.0085003208369, 0.0123175894842, -0.0185778234154, 0.0327625013888, -0.0285890642554, 0.0244492515922, -0.0238719079643, 0.0140876322985, 0.00406520394608, -0.00556939188391], [0.00131430441979, 0.00312893721275, -0.000905199209228, 0.00532252388075, -0.0146562568843, 0.0192318540066, -0.0285890642554, 0.0423988141119, -0.0397754572332, 0.036479730159, -0.0255699083209, 0.00586876831949, 0.00304361758754], [-0.00239580124617, -0.00202433392406, -0.00319256517105, -0.000704810197931, 0.0123366042972, -0.0173764117062, 0.0244492515922, -0.0397754572332, 0.0605250038207, -0.0546341873705, 0.03424391523, -0.01702561602, 0.00612681964412], [0.00352869112976, 0.000955287425313, 0.00704952469096, -0.00440947385505, -0.00820030365139, 0.0118519905955, -0.0238719079643, 0.036479730159, -0.0546341873705, 0.07725225389, -0.0515280179679, 0.0244689173996, -0.00872964505106], [-0.0031949726399, 0.000797907705419, -0.00709367403761, 0.0077728102915, 0.00218760408461, -0.00212043407373, 0.0140876322985, -0.0255699083209, 0.03424391523, -0.0515280179679, 0.054087150842, -0.0244720559567, 0.00880613178015], [0.00274678878486, -0.00170468899887, 0.00777434837073, -0.00760197872296, 0.00284377066419, -0.00653801625594, 0.00406520394608, 0.00586876831949, -0.01702561602, 0.0244689173996, -0.0244720559567, 0.0307315010577, -0.0155453486368], [-0.00189025513828, 0.00229569734074, -0.00477586593479, 0.00645573996007, -0.00376985967159, 0.00548396352679, -0.00556939188391, 0.00304361758754, 0.00612681964412, -0.00872964505106, 0.00880613178015, -0.0155453486368, 0.0230867676437]]}, "melbands": {"dmean": [9.87026724033e-05, 0.000281679822365, 0.000122081895825, 0.000221629743464, 0.000256447150605, 0.000171389561729, 9.94045622065e-05, 8.9970206318e-05, 0.000133314664708, 8.3722967247e-05, 9.90849148366e-05, 8.51106524351e-05, 1.25594151541e-05, 7.05816819391e-06, 4.61183390144e-06, 7.08538073013e-06, 3.98420252168e-06, 2.12981740333e-06, 2.27182704293e-06, 5.64599929476e-07, 4.71792361623e-07, 8.8251130137e-07, 2.84180060817e-07, 8.90862850156e-08, 7.51767004203e-08, 4.48285035759e-08, 3.69440407155e-08, 1.62945941184e-08, 5.88472470753e-09, 1.54200496816e-09, 7.00752511573e-10, 1.71777744806e-10, 1.01329437896e-10, 3.76754009934e-11, 1.74339483822e-11, 1.35890196665e-11, 9.92074738332e-12, 8.20746682423e-12, 7.20321892411e-12, 6.37496305744e-12], "dmean2": [0.000159488117788, 0.0004724082537, 0.00019766704645, 0.000340395286912, 0.000388650834793, 0.000253529695328, 0.000155027533765, 0.000141822209116, 0.000167912541656, 9.41402176977e-05, 0.000116486306069, 0.000110098029836, 1.73630669451e-05, 9.85012775345e-06, 6.55008943795e-06, 9.16162298381e-06, 5.44695512872e-06, 3.17079866363e-06, 2.95832001029e-06, 8.46279988309e-07, 7.67259962231e-07, 1.48672143041e-06, 4.176417292e-07, 1.26305863546e-07, 9.67413171793e-08, 6.27182714652e-08, 4.65891538681e-08, 2.4010272881e-08, 8.18790013568e-09, 2.34156827261e-09, 1.10836340106e-09, 2.59719662443e-10, 1.44406778202e-10, 5.76841699407e-11, 2.99062684339e-11, 2.40962527709e-11, 1.82266597648e-11, 1.51616202232e-11, 1.33125836743e-11, 1.17827414492e-11], "dvar": [7.96281582893e-08, 4.40792234713e-07, 1.01709211719e-07, 3.27337659201e-07, 3.64531416608e-07, 1.41737899639e-07, 5.587450147e-08, 1.3863990489e-07, 3.13652748218e-07, 9.25337388935e-08, 3.32067457975e-07, 8.88063652837e-07, 2.68240385459e-09, 6.60359322779e-10, 7.06903313663e-10, 1.04775532694e-09, 3.04785918726e-10, 7.36297273152e-11, 6.01111549425e-10, 6.81201319311e-12, 2.68116622654e-11, 4.57380078256e-10, 3.38006463096e-11, 2.03582891647e-13, 1.82516369097e-13, 8.48643394056e-14, 3.2709688365e-14, 2.00252225961e-14, 2.01608558644e-15, 1.74771338797e-16, 1.44849410244e-16, 2.34263194983e-18, 1.96243202975e-18, 4.06503985678e-20, 3.0750582655e-21, 2.17078809532e-21, 4.90405113119e-22, 2.16622290046e-22, 1.67091594452e-22, 1.30912413855e-22], "dvar2": [1.78789207439e-07, 1.14044257771e-06, 2.40817286112e-07, 7.1210678243e-07, 8.13104065855e-07, 3.37871540523e-07, 1.46020241232e-07, 3.39792222803e-07, 4.6996490255e-07, 1.33883730769e-07, 5.62725006148e-07, 1.62313199326e-06, 4.84783901911e-09, 1.30664867815e-09, 1.47576428855e-09, 1.94517313368e-09, 6.40146546882e-10, 1.68630442943e-10, 9.78768621707e-10, 1.58592861066e-11, 7.76111397371e-11, 9.13141506853e-10, 7.75838421285e-11, 3.91492827739e-13, 3.72484676566e-13, 1.7709533113e-13, 5.29653496626e-14, 4.73628196395e-14, 4.19819725384e-15, 4.48720468368e-16, 3.69854633548e-16, 4.94496262964e-18, 4.70564893867e-18, 8.00940827936e-20, 6.77743245533e-21, 5.257847144e-21, 1.45681450052e-21, 7.00914703026e-22, 5.41877113359e-22, 4.24275547145e-22], "max": [0.00972771923989, 0.0134754581377, 0.00850006379187, 0.0185487996787, 0.0204343926162, 0.0112047931179, 0.00715979328379, 0.0113369589671, 0.0195759441704, 0.0104925893247, 0.025372531265, 0.0492773018777, 0.00277085136622, 0.000976305629592, 0.00141512113623, 0.00134121871088, 0.000707294675522, 0.000207151999348, 0.00180733541492, 7.73273641244e-05, 0.000249749718932, 0.00119096972048, 0.000342204992194, 1.69882932823e-05, 1.29152667796e-05, 1.21492021208e-05, 8.94676668395e-06, 4.14992791775e-06, 2.38333632296e-06, 4.54979158349e-07, 6.58879173443e-07, 5.59303181547e-08, 7.91745407014e-08, 6.75113298598e-09, 2.0096670994e-09, 1.53079382503e-09, 6.24883367273e-10, 1.79545017742e-10, 1.5833713507e-10, 1.40231187773e-10], "mean": [0.000199413480004, 0.00051212485414, 0.000298253231449, 0.000768522208091, 0.000922438455746, 0.000642883591354, 0.000338836864103, 0.000274755700957, 0.00038532531471, 0.000272369099548, 0.000268637115369, 0.000211662016227, 3.92643742089e-05, 2.41405959969e-05, 1.22361643662e-05, 1.97162262339e-05, 9.0188714239e-06, 4.52961921837e-06, 4.72352212455e-06, 1.16323906241e-06, 7.62377453611e-07, 1.46035222315e-06, 4.50852866152e-07, 1.83652190344e-07, 1.434564183e-07, 7.81128477456e-08, 6.90071289e-08, 2.03426981926e-08, 8.56237747371e-09, 2.11370965175e-09, 1.09740505572e-09, 2.21139481726e-10, 1.30743527116e-10, 4.73121160305e-11, 1.86907139071e-11, 1.24046571626e-11, 8.6949033043e-12, 7.13586351467e-12, 6.31754631247e-12, 5.70195453353e-12], "median": [3.47826171492e-05, 0.00017004655092, 9.83143399935e-05, 0.000240862515057, 0.000431074236985, 0.000330414390191, 0.000143733792356, 7.5261144957e-05, 6.91156092216e-05, 3.5131117329e-05, 2.22191574721e-05, 2.42573914875e-05, 9.53627750278e-06, 5.48016851099e-06, 2.66349479716e-06, 1.77401193469e-06, 1.64431185112e-06, 8.16996532649e-07, 4.93166567139e-07, 1.76521609774e-07, 1.14815378538e-07, 8.09888192066e-08, 4.11247569332e-08, 2.00035863429e-08, 9.74141034504e-09, 4.99009455979e-09, 4.01581967679e-09, 1.06467523686e-09, 4.145174759e-10, 9.77714992301e-11, 3.98270652568e-11, 1.79137312623e-11, 1.03361486037e-11, 6.52286037683e-12, 4.39329475577e-12, 3.2180738109e-12, 2.64284796304e-12, 2.29457685491e-12, 2.10028869296e-12, 1.96656059492e-12], "min": [2.37743783615e-24, 8.9998813537e-24, 6.52662334441e-24, 2.51585823367e-23, 1.21442738222e-23, 5.0255910413e-24, 3.54525884277e-24, 3.34528536431e-24, 8.30416756645e-24, 1.1554427535e-23, 8.64943226314e-24, 3.47510228702e-24, 1.07918325425e-23, 6.86214639778e-24, 1.96097962605e-23, 1.8672386536e-23, 8.24603009545e-24, 1.74740736888e-23, 2.00224762213e-23, 8.14712034857e-24, 9.34236768228e-24, 9.60208356925e-24, 5.28430034175e-24, 9.79652989378e-24, 1.8149330735e-23, 1.60292039434e-23, 1.80567973508e-23, 1.15380941699e-23, 5.59549413594e-24, 6.65428391584e-24, 9.35827427358e-24, 9.158156828e-24, 1.04038447169e-23, 1.02171891826e-23, 8.76067269483e-24, 1.07526159003e-23, 1.21021234063e-23, 1.23022132417e-23, 1.25047864113e-23, 1.04633910934e-23], "var": [2.88490554112e-07, 8.6053449877e-07, 3.05743128592e-07, 2.39769792643e-06, 2.10868597605e-06, 8.54465440625e-07, 2.91778036399e-07, 3.75170543521e-07, 1.44264640767e-06, 5.90079594076e-07, 1.22802487112e-06, 2.23641154662e-06, 1.04363069298e-08, 4.0476377805e-09, 1.39622646778e-09, 3.58931306899e-09, 7.13259284968e-10, 1.53298734817e-10, 1.3075609484e-09, 1.32855185186e-11, 1.77787350814e-11, 6.36669716947e-10, 3.60389183773e-11, 5.12267474533e-13, 4.20492281402e-13, 1.40742113602e-13, 1.16468859839e-13, 1.94511121348e-14, 2.77745364482e-15, 1.96342872448e-16, 2.58553286669e-16, 2.69395913063e-18, 1.92804137539e-18, 6.89155769202e-20, 4.35389383084e-21, 2.28267739981e-21, 4.42061041031e-22, 1.95808744109e-22, 1.5011380578e-22, 1.17343362574e-22]}, "mfcc": {"mean": [-846.873596191, 244.746459961, 14.8489236832, -20.3170986176, 0.0186479352415, -10.8462371826, -8.38370609283, -5.97673273087, -7.64451313019, -3.46933293343, -4.5882267952, -5.26891899109, -2.22301435471], "cov": [[6351.39990234, 3880.26538086, -1260.26013184, 92.9758987427, 474.735046387, -323.319244385, 213.51133728, 108.687026978, -46.6545524597, 242.50869751, -32.2013435364, -197.585571289, -78.4460296631], [3880.26538086, 2984.75146484, -111.855682373, -126.973464966, 217.410629272, -49.7596435547, 26.758272171, -11.9489269257, -53.4697647095, 83.5140838623, -59.1250648499, -201.092178345, -89.1751403809], [-1260.26013184, -111.855682373, 1046.79516602, -96.7959518433, -169.806106567, 231.340286255, -119.996520996, -114.461547852, -9.63604164124, -102.573204041, -34.8426246643, -40.4513778687, -36.2072372437], [92.9758987427, -126.973464966, -96.7959518433, 266.078063965, 116.743095398, -24.8620052338, 83.2728652954, 47.0410690308, 23.3579883575, 46.4170265198, 22.9211902618, 30.2086715698, 6.70927238464], [474.735046387, 217.410629272, -169.806106567, 116.743095398, 207.131118774, 32.9083328247, 47.2326660156, 65.7300415039, 19.8598976135, 21.6222896576, 5.73288583755, -9.62881660461, 0.878779172897], [-323.319244385, -49.7596435547, 231.340286255, -24.8620052338, 32.9083328247, 167.085159302, 20.6091575623, -18.6500110626, 9.35758495331, -30.3782119751, -28.7366199493, -33.779094696, -23.8948192596], [213.51133728, 26.758272171, -119.996520996, 83.2728652954, 47.2326660156, 20.6091575623, 117.708732605, 52.2256622314, 9.49045848846, 43.8186187744, 7.26279211044, -17.249376297, -18.3387241364], [108.687026978, -11.9489269257, -114.461547852, 47.0410690308, 65.7300415039, -18.6500110626, 52.2256622314, 107.541351318, 50.2631149292, 20.1770954132, 26.8624038696, 18.6339645386, -0.381797611713], [-46.6545524597, -53.4697647095, -9.63604164124, 23.3579883575, 19.8598976135, 9.35758495331, 9.49045848846, 50.2631149292, 74.6652984619, 32.4362983704, 11.934551239, 21.0197486877, 4.84747838974], [242.50869751, 83.5140838623, -102.573204041, 46.4170265198, 21.6222896576, -30.3782119751, 43.8186187744, 20.1770954132, 32.4362983704, 104.035202026, 50.3419075012, -4.39936876297, 1.96464598179], [-32.2013435364, -59.1250648499, -34.8426246643, 22.9211902618, 5.73288583755, -28.7366199493, 7.26279211044, 26.8624038696, 11.934551239, 50.3419075012, 86.9626617432, 54.7020339966, 13.5547113419], [-197.585571289, -201.092178345, -40.4513778687, 30.2086715698, -9.62881660461, -33.779094696, -17.249376297, 18.6339645386, 21.0197486877, -4.39936876297, 54.7020339966, 121.937644958, 70.3546218872], [-78.4460296631, -89.1751403809, -36.2072372437, 6.70927238464, 0.878779172897, -23.8948192596, -18.3387241364, -0.381797611713, 4.84747838974, 1.96464598179, 13.5547113419, 70.3546218872, 109.704139709]], "icov": [[-1732.67871094, 2404.3527832, -2270.23266602, 2059.40722656, -1789.46643066, 1485.21520996, -1167.87280273, 862.247436523, -591.904907227, 369.965301514, -204.909347534, 90.4170761108, -27.3210163116], [2404.3527832, -3336.39770508, 3150.27734375, -2857.71191406, 2483.11450195, -2060.90771484, 1620.5402832, -1196.43859863, 821.303894043, -513.340698242, 284.313018799, -125.450172424, 37.9056472778], [-2270.23266602, 3150.27734375, -2974.51196289, 2698.23193359, -2344.49145508, 1945.80041504, -1529.97692871, 1129.53369141, -775.340576172, 484.587463379, -268.371002197, 118.406776428, -35.7730445862], [2059.40722656, -2857.71191406, 2698.23193359, -2447.54516602, 2126.59790039, -1764.87890625, 1387.63330078, -1024.37463379, 703.098388672, -439.395507812, 243.312789917, -107.335372925, 32.4216384888], [-1789.46643066, 2483.11450195, -2344.49145508, 2126.59790039, -1847.63781738, 1533.26757812, -1205.43041992, 889.776550293, -610.642456055, 381.562194824, -211.24887085, 93.1673660278, -28.1335430145], [1485.21520996, -2060.90771484, 1945.80041504, -1764.87890625, 1533.26757812, -1272.25610352, 1000.11071777, -738.11920166, 506.46887207, -316.40032959, 175.123336792, -77.201675415, 23.2997245789], [-1167.87280273, 1620.5402832, -1529.97692871, 1387.63330078, -1205.43041992, 1000.11071777, -786.043518066, 580.026855469, -397.900512695, 248.503158569, -137.489654541, 60.581615448, -18.2682762146], [862.247436523, -1196.43859863, 1129.53369141, -1024.37463379, 889.776550293, -738.11920166, 580.026855469, -427.889709473, 293.449645996, -183.207168579, 101.308441162, -44.6072654724, 13.4399137497], [-591.904907227, 821.303894043, -775.340576172, 703.098388672, -610.642456055, 506.46887207, -397.900512695, 293.449645996, -201.154998779, 125.526679993, -69.3637237549, 30.5052947998, -9.17713832855], [369.965301514, -513.340698242, 484.587463379, -439.395507812, 381.562194824, -316.40032959, 248.503158569, -183.207168579, 125.526679993, -78.2629547119, 43.2030448914, -18.9711818695, 5.69440078735], [-204.909347534, 284.313018799, -268.371002197, 243.312789917, -211.24887085, 175.123336792, -137.489654541, 101.308441162, -69.3637237549, 43.2030448914, -23.7973251343, 10.424448967, -3.11840295792], [90.4170761108, -125.450172424, 118.406776428, -107.335372925, 93.1673660278, -77.201675415, 60.581615448, -44.6072654724, 30.5052947998, -18.9711818695, 10.424448967, -4.53366327286, 1.34520685673], [-27.3210163116, 37.9056472778, -35.7730445862, 32.4216384888, -28.1335430145, 23.2997245789, -18.2682762146, 13.4399137497, -9.17713832855, 5.69440078735, -3.11840295792, 1.34520685673, -0.385093182325]]}, "spectral_contrast_coeffs": {"dmean": [0.0405457802117, 0.0357798412442, 0.0297114700079, 0.0247780717909, 0.0214938465506, 0.0428525134921], "dmean2": [0.0676582381129, 0.0576904006302, 0.0466020479798, 0.0390879176557, 0.0349307470024, 0.0765117481351], "dvar": [0.00120029377285, 0.00123183371034, 0.00101370958146, 0.000691706023645, 0.000591508869547, 0.00160231301561], "dvar2": [0.0031095223967, 0.00301006413065, 0.00221593980677, 0.00155414023902, 0.0014052480692, 0.00450802315027], "max": [-0.29545596242, -0.39345395565, -0.327666074038, -0.520956635475, -0.558180093765, -0.563944816589], "mean": [-0.59988462925, -0.648710429668, -0.694890856743, -0.724221646786, -0.731466472149, -0.894393801689], "median": [-0.595549464226, -0.642359614372, -0.700758159161, -0.723585724831, -0.729249954224, -0.907300293446], "min": [-0.988963365555, -0.962961256504, -0.96657705307, -0.960820734501, -0.963320672512, -0.966137528419], "var": [0.00990925263613, 0.00847096182406, 0.00870020966977, 0.00486361654475, 0.00314766680822, 0.00340257678181]}, "spectral_contrast_valleys": {"dmean": [0.441999942064, 0.311109721661, 0.299983263016, 0.31083124876, 0.32026925683, 0.979745864868], "dmean2": [0.715074539185, 0.494170635939, 0.482402652502, 0.50713801384, 0.527069687843, 1.75601625443], "dvar": [0.188399717212, 0.130635976791, 0.14873573184, 0.187080919743, 0.248707458377, 0.621167719364], "dvar2": [0.385497748852, 0.252113550901, 0.299259573221, 0.395031362772, 0.564700961113, 1.82246768475], "max": [-5.53624153137, -4.94865989685, -5.54898452759, -6.45331954956, -7.19450998306, -12.2316102982], "mean": [-8.48511791229, -7.35862731934, -8.55265617371, -10.1021900177, -12.0967693329, -14.7396440506], "median": [-8.13042926788, -7.07588863373, -8.36387252808, -9.98005485535, -12.0249519348, -