{"lowlevel": {"average_loudness": 0.880956411362, "barkbands_crest": {"dmean": 2.91389274597, "dmean2": 4.67271280289, "dvar": 6.45012235641, "dvar2": 16.5146255493, "max": 25.5268497467, "mean": 12.0975952148, "median": 11.6341533661, "min": 2.6853454113, "var": 17.432723999}, "barkbands_flatness_db": {"dmean": 0.027154719457, "dmean2": 0.0384882129729, "dvar": 0.000643486739136, "dvar2": 0.00136733578984, "max": 0.411887764931, "mean": 0.144073605537, "median": 0.135981947184, "min": 0.0215091090649, "var": 0.00320804538205}, "barkbands_kurtosis": {"dmean": 6.03589487076, "dmean2": 9.41589641571, "dvar": 84.8969192505, "dvar2": 216.951599121, "max": 203.925765991, "mean": 11.3182687759, "median": 7.05602645874, "min": -1.84013414383, "var": 180.273498535}, "barkbands_skewness": {"dmean": 0.718210339546, "dmean2": 1.09381425381, "dvar": 0.519708812237, "dvar2": 1.26796793938, "max": 12.3764753342, "mean": 2.66410636902, "median": 2.44451570511, "min": -4.2364449501, "var": 1.92657208443}, "barkbands_spread": {"dmean": 5.37379264832, "dmean2": 7.86050319672, "dvar": 38.0084724426, "dvar2": 73.6438598633, "max": 109.365097046, "mean": 17.4939918518, "median": 15.5266370773, "min": 0.588726818562, "var": 134.270095825}, "dissonance": {"dmean": 0.0197636224329, "dmean2": 0.032943058759, "dvar": 0.000328407186316, "dvar2": 0.000880939129274, "max": 0.500000119209, "mean": 0.460935115814, "median": 0.467800438404, "min": 0.227883920074, "var": 0.000862703018356}, "dynamic_complexity": 4.65288209915, "erbbands_crest": {"dmean": 2.43657374382, "dmean2": 3.99484157562, "dvar": 5.00880813599, "dvar2": 12.7096910477, "max": 30.9714488983, "mean": 7.77242898941, "median": 7.01062488556, "min": 2.37749242783, "var": 10.574804306}, "erbbands_flatness_db": {"dmean": 0.0196067914367, "dmean2": 0.0282670706511, "dvar": 0.000410183623899, "dvar2": 0.000842002395075, "max": 0.298397660255, "mean": 0.11971591413, "median": 0.110345557332, "min": 0.0349184162915, "var": 0.00210823537782}, "erbbands_kurtosis": {"dmean": 0.911457538605, "dmean2": 1.42622876167, "dvar": 1.38990998268, "dvar2": 3.30220890045, "max": 23.6443881989, "mean": 0.404269486666, "median": -0.0123512744904, "min": -1.91136562824, "var": 2.87535643578}, "erbbands_skewness": {"dmean": 0.346063494682, "dmean2": 0.530902087688, "dvar": 0.110906690359, "dvar2": 0.254987776279, "max": 4.03503990173, "mean": 0.696284234524, "median": 0.66002869606, "min": -3.44399762154, "var": 0.322585463524}, "erbbands_spread": {"dmean": 10.2538032532, "dmean2": 15.1419286728, "dvar": 106.041259766, "dvar2": 220.012741089, "max": 145.902404785, "mean": 46.4762458801, "median": 43.9588050842, "min": 5.88185596466, "var": 358.059997559}, "hfc": {"dmean": 6.29514932632, "dmean2": 8.72745800018, "dvar": 104.828941345, "dvar2": 214.013427734, "max": 104.299102783, "mean": 13.0308570862, "median": 9.15140628815, "min": 1.05951281643e-16, "var": 193.779800415}, "melbands_crest": {"dmean": 3.92735958099, "dmean2": 6.30009698868, "dvar": 10.5790843964, "dvar2": 26.8595180511, "max": 32.7768669128, "mean": 17.4113883972, "median": 17.4652919769, "min": 1.70596051216, "var": 33.4653091431}, "melbands_flatness_db": {"dmean": 0.0316821113229, "dmean2": 0.0451717078686, "dvar": 0.000797292042989, "dvar2": 0.00172975833993, "max": 0.552898824215, "mean": 0.231968283653, "median": 0.221602901816, "min": 0.00388306798413, "var": 0.00483736861497}, "melbands_kurtosis": {"dmean": 13.8271713257, "dmean2": 21.2906799316, "dvar": 463.123168945, "dvar2": 1091.20043945, "max": 539.962585449, "mean": 26.7125492096, "median": 16.2749652863, "min": -1.84787535667, "var": 991.880554199}, "melbands_skewness": {"dmean": 1.00399804115, "dmean2": 1.52817296982, "dvar": 1.03679060936, "dvar2": 2.35008382797, "max": 18.3966064453, "mean": 3.73917865753, "median": 3.31445717812, "min": -0.858621478081, "var": 3.67858076096}, "melbands_spread": {"dmean": 4.73430490494, "dmean2": 7.19091796875, "dvar": 39.3786430359, "dvar2": 81.8413009644, "max": 167.443084717, "mean": 14.082821846, "median": 11.8187437057, "min": 0.504081189632, "var": 165.480072021}, "pitch_salience": {"dmean": 0.0896844491363, "dmean2": 0.140116691589, "dvar": 0.00627212645486, "dvar2": 0.0149716073647, "max": 0.922104597092, "mean": 0.513426542282, "median": 0.519554257393, "min": 0.108982667327, "var": 0.0179434344172}, "silence_rate_20dB": {"dmean": 0, "dmean2": 0, "dvar": 0, "dvar2": 0, "max": 1, "mean": 1, "median": 1, "min": 1, "var": 0}, "silence_rate_30dB": {"dmean": 0.0292917173356, "dmean2": 0.0585904680192, "dvar": 0.0284312907606, "dvar2": 0.0714777559042, "max": 1, "mean": 0.97491300106, "median": 1, "min": 0, "var": 0.0244549121708}, "silence_rate_60dB": {"dmean": 0.0439375750721, "dmean2": 0.0878857001662, "dvar": 0.0420126356184, "dvar2": 0.0859242752194, "max": 1, "mean": 0.170327693224, "median": 0, "min": 0, "var": 0.141304552555}, "spectral_centroid": {"dmean": 220.151123047, "dmean2": 320.761108398, "dvar": 63832.1679688, "dvar2": 122887.859375, "max": 11207.3144531, "mean": 959.76159668, "median": 887.426147461, "min": 129.364349365, "var": 354716.5625}, "spectral_complexity": {"dmean": 3.25306129456, "dmean2": 4.79985570908, "dvar": 16.8588676453, "dvar2": 32.4644737244, "max": 52, "mean": 13.2465486526, "median": 13, "min": 0, "var": 60.8547325134}, "spectral_decrease": {"dmean": 3.41531825043e-09, "dmean2": 5.24251131395e-09, "dvar": 2.15563846658e-17, "dvar2": 4.58966721529e-17, "max": 2.02335822456e-17, "mean": -8.84118911415e-09, "median": -6.15840800577e-09, "min": -5.04693993264e-08, "var": 7.06019696289e-17}, "spectral_energy": {"dmean": 0.0132658062503, "dmean2": 0.0203849002719, "dvar": 0.000326536974171, "dvar2": 0.000689159322064, "max": 0.195000842214, "mean": 0.0345506593585, "median": 0.0243453327566, "min": 9.7630067826e-21, "var": 0.00105881539639}, "spectral_energyband_high": {"dmean": 0.000423565419624, "dmean2": 0.000578776118346, "dvar": 6.23738628747e-07, "dvar2": 1.32220952764e-06, "max": 0.00794670265168, "mean": 0.000649147550575, "median": 0.000298444065265, "min": 7.23099238729e-21, "var": 9.57287170422e-07}, "spectral_energyband_low": {"dmean": 0.00913132913411, "dmean2": 0.0137775549665, "dvar": 0.000188569916645, "dvar2": 0.000423031131504, "max": 0.151884183288, "mean": 0.0185919739306, "median": 0.0125302448869, "min": 1.9299074994e-23, "var": 0.000495479966048}, "spectral_energyband_middle_high": {"dmean": 0.000977581948973, "dmean2": 0.00148503202945, "dvar": 3.60770809493e-06, "dvar2": 7.60096372687e-06, "max": 0.0318856909871, "mean": 0.0019218493253, "median": 0.00137654901482, "min": 1.41260153522e-21, "var": 5.675301054e-06}, "spectral_energyband_middle_low": {"dmean": 0.00734242564067, "dmean2": 0.0112740732729, "dvar": 0.00023127393797, "dvar2": 0.000423486839281, "max": 0.14436237514, "mean": 0.0126206157729, "median": 0.00540136313066, "min": 2.50406867589e-22, "var": 0.000393154798076}, "spectral_entropy": {"dmean": 0.204040199518, "dmean2": 0.293910324574, "dvar": 0.0481445342302, "dvar2": 0.094111174345, "max": 9.82129573822, "mean": 7.58101463318, "median": 7.64811468124, "min": 5.63192033768, "var": 0.219988629222}, "spectral_flux": {"dmean": 0.0334993042052, "dmean2": 0.0537947192788, "dvar": 0.00162340782117, "dvar2": 0.00347183854319, "max": 0.347565740347, "mean": 0.0901637300849, "median": 0.0683776140213, "min": 6.42834743769e-11, "var": 0.00466415798292}, "spectral_kurtosis": {"dmean": 1.62741613388, "dmean2": 2.55839014053, "dvar": 5.06044769287, "dvar2": 12.6749343872, "max": 49.7174949646, "mean": 4.61491537094, "median": 3.6540517807, "min": -1.22694158554, "var": 13.2911043167}, "spectral_rms": {"dmean": 0.0010668245377, "dmean2": 0.00160809315275, "dvar": 1.61816035416e-06, "dvar2": 3.18664660881e-06, "max": 0.0137929227203, "mean": 0.00503138545901, "median": 0.00487355561927, "min": 3.0862411151e-12, "var": 8.39316726342e-06}, "spectral_rolloff": {"dmean": 301.289581299, "dmean2": 495.301452637, "dvar": 518423.96875, "dvar2": 1202382.75, "max": 19552.1484375, "mean": 762.389282227, "median": 473.73046875, "min": 21.533203125, "var": 2270366.25}, "spectral_skewness": {"dmean": 0.256763696671, "dmean2": 0.388507246971, "dvar": 0.0779635086656, "dvar2": 0.182704240084, "max": 5.33036327362, "mean": 1.71069085598, "median": 1.61715137959, "min": -0.318870574236, "var": 0.281433016062}, "spectral_spread": {"dmean": 865164.3125, "dmean2": 1168469, "dvar": 1071556067330.0, "dvar2": 1713662197760.0, "max": 41390292, "mean": 5850001.5, "median": 5565712.5, "min": 1341232.75, "var": 5639404781570.0}, "spectral_strongpeak": {"dmean": 0.201227799058, "dmean2": 0.329321295023, "dvar": 0.0862474068999, "dvar2": 0.196789756417, "max": 5.18155813217, "mean": 0.334989905357, "median": 0.193566352129, "min": 0, "var": 0.162884607911}, "zerocrossingrate": {"dmean": 0.0115743754432, "dmean2": 0.0128800375387, "dvar": 0.00017789825506, "dvar2": 0.000195385873667, "max": 0.65869140625, "mean": 0.0519804134965, "median": 0.0439453125, "min": 0, "var": 0.0021125273779}, "barkbands": {"dmean": [0.00306165660731, 0.00547866662964, 0.00450117094442, 0.00448296032846, 0.0039906334132, 0.00102301221341, 0.000583019980695, 0.000394417729694, 0.00036242135684, 0.000261999084614, 0.000225048876018, 0.000190782011487, 0.000288314942736, 0.000114048394607, 0.000109293810965, 6.85993436491e-05, 5.29274257133e-05, 5.29549251951e-05, 5.00313690281e-05, 5.34226564923e-05, 6.9595334935e-05, 7.25639038137e-05, 6.55906842439e-05, 6.66961495881e-05, 6.56885895296e-05, 6.18145422777e-05, 3.79730918212e-05], "dmean2": [0.00398760754615, 0.00946989748627, 0.0060190744698, 0.00703914510086, 0.00642848853022, 0.00175058317836, 0.000961007492151, 0.000621313170996, 0.000570083211642, 0.000419563177275, 0.000364009902114, 0.000307375332341, 0.000461163901491, 0.00018284530961, 0.000180937669938, 0.000111361216113, 8.50592114148e-05, 8.30376739032e-05, 7.63409989304e-05, 8.07120304671e-05, 0.00010227689927, 0.000106846986455, 9.51228576014e-05, 9.76664887276e-05, 8.76320627867e-05, 8.55336547829e-05, 6.22607403784e-05], "dvar": [3.9122911403e-05, 8.70039002621e-05, 9.90627740975e-05, 0.00012257117487, 9.72006819211e-05, 4.24802692578e-06, 7.06418518348e-07, 3.39867199273e-07, 3.07257323584e-07, 1.70751164319e-07, 1.23798727714e-07, 1.31184279439e-07, 6.73163299325e-07, 4.38348912724e-08, 7.69957466673e-08, 2.32127312927e-08, 1.59262807387e-08, 1.21244116968e-08, 1.20298819795e-08, 1.44366216759e-08, 2.04080112809e-08, 2.51392417994e-08, 2.4567174961e-08, 2.57110617241e-08, 1.36814124474e-08, 1.21698624511e-08, 8.6102760477e-09], "dvar2": [6.9317247835e-05, 0.000253991980571, 0.00018402824935, 0.000302185857436, 0.000230633537285, 1.19186815937e-05, 1.92191851056e-06, 8.36501783397e-07, 7.56011729663e-07, 4.22689879542e-07, 3.1413128454e-07, 3.03875197005e-07, 1.62160358741e-06, 1.04221243191e-07, 1.95980561557e-07, 5.64684867754e-08, 3.68413282104e-08, 2.71671520835e-08, 2.39460753448e-08, 2.98938012122e-08, 4.28367030736e-08, 5.48351124507e-08, 5.52340040372e-08, 5.64098350253e-08, 2.88236279289e-08, 2.71159699139e-08, 2.33839880792e-08], "max": [0.0690938159823, 0.0775903463364, 0.112147510052, 0.116951614618, 0.0838552713394, 0.0191778857261, 0.0121911354363, 0.0128291063011, 0.00942418724298, 0.0050382791087, 0.00416067242622, 0.00640308624133, 0.0138970678672, 0.00458568381146, 0.00494217779487, 0.00473710056394, 0.00321446708404, 0.00131665088702, 0.00366752594709, 0.00395966414362, 0.00260982918553, 0.00325839966536, 0.00252072606236, 0.00165068730712, 0.00131337926723, 0.00118137593381, 0.00190291448962], "mean": [0.0053230994381, 0.00834656879306, 0.00574437249452, 0.00507494760677, 0.00407126359642, 0.00129068922251, 0.000919659039937, 0.000613113865256, 0.000542352674529, 0.000355541502358, 0.00031544273952, 0.00024742691312, 0.000372367823729, 0.000172789528733, 0.000147206679685, 9.77258678176e-05, 7.75541484472e-05, 7.33240594855e-05, 7.88041506894e-05, 8.47630435601e-05, 0.000107359162939, 0.000106356768811, 8.66134505486e-05, 8.39314452605e-05, 9.26744978642e-05, 8.64594621817e-05, 3.81819227186e-05], "median": [0.00108407030348, 0.00605722656474, 0.000760389782954, 0.000668785069138, 0.00100397109054, 0.000689966022037, 0.000563335546758, 0.000358890538337, 0.000278519117273, 0.000166767436895, 0.000171023595612, 0.00010620545072, 0.000161065312568, 8.62400484039e-05, 7.86513992352e-05, 4.75065899082e-05, 3.76497664547e-05, 3.61158745363e-05, 4.16749426222e-05, 3.89134911529e-05, 4.54583896499e-05, 4.03129379265e-05, 2.75452257483e-05, 2.42526893999e-05, 2.46069012064e-05, 1.82518979273e-05, 7.86206237535e-06], "min": [2.66183915299e-24, 3.12967252119e-24, 2.55362814439e-24, 5.99767317479e-24, 2.45763635456e-23, 1.77998337996e-23, 1.96414721813e-23, 9.87316378641e-24, 2.38461623373e-23, 2.4565273739e-23, 2.11344829523e-23, 6.68088446333e-23, 4.18984821136e-23, 4.88977262259e-23, 5.7456841804e-23, 7.59675197429e-23, 1.16690892564e-22, 1.5650967543e-22, 1.29633865965e-22, 2.05798828126e-22, 3.23567393039e-22, 3.71040158791e-22, 4.88118905863e-22, 6.02598955787e-22, 9.70431189618e-22, 1.51305147306e-21, 2.05623287011e-21], "var": [9.43295308389e-05, 0.000111606124847, 0.000166023048223, 0.000146115780808, 8.96449855645e-05, 3.6686913063e-06, 1.15707518944e-06, 6.39542292902e-07, 5.08067273586e-07, 2.36439618106e-07, 1.7060021662e-07, 1.73634816747e-07, 6.98751307482e-07, 6.94249706612e-08, 8.16078724597e-08, 2.91550197318e-08, 2.24761258494e-08, 1.54957291443e-08, 1.82008843552e-08, 2.11274837625e-08, 3.13884918057e-08, 3.64928354202e-08, 3.21058699626e-08, 3.26571161224e-08, 2.21534399714e-08, 1.91204474476e-08, 6.50543485747e-09]}, "erbbands": {"dmean": [0.142750844359, 1.3437538147, 3.97355389595, 10.0424089432, 12.1316518784, 15.4033842087, 11.2831478119, 8.94823551178, 8.12130355835, 8.71726322174, 7.49287414551, 8.90747833252, 7.42653417587, 8.67478179932, 8.911901474, 8.03335952759, 12.9941949844, 6.91488075256, 5.27142000198, 4.9366607666, 3.19231820107, 2.75455355644, 2.90855836868, 2.79886388779, 2.32515645027, 2.43098974228, 2.79572033882, 2.86598706245, 2.65175390244, 2.05247187614, 1.85808908939, 1.44960772991, 1.10341238976, 0.688749074936, 0.485632300377, 0.327030092478, 0.0902012810111, 0.029241014272, 0.00607702834532, 0.000479952577734], "dmean2": [0.242570191622, 2.30118894577, 5.50661420822, 13.5965023041, 18.0584487915, 25.6283779144, 19.6899929047, 15.1925287247, 13.4020967484, 13.9398736954, 11.9268636703, 14.0427017212, 11.9032773972, 14.0465564728, 14.4265069962, 12.7756185532, 20.7985706329, 10.8367233276, 8.47952842712, 8.14002609253, 5.17680168152, 4.36288547516, 4.53823804855, 4.33211374283, 3.51428794861, 3.65846061707, 4.09278392792, 4.25197792053, 3.92206549644, 3.03745961189, 2.63425755501, 2.16564512253, 1.63856363297, 0.925142228603, 0.672136008739, 0.462738931179, 0.132237702608, 0.0406100228429, 0.00982818100601, 0.000839428568725], "dvar": [0.042524382472, 6.201649189, 75.0736541748, 454.747650146, 756.118652344, 1745.7545166, 1002.503479, 279.996337891, 162.688461304, 163.047821045, 132.564666748, 191.452285767, 154.565979004, 197.867706299, 205.612411499, 270.090545654, 1332.89233398, 202.636917114, 124.613677979, 176.963165283, 65.2731628418, 41.1408653259, 40.1255569458, 39.7885551453, 20.6366043091, 30.4292945862, 33.2625083923, 38.7957000732, 34.5941123962, 22.2309074402, 20.8660011292, 14.0024671555, 6.54908895493, 1.54714262486, 0.841058969498, 0.42068618536, 0.0247989855707, 0.00262164068408, 0.000321719591739, 1.76471280611e-06], "dvar2": [0.122467190027, 18.1660194397, 127.049362183, 913.109313965, 1559.13098145, 4476.6328125, 2803.32470703, 771.312072754, 442.481262207, 409.634735107, 338.997070312, 470.87701416, 383.179870605, 496.514312744, 512.827819824, 610.516540527, 3243.55493164, 436.770294189, 290.372406006, 455.560760498, 164.246017456, 91.9879455566, 91.8993225098, 82.0388793945, 43.9028816223, 61.4701156616, 68.8935394287, 83.9443283081, 76.9562225342, 47.4848403931, 45.7421150208, 33.2979278564, 13.6010465622, 3.1526222229, 1.78091681004, 0.982543468475, 0.0541165806353, 0.00556024722755, 0.000893324264325, 4.82404811919e-06], "max": [2.33228254318, 22.4720287323, 93.9442062378, 307.244445801, 333.957397461, 403.231903076, 323.310180664, 211.105957031, 155.556747437, 289.023742676, 209.713897705, 272.772491455, 141.088531494, 176.815307617, 182.589096069, 299.032409668, 623.293212891, 265.962158203, 296.424957275, 268.730194092, 319.685974121, 215.77746582, 97.1786346436, 178.986190796, 160.238098145, 182.443969727, 143.063949585, 130.980865479, 137.87928772, 90.4922180176, 96.8249969482, 61.7124328613, 38.4774856567, 16.2285861969, 13.7892503738, 7.18469810486, 2.19471764565, 0.693511426449, 0.503168821335, 0.0205511730164], "mean": [0.275103449821, 1.78748166561, 5.91495943069, 13.1567115784, 14.8463697433, 14.0665969849, 10.4511260986, 11.6430912018, 12.8130865097, 14.9592494965, 11.7615041733, 13.6247816086, 10.4007101059, 12.1825170517, 12.9560003281, 11.1596794128, 17.1146659851, 10.9368419647, 8.18010425568, 6.74025630951, 4.83464288712, 4.13986253738, 4.16539478302, 4.1915564537, 3.815356493, 3.93977975845, 4.29766988754, 4.3193898201, 3.98352861404, 2.86008405685, 2.47184586525, 1.74278485775, 1.4146848917, 0.974761128426, 0.689817070961, 0.426502197981, 0.132901147008, 0.0416827909648, 0.0063685295172, 0.00041292901733], "median": [0.186502054334, 0.847663640976, 1.03263998032, 2.06904673576, 2.89195251465, 3.14601564407, 3.71665358543, 6.28575754166, 7.99564361572, 9.35582923889, 7.31068277359, 7.27259111404, 5.10745716095, 6.65314054489, 6.72194290161, 5.25712966919, 7.76760149002, 5.82177448273, 4.78789234161, 3.52363920212, 2.595443964, 2.04113507271, 2.12880825996, 2.1345872879, 2.06008863449, 1.81595540047, 1.90603137016, 1.66320288181, 1.48351299763, 1.07380497456, 0.755173325539, 0.502545654774, 0.396991997957, 0.287492871284, 0.166859954596, 0.081715092063, 0.0317235551775, 0.00904435943812, 0.00130338012241, 0.000119501608424], "min": [2.58788306447e-22, 4.27565993265e-22, 3.19348443749e-21, 1.22916340995e-20, 4.63156422609e-20, 7.14086152759e-20, 7.25053921447e-20, 1.71170797676e-19, 2.64866928603e-19, 3.61921916879e-19, 2.72312949983e-19, 6.31777649305e-19, 7.17797918963e-19, 1.18502752754e-18, 1.64637045359e-18, 2.19831333476e-18, 2.5137100645e-18, 2.39426166853e-18, 6.21169254404e-18, 3.90040639673e-18, 3.68099094899e-18, 7.52371969597e-18, 8.39996535374e-18, 8.00286406579e-18, 9.19781000587e-18, 1.0882558538e-17, 1.05132604448e-17, 1.24379674551e-17, 1.37694668522e-17, 1.46694161976e-17, 1.43453946625e-17, 1.26153828072e-17, 1.2067130806e-17, 8.76569002669e-18, 7.01353868238e-18, 5.64073195341e-18, 2.68796910222e-18, 9.76815103822e-19, 2.36156626914e-19, 3.0151224466e-20], "var": [0.0828531235456, 7.64826059341, 147.900421143, 771.095153809, 1086.76049805, 1376.75476074, 658.756652832, 278.705749512, 232.004302979, 346.646057129, 196.19960022, 324.591583252, 200.37550354, 259.023895264, 298.075408936, 361.979431152, 1382.55004883, 308.801239014, 182.01550293, 178.01663208, 77.3510513306, 59.3969345093, 51.2572593689, 56.6211166382, 31.8092632294, 46.1658058167, 49.1839447021, 56.5075645447, 51.2356681824, 31.0707950592, 27.8511199951, 15.6953697205, 8.72665119171, 2.51979494095, 1.29790472984, 0.553400039673, 0.0405554547906, 0.00453159306198, 0.000226013944484, 1.16597550459e-06]}, "gfcc": {"mean": [-31.7517375946, 85.3418426514, -83.8617324829, 20.54180336, -50.3725395203, 10.6212587357, -29.3304920197, 2.66555070877, -20.0718173981, 8.18196868896, -13.2367010117, 0.56066685915, -11.5471353531], "cov": [[19740.6191406, -1348.61450195, 1675.78088379, 241.34425354, 68.972076416, 1216.4597168, 450.136779785, 487.45916748, -266.141876221, 252.171279907, -384.703125, 238.844329834, -289.058685303], [-1348.61450195, 1469.90270996, -456.390472412, 296.986236572, 152.642333984, -204.712402344, 32.7650604248, -99.8509063721, 109.210960388, -79.4071121216, 94.7813568115, -168.343383789, 46.0599136353], [1675.78088379, -456.390472412, 1049.61218262, -125.522361755, 194.95880127, 330.517333984, 135.327026367, 120.994735718, -15.0274276733, 75.0632095337, -69.5920791626, 85.9199752808, -62.4858055115], [241.34425354, 296.986236572, -125.522361755, 459.927459717, 44.6470375061, -24.2033176422, 8.13828372955, -30.5404987335, 21.7916812897, -32.577457428, 11.3121509552, -85.2011871338, -23.0103416443], [68.972076416, 152.642333984, 194.95880127, 44.6470375061, 268.691711426, 111.564613342, 118.811820984, 38.7297286987, 47.7005577087, 29.7664451599, 24.2921829224, -8.90565872192, -14.3228635788], [1216.4597168, -204.712402344, 330.517333984, -24.2033176422, 111.564613342, 283.671630859, 116.814468384, 82.7531814575, 1.97973740101, 51.8075675964, -31.096906662, 44.3883895874, -38.8471946716], [450.136779785, 32.7650604248, 135.327026367, 8.13828372955, 118.811820984, 116.814468384, 205.696533203, 69.0883178711, 39.3591842651, 57.5716171265, 16.2483520508, 16.7901268005, 0.565367758274], [487.45916748, -99.8509063721, 120.994735718, -30.5404987335, 38.7297286987, 82.7531814575, 69.0883178711, 119.482269287, 37.5522232056, 48.4971160889, -2.82572937012, 35.0520973206, -6.35947942734], [-266.141876221, 109.210960388, -15.0274276733, 21.7916812897, 47.7005577087, 1.97973740101, 39.3591842651, 37.5522232056, 94.1769561768, 43.8669471741, 37.473361969, 1.15340125561, 13.4553041458], [252.171279907, -79.4071121216, 75.0632095337, -32.577457428, 29.7664451599, 51.8075675964, 57.5716171265, 48.4971160889, 43.8669471741, 126.4246521, 37.351146698, 45.2949371338, 0.0447087064385], [-384.703125, 94.7813568115, -69.5920791626, 11.3121509552, 24.2921829224, -31.096906662, 16.2483520508, -2.82572937012, 37.473361969, 37.351146698, 82.6569290161, 23.319852829, 24.5144176483], [238.844329834, -168.343383789, 85.9199752808, -85.2011871338, -8.90565872192, 44.3883895874, 16.7901268005, 35.0520973206, 1.15340125561, 45.2949371338, 23.319852829, 89.8220062256, 28.7847385406], [-289.058685303, 46.0599136353, -62.4858055115, -23.0103416443, -14.3228635788, -38.8471946716, 0.565367758274, -6.35947942734, 13.4553041458, 0.0447087064385, 24.5144176483, 28.7847385406, 62.9815559387]], "icov": [[9.00030499906e-05, -4.42629425379e-05, -3.42294042639e-05, -0.000136855160235, 0.00014370631834, -0.000249671167694, -5.65072477912e-05, -0.00019026233349, 0.000304105575196, -0.000155843546963, 0.000282930588583, -0.000246716343099, 0.000159239250934], [-4.42629425379e-05, 0.00146426435094, 0.000269685755484, -0.000196684515686, -0.000872393138707, 0.000412072578911, -0.000273051206023, 0.000466872035759, -0.000982017023489, 0.000602895743214, -0.00126026535872, 0.0024831474293, -0.00140790874138], [-3.42294042639e-05, 0.000269685755484, 0.00192805437837, 0.000210989674088, -0.00133414100856, -0.000898563012015, 7.42083502701e-05, 3.08938870148e-05, -0.000111542067316, -0.000101867306512, 0.00138201145455, -0.00135112332646, 0.000883941655047], [-0.000136855160235, -0.000196684515686, 0.000210989674088, 0.00307480734773, -0.000231533325859, -0.000245291303145, 0.000120495365991, 0.000277966726571, -0.000527462980244, 0.000404517340939, -0.0014533783542, 0.00284109241329, 5.11029502377e-05], [0.00014370631834, -0.000872393138707, -0.00133414100856, -0.000231533325859, 0.0075491880998, -0.00223508756608, -0.00230244989507, 4.29174797318e-05, -0.00102749944199, 0.000672054768074, -0.00249356473796, 0.00136561749969, 0.000817981956061], [-0.000249671167694, 0.000412072578911, -0.000898563012015, -0.000245291303145, -0.00223508756608, 0.00947298202664, -0.00265895039774, -0.000457296118839, -0.000704059377313, 0.000245115952566, 0.00259719090536, -0.0042197429575, 0.00395191367716], [-5.65072477912e-05, -0.000273051206023, 7.42083502701e-05, 0.000120495365991, -0.00230244989507, -0.00265895039774, 0.00926452130079, -0.00317289866507, 0.000844752939884, -0.00242910021916, -0.00121757749002, 0.00294499588199, -0.00356000126339], [-0.00019026233349, 0.000466872035759, 3.08938870148e-05, 0.000277966726571, 4.29174797318e-05, -0.000457296118839, -0.00317289866507, 0.0163650512695, -0.00827960018069, -0.00018378693494, 0.00410965364426, -0.00582829816267, 0.00315926736221], [0.000304105575196, -0.000982017023489, -0.000111542067316, -0.000527462980244, -0.00102749944199, -0.000704059377313, 0.000844752939884, -0.00827960018069, 0.0218107122928, -0.00619536777958, -0.00518286367878, 0.00611062115058, -0.0051316684112], [-0.000155843546963, 0.000602895743214, -0.000101867306512, 0.000404517340939, 0.000672054768074, 0.000245115952566, -0.00242910021916, -0.00018378693494, -0.00619536777958, 0.0153202023357, -0.00527638709173, -0.00539067247882, 0.00502798287198], [0.000282930588583, -0.00126026535872, 0.00138201145455, -0.0014533783542, -0.00249356473796, 0.00259719090536, -0.00121757749002, 0.00410965364426, -0.00518286367878, -0.00527638709173, 0.0263704769313, -0.0133051332086, 0.00144879950676], [-0.000246716343099, 0.0024831474293, -0.00135112332646, 0.00284109241329, 0.00136561749969, -0.0042197429575, 0.00294499588199, -0.00582829816267, 0.00611062115058, -0.00539067247882, -0.0133051332086, 0.036554031074, -0.0189872421324], [0.000159239250934, -0.00140790874138, 0.000883941655047, 5.11029502377e-05, 0.000817981956061, 0.00395191367716, -0.00356000126339, 0.00315926736221, -0.0051316684112, 0.00502798287198, 0.00144879950676, -0.0189872421324, 0.0307149868459]]}, "melbands": {"dmean": [0.00144016661216, 0.00186147971544, 0.00171818723902, 0.000929234258365, 0.000475023931358, 0.000194263382582, 0.000124774247524, 9.33776027523e-05, 6.09571980021e-05, 5.52542151127e-05, 3.69539957319e-05, 3.55142219632e-05, 2.97330116155e-05, 2.33559494518e-05, 2.43653230427e-05, 2.78503684967e-05, 1.21686061902e-05, 8.50800552143e-06, 8.00334419182e-06, 5.99588611294e-06, 3.62748482985e-06, 2.94475375995e-06, 3.13944678965e-06, 2.40217582359e-06, 2.40823192144e-06, 1.82313112873e-06, 1.64381356171e-06, 1.7164431938e-06, 1.82402584414e-06, 1.78896789294e-06, 1.72741772531e-06, 1.55665986767e-06, 1.36176902288e-06, 1.13139719815e-06, 1.07321307041e-06, 1.03680952179e-06, 8.75454190918e-07, 8.88848887826e-07, 5.74754380978e-07, 6.04041872521e-07], "dmean2": [0.00245875329711, 0.00276349461637, 0.00224110018462, 0.00143821083475, 0.00082625990035, 0.000330061477143, 0.000205095100682, 0.000148440216435, 9.75811635726e-05, 8.7232729129e-05, 5.93285367358e-05, 5.74829027755e-05, 4.82410359837e-05, 3.77140786441e-05, 3.92968831875e-05, 4.42564123659e-05, 1.94224321604e-05, 1.38142977448e-05, 1.33628309413e-05, 9.73861915554e-06, 5.9559138208e-06, 4.74423086416e-06, 4.97371411257e-06, 3.77871765522e-06, 3.77907826987e-06, 2.80233894046e-06, 2.51814117291e-06, 2.61133664026e-06, 2.752550472e-06, 2.63056858785e-06, 2.6202517347e-06, 2.33814171224e-06, 2.04012735594e-06, 1.70719181369e-06, 1.56546445851e-06, 1.5449163584e-06, 1.3387244735e-06, 1.35550965297e-06, 8.3849982957e-07, 8.11320887806e-07], "dvar": [4.66015444545e-06, 1.44439236465e-05, 1.22982983157e-05, 4.72832289233e-06, 1.88543140212e-06, 1.33018644988e-07, 3.56212161989e-08, 1.8561182813e-08, 8.85553141927e-09, 7.32567562167e-09, 3.8545584502e-09, 3.3313944936e-09, 2.23913687591e-09, 1.68997105199e-09, 3.68468389134e-09, 6.01961058777e-09, 5.45396561247e-10, 2.88132545601e-10, 5.27313914755e-10, 1.70039399228e-10, 1.04146719027e-10, 4.8180258394e-11, 6.87068735239e-11, 2.39363685123e-11, 3.23193416474e-11, 1.59499791846e-11, 1.32345540776e-11, 1.59275682921e-11, 1.68124472677e-11, 1.68881436613e-11, 1.56564778503e-11, 1.19314298025e-11, 1.10126031558e-11, 7.22139665774e-12, 7.1827921215e-12, 7.39623553375e-12, 4.92783635078e-12, 4.87525601486e-12, 1.10367379298e-12, 1.2271980307e-12], "dvar2": [1.37770357469e-05, 2.84406269202e-05, 2.36601281358e-05, 1.05790513771e-05, 5.24316010342e-06, 3.6924504343e-07, 9.7013753475e-08, 4.56628974632e-08, 2.28620518072e-08, 1.79064674199e-08, 9.54777323869e-09, 8.3358706604e-09, 5.64198154862e-09, 4.0333523188e-09, 8.83329764889e-09, 1.43280836085e-08, 1.24809429458e-09, 6.8431837974e-10, 1.38590583454e-09, 4.14230150181e-10, 2.69886502036e-10, 1.08709090341e-10, 1.6060004715e-10, 5.34638201766e-11, 6.65809699041e-11, 3.34096188215e-11, 2.73972702164e-11, 3.37883818147e-11, 3.63024610373e-11, 3.50522284809e-11, 3.46120909711e-11, 2.67087654077e-11, 2.46319856873e-11, 1.5855287569e-11, 1.57899873732e-11, 1.76138565539e-11, 1.18346591207e-11, 1.0376261482e-11, 2.0439236241e-12, 2.60898225767e-12], "max": [0.0197844747454, 0.0394215583801, 0.0458127968013, 0.0215553566813, 0.0136947780848, 0.0041002552025, 0.00223847106099, 0.00339022022672, 0.00150021689478, 0.00180399511009, 0.000682161306031, 0.000796071835794, 0.000515843916219, 0.00070873828372, 0.00103938044049, 0.00135342974681, 0.00041380780749, 0.00043609002023, 0.000403131329222, 0.000236536550801, 0.00040322667337, 0.000263209192781, 0.000259796710452, 8.84894761839e-05, 0.000170275874552, 0.000132457222207, 0.000142394375871, 0.000134134155815, 0.000109720873297, 0.000119258947961, 0.000101827252365, 0.000120959688502, 7.21104224795e-05, 7.07458966644e-05, 6.88521322445e-05, 5.12601945957e-05, 2.71566659649e-05, 3.92343754356e-05, 1.4393107449e-05, 1.5425215679e-05], "mean": [0.00254670297727, 0.00290176342241, 0.00239652977325, 0.00100839312654, 0.000430518994108, 0.000253433710895, 0.000198608351639, 0.000160094423336, 9.24796840991e-05, 8.29382479424e-05, 5.02973598486e-05, 4.88027435495e-05, 4.228162652e-05, 3.1736359233e-05, 3.07829104713e-05, 3.6873807403e-05, 1.83407555596e-05, 1.2949019947e-05, 1.03290076368e-05, 8.16624196887e-06, 5.13049235451e-06, 4.2759097596e-06, 4.19914522354e-06, 3.34951937475e-06, 3.42748899129e-06, 2.78778952634e-06, 2.62790035777e-06, 2.61251284428e-06, 2.65969129032e-06, 2.6779594009e-06, 2.43169210989e-06, 2.32350680562e-06, 1.85162775779e-06, 1.50456867232e-06, 1.43988359014e-06, 1.23120264561e-06, 1.02348008113e-06, 1.05700075892e-06, 8.39724577872e-07, 8.26891835004e-07], "median": [0.00201617646962, 0.000792166742031, 0.000415191636421, 0.000225164170843, 0.000138268544106, 0.000138118310133, 0.000125667778775, 9.94402289507e-05, 5.5958655139e-05, 4.28717357863e-05, 2.34867566178e-05, 2.53071884799e-05, 2.25230796786e-05, 1.51140739035e-05, 1.30905291371e-05, 1.59917071869e-05, 9.06083278096e-06, 7.13762801752e-06, 5.3573680816e-06, 3.76982120542e-06, 2.60024603449e-06, 1.99097053155e-06, 1.93040477825e-06, 1.67575763044e-06, 1.65656820172e-06, 1.44881084907e-06, 1.24261930523e-06, 1.13904093269e-06, 1.1534443729e-06, 1.1149720649e-06, 8.68828408329e-07, 8.57369457208e-07, 6.15795727299e-07, 5.30526563125e-07, 4.36166658346e-07, 3.14840264082e-07, 2.94216846441e-07, 2.73139647788e-07, 2.60466094915e-07, 2.28318967288e-07], "min": [3.01723341535e-24, 1.12250262394e-24, 2.48433696906e-24, 6.94721005805e-24, 3.30329094566e-24, 3.89722175741e-24, 3.94815613947e-24, 3.57887575581e-24, 2.76213413962e-24, 3.73645348265e-24, 3.37935902782e-24, 4.85945890681e-24, 4.09224592255e-24, 6.68679839577e-24, 5.26801943595e-24, 5.61307863438e-24, 2.93490374976e-24, 9.62301993767e-24, 4.85294015472e-24, 6.88403413246e-24, 3.47712334866e-24, 5.62895761554e-24, 6.49769778716e-24, 6.89075522737e-24, 5.64478453188e-24, 5.09511453616e-24, 6.67612274114e-24, 6.43358942798e-24, 5.33543509448e-24, 8.45798045461e-24, 6.85703457911e-24, 7.01553566763e-24, 5.19973445271e-24, 7.97529224392e-24, 7.29155178748e-24, 7.81983615849e-24, 7.1444789269e-24, 6.80523560549e-24, 7.59458954878e-24, 6.89383336262e-24], "var": [7.11245411367e-06, 2.77020226349e-05, 2.35502702708e-05, 5.01183103552e-06, 1.24409427826e-06, 1.28601882921e-07, 5.32016990462e-08, 4.02720488069e-08, 1.25766597137e-08, 1.24688428471e-08, 4.96225860402e-09, 4.41093739312e-09, 3.10390557701e-09, 2.2756023732e-09, 3.97550836695e-09, 6.55393916915e-09, 8.42930003575e-10, 4.3644410308e-10, 4.74984385157e-10, 2.10303233161e-10, 1.14943408958e-10, 6.98890251227e-11, 8.40813599301e-11, 3.11680056764e-11, 4.49843981509e-11, 2.30353704861e-11, 1.9919657937e-11, 2.23001703908e-11, 2.21235651326e-11, 2.4386204861e-11, 2.11798009686e-11, 1.72172415214e-11, 1.46684105834e-11, 9.39692334362e-12, 9.33930190128e-12, 8.51707766814e-12, 5.29917386013e-12, 5.96080433277e-12, 1.92148467276e-12, 1.8759689982e-12]}, "mfcc": {"mean": [-682.916015625, 126.623260498, 20.1904411316, 20.0660171509, 3.0593392849, 10.6103420258, 2.34715080261, -1.44612038136, 0.428369641304, 1.86298704147, 3.47565317154, 1.91450047493, 0.951595664024], "cov": [[10911.8320312, 98.1153182983, 917.765686035, -112.976318359, 97.0063476562, 616.649414062, 518.72668457, 356.604827881, 299.734649658, 101.033630371, 175.524429321, 134.53175354, -29.1425418854], [98.1153182983, 999.059631348, -80.6143493652, 159.251922607, 93.2590103149, 53.3713607788, 53.1954956055, 16.9839935303, 43.4660835266, 45.9435882568, 39.2392196655, 21.0701465607, 14.4203977585], [917.765686035, -80.6143493652, 549.754272461, -77.0297851562, 99.1010742188, 119.38394165, 93.1889419556, 80.7329711914, 62.7456855774, 14.2810487747, 27.1254444122, 7.22592830658, 0.812793910503], [-112.976318359, 159.251922607, -77.0297851562, 359.864257812, 53.6987457275, 23.979177475, -7.1118311882, -28.8036079407, -16.0311641693, 19.3225669861, 13.7622261047, 2.56985974312, -10.4332513809], [97.0063476562, 93.2590103149, 99.1010742188, 53.6987457275, 177.943344116, 70.6313018799, 37.3776702881, 39.8109550476, 16.3078937531, 21.205575943, 15.2233753204, 7.56898355484, 4.61375570297], [616.649414062, 53.3713607788, 119.38394165, 23.979177475, 70.6313018799, 182.630950928, 111.77256012, 54.5225830078, 51.4532852173, 28.0710582733, 45.4633216858, 31.2888698578, 9.15898799896], [518.72668457, 53.1954956055, 93.1889419556, -7.1118311882, 37.3776702881, 111.77256012, 153.731719971, 73.9208297729, 59.7611465454, 30.9329280853, 40.4018173218, 26.9613876343, 12.8979969025], [356.604827881, 16.9839935303, 80.7329711914, -28.8036079407, 39.8109550476, 54.5225830078, 73.9208297729, 103.333496094, 57.1383132935, 20.472240448, 14.0466794968, 14.1980953217, 8.08312129974], [299.734649658, 43.4660835266, 62.7456855774, -16.0311641693, 16.3078937531, 51.4532852173, 59.7611465454, 57.1383132935, 93.4059143066, 41.6602783203, 32.9012489319, 19.1604537964, 12.4900474548], [101.033630371, 45.9435882568, 14.2810487747, 19.3225669861, 21.205575943, 28.0710582733, 30.9329280853, 20.472240448, 41.6602783203, 70.5419998169, 44.101108551, 17.0967121124, 13.5238618851], [175.524429321, 39.2392196655, 27.1254444122, 13.7622261047, 15.2233753204, 45.4633216858, 40.4018173218, 14.0466794968, 32.9012489319, 44.101108551, 82.6538467407, 39.6822967529, 20.8927249908], [134.53175354, 21.0701465607, 7.22592830658, 2.56985974312, 7.56898355484, 31.2888698578, 26.9613876343, 14.1980953217, 19.1604537964, 17.0967121124, 39.6822967529, 62.9374084473, 30.5573692322], [-29.1425418854, 14.4203977585, 0.812793910503, -10.4332513809, 4.61375570297, 9.15898799896, 12.8979969025, 8.08312129974, 12.4900474548, 13.5238618851, 20.8927249908, 30.5573692322, 59.0351142883]], "icov": [[0.000132443630719, -1.97968947759e-05, -0.000151781874592, -2.45438786806e-06, 0.000200172537006, -0.000294519850286, -7.42731645005e-05, -0.000187145211385, -2.572035919e-05, 1.08022404675e-05, -1.25668952933e-06, -0.000171423103893, 0.000235915314988], [-1.97968947759e-05, 0.00119560456369, 0.000338365556672, -0.000381453690352, -0.000671784044243, 0.000160037496244, -0.000396375253331, 0.00034378253622, -0.000651165959425, -2.82305845758e-05, -0.000122531651868, 7.11137690814e-05, -0.000155902496772], [-0.000151781874592, 0.000338365556672, 0.00276025664061, 0.000561423890758, -0.00147872255184, -0.000604270026088, -0.00014061058755, -0.000225656229304, -0.000943448918406, 0.000835278362501, -0.000637173303403, 0.000967724132352, -9.25794083741e-05], [-2.45438786806e-06, -0.000381453690352, 0.000561423890758, 0.00348901888356, -0.00110841682181, -0.000712217472028, 0.000155430068844, 0.00113283155952, 0.000608879025094, -0.00104252260644, -6.79406002746e-05, -0.00023686606437, 0.00096555671189], [0.000200172537006, -0.000671784044243, -0.00147872255184, -0.00110841682181, 0.00876279640943, -0.00325872027315, 0.0016320082359, -0.00372372148558, 0.00273489626125, -0.00222987844609, 0.000644435873255, 0.000266907532932, -0.000372611510102], [-0.000294519850286, 0.000160037496244, -0.000604270026088, -0.000712217472028, -0.00325872027315, 0.0130164818838, -0.00717342505231, 0.0018983616028, -0.00177106424235, 0.00160154001787, -0.00200999202207, -0.00182851334102, 0.000906159810256], [-7.42731645005e-05, -0.000396375253331, -0.00014061058755, 0.000155430068844, 0.0016320082359, -0.00717342505231, 0.0161864329129, -0.00710908090696, -0.000829376745969, -0.000464917393401, -0.00213252496906, 0.000378608092433, -0.000647388049401], [-0.000187145211385, 0.00034378253622, -0.000225656229304, 0.00113283155952, -0.00372372148558, 0.0018983616028, -0.00710908090696, 0.0209138728678, -0.00911813229322, 0.000608920818195, 0.00379559281282, -0.0017075932119, 4.33330824308e-05], [-2.572035919e-05, -0.000651165959425, -0.000943448918406, 0.000608879025094, 0.00273489626125, -0.00177106424235, -0.000829376745969, -0.00911813229322, 0.0231437087059, -0.00962304975837, -0.000771778228227, -0.000405785423936, -0.000451218453236], [1.08022404675e-05, -2.82305845758e-05, 0.000835278362501, -0.00104252260644, -0.00222987844609, 0.00160154001787, -0.000464917393401, 0.000608920818195, -0.00962304975837, 0.0273417308927, -0.012561891228, 0.00387321063317, -0.00202618702315], [-1.25668952933e-06, -0.000122531651868, -0.000637173303403, -6.79406002746e-05, 0.000644435873255, -0.00200999202207, -0.00213252496906, 0.00379559281282, -0.000771778228227, -0.012561891228, 0.0265211947262, -0.0120325041935, 0.00011700023606], [-0.000171423103893, 7.11137690814e-05, 0.000967724132352, -0.00023686606437, 0.000266907532932, -0.00182851334102, 0.000378608092433, -0.0017075932119, -0.000405785423936, 0.00387321063317, -0.0120325041935, 0.0294980332255, -0.0115549322218], [0.000235915314988, -0.000155902496772, -9.25794083741e-05, 0.00096555671189, -0.000372611510102, 0.000906159810256, -0.000647388049401, 4.33330824308e-05, -0.000451218453236, -0.00202618702315, 0.00011700023606, -0.0115549322218, 0.023788779974]]}, "spectral_contrast_coeffs": {"dmean": [0.0609777085483, 0.046256352216, 0.0394886508584, 0.0287851393223, 0.0232439022511, 0.0217360593379], "dmean2": [0.094862639904, 0.0757048726082, 0.0642624348402, 0.0474393293262, 0.0358317904174, 0.0314849577844], "dvar": [0.00330013153143, 0.00142389826942, 0.00112530752085, 0.000600211787969, 0.000434478017269, 0.000458401365904], "dvar2": [0.00699342694134, 0.00374024640769, 0.00286182994023, 0.0015080885496, 0.000923515646718, 0.000894369499292], "max": [-0.243586882949, -0.513689160347, -0.528078615665, -0.569968700409, -0.538130104542, -0.568612396717], "mean": [-0.644473791122, -0.753628492355, -0.783068776131, -0.802409648895, -0.811773061752, -0.783129453659], "median": [-0.667190670967, -0.757981300354, -0.790533900261, -0.808155894279, -0.815094172955, -0.787419855595], "min": [-0.974984049797, -0.977288961411, -0.98203933239, -0.966058373451, -0.966167211533, -0.963349282742], "var": [0.0113184610382, 0.00415536575019, 0.00382091943175, 0.00214069196954, 0.0015173490392, 0.00162974360865]}, "spectral_contrast_valleys": {"dmean": [0.47363999486, 0.417512774467, 0.444825351238, 0.344003736973, 0.367332726717, 0.466964542866], "dmean2": [0.780523180962, 0.663501858711, 0.669548630714, 0.527711868286, 0.543650507927, 0.598950266838], "dvar": [0.281013399363, 0.174440696836, 0.193699255586, 0.146910846233, 0.181244879961, 0.278297990561], "dvar2": [0.629772663116, 0.381442219019, 0.390154629946, 0.281152695417, 0.347971796989, 0.505585193634], "max": [-5.33542633057, -4.70609664917, -5.23340559006, -5.62110900879, -5.9055