{"lowlevel": {"average_loudness": 0.889518141747, "barkbands_crest": {"dmean": 2.6831407547, "dmean2": 4.22439908981, "dvar": 9.63892745972, "dvar2": 22.052400589, "max": 26.5402374268, "mean": 15.0028305054, "median": 14.680109024, "min": 2.35328888893, "var": 29.5893096924}, "barkbands_flatness_db": {"dmean": 0.0544377118349, "dmean2": 0.0757005736232, "dvar": 0.00398524152115, "dvar2": 0.00774825131521, "max": 0.679103851318, "mean": 0.289079964161, "median": 0.290318518877, "min": 0.0289987102151, "var": 0.0162716768682}, "barkbands_kurtosis": {"dmean": 18.0653266907, "dmean2": 27.5148258209, "dvar": 3395.35131836, "dvar2": 8239.54296875, "max": 3671.08105469, "mean": 56.5763549805, "median": 9.67090797424, "min": -1.96847689152, "var": 89226.2109375}, "barkbands_skewness": {"dmean": 1.1271982193, "dmean2": 1.66995346546, "dvar": 2.16192293167, "dvar2": 5.2278547287, "max": 49.5919685364, "mean": 3.30633449554, "median": 2.56560611725, "min": -6.51970386505, "var": 16.814043045}, "barkbands_spread": {"dmean": 5.09636497498, "dmean2": 7.99634933472, "dvar": 77.5498428345, "dvar2": 175.790710449, "max": 102.62677002, "mean": 9.25734996796, "median": 4.92939996719, "min": 0.0254734456539, "var": 131.729049683}, "dissonance": {"dmean": 0.0369890071452, "dmean2": 0.0568877980113, "dvar": 0.00160553259775, "dvar2": 0.00369634479284, "max": 0.499917387962, "mean": 0.399870485067, "median": 0.422268867493, "min": 0.0403627082705, "var": 0.0073040612042}, "dynamic_complexity": 3.94585490227, "erbbands_crest": {"dmean": 2.73276638985, "dmean2": 4.11329030991, "dvar": 11.4387931824, "dvar2": 23.8490200043, "max": 34.1529808044, "mean": 13.523557663, "median": 11.7205467224, "min": 2.58618593216, "var": 54.7764701843}, "erbbands_flatness_db": {"dmean": 0.0409173220396, "dmean2": 0.056393250823, "dvar": 0.00244414038025, "dvar2": 0.00477279117331, "max": 0.637533485889, "mean": 0.237601205707, "median": 0.227674543858, "min": 0.0505651310086, "var": 0.0113000608981}, "erbbands_kurtosis": {"dmean": 3.46997380257, "dmean2": 5.16288805008, "dvar": 117.701599121, "dvar2": 236.637481689, "max": 669.174987793, "mean": 8.53764915466, "median": 0.89975476265, "min": -1.8149869442, "var": 1376.42419434}, "erbbands_skewness": {"dmean": 0.596337199211, "dmean2": 0.878054559231, "dvar": 0.712319850922, "dvar2": 1.58166706562, "max": 19.7086257935, "mean": 0.859849274158, "median": 0.700328230858, "min": -7.37744855881, "var": 3.36501812935}, "erbbands_spread": {"dmean": 9.51839256287, "dmean2": 14.158700943, "dvar": 155.278656006, "dvar2": 354.381561279, "max": 139.835525513, "mean": 27.6448535919, "median": 22.1367034912, "min": 0.164803683758, "var": 449.748199463}, "hfc": {"dmean": 9.06150531769, "dmean2": 14.3278808594, "dvar": 499.361602783, "dvar2": 1263.23718262, "max": 292.850280762, "mean": 12.8234462738, "median": 6.46307992935, "min": 1.22835222468e-16, "var": 474.490478516}, "melbands_crest": {"dmean": 2.88510322571, "dmean2": 4.54818439484, "dvar": 11.7240095139, "dvar2": 26.7518825531, "max": 38.2941551208, "mean": 19.8875846863, "median": 19.7944602966, "min": 1.89952528477, "var": 38.4939918518}, "melbands_flatness_db": {"dmean": 0.061670254916, "dmean2": 0.0855131074786, "dvar": 0.00525181880221, "dvar2": 0.0103566953912, "max": 0.82937258482, "mean": 0.395260185003, "median": 0.400123655796, "min": 0.00468666944653, "var": 0.0218287985772}, "melbands_kurtosis": {"dmean": 18.833240509, "dmean2": 28.1437606812, "dvar": 1188.00549316, "dvar2": 2798.92724609, "max": 906.04510498, "mean": 37.4555244446, "median": 16.727230072, "min": -1.95402097702, "var": 3451.86865234}, "melbands_skewness": {"dmean": 1.11515641212, "dmean2": 1.62871527672, "dvar": 1.9043816328, "dvar2": 4.22280406952, "max": 17.9699325562, "mean": 3.57007598877, "median": 3.14891219139, "min": -5.43246364594, "var": 7.80863523483}, "melbands_spread": {"dmean": 4.60474395752, "dmean2": 7.08237981796, "dvar": 83.0125961304, "dvar2": 188.032958984, "max": 199.069839478, "mean": 8.98299121857, "median": 4.61974430084, "min": 0.153227940202, "var": 152.759063721}, "pitch_salience": {"dmean": 0.0791175439954, "dmean2": 0.124528497458, "dvar": 0.00873564183712, "dvar2": 0.0201765410602, "max": 0.923823058605, "mean": 0.414987653494, "median": 0.408352434635, "min": 0.006800301373, "var": 0.0251477174461}, "silence_rate_20dB": {"dmean": 0, "dmean2": 0, "dvar": 0, "dvar2": 0, "max": 1, "mean": 1, "median": 1, "min": 1, "var": 0}, "silence_rate_30dB": {"dmean": 0.0494578666985, "dmean2": 0.0989345535636, "dvar": 0.0470103770494, "dvar2": 0.109691977501, "max": 1, "mean": 0.946557641029, "median": 1, "min": 0, "var": 0.0505857765675}, "silence_rate_60dB": {"dmean": 0.0388054028153, "dmean2": 0.0776255726814, "dvar": 0.0373002067208, "dvar2": 0.0818701311946, "max": 1, "mean": 0.111639410257, "median": 0, "min": 0, "var": 0.0991743728518}, "spectral_centroid": {"dmean": 231.963684082, "dmean2": 340.174377441, "dvar": 149674.1875, "dvar2": 291374.1875, "max": 11037.7460938, "mean": 678.165344238, "median": 461.318969727, "min": 95.8272171021, "var": 359257.1875}, "spectral_complexity": {"dmean": 4.37587976456, "dmean2": 6.28576850891, "dvar": 58.1483039856, "dvar2": 99.6869125366, "max": 61, "mean": 10.0074176788, "median": 7, "min": 0, "var": 118.260047913}, "spectral_decrease": {"dmean": 4.03054833953e-09, "dmean2": 6.13071282629e-09, "dvar": 3.61847644332e-17, "dvar2": 8.46906818754e-17, "max": 2.47382858524e-18, "mean": -1.01497388272e-08, "median": -8.0734956498e-09, "min": -5.96208806769e-08, "var": 8.53785189507e-17}, "spectral_energy": {"dmean": 0.0158963296562, "dmean2": 0.0241748448461, "dvar": 0.000556972110644, "dvar2": 0.00131080998108, "max": 0.227180495858, "mean": 0.0394705943763, "median": 0.0315059348941, "min": 1.06847937543e-20, "var": 0.00127505313139}, "spectral_energyband_high": {"dmean": 0.000435967725934, "dmean2": 0.000718032824807, "dvar": 1.91284311768e-06, "dvar2": 4.92574827149e-06, "max": 0.0214900802821, "mean": 0.00035592133645, "median": 7.61062074162e-06, "min": 8.03433258831e-21, "var": 1.5510920548e-06}, "spectral_energyband_low": {"dmean": 0.0124991061166, "dmean2": 0.0190217103809, "dvar": 0.000425034057116, "dvar2": 0.00098770915065, "max": 0.220420598984, "mean": 0.0277083478868, "median": 0.0188439749181, "min": 5.25029373141e-23, "var": 0.000976438808721}, "spectral_energyband_middle_high": {"dmean": 0.00202210294083, "dmean2": 0.00319718406536, "dvar": 2.6491457902e-05, "dvar2": 6.56937991153e-05, "max": 0.0681836530566, "mean": 0.00244847475551, "median": 0.000332694675308, "min": 1.11756240698e-21, "var": 3.01862983179e-05}, "spectral_energyband_middle_low": {"dmean": 0.00400084815919, "dmean2": 0.00642728293315, "dvar": 6.89081352903e-05, "dvar2": 0.000174486194737, "max": 0.133563682437, "mean": 0.0103199854493, "median": 0.00477204751223, "min": 2.83366359733e-22, "var": 0.000204368203413}, "spectral_entropy": {"dmean": 0.429716348648, "dmean2": 0.608668506145, "dvar": 0.307054102421, "dvar2": 0.628331422806, "max": 9.79483604431, "mean": 6.47542572021, "median": 6.60243034363, "min": 2.41734337807, "var": 1.30320465565}, "spectral_flux": {"dmean": 0.0403526611626, "dmean2": 0.0619887262583, "dvar": 0.00259778066538, "dvar2": 0.00577000901103, "max": 0.406364113092, "mean": 0.0729598626494, "median": 0.0494257807732, "min": 1.03367273074e-10, "var": 0.00452884798869}, "spectral_kurtosis": {"dmean": 13.2699642181, "dmean2": 21.3294353485, "dvar": 412.338562012, "dvar2": 919.77532959, "max": 216.258331299, "mean": 27.9830875397, "median": 11.098824501, "min": -1.21038424969, "var": 1290.72875977}, "spectral_rms": {"dmean": 0.00118121912237, "dmean2": 0.00173638004344, "dvar": 2.39992073148e-06, "dvar2": 5.19858076586e-06, "max": 0.0148875620216, "mean": 0.00548958545551, "median": 0.00554414093494, "min": 3.2286512873e-12, "var": 8.37227889861e-06}, "spectral_rolloff": {"dmean": 293.280883789, "dmean2": 483.832672119, "dvar": 658692.3125, "dvar2": 1583386.25, "max": 19164.5507812, "mean": 634.32232666, "median": 322.998046875, "min": 43.06640625, "var": 1485913.625}, "spectral_skewness": {"dmean": 0.948164880276, "dmean2": 1.48437809944, "dvar": 1.37806487083, "dvar2": 2.9379901886, "max": 11.99497509, "mean": 3.38343143463, "median": 2.52087450027, "min": -0.164813399315, "var": 5.1443529129}, "spectral_spread": {"dmean": 1013650.8125, "dmean2": 1496507, "dvar": 2104577490940.0, "dvar2": 4478548836350.0, "max": 40904912, "mean": 3329028, "median": 2725996.25, "min": 357752.84375, "var": 5080088051710.0}, "spectral_strongpeak": {"dmean": 0.230041071773, "dmean2": 0.381753593683, "dvar": 0.167122781277, "dvar2": 0.386694461107, "max": 7.25938415527, "mean": 0.730594277382, "median": 0.567023396492, "min": 0, "var": 0.542159736156}, "zerocrossingrate": {"dmean": 0.00919291377068, "dmean2": 0.0110602760687, "dvar": 0.000193473344552, "dvar2": 0.000240233101067, "max": 0.7109375, "mean": 0.0271435342729, "median": 0.0185546875, "min": 0.0009765625, "var": 0.00106386328116}, "barkbands": {"dmean": [0.000604968634434, 0.00834234245121, 0.00431928317994, 0.00165973615367, 0.00136855011806, 0.000675722374581, 0.000464722164907, 0.000378565106075, 0.000373249669792, 0.000242600857746, 0.000301012420096, 0.000197560628294, 0.000242418886046, 0.00019289185002, 0.000197792382096, 0.000192160659935, 0.000156647569383, 0.000221886133659, 0.00029829115374, 0.000112668785732, 5.48813659407e-05, 5.63988724025e-05, 4.71773601021e-05, 5.45618277101e-05, 8.09394841781e-05, 7.17729999451e-05, 2.87315142486e-05], "dmean2": [0.000842477427796, 0.0129240360111, 0.00685660494491, 0.00258817872964, 0.00234412192367, 0.00111120985821, 0.000747598940507, 0.000595544639509, 0.000625616754405, 0.000391161505831, 0.000462129333755, 0.000337018922437, 0.000426457670983, 0.000328260823153, 0.00030641714693, 0.000329639122356, 0.000239817105466, 0.000370487308828, 0.000505737727508, 0.000178109490662, 8.92181706149e-05, 9.22763138078e-05, 7.42727861507e-05, 9.16036442504e-05, 0.0001456309692, 0.000126925544464, 5.10001991643e-05], "dvar": [3.82017014999e-06, 0.000241320492933, 8.85117042344e-05, 1.81773084478e-05, 1.83778483915e-05, 4.86577073389e-06, 4.28558723797e-06, 8.46763612117e-07, 1.22942321923e-06, 7.33545903131e-07, 1.00381032553e-06, 6.44853514586e-07, 7.60155160151e-07, 3.94795677039e-07, 5.12198425895e-07, 3.83211613553e-07, 2.00365590786e-07, 4.48695374189e-07, 9.15185012218e-07, 1.17347731532e-07, 4.06615150439e-08, 4.56605562249e-08, 2.89051769187e-08, 3.85511107481e-08, 1.69766792624e-07, 6.13138979588e-08, 8.44730685401e-09], "dvar2": [6.67802578391e-06, 0.000586184440181, 0.000211917169509, 4.19680727646e-05, 5.07980876137e-05, 1.15800730782e-05, 6.8719700721e-06, 2.01103011932e-06, 3.42329053638e-06, 1.93849882635e-06, 2.03552031053e-06, 1.81136283572e-06, 2.15669456338e-06, 1.09192092168e-06, 1.20589493235e-06, 1.05769572656e-06, 4.59704608602e-07, 1.16479168355e-06, 2.42120268013e-06, 2.80485210169e-07, 9.65002087128e-08, 1.10546139354e-07, 6.87513121989e-08, 1.03860784861e-07, 4.92809078878e-07, 1.71575877062e-07, 2.2735076044e-08], "max": [0.0511024743319, 0.198506712914, 0.113559618592, 0.0844766497612, 0.0739376693964, 0.0652851462364, 0.0987052693963, 0.0345934703946, 0.0188794191927, 0.0129612702876, 0.0319029502571, 0.0155038032681, 0.0113481339067, 0.00982313696295, 0.0100476201624, 0.0106904506683, 0.00589031539857, 0.00751431798562, 0.0107653737068, 0.00428487174213, 0.00251778913662, 0.00242634606548, 0.00215127272531, 0.00383810093626, 0.00729432003573, 0.0045543089509, 0.000665350002237], "mean": [0.000936124648433, 0.0166319627315, 0.00882157776505, 0.00243645207956, 0.00267510907724, 0.00210884260014, 0.00159806327429, 0.000886729103513, 0.000526421470568, 0.000348488218151, 0.000567580165807, 0.000185656856047, 0.000210905898712, 0.000181056006113, 0.000189131213119, 0.000170281360624, 0.000152785054524, 0.000191571205505, 0.000244735798333, 9.97175302473e-05, 4.99665293319e-05, 4.77459834656e-05, 4.1609397158e-05, 4.34061548731e-05, 5.50717377337e-05, 5.07933036715e-05, 1.88000176422e-05], "median": [5.3968600696e-05, 0.00822048354894, 0.00303212786093, 0.000441120297182, 0.000522930873558, 0.000467923178803, 0.000334349344485, 0.000215390740777, 0.000112398724013, 4.58965660073e-05, 2.53376529145e-05, 3.2204137824e-05, 2.1677416953e-05, 2.99788916891e-05, 1.53953169502e-05, 1.60775780387e-05, 1.29547934193e-05, 7.69312009652e-06, 8.05411400506e-06, 4.61830040877e-06, 1.65653523254e-06, 7.42720203561e-07, 3.87846966987e-07, 3.25444489135e-07, 1.96709862621e-07, 1.07002925631e-07, 2.32892887198e-08], "min": [7.88763954216e-24, 2.53686339076e-23, 2.32410034711e-23, 1.61221475352e-23, 3.99676566957e-23, 9.01763245956e-23, 3.99013608252e-23, 2.63562356962e-23, 6.34723542793e-23, 7.99631065388e-23, 7.85175157745e-23, 1.23606223964e-22, 1.12459695104e-22, 6.0686602433e-23, 7.38095370942e-23, 1.607086495e-22, 1.0638188155e-22, 8.5463492843e-23, 1.52623834963e-22, 2.14497818209e-22, 6.30474599118e-22, 5.3383431671e-22, 6.78906013885e-22, 8.07166820113e-22, 1.37367537686e-21, 1.86406524288e-21, 2.33319236662e-21], "var": [9.41488451645e-06, 0.000506793963723, 0.000212755679968, 3.3523174352e-05, 3.1262585253e-05, 2.72011911875e-05, 6.29692731309e-05, 4.26645374318e-06, 1.17047943604e-06, 1.1697983382e-06, 4.30539375884e-06, 4.26317171787e-07, 5.07641800596e-07, 3.05365261966e-07, 4.97319319948e-07, 2.89571886469e-07, 2.14024012735e-07, 3.78105454502e-07, 7.19964646123e-07, 1.13864068396e-07, 3.78630851117e-08, 4.07191045326e-08, 2.72998850193e-08, 2.80410645814e-08, 9.43414661947e-08, 3.92185626197e-08, 5.66168756322e-09]}, "erbbands": {"dmean": [0.195831567049, 2.08192324638, 4.8250169754, 5.52001094818, 3.82937192917, 5.42509555817, 5.57038211823, 5.37598180771, 6.48926448822, 7.20358657837, 8.62606525421, 9.76909542084, 7.40108060837, 7.84853219986, 11.7141056061, 8.11606884003, 10.9946880341, 9.77611255646, 9.00683021545, 11.977347374, 10.417473793, 9.48651218414, 11.8628692627, 14.3846788406, 12.0320339203, 5.84692573547, 2.61832499504, 1.97384333611, 1.95139551163, 1.93090951443, 1.27989602089, 1.07335102558, 1.01405370235, 1.10026955605, 0.450993865728, 0.298932999372, 0.125107213855, 0.040720064193, 0.00525477156043, 0.000162105672644], "dmean2": [0.302868902683, 3.2277739048, 7.60845184326, 8.54511547089, 6.12983798981, 9.42610263824, 8.94272136688, 8.86471271515, 10.5665388107, 11.4640808105, 13.4878549576, 16.6187458038, 12.0616292953, 11.9877147675, 18.0598926544, 13.8843212128, 19.4723529816, 16.7173309326, 14.6111631393, 19.0159549713, 17.2542476654, 14.3390340805, 19.466802597, 24.0319252014, 20.612537384, 9.22888851166, 4.241086483, 3.18432617188, 3.15482020378, 3.16499781609, 2.00109815598, 1.78228187561, 1.74945819378, 1.99345386028, 0.805952131748, 0.523305296898, 0.22293806076, 0.0721487998962, 0.00939341727644, 0.000282159686321], "dvar": [0.158640727401, 14.7630157471, 90.1354293823, 174.02973938, 94.7437515259, 404.062164307, 300.804443359, 343.956604004, 1065.37097168, 308.829345703, 491.28704834, 858.287414551, 678.501342773, 545.413024902, 1375.36987305, 987.328674316, 1546.21118164, 1067.89099121, 811.06060791, 1695.53588867, 966.091125488, 693.523254395, 1220.82531738, 2101.20605469, 1492.46850586, 322.345092773, 72.4168548584, 60.5916099548, 55.1756820679, 52.321975708, 20.7857780457, 11.9930849075, 18.5461616516, 34.6723861694, 4.5160651207, 1.40918374062, 0.171106219292, 0.0144670633599, 0.000288859271677, 2.30799074075e-07], "dvar2": [0.378658533096, 36.2976951599, 220.79385376, 411.134002686, 241.17855835, 1101.26721191, 653.360900879, 892.954162598, 1713.83654785, 725.826599121, 1182.41308594, 2436.05615234, 1806.09606934, 1305.60412598, 3099.16992188, 2786.76123047, 4417.89941406, 2972.01049805, 2021.65576172, 4215.78222656, 2590.38378906, 1600.95031738, 3086.61938477, 5507.32519531, 3979.66357422, 759.401184082, 173.479782104, 143.526062012, 129.934844971, 129.011642456, 49.2576637268, 30.9743061066, 51.7839546204, 100.874610901, 13.0524311066, 3.95962023735, 0.478984355927, 0.0390885062516, 0.000781762530096, 6.18794217644e-07], "max": [6.46406841278, 46.7620620728, 122.521369934, 165.050369263, 189.850158691, 397.115539551, 470.578460693, 624.395202637, 1600.99450684, 432.124847412, 946.137023926, 465.448852539, 344.565002441, 477.084259033, 935.125793457, 550.401611328, 552.98236084, 450.498443604, 406.346954346, 627.986877441, 424.346466064, 321.037811279, 373.941375732, 501.596160889, 420.229919434, 223.664916992, 116.149368286, 100.755706787, 79.4997711182, 85.4199981689, 54.521648407, 47.7902488708, 103.165840149, 115.198364258, 43.7521286011, 25.7927970886, 6.72059249878, 1.00034332275, 0.126807168126, 0.00371199054644], "mean": [0.349167615175, 4.2007021904, 10.6343507767, 9.44272518158, 6.28560256958, 10.2174091339, 17.5733852386, 14.4277410507, 23.6203365326, 17.506029129, 22.0606937408, 13.7882738113, 9.74572563171, 15.5278263092, 20.2503128052, 7.94549751282, 9.59582901001, 9.61570930481, 8.54203605652, 10.8844738007, 9.30675983429, 9.1153087616, 10.444355011, 11.9371366501, 9.79022693634, 5.17685556412, 2.42464232445, 1.77209448814, 1.69867396355, 1.59851467609, 1.11833631992, 0.904861569405, 0.757199048996, 0.731894075871, 0.318067640066, 0.223409608006, 0.0856496095657, 0.0271229278296, 0.00340956426226, 0.00014144249144], "median": [0.11978417635, 2.23177909851, 5.75361967087, 3.20023679733, 1.70597481728, 1.85946702957, 2.64535999298, 3.2673201561, 5.10610866547, 4.17999505997, 6.02854061127, 4.03404140472, 1.82960736752, 1.90059638023, 1.53709900379, 1.4793381691, 1.14362096786, 1.60934150219, 0.902030467987, 0.860850811005, 0.959138989449, 0.700791835785, 0.475253134966, 0.488107085228, 0.309455215931, 0.213517457247, 0.0959479138255, 0.053551286459, 0.0276969075203, 0.0152452234179, 0.00960956141353, 0.00716381054372, 0.00531413406134, 0.00269182655029, 0.00122152059339, 0.000537033716682, 0.000187189085409, 4.31770386058e-05, 2.85175774479e-05, 4.22589801019e-05], "min": [3.95282321414e-22, 6.71495568137e-21, 2.83291685276e-20, 2.95026243929e-20, 9.64964216433e-20, 1.83398168566e-19, 4.50163631771e-19, 7.55186586048e-19, 3.96732856531e-19, 6.9262908767e-19, 7.44351243807e-19, 9.66194621745e-19, 2.23694328976e-18, 2.56494294331e-18, 4.09846900414e-18, 5.80451288751e-18, 4.83342973175e-18, 3.78693500107e-18, 3.39679423119e-18, 4.59773619673e-18, 8.76339211895e-18, 6.24564086356e-18, 5.27754134826e-18, 6.32396121909e-18, 9.10705009469e-18, 9.78908532516e-18, 2.96313168424e-17, 1.64992538635e-17, 2.03748464962e-17, 1.73965843551e-17, 2.09066905429e-17, 1.40438062655e-17, 1.57256199608e-17, 1.19127929657e-17, 1.06041700756e-17, 7.79042836806e-18, 3.70764560346e-18, 1.09153306066e-18, 2.99327247072e-19, 3.75631181837e-20], "var": [0.296235978603, 31.0758228302, 220.361968994, 272.934112549, 169.638015747, 695.525695801, 2548.13037109, 1290.82421875, 15076.0927734, 1801.7454834, 2879.98413086, 795.191650391, 598.639099121, 1766.40087891, 4230.76855469, 654.921875, 1015.25012207, 876.432983398, 739.926513672, 1512.56835938, 786.08807373, 750.871826172, 1080.57202148, 1657.40344238, 1161.54650879, 317.315673828, 70.4912948608, 55.576965332, 51.3305435181, 44.8872718811, 19.9217185974, 10.271364212, 11.7611017227, 19.1019248962, 2.55655479431, 0.924375295639, 0.106674060225, 0.00970951095223, 0.000190384671441, 1.59858629445e-07]}, "gfcc": {"mean": [-119.126426697, 146.028640747, -83.2521820068, 11.9457168579, -28.9743404388, 0.440258175135, -21.4939594269, 12.4057674408, -11.0665054321, 0.750209927559, -8.76264858246, -8.54695892334, -10.2880153656], "cov": [[22835.6347656, -3453.33959961, -1060.18115234, 2517.72827148, 51.9116134644, 725.983215332, -1252.97839355, -419.005615234, -1374.02783203, 35.1001815796, -235.410522461, 642.082946777, -207.894348145], [-3453.33959961, 4445.45214844, 60.0054740906, -682.786499023, 997.720275879, -342.036254883, 360.120422363, -473.991729736, 284.248474121, -331.792266846, 459.51675415, -106.92816925, 533.910095215], [-1060.18115234, 60.0054740906, 1677.74914551, 287.585693359, 59.6874275208, 217.898284912, 195.127151489, 199.044372559, 227.605697632, 95.1233673096, -49.3981628418, -113.862693787, -111.998596191], [2517.72827148, -682.786499023, 287.585693359, 1421.31958008, 341.488067627, 278.323699951, 156.826522827, 140.805740356, -32.8269309998, 49.1974258423, -46.1480941772, -94.9377059937, -95.0518569946], [51.9116134644, 997.720275879, 59.6874275208, 341.488067627, 866.681396484, 102.775016785, 192.157104492, -122.779212952, -3.77809166908, -115.290138245, 102.683708191, -49.6892852783, 145.391052246], [725.983215332, -342.036254883, 217.898284912, 278.323699951, 102.775016785, 405.395141602, 122.107391357, 81.4153900146, -40.9110107422, 5.59205055237, -56.2133293152, -8.00726699829, -42.0876617432], [-1252.97839355, 360.120422363, 195.127151489, 156.826522827, 192.157104492, 122.107391357, 454.452362061, 177.87701416, 178.900039673, -21.342300415, 6.38958692551, -126.086776733, 1.4325953722], [-419.005615234, -473.991729736, 199.044372559, 140.805740356, -122.779212952, 81.4153900146, 177.87701416, 342.231903076, 142.870254517, 97.4667129517, -64.71484375, -87.8808517456, -126.022949219], [-1374.02783203, 284.248474121, 227.605697632, -32.8269309998, -3.77809166908, -40.9110107422, 178.900039673, 142.870254517, 304.546508789, 80.5569381714, 51.5816001892, -78.1318206787, -40.5488052368], [35.1001815796, -331.792266846, 95.1233673096, 49.1974258423, -115.290138245, 5.59205055237, -21.342300415, 97.4667129517, 80.5569381714, 169.977920532, 31.8923110962, 17.8503551483, -72.4678955078], [-235.410522461, 459.51675415, -49.3981628418, -46.1480941772, 102.683708191, -56.2133293152, 6.38958692551, -64.71484375, 51.5816001892, 31.8923110962, 168.538757324, 62.5348396301, 82.1320571899], [642.082946777, -106.92816925, -113.862693787, -94.9377059937, -49.6892852783, -8.00726699829, -126.086776733, -87.8808517456, -78.1318206787, 17.8503551483, 62.5348396301, 178.661758423, 79.0003128052], [-207.894348145, 533.910095215, -111.998596191, -95.0518569946, 145.391052246, -42.0876617432, 1.4325953722, -126.022949219, -40.5488052368, -72.4678955078, 82.1320571899, 79.0003128052, 192.326461792]], "icov": [[0.000116722643725, -0.000105687016912, 7.7355580288e-05, -0.000269353535259, 3.41639351973e-05, -0.000121654418763, 0.000230890291277, -8.73157623573e-05, 0.000309411552735, -4.39735631517e-05, 0.000223164446652, -0.000571420416236, 0.000408189778682], [-0.000105687016912, 0.0013548610732, -0.000315389654133, 0.000820371031296, -0.000663944287226, 0.000379863777198, -0.00042783288518, 0.000940436788369, -0.00105736812111, 0.001382549759, -0.00271684257314, 0.00269711273722, -0.00209882669151], [7.7355580288e-05, -0.000315389654133, 0.000867166672833, -0.000360141071724, 9.56832955126e-05, -0.000547771865968, 0.000303539447486, -0.000191991362954, -0.000333458650857, -0.000485480413772, 0.000958290242124, -0.000672737485729, 0.000579752842896], [-0.000269353535259, 0.000820371031296, -0.000360141071724, 0.00190442136955, -0.000865327485371, 5.31594232598e-05, -0.000690124812536, 0.000272014323855, -0.000501000788063, 0.000168961123563, -0.00169942365028, 0.00261895079166, -0.00137990631629], [3.41639351973e-05, -0.000663944287226, 9.56832955126e-05, -0.000865327485371, 0.00248776911758, -0.000622971681878, -0.000382026220905, 0.000344030820997, 0.000593550037593, 4.84037409478e-05, -5.73028883082e-05, -3.7588255509e-05, -9.72820052993e-05], [-0.000121654418763, 0.000379863777198, -0.000547771865968, 5.31594232598e-05, -0.000622971681878, 0.00414038915187, -0.00188419083133, 4.92492654303e-05, 0.000933474104386, -8.68458955665e-05, 0.000393377646105, -0.000786987016909, 0.000263923604507], [0.000230890291277, -0.00042783288518, 0.000303539447486, -0.000690124812536, -0.000382026220905, -0.00188419083133, 0.0061098402366, -0.00300288409926, -0.00161203241441, 0.00177477870602, -0.000168209560798, 0.000936433498282, -0.000847696443088], [-8.73157623573e-05, 0.000940436788369, -0.000191991362954, 0.000272014323855, 0.000344030820997, 4.92492654303e-05, -0.00300288409926, 0.00783443730325, -0.0020952837076, -0.00207412615418, 0.000629467482213, 0.0018060588045, -9.78182742983e-06], [0.000309411552735, -0.00105736812111, -0.000333458650857, -0.000501000788063, 0.000593550037593, 0.000933474104386, -0.00161203241441, -0.0020952837076, 0.00915181729943, -0.00351152522489, -0.000801281596068, -0.000624933280051, 0.00242788298056], [-4.39735631517e-05, 0.001382549759, -0.000485480413772, 0.000168961123563, 4.84037409478e-05, -8.68458955665e-05, 0.00177477870602, -0.00207412615418, -0.00351152522489, 0.014580222778, -0.00767449010164, -0.000503316870891, 0.00272484053858], [0.000223164446652, -0.00271684257314, 0.000958290242124, -0.00169942365028, -5.73028883082e-05, 0.000393377646105, -0.000168209560798, 0.000629467482213, -0.000801281596068, -0.00767449010164, 0.018532268703, -0.00892306584865, 0.000735106994398], [-0.000571420416236, 0.00269711273722, -0.000672737485729, 0.00261895079166, -3.7588255509e-05, -0.000786987016909, 0.000936433498282, 0.0018060588045, -0.000624933280051, -0.000503316870891, -0.00892306584865, 0.019327390939, -0.0106195956469], [0.000408189778682, -0.00209882669151, 0.000579752842896, -0.00137990631629, -9.72820052993e-05, 0.000263923604507, -0.000847696443088, -9.78182742983e-06, 0.00242788298056, 0.00272484053858, 0.000735106994398, -0.0106195956469, 0.0168408136815]]}, "melbands": {"dmean": [0.00209476519376, 0.00261186948046, 0.000888388371095, 0.000314645702019, 0.000202909723157, 0.000123817502754, 9.84794605756e-05, 7.71396662458e-05, 7.06814971636e-05, 5.86822934565e-05, 3.60229605576e-05, 3.07458285533e-05, 4.57952919533e-05, 2.2712696591e-05, 2.11459755519e-05, 2.4534363547e-05, 1.77606161742e-05, 1.47645987454e-05, 1.64548673638e-05, 1.33264566102e-05, 1.24779126054e-05, 9.62565263762e-06, 1.08869380711e-05, 9.91033448372e-06, 1.19032511066e-05, 1.13129626698e-05, 5.32161766387e-06, 3.61005891136e-06, 1.76773301064e-06, 1.19705691759e-06, 1.11335248221e-06, 1.0932802752e-06, 1.11810288672e-06, 1.06704078462e-06, 7.4139023809e-07, 6.8965363198e-07, 6.30669489965e-07, 6.6566536816e-07, 8.84375367605e-07, 9.27293626773e-07], "dmean2": [0.0032398966141, 0.00403320649639, 0.00136047287378, 0.000531642814167, 0.000335076183546, 0.000204034731723, 0.000158604976605, 0.000123754143715, 0.000111550434667, 9.94843358058e-05, 5.89056071476e-05, 4.71199200547e-05, 7.00974924257e-05, 3.79587872885e-05, 3.74007759092e-05, 4.33330060332e-05, 3.06704750983e-05, 2.47696334554e-05, 2.53255602729e-05, 2.22460203076e-05, 2.09593035834e-05, 1.46966913235e-05, 1.77801393875e-05, 1.65782694239e-05, 2.00450740522e-05, 1.94852837012e-05, 8.93480591913e-06, 5.6702187976e-06, 2.87900002149e-06, 1.93593837139e-06, 1.82656242487e-06, 1.77531808276e-06, 1.83235886198e-06, 1.7445006506e-06, 1.1722617046e-06, 1.09063819309e-06, 1.06751235762e-06, 1.14379633942e-06, 1.57737849804e-06, 1.6861797576e-06], "dvar": [1.62512114912e-05, 1.98357265617e-05, 4.13636053054e-06, 8.46930902298e-07, 4.15263400555e-07, 1.87682672959e-07, 2.2740105976e-07, 3.29466587345e-08, 3.53468792014e-08, 2.9830658832e-08, 1.61893236594e-08, 9.15343267849e-09, 2.28824088566e-08, 8.97394247801e-09, 6.58266641196e-09, 7.81071918254e-09, 3.58469520734e-09, 2.2793866794e-09, 3.84594889269e-09, 1.85943449527e-09, 1.35098054965e-09, 6.52681519941e-10, 1.20788790081e-09, 9.75347469456e-10, 1.45506362514e-09, 1.3274720212e-09, 2.60538368657e-10, 1.30726832137e-10, 3.2689375512e-11, 1.69823998614e-11, 2.25953492028e-11, 1.79104422265e-11, 1.73079068438e-11, 1.69151099377e-11, 7.57111127264e-12, 5.2077482951e-12, 4.07451676565e-12, 8.01800466299e-12, 2.02568118529e-11, 2.46015464944e-11], "dvar2": [3.88266489608e-05, 4.8702404456e-05, 9.62713875197e-06, 2.31200283451e-06, 1.02787009837e-06, 4.80362018607e-07, 3.53097050265e-07, 8.08763687132e-08, 8.88427891255e-08, 8.43895406888e-08, 4.30336939417e-08, 2.2183161974e-08, 4.72283012698e-08, 2.51272567198e-08, 1.88431990011e-08, 2.22067590983e-08, 1.00152686144e-08, 6.01981309245e-09, 8.69628902223e-09, 5.02658181745e-09, 3.62695473655e-09, 1.45636835924e-09, 2.98837798951e-09, 2.5467934428e-09, 3.81991638321e-09, 3.56697560377e-09, 6.66742605571e-10, 3.05313718751e-10, 7.99043262112e-11, 4.13057435478e-11, 5.352546531e-11, 4.25220553213e-11, 4.23327414789e-11, 4.25556985484e-11, 1.81560478457e-11, 1.27538023545e-11, 1.06871759706e-11, 2.21947044077e-11, 5.84298304185e-11, 7.16637166276e-11], "max": [0.0537896752357, 0.0479931682348, 0.027728965506, 0.018182374537, 0.0129095483571, 0.0144345350564, 0.0234830528498, 0.00316330674104, 0.0072363014333, 0.00263478094712, 0.0016753122909, 0.00212135538459, 0.00462337676436, 0.00215192115866, 0.00146535178646, 0.0011140704155, 0.000796160486061, 0.000735621433705, 0.00086425273912, 0.000754902022891, 0.000418252078816, 0.000242566558882, 0.000496553664561, 0.000380523415515, 0.000418448238634, 0.000392280053347, 0.000150729101733, 0.000139743293403, 9.1683192295e-05, 5.62071763852e-05, 6.90550805302e-05, 5.08150478709e-05, 3.65156774933e-05, 4.96772336191e-05, 3.49728325091e-05, 3.0175804568e-05, 2.99558141705e-05, 7.01420576661e-05, 0.000104617400211, 8.60583822941e-05], "mean": [0.00405995268375, 0.00578581308946, 0.00158175826073, 0.0005505651352, 0.000582942680921, 0.000340417958796, 0.000359776837286, 0.000176416215254, 0.000168820464751, 7.90098783909e-05, 4.64631739305e-05, 6.04583146924e-05, 8.55960097397e-05, 2.19074263441e-05, 1.84047767107e-05, 2.2015414288e-05, 1.70517141669e-05, 1.31463684738e-05, 1.56909136422e-05, 1.23002810142e-05, 1.07802707134e-05, 9.21526225284e-06, 1.0100493455e-05, 8.32646583149e-06, 9.79091782938e-06, 9.13512667466e-06, 4.38639881395e-06, 3.22033906741e-06, 1.61119066888e-06, 1.07795278836e-06, 9.97965571514e-07, 9.51531205828e-07, 9.20682794003e-07, 8.69825328209e-07, 6.33270758499e-07, 6.10960000813e-07, 5.1846484439e-07, 4.98944132232e-07, 6.13290694673e-07, 6.11774851222e-07], "median": [0.00186315807514, 0.00367468362674, 0.000613040174358, 0.000110463013698, 9.09054651856e-05, 7.6729018474e-05, 8.32540317788e-05, 4.71985913464e-05, 4.58988797618e-05, 1.69791019289e-05, 7.45314900996e-06, 6.86897874402e-06, 4.46643662144e-06, 3.91657158616e-06, 2.8766851301e-06, 2.52827885561e-06, 2.98389113595e-06, 1.32420836962e-06, 1.06299205527e-06, 1.16293495012e-06, 1.11571898742e-06, 7.70145277329e-07, 4.91281127779e-07, 3.52299878159e-07, 3.94504780843e-07, 2.49211382197e-07, 1.82823555406e-07, 1.25524167061e-07, 6.42578470433e-08, 3.99805060169e-08, 2.64341615264e-08, 1.6230853106e-08, 1.04521378219e-08, 7.49676498657e-09, 5.49298118102e-09, 4.36658176284e-09, 3.91177357173e-09, 3.75105990713e-09, 2.79898815236e-09, 2.00044603105e-09], "min": [5.09610613432e-24, 1.34324316156e-23, 8.18102637914e-24, 9.6563153899e-24, 1.41488104031e-23, 1.68824737638e-23, 6.40749548696e-24, 7.12032242826e-24, 5.62875803373e-24, 7.50510826744e-24, 1.22057907733e-23, 1.08345493605e-23, 1.15439104414e-23, 1.40993488243e-23, 1.26650782141e-23, 1.01976175436e-23, 6.84952383444e-24, 5.13857682774e-24, 6.2122224362e-24, 8.71403997128e-24, 9.92807244972e-24, 5.68050257595e-24, 5.94346462554e-24, 4.5879105007e-24, 4.89670063571e-24, 6.15403842241e-24, 6.87877795224e-24, 5.81686783304e-24, 1.79169244237e-23, 1.55701373836e-23, 8.21049033395e-24, 1.16754695634e-23, 9.34240318102e-24, 1.00970645994e-23, 1.25553011194e-23, 9.13152882815e-24, 8.68751846764e-24, 1.07203522781e-23, 1.07453236701e-23, 1.02342822207e-23], "var": [3.33134557877e-05, 4.60222327092e-05, 7.1168865361e-06, 1.52641905515e-06, 2.21050936489e-06, 7.12976202522e-07, 3.45855232808e-06, 1.30956408384e-07, 1.64603932262e-07, 2.82046261901e-08, 1.42815164139e-08, 2.94469320039e-08, 9.33560428962e-08, 6.02441563302e-09, 4.12241263348e-09, 5.45752376624e-09, 2.80745071635e-09, 1.82166559615e-09, 3.89653687094e-09, 1.52514256779e-09, 1.07026332241e-09, 7.38262007083e-10, 1.12757303494e-09, 7.71600228155e-10, 1.1350363982e-09, 1.03199326862e-09, 2.18349630043e-10, 1.30027474898e-10, 3.12425120497e-11, 1.55183487588e-11, 2.03977841562e-11, 1.65111101874e-11, 1.49873585764e-11, 1.40134110913e-11, 7.01242232684e-12, 5.00424658309e-12, 3.34723503255e-12, 5.20763553807e-12, 1.15100940931e-11, 1.34883215708e-11]}, "mfcc": {"mean": [-765.505981445, 175.89074707, 13.7088823318, 25.9946899414, 16.6231079102, 1.41024470329, 5.74492025375, 5.2686882019, 5.5185418129, 8.89189910889, 6.21208620071, 4.30147171021, 2.14425444603], "cov": [[14080.9697266, -1964.90246582, -1258.55175781, 591.632080078, 102.615890503, -94.8758926392, 160.118652344, -197.71194458, -433.337249756, -343.067657471, -380.348144531, -286.245635986, -50.4411392212], [-1964.90246582, 3631.20532227, 152.07749939, -157.726837158, 305.67300415, 143.715652466, 41.6008071899, -9.24530124664, -25.1019706726, -209.566131592, -149.292175293, -2.30415058136, 45.5030899048], [-1258.55175781, 152.07749939, 1288.79272461, 135.533615112, 101.242927551, 160.779571533, 6.56341028214, 81.7083969116, 138.634017944, 154.687026978, 146.028152466, 101.759513855, 48.2275886536], [591.632080078, -157.726837158, 135.533615112, 922.698974609, 320.05947876, 153.165634155, 252.754180908, 132.753417969, 146.8359375, 176.813735962, 122.565544128, 77.6135025024, 37.2392158508], [102.615890503, 305.67300415, 101.242927551, 320.05947876, 427.64755249, 213.188110352, 166.522201538, 67.8181304932, 66.0044021606, 15.6876296997, 13.3373155594, 18.6481819153, 21.9759674072], [-94.8758926392, 143.715652466, 160.779571533, 153.165634155, 213.188110352, 332.244232178, 184.216125488, 110.368553162, 82.4669189453, 21.5860748291, -2.05469870567, 0.381296396255, 17.9080371857], [160.118652344, 41.6008071899, 6.56341028214, 252.754180908, 166.522201538, 184.216125488, 311.946624756, 150.60395813, 123.724311829, 70.4673614502, 14.5708818436, -17.6431941986, 8.56793498993], [-197.71194458, -9.24530124664, 81.7083969116, 132.753417969, 67.8181304932, 110.368553162, 150.60395813, 198.101013184, 147.900268555, 98.1304931641, 54.6416854858, 10.800778389, 0.0963508039713], [-433.337249756, -25.1019706726, 138.634017944, 146.8359375, 66.0044021606, 82.4669189453, 123.724311829, 147.900268555, 207.446548462, 147.42225647, 95.5635375977, 38.2620735168, 3.26846194267], [-343.067657471, -209.566131592, 154.687026978, 176.813735962, 15.6876296997, 21.5860748291, 70.4673614502, 98.1304931641, 147.42225647, 218.648971558, 168.408370972, 79.2403411865, 10.7635650635], [-380.348144531, -149.292175293, 146.028152466, 122.565544128, 13.3373155594, -2.05469870567, 14.5708818436, 54.6416854858, 95.5635375977, 168.408370972, 214.936767578, 127.384498596, 38.0407752991], [-286.245635986, -2.30415058136, 101.759513855, 77.6135025024, 18.6481819153, 0.381296396255, -17.6431941986, 10.800778389, 38.2620735168, 79.2403411865, 127.384498596, 128.677536011, 63.5142784119], [-50.4411392212, 45.5030899048, 48.2275886536, 37.2392158508, 21.9759674072, 17.9080371857, 8.56793498993, 0.0963508039713, 3.26846194267, 10.7635650635, 38.0407752991, 63.5142784119, 84.6172866821]], "icov": [[0.000100852201285, 5.76590500714e-05, 6.06434841757e-05, -9.5486153441e-05, -3.34892865794e-05, 2.92127024295e-05, -6.02023537795e-05, -2.08822129935e-05, 0.000211363454582, 6.13031370449e-05, 2.77007475233e-05, 0.000154044319061, -9.88359533949e-05], [5.76590500714e-05, 0.000374864204787, -2.82851160591e-05, 9.59185344982e-05, -0.000348541594576, 0.000129336898681, -0.000124430007418, -4.41970441898e-05, -9.78839889285e-05, 0.000435777881648, 0.000321942876326, -0.000423752586357, 4.17911314798e-06], [6.06434841757e-05, -2.82851160591e-05, 0.00103524606675, -0.000114847927762, -8.80787411006e-06, -0.000690981221851, 0.000681706122123, 5.63909379707e-05, -0.000249493110459, -0.00051284575602, -0.000189753904124, 0.000282063847408, -0.000460240989923], [-9.5486153441e-05, 9.59185344982e-05, -0.000114847927762, 0.00217519840226, -0.00145372829866, 0.000590356008615, -0.00116530922242, -4.52560598205e-05, 0.000394129718188, -0.00179942674004, 0.00101099407766, -0.00152369390707, 0.000273184501566], [-3.34892865794e-05, -0.000348541594576, -8.80787411006e-06, -0.00145372829866, 0.00499974377453, -0.00234391726553, -0.000544785347302, 0.0010460971389, -0.00099001370836, 0.00190577737521, -0.00113620772026, -2.27502423513e-05, 0.000387493695598], [2.92127024295e-05, 0.000129336898681, -0.000690981221851, 0.000590356008615, -0.00234391726553, 0.00644328491762, -0.0026365572121, -0.00164713535924, 0.000263015186647, 0.000637177727185, 0.00126917008311, -0.00134368112776, -5.73778561375e-05], [-6.02023537795e-05, -0.000124430007418, 0.000681706122123, -0.00116530922242, -0.000544785347302, -0.0026365572121, 0.00866088364273, -0.00307541992515, -0.00129638554063, -0.00105275167152, -0.000699208059814, 0.00484383199364, -0.00315613904968], [-2.08822129935e-05, -4.41970441898e-05, 5.63909379707e-05, -4.52560598205e-05, 0.0010460971389, -0.00164713535924, -0.00307541992515, 0.0136997979134, -0.00770193757489, 0.000480918824906, -0.00119681889191, 0.00131880864501, 0.000156271722517], [0.000211363454582, -9.78839889285e-05, -0.000249493110459, 0.000394129718188, -0.00099001370836, 0.000263015186647, -0.00129638554063, -0.00770193757489, 0.0170520152897, -0.0088530825451, 0.00237444764934, -0.00138986390084, 0.000932125141844], [6.13031370449e-05, 0.000435777881648, -0.00051284575602, -0.00179942674004, 0.00190577737521, 0.000637177727185, -0.00105275167152, 0.000480918824906, -0.0088530825451, 0.0226538255811, -0.0144117269665, 0.00317373592407, 0.00191973720212], [2.77007475233e-05, 0.000321942876326, -0.000189753904124, 0.00101099407766, -0.00113620772026, 0.00126917008311, -0.000699208059814, -0.00119681889191, 0.00237444764934, -0.0144117269665, 0.0266935210675, -0.0210082046688, 0.00511523336172], [0.000154044319061, -0.000423752586357, 0.000282063847408, -0.00152369390707, -2.27502423513e-05, -0.00134368112776, 0.00484383199364, 0.00131880864501, -0.00138986390084, 0.00317373592407, -0.0210082046688, 0.0378396138549, -0.0186803583056], [-9.88359533949e-05, 4.17911314798e-06, -0.000460240989923, 0.000273184501566, 0.000387493695598, -5.73778561375e-05, -0.00315613904968, 0.000156271722517, 0.000932125141844, 0.00191973720212, 0.00511523336172, -0.0186803583056, 0.0235715229064]]}, "spectral_contrast_coeffs": {"dmean": [0.0496251285076, 0.0465940199792, 0.0387852564454, 0.0312100406736, 0.0247220192105, 0.0230663921684], "dmean2": [0.080477155745, 0.0724310129881, 0.0624953098595, 0.0507738292217, 0.0381118431687, 0.0358457528055], "dvar": [0.00222646328621, 0.00216802605428, 0.00142156251241, 0.00096071587177, 0.000606166664511, 0.000594869663473], "dvar2": [0.00539307994768, 0.00442367605865, 0.00338110141456, 0.00243014888838, 0.00133273808751, 0.00127303332556], "max": [-0.279496192932, -0.312884390354, -0.371509552002, -0.564708054066, -0.593737065792, -0.627367377281], "mean": [-0.602408707142, -0.669229030609, -0.76273560524, -0.81621325016, -0.820596694946, -0.817075788975], "median": [-0.602709174156, -0.669741749763, -0.770065426826, -0.826930522919, -0.829142570496, -0.820117712021], "min": [-0.966626882553, -0.961015224457, -0.960383296013, -0.966323316097, -0.963334202766, -0.959358394146], "var": [0.0101931076497, 0.0117234401405, 0.0078962193802, 0.00346915051341, 0.00237205228768, 0.00209609162994]}, "spectral_contrast_valleys": {"dmean": [0.526466012001, 0.538735389709, 0.568988204002, 0.623419165611, 0.702142000198, 0.82413226366], "dmean2": [0.804401099682, 0.789103627205, 0.849517583847, 0.883648872375, 0.928096592426, 1.13441133499], "dvar": [0.355747759342, 0.413978308439, 0.467322856188, 0.586112976074, 0.74958729744, 0.984856009483], "dvar2": [0.680683135986, 0.747143089771, 0.912896633148, 1.15040278435, 1.48187220097, 1.84765648842], "max": [-4.81505155563