{"lowlevel": {"average_loudness": 0.872032403946, "barkbands_crest": {"dmean": 2.1806678772, "dmean2": 3.59541630745, "dvar": 3.83873152733, "dvar2": 11.0581378937, "max": 21.3082351685, "mean": 10.6602249146, "median": 10.6088018417, "min": 2.98921704292, "var": 10.8460626602}, "barkbands_flatness_db": {"dmean": 0.0240523740649, "dmean2": 0.0362295731902, "dvar": 0.000543586618733, "dvar2": 0.00126947974786, "max": 0.402157753706, "mean": 0.198211118579, "median": 0.194180831313, "min": 0.019642598927, "var": 0.00340630766004}, "barkbands_kurtosis": {"dmean": 3.76815366745, "dmean2": 6.08573150635, "dvar": 29.4627971649, "dvar2": 75.2667541504, "max": 98.6383895874, "mean": 6.25239181519, "median": 3.31497049332, "min": -1.85852611065, "var": 77.0698852539}, "barkbands_skewness": {"dmean": 0.608395755291, "dmean2": 0.956712424755, "dvar": 0.38944080472, "dvar2": 0.96922570467, "max": 8.25109195709, "mean": 2.05326390266, "median": 1.92291498184, "min": -3.51672172546, "var": 1.74966394901}, "barkbands_spread": {"dmean": 4.35651445389, "dmean2": 6.88381147385, "dvar": 22.6590633392, "dvar2": 53.9026985168, "max": 78.8725585938, "mean": 17.5897331238, "median": 16.0642776489, "min": 0.928319454193, "var": 105.485397339}, "dissonance": {"dmean": 0.0151533093303, "dmean2": 0.0254593268037, "dvar": 0.000191546874703, "dvar2": 0.000521417998243, "max": 0.49999126792, "mean": 0.464213848114, "median": 0.467582434416, "min": 0.323754757643, "var": 0.000444460776635}, "dynamic_complexity": 7.01686477661, "erbbands_crest": {"dmean": 2.16448783875, "dmean2": 3.52054357529, "dvar": 3.94046926498, "dvar2": 9.86367893219, "max": 26.3726444244, "mean": 8.68628025055, "median": 7.94690990448, "min": 2.45280575752, "var": 11.4369812012}, "erbbands_flatness_db": {"dmean": 0.0176338106394, "dmean2": 0.0242693834007, "dvar": 0.000371583329979, "dvar2": 0.000703444995452, "max": 0.366293698549, "mean": 0.210330098867, "median": 0.216290801764, "min": 0.0355088748038, "var": 0.00208248081617}, "erbbands_kurtosis": {"dmean": 0.534798383713, "dmean2": 0.860697388649, "dvar": 0.578161478043, "dvar2": 1.39651966095, "max": 13.5954666138, "mean": -0.548108816147, "median": -0.860552549362, "min": -1.77020835876, "var": 1.29263699055}, "erbbands_skewness": {"dmean": 0.325886487961, "dmean2": 0.498885452747, "dvar": 0.0915360599756, "dvar2": 0.201288565993, "max": 2.91695427895, "mean": -0.228641659021, "median": -0.197543665767, "min": -3.59686803818, "var": 0.463812172413}, "erbbands_spread": {"dmean": 6.41005468369, "dmean2": 9.96490859985, "dvar": 42.4513931274, "dvar2": 100.761810303, "max": 92.8464126587, "mean": 39.2310218811, "median": 38.175994873, "min": 4.17418336868, "var": 160.523071289}, "hfc": {"dmean": 3.71331548691, "dmean2": 5.26775884628, "dvar": 48.6236801147, "dvar2": 97.7198944092, "max": 198.389831543, "mean": 12.0405673981, "median": 8.47613716125, "min": 1.11401190888e-16, "var": 173.956222534}, "melbands_crest": {"dmean": 3.22020101547, "dmean2": 5.28932380676, "dvar": 8.75111579895, "dvar2": 24.4133758545, "max": 30.0362949371, "mean": 16.884847641, "median": 16.9752635956, "min": 1.62351155281, "var": 28.1318874359}, "melbands_flatness_db": {"dmean": 0.0301419850439, "dmean2": 0.0450717322528, "dvar": 0.000881463754922, "dvar2": 0.00198084907606, "max": 0.551727712154, "mean": 0.3058629632, "median": 0.305022865534, "min": 0.00385162909515, "var": 0.00610319944099}, "melbands_kurtosis": {"dmean": 9.75040149689, "dmean2": 15.749045372, "dvar": 174.717300415, "dvar2": 453.55859375, "max": 231.641891479, "mean": 19.947889328, "median": 12.8006134033, "min": -1.72184062004, "var": 465.165710449}, "melbands_skewness": {"dmean": 0.871201276779, "dmean2": 1.37119579315, "dvar": 0.795680880547, "dvar2": 2.01287794113, "max": 12.4434099197, "mean": 3.51369166374, "median": 3.25706291199, "min": -1.4229619503, "var": 3.29284667969}, "melbands_spread": {"dmean": 5.43005228043, "dmean2": 8.55395698547, "dvar": 50.8052253723, "dvar2": 116.383644104, "max": 162.486785889, "mean": 17.4991588593, "median": 12.9030075073, "min": 0.720070242882, "var": 239.073760986}, "pitch_salience": {"dmean": 0.0732041597366, "dmean2": 0.121324717999, "dvar": 0.00444507738575, "dvar2": 0.0128805441782, "max": 0.97189450264, "mean": 0.473216712475, "median": 0.474314749241, "min": 0.143147706985, "var": 0.0103731742129}, "silence_rate_20dB": {"dmean": 0, "dmean2": 0, "dvar": 0, "dvar2": 0, "max": 1, "mean": 1, "median": 1, "min": 1, "var": 0}, "silence_rate_30dB": {"dmean": 0.0545350648463, "dmean2": 0.109079033136, "dvar": 0.0515632405877, "dvar2": 0.120183415711, "max": 1, "mean": 0.927428543568, "median": 1, "min": 0, "var": 0.0672986730933}, "silence_rate_60dB": {"dmean": 0.0153481913731, "dmean2": 0.0306988898665, "dvar": 0.015112423338, "dvar2": 0.0344952493906, "max": 1, "mean": 0.20000000298, "median": 0, "min": 0, "var": 0.159990102053}, "spectral_centroid": {"dmean": 210.382873535, "dmean2": 322.224365234, "dvar": 60567.6445312, "dvar2": 127081.429688, "max": 11461.8466797, "mean": 1211.58850098, "median": 1109.64440918, "min": 180.097808838, "var": 612062.75}, "spectral_complexity": {"dmean": 2.29079914093, "dmean2": 3.44301104546, "dvar": 8.04087257385, "dvar2": 15.6327104568, "max": 49, "mean": 13.965795517, "median": 15, "min": 0, "var": 68.3455200195}, "spectral_decrease": {"dmean": 3.56786289402e-09, "dmean2": 5.52227996664e-09, "dvar": 4.72838573489e-17, "dvar2": 1.14130992788e-16, "max": 7.14617810173e-22, "mean": -8.63401261597e-09, "median": -4.97164887037e-09, "min": -7.78994575512e-08, "var": 1.12789821995e-16}, "spectral_energy": {"dmean": 0.0137199051678, "dmean2": 0.0211683977395, "dvar": 0.000690668472089, "dvar2": 0.00165939517319, "max": 0.297612398863, "mean": 0.0336789377034, "median": 0.0197767689824, "min": 1.03069143861e-20, "var": 0.00167043076362}, "spectral_energyband_high": {"dmean": 7.10826643626e-05, "dmean2": 0.000111161229142, "dvar": 1.02096933574e-07, "dvar2": 2.68544141591e-07, "max": 0.0052709938027, "mean": 9.34638010222e-05, "median": 1.56909845828e-05, "min": 7.01622996621e-21, "var": 9.53768690692e-08}, "spectral_energyband_low": {"dmean": 0.0118632270023, "dmean2": 0.0192038305104, "dvar": 0.000566620263271, "dvar2": 0.00150896550622, "max": 0.266728639603, "mean": 0.022843664512, "median": 0.00973445177078, "min": 2.29615984048e-23, "var": 0.00108392280526}, "spectral_energyband_middle_high": {"dmean": 0.00110011221841, "dmean2": 0.00161469297018, "dvar": 5.29581302544e-06, "dvar2": 1.11633407869e-05, "max": 0.0744663998485, "mean": 0.00338407186791, "median": 0.00212925462984, "min": 1.2250720567e-21, "var": 1.87820060091e-05}, "spectral_energyband_middle_low": {"dmean": 0.00453614117578, "dmean2": 0.00697328150272, "dvar": 0.000110626933747, "dvar2": 0.000258162675891, "max": 0.149043813348, "mean": 0.00911787617952, "median": 0.0053364741616, "min": 2.07164857535e-22, "var": 0.000172444968484}, "spectral_entropy": {"dmean": 0.155366420746, "dmean2": 0.235705897212, "dvar": 0.0277206692845, "dvar2": 0.0587098747492, "max": 9.81817054749, "mean": 6.94430971146, "median": 6.88179302216, "min": 5.76960134506, "var": 0.154379144311}, "spectral_flux": {"dmean": 0.02560287714, "dmean2": 0.0404613018036, "dvar": 0.00165543705225, "dvar2": 0.00376479909755, "max": 0.435388892889, "mean": 0.0669117793441, "median": 0.0479360073805, "min": 6.43688366497e-11, "var": 0.00407753931358}, "spectral_kurtosis": {"dmean": 4.91959810257, "dmean2": 8.61514663696, "dvar": 25.7887153625, "dvar2": 76.6580886841, "max": 61.2229537964, "mean": 10.8918790817, "median": 9.13648033142, "min": -1.25258970261, "var": 46.7760238647}, "spectral_rms": {"dmean": 0.000938894867431, "dmean2": 0.00139073922765, "dvar": 1.99726719075e-06, "dvar2": 4.39351651949e-06, "max": 0.0170397646725, "mean": 0.00472450861707, "median": 0.00439254008234, "min": 3.17104502379e-12, "var": 1.05365024865e-05}, "spectral_rolloff": {"dmean": 318.70880127, "dmean2": 542.787414551, "dvar": 296441.90625, "dvar2": 622312.6875, "max": 20887.2070312, "mean": 995.849975586, "median": 516.796875, "min": 107.666015625, "var": 1953627.125}, "spectral_skewness": {"dmean": 0.431160330772, "dmean2": 0.75098490715, "dvar": 0.165696591139, "dvar2": 0.502534508705, "max": 5.46870660782, "mean": 1.7932459116, "median": 1.68981170654, "min": -0.0693934634328, "var": 0.374265551567}, "spectral_spread": {"dmean": 343157.90625, "dmean2": 512434.28125, "dvar": 346359103488, "dvar2": 702929829888, "max": 42581340, "mean": 2605658.75, "median": 2242899, "min": 1136144.75, "var": 5062666485760.0}, "spectral_strongpeak": {"dmean": 0.326706707478, "dmean2": 0.569711387157, "dvar": 0.783963322639, "dvar2": 2.06004977226, "max": 18.4117412567, "mean": 0.551595270634, "median": 0.289837986231, "min": 0, "var": 0.996543288231}, "zerocrossingrate": {"dmean": 0.00614343816414, "dmean2": 0.00758486380801, "dvar": 5.78732324357e-05, "dvar2": 8.8565844635e-05, "max": 0.525390625, "mean": 0.0393480956554, "median": 0.03369140625, "min": 0.00390625, "var": 0.00134956953116}, "barkbands": {"dmean": [0.000249652919592, 0.00687210867181, 0.00564748281613, 0.00317224627361, 0.00111615844071, 0.000348557950929, 0.000665437721182, 0.000179183247383, 0.000327075540554, 0.0002513009822, 0.000156853129738, 8.64990943228e-05, 9.36116484809e-05, 0.000174491244252, 0.000188232515939, 0.000205724383704, 0.000315285637043, 0.00017583873705, 9.9569602753e-05, 4.0317314415e-05, 1.86561464943e-05, 1.31785836857e-05, 9.18515797821e-06, 1.22436804304e-05, 7.61673618399e-06, 1.55972213634e-06, 2.31269746109e-06], "dmean2": [0.000426242535468, 0.0111931255087, 0.00933132041246, 0.00525888707489, 0.00177874509245, 0.000549849530216, 0.00103765039239, 0.000271162687568, 0.00046081491746, 0.000383443868486, 0.000239041561144, 0.000130659231218, 0.000140164367622, 0.000269140989985, 0.000307528069243, 0.000325876666466, 0.000500492227729, 0.000270666670986, 0.000142918070196, 5.76185011596e-05, 2.91968735837e-05, 2.11341830436e-05, 1.48882127178e-05, 2.1278823624e-05, 1.30893249661e-05, 2.74225249086e-06, 3.13321925205e-06], "dvar": [4.21685285801e-07, 0.000212683371501, 0.00014344745432, 7.58342139306e-05, 6.39605650576e-06, 4.81191079871e-07, 1.64775087796e-06, 1.13737371521e-07, 6.0394643242e-07, 6.54852215121e-07, 2.29700972909e-07, 3.33922507423e-08, 4.50183357259e-08, 2.02822306505e-07, 4.28542534792e-07, 3.19122506198e-07, 9.35958041737e-07, 3.80396869559e-07, 6.66443114028e-08, 1.23275105679e-08, 5.08529263143e-09, 3.62549767985e-09, 2.53799914418e-09, 5.98299054744e-09, 2.21561990976e-09, 9.87593826163e-11, 4.91362887878e-11], "dvar2": [1.11789927359e-06, 0.000613242387772, 0.00039786825073, 0.000191426472156, 1.60602139658e-05, 1.2107608427e-06, 4.17236697103e-06, 2.79542916815e-07, 1.22394544633e-06, 1.4950367131e-06, 4.55431944602e-07, 7.4566720798e-08, 9.73212976874e-08, 4.27102975209e-07, 1.11915915113e-06, 6.35681203676e-07, 2.19824664782e-06, 8.82570645899e-07, 1.29238472368e-07, 2.40195703327e-08, 1.27972166197e-08, 9.45047329282e-09, 6.7741350307e-09, 1.69070570877e-08, 6.17409634529e-09, 2.80055728608e-10, 1.03570998999e-10], "max": [0.0207812450826, 0.166922777891, 0.134645104408, 0.114729836583, 0.0323461070657, 0.0160448625684, 0.0311866104603, 0.0059627792798, 0.0363140106201, 0.0319720357656, 0.0208079889417, 0.00530025595799, 0.00732803111896, 0.0173833463341, 0.0216353293508, 0.0291847549379, 0.0469652116299, 0.019758682698, 0.00826118700206, 0.00463369907811, 0.00113737210631, 0.00103772152215, 0.000953979906626, 0.00135948136449, 0.000917376950383, 0.000221842114115, 0.000251404504525], "mean": [0.000334585551172, 0.0121254930273, 0.00865544565022, 0.00390687165782, 0.00188763753977, 0.000691203342285, 0.00148233061191, 0.00034738969407, 0.000735108333174, 0.000421626551542, 0.00027973917895, 0.000179567359737, 0.000178803966264, 0.000310739007546, 0.000270149379503, 0.000408660707762, 0.000670068722684, 0.00039724362432, 0.000237434636801, 8.99907390703e-05, 2.30915011343e-05, 1.38294963108e-05, 8.81579035195e-06, 9.61661135079e-06, 5.97396046942e-06, 1.14635213322e-06, 6.34599700788e-06], "median": [8.75914047356e-05, 0.00544965174049, 0.00238970504142, 0.000821406254545, 0.000711033469997, 0.000289205956506, 0.000635030097328, 0.000163269025506, 0.000233955943258, 0.000130371307023, 7.71052582422e-05, 6.67997519486e-05, 6.04473170824e-05, 0.000112042878754, 8.66760747158e-05, 0.000161089308676, 0.000208975499845, 0.000109903827251, 5.99680060986e-05, 1.54413701239e-05, 2.85182341031e-06, 8.33839067127e-07, 3.13911925787e-07, 1.58800503414e-07, 7.39309342634e-08, 2.2718573689e-08, 2.02227738555e-06], "min": [7.37050394511e-25, 5.43629175008e-24, 1.05863299379e-24, 2.56546539671e-24, 1.91595633652e-23, 1.51739951029e-23, 1.18712072532e-23, 1.07046689344e-23, 2.61054710139e-23, 1.44222595696e-23, 7.28563217525e-24, 3.32087217033e-23, 5.40877430955e-23, 3.34657041872e-23, 5.05801077903e-23, 6.03520181241e-23, 5.94766854419e-23, 1.12469843011e-22, 1.53681829966e-22, 1.58042779267e-22, 2.55083209791e-22, 3.54474508922e-22, 3.17007882083e-22, 6.14092394119e-22, 8.94186382112e-22, 1.2690874155e-21, 1.95594449098e-21], "var": [4.83646658722e-07, 0.000310612871544, 0.00022218938102, 8.21996145532e-05, 9.53212656896e-06, 1.17131605748e-06, 5.22208438269e-06, 2.53271537076e-07, 2.09330210055e-06, 1.19869662285e-06, 5.57033331461e-07, 9.71211875367e-08, 1.15650237831e-07, 4.33218673379e-07, 4.98936856275e-07, 9.5691984825e-07, 2.42314786192e-06, 9.77430886451e-07, 3.03520550915e-07, 5.51725385378e-08, 5.53565726591e-09, 3.3386400311e-09, 2.0038393167e-09, 3.78707820659e-09, 1.44815304193e-09, 6.08025435556e-11, 1.36304301179e-10]}, "erbbands": {"dmean": [0.0893360748887, 1.92459905148, 6.98631334305, 6.91769218445, 7.98296356201, 2.76062011719, 1.49027693272, 3.36153817177, 10.2583045959, 6.26502084732, 4.47118377686, 6.71231794357, 7.03841018677, 8.07456684113, 4.56097650528, 3.53155112267, 4.48541164398, 6.30987024307, 9.63624382019, 8.79161643982, 13.5823574066, 18.4887237549, 10.2956075668, 7.36706972122, 3.45789551735, 1.8044782877, 0.868891537189, 0.617443144321, 0.514509022236, 0.322323381901, 0.262735575438, 0.238817304373, 0.215830951929, 0.110704392195, 0.0406857319176, 0.0110302669927, 0.00194065039977, 0.000401258555939, 0.000134399131639, 7.16275972081e-05], "dmean2": [0.151435241103, 3.12464308739, 11.3908548355, 11.3031072617, 12.7017126083, 4.3332529068, 2.32873535156, 5.32025718689, 16.4358978271, 9.08769321442, 6.46188211441, 9.61608695984, 10.4388608932, 12.3520717621, 6.93661546707, 5.27357149124, 6.57614326477, 9.62731266022, 15.4813938141, 14.0857458115, 21.5370025635, 29.1559200287, 15.6822977066, 10.9940090179, 4.83455753326, 2.45635867119, 1.33509612083, 0.966048955917, 0.838619053364, 0.509764313698, 0.42640337348, 0.404537141323, 0.380754321814, 0.190938606858, 0.0700400471687, 0.0193566456437, 0.00335614616051, 0.000693953188602, 0.000185434386367, 9.6189098258e-05], "dvar": [0.0403817147017, 16.3913898468, 204.274719238, 288.984680176, 494.385131836, 32.9385528564, 11.0846748352, 45.8091430664, 488.216339111, 134.328155518, 72.0050201416, 289.686309814, 347.394683838, 519.507995605, 184.152175903, 58.9883308411, 90.9388656616, 211.754852295, 706.24230957, 825.091003418, 1365.87585449, 3012.89282227, 1383.69921875, 528.360900879, 82.5277862549, 28.6526050568, 8.75808238983, 6.54946517944, 6.23273181915, 2.46377205849, 1.94358944893, 1.94461250305, 2.05672860146, 0.499700754881, 0.0630234628916, 0.00495984498411, 0.000134707981488, 6.08611662756e-06, 1.42823992633e-07, 4.44373888797e-08], "dvar2": [0.115084819496, 46.9342002869, 554.345214844, 732.267211914, 1206.77026367, 81.9017486572, 27.9799728394, 117.443908691, 1277.21374512, 303.188140869, 156.366836548, 620.543334961, 751.375549316, 1229.19091797, 363.426147461, 128.208480835, 185.4584198, 470.591796875, 1727.00183105, 2010.36083984, 2771.93505859, 6563.15722656, 3138.4699707, 1148.47021484, 139.785614014, 47.7521286011, 21.3574428558, 16.5113182068, 16.6807441711, 6.27822399139, 5.17156791687, 5.41469907761, 5.85659122467, 1.40450322628, 0.17497061193, 0.0140502378345, 0.000376272044377, 1.72384479811e-05, 3.35318873113e-07, 9.09946749061e-08], "max": [2.56246852875, 48.1761932373, 155.410614014, 216.115386963, 305.600158691, 109.552619934, 61.0750083923, 135.606063843, 510.278839111, 247.645294189, 226.315505981, 709.234191895, 762.772338867, 664.179382324, 587.024780273, 242.419967651, 243.793029785, 580.536499023, 842.527893066, 1172.83874512, 1791.39599609, 1881.58374023, 1662.05395508, 720.737243652, 443.202301025, 306.268981934, 53.1840705872, 46.7794494629, 43.6517601013, 25.8707752228, 24.7868614197, 24.7346286774, 26.8625869751, 16.0605297089, 5.57903003693, 1.57541322708, 0.224084749818, 0.0462415926158, 0.00930151715875, 0.00804681796581], "mean": [0.193960264325, 3.22689771652, 11.4593725204, 9.80330181122, 10.9850263596, 5.47891378403, 3.1694316864, 6.94522762299, 21.3118019104, 13.716758728, 9.97424507141, 14.270731926, 14.4739685059, 14.4138383865, 8.5883808136, 7.62751722336, 9.35508441925, 11.8261632919, 15.9769477844, 14.7071456909, 28.1401233673, 39.9834632874, 24.8990936279, 17.2912635803, 8.7430934906, 4.42853450775, 1.38947415352, 0.755855083466, 0.523453176022, 0.342373818159, 0.244045898318, 0.197001814842, 0.161131814122, 0.0857277289033, 0.0320758372545, 0.008211071603, 0.00149137864355, 0.000328305148287, 0.000340650585713, 0.000215172593016], "median": [0.110685840249, 1.26701021194, 3.44206905365, 2.74735379219, 3.14691257477, 1.96286892891, 1.3636868, 2.83554887772, 7.12895154953, 6.0388917923, 4.53303718567, 4.76722240448, 5.87407398224, 5.42082309723, 3.32190799713, 3.32545423508, 3.79285764694, 4.88080501556, 5.30938625336, 6.6146697998, 11.5564460754, 12.4172325134, 7.17568206787, 5.34609699249, 2.01953363419, 0.717623651028, 0.238057404757, 0.0799617618322, 0.0348906591535, 0.014308495447, 0.00825274456292, 0.00441161356866, 0.0021381971892, 0.00116598559543, 0.000376249488909, 0.000133155059302, 5.23334820173e-05, 2.42877631536e-05, 9.97975876089e-05, 9.93357607513e-05], "min": [1.31815287249e-22, 1.10636527743e-21, 2.40484910862e-21, 8.67161628135e-21, 2.28542264586e-20, 5.66951272054e-20, 5.38827131228e-20, 1.40832190952e-19, 1.73892415762e-19, 3.19197572952e-19, 3.84649272896e-19, 5.61191329106e-19, 5.45285111216e-19, 9.44535414393e-19, 8.76485643542e-19, 1.72326340558e-18, 2.44387348013e-18, 2.91179652456e-18, 3.71152383976e-18, 3.05251669716e-18, 3.56211889111e-18, 4.53477948031e-18, 6.67523132443e-18, 6.53405227338e-18, 7.66775582885e-18, 8.51564821676e-18, 1.07580868809e-17, 1.2616732766e-17, 1.24933902105e-17, 1.13629370612e-17, 9.49252453195e-18, 8.77403214316e-18, 9.70214616124e-18, 8.72588361407e-18, 6.69891929563e-18, 4.47321904476e-18, 2.36951924884e-18, 1.01530102599e-18, 2.53122359772e-19, 2.68860711697e-20], "var": [0.0633305981755, 24.4944839478, 365.896118164, 354.652282715, 575.988342285, 68.9194564819, 24.4400463104, 112.468482971, 1434.61767578, 385.39263916, 231.891143799, 858.118530273, 934.918029785, 893.19543457, 431.545013428, 177.175628662, 267.788513184, 471.630279541, 1302.77355957, 1187.71203613, 3986.27685547, 8610.91796875, 3809.59936523, 1360.71350098, 576.437988281, 172.593490601, 13.2974996567, 6.88355731964, 5.24940729141, 2.2970662117, 1.53658080101, 1.31720292568, 1.25320982933, 0.318585366011, 0.0415240116417, 0.00307435146533, 8.66659902385e-05, 3.75812032871e-06, 4.35081602745e-07, 1.28764966689e-07]}, "gfcc": {"mean": [-115.388877869, 161.145172119, -128.129425049, 28.5293540955, -7.51028776169, -16.148519516, -16.1421089172, 9.3237991333, -2.37511515617, -13.6771669388, -1.98236608505, -12.7364740372, -4.64538478851], "cov": [[28055.6132812, 168.283538818, -908.623718262, 719.888916016, -438.094787598, 380.336608887, 57.8998031616, 17.8910541534, -122.824783325, -188.464279175, 18.7140254974, -337.561431885, 20.7479763031], [168.283538818, 1484.29394531, -178.232971191, -121.758132935, 532.876708984, -251.024749756, 128.100769043, -84.756439209, 150.475891113, -68.0961380005, 36.5604934692, -18.5427799225, 97.7432556152], [-908.623718262, -178.232971191, 525.826782227, 146.844223022, -81.3110275269, 224.998748779, -119.017028809, 14.677400589, -48.4492759705, 73.7602767944, -67.8956680298, 33.7525444031, -55.5893135071], [719.888916016, -121.758132935, 146.844223022, 262.0859375, -48.9814567566, 131.546813965, 7.79929876328, -13.3473882675, -70.4557800293, 4.38693332672, -22.2757320404, -36.1474647522, -33.0578994751], [-438.094787598, 532.876708984, -81.3110275269, -48.9814567566, 412.397857666, -141.065841675, 112.811950684, -4.38548755646, 62.6053314209, -90.4081726074, 14.7221059799, -12.476650238, 44.3009109497], [380.336608887, -251.024749756, 224.998748779, 131.546813965, -141.065841675, 368.251708984, -72.2098617554, 13.4179639816, -42.9025421143, 71.0947341919, -84.2992248535, -0.364733964205, -42.4507446289], [57.8998031616, 128.100769043, -119.017028809, 7.79929876328, 112.811950684, -72.2098617554, 190.579803467, 3.74303984642, -0.818102180958, -41.3888931274, 47.813709259, -43.1829795837, 9.0879945755], [17.8910541534, -84.756439209, 14.677400589, -13.3473882675, -4.38548755646, 13.4179639816, 3.74303984642, 136.239532471, 47.0904006958, -20.8270511627, -20.0086364746, 21.076461792, -15.6988964081], [-122.824783325, 150.475891113, -48.4492759705, -70.4557800293, 62.6053314209, -42.9025421143, -0.818102180958, 47.0904006958, 168.542785645, 10.4787797928, -13.8994255066, 13.8421278, 22.0392589569], [-188.464279175, -68.0961380005, 73.7602767944, 4.38693332672, -90.4081726074, 71.0947341919, -41.3888931274, -20.8270511627, 10.4787797928, 157.78112793, 39.9031028748, 1.25268578529, -18.2347278595], [18.7140254974, 36.5604934692, -67.8956680298, -22.2757320404, 14.7221059799, -84.2992248535, 47.813709259, -20.0086364746, -13.8994255066, 39.9031028748, 125.344558716, 10.4586629868, -4.85408735275], [-337.561431885, -18.5427799225, 33.7525444031, -36.1474647522, -12.476650238, -0.364733964205, -43.1829795837, 21.076461792, 13.8421278, 1.25268578529, 10.4586629868, 89.3960037231, 24.2537631989], [20.7479763031, 97.7432556152, -55.5893135071, -33.0578994751, 44.3009109497, -42.4507446289, 9.0879945755, -15.6988964081, 22.0392589569, -18.2347278595, -4.85408735275, 24.2537631989, 75.1622543335]], "icov": [[5.42557172594e-05, -6.73207905493e-05, 0.000168512517121, -0.000198226014618, 0.000125034785015, -0.000142903678352, 0.000159328643349, -0.000126528873807, -8.76105968928e-06, 0.000157073620358, -0.000199672649615, 0.000230380683206, -0.000136642949656], [-6.73207905493e-05, 0.00158149236813, -0.000146234902786, 0.000270726799499, -0.00192314141896, 0.000408738094848, -0.00013318398851, 0.00119028857443, -0.00079453876242, -0.000561266264413, 0.000361039827112, -0.000229197612498, -0.000203961419174], [0.000168512517121, -0.000146234902786, 0.00430359365419, -0.0022595024202, -0.00062481261557, -0.00108971178997, 0.00160753622185, -0.000537256477401, 0.000773806183133, -0.00149438972585, 0.0013814145932, -0.00189425819553, 0.00189001997933], [-0.000198226014618, 0.000270726799499, -0.0022595024202, 0.00694515602663, -6.6816675826e-05, -0.00124998984393, -0.00142848596442, 0.000652051414363, 0.0011107592145, 0.00103768496774, -0.000598276092205, 0.00200252979994, -3.02894313791e-05], [0.000125034785015, -0.00192314141896, -0.00062481261557, -6.6816675826e-05, 0.00631392979994, 5.02771035826e-05, -0.00163702713326, -0.000664635270368, -0.000763571937568, 0.00288786040619, -0.00113358325325, 0.00105100590736, -0.00114688638132], [-0.000142903678352, 0.000408738094848, -0.00108971178997, -0.00124998984393, 5.02771035826e-05, 0.00628006225452, -0.00131755229086, 0.000194849606487, 0.000852118479088, -0.00376372318715, 0.00540557922795, -0.00240734103136, 0.00183243211359], [0.000159328643349, -0.00013318398851, 0.00160753622185, -0.00142848596442, -0.00163702713326, -0.00131755229086, 0.0103835994378, -0.0024361400865, 0.000314396776957, 0.00257119443268, -0.00580366328359, 0.00605964520946, -0.00265231053345], [-0.000126528873807, 0.00119028857443, -0.000537256477401, 0.000652051414363, -0.000664635270368, 0.000194849606487, -0.0024361400865, 0.0114363590255, -0.00408492935821, 0.00130360829644, 0.00216292683035, -0.00464740302414, 0.00471488479525], [-8.76105968928e-06, -0.00079453876242, 0.000773806183133, 0.0011107592145, -0.000763571937568, 0.000852118479088, 0.000314396776957, -0.00408492935821, 0.00962447654456, -0.0035385498777, 0.00292840786278, -0.000487409881316, -0.00119758758228], [0.000157073620358, -0.000561266264413, -0.00149438972585, 0.00103768496774, 0.00288786040619, -0.00376372318715, 0.00257119443268, 0.00130360829644, -0.0035385498777, 0.0135059729218, -0.0092719020322, 0.00466547254473, -0.00161881779786], [-0.000199672649615, 0.000361039827112, 0.0013814145932, -0.000598276092205, -0.00113358325325, 0.00540557922795, -0.00580366328359, 0.00216292683035, 0.00292840786278, -0.0092719020322, 0.0191577915102, -0.00916791148484, 0.00630630366504], [0.000230380683206, -0.000229197612498, -0.00189425819553, 0.00200252979994, 0.00105100590736, -0.00240734103136, 0.00605964520946, -0.00464740302414, -0.000487409881316, 0.00466547254473, -0.00916791148484, 0.0215542409569, -0.0102407662198], [-0.000136642949656, -0.000203961419174, 0.00189001997933, -3.02894313791e-05, -0.00114688638132, 0.00183243211359, -0.00265231053345, 0.00471488479525, -0.00119758758228, -0.00161881779786, 0.00630630366504, -0.0102407662198, 0.0216786619276]]}, "melbands": {"dmean": [0.00130849436391, 0.00329181365669, 0.00127733172849, 0.000341941340594, 5.99305349169e-05, 8.59361243783e-05, 0.000143731493154, 5.97972975811e-05, 4.09585518355e-05, 4.2941479478e-05, 3.66276144632e-05, 3.49824731529e-05, 2.01715120056e-05, 7.72055773268e-06, 1.2214317394e-05, 1.08103758976e-05, 1.17845811474e-05, 1.67960079125e-05, 1.39076737469e-05, 9.76686715148e-06, 1.83439187822e-05, 2.08376186492e-05, 1.35657392093e-05, 8.54367499414e-06, 6.26123073744e-06, 2.79643882095e-06, 2.29999909607e-06, 1.02105389033e-06, 5.68856592054e-07, 4.85670341277e-07, 3.1361204833e-07, 3.0954836916e-07, 2.23924416787e-07, 1.64671689618e-07, 1.40867399523e-07, 1.7122437157e-07, 1.3566227608e-07, 1.73501220502e-07, 1.08608396943e-07, 9.05557726583e-08], "dmean2": [0.00216080341488, 0.00534307397902, 0.0020380911883, 0.000533088925295, 9.41356775002e-05, 0.000137580238516, 0.000228337594308, 8.69791183504e-05, 5.85982415942e-05, 6.18477424723e-05, 5.44498361705e-05, 5.34128630534e-05, 3.06324909616e-05, 1.18223106256e-05, 1.80448041647e-05, 1.63127497217e-05, 1.80632305273e-05, 2.69079428108e-05, 2.26113370445e-05, 1.56017413246e-05, 2.9357155654e-05, 3.31311457558e-05, 2.11557889997e-05, 1.32396135086e-05, 9.35317257245e-06, 4.05836726713e-06, 3.26687427332e-06, 1.39512758324e-06, 8.7885149469e-07, 7.71980921854e-07, 4.95255221722e-07, 5.1549619684e-07, 3.56506120625e-07, 2.63495167019e-07, 2.2733222238e-07, 2.93618512615e-07, 2.30373146337e-07, 3.10823310201e-07, 1.87461949963e-07, 1.57409488111e-07], "dvar": [8.05013769423e-06, 4.41837146354e-05, 1.0212748748e-05, 6.72602993745e-07, 1.73828880179e-08, 3.01229690081e-08, 8.81601067704e-08, 1.24480568076e-08, 6.7645453683e-09, 1.16899139257e-08, 1.01095034566e-08, 1.05266231287e-08, 4.28456292667e-09, 3.34776956157e-10, 5.94364335527e-10, 5.86538928538e-10, 7.36027183645e-10, 2.27841057132e-09, 3.76433773042e-09, 6.08014749659e-10, 2.67203348336e-09, 3.82075393546e-09, 3.55285467712e-09, 6.84511058946e-10, 3.84072884607e-10, 5.80991747767e-11, 3.82627783624e-11, 9.91725278288e-12, 3.63500852682e-12, 3.45585539352e-12, 1.83787750643e-12, 2.26750714559e-12, 1.24589618136e-12, 6.68299183354e-13, 5.04154552307e-13, 1.14391048717e-12, 6.06893983852e-13, 1.46819568222e-12, 4.40337382442e-13, 3.91082890898e-13], "dvar2": [2.31805224757e-05, 0.000121088909509, 2.4448527256e-05, 1.62866240316e-06, 4.42514505039e-08, 7.95296699607e-08, 2.28615377296e-07, 2.86324404186e-08, 1.3955729905e-08, 2.50046934269e-08, 2.19203588614e-08, 2.47674574183e-08, 8.26959123401e-09, 7.59627138969e-10, 1.25946708618e-09, 1.30968280665e-09, 1.63268298881e-09, 5.18613196832e-09, 9.86826442784e-09, 1.40462785847e-09, 5.57361046205e-09, 8.35547719902e-09, 8.89307916196e-09, 1.54420021214e-09, 8.40489289278e-10, 1.16071395551e-10, 6.72927616407e-11, 1.66758482023e-11, 8.53036564996e-12, 8.90796811315e-12, 4.63300578457e-12, 6.14640890267e-12, 3.2178855934e-12, 1.72533948933e-12, 1.311710289e-12, 3.22862244752e-12, 1.68122601344e-12, 4.22237071696e-12, 1.22546103039e-12, 1.11172117519e-12], "max": [0.0312882773578, 0.0759894698858, 0.0400529503822, 0.0108971158043, 0.00193163054064, 0.00370141281746, 0.00687950709835, 0.00230887462385, 0.00251508131623, 0.00420945696533, 0.00390234100632, 0.0030632307753, 0.00293202721514, 0.000489296333399, 0.00061548652593, 0.00112497725058, 0.000949655543081, 0.00184921675827, 0.00237969844602, 0.00103783339728, 0.00253889686428, 0.00215729069896, 0.00343465153128, 0.000782880582847, 0.000608159112744, 0.000268437346676, 0.000309156515868, 0.000180173970875, 4.45278092229e-05, 3.10955256282e-05, 2.75838738162e-05, 2.7118881917e-05, 1.81555151357e-05, 1.34538968268e-05, 1.23161617012e-05, 2.31398826145e-05, 1.17820882224e-05, 2.40160261455e-05, 1.25516926346e-05, 1.63393415278e-05], "mean": [0.002486852929, 0.00556531827897, 0.00190036895219, 0.000570520700421, 0.000127155726659, 0.000175968656549, 0.000305983063299, 0.000124565965962, 8.92131065484e-05, 9.12175091798e-05, 7.2764181823e-05, 6.06738358329e-05, 3.59552213922e-05, 1.63923068612e-05, 2.43195245275e-05, 2.00117738132e-05, 2.12332561205e-05, 2.68977219093e-05, 2.04005918931e-05, 1.73637945409e-05, 3.53213727067e-05, 4.22896519012e-05, 2.95651680062e-05, 1.85982080438e-05, 1.39433059303e-05, 6.32034152659e-06, 5.38444601261e-06, 2.33951686823e-06, 8.99757594652e-07, 5.82689438033e-07, 3.70567562413e-07, 3.07880213768e-07, 2.32242953757e-07, 1.71862197362e-07, 1.35032706794e-07, 1.39710763847e-07, 1.11588761342e-07, 1.24774615529e-07, 8.53149657587e-08, 6.89850381264e-08], "median": [0.00132974388544, 0.0018675008323, 0.000534504884854, 0.000196112101548, 5.23180351593e-05, 6.85417908244e-05, 0.000116631832498, 5.24984716321e-05, 3.44050858985e-05, 2.92818185699e-05, 2.68182811851e-05, 2.16896987695e-05, 1.11315212052e-05, 5.27823340235e-06, 8.4074872575e-06, 7.37591062716e-06, 8.28047996038e-06, 7.37670188755e-06, 6.64957224217e-06, 7.80602113082e-06, 1.23818717839e-05, 1.2039050489e-05, 7.24638266547e-06, 5.25989253219e-06, 3.95401730202e-06, 1.41697387335e-06, 8.47654519021e-07, 3.15567206144e-07, 1.37867047556e-07, 6.48743423426e-08, 3.0716016397e-08, 2.13561897056e-08, 8.44280645396e-09, 6.77736444743e-09, 4.6506523077e-09, 3.35217498204e-09, 2.24295293449e-09, 1.59201563044e-09, 1.09133568849e-09, 8.53454307226e-10], "min": [1.86490997565e-24, 2.02413267468e-24, 2.56547861013e-24, 4.25299763123e-24, 2.02802550603e-24, 3.03265880149e-24, 2.60351570804e-24, 3.05441302146e-24, 3.3963988178e-24, 4.05469693232e-24, 2.02258453515e-24, 3.10765324395e-24, 1.64639915338e-24, 4.27414383666e-24, 3.48807313246e-24, 5.1303568971e-24, 4.97210942737e-24, 4.09781804155e-24, 3.80664080397e-24, 3.89176599539e-24, 3.42379477375e-24, 4.28147038231e-24, 5.24582404552e-24, 3.96436920323e-24, 4.73803704185e-24, 4.42241379367e-24, 5.6964060118e-24, 4.97298269639e-24, 5.98004016141e-24, 5.37827221379e-24, 5.89334000919e-24, 5.44790259931e-24, 5.85567426755e-24, 5.91304654346e-24, 4.59094643189e-24, 5.47530723273e-24, 4.32665475724e-24, 5.89214449049e-24, 6.49196710712e-24, 7.32797743978e-24], "var": [1.13086252895e-05, 7.91279308032e-05, 1.3680038137e-05, 9.83930931397e-07, 3.56987577277e-08, 7.64058398772e-08, 2.57336523646e-07, 3.37178676091e-08, 2.35304060681e-08, 3.50670852356e-08, 2.63787356403e-08, 1.79247834353e-08, 1.01476729242e-08, 9.80332481859e-10, 1.73611314214e-09, 1.30686284017e-09, 1.59678748002e-09, 4.54938131611e-09, 3.99584676458e-09, 1.21446896983e-09, 7.59382778881e-09, 1.04232302789e-08, 7.52901385681e-09, 1.76821024489e-09, 9.58601753531e-10, 2.65265143184e-10, 2.58312066181e-10, 5.35031741133e-11, 6.16400420289e-12, 3.58406511934e-12, 1.89410921843e-12, 1.83200980428e-12, 1.13264530133e-12, 5.98651119996e-13, 4.24364617882e-13, 7.44776853037e-13, 4.16152735102e-13, 8.62675382518e-13, 2.89083535755e-13, 2.40200735821e-13]}, "mfcc": {"mean": [-745.075195312, 180.539779663, -30.5055923462, 43.5210456848, 24.1195201874, -6.57834386826, 4.79006719589, 12.7221126556, 5.96410894394, 6.11145544052, 4.56366586685, 3.76033616066, 0.582307696342], "cov": [[15148.9013672, 2695.24780273, -1478.13684082, 985.162109375, -149.43788147, 19.3037261963, 204.085906982, 164.985992432, -32.663356781, 115.927970886, 21.65076828, 18.7800350189, -174.070968628], [2695.24780273, 2449.58691406, -857.293334961, 396.782073975, 323.765106201, -140.318908691, 36.9846000671, 74.9613952637, 95.5608825684, 28.1498355865, -23.6666259766, 0.643170118332, 47.6344909668], [-1478.13684082, -857.293334961, 874.899719238, -190.741851807, 24.5171775818, 208.958023071, -51.8283004761, -51.6574707031, -8.05458831787, -25.0534591675, 23.4210834503, 5.77499198914, 0.745248675346], [985.162109375, 396.782073975, -190.741851807, 290.539215088, 37.8296279907, -28.8754749298, 92.797454834, 31.5149688721, -16.8145008087, 12.2536945343, -9.64453697205, -3.7694773674, -2.02560210228], [-149.43788147, 323.765106201, 24.5171775818, 37.8296279907, 234.1587677, 26.6507759094, -26.0422019958, 48.8124198914, 60.2019996643, -18.7726135254, -6.25357723236, -7.33755683899, -3.06110477448], [19.3037261963, -140.318908691, 208.958023071, -28.8754749298, 26.6507759094, 244.610641479, 44.0286331177, -41.8086662292, 12.9768028259, 21.9369277954, -3.23112440109, -18.8089199066, -3.7490773201], [204.085906982, 36.9846000671, -51.8283004761, 92.797454834, -26.0422019958, 44.0286331177, 197.657821655, 16.175491333, -60.2937736511, 24.6306991577, -5.8052315712, -23.618347168, 3.29531645775], [164.985992432, 74.9613952637, -51.6574707031, 31.5149688721, 48.8124198914, -41.8086662292, 16.175491333, 163.157302856, 66.3804550171, -30.0681934357, 10.1529216766, 3.69322037697, -32.2910118103], [-32.663356781, 95.5608825684, -8.05458831787, -16.8145008087, 60.2019996643, 12.9768028259, -60.2937736511, 66.3804550171, 144.026489258, 17.1197319031, -7.58371400833, 3.09300851822, -12.9188222885], [115.927970886, 28.1498355865, -25.0534591675, 12.2536945343, -18.7726135254, 21.9369277954, 24.6306991577, -30.0681934357, 17.1197319031, 109.961143494, 24.3609218597, -19.055267334, 9.36940097809], [21.65076828, -23.6666259766, 23.4210834503, -9.64453697205, -6.25357723236, -3.23112440109, -5.8052315712, 10.1529216766, -7.58371400833, 24.3609218597, 93.1122131348, 42.4157752991, -8.79557800293], [18.7800350189, 0.643170118332, 5.77499198914, -3.7694773674, -7.33755683899, -18.8089199066, -23.618347168, 3.69322037697, 3.09300851822, -19.055267334, 42.4157752991, 94.153465271, 28.985710144], [-174.070968628, 47.6344909668, 0.745248675346, -2.02560210228, -3.06110477448, -3.7490773201, 3.29531645775, -32.2910118103, -12.9188222885, 9.36940097809, -8.79557800293, 28.985710144, 86.8893508911]], "icov": [[0.000128999381559, -0.000145371712279, 7.49039973016e-05, -0.00029930297751, 0.000362241524272, -0.000349018315319, 0.000305088848108, -0.000320122082485, 0.000328716560034, -0.000243291651714, 0.000192469378817, -0.000256812258158, 0.000377934571588], [-0.000145371712279, 0.00123252603225, 0.00090482836822, -0.000426439393777, -0.00182595429942, 0.000295137666399, -0.000254278274952, 0.000813239836134, -0.000802644470241, 0.000473679217976, -0.000693970010616, 0.000558262458071, -0.00115124986041], [7.49039973016e-05, 0.00090482836822, 0.00273382454179, -5.01610983861e-08, -0.00128619535826, -0.0018955571577, 0.000799814763013, 2.80525709968e-05, 0.000433347740909, 0.000504678988364, -0.000827501819003, 0.000194143693079, -0.000654964300338], [-0.00029930297751, -0.000426439393777, -5.01610983861e-08, 0.00631084432825, -0.00120742886793, 0.00118040654343, -0.00296195736155, 9.19085578062e-05, 0.000249283504672, -0.000519597320817, 0.00104623602238, -0.00102074327879, 0.000475689157611], [0.000362241524272, -0.00182595429942, -0.00128619535826, -0.00120742886793, 0.00849905982614, -0.00171786372084, 0.00166946521495, -0.00232092151418, -0.000653292110655, 0.000980785232969, -0.000183764568646, 0.00095848669298, 0.000467822770588], [-0.000349018315319, 0.000295137666399, -0.0018955571577, 0.00118040654343, -0.00171786372084, 0.00801482237875, -0.00450597470626, 0.0044682896696, -0.00443404959515, 0.00124479271472, -0.00114350800868, 0.0013210172765, -5.04004019604e-05], [0.000305088848108, -0.000254278274952, 0.000799814763013, -0.00296195736155, 0.00166946521495, -0.00450597470626, 0.0112320743501, -0.0064788213931, 0.00802966021001, -0.00474305497482, 0.00274032657035, -0.00032017097692, -0.000205129545066], [-0.000320122082485, 0.000813239836134, 2.80525709968e-05, 9.19085578062e-05, -0.00232092151418, 0.0044682896696, -0.0064788213931, 0.0148396007717, -0.0108149973676, 0.00778328580782, -0.00591690465808, 0.00292547466233, 0.000764243246522], [0.000328716560034, -0.000802644470241, 0.000433347740909, 0.000249283504672, -0.000653292110655, -0.00443404959515, 0.00802966021001, -0.0108149973676, 0.0186881646514, -0.0101289376616, 0.00833527278155, -0.00600352231413, 0.0032798696775], [-0.000243291651714, 0.000473679217976, 0.000504678988364, -0.000519597320817, 0.000980785232969, 0.00124479271472, -0.00474305497482, 0.00778328580782, -0.0101289376616, 0.0190169550478, -0.0120355291292, 0.0102072842419, -0.00578286265954], [0.000192469378817, -0.000693970010616, -0.000827501819003, 0.00104623602238, -0.000183764568646, -0.00114350800868, 0.00274032657035, -0.00591690465808, 0.00833527278155, -0.0120355291292, 0.0229815859348, -0.0148708736524, 0.00826315581799], [-0.000256812258158, 0.000558262458071, 0.000194143693079, -0.00102074327879, 0.00095848669298, 0.0013210172765, -0.00032017097692, 0.00292547466233, -0.00600352231413, 0.0102072842419, -0.0148708736524, 0.0230608712882, -0.0108474558219], [0.000377934571588, -0.00115124986041, -0.000654964300338, 0.000475689157611, 0.000467822770588, -5.04004019604e-05, -0.000205129545066, 0.000764243246522, 0.0032798696775, -0.00578286265954, 0.00826315581799, -0.0108474558219, 0.0187863074243]]}, "spectral_contrast_coeffs": {"dmean": [0.0447693541646, 0.0400765240192, 0.0343219041824, 0.0293465163559, 0.0249724630266, 0.0188611485064], "dmean2": [0.0732842385769, 0.0655217394233, 0.0549573041499, 0.0478211976588, 0.0396217629313, 0.0316318981349], "dvar": [0.00165593251586, 0.00106517225504, 0.000793903309386, 0.000571894284803, 0.000613802287262, 0.000466545461677], "dvar2": [0.00412137061357, 0.00284950435162, 0.0019929963164, 0.00147877249401, 0.00133125321008, 0.00123086280655], "max": [-0.379606992006, -0.438052982092, -0.500006318092, -0.548444569111, -0.499832987785, -0.593223035336], "mean": [-0.670120954514, -0.740176200867, -0.755635619164, -0.755796968937, -0.713130414486, -0.77830094099], "median": [-0.668988704681, -0.741345405579, -0.756873726845, -0.754582643509, -0.715327620506, -0.775535166264], "min": [-0.983021318913, -0.981757164001, -0.977603971958, -0.97216129303, -0.970016896725, -0.964590370655], "var": [0.00697655696422, 0.00538126938045, 0.00446073664352, 0.00328384502791, 0.00486907316372, 0.00149951293133]}, "spectral_contrast_valleys": {"dmean": [0.367684274912, 0.346972048283, 0.324372559786, 0.292260229588, 0.280711382627, 0.42787244916], "dmean2": [0.593976616859, 0.558623850346, 0.520542562008, 0.457086145878, 0.410981118679, 0.504078447819], "dvar": [0.138022661209, 0.0993134155869, 0.0938424319029, 0.0822469219565, 0.108866594732, 0.285858780146], "dvar2": [0.301618784666, 0.229925