{"lowlevel": {"average_loudness": 0.968929648399, "barkbands_crest": {"dmean": 3.15688228607, "dmean2": 4.87506246567, "dvar": 8.28664588928, "dvar2": 18.9992237091, "max": 26.8405227661, "mean": 12.9253520966, "median": 11.9311027527, "min": 2.77390503883, "var": 31.577381134}, "barkbands_flatness_db": {"dmean": 0.0370078645647, "dmean2": 0.0509962700307, "dvar": 0.00179147114977, "dvar2": 0.00363940256648, "max": 0.639034688473, "mean": 0.143751248717, "median": 0.121539704502, "min": 0.0144134275615, "var": 0.00831539742649}, "barkbands_kurtosis": {"dmean": 15.145565033, "dmean2": 23.2775917053, "dvar": 7689.41894531, "dvar2": 20213.7363281, "max": 2144.6315918, "mean": 18.0871543884, "median": 5.55229711533, "min": -1.84040164948, "var": 6590.33984375}, "barkbands_skewness": {"dmean": 1.06011414528, "dmean2": 1.53600955009, "dvar": 3.66042971611, "dvar2": 8.52460575104, "max": 42.1973304749, "mean": 2.76693534851, "median": 2.24176931381, "min": -2.82283830643, "var": 6.87282800674}, "barkbands_spread": {"dmean": 8.03950500488, "dmean2": 12.6282262802, "dvar": 96.0863723755, "dvar2": 226.780410767, "max": 129.687347412, "mean": 21.8663272858, "median": 19.2584819794, "min": 0.13591016829, "var": 239.254745483}, "dissonance": {"dmean": 0.0173001717776, "dmean2": 0.0284787472337, "dvar": 0.000537665793672, "dvar2": 0.00132284243591, "max": 0.500000059605, "mean": 0.469802856445, "median": 0.481568723917, "min": 0.103050373495, "var": 0.00133939750958}, "dynamic_complexity": 2.5543627739, "erbbands_crest": {"dmean": 2.43982243538, "dmean2": 3.86957073212, "dvar": 6.48959159851, "dvar2": 15.0390987396, "max": 28.9320220947, "mean": 7.79586744308, "median": 6.38993263245, "min": 2.25063729286, "var": 20.929233551}, "erbbands_flatness_db": {"dmean": 0.0217766556889, "dmean2": 0.0323857739568, "dvar": 0.00104971695691, "dvar2": 0.0020502761472, "max": 0.528002977371, "mean": 0.113153479993, "median": 0.0891905725002, "min": 0.031096784398, "var": 0.00424792384729}, "erbbands_kurtosis": {"dmean": 1.7454637289, "dmean2": 2.68658566475, "dvar": 17.2159023285, "dvar2": 40.5571899414, "max": 103.806564331, "mean": 1.5156635046, "median": -0.0838932991028, "min": -1.81913018227, "var": 27.9572582245}, "erbbands_skewness": {"dmean": 0.485497623682, "dmean2": 0.721050202847, "dvar": 0.336718410254, "dvar2": 0.747984409332, "max": 8.0007610321, "mean": 0.462885528803, "median": 0.278380155563, "min": -4.57087182999, "var": 1.10642230511}, "erbbands_spread": {"dmean": 10.7545042038, "dmean2": 16.3714332581, "dvar": 127.586753845, "dvar2": 269.923278809, "max": 162.090209961, "mean": 47.9687232971, "median": 50.1732215881, "min": 1.35945034027, "var": 525.307373047}, "hfc": {"dmean": 11.5143232346, "dmean2": 17.4146709442, "dvar": 210.236709595, "dvar2": 497.617767334, "max": 128.700942993, "mean": 29.1324596405, "median": 26.070930481, "min": 5.57330670503e-09, "var": 398.14440918}, "melbands_crest": {"dmean": 3.88829731941, "dmean2": 6.04709196091, "dvar": 12.4853916168, "dvar2": 28.6019287109, "max": 38.0720100403, "mean": 18.3142490387, "median": 17.9339675903, "min": 2.63277959824, "var": 46.7638702393}, "melbands_flatness_db": {"dmean": 0.0448440089822, "dmean2": 0.0620813369751, "dvar": 0.00253853830509, "dvar2": 0.00529333204031, "max": 0.785181045532, "mean": 0.240481480956, "median": 0.22110170126, "min": 0.0187684651464, "var": 0.0117513015866}, "melbands_kurtosis": {"dmean": 22.8848628998, "dmean2": 32.7336616516, "dvar": 2394.38989258, "dvar2": 4430.8046875, "max": 902.768005371, "mean": 39.6069030762, "median": 18.9241371155, "min": -1.7078589201, "var": 4955.58154297}, "melbands_skewness": {"dmean": 1.2901263237, "dmean2": 1.83929800987, "dvar": 2.25910520554, "dvar2": 4.32257986069, "max": 26.0249404907, "mean": 4.23544597626, "median": 3.6433262825, "min": -1.60185217857, "var": 7.99643278122}, "melbands_spread": {"dmean": 6.63039922714, "dmean2": 10.5959300995, "dvar": 104.373283386, "dvar2": 275.406951904, "max": 203.63973999, "mean": 15.6681671143, "median": 11.7226142883, "min": 0.284087598324, "var": 228.879043579}, "pitch_salience": {"dmean": 0.0937684699893, "dmean2": 0.13372027874, "dvar": 0.00756801804528, "dvar2": 0.0148369902745, "max": 0.882008433342, "mean": 0.49375808239, "median": 0.534512341022, "min": 0.0154544953257, "var": 0.0315185748041}, "silence_rate_20dB": {"dmean": 0, "dmean2": 0, "dvar": 0, "dvar2": 0, "max": 1, "mean": 1, "median": 1, "min": 1, "var": 0}, "silence_rate_30dB": {"dmean": 0.0553208887577, "dmean2": 0.110656857491, "dvar": 0.052258592099, "dvar2": 0.118044406176, "max": 1, "mean": 0.946185290813, "median": 1, "min": 0, "var": 0.0509212389588}, "silence_rate_60dB": {"dmean": 0.00381523370743, "dmean2": 0.00749523052946, "dvar": 0.00380106945522, "dvar2": 0.0104356426746, "max": 1, "mean": 0.0328337885439, "median": 0, "min": 0, "var": 0.0317553766072}, "spectral_centroid": {"dmean": 284.378997803, "dmean2": 449.440795898, "dvar": 110609.382812, "dvar2": 257213.328125, "max": 4878.81738281, "mean": 1153.6998291, "median": 1102.65917969, "min": 100.653343201, "var": 495278.75}, "spectral_complexity": {"dmean": 4.91374826431, "dmean2": 7.38566350937, "dvar": 28.2094745636, "dvar2": 57.6773376465, "max": 55, "mean": 22.5456409454, "median": 23, "min": 0, "var": 139.525985718}, "spectral_decrease": {"dmean": 4.33482449935e-09, "dmean2": 6.3832636954e-09, "dvar": 2.22680213816e-17, "dvar2": 5.01840882341e-17, "max": -1.25637593958e-19, "mean": -1.38337759026e-08, "median": -1.27709265385e-08, "min": -9.63909627671e-08, "var": 6.10987761214e-17}, "spectral_energy": {"dmean": 0.0167153552175, "dmean2": 0.0246926136315, "dvar": 0.000324063614244, "dvar2": 0.000732444750611, "max": 0.364657193422, "mean": 0.0548542961478, "median": 0.0514485053718, "min": 9.79700695569e-13, "var": 0.000884538050741}, "spectral_energyband_high": {"dmean": 0.000772792671341, "dmean2": 0.00120278575923, "dvar": 1.27972805331e-06, "dvar2": 3.08118728753e-06, "max": 0.0117702605203, "mean": 0.00150767806917, "median": 0.00116837408859, "min": 3.05404654474e-13, "var": 2.19246294364e-06}, "spectral_energyband_low": {"dmean": 0.0145464884117, "dmean2": 0.0197362489998, "dvar": 0.000306836678647, "dvar2": 0.000611199298874, "max": 0.201145604253, "mean": 0.0332620069385, "median": 0.0237321145833, "min": 4.6542825678e-15, "var": 0.000836540653836}, "spectral_energyband_middle_high": {"dmean": 0.00190646352712, "dmean2": 0.00297421612777, "dvar": 5.96690097154e-06, "dvar2": 1.39039766509e-05, "max": 0.0267647635192, "mean": 0.00439508911222, "median": 0.00339004932903, "min": 6.28555475897e-13, "var": 1.6465824956e-05}, "spectral_energyband_middle_low": {"dmean": 0.0107831479982, "dmean2": 0.0172131676227, "dvar": 0.000272827543085, "dvar2": 0.000625977176242, "max": 0.1604026407, "mean": 0.0179358609021, "median": 0.0124243292958, "min": 2.45858292492e-14, "var": 0.000341321225278}, "spectral_entropy": {"dmean": 0.260518461466, "dmean2": 0.38693189621, "dvar": 0.12900082767, "dvar2": 0.268769025803, "max": 8.75175189972, "mean": 7.68331718445, "median": 7.93085575104, "min": 3.93748521805, "var": 0.468475937843}, "spectral_flux": {"dmean": 0.0397244542837, "dmean2": 0.057430125773, "dvar": 0.00153040536679, "dvar2": 0.00287549267523, "max": 0.412321269512, "mean": 0.122701488435, "median": 0.104393258691, "min": 4.25770849688e-05, "var": 0.00494465231895}, "spectral_kurtosis": {"dmean": 3.80021333694, "dmean2": 5.71616458893, "dvar": 215.610900879, "dvar2": 464.330200195, "max": 433.123657227, "mean": 7.26742649078, "median": 3.81963038445, "min": -0.761339664459, "var": 292.033660889}, "spectral_rms": {"dmean": 0.0011219464941, "dmean2": 0.0016438170569, "dvar": 1.31679882998e-06, "dvar2": 2.94584106086e-06, "max": 0.0188616849482, "mean": 0.00696980534121, "median": 0.00708474870771, "min": 3.09161052314e-08, "var": 4.93833249493e-06}, "spectral_rolloff": {"dmean": 526.587036133, "dmean2": 888.377441406, "dvar": 1030019.5, "dvar2": 2631485, "max": 17700.2929688, "mean": 1014.80419922, "median": 516.796875, "min": 21.533203125, "var": 1869027}, "spectral_skewness": {"dmean": 0.365338742733, "dmean2": 0.53988224268, "dvar": 0.614366829395, "dvar2": 1.25404477119, "max": 16.9885139465, "mean": 1.92177557945, "median": 1.68493270874, "min": -0.167401760817, "var": 1.28172433376}, "spectral_spread": {"dmean": 837187.4375, "dmean2": 1257367.5, "dvar": 1270965862400.0, "dvar2": 2542916599810.0, "max": 15668775, "mean": 5983892.5, "median": 6330415, "min": 201203.28125, "var": 3762972000260.0}, "spectral_strongpeak": {"dmean": 0.310404151678, "dmean2": 0.504396677017, "dvar": 0.275196492672, "dvar2": 0.721216320992, "max": 10.2779827118, "mean": 0.618649542332, "median": 0.495105862617, "min": 0, "var": 0.314699530602}, "zerocrossingrate": {"dmean": 0.0146930143237, "dmean2": 0.0182196516544, "dvar": 0.000269600481261, "dvar2": 0.000396279036067, "max": 0.4951171875, "mean": 0.0528803952038, "median": 0.0439453125, "min": 0.001953125, "var": 0.00174149684608}, "barkbands": {"dmean": [0.000561557244509, 0.0113814389333, 0.00740429526195, 0.00450782850385, 0.00593214575201, 0.00181719928514, 0.000982463476248, 0.000855102203786, 0.000450540392194, 0.000398415140808, 0.000286595051875, 0.000415491580497, 0.000272533216048, 0.000283306173515, 0.000352550967364, 0.000288771960186, 0.000225567229791, 0.00015496078413, 0.000130240849103, 0.000101187819382, 9.66356383287e-05, 0.000111597968498, 0.000110731954919, 0.000132704226417, 0.000130848216941, 0.00013657049567, 9.32762413868e-05], "dmean2": [0.000826799019706, 0.0156455617398, 0.0113202184439, 0.00799088738859, 0.0102744502947, 0.00298743974417, 0.00156569341198, 0.00130343087949, 0.000722003693227, 0.000636337616015, 0.000457974732853, 0.000662958191242, 0.000446024234407, 0.000469357066322, 0.000594326236751, 0.000481276132632, 0.000372444657842, 0.000258963584201, 0.000213797073229, 0.000160972733283, 0.000155345478561, 0.000168230442796, 0.000175445180503, 0.000218546891119, 0.000220090529183, 0.000216445681872, 0.000144462785101], "dvar": [1.83489155461e-05, 0.000229746787227, 0.000221721653361, 0.000128886225866, 0.000134095200337, 1.07324049168e-05, 6.8307285801e-06, 5.1557972256e-06, 4.4307432745e-07, 3.9174608446e-07, 2.44713163511e-07, 5.82898962875e-07, 1.65960571508e-07, 2.29420308528e-07, 3.95847223444e-07, 2.41254127786e-07, 1.20065763554e-07, 6.15851334373e-08, 4.71205829911e-08, 2.88289925265e-08, 2.52940619561e-08, 2.85108967546e-08, 4.04580227098e-08, 5.35593436268e-08, 6.679639597e-08, 5.04332788864e-08, 2.80857630486e-08], "dvar2": [4.04445781896e-05, 0.000536101986654, 0.000487523444463, 0.000354561110726, 0.000369744433556, 2.74732647085e-05, 1.62288688443e-05, 1.10678074634e-05, 1.10418989152e-06, 8.63051980105e-07, 5.54225664473e-07, 1.44830585214e-06, 4.06855804158e-07, 5.92786761899e-07, 1.05745368728e-06, 5.75839806061e-07, 3.02103416061e-07, 1.53763750177e-07, 1.06762513497e-07, 6.60083969706e-08, 6.23337683692e-08, 6.26085210342e-08, 9.18734315292e-08, 1.38421683005e-07, 1.77878277441e-07, 1.11359312882e-07, 6.35158698969e-08], "max": [0.319047659636, 0.152551844716, 0.131508946419, 0.0967032760382, 0.108516529202, 0.0503475926816, 0.0760790705681, 0.0510442107916, 0.0102390740067, 0.0102128237486, 0.00797065533698, 0.0195612050593, 0.00620442815125, 0.00698173465207, 0.00849860906601, 0.0114548541605, 0.00599044933915, 0.00517923105508, 0.00619147438556, 0.00214584800415, 0.00172119063791, 0.00312720984221, 0.00890372600406, 0.00285443966277, 0.0029412759468, 0.00229774066247, 0.0036178517621], "mean": [0.000955031660851, 0.0217007230967, 0.00848491955549, 0.00405646441504, 0.00764538347721, 0.00264330464415, 0.00141483556945, 0.0012448199559, 0.000678529439028, 0.000590407056734, 0.000437819515355, 0.000641957682092, 0.000460556038888, 0.000441388285253, 0.000517025066074, 0.000463606324047, 0.000389537686715, 0.000263548572548, 0.000234007951804, 0.000176595247467, 0.000185222859727, 0.000207931807381, 0.000203434436116, 0.00021273890161, 0.000206427343073, 0.000264532427536, 0.000133585883304], "median": [0.000426970305853, 0.0130561608821, 0.00328178657219, 0.00134286237881, 0.0038370732218, 0.0013029621914, 0.000679450924508, 0.000494509760756, 0.00042326975381, 0.000290101626888, 0.00021121383179, 0.000331761781126, 0.000283590052277, 0.000242374517256, 0.000282710825559, 0.000260306405835, 0.000229740617215, 0.00016532940208, 0.000141346463352, 0.000105375722342, 0.000127441628138, 0.000134697882459, 0.000140575692058, 0.000147677579662, 0.000109373533633, 0.000116663213703, 4.81081915495e-05], "min": [3.23939756804e-16, 3.26630367549e-15, 1.00707378753e-15, 2.23303666462e-16, 5.5028257748e-16, 2.60541405345e-15, 5.09375756567e-15, 9.27730369062e-15, 6.32292053324e-15, 5.7016803117e-15, 5.89764816031e-15, 8.75460135294e-15, 4.08582367971e-14, 7.38923218403e-14, 3.03899836069e-14, 1.28784122581e-13, 8.97446179871e-14, 1.09733680747e-13, 1.2569356363e-13, 2.82245066078e-14, 2.51085654682e-14, 2.07705489093e-14, 1.90663711354e-14, 3.25370935435e-14, 3.1082710868e-14, 5.45138986849e-14, 1.05171378334e-13], "var": [1.82582462003e-05, 0.000511749298312, 0.000230330799241, 8.49462667247e-05, 0.000124961225083, 1.43252891576e-05, 1.03566671896e-05, 8.42305507831e-06, 6.57457576381e-07, 8.16147576188e-07, 4.83467317736e-07, 9.38903554015e-07, 3.69952516621e-07, 4.05054890962e-07, 5.47504612314e-07, 4.41891472747e-07, 2.18067114588e-07, 9.98396600949e-08, 9.78557324061e-08, 4.87177089781e-08, 4.46953549726e-08, 6.81651073364e-08, 8.60953690562e-08, 7.06487028879e-08, 6.90476369414e-08, 1.00514206736e-07, 3.6797445091e-08]}, "erbbands": {"dmean": [0.351544797421, 2.57466602325, 7.95464277267, 11.3349781036, 16.6413612366, 20.2395458221, 20.6194019318, 12.4332838058, 12.3228435516, 16.4949626923, 19.6046123505, 9.98949718475, 12.6035957336, 10.7651433945, 11.5708122253, 18.3881912231, 12.2548913956, 13.5855979919, 18.101480484, 16.492395401, 15.1033191681, 11.4969205856, 8.64527702332, 7.35167217255, 5.95950222015, 4.86008453369, 4.39118480682, 3.41756248474, 4.08259296417, 3.99950623512, 2.86848092079, 2.90397453308, 2.27620363235, 1.82866179943, 0.719259500504, 0.462181329727, 0.293668836355, 0.076885856688, 0.0185990761966, 0.000870517222211], "dmean2": [0.493174642324, 3.4811205864, 11.6699485779, 18.246471405, 28.1156864166, 35.2717590332, 33.6393699646, 20.6798725128, 20.0422039032, 25.436132431, 29.7376384735, 15.6961193085, 20.228761673, 17.387298584, 18.1855258942, 29.3259181976, 20.1394405365, 22.3401813507, 30.1493625641, 27.405632019, 25.1278743744, 18.9220142365, 14.2778491974, 12.4053277969, 9.61747646332, 7.62506484985, 7.05473041534, 5.374168396, 6.32582044601, 6.30775737762, 4.45041704178, 4.83018779755, 3.77282762527, 3.18442630768, 1.15019786358, 0.725218236446, 0.462270051241, 0.120751544833, 0.0289527606219, 0.00136953534093], "dvar": [0.255004256964, 12.9520082474, 224.381912231, 663.996154785, 1237.609375, 1643.27783203, 1459.58581543, 556.136291504, 569.627502441, 3453.66455078, 2580.24780273, 209.852294922, 489.583068848, 251.127929688, 326.991485596, 1222.68359375, 355.127197266, 467.710388184, 918.959716797, 1027.61535645, 624.656433105, 310.885223389, 189.505310059, 147.58706665, 103.123695374, 69.1917419434, 53.4139785767, 27.5567417145, 42.7558860779, 44.7049407959, 35.8957519531, 20.9071578979, 15.8889961243, 14.8800115585, 1.69683146477, 0.506156265736, 0.264402538538, 0.0192851554602, 0.00115122576244, 2.30397290579e-06], "dvar2": [0.618825614452, 27.2057952881, 487.962860107, 1634.16796875, 3192.28125, 4590.89306641, 3685.65136719, 1438.19543457, 1374.41137695, 8442.86328125, 5323.87402344, 502.338623047, 1089.47277832, 611.388061523, 755.590881348, 2995.65136719, 869.13861084, 1194.98486328, 2431.51391602, 2716.84033203, 1522.6229248, 773.834228516, 457.108001709, 367.227203369, 230.747177124, 159.744613647, 128.563461304, 65.0736083984, 96.9958114624, 97.2237091064, 83.5984420776, 53.9104881287, 41.0225524902, 40.8235778809, 4.18116903305, 1.16852343082, 0.558238744736, 0.0422198921442, 0.00267006945796, 5.50540744371e-06], "max": [4.55868577957, 37.7494850159, 130.619506836, 217.348327637, 426.989074707, 353.730255127, 689.964538574, 278.436462402, 419.767791748, 1709.73486328, 1272.20788574, 233.491424561, 409.046264648, 190.351303101, 284.572143555, 853.506591797, 269.808807373, 347.959960938, 511.464385986, 544.922668457, 584.150756836, 277.018127441, 299.903961182, 198.852996826, 295.320159912, 150.03062439, 92.3276672363, 66.2482147217, 126.716247559, 189.961914062, 298.845214844, 52.7287788391, 48.2799453735, 41.9187240601, 17.3567008972, 7.00388431549, 6.00473117828, 3.77321767807, 0.541456460953, 0.0109034106135], "mean": [0.701551139355, 4.5264415741, 10.1461524963, 12.2370471954, 20.105047226, 24.5914916992, 29.4272899628, 16.9316692352, 17.6580352783, 24.0658168793, 29.0421581268, 16.0037231445, 20.2042560577, 16.6692314148, 18.9209346771, 28.632566452, 21.4487400055, 23.0105838776, 26.7984447479, 25.7998771667, 26.3243961334, 20.8423156738, 15.7970600128, 12.550154686, 10.9363079071, 8.46612930298, 8.05052280426, 6.7201166153, 7.3757519722, 7.26713848114, 5.48670768738, 4.65769386292, 3.47372031212, 2.49120688438, 1.35559558868, 0.917420089245, 0.551531970501, 0.141316860914, 0.0243725143373, 0.00118029955775], "median": [0.379489988089, 2.64371657372, 4.6243057251, 4.900431633, 6.50848197937, 12.1843357086, 13.2170591354, 8.6151714325, 9.59469223022, 10.308807373, 11.3513240814, 10.2905521393, 9.98355293274, 9.98741912842, 10.8616132736, 14.0436639786, 12.7195091248, 13.9297370911, 14.5451984406, 14.2298841476, 15.6676902771, 12.79895401, 10.2319793701, 7.93901729584, 6.58384513855, 4.99412536621, 5.22958374023, 4.67601585388, 4.8079419136, 4.56668281555, 3.88596773148, 3.1931540966, 2.39663147926, 1.38315153122, 0.713829398155, 0.46103399992, 0.219764500856, 0.0595591366291, 0.00771221006289, 0.000471800449304], "min": [9.78410061303e-14, 7.03748582846e-13, 1.36228788666e-12, 8.20802844095e-13, 1.79217946907e-12, 1.50475053425e-12, 5.3709220231e-12, 2.72883191738e-11, 5.56106723171e-11, 1.54306553646e-10, 1.70762265439e-10, 1.66135036284e-10, 1.07707599784e-10, 2.15697945616e-10, 3.099156487e-10, 4.29370483612e-10, 1.78357784097e-09, 3.91655685661e-09, 1.68406999457e-09, 3.3777514119e-09, 7.71111174913e-09, 4.93693841364e-09, 3.73521080732e-09, 1.08599564896e-08, 2.50501552834e-09, 1.04817565738e-09, 1.25491417258e-09, 1.1127716526e-09, 6.7292954542e-10, 7.04995839484e-10, 5.05282538033e-10, 6.53112008919e-10, 4.98451779851e-10, 3.88577559018e-10, 2.127394233e-10, 1.44461650975e-10, 1.08132121313e-10, 5.23546726805e-11, 1.43632675198e-11, 1.67639686854e-12], "var": [0.674662351608, 26.4027805328, 260.603057861, 570.695983887, 1318.30493164, 1348.99816895, 2176.72631836, 615.065734863, 751.253295898, 4842.21630859, 4507.85546875, 336.953033447, 1113.96716309, 391.983062744, 608.360107422, 2022.02966309, 814.980712891, 917.577392578, 1440.37805176, 1376.8215332, 1201.45166016, 578.628479004, 335.63192749, 237.248733521, 217.768783569, 120.816688538, 92.5804214478, 54.3099746704, 87.8011245728, 112.816375732, 69.2518386841, 32.0074081421, 19.2032337189, 12.60887146, 2.48633170128, 1.03619408607, 0.531984806061, 0.0347237735987, 0.00134107947815, 2.61638183474e-06]}, "gfcc": {"mean": [30.3857784271, 69.2660980225, -73.2637252808, 24.4179191589, -36.2743873596, 15.0410547256, -29.6528453827, 5.44683647156, -16.1957912445, 3.88713955879, -14.3538417816, 3.59668207169, -11.3462228775], "cov": [[14699.4228516, -766.477600098, 824.21697998, -15.560968399, -119.716537476, 611.034729004, -564.39855957, 337.689697266, -325.289276123, 118.750511169, -361.208709717, 396.546661377, -63.0548667908], [-766.477600098, 2587.01464844, 410.619598389, -88.3247909546, -70.7901763916, -2.38607335091, 186.452224731, -67.0859298706, 180.292694092, -63.5020637512, 157.767578125, -97.5294647217, 134.069946289], [824.21697998, 410.619598389, 931.725280762, -12.3465862274, -128.678512573, 9.9529838562, -49.5321426392, 10.7128772736, -15.5744400024, 2.80717873573, -40.5677490234, 7.65364456177, -11.417552948], [-15.560968399, -88.3247909546, -12.3465862274, 499.533874512, 116.115119934, 60.2230567932, 14.8152761459, -28.6847171783, 7.59415102005, -20.4027252197, 5.080327034, -16.0352916718, -0.607205092907], [-119.716537476, -70.7901763916, -128.678512573, 116.115119934, 358.615509033, 82.28465271, 56.982673645, 2.62939786911, 4.1014342308, 6.67467164993, -7.56228971481, 2.75357842445, -1.36019897461], [611.034729004, -2.38607335091, 9.9529838562, 60.2230567932, 82.28465271, 280.33001709, 89.4523773193, 64.4535675049, 32.5482368469, 33.8046417236, 12.050743103, 30.5997371674, -8.75951957703], [-564.39855957, 186.452224731, -49.5321426392, 14.8152761459, 56.982673645, 89.4523773193, 214.87121582, 66.4239120483, 81.6452484131, 22.165512085, 45.5663032532, -11.1556625366, 4.46781206131], [337.689697266, -67.0859298706, 10.7128772736, -28.6847171783, 2.62939786911, 64.4535675049, 66.4239120483, 159.74671936, 57.3622360229, 61.8676681519, 4.23237228394, 34.4543228149, -2.23463201523], [-325.289276123, 180.292694092, -15.5744400024, 7.59415102005, 4.1014342308, 32.5482368469, 81.6452484131, 57.3622360229, 131.347946167, 47.7999229431, 49.9223670959, 9.56450271606, 16.5931034088], [118.750511169, -63.5020637512, 2.80717873573, -20.4027252197, 6.67467164993, 33.8046417236, 22.165512085, 61.8676681519, 47.7999229431, 93.6817016602, 33.5579109192, 39.8809127808, 7.27867221832], [-361.208709717, 157.767578125, -40.5677490234, 5.080327034, -7.56228971481, 12.050743103, 45.5663032532, 4.23237228394, 49.9223670959, 33.5579109192, 81.3715362549, 20.2589607239, 30.6139335632], [396.546661377, -97.5294647217, 7.65364456177, -16.0352916718, 2.75357842445, 30.5997371674, -11.1556625366, 34.4543228149, 9.56450271606, 39.8809127808, 20.2589607239, 82.9772796631, 29.5012969971], [-63.0548667908, 134.069946289, -11.417552948, -0.607205092907, -1.36019897461, -8.75951957703, 4.46781206131, -2.23463201523, 16.5931034088, 7.27867221832, 30.6139335632, 29.5012969971, 60.992313385]], "icov": [[0.000144015953992, -9.34690106078e-05, -5.10235440743e-06, -5.66933267692e-05, 8.27861658763e-05, -0.000347968511051, 0.000406582083087, -0.000291072967229, 0.000267670548055, -0.000122702607769, 0.000647471111733, -0.00071878999006, 0.000228757227887], [-9.34690106078e-05, 0.000875939906109, -0.000486202276079, 0.000350065150997, -0.000158853916219, 1.4996488062e-05, -0.00039835224743, 0.000319319427945, -0.00102013454307, 0.00108198961243, -0.00176403683145, 0.00217264308594, -0.00208716280758], [-5.10235440743e-06, -0.000486202276079, 0.00147983280476, -0.000271544966381, 0.000573551806156, -6.37159537291e-05, 0.000142870063428, 4.25579091825e-05, 0.000376020558178, -0.00090857379837, 0.00168939807918, -0.00111546681728, 0.00103022553958], [-5.66933267692e-05, 0.000350065150997, -0.000271544966381, 0.00243604183197, -0.000810450233985, -0.000462482596049, 0.000158624272444, 0.000457152927993, -0.000856722530443, 0.00110554532148, -0.00129165546969, 0.00139552424662, -0.000859586638398], [8.27861658763e-05, -0.000158853916219, 0.000573551806156, -0.000810450233985, 0.00367783219554, -0.00088457466336, -0.00093353795819, 0.000732607964892, 0.000535798433702, -0.00135724956635, 0.00251461565495, -0.000972836860456, -0.000191134560737], [-0.000347968511051, 1.4996488062e-05, -6.37159537291e-05, -0.000462482596049, -0.00088457466336, 0.00589979346842, -0.002896605758, -0.000100653640402, -0.000104195147287, -0.000117679264804, -0.0011892192997, -0.00119335378986, 0.00184335315134], [0.000406582083087, -0.00039835224743, 0.000142870063428, 0.000158624272444, -0.00093353795819, -0.002896605758, 0.0100797880441, -0.00436323881149, -0.0020145366434, 0.00225059082732, -0.00286052562296, 0.00134677137248, 0.00105309381615], [-0.000291072967229, 0.000319319427945, 4.25579091825e-05, 0.000457152927993, 0.000732607964892, -0.000100653640402, -0.00436323881149, 0.0128543972969, -0.00377014977857, -0.00585178378969, 0.00521322991699, -0.00205127405934, -9.8339492979e-05], [0.000267670548055, -0.00102013454307, 0.000376020558178, -0.000856722530443, 0.000535798433702, -0.000104195147287, -0.0020145366434, -0.00377014977857, 0.0155668444932, -0.00520174717531, -0.00272854883224, -0.000136623842991, 0.00040880299639], [-0.000122702607769, 0.00108198961243, -0.00090857379837, 0.00110554532148, -0.00135724956635, -0.000117679264804, 0.00225059082732, -0.00585178378969, -0.00520174717531, 0.0232841297984, -0.0107195237651, -0.00401801569387, 0.00286968308501], [0.000647471111733, -0.00176403683145, 0.00168939807918, -0.00129165546969, 0.00251461565495, -0.0011892192997, -0.00286052562296, 0.00521322991699, -0.00272854883224, -0.0107195237651, 0.0310740619898, -0.0083172544837, -0.00441632932052], [-0.00071878999006, 0.00217264308594, -0.00111546681728, 0.00139552424662, -0.000972836860456, -0.00119335378986, 0.00134677137248, -0.00205127405934, -0.000136623842991, -0.00401801569387, -0.0083172544837, 0.0294547919184, -0.0156362839043], [0.000228757227887, -0.00208716280758, 0.00103022553958, -0.000859586638398, -0.000191134560737, 0.00184335315134, 0.00105309381615, -9.8339492979e-05, 0.00040880299639, 0.00286968308501, -0.00441632932052, -0.0156362839043, 0.0309100262821]]}, "melbands": {"dmean": [0.00306479819119, 0.00344623113051, 0.00195161101874, 0.0013383886544, 0.000734662869945, 0.000290492433123, 0.000190439168364, 0.000173961743712, 0.000148246894241, 6.15115859546e-05, 6.31409347989e-05, 4.48199898528e-05, 4.10177381127e-05, 4.76495770272e-05, 3.54295152647e-05, 2.67482482741e-05, 2.6570425689e-05, 3.0535607948e-05, 2.33892660617e-05, 2.14597312151e-05, 1.79709750228e-05, 1.28231022245e-05, 1.11551407826e-05, 7.4075410339e-06, 6.35407377558e-06, 4.76208424516e-06, 3.72673093807e-06, 3.37342885359e-06, 2.94830056191e-06, 2.57176907326e-06, 1.89019920072e-06, 2.47270395448e-06, 2.20273841478e-06, 2.37902122535e-06, 1.67597022482e-06, 1.74803005848e-06, 1.87011744401e-06, 1.56585554123e-06, 1.8277471554e-06, 1.45849378441e-06], "dmean2": [0.00428927922621, 0.00476822070777, 0.00300870975479, 0.00232144840993, 0.00121285195928, 0.000481446855702, 0.000307558628265, 0.000266921939328, 0.000227483411436, 9.73021233222e-05, 0.000101626355899, 7.29093735572e-05, 6.51460431982e-05, 7.60831098887e-05, 5.80259438721e-05, 4.3916003051e-05, 4.38744136773e-05, 5.10805475642e-05, 3.92985239159e-05, 3.56883792847e-05, 3.01618547383e-05, 2.13631574297e-05, 1.89744896488e-05, 1.25268361444e-05, 1.0856393601e-05, 7.74658292357e-06, 6.0049133026e-06, 5.36121069672e-06, 4.69597171104e-06, 4.26775977758e-06, 2.95597214972e-06, 3.87639602195e-06, 3.43223587151e-06, 3.83636916013e-06, 2.57527472058e-06, 2.85625105789e-06, 3.14390649692e-06, 2.5638655643e-06, 3.18950901601e-06, 2.53440975939e-06], "dvar": [1.77303099917e-05, 3.08201633743e-05, 1.59160590556e-05, 7.94381139713e-06, 1.57799343015e-06, 2.88016764216e-07, 1.50677749389e-07, 3.38181479265e-07, 1.36106564241e-07, 8.25701640395e-09, 1.20793695046e-08, 4.4100616492e-09, 4.82945594626e-09, 8.86872886241e-09, 2.81778000932e-09, 1.58297064345e-09, 2.03831107548e-09, 2.64496891056e-09, 2.07817008047e-09, 1.61492674788e-09, 8.23899837243e-10, 4.03006822358e-10, 3.20773574369e-10, 1.18832457763e-10, 1.10785332297e-10, 6.22989715371e-11, 3.91208281048e-11, 3.55159859855e-11, 2.47815361981e-11, 2.22881973294e-11, 7.65052431129e-12, 1.67221340941e-11, 1.12320161852e-11, 1.70409658606e-11, 1.44059148291e-11, 8.31038796806e-12, 9.30236963848e-12, 7.30947420646e-12, 1.3216384584e-11, 1.00172578565e-11], "dvar2": [4.33997265645e-05, 5.8959267335e-05, 3.67711108993e-05, 2.17215292651e-05, 4.05507398682e-06, 7.39849667752e-07, 3.57013419716e-07, 8.24503899821e-07, 2.85713383619e-07, 2.00402645589e-08, 2.69637485673e-08, 1.09046052188e-08, 1.09690461159e-08, 2.23264713384e-08, 7.02426872223e-09, 3.88704268772e-09, 5.25565724274e-09, 6.98525681742e-09, 5.65413094122e-09, 3.88044885113e-09, 2.07224237769e-09, 1.02220676368e-09, 8.30389867978e-10, 2.98763791484e-10, 2.81560247339e-10, 1.44576697836e-10, 8.4231725761e-11, 8.52114004357e-11, 5.93963975226e-11, 6.02689356755e-11, 1.7434676966e-11, 3.92318053044e-11, 2.44622742201e-11, 3.76106298883e-11, 3.35066731305e-11, 2.09590730188e-11, 2.44143368716e-11, 1.84907141682e-11, 3.63717424234e-11, 2.74025576535e-11], "max": [0.0446559116244, 0.0503356643021, 0.0367753170431, 0.02760996297, 0.0199081562459, 0.00626801745966, 0.00765323732048, 0.0155625557527, 0.0100270034745, 0.00130425451789, 0.00200940808281, 0.000788229517639, 0.00113785790745, 0.00233604968525, 0.000921278900933, 0.000558694882784, 0.000754752545618, 0.000762767391279, 0.000702681776602, 0.000893028045539, 0.000546902942006, 0.00035772784031, 0.000398680625949, 0.000172908286913, 0.000179358685273, 0.000166129277204, 0.000199497080757, 9.56489093369e-05, 6.54697578284e-05, 4.33738132415e-05, 4.83274234284e-05, 9.64835198829e-05, 6.17446930846e-05, 0.000124759200844, 0.000198633992113, 6.12148069195e-05, 3.2540079701e-05, 3.35424774676e-05, 3.43900501321e-05, 3.86185347452e-05], "mean": [0.00607129698619, 0.00562907289714, 0.00237184320576, 0.00161864655092, 0.00104217522312, 0.000404393416829, 0.000278952415101, 0.000257438077824, 0.000216984713916, 9.65503204498e-05, 9.99131880235e-05, 6.61962476443e-05, 6.33738891338e-05, 7.32512417017e-05, 5.6463501096e-05, 4.47975762654e-05, 4.23778401455e-05, 4.35009933426e-05, 3.474712139e-05, 3.36038392561e-05, 2.95562495012e-05, 2.20405436266e-05, 1.74668657564e-05, 1.24650850921e-05, 9.81685479928e-06, 8.41171367938e-06, 6.61076956021e-06, 5.38985705134e-06, 5.23093194715e-06, 4.31102762377e-06, 3.6794153857e-06, 4.23256733484e-06, 3.97144913222e-06, 4.0440745579e-06, 3.12683710035e-06, 3.01365275845e-06, 2.77120784631e-06, 2.42033183895e-06, 2.39459745899e-06, 1.98108864424e-06], "median": [0.00353144062683, 0.00322454050183, 0.0010538699571, 0.000706698745489, 0.000516816973686, 0.000208472527447, 0.000149090818013, 0.000114679773105, 8.6397958512e-05, 6.12967414781e-05, 4.88418700115e-05, 3.93085210817e-05, 3.264667248e-05, 3.58541292371e-05, 3.22218911606e-05, 2.71927565336e-05, 2.40710869548e-05, 2.28643802984e-05, 1.8953516701e-05, 1.81529394467e-05, 1.76719913725e-05, 1.31641718326e-05, 1.02351059468e-05, 7.77105560701e-06, 5.9436306401e-06, 5.00269925396e-06, 3.84733539249e-06, 3.09704842039e-06, 3.32519675794e-06, 2.68397934633e-06, 2.60961269305e-06, 2.69648580797e-06, 2.47293155553e-06, 2.41929410549e-06, 2.14791180042e-06, 2.07762673199e-06, 1.79048299742e-06, 1.62492506206e-06, 1.50562073031e-06, 1.00907686829e-06], "min": [9.08956349655e-16, 8.1517699102e-16, 1.77643098125e-16, 1.31139109967e-16, 1.50260997865e-16, 6.11877807553e-16, 8.86186833483e-16, 1.88860839843e-15, 1.29111082804e-15, 9.89840584579e-16, 5.35769197325e-16, 8.75981886413e-16, 9.11670243218e-16, 9.72561641851e-16, 1.5048427575e-15, 5.6954126914e-15, 7.4321753992e-15, 2.85564325618e-15, 2.42339916682e-15, 6.92861812371e-15, 9.79854489647e-15, 5.83556064528e-15, 1.77162721918e-15, 5.58994607804e-15, 9.74919590993e-15, 3.08968163588e-15, 5.54681166636e-16, 7.13269027768e-16, 1.08676180017e-15, 3.84575589715e-16, 7.69500262883e-16, 4.00862445104e-16, 3.33709567166e-16, 4.24486405761e-16, 2.80295616573e-16, 2.43140357523e-16, 4.97777281481e-16, 3.7433890538e-16, 3.38431828787e-16, 2.96997121059e-16], "var": [4.25280522904e-05, 5.0220223784e-05, 1.61383813975e-05, 6.90056140229e-06, 2.17451656681e-06, 3.3433354929e-07, 2.1825087515e-07, 4.73735696005e-07, 2.34967160395e-07, 1.28154136192e-08, 2.72195812556e-08, 6.30979757332e-09, 9.24405618719e-09, 1.33457627172e-08, 5.67777425076e-09, 3.36646288623e-09, 3.69281338841e-09, 4.10369693782e-09, 2.60912313976e-09, 2.60368704375e-09, 1.4697585371e-09, 6.96337598693e-10, 4.7801557157e-10, 2.16521092722e-10, 1.62990038133e-10, 1.22719515105e-10, 8.40455136042e-11, 5.45377354388e-11, 4.02552817469e-11, 2.99902845613e-11, 1.62439593027e-11, 3.16799815547e-11, 2.63090157299e-11, 4.09274940327e-11, 2.71664600537e-11, 1.39028120613e-11, 1.25271650692e-11, 9.53263076114e-12, 1.12341125985e-11, 8.54813789197e-12]}, "mfcc": {"mean": [-628.905883789, 116.996803284, 21.9724597931, 21.9911251068, 16.7972259521, 13.797036171, 2.80663609505, 6.54560184479, 2.87076115608, 3.02254676819, 1.72104477882, 2.6142334938, 1.60312283039], "cov": [[11017.171875, -664.370300293, -229.023574829, -101.117385864, 348.202911377, 41.1438789368, -75.4929199219, -19.1703929901, -51.2240104675, -173.824676514, -121.959632874, -103.947875977, -87.2510223389], [-664.370300293, 2085.81396484, 424.279785156, -33.4428596497, -86.3960723877, -9.60612869263, -13.123509407, -8.9792432785, 6.66080188751, 35.9763832092, 31.3648719788, 38.767375946, 10.9842796326], [-229.023574829, 424.279785156, 809.368896484, 50.414440155, -67.5571746826, -41.5958099365, -59.6907730103, -32.1339874268, -33.8532333374, -8.33792209625, -3.49027276039, -2.34179210663, -19.9204711914], [-101.117385864, -33.4428596497, 50.414440155, 382.708862305, 100.894805908, 60.923614502, 2.76752233505, 2.27032828331, -6.53527259827, -5.39171791077, -10.5941820145, -14.5898609161, -9.06982898712], [348.202911377, -86.3960723877, -67.5571746826, 100.894805908, 225.154769897, 96.5034179688, 31.1467647552, 10.9781961441, 7.67339420319, -11.6571779251, -10.8191242218, -12.8882408142, -9.65597438812], [41.1438789368, -9.60612869263, -41.5958099365, 60.923614502, 96.5034179688, 210.022857666, 80.9226074219, 60.0821762085, 13.105050087, 24.7437419891, 16.4305114746, 11.7203083038, 12.9211368561], [-75.4929199219, -13.123509407, -59.6907730103, 2.76752233505, 31.1467647552, 80.9226074219, 127.438110352, 61.4457740784, 38.1641654968, 26.5566883087, 21.6618938446, 17.6893024445, 13.8267087936], [-19.1703929901, -8.9792432785, -32.1339874268, 2.27032828331, 10.9781961441, 60.0821762085, 61.4457740784, 105.568969727, 55.6998519897, 40.9501037598, 31.9347419739, 27.978263855, 20.7335071564], [-51.2240104675, 6.66080188751, -33.8532333374, -6.53527259827, 7.67339420319, 13.105050087, 38.1641654968, 55.6998519897, 84.6339416504, 51.6242256165, 36.505279541, 30.2453269958, 22.7122879028], [-173.824676514, 35.9763832092, -8.33792209625, -5.39171791077, -11.6571779251, 24.7437419891, 26.5566883087, 40.9501037598, 51.6242256165, 78.7408981323, 52.2358322144, 37.8364486694, 25.9223690033], [-121.959632874, 31.3648719788, -3.49027276039, -10.5941820145, -10.8191242218, 16.4305114746, 21.6618938446, 31.9347419739, 36.505279541, 52.2358322144, 67.4764938354, 45.4183044434, 28.943655014], [-103.947875977, 38.767375946, -2.34179210663, -14.5898609161, -12.8882408142, 11.7203083038, 17.6893024445, 27.978263855, 30.2453269958, 37.8364486694, 45.4183044434, 63.4797096252, 37.3550376892], [-87.2510223389, 10.9842796326, -19.9204711914, -9.06982898712, -9.65597438812, 12.9211368561, 13.8267087936, 20.7335071564, 22.7122879028, 25.9223690033, 28.943655014, 37.3550376892, 51.2266387939]], "icov": [[0.000103094411315, 2.21578502533e-05, 4.09106223742e-06, 8.00659399829e-05, -0.000178165006218, -5.9112985582e-06, 0.000121810488054, -9.78294992819e-05, -6.22365914751e-05, 0.00022938879556, -9.6788890005e-06, 3.07434879687e-06, 7.5977150118e-05], [2.21578502533e-05, 0.000556604645681, -0.00028693524655, 7.45742363506e-05, 8.94135228009e-05, -0.000113084824989, -2.24524046644e-05, 0.000177056135726, -0.000103922211565, -0.000121983241115, 5.90716736042e-05, -0.00030803703703, 9.88408137346e-05], [4.09106223742e-06, -0.00028693524655, 0.00150954641867, -0.000325398694258, 0.000413313682657, -2.12232407648e-05, 0.000528800999746, -0.000109229142254, 0.00040418325807, 3.30690636474e-06, -0.000186099947314, -0.000364764418919, 0.000772901519667], [8.00659399829e-05, 7.45742363506e-05, -0.000325398694258, 0.00316210067831, -0.00144565245137, -0.000485215539811, 0.000484872784, -0.000168193553691, 0.000179139431566, -0.000297980441246, 0.0002207372454, 0.000526532356162, -9.65157305473e-05], [-0.000178165006218, 8.94135228009e-05, 0.000413313682657, -0.00144565245137, 0.00720199896023, -0.00346219120547, -1.01562000054e-05, 0.00188322481699, -0.00319712003693, 0.00250394293107, -0.000276041333564, 6.83149410179e-05, 0.0013100648066], [-5.9112985582e-06, -0.000113084824989, -2.12232407648e-05, -0.000485215539811, -0.00346219120547, 0.00932588241994, -0.0039928923361, -0.00415250193328, 0.0056373346597, -0.00371634145267, 0.000524940202013, 0.000612245348748, -0.00168836151715], [0.000121810488054, -2.24524046644e-05, 0.000528800999746, 0.000484872784, -1.01562000054e-05, -0.0039928923361, 0.0133893229067, -0.00420033559203, -0.00318532600068, 0.00180108903442, -0.000886429857928, -0.000128504019813, 0.000690515676979], [-9.78294992819e-05, 0.000177056135726, -0.000109229142254, -0.000168193553691, 0.00188322481699, -0.00415250193328, -0.00420033559203, 0.0199609007686, -0.0101514421403, 0.000112082147098, -0.000615969067439, -0.00170580856502, 0.000216309417738], [-6.22365914751e-05, -0.000103922211565, 0.00040418325807, 0.000179139431566, -0.00319712003693, 0.0056373346597, -0.00318532600068, -0.0101514421403, 0.0286634489894, -0.0141837801784, 0.000964167120401, -0.000739242183045, -0.00248765782453], [0.00022938879556, -0.000121983241115, 3.30690636474e-06, -0.000297980441246, 0.00250394293107, -0.00371634145267, 0.00180108903442, 0.000112082147098, -0.0141837801784, 0.0361603423953, -0.0192067846656, -0.000137397626531, 0.00018582760822], [-9.6788890005e-06, 5.90716736042e-05, -0.000186099947314, 0.0002207372454, -0.000276041333564, 0.000524940202013, -0.000886429857928, -0.000615969067439, 0.000964167120401, -0.0192067846656, 0.0423348620534, -0.0183535404503, -0.00100261729676], [3.07434879687e-06, -0.00030803703703, -0.000364764418919, 0.000526532356162, 6.83149410179e-05, 0.000612245348748, -0.000128504019813, -0.00170580856502, -0.000739242183045, -0.000137397626531, -0.0183535404503, 0.0413653589785, -0.0187906231731], [7.5977150118e-05, 9.88408137346e-05, 0.000772901519667, -9.65157305473e-05, 0.0013100648066, -0.00168836151715, 0.000690515676979, 0.000216309417738, -0.00248765782453, 0.00018582760822, -0.00100261729676, -0.0187906231731, 0.035589389503]]}, "spectral_contrast_coeffs": {"dmean": [0.0585861802101, 0.0481340289116, 0.0377011671662, 0.0280661936849, 0.0211944635957, 0.0184069126844], "dmean2": [0.0889363735914, 0.0775506421924, 0.0611647889018, 0.0464518778026, 0.0347996205091, 0.0287868008018], "dvar": [0.00286496290937, 0.00166627275757, 0.000957112177275, 0.000595316581894, 0.000341364357155, 0.000374607741833], "dvar2": [0.00655655423179, 0.0042593581602, 0.00245726807043, 0.00151042442303, 0.000819598790258, 0.000844923604745], "max": [-0.317186892033, -0.452006697655, -0.568462729454, -0.52494853735, -0.567394852638, -0.56877976656], "mean": [-0.646592497826, -0.756034553051, -0.80403059721, -0.815435349941, -0.814991891384, -0.789873421192], "median": [-0.653499484062, -0.763029336929, -0.807676076889, -0.819602847099, -0.816646337509, -0.794516444206], "min": [-0.926167905331, -0.971354603767, -0.974092125893, -0.971074461937, -0.944022536278, -0.924080252647], "var": [0.00847592484206, 0.00473866751418, 0.00254439096898, 0.00163179193623, 0.00136519258376, 0.00127529387828]}, "spectral_contrast_valleys": {"dmean": [0.34168869257, 0.423359900713, 0.410265654325, 0.395782351494, 0.393323093653, 0.476365566254], "dmean2": [0.544277966022, 0.658846318722, 0.631913006306, 0.608469128609, 0.579259395599, 0.662266612053], "dvar": [0.0996718108654, 0.163841247559, 0.171666160226, 0.22091832757, 0.275559723377, 0.428491950035], "dvar2": [0.227733924985, 0.380976468325, 0.390410274267, 0.46881955862, 0.561635136604, 0.845305562019], "max": [-5.21180534363, -4.63437223434, -5.48913192749, -5.63868713379, -5.83553218842, -7.62661075592], "mean": [-6.66590690613, -6.56721258163