{"lowlevel": {"average_loudness": 0.963901102543, "barkbands_crest": {"dmean": 2.3539121151, "dmean2": 3.81717920303, "dvar": 5.74210214615, "dvar2": 14.9940061569, "max": 23.4337272644, "mean": 9.21055221558, "median": 8.70630073547, "min": 2.60593676567, "var": 11.421754837}, "barkbands_flatness_db": {"dmean": 0.0168892797083, "dmean2": 0.0273963753134, "dvar": 0.000263968569925, "dvar2": 0.000688245694619, "max": 0.328502297401, "mean": 0.135997146368, "median": 0.111848346889, "min": 0.031904052943, "var": 0.00444673839957}, "barkbands_kurtosis": {"dmean": 1.84129333496, "dmean2": 3.13483715057, "dvar": 12.1390771866, "dvar2": 32.6917800903, "max": 61.5763549805, "mean": 1.45292937756, "median": -0.352203130722, "min": -1.8135240078, "var": 24.3707504272}, "barkbands_skewness": {"dmean": 0.481733083725, "dmean2": 0.785015881062, "dvar": 0.31058999896, "dvar2": 0.83699285984, "max": 6.87891435623, "mean": 1.21505105495, "median": 1.0537648201, "min": -2.10271954536, "var": 1.04835283756}, "barkbands_spread": {"dmean": 5.51727056503, "dmean2": 9.00853824615, "dvar": 38.0541343689, "dvar2": 100.64516449, "max": 76.2618865967, "mean": 31.7781238556, "median": 31.7630233765, "min": 3.24627423286, "var": 169.124145508}, "dissonance": {"dmean": 0.00809208024293, "dmean2": 0.0136903002858, "dvar": 0.000121402197692, "dvar2": 0.000343676540069, "max": 0.500000059605, "mean": 0.482451170683, "median": 0.485271990299, "min": 0.0368034504354, "var": 0.000192664403585}, "dynamic_complexity": 1.90540075302, "erbbands_crest": {"dmean": 1.66071069241, "dmean2": 2.71803498268, "dvar": 2.32222437859, "dvar2": 5.99507808685, "max": 23.0090408325, "mean": 7.31509685516, "median": 6.84392881393, "min": 2.5939142704, "var": 5.63624286652}, "erbbands_flatness_db": {"dmean": 0.0154912574217, "dmean2": 0.0224441308528, "dvar": 0.000248062075116, "dvar2": 0.00053323362954, "max": 0.411555439234, "mean": 0.16550052166, "median": 0.132362887263, "min": 0.0463113598526, "var": 0.00794534105808}, "erbbands_kurtosis": {"dmean": 0.637111127377, "dmean2": 1.00391638279, "dvar": 0.560393631458, "dvar2": 1.36313962936, "max": 9.9775018692, "mean": -0.0389261730015, "median": -0.45485663414, "min": -1.72269189358, "var": 1.89439952374}, "erbbands_skewness": {"dmean": 0.259769320488, "dmean2": 0.405501097441, "dvar": 0.0486785918474, "dvar2": 0.116845145822, "max": 2.357016325, "mean": -0.627364397049, "median": -0.675261378288, "min": -2.50223016739, "var": 0.380526632071}, "erbbands_spread": {"dmean": 7.24202823639, "dmean2": 11.4755382538, "dvar": 65.786605835, "dvar2": 163.939239502, "max": 102.702232361, "mean": 40.8853111267, "median": 39.1261787415, "min": 9.1728811264, "var": 229.610549927}, "hfc": {"dmean": 6.13254022598, "dmean2": 9.86918449402, "dvar": 73.1671905518, "dvar2": 187.782440186, "max": 103.357284546, "mean": 25.1717300415, "median": 22.9673652649, "min": 1.10961455057e-16, "var": 194.835037231}, "melbands_crest": {"dmean": 2.79602718353, "dmean2": 4.52511310577, "dvar": 7.17709302902, "dvar2": 18.9529037476, "max": 30.3385848999, "mean": 15.0434923172, "median": 15.189081192, "min": 1.66391658783, "var": 21.4110412598}, "melbands_flatness_db": {"dmean": 0.0215956587344, "dmean2": 0.0350343734026, "dvar": 0.000527804659214, "dvar2": 0.00139740493614, "max": 0.380946159363, "mean": 0.196925982833, "median": 0.193487524986, "min": 0.004212601576, "var": 0.00211807969026}, "melbands_kurtosis": {"dmean": 6.48817014694, "dmean2": 11.0749197006, "dvar": 139.739212036, "dvar2": 385.600891113, "max": 179.426727295, "mean": 10.7989597321, "median": 6.50198221207, "min": -1.6387398243, "var": 204.550674438}, "melbands_skewness": {"dmean": 0.718088984489, "dmean2": 1.1792576313, "dvar": 0.828675866127, "dvar2": 2.26045584679, "max": 11.0165615082, "mean": 2.74332261086, "median": 2.608907938, "min": -0.435400664806, "var": 2.11795592308}, "melbands_spread": {"dmean": 8.10037612915, "dmean2": 13.0187768936, "dvar": 84.9472122192, "dvar2": 215.57270813, "max": 154.022872925, "mean": 30.4637985229, "median": 29.3457565308, "min": 1.89771699905, "var": 248.872558594}, "pitch_salience": {"dmean": 0.0638772398233, "dmean2": 0.105318024755, "dvar": 0.00389286014251, "dvar2": 0.0103587256745, "max": 0.964763343334, "mean": 0.538264214993, "median": 0.526665627956, "min": 0.199834659696, "var": 0.0113013731316}, "silence_rate_20dB": {"dmean": 0, "dmean2": 0, "dvar": 0, "dvar2": 0, "max": 1, "mean": 1, "median": 1, "min": 1, "var": 0}, "silence_rate_30dB": {"dmean": 0, "dmean2": 0, "dvar": 0, "dvar2": 0, "max": 1, "mean": 1, "median": 1, "min": 1, "var": 0}, "silence_rate_60dB": {"dmean": 0.00084901653463, "dmean2": 0.0016982734669, "dvar": 0.000848504831083, "dvar2": 0.00197841227055, "max": 1, "mean": 0.0263157896698, "median": 0, "min": 0, "var": 0.0256247930229}, "spectral_centroid": {"dmean": 217.761917114, "dmean2": 355.886505127, "dvar": 59931.421875, "dvar2": 145535.953125, "max": 11058.1425781, "mean": 1985.28771973, "median": 2086.70947266, "min": 338.669555664, "var": 311792.21875}, "spectral_complexity": {"dmean": 3.58907604218, "dmean2": 5.79818868637, "dvar": 14.6938915253, "dvar2": 34.8055419922, "max": 61, "mean": 27.89544487, "median": 29, "min": 0, "var": 81.9910812378}, "spectral_decrease": {"dmean": 3.19059734188e-09, "dmean2": 5.6210787136e-09, "dvar": 3.07427861966e-17, "dvar2": 8.59213876606e-17, "max": 1.1625348194e-20, "mean": -7.48382245064e-09, "median": -6.57491128209e-09, "min": -4.48428885136e-08, "var": 2.96228001908e-17}, "spectral_energy": {"dmean": 0.0124173946679, "dmean2": 0.021849071607, "dvar": 0.000459561153548, "dvar2": 0.00128190312535, "max": 0.171987429261, "mean": 0.0305287819356, "median": 0.0271348282695, "min": 1.02146861711e-20, "var": 0.000452886859421}, "spectral_energyband_high": {"dmean": 0.000334496900905, "dmean2": 0.00051166198682, "dvar": 3.00242845697e-07, "dvar2": 7.37261075301e-07, "max": 0.00548600452021, "mean": 0.000855686434079, "median": 0.000686771643814, "min": 7.32274965856e-21, "var": 6.23710150194e-07}, "spectral_energyband_low": {"dmean": 0.00918934028596, "dmean2": 0.0161758530885, "dvar": 0.000339304329827, "dvar2": 0.000963829515968, "max": 0.157214835286, "mean": 0.0155316703022, "median": 0.0127174025401, "min": 5.87998175417e-23, "var": 0.000305370165734}, "spectral_energyband_middle_high": {"dmean": 0.00139102537651, "dmean2": 0.00222200388089, "dvar": 2.74846138382e-06, "dvar2": 6.82635709381e-06, "max": 0.0232004020363, "mean": 0.00626423256472, "median": 0.00590499397367, "min": 1.43709797611e-21, "var": 1.26316044771e-05}, "spectral_energyband_middle_low": {"dmean": 0.00438425783068, "dmean2": 0.00728463195264, "dvar": 8.83252796484e-05, "dvar2": 0.000224075236474, "max": 0.0869104787707, "mean": 0.00909285806119, "median": 0.0067154718563, "min": 2.68775815622e-22, "var": 8.63748646225e-05}, "spectral_entropy": {"dmean": 0.0961477532983, "dmean2": 0.144236162305, "dvar": 0.0103896260262, "dvar2": 0.0209103282541, "max": 9.8035364151, "mean": 7.65563964844, "median": 7.68078899384, "min": 6.07279396057, "var": 0.0613965317607}, "spectral_flux": {"dmean": 0.0275950618088, "dmean2": 0.0426907837391, "dvar": 0.00160389626399, "dvar2": 0.00291582755744, "max": 0.337074398994, "mean": 0.0835216119885, "median": 0.0675363838673, "min": 6.58208626492e-11, "var": 0.0028525814414}, "spectral_kurtosis": {"dmean": 1.92059600353, "dmean2": 3.32060956955, "dvar": 7.97828722, "dvar2": 24.706413269, "max": 36.8329734802, "mean": 5.36767339706, "median": 4.70929050446, "min": -1.20161402225, "var": 9.76036930084}, "spectral_rms": {"dmean": 0.00092207925627, "dmean2": 0.00157633831259, "dvar": 1.81720565706e-06, "dvar2": 4.97783867104e-06, "max": 0.012953478843, "mean": 0.00515977852046, "median": 0.0051451921463, "min": 3.15682549545e-12, "var": 3.16086970997e-06}, "spectral_rolloff": {"dmean": 490.670959473, "dmean2": 857.992492676, "dvar": 510577.9375, "dvar2": 1280695.625, "max": 18820.0195312, "mean": 2001.44140625, "median": 2368.65234375, "min": 86.1328125, "var": 1171903.125}, "spectral_skewness": {"dmean": 0.221628248692, "dmean2": 0.363167375326, "dvar": 0.0622519180179, "dvar2": 0.18483710289, "max": 4.76910734177, "mean": 1.28464961052, "median": 1.3119533062, "min": -0.0391726270318, "var": 0.142453417182}, "spectral_spread": {"dmean": 535174.25, "dmean2": 744547.625, "dvar": 486175965184, "dvar2": 884618231808, "max": 40626696, "mean": 3808705.5, "median": 3767234, "min": 1131884.125, "var": 2565913706500.0}, "spectral_strongpeak": {"dmean": 0.369720578194, "dmean2": 0.65434885025, "dvar": 1.03094887733, "dvar2": 2.6765229702, "max": 14.1403942108, "mean": 0.658293902874, "median": 0.41126447916, "min": 0, "var": 1.0081025362}, "zerocrossingrate": {"dmean": 0.00857936497778, "dmean2": 0.011133171618, "dvar": 0.00010074430611, "dvar2": 0.000165365287103, "max": 0.51123046875, "mean": 0.0701171308756, "median": 0.0703125, "min": 0.0078125, "var": 0.00050971127348}, "barkbands": {"dmean": [0.000165608726093, 0.00620023254305, 0.00345799606293, 0.00134154746775, 0.00250072125345, 0.00082000909606, 0.000335792894475, 0.00016010912077, 0.000409405794926, 0.0002862639667, 6.05887471465e-05, 6.87038846081e-05, 6.77369171171e-05, 8.02066060714e-05, 0.00024529179791, 0.000388031388866, 0.000728322425857, 0.0004149012384, 0.000374020717572, 0.000177331705345, 0.000108122832899, 5.97062717134e-05, 4.1004292143e-05, 4.37043745478e-05, 5.42817433598e-05, 3.78450204153e-05, 2.25000931096e-05], "dmean2": [0.000260526459897, 0.0106698246673, 0.0060867248103, 0.00223111407831, 0.00429333886132, 0.0013807292562, 0.000504241208546, 0.000237922256929, 0.00059956003679, 0.000411685177824, 9.82913916232e-05, 0.000109716798761, 0.000108127795102, 0.00013019538892, 0.000387840875192, 0.000635850767139, 0.00115735293366, 0.000672497495543, 0.000618760939687, 0.000297895516269, 0.000181201467058, 9.76327282842e-05, 6.42521335976e-05, 6.5822408942e-05, 8.01091664471e-05, 5.50410804863e-05, 3.38894242304e-05], "dvar": [7.38591054983e-08, 0.000170326617081, 4.15484537371e-05, 5.64456968277e-06, 4.76251516375e-05, 1.80586573606e-06, 1.96772546701e-07, 4.78463348941e-08, 4.05130634817e-07, 1.7546875597e-07, 9.23785403728e-09, 1.08550111122e-08, 9.49285272611e-09, 1.18908785041e-08, 9.88192212503e-08, 2.33397258853e-07, 1.07031507923e-06, 4.05208226084e-07, 2.6357483307e-07, 5.38868931699e-08, 2.48495855004e-08, 1.07172466457e-08, 4.312038282e-09, 5.14530551499e-09, 1.02248174372e-08, 5.45280309794e-09, 1.92726834491e-09], "dvar2": [1.67857777456e-07, 0.000473943073303, 0.000120816439448, 1.39940229928e-05, 0.000124570142361, 5.1464412536e-06, 4.58471873799e-07, 1.05845309406e-07, 7.73564863721e-07, 3.45609322494e-07, 2.36774990725e-08, 2.79317440288e-08, 2.39427819793e-08, 3.06591481092e-08, 2.43357817453e-07, 5.98444273692e-07, 2.46503896051e-06, 9.80353206614e-07, 7.015258916e-07, 1.46477333374e-07, 6.81076315345e-08, 2.76768883367e-08, 8.51725445727e-09, 1.12739151348e-08, 2.47874449855e-08, 1.28497701368e-08, 4.62731275519e-09], "max": [0.00282643781975, 0.118129953742, 0.0649983286858, 0.0298656336963, 0.0593968629837, 0.0245565306395, 0.00867236405611, 0.0081004742533, 0.0277727339417, 0.00950044766068, 0.00121225684416, 0.00143443536945, 0.00181120296475, 0.00186890456825, 0.00539657426998, 0.00809817761183, 0.0169495549053, 0.0146997561678, 0.0130457216874, 0.00534536829218, 0.00275247613899, 0.00114532222506, 0.000779829570092, 0.000947089225519, 0.00122158206068, 0.000882889493369, 0.000558034866117], "mean": [0.000248210213613, 0.00841894652694, 0.00580391846597, 0.00183889188338, 0.00251994328573, 0.00196273159236, 0.000938113545999, 0.000396298273699, 0.00113235216122, 0.000756243651267, 9.95709997369e-05, 0.000131854787469, 0.000133638153784, 0.000156155554578, 0.000480746413814, 0.000786210177466, 0.00162624451332, 0.000956959964242, 0.00097752280999, 0.000456994457636, 0.00026787101524, 0.000142919001519, 7.90545745986e-05, 7.46995865484e-05, 7.07148356014e-05, 4.64627992187e-05, 2.54691949522e-05], "median": [9.62627673289e-05, 0.00541501026601, 0.00409554131329, 0.00083063764032, 0.000954292016104, 0.00142510992009, 0.000658868753817, 0.000252751488006, 0.000605727545917, 0.000475164037198, 5.67729803151e-05, 8.78722203197e-05, 9.56627482083e-05, 0.000118763608043, 0.000355345284333, 0.000630640541203, 0.00118353695143, 0.000710725900717, 0.000811969803181, 0.000394188915379, 0.000222851405852, 0.000101070123492, 3.95434326492e-05, 3.17669873766e-05, 3.14641947625e-05, 1.86786273844e-05, 7.58895475883e-06], "min": [1.2198039426e-23, 1.37778185857e-23, 1.46850086267e-23, 1.5254692418e-23, 1.15236895698e-23, 8.35438660944e-23, 2.22721355513e-23, 4.31273759427e-23, 2.23364182488e-23, 5.11807023073e-23, 6.69115353905e-23, 2.60214383948e-23, 4.81208118302e-23, 6.53186422072e-23, 1.7759659638e-22, 1.43524911334e-22, 1.98314368293e-22, 1.29851364383e-22, 2.4551830287e-22, 2.49795923217e-22, 3.13000544415e-22, 4.42128491793e-22, 6.06445668753e-22, 6.05829827132e-22, 1.11018583807e-21, 1.43280677473e-21, 2.37861702228e-21], "var": [1.35859153261e-07, 0.000146924096043, 4.70652958029e-05, 7.68128757045e-06, 3.7490925024e-05, 3.57976841769e-06, 8.66787786435e-07, 2.83933388801e-07, 2.81533243651e-06, 8.14105987956e-07, 1.53110217838e-08, 1.88421438452e-08, 1.76186105705e-08, 1.86375306299e-08, 1.91913940739e-07, 4.49788217338e-07, 2.71562726084e-06, 8.82793870005e-07, 6.82195093304e-07, 1.51677667759e-07, 5.85743258341e-08, 2.30315517769e-08, 1.02294999138e-08, 1.10880051807e-08, 1.26202186479e-08, 6.65583144155e-09, 2.21035700854e-09]}, "erbbands": {"dmean": [0.168786361814, 1.49974489212, 4.05136537552, 3.85422730446, 9.48545360565, 6.0019865036, 5.58488130569, 7.0411272049, 6.10118436813, 2.91656398773, 4.26992416382, 9.81475925446, 8.14629268646, 7.84980487823, 2.64516997337, 2.95360612869, 3.01448822021, 3.42673587799, 12.0960922241, 9.48603916168, 32.0755157471, 27.9995288849, 22.6754150391, 19.9532546997, 17.6613273621, 8.38019371033, 5.57956981659, 3.24658870697, 2.07810974121, 1.63007235527, 1.07242846489, 0.928645372391, 0.711247682571, 0.49285787344, 0.453466445208, 0.213042721152, 0.0673407465219, 0.018270984292, 0.00380521942861, 0.000236404841417], "dmean2": [0.265672564507, 2.67028450966, 7.2801156044, 6.5631275177, 16.1940860748, 10.4789743423, 9.31487846375, 11.9860391617, 9.33797073364, 4.74754667282, 6.11579084396, 14.4516544342, 11.7952747345, 11.3283290863, 4.28469944, 4.69829177856, 4.79542207718, 5.42032003403, 18.789226532, 15.6694955826, 51.8982048035, 44.793006897, 36.7791366577, 33.1468009949, 28.9068317413, 14.0718450546, 9.32067108154, 5.46922826767, 3.38198709488, 2.58775138855, 1.70581030846, 1.45546865463, 1.05775761604, 0.701030135155, 0.685604929924, 0.306611061096, 0.105221606791, 0.0279528014362, 0.0057821800001, 0.00034993130248], "dvar": [0.102198012173, 10.8714780807, 63.827835083, 39.4100036621, 687.638183594, 263.932739258, 109.170127869, 142.957717896, 60.1036224365, 18.9128246307, 28.9537811279, 286.332702637, 146.170272827, 185.560760498, 19.3050727844, 19.4031352997, 19.2832374573, 22.8428936005, 229.822570801, 168.192398071, 1628.70947266, 1340.36108398, 1158.35180664, 674.474487305, 569.712341309, 133.908966064, 63.8440475464, 28.999212265, 10.5695114136, 9.62390899658, 3.00787520409, 2.16046571732, 1.57207095623, 0.751554250717, 0.810492575169, 0.139497816563, 0.0248101353645, 0.00134624564089, 6.29897695035e-05, 1.80058705723e-07], "dvar2": [0.263811975718, 31.1580638885, 187.933151245, 110.427818298, 1773.35803223, 716.607727051, 307.203155518, 407.389190674, 152.834228516, 49.5422172546, 57.7307472229, 544.631286621, 279.367736816, 369.095550537, 51.5038070679, 48.1737060547, 47.5006217957, 56.2091178894, 521.470275879, 458.105957031, 3920.28881836, 3341.21191406, 2847.08740234, 1778.47497559, 1456.74304199, 353.367706299, 174.167480469, 80.2265777588, 26.1895675659, 22.2471237183, 6.39871644974, 5.22217655182, 3.03163909912, 1.63780486584, 2.0122461319, 0.305957168341, 0.0655565112829, 0.00330916279927, 0.00015114514099, 4.30366554838e-07], "max": [2.93025016785, 29.3309230804, 78.8688583374, 68.181427002, 217.224487305, 151.408233643, 137.083633423, 234.57371521, 138.439743042, 75.0077209473, 221.254699707, 766.426818848, 359.33203125, 364.675262451, 57.3643493652, 73.7364120483, 88.9681015015, 89.1119155884, 323.001098633, 196.448501587, 560.041503906, 615.120666504, 752.25592041, 493.787811279, 382.40322876, 335.113830566, 167.331176758, 63.6528816223, 37.4858627319, 37.2246513367, 24.5022296906, 24.2525787354, 11.7960157394, 14.5739355087, 9.48041915894, 4.1899971962, 1.89441776276, 0.451219320297, 0.0986666604877, 0.00533088622615], "mean": [0.224449262023, 1.97106361389, 6.49092578888, 6.6652173996, 8.79221248627, 6.2596116066, 10.6542453766, 16.12383461, 18.1721401215, 6.93764209747, 12.6532459259, 27.2065258026, 23.8149166107, 17.9529190063, 5.36034011841, 6.18374872208, 6.19803619385, 7.44584321976, 23.7995986938, 21.8954334259, 69.6499252319, 71.3193969727, 57.2944068909, 51.8186912537, 45.431476593, 22.6953601837, 13.5770940781, 7.93407344818, 5.348944664, 3.34395480156, 2.03844666481, 1.60573196411, 1.18467915058, 0.726526021957, 0.542486608028, 0.269903481007, 0.0758671015501, 0.0205709077418, 0.00423411279917, 0.000303444510791], "median": [0.108801782131, 1.34790420532, 5.08048820496, 4.45016479492, 2.49785995483, 2.56043243408, 6.26610183716, 10.471118927, 12.6339044571, 5.00858879089, 8.46712303162, 14.0914611816, 14.8236808777, 9.9248380661, 3.74501085281, 4.19799852371, 4.46252298355, 5.77608585358, 16.4401931763, 18.0022792816, 56.25, 58.9022903442, 45.2487258911, 43.6003265381, 37.2116317749, 19.6534843445, 11.4101314545, 6.22444581985, 4.09248685837, 1.86131989956, 1.01739048958, 0.700481057167, 0.512477636337, 0.327255010605, 0.236497104168, 0.112933397293, 0.0289536546916, 0.00675901724026, 0.00125494948588, 0.000119255957543], "min": [4.97614115346e-22, 3.26984576922e-21, 1.63879148878e-20, 4.24892081448e-20, 2.81272847594e-20, 2.73254624025e-20, 3.51936735362e-19, 5.53377419148e-19, 2.79092599832e-19, 6.02282973601e-19, 1.30755055385e-18, 5.20193311117e-19, 1.13199005083e-18, 1.62270522986e-18, 2.82878688213e-18, 1.90564091082e-18, 2.25619157582e-18, 2.54658966667e-18, 7.33857847691e-18, 9.11266416951e-18, 6.79673877974e-18, 1.1971865242e-17, 8.63953671147e-18, 1.00941760049e-17, 1.53350715976e-17, 1.27535691188e-17, 1.15612635393e-17, 1.80893927859e-17, 1.4226879533e-17, 1.95424893874e-17, 1.70905920486e-17, 1.42234334986e-17, 1.02439866856e-17, 1.12423266833e-17, 8.33433684394e-18, 4.64567710349e-18, 2.7311520661e-18, 1.29953000383e-18, 3.29672419543e-19, 3.20689037758e-20], "var": [0.114655323327, 8.21314907074, 58.6672058105, 55.9588012695, 553.619750977, 197.772506714, 181.564178467, 304.318481445, 312.917114258, 43.1107063293, 237.368545532, 1933.2253418, 855.527038574, 662.379760742, 31.0472393036, 39.3309516907, 37.31407547, 36.301864624, 556.289428711, 291.931365967, 3552.58349609, 3553.06884766, 2690.94628906, 1770.77111816, 1604.67272949, 388.917510986, 144.443695068, 60.1552734375, 28.1488285065, 17.9403057098, 6.87222099304, 5.14040565491, 3.02963376045, 1.15239536762, 0.892328798771, 0.192210227251, 0.0229629799724, 0.00143327866681, 6.92538160365e-05, 2.28683589398e-07]}, "gfcc": {"mean": [8.70918369293, 80.9649810791, -133.648696899, 39.1242790222, -41.154006958, -19.0793609619, -28.6740283966, 13.0429954529, -12.7463588715, -3.57044386864, -17.9588890076, 1.03016591072, -5.94674348831], "cov": [[10948.9863281, -2375.74365234, 4771.18652344, 2094.19824219, 911.265014648, 2112.12475586, -166.321304321, 1456.95629883, -514.631164551, 635.320983887, -211.442596436, 107.312683105, -270.534942627], [-2375.74365234, 1052.23571777, -1521.53845215, -425.800964355, -251.51663208, -634.079528809, 83.3703231812, -446.294647217, 147.477966309, -189.638809204, 58.3207206726, -36.4035377502, 82.6199798584], [4771.18652344, -1521.53845215, 4681.70214844, 1407.18041992, 921.084594727, 1775.65673828, -211.949066162, 1112.67651367, -489.366424561, 550.505859375, -178.701965332, 71.5261917114, -212.886993408], [2094.19824219, -425.800964355, 1407.18041992, 778.233459473, 344.686248779, 630.316345215, -5.30637598038, 412.726745605, -167.238998413, 163.219314575, -72.6179885864, 18.8515949249, -73.6433639526], [911.265014648, -251.51663208, 921.084594727, 344.686248779, 300.270294189, 368.420623779, 11.9438152313, 269.779937744, -97.2895126343, 120.876991272, -50.5670013428, 16.0733222961, -38.770866394], [2112.12475586, -634.079528809, 1775.65673828, 630.316345215, 368.420623779, 784.998840332, -51.2827758789, 463.233703613, -190.460769653, 202.07723999, -79.9571075439, 24.3920707703, -85.9763565063], [-166.321304321, 83.3703231812, -211.949066162, -5.30637598038, 11.9438152313, -51.2827758789, 99.707244873, 15.5946502686, 36.3091163635, -17.3697910309, -7.14291381836, -4.52991580963, 13.3705024719], [1456.95629883, -446.294647217, 1112.67651367, 412.726745605, 269.779937744, 463.233703613, 15.5946502686, 406.881408691, -83.9277801514, 165.720916748, -55.7117004395, 23.6241550446, -49.5057449341], [-514.631164551, 147.477966309, -489.366424561, -167.238998413, -97.2895126343, -190.460769653, 36.3091163635, -83.9277801514, 119.304397583, -23.1516494751, 35.6959495544, -3.99676346779, 23.3663463593], [635.320983887, -189.638809204, 550.505859375, 163.219314575, 120.876991272, 202.07723999, -17.3697910309, 165.720916748, -23.1516494751, 130.795349121, 9.69288158417, 23.9613342285, -21.8567276001], [-211.442596436, 58.3207206726, -178.701965332, -72.6179885864, -50.5670013428, -79.9571075439, -7.14291381836, -55.7117004395, 35.6959495544, 9.69288158417, 68.1299514771, 29.1109848022, 16.381652832], [107.312683105, -36.4035377502, 71.5261917114, 18.8515949249, 16.0733222961, 24.3920707703, -4.52991580963, 23.6241550446, -3.99676346779, 23.9613342285, 29.1109848022, 49.5553321838, 22.9584274292], [-270.534942627, 82.6199798584, -212.886993408, -73.6433639526, -38.770866394, -85.9763565063, 13.3705024719, -49.5057449341, 23.3663463593, -21.8567276001, 16.381652832, 22.9584274292, 53.1906089783]], "icov": [[0.000315764249535, 0.000399596086936, 0.000135572627187, -0.000614803342614, 0.000398771284381, -0.000143246608786, 0.000165434656083, -0.000166459416505, 0.000182265648618, -0.00054680951871, 0.000445281068096, -0.000430021085776, 0.000283060682705], [0.000399596086936, 0.00316952238791, 9.33336050366e-05, -0.00165185215883, -0.000867149268743, 0.00136290886439, -0.00135417911224, 0.00276751280762, -0.000337909848895, -0.00112678401638, 0.000267508206889, 0.00101899798028, -0.00115390424617], [0.000135572627187, 9.33336050366e-05, 0.00322395190597, 0.000261160777882, -0.00156530167442, -0.00392424594611, 0.0037425274495, -0.00175157666672, 0.00287390314043, -0.00351425958797, 0.00130878027994, -0.000622270104941, 0.000913443218451], [-0.000614803342614, -0.00165185215883, 0.000261160777882, 0.00580259272829, -0.00161437864881, -0.00302306073718, -0.000388672051486, -0.00209825555794, 0.00177630991675, 0.00145444914233, -0.0016972287558, 0.000639588863123, 0.000663498532958], [0.000398771284381, -0.000867149268743, -0.00156530167442, -0.00161437864881, 0.0142235932872, -3.41005979863e-05, -0.00539068551734, -0.00211109407246, 0.00314455898479, -0.00461098784581, 0.0045704212971, -0.00357837462798, 0.00143866892904], [-0.000143246608786, 0.00136290886439, -0.00392424594611, -0.00302306073718, -3.41005979863e-05, 0.0136685622856, -0.00232410850003, -0.000778275600169, 2.10502093978e-06, 0.0024941386655, -0.000675663817674, 0.000702656572685, 0.000120164731925], [0.000165434656083, -0.00135417911224, 0.0037425274495, -0.000388672051486, -0.00539068551734, -0.00232410850003, 0.0223006997257, -0.00898028351367, -0.00289457431063, 0.00372838694602, 0.000233979168115, 0.00142679235432, -0.00214851112105], [-0.000166459416505, 0.00276751280762, -0.00175157666672, -0.00209825555794, -0.00211109407246, -0.000778275600169, -0.00898028351367, 0.0198742263019, -0.00549547467381, -0.00878614094108, 0.00942520517856, -0.00585300475359, 0.00132447946817], [0.000182265648618, -0.000337909848895, 0.00287390314043, 0.00177630991675, 0.00314455898479, 2.10502093978e-06, -0.00289457431063, -0.00549547467381, 0.0240194424987, -0.0087792435661, -0.00575599260628, 0.00624679867178, -0.00176076521166], [-0.00054680951871, -0.00112678401638, -0.00351425958797, 0.00145444914233, -0.00461098784581, 0.0024941386655, 0.00372838694602, -0.00878614094108, -0.0087792435661, 0.0326965153217, -0.017086353153, 0.00339505611919, -0.000437681941548], [0.000445281068096, 0.000267508206889, 0.00130878027994, -0.0016972287558, 0.0045704212971, -0.000675663817674, 0.000233979168115, 0.00942520517856, -0.00575599260628, -0.017086353153, 0.043654885143, -0.03054767102, 0.0109381861985], [-0.000430021085776, 0.00101899798028, -0.000622270104941, 0.000639588863123, -0.00357837462798, 0.000702656572685, 0.00142679235432, -0.00585300475359, 0.00624679867178, 0.00339505611919, -0.03054767102, 0.0564795695245, -0.0289727263153], [0.000283060682705, -0.00115390424617, 0.000913443218451, 0.000663498532958, 0.00143866892904, 0.000120164731925, -0.00214851112105, 0.00132447946817, -0.00176076521166, -0.000437681941548, 0.0109381861985, -0.0289727263153, 0.0393528230488]]}, "melbands": {"dmean": [0.00159289559815, 0.00205900729634, 0.000822451140266, 0.000615099153947, 0.000181325973244, 0.000154595996719, 8.97794452612e-05, 2.9664422982e-05, 4.06915023632e-05, 6.06047287874e-05, 4.09403401136e-05, 3.41635459336e-05, 8.75915520737e-06, 7.7393679021e-06, 7.34304103389e-06, 6.54123368804e-06, 6.71411908115e-06, 1.81816139957e-05, 1.45587737279e-05, 1.67917296494e-05, 4.73693653475e-05, 3.39736943715e-05, 3.13684759021e-05, 2.24331579375e-05, 1.76415742317e-05, 1.60641684488e-05, 9.0746952992e-06, 5.40648625247e-06, 4.57899795947e-06, 2.12248619391e-06, 2.27078203352e-06, 1.2800372815e-06, 1.12952955078e-06, 9.51922174863e-07, 6.27069937309e-07, 5.90691229263e-07, 6.35702747331e-07, 4.76605322319e-07, 5.36882680535e-07, 3.73859194269e-07], "dmean2": [0.00264628464356, 0.00371894403361, 0.00139402900822, 0.00106179306749, 0.000305666442728, 0.000261455104919, 0.000137083028676, 4.8367321142e-05, 5.75782396481e-05, 8.96943602129e-05, 5.93471631873e-05, 4.94715022796e-05, 1.42301341839e-05, 1.22143783301e-05, 1.17681274787e-05, 1.06149918793e-05, 1.07075384221e-05, 2.83249410131e-05, 2.37448020926e-05, 2.75533366221e-05, 7.60097973398e-05, 5.38345666428e-05, 5.20934045198e-05, 3.60780722986e-05, 2.95136633213e-05, 2.63161000476e-05, 1.51147314682e-05, 9.0528437795e-06, 7.68633526604e-06, 3.51755602424e-06, 3.82209736927e-06, 2.11400515582e-06, 1.83507529528e-06, 1.50121570641e-06, 1.01474222447e-06, 9.25262895635e-07, 1.0632154499e-06, 7.22543234133e-07, 7.80161997227e-07, 5.48321224869e-07], "dvar": [1.04561922853e-05, 1.81154118764e-05, 2.03182071346e-06, 3.06004653794e-06, 1.23800603546e-07, 6.51510063676e-08, 1.30214461436e-08, 1.96629090787e-09, 2.83779466592e-09, 9.48614164997e-09, 3.67098462739e-09, 3.4951970207e-09, 1.93526181191e-10, 1.33779154421e-10, 9.88878284813e-11, 1.2119832915e-10, 8.74037509035e-11, 4.95492813446e-10, 4.55458226689e-10, 3.46807305096e-10, 3.9213929881e-09, 2.29855290357e-09, 2.5455753061e-09, 1.69618108448e-09, 5.55925749879e-10, 5.50661460874e-10, 1.30306071489e-10, 6.07525627028e-11, 4.51551296354e-11, 1.39620745521e-11, 1.18754233877e-11, 3.94807363885e-12, 3.74792297891e-12, 2.95873481965e-12, 1.16186227306e-12, 7.19561617322e-13, 1.18112019731e-12, 6.93809972582e-13, 8.9886312369e-13, 4.55002301027e-13], "dvar2": [2.83139179373e-05, 5.33524034836e-05, 5.38543099537e-06, 8.07193828223e-06, 3.46499746229e-07, 1.86698969173e-07, 3.29598854876e-08, 5.14754905367e-09, 5.30097432616e-09, 1.86262845148e-08, 7.02196478741e-09, 6.97890012447e-09, 5.05683162011e-10, 3.40811684429e-10, 2.52181886484e-10, 3.15451109678e-10, 2.18302778632e-10, 1.12761944226e-09, 1.22272647562e-09, 9.16237696824e-10, 9.13838960059e-09, 5.30459942638e-09, 6.53644649518e-09, 4.06264044628e-09, 1.47750400803e-09, 1.43624423465e-09, 3.52963547279e-10, 1.59851895609e-10, 1.22803142655e-10, 3.73631611761e-11, 3.27232997643e-11, 1.01972093963e-11, 9.2736972615e-12, 6.40807936228e-12, 2.58887442733e-12, 1.58616750377e-12, 2.92043125794e-12, 1.36973256088e-12, 1.69006616427e-12, 1.06790780646e-12], "max": [0.0296461749822, 0.0392278246582, 0.0137313259766, 0.0154352989048, 0.00422818213701, 0.0050097219646, 0.0019859818276, 0.000681879057083, 0.00229553878307, 0.00412557506934, 0.00179617851973, 0.00154147727881, 0.000184836972039, 0.000145266603795, 0.000159693896421, 0.000144860212458, 0.000150069914525, 0.000465882854769, 0.000230354664382, 0.000269951357041, 0.000914576114155, 0.000781491340604, 0.00083846662892, 0.00115815992467, 0.000459497532574, 0.000551824865397, 0.000271725381026, 0.000217772496399, 0.000154720197315, 5.72564240429e-05, 4.41390475316e-05, 2.38116081164e-05, 2.132087684e-05, 1.97496647161e-05, 1.90001919691e-05, 1.19543428809e-05, 1.63624081324e-05, 7.23138555259e-06, 1.16138198791e-05, 1.16426308523e-05], "mean": [0.00215762970038, 0.00318875396624, 0.00124938285444, 0.00056797376601, 0.000334375421517, 0.000368507491658, 0.000265127018793, 6.88103900757e-05, 0.000122579789604, 0.000165892837686, 0.000115342627396, 7.51093175495e-05, 1.5972645997e-05, 1.52549955601e-05, 1.54454046424e-05, 1.197956135e-05, 1.31339875225e-05, 3.53692630597e-05, 2.87317361654e-05, 3.52528586518e-05, 9.69597749645e-05, 7.82546994742e-05, 6.391115312e-05, 4.81778843096e-05, 4.04677266488e-05, 3.71604255633e-05, 2.38732154685e-05, 1.22683304653e-05, 9.90966418613e-06, 4.32070646639e-06, 4.96793700222e-06, 3.01312229567e-06, 2.41553607339e-06, 1.67259292994e-06, 1.1176435919e-06, 1.03476190816e-06, 1.0116299336e-06, 7.89823388914e-07, 8.01790918104e-07, 5.36184984412e-07], "median": [0.00121259805746, 0.00270098913461, 0.000774797983468, 0.000173175998498, 0.000194899970666, 0.000246907962719, 0.000184732896741, 4.97518121847e-05, 7.57771776989e-05, 9.16888820939e-05, 7.00508971931e-05, 3.94887683797e-05, 1.0048986951e-05, 1.01078112493e-05, 1.1522864952e-05, 8.38988307805e-06, 9.8037544376e-06, 2.47545285674e-05, 2.20432993956e-05, 2.88663213723e-05, 7.3982620961e-05, 5.95720848651e-05, 4.57523492514e-05, 3.2814561564e-05, 3.25497057929e-05, 2.91168798867e-05, 2.05303767871e-05, 9.84108373814e-06, 7.86628515925e-06, 3.24956545228e-06, 3.59698469765e-06, 2.33155174101e-06, 1.43905185723e-06, 8.34085483348e-07, 5.44680119674e-07, 5.35031631443e-07, 3.83334509024e-07, 3.24700209831e-07, 3.43143085502e-07, 2.44516854764e-07], "min": [5.39790696172e-24, 9.75225980864e-24, 8.04641988744e-24, 9.83757767933e-25, 1.06090866029e-23, 1.35213236178e-23, 4.68799131159e-24, 7.5977631362e-24, 1.11547535239e-23, 2.67155851099e-24, 5.80399125648e-24, 6.23544650125e-24, 9.24565017986e-24, 4.0407833981e-24, 6.7297731713e-24, 5.19823167268e-24, 4.30488101297e-24, 1.05345392473e-23, 1.29207527666e-23, 1.21013550558e-23, 5.7729267029e-24, 1.33429810998e-23, 7.3500418793e-24, 6.01633446837e-24, 7.63624613774e-24, 9.35688587838e-24, 1.11242719385e-23, 7.60439114553e-24, 7.45875164521e-24, 6.79295777437e-24, 1.016620668e-23, 7.80956282292e-24, 8.39097539818e-24, 1.13821718677e-23, 9.14033803787e-24, 9.87565185371e-24, 7.09226659016e-24, 7.32657405623e-24, 7.73066411063e-24, 1.03985727594e-23], "var": [1.00199649751e-05, 1.4219221157e-05, 2.34835692936e-06, 2.33454738918e-06, 1.84248264645e-07, 1.45337111235e-07, 6.59371579559e-08, 4.1180863164e-09, 2.48022136162e-08, 6.06379444434e-08, 2.14193853765e-08, 1.26513546306e-08, 3.31432326028e-10, 2.45073294991e-10, 1.98576113886e-10, 1.57683324731e-10, 1.33621863574e-10, 1.21289467359e-09, 6.22496609815e-10, 7.68342334201e-10, 8.72303029809e-09, 5.95687499327e-09, 5.17413045742e-09, 3.32555671889e-09, 1.27292931751e-09, 1.22151744275e-09, 4.04572347845e-10, 1.38710959385e-10, 9.19424952839e-11, 2.31710414744e-11, 2.61259954643e-11, 8.97520165827e-12, 8.39607723624e-12, 5.29849731798e-12, 2.46367748251e-12, 1.60411928966e-12, 2.52673858399e-12, 1.35253939125e-12, 1.49145149356e-12, 6.36884859087e-13]}, "mfcc": {"mean": [-628.253173828, 109.919784546, -28.2300186157, 47.8929367065, 4.22921276093, -13.558599472, -8.47796058655, 5.80198144913, 7.07765626907, 1.4716821909, -0.703631341457, -3.99376487732, -0.705167233944], "cov": [[5502.38867188, -672.590820312, 2094.27978516, 1105.21276855, 1058.02990723, 730.299072266, 794.649902344, 568.995605469, 335.397247314, 402.687713623, 126.672431946, 242.249221802, 79.2768554688], [-672.590820312, 513.288818359, -625.117370605, -128.630218506, -282.848144531, -170.786407471, -195.612243652, -143.333877563, -68.8641052246, -97.7872161865, -18.3603496552, -63.8336296082, -8.17101383209], [2094.27978516, -625.117370605, 2781.93603516, 655.605285645, 1253.77966309, 752.755493164, 779.236877441, 452.651397705, 240.942855835, 390.042175293, 64.4173583984, 247.540313721, 31.6622028351], [1105.21276855, -128.630218506, 655.605285645, 480.204803467, 354.359344482, 248.537536621, 277.077087402, 198.049865723, 127.589813232, 138.318725586, 49.6877441406, 75.5873947144, 20.4112491608], [1058.02990723, -282.848144531, 1253.77966309, 354.359344482, 650.802612305, 362.421966553, 391.733032227, 232.511352539, 134.741226196, 194.72064209, 37.9812049866, 125.812492371, 22.8803081512], [730.299072266, -170.786407471, 752.755493164, 248.537536621, 362.421966553, 286.571380615, 250.390594482, 154.770874023, 78.6878890991, 110.870521545, 16.8039073944, 63.1173591614, 8.28619003296], [794.649902344, -195.612243652, 779.236877441, 277.077087402, 391.733032227, 250.390594482, 312.038848877, 190.540740967, 109.704521179, 134.387863159, 31.0002765656, 75.545501709, 10.8699235916], [568.995605469, -143.333877563, 452.651397705, 198.049865723, 232.511352539, 154.770874023, 190.540740967, 170.06880188, 100.448181152, 95.2059631348, 23.9497318268, 49.0741729736, 6.04254388809], [335.397247314, -68.8641052246, 240.942855835, 127.589813232, 134.741226196, 78.6878890991, 109.704521179, 100.448181152, 112.149703979, 86.3591842651, 27.6231269836, 30.7412185669, 6.5500626564], [402.687713623, -97.7872161865, 390.042175293, 138.318725586, 194.72064209, 110.870521545, 134.387863159, 95.2059631348, 86.3591842651, 125.653892517, 44.3609657288, 46.1166419983, 9.21590805054], [126.672431946, -18.3603496552, 64.4173583984, 49.6877441406, 37.9812049866, 16.8039073944, 31.0002765656, 23.9497318268, 27.6231269836, 44.3609657288, 59.2104225159, 35.678855896, 9.23875713348], [242.249221802, -63.8336296082, 247.540313721, 75.5873947144, 125.812492371, 63.1173591614, 75.545501709, 49.0741729736, 30.7412185669, 46.1166419983, 35.678855896, 82.6073913574, 35.4473304749], [79.2768554688, -8.17101383209, 31.6622028351, 20.4112491608, 22.8803081512, 8.28619003296, 10.8699235916, 6.04254388809, 6.5500626564, 9.21590805054, 9.23875713348, 35.4473304749, 51.7839431763]], "icov": [[0.000387314270483, 0.000222199363634, -3.7239271478e-05, -0.000661312951706, 5.86743226449e-05, -0.000146292499267, 5.31257046532e-06, -0.000192166276975, 9.61695550359e-05, -9.04240005184e-05, -3.89852466469e-05, 2.95546396956e-05, -0.000265005917754], [0.000222199363634, 0.00309151597321, 0.000497280969284, -0.00106983573642, -0.000154703171575, -0.000221545415116, 0.000164461045642, 0.00213847402483, -0.000692008354235, 0.000349033391103, -8.73034805409e-05, 0.000363158178516, -0.000122571276734], [-3.7239271478e-05, 0.000497280969284, 0.00364920636639, 0.000673890404869, -0.00463307462633, -0.00236862804741, -0.00103962235153, 0.000545761198737, 0.00175220577512, -0.00282321660779, 0.00205714511685, -0.00224746670574, 0.00167150713969], [-0.000661312951706, -0.00106983573642, 0.000673890404869, 0.00654555065557, -0.00106338062324, -0.00217259605415, -0.00190750032198, -0.00205525336787, -0.000975908362307, 0.00036098214332, -0.00218273047358, 0.000788878533058, -0.000782107876148], [5.86743226449e-05, -0.000154703171575, -0.00463307462633, -0.00106338062324, 0.0160297714174, -0.00156420876738, -0.00552906328812, 0.00177450815681, -0.00127936876379, -0.00224521709606, 0.00292152026668, -0.00428273295984, 0.000230722798733], [-0.000146292499267, -0.000221545415116, -0.00236862804741, -0.00217259605415, -0.00156420876738, 0.0171970855445, -0.00402765674517, -0.00247443723492, 0.00255364156328, 0.000575031328481, 0.000951757421717, 0.00232215574943, -0.000617585494183], [5.31257046532e-06, 0.000164461045642, -0.00103962235153, -0.00190750032198, -0.00552906328812, -0.00402765674517, 0.024439221248, -0.0114041352645, 0.000397716765292, -0.00020003868849, -0.00174559897278, 0.00168207776733, -0.00016119988868], [-0.000192166276975, 0.00213847402483, 0.000545761198737, -0.00205525336787, 0.00177450815681, -0.00247443723492, -0.0114041352645, 0.0298270303756, -0.0140569023788, 0.00179408409167, 0.0028202557005, -0.00408067274839, 0.00338221061975], [9.61695550359e-05, -0.000692008354235, 0.00175220577512, -0.000975908362307, -0.00127936876379, 0.00255364156328, 0.000397716765292, -0.0140569023788, 0.0295565184206, -0.016517046839, 0.00266123842448, 0.000139279465657, -0.000598834361881], [-9.04240005184e-05, 0.000349033391103, -0.00282321660779, 0.00036098214332, -0.00224521709606, 0.000575031328481, -0.00020003868849, 0.00179408409167, -0.016517046839, 0.0340268015862, -0.0177211016417, 0.00684549938887, -0.00298069720156], [-3.89852466469e-05, -8.73034805409e-05, 0.00205714511685, -0.00218273047358, 0.00292152026668, 0.000951757421717, -0.00174559897278, 0.0028202557005, 0.00266123842448, -0.0177211016417, 0.0369290262461, -0.0198947172612, 0.00808973051608], [2.95546396956e-05, 0.000363158178516, -0.00224746670574, 0.000788878533058, -0.00428273295984, 0.00232215574943, 0.00168207776733, -0.00408067274839, 0.000139279465657, 0.00684549938887, -0.0198947172612, 0.0375302620232, -0.0206577703357], [-0.000265005917754, -0.000122571276734, 0.00167150713969, -0.000782107876148, 0.000230722798733, -0.000617585494183, -0.00016119988868, 0.00338221061975, -0.000598834361881, -0.00298069720156, 0.00808973051608, -0.0206577703357, 0.0319233499467]]}, "spectral_contrast_coeffs": {"dmean": [0.0505510903895, 0.0383965559304, 0.0341965891421, 0.0271199252456, 0.0206076614559, 0.0202162973583], "dmean2": [0.0836637541652, 0.0637445300817, 0.05524295941, 0.0448517799377, 0.0345668680966, 0.0330994352698], "dvar": [0.00193289015442, 0.000951495836489, 0.000775389315095, 0.000432953354903, 0.000282401859295, 0.000325941713527], "dvar2": [0.00491437409073, 0.00261714030057, 0.00200658873655, 0.00116619223263, 0.000746421981603, 0.000821841822471], "max": [-0.346283823252, -0.503634333611, -0.525623619556, -0.635233879089, -0.623391747475, -0.502935290337], "mean": [-0.648463129997, -0.721319973469, -0.746578514576, -0.782650113106, -0.762850940228, -0.721312224865], "median": [-0.658032596111, -0.724203705788, -0.747931003571, -0.782746970654, -0.762271165848, -0.737701654434], "min": [-0.987194180489, -0.970454573631, -0.97087842226, -0.96667098999, -0.962475776672, -0.964059770107], "var": [0.00518686370924, 0.003743970301, 0.00312785478309, 0.00142806884833, 0.00129104231019, 0.00441080285236]}, "spectral_contrast_valleys": {"dmean": [0.407200217247, 0.310747414827, 0.29895222187, 0.243579402566, 0.175287678838, 0.340739876032], "dmean2": [0.684517264366, 0.511409580708, 0.488010466099, 0.389242380857, 0.289490699768, 0.502140939236], "dvar": [0.143142551184, 0.101469814777, 0.105637662113, 0.0859732031822, 0.066778473556, 0.145878389478], "dvar2": [0.352718889713, 0.215827122331, 0.223428964615, 0.16633681953, 0.12250251323, 0.34330278635], "max": [-5.04759979248, -5.01855421066, -5.91863632202, -6.00932216644, -5.55212688446, -8.32574081421], "mean": [-7.5400891304, -6.72732925415, -7.43905544281, -7.52868509293, -6.7924385070