{"lowlevel": {"average_loudness": 0.762042343616, "barkbands_crest": {"dmean": 2.37948155403, "dmean2": 3.47366499901, "dvar": 7.09598588943, "dvar2": 16.0270252228, "max": 26.565536499, "mean": 13.1725645065, "median": 12.344575882, "min": 1.93171584606, "var": 33.65599823}, "barkbands_flatness_db": {"dmean": 0.0302935186774, "dmean2": 0.0458343699574, "dvar": 0.00205992208794, "dvar2": 0.00479482812807, "max": 0.635924339294, "mean": 0.191543981433, "median": 0.176011443138, "min": 0.0163228586316, "var": 0.00849782209843}, "barkbands_kurtosis": {"dmean": 7.38081359863, "dmean2": 10.63002491, "dvar": 360.896270752, "dvar2": 736.115966797, "max": 767.426696777, "mean": 13.6562843323, "median": 5.15970516205, "min": -1.97766029835, "var": 788.906188965}, "barkbands_skewness": {"dmean": 0.734693288803, "dmean2": 1.03526067734, "dvar": 1.15182423592, "dvar2": 2.30383133888, "max": 26.354095459, "mean": 2.31768679619, "median": 1.9369931221, "min": -3.47237443924, "var": 4.95023345947}, "barkbands_spread": {"dmean": 5.80271339417, "dmean2": 8.99471569061, "dvar": 95.9559707642, "dvar2": 213.433074951, "max": 131.344146729, "mean": 17.0813827515, "median": 12.1126947403, "min": 0.109670437872, "var": 290.118988037}, "dissonance": {"dmean": 0.0202453359962, "dmean2": 0.0336845479906, "dvar": 0.000505884294398, "dvar2": 0.00133544055279, "max": 0.500000119209, "mean": 0.450774639845, "median": 0.460017442703, "min": 0.169468447566, "var": 0.00174027914181}, "dynamic_complexity": 4.39757490158, "erbbands_crest": {"dmean": 2.53037500381, "dmean2": 4.00071573257, "dvar": 7.6815123558, "dvar2": 20.0343799591, "max": 32.30909729, "mean": 10.8535242081, "median": 9.76059913635, "min": 2.47361421585, "var": 29.1097679138}, "erbbands_flatness_db": {"dmean": 0.0212504677474, "dmean2": 0.0317259542644, "dvar": 0.000775632157456, "dvar2": 0.00176964327693, "max": 0.504753828049, "mean": 0.177747771144, "median": 0.158027172089, "min": 0.0403227880597, "var": 0.00691208895296}, "erbbands_kurtosis": {"dmean": 1.67285180092, "dmean2": 2.68386125565, "dvar": 11.2509098053, "dvar2": 30.0870838165, "max": 80.9451828003, "mean": 2.17514514923, "median": 0.479075193405, "min": -1.86433374882, "var": 28.0472679138}, "erbbands_skewness": {"dmean": 0.437822848558, "dmean2": 0.667162418365, "dvar": 0.295710653067, "dvar2": 0.733265995979, "max": 6.42383480072, "mean": 0.830242335796, "median": 0.773459196091, "min": -4.40106916428, "var": 1.41919469833}, "erbbands_spread": {"dmean": 9.51677799225, "dmean2": 13.9317998886, "dvar": 192.335464478, "dvar2": 392.750396729, "max": 192.827392578, "mean": 39.0506477356, "median": 33.0236740112, "min": 1.2000875473, "var": 768.005371094}, "hfc": {"dmean": 7.6988158226, "dmean2": 11.5798988342, "dvar": 300.258575439, "dvar2": 742.671630859, "max": 207.689819336, "mean": 17.9739818573, "median": 11.5148410797, "min": 1.12709075933e-16, "var": 492.495025635}, "melbands_crest": {"dmean": 2.93852567673, "dmean2": 4.52161550522, "dvar": 10.7553262711, "dvar2": 27.2402820587, "max": 35.968788147, "mean": 17.5868682861, "median": 17.0422172546, "min": 1.72715902328, "var": 48.7049865723}, "melbands_flatness_db": {"dmean": 0.0352169461548, "dmean2": 0.0536863952875, "dvar": 0.00316787627526, "dvar2": 0.00751837529242, "max": 0.798360049725, "mean": 0.264434218407, "median": 0.255311220884, "min": 0.0038533853367, "var": 0.012677045539}, "melbands_kurtosis": {"dmean": 18.3578243256, "dmean2": 26.0949573517, "dvar": 2714.03027344, "dvar2": 5242.28613281, "max": 1436.72436523, "mean": 35.486000061, "median": 11.4947109222, "min": -1.71400761604, "var": 6377.96435547}, "melbands_skewness": {"dmean": 0.967929542065, "dmean2": 1.35117292404, "dvar": 2.31488490105, "dvar2": 4.21450853348, "max": 29.8114070892, "mean": 3.44676923752, "median": 2.59695672989, "min": -1.43744456768, "var": 10.0849657059}, "melbands_spread": {"dmean": 6.01172971725, "dmean2": 9.36697673798, "dvar": 141.885894775, "dvar2": 297.386352539, "max": 202.627639771, "mean": 18.2187595367, "median": 10.1792097092, "min": 0.286305963993, "var": 703.950073242}, "pitch_salience": {"dmean": 0.0735667049885, "dmean2": 0.11219920963, "dvar": 0.00911370664835, "dvar2": 0.0215748939663, "max": 0.959299623966, "mean": 0.486789107323, "median": 0.494922757149, "min": 0.0288932789117, "var": 0.0304848086089}, "silence_rate_20dB": {"dmean": 0, "dmean2": 0, "dvar": 0, "dvar2": 0, "max": 1, "mean": 1, "median": 1, "min": 1, "var": 0}, "silence_rate_30dB": {"dmean": 0.0371905453503, "dmean2": 0.0743894204497, "dvar": 0.035808108747, "dvar2": 0.0704228878021, "max": 1, "mean": 0.953965067863, "median": 1, "min": 0, "var": 0.0439128614962}, "silence_rate_60dB": {"dmean": 0.0322616770864, "dmean2": 0.0645305812359, "dvar": 0.0312179718167, "dvar2": 0.0666320845485, "max": 1, "mean": 0.139448925853, "median": 0, "min": 0, "var": 0.120010666549}, "spectral_centroid": {"dmean": 246.982223511, "dmean2": 390.449737549, "dvar": 164637.140625, "dvar2": 396477.75, "max": 10883.9833984, "mean": 1135.68005371, "median": 876.507568359, "min": 96.6763534546, "var": 728129.75}, "spectral_complexity": {"dmean": 4.0719165802, "dmean2": 6.42841148376, "dvar": 42.5090103149, "dvar2": 97.836479187, "max": 61, "mean": 13.8366937637, "median": 11, "min": 0, "var": 106.567062378}, "spectral_decrease": {"dmean": 2.20498419523e-09, "dmean2": 2.86469714617e-09, "dvar": 1.41768814281e-17, "dvar2": 2.60948252475e-17, "max": 5.456697502e-19, "mean": -8.2589775019e-09, "median": -6.015156373e-09, "min": -5.19857081827e-08, "var": 6.81143397419e-17}, "spectral_energy": {"dmean": 0.00869980920106, "dmean2": 0.0112030338496, "dvar": 0.000210298734601, "dvar2": 0.000375907431589, "max": 0.199012547731, "mean": 0.0328016728163, "median": 0.0243570506573, "min": 1.03630899663e-20, "var": 0.00103723851498}, "spectral_energyband_high": {"dmean": 0.000534656108357, "dmean2": 0.000810551398899, "dvar": 1.75700870386e-06, "dvar2": 3.99354485126e-06, "max": 0.016231123358, "mean": 0.000869764364325, "median": 0.000189765007235, "min": 7.66382191296e-21, "var": 3.20250887853e-06}, "spectral_energyband_low": {"dmean": 0.00657937349752, "dmean2": 0.00869234930724, "dvar": 0.000249289558269, "dvar2": 0.000495831423905, "max": 0.170068413019, "mean": 0.0169221796095, "median": 0.00379770528525, "min": 6.6357420558e-23, "var": 0.000752980646212}, "spectral_energyband_middle_high": {"dmean": 0.00138244300615, "dmean2": 0.00234688515775, "dvar": 1.25838232634e-05, "dvar2": 3.52873576048e-05, "max": 0.0355473160744, "mean": 0.00253445631824, "median": 0.00115386513062, "min": 1.6445393641e-21, "var": 1.39835301525e-05}, "spectral_energyband_middle_low": {"dmean": 0.00502877030522, "dmean2": 0.00807349290699, "dvar": 0.000117059396871, "dvar2": 0.000310029485263, "max": 0.11616589874, "mean": 0.0134070124477, "median": 0.00797889195383, "min": 2.53832770593e-22, "var": 0.000222692338866}, "spectral_entropy": {"dmean": 0.23855689168, "dmean2": 0.372635602951, "dvar": 0.140998974442, "dvar2": 0.358766227961, "max": 9.79722118378, "mean": 7.3540596962, "median": 7.43847751617, "min": 3.76363396645, "var": 0.523934185505}, "spectral_flux": {"dmean": 0.0288470182568, "dmean2": 0.0394890196621, "dvar": 0.00203891261481, "dvar2": 0.00279955985025, "max": 0.448017150164, "mean": 0.0691367313266, "median": 0.0467079356313, "min": 1.01799263463e-10, "var": 0.00559698045254}, "spectral_kurtosis": {"dmean": 3.88674283028, "dmean2": 6.38137388229, "dvar": 94.7851791382, "dvar2": 235.661376953, "max": 308.299957275, "mean": 9.34746932983, "median": 4.92424249649, "min": -1.63393092155, "var": 338.672393799}, "spectral_rms": {"dmean": 0.000663203129079, "dmean2": 0.000848320894875, "dvar": 7.95009214016e-07, "dvar2": 1.4189167814e-06, "max": 0.0139340795577, "mean": 0.00493811909109, "median": 0.00487472862005, "min": 3.1796748394e-12, "var": 7.6165538303e-06}, "spectral_rolloff": {"dmean": 499.370178223, "dmean2": 822.352844238, "dvar": 1810141, "dvar2": 3533047, "max": 18841.5527344, "mean": 1441.09887695, "median": 538.330078125, "min": 64.599609375, "var": 6695902.5}, "spectral_skewness": {"dmean": 0.373113691807, "dmean2": 0.588942348957, "dvar": 0.335940122604, "dvar2": 0.827615320683, "max": 13.6858444214, "mean": 1.94645643234, "median": 1.71958911419, "min": -0.428102523088, "var": 1.50429463387}, "spectral_spread": {"dmean": 823506.5, "dmean2": 1144097.125, "dvar": 1744514973700.0, "dvar2": 3171505668100.0, "max": 40023368, "mean": 4855689.5, "median": 4384634.5, "min": 269239.375, "var": 7982578925570.0}, "spectral_strongpeak": {"dmean": 0.293141305447, "dmean2": 0.471256732941, "dvar": 0.280930370092, "dvar2": 0.664837539196, "max": 7.62410163879, "mean": 0.861393094063, "median": 0.492897808552, "min": 0, "var": 0.775621592999}, "zerocrossingrate": {"dmean": 0.0111646130681, "dmean2": 0.0122808804736, "dvar": 0.000377095566364, "dvar2": 0.000364328938304, "max": 0.50439453125, "mean": 0.0565848946571, "median": 0.0341796875, "min": 0.00244140625, "var": 0.00440121628344}, "barkbands": {"dmean": [0.000188403893844, 0.00488444138318, 0.0036330211442, 0.00193754362408, 0.00115359772462, 0.00170597201213, 0.000812832149677, 0.0010528989369, 0.000475951383123, 0.000215872147237, 0.000282439927105, 0.000178667061846, 0.000197559173102, 0.000163115983014, 0.000104492406535, 0.00011000772065, 0.000150811014464, 0.000166205427377, 0.000219691195525, 9.72055568127e-05, 8.1143603893e-05, 9.09423542907e-05, 0.000100377124909, 7.39226306905e-05, 0.000102006095403, 8.96053461474e-05, 1.34716538014e-05], "dmean2": [0.000197125496925, 0.0065304026939, 0.00640871468931, 0.00363723142073, 0.00198873970658, 0.0026181100402, 0.00115141528659, 0.00155940407421, 0.000751309737097, 0.000356705539161, 0.000435865018517, 0.000329715694534, 0.000328030553646, 0.000264211354079, 0.00017057833611, 0.000183894022484, 0.000264165981207, 0.00030058764969, 0.000402150588343, 0.000166624507983, 0.000131368607981, 0.000148502760567, 0.000164287441294, 0.000128091589431, 0.000148829640239, 0.000125108766952, 1.93982614292e-05], "dvar": [1.63348516935e-07, 0.000133374313009, 0.000207080069231, 6.91934983479e-05, 9.22351682675e-06, 1.31579836307e-05, 3.68041742149e-06, 5.53201834919e-06, 1.22435812955e-06, 2.45296035928e-07, 3.60659726084e-07, 2.97365659208e-07, 2.09816235497e-07, 1.33433246674e-07, 4.53702782011e-08, 6.24974276775e-08, 1.0549015883e-07, 2.04570213214e-07, 4.18176711037e-07, 5.06554584945e-08, 4.26559942923e-08, 5.71780383041e-08, 7.27995512761e-08, 4.01373299042e-08, 5.20560803352e-08, 4.59049154244e-08, 8.8801493936e-10], "dvar2": [1.92309627778e-07, 0.000257573148701, 0.000565174501389, 0.000201080430998, 2.57545452769e-05, 3.42100865964e-05, 7.380358511e-06, 1.1463375813e-05, 3.02804801322e-06, 5.89395256156e-07, 8.09649975508e-07, 8.57309885305e-07, 5.35153333203e-07, 3.15625158009e-07, 1.09486656186e-07, 1.55396634227e-07, 2.90544221571e-07, 5.80190203436e-07, 1.20480842725e-06, 1.35461363016e-07, 1.02351862097e-07, 1.38522679549e-07, 1.89413029261e-07, 1.08784128372e-07, 9.67128244156e-08, 8.01942547923e-08, 1.58413160367e-09], "max": [0.0076143341139, 0.111139968038, 0.124709904194, 0.0815292596817, 0.0393575578928, 0.0531025528908, 0.036926984787, 0.0547650493681, 0.0219331327826, 0.0103833992034, 0.0194241292775, 0.00597330927849, 0.00961076654494, 0.00978731177747, 0.00493286643177, 0.00737592997029, 0.00489135505632, 0.00463225087151, 0.00748462695628, 0.00238145049661, 0.00301072723232, 0.00294483266771, 0.00302998488769, 0.00228587747552, 0.00258033513092, 0.00288475700654, 0.000440588890342], "mean": [0.000617111742031, 0.0122401332483, 0.0031664907001, 0.00143305503298, 0.00202881125733, 0.00437539117411, 0.00205803359859, 0.00261745625176, 0.000832624209579, 0.000280348904198, 0.000532116915565, 0.00015295171761, 0.000270693417406, 0.000272087490885, 0.000157258691615, 0.000170449115103, 0.000217294757022, 0.000184233489563, 0.000245418807026, 0.0001532931783, 0.000133290828671, 0.000130607266328, 0.000134360059747, 0.000101132420241, 0.000160073599545, 0.000120091732242, 1.68004262378e-05], "median": [3.36457242156e-06, 0.0020933742635, 0.000467668636702, 0.000143813202158, 0.000903336389456, 0.000840006279759, 0.000548959127627, 0.000527158437762, 0.000159524613991, 6.14886157564e-05, 0.000102346006315, 3.67248758266e-05, 6.38657511445e-05, 6.17942205281e-05, 5.30180986971e-05, 6.29546848359e-05, 8.14154045656e-05, 6.48321438348e-05, 6.7875123932e-05, 3.95898532588e-05, 2.58963736997e-05, 1.60278796102e-05, 1.89388374565e-05, 1.36628450491e-05, 2.00946524274e-05, 9.67251617112e-06, 3.94663629777e-07], "min": [1.83948045272e-24, 2.1488135607e-23, 3.97197902884e-23, 6.91829120613e-24, 4.85281164928e-23, 3.88128148175e-23, 5.551726003e-23, 3.75557618096e-23, 6.63105811529e-23, 2.9255531448e-23, 6.71455367786e-23, 1.43169280216e-22, 8.41329053769e-23, 1.73049539014e-22, 9.99534414114e-23, 3.60924690067e-22, 1.41875106569e-22, 1.48085966248e-22, 2.07420637795e-22, 3.70671199079e-22, 4.95605183232e-22, 5.01939647948e-22, 5.80340002101e-22, 7.96664443513e-22, 1.31233648113e-21, 1.36478045898e-21, 2.62597956835e-21], "var": [1.38654718285e-06, 0.000419953110395, 0.000136557922815, 3.99236305384e-05, 9.33563023864e-06, 6.16979523329e-05, 1.83433276106e-05, 2.52780155279e-05, 2.76101945929e-06, 5.03868591295e-07, 1.41995280956e-06, 1.79556167268e-07, 3.77898857096e-07, 3.67278090607e-07, 7.54790718815e-08, 9.78034790933e-08, 1.27130306282e-07, 1.50290887291e-07, 3.04748539293e-07, 7.21962365446e-08, 7.11339822601e-08, 9.06400785539e-08, 1.03008197527e-07, 5.16024023511e-08, 1.17271916622e-07, 8.94798475315e-08, 2.07068007185e-09]}, "erbbands": {"dmean": [0.158819168806, 1.21744465828, 3.64704012871, 5.97502231598, 4.43377971649, 3.65808176994, 8.53009128571, 15.4251117706, 8.58469963074, 25.7269668579, 11.6560087204, 11.7226800919, 6.68966197968, 7.79472541809, 11.3174695969, 7.33259534836, 9.30409145355, 8.55017280579, 5.73988342285, 6.25592422485, 5.75055646896, 7.89344024658, 8.5548658371, 12.9265136719, 8.35677623749, 5.17711830139, 3.59500598907, 3.032091856, 3.53940629959, 2.83303523064, 2.72115373611, 1.68823981285, 1.30496418476, 0.805147528648, 0.898614287376, 0.579930365086, 0.114427767694, 0.0247201342136, 0.00233219563961, 8.2983977336e-05], "dmean2": [0.198749527335, 1.61947095394, 6.04260253906, 10.9352064133, 8.17157173157, 6.11249828339, 12.7284393311, 24.7068023682, 11.4249753952, 38.2548751831, 17.7249660492, 17.9200744629, 11.6951942444, 12.4056892395, 17.8317890167, 13.2611322403, 15.3171596527, 14.0057563782, 9.53344726562, 10.2596063614, 9.76460838318, 13.9092283249, 15.4264230728, 23.4634609222, 14.8862943649, 8.90223026276, 6.05951118469, 4.91301441193, 5.84878396988, 4.68304824829, 4.49534082413, 2.79906606674, 2.25067710876, 1.3303232193, 1.27461826801, 0.765488982201, 0.165618613362, 0.0337970145047, 0.00339036923833, 0.000126430008095], "dvar": [0.117172345519, 9.48197078705, 175.344985962, 611.471252441, 313.322753906, 77.0884933472, 272.50390625, 1176.28479004, 477.110168457, 3671.53344727, 545.088134766, 708.541015625, 307.15713501, 278.981048584, 611.837890625, 463.466369629, 453.030487061, 412.154602051, 168.531005859, 150.250762939, 168.498352051, 334.542358398, 537.647216797, 1537.97473145, 445.071716309, 144.326217651, 76.7817611694, 59.7011604309, 98.1578140259, 56.1652755737, 54.8553581238, 17.247795105, 13.4203424454, 4.04152917862, 3.78763723373, 1.99539780617, 0.0764062553644, 0.0039684381336, 2.46143354161e-05, 3.64955639043e-08], "dvar2": [0.199533477426, 18.7723369598, 449.979248047, 1734.81726074, 907.422485352, 206.365066528, 590.062316895, 3448.63110352, 808.394042969, 8322.609375, 1210.03857422, 1668.68518066, 853.728881836, 644.089599609, 1482.39978027, 1330.51257324, 1131.24450684, 1002.77020264, 423.129547119, 364.482269287, 410.311676025, 928.807800293, 1527.50817871, 4401.92089844, 1266.91809082, 391.319152832, 195.929016113, 133.423400879, 242.330810547, 142.718383789, 143.809005737, 43.886756897, 37.3857955933, 9.51843738556, 6.93105268478, 3.54895830154, 0.133235007524, 0.00642346311361, 4.43354401796e-05, 8.44027496782e-08], "max": [3.57563686371, 29.5114955902, 115.921859741, 251.599502563, 203.440032959, 143.240005493, 298.248657227, 439.680175781, 575.672729492, 1139.32897949, 393.473205566, 589.399841309, 185.674453735, 376.378417969, 591.428405762, 241.10836792, 485.583190918, 539.687316895, 303.394744873, 269.649871826, 474.017486572, 219.123657227, 238.742477417, 430.446746826, 220.365982056, 123.240867615, 111.665893555, 110.394950867, 123.218032837, 92.4770584106, 83.714225769, 43.5366363525, 45.3143348694, 22.0345249176, 21.8610916138, 18.9543628693, 4.10457706451, 0.976974606514, 0.0653883963823, 0.00213189213537], "mean": [0.437884688377, 2.35784006119, 3.97288584709, 4.61614561081, 4.23768758774, 7.58155012131, 23.1967029572, 36.2556190491, 24.3085384369, 63.7244148254, 27.9595623016, 22.4323940277, 7.34374713898, 13.0647935867, 20.1278381348, 7.86343002319, 13.2930908203, 13.6578264236, 8.97339725494, 9.81732463837, 9.51322078705, 10.985994339, 10.1693620682, 13.190073967, 10.6246652603, 8.00580692291, 5.36942958832, 5.17410993576, 5.09327411652, 3.97735190392, 3.6451921463, 2.44913101196, 1.63314795494, 1.18596684933, 1.34505462646, 0.800171732903, 0.150028124452, 0.033250451088, 0.00297332881019, 0.000124815909658], "median": [0.0293811094016, 0.469956099987, 0.852617383003, 0.556505322456, 1.26551246643, 3.59314632416, 7.46755647659, 7.85795307159, 8.46401119232, 12.9784812927, 10.1103248596, 5.0257191658, 2.21998023987, 3.52840852737, 4.47459506989, 2.37819623947, 3.36922073364, 3.31258773804, 2.93984293938, 3.22201538086, 3.96897506714, 4.21027803421, 3.88116836548, 3.8039355278, 3.04318571091, 2.10275745392, 1.28848576546, 0.865363359451, 0.621966481209, 0.503726661205, 0.528155088425, 0.360889017582, 0.178384006023, 0.135637059808, 0.153856948018, 0.0624599531293, 0.00950281322002, 0.00145034352317, 9.67171072261e-05, 4.60983283119e-05], "min": [1.66875383455e-22, 6.83128078229e-21, 4.59092639356e-20, 3.08663770356e-20, 9.47206264269e-20, 1.46868270054e-19, 2.38345786255e-19, 3.51611782628e-19, 5.1747493713e-19, 8.98410375871e-19, 8.19428327551e-19, 1.22969569421e-18, 1.16290665001e-18, 1.65391537476e-18, 3.95423310714e-18, 5.61940020618e-18, 4.39559310735e-18, 8.65354005206e-18, 5.02008303697e-18, 1.33936439584e-17, 1.54075475085e-17, 9.15888123188e-18, 8.66640436494e-18, 9.26214066928e-18, 1.48716899815e-17, 1.54537687068e-17, 1.80454579148e-17, 1.94441855891e-17, 2.0763551901e-17, 1.67389823856e-17, 1.42242524074e-17, 1.52425349025e-17, 1.45119739486e-17, 1.00830917846e-17, 1.20328433424e-17, 4.96755500012e-18, 2.44581549341e-18, 1.6347265423e-18, 3.56914294698e-19, 3.42481207931e-20], "var": [0.56796091795, 19.8884410858, 141.024154663, 377.044921875, 181.302139282, 112.807701111, 1282.04296875, 4177.68261719, 2806.95800781, 14004.6201172, 1839.45483398, 1951.01049805, 233.435241699, 751.22052002, 1822.08666992, 313.380096436, 896.752990723, 1019.02935791, 256.239349365, 266.142089844, 278.902130127, 348.727050781, 405.67010498, 1040.89050293, 401.749328613, 199.560043335, 103.317893982, 118.427436829, 150.339248657, 81.525642395, 74.5057449341, 28.8341007233, 15.0684156418, 7.37679672241, 8.2474193573, 3.87546944618, 0.158172264695, 0.00956157036126, 5.68772848055e-05, 5.76473020431e-08]}, "gfcc": {"mean": [-50.874420166, 99.1832427979, -102.410041809, 23.9922733307, -51.1674575806, -3.09796094894, -35.8077507019, 10.4118108749, -17.3191051483, 9.61309051514, -7.96560525894, 3.16992926598, -9.61336994171], "cov": [[16555.7714844, -3150.8059082, 2016.86071777, 609.098693848, -807.971252441, 1499.5300293, -560.735107422, 930.953674316, -450.687408447, 602.16229248, -209.249649048, 592.7734375, -389.22265625], [-3150.8059082, 4965.46142578, -290.849700928, -408.228302002, 658.422851562, -977.520080566, 360.915893555, -539.292602539, 259.699707031, -352.789764404, 218.044189453, -377.375610352, 290.163909912], [2016.86071777, -290.849700928, 2313.0859375, 132.249435425, 135.017425537, 685.329772949, -115.978210449, 349.863525391, -94.895401001, 139.593276978, -118.016693115, 189.664352417, -108.590942383], [609.098693848, -408.228302002, 132.249435425, 807.64263916, 122.734260559, 180.434204102, 71.996925354, 40.1529045105, 20.7954177856, 33.8800735474, 18.3150691986, 18.6469192505, 13.1155118942], [-807.971252441, 658.422851562, 135.017425537, 122.734260559, 520.723632812, 24.0494422913, 197.06729126, 30.8292961121, 91.4894866943, -18.6336669922, 31.0928192139, -46.4088172913, 20.3436737061], [1499.5300293, -977.520080566, 685.329772949, 180.434204102, 24.0494422913, 633.623413086, -27.0558509827, 316.836578369, -36.5373077393, 149.584320068, -52.9596672058, 149.786010742, -98.5442733765], [-560.735107422, 360.915893555, -115.978210449, 71.996925354, 197.06729126, -27.0558509827, 241.433425903, 9.81369590759, 104.856887817, -17.7346916199, 41.4989280701, -49.2758369446, 22.4825782776], [930.953674316, -539.292602539, 349.863525391, 40.1529045105, 30.8292961121, 316.836578369, 9.81369590759, 290.595214844, 33.0939865112, 135.895874023, -18.2493095398, 92.5304946899, -67.5384216309], [-450.687408447, 259.699707031, -94.895401001, 20.7954177856, 91.4894866943, -36.5373077393, 104.856887817, 33.0939865112, 159.361358643, 46.5847892761, 58.934589386, -28.8715438843, 18.1880340576], [602.16229248, -352.789764404, 139.593276978, 33.8800735474, -18.6336669922, 149.584320068, -17.7346916199, 135.895874023, 46.5847892761, 156.962493896, 29.7000751495, 72.2905807495, -22.6958656311], [-209.249649048, 218.044189453, -118.016693115, 18.3150691986, 31.0928192139, -52.9596672058, 41.4989280701, -18.2493095398, 58.934589386, 29.7000751495, 97.5426101685, 15.3121433258, 44.3528671265], [592.7734375, -377.375610352, 189.664352417, 18.6469192505, -46.4088172913, 149.786010742, -49.2758369446, 92.5304946899, -28.8715438843, 72.2905807495, 15.3121433258, 132.752670288, 25.4328250885], [-389.22265625, 290.163909912, -108.590942383, 13.1155118942, 20.3436737061, -98.5442733765, 22.4825782776, -67.5384216309, 18.1880340576, -22.6958656311, 44.3528671265, 25.4328250885, 111.309486389]], "icov": [[0.000116860683192, -9.45541905821e-05, 1.47360415212e-05, -0.000144034027471, 0.000227606869885, -6.28162015346e-05, -3.72700560547e-05, -0.000173496417119, 0.000346944172634, -0.000303186359815, 0.000143277226016, -0.000387330859667, 0.000404411985073], [-9.45541905821e-05, 0.000811781326775, -0.000400099728722, 0.000514941406436, -0.000773360370658, 0.000580394640565, 6.45224208711e-05, 6.33966337773e-05, -0.000415858405177, 0.000838438281789, -0.00156020955183, 0.00227616797201, -0.00187667249702], [1.47360415212e-05, -0.000400099728722, 0.000921662664041, -0.000192892053747, -4.26872902608e-05, -0.000901403429452, 0.000421779870521, -1.48562767208e-05, 2.60236320173e-05, -0.000251772347838, 0.00130755594, -0.00150409131311, 0.000899027800187], [-0.000144034027471, 0.000514941406436, -0.000192892053747, 0.00187186116818, -0.000801892543677, -0.000554724305402, -0.000213980762055, 0.000785250333138, -0.000311403971864, 0.000229805038543, -0.00115793466102, 0.00216520670801, -0.00201520719565], [0.000227606869885, -0.000773360370658, -4.26872902608e-05, -0.000801892543677, 0.00404397724196, -0.000596776488237, -0.0022636114154, -0.000822917732876, 0.00069699366577, -0.000599468476139, 0.000892447249498, -0.00107733544428, 0.00120962271467], [-6.28162015346e-05, 0.000580394640565, -0.000901403429452, -0.000554724305402, -0.000596776488237, 0.00611252663657, -0.000828715390526, -0.00339597207494, 0.000807010976132, 0.00039696416934, -0.000194460721104, -0.00207089656033, 0.00158050761092], [-3.72700560547e-05, 6.45224208711e-05, 0.000421779870521, -0.000213980762055, -0.0022636114154, -0.000828715390526, 0.00891722086817, -0.00149453314953, -0.00415893830359, 0.00314412545413, -0.00161043147091, 0.00211189175025, -0.00140992982779], [-0.000173496417119, 6.33966337773e-05, -1.48562767208e-05, 0.000785250333138, -0.000822917732876, -0.00339597207494, -0.00149453314953, 0.0131440032274, -0.00427305977792, -0.00421424210072, 0.00363971525803, -0.0051475004293, 0.00410687131807], [0.000346944172634, -0.000415858405177, 2.60236320173e-05, -0.000311403971864, 0.00069699366577, 0.000807010976132, -0.00415893830359, -0.00427305977792, 0.0168179068714, -0.0071998629719, -0.00488481950015, 0.00668339570984, -0.00260303984396], [-0.000303186359815, 0.000838438281789, -0.000251772347838, 0.000229805038543, -0.000599468476139, 0.00039696416934, 0.00314412545413, -0.00421424210072, -0.0071998629719, 0.0185091048479, -0.00620959931985, -0.00380899873562, 0.00204542791471], [0.000143277226016, -0.00156020955183, 0.00130755594, -0.00115793466102, 0.000892447249498, -0.000194460721104, -0.00161043147091, 0.00363971525803, -0.00488481950015, -0.00620959931985, 0.0228158626705, -0.00986360013485, 0.000873158685863], [-0.000387330859667, 0.00227616797201, -0.00150409131311, 0.00216520670801, -0.00107733544428, -0.00207089656033, 0.00211189175025, -0.0051475004293, 0.00668339570984, -0.00380899873562, -0.00986360013485, 0.0323141403496, -0.0195186268538], [0.000404411985073, -0.00187667249702, 0.000899027800187, -0.00201520719565, 0.00120962271467, 0.00158050761092, -0.00140992982779, 0.00410687131807, -0.00260303984396, 0.00204542791471, 0.000873158685863, -0.0195186268538, 0.0253138504922]]}, "melbands": {"dmean": [0.00131995475385, 0.00164701847825, 0.000983065459877, 0.000262125424342, 0.000277267710771, 0.0003331520129, 0.000134721543873, 0.000288440875011, 8.46633483889e-05, 6.96768402122e-05, 3.26716726704e-05, 3.10196410283e-05, 4.09991334891e-05, 2.27723230637e-05, 2.01279926841e-05, 1.77308320417e-05, 1.68208989635e-05, 1.01849191196e-05, 6.67861559123e-06, 9.22035087569e-06, 6.67533004162e-06, 7.57208681534e-06, 1.07393661892e-05, 7.53009726395e-06, 1.14836875582e-05, 7.12961127647e-06, 4.18685567638e-06, 3.379538839e-06, 2.34220101447e-06, 2.07684934139e-06, 1.85820476872e-06, 2.20054494093e-06, 1.62719345553e-06, 1.66012921454e-06, 1.55853206252e-06, 1.51793062741e-06, 1.0110736639e-06, 9.20837635476e-07, 8.54794620864e-07, 6.47376111829e-07], "dmean2": [0.00173731986433, 0.00240813405253, 0.00178415025584, 0.000463317817776, 0.000418801326305, 0.000525375304278, 0.000181161769433, 0.000429193227319, 0.00012857389811, 0.000109385691758, 5.7346860558e-05, 4.94688756589e-05, 6.31651273579e-05, 4.09737149312e-05, 3.37857418344e-05, 3.00606643577e-05, 2.72488068731e-05, 1.68933820532e-05, 1.10231949293e-05, 1.52306529344e-05, 1.13801925181e-05, 1.33807907332e-05, 1.92587467609e-05, 1.32842305902e-05, 2.09561876545e-05, 1.2878626876e-05, 7.33319166102e-06, 5.89564160691e-06, 4.06110621043e-06, 3.2616126191e-06, 3.0935700579e-06, 3.59368232239e-06, 2.79994242192e-06, 2.79366099676e-06, 2.64247319137e-06, 2.52681957136e-06, 1.77735603302e-06, 1.61626246609e-06, 1.45537762819e-06, 1.06637128283e-06], "dvar": [8.6377867774e-06, 2.47141615546e-05, 1.60049366968e-05, 6.84560404807e-07, 2.75673926353e-07, 5.2821707186e-07, 1.16657176363e-07, 4.47686289817e-07, 2.83702785708e-08, 2.65008424094e-08, 7.37478433877e-09, 4.69078775822e-09, 7.63206209342e-09, 4.45426096007e-09, 2.17469375841e-09, 1.95964378058e-09, 1.61945767907e-09, 5.00172681051e-10, 1.59692245538e-10, 3.92910010083e-10, 2.00304620113e-10, 2.67641325769e-10, 8.10415623498e-10, 3.19453907771e-10, 1.27292620888e-09, 3.21877913212e-10, 9.50729356353e-11, 6.11432987574e-11, 3.19736251364e-11, 2.66181660047e-11, 2.04042061025e-11, 4.19082095415e-11, 1.50721119613e-11, 2.00824027546e-11, 1.96331735591e-11, 1.53084489529e-11, 6.37365290754e-12, 6.93980333269e-12, 5.05281146784e-12, 2.58221655863e-12], "dvar2": [1.48882718349e-05, 5.5568285461e-05, 4.50547122455e-05, 1.95585130314e-06, 6.20230309778e-07, 1.48675405853e-06, 2.01865574923e-07, 9.90063881545e-07, 6.4382106757e-08, 6.55145058204e-08, 2.04896206668e-08, 1.0536565398e-08, 1.71829785955e-08, 1.27328414479e-08, 5.67670266349e-09, 5.32025579147e-09, 3.78142583912e-09, 1.25811172591e-09, 3.95946636589e-10, 9.93728876963e-10, 4.91290119697e-10, 7.38295091729e-10, 2.29651164751e-09, 8.83039752431e-10, 3.65150198967e-09, 9.18470410838e-10, 2.59419152826e-10, 1.65883126679e-10, 8.49581932583e-11, 5.83476045257e-11, 4.72614516966e-11, 1.03021646769e-10, 3.88553980657e-11, 5.14536815932e-11, 5.26241099308e-11, 3.96413353532e-11, 1.68193636102e-11, 1.93966665646e-11, 1.38112932549e-11, 5.86762452862e-12], "max": [0.0296868979931, 0.0454079732299, 0.0399738736451, 0.0108371647075, 0.00844435952604, 0.00985621009022, 0.00872950349003, 0.0132074207067, 0.00294252880849, 0.00314985937439, 0.000928976922296, 0.00168241979554, 0.00287271151319, 0.000769811857026, 0.000902273983229, 0.00068112835288, 0.00123287783936, 0.000457224057755, 0.000223793351324, 0.000293385353871, 0.00052808917826, 0.000227516517043, 0.000308682210743, 0.000167989215697, 0.000400932069169, 0.00017489521997, 0.000118362935609, 8.17370164441e-05, 6.50123183732e-05, 7.72304847487e-05, 6.30857975921e-05, 8.34704915178e-05, 4.33967543358e-05, 6.01718675171e-05, 5.39010943612e-05, 5.23108537891e-05, 2.38081502175e-05, 3.19199571095e-05, 2.92665463348e-05, 1.92940806301e-05], "mean": [0.00357981445268, 0.00248767388985, 0.000782810209785, 0.000401165423682, 0.000766979530454, 0.000809302204289, 0.000367452972569, 0.000720281561371, 0.000198444831767, 0.000123088859254, 3.23858548654e-05, 5.02828552271e-05, 7.66076118452e-05, 2.34591425397e-05, 2.69287593255e-05, 2.26493848459e-05, 2.73711993941e-05, 1.53539640451e-05, 1.01486657513e-05, 1.40609681694e-05, 1.0613581253e-05, 1.09551119749e-05, 1.15857937999e-05, 9.02634292288e-06, 1.09870397864e-05, 8.22229867481e-06, 6.21478739049e-06, 5.02682951264e-06, 3.29045133185e-06, 3.10614223054e-06, 3.0145040455e-06, 3.00404803966e-06, 2.24463110499e-06, 2.2172955596e-06, 2.02896853807e-06, 1.94155541067e-06, 1.39412497902e-06, 1.11746624043e-06, 1.07454525278e-06, 9.5062375749e-07], "median": [0.000477844121633, 0.000665384344757, 0.000108076026663, 0.000174968736246, 0.000280699925497, 0.000162431257195, 0.000103036261862, 0.000137226743391, 7.83097493695e-05, 2.33251757891e-05, 8.11554673419e-06, 1.27528828671e-05, 1.51921976794e-05, 5.48278012502e-06, 7.12757218935e-06, 5.39109532838e-06, 5.75291142013e-06, 4.59504599348e-06, 3.69315193893e-06, 4.27992335972e-06, 4.39727409685e-06, 4.30431737186e-06, 3.4071022128e-06, 3.29375507135e-06, 2.86845170194e-06, 2.19219668907e-06, 1.71667215909e-06, 1.23784593598e-06, 8.33397052702e-07, 5.55625831566e-07, 4.59420505194e-07, 3.43809062997e-07, 2.68637222689e-07, 2.56367627571e-07, 2.91636041538e-07, 2.45326560844e-07, 1.97089377707e-07, 1.09708508944e-07, 1.05432846453e-07, 9.77894387688e-08], "min": [3.52696042521e-24, 1.90565823072e-23, 7.12182994145e-24, 8.89088365356e-24, 8.7855588898e-24, 7.95100163893e-24, 9.42214045246e-24, 1.0208691573e-23, 5.41161460324e-24, 9.5440178846e-24, 6.13415360558e-24, 6.13192073478e-24, 1.15513367779e-23, 1.30424826818e-23, 1.54255076253e-23, 7.26793644743e-24, 1.81389398592e-23, 8.36118879926e-24, 9.46770111404e-24, 2.61938502565e-23, 1.53133789362e-23, 9.0851824611e-24, 6.58075379643e-24, 8.30023193939e-24, 7.01554118966e-24, 9.69476210384e-24, 1.22780946084e-23, 9.89783462236e-24, 1.07847974809e-23, 1.08487204578e-23, 1.18140684802e-23, 1.13354105598e-23, 1.03684059295e-23, 8.64178425666e-24, 7.4892852954e-24, 9.67412076939e-24, 9.07940484383e-24, 1.08674464379e-23, 7.75321212188e-24, 8.62516453511e-24], "var": [3.59659825335e-05, 3.13244054269e-05, 9.94081074168e-06, 5.09295318807e-07, 1.2310421198e-06, 2.11581345866e-06, 6.83227483478e-07, 1.80961671958e-06, 8.39020799503e-08, 6.0498607013e-08, 5.50189405146e-09, 1.31337563047e-08, 2.99037452578e-08, 3.36078809227e-09, 3.55121221318e-09, 2.42179742926e-09, 4.72948080699e-09, 7.99524446649e-10, 2.61471733154e-10, 6.29099217164e-10, 3.38761296792e-10, 3.10815706506e-10, 6.36796726461e-10, 2.78268297293e-10, 8.31395896572e-10, 2.73588512956e-10, 1.16789980464e-10, 8.21259310557e-11, 3.73760675187e-11, 4.52408041585e-11, 4.16156449579e-11, 5.78788579564e-11, 2.41784769289e-11, 2.74198788675e-11, 2.42161204284e-11, 2.18493764748e-11, 9.36294011072e-12, 7.30715227909e-12, 6.55851978629e-12, 4.91581645182e-12]}, "mfcc": {"mean": [-695.913024902, 132.556594849, 6.90492105484, 28.3827209473, 6.21276378632, -4.07721757889, -4.00482320786, -1.59840655327, -3.34788227081, 2.67777562141, 3.4844827652, 5.2371764183, 4.2121219635], "cov": [[11268.0341797, -1809.49267578, 253.585617065, -86.2518005371, -294.81652832, 128.370239258, 98.3714370728, 211.300674438, -1.85831689835, 97.9973907471, 163.971389771, 84.8087997437, 139.700546265], [-1809.49267578, 3516.88867188, 58.8384666443, 62.6905021667, 149.952346802, -193.915039062, -70.1039886475, -149.486160278, -22.1637821198, -70.6440887451, -43.1319084167, -3.529255867, -42.6286430359], [253.585617065, 58.8384666443, 1313.9597168, -66.0680541992, 242.788314819, 156.556610107, 80.7673873901, 167.515472412, 33.4546508789, 78.5613174438, -6.31902837753, 13.5945930481, -20.5340690613], [-86.2518005371, 62.6905021667, -66.0680541992, 557.40637207, 116.021568298, 112.695075989, 79.7601928711, -5.76594734192, 55.038028717, -0.467160493135, 25.1517162323, 9.47205638885, 3.51646828651], [-294.81652832, 149.952346802, 242.788314819, 116.021568298, 321.562316895, 129.350387573, 120.720298767, 106.502998352, 68.8081893921, 64.9177093506, 20.7490959167, 34.1533050537, 19.0545864105], [128.370239258, -193.915039062, 156.556610107, 112.695075989, 129.350387573, 200.770202637, 118.977218628, 102.573043823, 68.0169754028, 51.2640838623, 38.6722335815, 30.5744476318, 20.426656723], [98.3714370728, -70.1039886475, 80.7673873901, 79.7601928711, 120.720298767, 118.977218628, 159.826278687, 112.945259094, 63.970085144, 46.6638221741, 35.3853530884, 32.9527397156, 19.5235671997], [211.300674438, -149.486160278, 167.515472412, -5.76594734192, 106.502998352, 102.573043823, 112.945259094, 180.077301025, 81.4543762207, 76.8036422729, 37.2463645935, 44.5259590149, 34.11693573], [-1.85831689835, -22.1637821198, 33.4546508789, 55.038028717, 68.8081893921, 68.0169754028, 63.970085144, 81.4543762207, 117.228065491, 66.896194458, 53.6783638, 38.4116668701, 35.0714836121], [97.9973907471, -70.6440887451, 78.5613174438, -0.467160493135, 64.9177093506, 51.2640838623, 46.6638221741, 76.8036422729, 66.896194458, 114.394935608, 66.7128067017, 64.25, 40.2706832886], [163.971389771, -43.1319084167, -6.31902837753, 25.1517162323, 20.7490959167, 38.6722335815, 35.3853530884, 37.2463645935, 53.6783638, 66.7128067017, 104.076187134, 68.4524917603, 42.6054458618], [84.8087997437, -3.529255867, 13.5945930481, 9.47205638885, 34.1533050537, 30.5744476318, 32.9527397156, 44.5259590149, 38.4116668701, 64.25, 68.4524917603, 100.961196899, 57.9204101562], [139.700546265, -42.6286430359, -20.5340690613, 3.51646828651, 19.0545864105, 20.426656723, 19.5235671997, 34.11693573, 35.0714836121, 40.2706832886, 42.6054458618, 57.9204101562, 76.2282714844]], "icov": [[0.00010837840091, 3.7963174691e-05, -4.35331603512e-05, -3.15568759106e-05, 0.000171009407495, 4.2577480599e-06, -7.03497134964e-05, -0.000153533794219, 0.000196253255126, -2.66085953626e-06, -0.000213759529288, 0.000156239737407, -0.00023294427956], [3.7963174691e-05, 0.000372037233319, -7.58636524552e-05, -3.32401687047e-05, -0.000340998056345, 0.000615309341811, -0.000166378740687, 0.000348868139554, -0.00031976896571, 0.000337633682648, -2.02791470656e-05, -0.00035791521077, 0.000178445014171], [-4.35331603512e-05, -7.58636524552e-05, 0.00110727793071, 0.000237626343733, -0.000700729084201, -0.000833143363707, 0.000926500011701, -0.000973609450739, 0.000527257856447, -0.000408698630054, 0.000250218989095, -0.000114257636596, 0.000841831963044], [-3.15568759106e-05, -3.32401687047e-05, 0.000237626343733, 0.00251733046025, -0.000744965451304, -0.00134004384745, -0.000774395244662, 0.00182782637421, -0.00133736559656, 0.000855555408634, -0.000105904058728, -0.000318695878377, 0.00037737027742], [0.000171009407495, -0.000340998056345, -0.000700729084201, -0.000744965451304, 0.00629635946825, -0.0015379403485, -0.00251559284516, -0.000402283942094, 5.05415046064e-05, -0.00226096296683, 0.00178906414658, 4.01836441597e-05, -0.00085520040011], [4.2577480599e-06, 0.000615309341811, -0.000833143363707, -0.00134004384745, -0.0015379403485, 0.012037595734, -0.00520172994584, -0.000816343759652, -0.00148255936801, 0.000604242784902, -0.00142107449938, 0.000397344643716, -0.000114691327326], [-7.03497134964e-05, -0.000166378740687, 0.000926500011701, -0.000774395244662, -0.00251559284516, -0.00520172994584, 0.0173914339393, -0.0081780673936, -6.83677790221e-05, 0.00255403923802, -0.00202806014568, -0.00115220737644, 0.00224098260514], [-0.000153533794219, 0.000348868139554, -0.000973609450739, 0.00182782637421, -0.000402283942094, -0.000816343759652, -0.0081780673936, 0.0169824026525, -0.0057698735036, -0.0041732089594, 0.00420228391886, -0.00154878140893, -0.00136956048664], [0.000196253255126, -0.00031976896571, 0.000527257856447, -0.00133736559656, 5.05415046064e-05, -0.00148255936801, -6.83677790221e-05, -0.0057698735036, 0.0190607886761, -0.00570078659803, -0.00543656852096, 0.00528140738606, -0.0040825009346], [-2.66085953626e-06, 0.000337633682648, -0.000408698630054, 0.000855555408634, -0.00226096296683, 0.000604242784902, 0.00255403923802, -0.0041732089594, -0.00570078659803, 0.0227358229458, -0.00696394685656, -0.0067374506034, 0.00128432468046], [-0.000213759529288, -2.02791470656e-05, 0.000250218989095, -0.000105904058728, 0.00178906414658, -0.00142107449938, -0.00202806014568, 0.00420228391886, -0.00543656852096, -0.00696394685656, 0.0236707665026, -0.0109133897349, 0.000267460127361], [0.000156239737407, -0.00035791521077, -0.000114257636596, -0.000318695878377, 4.01836441597e-05, 0.000397344643716, -0.00115220737644, -0.00154878140893, 0.00528140738606, -0.0067374506034, -0.0109133897349, 0.028452752158, -0.014020876959], [-0.00023294427956, 0.000178445014171, 0.000841831963044, 0.00037737027742, -0.00085520040011, -0.000114691327326, 0.00224098260514, -0.00136956048664, -0.0040825009346, 0.00128432468046, 0.000267460127361, -0.014020876959, 0.0258418358862]]}, "spectral_contrast_coeffs": {"dmean": [0.0426475070417, 0.045665755868, 0.0356266498566, 0.0291822124273, 0.0209386087954, 0.0191959980875], "dmean2": [0.0643041953444, 0.0718982890248, 0.0571136847138, 0.0473181642592, 0.0345461815596, 0.030330106616], "dvar": [0.00211602076888, 0.00181800255086, 0.000944597879425, 0.000650296977255, 0.000334172742441, 0.000411603046814], "dvar2": [0.00473898742348, 0.00420928699896, 0.00229662214406, 0.00156485463958, 0.000831985671539, 0.000908520829398], "max": [-0.337297052145, -0.313565671444, -0.492608845234, -0.565574944019, -0.626928806305, -0.616027116776], "mean": [-0.668628752232, -0.692476511002, -0.79471796751, -0.805846095085, -0.812526643276, -0.779904842377], "median": [-0.683047056198, -0.693012595177, -0.801373243332, -0.814157366753, -0.816425383091, -0.784866690636], "min": [-0.95931327343, -0.965167164803, -0.964591801167, -0.95673418045, -0.959199547768, -0.960090339184], "var": [0.00848908629268, 0.00876472517848, 0.00412306329235, 0.00278865243308, 0.00163334538229, 0.00229773437604]}, "spectral_contrast_valleys": {"dmean": [0.314324080944, 0.395855724812, 0.475522696972, 0.411158710718, 0.380944669247, 0.476328730583], "dmean2": [0.490839660168, 0.623168647289, 0.760584175587, 0.655054450035, 0.603506147861, 0.714796185493], "dvar": [0.126523211598, 0.214390099049, 0.385355621576, 0.315901845694, 0.442667484283, 0.531710445881], "dvar2": [0.275670856237, 0.458144396544, 0.91180896759, 0.723441839218, 1.03086125851, 1.19230389595], "max": [-5.27350759506, -4.29915046692, -4.85491132736, -5.60257196426, -5.3