{"lowlevel": {"average_loudness": 0.937543272972, "barkbands_crest": {"dmean": 2.72387671471, "dmean2": 4.43476676941, "dvar": 8.56635189056, "dvar2": 21.4143028259, "max": 26.7515449524, "mean": 15.6866807938, "median": 15.325138092, "min": 3.8686029911, "var": 32.6658744812}, "barkbands_flatness_db": {"dmean": 0.0541388355196, "dmean2": 0.0824311375618, "dvar": 0.00364072597586, "dvar2": 0.00890936143696, "max": 0.686432719231, "mean": 0.373470008373, "median": 0.382127225399, "min": 0.0584903396666, "var": 0.0109548941255}, "barkbands_kurtosis": {"dmean": 27.3089370728, "dmean2": 40.4280128479, "dvar": 14870.6201172, "dvar2": 31483.9335938, "max": 3340.32324219, "mean": 37.2313995361, "median": 5.81655931473, "min": -1.93228113651, "var": 25529.15625}, "barkbands_skewness": {"dmean": 1.2165043354, "dmean2": 1.77256393433, "dvar": 5.28387403488, "dvar2": 10.4468622208, "max": 49.5401802063, "mean": 2.56173920631, "median": 1.69755578041, "min": -3.60945987701, "var": 16.7748508453}, "barkbands_spread": {"dmean": 1.7103484869, "dmean2": 2.63671040535, "dvar": 7.29905509949, "dvar2": 14.6165847778, "max": 107.013786316, "mean": 7.22827482224, "median": 4.11124038696, "min": 0.0427000820637, "var": 162.051635742}, "dissonance": {"dmean": 0.0523895211518, "dmean2": 0.0878977105021, "dvar": 0.00298562645912, "dvar2": 0.0076800826937, "max": 0.499999850988, "mean": 0.34461325407, "median": 0.353101730347, "min": 0.048916850239, "var": 0.00749040441588}, "dynamic_complexity": 3.92956900597, "erbbands_crest": {"dmean": 2.4659974575, "dmean2": 3.71295666695, "dvar": 7.78849840164, "dvar2": 17.6385250092, "max": 32.7825202942, "mean": 16.875005722, "median": 16.0345077515, "min": 3.07667255402, "var": 46.6163024902}, "erbbands_flatness_db": {"dmean": 0.0428431592882, "dmean2": 0.0589354969561, "dvar": 0.0024138011504, "dvar2": 0.00553064560518, "max": 0.58189958334, "mean": 0.306952983141, "median": 0.297182351351, "min": 0.0499595403671, "var": 0.0102153848857}, "erbbands_kurtosis": {"dmean": 5.54371070862, "dmean2": 8.12242698669, "dvar": 108.144958496, "dvar2": 240.43548584, "max": 161.184738159, "mean": 9.90969848633, "median": 4.99655246735, "min": -1.89814448357, "var": 245.507293701}, "erbbands_skewness": {"dmean": 0.767171978951, "dmean2": 1.03864133358, "dvar": 0.906602919102, "dvar2": 1.78244924545, "max": 11.9881896973, "mean": 0.935102522373, "median": 0.784386754036, "min": -5.65054035187, "var": 4.10680580139}, "erbbands_spread": {"dmean": 4.56231641769, "dmean2": 6.63216114044, "dvar": 73.5822296143, "dvar2": 138.741744995, "max": 182.89680481, "mean": 17.9044742584, "median": 10.4459018707, "min": 0.723362922668, "var": 650.034423828}, "hfc": {"dmean": 2.56268239021, "dmean2": 3.81980061531, "dvar": 11.6439285278, "dvar2": 24.0866508484, "max": 57.1074104309, "mean": 10.4811830521, "median": 9.58337402344, "min": 1.13583955088e-16, "var": 64.3191833496}, "melbands_crest": {"dmean": 2.51737260818, "dmean2": 4.04843330383, "dvar": 7.28947114944, "dvar2": 18.12292099, "max": 33.6330299377, "mean": 17.5257949829, "median": 17.4533920288, "min": 2.65179133415, "var": 26.3759155273}, "melbands_flatness_db": {"dmean": 0.0590874888003, "dmean2": 0.0901415944099, "dvar": 0.00429949257523, "dvar2": 0.0104987006634, "max": 0.843962728977, "mean": 0.500502407551, "median": 0.511256992817, "min": 0.00670427409932, "var": 0.0148095730692}, "melbands_kurtosis": {"dmean": 17.6500282288, "dmean2": 25.3916339874, "dvar": 2925.17407227, "dvar2": 5539.76757812, "max": 1315.00537109, "mean": 30.8912372589, "median": 8.36367225647, "min": -1.89799571037, "var": 8068.93261719}, "melbands_skewness": {"dmean": 0.929913759232, "dmean2": 1.36955070496, "dvar": 1.6216917038, "dvar2": 3.14602994919, "max": 24.5789890289, "mean": 2.60858011246, "median": 2.14549541473, "min": -3.0693731308, "var": 6.13962697983}, "melbands_spread": {"dmean": 1.99894094467, "dmean2": 3.07208967209, "dvar": 17.9291038513, "dvar2": 33.937664032, "max": 208.864730835, "mean": 6.42579269409, "median": 4.2194943428, "min": 0.225289076567, "var": 70.9872589111}, "pitch_salience": {"dmean": 0.0686132609844, "dmean2": 0.109642736614, "dvar": 0.00542920222506, "dvar2": 0.0134054981172, "max": 0.923233389854, "mean": 0.437571078539, "median": 0.433344244957, "min": 0.0350606963038, "var": 0.0271717235446}, "silence_rate_20dB": {"dmean": 0, "dmean2": 0, "dvar": 0, "dvar2": 0, "max": 1, "mean": 1, "median": 1, "min": 1, "var": 0}, "silence_rate_30dB": {"dmean": 0.102454289794, "dmean2": 0.204942345619, "dvar": 0.0919590517879, "dvar2": 0.195887088776, "max": 1, "mean": 0.852931499481, "median": 1, "min": 0, "var": 0.125433847308}, "silence_rate_60dB": {"dmean": 0.0138362711295, "dmean2": 0.0276771001518, "dvar": 0.0136441625655, "dvar2": 0.0288853384554, "max": 1, "mean": 0.114295125008, "median": 0, "min": 0, "var": 0.101230740547}, "spectral_centroid": {"dmean": 60.3503036499, "dmean2": 87.7528381348, "dvar": 19173.4355469, "dvar2": 28988.4921875, "max": 11006.3808594, "mean": 446.341705322, "median": 383.202148438, "min": 77.753692627, "var": 119900.351562}, "spectral_complexity": {"dmean": 1.18168342113, "dmean2": 1.980889678, "dvar": 2.30392217636, "dvar2": 5.30476713181, "max": 20, "mean": 6.71986150742, "median": 6, "min": 0, "var": 11.6339445114}, "spectral_decrease": {"dmean": 5.58059642941e-09, "dmean2": 8.51603232377e-09, "dvar": 5.30377951729e-17, "dvar2": 1.15235457577e-16, "max": 2.25764555254e-18, "mean": -1.44903138377e-08, "median": -1.23394450213e-08, "min": -6.25289402478e-08, "var": 1.48722137523e-16}, "spectral_energy": {"dmean": 0.0212606731802, "dmean2": 0.0324298888445, "dvar": 0.0007672351785, "dvar2": 0.00166605273262, "max": 0.237662166357, "mean": 0.0556404255331, "median": 0.0476129315794, "min": 1.09150375391e-20, "var": 0.00216372148134}, "spectral_energyband_high": {"dmean": 2.98110771837e-05, "dmean2": 4.17521150666e-05, "dvar": 8.83871464907e-09, "dvar2": 1.97876914854e-08, "max": 0.00279702642001, "mean": 4.3214080506e-05, "median": 1.46715738083e-05, "min": 7.55809142856e-21, "var": 1.06059676597e-08}, "spectral_energyband_low": {"dmean": 0.0191822052002, "dmean2": 0.0295215528458, "dvar": 0.000692703935783, "dvar2": 0.00155494792853, "max": 0.236965239048, "mean": 0.0387313961983, "median": 0.0277062859386, "min": 1.74737108128e-22, "var": 0.00173519842792}, "spectral_energyband_middle_high": {"dmean": 0.000359864119673, "dmean2": 0.000536292092875, "dvar": 6.63012258428e-07, "dvar2": 1.32461843805e-06, "max": 0.0324443243444, "mean": 0.00162594777066, "median": 0.00015244242968, "min": 2.00152525273e-21, "var": 1.06140369098e-05}, "spectral_energyband_middle_low": {"dmean": 0.00578264705837, "dmean2": 0.00867452379316, "dvar": 0.000162599462783, "dvar2": 0.000343501422321, "max": 0.200281903148, "mean": 0.0174327008426, "median": 0.0107042212039, "min": 3.44954863683e-22, "var": 0.000449258775916}, "spectral_entropy": {"dmean": 0.361320257187, "dmean2": 0.532572686672, "dvar": 0.210513904691, "dvar2": 0.501521527767, "max": 9.81110858917, "mean": 5.60991239548, "median": 5.51605033875, "min": 3.68287229538, "var": 0.570923924446}, "spectral_flux": {"dmean": 0.0430938266218, "dmean2": 0.0714634433389, "dvar": 0.00263157510199, "dvar2": 0.00695488555357, "max": 0.385782182217, "mean": 0.0781151354313, "median": 0.0627101808786, "min": 1.04475053608e-10, "var": 0.00428995862603}, "spectral_kurtosis": {"dmean": 34.0984535217, "dmean2": 54.7482223511, "dvar": 3209.16015625, "dvar2": 8001.98095703, "max": 690.840393066, "mean": 67.9281692505, "median": 21.5275440216, "min": -1.24684131145, "var": 9957.49609375}, "spectral_rms": {"dmean": 0.00133425067179, "dmean2": 0.00198979186825, "dvar": 2.50563812187e-06, "dvar2": 5.19768764207e-06, "max": 0.0152271315455, "mean": 0.00652760593221, "median": 0.00681554386392, "min": 3.26325251543e-12, "var": 1.16737201097e-05}, "spectral_rolloff": {"dmean": 106.17301178, "dmean2": 187.190048218, "dvar": 149568.453125, "dvar2": 246466.890625, "max": 18410.8886719, "mean": 664.304199219, "median": 322.998046875, "min": 64.599609375, "var": 2980398.25}, "spectral_skewness": {"dmean": 1.50120401382, "dmean2": 2.2905497551, "dvar": 4.10997724533, "dvar2": 9.46951007843, "max": 21.0939044952, "mean": 5.52709531784, "median": 4.05568218231, "min": -0.348304331303, "var": 14.9511203766}, "spectral_spread": {"dmean": 892168.25, "dmean2": 1181501.25, "dvar": 1145152602110.0, "dvar2": 1809638359040.0, "max": 41394168, "mean": 3309921.5, "median": 2779873.25, "min": 120455.625, "var": 7882324574210.0}, "spectral_strongpeak": {"dmean": 0.333035171032, "dmean2": 0.565078914165, "dvar": 0.303276777267, "dvar2": 0.744261682034, "max": 6.5555973053, "mean": 0.876138269901, "median": 0.653284490108, "min": 0, "var": 0.695141375065}, "zerocrossingrate": {"dmean": 0.00381351588294, "dmean2": 0.00466980272904, "dvar": 6.88363143126e-05, "dvar2": 7.03332480043e-05, "max": 0.72265625, "mean": 0.0228041503578, "median": 0.0146484375, "min": 0.0029296875, "var": 0.00163787906058}, "barkbands": {"dmean": [0.000231377634918, 0.0174899976701, 0.00261711655185, 0.00277825631201, 0.00219736620784, 0.00113150908146, 0.000290403695544, 0.000349340320099, 0.000456867855974, 0.000212934159208, 0.000105558232462, 5.48055904801e-05, 4.97419969179e-05, 1.76581506821e-05, 1.84675227501e-05, 1.5024392269e-05, 5.57273597224e-06, 3.60941430699e-06, 1.86979889349e-06, 1.64247580869e-06, 1.92730567505e-06, 3.74319029106e-06, 5.36786183147e-06, 1.09825323307e-05, 3.06333799927e-06, 3.25251130562e-06, 2.45325190917e-06], "dmean2": [0.000399804819608, 0.0271123312414, 0.00418749824166, 0.00422326661646, 0.00344368442893, 0.00162307813298, 0.000426652637543, 0.000466625351692, 0.000634393072687, 0.000294789118925, 0.000144869714859, 8.69966315804e-05, 7.8443910752e-05, 2.80093172478e-05, 3.09574061248e-05, 2.72950928775e-05, 9.89125055639e-06, 6.59577881379e-06, 3.18884417538e-06, 2.66037545771e-06, 3.18346314998e-06, 5.43388841834e-06, 7.59703243602e-06, 1.58357343025e-05, 4.79301661471e-06, 4.80079688714e-06, 3.81919289794e-06], "dvar": [2.47073643322e-07, 0.000643430219498, 2.55509039562e-05, 9.0156274382e-05, 1.85301505553e-05, 5.30692250322e-06, 5.29397766513e-07, 1.55616487518e-06, 1.8458769091e-06, 5.55161250304e-07, 1.61108985708e-07, 4.39006377917e-08, 5.16876887957e-08, 9.32521437846e-09, 9.34166077826e-09, 2.35976771457e-09, 3.45960149417e-10, 1.59653665288e-10, 3.94132643189e-11, 4.56492413314e-11, 1.8756202147e-10, 1.37683031642e-10, 3.65124791513e-10, 7.62622853756e-10, 1.08194411763e-10, 1.27374819026e-10, 8.26249554886e-11], "dvar2": [6.98514384112e-07, 0.00149966171011, 6.09512571828e-05, 0.000179266819032, 4.19926254835e-05, 1.20243312267e-05, 1.09227028133e-06, 2.07435527955e-06, 2.98939971799e-06, 8.89739169452e-07, 2.62893763647e-07, 1.02287131654e-07, 1.13674126112e-07, 1.7096661864e-08, 2.7169583916e-08, 6.78266731668e-09, 8.46133552113e-10, 4.54360965518e-10, 9.8682291505e-11, 1.10492254235e-10, 4.65580685116e-10, 3.18027215673e-10, 7.72713226738e-10, 1.79410719614e-09, 2.469455751e-10, 2.89645668561e-10, 1.76397951801e-10], "max": [0.00590255809948, 0.230066239834, 0.0787418410182, 0.156460359693, 0.0552906170487, 0.0485675930977, 0.040836982429, 0.0735049247742, 0.0437311120331, 0.0388099774718, 0.0169049557298, 0.00933629833162, 0.00722857797518, 0.00652996590361, 0.00308208912611, 0.00150412449148, 0.000951396883465, 0.000158327195095, 0.000159115734277, 0.000167734964634, 0.000434920890257, 0.000359413010301, 0.000681613048073, 0.000483586860355, 0.000274049234577, 0.000327830552123, 0.000306843809085], "mean": [0.000254539685557, 0.0314697735012, 0.00493845995516, 0.00501502817497, 0.00485389772803, 0.0026731218677, 0.00151881447528, 0.00109772756696, 0.00199903338216, 0.000937568838708, 0.000390691217035, 0.00017306720838, 0.000145259866258, 6.61094745738e-05, 2.31043013628e-05, 2.5324849048e-05, 7.16836166248e-06, 3.89151546187e-06, 2.6440311558e-06, 3.01681120618e-06, 3.09688857669e-06, 6.00585553912e-06, 7.534895758e-06, 1.42465105455e-05, 3.41507461599e-06, 4.79199343317e-06, 3.10069208354e-06], "median": [7.03167170286e-05, 0.0163003727794, 0.00181564572267, 0.000445575336926, 0.0011936230585, 0.00082497287076, 0.000249941163929, 8.18429252831e-05, 0.000137500173878, 5.31670630153e-05, 1.62586402439e-05, 4.46753711003e-06, 3.57555018127e-06, 1.7463671611e-06, 7.60597174576e-07, 5.62133664062e-07, 4.15205050786e-07, 2.42242521153e-07, 1.19821521594e-07, 8.53256594269e-08, 3.2466095945e-07, 2.0619256702e-06, 1.71590829723e-06, 2.44635634772e-06, 6.15765827661e-07, 7.44144074361e-07, 5.33724971774e-07], "min": [1.17580317457e-23, 8.8973374824e-23, 6.22018843251e-23, 2.9990674081e-23, 3.38885935859e-23, 1.19716622209e-22, 4.38885383638e-23, 4.83455519912e-23, 4.03521632781e-23, 9.1670098984e-23, 5.90688506648e-23, 1.60970059071e-22, 1.62836781652e-22, 2.19866515229e-22, 1.52231689052e-22, 2.58213056453e-22, 1.64838519354e-22, 3.21801909711e-22, 3.07497980855e-22, 2.96210757075e-22, 4.13090711199e-22, 5.66311253172e-22, 5.6554460659e-22, 8.11659717445e-22, 1.15128445625e-21, 1.77601392655e-21, 2.43715156167e-21], "var": [2.63065572881e-07, 0.00154372747056, 6.11304130871e-05, 0.000198936191737, 5.36910338269e-05, 1.99374117074e-05, 8.61932767293e-06, 1.63286731549e-05, 1.92671686818e-05, 8.86885209184e-06, 1.83232350537e-06, 7.14884492936e-07, 4.95461620176e-07, 2.42046155563e-07, 1.40864484521e-08, 1.33717854567e-08, 9.11783482049e-10, 1.36019570607e-10, 6.94981780458e-11, 1.19663834397e-10, 2.00490860025e-10, 1.80227471835e-10, 4.44012882017e-10, 9.72666058807e-10, 1.27501176284e-10, 2.59795379653e-10, 9.70338254191e-11]}, "erbbands": {"dmean": [0.367810070515, 4.37022161484, 4.10280799866, 5.65111017227, 8.3834104538, 6.51462078094, 11.0572576523, 9.1534986496, 4.54649591446, 6.68841600418, 5.40173435211, 11.8922643661, 6.4441409111, 5.05317974091, 4.84821557999, 2.50904679298, 2.42001652718, 1.01374077797, 1.2310154438, 0.537650883198, 0.760748147964, 0.317454844713, 0.228960216045, 0.126194670796, 0.0953507050872, 0.0815451815724, 0.0675324052572, 0.0847297236323, 0.106501020491, 0.169639706612, 0.168050572276, 0.197669655085, 0.185186773539, 0.0463090203702, 0.0193357076496, 0.0113222235814, 0.00601804396138, 0.00305332010612, 0.000427919672802, 2.99788971461e-05], "dmean2": [0.591550171375, 6.72256994247, 6.3049788475, 8.84924697876, 12.785569191, 10.5028524399, 16.5924282074, 13.3828763962, 6.39751338959, 9.07578086853, 7.59904193878, 15.9687347412, 9.34085559845, 7.12990093231, 6.70735359192, 3.74133825302, 3.82004547119, 1.55138838291, 2.03293585777, 0.974216163158, 1.36274313927, 0.571787655354, 0.412676662207, 0.225583657622, 0.160085558891, 0.129289016128, 0.109862051904, 0.139653742313, 0.153517246246, 0.237562477589, 0.241789191961, 0.277407795191, 0.28559756279, 0.0718891173601, 0.0305150542408, 0.0186532884836, 0.00882261432707, 0.00443762680516, 0.000659945071675, 4.51627347502e-05], "dvar": [0.33510518074, 39.7830886841, 37.8502655029, 245.664306641, 824.935913086, 160.546279907, 564.45324707, 424.111999512, 123.001098633, 582.019714355, 256.628875732, 1356.72692871, 571.01171875, 346.612426758, 344.419830322, 75.4162063599, 118.155258179, 26.0667381287, 37.414024353, 2.93887281418, 7.46732807159, 1.00784111023, 0.578728318214, 0.182767808437, 0.12518106401, 0.11835539341, 0.100086465478, 0.389509171247, 0.159320220351, 0.403398603201, 0.280467301607, 0.222669765353, 0.246244654059, 0.0201746188104, 0.00604634685442, 0.00183409103192, 0.000360548670869, 9.43594859564e-05, 2.53317875831e-06, 4.60577265216e-09], "dvar2": [0.857753396034, 90.2040328979, 83.8598251343, 505.395843506, 1801.20410156, 382.060699463, 1272.47155762, 1040.29138184, 228.027618408, 901.934997559, 402.88394165, 1999.75854492, 938.011108398, 605.065002441, 567.624938965, 149.184646606, 263.708953857, 45.5814666748, 108.297088623, 8.41871356964, 20.8866024017, 2.67373394966, 1.59205746651, 0.501485347748, 0.301797866821, 0.278871774673, 0.249388560653, 0.955174744129, 0.375861078501, 0.924680650234, 0.577278494835, 0.459753066301, 0.642134308815, 0.0501818321645, 0.0130280544981, 0.00435860548168, 0.000804884009995, 0.000203061805223, 5.2511281865e-06, 9.78030811893e-09], "max": [5.14360713959, 59.192905426, 83.1828613281, 226.702636719, 471.529663086, 227.674743652, 372.78125, 547.44152832, 626.372192383, 1366.48461914, 936.536621094, 1251.29833984, 1523.31567383, 1171.48620605, 818.298828125, 476.885131836, 352.301116943, 354.912719727, 192.472854614, 21.424703598, 97.4867706299, 37.6609954834, 20.8456878662, 8.92426490784, 8.75508117676, 8.32919597626, 8.54334926605, 20.0010185242, 14.2555847168, 26.7353687286, 15.2523555756, 11.8550806046, 6.09427785873, 2.81932353973, 2.31376028061, 1.29122662544, 0.512666165829, 0.263570189476, 0.0523441471159, 0.00215251208283], "mean": [0.632597327232, 7.81703996658, 8.58593559265, 11.2024641037, 16.6177253723, 14.8624410629, 22.6903686523, 22.4231948853, 23.6853713989, 25.9013061523, 18.3440914154, 55.4718437195, 21.3071613312, 27.0288906097, 17.3301639557, 9.58882427216, 7.40140628815, 4.32737779617, 1.99952054024, 0.708850383759, 1.41953313351, 0.406419277191, 0.280204445124, 0.151749938726, 0.143208131194, 0.176135256886, 0.117632456124, 0.119290418923, 0.175255954266, 0.25449937582, 0.221686258912, 0.272321850061, 0.22108374536, 0.0525526069105, 0.0219225604087, 0.0132301934063, 0.0106912394986, 0.00394422002137, 0.000567486160435, 7.37039445085e-05], "median": [0.272962450981, 4.06806755066, 5.65388441086, 1.99976563454, 1.7042542696, 3.87023544312, 8.43535327911, 7.17649555206, 5.19955539703, 4.0846529007, 2.73499774933, 3.77852368355, 4.76224040985, 1.41972374916, 0.904755115509, 0.361689984798, 0.243047639728, 0.19150570035, 0.084067761898, 0.0463989377022, 0.036593452096, 0.0237094908953, 0.0165863037109, 0.00831966754049, 0.00516918860376, 0.00424325931817, 0.00740803172812, 0.0189145226032, 0.0510784760118, 0.0769722610712, 0.0471510142088, 0.0543904192746, 0.0365975759923, 0.00990658812225, 0.00349158653989, 0.0015102152247, 0.00186980457511, 0.000792867387645, 0.000121961071272, 6.07801121078e-05], "min": [2.27626513448e-21, 2.11561054404e-20, 6.92136333594e-20, 8.99952214683e-20, 6.25978751319e-20, 1.97932158444e-19, 2.67599209564e-19, 1.19128556247e-18, 8.58162558999e-19, 8.24697519752e-19, 9.44517940202e-19, 1.11965885585e-18, 2.34782168099e-18, 2.43597659362e-18, 4.26575883841e-18, 6.32131837703e-18, 6.31031480693e-18, 8.92751385146e-18, 1.29146269744e-17, 5.04846567174e-18, 1.73215739628e-17, 9.60035496942e-18, 1.7294141345e-17, 1.40252443325e-17, 1.46466935462e-17, 1.54863546598e-17, 1.64440494838e-17, 1.56497608811e-17, 1.99871667955e-17, 2.24114793153e-17, 1.34997091924e-17, 1.33436036672e-17, 1.54230687255e-17, 1.29400966926e-17, 7.61052899253e-18, 6.69322208916e-18, 3.1900437458e-18, 1.19992732512e-18, 3.511116744e-19, 3.39042915392e-20], "var": [0.771945893764, 96.0053100586, 92.0844650269, 562.618835449, 1593.1373291, 584.88482666, 1303.00170898, 1578.66564941, 1969.4753418, 5691.03076172, 2193.45166016, 15392.3730469, 5229.83398438, 8367.54785156, 3005.66894531, 1851.64672852, 1104.94885254, 724.096740723, 73.3671035767, 4.67940378189, 52.7484817505, 2.23979735374, 0.896752476692, 0.236054435372, 0.210052728653, 0.458963036537, 0.206228360534, 0.359162300825, 0.20344658196, 0.457205057144, 0.352972954512, 0.323124349117, 0.257104128599, 0.0213187169284, 0.00758085306734, 0.00270534656011, 0.0015101878671, 0.000114566741104, 3.10682071358e-06, 7.16604553475e-09]}, "gfcc": {"mean": [-157.99395752, 168.518341064, -22.6722297668, -6.74312019348, -52.858707428, 13.0885543823, -20.7824611664, -0.767469465733, -1.491137743, -9.17927646637, -7.16935968399, 2.6570110321, -5.02989053726], "cov": [[14227.5292969, -2750.52270508, 1280.48364258, 1742.64160156, -907.762451172, 1719.33959961, 291.371032715, 340.057312012, -86.2826766968, -139.846084595, -238.076431274, 158.738189697, -600.698669434], [-2750.52270508, 3881.52758789, -1351.23071289, -1903.4699707, 1015.95800781, -768.508666992, -105.074378967, -389.829833984, 159.812988281, -245.806991577, 222.188903809, -237.562194824, 354.567749023], [1280.48364258, -1351.23071289, 3232.64135742, 1361.62744141, -950.785949707, 511.339660645, 175.618850708, 152.274673462, 240.400863647, 92.2837753296, -66.3948669434, 121.033180237, -204.422805786], [1742.64160156, -1903.4699707, 1361.62744141, 2321.17431641, -342.732086182, 148.155960083, 279.561859131, 179.928146362, -83.4599914551, 160.612442017, -21.3469200134, 7.82236766815, -177.61946106], [-907.762451172, 1015.95800781, -950.785949707, -342.732086182, 1061.81933594, -139.618667603, -91.8983917236, -175.360107422, -145.33543396, -96.4472427368, 96.5530700684, -89.5259017944, 99.5729904175], [1719.33959961, -768.508666992, 511.339660645, 148.155960083, -139.618667603, 871.995727539, 187.496994019, -27.3367710114, -33.4748725891, -86.39818573, -59.7744560242, 103.373733521, -127.385520935], [291.371032715, -105.074378967, 175.618850708, 279.561859131, -91.8983917236, 187.496994019, 475.141906738, 138.627700806, -39.9391326904, -55.8943252563, 31.570514679, 10.8405046463, 16.2223567963], [340.057312012, -389.829833984, 152.274673462, 179.928146362, -175.360107422, -27.3367710114, 138.627700806, 357.16293335, 86.6138534546, -18.6619281769, -54.2000923157, 12.037817955, -35.4219818115], [-86.2826766968, 159.812988281, 240.400863647, -83.4599914551, -145.33543396, -33.4748725891, -39.9391326904, 86.6138534546, 309.838775635, 59.9063644409, -2.04153299332, -19.751241684, -24.5155563354], [-139.846084595, -245.806991577, 92.2837753296, 160.612442017, -96.4472427368, -86.39818573, -55.8943252563, -18.6619281769, 59.9063644409, 238.044692993, 68.2505111694, -25.0006713867, -53.5396881104], [-238.076431274, 222.188903809, -66.3948669434, -21.3469200134, 96.5530700684, -59.7744560242, 31.570514679, -54.2000923157, -2.04153299332, 68.2505111694, 212.113021851, 67.2085952759, 26.4320907593], [158.738189697, -237.562194824, 121.033180237, 7.82236766815, -89.5259017944, 103.373733521, 10.8405046463, 12.037817955, -19.751241684, -25.0006713867, 67.2085952759, 189.450302124, 53.5124015808], [-600.698669434, 354.567749023, -204.422805786, -177.61946106, 99.5729904175, -127.385520935, 16.2223567963, -35.4219818115, -24.5155563354, -53.5396881104, 26.4320907593, 53.5124015808, 177.307266235]], "icov": [[0.000139066265547, -0.000246971554589, 0.000124385362142, -0.000284165289486, 0.000246255309321, -0.000484470190713, 0.000320712424582, -0.000361816288205, 0.00022852535767, -0.000105301660369, 0.00010550548177, -0.000216654254473, 0.000285237765638], [-0.000246971554589, 0.00302791455761, -0.000746112607885, 0.00220786686987, -0.0017347362591, 0.0029072558973, -0.0022829726804, 0.00313368625939, -0.00268884235993, 0.00328126968816, -0.00269119231962, 0.00349586992525, -0.00167723372579], [0.000124385362142, -0.000746112607885, 0.000864034402184, -0.000964286911767, 0.000915741431527, -0.0011101620039, 0.000748873979319, -0.000654294039123, 0.000149599116412, -0.000422810640885, 0.000429626379628, -0.000854058074765, 0.000519258843269], [-0.000284165289486, 0.00220786686987, -0.000964286911767, 0.00248932815157, -0.00157917919569, 0.00260129873641, -0.0022852672264, 0.00221081054769, -0.00140719546471, 0.0015667071566, -0.00142278487328, 0.00211779912934, -0.000737976341043], [0.000246255309321, -0.0017347362591, 0.000915741431527, -0.00157917919569, 0.00293627823703, -0.00236923666671, 0.00221786578186, -0.00187009712681, 0.00186976336408, -0.000592791300733, -0.00038956879871, 3.21005245496e-05, -2.26162173931e-05], [-0.000484470190713, 0.0029072558973, -0.0011101620039, 0.00260129873641, -0.00236923666671, 0.00589722767472, -0.00423244014382, 0.00466242432594, -0.00288067338988, 0.00306758959778, -0.000326312205289, 0.000115239141451, 0.0012987612281], [0.000320712424582, -0.0022829726804, 0.000748873979319, -0.0022852672264, 0.00221786578186, -0.00423244014382, 0.00618582498282, -0.00474084215239, 0.00291137001477, -0.00110989401583, -0.00126324931625, 0.000838079024106, -0.00157059344929], [-0.000361816288205, 0.00313368625939, -0.000654294039123, 0.00221081054769, -0.00187009712681, 0.00466242432594, -0.00474084215239, 0.00831433571875, -0.00453532999381, 0.00372698600404, -0.000257569598034, 0.000768138968851, 0.000767575460486], [0.00022852535767, -0.00268884235993, 0.000149599116412, -0.00140719546471, 0.00186976336408, -0.00288067338988, 0.00291137001477, -0.00453532999381, 0.00711699621752, -0.00392678240314, 0.00144833803643, -0.00149917404633, 0.00065679429099], [-0.000105301660369, 0.00328126968816, -0.000422810640885, 0.0015667071566, -0.000592791300733, 0.00306758959778, -0.00110989401583, 0.00372698600404, -0.00392678240314, 0.0109264729545, -0.00660831248388, 0.00578735629097, -0.000458625872852], [0.00010550548177, -0.00269119231962, 0.000429626379628, -0.00142278487328, -0.00038956879871, -0.000326312205289, -0.00126324931625, -0.000257569598034, 0.00144833803643, -0.00660831248388, 0.012631630525, -0.00998247880489, 0.00419213669375], [-0.000216654254473, 0.00349586992525, -0.000854058074765, 0.00211779912934, 3.21005245496e-05, 0.000115239141451, 0.000838079024106, 0.000768138968851, -0.00149917404633, 0.00578735629097, -0.00998247880489, 0.016694765538, -0.00845659337938], [0.000285237765638, -0.00167723372579, 0.000519258843269, -0.000737976341043, -2.26162173931e-05, 0.0012987612281, -0.00157059344929, 0.000767575460486, 0.00065679429099, -0.000458625872852, 0.00419213669375, -0.00845659337938, 0.0129421660677]]}, "melbands": {"dmean": [0.00436407327652, 0.00350095680915, 0.00111827452201, 0.000465184537461, 0.000394987553591, 0.000201908987947, 6.55366602587e-05, 7.8110031609e-05, 4.79850168631e-05, 7.18066221452e-05, 3.107530938e-05, 2.12540599023e-05, 1.51028743858e-05, 8.76487320056e-06, 6.08411164649e-06, 3.87733462048e-06, 1.8832713522e-06, 2.01292732527e-06, 8.78484911482e-07, 8.54192251154e-07, 8.91567935923e-07, 3.09040217417e-07, 2.62481449909e-07, 1.79878540507e-07, 9.36592741141e-08, 7.42534780329e-08, 5.97798788249e-08, 5.22201375475e-08, 4.22294021973e-08, 5.0187242806e-08, 4.58529711977e-08, 4.72718930666e-08, 1.05069283052e-07, 9.35356183618e-08, 1.0932104999e-07, 8.6322813786e-08, 1.34800359319e-07, 1.72464496018e-07, 5.45299165822e-08, 3.4280255079e-08], "dmean2": [0.00687575666234, 0.00531921721995, 0.00170826155227, 0.000728186103515, 0.000597235339228, 0.00029104980058, 9.23619954847e-05, 0.000104496262793, 6.72623427818e-05, 9.77481540758e-05, 4.53934408142e-05, 2.99268140225e-05, 2.11486385524e-05, 1.29842610477e-05, 9.60733086686e-06, 5.92049627812e-06, 2.85127202915e-06, 3.33043408318e-06, 1.51924041347e-06, 1.55554084813e-06, 1.60761806001e-06, 5.57240184662e-07, 4.61129303631e-07, 3.29342014993e-07, 1.66931982903e-07, 1.25661799188e-07, 9.7206935834e-08, 8.37087625882e-08, 6.90913566359e-08, 8.41718161837e-08, 7.42634256312e-08, 6.62930261797e-08, 1.59923928322e-07, 1.33154074433e-07, 1.58798727057e-07, 1.23228602433e-07, 1.93647736069e-07, 2.75970535313e-07, 8.49334469422e-08, 5.5346188077e-08], "dvar": [4.23794226663e-05, 2.3012935344e-05, 1.19786900541e-05, 1.30515229557e-06, 6.83379766997e-07, 1.89951506968e-07, 2.65581778791e-08, 8.41211260649e-08, 1.95293470284e-08, 4.94614695867e-08, 1.37391173993e-08, 6.79370781853e-09, 3.08563374851e-09, 9.39096134189e-10, 5.92983273595e-10, 3.13898990134e-10, 1.30187707836e-10, 9.17930106925e-11, 1.1278740962e-11, 8.0667564642e-12, 1.26696743374e-11, 9.63166720859e-13, 8.95041365242e-13, 4.53940270789e-13, 1.12709802158e-13, 6.65923750604e-14, 7.03315647366e-14, 4.82837104717e-14, 2.4024061752e-14, 2.28061764352e-13, 7.70497625121e-14, 3.39332748912e-14, 1.12074059885e-13, 1.41251322704e-13, 1.19881223546e-13, 6.30362054872e-14, 9.34311357665e-14, 2.14730997198e-13, 2.53562870299e-14, 1.23609144296e-14], "dvar2": [0.000104331025796, 4.72542524221e-05, 2.43764789047e-05, 2.83268900603e-06, 1.56906185111e-06, 4.55271248256e-07, 4.87525007031e-08, 1.22024886196e-07, 3.20524939923e-08, 7.55249160989e-08, 2.28166303629e-08, 1.17803926614e-08, 5.20565812678e-09, 2.04720462804e-09, 1.4227644618e-09, 6.03794791942e-10, 2.21753782004e-10, 2.64708560627e-10, 3.25564609993e-11, 2.44403646626e-11, 3.58497433128e-11, 2.66266197459e-12, 1.89364452938e-12, 1.29228192817e-12, 3.06801730288e-13, 1.62040303051e-13, 1.62065808907e-13, 1.16866843351e-13, 6.12488846533e-14, 5.78216077449e-13, 1.83824987567e-13, 8.2502947074e-14, 2.65438848202e-13, 3.24872046582e-13, 2.4580218503e-13, 1.39494210454e-13, 1.92540915937e-13, 5.72644796165e-13, 6.08937000216e-14, 3.19920007369e-14], "max": [0.055472087115, 0.0465857386589, 0.055295817554, 0.0161032360047, 0.0128724779934, 0.0110313305631, 0.00953464768827, 0.017146943137, 0.00694511737674, 0.00844199303538, 0.00753208203241, 0.00518393563107, 0.00228771893308, 0.00102497485932, 0.000695292896125, 0.000871980621014, 0.00081598496763, 0.000295870966511, 0.000101125580841, 6.16926918156e-05, 0.000106452338514, 2.5615998311e-05, 6.40787402517e-05, 9.13003259484e-06, 8.49937077874e-06, 8.52270932228e-06, 7.06978653398e-06, 5.38946824236e-06, 5.20226103617e-06, 1.52007587531e-05, 9.28159352043e-06, 7.50140770833e-06, 1.13121122922e-05, 1.68365768332e-05, 9.46916134126e-06, 8.22085985419e-06, 6.77732123222e-06, 4.90836191602e-06, 3.11044323098e-06, 2.56789644482e-06], "mean": [0.00764351291582, 0.00701985042542, 0.00224090320989, 0.00106242008042, 0.000828499090858, 0.000488206220325, 0.000347066932591, 0.000288121053018, 0.000186545556062, 0.00032103684498, 9.60802935879e-05, 0.000113617330499, 5.60816479265e-05, 2.85895657726e-05, 1.77307556442e-05, 1.32216900965e-05, 7.93863728177e-06, 3.25515316035e-06, 1.02280080228e-06, 1.40212011956e-06, 1.5290435158e-06, 3.62802722975e-07, 3.46737465406e-07, 1.94552015387e-07, 1.08057967907e-07, 1.09673088389e-07, 1.0069327061e-07, 1.11163572569e-07, 7.61689022966e-08, 6.08534804769e-08, 6.8841380596e-08, 7.85824525451e-08, 1.59570603842e-07, 1.33098509991e-07, 1.37188365557e-07, 1.16020480334e-07, 1.88915265653e-07, 2.0030580572e-07, 6.42582165256e-08, 3.64684815679e-08], "median": [0.00378409656696, 0.00499061588198, 0.000331971183186, 0.000191313418327, 0.000292343785986, 0.000150151958223, 6.09088383499e-05, 4.08428386436e-05, 1.78597147169e-05, 2.27389136853e-05, 1.14643798952e-05, 3.85610383091e-06, 2.56432213064e-06, 8.9239421186e-07, 4.10463371736e-07, 3.10797076963e-07, 2.52983397786e-07, 1.22324422591e-07, 5.35749151709e-08, 4.66095286811e-08, 3.48250708271e-08, 2.28720935525e-08, 1.49957681828e-08, 9.44577926987e-09, 5.42680700377e-09, 3.78312492444e-09, 3.19072146482e-09, 2.55110244041e-09, 2.95968716202e-09, 7.12780234835e-09, 1.05201660716e-08, 1.82928943104e-08, 5.33262962676e-08, 3.36440493243e-08, 1.84069861575e-08, 2.98396578557e-08, 3.37051204724e-08, 3.11885912652e-08, 1.16797425065e-08, 6.58661347686e-09], "min": [2.30475116682e-23, 3.43277934726e-23, 1.52311685858e-23, 8.56599444519e-24, 9.01144526571e-24, 2.53048040164e-23, 1.33560667245e-23, 9.22450555216e-24, 6.54061970902e-24, 7.3316898192e-24, 1.21268983719e-23, 1.00392410951e-23, 1.11831659271e-23, 1.79553782374e-23, 2.0505527308e-23, 1.08274717004e-23, 1.76879843673e-23, 2.34449571472e-23, 8.53809480156e-24, 7.32419879605e-24, 2.47766190418e-23, 7.38858641199e-24, 1.96151258048e-23, 1.10285058024e-23, 1.16245588472e-23, 1.05460092849e-23, 8.83403360357e-24, 1.11353499122e-23, 8.20049152198e-24, 1.34980853533e-23, 7.04747506797e-24, 1.06656960503e-23, 1.25812412325e-23, 1.32301487468e-23, 6.99709683284e-24, 9.08006275383e-24, 7.32952439602e-24, 1.1510525059e-23, 8.65840713366e-24, 1.24833601602e-23], "var": [9.67467494775e-05, 6.04341985309e-05, 2.62762132479e-05, 3.64175048162e-06, 1.53110318024e-06, 7.22890888483e-07, 4.57444315316e-07, 8.62174431404e-07, 1.82483603339e-07, 5.35105925792e-07, 1.23032677379e-07, 1.64278034731e-07, 3.64869201519e-08, 1.18566712004e-08, 4.99104224616e-09, 4.76415928929e-09, 3.68464125877e-09, 1.88746310248e-10, 1.71311125008e-11, 2.93448633448e-11, 6.42190328692e-11, 1.3599187965e-12, 3.44862029558e-12, 3.88861089596e-13, 1.45507602278e-13, 1.38812952018e-13, 1.25665767397e-13, 1.93608489158e-13, 8.50692400637e-14, 1.89701661497e-13, 8.22374937245e-14, 4.656735067e-14, 1.36457807402e-13, 1.5567599564e-13, 1.5202861756e-13, 7.27085424745e-14, 1.45017786841e-13, 2.14335995241e-13, 2.77009860362e-14, 1.23700022461e-14]}, "mfcc": {"mean": [-821.342163086, 195.076004028, 86.3858261108, 6.39500331879, 4.81543302536, 10.0072660446, -4.59845542908, 12.8616352081, 3.25527787209, 3.73135042191, 0.852880835533, 1.44649529457, -1.54670321941], "cov": [[7637.55712891, 346.727874756, -479.571472168, -494.269927979, 323.094421387, 405.2003479, 93.6889343262, 636.305419922, 67.2509765625, 140.902420044, -25.5216503143, 19.0484905243, -81.5858535767], [346.727874756, 2767.64453125, -558.93359375, -770.563232422, 69.8379211426, -61.4788894653, -146.975585938, -131.566696167, 15.3808832169, -66.4528808594, -20.796541214, -34.7082176208, -36.1525917053], [-479.571472168, -558.93359375, 2802.95239258, 729.041809082, -137.109390259, 182.506439209, -85.4786148071, 259.104888916, 28.258058548, 174.588516235, 254.602676392, 115.255149841, -22.3836574554], [-494.269927979, -770.563232422, 729.041809082, 1506.7947998, 187.90637207, -97.7010574341, 172.703491211, -0.170452788472, 20.009267807, 121.532569885, 72.6979598999, 73.1378631592, 93.7796707153], [323.094421387, 69.8379211426, -137.109390259, 187.90637207, 547.781066895, 170.681655884, -3.70474076271, 37.7004470825, -32.811870575, -26.9000968933, -6.05315637589, -4.7036652565, -25.3920478821], [405.2003479, -61.4788894653, 182.506439209, -97.7010574341, 170.681655884, 488.374145508, 183.257415771, 106.477775574, -41.5030784607, -53.2767295837, -7.77202701569, -10.8893241882, -50.2865867615], [93.6889343262, -146.975585938, -85.4786148071, 172.703491211, -3.70474076271, 183.257415771, 463.982086182, 175.172546387, -9.439204216, -28.7819271088, -47.225982666, -14.1046609879, 21.8720760345], [636.305419922, -131.566696167, 259.104888916, -0.170452788472, 37.7004470825, 106.477775574, 175.172546387, 442.311553955, 114.069633484, 33.0772285461, 7.71096563339, -35.5322990417, -25.1273155212], [67.2509765625, 15.3808832169, 28.258058548, 20.009267807, -32.811870575, -41.5030784607, -9.439204216, 114.069633484, 191.634155273, 91.2295532227, 13.0102586746, -28.4339866638, -37.2097625732], [140.902420044, -66.4528808594, 174.588516235, 121.532569885, -26.9000968933, -53.2767295837, -28.7819271088, 33.0772285461, 91.2295532227, 197.750869751, 108.710861206, 20.4894275665, -21.4757728577], [-25.5216503143, -20.796541214, 254.602676392, 72.6979598999, -6.05315637589, -7.77202701569, -47.225982666, 7.71096563339, 13.0102586746, 108.710861206, 187.508651733, 109.295532227, 7.0579419136], [19.0484905243, -34.7082176208, 115.255149841, 73.1378631592, -4.7036652565, -10.8893241882, -14.1046609879, -35.5322990417, -28.4339866638, 20.4894275665, 109.295532227, 173.072723389, 96.2967300415], [-81.5858535767, -36.1525917053, -22.3836574554, 93.7796707153, -25.3920478821, -50.2865867615, 21.8720760345, -25.1273155212, -37.2097625732, -21.4757728577, 7.0579419136, 96.2967300415, 152.671646118]], "icov": [[0.00020678488363, -5.02510265505e-05, 0.00012237545161, -5.19258137501e-05, 6.35485121165e-05, -0.000241345434915, 0.000294813420624, -0.000564072455745, 0.000453656888567, -0.000638201658148, 0.000693041365594, -0.000690274289809, 0.000368585140677], [-5.02510265505e-05, 0.00048301773495, -9.08753281692e-05, 0.000368314154912, -0.000337517878506, 0.000311778276227, -0.000300121086184, 0.000462338910438, -0.000467438832857, 0.000387129402952, -0.000520220433827, 0.000471765117254, -0.000319374725223], [0.00012237545161, -9.08753281692e-05, 0.000827906129416, -0.000674261944368, 0.000807102420367, -0.000935168121941, 0.0011132361833, -0.00117649347521, 0.000864073925186, -0.000513760605827, 5.44090107724e-05, -0.000650446570944, 0.000598601414822], [-5.19258137501e-05, 0.000368314154912, -0.000674261944368, 0.0016749065835, -0.00136885477696, 0.00128921610303, -0.00161126139574, 0.00126777612604, -0.00089879706502, -0.000119625641673, -0.000401914177928, 0.000732016225811, -0.00111076945905], [6.35485121165e-05, -0.000337517878506, 0.000807102420367, -0.00136885477696, 0.00338614173234, -0.00205315113999, 0.00196914118715, -0.00160415272694, 0.00140714668669, -0.000337265635608, 0.000641713966615, -0.00102161266841, 0.00116421328858], [-0.000241345434915, 0.000311778276227, -0.000935168121941, 0.00128921610303, -0.00205315113999, 0.00455420510843, -0.00287200184539, 0.00136339815799, -0.000721707358025, 0.00150227593258, -0.000964400882367, 0.000401973433327, 0.000636721437331], [0.000294813420624, -0.000300121086184, 0.0011132361833, -0.00161126139574, 0.00196914118715, -0.00287200184539, 0.00534105254337, -0.00340455258265, 0.00239185872488, -0.00159291236196, 0.00235557951964, -0.00184429448564, 0.000708710227627], [-0.000564072455745, 0.000462338910438, -0.00117649347521, 0.00126777612604, -0.00160415272694, 0.00136339815799, -0.00340455258265, 0.00630738446489, -0.0047360919416, 0.00293046003208, -0.00371690979227, 0.00414039567113, -0.00261685159057], [0.000453656888567, -0.000467438832857, 0.000864073925186, -0.00089879706502, 0.00140714668669, -0.000721707358025, 0.00239185872488, -0.0047360919416, 0.0110776601359, -0.00675260601565, 0.0052255182527, -0.00380284083076, 0.00359176215716], [-0.000638201658148, 0.000387129402952, -0.000513760605827, -0.000119625641673, -0.000337265635608, 0.00150227593258, -0.00159291236196, 0.00293046003208, -0.00675260601565, 0.0143018104136, -0.0116845108569, 0.00719526736066, -0.0027341756504], [0.000693041365594, -0.000520220433827, 5.44090107724e-05, -0.000401914177928, 0.000641713966615, -0.000964400882367, 0.00235557951964, -0.00371690979227, 0.0052255182527, -0.0116845108569, 0.0226166918874, -0.0177923049778, 0.00914868526161], [-0.000690274289809, 0.000471765117254, -0.000650446570944, 0.000732016225811, -0.00102161266841, 0.000401973433327, -0.00184429448564, 0.00414039567113, -0.00380284083076, 0.00719526736066, -0.0177923049778, 0.0245968494564, -0.0145005183294], [0.000368585140677, -0.000319374725223, 0.000598601414822, -0.00111076945905, 0.00116421328858, 0.000636721437331, 0.000708710227627, -0.00261685159057, 0.00359176215716, -0.0027341756504, 0.00914868526161, -0.0145005183294, 0.0165265016258]]}, "spectral_contrast_coeffs": {"dmean": [0.0479297302663, 0.0449344031513, 0.0396046340466, 0.0312475897372, 0.0246296133846, 0.0190057232976], "dmean2": [0.0776598677039, 0.0704401433468, 0.060439735651, 0.0495190024376, 0.0399002060294, 0.0305776689202], "dvar": [0.00181901268661, 0.00220654066652, 0.00180990376975, 0.00117551954463, 0.000877431710251, 0.000477449211758], "dvar2": [0.00439115567133, 0.00500871986151, 0.00399148650467, 0.00267635611817, 0.00206464901567, 0.00125762703829], "max": [-0.318042129278, -0.339762866497, -0.363152801991, -0.414473026991, -0.554428398609, -0.557575106621], "mean": [-0.634444713593, -0.636487960815, -0.682856559753, -0.778464972973, -0.82227653265, -0.846563756466], "median": [-0.636065006256, -0.636013865471, -0.690504848957, -0.795568406582, -0.848346471786, -0.847805738449], "min": [-0.955310106277, -0.9629753232, -0.972126424313, -0.967297315598, -0.96204739809, -0.966475784779], "var": [0.00723217474297, 0.0119035923854, 0.0147286644205, 0.0103032412007, 0.00564670190215, 0.00291431555524]}, "spectral_contrast_valleys": {"dmean": [0.445339173079, 0.443045973778, 0.564779102802, 0.687463581562, 0.646713733673, 0.7498254776], "dmean2": [0.710346281528, 0.707526862621, 0.849418461323, 1.03693592548, 0.955855846405, 1.0697555542], "dvar": [0.218405947089, 0.306309133768, 0.500666856766, 0.688863158226, 0.578974604607, 0.592181742191],