{"lowlevel": {"average_loudness": 0.85519361496, "barkbands_crest": {"dmean": 1.94993495941, "dmean2": 3.21596550941, "dvar": 4.26496505737, "dvar2": 12.0073375702, "max": 26.0832061768, "mean": 12.9421844482, "median": 12.4535694122, "min": 3.83279895782, "var": 23.8636207581}, "barkbands_flatness_db": {"dmean": 0.0172183904797, "dmean2": 0.0275408104062, "dvar": 0.000383249251172, "dvar2": 0.00091972516384, "max": 0.580141186714, "mean": 0.226099953055, "median": 0.226071760058, "min": 0.05240277946, "var": 0.00603592721745}, "barkbands_kurtosis": {"dmean": 4.06561326981, "dmean2": 6.49025774002, "dvar": 117.645561218, "dvar2": 291.909332275, "max": 468.689483643, "mean": 8.93287563324, "median": 3.49269175529, "min": -1.91625738144, "var": 468.722839355}, "barkbands_skewness": {"dmean": 0.479491829872, "dmean2": 0.75015771389, "dvar": 0.346854329109, "dvar2": 0.846201002598, "max": 16.3823947906, "mean": 1.67490363121, "median": 1.55492603779, "min": -3.68715667725, "var": 3.18022179604}, "barkbands_spread": {"dmean": 2.59357428551, "dmean2": 4.04847621918, "dvar": 15.6842546463, "dvar2": 34.0830039978, "max": 108.9974823, "mean": 12.6531963348, "median": 10.8562831879, "min": 0.125102609396, "var": 97.9404983521}, "dissonance": {"dmean": 0.0268420949578, "dmean2": 0.0456390157342, "dvar": 0.000650169153232, "dvar2": 0.0018120930763, "max": 0.499999910593, "mean": 0.440767854452, "median": 0.447919905186, "min": 0.17885863781, "var": 0.00171473319642}, "dynamic_complexity": 3.39586830139, "erbbands_crest": {"dmean": 2.57858037949, "dmean2": 4.00531482697, "dvar": 6.54725217819, "dvar2": 14.7080812454, "max": 33.3791236877, "mean": 11.8196659088, "median": 10.7586593628, "min": 2.15766978264, "var": 31.1989746094}, "erbbands_flatness_db": {"dmean": 0.0139363547787, "dmean2": 0.0208056531847, "dvar": 0.0001839613833, "dvar2": 0.000390862493077, "max": 0.479986131191, "mean": 0.210302576423, "median": 0.210116058588, "min": 0.0527852587402, "var": 0.00413572741672}, "erbbands_kurtosis": {"dmean": 1.3783686161, "dmean2": 2.12924742699, "dvar": 4.10871267319, "dvar2": 9.37780284882, "max": 49.3573989868, "mean": 2.60531163216, "median": 1.40143990517, "min": -1.65230405331, "var": 17.8263530731}, "erbbands_skewness": {"dmean": 0.362701803446, "dmean2": 0.552986681461, "dvar": 0.134404838085, "dvar2": 0.304826110601, "max": 4.72848272324, "mean": 0.493985623121, "median": 0.435399532318, "min": -4.61251735687, "var": 1.10582530499}, "erbbands_spread": {"dmean": 4.4365363121, "dmean2": 6.81810665131, "dvar": 29.7079906464, "dvar2": 64.3722000122, "max": 137.976226807, "mean": 23.1772689819, "median": 19.9099273682, "min": 1.51261878014, "var": 184.20300293}, "hfc": {"dmean": 4.83426141739, "dmean2": 7.38161373138, "dvar": 167.457748413, "dvar2": 383.459533691, "max": 395.511047363, "mean": 17.5280094147, "median": 12.9595603943, "min": 1.01786195649e-16, "var": 399.441619873}, "melbands_crest": {"dmean": 2.48585343361, "dmean2": 4.15996313095, "dvar": 7.67127370834, "dvar2": 21.7865543365, "max": 36.7797622681, "mean": 17.9578819275, "median": 18.3025474548, "min": 1.53895843029, "var": 62.586101532}, "melbands_flatness_db": {"dmean": 0.0197145100683, "dmean2": 0.03110826388, "dvar": 0.000592183030676, "dvar2": 0.00138648389839, "max": 0.712956488132, "mean": 0.307675093412, "median": 0.319269657135, "min": 0.00236917799339, "var": 0.0125694833696}, "melbands_kurtosis": {"dmean": 6.00146102905, "dmean2": 9.61945533752, "dvar": 194.604217529, "dvar2": 499.884643555, "max": 584.604187012, "mean": 14.6585607529, "median": 6.5300579071, "min": -1.75759923458, "var": 986.289733887}, "melbands_skewness": {"dmean": 0.555841565132, "dmean2": 0.874189972878, "dvar": 0.444134354591, "dvar2": 1.12114727497, "max": 18.0973434448, "mean": 2.42114377022, "median": 2.13911890984, "min": -1.46328127384, "var": 3.45509886742}, "melbands_spread": {"dmean": 3.6489982605, "dmean2": 5.72283220291, "dvar": 37.8914489746, "dvar2": 89.4657821655, "max": 177.114196777, "mean": 20.5293922424, "median": 11.1603307724, "min": 0.1825530231, "var": 1006.74041748}, "pitch_salience": {"dmean": 0.0506613142788, "dmean2": 0.0841154456139, "dvar": 0.00271782907657, "dvar2": 0.00731235835701, "max": 0.840110898018, "mean": 0.471662580967, "median": 0.460555255413, "min": 0.0473879873753, "var": 0.0225434340537}, "silence_rate_20dB": {"dmean": 0.000803777773399, "dmean2": 0.00160771701485, "dvar": 0.000803105591331, "dvar2": 0.00180598313455, "max": 1, "mean": 0.999296784401, "median": 1, "min": 0, "var": 0.000702736142557}, "silence_rate_30dB": {"dmean": 0.055460665375, "dmean2": 0.110932476819, "dvar": 0.0523833408952, "dvar2": 0.13139398396, "max": 1, "mean": 0.894816160202, "median": 1, "min": 0, "var": 0.0941169932485}, "silence_rate_60dB": {"dmean": 0.0010047222022, "dmean2": 0.00200964626856, "dvar": 0.00100365723483, "dvar2": 0.002407314023, "max": 1, "mean": 0.0979505702853, "median": 0, "min": 0, "var": 0.0883588343859}, "spectral_centroid": {"dmean": 121.007469177, "dmean2": 190.677780151, "dvar": 47403.9648438, "dvar2": 94132.9609375, "max": 11940.0576172, "mean": 1370.87268066, "median": 656.932983398, "min": 107.989578247, "var": 6646945}, "spectral_complexity": {"dmean": 1.87641918659, "dmean2": 3.06370568275, "dvar": 6.36403656006, "dvar2": 14.2402057648, "max": 56, "mean": 12.9012460709, "median": 13, "min": 0, "var": 44.4998703003}, "spectral_decrease": {"dmean": 3.25290461234e-09, "dmean2": 5.29004395844e-09, "dvar": 3.3205627135e-17, "dvar2": 9.15798522984e-17, "max": 4.12971906051e-17, "mean": -1.39492826179e-08, "median": -1.16504139669e-08, "min": -9.71409477302e-08, "var": 1.54304336108e-16}, "spectral_energy": {"dmean": 0.0125486226752, "dmean2": 0.0204300861806, "dvar": 0.000482447037939, "dvar2": 0.00132910395041, "max": 0.368503838778, "mean": 0.0542376041412, "median": 0.0460074655712, "min": 9.78985864856e-21, "var": 0.0022649448365}, "spectral_energyband_high": {"dmean": 0.000222247341298, "dmean2": 0.000319529586704, "dvar": 2.49672871178e-06, "dvar2": 5.42701900486e-06, "max": 0.054457731545, "mean": 0.000375116011128, "median": 3.44707295881e-05, "min": 6.75618708062e-21, "var": 3.90234754377e-06}, "spectral_energyband_low": {"dmean": 0.00975533854216, "dmean2": 0.0158158820122, "dvar": 0.000455115397926, "dvar2": 0.0012331380276, "max": 0.363815307617, "mean": 0.0330245681107, "median": 0.0199380964041, "min": 8.320577451e-24, "var": 0.0018270581495}, "spectral_energyband_middle_high": {"dmean": 0.00214043771848, "dmean2": 0.00317384442315, "dvar": 2.22934177145e-05, "dvar2": 5.20239555044e-05, "max": 0.103074915707, "mean": 0.00563601171598, "median": 0.0030776464846, "min": 1.1256146952e-21, "var": 6.16557808826e-05}, "spectral_energyband_middle_low": {"dmean": 0.00412413896993, "dmean2": 0.00654647871852, "dvar": 3.20276885759e-05, "dvar2": 8.43236193759e-05, "max": 0.0996550321579, "mean": 0.0155866062269, "median": 0.0125587834045, "min": 1.42280164556e-22, "var": 0.000168840982951}, "spectral_entropy": {"dmean": 0.136368691921, "dmean2": 0.212463259697, "dvar": 0.0241929385811, "dvar2": 0.0546782650054, "max": 9.8291759491, "mean": 7.05487728119, "median": 6.89000654221, "min": 4.46139955521, "var": 0.753681957722}, "spectral_flux": {"dmean": 0.0199557784945, "dmean2": 0.0319241695106, "dvar": 0.000896209210623, "dvar2": 0.00201849802397, "max": 0.488491386175, "mean": 0.0708685815334, "median": 0.0640231221914, "min": 6.28344598574e-11, "var": 0.00255854055285}, "spectral_kurtosis": {"dmean": 4.33748483658, "dmean2": 7.45737266541, "dvar": 41.2415428162, "dvar2": 123.036376953, "max": 248.265640259, "mean": 11.1467018127, "median": 8.61918735504, "min": -1.27575981617, "var": 184.058578491}, "spectral_rms": {"dmean": 0.000739963434171, "dmean2": 0.00120850792155, "dvar": 1.06886807316e-06, "dvar2": 2.96882126349e-06, "max": 0.0189609061927, "mean": 0.00645375438035, "median": 0.00669965147972, "min": 3.09048229716e-12, "var": 1.12636762424e-05}, "spectral_rolloff": {"dmean": 182.772750854, "dmean2": 317.237426758, "dvar": 201232.5625, "dvar2": 431201.9375, "max": 19810.546875, "mean": 1915.68981934, "median": 581.396484375, "min": 43.06640625, "var": 21729720}, "spectral_skewness": {"dmean": 0.368287712336, "dmean2": 0.618270635605, "dvar": 0.179559901357, "dvar2": 0.518976926804, "max": 12.132525444, "mean": 2.27120137215, "median": 2.32211184502, "min": -0.101490139961, "var": 1.18326425552}, "spectral_spread": {"dmean": 364501.84375, "dmean2": 578123.4375, "dvar": 391012548608, "dvar2": 724775927808, "max": 42845524, "mean": 5816887.5, "median": 3028524, "min": 348152.9375, "var": 87064129306600.0}, "spectral_strongpeak": {"dmean": 0.338390171528, "dmean2": 0.592442512512, "dvar": 0.78500944376, "dvar2": 1.93057060242, "max": 13.5987472534, "mean": 0.762267947197, "median": 0.448489546776, "min": 0, "var": 1.27003538609}, "zerocrossingrate": {"dmean": 0.00508326618001, "dmean2": 0.00665194867179, "dvar": 6.01940737397e-05, "dvar2": 9.69716566033e-05, "max": 0.64013671875, "mean": 0.0605495721102, "median": 0.0244140625, "min": 0.001953125, "var": 0.015195290558}, "barkbands": {"dmean": [0.00102345540654, 0.00834656506777, 0.00159967667423, 0.000641849997919, 0.00226336857304, 0.00120627274737, 0.000500469352119, 0.000876023026649, 0.000821888854261, 0.000689645297825, 0.000310775561957, 0.0010931903962, 0.000425978534622, 0.000178567366675, 0.000145356010762, 5.08795383212e-05, 6.15174285485e-05, 4.37781127403e-05, 5.75565572944e-05, 3.68204127881e-05, 6.60343866912e-05, 3.38137142535e-05, 6.22979277978e-05, 4.82576469949e-05, 1.43975958053e-05, 1.81593100024e-06, 5.16502723258e-07], "dmean2": [0.0017106088344, 0.0134943658486, 0.00280148512684, 0.00111943890806, 0.00380826042965, 0.00169625144918, 0.00073872419307, 0.00124944490381, 0.00113962905016, 0.0010467201937, 0.000478029687656, 0.00158398051281, 0.000622194085736, 0.00029124104185, 0.000242441921728, 8.8160209998e-05, 9.82621495496e-05, 7.43247364881e-05, 9.9879798654e-05, 5.63288158446e-05, 9.98088435153e-05, 4.77985886391e-05, 9.73526912276e-05, 6.9629160862e-05, 2.18141267396e-05, 2.9911875572e-06, 8.22611923468e-07], "dvar": [1.03374759419e-05, 0.000392525311327, 2.99582261505e-05, 2.32931597566e-06, 1.31680426421e-05, 3.23380345435e-06, 4.20961441705e-06, 3.80039978154e-06, 4.83449684907e-06, 3.89767637898e-06, 5.39471841421e-07, 7.16691283742e-06, 2.49246227213e-06, 4.02941026323e-07, 5.58522344818e-07, 8.41889757908e-08, 8.09341500485e-08, 5.60416140161e-08, 6.71781634765e-08, 1.97561345061e-08, 2.0964453995e-07, 4.41535981111e-08, 2.62281702135e-07, 1.50868686433e-07, 1.19992780157e-08, 3.40839509394e-11, 3.98504189716e-12], "dvar2": [2.97128935927e-05, 0.00106413126923, 7.8942917753e-05, 6.69622204441e-06, 3.99485979869e-05, 6.28590942142e-06, 1.02733401945e-05, 7.4018248597e-06, 9.67713549471e-06, 7.59324211685e-06, 1.29464092424e-06, 1.57040831255e-05, 4.52111635241e-06, 1.0607486729e-06, 1.47420030316e-06, 2.41926329636e-07, 1.92240605656e-07, 1.53751628318e-07, 1.86128659152e-07, 4.16987084861e-08, 5.09493020218e-07, 8.11630656017e-08, 6.01062311034e-07, 3.15166914788e-07, 2.74301843461e-08, 9.03547653364e-11, 8.44560619356e-12], "max": [0.092186562717, 0.337779432535, 0.115227743983, 0.0427058935165, 0.0890456438065, 0.0426139570773, 0.0773718655109, 0.0600190907717, 0.0663683786988, 0.0778941437602, 0.0150292869657, 0.0800577551126, 0.054417796433, 0.0154787087813, 0.025156352669, 0.0106324804947, 0.0130765242502, 0.00541887246072, 0.00524472771212, 0.00306065217592, 0.0158416256309, 0.00725641706958, 0.0199133213609, 0.0128631275147, 0.00387084018439, 0.000161750343977, 6.06232861173e-05], "mean": [0.00291560823098, 0.0272711571306, 0.00249045784585, 0.00102490384597, 0.00510149402544, 0.00345614366233, 0.00129942479543, 0.00260826642625, 0.00201868708245, 0.00123773608357, 0.000514114741236, 0.00231179525144, 0.000782028480899, 0.00027085430338, 0.000200961861992, 7.51565021346e-05, 0.000107197818579, 6.09911548963e-05, 8.0382116721e-05, 6.01799911237e-05, 9.22546314541e-05, 6.64781109663e-05, 9.36998840189e-05, 6.65995321469e-05, 2.32589791267e-05, 6.51497157378e-06, 1.41528096265e-06], "median": [0.000267490337137, 0.015493247658, 0.00146096898243, 0.000503660063259, 0.0030755251646, 0.00178613956086, 0.000366769789252, 0.000558797852136, 0.000461543269921, 0.000258719956037, 0.000177295514732, 0.000578397186473, 0.000105932587758, 8.98652069736e-05, 6.16571851424e-05, 2.71084318229e-05, 2.23399893002e-05, 1.61372754519e-05, 1.65744459082e-05, 9.17932447919e-06, 5.70275324208e-06, 5.11179132445e-06, 2.81642223854e-06, 1.25641429349e-06, 8.44277337819e-07, 1.17617489082e-07, 1.76697145804e-08], "min": [6.59775096327e-26, 1.28762610116e-24, 4.62705870919e-25, 2.61885131195e-25, 5.68911614817e-24, 4.13146966448e-24, 6.94686059267e-24, 3.89101302765e-24, 5.34401908442e-24, 1.10142211091e-23, 8.92040519522e-24, 1.80456144587e-23, 1.96774600158e-23, 2.56638114589e-23, 2.91628276698e-23, 2.94995103487e-23, 5.06108828319e-23, 8.25907138617e-23, 1.02291858637e-22, 1.56237120832e-22, 1.97057327906e-22, 2.77692594424e-22, 3.16684638439e-22, 4.89939874511e-22, 8.09464740375e-22, 1.19007530918e-21, 1.69188131778e-21], "var": [4.03950944019e-05, 0.00142755056731, 2.46278432314e-05, 3.06530819216e-06, 3.56827367796e-05, 2.00645863515e-05, 1.08202884803e-05, 2.70748951152e-05, 2.35415718635e-05, 1.1191898011e-05, 9.52798018261e-07, 2.08528344956e-05, 8.26293489808e-06, 4.38359137434e-07, 4.71023867021e-07, 6.04721250852e-08, 2.43238901021e-07, 4.49281643e-08, 6.14986106484e-08, 3.78258597777e-08, 2.82817779862e-07, 1.14932682038e-07, 3.36988733807e-07, 2.28663481039e-07, 1.4034860385e-08, 2.70724498375e-10, 2.44958220375e-11]}, "erbbands": {"dmean": [0.40482339263, 1.30747377872, 1.89736998081, 1.77547264099, 3.8117825985, 10.1047649384, 12.0072336197, 9.4929933548, 5.02481889725, 11.9824552536, 22.634967804, 19.8798313141, 11.3852615356, 25.4126167297, 17.9948673248, 47.1527252197, 21.8988990784, 9.71622371674, 6.10567426682, 6.91947221756, 3.04205083847, 2.8311882019, 2.02347397804, 3.00429415703, 2.53049755096, 1.973757267, 2.12073945999, 2.34516692162, 1.3255212307, 1.15708816051, 1.90847742558, 1.29316198826, 0.660094261169, 0.244858622551, 0.0593650341034, 0.0144638093188, 0.00296963634901, 0.000731522217393, 8.49015705171e-05, 1.56544701895e-05], "dmean2": [0.663294553757, 2.088285923, 3.24733710289, 3.06319308281, 6.60029649734, 17.4231262207, 17.9723548889, 12.896150589, 7.42455482483, 18.0156612396, 32.065536499, 27.2796554565, 17.132276535, 38.5480575562, 26.7424736023, 68.5025177002, 31.5465011597, 15.6839723587, 10.3088064194, 11.6140880585, 4.86751699448, 4.70691633224, 3.40134048462, 5.26350259781, 4.30030059814, 2.99346899986, 3.0817990303, 3.6858549118, 1.85585463047, 1.74126958847, 2.95376133919, 1.97119963169, 1.02303540707, 0.377350658178, 0.0846012085676, 0.0226764362305, 0.00481057912111, 0.00117149646394, 0.000137561059091, 2.54253554886e-05], "dvar": [1.08924841881, 10.7674198151, 39.1426124573, 24.1206512451, 34.2554359436, 313.040313721, 468.187530518, 227.804412842, 140.785598755, 2304.71264648, 2461.84155273, 3319.98681641, 679.961181641, 5614.89794922, 1869.95239258, 14555.8095703, 6039.15917969, 846.776550293, 1459.5201416, 1120.33215332, 160.35786438, 189.112106323, 103.371566772, 226.088790894, 123.889831543, 56.2982788086, 149.650360107, 294.890991211, 78.2801589966, 59.2577095032, 238.706237793, 121.333328247, 28.5514202118, 4.16774702072, 0.0976958796382, 0.00197139405645, 9.60920951911e-05, 7.75937405706e-06, 8.61415117015e-08, 7.02396807384e-10], "dvar2": [3.08985900879, 26.7354202271, 98.8907394409, 66.9354019165, 105.418670654, 989.434204102, 1174.36621094, 418.635070801, 292.328430176, 5326.05908203, 4839.95947266, 6396.20556641, 1657.2611084, 11571.0703125, 4589.91064453, 31341.2890625, 10987.8945312, 2178.87475586, 4035.5925293, 2974.87670898, 405.789276123, 511.875, 280.987701416, 629.848937988, 336.560150146, 120.797889709, 337.354309082, 747.127563477, 152.502670288, 125.77306366, 532.659362793, 249.364105225, 66.6326141357, 9.80700492859, 0.200888261199, 0.00478312559426, 0.000245533825364, 1.71284391399e-05, 2.10112460763e-07, 1.85922499618e-09], "max": [17.7667770386, 67.1321487427, 150.579971313, 124.005195618, 101.458885193, 448.750823975, 437.015686035, 364.05569458, 803.899719238, 2038.6875, 1633.99047852, 1811.4609375, 747.247497559, 2903.4609375, 1119.02600098, 4109.34179688, 2631.26074219, 647.053894043, 1395.25830078, 828.987915039, 511.273712158, 412.237640381, 249.154083252, 296.006408691, 224.81652832, 153.30506897, 406.789886475, 559.690002441, 316.826019287, 286.739685059, 595.24407959, 361.153381348, 189.65133667, 72.5662765503, 9.20375823975, 0.985304296017, 0.283689707518, 0.0832270979881, 0.0116774756461, 0.000480569171486], "mean": [1.30899858475, 4.05829620361, 3.17534661293, 3.30709266663, 7.15393877029, 19.511920929, 28.5724048615, 26.7828350067, 14.24949646, 32.2260856628, 69.5071105957, 51.4767913818, 26.3330936432, 47.3890075684, 39.8429603577, 98.7780914307, 43.2140884399, 16.5666179657, 9.05491828918, 9.49002075195, 5.7108259201, 4.77358341217, 3.22198200226, 3.92793774605, 3.76486992836, 3.23908257484, 3.25028204918, 3.35133719444, 2.39862394333, 2.31512093544, 2.75862669945, 1.75724685192, 0.880001008511, 0.34155267477, 0.123111046851, 0.0405528061092, 0.0109164789319, 0.00241816020571, 0.000249734031968, 6.80738958181e-05], "median": [0.585955858231, 2.47171068192, 2.21453213692, 2.19488477707, 4.4508562088, 10.8853635788, 12.3542156219, 13.0617904663, 7.32382488251, 10.62525177, 16.1214542389, 13.0279998779, 12.6698265076, 11.1145915985, 17.5274467468, 26.1536197662, 9.58866500854, 6.36006069183, 3.84844088554, 2.12533569336, 1.83495521545, 1.27870702744, 1.0008764267, 0.943051934242, 0.799810051918, 0.483120620251, 0.29794305563, 0.194863051176, 0.184914767742, 0.143999397755, 0.0677769035101, 0.0326404869556, 0.0169095173478, 0.00999688077718, 0.00521328952163, 0.000963915372267, 0.000176802132046, 3.58053657692e-05, 4.15059184888e-05, 5.87877293583e-05], "min": [3.39046106177e-23, 3.14693048643e-22, 8.59869695801e-22, 2.61270247133e-21, 3.28511427932e-21, 1.75102051086e-20, 2.93337535322e-20, 3.46501467266e-20, 7.17966340691e-20, 8.18915074906e-20, 1.30181956222e-19, 1.44290943286e-19, 3.5564022976e-19, 4.97113162569e-19, 4.99626912752e-19, 1.00617815441e-18, 1.25607282958e-18, 1.61074605936e-18, 1.27756928915e-18, 1.95683511893e-18, 2.95474105362e-18, 3.92020992778e-18, 4.53273220829e-18, 5.13861222848e-18, 6.02732018936e-18, 7.66122358355e-18, 8.52859028463e-18, 8.29760506166e-18, 9.13321960773e-18, 9.02037893729e-18, 1.00016095312e-17, 9.86123863563e-18, 7.63920817155e-18, 7.12675489282e-18, 5.77449698463e-18, 3.83094679993e-18, 2.12527473424e-18, 9.13942656426e-19, 2.23565335329e-19, 2.39252234035e-20], "var": [3.95871639252, 30.3064250946, 35.3756332397, 23.5662441254, 71.906539917, 626.644287109, 1714.37072754, 1366.89831543, 593.325622559, 6492.84472656, 18455.2597656, 16445.9570312, 1698.38537598, 15500.2070312, 4133.88085938, 41778.3046875, 20233.4667969, 1150.8815918, 1024.83508301, 1106.04907227, 325.304138184, 291.880889893, 91.3835601807, 179.429000854, 132.67427063, 108.519012451, 248.017181396, 369.247955322, 170.329696655, 131.469192505, 319.502960205, 173.128219604, 39.4241600037, 4.72921228409, 0.16424356401, 0.00830468162894, 0.000832006568089, 5.32200538146e-05, 5.90957768054e-07, 3.57284601904e-09]}, "gfcc": {"mean": [-122.829803467, 149.817214966, -95.1488113403, 16.103094101, -43.8159790039, 11.7254190445, -14.2117462158, -0.777827680111, -13.8671293259, -1.18804252148, -0.0531639829278, 0.659934639931, -2.06411266327], "cov": [[85523.015625, 9784.07421875, -6838.54443359, 1346.45654297, -4115.87011719, 2103.85522461, -901.723205566, 597.483154297, -1125.9029541, 422.230987549, 148.741195679, 435.991424561, -172.362121582], [9784.07421875, 3819.37939453, -2000.74475098, 87.799369812, 338.324371338, -559.502868652, 81.2062606812, -341.049041748, 190.75479126, -203.137771606, 282.58291626, -182.718887329, 129.08430481], [-6838.54443359, -2000.74475098, 1865.08227539, -128.652496338, -211.650665283, 284.434082031, -63.969997406, 165.885971069, -97.6165542603, 65.8091125488, -215.956588745, 109.299743652, -37.3073043823], [1346.45654297, 87.799369812, -128.652496338, 405.817687988, -160.990325928, 62.5678939819, -1.26792788506, -54.253364563, -9.57725524902, -78.9869384766, 14.9429254532, -62.6130485535, 37.1665611267], [-4115.87011719, 338.324371338, -211.650665283, -160.990325928, 836.08416748, -360.862487793, 177.935440063, -77.6432266235, 189.946090698, 18.0023059845, 136.867034912, -47.7310752869, 65.0994644165], [2103.85522461, -559.502868652, 284.434082031, 62.5678939819, -360.862487793, 471.380096436, -23.0570259094, 149.409667969, -97.4413833618, 69.7597427368, -53.9727325439, 87.8471755981, -20.5290527344], [-901.723205566, 81.2062606812, -63.969997406, -1.26792788506, 177.935440063, -23.0570259094, 238.506835938, 51.4144973755, 87.7816696167, 25.2019634247, 61.289894104, -16.4281787872, 20.6214237213], [597.483154297, -341.049041748, 165.885971069, -54.253364563, -77.6432266235, 149.409667969, 51.4144973755, 215.548233032, 0.177462339401, 103.909187317, -33.0325431824, 51.8341026306, -20.8315811157], [-1125.9029541, 190.75479126, -97.6165542603, -9.57725524902, 189.946090698, -97.4413833618, 87.7816696167, 0.177462339401, 203.665237427, -0.859799265862, 69.4295120239, -26.9596233368, 34.1725158691], [422.230987549, -203.137771606, 65.8091125488, -78.9869384766, 18.0023059845, 69.7597427368, 25.2019634247, 103.909187317, -0.859799265862, 158.459075928, 21.6137046814, 57.3949127197, -17.0817146301], [148.741195679, 282.58291626, -215.956588745, 14.9429254532, 136.867034912, -53.9727325439, 61.289894104, -33.0325431824, 69.4295120239, 21.6137046814, 152.914459229, 7.88352584839, 38.1431694031], [435.991424561, -182.718887329, 109.299743652, -62.6130485535, -47.7310752869, 87.8471755981, -16.4281787872, 51.8341026306, -26.9596233368, 57.3949127197, 7.88352584839, 104.649108887, 8.23893356323], [-172.362121582, 129.08430481, -37.3073043823, 37.1665611267, 65.0994644165, -20.5290527344, 20.6214237213, -20.8315811157, 34.1725158691, -17.0817146301, 38.1431694031, 8.23893356323, 96.5215454102]], "icov": [[0.000182255316759, -0.000638043275103, 0.000336761615472, -0.000477894616779, 0.00045332958689, -0.000691988971084, 0.000454128195997, -0.000710412452463, 0.00048995873658, -0.000735899840947, 0.00035952142207, -0.000830095610581, 0.000414744048612], [-0.000638043275103, 0.00300058466382, -0.000470922648674, 0.0020236170385, -0.00129286479205, 0.00277931569144, -0.00173099420499, 0.00277324370109, -0.00185455009341, 0.00292665371671, -0.00155338749755, 0.00323673896492, -0.00216991687194], [0.000336761615472, -0.000470922648674, 0.00201652920805, -0.000451717060059, 0.000994380796328, -0.0012785004219, 0.000701094570104, -0.0010885107331, 0.000647557026241, -0.00107159500476, 0.00153026357293, -0.00178532209247, -1.40135061883e-05], [-0.000477894616779, 0.0020236170385, -0.000451717060059, 0.00529170595109, -8.89966322575e-05, 0.00113562564366, -0.00164158968255, 0.00253216549754, -0.0012297660578, 0.00284180394374, -0.00203912355937, 0.00519219972193, -0.00327221839689], [0.00045332958689, -0.00129286479205, 0.000994380796328, -8.89966322575e-05, 0.0040785796009, -2.91454234684e-05, -0.000340514903655, -0.00096502940869, 0.000404688093113, -0.00264447112568, -5.13330269314e-06, -0.00133970542811, -0.000430265325122], [-0.000691988971084, 0.00277931569144, -0.0012785004219, 0.00113562564366, -2.91454234684e-05, 0.0075621502474, -0.00245413067751, 0.000903090869542, -0.00113260105718, 0.00260029430501, -0.00191479083151, 0.00114169670269, -0.00201644818299], [0.000454128195997, -0.00173099420499, 0.000701094570104, -0.00164158968255, -0.000340514903655, -0.00245413067751, 0.00783771742135, -0.00455951644108, 0.00021384851425, -0.00121525337454, -0.000982535071671, -0.000535743543878, 0.00122139591258], [-0.000710412452463, 0.00277324370109, -0.0010885107331, 0.00253216549754, -0.00096502940869, 0.000903090869542, -0.00455951644108, 0.0133889820427, -0.00375197245739, -0.00251164077781, 0.00207199412398, 0.00230442266911, -0.00179813778959], [0.00048995873658, -0.00185455009341, 0.000647557026241, -0.0012297660578, 0.000404688093113, -0.00113260105718, 0.00021384851425, -0.00375197245739, 0.00907144322991, -0.00123694504146, -0.00157656322699, -0.000525840208866, -5.29714307049e-05], [-0.000735899840947, 0.00292665371671, -0.00107159500476, 0.00284180394374, -0.00264447112568, 0.00260029430501, -0.00121525337454, -0.00251164077781, -0.00123694504146, 0.0155564313754, -0.00501882936805, 0.000149478131789, 0.000479187205201], [0.00035952142207, -0.00155338749755, 0.00153026357293, -0.00203912355937, -5.13330269314e-06, -0.00191479083151, -0.000982535071671, 0.00207199412398, -0.00157656322699, -0.00501882936805, 0.0135022103786, -0.00520597631112, -0.000872011645697], [-0.000830095610581, 0.00323673896492, -0.00178532209247, 0.00519219972193, -0.00133970542811, 0.00114169670269, -0.000535743543878, 0.00230442266911, -0.000525840208866, 0.000149478131789, -0.00520597631112, 0.0215131808072, -0.00630861194804], [0.000414744048612, -0.00216991687194, -1.40135061883e-05, -0.00327221839689, -0.000430265325122, -0.00201644818299, 0.00122139591258, -0.00179813778959, -5.29714307049e-05, 0.000479187205201, -0.000872011645697, -0.00630861194804, 0.0154564967379]]}, "melbands": {"dmean": [0.002810603939, 0.00111043464858, 0.00032987978193, 0.000500660098623, 0.000402580742957, 0.000208540543099, 8.72320379131e-05, 0.000134268615511, 0.000183271753485, 0.000115638271382, 5.91244788666e-05, 0.000110324763227, 5.26785879629e-05, 0.00013029119873, 7.67431265558e-05, 3.30589864461e-05, 1.73687167262e-05, 9.78165462584e-06, 1.06090801637e-05, 5.70539032196e-06, 3.92850415665e-06, 3.29543081534e-06, 2.23271945288e-06, 2.21702703129e-06, 2.56050748249e-06, 2.29587521972e-06, 1.52200016146e-06, 1.27069847622e-06, 1.09580480512e-06, 2.20541392082e-06, 1.10214307369e-06, 7.05402385393e-07, 7.50893548229e-07, 7.25013819647e-07, 1.28683120693e-06, 8.73612123087e-07, 8.27747953736e-07, 5.14228247539e-07, 3.35693613351e-07, 1.62056480235e-07], "dmean2": [0.00459261843935, 0.0018135632854, 0.000570078205783, 0.00086614547763, 0.000616868201178, 0.000286005990347, 0.000130053565954, 0.000201329065021, 0.000256083963905, 0.000159820134286, 8.92750249477e-05, 0.00016692209465, 7.92774662841e-05, 0.000188767327927, 0.000110764776764, 4.92541985295e-05, 2.8316544558e-05, 1.66241461557e-05, 1.7724254576e-05, 9.85422320809e-06, 6.11733003097e-06, 5.36100105819e-06, 3.77550873054e-06, 3.81721292797e-06, 4.5131268962e-06, 3.94701919504e-06, 2.54815563494e-06, 1.9145609258e-06, 1.63232266459e-06, 3.36189327754e-06, 1.82878761734e-06, 1.05149149476e-06, 1.08160168111e-06, 1.1553281638e-06, 2.01207399186e-06, 1.44512796396e-06, 1.27034581965e-06, 8.31341480989e-07, 5.59175589387e-07, 2.46569470619e-07], "dvar": [4.77515532111e-05, 8.71108659339e-06, 6.77363459545e-07, 7.38352810004e-07, 4.71797648061e-07, 1.06384270282e-07, 5.33819459747e-08, 2.00322830324e-07, 1.46615647623e-07, 1.02745829622e-07, 1.90897964103e-08, 1.08321167147e-07, 1.46522598499e-08, 9.39421340718e-08, 3.93799055587e-08, 1.01305310807e-08, 3.35622174497e-09, 3.5544256427e-09, 4.0993803907e-09, 7.12915615431e-10, 2.50543391589e-10, 2.66563049411e-10, 1.12022460752e-10, 1.19349766181e-10, 1.57087828856e-10, 1.10333082948e-10, 3.60429706914e-11, 2.40042031391e-11, 3.04501840409e-11, 2.73695538455e-10, 6.49073295111e-11, 1.99843717963e-11, 2.59501378719e-11, 2.59802127728e-11, 9.79947997748e-11, 8.03634866986e-11, 4.27585016005e-11, 1.75576254924e-11, 8.64164816095e-12, 1.54417895571e-12], "dvar2": [0.000133199806442, 1.96234977921e-05, 1.88953106317e-06, 2.33405853578e-06, 1.2153238913e-06, 1.97272271407e-07, 1.21188918456e-07, 4.5307129426e-07, 2.85893861474e-07, 2.01847527137e-07, 4.57622455485e-08, 2.18789935502e-07, 3.55614382386e-08, 2.01807438316e-07, 7.92229926105e-08, 1.90008115908e-08, 8.7732452414e-09, 9.92064119743e-09, 1.08391633447e-08, 1.98309257904e-09, 5.62221824651e-10, 6.93149704301e-10, 3.02028069221e-10, 3.33724353707e-10, 4.40118524958e-10, 2.9834601456e-10, 9.5013108492e-11, 5.05939491691e-11, 6.49810413811e-11, 6.50784759415e-10, 1.67516334137e-10, 4.16720997987e-11, 4.48220210947e-11, 6.22916301873e-11, 2.20303220111e-10, 1.91729354615e-10, 8.13088762985e-11, 4.26363042094e-11, 2.22106048831e-11, 3.40445423588e-12], "max": [0.119015313685, 0.0838188901544, 0.0211370494217, 0.0229398328811, 0.014197267592, 0.00815924815834, 0.0119034983218, 0.0186688248068, 0.0121632823721, 0.00972035992891, 0.00375206884928, 0.0128886587918, 0.00293586216867, 0.00850211456418, 0.00548552302644, 0.00318034458905, 0.00136822171044, 0.00214737770148, 0.0019981439691, 0.000685012550093, 0.000760380818974, 0.000588402617723, 0.00032526202267, 0.000222859947826, 0.000247782387305, 0.000254855520325, 0.000131705906824, 0.00010950826254, 0.000122232697322, 0.000640794285573, 0.000232710517594, 0.00015405297745, 0.000172970510903, 0.000188385849469, 0.000362226797733, 0.000327768415445, 0.000210076774238, 0.000146720034536, 0.000109396787593, 4.05171413149e-05], "mean": [0.00937277637422, 0.00277023995295, 0.000629645655863, 0.000992866000161, 0.000984476297162, 0.000594067678321, 0.000241525092861, 0.000371253379853, 0.000562549801543, 0.000285010813968, 0.000128211788251, 0.000200928028789, 0.000101932317193, 0.000278490944766, 0.000151413623826, 6.09482231084e-05, 2.72771812888e-05, 1.34888668981e-05, 1.38099903779e-05, 7.97223947302e-06, 7.33886326998e-06, 5.50464255866e-06, 3.19283958561e-06, 3.06407514472e-06, 3.14171643367e-06, 3.1801505429e-06, 2.35169136431e-06, 1.95310053641e-06, 1.61043726621e-06, 2.88387604996e-06, 1.62105891377e-06, 1.26183749671e-06, 1.32441607548e-06, 1.34617948788e-06, 1.86544082226e-06, 1.00346812815e-06, 1.15489081054e-06, 6.33387685411e-07, 4.29963080251e-07, 2.35931452153e-07], "median": [0.00493774469942, 0.00199592183344, 0.000435399764683, 0.000545613176655, 0.000489183235914, 0.000295359146548, 0.000116392126074, 0.000128594198031, 0.000124936588691, 6.6259803134e-05, 5.4936233937e-05, 3.95375973312e-05, 4.02195692004e-05, 6.63180253468e-05, 3.5658973502e-05, 1.34357305797e-05, 9.11901770451e-06, 4.68213147542e-06, 3.91064622818e-06, 1.79558537639e-06, 1.91466642718e-06, 1.2017633253e-06, 8.1025586951e-07, 8.11944573798e-07, 6.44538772576e-07, 6.50943775327e-07, 3.71587276504e-07, 2.67419409283e-07, 1.80153705287e-07, 1.16432893549e-07, 1.03858752709e-07, 1.02658717083e-07, 8.07224438404e-08, 7.1119664824e-08, 4.06726528013e-08, 2.36663559861e-08, 1.67816303076e-08, 1.14255307437e-08, 9.12570996547e-09, 7.87082043985e-09], "min": [3.39625425904e-25, 8.23626301137e-25, 6.1053312905e-25, 1.1209374253e-24, 7.96058866551e-25, 7.35643855517e-25, 1.19612454704e-24, 9.8641021412e-25, 1.03846339817e-24, 9.03560689194e-25, 1.39734117168e-24, 1.65593460818e-24, 1.32782635428e-24, 2.26286407271e-24, 1.58322362222e-24, 1.90399132818e-24, 2.55726992076e-24, 1.7207803551e-24, 2.36219704346e-24, 2.31319320124e-24, 2.92943536597e-24, 3.08534327148e-24, 3.3951113968e-24, 3.39527745202e-24, 3.0809514856e-24, 3.14017738743e-24, 3.07496896171e-24, 4.08568693855e-24, 3.84641319865e-24, 3.58090983366e-24, 3.96246765402e-24, 3.78725770266e-24, 4.30394226849e-24, 3.84579315398e-24, 5.04063580205e-24, 5.4296799124e-24, 5.28774845276e-24, 4.2974830754e-24, 5.55103511861e-24, 5.19596882517e-24], "var": [0.000179450551514, 1.43256011143e-05, 7.2556986197e-07, 1.62071137311e-06, 1.75131492597e-06, 6.62118793571e-07, 1.83137274234e-07, 6.3614265855e-07, 1.11643100809e-06, 5.00340775034e-07, 4.66098342145e-08, 3.03814886138e-07, 2.90685022719e-08, 2.96916255138e-07, 1.21323935787e-07, 3.25418483271e-08, 4.10561318276e-09, 2.478376393e-09, 3.28571392316e-09, 6.38350039495e-10, 8.01120447758e-10, 5.70506919484e-10, 1.0488531571e-10, 9.55730980468e-11, 1.24445870275e-10, 9.96777035911e-11, 5.46172967963e-11, 4.40245062627e-11, 5.26581174498e-11, 3.80000308997e-10, 7.6535548732e-11, 4.20398438283e-11, 6.24077109435e-11, 4.58896982913e-11, 1.41475095528e-10, 8.42221847819e-11, 7.00174501711e-11, 2.23211657491e-11, 9.17641483633e-12, 1.87709179797e-12]}, "mfcc": {"mean": [-723.803222656, 174.513442993, 10.0292959213, 16.5137062073, -1.65061628819, 11.4674711227, 8.86483097076, 7.15801763535, -2.63947844505, 1.06486153603, 3.10220050812, 2.75696539879, 4.74868679047], "cov": [[19883.0351562, 4627.47412109, 478.932739258, 61.0755615234, -608.617248535, 562.041625977, 527.188903809, 474.725402832, -44.0393676758, 216.42489624, 208.009857178, 325.276184082, 367.191772461], [4627.47412109, 4104.33496094, -809.632446289, 436.881256104, 249.381500244, 24.5893859863, 119.522445679, -11.3637542725, -53.2590103149, -21.5295257568, 128.251525879, 43.5030822754, 126.981559753], [478.932739258, -809.632446289, 1359.04626465, -195.059692383, -259.504760742, 124.968566895, -60.1896743774, 130.164382935, 30.0731506348, 6.13819742203, -95.3612670898, -68.1383743286, -44.5776901245], [61.0755615234, 436.881256104, -195.059692383, 363.362640381, 57.1468276978, 8.33311748505, 13.8598432541, -22.9920368195, -13.3325958252, -1.89829742908, 1.64721989632, -33.4164543152, -31.5224609375], [-608.617248535, 249.381500244, -259.504760742, 57.1468276978, 275.47958374, -30.9249324799, -10.6384277344, -63.8896636963, 0.689578652382, -10.1509532928, 4.66607046127, 10.1939935684, 4.76263189316], [562.041625977, 24.5893859863, 124.968566895, 8.33311748505, -30.9249324799, 158.747177124, 38.2352027893, 46.5382614136, -7.44730854034, 4.7245016098, -7.86322593689, -8.49749851227, 8.86914825439], [527.188903809, 119.522445679, -60.1896743774, 13.8598432541, -10.6384277344, 38.2352027893, 165.944168091, 34.8358726501, 13.9381580353, 36.7609138489, 36.324546814, 24.703420639, 17.5480422974], [474.725402832, -11.3637542725, 130.164382935, -22.9920368195, -63.8896636963, 46.5382614136, 34.8358726501, 122.119590759, 39.6066436768, 28.1438674927, 3.88715314865, 7.13444137573, 17.0622730255], [-44.0393676758, -53.2590103149, 30.0731506348, -13.3325958252, 0.689578652382, -7.44730854034, 13.9381580353, 39.6066436768, 118.944335938, 46.8788566589, 19.5250492096, 13.9100522995, -1.79728126526], [216.42489624, -21.5295257568, 6.13819742203, -1.89829742908, -10.1509532928, 4.7245016098, 36.7609138489, 28.1438674927, 46.8788566589, 98.303276062, 52.1445045471, 12.068069458, 6.16495656967], [208.009857178, 128.251525879, -95.3612670898, 1.64721989632, 4.66607046127, -7.86322593689, 36.324546814, 3.88715314865, 19.5250492096, 52.1445045471, 96.3991394043, 46.1815567017, 18.5395565033], [325.276184082, 43.5030822754, -68.1383743286, -33.4164543152, 10.1939935684, -8.49749851227, 24.703420639, 7.13444137573, 13.9100522995, 12.068069458, 46.1815567017, 107.370979309, 49.6209793091], [367.191772461, 126.981559753, -44.5776901245, -31.5224609375, 4.76263189316, 8.86914825439, 17.5480422974, 17.0622730255, -1.79728126526, 6.16495656967, 18.5395565033, 49.6209793091, 97.1207046509]], "icov": [[0.000122122088214, -0.000176011919393, -5.56842751394e-05, 8.14565573819e-05, 0.000306081550661, -0.000240888621192, -0.00013038176985, -7.80446644058e-05, 0.000162760537933, -0.00037758203689, 0.00031136214966, -0.000435903144535, 3.80446545023e-06], [-0.000176011919393, 0.000603749242146, 0.000175161490915, -0.000477006426081, -0.000634506752249, 0.000298355967971, 8.98037687875e-05, -0.000125848207972, -0.000169904975337, 0.000983545556664, -0.00105925567914, 0.000934618758038, -0.000529478536919], [-5.56842751394e-05, 0.000175161490915, 0.00126933667343, 0.000394632312236, 0.000590107345488, -0.000659646466374, 0.000609394686762, -0.000644332030788, -0.0001812944829, -0.000257604726357, 0.000780850241426, 0.000345758860931, 0.00041389017133], [8.14565573819e-05, -0.000477006426081, 0.000394632312236, 0.00370793603361, 7.52232444938e-05, -0.000695853726938, -0.000150945910718, 0.000114040456538, 0.000245426548645, -0.000792685488705, 0.000683165562805, 0.000389391469071, 0.001492912299], [0.000306081550661, -0.000634506752249, 0.000590107345488, 7.52232444938e-05, 0.00578362448141, -0.000918999721762, 3.40914971275e-06, 0.00208805734292, -0.00072317867307, -0.00129630230367, 0.00195397040807, -0.00159330561291, -8.95478879102e-05], [-0.000240888621192, 0.000298355967971, -0.000659646466374, -0.000695853726938, -0.000918999721762, 0.00868645776063, -0.00154830957763, -0.00235899584368, 0.00117633270565, 0.000866577669512, -0.000379831908504, 0.00155187945347, -0.000815593230072], [-0.00013038176985, 8.98037687875e-05, 0.000609394686762, -0.000150945910718, 3.40914971275e-06, -0.00154830957763, 0.00794776715338, -0.00149050645996, 0.000181601441, -0.00157072674483, -0.00125413527712, -0.000553351594135, 0.000198488603928], [-7.80446644058e-05, -0.000125848207972, -0.000644332030788, 0.000114040456538, 0.00208805734292, -0.00235899584368, -0.00149050645996, 0.0135098043829, -0.00407286779955, -0.00149198842701, 0.00144937331788, -9.77874879027e-06, -0.00204253732227], [0.000162760537933, -0.000169904975337, -0.0001812944829, 0.000245426548645, -0.00072317867307, 0.00117633270565, 0.000181601441, -0.00407286779955, 0.0122494855896, -0.00581183983013, 0.00140391441528, -0.00243512587622, 0.00178574619349], [-0.00037758203689, 0.000983545556664, -0.000257604726357, -0.000792685488705, -0.00129630230367, 0.000866577669512, -0.00157072674483, -0.00149198842701, -0.00581183983013, 0.020797656849, -0.0123197389767, 0.00541651947424, -0.00154696917161], [0.00031136214966, -0.00105925567914, 0.000780850241426, 0.000683165562805, 0.00195397040807, -0.000379831908504, -0.00125413527712, 0.00144937331788, 0.00140391441528, -0.0123197389767, 0.0225926619023, -0.0092253210023, 0.0019073797157], [-0.000435903144535, 0.000934618758038, 0.000345758860931, 0.000389391469071, -0.00159330561291, 0.00155187945347, -0.000553351594135, -9.77874879027e-06, -0.00243512587622, 0.00541651947424, -0.0092253210023, 0.0179245788604, -0.00703661516309], [3.80446545023e-06, -0.000529478536919, 0.00041389017133, 0.001492912299, -8.95478879102e-05, -0.000815593230072, 0.000198488603928, -0.00204253732227, 0.00178574619349, -0.00154696917161, 0.0019073797157, -0.00703661516309, 0.0154130179435]]}, "spectral_contrast_coeffs": {"dmean": [0.0421634688973, 0.0357379131019, 0.0335068181157, 0.0264671258628, 0.0172321218997, 0.0141505403444], "dmean2": [0.0717874243855, 0.0574357882142, 0.0541460327804, 0.0435171276331, 0.0288138035685, 0.0234177801758], "dvar": [0.00120498484466, 0.000884359236807, 0.000788836623542, 0.000498729641549, 0.000237724685576, 0.000193127212697], "dvar2": [0.00350054050796, 0.0022777041886, 0.00199664500542, 0.00131596124265, 0.00062523141969, 0.000490715086926], "max": [-0.373759359121, -0.399126499891, -0.496049463749, -0.526930212975, -0.59258800745, -0.58183079958], "mean": [-0.6964417696, -0.703985989094, -0.736247599125, -0.786303400993, -0.819193422794, -0.780480623245], "median": [-0.695010900497, -0.692650318146, -0.727476477623, -0.781430125237, -0.823476970196, -0.76419621706], "min": [-0.987949252129, -0.982396185398, -0.979797661304, -0.973363280296, -0.968021631241, -0.965075194836], "var": [0.0104744341224, 0.00961799360812, 0.00796818453819, 0.0056155002676, 0.00391525961459, 0.00434858677909]}, "spectral_contrast_valleys": {"dmean": [0.330249547958, 0.284889996052, 0.285402685404, 0.257027089596, 0.193911507726, 0.199806049466], "dmean2": [0.569771647453, 0.467804700136, 0.466868698597, 0.419187486172, 0.314037740231, 0.305277466774], "dvar": [0.0923126935959, 0.0788060799241, 0.0868149325252, 0.0958769693971, 0.0770516395569, 0.0922343358397], "dvar2": [0.22358289361, 0.167250275612, 0.1