{"lowlevel": {"average_loudness": 0.677809774876, "barkbands_crest": {"dmean": 3.36449718475, "dmean2": 5.26099681854, "dvar": 11.0991411209, "dvar2": 21.1972351074, "max": 26.6791744232, "mean": 14.0200862885, "median": 13.8642206192, "min": 1.89979851246, "var": 45.2521591187}, "barkbands_flatness_db": {"dmean": 0.0475040152669, "dmean2": 0.0695829167962, "dvar": 0.00204301741906, "dvar2": 0.00432723155245, "max": 0.516713500023, "mean": 0.153850480914, "median": 0.140768781304, "min": 0.0143727399409, "var": 0.00737928319722}, "barkbands_kurtosis": {"dmean": 21.533618927, "dmean2": 34.1324386597, "dvar": 2312.54980469, "dvar2": 5173.08349609, "max": 816.062072754, "mean": 24.0585746765, "median": 4.65477609634, "min": -1.86351287365, "var": 3194.3671875}, "barkbands_skewness": {"dmean": 1.6706392765, "dmean2": 2.52859163284, "dvar": 4.05816411972, "dvar2": 8.77647399902, "max": 24.9074134827, "mean": 3.06722807884, "median": 2.21019434929, "min": -3.7969892025, "var": 11.7538604736}, "barkbands_spread": {"dmean": 13.011059761, "dmean2": 20.5447044373, "dvar": 183.132980347, "dvar2": 400.458343506, "max": 102.759544373, "mean": 29.0166969299, "median": 23.4524745941, "min": 0.315373003483, "var": 510.47076416}, "dissonance": {"dmean": 0.0134070599452, "dmean2": 0.0225878879428, "dvar": 0.000207751785638, "dvar2": 0.000525376119185, "max": 0.500000119209, "mean": 0.480740040541, "median": 0.486723899841, "min": 0.317029118538, "var": 0.000396379648009}, "dynamic_complexity": 3.73520088196, "erbbands_crest": {"dmean": 2.97604870796, "dmean2": 4.74374675751, "dvar": 9.89148044586, "dvar2": 21.2675056458, "max": 30.1098842621, "mean": 7.74159908295, "median": 6.28517246246, "min": 2.00308966637, "var": 22.1362953186}, "erbbands_flatness_db": {"dmean": 0.0211305804551, "dmean2": 0.0312215201557, "dvar": 0.00043751753401, "dvar2": 0.000840497436002, "max": 0.427774995565, "mean": 0.111484132707, "median": 0.0973084419966, "min": 0.0299566257745, "var": 0.00249026762322}, "erbbands_kurtosis": {"dmean": 1.55810201168, "dmean2": 2.53605294228, "dvar": 5.53705883026, "dvar2": 12.6541204453, "max": 50.5440597534, "mean": 0.665553212166, "median": -0.265452623367, "min": -1.86275577545, "var": 7.71344137192}, "erbbands_skewness": {"dmean": 0.567365109921, "dmean2": 0.88636559248, "dvar": 0.321811974049, "dvar2": 0.734276294708, "max": 6.41291379929, "mean": -0.166652202606, "median": -0.195728883147, "min": -4.25190401077, "var": 0.887766897678}, "erbbands_spread": {"dmean": 16.8435745239, "dmean2": 26.4557209015, "dvar": 269.784667969, "dvar2": 635.427734375, "max": 168.257873535, "mean": 56.5360374451, "median": 53.039100647, "min": 2.1164085865, "var": 771.039489746}, "hfc": {"dmean": 18.4538726807, "dmean2": 27.4070568085, "dvar": 488.35736084, "dvar2": 1108.40026855, "max": 229.663955688, "mean": 26.8579368591, "median": 16.255115509, "min": 1.14491894998e-16, "var": 828.118286133}, "melbands_crest": {"dmean": 4.57099533081, "dmean2": 7.32361745834, "dvar": 19.7662773132, "dvar2": 42.6200485229, "max": 39.7329444885, "mean": 21.8226470947, "median": 22.7487068176, "min": 1.92819976807, "var": 86.8322601318}, "melbands_flatness_db": {"dmean": 0.0578820407391, "dmean2": 0.0839383229613, "dvar": 0.00298315589316, "dvar2": 0.00618149386719, "max": 0.613805413246, "mean": 0.220966383815, "median": 0.220855399966, "min": 0.00763185927644, "var": 0.0137947201729}, "melbands_kurtosis": {"dmean": 68.09349823, "dmean2": 107.846488953, "dvar": 33039.234375, "dvar2": 84942.9921875, "max": 5830.14550781, "mean": 86.5106048584, "median": 23.9537639618, "min": -1.78097403049, "var": 39622.2460938}, "melbands_skewness": {"dmean": 2.52047395706, "dmean2": 3.82566761971, "dvar": 9.98116207123, "dvar2": 23.7701015472, "max": 60.0546607971, "mean": 5.9374461174, "median": 4.44346380234, "min": -2.26232647896, "var": 29.1961307526}, "melbands_spread": {"dmean": 14.1949462891, "dmean2": 22.5852298737, "dvar": 361.30960083, "dvar2": 809.426635742, "max": 210.261917114, "mean": 28.433380127, "median": 14.8901176453, "min": 0.0615840405226, "var": 1082.58093262}, "pitch_salience": {"dmean": 0.114654518664, "dmean2": 0.173292458057, "dvar": 0.0123377097771, "dvar2": 0.0245891287923, "max": 0.919813513756, "mean": 0.412681400776, "median": 0.382150262594, "min": 0.0134004736319, "var": 0.0516808740795}, "silence_rate_20dB": {"dmean": 0, "dmean2": 0, "dvar": 0, "dvar2": 0, "max": 1, "mean": 1, "median": 1, "min": 1, "var": 0}, "silence_rate_30dB": {"dmean": 0.101541370153, "dmean2": 0.203096479177, "dvar": 0.0912256613374, "dvar2": 0.212015658617, "max": 1, "mean": 0.845264673233, "median": 1, "min": 0, "var": 0.130783349276}, "silence_rate_60dB": {"dmean": 0.0511087067425, "dmean2": 0.102224327624, "dvar": 0.0485065951943, "dvar2": 0.111401304603, "max": 1, "mean": 0.14216183126, "median": 0, "min": 0, "var": 0.12199011445}, "spectral_centroid": {"dmean": 574.288757324, "dmean2": 903.679199219, "dvar": 330453.59375, "dvar2": 707453.3125, "max": 10969.1591797, "mean": 2097.734375, "median": 2072.56689453, "min": 177.266220093, "var": 1000624.3125}, "spectral_complexity": {"dmean": 8.53231430054, "dmean2": 12.5914411545, "dvar": 91.0437469482, "dvar2": 168.463592529, "max": 61, "mean": 15.6501722336, "median": 10, "min": 0, "var": 204.388244629}, "spectral_decrease": {"dmean": 7.56429141546e-09, "dmean2": 1.25113626126e-08, "dvar": 1.23095817448e-16, "dvar2": 3.57009775949e-16, "max": -1.01822170786e-28, "mean": -1.32983632994e-08, "median": -8.31323099248e-09, "min": -9.51932079829e-08, "var": 2.36929567847e-16}, "spectral_energy": {"dmean": 0.0297070108354, "dmean2": 0.0488898940384, "dvar": 0.00179801788181, "dvar2": 0.00519562745467, "max": 0.362429976463, "mean": 0.0526272021234, "median": 0.0342635475099, "min": 1.07690563169e-20, "var": 0.00348307914101}, "spectral_energyband_high": {"dmean": 0.001828674227, "dmean2": 0.00277900299989, "dvar": 5.65503250982e-06, "dvar2": 1.25123615362e-05, "max": 0.0238745827228, "mean": 0.00228305673227, "median": 0.00105713610537, "min": 7.54055180685e-21, "var": 8.82879430719e-06}, "spectral_energyband_low": {"dmean": 0.0237153153867, "dmean2": 0.0392363257706, "dvar": 0.00148378335871, "dvar2": 0.00420669885352, "max": 0.348267644644, "mean": 0.0407753624022, "median": 0.0219133105129, "min": 9.26674400492e-23, "var": 0.0027863048017}, "spectral_energyband_middle_high": {"dmean": 0.00209920108318, "dmean2": 0.00332784466445, "dvar": 9.31420981942e-06, "dvar2": 2.3098429665e-05, "max": 0.0343585237861, "mean": 0.00298680830747, "median": 0.00154191139154, "min": 1.65469928671e-21, "var": 1.38712457556e-05}, "spectral_energyband_middle_low": {"dmean": 0.00767747545615, "dmean2": 0.0132724549621, "dvar": 0.000366253429092, "dvar2": 0.000955307332333, "max": 0.175037786365, "mean": 0.00673658913001, "median": 0.00143773562741, "min": 4.79201268781e-22, "var": 0.000277307350188}, "spectral_entropy": {"dmean": 0.192637488246, "dmean2": 0.28710386157, "dvar": 0.0432441085577, "dvar2": 0.0828418657184, "max": 9.80095291138, "mean": 8.10577487946, "median": 8.19242286682, "min": 5.15023803711, "var": 0.129899278283}, "spectral_flux": {"dmean": 0.0461708419025, "dmean2": 0.0716278478503, "dvar": 0.00275979377329, "dvar2": 0.00615968368948, "max": 0.440149754286, "mean": 0.117095448077, "median": 0.0947963669896, "min": 1.03774065729e-10, "var": 0.00725553836673}, "spectral_kurtosis": {"dmean": 0.889896512032, "dmean2": 1.41296625137, "dvar": 1.29896402359, "dvar2": 3.13050794601, "max": 26.8621501923, "mean": 2.53604745865, "median": 2.22002220154, "min": -1.24457371235, "var": 2.39121961594}, "spectral_rms": {"dmean": 0.0018359599635, "dmean2": 0.00290615786798, "dvar": 4.06250910601e-06, "dvar2": 1.08583153633e-05, "max": 0.0188039951026, "mean": 0.00604848982766, "median": 0.00578168267384, "min": 3.2413572694e-12, "var": 1.47592527355e-05}, "spectral_rolloff": {"dmean": 1135.05273438, "dmean2": 1848.8371582, "dvar": 2850014, "dvar2": 5436896, "max": 18949.21875, "mean": 2425.53857422, "median": 667.529296875, "min": 43.06640625, "var": 10295922}, "spectral_skewness": {"dmean": 0.211267411709, "dmean2": 0.327370017767, "dvar": 0.0501750260592, "dvar2": 0.103042662144, "max": 3.75969386101, "mean": 1.21794247627, "median": 1.20267498493, "min": -0.238151460886, "var": 0.124585270882}, "spectral_spread": {"dmean": 841852.3125, "dmean2": 1251597.5, "dvar": 640124387328, "dvar2": 1365953609730.0, "max": 42314096, "mean": 6466944.5, "median": 6550556, "min": 1521862, "var": 2258937839620.0}, "spectral_strongpeak": {"dmean": 0.263571768999, "dmean2": 0.440069764853, "dvar": 0.213459983468, "dvar2": 0.50086581707, "max": 7.03582906723, "mean": 0.455382943153, "median": 0.331462264061, "min": 0, "var": 0.319549411535}, "zerocrossingrate": {"dmean": 0.0220992490649, "dmean2": 0.0242636259645, "dvar": 0.00051217287546, "dvar2": 0.000517206499353, "max": 0.5, "mean": 0.0892509967089, "median": 0.06298828125, "min": 0.001953125, "var": 0.00571134453639}, "barkbands": {"dmean": [0.0044237584807, 0.0189395006746, 0.00307241245173, 0.0033442939166, 0.0032880587969, 0.000713005720172, 0.000562972913031, 0.000419728923589, 0.000480960181449, 0.000313313328661, 0.000266904709861, 0.000320597930113, 0.000314010219881, 0.000178582311491, 0.000218537184992, 0.000210296857404, 0.000182260366273, 0.000220168192754, 0.000282387831248, 0.000254116923315, 0.000457649759483, 0.000539997010492, 0.000266177055892, 0.000207352481084, 0.000190736725926, 0.000127798935864, 3.89049200749e-05], "dmean2": [0.00754616642371, 0.0305132996291, 0.00499856518582, 0.00623141508549, 0.00596863031387, 0.00128539034631, 0.000970757449977, 0.000720071431715, 0.000805532792583, 0.000527965836227, 0.00046239895164, 0.000538810330909, 0.000473701249575, 0.000288796494715, 0.000369652640074, 0.000346173386788, 0.000302011147141, 0.000353496405296, 0.000467715639388, 0.000402479054173, 0.000747905578464, 0.000879748957232, 0.000407214771258, 0.000300003710436, 0.000274933321634, 0.000176482833922, 6.03987900831e-05], "dvar": [0.000126928294776, 0.00102216028608, 4.58712311229e-05, 0.000140739939525, 8.21291469038e-05, 5.16488989888e-06, 2.15019440475e-06, 7.13007977993e-07, 9.79643914434e-07, 5.16797229011e-07, 3.05590191374e-07, 5.82267944083e-07, 8.56875487898e-07, 1.17056977444e-07, 1.94450294089e-07, 1.40932471027e-07, 1.06871816286e-07, 1.22776171452e-07, 1.99052351491e-07, 1.566267116e-07, 4.66316208758e-07, 8.8279693955e-07, 1.36047930255e-07, 6.89832120315e-08, 6.42168984655e-08, 2.86745081013e-08, 3.78514153354e-09], "dvar2": [0.000367315427866, 0.0029279824812, 9.93414068944e-05, 0.000398232979933, 0.000228304663324, 1.48866274685e-05, 5.85943098486e-06, 1.88153398994e-06, 2.51372216553e-06, 1.35873563067e-06, 8.77775903518e-07, 1.51854112573e-06, 1.57852264238e-06, 2.93178601396e-07, 5.07692391238e-07, 3.54131429958e-07, 2.67172538315e-07, 3.06886590806e-07, 5.22562913829e-07, 3.564212534e-07, 1.11408144221e-06, 2.23243819164e-06, 3.11957393251e-07, 1.35814687496e-07, 1.18454977382e-07, 5.73937164461e-08, 8.84852990879e-09], "max": [0.141147151589, 0.28706663847, 0.0951937884092, 0.113035127521, 0.0961039960384, 0.040314745158, 0.0291040614247, 0.00824686139822, 0.0239905752242, 0.0129790604115, 0.00922297779471, 0.013084619306, 0.019730783999, 0.00624964665622, 0.0134080154821, 0.00454114982858, 0.0071987635456, 0.00459410343319, 0.00771708646789, 0.00835298933089, 0.00614955089986, 0.00867794919759, 0.00454305671155, 0.00335055426694, 0.00629280647263, 0.00254911696538, 0.000709713378455], "mean": [0.00786727201194, 0.0295494999737, 0.00326025602408, 0.00207978743128, 0.00224768230692, 0.000668889493681, 0.000694935850333, 0.00041899603093, 0.000556560000405, 0.000373040529666, 0.000287364091491, 0.000329115253408, 0.000366166175809, 0.000197930246941, 0.000232916703681, 0.000213372681173, 0.00019931026327, 0.000265230744844, 0.000341070612194, 0.000384975748602, 0.000491273938678, 0.000525386771187, 0.000313029566314, 0.000269893353106, 0.000253991718637, 0.000193901898456, 4.52076164947e-05], "median": [0.000683614867739, 0.0154687436298, 0.000733061926439, 7.75676599005e-05, 0.000186179895536, 7.72689018049e-05, 0.000100614699477, 8.48544295877e-05, 0.000150133753777, 7.07039798726e-05, 7.37878799555e-05, 8.6034713604e-05, 6.13129886915e-05, 6.46673870506e-05, 6.27849076409e-05, 7.1400681918e-05, 6.87073043082e-05, 9.88986721495e-05, 0.000131099834107, 0.000147925544297, 0.000179579190444, 0.000168241502251, 0.000140173724503, 0.000118223128084, 0.000116699266073, 9.2862159363e-05, 1.38737314046e-05], "min": [1.51527100579e-23, 1.13237511956e-23, 2.29420488538e-23, 1.02169989094e-22, 7.87676225468e-23, 8.87652796281e-23, 3.51482719229e-23, 5.23314231761e-23, 1.01867445159e-22, 2.23431257753e-22, 6.63734565225e-23, 5.43886525101e-23, 1.03999900269e-22, 1.09909932575e-22, 1.92884758589e-22, 1.83537653008e-22, 1.22224228011e-22, 1.70076631495e-22, 2.4228107015e-22, 4.75934703057e-22, 4.09417598119e-22, 5.20191339697e-22, 5.85957297592e-22, 8.83825722796e-22, 1.44203722987e-21, 1.55932360514e-21, 2.13575792534e-21], "var": [0.000317343423376, 0.00157663004939, 5.28301789018e-05, 8.30288554425e-05, 5.1057919336e-05, 3.71841997548e-06, 3.18827619594e-06, 7.93223534856e-07, 1.44817806813e-06, 7.55312498768e-07, 3.70513561165e-07, 6.28235227396e-07, 1.58824491336e-06, 1.24882234331e-07, 2.75367426639e-07, 1.40583480857e-07, 1.24132412793e-07, 1.66956155567e-07, 2.71677180308e-07, 3.97679059461e-07, 5.48001878542e-07, 8.34917898374e-07, 1.97689118409e-07, 1.40582343988e-07, 1.22804834746e-07, 6.53697966868e-08, 5.11025088912e-09]}, "erbbands": {"dmean": [0.910208880901, 3.0655939579, 3.77686548233, 7.89942169189, 11.6812982559, 10.6062278748, 6.58614301682, 6.04564237595, 7.74349594116, 8.28168773651, 8.69839668274, 11.5633125305, 9.72654438019, 10.0475559235, 11.6155414581, 12.4949913025, 13.4749450684, 10.4383068085, 10.9655637741, 12.0356273651, 10.1781654358, 10.4946470261, 10.669667244, 14.8334121704, 13.3673324585, 12.6899671555, 14.880440712, 22.7217597961, 19.8956871033, 10.9544887543, 7.12453794479, 4.75031805038, 3.24333286285, 2.48749279976, 1.17707288265, 0.579176306725, 0.247641012073, 0.046520601958, 0.00645843986422, 0.00049028598005], "dmean2": [1.46586000919, 4.9665722847, 6.15390968323, 14.0759305954, 21.3974304199, 19.3616847992, 12.1169939041, 10.7629833221, 13.2445430756, 14.6185293198, 14.6504278183, 19.3835754395, 16.1391105652, 17.4382553101, 19.4039306641, 21.0564937592, 20.6364803314, 16.2827301025, 18.3717002869, 20.5548744202, 16.5320796967, 17.289434433, 17.0515975952, 24.456817627, 21.7097454071, 19.9291305542, 24.0592632294, 37.7147331238, 32.4667816162, 17.2958202362, 10.8749828339, 7.18809318542, 4.6456694603, 3.63589000702, 1.68396556377, 0.80669271946, 0.365056157112, 0.0674003064632, 0.00995597336441, 0.000792630657088], "dvar": [2.765604496, 28.1049842834, 50.4826545715, 696.357055664, 1245.89318848, 913.643493652, 436.67010498, 348.41885376, 505.916900635, 360.048156738, 281.71282959, 633.10345459, 388.808074951, 501.855957031, 592.301635742, 824.431152344, 1252.33508301, 494.78213501, 423.880706787, 602.522888184, 286.712493896, 350.892272949, 327.846557617, 527.499145508, 436.376281738, 404.865966797, 426.276123047, 1354.8795166, 1150.25598145, 286.840057373, 94.3481140137, 38.8786125183, 17.3849315643, 11.1581935883, 2.57617688179, 0.682493686676, 0.116245612502, 0.00380922434852, 0.000114247566671, 6.69506164286e-07], "dvar2": [8.16557216644, 77.9898223877, 109.376029968, 1922.22143555, 3467.30737305, 2579.47875977, 1261.02978516, 1001.56225586, 1373.64599609, 1011.67626953, 720.718017578, 1588.1829834, 1020.65649414, 1423.33203125, 1578.56262207, 2161.39160156, 2370.7956543, 1153.52624512, 1108.00537109, 1595.65734863, 700.189208984, 871.447387695, 818.400756836, 1384.31213379, 1116.3828125, 931.291381836, 955.264648438, 3360.68530273, 2890.12084961, 680.14453125, 216.798797607, 81.5135803223, 33.6348457336, 22.3813972473, 4.89251756668, 1.33336544037, 0.240118190646, 0.00816283095628, 0.000271016615443, 1.6035231738e-06], "max": [13.7170295715, 57.6332511902, 88.1034698486, 288.656036377, 366.362304688, 383.036071777, 312.337768555, 325.602844238, 450.628173828, 279.896820068, 200.783065796, 614.723388672, 276.036865234, 366.88381958, 481.18762207, 562.859985352, 707.318664551, 344.592651367, 262.116729736, 601.220397949, 217.417434692, 488.379943848, 255.916900635, 339.311065674, 375.574615479, 433.066558838, 258.106628418, 348.6590271, 338.1199646, 164.845245361, 119.487495422, 73.9862289429, 74.7498703003, 72.1591033936, 45.7686233521, 15.3353052139, 4.88164377213, 0.652888417244, 0.131055533886, 0.00696227932349], "mean": [1.38944256306, 4.45861530304, 4.88295888901, 5.52081823349, 7.64164018631, 7.2048830986, 5.4150261879, 5.8053021431, 10.0075912476, 7.88495016098, 9.96389579773, 13.5867376328, 11.3697109222, 11.6586713791, 13.7520189285, 12.686088562, 15.5633440018, 12.5222959518, 12.2283468246, 12.0436449051, 11.3559026718, 11.5584249496, 12.5582771301, 17.984413147, 17.4501075745, 19.095867157, 17.4463672638, 22.3101119995, 19.3833827972, 12.2445497513, 8.46106147766, 6.06625986099, 4.18574094772, 3.08080339432, 1.60592794418, 0.842298328876, 0.379529029131, 0.0658463537693, 0.00750775588676, 0.000545987742953], "median": [0.572582483292, 2.17184615135, 2.02286267281, 0.505615830421, 0.387465447187, 0.600794494152, 0.562393665314, 0.710658729076, 1.36492943764, 1.89535737038, 2.41592407227, 3.62544417381, 2.98510527611, 3.41918134689, 3.93761491776, 3.55704641342, 2.95890760422, 3.21588397026, 3.84643888474, 3.31432509422, 4.45891332626, 4.14786434174, 4.94722509384, 6.44431447983, 6.81660652161, 7.18209457397, 7.02748060226, 7.07356739044, 6.26305961609, 4.69784641266, 3.89660930634, 2.77040863037, 1.79691743851, 1.40079116821, 0.720646381378, 0.380605310202, 0.175749674439, 0.0310413856059, 0.00221320916899, 0.000180729330168], "min": [6.28962359073e-22, 1.93132051968e-21, 2.07482294658e-20, 1.90577876564e-19, 2.94115492225e-19, 1.93850629582e-19, 5.05194096768e-19, 8.75775715782e-19, 7.57623925422e-19, 3.4250723827e-19, 1.791698229e-18, 2.7589660142e-18, 3.84673560987e-18, 7.16982618732e-18, 1.9391768808e-18, 2.54644015377e-18, 4.52186636376e-18, 5.32279722676e-18, 9.093682856e-18, 9.99132105876e-18, 1.02804496342e-17, 7.51302176911e-18, 1.00351591497e-17, 1.02938747755e-17, 1.39072619074e-17, 2.20529626942e-17, 1.76777579346e-17, 1.83808382942e-17, 1.60892882627e-17, 2.08960513459e-17, 1.59823718598e-17, 1.26918068512e-17, 1.83343077304e-17, 1.30283419747e-17, 1.19621127826e-17, 5.4757648423e-18, 3.0227855512e-18, 9.11664704416e-19, 2.87049379391e-19, 3.61019488681e-20], "var": [4.32736825943, 39.1138763428, 71.1432571411, 448.275878906, 769.564453125, 547.990722656, 277.043518066, 259.223999023, 737.186950684, 277.093811035, 419.656005859, 999.175720215, 498.959106445, 534.259033203, 930.977966309, 808.759277344, 2227.36987305, 790.812561035, 505.998443604, 664.32598877, 319.985626221, 420.911651611, 388.821807861, 791.977355957, 723.104370117, 1060.38647461, 606.767944336, 1374.02478027, 1108.21960449, 362.807128906, 137.160400391, 70.004196167, 35.2013931274, 19.0873241425, 5.14179468155, 1.45639026165, 0.245471328497, 0.00678470497951, 0.000147649843711, 8.11575091575e-07]}, "gfcc": {"mean": [-3.83558320999, 25.4013996124, -89.5692367554, 36.9560050964, -48.0842208862, 23.1712093353, -19.6407318115, 16.6409835815, -18.39295578, 10.6834926605, -15.4131345749, 5.1294798851, -11.7903995514], "cov": [[9033.11132812, 264.602630615, 1160.96081543, 737.33392334, 338.586608887, 435.37020874, 35.2861633301, 329.60635376, 150.198959351, 295.565826416, -60.0159339905, 125.533470154, -189.244308472], [264.602630615, 1863.23327637, 571.126464844, 311.622406006, 325.890808105, 267.012908936, 243.711959839, 244.294540405, 233.191696167, 229.959136963, 135.827194214, 123.277229309, 73.7354888916], [1160.96081543, 571.126464844, 1311.35583496, 488.890899658, 554.221374512, 404.354187012, 216.970092773, 304.892791748, 248.603973389, 237.610702515, 66.4019012451, 106.781509399, -5.76285505295], [737.33392334, 311.622406006, 488.890899658, 840.689086914, 383.540649414, 400.611877441, 284.289703369, 315.907958984, 203.34262085, 199.122634888, 73.1695480347, 92.6878128052, 9.34517478943], [338.586608887, 325.890808105, 554.221374512, 383.540649414, 603.712097168, 427.284301758, 243.026992798, 217.490447998, 165.285217285, 145.167694092, 49.0035400391, 52.5606803894, 6.00375318527], [435.37020874, 267.012908936, 404.354187012, 400.611877441, 427.284301758, 568.216308594, 335.463317871, 293.453552246, 160.336013794, 166.331069946, 37.1647567749, 74.1586380005, -10.51359272], [35.2861633301, 243.711959839, 216.970092773, 284.289703369, 243.026992798, 335.463317871, 409.535125732, 289.367126465, 178.623626709, 106.33367157, 68.7688980103, 62.6200561523, 34.7153053284], [329.60635376, 244.294540405, 304.892791748, 315.907958984, 217.490447998, 293.453552246, 289.367126465, 378.502105713, 213.825820923, 176.876846313, 62.1098518372, 89.6154022217, 21.3992366791], [150.198959351, 233.191696167, 248.603973389, 203.34262085, 165.285217285, 160.336013794, 178.623626709, 213.825820923, 242.932250977, 171.317825317, 80.6987457275, 54.1199035645, 30.7343788147], [295.565826416, 229.959136963, 237.610702515, 199.122634888, 145.167694092, 166.331069946, 106.33367157, 176.876846313, 171.317825317, 229.914871216, 100.528190613, 83.4693450928, 8.99586677551], [-60.0159339905, 135.827194214, 66.4019012451, 73.1695480347, 49.0035400391, 37.1647567749, 68.7688980103, 62.1098518372, 80.6987457275, 100.528190613, 131.040771484, 76.2030715942, 43.9439163208], [125.533470154, 123.277229309, 106.781509399, 92.6878128052, 52.5606803894, 74.1586380005, 62.6200561523, 89.6154022217, 54.1199035645, 83.4693450928, 76.2030715942, 115.151954651, 51.9195098877], [-189.244308472, 73.7354888916, -5.76285505295, 9.34517478943, 6.00375318527, -10.51359272, 34.7153053284, 21.3992366791, 30.7343788147, 8.99586677551, 43.9439163208, 51.9195098877, 88.7604446411]], "icov": [[0.00014483074483, 6.26675864623e-06, -0.000108983142127, -8.81921296241e-05, 8.59165957081e-05, -3.51849921572e-05, 8.77342026797e-05, -1.17727613542e-05, -7.04538706486e-06, -5.3806379583e-05, 0.000203587653232, -0.000295226753224, 0.000344129133737], [6.26675864623e-06, 0.000692324189004, -0.0002103044244, 9.11964798433e-06, -7.28880622773e-05, 7.94470615801e-05, -0.000257719482761, 0.000123900230392, -3.30835473505e-06, -0.000439593801275, -6.00997918809e-05, 1.75010645762e-05, -0.000425901409471], [-0.000108983142127, -0.0002103044244, 0.00163977907505, -0.000146719889017, -0.00126837089192, 0.000262478977675, 0.000396390940296, -0.000227621640079, -0.000779134978075, 0.0001015068774, 0.000485375581775, -0.00103333906736, 0.000704619218595], [-8.81921296241e-05, 9.11964798433e-06, -0.000146719889017, 0.00219853408635, -0.000490893668029, -0.00044551078463, -0.000173407926923, -0.000741201802157, 8.46396651468e-05, -0.00034097765456, -0.000229212804697, 4.74934895465e-05, -0.000118706615467], [8.59165957081e-05, -7.28880622773e-05, -0.00126837089192, -0.000490893668029, 0.00512245483696, -0.00350833707489, 0.000613129348494, 0.000697517534718, -0.000913542462513, 0.000803677598014, -0.00125346728601, 0.00179655663669, -0.00115237676073], [-3.51849921572e-05, 7.94470615801e-05, 0.000262478977675, -0.00044551078463, -0.00350833707489, 0.0078989667818, -0.00468544848263, -0.000167651800439, 0.00256502511911, -0.0038153512869, 0.00380454934202, -0.00266142259352, 0.00214052968659], [8.77342026797e-05, -0.000257719482761, 0.000396390940296, -0.000173407926923, 0.000613129348494, -0.00468544848263, 0.0100109018385, -0.00512223271653, -0.00312777911313, 0.00599408475682, -0.0051308250986, 0.00226790667512, -0.00114265060984], [-1.17727613542e-05, 0.000123900230392, -0.000227621640079, -0.000741201802157, 0.000697517534718, -0.000167651800439, -0.00512223271653, 0.0111644053832, -0.00437442911789, -0.00280674640089, 0.00500829005614, -0.00539608858526, 0.00165596045554], [-7.04538706486e-06, -3.30835473505e-06, -0.000779134978075, 8.46396651468e-05, -0.000913542462513, 0.00256502511911, -0.00312777911313, -0.00437442911789, 0.0163647364825, -0.00985928159207, -0.00118873501197, 0.00741234282032, -0.00584270991385], [-5.3806379583e-05, -0.000439593801275, 0.0001015068774, -0.00034097765456, 0.000803677598014, -0.0038153512869, 0.00599408475682, -0.00280674640089, -0.00985928159207, 0.0193502381444, -0.00857112091035, -0.00504722772166, 0.00676748668775], [0.000203587653232, -6.00997918809e-05, 0.000485375581775, -0.000229212804697, -0.00125346728601, 0.00380454934202, -0.0051308250986, 0.00500829005614, -0.00118873501197, -0.00857112091035, 0.0208641123027, -0.00979157630354, -0.00144737050869], [-0.000295226753224, 1.75010645762e-05, -0.00103333906736, 4.74934895465e-05, 0.00179655663669, -0.00266142259352, 0.00226790667512, -0.00539608858526, 0.00741234282032, -0.00504722772166, -0.00979157630354, 0.0264795534313, -0.0134352650493], [0.000344129133737, -0.000425901409471, 0.000704619218595, -0.000118706615467, -0.00115237676073, 0.00214052968659, -0.00114265060984, 0.00165596045554, -0.00584270991385, 0.00676748668775, -0.00144737050869, -0.0134352650493, 0.0227038189769]]}, "melbands": {"dmean": [0.00651221582666, 0.00245000398718, 0.00146000669338, 0.000834391568787, 0.000262993300566, 0.000133477864438, 0.000118498493975, 9.1726797109e-05, 6.88227446517e-05, 7.52028499846e-05, 4.94831292599e-05, 4.18277704739e-05, 3.80850578949e-05, 3.99060809286e-05, 2.40385852521e-05, 3.51392081939e-05, 1.79972412298e-05, 1.74086890183e-05, 1.67021062225e-05, 1.54028730321e-05, 1.16133824122e-05, 1.17047602544e-05, 8.94132699614e-06, 1.09900001917e-05, 1.27057028294e-05, 1.04966939034e-05, 9.44336534303e-06, 8.21355934022e-06, 8.83476786839e-06, 9.99314397632e-06, 1.54616263899e-05, 1.33601752168e-05, 6.98213034411e-06, 5.73294528294e-06, 4.19190564571e-06, 3.71547139366e-06, 2.64723848886e-06, 2.19170351556e-06, 2.46026093009e-06, 2.03353329198e-06], "dmean2": [0.0104935821146, 0.00401468900964, 0.00260387989692, 0.00150821974967, 0.000482584728161, 0.000238860811805, 0.000202696232009, 0.000161822361406, 0.000114892420243, 0.000126443672343, 8.20324421511e-05, 7.22234908608e-05, 6.44178071525e-05, 6.69892906444e-05, 4.084448301e-05, 5.18771048519e-05, 2.93252924166e-05, 2.92321528832e-05, 2.85202168016e-05, 2.59587632172e-05, 1.88922622328e-05, 1.96003093151e-05, 1.44973591887e-05, 1.76952326001e-05, 2.11809619941e-05, 1.73739517777e-05, 1.53400415002e-05, 1.30234548124e-05, 1.43332017615e-05, 1.64149150805e-05, 2.60072702076e-05, 2.21105692617e-05, 1.1162809642e-05, 9.01355542737e-06, 6.45573754809e-06, 5.80334699407e-06, 3.99051305067e-06, 3.19771493196e-06, 3.64267498298e-06, 3.00096280625e-06], "dvar": [0.000128855463117, 1.720068758e-05, 2.2481824999e-05, 5.26630628883e-06, 6.67141648591e-07, 1.80518895831e-07, 1.12360652338e-07, 4.05110469615e-08, 1.68617066976e-08, 2.68960089755e-08, 1.04572661641e-08, 9.22412901616e-09, 6.08758687903e-09, 9.74461222825e-09, 2.29011121178e-09, 1.40730378462e-08, 1.39872724514e-09, 1.08391862153e-09, 1.46184175875e-09, 8.78940475957e-10, 3.88324455924e-10, 4.78451278596e-10, 2.48246340151e-10, 3.10300452e-10, 4.13729495108e-10, 3.0661650996e-10, 2.54761350904e-10, 1.68044522741e-10, 1.50589360426e-10, 2.41096032028e-10, 6.97970514718e-10, 5.65996693958e-10, 1.24609225716e-10, 7.64739868653e-11, 3.61784699421e-11, 2.66126860132e-11, 1.19429631115e-11, 8.04910738755e-12, 1.20120987809e-11, 7.68341553575e-12], "dvar2": [0.000374165916583, 4.24883401138e-05, 6.19322090643e-05, 1.45059120769e-05, 1.92412358047e-06, 5.19755872119e-07, 3.04796486716e-07, 1.12618053549e-07, 4.2345657647e-08, 6.83261802692e-08, 2.7392037083e-08, 2.59014996118e-08, 1.66874389862e-08, 2.5416655447e-08, 6.121546825e-09, 2.52418743685e-08, 3.56386453682e-09, 2.81659406909e-09, 3.75997410984e-09, 2.28696883653e-09, 9.50017731149e-10, 1.2094658608e-09, 6.34644004016e-10, 7.61715024389e-10, 1.09743514276e-09, 8.0015954973e-10, 6.32906060893e-10, 3.83329840092e-10, 3.34380384492e-10, 5.99381766442e-10, 1.74240488704e-09, 1.44650458278e-09, 3.02518871065e-10, 1.79032622061e-10, 8.58318902064e-11, 6.06599701025e-11, 2.52645560722e-11, 1.58940013928e-11, 2.45382932723e-11, 1.6026065891e-11], "max": [0.0947889685631, 0.042448040098, 0.0492598898709, 0.0220707543194, 0.0131566748023, 0.00750696053728, 0.0067466921173, 0.0027260738425, 0.00179022783414, 0.00371788116172, 0.00153328443412, 0.00168765441049, 0.00143323885277, 0.00165753415786, 0.000687208317686, 0.00262214126997, 0.000691815337632, 0.000419147283537, 0.00146727182437, 0.000420160999056, 0.000289457442705, 0.000550796510652, 0.000248927128268, 0.000326004053932, 0.000297748076264, 0.000261240929831, 0.000324500142597, 0.000252110679867, 0.000151982618263, 0.000175431807293, 0.000255756749539, 0.000211084028706, 0.000131493681693, 8.80683219293e-05, 8.17181862658e-05, 6.31514049019e-05, 4.6897395805e-05, 5.43945498066e-05, 7.6202544733e-05, 6.36831318843e-05], "mean": [0.0104066580534, 0.00368592143059, 0.00102153979242, 0.000566522881854, 0.000206614015042, 0.000126064420328, 0.000152698892634, 8.36649851408e-05, 8.11522186268e-05, 8.59893552843e-05, 5.73133365833e-05, 4.84198790218e-05, 4.34714565927e-05, 4.1590177716e-05, 2.38362808886e-05, 4.1443574446e-05, 2.0142266294e-05, 1.91108247236e-05, 1.75067962118e-05, 1.50267187564e-05, 1.28147048599e-05, 1.23820500448e-05, 9.79337619356e-06, 1.30601238197e-05, 1.49001671161e-05, 1.21632228911e-05, 1.33766097861e-05, 1.21562998174e-05, 1.03864185803e-05, 1.06374518509e-05, 1.44087380249e-05, 1.23577965496e-05, 7.53250560592e-06, 6.39023664917e-06, 4.83172061649e-06, 4.421880476e-06, 3.40384031006e-06, 2.85858254756e-06, 2.89753211291e-06, 2.52110362453e-06], "median": [0.0046513476409, 0.0019531743601, 8.92831230885e-05, 3.69573572243e-05, 2.17534270632e-05, 1.55955221999e-05, 2.04915759241e-05, 2.12011073017e-05, 1.94038930204e-05, 2.177749775e-05, 1.34277870529e-05, 1.20918193716e-05, 1.13690775834e-05, 1.02224930743e-05, 7.29019802748e-06, 5.96027211941e-06, 5.66053040529e-06, 5.91993102717e-06, 4.20850619776e-06, 4.44289344159e-06, 4.91299533678e-06, 4.0952031668e-06, 3.59544969797e-06, 4.86752560391e-06, 5.00736041431e-06, 4.75747265227e-06, 4.63485048385e-06, 4.56735642729e-06, 4.18661056756e-06, 3.82790449294e-06, 4.11509336118e-06, 3.61007505489e-06, 2.69993597612e-06, 2.45904197982e-06, 2.16745661419e-06, 2.01681405088e-06, 1.50970811319e-06, 1.2568054899e-06, 1.12101849936e-06, 1.15549642032e-06], "min": [5.9545382605e-24, 7.40856037011e-24, 3.91285989933e-23, 1.45858503886e-23, 1.59856461996e-23, 1.83982021511e-23, 1.10922323529e-23, 3.80511396368e-24, 1.70438115961e-23, 1.53669930788e-23, 2.01531368308e-23, 3.16430189776e-23, 6.78628401111e-24, 4.51550016934e-24, 1.05087853054e-23, 9.875173804e-24, 9.28830231128e-24, 1.41088971967e-23, 1.40693026902e-23, 1.21349021546e-23, 1.18389475754e-23, 7.55280910866e-24, 6.43063553832e-24, 9.84499750779e-24, 7.90591429389e-24, 9.61222437619e-24, 1.18357140345e-23, 1.55513609164e-23, 1.09759471557e-23, 1.05776205191e-23, 1.08216869834e-23, 9.95357316734e-24, 8.39562494435e-24, 1.25273959537e-23, 8.63297425807e-24, 8.84653389347e-24, 7.38021265348e-24, 1.28893292813e-23, 1.27409208792e-23, 1.05281613069e-23], "var": [0.000218067711103, 2.6903961043e-05, 1.45629919643e-05, 3.33579305334e-06, 4.10506885373e-07, 1.30363304152e-07, 1.68345437146e-07, 2.98866424941e-08, 2.77964318229e-08, 4.09736848894e-08, 1.37505349329e-08, 1.05195425704e-08, 8.75535377531e-09, 1.12482281267e-08, 2.08747641395e-09, 2.63599648775e-08, 1.66307090321e-09, 1.25267174411e-09, 2.27113838847e-09, 8.05586986008e-10, 4.23240914538e-10, 5.32120458807e-10, 2.61503790844e-10, 4.31295305026e-10, 5.94530480402e-10, 3.61903701451e-10, 5.43846911949e-10, 4.27255342217e-10, 2.19669324397e-10, 2.58906507344e-10, 6.67686850253e-10, 5.04745023555e-10, 1.45297648912e-10, 9.9933367137e-11, 4.78345175969e-11, 3.84770063033e-11, 2.24054282072e-11, 1.62495294997e-11, 1.9544218674e-11, 1.26051582366e-11]}, "mfcc": {"mean": [-657.580688477, 67.88306427, 14.7796907425, 24.5375156403, 2.95197439194, 13.8018846512, 10.3307542801, 10.4300575256, 8.42538738251, 7.75291585922, 6.22036886215, 3.76215362549, 3.04949975014], "cov": [[8205.58984375, 25.6826133728, 665.882751465, 478.569610596, 372.132415771, 270.223968506, 98.861831665, 148.765640259, 172.567001343, 109.904418945, 254.691390991, 155.12008667, 28.1717815399], [25.6826133728, 1526.31274414, 400.207885742, 143.054458618, 230.151794434, 155.249389648, 102.51625061, 99.2711181641, 119.895904541, 152.581375122, 122.864547729, 98.1494522095, 109.436782837], [665.882751465, 400.207885742, 772.158508301, 356.962554932, 348.875640869, 229.118148804, 162.53125, 177.383773804, 208.223968506, 173.806167603, 172.264785767, 156.371429443, 113.233909607], [478.569610596, 143.054458618, 356.962554932, 502.529632568, 270.364959717, 198.582092285, 156.488998413, 172.534439087, 173.261489868, 155.494842529, 149.513381958, 123.982162476, 105.320106506], [372.132415771, 230.151794434, 348.875640869, 270.364959717, 488.7315979, 303.971466064, 188.244644165, 147.4503479, 166.662536621, 153.421188354, 120.890182495, 114.934356689, 87.7587280273], [270.223968506, 155.249389648, 229.118148804, 198.582092285, 303.971466064, 377.497375488, 247.041412354, 195.397171021, 182.234939575, 139.626419067, 141.207839966, 108.456184387, 84.2105255127], [98.861831665, 102.51625061, 162.53125, 156.488998413, 188.244644165, 247.041412354, 298.574462891, 241.622085571, 181.576309204, 128.675018311, 111.106178284, 92.6117630005, 84.7533111572], [148.765640259, 99.2711181641, 177.383773804, 172.534439087, 147.4503479, 195.397171021, 241.622085571, 291.902130127, 228.979675293, 149.199539185, 125.246162415, 95.2031402588, 88.1865310669], [172.567001343, 119.895904541, 208.223968506, 173.261489868, 166.662536621, 182.234939575, 181.576309204, 228.979675293, 261.274993896, 188.283432007, 143.935272217, 105.153175354, 89.943649292], [109.904418945, 152.581375122, 173.806167603, 155.494842529, 153.421188354, 139.626419067, 128.675018311, 149.199539185, 188.283432007, 209.352706909, 157.454681396, 107.129882812, 83.2384719849], [254.691390991, 122.864547729, 172.264785767, 149.513381958, 120.890182495, 141.207839966, 111.106178284, 125.246162415, 143.935272217, 157.454681396, 194.063659668, 130.857559204, 80.8580856323], [155.12008667, 98.1494522095, 156.371429443, 123.982162476, 114.934356689, 108.456184387, 92.6117630005, 95.2031402588, 105.153175354, 107.129882812, 130.857559204, 148.66003418, 107.74646759], [28.1717815399, 109.436782837, 113.233909607, 105.320106506, 87.7587280273, 84.2105255127, 84.7533111572, 88.1865310669, 89.943649292, 83.2384719849, 80.8580856323, 107.74646759, 127.62033844]], "icov": [[0.00014106897288, 2.36992182181e-05, -8.66459668032e-05, -6.81323072058e-05, -4.93394800287e-05, -1.67496564245e-05, 8.64705143613e-05, -2.84163288597e-05, -5.81180429435e-05, 0.000252196739893, -0.000284665788058, 1.07748110167e-05, 0.000136564718559], [2.36992182181e-05, 0.000828058109619, -0.000455909030279, 0.000239287808654, -0.000129640378873, -8.69868599693e-05, 0.000121832956211, -0.000146368081914, 0.000532133853994, -0.00057962234132, -0.000249879522016, 0.000726417114493, -0.000793448591139], [-8.66459668032e-05, -0.000455909030279, 0.00273118726909, -0.000988890882581, -0.00107536360156, 0.000446965714218, 6.68312932248e-05, 0.00027654733276, -0.00144594011363, 0.00100958975963, -0.000264507718384, -0.00131092441734, 0.000646873144433], [-6.81323072058e-05, 0.000239287808654, -0.000988890882581, 0.00386773166247, -0.00111667322926, 0.000118500698591, 0.000413165864302, -0.00129607273266, 0.000750253384467, -0.000496248190757, -0.00118505337741, 0.00107411073986, -0.00155482813716], [-4.93394800287e-05, -0.000129640378873, -0.00107536360156, -0.00111667322926, 0.00603481754661, -0.00423291465268, 7.28388477e-05, 0.00113054795656, 0.000484621676151, -0.0031936976593, 0.00395214231685, -0.00252066575922, 0.00117699766997], [-1.67496564245e-05, -8.69868599693e-05, 0.000446965714218, 0.000118500698591, -0.00423291465268, 0.0101896664128, -0.00635322881863, 0.00244065700099, -0.00320685165934, 0.00400660047308, -0.00514398189262, 0.00198847521096, -0.000469083606731], [8.64705143613e-05, 0.000121832956211, 6.68312932248e-05, 0.000413165864302, 7.28388477e-05, -0.00635322881863, 0.0161798261106, -0.0126109868288, 0.00524384668097, -0.00301129580475, 0.00268712476827, -0.00148489989806, -0.000593068893068], [-2.84163288597e-05, -0.000146368081914, 0.00027654733276, -0.00129607273266, 0.00113054795656, 0.00244065700099, -0.0126109868288, 0.0227394942194, -0.0158690605313, 0.00582650303841, -0.00281987595372, 0.0019928405527, -0.00128202117048], [-5.81180429435e-05, 0.000532133853994, -0.00144594011363, 0.000750253384467, 0.000484621676151, -0.00320685165934, 0.00524384668097, -0.0158690605313, 0.0260612443089, -0.0153775690123, 0.00342021184042, -0.000411745655583, -0.000670629087836], [0.000252196739893, -0.00057962234132, 0.00100958975963, -0.000496248190757, -0.0031936976593, 0.00400660047308, -0.00301129580475, 0.00582650303841, -0.0153775690123, 0.0257808733732, -0.0149465445429, 0.00492600770667, -0.00318530248478], [-0.000284665788058, -0.000249879522016, -0.000264507718384, -0.00118505337741, 0.00395214231685, -0.00514398189262, 0.00268712476827, -0.00281987595372, 0.00342021184042, -0.0149465445429, 0.0277494154871, -0.0200513675809, 0.00901582092047], [1.07748110167e-05, 0.000726417114493, -0.00131092441734, 0.00107411073986, -0.00252066575922, 0.00198847521096, -0.00148489989806, 0.0019928405527, -0.000411745655583, 0.00492600770667, -0.0200513675809, 0.0371020697057, -0.0218610726297], [0.000136564718559, -0.000793448591139, 0.000646873144433, -0.00155482813716, 0.00117699766997, -0.000469083606731, -0.000593068893068, -0.00128202117048, -0.000670629087836, -0.00318530248478, 0.00901582092047, -0.0218610726297, 0.0252697449178]]}, "spectral_contrast_coeffs": {"dmean": [0.0661482810974, 0.049010310322, 0.043037045747, 0.0295545980334, 0.0212684590369, 0.0257392004132], "dmean2": [0.107733972371, 0.0816412419081, 0.0689501911402, 0.0483088903129, 0.035059068352, 0.0392135232687], "dvar": [0.00318493810482, 0.00158040458336, 0.00124247872736, 0.000672451336868, 0.000286439608317, 0.00059884483926], "dvar2": [0.00771592743695, 0.0042059882544, 0.00322377658449, 0.00151100731455, 0.000732066866476, 0.00136573566124], "max": [-0.240304112434, -0.492637395859, -0.500781536102, -0.558441281319, -0.640385568142, -0.579283833504], "mean": [-0.65866702795, -0.790001809597, -0.805565834045, -0.829002857208, -0.822200000286, -0.772021472454], "median": [-0.672809839249, -0.8045566082, -0.817049205303, -0.837068915367, -0.826605796814, -0.781690716743], "min": [-0.968767344952, -0.97027015686, -0.972838878632, -0.951616346836, -0.960384726524, -0.957260668278], "var": [0.0100237177685, 0.0052717118524, 0.00386445526965, 0.00188894988969, 0.00111920479685, 0.0018611564301]}, "spectral_contrast_valleys": {"dmean": [0.610215306282, 0.682891607285, 0.574813127518, 0.552657306194, 0.549537718296, 0.607657849789], "dmean2": [0.904298305511, 1.04210054874, 0.865053772926, 0.793532967567, 0.768606543541, 0.802122950554], "dvar": [0.303966462612, 0.368312627077, 0.264505058527, 0.251318335533, 0.260771900415, 0.305698782206], "dvar2": [0.575842916965, 0.853532612324, 0.590688467026, 0.547634124756, 0.543175339699, 0.592965304852], "max": [-4.98287010193, -4.38398838043, -4.98512792587, -5.58179235458, -5.39910173416, -7.55234479904], "mean": [-7.88720417023, -7.35146808624, -7.56588888168, -7.81100177765, -7.33658885956, -9.37495708466], "median": [-7.33858299255, -7.29785823822, -7.