{"lowlevel": {"average_loudness": 0.943695306778, "barkbands_crest": {"dmean": 2.55786705017, "dmean2": 3.87728190422, "dvar": 9.72814750671, "dvar2": 19.4240455627, "max": 26.5935497284, "mean": 15.9767522812, "median": 15.6515026093, "min": 2.7064807415, "var": 31.741312027}, "barkbands_flatness_db": {"dmean": 0.0520937666297, "dmean2": 0.0593818798661, "dvar": 0.00305515574291, "dvar2": 0.00492263026536, "max": 0.637521862984, "mean": 0.287500441074, "median": 0.294480472803, "min": 0.0362704135478, "var": 0.0131865870208}, "barkbands_kurtosis": {"dmean": 29.6822414398, "dmean2": 43.1472854614, "dvar": 7983.01611328, "dvar2": 15579.2958984, "max": 2146.12548828, "mean": 36.8985404968, "median": 11.9518051147, "min": -1.97773325443, "var": 11064.3027344}, "barkbands_skewness": {"dmean": 1.67193603516, "dmean2": 2.36935734749, "dvar": 6.00762653351, "dvar2": 11.9472036362, "max": 37.8434028625, "mean": 3.54990315437, "median": 2.79714679718, "min": -8.3775806427, "var": 13.2380638123}, "barkbands_spread": {"dmean": 11.3685894012, "dmean2": 17.6156215668, "dvar": 372.217071533, "dvar2": 836.316223145, "max": 119.066078186, "mean": 14.3550682068, "median": 4.43342256546, "min": 0.109129495919, "var": 481.291473389}, "dissonance": {"dmean": 0.0295435786247, "dmean2": 0.0423885472119, "dvar": 0.000851976452395, "dvar2": 0.00170052202884, "max": 0.499999970198, "mean": 0.407851785421, "median": 0.411409258842, "min": 0.207104548812, "var": 0.00374951516278}, "dynamic_complexity": 3.25896215439, "erbbands_crest": {"dmean": 2.62539744377, "dmean2": 3.91729927063, "dvar": 8.52974319458, "dvar2": 18.2064723969, "max": 30.7579994202, "mean": 11.6209917068, "median": 10.590763092, "min": 2.47904968262, "var": 25.7145576477}, "erbbands_flatness_db": {"dmean": 0.0367911048234, "dmean2": 0.0430021844804, "dvar": 0.00145010033157, "dvar2": 0.00280563253909, "max": 0.473635345697, "mean": 0.202675119042, "median": 0.192667514086, "min": 0.0388836972415, "var": 0.00755493389443}, "erbbands_kurtosis": {"dmean": 3.81131982803, "dmean2": 5.77600812912, "dvar": 30.3591346741, "dvar2": 68.4749832153, "max": 76.7778625488, "mean": 5.37690448761, "median": 3.2225112915, "min": -1.87857246399, "var": 56.4194641113}, "erbbands_skewness": {"dmean": 0.840299904346, "dmean2": 1.21245360374, "dvar": 0.891465485096, "dvar2": 2.00979399681, "max": 7.89088869095, "mean": 1.36828672886, "median": 1.40672540665, "min": -3.0693089962, "var": 2.05257177353}, "erbbands_spread": {"dmean": 20.9776344299, "dmean2": 32.3387680054, "dvar": 776.901000977, "dvar2": 1844.11608887, "max": 201.457778931, "mean": 41.0016555786, "median": 26.225769043, "min": 2.21114778519, "var": 1429.71240234}, "hfc": {"dmean": 12.1982584, "dmean2": 18.4058856964, "dvar": 475.885223389, "dvar2": 1097.56408691, "max": 182.233062744, "mean": 17.3132171631, "median": 8.54821395874, "min": 1.18413326672e-16, "var": 581.52520752}, "melbands_crest": {"dmean": 2.48787617683, "dmean2": 3.64976215363, "dvar": 8.52429294586, "dvar2": 17.1582622528, "max": 32.9511070251, "mean": 19.4949493408, "median": 19.751663208, "min": 2.01922011375, "var": 27.6196498871}, "melbands_flatness_db": {"dmean": 0.0618475601077, "dmean2": 0.0702314451337, "dvar": 0.00452523073182, "dvar2": 0.00733004277572, "max": 0.821579158306, "mean": 0.386640310287, "median": 0.397317230701, "min": 0.00770164607093, "var": 0.0205611791462}, "melbands_kurtosis": {"dmean": 48.7566070557, "dmean2": 77.4973526001, "dvar": 10331.9189453, "dvar2": 25033.8164062, "max": 934.176696777, "mean": 64.1420059204, "median": 23.9384555817, "min": -1.45143926144, "var": 13745.5146484}, "melbands_skewness": {"dmean": 1.98949313164, "dmean2": 3.02083778381, "dvar": 7.55599069595, "dvar2": 18.4411830902, "max": 23.5550308228, "mean": 4.59845018387, "median": 3.528247118, "min": -1.49747753143, "var": 14.950097084}, "melbands_spread": {"dmean": 8.66736602783, "dmean2": 13.7870063782, "dvar": 402.237762451, "dvar2": 949.667236328, "max": 195.921768188, "mean": 11.0698957443, "median": 4.03426122665, "min": 0.260738939047, "var": 532.968200684}, "pitch_salience": {"dmean": 0.0726824849844, "dmean2": 0.104858584702, "dvar": 0.00701187597588, "dvar2": 0.0134286452085, "max": 0.909910082817, "mean": 0.406024098396, "median": 0.420910149813, "min": 0.0456703826785, "var": 0.0253309179097}, "silence_rate_20dB": {"dmean": 0, "dmean2": 0, "dvar": 0, "dvar2": 0, "max": 1, "mean": 1, "median": 1, "min": 1, "var": 0}, "silence_rate_30dB": {"dmean": 0.0650994554162, "dmean2": 0.130238160491, "dvar": 0.0608618594706, "dvar2": 0.123530015349, "max": 1, "mean": 0.903886735439, "median": 1, "min": 0, "var": 0.0868742614985}, "silence_rate_60dB": {"dmean": 0.0168776363134, "dmean2": 0.03376545012, "dvar": 0.0165931303054, "dvar2": 0.0368445366621, "max": 1, "mean": 0.0418800860643, "median": 0, "min": 0, "var": 0.0401266291738}, "spectral_centroid": {"dmean": 420.29574585, "dmean2": 636.476623535, "dvar": 490482.3125, "dvar2": 1011935.75, "max": 11160.7861328, "mean": 810.21295166, "median": 415.464538574, "min": 90.3525924683, "var": 797724.0625}, "spectral_complexity": {"dmean": 2.60819768906, "dmean2": 3.79559850693, "dvar": 21.7480487823, "dvar2": 46.1592445374, "max": 40, "mean": 8.22687530518, "median": 7, "min": 0, "var": 32.2057952881}, "spectral_decrease": {"dmean": 3.64597330105e-09, "dmean2": 4.42143432977e-09, "dvar": 3.4277305793e-17, "dvar2": 6.19815035664e-17, "max": 3.60392746131e-16, "mean": -1.14473648338e-08, "median": -7.88717535727e-09, "min": -8.05071636023e-08, "var": 1.15009485069e-16}, "spectral_energy": {"dmean": 0.014243112877, "dmean2": 0.0173500794917, "dvar": 0.000506081734784, "dvar2": 0.000923648593016, "max": 0.313319981098, "mean": 0.0447752736509, "median": 0.0316326878965, "min": 1.0578425113e-20, "var": 0.00169965194073}, "spectral_energyband_high": {"dmean": 0.00116632599384, "dmean2": 0.00183102115989, "dvar": 5.27496467839e-06, "dvar2": 1.21998091345e-05, "max": 0.0171037167311, "mean": 0.00100732920691, "median": 3.56500968337e-05, "min": 7.53731659361e-21, "var": 5.52680330657e-06}, "spectral_energyband_low": {"dmean": 0.0100764976814, "dmean2": 0.0124812303111, "dvar": 0.00029544273275, "dvar2": 0.000544968002941, "max": 0.193708881736, "mean": 0.0288217980415, "median": 0.018233217299, "min": 3.12214201554e-23, "var": 0.00100690464024}, "spectral_energyband_middle_high": {"dmean": 0.000756150111556, "dmean2": 0.00123117584735, "dvar": 4.26902397521e-06, "dvar2": 1.14023323476e-05, "max": 0.0174480956048, "mean": 0.00083236314822, "median": 0.000307985261315, "min": 1.60400832188e-21, "var": 3.32868444275e-06}, "spectral_energyband_middle_low": {"dmean": 0.00567428627983, "dmean2": 0.00741774449125, "dvar": 0.000126442857436, "dvar2": 0.000246050360147, "max": 0.143442392349, "mean": 0.0143095916137, "median": 0.00888307392597, "min": 2.17963757482e-22, "var": 0.000327527348418}, "spectral_entropy": {"dmean": 0.51601845026, "dmean2": 0.608139336109, "dvar": 0.35902634263, "dvar2": 0.632822811604, "max": 9.79966926575, "mean": 6.62050151825, "median": 6.37898015976, "min": 4.16814899445, "var": 1.36390089989}, "spectral_flux": {"dmean": 0.0337954834104, "dmean2": 0.0475099273026, "dvar": 0.00145586219151, "dvar2": 0.00286792265251, "max": 0.396355181932, "mean": 0.0651261731982, "median": 0.0448861457407, "min": 1.02851470396e-10, "var": 0.00330685451627}, "spectral_kurtosis": {"dmean": 10.3278179169, "dmean2": 16.0725822449, "dvar": 441.049377441, "dvar2": 1134.51599121, "max": 553.665527344, "mean": 22.0794029236, "median": 6.83800888062, "min": -1.2354953289, "var": 2508.2421875}, "spectral_rms": {"dmean": 0.00100314302836, "dmean2": 0.00116295949556, "dvar": 1.58576665399e-06, "dvar2": 2.52698509939e-06, "max": 0.0174836497754, "mean": 0.00594514841214, "median": 0.0055552823469, "min": 3.21254025985e-12, "var": 8.3384966274e-06}, "spectral_rolloff": {"dmean": 943.109375, "dmean2": 1661.26074219, "dvar": 5452244.5, "dvar2": 12632648, "max": 19832.0800781, "mean": 1208.33093262, "median": 322.998046875, "min": 86.1328125, "var": 8703476}, "spectral_skewness": {"dmean": 0.818387687206, "dmean2": 1.16105651855, "dvar": 1.04441070557, "dvar2": 2.21802830696, "max": 19.5905399323, "mean": 2.91253972054, "median": 2.29593682289, "min": -0.0506435409188, "var": 5.85959196091}, "spectral_spread": {"dmean": 1622371.375, "dmean2": 2272277.5, "dvar": 4259899244540.0, "dvar2": 8411621097470.0, "max": 41478992, "mean": 5442544.5, "median": 4936096, "min": 192530.296875, "var": 13702140002300.0}, "spectral_strongpeak": {"dmean": 0.236626923084, "dmean2": 0.371874123812, "dvar": 0.292630702257, "dvar2": 0.760517537594, "max": 11.2625226974, "mean": 0.682461261749, "median": 0.504307746887, "min": 0, "var": 0.402208775282}, "zerocrossingrate": {"dmean": 0.0209681335837, "dmean2": 0.0252986215055, "dvar": 0.000955384864938, "dvar2": 0.00119804858696, "max": 0.76416015625, "mean": 0.0449894033372, "median": 0.01708984375, "min": 0.00244140625, "var": 0.00683175260201}, "barkbands": {"dmean": [3.83860933653e-05, 0.00887145940214, 0.00197834358551, 0.000111376248242, 0.00261042336933, 0.00147917761933, 0.00209616706707, 0.000331673538312, 3.48207977368e-05, 7.36127694836e-05, 2.64121135842e-05, 3.09754868795e-05, 0.00011244534835, 0.000227995071327, 0.000193072599359, 2.51437068073e-05, 6.19271231699e-05, 4.137869837e-05, 7.03292243998e-05, 7.94391235104e-05, 0.000164765864611, 0.000196606240934, 0.000195747343241, 0.000141681419336, 0.000249082804658, 0.0001857089228, 2.02213486773e-05], "dmean2": [6.57011405565e-05, 0.0113537134603, 0.00232707592659, 0.000182049931027, 0.00399687793106, 0.00197535380721, 0.00288146780804, 0.000442128774012, 4.82560753881e-05, 9.63272686931e-05, 3.93561094825e-05, 5.18404958711e-05, 0.000200088587007, 0.000391550216591, 0.000344806059729, 4.22857156082e-05, 0.000105461775092, 6.52196249575e-05, 0.000111244866275, 0.00012164486543, 0.000267491908744, 0.000308520509861, 0.00031656230567, 0.000218315835809, 0.000410608568927, 0.000305103952996, 3.31121773343e-05], "dvar": [3.56707019478e-09, 0.000227871758398, 1.68626393133e-05, 6.85717509441e-08, 3.05998473777e-05, 9.0535986601e-06, 4.63947217213e-05, 7.42702468415e-07, 4.32454250188e-09, 2.02780086056e-08, 2.34760944018e-09, 1.05180140153e-08, 1.40290225659e-07, 6.65080960971e-07, 5.03347678205e-07, 4.71208227992e-09, 2.61648143152e-08, 1.49338159616e-08, 3.13570822641e-08, 4.4527716625e-08, 1.41570595247e-07, 2.12767659491e-07, 1.84326680142e-07, 7.47310338056e-08, 2.12667600863e-07, 1.29348848077e-07, 1.66567593052e-09], "dvar2": [9.87900428129e-09, 0.000477233319543, 1.91175186046e-05, 1.81763752494e-07, 6.73477625242e-05, 1.43458892126e-05, 0.000110604036308, 1.75019965809e-06, 8.45708658659e-09, 3.98913542199e-08, 4.9710671135e-09, 2.7788676249e-08, 3.94394305658e-07, 1.81841255653e-06, 1.4101439092e-06, 1.25305952281e-08, 7.32771709977e-08, 4.25622062039e-08, 8.47158005968e-08, 1.0918960669e-07, 3.51631939566e-07, 5.33956495019e-07, 4.56042869246e-07, 1.62519953051e-07, 5.02887473885e-07, 3.08283119921e-07, 4.00506072751e-09], "max": [0.000691144843586, 0.173030227423, 0.0678078457713, 0.00337131973356, 0.0822790712118, 0.0699436664581, 0.101534515619, 0.0120775820687, 0.00116250792053, 0.0036635834258, 0.000807783566415, 0.00107254704926, 0.00314658205025, 0.00742477597669, 0.00697061372921, 0.000563737761695, 0.0021484408062, 0.002907180693, 0.0026598663535, 0.00181211822201, 0.00294686038978, 0.00369678623974, 0.00399667723104, 0.00179079570808, 0.00322559196502, 0.00267572025768, 0.00030693563167], "mean": [8.18844637251e-05, 0.0245879366994, 0.00401531532407, 0.000219107678276, 0.00533299986273, 0.00447524199262, 0.0032864571549, 0.000811124278698, 7.50722902012e-05, 0.000148180130054, 5.48231328139e-05, 2.65744638455e-05, 9.6402138297e-05, 0.000165605553775, 0.000129866588395, 2.17460492422e-05, 7.23507619114e-05, 4.90569436806e-05, 8.77273705555e-05, 7.15415517334e-05, 0.000131743086968, 0.000164534372743, 0.000164049386512, 0.000125513950479, 0.000211049686186, 0.000152768800035, 1.66363006429e-05], "median": [4.76111672469e-05, 0.0142255928367, 0.0010585130658, 0.000151309068315, 0.00244568916969, 0.00211119139567, 0.00065592280589, 0.000236969543039, 2.70904147328e-05, 6.65918269078e-05, 2.94099136227e-05, 4.66578285341e-06, 1.45937265188e-05, 6.14748023509e-06, 4.74792204841e-06, 3.26240797222e-06, 1.94557705981e-05, 8.14070881461e-06, 1.15879274745e-05, 4.51947198599e-06, 5.38699077879e-06, 6.21843355475e-06, 4.15725980929e-06, 3.07002756017e-06, 4.92721073897e-06, 2.3777847673e-06, 2.24967962481e-07], "min": [4.15619572069e-24, 2.0451013864e-23, 6.85515314586e-24, 5.87392219801e-24, 6.89256739864e-23, 1.17550514292e-23, 4.53918390364e-23, 4.90904260123e-23, 3.1167408427e-23, 5.35629486451e-23, 8.4411284924e-23, 1.57828474158e-22, 9.98807652339e-23, 1.26753261483e-22, 1.99449760016e-22, 6.12280008277e-23, 1.29922134672e-22, 1.40882631198e-22, 3.45447239106e-22, 4.1803256505e-22, 3.73275475052e-22, 7.78298802385e-22, 5.98060620066e-22, 6.99088079823e-22, 9.76541744056e-22, 1.85177870273e-21, 2.25096625165e-21], "var": [8.79591155467e-09, 0.000772211176809, 6.05314089626e-05, 7.45452624074e-08, 5.63398971281e-05, 4.30326472269e-05, 7.2042173997e-05, 1.68230974396e-06, 1.44179335138e-08, 7.00769930972e-08, 5.01880448311e-09, 7.58246354593e-09, 9.12038089496e-08, 4.42653572463e-07, 3.11988912927e-07, 3.7395042618e-09, 2.54701948421e-08, 1.54138835029e-08, 4.75294754665e-08, 4.1256210892e-08, 1.25134548057e-07, 1.90498184338e-07, 1.70066087435e-07, 8.51481516406e-08, 2.15027498029e-07, 1.25585074784e-07, 1.59749602435e-09]}, "erbbands": {"dmean": [0.154557272792, 2.30993628502, 3.2978720665, 0.619600653648, 0.643350660801, 8.61558914185, 21.2465591431, 11.1345005035, 31.5685329437, 18.6040916443, 3.2947101593, 1.04020082951, 2.58423709869, 0.795018792152, 1.21536958218, 1.48834645748, 4.50394010544, 9.42146682739, 13.7161855698, 4.88419008255, 1.55347883701, 2.7662062645, 3.31335139275, 3.37445235252, 3.14509010315, 3.95181751251, 4.04462146759, 8.83662605286, 7.34552240372, 5.89086294174, 5.33079147339, 2.78503704071, 2.6583981514, 2.17772006989, 2.16735124588, 1.06014943123, 0.307884812355, 0.0337757691741, 0.00399296125397, 0.000179955823114], "dmean2": [0.180568233132, 3.01423048973, 4.0143198967, 0.839940905571, 0.937554776669, 12.9631443024, 32.4742393494, 14.9822902679, 40.7343711853, 26.49949646, 4.40028715134, 1.3788818121, 3.45136260986, 1.04439806938, 1.80599617958, 2.47987556458, 7.88951158524, 16.0635585785, 24.5493297577, 8.43325328827, 2.60334038734, 4.53835535049, 5.49029874802, 5.46557760239, 4.77014923096, 6.10831689835, 6.26524829865, 14.6384248734, 11.7158813477, 9.17772006989, 8.72534561157, 4.43735408783, 4.10106515884, 3.56445837021, 3.5964641571, 1.74832224846, 0.5072286129, 0.0554426424205, 0.00658472906798, 0.000290637573926], "dvar": [0.0616116635501, 16.368894577, 47.7020606995, 1.21124482155, 1.59755289555, 365.445251465, 1923.43164062, 487.691833496, 8974.359375, 2700.34692383, 59.4680862427, 3.40134882927, 29.4298248291, 1.84036195278, 5.150349617, 23.1033668518, 217.085861206, 1006.45794678, 2646.80810547, 267.675323486, 14.7402048111, 39.2190856934, 86.0959243774, 118.539596558, 65.1501159668, 114.20475769, 89.3663253784, 430.978088379, 315.420654297, 146.720367432, 145.697860718, 33.8354797363, 25.0256271362, 16.4147033691, 17.4229030609, 4.27137899399, 0.345014631748, 0.00421328749508, 6.54464165564e-05, 1.28222183093e-07], "dvar2": [0.100450754166, 34.7127571106, 58.1603050232, 2.14022040367, 3.42148113251, 759.365661621, 4266.11914062, 856.378723145, 20231.2519531, 6825.11132812, 137.628952026, 6.35575532913, 58.7825813293, 3.39882993698, 10.8454055786, 61.8887138367, 605.696411133, 2712.72607422, 7429.07910156, 729.107421875, 40.0678977966, 105.179443359, 245.681625366, 319.380096436, 153.06993103, 280.186309814, 211.35609436, 1106.24658203, 803.375244141, 345.640380859, 363.317382812, 80.5093536377, 53.3837852478, 37.1491165161, 42.3794059753, 10.1885128021, 0.826384723186, 0.00994255486876, 0.000158891591127, 3.10906159484e-07], "max": [3.34362840652, 46.0841255188, 93.6176986694, 15.8557634354, 20.8851680756, 299.203369141, 562.181091309, 533.448364258, 1408.30212402, 897.730773926, 99.5421981812, 32.4312400818, 138.952529907, 21.0273742676, 42.1652297974, 51.4546394348, 137.458709717, 257.699707031, 527.689025879, 160.100006104, 36.6084327698, 80.898979187, 205.146621704, 173.236923218, 181.819351196, 92.6762619019, 67.3302154541, 174.7631073, 135.532669067, 121.991210938, 101.7603302, 40.705242157, 33.1228294373, 26.0641746521, 30.6505222321, 18.7797889709, 3.63160872459, 0.43920442462, 0.0605208948255, 0.002690856345], "mean": [0.481434613466, 6.16818714142, 7.63927030563, 1.60071611404, 1.68369293213, 19.1786003113, 46.1666870117, 32.8296775818, 57.4596977234, 30.6569652557, 7.90893793106, 2.47634887695, 5.02208042145, 1.99582457542, 2.3657810688, 1.41780054569, 4.14203214645, 7.17957353592, 9.05827999115, 3.60786771774, 1.55811405182, 3.43507480621, 3.65424418449, 4.2893743515, 3.77900242805, 3.57419204712, 3.54693198204, 6.74777269363, 5.92515039444, 5.4189209938, 4.39280986786, 2.33148550987, 2.39687943459, 1.9126304388, 1.77604234219, 0.877960264683, 0.254351198673, 0.0281002745032, 0.003254174022, 0.000190033184481], "median": [0.227815747261, 3.54450511932, 3.41775631905, 1.00681006908, 1.00629448891, 6.26256847382, 20.6804847717, 18.3095798492, 14.8660888672, 10.519036293, 3.17251467705, 1.14417088032, 1.88701415062, 1.22248959541, 1.32136166096, 0.435160160065, 0.714379906654, 0.439601540565, 0.292790263891, 0.266900122166, 0.413840949535, 0.967132091522, 0.729777872562, 0.445015072823, 0.610378146172, 0.293015301228, 0.24868786335, 0.20237018168, 0.200791046023, 0.170789733529, 0.105328679085, 0.0651612505317, 0.0534178726375, 0.0477330386639, 0.0375161021948, 0.0188097599894, 0.00419267872348, 0.000499738904182, 7.2076516517e-05, 5.89595038036e-05], "min": [6.28223126985e-22, 4.4394621917e-21, 9.76853370619e-21, 1.13942626883e-20, 1.67482929238e-19, 2.1746622248e-19, 1.36221537917e-19, 8.84178979001e-20, 4.58588518009e-19, 1.04913850331e-18, 7.47128451014e-19, 8.04791986997e-19, 1.3742093171e-18, 1.93767058491e-18, 3.80093544653e-18, 6.62414919929e-18, 5.07930875524e-18, 4.56270054829e-18, 1.23729932452e-17, 6.34778691586e-18, 3.48612374028e-18, 7.14227197394e-18, 7.86835457202e-18, 9.56668458259e-18, 2.21766146152e-17, 2.43875525873e-17, 1.45665877213e-17, 1.47838036958e-17, 2.48888736693e-17, 2.8621001751e-17, 1.65531413717e-17, 1.30732322394e-17, 1.26243601984e-17, 9.81643770648e-18, 7.81690311074e-18, 6.30285984166e-18, 3.43634359743e-18, 1.51684224147e-18, 3.34612652354e-19, 3.02288922019e-20], "var": [0.364677727222, 50.2297134399, 156.969818115, 3.56396245956, 5.10737991333, 854.790893555, 4398.81005859, 1980.04614258, 16951.4863281, 3479.50830078, 130.304901123, 12.4562215805, 98.8058929443, 6.97546815872, 9.17021942139, 16.5228862762, 145.592651367, 703.948120117, 1625.01599121, 180.784896851, 12.2303943634, 43.5567855835, 83.6224212646, 185.773727417, 97.0299301147, 104.128997803, 87.2013702393, 354.184417725, 268.125762939, 156.38861084, 129.278244019, 33.0873374939, 29.4640846252, 17.6992759705, 16.7481975555, 4.14100790024, 0.335233539343, 0.00416829017922, 6.08945847489e-05, 1.24208071384e-07]}, "gfcc": {"mean": [-91.5116958618, 111.795921326, -48.2134819031, 34.519695282, -51.2575149536, -4.38474988937, -32.1450309753, 9.60708618164, -12.0665054321, 10.717581749, -1.88804554939, 11.1445245743, -4.30348920822], "cov": [[20439.3652344, -3844.68457031, -1056.1505127, 1275.59362793, -1348.82141113, 735.567871094, -1055.12854004, 599.92388916, -396.008026123, 1159.3996582, -405.089935303, 353.27154541, -538.289428711], [-3844.68457031, 6906.56640625, -530.505432129, -1132.08862305, 866.868164062, -955.877685547, 693.209716797, -301.642852783, 385.970550537, -771.66204834, 613.060668945, -82.9485778809, 546.668762207], [-1056.1505127, -530.505432129, 1365.44128418, 559.73614502, 182.949401855, 383.231689453, 246.993179321, 216.881668091, 47.2075233459, 57.2235679626, -124.968696594, -63.3292922974, -123.167221069], [1275.59362793, -1132.08862305, 559.73614502, 884.045837402, 124.152107239, 302.506286621, 97.9708709717, 289.848754883, 12.4626760483, 120.466018677, -154.437026978, -39.4662246704, -149.361633301], [-1348.82141113, 866.868164062, 182.949401855, 124.152107239, 634.445922852, 153.430358887, 344.070251465, 51.8037834167, 114.498344421, -118.112113953, 66.4995422363, -111.289611816, 34.4116821289], [735.567871094, -955.877685547, 383.231689453, 302.506286621, 153.430358887, 547.141235352, 86.0773773193, 100.557914734, -27.343788147, 177.784042358, -115.525390625, -62.3622055054, -139.71812439], [-1055.12854004, 693.209716797, 246.993179321, 97.9708709717, 344.070251465, 86.0773773193, 379.373931885, 94.5167541504, 106.778503418, -99.4879226685, 72.8283691406, -67.963180542, 28.845539093], [599.92388916, -301.642852783, 216.881668091, 289.848754883, 51.8037834167, 100.557914734, 94.5167541504, 287.446563721, 19.7210712433, 30.8453159332, -33.9847755432, 0.290994346142, -76.9325027466], [-396.008026123, 385.970550537, 47.2075233459, 12.4626760483, 114.498344421, -27.343788147, 106.778503418, 19.7210712433, 160.596389771, -12.267996788, 24.0558643341, -13.8147153854, 35.6542167664], [1159.3996582, -771.66204834, 57.2235679626, 120.466018677, -118.112113953, 177.784042358, -99.4879226685, 30.8453159332, -12.267996788, 219.413833618, -45.0099258423, 3.10884022713, -80.7495498657], [-405.089935303, 613.060668945, -124.968696594, -154.437026978, 66.4995422363, -115.525390625, 72.8283691406, -33.9847755432, 24.0558643341, -45.0099258423, 150.108703613, 15.5611438751, 48.9030532837], [353.27154541, -82.9485778809, -63.3292922974, -39.4662246704, -111.289611816, -62.3622055054, -67.963180542, 0.290994346142, -13.8147153854, 3.10884022713, 15.5611438751, 111.286384583, 45.0969276428], [-538.289428711, 546.668762207, -123.167221069, -149.361633301, 34.4116821289, -139.71812439, 28.845539093, -76.9325027466, 35.6542167664, -80.7495498657, 48.9030532837, 45.0969276428, 161.536071777]], "icov": [[0.000188222489669, -0.00026461694506, 0.000379563105525, -0.000482504576212, 0.000366321590263, -0.000339133897796, 7.83384166425e-05, -0.000216989254113, 0.000401130644605, -0.000961658195592, 0.000502765644342, -0.000656182295643, 0.00033902953146], [-0.00026461694506, 0.000963431317359, -0.0006466054474, 0.00108899408951, -0.000896107812878, 0.00087532150792, -0.000180788440048, 0.00020831071015, -0.00116830097977, 0.00219911849126, -0.00182612461504, 0.00154197576921, -0.00106930872425], [0.000379563105525, -0.0006466054474, 0.00203077914193, -0.00156803696882, 0.00117923482321, -0.00131958490238, -0.000710598251317, -0.000320369174005, 0.000706439954229, -0.00172821560409, 0.00166747439653, -0.00160618743394, 0.00105713470839], [-0.000482504576212, 0.00108899408951, -0.00156803696882, 0.00416365172714, -0.00217665312812, 0.00180709024426, -0.000657279742882, -0.00109662511386, -0.000929474888835, 0.00151620665565, 0.00028612598544, 0.00138048222288, -0.00052609492559], [0.000366321590263, -0.000896107812878, 0.00117923482321, -0.00217665312812, 0.00587619980797, -0.00382113317028, -0.000836521445308, -0.000259741238551, -0.000793958490249, 0.00112007989082, -0.00127604976296, 0.00163631723262, -0.000726676953491], [-0.000339133897796, 0.00087532150792, -0.00131958490238, 0.00180709024426, -0.00382113317028, 0.00786622054875, -0.00355303683318, 0.00114444002975, 0.00222690566443, -0.00441962527111, 0.00383731001057, -0.000805695832241, 0.00173207919579], [7.83384166425e-05, -0.000180788440048, -0.000710598251317, -0.000657279742882, -0.000836521445308, -0.00355303683318, 0.0102250557393, -0.00274264905602, -0.00347995059565, 0.00457294285297, -0.00590538419783, 0.00367765733972, -0.00248860847205], [-0.000216989254113, 0.00020831071015, -0.000320369174005, -0.00109662511386, -0.000259741238551, 0.00114444002975, -0.00274264905602, 0.00688074342906, -0.000404585589422, 0.000501427915879, 0.000549387768842, -0.00238062953576, 0.00296390824951], [0.000401130644605, -0.00116830097977, 0.000706439954229, -0.000929474888835, -0.000793958490249, 0.00222690566443, -0.00347995059565, -0.000404585589422, 0.0115032605827, -0.00779304327443, 0.00517038395628, -0.00294764968567, 0.000316672696499], [-0.000961658195592, 0.00219911849126, -0.00172821560409, 0.00151620665565, 0.00112007989082, -0.00441962527111, 0.00457294285297, 0.000501427915879, -0.00779304327443, 0.0196774862707, -0.0102121140808, 0.00655802851543, -0.00238432874903], [0.000502765644342, -0.00182612461504, 0.00166747439653, 0.00028612598544, -0.00127604976296, 0.00383731001057, -0.00590538419783, 0.000549387768842, 0.00517038395628, -0.0102121140808, 0.0191464666277, -0.00823647156358, 0.00455529848114], [-0.000656182295643, 0.00154197576921, -0.00160618743394, 0.00138048222288, 0.00163631723262, -0.000805695832241, 0.00367765733972, -0.00238062953576, -0.00294764968567, 0.00655802851543, -0.00823647156358, 0.0195742435753, -0.00923144165426], [0.00033902953146, -0.00106930872425, 0.00105713470839, -0.00052609492559, -0.000726676953491, 0.00173207919579, -0.00248860847205, 0.00296390824951, 0.000316672696499, -0.00238432874903, 0.00455529848114, -0.00923144165426, 0.0147039126605]]}, "melbands": {"dmean": [0.0020287646912, 0.00223861820996, 0.000117102943477, 0.000221257592784, 0.000758676673286, 0.000252618687227, 0.000480954913655, 0.000174206783413, 1.82651001523e-05, 6.07964057053e-06, 1.28305600811e-05, 3.0660316952e-06, 3.91769663111e-06, 3.4486442928e-06, 5.2514883464e-06, 1.25559799926e-05, 1.87958357856e-05, 2.3320546461e-05, 1.30550888571e-05, 2.47891284744e-06, 1.7335355551e-06, 2.56920498032e-06, 4.457842806e-06, 1.96156406673e-06, 2.98472718896e-06, 2.19789399125e-06, 2.18525337914e-06, 2.69780548479e-06, 2.34992899095e-06, 3.15959778163e-06, 6.015703093e-06, 4.51151527159e-06, 3.13618420478e-06, 3.49372612618e-06, 3.36971447723e-06, 2.36455957747e-06, 1.51919402924e-06, 1.86084412235e-06, 1.97596455109e-06, 1.6925230284e-06], "dmean2": [0.00251771765761, 0.00283423671499, 0.000154334717081, 0.000323223241139, 0.00115634524263, 0.000337967008818, 0.000631700386293, 0.000250168784987, 2.44567818299e-05, 8.2438782556e-06, 1.71861393028e-05, 4.07538800573e-06, 5.85911493545e-06, 5.54949383513e-06, 8.90476349014e-06, 2.23468468903e-05, 3.2033851312e-05, 4.16105904151e-05, 2.31699650612e-05, 4.09605490859e-06, 2.98376903629e-06, 4.13808083977e-06, 7.64944797993e-06, 3.13973350785e-06, 4.87460420118e-06, 3.3229687233e-06, 3.26263671013e-06, 4.21773984272e-06, 3.69521376342e-06, 5.10002610099e-06, 1.01979594547e-05, 7.46915975469e-06, 4.72727651868e-06, 5.57495923204e-06, 5.60560783924e-06, 3.84742543247e-06, 2.41674229073e-06, 2.85786677523e-06, 3.17369540426e-06, 2.78815105048e-06], "dvar": [1.09163520392e-05, 1.83884312719e-05, 4.2721339355e-08, 2.40672363816e-07, 2.34953085965e-06, 2.75452833876e-07, 2.19132243728e-06, 2.16407244125e-07, 1.74291225896e-09, 1.21970170075e-10, 7.31960325684e-10, 3.25014008762e-11, 5.03171879163e-11, 9.36087526937e-11, 2.92122742662e-10, 1.79342884987e-09, 4.05954780902e-09, 7.85103360101e-09, 2.29646990313e-09, 4.23105786518e-11, 1.99165961501e-11, 2.65219478324e-11, 1.58662402661e-10, 2.83058229633e-11, 1.09037223694e-10, 3.95418142674e-11, 2.514236562e-11, 5.67729786793e-11, 3.42749058302e-11, 5.30072236105e-11, 2.12076467498e-10, 1.39935979471e-10, 4.14716559705e-11, 5.39538899669e-11, 5.90197821171e-11, 3.44192035984e-11, 9.5181076562e-12, 1.27688545501e-11, 1.41690504815e-11, 9.94567882912e-12], "dvar2": [2.20177626034e-05, 3.00760548271e-05, 7.5075639927e-08, 4.86225701479e-07, 5.20171943208e-06, 4.66617279926e-07, 5.06185233462e-06, 5.49115100057e-07, 4.01319422139e-09, 2.44089748414e-10, 1.46148260161e-09, 6.03525007747e-11, 1.078071174e-10, 2.40304720567e-10, 8.05241651136e-10, 5.01680963438e-09, 1.0919455562e-08, 2.20256595185e-08, 6.41048814032e-09, 1.06685341117e-10, 5.60483048861e-11, 6.97808269501e-11, 4.46216508188e-10, 7.97415744547e-11, 2.91122681517e-10, 9.27892138125e-11, 6.04056665798e-11, 1.39303776847e-10, 8.35690336376e-11, 1.253248616e-10, 5.60540891481e-10, 3.69716035564e-10, 9.62831897544e-11, 1.29976876484e-10, 1.48554321622e-10, 8.96017288143e-11, 2.23470235372e-11, 2.7325650423e-11, 3.13717073153e-11, 2.28248461798e-11], "max": [0.0369221940637, 0.0437564365566, 0.00329064624384, 0.00772285927087, 0.0190399531275, 0.0139281209558, 0.0220673177391, 0.00788155198097, 0.000521531328559, 0.000175889828824, 0.000691017368808, 9.2124872026e-05, 0.000110465844045, 9.89506515907e-05, 0.000180073140655, 0.000328066467773, 0.000518804066814, 0.000916982302442, 0.000463300762931, 4.92089238833e-05, 4.90475213155e-05, 6.42289232928e-05, 0.000147170212585, 0.000119643205835, 0.000167323567439, 0.000153656976181, 4.30966319982e-05, 6.45770560368e-05, 4.39074501628e-05, 5.72189346713e-05, 0.000120777542179, 8.93282922334e-05, 5.9903406509e-05, 8.33041849546e-05, 6.90188244334e-05, 4.5957891416e-05, 2.26717002079e-05, 2.46478466579e-05, 2.4858971301e-05, 2.20133952098e-05], "mean": [0.00588004710153, 0.00579052232206, 0.000289784773486, 0.000537711021025, 0.00162451004144, 0.00076410965994, 0.000840544875246, 0.000298480532365, 4.55428780697e-05, 1.36001044666e-05, 2.45726150752e-05, 7.39110691939e-06, 8.12659618532e-06, 3.67831898984e-06, 5.49931246496e-06, 1.00964844023e-05, 1.42156804941e-05, 1.53967903316e-05, 8.83735447132e-06, 2.20320021072e-06, 1.71423960182e-06, 3.36411721946e-06, 4.59992043034e-06, 2.30793807532e-06, 3.65746723219e-06, 2.64033383246e-06, 2.28342764785e-06, 2.3684124244e-06, 2.03429544854e-06, 2.71523413176e-06, 4.37187873104e-06, 3.44148770637e-06, 2.94919141197e-06, 3.11888538818e-06, 2.73817340712e-06, 1.83973224921e-06, 1.27886846712e-06, 1.66614097452e-06, 1.7495906377e-06, 1.47132777784e-06], "median": [0.00321963708848, 0.00355342612602, 0.000160160780069, 0.000155365472892, 0.000754260341637, 0.000412438675994, 0.000206725744647, 9.81176708592e-05, 1.89950169442e-05, 5.79329753236e-06, 8.91464151209e-06, 3.83909127777e-06, 4.3972131607e-06, 1.08503195406e-06, 1.22755102439e-06, 1.52076131599e-06, 6.29252554063e-07, 4.253514021e-07, 3.42213553495e-07, 2.68812527793e-07, 4.57147535826e-07, 9.39762742291e-07, 7.6336471011e-07, 3.48353864865e-07, 2.14970853563e-07, 3.72278890381e-07, 2.88831273565e-07, 1.29362717871e-07, 1.58093612868e-07, 1.13700743043e-07, 1.18422718742e-07, 1.15374305665e-07, 9.28853651772e-08, 9.27045817889e-08, 6.02261280847e-08, 4.12644141079e-08, 3.36778605003e-08, 3.41751054123e-08, 3.65220884646e-08, 3.03625427023e-08], "min": [6.04056117563e-24, 5.44059498631e-24, 5.69585893676e-24, 1.62769252003e-23, 5.22150306939e-24, 2.47139629756e-24, 7.6843516646e-24, 1.2295178969e-23, 5.34208637521e-24, 4.85962417317e-24, 6.94323498795e-24, 7.87696625411e-24, 1.2234256819e-23, 1.38698234331e-23, 1.69420469616e-23, 9.98394273447e-24, 7.15684274387e-24, 2.0557256073e-23, 1.39513253864e-23, 4.69586453785e-24, 3.79651971855e-24, 6.28928546917e-24, 9.888892884e-24, 5.74477580706e-24, 7.31420077293e-24, 1.45887202646e-23, 1.48137128611e-23, 1.6856491841e-23, 7.7179019189e-24, 1.0733238321e-23, 6.42007939612e-24, 1.33962591876e-23, 1.73498012749e-23, 1.46070833688e-23, 8.99481765555e-24, 9.24896970655e-24, 6.98370355239e-24, 8.3905068148e-24, 9.89326554e-24, 7.39983477964e-24], "var": [4.62063690065e-05, 5.49699980184e-05, 1.40411856364e-07, 6.62811089569e-07, 4.7116513997e-06, 1.17965441859e-06, 3.85501925848e-06, 2.85077391027e-07, 4.10347311686e-09, 4.15957657207e-10, 2.44346787248e-09, 1.19671411669e-10, 1.08626815876e-10, 7.62578333813e-11, 2.05083144911e-10, 1.16832798991e-09, 2.83949153079e-09, 4.8175148315e-09, 1.43745237935e-09, 3.69190129856e-11, 1.66717212952e-11, 3.64975237532e-11, 1.48648857112e-10, 3.16338934214e-11, 1.68720995508e-10, 6.2457969352e-11, 2.73285196556e-11, 5.09326504583e-11, 3.13006912056e-11, 5.10596599723e-11, 1.61222951656e-10, 1.06183173365e-10, 4.61857739553e-11, 5.43218282856e-11, 5.08618147599e-11, 2.77821134154e-11, 9.51734351051e-12, 1.48278247319e-11, 1.57597129791e-11, 1.05168469419e-11]}, "mfcc": {"mean": [-751.463195801, 145.473312378, 54.4590606689, 42.7326011658, 9.26213741302, 0.580788254738, -4.80043935776, 0.340568959713, -1.72247171402, -2.58650636673, 7.84159231186, 7.23247385025, 6.92095708847], "cov": [[12159.4970703, -2922.83984375, -529.098266602, -226.292984009, -312.743255615, 154.684509277, -411.270751953, -548.172485352, -321.31463623, 104.567955017, 239.2003479, -6.90462064743, 114.086044312], [-2922.83984375, 5543.40917969, -666.197570801, -16.3817653656, -71.1987228394, -461.11138916, 11.5195608139, 243.270629883, -57.0311508179, -316.873260498, -156.172393799, 226.251342773, -12.78058815], [-529.098266602, -666.197570801, 1178.39770508, 382.379394531, 206.34223938, 198.051391602, 210.299804688, 183.751922607, 210.656646729, 157.96762085, 85.1169662476, 15.7873954773, 110.635070801], [-226.292984009, -16.3817653656, 382.379394531, 567.647460938, 200.705749512, 19.8484668732, 149.382751465, 203.253311157, 165.716033936, 84.1438064575, 35.5839424133, 26.0561523438, 36.4128837585], [-312.743255615, -71.1987228394, 206.34223938, 200.705749512, 308.777496338, 211.092773438, 175.495025635, 135.195587158, 130.664230347, 113.573356628, 41.0455284119, 38.4591369629, 13.5063695908], [154.684509277, -461.11138916, 198.051391602, 19.8484668732, 211.092773438, 388.941162109, 194.960128784, 30.851600647, 94.684677124, 143.746734619, 44.7997932434, 21.4686183929, 26.501996994], [-411.270751953, 11.5195608139, 210.299804688, 149.382751465, 175.495025635, 194.960128784, 316.335906982, 195.862533569, 97.7705764771, 120.354019165, 70.8053741455, 1.06307959557, 11.0437688828], [-548.172485352, 243.270629883, 183.751922607, 203.253311157, 135.195587158, 30.851600647, 195.862533569, 268.867797852, 137.470748901, 56.7171974182, 44.9780807495, 30.2470245361, 9.38735198975], [-321.31463623, -57.0311508179, 210.656646729, 165.716033936, 130.664230347, 94.684677124, 97.7705764771, 137.470748901, 201.065719604, 100.710159302, -0.768410921097, 37.2465400696, 48.2916259766], [104.567955017, -316.873260498, 157.96762085, 84.1438064575, 113.573356628, 143.746734619, 120.354019165, 56.7171974182, 100.710159302, 185.780456543, 80.8379974365, -9.11155509949, 12.6913347244], [239.2003479, -156.172393799, 85.1169662476, 35.5839424133, 41.0455284119, 44.7997932434, 70.8053741455, 44.9780807495, -0.768410921097, 80.8379974365, 154.305740356, 27.5173511505, -31.685218811], [-6.90462064743, 226.251342773, 15.7873954773, 26.0561523438, 38.4591369629, 21.4686183929, 1.06307959557, 30.2470245361, 37.2465400696, -9.11155509949, 27.5173511505, 132.633926392, 35.7023391724], [114.086044312, -12.78058815, 110.635070801, 36.4128837585, 13.5063695908, 26.501996994, 11.0437688828, 9.38735198975, 48.2916259766, 12.6913347244, -31.685218811, 35.7023391724, 133.897598267]], "icov": [[0.000127679450088, 5.59503023396e-05, 0.000127066072309, -0.000159572737175, 0.000184836593689, -0.000256543426076, 0.000288491370156, -8.39462009026e-05, 0.000251442746958, -8.77145139384e-05, -0.0002687072556, -9.49409150053e-06, -0.000294246012345], [5.59503023396e-05, 0.000313205207931, 0.000165064877365, 2.22563430725e-05, -0.000100552286312, 0.000410346576246, -0.000300891173538, -0.000190054619452, 0.000248559605097, 3.96938739868e-05, 0.000330069364281, -0.000674765964504, -2.85328587779e-05], [0.000127066072309, 0.000165064877365, 0.00158481125254, -0.000856306694914, 0.000337077799486, -0.000709955522325, 0.000142639895785, -8.43520174385e-05, -0.000708018196747, 0.000622622552328, -0.00135187641717, 0.000627896864899, -0.00135943654459], [-0.000159572737175, 2.22563430725e-05, -0.000856306694914, 0.00385355972685, -0.0026159635745, 0.00269206473604, -0.00136268814094, 6.30716021988e-05, -0.00164726166986, 0.000220084839384, 0.000322104868246, -5.1927378081e-05, 0.000299988110783], [0.000184836593689, -0.000100552286312, 0.000337077799486, -0.0026159635745, 0.0094380248338, -0.00549064017832, 0.0015782302944, -0.00305671733804, 0.000752955849748, -0.00177124631591, 0.000595954246819, -0.00119138066657, 0.000839672575239], [-0.000256543426076, 0.000410346576246, -0.000709955522325, 0.00269206473604, -0.00549064017832, 0.0108848838136, -0.00816162396222, 0.00697359535843, -0.00362800178118, -0.000583751825616, 0.00155211880337, -0.00248928787187, 0.0010907955002], [0.000288491370156, -0.000300891173538, 0.000142639895785, -0.00136268814094, 0.0015782302944, -0.00816162396222, 0.0155219836161, -0.0122726755217, 0.00731626525521, -0.00460596429184, -0.000537613756023, 0.00259771873243, -0.0020074120257], [-8.39462009026e-05, -0.000190054619452, -8.43520174385e-05, 6.30716021988e-05, -0.00305671733804, 0.00697359535843, -0.0122726755217, 0.0189600232989, -0.0124467499554, 0.00716629810631, -0.00478046247736, 0.000488426769152, 0.00126531615388], [0.000251442746958, 0.000248559605097, -0.000708018196747, -0.00164726166986, 0.000752955849748, -0.00362800178118, 0.00731626525521, -0.0124467499554, 0.0214455444366, -0.0128275183961, 0.00931278429925, -0.00538723589852, -0.00112474802881], [-8.77145139384e-05, 3.96938739868e-05, 0.000622622552328, 0.000220084839384, -0.00177124631591, -0.000583751825616, -0.00460596429184, 0.00716629810631, -0.0128275183961, 0.0196474362165, -0.0115372743458, 0.00672767031938, -0.00208398234099], [-0.0002687072556, 0.000330069364281, -0.00135187641717, 0.000322104868246, 0.000595954246819, 0.00155211880337, -0.000537613756023, -0.00478046247736, 0.00931278429925, -0.0115372743458, 0.0176256708801, -0.008335233666, 0.0054302290082], [-9.49409150053e-06, -0.000674765964504, 0.000627896864899, -5.1927378081e-05, -0.00119138066657, -0.00248928787187, 0.00259771873243, 0.000488426769152, -0.00538723589852, 0.00672767031938, -0.008335233666, 0.0141975805163, -0.00464940350503], [-0.000294246012345, -2.85328587779e-05, -0.00135943654459, 0.000299988110783, 0.000839672575239, 0.0010907955002, -0.0020074120257, 0.00126531615388, -0.00112474802881, -0.00208398234099, 0.0054302290082, -0.00464940350503, 0.0116622094065]]}, "spectral_contrast_coeffs": {"dmean": [0.0458550937474, 0.0435042157769, 0.0371727384627, 0.0321487076581, 0.0271263103932, 0.0210865642875], "dmean2": [0.0679847300053, 0.0601790621877, 0.052382811904, 0.0480193123221, 0.0398800633848, 0.0331706441939], "dvar": [0.00241140183061, 0.00201720767654, 0.00115169771016, 0.000830312201288, 0.000667590007652, 0.000399423559429], "dvar2": [0.00437951507047, 0.0034469133243, 0.00214622821659, 0.00177432713099, 0.00119481422007, 0.00103809149005], "max": [-0.285598754883, -0.404643177986, -0.54619038105, -0.55709028244, -0.526315748692, -0.71594285965], "mean": [-0.609917104244, -0.63114207983, -0.734743893147, -0.777456879616, -0.779681265354, -0.803943037987], "median": [-0.61322838068, -0.610912799835, -0.726255655289, -0.77829003334, -0.791816592216, -0.797964692116], "min": [-0.983626365662, -0.975493192673, -0.970125079155, -0.969047605991, -0.960136950016, -0.957182466984], "var": [0.0118421260267, 0.0108791105449, 0.00581265799701, 0.00391071802005, 0.00410827994347, 0.00119245063979]}, "spectral_contrast_valleys": {"dmean": [0.385376572609, 0.412272930145, 0.482497125864, 0.561848759651, 0.680519104004, 0.879406392574], "dmean2": [0.564795672894, 0.55814319849, 0.630906105042, 0.704438507557, 0.723135232925, 0.951761901379], "dvar": [0.234666287899, 0.235405802727, 0.304944574833, 0.527843296528, 0.481519341469, 0.836504638195], "dvar2": [0.375835984945, 0.340675890446, 0.439224779606, 0.89819419384, 0.795825302601, 1.50137150288], "max": [-5.31064939499, -5.09188604355, -6.67163467407, -5.96049261093, -6.22926473618, -7.64198446274], "mean": [-7.49934911728, -7.6