{"lowlevel": {"average_loudness": 0.47816118598, "barkbands_crest": {"dmean": 2.80533456802, "dmean2": 4.51743650436, "dvar": 9.47554302216, "dvar2": 21.9520835876, "max": 26.6572914124, "mean": 15.8237228394, "median": 15.477481842, "min": 1.71458256245, "var": 36.2047615051}, "barkbands_flatness_db": {"dmean": 0.0538709871471, "dmean2": 0.0791280791163, "dvar": 0.0030300130602, "dvar2": 0.00604470120743, "max": 0.623282790184, "mean": 0.261541903019, "median": 0.262487411499, "min": 0.00894550886005, "var": 0.0100258607417}, "barkbands_kurtosis": {"dmean": 23.8227539062, "dmean2": 39.4852256775, "dvar": 12602.5097656, "dvar2": 29578.4492188, "max": 3393.95605469, "mean": 31.5318508148, "median": 7.95295000076, "min": -1.98463046551, "var": 19590.5722656}, "barkbands_skewness": {"dmean": 1.36879730225, "dmean2": 2.23356509209, "dvar": 5.58039140701, "dvar2": 13.7407836914, "max": 50.9574356079, "mean": 3.07412695885, "median": 2.38921928406, "min": -10.5494794846, "var": 12.2345981598}, "barkbands_spread": {"dmean": 11.6343832016, "dmean2": 20.2609577179, "dvar": 422.707061768, "dvar2": 1071.30480957, "max": 143.743377686, "mean": 13.6284685135, "median": 6.13347244263, "min": 0.0845377966762, "var": 390.16708374}, "dissonance": {"dmean": 0.0416125692427, "dmean2": 0.0684628710151, "dvar": 0.00164801802021, "dvar2": 0.00426156027243, "max": 0.500000119209, "mean": 0.404930144548, "median": 0.417678058147, "min": 0.0679506063461, "var": 0.00460574077442}, "dynamic_complexity": 4.19121456146, "erbbands_crest": {"dmean": 2.81693720818, "dmean2": 4.52436971664, "dvar": 8.34080886841, "dvar2": 19.4755115509, "max": 32.9007949829, "mean": 12.1969556808, "median": 11.2073144913, "min": 2.48483204842, "var": 27.9102802277}, "erbbands_flatness_db": {"dmean": 0.0459614023566, "dmean2": 0.069453574717, "dvar": 0.00229771691374, "dvar2": 0.0046667275019, "max": 0.507686376572, "mean": 0.208735540509, "median": 0.214879602194, "min": 0.0221062004566, "var": 0.00584313552827}, "erbbands_kurtosis": {"dmean": 4.3744187355, "dmean2": 7.27511835098, "dvar": 405.308258057, "dvar2": 998.182495117, "max": 460.58215332, "mean": 5.90680503845, "median": 1.04760599136, "min": -1.8659683466, "var": 881.495666504}, "erbbands_skewness": {"dmean": 0.629358589649, "dmean2": 1.0268175602, "dvar": 0.782725453377, "dvar2": 2.02345204353, "max": 16.655456543, "mean": 0.734098613262, "median": 0.506382465363, "min": -5.64886569977, "var": 2.54846358299}, "erbbands_spread": {"dmean": 10.69759655, "dmean2": 18.0928535461, "dvar": 303.307678223, "dvar2": 766.572753906, "max": 187.19758606, "mean": 24.5923194885, "median": 19.9631156921, "min": 0.567438960075, "var": 369.504547119}, "hfc": {"dmean": 20.4389343262, "dmean2": 36.299079895, "dvar": 2024.27233887, "dvar2": 5289.91943359, "max": 443.760528564, "mean": 21.0344600677, "median": 8.30546951294, "min": 1.09469234467e-16, "var": 1639.52258301}, "melbands_crest": {"dmean": 2.92450118065, "dmean2": 4.60984802246, "dvar": 9.39384269714, "dvar2": 21.9616184235, "max": 35.0377502441, "mean": 19.6371765137, "median": 19.805809021, "min": 1.76131248474, "var": 44.7053146362}, "melbands_flatness_db": {"dmean": 0.058331348002, "dmean2": 0.0870200544596, "dvar": 0.00409077433869, "dvar2": 0.00835983362049, "max": 0.797184765339, "mean": 0.362033993006, "median": 0.364615142345, "min": 0.00667457142845, "var": 0.0141512919217}, "melbands_kurtosis": {"dmean": 16.2956676483, "dmean2": 26.6380729675, "dvar": 1516.34887695, "dvar2": 3773.57739258, "max": 782.205505371, "mean": 26.8737354279, "median": 12.7931213379, "min": -1.92287731171, "var": 2224.60131836}, "melbands_skewness": {"dmean": 1.06719720364, "dmean2": 1.6803381443, "dvar": 2.09228539467, "dvar2": 4.96468782425, "max": 22.7714672089, "mean": 3.2828309536, "median": 2.84034180641, "min": -5.33913612366, "var": 5.97861909866}, "melbands_spread": {"dmean": 5.13968038559, "dmean2": 8.19110488892, "dvar": 136.836593628, "dvar2": 326.212799072, "max": 233.026397705, "mean": 9.97696971893, "median": 5.63859272003, "min": 0.221002548933, "var": 206.262054443}, "pitch_salience": {"dmean": 0.0880555808544, "dmean2": 0.142814546824, "dvar": 0.00991379469633, "dvar2": 0.0242808889598, "max": 0.910143911839, "mean": 0.397625476122, "median": 0.409773290157, "min": 0.0223112795502, "var": 0.0291563533247}, "silence_rate_20dB": {"dmean": 0.00117933214642, "dmean2": 0.00235883821733, "dvar": 0.00117769266944, "dvar2": 0.0030903457664, "max": 1, "mean": 0.999189257622, "median": 1, "min": 0, "var": 0.000810020894278}, "silence_rate_30dB": {"dmean": 0.0545441135764, "dmean2": 0.10909627378, "dvar": 0.0515683442354, "dvar2": 0.10900233686, "max": 1, "mean": 0.83402121067, "median": 1, "min": 0, "var": 0.138435319066}, "silence_rate_60dB": {"dmean": 0.0260927248746, "dmean2": 0.0521155819297, "dvar": 0.0254096798599, "dvar2": 0.0551349110901, "max": 1, "mean": 0.110996462405, "median": 0, "min": 0, "var": 0.0986834913492}, "spectral_centroid": {"dmean": 223.379318237, "dmean2": 349.916595459, "dvar": 193327.53125, "dvar2": 424306.21875, "max": 11473.8066406, "mean": 653.319824219, "median": 480.034606934, "min": 102.368186951, "var": 337525.34375}, "spectral_complexity": {"dmean": 3.20306634903, "dmean2": 4.95083284378, "dvar": 31.682308197, "dvar2": 60.4020423889, "max": 60, "mean": 11.0517396927, "median": 10, "min": 0, "var": 68.9546432495}, "spectral_decrease": {"dmean": 4.41305481047e-09, "dmean2": 6.49942766273e-09, "dvar": 5.51830186084e-17, "dvar2": 1.45811573498e-16, "max": 1.53154422478e-09, "mean": -1.34435937937e-08, "median": -6.55948184658e-09, "min": -9.62572741514e-08, "var": 2.8023470961e-16}, "spectral_energy": {"dmean": 0.0176562406123, "dmean2": 0.0263351742178, "dvar": 0.000826936913654, "dvar2": 0.00217705196701, "max": 0.368107140064, "mean": 0.0526469014585, "median": 0.0264904163778, "min": 1.03859884905e-20, "var": 0.00411265622824}, "spectral_energyband_high": {"dmean": 0.00134746334516, "dmean2": 0.00241192034446, "dvar": 1.35089121613e-05, "dvar2": 3.48593130184e-05, "max": 0.0367540232837, "mean": 0.000920176098589, "median": 1.44412779264e-05, "min": 7.48240521031e-21, "var": 1.08033173092e-05}, "spectral_energyband_low": {"dmean": 0.0143211977556, "dmean2": 0.0203129593283, "dvar": 0.000785125186667, "dvar2": 0.00211462890729, "max": 0.355929911137, "mean": 0.03990707919, "median": 0.0122652500868, "min": 3.69582438501e-23, "var": 0.00359382247552}, "spectral_energyband_middle_high": {"dmean": 0.00205151108094, "dmean2": 0.00339801819064, "dvar": 3.63062499673e-05, "dvar2": 9.37634104048e-05, "max": 0.0842859745026, "mean": 0.00301756663248, "median": 0.00102952355519, "min": 1.79899868275e-21, "var": 3.80263663828e-05}, "spectral_energyband_middle_low": {"dmean": 0.00489261094481, "dmean2": 0.00792773254216, "dvar": 9.65274157352e-05, "dvar2": 0.000249436532613, "max": 0.169550701976, "mean": 0.0110541656613, "median": 0.006339807529, "min": 3.78708467391e-22, "var": 0.000284605892375}, "spectral_entropy": {"dmean": 0.493417948484, "dmean2": 0.771621525288, "dvar": 0.333612471819, "dvar2": 0.719579696655, "max": 9.79769420624, "mean": 6.56278038025, "median": 6.46330165863, "min": 3.57449841499, "var": 0.821104943752}, "spectral_flux": {"dmean": 0.0359562337399, "dmean2": 0.055052112788, "dvar": 0.00198501884006, "dvar2": 0.00381251331419, "max": 0.475500673056, "mean": 0.0785195678473, "median": 0.059597209096, "min": 1.01911666606e-10, "var": 0.00446050520986}, "spectral_kurtosis": {"dmean": 9.17980766296, "dmean2": 14.6075391769, "dvar": 117.185707092, "dvar2": 248.902297974, "max": 246.280838013, "mean": 19.6347618103, "median": 16.9027175903, "min": -1.23217403889, "var": 270.439819336}, "spectral_rms": {"dmean": 0.0010900599882, "dmean2": 0.00161680870224, "dvar": 1.85174565104e-06, "dvar2": 4.53065331385e-06, "max": 0.0189506970346, "mean": 0.00599521677941, "median": 0.00508372951299, "min": 3.18318570287e-12, "var": 1.54199260578e-05}, "spectral_rolloff": {"dmean": 1300.39709473, "dmean2": 2473.79516602, "dvar": 16144543, "dvar2": 44432416, "max": 19853.6132812, "mean": 1235.48632812, "median": 387.59765625, "min": 64.599609375, "var": 10867190}, "spectral_skewness": {"dmean": 0.816572785378, "dmean2": 1.29798698425, "dvar": 0.73262411356, "dvar2": 1.55312311649, "max": 13.8933496475, "mean": 3.35623812675, "median": 3.36088323593, "min": -0.0517930537462, "var": 2.0029566288}, "spectral_spread": {"dmean": 2012094.125, "dmean2": 3278328.75, "dvar": 7941114560510.0, "dvar2": 17521789894700.0, "max": 41257328, "mean": 4034017, "median": 2802914.5, "min": 473175.28125, "var": 9005685538820.0}, "spectral_strongpeak": {"dmean": 0.27785512805, "dmean2": 0.459664225578, "dvar": 0.352709561586, "dvar2": 0.945108294487, "max": 10.6955518723, "mean": 0.759937524796, "median": 0.537185788155, "min": 0, "var": 0.523682594299}, "zerocrossingrate": {"dmean": 0.0187330562621, "dmean2": 0.0272078048438, "dvar": 0.000832670077216, "dvar2": 0.00122070976067, "max": 0.8056640625, "mean": 0.0370286889374, "median": 0.02294921875, "min": 0.001953125, "var": 0.0020176647231}, "barkbands": {"dmean": [0.000144012621604, 0.0124961901456, 0.00267192069441, 0.00118981394917, 0.00270007573999, 0.00101900822483, 0.000453904678579, 0.000499303918332, 0.000337941281032, 0.000392847956391, 0.000226096904953, 0.000233789542108, 0.000233814207604, 0.000305061577819, 0.000492474122439, 0.000178795642569, 0.000140030679177, 0.000105348502984, 7.43270065868e-05, 0.000141550568515, 0.00015094706032, 0.000175404973561, 9.83560457826e-05, 0.000103528713225, 0.000109922344564, 0.000180957213161, 0.000488910474814], "dmean2": [0.000186950986972, 0.0186555143446, 0.00321064493619, 0.00144836911932, 0.00474482448772, 0.00174291548319, 0.000714335241355, 0.000824346207082, 0.000550591794308, 0.000607350142673, 0.000366981810657, 0.000368251145119, 0.000387383333873, 0.000516954634804, 0.000848086550832, 0.00031258125091, 0.000250957906246, 0.00018409875338, 0.000127240709844, 0.000246233132202, 0.000266098068096, 0.000306928326609, 0.000175839886651, 0.000178693429916, 0.000187299650861, 0.000324549619108, 0.000936306547374], "dvar": [1.71983273844e-07, 0.000721763994079, 4.10811335314e-05, 1.54349563672e-05, 3.82802936656e-05, 5.07230060975e-06, 1.18688240036e-06, 1.32762818339e-06, 6.55448047837e-07, 9.31195529574e-07, 4.00881987161e-07, 4.30741977198e-07, 9.14165241284e-07, 1.49436107222e-06, 5.40957080375e-06, 5.86728219787e-07, 3.08701629592e-07, 1.93680534721e-07, 8.88392364118e-08, 5.12978715506e-07, 3.82806121024e-07, 6.13548763795e-07, 1.31546613602e-07, 1.50430579993e-07, 2.19377511712e-07, 5.75437297812e-07, 1.36574340104e-06], "dvar2": [2.40318058786e-07, 0.0019962459337, 6.63990576868e-05, 1.82466974366e-05, 0.000106506391603, 1.37155284392e-05, 2.64857681032e-06, 3.37064511768e-06, 1.67581436017e-06, 2.0544673589e-06, 9.57954057412e-07, 1.03448962818e-06, 2.37238236878e-06, 3.86191140933e-06, 1.47504633787e-05, 1.59619878559e-06, 8.63858076627e-07, 5.2397450645e-07, 2.31972251186e-07, 1.3886058241e-06, 1.04805815226e-06, 1.62408821325e-06, 3.5299737533e-07, 3.73797888642e-07, 4.85917666992e-07, 1.57697672876e-06, 3.81769996238e-06], "max": [0.0160163678229, 0.35200291872, 0.168373122811, 0.164660051465, 0.0826130285859, 0.0468357503414, 0.041219599545, 0.0339364260435, 0.0153496172279, 0.0313494242728, 0.0218549594283, 0.0282212737948, 0.0227167811245, 0.0233163647354, 0.0475053973496, 0.0122195482254, 0.00771882990375, 0.00643273070455, 0.00442274007946, 0.0111540816724, 0.0101856142282, 0.0105218999088, 0.00450201192871, 0.00582754099742, 0.0102944560349, 0.00922877714038, 0.0135126654059], "mean": [0.000439947616542, 0.0294181015342, 0.00783584266901, 0.00293551106006, 0.00344114634208, 0.0017701163888, 0.00109058828093, 0.00104203366209, 0.000691856606863, 0.000868057250045, 0.000334824755555, 0.000427579681855, 0.000280946522253, 0.000287519447738, 0.000434599205619, 0.00013835678692, 0.000105437873572, 7.82410570537e-05, 6.28551424597e-05, 0.000105117811472, 0.000108314052341, 0.000124088546727, 6.76507552271e-05, 7.85687152529e-05, 8.76251797308e-05, 0.000119944263133, 0.000271993194474], "median": [3.20791295962e-05, 0.00821332633495, 0.000705634884071, 6.88870131853e-05, 0.00133252132218, 0.0007513340679, 0.000293566350592, 0.000323394255247, 0.000252927042311, 0.000246452342253, 6.24550302746e-05, 0.000107713152829, 5.29127573827e-05, 2.91188189294e-05, 3.73643633793e-05, 8.2791029854e-06, 5.51723496756e-06, 2.59098806055e-06, 3.10236873702e-06, 1.97542112801e-06, 2.25107169172e-06, 1.52670577336e-06, 1.10950827548e-06, 8.61512262418e-07, 1.46591173689e-06, 4.04559216349e-07, 3.92060712784e-07], "min": [5.39993827855e-24, 2.00681670449e-23, 2.87639945845e-24, 2.74170690202e-23, 1.14706370962e-23, 1.14443042881e-22, 6.14649304674e-23, 4.94969828348e-23, 8.25070314968e-23, 8.52672747369e-23, 1.50224662826e-22, 5.54377365398e-23, 7.07212539353e-23, 1.2438968275e-22, 1.61034442743e-22, 2.41504098957e-22, 2.14177124163e-22, 3.41571521303e-22, 2.03304008181e-22, 3.8742400462e-22, 4.78313251215e-22, 4.88299043828e-22, 7.4331866512e-22, 5.75517272558e-22, 1.23157459297e-21, 1.56996567953e-21, 2.31116989451e-21], "var": [1.63612583037e-06, 0.0026147630997, 0.000416081020376, 0.000169954015291, 3.65422019968e-05, 9.22355866351e-06, 5.70548127143e-06, 4.15089107264e-06, 1.85535679975e-06, 3.78336176254e-06, 8.1824020981e-07, 1.08731069304e-06, 8.36332560539e-07, 1.2604513131e-06, 3.83239694202e-06, 4.11292376157e-07, 2.08832602766e-07, 1.35461590389e-07, 6.99936109072e-08, 3.56787211331e-07, 2.64198234845e-07, 4.50957770681e-07, 9.21626082118e-08, 1.40740851862e-07, 2.61573603666e-07, 3.95762299377e-07, 7.8992042063e-07]}, "erbbands": {"dmean": [0.335750818253, 2.9531018734, 3.68966221809, 3.48782491684, 4.93388462067, 10.4984893799, 11.4929571152, 7.7367682457, 6.49312400818, 7.59629487991, 10.4604949951, 6.9713973999, 8.37668037415, 14.0182752609, 7.7387843132, 9.64420318604, 10.6809263229, 11.8780450821, 30.1839923859, 13.6725606918, 11.0436544418, 7.08189439774, 5.92465925217, 4.00883388519, 3.70687460899, 6.19738197327, 5.83772611618, 6.94262504578, 6.29218244553, 4.77735900879, 2.7085852623, 1.95924043655, 1.81836640835, 1.20598387718, 0.863513946533, 0.774910032749, 0.306264668703, 0.111299254, 0.0407523028553, 0.0107397725806], "dmean2": [0.488541781902, 4.45025873184, 4.78256320953, 3.7861738205, 8.32518196106, 18.3978996277, 20.047996521, 13.1878757477, 10.2530345917, 12.7844257355, 16.7932319641, 11.3159313202, 13.4042987823, 21.6011257172, 12.6718397141, 14.9213428497, 17.7129325867, 19.7334671021, 52.6528320312, 23.0400695801, 19.4747371674, 12.5796880722, 10.3588476181, 6.83801841736, 6.34903097153, 10.8292264938, 9.96405315399, 12.3715724945, 11.028842926, 8.55973815918, 4.83252716064, 3.43891835213, 3.13852214813, 2.05256700516, 1.46749484539, 1.3568444252, 0.55258589983, 0.208805024624, 0.0772777944803, 0.0206342171878], "dvar": [0.536012232304, 40.9789810181, 67.3018035889, 114.484619141, 179.234146118, 584.548706055, 658.59564209, 265.001647949, 235.591873169, 475.723876953, 558.915161133, 310.248596191, 353.342102051, 1154.89855957, 382.062255859, 746.003845215, 2170.90356445, 1410.73010254, 19242.0234375, 2502.9987793, 1987.14013672, 749.36706543, 546.256530762, 265.125213623, 229.249389648, 849.86895752, 576.783081055, 962.489196777, 726.910583496, 516.262695312, 94.6974334717, 46.819316864, 52.9538879395, 29.0133457184, 13.8785276413, 12.7694206238, 1.64147353172, 0.124778680503, 0.0105489222333, 0.00064761354588], "dvar2": [1.47950232029, 110.969039917, 133.767471313, 118.045524597, 477.401367188, 1639.50622559, 1741.94873047, 715.487121582, 528.542480469, 1296.02429199, 1308.5423584, 814.914550781, 829.664245605, 2571.3737793, 957.333312988, 1713.62768555, 5712.59960938, 3424.78027344, 52617.2070312, 6492.44091797, 5534.02587891, 2050.82617188, 1462.90942383, 699.106933594, 599.4453125, 2338.85791016, 1473.68579102, 2690.49121094, 1905.96289062, 1434.43591309, 253.397079468, 120.738853455, 129.861923218, 65.6502075195, 30.6192264557, 34.0446968079, 4.50719642639, 0.350820958614, 0.0293781980872, 0.00181421777233], "max": [13.6342916489, 88.9344787598, 190.338150024, 462.989624023, 188.701950073, 338.43145752, 689.83972168, 278.805633545, 643.207092285, 297.219360352, 896.224365234, 477.613769531, 441.835906982, 1123.18896484, 567.44909668, 1437.08972168, 1115.18762207, 592.704101562, 2555.94311523, 621.588867188, 685.473388672, 399.001373291, 323.468505859, 268.745513916, 246.303100586, 446.360229492, 344.491882324, 559.85559082, 372.927124023, 348.71307373, 132.077163696, 85.7815856934, 127.639289856, 121.256263733, 79.7390213013, 51.3658065796, 15.5335769653, 4.99219560623, 1.09435069561, 0.303589552641], "mean": [0.798454582691, 6.68277359009, 10.5975818634, 10.3360671997, 6.33944320679, 13.6181097031, 17.3930854797, 14.110212326, 16.5641460419, 15.1468248367, 23.7382240295, 14.5356111526, 18.324426651, 31.3496437073, 14.6306762695, 18.0016365051, 12.9905948639, 13.2800779343, 25.8981704712, 12.3202562332, 8.57332992554, 5.32187509537, 4.42053174973, 3.27413988113, 3.20898985863, 4.655626297, 4.43123531342, 4.81178188324, 4.43621349335, 3.2161090374, 1.87398397923, 1.44016134739, 1.39351975918, 0.95800369978, 0.67342954874, 0.541410386562, 0.200593397021, 0.0654209256172, 0.0232485234737, 0.00597345083952], "median": [0.223520815372, 1.57880687714, 1.82345676422, 0.574540019035, 1.52278006077, 4.71052694321, 6.80202245712, 5.85302066803, 5.65492200851, 5.29172468185, 8.11903762817, 5.35116004944, 7.7505903244, 10.0231370926, 4.9312953949, 4.97204208374, 2.55982112885, 2.31828975677, 2.29508042336, 0.971394538879, 0.562970399857, 0.287525057793, 0.186398684978, 0.153807997704, 0.156213387847, 0.112986803055, 0.0960253626108, 0.0726763680577, 0.0560184195638, 0.0401457846165, 0.0319482423365, 0.0193855464458, 0.0133560076356, 0.010876971297, 0.012693147175, 0.00239968206733, 0.000769374426454, 0.000242084177444, 9.75968359853e-05, 8.32960940897e-05], "min": [1.15106594809e-21, 2.37590546122e-21, 3.76499414519e-21, 4.22741217985e-20, 6.17295228969e-20, 4.79908607159e-20, 6.2342472778e-19, 8.15820837803e-19, 5.26026537098e-19, 1.67730421677e-18, 7.37893858355e-19, 1.96089471458e-18, 2.4556758999e-18, 3.82275233519e-18, 5.62106077126e-18, 2.49648526902e-18, 3.62223010622e-18, 4.91375724103e-18, 9.86446629438e-18, 8.97254142811e-18, 1.19158320273e-17, 1.19724260705e-17, 1.75338979912e-17, 1.39845089961e-17, 9.97623907466e-18, 1.90075516853e-17, 1.8400892461e-17, 2.02522847992e-17, 1.87938743894e-17, 1.60364959416e-17, 2.25315445812e-17, 1.12144134735e-17, 1.14849404113e-17, 1.20400431224e-17, 8.91635849372e-18, 5.52500070032e-18, 3.71167273227e-18, 1.05220269049e-18, 2.95923993388e-19, 3.60854924975e-20], "var": [1.98661017418, 151.783233643, 539.838378906, 1385.50439453, 238.331085205, 586.391723633, 1459.57397461, 481.818603516, 1265.88500977, 750.206542969, 2370.32568359, 846.749145508, 1187.00158691, 4301.39648438, 888.29309082, 2063.81787109, 1880.29711914, 1566.57971191, 13493.8710938, 2049.44506836, 1357.4050293, 517.627746582, 391.086608887, 202.172409058, 181.851470947, 586.176330566, 456.413391113, 625.932250977, 548.171142578, 332.786956787, 66.8118515015, 37.741973877, 51.9229393005, 32.8492660522, 16.4422454834, 9.85158443451, 1.0898154974, 0.0736455619335, 0.00623059552163, 0.000371302594431]}, "gfcc": {"mean": [-81.9128723145, 126.842430115, -71.5743789673, -5.357462883, -45.5945358276, 10.6317462921, -20.1536979675, -2.08913969994, -13.6882801056, 2.8236386776, -7.9840836525, -0.746095061302, 0.757024347782], "cov": [[13105.1816406, -2317.05615234, -393.676025391, 917.464782715, 861.1953125, 701.016967773, 314.260498047, 268.708648682, 175.783035278, 292.768859863, 2.36514902115, 195.368850708, -338.976287842], [-2317.05615234, 3234.70751953, -255.612640381, 153.202377319, 98.8351669312, 199.594802856, 279.150787354, 141.114547729, 103.95009613, -61.734172821, 258.708587646, -149.966140747, 159.042953491], [-393.676025391, -255.612640381, 1665.43969727, 15.677737236, 240.932174683, -21.9329509735, 141.268249512, -38.4757728577, 27.3970108032, -21.8830623627, 41.1270446777, 29.6925563812, -24.7999076843], [917.464782715, 153.202377319, 15.677737236, 856.327392578, 313.059082031, 368.505126953, 168.63494873, 151.114562988, 91.9351196289, 89.4010009766, 88.0066146851, 38.7697181702, -12.6650714874], [861.1953125, 98.8351669312, 240.932174683, 313.059082031, 605.099914551, 279.822540283, 249.769378662, 83.5320053101, 188.810958862, 54.3931427002, 91.5553741455, 28.0832805634, -6.56097221375], [701.016967773, 199.594802856, -21.9329509735, 368.505126953, 279.822540283, 433.961456299, 263.960021973, 162.666854858, 124.100814819, 70.6654281616, 92.2877502441, 37.4934082031, 0.725009739399], [314.260498047, 279.150787354, 141.268249512, 168.63494873, 249.769378662, 263.960021973, 429.82623291, 189.103988647, 186.368225098, 33.9749450684, 132.190597534, 26.6438465118, 0.895451307297], [268.708648682, 141.114547729, -38.4757728577, 151.114562988, 83.5320053101, 162.666854858, 189.103988647, 247.156936646, 143.200073242, 83.7765960693, 59.3281860352, 16.3498897552, -9.72225093842], [175.783035278, 103.95009613, 27.3970108032, 91.9351196289, 188.810958862, 124.100814819, 186.368225098, 143.200073242, 250.129486084, 96.838394165, 84.3326644897, 21.4888820648, 7.40599012375], [292.768859863, -61.734172821, -21.8830623627, 89.4010009766, 54.3931427002, 70.6654281616, 33.9749450684, 83.7765960693, 96.838394165, 163.809112549, 51.0977973938, 36.203502655, -3.44132804871], [2.36514902115, 258.708587646, 41.1270446777, 88.0066146851, 91.5553741455, 92.2877502441, 132.190597534, 59.3281860352, 84.3326644897, 51.0977973938, 185.021499634, 61.1660728455, 30.5478801727], [195.368850708, -149.966140747, 29.6925563812, 38.7697181702, 28.0832805634, 37.4934082031, 26.6438465118, 16.3498897552, 21.4888820648, 36.203502655, 61.1660728455, 116.980949402, 41.1702690125], [-338.976287842, 159.042953491, -24.7999076843, -12.6650714874, -6.56097221375, 0.725009739399, 0.895451307297, -9.72225093842, 7.40599012375, -3.44132804871, 30.5478801727, 41.1702690125, 109.917953491]], "icov": [[0.000121563753055, 8.3183964307e-05, 7.08436200512e-05, -3.62192113244e-05, -0.000170385392266, -6.39477657387e-05, -3.73894326913e-05, -4.85788877995e-05, 0.000138757342938, -8.74801553437e-05, -3.68122300642e-06, -0.000123422069009, 0.000287763250526], [8.3183964307e-05, 0.000618467747699, 0.000112808731501, -4.98678855365e-05, -0.000114777074486, -0.000147033439134, -6.29583082628e-05, -0.00030874562799, 0.000261617795331, 0.000232362071984, -0.00114499183837, 0.00158214790281, -0.000936057709623], [7.08436200512e-05, 0.000112808731501, 0.000759144546464, -5.20530957147e-05, -0.00048102621804, 0.000428566156188, -0.000516279076692, 0.000148475170135, 0.000360925798304, -9.41116377362e-05, -8.65831389092e-05, -0.00015845875896, 0.00026248008362], [-3.62192113244e-05, -4.98678855365e-05, -5.20530957147e-05, 0.00207780417986, -0.000594247656409, -0.0015330852475, 0.000758662994485, -0.000733572873287, 0.000562255620025, -0.000230745150475, -0.000369944842532, -7.04075227986e-06, 0.000152044449351], [-0.000170385392266, -0.000114777074486, -0.00048102621804, -0.000594247656409, 0.00376330618747, -0.0013720766874, -0.000540371343959, 0.00191329454537, -0.00268448144197, 0.000499818241224, 0.00020775689336, 8.61938024173e-05, -2.25665371545e-05], [-6.39477657387e-05, -0.000147033439134, 0.000428566156188, -0.0015330852475, -0.0013720766874, 0.00649366201833, -0.00277376896702, -0.00107669353019, 0.00144226651173, -0.00112981768325, 0.000558893370908, -0.000767219287809, -0.000262290908722], [-3.73894326913e-05, -6.29583082628e-05, -0.000516279076692, 0.000758662994485, -0.000540371343959, -0.00277376896702, 0.00719103869051, -0.00301506160758, -0.00239058979787, 0.00316146947443, -0.00265345396474, 0.000344236817909, 0.000476049957797], [-4.85788877995e-05, -0.00030874562799, 0.000148475170135, -0.000733572873287, 0.00191329454537, -0.00107669353019, -0.00301506160758, 0.00955055095255, -0.00332022248767, -0.00238934368826, 0.00167501799297, -0.000831379904412, 0.00123129494023], [0.000138757342938, 0.000261617795331, 0.000360925798304, 0.000562255620025, -0.00268448144197, 0.00144226651173, -0.00239058979787, -0.00332022248767, 0.0104508334771, -0.00408628629521, -0.0012397794053, 0.00146113266237, -0.00128316204064], [-8.74801553437e-05, 0.000232362071984, -9.41116377362e-05, -0.000230745150475, 0.000499818241224, -0.00112981768325, 0.00316146947443, -0.00238934368826, -0.00408628629521, 0.0107601154596, -0.00217680633068, -0.00134630559478, 0.000867817550898], [-3.68122300642e-06, -0.00114499183837, -8.65831389092e-05, -0.000369944842532, 0.00020775689336, 0.000558893370908, -0.00265345396474, 0.00167501799297, -0.0012397794053, -0.00217680633068, 0.0113424481824, -0.00658979220316, 0.00109306734521], [-0.000123422069009, 0.00158214790281, -0.00015845875896, -7.04075227986e-06, 8.61938024173e-05, -0.000767219287809, 0.000344236817909, -0.000831379904412, 0.00146113266237, -0.00134630559478, -0.00658979220316, 0.017350031063, -0.00758029380813], [0.000287763250526, -0.000936057709623, 0.00026248008362, 0.000152044449351, -2.25665371545e-05, -0.000262290908722, 0.000476049957797, 0.00123129494023, -0.00128316204064, 0.000867817550898, 0.00109306734521, -0.00758029380813, 0.0141707658768]]}, "melbands": {"dmean": [0.00335187301971, 0.00258276565, 0.000612565549091, 0.000539562839549, 0.000433178938692, 0.000172042171471, 9.80187614914e-05, 9.0246052423e-05, 7.43738055462e-05, 4.73906002298e-05, 4.38491842942e-05, 6.09655944572e-05, 2.99753319268e-05, 2.76442933682e-05, 2.35464722209e-05, 2.17357246584e-05, 2.19821413339e-05, 4.9926849897e-05, 2.93370922009e-05, 1.2517632058e-05, 1.32342847792e-05, 8.31599118101e-06, 5.28160035174e-06, 4.92551544085e-06, 2.97927704196e-06, 3.10662358061e-06, 2.82842870547e-06, 4.45920932179e-06, 4.21837376052e-06, 3.49985384673e-06, 3.96969926442e-06, 3.46053866451e-06, 3.68850919585e-06, 2.16215426008e-06, 1.65522430962e-06, 1.18017203476e-06, 1.22366486721e-06, 1.3160497474e-06, 1.09028508177e-06, 1.00573379314e-06], "dmean2": [0.00495033012703, 0.00364300608635, 0.000739242008422, 0.000945695617702, 0.000758092908654, 0.000293744553346, 0.000153724045958, 0.000152233988047, 0.000118623749586, 7.72569765104e-05, 7.01028693584e-05, 9.37988006626e-05, 4.88776749989e-05, 4.35576512245e-05, 3.7431185774e-05, 3.65629675798e-05, 3.63082108379e-05, 8.71972661116e-05, 5.03359806316e-05, 2.1255644242e-05, 2.37887161347e-05, 1.49812558448e-05, 9.23673724174e-06, 8.6289455794e-06, 5.05547768626e-06, 5.37596497452e-06, 4.89002604809e-06, 7.82735332905e-06, 7.1789750109e-06, 6.18454396317e-06, 7.05333604856e-06, 6.0363627199e-06, 6.5205304054e-06, 3.90074546885e-06, 2.96622624774e-06, 2.09252016248e-06, 2.14159854295e-06, 2.28097269428e-06, 1.85155170129e-06, 1.72416537225e-06], "dvar": [5.27733682247e-05, 2.72461020359e-05, 2.6258305752e-06, 1.84607631581e-06, 8.09725349882e-07, 1.34580318445e-07, 5.13628961585e-08, 5.90332938089e-08, 2.74239067011e-08, 1.40760061385e-08, 9.2694287801e-09, 2.25332552617e-08, 6.73488376179e-09, 5.65096547334e-09, 8.16598699771e-09, 7.44188444202e-09, 5.1415844915e-09, 4.86185030013e-08, 1.74947309972e-08, 2.77078915367e-09, 2.91714985501e-09, 1.12633913307e-09, 4.25048191088e-10, 4.55046805792e-10, 1.45077977409e-10, 1.7380889783e-10, 1.59346813522e-10, 4.75103845154e-10, 3.96613769604e-10, 1.9998093459e-10, 3.33152255783e-10, 2.14003093024e-10, 3.74455688679e-10, 9.08949790435e-11, 3.78825026903e-11, 1.59609964134e-11, 1.90590546817e-11, 2.57966512734e-11, 2.32766497049e-11, 2.1259764782e-11], "dvar2": [0.000148920240463, 6.67271160637e-05, 3.40972837876e-06, 5.14113344252e-06, 2.19111529987e-06, 3.67144508573e-07, 1.12598499413e-07, 1.62402187698e-07, 6.333735314e-08, 3.71965107604e-08, 2.18996945023e-08, 4.96577037268e-08, 1.63835398581e-08, 1.34609967617e-08, 2.07004742236e-08, 1.9444374999e-08, 1.24807968405e-08, 1.32986230028e-07, 4.70138949993e-08, 7.23974080685e-09, 8.31780422317e-09, 3.1335820605e-09, 1.13199194463e-09, 1.2454953735e-09, 3.82839537849e-10, 4.59137783348e-10, 4.36972041884e-10, 1.30679045363e-09, 1.02399488888e-09, 5.45963607657e-10, 9.33312982454e-10, 5.51102663504e-10, 1.03390707107e-09, 2.52290272007e-10, 1.02187251716e-10, 4.22114877774e-11, 4.8480618825e-11, 6.40772435112e-11, 5.3740508571e-11, 4.94281733598e-11], "max": [0.106987841427, 0.0840587764978, 0.0640377551317, 0.0208409242332, 0.018966620788, 0.00573568046093, 0.00969000160694, 0.00346952537075, 0.00650180224329, 0.00280340248719, 0.00219064601697, 0.00504245329648, 0.00292886886746, 0.00322730164044, 0.00192413246259, 0.0018009346677, 0.00113671470899, 0.00406770966947, 0.00280627957545, 0.000749688886572, 0.000729259743821, 0.000492176390253, 0.000297500489978, 0.000340606929967, 0.000209704652661, 0.000204206982744, 0.000211390666664, 0.000357123441063, 0.000317413592711, 0.00020452827448, 0.000351177208358, 0.000229812721955, 0.000314549281029, 0.000148783539771, 9.33622213779e-05, 5.13968443556e-05, 5.34015489393e-05, 8.0600650108e-05, 0.000109986060124, 0.000106313003926], "mean": [0.00783318374306, 0.00688477884978, 0.00162660551723, 0.000658424803987, 0.000635712232906, 0.000306211353745, 0.000254497863352, 0.000178415182745, 0.000173410575371, 9.45373758441e-05, 9.64144492173e-05, 0.000135537513415, 5.00455971633e-05, 5.21433685208e-05, 3.3377094951e-05, 2.50723569479e-05, 2.36809264607e-05, 4.20103096985e-05, 2.53392026934e-05, 1.0770901099e-05, 9.96191101876e-06, 6.0596644289e-06, 4.01693660024e-06, 3.69397935174e-06, 2.43011413659e-06, 2.61215427599e-06, 2.31676835938e-06, 3.26749409396e-06, 3.17656576954e-06, 2.47414027399e-06, 2.76126911558e-06, 2.44327338805e-06, 2.54839596892e-06, 1.43840509281e-06, 1.13219016384e-06, 8.36450340103e-07, 9.08198217076e-07, 9.99773988042e-07, 8.60324405494e-07, 7.93243373209e-07], "median": [0.00228141248226, 0.00131057132967, 0.0001220456179, 0.000212633778574, 0.000262112589553, 0.000125545921037, 8.5040970589e-05, 6.44009487587e-05, 5.70572010474e-05, 3.39504622389e-05, 3.92447691411e-05, 4.16487455368e-05, 1.20785916806e-05, 1.35617810884e-05, 6.81301844452e-06, 5.24677579961e-06, 3.4063050407e-06, 3.38383551934e-06, 1.90343666873e-06, 7.17663283467e-07, 5.5536452237e-07, 2.55817326433e-07, 1.85140123676e-07, 1.49888137457e-07, 1.02231027199e-07, 1.2711613806e-07, 8.13894303064e-08, 6.39886508225e-08, 6.16764310735e-08, 3.9970405652e-08, 3.97422326159e-08, 3.12784322887e-08, 2.54271128597e-08, 1.94864497871e-08, 1.99392182765e-08, 1.29377930591e-08, 1.02725685736e-08, 9.64032409456e-09, 6.98528346277e-09, 9.69820845853e-09], "min": [7.83614822429e-24, 1.85957273998e-24, 9.15281466195e-24, 2.85891120104e-24, 1.78533075249e-23, 1.93231699615e-23, 8.77976865076e-24, 1.72490526933e-23, 6.98910567187e-24, 1.19754386558e-23, 1.20433311807e-23, 1.44521400429e-23, 1.95125375995e-23, 9.52268314142e-24, 6.49372981681e-24, 6.48390494867e-24, 9.07117544687e-24, 1.63817711255e-23, 1.04479002318e-23, 1.73164734794e-23, 1.28119854139e-23, 1.03154228757e-23, 1.84501596858e-23, 1.41629657232e-23, 1.10638057502e-23, 8.41161988807e-24, 8.13456010524e-24, 1.35182344385e-23, 1.13372296731e-23, 1.13650875071e-23, 1.2137298714e-23, 1.2367279278e-23, 6.32238804491e-24, 9.99599968455e-24, 1.54280635346e-23, 8.14390731811e-24, 6.38610946782e-24, 8.33000749426e-24, 7.55059950926e-24, 1.13006036501e-23], "var": [0.000182475661859, 0.000147497892613, 2.78719235212e-05, 1.71953900008e-06, 1.4448253296e-06, 2.2934618471e-07, 2.92093091048e-07, 9.00398759995e-08, 1.2844093078e-07, 3.68100216974e-08, 3.27867688554e-08, 8.55488835327e-08, 1.51434633722e-08, 1.53129118274e-08, 9.5152259405e-09, 6.4922636156e-09, 5.77124570356e-09, 3.41586421371e-08, 1.27996493404e-08, 2.13968975871e-09, 1.92324112191e-09, 7.48570039288e-10, 3.07948944123e-10, 3.11250303309e-10, 1.11053943819e-10, 1.3201623128e-10, 1.1451900539e-10, 3.23079868414e-10, 3.02278174713e-10, 1.3844744795e-10, 2.1596673061e-10, 1.6741726061e-10, 2.47790621355e-10, 5.8532539926e-11, 2.61599839013e-11, 1.16658462404e-11, 1.60370328128e-11, 2.44070857275e-11, 2.59317341905e-11, 2.29701292709e-11]}, "mfcc": {"mean": [-747.594421387, 178.210174561, 25.9373149872, 5.40115451813, -1.10712766647, 11.3439664841, 3.14521956444, 0.964222431183, 3.20738053322, 3.78887057304, 0.269672602415, -2.52861356735, 1.63612031937], "cov": [[11772.9609375, -1809.91345215, -1150.87731934, 399.787597656, 472.15045166, 751.758117676, 396.876312256, 436.459991455, 231.264801025, 345.423217773, 272.275421143, 344.182403564, 111.658195496], [-1809.91345215, 2482.1796875, 83.2604827881, -42.0897827148, -35.6938056946, 2.13127636909, 162.217529297, 93.5993118286, 29.4952964783, 88.0564575195, 56.8385543823, 8.22470283508, 104.299041748], [-1150.87731934, 83.2604827881, 1033.36022949, 181.490753174, 100.60370636, 28.9123859406, 95.5079345703, 45.4504737854, 0.494077146053, -64.4257049561, 33.1788864136, 33.9553565979, 7.61128091812], [399.787597656, -42.0897827148, 181.490753174, 414.040618896, 230.951644897, 180.559585571, 139.641082764, 104.860961914, 50.9280433655, 58.7790718079, 62.3477096558, 76.0771636963, 49.628993988], [472.15045166, -35.6938056946, 100.60370636, 230.951644897, 374.652770996, 241.499847412, 120.696098328, 97.9376907349, 65.2980499268, 80.3500900269, 48.8239746094, 54.3341674805, 47.5486488342], [751.758117676, 2.13127636909, 28.9123859406, 180.559585571, 241.499847412, 351.161682129, 213.544784546, 149.414428711, 94.6789932251, 84.4925537109, 67.2410812378, 90.5113449097, 63.0855903625], [396.876312256, 162.217529297, 95.5079345703, 139.641082764, 120.696098328, 213.544784546, 293.591339111, 208.88243103, 87.5065841675, 93.0884780884, 83.0578308105, 97.0555038452, 84.8512191772], [436.459991455, 93.5993118286, 45.4504737854, 104.860961914, 97.9376907349, 149.414428711, 208.88243103, 266.885162354, 135.62902832, 108.426734924, 87.290687561, 106.382827759, 75.3141174316], [231.264801025, 29.4952964783, 0.494077146053, 50.9280433655, 65.2980499268, 94.6789932251, 87.5065841675, 135.62902832, 201.033340454, 131.501571655, 80.9204711914, 66.3281173706, 38.9907646179], [345.423217773, 88.0564575195, -64.4257049561, 58.7790718079, 80.3500900269, 84.4925537109, 93.0884780884, 108.426734924, 131.501571655, 207.783432007, 125.947517395, 60.1800613403, 52.5580787659], [272.275421143, 56.8385543823, 33.1788864136, 62.3477096558, 48.8239746094, 67.2410812378, 83.0578308105, 87.290687561, 80.9204711914, 125.947517395, 170.103057861, 107.124763489, 47.4221229553], [344.182403564, 8.22470283508, 33.9553565979, 76.0771636963, 54.3341674805, 90.5113449097, 97.0555038452, 106.382827759, 66.3281173706, 60.1800613403, 107.124763489, 183.2709198, 108.555236816], [111.658195496, 104.299041748, 7.61128091812, 49.628993988, 47.5486488342, 63.0855903625, 84.8512191772, 75.3141174316, 38.9907646179, 52.5580787659, 47.4221229553, 108.555236816, 149.457778931]], "icov": [[0.000143290570122, 0.000101692734461, 0.000172557134647, -5.77310202061e-05, 1.18448651847e-05, -0.000230064455536, 8.08177082945e-06, -0.000151396161527, 0.000146918493556, -9.36881988309e-05, -5.47501840629e-05, -0.000147304468555, 0.000116390358016], [0.000101692734461, 0.000527326832525, 8.5250059783e-05, 6.82083846186e-05, 3.51085764123e-05, -3.80122244792e-08, -0.000388870626921, -6.28351117484e-05, 0.000134999936563, -0.000131929919007, -0.000239390778006, 0.0003371295752, -0.000387410167605], [0.000172557134647, 8.5250059783e-05, 0.00147594721057, -0.000515730294865, -0.000502565060742, 0.000520060071722, -0.000875097815879, 0.00011475176143, -0.000461465300759, 0.00148191046901, -0.00110658269841, 0.000154975932674, 0.000124855709146], [-5.77310202061e-05, 6.82083846186e-05, -0.000515730294865, 0.00422308687121, -0.00208848481998, 4.47079255537e-05, -0.000896034704056, 8.80008083186e-05, 0.000268968229648, -0.00012783058628, -7.42624179111e-05, -0.000670952664223, 0.000215073450818], [1.18448651847e-05, 3.51085764123e-05, -0.000502565060742, -0.00208848481998, 0.00661547668278, -0.00456058885902, 0.00253238156438, -0.00100957683753, 0.00100995355751, -0.0020521376282, 0.000778082991019, 0.000791656319052, -0.000786569027696], [-0.000230064455536, -3.80122244792e-08, 0.000520060071722, 4.47079255537e-05, -0.00456058885902, 0.00975206121802, -0.00639499351382, 0.00234059779905, -0.00247366307303, 0.00148672342766, 0.000394361035433, -0.00156436860561, 0.00104995071888], [8.08177082945e-06, -0.000388870626921, -0.000875097815879, -0.000896034704056, 0.00253238156438, -0.00639499351382, 0.0136071108282, -0.0081435367465, 0.00328952935524, -0.00151119043585, -0.000913864350878, 0.00173791567795, -0.00241946685128], [-0.000151396161527, -6.28351117484e-05, 0.00011475176143, 8.80008083186e-05, -0.00100957683753, 0.00234059779905, -0.0081435367465, 0.0125967953354, -0.00529369246215, 0.00011040426034, 0.00110508268699, -0.00287166028284, 0.000808033160865], [0.000146918493556, 0.000134999936563, -0.000461465300759, 0.000268968229648, 0.00100995355751, -0.00247366307303, 0.00328952935524, -0.00529369246215, 0.0120157729834, -0.00727372430265, 0.00212045502849, -0.00220575323328, 0.00160551606677], [-9.36881988309e-05, -0.000131929919007, 0.00148191046901, -0.00012783058628, -0.0020521376282, 0.00148672342766, -0.00151119043585, 0.00011040426034, -0.00727372430265, 0.0172901060432, -0.01202530507, 0.00738077796996, -0.00477124983445], [-5.47501840629e-05, -0.000239390778006, -0.00110658269841, -7.42624179111e-05, 0.000778082991019, 0.000394361035433, -0.000913864350878, 0.00110508268699, 0.00212045502849, -0.01202530507, 0.0196284223348, -0.0121396686882, 0.00610192678869], [-0.000147304468555, 0.0003371295752, 0.000154975932674, -0.000670952664223, 0.000791656319052, -0.00156436860561, 0.00173791567795, -0.00287166028284, -0.00220575323328, 0.00738077796996, -0.0121396686882, 0.0194283351302, -0.0113209923729], [0.000116390358016, -0.000387410167605, 0.000124855709146, 0.000215073450818, -0.000786569027696, 0.00104995071888, -0.00241946685128, 0.000808033160865, 0.00160551606677, -0.00477124983445, 0.00610192678869, -0.0113209923729, 0.0151155889034]]}, "spectral_contrast_coeffs": {"dmean": [0.0497950837016, 0.044905602932, 0.0412783063948, 0.0362490303814, 0.0271935109049, 0.0253385249525], "dmean2": [0.082032084465, 0.0739166066051, 0.0679879710078, 0.0587183386087, 0.0439940877259, 0.0400236696005], "dvar": [0.00181547761895, 0.00167304486968, 0.00157255784143, 0.00116330489982, 0.000746055273339, 0.000633664720226], "dvar2": [0.00486997142434, 0.00435685319826, 0.00399779528379, 0.00280218315311, 0.00175751338247, 0.00134808314033], "max": [-0.225851565599, -0.353341698647, -0.445290982723, -0.479403764009, -0.622468352318, -0.635145008564], "mean": [-0.595693230629, -0.700299680233, -0.730660796165, -0.776477396488, -0.818995952606, -0.802507817745], "median": [-0.607307910919, -0.70213830471, -0.730711102486, -0.778118252754, -0.823450446129, -0.805948734283], "min": [-0.977328896523, -0.97242552042, -0.970217645168, -0.964627146721, -0.964543938637, -0.959312140942], "var": [0.0104665951803, 0.00610323017463, 0.00557998334989, 0.00469496613368, 0.002516400069, 0.00181130564306]}, "spectral_contrast_valleys": {"dmean": [0.477817386389, 0.442685514688, 0.475220501423, 0.595119416714, 0.671021401882, 0.934913277626], "dmean2": [0.764999210835, 0.721395075321, 0.762140512466, 0.919212400913, 1.01072800159, 1.37569594383], "dvar": [0.22329454124, 0.245247468352, 0.299119979143, 0.47772026062, 0.621218144894, 0.936946153641], "dvar2": [0.486050486565, 0.576447665691, 0.690409183502, 0.999091029167, 1.3003590107, 1.84590435028], "max": [-5.04351806641, -4.6616435051, -5.13040494919, -4.99930429459, -5.15668344498, -7.1779437