{"lowlevel": {"average_loudness": 0.782340764999, "barkbands_crest": {"dmean": 2.04678654671, "dmean2": 3.17829465866, "dvar": 3.86802458763, "dvar2": 8.88039779663, "max": 24.9763298035, "mean": 11.7334079742, "median": 10.9230413437, "min": 4.06412744522, "var": 15.9905233383}, "barkbands_flatness_db": {"dmean": 0.0198251996189, "dmean2": 0.0324124656618, "dvar": 0.000329532776959, "dvar2": 0.000861474720296, "max": 0.554812967777, "mean": 0.358851283789, "median": 0.358382880688, "min": 0.0824428275228, "var": 0.00239727762528}, "barkbands_kurtosis": {"dmean": 1.28481924534, "dmean2": 2.01112294197, "dvar": 6.93865966797, "dvar2": 17.0823345184, "max": 96.0353927612, "mean": 2.40165686607, "median": 1.10791754723, "min": -1.82844412327, "var": 30.8257026672}, "barkbands_skewness": {"dmean": 0.340948671103, "dmean2": 0.505494773388, "dvar": 0.122880987823, "dvar2": 0.252495914698, "max": 6.21797084808, "mean": 0.621598780155, "median": 0.634648561478, "min": -8.33915328979, "var": 1.38607573509}, "barkbands_spread": {"dmean": 1.11341869831, "dmean2": 1.68064391613, "dvar": 3.10372686386, "dvar2": 6.94496011734, "max": 109.298957825, "mean": 6.63433265686, "median": 5.70535707474, "min": 0.655937612057, "var": 17.612663269}, "dissonance": {"dmean": 0.0384384952486, "dmean2": 0.0658652484417, "dvar": 0.00134265387896, "dvar2": 0.00358704500832, "max": 0.5, "mean": 0.40904340148, "median": 0.417518615723, "min": 0.157974079251, "var": 0.00317535083741}, "dynamic_complexity": 4.85438013077, "erbbands_crest": {"dmean": 2.25250673294, "dmean2": 3.30128097534, "dvar": 5.15318155289, "dvar2": 10.1843194962, "max": 33.1706352234, "mean": 13.8474416733, "median": 12.9536571503, "min": 3.05147743225, "var": 28.3392601013}, "erbbands_flatness_db": {"dmean": 0.0140729332343, "dmean2": 0.0218651667237, "dvar": 0.00018028296472, "dvar2": 0.000392107234802, "max": 0.556367814541, "mean": 0.389500379562, "median": 0.388030380011, "min": 0.0363784767687, "var": 0.00222959392704}, "erbbands_kurtosis": {"dmean": 1.18946969509, "dmean2": 1.72821712494, "dvar": 5.10277366638, "dvar2": 10.5817832947, "max": 68.1935501099, "mean": 1.92697298527, "median": 0.656232595444, "min": -1.85419678688, "var": 22.6860733032}, "erbbands_skewness": {"dmean": 0.299914419651, "dmean2": 0.431881308556, "dvar": 0.0981580764055, "dvar2": 0.194596543908, "max": 5.95278692245, "mean": 0.0318647138774, "median": 0.237295806408, "min": -6.99546861649, "var": 1.209892869}, "erbbands_spread": {"dmean": 1.90144276619, "dmean2": 2.81361150742, "dvar": 5.3316860199, "dvar2": 11.2018814087, "max": 105.21244812, "mean": 11.615275383, "median": 11.1788187027, "min": 0.63148021698, "var": 32.8277206421}, "hfc": {"dmean": 3.9484641552, "dmean2": 5.19814729691, "dvar": 45.1896018982, "dvar2": 74.1936187744, "max": 108.775672913, "mean": 13.5633029938, "median": 8.57262134552, "min": 1.19180500294e-16, "var": 204.749511719}, "melbands_crest": {"dmean": 2.14760041237, "dmean2": 3.38437104225, "dvar": 4.52679252625, "dvar2": 11.6254787445, "max": 33.0831794739, "mean": 13.3578166962, "median": 12.5688066483, "min": 1.87692630291, "var": 20.2872600555}, "melbands_flatness_db": {"dmean": 0.0230852607638, "dmean2": 0.0378498919308, "dvar": 0.000515302177519, "dvar2": 0.00128438638058, "max": 0.673207938671, "mean": 0.466846734285, "median": 0.464438557625, "min": 0.00802511908114, "var": 0.004915389698}, "melbands_kurtosis": {"dmean": 1.34806573391, "dmean2": 2.07268238068, "dvar": 4.42604875565, "dvar2": 10.8334531784, "max": 105.539154053, "mean": 2.7851293087, "median": 1.45758867264, "min": -1.85464036465, "var": 27.2471828461}, "melbands_skewness": {"dmean": 0.347161859274, "dmean2": 0.512899756432, "dvar": 0.112783372402, "dvar2": 0.234353378415, "max": 5.89753341675, "mean": 0.975779116154, "median": 0.97623872757, "min": -5.37257528305, "var": 1.22662460804}, "melbands_spread": {"dmean": 1.92343139648, "dmean2": 2.87863135338, "dvar": 9.28421974182, "dvar2": 14.7718639374, "max": 171.032165527, "mean": 11.3412256241, "median": 9.52639198303, "min": 0.997344374657, "var": 68.4988021851}, "pitch_salience": {"dmean": 0.0521705150604, "dmean2": 0.0829425752163, "dvar": 0.00255603925325, "dvar2": 0.00658153276891, "max": 0.857871830463, "mean": 0.513688445091, "median": 0.514518141747, "min": 0.109377928078, "var": 0.0102519830689}, "silence_rate_20dB": {"dmean": 0, "dmean2": 0, "dvar": 0, "dvar2": 0, "max": 1, "mean": 1, "median": 1, "min": 1, "var": 0}, "silence_rate_30dB": {"dmean": 0.00226900284179, "dmean2": 0.00453857798129, "dvar": 0.00226405845024, "dvar2": 0.00527371745557, "max": 1, "mean": 0.997983336449, "median": 1, "min": 0, "var": 0.00201241439208}, "silence_rate_60dB": {"dmean": 0.0199168026447, "dmean2": 0.0398386269808, "dvar": 0.0195201560855, "dvar2": 0.0405205786228, "max": 1, "mean": 0.140912532806, "median": 0, "min": 0, "var": 0.121056355536}, "spectral_centroid": {"dmean": 57.8216819763, "dmean2": 84.6037063599, "dvar": 14254.0751953, "dvar2": 20242.3144531, "max": 11181.8896484, "mean": 605.561889648, "median": 564.435058594, "min": 179.879379272, "var": 93777.796875}, "spectral_complexity": {"dmean": 1.33997225761, "dmean2": 2.16792726517, "dvar": 1.96421849728, "dvar2": 4.30764913559, "max": 24, "mean": 11.3443412781, "median": 12, "min": 0, "var": 24.3018989563}, "spectral_decrease": {"dmean": 1.39787359466e-09, "dmean2": 1.91104643221e-09, "dvar": 4.14044262997e-18, "dvar2": 7.29637406769e-18, "max": 4.76973358203e-16, "mean": -5.92787108289e-09, "median": -4.82642903421e-09, "min": -3.30853211494e-08, "var": 2.56140000466e-17}, "spectral_energy": {"dmean": 0.00561886979267, "dmean2": 0.00765959126875, "dvar": 6.76118652336e-05, "dvar2": 0.00011807960982, "max": 0.132024466991, "mean": 0.0236033480614, "median": 0.0190889313817, "min": 1.03820488813e-20, "var": 0.000411198969232}, "spectral_energyband_high": {"dmean": 2.33832565755e-06, "dmean2": 3.65857385987e-06, "dvar": 1.32305513767e-10, "dvar2": 3.30976884788e-10, "max": 0.000365409301594, "mean": 2.92276058644e-06, "median": 1.56796730266e-07, "min": 7.75973770551e-21, "var": 1.34847452649e-10}, "spectral_energyband_low": {"dmean": 0.000891926407348, "dmean2": 0.00141852663364, "dvar": 4.6466434469e-06, "dvar2": 1.29179816213e-05, "max": 0.0504225417972, "mean": 0.00242117326707, "median": 0.000823787180707, "min": 4.24002860018e-23, "var": 1.75263176061e-05}, "spectral_energyband_middle_high": {"dmean": 0.00257611693814, "dmean2": 0.00344954803586, "dvar": 3.30389048031e-05, "dvar2": 5.67231836612e-05, "max": 0.108603313565, "mean": 0.00701224757358, "median": 0.00238545192406, "min": 1.19577136454e-21, "var": 0.000129754771478}, "spectral_energyband_middle_low": {"dmean": 0.0034354433883, "dmean2": 0.00488066067919, "dvar": 2.84577090497e-05, "dvar2": 5.31738987775e-05, "max": 0.115240469575, "mean": 0.0151111800224, "median": 0.0125361084938, "min": 3.12526950193e-22, "var": 0.000181589493877}, "spectral_entropy": {"dmean": 0.143563136458, "dmean2": 0.226317420602, "dvar": 0.0307876877487, "dvar2": 0.0726270824671, "max": 9.81391811371, "mean": 5.76629734039, "median": 5.77475452423, "min": 4.323969841, "var": 0.165650293231}, "spectral_flux": {"dmean": 0.0182015839964, "dmean2": 0.0288727935404, "dvar": 0.000555719831027, "dvar2": 0.00131145492196, "max": 0.235821858048, "mean": 0.043635815382, "median": 0.0369970500469, "min": 1.01892341786e-10, "var": 0.00105084863026}, "spectral_kurtosis": {"dmean": 34.4110679626, "dmean2": 59.784614563, "dvar": 1028.92138672, "dvar2": 2803.30810547, "max": 413.453948975, "mean": 105.983108521, "median": 93.7170333862, "min": -1.23449003696, "var": 4552.06738281}, "spectral_rms": {"dmean": 0.000519026594702, "dmean2": 0.000706905382685, "dvar": 3.84560053135e-07, "dvar2": 6.47227182071e-07, "max": 0.0113492002711, "mean": 0.00428185099736, "median": 0.0043154777959, "min": 3.1825820191e-12, "var": 4.69339420306e-06}, "spectral_rolloff": {"dmean": 72.8184814453, "dmean2": 129.912719727, "dvar": 111169.039062, "dvar2": 229580.71875, "max": 19724.4140625, "mean": 861.581726074, "median": 818.26171875, "min": 64.599609375, "var": 707742.9375}, "spectral_skewness": {"dmean": 1.84457933903, "dmean2": 3.25985836983, "dvar": 2.51467037201, "dvar2": 7.07607030869, "max": 16.054151535, "mean": 6.77570295334, "median": 6.41841125488, "min": -0.000883107597474, "var": 8.81624507904}, "spectral_spread": {"dmean": 262435.3125, "dmean2": 464070.09375, "dvar": 168564441088, "dvar2": 274331287552, "max": 41672432, "mean": 939179.9375, "median": 855038.25, "min": 184959.828125, "var": 917590245376}, "spectral_strongpeak": {"dmean": 0.658658921719, "dmean2": 1.01826703548, "dvar": 1.22499501705, "dvar2": 2.32175445557, "max": 12.5289421082, "mean": 1.81237614155, "median": 1.06513214111, "min": 0, "var": 3.65372800827}, "zerocrossingrate": {"dmean": 0.00289429584518, "dmean2": 0.00340510299429, "dvar": 6.08642912994e-05, "dvar2": 5.99406230322e-05, "max": 0.7734375, "mean": 0.0308297853917, "median": 0.0283203125, "min": 0.0029296875, "var": 0.000908557325602}, "barkbands": {"dmean": [1.77571189397e-06, 8.53659075801e-05, 0.000523242400959, 0.000642812636215, 0.00116276915651, 0.00103918486275, 0.000467387260869, 0.000843574176542, 0.000928584602661, 0.00127042795066, 0.000120698132378, 0.000676245079376, 0.00073201127816, 0.000144201563671, 4.4739805162e-05, 5.30043944309e-05, 2.69570409728e-05, 4.48791070085e-06, 8.77119146026e-06, 2.92849586003e-06, 6.63151581648e-07, 2.23882608452e-07, 3.32069625131e-08, 6.36141139765e-09, 1.01308772482e-09, 9.83677139743e-10, 1.23451149303e-09], "dmean2": [3.12337260766e-06, 0.000125154590933, 0.000809832825325, 0.0010354166152, 0.00176736130379, 0.00152350182179, 0.000777383800596, 0.00119104620535, 0.00124662555754, 0.00171956035774, 0.000191220737179, 0.000969319837168, 0.000928127032239, 0.000209223260754, 6.24196327408e-05, 7.59484464652e-05, 4.25221041951e-05, 7.22644881535e-06, 1.34737319968e-05, 4.35770789409e-06, 9.68826611825e-07, 3.38511171094e-07, 5.3666038724e-08, 1.11332640884e-08, 1.86075654884e-09, 1.81226367246e-09, 2.23357710105e-09], "dvar": [1.0213750852e-11, 3.356558409e-08, 1.87341413493e-06, 2.77910748991e-06, 4.21768663728e-06, 4.71137582281e-06, 7.06715638898e-07, 4.27450004281e-06, 9.94830497802e-06, 2.03218151e-05, 1.22534117963e-07, 4.53409757029e-06, 6.26765586276e-06, 2.90981517992e-07, 2.76031748569e-08, 2.97006721439e-08, 6.92037582795e-09, 1.75595232799e-10, 8.2845347249e-10, 1.58883878276e-10, 6.08371252681e-12, 1.53834844169e-12, 2.00068138597e-13, 1.00012703739e-14, 2.89456056213e-18, 2.67098377552e-18, 3.12134391439e-18], "dvar2": [3.0021891223e-11, 5.60374360248e-08, 4.9205200412e-06, 7.14954603609e-06, 9.92153854895e-06, 7.46934983908e-06, 2.00291560759e-06, 8.21465891931e-06, 1.69808718056e-05, 3.54488911398e-05, 2.44633525881e-07, 8.60274576553e-06, 9.3213539003e-06, 5.08207222083e-07, 4.47147030513e-08, 6.54754686025e-08, 1.5616469895e-08, 4.52265447315e-10, 1.97225280552e-09, 3.67845032212e-10, 1.3453202094e-11, 3.11797007484e-12, 4.85604015766e-13, 2.76362354496e-14, 9.12506939716e-18, 8.47292930121e-18, 9.98181675353e-18], "max": [5.25129580637e-05, 0.00713907182217, 0.0422827005386, 0.0394362211227, 0.0411837548018, 0.0508479736745, 0.0232484471053, 0.0378629751503, 0.0864255726337, 0.102891549468, 0.0204658508301, 0.0726600512862, 0.0434580892324, 0.0204298123717, 0.00572661170736, 0.00440147193149, 0.00213978113607, 0.00019927728863, 0.000591514806729, 0.00037231206079, 4.63199758087e-05, 1.80446932063e-05, 1.63572894962e-05, 4.11012160839e-06, 3.64250958285e-08, 3.36932153289e-08, 3.96081709653e-08], "mean": [2.08268920687e-06, 0.00020703698101, 0.00136633869261, 0.00190788146574, 0.00431766686961, 0.00304935243912, 0.00133928982541, 0.00190971186385, 0.00243912800215, 0.00333699444309, 0.000236619001953, 0.00143206503708, 0.00147321051918, 0.000316357502015, 0.000103934857179, 9.41871185205e-05, 4.38770621258e-05, 9.82667279459e-06, 1.27532948682e-05, 3.76131652047e-06, 9.56560256782e-07, 2.33032906749e-07, 3.48560824648e-08, 5.38609246092e-09, 1.17354181928e-09, 1.30118038566e-09, 3.7265235342e-09], "median": [8.05326180853e-07, 5.20929133927e-05, 0.000280883396044, 0.000486044504214, 0.00267166132107, 0.00125398254022, 0.000798505847342, 0.000762228854001, 0.000527194701135, 0.00046788965119, 0.000106379018689, 0.00026414412423, 0.000132199085783, 8.74567340361e-05, 2.35706411331e-05, 2.11307815334e-05, 4.13294492319e-06, 2.44881584877e-06, 9.61971409197e-07, 1.69646199311e-07, 3.5962848699e-08, 2.60093768745e-09, 1.21142429421e-09, 6.85255518995e-10, 6.5266891891e-10, 8.22815149348e-10, 3.28944294026e-09], "min": [2.32282176135e-23, 1.79008016846e-23, 1.27702554608e-23, 5.22020144889e-24, 1.05581332881e-23, 6.55663319096e-23, 5.36884974359e-23, 6.49940038566e-23, 1.01219752491e-22, 8.04857742201e-23, 3.09539016452e-23, 5.34733719116e-23, 3.04098369007e-23, 5.35758102333e-23, 8.59372700809e-23, 1.39590426548e-22, 8.77788059107e-23, 2.6016105064e-22, 2.71479955074e-22, 3.27548502659e-22, 4.58391900651e-22, 4.43604229666e-22, 6.6257454842e-22, 5.90334175573e-22, 1.50149911628e-21, 1.62908980726e-21, 2.51204695002e-21], "var": [1.22546035819e-11, 2.31944596862e-07, 8.38780215418e-06, 1.01218683994e-05, 2.53662074101e-05, 2.29405268328e-05, 2.8552663025e-06, 1.03480388134e-05, 3.79354823963e-05, 7.57508460083e-05, 2.86090482859e-07, 1.26475579236e-05, 1.9372195311e-05, 1.05208164314e-06, 1.3044075331e-07, 4.58451943075e-08, 1.20153265115e-08, 3.04108044302e-10, 1.10435760536e-09, 1.87760237913e-10, 8.98881923755e-12, 1.78845707775e-12, 1.69830444738e-13, 6.67834783988e-15, 2.5851197396e-18, 2.35780368303e-18, 2.82534270886e-18]}, "erbbands": {"dmean": [0.00127800251357, 0.0293260738254, 0.413318097591, 1.57731282711, 2.82167291641, 4.45684623718, 6.67974233627, 8.1711063385, 6.62841892242, 8.29743099213, 20.662065506, 22.0876293182, 29.0430908203, 20.5445079803, 8.09410762787, 25.0472240448, 38.9613952637, 5.00758314133, 6.51570272446, 2.4859828949, 3.00851297379, 1.56465649605, 0.531628847122, 0.328840881586, 0.293136417866, 0.15864995122, 0.0414673909545, 0.0198419969529, 0.00940793659538, 0.00103965599556, 0.00126209657174, 8.8102533482e-05, 0.000171704727109, 1.98598172574e-05, 8.88970589585e-06, 5.42916632185e-06, 2.86701356345e-06, 9.43847680901e-07, 2.83506915366e-06, 6.47375873086e-06], "dmean2": [0.00208620005287, 0.0418743304908, 0.615498006344, 2.59198904037, 4.19156312943, 7.17020845413, 9.97501850128, 11.6173019409, 11.0815534592, 12.4244565964, 28.6039733887, 29.5257320404, 38.0968513489, 28.984582901, 12.2107162476, 34.8293685913, 49.3439941406, 6.93740749359, 9.33719062805, 3.64469480515, 4.23260831833, 2.38966798782, 0.863386929035, 0.497883379459, 0.441188842058, 0.245382979512, 0.0627400353551, 0.0274443477392, 0.0139382937923, 0.00162076635752, 0.00203126948327, 0.000140159652801, 0.000298170838505, 3.38678582921e-05, 1.45787289512e-05, 8.54701011122e-06, 4.36149503003e-06, 1.48665435518e-06, 3.82337702831e-06, 8.79435265233e-06], "dvar": [5.10690961164e-06, 0.00482128653675, 1.18457269669, 16.1723232269, 31.0561008453, 74.3300933838, 113.570381165, 327.868286133, 193.300933838, 225.638061523, 2565.55688477, 6193.69970703, 9422.68261719, 4616.23144531, 786.318847656, 5913.30615234, 16525.6933594, 269.61895752, 569.450195312, 53.9845123291, 130.553634644, 20.089056015, 3.10991191864, 0.961482644081, 0.803158462048, 0.592617750168, 0.0178650598973, 0.0116921002045, 0.00207932153717, 3.51362032234e-05, 0.000282441847958, 5.83192559134e-07, 9.40596783039e-06, 1.91288815898e-08, 1.95365612576e-10, 6.37856364949e-11, 1.72815008831e-11, 1.92167896179e-12, 1.75300468586e-11, 9.08951108824e-11], "dvar2": [1.37454562719e-05, 0.00749663682655, 2.59750199318, 46.1396598816, 65.1668930054, 199.775894165, 224.612182617, 462.16506958, 564.580322266, 469.818084717, 5256.24804688, 10829.2949219, 15434.9199219, 8692.32714844, 1797.02929688, 9527.05371094, 24521.7207031, 471.534729004, 1032.47619629, 115.943450928, 284.844146729, 41.9628868103, 8.05170154572, 2.28997731209, 1.83880388737, 1.48733818531, 0.0450031831861, 0.0224750302732, 0.00420902529731, 8.29053824418e-05, 0.000687645107973, 1.40579550134e-06, 2.59777789324e-05, 5.25491259395e-08, 5.26373278298e-10, 1.56814172758e-10, 3.882444366e-11, 4.5729843523e-12, 2.97904270696e-11, 1.57146573532e-10], "max": [0.0628636330366, 3.15217208862, 43.6188735962, 73.2978820801, 115.582740784, 167.054046631, 201.970947266, 434.718231201, 426.172149658, 245.901092529, 955.001281738, 2283.06420898, 2213.97021484, 1478.33935547, 625.539916992, 3736.06494141, 2179.77636719, 1231.02502441, 698.781433105, 183.121200562, 299.609924316, 85.515045166, 23.0146198273, 21.3557033539, 18.6951065063, 26.1224117279, 2.37673449516, 2.6175775528, 0.647036492825, 0.150983661413, 0.611105442047, 0.0256868582219, 0.126092404127, 0.00567357102409, 0.000315238023177, 0.000169899823959, 8.8912776846e-05, 3.20553444908e-05, 6.57177151879e-05, 0.000151315063704], "mean": [0.00239286059514, 0.08043500036, 1.16996192932, 4.40613746643, 11.2825183868, 12.7351074219, 21.5218734741, 25.4890727997, 19.4805469513, 23.486032486, 50.2867546082, 61.4534225464, 80.8553543091, 52.2284812927, 17.2613754272, 56.0145378113, 84.1436920166, 12.0259389877, 13.9383192062, 6.36409473419, 4.73392963409, 2.55043983459, 1.10286331177, 0.545109033585, 0.438021153212, 0.200961366296, 0.0608124248683, 0.0268187951297, 0.0102966045961, 0.00133615615778, 0.00136537617072, 0.000117798736028, 0.00015483777679, 3.56883901986e-05, 2.36951782426e-05, 1.71093324752e-05, 1.01144260043e-05, 3.05477283291e-06, 1.20784879982e-05, 2.69436022791e-05], "median": [0.00115343136713, 0.0193213615566, 0.286043792963, 1.86194801331, 3.33566713333, 7.44196128845, 12.9821166992, 10.8209486008, 10.5689411163, 14.6400222778, 20.7549514771, 13.4148674011, 17.2416725159, 12.0728130341, 7.53819561005, 10.2771701813, 8.34780406952, 4.53256177902, 3.18629050255, 2.17531299591, 0.962769269943, 0.375498086214, 0.23898383975, 0.0941777825356, 0.0456086471677, 0.0113883214071, 0.00352252181619, 0.000930984155275, 0.000193091429537, 7.96974636614e-05, 5.23013040947e-05, 3.41924314853e-05, 2.61125132965e-05, 2.14574811253e-05, 1.73607804754e-05, 1.29771624415e-05, 7.85833799455e-06, 2.22525250138e-06, 9.66782408796e-06, 2.16400439967e-05], "min": [6.46770117769e-22, 3.48342477273e-21, 1.1857602577e-20, 2.40261523629e-20, 8.59068182829e-21, 3.00069137609e-20, 2.69095527593e-19, 4.94622831937e-19, 7.59147126821e-19, 1.4545491307e-18, 1.25815990967e-18, 2.39601032835e-18, 2.02260528341e-18, 1.80350188955e-18, 1.84861797452e-18, 2.24405083917e-18, 1.55249579383e-18, 2.87141749616e-18, 3.0700119807e-18, 8.32522793103e-18, 5.12083322199e-18, 5.99275975619e-18, 1.42164156983e-17, 9.90040067456e-18, 1.48303557663e-17, 1.5417048505e-17, 1.56370537326e-17, 1.98881218433e-17, 1.57923916342e-17, 2.13143466555e-17, 1.62709900648e-17, 1.34772768814e-17, 1.14592117856e-17, 1.53628880273e-17, 1.0606993243e-17, 5.91208855336e-18, 3.40036144758e-18, 1.30879225535e-18, 3.49904275049e-19, 3.55395177503e-20], "var": [1.18963289424e-05, 0.0357150100172, 6.65059709549, 47.5089378357, 305.453308105, 261.310974121, 618.342468262, 1617.22241211, 745.790649414, 795.744689941, 6855.0390625, 23803.0664062, 37193.6210938, 15490.0039062, 1414.0279541, 19918.0410156, 53792.0742188, 1337.53173828, 1819.04907227, 167.976333618, 180.576934814, 34.2605247498, 6.1960682869, 1.35958194733, 1.16231012344, 0.584356963634, 0.0234302729368, 0.0197349656373, 0.00249247462489, 3.70186317014e-05, 0.00023915420752, 5.26750966401e-07, 6.27812551102e-06, 1.37698989988e-08, 4.88835583123e-10, 2.28306901162e-10, 7.39116615134e-11, 6.29343105407e-12, 1.04214158136e-10, 5.42230538247e-10]}, "gfcc": {"mean": [-199.948562622, 246.171203613, -133.397338867, -55.8959541321, -18.0010108948, -33.635848999, -23.096736908, -19.2358455658, -18.4957866669, -12.7157001495, -7.05511283875, -15.3352117538, -3.3016769886], "cov": [[13099.2382812, 1308.25634766, -4439.03759766, 345.238708496, 475.520935059, -1039.35412598, 474.816162109, -317.185791016, -501.981781006, -549.705566406, -423.761322021, -545.212402344, -271.238098145], [1308.25634766, 929.901245117, 16.6439552307, -349.140716553, 201.916091919, -86.0778274536, -173.209869385, 7.71761369705, -63.85546875, -157.99772644, -123.955436707, -175.897201538, -30.4440727234], [-4439.03759766, 16.6439552307, 2452.37182617, 46.2267112732, -221.328048706, 375.870849609, -230.92300415, 162.396942139, 154.518615723, 8.57156181335, -38.7360305786, 63.7656478882, 26.1002922058], [345.238708496, -349.140716553, 46.2267112732, 809.551269531, -70.4527282715, -134.860168457, 250.756698608, -4.19197797775, -63.0254058838, 14.2630243301, -26.9316864014, -7.69015741348, -90.3077011108], [475.520935059, 201.916091919, -221.328048706, -70.4527282715, 252.516845703, -8.55980873108, -38.1465415955, -8.12200832367, -62.5725784302, -23.8719615936, 15.4602365494, -48.87840271, -25.0734577179], [-1039.35412598, -86.0778274536, 375.870849609, -134.860168457, -8.55980873108, 320.498779297, -20.0845146179, -30.5247020721, 69.5383987427, 49.6621398926, 61.6467437744, 83.9516983032, 6.45287322998], [474.816162109, -173.209869385, -230.92300415, 250.756698608, -38.1465415955, -20.0845146179, 235.68371582, 33.8636779785, -35.3792114258, 26.3801193237, 10.4226913452, 18.7480792999, -32.5888671875], [-317.185791016, 7.71761369705, 162.396942139, -4.19197797775, -8.12200832367, -30.5247020721, 33.8636779785, 167.484207153, 62.5857620239, -3.6014316082, -23.1460609436, -18.9201278687, 13.4859237671], [-501.981781006, -63.85546875, 154.518615723, -63.0254058838, -62.5725784302, 69.5383987427, -35.3792114258, 62.5857620239, 166.024749756, 67.6311035156, -19.1899414062, 10.2767467499, 34.6132011414], [-549.705566406, -157.99772644, 8.57156181335, 14.2630243301, -23.8719615936, 49.6621398926, 26.3801193237, -3.6014316082, 67.6311035156, 166.560043335, 90.6946868896, 37.0734519958, 23.3757019043], [-423.761322021, -123.955436707, -38.7360305786, -26.9316864014, 15.4602365494, 61.6467437744, 10.4226913452, -23.1460609436, -19.1899414062, 90.6946868896, 165.229873657, 102.579307556, -1.85680985451], [-545.212402344, -175.897201538, 63.7656478882, -7.69015741348, -48.87840271, 83.9516983032, 18.7480792999, -18.9201278687, 10.2767467499, 37.0734519958, 102.579307556, 160.017700195, 38.5422477722], [-271.238098145, -30.4440727234, 26.1002922058, -90.3077011108, -25.0734577179, 6.45287322998, -32.5888671875, 13.4859237671, 34.6132011414, 23.3757019043, -1.85680985451, 38.5422477722, 108.385131836]], "icov": [[0.000964246049989, -0.00171715323813, 0.00184274616186, -0.0011398155475, 0.00101169559639, -0.000316843332257, -0.000485688942717, 0.000505456584506, -0.000552727084141, 0.00198265002109, -0.000123915669974, 0.000850033247843, 2.57690098806e-05], [-0.00171715323813, 0.00580302160233, -0.0043321987614, 0.00401525245979, -0.0043016304262, 0.00310796638951, -0.0017177471891, 0.00196654140018, -0.00150032655802, -0.000363424362149, -0.00139638653491, 0.00102465238888, -5.05680291099e-05], [0.00184274616186, -0.0043321987614, 0.00585446832702, -0.00465131830424, 0.00515816407278, -0.00554554769769, 0.00576890585944, -0.00547257205471, 0.00482699275017, -0.000670901441481, 0.00401697820053, -0.000854246492963, 0.00102404213976], [-0.0011398155475, 0.00401525245979, -0.00465131830424, 0.0066474112682, -0.00483733695, 0.00675255665556, -0.00826492812485, 0.00660029379651, -0.00511818565428, 0.00151655438822, -0.00234923930839, 0.000638674304355, 0.0011468619341], [0.00101169559639, -0.0043016304262, 0.00515816407278, -0.00483733695, 0.0114403394982, -0.00806467328221, 0.0094266301021, -0.00921631697565, 0.0098131634295, -0.0041587408632, 0.00332278409041, -7.71210325183e-05, 0.00100610184018], [-0.000316843332257, 0.00310796638951, -0.00554554769769, 0.00675255665556, -0.00806467328221, 0.0156009271741, -0.0151277491823, 0.0154014192522, -0.0156135521829, 0.00936098024249, -0.0092419218272, 0.0026602530852, -0.000354552641511], [-0.000485688942717, -0.0017177471891, 0.00576890585944, -0.00826492812485, 0.0094266301021, -0.0151277491823, 0.0285208001733, -0.0231796894222, 0.0234982017428, -0.0193176474422, 0.017421323806, -0.0110186086968, 0.00544624496251], [0.000505456584506, 0.00196654140018, -0.00547257205471, 0.00660029379651, -0.00921631697565, 0.0154014192522, -0.0231796894222, 0.0285754967481, -0.0255316924304, 0.0199816450477, -0.0179226435721, 0.0113943023607, -0.00545430695638], [-0.000552727084141, -0.00150032655802, 0.00482699275017, -0.00511818565428, 0.0098131634295, -0.0156135521829, 0.0234982017428, -0.0255316924304, 0.0361362285912, -0.0277991835028, 0.0260408706963, -0.0143559062853, 0.00621674675494], [0.00198265002109, -0.000363424362149, -0.000670901441481, 0.00151655438822, -0.0041587408632, 0.00936098024249, -0.0193176474422, 0.0199816450477, -0.0277991835028, 0.037055619061, -0.0305639915168, 0.0204478558153, -0.0104383071885], [-0.000123915669974, -0.00139638653491, 0.00401697820053, -0.00234923930839, 0.00332278409041, -0.0092419218272, 0.017421323806, -0.0179226435721, 0.0260408706963, -0.0305639915168, 0.0408403798938, -0.0259588155895, 0.0133663630113], [0.000850033247843, 0.00102465238888, -0.000854246492963, 0.000638674304355, -7.71210325183e-05, 0.0026602530852, -0.0110186086968, 0.0113943023607, -0.0143559062853, 0.0204478558153, -0.0259588155895, 0.0275332201272, -0.0118151744828], [2.57690098806e-05, -5.05680291099e-05, 0.00102404213976, 0.0011468619341, 0.00100610184018, -0.000354552641511, 0.00544624496251, -0.00545430695638, 0.00621674675494, -0.0104383071885, 0.0133663630113, -0.0118151744828, 0.017252124846]]}, "melbands": {"dmean": [1.62836349773e-05, 0.000157557151397, 0.000281195447315, 0.00026839657221, 0.000221617796342, 0.000188135934877, 9.36945652938e-05, 0.000117856368888, 0.000183415671927, 0.000121859731735, 0.000162610027473, 0.000110766697617, 2.0964165742e-05, 5.38074855285e-05, 0.000116759125376, 4.75976084999e-05, 7.52973301132e-06, 1.36803882924e-05, 2.71036014965e-06, 3.02524063045e-06, 3.62138757737e-06, 1.46951288116e-06, 1.21162634059e-06, 1.68537752643e-07, 2.80249167872e-07, 4.16051591401e-07, 9.94171145408e-08, 1.01979580336e-07, 2.22712390752e-08, 1.20465930564e-08, 1.36408369045e-08, 7.19922521597e-09, 6.89034940216e-10, 3.52876450282e-10, 1.12192632962e-09, 3.19205321897e-11, 2.59954262977e-11, 1.50617573969e-10, 3.42662773156e-11, 9.59770284081e-12], "dmean2": [2.48417782132e-05, 0.000234835068113, 0.000449154584203, 0.000414596375776, 0.000331113114953, 0.000270447024377, 0.000157493283041, 0.000169492486748, 0.00025262858253, 0.000162977739819, 0.000215065578232, 0.000154422275955, 3.25800028804e-05, 7.83184732427e-05, 0.000149399900693, 6.27026311122e-05, 1.0831149666e-05, 1.97756944544e-05, 3.87468480767e-06, 4.5149554353e-06, 5.06568767378e-06, 2.2329265903e-06, 1.9980172965e-06, 2.55265860005e-07, 4.26822737154e-07, 6.37674588688e-07, 1.37648939358e-07, 1.64411460446e-07, 3.354538336e-08, 1.83989712355e-08, 1.86413728898e-08, 1.08637596696e-08, 1.10990372448e-09, 5.72834890633e-10, 1.81169756974e-09, 5.15547431135e-11, 4.50501684568e-11, 2.63468441508e-10, 6.07509181849e-11, 1.7581748557e-11], "dvar": [9.09946562544e-10, 1.66745607544e-07, 4.18486933995e-07, 2.90194492436e-07, 1.115495607e-07, 1.65398603258e-07, 3.47624435904e-08, 5.93599160936e-08, 2.09401392226e-07, 1.84657750424e-07, 3.09954259592e-07, 1.44874931607e-07, 3.7611651571e-09, 5.07675146366e-08, 1.03297246312e-07, 3.01779081724e-08, 7.31947835675e-10, 2.71270006458e-09, 8.01117575056e-11, 6.23749038531e-11, 2.25366447726e-10, 2.57309954593e-11, 2.1024985572e-11, 2.42996513753e-13, 7.62464418859e-13, 1.91081612338e-12, 2.18481171197e-13, 3.39719680338e-13, 6.5327289002e-15, 1.92680937259e-15, 7.14981018997e-15, 1.68833772832e-15, 2.28212678995e-17, 9.05117238996e-18, 2.3935997007e-16, 1.70879455617e-20, 1.90622980525e-20, 7.78076358978e-18, 2.12941376508e-19, 2.60344747946e-22], "dvar2": [1.81274506517e-09, 3.72183080799e-07, 1.11886129162e-06, 6.95906749115e-07, 2.18380819206e-07, 2.43986875148e-07, 1.01420269516e-07, 1.09517088731e-07, 4.18909110067e-07, 3.17023477692e-07, 5.14852615652e-07, 2.67814101562e-07, 7.72680941452e-09, 1.08128823229e-07, 1.54364087734e-07, 4.91716818374e-08, 1.21055343527e-09, 4.94889906832e-09, 1.50315898617e-10, 1.37731284711e-10, 4.91754248433e-10, 5.12589241886e-11, 5.52156965983e-11, 5.31608286038e-13, 1.824784681e-12, 4.53630102232e-12, 3.87958653918e-13, 8.77281916816e-13, 1.65145895142e-14, 4.81415410737e-15, 1.37237480901e-14, 3.43165700053e-15, 5.63215367687e-17, 2.14993687605e-17, 5.8361268868e-16, 2.44392095254e-20, 4.89517699379e-20, 2.15226423142e-17, 5.88274308035e-19, 8.1874750015e-22], "max": [0.000962875550613, 0.0159991532564, 0.0135109713301, 0.0113248154521, 0.00626308191568, 0.00965713150799, 0.00558980507776, 0.00398187851533, 0.00852144043893, 0.0122341997921, 0.0127233657986, 0.00840720813721, 0.00301865418442, 0.0079619763419, 0.0054563167505, 0.0028121212963, 0.00208338559605, 0.00157521641813, 0.000252331636148, 0.000163136035553, 0.00039132029633, 0.000116962932225, 6.02498475928e-05, 1.21339480756e-05, 1.95022712433e-05, 2.79623618553e-05, 7.31073851057e-06, 1.91722538148e-05, 1.40695510709e-06, 6.61066451357e-07, 1.84415966942e-06, 5.98035114763e-07, 1.62477576282e-07, 1.0603309164e-07, 5.62716138575e-07, 9.90729276396e-09, 6.91126667007e-09, 1.15011118851e-07, 1.87014013164e-08, 3.2810890116e-10], "mean": [3.59458463208e-05, 0.000437856884673, 0.0009625707753, 0.000908459303901, 0.000741111172829, 0.000586878566537, 0.000268641597359, 0.000312901771395, 0.000454088411061, 0.00033042463474, 0.000441164680524, 0.000282859953586, 4.28802886745e-05, 0.000101240184449, 0.000258792686509, 9.55972718657e-05, 1.707487354e-05, 2.81350603473e-05, 6.70301233185e-06, 7.25143763702e-06, 5.09271330884e-06, 2.22133280658e-06, 2.14899364437e-06, 4.05175654805e-07, 4.32337600387e-07, 6.07270180808e-07, 1.36309679988e-07, 1.19835505075e-07, 3.30486216171e-08, 1.71747576161e-08, 1.74899827954e-08, 7.18674719735e-09, 8.77768080443e-10, 4.05712352602e-10, 1.16778320347e-09, 4.36107955304e-11, 2.74575102238e-11, 1.19711920932e-10, 2.99881612598e-11, 1.10426277497e-11], "median": [1.19239957712e-05, 9.51100228122e-05, 0.000408372608945, 0.000378977798391, 0.000492231920362, 0.000258893502178, 0.0001505939872, 0.000171256964677, 0.000165764853591, 6.8282141001e-05, 8.2152968389e-05, 5.13935592608e-05, 1.92683583009e-05, 1.87123005162e-05, 2.90719726763e-05, 9.85805309028e-06, 5.92993910686e-06, 5.06798596689e-06, 1.73115620328e-06, 2.16510306927e-06, 5.12151984822e-07, 2.23154259515e-07, 2.39113262523e-07, 1.00735306319e-07, 6.07742123293e-08, 4.1341827739e-08, 6.33348928858e-09, 5.14435738452e-09, 9.59335721973e-10, 7.07881642192e-10, 1.39564110269e-10, 5.15607972984e-11, 3.36972914849e-11, 2.66912048019e-11, 1.99148891822e-11, 1.18121640941e-11, 8.5920177223e-12, 7.84111317542e-12, 6.70935876301e-12, 5.86682091797e-12], "min": [5.80407132586e-24, 6.14052799612e-24, 3.31601546928e-24, 1.06564833382e-24, 7.19915408738e-24, 1.25220884975e-23, 1.15366710649e-23, 1.64943399989e-23, 1.16127559103e-23, 1.43709331236e-23, 1.0720200028e-23, 8.3334429835e-24, 4.9323113947e-24, 6.09564851593e-24, 5.3951711921e-24, 2.24244973298e-24, 6.04115203245e-24, 3.94235209536e-24, 8.83362024045e-24, 1.1821731475e-23, 4.99412653523e-24, 5.92177726153e-24, 1.01440822871e-23, 1.20741117444e-23, 7.00344952971e-24, 1.23203570425e-23, 7.58924028298e-24, 1.152797624e-23, 1.01299806096e-23, 9.45473618507e-24, 1.30852507757e-23, 8.97003795679e-24, 8.58689847032e-24, 1.30010793171e-23, 8.55346733402e-24, 1.04165856093e-23, 7.14434008738e-24, 6.37577420667e-24, 1.27737808802e-23, 1.30308177956e-23], "var": [4.9011292802e-09, 9.24190146634e-07, 1.87876162272e-06, 1.57800684519e-06, 6.54573454995e-07, 8.13145504708e-07, 1.30166469603e-07, 1.76410964059e-07, 6.47248327823e-07, 7.23268215097e-07, 1.20635968415e-06, 5.01364468164e-07, 8.37321145752e-09, 1.06539289391e-07, 3.69065702444e-07, 8.82962751803e-08, 3.85096665667e-09, 8.30878477132e-09, 3.15683312824e-10, 2.01318003934e-10, 3.04964442588e-10, 4.00994376593e-11, 3.92840725227e-11, 5.72375209295e-13, 1.02598420211e-12, 2.57524340394e-12, 3.6753101105e-13, 3.07115606817e-13, 9.34379662402e-15, 2.25056061162e-15, 1.20329263318e-14, 1.9392668979e-15, 2.29845417718e-17, 8.38544171654e-18, 2.016498515e-16, 3.7102666157e-20, 1.76294532105e-20, 5.17795831509e-18, 1.41574430456e-19, 2.4465436765e-22]}, "mfcc": {"mean": [-809.034240723, 248.520263672, -13.0707597733, -21.8374385834, 0.820368170738, -9.32643508911, -6.03981304169, -10.3944683075, -10.6821508408, -5.33030509949, -5.64701461792, -6.40214490891, -6.22356891632], "cov": [[6995.52539062, 2708.25268555, -2821.52709961, 127.843109131, -33.5995750427, -684.612304688, 253.063323975, 96.2386016846, -103.05569458, -162.504592896, -199.081710815, -56.5179786682, -213.56060791], [2708.25268555, 1689.91760254, -693.057373047, -306.3230896, 57.7294425964, -214.715377808, -75.0417404175, 40.8016395569, -5.58934593201, -57.1565322876, -115.615516663, -124.34677124, -150.594894409], [-2821.52709961, -693.057373047, 1661.72253418, 46.5379562378, 55.2776489258, 305.994384766, -168.061889648, -25.6451892853, 110.373565674, 81.6121368408, 33.5580101013, -34.7280235291, 40.5570411682], [127.843109131, -306.3230896, 46.5379562378, 745.984802246, 79.0812072754, -127.068717957, 170.43107605, 50.3459396362, 33.0146446228, 27.456161499, -25.9218673706, 62.1415710449, 43.0200691223], [-33.5995750427, 57.7294425964, 55.2776489258, 79.0812072754, 175.907424927, 24.9792976379, -17.0019283295, 32.3080215454, -7.26732397079, 3.6270570755, 3.15438199043, -34.8228378296, -17.2565193176], [-684.612304688, -214.715377808, 305.994384766, -127.068717957, 24.9792976379, 269.285583496, 35.8961257935, -38.4063224792, -27.1723403931, -16.3077716827, 44.3222160339, 15.8771018982, 14.5832433701], [253.063323975, -75.0417404175, -168.061889648, 170.43107605, -17.0019283295, 35.8961257935, 223.331619263, 43.9597167969, -56.5114707947, -42.0443916321, 1.69379901886, 90.8106994629, 44.1526794434], [96.2386016846, 40.8016395569, -25.6451892853, 50.3459396362, 32.3080215454, -38.4063224792, 43.9597167969, 133.287826538, 42.9452552795, -42.909538269, 0.0527762509882, 23.6339817047, -12.7967014313], [-103.05569458, -5.58934593201, 110.373565674, 33.0146446228, -7.26732397079, -27.1723403931, -56.5114707947, 42.9452552795, 143.140029907, 83.9512176514, -8.31279945374, -28.4052562714, -12.629152298], [-162.504592896, -57.1565322876, 81.6121368408, 27.456161499, 3.6270570755, -16.3077716827, -42.0443916321, -42.909538269, 83.9512176514, 182.317687988, 44.9171295166, -58.9577217102, 3.11780428886], [-199.081710815, -115.615516663, 33.5580101013, -25.9218673706, 3.15438199043, 44.3222160339, 1.69379901886, 0.0527762509882, -8.31279945374, 44.9171295166, 122.317779541, 47.5008850098, -10.750711441], [-56.5179786682, -124.34677124, -34.7280235291, 62.1415710449, -34.8228378296, 15.8771018982, 90.8106994629, 23.6339817047, -28.4052562714, -58.9577217102, 47.5008850098, 180.317642212, 71.4520721436], [-213.56060791, -150.594894409, 40.5570411682, 43.0200691223, -17.2565193176, 14.5832433701, 44.1526794434, -12.7967014313, -12.629152298, 3.11780428886, -10.750711441, 71.4520721436, 124.385559082]], "icov": [[0.110763959587, -0.154676437378, 0.153889387846, -0.149225950241, 0.14147144556, -0.133643567562, 0.122649416327, -0.105684235692, 0.0914149880409, -0.0702979713678, 0.0472856163979, -0.0270497668535, 0.0158948320895], [-0.154676437378, 0.21716940403, -0.214932918549, 0.209762960672, -0.199450150132, 0.188890263438, -0.173574328423, 0.149871423841, -0.130013898015, 0.0999061092734, -0.0663013756275, 0.0383235439658, -0.0213410202414], [0.153889387846, -0.214932918549, 0.216250017285, -0.210554584861, 0.201048389077, -0.194029092789, 0.180888518691, -0.157500192523, 0.137331530452, -0.107706189156, 0.073721408844, -0.0429085530341, 0.0241985097528], [-0.149225950241, 0.209762960672, -0.210554584861, 0.210146203637, -0.202551722527, 0.197465360165, -0.187896341085, 0.165553405881, -0.147258520126, 0.115431383252, -0.0788385495543, 0.0466530844569, -0.0252570975572], [0.14147144556, -0.199450150132, 0.201048389077, -0.202551722527, 0.204812332988, -0.197170883417, 0.191084638238, -0.174881398678, 0.157490104437, -0.125345632434, 0.0860991477966, -0.0507725514472, 0.027370955795], [-0.133643567562, 0.188890263438, -0.194029092789, 0.197465360165, -0.197170883417, 0.20595446229, -0.201288744807, 0.186293184757, -0.16992688179, 0.140732958913, -0.100899070501, 0.0621534436941, -0.0318843349814], [0.122649416327, -0.173574328423, 0.180888518691, -0.187896341085, 0.191084638238, -0.201288744807, 0.211567357183, -0.196361809969, 0.184278145432, -0.152964025736, 0.110872492194, -0.071745403111, 0.0345863364637], [-0.105684235692, 0.149871423841, -0.157500192523, 0.165553405881, -0.174881398678, 0.186293184757, -0.196361809969, 0.201141551137, -0.187031239271, 0.15882705152, -0.114591032267, 0.0720645710826, -0.0358850769699], [0.0914149880409, -0.130013898015, 0.137331530452, -0.147258520126, 0.157490104437, -0.16992688179, 0.184278145432, -0.187031239271, 0.188751429319, -0.158628031611, 0.115546777844, -0.0746836811304, 0.0388424322009], [-0.0702979713678, 0.0999061092734, -0.107706189156, 0.115431383252, -0.125345632434, 0.140732958913, -0.152964025736, 0.15882705152, -0.158628031611, 0.145492449403, -0.107144601643, 0.0718564391136, -0.0380865335464], [0.0472856163979, -0.0663013756275, 0.073721408844, -0.0788385495543, 0.0860991477966, -0.100899070501, 0.110872492194, -0.114591032267, 0.115546777844, -0.107144601643, 0.0912712737918, -0.0587123371661, 0.0328058898449], [-0.0270497668535, 0.0383235439658, -0.0429085530341, 0.0466530844569, -0.0507725514472, 0.0621534436941, -0.071745403111, 0.0720645710826, -0.0746836811304, 0.0718564391136, -0.0587123371661, 0.0479101389647, -0.0256181620061], [0.0158948320895, -0.0213410202414, 0.0241985097528, -0.0252570975572, 0.027370955795, -0.0318843349814, 0.0345863364637, -0.0358850769699, 0.0388424322009, -0.0380865335464, 0.0328058898449, -0.0256181620061, 0.0243538618088]]}, "spectral_contrast_coeffs": {"dmean": [0.038673248142, 0.0358803533018, 0.0314379297197, 0.0281845368445, 0.0212502591312, 0.0424731597304], "dmean2": [0.06396137923, 0.0587553083897, 0.0494256094098, 0.0423025935888, 0.0338461510837, 0.074688129127], "dvar": [0.000963595986832, 0.000878071645275, 0.000897349091247, 0.000686055398546, 0.000478309462778, 0.00148516206536], "dvar2": [0.0025595119223, 0.00226749270223, 0.00205224542879, 0.00149071111809, 0.00115151249338, 0.00408618431538], "max": [-0.247286468744, -0.411568760872, -0.364951819181, -0.462662190199, -0.556008458138, -0.572483658791], "mean": [-0.537399232388, -0.699506759644, -0.695766031742, -0.679126918316, -0.702691018581, -0.858335375786], "median": [-0.520347297192, -0.701298236847, -0.696726799011, -0.671979248524, -0.692003011703, -0.875227987766], "min": [-0.963360726833, -0.960281968117, -0.959117352962, -0.959834218025, -0.963090896606, -0.965582311153], "var": [0.0116112455726, 0.00445785932243, 0.00695843016729, 0.00658081285655, 0.00582707347348, 0.00501279113814]}, "spectral_contrast_valleys": {"dmean": [0.373251616955, 0.266212135553, 0.298386991024, 0.303696513176, 0.31821167469, 0.807757019997], "dmean2": [0.622528970242, 0.439820617437, 0.478209733963, 0.47473320365, 0.489693194628, 1.44875323772], "dvar": [0.118299789727, 0.077524356544, 0.113118752837, 0.14557287097, 0.204735159874, 0.439369976521], "dvar2": [0.280381381512, 0.157478317618, 0.232877612114, 0.282539188862, 0.425191998482, 1.32440912724], "max": [-6.20248317719, -4.89924192429, -5.53267240524, -6.55282783508, -7.70725154877, -