{"lowlevel": {"average_loudness": 0.980634868145, "barkbands_crest": {"dmean": 1.74664497375, "dmean2": 2.52695560455, "dvar": 4.55126142502, "dvar2": 8.99454116821, "max": 25.614320755, "mean": 16.8019428253, "median": 18.0825157166, "min": 3.63773608208, "var": 39.7026901245}, "barkbands_flatness_db": {"dmean": 0.0428628623486, "dmean2": 0.0553994849324, "dvar": 0.0016895334702, "dvar2": 0.00284435227513, "max": 0.411293298006, "mean": 0.210814774036, "median": 0.20970454812, "min": 0.035246130079, "var": 0.00832234229892}, "barkbands_kurtosis": {"dmean": 6.12309932709, "dmean2": 9.78444099426, "dvar": 61.6129226685, "dvar2": 160.503372192, "max": 84.7685623169, "mean": 15.3193893433, "median": 10.1615419388, "min": -1.49250411987, "var": 233.947021484}, "barkbands_skewness": {"dmean": 0.626207709312, "dmean2": 0.976866543293, "dvar": 0.408207565546, "dvar2": 0.96877104044, "max": 8.22823810577, "mean": 3.21194887161, "median": 2.95452165604, "min": -1.62969231606, "var": 2.64224433899}, "barkbands_spread": {"dmean": 7.42571973801, "dmean2": 10.9981117249, "dvar": 111.928039551, "dvar2": 250.842849731, "max": 92.9687347412, "mean": 15.4709720612, "median": 8.77160739899, "min": 1.09247112274, "var": 248.26776123}, "dissonance": {"dmean": 0.0189780294895, "dmean2": 0.030785664916, "dvar": 0.000348182511516, "dvar2": 0.000852149154525, "max": 0.500000059605, "mean": 0.44802197814, "median": 0.453479677439, "min": 0.205426692963, "var": 0.00107798702084}, "dynamic_complexity": 1.19655847549, "erbbands_crest": {"dmean": 1.77069926262, "dmean2": 2.77945709229, "dvar": 3.54232335091, "dvar2": 7.70909309387, "max": 25.2387905121, "mean": 8.15812110901, "median": 7.09924221039, "min": 2.05214977264, "var": 16.8003692627}, "erbbands_flatness_db": {"dmean": 0.0378294698894, "dmean2": 0.0509140491486, "dvar": 0.00165054935496, "dvar2": 0.00267959292978, "max": 0.31741926074, "mean": 0.153721809387, "median": 0.157224476337, "min": 0.0416902378201, "var": 0.00496999593452}, "erbbands_kurtosis": {"dmean": 0.839015364647, "dmean2": 1.37645626068, "dvar": 1.46949470043, "dvar2": 3.464854002, "max": 18.0148429871, "mean": 0.000658233999275, "median": -0.451770544052, "min": -1.66886270046, "var": 2.90259027481}, "erbbands_skewness": {"dmean": 0.327656954527, "dmean2": 0.530024766922, "dvar": 0.100533492863, "dvar2": 0.258540689945, "max": 3.46577858925, "mean": 0.55099272728, "median": 0.502713322639, "min": -1.32919597626, "var": 0.298539996147}, "erbbands_spread": {"dmean": 16.0671653748, "dmean2": 23.1558837891, "dvar": 343.886474609, "dvar2": 642.828430176, "max": 148.796981812, "mean": 48.8295097351, "median": 40.4110488892, "min": 6.57970237732, "var": 708.492248535}, "hfc": {"dmean": 20.067697525, "dmean2": 30.7044372559, "dvar": 1016.15936279, "dvar2": 2305.43554688, "max": 251.477111816, "mean": 41.1278266907, "median": 26.2218093872, "min": 1.23724712942e-16, "var": 1483.14440918}, "melbands_crest": {"dmean": 1.92855596542, "dmean2": 2.71913909912, "dvar": 4.81766700745, "dvar2": 9.30850505829, "max": 31.217376709, "mean": 21.8682231903, "median": 23.9505157471, "min": 2.52149438858, "var": 49.0669021606}, "melbands_flatness_db": {"dmean": 0.0504392124712, "dmean2": 0.0652441978455, "dvar": 0.00228887377307, "dvar2": 0.00430169841275, "max": 0.562014222145, "mean": 0.315053611994, "median": 0.317202627659, "min": 0.0116863101721, "var": 0.0115588307381}, "melbands_kurtosis": {"dmean": 14.3318634033, "dmean2": 22.2209568024, "dvar": 382.767730713, "dvar2": 903.755615234, "max": 256.830230713, "mean": 37.4772453308, "median": 27.8125953674, "min": -1.02409470081, "var": 1063.7869873}, "melbands_skewness": {"dmean": 0.904998898506, "dmean2": 1.34667420387, "dvar": 0.929179728031, "dvar2": 1.93587267399, "max": 13.536113739, "mean": 4.65638256073, "median": 4.4472990036, "min": 0.0981315225363, "var": 4.44583940506}, "melbands_spread": {"dmean": 3.20139718056, "dmean2": 4.74239826202, "dvar": 29.9996166229, "dvar2": 52.8316383362, "max": 141.090362549, "mean": 9.6509771347, "median": 6.81691741943, "min": 0.968240022659, "var": 81.4268035889}, "pitch_salience": {"dmean": 0.0536664538085, "dmean2": 0.0830769836903, "dvar": 0.00347439316101, "dvar2": 0.0076412037015, "max": 0.78897947073, "mean": 0.391686439514, "median": 0.38284599781, "min": 0.105936996639, "var": 0.0258595310152}, "silence_rate_20dB": {"dmean": 0, "dmean2": 0, "dvar": 0, "dvar2": 0, "max": 1, "mean": 1, "median": 1, "min": 1, "var": 0}, "silence_rate_30dB": {"dmean": 0.05860805884, "dmean2": 0.117277488112, "dvar": 0.0551720410585, "dvar2": 0.118181839585, "max": 1, "mean": 0.456589967012, "median": 0, "min": 0, "var": 0.248112171888}, "silence_rate_60dB": {"dmean": 0.00104657246266, "dmean2": 0.00104712042958, "dvar": 0.00104545464274, "dvar2": 0.00104600039776, "max": 1, "mean": 0.00104602507781, "median": 0, "min": 0, "var": 0.00104490970261}, "spectral_centroid": {"dmean": 248.780532837, "dmean2": 393.195617676, "dvar": 92142.3125, "dvar2": 224120.1875, "max": 3490.89770508, "mean": 823.617797852, "median": 690.349121094, "min": 276.475372314, "var": 166251.6875}, "spectral_complexity": {"dmean": 4.3631606102, "dmean2": 7.03926706314, "dvar": 32.7382087708, "dvar2": 74.7577896118, "max": 56, "mean": 19.8566951752, "median": 18, "min": 0, "var": 51.2191467285}, "spectral_decrease": {"dmean": 5.88308468608e-09, "dmean2": 8.50538839359e-09, "dvar": 5.71112626431e-17, "dvar2": 1.29945997886e-16, "max": 7.23279560052e-29, "mean": -3.39061259069e-08, "median": -2.90483157528e-08, "min": -8.61955840037e-08, "var": 5.19377680427e-16}, "spectral_energy": {"dmean": 0.0228247344494, "dmean2": 0.0330608636141, "dvar": 0.000853141536936, "dvar2": 0.00199196441099, "max": 0.327585816383, "mean": 0.131699860096, "median": 0.115388020873, "min": 1.0949215285e-20, "var": 0.007406628225}, "spectral_energyband_high": {"dmean": 0.00192301650532, "dmean2": 0.00289633939974, "dvar": 9.62352987699e-06, "dvar2": 2.13731182157e-05, "max": 0.0247794426978, "mean": 0.00227078329772, "median": 0.000255464052316, "min": 7.76141630054e-21, "var": 1.48410144902e-05}, "spectral_energyband_low": {"dmean": 0.0211606975645, "dmean2": 0.0304062962532, "dvar": 0.000835239537992, "dvar2": 0.00183188577648, "max": 0.318947017193, "mean": 0.105154283345, "median": 0.0806114971638, "min": 1.0119911589e-23, "var": 0.00785546284169}, "spectral_energyband_middle_high": {"dmean": 0.00132247654255, "dmean2": 0.00202517863363, "dvar": 3.68728160538e-06, "dvar2": 8.55239704833e-06, "max": 0.0202077142894, "mean": 0.00395998358727, "median": 0.00325711769983, "min": 1.83271538039e-21, "var": 6.24241556579e-06}, "spectral_energyband_middle_low": {"dmean": 0.00460382550955, "dmean2": 0.00714531727135, "dvar": 2.68518924713e-05, "dvar2": 6.31607326795e-05, "max": 0.0791427046061, "mean": 0.0222547985613, "median": 0.0204423032701, "min": 2.83413287491e-22, "var": 0.000108129395812}, "spectral_entropy": {"dmean": 0.42836561799, "dmean2": 0.579350113869, "dvar": 0.181909933686, "dvar2": 0.332818835974, "max": 8.74617385864, "mean": 7.30622291565, "median": 7.2511100769, "min": 5.91756439209, "var": 0.481329113245}, "spectral_flux": {"dmean": 0.0349034070969, "dmean2": 0.0521464571357, "dvar": 0.00236014835536, "dvar2": 0.00414935778826, "max": 0.412833094597, "mean": 0.095234580338, "median": 0.0787111222744, "min": 0.000125473845401, "var": 0.00407427549362}, "spectral_kurtosis": {"dmean": 6.40985012054, "dmean2": 10.0953464508, "dvar": 64.9240036011, "dvar2": 161.587890625, "max": 87.7493743896, "mean": 8.82620334625, "median": 5.33674955368, "min": -0.536894321442, "var": 104.426727295}, "spectral_rms": {"dmean": 0.00101094145793, "dmean2": 0.00143963494338, "dvar": 1.59726687343e-06, "dvar2": 3.45545799973e-06, "max": 0.0178772453219, "mean": 0.0106440857053, "median": 0.0106100700796, "min": 3.26835758978e-12, "var": 1.51909398483e-05}, "spectral_rolloff": {"dmean": 381.255126953, "dmean2": 625.705749512, "dvar": 1222726.875, "dvar2": 2620812.25, "max": 18970.7519531, "mean": 683.138061523, "median": 344.53125, "min": 64.599609375, "var": 1791793.375}, "spectral_skewness": {"dmean": 0.658135175705, "dmean2": 0.994239985943, "dvar": 0.392987400293, "dvar2": 0.949934482574, "max": 6.50644731522, "mean": 1.97820210457, "median": 1.79210042953, "min": 0.249840840697, "var": 0.835795402527}, "spectral_spread": {"dmean": 1861663.625, "dmean2": 2542383.5, "dvar": 4932215242750.0, "dvar2": 6387732578300.0, "max": 42944764, "mean": 5403993, "median": 3968319, "min": 805372.875, "var": 13096685928400.0}, "spectral_strongpeak": {"dmean": 0.174732357264, "dmean2": 0.273906677961, "dvar": 0.0954844430089, "dvar2": 0.220112487674, "max": 5.94068050385, "mean": 0.953791201115, "median": 0.890897870064, "min": 0, "var": 0.367817163467}, "zerocrossingrate": {"dmean": 0.0147547302768, "dmean2": 0.0164461303502, "dvar": 0.000331556540914, "dvar2": 0.00036845204886, "max": 0.49609375, "mean": 0.0403636470437, "median": 0.02490234375, "min": 0.00244140625, "var": 0.00164832617156}, "barkbands": {"dmean": [0.000565957627259, 0.0188005156815, 0.00459900870919, 0.00204828009009, 0.00155927997548, 0.000979065196589, 0.00126717030071, 0.00145986140706, 0.000323542888509, 0.000351404509274, 0.000198345122044, 0.000236208943534, 0.000244657217991, 0.000279076979496, 0.000209263758734, 0.000162008829648, 0.000138871590025, 0.000140625503263, 0.000134586472996, 0.000101132078271, 0.000209368867218, 0.000262763671344, 0.000228447650443, 0.000466413475806, 0.000490468810312, 0.000273338111583, 7.13808331056e-05], "dmean2": [0.000849029049277, 0.0252548865974, 0.00828917417675, 0.00340131460689, 0.00248259003274, 0.00151254457887, 0.00190371356439, 0.00219487096183, 0.00050714216195, 0.000537120446097, 0.000297636172036, 0.0003756453807, 0.000372776499717, 0.000456347741419, 0.000325539469486, 0.000255880411714, 0.000211194026633, 0.000248929893132, 0.000226995180128, 0.000162059892318, 0.000356413715053, 0.000399323325837, 0.000327701302012, 0.000699387281202, 0.000733405991923, 0.000445712852525, 0.000115981696581], "dvar": [8.53226879372e-07, 0.000701448123436, 7.7478995081e-05, 1.29477957671e-05, 3.84163604394e-06, 2.0244613097e-06, 3.92813080907e-06, 9.94544097921e-06, 3.45788862433e-07, 2.95441225262e-07, 6.6281842237e-08, 1.76570338795e-07, 1.2717450204e-07, 2.03217027206e-07, 7.33775920025e-08, 5.33250101853e-08, 3.70119650484e-08, 7.16109980203e-08, 4.53612756246e-08, 2.96864008931e-08, 1.58024292318e-07, 1.68494366903e-07, 1.32788599672e-07, 5.93008508076e-07, 7.440310128e-07, 3.20704856449e-07, 1.46203964491e-08], "dvar2": [2.1013913738e-06, 0.00136823218782, 0.000221499300096, 3.77262658731e-05, 9.31917020353e-06, 3.61843672181e-06, 7.18083083484e-06, 1.80342885869e-05, 7.99438282684e-07, 6.28106363365e-07, 1.49554892914e-07, 4.12700757124e-07, 3.03328050677e-07, 5.38670747119e-07, 1.77172367444e-07, 1.25937631879e-07, 8.63141380592e-08, 1.99950434876e-07, 1.15852422766e-07, 6.82430965071e-08, 4.28079061976e-07, 3.93347590943e-07, 2.48917558565e-07, 1.35192817652e-06, 1.54201995883e-06, 7.91542561274e-07, 3.61661136594e-08], "max": [0.0124849509448, 0.297215551138, 0.0732349529862, 0.0435692109168, 0.0388953760266, 0.0296390298754, 0.040058452636, 0.0706619918346, 0.0110086454079, 0.00957644544542, 0.0038865103852, 0.00540695153177, 0.00439470820129, 0.00530392164364, 0.00291256792843, 0.00283405277878, 0.00274051795714, 0.00232840050012, 0.00222288887016, 0.00180247053504, 0.00315064145252, 0.00327409431338, 0.00362583855167, 0.00641726609319, 0.00673384638503, 0.00430740369484, 0.00084043177776], "mean": [0.0018256183248, 0.0963614955544, 0.00510544329882, 0.00406636530533, 0.0049950517714, 0.00351367145777, 0.00500274123624, 0.00372960371897, 0.000776917557232, 0.000732296379283, 0.000536292034667, 0.000429282546975, 0.000469909689855, 0.000468582555186, 0.000442606251454, 0.000302842701785, 0.00027949019568, 0.000165701872902, 0.00016859472089, 0.000113510614028, 0.000208915676922, 0.000280404667137, 0.000289900723146, 0.000517679436598, 0.000564400164876, 0.000262982357526, 8.97106583579e-05], "median": [0.00119823031127, 0.0708528757095, 0.00239311158657, 0.00118305510841, 0.00322882458568, 0.0023667155765, 0.00321965804324, 0.00136502203532, 0.00039219163591, 0.000530671328306, 0.000372975599021, 0.000267838709988, 0.000310367904603, 0.000226145348279, 0.000313192431349, 0.000183996729902, 0.000183789146831, 8.11858481029e-05, 8.49589850986e-05, 3.47026980307e-05, 2.97498663713e-05, 2.5019809982e-05, 1.69091108546e-05, 1.9604452973e-05, 1.44377427205e-05, 6.86724297339e-06, 9.93286221274e-07], "min": [4.71230558241e-24, 6.10151369676e-24, 1.80144236873e-24, 3.2162482306e-24, 1.7747268842e-23, 5.2066813985e-23, 5.73619954796e-23, 8.22177593583e-23, 6.0520095984e-23, 3.7256673086e-23, 4.2547859789e-23, 1.47212981216e-22, 1.33739590365e-22, 2.70362700841e-22, 9.9828542642e-23, 1.71171873354e-22, 1.57223714456e-22, 2.92308432571e-22, 3.6384400553e-22, 2.51136153718e-22, 2.85839041085e-22, 5.06818569631e-22, 4.41516234757e-22, 9.80845365258e-22, 1.26903369723e-21, 1.78361910103e-21, 2.59401739833e-21], "var": [3.19829996442e-06, 0.00743535300717, 6.71467496431e-05, 3.47873756255e-05, 2.67047107627e-05, 1.19647529573e-05, 2.73945825029e-05, 4.16164912167e-05, 1.27340160816e-06, 6.22520190063e-07, 2.71269897212e-07, 2.71060400792e-07, 2.07111909845e-07, 4.17886155901e-07, 1.60999462651e-07, 1.16144107665e-07, 9.08499018237e-08, 6.11841741716e-08, 5.57423263103e-08, 3.73735247194e-08, 1.55649715339e-07, 2.68118526492e-07, 3.08033520469e-07, 7.90028821029e-07, 1.10517009944e-06, 3.05593601979e-07, 2.53828194019e-08]}, "erbbands": {"dmean": [0.687279284, 4.06766033173, 5.53805780411, 5.93855333328, 4.48650026321, 5.72141313553, 6.78337430954, 10.5438747406, 18.4371242523, 18.710893631, 23.3850154877, 8.01312923431, 9.05341529846, 8.44599723816, 6.99455738068, 8.90026378632, 11.2014598846, 10.3633556366, 13.3906002045, 8.79511260986, 9.28704452515, 6.67882490158, 7.5874376297, 7.6070561409, 5.84833049774, 4.75239372253, 7.50112485886, 8.47603797913, 8.33617591858, 8.88738822937, 6.85865497589, 8.21179580688, 8.33249473572, 5.01858949661, 3.78151845932, 1.74977838993, 0.351817786694, 0.0781780555844, 0.00972283259034, 0.000923021521885], "dmean2": [0.792873501778, 5.90786170959, 10.0964946747, 10.4875621796, 7.29515695572, 9.10201931, 10.3850326538, 16.0885944366, 28.7511711121, 28.3308048248, 34.5289726257, 12.744383812, 13.6880092621, 13.3001251221, 9.98018074036, 14.1971845627, 17.1563415527, 16.6971874237, 21.3391838074, 13.5392370224, 14.3213214874, 10.320728302, 13.1818418503, 12.9439735413, 9.9190826416, 7.58123159409, 12.7564620972, 13.8628826141, 13.058848381, 13.3706922531, 9.59519863129, 12.6846437454, 12.413403511, 7.27285051346, 5.83194112778, 2.78321051598, 0.574082255363, 0.132496982813, 0.0159289110452, 0.00143425993156], "dvar": [0.962251126766, 35.4602584839, 157.663696289, 95.21434021, 45.4977912903, 79.5352935791, 88.8455810547, 283.487518311, 728.37109375, 897.589416504, 3072.7890625, 197.16645813, 177.710342407, 128.523239136, 101.753501892, 280.280822754, 277.176269531, 194.74559021, 338.107055664, 157.073028564, 159.873428345, 89.7409896851, 195.470489502, 140.594345093, 120.050765991, 67.0327606201, 197.20652771, 200.446044922, 163.591873169, 209.633483887, 117.275154114, 183.390960693, 195.411331177, 63.6667175293, 57.0468978882, 14.3974561691, 0.513363838196, 0.0233483631164, 0.000263654248556, 2.32875390793e-06], "dvar2": [1.30348932743, 89.3924102783, 450.327056885, 301.854675293, 116.585327148, 185.592376709, 213.34777832, 477.563140869, 1489.3203125, 1777.30749512, 5310.66259766, 496.596221924, 373.852813721, 306.270996094, 213.790588379, 651.765014648, 672.221679688, 483.456268311, 867.785949707, 350.567626953, 364.188934326, 225.673828125, 539.102844238, 364.134246826, 317.761810303, 149.909240723, 522.508300781, 515.817077637, 379.99319458, 437.932067871, 230.630615234, 433.146697998, 427.440368652, 117.943946838, 131.168014526, 35.4990615845, 1.26903927326, 0.0602176450193, 0.000636544427834, 5.00929627378e-06], "max": [11.3299016953, 55.8326950073, 103.422279358, 109.637718201, 114.502426147, 203.425384521, 122.870437622, 372.783660889, 533.221008301, 537.881347656, 1347.47607422, 302.482452393, 218.45223999, 141.935699463, 154.184234619, 216.461685181, 222.308044434, 152.411453247, 214.873291016, 195.178451538, 174.072799683, 110.703933716, 126.574386597, 144.07989502, 86.9822845459, 97.9262084961, 112.792060852, 104.335647583, 111.440116882, 121.785652161, 106.607116699, 97.1272125244, 123.775772095, 64.4729003906, 52.6773948669, 27.6250743866, 5.00234222412, 1.14717805386, 0.102381899953, 0.0167534742504], "mean": [3.84741687775, 17.5355167389, 8.19640445709, 10.1478910446, 12.1770553589, 19.9197750092, 19.2451190948, 41.2358169556, 72.2877349854, 67.8128204346, 63.3702735901, 18.9153461456, 20.2305469513, 21.9562683105, 19.3205738068, 16.6582927704, 22.3078575134, 20.4325141907, 25.7814445496, 20.3170871735, 20.1867542267, 13.9204311371, 10.2961711884, 10.131403923, 6.34416818619, 5.30628061295, 6.88695859909, 9.1927022934, 8.96753978729, 10.3025417328, 8.6492433548, 9.18341064453, 9.17455005646, 6.10760068893, 4.10533475876, 1.7070337534, 0.333353310823, 0.0712882727385, 0.0108693288639, 0.00156090513337], "median": [2.6573600769, 12.7013072968, 5.79489898682, 5.44626092911, 6.61568403244, 9.24598789215, 13.5202541351, 25.3979568481, 47.2534561157, 38.4101638794, 21.7804603577, 10.4008102417, 13.7063426971, 16.6009063721, 12.942035675, 10.568362236, 14.9169387817, 13.9961194992, 16.1923065186, 12.8972911835, 13.2201137543, 9.83400726318, 5.65677070618, 4.82806873322, 2.90747451782, 1.62614893913, 1.32675766945, 1.0781083107, 0.884621620178, 0.765816807747, 0.452331870794, 0.349792838097, 0.340055286884, 0.180332437158, 0.0947093218565, 0.0380270965397, 0.0101230721921, 0.00136869773269, 0.000220935296966, 0.000284217763692], "min": [1.9907422436e-22, 1.37264432935e-21, 1.53158235846e-21, 5.93670110569e-21, 2.64798269381e-20, 5.62697431131e-20, 2.97688162839e-19, 4.01928222862e-19, 3.27673589291e-19, 2.24898435114e-18, 1.17947032139e-18, 1.55441878196e-18, 1.16892552634e-18, 1.66398392057e-18, 1.51566092416e-18, 6.81692281386e-18, 5.5697792956e-18, 9.78760384469e-18, 1.04281658936e-17, 8.14639727286e-18, 9.9349495272e-18, 1.00832191705e-17, 1.51300035976e-17, 1.87447547503e-17, 1.53451284595e-17, 1.11127951625e-17, 1.34124499096e-17, 1.23503045081e-17, 1.84163723189e-17, 1.53931429853e-17, 1.27533722498e-17, 1.88560949151e-17, 1.56031343644e-17, 1.14158931641e-17, 1.02165515862e-17, 6.51834824945e-18, 3.36861074015e-18, 1.40200403325e-18, 3.58559556936e-19, 4.0359098514e-20], "var": [12.4161167145, 242.729156494, 121.954017639, 175.440383911, 195.263549805, 722.031921387, 282.868591309, 1828.77380371, 4864.54492188, 6451.609375, 13256.3554688, 617.005615234, 433.008636475, 377.133880615, 335.839294434, 385.192138672, 436.620513916, 341.800811768, 741.866455078, 478.718444824, 421.805664062, 171.899154663, 189.237365723, 191.184188843, 106.598052979, 87.2054748535, 183.075912476, 282.380493164, 269.676757812, 366.257232666, 273.423736572, 247.862976074, 260.491149902, 113.447731018, 69.9111404419, 14.7305364609, 0.454479694366, 0.0193878635764, 0.000322217587382, 8.21000503493e-06]}, "gfcc": {"mean": [29.8525047302, 121.627220154, -87.4917984009, 20.0673713684, -34.8994064331, 10.8667755127, -28.8902854919, 10.1710805893, -0.660818815231, 9.25343799591, 0.11206625402, 3.36419248581, -2.72439479828], "cov": [[5732.72509766, -4267.22070312, 1528.75158691, 269.402709961, -1134.93359375, 900.658569336, -562.918762207, 251.714904785, -408.975769043, 340.054870605, -433.933135986, 202.601318359, -222.392425537], [-4267.22070312, 4898.53271484, -1680.79089355, 23.3805351257, 1365.00183105, -895.159729004, 773.757995605, -217.770568848, 510.73046875, -341.358673096, 483.729156494, -268.839324951, 279.585632324], [1528.75158691, -1680.79089355, 1122.67919922, -30.3247509003, -288.613647461, 505.006347656, -308.370239258, 149.271682739, -152.365356445, 96.7211685181, -169.812347412, 93.7442169189, -112.60068512], [269.402709961, 23.3805351257, -30.3247509003, 322.379974365, 23.5010147095, 28.829334259, 140.684326172, -22.2436771393, 16.5211753845, -3.53270459175, -1.14445471764, -22.7521743774, 29.1406936646], [-1134.93359375, 1365.00183105, -288.613647461, 23.5010147095, 574.555786133, -194.492141724, 236.610092163, -36.7575874329, 143.22354126, -126.820785522, 128.032073975, -89.3389587402, 56.3598709106], [900.658569336, -895.159729004, 505.006347656, 28.829334259, -194.492141724, 369.258270264, -119.066368103, 102.464073181, -49.8431396484, 84.0440444946, -73.9853668213, 50.1517295837, -54.0288391113], [-562.918762207, 773.757995605, -308.370239258, 140.684326172, 236.610092163, -119.066368103, 397.218688965, -14.6177682877, 162.043960571, -3.25458097458, 131.478942871, -45.8061828613, 82.4904174805], [251.714904785, -217.770568848, 149.271682739, -22.2436771393, -36.7575874329, 102.464073181, -14.6177682877, 145.998260498, 40.9433135986, 62.5654792786, 12.595697403, 30.7195968628, -16.8828487396], [-408.975769043, 510.73046875, -152.365356445, 16.5211753845, 143.22354126, -49.8431396484, 162.043960571, 40.9433135986, 214.913757324, 55.2662086487, 121.597846985, -16.6608390808, 53.550491333], [340.054870605, -341.358673096, 96.7211685181, -3.53270459175, -126.820785522, 84.0440444946, -3.25458097458, 62.5654792786, 55.2662086487, 153.015960693, 27.6028003693, 37.2892379761, 1.13485836983], [-433.933135986, 483.729156494, -169.812347412, -1.14445471764, 128.032073975, -73.9853668213, 131.478942871, 12.595697403, 121.597846985, 27.6028003693, 138.23399353, 10.7309532166, 53.993347168], [202.601318359, -268.839324951, 93.7442169189, -22.7521743774, -89.3389587402, 50.1517295837, -45.8061828613, 30.7195968628, -16.6608390808, 37.2892379761, 10.7309532166, 78.4313430786, 16.3652973175], [-222.392425537, 279.585632324, -112.60068512, 29.1406936646, 56.3598709106, -54.0288391113, 82.4904174805, -16.8828487396, 53.550491333, 1.13485836983, 53.993347168, 16.3652973175, 84.560295105]], "icov": [[0.00060589966597, 0.000485696014948, 5.64732617931e-05, -0.000542382069398, -0.000134241214255, -0.000211635662708, 9.07900175662e-05, -0.000339533231454, 0.000144596517202, -0.000316682067933, 0.00023175116803, 0.00024176047009, -0.000234452207224], [0.000485696014948, 0.00259184651077, 0.00163558241911, -1.71501542354e-05, -0.00301070557907, 1.38914438139e-05, 0.000502966344357, -0.00039537230623, -0.000735414621886, 0.00134391931351, -0.00206995895132, 0.00267074466683, -0.00240986305289], [5.64732617931e-05, 0.00163558241911, 0.00420520734042, 0.000339780352078, -0.00309906457551, -0.00329585722648, 0.00107756059151, -0.000446904596174, -0.00034218232031, 0.000445677025709, 0.000331404298777, -0.000224483155762, -0.000914872507565], [-0.000542382069398, -1.71501542354e-05, 0.000339780352078, 0.00495798699558, -0.000166356374393, -0.000989569118246, -0.00224758288823, 0.000976092997007, 0.00015376630472, 0.000574270030484, 0.000765746633988, 0.00110470270738, -0.0015676690964], [-0.000134241214255, -0.00301070557907, -0.00309906457551, -0.000166356374393, 0.00871709361672, 0.000978358089924, -0.00157084979583, -0.000577842351049, -0.0001508659916, 0.00246926792897, -0.00102980434895, 0.000742042844649, 0.00234048324637], [-0.000211635662708, 1.38914438139e-05, -0.00329585722648, -0.000989569118246, 0.000978358089924, 0.008903644979, -0.000410435342928, -0.00197090185247, -0.000664197315928, -0.000528270669747, 3.73207585653e-05, 0.000144376084791, 0.000769353064243], [9.07900175662e-05, 0.000502966344357, 0.00107756059151, -0.00224758288823, -0.00157084979583, -0.000410435342928, 0.00651237834245, -0.000500523427036, -0.00124587852042, -0.00020075905195, -0.00313743017614, 0.00283223530278, -0.00263607455418], [-0.000339533231454, -0.00039537230623, -0.000446904596174, 0.000976092997007, -0.000577842351049, -0.00197090185247, -0.000500523427036, 0.0117743406445, -0.00339685822837, -0.00183189741801, 0.000810788071249, -0.00476482603699, 0.00402792356908], [0.000144596517202, -0.000735414621886, -0.00034218232031, 0.00015376630472, -0.0001508659916, -0.000664197315928, -0.00124587852042, -0.00339685822837, 0.0146444682032, -0.00555222667754, -0.00704478705302, 0.00582037633285, -0.00331123406067], [-0.000316682067933, 0.00134391931351, 0.000445677025709, 0.000574270030484, 0.00246926792897, -0.000528270669747, -0.00020075905195, -0.00183189741801, -0.00555222667754, 0.0158339682966, -0.00556780491024, 0.000937941716984, -0.000356737698894], [0.00023175116803, -0.00206995895132, 0.000331404298777, 0.000765746633988, -0.00102980434895, 3.73207585653e-05, -0.00313743017614, 0.000810788071249, -0.00704478705302, -0.00556780491024, 0.0273802503943, -0.0140905492008, 0.00134389277082], [0.00024176047009, 0.00267074466683, -0.000224483155762, 0.00110470270738, 0.000742042844649, 0.000144376084791, 0.00283223530278, -0.00476482603699, 0.00582037633285, 0.000937941716984, -0.0140905492008, 0.0317474864423, -0.0138364182785], [-0.000234452207224, -0.00240986305289, -0.000914872507565, -0.0015676690964, 0.00234048324637, 0.000769353064243, -0.00263607455418, 0.00402792356908, -0.00331123406067, -0.000356737698894, 0.00134389277082, -0.0138364182785, 0.0247279275209]]}, "melbands": {"dmean": [0.00560361053795, 0.00354827195406, 0.000938588753343, 0.000327282061335, 0.000253567792242, 0.000230102392379, 0.000267289578915, 0.000259094609646, 0.000160370516824, 4.89112135256e-05, 4.79866939713e-05, 3.7949430407e-05, 2.22132584895e-05, 2.11838050745e-05, 2.96988418995e-05, 2.74901340163e-05, 2.11562310142e-05, 2.48830347118e-05, 1.52920147229e-05, 1.09356669782e-05, 1.20018476082e-05, 7.89125169831e-06, 6.31808143225e-06, 7.04517924532e-06, 6.5340564106e-06, 4.5745382522e-06, 3.9675728658e-06, 3.01456680063e-06, 4.2781070988e-06, 4.97863129567e-06, 5.24091319676e-06, 4.42769760411e-06, 5.90478884988e-06, 4.58989052277e-06, 3.82621374229e-06, 4.38694996774e-06, 5.33689262738e-06, 6.38415122012e-06, 4.80258631796e-06, 4.29170449934e-06], "dmean2": [0.00708430586383, 0.0060047544539, 0.00162214937154, 0.000530818593688, 0.000390947825508, 0.000353048264515, 0.000411934161093, 0.000390803412301, 0.000237113068579, 7.82716742833e-05, 7.26860162104e-05, 5.96991812927e-05, 3.26982008119e-05, 3.16407313221e-05, 4.88085315737e-05, 4.07461411669e-05, 3.45718945027e-05, 4.00398421334e-05, 2.39816527028e-05, 1.73508633452e-05, 1.85060289368e-05, 1.20138583952e-05, 1.05022145362e-05, 1.26859031297e-05, 1.10005348688e-05, 7.94010611571e-06, 6.65437391945e-06, 4.69004498882e-06, 7.18097817298e-06, 8.68400456966e-06, 8.5556985141e-06, 6.97864106769e-06, 9.40693917073e-06, 7.05319735061e-06, 5.52509936824e-06, 6.73747263136e-06, 8.40420580062e-06, 9.29782436287e-06, 7.35297362553e-06, 6.02378167969e-06], "dvar": [6.30181602901e-05, 4.28553539678e-05, 2.16892908611e-06, 2.05286369237e-07, 1.27166458697e-07, 1.16495023406e-07, 1.54142341557e-07, 2.0519031807e-07, 1.36175060561e-07, 7.56953966174e-09, 5.10620346006e-09, 2.79102452261e-09, 9.00876595544e-10, 1.44217804365e-09, 3.65925711954e-09, 1.38562805674e-09, 9.58820911556e-10, 1.5055227065e-09, 4.68119765173e-10, 2.6333907277e-10, 2.6560123545e-10, 1.18536763738e-10, 1.04876496376e-10, 2.09695205644e-10, 1.02509570277e-10, 8.07298949912e-11, 5.40184390274e-11, 2.9374020577e-11, 5.48368121744e-11, 1.06124567467e-10, 6.92289350845e-11, 4.93431615012e-11, 9.80780040516e-11, 5.75247557921e-11, 3.66206509561e-11, 5.38739573785e-11, 7.7842801649e-11, 1.22816881665e-10, 5.67365564252e-11, 4.716312757e-11], "dvar2": [0.000100949648186, 0.000124653641251, 6.65018569634e-06, 5.06988214966e-07, 3.07551090373e-07, 2.0287292557e-07, 3.05706635118e-07, 3.98645426003e-07, 2.35840943219e-07, 1.91521074555e-08, 1.06114015352e-08, 6.44238573599e-09, 1.98696148423e-09, 2.89657386965e-09, 9.58473211909e-09, 2.96402258293e-09, 2.44808018302e-09, 3.94974231099e-09, 1.17752141371e-09, 6.41731778828e-10, 6.09278349994e-10, 2.83497808562e-10, 2.72421529779e-10, 5.9584481793e-10, 2.59478549758e-10, 2.17662041169e-10, 1.430510016e-10, 6.40936956287e-11, 1.41207046056e-10, 2.87370072183e-10, 1.74885161908e-10, 1.18303020158e-10, 2.35159697271e-10, 1.1518316162e-10, 6.94305307691e-11, 1.25243634908e-10, 1.84195450559e-10, 2.83437495696e-10, 1.14992029787e-10, 8.98508420444e-11], "max": [0.092578150332, 0.0574596859515, 0.0162702426314, 0.0103140324354, 0.00524900807068, 0.00724728219211, 0.00683952216059, 0.00927954819053, 0.00882450304925, 0.0020954629872, 0.00123633118346, 0.000734996399842, 0.000415526970755, 0.000633878924418, 0.00081936630886, 0.000382817495847, 0.000346786400769, 0.000485960306833, 0.000232967562624, 0.000244548922637, 0.000247865827987, 0.000132845976623, 8.9469809609e-05, 0.000128614410642, 0.000145817233715, 7.35069988878e-05, 8.12147991383e-05, 7.05273996573e-05, 5.81520544074e-05, 8.52071025292e-05, 5.66666894883e-05, 6.7459193815e-05, 8.82219028426e-05, 6.05273016845e-05, 5.99862905801e-05, 6.41837978037e-05, 6.32149749435e-05, 0.000107517742435, 5.39639877388e-05, 5.89906594541e-05], "mean": [0.03060365282, 0.0102775264531, 0.001880822354, 0.00108537019696, 0.000771281775087, 0.00089900882449, 0.00106085569132, 0.000824894174002, 0.000431378459325, 0.00010730480426, 0.000102703648736, 9.31345202844e-05, 6.10974821029e-05, 4.70729537483e-05, 4.79757909488e-05, 5.16902109666e-05, 3.74028895749e-05, 4.4359047024e-05, 3.13158234349e-05, 2.22278540605e-05, 2.48001597356e-05, 1.57866834343e-05, 1.01382902358e-05, 7.60456487114e-06, 8.81277810549e-06, 4.72481769975e-06, 4.1835137381e-06, 3.29445742864e-06, 3.94372455048e-06, 4.62077059638e-06, 5.65297978028e-06, 4.70166014566e-06, 5.96544668952e-06, 5.41157214684e-06, 5.04568060933e-06, 4.69578753837e-06, 5.92429660173e-06, 6.92498042554e-06, 5.19771037943e-06, 5.24716415384e-06], "median": [0.0219894833863, 0.00810728780925, 0.00101101468317, 0.000688810599968, 0.00054922705749, 0.000596414436586, 0.000714521040209, 0.000427152524935, 0.000147483136971, 5.69273106521e-05, 6.95922062732e-05, 6.82635436533e-05, 4.32452943642e-05, 3.19980608765e-05, 2.45929513767e-05, 3.17515587085e-05, 2.04645730264e-05, 2.42934675043e-05, 2.18362874875e-05, 1.29112695504e-05, 1.66080644703e-05, 1.04016362457e-05, 5.03849605593e-06, 3.81927111448e-06, 4.02026762458e-06, 2.09447512134e-06, 1.46479237628e-06, 9.27892074287e-07, 8.85056465449e-07, 5.90057027239e-07, 6.0325726281e-07, 4.51121138667e-07, 4.63985600163e-07, 3.69402130218e-07, 2.81781524336e-07, 1.80294037477e-07, 2.21696922154e-07, 2.43345851914e-07, 1.58465724098e-07, 1.35438099846e-07], "min": [2.12348694468e-24, 1.17966249906e-24, 1.79724503707e-24, 2.42690493693e-24, 9.05847084199e-24, 9.2593179839e-24, 6.44444691505e-24, 2.49196316353e-23, 9.39325709928e-24, 8.87544564565e-24, 5.57776645925e-24, 6.64997121327e-24, 4.19577208345e-24, 1.35652126831e-23, 1.57131547103e-23, 1.3009729177e-23, 1.90603972385e-23, 2.11686295854e-23, 7.02628389747e-24, 1.09015615166e-23, 1.26203505896e-23, 1.14471913612e-23, 7.18009757449e-24, 1.80263425867e-23, 1.4934457489e-23, 1.33573904331e-23, 8.67607367363e-24, 6.77183917907e-24, 8.60594315029e-24, 6.94981882106e-24, 7.54727288283e-24, 1.09478061206e-23, 9.31362947951e-24, 8.44720619236e-24, 7.79252027193e-24, 6.56488270388e-24, 1.34643426169e-23, 1.08972456586e-23, 1.06320369332e-23, 8.79242040196e-24], "var": [0.000766870391089, 8.17731852294e-05, 5.187871011e-06, 1.58379418735e-06, 4.76946297567e-07, 7.38336211725e-07, 1.02851606698e-06, 1.1824062085e-06, 5.8435517758e-07, 2.51040699339e-08, 1.20138556881e-08, 7.41543670912e-09, 3.01718050544e-09, 3.10573455842e-09, 4.5054342479e-09, 2.9332816176e-09, 1.74058534252e-09, 3.29587690473e-09, 8.5716400644e-10, 6.47669140541e-10, 6.44061970423e-10, 2.75810069228e-10, 1.62766369827e-10, 1.54344009795e-10, 1.56799725981e-10, 6.89205498228e-11, 4.92361325322e-11, 3.97371267835e-11, 5.55115120537e-11, 9.2974135335e-11, 1.1055212995e-10, 8.37357544414e-11, 1.25347968116e-10, 1.0360205055e-10, 8.95475499307e-11, 8.60671117708e-11, 1.00608223141e-10, 1.52919205076e-10, 8.46189160408e-11, 8.58569812467e-11]}, "mfcc": {"mean": [-627.038391113, 162.451324463, 12.1258926392, 21.6024971008, 18.1423816681, 8.24025440216, -3.34241700172, 4.27987241745, 4.35862255096, 6.97805213928, 8.13457870483, 8.11516571045, 8.33153152466], "cov": [[4308.734375, -3525.62792969, 1544.07299805, -478.433319092, -206.170944214, 145.644485474, -24.2609996796, -138.132019043, 61.6820755005, -94.1845092773, -21.83360672, -21.8272743225, -46.0390129089], [-3525.62792969, 3927.77709961, -1754.57763672, 758.303100586, 223.376586914, -58.3202056885, 112.70891571, 193.768981934, 8.48651599884, 175.356781006, 63.0786933899, 70.6208190918, 32.8290138245], [1544.07299805, -1754.57763672, 1210.98962402, -489.686950684, 113.287765503, 76.7999267578, -19.5239677429, -32.1612548828, 27.3562431335, -40.8806533813, -14.4385023117, -30.3841342926, 35.4037513733], [-478.433319092, 758.303100586, -489.686950684, 495.06262207, -66.5071487427, 79.5425720215, 90.1330718994, 64.1323699951, 44.6201057434, 45.7353935242, 4.83374023438, 48.0551261902, -24.7401237488], [-206.170944214, 223.376586914, 113.287765503, -66.5071487427, 307.856445312, -1.16905081272, 8.18522167206, 43.1203994751, -5.18193387985, -3.89826416969, -2.94414019585, -34.9838676453, -4.95729780197], [145.644485474, -58.3202056885, 76.7999267578, 79.5425720215, -1.16905081272, 159.789657593, 64.4921035767, 32.1831893921, 35.032623291, 36.6767578125, 3.16746163368, 18.0119495392, 10.9809913635], [-24.2609996796, 112.70891571, -19.5239677429, 90.1330718994, 8.18522167206, 64.4921035767, 124.09928894, 66.0126953125, 32.3654670715, 22.8603038788, 6.90721035004, 15.3747282028, 0.361002624035], [-138.132019043, 193.768981934, -32.1612548828, 64.1323699951, 43.1203994751, 32.1831893921, 66.0126953125, 113.492362976, 33.0891685486, 24.5081768036, 17.5540542603, 11.9961032867, 3.42647266388], [61.6820755005, 8.48651599884, 27.3562431335, 44.6201057434, -5.18193387985, 35.032623291, 32.3654670715, 33.0891685486, 80.1394805908, 54.8932151794, 28.4053401947, 39.0631256104, 19.7125453949], [-94.1845092773, 175.356781006, -40.8806533813, 45.7353935242, -3.89826416969, 36.6767578125, 22.8603038788, 24.5081768036, 54.8932151794, 113.558647156, 61.5020484924, 54.8289146423, 46.3824234009], [-21.83360672, 63.0786933899, -14.4385023117, 4.83374023438, -2.94414019585, 3.16746163368, 6.90721035004, 17.5540542603, 28.4053401947, 61.5020484924, 101.04209137, 59.2490310669, 32.5221061707], [-21.8272743225, 70.6208190918, -30.3841342926, 48.0551261902, -34.9838676453, 18.0119495392, 15.3747282028, 11.9961032867, 39.0631256104, 54.8289146423, 59.2490310669, 100.037139893, 48.0711708069], [-46.0390129089, 32.8290138245, 35.4037513733, -24.7401237488, -4.95729780197, 10.9809913635, 0.361002624035, 3.42647266388, 19.7125453949, 46.3824234009, 32.5221061707, 48.0711708069, 85.4729232788]], "icov": [[0.0010396259604, 0.00108615879435, 4.99868401675e-05, -0.000512513448484, -0.000253076839726, -0.00010607704462, -0.000263857888058, 0.000197313580429, -0.000293313438306, -0.00044319985318, -0.000183879194083, -4.11464789067e-05, 0.00036716440809], [0.00108615879435, 0.00264126271941, 0.00227315118536, -0.000734689354431, -0.00210527144372, 1.17460358524e-05, -0.000502226233948, -0.000745027908124, 0.00024665571982, -0.00183649885003, 0.000420389609644, -8.83649117895e-05, -0.000845825299621], [4.99868401675e-05, 0.00227315118536, 0.0053211087361, 0.00202575023286, -0.00307464576326, -0.00181841524318, -0.000588412163779, -0.000985066639259, -0.00138254789636, -0.000411918648751, 0.000885928981006, -0.000288482609903, -0.00199905782938], [-0.000512513448484, -0.000734689354431, 0.00202575023286, 0.0058731646277, 0.000557060528081, -0.00279930327088, -0.00111156026833, -0.00051321083447, -0.00198401836678, 0.000822385773063, 0.00140552956145, -0.00238716998138, 0.00210331729613], [-0.000253076839726, -0.00210527144372, -0.00307464576326, 0.000557060528081, 0.00620714435354, 0.000103299207694, 0.000644248910248, -0.000994622358121, 9.0253444796e-05, 0.001136021805, -0.00105748837814, 0.00176256452687, 0.00126476027071], [-0.00010607704462, 1.17460358524e-05, -0.00181841524318, -0.00279930327088, 0.000103299207694, 0.0106685161591, -0.00364010967314, 0.000232585516642, 0.000858315674122, -0.00367187429219, 0.00168332376052, 0.000333549804054, -0.000510756566655], [-0.000263857888058, -0.000502226233948, -0.000588412163779, -0.00111156026833, 0.000644248910248, -0.00364010967314, 0.0147616043687, -0.00668282713741, -0.00105092942249, 0.000687646504957, 0.000464375771116, -0.000488625839353, 0.000650675152428], [0.000197313580429, -0.000745027908124, -0.000985066639259, -0.00051321083447, -0.000994622358121, 0.000232585516642, -0.00668282713741, 0.0156988017261, -0.00449855811894, 0.00185828132089, -0.0027479515411, 0.00155957380775, 0.000160778756253], [-0.000293313438306, 0.00024665571982, -0.00138254789636, -0.00198401836678, 9.0253444796e-05, 0.000858315674122, -0.00105092942249, -0.00449855811894, 0.0250189397484, -0.0113157499582, 0.00284465705045, -0.00541746430099, 0.0021603514906], [-0.00044319985318, -0.00183649885003, -0.000411918648751, 0.000822385773063, 0.001136021805, -0.00367187429219, 0.000687646504957, 0.00185828132089, -0.0113157499582, 0.0239786896855, -0.00941734854132, 0.0012311876053, -0.00617608381435], [-0.000183879194083, 0.000420389609644, 0.000885928981006, 0.00140552956145, -0.00105748837814, 0.00168332376052, 0.000464375771116, -0.0027479515411, 0.00284465705045, -0.00941734854132, 0.0201788153499, -0.010033480823, 0.00202929810621], [-4.11464789067e-05, -8.83649117895e-05, -0.000288482609903, -0.00238716998138, 0.00176256452687, 0.000333549804054, -0.000488625839353, 0.00155957380775, -0.00541746430099, 0.0012311876053, -0.010033480823, 0.0234219860286, -0.00933462008834], [0.00036716440809, -0.000845825299621, -0.00199905782938, 0.00210331729613, 0.00126476027071, -0.000510756566655, 0.000650675152428, 0.000160778756253, 0.0021603514906, -0.00617608381435, 0.00202929810621, -0.00933462008834, 0.0211198981851]]}, "spectral_contrast_coeffs": {"dmean": [0.0437590889633, 0.0433639921248, 0.0348597168922, 0.0360033139586, 0.0333795659244, 0.0373818688095], "dmean2": [0.0736223012209, 0.0710237920284, 0.0555476360023, 0.0568910464644, 0.051085434854, 0.0591420717537], "dvar": [0.0013070688583, 0.00151926197577, 0.000921222381294, 0.00105513737071, 0.0012118347222, 0.00160570535809], "dvar2": [0.00365527695976, 0.0039621940814, 0.00213354360312, 0.0022970228456, 0.00253652525134, 0.00384374149144], "max": [-0.403233528137, -0.408312380314, -0.52600979805, -0.566451132298, -0.605983734131, -0.552209913731], "mean": [-0.653454184532, -0.650838792324, -0.741563975811, -0.742525756359, -0.773848295212, -0.780777990818], "median": [-0.659511268139, -0.650394201279, -0.747377753258, -0.746963799, -0.783210158348, -0.797870635986], "min": [-0.965065777302, -0.978875875473, -0.984550476074, -0.979084610939, -0.973222076893, -0.964495539665], "var": [0.00566561846063, 0.00725262844935, 0.00353552005254, 0.0032206599135, 0.0027899350971, 0.00402420107275]}, "spectral_contrast_valleys": {"dmean": [0.351263493299, 0.349690258503, 0.345747739077, 0.425984442234, 0.612732172012, 1.03250741959], "dmean2": [0.559326350689, 0.576157569885, 0.537331223488, 0.639725923538, 0.876938343048, 1.30924296379], "dvar": [0.228540733457, 0.241452604532, 0.246822789311, 0.310446441174, 0.529359936714, 1.2778441906], "dvar2": [0.324759960175, 0.340396016836, 0.322089165449, 0.425739079714, 0.93527162075, 1.98187732697], "max": [-4.8616065979, -4.82774448395, -5.50598669052, -5.95240211487, -5.76745605469, -7.27141809464], "mean": [-6.32761478424, -6.3560404