{"lowlevel": {"average_loudness": 0.00694444729015, "barkbands_crest": {"dmean": 2.1044485569, "dmean2": 3.45045590401, "dvar": 4.80750799179, "dvar2": 13.3010444641, "max": 26.1136379242, "mean": 12.5383901596, "median": 11.4802293777, "min": 4.34675979614, "var": 21.5380706787}, "barkbands_flatness_db": {"dmean": 0.0180670041591, "dmean2": 0.0295506641269, "dvar": 0.000377043266781, "dvar2": 0.00102012616117, "max": 0.590828478336, "mean": 0.393688976765, "median": 0.402300179005, "min": 0.0495151653886, "var": 0.00357807963155}, "barkbands_kurtosis": {"dmean": 2.27205443382, "dmean2": 3.66015100479, "dvar": 33.1626396179, "dvar2": 77.3879776001, "max": 198.67250061, "mean": 4.10116243362, "median": 1.41080665588, "min": -1.87093615532, "var": 100.289741516}, "barkbands_skewness": {"dmean": 0.43391546607, "dmean2": 0.681593775749, "dvar": 0.25452619791, "dvar2": 0.60923910141, "max": 6.96835756302, "mean": 0.642302393913, "median": 0.720349907875, "min": -11.9927959442, "var": 2.09722876549}, "barkbands_spread": {"dmean": 1.08848106861, "dmean2": 1.73559868336, "dvar": 5.73397111893, "dvar2": 13.9904060364, "max": 124.448944092, "mean": 5.23715877533, "median": 3.87975740433, "min": 0.154402777553, "var": 30.3270721436}, "dissonance": {"dmean": 0.0536937043071, "dmean2": 0.0923458859324, "dvar": 0.00273161567748, "dvar2": 0.00759461103007, "max": 0.499570131302, "mean": 0.343414962292, "median": 0.35137924552, "min": 0.0712411031127, "var": 0.00635896157473}, "dynamic_complexity": 11.6142320633, "erbbands_crest": {"dmean": 1.92049574852, "dmean2": 2.9451379776, "dvar": 4.48795223236, "dvar2": 9.71096134186, "max": 34.5558700562, "mean": 14.9242897034, "median": 12.7888698578, "min": 2.44748449326, "var": 52.4423675537}, "erbbands_flatness_db": {"dmean": 0.0128573086113, "dmean2": 0.0197349824011, "dvar": 0.000232295380556, "dvar2": 0.000486970908241, "max": 0.588768184185, "mean": 0.378110080957, "median": 0.37564355135, "min": 0.0339517854154, "var": 0.00346767320298}, "erbbands_kurtosis": {"dmean": 1.73793256283, "dmean2": 2.46474003792, "dvar": 14.8312778473, "dvar2": 26.6845169067, "max": 105.311752319, "mean": 4.26926612854, "median": 0.706670999527, "min": -1.78990101814, "var": 120.850791931}, "erbbands_skewness": {"dmean": 0.334558844566, "dmean2": 0.503910899162, "dvar": 0.189412519336, "dvar2": 0.405135095119, "max": 5.61474227905, "mean": 0.237067356706, "median": 0.282843053341, "min": -6.6836771965, "var": 1.47018396854}, "erbbands_spread": {"dmean": 1.40704727173, "dmean2": 2.14454388618, "dvar": 2.81664037704, "dvar2": 5.63515996933, "max": 118.420303345, "mean": 9.3900976181, "median": 8.74306201935, "min": 0.186779260635, "var": 44.9664459229}, "hfc": {"dmean": 1.86944198608, "dmean2": 2.53040647507, "dvar": 77.4025192261, "dvar2": 146.679611206, "max": 361.741943359, "mean": 6.18229627609, "median": 0.772891998291, "min": 1.15837168607e-16, "var": 334.090637207}, "melbands_crest": {"dmean": 2.39290881157, "dmean2": 3.84876227379, "dvar": 6.22297000885, "dvar2": 17.3439502716, "max": 36.0375709534, "mean": 16.1061096191, "median": 15.1453065872, "min": 3.00576734543, "var": 31.3797588348}, "melbands_flatness_db": {"dmean": 0.0183969233185, "dmean2": 0.0294935069978, "dvar": 0.000410627573729, "dvar2": 0.00107082992326, "max": 0.757996320724, "mean": 0.530863940716, "median": 0.542525887489, "min": 0.00816566217691, "var": 0.00588539382443}, "melbands_kurtosis": {"dmean": 2.45683956146, "dmean2": 3.97101736069, "dvar": 17.3668937683, "dvar2": 42.8969535828, "max": 124.356300354, "mean": 5.59040927887, "median": 3.03088998795, "min": -1.9240912199, "var": 73.3454589844}, "melbands_skewness": {"dmean": 0.405673623085, "dmean2": 0.633063912392, "dvar": 0.195661023259, "dvar2": 0.459068328142, "max": 7.44161272049, "mean": 1.21299648285, "median": 1.32736086845, "min": -8.15977287292, "var": 2.21406507492}, "melbands_spread": {"dmean": 1.3217818737, "dmean2": 2.03426623344, "dvar": 6.07234573364, "dvar2": 11.8531389236, "max": 133.818740845, "mean": 6.91556549072, "median": 4.76764345169, "min": 0.481566458941, "var": 45.0979728699}, "pitch_salience": {"dmean": 0.0589092038572, "dmean2": 0.0971187204123, "dvar": 0.0034257338848, "dvar2": 0.00881704967469, "max": 0.939729332924, "mean": 0.507266938686, "median": 0.525358855724, "min": 0.0739129185677, "var": 0.017917772755}, "silence_rate_20dB": {"dmean": 0.00147841509897, "dmean2": 0.00295726745389, "dvar": 0.00147608225234, "dvar2": 0.00383601989597, "max": 1, "mean": 0.998373985291, "median": 1, "min": 0, "var": 0.00162356114015}, "silence_rate_30dB": {"dmean": 0.0103489058092, "dmean2": 0.0207008719444, "dvar": 0.01024155505, "dvar2": 0.0226373560727, "max": 1, "mean": 0.970879554749, "median": 1, "min": 0, "var": 0.0282751042396}, "silence_rate_60dB": {"dmean": 0.0227675922215, "dmean2": 0.0455419197679, "dvar": 0.0222496781498, "dvar2": 0.0482004545629, "max": 1, "mean": 0.532889902592, "median": 1, "min": 0, "var": 0.248905062675}, "spectral_centroid": {"dmean": 30.5961589813, "dmean2": 45.4102096558, "dvar": 16783.6445312, "dvar2": 18499.8164062, "max": 11070.0019531, "mean": 425.024108887, "median": 364.822814941, "min": 162.704452515, "var": 69819.2578125}, "spectral_complexity": {"dmean": 0.655824959278, "dmean2": 1.13322484493, "dvar": 0.973238289356, "dvar2": 2.23666381836, "max": 28, "mean": 5.35358476639, "median": 5, "min": 0, "var": 22.2417201996}, "spectral_decrease": {"dmean": 9.91547843832e-10, "dmean2": 1.37897271379e-09, "dvar": 1.59076079673e-17, "dvar2": 3.06344089928e-17, "max": -2.07037980597e-29, "mean": -3.45194717255e-09, "median": -6.79669709402e-10, "min": -1.64180633533e-07, "var": 7.95217361067e-17}, "spectral_energy": {"dmean": 0.00390723254532, "dmean2": 0.00542646087706, "dvar": 0.000250421435339, "dvar2": 0.000481649127323, "max": 0.652466595173, "mean": 0.0135892136022, "median": 0.00262919487432, "min": 1.05849125032e-20, "var": 0.00124278187286}, "spectral_energyband_high": {"dmean": 2.19797655632e-07, "dmean2": 3.13571433708e-07, "dvar": 7.81812288519e-12, "dvar2": 1.71016811823e-11, "max": 0.000132138899062, "mean": 3.81794620807e-07, "median": 9.63384305663e-09, "min": 7.61700704458e-21, "var": 1.06438503844e-11}, "spectral_energyband_low": {"dmean": 0.000798184250016, "dmean2": 0.00122552667744, "dvar": 4.48719629276e-06, "dvar2": 1.07174837467e-05, "max": 0.0707873180509, "mean": 0.00204945052974, "median": 0.000600964645855, "min": 3.01876147837e-23, "var": 2.3953631171e-05}, "spectral_energyband_middle_high": {"dmean": 0.000382117344998, "dmean2": 0.000521224399563, "dvar": 3.22974551636e-06, "dvar2": 6.32502906228e-06, "max": 0.0679863020778, "mean": 0.00128331477754, "median": 4.896847895e-05, "min": 1.64052240864e-21, "var": 1.5686815459e-05}, "spectral_energyband_middle_low": {"dmean": 0.00335391471162, "dmean2": 0.00467025954276, "dvar": 0.000232273770962, "dvar2": 0.000445212615887, "max": 0.631110191345, "mean": 0.010634909384, "median": 0.00151778850704, "min": 3.51030077152e-22, "var": 0.00102569407318}, "spectral_entropy": {"dmean": 0.109138809144, "dmean2": 0.171889945865, "dvar": 0.0240710619837, "dvar2": 0.0559163764119, "max": 9.79263210297, "mean": 5.32681941986, "median": 5.279337883, "min": 3.47632861137, "var": 0.199217826128}, "spectral_flux": {"dmean": 0.00995483808219, "dmean2": 0.0163834728301, "dvar": 0.000677139847539, "dvar2": 0.0017139648553, "max": 0.605409741402, "mean": 0.0255285874009, "median": 0.0142746409401, "min": 1.0288300073e-10, "var": 0.00123351137154}, "spectral_kurtosis": {"dmean": 32.4656143188, "dmean2": 55.8289299011, "dvar": 994.358947754, "dvar2": 2814.90917969, "max": 462.66583252, "mean": 142.412796021, "median": 137.172454834, "min": -1.20793044567, "var": 5414.81445312}, "spectral_rms": {"dmean": 0.000338166573783, "dmean2": 0.00047880524653, "dvar": 5.37038147286e-07, "dvar2": 1.00552290405e-06, "max": 0.0252299979329, "mean": 0.002455761889, "median": 0.00160158297513, "min": 3.21352514911e-12, "var": 7.22703271094e-06}, "spectral_rolloff": {"dmean": 72.7959365845, "dmean2": 128.175064087, "dvar": 185315.875, "dvar2": 425933.34375, "max": 19035.3515625, "mean": 506.801330566, "median": 430.6640625, "min": 21.533203125, "var": 354586.25}, "spectral_skewness": {"dmean": 1.34050917625, "dmean2": 2.32816553116, "dvar": 1.52649760246, "dvar2": 4.34121227264, "max": 17.098115921, "mean": 9.14417934418, "median": 9.36438751221, "min": 0.0401742905378, "var": 8.37358379364}, "spectral_spread": {"dmean": 275433.03125, "dmean2": 492482.375, "dvar": 313731842048, "dvar2": 571650080768, "max": 40593184, "mean": 949995.75, "median": 814890.375, "min": 197494.484375, "var": 785670012928}, "spectral_strongpeak": {"dmean": 0.237557888031, "dmean2": 0.361245721579, "dvar": 0.360656350851, "dvar2": 0.74044239521, "max": 15.5585870743, "mean": 0.781985402107, "median": 0.230978876352, "min": 0, "var": 2.05619359016}, "zerocrossingrate": {"dmean": 0.00200704950839, "dmean2": 0.00251757609658, "dvar": 4.70193590445e-05, "dvar2": 5.88184011576e-05, "max": 0.517578125, "mean": 0.0186267215759, "median": 0.015625, "min": 0.00146484375, "var": 0.00032002927037}, "barkbands": {"dmean": [6.97996365489e-05, 0.000382010941394, 0.000460589013528, 0.00031994265737, 0.000488713441882, 0.000823718903121, 0.000558056752197, 0.00130306754727, 0.000426544866059, 0.000267866038484, 8.09853590908e-05, 7.12727342034e-05, 2.32213715208e-05, 4.84440424771e-05, 2.60234974121e-05, 1.32494551508e-05, 1.83943611773e-05, 1.23391384932e-06, 1.53794098878e-06, 3.20412652854e-07, 6.56592646919e-08, 9.62408375216e-09, 9.92535920119e-09, 5.91598814381e-09, 4.82056705664e-09, 1.84132176173e-09, 8.88267348564e-10], "dmean2": [0.000123485457152, 0.00058298552176, 0.000729415274691, 0.000514691520948, 0.000754416396376, 0.00119003513828, 0.000836468359921, 0.00174792634789, 0.000619012513198, 0.000321334693581, 0.000109647902718, 0.000124737765873, 3.77515316359e-05, 6.0464553826e-05, 3.46082197211e-05, 1.91112376342e-05, 2.59007010754e-05, 1.92648167285e-06, 1.95361167243e-06, 4.39603269342e-07, 9.70948832446e-08, 1.61241917596e-08, 1.64732849584e-08, 9.56478363179e-09, 8.13291478607e-09, 3.1696583136e-09, 1.61047442049e-09], "dvar": [1.39536755484e-08, 1.17990009585e-06, 1.7901670617e-06, 2.78528023046e-06, 4.31659827882e-06, 1.81113919098e-05, 1.32521736305e-05, 0.000158773967996, 1.62178621395e-05, 2.84375573756e-06, 2.11084810076e-07, 8.26727443837e-07, 2.91000326058e-08, 1.1774158537e-07, 5.13645481703e-08, 1.11051905449e-08, 3.18972652735e-08, 8.02014843426e-11, 3.87929466328e-10, 2.12579034237e-11, 7.26927415831e-13, 9.80949195028e-15, 1.77160057999e-14, 3.76859993068e-15, 7.76783507444e-15, 6.92597876904e-16, 9.75529168842e-17], "dvar2": [4.04045543689e-08, 2.49751565207e-06, 4.61252648165e-06, 6.7728024078e-06, 9.99750409392e-06, 3.35277582053e-05, 2.78989264189e-05, 0.000294457335258, 3.2495274354e-05, 4.00462567995e-06, 3.3764237628e-07, 2.44361444857e-06, 7.02586717694e-08, 1.64755718401e-07, 8.88984601488e-08, 2.33422401408e-08, 7.16536590062e-08, 1.60387439441e-10, 7.47607697971e-10, 4.41289955966e-11, 1.44488782917e-12, 2.78464012645e-14, 5.09724268273e-14, 1.00490667491e-14, 2.25870280053e-14, 1.99905344794e-15, 2.93387331336e-16], "max": [0.00182560249232, 0.0605990439653, 0.0369298160076, 0.0431056730449, 0.0928198099136, 0.201884865761, 0.123850092292, 0.588570952415, 0.178134873509, 0.0970917269588, 0.0177075117826, 0.0383633300662, 0.00503637036309, 0.0172506701201, 0.00844718702137, 0.00497853895649, 0.00796571280807, 0.000286411144771, 0.00115044810809, 0.000258860993199, 4.24647187174e-05, 4.34467347077e-06, 5.79649622523e-06, 3.77731385015e-06, 5.31222804057e-06, 1.59148339662e-06, 5.66404480651e-07], "mean": [7.25304198568e-05, 0.000913841882721, 0.000940708734561, 0.000525572511833, 0.00187469564844, 0.00193223461974, 0.00169464899227, 0.00311187072657, 0.000978258438408, 0.000903833599295, 0.000193847241462, 0.000110349159513, 5.60962398595e-05, 0.00012511308887, 6.5978449129e-05, 3.5318222217e-05, 4.67741847388e-05, 3.5430580283e-06, 3.16104342346e-06, 6.76188278703e-07, 9.99927323164e-08, 1.48961127877e-08, 1.52172638934e-08, 1.09027249451e-08, 9.09623043555e-09, 3.7181355772e-09, 1.39659084297e-09], "median": [2.76051541732e-05, 0.000205312069738, 0.000235539584537, 7.67809106037e-05, 0.000221792564844, 0.000149871979374, 7.03983823769e-05, 4.49125727755e-05, 2.61918230535e-05, 2.87331276922e-05, 1.53880182552e-06, 9.6293911156e-07, 2.63947612211e-07, 9.39347785334e-07, 1.3119094433e-07, 4.71040593197e-08, 4.07521660861e-08, 7.84271758647e-09, 6.14829520629e-09, 3.10952086302e-09, 1.94495108907e-09, 7.68680397112e-10, 6.07202954583e-10, 6.78760436745e-10, 7.37078176272e-10, 5.6932442094e-10, 4.66919392039e-10], "min": [5.10662746804e-25, 2.55854349725e-23, 3.31719521076e-24, 7.02100484029e-24, 2.37861962867e-23, 4.64623138185e-23, 9.80763074444e-24, 1.59535745862e-22, 6.68890307666e-23, 4.73663957475e-23, 1.13678693462e-22, 1.02920612333e-22, 4.74899376762e-23, 1.27352871502e-22, 7.64419533131e-23, 1.49388798432e-22, 3.41484759225e-22, 2.47593171134e-22, 2.33599662199e-22, 3.82736757205e-22, 5.12069833662e-22, 4.20850552908e-22, 6.3617257299e-22, 8.53235590158e-22, 1.08050891606e-21, 1.83691429135e-21, 2.30935538821e-21], "var": [1.65864992852e-08, 8.95795255929e-06, 5.34758783033e-06, 5.03445698996e-06, 5.2193976444e-05, 6.00992207183e-05, 5.20486573805e-05, 0.000533512094989, 4.60777482658e-05, 1.68868518813e-05, 9.53426024353e-07, 6.80606433434e-07, 6.75592346511e-08, 5.4034637742e-07, 1.55703915539e-07, 3.85770491107e-08, 8.28303541311e-08, 4.16380679935e-10, 1.08871600624e-09, 4.67459577991e-11, 1.09317231916e-12, 7.86983562898e-15, 1.67814726552e-14, 3.66722787459e-15, 5.10098741539e-15, 5.14295112167e-16, 5.5074826693e-17]}, "erbbands": {"dmean": [0.004248006735, 0.109530061483, 0.488439679146, 0.65704870224, 2.14873337746, 0.990936040878, 2.1334733963, 8.07771110535, 7.6690955162, 21.7628803253, 22.2873477936, 11.3510847092, 8.43709564209, 5.19988870621, 2.84670305252, 3.56522274017, 1.26075339317, 2.53685069084, 1.83728146553, 0.716177642345, 0.774335026741, 0.938365757465, 0.125228881836, 0.112163648009, 0.0378320552409, 0.0134174814448, 0.00353863672353, 0.00233279610984, 0.000468757003546, 0.000343717634678, 0.000218264220166, 0.000139260024298, 9.06633067643e-05, 5.63573194086e-05, 3.79293269361e-05, 1.16732226161e-05, 3.73696866518e-06, 1.09476627586e-06, 1.88885735497e-06, 4.39220048065e-06], "dmean2": [0.00699091888964, 0.167390689254, 0.767118513584, 1.02273011208, 3.41743850708, 1.58081281185, 2.74139714241, 11.7424192429, 11.727602005, 31.6034297943, 29.081199646, 16.0017204285, 10.0217418671, 7.05637788773, 3.99024796486, 6.17812728882, 1.98938059807, 3.18336820602, 2.41028261185, 0.964455962181, 1.17207491398, 1.31491625309, 0.177750408649, 0.149284362793, 0.0511138029397, 0.0189041364938, 0.0051337396726, 0.00348154921085, 0.000783953757491, 0.000585253059398, 0.000345680862665, 0.000225152092753, 0.000146891674376, 9.16959834285e-05, 6.6087624873e-05, 1.91254875972e-05, 6.21978551862e-06, 1.90336697869e-06, 2.61637410404e-06, 6.08847130934e-06], "dvar": [0.000144678313518, 0.0937987938523, 1.85009849072, 6.97692966461, 113.520759583, 13.6254367828, 179.937316895, 2105.90649414, 1419.98583984, 44972.5507812, 29628.0976562, 11326.2578125, 4129.80078125, 618.68572998, 251.967147827, 1785.19580078, 73.3597412109, 319.732635498, 189.233551025, 15.6405000687, 28.6762809753, 129.997802734, 1.08328592777, 2.03757596016, 0.151853308082, 0.0343141742051, 0.00138620124198, 0.000889722839929, 3.18425627484e-05, 2.12429295061e-05, 5.13079930897e-06, 2.43765953201e-06, 4.32870479017e-07, 3.22130119912e-07, 8.96802134775e-07, 1.34062725365e-08, 3.7586587176e-09, 5.13630749044e-10, 6.03436745017e-11, 3.20941273557e-10], "dvar2": [0.000385366409319, 0.198873907328, 4.94773244858, 15.8843326569, 270.234375, 32.9145851135, 258.402282715, 3610.23388672, 2958.34570312, 86759.875, 52121.7304688, 21650.1875, 6170.07958984, 1063.82507324, 458.611022949, 5268.00195312, 176.479797363, 456.614654541, 323.000061035, 29.1205749512, 60.888671875, 293.670349121, 2.2194890976, 3.97936201096, 0.31531226635, 0.0720760896802, 0.00304213212803, 0.00188796489965, 9.08668444026e-05, 6.19615675532e-05, 1.30296566567e-05, 6.6281090767e-06, 1.11247140921e-06, 8.8901157369e-07, 2.64666778094e-06, 3.87362533161e-08, 1.08486037931e-08, 1.51494372602e-09, 1.15439671711e-10, 6.16010575882e-10], "max": [0.59295207262, 16.6827831268, 30.0186405182, 93.0539398193, 424.704345703, 138.783050537, 659.006347656, 2332.41479492, 1658.55249023, 9972.77246094, 8399.30273438, 4737.07568359, 3870.70825195, 1123.53759766, 581.201660156, 1770.1270752, 267.767150879, 891.768127441, 498.634368896, 133.2684021, 182.047088623, 550.781555176, 40.8314590454, 84.0121383667, 15.3201198578, 8.24002361298, 1.72933089733, 1.37366616726, 0.243147209287, 0.208126440644, 0.0893206968904, 0.0950133427978, 0.0383904241025, 0.0342124290764, 0.056359231472, 0.00668681459501, 0.00374330440536, 0.0013527222909, 0.000316643214319, 0.000739764596801], "mean": [0.0103470794857, 0.263175696135, 1.03693151474, 1.46397542953, 6.93597984314, 3.53025078773, 5.41292142868, 17.8673267365, 24.3332576752, 54.1043548584, 51.5304031372, 27.9118442535, 28.4312896729, 17.1935691833, 6.68917179108, 5.86580467224, 3.26671767235, 6.46233320236, 4.80523061752, 2.13256430626, 2.00287508965, 2.28781819344, 0.354263395071, 0.257188528776, 0.0827283412218, 0.0271686762571, 0.00662497803569, 0.00359816546552, 0.000701113953255, 0.000548044510651, 0.000383364007575, 0.000244310387643, 0.000184842472663, 0.000122574478155, 6.55102558085e-05, 2.75732891168e-05, 9.77352192422e-06, 2.39574319494e-06, 6.68155325911e-06, 1.52729153342e-05], "median": [0.00291510811076, 0.0598333925009, 0.252073317766, 0.329136759043, 0.596612095833, 0.488979578018, 0.522118151188, 1.13892042637, 1.37647747993, 0.835052192211, 1.46293568611, 0.908274948597, 1.04497647285, 0.55568253994, 0.113803103566, 0.059318151325, 0.029624549672, 0.0617185980082, 0.0188225135207, 0.00545574817806, 0.00386212579906, 0.00210921466351, 0.000645929889288, 0.000389440770959, 0.000259907072177, 0.000179744209163, 0.000103932878119, 7.90459453128e-05, 3.36446064466e-05, 2.33462633332e-05, 1.88131580217e-05, 1.60336167028e-05, 1.37770366564e-05, 1.07131918412e-05, 7.18147020962e-06, 4.02604428018e-06, 1.94543918042e-06, 4.92486776693e-07, 1.29412319438e-06, 2.90151842819e-06], "min": [9.66493095005e-22, 4.95097565754e-21, 3.99890692837e-21, 1.20970172422e-20, 9.41452899991e-20, 4.6769240967e-20, 1.07719627581e-19, 5.03387379214e-19, 2.03015920016e-19, 5.18756756887e-19, 4.4137923216e-18, 1.86484663775e-18, 1.94975341891e-18, 2.44453026154e-18, 4.11945168115e-18, 4.14804111107e-18, 2.27482630065e-18, 6.87289978028e-18, 4.428520686e-18, 6.01825346266e-18, 8.65345485245e-18, 1.75126195971e-17, 1.23029517268e-17, 1.3390188825e-17, 1.38150701466e-17, 1.95149740515e-17, 2.15853905811e-17, 1.63722253912e-17, 1.36623775686e-17, 2.1733727226e-17, 1.42850865784e-17, 1.63089212589e-17, 1.55020892895e-17, 1.36343857767e-17, 7.18616962186e-18, 5.61193117884e-18, 3.54543052225e-18, 1.22495491532e-18, 3.4068330502e-19, 3.65666789695e-20], "var": [0.000819727079943, 0.702517390251, 5.64035749435, 24.4637336731, 976.068969727, 128.949127197, 523.480834961, 6747.87695312, 6434.48095703, 154741.40625, 96110.2109375, 34259.6875, 22257.7558594, 4564.4765625, 1023.00732422, 1581.67858887, 194.011901855, 1428.55578613, 602.725769043, 84.558380127, 97.6173934937, 303.841064453, 4.04868793488, 5.75852680206, 0.383382916451, 0.0542291030288, 0.00264968373813, 0.00129631021991, 2.38296070165e-05, 1.85183853318e-05, 7.77785771788e-06, 2.02959267881e-06, 6.46663181669e-07, 3.51579558355e-07, 5.02393163515e-07, 1.35467610463e-08, 2.49595655255e-09, 2.95548835405e-10, 2.95838270548e-10, 1.58272805972e-09]}, "gfcc": {"mean": [-327.554626465, 238.104537964, -53.3113594055, -39.331325531, -37.7187232971, -5.23724842072, -18.7913665771, -1.49624502659, -5.32368850708, -10.2885189056, -9.68996810913, -13.8431367874, -1.59037482738], "cov": [[20174.7363281, 1918.34570312, -6110.25830078, -1058.06994629, 1489.34899902, -1281.03442383, -731.831359863, -469.062011719, 585.829162598, -75.3142929077, 262.772003174, -475.368347168, 82.571937561], [1918.34570312, 1023.83190918, -110.557380676, -299.814178467, 202.420272827, -141.867019653, -49.878112793, -121.453353882, 75.0249176025, -58.1075286865, 36.7361869812, -71.8967437744, 21.7737960815], [-6110.25830078, -110.557380676, 2954.89208984, 486.493804932, -675.888244629, 407.900939941, 141.98348999, 64.6610946655, -222.971038818, -77.9473876953, -76.8721847534, 177.384872437, -58.6832466125], [-1058.06994629, -299.814178467, 486.493804932, 402.06842041, -125.872871399, -0.105176538229, -2.56140255928, 5.96716356277, -79.9851226807, -11.1572904587, 11.2725353241, 60.7198181152, -43.3002433777], [1489.34899902, 202.420272827, -675.888244629, -125.872871399, 358.929443359, -81.7940673828, -20.3618679047, 1.07429897785, 74.5087661743, 12.8420066833, 31.3681621552, -45.977191925, 3.90742588043], [-1281.03442383, -141.867019653, 407.900939941, -0.105176538229, -81.7940673828, 307.21484375, 113.375427246, 34.576751709, -62.1054878235, -1.2381875515, -38.837059021, 39.8379440308, 33.1293449402], [-731.831359863, -49.878112793, 141.98348999, -2.56140255928, -20.3618679047, 113.375427246, 258.97946167, 117.408668518, 3.60299491882, -25.3489627838, -50.5015068054, -3.75837516785, 39.6011924744], [-469.062011719, -121.453353882, 64.6610946655, 5.96716356277, 1.07429897785, 34.576751709, 117.408668518, 196.822250366, 49.824016571, -17.4011383057, -36.7580337524, 0.313030689955, 1.55020678043], [585.829162598, 75.0249176025, -222.971038818, -79.9851226807, 74.5087661743, -62.1054878235, 3.60299491882, 49.824016571, 135.419616699, 34.8086280823, -2.2085814476, -44.2577209473, -6.77430534363], [-75.3142929077, -58.1075286865, -77.9473876953, -11.1572904587, 12.8420066833, -1.2381875515, -25.3489627838, -17.4011383057, 34.8086280823, 105.773666382, 55.5246696472, -10.8243713379, -30.5725784302], [262.772003174, 36.7361869812, -76.8721847534, 11.2725353241, 31.3681621552, -38.837059021, -50.5015068054, -36.7580337524, -2.2085814476, 55.5246696472, 123.748985291, 42.1049156189, -37.9142341614], [-475.368347168, -71.8967437744, 177.384872437, 60.7198181152, -45.977191925, 39.8379440308, -3.75837516785, 0.313030689955, -44.2577209473, -10.8243713379, 42.1049156189, 113.489364624, 33.2760429382], [82.571937561, 21.7737960815, -58.6832466125, -43.3002433777, 3.90742588043, 33.1293449402, 39.6011924744, 1.55020678043, -6.77430534363, -30.5725784302, -37.9142341614, 33.2760429382, 110.177253723]], "icov": [[0.000368072243873, -0.000792912091129, 0.000954831310082, -0.000759513990488, 0.00061558035668, -0.000431079621194, 0.00063886254793, -5.64743859286e-05, -0.000701829441823, 0.00109049596358, -0.000639158883132, 0.000482834031573, -0.000136448754347], [-0.000792912091129, 0.0051622572355, -0.00361349433661, 0.00445051630959, -0.00383027247153, 0.00284360116348, -0.00211294530891, 0.00283408933319, -0.000188776946743, 0.00175366515759, -0.00272358697839, 0.00219878414646, -0.00172744842712], [0.000954831310082, -0.00361349433661, 0.00406480580568, -0.00375734642148, 0.00389875448309, -0.00282130390406, 0.00186101114377, -0.0012440700084, -0.00133215321694, 0.00152265420184, 0.000570417323615, -0.00105305970646, 0.00160050287377], [-0.000759513990488, 0.00445051630959, -0.00375734642148, 0.00787491258234, -0.00341512449086, 0.0040240585804, -0.00232913554646, 0.00200337311253, 0.00213971082121, -0.000199991380214, -0.000353301875293, -0.00084372254787, 0.000712710258085], [0.00061558035668, -0.00383027247153, 0.00389875448309, -0.00341512449086, 0.0081993220374, -0.00296515994705, 0.00158415269107, -0.0021240497008, -0.00159209338017, 0.000826205825433, -0.000257735169725, -0.00051863497356, 0.00129064661451], [-0.000431079621194, 0.00284360116348, -0.00282130390406, 0.0040240585804, -0.00296515994705, 0.00787775311619, -0.00326636992395, 0.00140439276583, 0.00313453073613, -0.00283111655153, 0.00174709479325, -0.00126405514311, -0.000879336090293], [0.00063886254793, -0.00211294530891, 0.00186101114377, -0.00232913554646, 0.00158415269107, -0.00326636992395, 0.00830551795661, -0.00478152697906, -0.000295006058877, 0.00186213897541, -0.00175938406028, 0.00337682967074, -0.00310410605744], [-5.64743859286e-05, 0.00283408933319, -0.0012440700084, 0.00200337311253, -0.0021240497008, 0.00140439276583, -0.00478152697906, 0.0115499114618, -0.00604370282963, 0.00428727874532, -2.69328993454e-05, -0.00167491135653, 0.00213076383807], [-0.000701829441823, -0.000188776946743, -0.00133215321694, 0.00213971082121, -0.00159209338017, 0.00313453073613, -0.000295006058877, -0.00604370282963, 0.0168588794768, -0.0103787668049, 0.00494115892798, -7.34160348657e-05, -0.000121176395623], [0.00109049596358, 0.00175366515759, 0.00152265420184, -0.000199991380214, 0.000826205825433, -0.00283111655153, 0.00186213897541, 0.00428727874532, -0.0103787668049, 0.0260124336928, -0.017211465165, 0.0104339383543, -0.00283324858174], [-0.000639158883132, -0.00272358697839, 0.000570417323615, -0.000353301875293, -0.000257735169725, 0.00174709479325, -0.00175938406028, -2.69328993454e-05, 0.00494115892798, -0.017211465165, 0.0291940290481, -0.0202338453382, 0.0129840169102], [0.000482834031573, 0.00219878414646, -0.00105305970646, -0.00084372254787, -0.00051863497356, -0.00126405514311, 0.00337682967074, -0.00167491135653, -7.34160348657e-05, 0.0104339383543, -0.0202338453382, 0.0275045316666, -0.0148596791551], [-0.000136448754347, -0.00172744842712, 0.00160050287377, 0.000712710258085, 0.00129064661451, -0.000879336090293, -0.00310410605744, 0.00213076383807, -0.000121176395623, -0.00283324858174, 0.0129840169102, -0.0148596791551, 0.0201192609966]]}, "melbands": {"dmean": [7.25943464204e-05, 0.000213392471778, 0.000161014526384, 0.000115388531412, 6.05607019679e-05, 0.000175504028448, 0.000118300500617, 0.00025437262957, 0.000173578126123, 5.97720281803e-05, 4.07873449149e-05, 2.15707950701e-05, 1.17625259008e-05, 8.59865394887e-06, 4.91787113788e-06, 2.17204683395e-06, 5.40883229405e-06, 2.95838367492e-06, 1.35436164328e-06, 1.04390392153e-06, 8.85758140612e-07, 1.20963602512e-06, 2.73706092457e-07, 5.62370985335e-08, 1.07133942606e-07, 2.34436718927e-08, 1.93371505475e-08, 7.1472467944e-09, 2.1488064661e-09, 2.90860180385e-09, 6.37487007626e-10, 2.64883615042e-10, 1.58125387784e-10, 2.41315051275e-10, 1.51306925322e-10, 8.80627723521e-11, 9.20897455514e-11, 7.62743618266e-11, 4.74195543942e-11, 5.02521739498e-11], "dmean2": [0.000113816880912, 0.000328928872477, 0.000253980892012, 0.000184565622476, 7.92138889665e-05, 0.000256614206592, 0.00018209675909, 0.000362199469237, 0.000227529686526, 8.50927826832e-05, 4.83305229864e-05, 2.98616887449e-05, 1.59532555699e-05, 1.50931937242e-05, 8.39157291921e-06, 3.41027134709e-06, 6.74877446727e-06, 3.88191119782e-06, 1.82191593012e-06, 1.40442386964e-06, 1.34266156238e-06, 1.68710698745e-06, 3.84783987784e-07, 8.59936903908e-08, 1.41874380688e-07, 3.3983440062e-08, 2.63944226475e-08, 1.05208952661e-08, 3.22679261089e-09, 4.2315555504e-09, 9.88134907232e-10, 4.50217835235e-10, 2.66011351835e-10, 4.1831979547e-10, 2.37126929203e-10, 1.41396186426e-10, 1.53067725162e-10, 1.25846846832e-10, 7.78944825308e-11, 8.29621579768e-11], "dvar": [4.33048121806e-08, 3.19240513136e-07, 5.57129908429e-07, 2.65270415412e-07, 1.38042054232e-07, 9.36501351134e-07, 3.59191801635e-07, 6.98051053405e-06, 1.61193827353e-06, 3.31694906208e-07, 1.00744749432e-07, 1.16029186259e-08, 4.66033522883e-09, 1.31738850939e-08, 1.88122539768e-09, 2.24780583036e-10, 1.61750390859e-09, 4.1748488e-10, 1.037481559e-10, 7.44313985446e-11, 4.02865761584e-11, 2.06349784482e-10, 5.5944905826e-12, 2.24280568618e-13, 2.21879611038e-12, 6.7370181699e-14, 5.75975560107e-14, 1.4252420316e-14, 9.02756597876e-16, 1.73818318205e-15, 4.671759928e-17, 8.91374873889e-18, 3.00616459756e-18, 1.76734880282e-17, 2.89703445255e-18, 7.9764664577e-19, 1.08180758801e-18, 2.64894975195e-19, 1.20963881325e-19, 2.23020585197e-19], "dvar2": [9.89473960544e-08, 8.00271607204e-07, 1.32055697577e-06, 6.41532324153e-07, 1.9700014775e-07, 1.68592953287e-06, 7.48699676478e-07, 1.33283965624e-05, 2.87817897515e-06, 6.39616359877e-07, 1.49030071839e-07, 2.04238901347e-08, 7.4031687447e-09, 3.92317467401e-08, 5.43492362226e-09, 4.59616733561e-10, 2.26591101438e-09, 7.0624206483e-10, 1.79933831723e-10, 1.52979393042e-10, 8.54772780334e-11, 4.62609783813e-10, 1.20800548384e-11, 4.19337633194e-13, 4.3913241099e-12, 1.48378068187e-13, 1.16111642328e-13, 3.02975147141e-14, 2.0887438609e-15, 3.29961430493e-15, 1.15773363203e-16, 2.52534005848e-17, 8.49195197376e-18, 5.23035168693e-17, 7.08025658905e-18, 2.14503008202e-18, 2.98415414864e-18, 6.96256584848e-19, 3.11762899456e-19, 6.18795256386e-19], "max": [0.0115662980825, 0.0174665059894, 0.0238668527454, 0.0230868905783, 0.0182380918413, 0.0475814864039, 0.0256616696715, 0.129730701447, 0.0632254034281, 0.0257461052388, 0.0191424693912, 0.00495866825804, 0.00269392621703, 0.00485191959888, 0.00160145096015, 0.000599652179517, 0.00205129850656, 0.000709360465407, 0.000372956536012, 0.000420428928919, 0.000175793524249, 0.00068602169631, 9.64630307863e-05, 1.74087272171e-05, 8.80955631146e-05, 1.20178901852e-05, 1.45665162563e-05, 5.99216718911e-06, 1.73129626546e-06, 2.17299702854e-06, 2.36661009012e-07, 1.24310346905e-07, 7.05137424006e-08, 1.96610358216e-07, 7.71852626258e-08, 5.22283229998e-08, 6.10698620562e-08, 2.6721227897e-08, 2.01877430328e-08, 2.76133640398e-08], "mean": [0.000178416215931, 0.00050110014854, 0.000427196529927, 0.000418049632572, 0.00015818317479, 0.000406119565014, 0.000372416310711, 0.000627008324955, 0.000389723136323, 0.000146191465319, 0.000137553724926, 6.95174167049e-05, 2.71062981483e-05, 1.30468370116e-05, 9.27083419811e-06, 6.1122450461e-06, 1.33165140142e-05, 7.7133272498e-06, 3.61680667993e-06, 3.09334041049e-06, 2.16761259253e-06, 2.92286927106e-06, 6.3922237814e-07, 1.64325513197e-07, 2.32406293321e-07, 4.7855902352e-08, 4.37003500053e-08, 1.20526308933e-08, 4.11041689574e-09, 4.12102973968e-09, 1.04267194878e-09, 3.5462496828e-10, 2.60914817529e-10, 3.34797717327e-10, 2.51309723032e-10, 1.38991415599e-10, 1.45037939991e-10, 1.33572611305e-10, 9.89037116095e-11, 9.45399175611e-11], "median": [4.67541030957e-05, 0.000126901009935, 7.9683122749e-05, 4.42838500021e-05, 1.62941742019e-05, 2.74914091278e-05, 2.07957600651e-05, 8.17493491923e-06, 1.2249755855e-05, 3.96157793148e-06, 4.24739300797e-06, 1.83727354397e-06, 2.61846054173e-07, 1.18115330849e-07, 7.22172828205e-08, 3.52763152023e-08, 1.07269485738e-07, 2.4953365596e-08, 8.0037549921e-09, 3.63943408743e-09, 3.49025253144e-09, 2.33166796981e-09, 5.88141757518e-10, 3.1437810688e-10, 2.62512511728e-10, 1.63231150818e-10, 1.50857798475e-10, 9.64792343239e-11, 3.99344272928e-11, 5.37097206987e-11, 3.31850553981e-11, 1.62925575808e-11, 1.19537548263e-11, 1.1216487808e-11, 9.45755366383e-12, 8.63305607557e-12, 8.27114071678e-12, 7.89662172457e-12, 7.44959909732e-12, 6.84331627823e-12], "min": [8.02932684934e-24, 3.45887699593e-24, 4.85604392795e-24, 5.53417597778e-24, 3.07486917081e-24, 1.02873883369e-23, 3.0864898808e-24, 9.43699785875e-24, 3.50631064995e-23, 1.01319377735e-23, 9.18329861391e-24, 8.20358464559e-24, 1.46813199131e-23, 1.37001063202e-23, 5.97977628744e-24, 5.96324689046e-24, 1.35025250624e-23, 6.81445107859e-24, 4.69918327568e-24, 1.36044348473e-23, 9.23061212442e-24, 1.87668904947e-23, 1.4342160211e-23, 1.24961373403e-23, 1.03448126776e-23, 9.73166738357e-24, 1.05061449879e-23, 1.32492123594e-23, 1.52538262487e-23, 1.00207770167e-23, 9.00182116267e-24, 6.02349535323e-24, 1.06730435008e-23, 1.36052978612e-23, 7.31784452146e-24, 1.02771228899e-23, 9.25706578602e-24, 1.06465109531e-23, 1.04126736481e-23, 1.24776566959e-23], "var": [3.13711694844e-07, 1.45461888224e-06, 2.62418279817e-06, 3.02866601487e-06, 4.05978823892e-07, 3.0721296298e-06, 1.57520275934e-06, 2.35534625972e-05, 5.04447280036e-06, 9.93995058707e-07, 5.49530739136e-07, 8.29842932148e-08, 2.04729619924e-08, 1.00568398054e-08, 2.19026108361e-09, 7.19353021594e-10, 7.29667704036e-09, 1.40130707038e-09, 3.46117440264e-10, 3.06672881534e-10, 1.32370225892e-10, 4.90234630668e-10, 1.72128578751e-11, 1.03703428223e-12, 6.02877340064e-12, 1.35978603594e-13, 1.51279257675e-13, 1.75981174484e-14, 1.83201283327e-15, 2.64971811175e-15, 6.28647604071e-17, 6.44666560475e-18, 2.70997851716e-18, 1.42327392805e-17, 5.15153899351e-18, 6.38721365258e-19, 8.90811998162e-19, 3.74520213651e-19, 2.11686853712e-19, 2.37495134393e-19]}, "mfcc": {"mean": [-919.601928711, 210.440811157, 58.201587677, 2.56039261818, 0.129573076963, -3.55320620537, -3.97083735466, 1.43237626553, 7.00701379776, 6.99869632721, 1.38781225681, -2.96500968933, -4.20708799362], "cov": [[8498.25, 4663.375, -3166.82885742, -1539.77099609, 416.523132324, -297.488830566, -536.43560791, -362.12991333, -189.811660767, -42.4986572266, -58.6154556274, 117.852928162, 180.528518677], [4663.375, 3159.57543945, -1085.13146973, -972.960510254, 73.6946258545, -84.5275421143, -304.991363525, -233.881759644, -108.920593262, -68.8294754028, -76.1362838745, 32.7123451233, 76.4238967896], [-3166.82885742, -1085.13146973, 2091.58911133, 656.013549805, -329.923950195, 150.088088989, 208.007675171, 115.210037231, 55.0215950012, -60.9782218933, -40.1155853271, -54.7642326355, -65.5243606567], [-1539.77099609, -972.960510254, 656.013549805, 670.395996094, 52.5657348633, -36.1214027405, 106.792205811, 99.5820617676, 1.42352735996, -34.5270957947, 1.05202591419, 41.5089111328, 51.2331008911], [416.523132324, 73.6946258545, -329.923950195, 52.5657348633, 226.192077637, 17.006893158, -47.0865745544, -33.5035400391, -58.2569656372, -43.1311683655, -4.13623046875, 42.6288032532, 66.6967315674], [-297.488830566, -84.5275421143, 150.088088989, -36.1214027405, 17.006893158, 159.354049683, 63.0576553345, -29.8525218964, -32.0527076721, -34.5724868774, -16.8300495148, -9.93556785583, -7.17618846893], [-536.43560791, -304.991363525, 208.007675171, 106.792205811, -47.0865745544, 63.0576553345, 149.918243408, 95.4104690552, 24.4035663605, -3.54930400848, -7.02323007584, -6.18318557739, 0.0735028609633], [-362.12991333, -233.881759644, 115.210037231, 99.5820617676, -33.5035400391, -29.8525218964, 95.4104690552, 175.045669556, 119.928794861, 29.9927959442, -16.4410037994, -25.0574245453, -9.05998134613], [-189.811660767, -108.920593262, 55.0215950012, 1.42352735996, -58.2569656372, -32.0527076721, 24.4035663605, 119.928794861, 183.866104126, 108.175506592, -15.7951936722, -70.0934677124, -58.3519096375], [-42.4986572266, -68.8294754028, -60.9782218933, -34.5270957947, -43.1311683655, -34.5724868774, -3.54930400848, 29.9927959442, 108.175506592, 156.603744507, 66.0518569946, -50.3825874329, -71.3322525024], [-58.6154556274, -76.1362838745, -40.1155853271, 1.05202591419, -4.13623046875, -16.8300495148, -7.02323007584, -16.4410037994, -15.7951936722, 66.0518569946, 117.659889221, 50.1891441345, -20.5171756744], [117.852928162, 32.7123451233, -54.7642326355, 41.5089111328, 42.6288032532, -9.93556785583, -6.18318557739, -25.0574245453, -70.0934677124, -50.3825874329, 50.1891441345, 143.762069702, 101.088973999], [180.528518677, 76.4238967896, -65.5243606567, 51.2331008911, 66.6967315674, -7.17618846893, 0.0735028609633, -9.05998134613, -58.3519096375, -71.3322525024, -20.5171756744, 101.088973999, 148.830764771]], "icov": [[0.0262504927814, -0.036797452718, 0.0355084761977, -0.0322316773236, 0.0268699582666, -0.0206914655864, 0.0150617165491, -0.0087873339653, 0.00283022597432, 0.00262585049495, -0.00239624571986, 0.00185204832815, 0.000980762997642], [-0.036797452718, 0.0526142120361, -0.0509704872966, 0.048537004739, -0.0412990637124, 0.0336601287127, -0.0245859567076, 0.0154656749219, -0.00545509858057, -0.00314439460635, 0.00427788449451, -0.00348106632009, -0.00113859877456], [0.0355084761977, -0.0509704872966, 0.053379137069, -0.0534745417535, 0.0511465035379, -0.0454923659563, 0.0367677882314, -0.0252641160041, 0.0119089670479, 0.000273619923973, -0.00299166608602, 0.00413284357637, -7.87936442066e-05], [-0.0322316773236, 0.048537004739, -0.0534745417535, 0.0618681460619, -0.0627423599362, 0.0627208575606, -0.0546734593809, 0.0408088229597, -0.0235173553228, 0.00816692132503, -0.000307924230583, -0.00380853610113, 0.000223651586566], [0.0268699582666, -0.0412990637124, 0.0511465035379, -0.0627423599362, 0.0785050168633, -0.0809504017234, 0.0788096114993, -0.0654990002513, 0.04528330639, -0.0231627002358, 0.00973877310753, 0.000588895112742, -0.00278494786471], [-0.0206914655864, 0.0336601287127, -0.0454923659563, 0.0627208575606, -0.0809504017234, 0.106296703219, -0.10823725909, 0.100317262113, -0.0769380480051, 0.0534867234528, -0.0311467237771, 0.0127886077389, -0.00375261111185], [0.0150617165491, -0.0245859567076, 0.0367677882314, -0.0546734593809, 0.0788096114993, -0.10823725909, 0.132893830538, -0.129207655787, 0.108485512435, -0.0805655196309, 0.0543338246644, -0.0258698090911, 0.00987730547786], [-0.0087873339653, 0.0154656749219, -0.0252641160041, 0.0408088229597, -0.0654990002513, 0.100317262113, -0.129207655787, 0.150245696306, -0.138540714979, 0.109766386449, -0.0802239477634, 0.0429562181234, -0.0209981836379], [0.00283022597432, -0.00545509858057, 0.0119089670479, -0.0235173553228, 0.04528330639, -0.0769380480051, 0.108485512435, -0.138540714979, 0.153009876609, -0.131975442171, 0.104128830135, -0.0571765080094, 0.030143590644], [0.00262585049495, -0.00314439460635, 0.000273619923973, 0.00816692132503, -0.0231627002358, 0.0534867234528, -0.0805655196309, 0.109766386449, -0.131975442171, 0.13516959548, -0.111443258822, 0.067500539124, -0.0327502153814], [-0.00239624571986, 0.00427788449451, -0.00299166608602, -0.000307924230583, 0.00973877310753, -0.0311467237771, 0.0543338246644, -0.0802239477634, 0.104128830135, -0.111443258822, 0.111825123429, -0.072992682457, 0.0411288291216], [0.00185204832815, -0.00348106632009, 0.00413284357637, -0.00380853610113, 0.000588895112742, 0.0127886077389, -0.0258698090911, 0.0429562181234, -0.0571765080094, 0.067500539124, -0.072992682457, 0.063868381083, -0.0378563627601], [0.000980762997642, -0.00113859877456, -7.87936442066e-05, 0.000223651586566, -0.00278494786471, -0.00375261111185, 0.00987730547786, -0.0209981836379, 0.030143590644, -0.0327502153814, 0.0411288291216, -0.0378563627601, 0.0332907326519]]}, "spectral_contrast_coeffs": {"dmean": [0.0326150991023, 0.0302035436034, 0.0256228055805, 0.0198373440653, 0.0133641343564, 0.0170074049383], "dmean2": [0.0550501011312, 0.0507488287985, 0.0417337790132, 0.0312911681831, 0.021300394088, 0.0296320486814], "dvar": [0.000736977439374, 0.000940102152526, 0.000630384951364, 0.000375791190891, 0.000155211906531, 0.000393116701161], "dvar2": [0.00206275540404, 0.00228468421847, 0.00147348828614, 0.000863722991198, 0.000335718505085, 0.0011873744661], "max": [-0.353280305862, -0.298751890659, -0.368900597095, -0.515760838985, -0.5208786726, -0.646948873997], "mean": [-0.675829529762, -0.727465450764, -0.720419824123, -0.77711558342, -0.821831047535, -0.87864035368], "median": [-0.681274831295, -0.748240292072, -0.738157510757, -0.787969648838, -0.837809324265, -0.88907533884], "min": [-0.944168686867, -0.971396863461, -0.959604561329, -0.980391979218, -0.958841443062, -0.960313558578], "var": [0.00832374766469, 0.00839404948056, 0.00825786311179, 0.00741742551327, 0.00690551847219, 0.00131266470999]}, "spectral_contrast_valleys": {"dmean": [0.304449856281, 0.251550197601, 0.266173511744, 0.236375823617, 0.188609912992, 0.309391796589], "dmean2": [0.510018110275, 0.42