{"lowlevel": {"average_loudness": 0.927855074406, "barkbands_crest": {"dmean": 2.84551882744, "dmean2": 4.4545378685, "dvar": 7.61855697632, "dvar2": 18.0012722015, "max": 26.7243347168, "mean": 13.5458917618, "median": 12.6423339844, "min": 2.76349759102, "var": 32.7287139893}, "barkbands_flatness_db": {"dmean": 0.0303201787174, "dmean2": 0.043643001467, "dvar": 0.0012089619413, "dvar2": 0.00235009938478, "max": 0.613414049149, "mean": 0.21672770381, "median": 0.211471885443, "min": 0.035509776324, "var": 0.00896478909999}, "barkbands_kurtosis": {"dmean": 19.0326042175, "dmean2": 28.7412147522, "dvar": 5566.59619141, "dvar2": 12722.7705078, "max": 2735.55932617, "mean": 36.5704498291, "median": 2.80309772491, "min": -1.91547489166, "var": 16799.5410156}, "barkbands_skewness": {"dmean": 1.09614753723, "dmean2": 1.55379343033, "dvar": 3.11938524246, "dvar2": 6.49106168747, "max": 43.4301261902, "mean": 3.06184124947, "median": 1.58091115952, "min": -4.55648946762, "var": 18.0988101959}, "barkbands_spread": {"dmean": 5.3530921936, "dmean2": 8.04626369476, "dvar": 79.9831924438, "dvar2": 188.417770386, "max": 134.077651978, "mean": 15.880563736, "median": 12.7190570831, "min": 0.0710085555911, "var": 191.816879272}, "dissonance": {"dmean": 0.0210022162646, "dmean2": 0.0349619649351, "dvar": 0.000594437879045, "dvar2": 0.0015478010755, "max": 0.499999940395, "mean": 0.455382913351, "median": 0.467326313257, "min": 0.22950181365, "var": 0.00159952801187}, "dynamic_complexity": 7.19125270844, "erbbands_crest": {"dmean": 2.55463123322, "dmean2": 4.02513360977, "dvar": 6.22699403763, "dvar2": 15.0826387405, "max": 29.723991394, "mean": 10.4301013947, "median": 9.31226921082, "min": 2.55659389496, "var": 23.8590221405}, "erbbands_flatness_db": {"dmean": 0.0199377853423, "dmean2": 0.0294772367924, "dvar": 0.0005253336858, "dvar2": 0.00105364096817, "max": 0.409083008766, "mean": 0.191003233194, "median": 0.183916538954, "min": 0.0739943087101, "var": 0.00339904357679}, "erbbands_kurtosis": {"dmean": 1.40265226364, "dmean2": 2.20892286301, "dvar": 14.6984434128, "dvar2": 37.1366577148, "max": 112.507446289, "mean": 1.16881358624, "median": 0.0765875577927, "min": -1.89748930931, "var": 22.8903141022}, "erbbands_skewness": {"dmean": 0.450841099024, "dmean2": 0.686671793461, "dvar": 0.364356189966, "dvar2": 0.795909583569, "max": 9.42719078064, "mean": 0.132307589054, "median": 0.0540288798511, "min": -3.20893287659, "var": 1.19895815849}, "erbbands_spread": {"dmean": 10.0574102402, "dmean2": 15.468998909, "dvar": 188.954559326, "dvar2": 455.287780762, "max": 176.450805664, "mean": 37.4429244995, "median": 29.5209827423, "min": 2.69899344444, "var": 648.18359375}, "hfc": {"dmean": 7.57188844681, "dmean2": 11.388926506, "dvar": 205.207763672, "dvar2": 490.506195068, "max": 198.89994812, "mean": 15.9085617065, "median": 7.74093294144, "min": 8.68686640842e-07, "var": 414.262023926}, "melbands_crest": {"dmean": 3.39772963524, "dmean2": 5.28676748276, "dvar": 13.2171945572, "dvar2": 30.6196689606, "max": 38.1127929688, "mean": 19.280166626, "median": 19.4368476868, "min": 1.86226820946, "var": 66.7353591919}, "melbands_flatness_db": {"dmean": 0.0373742580414, "dmean2": 0.0532853640616, "dvar": 0.00209637009539, "dvar2": 0.00389316841029, "max": 0.747491061687, "mean": 0.283605128527, "median": 0.288688898087, "min": 0.00568334339187, "var": 0.0151769239455}, "melbands_kurtosis": {"dmean": 28.2609462738, "dmean2": 43.238822937, "dvar": 3761.30371094, "dvar2": 8721.51855469, "max": 910.688537598, "mean": 65.5920562744, "median": 7.61788129807, "min": -1.77484488487, "var": 15301.4248047}, "melbands_skewness": {"dmean": 1.29156279564, "dmean2": 1.91343128681, "dvar": 3.45622444153, "dvar2": 7.59263849258, "max": 24.0659275055, "mean": 4.42830705643, "median": 2.51215910912, "min": -2.15073084831, "var": 20.5863037109}, "melbands_spread": {"dmean": 8.90937519073, "dmean2": 13.4907312393, "dvar": 359.007141113, "dvar2": 852.227111816, "max": 236.327377319, "mean": 21.9101486206, "median": 14.0152378082, "min": 0.240193754435, "var": 759.403015137}, "pitch_salience": {"dmean": 0.079537563026, "dmean2": 0.123251087964, "dvar": 0.00756134279072, "dvar2": 0.0180032048374, "max": 0.915326714516, "mean": 0.425557971001, "median": 0.43180680275, "min": 0.0205560289323, "var": 0.0350482128561}, "silence_rate_20dB": {"dmean": 0.0491638109088, "dmean2": 0.098347440362, "dvar": 0.0467441305518, "dvar2": 0.119707100093, "max": 1, "mean": 0.965954899788, "median": 1, "min": 0, "var": 0.0328865498304}, "silence_rate_30dB": {"dmean": 0.0394922420382, "dmean2": 0.0790004059672, "dvar": 0.0379307083786, "dvar2": 0.0727639272809, "max": 1, "mean": 0.846293330193, "median": 1, "min": 0, "var": 0.130077287555}, "silence_rate_60dB": {"dmean": 0.0451339930296, "dmean2": 0.0900846421719, "dvar": 0.0431005880237, "dvar2": 0.0876141116023, "max": 1, "mean": 0.16196615994, "median": 0, "min": 0, "var": 0.135739266872}, "spectral_centroid": {"dmean": 309.045623779, "dmean2": 455.241546631, "dvar": 222466.765625, "dvar2": 456500.15625, "max": 4452.19677734, "mean": 1272.0489502, "median": 1025.86938477, "min": 86.6304626465, "var": 766789.125}, "spectral_complexity": {"dmean": 3.33225870132, "dmean2": 5.19326877594, "dvar": 26.4713973999, "dvar2": 57.3581390381, "max": 62, "mean": 11.4814662933, "median": 9, "min": 0, "var": 97.3405914307}, "spectral_decrease": {"dmean": 7.74359154576e-09, "dmean2": 1.23354597648e-08, "dvar": 4.33314209607e-16, "dvar2": 1.12245989786e-15, "max": 1.15021856514e-13, "mean": -1.41263596376e-08, "median": -5.05936803563e-09, "min": -1.92184515413e-07, "var": 6.64050060785e-16}, "spectral_energy": {"dmean": 0.0296901389956, "dmean2": 0.0472336262465, "dvar": 0.00626286445186, "dvar2": 0.0162164233625, "max": 0.732237458229, "mean": 0.0547589622438, "median": 0.020629376173, "min": 8.20013501546e-11, "var": 0.00963939540088}, "spectral_energyband_high": {"dmean": 0.000504419207573, "dmean2": 0.000804807525128, "dvar": 2.137984211e-06, "dvar2": 5.366784535e-06, "max": 0.0185680408031, "mean": 0.000511384452693, "median": 4.64761978947e-05, "min": 6.27534482711e-11, "var": 2.18664490603e-06}, "spectral_energyband_low": {"dmean": 0.0260699465871, "dmean2": 0.0421806760132, "dvar": 0.00596047239378, "dvar2": 0.0151828303933, "max": 0.702822446823, "mean": 0.0407140292227, "median": 0.0051319655031, "min": 1.35074162142e-13, "var": 0.00842201896012}, "spectral_energyband_middle_high": {"dmean": 0.00169311452191, "dmean2": 0.0023796018213, "dvar": 8.16210740595e-06, "dvar2": 1.58773036674e-05, "max": 0.0432138033211, "mean": 0.00427772570401, "median": 0.0021062172018, "min": 1.74427208788e-11, "var": 3.34707183356e-05}, "spectral_energyband_middle_low": {"dmean": 0.00450959149748, "dmean2": 0.00706562586129, "dvar": 0.000131639535539, "dvar2": 0.000364829058526, "max": 0.277183532715, "mean": 0.00840455107391, "median": 0.00353922112845, "min": 1.76822770835e-12, "var": 0.000176563276909}, "spectral_entropy": {"dmean": 0.205315247178, "dmean2": 0.3074914217, "dvar": 0.0739910751581, "dvar2": 0.150078162551, "max": 8.66625022888, "mean": 7.26488924026, "median": 7.28268241882, "min": 4.34762763977, "var": 0.370970457792}, "spectral_flux": {"dmean": 0.0428427346051, "dmean2": 0.0676087588072, "dvar": 0.00558819482103, "dvar2": 0.0118877403438, "max": 0.673450469971, "mean": 0.0970368757844, "median": 0.059938415885, "min": 9.05792621779e-05, "var": 0.0129096088931}, "spectral_kurtosis": {"dmean": 2.66611337662, "dmean2": 4.59102678299, "dvar": 11.2689476013, "dvar2": 32.0643310547, "max": 49.0517501831, "mean": 6.26466321945, "median": 4.95839166641, "min": -0.805400371552, "var": 22.6077919006}, "spectral_rms": {"dmean": 0.00137617555447, "dmean2": 0.00197794474661, "dvar": 5.97201233177e-06, "dvar2": 1.41317359521e-05, "max": 0.0267278514802, "mean": 0.00557368481532, "median": 0.00448622554541, "min": 2.82845036281e-07, "var": 2.23576244025e-05}, "spectral_rolloff": {"dmean": 487.167022705, "dmean2": 795.342834473, "dvar": 1261735.75, "dvar2": 2698100, "max": 18626.2207031, "mean": 1623.24914551, "median": 732.12890625, "min": 43.06640625, "var": 10515848}, "spectral_skewness": {"dmean": 0.324687212706, "dmean2": 0.53934943676, "dvar": 0.134508922696, "dvar2": 0.355962187052, "max": 4.52185583115, "mean": 1.66525626183, "median": 1.62708163261, "min": 0.0832986608148, "var": 0.350276976824}, "spectral_spread": {"dmean": 413085.375, "dmean2": 631076.3125, "dvar": 262306742272, "dvar2": 589814890496, "max": 11344745, "mean": 3848176.75, "median": 3708860.75, "min": 1058984.125, "var": 1852738895870.0}, "spectral_strongpeak": {"dmean": 0.400732129812, "dmean2": 0.664511144161, "dvar": 0.482332348824, "dvar2": 1.14368581772, "max": 9.94275093079, "mean": 0.740399062634, "median": 0.469720810652, "min": 0, "var": 0.905516803265}, "zerocrossingrate": {"dmean": 0.0104315886274, "dmean2": 0.0120564727113, "dvar": 0.000273388373898, "dvar2": 0.000336687633535, "max": 0.50537109375, "mean": 0.0525282025337, "median": 0.03125, "min": 0.0009765625, "var": 0.00652159936726}, "barkbands": {"dmean": [0.00511700147763, 0.0233719851822, 0.00355541426688, 0.00134950946085, 0.00143672374543, 0.00115224334877, 0.000635405478533, 0.000730055151507, 0.000597130914684, 0.000403940590331, 0.000289281946607, 0.000445457408205, 0.000263085501501, 0.000423602614319, 0.000273183744866, 0.000196680601221, 0.000253252190305, 0.000179380935151, 0.000193463114556, 8.72560412972e-05, 0.000135381094879, 0.000181193623575, 0.000100452947663, 3.49439396814e-05, 1.14286640382e-05, 2.0179519197e-05, 1.36690096042e-06], "dmean2": [0.0065093273297, 0.0378161221743, 0.0066079790704, 0.00245936354622, 0.0024166398216, 0.0015311751049, 0.00100310845301, 0.00105071708094, 0.00084213638911, 0.000588306225836, 0.000415545044234, 0.000647508655675, 0.000406921404647, 0.000648161396384, 0.000419576099375, 0.000305915658828, 0.00039838423254, 0.000307644018903, 0.000334787502652, 0.000149507890455, 0.000223584254854, 0.000298820174066, 0.000169310893398, 5.27829870407e-05, 1.78705668077e-05, 3.1384453905e-05, 1.97154213311e-06], "dvar": [0.000186008866876, 0.00501172197983, 0.000171021965798, 2.20888668991e-05, 4.68917714898e-05, 6.393140211e-06, 5.0378744163e-06, 7.71713439462e-06, 3.21295101458e-06, 1.83076883786e-06, 1.23457152768e-06, 1.42167812101e-06, 1.06951631551e-06, 9.81663106359e-07, 1.22157700844e-06, 4.1821883201e-07, 3.50318316578e-07, 2.04778771717e-07, 3.15456816224e-07, 8.10836695564e-08, 1.50208052219e-07, 3.04977845644e-07, 1.16718332777e-07, 1.41214506755e-08, 1.31629718236e-09, 9.86230297428e-09, 1.79918597382e-11], "dvar2": [0.000349451875081, 0.0125548280776, 0.00051087688189, 6.28052148386e-05, 0.00013459593174, 1.25291398945e-05, 1.20552913359e-05, 1.57274771482e-05, 6.27424151389e-06, 4.14350643041e-06, 2.14487022276e-06, 2.90027446681e-06, 2.50827793025e-06, 2.33655146076e-06, 2.51856999967e-06, 8.54659731431e-07, 8.17873342385e-07, 5.26481926499e-07, 8.72794146289e-07, 2.14183941694e-07, 3.77125218165e-07, 7.76925674018e-07, 3.06931269733e-07, 2.72060756146e-08, 3.00680946808e-09, 2.46797338121e-08, 3.85253773327e-11], "max": [0.309727907181, 0.628875315189, 0.148086071014, 0.0568627864122, 0.214924111962, 0.0382580980659, 0.0394301041961, 0.0579062364995, 0.0348082222044, 0.033635430038, 0.0253389067948, 0.0348452925682, 0.0260603446513, 0.0186616238207, 0.0307181272656, 0.0163138303906, 0.00541197694838, 0.00841678492725, 0.0132405711338, 0.00856332294643, 0.00563804898411, 0.00807052385062, 0.00405152561143, 0.0040180971846, 0.000900021055713, 0.00133106252179, 5.11679281772e-05], "mean": [0.00832593906671, 0.0294623449445, 0.00386457541026, 0.00103835714981, 0.00191456917673, 0.00169411464594, 0.00117737334222, 0.00124881253578, 0.00115068850573, 0.00067211833084, 0.000432151020505, 0.000688536732923, 0.000414896407165, 0.000759986229241, 0.000355110183591, 0.000285090791294, 0.000295475387247, 0.000196618027985, 0.000215903011849, 9.46425207076e-05, 0.000131706692628, 0.000174581626197, 8.97041536518e-05, 4.29968386015e-05, 1.36959442898e-05, 1.76445664692e-05, 1.47101786752e-06], "median": [0.000260920001892, 0.00271611800417, 0.000250261684414, 7.89119512774e-05, 0.00024798931554, 0.000172448897501, 8.9444234618e-05, 0.000100270328403, 7.08067527739e-05, 9.36089709285e-05, 3.56617456418e-05, 0.000161786054377, 6.78032811265e-05, 0.000167548729223, 4.76004788652e-05, 5.4255600844e-05, 5.69359763176e-05, 5.10527097504e-05, 3.69344998035e-05, 1.60049421538e-05, 1.48921026266e-05, 9.84623420663e-06, 5.15054989592e-06, 2.39699897975e-06, 1.30492458084e-06, 4.51434573279e-07, 6.20607920609e-08], "min": [8.82132637336e-14, 6.56310739804e-14, 1.62521922596e-14, 2.5061846519e-14, 1.58841052833e-13, 2.09166072049e-13, 1.68316193773e-13, 1.58674966612e-13, 6.9497684517e-13, 1.447294758e-12, 6.22904072073e-13, 2.42828370259e-12, 1.8930659991e-12, 7.90040992696e-13, 3.39752694294e-13, 3.22885544256e-13, 2.31273442237e-12, 4.25971844603e-12, 1.77516822856e-12, 2.19636158219e-12, 4.59044391041e-12, 2.98601269579e-12, 5.71862219037e-12, 5.29404601754e-12, 2.99660339945e-12, 1.04621311614e-11, 2.98906767393e-11], "var": [0.000432777567767, 0.0055413916707, 0.000125527425553, 1.45295580296e-05, 4.91083337693e-05, 1.33593202918e-05, 9.37722779781e-06, 1.79934650077e-05, 8.40977645566e-06, 3.17670674121e-06, 2.90271964332e-06, 2.3751763365e-06, 1.50364041929e-06, 2.22496009883e-06, 1.84451414498e-06, 8.50751064263e-07, 4.09931402601e-07, 2.25487212901e-07, 3.37360972935e-07, 8.84354278696e-08, 1.52535065467e-07, 2.90353767696e-07, 9.98744624781e-08, 3.10702930051e-08, 2.02082039991e-09, 8.4182874005e-09, 2.20237456744e-11]}, "erbbands": {"dmean": [0.949187099934, 4.68234157562, 4.98054027557, 4.86792039871, 5.06686449051, 4.10987186432, 5.37749242783, 10.3854131699, 10.3271713257, 9.33426189423, 15.9836683273, 11.4588003159, 15.0068016052, 11.5852775574, 11.9766263962, 13.4506549835, 12.21022892, 13.5580701828, 18.6700401306, 11.7192287445, 9.72776794434, 15.1370992661, 9.34435272217, 7.34492921829, 9.75748157501, 3.81260991096, 4.57889223099, 5.99684333801, 7.24740123749, 2.88504099846, 3.41088080406, 1.20834493637, 0.45516332984, 0.179890662432, 0.0638951957226, 0.117718294263, 0.0261077694595, 0.00282517261803, 0.000259673252003, 4.22398152296e-05], "dmean2": [1.51571381092, 7.68938207626, 8.940782547, 9.07226753235, 8.92014980316, 6.69639873505, 7.55631685257, 13.7562112808, 14.9837589264, 14.5130739212, 22.4077911377, 16.4913463593, 21.3767356873, 16.4827728271, 16.6455154419, 19.7104110718, 18.6039123535, 20.3027324677, 28.2275924683, 17.8230209351, 14.9877290726, 23.3432044983, 16.051322937, 12.0112018585, 16.8522396088, 6.43459844589, 7.81802892685, 9.35266017914, 12.3266019821, 4.80935287476, 5.77507162094, 1.91330099106, 0.696281850338, 0.28514829278, 0.0975917577744, 0.182298123837, 0.0411294773221, 0.00437747733667, 0.000376677198801, 6.54229079373e-05], "dvar": [8.39273738861, 201.436630249, 285.482147217, 310.581237793, 648.202148438, 278.118408203, 190.236694336, 545.953369141, 1083.94885254, 1717.25085449, 3374.33618164, 1810.66186523, 2400.61791992, 1372.90734863, 1121.11413574, 2012.48815918, 2472.22363281, 1179.36608887, 1986.02111816, 1798.83679199, 370.005340576, 1233.70739746, 510.179992676, 380.755401611, 770.375061035, 117.172348022, 152.063308716, 372.246246338, 500.844085693, 74.4968948364, 141.274703979, 14.4611120224, 3.3635327816, 0.411148250103, 0.0484395697713, 0.351520985365, 0.0160433240235, 9.69499451458e-05, 6.68315067287e-07, 8.61041016265e-09], "dvar2": [21.2909317017, 528.537902832, 848.687438965, 893.951660156, 1877.00439453, 783.449584961, 376.74230957, 1076.41491699, 2497.0456543, 4092.81469727, 6502.95703125, 3604.60864258, 4898.609375, 2785.95141602, 1947.98669434, 4073.12524414, 5646.55908203, 2873.65283203, 4728.95166016, 3682.31591797, 759.713256836, 2729.95874023, 1338.82043457, 860.361572266, 2148.59521484, 301.648986816, 391.571838379, 873.36126709, 1321.28979492, 200.417327881, 368.352722168, 32.3738174438, 7.07101535797, 0.890410006046, 0.118843197823, 0.878585755825, 0.0405067615211, 0.000235646250076, 1.43675254094e-06, 2.14561843848e-08], "max": [28.6746520996, 124.173286438, 201.442733765, 139.410949707, 721.195251465, 515.038452148, 403.54006958, 362.024780273, 671.080993652, 848.033752441, 1239.54992676, 894.21105957, 1512.5090332, 1012.89379883, 960.707580566, 1785.76538086, 1439.02148438, 565.176269531, 788.082092285, 1226.9498291, 322.101379395, 350.677764893, 218.665756226, 630.407958984, 568.058532715, 268.27947998, 286.638153076, 272.329772949, 314.41506958, 118.861938477, 139.606246948, 81.1337661743, 64.5440673828, 22.7764587402, 2.58623862267, 8.06436061859, 1.66949522495, 0.106868267059, 0.0110569857061, 0.000814261555206], "mean": [1.14777648449, 5.35435199738, 6.241294384, 3.90404438972, 5.03301095963, 6.16771841049, 8.41815757751, 15.4444093704, 19.5918922424, 16.1635246277, 29.0934505463, 21.643289566, 28.3288955688, 20.424943924, 19.3207378387, 21.4862823486, 20.0841121674, 25.71525383, 32.9914398193, 18.9445838928, 15.2173900604, 18.3726825714, 11.0171937943, 9.25256729126, 10.6247634888, 4.30624008179, 4.56991672516, 6.10859966278, 6.66574430466, 2.79500794411, 2.90134072304, 1.29485034943, 0.594151556492, 0.214732408524, 0.0754023194313, 0.102980874479, 0.0231331754476, 0.00261326576583, 0.000301868538372, 7.38473245292e-05], "median": [0.0707368403673, 0.440231859684, 0.766511917114, 0.376831561327, 0.461437433958, 0.640455126762, 1.08660769463, 1.66534352303, 2.93317770958, 2.67051243782, 2.83981609344, 2.10713100433, 3.73605060577, 3.64931488037, 4.4468421936, 5.93360328674, 3.89656019211, 8.24697113037, 6.97673606873, 3.14947104454, 4.02146148682, 3.79908514023, 3.18904829025, 2.15670967102, 1.43269336224, 0.701914310455, 0.65171200037, 0.48167103529, 0.362390905619, 0.221439421177, 0.130230411887, 0.0655747056007, 0.0363752283156, 0.0186547189951, 0.00683747045696, 0.00258119776845, 0.000667511718348, 0.000111568922875, 3.66218737327e-05, 2.92080076179e-05], "min": [3.31484492633e-12, 1.00310003359e-11, 1.82592916481e-11, 5.5761038148e-11, 1.853287801e-10, 5.96931504226e-10, 1.35228328535e-09, 1.75837644445e-09, 2.3874506816e-09, 2.3600830179e-09, 5.08228215068e-09, 1.5073595705e-08, 3.60650460607e-08, 3.77368749582e-08, 4.46213164196e-08, 1.04644890087e-07, 9.17932325706e-08, 4.4919950426e-08, 3.13610435398e-08, 8.37857871971e-09, 3.39545564998e-08, 1.54773175609e-07, 2.79986778651e-07, 7.16879426932e-08, 1.28271381072e-07, 1.11092212762e-07, 1.9135779894e-07, 1.32167130573e-07, 1.18256387793e-07, 9.62398445381e-08, 1.85293259847e-07, 1.11329832464e-07, 1.03622554093e-07, 4.70064591696e-08, 1.84185839913e-08, 2.6143766263e-08, 2.18308997546e-08, 1.82575359275e-08, 5.024369365e-09, 2.87758039619e-10], "var": [9.78131866455, 186.566421509, 236.356384277, 195.840286255, 565.327880859, 402.255584717, 484.90814209, 1069.13085938, 2136.8605957, 2950.76049805, 8015.46337891, 3935.8190918, 4840.50244141, 2991.92456055, 2798.25390625, 3140.15209961, 3634.24462891, 2415.37988281, 4541.12255859, 4525.10546875, 836.692138672, 1548.90527344, 527.107849121, 606.454833984, 907.555908203, 139.143753052, 168.819366455, 397.071014404, 432.172698975, 66.6876449585, 117.777198792, 21.0642242432, 6.93282985687, 0.717892348766, 0.0553161241114, 0.300204873085, 0.0134464250877, 9.1332323791e-05, 8.16495230538e-07, 1.33517445988e-08]}, "gfcc": {"mean": [-96.9177780151, 96.9137191772, -121.806533813, 36.4662513733, -35.9808158875, 13.59425354, -25.0383300781, 2.67861270905, -8.19313621521, 3.23682427406, -2.92687320709, 2.15987205505, -5.92202043533], "cov": [[24207.6855469, 3971.44824219, -1267.24951172, -539.990905762, -1524.43127441, 277.163513184, -353.241241455, 757.685241699, 387.563354492, 415.272918701, -142.283859253, 88.5924835205, 189.76159668], [3971.44824219, 3670.62817383, -220.482971191, -258.358703613, 373.346435547, 118.911987305, 392.969512939, 202.270004272, 400.40246582, -133.669769287, 293.342498779, -322.357391357, 141.814910889], [-1267.24951172, -220.482971191, 1559.21679688, 1094.43322754, 589.849060059, 349.419952393, 98.8773345947, -74.5275497437, 22.6675395966, -67.9875488281, -102.571311951, -61.5434761047, -83.828704834], [-539.990905762, -258.358703613, 1094.43322754, 1565.70874023, 716.094421387, 352.936767578, 151.081756592, -142.797317505, 41.4032897949, -36.7370529175, -29.2461338043, -90.998664856, -19.6836566925], [-1524.43127441, 373.346435547, 589.849060059, 716.094421387, 848.727355957, 281.98449707, 294.445556641, -35.584602356, 143.6197052, -5.53710412979, 87.1235656738, -143.282180786, -11.2947444916], [277.163513184, 118.911987305, 349.419952393, 352.936767578, 281.98449707, 335.962402344, 180.205154419, 40.9212875366, 84.0437774658, 36.752117157, -0.331378370523, -34.074798584, -41.3563690186], [-353.241241455, 392.969512939, 98.8773345947, 151.081756592, 294.445556641, 180.205154419, 429.403686523, 122.29763031, 152.531417847, -1.31517267227, 64.1397857666, -58.1946525574, -15.7100496292], [757.685241699, 202.270004272, -74.5275497437, -142.797317505, -35.584602356, 40.9212875366, 122.29763031, 204.150772095, 81.4653396606, 49.3706130981, 7.97245550156, -19.3362464905, 5.93119382858], [387.563354492, 400.40246582, 22.6675395966, 41.4032897949, 143.6197052, 84.0437774658, 152.531417847, 81.4653396606, 223.505157471, 59.0042457581, 60.9392738342, -20.3001365662, 2.24796938896], [415.272918701, -133.669769287, -67.9875488281, -36.7370529175, -5.53710412979, 36.752117157, -1.31517267227, 49.3706130981, 59.0042457581, 174.79083252, 26.5624752045, 32.3254928589, -14.2020292282], [-142.283859253, 293.342498779, -102.571311951, -29.2461338043, 87.1235656738, -0.331378370523, 64.1397857666, 7.97245550156, 60.9392738342, 26.5624752045, 143.357772827, -7.02988052368, 28.6089782715], [88.5924835205, -322.357391357, -61.5434761047, -90.998664856, -143.282180786, -34.074798584, -58.1946525574, -19.3362464905, -20.3001365662, 32.3254928589, -7.02988052368, 192.659286499, 12.2848377228], [189.76159668, 141.814910889, -83.828704834, -19.6836566925, -11.2947444916, -41.3563690186, -15.7100496292, 5.93119382858, 2.24796938896, -14.2020292282, 28.6089782715, 12.2848377228, 126.974060059]], "icov": [[0.000161607473274, -0.00033143706969, 0.000212207174627, -0.000378096970962, 0.000462237163447, -0.000343120249454, 0.000334234267939, -0.000486308825202, 9.21438040677e-05, -0.00045808046707, 0.000527772470377, -0.000302505999571, 6.10582719673e-05], [-0.00033143706969, 0.00125354644842, -0.000456060282886, 0.000995145994239, -0.000945153122302, 0.000407722080126, -0.000591074465774, 0.000854427285958, -0.00107369991019, 0.00175763154402, -0.00190369854681, 0.00141186488327, -0.000607946305536], [0.000212207174627, -0.000456060282886, 0.0019070339622, -0.00131712225266, -1.95542561414e-05, -0.0010385090718, 0.00107053504325, -0.00123031949624, 6.10563292867e-05, 0.000159102055477, 0.0015707075363, -0.000888805894647, 0.000845812086482], [-0.000378096970962, 0.000995145994239, -0.00131712225266, 0.00270926486701, -0.00175777764525, 0.000155589033966, -0.000880341685843, 0.00212644645944, -0.000430964108091, 0.00105081044603, -0.00120668893214, 0.00116525939666, -0.00102560117375], [0.000462237163447, -0.000945153122302, -1.95542561414e-05, -0.00175777764525, 0.00488531077281, -0.00164688203949, -0.000608149450272, 0.000212635466596, -0.000386130792322, -0.00180236401502, -8.07235119282e-05, 0.000831155572087, -0.000364587380318], [-0.000343120249454, 0.000407722080126, -0.0010385090718, 0.000155589033966, -0.00164688203949, 0.00681328354403, -0.00232994090766, 0.000492677500006, 3.21772859024e-05, -0.000819469394628, 7.3353483458e-05, -1.57631257025e-05, 0.0010500268545], [0.000334234267939, -0.000591074465774, 0.00107053504325, -0.000880341685843, -0.000608149450272, -0.00232994090766, 0.0061799203977, -0.00415087910369, -0.00139511772431, 0.00144387502223, -3.908144663e-06, -0.0010947623523, 0.00116948480718], [-0.000486308825202, 0.000854427285958, -0.00123031949624, 0.00212644645944, 0.000212635466596, 0.000492677500006, -0.00415087910369, 0.0106227416545, -0.00168811634649, -0.00138697063085, -6.45273466944e-05, 0.00249540340155, -0.00189266377129], [9.21438040677e-05, -0.00107369991019, 6.10563292867e-05, -0.000430964108091, -0.000386130792322, 3.21772859024e-05, -0.00139511772431, -0.00168811634649, 0.00889843795449, -0.00332838273607, -0.000151421671035, -0.00144048535731, 0.000561029824894], [-0.00045808046707, 0.00175763154402, 0.000159102055477, 0.00105081044603, -0.00180236401502, -0.000819469394628, 0.00144387502223, -0.00138697063085, -0.00332838273607, 0.0107255717739, -0.00395063776523, 0.000155878486112, 0.000939300574828], [0.000527772470377, -0.00190369854681, 0.0015707075363, -0.00120668893214, -8.07235119282e-05, 7.3353483458e-05, -3.908144663e-06, -6.45273466944e-05, -0.000151421671035, -0.00395063776523, 0.0132030379027, -0.00235978211276, -0.000979090807959], [-0.000302505999571, 0.00141186488327, -0.000888805894647, 0.00116525939666, 0.000831155572087, -1.57631257025e-05, -0.0010947623523, 0.00249540340155, -0.00144048535731, 0.000155878486112, -0.00235978211276, 0.00835368409753, -0.00194775848649], [6.10582719673e-05, -0.000607946305536, 0.000845812086482, -0.00102560117375, -0.000364587380318, 0.0010500268545, 0.00116948480718, -0.00189266377129, 0.000561029824894, 0.000939300574828, -0.000979090807959, -0.00194775848649, 0.00990964937955]]}, "melbands": {"dmean": [0.0071557094343, 0.00378674687818, 0.000823870184831, 0.000344622007105, 0.000167920487002, 0.000230150675634, 0.000149612766108, 0.000116931871162, 0.000131013133796, 7.45845391066e-05, 7.77331515565e-05, 4.88998775836e-05, 3.84762170142e-05, 5.47506133444e-05, 2.65635408141e-05, 2.91282303806e-05, 2.83141216642e-05, 3.62869432138e-05, 2.26208940148e-05, 1.43124361784e-05, 1.06841680463e-05, 1.85013504961e-05, 9.85050792224e-06, 7.64494689065e-06, 5.47413037566e-06, 9.99349231279e-06, 4.09096082876e-06, 2.2210640509e-06, 2.36987170865e-06, 3.60449803338e-06, 3.78053800887e-06, 4.30782256444e-06, 3.13776399707e-06, 1.04842013116e-06, 2.01459738491e-06, 1.55342024755e-06, 5.14692032993e-07, 3.23179449424e-07, 2.74687806723e-07, 1.13851854167e-07], "dmean2": [0.0116012180224, 0.00638417107984, 0.00152305734809, 0.000590638141148, 0.000240601279074, 0.000304694985971, 0.000220936111873, 0.000178333968506, 0.000183175303391, 0.000105644510768, 0.000110590604891, 6.97666982887e-05, 5.30877332494e-05, 7.88332908996e-05, 4.15461654484e-05, 4.42336058768e-05, 4.25372963946e-05, 5.60560911254e-05, 3.48910471075e-05, 2.2229643946e-05, 1.67605321622e-05, 2.95569334412e-05, 1.6605370547e-05, 1.31358256112e-05, 8.85669032868e-06, 1.76404664671e-05, 6.95130529493e-06, 3.79471339329e-06, 4.01727265853e-06, 6.27373083262e-06, 5.74241312279e-06, 7.286804248e-06, 5.39444499736e-06, 1.78319317001e-06, 3.46231877302e-06, 2.53166695074e-06, 8.06595267022e-07, 4.92536173624e-07, 4.56830889561e-07, 1.82068092158e-07], "dvar": [0.000478169473354, 0.00013623466657, 8.72019973031e-06, 3.20620370076e-06, 1.66089080267e-07, 2.63877751649e-07, 2.18014918119e-07, 2.3492135881e-07, 2.08361768728e-07, 6.3721074639e-08, 6.12045667481e-08, 2.18806039953e-08, 1.68259095545e-08, 2.05518428942e-08, 1.09812567928e-08, 1.12221751891e-08, 5.75333958253e-09, 7.24774951166e-09, 1.12589741974e-08, 3.41189698716e-09, 3.8996514351e-10, 1.98299687781e-09, 5.75578640305e-10, 3.66049385248e-10, 2.45190701076e-10, 9.70795555055e-10, 1.99655250666e-10, 5.18287322782e-11, 6.05730049452e-11, 9.40770447655e-11, 1.95651481127e-10, 1.81377732278e-10, 9.75203737208e-11, 9.05505444931e-12, 4.83235326754e-11, 2.93779237048e-11, 3.06830841117e-12, 1.82937931296e-12, 1.16820734943e-12, 1.62330882785e-13], "dvar2": [0.00123022962362, 0.000377405813197, 2.51102082984e-05, 9.35751722864e-06, 3.37725992949e-07, 5.19807372257e-07, 5.06052344917e-07, 5.50632250906e-07, 4.03009721595e-07, 1.24732622453e-07, 1.25818885977e-07, 4.48531025654e-08, 2.72456688322e-08, 4.03352871103e-08, 2.75706888431e-08, 2.56033594326e-08, 1.37012472479e-08, 1.72198237891e-08, 2.24905232216e-08, 6.46640607727e-09, 8.49378511969e-10, 4.68544758547e-09, 1.4600548548e-09, 9.53826351235e-10, 5.20403942161e-10, 2.74257749844e-09, 5.25859245037e-10, 1.3685452771e-10, 1.5828048594e-10, 2.49221560056e-10, 4.44722370041e-10, 4.71056582629e-10, 2.65590549553e-10, 2.4308622823e-11, 1.2823693496e-10, 7.26342042068e-11, 6.5280432969e-12, 3.82769640636e-12, 2.77689243128e-12, 3.50270431149e-13], "max": [0.201500013471, 0.125292673707, 0.0325703509152, 0.0550020374358, 0.0107023660094, 0.00707451207563, 0.00848371349275, 0.00971332658082, 0.00999258086085, 0.00552798015997, 0.00734519585967, 0.00376107287593, 0.00396518642083, 0.00310633215122, 0.00268644327298, 0.00288685015403, 0.00119511550292, 0.00164327630773, 0.00335297989659, 0.00150784244761, 0.000306802627165, 0.00043908689986, 0.000271544005955, 0.000330025184667, 0.00055278808577, 0.000676104740705, 0.000567659211811, 0.000105272149085, 0.000166289275512, 0.000151109197759, 0.000204679148737, 0.00018241914222, 0.000144837162225, 3.54088479071e-05, 7.92571372585e-05, 6.42283994239e-05, 6.10398346907e-05, 4.83404546685e-05, 3.64258812624e-05, 1.38355671879e-05], "mean": [0.00968642905354, 0.00473523652181, 0.000698043324519, 0.000426526472438, 0.000280417443719, 0.000352165865479, 0.000283544679405, 0.000201624498004, 0.000232619611779, 0.000141286291182, 0.000143325873069, 8.40707143652e-05, 6.09156450082e-05, 7.96020613052e-05, 4.21397562604e-05, 4.56648558611e-05, 5.02983966726e-05, 6.34265670669e-05, 2.96032249025e-05, 2.12753639062e-05, 1.57935719471e-05, 2.0399073037e-05, 1.18413809105e-05, 8.47907176649e-06, 6.95617427482e-06, 9.96114249574e-06, 4.7630555855e-06, 2.35197740039e-06, 2.53298117059e-06, 3.17366061608e-06, 3.9610508793e-06, 4.05800119552e-06, 2.71235558102e-06, 1.09246707325e-06, 1.65954088516e-06, 1.43782040141e-06, 5.79416109758e-07, 4.34824272588e-07, 3.06348056256e-07, 1.36305203569e-07], "median": [0.000865612761118, 0.000547201023437, 8.73387762113e-05, 4.10861175624e-05, 3.49127003574e-05, 3.47251116182e-05, 4.10437714891e-05, 2.26094434765e-05, 1.90392966033e-05, 9.35416665016e-06, 1.67105899891e-05, 1.41487662404e-05, 1.11446661322e-05, 1.80297829502e-05, 6.47192609904e-06, 7.02156012267e-06, 1.32151963044e-05, 1.01061250461e-05, 3.88123316952e-06, 2.75469301414e-06, 4.30296040577e-06, 3.58498436981e-06, 2.94528877021e-06, 1.98068846657e-06, 1.6073183815e-06, 1.35394088829e-06, 7.05273350832e-07, 3.3962092516e-07, 3.94566768591e-07, 3.53199595793e-07, 2.37086965171e-07, 1.96783133788e-07, 1.56184711386e-07, 1.00310757034e-07, 7.38234575692e-08, 5.27329362399e-08, 3.09431129608e-08, 2.65149626699e-08, 1.85217299276e-08, 1.39838087776e-08], "min": [2.81235758558e-14, 1.07301439191e-14, 1.24680208988e-14, 2.59428065239e-14, 4.4706243102e-14, 4.00712584859e-14, 3.61883036016e-14, 2.603397268e-14, 4.64176663957e-14, 1.02672122919e-13, 1.87795308818e-13, 1.61557792426e-13, 1.07971669257e-13, 2.57297574089e-13, 2.84741848156e-13, 1.44772038867e-13, 7.41220642806e-14, 5.54897924485e-14, 1.75519253537e-14, 8.06999120848e-15, 4.17137773433e-14, 1.44154179153e-13, 2.25485401835e-13, 2.08897122148e-13, 3.4563880756e-14, 8.17532212717e-14, 9.80370434356e-14, 6.16367376517e-14, 9.73174584537e-14, 1.39778244318e-13, 4.91223340758e-14, 7.53090894767e-14, 4.40113067789e-14, 5.13722772004e-14, 9.40158731031e-14, 1.10169116668e-13, 5.41138856815e-14, 8.26875528226e-14, 4.9102029002e-14, 3.44156601546e-14], "var": [0.000580851105042, 0.000125590944663, 5.71520149606e-06, 3.13518103212e-06, 4.66451155035e-07, 5.26851692939e-07, 4.27849300877e-07, 4.67433267204e-07, 4.9285000614e-07, 1.51497133061e-07, 1.22610444464e-07, 4.74837058562e-08, 4.51463151308e-08, 3.38748620266e-08, 1.69742246925e-08, 1.66213336428e-08, 1.07261701743e-08, 1.73621383937e-08, 1.64526721136e-08, 8.11081690699e-09, 7.43038686135e-10, 2.13719109077e-09, 6.25221818762e-10, 4.25714047347e-10, 4.14157347306e-10, 8.61012261488e-10, 2.90196117136e-10, 4.85294512909e-11, 6.4377385367e-11, 8.46134204369e-11, 2.1386667437e-10, 1.64025362737e-10, 7.53232337614e-11, 9.17628473207e-12, 3.86231741034e-11, 2.83309625759e-11, 5.94498538939e-12, 3.86695666807e-12, 1.83306451615e-12, 2.65499834574e-13]}, "mfcc": {"mean": [-732.919311523, 125.388801575, -11.5662145615, 28.7097530365, 11.7174367905, 15.4539499283, 2.22902297974, 8.02235603333, -0.153271257877, 4.11455392838, 7.62811136246, 5.04608201981, 1.75899446011], "cov": [[18288.2089844, 2350.0144043, -869.452026367, -632.272460938, -1048.36474609, -426.860931396, -693.090515137, -11.4207258224, 173.442153931, 197.247467041, -21.4407749176, -10.2188825607, -91.9081573486], [2350.0144043, 2913.78637695, -421.885986328, -268.762512207, -6.55632925034, -129.331771851, 189.44871521, 186.576538086, 145.648651123, 205.599960327, 150.967590332, 134.742797852, 35.4179382324], [-869.452026367, -421.885986328, 956.864624023, 612.034912109, 451.1512146, 427.54776001, 105.911949158, 162.964630127, 70.431968689, 37.9778327942, -4.69082736969, -30.7109603882, -16.1009254456], [-632.272460938, -268.762512207, 612.034912109, 1000.31646729, 614.275939941, 526.636474609, 251.77923584, 142.080276489, 111.179550171, 100.355194092, 46.5406532288, -3.89791607857, 19.5014648438], [-1048.36474609, -6.55632925034, 451.1512146, 614.275939941, 665.573669434, 417.122192383, 204.994125366, 73.5929031372, 68.5165328979, 104.030189514, 48.2685050964, 6.73082780838, -1.55577230453], [-426.860931396, -129.331771851, 427.54776001, 526.636474609, 417.122192383, 540.235412598, 192.10748291, 154.078964233, 94.3151168823, 100.289703369, 93.9482192993, 28.1077289581, 32.8915176392], [-693.090515137, 189.44871521, 105.911949158, 251.77923584, 204.994125366, 192.10748291, 321.699066162, 122.374229431, 95.4894180298, 97.4512176514, 75.0319366455, 43.0844764709, 35.4865455627], [-11.4207258224, 186.576538086, 162.964630127, 142.080276489, 73.5929031372, 154.078964233, 122.374229431, 237.264328003, 105.342132568, 49.9435348511, 72.313949585, 44.7737541199, 23.7986412048], [173.442153931, 145.648651123, 70.431968689, 111.179550171, 68.5165328979, 94.3151168823, 95.4894180298, 105.342132568, 193.194030762, 118.522605896, 56.4728622437, 34.6338844299, 16.4834156036], [197.247467041, 205.599960327, 37.9778327942, 100.355194092, 104.030189514, 100.289703369, 97.4512176514, 49.9435348511, 118.522605896, 199.809829712, 104.954101562, 34.7127494812, 8.54580020905], [-21.4407749176, 150.967590332, -4.69082736969, 46.5406532288, 48.2685050964, 93.9482192993, 75.0319366455, 72.313949585, 56.4728622437, 104.954101562, 172.578811646, 80.4529724121, 29.6477489471], [-10.2188825607, 134.742797852, -30.7109603882, -3.89791607857, 6.73082780838, 28.1077289581, 43.0844764709, 44.7737541199, 34.6338844299, 34.7127494812, 80.4529724121, 113.832305908, 41.2035140991], [-91.9081573486, 35.4179382324, -16.1009254456, 19.5014648438, -1.55577230453, 32.8915176392, 35.4865455627, 23.7986412048, 16.4834156036, 8.54580020905, 29.6477489471, 41.2035140991, 94.2497558594]], "icov": [[9.05137203517e-05, -9.67988744378e-05, 5.24556380697e-05, -0.000145902260556, 0.000266475894023, -0.000150067382492, 0.000295042467769, 8.9765744633e-06, -5.16678665008e-05, -0.000171869032783, 0.000124510450405, -1.83540232683e-05, 0.00010068276606], [-9.67988744378e-05, 0.000597602978814, 0.000215122141526, 0.000352294882759, -0.000659611134324, 0.000440905132564, -0.000415966467699, -0.000676586583722, 0.000195740576601, -0.000346508255461, 6.95268026902e-05, -0.000257462292211, -0.000104536142317], [5.24556380697e-05, 0.000215122141526, 0.00241660932079, -0.000668226566631, -0.000614584074356, -0.000724280835129, 0.000926918059122, -0.00160595146008, 0.000210020400118, -0.000436242204159, 0.000977176823653, 7.94957595645e-05, 0.000481226015836], [-0.000145902260556, 0.000352294882759, -0.000668226566631, 0.0034581955988, -0.0021365005523, -0.000795020372607, -0.00116212049033, -4.92369326821e-05, -0.000463195552584, 0.000466091645649, 2.16530661419e-05, 0.00048828497529, -0.000593723380007], [0.000266475894023, -0.000659611134324, -0.000614584074356, -0.0021365005523, 0.00564683740959, -0.00225453497842, -0.000111256464152, 0.00184974772856, 0.0003481124877, -0.00115831021685, 0.000766123994254, -0.000701214477886, 0.00140933040529], [-0.000150067382492, 0.000440905132564, -0.000724280835129, -0.000795020372607, -0.00225453497842, 0.00604232307523, -0.000806637806818, -0.00169304304291, 0.000263908004854, 1.32092836793e-05, -0.0019761598669, 0.000676321331412, -0.00140731199645], [0.000295042467769, -0.000415966467699, 0.000926918059122, -0.00116212049033, -0.000111256464152, -0.000806637806818, 0.00647006928921, -0.00191840378102, -0.000367847009329, -0.00168769655284, 0.000612815318163, -0.000326343695633, -0.000661919766571], [8.9765744633e-06, -0.000676586583722, -0.00160595146008, -4.92369326821e-05, 0.00184974772856, -0.00169304304291, -0.00191840378102, 0.00939321890473, -0.00419632298872, 0.00350451353006, -0.00286674266681, -0.000194159059902, 0.000373484042939], [-5.16678665008e-05, 0.000195740576601, 0.000210020400118, -0.000463195552584, 0.0003481124877, 0.000263908004854, -0.000367847009329, -0.00419632298872, 0.0112382443622, -0.00703088520095, 0.00316326483153, -0.00186136015691, -0.000389756751247], [-0.000171869032783, -0.000346508255461, -0.000436242204159, 0.000466091645649, -0.00115831021685, 1.32092836793e-05, -0.00168769655284, 0.00350451353006, -0.00703088520095, 0.0136060779914, -0.00765814632177, 0.00276200869121, 0.000715915928595], [0.000124510450405, 6.95268026902e-05, 0.000977176823653, 2.16530661419e-05, 0.000766123994254, -0.0019761598669, 0.000612815318163, -0.00286674266681, 0.00316326483153, -0.00765814632177, 0.014665436931, -0.00756496842951, 0.0002882827539], [-1.83540232683e-05, -0.000257462292211, 7.94957595645e-05, 0.00048828497529, -0.000701214477886, 0.000676321331412, -0.000326343695633, -0.000194159059902, -0.00186136015691, 0.00276200869121, -0.00756496842951, 0.015934728086, -0.00459576305002], [0.00010068276606, -0.000104536142317, 0.000481226015836, -0.000593723380007, 0.00140933040529, -0.00140731199645, -0.000661919766571, 0.000373484042939, -0.000389756751247, 0.000715915928595, 0.0002882827539, -0.00459576305002, 0.0135436514392]]}, "spectral_contrast_coeffs": {"dmean": [0.0485656261444, 0.0488296933472, 0.0396469011903, 0.0317488312721, 0.0241346322, 0.0225246343762], "dmean2": [0.0774152055383, 0.0746664255857, 0.0609266236424, 0.0504672788084, 0.0389396473765, 0.0358469113708], "dvar": [0.00197735754773, 0.00190688937437, 0.00128165073693, 0.000832176650874, 0.000506764452439, 0.000684541417286], "dvar2": [0.00463646231219, 0.00416152644902, 0.00272562704049, 0.00194774684496, 0.00120434002019, 0.00160711293574], "max": [-0.228817671537, -0.349825233221, -0.426742076874, -0.537865102291, -0.572919726372, -0.615209341049], "mean": [-0.672275841236, -0.686750769615, -0.749634683132, -0.767364144325, -0.787053883076, -0.751348078251], "median": [-0.680297851562, -0.688079237938, -0.75300014019, -0.774232506752, -0.787982225418, -0.750295758247], "min": [-0.932304441929, -0.979549050331, -0.968228816986, -0.939987719059, -0.939274191856, -0.910189390182], "var": [0.0126786800101, 0.0124396765605, 0.0106575479731, 0.00569491647184, 0.00286990310997, 0.00214839400724]}, "spectral_contrast_valleys": {"dmean": [0.446351438761, 0.445939898491, 0.408382207155, 0.351300120354, 0.388648420572, 0.396912902594], "dmean2": [0.699581980705, 0.697356641293, 0.624776005745, 0.525920510292, 0.564883351326, 0.528325259686], "dvar": [0.279127210379, 0.220380723476, 0.206197872758, 0.18976958096, 0.292600035667, 0.372305393219], "dvar2": [0.517553269863, 0.430551201105, 0.396756261587, 0.348174601