{"lowlevel": {"average_loudness": 0.706390440464, "barkbands_crest": {"dmean": 1.78205692768, "dmean2": 2.48887610435, "dvar": 2.92482209206, "dvar2": 6.28049087524, "max": 26.1338634491, "mean": 11.3539657593, "median": 10.5995321274, "min": 2.48446798325, "var": 16.1433200836}, "barkbands_flatness_db": {"dmean": 0.0262465886772, "dmean2": 0.0356368906796, "dvar": 0.00124481739476, "dvar2": 0.00228275824338, "max": 0.51029497385, "mean": 0.260323822498, "median": 0.264326095581, "min": 0.0258636362851, "var": 0.00663355365396}, "barkbands_kurtosis": {"dmean": 2.93072843552, "dmean2": 4.32528209686, "dvar": 41.2502555847, "dvar2": 83.3823242188, "max": 250.693695068, "mean": 5.63163757324, "median": 3.15929174423, "min": -1.97207462788, "var": 120.65309906}, "barkbands_skewness": {"dmean": 0.488110363483, "dmean2": 0.706121563911, "dvar": 0.465984880924, "dvar2": 1.05087840557, "max": 13.3193883896, "mean": 1.37643420696, "median": 1.27652597427, "min": -7.40250635147, "var": 1.53958821297}, "barkbands_spread": {"dmean": 5.95823478699, "dmean2": 9.42585945129, "dvar": 240.181167603, "dvar2": 513.091003418, "max": 144.791717529, "mean": 12.8479604721, "median": 7.80851459503, "min": 0.551188528538, "var": 325.925506592}, "dissonance": {"dmean": 0.0390154980123, "dmean2": 0.0639776885509, "dvar": 0.0014634844847, "dvar2": 0.00377123989165, "max": 0.499977529049, "mean": 0.371782749891, "median": 0.377746045589, "min": 0.0910478681326, "var": 0.0047062668018}, "dynamic_complexity": 5.72795295715, "erbbands_crest": {"dmean": 2.18681526184, "dmean2": 3.21524238586, "dvar": 4.71012496948, "dvar2": 10.4485673904, "max": 33.7189712524, "mean": 12.7013864517, "median": 11.8908290863, "min": 1.87514555454, "var": 29.5882968903}, "erbbands_flatness_db": {"dmean": 0.0259564723819, "dmean2": 0.0349694080651, "dvar": 0.00143272976857, "dvar2": 0.00253817648627, "max": 0.474517613649, "mean": 0.247812047601, "median": 0.26229044795, "min": 0.0218309927732, "var": 0.00632493617013}, "erbbands_kurtosis": {"dmean": 1.48340952396, "dmean2": 2.23641681671, "dvar": 5.90203285217, "dvar2": 12.4138650894, "max": 106.253715515, "mean": 3.07005476952, "median": 2.02853393555, "min": -1.7403460741, "var": 19.8652744293}, "erbbands_skewness": {"dmean": 0.357431143522, "dmean2": 0.534500956535, "dvar": 0.210161805153, "dvar2": 0.487500280142, "max": 9.24767494202, "mean": 0.891487419605, "median": 0.869034647942, "min": -2.11630296707, "var": 0.761774122715}, "erbbands_spread": {"dmean": 7.43771791458, "dmean2": 11.5415039062, "dvar": 276.619018555, "dvar2": 575.150146484, "max": 174.796066284, "mean": 23.1874389648, "median": 15.7133541107, "min": 1.49965977669, "var": 553.585998535}, "hfc": {"dmean": 15.2031641006, "dmean2": 23.9085826874, "dvar": 2343.76586914, "dvar2": 5766.515625, "max": 410.172027588, "mean": 20.3060646057, "median": 8.07891082764, "min": 1.06074134508e-16, "var": 2220.3215332}, "melbands_crest": {"dmean": 2.27496266365, "dmean2": 3.22213244438, "dvar": 4.81384754181, "dvar2": 10.8649291992, "max": 32.4655532837, "mean": 15.868724823, "median": 14.691277504, "min": 1.42246448994, "var": 37.0613098145}, "melbands_flatness_db": {"dmean": 0.0300147198141, "dmean2": 0.0404727905989, "dvar": 0.00185628526378, "dvar2": 0.00337685155682, "max": 0.651007115841, "mean": 0.35897603631, "median": 0.366163939238, "min": 0.00332649797201, "var": 0.0105347987264}, "melbands_kurtosis": {"dmean": 4.72444057465, "dmean2": 7.08005619049, "dvar": 153.76272583, "dvar2": 354.926574707, "max": 425.890441895, "mean": 10.2366800308, "median": 4.75535488129, "min": -1.7624861002, "var": 440.680603027}, "melbands_skewness": {"dmean": 0.503901600838, "dmean2": 0.712510883808, "dvar": 0.523692250252, "dvar2": 1.10305690765, "max": 14.3815727234, "mean": 1.9224601984, "median": 1.60579967499, "min": -2.00043654442, "var": 2.49668502808}, "melbands_spread": {"dmean": 3.3190870285, "dmean2": 4.95932912827, "dvar": 97.5029907227, "dvar2": 193.398406982, "max": 227.300537109, "mean": 12.5823984146, "median": 9.60748958588, "min": 0.527414321899, "var": 293.515930176}, "pitch_salience": {"dmean": 0.0527630411088, "dmean2": 0.0760702639818, "dvar": 0.00285326852463, "dvar2": 0.0061179548502, "max": 0.95288413763, "mean": 0.48147764802, "median": 0.476565331221, "min": 0.0769909843802, "var": 0.0123868705705}, "silence_rate_20dB": {"dmean": 0, "dmean2": 0, "dvar": 0, "dvar2": 0, "max": 1, "mean": 1, "median": 1, "min": 1, "var": 0}, "silence_rate_30dB": {"dmean": 0.0101842544973, "dmean2": 0.0203698743135, "dvar": 0.0100817820057, "dvar2": 0.0227709747851, "max": 1, "mean": 0.987069547176, "median": 1, "min": 0, "var": 0.0127637684345}, "silence_rate_60dB": {"dmean": 0.0247906204313, "dmean2": 0.0495845600963, "dvar": 0.0241734683514, "dvar2": 0.0519522503018, "max": 1, "mean": 0.16876591742, "median": 0, "min": 0, "var": 0.140289649367}, "spectral_centroid": {"dmean": 139.983261108, "dmean2": 208.705184937, "dvar": 107381.9375, "dvar2": 209312.4375, "max": 11680.1181641, "mean": 788.429138184, "median": 583.692016602, "min": 149.570709229, "var": 1156331.625}, "spectral_complexity": {"dmean": 1.41252934933, "dmean2": 2.23586177826, "dvar": 8.31440734863, "dvar2": 20.0315570831, "max": 47, "mean": 9.3602437973, "median": 9, "min": 0, "var": 25.7773151398}, "spectral_decrease": {"dmean": 1.44946055158e-09, "dmean2": 1.78681947016e-09, "dvar": 5.32483953569e-18, "dvar2": 9.96538646502e-18, "max": 2.2310091552e-09, "mean": -6.55375753666e-09, "median": -5.17326537164e-09, "min": -5.83268686682e-08, "var": 3.8674339849e-17}, "spectral_energy": {"dmean": 0.00641996506602, "dmean2": 0.00815333519131, "dvar": 0.000107360065158, "dvar2": 0.000214712083107, "max": 0.247838243842, "mean": 0.0265771746635, "median": 0.0208831392229, "min": 9.95817778631e-21, "var": 0.000628177251201}, "spectral_energyband_high": {"dmean": 0.00101009313948, "dmean2": 0.00169707497116, "dvar": 1.40530501085e-05, "dvar2": 3.54039329977e-05, "max": 0.0273480918258, "mean": 0.00079186167568, "median": 4.73943782708e-06, "min": 6.9391810002e-21, "var": 1.15418861242e-05}, "spectral_energyband_low": {"dmean": 0.00134263187647, "dmean2": 0.00197931984439, "dvar": 3.32493036694e-05, "dvar2": 7.69191101426e-05, "max": 0.158818930387, "mean": 0.00910553801805, "median": 0.00457041990012, "min": 1.47029347019e-23, "var": 0.000142466684338}, "spectral_energyband_middle_high": {"dmean": 0.000915068609174, "dmean2": 0.00101142248604, "dvar": 3.73122338715e-06, "dvar2": 5.12557517141e-06, "max": 0.0547222420573, "mean": 0.00337505782954, "median": 0.00114790350199, "min": 1.22851194463e-21, "var": 2.50170269283e-05}, "spectral_energyband_middle_low": {"dmean": 0.00436696130782, "dmean2": 0.00538615463302, "dvar": 3.74903938791e-05, "dvar2": 6.5593936597e-05, "max": 0.166460454464, "mean": 0.0138039328158, "median": 0.0093118455261, "min": 1.71268732852e-22, "var": 0.000221645081183}, "spectral_entropy": {"dmean": 0.281402826309, "dmean2": 0.401111155748, "dvar": 0.200313895941, "dvar2": 0.359305799007, "max": 9.82096195221, "mean": 6.18540525436, "median": 5.9573392868, "min": 4.57475805283, "var": 0.815703094006}, "spectral_flux": {"dmean": 0.0176260080189, "dmean2": 0.0277539268136, "dvar": 0.000645122141577, "dvar2": 0.00141833652742, "max": 0.387635320425, "mean": 0.0429853610694, "median": 0.0324293002486, "min": 6.33306879161e-11, "var": 0.00154081184883}, "spectral_kurtosis": {"dmean": 10.3502073288, "dmean2": 17.0778331757, "dvar": 200.448226929, "dvar2": 466.594482422, "max": 321.246032715, "mean": 25.8516235352, "median": 17.5586509705, "min": -1.27152168751, "var": 635.631713867}, "spectral_rms": {"dmean": 0.000560128828511, "dmean2": 0.000682106532622, "dvar": 5.14382293204e-07, "dvar2": 9.37746904128e-07, "max": 0.0155497081578, "mean": 0.00442996900529, "median": 0.00451373402029, "min": 3.11693683017e-12, "var": 6.30430122328e-06}, "spectral_rolloff": {"dmean": 753.520141602, "dmean2": 1361.00390625, "dvar": 7367513, "dvar2": 16977712, "max": 19745.9472656, "mean": 1459.24389648, "median": 645.99609375, "min": 64.599609375, "var": 11127064}, "spectral_skewness": {"dmean": 0.74913328886, "dmean2": 1.21471858025, "dvar": 0.794565021992, "dvar2": 1.74003553391, "max": 13.5635242462, "mean": 3.53881907463, "median": 3.16177010536, "min": -0.0967681929469, "var": 3.26688742638}, "spectral_spread": {"dmean": 1083325.375, "dmean2": 1580568.875, "dvar": 4132339712000.0, "dvar2": 7255616913410.0, "max": 43519852, "mean": 3885134.25, "median": 2295827.5, "min": 283531.125, "var": 23191693033500.0}, "spectral_strongpeak": {"dmean": 0.341305464506, "dmean2": 0.532927751541, "dvar": 0.473850905895, "dvar2": 1.03757679462, "max": 12.6409978867, "mean": 0.969421088696, "median": 0.596641302109, "min": 0, "var": 1.25001609325}, "zerocrossingrate": {"dmean": 0.0150360194966, "dmean2": 0.0182232875377, "dvar": 0.00127362809144, "dvar2": 0.00144389504567, "max": 0.64306640625, "mean": 0.047080244869, "median": 0.0263671875, "min": 0.00341796875, "var": 0.0058286646381}, "barkbands": {"dmean": [9.4244191132e-05, 0.000654303119518, 0.000648500979878, 0.00026303724735, 0.00157037843019, 0.000777972280048, 0.00141461088788, 0.00116035505198, 0.000376292096917, 0.000391805690015, 0.000448362203315, 8.17864565761e-05, 7.28957747924e-05, 1.59505925694e-05, 2.40568933805e-05, 2.28076642088e-05, 3.2305073546e-05, 2.16477383219e-05, 4.07007937611e-05, 3.7800778955e-05, 6.25496904831e-05, 3.48697431036e-05, 5.04127274326e-05, 5.48336720385e-05, 0.000187234472833, 0.000294577272143, 0.00031401932938], "dmean2": [0.000170603045262, 0.0010256547248, 0.000945430656429, 0.000415823742514, 0.00230648834258, 0.00112627365161, 0.00184020027518, 0.0012950632954, 0.000444367178716, 0.000433993467595, 0.000489259313326, 0.000105098020867, 8.20421264507e-05, 2.27110085689e-05, 3.32374511345e-05, 3.40519545716e-05, 4.34524699813e-05, 3.10546820401e-05, 5.83092914894e-05, 6.09823728155e-05, 0.000104389750049, 5.77884929953e-05, 8.72516829986e-05, 9.61089535849e-05, 0.000326379493345, 0.000497562636156, 0.000503063201904], "dvar": [4.34177394482e-07, 9.8803657238e-06, 9.22034359974e-06, 6.1649888039e-07, 7.87362750998e-06, 3.8704911276e-06, 7.99035842647e-06, 1.05130675365e-05, 1.68015753843e-06, 9.91903448266e-07, 1.68662018041e-06, 9.45367872873e-08, 4.74198245115e-08, 3.29344396199e-09, 6.02523630988e-09, 1.13158371562e-08, 1.24996777373e-08, 6.12310691039e-09, 2.81496994603e-08, 2.1270126993e-08, 5.44959313231e-08, 1.74708159051e-08, 4.51899708764e-08, 5.06597288563e-08, 5.5859936765e-07, 1.22364826893e-06, 1.48862113747e-06], "dvar2": [1.20652828173e-06, 2.39889595832e-05, 2.11099304579e-05, 1.6836542045e-06, 2.13779949263e-05, 1.10393684736e-05, 1.48980498125e-05, 1.10105729618e-05, 2.55402392213e-06, 1.30365913265e-06, 2.1243208721e-06, 1.65142509445e-07, 6.18219360149e-08, 7.37757988034e-09, 1.14009637286e-08, 2.70509197264e-08, 2.4138262944e-08, 1.30945387866e-08, 6.04233250101e-08, 5.52067618287e-08, 1.42806072745e-07, 4.48105588191e-08, 1.21146172205e-07, 1.36754650271e-07, 1.49683899053e-06, 2.89784156848e-06, 3.45865214513e-06], "max": [0.0115048373118, 0.0712413042784, 0.0944310501218, 0.0217170156538, 0.0510673969984, 0.0727815255523, 0.0863331705332, 0.143584191799, 0.103835329413, 0.0317445807159, 0.0477494001389, 0.0188019946218, 0.00943340547383, 0.00248525780626, 0.0029620800633, 0.00240705697797, 0.00400081044063, 0.00219473429024, 0.00537109328434, 0.00188933452591, 0.00297805038281, 0.00156872358639, 0.00222062878311, 0.00203580711968, 0.00562356831506, 0.00914848409593, 0.0133349625394], "mean": [7.63748976169e-05, 0.00364614347927, 0.00508172996342, 0.000542541965842, 0.0034178737551, 0.00214067683555, 0.00373800937086, 0.00251817819662, 0.00102974078618, 0.00137035641819, 0.00140044745058, 0.000210287122172, 0.000156107140356, 4.42832533736e-05, 7.18843148206e-05, 3.67315406038e-05, 0.000123145029647, 3.24608081428e-05, 0.000112916510261, 6.69392102282e-05, 6.23916930635e-05, 3.05430294247e-05, 3.75425515813e-05, 3.80419769499e-05, 0.000127807987155, 0.000223814728088, 0.000240245411987], "median": [3.6572209865e-06, 0.00099490233697, 0.00133014598396, 0.000203615316423, 0.00127737689763, 0.000585561501794, 0.00154958839994, 0.000524799863342, 0.000186666075024, 0.000189089827472, 8.67107592057e-05, 1.98739817279e-05, 1.78062364284e-05, 2.86319186671e-06, 3.79699577024e-06, 1.56155397235e-06, 4.75083152196e-06, 1.12016095954e-06, 4.86678618472e-06, 1.83139081855e-06, 1.4954771359e-06, 6.22922925686e-07, 5.33524314505e-07, 1.17691968171e-07, 1.57830271519e-07, 1.72051485947e-07, 1.99295726588e-07], "min": [4.22480423552e-25, 1.87765067091e-24, 8.77480947668e-25, 2.41557541522e-25, 3.07122542229e-24, 5.14204150483e-24, 3.50632974039e-24, 5.83345047813e-24, 1.41485800557e-23, 1.0682150111e-23, 9.33682987873e-24, 1.72099409696e-23, 2.50492493707e-23, 3.00628453875e-23, 4.61645535366e-23, 5.33737166912e-23, 5.01375442007e-23, 7.97159027746e-23, 1.35371232396e-22, 1.84765562339e-22, 2.26632064031e-22, 3.19703337755e-22, 4.23965051492e-22, 5.89074724428e-22, 7.90524455098e-22, 1.05168310555e-21, 1.89056369915e-21], "var": [3.18402356925e-07, 3.51790986315e-05, 6.87162319082e-05, 1.04031255432e-06, 2.7928432246e-05, 1.59133796842e-05, 3.57481912943e-05, 5.73990000703e-05, 8.97026984603e-06, 8.12342568679e-06, 1.05060917122e-05, 3.67422018144e-07, 2.06640407896e-07, 2.13990283271e-08, 2.6615603943e-08, 1.75426961846e-08, 1.09801590042e-07, 1.2915097436e-08, 1.03492098447e-07, 3.47946702561e-08, 5.6652567082e-08, 1.43867282532e-08, 3.18532862309e-08, 3.40560362133e-08, 3.77414551167e-07, 1.11935275982e-06, 1.49564505136e-06]}, "erbbands": {"dmean": [0.0173818394542, 0.164552181959, 0.700677096844, 0.834960818291, 2.67013192177, 6.93189239502, 3.71341252327, 7.73876571655, 17.4098949432, 28.965385437, 16.746181488, 9.49001216888, 10.496547699, 9.93269538879, 19.0263538361, 3.8549990654, 3.56031441689, 1.0011755228, 1.22732925415, 1.40666520596, 1.0686314106, 1.45819783211, 1.33886528015, 1.38040590286, 2.10746026039, 1.91476690769, 1.62991261482, 2.91169500351, 1.28453326225, 1.4094837904, 1.49212300777, 1.13417184353, 0.959608197212, 1.15759050846, 1.8175599575, 1.64348721504, 0.394961386919, 0.181567803025, 0.0555826053023, 0.00375744211487], "dmean2": [0.0292198676616, 0.254218995571, 0.995463073254, 1.33602356911, 3.9287545681, 10.2343540192, 5.62105035782, 11.0166187286, 23.0486049652, 37.1599235535, 16.7278575897, 10.8994569778, 11.0731267929, 11.3749341965, 20.6613292694, 4.61369514465, 4.01993083954, 1.20665299892, 1.7463850975, 1.98508536816, 1.49524617195, 1.95427119732, 1.89835989475, 2.04610157013, 2.95136785507, 2.99881482124, 2.64449977875, 4.96719646454, 2.15603494644, 2.36567258835, 2.61902475357, 1.98804068565, 1.67558896542, 2.00621414185, 3.17918276787, 2.87995266914, 0.648071110249, 0.275589615107, 0.090613745153, 0.00629022624344], "dvar": [0.0105046778917, 0.598338544369, 10.6370296478, 8.34626865387, 30.1643009186, 177.799591064, 61.5075836182, 410.248657227, 1633.95507812, 4009.73583984, 4455.6640625, 1042.30322266, 1011.36090088, 534.636901855, 3226.37670898, 210.203170776, 98.8490982056, 9.96656990051, 18.9324970245, 29.3698997498, 15.3081407547, 26.077337265, 21.1866207123, 30.8727760315, 75.8182678223, 46.4247665405, 36.8518600464, 132.425949097, 23.1844615936, 32.4514389038, 40.3439941406, 22.3708572388, 14.9331226349, 19.6780815125, 54.2071495056, 41.6546936035, 2.39067864418, 0.639545917511, 0.0460384823382, 0.000214868516196], "dvar2": [0.0273847170174, 1.48497056961, 23.9763851166, 22.5854911804, 83.2079467773, 493.077209473, 168.931808472, 1144.93249512, 3345.9375, 7196.43896484, 3439.91137695, 1430.4621582, 1170.85742188, 820.257568359, 4120.46142578, 340.940063477, 133.941726685, 14.5285224915, 36.1691818237, 66.8475418091, 34.2541694641, 47.0749130249, 45.3961372375, 67.7258071899, 159.176345825, 115.913108826, 93.5902786255, 355.030426025, 59.5789146423, 84.6550216675, 109.360305786, 60.0980987549, 40.1326789856, 52.5387382507, 145.51675415, 110.707374573, 5.04618835449, 1.16424834728, 0.110346861184, 0.000543774687685], "max": [1.99735677242, 17.496673584, 103.482566833, 65.8795394897, 135.796035767, 303.664215088, 205.608154297, 886.200134277, 1329.74804688, 1708.66455078, 3930.42407227, 2828.81835938, 1268.26513672, 700.812988281, 2201.02099609, 951.526672363, 390.654083252, 134.798080444, 177.686035156, 161.173522949, 105.447471619, 222.621704102, 130.511978149, 178.001724243, 354.302429199, 116.182052612, 112.762527466, 136.120254517, 54.4794311523, 64.1817245483, 62.8758125305, 39.2503356934, 34.8110160828, 35.2028656006, 57.5283660889, 48.8724365234, 17.8314399719, 11.7354402542, 2.10020709038, 0.126106724143], "mean": [0.0518070608377, 1.0763835907, 5.81790351868, 3.20579576492, 5.84127664566, 14.5102624893, 10.7312755585, 20.7219181061, 45.2661743164, 67.1776275635, 41.2078971863, 27.2914237976, 29.5846405029, 40.95911026, 59.8474082947, 11.5562610626, 8.00728797913, 2.51480793953, 3.91511869431, 3.40658187866, 3.18474316597, 4.77292966843, 2.83447647095, 2.50400686264, 6.62416982651, 3.90339183807, 2.12466406822, 2.51166152954, 1.10682702065, 1.15325379372, 1.07508647442, 0.807016015053, 0.666008353233, 0.802218496799, 1.24009144306, 1.15123724937, 0.312174797058, 0.158347144723, 0.0416615903378, 0.00273830094375], "median": [0.00589742138982, 0.39577382803, 1.89217865467, 1.41772794724, 2.11197519302, 4.88690280914, 4.62702226639, 6.63535022736, 16.4385299683, 23.6900100708, 11.2805538177, 6.16028308868, 7.39340400696, 7.03901672363, 5.86354112625, 1.95417630672, 1.30741524696, 0.421615362167, 0.347152173519, 0.294715285301, 0.281810760498, 0.229221194983, 0.171737864614, 0.258270740509, 0.293371379375, 0.132577687502, 0.0908101424575, 0.0577806942165, 0.0239607729018, 0.0173056460917, 0.0154269114137, 0.00323640415445, 0.00193765154108, 0.00169746181928, 0.00112606398761, 0.000610200921074, 0.000305760651827, 0.000132479646709, 4.1635321395e-05, 3.09688402922e-05], "min": [1.02338130063e-22, 4.19532789165e-22, 1.39059733943e-21, 7.49864347659e-21, 1.53638507492e-20, 1.29206887995e-20, 2.63406004856e-20, 5.48254082154e-20, 5.31601094654e-20, 1.87678362947e-19, 2.1589973627e-19, 2.82162577278e-19, 5.91916177477e-19, 4.90475089852e-19, 8.90066501634e-19, 1.12140286278e-18, 1.36694253542e-18, 1.64036987864e-18, 2.84765673306e-18, 2.45715096973e-18, 3.56757249289e-18, 3.88552500392e-18, 4.86794715153e-18, 5.15665014251e-18, 8.45586208363e-18, 9.08276986217e-18, 8.68438396274e-18, 9.70767834518e-18, 1.06237378602e-17, 1.03268188978e-17, 1.08040533076e-17, 1.09408987594e-17, 9.21234439641e-18, 8.85644001169e-18, 5.22575239729e-18, 4.11620168853e-18, 1.90155525898e-18, 8.92588885515e-19, 2.48316440413e-19, 2.63317583773e-20], "var": [0.0219853352755, 2.36082458496, 80.9681549072, 23.0071392059, 107.454711914, 554.16998291, 254.712432861, 1469.8996582, 6253.1484375, 16544.9511719, 26138.28125, 6109.125, 5037.37060547, 7174.48730469, 19639.671875, 934.091430664, 429.820373535, 45.1416473389, 93.8327407837, 73.2973327637, 96.4106826782, 139.199035645, 56.130443573, 48.6488265991, 379.123840332, 103.569038391, 60.8151664734, 99.9843673706, 18.6773204803, 25.1471824646, 27.4037437439, 15.3361158371, 10.1321468353, 13.6280355453, 36.4019355774, 29.1422634125, 2.60253763199, 0.870855808258, 0.0433393158019, 0.000180097777047]}, "gfcc": {"mean": [-134.343902588, 148.461685181, -79.222946167, -4.0175948143, -60.4418640137, -16.2682476044, -12.1992702484, 0.911409020424, -22.3490715027, -5.49662208557, -10.3860368729, -2.28190326691, -12.5900020599], "cov": [[30807.4648438, 897.194702148, -2279.99536133, 31.6368503571, -493.466461182, -55.3220825195, -118.591896057, 183.489013672, -248.845458984, 209.819076538, -147.095565796, 149.584365845, 104.487136841], [897.194702148, 4459.71630859, -1164.6270752, -276.256713867, 464.180999756, -367.911834717, 341.167175293, -244.470657349, 189.258117676, -323.031494141, 297.845703125, -251.528945923, 40.3567276001], [-2279.99536133, -1164.6270752, 1994.46081543, 174.77911377, -83.5005111694, 406.073791504, -12.6660766602, 216.114974976, 14.2508449554, 108.435157776, -48.3802261353, 92.6853713989, -152.242965698], [31.6368503571, -276.256713867, 174.77911377, 531.26776123, 19.945558548, 52.2304573059, 78.1952209473, 43.6274261475, 52.0484390259, 37.8281211853, -18.8076381683, 1.67117786407, 47.8682861328], [-493.466461182, 464.180999756, -83.5005111694, 19.945558548, 499.490478516, 23.1441955566, 66.3472595215, 45.8866195679, 124.647468567, 20.5677566528, 61.6291809082, 23.1354026794, 69.7821884155], [-55.3220825195, -367.911834717, 406.073791504, 52.2304573059, 23.1441955566, 375.316009521, -3.07764077187, 98.3131637573, 39.1273078918, 102.645980835, -22.2469768524, 62.0448379517, -44.6272544861], [-118.591896057, 341.167175293, -12.6660766602, 78.1952209473, 66.3472595215, -3.07764077187, 224.978805542, -32.3522987366, -14.4809446335, 8.00741577148, 45.3036880493, -62.329460144, 31.1313686371], [183.489013672, -244.470657349, 216.114974976, 43.6274261475, 45.8866195679, 98.3131637573, -32.3522987366, 199.017028809, 60.4718513489, 28.3014450073, -0.301413118839, 68.3398513794, -54.6353225708], [-248.845458984, 189.258117676, 14.2508449554, 52.0484390259, 124.647468567, 39.1273078918, -14.4809446335, 60.4718513489, 201.413833618, 5.86531639099, 3.24556779861, 54.8349838257, -5.91031217575], [209.819076538, -323.031494141, 108.435157776, 37.8281211853, 20.5677566528, 102.645980835, 8.00741577148, 28.3014450073, 5.86531639099, 158.695343018, -26.1910476685, 16.9939861298, 44.1156082153], [-147.095565796, 297.845703125, -48.3802261353, -18.8076381683, 61.6291809082, -22.2469768524, 45.3036880493, -0.301413118839, 3.24556779861, -26.1910476685, 120.619224548, -29.1300888062, -30.5628585815], [149.584365845, -251.528945923, 92.6853713989, 1.67117786407, 23.1354026794, 62.0448379517, -62.329460144, 68.3398513794, 54.8349838257, 16.9939861298, -29.1300888062, 199.673522949, 30.4774227142], [104.487136841, 40.3567276001, -152.242965698, 47.8682861328, 69.7821884155, -44.6272544861, 31.1313686371, -54.6353225708, -5.91031217575, 44.1156082153, -30.5628585815, 30.4774227142, 217.259780884]], "icov": [[4.27018712799e-05, -3.44861000485e-05, 6.67104031891e-05, -3.86611063732e-05, 6.19347920292e-05, -2.21930258704e-05, 2.99114308291e-05, -0.000131096108817, 0.000119927324704, -0.000128188621602, 7.02618563082e-05, -6.8223773269e-05, 2.81753691525e-05], [-3.44861000485e-05, 0.000541023677215, 0.000102143043478, 0.000325926230289, -0.000237407322857, -3.10993964376e-05, -0.000625972345006, 0.000383810547646, -0.000791993166786, 0.000942043261603, -0.000651793903671, 0.000439512135927, -0.000194243373699], [6.67104031891e-05, 0.000102143043478, 0.000876395497471, -0.000151248270413, 0.000123092831927, -0.000631076632999, -0.000236545092775, -0.000515203631949, 0.000194019085029, -2.52791542152e-05, 0.000117869196401, -0.000134056856041, 0.000377360702259], [-3.86611063732e-05, 0.000325926230289, -0.000151248270413, 0.00247335154563, 0.000122741403175, -3.9693506551e-05, -0.00126314535737, -0.000312216434395, -0.00126033334527, 0.000576254504267, -3.66561180272e-05, 0.000626099703368, -0.000882259453647], [6.19347920292e-05, -0.000237407322857, 0.000123092831927, 0.000122741403175, 0.00314282230102, -0.000236913867411, -0.000379496312235, -0.00104537722655, -0.00135280797258, -0.000512175844051, -0.00118484033737, -1.56214791787e-05, -0.00129038374871], [-2.21930258704e-05, -3.10993964376e-05, -0.000631076632999, -3.9693506551e-05, -0.000236913867411, 0.00448114238679, -0.00034251192119, -0.000485287280753, -0.000202791052288, -0.00251883664168, 0.000412438152125, -0.000887252681423, 0.00119500921573], [2.99114308291e-05, -0.000625972345006, -0.000236545092775, -0.00126314535737, -0.000379496312235, -0.00034251192119, 0.00678712362424, 0.000251453486271, 0.00141192425508, -0.00116053118836, -0.00132799556013, 0.00111852411646, -0.000712985172868], [-0.000131096108817, 0.000383810547646, -0.000515203631949, -0.000312216434395, -0.00104537722655, -0.000485287280753, 0.000251453486271, 0.0084641398862, -0.00164023996331, -0.000184633419849, -0.000858007464558, -0.00170869589783, 0.00213995715603], [0.000119927324704, -0.000791993166786, 0.000194019085029, -0.00126033334527, -0.00135280797258, -0.000202791052288, 0.00141192425508, -0.00164023996331, 0.00825994089246, -0.00127189501654, 0.00141783198342, -0.00209025200456, 0.00125678523909], [-0.000128188621602, 0.000942043261603, -2.52791542152e-05, 0.000576254504267, -0.000512175844051, -0.00251883664168, -0.00116053118836, -0.000184633419849, -0.00127189501654, 0.0107191931456, -0.000148349674419, 0.00169997941703, -0.00296156620607], [7.02618563082e-05, -0.000651793903671, 0.000117869196401, -3.66561180272e-05, -0.00118484033737, 0.000412438152125, -0.00132799556013, -0.000858007464558, 0.00141783198342, -0.000148349674419, 0.0117129534483, -6.55034382362e-05, 0.00234335055575], [-6.8223773269e-05, 0.000439512135927, -0.000134056856041, 0.000626099703368, -1.56214791787e-05, -0.000887252681423, 0.00111852411646, -0.00170869589783, -0.00209025200456, 0.00169997941703, -6.55034382362e-05, 0.00768854608759, -0.00253774016164], [2.81753691525e-05, -0.000194243373699, 0.000377360702259, -0.000882259453647, -0.00129038374871, 0.00119500921573, -0.000712985172868, 0.00213995715603, 0.00125678523909, -0.00296156620607, 0.00234335055575, -0.00253774016164, 0.00770556600764]]}, "melbands": {"dmean": [0.000164461904205, 0.000312331510941, 0.000152894179337, 0.000401162425987, 0.000155062458361, 0.000166234240169, 0.000265445793048, 0.000307071546558, 0.00012406015594, 5.19303212059e-05, 5.3002662753e-05, 4.07579391322e-05, 6.34403477306e-05, 2.04555253731e-05, 7.94089010014e-06, 6.48251261737e-06, 1.42385579238e-06, 2.00681051865e-06, 1.43445686263e-06, 2.2977919798e-06, 1.08298854684e-06, 1.50773485075e-06, 1.71110377778e-06, 1.10085920824e-06, 1.04188609384e-06, 1.83198915238e-06, 9.67677920016e-07, 1.45445778799e-06, 1.05827473362e-06, 9.08767958663e-07, 2.26660995395e-06, 6.94764480613e-07, 6.80233085859e-07, 8.3233658188e-07, 9.07460105282e-07, 7.94567540652e-07, 5.99948805302e-07, 5.61226613627e-07, 8.15587327452e-07, 1.02520630207e-06], "dmean2": [0.000265479757218, 0.000452399632195, 0.000239186687395, 0.00058656668989, 0.000231523663388, 0.000238083390286, 0.000345458945958, 0.000385523948353, 0.000123160134535, 6.07260626566e-05, 5.63318972127e-05, 4.71846033179e-05, 6.95979615557e-05, 2.34137260122e-05, 9.76840055955e-06, 6.94529217071e-06, 1.9214051008e-06, 2.878247642e-06, 2.0397355911e-06, 3.31974342771e-06, 1.49650384174e-06, 1.95409279513e-06, 2.49262689067e-06, 1.55497332344e-06, 1.56799239903e-06, 2.65903031504e-06, 1.31177625917e-06, 2.3633613182e-06, 1.75903267063e-06, 1.4481921653e-06, 3.941189334e-06, 1.17403874356e-06, 1.1317880535e-06, 1.42369310652e-06, 1.62285016359e-06, 1.34521633299e-06, 1.06863410565e-06, 9.7607914995e-07, 1.44145690228e-06, 1.76152343556e-06], "dvar": [7.30353917788e-07, 1.98575366994e-06, 2.08210096275e-07, 5.35775484423e-07, 8.90241196316e-08, 1.77303022042e-07, 3.53097647121e-07, 4.78369543089e-07, 2.56558507772e-07, 3.0907052917e-08, 2.53370995296e-08, 1.00223056521e-08, 3.38770540509e-08, 5.01385111207e-09, 5.31368893331e-10, 6.20961004838e-10, 2.20930079786e-11, 5.19313689273e-11, 2.36611789189e-11, 9.73981451047e-11, 1.58757989394e-11, 3.09019893008e-11, 4.97445418191e-11, 1.63822497234e-11, 2.15559445294e-11, 6.54060000604e-11, 1.49311726177e-11, 3.02416321152e-11, 1.98113851713e-11, 9.5087522925e-12, 8.73032202087e-11, 6.41403466797e-12, 7.61097608548e-12, 1.17813736197e-11, 1.56396198076e-11, 1.0386166753e-11, 6.30395995821e-12, 5.07192551846e-12, 1.05592201649e-11, 1.50602863513e-11], "dvar2": [1.80469646693e-06, 4.63399010187e-06, 5.51636901491e-07, 1.45037699895e-06, 2.39855836526e-07, 4.97499968333e-07, 6.9088997634e-07, 8.13579617898e-07, 2.0733230599e-07, 4.36996785425e-08, 2.97442142028e-08, 1.5554553201e-08, 4.3300637742e-08, 6.61838095439e-09, 8.59576076984e-10, 6.81309175743e-10, 4.25469555421e-11, 1.03426114895e-10, 5.2672394224e-11, 2.29719687717e-10, 3.09609629601e-11, 4.88210860627e-11, 1.08527437037e-10, 3.37140038109e-11, 4.67969447915e-11, 1.48176609871e-10, 2.84189824451e-11, 7.75950553811e-11, 5.25178268929e-11, 2.28393519375e-11, 2.37206781994e-10, 1.64048375578e-11, 2.00445320064e-11, 3.10815609361e-11, 4.32120693394e-11, 2.68478485971e-11, 1.71667055571e-11, 1.3509144324e-11, 2.878283549e-11, 3.97841620758e-11], "max": [0.0180118810385, 0.0433483719826, 0.0108194453642, 0.0140068735927, 0.00606711022556, 0.017284154892, 0.0203487761319, 0.0203513298184, 0.0295110438019, 0.0151955522597, 0.00624118698761, 0.00307124806568, 0.00701439101249, 0.00281772972085, 0.00110932649113, 0.00131212570705, 0.00030965404585, 0.000269394804491, 0.000132091518026, 0.000236536710872, 0.000187730533071, 0.000275420490652, 0.000230364254094, 0.000165818826645, 0.000170229119249, 0.000333752395818, 0.00013963317906, 7.06153878127e-05, 6.91231180099e-05, 0.000108780179289, 0.000119418866234, 3.01592517644e-05, 3.80711026082e-05, 3.59725563612e-05, 3.98666015826e-05, 2.69832180493e-05, 2.20225047087e-05, 2.11247825064e-05, 2.75822840194e-05, 3.03962315229e-05], "mean": [0.000738882343285, 0.00249620131217, 0.000601172447205, 0.000843749032356, 0.000433677225374, 0.000448780920124, 0.0007034689188, 0.000701350916643, 0.0003104020725, 0.000147746279254, 0.000147590631968, 0.000166157071362, 0.000198594731046, 5.99164777668e-05, 1.88422436622e-05, 1.41519867611e-05, 3.4974270875e-06, 6.49596540825e-06, 3.76458297069e-06, 4.61823992737e-06, 4.08270534535e-06, 5.38972062714e-06, 4.45341493105e-06, 1.63076401805e-06, 1.5444904875e-06, 5.7607708186e-06, 2.63972128778e-06, 2.58420004684e-06, 1.23828067444e-06, 1.25851624944e-06, 1.74223737304e-06, 5.97167627348e-07, 5.67141796637e-07, 6.57888790556e-07, 6.29475664482e-07, 6.02301440722e-07, 4.15193937897e-07, 3.97804825525e-07, 5.47205615931e-07, 7.18186527138e-07], "median": [0.000143736906466, 0.00112015753984, 0.000284135341644, 0.000292345881462, 0.000195806263946, 0.000135908514494, 0.000269386422588, 0.000230049656238, 7.23365228623e-05, 2.97736587527e-05, 2.9841758078e-05, 2.14971150854e-05, 1.65802321135e-05, 4.09522726841e-06, 2.79506411971e-06, 1.26458212435e-06, 2.95218967494e-07, 3.53453799562e-07, 2.17486956444e-07, 1.4145010141e-07, 1.26198671069e-07, 2.06564521932e-07, 1.13714598626e-07, 5.84170862794e-08, 1.0764992453e-07, 2.05086791993e-07, 7.62137446486e-08, 4.73186574368e-08, 2.95589543953e-08, 3.10290211303e-08, 2.74086993102e-08, 1.32351694049e-08, 8.94645779681e-09, 8.85209505697e-09, 1.03900141823e-08, 2.18866813562e-09, 1.41431311107e-09, 1.20726340036e-09, 1.41772282802e-09, 1.36757816183e-09], "min": [8.28908710974e-25, 1.02842879163e-24, 1.25932758973e-24, 7.46983040776e-25, 1.25841083475e-24, 1.18275739761e-24, 7.14906625167e-25, 1.73297279203e-24, 1.38445118449e-24, 1.80524408665e-24, 2.19839204864e-24, 1.56327056891e-24, 2.06981324312e-24, 2.94786710102e-24, 3.17305139072e-24, 3.0601216134e-24, 2.08171636532e-24, 3.07346006802e-24, 3.81667905898e-24, 2.36894634015e-24, 3.84855929475e-24, 4.0301676969e-24, 3.84730303376e-24, 3.75818857274e-24, 3.11945756132e-24, 4.71789150648e-24, 4.60210053066e-24, 5.45619076641e-24, 4.90580211841e-24, 3.06907321252e-24, 4.92517575338e-24, 4.59999624419e-24, 5.46510528907e-24, 4.70585309464e-24, 4.43123049757e-24, 5.36428176563e-24, 6.14815628107e-24, 5.40688735426e-24, 6.27674060862e-24, 5.73472690242e-24], "var": [2.12107056541e-06, 1.21526491057e-05, 6.89064904691e-07, 1.94537892639e-06, 3.4272341054e-07, 6.66497555812e-07, 1.45279284425e-06, 2.0404688712e-06, 1.48833748881e-06, 1.7797037799e-07, 1.26425959479e-07, 1.36786340477e-07, 2.0697666514e-07, 2.73639280124e-08, 2.14514184194e-09, 2.96968871716e-09, 9.4523444627e-11, 2.96597912897e-10, 7.09553665823e-11, 1.84252016422e-10, 2.72702332937e-10, 2.51568932352e-10, 1.50922219166e-10, 3.32469433928e-11, 3.31495074446e-11, 3.13290587917e-10, 5.04220068476e-11, 5.36875474633e-11, 1.94038275031e-11, 3.66951226349e-11, 6.08270100955e-11, 5.25558980016e-12, 5.8675568744e-12, 8.77614127204e-12, 1.00812344583e-11, 7.85022741256e-12, 4.16659805616e-12, 3.52529138693e-12, 6.89540785581e-12, 1.07282282016e-11]}, "mfcc": {"mean": [-788.016723633, 189.018661499, 31.6025505066, 17.7410678864, -21.0818519592, -9.72451496124, 2.89289712906, 3.08677864075, -2.55024838448, -1.80798256397, -2.95768785477, -2.66248083115, 5.29931974411], "cov": [[14340.7705078, 1475.95068359, -927.284606934, 264.617828369, -309.444274902, 107.879402161, 47.991897583, 116.609565735, 177.251724243, -99.7416763306, -87.5803909302, 299.777954102, 401.182342529], [1475.95068359, 4464.77246094, -387.668823242, -120.477653503, 23.4680366516, -59.0730628967, 180.642715454, 106.746208191, -102.819076538, 87.2759628296, 43.4881210327, -54.0481910706, 80.8503265381], [-927.284606934, -387.668823242, 1294.9152832, 173.030334473, 27.081861496, 101.035675049, 93.8182525635, 88.9934234619, 24.8685932159, 74.3244552612, 113.091896057, -71.7935943604, -91.2254943848], [264.617828369, -120.477653503, 173.030334473, 437.589874268, 9.48535919189, 13.7748031616, 26.5726013184, 39.226398468, 63.3148727417, 42.4636154175, -12.4649066925, -15.1293182373, 14.9263944626], [-309.444274902, 23.4680366516, 27.081861496, 9.48535919189, 347.118286133, 68.9876937866, -21.4335098267, 75.7688217163, 75.5410461426, -21.1340522766, 111.19657135, 116.154647827, -49.7445220947], [107.879402161, -59.0730628967, 101.035675049, 13.7748031616, 68.9876937866, 224.0599823, 59.190071106, 19.8219604492, 93.540687561, 17.4123458862, 14.7058887482, 96.1233673096, 53.2173423767], [47.991897583, 180.642715454, 93.8182525635, 26.5726013184, -21.4335098267, 59.190071106, 222.925857544, 4.11050653458, -32.9003753662, 120.655166626, -29.2698860168, -108.234062195, 82.7001266479], [116.609565735, 106.746208191, 88.9934234619, 39.226398468, 75.7688217163, 19.8219604492, 4.11050653458, 196.288162231, 28.8494338989, -71.3975372314, 140.885314941, 120.491035461, -63.5750923157], [177.251724243, -102.819076538, 24.8685932159, 63.3148727417, 75.5410461426, 93.540687561, -32.9003753662, 28.8494338989, 238.095428467, -69.0232162476, -67.1767272949, 205.257461548, 76.6961975098], [-99.7416763306, 87.2759628296, 74.3244552612, 42.4636154175, -21.1340522766, 17.4123458862, 120.655166626, -71.3975372314, -69.0232162476, 330.958068848, -27.4732131958, -299.925231934, 83.6298065186], [-87.5803909302, 43.4881210327, 113.091896057, -12.4649066925, 111.19657135, 14.7058887482, -29.2698860168, 140.885314941, -67.1767272949, -27.4732131958, 406.437927246, 62.6553573608, -234.723220825], [299.777954102, -54.0481910706, -71.7935943604, -15.1293182373, 116.154647827, 96.1233673096, -108.234062195, 120.491035461, 205.257461548, -299.925231934, 62.6553573608, 550.947753906, 6.56714057922], [401.182342529, 80.8503265381, -91.2254943848, 14.9263944626, -49.7445220947, 53.2173423767, 82.7001266479, -63.5750923157, 76.6961975098, 83.6298065186, -234.723220825, 6.56714057922, 300.585266113]], "icov": [[8.56569386087e-05, -2.40778990701e-05, 6.49483554298e-05, -7.83617870184e-05, 0.000117255454825, -6.23647065368e-05, 3.14918070217e-05, -5.04055497004e-05, -4.59117763967e-05, 6.67150961817e-05, -0.000115996197565, 2.93676366709e-05, -0.000171192456037], [-2.40778990701e-05, 0.000259624648606, 6.91038221703e-05, 8.42092122184e-05, -6.18084595772e-05, 0.000137375493068, -0.000239897388383, -0.000194086591364, 7.90748817963e-05, -8.92789903446e-05, 2.2123396775e-05, -4.62181524199e-05, -7.55493101678e-06], [6.49483554298e-05, 6.91038221703e-05, 0.00102272967342, -0.000310545205139, 0.000202603288926, -0.000441583717475, -0.000353474984877, -0.000463003962068, -0.000286390335532, -6.57550626784e-05, -7.09626838216e-05, 0.000236980136833, 0.000362351856893], [-7.83617870184e-05, 8.42092122184e-05, -0.000310545205139, 0.00275331083685, 1.51988679136e-05, 0.000455475470517, -0.000215092019062, -0.000727945007384, -0.00105953984894, -0.00056589388987, 0.000330352399033, 0.00016512471484, 0.000360208854545], [0.000117255454825, -6.18084595772e-05, 0.000202603288926, 1.51988679136e-05, 0.00394787220284, -0.000708915409632, 0.000320390041452, -0.000786014948972, -0.00116070802324, -0.000796469801571, -0.000726771599147, -0.000440174684627, 0.000405167927966], [-6.23647065368e-05, 0.000137375493068, -0.000441583717475, 0.000455475470517, -0.000708915409632, 0.00728868041188, -0.00237058871426, 0.00104566582013, -0.00225202017464, -0.00106721592601, -0.00103606341872, -0.00143178703729, -0.000550942029804], [3.14918070217e-05, -0.000239897388383, -0.000353474984877, -0.000215092019062, 0.000320390041452, -0.00237058871426, 0.00762255536392, -0.00168453773949, 0.0016444278881, -0.0010832893895, 7.85596275819e-05, 0.000933392788284, -0.00213209539652], [-5.04055497004e-05, -0.000194086591364, -0.000463003962068, -0.000727945007384, -0.000786014948972, 0.00104566582013, -0.00168453773949, 0.00923473015428, -0.000853547418956, 0.00180506659672, -0.00339860003442, -0.000742467702366, -0.000805573770776], [-4.59117763967e-05, 7.90748817963e-05, -0.000286390335532, -0.00105953984894, -0.00116070802324, -0.00225202017464, 0.0016444278881, -0.000853547418956, 0.00976047012955, -0.00165509420913, 0.00282784365118, -0.00374331558123, -0.0001605819416], [6.67150961817e-05, -8.92789903446e-05, -6.57550626784e-05, -0.00056589388987, -0.000796469801571, -0.00106721592601, -0.0010832893895, 0.00180506659672, -0.00165509420913, 0.0103091485798, -0.00379863241687, 0.00639614323154, -0.00487190485001], [-0.000115996197565, 2.2123396775e-05, -7.09626838216e-05, 0.000330352399033, -0.000726771599147, -0.00103606341872, 7.85596275819e-05, -0.00339860003442, 0.00282784365118, -0.00379863241687, 0.00811210740358, -0.00295968702994, 0.00616827746853], [2.93676366709e-05, -4.62181524199e-05, 0.000236980136833, 0.00016512471484, -0.000440174684627, -0.00143178703729, 0.000933392788284, -0.000742467702366, -0.00374331558123, 0.00639614323154, -0.00295968702994, 0.0077731446363, -0.00350166996941], [-0.000171192456037, -7.55493101678e-06, 0.000362351856893, 0.000360208854545, 0.000405167927966, -0.000550942029804, -0.00213209539652, -0.000805573770776, -0.0001605819416, -0.00487190485001, 0.00616827746853, -0.00350166996941, 0.0105199450627]]}, "spectral_contrast_coeffs": {"dmean": [0.0370623990893, 0.0349218919873, 0.0316239334643, 0.0315685085952, 0.0232604779303, 0.0191028919071], "dmean2": [0.0602712668478, 0.0547374263406, 0.0493671298027, 0.0493455938995, 0.0355577729642, 0.0297636110336], "dvar": [0.00123645644635, 0.0010711181676, 0.00116782775149, 0.00117373722605, 0.000804769981187, 0.000354359886842], "dvar2": [0.00320957857184, 0.00271111633629, 0.00288939964958, 0.00269304146059, 0.00164871837478, 0.000825996976346], "max": [-0.238992184401, -0.348240077496, -0.345321685076, -0.444498211145, -0.472093075514, -0.476884305477], "mean": [-0.592188894749, -0.646297514439, -0.633755087852, -0.709461987019, -0.734766364098, -0.791596055031], "median": [-0.600191831589, -0.64512014389, -0.625323057175, -0.702747583389, -0.745776057243, -0.793985784054], "min": [-0.983845829964, -0.976643502712, -0.981398165226, -0.977328062057, -0.976637005806, -0.965371787548], "var": [0.0123466951773, 0.00931844115257, 0.00930317863822, 0.00928784068674, 0.00879013072699, 0.00331292487681]}, "spectral_contrast_valleys": {"dmean": [0.349353790283, 0.311144500971, 0.371326804161, 0.450982302427, 0.424389362335, 0.541033983231], "dmean2": [0.551980495453, 0.459201395512, 0.551650106907, 0.675661742687, 0.604070425034, 0.722427785397], "dvar": [0.160321563482, 0.106197580695, 0.170554190874, 0.301842838526, 0.404281169176, 0.661401450634], "dvar2": [0.321756511927, 0.221139520407, 0.37