{"lowlevel": {"average_loudness": 0.937262415886, "barkbands_crest": {"dmean": 2.48006415367, "dmean2": 3.99522161484, "dvar": 6.26563978195, "dvar2": 16.1943321228, "max": 26.3008880615, "mean": 12.5062513351, "median": 11.8602485657, "min": 2.99154162407, "var": 19.985622406}, "barkbands_flatness_db": {"dmean": 0.0250595733523, "dmean2": 0.0365654490888, "dvar": 0.00081706995843, "dvar2": 0.00169767148327, "max": 0.504405677319, "mean": 0.163066595793, "median": 0.153219759464, "min": 0.0334338545799, "var": 0.0045751221478}, "barkbands_kurtosis": {"dmean": 5.27787971497, "dmean2": 8.19980239868, "dvar": 82.3545150757, "dvar2": 199.305023193, "max": 252.514328003, "mean": 11.8733778, "median": 7.65899085999, "min": -1.91128385067, "var": 231.875274658}, "barkbands_skewness": {"dmean": 0.624508917332, "dmean2": 0.970952033997, "dvar": 0.534911930561, "dvar2": 1.31631672382, "max": 12.0470094681, "mean": 2.71191906929, "median": 2.51839613914, "min": -1.74953341484, "var": 1.8130427599}, "barkbands_spread": {"dmean": 5.81959152222, "dmean2": 9.3022146225, "dvar": 77.1698913574, "dvar2": 196.617507935, "max": 77.9885559082, "mean": 16.9256248474, "median": 13.5693473816, "min": 0.246183604002, "var": 153.671127319}, "dissonance": {"dmean": 0.018333626911, "dmean2": 0.0291792843491, "dvar": 0.00047109046136, "dvar2": 0.00115594174713, "max": 0.500000119209, "mean": 0.443807452917, "median": 0.456913650036, "min": 0.134118869901, "var": 0.00229829736054}, "dynamic_complexity": 2.28909468651, "erbbands_crest": {"dmean": 1.92303109169, "dmean2": 2.85468125343, "dvar": 6.24607133865, "dvar2": 13.255065918, "max": 33.5172767639, "mean": 9.95373344421, "median": 8.26354598999, "min": 2.280782938, "var": 31.6184024811}, "erbbands_flatness_db": {"dmean": 0.0161730591208, "dmean2": 0.0210148524493, "dvar": 0.000367738131899, "dvar2": 0.000713482208084, "max": 0.378366976976, "mean": 0.135720908642, "median": 0.122329480946, "min": 0.0513651371002, "var": 0.00276024825871}, "erbbands_kurtosis": {"dmean": 1.18549072742, "dmean2": 1.70473635197, "dvar": 11.4027967453, "dvar2": 21.7062091827, "max": 133.288040161, "mean": 1.56774258614, "median": -0.281292676926, "min": -1.81363046169, "var": 55.3509597778}, "erbbands_skewness": {"dmean": 0.352913796902, "dmean2": 0.524082243443, "dvar": 0.257894337177, "dvar2": 0.621505975723, "max": 7.95043325424, "mean": 0.766593694687, "median": 0.626800894737, "min": -3.78959703445, "var": 1.07661187649}, "erbbands_spread": {"dmean": 9.11350345612, "dmean2": 13.305314064, "dvar": 129.829345703, "dvar2": 293.681945801, "max": 129.083908081, "mean": 49.9848136902, "median": 50.2567672729, "min": 1.37979972363, "var": 468.006591797}, "hfc": {"dmean": 6.82624721527, "dmean2": 9.82840538025, "dvar": 115.578781128, "dvar2": 270.190002441, "max": 189.97644043, "mean": 18.1235675812, "median": 13.0935077667, "min": 7.74081701516e-11, "var": 254.013000488}, "melbands_crest": {"dmean": 2.99494147301, "dmean2": 4.86272239685, "dvar": 8.74257850647, "dvar2": 23.2461204529, "max": 34.4848365784, "mean": 16.686624527, "median": 16.1665935516, "min": 3.8934032917, "var": 27.6100101471}, "melbands_flatness_db": {"dmean": 0.0306931361556, "dmean2": 0.0454388558865, "dvar": 0.0013677238021, "dvar2": 0.00295642251149, "max": 0.648678779602, "mean": 0.245145395398, "median": 0.235413908958, "min": 0.0202466715127, "var": 0.00681767286733}, "melbands_kurtosis": {"dmean": 11.1985149384, "dmean2": 17.4664402008, "dvar": 281.296508789, "dvar2": 646.651123047, "max": 260.924255371, "mean": 29.5706653595, "median": 21.1314888, "min": -1.7820186615, "var": 759.322998047}, "melbands_skewness": {"dmean": 0.801280975342, "dmean2": 1.23560190201, "dvar": 0.83540135622, "dvar2": 1.96277439594, "max": 11.7039861679, "mean": 4.0074763298, "median": 3.81443238258, "min": -1.66724705696, "var": 3.26609110832}, "melbands_spread": {"dmean": 4.74592781067, "dmean2": 7.86467695236, "dvar": 88.0950317383, "dvar2": 236.176101685, "max": 160.877044678, "mean": 12.8511037827, "median": 10.039191246, "min": 0.381853759289, "var": 122.104804993}, "pitch_salience": {"dmean": 0.0672350153327, "dmean2": 0.109761238098, "dvar": 0.00489716231823, "dvar2": 0.0123490458354, "max": 0.852603077888, "mean": 0.492707431316, "median": 0.498888611794, "min": 0.0772373974323, "var": 0.0146899018437}, "silence_rate_20dB": {"dmean": 0, "dmean2": 0, "dvar": 0, "dvar2": 0, "max": 1, "mean": 1, "median": 1, "min": 1, "var": 0}, "silence_rate_30dB": {"dmean": 0.0426069684327, "dmean2": 0.0852293223143, "dvar": 0.0407918989658, "dvar2": 0.0942154750228, "max": 1, "mean": 0.958844780922, "median": 1, "min": 0, "var": 0.039461504668}, "silence_rate_60dB": {"dmean": 0.00866582430899, "dmean2": 0.0169736370444, "dvar": 0.00859127100557, "dvar2": 0.0188533551991, "max": 1, "mean": 0.0180505421013, "median": 0, "min": 0, "var": 0.0177257172763}, "spectral_centroid": {"dmean": 218.387069702, "dmean2": 351.192077637, "dvar": 123788.570312, "dvar2": 325405.78125, "max": 3742.5690918, "mean": 931.818115234, "median": 816.287597656, "min": 110.971168518, "var": 257622.78125}, "spectral_complexity": {"dmean": 3.14244437218, "dmean2": 4.80967855453, "dvar": 16.8015098572, "dvar2": 33.4415626526, "max": 52, "mean": 15.4870033264, "median": 14, "min": 0, "var": 61.2023124695}, "spectral_decrease": {"dmean": 3.35388450345e-09, "dmean2": 5.17832399183e-09, "dvar": 2.48752069913e-17, "dvar2": 5.53224051591e-17, "max": -9.19868487255e-23, "mean": -9.77210046216e-09, "median": -7.26294002718e-09, "min": -5.34520658846e-08, "var": 6.67880251129e-17}, "spectral_energy": {"dmean": 0.0130538428202, "dmean2": 0.020063649863, "dvar": 0.000369792775018, "dvar2": 0.00081929116277, "max": 0.20454749465, "mean": 0.0385259762406, "median": 0.0289986766875, "min": 7.36833876113e-15, "var": 0.00100007432047}, "spectral_energyband_high": {"dmean": 0.000536133302376, "dmean2": 0.000808004755527, "dvar": 9.47622424974e-07, "dvar2": 2.4115342967e-06, "max": 0.0154422391206, "mean": 0.000895378412679, "median": 0.000399119453505, "min": 5.15687973145e-15, "var": 1.67772498116e-06}, "spectral_energyband_low": {"dmean": 0.00970047526062, "dmean2": 0.0154243940488, "dvar": 0.000301758467685, "dvar2": 0.000688922649715, "max": 0.183024719357, "mean": 0.0202879477292, "median": 0.0071000251919, "min": 4.92537350381e-17, "var": 0.000755970249884}, "spectral_energyband_middle_high": {"dmean": 0.000872773816809, "dmean2": 0.00125557859428, "dvar": 2.21296363634e-06, "dvar2": 4.57516125607e-06, "max": 0.0230271536857, "mean": 0.00248380517587, "median": 0.00181512581185, "min": 7.7675705884e-16, "var": 5.52632445761e-06}, "spectral_energyband_middle_low": {"dmean": 0.0052287876606, "dmean2": 0.00808381196111, "dvar": 8.970961062e-05, "dvar2": 0.00021521274175, "max": 0.134754136205, "mean": 0.0163117609918, "median": 0.0124803539366, "min": 6.5157353017e-16, "var": 0.000192218358279}, "spectral_entropy": {"dmean": 0.239930912852, "dmean2": 0.318757206202, "dvar": 0.10105022043, "dvar2": 0.203649401665, "max": 8.55714416504, "mean": 7.28854370117, "median": 7.45180416107, "min": 4.12719726562, "var": 0.503790259361}, "spectral_flux": {"dmean": 0.0330564454198, "dmean2": 0.049436442554, "dvar": 0.00171276950277, "dvar2": 0.00355851836503, "max": 0.349381506443, "mean": 0.0770271122456, "median": 0.0583881251514, "min": 0.000138433359098, "var": 0.00359141570516}, "spectral_kurtosis": {"dmean": 1.78973400593, "dmean2": 2.72364664078, "dvar": 9.64760780334, "dvar2": 21.2940425873, "max": 62.4802703857, "mean": 5.12544965744, "median": 3.48996019363, "min": -0.0404441356659, "var": 31.244966507}, "spectral_rms": {"dmean": 0.000961092824582, "dmean2": 0.0014506848529, "dvar": 1.46704337567e-06, "dvar2": 3.12641395794e-06, "max": 0.0141265187413, "mean": 0.0056511037983, "median": 0.00531896483153, "min": 2.68116084889e-09, "var": 5.65128539165e-06}, "spectral_rolloff": {"dmean": 400.360168457, "dmean2": 713.743652344, "dvar": 916444.4375, "dvar2": 2382830, "max": 18087.890625, "mean": 799.540161133, "median": 495.263671875, "min": 86.1328125, "var": 951263.9375}, "spectral_skewness": {"dmean": 0.263985782862, "dmean2": 0.38927975297, "dvar": 0.135734304786, "dvar2": 0.297856062651, "max": 6.63595151901, "mean": 1.777780056, "median": 1.62457203865, "min": 0.418191254139, "var": 0.550066947937}, "spectral_spread": {"dmean": 742028.5625, "dmean2": 984621.5, "dvar": 847142191104, "dvar2": 1575016857600.0, "max": 19027804, "mean": 5632016.5, "median": 5632972, "min": 1300340.125, "var": 2378213097470.0}, "spectral_strongpeak": {"dmean": 0.306856274605, "dmean2": 0.49237242341, "dvar": 0.232075825334, "dvar2": 0.508312940598, "max": 8.93835639954, "mean": 0.809372901917, "median": 0.568293452263, "min": 4.24320383274e-08, "var": 0.638051152229}, "zerocrossingrate": {"dmean": 0.0102183800191, "dmean2": 0.0124308047816, "dvar": 0.000135197624331, "dvar2": 0.000173424894456, "max": 0.501953125, "mean": 0.048137743026, "median": 0.04296875, "min": 0.00244140625, "var": 0.000729669060092}, "barkbands": {"dmean": [0.000466937286546, 0.00659234169871, 0.00407643336803, 0.00151522143278, 0.00234864605591, 0.000721377204172, 0.00186460197438, 0.000466280122055, 0.000277788756648, 0.000261415349087, 8.29552518553e-05, 0.000137280701892, 0.000129642547108, 0.000116764269478, 7.58366368245e-05, 0.000136288857902, 0.000174153261469, 8.18255794002e-05, 0.00014637708955, 9.00361701497e-05, 0.000136968068546, 9.04404150788e-05, 9.62506237556e-05, 0.000121226687043, 7.27683509467e-05, 4.50285588158e-05, 5.98875158175e-06], "dmean2": [0.000807704520412, 0.0103792054579, 0.00684036873281, 0.00256094732322, 0.00390888843685, 0.00120495085139, 0.00275864591822, 0.000694099464454, 0.000402094010497, 0.000379098113626, 0.000127730832901, 0.000188748497749, 0.000189658036106, 0.000188331934623, 0.000120002368931, 0.000233357714023, 0.000274609425105, 0.000124149082694, 0.000260953354882, 0.000146635138663, 0.000234833860304, 0.000141840064316, 0.000152617649292, 0.000197543093236, 0.000107245548861, 6.79669974488e-05, 8.77384536579e-06], "dvar": [2.20579977395e-06, 0.000195561340661, 6.43954554107e-05, 5.4712304518e-06, 2.5956054742e-05, 3.72354497813e-06, 3.77300711989e-05, 1.82742451216e-06, 2.95675079087e-07, 2.36306414081e-06, 2.99670013248e-08, 4.4157047796e-08, 6.28625969057e-08, 5.06706676617e-08, 2.30222667597e-08, 1.32913683615e-07, 1.41504614248e-07, 3.98052115713e-08, 1.54533054797e-07, 6.6757806394e-08, 1.04746412433e-07, 3.65066767927e-08, 3.58787772825e-08, 9.07774406755e-08, 2.01446486159e-08, 2.59777923617e-08, 1.60935029192e-10], "dvar2": [5.96269865127e-06, 0.000489271187689, 0.000164605065947, 1.56021087605e-05, 7.09414234734e-05, 1.02962176243e-05, 8.79921790329e-05, 3.59696218766e-06, 6.56066163174e-07, 5.01286831422e-06, 6.80861589331e-08, 8.07374078704e-08, 1.30571351065e-07, 1.32750770376e-07, 5.41182885172e-08, 3.66986199651e-07, 3.11734652314e-07, 7.57667280027e-08, 4.46416635214e-07, 1.73802519043e-07, 2.95463848943e-07, 8.34196498545e-08, 9.26335417262e-08, 2.52967367942e-07, 4.65091503088e-08, 6.69686741617e-08, 3.77069764301e-10], "max": [0.0146994553506, 0.149795815349, 0.116313993931, 0.037165299058, 0.0797631368041, 0.0370923690498, 0.119018033147, 0.0234773401171, 0.00969598907977, 0.0330993011594, 0.0031574962195, 0.00371321151033, 0.00535419117659, 0.00291511137038, 0.00268439040519, 0.0039233295247, 0.00981756858528, 0.00370962708257, 0.00522091891617, 0.00754945771769, 0.00392592744902, 0.00382342562079, 0.00302732409909, 0.00371784088202, 0.00496788695455, 0.00606289412826, 0.000449020357337], "mean": [0.000518152664881, 0.0118698384613, 0.00654450897127, 0.00272681075148, 0.00588760012761, 0.00224505993538, 0.00360084045678, 0.0010684899753, 0.00060255243443, 0.000338424870279, 0.000172565298271, 0.000385214720154, 0.000232065780438, 0.000196323046112, 0.000150547741214, 0.000172706539161, 0.000466881843749, 0.000175267428858, 0.000189131518709, 0.000160598705406, 0.000181579249329, 0.000153630797286, 0.000164226512425, 0.000150468404172, 0.000107304273115, 5.75374724576e-05, 7.69041980675e-06], "median": [7.28701343178e-06, 0.00103413756005, 0.00240004714578, 0.00161930255126, 0.0040065580979, 0.00113876920659, 0.000787740922533, 0.000281245098449, 0.000297822756693, 8.26757968753e-05, 3.97272815462e-05, 0.000223928509513, 9.41865437198e-05, 0.000118649128126, 7.45359284338e-05, 9.02809697436e-05, 0.000156004331075, 8.23154696263e-05, 8.12002108432e-05, 5.95050441916e-05, 6.83468824718e-05, 6.30698341411e-05, 7.88240940892e-05, 5.3887397371e-05, 4.32673514297e-05, 2.06049044209e-05, 2.7848695936e-06], "min": [2.72745237673e-17, 1.17359442323e-17, 8.21718821686e-18, 4.38497640963e-17, 1.68055082209e-16, 5.06293000008e-17, 1.99790481832e-16, 4.8449831288e-17, 1.29039156472e-16, 2.17304896411e-17, 2.17275498412e-17, 7.80975494676e-17, 1.32206583238e-16, 4.551689699e-17, 8.53835415914e-17, 1.07492080897e-16, 4.83804010561e-17, 8.85847768841e-17, 6.6293496838e-17, 3.56175819073e-16, 1.79990226422e-16, 3.53800050475e-16, 5.13089360766e-16, 6.64644995552e-16, 6.36420746018e-16, 1.43128853394e-15, 1.19227076518e-15], "var": [2.63029460257e-06, 0.000412533263443, 0.00012986875663, 1.08660642582e-05, 4.00467470172e-05, 1.21357488752e-05, 7.88662000559e-05, 6.39362360744e-06, 7.3676392276e-07, 2.98153304357e-06, 9.27500423131e-08, 2.12280937717e-07, 1.44745584407e-07, 6.64118573468e-08, 5.22269694159e-08, 1.03914238991e-07, 8.78705293417e-07, 1.17685466705e-07, 1.22257262092e-07, 1.64169122741e-07, 1.0410983009e-07, 7.61627561019e-08, 5.41570450707e-08, 7.81551392492e-08, 3.07152028256e-08, 2.15923741109e-08, 1.85147813747e-10]}, "erbbands": {"dmean": [0.253882229328, 1.37178814411, 4.19482326508, 4.7888469696, 5.21837711334, 8.93001937866, 10.6524562836, 5.16098833084, 21.0510501862, 22.4629974365, 9.98077487946, 6.59078168869, 9.510638237, 4.54143047333, 4.08413076401, 4.43786144257, 5.60926675797, 6.11324691772, 4.08256149292, 4.67229652405, 9.3353729248, 7.15805530548, 4.6598944664, 5.87230443954, 6.80464172363, 4.37866401672, 4.55622339249, 5.6434545517, 3.26749181747, 3.22490620613, 2.7645843029, 3.22730660439, 1.43405628204, 0.988072395325, 0.426956951618, 0.200992658734, 0.0994137376547, 0.0125917010009, 0.000972541689407, 5.45205257367e-05], "dmean2": [0.423635661602, 2.19335842133, 7.07081413269, 8.07345867157, 7.99763727188, 14.951543808, 18.5432529449, 8.25427532196, 29.4483852386, 35.2362556458, 14.3461809158, 9.37917613983, 13.8857479095, 6.63759422302, 5.77618646622, 6.33198451996, 8.08928108215, 9.66947841644, 6.43715143204, 7.60187482834, 15.6307020187, 11.3591184616, 7.12135744095, 9.84229660034, 12.038977623, 7.05264759064, 7.51899003983, 9.6652097702, 5.10414171219, 5.1355137825, 4.47160625458, 5.45044374466, 2.20251441002, 1.5057169199, 0.621282458305, 0.292385786772, 0.157812595367, 0.0188428405672, 0.00140774250031, 7.76512824814e-05], "dvar": [0.437184989452, 7.23848438263, 67.6132278442, 67.5522689819, 65.485534668, 431.912628174, 997.26159668, 158.7449646, 5772.76318359, 5594.79882812, 816.376708984, 193.686721802, 3508.44189453, 107.514839172, 38.9948806763, 45.7998695374, 128.639831543, 140.739303589, 58.9094543457, 140.065124512, 492.925720215, 182.580749512, 78.2072982788, 168.408325195, 273.297851562, 221.891265869, 102.676269531, 180.400756836, 47.3153533936, 53.2550201416, 29.1593170166, 81.0428771973, 9.46057987213, 4.77835845947, 0.491542577744, 0.832832634449, 0.259599983692, 0.000976608251221, 2.85115629595e-06, 6.73419542352e-09], "dvar2": [1.23542714119, 17.8314304352, 176.677032471, 187.178497314, 145.739593506, 1181.84533691, 2831.44140625, 417.287384033, 11500.6083984, 14660.8056641, 1388.13024902, 391.648071289, 7462.33642578, 226.309265137, 82.6404953003, 97.6279678345, 253.730224609, 368.38760376, 134.741256714, 345.15057373, 1302.27441406, 417.072601318, 165.195556641, 453.548034668, 780.176147461, 572.207702637, 276.952697754, 506.052093506, 109.450660706, 135.113250732, 77.3994522095, 231.700180054, 24.2203102112, 11.9063796997, 1.06874525547, 1.94783771038, 0.73445469141, 0.00249023805372, 6.32514320387e-06, 1.4566185591e-08], "max": [6.7328543663, 26.6952610016, 91.4329910278, 139.285873413, 163.502960205, 299.437103271, 437.044525146, 298.277740479, 1683.72619629, 1243.82409668, 510.155883789, 263.359344482, 1282.97937012, 165.347503662, 108.430099487, 184.758148193, 274.227508545, 149.307952881, 162.793640137, 244.184341431, 286.665924072, 305.401397705, 153.112548828, 164.368499756, 182.366333008, 460.169799805, 158.848114014, 225.87840271, 112.893081665, 152.84475708, 57.7779960632, 123.462486267, 47.0160179138, 69.9250793457, 8.54277038574, 53.5339851379, 11.6497859955, 0.778091847897, 0.0220424979925, 0.000784860807471], "mean": [0.335455685854, 2.6898086071, 7.26487112045, 8.7600107193, 12.8967256546, 22.4380207062, 23.1234931946, 17.0612449646, 44.1836853027, 41.6723022461, 25.2528438568, 14.9383563995, 13.932258606, 8.05818939209, 11.4880580902, 12.7229537964, 10.753194809, 10.1871862411, 8.99650287628, 7.75721311569, 15.6178178787, 18.7094898224, 11.5290412903, 9.86609554291, 9.32320022583, 7.72611570358, 6.90481710434, 7.27831697464, 5.57787227631, 4.63882064819, 4.73005199432, 3.86530947685, 2.06932401657, 1.38132083416, 0.642059087753, 0.2873044312, 0.111376829445, 0.0160320531577, 0.00125492992811, 9.87105013337e-05], "median": [0.0118054710329, 0.36311095953, 2.64602088928, 4.62678909302, 8.50144958496, 13.27085495, 13.0584030151, 7.79261684418, 9.92932701111, 8.92716789246, 7.87466144562, 6.59769821167, 4.63109016418, 3.97530770302, 7.19689369202, 8.23768997192, 4.26329994202, 6.50196695328, 4.53758239746, 4.16020488739, 5.74422168732, 7.96023273468, 6.06318473816, 4.48848867416, 4.27130365372, 2.67814087868, 2.62293243408, 2.63113069534, 2.29637765884, 1.54931592941, 2.39422655106, 1.48585581779, 0.817729234695, 0.55082988739, 0.261549592018, 0.114608213305, 0.0353480353951, 0.00585254561156, 0.000432053930126, 6.4815802034e-05], "min": [8.09493452884e-16, 1.21564463936e-15, 6.5085033344e-15, 8.29795826778e-14, 3.44322525136e-13, 6.24907840318e-13, 4.40300058782e-13, 4.94617801577e-13, 2.28538975938e-12, 2.71252638406e-12, 8.894858591e-13, 2.97435578771e-12, 1.59414614755e-12, 8.74263281127e-13, 1.35599636988e-12, 3.50863066899e-12, 6.09943562671e-12, 3.3773450616e-12, 3.4716582907e-12, 6.79818788069e-12, 3.57456902619e-12, 3.05645070885e-12, 3.68480679996e-12, 4.73022142289e-12, 5.34933555785e-12, 1.77620210207e-11, 1.08671691437e-11, 6.32139089338e-12, 9.31291068568e-12, 1.50460373327e-11, 1.56031645937e-11, 1.23203834287e-11, 1.04364208248e-11, 6.8863087975e-12, 4.90340537271e-12, 3.84180057558e-12, 3.19922777506e-12, 1.1313816637e-12, 1.6157572242e-13, 1.47358287953e-14], "var": [0.564001202583, 17.372253418, 133.737564087, 133.02482605, 200.130905151, 764.494873047, 1075.72619629, 814.823852539, 16611.4492188, 8015.79980469, 3598.57861328, 516.540710449, 4384.91503906, 180.148300171, 148.228561401, 185.01335144, 334.35836792, 162.689743042, 179.609603882, 169.355834961, 859.120483398, 961.997192383, 299.276306152, 236.232650757, 250.517425537, 477.610107422, 143.366607666, 181.226165771, 100.787498474, 74.9099502563, 41.4015846252, 58.6847763062, 11.9080858231, 6.08328866959, 0.820857107639, 0.798770070076, 0.16328112781, 0.000919452460948, 3.89520710087e-06, 1.05007904594e-08]}, "gfcc": {"mean": [6.48961114883, 83.2126541138, -83.2004928589, 31.6604347229, -57.5906486511, 8.03364849091, -46.5557632446, 3.66663265228, -27.853761673, -1.49647855759, -18.4739608765, -0.0774817764759, -18.1831703186], "cov": [[5360.07666016, -1238.69067383, -565.575622559, 474.944335938, -207.976455688, 253.083724976, 122.117973328, 222.561447144, 93.9753189087, 218.139556885, 82.9384231567, 252.760726929, 131.732620239], [-1238.69067383, 1075.67272949, 118.879692078, -107.460617065, 280.484283447, 5.5380396843, 122.782440186, 34.0076370239, 98.2931365967, 2.17488765717, 107.12361145, -15.8496713638, 23.2534732819], [-565.575622559, 118.879692078, 627.074401855, 62.3259849548, 147.03163147, 110.704399109, 45.2476501465, 71.0331726074, 21.7231636047, 22.0766544342, 3.93020868301, 35.9630508423, 6.52057123184], [474.944335938, -107.460617065, 62.3259849548, 500.760925293, 155.848342896, 105.070045471, 79.2141494751, 107.965293884, 63.1497116089, 5.61233234406, 72.8652954102, 92.2577209473, 93.2687759399], [-207.976455688, 280.484283447, 147.03163147, 155.848342896, 325.951538086, 133.362335205, 95.80519104, 86.6126861572, 56.6673965454, 16.3600006104, 53.5700302124, 63.6459236145, 54.5607299805], [253.083724976, 5.5380396843, 110.704399109, 105.070045471, 133.362335205, 199.433990479, 114.905250549, 79.1413192749, 41.379322052, 41.7112846375, 28.5002307892, 49.38098526, 43.4886245728], [122.117973328, 122.782440186, 45.2476501465, 79.2141494751, 95.80519104, 114.905250549, 179.082702637, 100.781303406, 56.3830680847, 52.5562210083, 55.734413147, 26.8103561401, 22.0792179108], [222.561447144, 34.0076370239, 71.0331726074, 107.965293884, 86.6126861572, 79.1413192749, 100.781303406, 158.107818604, 85.0067214966, 46.6655921936, 52.1610183716, 52.3135032654, 17.1594524384], [93.9753189087, 98.2931365967, 21.7231636047, 63.1497116089, 56.6673965454, 41.379322052, 56.3830680847, 85.0067214966, 134.756576538, 76.2810668945, 38.3867912292, 25.4785518646, 19.817117691], [218.139556885, 2.17488765717, 22.0766544342, 5.61233234406, 16.3600006104, 41.7112846375, 52.5562210083, 46.6655921936, 76.2810668945, 149.691482544, 66.4139022827, 15.5441513062, -8.82554244995], [82.9384231567, 107.12361145, 3.93020868301, 72.8652954102, 53.5700302124, 28.5002307892, 55.734413147, 52.1610183716, 38.3867912292, 66.4139022827, 128.697525024, 54.9903182983, 4.85306882858], [252.760726929, -15.8496713638, 35.9630508423, 92.2577209473, 63.6459236145, 49.38098526, 26.8103561401, 52.3135032654, 25.4785518646, 15.5441513062, 54.9903182983, 105.328727722, 49.6893577576], [131.732620239, 23.2534732819, 6.52057123184, 93.2687759399, 54.5607299805, 43.4886245728, 22.0792179108, 17.1594524384, 19.817117691, -8.82554244995, 4.85306882858, 49.6893577576, 96.6259841919]], "icov": [[0.000441157462774, 0.000261884153588, 0.00049307156587, -0.000251572433626, 0.000389147258829, -0.00054672441911, 4.48820937891e-05, -0.000479899026686, 0.000281744229142, -0.000706302875187, 0.000417423783801, -0.000880111707374, -4.42767559434e-05], [0.000261884153588, 0.00328610860743, -0.000333496107487, 0.00198788125999, -0.00298907049, 0.00196043401957, -0.00238390616141, 0.00172090285923, -0.00349173601717, 0.00295557104982, -0.00437577161938, 0.00256835506298, -0.00211448105983], [0.00049307156587, -0.000333496107487, 0.0026361066848, -0.000690157350618, 0.000327080808347, -0.00184522219934, 0.0010980842635, -0.00171773484908, 0.00155662745237, -0.00189939513803, 0.00206707906909, -0.00193181796931, 0.000993123743683], [-0.000251572433626, 0.00198788125999, -0.000690157350618, 0.00470363534987, -0.00286896247417, 0.0012750334572, -0.00113920588046, 0.000278505467577, -0.00294751953334, 0.00372223951854, -0.00491293193772, 0.00272441864945, -0.00358184846118], [0.000389147258829, -0.00298907049, 0.000327080808347, -0.00286896247417, 0.00888985022902, -0.00510492548347, 0.00206756056286, -0.00237071001902, 0.00257195835002, -0.00235103955492, 0.00345524144359, -0.00400496087968, 0.00130618701223], [-0.00054672441911, 0.00196043401957, -0.00184522219934, 0.0012750334572, -0.00510492548347, 0.0137557098642, -0.00758100207895, 0.00184187747072, -0.00122443877626, 0.000317231810186, -0.000180707371328, 0.000354806456016, -0.00262925494462], [4.48820937891e-05, -0.00238390616141, 0.0010980842635, -0.00113920588046, 0.00206756056286, -0.00758100207895, 0.0153499925509, -0.00812137499452, 0.00371850049123, -0.00304633262567, -0.000702996912878, 0.00286386930384, -0.000760991126299], [-0.000479899026686, 0.00172090285923, -0.00171773484908, 0.000278505467577, -0.00237071001902, 0.00184187747072, -0.00812137499452, 0.01861233823, -0.0105654811487, 0.00488235568628, -0.00279169273563, -0.00324610178359, 0.00356965023093], [0.000281744229142, -0.00349173601717, 0.00155662745237, -0.00294751953334, 0.00257195835002, -0.00122443877626, 0.00371850049123, -0.0105654811487, 0.0206387490034, -0.0120128858835, 0.00728462031111, -0.00228812242858, -0.00119759817608], [-0.000706302875187, 0.00295557104982, -0.00189939513803, 0.00372223951854, -0.00235103955492, 0.000317231810186, -0.00304633262567, 0.00488235568628, -0.0120128858835, 0.0184400342405, -0.0122769847512, 0.00598654150963, -0.000513210601639], [0.000417423783801, -0.00437577161938, 0.00206707906909, -0.00491293193772, 0.00345524144359, -0.000180707371328, -0.000702996912878, -0.00279169273563, 0.00728462031111, -0.0122769847512, 0.0239824000746, -0.0145189696923, 0.00751982768998], [-0.000880111707374, 0.00256835506298, -0.00193181796931, 0.00272441864945, -0.00400496087968, 0.000354806456016, 0.00286386930384, -0.00324610178359, -0.00228812242858, 0.00598654150963, -0.0145189696923, 0.0261148940772, -0.0115779386833], [-4.42767559434e-05, -0.00211448105983, 0.000993123743683, -0.00358184846118, 0.00130618701223, -0.00262925494462, -0.000760991126299, 0.00356965023093, -0.00119759817608, -0.000513210601639, 0.00751982768998, -0.0115779386833, 0.0200695004314]]}, "melbands": {"dmean": [0.00200769444928, 0.0019507475663, 0.000810137658846, 0.000454242544947, 0.000400358112529, 0.000113166439405, 0.000347891647834, 0.000207950070035, 7.51604529796e-05, 3.91785470129e-05, 4.73489344586e-05, 1.82840631169e-05, 1.30678299683e-05, 1.77085203177e-05, 1.12869302029e-05, 1.2120932297e-05, 1.16145874927e-05, 7.20309935787e-06, 5.7898491832e-06, 8.01417354523e-06, 1.24456319099e-05, 8.3958148025e-06, 6.30965996606e-06, 4.77699586554e-06, 4.93887500852e-06, 6.45254658593e-06, 4.05737864639e-06, 2.6384211651e-06, 2.82006521957e-06, 3.62779746865e-06, 3.30524812853e-06, 2.10538973988e-06, 1.54461542934e-06, 1.93863638742e-06, 1.4574720808e-06, 2.09706558962e-06, 1.9434899059e-06, 1.06526044874e-06, 8.32522687233e-07, 8.45194165322e-07], "dmean2": [0.00319492886774, 0.00326067884453, 0.0013397509465, 0.000728044309653, 0.000696429400705, 0.000185345823411, 0.000499011366628, 0.000328979338519, 0.000107597908936, 5.59793952561e-05, 6.93085385137e-05, 2.66902770818e-05, 1.94964304683e-05, 2.43512531597e-05, 1.66964255186e-05, 1.78464415512e-05, 1.86492598004e-05, 1.14730246423e-05, 9.23241987039e-06, 1.36694889079e-05, 2.07108132599e-05, 1.33488183565e-05, 9.93784851744e-06, 7.29733392291e-06, 8.35784885567e-06, 1.16348310257e-05, 6.86634302838e-06, 4.24357131124e-06, 4.53456050309e-06, 6.40146799924e-06, 5.61349907002e-06, 3.30350644617e-06, 2.50228890764e-06, 3.12363704325e-06, 2.34550520872e-06, 3.58434340342e-06, 3.29990416503e-06, 1.67752978086e-06, 1.26013810586e-06, 1.31230081024e-06], "dvar": [2.15926684177e-05, 1.33319399538e-05, 1.73983028162e-06, 6.16631041339e-07, 1.40252757319e-06, 8.34252773529e-08, 1.49234278979e-06, 4.74288555097e-07, 4.1449368382e-08, 6.45541131661e-09, 8.71520668966e-08, 1.64595459484e-09, 5.5875820637e-10, 7.71034680547e-10, 5.167836159e-10, 4.24682872202e-10, 5.45632095061e-10, 1.91613655498e-10, 1.33486388609e-10, 4.99628782791e-10, 8.54566084563e-10, 3.48762491109e-10, 2.21498902553e-10, 1.80415599127e-10, 1.23596605173e-10, 3.30182214903e-10, 9.42980485363e-11, 9.46118253187e-11, 3.65726095242e-11, 1.03233387116e-10, 6.17026915672e-11, 2.46914606816e-11, 1.0749542749e-11, 2.10210755053e-11, 9.81499083397e-12, 3.41896094769e-11, 2.60204063157e-11, 7.08074831407e-12, 4.29910924568e-12, 3.65007156444e-12], "dvar2": [5.75092381041e-05, 3.42982129951e-05, 4.70222676086e-06, 1.49315792441e-06, 3.98238489652e-06, 2.23787708364e-07, 3.16711521009e-06, 1.24038103877e-06, 7.06567035991e-08, 1.36482407598e-08, 1.85561376043e-07, 3.48895934366e-09, 1.25412347174e-09, 1.37973676928e-09, 1.11754439036e-09, 9.25870435875e-10, 1.45710510324e-09, 4.52132747908e-10, 3.27632532215e-10, 1.3669672061e-09, 2.17403228753e-09, 7.92547583117e-10, 4.81464701441e-10, 3.48523987448e-10, 3.41086187072e-10, 9.55521661794e-10, 2.53012694129e-10, 2.49789661178e-10, 8.98336613431e-11, 2.95583640897e-10, 1.69644187586e-10, 5.57555633607e-11, 2.79037522255e-11, 5.33324044649e-11, 2.62140274765e-11, 9.74881494975e-11, 7.38785352339e-11, 1.88226812609e-11, 9.25936584351e-12, 9.5670615527e-12], "max": [0.0504413545132, 0.0391701422632, 0.0220987927169, 0.0226376391947, 0.0143524371088, 0.00677629327402, 0.0263098534197, 0.0111345751211, 0.00352901895531, 0.00145115342457, 0.00639705499634, 0.000691243913025, 0.00046913762344, 0.000486660544993, 0.000473551102914, 0.000359961704817, 0.000324603694025, 0.000279290339677, 0.000196457622224, 0.000246755982516, 0.000498806475662, 0.000496122927871, 0.000407532585086, 0.000247171294177, 0.000141756070661, 0.000256339320913, 0.000197738409042, 0.000290986063192, 0.000117539377243, 0.000127335893922, 0.000145307945786, 0.000105915954919, 6.30848371657e-05, 0.000101027908386, 4.2718151235e-05, 6.87994324835e-05, 7.52604319132e-05, 4.75114429719e-05, 0.000113562855404, 3.33268872055e-05], "mean": [0.00317416200414, 0.00381773454137, 0.00167013984174, 0.00126134417951, 0.000873921671882, 0.000369990913896, 0.000706721912138, 0.000384661339922, 0.000185832439456, 8.52660523378e-05, 6.77957941662e-05, 3.11117109959e-05, 3.39008656738e-05, 4.98871086165e-05, 2.19018766074e-05, 2.19621397264e-05, 1.84007494681e-05, 1.46235261127e-05, 1.0519764146e-05, 1.09982993308e-05, 2.19176527025e-05, 2.17244050873e-05, 1.47745213326e-05, 9.77993204287e-06, 7.64105152484e-06, 7.67834080762e-06, 6.10045253779e-06, 4.66362007501e-06, 4.38210918219e-06, 4.14137002736e-06, 4.28894009019e-06, 3.51936478182e-06, 2.33126320381e-06, 2.58152044808e-06, 2.44406169259e-06, 2.97959650197e-06, 2.18167542698e-06, 1.46409536228e-06, 1.26171005377e-06, 1.12426812393e-06], "median": [0.000190649821889, 0.00119128811639, 0.00105466903187, 0.000857390812598, 0.000532125704922, 0.00017709255917, 0.000173544351128, 8.40239881654e-05, 5.83885121159e-05, 4.09138810937e-05, 2.20375914068e-05, 1.5086185158e-05, 1.74832694029e-05, 2.7989201044e-05, 9.66252446233e-06, 1.14553904496e-05, 1.13439236884e-05, 6.91618561177e-06, 5.74494242755e-06, 5.45331795365e-06, 6.04905108048e-06, 7.41517942515e-06, 6.17875775788e-06, 4.20580272475e-06, 3.2885022847e-06, 3.125589501e-06, 2.70414193437e-06, 1.43988404488e-06, 1.679458137e-06, 1.24855387185e-06, 1.53277323989e-06, 1.36642290727e-06, 9.2407651664e-07, 7.39385598081e-07, 1.16593491839e-06, 1.4250406366e-06, 6.9783482104e-07, 5.3559637081e-07, 4.93060383633e-07, 4.57402023812e-07], "min": [6.51751445139e-18, 2.43636330055e-18, 2.09486252912e-17, 3.68831596418e-17, 1.85227560175e-17, 1.16329304675e-17, 3.71059557768e-17, 2.59337781453e-17, 7.32086523127e-18, 1.98524372717e-17, 7.30364167655e-18, 3.13037300436e-18, 3.39871184264e-18, 8.24453894382e-18, 1.18762183478e-17, 1.23291460553e-17, 5.24950943808e-18, 4.9688061108e-18, 6.2766572414e-18, 9.56586153788e-18, 3.19482898565e-18, 2.54565474578e-18, 4.62658287982e-18, 3.17019306546e-18, 3.97952125924e-18, 2.10493684452e-18, 5.7260382628e-18, 1.40175383179e-17, 9.15269722962e-18, 2.46792768555e-18, 4.12554345277e-18, 3.99842068188e-18, 9.59725717803e-18, 7.93193663699e-18, 1.01975313952e-17, 7.98516653658e-18, 6.97814362397e-18, 7.50888503886e-18, 6.64860768923e-18, 5.76344254292e-18], "var": [3.68317341781e-05, 2.82257333311e-05, 3.44243221662e-06, 1.93002506421e-06, 1.31859678731e-06, 3.93297767687e-07, 3.85161411032e-06, 6.86418900386e-07, 1.84689952221e-07, 1.6510265155e-08, 1.08688141154e-07, 2.80068657155e-09, 2.0007155932e-09, 3.75326614233e-09, 1.17716847381e-09, 8.60520765755e-10, 5.89801707473e-10, 5.27132171246e-10, 2.13331977084e-10, 4.24510177011e-10, 2.33048491616e-09, 2.0278503321e-09, 1.180385234e-09, 5.11816311555e-10, 1.53029630634e-10, 2.36536179532e-10, 1.5054253677e-10, 2.05776951034e-10, 5.9631494187e-11, 8.2472410845e-11, 6.69341387871e-11, 5.07217150225e-11, 1.66124683454e-11, 2.67228374845e-11, 1.31400732309e-11, 2.63457016619e-11, 1.97702982457e-11, 7.41311005636e-12, 7.93366500967e-12, 3.72545570781e-12]}, "mfcc": {"mean": [-650.197998047, 119.55368042, 26.9882831573, 26.0665340424, 10.6298961639, 2.46550488472, -4.80435800552, -0.218375876546, -7.36915206909, -4.49724960327, -2.98654222488, 1.45822775364, -5.0428147316], "cov": [[6211.60693359, -1565.1854248, -537.922424316, -20.1870326996, -192.184371948, 115.422302246, 72.6702651978, 149.064910889, 152.973434448, 34.8255004883, -4.5241560936, 155.461639404, 261.300720215], [-1565.1854248, 1147.59814453, 22.1752319336, -52.4331970215, 114.796806335, 24.6202640533, 56.7765007019, 20.1232223511, 11.6187267303, 14.1507911682, 101.904983521, 38.7474136353, -6.15839719772], [-537.922424316, 22.1752319336, 420.40020752, 88.2602462769, 87.0646133423, 37.9454612732, 48.8887710571, 50.9278526306, 30.6798419952, 46.265789032, 27.1194858551, -13.5109434128, 10.9833097458], [-20.1870326996, -52.4331970215, 88.2602462769, 304.117858887, 131.083724976, 62.0410499573, 69.014755249, 91.4682769775, 44.0910758972, 31.054397583, 36.7198219299, 30.13630867, 42.7174224854], [-192.184371948, 114.796806335, 87.0646133423, 131.083724976, 224.876754761, 96.9843063354, 65.9764022827, 88.9253845215, 59.4773483276, 7.23138189316, 27.7560882568, 13.2836875916, 40.052822113], [115.422302246, 24.6202640533, 37.9454612732, 62.0410499573, 96.9843063354, 143.306350708, 84.8125686646, 56.9347686768, 55.3952331543, 33.1616821289, 20.778875351, 16.5817737579, 48.787979126], [72.6702651978, 56.7765007019, 48.8887710571, 69.014755249, 65.9764022827, 84.8125686646, 157.274917603, 100.496231079, 37.1749992371, 33.1276435852, 35.5483512878, 31.1172962189, 32.0949363708], [149.064910889, 20.1232223511, 50.9278526306, 91.4682769775, 88.9253845215, 56.9347686768, 100.496231079, 172.859771729, 74.7155227661, 21.291425705, 27.9344139099, 27.1312541962, 33.0288848877], [152.973434448, 11.6187267303, 30.6798419952, 44.0910758972, 59.4773483276, 55.3952331543, 37.1749992371, 74.7155227661, 139.957382202, 46.7967681885, 28.4384498596, 21.6330089569, 31.9710407257], [34.8255004883, 14.1507911682, 46.265789032, 31.054397583, 7.23138189316, 33.1616821289, 33.1276435852, 21.291425705, 46.7967681885, 108.99710083, 61.334197998, 27.3780441284, 20.6817531586], [-4.5241560936, 101.904983521, 27.1194858551, 36.7198219299, 27.7560882568, 20.778875351, 35.5483512878, 27.9344139099, 28.4384498596, 61.334197998, 151.862197876, 90.7938766479, 39.746963501], [155.461639404, 38.7474136353, -13.5109434128, 30.13630867, 13.2836875916, 16.5817737579, 31.1172962189, 27.1312541962, 21.6330089569, 27.3780441284, 90.7938766479, 127.46824646, 60.0535507202], [261.300720215, -6.15839719772, 10.9833097458, 42.7174224854, 40.052822113, 48.787979126, 32.0949363708, 33.0288848877, 31.9710407257, 20.6817531586, 39.746963501, 60.0535507202, 132.2996521]], "icov": [[0.000403848302085, 0.000564888527151, 0.000515746185556, 0.000219081106479, 0.000220881323912, -0.000249540840741, -0.000136046990519, -0.000371755711967, -0.000259538355749, 3.29344475176e-05, -0.000163304372109, -0.000115466980787, -0.000574875506572], [0.000564888527151, 0.00187790894415, 0.000781318580266, 0.000911813520361, -0.00071824749466, 0.000109595464892, -0.000792013597675, -0.000204325348022, -0.000347807479557, 0.000163334087119, -0.00110744580161, -1.3880692677e-05, -0.000569847063161], [0.000515746185556, 0.000781318580266, 0.00350682274438, -2.31204630836e-05, -0.000740928924643, 0.000236810999922, -0.000667395477649, -0.000546496477909, -0.00014811627625, -0.00111427053344, -0.000643689476419, 0.000967439089436, -0.000866382208187], [0.000219081106479, 0.000911813520361, -2.31204630836e-05, 0.00531232729554, -0.00282268202864, 0.0005330213462, -0.000643112056423, -0.00128965592012, 0.000482828967506, -0.00104065693449, -0.000237291882513, -0.000553639081772, -0.000599035178311], [0.000220881323912, -0.00071824749466, -0.000740928924643, -0.00282268202864, 0.0102867120877, -0.00566482311115, 0.00185360922478, -0.00261729839258, -0.00118931569159, 0.00322227133438, -0.00128117040731, 0.00101772265043, -0.000611638301052], [-0.000249540840741, 0.000109595464892, 0.000236810999922, 0.0005330213462, -0.00566482311115, 0.0160097740591, -0.00751286977902, 0.00349595141597, -0.00276337563992, -0.00232654390857, 0.00116525846533, 0.00123026687652, -0.00280996365473], [-0.000136046990519, -0.000792013597675, -0.000667395477649, -0.000643112056423, 0.00185360922478, -0.00751286977902, 0.0149848405272, -0.00768497679383, 0.00337403779849, -0.00156258163042, 1.50275454871e-05, -0.00151627906598, 0.00110026134644], [-0.000371755711967, -0.000204325348022, -0.000546496477909, -0.00128965592012, -0.00261729839258, 0.00349595141597, -0.00768497679383, 0.0136245759204, -0.00515523506328, 0.0016593367327, 0.00014162165462, -9.06290879357e-05, 0.000137587048812], [-0.000259538355749, -0.000347807479557, -0.00014811627625, 0.000482828967506, -0.00118931569159, -0.00276337563992, 0.00337403779849, -0.00515523506328, 0.0122681036592, -0.00462553603575, 0.000841928296722, -0.000636348617263, -5.25040877619e-06], [3.29344475176e-05, 0.000163334087119, -0.00111427053344, -0.00104065693449, 0.00322227133438, -0.00232654390857, -0.00156258163042, 0.0016593367327, -0.00462553603575, 0.0157627891749, -0.00668149488047, 0.00226106331684, -0.000147020778968], [-0.000163304372109, -0.00110744580161, -0.000643689476419, -0.000237291882513, -0.00128117040731, 0.00116525846533, 1.50275454871e-05, 0.00014162165462, 0.000841928296722, -0.00668149488047, 0.0157541818917, -0.00988966599107, 0.00091729714768], [-0.000115466980787, -1.3880692677e-05, 0.000967439089436, -0.000553639081772, 0.00101772265043, 0.00123026687652, -0.00151627906598, -9.06290879357e-05, -0.000636348617263, 0.00226106331684, -0.00988966599107, 0.0174639895558, -0.00520125823095], [-0.000574875506572, -0.000569847063161, -0.000866382208187, -0.000599035178311, -0.000611638301052, -0.00280996365473, 0.00110026134644, 0.000137587048812, -5.25040877619e-06, -0.000147020778968, 0.00091729714768, -0.00520125823095, 0.0119625926018]]}, "spectral_contrast_coeffs": {"dmean": [0.0498687624931, 0.0410717092454, 0.0352137163281, 0.0298408139497, 0.0247186236084, 0.0186793673784], "dmean2": [0.0818203687668, 0.0667526945472, 0.0535350553691, 0.0472715422511, 0.0377302877605, 0.029906956479], "dvar": [0.0021873714868, 0.00196801195852, 0.0011225847993, 0.000782014045399, 0.000556316110305, 0.000400101445848], "dvar2": [0.0053022406064, 0.00474553881213, 0.00223549897783, 0.00168311665766, 0.001193752978, 0.000952957838308], "max": [-0.290690243244, -0.319889217615, -0.378487229347, -0.491950362921, -0.549151241779, -0.64578127861], "mean": [-0.561177074909, -0.667662620544, -0.726658344269, -0.771531939507, -0.772079765797, -0.784247219563], "median": [-0.561783432961, -0.67660421133, -0.726998329163, -0.779059290886, -0.777344465256, -0.782757878304], "min": [-0.915471255779, -0.957903206348, -0.974724411964, -0.969238519669, -0.957268714905, -0.958121657372], "var": [0.0121678793803, 0.00707610836253, 0.00422510132194, 0.00314989616163, 0.00238193338737, 0.00136114552151]}, "spectral_contrast_valleys": {"dmean": [0.461994051933, 0.381153762341, 0.370448112488, 0.368281185627, 0.394341021776, 0.439089089632], "dmean2": [0.732119381428, 0.612841248512, 0.552623808384, 0.540444612503, 0.540776789188, 0.538009524345], "dvar": [0.231147512794, 0.224547207355, 0.204221650958, 0.230729594827, 0.27515271306, 0.27358058095], "dvar2": [0.450400650501, 0.462168961763, 0.347340673208, 0.390675842762, 0.52166134119, 0.500367581844], "max": [-5.030128479, -4.72042703629, -5.85718011856, -6.01285648346, -5.99324131012, -7.85185956955], "mean": [-7.33328962326, -7.02515649796, -8.00356960297, -8.27610874176, -8.03800582886, 