{"lowlevel": {"average_loudness": 0.841745316982, "barkbands_crest": {"dmean": 1.65802025795, "dmean2": 2.58657717705, "dvar": 3.2386879921, "dvar2": 7.79276180267, "max": 26.3084449768, "mean": 11.5475130081, "median": 10.674164772, "min": 3.16161394119, "var": 18.2746391296}, "barkbands_flatness_db": {"dmean": 0.0157601963729, "dmean2": 0.0236604548991, "dvar": 0.000351139926352, "dvar2": 0.000651692622341, "max": 0.438533127308, "mean": 0.237373322248, "median": 0.237258762121, "min": 0.0269363597035, "var": 0.00369160971604}, "barkbands_kurtosis": {"dmean": 2.50580811501, "dmean2": 3.82708621025, "dvar": 26.4515609741, "dvar2": 57.8589439392, "max": 112.098083496, "mean": 7.59900617599, "median": 3.65008878708, "min": -1.831376791, "var": 113.949081421}, "barkbands_skewness": {"dmean": 0.350449949503, "dmean2": 0.519372344017, "dvar": 0.253499418497, "dvar2": 0.501932740211, "max": 9.01061248779, "mean": 1.79306972027, "median": 1.57128751278, "min": -6.38862657547, "var": 1.81846225262}, "barkbands_spread": {"dmean": 1.90151548386, "dmean2": 2.98575854301, "dvar": 31.8325748444, "dvar2": 69.3003921509, "max": 103.957717896, "mean": 9.05480289459, "median": 7.62075376511, "min": 0.715546548367, "var": 85.5821304321}, "dissonance": {"dmean": 0.0251922048628, "dmean2": 0.0421150662005, "dvar": 0.000612256175373, "dvar2": 0.00159023550805, "max": 0.499999940395, "mean": 0.422551214695, "median": 0.431612938643, "min": 0.107745721936, "var": 0.00233341776766}, "dynamic_complexity": 3.98593592644, "erbbands_crest": {"dmean": 1.81629228592, "dmean2": 2.78504371643, "dvar": 3.5734565258, "dvar2": 8.40036582947, "max": 34.1350898743, "mean": 10.9440317154, "median": 9.86760520935, "min": 2.51217389107, "var": 21.9190692902}, "erbbands_flatness_db": {"dmean": 0.0120404567569, "dmean2": 0.0172163769603, "dvar": 0.000225502531976, "dvar2": 0.000419351708842, "max": 0.50202524662, "mean": 0.242259159684, "median": 0.240037858486, "min": 0.0325083769858, "var": 0.00354840280488}, "erbbands_kurtosis": {"dmean": 0.825188994408, "dmean2": 1.2665784359, "dvar": 4.35897016525, "dvar2": 8.46758556366, "max": 106.298912048, "mean": 1.28575742245, "median": 0.180659770966, "min": -1.73164272308, "var": 12.3931341171}, "erbbands_skewness": {"dmean": 0.234017714858, "dmean2": 0.359551161528, "dvar": 0.0792634263635, "dvar2": 0.160281419754, "max": 3.61753773689, "mean": 0.634356975555, "median": 0.525286376476, "min": -5.09370803833, "var": 0.573699593544}, "erbbands_spread": {"dmean": 3.29746174812, "dmean2": 4.89462661743, "dvar": 37.3831710815, "dvar2": 82.7060394287, "max": 117.95476532, "mean": 22.1706066132, "median": 19.7495651245, "min": 0.693914592266, "var": 144.895858765}, "hfc": {"dmean": 2.49361753464, "dmean2": 3.26152634621, "dvar": 51.5912246704, "dvar2": 72.5487823486, "max": 346.986785889, "mean": 12.5439815521, "median": 9.03734874725, "min": 1.10842996175e-16, "var": 207.842819214}, "melbands_crest": {"dmean": 2.07571744919, "dmean2": 3.21288204193, "dvar": 5.59723377228, "dvar2": 13.1670265198, "max": 38.8359947205, "mean": 15.2398891449, "median": 14.1284589767, "min": 1.68037235737, "var": 35.4899749756}, "melbands_flatness_db": {"dmean": 0.0166501328349, "dmean2": 0.0240096710622, "dvar": 0.000506969692651, "dvar2": 0.000875660276506, "max": 0.532073259354, "mean": 0.318911969662, "median": 0.32123708725, "min": 0.00286819296889, "var": 0.00644529145211}, "melbands_kurtosis": {"dmean": 3.58552241325, "dmean2": 5.48728561401, "dvar": 64.1975326538, "dvar2": 150.890213013, "max": 186.355865479, "mean": 11.2683448792, "median": 5.90681266785, "min": -1.82313036919, "var": 218.525222778}, "melbands_skewness": {"dmean": 0.396777123213, "dmean2": 0.591437518597, "dvar": 0.322249770164, "dvar2": 0.700046658516, "max": 12.2772798538, "mean": 2.2401766777, "median": 1.94855868816, "min": -4.69451761246, "var": 2.21543502808}, "melbands_spread": {"dmean": 2.45354127884, "dmean2": 3.69143915176, "dvar": 73.3449478149, "dvar2": 135.255767822, "max": 235.966445923, "mean": 12.5616750717, "median": 9.48382472992, "min": 0.791636049747, "var": 354.190887451}, "pitch_salience": {"dmean": 0.0479295141995, "dmean2": 0.0760582834482, "dvar": 0.00284836650826, "dvar2": 0.00680650910363, "max": 0.955053448677, "mean": 0.54974257946, "median": 0.56204855442, "min": 0.0415766537189, "var": 0.01502857171}, "silence_rate_20dB": {"dmean": 0, "dmean2": 0, "dvar": 0, "dvar2": 0, "max": 1, "mean": 1, "median": 1, "min": 1, "var": 0}, "silence_rate_30dB": {"dmean": 0, "dmean2": 0, "dvar": 0, "dvar2": 0, "max": 1, "mean": 1, "median": 1, "min": 1, "var": 0}, "silence_rate_60dB": {"dmean": 0.0147710489109, "dmean2": 0.0295464619994, "dvar": 0.0145538374782, "dvar2": 0.0316254757345, "max": 1, "mean": 0.0958499461412, "median": 0, "min": 0, "var": 0.0866611897945}, "spectral_centroid": {"dmean": 74.1968002319, "dmean2": 107.397964478, "dvar": 44462.0351562, "dvar2": 65366.125, "max": 11038.2978516, "mean": 639.248291016, "median": 539.909423828, "min": 164.031890869, "var": 306965.21875}, "spectral_complexity": {"dmean": 1.71344161034, "dmean2": 2.73127484322, "dvar": 4.03837490082, "dvar2": 7.83332443237, "max": 34, "mean": 12.5731801987, "median": 13, "min": 0, "var": 30.2057418823}, "spectral_decrease": {"dmean": 1.16572773656e-09, "dmean2": 1.69410041551e-09, "dvar": 2.44545484267e-18, "dvar2": 4.95903214468e-18, "max": 1.47789826804e-18, "mean": -6.89199763926e-09, "median": -6.94575730265e-09, "min": -2.63785171484e-08, "var": 2.38377818824e-17}, "spectral_energy": {"dmean": 0.00457068812102, "dmean2": 0.00662356615067, "dvar": 3.73312395823e-05, "dvar2": 7.55140208639e-05, "max": 0.102571800351, "mean": 0.0271497238427, "median": 0.0271898806095, "min": 1.01171483291e-20, "var": 0.000367419299437}, "spectral_energyband_high": {"dmean": 7.86226664786e-05, "dmean2": 9.66997031355e-05, "dvar": 4.85467296585e-07, "dvar2": 6.11163045505e-07, "max": 0.036457490176, "mean": 0.000140495962114, "median": 1.50567711898e-05, "min": 7.28912121237e-21, "var": 1.27663565763e-06}, "spectral_energyband_low": {"dmean": 0.00156980834436, "dmean2": 0.00244988454506, "dvar": 9.26663142309e-06, "dvar2": 2.22940761887e-05, "max": 0.0747420564294, "mean": 0.00475614937022, "median": 0.00234502484091, "min": 1.8305981787e-22, "var": 4.64268196083e-05}, "spectral_energyband_middle_high": {"dmean": 0.00085031701019, "dmean2": 0.00108843308408, "dvar": 3.8470166146e-06, "dvar2": 6.23726873528e-06, "max": 0.0691279992461, "mean": 0.00372499111108, "median": 0.00166889082175, "min": 1.45235113814e-21, "var": 3.74894516426e-05}, "spectral_energyband_middle_low": {"dmean": 0.00362210324965, "dmean2": 0.00526880007237, "dvar": 2.6144192816e-05, "dvar2": 5.26184230694e-05, "max": 0.097315043211, "mean": 0.0200378932059, "median": 0.0168357547373, "min": 2.9864049915e-22, "var": 0.000276925245998}, "spectral_entropy": {"dmean": 0.133787065744, "dmean2": 0.194160282612, "dvar": 0.0329909957945, "dvar2": 0.0570927485824, "max": 9.78707885742, "mean": 6.59117603302, "median": 6.57120513916, "min": 4.67372989655, "var": 0.313841313124}, "spectral_flux": {"dmean": 0.0153957493603, "dmean2": 0.0239757057279, "dvar": 0.000363144587027, "dvar2": 0.000842923123855, "max": 0.237761348486, "mean": 0.0465431362391, "median": 0.0389797948301, "min": 1.00584034157e-10, "var": 0.00111518451013}, "spectral_kurtosis": {"dmean": 7.22754383087, "dmean2": 12.2917509079, "dvar": 74.5682144165, "dvar2": 212.668289185, "max": 110.394599915, "mean": 18.9025478363, "median": 15.2503128052, "min": -1.33796787262, "var": 189.925048828}, "spectral_rms": {"dmean": 0.00043565777014, "dmean2": 0.000624218140729, "dvar": 3.08229431312e-07, "dvar2": 5.78572326049e-07, "max": 0.0100035015494, "mean": 0.00469896988943, "median": 0.0051504089497, "min": 3.14171735502e-12, "var": 4.40727535533e-06}, "spectral_rolloff": {"dmean": 160.156585693, "dmean2": 264.144744873, "dvar": 591479.0625, "dvar2": 1081825.75, "max": 19293.75, "mean": 1000.85083008, "median": 624.462890625, "min": 21.533203125, "var": 5090417}, "spectral_skewness": {"dmean": 0.525368452072, "dmean2": 0.87697404623, "dvar": 0.318497538567, "dvar2": 0.8944876194, "max": 7.24602222443, "mean": 2.97382283211, "median": 2.84546470642, "min": 0.0285310540348, "var": 1.1108263731}, "spectral_spread": {"dmean": 323463.3125, "dmean2": 475851.4375, "dvar": 572880781312, "dvar2": 949869477888, "max": 41648956, "mean": 2618952.75, "median": 2276548.25, "min": 631704.5625, "var": 2955865751550.0}, "spectral_strongpeak": {"dmean": 0.309659302235, "dmean2": 0.513323545456, "dvar": 0.31802752614, "dvar2": 0.694892406464, "max": 19.1509742737, "mean": 1.13584804535, "median": 0.812081038952, "min": 0, "var": 1.36259877682}, "zerocrossingrate": {"dmean": 0.00471743149683, "dmean2": 0.00549184763804, "dvar": 0.000201660339371, "dvar2": 0.000181203969987, "max": 0.5166015625, "mean": 0.0346665978432, "median": 0.025390625, "min": 0, "var": 0.0035378630273}, "barkbands": {"dmean": [5.16245418112e-05, 0.000509934849106, 0.000833174679428, 0.000891168660019, 0.00193954270799, 0.00130972417537, 0.000692532863468, 0.000429291074397, 0.000479689158965, 0.00051026022993, 0.000236112711718, 0.000133554043714, 0.000126706436276, 8.94727054401e-05, 6.98502044543e-05, 5.33585589437e-05, 5.31976875209e-05, 3.52207680407e-05, 3.53451650881e-05, 1.99456317205e-05, 1.33449539135e-05, 1.29743330035e-05, 7.77928835305e-06, 1.50980768012e-05, 2.05047654163e-05, 9.66287916526e-06, 2.12664826904e-06], "dmean2": [8.13411679701e-05, 0.000859366671648, 0.00129593338352, 0.00127847527619, 0.00289385882206, 0.00196771929041, 0.000998523784801, 0.000567733368371, 0.0006445387844, 0.000652274349704, 0.000309737748466, 0.000195819142391, 0.000199094312848, 0.000131360793603, 0.000108559906948, 8.17961699795e-05, 8.07311589597e-05, 5.59325926588e-05, 5.90191048104e-05, 2.83808731183e-05, 1.92600764422e-05, 1.81402410817e-05, 1.04343898784e-05, 1.93114738067e-05, 2.6055609851e-05, 1.19868145703e-05, 2.84978045784e-06], "dvar": [6.69780490625e-07, 1.73795149294e-06, 3.42208136317e-06, 3.62668356502e-06, 1.13753894766e-05, 5.31970090378e-06, 2.42469377554e-06, 1.60114473147e-06, 1.90422349533e-06, 2.31343142332e-06, 2.4533929377e-07, 7.24182740441e-08, 1.08115699504e-07, 3.47566775361e-08, 2.49926390694e-08, 1.86292936633e-08, 2.23437126579e-08, 1.54916037332e-07, 5.42091868283e-07, 3.24147002573e-08, 1.62233799728e-08, 1.24637979937e-08, 5.44056133478e-09, 2.11343227363e-08, 4.85275322148e-08, 6.20523454842e-09, 6.10560990655e-10], "dvar2": [1.42187604979e-06, 4.29598594565e-06, 8.23108075565e-06, 7.0311498348e-06, 2.51943347394e-05, 1.12104944492e-05, 4.46007788923e-06, 2.53206098932e-06, 3.29002818944e-06, 3.24515735883e-06, 4.85649366055e-07, 1.4738955656e-07, 2.42645455728e-07, 7.41811447824e-08, 5.59446320381e-08, 4.23713117925e-08, 4.34739462207e-08, 4.12988185872e-07, 1.06123536625e-06, 5.95157558791e-08, 3.45276873759e-08, 2.15151043648e-08, 8.41281622144e-09, 3.09399119658e-08, 6.71534721164e-08, 8.5534548333e-09, 9.09548714123e-10], "max": [0.0417325720191, 0.0395114347339, 0.0448615327477, 0.0354520790279, 0.079845264554, 0.0524861067533, 0.0463380366564, 0.0384513251483, 0.0540200695395, 0.0567832812667, 0.0152094736695, 0.0102875670418, 0.0145152043551, 0.0051517332904, 0.0068806395866, 0.00443097762764, 0.00717796152458, 0.0254481714219, 0.0446068309247, 0.0085723772645, 0.00691692717373, 0.00425066798925, 0.00374362012371, 0.00770058436319, 0.0120906447992, 0.00369565538131, 0.00153669551946], "mean": [5.28684613528e-05, 0.00117341685109, 0.00229104072787, 0.00318670924753, 0.00788916926831, 0.00360588496551, 0.00198305444792, 0.00117836310528, 0.00166195747443, 0.0018467772752, 0.000677417614497, 0.000362472695997, 0.00027857904206, 0.000223339535296, 0.000184070246178, 0.000121116419905, 0.000157174872584, 6.47780543659e-05, 5.12462611368e-05, 3.60155390808e-05, 2.07443172258e-05, 2.19054072659e-05, 1.32150798891e-05, 2.10394846363e-05, 2.93677421723e-05, 1.52519905896e-05, 2.81128495772e-06], "median": [1.18282048334e-06, 0.000402229896281, 0.000739748647902, 0.000323576881783, 0.00377264013514, 0.00190828845371, 0.000755382527132, 0.000242936221184, 0.000278786406852, 0.000277973071206, 0.000249574979534, 0.000167718797456, 0.000120609329315, 9.01285020518e-05, 7.5257710705e-05, 3.86853025702e-05, 3.59253790521e-05, 1.98645939236e-05, 1.22172596093e-05, 7.34622926757e-06, 2.39795690504e-06, 1.85661212981e-06, 9.67745791058e-07, 6.24476854227e-07, 8.16967713035e-07, 9.34845331813e-07, 1.75625167742e-08], "min": [2.89407443923e-23, 1.10757787654e-22, 4.89466229802e-23, 5.98855709817e-24, 5.25566587418e-23, 3.4971153717e-23, 9.15370339265e-23, 5.78306167226e-23, 4.68567095612e-23, 3.52065466557e-23, 4.33173904466e-23, 6.56893689673e-23, 1.43144402698e-22, 1.02929800985e-22, 7.94993699225e-23, 2.29814896903e-22, 1.59107009426e-22, 1.88611000505e-22, 3.1167429884e-22, 2.95946431874e-22, 3.94085625732e-22, 4.764001941e-22, 7.3472247939e-22, 6.55788426125e-22, 9.49918281728e-22, 1.79399722888e-21, 2.28500384529e-21], "var": [9.60720740295e-07, 5.45487091586e-06, 1.81873674592e-05, 3.47496461472e-05, 0.000115616123367, 2.17208798858e-05, 1.25449305415e-05, 8.65339916345e-06, 1.57077920449e-05, 2.62635439867e-05, 1.29660440962e-06, 3.42821181221e-07, 2.78298870171e-07, 1.47325522448e-07, 9.16345967994e-08, 7.13533623298e-08, 2.34785204611e-07, 1.27786364601e-07, 6.40044106603e-07, 6.33623287172e-08, 2.36757227157e-08, 2.37137225412e-08, 1.13072138319e-08, 4.64849065906e-08, 1.24893219322e-07, 1.55018700099e-08, 1.45219980485e-09]}, "erbbands": {"dmean": [0.00844845175743, 0.142124116421, 0.791124463081, 1.94596028328, 4.94132900238, 7.63779020309, 6.27141332626, 13.385216713, 11.6250219345, 8.40499305725, 8.5902929306, 11.9348907471, 12.1912794113, 12.2178945541, 9.94948196411, 5.89235782623, 6.0824432373, 4.90868139267, 3.67338466644, 2.26228833199, 2.7862637043, 2.17874479294, 1.91843938828, 2.61305761337, 0.943975448608, 0.896286964417, 0.60377073288, 0.54290497303, 0.483411252499, 0.28277567029, 0.217935323715, 0.268037289381, 0.276911318302, 0.259244680405, 0.13149343431, 0.0522931180894, 0.0165958125144, 0.00297762337141, 0.000423549092375, 1.64639004652e-05], "dmean2": [0.0141840437427, 0.237046733499, 1.24529898167, 2.83852624893, 7.23375463486, 11.2916250229, 9.4684047699, 20.2246341705, 16.5835590363, 11.8531770706, 10.849568367, 15.7840833664, 15.9338264465, 15.5367326736, 12.985370636, 8.36855506897, 9.48212242126, 7.23242855072, 5.55710363388, 3.45463991165, 4.22614765167, 3.25568461418, 2.92501854897, 4.25794839859, 1.41847598553, 1.26892364025, 0.879605770111, 0.743777632713, 0.681098937988, 0.383314013481, 0.288500100374, 0.357410252094, 0.336977750063, 0.337004065514, 0.171746343374, 0.0654031336308, 0.0209572762251, 0.00397940864787, 0.000548100681044, 2.1942292733e-05], "dvar": [0.00403278879821, 0.0888141766191, 3.22280311584, 14.7236652374, 93.1708679199, 249.150527954, 134.024642944, 620.991271973, 692.436035156, 498.56060791, 573.920654297, 1027.58557129, 1865.77404785, 1267.23413086, 431.096374512, 154.459655762, 211.427276611, 101.224365234, 71.8924560547, 28.0881233215, 49.4290847778, 36.5117683411, 65.6264877319, 4288.71044922, 37.0440368652, 70.5551605225, 37.6970863342, 23.6274967194, 18.4365234375, 5.95576810837, 3.93150138855, 5.67119646072, 8.73157215118, 8.71933364868, 1.90833222866, 0.19906938076, 0.0168308056891, 0.00066497066291, 2.89326071652e-05, 1.96670733033e-08], "dvar2": [0.0090531045571, 0.241579607129, 8.15652084351, 32.0779800415, 198.975387573, 521.151367188, 289.12802124, 1277.63110352, 1270.54040527, 920.55657959, 853.124511719, 1725.10876465, 2469.07519531, 1813.31994629, 852.517211914, 289.575714111, 462.998046875, 214.990478516, 154.381973267, 62.5039100647, 103.805084229, 69.1251907349, 144.533676147, 8674.52246094, 83.198387146, 126.259536743, 80.2459869385, 44.0029144287, 32.4659729004, 9.38213348389, 6.02000045776, 9.28314781189, 12.4455041885, 12.9672622681, 2.99554252625, 0.265033274889, 0.0238778926432, 0.0011680094758, 3.57798453479e-05, 2.75906373304e-08], "max": [2.90282464027, 8.34713363647, 44.4679031372, 75.11302948, 210.919219971, 477.243652344, 317.606506348, 518.063171387, 829.309692383, 754.222167969, 974.195129395, 1251.39855957, 1833.91357422, 1524.59887695, 601.76171875, 536.314880371, 613.752807617, 265.601806641, 421.248565674, 213.034515381, 287.184692383, 294.376617432, 505.656616211, 4502.49365234, 266.865020752, 406.127532959, 329.947052002, 240.244049072, 178.844009399, 102.852897644, 98.3639068604, 120.587791443, 154.339157104, 144.153945923, 80.5923309326, 20.7259464264, 6.64570760727, 1.32717609406, 0.403142899275, 0.00957564264536], "mean": [0.0144335050136, 0.35569101572, 2.30180811882, 6.80329751968, 18.7447814941, 30.7762985229, 18.4488658905, 35.4476356506, 35.7747459412, 25.573102951, 25.8569660187, 45.2570343018, 37.2710266113, 50.7541389465, 31.8162307739, 16.9747982025, 14.6788682938, 13.1067533493, 10.7894687653, 6.21542882919, 8.20612621307, 6.95557880402, 4.48849868774, 3.52736186981, 1.81284844875, 1.6611571312, 0.97751224041, 0.844915509224, 0.802414774895, 0.507049441338, 0.381837159395, 0.411205798388, 0.369969844818, 0.359280854464, 0.188874274492, 0.0804132446647, 0.0258512366563, 0.00440299650654, 0.000566046102904, 4.53557804576e-05], "median": [0.00508765783161, 0.13975250721, 0.892464697361, 1.93594300747, 6.69552707672, 10.9581003189, 10.8344402313, 17.4774665833, 16.451089859, 9.47605895996, 5.85848999023, 8.17422676086, 8.3336353302, 8.14237308502, 11.7677774429, 8.7752866745, 6.8258357048, 5.6292514801, 4.86003017426, 3.27247238159, 2.2552819252, 1.76671421528, 1.48029637337, 0.810179531574, 0.617701351643, 0.310898035765, 0.137092649937, 0.0854169949889, 0.0669374018908, 0.0439200028777, 0.0252039171755, 0.015926392749, 0.00820538960397, 0.0065908478573, 0.00589443091303, 0.00397753855214, 0.00158587610349, 0.000201851158636, 2.10404778045e-05, 3.22663508996e-05], "min": [3.99043640502e-21, 2.16959894241e-20, 5.05377013544e-20, 4.5293954651e-20, 7.51073856967e-20, 2.43148422741e-19, 1.80799309253e-19, 3.46855545805e-19, 9.10214656802e-19, 1.34580620961e-18, 1.54324295149e-18, 7.94072553439e-19, 1.15366962751e-18, 1.5480980881e-18, 2.53195125816e-18, 2.71283642618e-18, 6.28398151213e-18, 4.86267346153e-18, 5.30003404348e-18, 7.08541736889e-18, 1.28753226604e-17, 1.00459844624e-17, 1.10086795931e-17, 1.50980016341e-17, 1.16076088146e-17, 1.36250270552e-17, 1.68569118711e-17, 1.6028331669e-17, 1.58066356843e-17, 1.47885120079e-17, 2.27797070368e-17, 1.48359640509e-17, 1.32358071441e-17, 9.18991622128e-18, 7.62834398139e-18, 5.37564455532e-18, 3.60151833087e-18, 1.43409429832e-18, 3.11700964307e-19, 3.28816313458e-20], "var": [0.00419933954254, 0.432365506887, 18.0062122345, 114.328811646, 661.733520508, 3145.67749023, 555.156005859, 2518.06201172, 3526.6418457, 2651.81005859, 3603.2722168, 10574.4287109, 12963.0410156, 23904.09375, 2559.44628906, 698.787597656, 653.021118164, 454.240905762, 311.714660645, 85.4993972778, 405.883300781, 428.479980469, 142.573913574, 4995.1328125, 61.3357315063, 140.526107788, 53.9991722107, 41.9290771484, 34.3076858521, 12.3827791214, 8.54585266113, 11.3985452652, 19.8905849457, 20.9540195465, 4.55575752258, 0.507169306278, 0.0422049760818, 0.00135170458816, 7.44590070099e-05, 4.70055319113e-08]}, "gfcc": {"mean": [-99.891494751, 163.697906494, -119.817893982, -4.51618242264, -42.9512825012, -10.6038570404, -35.0407562256, -9.56181526184, -26.3843479156, -6.44772958755, -13.4817304611, -1.500395298, -9.80526924133], "cov": [[23063.0996094, 223.705322266, 53.4061660767, 318.47253418, -1419.13586426, -24.8514881134, -1041.68066406, 28.3593025208, -769.560791016, -177.2996521, -1163.62036133, 210.017929077, -688.732055664], [223.705322266, 3433.99584961, -1167.88684082, -319.043731689, 743.473144531, -599.73614502, 490.768493652, -380.681671143, 205.328292847, -156.093994141, 489.025085449, -230.206863403, 314.55166626], [53.4061660767, -1167.88684082, 1481.64355469, 172.452636719, -150.464538574, 483.375762939, -359.296295166, 277.156951904, -190.203353882, 93.5467300415, -251.767028809, 94.2322311401, -252.834091187], [318.47253418, -319.043731689, 172.452636719, 535.822387695, 1.81593978405, 65.2003250122, -34.8849143982, 42.6571426392, 51.6498374939, -39.6595458984, 27.7313175201, 21.8814601898, 21.3675365448], [-1419.13586426, 743.473144531, -150.464538574, 1.81593978405, 469.867492676, -95.1856384277, 174.294998169, -26.5779075623, 66.5984191895, -24.1668243408, 188.860412598, -55.4183540344, 128.414657593], [-24.8514881134, -599.73614502, 483.375762939, 65.2003250122, -95.1856384277, 376.825286865, -63.9689826965, 143.39994812, -34.4631881714, 45.9817581177, -89.1943206787, 40.2953186035, -81.6872940063], [-1041.68066406, 490.768493652, -359.296295166, -34.8849143982, 174.294998169, -63.9689826965, 372.786346436, -55.7374267578, 135.463058472, 24.7612228394, 126.859474182, -37.254573822, 117.776626587], [28.3593025208, -380.681671143, 277.156951904, 42.6571426392, -26.5779075623, 143.39994812, -55.7374267578, 186.735733032, -13.586107254, 41.6871032715, -60.8815879822, 44.8273620605, -42.783164978], [-769.560791016, 205.328292847, -190.203353882, 51.6498374939, 66.5984191895, -34.4631881714, 135.463058472, -13.586107254, 183.376342773, 9.93185329437, 92.6629867554, -11.1815071106, 66.8564376831], [-177.2996521, -156.093994141, 93.5467300415, -39.6595458984, -24.1668243408, 45.9817581177, 24.7612228394, 41.6871032715, 9.93185329437, 105.871788025, -2.79407954216, 17.3387584686, -11.4130439758], [-1163.62036133, 489.025085449, -251.767028809, 27.7313175201, 188.860412598, -89.1943206787, 126.859474182, -60.8815879822, 92.6629867554, -2.79407954216, 263.417266846, -37.6932106018, 122.805831909], [210.017929077, -230.206863403, 94.2322311401, 21.8814601898, -55.4183540344, 40.2953186035, -37.254573822, 44.8273620605, -11.1815071106, 17.3387584686, -37.6932106018, 82.9522705078, -19.9352321625], [-688.732055664, 314.55166626, -252.834091187, 21.3675365448, 128.414657593, -81.6872940063, 117.776626587, -42.783164978, 66.8564376831, -11.4130439758, 122.805831909, -19.9352321625, 148.659729004]], "icov": [[0.000171417748788, -0.000413788802689, 0.000336607598001, -0.000511965306941, 0.000514730112627, -0.000277203245787, 0.000360075500794, -0.000277967774309, 0.00064611621201, -0.000481368537294, 0.000740213028621, -0.000429352658102, 0.00035697533167], [-0.000413788802689, 0.00185533741023, -0.000795183936134, 0.00168456474785, -0.0020392506849, 0.00121849600691, -0.00119855348021, 0.00119390932377, -0.00177923240699, 0.00195511709899, -0.00229715136811, 0.00167135137599, -0.000641049235128], [0.000336607598001, -0.000795183936134, 0.00290353456512, -0.00163859780878, -4.95154163218e-05, -0.00236889044754, 0.00199718237855, -0.00104365567677, 0.00200706045143, -0.00252093351446, 0.00190695654601, -0.00109225837514, 0.00245625292882], [-0.000511965306941, 0.00168456474785, -0.00163859780878, 0.00416573835537, -0.00158298201859, 0.00116474344395, -0.00114540115464, 0.000841115834191, -0.00315662985668, 0.00352091621608, -0.00290717091411, 0.00119932054076, -0.00191264250316], [0.000514730112627, -0.0020392506849, -4.95154163218e-05, -0.00158298201859, 0.00647462811321, -5.70684824197e-05, -0.000350526999682, -0.00260935397819, 0.00260790833272, -0.000343752501067, 0.000549958902411, -0.000441922369646, -0.000967391242739], [-0.000277203245787, 0.00121849600691, -0.00236889044754, 0.00116474344395, -5.70684824197e-05, 0.00651346519589, -0.00233021541499, -0.00156185019296, -0.00131902971771, 0.00195799162611, -0.00194237823598, 0.00147559389006, -0.000487818324473], [0.000360075500794, -0.00119855348021, 0.00199718237855, -0.00114540115464, -0.000350526999682, -0.00233021541499, 0.00670862710103, 0.000214456158574, -0.000932087481488, -0.00387163762935, 0.00257770554163, -0.000690636283252, -0.000565345806535], [-0.000277967774309, 0.00119390932377, -0.00104365567677, 0.000841115834191, -0.00260935397819, -0.00156185019296, 0.000214456158574, 0.010419738479, -0.00233493302949, -0.00110990845133, 3.93714362872e-05, -0.00179385242518, -0.000793532817625], [0.00064611621201, -0.00177923240699, 0.00200706045143, -0.00315662985668, 0.00260790833272, -0.00131902971771, -0.000932087481488, -0.00233493302949, 0.0115008410066, -0.0028106062673, 0.00112203112803, -0.00187104626093, 0.00114846345969], [-0.000481368537294, 0.00195511709899, -0.00252093351446, 0.00352091621608, -0.000343752501067, 0.00195799162611, -0.00387163762935, -0.00110990845133, -0.0028106062673, 0.015459225513, -0.00437654461712, 0.000441118638264, -0.000914427917451], [0.000740213028621, -0.00229715136811, 0.00190695654601, -0.00290717091411, 0.000549958902411, -0.00194237823598, 0.00257770554163, 3.93714362872e-05, 0.00112203112803, -0.00437654461712, 0.0115572232753, -0.00141208781861, -0.00219941837713], [-0.000429352658102, 0.00167135137599, -0.00109225837514, 0.00119932054076, -0.000441922369646, 0.00147559389006, -0.000690636283252, -0.00179385242518, -0.00187104626093, 0.000441118638264, -0.00141208781861, 0.0168789010495, -0.00202689622529], [0.00035697533167, -0.000641049235128, 0.00245625292882, -0.00191264250316, -0.000967391242739, -0.000487818324473, -0.000565345806535, -0.000793532817625, 0.00114846345969, -0.000914427917451, -0.00219941837713, -0.00202689622529, 0.0159349534661]]}, "melbands": {"dmean": [0.000110363587737, 0.000333978125127, 0.000397841300583, 0.000442545657279, 0.000251312943874, 0.00028666088474, 0.00016658072127, 9.19005615287e-05, 7.57819871069e-05, 7.25956415408e-05, 6.29344503977e-05, 5.35370163561e-05, 3.14291210088e-05, 1.90104419744e-05, 1.19578680824e-05, 1.34315432661e-05, 1.00989200291e-05, 5.85865791436e-06, 4.38285951532e-06, 3.67687857761e-06, 3.61215666089e-06, 2.44951593231e-06, 2.37612835008e-06, 1.64513460277e-06, 2.37934500547e-06, 7.21335993603e-07, 6.95212293067e-07, 5.91573325437e-07, 4.425394593e-07, 3.12905740429e-07, 3.39764113733e-07, 3.10665768666e-07, 2.18296321464e-07, 1.45983165112e-07, 1.3178100744e-07, 1.43141292597e-07, 1.7682015141e-07, 2.04045633723e-07, 1.92579022951e-07, 2.33001273386e-07], "dmean2": [0.000183396987268, 0.000532855687197, 0.000588008027989, 0.000657469732687, 0.000377701566322, 0.000430282147136, 0.000236856052652, 0.000127474762849, 9.75014845608e-05, 9.65290892054e-05, 8.18886474008e-05, 6.85978957335e-05, 4.18631498178e-05, 2.60362357949e-05, 1.78836671694e-05, 2.12918330362e-05, 1.48053304656e-05, 8.80420157046e-06, 6.77993102727e-06, 5.60431908525e-06, 5.50750064576e-06, 3.64832635569e-06, 3.71081614503e-06, 2.51661344919e-06, 3.96429595639e-06, 1.13495946152e-06, 1.04533489775e-06, 8.3311454091e-07, 6.66229368562e-07, 4.5429135298e-07, 4.65753572598e-07, 4.4975365654e-07, 3.15454627753e-07, 1.97969754367e-07, 1.78327255185e-07, 2.08755977837e-07, 2.43244102194e-07, 2.64610292788e-07, 2.30723500749e-07, 3.26710051013e-07], "dvar": [2.08846358873e-07, 5.10890970418e-07, 5.1717961469e-07, 7.14339080332e-07, 1.88654496469e-07, 2.69921827112e-07, 1.32892353122e-07, 6.16634920902e-08, 4.51958364067e-08, 3.90983529996e-08, 4.83869122547e-08, 2.59489194576e-08, 4.42377778853e-09, 1.29827559814e-09, 6.56275811473e-10, 1.44516254519e-09, 4.52224008241e-10, 1.74652292628e-10, 8.45303965713e-11, 8.30861213164e-11, 1.05333429479e-10, 4.41489553249e-11, 3.97645458228e-11, 3.59565738295e-10, 3.80957043689e-09, 3.67527917822e-11, 3.03049738082e-11, 3.57754763314e-11, 2.35760490991e-11, 6.46319846601e-12, 1.05181167595e-11, 8.29319859313e-12, 2.75011654075e-12, 1.97996848951e-12, 1.7202447149e-12, 2.00733960704e-12, 2.62461493511e-12, 5.38109747733e-12, 4.59747908146e-12, 7.63895544043e-12], "dvar2": [4.68546687671e-07, 1.30365242512e-06, 1.0966358559e-06, 1.59016440193e-06, 3.9535450469e-07, 5.54592020308e-07, 2.45246297936e-07, 1.09751560728e-07, 6.80999292513e-08, 6.77491129863e-08, 6.36963974898e-08, 3.77952389385e-08, 8.85401618689e-09, 2.46230213996e-09, 1.37590483451e-09, 3.19069703991e-09, 9.61785762144e-10, 3.76064207552e-10, 1.88083909558e-10, 1.80568199282e-10, 2.19869955576e-10, 8.22700033098e-11, 8.99260388376e-11, 8.56281490158e-10, 7.60998020155e-09, 1.05663679195e-10, 6.73563982367e-11, 6.22823251306e-11, 5.2273900486e-11, 1.31491406305e-11, 1.9908918264e-11, 1.5761105962e-11, 4.64540385325e-12, 3.15766640266e-12, 2.80428588337e-12, 4.59094264341e-12, 4.35832880202e-12, 8.5237251285e-12, 6.49289996768e-12, 1.27330819499e-11], "max": [0.0206973757595, 0.0188957806677, 0.012528328225, 0.0212706197053, 0.0123154334724, 0.0116304531693, 0.0109121361747, 0.00925730261952, 0.00821542367339, 0.0066988109611, 0.00935748126358, 0.0066477842629, 0.00211907178164, 0.00134145619813, 0.00102292699739, 0.00199691322632, 0.000609099399298, 0.000617225305177, 0.000284896523226, 0.000426218000939, 0.000457668298623, 0.000319211569149, 0.000280398497125, 0.00133655103855, 0.00418452126905, 0.00036456057569, 0.000363650819054, 0.000299437931972, 0.00025588326389, 0.000132313856739, 0.000152847729623, 0.000114040063636, 6.90295928507e-05, 6.96478382451e-05, 7.46367149986e-05, 7.28114246158e-05, 8.90181909199e-05, 0.000131322245579, 0.000107844243757, 0.000129236999783], "mean": [0.00022571363661, 0.000960730249062, 0.00152163312305, 0.00189727277029, 0.000806103693321, 0.00077393243555, 0.000520736561157, 0.000269635434961, 0.000243092770688, 0.000255637802184, 0.00018311101303, 0.00021623383509, 9.27157743718e-05, 5.89418850723e-05, 3.19691826007e-05, 2.87466045847e-05, 2.49261829595e-05, 1.63004242495e-05, 1.1923177226e-05, 8.26956147648e-06, 1.03374859464e-05, 7.61683941164e-06, 5.60146827411e-06, 2.92757499665e-06, 2.96175653602e-06, 1.3470922795e-06, 1.22258904867e-06, 1.04405080492e-06, 6.83197811213e-07, 4.65311956077e-07, 4.95564620451e-07, 4.69652121637e-07, 3.90956273577e-07, 2.36525394826e-07, 2.12915011844e-07, 2.35552008121e-07, 2.54610768025e-07, 2.61558568582e-07, 2.56885925864e-07, 3.21119813407e-07], "median": [7.89768819232e-05, 0.000402643112466, 0.00042275513988, 0.00079743436072, 0.000450170977274, 0.000381363061024, 0.000233206810663, 9.00323211681e-05, 4.24311620009e-05, 4.7840490879e-05, 3.64106308552e-05, 2.78606094071e-05, 3.59208461305e-05, 2.72048928309e-05, 1.683436858e-05, 1.27154025904e-05, 9.38697758102e-06, 7.3247574619e-06, 5.56600571144e-06, 3.00924511976e-06, 2.34773801822e-06, 1.75767672772e-06, 1.66534550772e-06, 8.93290234671e-07, 5.29159194684e-07, 4.30810416674e-07, 3.11413629106e-07, 1.56899318426e-07, 8.78566197571e-08, 5.98389533479e-08, 3.72038400087e-08, 3.4323534237e-08, 3.17944390815e-08, 1.9857690603e-08, 1.33510980049e-08, 9.22698717432e-09, 8.39333491598e-09, 4.96978680431e-09, 3.21178883489e-09, 4.86211204631e-09], "min": [3.44337658911e-23, 2.86281472146e-23, 8.8401046771e-24, 1.08650987879e-23, 8.04072588942e-24, 8.23573546064e-24, 1.53655636628e-23, 1.36368870073e-23, 1.20583794914e-23, 5.33358915996e-24, 5.81748314454e-24, 5.87721056469e-24, 7.77732444431e-24, 7.4052353214e-24, 1.0915125191e-23, 1.3009967413e-23, 8.28582970584e-24, 9.03858050313e-24, 6.12674659611e-24, 1.28357411712e-23, 1.55539688905e-23, 9.39510224494e-24, 1.15430261283e-23, 7.62089648225e-24, 1.33225101593e-23, 8.39991003679e-24, 7.48300122943e-24, 9.86382603988e-24, 1.15477490385e-23, 9.68315007131e-24, 9.22855477518e-24, 8.66335171381e-24, 9.95676963173e-24, 7.20235134063e-24, 1.29808994663e-23, 1.30872947143e-23, 7.16627988687e-24, 8.32653019539e-24, 9.10939654659e-24, 7.28903216575e-24], "var": [3.19269190641e-07, 2.94314008897e-06, 4.63970673081e-06, 7.61544424677e-06, 1.07941036731e-06, 1.12939187602e-06, 7.32954390514e-07, 3.52394238234e-07, 3.19297697615e-07, 3.30138902882e-07, 3.33235647076e-07, 4.77356650208e-07, 2.37277912873e-08, 7.84228149087e-09, 2.44666131799e-09, 3.14632586651e-09, 2.01839944758e-09, 7.18606618655e-10, 2.8223437476e-10, 2.94712337867e-10, 8.25866930398e-10, 5.36779176663e-10, 2.02696734397e-10, 3.77644665539e-10, 4.47874537457e-09, 4.13360283502e-11, 5.27479657175e-11, 6.6454751424e-11, 3.04564359843e-11, 1.02814614461e-11, 1.76468353819e-11, 1.3717591299e-11, 5.78907364754e-12, 3.82707233959e-12, 3.33903195891e-12, 2.96630927286e-12, 5.16880895723e-12, 1.09831943887e-11, 1.05184125299e-11, 1.71194933229e-11]}, "mfcc": {"mean": [-732.893493652, 195.782455444, -11.9970932007, 9.82711982727, 2.05443024635, -1.58829796314, -5.63234853745, -3.62739539146, -11.4732494354, -7.97329759598, -7.61673974991, -5.77036952972, -3.29896116257], "cov": [[9241.55761719, 739.462402344, -387.432189941, 478.430328369, -554.188232422, 67.5409240723, -479.398406982, 122.270393372, 18.5548648834, -17.7456245422, -259.031555176, -161.074691772, -178.647033691], [739.462402344, 2201.24487305, -507.181976318, -43.5709838867, 130.983535767, -82.4852218628, 138.048797607, -75.1131057739, -95.1460418701, -39.5059928894, 47.3549804688, -48.037979126, 7.14364910126], [-387.432189941, -507.181976318, 779.960510254, 59.3863182068, 144.211715698, 124.908760071, -4.09962844849, 73.0153503418, 25.42070961, 8.32363700867, 20.6926288605, 27.5468864441, -3.35394740105], [478.430328369, -43.5709838867, 59.3863182068, 402.76763916, 83.9678878784, 39.9815330505, 2.61234712601, 40.2057571411, 31.751373291, -3.77051591873, -40.8356666565, 66.2468185425, 67.3981170654], [-554.188232422, 130.983535767, 144.211715698, 83.9678878784, 373.742401123, -7.29995679855, 92.5267181396, 29.9176845551, -28.5712127686, -9.87136077881, -24.112613678, 42.3121871948, 44.3876495361], [67.5409240723, -82.4852218628, 124.908760071, 39.9815330505, -7.29995679855, 157.235702515, 43.95104599, 47.0985145569, 59.7940216064, 24.9351501465, 40.0111503601, 6.9238114357, -16.9843540192], [-479.398406982, 138.048797607, -4.09962844849, 2.61234712601, 92.5267181396, 43.95104599, 231.289505005, 6.91490888596, 37.1210632324, 22.3487091064, 53.6186790466, 11.155708313, 22.0147342682], [122.270393372, -75.1131057739, 73.0153503418, 40.2057571411, 29.9176845551, 47.0985145569, 6.91490888596, 149.10357666, 50.6617584229, 33.6221160889, 15.1093645096, 22.9735412598, -0.663088738918], [18.5548648834, -95.1460418701, 25.42070961, 31.751373291, -28.5712127686, 59.7940216064, 37.1210632324, 50.6617584229, 144.752731323, 44.7890434265, 37.9364814758, 18.1787052155, -2.92170977592], [-17.7456245422, -39.5059928894, 8.32363700867, -3.77051591873, -9.87136077881, 24.9351501465, 22.3487091064, 33.6221160889, 44.7890434265, 101.753295898, 32.3978385925, 13.2807159424, 3.87109875679], [-259.031555176, 47.3549804688, 20.6926288605, -40.8356666565, -24.112613678, 40.0111503601, 53.6186790466, 15.1093645096, 37.9364814758, 32.3978385925, 132.169143677, 13.0507965088, 2.14494347572], [-161.074691772, -48.037979126, 27.5468864441, 66.2468185425, 42.3121871948, 6.9238114357, 11.155708313, 22.9735412598, 18.1787052155, 13.2807159424, 13.0507965088, 112.033172607, 45.9925422668], [-178.647033691, 7.14364910126, -3.35394740105, 67.3981170654, 44.3876495361, -16.9843540192, 22.0147342682, -0.663088738918, -2.92170977592, 3.87109875679, 2.14494347572, 45.9925422668, 106.659706116]], "icov": [[0.000185703087482, -0.000117159514048, 1.23155341498e-05, -0.000303075561533, 0.000296107435133, -0.000125002217828, 0.00027500197757, -0.000207983350265, 3.36721745953e-06, -9.18765508686e-05, 0.000314072996844, 0.000184630116564, 0.000227095166338], [-0.000117159514048, 0.000708087813109, 0.000476456596516, 0.000135684531415, -0.000585579953622, 1.40303709486e-05, -0.000357959594112, 0.000183194715646, 0.000361434649676, 0.000213736930164, -0.000675083021633, 0.000172151747392, -5.19764980709e-05], [1.23155341498e-05, 0.000476456596516, 0.00208326661959, 1.82785042853e-05, -0.00114563654643, -0.0015856375685, 0.000582505890634, -0.000235788815189, 0.000362232880434, 0.000247706484515, -0.000587789225392, 0.000164579323609, 8.70389412739e-05], [-0.000303075561533, 0.000135684531415, 1.82785042853e-05, 0.00393331702799, -0.000952578033321, -0.00107437989209, -5.19835666637e-05, 1.95235297724e-05, -0.000793568731751, 0.000624531705398, 0.000992241548374, -0.00143346760888, -0.00221164082177], [0.000296107435133, -0.000585579953622, -0.00114563654643, -0.000952578033321, 0.00481199426576, 0.000960256671533, -0.00166822143365, -0.0013322775485, 0.00104770623147, -3.43929277733e-05, 0.00187617947813, -0.000765194941778, -9.03536783881e-05], [-0.000125002217828, 1.40303709486e-05, -0.0015856375685, -0.00107437989209, 0.000960256671533, 0.0104370350018, -0.00206275074743, -0.00130652845837, -0.00206053373404, -0.000124742364278, -0.00174534297548, 1.80688330147e-05, 0.00207411125302], [0.00027500197757, -0.000357959594112, 0.000582505890634, -5.19835666637e-05, -0.00166822143365, -0.00206275074743, 0.00681907031685, 0.000578787934501, -0.0013754402753, -0.000483235664433, -0.0015146532096, 0.000909055757802, -0.000884012493771], [-0.000207983350265, 0.000183194715646, -0.000235788815189, 1.95235297724e-05, -0.0013322775485, -0.00130652845837, 0.000578787934501, 0.0090268868953, -0.00206777174026, -0.00168965151533, -0.000437704147771, -0.0010663626017, 0.0003759796964], [3.36721745953e-06, 0.000361434649676, 0.000362232880434, -0.000793568731751, 0.00104770623147, -0.00206053373404, -0.0013754402753, -0.00206777174026, 0.0105935819447, -0.00254688807763, -0.00116988422815, -0.000747689162381, 0.000729745195713], [-9.18765508686e-05, 0.000213736930164, 0.000247706484515, 0.000624531705398, -3.43929277733e-05, -0.000124742364278, -0.000483235664433, -0.00168965151533, -0.00254688807763, 0.0124291470274, -0.00192625599448, -0.000607120979112, -0.000691703695338], [0.000314072996844, -0.000675083021633, -0.000587789225392, 0.000992241548374, 0.00187617947813, -0.00174534297548, -0.0015146532096, -0.000437704147771, -0.00116988422815, -0.00192625599448, 0.0113068688661, -0.00136522273533, -0.000423852587119], [0.000184630116564, 0.000172151747392, 0.000164579323609, -0.00143346760888, -0.000765194941778, 1.80688330147e-05, 0.000909055757802, -0.0010663626017, -0.000747689162381, -0.000607120979112, -0.00136522273533, 0.0124917598441, -0.00402178615332], [0.000227095166338, -5.19764980709e-05, 8.70389412739e-05, -0.00221164082177, -9.03536783881e-05, 0.00207411125302, -0.000884012493771, 0.0003759796964, 0.000729745195713, -0.000691703695338, -0.000423852587119, -0.00402178615332, 0.0135002555326]]}, "spectral_contrast_coeffs": {"dmean": [0.039013531059, 0.0366552844644, 0.0294051524252, 0.0242396183312, 0.0184837132692, 0.0226619951427], "dmean2": [0.0647247880697, 0.060097862035, 0.0461248606443, 0.0393795073032, 0.0296626444906, 0.0363001078367], "dvar": [0.00124793767463, 0.00107677618507, 0.000736176618375, 0.000496805703733, 0.000299219565932, 0.000531901605427], "dvar2": [0.00307875336148, 0.00272158416919, 0.00166319566779, 0.0011659192387, 0.000695879454724, 0.00133462285157], "max": [-0.237553343177, -0.356019407511, -0.442088395357, -0.528481900692, -0.532280743122, -0.548291087151], "mean": [-0.538855433464, -0.664638400078, -0.725709974766, -0.753042519093, -0.760937094688, -0.763078391552], "median": [-0.531178772449, -0.662229716778, -0.736323475838, -0.754395127296, -0.76002830267, -0.764635145664], "min": [-0.959018349648, -0.962165534496, -0.972205400467, -0.955164968967, -0.964186787605, -0.960349023342], "var": [0.0129840606824, 0.00738187367097, 0.00678374618292, 0.00360150216147, 0.00264445506036, 0.00425935490057]}, "spectral_contrast_valleys": {"dmean": [0.374764800072, 0.282398551702, 0.255162447691, 0.245884045959, 0.230907872319, 0.34518289566], "dmean2": [0.626906573772, 0.45714327693, 0.409232527018, 0.38588270545, 0.341103434563, 0.526038944721], "dvar": [0.131400465965, 0.095733769238, 0.0831620171666, 0.0943920761347, 0.10617942363, 0.174839437008], "dvar2": [0.293698370457, 0.181513085961, 0.154499396682, 0.170295655727, 0.179565161467, 0.379367649555], "max"