{"lowlevel": {"average_loudness": 0.916543066502, "barkbands_crest": {"dmean": 2.53473353386, "dmean2": 4.24158096313, "dvar": 6.88186407089, "dvar2": 18.9858455658, "max": 25.9415721893, "mean": 10.0976629257, "median": 9.30413818359, "min": 3.01485848427, "var": 13.9730625153}, "barkbands_flatness_db": {"dmean": 0.020814307034, "dmean2": 0.0314478911459, "dvar": 0.00046188099077, "dvar2": 0.00103673385456, "max": 0.637071549892, "mean": 0.169334933162, "median": 0.156503900886, "min": 0.0245548672974, "var": 0.00582257006317}, "barkbands_kurtosis": {"dmean": 3.08378601074, "dmean2": 4.88054037094, "dvar": 43.6427879333, "dvar2": 104.854560852, "max": 185.973526001, "mean": 5.26942682266, "median": 2.74943685532, "min": -1.93897247314, "var": 97.29322052}, "barkbands_skewness": {"dmean": 0.499859780073, "dmean2": 0.775156855583, "dvar": 0.398297071457, "dvar2": 0.936871469021, "max": 11.8681764603, "mean": 1.66313016415, "median": 1.5306763649, "min": -3.44079995155, "var": 1.46397387981}, "barkbands_spread": {"dmean": 4.00327539444, "dmean2": 6.08217287064, "dvar": 32.1708183289, "dvar2": 61.623134613, "max": 117.257537842, "mean": 17.3978614807, "median": 15.0330982208, "min": 0.193634465337, "var": 136.112487793}, "dissonance": {"dmean": 0.0207253918052, "dmean2": 0.034424059093, "dvar": 0.000433689798228, "dvar2": 0.00115129887126, "max": 0.499963700771, "mean": 0.440899193287, "median": 0.452852547169, "min": 0.0942426845431, "var": 0.0025747215841}, "dynamic_complexity": 3.45192170143, "erbbands_crest": {"dmean": 2.21938729286, "dmean2": 3.47187566757, "dvar": 5.07130765915, "dvar2": 12.1501722336, "max": 29.4233436584, "mean": 10.6857032776, "median": 9.71496200562, "min": 2.45571780205, "var": 23.0070610046}, "erbbands_flatness_db": {"dmean": 0.0168938115239, "dmean2": 0.02274954319, "dvar": 0.000324935128447, "dvar2": 0.000590660085436, "max": 0.598076403141, "mean": 0.17769318819, "median": 0.166971027851, "min": 0.0518331304193, "var": 0.00469674682245}, "erbbands_kurtosis": {"dmean": 0.853339672089, "dmean2": 1.33298265934, "dvar": 5.73179006577, "dvar2": 14.4985361099, "max": 149.26550293, "mean": 1.18323731422, "median": -0.300558567047, "min": -1.75481522083, "var": 68.1839065552}, "erbbands_skewness": {"dmean": 0.301703423262, "dmean2": 0.459797054529, "dvar": 0.0971782431006, "dvar2": 0.225140452385, "max": 7.91301298141, "mean": 0.534084677696, "median": 0.498114645481, "min": -2.33326244354, "var": 0.561522364616}, "erbbands_spread": {"dmean": 6.47767972946, "dmean2": 9.58058071136, "dvar": 64.8778533936, "dvar2": 132.629333496, "max": 165.494491577, "mean": 37.2819213867, "median": 35.8144836426, "min": 0.349092185497, "var": 354.352142334}, "hfc": {"dmean": 4.6654458046, "dmean2": 6.9044470787, "dvar": 67.6944046021, "dvar2": 153.449874878, "max": 142.846298218, "mean": 17.9248561859, "median": 15.571680069, "min": 1.05978697718e-16, "var": 218.545211792}, "melbands_crest": {"dmean": 3.36284089088, "dmean2": 5.59132766724, "dvar": 14.4199304581, "dvar2": 37.784160614, "max": 36.5096473694, "mean": 13.7384252548, "median": 12.6492805481, "min": 1.65754520893, "var": 26.8585643768}, "melbands_flatness_db": {"dmean": 0.0240652170032, "dmean2": 0.0369878821075, "dvar": 0.000637622317299, "dvar2": 0.00145771517418, "max": 0.743374466896, "mean": 0.242574796081, "median": 0.229834705591, "min": 0.00350336451083, "var": 0.00834244303405}, "melbands_kurtosis": {"dmean": 7.24086904526, "dmean2": 11.6178293228, "dvar": 262.233428955, "dvar2": 636.234313965, "max": 552.416564941, "mean": 14.205915451, "median": 8.3558139801, "min": -1.47612452507, "var": 571.77734375}, "melbands_skewness": {"dmean": 0.693953871727, "dmean2": 1.09712040424, "dvar": 0.900671362877, "dvar2": 2.15855264664, "max": 19.5852775574, "mean": 2.60456490517, "median": 2.34775066376, "min": -3.67398524284, "var": 2.87936091423}, "melbands_spread": {"dmean": 4.34518146515, "dmean2": 6.75860023499, "dvar": 34.8733329773, "dvar2": 77.1935348511, "max": 166.129562378, "mean": 17.9367694855, "median": 14.7262516022, "min": 0.251363843679, "var": 243.403686523}, "pitch_salience": {"dmean": 0.0667406320572, "dmean2": 0.111142493784, "dvar": 0.00481505179778, "dvar2": 0.0130818849429, "max": 0.860338330269, "mean": 0.503236293793, "median": 0.503883481026, "min": 0.0085071483627, "var": 0.0126986308023}, "silence_rate_20dB": {"dmean": 0, "dmean2": 0, "dvar": 0, "dvar2": 0, "max": 1, "mean": 1, "median": 1, "min": 1, "var": 0}, "silence_rate_30dB": {"dmean": 0.0536847226322, "dmean2": 0.107379928231, "dvar": 0.0507963225245, "dvar2": 0.121609263122, "max": 1, "mean": 0.959203600883, "median": 1, "min": 0, "var": 0.0391373448074}, "silence_rate_60dB": {"dmean": 0.00507564656436, "dmean2": 0.0101522840559, "dvar": 0.00505046732724, "dvar2": 0.0112210121006, "max": 1, "mean": 0.082178413868, "median": 0, "min": 0, "var": 0.0754174590111}, "spectral_centroid": {"dmean": 175.160873413, "dmean2": 269.596954346, "dvar": 53316.515625, "dvar2": 105306.460938, "max": 11866.8242188, "mean": 1120.98010254, "median": 961.174743652, "min": 163.19519043, "var": 1066606.375}, "spectral_complexity": {"dmean": 3.18203997612, "dmean2": 4.85435390472, "dvar": 19.4635505676, "dvar2": 39.5085334778, "max": 57, "mean": 16.1422996521, "median": 15, "min": 0, "var": 80.5121536255}, "spectral_decrease": {"dmean": 3.76868669605e-09, "dmean2": 6.11012085372e-09, "dvar": 5.61221597712e-17, "dvar2": 1.40197095016e-16, "max": 6.14359324575e-18, "mean": -8.79685480015e-09, "median": -7.36833660753e-09, "min": -6.56830607682e-08, "var": 6.91557535157e-17}, "spectral_energy": {"dmean": 0.014521824196, "dmean2": 0.02351443097, "dvar": 0.000822366913781, "dvar2": 0.00205337279476, "max": 0.250168055296, "mean": 0.0348272323608, "median": 0.0295141991228, "min": 1.00177986061e-20, "var": 0.00103420368396}, "spectral_energyband_high": {"dmean": 0.00026390014682, "dmean2": 0.000375371513655, "dvar": 4.19800954887e-07, "dvar2": 8.29883788356e-07, "max": 0.0153547301888, "mean": 0.000554724305402, "median": 0.000196926150238, "min": 7.0015143908e-21, "var": 1.12875341074e-06}, "spectral_energyband_low": {"dmean": 0.0101475017145, "dmean2": 0.0168229993433, "dvar": 0.000649433350191, "dvar2": 0.00164945493452, "max": 0.226790547371, "mean": 0.0146080907434, "median": 0.00802822690457, "min": 1.13080694297e-23, "var": 0.00061678577913}, "spectral_energyband_middle_high": {"dmean": 0.0011580621358, "dmean2": 0.00171165098436, "dvar": 3.21272682413e-06, "dvar2": 7.35672983865e-06, "max": 0.0561563670635, "mean": 0.00439071189612, "median": 0.00290498277172, "min": 9.4029251261e-22, "var": 2.21327427425e-05}, "spectral_energyband_middle_low": {"dmean": 0.00620687752962, "dmean2": 0.0100654028356, "dvar": 0.000186272256542, "dvar2": 0.000478913891129, "max": 0.156518563628, "mean": 0.016775900498, "median": 0.0140719059855, "min": 1.32877195001e-22, "var": 0.000255226681475}, "spectral_entropy": {"dmean": 0.171860277653, "dmean2": 0.240481331944, "dvar": 0.0387427732348, "dvar2": 0.0736508443952, "max": 9.82113361359, "mean": 7.18588209152, "median": 7.27073001862, "min": 2.77558040619, "var": 0.54457706213}, "spectral_flux": {"dmean": 0.032000977546, "dmean2": 0.0493219047785, "dvar": 0.00234306883067, "dvar2": 0.00484433723614, "max": 0.461323827505, "mean": 0.083643220365, "median": 0.0655275136232, "min": 6.26183480068e-11, "var": 0.00502198794857}, "spectral_kurtosis": {"dmean": 3.17990970612, "dmean2": 5.34081411362, "dvar": 61.8723716736, "dvar2": 166.017776489, "max": 274.82043457, "mean": 8.93939113617, "median": 4.65533924103, "min": -1.38683128357, "var": 425.119659424}, "spectral_rms": {"dmean": 0.0009740095702, "dmean2": 0.00152707728557, "dvar": 2.33928835769e-06, "dvar2": 5.49715923626e-06, "max": 0.0156226241961, "mean": 0.00528130168095, "median": 0.0053660357371, "min": 3.12625359628e-12, "var": 6.08560912951e-06}, "spectral_rolloff": {"dmean": 311.722198486, "dmean2": 524.595581055, "dvar": 531032.6875, "dvar2": 1089919.625, "max": 19466.015625, "mean": 1137.24121094, "median": 667.529296875, "min": 43.06640625, "var": 4080481.5}, "spectral_skewness": {"dmean": 0.302490532398, "dmean2": 0.489454895258, "dvar": 0.182387933135, "dvar2": 0.470793694258, "max": 13.0346307755, "mean": 1.83816421032, "median": 1.60676538944, "min": -0.102119028568, "var": 1.59087884426}, "spectral_spread": {"dmean": 474603.125, "dmean2": 652190.25, "dvar": 664241438720, "dvar2": 1132583845890.0, "max": 48401556, "mean": 4304489.5, "median": 3847879, "min": 335284.4375, "var": 13944056971300.0}, "spectral_strongpeak": {"dmean": 0.458244532347, "dmean2": 0.787707388401, "dvar": 0.480778872967, "dvar2": 1.22074222565, "max": 11.0579614639, "mean": 0.956795752048, "median": 0.536841452122, "min": 0, "var": 1.06993710995}, "zerocrossingrate": {"dmean": 0.00723919272423, "dmean2": 0.00862938445061, "dvar": 0.000116353861813, "dvar2": 0.000125852966448, "max": 0.52392578125, "mean": 0.0475473292172, "median": 0.0380859375, "min": 0.005859375, "var": 0.00264060311019}, "barkbands": {"dmean": [0.00187457143329, 0.00707117374986, 0.00255657196976, 0.00154334818944, 0.00367698771879, 0.00133198907133, 0.000861822569277, 0.000757427304052, 0.000675400311593, 0.000416135007981, 0.000355119438609, 0.000181314448128, 0.000228373653954, 0.000138301984407, 0.00016009339015, 0.000181981289643, 0.00020711250545, 0.000145748243085, 0.000107760279207, 9.41630132729e-05, 7.89174300735e-05, 6.23812520644e-05, 4.90544407512e-05, 4.36033151345e-05, 2.82868750219e-05, 8.13963924884e-06, 3.2146410831e-06], "dmean2": [0.00323395244777, 0.0122499894351, 0.00439667189494, 0.0025581063237, 0.00629884656519, 0.00210914970376, 0.00132499379106, 0.0011677343864, 0.00100026361179, 0.000631732342299, 0.000534807099029, 0.000280321604805, 0.00035483983811, 0.000214714717004, 0.00025315862149, 0.000280387030216, 0.000321284460369, 0.000234911814914, 0.000172062704223, 0.000149556071847, 0.000125460777781, 9.4734976301e-05, 7.17914299457e-05, 6.1392202042e-05, 3.94640046579e-05, 1.19052347145e-05, 4.97733572047e-06], "dvar": [5.19386485394e-05, 0.000456540874438, 2.41236994043e-05, 1.39182302519e-05, 0.000130904838443, 6.74344937579e-06, 3.09827214551e-06, 4.14019950767e-06, 2.32032471104e-06, 1.42131420944e-06, 8.39433255351e-07, 3.31652358909e-07, 2.75192064692e-07, 1.13130475654e-07, 1.01953993692e-07, 1.29410111072e-07, 1.35509012011e-07, 7.60076588335e-08, 3.87596230667e-08, 3.83303948581e-08, 4.18151877568e-08, 3.06818535023e-08, 2.15134612347e-08, 5.30119130815e-08, 3.06286054297e-08, 5.89129800499e-10, 1.11918384282e-10], "dvar2": [0.000135422538733, 0.0012415057281, 6.65219922666e-05, 3.41722916346e-05, 0.00034890556708, 1.70396106114e-05, 7.32034732209e-06, 9.57355405262e-06, 5.15111332788e-06, 3.23313315675e-06, 1.93225150724e-06, 7.29718919956e-07, 6.3532996819e-07, 2.52774952969e-07, 2.3318372655e-07, 2.93936551543e-07, 3.25310850258e-07, 1.96321309431e-07, 9.81305561254e-08, 9.7822045575e-08, 1.0493864977e-07, 7.13085270831e-08, 4.71181600403e-08, 9.8931394632e-08, 6.2190096628e-08, 1.2808388794e-09, 2.53298076958e-10], "max": [0.0902271717787, 0.195833295584, 0.0711172223091, 0.0599883943796, 0.13407638669, 0.0350510850549, 0.0351655259728, 0.060677267611, 0.025840850547, 0.0375001057982, 0.0446620136499, 0.032996468246, 0.0196808855981, 0.0103128897026, 0.00942238140851, 0.00946692097932, 0.0088918004185, 0.0054648462683, 0.00506769120693, 0.00387126998976, 0.00455772411078, 0.00376618141308, 0.00449920445681, 0.0105948513374, 0.00667865900323, 0.000689825741574, 0.000221389738726], "mean": [0.00141656026244, 0.00812923721969, 0.0038602182176, 0.0026190970093, 0.00487737357616, 0.00325036002323, 0.00214450387284, 0.0017173368251, 0.00160114234313, 0.00104423519224, 0.000743189826608, 0.000348117755493, 0.000469068763778, 0.000254375161603, 0.000287899805699, 0.000375571718905, 0.00050644390285, 0.000287109956844, 0.000234141523833, 0.000192210907699, 0.000143893965287, 0.000100979654235, 9.02980609681e-05, 7.39272727515e-05, 4.49900508102e-05, 1.1332574104e-05, 3.56683244718e-06], "median": [3.40511905961e-05, 0.00372436689213, 0.00202836981043, 0.00112819694914, 0.00207684282213, 0.00119411409833, 0.000719636911526, 0.000400678778533, 0.000337286503054, 0.000208523357287, 0.000202347146114, 9.05766501091e-05, 0.000165471341461, 9.12500327104e-05, 0.000118167045002, 0.000150088453665, 0.000239694840275, 0.00012319884263, 0.000133504596306, 7.48462334741e-05, 4.7065965191e-05, 2.38007469306e-05, 1.90092123376e-05, 1.40323718369e-05, 9.66614607023e-06, 1.71548708749e-06, 1.61281377586e-07], "min": [1.27848024504e-24, 1.58066386719e-24, 2.10663687574e-24, 9.65167964879e-25, 8.02260102127e-24, 4.21772056041e-24, 3.22473676837e-24, 5.71148863788e-24, 1.21780938669e-23, 9.11784682461e-24, 1.79782599368e-23, 2.91507928079e-23, 2.73400793513e-23, 4.057271301e-23, 4.58568409856e-23, 5.54837933949e-23, 7.29732435604e-23, 6.95525722815e-23, 1.34992452943e-22, 1.42152684634e-22, 2.37981184993e-22, 3.60263839198e-22, 4.05934064093e-22, 6.08180405438e-22, 8.05607071709e-22, 1.26024429737e-21, 1.89079816124e-21], "var": [3.95854985982e-05, 0.000345799053321, 3.04822897306e-05, 2.3522761694e-05, 0.000113754096674, 2.27135296882e-05, 1.12897323561e-05, 1.19396690934e-05, 9.32726561587e-06, 8.19689921627e-06, 2.76332161775e-06, 1.1274183862e-06, 1.00718580143e-06, 2.95942385264e-07, 2.42244311721e-07, 4.56610166566e-07, 6.37869675302e-07, 2.10489446317e-07, 9.84804557902e-08, 9.04329056084e-08, 8.41983762712e-08, 4.9761506915e-08, 5.18789207149e-08, 1.10690919541e-07, 5.16079659008e-08, 1.0207025225e-09, 1.3243886543e-10]}, "erbbands": {"dmean": [0.26713091135, 1.41360008717, 2.84541034698, 4.26795625687, 9.24182796478, 13.3815507889, 8.68541431427, 12.2010469437, 11.6809854507, 16.2683315277, 12.1649045944, 17.0867576599, 13.2779006958, 10.1032419205, 14.7223796844, 7.49198007584, 10.619351387, 6.80763339996, 7.93031644821, 7.82033443451, 9.12302970886, 10.4110832214, 8.25191497803, 6.58274745941, 4.33086061478, 4.59065151215, 3.82173156738, 2.60705327988, 2.31624364853, 1.87392687798, 1.29065322876, 1.04324197769, 0.669080972672, 0.43996065855, 0.138517096639, 0.0410036221147, 0.0143153192475, 0.00377351720817, 0.00060257432051, 3.82079342671e-05], "dmean2": [0.464118093252, 2.53807926178, 5.00747060776, 7.05001163483, 15.9247198105, 22.8813323975, 14.0886192322, 19.2372684479, 18.0991973877, 25.3599720001, 18.4183311462, 25.0629711151, 19.7851257324, 15.3078556061, 22.1348266602, 11.3853063583, 16.3612556458, 10.6532735825, 12.3819637299, 12.2505722046, 13.9354991913, 16.1690654755, 13.2364292145, 10.6625108719, 6.8952627182, 7.2881360054, 6.1221036911, 4.11211442947, 3.53266382217, 2.7488656044, 1.91341352463, 1.51408469677, 0.935891330242, 0.605322122574, 0.197116702795, 0.0598295740783, 0.0212560202926, 0.0057886550203, 0.000932933122385, 5.8056157286e-05], "dvar": [0.925736427307, 15.7123823166, 28.19672966, 105.24016571, 691.802734375, 1810.1619873, 291.022796631, 658.235534668, 593.501953125, 1750.52783203, 930.974304199, 1486.85119629, 1670.48535156, 786.594360352, 1484.52807617, 525.572937012, 574.993591309, 250.242050171, 293.108978271, 211.920578003, 346.321411133, 347.849151611, 227.503631592, 155.695571899, 63.2651519775, 91.8503036499, 97.5419387817, 48.5707435608, 42.1801300049, 29.341917038, 14.7871599197, 23.5951118469, 15.8475532532, 9.12309074402, 0.686718225479, 0.018837435171, 0.00177856138907, 0.000136565606226, 3.97795884055e-06, 8.18673662195e-09], "dvar2": [2.46378564835, 45.4841880798, 82.2083206177, 256.980926514, 1862.91174316, 4847.05078125, 733.446777344, 1638.25024414, 1446.56408691, 4291.390625, 2071.60424805, 3281.36743164, 3725.66381836, 1835.27099609, 3391.51391602, 1237.1986084, 1351.62927246, 577.465698242, 648.536376953, 513.350463867, 799.140991211, 849.433410645, 594.16607666, 397.307250977, 162.021789551, 232.223495483, 250.161529541, 121.736968994, 98.6349945068, 64.5143966675, 31.7042293549, 50.3871459961, 27.19597435, 18.7585353851, 1.5426697731, 0.0401269868016, 0.00394772691652, 0.000313248834573, 8.97682548384e-06, 1.76141821129e-08], "max": [8.92354488373, 37.6726264954, 61.6017417908, 175.682891846, 313.971252441, 513.977600098, 275.713409424, 423.024719238, 461.373809814, 1074.90942383, 818.813598633, 725.104980469, 1414.38415527, 1242.13354492, 2180.58056641, 1696.23950195, 925.482055664, 587.01574707, 507.586120605, 277.885955811, 607.148620605, 431.671844482, 377.592926025, 366.674438477, 155.323745728, 192.831008911, 247.529464722, 217.054153442, 132.372528076, 168.745513916, 120.960281372, 149.507202148, 230.878417969, 142.122085571, 35.4040527344, 4.91058254242, 1.03377068043, 0.271960586309, 0.0405818782747, 0.00171561166644], "mean": [0.247979491949, 1.75481987, 4.38979101181, 7.56765651703, 12.4328937531, 16.9435520172, 18.1712226868, 29.6507472992, 29.0198497772, 39.7062225342, 31.3680763245, 44.5327415466, 34.1560745239, 23.9991970062, 32.7395324707, 17.2429828644, 22.7818374634, 13.8584280014, 15.5693902969, 16.0451545715, 21.9431304932, 26.3618335724, 18.5835609436, 13.9877882004, 10.2327184677, 9.85861492157, 7.1492099762, 4.45386743546, 3.710064888, 3.23519587517, 2.35710263252, 1.78169488907, 1.12592315674, 0.690612137318, 0.213864356279, 0.0619316324592, 0.0190892666578, 0.00448165461421, 0.00067849282641, 6.87237625243e-05], "median": [0.0745944827795, 0.932188630104, 2.65469837189, 3.74236249924, 5.67904186249, 5.98010635376, 8.55705165863, 9.63765525818, 12.0034456253, 12.1384849548, 12.949473381, 11.3833618164, 7.75117492676, 7.75951194763, 9.91813087463, 6.04528188705, 8.44937038422, 6.32315158844, 7.34634304047, 6.67686271667, 10.3988723755, 12.2280406952, 8.86706542969, 7.84861373901, 5.66530132294, 3.78543806076, 2.62672519684, 1.43872213364, 0.816788256168, 0.745009183884, 0.495240032673, 0.347609490156, 0.211711511016, 0.14607796073, 0.0456258505583, 0.011125382036, 0.0025703124702, 0.000407173938584, 4.7665576858e-05, 4.11260698456e-05], "min": [1.32772674087e-22, 4.43275659633e-22, 2.36568283363e-21, 4.65638101772e-21, 1.12291246416e-20, 1.90458045235e-20, 7.6050500842e-20, 2.35083922294e-20, 7.82594414314e-20, 8.66243764616e-20, 2.21445323118e-19, 3.78101026824e-19, 4.3214166682e-19, 8.74035844761e-19, 7.90151562239e-19, 1.14309608793e-18, 1.67331151935e-18, 1.74661895357e-18, 2.69026494201e-18, 3.01698742869e-18, 4.31494092968e-18, 4.47011711746e-18, 4.27914179354e-18, 5.63899818284e-18, 5.96903911135e-18, 7.52316465778e-18, 7.90223588991e-18, 9.68666547608e-18, 1.21030213456e-17, 9.53369661976e-18, 1.19828030512e-17, 1.01887963679e-17, 1.07879117051e-17, 8.6045320823e-18, 5.82015321853e-18, 4.06376091923e-18, 2.34914062048e-18, 9.04310138192e-19, 2.39025108333e-19, 2.78446313279e-20], "var": [0.679208040237, 11.0095663071, 30.2430343628, 183.707366943, 597.649780273, 1570.87756348, 652.951049805, 2279.59106445, 1812.02600098, 6294.62011719, 2829.05493164, 6875.71044922, 8672.92773438, 4652.23583984, 5643.16064453, 1951.73510742, 2212.43676758, 681.962036133, 789.031188965, 672.09588623, 1472.70922852, 1713.59069824, 772.46697998, 357.76449585, 190.916595459, 248.753753662, 194.882324219, 78.3747711182, 68.2534866333, 57.089138031, 35.7690086365, 46.6247596741, 32.8682136536, 15.3917303085, 0.948490560055, 0.0355423130095, 0.00282308552414, 0.000169611361343, 4.6844256758e-06, 1.1539230016e-08]}, "gfcc": {"mean": [-32.6574287415, 120.176528931, -112.136039734, 34.4148979187, -50.221572876, 3.90811347961, -33.2302894592, 8.87176513672, -17.350725174, -3.47883820534, -8.69846916199, -3.40318870544, -7.56555366516], "cov": [[24965.6777344, -1275.78344727, -1431.71337891, 1718.33947754, -927.633178711, 1200.39038086, -180.927246094, 628.410339355, -421.319519043, 199.968765259, -576.162353516, -15.8414058685, -291.798309326], [-1275.78344727, 1923.14245605, -322.172363281, -258.589141846, 323.042205811, -342.862762451, 123.606895447, -137.562026978, 101.563995361, -115.697929382, 243.132629395, -120.575279236, 113.445266724], [-1431.71337891, -322.172363281, 787.755493164, -47.2982940674, 60.3360977173, 13.0691423416, -58.9128952026, -55.246307373, -1.68843531609, 92.2635955811, -14.6971387863, 64.5966720581, -33.8838386536], [1718.33947754, -258.589141846, -47.2982940674, 490.73538208, -43.6703529358, 131.13319397, -9.16333580017, 32.5350036621, 35.2853469849, 10.6263208389, -50.6594810486, -4.50275611877, -17.1528396606], [-927.633178711, 323.042205811, 60.3360977173, -43.6703529358, 383.817169189, -99.7235565186, 54.2832298279, 14.5419216156, 56.4312095642, 16.327589035, 39.5036811829, -14.8961229324, 13.2777500153], [1200.39038086, -342.862762451, 13.0691423416, 131.13319397, -99.7235565186, 363.601867676, 78.8096847534, 59.2626724243, -47.8140449524, -2.46898722649, -46.9376068115, -11.2313499451, -28.247587204], [-180.927246094, 123.606895447, -58.9128952026, -9.16333580017, 54.2832298279, 78.8096847534, 184.655166626, 22.8986263275, 17.4650859833, -11.50984478, 35.8501281738, -21.6226501465, 7.8713092804], [628.410339355, -137.562026978, -55.246307373, 32.5350036621, 14.5419216156, 59.2626724243, 22.8986263275, 192.813842773, 14.8080682755, 48.7825508118, -7.93698215485, -7.29900026321, 5.26430177689], [-421.319519043, 101.563995361, -1.68843531609, 35.2853469849, 56.4312095642, -47.8140449524, 17.4650859833, 14.8080682755, 148.237487793, 23.8574523926, 31.5668926239, -4.40297651291, -1.52808320522], [199.968765259, -115.697929382, 92.2635955811, 10.6263208389, 16.327589035, -2.46898722649, -11.50984478, 48.7825508118, 23.8574523926, 122.8462677, 24.6449356079, 14.4152936935, -3.51251649857], [-576.162353516, 243.132629395, -14.6971387863, -50.6594810486, 39.5036811829, -46.9376068115, 35.8501281738, -7.93698215485, 31.5668926239, 24.6449356079, 127.773757935, 12.4908761978, 37.1482963562], [-15.8414058685, -120.575279236, 64.5966720581, -4.50275611877, -14.8961229324, -11.2313499451, -21.6226501465, -7.29900026321, -4.40297651291, 14.4152936935, 12.4908761978, 90.8752059937, 20.0449676514], [-291.798309326, 113.445266724, -33.8838386536, -17.1528396606, 13.2777500153, -28.247587204, 7.8713092804, 5.26430177689, -1.52808320522, -3.51251649857, 37.1482963562, 20.0449676514, 91.6840362549]], "icov": [[0.000131974666147, -0.000251905992627, 0.000250918004895, -0.000381029560231, 0.000209873498534, -0.000328383728629, 0.000184622884262, -0.000288941635517, 0.000418264302425, -0.000639104575384, 0.000635142147075, -0.000563403125852, 0.000470662518637], [-0.000251905992627, 0.00191669538617, -0.000171491134097, 0.000980146578513, -0.00112837192137, 0.00131613051053, -0.000600093510002, 0.00123722536955, -0.00106482137926, 0.00235551781952, -0.00331470696256, 0.00302004930563, -0.00174870691262], [0.000250918004895, -0.000171491134097, 0.00228616502136, -0.000365871615941, -0.000275084661553, -0.0010047951946, 0.000792138511315, 0.000548793759663, 0.000677533098496, -0.00252085039392, 0.00124160409905, -0.00177002605051, 0.00121660588775], [-0.000381029560231, 0.000980146578513, -0.000365871615941, 0.00370043725707, -0.000791105267126, -0.000102347075881, 3.85908024327e-05, 0.00113807036541, -0.0024416281376, 0.00162233936135, -0.00128114328254, 0.00181336398236, -0.00170991406776], [0.000209873498534, -0.00112837192137, -0.000275084661553, -0.000791105267126, 0.0040760980919, 0.000402565812692, -0.00102362863254, -0.00137856206857, 0.000195356333279, -0.00146897346713, 0.00191266881302, -0.00116898620035, 0.000942822371144], [-0.000328383728629, 0.00131613051053, -0.0010047951946, -0.000102347075881, 0.000402565812692, 0.00589815014973, -0.00336252967827, -0.000299884646665, 0.000410084234318, 0.00237708864734, -0.00176201702561, 0.00241162697785, -0.000714756548405], [0.000184622884262, -0.000600093510002, 0.000792138511315, 3.85908024327e-05, -0.00102362863254, -0.00336252967827, 0.0083540417254, -0.000736485002562, -0.000387806328945, 2.9120270483e-05, -0.00131164479535, 4.8314454034e-05, 0.000582954380661], [-0.000288941635517, 0.00123722536955, 0.000548793759663, 0.00113807036541, -0.00137856206857, -0.000299884646665, -0.000736485002562, 0.00796630699188, -0.00170705653727, -0.00178048282396, -0.000835664279293, 0.00234551890753, -0.0025925480295], [0.000418264302425, -0.00106482137926, 0.000677533098496, -0.0024416281376, 0.000195356333279, 0.000410084234318, -0.000387806328945, -0.00170705653727, 0.00986916944385, -0.00310124806128, 0.000621019513346, -0.00183690711856, 0.00286736921407], [-0.000639104575384, 0.00235551781952, -0.00252085039392, 0.00162233936135, -0.00146897346713, 0.00237708864734, 2.9120270483e-05, -0.00178048282396, -0.00310124806128, 0.0158497616649, -0.00800178386271, 0.00357278250158, -0.00151536683552], [0.000635142147075, -0.00331470696256, 0.00124160409905, -0.00128114328254, 0.00191266881302, -0.00176201702561, -0.00131164479535, -0.000835664279293, 0.000621019513346, -0.00800178386271, 0.0178632754833, -0.0065818191506, -0.000412221910665], [-0.000563403125852, 0.00302004930563, -0.00177002605051, 0.00181336398236, -0.00116898620035, 0.00241162697785, 4.8314454034e-05, 0.00234551890753, -0.00183690711856, 0.00357278250158, -0.0065818191506, 0.0182009469718, -0.0062776086852], [0.000470662518637, -0.00174870691262, 0.00121660588775, -0.00170991406776, 0.000942822371144, -0.000714756548405, 0.000582954380661, -0.0025925480295, 0.00286736921407, -0.00151536683552, -0.000412221910665, -0.0062776086852, 0.0159697569907]]}, "melbands": {"dmean": [0.00216495594941, 0.00160698150285, 0.000776024826337, 0.000933450937737, 0.000330240553012, 0.000263471476501, 0.000175531706191, 0.000179284790647, 9.94888032437e-05, 0.00010605782154, 6.53871902614e-05, 4.15549620811e-05, 4.927403279e-05, 2.61290060735e-05, 2.11242750083e-05, 2.13696039282e-05, 1.31219012474e-05, 1.32871555252e-05, 1.03411575765e-05, 1.35872833198e-05, 1.06403413156e-05, 1.22064220704e-05, 1.03550819404e-05, 7.2817401815e-06, 5.72555336475e-06, 3.53122982233e-06, 3.3250105389e-06, 3.16360387842e-06, 2.605007694e-06, 2.02220735446e-06, 1.49093511936e-06, 1.36061942158e-06, 1.32432728606e-06, 1.05232709302e-06, 7.95444009327e-07, 7.55847224809e-07, 6.32924866295e-07, 5.11471853315e-07, 4.34326210552e-07, 3.72317686015e-07], "dmean2": [0.00367315695621, 0.00286210537888, 0.0012875685934, 0.00161421485245, 0.00053899269551, 0.000415482034441, 0.000270618649665, 0.000280144507997, 0.000149271756527, 0.000155721456395, 9.79600154096e-05, 6.33612507954e-05, 7.37732261769e-05, 3.96444738726e-05, 3.23514941556e-05, 3.33523203153e-05, 2.0473571567e-05, 2.07201774174e-05, 1.63159693329e-05, 2.099163612e-05, 1.62795149663e-05, 1.89923266589e-05, 1.64454722835e-05, 1.17361196317e-05, 9.31656086323e-06, 5.68401219425e-06, 5.30847592017e-06, 5.08707944391e-06, 4.21360027758e-06, 3.24811048813e-06, 2.38627512772e-06, 2.13014368455e-06, 2.02537921723e-06, 1.56200849233e-06, 1.20146808058e-06, 1.12649570383e-06, 9.37968479775e-07, 7.30599822418e-07, 5.97179393935e-07, 5.31287582817e-07], "dvar": [5.01586800965e-05, 1.17465533549e-05, 2.64461436927e-06, 9.54483402893e-06, 4.52144888641e-07, 2.88554304007e-07, 1.3120673259e-07, 2.27022511012e-07, 5.74658010066e-08, 5.87972728283e-08, 4.16975609596e-08, 1.43922544993e-08, 1.52016390587e-08, 5.33520605472e-09, 2.71391065176e-09, 2.70266342639e-09, 1.01613450987e-09, 8.6313062253e-10, 4.50720100131e-10, 7.16427750458e-10, 5.13735609609e-10, 5.86813764247e-10, 3.77101461169e-10, 1.95325616792e-10, 1.26057539407e-10, 4.10154132879e-11, 3.91920627896e-11, 4.73007050195e-11, 3.8733499047e-11, 3.0824669206e-11, 1.63785911916e-11, 1.48018507173e-11, 1.5418746141e-11, 1.09903041529e-11, 5.11156048044e-12, 1.03139710314e-11, 9.61551758355e-12, 8.7492747422e-12, 8.7934000359e-12, 6.72611055394e-12], "dvar2": [0.000131283333758, 3.44266481989e-05, 6.56744259686e-06, 2.56961357081e-05, 1.17481192774e-06, 7.25318841432e-07, 3.16460671002e-07, 5.5200615634e-07, 1.28158234247e-07, 1.28326178128e-07, 9.3087557218e-08, 3.35273355745e-08, 3.39904886459e-08, 1.15647065257e-08, 6.04330230303e-09, 6.39289066129e-09, 2.33247665626e-09, 1.90022997337e-09, 1.05153119545e-09, 1.62152002936e-09, 1.18676490857e-09, 1.42590927954e-09, 9.19306741842e-10, 4.99692787148e-10, 3.20513837693e-10, 1.06496776675e-10, 9.97779428524e-11, 1.20351048571e-10, 1.01607798564e-10, 7.88244400307e-11, 4.15990679403e-11, 3.56529215872e-11, 3.68786008675e-11, 2.54198398442e-11, 1.13484135283e-11, 2.33364699093e-11, 2.07215373332e-11, 1.63700303313e-11, 1.60852772074e-11, 1.43485171661e-11], "max": [0.0671113207936, 0.033068433404, 0.0245043970644, 0.0368042327464, 0.00797135848552, 0.00819946732372, 0.00750049762428, 0.0137534085661, 0.00661826925352, 0.00451660668477, 0.00710065476596, 0.00550988735631, 0.00615168083459, 0.00336325680837, 0.00214769132435, 0.00138251727913, 0.00106260878965, 0.000855733756907, 0.000557261577342, 0.000646965752821, 0.000719704141375, 0.000568627379835, 0.000875584431924, 0.000254260143265, 0.000353040086338, 0.000129894237034, 0.000149302024511, 0.000160856958246, 0.000145567159052, 0.0001281278237, 0.000106183928438, 7.91781058069e-05, 0.000112764675578, 0.000138482908369, 6.83463877067e-05, 0.000114598296932, 0.000104693659523, 0.000142348086229, 0.000151622414705, 0.000115786264359], "mean": [0.00231240154244, 0.00238530524075, 0.00139676453546, 0.00115136883687, 0.000659653160255, 0.000642497092485, 0.000440734263975, 0.000426036975114, 0.000251296587521, 0.000264587171841, 0.000161162417498, 9.20100719668e-05, 0.000107501487946, 5.43959358765e-05, 4.45512087026e-05, 4.27623599535e-05, 2.42533114942e-05, 2.51783403655e-05, 1.82358635357e-05, 2.68000749202e-05, 2.43863069045e-05, 2.88056635327e-05, 2.16507705773e-05, 1.47869604916e-05, 1.09285711005e-05, 7.59896693125e-06, 7.00561076883e-06, 6.19348656983e-06, 4.66260826215e-06, 3.34815467795e-06, 2.32459524341e-06, 2.03082322514e-06, 2.06740492104e-06, 1.72706506874e-06, 1.36665539685e-06, 1.23529162011e-06, 1.02341550701e-06, 8.09508264865e-07, 6.75965395658e-07, 5.54413020382e-07], "median": [0.000923555635381, 0.00149777531624, 0.000824997201562, 0.000463443459012, 0.000335826189257, 0.000217905006139, 0.000171140884049, 0.000122635654407, 8.87422793312e-05, 5.5724325648e-05, 3.02902517433e-05, 2.50812263403e-05, 3.01492982544e-05, 1.56094647537e-05, 1.606980004e-05, 1.54121335072e-05, 9.10666312848e-06, 1.10442861114e-05, 7.17832608643e-06, 1.02527101262e-05, 1.04370337795e-05, 1.18440566439e-05, 9.66714105743e-06, 5.79293464398e-06, 5.94323546466e-06, 4.11570226788e-06, 3.0907542623e-06, 2.18754212256e-06, 1.71690248862e-06, 9.83613062999e-07, 7.02453235135e-07, 4.2028682401e-07, 4.53560630831e-07, 3.82585483294e-07, 2.79690254956e-07, 2.54059017379e-07, 1.85028270039e-07, 1.44096503618e-07, 1.35434348181e-07, 1.12637657423e-07], "min": [1.64040489519e-24, 1.05436052313e-24, 1.01235683537e-24, 1.47824576004e-24, 2.71746094656e-24, 5.70031728277e-25, 1.16130471972e-24, 1.13665064706e-24, 1.59050096268e-24, 1.89922581945e-24, 1.9678644096e-24, 2.99055137852e-24, 2.72153422984e-24, 2.43645922579e-24, 2.33786600935e-24, 1.97290345585e-24, 3.17145177802e-24, 3.93615440966e-24, 4.42744830396e-24, 3.34598508393e-24, 4.53456338755e-24, 4.08092774071e-24, 4.26832440976e-24, 2.87451072823e-24, 3.57163559043e-24, 3.9078930733e-24, 4.35199809712e-24, 3.89622069292e-24, 4.12119948435e-24, 4.89846965629e-24, 4.1853488643e-24, 5.81200489999e-24, 5.34356746155e-24, 4.53567568143e-24, 6.11750942934e-24, 5.26447035074e-24, 5.9581701761e-24, 6.53329474108e-24, 5.30781036887e-24, 6.14813064309e-24], "var": [3.94102862629e-05, 1.01208461274e-05, 4.34410776506e-06, 7.86070995673e-06, 7.79275126206e-07, 9.88041165328e-07, 4.26447883228e-07, 7.56620067932e-07, 1.80933426464e-07, 2.61180986172e-07, 2.15624126554e-07, 8.69421228344e-08, 5.8313123219e-08, 2.00634993064e-08, 8.83031248122e-09, 9.09240860381e-09, 2.64232746794e-09, 2.42978126508e-09, 9.73364167045e-10, 2.20357732061e-09, 2.26683427584e-09, 2.54291832036e-09, 1.84925497138e-09, 7.08606506805e-10, 2.5835561468e-10, 1.03850809896e-10, 1.11177990425e-10, 1.08647882358e-10, 7.51315537562e-11, 5.36402658402e-11, 2.38765326954e-11, 2.18042580519e-11, 2.31540932261e-11, 1.98553586767e-11, 1.18621466816e-11, 1.81954191297e-11, 1.81763007423e-11, 1.66370268256e-11, 1.65695131227e-11, 1.0433771902e-11]}, "mfcc": {"mean": [-666.36151123, 139.032958984, 3.30178809166, 31.7134590149, 8.24265384674, 0.218995422125, 0.0227818079293, 5.25249385834, -0.913908958435, 0.87573570013, -1.20787584782, 2.89181303978, 0.636995911598], "cov": [[12250.625, -201.581680298, -511.962860107, 535.66796875, -129.93977356, 118.166633606, 149.07611084, 318.889678955, 282.147766113, 314.356872559, 66.6289825439, 52.4074745178, -5.96710062027], [-201.581680298, 1537.99926758, -326.70703125, 64.7390823364, 99.0898666382, -66.6620941162, 109.139129639, 11.5882492065, -16.0168609619, 1.70669817924, -7.19490432739, 3.03598546982, 10.9646205902], [-511.962860107, -326.70703125, 680.690246582, -69.2363433838, 0.411594837904, 122.235641479, -35.3179779053, -48.7218513489, -64.0272903442, -48.5728569031, 5.83301782608, -23.9916000366, -12.7818136215], [535.66796875, 64.7390823364, -69.2363433838, 348.546936035, 98.8536224365, 6.53488492966, -40.0430374146, -7.56889343262, 30.4688072205, 8.53596496582, 8.30624198914, 41.8162689209, 35.8923606873], [-129.93977356, 99.0898666382, 0.411594837904, 98.8536224365, 214.802337646, 8.31717205048, -6.3046131134, -3.85000681877, 33.0204353333, 1.44980442524, 16.1165809631, 17.6897716522, 14.9233160019], [118.166633606, -66.6620941162, 122.235641479, 6.53488492966, 8.31717205048, 191.819381714, 14.5612802505, 27.2070980072, -14.6820077896, 4.41552829742, 18.7816123962, -18.9096565247, -24.6078662872], [149.07611084, 109.139129639, -35.3179779053, -40.0430374146, -6.3046131134, 14.5612802505, 172.828552246, 32.7886009216, 8.77171516418, 35.9672050476, -0.629911065102, -4.84022951126, -0.467404454947], [318.889678955, 11.5882492065, -48.7218513489, -7.56889343262, -3.85000681877, 27.2070980072, 32.7886009216, 120.660881042, 38.416015625, 19.4590950012, 10.3535089493, 10.6245450974, -3.23590898514], [282.147766113, -16.0168609619, -64.0272903442, 30.4688072205, 33.0204353333, -14.6820077896, 8.77171516418, 38.416015625, 102.854492188, 46.2279205322, 5.62097501755, 17.4836101532, 13.8122730255], [314.356872559, 1.70669817924, -48.5728569031, 8.53596496582, 1.44980442524, 4.41552829742, 35.9672050476, 19.4590950012, 46.2279205322, 109.75605011, 37.8417320251, 11.5960187912, 5.5490860939], [66.6289825439, -7.19490432739, 5.83301782608, 8.30624198914, 16.1165809631, 18.7816123962, -0.629911065102, 10.3535089493, 5.62097501755, 37.8417320251, 87.2446746826, 38.9773445129, 4.2248544693], [52.4074745178, 3.03598546982, -23.9916000366, 41.8162689209, 17.6897716522, -18.9096565247, -4.84022951126, 10.6245450974, 17.4836101532, 11.5960187912, 38.9773445129, 96.4872131348, 45.4457130432], [-5.96710062027, 10.9646205902, -12.7818136215, 35.8923606873, 14.9233160019, -24.6078662872, -0.467404454947, -3.23590898514, 13.8122730255, 5.5490860939, 4.2248544693, 45.4457130432, 83.5059509277]], "icov": [[0.000108140666271, 2.33657938224e-05, 4.06500475947e-05, -0.00021406817541, 0.000161814998137, -4.74303524243e-05, -5.88833609072e-05, -0.000186931007192, -0.000121139906696, -0.000181926749065, 8.89579496288e-06, 3.0507115298e-05, 6.74974144204e-05], [2.33657938224e-05, 0.000820098328404, 0.000401302037062, -0.000111739107524, -0.00042240053881, 0.000136485032272, -0.000533234677278, -7.44083154132e-05, 0.00052922492614, 7.17302973499e-05, -3.16420228046e-05, 0.000125028658658, -4.54656837974e-05], [4.06500475947e-05, 0.000401302037062, 0.00211831694469, 0.00039015134098, -0.000342681189068, -0.00131945800968, 5.94013399677e-05, 0.00072212528903, 0.000604961474892, 0.000523662311025, -0.00023399622296, 0.000162999524036, -0.000404240214266], [-0.00021406817541, -0.000111739107524, 0.00039015134098, 0.00421662442386, -0.00182449747808, -0.000756468623877, 0.00113082746975, 0.000850365438964, -2.49782151514e-05, -9.17713987292e-05, 0.000822707661428, -0.00135082833003, -0.000907114241272], [0.000161814998137, -0.00042240053881, -0.000342681189068, -0.00182449747808, 0.00635726051405, -0.000370830821339, -0.000318355392665, 0.000581716303714, -0.00300085963681, 0.00127078115474, -0.00168792100158, 0.000473209831398, -0.00018606861704], [-4.74303524243e-05, 0.000136485032272, -0.00131945800968, -0.000756468623877, -0.000370830821339, 0.00714006554335, -0.000646285130642, -0.00227237399668, 0.00137314759195, -0.000261728157056, -0.00176734267734, 0.0016573802568, 0.00115823338274], [-5.88833609072e-05, -0.000533234677278, 5.94013399677e-05, 0.00113082746975, -0.000318355392665, -0.000646285130642, 0.00734983198345, -0.00156790681649, 0.00110362668056, -0.00297738215886, 0.00167586759198, -0.000234129984165, -0.000506388198119], [-0.000186931007192, -7.44083154132e-05, 0.00072212528903, 0.000850365438964, 0.000581716303714, -0.00227237399668, -0.00156790681649, 0.0114894006401, -0.00453873118386, 0.00164859299548, -0.000806896365248, -0.00144053949043, 0.000870268966537], [-0.000121139906696, 0.00052922492614, 0.000604961474892, -2.49782151514e-05, -0.00300085963681, 0.00137314759195, 0.00110362668056, -0.00453873118386, 0.0166263617575, -0.00701721478254, 0.00368276936933, -0.00172651384491, -0.000734077882953], [-0.000181926749065, 7.17302973499e-05, 0.000523662311025, -9.17713987292e-05, 0.00127078115474, -0.000261728157056, -0.00297738215886, 0.00164859299548, -0.00701721478254, 0.0160088371485, -0.00794266350567, 0.00275371782482, -0.00115974259097], [8.89579496288e-06, -3.16420228046e-05, -0.00023399622296, 0.000822707661428, -0.00168792100158, -0.00176734267734, 0.00167586759198, -0.000806896365248, 0.00368276936933, -0.00794266350567, 0.0194736775011, -0.00950005464256, 0.0034778569825], [3.0507115298e-05, 0.000125028658658, 0.000162999524036, -0.00135082833003, 0.000473209831398, 0.0016573802568, -0.000234129984165, -0.00144053949043, -0.00172651384491, 0.00275371782482, -0.00950005464256, 0.0194407664239, -0.00905882567167], [6.74974144204e-05, -4.54656837974e-05, -0.000404240214266, -0.000907114241272, -0.00018606861704, 0.00115823338274, -0.000506388198119, 0.000870268966537, -0.000734077882953, -0.00115974259097, 0.0034778569825, -0.00905882567167, 0.0176719967276]]}, "spectral_contrast_coeffs": {"dmean": [0.0501853972673, 0.0446043424308, 0.0369600877166, 0.0308615099639, 0.0228627901524, 0.0188412647694], "dmean2": [0.0832241624594, 0.0721766501665, 0.0585376285017, 0.0486323535442, 0.0350764431059, 0.0296340659261], "dvar": [0.00215438217856, 0.0016068466939, 0.00110599992331, 0.000703803088982, 0.000430137180956, 0.000406635692343], "dvar2": [0.00549079105258, 0.00393683742732, 0.00259374990128, 0.00164983398281, 0.000932707160246, 0.000992327230051], "max": [-0.247886434197, -0.328612625599, -0.402143269777, -0.530146121979, -0.529262423515, -0.611600339413], "mean": [-0.64591896534, -0.644990622997, -0.723342657089, -0.756775021553, -0.76540273428, -0.767028152943], "median": [-0.650617778301, -0.642826378345, -0.732047140598, -0.759628653526, -0.768593549728, -0.76430439949], "min": [-0.97873711586, -0.982241094112, -0.97717320919, -0.973021805286, -0.966495037079, -0.964172422886], "var": [0.00735165784135, 0.00875720009208, 0.0079565057531, 0.00424751639366, 0.00335532659665, 0.00233425805345]}, "spectral_contrast_valleys": {"dmean": [0.379681408405, 0.363921314478, 0.325233250856, 0.322787970304, 0.301246523857, 0.314633578062], "dmean2": [0.626494765282, 0.591945648193, 0.513005852699, 0.493179351091, 0.432329207659, 0.391230732203], "dvar": [0.13658438623, 0.139805421233, 0.119718402624, 0.127407461405, 0.143339321017, 0.173133060336], "dvar2": [0.317140936852, 0.298993825912, 0.243182316422, 0.248538926244, 0.276352792978, 0.288777977228], "max": [-4.85363388062,