{"lowlevel": {"average_loudness": 0.714380741119, "barkbands_crest": {"dmean": 2.67378926277, "dmean2": 4.23378801346, "dvar": 11.086397171, "dvar2": 24.1274242401, "max": 26.9059467316, "mean": 13.6086702347, "median": 12.7873363495, "min": 2.47073531151, "var": 29.7995986938}, "barkbands_flatness_db": {"dmean": 0.0819967016578, "dmean2": 0.111433565617, "dvar": 0.00746258441359, "dvar2": 0.014839777723, "max": 0.683432221413, "mean": 0.332137525082, "median": 0.338650524616, "min": 0.0330598689616, "var": 0.0179922934622}, "barkbands_kurtosis": {"dmean": 9.35908794403, "dmean2": 14.9312744141, "dvar": 1152.47717285, "dvar2": 2623.6887207, "max": 1329.45092773, "mean": 12.3134412766, "median": 2.72265744209, "min": -1.9451584816, "var": 1572.78540039}, "barkbands_skewness": {"dmean": 0.966673016548, "dmean2": 1.51052939892, "dvar": 1.99262106419, "dvar2": 4.46528530121, "max": 26.7266426086, "mean": 1.5652885437, "median": 1.27190339565, "min": -5.7844619751, "var": 4.772772789}, "barkbands_spread": {"dmean": 5.25884103775, "dmean2": 8.86562824249, "dvar": 103.122924805, "dvar2": 247.282791138, "max": 154.153762817, "mean": 8.46598720551, "median": 5.38399410248, "min": 0.0562375076115, "var": 131.761550903}, "dissonance": {"dmean": 0.059172373265, "dmean2": 0.0920061767101, "dvar": 0.00290544773452, "dvar2": 0.00669194106013, "max": 0.499999970198, "mean": 0.360112756491, "median": 0.373805642128, "min": 0.0513831488788, "var": 0.00822321884334}, "dynamic_complexity": 4.05055046082, "erbbands_crest": {"dmean": 3.59601736069, "dmean2": 5.67093896866, "dvar": 18.2994289398, "dvar2": 38.3740577698, "max": 33.3312797546, "mean": 16.1977348328, "median": 14.9468574524, "min": 2.05478167534, "var": 56.0986785889}, "erbbands_flatness_db": {"dmean": 0.066504381597, "dmean2": 0.0916842371225, "dvar": 0.00509401736781, "dvar2": 0.0101456567645, "max": 0.633185148239, "mean": 0.319224119186, "median": 0.326991975307, "min": 0.0334235057235, "var": 0.0127601921558}, "erbbands_kurtosis": {"dmean": 4.20991563797, "dmean2": 6.71885251999, "dvar": 66.2843933105, "dvar2": 148.059875488, "max": 139.924560547, "mean": 6.19804859161, "median": 2.08515453339, "min": -1.81387448311, "var": 141.818771362}, "erbbands_skewness": {"dmean": 0.803788781166, "dmean2": 1.22923433781, "dvar": 0.886953473091, "dvar2": 1.96243715286, "max": 9.3479013443, "mean": 0.667256891727, "median": 0.530144453049, "min": -5.41060638428, "var": 2.82791924477}, "erbbands_spread": {"dmean": 7.86411237717, "dmean2": 12.7660694122, "dvar": 149.062179565, "dvar2": 341.434692383, "max": 126.056411743, "mean": 15.0334911346, "median": 10.7825050354, "min": 0.348772823811, "var": 207.663040161}, "hfc": {"dmean": 9.08603096008, "dmean2": 16.4708881378, "dvar": 355.545898438, "dvar2": 987.959106445, "max": 135.2003479, "mean": 13.1761789322, "median": 7.6178445816, "min": 2.09360879327e-11, "var": 294.025909424}, "melbands_crest": {"dmean": 3.04931330681, "dmean2": 4.71804094315, "dvar": 15.8405828476, "dvar2": 34.0287399292, "max": 39.7232017517, "mean": 18.1735210419, "median": 17.1689453125, "min": 2.51830196381, "var": 46.8929252625}, "melbands_flatness_db": {"dmean": 0.091694124043, "dmean2": 0.123688347638, "dvar": 0.00922895316035, "dvar2": 0.0188780855387, "max": 0.829208314419, "mean": 0.430047959089, "median": 0.437045305967, "min": 0.0220502968878, "var": 0.0230702143162}, "melbands_kurtosis": {"dmean": 12.0097780228, "dmean2": 19.4377307892, "dvar": 4391.83056641, "dvar2": 10771.2607422, "max": 3422.13964844, "mean": 15.9817810059, "median": 4.83389091492, "min": -1.90860307217, "var": 4109.73291016}, "melbands_skewness": {"dmean": 0.984906494617, "dmean2": 1.51815319061, "dvar": 2.44320511818, "dvar2": 5.46081924438, "max": 53.3775215149, "mean": 1.94376075268, "median": 1.65017843246, "min": -4.62260770798, "var": 5.16815328598}, "melbands_spread": {"dmean": 5.28263425827, "dmean2": 8.75176143646, "dvar": 109.501190186, "dvar2": 261.123596191, "max": 192.624404907, "mean": 9.72366333008, "median": 6.63055992126, "min": 0.0981238782406, "var": 148.225021362}, "pitch_salience": {"dmean": 0.08561501652, "dmean2": 0.133381769061, "dvar": 0.0114130908623, "dvar2": 0.0256866142154, "max": 0.980704903603, "mean": 0.458662062883, "median": 0.454428434372, "min": 0.0104113211855, "var": 0.0257057957351}, "silence_rate_20dB": {"dmean": 0, "dmean2": 0, "dvar": 0, "dvar2": 0, "max": 1, "mean": 1, "median": 1, "min": 1, "var": 0}, "silence_rate_30dB": {"dmean": 0.00927682872862, "dmean2": 0.0185575708747, "dvar": 0.00919085275382, "dvar2": 0.0232741609216, "max": 1, "mean": 0.99325466156, "median": 1, "min": 0, "var": 0.00669991085306}, "silence_rate_60dB": {"dmean": 0.0527092553675, "dmean2": 0.105229862034, "dvar": 0.049929831177, "dvar2": 0.106813378632, "max": 1, "mean": 0.113827995956, "median": 0, "min": 0, "var": 0.100878879428}, "spectral_centroid": {"dmean": 220.492156982, "dmean2": 359.985198975, "dvar": 144820.5, "dvar2": 319135.125, "max": 4234.80810547, "mean": 638.337463379, "median": 490.773193359, "min": 119.213867188, "var": 272127.8125}, "spectral_complexity": {"dmean": 4.25764274597, "dmean2": 7.2595949173, "dvar": 47.8909034729, "dvar2": 119.191879272, "max": 43, "mean": 8.51580905914, "median": 7, "min": 0, "var": 48.9323234558}, "spectral_decrease": {"dmean": 2.76804867916e-09, "dmean2": 4.80269957137e-09, "dvar": 3.31757626062e-17, "dvar2": 9.33210476355e-17, "max": 3.1022786834e-17, "mean": -7.53000684028e-09, "median": -6.85562362435e-09, "min": -6.99484061784e-08, "var": 4.25372302962e-17}, "spectral_energy": {"dmean": 0.0112172104418, "dmean2": 0.0195001494139, "dvar": 0.000523843220435, "dvar2": 0.00147239293437, "max": 0.27186062932, "mean": 0.0296150892973, "median": 0.02658976987, "min": 1.93067628975e-15, "var": 0.000662113830913}, "spectral_energyband_high": {"dmean": 0.000336066557793, "dmean2": 0.000630793103483, "dvar": 9.96267999653e-07, "dvar2": 2.82604992208e-06, "max": 0.00683801155537, "mean": 0.000197571513127, "median": 1.50547850808e-06, "min": 1.6696126886e-15, "var": 5.7295943634e-07}, "spectral_energyband_low": {"dmean": 0.0031550838612, "dmean2": 0.00524856336415, "dvar": 3.35350741807e-05, "dvar2": 8.3307902969e-05, "max": 0.0599109381437, "mean": 0.0119011579081, "median": 0.0134265385568, "min": 1.41015120394e-17, "var": 0.000122557685245}, "spectral_energyband_middle_high": {"dmean": 0.00262880907394, "dmean2": 0.00465173274279, "dvar": 3.01428190141e-05, "dvar2": 7.76851447881e-05, "max": 0.0712211802602, "mean": 0.00358744943514, "median": 0.000564369023778, "min": 2.15171528128e-16, "var": 4.9469901569e-05}, "spectral_energyband_middle_low": {"dmean": 0.00717310653999, "dmean2": 0.0123065635562, "dvar": 0.000364109117072, "dvar2": 0.00103716540616, "max": 0.246701017022, "mean": 0.0153814144433, "median": 0.0100747691467, "min": 2.86382401949e-17, "var": 0.000379175122362}, "spectral_entropy": {"dmean": 0.70146638155, "dmean2": 0.995392918587, "dvar": 0.583885073662, "dvar2": 1.14471697807, "max": 9.09345722198, "mean": 5.91577863693, "median": 5.74666976929, "min": 2.90994381905, "var": 1.34877753258}, "spectral_flux": {"dmean": 0.0417262092233, "dmean2": 0.0658283159137, "dvar": 0.00306092505343, "dvar2": 0.00546477735043, "max": 0.441898524761, "mean": 0.0636989921331, "median": 0.0386858358979, "min": 8.50891774462e-06, "var": 0.00449518347159}, "spectral_kurtosis": {"dmean": 43.0673942566, "dmean2": 66.857131958, "dvar": 3066.43823242, "dvar2": 6540.11914062, "max": 576.155883789, "mean": 64.9681854248, "median": 36.4210357666, "min": -0.437371253967, "var": 5623.56445312}, "spectral_rms": {"dmean": 0.000961982703302, "dmean2": 0.0015969176311, "dvar": 2.38727852775e-06, "dvar2": 6.20149285169e-06, "max": 0.0162858795375, "mean": 0.00479905912653, "median": 0.00509325414896, "min": 1.37243816312e-09, "var": 5.86175156059e-06}, "spectral_rolloff": {"dmean": 384.26864624, "dmean2": 696.120178223, "dvar": 2087435.125, "dvar2": 5257210, "max": 18820.0195312, "mean": 785.360412598, "median": 538.330078125, "min": 21.533203125, "var": 2118086}, "spectral_skewness": {"dmean": 2.25414252281, "dmean2": 3.42077159882, "dvar": 5.5195274353, "dvar2": 10.9106607437, "max": 18.9216556549, "mean": 5.29606580734, "median": 4.3879160881, "min": 0.189601302147, "var": 12.5304689407}, "spectral_spread": {"dmean": 927903.3125, "dmean2": 1424029, "dvar": 1409619329020.0, "dvar2": 3068018294780.0, "max": 23589564, "mean": 2085875.5, "median": 1604290.125, "min": 196890.15625, "var": 2586748649470.0}, "spectral_strongpeak": {"dmean": 0.347637802362, "dmean2": 0.564408481121, "dvar": 0.521653354168, "dvar2": 1.00157475471, "max": 9.27323532104, "mean": 1.183339715, "median": 0.628300428391, "min": 0, "var": 2.09162926674}, "zerocrossingrate": {"dmean": 0.0075951772742, "dmean2": 0.00987003650516, "dvar": 0.000320679013385, "dvar2": 0.000371871545212, "max": 0.5810546875, "mean": 0.0272219888866, "median": 0.021484375, "min": 0.00146484375, "var": 0.00129890721291}, "barkbands": {"dmean": [0.00012362760026, 0.00167617178522, 0.00162854464725, 0.00109304767102, 0.00225094193593, 0.00183832796756, 0.000946215528529, 0.00116744614206, 0.000996396876872, 0.00077158678323, 0.000585615169257, 0.000424519676017, 0.000187438970897, 0.000195852247998, 0.00024330909946, 0.000250715296715, 0.000186893739738, 0.000103859762021, 5.11127909704e-05, 7.28793893359e-05, 6.81737947161e-05, 8.57109407661e-05, 3.40153528668e-05, 9.58813870966e-06, 8.42673125589e-06, 2.08436467801e-05, 7.46370642446e-05], "dmean2": [0.00021312890749, 0.00268267490901, 0.00276541663334, 0.0018687431002, 0.00406641233712, 0.00323847029358, 0.00157899269834, 0.00179630308412, 0.00157064991072, 0.00122461339924, 0.000953313196078, 0.000795576022938, 0.000341990875313, 0.000365918909665, 0.00045429050806, 0.000470060273074, 0.000351831287844, 0.000193608109839, 9.19067970244e-05, 0.000133241672302, 0.000126060229377, 0.000161869436852, 6.43737948849e-05, 1.80892202479e-05, 1.61317821039e-05, 4.03985395678e-05, 0.000144806908793], "dvar": [1.26466645156e-07, 8.51885761222e-06, 1.23961281133e-05, 6.94143000146e-06, 8.80349907675e-05, 4.730989167e-05, 9.66238167166e-06, 1.49184434122e-05, 5.39667780686e-06, 6.46707576379e-06, 2.67774316853e-06, 2.03194895221e-06, 2.65156756996e-07, 3.28558314777e-07, 4.48098887773e-07, 4.04090769734e-07, 3.04303426901e-07, 8.50590495816e-08, 1.44733416363e-08, 3.85952532156e-08, 4.21996873001e-08, 8.54614512491e-08, 1.20384999747e-08, 1.45683154429e-09, 1.30142419064e-09, 8.61604032565e-09, 9.83235608487e-08], "dvar2": [3.31107742113e-07, 1.95464053832e-05, 3.02203661704e-05, 1.87131336133e-05, 0.000257537903963, 0.000133653797093, 2.61669429165e-05, 3.72645590687e-05, 1.13525065899e-05, 1.08276517494e-05, 5.1422357501e-06, 5.84595954933e-06, 7.42579004509e-07, 9.37321260608e-07, 1.24047244299e-06, 1.13676753699e-06, 8.66552625212e-07, 2.39771253518e-07, 3.90155356911e-08, 1.06604737482e-07, 1.18587884401e-07, 2.44628097334e-07, 3.44081421133e-08, 4.2153973645e-09, 3.79575437748e-09, 2.51421390374e-08, 2.87401292098e-07], "max": [0.00341196614318, 0.0257965717465, 0.0415885522962, 0.0295130293816, 0.182206854224, 0.10781416297, 0.0714501962066, 0.11936289072, 0.0268759857863, 0.0629694163799, 0.0498681478202, 0.0170779209584, 0.0070888902992, 0.00600779056549, 0.0113444970921, 0.00536659220234, 0.00546529982239, 0.00267425039783, 0.00100797612686, 0.00173486664426, 0.00172308925539, 0.002343934495, 0.000820990710054, 0.000440783507656, 0.000339226069627, 0.00089875300182, 0.00323227769695], "mean": [9.01277016965e-05, 0.00527412351221, 0.00548399752006, 0.0020745373331, 0.00292707700282, 0.00275478512049, 0.002153333975, 0.00280586630106, 0.00182902312372, 0.00172879081219, 0.00111351942178, 0.000318444886943, 0.000177041336428, 0.000131145963678, 0.000165249250131, 0.000149317813339, 0.000118961375847, 6.6821143264e-05, 3.44151922036e-05, 4.77031826449e-05, 4.1413190047e-05, 4.87799152324e-05, 1.90861974261e-05, 5.5593354773e-06, 4.67522795589e-06, 1.13178139145e-05, 3.99807249778e-05], "median": [4.31485204899e-06, 0.00303280679509, 0.00209503062069, 0.000252889265539, 0.00109354080632, 0.000643489998765, 0.000214744679397, 0.000187905796338, 0.000245947565418, 7.65307631809e-05, 7.60098628234e-05, 2.39948130911e-05, 1.94536987692e-05, 1.14952745207e-05, 8.06580374046e-06, 3.03018964587e-06, 1.89572278941e-06, 1.29176964947e-06, 8.15225462247e-07, 8.17682462184e-07, 3.44382954154e-07, 2.25060233561e-07, 4.48759003291e-08, 2.58399293074e-08, 1.35651223587e-08, 1.31301156614e-08, 5.16021270158e-09], "min": [4.32603879837e-18, 6.29167635978e-18, 3.86554776495e-18, 3.42711391615e-18, 5.93996454e-18, 1.9731047276e-18, 8.98858707763e-19, 4.04742782445e-18, 1.01073885608e-17, 4.78180787126e-18, 3.88885032168e-19, 2.86113067806e-18, 1.43059497278e-17, 3.46967988601e-17, 1.09555001515e-17, 5.53105367717e-17, 1.51852542994e-17, 1.1024515966e-17, 5.87731876077e-17, 4.92007987876e-17, 1.18694673959e-16, 5.01901961357e-17, 1.06216594862e-16, 1.76144842425e-16, 2.64801584023e-16, 4.70057069491e-16, 4.44425905447e-16], "var": [9.15494240417e-08, 3.50200789399e-05, 5.14546918566e-05, 1.17385134217e-05, 5.65279879083e-05, 3.93382979382e-05, 3.12835945806e-05, 6.20354985585e-05, 1.59009996423e-05, 2.98134473269e-05, 1.35470272653e-05, 1.29560044115e-06, 2.62976215026e-07, 1.90415860857e-07, 3.50383174919e-07, 2.38756541648e-07, 1.96159874122e-07, 5.31453352437e-08, 9.93846693831e-09, 2.56041268187e-08, 2.49675071728e-08, 4.79756501193e-08, 6.76920874909e-09, 7.98785981804e-10, 6.96489477203e-10, 4.58887017274e-09, 5.20186986819e-08]}, "erbbands": {"dmean": [0.0282380953431, 0.448007196188, 1.7569065094, 2.73007082939, 4.1611661911, 8.38911056519, 15.527256012, 13.9632368088, 14.6764192581, 14.9565811157, 25.4491577148, 25.9604797363, 23.1796741486, 21.9140815735, 23.6310405731, 17.3254261017, 9.33641910553, 10.0378694534, 10.629942894, 15.8054943085, 12.2166509628, 9.84145069122, 6.38949584961, 3.00108909607, 3.12643694878, 3.85110902786, 2.41806554794, 2.95784783363, 3.30487799644, 2.2101225853, 0.729471445084, 0.309767097235, 0.116357557476, 0.0780310258269, 0.0684196352959, 0.0541511811316, 0.0437288992107, 0.0339653939009, 0.0155082894489, 0.000763779797126], "dmean2": [0.0478939265013, 0.71349221468, 2.91299343109, 4.71515274048, 7.25319290161, 15.2984876633, 28.1651077271, 23.9157562256, 24.4282588959, 23.2762527466, 40.6343727112, 39.8195114136, 37.4133491516, 35.9144363403, 38.5489807129, 32.1354789734, 17.0675182343, 18.6890792847, 19.6174697876, 29.7279033661, 22.9301605225, 18.4795722961, 11.9690446854, 5.40450000763, 5.69936037064, 7.06587505341, 4.4364824295, 5.48985338211, 6.23106622696, 4.19715499878, 1.37759542465, 0.584305822849, 0.220277428627, 0.148698627949, 0.131449356675, 0.104756735265, 0.0846497565508, 0.0659983456135, 0.0300602260977, 0.00147854175884], "dvar": [0.00322330207564, 0.653009951115, 12.9783287048, 39.5590515137, 132.247848511, 1459.86437988, 4890.20117188, 2036.51037598, 2080.70874023, 1874.80334473, 9082.36914062, 3661.78369141, 4828.88232422, 5538.13037109, 4566.78222656, 3306.57641602, 649.024658203, 1014.92144775, 682.29675293, 2077.00170898, 1018.77282715, 847.521789551, 316.914001465, 52.7043457031, 66.1956481934, 113.485870361, 58.0256156921, 83.8408584595, 123.406425476, 63.0785713196, 5.23170471191, 1.27006411552, 0.202102184296, 0.0908911824226, 0.100981399417, 0.0681451931596, 0.037261787802, 0.0210075806826, 0.00434695510194, 1.1051140973e-05], "dvar2": [0.00823390576988, 1.49590802193, 31.2054615021, 104.077468872, 370.756469727, 4270.07714844, 14229.5205078, 5608.51855469, 5589.67773438, 4634.06494141, 23117.1601562, 7077.91992188, 8429.46777344, 9688.55078125, 8736.16992188, 9471.46777344, 1818.77160645, 2908.32275391, 1828.35449219, 5849.64697266, 2886.91699219, 2420.51635742, 895.240844727, 142.685714722, 182.223800659, 315.496337891, 162.735656738, 235.896743774, 352.250061035, 181.537872314, 14.9049091339, 3.65943431854, 0.583457708359, 0.263212829828, 0.29558467865, 0.199610576034, 0.108766205609, 0.0613603517413, 0.0127107379958, 3.23680396832e-05], "max": [0.521323442459, 7.40095043182, 34.1322174072, 74.6075744629, 152.845901489, 792.697509766, 1149.66882324, 759.722961426, 1105.0078125, 1108.96789551, 3244.97436523, 772.466003418, 1570.50634766, 2231.94482422, 1963.3770752, 554.364440918, 379.408752441, 384.514831543, 696.68170166, 525.298950195, 285.786224365, 302.838317871, 146.81022644, 68.0462646484, 75.6104507446, 113.312095642, 70.4334793091, 69.1734619141, 88.0923538208, 65.7028121948, 16.8865337372, 12.8904762268, 5.00050258636, 3.267339468, 3.42404770851, 2.83664155006, 1.90033626556, 1.64578342438, 0.733684957027, 0.0397116988897], "mean": [0.054649271071, 1.53082811832, 6.32833814621, 6.60435056686, 6.94365596771, 9.98338222504, 17.702960968, 25.6403274536, 34.8584289551, 36.0870513916, 56.6328125, 54.1396217346, 49.3610496521, 43.6234931946, 45.2716903687, 14.852142334, 8.77207183838, 7.25278568268, 7.77152633667, 9.53414440155, 7.59541559219, 6.05361604691, 4.03045129776, 2.03837275505, 2.07449913025, 2.50251865387, 1.52338993549, 1.77273631096, 1.89389336109, 1.23149609566, 0.415048927069, 0.179178982973, 0.0670900940895, 0.0440146662295, 0.0376290120184, 0.0294190347195, 0.0237107295543, 0.0182568579912, 0.00831625703722, 0.000435959314927], "median": [0.0327366143465, 0.854472100735, 4.54522514343, 3.27821946144, 2.82028222084, 2.90843439102, 5.09367084503, 6.6049580574, 5.12264537811, 5.82676076889, 6.34545564651, 7.68514156342, 6.95286512375, 3.09496641159, 4.8466835022, 1.56658864021, 1.16133785248, 0.920199930668, 0.613945126534, 0.308029353619, 0.168364316225, 0.122567653656, 0.0914624929428, 0.0543770343065, 0.0444845110178, 0.0401826314628, 0.019309669733, 0.0135775692761, 0.00974057428539, 0.00320591777563, 0.00127995596267, 0.000775071966927, 0.000352654838935, 0.000184544216609, 0.000104077313154, 6.10826973571e-05, 3.49714464392e-05, 8.82012500369e-06, 1.69534250745e-05, 3.31265327986e-05], "min": [2.33668596879e-16, 1.25833647633e-15, 4.02866784461e-15, 8.86891861357e-15, 1.52275246449e-14, 2.05775693929e-14, 2.08752625104e-14, 1.41829009339e-14, 9.63061468545e-15, 3.59816377268e-14, 1.2177697815e-13, 2.25339264934e-13, 2.11866914529e-13, 6.86268465558e-14, 3.97375173402e-14, 1.43259671704e-13, 5.88544675235e-13, 1.66819292755e-12, 8.91290296776e-13, 1.68059283937e-12, 2.69612392308e-12, 8.79621083003e-13, 6.82363237095e-13, 1.99198405167e-12, 2.53506200407e-12, 2.36825294618e-12, 6.31189501707e-12, 2.45001545093e-12, 1.18800943475e-12, 3.16512636413e-12, 3.57040894246e-12, 4.05419361277e-12, 2.6251715645e-12, 3.93071686311e-12, 1.51842958779e-12, 1.15854353021e-12, 1.17612451896e-12, 3.42246196661e-13, 5.13702680383e-14, 6.3039389484e-15], "var": [0.00441705435514, 2.83379673958, 56.5896072388, 86.2171859741, 139.75944519, 914.987548828, 3065.33496094, 2678.67041016, 7283.80175781, 4954.25341797, 39161.84375, 12645.6416016, 20612.0351562, 25235.0390625, 22429.78125, 2349.5871582, 591.852966309, 593.606079102, 735.302612305, 1223.2401123, 614.681518555, 494.963745117, 193.044464111, 35.7044677734, 43.2987594604, 76.4267807007, 34.8346710205, 49.4141998291, 69.7524261475, 34.9108200073, 2.96367812157, 0.702561736107, 0.111305877566, 0.0495513826609, 0.0535622090101, 0.036036092788, 0.0198348183185, 0.0111360754818, 0.00229918630794, 5.82098164159e-06]}, "gfcc": {"mean": [-166.485870361, 179.506973267, -94.3284683228, -13.9098463058, -43.091053009, -11.2787218094, -12.2038965225, -9.13065338135, -9.29623889923, -4.61231422424, -8.14443874359, -6.25016069412, -3.17079782486], "cov": [[23192.9277344, -1745.43115234, -1343.7833252, 2117.08081055, 197.713378906, 231.785583496, 102.781608582, 140.484146118, -155.284698486, -426.661499023, -778.965820312, -25.8342189789, -448.43157959], [-1745.43115234, 4237.84375, 1247.68041992, -598.287963867, 435.788330078, 51.017036438, 221.521194458, -244.025619507, 29.8082103729, -211.873382568, 131.089950562, -391.940216064, 123.386146545], [-1343.7833252, 1247.68041992, 2075.55517578, 147.756896973, 489.7394104, 316.645477295, 121.821975708, -71.9940948486, 27.4044723511, -7.59105539322, -54.6007652283, -162.352630615, -100.962013245], [2117.08081055, -598.287963867, 147.756896973, 1839.5859375, 424.384765625, 134.670959473, 70.2855606079, 12.7287445068, 67.7840881348, -45.2631416321, -90.3268661499, 26.0135135651, -99.0988235474], [197.713378906, 435.788330078, 489.7394104, 424.384765625, 772.238769531, 232.22984314, 61.978099823, 3.11417412758, 21.2816677094, -60.1322669983, -75.3489608765, -71.3596115112, -19.8126735687], [231.785583496, 51.017036438, 316.645477295, 134.670959473, 232.22984314, 457.433441162, 175.014755249, 68.755317688, 17.4292736053, -52.397480011, -110.179512024, -48.8724136353, -53.9462966919], [102.781608582, 221.521194458, 121.821975708, 70.2855606079, 61.978099823, 175.014755249, 344.040466309, 104.567649841, 34.6053581238, -54.3191566467, -85.4725875854, -72.6854705811, -52.6447296143], [140.484146118, -244.025619507, -71.9940948486, 12.7287445068, 3.11417412758, 68.755317688, 104.567649841, 300.484039307, 95.435546875, 15.3472604752, -79.8258361816, -57.2151527405, -64.5972976685], [-155.284698486, 29.8082103729, 27.4044723511, 67.7840881348, 21.2816677094, 17.4292736053, 34.6053581238, 95.435546875, 287.337280273, 78.3090438843, -20.3520030975, -57.9870452881, -77.8725738525], [-426.661499023, -211.873382568, -7.59105539322, -45.2631416321, -60.1322669983, -52.397480011, -54.3191566467, 15.3472604752, 78.3090438843, 204.315002441, 81.7584381104, 33.5635375977, -38.1889953613], [-778.965820312, 131.089950562, -54.6007652283, -90.3268661499, -75.3489608765, -110.179512024, -85.4725875854, -79.8258361816, -20.3520030975, 81.7584381104, 208.664993286, 79.6260375977, 69.4245605469], [-25.8342189789, -391.940216064, -162.352630615, 26.0135135651, -71.3596115112, -48.8724136353, -72.6854705811, -57.2151527405, -57.9870452881, 33.5635375977, 79.6260375977, 225.505645752, 85.674369812], [-448.43157959, 123.386146545, -100.962013245, -99.0988235474, -19.8126735687, -53.9462966919, -52.6447296143, -64.5972976685, -77.8725738525, -38.1889953613, 69.4245605469, 85.674369812, 181.436096191]], "icov": [[6.35941323708e-05, -2.86463346129e-05, 6.49988141959e-05, -7.12077890057e-05, 1.64334924193e-05, -1.50394243974e-05, 5.67684583075e-05, 6.6388115556e-06, 7.58172391215e-05, 3.44614927599e-05, 0.000236951018451, -0.00010695050878, 0.000189722399227], [-2.86463346129e-05, 0.000613635464106, -0.000293270190014, 0.00024827112793, -0.000265602837317, 0.000233937840676, -0.000502281356603, 0.000462680472992, -0.00039581785677, 0.000672611407936, -0.000984108890407, 0.00113600795157, -0.00064433173975], [6.49988141959e-05, -0.000293270190014, 0.000835240294691, -0.000126332175569, -0.000198514520889, -0.000420744181611, 0.000186377466889, 0.00013288979244, 0.000272694189334, -0.000429917679867, 0.000489325553644, -0.00023657346901, 0.000661505269818], [-7.12077890057e-05, 0.00024827112793, -0.000126332175569, 0.000844822148792, -0.000529062002897, 0.000165775229107, -0.000319951388519, 0.000249136093771, -0.000378551834729, 0.000439941824879, -0.000493053987157, 2.05745564017e-05, 0.000142756354762], [1.64334924193e-05, -0.000265602837317, -0.000198514520889, -0.000529062002897, 0.00210729264654, -0.00084451463772, 0.00051872106269, -0.00019053966389, 6.32285446045e-05, -0.000128263491206, 0.000562016037293, 2.90489224426e-05, -0.000345132750226], [-1.50394243974e-05, 0.000233937840676, -0.000420744181611, 0.000165775229107, -0.00084451463772, 0.00360679370351, -0.00151542632375, -5.39666289114e-05, -5.27679803781e-05, 0.000328549649566, 0.000639469886664, -0.000227605574764, 9.07136345631e-05], [5.67684583075e-05, -0.000502281356603, 0.000186377466889, -0.000319951388519, 0.00051872106269, -0.00151542632375, 0.00463306810707, -0.00137660419568, 0.000205029049539, 0.000419847172452, 0.000903040694539, -0.000378891563741, 0.00088084267918], [6.6388115556e-06, 0.000462680472992, 0.00013288979244, 0.000249136093771, -0.00019053966389, -5.39666289114e-05, -0.00137660419568, 0.00501522887498, -0.00128481187858, -0.000283570087049, 0.000740990624763, 0.00114499637857, -0.000174238623003], [7.58172391215e-05, -0.00039581785677, 0.000272694189334, -0.000378551834729, 6.32285446045e-05, -5.27679803781e-05, 0.000205029049539, -0.00128481187858, 0.0050877830945, -0.00228138803504, 0.000939305522479, 0.000142457894981, 0.0012716234196], [3.44614927599e-05, 0.000672611407936, -0.000429917679867, 0.000439941824879, -0.000128263491206, 0.000328549649566, 0.000419847172452, -0.000283570087049, -0.00228138803504, 0.00918961782008, -0.00455877045169, -0.000441455835244, 0.00264125782996], [0.000236951018451, -0.000984108890407, 0.000489325553644, -0.000493053987157, 0.000562016037293, 0.000639469886664, 0.000903040694539, 0.000740990624763, 0.000939305522479, -0.00455877045169, 0.0108136674389, -0.00288410228677, -0.00129702338018], [-0.00010695050878, 0.00113600795157, -0.00023657346901, 2.05745564017e-05, 2.90489224426e-05, -0.000227605574764, -0.000378891563741, 0.00114499637857, 0.000142457894981, -0.000441455835244, -0.00288410228677, 0.00903826672584, -0.00412015616894], [0.000189722399227, -0.00064433173975, 0.000661505269818, 0.000142756354762, -0.000345132750226, 9.07136345631e-05, 0.00088084267918, -0.000174238623003, 0.0012716234196, 0.00264125782996, -0.00129702338018, -0.00412015616894, 0.0105911325663]]}, "melbands": {"dmean": [0.000353791227099, 0.000777562207077, 0.000508432276547, 0.000407643383369, 0.00053382263286, 0.000320637889672, 0.000213535764487, 0.000180560731678, 0.000198178080609, 0.000161649863003, 0.000113703645184, 8.87019050424e-05, 8.05332529126e-05, 5.52375713596e-05, 2.81924822048e-05, 1.92132574739e-05, 1.86772358575e-05, 1.62571705005e-05, 1.97083227249e-05, 1.99969963433e-05, 1.36826429298e-05, 1.09218599391e-05, 6.75933779348e-06, 5.16635009262e-06, 1.98293264475e-06, 2.31442709264e-06, 2.27309260481e-06, 2.60718229583e-06, 1.3928148519e-06, 1.46344711993e-06, 1.73656337665e-06, 1.91212552636e-06, 1.66775510024e-06, 1.00112015389e-06, 4.03689540462e-07, 2.96447268511e-07, 1.48123703525e-07, 8.54917203696e-08, 5.88040549587e-08, 6.74070435025e-08], "dmean2": [0.000575252168346, 0.00126782152802, 0.000875919417012, 0.000731867155991, 0.000966448045801, 0.000553882040549, 0.000354769348633, 0.000277686631307, 0.000317539088428, 0.000248741125688, 0.000184606891708, 0.000145212718053, 0.000130620159325, 0.000100583129097, 5.2006515034e-05, 3.51878661604e-05, 3.48280700564e-05, 2.99908278976e-05, 3.70391680917e-05, 3.74970513803e-05, 2.57359333773e-05, 2.05664855457e-05, 1.26738541439e-05, 9.65342587733e-06, 3.54583607987e-06, 4.2072024371e-06, 4.17318915424e-06, 4.78604715681e-06, 2.54319706983e-06, 2.70769373856e-06, 3.22607343151e-06, 3.61341062671e-06, 3.1492393191e-06, 1.9055435132e-06, 7.64157903177e-07, 5.62473246646e-07, 2.78853747204e-07, 1.62248781521e-07, 1.11375484835e-07, 1.28891571194e-07], "dvar": [3.52867175479e-07, 2.26955944527e-06, 1.37668052957e-06, 2.50450443673e-06, 5.60429407415e-06, 1.14129022677e-06, 4.51572361726e-07, 2.71513670214e-07, 5.23759467796e-07, 1.44736773677e-07, 1.20307248608e-07, 1.06048922532e-07, 5.34617683456e-08, 3.05440934767e-08, 6.95860036259e-09, 3.29311800051e-09, 3.57750273849e-09, 1.55617596587e-09, 3.18236170749e-09, 2.86366597102e-09, 1.42999512232e-09, 1.04371555842e-09, 4.36689573391e-10, 2.16680354215e-10, 2.2449719167e-11, 3.35963513953e-11, 4.10804064377e-11, 5.33646390966e-11, 1.89454094773e-11, 2.28812645914e-11, 3.12522230317e-11, 4.18723944406e-11, 3.34431995985e-11, 1.30007775379e-11, 1.62874921883e-12, 1.12047816771e-12, 3.06017066071e-13, 1.10422040706e-13, 6.09120636959e-14, 6.53358660577e-14], "dvar2": [8.47318631259e-07, 5.46645242139e-06, 3.69516510546e-06, 7.28726809029e-06, 1.63498971233e-05, 3.16758860208e-06, 1.20543961657e-06, 6.58815224597e-07, 1.33619994358e-06, 2.67732872317e-07, 2.11824385588e-07, 1.82684871675e-07, 1.02158324466e-07, 8.36239379964e-08, 1.97456184736e-08, 9.27482179947e-09, 1.02669366342e-08, 4.17446610612e-09, 8.96145913032e-09, 8.03571786889e-09, 4.06731803793e-09, 2.97812574601e-09, 1.24864074635e-09, 6.08954497938e-10, 6.00473906709e-11, 9.21245441043e-11, 1.14325014733e-10, 1.47779163906e-10, 5.25664234363e-11, 6.5069796773e-11, 8.80352526988e-11, 1.19891208072e-10, 9.56176526845e-11, 3.74631888012e-11, 4.64495802932e-12, 3.22819700659e-12, 8.82229185539e-13, 3.18787260045e-13, 1.76519985694e-13, 1.89216142212e-13], "max": [0.00581067847088, 0.0146536519751, 0.0129904206842, 0.0325969457626, 0.0411078967154, 0.0171690192074, 0.0167482048273, 0.0112502072006, 0.023838089779, 0.0052702287212, 0.00784941762686, 0.0099976323545, 0.0074075916782, 0.00235735857859, 0.000813743739855, 0.000884865294211, 0.000717432762031, 0.00103732256684, 0.000660392572172, 0.000486379605718, 0.000336449418683, 0.000316878868034, 0.000222006870899, 0.000216494983761, 4.48789287475e-05, 5.51918710698e-05, 6.27038825769e-05, 0.000106326733658, 4.50478692073e-05, 5.06754331582e-05, 4.32977140008e-05, 5.24258939549e-05, 4.63814758405e-05, 3.01709696942e-05, 1.03367128759e-05, 1.16786613944e-05, 6.02721001997e-06, 3.70755265067e-06, 3.0047438031e-06, 2.3780094125e-06], "mean": [0.000970670895185, 0.00300137279555, 0.00121944234706, 0.000545667076949, 0.000638879195321, 0.000549612799659, 0.000509264413267, 0.000431387976278, 0.000427223887527, 0.000326306151692, 0.000236569103436, 0.00017257896252, 0.00016018601309, 5.55545702809e-05, 2.2914920919e-05, 1.7532163838e-05, 1.29045365611e-05, 1.18800608107e-05, 1.24094449347e-05, 1.19493734019e-05, 8.64347839524e-06, 6.80978018863e-06, 4.06993194701e-06, 3.38763675245e-06, 1.33898993226e-06, 1.5433192857e-06, 1.43806676078e-06, 1.72994032255e-06, 8.92716059298e-07, 8.85932649908e-07, 1.04319599359e-06, 1.09326867914e-06, 9.42886970279e-07, 5.54789096441e-07, 2.30381189681e-07, 1.68081385254e-07, 8.66084803874e-08, 4.92545453312e-08, 3.36443690685e-08, 3.77624154169e-08], "median": [0.000563909765333, 0.0026638424024, 0.000745811965317, 0.000253274687566, 0.00019312663062, 0.000134243775392, 6.13519805484e-05, 6.65465486236e-05, 3.80283672712e-05, 4.3672753236e-05, 2.28436474572e-05, 7.24211713532e-06, 1.36322523758e-05, 5.76304955757e-06, 1.71133024196e-06, 1.73626654032e-06, 1.27398539007e-06, 9.61600221672e-07, 5.17026933267e-07, 2.53816324403e-07, 1.56382313321e-07, 1.10200701897e-07, 9.06784904942e-08, 5.93841420482e-08, 3.73045381252e-08, 2.99442746154e-08, 2.72624411934e-08, 2.31885266544e-08, 1.29535635551e-08, 7.71274599742e-09, 6.33584829046e-09, 5.48923839716e-09, 1.8460128981e-09, 1.0354543889e-09, 6.44151842977e-10, 5.01317654056e-10, 3.63641394774e-10, 2.26493018785e-10, 1.51742410304e-10, 1.22685001047e-10], "min": [2.12238539236e-18, 1.99097782589e-18, 1.7220846732e-18, 1.31574139967e-18, 7.85391137814e-19, 3.22765177085e-19, 1.53154403269e-19, 4.76035152995e-19, 1.1102190707e-18, 1.45998277675e-18, 1.04337646656e-18, 2.98251653782e-19, 7.61707069871e-20, 2.81686689932e-19, 5.48974026555e-19, 1.86695325998e-18, 3.33210891408e-18, 1.68899124485e-18, 9.19503481491e-19, 3.63244330525e-18, 2.9619439356e-18, 1.00643520079e-18, 4.49200690141e-19, 5.34634333648e-19, 1.70282418623e-18, 2.34954717975e-18, 9.38068206171e-19, 1.72756184963e-18, 3.80383264663e-18, 3.43859497626e-18, 9.21090013906e-19, 5.2627903398e-19, 1.17848277114e-18, 1.76582753496e-18, 2.17411892223e-18, 1.91912168005e-18, 2.49417722831e-18, 1.72527314427e-18, 1.75440665224e-18, 3.93172055959e-18], "var": [1.12965574317e-06, 9.87193470792e-06, 2.4676189696e-06, 1.62121375524e-06, 3.54243138645e-06, 1.26926477151e-06, 1.66959534909e-06, 7.6663013715e-07, 2.18077025238e-06, 5.24733479779e-07, 5.09115295699e-07, 4.88925593345e-07, 2.76064241689e-07, 3.77255666706e-08, 4.60204052644e-09, 3.57721630095e-09, 2.05111150287e-09, 1.65528246665e-09, 1.97122518308e-09, 1.70753988726e-09, 9.03478791781e-10, 6.3217198143e-10, 2.46932113646e-10, 1.50680135036e-10, 1.52048217766e-11, 2.27601115038e-11, 2.50179078842e-11, 3.93826048162e-11, 1.1632233371e-11, 1.31730477221e-11, 1.83965221529e-11, 2.34743353228e-11, 1.88334105256e-11, 7.16641676557e-12, 9.18753679906e-13, 6.17935336147e-13, 1.69451936207e-13, 6.0750022905e-14, 3.32787860853e-14, 3.55459951295e-14]}, "mfcc": {"mean": [-806.25769043, 200.107635498, 17.0048770905, 9.51372909546, -6.88853693008, 1.61780869961, -1.24947226048, -1.33876228333, 1.65669500828, 1.68487286568, -0.88234603405, -1.32227301598, -0.360399156809], "cov": [[14927.6357422, 226.951477051, -2419.05517578, 1458.87207031, -137.037490845, 443.917938232, -11.7426643372, 587.97644043, 302.368865967, -54.2098045349, -251.512023926, -87.5642623901, -47.3696365356], [226.951477051, 3687.53833008, 1034.01696777, -209.519058228, 309.493804932, 160.166519165, 361.972808838, 34.0780220032, 110.276191711, 77.1636657715, -8.38273143768, -119.005523682, -97.0693283081], [-2419.05517578, 1034.01696777, 1786.40563965, 88.1490097046, 292.437194824, 324.549835205, 179.935897827, 18.5135707855, 36.5620231628, 101.554267883, 102.790817261, -38.0124511719, -30.701789856], [1458.87207031, -209.519058228, 88.1490097046, 1146.26416016, 453.683959961, 317.215423584, 92.3736724854, 179.745605469, 101.951156616, 22.7706413269, -15.6621303558, 26.3636951447, 24.6583137512], [-137.037490845, 309.493804932, 292.437194824, 453.683959961, 676.676208496, 323.867706299, 137.865036011, 98.1170578003, 90.2164230347, 34.4911003113, -4.58591985703, -4.45472860336, 27.863822937], [443.917938232, 160.166519165, 324.549835205, 317.215423584, 323.867706299, 460.706512451, 176.38571167, 140.027999878, 76.9548568726, 33.1194801331, 15.3368644714, -45.2921791077, 1.23603701591], [-11.7426643372, 361.972808838, 179.935897827, 92.3736724854, 137.865036011, 176.38571167, 308.614196777, 132.618560791, 71.0294189453, 6.4173116684, -35.6094093323, -40.4592247009, -42.3516807556], [587.97644043, 34.0780220032, 18.5135707855, 179.745605469, 98.1170578003, 140.027999878, 132.618560791, 281.5496521, 197.622940063, 77.6544189453, -3.49975252151, -52.6322402954, -34.1409416199], [302.368865967, 110.276191711, 36.5620231628, 101.951156616, 90.2164230347, 76.9548568726, 71.0294189453, 197.622940063, 268.847595215, 152.253631592, 46.9795913696, -23.3616733551, -42.5903358459], [-54.2098045349, 77.1636657715, 101.554267883, 22.7706413269, 34.4911003113, 33.1194801331, 6.4173116684, 77.6544189453, 152.253631592, 224.035446167, 140.003494263, 13.7152242661, -44.7606277466], [-251.512023926, -8.38273143768, 102.790817261, -15.6621303558, -4.58591985703, 15.3368644714, -35.6094093323, -3.49975252151, 46.9795913696, 140.003494263, 225.334259033, 119.102294922, -1.91340649128], [-87.5642623901, -119.005523682, -38.0124511719, 26.3636951447, -4.45472860336, -45.2921791077, -40.4592247009, -52.6322402954, -23.3616733551, 13.7152242661, 119.102294922, 192.551086426, 80.439956665], [-47.3696365356, -97.0693283081, -30.701789856, 24.6583137512, 27.863822937, 1.23603701591, -42.3516807556, -34.1409416199, -42.5903358459, -44.7606277466, -1.91340649128, 80.439956665, 179.928100586]], "icov": [[0.000184756936505, -0.000167334830621, 0.000346762972185, -0.00026631183573, 0.000349027628545, -0.000511606805958, 0.000354230433004, -0.000316438556183, 9.93194698822e-05, -0.000131923399749, 0.000327413261402, -0.000281175249256, 0.000146708451211], [-0.000167334830621, 0.000544006936252, -0.000497542088851, 0.00035158242099, -0.000502349284943, 0.000670668261591, -0.000787359662354, 0.000573011580855, -0.000360157049727, 0.000201029441087, -0.000406737759477, 0.000509085017256, -0.000154225766892], [0.000346762972185, -0.000497542088851, 0.00146086222958, -0.000496504246257, 0.000582167529501, -0.0014090903569, 0.000526686897501, -0.000319042941555, 0.000319414568366, -0.000387901556678, 0.000119956763228, -0.000170949075255, 0.00017995989765], [-0.00026631183573, 0.00035158242099, -0.000496504246257, 0.00185158336535, -0.00126847298816, 0.000156247609993, -7.58227834012e-05, -0.000477803579997, 0.000276138831396, -0.000202030219953, 0.000467863836093, -0.000724515353795, 0.000211933627725], [0.000349027628545, -0.000502349284943, 0.000582167529501, -0.00126847298816, 0.0035231851507, -0.00245519168675, 0.000531663361471, 0.000245916307904, -0.000625166052487, -0.000514511018991, 0.00132667447906, -0.00100932153873, -7.35131470719e-05], [-0.000511606805958, 0.000670668261591, -0.0014090903569, 0.000156247609993, -0.00245519168675, 0.006532067433, -0.00285351299681, -8.56917613419e-05, 2.51335950452e-05, 0.00157384190243, -0.00376942101866, 0.00365696568042, -0.00166482734494], [0.000354230433004, -0.000787359662354, 0.000526686897501, -7.58227834012e-05, 0.000531663361471, -0.00285351299681, 0.00680124200881, -0.00357209285721, 0.00127787957899, -0.000719372881576, 0.00316820386797, -0.00307328393683, 0.00216028559953], [-0.000316438556183, 0.000573011580855, -0.000319042941555, -0.000477803579997, 0.000245916307904, -8.56917613419e-05, -0.00357209285721, 0.0116969766095, -0.00831194780767, 0.00250064348802, -0.00219786516391, 0.00335745583288, -0.00129175465554], [9.93194698822e-05, -0.000360157049727, 0.000319414568366, 0.000276138831396, -0.000625166052487, 2.51335950452e-05, 0.00127787957899, -0.00831194780767, 0.0135461287573, -0.00829666014761, 0.00381830404513, -0.00274174148217, 0.00107762531843], [-0.000131923399749, 0.000201029441087, -0.000387901556678, -0.000202030219953, -0.000514511018991, 0.00157384190243, -0.000719372881576, 0.00250064348802, -0.00829666014761, 0.0160002466291, -0.0116280457005, 0.00613663299009, -0.000441401120042], [0.000327413261402, -0.000406737759477, 0.000119956763228, 0.000467863836093, 0.00132667447906, -0.00376942101866, 0.00316820386797, -0.00219786516391, 0.00381830404513, -0.0116280457005, 0.0188179668039, -0.012940114364, 0.00396859226748], [-0.000281175249256, 0.000509085017256, -0.000170949075255, -0.000724515353795, -0.00100932153873, 0.00365696568042, -0.00307328393683, 0.00335745583288, -0.00274174148217, 0.00613663299009, -0.012940114364, 0.0164132602513, -0.00628222152591], [0.000146708451211, -0.000154225766892, 0.00017995989765, 0.000211933627725, -7.35131470719e-05, -0.00166482734494, 0.00216028559953, -0.00129175465554, 0.00107762531843, -0.000441401120042, 0.00396859226748, -0.00628222152591, 0.00879711657763]]}, "spectral_contrast_coeffs": {"dmean": [0.0527769215405, 0.0613912604749, 0.0594321452081, 0.0439570918679, 0.0327438637614, 0.0480663999915], "dmean2": [0.081951931119, 0.0955322682858, 0.089557684958, 0.0692178085446, 0.0522969327867, 0.0726111903787], "dvar": [0.00295147835277, 0.00361884082668, 0.00307983369567, 0.00160368147772, 0.000910920556635, 0.00230637541972], "dvar2": [0.00664954259992, 0.00817480310798, 0.00614334689453, 0.00369792454876, 0.0025274916552, 0.00453217700124], "max": [-0.218919068575, -0.273718714714, -0.320690900087, -0.450990855694, -0.498606145382, -0.581127047539], "mean": [-0.608087360859, -0.635728120804, -0.701675891876, -0.798322677612, -0.827474594116, -0.787035048008], "median": [-0.600999474525, -0.633825302124, -0.71322786808, -0.810184597969, -0.837425112724, -0.792305350304], "min": [-0.97939401865, -0.971705675125, -0.969800710678, -0.965702831745, -0.956076741219, -0.962107360363], "var": [0.0144606744871, 0.0150507837534, 0.0156698841602, 0.00493402453139, 0.00320539879613, 0.00533730909228]}, "spectral_contrast_valleys": {"dmean": [0.661898910999, 0.781295955181, 0.905025541782, 1.12347149849, 1.27049410343, 1.14701998234], "dmean2": [0.966159105301, 1.14898359776, 1.3471006155, 1.59383416176, 1.69907772541, 1.63708543777], "dvar": [0.592940568924, 0.800330042839, 0.950072824955, 1.22492468357, 1.58445572853, 1.23251330853], "dvar2": [1.08618545532, 1.6493704319, 1.94865071774, 2.760228633