{"lowlevel": {"average_loudness": 0.837835550308, "barkbands_crest": {"dmean": 2.85589694977, "dmean2": 4.60711669922, "dvar": 7.77404403687, "dvar2": 18.6506938934, "max": 26.929473877, "mean": 15.642250061, "median": 15.4286060333, "min": 1.84541130066, "var": 23.9723644257}, "barkbands_flatness_db": {"dmean": 0.0586273707449, "dmean2": 0.0720278322697, "dvar": 0.00304388138466, "dvar2": 0.00522853992879, "max": 0.649040818214, "mean": 0.299341648817, "median": 0.31140768528, "min": 0.00805327389389, "var": 0.0128450030461}, "barkbands_kurtosis": {"dmean": 26.7040405273, "dmean2": 40.8673744202, "dvar": 7056.3046875, "dvar2": 16261.8271484, "max": 3670.17797852, "mean": 46.1397476196, "median": 22.0351104736, "min": -1.82814085484, "var": 10265.5146484}, "barkbands_skewness": {"dmean": 1.39563059807, "dmean2": 2.11634683609, "dvar": 2.91288971901, "dvar2": 6.75237607956, "max": 36.7776260376, "mean": 4.16344738007, "median": 3.61118841171, "min": -2.59010148048, "var": 8.25642776489}, "barkbands_spread": {"dmean": 3.97391915321, "dmean2": 5.72050380707, "dvar": 50.8559265137, "dvar2": 102.120269775, "max": 97.6742935181, "mean": 6.91596412659, "median": 3.04968118668, "min": 0.0203182175756, "var": 110.324989319}, "dissonance": {"dmean": 0.0387834757566, "dmean2": 0.0575823970139, "dvar": 0.00156332307961, "dvar2": 0.00322000402957, "max": 0.499986678362, "mean": 0.411700934172, "median": 0.433138608932, "min": 0.153855517507, "var": 0.00502572068945}, "dynamic_complexity": 3.05302071571, "erbbands_crest": {"dmean": 3.11593365669, "dmean2": 4.54287910461, "dvar": 8.54858112335, "dvar2": 17.8144512177, "max": 32.1864814758, "mean": 12.9301939011, "median": 12.2414007187, "min": 2.04031658173, "var": 33.996925354}, "erbbands_flatness_db": {"dmean": 0.040998198092, "dmean2": 0.0499583110213, "dvar": 0.00157055188902, "dvar2": 0.00262839230709, "max": 0.499846309423, "mean": 0.202122628689, "median": 0.19995701313, "min": 0.0478729531169, "var": 0.00626216828823}, "erbbands_kurtosis": {"dmean": 4.96235132217, "dmean2": 7.13598537445, "dvar": 168.96081543, "dvar2": 342.062194824, "max": 366.760864258, "mean": 6.86421442032, "median": 2.15796899796, "min": -1.88517189026, "var": 356.518035889}, "erbbands_skewness": {"dmean": 0.775151133537, "dmean2": 1.06498527527, "dvar": 0.723701298237, "dvar2": 1.43387687206, "max": 15.8047733307, "mean": 1.3682154417, "median": 1.11146259308, "min": -4.51675844193, "var": 3.26013183594}, "erbbands_spread": {"dmean": 14.2019987106, "dmean2": 19.7766513824, "dvar": 278.793365479, "dvar2": 550.941040039, "max": 146.108673096, "mean": 33.5968093872, "median": 24.7512016296, "min": 0.384760946035, "var": 689.674377441}, "hfc": {"dmean": 8.128241539, "dmean2": 11.7559089661, "dvar": 200.793457031, "dvar2": 428.671508789, "max": 267.564941406, "mean": 15.3404560089, "median": 9.67934036255, "min": 1.07043987233e-16, "var": 352.72833252}, "melbands_crest": {"dmean": 3.17430257797, "dmean2": 5.22638130188, "dvar": 9.40752124786, "dvar2": 24.8500671387, "max": 36.1636772156, "mean": 20.2095489502, "median": 20.2878932953, "min": 1.65288877487, "var": 23.7157478333}, "melbands_flatness_db": {"dmean": 0.0667190998793, "dmean2": 0.0817267298698, "dvar": 0.00392688112333, "dvar2": 0.00673542777076, "max": 0.799041211605, "mean": 0.411928474903, "median": 0.427055537701, "min": 0.00348716438748, "var": 0.0170886162668}, "melbands_kurtosis": {"dmean": 35.0825042725, "dmean2": 53.013092041, "dvar": 2636.45263672, "dvar2": 6320.88476562, "max": 751.500244141, "mean": 65.0852050781, "median": 38.3742675781, "min": -1.72465527058, "var": 5978.74316406}, "melbands_skewness": {"dmean": 1.55460810661, "dmean2": 2.33620262146, "dvar": 2.89076018333, "dvar2": 6.91944646835, "max": 23.2978916168, "mean": 4.8271446228, "median": 4.25368499756, "min": -1.65843760967, "var": 7.88152170181}, "melbands_spread": {"dmean": 3.13770079613, "dmean2": 4.88353061676, "dvar": 56.9962730408, "dvar2": 127.453834534, "max": 170.298248291, "mean": 5.75784492493, "median": 2.48156571388, "min": 0.247694075108, "var": 135.283798218}, "pitch_salience": {"dmean": 0.0871211588383, "dmean2": 0.138391196728, "dvar": 0.00709128845483, "dvar2": 0.0173055958003, "max": 0.869483232498, "mean": 0.401253223419, "median": 0.394828975201, "min": 0.0323556065559, "var": 0.0188836567104}, "silence_rate_20dB": {"dmean": 0, "dmean2": 0, "dvar": 0, "dvar2": 0, "max": 1, "mean": 1, "median": 1, "min": 1, "var": 0}, "silence_rate_30dB": {"dmean": 0.0945626497269, "dmean2": 0.189155101776, "dvar": 0.0856220051646, "dvar2": 0.207278251648, "max": 1, "mean": 0.868578612804, "median": 1, "min": 0, "var": 0.114151604474}, "silence_rate_60dB": {"dmean": 0.0176516938955, "dmean2": 0.0351513251662, "dvar": 0.0173411928117, "dvar2": 0.0380144566298, "max": 1, "mean": 0.0445950217545, "median": 0, "min": 0, "var": 0.0426042750478}, "spectral_centroid": {"dmean": 190.00302124, "dmean2": 265.506988525, "dvar": 94037.421875, "dvar2": 179026, "max": 11070.9658203, "mean": 489.542938232, "median": 312.821716309, "min": 93.3324279785, "var": 304854.5}, "spectral_complexity": {"dmean": 4.08195447922, "dmean2": 5.90589523315, "dvar": 39.2384719849, "dvar2": 75.2904510498, "max": 62, "mean": 9.6079416275, "median": 6, "min": 0, "var": 101.399299622}, "spectral_decrease": {"dmean": 5.49421441676e-09, "dmean2": 8.84754403074e-09, "dvar": 4.09403250365e-17, "dvar2": 1.04789390668e-16, "max": 1.9305839541e-28, "mean": -1.61683715305e-08, "median": -1.43614649062e-08, "min": -7.17343553447e-08, "var": 1.00695078246e-16}, "spectral_energy": {"dmean": 0.021202320233, "dmean2": 0.034061357379, "dvar": 0.000604946806561, "dvar2": 0.00154340919107, "max": 0.274411171675, "mean": 0.0624145679176, "median": 0.0555122122169, "min": 1.03116383628e-20, "var": 0.00148990086745}, "spectral_energyband_high": {"dmean": 0.000516478554346, "dmean2": 0.000728036975488, "dvar": 1.6763418671e-06, "dvar2": 3.5420241602e-06, "max": 0.0357599705458, "mean": 0.00055973418057, "median": 3.1011615647e-05, "min": 7.58491340616e-21, "var": 2.48935339187e-06}, "spectral_energyband_low": {"dmean": 0.0181112475693, "dmean2": 0.0298543907702, "dvar": 0.000518465356436, "dvar2": 0.00138566025998, "max": 0.257286220789, "mean": 0.0487421452999, "median": 0.0432941764593, "min": 4.49561858684e-23, "var": 0.00118305033538}, "spectral_energyband_middle_high": {"dmean": 0.00126284256112, "dmean2": 0.00202902522869, "dvar": 1.13183186841e-05, "dvar2": 2.96826401609e-05, "max": 0.0463467165828, "mean": 0.00167362671345, "median": 0.000287006550934, "min": 1.41834737086e-21, "var": 1.52725733642e-05}, "spectral_energyband_middle_low": {"dmean": 0.008594898507, "dmean2": 0.013674476184, "dvar": 0.00013973141904, "dvar2": 0.000351154478267, "max": 0.133923217654, "mean": 0.015527812764, "median": 0.011219676584, "min": 2.52915647216e-22, "var": 0.000253208447248}, "spectral_entropy": {"dmean": 0.540075957775, "dmean2": 0.672175168991, "dvar": 0.282792150974, "dvar2": 0.464783996344, "max": 9.80302238464, "mean": 6.43641233444, "median": 6.37847423553, "min": 3.1462020874, "var": 1.06135189533}, "spectral_flux": {"dmean": 0.0427657030523, "dmean2": 0.0648326799273, "dvar": 0.00176130258478, "dvar2": 0.00384999043308, "max": 0.420757889748, "mean": 0.09834305197, "median": 0.0887187123299, "min": 6.6771754792e-11, "var": 0.00441304082051}, "spectral_kurtosis": {"dmean": 8.34253692627, "dmean2": 12.6081295013, "dvar": 189.832962036, "dvar2": 414.315063477, "max": 242.778488159, "mean": 14.8649959564, "median": 7.96753358841, "min": -1.2393809557, "var": 422.605743408}, "spectral_rms": {"dmean": 0.0013014220167, "dmean2": 0.00203062989749, "dvar": 1.89866227629e-06, "dvar2": 4.50112975159e-06, "max": 0.0163620971143, "mean": 0.00733140157536, "median": 0.00735922902822, "min": 3.17177165608e-12, "var": 7.14276166036e-06}, "spectral_rolloff": {"dmean": 198.582290649, "dmean2": 340.701293945, "dvar": 414847.5, "dvar2": 952356.8125, "max": 19573.6816406, "mean": 405.295654297, "median": 172.265625, "min": 64.599609375, "var": 950847.5}, "spectral_skewness": {"dmean": 0.786438584328, "dmean2": 1.09345602989, "dvar": 0.866799652576, "dvar2": 1.76217746735, "max": 13.0363321304, "mean": 2.75067734718, "median": 2.377140522, "min": -0.00856672413647, "var": 2.50868844986}, "spectral_spread": {"dmean": 1040010.5, "dmean2": 1419739, "dvar": 1377312440320.0, "dvar2": 2634332766210.0, "max": 44016052, "mean": 4280570, "median": 3867713.25, "min": 425457.3125, "var": 4370877644800.0}, "spectral_strongpeak": {"dmean": 0.258407741785, "dmean2": 0.436962962151, "dvar": 0.147416964173, "dvar2": 0.382152438164, "max": 6.66618442535, "mean": 0.72413957119, "median": 0.649855911732, "min": 0, "var": 0.24865989387}, "zerocrossingrate": {"dmean": 0.00793093442917, "dmean2": 0.00920414738357, "dvar": 0.000161480915267, "dvar2": 0.000208576981095, "max": 0.65576171875, "mean": 0.021127589047, "median": 0.01123046875, "min": 0.00244140625, "var": 0.000927256769501}, "barkbands": {"dmean": [0.000318292441079, 0.00919710844755, 0.0108069907874, 0.00535318860784, 0.00240659131669, 0.000782053510193, 0.00132365862373, 0.000535075028893, 0.000483941810671, 0.000227183554671, 0.000129965221277, 0.000145979211084, 0.000161605988978, 0.000228354983847, 0.000153447079356, 0.000127594816149, 0.000149557759869, 6.40938742436e-05, 7.01351309544e-05, 8.45245376695e-05, 9.69657776295e-05, 0.000112452886242, 9.58218515734e-05, 7.97765678726e-05, 5.3454121371e-05, 3.6835703213e-05, 1.34007950692e-05], "dmean2": [0.000485364726046, 0.0153946243227, 0.0179946236312, 0.00903826765716, 0.00374399637803, 0.00132782931905, 0.00212945323437, 0.000820380228106, 0.000734392204322, 0.000346880115103, 0.000210028825677, 0.000226735355682, 0.000281900312984, 0.000406585313613, 0.00025902222842, 0.000224008967052, 0.000259566440945, 9.87210660242e-05, 0.000106772014988, 0.000133942492539, 0.00013414118439, 0.00017067216686, 0.000145503901877, 0.000116142000479, 7.5236086559e-05, 5.40375185665e-05, 1.99193073058e-05], "dvar": [3.97290762066e-07, 0.000156913039973, 0.000242580761551, 6.32422452327e-05, 2.12679442484e-05, 7.72810017224e-06, 1.09563425212e-05, 4.09715357819e-06, 4.31392072642e-06, 1.35669301926e-06, 8.67833591656e-08, 2.24399528292e-07, 2.49460924806e-07, 6.38272069864e-07, 2.91954648901e-07, 2.19481378849e-07, 3.02605229763e-07, 2.90051254126e-08, 3.73283093325e-08, 5.42871703146e-08, 5.38823137219e-08, 2.03885875294e-07, 6.75855389431e-08, 3.63432341999e-08, 1.5815521337e-08, 1.32973649869e-08, 2.87516277453e-09], "dvar2": [7.66092227877e-07, 0.000417057279265, 0.000655916519463, 0.000175459223101, 4.26785809395e-05, 2.09809495573e-05, 2.81226857624e-05, 8.87779424374e-06, 1.00542201835e-05, 3.39577741215e-06, 2.2023888846e-07, 4.74025796393e-07, 6.63714047278e-07, 1.81324924142e-06, 7.31807176635e-07, 6.17095281541e-07, 8.50695869303e-07, 6.86752272827e-08, 8.80981190221e-08, 1.40913201108e-07, 1.00979228534e-07, 5.43031319467e-07, 1.53386920942e-07, 7.71412160816e-08, 3.13279571174e-08, 2.81468430785e-08, 6.3862515276e-09], "max": [0.0107614286244, 0.155144751072, 0.207205951214, 0.081985078752, 0.116010516882, 0.0514210276306, 0.0504627078772, 0.0606964230537, 0.0582566075027, 0.0435509905219, 0.00481880363077, 0.0184816494584, 0.00737073738128, 0.00779014825821, 0.0114890281111, 0.00464138574898, 0.00593183236197, 0.00411398196593, 0.00532076461241, 0.00472624739632, 0.00435942364857, 0.0223275050521, 0.00539712840691, 0.00195871526375, 0.00182800064795, 0.00237287883647, 0.00125704670791], "mean": [0.000370892637875, 0.0224156212062, 0.0218981225044, 0.00706386333331, 0.00347255123779, 0.00100208679214, 0.00232033384964, 0.000878906110302, 0.000740236311685, 0.000341569480952, 0.000201553775696, 0.000246859737672, 0.000136096277856, 0.000181900584721, 0.000168666636455, 0.000103685546492, 0.000122319645016, 6.88510772306e-05, 8.35104292491e-05, 8.71126758284e-05, 0.000115264767373, 0.000116580449685, 9.63052079896e-05, 7.86937307566e-05, 5.47328090761e-05, 3.58367069566e-05, 1.24360085465e-05], "median": [7.33619526727e-05, 0.018086284399, 0.0132795497775, 0.00394914997742, 0.00140744750388, 0.000239353539655, 0.000483901472762, 0.000146826117998, 0.000174004540895, 3.58085235348e-05, 2.42426922341e-05, 1.72546133399e-05, 9.2780956038e-06, 7.70288716012e-06, 6.57031978335e-06, 6.8070139605e-06, 4.98947565575e-06, 2.55030272456e-06, 7.13835288479e-06, 4.90030288347e-06, 1.14843960546e-05, 4.32290562458e-06, 2.70369264399e-06, 2.56039311353e-06, 1.51470317178e-06, 6.93485617376e-07, 1.07337200461e-07], "min": [2.19795008932e-24, 9.81534817067e-24, 1.16011714879e-23, 1.58208121358e-23, 3.28128555238e-23, 3.17795171578e-23, 2.21151048995e-23, 3.57471877439e-23, 6.66452853687e-23, 4.57577726777e-23, 5.92360954876e-23, 6.19053735989e-23, 5.54364996059e-23, 3.68277094584e-23, 7.27889845856e-23, 1.28776039684e-22, 8.02065174597e-23, 1.36911151992e-22, 2.00511844474e-22, 3.0604768848e-22, 2.73124345098e-22, 5.01971353846e-22, 5.46504609295e-22, 8.00815694654e-22, 1.06385059713e-21, 1.45247927439e-21, 2.31318412777e-21], "var": [6.94463665241e-07, 0.000367541477317, 0.000647577864584, 7.81791532063e-05, 5.2974672144e-05, 7.09200685378e-06, 2.31319081649e-05, 6.82989229972e-06, 4.91142236569e-06, 2.23175266001e-06, 1.89376493154e-07, 1.08667813947e-06, 2.03358396789e-07, 4.12898486957e-07, 4.97894234286e-07, 1.5019161026e-07, 2.08444575378e-07, 4.87461520038e-08, 7.48771782355e-08, 6.62894095171e-08, 1.05642769199e-07, 1.907946654e-07, 8.07367115385e-08, 4.53527206901e-08, 2.24259490977e-08, 1.65035025645e-08, 3.24955884423e-09]}, "erbbands": {"dmean": [0.180566638708, 2.47260737419, 10.8658971786, 15.3247032166, 12.2003641129, 7.66752386093, 4.91111803055, 8.05652427673, 13.3525400162, 18.8293380737, 12.875369072, 12.7825908661, 7.38401317596, 5.9004445076, 5.35270929337, 6.59307670593, 6.78120422363, 9.25320148468, 12.2761163712, 6.38841104507, 7.61916208267, 7.7746386528, 3.80384230614, 3.51479697227, 3.93302774429, 3.53923511505, 4.26852750778, 3.68686270714, 4.40715789795, 3.26455903053, 2.54456567764, 1.7338258028, 1.32723081112, 0.725906431675, 0.305708557367, 0.154429867864, 0.0704918727279, 0.0206503104419, 0.00217377510853, 8.48720737849e-05], "dmean2": [0.301431119442, 4.15321111679, 18.1934947968, 25.451997757, 20.0809001923, 11.5440397263, 7.77880859375, 13.8831367493, 22.3320236206, 29.631231308, 19.4445667267, 19.1427822113, 11.6221551895, 9.11420059204, 8.54761791229, 10.2335596085, 11.5584535599, 16.1133117676, 21.4723091125, 11.0052461624, 13.3555622101, 13.3537549973, 6.00520658493, 5.33286380768, 6.1783452034, 5.52107429504, 6.00998973846, 5.27996253967, 6.82557582855, 4.83943653107, 3.82725429535, 2.52348542213, 1.97915875912, 1.03469979763, 0.435205608606, 0.227831333876, 0.10436411202, 0.0304415412247, 0.00322412117384, 0.000124316793517], "dvar": [0.0672595277429, 11.4587545395, 249.933822632, 463.260955811, 415.118438721, 356.651733398, 106.286811829, 940.358154297, 1455.54284668, 2217.34472656, 2674.52197266, 3481.65307617, 1071.19458008, 331.28125, 142.387191772, 483.171875, 400.225616455, 756.62512207, 2048.17773438, 410.929443359, 841.763183594, 714.496154785, 110.395584106, 77.1696166992, 129.905136108, 97.2861175537, 90.5350494385, 98.2471847534, 323.859344482, 96.5584487915, 48.3624000549, 17.2477893829, 11.4592256546, 2.80757403374, 0.594874918461, 0.202237010002, 0.051575884223, 0.00596012081951, 7.67454694142e-05, 7.26654150185e-08], "dvar2": [0.182750627398, 30.586807251, 695.144042969, 1260.53259277, 1067.60998535, 557.937194824, 223.981643677, 2594.50048828, 3881.02050781, 5397.66308594, 5738.12109375, 8084.36425781, 2715.7956543, 855.71887207, 361.212982178, 959.293823242, 1034.53430176, 2085.93164062, 5560.41552734, 1130.31994629, 2360.49438477, 1996.79370117, 275.883544922, 171.36088562, 334.25213623, 253.301086426, 176.222732544, 194.34979248, 867.522155762, 230.771102905, 110.444389343, 36.5166053772, 25.6660480499, 5.54374027252, 1.23170423508, 0.427876740694, 0.109519690275, 0.0131214512512, 0.000168861050042, 1.59003462841e-07], "max": [2.80394816399, 42.0266342163, 187.37411499, 215.724609375, 303.969940186, 679.448425293, 225.650588989, 583.875915527, 767.360534668, 1163.70397949, 1641.20739746, 1743.14282227, 1127.61584473, 503.036346436, 191.720794678, 956.058410645, 392.554321289, 316.802062988, 684.685119629, 386.807922363, 285.086242676, 289.901092529, 237.796020508, 203.411071777, 270.06829834, 228.127487183, 153.962600708, 180.583557129, 877.946228027, 384.232025146, 158.258987427, 52.7587547302, 36.9726905823, 21.3005332947, 16.2127075195, 8.7774438858, 5.1762843132, 1.42161893845, 0.225052312016, 0.00759791675955], "mean": [0.361463993788, 6.17853927612, 23.5598526001, 26.0007896423, 16.994020462, 11.5990095139, 6.45929813385, 10.4292020798, 20.8625812531, 36.4852409363, 21.4150047302, 20.1054134369, 11.0890235901, 9.15390014648, 8.62632751465, 11.8118486404, 6.46689796448, 8.16519069672, 11.7252540588, 5.88154649734, 6.1547369957, 6.52109766006, 3.90663480759, 4.29979467392, 4.14963436127, 3.69491362572, 4.97757577896, 4.25025749207, 4.45887517929, 3.51146554947, 2.55627202988, 1.74892807007, 1.25917267799, 0.741092085838, 0.311194717884, 0.152036681771, 0.0683576986194, 0.0194022301584, 0.00205777911469, 0.000130190644995], "median": [0.28413516283, 5.09748649597, 17.0471191406, 16.700378418, 9.94702911377, 3.21644973755, 2.05738830566, 1.86740362644, 6.12560081482, 6.38090658188, 4.71047830582, 4.83556365967, 2.37926340103, 1.46412301064, 1.25604653358, 0.860272169113, 0.55563300848, 0.491215795279, 0.475453138351, 0.446707010269, 0.333904445171, 0.276749014854, 0.156992956996, 0.363818377256, 0.246787339449, 0.203469902277, 0.538819789886, 0.280069887638, 0.185409292579, 0.109289973974, 0.074488222599, 0.0610504746437, 0.0361135974526, 0.020962446928, 0.00929137133062, 0.0037888949737, 0.00116371340118, 0.000227752141654, 5.09999372298e-05, 6.50891233818e-05], "min": [3.19147828216e-22, 2.59059215166e-21, 9.58098423478e-21, 5.37104592226e-20, 7.78289650084e-20, 9.52189381224e-20, 1.11733463343e-19, 2.61512943863e-19, 2.13166873698e-19, 7.73518097494e-19, 9.1348677651e-19, 1.39900126423e-18, 1.85699958887e-18, 1.90351381587e-18, 2.07834195385e-18, 2.81259833716e-18, 2.79256174798e-18, 2.83353593283e-18, 2.43627003594e-18, 6.63569705423e-18, 7.25229526721e-18, 5.53383209413e-18, 7.27673597277e-18, 8.30466504818e-18, 9.27987790316e-18, 1.44318565432e-17, 1.51598284218e-17, 1.17205032518e-17, 1.65135740143e-17, 1.60279875619e-17, 1.6182544605e-17, 1.58674069895e-17, 1.43049802721e-17, 1.28257844679e-17, 6.11587690497e-18, 5.66750406752e-18, 2.53678861039e-18, 1.11226520534e-18, 3.1896384273e-19, 3.18651426953e-20], "var": [0.114514783025, 26.1216049194, 557.565734863, 753.042358398, 486.534240723, 1310.0291748, 203.008407593, 847.890136719, 1812.59924316, 8731.08789062, 4312.32861328, 3974.02172852, 1438.47009277, 586.569030762, 312.011016846, 2758.37890625, 382.672790527, 579.516479492, 2240.5234375, 374.214782715, 566.667175293, 526.867736816, 153.837371826, 176.405685425, 187.292434692, 123.948165894, 174.82585144, 171.427932739, 292.223144531, 117.268508911, 57.6620521545, 22.6319828033, 12.8642282486, 4.01720905304, 0.784243524075, 0.252214431763, 0.0632827579975, 0.00690896715969, 8.74437610037e-05, 8.87282141093e-08]}, "gfcc": {"mean": [-82.963508606, 128.095703125, -51.852230072, 43.9838829041, -42.6187820435, 15.95449543, -14.8671970367, 7.53189325333, -13.0501098633, -0.573647320271, -19.3704433441, -13.9429769516, -13.7224874496], "cov": [[18080.53125, -1979.03430176, -1679.73083496, -48.3008384705, -1066.30737305, 569.254211426, -715.720581055, 381.827819824, -125.241607666, 472.091796875, -49.9732627869, 469.872192383, -504.955200195], [-1979.03430176, 2307.33203125, 387.828399658, -475.097320557, 136.566970825, -291.662445068, 390.75668335, -99.5343017578, 191.590744019, -205.971862793, 122.283149719, -282.431213379, 123.130325317], [-1679.73083496, 387.828399658, 918.693115234, 177.930953979, 53.0913848877, -119.998504639, 144.63230896, 42.6388015747, 105.468421936, -37.762752533, 11.3249864578, -63.018825531, 32.4499130249], [-48.3008384705, -475.097320557, 177.930953979, 621.900512695, 211.077041626, 40.7315673828, -10.2592496872, 54.3537712097, -1.19393146038, 46.5116271973, -26.0381946564, -2.5047929287, -3.9554746151], [-1066.30737305, 136.566970825, 53.0913848877, 211.077041626, 438.04397583, 114.937332153, 135.69493103, -52.3615531921, 28.5336017609, -50.7504463196, -17.5589160919, -95.4850845337, 36.3512840271], [569.254211426, -291.662445068, -119.998504639, 40.7315673828, 114.937332153, 372.045257568, 107.355026245, 60.0216255188, -20.5717258453, -8.32306098938, -68.1815490723, -29.4570007324, -32.5685081482], [-715.720581055, 390.75668335, 144.63230896, -10.2592496872, 135.69493103, 107.355026245, 332.52557373, 97.631690979, 71.1802825928, -71.6246185303, -35.1381034851, -123.316505432, 26.1527633667], [381.827819824, -99.5343017578, 42.6388015747, 54.3537712097, -52.3615531921, 60.0216255188, 97.631690979, 206.713989258, 100.657150269, 29.3416671753, -50.0400276184, -39.8800315857, -36.3956260681], [-125.241607666, 191.590744019, 105.468421936, -1.19393146038, 28.5336017609, -20.5717258453, 71.1802825928, 100.657150269, 190.503723145, 83.328918457, 1.79534113407, -81.3934631348, -18.8615722656], [472.091796875, -205.971862793, -37.762752533, 46.5116271973, -50.7504463196, -8.32306098938, -71.6246185303, 29.3416671753, 83.328918457, 163.874679565, 41.0289154053, 16.2294368744, -36.1004714966], [-49.9732627869, 122.283149719, 11.3249864578, -26.0381946564, -17.5589160919, -68.1815490723, -35.1381034851, -50.0400276184, 1.79534113407, 41.0289154053, 110.215522766, 52.9365310669, 8.70999240875], [469.872192383, -282.431213379, -63.018825531, -2.5047929287, -95.4850845337, -29.4570007324, -123.316505432, -39.8800315857, -81.3934631348, 16.2294368744, 52.9365310669, 160.180923462, 16.3040542603], [-504.955200195, 123.130325317, 32.4499130249, -3.9554746151, 36.3512840271, -32.5685081482, 26.1527633667, -36.3956260681, -18.8615722656, -36.1004714966, 8.70999240875, 16.3040542603, 73.8909606934]], "icov": [[0.000137492228532, -0.000284123234451, 0.000235640152823, -0.000283851462882, 0.000284756417386, -0.000315525510814, 0.000107773841592, -8.09373887023e-05, 4.33929744759e-05, -0.000382859259844, 0.000627901405096, -0.000877806392964, 0.00088089768542], [-0.000284123234451, 0.00313043082133, -0.000626608089078, 0.0016079696361, 5.29131393705e-05, 0.00150704127736, -0.00122364086565, 0.00165663205553, -0.00309521099553, 0.0051329950802, -0.00645891390741, 0.00634226296097, -0.0038299264852], [0.000235640152823, -0.000626608089078, 0.00206831842661, -0.00158928299788, 0.00132517842576, -0.000249345932389, -0.00077879964374, 0.00107926491182, -0.00193600018974, 0.000634324969724, 0.00123658915982, -0.00224107480608, 0.00187094521243], [-0.000283851462882, 0.0016079696361, -0.00158928299788, 0.0046087061055, -0.00357394153252, 0.00177422014531, 0.000696360773873, -0.00310023175552, 0.00298522412777, -0.000927553221118, -0.00263465638272, 0.00387625070289, -0.00314376456663], [0.000284756417386, 5.29131393705e-05, 0.00132517842576, -0.00357394153252, 0.0074166636914, -0.00268314103596, -0.00172042672057, 0.00589622929692, -0.00607331609353, 0.0042810686864, -0.00106469076127, 0.000596003374085, 0.000301629101159], [-0.000315525510814, 0.00150704127736, -0.000249345932389, 0.00177422014531, -0.00268314103596, 0.00608849897981, -0.00287369615398, -0.000642895582132, 0.00179663940798, -0.000511040911078, 0.000164666897035, 0.00156179745682, 8.58916318975e-05], [0.000107773841592, -0.00122364086565, -0.00077879964374, 0.000696360773873, -0.00172042672057, -0.00287369615398, 0.00970988441259, -0.0068819494918, 0.00281441863626, 0.000492028775625, -0.00225845887326, 0.00394567800686, -0.00373744382523], [-8.09373887023e-05, 0.00165663205553, 0.00107926491182, -0.00310023175552, 0.00589622929692, -0.000642895582132, -0.0068819494918, 0.0180047899485, -0.0140695106238, 0.00672468589619, 0.00264670955949, -0.00301862298511, 0.0042146127671], [4.33929744759e-05, -0.00309521099553, -0.00193600018974, 0.00298522412777, -0.00607331609353, 0.00179663940798, 0.00281441863626, -0.0140695106238, 0.0259504318237, -0.0180479306728, 0.00400901120156, 0.00286390003748, -0.000980017473921], [-0.000382859259844, 0.0051329950802, 0.000634324969724, -0.000927553221118, 0.0042810686864, -0.000511040911078, 0.000492028775625, 0.00672468589619, -0.0180479306728, 0.0261308383197, -0.0159556716681, 0.00863451510668, -0.00255609606393], [0.000627901405096, -0.00645891390741, 0.00123658915982, -0.00263465638272, -0.00106469076127, 0.000164666897035, -0.00225845887326, 0.00264670955949, 0.00400901120156, -0.0159556716681, 0.0319880135357, -0.0225576497614, 0.0115039236844], [-0.000877806392964, 0.00634226296097, -0.00224107480608, 0.00387625070289, 0.000596003374085, 0.00156179745682, 0.00394567800686, -0.00301862298511, 0.00286390003748, 0.00863451510668, -0.0225576497614, 0.0319036617875, -0.0172948371619], [0.00088089768542, -0.0038299264852, 0.00187094521243, -0.00314376456663, 0.000301629101159, 8.58916318975e-05, -0.00373744382523, 0.0042146127671, -0.000980017473921, -0.00255609606393, 0.0115039236844, -0.0172948371619, 0.0291948225349]]}, "melbands": {"dmean": [0.00205589528196, 0.0046299234964, 0.0025105739478, 0.000633688236121, 0.000211628124816, 0.000171865845914, 0.000232014368521, 0.000181134295417, 9.82483616099e-05, 7.91467973613e-05, 3.63580620615e-05, 2.58246964222e-05, 1.73856369656e-05, 1.69725226442e-05, 1.59225619427e-05, 1.64925695572e-05, 1.73372500285e-05, 2.23585193453e-05, 1.00291563285e-05, 8.20811874291e-06, 9.47471107793e-06, 8.69357518241e-06, 5.12092128702e-06, 2.71849921774e-06, 2.92906383947e-06, 2.72752026831e-06, 3.02597572954e-06, 2.21688515012e-06, 2.77049343822e-06, 2.40368422055e-06, 2.15910108636e-06, 2.79208893517e-06, 1.93242340174e-06, 1.85312569556e-06, 1.5487202063e-06, 1.28112503717e-06, 9.58735654422e-07, 9.61798832577e-07, 7.81335018019e-07, 5.74270700326e-07], "dmean2": [0.00342385051772, 0.00775252934545, 0.00414308160543, 0.000986630911939, 0.000328274152707, 0.000294626108371, 0.000382639642339, 0.000282818742562, 0.000147572471178, 0.000119581018225, 5.71589371248e-05, 3.94216149289e-05, 2.77656181424e-05, 2.69533084065e-05, 2.56698203884e-05, 2.881659384e-05, 3.02572934743e-05, 3.96364157496e-05, 1.70754428837e-05, 1.44041441672e-05, 1.67867183336e-05, 1.50571277118e-05, 8.60474028741e-06, 4.13765883422e-06, 4.49876642961e-06, 4.22577159043e-06, 5.02822013004e-06, 3.45686066794e-06, 4.06400613429e-06, 3.36406606039e-06, 3.18682987199e-06, 4.45647674496e-06, 2.96155553769e-06, 2.78733045889e-06, 2.37603444475e-06, 1.91210324374e-06, 1.39388259868e-06, 1.45224930748e-06, 1.1472237702e-06, 8.24927212761e-07], "dvar": [7.84850544733e-06, 4.069514398e-05, 1.2068311662e-05, 1.27983582843e-06, 2.43910960762e-07, 4.41527845396e-07, 3.75005726028e-07, 1.93723465713e-07, 1.50614781091e-07, 1.39572449598e-07, 2.97992546194e-08, 8.06018363164e-09, 1.44141909519e-09, 2.65373945041e-09, 2.22299889607e-09, 2.68126942871e-09, 2.63811572587e-09, 7.1512680222e-09, 1.01556907328e-09, 8.30649882211e-10, 1.39784273046e-09, 9.67772195715e-10, 2.60701155108e-10, 5.0953598979e-11, 5.3334850425e-11, 7.29860685778e-11, 8.94577259491e-11, 4.11304428016e-11, 4.24698852475e-11, 2.78952139166e-11, 4.23407801875e-11, 1.28266688937e-10, 7.35067770541e-11, 2.36969055489e-11, 1.83761530298e-11, 1.24696069442e-11, 4.95139259454e-12, 6.38769896352e-12, 3.43539411328e-12, 1.870639494e-12], "dvar2": [2.10568869079e-05, 0.000112099463877, 3.24244138028e-05, 2.73129512607e-06, 4.30321961176e-07, 1.21367963857e-06, 9.86722852758e-07, 4.67332512244e-07, 3.24850560673e-07, 3.2581334608e-07, 7.55800115826e-08, 2.04940011628e-08, 3.61800367443e-09, 5.73935032833e-09, 5.24153742631e-09, 7.29725613269e-09, 7.27372251319e-09, 1.99887857377e-08, 2.65660449195e-09, 2.33258257154e-09, 3.92067356358e-09, 2.71756417369e-09, 7.11737946357e-10, 1.13952576541e-10, 1.19586576752e-10, 1.81263781762e-10, 2.48733061925e-10, 1.06192984961e-10, 8.72725849921e-11, 5.34856429979e-11, 8.89525259007e-11, 3.44716727385e-10, 1.97230953791e-10, 5.38206423872e-11, 4.31611794915e-11, 2.73198737938e-11, 1.08342579699e-11, 1.48050547516e-11, 7.34468475622e-12, 3.65079364309e-12], "max": [0.0317607820034, 0.0721316933632, 0.0317741855979, 0.0232346616685, 0.0156877655536, 0.0123264146969, 0.0115598822013, 0.0105015272275, 0.0119586242363, 0.0114201847464, 0.00616295589134, 0.002833990613, 0.000638596597128, 0.00195057329256, 0.00136368151288, 0.000685023434926, 0.000584652414545, 0.000979252159595, 0.000620384817012, 0.000388948305044, 0.000378242082661, 0.000344033760484, 0.000213029547012, 0.000214511994272, 0.000164617667906, 0.000292961718515, 0.000152455701027, 0.000190926351934, 0.000107295221824, 9.00195809663e-05, 0.000125503909658, 0.000523903872818, 0.000436126370914, 0.000124622791191, 9.23835978028e-05, 5.20214016433e-05, 2.3754337235e-05, 2.7642101486e-05, 1.93940450117e-05, 1.89247748494e-05], "mean": [0.00488169305027, 0.0113254524767, 0.00446629477665, 0.000952699454501, 0.000289834249998, 0.000219193505473, 0.000375318864826, 0.000350315938704, 0.000156906258781, 0.000119898715639, 5.42098423466e-05, 3.9916652895e-05, 2.74595731753e-05, 2.90006009891e-05, 2.16554963117e-05, 1.34952078952e-05, 1.50728383232e-05, 1.9820572561e-05, 1.03092379504e-05, 6.85752547724e-06, 7.42231122786e-06, 7.176769941e-06, 4.56461111753e-06, 3.06714468934e-06, 3.5555424347e-06, 3.04575678456e-06, 2.86985118692e-06, 2.32543561651e-06, 3.14749922836e-06, 2.84448424281e-06, 2.36511118601e-06, 2.65278299594e-06, 2.11058272725e-06, 1.91269509742e-06, 1.49602624333e-06, 1.30548266952e-06, 9.45001886521e-07, 8.95269863577e-07, 7.50668220917e-07, 5.95210849497e-07], "median": [0.00413223775104, 0.00899984594434, 0.00300465337932, 0.000454170338344, 8.03195434855e-05, 3.80997844331e-05, 0.000101834302768, 6.97009672876e-05, 2.6992533094e-05, 2.72470533673e-05, 9.54829374678e-06, 4.84250540467e-06, 3.52301822204e-06, 2.4906357794e-06, 1.35242567012e-06, 8.24437165647e-07, 6.95235769399e-07, 7.38185690352e-07, 4.9340883379e-07, 4.71372743505e-07, 3.40747249084e-07, 2.85730436644e-07, 1.58483729251e-07, 1.18482297751e-07, 3.29035458435e-07, 1.70991967252e-07, 1.57954872293e-07, 1.20601015396e-07, 2.93514773375e-07, 3.39352936862e-07, 6.59623964339e-08, 1.04056809391e-07, 7.62669927212e-08, 5.30798516252e-08, 4.08995504131e-08, 3.46218875791e-08, 3.6773819545e-08, 2.67064770298e-08, 1.95613516496e-08, 1.5315951174e-08], "min": [3.43406968704e-24, 5.06828458792e-24, 8.29964818232e-24, 7.59818675451e-24, 3.53647172115e-24, 5.54635244028e-24, 3.84522044097e-24, 9.90158881141e-24, 8.0218981462e-24, 9.74204563764e-24, 9.73354013936e-24, 7.70740296912e-24, 7.91264564399e-24, 8.07732509112e-24, 5.00215871697e-24, 7.71235938218e-24, 4.6170738995e-24, 2.67266942436e-24, 7.77354658944e-24, 1.18246999586e-23, 7.77572778984e-24, 5.75193353649e-24, 4.71685612654e-24, 7.45256934229e-24, 4.9038228664e-24, 7.7724555948e-24, 5.26503004755e-24, 9.10246245923e-24, 9.80347975835e-24, 7.47051908333e-24, 6.50680321416e-24, 8.28444288837e-24, 1.06294644578e-23, 7.14315837374e-24, 8.12817112077e-24, 9.56828482376e-24, 9.01603722504e-24, 9.30491808853e-24, 1.0451948666e-23, 1.05539160377e-23], "var": [1.75383665919e-05, 8.50980504765e-05, 2.0054882043e-05, 2.85680221168e-06, 6.79542893067e-07, 3.89052047467e-07, 5.2827260788e-07, 7.365960073e-07, 2.38745855086e-07, 1.52968283373e-07, 4.18641086242e-08, 1.51789780745e-08, 3.51770057527e-09, 1.21173897583e-08, 5.82819748018e-09, 2.02475547439e-09, 2.0296613279e-09, 6.24353813095e-09, 1.41999956238e-09, 6.07589423218e-10, 9.16084430536e-10, 6.8088568117e-10, 2.37284775162e-10, 9.77282282877e-11, 1.20974882889e-10, 1.15850738724e-10, 8.92479840031e-11, 5.1813112828e-11, 7.40184510906e-11, 5.51308651509e-11, 6.43505387865e-11, 1.09124036196e-10, 6.90284079896e-11, 2.98401893473e-11, 2.00744056794e-11, 1.6050707638e-11, 6.1399340473e-12, 6.78395230616e-12, 4.20342276611e-12, 2.71613829518e-12]}, "mfcc": {"mean": [-743.397155762, 155.447647095, 50.3868484497, 42.4716758728, 10.7363843918, 18.0079460144, 10.3913698196, 8.73047351837, 12.794757843, 11.4615097046, 3.67912459373, 3.55188035965, -0.668328642845], "cov": [[14419.8867188, -1792.83972168, -1058.03942871, -755.807312012, -405.260925293, -157.688522339, -566.263793945, -215.550201416, -516.144470215, -343.805175781, 45.9432525635, 81.6800994873, -2.0639424324], [-1792.83972168, 2520.52636719, 344.429870605, -24.8086357117, -206.504806519, -91.4971923828, 90.5575332642, 33.9903411865, 88.6865310669, 95.8641433716, -8.6825056076, -11.9616279602, 21.8620510101], [-1058.03942871, 344.429870605, 741.326782227, 204.628799438, 5.15209150314, -53.9894104004, 6.92623186111, 38.3525009155, 96.7457580566, 23.7413635254, 23.6113147736, 55.721370697, 69.9256896973], [-755.807312012, -24.8086357117, 204.628799438, 547.497741699, 190.196472168, 50.4679069519, 66.5515136719, 3.31209993362, 69.4781341553, 44.149723053, 13.2423143387, 35.0516700745, 20.3941001892], [-405.260925293, -206.504806519, 5.15209150314, 190.196472168, 262.64276123, 147.389862061, 59.5516548157, 24.5791473389, 37.9590492249, 40.8906745911, 14.4127645493, -0.546337902546, -8.64378547668], [-157.688522339, -91.4971923828, -53.9894104004, 50.4679069519, 147.389862061, 239.728012085, 130.84664917, 51.827167511, 50.4616165161, 53.2225036621, 10.2284755707, -25.5491333008, -35.8049659729], [-566.263793945, 90.5575332642, 6.92623186111, 66.5515136719, 59.5516548157, 130.84664917, 195.144714355, 113.454360962, 75.2601470947, 42.3907241821, -9.61794948578, -24.0996112823, -31.7575740814], [-215.550201416, 33.9903411865, 38.3525009155, 3.31209993362, 24.5791473389, 51.827167511, 113.454360962, 158.261291504, 101.361946106, 42.0722846985, 3.29955887794, -6.53617334366, -18.880941391], [-516.144470215, 88.6865310669, 96.7457580566, 69.4781341553, 37.9590492249, 50.4616165161, 75.2601470947, 101.361946106, 203.455673218, 148.327789307, 58.7823829651, 15.2337179184, -21.9079399109], [-343.805175781, 95.8641433716, 23.7413635254, 44.149723053, 40.8906745911, 53.2225036621, 42.3907241821, 42.0722846985, 148.327789307, 202.516845703, 105.950996399, 18.509727478, -30.2570743561], [45.9432525635, -8.6825056076, 23.6113147736, 13.2423143387, 14.4127645493, 10.2284755707, -9.61794948578, 3.29955887794, 58.7823829651, 105.950996399, 105.814834595, 45.3341560364, 3.39995288849], [81.6800994873, -11.9616279602, 55.721370697, 35.0516700745, -0.546337902546, -25.5491333008, -24.0996112823, -6.53617334366, 15.2337179184, 18.509727478, 45.3341560364, 89.0678863525, 59.5572776794], [-2.0639424324, 21.8620510101, 69.9256896973, 20.3941001892, -8.64378547668, -35.8049659729, -31.7575740814, -18.880941391, -21.9079399109, -30.2570743561, 3.39995288849, 59.5572776794, 105.18157196]], "icov": [[0.000116533796245, 4.85114105686e-05, 0.000118176358228, -6.19989732513e-05, 0.000335145130521, -0.000373028917238, 0.00058308779262, -0.000410376000218, 0.00025425516651, 0.000120712909847, -0.000199692629394, -0.000175930690602, 0.000122361147078], [4.85114105686e-05, 0.000541905406862, -0.000210812155274, 2.41744692175e-05, 0.000557897379622, 6.53717142995e-05, -0.000336572440574, 0.000100162018498, 0.000334533076966, -0.00080644414993, 0.000558572588488, 4.87338584207e-05, -0.000199718924705], [0.000118176358228, -0.000210812155274, 0.00207332381979, -0.000795998668764, 0.000482374016428, -0.000188961377717, 0.000960873323493, -0.000647758424748, -0.00129801186267, 0.0015960339224, -0.00130925443955, 0.000210461439565, -0.000916817283724], [-6.19989732513e-05, 2.41744692175e-05, -0.000795998668764, 0.00358772883192, -0.00339428684674, 0.00238024862483, -0.00315844686702, 0.0028953300789, -0.00140299613122, 4.93154548167e-05, 0.000881211075466, -0.00128346611746, 0.00034494663123], [0.000335145130521, 0.000557897379622, 0.000482374016428, -0.00339428684674, 0.0104048941284, -0.0074299601838, 0.00518457777798, -0.00373403495178, 0.00215341686271, -0.00115589424968, 9.48042361415e-05, -3.3002008422e-05, -0.00041937129572], [-0.000373028917238, 6.53717142995e-05, -0.000188961377717, 0.00238024862483, -0.0074299601838, 0.0133765544742, -0.0107710845768, 0.00541832391173, -0.00201819720678, -0.000333031406626, -0.000805716495961, 0.00174706056714, -0.000172721134732], [0.00058308779262, -0.000336572440574, 0.000960873323493, -0.00315844686702, 0.00518457777798, -0.0107710845768, 0.0204641483724, -0.0130531294271, 0.00370908039622, -0.00192104035523, 0.00270427530631, -0.000887810252607, 0.00128532352392], [-0.000410376000218, 0.000100162018498, -0.000647758424748, 0.0028953300789, -0.00373403495178, 0.00541832391173, -0.0130531294271, 0.0195936113596, -0.0108709242195, 0.00530566228554, -0.00137295457534, 0.00060244119959, -8.07187389e-05], [0.00025425516651, 0.000334533076966, -0.00129801186267, -0.00140299613122, 0.00215341686271, -0.00201819720678, 0.00370908039622, -0.0108709242195, 0.0207480471581, -0.0160676334053, 0.00721803912893, -0.0040700561367, 0.00149956450332], [0.000120712909847, -0.00080644414993, 0.0015960339224, 4.93154548167e-05, -0.00115589424968, -0.000333031406626, -0.00192104035523, 0.00530566228554, -0.0160676334053, 0.0281279478222, -0.022465467453, 0.00595707865432, 0.00136124377605], [-0.000199692629394, 0.000558572588488, -0.00130925443955, 0.000881211075466, 9.48042361415e-05, -0.000805716495961, 0.00270427530631, -0.00137295457534, 0.00721803912893, -0.022465467453, 0.0353232175112, -0.0159725453705, 0.00382635253482], [-0.000175930690602, 4.87338584207e-05, 0.000210461439565, -0.00128346611746, -3.3002008422e-05, 0.00174706056714, -0.000887810252607, 0.00060244119959, -0.0040700561367, 0.00595707865432, -0.0159725453705, 0.0295869726688, -0.0148434583098], [0.000122361147078, -0.000199718924705, -0.000916817283724, 0.00034494663123, -0.00041937129572, -0.000172721134732, 0.00128532352392, -8.07187389e-05, 0.00149956450332, 0.00136124377605, 0.00382635253482, -0.0148434583098, 0.0193593297154]]}, "spectral_contrast_coeffs": {"dmean": [0.0557007975876, 0.0502951554954, 0.0402250401676, 0.0257122311741, 0.019974058494, 0.0222225449979], "dmean2": [0.0897122919559, 0.0790159404278, 0.0596954077482, 0.0416481271386, 0.0324623547494, 0.0332213193178], "dvar": [0.00210231682286, 0.00215503177606, 0.00131942657754, 0.000489142665174, 0.000325252913171, 0.000463435892016], "dvar2": [0.00511527946219, 0.00455238530412, 0.00266597606242, 0.00117825192865, 0.000796579348389, 0.00107387069147], "max": [-0.299703717232, -0.392968565226, -0.411070406437, -0.5059004426, -0.704951882362, -0.652140557766], "mean": [-0.569583952427, -0.723032176495, -0.775263667107, -0.831375777721, -0.843783795834, -0.790168344975], "median": [-0.565813183784, -0.733297884464, -0.797260403633, -0.842892050743, -0.846930325031, -0.791300535202], "min": [-0.966001331806, -0.967843234539, -0.968958258629, -0.969105482101, -0.960156559944, -0.964069247246], "var": [0.00640789791942, 0.0100941034034, 0.00907951779664, 0.0026037779171, 0.000819233304355, 0.00131394609343]}, "spectral_contrast_valleys": {"dmean": [0.499844253063, 0.572898745537, 0.635541856289, 0.718357980251, 0.706005513668, 0.724948525429], "dmean2": [0.732445478439, 0.852709949017, 0.854598939419, 0.882879853249, 0.810750246048, 0.805071175098], "dvar": [0.212128475308, 0.43095856905, 0.437047451735, 0.454637259245, 0.450050443411, 0.486985504627], "dvar2": [0.375599533319, 0.740367472172, 0.77840423584, 0.811821222305, 0.75120139122, 0.839777469635], "max": [-5.07688570023, -4.45569133759, -5.10279893875, -5.44758605957, -5.51342868805, -7.75806665421], "mean": [-7.03102970123, -7.50248289108, -8.37616062164, -8.