{"lowlevel": {"average_loudness": 0.425426661968, "barkbands_crest": {"dmean": 1.55831611156, "dmean2": 2.51424789429, "dvar": 2.67333364487, "dvar2": 7.12689828873, "max": 26.2623825073, "mean": 13.2484502792, "median": 12.6000680923, "min": 3.72088670731, "var": 15.3267917633}, "barkbands_flatness_db": {"dmean": 0.0274511277676, "dmean2": 0.0486730448902, "dvar": 0.000574438367039, "dvar2": 0.00171093922108, "max": 0.683972001076, "mean": 0.480321466923, "median": 0.496639668941, "min": 0.0188850685954, "var": 0.00782116409391}, "barkbands_kurtosis": {"dmean": 1.53507459164, "dmean2": 2.4078540802, "dvar": 7.77979373932, "dvar2": 18.8899288177, "max": 73.5381469727, "mean": 4.55500602722, "median": 3.13388729095, "min": -1.78635549545, "var": 32.6740226746}, "barkbands_skewness": {"dmean": 0.307632833719, "dmean2": 0.480010926723, "dvar": 0.137766540051, "dvar2": 0.316790670156, "max": 5.98989629745, "mean": 0.779698610306, "median": 0.838685154915, "min": -7.81081867218, "var": 1.18471109867}, "barkbands_spread": {"dmean": 0.457850277424, "dmean2": 0.749389708042, "dvar": 3.06253027916, "dvar2": 8.82353496552, "max": 118.484489441, "mean": 2.84006643295, "median": 1.69854259491, "min": 0.167495638132, "var": 27.9638519287}, "dissonance": {"dmean": 0.0483477637172, "dmean2": 0.0840676501393, "dvar": 0.00247811875306, "dvar2": 0.00675705308095, "max": 0.500000119209, "mean": 0.342168271542, "median": 0.346222758293, "min": 0.0514590851963, "var": 0.0064393710345}, "dynamic_complexity": 6.30984210968, "erbbands_crest": {"dmean": 1.61669337749, "dmean2": 2.50978064537, "dvar": 3.68714380264, "dvar2": 8.29984664917, "max": 33.9284095764, "mean": 14.8319721222, "median": 13.2680978775, "min": 2.71378159523, "var": 37.4467544556}, "erbbands_flatness_db": {"dmean": 0.0185840427876, "dmean2": 0.0326772779226, "dvar": 0.000288698007353, "dvar2": 0.000852324417792, "max": 0.665620028973, "mean": 0.472092807293, "median": 0.489145219326, "min": 0.0519063919783, "var": 0.00649981247261}, "erbbands_kurtosis": {"dmean": 1.09203612804, "dmean2": 1.62653136253, "dvar": 5.35819625854, "dvar2": 10.9497480392, "max": 63.2611236572, "mean": 2.91268706322, "median": 1.27242946625, "min": -1.68433392048, "var": 32.9325561523}, "erbbands_skewness": {"dmean": 0.246284335852, "dmean2": 0.371048480272, "dvar": 0.0948387011886, "dvar2": 0.201558619738, "max": 4.58832788467, "mean": 0.584149718285, "median": 0.667489826679, "min": -6.36520051956, "var": 0.966226756573}, "erbbands_spread": {"dmean": 0.757573187351, "dmean2": 1.18827068806, "dvar": 1.3162368536, "dvar2": 3.18597483635, "max": 67.9810943604, "mean": 6.26177978516, "median": 4.89787483215, "min": 0.192185953259, "var": 45.5896949768}, "hfc": {"dmean": 1.79892075062, "dmean2": 2.37317156792, "dvar": 27.9622344971, "dvar2": 50.2104110718, "max": 180.2837677, "mean": 7.24789953232, "median": 3.23352861404, "min": 1.07361948843e-16, "var": 130.823776245}, "melbands_crest": {"dmean": 1.73641419411, "dmean2": 2.78866362572, "dvar": 3.40585541725, "dvar2": 8.46056365967, "max": 31.9781150818, "mean": 14.1906881332, "median": 13.2518072128, "min": 1.00054895878, "var": 23.6999397278}, "melbands_flatness_db": {"dmean": 0.0323208644986, "dmean2": 0.057544272393, "dvar": 0.000813363469206, "dvar2": 0.00242501567118, "max": 0.82286465168, "mean": 0.611314833164, "median": 0.631424486637, "min": -3.45146169423e-08, "var": 0.0133278844878}, "melbands_kurtosis": {"dmean": 1.1200273037, "dmean2": 1.78041374683, "dvar": 3.11268830299, "dvar2": 7.4090385437, "max": 56.6583976746, "mean": 3.07640075684, "median": 1.91567134857, "min": -1.81437957287, "var": 20.3514957428}, "melbands_skewness": {"dmean": 0.256900727749, "dmean2": 0.40436142683, "dvar": 0.094380736351, "dvar2": 0.216687098145, "max": 5.8164024353, "mean": 0.762418270111, "median": 0.783351242542, "min": -5.45671796799, "var": 0.851694583893}, "melbands_spread": {"dmean": 0.856932282448, "dmean2": 1.37914443016, "dvar": 7.83165979385, "dvar2": 19.3086032867, "max": 154.463150024, "mean": 6.52009963989, "median": 3.10846877098, "min": 0.291523307562, "var": 341.889221191}, "pitch_salience": {"dmean": 0.0422767624259, "dmean2": 0.0692716315389, "dvar": 0.00211778236553, "dvar2": 0.00523878494278, "max": 0.99608963728, "mean": 0.57691526413, "median": 0.596756756306, "min": 0.0551956482232, "var": 0.016374707222}, "silence_rate_20dB": {"dmean": 0, "dmean2": 0, "dvar": 0, "dvar2": 0, "max": 1, "mean": 1, "median": 1, "min": 1, "var": 0}, "silence_rate_30dB": {"dmean": 0.00377663876861, "dmean2": 0.00755429640412, "dvar": 0.0037621811498, "dvar2": 0.00911560747772, "max": 1, "mean": 0.995819270611, "median": 1, "min": 0, "var": 0.00416318373755}, "silence_rate_60dB": {"dmean": 0.0258969515562, "dmean2": 0.051800891757, "dvar": 0.025226989761, "dvar2": 0.0534359253943, "max": 1, "mean": 0.255428195, "median": 0, "min": 0, "var": 0.190187647939}, "spectral_centroid": {"dmean": 27.3885803223, "dmean2": 43.187286377, "dvar": 12890.2226562, "dvar2": 27011.9375, "max": 11779.8925781, "mean": 606.842346191, "median": 360.200286865, "min": 225.483551025, "var": 2203574.5}, "spectral_complexity": {"dmean": 0.732937693596, "dmean2": 1.24322140217, "dvar": 0.920011997223, "dvar2": 1.9596310854, "max": 16, "mean": 6.96695899963, "median": 7, "min": 0, "var": 9.67220401764}, "spectral_decrease": {"dmean": 9.39283428814e-10, "dmean2": 1.29102362134e-09, "dvar": 4.06578833891e-18, "dvar2": 7.61338193847e-18, "max": 1.68061335281e-19, "mean": -4.1918477578e-09, "median": -2.37395592073e-09, "min": -5.11445890083e-08, "var": 2.49943061102e-17}, "spectral_energy": {"dmean": 0.00370547967032, "dmean2": 0.00508194463328, "dvar": 6.49476132821e-05, "dvar2": 0.000121206860058, "max": 0.209383815527, "mean": 0.0164784211665, "median": 0.00926198810339, "min": 9.97092719218e-21, "var": 0.000394074246287}, "spectral_energyband_high": {"dmean": 1.00344603737e-08, "dmean2": 1.77432095683e-08, "dvar": 5.61108717337e-15, "dvar2": 1.59755919566e-14, "max": 4.54953942608e-06, "mean": 1.17415961398e-08, "median": 2.63780552956e-09, "min": 7.18609441305e-21, "var": 4.56505569362e-15}, "spectral_energyband_low": {"dmean": 0.000247113988735, "dmean2": 0.00040680472739, "dvar": 3.64840104794e-07, "dvar2": 9.57200427365e-07, "max": 0.0123280892149, "mean": 0.00052789459005, "median": 0.000141312513733, "min": 1.4919054191e-23, "var": 9.60960505836e-07}, "spectral_energyband_middle_high": {"dmean": 0.000581210013479, "dmean2": 0.00073090539081, "dvar": 2.04520583793e-05, "dvar2": 3.839420242e-05, "max": 0.201020419598, "mean": 0.0014570353087, "median": 0.000106996682007, "min": 1.24223878071e-21, "var": 6.216399197e-05}, "spectral_energyband_middle_low": {"dmean": 0.00333580328152, "dmean2": 0.00466776825488, "dvar": 4.51331216027e-05, "dvar2": 8.62623928697e-05, "max": 0.128772988915, "mean": 0.0149510530755, "median": 0.00853480957448, "min": 1.29955393048e-22, "var": 0.00030217616586}, "spectral_entropy": {"dmean": 0.0981785655022, "dmean2": 0.162166431546, "dvar": 0.0208699833602, "dvar2": 0.0487630479038, "max": 9.82407951355, "mean": 5.00145959854, "median": 4.86994552612, "min": 3.0618789196, "var": 0.659807562828}, "spectral_flux": {"dmean": 0.01164603699, "dmean2": 0.0187957752496, "dvar": 0.000521256180946, "dvar2": 0.00122093933169, "max": 0.36357781291, "mean": 0.0299245286733, "median": 0.0216850712895, "min": 6.27246865559e-11, "var": 0.00094099616399}, "spectral_kurtosis": {"dmean": 141.943740845, "dmean2": 256.247589111, "dvar": 18773.0390625, "dvar2": 60420.9804688, "max": 1122.96643066, "mean": 365.696228027, "median": 340.3046875, "min": -1.27330708504, "var": 35495.3984375}, "spectral_rms": {"dmean": 0.000378621887648, "dmean2": 0.000519302440807, "dvar": 4.19086376269e-07, "dvar2": 7.03261321178e-07, "max": 0.0142925465479, "mean": 0.00334844947793, "median": 0.00300600845367, "min": 3.11893154532e-12, "var": 4.86445787828e-06}, "spectral_rolloff": {"dmean": 49.4232711792, "dmean2": 87.4856033325, "dvar": 87961.34375, "dvar2": 177137.84375, "max": 19616.7480469, "mean": 887.046142578, "median": 452.197265625, "min": 193.798828125, "var": 6697290}, "spectral_skewness": {"dmean": 2.60924005508, "dmean2": 4.61451625824, "dvar": 5.75673818588, "dvar2": 17.7148914337, "max": 27.1248569489, "mean": 15.0764846802, "median": 15.5570487976, "min": -0.0765591487288, "var": 22.2044448853}, "spectral_spread": {"dmean": 351374.03125, "dmean2": 641714.3125, "dvar": 235129307136, "dvar2": 578957213696, "max": 42969560, "mean": 1468715.75, "median": 509545.125, "min": 82054.96875, "var": 31343513698300.0}, "spectral_strongpeak": {"dmean": 0.290801078081, "dmean2": 0.463325172663, "dvar": 0.334874778986, "dvar2": 0.683137476444, "max": 14.7615528107, "mean": 1.08070123196, "median": 0.646905958652, "min": 0, "var": 1.70686459541}, "zerocrossingrate": {"dmean": 0.00167816225439, "dmean2": 0.00234754406847, "dvar": 4.24734971602e-05, "dvar2": 7.75341832195e-05, "max": 0.52587890625, "mean": 0.0294625554234, "median": 0.017578125, "min": 0.00830078125, "var": 0.00478648254648}, "barkbands": {"dmean": [1.76014668796e-06, 4.44225479441e-05, 0.000149361760123, 0.000234328981605, 0.00109599996358, 0.00106654013507, 0.000841579516418, 0.000575211073738, 0.000449083338026, 0.000636329466943, 7.91159109212e-05, 2.20264901145e-05, 6.48011791782e-06, 8.74162560649e-06, 2.04651405511e-06, 3.5272552168e-07, 2.15884114141e-07, 8.21207848389e-08, 4.50493722326e-08, 1.41263836184e-08, 1.41196587755e-09, 9.59649248955e-10, 7.9583722945e-10, 7.56561258086e-10, 7.27522153632e-10, 7.12561232241e-10, 7.5887979234e-10], "dmean2": [3.0849232644e-06, 7.8302451584e-05, 0.000248472410021, 0.000372842681827, 0.00172588042915, 0.00160458509345, 0.00122376217041, 0.000937035132665, 0.000513561186381, 0.000775104272179, 0.000110840250272, 3.45265143551e-05, 9.81271659839e-06, 1.13157029773e-05, 2.89562171929e-06, 5.37843448001e-07, 3.23064398344e-07, 9.73202460841e-08, 5.38129292238e-08, 2.16697362276e-08, 2.51924681116e-09, 1.78885140034e-09, 1.48734635719e-09, 1.4129771797e-09, 1.35938493795e-09, 1.33034527838e-09, 1.41855738267e-09], "dvar": [1.4095238865e-11, 3.0963608566e-08, 1.65788748063e-07, 1.24744744312e-07, 5.16937097927e-06, 5.29729095433e-06, 7.42386464481e-06, 7.65070490161e-06, 7.07957315171e-06, 2.32993788813e-05, 1.70024577528e-07, 7.47690620528e-09, 1.38088285251e-09, 2.12752171436e-09, 2.06044861728e-10, 3.39265594784e-12, 3.44364771074e-12, 1.68396207894e-13, 7.20873691686e-14, 2.49691590917e-14, 1.74498597496e-17, 3.68026303005e-18, 2.54579702085e-18, 2.27526077727e-18, 2.10417852669e-18, 2.01092611354e-18, 2.29314338814e-18], "dvar2": [4.12074992184e-11, 8.94453080491e-08, 4.27743060527e-07, 3.02747992009e-07, 1.42398848766e-05, 1.24611378851e-05, 1.49285442603e-05, 1.8946473574e-05, 9.58371492743e-06, 4.16892544308e-05, 3.68683686247e-07, 1.58763153735e-08, 2.81129919344e-09, 3.95200183689e-09, 4.0579517524e-10, 8.01965351765e-12, 9.29675954275e-12, 2.6355377299e-13, 1.16013860844e-13, 6.53551648563e-14, 4.70179849564e-17, 1.2350482352e-17, 8.61326545521e-18, 7.69271848538e-18, 7.11464165993e-18, 6.80194836323e-18, 7.75889293438e-18], "max": [8.27116527944e-05, 0.00705772545189, 0.00775632960722, 0.00630278326571, 0.0450720973313, 0.0514221452177, 0.0762087032199, 0.095735296607, 0.0896065980196, 0.201453894377, 0.0143242869526, 0.00233077118173, 0.00137024989817, 0.00231186673045, 0.000729799794499, 6.60036675981e-05, 0.000101410427305, 1.4880103663e-05, 1.20983067973e-05, 8.41881592351e-06, 1.40360256751e-07, 3.21292361605e-08, 2.65436330693e-08, 2.51739979973e-08, 2.41656152866e-08, 2.37510437984e-08, 2.51847627197e-08], "mean": [2.02461615117e-06, 4.77947942272e-05, 0.000359492260031, 0.000464136741357, 0.00333224190399, 0.00429299427196, 0.00342130870558, 0.00155084801372, 0.00117397960275, 0.00158302625641, 0.00015740422532, 4.90538295708e-05, 1.49690968101e-05, 2.16386706597e-05, 6.00780958848e-06, 6.94123116318e-07, 4.7471058906e-07, 1.97271205593e-07, 1.0791519145e-07, 1.84764932243e-08, 1.44764611409e-09, 8.46226366757e-10, 7.1236927468e-10, 7.0910871619e-10, 7.09379444075e-10, 7.38179239956e-10, 7.31357585604e-10], "median": [6.86967041474e-07, 9.18808564165e-06, 3.21966836054e-05, 0.000265771639533, 0.0017910124734, 0.00209280429408, 0.000817770604044, 0.000231672063819, 7.01334356563e-05, 3.34899195877e-05, 1.38088435051e-05, 4.12011195294e-06, 1.54506255967e-06, 1.16509886539e-06, 1.97813420755e-07, 3.21617328325e-08, 1.22947163561e-08, 4.18635437427e-09, 1.48478407347e-09, 6.30677787772e-10, 3.36855487948e-10, 2.54426424373e-10, 2.28188523632e-10, 2.54626542073e-10, 2.72128514167e-10, 3.14615999919e-10, 2.74279404744e-10], "min": [6.84134591065e-25, 3.7384358901e-24, 1.10339966687e-24, 1.42062410547e-24, 5.12516145918e-24, 8.50770787949e-24, 8.57251201399e-24, 5.78237134008e-24, 1.58746582034e-23, 9.26585764081e-24, 1.52148154993e-23, 2.98446338393e-23, 3.67548660424e-23, 2.02315385607e-23, 2.42722056018e-23, 4.26752324262e-23, 4.76516478509e-23, 6.64638347387e-23, 1.11742311308e-22, 1.86020684215e-22, 2.6212585703e-22, 3.02203525113e-22, 3.36332853803e-22, 5.77807266346e-22, 8.42036693556e-22, 1.27754410538e-21, 1.80812917344e-21], "var": [1.71316450609e-11, 2.4380662822e-08, 5.74158946165e-07, 3.28238741076e-07, 1.72876170836e-05, 3.39946200256e-05, 5.92189026065e-05, 3.2790358091e-05, 3.2603940781e-05, 7.73290666984e-05, 3.48152013885e-07, 2.33303154573e-08, 4.76733985622e-09, 5.73806469006e-09, 7.62016727496e-10, 6.29649284101e-12, 4.46154181308e-12, 7.3833517425e-13, 3.4958941666e-13, 2.36808135086e-14, 2.02472389975e-17, 2.88347220602e-18, 1.93303030846e-18, 1.70376014109e-18, 1.57269564778e-18, 1.51019336371e-18, 1.70271365422e-18]}, "erbbands": {"dmean": [0.000746789912228, 0.0133830755949, 0.126840263605, 0.458844959736, 1.72728121281, 4.92204618454, 5.82318735123, 9.09392261505, 9.76283359528, 19.0792446136, 8.43321704865, 8.16434192657, 17.8225154877, 14.6973333359, 3.16299033165, 0.852089047432, 0.343230754137, 0.467039734125, 0.16423048079, 0.0567452795804, 0.0191720556468, 0.00988109130412, 0.00423438800499, 0.00438508111984, 0.00114198459778, 0.000648670946248, 9.35660864343e-05, 4.64775257569e-05, 3.53135292244e-05, 2.84517209366e-05, 2.2367674319e-05, 1.71803985722e-05, 1.26851100504e-05, 8.9592203949e-06, 5.98251563133e-06, 3.69346821572e-06, 1.91160120266e-06, 5.68943903545e-07, 1.76997139079e-06, 4.16619468524e-06], "dmean2": [0.00128227111418, 0.0235895141959, 0.215880960226, 0.734238624573, 2.60058522224, 8.03915882111, 8.22101593018, 14.5809249878, 13.8461074829, 30.7908210754, 12.5054731369, 9.12810611725, 20.2340774536, 18.8877906799, 4.28909301758, 1.28555762768, 0.493035554886, 0.619997501373, 0.220750004053, 0.0824584662914, 0.0278761927038, 0.0146668208763, 0.00554161844775, 0.0049595925957, 0.00149427470751, 0.00103567552287, 0.000158497714438, 8.47441333462e-05, 6.53852839605e-05, 5.2719075029e-05, 4.13502420997e-05, 3.1536899769e-05, 2.29865599977e-05, 1.5899166101e-05, 1.02782514659e-05, 6.10119832345e-06, 3.06502170133e-06, 9.66364041233e-07, 2.40493159254e-06, 5.6974540712e-06], "dvar": [3.59096111424e-06, 0.00273020379245, 0.123180024326, 0.743510723114, 10.6881923676, 126.7162323, 145.214981079, 430.144714355, 778.232727051, 7141.60400391, 1661.64501953, 2926.45654297, 8936.98339844, 26093.9511719, 248.210479736, 10.4872980118, 3.49839758873, 5.88370990753, 1.11915767193, 0.0729721486568, 0.0126916337758, 0.0046329558827, 0.000383766804589, 0.000483249430545, 4.66363344458e-05, 8.66114642122e-05, 3.16037301218e-07, 1.15084448638e-08, 4.95029706116e-09, 3.22556581445e-09, 1.96979543787e-09, 1.14483944547e-09, 6.12101702657e-10, 2.96009272649e-10, 1.27969343455e-10, 4.81478502901e-11, 1.31397601133e-11, 1.28704295485e-12, 1.57650489885e-11, 8.46185413406e-11], "dvar2": [1.02336480268e-05, 0.00784234143794, 0.331681877375, 1.88049209118, 23.8676204681, 376.926971436, 268.730407715, 1082.11791992, 1230.2244873, 18615.8125, 2946.41601562, 4008.61474609, 11431.2900391, 48135.9101562, 492.050598145, 21.1632156372, 6.88700294495, 11.3430814743, 2.03831553459, 0.150199472904, 0.0291662216187, 0.0120615558699, 0.000785394629929, 0.000755961576942, 8.14058657852e-05, 0.000239486267674, 8.40271411562e-07, 3.49445201664e-08, 1.6440965922e-08, 1.07518545178e-08, 6.54703669056e-09, 3.76998343654e-09, 1.98350580405e-09, 9.30221233375e-10, 3.79339809564e-10, 1.29421279249e-10, 3.22700095812e-11, 3.54518454523e-12, 2.89817111282e-11, 1.57264812284e-10], "max": [0.0650388896465, 2.04230427742, 6.67025089264, 17.0916099548, 67.1276550293, 237.343002319, 391.768432617, 441.303283691, 1101.20593262, 2161.50488281, 2127.75292969, 2416.62353516, 3599.05834961, 7453.99316406, 523.698608398, 83.0617904663, 70.6992111206, 119.017478943, 47.0894241333, 10.5050926208, 4.56656694412, 3.29874134064, 0.697994887829, 0.876460373402, 0.221378684044, 0.578081488609, 0.0330885723233, 0.00432838918641, 0.00120962155052, 0.000974201131612, 0.000774560205173, 0.000598659389652, 0.000446377816843, 0.000316896417644, 0.000220970570808, 0.000145417856402, 7.81032940722e-05, 2.38172087847e-05, 0.000108684514998, 0.000245345494477], "mean": [0.000971769855823, 0.0179435107857, 0.286513239145, 1.01495659351, 4.93062257767, 14.2991676331, 22.7492275238, 33.3327026367, 43.2858505249, 57.9606666565, 28.8020458221, 23.8529376984, 46.5836143494, 35.7804756165, 7.1641163826, 2.02550983429, 0.894064545631, 1.18660914898, 0.437917619944, 0.149113610387, 0.0424323678017, 0.0219938661903, 0.011941364035, 0.0113244690001, 0.00234890519641, 0.000849977426697, 0.00012735465134, 5.17012304044e-05, 3.82550970244e-05, 3.24828506564e-05, 2.82613527816e-05, 2.48613159783e-05, 2.115780444e-05, 1.78436002898e-05, 1.44672849274e-05, 1.07351143015e-05, 6.2299941419e-06, 1.36424421271e-06, 7.89631940279e-06, 1.84624150279e-05], "median": [0.000316649675369, 0.00385690201074, 0.0415877886117, 0.502032518387, 3.0321969986, 6.88472890854, 11.5580711365, 15.2432365417, 12.7446832657, 10.732216835, 4.99945163727, 2.07203316689, 2.00502085686, 1.24059188366, 1.02332472801, 0.271521359682, 0.12106000632, 0.0842259004712, 0.026148956269, 0.00878464430571, 0.00200578616932, 0.000770584156271, 0.000376294541638, 0.000157497575856, 6.61574231344e-05, 3.7351033825e-05, 2.26274678425e-05, 1.69889754034e-05, 1.48968165377e-05, 1.38481218528e-05, 1.31686265377e-05, 1.24412954392e-05, 1.10803257485e-05, 9.68679978541e-06, 8.12313737697e-06, 6.14158125245e-06, 3.58557031177e-06, 7.02905481376e-07, 4.38045208284e-06, 1.03032889456e-05], "min": [1.07339823746e-22, 5.82495094364e-22, 1.66488485677e-21, 4.8840531917e-21, 3.58496886696e-21, 1.11876856394e-20, 3.50982459741e-20, 9.94049696228e-20, 8.60394951451e-20, 1.5154482612e-19, 1.73086806469e-19, 3.10172256987e-19, 4.39462085994e-19, 5.18882540039e-19, 8.20883493345e-19, 1.23134705691e-18, 1.69433762334e-18, 1.77951489256e-18, 2.1319368469e-18, 2.89495595447e-18, 3.1154130294e-18, 3.82000071888e-18, 5.33366596642e-18, 5.88167394941e-18, 6.8627444839e-18, 9.50666104862e-18, 9.16729200435e-18, 1.04142758768e-17, 1.02359225018e-17, 1.112153598e-17, 8.68716163523e-18, 1.04885269173e-17, 9.12169532744e-18, 7.20318059116e-18, 6.52338122989e-18, 4.40204056664e-18, 2.26910820788e-18, 9.57081469539e-19, 2.50584388707e-19, 2.86072563098e-20], "var": [4.20879314333e-06, 0.00232897046953, 0.342949837446, 1.98701763153, 33.5996856689, 392.526123047, 1124.75732422, 2343.96166992, 8029.30712891, 28003.2773438, 10325.2480469, 15782.0722656, 41457.78125, 77671.1015625, 608.963256836, 34.0984954834, 12.7060165405, 15.69343853, 3.64418745041, 0.260755002499, 0.0250200331211, 0.00697499839589, 0.00163384131156, 0.00263818260282, 0.000131379041704, 6.6434040491e-05, 3.20225780115e-07, 1.37720572724e-08, 4.70676875253e-09, 3.10076120336e-09, 2.01430006008e-09, 1.32197019997e-09, 8.53927650812e-10, 5.38242173054e-10, 3.233832091e-10, 1.6928332347e-10, 5.61775105601e-11, 3.57659279797e-12, 9.40551803108e-11, 5.06140018786e-10]}, "gfcc": {"mean": [-338.431854248, 258.703857422, -44.56275177, -85.7504577637, -56.1895256042, -28.8335514069, -37.8364067078, -24.5896148682, -17.697271347, -17.6781005859, -5.04336309433, -11.7515668869, -2.14838004112], "cov": [[25371.0527344, 6962.25, -3202.72949219, -3124.46191406, 395.008575439, -871.773742676, -641.316955566, -457.560119629, -101.861549377, -531.319519043, 259.893859863, -448.588012695, 8.7827501297], [6962.25, 2696.42529297, -251.80380249, -1081.27404785, -89.1632995605, -182.556564331, -244.615783691, -331.828094482, -55.8554267883, -205.447357178, 19.1506137848, -147.974655151, 35.9557609558], [-3202.72949219, -251.80380249, 1466.81958008, 413.113891602, -517.264648438, 186.953765869, 117.997917175, -129.973937988, -40.0739326477, 39.2815589905, -128.609115601, 28.5423622131, 9.41175174713], [-3124.46191406, -1081.27404785, 413.113891602, 736.266662598, -35.541885376, 74.9892883301, 122.692733765, 181.058349609, 25.070941925, 101.227767944, -47.1727981567, 48.5315856934, -40.1721000671], [395.008575439, -89.1632995605, -517.264648438, -35.541885376, 476.682342529, 3.85866045952, -28.1992645264, 93.6702194214, 93.4254455566, 9.91397953033, 60.5088768005, -5.67610263824, -3.78430294991], [-871.773742676, -182.556564331, 186.953765869, 74.9892883301, 3.85866045952, 202.011535645, 75.2190551758, -44.3543014526, 0.323563605547, 22.8201732635, -53.1113319397, 23.490114212, 41.8295021057], [-641.316955566, -244.615783691, 117.997917175, 122.692733765, -28.1992645264, 75.2190551758, 171.026992798, 78.4141769409, -22.0659999847, 2.00332379341, -15.5650367737, -1.75886297226, 10.9126377106], [-457.560119629, -331.828094482, -129.973937988, 181.058349609, 93.6702194214, -44.3543014526, 78.4141769409, 209.795959473, 45.6275177002, 15.6547908783, 14.7083539963, 8.14414978027, -31.9186496735], [-101.861549377, -55.8554267883, -40.0739326477, 25.070941925, 93.4254455566, 0.323563605547, -22.0659999847, 45.6275177002, 91.2758483887, 37.0665016174, -0.542543649673, -5.29531574249, -5.91830921173], [-531.319519043, -205.447357178, 39.2815589905, 101.227767944, 9.91397953033, 22.8201732635, 2.00332379341, 15.6547908783, 37.0665016174, 72.5259933472, 18.1355857849, 1.40995371342, -17.7475376129], [259.893859863, 19.1506137848, -128.609115601, -47.1727981567, 60.5088768005, -53.1113319397, -15.5650367737, 14.7083539963, -0.542543649673, 18.1355857849, 82.8532485962, 22.1230068207, -26.7904911041], [-448.588012695, -147.974655151, 28.5423622131, 48.5315856934, -5.67610263824, 23.490114212, -1.75886297226, 8.14414978027, -5.29531574249, 1.40995371342, 22.1230068207, 74.2325515747, 23.5053672791], [8.7827501297, 35.9557609558, 9.41175174713, -40.1721000671, -3.78430294991, 41.8295021057, 10.9126377106, -31.9186496735, -5.91830921173, -17.7475376129, -26.7904911041, 23.5053672791, 68.5367736816]], "icov": [[0.000539964938071, -0.00160984520335, 0.00147045834456, -0.000562189612538, 0.000488628167659, 0.000888208742253, -0.00167788472027, 0.000952116970439, -0.000631903356407, -0.000815526174847, 0.00123905320652, -0.00127775256988, 0.00109617994167], [-0.00160984520335, 0.00625771423802, -0.00470259832218, 0.00255175027996, -0.000194699183339, -0.00460844812915, 0.00759341567755, -0.00367255951278, 0.000212404731428, 0.00751757761464, -0.00896941963583, 0.00928720645607, -0.00577889708802], [0.00147045834456, -0.00470259832218, 0.0069010653533, -0.00498631875962, 0.00528958998621, -0.000622496649157, -0.00543207814917, 0.00593372294679, -0.00818963628262, 0.00435627717525, -0.00180677697062, -0.0010721127037, 0.00279091089033], [-0.000562189612538, 0.00255175027996, -0.00498631875962, 0.0112178558484, -0.00861566886306, 0.00952271651477, -0.00314411474392, -0.00421729544178, 0.0143902804703, -0.0216448847204, 0.024136390537, -0.015499738045, 0.00863044988364], [0.000488628167659, -0.000194699183339, 0.00528958998621, -0.00861566886306, 0.0167543385178, -0.0191657729447, 0.0110852560028, -0.00271059200168, -0.0206942837685, 0.0325521789491, -0.0398296155035, 0.0285505820066, -0.0148602752015], [0.000888208742253, -0.00460844812915, -0.000622496649157, 0.00952271651477, -0.0191657729447, 0.0428747162223, -0.0325439237058, 0.0172385536134, 0.0185519047081, -0.0522623956203, 0.0706030502915, -0.0552753210068, 0.0285794623196], [-0.00167788472027, 0.00759341567755, -0.00543207814917, -0.00314411474392, 0.0110852560028, -0.0325439237058, 0.0406883209944, -0.0244971644133, -0.00175500044134, 0.0353358015418, -0.0549248419702, 0.049564242363, -0.0317480750382], [0.000952116970439, -0.00367255951278, 0.00593372294679, -0.00421729544178, -0.00271059200168, 0.0172385536134, -0.0244971644133, 0.0276975836605, -0.0124218091369, -0.00510970456526, 0.0215635318309, -0.0235249418765, 0.0187482219189], [-0.000631903356407, 0.000212404731428, -0.00818963628262, 0.0143902804703, -0.0206942837685, 0.0185519047081, -0.00175500044134, -0.0124218091369, 0.0516151227057, -0.0555484220386, 0.0504767745733, -0.0297547504306, 0.0115665439516], [-0.000815526174847, 0.00751757761464, 0.00435627717525, -0.0216448847204, 0.0325521789491, -0.0522623956203, 0.0353358015418, -0.00510970456526, -0.0555484220386, 0.114813439548, -0.115496143699, 0.0840514451265, -0.040474884212], [0.00123905320652, -0.00896941963583, -0.00180677697062, 0.024136390537, -0.0398296155035, 0.0706030502915, -0.0549248419702, 0.0215635318309, 0.0504767745733, -0.115496143699, 0.161945134401, -0.119543194771, 0.0711928978562], [-0.00127775256988, 0.00928720645607, -0.0010721127037, -0.015499738045, 0.0285505820066, -0.0552753210068, 0.049564242363, -0.0235249418765, -0.0297547504306, 0.0840514451265, -0.119543194771, 0.109907016158, -0.0624083690345], [0.00109617994167, -0.00577889708802, 0.00279091089033, 0.00863044988364, -0.0148602752015, 0.0285794623196, -0.0317480750382, 0.0187482219189, 0.0115665439516, -0.040474884212, 0.0711928978562, -0.0624083690345, 0.0574307031929]]}, "melbands": {"dmean": [9.18051682675e-06, 4.95659696753e-05, 0.000110299784865, 0.000223264476517, 0.000212268350879, 0.000205319549423, 0.000158922877745, 0.000193586514797, 6.44284518785e-05, 5.65509762964e-05, 9.00288068806e-05, 6.29639471299e-05, 1.15399761853e-05, 3.26325152855e-06, 1.04258833744e-06, 6.45782620268e-07, 9.22596143482e-07, 2.79326542341e-07, 1.18439437813e-07, 3.81692615292e-08, 2.18282032449e-08, 1.15539684487e-08, 5.81269654631e-09, 4.28126822882e-09, 3.9284309139e-09, 6.91586288237e-10, 7.25715543215e-10, 3.4706065799e-10, 4.98483233857e-11, 3.30071699139e-11, 2.42387741822e-11, 2.01851087928e-11, 1.73524371955e-11, 1.49800796767e-11, 1.29100237445e-11, 1.12716615555e-11, 9.85927485486e-12, 8.63411512425e-12, 7.60732882937e-12, 6.73364272327e-12], "dmean2": [1.58848597493e-05, 8.44229507493e-05, 0.000170400118805, 0.000356600794476, 0.000310282717692, 0.000322766427416, 0.000229241501074, 0.000315863493597, 9.08597939997e-05, 6.19839483988e-05, 0.000103453334305, 8.20515488158e-05, 1.57666909217e-05, 4.96922211823e-06, 1.54941244546e-06, 9.33519515911e-07, 1.21793289054e-06, 3.72136497617e-07, 1.67066360746e-07, 5.7507190121e-08, 3.16157020563e-08, 1.73638827761e-08, 8.50324877177e-09, 4.84578022153e-09, 4.45013714767e-09, 8.93466023388e-10, 1.04690756064e-09, 5.76285186238e-10, 8.48422096467e-11, 5.96704283207e-11, 4.49247201939e-11, 3.76003742031e-11, 3.23307249028e-11, 2.79621326094e-11, 2.41232346598e-11, 2.10451638755e-11, 1.84058948638e-11, 1.61198086129e-11, 1.4204058936e-11, 1.25710475016e-11], "dvar": [9.83986336855e-10, 2.00173229103e-08, 3.26247331373e-08, 2.25757730732e-07, 1.74947842879e-07, 2.17327084329e-07, 1.92487917161e-07, 7.81610935974e-07, 1.20399306525e-07, 1.13037728511e-07, 2.27784596518e-07, 5.14454313816e-07, 3.5460894221e-09, 2.03894595652e-10, 2.10508936671e-11, 9.83685528866e-12, 2.60388238749e-11, 3.80911621689e-12, 3.97128212476e-13, 4.54210203249e-14, 2.24391987332e-14, 1.02485404671e-14, 1.06354727407e-15, 5.6093062866e-16, 4.40019745934e-16, 2.29733119679e-17, 4.10722305657e-17, 3.78804979238e-17, 3.57532534658e-20, 9.31308192169e-21, 2.43788019147e-21, 1.62374271872e-21, 1.18912907999e-21, 9.14427871364e-22, 6.64619528321e-22, 5.02971048872e-22, 3.838015301e-22, 2.94895416712e-22, 2.2868057803e-22, 1.78789391934e-22], "dvar2": [2.79796985581e-09, 5.40948050798e-08, 7.27110034404e-08, 6.45472880478e-07, 3.78176537197e-07, 5.4332133459e-07, 3.17466430033e-07, 2.05516403184e-06, 1.8708182381e-07, 1.49685590145e-07, 3.00347863913e-07, 9.60835450314e-07, 7.43701367156e-09, 4.02221228546e-10, 4.16572644435e-11, 2.01920043186e-11, 5.00291995331e-11, 6.558714509e-12, 7.38640594002e-13, 1.01793851397e-13, 5.33231296032e-14, 2.75065055775e-14, 2.47002578947e-15, 8.19627196246e-16, 6.86440794411e-16, 3.624851028e-17, 9.71839546263e-17, 1.05412284139e-16, 8.85572002851e-20, 2.63686390004e-20, 7.96670653426e-21, 5.4511363926e-21, 4.00325245386e-21, 3.08733167901e-21, 2.24797882909e-21, 1.69977719698e-21, 1.29801197878e-21, 9.97114125748e-22, 7.73240752478e-22, 6.04662817863e-22], "max": [0.00127607490867, 0.00337031600066, 0.00351509777829, 0.0105514945462, 0.0112969204783, 0.00940071605146, 0.017010172829, 0.0236995704472, 0.0155575824901, 0.0129758901894, 0.0177659504116, 0.0330633632839, 0.00207953364588, 0.000608516042121, 0.000120071599667, 0.000116291164886, 0.000272427016171, 9.06814166228e-05, 1.87996683962e-05, 8.5646770458e-06, 6.01897954766e-06, 5.33717593498e-06, 1.45958711073e-06, 9.15881742003e-07, 8.92767445748e-07, 1.79028489811e-07, 2.71781914307e-07, 3.88783064409e-07, 7.33449168067e-09, 4.56121762582e-09, 8.91118900892e-10, 6.76584233084e-10, 5.78840753107e-10, 4.97750507478e-10, 4.30736862844e-10, 3.7590086599e-10, 3.26721982802e-10, 2.86823342854e-10, 2.52498383313e-10, 2.23107823882e-10], "mean": [1.05547696876e-05, 0.000108852393168, 0.000290562835289, 0.000645978318062, 0.000796567706857, 0.000783816154581, 0.000687332823873, 0.000567465845961, 0.000212605809793, 0.000155164583703, 0.000232269594562, 0.00014955997176, 2.47519146797e-05, 7.29830026103e-06, 2.46968193096e-06, 1.64909442901e-06, 2.26900669986e-06, 6.8691559818e-07, 3.66317237877e-07, 7.1991969719e-08, 4.54438300324e-08, 2.28612879738e-08, 1.61226250128e-08, 1.03891970582e-08, 9.90285720093e-09, 1.35175803884e-09, 1.07655873105e-09, 4.0918785027e-10, 6.02573060893e-11, 3.30814542426e-11, 2.18015935166e-11, 1.78726131117e-11, 1.50997044729e-11, 1.32026316962e-11, 1.14974375506e-11, 1.03834779316e-11, 9.20708995156e-12, 8.05383537639e-12, 7.19791110396e-12, 6.47735727902e-12], "median": [2.43881800088e-06, 1.49389143189e-05, 0.000164073193446, 0.000343142659403, 0.000431823631516, 0.000355667434633, 0.000197816159925, 9.88893298199e-05, 2.89705913019e-05, 9.77693889581e-06, 8.81065989233e-06, 3.41593181474e-06, 2.79306323137e-06, 6.14040004621e-07, 2.26815615179e-07, 1.77924960099e-07, 1.23550549347e-07, 2.67660311692e-08, 1.29429444939e-08, 3.39539929506e-09, 1.30979260771e-09, 5.77279446468e-10, 3.90339288669e-10, 1.53164980699e-10, 1.03174448152e-10, 3.52375004176e-11, 2.91147245202e-11, 1.72057142839e-11, 1.01545733627e-11, 7.99357108283e-12, 6.2811960494e-12, 5.28089117574e-12, 4.49234009367e-12, 4.01921074547e-12, 3.65649090867e-12, 3.58602145374e-12, 3.30512093388e-12, 2.8795802548e-12, 2.66258044258e-12, 2.47113614293e-12], "min": [1.41224009177e-24, 1.13161958803e-24, 9.5755890841e-25, 4.05263213821e-25, 8.22374724007e-25, 2.22594025475e-24, 1.30259059531e-24, 1.25615341066e-24, 1.65868339401e-24, 2.14418093559e-24, 1.75199617276e-24, 1.46303454964e-24, 2.46125943492e-24, 3.41490865008e-24, 1.84665810088e-24, 3.09255977104e-24, 2.89255473814e-24, 2.75355626335e-24, 2.12261190072e-24, 2.55453079848e-24, 2.51652564944e-24, 3.06438599824e-24, 3.57952459391e-24, 3.83344235322e-24, 3.30083817989e-24, 3.47633488219e-24, 4.36189593489e-24, 5.48008181336e-24, 4.99810594407e-24, 4.60390781099e-24, 5.43671576281e-24, 5.05743341173e-24, 4.83429700494e-24, 5.34676037607e-24, 3.7958468202e-24, 5.44791955982e-24, 5.28896369299e-24, 4.96210233235e-24, 5.96858471777e-24, 4.79585699632e-24], "var": [9.01478502957e-10, 5.05095627545e-08, 1.18643470159e-07, 6.63831258407e-07, 1.15271859613e-06, 1.23885672565e-06, 1.95896836885e-06, 2.84781640403e-06, 7.00512373442e-07, 5.70296890601e-07, 1.03768468307e-06, 1.51462722897e-06, 7.83551534767e-09, 5.68579960891e-10, 7.07927466648e-11, 3.1642490711e-11, 6.72877586982e-11, 1.20361064865e-11, 2.03704327711e-12, 9.50921199422e-14, 3.82739833208e-14, 1.25425860561e-14, 3.68402284387e-15, 2.57252566993e-15, 2.33730377344e-15, 5.84149257582e-17, 5.4256020457e-17, 2.82374182486e-17, 4.92442881444e-20, 1.13034044913e-20, 2.11091019522e-21, 1.28913725573e-21, 9.16275396226e-22, 7.0529466072e-22, 5.01138215756e-22, 3.78164569885e-22, 2.87664982712e-22, 2.21023048425e-22, 1.71321807414e-22, 1.33939127997e-22]}, "mfcc": {"mean": [-913.539916992, 230.599777222, 69.9292068481, -17.8381919861, -25.8300285339, -17.810918808, -17.0631504059, -18.1983795166, -16.9622783661, -12.5138130188, -9.93546199799, -10.9477157593, -8.76727199554], "cov": [[5241.31835938, 4300.43359375, -388.467193604, -1260.91931152, -153.934875488, 43.1672859192, -160.117126465, -135.63999939, -105.328414917, -2.25573062897, 51.1138877869, -77.6387023926, -97.9008789062], [4300.43359375, 3859.58105469, 219.540939331, -948.79119873, -319.621246338, 6.26603460312, -110.539215088, -169.490341187, -133.197189331, -50.6127967834, -26.8298168182, -99.131187439, -104.546653748], [-388.467193604, 219.540939331, 956.027587891, 335.043395996, -279.335113525, -107.341331482, 30.1075210571, -64.7181015015, -72.5842819214, -81.4851226807, -99.371055603, -40.0205802917, -27.1558017731], [-1260.91931152, -948.79119873, 335.043395996, 544.427246094, 80.423210144, -100.87020874, 1.0248901844, 52.504573822, 22.4558353424, -9.0060338974, 1.80336856842, 38.5436973572, 31.4552288055], [-153.934875488, -319.621246338, -279.335113525, 80.423210144, 252.742263794, 80.7511291504, -27.2462787628, 36.9525642395, 71.6583404541, 55.2156219482, 50.4899520874, 42.235408783, 31.1215724945], [43.1672859192, 6.26603460312, -107.341331482, -100.87020874, 80.7511291504, 170.621826172, 58.9231758118, -12.3691997528, 32.2718429565, 39.1145973206, 3.34804749489, -0.911295115948, 4.82090044022], [-160.117126465, -110.539215088, 30.1075210571, 1.0248901844, -27.2462787628, 58.9231758118, 103.736030579, 47.1912193298, 4.02435684204, 4.48470973969, 1.72638082504, -2.06367015839, -1.53071284294], [-135.63999939, -169.490341187, -64.7181015015, 52.504573822, 36.9525642395, -12.3691997528, 47.1912193298, 106.515045166, 66.7205810547, 14.4224510193, 6.90837574005, 8.23809432983, 1.71409809589], [-105.328414917, -133.197189331, -72.5842819214, 22.4558353424, 71.6583404541, 32.2718429565, 4.02435684204, 66.7205810547, 117.471992493, 65.9131393433, -0.787649393082, -11.988653183, -12.263466835], [-2.25573062897, -50.6127967834, -81.4851226807, -9.0060338974, 55.2156219482, 39.1145973206, 4.48470973969, 14.4224510193, 65.9131393433, 93.2185974121, 53.0827102661, -5.67656946182, -28.5067481995], [51.1138877869, -26.8298168182, -99.371055603, 1.80336856842, 50.4899520874, 3.34804749489, 1.72638082504, 6.90837574005, -0.787649393082, 53.0827102661, 95.5381622314, 47.6273994446, -7.68508625031], [-77.6387023926, -99.131187439, -40.0205802917, 38.5436973572, 42.235408783, -0.911295115948, -2.06367015839, 8.23809432983, -11.988653183, -5.67656946182, 47.6273994446, 78.9259109497, 51.2758750916], [-97.9008789062, -104.546653748, -27.1558017731, 31.4552288055, 31.1215724945, 4.82090044022, -1.53071284294, 1.71409809589, -12.263466835, -28.5067481995, -7.68508625031, 51.2758750916, 86.3913269043]], "icov": [[-157.692657471, 65.3297576904, 354.041992188, -893.525146484, 1380.27905273, -1669.50720215, 1694.39257812, -1477.81262207, 1111.66320801, -713.582763672, 377.266021729, -151.33114624, 37.9758987427], [65.3297576904, -46.4768600464, -75.781036377, 233.536849976, -376.857269287, 463.810638428, -474.843200684, 416.199401855, -314.020935059, 201.952484131, -106.894538879, 42.9068832397, -10.7698059082], [354.041992188, -75.781036377, -1053.7611084, 2505.01806641, -3810.75610352, 4579.97753906, -4633.02880859, 4033.15576172, -3030.28344727, 1943.63989258, -1027.05603027, 411.837341309, -103.32623291], [-893.525146484, 233.536849976, 2505.01806641, -6024.33203125, 9192.375, -11061.6982422, 11196.7382812, -9750.22460938, 7327.04150391, -4699.97363281, 2483.58154297, -995.852355957, 249.826416016], [1380.27905273, -376.857269287, -3810.75610352, 9192.375, -14037.1064453, 16896.4667969, -17104.6386719, 14895.2695312, -11193.1240234, 7179.42333984, -3793.40283203, 1520.86340332, -381.466125488], [-1669.50720215, 463.810638428, 4579.97753906, -11061.6982422, 16896.4667969, -20339.8144531, 20590.265625, -17929.6894531, 13472.1435547, -8640.16308594, 4564.48779297, -1829.67260742, 458.798736572], [1694.39257812, -474.843200684, -4633.02880859, 11196.7382812, -17104.6386719, 20590.265625, -20842.5019531, 18147.5507812, -13634.0517578, 8742.5390625, -4617.60302734, 1850.51831055, -463.868743896], [-1477.81262207, 416.199401855, 4033.15576172, -9750.22460938, 14895.2695312, -17929.6894531, 18147.5507812, -15798.9277344, 11867.5361328, -7608.18798828, 4017.39697266, -1609.49316406, 403.27520752], [1111.66320801, -314.020935059, -3030.28344727, 7327.04150391, -11193.1240234, 13472.1435547, -13634.0517578, 11867.5361328, -8912.50292969, 5712.21875, -3015.23852539, 1207.52416992, -302.384246826], [-713.582763672, 201.952484131, 1943.63989258, -4699.97363281, 7179.42333984, -8640.16308594, 8742.5390625, -7608.18798828, 5712.21875, -3659.85888672, 1931.06713867, -772.954040527, 193.423141479], [377.266021729, -106.894538879, -1027.05603027, 2483.58154297, -3793.40283203, 4564.48779297, -4617.60302734, 4017.39697266, -3015.23852539, 1931.06713867, -1018.31005859, 407.31817627, -101.814491272], [-151.33114624, 42.9068832397, 411.837341309, -995.852355957, 1520.86340332, -1829.67260742, 1850.51831055, -1609.49316406, 1207.52416992, -772.954040527, 407.31817627, -162.762130737, 40.6219062805], [37.9758987427, -10.7698059082, -103.32623291, 249.826416016, -381.466125488, 458.798736572, -463.868743896, 403.27520752, -302.384246826, 193.423141479, -101.814491272, 40.6219062805, -10.098446846]]}, "spectral_contrast_coeffs": {"dmean": [0.0385731160641, 0.0264595039189, 0.0241954997182, 0.0219798609614, 0.026817182079, 0.0212016925216], "dmean2": [0.0647438466549, 0.0439505316317, 0.0379268974066, 0.0367047041655, 0.0468020997941, 0.0386765040457], "dvar": [0.00109458412044, 0.000785360403825, 0.000797677901573, 0.000487645622343, 0.000607190828305, 0.000384717801353], "dvar2": [0.0030287920963, 0.00203388137743, 0.00172218680382, 0.00121900474187, 0.00175543513615, 0.00114114279859], "max": [-0.270281761885, -0.359808146954, -0.301912516356, -0.535459339619, -0.591406941414, -0.780410945415], "mean": [-0.499396085739, -0.659444272518, -0.676769316196, -0.730326771736, -0.823739349842, -0.934875369072], "median": [-0.481320291758, -0.65534311533, -0.682005643845, -0.719625473022, -0.833708643913, -0.939902365208], "min": [-0.98257547617, -0.996588349342, -0.998960673809, -0.988268256187, -0.988939642906, -0.965811729431], "var": [0.0118055734783, 0.00715794274583, 0.0082879383117, 0.00599914416671, 0.00620744237676, 0.000577640195843]}, "spectral_contrast_valleys": {"dmean": [0.418225765228, 0.220999956131, 0.272781908512, 0.330031603575, 0.470652014017, 0.84593296051], "dmean2": [0.694104194641, 0.353023290634, 0.446329861879, 0.554818570614, 0.838243424892, 1.53417873383], "dvar": [0.148923262954, 0.0921661779284, 0.158113822341, 0.198936805129, 0.19802314043, 0.508963286877], "dvar2": [0.336531758308, 0.175360664725, 0.298610836267, 0.428863286972, 0.567993938923, 1.60074138641], "max": [-6.01000785828, -4.96589899063, -5.99831390381, -7.76410341263, -9.86059379578, -12.1208639145], "mean": [-9.64638328552,