{"lowlevel": {"average_loudness": 0.915079414845, "barkbands_crest": {"dmean": 2.47776222229, "dmean2": 3.91578865051, "dvar": 5.75525283813, "dvar2": 14.0004224777, "max": 26.9180240631, "mean": 9.86966133118, "median": 8.80733108521, "min": 2.70049023628, "var": 19.7363090515}, "barkbands_flatness_db": {"dmean": 0.0182409919798, "dmean2": 0.0271485019475, "dvar": 0.000319681334076, "dvar2": 0.00067748723086, "max": 0.553410947323, "mean": 0.172289565206, "median": 0.165965557098, "min": 0.0225647501647, "var": 0.0036942337174}, "barkbands_kurtosis": {"dmean": 2.85450387001, "dmean2": 3.98675465584, "dvar": 159.17401123, "dvar2": 281.705108643, "max": 816.834838867, "mean": 5.86524295807, "median": 1.57076787949, "min": -1.80376791954, "var": 1094.93786621}, "barkbands_skewness": {"dmean": 0.455126106739, "dmean2": 0.654519379139, "dvar": 0.271113157272, "dvar2": 0.488979965448, "max": 22.7441978455, "mean": 1.26020264626, "median": 1.05804550648, "min": -3.3131518364, "var": 2.66071128845}, "barkbands_spread": {"dmean": 3.32683205605, "dmean2": 4.91928529739, "dvar": 15.1406946182, "dvar2": 33.3922157288, "max": 109.492263794, "mean": 15.8509759903, "median": 14.9343271255, "min": 0.0688943862915, "var": 78.8821258545}, "dissonance": {"dmean": 0.0245282780379, "dmean2": 0.0409554429352, "dvar": 0.000659032084513, "dvar2": 0.00174995255657, "max": 0.499980390072, "mean": 0.446800768375, "median": 0.456848710775, "min": 0.107315950096, "var": 0.0018270482542}, "dynamic_complexity": 2.61563801765, "erbbands_crest": {"dmean": 2.8490524292, "dmean2": 4.46321201324, "dvar": 6.55625724792, "dvar2": 15.9012393951, "max": 31.9326896667, "mean": 11.2643136978, "median": 10.1234893799, "min": 2.03714585304, "var": 26.3691291809}, "erbbands_flatness_db": {"dmean": 0.018012855202, "dmean2": 0.0246346406639, "dvar": 0.00032307242509, "dvar2": 0.000539870350622, "max": 0.584565043449, "mean": 0.21965034306, "median": 0.215663835406, "min": 0.0229153968394, "var": 0.00490487832576}, "erbbands_kurtosis": {"dmean": 1.57514369488, "dmean2": 2.30973482132, "dvar": 11.6031675339, "dvar2": 19.4558544159, "max": 149.845825195, "mean": 3.19569325447, "median": 1.36283445358, "min": -1.80546867847, "var": 105.588020325}, "erbbands_skewness": {"dmean": 0.378595292568, "dmean2": 0.561522781849, "dvar": 0.131672620773, "dvar2": 0.276299387217, "max": 9.39766120911, "mean": 0.872507035732, "median": 0.763495504856, "min": -6.79632949829, "var": 1.08480799198}, "erbbands_spread": {"dmean": 5.18068265915, "dmean2": 7.60239171982, "dvar": 31.3686599731, "dvar2": 66.1078948975, "max": 116.793212891, "mean": 23.7121505737, "median": 20.9902706146, "min": 0.382202386856, "var": 173.382553101}, "hfc": {"dmean": 6.17600059509, "dmean2": 8.92600154877, "dvar": 55.4383926392, "dvar2": 115.676338196, "max": 188.428756714, "mean": 23.7987575531, "median": 21.625497818, "min": 1.10599692579e-16, "var": 204.754745483}, "melbands_crest": {"dmean": 2.82778191566, "dmean2": 4.48239850998, "dvar": 7.98425149918, "dvar2": 19.3558502197, "max": 33.8840713501, "mean": 12.2314023972, "median": 11.1395931244, "min": 1.64620518684, "var": 27.1472396851}, "melbands_flatness_db": {"dmean": 0.0200283676386, "dmean2": 0.0293188858777, "dvar": 0.000383657286875, "dvar2": 0.00082451524213, "max": 0.556717991829, "mean": 0.193755581975, "median": 0.190639689565, "min": 0.00420780479908, "var": 0.00329616828822}, "melbands_kurtosis": {"dmean": 3.66273164749, "dmean2": 5.32761240005, "dvar": 70.0991287231, "dvar2": 113.293807983, "max": 404.357330322, "mean": 8.1493139267, "median": 3.72966909409, "min": -1.84718978405, "var": 631.063842773}, "melbands_skewness": {"dmean": 0.512563943863, "dmean2": 0.754475593567, "dvar": 0.302169978619, "dvar2": 0.619723081589, "max": 13.9084720612, "mean": 1.59984886646, "median": 1.42867350578, "min": -1.67824029922, "var": 1.6976197958}, "melbands_spread": {"dmean": 4.86774539948, "dmean2": 7.16378211975, "dvar": 39.9504623413, "dvar2": 78.4972305298, "max": 165.137191772, "mean": 21.1679496765, "median": 18.9500808716, "min": 0.240805611014, "var": 201.81678772}, "pitch_salience": {"dmean": 0.0638671293855, "dmean2": 0.101319588721, "dvar": 0.00348438322544, "dvar2": 0.00855370610952, "max": 0.890930056572, "mean": 0.560921788216, "median": 0.571363091469, "min": 0.0425775721669, "var": 0.0140788266435}, "silence_rate_20dB": {"dmean": 0, "dmean2": 0, "dvar": 0, "dvar2": 0, "max": 1, "mean": 1, "median": 1, "min": 1, "var": 0}, "silence_rate_30dB": {"dmean": 0.00308641977608, "dmean2": 0.00617357250303, "dvar": 0.00307690305635, "dvar2": 0.00898482929915, "max": 1, "mean": 0.998338282108, "median": 1, "min": 0, "var": 0.00165901018772}, "silence_rate_60dB": {"dmean": 0.00664767343551, "dmean2": 0.0132969254628, "dvar": 0.00660473993048, "dvar2": 0.0150183849037, "max": 1, "mean": 0.0494955480099, "median": 0, "min": 0, "var": 0.04705228284}, "spectral_centroid": {"dmean": 179.542297363, "dmean2": 263.688446045, "dvar": 57442.21875, "dvar2": 98846.109375, "max": 11474.5039062, "mean": 1265.8729248, "median": 1098.76513672, "min": 402.956756592, "var": 607304.5625}, "spectral_complexity": {"dmean": 2.73670458794, "dmean2": 4.21108865738, "dvar": 7.6181807518, "dvar2": 15.433423996, "max": 50, "mean": 19.3148956299, "median": 20, "min": 0, "var": 51.7949981689}, "spectral_decrease": {"dmean": 2.03727235082e-09, "dmean2": 2.96710545022e-09, "dvar": 7.69830195451e-18, "dvar2": 1.63420581143e-17, "max": 1.50856852726e-28, "mean": -7.50557394014e-09, "median": -6.5859078191e-09, "min": -3.64817687171e-08, "var": 2.71665287209e-17}, "spectral_energy": {"dmean": 0.00814484339207, "dmean2": 0.0118370940909, "dvar": 0.000116811723274, "dvar2": 0.000247039046371, "max": 0.139539480209, "mean": 0.0304864235222, "median": 0.0270916707814, "min": 1.00255760426e-20, "var": 0.00042350354488}, "spectral_energyband_high": {"dmean": 0.000258951709839, "dmean2": 0.000367206172086, "dvar": 2.62700325493e-07, "dvar2": 5.36576351351e-07, "max": 0.00990439672023, "mean": 0.000595114252064, "median": 0.000322712701745, "min": 7.27661414458e-21, "var": 6.25409825261e-07}, "spectral_energyband_low": {"dmean": 0.00274285441265, "dmean2": 0.00408198637888, "dvar": 8.08412005426e-05, "dvar2": 0.000174626024091, "max": 0.125171542168, "mean": 0.00612076791003, "median": 0.000450700405054, "min": 9.0217162347e-24, "var": 0.000165276418556}, "spectral_energyband_middle_high": {"dmean": 0.00284463586286, "dmean2": 0.00423462782055, "dvar": 1.44930327224e-05, "dvar2": 3.3085783798e-05, "max": 0.0764235258102, "mean": 0.00868317857385, "median": 0.00732909003273, "min": 1.0957667229e-21, "var": 4.54925902886e-05}, "spectral_energyband_middle_low": {"dmean": 0.00543295033276, "dmean2": 0.00810273829848, "dvar": 5.24354509253e-05, "dvar2": 0.000119255877507, "max": 0.106483705342, "mean": 0.0156281236559, "median": 0.0129771903157, "min": 1.55399817556e-22, "var": 0.000158968367032}, "spectral_entropy": {"dmean": 0.142331957817, "dmean2": 0.201643586159, "dvar": 0.020614374429, "dvar2": 0.0390873141587, "max": 9.82318210602, "mean": 7.3784995079, "median": 7.41503143311, "min": 3.86244511604, "var": 0.242106691003}, "spectral_flux": {"dmean": 0.0210528820753, "dmean2": 0.0333245620131, "dvar": 0.000568562594708, "dvar2": 0.00139001407661, "max": 0.277150958776, "mean": 0.0777583122253, "median": 0.0725538954139, "min": 6.48733358699e-11, "var": 0.00167583243456}, "spectral_kurtosis": {"dmean": 1.94485545158, "dmean2": 3.28148889542, "dvar": 5.84181261063, "dvar2": 15.7205696106, "max": 60.2978134155, "mean": 5.04446220398, "median": 4.36376619339, "min": -1.2515463829, "var": 18.2627105713}, "spectral_rms": {"dmean": 0.000675408286043, "dmean2": 0.00095875619445, "dvar": 5.49386982129e-07, "dvar2": 1.09754273581e-06, "max": 0.011667736806, "mean": 0.00509800342843, "median": 0.00514109898359, "min": 3.12746703535e-12, "var": 3.75303352484e-06}, "spectral_rolloff": {"dmean": 298.191925049, "dmean2": 484.907928467, "dvar": 365736.875, "dvar2": 694107.8125, "max": 19853.6132812, "mean": 1521.11462402, "median": 1184.32617188, "min": 86.1328125, "var": 2670454}, "spectral_skewness": {"dmean": 0.239405766129, "dmean2": 0.383859217167, "dvar": 0.054756693542, "dvar2": 0.13171261549, "max": 6.43552541733, "mean": 1.64531159401, "median": 1.69832623005, "min": -0.200598433614, "var": 0.399826198816}, "spectral_spread": {"dmean": 414308, "dmean2": 587709.25, "dvar": 455779090432, "dvar2": 787036176384, "max": 42345432, "mean": 4066181.25, "median": 3869641.25, "min": 1234137.25, "var": 6856802041860.0}, "spectral_strongpeak": {"dmean": 0.741998374462, "dmean2": 1.21568214893, "dvar": 0.857903957367, "dvar2": 2.0445792675, "max": 12.9129152298, "mean": 1.73259472847, "median": 1.51362979412, "min": 0, "var": 2.06800603867}, "zerocrossingrate": {"dmean": 0.00728474603966, "dmean2": 0.00862471759319, "dvar": 6.77968928358e-05, "dvar2": 7.9305980762e-05, "max": 0.5205078125, "mean": 0.0602938942611, "median": 0.0517578125, "min": 0.01220703125, "var": 0.00170624244493}, "barkbands": {"dmean": [9.69536704361e-05, 0.00242355675437, 0.000624061271083, 0.000425553036621, 0.00137235154398, 0.000854321813677, 0.00152580754366, 0.00136948598083, 0.00256103114225, 0.00100691872649, 0.00106359948404, 0.000703661062289, 0.000733319320716, 0.000575388141442, 0.000336578814313, 0.00013750254584, 0.000170030107256, 0.000105468301626, 0.000117532901641, 0.000107916806883, 8.32293590065e-05, 8.50441283546e-05, 4.43793214799e-05, 3.12175288855e-05, 1.55757170432e-05, 9.32293005462e-06, 5.76069396629e-07], "dmean2": [0.000150826163008, 0.00379273621365, 0.00104300351813, 0.000702607270796, 0.00221309997141, 0.00126958836336, 0.00230292906053, 0.00213346141391, 0.00378495827317, 0.00159988820087, 0.00156906293705, 0.00109397538472, 0.00112167431507, 0.000913970870897, 0.000526753778104, 0.000220293863094, 0.000263624388026, 0.000165783072589, 0.00018091853417, 0.000166768979398, 0.000125462524011, 0.000124964266433, 6.50849542581e-05, 4.81505849166e-05, 2.37389122049e-05, 1.54472472786e-05, 1.02258968582e-06], "dvar": [1.50549098521e-07, 8.15889725345e-05, 3.44341469827e-06, 1.52276834342e-06, 8.11680911283e-06, 1.97503845811e-06, 9.80023742159e-06, 1.19973256005e-05, 1.97202407435e-05, 4.87961960971e-06, 3.31817432198e-06, 2.73550358543e-06, 2.42691658059e-06, 1.83420900157e-06, 8.2881012986e-07, 1.4337427956e-07, 3.86855361967e-07, 1.43410204601e-07, 8.05443107765e-08, 5.95911089363e-08, 3.45666144597e-08, 4.78428141548e-08, 1.04921422661e-08, 4.63079086188e-09, 1.9753176872e-09, 9.80195702383e-10, 6.25304235474e-12], "dvar2": [3.45120582779e-07, 0.000188486112165, 9.5621935543e-06, 3.87213322028e-06, 2.07171397051e-05, 4.41162092102e-06, 2.14592109842e-05, 2.94933925034e-05, 4.42316413682e-05, 1.23499994515e-05, 8.02622707852e-06, 6.50357560517e-06, 4.85813188789e-06, 4.55869940197e-06, 2.1069442937e-06, 3.48969678043e-07, 7.067432648e-07, 3.19070466048e-07, 1.78796199179e-07, 1.33971695959e-07, 7.33842639988e-08, 1.02543246783e-07, 2.28013057324e-08, 1.12602771551e-08, 4.78415529415e-09, 2.56238208429e-09, 1.75091989518e-11], "max": [0.00577287282795, 0.117721922696, 0.026394777, 0.0168417897075, 0.0430032499135, 0.0321110896766, 0.0719454661012, 0.0798900574446, 0.0892607793212, 0.0579372234643, 0.0454569719732, 0.0372887998819, 0.0654233470559, 0.037114135921, 0.0197095163167, 0.0114385159686, 0.0484824255109, 0.0211995188147, 0.0104192299768, 0.0068582217209, 0.00404890719801, 0.00418306794018, 0.00220486265607, 0.00105720595457, 0.000605601875577, 0.000357015611371, 3.20396138704e-05], "mean": [0.000133650231874, 0.00402972148731, 0.00167963467538, 0.000633299117908, 0.0022478105966, 0.00182946911082, 0.00268415058963, 0.00262142415158, 0.0049235378392, 0.0019679334946, 0.00218188297004, 0.00120579113718, 0.00129591766745, 0.000898263882846, 0.000512243015692, 0.000220367874135, 0.000304421235342, 0.000177452748176, 0.000221176684136, 0.000208031415241, 0.000157906542881, 0.00016921205679, 9.08570727916e-05, 5.82915708947e-05, 2.21587142732e-05, 1.13008036351e-05, 4.89147851113e-07], "median": [1.34339344982e-07, 2.05289106816e-05, 0.000310919480398, 9.60001489148e-05, 0.00131977163255, 0.00110412621871, 0.00109189888462, 0.000689182954375, 0.00252261850983, 0.000749635801185, 0.00128747546114, 0.00044906779658, 0.000596919446252, 0.000453078537248, 0.000207500706892, 0.000106514024083, 0.000162350508617, 9.23318148125e-05, 0.000124081358081, 9.10460876185e-05, 6.62317179376e-05, 6.10079005128e-05, 4.84842094011e-05, 3.0966300983e-05, 3.41026247952e-06, 2.04245480973e-07, 2.58301513512e-09], "min": [4.71746512716e-25, 2.00647185395e-24, 5.33823505766e-25, 2.1396542545e-24, 1.28952978029e-23, 7.53821439305e-24, 8.11215645553e-24, 1.63351352465e-23, 2.20078703035e-23, 2.20156027181e-23, 2.17909098888e-23, 3.27866874299e-23, 2.37223900613e-23, 4.25992777428e-23, 3.90767424329e-23, 5.24254112198e-23, 5.36100404857e-23, 1.20862161839e-22, 1.26102773092e-22, 1.88667735381e-22, 2.79545824327e-22, 3.51343324351e-22, 4.87750854919e-22, 6.4138314442e-22, 9.50223122825e-22, 1.16409182131e-21, 1.98076616975e-21], "var": [2.63774950326e-07, 0.000116236915346, 8.40999746288e-06, 1.78089067049e-06, 9.94784477371e-06, 5.53866630071e-06, 2.19292051042e-05, 3.22982705256e-05, 5.18537926837e-05, 1.19272435768e-05, 7.90463764133e-06, 5.77250466449e-06, 6.04813112659e-06, 2.5737906526e-06, 1.1624039189e-06, 2.23042476932e-07, 8.08969673471e-07, 2.27272266784e-07, 1.41195414471e-07, 1.41902148698e-07, 7.09383272124e-08, 1.01105392503e-07, 2.09993125111e-08, 6.51678533359e-09, 2.4425286238e-09, 1.00024866168e-09, 4.18267070285e-12]}, "erbbands": {"dmean": [0.089528478682, 0.482693612576, 0.657630503178, 1.02183139324, 2.76408839226, 5.73518753052, 5.63861179352, 7.42351865768, 14.5747518539, 30.1902046204, 31.6870288849, 48.9468612671, 52.5537414551, 30.5035896301, 38.517665863, 29.2092590332, 34.5862236023, 30.6779537201, 21.7415313721, 9.61731338501, 6.0634355545, 8.79705619812, 5.60976648331, 5.18149232864, 6.24014759064, 4.93472385406, 3.24583530426, 3.56161427498, 3.28717494011, 1.90372550488, 1.24935162067, 0.881069004536, 0.400993436575, 0.193329572678, 0.0983882248402, 0.0628123655915, 0.0114983776584, 0.00170954212081, 7.25633799448e-05, 1.06458064693e-05], "dmean2": [0.142111495137, 0.749014794827, 1.08121037483, 1.70907747746, 4.57667303085, 9.21900463104, 8.63733291626, 11.1133937836, 22.5771999359, 45.5066299438, 48.9865188599, 72.5177230835, 79.0368499756, 47.176071167, 56.5841140747, 45.2972602844, 52.623008728, 48.3068351746, 34.2131958008, 14.6318016052, 9.32190418243, 13.4400024414, 8.71755599976, 8.08928012848, 9.40669345856, 7.59073162079, 5.0105381012, 5.28418970108, 4.8860244751, 2.7965028286, 1.87366199493, 1.36648082733, 0.607752323151, 0.297395467758, 0.152030453086, 0.103527113795, 0.0190471950918, 0.00289090978913, 0.000124935235362, 1.55505986186e-05], "dvar": [0.140024155378, 2.79915642738, 3.36109375954, 7.27495622635, 107.102607727, 101.219848633, 116.239189148, 166.116485596, 1190.49694824, 4202.81396484, 7319.19677734, 6952.48291016, 11328.0673828, 3481.22363281, 4130.65771484, 4174.0859375, 5044.60253906, 4688.22607422, 4006.80957031, 410.411987305, 308.307403564, 1117.93383789, 624.852172852, 229.254562378, 246.648330688, 129.174453735, 54.2372322083, 65.3901138306, 74.1105575562, 26.7746601105, 7.91653585434, 3.78181052208, 0.742173731327, 0.252637982368, 0.0785081386566, 0.0437501594424, 0.00142487103585, 4.17643423134e-05, 8.79485853034e-08, 2.00368083236e-10], "dvar2": [0.323453366756, 6.62442016602, 8.88573455811, 20.195350647, 270.758575439, 264.163085938, 265.584960938, 382.400177002, 2681.69042969, 9134.31445312, 17701.7988281, 14939.4511719, 25845.8046875, 8681.2109375, 9952.52148438, 9807.95996094, 10124.1904297, 11476.6630859, 9814.19726562, 970.811218262, 682.301452637, 2002.46606445, 1368.75488281, 534.803039551, 550.871582031, 293.404174805, 121.788825989, 135.192749023, 167.208282471, 53.2090759277, 17.4010028839, 9.16065692902, 1.81605827808, 0.597205042839, 0.184296429157, 0.114862918854, 0.00369326630607, 0.000112534828077, 2.4319649583e-07, 4.37159614064e-10], "max": [4.41813755035, 23.9385414124, 27.1419200897, 37.5256080627, 151.830169678, 200.467803955, 292.938079834, 319.721282959, 1092.22692871, 1382.60400391, 2195.37915039, 1699.01171875, 3225.20727539, 1478.83837891, 1547.3996582, 1516.11315918, 3093.27416992, 2055.67382812, 1933.76733398, 450.324859619, 613.175964355, 2725.1484375, 1745.70922852, 565.230712891, 678.978088379, 342.738708496, 236.083709717, 167.755371094, 180.117874146, 131.240493774, 61.4202690125, 29.6815986633, 17.5040512085, 7.22143220901, 3.85207176208, 2.60658979416, 0.473881900311, 0.0806888341904, 0.00400681048632, 0.000166739002452], "mean": [0.120480678976, 0.884531974792, 1.9289842844, 2.05519652367, 3.72190833092, 9.6385717392, 11.6971921921, 15.843667984, 25.842206955, 53.3636817932, 65.7324371338, 98.2895965576, 101.023948669, 65.0792312622, 83.219367981, 54.4847984314, 65.6120986938, 50.9613800049, 35.0349235535, 17.5069980621, 11.2373199463, 15.8482303619, 10.5047483444, 10.1330089569, 12.0185585022, 9.69295883179, 6.47641324997, 6.71047067642, 6.39718723297, 3.81398272514, 2.48141169548, 1.61456620693, 0.76762676239, 0.289798498154, 0.140263751149, 0.0746120885015, 0.0147814741358, 0.00192304432858, 8.35505561554e-05, 3.84249506169e-05], "median": [0.000238246706431, 0.0134483436123, 0.28351315856, 0.535612761974, 1.32933318615, 5.21288824081, 6.9062743187, 9.82025241852, 10.9973096848, 21.7007350922, 22.7666702271, 47.6590080261, 54.8873443604, 39.6198310852, 54.1143341064, 26.0342540741, 33.8204193115, 25.5503387451, 15.6665153503, 9.14826011658, 5.9775595665, 8.2629404068, 5.67919445038, 6.06960296631, 6.28462457657, 4.39468002319, 3.01454925537, 2.56626725197, 2.16160845757, 1.59392523766, 1.29946088791, 0.827651917934, 0.387636631727, 0.0817415118217, 0.00930745620281, 0.00189379986841, 0.000285524060018, 3.0318975405e-05, 2.04116167879e-05, 3.38704630849e-05], "min": [6.14178070724e-23, 4.53215912884e-22, 1.06541519229e-21, 7.91996113613e-21, 1.63827256219e-20, 3.97652862318e-20, 3.47849383924e-20, 7.40148158168e-20, 1.3904265032e-19, 1.82157862937e-19, 4.45077246486e-19, 5.12850273723e-19, 4.75003245181e-19, 1.08885144452e-18, 1.19664207392e-18, 1.26533704565e-18, 1.3178819363e-18, 2.43161073434e-18, 3.14523826715e-18, 3.26334414899e-18, 3.48272196001e-18, 3.31143063954e-18, 5.55091006505e-18, 6.14266680347e-18, 5.91172624825e-18, 9.11419776237e-18, 1.11061347042e-17, 1.09958343054e-17, 1.05664258243e-17, 1.14039867263e-17, 1.28398903788e-17, 1.15088905988e-17, 1.18588624442e-17, 8.15253743455e-18, 6.36068721111e-18, 3.92906944573e-18, 2.20934544259e-18, 1.05280198284e-18, 2.76624163637e-19, 2.83238112407e-20], "var": [0.167177274823, 4.53684711456, 10.0417814255, 11.0778989792, 97.1848373413, 167.463668823, 278.080047607, 420.227539062, 2517.23022461, 9147.59863281, 19947.6953125, 20769.7773438, 23750.0761719, 7848.39355469, 9281.24414062, 9284.34375, 13058.7158203, 7584.80371094, 5841.07861328, 749.627380371, 597.316711426, 2458.359375, 928.616516113, 382.55267334, 440.473724365, 307.317932129, 109.519973755, 141.283798218, 144.607299805, 59.6692848206, 15.3231573105, 5.48787117004, 1.1536283493, 0.32911708951, 0.105402581394, 0.0427361465991, 0.00161287235096, 3.60239973816e-05, 6.37091943645e-08, 6.58878507309e-10]}, "gfcc": {"mean": [-26.135723114, 101.785690308, -160.78968811, 10.1971569061, -87.9580535889, 12.6856422424, -32.0842971802, -4.35920333862, -20.6206970215, -11.2703790665, -7.25935077667, -11.5057621002, -6.85585165024], "cov": [[17782.4902344, 2056.04980469, 229.431655884, 1075.40905762, -25.7267017365, 300.671905518, -368.446716309, 312.626495361, -233.883758545, 228.097442627, -293.291046143, -55.7983703613, -384.210906982], [2056.04980469, 1167.83630371, 106.371360779, 244.023757935, 233.837677002, 12.4288482666, 20.9467811584, -28.2248649597, 144.752670288, -80.3352355957, 104.633209229, -119.450744629, -28.8324813843], [229.431655884, 106.371360779, 1675.96679688, 348.912139893, 726.110961914, 270.992614746, -28.3079071045, 508.870025635, -125.583274841, 347.629394531, -179.376525879, 317.343109131, -208.974212646], [1075.40905762, 244.023757935, 348.912139893, 601.125244141, 75.5893096924, 4.15325450897, -60.9249725342, -47.3326683044, 40.7063064575, -6.10204315186, -27.48346138, 3.75717687607, -14.4870214462], [-25.7267017365, 233.837677002, 726.110961914, 75.5893096924, 727.83807373, 181.37588501, 46.6039505005, 381.576873779, -28.8557243347, 205.434585571, -47.0371208191, 174.565841675, -114.214797974], [300.671905518, 12.4288482666, 270.992614746, 4.15325450897, 181.37588501, 279.592803955, 136.446060181, 143.93397522, -20.8737354279, 71.2016601562, -14.8608255386, 67.9687042236, -11.2660713196], [-368.446716309, 20.9467811584, -28.3079071045, -60.9249725342, 46.6039505005, 136.446060181, 263.455352783, 51.2941169739, 56.4880638123, 8.56754398346, 32.0192680359, -27.4286231995, 42.2315940857], [312.626495361, -28.2248649597, 508.870025635, -47.3326683044, 381.576873779, 143.93397522, 51.2941169739, 407.804748535, -40.9588508606, 181.99671936, -82.8415298462, 143.794937134, -101.269065857], [-233.883758545, 144.752670288, -125.583274841, 40.7063064575, -28.8557243347, -20.8737354279, 56.4880638123, -40.9588508606, 187.256942749, -32.141368866, 51.7334022522, -86.4224624634, 25.8741226196], [228.097442627, -80.3352355957, 347.629394531, -6.10204315186, 205.434585571, 71.2016601562, 8.56754398346, 181.99671936, -32.141368866, 223.48487854, -46.2796859741, 74.1767654419, -88.7200698853], [-293.291046143, 104.633209229, -179.376525879, -27.48346138, -47.0371208191, -14.8608255386, 32.0192680359, -82.8415298462, 51.7334022522, -46.2796859741, 131.853515625, -37.9276351929, 30.3833427429], [-55.7983703613, -119.450744629, 317.343109131, 3.75717687607, 174.565841675, 67.9687042236, -27.4286231995, 143.794937134, -86.4224624634, 74.1767654419, -37.9276351929, 182.321884155, -25.2355537415], [-384.210906982, -28.8324813843, -208.974212646, -14.4870214462, -114.214797974, -11.2660713196, 42.2315940857, -101.269065857, 25.8741226196, -88.7200698853, 30.3833427429, -25.2355537415, 127.317680359]], "icov": [[0.000211686477996, -0.000634517986327, 0.000475036446005, -0.000476883869851, 0.000588389695622, -0.000574332370888, 0.000336814671755, -0.000567237089854, 0.00048322166549, -0.000643829698674, 0.000627914036158, -0.000346409593476, 0.000369314744603], [-0.000634517986327, 0.00342985405587, -0.00163406785578, 0.00106049259193, -0.00271529145539, 0.00161735946313, -0.000767423189245, 0.00171919097193, -0.001754560275, 0.00306737818755, -0.00299061718397, 0.00260969693772, -0.000645230000373], [0.000475036446005, -0.00163406785578, 0.00321070314385, -0.00209574145265, 0.000697038776707, -0.00193986168597, 0.00081390113337, -0.00164107559249, 0.00113588559907, -0.00254230643623, 0.00256614619866, -0.00263726641424, 0.00183574983384], [-0.000476883869851, 0.00106049259193, -0.00209574145265, 0.0037242709659, -0.00130991404876, 0.00119554018602, -0.000284486508463, 0.00260806875303, -0.00199334113859, 0.0017717020819, -0.000687142484821, 0.000862084678374, -0.00114097935148], [0.000588389695622, -0.00271529145539, 0.000697038776707, -0.00130991404876, 0.00575153995305, -0.00183986069169, 0.000801857677288, -0.00385916349478, 0.00117563724052, -0.00271534803323, 0.00102879328188, -0.00243318895809, 0.000958102638833], [-0.000574332370888, 0.00161735946313, -0.00193986168597, 0.00119554018602, -0.00183986069169, 0.00829022936523, -0.0045466334559, 0.000944828032516, -0.000255805760389, 0.00165318045765, -0.00195037154481, 8.61853695824e-05, -0.00138565455563], [0.000336814671755, -0.000767423189245, 0.00081390113337, -0.000284486508463, 0.000801857677288, -0.0045466334559, 0.00776622677222, -0.00226888782345, -0.000510035548359, -0.00133431586437, -0.000300727348076, 0.00199804222211, -0.0022759437561], [-0.000567237089854, 0.00171919097193, -0.00164107559249, 0.00260806875303, -0.00385916349478, 0.000944828032516, -0.00226888782345, 0.00989664811641, -0.00283032283187, 0.000258888059761, 0.00146080146078, -0.00197818106972, 0.00154166051652], [0.00048322166549, -0.001754560275, 0.00113588559907, -0.00199334113859, 0.00117563724052, -0.000255805760389, -0.000510035548359, -0.00283032283187, 0.00974182598293, -0.00177033233922, -0.00102782517206, 0.00321736885235, -0.000682008278091], [-0.000643829698674, 0.00306737818755, -0.00254230643623, 0.0017717020819, -0.00271534803323, 0.00165318045765, -0.00133431586437, 0.000258888059761, -0.00177033233922, 0.0116299996153, -0.00248399400152, 0.00205255066976, 0.0026030393783], [0.000627914036158, -0.00299061718397, 0.00256614619866, -0.000687142484821, 0.00102879328188, -0.00195037154481, -0.000300727348076, 0.00146080146078, -0.00102782517206, -0.00248399400152, 0.0138076450676, -0.00403744215146, 0.00174600468017], [-0.000346409593476, 0.00260969693772, -0.00263726641424, 0.000862084678374, -0.00243318895809, 8.61853695824e-05, 0.00199804222211, -0.00197818106972, 0.00321736885235, 0.00205255066976, -0.00403744215146, 0.0150646222755, -0.00437044771388], [0.000369314744603, -0.000645230000373, 0.00183574983384, -0.00114097935148, 0.000958102638833, -0.00138565455563, -0.0022759437561, 0.00154166051652, -0.000682008278091, 0.0026030393783, 0.00174600468017, -0.00437044771388, 0.0150936786085]]}, "melbands": {"dmean": [0.000731196952984, 0.000390109751606, 0.000221757611143, 0.000299332110444, 0.000209475721931, 0.000166525278473, 0.000241401809035, 0.000313587690471, 0.000269535637926, 0.000339489197358, 0.000264709698968, 0.0001265451574, 0.00015906713088, 7.22130425856e-05, 9.20474340091e-05, 7.13050030754e-05, 5.4644591728e-05, 3.78502882086e-05, 1.80350762093e-05, 1.21295543067e-05, 6.93542779118e-06, 1.05370554593e-05, 6.92529374646e-06, 5.52637129658e-06, 4.35124320575e-06, 5.03259525431e-06, 4.62341813545e-06, 3.14586691275e-06, 2.22648873205e-06, 2.12702275348e-06, 2.2109747988e-06, 2.10291341318e-06, 1.53740927544e-06, 9.72142061073e-07, 7.74552688654e-07, 6.44591864329e-07, 5.46142871372e-07, 3.05894161556e-07, 2.26509968115e-07, 1.46363191789e-07], "dmean2": [0.00115193333477, 0.000606803863775, 0.000367653323337, 0.00048905541189, 0.0003215354227, 0.000248750176979, 0.000370352296159, 0.000477647728985, 0.000414636655478, 0.000503055751324, 0.000398909294745, 0.000197758432478, 0.000233098558965, 0.000110960601887, 0.000143412515172, 0.00010906640091, 8.6462670879e-05, 5.96823301748e-05, 2.78458373941e-05, 1.93025534827e-05, 1.0775973351e-05, 1.62598444149e-05, 1.07896430563e-05, 8.8019287432e-06, 6.89592116032e-06, 7.76766046329e-06, 7.10375297786e-06, 4.94770029036e-06, 3.51982703251e-06, 3.27859083882e-06, 3.30837133333e-06, 3.18346314998e-06, 2.31236913351e-06, 1.43811053022e-06, 1.18593209208e-06, 1.00787951851e-06, 8.58791167957e-07, 4.75389413168e-07, 3.45400621882e-07, 2.29875368518e-07], "dvar": [8.34798447613e-06, 1.17247270737e-06, 4.25025945106e-07, 4.83281382913e-07, 1.205934268e-07, 7.97694568178e-08, 2.85938568823e-07, 4.20167594939e-07, 4.18694611426e-07, 3.34029550686e-07, 2.85440108883e-07, 6.90183910024e-08, 7.47487050035e-08, 3.04045641997e-08, 3.89328320693e-08, 2.19012310509e-08, 1.52857726476e-08, 1.35104709642e-08, 1.93972993223e-09, 1.03607000757e-09, 4.12065520594e-10, 1.44565215354e-09, 1.06049369286e-09, 2.98711139157e-10, 1.78271120088e-10, 1.7191630064e-10, 1.25604596168e-10, 5.19736441384e-11, 2.67457462427e-11, 2.52779307902e-11, 2.71104892008e-11, 2.99724967068e-11, 1.93829431672e-11, 6.34061336421e-12, 3.10808366891e-12, 2.38535623545e-12, 1.30758175555e-12, 4.04376917151e-13, 3.56367604697e-13, 1.44211452133e-13], "dvar2": [1.92991228687e-05, 2.6845029879e-06, 1.10134658371e-06, 1.27095665903e-06, 2.82622636405e-07, 1.8193976814e-07, 6.39596180463e-07, 9.3719842198e-07, 9.91798060568e-07, 7.47592650896e-07, 6.51886352898e-07, 1.72869988546e-07, 1.80851529308e-07, 6.86758596657e-08, 8.95286191849e-08, 4.76041677189e-08, 3.75022750632e-08, 3.25521796185e-08, 4.52359927294e-09, 2.58869103931e-09, 8.8741219928e-10, 2.66144173366e-09, 2.20532769823e-09, 7.00918989516e-10, 4.3066286648e-10, 3.80155573687e-10, 2.80695050536e-10, 1.2064571564e-10, 6.24237814217e-11, 5.80021933261e-11, 5.76084943638e-11, 6.96388988142e-11, 4.24094162566e-11, 1.3086802475e-11, 6.96404262382e-12, 5.79786652716e-12, 3.19602547552e-12, 9.90614057797e-13, 8.96562284049e-13, 3.34015475868e-13], "max": [0.0366439186037, 0.0162213556468, 0.00885149184614, 0.010933036916, 0.00778307765722, 0.00710539612919, 0.0159913823009, 0.0130993025377, 0.0169526208192, 0.010083318688, 0.0155951408669, 0.00658723665401, 0.00709158740938, 0.00532147474587, 0.00654395995662, 0.00367208034731, 0.00356954871677, 0.00401411345229, 0.0011154395761, 0.000985649297945, 0.000681684410665, 0.00304955639876, 0.00245176930912, 0.000640020763967, 0.000504732248373, 0.000542405701708, 0.000342265499057, 0.000201332572033, 0.000173022941453, 0.000111571709567, 0.000120332777442, 0.000124459635117, 9.91899796645e-05, 7.57034213166e-05, 4.30504078395e-05, 3.22074120049e-05, 1.86281704373e-05, 1.47512519106e-05, 8.99323094927e-06, 4.96992242915e-06], "mean": [0.00110774417408, 0.00109077198431, 0.000409205735195, 0.000468092504889, 0.000441075186245, 0.000357305136276, 0.000428218685556, 0.000558873231057, 0.000552149198484, 0.000657873228192, 0.000497285276651, 0.000250565382885, 0.000329973147018, 0.000127013379824, 0.000164935394423, 0.000125505044707, 8.53017700138e-05, 5.7730016124e-05, 2.9280250601e-05, 1.92379993678e-05, 1.1543722394e-05, 1.77660567715e-05, 1.18760108307e-05, 8.96190340427e-06, 7.77943023422e-06, 9.17362922337e-06, 8.31741817819e-06, 5.81302992941e-06, 4.13701764046e-06, 3.66543213204e-06, 3.96689893023e-06, 3.87923682865e-06, 2.78791958408e-06, 1.84667464964e-06, 1.46278193824e-06, 1.14586634936e-06, 9.4456692068e-07, 5.84624956446e-07, 3.33185738555e-07, 2.08451155004e-07], "median": [3.20992216984e-06, 0.000107964711788, 0.000103414480691, 0.00025631824974, 0.000282677094219, 0.000218981615035, 0.000182951771421, 0.000227347278269, 0.00018945147167, 0.000323749380186, 0.000258146756096, 0.000132185072289, 0.000199768444872, 4.84384909214e-05, 8.28332340461e-05, 6.25399625278e-05, 4.1318446165e-05, 2.33013470279e-05, 1.29555573949e-05, 9.42435417528e-06, 5.49714104636e-06, 8.43828547659e-06, 5.01335898662e-06, 4.66115670861e-06, 4.2937545004e-06, 4.84143401991e-06, 3.46916385752e-06, 2.46878607868e-06, 1.90296464098e-06, 1.50259165821e-06, 1.35154755299e-06, 1.2163543488e-06, 9.92125023913e-07, 7.82905431151e-07, 7.53859524139e-07, 5.27013582996e-07, 4.60654007384e-07, 2.90077821319e-07, 1.35158245484e-07, 3.28910942926e-08], "min": [6.68593045156e-25, 5.61136088976e-25, 1.51596149574e-24, 2.14882653746e-24, 1.27660679899e-24, 1.69335560573e-24, 1.91672295155e-24, 2.64103117168e-24, 3.36690251969e-24, 3.55532786336e-24, 1.96053391964e-24, 3.81443041097e-24, 3.83764264311e-24, 3.53090433531e-24, 2.12076143025e-24, 3.33188656183e-24, 3.76111564113e-24, 3.26172763951e-24, 3.25824521304e-24, 2.33233727769e-24, 3.94415306481e-24, 3.59496457398e-24, 2.9080710405e-24, 5.74073289492e-24, 4.53468329441e-24, 5.0418021329e-24, 3.51739864218e-24, 5.13113313624e-24, 5.41138898902e-24, 5.23703140187e-24, 5.83110125035e-24, 5.31569818906e-24, 6.11705859533e-24, 6.75308637763e-24, 6.91325827355e-24, 6.3097232775e-24, 6.1549215522e-24, 7.37358937732e-24, 7.87381712138e-24, 6.06923666396e-24], "var": [1.07578161987e-05, 3.59483328793e-06, 5.4194998711e-07, 5.33095885658e-07, 2.85905969122e-07, 2.13473384747e-07, 6.23503410679e-07, 9.25492145143e-07, 1.17729769045e-06, 9.08521428755e-07, 6.0928550738e-07, 1.5557309041e-07, 1.71663543824e-07, 6.04327397014e-08, 9.09283812689e-08, 4.83023114839e-08, 2.33685621964e-08, 1.95087839217e-08, 3.30086780131e-09, 1.42462452946e-09, 7.72502839474e-10, 3.1853246707e-09, 1.7275169073e-09, 4.47287040739e-10, 2.74270106626e-10, 2.89181678603e-10, 2.81128592627e-10, 1.14831560927e-10, 4.96931037985e-11, 4.23189608356e-11, 5.65981046752e-11, 5.56603929613e-11, 3.61314554664e-11, 1.37660915653e-11, 5.64172276604e-12, 3.58279465124e-12, 1.90354437941e-12, 7.0151463848e-13, 3.79620841056e-13, 2.04342632767e-13]}, "mfcc": {"mean": [-644.404785156, 122.125343323, -19.9861106873, -6.90154218674, -27.3238334656, -0.809877812862, -7.23916006088, 0.890257954597, -11.0783863068, 1.58239269257, -6.73862981796, -2.90803194046, -8.95102500916], "cov": [[8416.51855469, 1407.94299316, 656.133544922, 800.012512207, 253.819946289, 278.246704102, -41.2248191833, -16.4014072418, -124.17137146, 172.309814453, 252.833267212, -23.7524547577, -200.005493164], [1407.94299316, 1205.33496094, 82.5494003296, 135.584579468, 365.124053955, 37.0001487732, 162.756668091, 138.202102661, 20.1540622711, 111.377189636, 179.413543701, 61.4324531555, 20.8343677521], [656.133544922, 82.5494003296, 735.536071777, 317.665527344, 284.874053955, 148.91293335, 112.967102051, 87.8698654175, 59.2524604797, 43.5927810669, 87.9541778564, -19.3141288757, 2.83236885071], [800.012512207, 135.584579468, 317.665527344, 508.686004639, 283.861480713, 80.4786071777, -2.73389458656, 12.6026716232, 10.0229740143, 17.3501358032, 57.1166496277, -14.0668745041, -8.55297470093], [253.819946289, 365.124053955, 284.874053955, 283.861480713, 602.145812988, 42.0364112854, 165.801132202, 139.982345581, 84.3091278076, 49.9736099243, 136.731216431, 59.1247138977, 63.1159934998], [278.246704102, 37.0001487732, 148.91293335, 80.4786071777, 42.0364112854, 204.297058105, 71.2821121216, 33.1159744263, 22.5346393585, 42.6140098572, 16.0012054443, -4.57864999771, -2.13930726051], [-41.2248191833, 162.756668091, 112.967102051, -2.73389458656, 165.801132202, 71.2821121216, 281.469573975, 130.902618408, 90.8286895752, 65.6155319214, 74.6846694946, 31.1004199982, 62.3110961914], [-16.4014072418, 138.202102661, 87.8698654175, 12.6026716232, 139.982345581, 33.1159744263, 130.902618408, 200.059661865, 87.6144790649, 39.1348190308, 33.9046630859, 27.3942432404, 36.6193275452], [-124.17137146, 20.1540622711, 59.2524604797, 10.0229740143, 84.3091278076, 22.5346393585, 90.8286895752, 87.6144790649, 180.497619629, 75.1895446777, 44.1688461304, 15.0986404419, 41.3770561218], [172.309814453, 111.377189636, 43.5927810669, 17.3501358032, 49.9736099243, 42.6140098572, 65.6155319214, 39.1348190308, 75.1895446777, 145.252288818, 77.3979721069, 26.7248325348, 13.1815805435], [252.833267212, 179.413543701, 87.9541778564, 57.1166496277, 136.731216431, 16.0012054443, 74.6846694946, 33.9046630859, 44.1688461304, 77.3979721069, 184.410217285, 50.3667678833, 9.65727519989], [-23.7524547577, 61.4324531555, -19.3141288757, -14.0668745041, 59.1247138977, -4.57864999771, 31.1004199982, 27.3942432404, 15.0986404419, 26.7248325348, 50.3667678833, 100.243736267, 26.297990799], [-200.005493164, 20.8343677521, 2.83236885071, -8.55297470093, 63.1159934998, -2.13930726051, 62.3110961914, 36.6193275452, 41.3770561218, 13.1815805435, 9.65727519989, 26.297990799, 123.290534973]], "icov": [[0.000205527598155, -0.000267508148681, -0.000109837630589, -0.000290043273708, 0.000238862514379, -0.0001009725529, 6.71625457471e-05, 3.45146254404e-05, 8.49884381751e-05, -8.19508495624e-05, -6.86594576109e-05, -2.99254352285e-05, 0.000184792472282], [-0.000267508148681, 0.00157775904518, 0.000424430472776, 0.000320460792864, -0.000923926359974, 0.000123753154185, -0.000261524051894, -0.000649215478916, 0.000730646948796, -0.000604690401815, -0.000557838764507, 0.000257998413872, -7.98591936473e-05], [-0.000109837630589, 0.000424430472776, 0.00243490748107, -0.000839501444716, -0.000632938346826, -0.000991593929939, -0.00035359870526, -0.000534029619303, -3.69222580048e-05, 0.000197163361008, -0.00069857283961, 0.000918720150366, 0.000130124331918], [-0.000290043273708, 0.000320460792864, -0.000839501444716, 0.00420871842653, -0.00216702232137, -0.000777177279815, 0.00130688445643, 0.000578291364945, -4.8527472245e-05, -6.53384631732e-05, 2.4487835617e-05, 0.000886113441084, -0.000117455943837], [0.000238862514379, -0.000923926359974, -0.000632938346826, -0.00216702232137, 0.00429012766108, 0.000664979452267, -0.000996899325401, -0.000922102830373, -0.000449699786259, 0.000979207456112, -0.00105154467747, -0.00124839600176, -0.000604278407991], [-0.0001009725529, 0.000123753154185, -0.000991593929939, -0.000777177279815, 0.000664979452267, 0.00681434711441, -0.00190363090951, -8.2390550233e-05, 0.000492956372909, -0.00177868152969, 0.00107395579107, -0.000143749988638, 0.000519805937074], [6.71625457471e-05, -0.000261524051894, -0.00035359870526, 0.00130688445643, -0.000996899325401, -0.00190363090951, 0.00713395653293, -0.00254623824731, -0.000627373403404, -0.000487314740894, -0.00131613062695, 0.000657715427224, -0.00189453596249], [3.45146254404e-05, -0.000649215478916, -0.000534029619303, 0.000578291364945, -0.000922102830373, -8.2390550233e-05, -0.00254623824731, 0.00902889482677, -0.00301084085368, 0.000543969275896, 0.00155785772949, -0.00133452471346, 0.000408772670198], [8.49884381751e-05, 0.000730646948796, -3.69222580048e-05, -4.8527472245e-05, -0.000449699786259, 0.000492956372909, -0.000627373403404, -0.00301084085368, 0.00963635277003, -0.00439165486023, -0.000405552884331, 0.00118655117694, -0.00152381614316], [-8.19508495624e-05, -0.000604690401815, 0.000197163361008, -6.53384631732e-05, 0.000979207456112, -0.00177868152969, -0.000487314740894, 0.000543969275896, -0.00439165486023, 0.0119951991364, -0.00354408402927, -0.00108811631799, 0.00021385672153], [-6.86594576109e-05, -0.000557838764507, -0.00069857283961, 2.4487835617e-05, -0.00105154467747, 0.00107395579107, -0.00131613062695, 0.00155785772949, -0.000405552884331, -0.00354408402927, 0.00976004078984, -0.00337440031581, 0.00123033311684], [-2.99254352285e-05, 0.000257998413872, 0.000918720150366, 0.000886113441084, -0.00124839600176, -0.000143749988638, 0.000657715427224, -0.00133452471346, 0.00118655117694, -0.00108811631799, -0.00337440031581, 0.0133928852156, -0.00222549471073], [0.000184792472282, -7.98591936473e-05, 0.000130124331918, -0.000117455943837, -0.000604278407991, 0.000519805937074, -0.00189453596249, 0.000408772670198, -0.00152381614316, 0.00021385672153, 0.00123033311684, -0.00222549471073, 0.0104343770072]]}, "spectral_contrast_coeffs": {"dmean": [0.0486235618591, 0.0450793169439, 0.0396504402161, 0.0320222489536, 0.0225480441004, 0.0183886755258], "dmean2": [0.0799601972103, 0.0722828656435, 0.062302287668, 0.0506065040827, 0.0358084328473, 0.027737416327], "dvar": [0.00175051251426, 0.00132763874717, 0.0010446588276, 0.000666938140057, 0.000339748716215, 0.00030672099092], "dvar2": [0.00451901787892, 0.003384598298, 0.00257642287761, 0.00164652999956, 0.000783416850027, 0.000605202920269], "max": [-0.242720097303, -0.423440515995, -0.440181910992, -0.515817463398, -0.552360653877, -0.525562107563], "mean": [-0.57241332531, -0.703211069107, -0.697019040585, -0.741337299347, -0.76941126585, -0.735359668732], "median": [-0.55143815279, -0.705630004406, -0.697652041912, -0.745322585106, -0.771391570568, -0.74437212944], "min": [-0.980260312557, -0.976056039333, -0.976411342621, -0.970513164997, -0.966112971306, -0.962288379669], "var": [0.015005081892, 0.00607730355114, 0.00579553795978, 0.00351689080708, 0.00193029793445, 0.00393825164065]}, "spectral_contrast_valleys": {"dmean": [0.429342597723, 0.324939906597, 0.289538681507, 0.257832199335, 0.239505603909, 0.246654108167], "dmean2": [0.685528695583, 0.52363550663, 0.466570079327, 0.399550646544, 0.353093028069, 0.326965898275], "dvar": [0.161901935935, 0.0939455479383, 0.0757869407535, 0.065795764327, 0.0751240029931, 0.0942435115576], "dvar2": [0.353001594543, 0.19858160615, 0.155548781157, 0.123477764428, 0.131921336055, 0.15290