{"lowlevel": {"average_loudness": 0.912389576435, "barkbands_crest": {"dmean": 2.97228980064, "dmean2": 4.56103515625, "dvar": 10.0946884155, "dvar2": 21.0583724976, "max": 26.5901546478, "mean": 16.2434234619, "median": 16.6810760498, "min": 2.42514014244, "var": 40.0676994324}, "barkbands_flatness_db": {"dmean": 0.0425258390605, "dmean2": 0.0566079951823, "dvar": 0.00176525325514, "dvar2": 0.0028928834945, "max": 0.624446928501, "mean": 0.247011080384, "median": 0.238737419248, "min": 0.0199907980859, "var": 0.0118753286079}, "barkbands_kurtosis": {"dmean": 29.6500988007, "dmean2": 44.7997055054, "dvar": 3717.69311523, "dvar2": 8765.0078125, "max": 1538.37695312, "mean": 52.9799385071, "median": 13.9595098495, "min": -1.81914496422, "var": 8714.03027344}, "barkbands_skewness": {"dmean": 1.60438370705, "dmean2": 2.32201504707, "dvar": 3.86503577232, "dvar2": 8.11452960968, "max": 31.5459651947, "mean": 4.47572755814, "median": 3.29621863365, "min": -2.82232689857, "var": 16.4412784576}, "barkbands_spread": {"dmean": 5.25842857361, "dmean2": 8.00576782227, "dvar": 82.1435928345, "dvar2": 165.437103271, "max": 107.035575867, "mean": 11.1195764542, "median": 6.52702045441, "min": 0.0808274671435, "var": 193.158050537}, "dissonance": {"dmean": 0.0220603588969, "dmean2": 0.0358097627759, "dvar": 0.000520462403074, "dvar2": 0.00131044536829, "max": 0.499995648861, "mean": 0.455335736275, "median": 0.466220259666, "min": 0.212682828307, "var": 0.00145299336873}, "dynamic_complexity": 5.63822078705, "erbbands_crest": {"dmean": 3.05459547043, "dmean2": 4.90505886078, "dvar": 7.86483716965, "dvar2": 18.4306583405, "max": 29.4659481049, "mean": 10.6529245377, "median": 9.39466094971, "min": 2.52968358994, "var": 26.6563873291}, "erbbands_flatness_db": {"dmean": 0.0235750302672, "dmean2": 0.0338338389993, "dvar": 0.000549945107196, "dvar2": 0.000981300952844, "max": 0.441412985325, "mean": 0.17443934083, "median": 0.171923711896, "min": 0.0353916548193, "var": 0.00268918951042}, "erbbands_kurtosis": {"dmean": 1.76897275448, "dmean2": 2.75141978264, "dvar": 10.5022649765, "dvar2": 22.391784668, "max": 74.2066650391, "mean": 1.58454585075, "median": 0.23649084568, "min": -1.92049694061, "var": 23.483537674}, "erbbands_skewness": {"dmean": 0.534735202789, "dmean2": 0.794190645218, "dvar": 0.308110803366, "dvar2": 0.596696555614, "max": 6.96158981323, "mean": 0.644071578979, "median": 0.544617891312, "min": -3.96890759468, "var": 1.23247611523}, "erbbands_spread": {"dmean": 11.5589284897, "dmean2": 17.6788711548, "dvar": 196.840408325, "dvar2": 445.126525879, "max": 166.381881714, "mean": 40.0993080139, "median": 34.2071304321, "min": 1.79653966427, "var": 602.726013184}, "hfc": {"dmean": 4.431224823, "dmean2": 6.5538892746, "dvar": 64.1282119751, "dvar2": 138.645828247, "max": 125.5598526, "mean": 10.884431839, "median": 6.31556510925, "min": 1.2102689977e-16, "var": 202.651535034}, "melbands_crest": {"dmean": 3.48271155357, "dmean2": 5.26095581055, "dvar": 15.1573019028, "dvar2": 30.827495575, "max": 38.5505981445, "mean": 22.1007652283, "median": 21.6477813721, "min": 2.31522727013, "var": 77.8024597168}, "melbands_flatness_db": {"dmean": 0.0495918206871, "dmean2": 0.0656959041953, "dvar": 0.00245640450157, "dvar2": 0.00399249605834, "max": 0.761146485806, "mean": 0.337842792273, "median": 0.334343612194, "min": 0.00648541469127, "var": 0.0171705689281}, "melbands_kurtosis": {"dmean": 51.4756774902, "dmean2": 76.4801712036, "dvar": 10417.3310547, "dvar2": 22794.2050781, "max": 2414.38134766, "mean": 102.568977356, "median": 31.9089031219, "min": -1.63339912891, "var": 32209.796875}, "melbands_skewness": {"dmean": 1.86510968208, "dmean2": 2.76730751991, "dvar": 5.11036872864, "dvar2": 10.4958143234, "max": 39.0938606262, "mean": 5.98424816132, "median": 4.53038406372, "min": -1.45235669613, "var": 26.7647190094}, "melbands_spread": {"dmean": 5.33723115921, "dmean2": 8.18560791016, "dvar": 104.017211914, "dvar2": 226.302841187, "max": 156.788513184, "mean": 11.2157468796, "median": 5.35356330872, "min": 0.0862640142441, "var": 262.593780518}, "pitch_salience": {"dmean": 0.0921066775918, "dmean2": 0.139696538448, "dvar": 0.011786615476, "dvar2": 0.0248454157263, "max": 0.95368874073, "mean": 0.368831694126, "median": 0.357157915831, "min": 0.0117105431855, "var": 0.0435945354402}, "silence_rate_20dB": {"dmean": 0, "dmean2": 0, "dvar": 0, "dvar2": 0, "max": 1, "mean": 1, "median": 1, "min": 1, "var": 0}, "silence_rate_30dB": {"dmean": 0.073646210134, "dmean2": 0.147313684225, "dvar": 0.0682241842151, "dvar2": 0.13804101944, "max": 1, "mean": 0.719462871552, "median": 1, "min": 0, "var": 0.201836243272}, "silence_rate_60dB": {"dmean": 0.0499638989568, "dmean2": 0.0999422296882, "dvar": 0.0474712662399, "dvar2": 0.104978263378, "max": 1, "mean": 0.171238809824, "median": 0, "min": 0, "var": 0.14190351963}, "spectral_centroid": {"dmean": 285.242340088, "dmean2": 420.576293945, "dvar": 175116.21875, "dvar2": 308397.5, "max": 10842.0820312, "mean": 928.643127441, "median": 686.78125, "min": 75.3999176025, "var": 564291.375}, "spectral_complexity": {"dmean": 2.50223827362, "dmean2": 3.97746968269, "dvar": 13.750629425, "dvar2": 30.7454128265, "max": 43, "mean": 7.98007488251, "median": 7, "min": 0, "var": 41.8248825073}, "spectral_decrease": {"dmean": 6.233617178e-09, "dmean2": 9.1729033258e-09, "dvar": 1.00048825195e-16, "dvar2": 2.61347330724e-16, "max": -1.9338023335e-29, "mean": -1.61932387499e-08, "median": -6.98265445465e-09, "min": -8.936476803e-08, "var": 3.46430228559e-16}, "spectral_energy": {"dmean": 0.0237898603082, "dmean2": 0.0350193977356, "dvar": 0.00144796259701, "dvar2": 0.00377459777519, "max": 0.338649600744, "mean": 0.0621040463448, "median": 0.0272275879979, "min": 1.10504810943e-20, "var": 0.00503735709935}, "spectral_energyband_high": {"dmean": 9.61444093264e-05, "dmean2": 0.00014380144421, "dvar": 5.92439874936e-08, "dvar2": 1.14721316891e-07, "max": 0.00942244753242, "mean": 0.000152582113515, "median": 3.54469375452e-05, "min": 8.25422853751e-21, "var": 1.21494537098e-07}, "spectral_energyband_low": {"dmean": 0.0221047140658, "dmean2": 0.0332494862378, "dvar": 0.00148199766409, "dvar2": 0.00388957536779, "max": 0.335584998131, "mean": 0.0512755475938, "median": 0.00973266549408, "min": 1.10370753562e-22, "var": 0.00451323762536}, "spectral_energyband_middle_high": {"dmean": 0.00132855947595, "dmean2": 0.00197900808416, "dvar": 1.54162753461e-05, "dvar2": 3.06081237795e-05, "max": 0.125574335456, "mean": 0.00262532266788, "median": 0.000501163420267, "min": 1.3713379252e-21, "var": 5.19456807524e-05}, "spectral_energyband_middle_low": {"dmean": 0.00699322344735, "dmean2": 0.0118293557316, "dvar": 0.000349971407559, "dvar2": 0.000954286544584, "max": 0.175020679832, "mean": 0.0095205809921, "median": 0.00306661985815, "min": 3.71590089505e-22, "var": 0.000319993938319}, "spectral_entropy": {"dmean": 0.276630908251, "dmean2": 0.399047255516, "dvar": 0.0872152894735, "dvar2": 0.160698026419, "max": 9.79672908783, "mean": 7.18878746033, "median": 7.18884849548, "min": 5.04306221008, "var": 0.350142031908}, "spectral_flux": {"dmean": 0.0446505174041, "dmean2": 0.0617485009134, "dvar": 0.00295072677545, "dvar2": 0.0050480319187, "max": 0.503713965416, "mean": 0.096935749054, "median": 0.057040642947, "min": 1.05121265859e-10, "var": 0.00960699934512}, "spectral_kurtosis": {"dmean": 3.02810072899, "dmean2": 4.84472465515, "dvar": 13.6802587509, "dvar2": 33.2959709167, "max": 60.3599357605, "mean": 7.41330337524, "median": 6.1487994194, "min": -1.23248958588, "var": 32.7073516846}, "spectral_rms": {"dmean": 0.00139104004484, "dmean2": 0.00195197365247, "dvar": 3.41262284564e-06, "dvar2": 7.14952238923e-06, "max": 0.0181766301394, "mean": 0.00630405172706, "median": 0.00515397917479, "min": 3.28343689043e-12, "var": 2.08482506423e-05}, "spectral_rolloff": {"dmean": 348.206420898, "dmean2": 572.277526855, "dvar": 858940.9375, "dvar2": 1751633.875, "max": 18755.4199219, "mean": 721.362609863, "median": 258.3984375, "min": 43.06640625, "var": 1772360.5}, "spectral_skewness": {"dmean": 0.354164481163, "dmean2": 0.536297440529, "dvar": 0.125490128994, "dvar2": 0.278526186943, "max": 5.81698465347, "mean": 1.94231748581, "median": 1.89952850342, "min": -0.548800051212, "var": 0.469818979502}, "spectral_spread": {"dmean": 603313.875, "dmean2": 861532.5, "dvar": 684143280128, "dvar2": 1007096758270.0, "max": 41982224, "mean": 4026154.25, "median": 3638342, "min": 1263386.75, "var": 2799819816960.0}, "spectral_strongpeak": {"dmean": 0.271815538406, "dmean2": 0.431614100933, "dvar": 0.262985110283, "dvar2": 0.628134608269, "max": 12.3987598419, "mean": 0.652819037437, "median": 0.52309179306, "min": 0, "var": 0.487889349461}, "zerocrossingrate": {"dmean": 0.00932218786329, "dmean2": 0.0107128508389, "dvar": 0.00023190198408, "dvar2": 0.000255372433458, "max": 0.51171875, "mean": 0.0303131286055, "median": 0.01953125, "min": 0.00146484375, "var": 0.00139044213574}, "barkbands": {"dmean": [0.00167636631522, 0.0197749771178, 0.00422859983519, 0.0026602842845, 0.00232377648354, 0.0013641892001, 0.000633677409496, 0.000673163216561, 0.000677817093674, 0.000337593228323, 0.000483292184072, 0.000245391478529, 0.000228918142966, 0.000184115153388, 0.00013652924099, 7.70439291955e-05, 8.34733073134e-05, 7.56474109949e-05, 5.01346257806e-05, 4.38444621977e-05, 2.28755179705e-05, 1.71542160388e-05, 1.97912486328e-05, 1.20856129797e-05, 8.37237530504e-06, 4.48967512057e-06, 9.26344398522e-07], "dmean2": [0.00201816367917, 0.0305841416121, 0.00757784256712, 0.00493593234569, 0.00419774092734, 0.00212450115941, 0.00097713584546, 0.00106502126437, 0.00105800910387, 0.000540863722563, 0.000687065185048, 0.000406830775319, 0.000364872481441, 0.000299136707326, 0.000214333689655, 0.000121670113003, 0.000123406643979, 0.000115947666927, 7.95920204837e-05, 6.69170549372e-05, 3.61999700544e-05, 2.62858357019e-05, 3.01800209854e-05, 1.79275211849e-05, 1.22585415738e-05, 6.36542836219e-06, 1.35655011491e-06], "dvar": [1.65718865901e-05, 0.00137746939436, 0.000182981908438, 9.10629460122e-05, 6.23160522082e-05, 1.84371747309e-05, 4.26386122854e-06, 7.2539401117e-06, 7.11254460839e-06, 3.78615868613e-06, 4.9521299843e-06, 1.00713475604e-06, 1.74554259047e-06, 4.45592093001e-07, 2.70876000741e-07, 7.25880155983e-08, 8.12589817656e-08, 4.87911613334e-08, 1.41238611917e-08, 1.10086766369e-08, 6.15675155302e-09, 2.54825649471e-09, 2.959383405e-09, 1.59058988203e-09, 1.19189269565e-09, 3.76905756605e-10, 1.68855641275e-11], "dvar2": [3.18194324791e-05, 0.00382479606196, 0.00050467508845, 0.000262178888079, 0.00018004332378, 4.10584871133e-05, 9.53612561716e-06, 1.68554433913e-05, 1.47503451444e-05, 7.54180882723e-06, 8.88737395144e-06, 2.29427359955e-06, 3.70292355001e-06, 1.02501462607e-06, 5.64579011098e-07, 1.55801245683e-07, 1.59955789059e-07, 9.80502150583e-08, 2.9909859478e-08, 2.13118838133e-08, 1.3936410248e-08, 5.08301978286e-09, 6.18463769086e-09, 3.04279756946e-09, 2.37128627845e-09, 6.71624589277e-10, 3.14040043969e-11], "max": [0.0730718225241, 0.285738766193, 0.114852771163, 0.0943695306778, 0.105346776545, 0.123972803354, 0.0558477081358, 0.0855228230357, 0.0706896260381, 0.124474100769, 0.0873569399118, 0.0238434821367, 0.0400630384684, 0.018585504964, 0.0140025904402, 0.00963694695383, 0.0077928234823, 0.0067687407136, 0.00306572415866, 0.00346193020232, 0.00228452240117, 0.00163499626797, 0.00231088744476, 0.0018005304737, 0.00121001072694, 0.000438996677985, 0.000110018139821], "mean": [0.00412579765543, 0.041899766773, 0.00384204951115, 0.00232129357755, 0.00232901750132, 0.00209226529114, 0.000864062225446, 0.000861420994624, 0.000933626084588, 0.000421395030571, 0.00078729679808, 0.000280646374449, 0.000311450887239, 0.000234162725974, 0.00018366065342, 0.000105689636257, 0.000136101822136, 0.000117657174997, 6.56984193483e-05, 6.8078552431e-05, 2.98590057355e-05, 2.60656233877e-05, 2.76286755252e-05, 1.78497739398e-05, 1.27562707348e-05, 7.49554010326e-06, 1.4957354324e-06], "median": [0.000127209495986, 0.0058615365997, 0.000165262579685, 6.18282501819e-05, 0.000328827183694, 0.000303019565763, 8.95497214515e-05, 7.55110086175e-05, 6.63935934426e-05, 6.74167386023e-05, 2.98570466839e-05, 3.944614582e-05, 2.84426096187e-05, 4.67257668788e-05, 3.47378299921e-05, 2.14026658796e-05, 2.6505364076e-05, 2.42468886427e-05, 1.23957797769e-05, 1.23285681184e-05, 5.41041026736e-06, 4.27638406109e-06, 5.48740808881e-06, 3.13772716254e-06, 1.65482265402e-06, 6.44730164368e-07, 1.75186499973e-07], "min": [7.66316739664e-25, 5.33639979248e-23, 4.28697118829e-23, 2.58969214341e-23, 5.59724517049e-23, 1.52618221429e-23, 1.0553160309e-22, 9.92344609606e-23, 3.66856924074e-23, 6.29258314441e-23, 4.48846961377e-23, 1.42754175297e-22, 3.60994046717e-23, 1.34047915072e-22, 8.64266983191e-23, 1.26419693227e-22, 8.0012236796e-23, 3.53548626033e-22, 2.08088216069e-22, 2.94336499295e-22, 4.1779805248e-22, 8.5796300006e-22, 8.19412263768e-22, 8.93546003762e-22, 1.15881955464e-21, 1.83932555515e-21, 2.29478703317e-21], "var": [5.52004421479e-05, 0.00353037239984, 0.000127693419927, 5.66448688915e-05, 4.15382128267e-05, 3.93274422095e-05, 7.00062400938e-06, 1.11917033792e-05, 1.57894064614e-05, 4.7421644922e-06, 1.5825178707e-05, 1.30114790409e-06, 3.90280774809e-06, 6.58722910885e-07, 5.21398987985e-07, 1.23820910858e-07, 2.34635180618e-07, 1.14930507777e-07, 3.08494492174e-08, 2.96602173933e-08, 9.8021555317e-09, 5.44071054875e-09, 5.05000308237e-09, 2.87586043868e-09, 1.8187636952e-09, 7.86516518581e-10, 3.20496823525e-11]}, "erbbands": {"dmean": [0.814399302006, 3.97630596161, 4.8650636673, 7.28092813492, 8.12973403931, 7.21554756165, 9.99769210815, 10.0505647659, 9.82169342041, 11.3390026093, 15.071762085, 15.4385375977, 8.28392791748, 15.3143625259, 15.0563240051, 9.37669754028, 9.75636482239, 9.2841796875, 7.53080177307, 5.55350589752, 4.00431585312, 4.2014837265, 3.65024971962, 2.73351979256, 2.53108644485, 2.14934873581, 1.09200632572, 0.857262969017, 0.62841552496, 0.66024440527, 0.533911585808, 0.304901629686, 0.176071450114, 0.0947743654251, 0.0605413503945, 0.026194229722, 0.0069842254743, 0.00134038983379, 0.000165289733559, 3.07116242766e-05], "dmean2": [1.11374938488, 6.48659181595, 8.19750213623, 13.0488977432, 15.1840820312, 12.9333524704, 16.2103805542, 15.574716568, 14.404794693, 18.5944137573, 23.0185966492, 23.6955986023, 13.6974868774, 21.950920105, 20.7772941589, 15.2690572739, 15.0388278961, 15.2063589096, 11.9529752731, 8.74301147461, 6.40602827072, 6.10637998581, 5.52942848206, 4.18672704697, 4.02154779434, 3.28417539597, 1.72399699688, 1.34078407288, 0.963328719139, 0.998727977276, 0.812339544296, 0.463973134756, 0.261987507343, 0.141998231411, 0.0890804380178, 0.0378725044429, 0.00986195076257, 0.00195184350014, 0.000240949913859, 4.53555294371e-05], "dvar": [2.21077728271, 63.7531661987, 196.454544067, 588.15637207, 972.897399902, 558.626159668, 1228.35327148, 826.959594727, 805.481323242, 2820.89331055, 3180.15673828, 3805.34790039, 795.421813965, 6146.89892578, 3403.9609375, 1053.26245117, 2354.57250977, 1977.36633301, 735.983398438, 365.049682617, 223.714096069, 212.271072388, 114.078292847, 44.3836135864, 36.1473731995, 27.8469161987, 9.36621379852, 9.23582935333, 3.67687416077, 3.16679501534, 2.45205998421, 0.989590883255, 0.407361388206, 0.214749500155, 0.0478684417903, 0.0127000659704, 0.000825187889859, 3.62650025636e-05, 4.9122860446e-07, 2.89043389223e-09], "dvar2": [5.21285438538, 178.595016479, 511.086029053, 1648.49060059, 2815.83740234, 1606.59436035, 2700.92163086, 1764.72692871, 1411.66577148, 7138.04003906, 6717.64013672, 7464.43310547, 1773.73950195, 11399.4052734, 6031.92773438, 2330.85791016, 4974.65429688, 4733.31445312, 1656.95812988, 823.522399902, 462.225402832, 391.629974365, 218.631240845, 89.648765564, 83.4251708984, 57.6088256836, 22.0836849213, 20.3738498688, 7.39026451111, 6.55242729187, 5.27768850327, 2.01890921593, 0.741065442562, 0.431404203176, 0.093473739922, 0.0226423870772, 0.00146980944555, 6.4994841523e-05, 9.09659036097e-07, 6.55934817573e-09], "max": [16.8018016815, 72.2253952026, 117.639328003, 245.968963623, 296.559936523, 374.25982666, 1024.48937988, 794.757202148, 1216.93725586, 1237.50830078, 1625.04992676, 1904.69189453, 1135.00354004, 3683.89453125, 1554.43908691, 899.590270996, 1693.48376465, 1783.05480957, 853.173950195, 522.082397461, 651.639465332, 537.113220215, 406.576049805, 149.761016846, 150.930648804, 129.966522217, 69.3062286377, 106.229988098, 54.1194648743, 61.7635879517, 71.8553924561, 43.0048179626, 28.0922470093, 16.6042041779, 6.95956993103, 2.65833234787, 0.830236256123, 0.184525892138, 0.0175069291145, 0.00118048756849], "mean": [1.96272540092, 6.28385925293, 5.07885360718, 7.37370824814, 6.58624362946, 7.61728620529, 14.595744133, 14.9115257263, 15.8577871323, 12.6939258575, 21.1778888702, 22.2121734619, 11.0806255341, 23.9932899475, 23.9225406647, 12.5188894272, 14.309015274, 11.8066329956, 10.4467172623, 8.05347919464, 6.36417531967, 6.87748098373, 6.26477432251, 4.0786485672, 3.53748989105, 3.32721304893, 1.45358836651, 1.12116730213, 0.935215234756, 0.961548388004, 0.732683598995, 0.440509706736, 0.259518861771, 0.143836066127, 0.091000854969, 0.0415887571871, 0.0118219135329, 0.00234842952341, 0.000283858564217, 7.87634926382e-05], "median": [0.182376712561, 1.20639753342, 0.897473812103, 0.275626301765, 0.631561815739, 1.11753165722, 2.109770298, 2.37775969505, 1.8047041893, 1.85232830048, 1.89563679695, 1.81323373318, 2.13301372528, 1.65378272533, 1.64340424538, 1.78774952888, 1.52838504314, 2.45893716812, 2.17476058006, 1.51621246338, 1.46598112583, 1.36062431335, 1.26531612873, 0.900484740734, 0.657036662102, 0.572874724865, 0.301932990551, 0.206366866827, 0.146069526672, 0.174033790827, 0.148373365402, 0.0838373079896, 0.0402668640018, 0.0194046031684, 0.0106867672876, 0.00405773799866, 0.000884761568159, 0.000258989195572, 5.78077560931e-05, 4.16160146415e-05], "min": [9.15007665197e-22, 1.43568148989e-20, 5.37157228054e-20, 6.43276455021e-20, 9.15897736577e-20, 2.98557969103e-19, 9.30576056547e-20, 1.88429223224e-19, 1.09797710783e-18, 2.33375899019e-18, 1.52767169005e-18, 6.50063510721e-19, 2.31778365102e-18, 1.97414180529e-18, 2.17480175983e-18, 5.62516069197e-18, 2.2853927058e-18, 6.40850155924e-18, 4.18947086564e-18, 5.32028425206e-18, 6.95078048931e-18, 5.71842985553e-18, 1.70495109506e-17, 1.03722757812e-17, 1.40890977127e-17, 1.39256005016e-17, 2.19371888413e-17, 1.49146901385e-17, 2.92079922747e-17, 2.30566950823e-17, 2.54769329104e-17, 2.1918565697e-17, 1.38953256912e-17, 9.89271120358e-18, 1.02175243506e-17, 5.79549289652e-18, 2.88188195129e-18, 1.58338974893e-18, 2.99034347587e-19, 3.68415485021e-20], "var": [9.1841173172, 90.2722320557, 157.245437622, 422.234161377, 590.107116699, 400.017608643, 2143.37792969, 1938.90576172, 2437.67578125, 2820.4230957, 6080.11962891, 8862.078125, 1115.19372559, 14799.7861328, 10066.6269531, 1919.64831543, 6806.48583984, 2228.49145508, 1203.96154785, 750.820556641, 416.825775146, 586.735229492, 313.79385376, 102.851066589, 77.4709014893, 72.2962722778, 14.4490070343, 14.6929159164, 7.69035196304, 5.78828001022, 4.06524372101, 1.7055028677, 0.705316722393, 0.294907569885, 0.0829989314079, 0.0256312359124, 0.00180944486056, 7.47227022657e-05, 9.62293711382e-07, 8.08956102105e-09]}, "gfcc": {"mean": [-91.6795806885, 113.031112671, -98.4395828247, 35.070640564, -35.3516349792, 15.0788002014, -24.0513038635, 10.0917491913, -8.15204811096, 4.39919042587, -0.711261212826, 1.84490764141, -3.07109355927], "cov": [[13097.7226562, 430.942443848, 98.3006973267, -395.67199707, -524.955444336, 115.212051392, -116.022338867, 210.452911377, -272.323272705, -88.2045516968, -318.222625732, 326.67678833, -132.585983276], [430.942443848, 2254.04443359, 234.40234375, -233.219787598, 416.57711792, -152.489120483, 316.745880127, -213.505615234, 215.746902466, -242.223693848, 170.574798584, -147.297973633, 90.8518981934], [98.3006973267, 234.40234375, 1126.90283203, 536.606872559, 343.735626221, 228.615707397, 161.866317749, 32.1348762512, 101.197395325, -24.17552948, 25.3848400116, -81.4682769775, -9.3780632019], [-395.67199707, -233.219787598, 536.606872559, 970.148681641, 255.82711792, 203.633880615, 81.0202178955, 29.0958061218, 105.326919556, -14.6860628128, 25.8414268494, -81.6051635742, 4.93498706818], [-524.955444336, 416.57711792, 343.735626221, 255.82711792, 635.423278809, 206.858795166, 302.468078613, 104.249885559, 193.119888306, -8.28131389618, 57.1579589844, -82.5956802368, 21.4915904999], [115.212051392, -152.489120483, 228.615707397, 203.633880615, 206.858795166, 388.788665771, 225.052978516, 128.394607544, 62.8285255432, 37.575050354, 28.3205184937, -22.545627594, -2.96708226204], [-116.022338867, 316.745880127, 161.866317749, 81.0202178955, 302.468078613, 225.052978516, 429.804229736, 91.2343215942, 163.195022583, 10.6346883774, 112.90927887, -3.4147837162, 47.860496521], [210.452911377, -213.505615234, 32.1348762512, 29.0958061218, 104.249885559, 128.394607544, 91.2343215942, 228.535614014, 78.2263336182, 82.7207489014, 16.2765140533, 29.4846496582, 16.2829208374], [-272.323272705, 215.746902466, 101.197395325, 105.326919556, 193.119888306, 62.8285255432, 163.195022583, 78.2263336182, 227.707321167, 44.8752975464, 105.272186279, 15.7736282349, 69.795539856], [-88.2045516968, -242.223693848, -24.17552948, -14.6860628128, -8.28131389618, 37.575050354, 10.6346883774, 82.7207489014, 44.8752975464, 165.805221558, 47.97215271, 57.3312950134, 30.6253604889], [-318.222625732, 170.574798584, 25.3848400116, 25.8414268494, 57.1579589844, 28.3205184937, 112.90927887, 16.2765140533, 105.272186279, 47.97215271, 195.845291138, 63.2056694031, 75.3119888306], [326.67678833, -147.297973633, -81.4682769775, -81.6051635742, -82.5956802368, -22.545627594, -3.4147837162, 29.4846496582, 15.7736282349, 57.3312950134, 63.2056694031, 160.382858276, 49.9602661133], [-132.585983276, 90.8518981934, -9.3780632019, 4.93498706818, 21.4915904999, -2.96708226204, 47.860496521, 16.2829208374, 69.795539856, 30.6253604889, 75.3119888306, 49.9602661133, 118.941574097]], "icov": [[0.000126181344967, -0.000213432533201, -1.72548807313e-05, -8.03831935627e-05, 0.000216848566197, -0.00018004993035, 3.10750911012e-05, -0.000315648183459, 0.000143597790156, -4.234514563e-05, 0.000420124619268, -0.000584077846725, 0.000198651134269], [-0.000213432533201, 0.00163861445617, -0.000313946686219, 0.00087427161634, -0.00093939085491, 0.00105696800165, -0.000604439526796, 0.00144375278614, -0.00103436573409, 0.00154576275963, -0.00163518521003, 0.0021000218112, -0.000946656160522], [-1.72548807313e-05, -0.000313946686219, 0.00145408534445, -0.00074816448614, -0.000313830241794, -0.000558350700885, 0.000197754212422, 4.855305815e-05, 0.000152000793605, -0.000322241918184, 0.000154299428686, -0.000194239764824, 0.000300482759485], [-8.03831935627e-05, 0.00087427161634, -0.00074816448614, 0.00207627308555, -0.000663312501274, -0.000217064502067, 0.000357801938662, 0.000972171663307, -0.00118635722902, 0.00104262353852, -0.000968132459093, 0.00141859904397, -0.000620323873591], [0.000216848566197, -0.00093939085491, -0.000313830241794, -0.000663312501274, 0.00398326711729, -0.000754926120862, -0.00115271459799, -0.0015237032203, -0.00104257592466, -0.000375976436771, 0.00145380944014, -0.000172144733369, 0.00075627618935], [-0.00018004993035, 0.00105696800165, -0.000558350700885, -0.000217064502067, -0.000754926120862, 0.00602904893458, -0.00306926551275, -0.00111292279325, 0.00106963852886, 9.17440338526e-05, -0.00104553694837, 0.00185870775022, -0.000138883144245], [3.10750911012e-05, -0.000604439526796, 0.000197754212422, 0.000357801938662, -0.00115271459799, -0.00306926551275, 0.00601182924584, -0.000346137181623, -0.00152742967475, 0.000652728951536, -0.00128863973077, -0.000785521056969, 0.000131239910843], [-0.000315648183459, 0.00144375278614, 4.855305815e-05, 0.000972171663307, -0.0015237032203, -0.00111292279325, -0.000346137181623, 0.00888684857637, -0.00304518896155, -0.00162249454297, 0.000122631216072, 0.000917549943551, -0.000579275714699], [0.000143597790156, -0.00103436573409, 0.000152000793605, -0.00118635722902, -0.00104257592466, 0.00106963852886, -0.00152742967475, -0.00304518896155, 0.0105962194502, -0.00196935120039, -0.00161945656873, -0.000658001808915, -0.00215111183934], [-4.234514563e-05, 0.00154576275963, -0.000322241918184, 0.00104262353852, -0.000375976436771, 9.17440338526e-05, 0.000652728951536, -0.00162249454297, -0.00196935120039, 0.0106251165271, -0.00274002854712, -0.000200203925488, -0.00102800456807], [0.000420124619268, -0.00163518521003, 0.000154299428686, -0.000968132459093, 0.00145380944014, -0.00104553694837, -0.00128863973077, 0.000122631216072, -0.00161945656873, -0.00274002854712, 0.0115744061768, -0.00516949687153, -0.00151888467371], [-0.000584077846725, 0.0021000218112, -0.000194239764824, 0.00141859904397, -0.000172144733369, 0.00185870775022, -0.000785521056969, 0.000917549943551, -0.000658001808915, -0.000200203925488, -0.00516949687153, 0.0133733581752, -0.00396782020107], [0.000198651134269, -0.000946656160522, 0.000300482759485, -0.000620323873591, 0.00075627618935, -0.000138883144245, 0.000131239910843, -0.000579275714699, -0.00215111183934, -0.00102800456807, -0.00151888467371, -0.00396782020107, 0.0134431812912]]}, "melbands": {"dmean": [0.00624254066497, 0.00325161381625, 0.00126359739807, 0.000548787764274, 0.000331010174705, 0.000241388639552, 0.000142354125273, 0.000130143904244, 0.000135329202749, 8.95750126801e-05, 4.10270440625e-05, 6.15904500592e-05, 6.13037555013e-05, 2.80413005385e-05, 2.78683310171e-05, 1.77577658178e-05, 1.8816012016e-05, 1.30275948322e-05, 1.05162835098e-05, 6.39596828478e-06, 4.98964482176e-06, 5.23689868714e-06, 3.84864415537e-06, 3.48083517565e-06, 2.2001945581e-06, 2.01908824238e-06, 1.66394636381e-06, 1.45903834436e-06, 7.45843863115e-07, 6.12081748841e-07, 4.75802011124e-07, 3.71101691599e-07, 3.44391224871e-07, 3.99964108055e-07, 3.58711361059e-07, 2.1454501109e-07, 1.85937764741e-07, 1.29821188466e-07, 1.09820270211e-07, 7.2385518024e-08], "dmean2": [0.0090944096446, 0.00520433811471, 0.00225542951375, 0.0010099268984, 0.000545857590623, 0.000370691472199, 0.00021141738398, 0.000212850500247, 0.000204739815672, 0.000138592236908, 6.87323699822e-05, 8.88359645614e-05, 8.37649713503e-05, 4.5266453526e-05, 4.50825755252e-05, 2.81449483737e-05, 3.06059337163e-05, 2.08611782e-05, 1.62771466421e-05, 1.0077225852e-05, 8.01750320534e-06, 7.72883413447e-06, 5.79402831136e-06, 5.35987283001e-06, 3.37915139426e-06, 3.29370277541e-06, 2.53520738625e-06, 2.24247969527e-06, 1.19591561543e-06, 9.72342490968e-07, 7.42784436625e-07, 5.72031126467e-07, 5.27117776983e-07, 6.11025882336e-07, 5.52821575184e-07, 3.28469099031e-07, 2.81235173816e-07, 1.93226355805e-07, 1.66366106669e-07, 1.08247533603e-07], "dvar": [0.00012935322593, 4.90081474709e-05, 1.76807079697e-05, 3.99332839152e-06, 1.08893596007e-06, 4.55334060234e-07, 1.67173297427e-07, 3.61387748171e-07, 2.60856324985e-07, 1.27878081457e-07, 2.50311629202e-08, 1.09872317466e-07, 7.36252658839e-08, 1.23582957201e-08, 1.81459789417e-08, 1.24638308563e-08, 6.61224319742e-09, 2.74199085659e-09, 2.21909246534e-09, 4.0192246753e-10, 4.95209040441e-10, 4.09881628638e-10, 1.63956098698e-10, 1.29664209925e-10, 3.03459653239e-11, 2.37844969414e-11, 1.77986896055e-11, 1.32170819428e-11, 4.14631219983e-12, 5.73984479738e-12, 2.88031946384e-12, 1.34376114836e-12, 1.0788384075e-12, 1.20923984801e-12, 1.06939088661e-12, 5.26392677277e-13, 3.4746592539e-13, 1.8113407909e-13, 2.8442219825e-13, 1.24719502846e-13], "dvar2": [0.000348409317667, 0.000120158103528, 4.91727769258e-05, 1.15841094157e-05, 2.51429742093e-06, 9.7235681551e-07, 3.14885056696e-07, 9.04702346816e-07, 5.45336433788e-07, 2.61787590716e-07, 5.39368940622e-08, 2.05636496275e-07, 1.27773148506e-07, 2.69362256944e-08, 3.95797030706e-08, 2.82217786918e-08, 1.58118194094e-08, 6.20166940024e-09, 4.56918192171e-09, 8.60840176919e-10, 9.90266979528e-10, 8.25289558914e-10, 3.16992321281e-10, 2.76631523244e-10, 6.06435388018e-11, 5.6943703225e-11, 3.56155625825e-11, 2.91369012251e-11, 9.97963604116e-12, 1.38961021509e-11, 6.33031951511e-12, 2.8432009351e-12, 2.30034524415e-12, 2.65843575452e-12, 2.42300081908e-12, 1.14258754368e-12, 6.95349919137e-13, 3.25083926792e-13, 5.65818659287e-13, 2.5444346608e-13], "max": [0.107067815959, 0.0670651942492, 0.0391810536385, 0.0274081230164, 0.0268489662558, 0.0179792884737, 0.015660379082, 0.0131902247667, 0.0144806271419, 0.0102855740115, 0.00749763427302, 0.0174807365984, 0.00940388813615, 0.00268528563902, 0.00526796607301, 0.00436920393258, 0.00287550245412, 0.00149606727064, 0.00149815448094, 0.000573343248107, 0.000945573556237, 0.000688231259119, 0.000441453332314, 0.00031110382406, 0.000141906086355, 9.41358011914e-05, 0.000160151626915, 6.83617472532e-05, 4.91577848152e-05, 6.47262786515e-05, 5.77744867769e-05, 2.97426013276e-05, 3.23442909576e-05, 3.61634010915e-05, 4.46285012004e-05, 2.76738010143e-05, 2.6318946766e-05, 1.90500977624e-05, 2.01953953365e-05, 1.36218559419e-05], "mean": [0.0140513256192, 0.00450689671561, 0.00123444374185, 0.000486242235638, 0.000479362090118, 0.000369020504877, 0.0002201328316, 0.000144811070641, 0.000193305037101, 0.000123643927509, 5.06684446009e-05, 9.1905152658e-05, 9.96207454591e-05, 3.39020698448e-05, 3.88562039007e-05, 2.28202643484e-05, 2.26280571951e-05, 1.66944191733e-05, 1.40465863296e-05, 8.764969607e-06, 7.52856385589e-06, 7.81282051321e-06, 6.27176041235e-06, 5.20811181559e-06, 3.05390221911e-06, 2.43584281634e-06, 2.68623898592e-06, 2.08342839869e-06, 9.1198080554e-07, 7.7400528653e-07, 6.02091063229e-07, 5.28314046733e-07, 4.95881124607e-07, 5.55826659365e-07, 4.6282019639e-07, 2.98522024877e-07, 2.56340484839e-07, 1.83184937441e-07, 1.54172496991e-07, 1.08486297279e-07], "median": [0.00172534852754, 0.00112802488729, 4.94001142215e-05, 6.3486972067e-05, 6.90372035024e-05, 5.35822255188e-05, 2.2704471121e-05, 1.40113079397e-05, 1.48184153659e-05, 9.73090664047e-06, 9.35539901548e-06, 6.26509608992e-06, 4.62988464278e-06, 5.11672988068e-06, 3.69915210285e-06, 2.93988523481e-06, 4.59789089291e-06, 3.49060314875e-06, 2.25835788115e-06, 1.62477431331e-06, 1.78137759121e-06, 1.36608286994e-06, 1.38464429256e-06, 8.99718088476e-07, 6.6948427957e-07, 4.06817861176e-07, 4.50857385204e-07, 3.38939287303e-07, 1.86437475236e-07, 1.298174368e-07, 9.78680958497e-08, 7.57834612841e-08, 7.86045148971e-08, 9.41545366118e-08, 7.98861492513e-08, 5.77637599974e-08, 4.2891443286e-08, 2.79079443999e-08, 1.80992572041e-08, 1.3419167999e-08], "min": [1.14838536718e-23, 2.52697075947e-23, 1.15272993973e-23, 1.46824116966e-23, 5.25752719148e-24, 5.39454799199e-24, 1.68615926156e-23, 2.5558096209e-23, 9.89494186942e-24, 4.87008801865e-24, 1.1347971592e-23, 7.48987378564e-24, 6.04904498023e-24, 1.31277901001e-23, 1.11512628144e-23, 5.543237623e-24, 1.24952822151e-23, 6.14812630436e-24, 8.70373823671e-24, 7.73787351044e-24, 7.37717711672e-24, 4.30937081481e-24, 1.2947944802e-23, 1.57413438659e-23, 7.11296787804e-24, 8.3353638598e-24, 1.05623316059e-23, 9.03853238261e-24, 1.50730966376e-23, 8.30192246831e-24, 9.940201975e-24, 1.93025617592e-23, 1.2469143309e-23, 1.1953699227e-23, 1.34552675611e-23, 1.644269012e-23, 1.19200290658e-23, 1.10843863423e-23, 7.15698394997e-24, 8.4458958944e-24], "var": [0.000417950068368, 5.88666662225e-05, 1.25287351693e-05, 2.47319985647e-06, 1.77452716343e-06, 1.12928944418e-06, 4.53776010545e-07, 3.95440480361e-07, 5.23403173247e-07, 2.7351492804e-07, 3.29193490245e-08, 2.3465948118e-07, 2.23534598831e-07, 1.88137487811e-08, 4.54701059027e-08, 1.87017441533e-08, 7.63857599395e-09, 3.88483734071e-09, 4.09096845289e-09, 7.73220709682e-10, 8.21321621824e-10, 9.6361552071e-10, 4.15981527002e-10, 2.49102571903e-10, 6.72477906694e-11, 3.84796881858e-11, 5.57299172088e-11, 2.8523352083e-11, 5.52302127643e-12, 8.46121870485e-12, 4.41418256114e-12, 2.64235985523e-12, 1.98074564563e-12, 1.95835079923e-12, 1.64440889291e-12, 8.53698622211e-13, 5.89767601075e-13, 3.35485870855e-13, 3.79894710524e-13, 1.71378034919e-13]}, "mfcc": {"mean": [-739.295349121, 143.700759888, 5.43599367142, 30.123090744, 16.2949409485, 12.3273906708, 5.43418693542, 10.4042329788, 0.725617051125, 10.818778038, 3.7204682827, 5.25232553482, 4.30760908127], "cov": [[9133.34960938, 335.933380127, -385.28604126, -245.883743286, -509.072845459, -134.448806763, -212.226730347, 262.705078125, -161.725402832, -17.4918479919, -153.789672852, -147.616317749, -9.73366451263], [335.933380127, 2300.89282227, -159.679595947, -103.720252991, 61.940246582, 12.8857336044, 78.9480743408, 102.783149719, 5.82630872726, 38.1745300293, 49.3370933533, -6.89250326157, -18.7960071564], [-385.28604126, -159.679595947, 876.270690918, 362.381591797, 237.678344727, 220.24319458, 118.289253235, 63.663269043, 44.9476051331, 35.7287559509, 14.8526678085, 40.2958717346, 15.4622344971], [-245.883743286, -103.720252991, 362.381591797, 602.982299805, 306.377929688, 189.176727295, 62.6174507141, 91.1540222168, 68.4208908081, 56.7415962219, 40.4830360413, 49.944355011, 22.7115879059], [-509.072845459, 61.940246582, 237.678344727, 306.377929688, 407.208953857, 164.033309937, 113.814147949, 90.3912353516, 121.562194824, 98.6557312012, 78.4558105469, 67.7914733887, -8.94750213623], [-134.448806763, 12.8857336044, 220.24319458, 189.176727295, 164.033309937, 313.911254883, 183.373184204, 138.510650635, 98.1780776978, 80.6191864014, 96.3821716309, 36.0620994568, 17.9827785492], [-212.226730347, 78.9480743408, 118.289253235, 62.6174507141, 113.814147949, 183.373184204, 278.927459717, 129.15713501, 110.797294617, 94.9440612793, 108.916175842, 45.9724235535, 24.8194160461], [262.705078125, 102.783149719, 63.663269043, 91.1540222168, 90.3912353516, 138.510650635, 129.15713501, 257.888092041, 73.8770294189, 125.118385315, 68.7441558838, 32.5238113403, 47.1022911072], [-161.725402832, 5.82630872726, 44.9476051331, 68.4208908081, 121.562194824, 98.1780776978, 110.797294617, 73.8770294189, 218.370635986, 85.7920608521, 92.9477539062, 63.8426094055, 6.60587358475], [-17.4918479919, 38.1745300293, 35.7287559509, 56.7415962219, 98.6557312012, 80.6191864014, 94.9440612793, 125.118385315, 85.7920608521, 184.384597778, 83.9465103149, 42.424949646, 19.9810771942], [-153.789672852, 49.3370933533, 14.8526678085, 40.4830360413, 78.4558105469, 96.3821716309, 108.916175842, 68.7441558838, 92.9477539062, 83.9465103149, 151.738052368, 60.7170143127, 25.1718845367], [-147.616317749, -6.89250326157, 40.2958717346, 49.944355011, 67.7914733887, 36.0620994568, 45.9724235535, 32.5238113403, 63.8426094055, 42.424949646, 60.7170143127, 114.216850281, 47.1876983643], [-9.73366451263, -18.7960071564, 15.4622344971, 22.7115879059, -8.94750213623, 17.9827785492, 24.8194160461, 47.1022911072, 6.60587358475, 19.9810771942, 25.1718845367, 47.1876983643, 120.57270813]], "icov": [[0.000134123649332, -1.80018905667e-05, 1.97011340788e-05, -4.17614755861e-05, 0.000211749298614, -1.70308067027e-05, 0.000129582520458, -0.000288049865048, -1.05505623651e-05, 7.1281979217e-06, 6.82367754052e-05, 2.11270380532e-05, 9.4351482403e-05], [-1.80018905667e-05, 0.000472351704957, 8.39177737362e-05, 0.000147161845234, -0.000259820983047, 8.9363209554e-05, -0.000126458427985, -0.000228258999414, 0.000147174680023, 0.000135642228997, -0.000153701883391, 6.38802957837e-05, 9.28383597056e-05], [1.97011340788e-05, 8.39177737362e-05, 0.00176486605778, -0.000676634954289, -0.000298243918223, -0.000840774620883, -0.000439566618297, 0.000282666151179, 0.000273643236142, -2.58118489e-05, 0.000867696187925, -0.000336786150001, -6.09344970144e-05], [-4.17614755861e-05, 0.000147161845234, -0.000676634954289, 0.00345291849226, -0.00224770535715, -0.00104019697756, 0.00103917205706, -0.000354857096681, 0.000159560571774, 0.000341640610714, 0.000103025558928, 6.53265669825e-05, -0.000743439595681], [0.000211749298614, -0.000259820983047, -0.000298243918223, -0.00224770535715, 0.00583249796182, -0.000480720424093, -0.000213538718526, -0.000198612833628, -0.00107992417179, -0.00123751698993, 0.000138801202411, -0.00163280637935, 0.00193857494742], [-1.70308067027e-05, 8.9363209554e-05, -0.000840774620883, -0.00104019697756, -0.000480720424093, 0.00754200294614, -0.00292720622383, -0.00190874282271, -0.000363711442333, 0.00106979010161, -0.00215749675408, 0.00117402232718, 0.000337596255122], [0.000129582520458, -0.000126458427985, -0.000439566618297, 0.00103917205706, -0.000213538718526, -0.00292720622383, 0.00777720892802, -0.00153079582378, -0.00115845329128, -0.000263439898845, -0.00217231852002, 0.000223679075134, -0.000257690466242], [-0.000288049865048, -0.000228258999414, 0.000282666151179, -0.000354857096681, -0.000198612833628, -0.00190874282271, -0.00153079582378, 0.00832749437541, -0.000178585454705, -0.00411914940923, 0.000983432866633, 0.000780835864134, -0.00251486897469], [-1.05505623651e-05, 0.000147174680023, 0.000273643236142, 0.000159560571774, -0.00107992417179, -0.000363711442333, -0.00115845329128, -0.000178585454705, 0.00772330118343, -0.00102076516487, -0.00185223296285, -0.0023917532526, 0.00130803056527], [7.1281979217e-06, 0.000135642228997, -2.58118489e-05, 0.000341640610714, -0.00123751698993, 0.00106979010161, -0.000263439898845, -0.00411914940923, -0.00102076516487, 0.0103534497321, -0.00320544582792, -0.000210127036553, 0.000464289420052], [6.82367754052e-05, -0.000153701883391, 0.000867696187925, 0.000103025558928, 0.000138801202411, -0.00215749675408, -0.00217231852002, 0.000983432866633, -0.00185223296285, -0.00320544582792, 0.0135381724685, -0.00387121248059, -0.000432697997894], [2.11270380532e-05, 6.38802957837e-05, -0.000336786150001, 6.53265669825e-05, -0.00163280637935, 0.00117402232718, 0.000223679075134, 0.000780835864134, -0.0023917532526, -0.000210127036553, -0.00387121248059, 0.0148907145485, -0.00545842433348], [9.4351482403e-05, 9.28383597056e-05, -6.09344970144e-05, -0.000743439595681, 0.00193857494742, 0.000337596255122, -0.000257690466242, -0.00251486897469, 0.00130803056527, 0.000464289420052, -0.000432697997894, -0.00545842433348, 0.0116706443951]]}, "spectral_contrast_coeffs": {"dmean": [0.0548333413899, 0.05071413517, 0.0388141684234, 0.0322047844529, 0.0228968411684, 0.0195472445339], "dmean2": [0.0868808105588, 0.0804281234741, 0.0620394349098, 0.0517276488245, 0.0363078936934, 0.0300974119455], "dvar": [0.0027434641961, 0.00213271891698, 0.00124608282931, 0.000831101904623, 0.000425852282206, 0.000343819207046], "dvar2": [0.00630622403696, 0.00506737595424, 0.00298798806034, 0.0019617753569, 0.00091552810045, 0.000698247284163], "max": [-0.296366512775, -0.3526032269, -0.469174653292, -0.510086476803, -0.544439435005, -0.547768950462], "mean": [-0.659644186497, -0.725767254829, -0.790395319462, -0.801870167255, -0.804749548435, -0.789251804352], "median": [-0.671027779579, -0.75283575058, -0.802868723869, -0.810676038265, -0.8145788908, -0.794179558754], "min": [-0.956683278084, -0.959362030029, -0.954111337662, -0.966915309429, -0.959831416607, -0.95898348093], "var": [0.0108694396913, 0.0116856815293, 0.00544631294906, 0.00334405433387, 0.00273723318242, 0.00175646913704]}, "spectral_contrast_valleys": {"dmean": [0.475757628679, 0.452605426311, 0.405681192875, 0.371773153543, 0.413449794054, 0.492740750313], "dmean2": [0.734234035015, 0.748402535915, 0.660666167736, 0.57799744606, 0.577347755432, 0.638694107533], "dvar": [0.237076833844, 0.313064217567, 0.28646838665, 0.241840615869, 0.262783139944, 0.35421705246], "dvar2": [0.445423454046, 0.740530848503, 0.667296409607, 0.527818739414, 0.431428402662, 0.481054216623], "max": [-4.92652511597, -4.28926229477, -4.98443841934, -5.67242336273, -6