{"lowlevel": {"average_loudness": 0.754030048847, "barkbands_crest": {"dmean": 1.73744380474, "dmean2": 2.85786366463, "dvar": 3.52743816376, "dvar2": 9.83870697021, "max": 20.1476211548, "mean": 9.17149066925, "median": 8.62558364868, "min": 2.79197645187, "var": 9.61023807526}, "barkbands_flatness_db": {"dmean": 0.0210739355534, "dmean2": 0.0277420524508, "dvar": 0.000407712097513, "dvar2": 0.000667195185088, "max": 0.383287370205, "mean": 0.235046312213, "median": 0.242648839951, "min": 0.0444037690759, "var": 0.00614280765876}, "barkbands_kurtosis": {"dmean": 1.24770569801, "dmean2": 1.95001363754, "dvar": 2.86469745636, "dvar2": 6.34726333618, "max": 34.8230667114, "mean": 1.74654531479, "median": 0.673885583878, "min": -1.89570307732, "var": 13.3964996338}, "barkbands_skewness": {"dmean": 0.377997666597, "dmean2": 0.611715376377, "dvar": 0.155311197042, "dvar2": 0.400480389595, "max": 4.39119243622, "mean": 0.781457304955, "median": 0.853676497936, "min": -3.44298672676, "var": 0.908336877823}, "barkbands_spread": {"dmean": 3.39894509315, "dmean2": 5.13542032242, "dvar": 24.8202075958, "dvar2": 56.9057044983, "max": 52.8264846802, "mean": 15.1712293625, "median": 12.3700275421, "min": 0.924684286118, "var": 116.090530396}, "dissonance": {"dmean": 0.0243084132671, "dmean2": 0.0418071225286, "dvar": 0.00054831628222, "dvar2": 0.00149738776963, "max": 0.500000059605, "mean": 0.443691670895, "median": 0.453222632408, "min": 0.263045847416, "var": 0.00220985501073}, "dynamic_complexity": 6.69446516037, "erbbands_crest": {"dmean": 2.2412610054, "dmean2": 3.74636459351, "dvar": 5.78144359589, "dvar2": 15.2659635544, "max": 26.2551078796, "mean": 11.1874189377, "median": 10.334151268, "min": 2.76480722427, "var": 15.8930683136}, "erbbands_flatness_db": {"dmean": 0.0191954262555, "dmean2": 0.026350909844, "dvar": 0.000418588489993, "dvar2": 0.000682945770677, "max": 0.481035560369, "mean": 0.283942580223, "median": 0.274199754, "min": 0.0768787711859, "var": 0.0068616066128}, "erbbands_kurtosis": {"dmean": 1.07443273067, "dmean2": 1.73527109623, "dvar": 2.04347848892, "dvar2": 5.35265922546, "max": 26.739397049, "mean": 1.73146188259, "median": 0.88259601593, "min": -1.87540113926, "var": 9.46662712097}, "erbbands_skewness": {"dmean": 0.315108239651, "dmean2": 0.503056943417, "dvar": 0.109295397997, "dvar2": 0.270406424999, "max": 3.63369131088, "mean": 0.229331627488, "median": 0.326445192099, "min": -3.03640580177, "var": 0.991988062859}, "erbbands_spread": {"dmean": 4.673579216, "dmean2": 7.26206541061, "dvar": 48.8187217712, "dvar2": 119.719657898, "max": 89.9482345581, "mean": 21.0391197205, "median": 16.1251182556, "min": 1.56343257427, "var": 252.396011353}, "hfc": {"dmean": 5.25116252899, "dmean2": 7.78326034546, "dvar": 83.2201080322, "dvar2": 199.567749023, "max": 123.250396729, "mean": 21.7536621094, "median": 18.549861908, "min": 9.12615902987e-13, "var": 387.75479126}, "melbands_crest": {"dmean": 2.11670875549, "dmean2": 3.51282644272, "dvar": 5.03580951691, "dvar2": 13.7418050766, "max": 27.4319763184, "mean": 11.9686889648, "median": 11.3808965683, "min": 1.00147414207, "var": 15.2819433212}, "melbands_flatness_db": {"dmean": 0.0244092736393, "dmean2": 0.0320204906166, "dvar": 0.000691130291671, "dvar2": 0.00113705033436, "max": 0.488860964775, "mean": 0.279723018408, "median": 0.289108276367, "min": -5.17717467119e-07, "var": 0.0100905960426}, "melbands_kurtosis": {"dmean": 2.16451573372, "dmean2": 3.53469777107, "dvar": 9.06377792358, "dvar2": 23.3570518494, "max": 42.5050468445, "mean": 3.78646421432, "median": 2.67094039917, "min": -1.80138719082, "var": 21.332567215}, "melbands_skewness": {"dmean": 0.435977399349, "dmean2": 0.71534794569, "dvar": 0.232286095619, "dvar2": 0.61615896225, "max": 6.05593681335, "mean": 1.32771122456, "median": 1.34722685814, "min": -2.82956767082, "var": 1.02742528915}, "melbands_spread": {"dmean": 5.99022531509, "dmean2": 9.58999061584, "dvar": 102.942771912, "dvar2": 272.198547363, "max": 134.297134399, "mean": 22.2699871063, "median": 16.3404846191, "min": 1.71740019321, "var": 364.608215332}, "pitch_salience": {"dmean": 0.052154738456, "dmean2": 0.0867243930697, "dvar": 0.00285060401075, "dvar2": 0.00762930186465, "max": 0.996050536633, "mean": 0.558001220226, "median": 0.552149176598, "min": 0.27940633893, "var": 0.0129636367783}, "silence_rate_20dB": {"dmean": 0, "dmean2": 0, "dvar": 0, "dvar2": 0, "max": 1, "mean": 1, "median": 1, "min": 1, "var": 0}, "silence_rate_30dB": {"dmean": 0, "dmean2": 0, "dvar": 0, "dvar2": 0, "max": 1, "mean": 1, "median": 1, "min": 1, "var": 0}, "silence_rate_60dB": {"dmean": 0.00792602356523, "dmean2": 0.0158625245094, "dvar": 0.00786322448403, "dvar2": 0.0195765104145, "max": 1, "mean": 0.198679864407, "median": 0, "min": 0, "var": 0.159207493067}, "spectral_centroid": {"dmean": 159.068588257, "dmean2": 234.485412598, "dvar": 65847.5234375, "dvar2": 151408.9375, "max": 6908.97363281, "mean": 1180.2442627, "median": 949.557434082, "min": 370.403625488, "var": 624310.25}, "spectral_complexity": {"dmean": 2.25099086761, "dmean2": 3.54263043404, "dvar": 8.93314743042, "dvar2": 16.0988235474, "max": 46, "mean": 12.563035965, "median": 13, "min": 0, "var": 64.7448959351}, "spectral_decrease": {"dmean": 8.68585925407e-10, "dmean2": 1.33802680047e-09, "dvar": 1.56015652027e-18, "dvar2": 3.33037741826e-18, "max": 3.04666733082e-17, "mean": -5.66203084418e-09, "median": -4.94852736566e-09, "min": -2.05765857686e-08, "var": 2.21113235951e-17}, "spectral_energy": {"dmean": 0.00362190674059, "dmean2": 0.00551388133317, "dvar": 2.51203800872e-05, "dvar2": 5.28350610693e-05, "max": 0.0839501321316, "mean": 0.0233429148793, "median": 0.0203722827137, "min": 8.27777241385e-17, "var": 0.000350494752638}, "spectral_energyband_high": {"dmean": 0.000438885064796, "dmean2": 0.000680347846355, "dvar": 8.94366962712e-07, "dvar2": 2.40383769778e-06, "max": 0.0137222167104, "mean": 0.000875316676684, "median": 5.0044949603e-05, "min": 6.00851291464e-17, "var": 3.4019267332e-06}, "spectral_energyband_low": {"dmean": 0.000844925525598, "dmean2": 0.0014231215464, "dvar": 4.9400118769e-06, "dvar2": 1.37467013701e-05, "max": 0.0579913258553, "mean": 0.00204267213121, "median": 2.33797145484e-05, "min": 5.64208211896e-19, "var": 1.52967259055e-05}, "spectral_energyband_middle_high": {"dmean": 0.00173532648478, "dmean2": 0.00271333823912, "dvar": 7.39764709579e-06, "dvar2": 1.49490879267e-05, "max": 0.0496055372059, "mean": 0.00698335049674, "median": 0.00522081879899, "min": 1.21135778245e-17, "var": 4.94510823046e-05}, "spectral_energyband_middle_low": {"dmean": 0.00237828725949, "dmean2": 0.00368672912009, "dvar": 1.413191967e-05, "dvar2": 3.1724688597e-05, "max": 0.071437522769, "mean": 0.0146878119558, "median": 0.0120336888358, "min": 2.5020666702e-18, "var": 0.000204612122616}, "spectral_entropy": {"dmean": 0.176334053278, "dmean2": 0.247591525316, "dvar": 0.0495819598436, "dvar2": 0.0859637409449, "max": 9.00229263306, "mean": 6.91056251526, "median": 6.76176643372, "min": 5.73844528198, "var": 0.479157149792}, "spectral_flux": {"dmean": 0.0116863846779, "dmean2": 0.0176707319915, "dvar": 0.000245335249929, "dvar2": 0.000510415236931, "max": 0.196496531367, "mean": 0.0488713420928, "median": 0.0428653657436, "min": 2.31863168665e-06, "var": 0.00110593647696}, "spectral_kurtosis": {"dmean": 10.2576026917, "dmean2": 17.0166378021, "dvar": 223.080810547, "dvar2": 652.178039551, "max": 195.044555664, "mean": 26.6023387909, "median": 12.78602314, "min": -0.75793170929, "var": 1110.40673828}, "spectral_rms": {"dmean": 0.000353373412509, "dmean2": 0.000534620659892, "dvar": 1.7151417353e-07, "dvar2": 3.4234449231e-07, "max": 0.00905000325292, "mean": 0.0041859773919, "median": 0.00445818295702, "min": 2.84180845522e-10, "var": 5.25116865902e-06}, "spectral_rolloff": {"dmean": 411.777313232, "dmean2": 704.450866699, "dvar": 1100998.625, "dvar2": 2715022, "max": 18755.4199219, "mean": 2124.72900391, "median": 1162.79296875, "min": 150.732421875, "var": 6667631}, "spectral_skewness": {"dmean": 0.685277760029, "dmean2": 1.10557055473, "dvar": 0.642372906208, "dvar2": 1.86640882492, "max": 10.2152471542, "mean": 3.12113833427, "median": 2.73563599586, "min": 0.124607414007, "var": 3.60606145859}, "spectral_spread": {"dmean": 507987.4375, "dmean2": 742830.25, "dvar": 525954383872, "dvar2": 1079528980480.0, "max": 11851205, "mean": 3371654.5, "median": 2500468.5, "min": 437435.65625, "var": 6063871492100.0}, "spectral_strongpeak": {"dmean": 0.987985014915, "dmean2": 1.72735571861, "dvar": 6.31696081161, "dvar2": 18.1949501038, "max": 25.9277229309, "mean": 1.96650874615, "median": 1.09193110466, "min": 0, "var": 9.34876441956}, "zerocrossingrate": {"dmean": 0.00893741752952, "dmean2": 0.0111394608393, "dvar": 0.000218638277147, "dvar2": 0.000303287059069, "max": 0.494140625, "mean": 0.0706631615758, "median": 0.0458984375, "min": 0.013671875, "var": 0.00497437501326}, "barkbands": {"dmean": [3.59842997568e-05, 0.000397361582145, 0.000277901563095, 0.000469642516691, 0.000797813059762, 0.000448411999969, 0.000315358949592, 0.000457368849311, 0.000479922338855, 0.00112288200762, 0.000521135050803, 0.000453436630778, 0.000207630495424, 0.000210458412766, 0.000413598900195, 9.20268357731e-05, 2.66112128884e-05, 5.99150625931e-05, 4.40295116277e-05, 7.87325116107e-05, 7.99284680397e-05, 9.21207902138e-05, 0.000109912129119, 0.000153636428877, 0.000111540939542, 3.21978332067e-05, 1.10313649202e-05], "dmean2": [5.92221840634e-05, 0.000693243753631, 0.000448324339231, 0.00079586787615, 0.00121167243924, 0.000657472293824, 0.000488104007673, 0.000701932644006, 0.000814213766716, 0.00187443976756, 0.000903850828763, 0.000779849418905, 0.000358962104656, 0.000330342794769, 0.000596717291046, 0.000137590017403, 4.2934796511e-05, 8.47426854307e-05, 5.92555661569e-05, 0.000113001995487, 0.000114330541692, 0.000131454013172, 0.000178168978891, 0.000264810485533, 0.000189048936591, 5.5991436966e-05, 1.85400094779e-05], "dvar": [1.62539457449e-08, 2.60731167145e-06, 7.40731877613e-07, 2.67193854597e-06, 3.0190653888e-06, 2.01081593332e-06, 8.31726481465e-07, 1.39763221796e-06, 6.24087704182e-07, 3.97074290959e-06, 4.89592082431e-07, 7.62708225466e-07, 1.47744600554e-07, 4.60645253497e-07, 2.55633972301e-06, 1.65419152154e-07, 6.93707047361e-09, 1.95217744192e-08, 1.2365115154e-08, 6.86697347874e-08, 5.90784985377e-08, 1.08575186175e-07, 7.90789442817e-08, 1.93697275108e-07, 1.87770766047e-07, 2.10727382211e-08, 3.07068903638e-09], "dvar2": [4.71215990672e-08, 6.61344665787e-06, 1.81362315743e-06, 8.21183039079e-06, 6.89952958055e-06, 5.18216984347e-06, 2.02990463549e-06, 2.80413632936e-06, 1.66147049185e-06, 1.05668341348e-05, 1.34663321205e-06, 2.04206116905e-06, 4.14587077557e-07, 1.01058674318e-06, 5.33459979124e-06, 3.4242961533e-07, 1.42876102061e-08, 4.50297044097e-08, 2.37608759335e-08, 1.52103865503e-07, 1.01988923973e-07, 1.97783521116e-07, 2.02461691856e-07, 5.74401894937e-07, 5.39447000847e-07, 6.1217782843e-08, 7.94847831997e-09], "max": [0.0011755010346, 0.0425750464201, 0.0164726059884, 0.0184054132551, 0.0333171635866, 0.0326738581061, 0.0165040288121, 0.0234553702176, 0.0115955425426, 0.0345815569162, 0.00660771550611, 0.0184967927635, 0.00446657510474, 0.011447337456, 0.0321629270911, 0.00959121622145, 0.00162525568157, 0.00192866078578, 0.00194797909353, 0.00590686826035, 0.00540695339441, 0.00551635120064, 0.00308486120775, 0.00491208210588, 0.00535823265091, 0.00246373168193, 0.000944931583945], "mean": [3.97128787881e-05, 0.000553090590984, 0.000894543831237, 0.00102417252492, 0.00359786092304, 0.00291507295333, 0.00183892413042, 0.00252082385123, 0.00129433791153, 0.00286928145215, 0.000980488839559, 0.0011324940715, 0.000438776420197, 0.000611990573816, 0.00124611379579, 0.00020994868828, 4.94589512527e-05, 0.000114831200335, 6.98531948728e-05, 0.000125186124933, 0.00018319163064, 0.000133959707455, 0.000129597246996, 0.000181679264642, 0.000134425514261, 4.0525716031e-05, 1.25890546769e-05], "median": [2.84842922582e-08, 2.09606832868e-06, 4.91189075547e-06, 7.21929245628e-06, 0.000861755514052, 0.000351812806912, 0.000277677347185, 0.000655048410408, 0.000624513020739, 0.00158450391609, 0.000643563515041, 0.000400018994696, 0.000203742645681, 0.000103766549728, 0.000107110019599, 3.98897973355e-05, 8.36102481117e-06, 2.37999047386e-05, 1.14348158604e-05, 1.98768357222e-05, 6.57227064949e-06, 4.65304947284e-06, 2.99924454339e-06, 2.44155512519e-06, 1.78126992978e-06, 2.97688302453e-07, 1.33313719175e-07], "min": [1.61530434152e-19, 2.43668409153e-19, 1.6110513407e-19, 1.62162361366e-19, 4.02887261234e-19, 4.0410727509e-19, 4.03428650945e-19, 4.03935273221e-19, 5.64429999698e-19, 5.66688668059e-19, 5.65066721975e-19, 7.26753648359e-19, 8.05727631668e-19, 8.89234874926e-19, 1.04987479745e-18, 1.21243016008e-18, 1.37229439398e-18, 1.69696516256e-18, 2.09902188276e-18, 2.58491004932e-18, 3.3909909388e-18, 4.11841398307e-18, 4.92676755129e-18, 6.7034729249e-18, 9.36805287492e-18, 1.31613724695e-17, 1.87363522497e-17], "var": [1.87279951547e-08, 4.81001598018e-06, 4.576932497e-06, 6.31131570117e-06, 2.96037687804e-05, 2.9162312785e-05, 7.09627147444e-06, 1.51615886352e-05, 2.85934106614e-06, 1.37525194077e-05, 1.08831318357e-06, 4.32040042142e-06, 3.61278978289e-07, 1.75794912138e-06, 8.50142077979e-06, 5.33104298484e-07, 1.57274264723e-08, 4.96124705762e-08, 2.77001941384e-08, 1.11672655123e-07, 3.49024077195e-07, 2.48013975579e-07, 9.55848094009e-08, 2.4060076953e-07, 2.40250045636e-07, 2.39454980289e-08, 3.19724313691e-09]}, "erbbands": {"dmean": [0.0156172122806, 0.0859798416495, 0.264859944582, 1.06753790379, 2.00047063828, 2.7133128643, 4.95921945572, 2.54849815369, 2.99490380287, 8.31016731262, 9.11536979675, 8.81823348999, 35.7355461121, 21.3751926422, 23.4799728394, 13.1343889236, 9.29917240143, 12.3956069946, 16.4773292542, 16.3928909302, 3.61913704872, 1.6232779026, 2.47917056084, 2.64618873596, 3.01435661316, 3.87011241913, 4.38900470734, 1.75117409229, 2.02320432663, 4.86382818222, 3.19189882278, 3.06784701347, 2.41644859314, 1.29142260551, 0.794221401215, 0.185690447688, 0.0661245286465, 0.0190375689417, 0.00112958066165, 3.98126067012e-05], "dmean2": [0.0267256051302, 0.142948538065, 0.431515932083, 1.81874346733, 2.98706459999, 4.22628259659, 7.27886819839, 3.89084982872, 4.67306089401, 12.965593338, 14.1150445938, 14.7147493362, 60.7010421753, 36.585144043, 41.1965370178, 22.1998081207, 15.7941923141, 19.395318985, 24.312789917, 24.117893219, 5.29039573669, 2.53752708435, 3.44713616371, 3.69134116173, 4.21512985229, 5.50626039505, 6.03917169571, 2.66399073601, 3.29747390747, 6.76573848724, 5.10194921494, 5.2272810936, 4.12725400925, 2.1795976162, 1.31372797489, 0.309980750084, 0.114784143865, 0.0328653156757, 0.00191420468036, 6.81281962898e-05], "dvar": [0.00330992764793, 0.135850682855, 0.85063123703, 11.9878063202, 39.858757019, 37.4297103882, 156.666320801, 81.3142929077, 109.214065552, 385.193847656, 622.588745117, 216.38104248, 4976.82275391, 1439.64147949, 1105.53686523, 579.629272461, 311.551239014, 1471.13110352, 5124.39648438, 7871.95556641, 221.374511719, 26.0105895996, 30.5428009033, 51.3392028809, 55.5396957397, 222.244781494, 206.925628662, 17.9470996857, 33.6073532104, 374.379669189, 65.424118042, 72.8311080933, 77.6696548462, 20.3865451813, 11.8734970093, 0.509477496147, 0.115675769746, 0.00929576996714, 2.5476088922e-05, 2.90465784758e-08], "dvar2": [0.00939338374883, 0.318033128977, 1.8733073473, 39.8195343018, 87.4556121826, 99.1876525879, 380.54284668, 195.986221313, 287.437072754, 796.825439453, 1292.42602539, 515.949707031, 13045.3339844, 3699.94702148, 3145.97949219, 1424.86108398, 870.669921875, 3247.65258789, 10986.9746094, 16290.8740234, 445.610870361, 52.0732879639, 64.6604309082, 116.022483826, 106.263961792, 489.857025146, 336.435760498, 39.0598526001, 86.2297515869, 672.035461426, 166.00630188, 208.268157959, 218.038619995, 55.7095832825, 33.8625221252, 1.37472975254, 0.317688077688, 0.0251405239105, 6.71840098221e-05, 7.6408547045e-08], "max": [1.19128501415, 11.9626302719, 25.6703681946, 39.4736366272, 92.900390625, 104.12638092, 295.609375, 248.904632568, 217.430587769, 360.90335083, 621.693664551, 323.199035645, 1361.38208008, 502.439575195, 494.729095459, 404.27532959, 219.483337402, 602.560668945, 1966.46569824, 1803.52124023, 306.430786133, 118.520576477, 68.711517334, 127.0470047, 127.915412903, 365.183288574, 316.035766602, 72.9411239624, 80.9731216431, 322.984069824, 77.8293075562, 79.1462860107, 138.98664856, 56.2843513489, 46.4848442078, 10.0275831223, 6.12914276123, 1.66289651394, 0.0938737988472, 0.0028190894518], "mean": [0.0170349925756, 0.13261719048, 0.824913203716, 2.59635782242, 5.40004682541, 13.2033205032, 27.7084178925, 17.996088028, 17.4214916229, 48.1195640564, 49.6164588928, 31.4913806915, 84.1382217407, 59.4416046143, 50.796585083, 39.3784790039, 22.3020496368, 37.5158195496, 48.8818016052, 50.0378723145, 9.31132507324, 3.48212814331, 4.99818754196, 4.59107351303, 4.88454008102, 6.41615486145, 9.86385345459, 3.3084359169, 2.92501664162, 6.74719524384, 3.68798947334, 3.44500994682, 2.95210886002, 1.52142620087, 0.933858513832, 0.251679450274, 0.0745611712337, 0.0235706828535, 0.00139687024057, 7.21064498066e-05], "median": [0.00019147968851, 0.00218815449625, 0.00736607797444, 0.0540620870888, 0.445494711399, 2.78028416634, 3.51373147964, 3.17618107796, 5.55579566956, 11.3605117798, 19.796957016, 18.3850231171, 42.0887413025, 28.090177536, 32.4574775696, 16.9803791046, 12.951713562, 9.07592010498, 7.14155483246, 4.94093990326, 1.91794204712, 0.963685572147, 1.08622086048, 0.924948096275, 0.869494974613, 1.04566383362, 0.494232624769, 0.190036252141, 0.170109480619, 0.124638549984, 0.0830540582538, 0.0665459111333, 0.0329991541803, 0.0269743073732, 0.00941068679094, 0.00180918804836, 0.000478405680042, 0.000130019136122, 3.87477775803e-05, 4.02417208534e-05], "min": [8.83854478632e-18, 4.94596368362e-17, 1.6494378461e-16, 4.02974601167e-16, 8.11777159589e-16, 1.44882243359e-15, 2.36140757827e-15, 3.59687755315e-15, 5.17719708724e-15, 7.19479187464e-15, 9.68012206715e-15, 1.26394070042e-14, 1.61751613893e-14, 2.03063020094e-14, 2.5088917692e-14, 3.05426426609e-14, 3.67189392498e-14, 4.36777214874e-14, 5.14268566154e-14, 5.9934926488e-14, 6.92201694184e-14, 7.91974789243e-14, 8.97349008251e-14, 1.00630529571e-13, 1.11556170389e-13, 1.22062841605e-13, 1.31580889847e-13, 1.39302076276e-13, 1.44241105063e-13, 1.45367292964e-13, 1.41636214476e-13, 1.32185928869e-13, 1.16710433635e-13, 9.58465552476e-14, 7.1456024691e-14, 4.66509799269e-14, 2.52126421005e-14, 1.02389994879e-14, 2.59410086965e-15, 2.75881913173e-16], "var": [0.00458323769271, 0.258275955915, 4.34712219238, 29.7072067261, 139.607894897, 399.066253662, 1937.5123291, 1444.57507324, 792.725097656, 4367.68847656, 6243.23681641, 1702.60644531, 15583.1416016, 6516.57666016, 3584.8215332, 3464.50097656, 778.907531738, 5659.59912109, 16899.234375, 24135.1542969, 662.91998291, 63.4916343689, 88.1812820435, 114.024154663, 121.904922485, 326.868865967, 1018.01403809, 68.6480941772, 48.6618881226, 799.182434082, 75.7868881226, 80.065612793, 90.9307250977, 26.1340827942, 15.0904531479, 0.806491076946, 0.113315694034, 0.0116367554292, 2.86384856736e-05, 2.75591656163e-08]}, "gfcc": {"mean": [-121.56061554, 97.8064880371, -158.288345337, -39.886882782, -68.2840423584, 8.50278759003, -32.3190803528, -5.61610651016, -24.9224891663, -7.49258708954, -13.0830535889, -10.0948505402, -3.35498404503], "cov": [[36963.6679688, -4200.64648438, 1601.41015625, 4321.15771484, -4853.44482422, -1823.90881348, -2134.88500977, -472.372680664, -1164.47387695, 260.008636475, -429.301025391, -623.513183594, -307.342132568], [-4200.64648438, 9465.85742188, 1039.57006836, 700.322570801, 3100.0690918, -419.818267822, 289.93536377, -435.659393311, 310.01852417, -827.065979004, 424.950744629, -530.850830078, 188.027191162], [1601.41015625, 1039.57006836, 1008.03442383, 822.622436523, 393.514587402, 186.376113892, 87.0458908081, -23.086938858, -23.8007602692, -82.7056350708, -12.2724180222, -131.814041138, -109.629005432], [4321.15771484, 700.322570801, 822.622436523, 1514.47375488, 72.4395980835, 108.178359985, -74.2885131836, -19.3949222565, -38.912109375, -84.053024292, -3.06996798515, -210.853820801, -43.6460723877], [-4853.44482422, 3100.0690918, 393.514587402, 72.4395980835, 2107.09106445, 592.643615723, 589.733703613, 82.9902038574, 310.553741455, -219.545349121, 87.6817855835, -94.7846984863, 83.3359909058], [-1823.90881348, -419.818267822, 186.376113892, 108.178359985, 592.643615723, 889.832092285, 491.127563477, 224.654602051, 198.230514526, 79.9026489258, -46.5792922974, 84.9673309326, -75.9945602417], [-2134.88500977, 289.93536377, 87.0458908081, -74.2885131836, 589.733703613, 491.127563477, 517.386291504, 184.252288818, 159.944259644, 15.5565271378, 36.6963844299, 48.5004806519, -37.7867050171], [-472.372680664, -435.659393311, -23.086938858, -19.3949222565, 82.9902038574, 224.654602051, 184.252288818, 266.288360596, 94.3470306396, 114.083885193, 40.2698020935, 61.2760314941, -9.24905776978], [-1164.47387695, 310.01852417, -23.8007602692, -38.912109375, 310.553741455, 198.230514526, 159.944259644, 94.3470306396, 224.539138794, 22.4156398773, 68.3870010376, 62.8719177246, -2.61549282074], [260.008636475, -827.065979004, -82.7056350708, -84.053024292, -219.545349121, 79.9026489258, 15.5565271378, 114.083885193, 22.4156398773, 193.842834473, 3.37665343285, 69.414352417, -0.190235704184], [-429.301025391, 424.950744629, -12.2724180222, -3.06996798515, 87.6817855835, -46.5792922974, 36.6963844299, 40.2698020935, 68.3870010376, 3.37665343285, 138.338790894, 19.2885227203, 16.7543067932], [-623.513183594, -530.850830078, -131.814041138, -210.853820801, -94.7846984863, 84.9673309326, 48.5004806519, 61.2760314941, 62.8719177246, 69.414352417, 19.2885227203, 160.917999268, 8.13117790222], [-307.342132568, 188.027191162, -109.629005432, -43.6460723877, 83.3359909058, -75.9945602417, -37.7867050171, -9.24905776978, -2.61549282074, -0.190235704184, 16.7543067932, 8.13117790222, 143.772399902]], "icov": [[9.58079326665e-05, -4.30349027738e-05, 2.3740094548e-05, -0.00028969955747, 0.000201028597075, 8.03136354079e-05, 6.24537424301e-05, -7.08289444447e-05, 8.97676000022e-05, -0.000199111294933, 0.000282149179839, -3.47691493516e-05, 9.9487893749e-05], [-4.30349027738e-05, 0.000842178589664, -0.000429987499956, 0.000140854273923, -0.00113879982382, 0.00089970784029, -0.000196056018467, 0.000761546310969, -0.000702106452081, 0.00116942625027, -0.0017023034161, 0.00105203036219, -0.000217749096919], [2.3740094548e-05, -0.000429987499956, 0.00280072074383, -0.00151024130173, -0.000251340097748, -0.00023272864928, -7.85743832239e-05, 1.71222745848e-05, 0.00162150233518, -0.00124087289441, 0.000842684006784, -0.00133462972008, 0.00229847431183], [-0.00028969955747, 0.000140854273923, -0.00151024130173, 0.00263914675452, -8.39947733766e-06, -0.00107112387195, 0.000541719491594, -0.000249783071922, -0.00102391000837, 0.00141580740456, -0.00146636215504, 0.00209923204966, -0.00155349215493], [0.000201028597075, -0.00113879982382, -0.000251340097748, -8.39947733766e-06, 0.00335848191753, -0.00169640395325, -0.000477544992464, -0.000992707209662, -0.000579807092436, -0.000204497715458, 0.0022552034352, 0.000326443376252, -0.00159996887669], [8.03136354079e-05, 0.00089970784029, -0.00023272864928, -0.00107112387195, -0.00169640395325, 0.00514908926561, -0.0028139417991, 0.00038424617378, -0.00161823316012, -0.000440669333329, 0.00164496444631, -0.00077188963769, 0.0013044817606], [6.24537424301e-05, -0.000196056018467, -7.85743832239e-05, 0.000541719491594, -0.000477544992464, -0.0028139417991, 0.00642031151801, -0.00239966996014, 0.000592311727814, 0.000763974501751, -0.00127352774143, -3.38856079907e-05, 0.000979017582722], [-7.08289444447e-05, 0.000761546310969, 1.71222745848e-05, -0.000249783071922, -0.000992707209662, 0.00038424617378, -0.00239966996014, 0.0084784636274, -0.00129044044297, -0.00290852691978, -0.00300476653501, 0.000762641546316, -0.000237186541199], [8.97676000022e-05, -0.000702106452081, 0.00162150233518, -0.00102391000837, -0.000579807092436, -0.00161823316012, 0.000592311727814, -0.00129044044297, 0.0102772163227, -0.00176623277366, -0.00211840495467, -0.00426983926445, 0.00226205983199], [-0.000199111294933, 0.00116942625027, -0.00124087289441, 0.00141580740456, -0.000204497715458, -0.000440669333329, 0.000763974501751, -0.00290852691978, -0.00176623277366, 0.012038837187, -0.00292863487266, 0.000878571067005, -0.00229672668502], [0.000282149179839, -0.0017023034161, 0.000842684006784, -0.00146636215504, 0.0022552034352, 0.00164496444631, -0.00127352774143, -0.00300476653501, -0.00211840495467, -0.00292863487266, 0.0152699323371, -0.00352728040889, 0.000438737712102], [-3.47691493516e-05, 0.00105203036219, -0.00133462972008, 0.00209923204966, 0.000326443376252, -0.00077188963769, -3.38856079907e-05, 0.000762641546316, -0.00426983926445, 0.000878571067005, -0.00352728040889, 0.0133812930435, -0.00280990637839], [9.9487893749e-05, -0.000217749096919, 0.00229847431183, -0.00155349215493, -0.00159996887669, 0.0013044817606, 0.000979017582722, -0.000237186541199, 0.00226205983199, -0.00229672668502, 0.000438737712102, -0.00280990637839, 0.0107387816533]]}, "melbands": {"dmean": [0.000119495089166, 0.000125107486383, 0.000199751273612, 0.000158809416462, 0.000168106256751, 6.33338859188e-05, 4.88434488943e-05, 9.49961104197e-05, 7.25966892787e-05, 6.31472066743e-05, 0.000180585717317, 9.181691712e-05, 7.62834897614e-05, 6.11389841652e-05, 2.30212008319e-05, 1.91016824829e-05, 2.43230279011e-05, 2.49105487455e-05, 2.1758267394e-05, 1.61112129717e-05, 2.69133192887e-06, 1.37679467116e-06, 2.75074035017e-06, 2.52105542131e-06, 2.16492594518e-06, 1.93888945432e-06, 2.69954398391e-06, 2.48152355198e-06, 3.40453493664e-06, 1.98723455469e-06, 9.02601584585e-07, 1.02257638446e-06, 1.88183275895e-06, 2.83265080725e-06, 2.05463697966e-06, 1.56669034368e-06, 2.14799365494e-06, 1.75975151251e-06, 1.62953278959e-06, 1.22109963741e-06], "dmean2": [0.000206858487218, 0.000199717775104, 0.000328658963554, 0.000237244079472, 0.000250073178904, 9.58454111242e-05, 7.5652365922e-05, 0.000147393307998, 0.000114557340567, 0.000105748913484, 0.000306370900944, 0.000156596070156, 0.000134431538754, 0.00010500632925, 3.9239115722e-05, 3.19330647471e-05, 3.80604651582e-05, 3.6961875594e-05, 3.18362581311e-05, 2.32935672102e-05, 4.1137759581e-06, 2.23197662308e-06, 3.97388703277e-06, 3.76224784304e-06, 3.13831014864e-06, 2.70738769359e-06, 3.95877123083e-06, 3.61309730579e-06, 4.66633173346e-06, 2.81389134216e-06, 1.52664301822e-06, 1.68723045135e-06, 2.88642172563e-06, 4.02323212256e-06, 3.33398611474e-06, 2.58961404143e-06, 3.70126576854e-06, 2.98923191622e-06, 2.77019034911e-06, 2.04445814234e-06], "dvar": [1.99466313688e-07, 2.01576710879e-07, 3.88332523471e-07, 1.33960213589e-07, 1.57650177357e-07, 4.73699763859e-08, 2.70869513486e-08, 4.69690561999e-08, 3.30420810712e-08, 1.07242135172e-08, 1.24102626842e-07, 2.77438729768e-08, 1.04095505549e-08, 1.33915829537e-08, 1.95819094273e-09, 1.5625962746e-09, 6.80112588469e-09, 1.14515028571e-08, 7.61139151706e-09, 7.01401647873e-09, 1.69634084557e-10, 2.98350059935e-11, 5.40186541331e-11, 3.63299737516e-11, 3.92544260985e-11, 2.83103523263e-11, 7.32879035237e-11, 9.16759862468e-11, 1.66673355673e-10, 4.97697820456e-11, 5.75196704503e-12, 8.45077480216e-12, 4.1542942697e-11, 1.17946194478e-10, 3.49785964082e-11, 1.77078213204e-11, 5.01358711491e-11, 5.07602293531e-11, 3.75618806892e-11, 2.85549604795e-11], "dvar2": [5.24328754636e-07, 4.43189861699e-07, 1.14641602522e-06, 2.91456103696e-07, 3.8987960238e-07, 1.18523828974e-07, 7.09390732823e-08, 9.56951922149e-08, 7.01051732221e-08, 2.7550836279e-08, 3.26258827954e-07, 7.03397518009e-08, 2.93167179422e-08, 3.56369973531e-08, 4.71040584316e-09, 3.73442476942e-09, 1.49904533231e-08, 2.44660345317e-08, 1.56790918027e-08, 1.45785064021e-08, 3.60489166296e-10, 5.9518737161e-11, 1.0644687215e-10, 8.81494807703e-11, 9.0401942876e-11, 5.33139990488e-11, 1.61692534362e-10, 2.02858951859e-10, 2.6509786033e-10, 8.12278994067e-11, 1.64337970315e-11, 2.20630961417e-11, 8.03608915523e-11, 2.22778795411e-10, 8.86726247984e-11, 4.55309713543e-11, 1.44954215298e-10, 1.38164382713e-10, 1.05303925302e-10, 7.24839147037e-11], "max": [0.0098714036867, 0.0155535964295, 0.00746861752123, 0.00747384177521, 0.00922552775592, 0.00576922809705, 0.0033819056116, 0.00415690336376, 0.00457404600456, 0.00174498476554, 0.00677700946108, 0.00220528873615, 0.00111230637413, 0.00254527432844, 0.000985988765024, 0.000737336697057, 0.00137254490983, 0.0029155171942, 0.00158415024634, 0.00163760280702, 0.000346292014001, 0.000143349068821, 0.000106413172034, 7.44289209251e-05, 0.000109366905235, 0.000121028424473, 0.000177100446308, 0.000219554203795, 0.000250352546573, 0.000133325549541, 3.6946075852e-05, 3.82303915103e-05, 0.000103240330645, 0.000169891485712, 5.82646862313e-05, 4.39056457253e-05, 8.48282506922e-05, 0.000126285478473, 8.55435573612e-05, 7.083111268e-05], "mean": [0.000153248009156, 0.000340395665262, 0.000501213071402, 0.000645519525278, 0.000920523889363, 0.000437018024968, 0.000285340996925, 0.000543629168533, 0.000372250477085, 0.000189881786355, 0.000420682452386, 0.000241042929702, 0.000153448068886, 0.000146756487084, 6.34542011539e-05, 4.42806995125e-05, 7.14574489393e-05, 7.0768983278e-05, 6.48597633699e-05, 4.68997604912e-05, 5.36606694368e-06, 2.63262086264e-06, 5.40998689758e-06, 4.36593609265e-06, 3.48442449649e-06, 3.05467870021e-06, 3.99339387513e-06, 3.87050886275e-06, 6.95507969795e-06, 3.9704059418e-06, 1.30237322082e-06, 1.32539298647e-06, 2.8184842904e-06, 3.69219151253e-06, 2.14550163946e-06, 1.83886493232e-06, 2.17532829083e-06, 2.0278600914e-06, 1.79027404101e-06, 1.2326503338e-06], "median": [4.5327115572e-07, 2.86499584945e-06, 8.86521138455e-06, 8.84373730514e-05, 0.000236370833591, 8.03240764071e-05, 6.97827636031e-05, 0.000135294438223, 0.000167167687323, 9.70760302152e-05, 0.000213187289773, 9.5926981885e-05, 0.000104012251541, 6.48658169666e-05, 2.77585459116e-05, 1.79049147846e-05, 1.10198379843e-05, 9.27742348722e-06, 7.40280893297e-06, 4.33878767581e-06, 1.35806271828e-06, 4.45223378165e-07, 7.89714249549e-07, 9.42926362768e-07, 5.3044999504e-07, 4.45373018465e-07, 5.69045653265e-07, 5.33413299308e-07, 2.97221816936e-07, 1.04847828197e-07, 7.75787185603e-08, 8.67328040499e-08, 7.94453001163e-08, 5.96031952682e-08, 4.34896207935e-08, 4.39458318624e-08, 3.44906396776e-08, 2.08222150633e-08, 2.01204386485e-08, 1.92969835666e-08], "min": [8.07851081848e-20, 8.07597951656e-20, 8.08159077379e-20, 8.07674336616e-20, 8.07471612742e-20, 8.08801951812e-20, 8.06699555963e-20, 8.06901892095e-20, 8.08166767574e-20, 8.07053434169e-20, 8.0735141306e-20, 8.07982461394e-20, 8.07557691225e-20, 8.07656565157e-20, 8.07620311382e-20, 8.07498431489e-20, 8.0739406456e-20, 8.07890760668e-20, 8.07529903126e-20, 8.07666969539e-20, 8.0763640263e-20, 8.07728620344e-20, 8.07477105739e-20, 8.07686033467e-20, 8.07721834878e-20, 8.07540630625e-20, 8.07639504557e-20, 8.07416359662e-20, 8.07468640062e-20, 8.07825103207e-20, 8.07601829065e-20, 8.07604284758e-20, 8.07513424137e-20, 8.0749881923e-20, 8.07585285453e-20, 8.07533328171e-20, 8.07676339944e-20, 8.07601893689e-20, 8.07594526611e-20, 8.07584445348e-20], "var": [3.6100016132e-07, 7.46098976379e-07, 1.08972483304e-06, 1.15896773423e-06, 1.87704017662e-06, 7.86198825153e-07, 1.96190015345e-07, 5.36534287221e-07, 3.19865421261e-07, 5.9279209097e-08, 3.85121325053e-07, 1.23986183098e-07, 2.65056918636e-08, 7.63733467579e-08, 1.21164465128e-08, 5.66894575726e-09, 2.56981316227e-08, 3.80228861729e-08, 2.47243931994e-08, 2.27631975491e-08, 3.11389775076e-10, 6.97878629885e-11, 1.35006464341e-10, 8.41669373086e-11, 7.83842921126e-11, 6.01706323655e-11, 1.26492996633e-10, 1.35380970323e-10, 5.96905525008e-10, 2.06812497683e-10, 8.09121779993e-12, 1.01153096316e-11, 9.71368194214e-11, 2.32216454399e-10, 3.47278178436e-11, 2.15025584144e-11, 4.54176522779e-11, 5.41232406115e-11, 3.95198769543e-11, 2.96666129163e-11]}, "mfcc": {"mean": [-741.797851562, 129.64831543, -30.5408382416, -40.2248725891, -27.4547233582, -5.7914352417, -3.90776348114, -8.00904655457, -7.93086338043, 0.0987073257565, -11.2837152481, -11.8533096313, -5.20601177216], "cov": [[18470.2011719, -37.4455871582, 411.880493164, 1160.1998291, -1043.43310547, -1524.88525391, -1319.28015137, -947.841003418, -881.096618652, -5.19899177551, -417.209747314, -202.202011108, -334.478851318], [-37.4455871582, 6624.2890625, 39.2236061096, 1215.52172852, 1223.62915039, -16.4575271606, 52.0114440918, -139.056732178, -376.079437256, -128.99961853, -234.298934937, -433.940734863, -46.7532653809], [411.880493164, 39.2236061096, 783.037475586, 497.776947021, 430.816101074, 392.077697754, 269.716461182, 251.129730225, 119.242591858, 123.00202179, 83.0741958618, 166.060379028, -10.9272966385], [1160.1998291, 1215.52172852, 497.776947021, 1029.22131348, 563.730651855, 59.3210906982, 102.108589172, 63.0544395447, -89.4137039185, 61.9388885498, -58.7151069641, -50.2832679749, -13.3974494934], [-1043.43310547, 1223.62915039, 430.816101074, 563.730651855, 956.128234863, 625.344421387, 436.367614746, 325.670837402, 226.617706299, 186.933349609, 51.4992637634, -12.2276334763, 15.4834070206], [-1524.88525391, -16.4575271606, 392.077697754, 59.3210906982, 625.344421387, 894.70526123, 527.096191406, 475.095367432, 403.175445557, 213.940490723, 153.195007324, 140.074325562, 13.0526103973], [-1319.28015137, 52.0114440918, 269.716461182, 102.108589172, 436.367614746, 527.096191406, 578.082702637, 370.178527832, 333.543457031, 166.022171021, 140.319564819, 117.940124512, 56.0087471008], [-947.841003418, -139.056732178, 251.129730225, 63.0544395447, 325.670837402, 475.095367432, 370.178527832, 466.062255859, 281.829803467, 178.768127441, 157.165130615, 160.012161255, 45.2980155945], [-881.096618652, -376.079437256, 119.242591858, -89.4137039185, 226.617706299, 403.175445557, 333.543457031, 281.829803467, 358.515075684, 162.952987671, 124.889518738, 115.515190125, 60.3928375244], [-5.19899177551, -128.99961853, 123.00202179, 61.9388885498, 186.933349609, 213.940490723, 166.022171021, 178.768127441, 162.952987671, 198.825363159, 98.5442047119, 86.821685791, 44.7989959717], [-417.209747314, -234.298934937, 83.0741958618, -58.7151069641, 51.4992637634, 153.195007324, 140.319564819, 157.165130615, 124.889518738, 98.5442047119, 191.518737793, 133.207870483, 27.896654129], [-202.202011108, -433.940734863, 166.060379028, -50.2832679749, -12.2276334763, 140.074325562, 117.940124512, 160.012161255, 115.515190125, 86.821685791, 133.207870483, 264.913909912, 46.396774292], [-334.478851318, -46.7532653809, -10.9272966385, -13.3974494934, 15.4834070206, 13.0526103973, 56.0087471008, 45.2980155945, 60.3928375244, 44.7989959717, 27.896654129, 46.396774292, 160.326599121]], "icov": [[0.000105161670945, -2.38775137404e-05, -0.000131489578052, -0.000179388502147, 0.000303836975945, -3.11473695547e-06, 0.000145352285472, 0.000110481880256, -6.78221913404e-05, -0.000458714814158, 0.000145073063322, 4.70468803542e-05, 0.000192260704353], [-2.38775137404e-05, 0.000345192063833, 0.000323059794027, -7.97271204647e-05, -0.000817182066385, 0.000199991627596, -0.000113117574074, -5.77464343223e-05, 0.00047938543139, 0.000440950097982, -0.000129603795358, -1.27179347942e-07, -9.65283979895e-05], [-0.000131489578052, 0.000323059794027, 0.00369796832092, -0.00168694730382, -0.000530166376848, -0.00139183213469, -0.000491547572892, 3.571184061e-05, 0.000912451883778, 0.000965954503044, -0.000187591300346, -0.00196362426504, 0.00024437851971], [-0.000179388502147, -7.97271204647e-05, -0.00168694730382, 0.00367366964929, -0.00272054923698, 0.00218549976125, -0.000429493695265, -0.000829689728562, 0.00106110947672, -2.23574133997e-05, 0.000564190733712, 0.000209911479033, -0.000288595969323], [0.000303836975945, -0.000817182066385, -0.000530166376848, -0.00272054923698, 0.00739922048524, -0.00378641160205, -0.000382121244911, 0.00086140591884, -0.000674691458698, -0.00318551249802, 0.000501134607475, 0.00176027184352, 0.000163555814652], [-3.11473695547e-06, 0.000199991627596, -0.00139183213469, 0.00218549976125, -0.00378641160205, 0.00639361562207, -0.000627619097941, -0.00217383238487, -0.00188849878032, 0.000523001770489, 0.000584034947678, -0.000228117336519, 0.00134780118242], [0.000145352285472, -0.000113117574074, -0.000491547572892, -0.000429493695265, -0.000382121244911, -0.000627619097941, 0.00597043149173, -0.0012582114432, -0.00339691177942, 0.000649168679956, -0.000731645675842, 0.000255525839748, -0.000289834133582], [0.000110481880256, -5.77464343223e-05, 3.571184061e-05, -0.000829689728562, 0.00086140591884, -0.00217383238487, -0.0012582114432, 0.00708674732596, -0.00094321987126, -0.00174079160206, -0.0011796655599, -0.00115674338304, 5.95521196374e-05], [-6.78221913404e-05, 0.00047938543139, 0.000912451883778, 0.00106110947672, -0.000674691458698, -0.00188849878032, -0.00339691177942, -0.00094321987126, 0.01124801673, -0.00296378671192, -0.000135948081152, -0.000188245176105, -0.0015094493283], [-0.000458714814158, 0.000440950097982, 0.000965954503044, -2.23574133997e-05, -0.00318551249802, 0.000523001770489, 0.000649168679956, -0.00174079160206, -0.00296378671192, 0.013104124926, -0.00344542134553, -0.000828754331451, -0.00194016715977], [0.000145073063322, -0.000129603795358, -0.000187591300346, 0.000564190733712, 0.000501134607475, 0.000584034947678, -0.000731645675842, -0.0011796655599, -0.000135948081152, -0.00344542134553, 0.0106702754274, -0.00346814817749, 0.000953139213379], [4.70468803542e-05, -1.27179347942e-07, -0.00196362426504, 0.000209911479033, 0.00176027184352, -0.000228117336519, 0.000255525839748, -0.00115674338304, -0.000188245176105, -0.000828754331451, -0.00346814817749, 0.0082112532109, -0.00140235922299], [0.000192260704353, -9.65283979895e-05, 0.00024437851971, -0.000288595969323, 0.000163555814652, 0.00134780118242, -0.000289834133582, 5.95521196374e-05, -0.0015094493283, -0.00194016715977, 0.000953139213379, -0.00140235922299, 0.00791236106306]]}, "spectral_contrast_coeffs": {"dmean": [0.043738629669, 0.0387611575425, 0.0353918038309, 0.0259565711021, 0.0214321240783, 0.0196599755436], "dmean2": [0.0716350376606, 0.0641120225191, 0.060718845576, 0.0437038242817, 0.0336197428405, 0.0326172113419], "dvar": [0.00132356025279, 0.00118717213627, 0.000729152583517, 0.000507968361489, 0.000468674785225, 0.00045006207074], "dvar2": [0.00340349716134, 0.00317396991886, 0.00210092496127, 0.00136764207855, 0.00100942631252, 0.00119025527965], "max": [-0.191467270255, -0.396628975868, -0.551671206951, -0.563589155674, -0.545542418957, -0.645116686821], "mean": [-0.571621894836, -0.66561371088, -0.764831840992, -0.777295410633, -0.785659492016, -0.795435190201], "median": [-0.578938126564, -0.643230378628, -0.767009615898, -0.787760734558, -0.795571208, -0.796588420868], "min": [-0.954049348831, -0.995222449303, -0.996886253357, -0.986394524574, -0.988296866417, -0.957123637199], "var": [0.0361295156181, 0.0167903918773, 0.00474770320579, 0.00458303559572, 0.00338022713549, 0.00303952279501]}, "spectral_contrast_valleys": {"dmean": [0.523145079613, 0.347381263971, 0.25881332159, 0.244599863887, 0.276347160339, 0.357961952686], "dmean2": [0.83334851265, 0.575361847878, 0.434403955936, 0.402246892452, 0.408341497183, 0.502408504486], "dvar": [0.233707711101, 0.129515677691, 0.0747356712818, 0.076223872602, 0.145979374647, 0.271828949451], "dvar2": [0.542389810085, 0.286448776722, 0.123562797904, 0.131060153246, 0.239797309041, 0.476910561323], "max": [-6.00