{"lowlevel": {"average_loudness": 0.908490121365, "barkbands_crest": {"dmean": 3.27702450752, "dmean2": 5.32806825638, "dvar": 13.7107534409, "dvar2": 33.5265197754, "max": 26.6591644287, "mean": 13.1844148636, "median": 12.5342617035, "min": 2.6210694313, "var": 25.0335044861}, "barkbands_flatness_db": {"dmean": 0.062791839242, "dmean2": 0.088460020721, "dvar": 0.00438109133393, "dvar2": 0.00912301521748, "max": 0.637454748154, "mean": 0.268847078085, "median": 0.27394554019, "min": 0.0376712307334, "var": 0.0107300309464}, "barkbands_kurtosis": {"dmean": 11.1024742126, "dmean2": 17.5644245148, "dvar": 2559.80712891, "dvar2": 5816.54980469, "max": 1344.17358398, "mean": 12.0215110779, "median": 4.62298631668, "min": -1.90350854397, "var": 2461.54248047}, "barkbands_skewness": {"dmean": 1.05206012726, "dmean2": 1.61639034748, "dvar": 2.98326468468, "dvar2": 6.46306705475, "max": 33.9125404358, "mean": 1.98407840729, "median": 1.7991938591, "min": -10.8586406708, "var": 4.80335617065}, "barkbands_spread": {"dmean": 5.32371807098, "dmean2": 8.84538173676, "dvar": 66.584197998, "dvar2": 160.2578125, "max": 130.326828003, "mean": 12.4908094406, "median": 5.93939876556, "min": 0.105856008828, "var": 453.004974365}, "dissonance": {"dmean": 0.0516375303268, "dmean2": 0.0788377225399, "dvar": 0.00261544226669, "dvar2": 0.00607383484021, "max": 0.499999970198, "mean": 0.38289129734, "median": 0.392472505569, "min": 0.0518088825047, "var": 0.00652749231085}, "dynamic_complexity": 4.29400682449, "erbbands_crest": {"dmean": 3.49470043182, "dmean2": 5.56362342834, "dvar": 15.6098051071, "dvar2": 35.6352272034, "max": 32.8477478027, "mean": 11.4466609955, "median": 10.424779892, "min": 2.33239340782, "var": 30.2777061462}, "erbbands_flatness_db": {"dmean": 0.049716245383, "dmean2": 0.0662754997611, "dvar": 0.00243508303538, "dvar2": 0.00487392395735, "max": 0.594612181187, "mean": 0.241479471326, "median": 0.242739841342, "min": 0.0356390699744, "var": 0.00778939994052}, "erbbands_kurtosis": {"dmean": 3.21415758133, "dmean2": 5.38571834564, "dvar": 68.5693435669, "dvar2": 181.263595581, "max": 108.403182983, "mean": 2.37437987328, "median": 0.406183123589, "min": -1.91050291061, "var": 57.2757263184}, "erbbands_skewness": {"dmean": 0.657751619816, "dmean2": 1.03165233135, "dvar": 0.692158281803, "dvar2": 1.68389832973, "max": 7.23000335693, "mean": 0.468594789505, "median": 0.441376119852, "min": -6.83910226822, "var": 1.12986242771}, "erbbands_spread": {"dmean": 10.1983957291, "dmean2": 15.7374076843, "dvar": 182.288162231, "dvar2": 390.092071533, "max": 149.365386963, "mean": 24.8975715637, "median": 19.3141136169, "min": 0.381338119507, "var": 338.343109131}, "hfc": {"dmean": 9.13772678375, "dmean2": 15.6234197617, "dvar": 464.191040039, "dvar2": 1247.86865234, "max": 174.784927368, "mean": 10.149263382, "median": 3.84190893173, "min": 1.13676758135e-16, "var": 354.503143311}, "melbands_crest": {"dmean": 3.69640040398, "dmean2": 5.9964838028, "dvar": 16.5296630859, "dvar2": 39.5785255432, "max": 33.8628196716, "mean": 18.4746208191, "median": 18.4787826538, "min": 1.85627031326, "var": 33.6639976501}, "melbands_flatness_db": {"dmean": 0.0749244764447, "dmean2": 0.105001315475, "dvar": 0.00674977665767, "dvar2": 0.0140259740874, "max": 0.799429059029, "mean": 0.36118388176, "median": 0.370554417372, "min": 0.00460979575291, "var": 0.017856284976}, "melbands_kurtosis": {"dmean": 15.4002304077, "dmean2": 24.6297702789, "dvar": 1895.92797852, "dvar2": 4753.02246094, "max": 599.179260254, "mean": 18.904006958, "median": 8.12012290955, "min": -1.90993595123, "var": 1879.01025391}, "melbands_skewness": {"dmean": 1.14133179188, "dmean2": 1.74985980988, "dvar": 2.72712659836, "dvar2": 6.44763851166, "max": 17.3621788025, "mean": 2.67073750496, "median": 2.42723941803, "min": -6.774081707, "var": 4.65880537033}, "melbands_spread": {"dmean": 6.68917608261, "dmean2": 11.3029079437, "dvar": 146.59677124, "dvar2": 366.054748535, "max": 215.260559082, "mean": 15.5294981003, "median": 6.76229953766, "min": 0.263088703156, "var": 1055.77001953}, "pitch_salience": {"dmean": 0.0966897383332, "dmean2": 0.157443538308, "dvar": 0.0125813754275, "dvar2": 0.031679071486, "max": 0.898057579994, "mean": 0.476407557726, "median": 0.467813432217, "min": 0.0380899421871, "var": 0.0196819957346}, "silence_rate_20dB": {"dmean": 0, "dmean2": 0, "dvar": 0, "dvar2": 0, "max": 1, "mean": 1, "median": 1, "min": 1, "var": 0}, "silence_rate_30dB": {"dmean": 0.00240673893131, "dmean2": 0.00481463642791, "dvar": 0.00240090209991, "dvar2": 0.00719858845696, "max": 1, "mean": 0.99879693985, "median": 1, "min": 0, "var": 0.00120162055828}, "silence_rate_60dB": {"dmean": 0.070276774466, "dmean2": 0.140587389469, "dvar": 0.0653399452567, "dvar2": 0.140567049384, "max": 1, "mean": 0.160490855575, "median": 0, "min": 0, "var": 0.134732782841}, "spectral_centroid": {"dmean": 292.886627197, "dmean2": 470.743621826, "dvar": 251981.53125, "dvar2": 538681.3125, "max": 11147.8037109, "mean": 713.815673828, "median": 428.055297852, "min": 109.132865906, "var": 655133.0625}, "spectral_complexity": {"dmean": 4.51022863388, "dmean2": 7.38228225708, "dvar": 56.7652435303, "dvar2": 132.286270142, "max": 57, "mean": 8.62223339081, "median": 6, "min": 0, "var": 65.1529922485}, "spectral_decrease": {"dmean": 2.95824431618e-09, "dmean2": 4.65666305516e-09, "dvar": 2.26276844751e-17, "dvar2": 5.58892786503e-17, "max": 1.49800289283e-18, "mean": -5.59991963911e-09, "median": -3.50147955075e-09, "min": -4.1173237264e-08, "var": 3.39812677779e-17}, "spectral_energy": {"dmean": 0.0119236381724, "dmean2": 0.0188479050994, "dvar": 0.000379175093258, "dvar2": 0.0009452853119, "max": 0.166282072663, "mean": 0.0220558959991, "median": 0.0136864520609, "min": 1.04940009918e-20, "var": 0.0005408381694}, "spectral_energyband_high": {"dmean": 0.000193643820239, "dmean2": 0.000348271307303, "dvar": 3.55384827344e-07, "dvar2": 9.75836087491e-07, "max": 0.0051109502092, "mean": 0.000126978615299, "median": 4.1541252358e-06, "min": 7.59827350397e-21, "var": 2.25975540502e-07}, "spectral_energyband_low": {"dmean": 0.00475398730487, "dmean2": 0.00750053534284, "dvar": 7.41849580663e-05, "dvar2": 0.000178595015313, "max": 0.086990788579, "mean": 0.00882641132921, "median": 0.00436555035412, "min": 3.52846028645e-23, "var": 0.000127491774037}, "spectral_energyband_middle_high": {"dmean": 0.00410238048062, "dmean2": 0.0074091879651, "dvar": 0.000135694630444, "dvar2": 0.000374414783437, "max": 0.103462792933, "mean": 0.00330611062236, "median": 0.000550126074813, "min": 1.42804634627e-21, "var": 8.73919416335e-05}, "spectral_energyband_middle_low": {"dmean": 0.00535146472976, "dmean2": 0.00804040487856, "dvar": 0.000128367129946, "dvar2": 0.000307656329824, "max": 0.126444756985, "mean": 0.0113822221756, "median": 0.00654549431056, "min": 2.1932814606e-22, "var": 0.000225512922043}, "spectral_entropy": {"dmean": 0.575781524181, "dmean2": 0.790772438049, "dvar": 0.372360646725, "dvar2": 0.736459434032, "max": 9.80725002289, "mean": 6.45752906799, "median": 6.26477766037, "min": 3.30961537361, "var": 1.04555392265}, "spectral_flux": {"dmean": 0.0408972464502, "dmean2": 0.0638431683183, "dvar": 0.00286703696474, "dvar2": 0.00529859540984, "max": 0.3689699471, "mean": 0.0706995949149, "median": 0.0478594973683, "min": 1.0244022991e-10, "var": 0.00469244085252}, "spectral_kurtosis": {"dmean": 18.3674240112, "dmean2": 28.0732059479, "dvar": 776.838195801, "dvar2": 1753.54101562, "max": 478.010101318, "mean": 29.1106739044, "median": 15.4826402664, "min": -1.24253129959, "var": 1430.24230957}, "spectral_rms": {"dmean": 0.00113631447311, "dmean2": 0.00169935822487, "dvar": 2.49872414315e-06, "dvar2": 5.76133970753e-06, "max": 0.0127368131652, "mean": 0.00398128619418, "median": 0.00365412584506, "min": 3.19969528303e-12, "var": 5.66727294427e-06}, "spectral_rolloff": {"dmean": 346.599090576, "dmean2": 610.682922363, "dvar": 490528.25, "dvar2": 1148532.75, "max": 19444.4824219, "mean": 1234.06640625, "median": 473.73046875, "min": 64.599609375, "var": 10215791}, "spectral_skewness": {"dmean": 1.2596193552, "dmean2": 1.83652615547, "dvar": 1.81859755516, "dvar2": 3.85710549355, "max": 17.5464763641, "mean": 3.54104542732, "median": 3.11037373543, "min": -0.0375429205596, "var": 4.56175374985}, "spectral_spread": {"dmean": 1197131.625, "dmean2": 1643609.125, "dvar": 2236347580420.0, "dvar2": 3684623187970.0, "max": 41989024, "mean": 3505114.25, "median": 2615464.75, "min": 244524.21875, "var": 8492096684030.0}, "spectral_strongpeak": {"dmean": 0.37256988883, "dmean2": 0.631230056286, "dvar": 0.571145653725, "dvar2": 1.46706819534, "max": 6.44403362274, "mean": 0.719086587429, "median": 0.471789777279, "min": 0, "var": 0.812438726425}, "zerocrossingrate": {"dmean": 0.00840748660266, "dmean2": 0.0109938513488, "dvar": 0.000145143145346, "dvar2": 0.000194810592802, "max": 0.708984375, "mean": 0.0427785366774, "median": 0.02099609375, "min": 0.0029296875, "var": 0.00998765975237}, "barkbands": {"dmean": [0.000120607197459, 0.00287484447472, 0.00178421044257, 0.0013817861909, 0.00151552876923, 0.000672598660458, 0.0016111228615, 0.000666925858241, 0.00101780379191, 0.000464182812721, 0.00106322404463, 0.000866149435751, 0.000532714067958, 0.000486279750476, 0.000359806261258, 0.000261656998191, 0.000181027309736, 0.00012340246758, 0.000111004963401, 0.000100376986666, 4.51796477137e-05, 4.11467044614e-05, 2.49090826401e-05, 1.99793339561e-05, 1.83342090168e-05, 9.46597992879e-06, 2.4000621579e-06], "dmean2": [0.000199883070309, 0.00475043151528, 0.00279886322096, 0.00219392031431, 0.00245338701643, 0.00105523620732, 0.00227382639423, 0.00109381426591, 0.00172443140764, 0.000824793649372, 0.00197321968153, 0.00155828217976, 0.000984136015177, 0.000893613963854, 0.000661298283376, 0.000484072079416, 0.000329135946231, 0.000227219876251, 0.0002038677776, 0.000183736730833, 8.12867510831e-05, 7.60380280553e-05, 4.5097713155e-05, 3.61361999239e-05, 3.24194734276e-05, 1.67367088579e-05, 4.35797528553e-06], "dvar": [8.46071586125e-08, 3.80053497793e-05, 1.23852323668e-05, 7.57506995797e-06, 1.52153425006e-05, 3.43241413248e-06, 2.61554087047e-05, 1.00988163467e-05, 1.79465732799e-05, 1.01729619928e-05, 3.91206631321e-05, 1.95755401364e-05, 3.48689377461e-06, 2.49223512583e-06, 2.12182499126e-06, 8.28184795409e-07, 4.11209782669e-07, 1.71504467517e-07, 1.12483029113e-07, 8.96411620488e-08, 1.56009871688e-08, 1.25176899957e-08, 1.12962563747e-08, 5.71370595281e-09, 2.95826474428e-09, 1.3451291192e-09, 1.71691452722e-10], "dvar2": [2.20606793278e-07, 9.76973897195e-05, 2.84309098788e-05, 1.93508803932e-05, 4.1993742343e-05, 8.39028052724e-06, 4.80313356093e-05, 2.52303289017e-05, 4.80075941596e-05, 2.87059683615e-05, 0.000113036563562, 5.68142204429e-05, 9.9912749647e-06, 7.09572168489e-06, 5.98425003773e-06, 2.34316917158e-06, 1.11494978228e-06, 4.75541526157e-07, 3.0986626598e-07, 2.51055723766e-07, 4.31730136086e-08, 3.45308883709e-08, 3.1101723863e-08, 1.62340949572e-08, 8.21932832906e-09, 3.68800101569e-09, 4.84828621694e-10], "max": [0.00300118629821, 0.0663658827543, 0.0555821545422, 0.0405041612685, 0.0481641888618, 0.0324013084173, 0.0598588399589, 0.0652392730117, 0.0808256939054, 0.097789414227, 0.100783891976, 0.0681909546256, 0.0331657901406, 0.0152330072597, 0.0166376382113, 0.00966044515371, 0.00626501860097, 0.00499477982521, 0.00334510626271, 0.00246945559047, 0.00115467829164, 0.000981109216809, 0.00110674113967, 0.000824122689664, 0.000469478982268, 0.000345168693457, 0.000153185945237], "mean": [0.000111760666186, 0.00369872758165, 0.00352571951225, 0.00277582090348, 0.0030732282903, 0.000997599912807, 0.00221779779531, 0.000882619642653, 0.0012321206741, 0.000454471708508, 0.000768031284679, 0.000781783543061, 0.000363731465768, 0.000337953970302, 0.000231145924772, 0.000168404905708, 0.000119149728562, 8.00979905762e-05, 6.93798356224e-05, 6.20376304141e-05, 2.89388863166e-05, 2.51565179497e-05, 1.60256386152e-05, 1.30069893203e-05, 1.29139352794e-05, 6.75884439261e-06, 1.55888915288e-06], "median": [7.99762983661e-06, 0.000711955304723, 0.00105517124757, 0.00120724446606, 0.00100710778497, 0.000128438638058, 0.000248885859037, 0.000111123707029, 0.000194812979316, 5.85969537497e-05, 4.33029090345e-05, 4.30546497228e-05, 2.37181702687e-05, 2.28250937653e-05, 8.82082895259e-06, 7.24125266061e-06, 4.3533545977e-06, 2.9592492865e-06, 1.93917708202e-06, 1.41950795296e-06, 9.3084730679e-07, 5.40168286989e-07, 2.74471176454e-07, 2.90996410968e-07, 3.6413274529e-07, 7.19837558449e-08, 4.5631320944e-09], "min": [2.56660352578e-24, 9.83392900043e-24, 1.36878789762e-23, 2.14330920485e-23, 1.92287133344e-23, 5.39975983821e-23, 2.22929362357e-23, 3.26732208327e-23, 2.11787254273e-23, 3.79670454866e-23, 5.77791829916e-23, 5.89730577073e-23, 5.7263078633e-23, 8.21110359442e-23, 1.9432420886e-22, 1.71197457691e-22, 1.55967141075e-22, 1.35906597582e-22, 2.50352896881e-22, 3.17438511785e-22, 4.73449829071e-22, 4.87823859263e-22, 5.68985756698e-22, 6.84172424045e-22, 1.08163750465e-21, 1.69450594005e-21, 2.09716619352e-21], "var": [8.37494980033e-08, 4.06579383707e-05, 3.44936997863e-05, 1.59428618645e-05, 2.35405950662e-05, 7.59127851779e-06, 4.39414870925e-05, 1.27436769617e-05, 1.83930351341e-05, 6.36147160549e-06, 2.2417101718e-05, 1.21720240713e-05, 2.02645878744e-06, 1.49866821175e-06, 1.25421422581e-06, 4.85504074277e-07, 2.65198366378e-07, 1.05425442598e-07, 6.97123496707e-08, 5.360245936e-08, 9.7040375735e-09, 7.72570096785e-09, 7.05215175145e-09, 3.35707905919e-09, 1.90582882809e-09, 8.78755124223e-10, 1.01869353231e-10]}, "erbbands": {"dmean": [0.0558517836034, 0.754257678986, 2.1060154438, 3.2662332058, 4.74298286438, 5.28031587601, 5.24887752533, 5.64263916016, 18.0603179932, 19.6482696533, 19.3346843719, 20.0774307251, 20.2401180267, 22.7500362396, 37.7477493286, 34.6903419495, 24.1271877289, 26.7819213867, 20.4126091003, 14.9849023819, 15.4194030762, 10.0351028442, 6.99089002609, 5.97810411453, 5.73222780228, 4.46773433685, 2.51836109161, 1.49966418743, 1.73750662804, 0.875440716743, 0.708560109138, 0.572223484516, 0.241878882051, 0.176963075995, 0.143924027681, 0.0615996457636, 0.0128973135725, 0.00254287244752, 0.000497327768244, 2.70046730293e-05], "dmean2": [0.0910987257957, 1.25101006031, 3.37975144386, 5.07045030594, 7.51310825348, 8.7088470459, 8.75786876678, 8.41776180267, 24.7980155945, 29.4144306183, 31.5625610352, 34.1454696655, 35.191986084, 41.745388031, 69.0108947754, 62.8990516663, 44.1523323059, 49.2840080261, 37.6068611145, 27.6920566559, 28.4428272247, 18.2258205414, 12.7924203873, 10.9853801727, 10.4829130173, 8.18478298187, 4.59035015106, 2.67912626266, 3.22690939903, 1.59587562084, 1.27373337746, 1.03676128387, 0.43426412344, 0.312821686268, 0.255726844072, 0.109199948609, 0.0227858275175, 0.00449803145602, 0.00089539977489, 4.59723560198e-05], "dvar": [0.0134793817997, 2.7171766758, 17.2930202484, 36.1034584045, 103.026100159, 223.974029541, 263.215240479, 236.078903198, 3080.06811523, 4612.02685547, 6489.65332031, 7968.47753906, 9942.21777344, 15590.0146484, 29581.0566406, 29146.3691406, 7267.33300781, 8052.87158203, 5733.61181641, 3040.72631836, 2826.92456055, 1119.23010254, 543.037780762, 392.539123535, 271.087585449, 182.475631714, 41.7354164124, 20.2132034302, 20.5344257355, 13.007481575, 8.9341583252, 6.00480985641, 0.471330165863, 0.205472365022, 0.249922409654, 0.0554732792079, 0.0027056701947, 0.000119136246212, 7.4135664363e-06, 7.77771180793e-09], "dvar2": [0.0340962447226, 7.0507683754, 41.885723114, 86.9231414795, 260.934844971, 621.705627441, 736.053955078, 503.285827637, 4869.27441406, 10508.9951172, 15720.2587891, 21683.140625, 27871.8066406, 45046.4101562, 84926.3515625, 84340.046875, 20739.8789062, 22951.8457031, 16342.2451172, 8557.15917969, 7909.20947266, 3043.01782227, 1514.5625, 1081.66967773, 738.093139648, 511.721710205, 114.710426331, 56.3859100342, 57.0504341125, 36.5790100098, 24.3658370972, 16.9099025726, 1.32423269749, 0.578994691372, 0.694820463657, 0.15244141221, 0.00745664071292, 0.000334927783115, 2.0716815925e-05, 2.17037410266e-08], "max": [1.23805987835, 17.0116386414, 53.4971885681, 90.0542144775, 150.187652588, 194.451446533, 181.577331543, 370.589874268, 727.241760254, 1042.05517578, 1423.56091309, 1814.6986084, 2916.47216797, 1979.93371582, 2454.05053711, 2872.23168945, 1564.93103027, 831.983093262, 891.389953613, 602.649169922, 538.229003906, 345.233276367, 281.643981934, 198.100601196, 150.783279419, 113.167999268, 47.3338050842, 44.850189209, 37.5756568909, 41.0663757324, 30.6136302948, 26.8843955994, 6.54020929337, 4.33430814743, 5.22232818604, 2.48895478249, 0.501586794853, 0.116250537336, 0.0306184925139, 0.000961866462603], "mean": [0.0670485049486, 0.984660506248, 3.79137897491, 7.36298513412, 10.0324993134, 9.88275909424, 8.09668540955, 9.17956161499, 24.7855834961, 29.0388889313, 25.4764480591, 23.3907146454, 22.2553443909, 17.9308509827, 31.1682376862, 29.8055877686, 17.7722892761, 18.5644302368, 13.2432937622, 9.80206489563, 9.87841796875, 6.64322710037, 4.47651672363, 3.90889930725, 3.59620761871, 2.75886464119, 1.57286381721, 0.977548897266, 1.04384970665, 0.547344624996, 0.462061792612, 0.364488244057, 0.164302751422, 0.12562905252, 0.100503072143, 0.043493039906, 0.00926649197936, 0.00178333488293, 0.000332683557644, 3.40283295373e-05], "median": [0.012766786851, 0.197121605277, 1.09075248241, 3.57449579239, 4.34139823914, 2.19959831238, 1.03096389771, 1.44559109211, 3.08512687683, 3.82100915909, 3.04976415634, 3.86497068405, 3.40657424927, 2.77255034447, 2.58356165886, 1.97718679905, 1.53259563446, 1.19729697704, 0.786240756512, 0.50676804781, 0.404955208302, 0.267819941044, 0.194049656391, 0.128167629242, 0.0925216823816, 0.0645225048065, 0.0423029921949, 0.0316365212202, 0.0204027444124, 0.0119615895674, 0.00803366862237, 0.00609481427819, 0.00461938139051, 0.004030412063, 0.00255489302799, 0.000608933041804, 0.000102525213151, 1.42197950481e-05, 1.3233449863e-05, 1.72947766259e-05], "min": [4.90252137212e-22, 1.3122051137e-21, 1.03505311997e-20, 4.95006753602e-20, 3.81296722798e-20, 9.60424610457e-20, 1.62555349705e-19, 3.63495136856e-19, 3.82467687428e-19, 4.1086422917e-19, 7.24258354643e-19, 5.6942053543e-19, 9.52211030092e-19, 1.45057132253e-18, 2.13288107356e-18, 2.57920746617e-18, 2.90985988795e-18, 4.04361286746e-18, 4.11639235366e-18, 9.2117389002e-18, 8.58720264847e-18, 7.78870452366e-18, 7.79838915427e-18, 1.3965621154e-17, 1.08253482452e-17, 1.79431555254e-17, 1.9377827506e-17, 1.92871470041e-17, 1.63792531177e-17, 1.97148738271e-17, 1.59303157295e-17, 1.28038732806e-17, 1.24434409092e-17, 1.12829817832e-17, 8.41364774825e-18, 5.57708660913e-18, 3.20001851001e-18, 1.22978658068e-18, 2.97308926378e-19, 2.95859919202e-20], "var": [0.0148461833596, 2.84686589241, 35.0004119873, 95.2144546509, 211.876205444, 340.243713379, 335.732299805, 687.454223633, 5529.63671875, 8321.65527344, 10225.2099609, 6852.76416016, 6697.23632812, 8738.91015625, 18728.0390625, 17621.7441406, 4336.82373047, 4823.50585938, 3333.5090332, 1805.96044922, 1699.34741211, 719.296142578, 328.303405762, 244.703536987, 172.508712769, 108.756027222, 26.1531772614, 12.3739519119, 12.4383430481, 7.73198032379, 5.70044088364, 3.57086467743, 0.294680207968, 0.132995128632, 0.15756817162, 0.0359426364303, 0.00174393074121, 7.32047847123e-05, 4.50711195299e-06, 5.10279241084e-09]}, "gfcc": {"mean": [-166.716674805, 153.163223267, -93.0774917603, 2.7904279232, -39.2871589661, 5.7826128006, -25.5837574005, 0.517954468727, -21.6578083038, -4.96360349655, -15.1503810883, -13.5159292221, -11.0167589188], "cov": [[42444.5, 2824.57177734, -3459.21166992, 1351.00354004, -1671.61633301, 674.055114746, -1067.86547852, 84.508430481, -927.991882324, -94.9377746582, -478.276641846, -78.7338943481, -107.141517639], [2824.57177734, 5596.13183594, -399.311737061, -905.028137207, 679.346984863, -805.304077148, 354.723510742, -539.182189941, 436.18359375, -537.852600098, 190.033889771, -463.619598389, 145.939086914], [-3459.21166992, -399.311737061, 1566.52172852, 100.434608459, 117.783866882, 237.450515747, 75.0210342407, 160.64956665, 98.422668457, 225.323501587, 37.4393539429, 91.1660919189, -23.6239681244], [1351.00354004, -905.028137207, 100.434608459, 995.020202637, -93.2455673218, 318.623748779, 58.0816268921, 225.919815063, 4.62128639221, 145.722763062, 28.8124523163, 55.9421730042, 74.8516921997], [-1671.61633301, 679.346984863, 117.783866882, -93.2455673218, 544.606628418, -30.2442398071, 173.525772095, -64.0070724487, 149.253494263, -49.361240387, 71.1069335938, -44.7764625549, 25.9120063782], [674.055114746, -805.304077148, 237.450515747, 318.623748779, -30.2442398071, 446.90612793, 7.02292871475, 143.003158569, -87.0383300781, 164.007446289, -3.96281456947, 93.1784973145, -5.45545625687], [-1067.86547852, 354.723510742, 75.0210342407, 58.0816268921, 173.525772095, 7.02292871475, 280.850097656, 11.3715353012, 80.0765228271, -58.556968689, 86.6335372925, -22.1963500977, 50.0538024902], [84.508430481, -539.182189941, 160.64956665, 225.919815063, -64.0070724487, 143.003158569, 11.3715353012, 218.094406128, 7.16404294968, 78.0474700928, -21.8394393921, 62.5341758728, -5.61219882965], [-927.991882324, 436.18359375, 98.422668457, 4.62128639221, 149.253494263, -87.0383300781, 80.0765228271, 7.16404294968, 219.346664429, 26.5831069946, 55.1867294312, -59.7411270142, 23.7774047852], [-94.9377746582, -537.852600098, 225.323501587, 145.722763062, -49.361240387, 164.007446289, -58.556968689, 78.0474700928, 26.5831069946, 235.947296143, 48.7962493896, 61.1251602173, -34.274772644], [-478.276641846, 190.033889771, 37.4393539429, 28.8124523163, 71.1069335938, -3.96281456947, 86.6335372925, -21.8394393921, 55.1867294312, 48.7962493896, 147.916412354, 35.7415046692, 31.1780261993], [-78.7338943481, -463.619598389, 91.1660919189, 55.9421730042, -44.7764625549, 93.1784973145, -22.1963500977, 62.5341758728, -59.7411270142, 61.1251602173, 35.7415046692, 151.617126465, 34.5809631348], [-107.141517639, 145.939086914, -23.6239681244, 74.8516921997, 25.9120063782, -5.45545625687, 50.0538024902, -5.61219882965, 23.7774047852, -34.274772644, 31.1780261993, 34.5809631348, 136.173049927]], "icov": [[0.000103513251815, -0.000296627782518, 0.00024486304028, -0.000271472497843, 0.000262656540144, -0.000295111181913, 0.000216345986701, -0.000112233217806, 0.000291198375635, -0.000295643665595, 0.000471066014143, -0.000518981658388, 0.000343776890077], [-0.000296627782518, 0.0013651989866, -0.000762986543123, 0.00105297053233, -0.000930135196541, 0.000861434324179, -0.000392583955545, 0.000499760499224, -0.00123149028514, 0.00171007250901, -0.00239958544262, 0.00276499451138, -0.00153855723329], [0.00024486304028, -0.000762986543123, 0.00144863198511, -0.000522147340234, 0.000507852120791, -0.000883358996361, 4.21948971052e-05, -0.000492132967338, 0.000360304053174, -0.00159759051166, 0.00177246122621, -0.00183680537157, 0.000976482173428], [-0.000271472497843, 0.00105297053233, -0.000522147340234, 0.00264595379122, -0.000567053852137, -0.000117939300253, -0.000514993036631, -0.0012020971626, -0.00080612214515, 0.000751347397454, -0.00241341558285, 0.00328225130215, -0.00259524141438], [0.000262656540144, -0.000930135196541, 0.000507852120791, -0.000567053852137, 0.00382093619555, -0.00185331562534, -0.000658731907606, 0.00109968683682, -0.00168600853067, 0.000216267275391, 0.00150249374565, -0.00259195803665, 0.00175248226151], [-0.000295111181913, 0.000861434324179, -0.000883358996361, -0.000117939300253, -0.00185331562534, 0.00656238570809, -0.00223746197298, -0.000981141347438, 0.00303794746287, -0.00347506324761, 0.000445871526608, 0.00143717089668, -0.00171845080331], [0.000216345986701, -0.000392583955545, 4.21948971052e-05, -0.000514993036631, -0.000658731907606, -0.00223746197298, 0.00845340639353, -0.00239380728453, -0.000345355307218, 0.00438828300685, -0.00546662323177, 0.00194916815963, -0.000367367814761], [-0.000112233217806, 0.000499760499224, -0.000492132967338, -0.0012020971626, 0.00109968683682, -0.000981141347438, -0.00239380728453, 0.0103978039697, -0.00444777030498, 0.000458526541479, 0.00395198585466, -0.00488141039386, 0.00223818561062], [0.000291198375635, -0.00123149028514, 0.000360304053174, -0.00080612214515, -0.00168600853067, 0.00303794746287, -0.000345355307218, -0.00444777030498, 0.0129678919911, -0.00649891421199, -0.000161703923368, 0.00422213925049, -0.00249459361658], [-0.000295643665595, 0.00171007250901, -0.00159759051166, 0.000751347397454, 0.000216267275391, -0.00347506324761, 0.00438828300685, 0.000458526541479, -0.00649891421199, 0.0149692622945, -0.0088874027133, 0.00144587899558, 0.00204023532569], [0.000471066014143, -0.00239958544262, 0.00177246122621, -0.00241341558285, 0.00150249374565, 0.000445871526608, -0.00546662323177, 0.00395198585466, -0.000161703923368, -0.0088874027133, 0.0196145195514, -0.0112340608612, 0.00263387733139], [-0.000518981658388, 0.00276499451138, -0.00183680537157, 0.00328225130215, -0.00259195803665, 0.00143717089668, 0.00194916815963, -0.00488141039386, 0.00422213925049, 0.00144587899558, -0.0112340608612, 0.0211114455014, -0.00902372412384], [0.000343776890077, -0.00153855723329, 0.000976482173428, -0.00259524141438, 0.00175248226151, -0.00171845080331, -0.000367367814761, 0.00223818561062, -0.00249459361658, 0.00204023532569, 0.00263387733139, -0.00902372412384, 0.0133215244859]]}, "melbands": {"dmean": [0.000648665998597, 0.0010837019654, 0.000592498399783, 0.000348623172613, 0.000196033317479, 0.000130082291435, 0.00030271554715, 0.000191405109945, 0.000174346743734, 0.000126016442664, 0.000100285331428, 8.5828731244e-05, 0.00014403910609, 0.000100440927781, 6.90739398124e-05, 5.54403886781e-05, 4.73446343676e-05, 3.2784177165e-05, 2.69727861451e-05, 1.59346018336e-05, 1.86954621313e-05, 1.07451578515e-05, 7.81419930718e-06, 5.26475150764e-06, 4.80409244119e-06, 4.26809674536e-06, 4.19061552748e-06, 2.57359943134e-06, 1.72945885879e-06, 1.11452868623e-06, 7.23588357232e-07, 1.1318130646e-06, 5.8724003793e-07, 4.54914982129e-07, 4.27474560638e-07, 3.5531593312e-07, 3.48116344639e-07, 1.76492207515e-07, 1.23202582358e-07, 1.60359974188e-07], "dmean2": [0.00105969526339, 0.00174988026265, 0.000924924912397, 0.000557534454856, 0.000326409237459, 0.000199626767426, 0.000425343721872, 0.000290718133328, 0.000286955735646, 0.000214416068047, 0.000174929489731, 0.000156900438014, 0.000266075454419, 0.000180654227734, 0.000124558326206, 0.000102699581475, 8.70955555001e-05, 6.07265938015e-05, 4.96739485243e-05, 2.95210302284e-05, 3.44986910932e-05, 1.96100809262e-05, 1.42048493217e-05, 9.67017149378e-06, 8.83771645022e-06, 7.8262637544e-06, 7.63109983382e-06, 4.73930140288e-06, 3.15684337693e-06, 2.02255955628e-06, 1.27891405555e-06, 2.11147380469e-06, 1.07329026378e-06, 8.34087131807e-07, 7.70015617491e-07, 6.33175204712e-07, 6.39900918031e-07, 3.18532556776e-07, 2.18336083435e-07, 2.83841131932e-07], "dvar": [1.8281367602e-06, 4.66023038825e-06, 1.17793274512e-06, 7.32347643861e-07, 3.56782834388e-07, 1.25843939713e-07, 8.99544033928e-07, 4.76104418112e-07, 5.77215075737e-07, 2.8196464541e-07, 2.76051025594e-07, 2.16064179881e-07, 6.01123474553e-07, 2.90283622917e-07, 9.89684920683e-08, 3.30897478307e-08, 2.52678589163e-08, 1.45858294331e-08, 1.29771731139e-08, 3.01353830778e-09, 4.27532587111e-09, 1.30080857197e-09, 7.72948927086e-10, 3.19005766247e-10, 2.60669597019e-10, 1.50114434772e-10, 1.51103796142e-10, 6.76106254316e-11, 1.80721583531e-11, 1.34405117244e-11, 4.2025298172e-12, 8.62760037024e-12, 3.12313781607e-12, 4.5904486809e-12, 3.45734942411e-12, 1.99302466891e-12, 2.33538188787e-12, 2.75798264435e-13, 8.59219108622e-14, 1.75662530854e-13], "dvar2": [4.66191386295e-06, 1.16063583846e-05, 2.89418653665e-06, 1.94587710212e-06, 9.99286612569e-07, 2.87711344527e-07, 1.49362563207e-06, 1.11925419333e-06, 1.42691214933e-06, 7.67849599015e-07, 7.74891702804e-07, 6.22557479346e-07, 1.73121691205e-06, 8.4472560502e-07, 2.82627354409e-07, 9.46159914861e-08, 7.19912236491e-08, 4.18184775697e-08, 3.66254155892e-08, 8.56590887111e-09, 1.19397736142e-08, 3.54259843682e-09, 2.1434372055e-09, 8.86322182314e-10, 7.1996519857e-10, 4.11952139068e-10, 4.16385925739e-10, 1.91034271735e-10, 4.95246760268e-11, 3.78233173948e-11, 1.16243629306e-11, 2.41304129456e-11, 8.54588882299e-12, 1.30287412803e-11, 9.52202379445e-12, 5.34293009141e-12, 6.69733843037e-12, 7.80508958246e-13, 2.40630893033e-13, 4.9806269135e-13], "max": [0.0154716037214, 0.0221017058939, 0.0143537549302, 0.013636183925, 0.00714557431638, 0.00742839090526, 0.0116833401844, 0.0106372563168, 0.0127889104187, 0.0112505340949, 0.0154815940186, 0.00712139671668, 0.0120662255213, 0.00913441739976, 0.00511632394046, 0.0019104614621, 0.00147910614032, 0.0014676443534, 0.00135915330611, 0.000502975133713, 0.000682582263835, 0.000342634069966, 0.000343251187587, 0.000205065472983, 0.000160158830113, 0.000119990625535, 0.000101181998616, 7.84122530604e-05, 3.16047990054e-05, 4.52576423413e-05, 1.95119846467e-05, 2.36459927692e-05, 1.65216242749e-05, 2.52094741882e-05, 1.98696416192e-05, 1.37615998028e-05, 1.72944928636e-05, 5.37635241926e-06, 2.67881637228e-06, 4.06387925977e-06], "mean": [0.000826929113828, 0.00180503982119, 0.00137748022098, 0.000720527896192, 0.000324400287354, 0.000198404537514, 0.000414714711951, 0.000282279128442, 0.000219749912503, 0.00014762734645, 0.00010925623792, 6.68188076816e-05, 0.000108203734271, 9.14912307053e-05, 5.75536978431e-05, 3.71356400137e-05, 3.26799054164e-05, 2.11272254091e-05, 1.72792806552e-05, 1.03265901998e-05, 1.19197802633e-05, 7.02518082107e-06, 5.06070409756e-06, 3.42966245626e-06, 3.13628106596e-06, 2.64468849309e-06, 2.63448009719e-06, 1.57608724294e-06, 1.07405583094e-06, 7.04252784089e-07, 4.83267797335e-07, 6.70655765589e-07, 3.65660611124e-07, 2.8166670063e-07, 2.74596629879e-07, 2.37474651499e-07, 2.15750247889e-07, 1.17610341022e-07, 8.80563248984e-08, 1.12975925504e-07], "median": [0.000166870711837, 0.000567487964872, 0.000774884363636, 0.000304916000459, 3.95685055992e-05, 2.80136537185e-05, 5.24842980667e-05, 4.0792649088e-05, 2.42327059823e-05, 2.65157614194e-05, 1.50393370859e-05, 8.24590460979e-06, 8.39614222059e-06, 5.16944191986e-06, 3.60693684343e-06, 2.27207601711e-06, 2.00088743441e-06, 1.01123339391e-06, 6.78650849295e-07, 5.3472598438e-07, 3.63147222515e-07, 2.68080896149e-07, 1.84181018881e-07, 1.43033958011e-07, 9.14987623446e-08, 6.57007177551e-08, 5.81940469147e-08, 3.60080250061e-08, 2.83401533352e-08, 1.74038596867e-08, 1.71999978704e-08, 1.14737925827e-08, 8.05656874547e-09, 5.39381561637e-09, 4.44739978178e-09, 4.05469169351e-09, 3.41189143604e-09, 3.13023296172e-09, 2.6212836346e-09, 3.67578989469e-09], "min": [3.13853497903e-24, 4.49141190717e-24, 8.74145209887e-24, 4.30392096925e-24, 5.08365633152e-24, 9.07788470887e-24, 5.5640351519e-24, 5.31419698676e-24, 5.42440953269e-24, 3.28236009927e-24, 4.70894897926e-24, 5.47455347613e-24, 8.22573507094e-24, 4.95898396519e-24, 7.77420686601e-24, 5.82563128883e-24, 7.85236878222e-24, 3.6491597126e-24, 1.75079678864e-23, 8.50373675369e-24, 8.44862061997e-24, 8.01324355321e-24, 7.58263751721e-24, 7.04542797392e-24, 1.16633092726e-23, 8.10434278827e-24, 8.67741710375e-24, 1.23540098488e-23, 1.22575432041e-23, 1.18145694068e-23, 9.93105197736e-24, 8.18331407577e-24, 7.7908257987e-24, 1.07205092614e-23, 8.72994498485e-24, 8.8174485919e-24, 6.97866194234e-24, 9.00608258928e-24, 8.11636187302e-24, 9.9738066607e-24], "var": [2.00307817977e-06, 7.35256435291e-06, 2.75190541288e-06, 1.23799497942e-06, 4.83820883801e-07, 3.17308689546e-07, 1.54169060806e-06, 7.58045928251e-07, 8.57903046381e-07, 2.39598563212e-07, 1.83239237117e-07, 1.22514478562e-07, 3.50086480694e-07, 1.83822024269e-07, 6.31942285167e-08, 1.93255971226e-08, 1.51286041472e-08, 8.37310665247e-09, 7.64665486486e-09, 1.75055414608e-09, 2.58341503745e-09, 8.30542634667e-10, 4.75603778582e-10, 1.95436236639e-10, 1.61730115411e-10, 9.39801222954e-11, 9.37861732719e-11, 3.95316418489e-11, 1.14019288802e-11, 7.98611350661e-12, 2.64382201028e-12, 5.13263650331e-12, 1.97299121485e-12, 2.66585278158e-12, 2.15882628614e-12, 1.32136814511e-12, 1.32532277253e-12, 1.67344572444e-13, 5.86679346055e-14, 1.11193247264e-13]}, "mfcc": {"mean": [-792.044250488, 176.666244507, 13.6731653214, 8.72116947174, 6.123462677, 4.64056873322, 6.35571193695, 0.802097976208, 1.31271088123, 0.902685344219, 0.0221714433283, -1.86352324486, -3.88749623299], "cov": [[16452.8398438, 939.314331055, -1626.41772461, 536.350402832, -234.561386108, 21.1919326782, 102.043670654, 13.2975654602, -18.0336608887, -23.5941028595, -50.728302002, -51.8800773621, -20.2480964661], [939.314331055, 4172.61181641, 178.675354004, -218.738754272, 207.975830078, -75.6941986084, -34.7071762085, 1.98669028282, -6.66652202606, -0.186777159572, 32.0589904785, -11.430357933, -43.4968986511], [-1626.41772461, 178.675354004, 1211.40270996, 159.723770142, 125.975814819, 150.897689819, 77.8172988892, 16.0159015656, 114.737121582, 88.8216552734, 89.1425628662, 106.26751709, 77.5173110962], [536.350402832, -218.738754272, 159.723770142, 497.806304932, 110.539901733, 111.003219604, 103.084327698, 73.9198455811, 101.930465698, 82.1631622314, 54.6161651611, 52.0933418274, 53.9090766907], [-234.561386108, 207.975830078, 125.975814819, 110.539901733, 242.834457397, 121.191307068, 43.3872413635, 43.681804657, 52.327457428, 63.236415863, 41.1828651428, 21.2252922058, 13.3630199432], [21.1919326782, -75.6941986084, 150.897689819, 111.003219604, 121.191307068, 249.303649902, 140.306655884, 37.8310775757, 41.6001815796, 59.2195625305, 56.3612594604, 43.6943054199, 33.5254631042], [102.043670654, -34.7071762085, 77.8172988892, 103.084327698, 43.3872413635, 140.306655884, 226.920791626, 109.3123703, 33.2777061462, 13.4022188187, 21.4039020538, 22.1223335266, 21.94090271], [13.2975654602, 1.98669028282, 16.0159015656, 73.9198455811, 43.681804657, 37.8310775757, 109.3123703, 168.074447632, 81.0389328003, 17.222070694, -12.3309392929, -3.11771988869, 11.7942724228], [-18.0336608887, -6.66652202606, 114.737121582, 101.930465698, 52.327457428, 41.6001815796, 33.2777061462, 81.0389328003, 135.916748047, 75.14894104, 5.85900735855, -1.31534337997, 16.7821178436], [-23.5941028595, -0.186777159572, 88.8216552734, 82.1631622314, 63.236415863, 59.2195625305, 13.4022188187, 17.222070694, 75.14894104, 116.221031189, 66.336730957, 21.2559680939, 9.17924404144], [-50.728302002, 32.0589904785, 89.1425628662, 54.6161651611, 41.1828651428, 56.3612594604, 21.4039020538, -12.3309392929, 5.85900735855, 66.336730957, 120.543235779, 82.4621353149, 22.5113945007], [-51.8800773621, -11.430357933, 106.26751709, 52.0933418274, 21.2252922058, 43.6943054199, 22.1223335266, -3.11771988869, -1.31534337997, 21.2559680939, 82.4621353149, 122.552345276, 71.8709106445], [-20.2480964661, -43.4968986511, 77.5173110962, 53.9090766907, 13.3630199432, 33.5254631042, 21.94090271, 11.7942724228, 16.7821178436, 9.17924404144, 22.5113945007, 71.8709106445, 119.251441956]], "icov": [[8.64026151248e-05, -4.71765779366e-05, 0.000147019789438, -0.000173596359673, 0.000187268742593, -0.000131308930577, 1.67303153376e-06, 6.71990637784e-05, -5.72044082219e-05, -1.32001559905e-05, 7.68082245486e-05, -7.16101421858e-05, 2.70734199148e-05], [-4.71765779366e-05, 0.000307611160679, -0.000125027043396, 0.000293365388643, -0.000557310704608, 0.000428973318776, -0.000194400403416, 7.21969045117e-05, -0.000117283168947, 0.000212158105569, -0.000333659729222, 0.000168083177414, -1.48182871271e-05], [0.000147019789438, -0.000125027043396, 0.00131868897006, -0.000310504139634, 8.41407527332e-05, -0.000404831342166, -0.00035003980156, 0.000968363601714, -0.00152589939535, 0.000449964223662, -2.39099608734e-05, -0.000835573126096, 2.37508247665e-05], [-0.000173596359673, 0.000293365388643, -0.000310504139634, 0.00328929512762, -0.00142322736792, 0.000722755328752, -0.00126392138191, 0.000431578111602, -0.00166030111723, -0.000142032062286, -0.00058945803903, -0.000200892638532, -0.000584509631153], [0.000187268742593, -0.000557310704608, 8.41407527332e-05, -0.00142322736792, 0.00772069580853, -0.00446278369054, 0.00287265167572, -0.00269857794046, 0.00133406720124, -0.0019842996262, 0.000324900407577, 0.000158983501024, 0.000352892820956], [-0.000131308930577, 0.000428973318776, -0.000404831342166, 0.000722755328752, -0.00446278369054, 0.0106618050486, -0.00729757919908, 0.00404352135956, -0.00126122299116, -0.00182694941759, -0.000298912491417, -0.00065717700636, -0.000713325862307], [1.67303153376e-06, -0.000194400403416, -0.00035003980156, -0.00126392138191, 0.00287265167572, -0.00729757919908, 0.0127077680081, -0.00887616164982, 0.00383508601226, 0.00153380457778, -0.00198671943508, 0.00170219526626, -0.000310856703436], [6.71990637784e-05, 7.21969045117e-05, 0.000968363601714, 0.000431578111602, -0.00269857794046, 0.00404352135956, -0.00887616164982, 0.0161818545312, -0.0112334433943, 0.00427047489211, 0.000342343584634, -0.00124469585717, 0.000349179288605], [-5.72044082219e-05, -0.000117283168947, -0.00152589939535, -0.00166030111723, 0.00133406720124, -0.00126122299116, 0.00383508601226, -0.0112334433943, 0.0254809446633, -0.0188214238733, 0.0110012572259, -0.00233247177675, -0.000507703807671], [-1.32001559905e-05, 0.000212158105569, 0.000449964223662, -0.000142032062286, -0.0019842996262, -0.00182694941759, 0.00153380457778, 0.00427047489211, -0.0188214238733, 0.0334512367845, -0.0241298489273, 0.012528501451, -0.00304355937988], [7.68082245486e-05, -0.000333659729222, -2.39099608734e-05, -0.00058945803903, 0.000324900407577, -0.000298912491417, -0.00198671943508, 0.000342343584634, 0.0110012572259, -0.0241298489273, 0.0379089526832, -0.0260194148868, 0.00938713923097], [-7.16101421858e-05, 0.000168083177414, -0.000835573126096, -0.000200892638532, 0.000158983501024, -0.00065717700636, 0.00170219526626, -0.00124469585717, -0.00233247177675, 0.012528501451, -0.0260194148868, 0.0328481458127, -0.01486144308], [2.70734199148e-05, -1.48182871271e-05, 2.37508247665e-05, -0.000584509631153, 0.000352892820956, -0.000713325862307, -0.000310856703436, 0.000349179288605, -0.000507703807671, -0.00304355937988, 0.00938713923097, -0.01486144308, 0.0163077246398]]}, "spectral_contrast_coeffs": {"dmean": [0.0566090717912, 0.0660935789347, 0.057145036757, 0.0421705394983, 0.0263659078628, 0.0281888507307], "dmean2": [0.0898932889104, 0.101085804403, 0.0905990079045, 0.0661471113563, 0.0429312065244, 0.0429488196969], "dvar": [0.00324897281826, 0.00448744278401, 0.00347418710589, 0.00174560467713, 0.00065696524689, 0.00080998201156], "dvar2": [0.00764005584642, 0.0102357380092, 0.00807579793036, 0.00403251452371, 0.00161094940268, 0.00179894547909], "max": [-0.27453571558, -0.307322561741, -0.345986366272, -0.486026287079, -0.548408150673, -0.704100012779], "mean": [-0.558164417744, -0.67617380619, -0.724854469299, -0.789088368416, -0.829144001007, -0.819902896881], "median": [-0.561317682266, -0.669642269611, -0.726075768471, -0.797249674797, -0.831151604652, -0.815416693687], "min": [-0.954010486603, -0.975165903568, -0.977751851082, -0.957170188427, -0.959279716015, -0.963351368904], "var": [0.0140772499144, 0.0129472268745, 0.011427202262, 0.00562969921157, 0.00191567046568, 0.00236267852597]}, "spectral_contrast_valleys": {"dmean": [0.702919006348, 0.754822909832, 0.84028249979, 0.906242609024, 0.977833747864, 1.11492991447], "dmean2": [1.03134346008, 1.08905887604, 1.18873023987, 1.24465334415, 1.26222813129, 1.40854465961], "dvar": [0.59474003315, 0.675985813141, 0.819076001644, 0.92327773571, 1.11377358437, 1.09112071991], "dvar2": [1.07112121582, 1.32305276394, 1.57592773438, 1.79193985462, 2.31662511826, 2.24150586128], "max": [-5.17200183868, -4.23434782028,