{"lowlevel": {"average_loudness": 0.902219951153, "barkbands_crest": {"dmean": 2.09389138222, "dmean2": 3.34513688087, "dvar": 3.46957707405, "dvar2": 8.71257591248, "max": 23.1621189117, "mean": 8.96295070648, "median": 8.24310112, "min": 3.43993639946, "var": 9.75270557404}, "barkbands_flatness_db": {"dmean": 0.0152000207454, "dmean2": 0.0222606342286, "dvar": 0.000150795443915, "dvar2": 0.000331534160068, "max": 0.267485558987, "mean": 0.165698409081, "median": 0.166347786784, "min": 0.0224038045853, "var": 0.00117955810856}, "barkbands_kurtosis": {"dmean": 1.52326667309, "dmean2": 2.37709069252, "dvar": 2.26648116112, "dvar2": 5.09715652466, "max": 36.9341468811, "mean": 3.05343770981, "median": 2.39519667625, "min": -1.69511055946, "var": 8.99266719818}, "barkbands_skewness": {"dmean": 0.343515455723, "dmean2": 0.541813969612, "dvar": 0.0813450887799, "dvar2": 0.198223724961, "max": 4.39275789261, "mean": 1.37422311306, "median": 1.42590332031, "min": -2.11315894127, "var": 0.676375687122}, "barkbands_spread": {"dmean": 2.18303608894, "dmean2": 3.30899405479, "dvar": 4.18975353241, "dvar2": 10.2064180374, "max": 65.9903106689, "mean": 11.5125360489, "median": 10.7717132568, "min": 2.06623625755, "var": 21.5102005005}, "dissonance": {"dmean": 0.0224103499204, "dmean2": 0.0376287251711, "dvar": 0.000359321711585, "dvar2": 0.000989875523373, "max": 0.49999037385, "mean": 0.445113390684, "median": 0.447284936905, "min": 0.323874205351, "var": 0.000805272313301}, "dynamic_complexity": 3.57397675514, "erbbands_crest": {"dmean": 2.44920945168, "dmean2": 3.87825155258, "dvar": 4.9363026619, "dvar2": 12.2253856659, "max": 24.145406723, "mean": 9.55011749268, "median": 8.79267024994, "min": 2.52226781845, "var": 13.1699008942}, "erbbands_flatness_db": {"dmean": 0.0133681166917, "dmean2": 0.0193657018244, "dvar": 0.00012923340546, "dvar2": 0.000265490467427, "max": 0.327212929726, "mean": 0.216581761837, "median": 0.219085723162, "min": 0.0583928078413, "var": 0.00152544246521}, "erbbands_kurtosis": {"dmean": 0.749687373638, "dmean2": 1.17973995209, "dvar": 0.55781430006, "dvar2": 1.34590244293, "max": 10.9435558319, "mean": 0.610471427441, "median": 0.285184264183, "min": -1.38734257221, "var": 1.92307293415}, "erbbands_skewness": {"dmean": 0.291565209627, "dmean2": 0.451355755329, "dvar": 0.0543839633465, "dvar2": 0.133208468556, "max": 2.89990615845, "mean": 0.725143551826, "median": 0.727913498878, "min": -1.85416722298, "var": 0.298560857773}, "erbbands_spread": {"dmean": 3.46201992035, "dmean2": 5.26901912689, "dvar": 7.84885454178, "dvar2": 19.2941741943, "max": 60.2735710144, "mean": 22.2000331879, "median": 21.8401107788, "min": 5.23392009735, "var": 40.7949981689}, "hfc": {"dmean": 3.74018979073, "dmean2": 5.70236063004, "dvar": 17.0882225037, "dvar2": 41.4885215759, "max": 71.6251602173, "mean": 19.1262760162, "median": 17.8663654327, "min": 1.09833081439e-16, "var": 136.719787598}, "melbands_crest": {"dmean": 2.61653900146, "dmean2": 4.13791370392, "dvar": 5.01164388657, "dvar2": 11.891336441, "max": 30.433511734, "mean": 11.5003929138, "median": 10.7151679993, "min": 1.55823457241, "var": 20.7939682007}, "melbands_flatness_db": {"dmean": 0.0156143093482, "dmean2": 0.0224641356617, "dvar": 0.00016594628687, "dvar2": 0.000351413415046, "max": 0.336521208286, "mean": 0.198915034533, "median": 0.203251481056, "min": 0.00318375439383, "var": 0.00216438062489}, "melbands_kurtosis": {"dmean": 2.14959692955, "dmean2": 3.42585015297, "dvar": 4.48426485062, "dvar2": 11.3850183487, "max": 34.0664978027, "mean": 5.2129034996, "median": 4.49584388733, "min": -1.6222217083, "var": 15.9635505676}, "melbands_skewness": {"dmean": 0.373532533646, "dmean2": 0.593138694763, "dvar": 0.100872352719, "dvar2": 0.263776302338, "max": 4.95666503906, "mean": 1.67100048065, "median": 1.67154026031, "min": -0.864862620831, "var": 0.491185516119}, "melbands_spread": {"dmean": 3.3896818161, "dmean2": 5.25032949448, "dvar": 16.4206485748, "dvar2": 38.5739402771, "max": 156.448989868, "mean": 18.4121398926, "median": 14.3201370239, "min": 2.64789175987, "var": 427.652313232}, "pitch_salience": {"dmean": 0.0527250356972, "dmean2": 0.0832911282778, "dvar": 0.00179237499833, "dvar2": 0.00451806094497, "max": 0.944610655308, "mean": 0.607821166515, "median": 0.609213352203, "min": 0.246636688709, "var": 0.00767850456759}, "silence_rate_20dB": {"dmean": 0, "dmean2": 0, "dvar": 0, "dvar2": 0, "max": 1, "mean": 1, "median": 1, "min": 1, "var": 0}, "silence_rate_30dB": {"dmean": 0, "dmean2": 0, "dvar": 0, "dvar2": 0, "max": 1, "mean": 1, "median": 1, "min": 1, "var": 0}, "silence_rate_60dB": {"dmean": 0.00132494198624, "dmean2": 0.00265076220967, "dvar": 0.00132312311325, "dvar2": 0.00330648431554, "max": 1, "mean": 0.0801324471831, "median": 0, "min": 0, "var": 0.0737138837576}, "spectral_centroid": {"dmean": 128.205245972, "dmean2": 196.11869812, "dvar": 47712.8125, "dvar2": 82503.21875, "max": 11666.3974609, "mean": 1295.26953125, "median": 978.293273926, "min": 498.846618652, "var": 2754735}, "spectral_complexity": {"dmean": 2.22855257988, "dmean2": 3.63220667839, "dvar": 4.00341892242, "dvar2": 10.1198854446, "max": 36, "mean": 19.2168865204, "median": 20, "min": 0, "var": 48.9807891846}, "spectral_decrease": {"dmean": 1.36015432251e-09, "dmean2": 2.02634375945e-09, "dvar": 2.14682216881e-18, "dvar2": 4.88563682252e-18, "max": 8.56111840127e-22, "mean": -6.11397110717e-09, "median": -5.74698777456e-09, "min": -2.45004816435e-08, "var": 1.41763867741e-17}, "spectral_energy": {"dmean": 0.00543829659, "dmean2": 0.00811364222318, "dvar": 3.44059189956e-05, "dvar2": 7.84239455243e-05, "max": 0.0975219234824, "mean": 0.0248103514314, "median": 0.0233623273671, "min": 9.77928624636e-21, "var": 0.000231172845815}, "spectral_energyband_high": {"dmean": 4.30370528193e-05, "dmean2": 6.06985013292e-05, "dvar": 3.50338558164e-09, "dvar2": 7.03015734516e-09, "max": 0.00093644997105, "mean": 0.00015816524683, "median": 0.000119350435853, "min": 7.05072679048e-21, "var": 1.92609856953e-08}, "spectral_energyband_low": {"dmean": 6.54752657283e-05, "dmean2": 9.98333052848e-05, "dvar": 2.34556551959e-08, "dvar2": 4.04321340852e-08, "max": 0.00718449056149, "mean": 0.000238118169364, "median": 0.000102438716567, "min": 6.69593182733e-24, "var": 3.25856149175e-07}, "spectral_energyband_middle_high": {"dmean": 0.00181294954382, "dmean2": 0.00294826296158, "dvar": 5.49891638002e-06, "dvar2": 1.5209430785e-05, "max": 0.0442221909761, "mean": 0.00630933046341, "median": 0.00550721073523, "min": 1.11634526402e-21, "var": 2.24522773351e-05}, "spectral_energyband_middle_low": {"dmean": 0.00493710581213, "dmean2": 0.00732137542218, "dvar": 2.98802315228e-05, "dvar2": 6.72455134918e-05, "max": 0.0849450230598, "mean": 0.0184904970229, "median": 0.0165498442948, "min": 1.57320258409e-22, "var": 0.000152986613102}, "spectral_entropy": {"dmean": 0.103348277509, "dmean2": 0.14615021646, "dvar": 0.00816225074232, "dvar2": 0.0156720764935, "max": 9.81843566895, "mean": 7.35460138321, "median": 7.28973484039, "min": 6.3269109726, "var": 0.214255228639}, "spectral_flux": {"dmean": 0.0131921507418, "dmean2": 0.0223454441875, "dvar": 0.000180165865459, "dvar2": 0.00049314671196, "max": 0.176540866494, "mean": 0.0647621303797, "median": 0.0654920339584, "min": 6.21507845189e-11, "var": 0.000844879075885}, "spectral_kurtosis": {"dmean": 2.26697039604, "dmean2": 4.00536966324, "dvar": 4.9096865654, "dvar2": 15.2331295013, "max": 33.2205162048, "mean": 7.69184017181, "median": 7.31392431259, "min": -1.2527616024, "var": 11.6730899811}, "spectral_rms": {"dmean": 0.000507875578478, "dmean2": 0.000754487060476, "dvar": 2.28221708198e-07, "dvar2": 5.20581920682e-07, "max": 0.00975414458662, "mean": 0.00457507744431, "median": 0.00477415043861, "min": 3.08881327633e-12, "var": 3.27391921928e-06}, "spectral_rolloff": {"dmean": 222.264953613, "dmean2": 369.732818604, "dvar": 173294.46875, "dvar2": 287784.78125, "max": 19616.7480469, "mean": 1680.45495605, "median": 1162.79296875, "min": 452.197265625, "var": 8782559}, "spectral_skewness": {"dmean": 0.220981538296, "dmean2": 0.379387378693, "dvar": 0.0406761728227, "dvar2": 0.121099531651, "max": 4.18860769272, "mean": 1.90685808659, "median": 1.93109595776, "min": -0.0934622511268, "var": 0.22830709815}, "spectral_spread": {"dmean": 266066.9375, "dmean2": 418059.5, "dvar": 725390065664, "dvar2": 1470678040580.0, "max": 42414612, "mean": 4098994, "median": 2966465.5, "min": 1543405.75, "var": 37539297624100.0}, "spectral_strongpeak": {"dmean": 0.556668162346, "dmean2": 0.903307437897, "dvar": 0.357734143734, "dvar2": 0.915884196758, "max": 6.63164520264, "mean": 1.51179540157, "median": 1.37223601341, "min": 0, "var": 1.01508951187}, "zerocrossingrate": {"dmean": 0.00517798075452, "dmean2": 0.00667544221506, "dvar": 0.000105506522232, "dvar2": 0.000193990228581, "max": 0.52197265625, "mean": 0.0614587627351, "median": 0.04638671875, "min": 0.01025390625, "var": 0.00594838708639}, "barkbands": {"dmean": [2.57465657683e-08, 1.25886126625e-05, 3.53627910954e-05, 0.000103866295831, 0.00076006737072, 0.00172115769237, 0.00166017701849, 0.0020758761093, 0.00167312507983, 0.000838862964883, 0.000571204465814, 0.000766244134866, 0.000428201514296, 0.000298273313092, 0.00032770758844, 0.000211695107282, 0.00017984675651, 0.00010989652219, 6.65846964694e-05, 3.44675572705e-05, 1.73703065229e-05, 8.89967668627e-06, 3.9536089389e-06, 3.6751080188e-06, 1.14435870273e-05, 1.65289247889e-06, 2.62036815002e-06], "dmean2": [4.33895337437e-08, 2.03902654903e-05, 5.3091574955e-05, 0.000160952069564, 0.0010914959712, 0.0027358897496, 0.002212934196, 0.00296655669808, 0.00256775785238, 0.00130121526308, 0.00092031940585, 0.00129791244399, 0.000744055898394, 0.000505151925609, 0.000542268273421, 0.000358004763257, 0.000307490001433, 0.000186495846719, 0.000109908898594, 5.53468089493e-05, 2.79106352536e-05, 1.3870233488e-05, 6.35768537904e-06, 5.8046553022e-06, 1.66722584254e-05, 2.51087863035e-06, 3.40481915373e-06], "dvar": [9.30931666559e-16, 1.26819199586e-09, 7.13848580247e-09, 2.60356305404e-08, 9.81801576927e-07, 6.3792531364e-06, 7.35003277441e-06, 7.95477444626e-06, 1.11493855002e-05, 2.34016079048e-06, 1.03469153601e-06, 1.6118520989e-06, 9.0700285682e-07, 1.96421396481e-07, 1.85994437629e-07, 9.97868951913e-08, 7.60301688274e-08, 2.24331806464e-08, 9.71665770066e-09, 2.40517761263e-09, 7.06758596092e-10, 1.46224005126e-10, 4.75363359786e-11, 4.55064284866e-11, 9.79793801648e-10, 2.78027982581e-11, 4.00057591221e-11], "dvar2": [2.52194742683e-15, 2.6739686021e-09, 1.29784920588e-08, 5.94358624539e-08, 1.96171959033e-06, 1.91631570488e-05, 1.08181984615e-05, 1.6362313545e-05, 2.87577677227e-05, 6.04685465078e-06, 2.70219175036e-06, 4.71572730021e-06, 2.5804042707e-06, 5.14206362823e-07, 4.87382862957e-07, 2.83066498241e-07, 2.19502553023e-07, 6.3532397121e-08, 2.64968775809e-08, 6.28217300402e-09, 1.98092964254e-09, 3.43722217355e-10, 1.3228096396e-10, 1.22478124864e-10, 2.09564388065e-09, 6.29541557773e-11, 7.78559647308e-11], "max": [3.10120583435e-07, 0.00112536014058, 0.00254289060831, 0.00561251631007, 0.0185879506171, 0.0419568307698, 0.0738050714135, 0.0471843183041, 0.0503350570798, 0.0355933532119, 0.0155363986269, 0.0164153855294, 0.0163335762918, 0.00660110916942, 0.00633646454662, 0.00553626567125, 0.00563931744546, 0.00216589914635, 0.00231113517657, 0.000981595483609, 0.00047624783474, 0.000186639517779, 0.000112372392323, 0.000160965835676, 0.00044297229033, 0.000145618483657, 8.49031421239e-05], "mean": [3.20175210788e-08, 3.44206600857e-05, 8.80478401086e-05, 0.000240406894591, 0.0023378233891, 0.00409592408687, 0.00412523839623, 0.00392104219645, 0.00309339608066, 0.00160629861057, 0.000866340182256, 0.00128488545306, 0.000669543631375, 0.000461342831841, 0.000591520627495, 0.000415815593442, 0.00036163214827, 0.000236194362515, 0.000168383732671, 8.99872029549e-05, 4.40788680862e-05, 2.37928834395e-05, 1.20475579024e-05, 1.1407333659e-05, 2.15393010876e-05, 4.30137470175e-06, 4.94641881232e-06], "median": [2.10584474303e-08, 7.88965371612e-06, 2.33038117585e-05, 0.000124070007587, 0.0017377063632, 0.00282663130201, 0.00203912565485, 0.00234418781474, 0.00154080335051, 0.000949768349528, 0.000404430844355, 0.000679056684021, 0.000298283383017, 0.000266076967819, 0.000420138472691, 0.000308117188979, 0.000245970673859, 0.000184439209988, 0.000126430561068, 7.16096765245e-05, 3.32785348292e-05, 1.70425664692e-05, 6.5590847953e-06, 5.04767058374e-06, 5.68695668335e-06, 1.59120781973e-06, 3.51146866251e-07], "min": [5.69896389328e-25, 1.46911834354e-24, 1.68220032367e-24, 1.31968816936e-24, 8.15561401394e-24, 7.18467848977e-24, 3.86481337927e-24, 1.05240118985e-23, 1.84589507517e-23, 2.05066269801e-23, 1.44491250165e-23, 1.82224250088e-23, 2.91269344986e-23, 2.08154581359e-23, 3.64912192616e-23, 6.00704957551e-23, 6.28623502294e-23, 9.03050098974e-23, 1.25484924609e-22, 1.45341487605e-22, 2.41550218921e-22, 3.43986899798e-22, 3.1958572806e-22, 6.45802784973e-22, 8.24588453484e-22, 1.30401691421e-21, 2.07176048e-21], "var": [1.20305444751e-15, 5.86130477487e-09, 4.86909890185e-08, 1.94188046976e-07, 5.37664300282e-06, 1.81160157808e-05, 4.63554315502e-05, 2.24941122724e-05, 2.17633732973e-05, 5.56986151423e-06, 1.98536577045e-06, 2.9299740163e-06, 1.72940883658e-06, 3.37651783866e-07, 3.59754210422e-07, 1.78602022061e-07, 1.69789956317e-07, 4.32813607176e-08, 2.578840963e-08, 6.79657841118e-09, 1.88238047372e-09, 5.24177812267e-10, 2.34845226599e-10, 2.54344573181e-10, 1.79045345217e-09, 7.14861503326e-11, 1.22058418928e-10]}, "erbbands": {"dmean": [8.07920005172e-05, 0.00399812404066, 0.0322094857693, 0.167346522212, 0.923548340797, 2.50967025757, 10.089097023, 14.7772541046, 21.9827404022, 31.6565532684, 49.473033905, 29.6101531982, 34.5252914429, 25.0951881409, 22.8424434662, 34.0738983154, 17.8790988922, 19.4939594269, 13.6068000793, 14.818775177, 11.5483989716, 8.02735710144, 6.37027931213, 3.94613432884, 3.25748443604, 1.64663767815, 0.919485032558, 0.481811374426, 0.34905102849, 0.183560729027, 0.116853274405, 0.081239528954, 0.0718080922961, 0.20478643477, 0.0431047603488, 0.00794951245189, 0.00386499078013, 0.0014414122561, 0.000454259919934, 3.52714523615e-05], "dmean2": [0.000131169363158, 0.0063413893804, 0.0485542975366, 0.258007794619, 1.24041056633, 3.6473441124, 13.8461380005, 24.1038017273, 31.2203674316, 44.7021369934, 69.7405853271, 46.8336601257, 50.5043869019, 40.0312004089, 37.766872406, 58.1692810059, 30.7914676666, 32.9961051941, 22.5089931488, 25.0868644714, 19.460735321, 13.5936231613, 10.6919288635, 6.55576705933, 5.4528927803, 2.67870259285, 1.4749802351, 0.743485927582, 0.53957927227, 0.293507188559, 0.190639331937, 0.129263073206, 0.111036717892, 0.308125317097, 0.0614164471626, 0.012002794072, 0.00570109114051, 0.00199464056641, 0.000583602930419, 4.6917135478e-05], "dvar": [3.36908279053e-08, 0.000128064551973, 0.0063254982233, 0.0927433073521, 1.75527405739, 11.1868038177, 239.353530884, 608.116577148, 1609.07580566, 2296.65185547, 4384.25683594, 3869.84765625, 3518.24243164, 2628.30737305, 1838.25012207, 3483.54956055, 1930.6328125, 840.745056152, 329.114013672, 578.153686523, 333.761871338, 140.058242798, 76.5520935059, 36.16381073, 21.6822452545, 5.8985786438, 2.08626294136, 0.414757370949, 0.24789878726, 0.0693531557918, 0.0501695685089, 0.027159774676, 0.0164886508137, 0.361227929592, 0.0099339382723, 0.000222353934078, 0.000313080265187, 1.80722399818e-05, 1.38053553655e-06, 8.2724724848e-09], "dvar2": [7.41087120559e-08, 0.000265425245743, 0.0120277060196, 0.181143909693, 2.79764342308, 23.3270797729, 416.588256836, 1850.06091309, 2557.45605469, 4642.23339844, 8923.12207031, 10416.3271484, 8159.4375, 6908.20605469, 4968.43310547, 10260.8212891, 5618.27685547, 2222.58325195, 846.218078613, 1568.32849121, 971.128723145, 394.535614014, 215.464279175, 96.9897689819, 58.2291908264, 15.4498128891, 5.97521066666, 1.03654670715, 0.588015258312, 0.191674888134, 0.139415100217, 0.0713443085551, 0.0445172302425, 0.794215261936, 0.0204847250134, 0.000539094558917, 0.000676374998875, 4.08142477681e-05, 2.42427927333e-06, 1.67728764211e-08], "max": [0.00574122043326, 0.367361873388, 2.45514845848, 15.9573507309, 24.9780502319, 67.9526443481, 346.911865234, 475.645996094, 1145.21850586, 909.168762207, 954.481994629, 999.460876465, 1029.2298584, 1236.95629883, 858.804870605, 668.668762207, 788.444763184, 495.337097168, 260.120819092, 438.113739014, 350.810791016, 251.832962036, 169.945220947, 133.466583252, 94.5749893188, 55.6816482544, 25.7616710663, 10.6049098969, 6.49547624588, 4.29805421829, 3.8342602253, 3.16839528084, 3.15806984901, 7.89548826218, 1.48121595383, 0.285317599773, 0.500108003616, 0.0767851397395, 0.0203489419073, 0.00148546043783], "mean": [0.000234422419453, 0.0111638111994, 0.0864823833108, 0.533261120319, 2.32971692085, 7.33566379547, 27.9232158661, 30.6921348572, 53.5497512817, 69.3926010132, 90.9232406616, 57.564201355, 80.1955337524, 45.219291687, 40.5268974304, 56.959815979, 32.0418052673, 31.5697097778, 24.0900154114, 27.8124980927, 23.855260849, 17.9008197784, 14.8069667816, 9.88838577271, 8.00888061523, 4.411673069, 2.40781855583, 1.23730075359, 0.913946032524, 0.526986539364, 0.347819834948, 0.245270863175, 0.193222388625, 0.343897253275, 0.0957388132811, 0.0224505905062, 0.00814433861524, 0.00285445339978, 0.00089216849301, 8.10769633972e-05], "median": [9.866203618e-05, 0.00295027624816, 0.027761887759, 0.282388091087, 1.36077308655, 5.21495103836, 14.9011621475, 19.4438514709, 24.853603363, 36.7041015625, 55.1961174011, 32.1305618286, 49.5593490601, 24.6215591431, 24.2715129852, 30.9380378723, 17.1392326355, 19.6045875549, 17.1100273132, 18.6320419312, 17.8988571167, 13.318441391, 11.5678720474, 7.54739570618, 6.00819301605, 3.52526950836, 1.8829420805, 0.927609324455, 0.650807499886, 0.349198997021, 0.174115657806, 0.102017626166, 0.0948271527886, 0.0762801468372, 0.0314152799547, 0.00972647313029, 0.00265908241272, 0.000568643212318, 7.66582379583e-05, 3.8017758925e-05], "min": [5.4525276908e-23, 3.48256921837e-22, 2.00883356308e-21, 5.12699912644e-21, 1.55371693213e-20, 2.04330332627e-20, 2.95646564765e-20, 9.39206846134e-20, 5.9176501022e-20, 1.38586576535e-19, 2.8981288642e-19, 5.00616892849e-19, 7.18356317575e-19, 7.50630940523e-19, 1.15925030491e-18, 1.21146266896e-18, 1.58669113016e-18, 1.81290507196e-18, 3.01631823958e-18, 3.14903171744e-18, 3.76737631549e-18, 4.25628141654e-18, 5.00535508616e-18, 6.19971414159e-18, 6.82183792106e-18, 7.83824106182e-18, 1.03599524444e-17, 9.53375369522e-18, 1.06552476513e-17, 1.10906995139e-17, 9.04949404049e-18, 1.1475541158e-17, 1.04233301957e-17, 7.85970309e-18, 6.00484445134e-18, 4.29146802544e-18, 2.2765393917e-18, 9.48053620333e-19, 2.43645144699e-19, 2.65154150915e-20], "var": [1.38196284638e-07, 0.000593470584136, 0.0349279418588, 1.37529826164, 8.16824150085, 56.7666740417, 1440.94873047, 1391.76611328, 10063.5644531, 8543.49414062, 11007.5615234, 6483.03466797, 9565.57128906, 5697.85888672, 3225.44897461, 5864.98291016, 3657.27294922, 1453.63476562, 633.867614746, 997.788024902, 591.028137207, 327.518249512, 175.01361084, 87.9444732666, 56.7156410217, 17.146112442, 5.00368452072, 1.32138669491, 0.799728929996, 0.285000443459, 0.223377853632, 0.124825909734, 0.0721668228507, 0.590427577496, 0.0237178504467, 0.000949862529524, 0.000613800191786, 4.33188106399e-05, 4.63197920908e-06, 1.78792749495e-08]}, "gfcc": {"mean": [-65.148765564, 93.0202407837, -159.610061646, -20.905216217, -76.4987640381, -24.773443222, -49.0049133301, -3.14234185219, -28.0518779755, -5.36982250214, -14.8069782257, -5.9719953537, -7.74232149124], "cov": [[48457.2539062, 2890.85546875, -5167.30078125, -580.24987793, -2270.90356445, -549.188903809, -2048.87353516, -212.241485596, -1246.27160645, -403.306304932, -841.028808594, -372.258789062, -281.646026611], [2890.85546875, 1191.3326416, -472.053253174, 59.8180809021, -82.5357513428, -91.8881530762, -21.478395462, -47.7870864868, -66.2324066162, -104.891624451, -42.5249595642, -62.0167999268, -1.5781416893], [-5167.30078125, -472.053253174, 1295.72668457, 98.1278457642, 477.997833252, 186.768264771, 263.529968262, 43.1846580505, 120.331787109, 43.5388832092, 25.9251441956, 31.4861278534, 3.38755536079], [-580.24987793, 59.8180809021, 98.1278457642, 228.437042236, 50.8731918335, 71.6491165161, 42.3487281799, 17.2847957611, 33.7052078247, 5.90382146835, 9.45230770111, -1.56294643879, 17.0038089752], [-2270.90356445, -82.5357513428, 477.997833252, 50.8731918335, 314.941894531, 68.972038269, 147.235794067, 4.81330251694, 62.4109764099, 1.81302177906, 12.7641735077, -0.377760589123, 8.94147968292], [-549.188903809, -91.8881530762, 186.768264771, 71.6491165161, 68.972038269, 135.143264771, 52.6103134155, 33.3598213196, 11.7466411591, 11.0913677216, 9.74936103821, 1.43171322346, -9.30946922302], [-2048.87353516, -21.478395462, 263.529968262, 42.3487281799, 147.235794067, 52.6103134155, 184.029418945, 27.4513053894, 57.4370346069, -8.33665275574, 38.9659690857, 1.48096835613, 2.71874260902], [-212.241485596, -47.7870864868, 43.1846580505, 17.2847957611, 4.81330251694, 33.3598213196, 27.4513053894, 62.2401924133, 23.5932731628, 16.3672466278, 4.12389087677, 4.45589113235, -8.97208118439], [-1246.27160645, -66.2324066162, 120.331787109, 33.7052078247, 62.4109764099, 11.7466411591, 57.4370346069, 23.5932731628, 91.5738677979, 31.251663208, 30.3449344635, -0.513569116592, 11.4848089218], [-403.306304932, -104.891624451, 43.5388832092, 5.90382146835, 1.81302177906, 11.0913677216, -8.33665275574, 16.3672466278, 31.251663208, 64.420463562, 23.2185401917, 13.7839231491, -8.74433708191], [-841.028808594, -42.5249595642, 25.9251441956, 9.45230770111, 12.7641735077, 9.74936103821, 38.9659690857, 4.12389087677, 30.3449344635, 23.2185401917, 72.8540649414, 22.8772621155, 8.03345108032], [-372.258789062, -62.0167999268, 31.4861278534, -1.56294643879, -0.377760589123, 1.43171322346, 1.48096835613, 4.45589113235, -0.513569116592, 13.7839231491, 22.8772621155, 51.6099281311, 10.8647689819], [-281.646026611, -1.5781416893, 3.38755536079, 17.0038089752, 8.94147968292, -9.30946922302, 2.71874260902, -8.97208118439, 11.4848089218, -8.74433708191, 8.03345108032, 10.8647689819, 66.419418335]], "icov": [[8.78391292645e-05, -0.000115273978736, 0.000156956375577, 7.06545833964e-05, 1.31778024297e-05, -0.000211764679989, 0.000611904077232, -0.000288644689135, 0.000454449327663, 7.23846751498e-05, 0.000295430683764, 0.000247346266406, 0.000102905643871], [-0.000115273978736, 0.00146269693505, 0.000388773827581, -0.000866934657097, -0.000512206810527, 0.00103126885369, -0.0012705255067, 0.000516519707162, -0.00011399169307, 0.00114856474102, -0.000381246092729, 0.000435102148913, 0.000229196113651], [0.000156956375577, 0.000388773827581, 0.0027628748212, 8.86689449544e-05, -0.00272211479023, -0.00163165666163, -0.000118683383334, 4.67311874672e-05, 0.000332196912495, -0.000591632793657, 0.00209069531411, -0.000913004565518, 0.000421259814175], [7.06545833964e-05, -0.000866934657097, 8.86689449544e-05, 0.00626617344096, 0.000206247044844, -0.0041110990569, 0.000536068226211, 0.000346183689544, -0.00209900340997, -0.000405986502301, 0.000958221324254, -0.000313066499075, -0.00166405190248], [1.31778024297e-05, -0.000512206810527, -0.00272211479023, 0.000206247044844, 0.00941503234208, -0.000869976880495, -0.00360714853741, 0.00341993896291, -0.00208803126588, -0.000209940830246, 0.00188300292939, 0.000375952920876, -0.0006058740546], [-0.000211764679989, 0.00103126885369, -0.00163165666163, -0.0041110990569, -0.000869976880495, 0.0143281696364, -0.00225260714069, -0.00554965203628, 0.00440171686932, -0.000774735293817, -0.00337669230066, 0.00228018173948, 0.000902458501514], [0.000611904077232, -0.0012705255067, -0.000118683383334, 0.000536068226211, -0.00360714853741, -0.00225260714069, 0.0186880715191, -0.00705126160756, -0.00120245059952, 0.00894298776984, -0.00585910817608, 0.00274824607186, 0.00253017083742], [-0.000288644689135, 0.000516519707162, 4.67311874672e-05, 0.000346183689544, 0.00341993896291, -0.00554965203628, -0.00705126160756, 0.0257537327707, -0.00830985046923, -0.00415944913402, 0.00554151972756, -0.00523428339511, 0.00230178842321], [0.000454449327663, -0.00011399169307, 0.000332196912495, -0.00209900340997, -0.00208803126588, 0.00440171686932, -0.00120245059952, -0.00830985046923, 0.0265345592052, -0.0101667512208, -0.00396403949708, 0.00921197235584, -0.00468457816169], [7.23846751498e-05, 0.00114856474102, -0.000591632793657, -0.000405986502301, -0.000209940830246, -0.000774735293817, 0.00894298776984, -0.00415944913402, -0.0101667512208, 0.0300009902567, -0.00750231742859, -0.00382552598603, 0.00670096324757], [0.000295430683764, -0.000381246092729, 0.00209069531411, 0.000958221324254, 0.00188300292939, -0.00337669230066, -0.00585910817608, 0.00554151972756, -0.00396403949708, -0.00750231742859, 0.025996401906, -0.00916873663664, -0.000793373212218], [0.000247346266406, 0.000435102148913, -0.000913004565518, -0.000313066499075, 0.000375952920876, 0.00228018173948, 0.00274824607186, -0.00523428339511, 0.00921197235584, -0.00382552598603, -0.00916873663664, 0.0287861861289, -0.00506101455539], [0.000102905643871, 0.000229196113651, 0.000421259814175, -0.00166405190248, -0.0006058740546, 0.000902458501514, 0.00253017083742, 0.00230178842321, -0.00468457816169, 0.00670096324757, -0.000793373212218, -0.00506101455539, 0.0189336482435]]}, "melbands": {"dmean": [1.96716860046e-06, 1.27516796056e-05, 5.00279966218e-05, 9.92268978735e-05, 0.000294725352433, 0.000334297365043, 0.000341721373843, 0.000333435775246, 0.000375667848857, 0.000217184540816, 0.000176758054295, 0.000108532687591, 8.46438488225e-05, 9.36061696848e-05, 5.90677191212e-05, 4.15091744799e-05, 3.44281324942e-05, 2.08822002605e-05, 2.02572628041e-05, 1.80350889423e-05, 1.4153731172e-05, 8.37131665321e-06, 9.84150119621e-06, 6.81281107973e-06, 3.22355640492e-06, 2.75793672699e-06, 1.92711900127e-06, 1.11380404633e-06, 7.57465045353e-07, 3.8704993699e-07, 3.17765056934e-07, 2.19967731141e-07, 1.88354633224e-07, 9.18087792456e-08, 7.76549029524e-08, 6.8389489627e-08, 5.50241701092e-08, 5.60644473069e-08, 5.56230688176e-08, 2.4109789365e-07], "dmean2": [3.20170875057e-06, 1.93263076653e-05, 7.34887071303e-05, 0.000137732902658, 0.000407166749937, 0.000543496746104, 0.000481546245283, 0.000476340501336, 0.000535002851393, 0.000338570098393, 0.000259711407125, 0.000173384978552, 0.000138145987876, 0.000158936527441, 0.000101965713839, 7.09706437192e-05, 5.83538421779e-05, 3.47712521034e-05, 3.35378208547e-05, 3.03862962028e-05, 2.38637458096e-05, 1.42057524499e-05, 1.65654582815e-05, 1.17135268738e-05, 5.37900086783e-06, 4.58886188426e-06, 3.1912538816e-06, 1.84200644071e-06, 1.24515861444e-06, 6.1180855937e-07, 5.0613135727e-07, 3.43534509284e-07, 3.00935681707e-07, 1.51417495431e-07, 1.28321801185e-07, 1.12296078214e-07, 8.89907383339e-08, 8.87538647021e-08, 8.52589678857e-08, 3.62515919505e-07], "dvar": [2.8090994808e-11, 1.04387831712e-09, 5.65362290317e-09, 1.70671086153e-08, 1.93777268009e-07, 2.93598873213e-07, 3.62527117659e-07, 2.61277904201e-07, 2.49530614838e-07, 2.00077096224e-07, 9.24662728607e-08, 5.26794963207e-08, 2.32733032846e-08, 2.32667947131e-08, 1.32240707273e-08, 4.59176563439e-09, 2.71700972831e-09, 7.95359944572e-10, 8.62127869095e-10, 7.40710215386e-10, 5.29560950646e-10, 1.41931036368e-10, 2.82863454881e-10, 1.08561014345e-10, 2.84696519831e-11, 1.47380614657e-11, 8.49952660337e-12, 2.43344255337e-12, 1.69561749624e-12, 3.40907206978e-13, 1.93077772195e-13, 9.55864890278e-14, 8.5079248605e-14, 2.11891610621e-14, 2.22080925698e-14, 2.26019595021e-14, 1.18211875767e-14, 1.60985574237e-14, 8.44598320454e-15, 5.3940467544e-13], "dvar2": [6.02006638983e-11, 1.97423544179e-09, 1.08300675095e-08, 3.32039888917e-08, 3.43706403783e-07, 9.03499937976e-07, 5.6392713077e-07, 5.41290489764e-07, 5.23734343005e-07, 5.34467915259e-07, 2.15765012967e-07, 1.39155716283e-07, 6.24328535537e-08, 6.6649235464e-08, 3.84459077907e-08, 1.28873240968e-08, 7.09647496322e-09, 2.05032013589e-09, 2.24693730289e-09, 1.98645988547e-09, 1.56792323569e-09, 3.99005661844e-10, 8.03117961024e-10, 3.14500397947e-10, 7.68207858437e-11, 3.99719320143e-11, 2.29196019802e-11, 6.41911567303e-12, 5.03775667016e-12, 8.53321807746e-13, 4.95235092084e-13, 2.32760262887e-13, 2.15974116304e-13, 6.05243868803e-14, 6.178184456e-14, 6.16497684066e-14, 3.08867887592e-14, 4.5607950332e-14, 2.04709787668e-14, 1.19256839647e-12], "max": [0.000166255093063, 0.00102821784094, 0.00222716806456, 0.00288347667083, 0.00978297088295, 0.00976508762687, 0.0170160513371, 0.0112683605403, 0.00709358742461, 0.00590472808108, 0.00525033799931, 0.00554114673287, 0.00224746088497, 0.00209973705932, 0.00161657040007, 0.000963475031313, 0.000824828806799, 0.000387706124457, 0.000429629726568, 0.00039372118772, 0.000427429476986, 0.000213641716982, 0.000346109387465, 0.000138557428727, 0.000126353974338, 7.91738129919e-05, 5.6685799791e-05, 3.13038399327e-05, 2.40757235588e-05, 1.0729366295e-05, 5.79599281991e-06, 4.55760891782e-06, 4.35629317508e-06, 2.02707542485e-06, 2.42488704316e-06, 2.62046614807e-06, 1.93416212824e-06, 3.21537731907e-06, 1.19272908705e-06, 1.02589538074e-05], "mean": [5.42877751286e-06, 3.39508296747e-05, 0.000133673704113, 0.000281159678707, 0.000833498488646, 0.000712207693141, 0.000844432972372, 0.000733468157705, 0.000666337611619, 0.000404614285799, 0.000402107136324, 0.000178337984835, 0.000134639427415, 0.000150801904965, 0.000103311962448, 6.57572090859e-05, 5.36518527952e-05, 3.37918754667e-05, 3.73726979888e-05, 3.39908801834e-05, 2.61775367107e-05, 1.69491340785e-05, 1.82770199899e-05, 1.25368460431e-05, 7.19663239579e-06, 6.31295642961e-06, 4.35621495853e-06, 2.57680653704e-06, 1.69851978171e-06, 8.99801307241e-07, 6.6211629246e-07, 5.12382030138e-07, 4.45862212928e-07, 2.33516729509e-07, 2.02792932669e-07, 1.72148148181e-07, 1.41705740475e-07, 1.35851422556e-07, 1.20455808883e-07, 3.80777521514e-07], "median": [1.46770616993e-06, 1.00324732557e-05, 7.53187996452e-05, 0.000192986539332, 0.000483572948724, 0.000466086436063, 0.000423300458351, 0.000431783264503, 0.000403778074542, 0.000202739465749, 0.000247440417297, 8.51969525684e-05, 7.05473867129e-05, 7.71106278989e-05, 5.02197217429e-05, 3.88557164115e-05, 3.13422642648e-05, 2.25933290494e-05, 2.52902864304e-05, 2.3659411454e-05, 1.8630275008e-05, 1.19423584692e-05, 1.20683052955e-05, 8.70515395945e-06, 5.22399386682e-06, 4.57211854155e-06, 3.23487597598e-06, 1.99593068828e-06, 1.31331410103e-06, 6.39694803795e-07, 4.6549223498e-07, 3.64719198842e-07, 2.74317443427e-07, 1.44549147763e-07, 1.01668888419e-07, 6.94813238056e-08, 5.42741105392e-08, 5.70744447259e-08, 6.12408967982e-08, 5.84438382134e-08], "min": [6.77938088654e-25, 1.00580879682e-24, 1.0850545093e-24, 2.31343597319e-24, 1.31411575453e-24, 2.2166269629e-24, 1.43474491289e-24, 1.66562043959e-24, 2.41080014434e-24, 2.99113868547e-24, 3.40280791823e-24, 2.20513720381e-24, 3.34602728799e-24, 2.25049000055e-24, 3.85554978566e-24, 3.08857326246e-24, 2.31053907873e-24, 3.63533571409e-24, 2.34565443306e-24, 5.04306825465e-24, 3.79030349462e-24, 3.43292623316e-24, 4.43130228392e-24, 3.71938489924e-24, 4.282841817e-24, 3.97170205977e-24, 4.64780634265e-24, 4.42534598965e-24, 5.92584936153e-24, 4.04881281883e-24, 6.01966503911e-24, 5.95408032674e-24, 6.0921664839e-24, 5.61792066262e-24, 4.65959547444e-24, 5.70560412995e-24, 6.24924762279e-24, 6.54940998608e-24, 6.01140369328e-24, 6.56035819216e-24], "var": [1.24086449449e-10, 5.53830759031e-09, 4.03018241002e-08, 8.56748911815e-08, 1.15567945613e-06, 6.67395454457e-07, 2.30279056268e-06, 9.48114063704e-07, 6.07918252626e-07, 3.64284630905e-07, 2.45949735245e-07, 1.09507546142e-07, 4.23205364086e-08, 4.08151841214e-08, 2.63065889072e-08, 7.88475507107e-09, 4.6920605179e-09, 1.4645490376e-09, 1.64547464543e-09, 1.2837271246e-09, 8.33388802413e-10, 3.00001135045e-10, 5.33605437614e-10, 1.70824243639e-10, 5.91282786622e-11, 3.77584838396e-11, 1.93943333615e-11, 6.08132251154e-12, 2.92807401589e-12, 8.84493433356e-13, 4.48654351518e-13, 2.56400044425e-13, 2.39057146474e-13, 7.06981877012e-14, 7.77963712331e-14, 7.46335027742e-14, 4.34438556906e-14, 5.22711824454e-14, 2.34707747486e-14, 8.73299371186e-13]}, "mfcc": {"mean": [-675.675476074, 135.720123291, -43.0116157532, -5.89116239548, -23.00872612, -27.6645259857, -19.1109924316, -16.0159893036, -11.7424821854, -10.8492679596, -6.9285607338, -7.91297006607, -3.66899490356], "cov": [[14602.9453125, 3333.10498047, -1317.58642578, -233.15562439, -354.544952393, -531.963500977, -388.790466309, -390.709411621, -271.618743896, -376.756591797, -261.4581604, -292.206848145, -161.31350708], [3333.10498047, 1551.59790039, -383.193786621, 73.3650512695, -109.983383179, -110.839660645, -65.1830825806, -47.1695785522, -60.0105018616, -89.5338973999, -84.3001785278, -89.3971176147, -66.1111679077], [-1317.58642578, -383.193786621, 424.845397949, 44.9099006653, 108.301376343, 96.1128921509, 75.5215072632, 54.6475410461, 68.8490219116, 35.3345451355, 56.2732276917, 28.555891037, 42.9437866211], [-233.15562439, 73.3650512695, 44.9099006653, 129.454498291, 47.8353042603, 40.6578636169, 14.9515991211, 22.4900932312, 33.4094581604, 15.8776473999, 2.21528244019, 2.66287636757, 8.23683357239], [-354.544952393, -109.983383179, 108.301376343, 47.8353042603, 117.532783508, 64.6944122314, 30.7246608734, 13.7900381088, 39.7545852661, 15.7773218155, 22.5978183746, 7.27970695496, 13.7837810516], [-531.963500977, -110.839660645, 96.1128921509, 40.6578636169, 64.6944122314, 103.566062927, 54.5450515747, 36.1836509705, 23.7254085541, 27.4608573914, 18.4585132599, 16.2606868744, 4.8563079834], [-388.790466309, -65.1830825806, 75.5215072632, 14.9515991211, 30.7246608734, 54.5450515747, 98.3750534058, 53.4996032715, 24.6166095734, 5.64143800735, 27.1749801636, 4.43182611465, 15.3488712311], [-390.709411621, -47.1695785522, 54.6475410461, 22.4900932312, 13.7900381088, 36.1836509705, 53.4996032715, 87.9799499512, 22.3415756226, 26.9249095917, 5.91426515579, 18.4327144623, 6.92330026627], [-271.618743896, -60.0105018616, 68.8490219116, 33.4094581604, 39.7545852661, 23.7254085541, 24.6166095734, 22.3415756226, 82.7160949707, 15.7872018814, 25.1652297974, -14.5443620682, 18.1608695984], [-376.756591797, -89.5338973999, 35.3345451355, 15.8776473999, 15.7773218155, 27.4608573914, 5.64143800735, 26.9249095917, 15.7872018814, 78.4953536987, 16.5359268188, 31.9059333801, -8.5126991272], [-261.4581604, -84.3001785278, 56.2732276917, 2.21528244019, 22.5978183746, 18.4585132599, 27.1749801636, 5.91426515579, 25.1652297974, 16.5359268188, 77.1700592041, 18.0350379944, 21.3361034393], [-292.206848145, -89.3971176147, 28.555891037, 2.66287636757, 7.27970695496, 16.2606868744, 4.43182611465, 18.4327144623, -14.5443620682, 31.9059333801, 18.0350379944, 74.6737136841, 13.0693883896], [-161.31350708, -66.1111679077, 42.9437866211, 8.23683357239, 13.7837810516, 4.8563079834, 15.3488712311, 6.92330026627, 18.1608695984, -8.5126991272, 21.3361034393, 13.0693883896, 67.3006286621]], "icov": [[0.000194632331841, -0.000379992561648, 0.000170810541022, 0.000484302610857, -0.000349024165189, 0.000241871690378, 0.000147595186718, 0.000232360820519, -6.98334247318e-07, 0.000173642387381, 5.13800368935e-05, 6.76377530908e-05, -8.58318744577e-05], [-0.000379992561648, 0.00178495841101, 0.000397513271309, -0.00224051857367, 0.000973563932348, 8.43992747832e-05, -0.000486904056743, -0.000642579863779, 0.000341116130585, 0.000372372101992, -0.000154482331709, 0.000465712015284, 0.00074842030881], [0.000170810541022, 0.000397513271309, 0.00440352223814, -3.71104615624e-05, -0.00202308176085, -0.000747527403291, -0.000519452558365, -0.000578856444918, -0.001038290211, 0.000536347972229, -0.000737265276257, -0.000126184269902, -0.000752831518184], [0.000484302610857, -0.00224051857367, -3.71104615624e-05, 0.0130396010354, -0.0038023062516, -0.00276066549122, 0.00236310600303, -0.000897641933989, -0.00326082436368, -0.000583547109272, 0.00166585436091, -0.000680488126818, -0.00167081819382], [-0.000349024165189, 0.000973563932348, -0.00202308176085, -0.0038023062516, 0.0175012778491, -0.0084809018299, 0.000322388630593, 0.0027592999395, -0.00427508773282, 0.00101502169855, -0.000603067514021, -0.00100903515704, 0.000215357198613], [0.000241871690378, 8.43992747832e-05, -0.000747527403291, -0.00276066549122, -0.0084809018299, 0.0231953766197, -0.00946490839124, 0.000329445290845, 0.00237702438608, -0.00383449764922, 0.00141927285586, -0.000951326510403, 0.00227380148135], [0.000147595186718, -0.000486904056743, -0.000519452558365, 0.00236310600303, 0.000322388630593, -0.00946490839124, 0.0239662602544, -0.012536579743, 0.000354772462742, 0.00550914555788, -0.00668718945235, 0.00341838505119, -0.00158424407709], [0.000232360820519, -0.000642579863779, -0.000578856444918, -0.000897641933989, 0.0027592999395, 0.000329445290845, -0.012536579743, 0.0230811666697, -0.00448859622702, -0.00521899713203, 0.00606946647167, -0.00499302661046, -0.000102668054751], [-6.98334247318e-07, 0.000341116130585, -0.001038290211, -0.00326082436368, -0.00427508773282, 0.00237702438608, 0.000354772462742, -0.00448859622702, 0.0224522855133, -0.00513564329594, -0.00529294647276, 0.0105559229851, -0.00460025528446], [0.000173642387381, 0.000372372101992, 0.000536347972229, -0.000583547109272, 0.00101502169855, -0.00383449764922, 0.00550914555788, -0.00521899713203, -0.00513564329594, 0.0222063548863, -0.00331444223411, -0.00822269264609, 0.00670266197994], [5.13800368935e-05, -0.000154482331709, -0.000737265276257, 0.00166585436091, -0.000603067514021, 0.00141927285586, -0.00668718945235, 0.00606946647167, -0.00529294647276, -0.00331444223411, 0.0196236092597, -0.00492530828342, -0.00309589738026], [6.76377530908e-05, 0.000465712015284, -0.000126184269902, -0.000680488126818, -0.00100903515704, -0.000951326510403, 0.00341838505119, -0.00499302661046, 0.0105559229851, -0.00822269264609, -0.00492530828342, 0.023445751518, -0.00608738930896], [-8.58318744577e-05, 0.00074842030881, -0.000752831518184, -0.00167081819382, 0.000215357198613, 0.00227380148135, -0.00158424407709, -0.000102668054751, -0.00460025528446, 0.00670266197994, -0.00309589738026, -0.00608738930896, 0.0204895026982]]}, "spectral_contrast_coeffs": {"dmean": [0.0385542660952, 0.0396940074861, 0.034790545702, 0.0291317496449, 0.0181846879423, 0.012054393068], "dmean2": [0.0613132081926, 0.0644820481539, 0.0564394183457, 0.049019832164, 0.0305309407413, 0.0199212301522], "dvar": [0.00103012728505, 0.000992966582999, 0.000793323735707, 0.00054361106595, 0.000215951353312, 9.19768936001e-05], "dvar2": [0.00264937174506, 0.0026399306953, 0.00211568479426, 0.00149467890151, 0.000602723797783, 0.000245505856583], "max": [-0.265766531229, -0.460967361927, -0.511789143085, -0.541346311569, -0.674876451492, -0.670405864716], "mean": [-0.528389453888, -0.685025632381, -0.716161608696, -0.754175424576, -0.78914809227, -0.758045732975], "median": [-0.507103204727, -0.674549400806, -0.708167493343, -0.750286579132, -0.785816550255, -0.749956190586], "min": [-0.978659629822, -0.982412397861, -0.974661409855, -0.971986711025, -0.968821227551, -0.965322732925], "var": [0.0132987899706, 0.006784056779, 0.00587250245735, 0.00390147720464, 0.00194500677753, 0.0018935726257]}, "spectral_contrast_valleys": {"dmean": [0.384617030621, 0.287204384804, 0.25472587347, 0.218848824501, 0.168398678303, 0.162232980132], "dmean2": [0.637407660484, 0.473418563604, 0.421157836914, 0.350050210953, 0.249808222055, 0.208544939756], "dvar": [0.124988287687, 0.0947796702385, 0.0761891156435, 0.0652564466, 0.0624655298889, 0.0562712401152], "dvar2": [0.285700917244,