{"lowlevel": {"average_loudness": 0.883167505264, "barkbands_crest": {"dmean": 2.17211055756, "dmean2": 3.510232687, "dvar": 5.41563653946, "dvar2": 14.8661279678, "max": 26.2448310852, "mean": 13.3689718246, "median": 12.745426178, "min": 4.19374132156, "var": 15.2121067047}, "barkbands_flatness_db": {"dmean": 0.0252637695521, "dmean2": 0.0363725908101, "dvar": 0.000870664720424, "dvar2": 0.0017450604355, "max": 0.585290849209, "mean": 0.283719688654, "median": 0.276994168758, "min": 0.0545335449278, "var": 0.00714805722237}, "barkbands_kurtosis": {"dmean": 10.3991374969, "dmean2": 15.5728502274, "dvar": 235.684768677, "dvar2": 536.75958252, "max": 272.814239502, "mean": 28.527923584, "median": 19.7785835266, "min": -1.87380027771, "var": 896.102783203}, "barkbands_skewness": {"dmean": 0.813813626766, "dmean2": 1.19747436047, "dvar": 0.942149937153, "dvar2": 2.10856842995, "max": 13.4661178589, "mean": 3.55229091644, "median": 3.3454310894, "min": -6.24796199799, "var": 4.27373695374}, "barkbands_spread": {"dmean": 2.27015519142, "dmean2": 3.42445969582, "dvar": 17.2611808777, "dvar2": 39.6876487732, "max": 83.2023696899, "mean": 7.31293106079, "median": 4.22078561783, "min": 0.155543357134, "var": 70.1492233276}, "dissonance": {"dmean": 0.0256551578641, "dmean2": 0.0414076112211, "dvar": 0.000705524464138, "dvar2": 0.00170391052961, "max": 0.500000119209, "mean": 0.428175568581, "median": 0.443473756313, "min": 0.107311338186, "var": 0.00290482328273}, "dynamic_complexity": 3.78197789192, "erbbands_crest": {"dmean": 1.97036993504, "dmean2": 2.96892094612, "dvar": 4.68313741684, "dvar2": 10.0538606644, "max": 33.7865333557, "mean": 11.6152458191, "median": 10.7087106705, "min": 3.29890275002, "var": 22.2187385559}, "erbbands_flatness_db": {"dmean": 0.0220387745649, "dmean2": 0.0290613304824, "dvar": 0.000739868963137, "dvar2": 0.00131764577236, "max": 0.549908697605, "mean": 0.209707304835, "median": 0.200156509876, "min": 0.0465672723949, "var": 0.00608686264604}, "erbbands_kurtosis": {"dmean": 2.68020653725, "dmean2": 3.86450767517, "dvar": 23.1251087189, "dvar2": 49.016254425, "max": 156.327667236, "mean": 5.79051494598, "median": 2.43834638596, "min": -1.8931697607, "var": 100.194221497}, "erbbands_skewness": {"dmean": 0.443223357201, "dmean2": 0.628500521183, "dvar": 0.287297725677, "dvar2": 0.594886600971, "max": 9.23120498657, "mean": 1.56878995895, "median": 1.54972720146, "min": -4.80273103714, "var": 2.0298230648}, "erbbands_spread": {"dmean": 8.46699619293, "dmean2": 12.2828302383, "dvar": 121.724380493, "dvar2": 263.399291992, "max": 139.646408081, "mean": 35.0662727356, "median": 30.5000572205, "min": 0.560889363289, "var": 538.622192383}, "hfc": {"dmean": 3.79192876816, "dmean2": 5.73555994034, "dvar": 55.0826377869, "dvar2": 126.311759949, "max": 85.6227874756, "mean": 10.4602508545, "median": 7.61034107208, "min": 1.05275898599e-16, "var": 116.275863647}, "melbands_crest": {"dmean": 2.36195445061, "dmean2": 3.80525374413, "dvar": 5.85995101929, "dvar2": 15.2663593292, "max": 36.2222709656, "mean": 17.515827179, "median": 17.4603786469, "min": 1.89724814892, "var": 19.5483512878}, "melbands_flatness_db": {"dmean": 0.0286386813968, "dmean2": 0.0410208255053, "dvar": 0.00116661493666, "dvar2": 0.0023491543252, "max": 0.743429064751, "mean": 0.400646984577, "median": 0.395060926676, "min": 0.00900395400822, "var": 0.00968081038445}, "melbands_kurtosis": {"dmean": 17.4750995636, "dmean2": 27.2255802155, "dvar": 775.222229004, "dvar2": 1894.97497559, "max": 475.66494751, "mean": 45.9688644409, "median": 30.1860580444, "min": -1.95707118511, "var": 2249.81567383}, "melbands_skewness": {"dmean": 0.929146051407, "dmean2": 1.39835989475, "dvar": 1.34024143219, "dvar2": 3.07800722122, "max": 15.7072677612, "mean": 4.06762170792, "median": 3.73346161842, "min": -5.07879781723, "var": 5.4522986412}, "melbands_spread": {"dmean": 1.97092115879, "dmean2": 2.95464324951, "dvar": 26.1384868622, "dvar2": 59.5996780396, "max": 129.158935547, "mean": 6.47381258011, "median": 3.25350594521, "min": 0.285086721182, "var": 100.32875824}, "pitch_salience": {"dmean": 0.0598697438836, "dmean2": 0.0979075804353, "dvar": 0.00412188796327, "dvar2": 0.0113284839317, "max": 0.886976242065, "mean": 0.477042853832, "median": 0.473577678204, "min": 0.0941167324781, "var": 0.0127982934937}, "silence_rate_20dB": {"dmean": 0.000921658996958, "dmean2": 0.00184353033546, "dvar": 0.000920857593883, "dvar2": 0.00276205944829, "max": 1, "mean": 0.999539196491, "median": 1, "min": 0, "var": 0.000460583192762}, "silence_rate_30dB": {"dmean": 0.0836405530572, "dmean2": 0.167300373316, "dvar": 0.0766460075974, "dvar2": 0.158896937966, "max": 1, "mean": 0.873286485672, "median": 1, "min": 0, "var": 0.110655091703}, "silence_rate_60dB": {"dmean": 0.0253456216305, "dmean2": 0.0506970845163, "dvar": 0.0247018244117, "dvar2": 0.0557259395719, "max": 1, "mean": 0.0872019380331, "median": 0, "min": 0, "var": 0.0796003043652}, "spectral_centroid": {"dmean": 127.767250061, "dmean2": 191.919464111, "dvar": 59594.3515625, "dvar2": 123783.460938, "max": 11371.2539062, "mean": 603.229003906, "median": 397.545776367, "min": 90.3725967407, "var": 282674.3125}, "spectral_complexity": {"dmean": 1.75460827351, "dmean2": 2.77543497086, "dvar": 10.6538181305, "dvar2": 23.8230419159, "max": 46, "mean": 7.66616725922, "median": 7, "min": 0, "var": 22.6930503845}, "spectral_decrease": {"dmean": 5.18261566995e-09, "dmean2": 8.50315817758e-09, "dvar": 1.24302799694e-16, "dvar2": 3.19074717192e-16, "max": -1.43043848462e-28, "mean": -1.32684991883e-08, "median": -1.02567261351e-08, "min": -1.31313740326e-07, "var": 1.98607653261e-16}, "spectral_energy": {"dmean": 0.0198484975845, "dmean2": 0.0325290299952, "dvar": 0.00181319518015, "dvar2": 0.00464766938239, "max": 0.499726384878, "mean": 0.0510271042585, "median": 0.0396363288164, "min": 1.0088704302e-20, "var": 0.0029096705839}, "spectral_energyband_high": {"dmean": 0.000122971323435, "dmean2": 0.000183719472261, "dvar": 8.52195896073e-08, "dvar2": 1.96384633e-07, "max": 0.00695505738258, "mean": 0.000179111462785, "median": 4.01839970436e-05, "min": 7.2636151305e-21, "var": 1.33316319761e-07}, "spectral_energyband_low": {"dmean": 0.0174821447581, "dmean2": 0.0288864709437, "dvar": 0.00157549465075, "dvar2": 0.00409933086485, "max": 0.486960619688, "mean": 0.0380839705467, "median": 0.0242043901235, "min": 9.13556968925e-23, "var": 0.00228281947784}, "spectral_energyband_middle_high": {"dmean": 0.000557606981602, "dmean2": 0.000699451891705, "dvar": 2.67657628683e-06, "dvar2": 4.17252567786e-06, "max": 0.0494787544012, "mean": 0.00121346511878, "median": 0.000313619646477, "min": 1.75497130802e-21, "var": 9.08963374968e-06}, "spectral_energyband_middle_low": {"dmean": 0.00499323755503, "dmean2": 0.00829453766346, "dvar": 0.000126308164909, "dvar2": 0.000347539258655, "max": 0.268073737621, "mean": 0.014805498533, "median": 0.010516862385, "min": 3.0984813002e-22, "var": 0.000224772869842}, "spectral_entropy": {"dmean": 0.247721359134, "dmean2": 0.348617553711, "dvar": 0.0954519212246, "dvar2": 0.19668532908, "max": 9.78191661835, "mean": 6.32115221024, "median": 6.37643957138, "min": 4.07012271881, "var": 0.511286973953}, "spectral_flux": {"dmean": 0.0344220995903, "dmean2": 0.053767092526, "dvar": 0.00376162235625, "dvar2": 0.00786532927305, "max": 0.594758272171, "mean": 0.0733187794685, "median": 0.0473764128983, "min": 1.00442543172e-10, "var": 0.00614403793588}, "spectral_kurtosis": {"dmean": 5.97145223618, "dmean2": 9.37025928497, "dvar": 100.670768738, "dvar2": 235.537719727, "max": 285.968933105, "mean": 16.0977191925, "median": 8.27500534058, "min": -1.21888530254, "var": 543.401733398}, "spectral_rms": {"dmean": 0.00112273101695, "dmean2": 0.00174002232961, "dvar": 3.85514249501e-06, "dvar2": 9.04710304894e-06, "max": 0.0220802612603, "mean": 0.00611517438665, "median": 0.0062184878625, "min": 3.13729793013e-12, "var": 1.23872086988e-05}, "spectral_rolloff": {"dmean": 106.595664978, "dmean2": 183.520935059, "dvar": 169851.28125, "dvar2": 330140.9375, "max": 18733.8867188, "mean": 426.312347412, "median": 279.931640625, "min": 64.599609375, "var": 388270.46875}, "spectral_skewness": {"dmean": 0.529292166233, "dmean2": 0.820240259171, "dvar": 0.451269328594, "dvar2": 1.0739068985, "max": 13.8697347641, "mean": 2.69566607475, "median": 2.24204468727, "min": -0.886414587498, "var": 2.71279025078}, "spectral_spread": {"dmean": 673260.375, "dmean2": 894050.5, "dvar": 835452207104, "dvar2": 1380625547260.0, "max": 40228352, "mean": 3986687.5, "median": 3642482, "min": 409062.1875, "var": 3745560920060.0}, "spectral_strongpeak": {"dmean": 0.247395962477, "dmean2": 0.421445280313, "dvar": 0.239485442638, "dvar2": 0.576765954494, "max": 11.5831356049, "mean": 0.646217703819, "median": 0.499565780163, "min": 0, "var": 0.403864741325}, "zerocrossingrate": {"dmean": 0.00565174315125, "dmean2": 0.00684043811634, "dvar": 6.20257851551e-05, "dvar2": 7.34726709197e-05, "max": 0.48828125, "mean": 0.0249735526741, "median": 0.01904296875, "min": 0.001953125, "var": 0.000477561727166}, "barkbands": {"dmean": [0.000309567723889, 0.0120591344312, 0.00688766641542, 0.00289717270061, 0.001838167198, 0.00112239096779, 0.000399334123358, 4.32481574535e-05, 9.9954813777e-05, 3.50886766682e-05, 0.000244958297117, 3.93483423977e-05, 2.41697107413e-05, 3.22593150486e-05, 2.85042806354e-05, 2.68951280304e-05, 4.23115670856e-05, 3.23268177453e-05, 0.000146386562847, 6.06974572293e-05, 3.6243811337e-05, 1.14479471449e-05, 7.12211340215e-06, 7.99536246632e-06, 1.08294862002e-05, 2.01796974579e-05, 1.49114894157e-05], "dmean2": [0.000501066737343, 0.0204957723618, 0.0112372729927, 0.00491017382592, 0.00306073366664, 0.0017688353546, 0.000599023594987, 6.70994049869e-05, 0.000145384750795, 5.2540544857e-05, 0.000257659034105, 5.35821382073e-05, 3.95512761315e-05, 5.13518789376e-05, 4.34783287346e-05, 4.2210038373e-05, 6.80487355567e-05, 5.45089023944e-05, 0.000216731685214, 9.25285203266e-05, 5.67634961044e-05, 1.98450015887e-05, 1.15606080726e-05, 1.24966372823e-05, 1.58309358085e-05, 3.14928147418e-05, 2.28665921895e-05], "dvar": [5.53456288799e-07, 0.000876959064044, 0.000224199393415, 4.24211211794e-05, 1.99002715817e-05, 4.94872074341e-06, 1.66813572378e-06, 2.0518026389e-08, 9.19450542369e-08, 1.4899449674e-08, 1.59930482369e-06, 3.21909467971e-08, 8.22253909405e-09, 2.5953406535e-08, 1.83495831863e-08, 1.44050629203e-08, 1.94498124273e-08, 1.50751233718e-08, 2.04738100251e-07, 5.64631612576e-08, 1.46741179208e-08, 8.84049056182e-10, 2.80311718281e-10, 3.68908154025e-10, 6.97110646986e-10, 6.28730845165e-09, 3.52546392079e-09], "dvar2": [1.31481772314e-06, 0.00237412168644, 0.000587436894421, 0.000117507232062, 5.63727917324e-05, 1.17779954962e-05, 3.96505492972e-06, 4.14084020406e-08, 1.79868195005e-07, 3.31468079651e-08, 2.08380788536e-06, 5.21635143969e-08, 2.18349747172e-08, 5.57779706867e-08, 2.95042852372e-08, 2.92427504434e-08, 4.71534846724e-08, 3.94756689559e-08, 4.20136444745e-07, 1.26445655724e-07, 3.4876627808e-08, 2.49097076299e-09, 7.27327920114e-10, 9.24825938053e-10, 1.55630375254e-09, 1.62829607575e-08, 8.95267771028e-09], "max": [0.00959205906838, 0.38306632638, 0.192557811737, 0.139566391706, 0.111836612225, 0.0580957382917, 0.0366982519627, 0.0059568118304, 0.00935076922178, 0.00322695984505, 0.043051622808, 0.0077036768198, 0.00151554273907, 0.00492926966399, 0.00476722232997, 0.00484214536846, 0.00313715962693, 0.00340333138593, 0.0115177929401, 0.00762486597523, 0.00318386987783, 0.000521620793734, 0.000281266315142, 0.000377970165573, 0.000403382640798, 0.00108889106195, 0.000948878587224], "mean": [0.000403151614591, 0.0205685794353, 0.0138637227938, 0.00553246121854, 0.00426520174369, 0.00384245882742, 0.000842620618641, 8.32211080706e-05, 0.000226606658543, 6.59340657876e-05, 0.000452729495009, 7.2956267104e-05, 3.49226575054e-05, 6.46040207357e-05, 8.18002445158e-05, 3.78164259018e-05, 5.67821334698e-05, 4.06350227422e-05, 0.000257777253864, 9.03647523955e-05, 5.50922086404e-05, 1.33256635308e-05, 1.04703913166e-05, 1.17599392979e-05, 1.50337282321e-05, 2.18416862481e-05, 1.53333967319e-05], "median": [8.05213712738e-05, 0.00964565481991, 0.00652309972793, 0.00281689153053, 0.00262404442765, 0.00170515035279, 0.00018403751892, 2.12987506529e-05, 6.85309933033e-05, 1.31775932459e-05, 3.11546245939e-05, 9.50460616878e-06, 5.83952532907e-06, 6.74095281283e-06, 4.46878311777e-06, 8.68514234753e-06, 1.34810943564e-05, 7.67107849242e-06, 3.35519398504e-05, 1.18704147098e-05, 8.79388881003e-06, 1.46629224673e-06, 1.08228368845e-06, 1.18112018299e-06, 2.03850686376e-06, 3.22818391396e-06, 1.7060732489e-06], "min": [5.27039627386e-24, 7.99861255e-24, 4.86286173721e-23, 4.35732117273e-23, 6.04684161284e-23, 1.90210946105e-23, 4.96345791093e-23, 1.34210530859e-23, 1.12764182792e-22, 1.21573146396e-22, 1.11800194765e-22, 1.59607185106e-22, 8.65835364889e-23, 6.77504037663e-23, 1.52114256062e-22, 1.51842446148e-22, 1.61877842335e-22, 1.93961143517e-22, 2.43030980259e-22, 4.52450982863e-22, 4.18516685832e-22, 4.48317301232e-22, 7.00545692827e-22, 8.59937954357e-22, 1.31863787679e-21, 1.43596847875e-21, 2.09064750139e-21], "var": [7.72019291162e-07, 0.00106636644341, 0.00037140850327, 6.8340668804e-05, 2.8383146855e-05, 3.32828167302e-05, 4.86860699311e-06, 5.86613282394e-08, 2.86428615937e-07, 4.29205435637e-08, 4.88075511385e-06, 1.14670044127e-07, 1.11158025007e-08, 9.12729944957e-08, 1.59670477728e-07, 1.96366958249e-08, 2.41503599341e-08, 1.60415218886e-08, 5.2634476333e-07, 9.39353768104e-08, 2.62384602934e-08, 8.45579439801e-10, 5.14910614147e-10, 5.2252119298e-10, 9.61829282886e-10, 5.08636688323e-09, 2.89843349321e-09]}, "erbbands": {"dmean": [0.306551843882, 2.91176724434, 7.37224960327, 8.83859920502, 7.9079914093, 5.9220457077, 7.56782197952, 8.71887493134, 7.22660779953, 2.18439912796, 1.26691675186, 1.79232740402, 1.9128575325, 3.15325665474, 7.69408226013, 1.52979969978, 1.24478268623, 1.12356054783, 1.46467602253, 2.26424622536, 1.29010939598, 2.42937874794, 1.65390753746, 5.20952177048, 5.36397171021, 2.33978772163, 2.30788302422, 0.745068430901, 0.405848294497, 0.293315827847, 0.20056207478, 0.141645923257, 0.146848797798, 0.127963334322, 0.0840674415231, 0.0725666284561, 0.0377451367676, 0.0124682784081, 0.00240863882937, 0.000183092546649], "dmean2": [0.506497859955, 4.9937505722, 12.214422226, 14.5888214111, 13.5312232971, 9.36100769043, 12.0125818253, 13.5564365387, 10.5636606216, 3.50222063065, 1.89109146595, 2.72291731834, 2.82420659065, 3.33102655411, 8.20565128326, 2.02059841156, 1.87513518333, 1.87176704407, 2.35106754303, 3.37390112877, 2.02165269852, 3.88108921051, 2.74719166756, 7.68828773499, 8.11033535004, 3.56455206871, 3.56965208054, 1.20383214951, 0.697154760361, 0.505471885204, 0.327713638544, 0.220521375537, 0.230668827891, 0.196849405766, 0.11940074712, 0.112734250724, 0.0597882010043, 0.0194613784552, 0.0037462238688, 0.000272701465292], "dvar": [0.571302473545, 50.4417533875, 251.951583862, 411.457336426, 447.345611572, 163.553741455, 173.215789795, 354.659973145, 460.997192383, 63.987033844, 12.9103813171, 31.9432849884, 40.4080238342, 192.11819458, 1520.86022949, 46.9432144165, 22.441614151, 22.216047287, 46.1409606934, 110.007072449, 19.5437583923, 66.5858535767, 34.0401496887, 263.303009033, 295.840301514, 59.9489517212, 63.5278930664, 6.10545921326, 1.09584021568, 0.532737374306, 0.221535801888, 0.115160033107, 0.122863404453, 0.0965896472335, 0.0446300841868, 0.0757624804974, 0.0247836578637, 0.00246470910497, 9.38846060308e-05, 3.23719092421e-07], "dvar2": [1.46666681767, 138.428482056, 660.709777832, 1128.82531738, 1329.25366211, 417.669555664, 438.279571533, 774.310668945, 1096.17236328, 160.571670532, 27.6297359467, 71.0121307373, 85.4429779053, 228.952713013, 1978.5802002, 73.0457763672, 48.5607872009, 57.678817749, 101.875686646, 179.595108032, 42.6781234741, 160.896972656, 87.3938598633, 537.160522461, 657.73815918, 130.004211426, 152.483352661, 14.4325866699, 3.06613230705, 1.48816001415, 0.584864497185, 0.282322019339, 0.313884675503, 0.232637569308, 0.0978524237871, 0.198193147779, 0.0647123232484, 0.00630685081705, 0.000240096444031, 7.54105030865e-07], "max": [9.12229919434, 92.7611083984, 166.026229858, 346.346954346, 684.617004395, 212.671356201, 332.26361084, 507.924865723, 678.383056641, 96.3588485718, 149.707794189, 142.784194946, 187.782608032, 475.184997559, 1332.93078613, 298.55871582, 158.674285889, 76.0528259277, 196.443283081, 357.041137695, 144.510925293, 175.438171387, 116.02281189, 481.631744385, 487.632324219, 143.298278809, 246.99609375, 93.3549041748, 22.7054271698, 9.23520755768, 7.08192968369, 7.8634519577, 6.09721279144, 3.98643755913, 3.53374814987, 3.86694288254, 2.14007616043, 0.761677622795, 0.151490941644, 0.00894003175199], "mean": [0.502682387829, 4.97435951233, 15.1955690384, 18.6937770844, 15.2122793198, 14.8164081573, 25.6373691559, 27.5698719025, 17.6516532898, 4.25257015228, 2.7465338707, 3.81486868858, 4.07927322388, 6.43780183792, 14.2501649857, 2.92191433907, 2.02944016457, 1.91916024685, 2.82152271271, 6.25169849396, 2.09100818634, 3.2839550972, 2.38143515587, 9.16895771027, 9.60137271881, 3.57025814056, 3.42623901367, 1.060303092, 0.483999937773, 0.362706810236, 0.296045392752, 0.21710896492, 0.203468233347, 0.164578795433, 0.118183538318, 0.0827306360006, 0.0399255864322, 0.0123617667705, 0.00246523949318, 0.000241426096181], "median": [0.214627951384, 2.18814826012, 7.63493490219, 10.7698116302, 8.6135559082, 8.40045928955, 14.2171802521, 10.9163646698, 5.25037527084, 1.23918545246, 0.997281491756, 1.19069468975, 0.962090432644, 0.977960765362, 1.11999619007, 0.48212236166, 0.359704732895, 0.295031458139, 0.32591971755, 0.467292875051, 0.569131433964, 0.811224400997, 0.523468315601, 1.29177963734, 1.35954141617, 0.619883000851, 0.520300507545, 0.182477861643, 0.0619424246252, 0.0353086069226, 0.0276656486094, 0.0185607075691, 0.0227889157832, 0.0195555575192, 0.0170608721673, 0.0128921885043, 0.00603562919423, 0.00151128217112, 0.00031401324668, 8.26784889796e-05], "min": [3.08566136386e-22, 2.34759694151e-21, 3.79406582787e-20, 1.3418304177e-19, 7.60647826322e-20, 2.66097566559e-19, 3.12481719408e-19, 1.61179425229e-19, 7.80146605935e-19, 3.75712956395e-19, 3.67870276062e-19, 3.02869720424e-18, 3.04459437484e-18, 4.30232104866e-18, 6.7499488948e-18, 4.15955381084e-18, 3.72874574011e-18, 3.42634856729e-18, 5.91461021345e-18, 7.28422278449e-18, 1.24880987361e-17, 5.9915731656e-18, 6.93332780557e-18, 1.22905415361e-17, 2.27540594747e-17, 1.70242902137e-17, 1.73662020112e-17, 1.5717111581e-17, 1.44606341567e-17, 2.17939740988e-17, 1.82987290379e-17, 2.20510634875e-17, 1.23318294292e-17, 1.1326961322e-17, 1.12229665211e-17, 5.54563513429e-18, 2.90264253031e-18, 9.15276174971e-19, 2.98709730896e-19, 3.15237368221e-20], "var": [0.702879965305, 62.1530227661, 396.572723389, 625.162780762, 476.874603271, 350.686767578, 1016.90588379, 2129.04760742, 1655.98059082, 93.7309341431, 41.1125335693, 77.9695358276, 115.539962769, 692.470825195, 4617.23046875, 169.58807373, 52.502620697, 42.0991516113, 146.532592773, 867.523071289, 29.6167125702, 77.4121322632, 41.5173225403, 672.891906738, 652.168823242, 103.235076904, 99.7857131958, 10.2981853485, 1.10600352287, 0.613618612289, 0.420093327761, 0.191674232483, 0.152964159846, 0.116085536778, 0.0631250068545, 0.0620367079973, 0.0193766523153, 0.00200018100441, 7.59328249842e-05, 3.2838045172e-07]}, "gfcc": {"mean": [-95.6782989502, 136.193862915, -58.1473960876, 38.2162780762, -25.9436149597, -20.4538707733, -22.6504440308, 1.57895028591, -33.1426963806, -1.91053760052, -9.74269008636, -0.206980496645, -1.66277933121], "cov": [[13857.8974609, -3492.90234375, 1821.31018066, 961.107727051, -516.431396484, 1269.9206543, -605.62322998, 945.293029785, -74.5402145386, 360.798553467, 85.3509902954, 414.128143311, -445.448028564], [-3492.90234375, 2749.48120117, -1109.58166504, -359.774993896, 430.333984375, -733.431884766, 427.913238525, -456.532775879, -83.4744033813, -189.500732422, 54.8638076782, -234.881866455, 277.914581299], [1821.31018066, -1109.58166504, 2544.98632812, 116.43775177, -47.9405059814, 790.56817627, -419.430938721, 433.327087402, 176.373748779, 82.1322784424, 60.0185813904, 214.854598999, -263.421661377], [961.107727051, -359.774993896, 116.43775177, 628.17767334, 65.652557373, 46.6677360535, 5.71420764923, 77.3438720703, 51.2610282898, 25.3792324066, -4.73807859421, -31.1977024078, -66.7823410034], [-516.431396484, 430.333984375, -47.9405059814, 65.652557373, 400.697631836, -55.5846939087, 34.3741188049, -25.3745727539, -1.89195775986, -26.0702476501, 2.68751144409, -62.5025215149, 21.5404014587], [1269.9206543, -733.431884766, 790.56817627, 46.6677360535, -55.5846939087, 609.318054199, -82.7772521973, 192.629760742, 57.6127204895, 34.1470108032, 28.2489280701, 110.638801575, -99.5234146118], [-605.62322998, 427.913238525, -419.430938721, 5.71420764923, 34.3741188049, -82.7772521973, 350.013305664, -37.5218658447, -68.3078231812, -67.7700805664, 19.1217803955, -36.0768508911, 62.3791923523], [945.293029785, -456.532775879, 433.327087402, 77.3438720703, -25.3745727539, 192.629760742, -37.5218658447, 282.298034668, 21.1122055054, 10.2677736282, 29.491973877, 83.344833374, -65.6648025513], [-74.5402145386, -83.4744033813, 176.373748779, 51.2610282898, -1.89195775986, 57.6127204895, -68.3078231812, 21.1122055054, 137.167388916, 40.3143577576, -31.7274475098, -14.6232614517, -16.9109077454], [360.798553467, -189.500732422, 82.1322784424, 25.3792324066, -26.0702476501, 34.1470108032, -67.7700805664, 10.2677736282, 40.3143577576, 118.285270691, 20.3370418549, -5.86706161499, -26.949180603], [85.3509902954, 54.8638076782, 60.0185813904, -4.73807859421, 2.68751144409, 28.2489280701, 19.1217803955, 29.491973877, -31.7274475098, 20.3370418549, 124.165771484, 43.5861244202, -14.074221611], [414.128143311, -234.881866455, 214.854598999, -31.1977024078, -62.5025215149, 110.638801575, -36.0768508911, 83.344833374, -14.6232614517, -5.86706161499, 43.5861244202, 130.446289062, 17.701166153], [-445.448028564, 277.914581299, -263.421661377, -66.7823410034, 21.5404014587, -99.5234146118, 62.3791923523, -65.6648025513, -16.9109077454, -26.949180603, -14.074221611, 17.701166153, 146.435699463]], "icov": [[0.000166048790561, -9.87486855593e-05, 9.14330157684e-05, -0.000293044809951, 0.000183841853868, -0.000323302025208, 0.000304285873426, -0.000423304038122, 0.00062416237779, -0.000569626979996, 0.000385271239793, -0.000320274208207, 0.000200138238142], [-9.87486855593e-05, 0.00194202596322, -0.000531361612957, 0.00111878942698, -0.00128584273625, 0.00164054858033, -0.00154481083155, 0.00160626147408, -0.00174501072615, 0.00253043486737, -0.00302899559028, 0.00270773121156, -0.0021035131067], [9.14330157684e-05, -0.000531361612957, 0.00119515345432, -0.000353929877747, 0.000169217251823, -0.00130229059141, 0.00122864113655, -0.00107834138907, -2.88552229222e-07, -0.000533225073013, 0.000750015897211, -0.0015668834094, 0.00152153766248], [-0.000293044809951, 0.00111878942698, -0.000353929877747, 0.00282118003815, -0.00124149932526, 0.00134624948259, -0.00149590789806, 0.00091733498266, -0.00240503274836, 0.00185284996405, -0.00197484530509, 0.00201953644864, -0.000589317409322], [0.000183841853868, -0.00128584273625, 0.000169217251823, -0.00124149932526, 0.00399328768253, -0.00128456368111, 0.00141563615762, -0.00162558094598, 0.00171981006861, -0.000999173498712, 0.00101454753894, 0.000772145634983, -3.57251665264e-05], [-0.000323302025208, 0.00164054858033, -0.00130229059141, 0.00134624948259, -0.00128456368111, 0.00494692288339, -0.00249665812589, 0.00156858342234, -0.0027641558554, 0.00214606127702, -0.00225012958981, 0.00057932198979, -0.000718273222446], [0.000304285873426, -0.00154481083155, 0.00122864113655, -0.00149590789806, 0.00141563615762, -0.00249665812589, 0.00629397388548, -0.00270738196559, 0.00309558026493, -0.000252705882303, 0.000782930583227, 0.000218830915401, -5.50285767531e-05], [-0.000423304038122, 0.00160626147408, -0.00107834138907, 0.00091733498266, -0.00162558094598, 0.00156858342234, -0.00270738196559, 0.00825278367847, -0.00298735522665, 0.00279807043262, -0.00242931465618, -0.00135113170836, 0.000401410099585], [0.00062416237779, -0.00174501072615, -2.88552229222e-07, -0.00240503274836, 0.00171981006861, -0.0027641558554, 0.00309558026493, -0.00298735522665, 0.0139960823581, -0.00672071240842, 0.0059817135334, -0.000543587841094, 0.000343341380358], [-0.000569626979996, 0.00253043486737, -0.000533225073013, 0.00185284996405, -0.000999173498712, 0.00214606127702, -0.000252705882303, 0.00279807043262, -0.00672071240842, 0.0163999982178, -0.00863862037659, 0.00682003051043, -0.00309416488744], [0.000385271239793, -0.00302899559028, 0.000750015897211, -0.00197484530509, 0.00101454753894, -0.00225012958981, 0.000782930583227, -0.00242931465618, 0.0059817135334, -0.00863862037659, 0.016959477216, -0.0104560181499, 0.00626268237829], [-0.000320274208207, 0.00270773121156, -0.0015668834094, 0.00201953644864, 0.000772145634983, 0.00057932198979, 0.000218830915401, -0.00135113170836, -0.000543587841094, 0.00682003051043, -0.0104560181499, 0.0226540192962, -0.0109807569534], [0.000200138238142, -0.0021035131067, 0.00152153766248, -0.000589317409322, -3.57251665264e-05, -0.000718273222446, -5.50285767531e-05, 0.000401410099585, 0.000343341380358, -0.00309416488744, 0.00626268237829, -0.0109807569534, 0.0150182601064]]}, "melbands": {"dmean": [0.00307542970404, 0.00369540322572, 0.00147191493306, 0.000463879667222, 0.000248116295552, 0.000200231850613, 0.000100167257187, 1.82580079127e-05, 1.14582608148e-05, 1.23587387861e-05, 9.64518767432e-06, 1.06821407826e-05, 3.60952144547e-05, 3.6397502754e-06, 4.17177625422e-06, 2.43523140853e-06, 2.16109538087e-06, 2.83591134576e-06, 2.11335918721e-06, 2.88321825792e-06, 1.40106135404e-06, 2.73385967375e-06, 2.03828835765e-06, 1.2944201444e-06, 4.60920909973e-06, 6.78488504491e-06, 2.69330848823e-06, 1.38679752126e-06, 1.67285816133e-06, 1.01252555851e-06, 2.93809961249e-07, 2.31599855738e-07, 2.17005776904e-07, 1.51198833009e-07, 1.31306194362e-07, 8.65057145916e-08, 9.06092338937e-08, 1.12352736892e-07, 1.00511634571e-07, 1.11618362553e-07], "dmean2": [0.00516891153529, 0.00622535450384, 0.00243785022758, 0.000776518485509, 0.000391638779547, 0.000313538854243, 0.000147166530951, 2.95213449135e-05, 1.6911277271e-05, 1.85420358321e-05, 1.42148792293e-05, 1.13164296636e-05, 3.80739511456e-05, 5.47306581211e-06, 5.25366294823e-06, 4.17629007643e-06, 3.56930650014e-06, 4.52688709629e-06, 3.26609529111e-06, 4.29117835665e-06, 2.29166244026e-06, 4.3741929403e-06, 3.3956232528e-06, 2.19324874706e-06, 6.81914480083e-06, 1.00554507299e-05, 4.33874356531e-06, 2.13121711568e-06, 2.6165428153e-06, 1.5835225895e-06, 5.07534252847e-07, 3.98925010359e-07, 3.86142261277e-07, 2.58360415728e-07, 2.20309260612e-07, 1.39137455335e-07, 1.41508166962e-07, 1.81107822073e-07, 1.59753611229e-07, 1.76509232119e-07], "dvar": [5.80997439101e-05, 6.71321686241e-05, 1.08074400487e-05, 1.42977000905e-06, 1.67361449144e-07, 1.76414673092e-07, 8.9919957702e-08, 4.64728611149e-09, 9.21440923562e-10, 1.54813639686e-09, 1.02763564325e-09, 2.01632199825e-09, 3.57733576095e-08, 2.19131768286e-10, 5.60530621918e-10, 1.05842792864e-10, 8.84240874965e-11, 2.181512887e-10, 8.33118019017e-11, 1.88006638036e-10, 2.31367650733e-11, 9.08971856117e-11, 5.24699450555e-11, 2.5299399728e-11, 2.1693884189e-10, 4.51612580665e-10, 1.33085265031e-10, 2.34029583907e-11, 4.20035499438e-11, 1.60919524234e-11, 7.11499381547e-13, 3.67633983152e-13, 3.01772577196e-13, 1.42569983597e-13, 9.90815028222e-14, 4.17449989778e-14, 4.50771893228e-14, 7.8357540725e-14, 5.31385374071e-14, 7.73390344279e-14], "dvar2": [0.000154307010234, 0.000178588656127, 2.95400350296e-05, 4.10575239584e-06, 4.21645836468e-07, 4.02362530849e-07, 2.14664922282e-07, 1.15406617596e-08, 1.96840876932e-09, 3.29353033734e-09, 2.13590367615e-09, 2.34165820068e-09, 4.70470666869e-08, 4.84268292134e-10, 6.23176010794e-10, 2.97534580307e-10, 2.18323290002e-10, 4.65088273449e-10, 1.4127966852e-10, 3.41976502671e-10, 5.63736453352e-11, 2.1724573529e-10, 1.3502918228e-10, 6.74825126334e-11, 4.40925462808e-10, 9.39822664137e-10, 3.26441124132e-10, 5.26122652389e-11, 1.07239585267e-10, 3.56643256594e-11, 1.98335336869e-12, 1.0264281829e-12, 8.65155494988e-13, 3.80395693243e-13, 2.62460734569e-13, 1.05256718597e-13, 1.09228456087e-13, 2.04225091699e-13, 1.27898017697e-13, 1.87392229555e-13], "max": [0.0992320254445, 0.0843423977494, 0.0590784922242, 0.0311319883913, 0.00890794862062, 0.0111948195845, 0.008645077236, 0.000857337145135, 0.00122049008496, 0.00113512773532, 0.000949730630964, 0.00152168492787, 0.00641370611265, 0.000627487141173, 0.00128378090449, 0.000133915891638, 0.000198238092707, 0.00045951793436, 0.000311110721668, 0.000454012159025, 0.000135468726512, 0.000221591355512, 0.00022669552709, 0.000165996316355, 0.000457590882434, 0.000649905996397, 0.000512666243594, 0.000105055085442, 0.000235314364545, 0.000169786362676, 1.60454637808e-05, 1.5078375327e-05, 8.7784965217e-06, 5.45908869753e-06, 5.70037991565e-06, 4.60428873339e-06, 4.7052226364e-06, 4.70399572805e-06, 3.13763371196e-06, 3.71177611669e-06], "mean": [0.00514689227566, 0.0077042770572, 0.0032396169845, 0.00102202163544, 0.000835638260469, 0.00065787776839, 0.000238285734667, 3.22857194988e-05, 2.47386069532e-05, 2.61695495283e-05, 2.02779756364e-05, 2.2458469175e-05, 6.64417093503e-05, 6.07844322076e-06, 8.2449596448e-06, 3.17457920573e-06, 3.76313801098e-06, 5.30153374712e-06, 5.74150499233e-06, 6.41419183012e-06, 1.92247625819e-06, 3.49774018105e-06, 2.85929127131e-06, 1.57712213422e-06, 8.06661137176e-06, 1.17285562737e-05, 3.99398732043e-06, 1.80641973202e-06, 2.30386353905e-06, 1.47632727021e-06, 3.47662876266e-07, 2.67676654175e-07, 2.36869411196e-07, 1.92695324586e-07, 1.83099999163e-07, 1.35160135528e-07, 1.3022611256e-07, 1.4833892692e-07, 1.36328623057e-07, 1.36282466201e-07], "median": [0.00243099010549, 0.00415175454691, 0.00211159861647, 0.000642839935608, 0.000491313810926, 0.00027971615782, 7.50612380216e-05, 5.8817900026e-06, 8.44983424031e-06, 7.81356266089e-06, 4.5181823225e-06, 3.52884148924e-06, 4.2886731535e-06, 9.80566483122e-07, 7.53878452997e-07, 4.43600129074e-07, 4.7908349643e-07, 4.2300541736e-07, 3.85958230709e-07, 5.91874709244e-07, 4.9018927939e-07, 8.07085996257e-07, 5.19558568612e-07, 3.07169415237e-07, 1.03194395251e-06, 1.38168525154e-06, 4.72363495874e-07, 2.98141515032e-07, 3.17012904816e-07, 1.93000744275e-07, 4.92001106522e-08, 3.32630847311e-08, 1.9659569972e-08, 1.92248599262e-08, 1.65656199869e-08, 1.17517489073e-08, 1.09010791505e-08, 1.48474343931e-08, 1.72507483853e-08, 1.52766368444e-08], "min": [2.7510001568e-24, 1.42584589135e-23, 2.01372901929e-23, 1.14347297255e-23, 1.17524686986e-23, 3.3251950492e-24, 1.13189383553e-23, 3.65748692831e-24, 3.05353265269e-24, 1.99954072482e-23, 1.61913748128e-23, 1.80262810556e-23, 2.06610922562e-23, 1.92924674951e-23, 6.92551874974e-24, 8.10340325493e-24, 5.92343623602e-24, 7.9298877768e-24, 1.33942081493e-23, 6.20900782801e-24, 1.86201576331e-23, 7.44242932422e-24, 3.60741989881e-24, 1.01144132284e-23, 9.68658792714e-24, 1.1162948211e-23, 2.02616383374e-23, 9.2985322595e-24, 9.96126377231e-24, 1.18190170046e-23, 8.20419995709e-24, 7.30141175994e-24, 1.08471514134e-23, 1.19091877504e-23, 9.9425527805e-24, 1.1572490872e-23, 1.37139066529e-23, 8.48593926281e-24, 7.32302654874e-24, 9.98579892418e-24], "var": [7.02770121279e-05, 9.75318544079e-05, 1.64638931892e-05, 1.79885660145e-06, 8.83541360963e-07, 1.11577367079e-06, 2.84546587181e-07, 7.47231609921e-09, 3.32893956845e-09, 4.06228606309e-09, 3.00293012678e-09, 7.79531905692e-09, 1.07203959487e-07, 5.77968395366e-10, 2.46404696647e-09, 1.0610566592e-10, 2.05195666014e-10, 7.68275332241e-10, 6.82545742148e-10, 8.0691070492e-10, 2.7587435808e-11, 1.0200272571e-10, 7.39823410867e-11, 2.3493649734e-11, 5.55535895064e-10, 1.12023301746e-09, 1.96968677479e-10, 3.12951019266e-11, 5.12108827566e-11, 3.04220711123e-11, 7.64030982578e-13, 3.61390415206e-13, 2.72061534542e-13, 1.91344349761e-13, 1.76287803799e-13, 8.10715223795e-14, 6.83172661779e-14, 8.83073521534e-14, 6.80226071325e-14, 8.84030262188e-14]}, "mfcc": {"mean": [-758.517944336, 166.633056641, 35.3323822021, 60.1965141296, 16.8278465271, -4.02656316757, 15.925909996, -0.760317564011, -3.00850915909, -3.45446586609, -11.8338518143, -7.48263216019, 1.35926437378], "cov": [[8368.39550781, -1335.19311523, 31.1271457672, 544.44921875, 12.094165802, 152.656524658, 230.432022095, 207.145111084, 24.6169147491, 179.151855469, 361.720581055, 80.0090255737, 59.3951683044], [-1335.19311523, 1643.50683594, -188.734451294, -6.26007270813, 24.7324008942, -126.607849121, 117.040679932, -38.5897216797, -25.6532783508, -90.5179367065, -157.774230957, -23.5341377258, 18.6532878876], [31.1271457672, -188.734451294, 1401.44775391, -110.214431763, 305.218231201, 269.836486816, -137.047637939, 208.134872437, 18.5865325928, 27.5971336365, 190.178131104, 56.832572937, 57.5955505371], [544.44921875, -6.26007270813, -110.214431763, 561.080993652, 127.063232422, -35.912902832, 96.8259658813, -11.3734064102, 22.6918544769, 40.8697509766, 30.7886295319, 37.199180603, 0.0933822393417], [12.094165802, 24.7324008942, 305.218231201, 127.063232422, 385.893981934, 120.938362122, -53.0214118958, 52.8093605042, 1.86064064503, 29.7012901306, 75.8399581909, 22.0971412659, 25.0093860626], [152.656524658, -126.607849121, 269.836486816, -35.912902832, 120.938362122, 259.401885986, 16.0258903503, 37.8606414795, 36.1697883606, 24.7658977509, 41.9451904297, 19.9208374023, 24.5144557953], [230.432022095, 117.040679932, -137.047637939, 96.8259658813, -53.0214118958, 16.0258903503, 241.950180054, 90.525970459, -1.33359622955, 1.54213416576, -16.831533432, 15.3337526321, 25.2658672333], [207.145111084, -38.5897216797, 208.134872437, -11.3734064102, 52.8093605042, 37.8606414795, 90.525970459, 226.903106689, 51.8806228638, -8.1458902359, 32.3221588135, 16.1406555176, 41.9285163879], [24.6169147491, -25.6532783508, 18.5865325928, 22.6918544769, 1.86064064503, 36.1697883606, -1.33359622955, 51.8806228638, 138.1902771, 33.2109565735, -22.5749988556, 2.99617815018, 10.1114606857], [179.151855469, -90.5179367065, 27.5971336365, 40.8697509766, 29.7012901306, 24.7658977509, 1.54213416576, -8.1458902359, 33.2109565735, 111.198226929, 51.6984138489, -9.82992076874, -4.5274682045], [361.720581055, -157.774230957, 190.178131104, 30.7886295319, 75.8399581909, 41.9451904297, -16.831533432, 32.3221588135, -22.5749988556, 51.6984138489, 169.293869019, 59.0576629639, -16.8616008759], [80.0090255737, -23.5341377258, 56.832572937, 37.199180603, 22.0971412659, 19.9208374023, 15.3337526321, 16.1406555176, 2.99617815018, -9.82992076874, 59.0576629639, 107.344688416, 21.5724220276], [59.3951683044, 18.6532878876, 57.5955505371, 0.0933822393417, 25.0093860626, 24.5144557953, 25.2658672333, 41.9285163879, 10.1114606857, -4.5274682045, -16.8616008759, 21.5724220276, 90.8710403442]], "icov": [[0.000170287530636, 0.00010497529729, 5.48123680346e-05, -0.000170791216078, 0.000116911680379, -9.40253521549e-05, -7.48288730392e-05, -7.61906412663e-05, -1.90303162526e-05, 7.60391267249e-05, -0.000458191760117, 0.000253103935393, -0.000257467560004], [0.00010497529729, 0.000910573056899, -0.000157582922839, 0.000261272012722, -0.000655800162349, 0.000815557024907, -0.00122864812147, 0.000841680390295, -0.00050432770513, 0.000622873485554, 0.000255850376561, 0.000103800652141, -0.000132203975227], [5.48123680346e-05, -0.000157582922839, 0.00158057524823, -0.000187081081094, 6.2151470047e-05, -0.00153158744797, 0.00185267208144, -0.00201997626573, 0.000886304245796, -0.00022192572942, -0.000963392492849, 4.69021615572e-05, -0.000491670391057], [-0.000170791216078, 0.000261272012722, -0.000187081081094, 0.00318011315539, -0.00222362019122, 0.00200227904133, -0.0028184808325, 0.00226094666868, -0.00186603795737, 0.000249770557275, -3.65657360817e-05, -0.000645279069431, 0.000352052331436], [0.000116911680379, -0.000655800162349, 6.2151470047e-05, -0.00222362019122, 0.00548124359921, -0.00314118899405, 0.00369257992133, -0.00296743097715, 0.00237364415079, -0.00134349672589, -0.000710625376087, 0.000246340903686, -0.000818935455754], [-9.40253521549e-05, 0.000815557024907, -0.00153158744797, 0.00200227904133, -0.00314118899405, 0.0078986492008, -0.00480074621737, 0.00424100458622, -0.00403774157166, 0.00145343074109, -0.000703977479134, 0.00037320467527, -0.000723131466657], [-7.48288730392e-05, -0.00122864812147, 0.00185267208144, -0.0028184808325, 0.00369257992133, -0.00480074621737, 0.0117083806545, -0.00856798514724, 0.0061138337478, -0.00443628802896, 0.00295274890959, -0.00275434367359, 0.000406954262871], [-7.61906412663e-05, 0.000841680390295, -0.00201997626573, 0.00226094666868, -0.00296743097715, 0.00424100458622, -0.00856798514724, 0.0131889125332, -0.00822962541133, 0.00641825376078, -0.00504959002137, 0.00389096164145, -0.00350078707561], [-1.90303162526e-05, -0.00050432770513, 0.000886304245796, -0.00186603795737, 0.00237364415079, -0.00403774157166, 0.0061138337478, -0.00822962541133, 0.014805666171, -0.00875723082572, 0.00782104488462, -0.00536079192534, 0.0027295241598], [7.60391267249e-05, 0.000622873485554, -0.00022192572942, 0.000249770557275, -0.00134349672589, 0.00145343074109, -0.00443628802896, 0.00641825376078, -0.00875723082572, 0.0181584358215, -0.0108573623002, 0.00845683924854, -0.00393056450412], [-0.000458191760117, 0.000255850376561, -0.000963392492849, -3.65657360817e-05, -0.000710625376087, -0.000703977479134, 0.00295274890959, -0.00504959002137, 0.00782104488462, -0.0108573623002, 0.0192023683339, -0.0117903454229, 0.00770290382206], [0.000253103935393, 0.000103800652141, 4.69021615572e-05, -0.000645279069431, 0.000246340903686, 0.00037320467527, -0.00275434367359, 0.00389096164145, -0.00536079192534, 0.00845683924854, -0.0117903454229, 0.017817068845, -0.00681338645518], [-0.000257467560004, -0.000132203975227, -0.000491670391057, 0.000352052331436, -0.000818935455754, -0.000723131466657, 0.000406954262871, -0.00350078707561, 0.0027295241598, -0.00393056450412, 0.00770290382206, -0.00681338645518, 0.0159811321646]]}, "spectral_contrast_coeffs": {"dmean": [0.0424994453788, 0.040226791054, 0.0339109748602, 0.026573818177, 0.022641139105, 0.0243447441608], "dmean2": [0.0712075829506, 0.0631074532866, 0.0512178875506, 0.0413381904364, 0.0354080013931, 0.040266584605], "dvar": [0.00150130537804, 0.00132451148238, 0.0010221239645, 0.000646448577754, 0.000488542078529, 0.000806878553703], "dvar2": [0.00422645593062, 0.00315192621201, 0.00223458977416, 0.00140524306335, 0.00105024478398, 0.00209048762918], "max": [-0.342487156391, -0.303126782179, -0.434347242117, -0.435887902975, -0.521774470806, -0.454397410154], "mean": [-0.621642112732, -0.615225970745, -0.742953240871, -0.77874737978, -0.772890269756, -0.789178848267], "median": [-0.619180142879, -0.617483258247, -0.749167561531, -0.790430903435, -0.779146194458, -0.804012656212], "min": [-0.949599742889, -0.959332227707, -0.970318734646, -0.953015327454, -0.959928452969, -0.956582486629], "var": [0.00475603155792, 0.00874137878418, 0.00600316096097, 0.00453206291422, 0.00327036832459, 0.0041312482208]}, "spectral_contrast_valleys": {"dmean": [0.370042473078, 0.3777795434, 0.383774638176, 0.396403074265, 0.378541260958, 0.490519970655], "dmean2": [0.585157990456, 0.580661058426, 0.588409245014, 0.568470239639, 0.542564511299, 0.666425645351], "dvar": [0.176947623491, 0.172756046057, 0.206100046635, 0.255007535219, 0.228911608458, 0.396324247122], "dvar2": [0.341582536697, 0.345074772835, 0.41