{"lowlevel": {"average_loudness": 0.93176651001, "barkbands_crest": {"dmean": 2.77220201492, "dmean2": 4.25038909912, "dvar": 7.17462730408, "dvar2": 14.6071624756, "max": 26.6860694885, "mean": 11.2546062469, "median": 10.3525447845, "min": 2.27984333038, "var": 33.7737388611}, "barkbands_flatness_db": {"dmean": 0.0361051596701, "dmean2": 0.0469379946589, "dvar": 0.00173915887717, "dvar2": 0.0028082896024, "max": 0.733238816261, "mean": 0.156669422984, "median": 0.120882108808, "min": 0.0181091669947, "var": 0.0120326559991}, "barkbands_kurtosis": {"dmean": 14.5238990784, "dmean2": 21.0879631042, "dvar": 1198.51757812, "dvar2": 2622.31762695, "max": 640.661071777, "mean": 25.4361915588, "median": 3.08057713509, "min": -1.88900673389, "var": 2833.14208984}, "barkbands_skewness": {"dmean": 1.10280442238, "dmean2": 1.56361675262, "dvar": 1.81140589714, "dvar2": 3.71417713165, "max": 18.6885662079, "mean": 2.59689640999, "median": 1.7112531662, "min": -2.8029396534, "var": 9.3153181076}, "barkbands_spread": {"dmean": 9.10580539703, "dmean2": 12.9202184677, "dvar": 145.255828857, "dvar2": 318.4090271, "max": 114.597358704, "mean": 25.4154453278, "median": 20.7920093536, "min": 0.140614762902, "var": 548.58972168}, "dissonance": {"dmean": 0.0176387224346, "dmean2": 0.029298979789, "dvar": 0.000466660334496, "dvar2": 0.00114574516192, "max": 0.500000119209, "mean": 0.472395956516, "median": 0.483705759048, "min": 0.134760558605, "var": 0.00118484732229}, "dynamic_complexity": 7.17633581161, "erbbands_crest": {"dmean": 2.44954681396, "dmean2": 3.84337997437, "dvar": 6.3008441925, "dvar2": 13.504447937, "max": 31.7752342224, "mean": 8.29637145996, "median": 6.44163322449, "min": 2.0581600666, "var": 27.2993049622}, "erbbands_flatness_db": {"dmean": 0.0234537031502, "dmean2": 0.0314153507352, "dvar": 0.000822144094855, "dvar2": 0.00153329432942, "max": 0.536530256271, "mean": 0.133527442813, "median": 0.118974938989, "min": 0.0220719072968, "var": 0.00427617738023}, "erbbands_kurtosis": {"dmean": 2.52839040756, "dmean2": 3.50103235245, "dvar": 35.7115821838, "dvar2": 66.8696289062, "max": 132.484069824, "mean": 2.97508263588, "median": -0.122145414352, "min": -1.72995948792, "var": 87.1410140991}, "erbbands_skewness": {"dmean": 0.546546578407, "dmean2": 0.745726704597, "dvar": 0.469659686089, "dvar2": 0.748956859112, "max": 9.5177230835, "mean": 0.550336182117, "median": 0.237856030464, "min": -2.30364966393, "var": 2.62439107895}, "erbbands_spread": {"dmean": 13.5835399628, "dmean2": 19.5007991791, "dvar": 231.035263062, "dvar2": 466.090057373, "max": 159.938461304, "mean": 49.8948326111, "median": 42.4229202271, "min": 0.57536649704, "var": 891.023071289}, "hfc": {"dmean": 7.49413204193, "dmean2": 9.4574804306, "dvar": 145.38381958, "dvar2": 246.064437866, "max": 106.527061462, "mean": 13.5909843445, "median": 3.29752755165, "min": 1.17402538433e-16, "var": 421.193206787}, "melbands_crest": {"dmean": 3.5569357872, "dmean2": 5.56740570068, "dvar": 10.9466753006, "dvar2": 24.7384033203, "max": 34.3756446838, "mean": 15.7905397415, "median": 16.1465187073, "min": 1.69642353058, "var": 49.1411247253}, "melbands_flatness_db": {"dmean": 0.0452151969075, "dmean2": 0.05841531232, "dvar": 0.0026795072481, "dvar2": 0.00411112653092, "max": 0.925282597542, "mean": 0.223811611533, "median": 0.191446185112, "min": 0.00296645471826, "var": 0.0217224191874}, "melbands_kurtosis": {"dmean": 27.4193344116, "dmean2": 40.7291564941, "dvar": 1960.24609375, "dvar2": 4352.83007812, "max": 645.688293457, "mean": 55.0870628357, "median": 16.5540180206, "min": -1.72822332382, "var": 6294.79833984}, "melbands_skewness": {"dmean": 1.42433261871, "dmean2": 2.05270457268, "dvar": 2.54137253761, "dvar2": 5.23831653595, "max": 16.8422203064, "mean": 4.28552055359, "median": 3.32966995239, "min": -1.26606309414, "var": 11.8913612366}, "melbands_spread": {"dmean": 12.3389225006, "dmean2": 17.8857326508, "dvar": 511.15145874, "dvar2": 956.525878906, "max": 211.486907959, "mean": 32.5355911255, "median": 17.036693573, "min": 0.322807610035, "var": 1891.02246094}, "pitch_salience": {"dmean": 0.0881392359734, "dmean2": 0.144034594297, "dvar": 0.0074447854422, "dvar2": 0.0184610914439, "max": 0.938011705875, "mean": 0.554922580719, "median": 0.574145078659, "min": 0.0851831585169, "var": 0.0231594983488}, "silence_rate_20dB": {"dmean": 0, "dmean2": 0, "dvar": 0, "dvar2": 0, "max": 1, "mean": 1, "median": 1, "min": 1, "var": 0}, "silence_rate_30dB": {"dmean": 0.000582580862101, "dmean2": 0.00116550119128, "dvar": 0.000582245353144, "dvar2": 0.00174690864515, "max": 1, "mean": 0.999708771706, "median": 1, "min": 0, "var": 0.000291115429718}, "silence_rate_60dB": {"dmean": 0.0891348645091, "dmean2": 0.178321674466, "dvar": 0.0811903402209, "dvar2": 0.155263766646, "max": 1, "mean": 0.379440873861, "median": 0, "min": 0, "var": 0.235466048121}, "spectral_centroid": {"dmean": 371.784454346, "dmean2": 526.482788086, "dvar": 248900.34375, "dvar2": 432214.3125, "max": 11384.4101562, "mean": 1574.15930176, "median": 1382.35339355, "min": 101.5001297, "var": 1361213.625}, "spectral_complexity": {"dmean": 4.09204769135, "dmean2": 5.28263425827, "dvar": 43.0240821838, "dvar2": 59.6944046021, "max": 60, "mean": 9.91933631897, "median": 4, "min": 0, "var": 177.7109375}, "spectral_decrease": {"dmean": 2.56570253931e-09, "dmean2": 3.96068067232e-09, "dvar": 2.17845028807e-17, "dvar2": 5.30277796701e-17, "max": 6.60383933031e-19, "mean": -4.5758907774e-09, "median": -2.43646480769e-09, "min": -4.02350508466e-08, "var": 3.45979640118e-17}, "spectral_energy": {"dmean": 0.0102545758709, "dmean2": 0.0156277101487, "dvar": 0.000330855720676, "dvar2": 0.000794156221673, "max": 0.155475467443, "mean": 0.0185032226145, "median": 0.0101234521717, "min": 1.07481191154e-20, "var": 0.000548839336261}, "spectral_energyband_high": {"dmean": 0.000484485615743, "dmean2": 0.000600338564254, "dvar": 6.87631768415e-07, "dvar2": 1.21943810427e-06, "max": 0.0106485411525, "mean": 0.000771281658672, "median": 9.84205325949e-05, "min": 7.80903411572e-21, "var": 1.95411166715e-06}, "spectral_energyband_low": {"dmean": 0.00539746880531, "dmean2": 0.00880715623498, "dvar": 0.000152977052494, "dvar2": 0.000379754346795, "max": 0.125091686845, "mean": 0.00910444837064, "median": 0.000828557182103, "min": 3.51060678644e-23, "var": 0.000216067113797}, "spectral_energyband_middle_high": {"dmean": 0.00159725174308, "dmean2": 0.00213789450936, "dvar": 1.41149021147e-05, "dvar2": 2.66545866907e-05, "max": 0.0427406542003, "mean": 0.00262232869864, "median": 0.000212967745028, "min": 1.52085728327e-21, "var": 3.48300854967e-05}, "spectral_energyband_middle_low": {"dmean": 0.00478998711333, "dmean2": 0.00757283437997, "dvar": 8.66964837769e-05, "dvar2": 0.000214942338062, "max": 0.0827476158738, "mean": 0.00671970797703, "median": 0.00152002600953, "min": 3.30746153494e-22, "var": 0.000143031866173}, "spectral_entropy": {"dmean": 0.265637040138, "dmean2": 0.34236240387, "dvar": 0.11987926811, "dvar2": 0.190698772669, "max": 9.79389476776, "mean": 7.67032051086, "median": 7.91900444031, "min": 3.88513374329, "var": 0.7207275033}, "spectral_flux": {"dmean": 0.0317501723766, "dmean2": 0.0484980084002, "dvar": 0.00225302320905, "dvar2": 0.0052656987682, "max": 0.343095868826, "mean": 0.063237093389, "median": 0.0432960018516, "min": 1.03673132579e-10, "var": 0.00382436788641}, "spectral_kurtosis": {"dmean": 3.07434415817, "dmean2": 5.00587797165, "dvar": 485.197174072, "dvar2": 1350.32910156, "max": 1179.81567383, "mean": 5.97798347473, "median": 2.56579566002, "min": -1.19690513611, "var": 961.451171875}, "spectral_rms": {"dmean": 0.00105106388219, "dmean2": 0.00148508872371, "dvar": 2.38680513576e-06, "dvar2": 5.11181860929e-06, "max": 0.0123159810901, "mean": 0.00329658435658, "median": 0.00314269633964, "min": 3.23820462632e-12, "var": 7.18444744052e-06}, "spectral_rolloff": {"dmean": 918.154724121, "dmean2": 1290.3470459, "dvar": 3200935.75, "dvar2": 5243080, "max": 18389.3554688, "mean": 2767.76464844, "median": 882.861328125, "min": 86.1328125, "var": 16836908}, "spectral_skewness": {"dmean": 0.310536623001, "dmean2": 0.477405160666, "dvar": 0.401348352432, "dvar2": 0.866275787354, "max": 30.7410869598, "mean": 1.55315709114, "median": 1.25826501846, "min": 0.00629647541791, "var": 1.69292509556}, "spectral_spread": {"dmean": 794293.125, "dmean2": 1083055.875, "dvar": 1287553024000.0, "dvar2": 2366433394690.0, "max": 40776352, "mean": 5832283.5, "median": 5177437, "min": 184538.453125, "var": 5113453740030.0}, "spectral_strongpeak": {"dmean": 0.335335671902, "dmean2": 0.533857524395, "dvar": 0.499140173197, "dvar2": 1.16859650612, "max": 10.2818536758, "mean": 0.692317485809, "median": 0.321325659752, "min": 0, "var": 1.54993546009}, "zerocrossingrate": {"dmean": 0.0233699399978, "dmean2": 0.0227175988257, "dvar": 0.00101029756479, "dvar2": 0.000974316790234, "max": 0.853515625, "mean": 0.100679211318, "median": 0.0634765625, "min": 0.0029296875, "var": 0.0172596964985}, "barkbands": {"dmean": [0.000140516000101, 0.00310376775451, 0.00239265966229, 0.00151505635586, 0.00131081254221, 0.000984061975032, 0.000585169007536, 0.00042231529369, 0.000798905268312, 0.000299159873975, 0.000351983617293, 0.000176385787199, 0.000381849618861, 0.000120220633107, 0.000173523047124, 0.00014831747103, 0.000124471975141, 0.000104083999759, 0.000132104323711, 7.79909751145e-05, 0.000118912488688, 8.95424673217e-05, 7.72224157117e-05, 4.71853272757e-05, 5.06539727212e-05, 5.884922939e-05, 3.02856951748e-05], "dmean2": [0.000204506257433, 0.00503971287981, 0.00397725403309, 0.00268807052635, 0.00221679382958, 0.0017139891861, 0.000995790120214, 0.000587591668591, 0.0011044871062, 0.000447023106972, 0.000540376000572, 0.000270966731478, 0.000614508928265, 0.000182793955901, 0.000255681341514, 0.000221338821575, 0.000190251841559, 0.000153308894369, 0.000195173372049, 0.000112469657324, 0.000168763028341, 0.000115289301903, 0.00010448001558, 6.05048116995e-05, 6.21968283667e-05, 8.00478737801e-05, 4.18297786382e-05], "dvar": [1.54420234821e-07, 5.79781481065e-05, 2.70714299404e-05, 1.45897774928e-05, 7.88860506873e-06, 8.31315810501e-06, 2.78153061117e-06, 1.80156769147e-06, 8.71752854437e-06, 6.57321038489e-07, 1.75075103925e-06, 2.69761216032e-07, 2.47992238656e-06, 1.03788153183e-07, 2.53282962603e-07, 1.65560777532e-07, 8.81169697209e-08, 5.54254171448e-08, 9.817402713e-08, 3.08541387994e-08, 5.65037403533e-08, 2.68660116376e-08, 1.90863360672e-08, 7.85374520973e-09, 1.19100276308e-08, 2.2272736544e-08, 6.54148557544e-09], "dvar2": [3.3359017948e-07, 0.000136899921927, 7.10147432983e-05, 4.24834797741e-05, 2.03570416488e-05, 2.21834234253e-05, 7.51775360186e-06, 2.82727046397e-06, 1.35719956234e-05, 1.34532433549e-06, 4.39313771494e-06, 5.56326085643e-07, 6.22075867796e-06, 2.39603792807e-07, 4.96796474181e-07, 3.81543685535e-07, 1.8457272688e-07, 1.15734877681e-07, 1.94224398342e-07, 6.04787544489e-08, 1.21605211234e-07, 4.51458177508e-08, 3.84638880746e-08, 1.40770364254e-08, 1.8954377623e-08, 4.15864178649e-08, 1.33100899191e-08], "max": [0.00382824754342, 0.104338303208, 0.0552350431681, 0.0394530147314, 0.0213662236929, 0.0232159383595, 0.0197917167097, 0.0429589189589, 0.0590445809066, 0.0115129658952, 0.0165156163275, 0.0106416177005, 0.0395703911781, 0.00577065581456, 0.00630286661908, 0.0043589673005, 0.00397779978812, 0.00324952509254, 0.00302206678316, 0.00184436060954, 0.00353775732219, 0.00254527502693, 0.00137955392711, 0.00130172714125, 0.00184803805314, 0.00221986160614, 0.00108874298166], "mean": [0.000140313801239, 0.00451885722578, 0.00375823280774, 0.00147839041892, 0.00122737884521, 0.000821259687655, 0.000742938602343, 0.000692039728165, 0.00171142432373, 0.000456441310234, 0.000378222728614, 0.000253648875514, 0.000449368963018, 0.000165858218679, 0.000208065408515, 0.00016831830726, 0.000171389532625, 0.000156791284098, 0.00018601960619, 0.000116667135444, 0.000190919148736, 0.000144454883412, 0.0001106603886, 7.3058065027e-05, 7.36622823752e-05, 7.51235565986e-05, 3.37274977937e-05], "median": [4.84411975776e-06, 0.000325259316014, 0.000219721565372, 0.000177111767698, 0.000184579359484, 8.18919579615e-05, 3.58187971869e-05, 2.82862856693e-05, 1.76627763722e-05, 2.39616692852e-05, 9.80243748927e-06, 1.10639120976e-05, 1.04102236946e-05, 8.39640597405e-06, 1.02747708297e-05, 1.1053025446e-05, 1.40552729135e-05, 2.02423761948e-05, 2.29981305893e-05, 1.4353881852e-05, 2.15571526496e-05, 1.82994372153e-05, 1.36252301672e-05, 1.01793193608e-05, 6.16016586719e-06, 2.81308803096e-06, 4.23589085585e-07], "min": [4.93608128208e-23, 1.28526661819e-23, 4.76126307905e-24, 6.77464989048e-24, 2.630312958e-23, 5.47410145883e-23, 1.89905294059e-23, 2.80049786539e-23, 1.26719813781e-22, 1.39709752804e-22, 9.29216236547e-23, 9.86252647042e-23, 9.96112840378e-23, 7.96476631509e-23, 1.11441887831e-22, 1.53620096867e-22, 1.74652946135e-22, 1.9632920298e-22, 2.46759124276e-22, 3.48053357858e-22, 5.4613534666e-22, 5.22158418006e-22, 5.28176682029e-22, 7.46075311154e-22, 1.61965043651e-21, 1.80942891329e-21, 2.02335829726e-21], "var": [1.94512040252e-07, 7.63457646826e-05, 4.43810531578e-05, 1.13042096928e-05, 7.08849938746e-06, 6.44839383313e-06, 4.12876761402e-06, 6.70715735396e-06, 4.27376871812e-05, 1.68656345068e-06, 1.94363838091e-06, 6.60823388898e-07, 4.0816762521e-06, 1.53803881631e-07, 3.44054996049e-07, 1.96227375682e-07, 1.50588547854e-07, 1.01752810622e-07, 1.67980900301e-07, 5.83422128386e-08, 1.47479994439e-07, 7.65415535398e-08, 3.9663390794e-08, 2.08258672529e-08, 3.90251422289e-08, 4.8953328502e-08, 1.0184056265e-08]}, "erbbands": {"dmean": [0.0600192695856, 0.83906942606, 2.82781600952, 3.56801605225, 5.78546380997, 3.65787053108, 3.55787086487, 10.0558729172, 9.3513584137, 6.35350704193, 12.2135725021, 21.486825943, 6.69428443909, 9.57608413696, 15.6414279938, 7.0811419487, 18.1568641663, 7.66593599319, 8.88388347626, 5.94613409042, 9.28924751282, 6.92555618286, 6.07648468018, 7.44942235947, 4.75033473969, 3.50406813622, 4.85685396194, 4.69596529007, 3.17985701561, 2.64800024033, 2.10165500641, 1.20188963413, 0.753700792789, 0.618141174316, 0.324173569679, 0.211590230465, 0.126991733909, 0.0394679009914, 0.00515319826081, 0.000164220036822], "dmean2": [0.0948361381888, 1.38560295105, 4.77402639389, 6.23283052444, 10.1068439484, 6.20236063004, 5.96777391434, 17.6763858795, 15.8105478287, 10.6212425232, 16.6573390961, 30.0239582062, 9.92862796783, 14.6172885895, 23.4211997986, 10.1948223114, 29.3335056305, 11.4873008728, 12.9179487228, 8.69363880157, 14.1152524948, 10.6804618835, 8.99948883057, 10.7402896881, 6.94667816162, 4.9374704361, 6.95861291885, 6.58158445358, 4.15314435959, 3.55429506302, 2.80346918106, 1.60442113876, 0.940975606441, 0.796871542931, 0.405875682831, 0.278163701296, 0.178785786033, 0.0545321255922, 0.00703917024657, 0.000225854208111], "dvar": [0.023900328204, 4.2203130722, 39.1540412903, 74.677772522, 180.754333496, 63.8050994873, 66.5884399414, 956.257141113, 770.692749023, 242.231124878, 1421.09326172, 6568.38232422, 249.95022583, 903.661682129, 2751.93774414, 419.922637939, 5960.53369141, 430.633972168, 732.357116699, 228.902740479, 681.265380859, 301.559143066, 185.648193359, 341.451538086, 111.753677368, 55.2242660522, 124.439109802, 75.871963501, 35.6426429749, 22.8478946686, 14.3395261765, 5.52394104004, 2.01013875008, 1.89308452606, 0.546411275864, 0.30172547698, 0.116106450558, 0.0108301034197, 0.000167783728102, 1.39489046092e-07], "dvar2": [0.0546007975936, 10.5772237778, 104.494689941, 215.232406616, 503.128417969, 167.784912109, 171.92149353, 2576.08105469, 2108.52880859, 651.628051758, 2210.30102539, 10159.7246094, 505.220397949, 2131.84008789, 6542.18310547, 816.278625488, 15306.9599609, 945.069274902, 1436.84741211, 470.41317749, 1568.06030273, 654.023986816, 390.617492676, 645.975158691, 251.03263855, 94.668548584, 266.724365234, 157.5078125, 67.2992324829, 47.1470413208, 28.4002151489, 10.8857088089, 3.58020019531, 3.3058283329, 0.864580392838, 0.561767101288, 0.238558739424, 0.0214139614254, 0.000339080841513, 2.90755167498e-07], "max": [1.66366672516, 27.1124649048, 58.9698867798, 96.3543243408, 119.272956848, 63.7727355957, 60.0421905518, 239.897583008, 331.725006104, 164.182693481, 1183.19567871, 1663.25280762, 237.182952881, 432.162658691, 591.318603516, 378.807983398, 1978.59619141, 265.416259766, 380.145629883, 153.662002563, 272.241210938, 259.464935303, 141.076766968, 200.533004761, 121.443687439, 73.7742538452, 159.376739502, 122.229774475, 75.0682678223, 57.6953239441, 43.7361831665, 31.8859443665, 24.3621997833, 25.317735672, 11.8636417389, 9.4406671524, 4.79790878296, 1.45624446869, 0.161021471024, 0.00445502949879], "mean": [0.0844452381134, 1.21514010429, 4.40211677551, 4.30676460266, 5.22185897827, 3.50853919983, 3.32930994034, 8.35993003845, 11.8107366562, 9.01846790314, 22.9626255035, 46.807723999, 10.5550050735, 14.1429138184, 19.0217227936, 11.116809845, 21.4695739746, 10.8739776611, 10.9116706848, 7.96209764481, 10.507068634, 9.45282745361, 9.17387580872, 10.6659221649, 6.93380737305, 5.54415369034, 8.1079158783, 6.99364757538, 4.97946643829, 4.05659675598, 2.92366051674, 1.80313181877, 1.16377687454, 0.854580938816, 0.482093513012, 0.276774793863, 0.159166797996, 0.0452007427812, 0.00588735099882, 0.000197995439521], "median": [0.00674689840525, 0.0801081061363, 0.320468485355, 0.640989661217, 0.723362922668, 0.517774701118, 0.512143135071, 0.833083987236, 0.61072063446, 0.623478114605, 0.756167650223, 0.477257758379, 0.685033202171, 0.715559601784, 0.61398768425, 0.452146947384, 0.515316724777, 0.526798427105, 0.48168194294, 0.512479364872, 0.708428561687, 0.797381520271, 1.14500522614, 1.07195341587, 1.01801252365, 0.733214437962, 0.811704516411, 0.861473679543, 0.665308952332, 0.518399715424, 0.380104541779, 0.251613259315, 0.148878782988, 0.0755652189255, 0.0395428836346, 0.0154230501503, 0.00475965254009, 0.000868655042723, 8.80987790879e-05, 2.62801549979e-05], "min": [5.46763355672e-22, 2.61677092363e-21, 4.91316162898e-21, 1.46980139769e-20, 2.17770078877e-20, 1.18315223155e-19, 1.5992371336e-19, 6.82692735658e-19, 3.12898334093e-19, 4.5697060443e-19, 8.42941815342e-19, 2.92290390582e-18, 4.51617039806e-18, 3.65256116493e-18, 3.65843497446e-18, 4.90446800275e-18, 4.13520037283e-18, 4.32566077683e-18, 5.59210862264e-18, 4.98116377556e-18, 8.85058688168e-18, 8.75879547628e-18, 1.11412485212e-17, 1.45250434022e-17, 1.16800053162e-17, 1.38732333514e-17, 2.17349878493e-17, 1.97979409586e-17, 1.74997850627e-17, 2.05122428504e-17, 1.36989836194e-17, 1.43926283298e-17, 1.56160698148e-17, 1.78269019077e-17, 1.02265555085e-17, 5.91208565822e-18, 3.77417284499e-18, 1.24195440749e-18, 3.27245083885e-19, 2.75414534776e-20], "var": [0.0307249389589, 5.1568903923, 56.498752594, 69.5556106567, 137.88772583, 57.4413948059, 58.6354370117, 728.282897949, 1057.43225098, 348.406738281, 5769.94580078, 32039.9179688, 679.60333252, 1708.52587891, 3735.75244141, 1170.84924316, 9448.41796875, 697.581848145, 1010.42913818, 359.564361572, 799.925537109, 472.874786377, 339.920928955, 585.631225586, 194.440139771, 120.002326965, 340.871765137, 171.751831055, 87.1476135254, 52.1181335449, 28.9174613953, 12.6180715561, 5.92585706711, 5.00475931168, 1.8033002615, 0.694590508938, 0.228748053312, 0.0182253662497, 0.000277418788755, 2.25523280051e-07]}, "gfcc": {"mean": [-122.109176636, 60.4228096008, -84.8881988525, 41.5387992859, -52.2224655151, 12.1457824707, -27.4390678406, 7.57203960419, -18.9746990204, -0.751544117928, -16.8996257782, -1.88660562038, -15.7592639923], "cov": [[41377.4570312, 97.2002716064, -3547.21386719, -471.844818115, -1714.94702148, -239.825119019, -765.645812988, 48.4315681458, -421.277282715, 172.343063354, -456.481719971, 205.165176392, -425.367004395], [97.2002716064, 3590.49780273, 114.971870422, 374.895507812, 310.35168457, 24.5718536377, 142.068405151, -220.860305786, 55.1300582886, -246.797439575, 140.7837677, -226.211883545, 200.991577148], [-3547.21386719, 114.971870422, 2409.05859375, 664.300964355, 858.975463867, 223.487518311, 250.599334717, -40.305809021, -21.7371463776, -120.735092163, 29.0901317596, 63.5109291077, 42.2879905701], [-471.844818115, 374.895507812, 664.300964355, 780.587463379, 330.238616943, 155.060424805, 47.7900466919, -17.1530895233, -28.6757545471, -66.2043228149, 14.8675832748, -12.4885587692, 5.01929283142], [-1714.94702148, 310.35168457, 858.975463867, 330.238616943, 519.745788574, 172.818725586, 168.296813965, -19.3094673157, 8.90214729309, -62.4240264893, 32.3671073914, 10.8866491318, 47.799659729], [-239.825119019, 24.5718536377, 223.487518311, 155.060424805, 172.818725586, 178.73890686, 111.844268799, 44.3109397888, -3.17337322235, -5.01578235626, -2.45415258408, 20.4381828308, 6.37205219269], [-765.645812988, 142.068405151, 250.599334717, 47.7900466919, 168.296813965, 111.844268799, 183.744400024, 47.9511451721, 44.5916061401, -15.364364624, 9.78178596497, 2.97680640221, 41.0634880066], [48.4315681458, -220.860305786, -40.305809021, -17.1530895233, -19.3094673157, 44.3109397888, 47.9511451721, 106.04750824, 43.792766571, 43.6093711853, -13.6684341431, 16.4422721863, -13.3618488312], [-421.277282715, 55.1300582886, -21.7371463776, -28.6757545471, 8.90214729309, -3.17337322235, 44.5916061401, 43.792766571, 85.3732757568, 30.7260704041, 19.344379425, -13.6240768433, 13.8714904785], [172.343063354, -246.797439575, -120.735092163, -66.2043228149, -62.4240264893, -5.01578235626, -15.364364624, 43.6093711853, 30.7260704041, 83.9019088745, 16.6177482605, 24.4448814392, -22.3205680847], [-456.481719971, 140.7837677, 29.0901317596, 14.8675832748, 32.3671073914, -2.45415258408, 9.78178596497, -13.6684341431, 19.344379425, 16.6177482605, 64.5271224976, 9.25136089325, 17.2872028351], [205.165176392, -226.211883545, 63.5109291077, -12.4885587692, 10.8866491318, 20.4381828308, 2.97680640221, 16.4422721863, -13.6240768433, 24.4448814392, 9.25136089325, 60.7373657227, 4.34517335892], [-425.367004395, 200.991577148, 42.2879905701, 5.01929283142, 47.799659729, 6.37205219269, 41.0634880066, -13.3618488312, 13.8714904785, -22.3205680847, 17.2872028351, 4.34517335892, 62.3734283447]], "icov": [[4.45497971668e-05, -8.918743697e-05, 6.06500761933e-05, -4.28757266491e-05, 6.15622120677e-05, 4.32721535617e-05, -3.60911690223e-05, 7.64071664889e-05, -1.63557706401e-06, -8.77670099726e-05, 0.00049080705503, -0.000669369183015, 0.000421629549237], [-8.918743697e-05, 0.000869351904839, -3.20081635437e-05, -7.2737057053e-05, -0.000107326341094, -0.000496830325574, 5.66019043617e-05, 0.000358063145541, -0.000173509688466, 0.00126300600823, -0.00258662831038, 0.0036525207106, -0.00225660926662], [6.06500761933e-05, -3.20081635437e-05, 0.00142383761704, -0.000561883673072, -0.00206217216328, 0.00168337486684, -0.00110986712389, 0.000313062104397, -8.06044845376e-05, 0.000759746064432, 0.00100849079899, -0.00277666491456, 0.00200647604652], [-4.28757266491e-05, -7.2737057053e-05, -0.000561883673072, 0.00246150163002, -0.000593642005697, -0.00237183179706, 0.00252267136239, -0.00121754454449, 0.000118772368296, 0.00104037392884, -0.00133193144575, 0.00192599033471, -0.000518661108799], [6.15622120677e-05, -0.000107326341094, -0.00206217216328, -0.000593642005697, 0.00857107061893, -0.00508054811507, -0.00144936190918, 0.00360170193017, -0.00246474030428, 0.000904697459191, -0.00101086008362, 1.60873526056e-06, -0.000960113247856], [4.32721535617e-05, -0.000496830325574, 0.00168337486684, -0.00237183179706, -0.00508054811507, 0.0185105986893, -0.00978411268443, -0.00523814978078, 0.00823401939124, -0.0035145021975, 0.00269640004262, -0.00515709724277, 0.00479036523029], [-3.60911690223e-05, 5.66019043617e-05, -0.00110986712389, 0.00252267136239, -0.00144936190918, -0.00978411268443, 0.0185444392264, -0.00579944066703, -0.00589500647038, 0.00469341129065, -0.00201593176462, 0.00388914416544, -0.00794152636081], [7.64071664889e-05, 0.000358063145541, 0.000313062104397, -0.00121754454449, 0.00360170193017, -0.00523814978078, -0.00579944066703, 0.0265978612006, -0.0140591813251, -0.00486546708271, 0.00949779432267, -0.00836400315166, 0.00587974581867], [-1.63557706401e-06, -0.000173509688466, -8.06044845376e-05, 0.000118772368296, -0.00246474030428, 0.00823401939124, -0.00589500647038, -0.0140591813251, 0.0328558832407, -0.0132878571749, -0.00644772220403, 0.0155670270324, -0.00884962081909], [-8.77670099726e-05, 0.00126300600823, 0.000759746064432, 0.00104037392884, 0.000904697459191, -0.0035145021975, 0.00469341129065, -0.00486546708271, -0.0132878571749, 0.0339896604419, -0.0123000405729, -0.00893300585449, 0.00941608846188], [0.00049080705503, -0.00258662831038, 0.00100849079899, -0.00133193144575, -0.00101086008362, 0.00269640004262, -0.00201593176462, 0.00949779432267, -0.00644772220403, -0.0123000405729, 0.0340201407671, -0.0177687313408, 0.00380801898427], [-0.000669369183015, 0.0036525207106, -0.00277666491456, 0.00192599033471, 1.60873526056e-06, -0.00515709724277, 0.00388914416544, -0.00836400315166, 0.0155670270324, -0.00893300585449, -0.0177687313408, 0.0509273372591, -0.0237155649811], [0.000421629549237, -0.00225660926662, 0.00200647604652, -0.000518661108799, -0.000960113247856, 0.00479036523029, -0.00794152636081, 0.00587974581867, -0.00884962081909, 0.00941608846188, 0.00380801898427, -0.0237155649811, 0.0375295728445]]}, "melbands": {"dmean": [0.000688366184477, 0.00132700114045, 0.000697322539054, 0.00034295412479, 0.000123437639559, 0.000213977109524, 0.000140663178172, 6.96258139214e-05, 0.000121298282465, 0.000116876813991, 3.30813963956e-05, 4.04701822845e-05, 5.21083929925e-05, 2.70279615506e-05, 2.75254096778e-05, 3.59344339813e-05, 1.261075613e-05, 1.42085818879e-05, 9.56721214607e-06, 6.7568121267e-06, 1.26496770463e-05, 7.09378628017e-06, 6.99928841641e-06, 4.97114479003e-06, 6.61295689497e-06, 4.08647292716e-06, 2.56910220742e-06, 2.36954701904e-06, 2.94418737212e-06, 3.01486170429e-06, 2.94321193905e-06, 1.98617863134e-06, 1.42961607708e-06, 1.52194672864e-06, 1.25586814193e-06, 9.57939732871e-07, 6.55707708574e-07, 5.76899140015e-07, 4.74248281535e-07, 5.44607814845e-07], "dmean2": [0.00109315931331, 0.00225787400268, 0.00121983280405, 0.000583068060223, 0.000207544653676, 0.000376344425604, 0.000238072228967, 0.000110240405775, 0.000163135133334, 0.000164330747793, 4.98203626194e-05, 6.1286642449e-05, 8.00481138867e-05, 3.92155561713e-05, 4.24653626396e-05, 5.86407877563e-05, 1.88425492524e-05, 2.08186320378e-05, 1.40659121826e-05, 9.95187565422e-06, 1.98715079023e-05, 1.10954679258e-05, 1.08647591333e-05, 7.31211002858e-06, 9.66778497968e-06, 6.25450047664e-06, 3.71908845409e-06, 3.3926148717e-06, 4.39474342784e-06, 4.41433030574e-06, 4.25727603215e-06, 2.6942839213e-06, 1.89986644727e-06, 2.12727286453e-06, 1.73505156909e-06, 1.30363207518e-06, 9.03323552848e-07, 7.51330389903e-07, 6.23945368261e-07, 7.17680109119e-07], "dvar": [2.88772184831e-06, 9.10666767595e-06, 2.83309282167e-06, 5.39910729458e-07, 8.23998647093e-08, 4.30224389447e-07, 1.72394464926e-07, 2.6566176814e-08, 1.297299832e-07, 1.9212328084e-07, 6.42225828074e-09, 1.54568571276e-08, 3.90122565364e-08, 6.09160588638e-09, 1.86558768434e-08, 1.54417616471e-08, 1.20934218195e-09, 1.91009430495e-09, 6.27513041529e-10, 2.97500635238e-10, 1.41819300747e-09, 3.3599634186e-10, 2.80182516077e-10, 1.25361762637e-10, 2.8647670347e-10, 8.72264274698e-11, 2.93287200082e-11, 2.65704194757e-11, 5.62086974187e-11, 3.70925408444e-11, 3.32670523073e-11, 1.50115683772e-11, 6.38013687021e-12, 8.4689885313e-12, 5.56653464642e-12, 3.30631420679e-12, 1.69294146844e-12, 1.20943988331e-12, 8.62157675981e-13, 1.64313072697e-12], "dvar2": [6.25757365924e-06, 2.43325848714e-05, 8.15426119516e-06, 1.42701765071e-06, 2.15871764908e-07, 1.16265482575e-06, 4.69756031407e-07, 6.41993977979e-08, 2.04773243695e-07, 2.98776200225e-07, 1.29182442521e-08, 3.57121727745e-08, 9.91366206904e-08, 1.19344925054e-08, 4.30513900085e-08, 4.16441672257e-08, 2.65918953524e-09, 3.84179132951e-09, 1.23046495215e-09, 6.56578735825e-10, 3.32873884012e-09, 7.4804068495e-10, 6.49219067395e-10, 2.6088181615e-10, 5.55943735492e-10, 2.06346856269e-10, 5.72456665404e-11, 4.67071069321e-11, 1.28822272294e-10, 7.7902059803e-11, 7.06190939059e-11, 2.98204690108e-11, 1.12232506275e-11, 1.86708148942e-11, 1.18679319844e-11, 6.3208236388e-12, 3.36316478139e-12, 2.28366219164e-12, 1.57960179225e-12, 2.8627337046e-12], "max": [0.0229355935007, 0.026911765337, 0.0188001729548, 0.00574748776853, 0.00234147696756, 0.00511518446729, 0.00488688610494, 0.00205203983933, 0.00899781752378, 0.00897082127631, 0.00117182638496, 0.00177927443292, 0.00252553960308, 0.0014947472373, 0.0036327787675, 0.00252791470848, 0.000582207809202, 0.00062787218485, 0.000245189730776, 0.000173700595042, 0.000395618088078, 0.000319871061947, 0.000183680720511, 0.000130316097056, 0.000183350188308, 9.83548670774e-05, 4.89318263135e-05, 5.14673702128e-05, 0.000115655639092, 7.12555629434e-05, 9.30901951506e-05, 5.06341675646e-05, 3.76440075343e-05, 3.91740031773e-05, 2.91127962555e-05, 2.56477669609e-05, 1.67323487403e-05, 1.76475514309e-05, 1.37676233862e-05, 2.4442528229e-05], "mean": [0.00104655930772, 0.00209125620313, 0.000824439688586, 0.00032656325493, 0.000116728937428, 0.000176157511305, 0.000178489688551, 0.00010500735516, 0.000242613663431, 0.000250915094512, 4.6005789045e-05, 6.01041174377e-05, 5.88667680859e-05, 3.86004612665e-05, 3.48739595211e-05, 4.24457175541e-05, 1.69085415109e-05, 1.70597904798e-05, 1.21681769087e-05, 9.04246280697e-06, 1.34746496769e-05, 9.29742873268e-06, 9.88693773252e-06, 7.31510453988e-06, 9.05735032575e-06, 5.86929991186e-06, 3.658272135e-06, 3.63148706128e-06, 4.88511022922e-06, 4.74835860587e-06, 4.12012923334e-06, 2.93205403068e-06, 2.37547237703e-06, 2.17861202145e-06, 1.66009090208e-06, 1.41115071983e-06, 9.71014173956e-07, 8.85999497768e-07, 6.58430565181e-07, 7.46544799313e-07], "median": [7.76222295826e-05, 0.000151691929204, 0.000127184131998, 4.7159002861e-05, 1.72265899891e-05, 1.7553118596e-05, 8.8143906396e-06, 7.44415456211e-06, 5.66202106711e-06, 2.49999129665e-06, 3.19616583511e-06, 2.91101605399e-06, 1.64445850714e-06, 1.46550746649e-06, 9.06838863557e-07, 1.16985597742e-06, 8.23149434837e-07, 7.260485404e-07, 7.22014590337e-07, 6.44557189844e-07, 7.78336925578e-07, 6.56563429402e-07, 1.10710311674e-06, 9.11782876756e-07, 8.13477981865e-07, 7.42967756651e-07, 5.94065568293e-07, 4.31228414755e-07, 4.77813728139e-07, 5.17626517649e-07, 5.10411723553e-07, 3.58966900649e-07, 3.16561767022e-07, 2.59252573187e-07, 2.22637709157e-07, 1.74121709051e-07, 1.43759919524e-07, 1.18907820479e-07, 6.92615884645e-08, 6.07673058539e-08], "min": [6.33618758872e-24, 3.00566989777e-24, 2.8632897735e-24, 4.26976329205e-24, 6.79756629977e-24, 1.34044270534e-23, 4.43588793236e-24, 5.48064308789e-24, 8.06779249594e-24, 2.0091249115e-23, 2.26617271311e-23, 1.46640533256e-23, 1.29271086189e-23, 1.17284415732e-23, 1.36357068713e-23, 6.0376672394e-24, 8.39204193812e-24, 8.000438763e-24, 8.44689380344e-24, 6.40342141481e-24, 1.16577509586e-23, 7.67149875388e-24, 1.19594460787e-23, 1.06304055688e-23, 1.19202996451e-23, 7.75954273065e-24, 9.69396298774e-24, 8.7432191473e-24, 1.20593135027e-23, 1.62710324093e-23, 1.0300902313e-23, 8.93201880547e-24, 1.22961098249e-23, 9.9096320372e-24, 6.62712027943e-24, 9.36766250721e-24, 8.78392989203e-24, 1.04771843264e-23, 1.50526083422e-23, 1.43196350767e-23], "var": [4.24112113251e-06, 1.15415450637e-05, 2.53750317825e-06, 4.74265220873e-07, 7.10243099888e-08, 3.25091377817e-07, 2.40786732775e-07, 5.05179365007e-08, 5.70202473682e-07, 9.28546853629e-07, 1.48009187129e-08, 3.17683053197e-08, 4.38952660886e-08, 1.41240859008e-08, 3.42865291714e-08, 2.17545021997e-08, 1.80041026532e-09, 2.56821652833e-09, 9.41705935453e-10, 4.48674930542e-10, 1.52733448111e-09, 5.08587560955e-10, 4.24639767793e-10, 2.28213711817e-10, 4.62549720748e-10, 1.50436108015e-10, 5.11142204951e-11, 5.53910285694e-11, 1.43256115304e-10, 9.4946599194e-11, 6.92670504288e-11, 3.33676350439e-11, 1.7752584125e-11, 1.61994896664e-11, 9.51821000489e-12, 8.03546985895e-12, 3.55194606366e-12, 3.39980496013e-12, 2.15584798277e-12, 4.35856038761e-12]}, "mfcc": {"mean": [-756.340698242, 90.7859115601, 21.7661914825, 32.2718391418, 4.65983867645, 8.7486782074, 1.67651283741, 8.49998664856, 1.99125087261, 2.18547773361, 2.97295451164, 2.00871133804, -3.58581256866], "cov": [[22240.6015625, 705.378601074, -1873.81591797, -855.68939209, -1176.96520996, -375.388214111, -574.26776123, -229.129608154, -172.536117554, -228.923828125, -19.6131649017, 63.8901863098, -62.4350471497], [705.378601074, 2346.17626953, 238.535751343, 376.275634766, 227.477020264, 216.196350098, 145.002670288, 64.2293701172, 22.7166042328, 13.5146150589, -52.3278427124, -13.290892601, -33.0872268677], [-1873.81591797, 238.535751343, 1198.75549316, 628.571350098, 568.270324707, 320.425506592, 295.468414307, 186.059280396, 74.904296875, 1.02161490917, -6.19169902802, -20.4706840515, -4.54393529892], [-855.68939209, 376.275634766, 628.571350098, 609.287658691, 397.232543945, 252.644424438, 178.035690308, 119.81590271, 38.5045700073, -2.64569163322, -18.0433444977, -6.40643835068, -11.2839956284], [-1176.96520996, 227.477020264, 568.270324707, 397.232543945, 429.316375732, 233.768600464, 196.025085449, 110.549095154, 37.1656188965, 2.7901263237, -8.814204216, -12.5045185089, -0.486713320017], [-375.388214111, 216.196350098, 320.425506592, 252.644424438, 233.768600464, 226.975784302, 172.826812744, 111.866012573, 49.6574516296, 4.65717697144, -5.27783346176, -4.50521421432, -1.09464204311], [-574.26776123, 145.002670288, 295.468414307, 178.035690308, 196.025085449, 172.826812744, 193.028381348, 120.596588135, 60.4274864197, 11.3225345612, -3.00804018974, 0.539448857307, 10.6543874741], [-229.129608154, 64.2293701172, 186.059280396, 119.81590271, 110.549095154, 111.866012573, 120.596588135, 124.272323608, 77.1559143066, 21.179807663, 4.88541126251, 4.69767189026, 9.57740402222], [-172.536117554, 22.7166042328, 74.904296875, 38.5045700073, 37.1656188965, 49.6574516296, 60.4274864197, 77.1559143066, 101.515144348, 45.0677947998, 17.3665370941, 10.5396976471, 13.1795387268], [-228.923828125, 13.5146150589, 1.02161490917, -2.64569163322, 2.7901263237, 4.65717697144, 11.3225345612, 21.179807663, 45.0677947998, 66.5973434448, 38.2711906433, 17.0994091034, 11.5728273392], [-19.6131649017, -52.3278427124, -6.19169902802, -18.0433444977, -8.814204216, -5.27783346176, -3.00804018974, 4.88541126251, 17.3665370941, 38.2711906433, 58.0867767334, 34.6144676208, 15.3204813004], [63.8901863098, -13.290892601, -20.4706840515, -6.40643835068, -12.5045185089, -4.50521421432, 0.539448857307, 4.69767189026, 10.5396976471, 17.0994091034, 34.6144676208, 55.5735931396, 24.9796237946], [-62.4350471497, -33.0872268677, -4.54393529892, -11.2839956284, -0.486713320017, -1.09464204311, 10.6543874741, 9.57740402222, 13.1795387268, 11.5728273392, 15.3204813004, 24.9796237946, 38.0828018188]], "icov": [[6.47302877042e-05, -3.8537375076e-05, 4.91459322802e-05, -3.1081524412e-06, 0.000179182432475, -0.000221041977056, 0.000266343064141, -0.000196086170035, -2.49614731729e-05, 0.000397391413571, -0.00021906629263, -3.05265784846e-05, 4.4347889343e-05], [-3.8537375076e-05, 0.000551384757273, 9.86220766208e-05, -0.000339850230375, -1.77120182343e-06, -0.000246908719419, -0.000467069185106, 0.000557459658012, 7.86547316238e-05, -0.000967005384155, 0.00107536208816, -0.000484610849526, 0.000462199153844], [4.91459322802e-05, 9.86220766208e-05, 0.00289083016105, -0.00163012300618, -0.00211553135887, 0.00153108092491, -0.00182956957724, -0.000287780509098, -0.000707334722392, 0.00174647837412, -0.00216442998499, 0.00132359750569, 0.000345989799825], [-3.1081524412e-06, -0.000339850230375, -0.00163012300618, 0.00604814756662, -0.0028369538486, -0.00366376992315, 0.00449802307412, -0.00232927524485, 0.00108947465196, -0.00124811544083, 0.00304370792583, -0.00304776756093, 0.00125991890673], [0.000179182432475, -1.77120182343e-06, -0.00211553135887, -0.0028369538486, 0.0112857660279, -0.00438694516197, -0.00289537687786, 0.00233125942759, 0.00128191232216, -0.000443191587692, -0.00084805698134, 0.00192901433911, -0.00179198861588], [-0.000221041977056, -0.000246908719419, 0.00153108092491, -0.00366376992315, -0.00438694516197, 0.0223562140018, -0.0140762040392, -0.00176061328966, -0.000641592952888, 0.00218423479237, -0.00358575256541, 0.0015783085255, 0.00345313921571], [0.000266343064141, -0.000467069185106, -0.00182956957724, 0.00449802307412, -0.00289537687786, -0.0140762040392, 0.0301992613822, -0.01645636186, 0.00311482721008, -0.000689617416356, 0.00411184877157, -0.00206006783992, -0.00477781658992], [-0.000196086170035, 0.000557459658012, -0.000287780509098, -0.00232927524485, 0.00233125942759, -0.00176061328966, -0.01645636186, 0.0367025844753, -0.0189372915775, 0.00353649654426, -0.00109138747212, 0.000407870509662, 0.000441799784312], [-2.49614731729e-05, 7.86547316238e-05, -0.000707334722392, 0.00108947465196, 0.00128191232216, -0.000641592952888, 0.00311482721008, -0.0189372915775, 0.0293100718409, -0.0172184426337, 0.00623104721308, -0.00135527946986, -0.0023739526514], [0.000397391413571, -0.000967005384155, 0.00174647837412, -0.00124811544083, -0.000443191587692, 0.00218423479237, -0.000689617416356, 0.00353649654426, -0.0172184426337, 0.0409425012767, -0.0273105297238, 0.0080764265731, -0.00178308750037], [-0.00021906629263, 0.00107536208816, -0.00216442998499, 0.00304370792583, -0.00084805698134, -0.00358575256541, 0.00411184877157, -0.00109138747212, 0.00623104721308, -0.0273105297238, 0.0488748662174, -0.0249776225537, 0.00309330993332], [-3.05265784846e-05, -0.000484610849526, 0.00132359750569, -0.00304776756093, 0.00192901433911, 0.0015783085255, -0.00206006783992, 0.000407870509662, -0.00135527946986, 0.0080764265731, -0.0249776225537, 0.040564224124, -0.0192166268826], [4.4347889343e-05, 0.000462199153844, 0.000345989799825, 0.00125991890673, -0.00179198861588, 0.00345313921571, -0.00477781658992, 0.000441799784312, -0.0023739526514, -0.00178308750037, 0.00309330993332, -0.0192166268826, 0.0411731302738]]}, "spectral_contrast_coeffs": {"dmean": [0.0585293099284, 0.0455830134451, 0.0347318314016, 0.0254032704979, 0.0190166030079, 0.0192320048809], "dmean2": [0.0971926301718, 0.074177518487, 0.0560511760414, 0.0406654253602, 0.0297154560685, 0.0294459816068], "dvar": [0.00294108036906, 0.00152957299724, 0.000938810640946, 0.000536669511348, 0.000319331535138, 0.000446258636657], "dvar2": [0.0072412150912, 0.00390538712963, 0.00220127333887, 0.00123883248307, 0.000727592909243, 0.000962804653682], "max": [-0.309422910213, -0.366699934006, -0.426402300596, -0.557220816612, -0.550837934017, -0.518667817116], "mean": [-0.684745192528, -0.793107032776, -0.8221565485, -0.841646552086, -0.840113699436, -0.783239543438], "median": [-0.687645316124, -0.809112727642, -0.840652883053, -0.852798640728, -0.84619218111, -0.789859175682], "min": [-0.974197566509, -0.971686184406, -0.971973896027, -0.961635947227, -0.959658682346, -0.964605689049], "var": [0.00817367807031, 0.00732251489535, 0.00642687827349, 0.00296840653755, 0.00189508055337, 0.00263150013052]}, "spectral_contrast_valleys": {"dmean": [0.587428033352, 0.610739648342, 0.601110756397, 0.549682021141, 0.536697626114, 0.60794377327], "dmean2": [0.889322757721, 0.91300791502, 0.861626386642, 0.772169470787, 0.659367442131, 0.66160094738], "dvar": [0.432373821735, 0.494242042303, 0.534573256969, 0.49899366498, 0.461604952812, 0.498714596033], "dvar2": [0.810747861862, 0.885862529278, 0.972863972187, 0.909983038902, 0.884761571884, 0.972614824772], "max": [-5.04627084732, -4.53547954559, -5.18076086044, -5.89508247375, -5.79043102264, -