{"lowlevel": {"average_loudness": 0.774191915989, "barkbands_crest": {"dmean": 2.31757211685, "dmean2": 3.86099696159, "dvar": 4.45299386978, "dvar2": 11.8391313553, "max": 26.1719226837, "mean": 10.229434967, "median": 9.46118927002, "min": 2.43472647667, "var": 16.2825984955}, "barkbands_flatness_db": {"dmean": 0.0207114741206, "dmean2": 0.032663218677, "dvar": 0.000393787137, "dvar2": 0.00100010563619, "max": 0.322044283152, "mean": 0.118585281074, "median": 0.112464152277, "min": 0.014823583886, "var": 0.00218085246161}, "barkbands_kurtosis": {"dmean": 3.75943350792, "dmean2": 6.19256687164, "dvar": 34.4708023071, "dvar2": 90.9127197266, "max": 176.735412598, "mean": 7.1575293541, "median": 3.58360719681, "min": -1.93244445324, "var": 109.515205383}, "barkbands_skewness": {"dmean": 0.564142405987, "dmean2": 0.914775371552, "dvar": 0.37357544899, "dvar2": 0.979629933834, "max": 12.1904373169, "mean": 2.10132813454, "median": 2.0013718605, "min": -4.34421539307, "var": 2.42201542854}, "barkbands_spread": {"dmean": 7.84748888016, "dmean2": 12.4274530411, "dvar": 89.7140731812, "dvar2": 212.977462769, "max": 122.628486633, "mean": 29.3176269531, "median": 25.2445983887, "min": 1.15025413036, "var": 366.715942383}, "dissonance": {"dmean": 0.00999407842755, "dmean2": 0.0168267544359, "dvar": 8.58179482748e-05, "dvar2": 0.000239163302467, "max": 0.500000119209, "mean": 0.474199563265, "median": 0.477909952402, "min": 0.363566040993, "var": 0.000310680217808}, "dynamic_complexity": 4.57171440125, "erbbands_crest": {"dmean": 2.09243345261, "dmean2": 3.47910022736, "dvar": 4.42480659485, "dvar2": 12.3588237762, "max": 27.7320156097, "mean": 8.15755939484, "median": 7.10902261734, "min": 2.35628700256, "var": 15.2896766663}, "erbbands_flatness_db": {"dmean": 0.0156911145896, "dmean2": 0.0230895988643, "dvar": 0.000213366321987, "dvar2": 0.000474266940728, "max": 0.29099920392, "mean": 0.115847736597, "median": 0.111316293478, "min": 0.0219306368381, "var": 0.00131471815985}, "erbbands_kurtosis": {"dmean": 0.612200915813, "dmean2": 1.0119124651, "dvar": 1.00835061073, "dvar2": 2.56215119362, "max": 40.1757164001, "mean": -0.274457961321, "median": -0.786302804947, "min": -1.82287025452, "var": 2.78503394127}, "erbbands_skewness": {"dmean": 0.311715245247, "dmean2": 0.502456784248, "dvar": 0.0927129611373, "dvar2": 0.231697186828, "max": 5.61491107941, "mean": 0.108207508922, "median": 0.0211236085743, "min": -5.3518872261, "var": 0.72788888216}, "erbbands_spread": {"dmean": 9.30659866333, "dmean2": 14.9725942612, "dvar": 94.6174316406, "dvar2": 234.129241943, "max": 151.594680786, "mean": 62.2498245239, "median": 61.4101257324, "min": 6.26226234436, "var": 405.113677979}, "hfc": {"dmean": 6.89601993561, "dmean2": 10.2078819275, "dvar": 173.207794189, "dvar2": 420.764160156, "max": 491.575714111, "mean": 24.3195991516, "median": 15.6638631821, "min": 1.05872831834e-16, "var": 643.384765625}, "melbands_crest": {"dmean": 3.13060855865, "dmean2": 5.24814748764, "dvar": 8.51389598846, "dvar2": 23.1530284882, "max": 33.6412773132, "mean": 14.6193943024, "median": 13.7573652267, "min": 1.73939287663, "var": 28.4270839691}, "melbands_flatness_db": {"dmean": 0.0235987603664, "dmean2": 0.0378018282354, "dvar": 0.000551097327843, "dvar2": 0.00144112447742, "max": 0.424405843019, "mean": 0.19082044065, "median": 0.18977625668, "min": 0.00371294212528, "var": 0.00399900926277}, "melbands_kurtosis": {"dmean": 11.5275163651, "dmean2": 19.1092090607, "dvar": 353.39352417, "dvar2": 954.49017334, "max": 465.875335693, "mean": 29.3858623505, "median": 19.9870605469, "min": -1.89356267452, "var": 902.697021484}, "melbands_skewness": {"dmean": 0.806006669998, "dmean2": 1.31400489807, "dvar": 0.926428616047, "dvar2": 2.44480085373, "max": 16.7072792053, "mean": 4.17878484726, "median": 3.9588303566, "min": -2.11970925331, "var": 4.18054103851}, "melbands_spread": {"dmean": 6.84278678894, "dmean2": 10.9917144775, "dvar": 91.1850357056, "dvar2": 218.130874634, "max": 248.553131104, "mean": 24.1338195801, "median": 16.4552555084, "min": 0.787631034851, "var": 590.787780762}, "pitch_salience": {"dmean": 0.0665931105614, "dmean2": 0.112488664687, "dvar": 0.00393154704943, "dvar2": 0.0110006928444, "max": 0.980867564678, "mean": 0.572435677052, "median": 0.583329856396, "min": 0.107349678874, "var": 0.010356287472}, "silence_rate_20dB": {"dmean": 0, "dmean2": 0, "dvar": 0, "dvar2": 0, "max": 1, "mean": 1, "median": 1, "min": 1, "var": 0}, "silence_rate_30dB": {"dmean": 0.0037475945428, "dmean2": 0.00749556859955, "dvar": 0.00373409641907, "dvar2": 0.0101756155491, "max": 1, "mean": 0.997619867325, "median": 1, "min": 0, "var": 0.00237391563132}, "silence_rate_60dB": {"dmean": 0.0152942370623, "dmean2": 0.0305900219828, "dvar": 0.0150627726689, "dvar2": 0.0367348156869, "max": 1, "mean": 0.0831012278795, "median": 0, "min": 0, "var": 0.0761965364218}, "spectral_centroid": {"dmean": 254.459732056, "dmean2": 413.869232178, "dvar": 75754.3125, "dvar2": 183000.25, "max": 11661.1845703, "mean": 1448.06774902, "median": 1257.41040039, "min": 244.995071411, "var": 992211.6875}, "spectral_complexity": {"dmean": 2.56092381477, "dmean2": 4.08802223206, "dvar": 7.74021148682, "dvar2": 17.683637619, "max": 54, "mean": 16.9335098267, "median": 15, "min": 0, "var": 136.626235962}, "spectral_decrease": {"dmean": 2.16280948706e-09, "dmean2": 3.73922137697e-09, "dvar": 1.82008322124e-17, "dvar2": 5.19405500166e-17, "max": 1.04877447005e-10, "mean": -6.26412832716e-09, "median": -5.35904298715e-09, "min": -5.87656074913e-08, "var": 2.98611109253e-17}, "spectral_energy": {"dmean": 0.00839885231107, "dmean2": 0.0144359339029, "dvar": 0.000264524715021, "dvar2": 0.000751675921492, "max": 0.224764868617, "mean": 0.0258481856436, "median": 0.0221686903387, "min": 1.01865612225e-20, "var": 0.000479080103105}, "spectral_energyband_high": {"dmean": 0.000594469369389, "dmean2": 0.000868400908075, "dvar": 2.00252588911e-06, "dvar2": 4.97953578815e-06, "max": 0.069454215467, "mean": 0.00160195026547, "median": 0.000647480192129, "min": 7.20527870247e-21, "var": 5.70801194044e-06}, "spectral_energyband_low": {"dmean": 0.00514926807955, "dmean2": 0.00892424304038, "dvar": 0.000240638284595, "dvar2": 0.000676874886267, "max": 0.190972924232, "mean": 0.00911274272949, "median": 0.00567066017538, "min": 1.23247170768e-23, "var": 0.00021749456937}, "spectral_energyband_middle_high": {"dmean": 0.000731501088012, "dmean2": 0.00117452291306, "dvar": 1.47435696363e-06, "dvar2": 3.78191089112e-06, "max": 0.0245948918164, "mean": 0.00299839652143, "median": 0.00189766613767, "min": 1.27659403917e-21, "var": 1.046149373e-05}, "spectral_energyband_middle_low": {"dmean": 0.00489545147866, "dmean2": 0.00836734380573, "dvar": 4.56876623502e-05, "dvar2": 0.000135230759042, "max": 0.10415121913, "mean": 0.01310221944, "median": 0.0104855978861, "min": 1.66021671872e-22, "var": 0.000119780830573}, "spectral_entropy": {"dmean": 0.161035224795, "dmean2": 0.251065552235, "dvar": 0.0257918871939, "dvar2": 0.0619418844581, "max": 9.81941795349, "mean": 7.69289541245, "median": 7.7309346199, "min": 5.75983572006, "var": 0.191863551736}, "spectral_flux": {"dmean": 0.0189756024629, "dmean2": 0.0302956160158, "dvar": 0.000786223099567, "dvar2": 0.00162170513067, "max": 0.398837268353, "mean": 0.0692448839545, "median": 0.0626553446054, "min": 6.47145045884e-11, "var": 0.0022243054118}, "spectral_kurtosis": {"dmean": 0.695633232594, "dmean2": 1.14792811871, "dvar": 0.558919012547, "dvar2": 1.49998891354, "max": 14.3941230774, "mean": 2.88559889793, "median": 2.67196464539, "min": -1.23904728889, "var": 2.50072312355}, "spectral_rms": {"dmean": 0.000696700066328, "dmean2": 0.00116429524496, "dvar": 9.05821309516e-07, "dvar2": 2.51952178587e-06, "max": 0.0148082002997, "mean": 0.00454683648422, "median": 0.00465059047565, "min": 3.1524765437e-12, "var": 4.54395876659e-06}, "spectral_rolloff": {"dmean": 753.878540039, "dmean2": 1257.64379883, "dvar": 2105124, "dvar2": 4829337.5, "max": 19616.7480469, "mean": 2094.59228516, "median": 732.12890625, "min": 21.533203125, "var": 8501460}, "spectral_skewness": {"dmean": 0.126642867923, "dmean2": 0.203341051936, "dvar": 0.0161469988525, "dvar2": 0.0402150303125, "max": 3.09251475334, "mean": 1.39809155464, "median": 1.38975942135, "min": -0.0719739124179, "var": 0.111749656498}, "spectral_spread": {"dmean": 774609.0625, "dmean2": 1118869.5, "dvar": 881828691968, "dvar2": 1908545159170.0, "max": 42384612, "mean": 6521138, "median": 6196507.5, "min": 2544139, "var": 6078437261310.0}, "spectral_strongpeak": {"dmean": 0.291766554117, "dmean2": 0.510462999344, "dvar": 0.435253053904, "dvar2": 1.18304252625, "max": 19.6222229004, "mean": 0.578689336777, "median": 0.40429225564, "min": 0, "var": 0.550004601479}, "zerocrossingrate": {"dmean": 0.0162405315787, "dmean2": 0.0187411718071, "dvar": 0.000345391978044, "dvar2": 0.000449537386885, "max": 0.5849609375, "mean": 0.0920385792851, "median": 0.07470703125, "min": 0.00830078125, "var": 0.00529202027246}, "barkbands": {"dmean": [0.000348872941686, 0.00262559135444, 0.00247872294858, 0.00149388215505, 0.00341710750945, 0.00100006349385, 0.00035729110823, 0.00022073785658, 0.000169534643646, 8.52457378642e-05, 6.08082737017e-05, 8.22128931759e-05, 6.38979836367e-05, 0.000102276098914, 0.00014934988576, 0.000175270135514, 0.000149242012412, 0.000238319276832, 0.0001961485832, 0.000128635743749, 9.90785265458e-05, 8.66558111738e-05, 0.000107695952465, 0.000111316003313, 0.000106457322545, 0.000102538571809, 8.1739257439e-05], "dmean2": [0.000568579649553, 0.00470334710553, 0.00417198752984, 0.00257479748689, 0.00580360833555, 0.00170920754317, 0.000572035147343, 0.000346544635249, 0.00027980064624, 0.000140661955811, 0.000103776430478, 0.000139795374707, 0.000107480402221, 0.000162917669513, 0.000245051254751, 0.000282352033537, 0.000239318833337, 0.000395289593143, 0.000324667518726, 0.000210865488043, 0.000156847192557, 0.00013476323511, 0.000172293803189, 0.000173029009602, 0.000150853084051, 0.000150015461259, 0.000131530643557], "dvar": [1.15754926355e-06, 9.13233525353e-05, 4.32229207945e-05, 5.01630347571e-06, 2.29545130424e-05, 3.57739781975e-06, 4.02081326456e-07, 2.6657622243e-07, 1.9556527775e-07, 3.81495652846e-08, 2.23417995215e-08, 3.60472718341e-08, 2.87418355782e-08, 7.26127780126e-08, 7.42304209211e-08, 1.58136089112e-07, 7.51385229592e-08, 2.11605140521e-07, 1.50153894651e-07, 1.77898144216e-07, 6.1450620592e-08, 4.38518803492e-08, 4.61366482796e-07, 2.09327879475e-07, 4.75883368267e-08, 5.7298993994e-08, 4.44590426696e-08], "dvar2": [2.8009108064e-06, 0.000266911025392, 0.000116859060654, 1.51322183228e-05, 6.62471866235e-05, 1.10319761006e-05, 1.0463096487e-06, 6.59131046632e-07, 5.22855827967e-07, 9.93006921135e-08, 6.31456273936e-08, 1.0153365082e-07, 7.91156367086e-08, 1.72613297877e-07, 1.93551301209e-07, 3.75672755126e-07, 1.90397585698e-07, 5.7264719544e-07, 4.11532084854e-07, 4.57725548131e-07, 1.50983424874e-07, 9.8028912987e-08, 1.33832782012e-06, 5.94106609242e-07, 9.80443388698e-08, 1.31874543285e-07, 1.13560389536e-07], "max": [0.0629172325134, 0.133167520165, 0.0876113697886, 0.0446097478271, 0.0711555629969, 0.0457280129194, 0.0138003723696, 0.0138809084892, 0.0130433524027, 0.00683394726366, 0.00384847470559, 0.00537084555253, 0.00464981375262, 0.0112037109211, 0.00647142855451, 0.0114754429087, 0.0071688098833, 0.0105708800256, 0.0103176236153, 0.0220943018794, 0.00811886973679, 0.00812087208033, 0.0638205781579, 0.0361191146076, 0.00628593098372, 0.00455991225317, 0.00471371971071], "mean": [0.000471487845061, 0.00436828378588, 0.00334871071391, 0.00252659805119, 0.00664109457284, 0.00227843807079, 0.000847913790494, 0.000434277637396, 0.000293114339001, 0.000164203040185, 9.77335221251e-05, 0.000143231358379, 0.000111117798951, 0.000215838561417, 0.000313498370815, 0.000391601293813, 0.000361480924767, 0.000577755272388, 0.000517324311659, 0.000295547040878, 0.000248678174103, 0.000223487440962, 0.000267494557193, 0.000274562160484, 0.000232523176237, 0.000131844790303, 7.03708501533e-05], "median": [7.68793615862e-05, 0.00215592700988, 0.00150614581071, 0.00151801086031, 0.00465632136911, 0.000849504664075, 0.000377250486054, 0.000122848126921, 0.000101745434222, 6.67093481752e-05, 3.55699485226e-05, 7.62013805797e-05, 4.77170178783e-05, 7.17049915693e-05, 0.000165002886206, 0.000161611373187, 0.000153885353939, 0.0002060210536, 0.000174696644535, 8.71950178407e-05, 6.23201267445e-05, 7.23356642993e-05, 0.00010295942775, 0.000113262620289, 8.40310385684e-05, 2.7604846764e-05, 5.86397709412e-06], "min": [5.04605774166e-25, 7.57727878508e-24, 7.27307765116e-25, 1.75487886773e-24, 4.29459111132e-24, 9.48676788212e-24, 6.74138125952e-24, 7.99635877439e-24, 2.48535282469e-23, 1.43246364548e-23, 1.85771773356e-23, 2.13495784999e-23, 3.83704468654e-23, 2.67030331496e-23, 5.01843204969e-23, 3.75783421642e-23, 7.19227332702e-23, 1.13792428272e-22, 9.43208167759e-23, 1.640476011e-22, 2.9412634675e-22, 3.14868163142e-22, 3.60280525184e-22, 5.04788685372e-22, 8.71113273485e-22, 1.23023244396e-21, 1.78893094958e-21], "var": [2.39812379732e-06, 7.29569292162e-05, 4.12971166952e-05, 9.46494947129e-06, 4.6726756409e-05, 1.30787220769e-05, 1.4208662833e-06, 7.4025763297e-07, 3.60871325711e-07, 1.08075134619e-07, 3.37856178589e-08, 4.58983606677e-08, 3.74982356277e-08, 3.26083295477e-07, 1.76969322752e-07, 4.58880037968e-07, 3.09295529632e-07, 8.27585779462e-07, 6.60108923967e-07, 4.57884766547e-07, 2.90908729994e-07, 1.60043626352e-07, 3.9511542127e-07, 2.30666913126e-07, 1.43024877275e-07, 7.95327750325e-08, 3.75803139718e-08]}, "erbbands": {"dmean": [0.0461630895734, 0.717016279697, 2.82770180702, 3.45293831825, 7.86708688736, 12.7744588852, 14.684258461, 6.50742912292, 5.82975673676, 5.26789236069, 4.49571371078, 3.94071221352, 3.398001194, 2.3510890007, 2.367166996, 3.1109726429, 2.70427656174, 4.04697942734, 7.47255134583, 7.64304065704, 10.8832798004, 7.18060159683, 12.7469005585, 11.0474386215, 8.18290138245, 4.80966615677, 4.79406881332, 3.59456110001, 2.71729922295, 3.51509356499, 3.1088039875, 2.43251681328, 1.89334583282, 1.19544959068, 0.834950566292, 0.596252799034, 0.152791842818, 0.0270177107304, 0.0153109235689, 0.00117253628559], "dmean2": [0.080489218235, 1.28674328327, 4.84017515182, 5.84735393524, 13.387219429, 21.514957428, 25.926448822, 11.0943908691, 9.62595748901, 8.1719751358, 7.09748029709, 6.54755067825, 5.57091331482, 3.93270492554, 4.05296373367, 5.26796245575, 4.53327417374, 6.57751321793, 12.0984363556, 12.4118041992, 17.5178928375, 11.4533805847, 21.1650695801, 18.203950882, 13.290553093, 7.97647285461, 7.7999920845, 5.58460569382, 4.21137332916, 5.5100851059, 4.98469209671, 3.82053399086, 2.9719479084, 1.7969725132, 1.165756464, 0.853625237942, 0.23008826375, 0.0418636798859, 0.0247360616922, 0.00189121905714], "dvar": [0.0179781056941, 7.22894048691, 73.7877731323, 27.4665126801, 193.468276978, 290.509246826, 1071.63879395, 179.771759033, 128.57421875, 106.283363342, 120.541122437, 128.529754639, 50.5592842102, 38.5021858215, 42.8224449158, 52.8301315308, 54.1091880798, 83.9878082275, 260.025787354, 196.931259155, 667.072265625, 163.96913147, 637.907470703, 508.877044678, 326.787994385, 241.883392334, 165.202270508, 79.4224700928, 41.4832191467, 147.342636108, 426.329193115, 28.9535293579, 136.516937256, 8.88530921936, 2.88890480995, 1.94367051125, 0.13138410449, 0.00388175412081, 0.00158896122593, 9.64788341662e-06], "dvar2": [0.0520431958139, 21.0260238647, 203.375259399, 79.7145843506, 536.208312988, 831.809570312, 3563.90429688, 532.719116211, 357.861877441, 256.440856934, 311.790649414, 343.548400879, 135.299423218, 103.289665222, 121.862571716, 147.480545044, 150.369094849, 221.987716675, 656.998962402, 506.488830566, 1584.28063965, 415.961547852, 1746.59228516, 1384.1171875, 815.652770996, 667.272460938, 438.401428223, 191.171417236, 92.4579925537, 375.123138428, 1244.59216309, 69.4973907471, 400.586029053, 21.1722545624, 5.90693664551, 4.34024095535, 0.312560170889, 0.00947031192482, 0.00407262239605, 2.48307333095e-05], "max": [2.77496194839, 36.1273536682, 103.934089661, 98.1233673096, 264.98828125, 267.981048584, 601.048706055, 475.28717041, 323.783569336, 229.988708496, 264.747558594, 314.262145996, 179.387619019, 207.104049683, 159.802658081, 152.178848267, 209.58895874, 270.825622559, 480.628143311, 331.572357178, 790.885620117, 366.839111328, 713.90423584, 532.415283203, 864.613098145, 1054.16479492, 401.391601562, 301.217193604, 194.586212158, 806.95513916, 1954.96887207, 143.91015625, 1001.02484131, 135.315414429, 44.5403671265, 35.0087203979, 7.19894123077, 1.21147012711, 0.865867555141, 0.083277516067], "mean": [0.100949726999, 1.07567298412, 3.76412200928, 6.30320167542, 12.9620418549, 23.89985466, 28.0403862, 14.8575983047, 14.0213785172, 12.3490953445, 8.76675128937, 6.8748497963, 6.80558776855, 4.49357128143, 4.1516327858, 5.72522068024, 5.20447969437, 8.63381195068, 16.1458377838, 16.9665107727, 25.4229831696, 19.54504776, 31.3787879944, 30.2955036163, 21.9921417236, 11.5367746353, 11.2302789688, 8.94527053833, 7.09854650497, 8.71840667725, 7.58075809479, 5.87021064758, 4.53148126602, 2.75081133842, 1.62949490547, 0.84297221899, 0.178169772029, 0.0279525220394, 0.0130943516269, 0.00102151674218], "median": [0.033790063113, 0.500198721886, 1.68639957905, 4.10152435303, 8.88904857635, 15.8619861603, 10.1909713745, 5.87229204178, 4.77131891251, 5.14016580582, 2.78300786018, 2.57227516174, 2.85316300392, 2.07600164413, 2.07533836365, 3.15040850639, 2.56192588806, 3.65650415421, 7.03778123856, 8.90629482269, 11.0083742142, 9.59514904022, 13.1575832367, 9.24774551392, 8.85857486725, 3.79616498947, 2.65248084068, 2.43428134918, 2.06941103935, 3.37171840668, 2.79240012169, 2.33330702782, 1.87318253517, 1.06182551384, 0.537168264389, 0.198513925076, 0.0336727537215, 0.00444278307259, 0.00111349439248, 0.000109766588139], "min": [1.76573929725e-22, 8.28258562581e-22, 1.09264177349e-21, 4.98844516215e-21, 1.52526127282e-20, 1.17700248296e-20, 4.34587769138e-20, 5.03876520837e-20, 8.37088103716e-20, 2.17982253935e-19, 3.77105850999e-19, 6.47103496598e-19, 5.59366827169e-19, 7.76159905576e-19, 1.03639692334e-18, 1.27794937864e-18, 1.76801501409e-18, 1.72793687264e-18, 2.7336267837e-18, 3.41662650676e-18, 2.64412005115e-18, 3.94284034857e-18, 6.04736153483e-18, 5.54939425658e-18, 6.72740491438e-18, 7.27416840415e-18, 9.78224205996e-18, 1.04189833616e-17, 1.01865861413e-17, 1.09756014676e-17, 1.05659187626e-17, 1.12334990118e-17, 8.40058325765e-18, 8.35667485638e-18, 6.77912893168e-18, 4.58257976636e-18, 2.19031036234e-18, 9.42820255393e-19, 2.31165806839e-19, 2.74584349171e-20], "var": [0.0307818185538, 5.29300832748, 61.5906906128, 47.1457519531, 231.285263062, 647.368347168, 2418.68774414, 569.579467773, 641.012512207, 383.692352295, 285.082733154, 223.796798706, 144.660568237, 85.5968856812, 50.0541229248, 73.8287353516, 69.8732376099, 214.395812988, 902.609741211, 523.666564941, 1925.48400879, 762.772094727, 2343.54711914, 2407.94824219, 1331.55725098, 488.892425537, 568.87677002, 346.261749268, 169.057647705, 271.459197998, 350.664642334, 77.4623336792, 102.861114502, 21.3633155823, 7.43460702896, 3.022367239, 0.160685732961, 0.00413098186255, 0.00132888986263, 7.98586370365e-06]}, "gfcc": {"mean": [-5.77777051926, 51.5258293152, -84.2853775024, 44.3819847107, -51.2262649536, 3.655823946, -54.3867797852, 4.29719734192, -26.6589012146, -6.99973344803, -14.7885818481, -3.68771791458, -11.3689651489], "cov": [[18283.0644531, 2060.85595703, 731.79284668, 946.379394531, 626.313964844, 105.091148376, -208.018234253, 100.023742676, 129.230499268, 216.555282593, -216.998001099, -39.9358863831, -92.8048553467], [2060.85595703, 2031.71032715, -2.69685101509, 359.365570068, 210.211868286, 101.780082703, -146.601959229, -74.0449905396, -2.00681686401, -97.0082931519, 14.7122106552, -111.350273132, 13.4104156494], [731.79284668, -2.69685101509, 630.163208008, -15.2007608414, 208.920593262, 22.8014335632, 66.6014633179, -72.5393218994, -26.289932251, 21.002243042, -47.1703147888, -0.674390912056, -20.8035335541], [946.379394531, 359.365570068, -15.2007608414, 338.539489746, 24.2030639648, 100.289627075, -14.2164726257, 38.5495643616, 9.60682678223, 15.1020965576, 5.65609741211, -17.5447845459, 10.2402486801], [626.313964844, 210.211868286, 208.920593262, 24.2030639648, 316.304443359, 30.7398643494, 50.2482795715, -9.01446723938, 26.8826599121, 8.52939510345, -7.5068936348, 0.337659806013, 0.632407009602], [105.091148376, 101.780082703, 22.8014335632, 100.289627075, 30.7398643494, 160.085830688, 30.0390930176, 27.0423812866, -1.8711899519, 12.8036327362, 0.605035841465, -4.34580993652, 13.0291910172], [-208.018234253, -146.601959229, 66.6014633179, -14.2164726257, 50.2482795715, 30.0390930176, 175.787643433, 45.3876991272, 21.5796508789, 29.4074630737, 14.2257003784, 23.6823406219, 11.0396823883], [100.023742676, -74.0449905396, -72.5393218994, 38.5495643616, -9.01446723938, 27.0423812866, 45.3876991272, 143.981994629, 67.2047576904, 26.3518047333, 31.5022907257, 27.5813617706, 8.56738185883], [129.230499268, -2.00681686401, -26.289932251, 9.60682678223, 26.8826599121, -1.8711899519, 21.5796508789, 67.2047576904, 106.201721191, 30.2223682404, 26.2139587402, 18.9708957672, 6.44398450851], [216.555282593, -97.0082931519, 21.002243042, 15.1020965576, 8.52939510345, 12.8036327362, 29.4074630737, 26.3518047333, 30.2223682404, 80.972869873, 22.6466426849, 17.6746196747, 2.05265569687], [-216.998001099, 14.7122106552, -47.1703147888, 5.65609741211, -7.5068936348, 0.605035841465, 14.2257003784, 31.5022907257, 26.2139587402, 22.6466426849, 85.8192825317, 36.8542251587, 17.4694805145], [-39.9358863831, -111.350273132, -0.674390912056, -17.5447845459, 0.337659806013, -4.34580993652, 23.6823406219, 27.5813617706, 18.9708957672, 17.6746196747, 36.8542251587, 90.0986938477, 43.5391464233], [-92.8048553467, 13.4104156494, -20.8035335541, 10.2402486801, 0.632407009602, 13.0291910172, 11.0396823883, 8.56738185883, 6.44398450851, 2.05265569687, 17.4694805145, 43.5391464233, 79.0275115967]], "icov": [[9.19670565054e-05, -9.45015490288e-05, -7.27769802324e-05, -0.000184307922609, -8.08679396869e-05, 0.000153472472448, 0.000137331328006, -0.000172323241713, 3.37282945111e-05, -0.000392661284423, 0.000430658546975, -0.000275282654911, 0.000167514619534], [-9.45015490288e-05, 0.00100476981606, 0.000140212170663, -0.000669390894473, -0.000570195668843, -0.000294366123853, 0.00040659395745, 0.000744249497075, -0.000490880978759, 0.00154030462727, -0.00141118781175, 0.00145623704884, -0.000732542597689], [-7.27769802324e-05, 0.000140212170663, 0.00252817687578, 0.000106118728581, -0.00142172910273, -0.000331257469952, -0.000799912319053, 0.00144278153311, 0.00033255154267, -0.000507325225044, 0.000854756799527, -0.000757745059673, 0.000778423098382], [-0.000184307922609, -0.000669390894473, 0.000106118728581, 0.00511805713177, 0.000476099754451, -0.00244249170646, 0.00024947579368, -0.00128521688748, 0.000608739559539, -0.000926341570448, -0.000285490968963, 0.000766375218518, -0.000619432074018], [-8.08679396869e-05, -0.000570195668843, -0.00142172910273, 0.000476099754451, 0.00501442234963, -0.000543145579286, -0.00128459185362, 0.000510846963152, -0.00172327505425, 0.000344673229847, 9.84906146186e-05, -0.00026483394322, -4.9724899327e-06], [0.000153472472448, -0.000294366123853, -0.000331257469952, -0.00244249170646, -0.000543145579286, 0.00882180966437, -0.0010197161464, -0.00199662614614, 0.00187996006571, -0.00165017566178, 0.00105254189111, 0.00068322988227, -0.00135124078952], [0.000137331328006, 0.00040659395745, -0.000799912319053, 0.00024947579368, -0.00128459185362, -0.0010197161464, 0.00800587516278, -0.00261223479174, 0.000514380051754, -0.00157137878705, -0.00019882680499, -0.000125821097754, -0.000695260823704], [-0.000172323241713, 0.000744249497075, 0.00144278153311, -0.00128521688748, 0.000510846963152, -0.00199662614614, -0.00261223479174, 0.0134846912697, -0.00724394991994, 0.00159320724197, -0.00194885581732, -0.00154213409405, 0.00127553252969], [3.37282945111e-05, -0.000490880978759, 0.00033255154267, 0.000608739559539, -0.00172327505425, 0.00187996006571, 0.000514380051754, -0.00724394991994, 0.0158706456423, -0.00446057366207, -0.000757529109251, -0.000306329922751, -0.000293150806101], [-0.000392661284423, 0.00154030462727, -0.000507325225044, -0.000926341570448, 0.000344673229847, -0.00165017566178, -0.00157137878705, 0.00159320724197, -0.00446057366207, 0.0189208164811, -0.00581429107115, 0.000871086027473, 0.00025772608933], [0.000430658546975, -0.00141118781175, 0.000854756799527, -0.000285490968963, 9.84906146186e-05, 0.00105254189111, -0.00019882680499, -0.00194885581732, -0.000757529109251, -0.00581429107115, 0.0191945489496, -0.00821082014591, 0.00156530737877], [-0.000275282654911, 0.00145623704884, -0.000757745059673, 0.000766375218518, -0.00026483394322, 0.00068322988227, -0.000125821097754, -0.00154213409405, -0.000306329922751, 0.000871086027473, -0.00821082014591, 0.0221015978605, -0.0111541068181], [0.000167514619534, -0.000732542597689, 0.000778423098382, -0.000619432074018, -4.9724899327e-06, -0.00135124078952, -0.000695260823704, 0.00127553252969, -0.000293150806101, 0.00025772608933, 0.00156530737877, -0.0111541068181, 0.0192580837756]]}, "melbands": {"dmean": [0.00056790583767, 0.0012995362049, 0.000691786350217, 0.000716841837857, 0.000531612895429, 0.000152104737936, 8.65595284267e-05, 5.56917584618e-05, 3.39155158144e-05, 2.49135846389e-05, 1.68885690073e-05, 9.57783868216e-06, 8.04960018286e-06, 9.60500165093e-06, 6.45577438263e-06, 6.96027700542e-06, 7.83708583185e-06, 1.280559718e-05, 9.92536115518e-06, 1.04783621282e-05, 1.41857499329e-05, 8.27961048344e-06, 1.0489300621e-05, 1.32251961986e-05, 9.8807086033e-06, 7.74052568886e-06, 4.71780140288e-06, 3.65006076208e-06, 3.91465937355e-06, 2.58276440945e-06, 2.31066132983e-06, 1.57087436037e-06, 1.99552209779e-06, 2.11277915696e-06, 1.96340511138e-06, 1.84736211395e-06, 1.43742988712e-06, 1.45276464991e-06, 1.20184131447e-06, 1.03218837921e-06], "dmean2": [0.00100485607982, 0.00225751847029, 0.00118131865747, 0.00119588000234, 0.000933270668611, 0.000258604850387, 0.000142736957059, 8.60863292473e-05, 5.39388311154e-05, 4.13503912569e-05, 2.76570954156e-05, 1.59759420058e-05, 1.37489851113e-05, 1.63347922353e-05, 1.09535394586e-05, 1.16227283797e-05, 1.27017510749e-05, 2.06084623642e-05, 1.6344452888e-05, 1.68029146153e-05, 2.29228735407e-05, 1.32765353555e-05, 1.73145290319e-05, 2.20499550778e-05, 1.63841614267e-05, 1.27498469737e-05, 7.58353962738e-06, 6.19895490672e-06, 6.51345953884e-06, 4.16702641814e-06, 3.65257460544e-06, 2.47331286118e-06, 3.17355716106e-06, 3.38543259204e-06, 3.21030029227e-06, 2.96387383969e-06, 2.26927659241e-06, 2.29819170272e-06, 1.92377365238e-06, 1.57017495894e-06], "dvar": [3.60206490768e-06, 1.8133159756e-05, 1.07727714749e-06, 1.0276365856e-06, 1.13032081117e-06, 9.17859210858e-08, 2.66108877156e-08, 1.15795169009e-08, 6.42736353029e-09, 4.86717288695e-09, 1.2474566935e-09, 6.59743426557e-10, 4.19897894233e-10, 5.16789999683e-10, 2.96294017099e-10, 3.05057062944e-10, 3.10247605384e-10, 8.83353334924e-10, 3.31522226338e-10, 4.21285673013e-10, 1.09700726281e-09, 2.51470511081e-10, 3.99843186338e-10, 7.01452618213e-10, 4.30469188073e-10, 2.26240901013e-10, 2.75505201985e-10, 1.86350185283e-10, 1.28570404323e-10, 4.96693033925e-11, 3.64665520003e-11, 1.35923078348e-11, 2.80043314926e-11, 9.26799678669e-11, 3.42102235429e-10, 1.5981299617e-11, 9.68929624034e-12, 5.73191633046e-11, 3.90709825604e-11, 5.49392779534e-12], "dvar2": [1.05002700366e-05, 5.08633056597e-05, 3.12961810778e-06, 2.75367574432e-06, 3.71484816242e-06, 2.73076921076e-07, 7.42879322502e-08, 2.7895286081e-08, 1.6803246794e-08, 1.30391617503e-08, 3.32329452846e-09, 1.7474101055e-09, 1.18476695121e-09, 1.46471534901e-09, 8.34369184854e-10, 8.29125379465e-10, 8.06622546534e-10, 2.16618012416e-09, 8.70475913572e-10, 1.0466768563e-09, 2.62748489632e-09, 6.3488819757e-10, 1.09372855217e-09, 1.9083368219e-09, 1.18424492435e-09, 6.13006034822e-10, 6.47331632742e-10, 5.33218913468e-10, 3.57200213852e-10, 1.26661861555e-10, 9.01596436398e-11, 3.186174935e-11, 6.43370565157e-11, 2.5655033653e-10, 1.01239472361e-09, 3.90944568385e-11, 2.3371100194e-11, 1.67268129903e-10, 1.13194460749e-10, 1.23304500291e-11], "max": [0.030555171892, 0.0528395995498, 0.0174786541611, 0.0171831697226, 0.019568759948, 0.0101640634239, 0.00451772799715, 0.00205646269023, 0.00173188769259, 0.00222832639702, 0.000883222324774, 0.000924344465602, 0.000425162346801, 0.000711113214493, 0.000438639981439, 0.000452898588264, 0.000495954067446, 0.001101359725, 0.000362197170034, 0.000431866588769, 0.000952475238591, 0.000502294220496, 0.000467867066618, 0.000737972964998, 0.00044288978097, 0.000419890217017, 0.00098861195147, 0.00101424066816, 0.00039442666457, 0.000262616726104, 0.000231353129493, 0.000118726988148, 0.000244219409069, 0.000802289694548, 0.00179898855276, 0.000112376656034, 6.80614321027e-05, 0.000624494045042, 0.000531266676262, 0.000116434974188], "mean": [0.00106986053288, 0.00182815722656, 0.00129904667847, 0.00130322144832, 0.00104690820444, 0.000357283686753, 0.000208448545891, 0.000127303792397, 6.30744470982e-05, 4.25046528107e-05, 3.30903530994e-05, 1.75265413418e-05, 1.36659755299e-05, 1.61359548656e-05, 1.17064591905e-05, 1.28373849293e-05, 1.59270948643e-05, 2.6372841603e-05, 2.09955669561e-05, 2.30595760513e-05, 3.11809344566e-05, 1.97609260795e-05, 2.33717692026e-05, 2.99023286061e-05, 2.42525857175e-05, 1.92984080059e-05, 1.07456999103e-05, 7.25450809114e-06, 7.92675837147e-06, 5.76246657147e-06, 5.07317236043e-06, 3.72654403691e-06, 4.64328377348e-06, 4.81659208162e-06, 4.28485736848e-06, 4.2785527512e-06, 3.19595733345e-06, 3.26630470227e-06, 2.66456095233e-06, 2.22861899601e-06], "median": [0.000552576384507, 0.000916932011023, 0.000901881256141, 0.000936924130656, 0.000484870310174, 0.000133471126901, 7.71470513428e-05, 4.92186700285e-05, 2.02662413358e-05, 1.50426403707e-05, 1.34734009407e-05, 7.74789532443e-06, 5.84471035836e-06, 8.4999428509e-06, 5.77050604988e-06, 5.06442438564e-06, 6.0051715991e-06, 9.63295951806e-06, 1.1148978956e-05, 1.03860620584e-05, 1.17989129649e-05, 8.06214029581e-06, 1.01632995211e-05, 9.94904530671e-06, 6.33972922515e-06, 7.12016390025e-06, 4.16889133703e-06, 1.96288465304e-06, 1.67903363035e-06, 1.43186696278e-06, 1.27321118271e-06, 9.34885747483e-07, 1.62698722761e-06, 1.85846568002e-06, 1.45515946315e-06, 1.65555331932e-06, 1.22708911476e-06, 1.31607521325e-06, 1.06094012153e-06, 8.29057512419e-07], "min": [2.60849913959e-24, 6.05183666037e-25, 1.92084474978e-24, 9.32665022039e-25, 1.31642396154e-24, 9.71107693065e-25, 1.19025423861e-24, 2.63748228368e-24, 2.7423958537e-24, 3.36689265893e-24, 2.55894585576e-24, 2.10065691565e-24, 3.69163908348e-24, 2.3606950523e-24, 3.60752481731e-24, 2.89011163592e-24, 2.79292436683e-24, 3.1152231532e-24, 3.86720836098e-24, 3.63193335701e-24, 3.19712663669e-24, 3.65171719965e-24, 4.01667896429e-24, 5.12585802336e-24, 4.00956383335e-24, 3.91448952819e-24, 5.49306606943e-24, 4.03370652692e-24, 4.82194857077e-24, 6.33517587461e-24, 5.32784901359e-24, 5.89927382092e-24, 5.28759186387e-24, 5.2740609272e-24, 5.90547426764e-24, 6.38400833679e-24, 5.44932018236e-24, 5.60852177936e-24, 5.99010326555e-24, 6.6961361423e-24], "var": [3.55422344001e-06, 1.43561046571e-05, 1.79517428478e-06, 1.65909602856e-06, 2.57488045463e-06, 3.39356375889e-07, 1.24665589851e-07, 4.14516705405e-08, 1.40901361689e-08, 8.58288284888e-09, 3.50573969854e-09, 1.50596213278e-09, 5.87005888342e-10, 6.24614304723e-10, 3.61756041789e-10, 4.96620022883e-10, 8.64473881368e-10, 3.57058849154e-09, 7.59490803581e-10, 1.27504784508e-09, 3.0977262977e-09, 1.08558406708e-09, 1.22036747374e-09, 2.41779285481e-09, 1.73727521258e-09, 9.09368802482e-10, 8.60253590584e-10, 2.80106687844e-10, 3.20224985417e-10, 1.73133160586e-10, 1.21903043215e-10, 4.92372947969e-11, 8.28890497906e-11, 1.04553435354e-10, 2.23659563092e-10, 4.39544303732e-11, 2.40607343077e-11, 4.68236040219e-11, 3.30638780244e-11, 1.4990999761e-11]}, "mfcc": {"mean": [-655.173522949, 87.0638961792, 23.7798843384, 34.9616508484, 23.9524841309, -1.29549586773, -5.89407682419, 0.487140953541, -9.38037109375, -2.49074554443, -5.52947759628, -6.82896947861, -3.73735260963], "cov": [[12200.9287109, 1318.55883789, 146.826568604, 724.030883789, 400.730560303, 69.8055648804, -159.244842529, 54.3499832153, 152.47795105, 160.83140564, 144.642822266, 61.8041687012, -28.1207485199], [1318.55883789, 1198.58691406, 23.7975769043, 146.972427368, 239.925247192, 51.3565864563, -21.1625385284, -20.6678791046, -50.6040992737, -15.56524086, -63.6427574158, -38.4218025208, 6.33719539642], [146.826568604, 23.7975769043, 296.123321533, 37.3662757874, 11.814620018, 58.4157943726, 25.1725025177, -12.298166275, -1.60949540138, -11.7185707092, -23.7225570679, -11.7010183334, 6.33241605759], [724.030883789, 146.972427368, 37.3662757874, 191.433853149, 63.518497467, 27.9760227203, 15.1479892731, 12.0691919327, 14.2235422134, 11.745724678, 4.46462202072, 10.7292509079, 7.65390300751], [400.730560303, 239.925247192, 11.814620018, 63.518497467, 203.230926514, 45.7190742493, -2.13625240326, 13.853679657, 4.52780723572, 1.81652748585, -4.57492160797, 4.38801622391, 13.4254007339], [69.8055648804, 51.3565864563, 58.4157943726, 27.9760227203, 45.7190742493, 145.247573853, 63.0920829773, -9.2723903656, 25.3558101654, -6.29699468613, -19.7755470276, 7.93992233276, 5.97943878174], [-159.244842529, -21.1625385284, 25.1725025177, 15.1479892731, -2.13625240326, 63.0920829773, 124.762939453, 33.2949485779, 23.2203273773, 13.9213809967, -0.265275776386, 16.2777118683, 11.9915885925], [54.3499832153, -20.6678791046, -12.298166275, 12.0691919327, 13.853679657, -9.2723903656, 33.2949485779, 104.708114624, 38.0978813171, 19.4127559662, 32.3176422119, 12.0760030746, 10.0805826187], [152.47795105, -50.6040992737, -1.60949540138, 14.2235422134, 4.52780723572, 25.3558101654, 23.2203273773, 38.0978813171, 91.1273498535, 30.0900402069, 3.99612259865, 17.722284317, 7.54398822784], [160.83140564, -15.56524086, -11.7185707092, 11.745724678, 1.81652748585, -6.29699468613, 13.9213809967, 19.4127559662, 30.0900402069, 80.9601211548, 43.5500946045, 9.16826152802, 6.53519678116], [144.642822266, -63.6427574158, -23.7225570679, 4.46462202072, -4.57492160797, -19.7755470276, -0.265275776386, 32.3176422119, 3.99612259865, 43.5500946045, 95.278465271, 27.877576828, -2.01407599449], [61.8041687012, -38.4218025208, -11.7010183334, 10.7292509079, 4.38801622391, 7.93992233276, 16.2777118683, 12.0760030746, 17.722284317, 9.16826152802, 27.877576828, 64.9778594971, 24.9556694031], [-28.1207485199, 6.33719539642, 6.33241605759, 7.65390300751, 13.4254007339, 5.97943878174, 11.9915885925, 10.0805826187, 7.54398822784, 6.53519678116, -2.01407599449, 24.9556694031, 66.6769256592]], "icov": [[0.000127893610625, -0.000113842492283, -4.84713236801e-05, -0.000379131583031, 6.66025380269e-06, -3.15033976221e-05, 0.000261765788309, 2.83293520624e-05, -0.000247557502007, -8.03622897365e-05, -0.000205587173696, -8.29927084851e-05, 0.000123744452139], [-0.000113842492283, 0.00137059262488, 0.000153223561938, -0.000305661378661, -0.00126114301383, -0.000140301388456, -1.39833109642e-05, -0.000226518255658, 0.00125077657867, -0.000519099412486, 0.00119990273379, 0.000381895835744, -5.17964326718e-05], [-4.84713236801e-05, 0.000153223561938, 0.0038760851603, -0.000630858179647, 0.00024187361123, -0.00152460800018, -0.000172538551851, 5.6064567616e-05, 0.000540138804354, 0.000179842216312, 0.000419942633016, 0.00104955572169, -0.000679009885062], [-0.000379131583031, -0.000305661378661, -0.000630858179647, 0.00757264858112, -0.00120115454774, 4.78496731375e-05, -0.0011822731467, -0.000144866498886, -0.0001149409145, -0.000169582301169, 0.000151418425958, -0.000734371307772, -0.000159054878168], [6.66025380269e-06, -0.00126114301383, 0.00024187361123, -0.00120115454774, 0.00764128053561, -0.00292696012184, 0.00214871787466, -0.00200659222901, 0.000525667332113, -0.000399541662773, 1.85937533388e-05, -0.00057286513038, -0.00092692009639], [-3.15033976221e-05, -0.000140301388456, -0.00152460800018, 4.78496731375e-05, -0.00292696012184, 0.0126775959507, -0.00707612698898, 0.00497143575922, -0.00480009382591, 0.00314130843617, -0.000986050232314, 0.000383763195714, 0.000174586748471], [0.000261765788309, -1.39833109642e-05, -0.000172538551851, -0.0011822731467, 0.00214871787466, -0.00707612698898, 0.0142202423885, -0.00619044480845, 0.00243389420211, -0.00420055957511, 0.00318453833461, -0.00334971956909, 0.000330455164658], [2.83293520624e-05, -0.000226518255658, 5.6064567616e-05, -0.000144866498886, -0.00200659222901, 0.00497143575922, -0.00619044480845, 0.016662620008, -0.00853556487709, 0.00458641350269, -0.00783801823854, 0.00388940679841, -0.00257910625078], [-0.000247557502007, 0.00125077657867, 0.000540138804354, -0.0001149409145, 0.000525667332113, -0.00480009382591, 0.00243389420211, -0.00853556487709, 0.0201326087117, -0.00952239707112, 0.00859433226287, -0.00601555826142, 0.00208251550794], [-8.03622897365e-05, -0.000519099412486, 0.000179842216312, -0.000169582301169, -0.000399541662773, 0.00314130843617, -0.00420055957511, 0.00458641350269, -0.00952239707112, 0.02239382267, -0.0128136547282, 0.00611067982391, -0.00391301233321], [-0.000205587173696, 0.00119990273379, 0.000419942633016, 0.000151418425958, 1.85937533388e-05, -0.000986050232314, 0.00318453833461, -0.00783801823854, 0.00859433226287, -0.0128136547282, 0.0229176562279, -0.0107187749818, 0.00542651535943], [-8.29927084851e-05, 0.000381895835744, 0.00104955572169, -0.000734371307772, -0.00057286513038, 0.000383763195714, -0.00334971956909, 0.00388940679841, -0.00601555826142, 0.00611067982391, -0.0107187749818, 0.0252026040107, -0.00966618675739], [0.000123744452139, -5.17964326718e-05, -0.000679009885062, -0.000159054878168, -0.00092692009639, 0.000174586748471, 0.000330455164658, -0.00257910625078, 0.00208251550794, -0.00391301233321, 0.00542651535943, -0.00966618675739, 0.019568676129]]}, "spectral_contrast_coeffs": {"dmean": [0.0479326881468, 0.0405100546777, 0.0299824159592, 0.0253379531205, 0.0197755936533, 0.0142281278968], "dmean2": [0.081074796617, 0.0674536898732, 0.0502783842385, 0.0422564558685, 0.0325093455613, 0.023241173476], "dvar": [0.00155501568224, 0.00117755657993, 0.000576205551624, 0.00045056338422, 0.000284459267277, 0.000186815464986], "dvar2": [0.0044229128398, 0.00327518209815, 0.00159811135381, 0.00118737958837, 0.000719807983842, 0.000468068232294], "max": [-0.277404040098, -0.41493755579, -0.560200095177, -0.595540881157, -0.602222561836, -0.629150629044], "mean": [-0.582577824593, -0.708046019077, -0.798596441746, -0.780214965343, -0.766347229481, -0.797909498215], "median": [-0.585071265697, -0.708978414536, -0.801589131355, -0.781342506409, -0.769029796124, -0.801415145397], "min": [-0.983078837395, -0.979387879372, -0.973860681057, -0.9691182971, -0.967205762863, -0.963419675827], "var": [0.00877686403692, 0.00623260252178, 0.00213547749445, 0.00207147537731, 0.00210683257319, 0.00119533308316]}, "spectral_contrast_valleys": {"dmean": [0.354393720627, 0.324015825987, 0.280407339334, 0.239999949932, 0.18850786984, 0.234864294529], "dmean2": [0.603571236134, 0.544889211655, 0.470557570457, 0.398338794708, 0.296737343073, 0.336368381977], "dvar": [0.10183571279, 0.087529733777, 0.068391546607, 0.0589825697243, 0.0402762405574, 0.0751149728894], "dvar2": [0.2745860219, 0.230852380395, 0.171425312757, 0.141495063901, 0.0861340612173, 0.165318876505], "max": [-5.02385663986, -4.5771613121, -5.41188716888, -5.46961832047, -