{"lowlevel": {"average_loudness": 0.923107147217, "barkbands_crest": {"dmean": 3.54617857933, "dmean2": 5.76559066772, "dvar": 9.97981071472, "dvar2": 25.7308483124, "max": 26.0932540894, "mean": 12.9305000305, "median": 12.4033050537, "min": 2.33564782143, "var": 22.2799015045}, "barkbands_flatness_db": {"dmean": 0.034523870796, "dmean2": 0.0535235889256, "dvar": 0.0011435096385, "dvar2": 0.00274450657889, "max": 0.427970677614, "mean": 0.160406947136, "median": 0.154362469912, "min": 0.0275679696351, "var": 0.00348907150328}, "barkbands_kurtosis": {"dmean": 9.87802219391, "dmean2": 16.1980628967, "dvar": 466.303710938, "dvar2": 1225.14074707, "max": 377.393676758, "mean": 12.7675170898, "median": 6.58876991272, "min": -1.89916729927, "var": 488.083496094}, "barkbands_skewness": {"dmean": 1.00441884995, "dmean2": 1.56379699707, "dvar": 1.33856880665, "dvar2": 3.18531084061, "max": 14.947101593, "mean": 2.59480118752, "median": 2.27951788902, "min": -6.22402191162, "var": 3.0666821003}, "barkbands_spread": {"dmean": 8.25483131409, "dmean2": 12.5848026276, "dvar": 105.966888428, "dvar2": 234.362319946, "max": 125.917541504, "mean": 19.3382015228, "median": 12.981751442, "min": 0.314705133438, "var": 369.402374268}, "dissonance": {"dmean": 0.0224320422858, "dmean2": 0.0371334925294, "dvar": 0.0004409661924, "dvar2": 0.00112823501695, "max": 0.500000119209, "mean": 0.455382019281, "median": 0.464032918215, "min": 0.163207530975, "var": 0.00122109160293}, "dynamic_complexity": 2.98324775696, "erbbands_crest": {"dmean": 2.80787658691, "dmean2": 4.64158296585, "dvar": 6.45812416077, "dvar2": 17.5356025696, "max": 28.9037075043, "mean": 8.64634132385, "median": 7.82743310928, "min": 2.49517321587, "var": 13.9709825516}, "erbbands_flatness_db": {"dmean": 0.0190594866872, "dmean2": 0.0281804911792, "dvar": 0.000368789507775, "dvar2": 0.000749125843868, "max": 0.377155214548, "mean": 0.130948826671, "median": 0.122102551162, "min": 0.0405848361552, "var": 0.00221667555161}, "erbbands_kurtosis": {"dmean": 1.33012783527, "dmean2": 2.11596417427, "dvar": 3.46761107445, "dvar2": 8.24032306671, "max": 62.5395889282, "mean": 0.853740274906, "median": 0.257975578308, "min": -1.80963790417, "var": 7.59744548798}, "erbbands_skewness": {"dmean": 0.49599006772, "dmean2": 0.743774116039, "dvar": 0.236876636744, "dvar2": 0.535762012005, "max": 6.13456630707, "mean": 0.60540241003, "median": 0.681752920151, "min": -5.24118995667, "var": 0.747428774834}, "erbbands_spread": {"dmean": 14.2126111984, "dmean2": 20.9682273865, "dvar": 227.620223999, "dvar2": 465.536712646, "max": 183.882583618, "mean": 48.6010551453, "median": 41.9837036133, "min": 2.42425298691, "var": 798.053649902}, "hfc": {"dmean": 10.4081411362, "dmean2": 15.6912050247, "dvar": 182.816162109, "dvar2": 417.117736816, "max": 165.411422729, "mean": 27.5801639557, "median": 21.9964027405, "min": 1.18779919884e-16, "var": 429.907409668}, "melbands_crest": {"dmean": 4.19711256027, "dmean2": 6.8083486557, "dvar": 12.5673379898, "dvar2": 31.9544525146, "max": 37.0847320557, "mean": 18.5676422119, "median": 18.7384376526, "min": 1.73982930183, "var": 36.2023048401}, "melbands_flatness_db": {"dmean": 0.0431490130723, "dmean2": 0.0652307197452, "dvar": 0.00170859775972, "dvar2": 0.00396801903844, "max": 0.557206213474, "mean": 0.252870649099, "median": 0.25058016181, "min": 0.00510789500549, "var": 0.00590126402676}, "melbands_kurtosis": {"dmean": 22.1869373322, "dmean2": 35.6704978943, "dvar": 1765.99572754, "dvar2": 4347.63427734, "max": 686.631225586, "mean": 33.0472068787, "median": 17.9485321045, "min": -1.90902423859, "var": 2361.29418945}, "melbands_skewness": {"dmean": 1.34854137897, "dmean2": 2.06591963768, "dvar": 2.32704615593, "dvar2": 5.2387342453, "max": 19.8794021606, "mean": 3.95371818542, "median": 3.41442108154, "min": -2.27047538757, "var": 5.87430763245}, "melbands_spread": {"dmean": 6.99811029434, "dmean2": 10.9416246414, "dvar": 136.129623413, "dvar2": 314.089416504, "max": 222.749862671, "mean": 14.9634466171, "median": 10.0999231339, "min": 0.273446768522, "var": 303.27835083}, "pitch_salience": {"dmean": 0.103990733624, "dmean2": 0.171097025275, "dvar": 0.00959886610508, "dvar2": 0.0253335498273, "max": 0.866552770138, "mean": 0.480743199587, "median": 0.492612272501, "min": 0.0647443309426, "var": 0.0196223091334}, "silence_rate_20dB": {"dmean": 0, "dmean2": 0, "dvar": 0, "dvar2": 0, "max": 1, "mean": 1, "median": 1, "min": 1, "var": 0}, "silence_rate_30dB": {"dmean": 0.142717882991, "dmean2": 0.285463571548, "dvar": 0.12235801667, "dvar2": 0.23617619276, "max": 1, "mean": 0.797836065292, "median": 1, "min": 0, "var": 0.1613098979}, "silence_rate_60dB": {"dmean": 0.00701891211793, "dmean2": 0.0140391923487, "dvar": 0.00696905702353, "dvar2": 0.0152082405984, "max": 1, "mean": 0.0466907098889, "median": 0, "min": 0, "var": 0.0445127636194}, "spectral_centroid": {"dmean": 366.385345459, "dmean2": 546.056213379, "dvar": 198057.734375, "dvar2": 411973.625, "max": 11033.8203125, "mean": 1100.63244629, "median": 845.725952148, "min": 123.774658203, "var": 590147.875}, "spectral_complexity": {"dmean": 4.44355630875, "dmean2": 6.89070892334, "dvar": 20.1419582367, "dvar2": 45.5212669373, "max": 51, "mean": 18.5091133118, "median": 17, "min": 0, "var": 78.1851577759}, "spectral_decrease": {"dmean": 7.85329667963e-09, "dmean2": 1.2436505159e-08, "dvar": 9.7298151873e-17, "dvar2": 2.2183569219e-16, "max": 5.42112964556e-17, "mean": -1.87578521604e-08, "median": -1.66419162895e-08, "min": -8.4685062518e-08, "var": 1.77507414035e-16}, "spectral_energy": {"dmean": 0.0299683026969, "dmean2": 0.0474582202733, "dvar": 0.00139971252065, "dvar2": 0.00318451528437, "max": 0.322155624628, "mean": 0.0732982084155, "median": 0.0656999871135, "min": 1.09604541169e-20, "var": 0.00257425894961}, "spectral_energyband_high": {"dmean": 0.00107684067916, "dmean2": 0.00159529584926, "dvar": 3.45570492755e-06, "dvar2": 7.45359056964e-06, "max": 0.027468174696, "mean": 0.00161620415747, "median": 0.000496994878631, "min": 7.95845573077e-21, "var": 6.40982170808e-06}, "spectral_energyband_low": {"dmean": 0.0264191757888, "dmean2": 0.0415229387581, "dvar": 0.0014919108944, "dvar2": 0.00349161867052, "max": 0.3141053617, "mean": 0.0486148633063, "median": 0.0368575043976, "min": 7.33187709478e-23, "var": 0.00245978916064}, "spectral_energyband_middle_high": {"dmean": 0.00141687190626, "dmean2": 0.0021738819778, "dvar": 3.36604057338e-06, "dvar2": 7.23617995391e-06, "max": 0.0299464631826, "mean": 0.00365262897685, "median": 0.00251617189497, "min": 1.48467065583e-21, "var": 1.29809213831e-05}, "spectral_energyband_middle_low": {"dmean": 0.0113417766988, "dmean2": 0.0195016302168, "dvar": 0.000228958117077, "dvar2": 0.00062962283846, "max": 0.151951879263, "mean": 0.0212485678494, "median": 0.0172073505819, "min": 4.22888868513e-22, "var": 0.00026430451544}, "spectral_entropy": {"dmean": 0.257783800364, "dmean2": 0.388250350952, "dvar": 0.0668763518333, "dvar2": 0.148721814156, "max": 9.8024225235, "mean": 7.56554460526, "median": 7.59892225266, "min": 4.62731409073, "var": 0.305906891823}, "spectral_flux": {"dmean": 0.0512370876968, "dmean2": 0.0798788815737, "dvar": 0.00298409676179, "dvar2": 0.00605434505269, "max": 0.495371580124, "mean": 0.142678901553, "median": 0.124131403863, "min": 1.04692185476e-10, "var": 0.0069542946294}, "spectral_kurtosis": {"dmean": 1.83031880856, "dmean2": 2.77377486229, "dvar": 7.97434997559, "dvar2": 18.5695114136, "max": 84.5071105957, "mean": 4.80420017242, "median": 3.57593011856, "min": -1.32444691658, "var": 40.1692466736}, "spectral_rms": {"dmean": 0.00163364200853, "dmean2": 0.00253227958456, "dvar": 3.11764733851e-06, "dvar2": 6.88330055709e-06, "max": 0.0177284572273, "mean": 0.00785571243614, "median": 0.00800609402359, "min": 3.2700346337e-12, "var": 9.79827927949e-06}, "spectral_rolloff": {"dmean": 529.651367188, "dmean2": 897.27923584, "dvar": 1412942.625, "dvar2": 3250271.75, "max": 19616.7480469, "mean": 1078.98291016, "median": 473.73046875, "min": 43.06640625, "var": 4838970}, "spectral_skewness": {"dmean": 0.32542091608, "dmean2": 0.466199398041, "dvar": 0.116352312267, "dvar2": 0.239375710487, "max": 7.65513372421, "mean": 1.64312946796, "median": 1.56264901161, "min": -0.0379612408578, "var": 0.62940788269}, "spectral_spread": {"dmean": 872935.9375, "dmean2": 1225809.5, "dvar": 1306599227390.0, "dvar2": 2247132446720.0, "max": 40000188, "mean": 5675856, "median": 5203045, "min": 1006949.125, "var": 5821639950340.0}, "spectral_strongpeak": {"dmean": 0.352445155382, "dmean2": 0.608670592308, "dvar": 0.240418374538, "dvar2": 0.63021248579, "max": 8.43990421295, "mean": 0.584351480007, "median": 0.402826756239, "min": 0, "var": 0.325968921185}, "zerocrossingrate": {"dmean": 0.0139709459618, "dmean2": 0.0161071885377, "dvar": 0.000295765872579, "dvar2": 0.000367103435565, "max": 0.61767578125, "mean": 0.0494698546827, "median": 0.03369140625, "min": 0.001953125, "var": 0.00280567398295}, "barkbands": {"dmean": [0.00140291149728, 0.0225496198982, 0.00738090509549, 0.0047601335682, 0.00539052532986, 0.00219113309868, 0.00133781833574, 0.00134779629298, 0.001007674844, 0.00066484551644, 0.000340617698384, 0.000300061103189, 0.000196526932996, 0.000221536116442, 0.000201816234039, 0.000149617044372, 0.000157214526553, 0.000144672158058, 0.000128250525449, 0.000184892109246, 0.000310174422339, 0.00026809721021, 0.000217038890696, 0.000146578866406, 0.000150817577378, 6.56030533719e-05, 5.57662906431e-06], "dmean2": [0.00214975140989, 0.0370852574706, 0.0130287772045, 0.00871986057609, 0.00916809309274, 0.00353934126906, 0.00220779003575, 0.00223608640954, 0.00164549530018, 0.00110033759847, 0.000551864039153, 0.000480750459246, 0.000314565491863, 0.000349810317857, 0.000319616956403, 0.000242066147621, 0.000257852603681, 0.000226590505918, 0.000199186804821, 0.000285385613097, 0.000458910275484, 0.000426556798629, 0.000348948000465, 0.000226248812396, 0.000221381706069, 9.49212044361e-05, 8.67473499966e-06], "dvar": [4.67022437078e-06, 0.00120195315685, 0.000326655805111, 8.80722509464e-05, 6.24821623205e-05, 9.61010937317e-06, 5.74807745579e-06, 4.74415992358e-06, 2.89723152491e-06, 1.04839489268e-06, 4.68083072747e-07, 4.97581766012e-07, 2.79355020893e-07, 2.49473316671e-07, 1.87217722214e-07, 1.45956178699e-07, 1.1435893299e-07, 1.06176059944e-07, 7.14486816378e-08, 1.36476685952e-07, 3.49882014916e-07, 3.00137003251e-07, 2.970439823e-07, 1.09031752515e-07, 1.73925982949e-07, 3.46623529879e-08, 2.60852617284e-10], "dvar2": [1.17924964798e-05, 0.00319727603346, 0.000910177419428, 0.00024486813345, 0.000170541388798, 2.41332836595e-05, 1.4410449694e-05, 1.1773404367e-05, 7.19202716937e-06, 2.57026067629e-06, 1.1329126437e-06, 1.15777902465e-06, 6.72787507483e-07, 5.65991001622e-07, 4.36620496203e-07, 3.6303939055e-07, 2.70570296834e-07, 2.39002787339e-07, 1.59995565241e-07, 3.12289188287e-07, 7.32861224151e-07, 6.97210850831e-07, 7.23801178992e-07, 2.49912801564e-07, 3.5685502553e-07, 6.73494895409e-08, 6.23402052202e-10], "max": [0.0406547449529, 0.284786164761, 0.126603111625, 0.0886885225773, 0.0784499049187, 0.0437858104706, 0.041692931205, 0.0367366634309, 0.030349034816, 0.0144678438082, 0.0184468142688, 0.0167182255536, 0.0159033928066, 0.0104512125254, 0.0108294598758, 0.0141019290313, 0.00758743286133, 0.010041275993, 0.00785455480218, 0.00942879635841, 0.00913026370108, 0.00915555655956, 0.0094431200996, 0.00731374463066, 0.0081034116447, 0.00403704168275, 0.000694119487889], "mean": [0.00465601077303, 0.0361497662961, 0.00624446664006, 0.00391178764403, 0.00747117679566, 0.00385340675712, 0.00198861956596, 0.00185517233331, 0.00160930969287, 0.00104429398198, 0.00051557761617, 0.000444537348812, 0.000281023210846, 0.000337520876201, 0.000315185025102, 0.000219857087359, 0.000216863118112, 0.000221510010306, 0.000204165233299, 0.000285214424366, 0.000377474381821, 0.000310339033604, 0.000248463184107, 0.000197040993953, 0.000229720331845, 0.000100508441392, 9.03415184439e-06], "median": [0.00412863260135, 0.0264179743826, 0.00164694734849, 0.00101333810017, 0.00427173776552, 0.00243227067403, 0.000974234193563, 0.000913757656235, 0.000767133082263, 0.000502723793034, 0.000246152892942, 0.000205650692806, 0.000128318555653, 0.000141176671605, 0.000132131273858, 9.49222812778e-05, 8.70987278176e-05, 7.56059962441e-05, 8.99391452549e-05, 0.000120033291751, 9.54793067649e-05, 6.86378261889e-05, 4.72018837172e-05, 5.03328483319e-05, 4.44286815764e-05, 1.97873378056e-05, 3.83566475648e-06], "min": [3.61563762063e-23, 3.12877507358e-23, 1.30127449922e-23, 4.58009265247e-23, 3.85602404883e-23, 1.70275610615e-23, 7.44571414103e-23, 7.12860972761e-23, 1.29192697081e-22, 8.28987608897e-23, 7.47067559333e-23, 1.56711144194e-22, 7.51675201217e-23, 1.17329276674e-22, 1.33851558126e-22, 1.62046178942e-22, 1.11478591952e-22, 2.33331373761e-22, 2.3341593965e-22, 3.52551808771e-22, 4.12771531766e-22, 5.89568488245e-22, 6.86049584833e-22, 1.11054641693e-21, 1.0311363713e-21, 1.99276998216e-21, 2.21373423836e-21], "var": [1.9748309569e-05, 0.00157150952145, 0.000225570955081, 6.10915230936e-05, 8.09076373116e-05, 1.9983823222e-05, 8.78953869687e-06, 7.21867854736e-06, 5.19264631293e-06, 2.28521071222e-06, 8.10717892819e-07, 8.16555768779e-07, 3.82033704227e-07, 4.51508981314e-07, 3.62024081824e-07, 2.20578954213e-07, 2.06752233112e-07, 2.89771946882e-07, 1.48450013171e-07, 2.37941847558e-07, 5.04894728692e-07, 4.30938911222e-07, 3.61040349617e-07, 1.66441139982e-07, 3.52749538024e-07, 7.45584429751e-08, 3.57857826705e-10]}, "erbbands": {"dmean": [0.655602931976, 5.21446847916, 9.10999393463, 12.2917871475, 17.3765449524, 18.9122428894, 18.1649723053, 17.2194347382, 16.8875923157, 26.9654693604, 24.0843467712, 23.4184989929, 24.1722488403, 13.9861631393, 13.4978351593, 10.9723949432, 8.46105670929, 11.1719846725, 9.21548843384, 9.03507423401, 7.88599443436, 8.55767345428, 7.40228748322, 7.24941444397, 6.67897319794, 8.48449134827, 13.68679142, 10.6751680374, 9.64394760132, 8.61341571808, 5.56219816208, 3.66467094421, 2.18123102188, 1.89388537407, 1.00931382179, 0.41226169467, 0.0911485627294, 0.0135311931372, 0.000961710058618, 5.58383653697e-05], "dmean2": [1.06911718845, 8.5649728775, 15.0547084808, 22.6619434357, 30.7353935242, 31.9851799011, 29.7971477509, 27.6110706329, 27.3693275452, 44.7441673279, 39.5815849304, 38.1581954956, 40.2669219971, 22.5151901245, 21.7908477783, 17.4342956543, 13.2596645355, 17.6235656738, 14.1650896072, 14.2820119858, 12.6515464783, 13.9756717682, 11.6609201431, 11.0381231308, 10.5469532013, 13.1624774933, 20.2565956116, 16.4210758209, 15.4244737625, 13.9354467392, 8.83298683167, 5.6986322403, 3.3633518219, 2.81023049355, 1.49874031544, 0.594090044498, 0.134120628238, 0.0202257353812, 0.00149657181464, 8.61755761434e-05], "dvar": [0.76878041029, 79.5116043091, 367.906219482, 721.063903809, 1003.17218018, 879.377746582, 767.059814453, 803.254333496, 1147.71911621, 1966.71630859, 1463.17248535, 1897.63964844, 1389.50817871, 774.269226074, 834.469604492, 664.469299316, 535.157470703, 614.698974609, 388.820800781, 431.01763916, 413.445861816, 335.919250488, 267.531341553, 276.201477051, 128.468185425, 295.488616943, 727.397827148, 440.251800537, 380.456726074, 412.451446533, 186.580368042, 65.5965805054, 29.6927585602, 26.3554210663, 10.2004880905, 1.52549993992, 0.0534078255296, 0.00121242075693, 6.98527946952e-06, 8.11135603129e-09], "dvar2": [2.10823011398, 204.884979248, 950.927490234, 2031.5567627, 2749.11621094, 2374.02050781, 1919.83581543, 1924.58532715, 2759.96582031, 5111.40478516, 3637.40942383, 4668.11181641, 3536.92700195, 1793.66516113, 2019.60998535, 1559.47912598, 1251.49682617, 1416.25866699, 877.236816406, 964.835021973, 1004.64227295, 780.688537598, 597.799194336, 606.54510498, 288.795349121, 663.890869141, 1457.12268066, 1061.64855957, 882.310913086, 972.030700684, 450.16885376, 153.118789673, 68.4683837891, 55.951007843, 22.3280296326, 2.87116217613, 0.109627068043, 0.00267972727306, 1.65346336871e-05, 1.82188184539e-08], "max": [13.5213031769, 66.2740783691, 146.600143433, 182.171035767, 382.837890625, 364.281280518, 473.628631592, 505.135406494, 561.120483398, 724.17364502, 676.653442383, 911.026000977, 622.611450195, 532.921447754, 910.227233887, 607.562072754, 832.107299805, 627.134521484, 433.491607666, 595.639221191, 886.493347168, 476.054534912, 534.636352539, 593.209472656, 334.312652588, 442.023956299, 398.435058594, 350.410400391, 353.153717041, 428.34866333, 315.807830811, 128.254470825, 159.771362305, 116.781837463, 109.536460876, 27.7067489624, 4.68861818314, 1.21506237984, 0.114759042859, 0.00359988375567], "mean": [1.29287540913, 6.87624120712, 9.45216846466, 10.1472597122, 19.0688552856, 25.8927288055, 29.155921936, 30.2318305969, 27.4167861938, 39.0293998718, 36.3752059937, 37.7249488831, 38.9499664307, 22.7599411011, 21.4623565674, 17.621673584, 13.6517295837, 17.3958930969, 15.5839328766, 14.6383972168, 12.4277486801, 12.3262271881, 11.4390821457, 12.0849018097, 11.0344152451, 13.1064214706, 17.166727066, 12.4669027328, 11.0445652008, 9.91909122467, 6.48181343079, 4.70650482178, 2.95482349396, 2.68873929977, 1.52892494202, 0.626337230206, 0.140931114554, 0.0216216240078, 0.00160012044944, 0.000142932025483], "median": [1.05123651028, 3.90925931931, 3.25203061104, 3.10275316238, 7.43116188049, 11.826089859, 17.3638725281, 17.289270401, 13.270614624, 20.1077308655, 20.1833705902, 18.1315364838, 19.3918018341, 12.4349603653, 10.5134239197, 8.56793022156, 6.78332662582, 7.39130926132, 6.84477519989, 6.44605445862, 5.55934762955, 4.98875665665, 4.15619325638, 4.52156925201, 5.68438100815, 5.32265901566, 4.56738567352, 3.22650289536, 2.58656525612, 1.69749736786, 1.32963883877, 1.12327086926, 0.746243357658, 0.495391875505, 0.292973816395, 0.105987600982, 0.0309690292925, 0.0064414748922, 0.00069120619446, 0.000117606854474], "min": [4.18904956858e-22, 8.59534845173e-21, 2.01106073073e-20, 8.31534426008e-20, 2.05056923554e-19, 8.02368554598e-20, 9.47925200543e-20, 1.26533882926e-19, 8.40785510582e-19, 1.61761196863e-18, 1.26548449059e-18, 2.73233865669e-18, 3.6484025144e-18, 2.94809176227e-18, 4.10395858828e-18, 5.27841567817e-18, 3.48029832082e-18, 6.19482384981e-18, 5.99121168767e-18, 7.03250262511e-18, 9.55323297147e-18, 6.92124559195e-18, 1.19533339147e-17, 1.05847462205e-17, 1.2959645452e-17, 1.73656114043e-17, 1.82646574684e-17, 1.46673217763e-17, 1.88242203374e-17, 2.48241616757e-17, 1.86837650694e-17, 2.55640466095e-17, 1.46941207738e-17, 1.15256137092e-17, 7.3683933749e-18, 7.00725955435e-18, 3.91751166462e-18, 1.14334217416e-18, 2.63830884886e-19, 3.48092691346e-20], "var": [1.6389182806, 88.4894180298, 334.256866455, 454.302032471, 900.696838379, 1251.70410156, 1432.07202148, 1666.56225586, 1867.03173828, 2933.15063477, 2314.58007812, 3172.62841797, 3029.68115234, 1335.72692871, 1568.11730957, 1133.26635742, 811.700744629, 1079.06811523, 822.525878906, 881.514953613, 657.570007324, 631.95489502, 690.538330078, 764.889343262, 263.673675537, 521.657470703, 1098.05224609, 529.050170898, 530.632202148, 568.091918945, 229.894744873, 95.8013763428, 43.6874923706, 48.9784202576, 17.9043331146, 3.32902812958, 0.115686267614, 0.00220693252049, 1.02703343146e-05, 1.66599480877e-08]}, "gfcc": {"mean": [18.5056171417, 90.5802993774, -80.8957595825, 30.7448921204, -57.7694282532, 14.0360460281, -28.3557491302, 12.9725236893, -19.5477561951, 9.02495098114, -14.0356435776, 2.87764048576, -5.18972873688], "cov": [[15912.7080078, 954.237365723, -441.654937744, 1205.56030273, -248.803817749, 398.491546631, 7.76133775711, 258.197509766, 40.7550582886, 276.378326416, -32.0350341797, 80.3992996216, -10.7378520966], [954.237365723, 1635.61572266, -310.253814697, -303.444519043, 230.632659912, -176.237884521, 71.3113021851, -81.8135986328, 48.4543533325, -92.0019226074, 87.2407913208, -103.025756836, 59.3777160645], [-441.654937744, -310.253814697, 784.784179688, 123.34853363, 39.6409225464, 158.430389404, 14.2798719406, 89.8365097046, 11.8835115433, 39.7950973511, -15.6367969513, 53.124961853, -23.7744026184], [1205.56030273, -303.444519043, 123.34853363, 605.691833496, 53.5585441589, 101.174049377, 115.8438797, 73.9237136841, 45.2404441833, 43.2139129639, 0.726058602333, 21.1842823029, -8.76431655884], [-248.803817749, 230.632659912, 39.6409225464, 53.5585441589, 333.404724121, 76.5871505737, 85.6896286011, 53.6194801331, 53.7381629944, 22.0275173187, 44.3978729248, -16.2152175903, 22.1266002655], [398.491546631, -176.237884521, 158.430389404, 101.174049377, 76.5871505737, 248.27961731, 92.2983856201, 49.6820755005, 38.0231208801, 57.8713150024, 7.36266279221, 25.0326347351, 3.4729487896], [7.76133775711, 71.3113021851, 14.2798719406, 115.8438797, 85.6896286011, 92.2983856201, 191.077148438, 48.6645469666, 51.0408477783, 23.9908332825, 31.6048755646, 5.79846382141, 20.3288707733], [258.197509766, -81.8135986328, 89.8365097046, 73.9237136841, 53.6194801331, 49.6820755005, 48.6645469666, 137.37677002, 37.2964477539, 37.4241790771, 13.1786336899, 16.6554317474, 14.5642499924], [40.7550582886, 48.4543533325, 11.8835115433, 45.2404441833, 53.7381629944, 38.0231208801, 51.0408477783, 37.2964477539, 118.909263611, 37.4375839233, 28.0660247803, 16.9638233185, 8.30478668213], [276.378326416, -92.0019226074, 39.7950973511, 43.2139129639, 22.0275173187, 57.8713150024, 23.9908332825, 37.4241790771, 37.4375839233, 109.442932129, 44.4817810059, 22.6393375397, 18.1166992188], [-32.0350341797, 87.2407913208, -15.6367969513, 0.726058602333, 44.3978729248, 7.36266279221, 31.6048755646, 13.1786336899, 28.0660247803, 44.4817810059, 92.1742553711, 28.3077926636, 22.4504699707], [80.3992996216, -103.025756836, 53.124961853, 21.1842823029, -16.2152175903, 25.0326347351, 5.79846382141, 16.6554317474, 16.9638233185, 22.6393375397, 28.3077926636, 85.7401199341, 23.9541854858], [-10.7378520966, 59.3777160645, -23.7744026184, -8.76431655884, 22.1266002655, 3.4729487896, 20.3288707733, 14.5642499924, 8.30478668213, 18.1166992188, 22.4504699707, 23.9541854858, 71.6999053955]], "icov": [[0.000245490082307, -0.00069340801565, 0.000365200568922, -0.00081130937906, 0.000656371936202, -0.000956115312874, 0.000892741547432, -0.000819805602077, 0.000558266357984, -0.000999325886369, 0.000811942387372, -0.000873711018357, 0.000615597877186], [-0.00069340801565, 0.0031847038772, -0.00099603109993, 0.00279507064261, -0.00253483676352, 0.00341663113795, -0.00315527780913, 0.00292088231072, -0.00230525596999, 0.00397033849731, -0.00358815374784, 0.00392977939919, -0.00273736333475], [0.000365200568922, -0.00099603109993, 0.00223448267207, -0.00132176477928, 0.000787746335845, -0.0023330335971, 0.00179751194082, -0.00208617164753, 0.00113693729509, -0.00151150196325, 0.00161861884408, -0.00233735772781, 0.00176721706521], [-0.00081130937906, 0.00279507064261, -0.00132176477928, 0.00493380101398, -0.00250924075954, 0.00342405471019, -0.00438084173948, 0.00248247617856, -0.00217889342457, 0.00315187661909, -0.00245910929516, 0.00293953693472, -0.0016811771784], [0.000656371936202, -0.00253483676352, 0.000787746335845, -0.00250924075954, 0.00629000086337, -0.00403227750212, 0.00226201559417, -0.00343241705559, 0.000788596516941, -0.0020302773919, 0.000510830141138, -0.000705519225448, 0.000959495548159], [-0.000956115312874, 0.00341663113795, -0.0023330335971, 0.00342405471019, -0.00403227750212, 0.0110097648576, -0.00680325645953, 0.00390231097117, -0.00239715678617, 0.00105272280052, -0.00121967331506, 0.00245874701068, -0.00190825713798], [0.000892741547432, -0.00315527780913, 0.00179751194082, -0.00438084173948, 0.00226201559417, -0.00680325645953, 0.012314338237, -0.00464739929885, 0.000480786315165, -0.00197004457004, 0.000827394425869, -0.00225519551896, 0.000827738782391], [-0.000819805602077, 0.00292088231072, -0.00208617164753, 0.00248247617856, -0.00343241705559, 0.00390231097117, -0.00464739929885, 0.012935474515, -0.00358882267028, 0.00157241220586, -0.00201007397845, 0.00296663725749, -0.00371299311519], [0.000558266357984, -0.00230525596999, 0.00113693729509, -0.00217889342457, 0.000788596516941, -0.00239715678617, 0.000480786315165, -0.00358882267028, 0.0128754666075, -0.00552122993395, 0.00210282509215, -0.00467275874689, 0.00337519263849], [-0.000999325886369, 0.00397033849731, -0.00151150196325, 0.00315187661909, -0.0020302773919, 0.00105272280052, -0.00197004457004, 0.00157241220586, -0.00552122993395, 0.0203532353044, -0.0117014609277, 0.00615808228031, -0.00563551299274], [0.000811942387372, -0.00358815374784, 0.00161861884408, -0.00245910929516, 0.000510830141138, -0.00121967331506, 0.000827394425869, -0.00201007397845, 0.00210282509215, -0.0117014609277, 0.0221452433616, -0.0100264772773, 0.00253313663416], [-0.000873711018357, 0.00392977939919, -0.00233735772781, 0.00293953693472, -0.000705519225448, 0.00245874701068, -0.00225519551896, 0.00296663725749, -0.00467275874689, 0.00615808228031, -0.0100264772773, 0.021717781201, -0.00879651680589], [0.000615597877186, -0.00273736333475, 0.00176721706521, -0.0016811771784, 0.000959495548159, -0.00190825713798, 0.000827738782391, -0.00371299311519, 0.00337519263849, -0.00563551299274, 0.00253313663416, -0.00879651680589, 0.0201811362058]]}, "melbands": {"dmean": [0.00589449517429, 0.00524237798527, 0.00229690526612, 0.00127933989279, 0.000668292690534, 0.00039085096796, 0.000262182496954, 0.000302701955661, 0.000191999744857, 0.000148796170834, 0.000120733362564, 5.83480723435e-05, 4.6076518629e-05, 3.52799070242e-05, 2.56045696005e-05, 1.83783631655e-05, 2.2550488211e-05, 1.51248068505e-05, 1.59991905093e-05, 1.07247233245e-05, 9.74365775619e-06, 9.43403574638e-06, 8.12382859294e-06, 6.9820380304e-06, 6.20161335974e-06, 4.82486211695e-06, 6.24018593953e-06, 5.67086271985e-06, 8.49285152071e-06, 7.43151031202e-06, 6.06834009886e-06, 5.87294698562e-06, 4.85439568365e-06, 5.01272234033e-06, 3.46850742972e-06, 2.65576682068e-06, 2.12225404539e-06, 1.60569140917e-06, 1.44977593663e-06, 1.75998400209e-06], "dmean2": [0.00966080743819, 0.00844218116254, 0.00419646501541, 0.00220085168257, 0.00109525199514, 0.00062426488148, 0.000425810460001, 0.000502467446495, 0.000315117213177, 0.000243524395046, 0.000201525297598, 9.44991552387e-05, 7.47870872146e-05, 5.64530892007e-05, 4.08877094742e-05, 2.95282825391e-05, 3.58676443284e-05, 2.35562838498e-05, 2.55182985711e-05, 1.72061118064e-05, 1.58777220349e-05, 1.55181733135e-05, 1.32316308736e-05, 1.07902078526e-05, 9.5173736554e-06, 7.63909247326e-06, 9.85070619208e-06, 8.98524649529e-06, 1.29507234305e-05, 1.10184109872e-05, 9.64559058048e-06, 9.55607356445e-06, 7.79521633376e-06, 8.25185452413e-06, 5.61360047868e-06, 4.24885774919e-06, 3.31585511049e-06, 2.51236610893e-06, 2.21190862248e-06, 2.63925608124e-06], "dvar": [6.88034560881e-05, 9.34418058023e-05, 2.10905982385e-05, 4.10186112276e-06, 9.37430741033e-07, 3.5824299971e-07, 2.42054994715e-07, 2.44163771868e-07, 9.46539913116e-08, 7.55166169597e-08, 3.45952066994e-08, 1.3679603228e-08, 8.80990480567e-09, 7.18028569935e-09, 4.09564515635e-09, 2.89169954648e-09, 2.53996379485e-09, 1.27799615335e-09, 1.28700872182e-09, 6.66652788528e-10, 7.87602538743e-10, 4.3506528935e-10, 3.72311126373e-10, 2.9725000239e-10, 2.33315589071e-10, 9.73592872988e-11, 1.17468271221e-10, 1.70235062158e-10, 3.01266511737e-10, 1.92321242265e-10, 1.56567106502e-10, 1.38818970208e-10, 1.40218142652e-10, 1.57349203112e-10, 8.04957211997e-11, 4.00084201879e-11, 2.27590706697e-11, 1.72061549036e-11, 1.56185845507e-11, 2.66140269545e-11], "dvar2": [0.000188402380445, 0.000220701287617, 5.90185918554e-05, 1.11787176138e-05, 2.38872962655e-06, 8.68388440267e-07, 5.88512932609e-07, 6.23153027846e-07, 2.35586767872e-07, 1.85610105063e-07, 8.78287735873e-08, 3.16801092026e-08, 2.17880842257e-08, 1.67815539243e-08, 9.26901932985e-09, 7.0297767607e-09, 5.92585625014e-09, 2.87586776615e-09, 2.99696711892e-09, 1.56516899441e-09, 1.95858129715e-09, 1.04524322531e-09, 8.53009218815e-10, 6.35038188701e-10, 5.21606424719e-10, 2.1994119026e-10, 2.764010687e-10, 3.93787169539e-10, 6.5507166358e-10, 3.95406068998e-10, 3.94612037491e-10, 3.32617294818e-10, 3.23941401481e-10, 3.84471843251e-10, 1.99057256789e-10, 9.89942780527e-11, 5.19338252958e-11, 3.98098325138e-11, 3.80009461398e-11, 5.77235585719e-11], "max": [0.0964299961925, 0.0693121552467, 0.035129416734, 0.0214334987104, 0.0142826400697, 0.00975018646568, 0.00768096465617, 0.00877069216222, 0.0054339421913, 0.00546047277749, 0.00299592595547, 0.00216581881978, 0.00232774717733, 0.00234187510796, 0.00255786115304, 0.00191332492977, 0.0011133577209, 0.000836301886011, 0.00110094016418, 0.000585571280681, 0.00135722174309, 0.000494558247738, 0.000745433266275, 0.000720364507288, 0.000559306179639, 0.000437739188783, 0.000182517731446, 0.000380686571589, 0.000313884316711, 0.000186483899597, 0.000236042498727, 0.000250534736551, 0.000261657783994, 0.000244133800152, 0.000204977477551, 0.000176607893081, 9.78108364507e-05, 0.000130502943648, 8.70187941473e-05, 0.000147032464156], "mean": [0.0108372010291, 0.00662682764232, 0.00204279553145, 0.00163767591584, 0.00108283036388, 0.000694578047842, 0.00042167166248, 0.000433985813288, 0.000288084935164, 0.000236978958128, 0.000188844613149, 8.94326731213e-05, 7.10519816494e-05, 5.26719995833e-05, 3.93723421439e-05, 2.69061056315e-05, 3.33283860527e-05, 2.37869207922e-05, 2.4820523322e-05, 1.5634290321e-05, 1.42050657814e-05, 1.28571327878e-05, 1.08944905151e-05, 1.04639120764e-05, 9.7921665656e-06, 7.36117226552e-06, 9.32609509618e-06, 8.26493669592e-06, 1.05464059743e-05, 9.03232194105e-06, 6.64146318741e-06, 6.39637846689e-06, 5.66640528632e-06, 5.47230274606e-06, 3.8183493416e-06, 3.20467052006e-06, 2.72890633823e-06, 2.11042788578e-06, 1.88290641745e-06, 2.42948226514e-06], "median": [0.00892942771316, 0.00303255254403, 0.000742615316994, 0.00090695527615, 0.000662256206851, 0.000412093300838, 0.000214906162, 0.000221913956921, 0.000150798485265, 0.0001089128491, 9.05960332602e-05, 4.53258144262e-05, 3.49101646862e-05, 2.42965725192e-05, 1.91805665963e-05, 1.18188099805e-05, 1.33949206429e-05, 9.8999007605e-06, 1.04392138383e-05, 6.56585098113e-06, 6.14882901573e-06, 5.20850335306e-06, 3.87766476706e-06, 3.45528655998e-06, 3.47679451806e-06, 3.41123927683e-06, 4.1787416194e-06, 3.06890160573e-06, 2.81513416667e-06, 2.29731131185e-06, 1.63283402799e-06, 1.50000869326e-06, 1.01327827906e-06, 8.66653408593e-07, 7.31742659354e-07, 7.37695415864e-07, 6.44940598704e-07, 5.12644305672e-07, 4.38007333514e-07, 3.97445631961e-07], "min": [7.84004204172e-24, 1.14282145233e-23, 1.94229703323e-23, 1.0328210311e-23, 2.8009790311e-24, 3.34286119475e-24, 1.36127557522e-23, 1.81707167542e-23, 9.69036262657e-24, 1.90804500827e-23, 1.75474014654e-23, 1.07545131107e-23, 1.25495558454e-23, 1.63023154774e-23, 1.03220145974e-23, 8.06756451514e-24, 1.18460418015e-23, 8.69252379009e-24, 1.13652271355e-23, 7.49570425659e-24, 1.1883158496e-23, 5.3173733352e-24, 1.20921222277e-23, 9.46991071344e-24, 7.91807300702e-24, 1.09554557048e-23, 8.60455002194e-24, 1.23486858265e-23, 1.15347454554e-23, 1.03175512224e-23, 7.79273326437e-24, 9.41055603007e-24, 1.48469302161e-23, 1.34667707308e-23, 1.07574579285e-23, 1.07110886845e-23, 1.86660882705e-23, 1.16953693686e-23, 6.71599571559e-24, 1.1383945227e-23], "var": [0.000112140245619, 0.000108756183181, 1.39713529279e-05, 4.64346794615e-06, 1.78482241608e-06, 7.7691157685e-07, 4.0057719275e-07, 3.72344686639e-07, 1.54392211016e-07, 1.30475413584e-07, 7.50781978809e-08, 2.31727366184e-08, 1.56077870628e-08, 1.21653842555e-08, 6.63740440388e-09, 3.98675936708e-09, 4.26435420309e-09, 2.43142816991e-09, 2.46882758681e-09, 1.13694342829e-09, 1.04547237534e-09, 7.01524893731e-10, 7.36561256431e-10, 7.61148144512e-10, 5.72239866603e-10, 1.76161946142e-10, 2.00747724e-10, 2.73765232706e-10, 4.20630086317e-10, 2.83947421131e-10, 1.67921149208e-10, 1.75561315485e-10, 1.98779714911e-10, 1.91427027008e-10, 9.01975022449e-11, 4.87979726072e-11, 3.49281159551e-11, 2.49811005215e-11, 1.97286596781e-11, 4.75106932962e-11]}, "mfcc": {"mean": [-630.915405273, 125.633956909, 27.6468524933, 25.2911567688, 0.602934539318, 5.90727901459, 3.37953686714, 2.46350622177, 4.98882675171, 5.73476409912, 0.218151509762, 1.30106091499, 0.756415784359], "cov": [[10022.9345703, 432.487182617, 251.913696289, 689.859680176, 165.706848145, 451.682922363, 172.190933228, 262.995422363, 244.810531616, 195.898925781, 162.04196167, 222.345977783, 76.8213500977], [432.487182617, 1637.54284668, -316.032226562, -45.3542633057, 105.137001038, -33.0912857056, 82.2105178833, -16.6202793121, -4.05956840515, 45.8303565979, -9.60757446289, 14.3604278564, -2.04114079475], [251.913696289, -316.032226562, 676.613037109, 72.3397445679, 55.1188354492, 78.3104629517, 28.4686985016, 66.3866043091, 45.5508499146, -0.915148377419, 44.3845252991, 11.549077034, 28.3404865265], [689.859680176, -45.3542633057, 72.3397445679, 370.889129639, 67.1236953735, 50.1769218445, 52.6371421814, 68.8207092285, 58.7862091064, 11.6670951843, 22.2651309967, 61.8417015076, 9.42770195007], [165.706848145, 105.137001038, 55.1188354492, 67.1236953735, 222.182571411, 52.9117012024, 52.8448410034, 34.5643081665, 43.1358909607, 32.3350257874, 36.5291824341, 25.897277832, 29.1888885498], [451.682922363, -33.0912857056, 78.3104629517, 50.1769218445, 52.9117012024, 214.876464844, 75.8903198242, 56.32371521, 47.5174942017, 52.048412323, 33.3010673523, 27.9060916901, 28.462884903], [172.190933228, 82.2105178833, 28.4686985016, 52.6371421814, 52.8448410034, 75.8903198242, 161.116363525, 52.1170959473, 46.7652778625, 41.8989601135, 23.7738227844, 23.0680541992, 21.1352176666], [262.995422363, -16.6202793121, 66.3866043091, 68.8207092285, 34.5643081665, 56.32371521, 52.1170959473, 128.04486084, 57.5134086609, 19.5077457428, 27.7278347015, 26.0869350433, 13.4629440308], [244.810531616, -4.05956840515, 45.5508499146, 58.7862091064, 43.1358909607, 47.5174942017, 46.7652778625, 57.5134086609, 110.81162262, 47.685585022, 23.2210006714, 24.6437854767, 11.4738492966], [195.898925781, 45.8303565979, -0.915148377419, 11.6670951843, 32.3350257874, 52.048412323, 41.8989601135, 19.5077457428, 47.685585022, 106.591804504, 34.1177978516, 13.1815309525, 21.7247543335], [162.04196167, -9.60757446289, 44.3845252991, 22.2651309967, 36.5291824341, 33.3010673523, 23.7738227844, 27.7278347015, 23.2210006714, 34.1177978516, 87.9808197021, 34.3984832764, 21.1796016693], [222.345977783, 14.3604278564, 11.549077034, 61.8417015076, 25.897277832, 27.9060916901, 23.0680541992, 26.0869350433, 24.6437854767, 13.1815309525, 34.3984832764, 88.4136199951, 26.5334739685], [76.8213500977, -2.04114079475, 28.3404865265, 9.42770195007, 29.1888885498, 28.462884903, 21.1352176666, 13.4629440308, 11.4738492966, 21.7247543335, 21.1796016693, 26.5334739685, 75.6735610962]], "icov": [[0.000131264561787, -5.81074491492e-05, -2.5530680432e-05, -0.000206232420169, 7.41294352338e-05, -0.000218602101086, 0.000118584393931, -5.47868730791e-05, -5.74070763832e-05, -9.22599501791e-05, -6.30913855275e-05, -9.08967194846e-05, 1.54077715706e-05], [-5.81074491492e-05, 0.000772894942202, 0.000343740277458, 0.000232110454817, -0.000485688331537, 0.000332387455273, -0.000498429115396, 9.96003564069e-06, 0.000230133431614, -0.000258352578385, 0.00024183379719, -0.000189977305126, 0.000160144481924], [-2.5530680432e-05, 0.000343740277458, 0.00184712163173, -8.64580506459e-05, -0.000344911386492, -0.000331781920977, -3.37329074682e-05, -0.000419066171162, -0.000367288186681, 0.000691145076416, -0.000702162273228, 0.000573743192945, -0.000451373838587], [-0.000206232420169, 0.000232110454817, -8.64580506459e-05, 0.00383861549199, -0.000821938680019, 0.000314536649967, -0.00059725495521, -0.000839084503241, -0.000654866627883, 0.000503643066622, 0.000721794145647, -0.00204789545387, 0.000755337416194], [7.41294352338e-05, -0.000485688331537, -0.000344911386492, -0.000821938680019, 0.00583948008716, -0.000623571046162, -0.000537473533768, 0.000216754808207, -0.00116454518866, 7.93625004007e-05, -0.00146223674528, 0.000354160874849, -0.0013242381392], [-0.000218602101086, 0.000332387455273, -0.000331781920977, 0.000314536649967, -0.000623571046162, 0.00696060201153, -0.00210068793967, -0.00120851572137, 0.000178442307515, -0.00187030481175, 8.87302157935e-05, -0.000406192964874, -0.000632408424281], [0.000118584393931, -0.000498429115396, -3.37329074682e-05, -0.00059725495521, -0.000537473533768, -0.00210068793967, 0.00904675200582, -0.00182655802928, -0.00103237456642, -0.00137696077581, 6.20499486104e-05, -0.000125302001834, -0.000672689580824], [-5.47868730791e-05, 9.96003564069e-06, -0.000419066171162, -0.000839084503241, 0.000216754808207, -0.00120851572137, -0.00182655802928, 0.0120908766985, -0.00473907077685, 0.00198469031602, -0.00181064184289, -0.000197263696464, -0.000227893760893], [-5.74070763832e-05, 0.000230133431614, -0.000367288186681, -0.000654866627883, -0.00116454518866, 0.000178442307515, -0.00103237456642, -0.00473907077685, 0.0153865003958, -0.00571129377931, 0.00117207947187, -0.00174414052162, 0.00138733966742], [-9.22599501791e-05, -0.000258352578385, 0.000691145076416, 0.000503643066622, 7.93625004007e-05, -0.00187030481175, -0.00137696077581, 0.00198469031602, -0.00571129377931, 0.014879366383, -0.00436531659216, 0.00196546618827, -0.00240361434408], [-6.30913855275e-05, 0.00024183379719, -0.000702162273228, 0.000721794145647, -0.00146223674528, 8.87302157935e-05, 6.20499486104e-05, -0.00181064184289, 0.00117207947187, -0.00436531659216, 0.0163856521249, -0.00524896802381, -0.000591028598137], [-9.08967194846e-05, -0.000189977305126, 0.000573743192945, -0.00204789545387, 0.000354160874849, -0.000406192964874, -0.000125302001834, -0.000197263696464, -0.00174414052162, 0.00196546618827, -0.00524896802381, 0.0166109353304, -0.00444134417921], [1.54077715706e-05, 0.000160144481924, -0.000451373838587, 0.000755337416194, -0.0013242381392, -0.000632408424281, -0.000672689580824, -0.000227893760893, 0.00138733966742, -0.00240361434408, -0.000591028598137, -0.00444134417921, 0.0164577290416]]}, "spectral_contrast_coeffs": {"dmean": [0.0640626177192, 0.0562903434038, 0.0417341515422, 0.0309094656259, 0.0272070579231, 0.0247089248151], "dmean2": [0.103554651141, 0.0929814502597, 0.0691475570202, 0.0504721812904, 0.0434348545969, 0.0369659177959], "dvar": [0.00312502169982, 0.00217298557982, 0.00116572761908, 0.000654869305436, 0.000589139352087, 0.000501469476148], "dvar2": [0.00797673035413, 0.00571147119626, 0.00312290107831, 0.00169297948014, 0.00145562028047, 0.00105123408139], "max": [-0.185953006148, -0.389887720346, -0.555827260017, -0.588135957718, -0.610423564911, -0.599679589272], "mean": [-0.65241920948, -0.711852729321, -0.774061799049, -0.798322796822, -0.806017994881, -0.774703025818], "median": [-0.660807967186, -0.713212072849, -0.778817653656, -0.802773892879, -0.81031191349, -0.774869799614], "min": [-0.970343291759, -0.958701312542, -0.967459261417, -0.958820998669, -0.957455813885, -0.960679590702], "var": [0.00923320185393, 0.00585553655401, 0.00354713853449, 0.00237292260863, 0.00192151695956, 0.00238379882649]}, "spectral_contrast_valleys": {"dmean": [0.427591860294, 0.431084811687, 0.384370625019, 0.343171745539, 0.387274473906, 0.414956271648], "dmean2": [0.680360734463, 0.718290686607, 0.645900905132, 0.556721627712, 0.603740096092, 0.577895283699], "dvar": [0.188537359238, 0.169981554151, 0.127250179648, 0.124770604074, 0.180792689323, 0.218271195889], "dvar2": [0.398954510689, 0.411582291126, 0.321009039879, 0.278247207403, 0.393697440624, 0.439275175333], "max": [-4.70556259155, -4.45745515823, -5.11873245239, -5.88791561127, -5.69011354446, -7.3915848732], "mean": [-6.68302154541, -6.48794937134, -7.14566230774, -7.82343387604, -7.6351