{"lowlevel": {"average_loudness": 0.882832348347, "barkbands_crest": {"dmean": 2.81525492668, "dmean2": 4.49444246292, "dvar": 8.90144252777, "dvar2": 20.1260547638, "max": 26.5993728638, "mean": 14.7654771805, "median": 13.9604930878, "min": 2.77849841118, "var": 35.2245140076}, "barkbands_flatness_db": {"dmean": 0.0394818820059, "dmean2": 0.0554737523198, "dvar": 0.00149709510151, "dvar2": 0.00276366923936, "max": 0.57088893652, "mean": 0.201601013541, "median": 0.189599528909, "min": 0.0184990130365, "var": 0.00852131471038}, "barkbands_kurtosis": {"dmean": 10.6644067764, "dmean2": 16.6224269867, "dvar": 417.821807861, "dvar2": 958.413879395, "max": 351.996673584, "mean": 18.5133113861, "median": 7.12156438828, "min": -1.88113594055, "var": 1000.13470459}, "barkbands_skewness": {"dmean": 0.99765598774, "dmean2": 1.512129426, "dvar": 1.27897179127, "dvar2": 2.87861132622, "max": 16.7462425232, "mean": 2.95677876472, "median": 2.4755589962, "min": -2.67764258385, "var": 5.87574911118}, "barkbands_spread": {"dmean": 6.99027967453, "dmean2": 10.8150539398, "dvar": 83.8711853027, "dvar2": 186.520889282, "max": 122.827957153, "mean": 16.5430812836, "median": 12.9433259964, "min": 0.207940250635, "var": 215.375946045}, "dissonance": {"dmean": 0.0292018465698, "dmean2": 0.0495900139213, "dvar": 0.000852646771818, "dvar2": 0.00239688949659, "max": 0.5, "mean": 0.442204743624, "median": 0.455460786819, "min": 0.159751445055, "var": 0.00231358222663}, "dynamic_complexity": 4.25465345383, "erbbands_crest": {"dmean": 3.3611741066, "dmean2": 5.19395971298, "dvar": 11.2402982712, "dvar2": 24.5255565643, "max": 33.9858551025, "mean": 12.5801286697, "median": 11.1047096252, "min": 2.2927365303, "var": 41.0690879822}, "erbbands_flatness_db": {"dmean": 0.0295163262635, "dmean2": 0.0394723825157, "dvar": 0.000793084152974, "dvar2": 0.00140888115857, "max": 0.433844685555, "mean": 0.156732961535, "median": 0.144646972418, "min": 0.0378860346973, "var": 0.00451854430139}, "erbbands_kurtosis": {"dmean": 2.19461631775, "dmean2": 3.46482825279, "dvar": 49.9567070007, "dvar2": 116.865493774, "max": 237.590927124, "mean": 2.09601712227, "median": 0.486809134483, "min": -1.87017893791, "var": 56.1932144165}, "erbbands_skewness": {"dmean": 0.553291380405, "dmean2": 0.81953650713, "dvar": 0.398304283619, "dvar2": 0.816283464432, "max": 12.6669597626, "mean": 0.390279889107, "median": 0.368995189667, "min": -7.45155096054, "var": 1.40647673607}, "erbbands_spread": {"dmean": 13.1714353561, "dmean2": 20.0520954132, "dvar": 220.732940674, "dvar2": 522.428771973, "max": 165.25050354, "mean": 41.1314315796, "median": 36.0186157227, "min": 1.10187005997, "var": 636.424194336}, "hfc": {"dmean": 11.1389961243, "dmean2": 15.9173583984, "dvar": 330.463775635, "dvar2": 724.127685547, "max": 236.666107178, "mean": 17.317150116, "median": 8.41721057892, "min": 1.11960616445e-16, "var": 528.477783203}, "melbands_crest": {"dmean": 3.52445793152, "dmean2": 5.7042927742, "dvar": 12.4018735886, "dvar2": 30.7890644073, "max": 34.0927124023, "mean": 18.0723361969, "median": 18.7121124268, "min": 1.64579796791, "var": 32.2700653076}, "melbands_flatness_db": {"dmean": 0.0454851388931, "dmean2": 0.064565859735, "dvar": 0.0020398744382, "dvar2": 0.00382965779863, "max": 0.716832458973, "mean": 0.297839909792, "median": 0.288605511189, "min": 0.00447613932192, "var": 0.0124050565064}, "melbands_kurtosis": {"dmean": 21.5813083649, "dmean2": 34.1502876282, "dvar": 1545.46887207, "dvar2": 3775.24658203, "max": 732.59564209, "mean": 39.5605621338, "median": 19.4334316254, "min": -1.89292347431, "var": 3083.04296875}, "melbands_skewness": {"dmean": 1.26351392269, "dmean2": 1.9380800724, "dvar": 2.15515756607, "dvar2": 5.1430273056, "max": 18.0563392639, "mean": 4.16531610489, "median": 3.72710895538, "min": -1.70736587048, "var": 7.75124549866}, "melbands_spread": {"dmean": 5.48931789398, "dmean2": 8.34356594086, "dvar": 59.9590797424, "dvar2": 129.626907349, "max": 179.286483765, "mean": 14.8466320038, "median": 9.21958637238, "min": 0.284656614065, "var": 315.944366455}, "pitch_salience": {"dmean": 0.0929019376636, "dmean2": 0.14758913219, "dvar": 0.00951060093939, "dvar2": 0.0224380102009, "max": 0.894594371319, "mean": 0.404759556055, "median": 0.403186619282, "min": 0.0622259750962, "var": 0.0264113657176}, "silence_rate_20dB": {"dmean": 0, "dmean2": 0, "dvar": 0, "dvar2": 0, "max": 1, "mean": 1, "median": 1, "min": 1, "var": 0}, "silence_rate_30dB": {"dmean": 0.0778125450015, "dmean2": 0.155646264553, "dvar": 0.0717541351914, "dvar2": 0.142850339413, "max": 1, "mean": 0.893226325512, "median": 1, "min": 0, "var": 0.0953775793314}, "silence_rate_60dB": {"dmean": 0.0549585074186, "dmean2": 0.109931975603, "dvar": 0.0519385971129, "dvar2": 0.106283217669, "max": 1, "mean": 0.126088142395, "median": 0, "min": 0, "var": 0.110174261034}, "spectral_centroid": {"dmean": 242.18347168, "dmean2": 367.449188232, "dvar": 92510.1875, "dvar2": 192528.578125, "max": 11015.9931641, "mean": 942.921386719, "median": 779.086181641, "min": 114.522506714, "var": 405153.28125}, "spectral_complexity": {"dmean": 3.36416816711, "dmean2": 4.98231315613, "dvar": 26.5786075592, "dvar2": 54.6078796387, "max": 62, "mean": 10.4091405869, "median": 9, "min": 0, "var": 58.3986816406}, "spectral_decrease": {"dmean": 5.39120881271e-09, "dmean2": 8.13572231806e-09, "dvar": 9.51673147627e-17, "dvar2": 2.04082927171e-16, "max": 7.35595020035e-19, "mean": -1.08499884632e-08, "median": -5.36713073984e-09, "min": -9.9406676668e-08, "var": 1.87853947956e-16}, "spectral_energy": {"dmean": 0.0210743602365, "dmean2": 0.0316312462091, "dvar": 0.00141720857937, "dvar2": 0.00302320625633, "max": 0.378931432962, "mean": 0.0425209999084, "median": 0.0215428173542, "min": 1.0558558238e-20, "var": 0.00281948270276}, "spectral_energyband_high": {"dmean": 0.000690112647135, "dmean2": 0.00106617074925, "dvar": 2.10041685023e-06, "dvar2": 4.94325286127e-06, "max": 0.0222384948283, "mean": 0.000710140913725, "median": 0.000115389011626, "min": 7.38431806865e-21, "var": 2.26558495342e-06}, "spectral_energyband_low": {"dmean": 0.0153825292364, "dmean2": 0.0239349622279, "dvar": 0.00111757474951, "dvar2": 0.00257409759797, "max": 0.376033842564, "mean": 0.0290802139789, "median": 0.0110216429457, "min": 7.1341513177e-23, "var": 0.0019052127609}, "spectral_energyband_middle_high": {"dmean": 0.00179798027966, "dmean2": 0.00250278436579, "dvar": 1.33773428388e-05, "dvar2": 2.45570627158e-05, "max": 0.102524548769, "mean": 0.00364748598076, "median": 0.00141292286571, "min": 1.74671182075e-21, "var": 4.14544483647e-05}, "spectral_energyband_middle_low": {"dmean": 0.0079100029543, "dmean2": 0.0127169527113, "dvar": 0.000315874262014, "dvar2": 0.000776504748501, "max": 0.228645533323, "mean": 0.00969473272562, "median": 0.00429495051503, "min": 4.728686216e-22, "var": 0.00031278654933}, "spectral_entropy": {"dmean": 0.349494874477, "dmean2": 0.492359250784, "dvar": 0.128628328443, "dvar2": 0.227495118976, "max": 9.80099010468, "mean": 7.14609909058, "median": 7.24258613586, "min": 4.29056310654, "var": 0.536536216736}, "spectral_flux": {"dmean": 0.0429047010839, "dmean2": 0.065541639924, "dvar": 0.00357575458474, "dvar2": 0.00718681421131, "max": 0.501364886761, "mean": 0.0857818871737, "median": 0.0580489784479, "min": 1.02754846298e-10, "var": 0.00663642957807}, "spectral_kurtosis": {"dmean": 2.96942329407, "dmean2": 4.38716888428, "dvar": 17.0435218811, "dvar2": 39.9056091309, "max": 97.2837753296, "mean": 7.44312572479, "median": 4.53640127182, "min": -1.16117107868, "var": 100.470901489}, "spectral_rms": {"dmean": 0.00138080853503, "dmean2": 0.00198801769875, "dvar": 3.57174371857e-06, "dvar2": 7.01794579072e-06, "max": 0.0192273035645, "mean": 0.00539008248597, "median": 0.00458447169513, "min": 3.20952205785e-12, "var": 1.24308926388e-05}, "spectral_rolloff": {"dmean": 489.049407959, "dmean2": 828.631347656, "dvar": 1764277.375, "dvar2": 4302250, "max": 18669.2871094, "mean": 1010.25213623, "median": 387.59765625, "min": 64.599609375, "var": 4029255.25}, "spectral_skewness": {"dmean": 0.366360902786, "dmean2": 0.541226506233, "dvar": 0.152953386307, "dvar2": 0.319998711348, "max": 8.36253356934, "mean": 2.05459618568, "median": 1.81878566742, "min": 0.0261124316603, "var": 0.887192249298}, "spectral_spread": {"dmean": 1422651.625, "dmean2": 2025208.125, "dvar": 2565464653820.0, "dvar2": 5414531891200.0, "max": 39511288, "mean": 5746896, "median": 5420284, "min": 942032.3125, "var": 6210728230910.0}, "spectral_strongpeak": {"dmean": 0.388590604067, "dmean2": 0.640077233315, "dvar": 0.697904765606, "dvar2": 1.62035095692, "max": 13.0042066574, "mean": 0.822604417801, "median": 0.53280043602, "min": 0, "var": 1.37798929214}, "zerocrossingrate": {"dmean": 0.0138878189027, "dmean2": 0.0169321987778, "dvar": 0.000295437581372, "dvar2": 0.000358526827767, "max": 0.52734375, "mean": 0.0478475764394, "median": 0.03662109375, "min": 0.001953125, "var": 0.00266660912894}, "barkbands": {"dmean": [0.000122122859466, 0.0114232832566, 0.0048645650968, 0.0013147839345, 0.00415954506025, 0.00197156681679, 0.000595370598603, 0.00027288676938, 0.000628539302852, 0.0004410239344, 0.00014126712631, 0.000448800652521, 0.000288391718641, 0.00037048466038, 0.000275522674201, 0.000109321234049, 9.61931873462e-05, 8.03832153906e-05, 9.11149763851e-05, 0.000111763365567, 7.93390063336e-05, 8.70467411005e-05, 7.70361439209e-05, 6.95515918778e-05, 0.000179856506293, 0.000146614649566, 4.25450707553e-05], "dmean2": [0.000215148436837, 0.0182863045484, 0.00751930102706, 0.00222864886746, 0.00677300570533, 0.00330929225311, 0.00110472319648, 0.000469868595246, 0.00104314833879, 0.000667987798806, 0.000220667003305, 0.000614510034211, 0.000407212646678, 0.000495949585456, 0.000383048638469, 0.000177942405571, 0.000148459075717, 0.000128065352328, 0.000145662794239, 0.000192445950233, 0.000118985451991, 0.000138924413477, 0.000120100463391, 0.000106702165795, 0.000292446697131, 0.000242868802161, 6.7847140599e-05], "dvar": [1.55064910246e-07, 0.000690939254127, 0.000142338816659, 1.88665853784e-05, 0.000120029144455, 1.9126893676e-05, 3.36845596394e-06, 4.2768425601e-07, 2.98527402265e-06, 1.55606699082e-06, 7.91257605215e-07, 4.84890233565e-06, 1.1793658814e-06, 1.40023485073e-06, 9.00530437775e-07, 1.05752796742e-07, 5.21717566926e-08, 4.06289402122e-08, 6.04050569564e-08, 2.40164041543e-07, 2.98192404102e-08, 6.17480679921e-08, 3.47034934123e-08, 2.2646382547e-08, 1.40846836416e-07, 8.03038204822e-08, 8.10880518287e-09], "dvar2": [4.48948753728e-07, 0.00167891720776, 0.000321669969708, 4.73804248031e-05, 0.000309911352815, 5.03817827848e-05, 9.66179595707e-06, 1.15523448585e-06, 7.65501044953e-06, 3.2896484754e-06, 1.76081061909e-06, 7.38957760404e-06, 1.70839143721e-06, 2.18824379772e-06, 1.50637958996e-06, 2.44106274749e-07, 1.19042574909e-07, 1.02416336745e-07, 1.52650443397e-07, 6.93041840805e-07, 6.66748860567e-08, 1.6239357592e-07, 8.61699334109e-08, 5.25593151224e-08, 3.40073768257e-07, 1.96259534846e-07, 1.94804368192e-08], "max": [0.00871576927602, 0.26936852932, 0.140070259571, 0.0704649016261, 0.160181254148, 0.0858219191432, 0.0309277102351, 0.0142221543938, 0.0224779583514, 0.0258482508361, 0.0301926638931, 0.095743983984, 0.0409082099795, 0.0457720085979, 0.0322164967656, 0.00893033482134, 0.00763821275905, 0.0027741799131, 0.00319415633567, 0.0080029303208, 0.00405191443861, 0.00348102999851, 0.00335695967078, 0.00279650837183, 0.00498296506703, 0.00327769177966, 0.00117065641098], "mean": [0.000117616698844, 0.0220570527017, 0.00640992540866, 0.00127408979461, 0.00438361335546, 0.00225690752268, 0.000436523114331, 0.000333915435476, 0.000761838338803, 0.000609037233517, 0.000245617033215, 0.000735293317121, 0.000510036537889, 0.000654563249554, 0.000434409739682, 0.000148066334077, 0.000166864847415, 0.000105141996755, 0.00012153955322, 0.000103530248452, 0.000104790509795, 9.02205429156e-05, 7.89923142293e-05, 7.58703536121e-05, 0.000149835468619, 0.000119715958135, 3.6054138036e-05], "median": [2.63955589617e-05, 0.00613741436973, 0.00134001800325, 0.000299543142319, 0.00149899092503, 0.000878227001522, 8.59242863953e-05, 6.15512835793e-05, 0.000109382490336, 0.000120863529446, 1.17821746244e-05, 7.56123336032e-05, 3.28058813466e-05, 5.04552517668e-05, 3.23674903484e-05, 1.64659104485e-05, 2.66923580057e-05, 1.68932674569e-05, 2.07235643757e-05, 1.24557136587e-05, 2.03491836146e-05, 1.58836592163e-05, 1.08559170258e-05, 9.28942426981e-06, 1.18805746752e-05, 7.42867177905e-06, 1.77816059477e-06], "min": [1.97588231296e-23, 1.62283045472e-23, 1.16604417632e-23, 4.21599863483e-23, 1.10459699206e-22, 1.09157409759e-22, 2.00268181117e-23, 4.73988021535e-23, 1.37451363939e-22, 6.38125489669e-23, 1.34506038154e-23, 1.38970438675e-23, 8.97598123485e-23, 4.28190354584e-23, 7.08893822823e-23, 1.75613324334e-22, 2.98736752802e-22, 4.89866264323e-22, 3.94290123722e-22, 2.38337396713e-22, 3.233658233e-22, 7.0541835411e-22, 7.08409512715e-22, 6.90990504672e-22, 1.04633783454e-21, 1.69092600091e-21, 2.34602376354e-21], "var": [1.13413605618e-07, 0.00114681338891, 0.000199426314794, 1.66155987245e-05, 0.000102972298919, 1.73014304892e-05, 1.98558450393e-06, 9.55001723923e-07, 4.27385521107e-06, 2.74416834145e-06, 2.2485471618e-06, 1.46741112985e-05, 5.02766033605e-06, 4.57363603346e-06, 2.26266752179e-06, 2.48501919486e-07, 1.88858479078e-07, 5.27986294685e-08, 7.80789477517e-08, 1.50099410234e-07, 5.63378783625e-08, 5.301421524e-08, 3.56757219322e-08, 2.72122449019e-08, 1.29393114889e-07, 7.35801748419e-08, 7.72800223814e-09]}, "erbbands": {"dmean": [0.197421714664, 3.00735545158, 6.84787368774, 3.62488341331, 11.2537279129, 10.7055902481, 21.502532959, 14.9229021072, 11.9276866913, 5.63081645966, 7.07581663132, 12.953950882, 15.9224634171, 11.2189178467, 8.96915721893, 17.7460441589, 13.8118124008, 21.4901275635, 15.9505224228, 7.66012573242, 6.14239168167, 4.53190660477, 4.23301267624, 4.08046245575, 5.05134344101, 4.90742540359, 4.3115401268, 2.71963882446, 3.36813545227, 2.24089789391, 2.37732291222, 1.42689168453, 1.22434210777, 1.17902326584, 1.73678147793, 0.745687842369, 0.26984924078, 0.0656461641192, 0.00602244725451, 0.000392747519072], "dmean2": [0.330119371414, 4.78758192062, 10.530418396, 5.95988845825, 18.8676681519, 17.5221157074, 35.4842071533, 26.0067806244, 21.834602356, 10.4932279587, 11.9503593445, 22.0919647217, 24.5493412018, 16.6770839691, 12.3307247162, 24.9561271667, 19.0647583008, 28.725151062, 21.9650039673, 11.6409254074, 9.78632831573, 7.02166461945, 6.74494934082, 6.47614526749, 8.04122066498, 8.35023593903, 6.92938041687, 4.15301132202, 5.43544149399, 3.40757751465, 3.74838256836, 2.20598912239, 1.89093029499, 1.84725415707, 2.89860057831, 1.2249468565, 0.455707013607, 0.1091234833, 0.00958629604429, 0.000608424830716], "dvar": [0.200656145811, 49.155960083, 268.07510376, 104.199882507, 1837.6295166, 636.643371582, 2229.44287109, 1557.7590332, 1356.78747559, 252.148681641, 277.551208496, 1384.22363281, 2357.69335938, 935.429992676, 1931.0020752, 5397.40283203, 2858.60839844, 4575.63378906, 3025.93286133, 613.335754395, 306.539154053, 114.530471802, 108.507286072, 127.728492737, 189.550918579, 412.443603516, 181.746994019, 37.1516876221, 108.534576416, 24.9168891907, 36.0178718567, 9.3013458252, 7.99305582047, 6.45019435883, 13.5804157257, 2.34687876701, 0.287813931704, 0.0175157524645, 0.000162942713359, 7.13400368113e-07], "dvar2": [0.531308710575, 117.682388306, 585.905639648, 272.361450195, 4804.95556641, 1648.40258789, 5590.94091797, 4305.44824219, 3888.73803711, 718.961303711, 736.721008301, 3702.4519043, 5093.5390625, 2095.16357422, 2913.09741211, 9852.12890625, 4046.80761719, 7301.20996094, 4816.98144531, 1328.86218262, 647.802734375, 274.456176758, 276.433288574, 332.023956299, 453.276184082, 1175.07043457, 490.503295898, 89.1683197021, 291.979553223, 57.4676780701, 91.8957824707, 22.3784885406, 18.4881801605, 14.6027231216, 33.7842025757, 5.68766641617, 0.725983679295, 0.0440032631159, 0.00039500152343, 1.68812357515e-06], "max": [5.04280614853, 69.0927429199, 212.482345581, 151.854217529, 691.411376953, 372.192626953, 552.946533203, 896.570068359, 772.25592041, 186.882369995, 389.201751709, 526.450134277, 985.33001709, 486.615478516, 1899.67224121, 2204.24365234, 2097.66479492, 2504.61035156, 1948.25341797, 603.112609863, 580.372924805, 241.332229614, 144.160125732, 248.968551636, 182.275314331, 306.815155029, 216.676315308, 104.260131836, 149.799743652, 75.0223007202, 113.753494263, 65.505317688, 49.418888092, 56.2445678711, 37.1745910645, 14.5424804688, 7.29926633835, 1.52231729031, 0.174968272448, 0.0108287762851], "mean": [0.351165980101, 5.82191705704, 10.2180633545, 4.44009065628, 10.4161138535, 11.6963739395, 23.8983001709, 14.8514175415, 9.75386238098, 4.21252202988, 9.30814743042, 14.7823991776, 22.5133075714, 16.6239929199, 16.7506771088, 29.4941482544, 25.3941726685, 39.5251922607, 26.3932437897, 11.4108276367, 9.79710197449, 7.09009313583, 5.62085533142, 5.77340221405, 6.71247673035, 4.9013633728, 4.70999956131, 3.48749923706, 3.41851592064, 2.53615093231, 2.36730647087, 1.60980904102, 1.262332201, 1.10587537289, 1.36927914619, 0.621043205261, 0.212582707405, 0.0517300963402, 0.00512815220281, 0.000376876298105], "median": [0.105734959245, 1.48032820225, 3.0357465744, 1.68981218338, 2.4382519722, 4.4256439209, 7.69914054871, 4.83852767944, 2.58297204971, 0.824358165264, 1.81660175323, 2.3935213089, 3.60436630249, 4.07839870453, 2.47904491425, 3.39642214775, 2.39004230499, 4.4664773941, 2.78776788712, 1.24484097958, 1.67978823185, 1.4073946476, 1.2675743103, 1.2476682663, 1.02929115295, 0.77937489748, 0.714737534523, 0.740613400936, 0.632425248623, 0.413525938988, 0.323073923588, 0.197542607784, 0.151763439178, 0.10449936986, 0.0862132534385, 0.0429140999913, 0.0113556860015, 0.00250878673978, 0.000292811251711, 6.52729795547e-05], "min": [1.21520879627e-21, 1.17090646881e-21, 8.88386242548e-21, 9.68162432723e-20, 2.61227463155e-19, 3.79857958445e-19, 5.97241100972e-19, 8.95920562227e-19, 3.68366817074e-19, 9.75300329325e-19, 7.47480261269e-19, 3.10916843616e-18, 2.4743807283e-18, 1.61197762789e-18, 6.33548746394e-19, 7.58147582448e-19, 3.34643175318e-18, 3.20841170489e-18, 3.55254179398e-18, 6.21093236506e-18, 1.07625966696e-17, 1.86211541145e-17, 2.47929141008e-17, 2.46629938051e-17, 1.2839313834e-17, 1.1097995247e-17, 1.54913210522e-17, 1.16511615282e-17, 2.31172810991e-17, 2.43760068003e-17, 2.16064638344e-17, 1.27957272059e-17, 1.28089397619e-17, 1.11970567427e-17, 7.53221814958e-18, 5.96071395207e-18, 3.21092219805e-18, 1.41132646215e-18, 3.37965318774e-19, 3.02952314408e-20], "var": [0.294344604015, 82.0983352661, 412.295410156, 91.4109115601, 1443.46264648, 573.348388672, 2202.19335938, 1114.05847168, 821.895629883, 149.827362061, 704.364746094, 1458.8885498, 4508.19482422, 1470.46362305, 6732.13720703, 13822.1992188, 12319.5332031, 15319.3896484, 7974.5390625, 1325.62890625, 934.311767578, 265.353271484, 129.037597656, 154.794754028, 274.268463135, 273.925537109, 168.229431152, 53.4847145081, 85.5631942749, 30.8497924805, 33.6348152161, 11.7694311142, 8.63127422333, 6.85112524033, 11.5256576538, 2.14830136299, 0.246998518705, 0.0149042280391, 0.000153439730639, 7.33952447263e-07]}, "gfcc": {"mean": [-49.6345863342, 90.5300521851, -72.4993743896, 24.6997909546, -37.6120834351, 18.2603607178, -27.6770133972, 2.85101890564, -26.2523880005, 4.91175460815, -15.7648649216, 5.65401268005, -5.47202396393], "cov": [[17667.1699219, -2108.43212891, -19.1265029907, 566.51965332, -38.4228134155, 274.990844727, -965.983886719, 1.11998677254, -327.276489258, 479.939941406, 10.4732055664, 242.819351196, -309.318084717], [-2108.43212891, 1979.10852051, -65.4945297241, -122.094291687, 210.604309082, -14.6310739517, 377.102142334, 3.98134922981, 143.976959229, -190.055404663, 26.3588428497, -100.552818298, 114.67074585], [-19.1265029907, -65.4945297241, 1083.5435791, 147.511688232, 101.786193848, 177.668640137, 100.964027405, 71.0479278564, -3.29936170578, 7.14913082123, -26.3677940369, 91.7732696533, 72.5062561035], [566.51965332, -122.094291687, 147.511688232, 455.617248535, 52.9401397705, 56.2756385803, -10.2333240509, 25.7197875977, 28.4920406342, 10.2729654312, 30.2994174957, 13.4841222763, 14.8990983963], [-38.4228134155, 210.604309082, 101.786193848, 52.9401397705, 488.586883545, 158.353530884, 38.6072845459, 50.2386436462, 30.2567768097, 19.6610240936, 73.6282577515, 37.2056999207, -5.57336044312], [274.990844727, -14.6310739517, 177.668640137, 56.2756385803, 158.353530884, 279.399993896, 128.620605469, 79.7287521362, 38.2765350342, 33.5452423096, 45.9486579895, 43.0724372864, -5.49948978424], [-965.983886719, 377.102142334, 100.964027405, -10.2333240509, 38.6072845459, 128.620605469, 353.191955566, 133.176986694, 76.2520065308, -52.6326065063, 27.3854389191, -2.30922293663, 54.1733589172], [1.11998677254, 3.98134922981, 71.0479278564, 25.7197875977, 50.2386436462, 79.7287521362, 133.176986694, 225.742324829, 88.2970275879, 2.65382456779, -0.971093297005, 9.49067306519, 0.439223617315], [-327.276489258, 143.976959229, -3.29936170578, 28.4920406342, 30.2567768097, 38.2765350342, 76.2520065308, 88.2970275879, 158.752624512, 27.4329376221, 7.18996095657, -27.5548000336, 14.2860002518], [479.939941406, -190.055404663, 7.14913082123, 10.2729654312, 19.6610240936, 33.5452423096, -52.6326065063, 2.65382456779, 27.4329376221, 152.333724976, 53.8802108765, -17.6025867462, -42.5305137634], [10.4732055664, 26.3588428497, -26.3677940369, 30.2994174957, 73.6282577515, 45.9486579895, 27.3854389191, -0.971093297005, 7.18996095657, 53.8802108765, 154.535430908, 30.0087661743, -45.7319869995], [242.819351196, -100.552818298, 91.7732696533, 13.4841222763, 37.2056999207, 43.0724372864, -2.30922293663, 9.49067306519, -27.5548000336, -17.6025867462, 30.0087661743, 161.253890991, 38.4196548462], [-309.318084717, 114.67074585, 72.5062561035, 14.8990983963, -5.57336044312, -5.49948978424, 54.1733589172, 0.439223617315, 14.2860002518, -42.5305137634, -45.7319869995, 38.4196548462, 138.027145386]], "icov": [[9.21790779103e-05, -3.45477492374e-05, 4.32167071267e-05, -0.000118010859296, 8.30857097753e-05, -0.000225998606766, 0.000307485810481, -0.000212686209125, 0.000261435401626, -0.00026884424733, 0.000133418638143, -0.000144109173561, 7.407447265e-05], [-3.45477492374e-05, 0.00106912024785, -4.54155524494e-05, 0.000327305664541, -0.000670891080517, 0.000675052637234, -0.00119909376372, 0.000968823966105, -0.00112997065298, 0.00132011761889, -0.000589464383665, 0.000772615137976, -0.000396392482799], [4.32167071267e-05, -4.54155524494e-05, 0.00119893718511, -0.000403890444431, -2.10847847484e-05, -0.000642447324935, -9.38352750381e-05, -0.000223169045057, 0.000550110300537, -0.000608018832281, 0.000723910809029, -0.000594179320615, -0.000279587984551], [-0.000118010859296, 0.000327305664541, -0.000403890444431, 0.00272933393717, -0.000211074308027, -0.000105861676275, 0.000207690842217, 0.000132246525027, -0.00106351845898, 0.00126465735957, -0.00139367638621, 0.000891336763743, -0.000923613784835], [8.30857097753e-05, -0.000670891080517, -2.10847847484e-05, -0.000211074308027, 0.00321802753024, -0.00224546971731, 0.00182658841368, -0.00118720298633, 0.00060249667149, -0.000196710461751, -0.00106184836477, -0.000206956494367, -0.000312418997055], [-0.000225998606766, 0.000675052637234, -0.000642447324935, -0.000105861676275, -0.00224546971731, 0.00761622609571, -0.00422436371446, 0.00105679652188, -0.00124930613674, -0.000934312643949, 0.000438686547568, -0.00125411874615, 0.00148488464765], [0.000307485810481, -0.00119909376372, -9.38352750381e-05, 0.000207690842217, 0.00182658841368, -0.00422436371446, 0.00862466264516, -0.00446977745742, 0.00105078646448, 0.00144002377056, -0.0026598200202, 0.0013906423701, -0.00268662837334], [-0.000212686209125, 0.000968823966105, -0.000223169045057, 0.000132246525027, -0.00118720298633, 0.00105679652188, -0.00446977745742, 0.00891070719808, -0.00479193869978, 0.000850278884172, 0.00166510138661, -0.00110682600643, 0.00215931609273], [0.000261435401626, -0.00112997065298, 0.000550110300537, -0.00106351845898, 0.00060249667149, -0.00124930613674, 0.00105078646448, -0.00479193869978, 0.0114057464525, -0.00414966279641, 0.000611244060565, 0.000929853296839, -0.00158760976046], [-0.00026884424733, 0.00132011761889, -0.000608018832281, 0.00126465735957, -0.000196710461751, -0.000934312643949, 0.00144002377056, 0.000850278884172, -0.00414966279641, 0.0126612447202, -0.00554310623556, 0.00358952395618, -0.000634277588688], [0.000133418638143, -0.000589464383665, 0.000723910809029, -0.00139367638621, -0.00106184836477, 0.000438686547568, -0.0026598200202, 0.00166510138661, 0.000611244060565, -0.00554310623556, 0.0122102089226, -0.00488554360345, 0.00520628551021], [-0.000144109173561, 0.000772615137976, -0.000594179320615, 0.000891336763743, -0.000206956494367, -0.00125411874615, 0.0013906423701, -0.00110682600643, 0.000929853296839, 0.00358952395618, -0.00488554360345, 0.0102370176464, -0.0048078824766], [7.407447265e-05, -0.000396392482799, -0.000279587984551, -0.000923613784835, -0.000312418997055, 0.00148488464765, -0.00268662837334, 0.00215931609273, -0.00158760976046, -0.000634277588688, 0.00520628551021, -0.0048078824766, 0.0121130924672]]}, "melbands": {"dmean": [0.00252309138887, 0.00380206713453, 0.000862626242451, 0.000808337121271, 0.000690026849043, 0.00033579065348, 0.00017310246767, 5.67680108361e-05, 5.97922007728e-05, 8.84569599293e-05, 7.88417819422e-05, 4.69318874821e-05, 2.45543360506e-05, 5.57247476536e-05, 3.14731223625e-05, 3.13042291964e-05, 4.13861016568e-05, 2.39537566813e-05, 1.43045763252e-05, 8.09203629615e-06, 7.49741457184e-06, 4.929266197e-06, 4.41952215624e-06, 4.37863491243e-06, 3.24161328535e-06, 3.55264660357e-06, 3.27191492033e-06, 3.59645696335e-06, 3.23643621414e-06, 2.04156276595e-06, 1.47491221014e-06, 1.8931006025e-06, 1.76470587121e-06, 1.11443921469e-06, 1.46705008319e-06, 1.05473804979e-06, 8.54199527112e-07, 8.00632392384e-07, 1.00331760677e-06, 9.56047415457e-07], "dmean2": [0.00408037798479, 0.00588108180091, 0.00140139041469, 0.00134549103677, 0.00113840494305, 0.000580998836085, 0.0003176057362, 0.000105326485937, 0.00010042257054, 0.00014901033137, 0.000121424236568, 7.02552497387e-05, 3.54045005224e-05, 7.53346685087e-05, 4.40833973698e-05, 4.4269108912e-05, 5.52058772882e-05, 3.32926138071e-05, 2.05636442843e-05, 1.30191647258e-05, 1.19642290883e-05, 7.64285505284e-06, 7.21800233805e-06, 6.91237210049e-06, 5.24303004568e-06, 5.73871830056e-06, 5.151393907e-06, 6.31493321634e-06, 5.40193741472e-06, 3.1467111512e-06, 2.26752536037e-06, 3.11749636239e-06, 2.8060699151e-06, 1.70263194832e-06, 2.33545188166e-06, 1.66393908785e-06, 1.33295407068e-06, 1.24036614579e-06, 1.55337079377e-06, 1.5073854911e-06], "dvar": [3.24255561281e-05, 7.67040037317e-05, 6.64435128783e-06, 6.92180356054e-06, 2.29568604482e-06, 7.45892293708e-07, 2.79117188029e-07, 2.43215279028e-08, 2.05648458262e-08, 6.27254124197e-08, 5.76422678478e-08, 1.69943117356e-08, 1.83314625701e-08, 8.45799732474e-08, 1.40354066147e-08, 8.26001489429e-09, 2.00065191081e-08, 6.51369047588e-09, 1.99382066413e-09, 7.42548800226e-10, 5.13053655116e-10, 1.54500967575e-10, 1.4387011027e-10, 1.20130641545e-10, 9.41333608284e-11, 9.46831779647e-11, 7.05710628823e-11, 3.25578897176e-10, 1.60606833388e-10, 2.65173352026e-11, 1.11748154133e-11, 3.68299973852e-11, 2.36395902853e-11, 6.35521149595e-12, 1.44725802523e-11, 6.56895197959e-12, 3.3374509753e-12, 3.76284376921e-12, 5.13312526165e-12, 4.61869735166e-12], "dvar2": [8.0828431237e-05, 0.000172163330717, 1.66919471667e-05, 1.828009772e-05, 5.75889544052e-06, 2.05511446438e-06, 7.98880023467e-07, 6.93293031873e-08, 5.48005800738e-08, 1.65298573052e-07, 1.24014263747e-07, 3.82543774435e-08, 3.59416851836e-08, 1.19007665944e-07, 2.36755415273e-08, 1.34055211376e-08, 3.12898791321e-08, 1.03509822935e-08, 3.82739973048e-09, 1.7241617023e-09, 1.06752073847e-09, 3.51253692799e-10, 3.70727171184e-10, 2.86293516671e-10, 2.47161902056e-10, 2.35434172158e-10, 1.55347151809e-10, 9.44005651426e-10, 4.51999715434e-10, 5.79726891492e-11, 2.7385635426e-11, 1.00179843587e-10, 6.10566527892e-11, 1.39356529788e-11, 3.62577884383e-11, 1.66757423842e-11, 8.11748671753e-12, 9.01837979295e-12, 1.20081297336e-11, 1.05692746222e-11], "max": [0.0602701120079, 0.110739022493, 0.0392951592803, 0.0411165356636, 0.0182494483888, 0.0195784531534, 0.0104934154078, 0.00189915369265, 0.00292922533117, 0.00343038211577, 0.0049030194059, 0.00218984624371, 0.00419476116076, 0.0135207595304, 0.00361211155541, 0.00274158944376, 0.00575360003859, 0.00283943698741, 0.00128336565103, 0.000666197040118, 0.000794228224549, 0.000397376803448, 0.000173909793375, 0.00021881829889, 0.000225531999604, 0.00014572229702, 0.000155450819875, 0.000288693117909, 0.000217107561184, 0.000212277125684, 5.6256816606e-05, 8.70164731168e-05, 8.82239692146e-05, 4.76050918223e-05, 6.67708154651e-05, 5.40092587471e-05, 4.15952563344e-05, 3.32927374984e-05, 3.6102363083e-05, 5.76574748266e-05], "mean": [0.00488638691604, 0.00655693514273, 0.000984274898656, 0.000818121887278, 0.000757208501454, 0.00034568621777, 0.000140195697895, 4.51220657851e-05, 7.76266679168e-05, 0.000103849386505, 0.000111866684165, 6.67859712848e-05, 4.6982877393e-05, 9.34045383474e-05, 5.29882199771e-05, 5.63365138078e-05, 7.39723036531e-05, 3.85448984161e-05, 2.21666905418e-05, 1.074712236e-05, 1.25991882669e-05, 8.18583703222e-06, 4.93495872433e-06, 6.22285051577e-06, 4.31910484622e-06, 4.724775863e-06, 4.01446459364e-06, 3.12702263727e-06, 3.05925846078e-06, 2.62538537754e-06, 1.82959718131e-06, 1.84293014627e-06, 1.82005555871e-06, 1.25774045046e-06, 1.44030479987e-06, 1.08037659174e-06, 9.62697754403e-07, 8.24311257475e-07, 9.38592791044e-07, 8.9743417675e-07], "median": [0.00142564496491, 0.00235309824347, 0.00035185230081, 0.000244775466854, 0.000257597421296, 0.00012107368093, 3.56277560059e-05, 8.24107428343e-06, 1.42836606756e-05, 1.51563017425e-05, 1.75447275979e-05, 1.55655870913e-05, 4.35213678429e-06, 9.4859087767e-06, 2.60031970356e-06, 4.54638029623e-06, 5.40092059964e-06, 2.8686265523e-06, 1.94153517441e-06, 1.04566674963e-06, 1.6524639932e-06, 1.24133453028e-06, 8.58304360918e-07, 9.47123339756e-07, 8.21002799967e-07, 6.5167523644e-07, 5.91244543102e-07, 3.6574485307e-07, 4.3205983502e-07, 3.77437174848e-07, 3.93388631892e-07, 3.11085841531e-07, 2.79840037365e-07, 1.83067726311e-07, 1.81147939315e-07, 1.3170270563e-07, 1.08641344809e-07, 1.06880904127e-07, 9.51120213699e-08, 7.96634793687e-08], "min": [9.29962246527e-24, 3.29086855577e-24, 1.9683464825e-23, 2.50211816997e-23, 1.82339881319e-23, 1.97865074142e-23, 5.55242627482e-24, 1.10390710165e-23, 5.84478443718e-24, 2.19658413722e-23, 1.27362255791e-23, 7.27688765212e-24, 1.89502276855e-24, 1.72038671351e-24, 2.7261110036e-24, 1.0041561135e-23, 5.22912543788e-24, 4.93599774171e-24, 6.43478297453e-24, 1.07709308839e-23, 1.38204454736e-23, 1.56737810848e-23, 3.1667959604e-23, 1.53735216916e-23, 2.15692667957e-23, 1.17851180738e-23, 6.89924731501e-24, 7.26767691219e-24, 1.08929716102e-23, 7.18551783777e-24, 6.16815469388e-24, 1.27529502192e-23, 1.43812214475e-23, 1.30744986016e-23, 1.39657126316e-23, 9.09530433538e-24, 7.11805603088e-24, 8.94901639139e-24, 8.71653513832e-24, 9.96561197362e-24], "var": [5.43603928236e-05, 0.000123094054288, 6.08312848271e-06, 5.53946574655e-06, 2.19792445932e-06, 5.4951152606e-07, 1.69083961055e-07, 1.53771129163e-08, 4.48815988818e-08, 7.49619886165e-08, 1.11941936609e-07, 2.47907276929e-08, 6.04870251664e-08, 2.74142564649e-07, 4.82598707663e-08, 3.4545429628e-08, 6.38339230363e-08, 1.72423497702e-08, 4.51874138108e-09, 1.40669120796e-09, 1.78409254037e-09, 5.17510423403e-10, 1.48014739354e-10, 1.94265492581e-10, 1.080295714e-10, 1.46762477171e-10, 9.77896999488e-11, 1.93325397357e-10, 1.11137418712e-10, 7.47555836678e-11, 1.37565965563e-11, 2.7741264147e-11, 2.13335338978e-11, 8.66703150221e-12, 1.41566957809e-11, 6.33628696387e-12, 4.34233942206e-12, 3.86094628491e-12, 5.21384931756e-12, 4.82333704227e-12]}, "mfcc": {"mean": [-710.777526855, 133.072753906, 26.6259174347, 25.3446445465, 12.5422554016, 17.3153495789, 8.84342193604, 4.60283136368, 2.16631007195, 0.32692939043, 0.475401759148, -4.7032790184, -5.41470003128], "cov": [[11775.2158203, -1160.72277832, -228.163879395, 51.4269828796, 265.030944824, 83.578086853, -103.51020813, -252.864044189, -318.9112854, -69.1620178223, -64.1918640137, 166.993270874, 324.598266602], [-1160.72277832, 1411.69482422, -76.3101730347, -7.53110408783, 35.6985969543, 47.279132843, 72.0199661255, 105.685165405, 99.9783935547, 22.5702075958, 57.8393783569, -44.156993866, -59.8828773499], [-228.163879395, -76.3101730347, 753.399597168, 146.865493774, 32.3798370361, 97.5776824951, 80.4048919678, 75.8803405762, 111.205093384, -8.30466365814, -70.8600540161, 33.8337059021, 66.6366577148], [51.4269828796, -7.53110408783, 146.865493774, 305.75894165, 116.865959167, 50.2293243408, 30.2014865875, 42.331073761, 31.1749000549, 15.8101329803, -18.4644737244, -21.092754364, 35.1615180969], [265.030944824, 35.6985969543, 32.3798370361, 116.865959167, 354.149200439, 115.186508179, 57.0674324036, 34.9108581543, -6.43856668472, 5.62415504456, 30.3294944763, 14.0001554489, 30.0156421661], [83.578086853, 47.279132843, 97.5776824951, 50.2293243408, 115.186508179, 204.320648193, 100.273788452, 42.7368774414, 23.3483982086, -1.3916592598, 5.56161832809, 38.2777900696, 48.4426307678], [-103.51020813, 72.0199661255, 80.4048919678, 30.2014865875, 57.0674324036, 100.273788452, 206.91317749, 116.252601624, 29.9099063873, 25.7377319336, 40.2979927063, 32.9855308533, 31.6609840393], [-252.864044189, 105.685165405, 75.8803405762, 42.331073761, 34.9108581543, 42.7368774414, 116.252601624, 256.814605713, 126.580535889, 8.07555961609, 16.8460025787, 56.1922836304, 52.6003913879], [-318.9112854, 99.9783935547, 111.205093384, 31.1749000549, -6.43856668472, 23.3483982086, 29.9099063873, 126.580535889, 230.157974243, 63.2836341858, -39.5734672546, -12.2763090134, 30.1475143433], [-69.1620178223, 22.5702075958, -8.30466365814, 15.8101329803, 5.62415504456, -1.3916592598, 25.7377319336, 8.07555961609, 63.2836341858, 223.035339355, 105.166091919, -50.3452949524, -60.990814209], [-64.1918640137, 57.8393783569, -70.8600540161, -18.4644737244, 30.3294944763, 5.56161832809, 40.2979927063, 16.8460025787, -39.5734672546, 105.166091919, 227.537414551, 80.7846832275, -70.0260162354], [166.993270874, -44.156993866, 33.8337059021, -21.092754364, 14.0001554489, 38.2777900696, 32.9855308533, 56.1922836304, -12.2763090134, -50.3452949524, 80.7846832275, 234.857315063, 80.2697601318], [324.598266602, -59.8828773499, 66.6366577148, 35.1615180969, 30.0156421661, 48.4426307678, 31.6609840393, 52.6003913879, 30.1475143433, -60.990814209, -70.0260162354, 80.2697601318, 204.058410645]], "icov": [[0.000103827325802, 6.69631190249e-05, 4.00954013458e-05, -3.27952250245e-07, -7.36999791116e-05, -3.23440763168e-05, 4.09768654208e-05, 4.31300068158e-05, 0.000123283767607, -9.73501810222e-05, 5.9513906308e-05, -5.23656635778e-05, -0.000163790464285], [6.69631190249e-05, 0.000855139223859, 0.000155768968398, 3.02688058582e-05, -5.40641849511e-05, -0.000217598048039, -0.000117554300232, -8.78249484231e-05, -0.000467411067802, 0.000433334411355, -0.000512218335643, 0.000395091687096, 5.62159802939e-05], [4.00954013458e-05, 0.000155768968398, 0.00177222630009, -0.000785864365753, 0.000203924661037, -0.000481371564092, -0.000552101933863, 0.000286247523036, -0.000723918376025, -3.52637434844e-05, 0.000687561172526, -0.000601259642281, 0.000203642615816], [-3.27952250245e-07, 3.02688058582e-05, -0.000785864365753, 0.00433675665408, -0.001302542747, -6.14877426415e-05, 0.000409993313951, -0.000683422782458, 0.000307173817419, -0.000386215542676, -3.9632224798e-05, 0.000882985594217, -0.000684246246237], [-7.36999791116e-05, -5.40641849511e-05, 0.000203924661037, -0.001302542747, 0.00406347494572, -0.00212445133366, 0.000262413988821, -0.00038101701648, 0.000299784354866, 0.00037664140109, -0.000963728118222, 0.000572433345951, -0.000264266331214], [-3.23440763168e-05, -0.000217598048039, -0.000481371564092, -6.14877426415e-05, -0.00212445133366, 0.0083791622892, -0.00385140394792, 0.0016198848607, -0.000938330136705, 0.000131256310851, 0.000491076149046, -0.00102771806996, -0.000590640993323], [4.09768654208e-05, -0.000117554300232, -0.000552101933863, 0.000409993313951, 0.000262413988821, -0.00385140394792, 0.0093602668494, -0.00450740661472, 0.00227526435629, -0.00114683888387, -0.00101545336656, 0.000937056203838, -0.000800751964562], [4.31300068158e-05, -8.78249484231e-05, 0.000286247523036, -0.000683422782458, -0.00038101701648, 0.0016198848607, -0.00450740661472, 0.00873171910644, -0.00512450188398, 0.00208026962355, -0.00153996108565, -0.000882189488038, -0.000752614461817], [0.000123283767607, -0.000467411067802, -0.000723918376025, 0.000307173817419, 0.000299784354866, -0.000938330136705, 0.00227526435629, -0.00512450188398, 0.00975905638188, -0.00512096611783, 0.0043260352686, -0.00105124525726, -7.75422086008e-05], [-9.73501810222e-05, 0.000433334411355, -3.52637434844e-05, -0.000386215542676, 0.00037664140109, 0.000131256310851, -0.00114683888387, 0.00208026962355, -0.00512096611783, 0.0104448264465, -0.00774711510167, 0.00460833450779, -0.000677670410369], [5.9513906308e-05, -0.000512218335643, 0.000687561172526, -3.9632224798e-05, -0.000963728118222, 0.000491076149046, -0.00101545336656, -0.00153996108565, 0.0043260352686, -0.00774711510167, 0.0136457914487, -0.00752321444452, 0.00480451248586], [-5.23656635778e-05, 0.000395091687096, -0.000601259642281, 0.000882985594217, 0.000572433345951, -0.00102771806996, 0.000937056203838, -0.000882189488038, -0.00105124525726, 0.00460833450779, -0.00752321444452, 0.00977590680122, -0.00440931273624], [-0.000163790464285, 5.62159802939e-05, 0.000203642615816, -0.000684246246237, -0.000264266331214, -0.000590640993323, -0.000800751964562, -0.000752614461817, -7.75422086008e-05, -0.000677670410369, 0.00480451248586, -0.00440931273624, 0.00891846418381]]}, "spectral_contrast_coeffs": {"dmean": [0.0538260340691, 0.0552361123264, 0.0436603277922, 0.0362367853522, 0.0256161484867, 0.0191121269017], "dmean2": [0.0858284533024, 0.0896428674459, 0.0669078975916, 0.0544399805367, 0.0385817810893, 0.0300353318453], "dvar": [0.00229544448666, 0.0023006463889, 0.00150420051068, 0.0010480635101, 0.000557801162358, 0.000290460360702], "dvar2": [0.00541792763397, 0.00591040588915, 0.00330790900625, 0.0021647233516, 0.00114172406029, 0.000666035979521], "max": [-0.310817539692, -0.367775082588, -0.436784386635, -0.428426653147, -0.556382477283, -0.565071642399], "mean": [-0.652286708355, -0.703954279423, -0.72624784708, -0.751977562904, -0.801867604256, -0.793415904045], "median": [-0.663685560226, -0.703319787979, -0.731375336647, -0.771639823914, -0.813951730728, -0.791185617447], "min": [-0.963257908821, -0.961669564247, -0.970875024796, -0.985486626625, -0.982030212879, -0.960291087627], "var": [0.00779712945223, 0.00609583640471, 0.00714498339221, 0.00761613668874, 0.00327603123151, 0.00126148166601]}, "spectral_contrast_valleys": {"dmean": [0.456285953522, 0.624481081963, 0.513321399689, 0.526302039623, 0.526086032391, 0.642755270004], "dmean2": [0.703522264957, 0.956167817116, 0.735553503036, 0.723294794559, 0.683955609798, 0.754279911518], "dvar": [0.19526937604, 0.425527691841, 0.295131653547, 0.302842050791, 0.300587117672, 0.352499574423], "dvar2": [0.39495113492, 0.938884735107, 0.581206262112, 0.598307907581, 0.523675203323, 0.573516249657], "max": [-4.71554803848, -4.47265386581, -5.27959108353, -5.64771699905, -5.46630907059, 