{"lowlevel": {"average_loudness": 0.665908932686, "barkbands_crest": {"dmean": 1.8189842701, "dmean2": 2.89988064766, "dvar": 2.81717085838, "dvar2": 6.92293262482, "max": 22.9393100739, "mean": 10.5173273087, "median": 9.80498695374, "min": 3.36473369598, "var": 13.0894956589}, "barkbands_flatness_db": {"dmean": 0.0161003470421, "dmean2": 0.0246146824211, "dvar": 0.000302992179058, "dvar2": 0.000641706865281, "max": 0.400827527046, "mean": 0.198552399874, "median": 0.198683798313, "min": 0.0445713810623, "var": 0.00362883973867}, "barkbands_kurtosis": {"dmean": 1.91079199314, "dmean2": 3.0469417572, "dvar": 6.66556358337, "dvar2": 15.7921457291, "max": 104.777893066, "mean": 5.75009441376, "median": 4.03278064728, "min": -1.57161426544, "var": 47.0199165344}, "barkbands_skewness": {"dmean": 0.315927416086, "dmean2": 0.501156508923, "dvar": 0.0937447994947, "dvar2": 0.224076077342, "max": 8.29009723663, "mean": 1.70089554787, "median": 1.77444243431, "min": -2.28828978539, "var": 1.44180858135}, "barkbands_spread": {"dmean": 2.19269371033, "dmean2": 3.32742500305, "dvar": 7.97160482407, "dvar2": 16.0977668762, "max": 90.0222015381, "mean": 11.8908205032, "median": 10.0084943771, "min": 0.728841662407, "var": 62.9750061035}, "dissonance": {"dmean": 0.0220164079219, "dmean2": 0.0367431230843, "dvar": 0.00039286154788, "dvar2": 0.0010617102962, "max": 0.499965518713, "mean": 0.434328079224, "median": 0.436043083668, "min": 0.278337329626, "var": 0.00106820010114}, "dynamic_complexity": 4.04986667633, "erbbands_crest": {"dmean": 1.7863843441, "dmean2": 2.74289822578, "dvar": 3.12736749649, "dvar2": 7.22547864914, "max": 30.2316436768, "mean": 9.52039337158, "median": 8.71759319305, "min": 2.58003902435, "var": 17.0463600159}, "erbbands_flatness_db": {"dmean": 0.012361147441, "dmean2": 0.0178281869739, "dvar": 0.000210593410884, "dvar2": 0.000442226039013, "max": 0.362528413534, "mean": 0.213410928845, "median": 0.216470390558, "min": 0.0634747073054, "var": 0.00195184675977}, "erbbands_kurtosis": {"dmean": 0.578094899654, "dmean2": 0.919324100018, "dvar": 0.436793237925, "dvar2": 0.980585813522, "max": 19.2073535919, "mean": 0.366951227188, "median": 0.0196861028671, "min": -1.54933726788, "var": 2.92775583267}, "erbbands_skewness": {"dmean": 0.245795369148, "dmean2": 0.388019979, "dvar": 0.0492935366929, "dvar2": 0.117056764662, "max": 3.35429596901, "mean": 0.645550072193, "median": 0.685503602028, "min": -1.07884848118, "var": 0.328195571899}, "erbbands_spread": {"dmean": 3.98957228661, "dmean2": 6.16972351074, "dvar": 18.5212574005, "dvar2": 40.0106430054, "max": 112.821678162, "mean": 28.793346405, "median": 28.2274398804, "min": 3.27658200264, "var": 84.985496521}, "hfc": {"dmean": 2.6033642292, "dmean2": 3.59080219269, "dvar": 25.8863735199, "dvar2": 54.8676109314, "max": 114.192367554, "mean": 11.8649702072, "median": 9.10129165649, "min": 1.20207289515e-16, "var": 142.455352783}, "melbands_crest": {"dmean": 2.44390082359, "dmean2": 3.98057484627, "dvar": 5.30824041367, "dvar2": 13.2292356491, "max": 30.6989917755, "mean": 14.3625850677, "median": 13.8324232101, "min": 1.6905195713, "var": 26.3834838867}, "melbands_flatness_db": {"dmean": 0.0190568435937, "dmean2": 0.0292414482683, "dvar": 0.000487917015562, "dvar2": 0.00101853301749, "max": 0.5206797719, "mean": 0.26328894496, "median": 0.262329280376, "min": 0.0036916823592, "var": 0.00751364370808}, "melbands_kurtosis": {"dmean": 3.21267867088, "dmean2": 5.15416622162, "dvar": 19.0027351379, "dvar2": 47.4042167664, "max": 99.2072601318, "mean": 10.5936594009, "median": 8.68011379242, "min": -1.64083755016, "var": 88.1911849976}, "melbands_skewness": {"dmean": 0.387193858624, "dmean2": 0.616292417049, "dvar": 0.145522266626, "dvar2": 0.366006433964, "max": 7.89816379547, "mean": 2.37270522118, "median": 2.37040376663, "min": -1.22204506397, "var": 1.2501386404}, "melbands_spread": {"dmean": 2.78205609322, "dmean2": 4.38290548325, "dvar": 19.1651878357, "dvar2": 42.4975852966, "max": 167.495132446, "mean": 17.9274272919, "median": 11.2526130676, "min": 1.09168732166, "var": 753.130310059}, "pitch_salience": {"dmean": 0.0514063723385, "dmean2": 0.0842908993363, "dvar": 0.00234373752028, "dvar2": 0.00608083140105, "max": 0.850335121155, "mean": 0.529328942299, "median": 0.519943237305, "min": 0.168824076653, "var": 0.0102955037728}, "silence_rate_20dB": {"dmean": 0, "dmean2": 0, "dvar": 0, "dvar2": 0, "max": 1, "mean": 1, "median": 1, "min": 1, "var": 0}, "silence_rate_30dB": {"dmean": 0.00145384052303, "dmean2": 0.00290838582441, "dvar": 0.00145171221811, "dvar2": 0.00338466768153, "max": 1, "mean": 0.998546540737, "median": 1, "min": 0, "var": 0.00145135982893}, "silence_rate_60dB": {"dmean": 0.0101768840104, "dmean2": 0.0203587003052, "dvar": 0.0100727993995, "dvar2": 0.0247893128544, "max": 1, "mean": 0.139050394297, "median": 0, "min": 0, "var": 0.119726330042}, "spectral_centroid": {"dmean": 101.202514648, "dmean2": 150.070800781, "dvar": 30813.4550781, "dvar2": 49159.8398438, "max": 10780.2763672, "mean": 860.308654785, "median": 692.622680664, "min": 199.820144653, "var": 519158.875}, "spectral_complexity": {"dmean": 1.64865517616, "dmean2": 2.69607377052, "dvar": 2.59428024292, "dvar2": 6.06474351883, "max": 32, "mean": 13.0038757324, "median": 14, "min": 0, "var": 36.8306236267}, "spectral_decrease": {"dmean": 1.19590193304e-09, "dmean2": 1.80474735156e-09, "dvar": 2.79067474221e-18, "dvar2": 5.66761780486e-18, "max": 4.31642158297e-18, "mean": -5.80570969078e-09, "median": -4.94252416772e-09, "min": -3.27200098127e-08, "var": 2.22538468147e-17}, "spectral_energy": {"dmean": 0.00471066497266, "dmean2": 0.00706698698923, "dvar": 4.42309283244e-05, "dvar2": 8.92245516297e-05, "max": 0.129431411624, "mean": 0.0229882393032, "median": 0.019506290555, "min": 1.10105728609e-20, "var": 0.000351517315721}, "spectral_energyband_high": {"dmean": 0.000110991248221, "dmean2": 0.000155484827701, "dvar": 1.46458589256e-07, "dvar2": 3.22474846826e-07, "max": 0.0073306444101, "mean": 0.000184375981917, "median": 5.71052078158e-05, "min": 8.37994383475e-21, "var": 2.03929985787e-07}, "spectral_energyband_low": {"dmean": 0.00217185844667, "dmean2": 0.00383224454708, "dvar": 8.45227623358e-06, "dvar2": 2.59884345724e-05, "max": 0.0397845879197, "mean": 0.00522414641455, "median": 0.00345807848498, "min": 7.78331126749e-23, "var": 2.61173281615e-05}, "spectral_energyband_middle_high": {"dmean": 0.000789549958427, "dmean2": 0.00114800885785, "dvar": 3.07683444589e-06, "dvar2": 6.3094826146e-06, "max": 0.0489978119731, "mean": 0.00330587150529, "median": 0.00192659918685, "min": 1.28266884874e-21, "var": 2.34760536841e-05}, "spectral_energyband_middle_low": {"dmean": 0.00336704496294, "dmean2": 0.00481819966808, "dvar": 2.70714572252e-05, "dvar2": 5.29105891474e-05, "max": 0.10912373662, "mean": 0.015136634931, "median": 0.0114660486579, "min": 2.92963679371e-22, "var": 0.000206628610613}, "spectral_entropy": {"dmean": 0.13548463583, "dmean2": 0.216075450182, "dvar": 0.0327869616449, "dvar2": 0.0852313041687, "max": 9.7895860672, "mean": 6.80569410324, "median": 6.73865127563, "min": 4.9946436882, "var": 0.296129912138}, "spectral_flux": {"dmean": 0.0140239149332, "dmean2": 0.0221301615238, "dvar": 0.000339341000654, "dvar2": 0.000805941876024, "max": 0.238118946552, "mean": 0.0484411455691, "median": 0.0425600036979, "min": 1.04931278944e-10, "var": 0.000950505665969}, "spectral_kurtosis": {"dmean": 4.93586206436, "dmean2": 8.58596229553, "dvar": 28.4621257782, "dvar2": 79.7752990723, "max": 112.031593323, "mean": 11.14884758, "median": 8.02359199524, "min": -1.18998765945, "var": 114.303421021}, "spectral_rms": {"dmean": 0.000441805837909, "dmean2": 0.000671442132443, "dvar": 2.57954724248e-07, "dvar2": 5.31690318439e-07, "max": 0.0112371947616, "mean": 0.00425035366789, "median": 0.00436239968985, "min": 3.27750240142e-12, "var": 4.36196705778e-06}, "spectral_rolloff": {"dmean": 173.935119629, "dmean2": 301.73260498, "dvar": 181902.921875, "dvar2": 355678.09375, "max": 19595.2148438, "mean": 1536.52246094, "median": 645.99609375, "min": 150.732421875, "var": 14295892}, "spectral_skewness": {"dmean": 0.403618007898, "dmean2": 0.69415396452, "dvar": 0.148232042789, "dvar2": 0.4075332582, "max": 8.79269790649, "mean": 2.21188116074, "median": 2.00413799286, "min": 0.0446076951921, "var": 0.737095832825}, "spectral_spread": {"dmean": 315946.65625, "dmean2": 490798.5, "dvar": 392245608448, "dvar2": 600853381120, "max": 40427596, "mean": 2966087.25, "median": 2634460, "min": 750908.1875, "var": 3097421938690.0}, "spectral_strongpeak": {"dmean": 0.314404308796, "dmean2": 0.506839156151, "dvar": 0.210108116269, "dvar2": 0.483442306519, "max": 6.24829244614, "mean": 0.974157094955, "median": 0.563905715942, "min": 0, "var": 1.11199629307}, "zerocrossingrate": {"dmean": 0.00464026909322, "dmean2": 0.00607215473428, "dvar": 5.74226360186e-05, "dvar2": 7.22624681657e-05, "max": 0.53173828125, "mean": 0.0530608408153, "median": 0.03125, "min": 0.0048828125, "var": 0.00968753639609}, "barkbands": {"dmean": [2.88718856609e-05, 0.000769664417021, 0.00146333093289, 0.000637505436316, 0.00129547121469, 0.000992259709165, 0.00123889814131, 0.000544979935512, 0.000606250076089, 0.000374585011741, 0.000128496219986, 8.46726470627e-05, 0.000173693100805, 0.000101995909063, 0.000235629180679, 0.000125518694404, 0.000109554399387, 4.48177197541e-05, 4.71211315016e-05, 4.28840685345e-05, 4.44562429038e-05, 2.07148768823e-05, 1.70752409758e-05, 1.02144940684e-05, 3.20498747897e-06, 2.38613324655e-07, 5.53998376063e-08], "dmean2": [4.79613045172e-05, 0.00134949188214, 0.00263352622278, 0.00100474338979, 0.00197749515064, 0.00154653505888, 0.00144950312097, 0.000834555015899, 0.000863790279254, 0.00055508071091, 0.000198782392545, 0.000135233000037, 0.00026347959647, 0.000170166953467, 0.000394512229832, 0.000196916880668, 0.000172861633473, 6.93174952175e-05, 7.32939879526e-05, 6.41129299765e-05, 6.39134814264e-05, 2.8592750823e-05, 2.71077842626e-05, 1.68363822013e-05, 5.08858238391e-06, 3.89989708083e-07, 8.74227623626e-08], "dvar": [2.0758863073e-08, 1.67190978573e-06, 4.18597119278e-06, 8.15982446056e-07, 1.0616840882e-05, 2.93249286187e-06, 1.03107531686e-05, 1.2236097291e-06, 2.41013094637e-06, 1.63521474406e-06, 5.75815732873e-08, 6.67623538675e-08, 2.17700304006e-07, 1.37367777597e-07, 2.72949336022e-07, 7.21532202874e-08, 4.38851799345e-08, 1.0352871449e-08, 1.08837872048e-08, 2.62894399583e-08, 3.25728883865e-08, 3.7158391919e-09, 3.59834251284e-09, 3.72769104473e-09, 3.84768189532e-10, 1.59459880196e-12, 3.93515312024e-14], "dvar2": [3.82832894275e-08, 4.85069949718e-06, 1.34442871058e-05, 2.22247035708e-06, 2.57964347838e-05, 7.3960654845e-06, 1.36741537062e-05, 2.69812539955e-06, 4.81859206047e-06, 3.36616290042e-06, 1.27901870428e-07, 1.45752665048e-07, 4.80001915548e-07, 3.87678625202e-07, 7.26448263322e-07, 1.64129957625e-07, 1.05227556446e-07, 2.4415783173e-08, 2.68327742248e-08, 5.8497892752e-08, 6.86502232838e-08, 7.50773931912e-09, 8.95409257851e-09, 9.7746299943e-09, 1.01139119302e-09, 4.38901909608e-12, 1.0515945211e-13], "max": [0.00593487359583, 0.0157139711082, 0.0218887515366, 0.0135566536337, 0.0775038078427, 0.0290880203247, 0.0657787173986, 0.0162726119161, 0.042105961591, 0.0367599017918, 0.00379368104041, 0.00644055893645, 0.0091115469113, 0.0115524185821, 0.0100274980068, 0.00558895943686, 0.00339379510842, 0.00161562394351, 0.00161110423505, 0.00442848168314, 0.00452559906989, 0.00113386521116, 0.00110007287003, 0.0012154415017, 0.000384807790397, 4.57599890069e-05, 6.91786090101e-06], "mean": [3.03077085846e-05, 0.001078679692, 0.00329779530875, 0.00180031335913, 0.00416765641421, 0.00313519639894, 0.00325950188562, 0.00108156586066, 0.00158617284615, 0.00117580057122, 0.000360383943189, 0.000165230841958, 0.00033014404471, 0.000190492122783, 0.000408701424021, 0.000259225460468, 0.000255257298704, 9.55984942266e-05, 9.82513229246e-05, 7.22533804947e-05, 6.93182519171e-05, 3.48969588231e-05, 2.11495298572e-05, 1.00750112324e-05, 3.62979926649e-06, 5.34961543508e-07, 1.56710456167e-07], "median": [3.60634794561e-06, 0.00054777553305, 0.00130169047043, 0.000983567442745, 0.00170534313656, 0.00121585757006, 0.000566587084904, 0.00036147685023, 0.000459272589069, 0.00028460053727, 0.000173008156708, 6.18834310444e-05, 8.92034149729e-05, 6.45993713988e-05, 0.00012197480828, 0.000105172948679, 0.000106608669739, 3.35255608661e-05, 3.43995416188e-05, 1.75913082785e-05, 1.87222722161e-05, 8.94722597877e-06, 3.00934880215e-06, 8.80846812379e-07, 2.42325711497e-07, 2.67552096034e-08, 2.41463915529e-09], "min": [1.02012044941e-23, 2.01206483832e-23, 4.55907834458e-23, 1.14510260141e-23, 5.76841347189e-23, 5.53807870934e-23, 1.95309685457e-23, 9.37629469655e-23, 4.54333394309e-23, 4.65839277711e-23, 9.35710076409e-23, 4.74109001244e-23, 1.04124483494e-22, 1.51320283338e-22, 8.61422666312e-23, 8.12050197282e-23, 2.10185437495e-22, 1.72162367107e-22, 2.12432062866e-22, 3.76615146093e-22, 5.71561810383e-22, 7.37745798276e-22, 7.28968969709e-22, 9.22797723434e-22, 1.41185715344e-21, 1.4111377123e-21, 2.65265472946e-21], "var": [3.44632304916e-08, 2.06135314329e-06, 1.66714762599e-05, 4.26220685767e-06, 4.58699178125e-05, 1.74313699972e-05, 5.82640677749e-05, 3.21711513607e-06, 1.00764264062e-05, 1.31154238261e-05, 2.49956769949e-07, 1.46170307858e-07, 5.70622944451e-07, 2.55851603015e-07, 5.92933304233e-07, 1.81385900078e-07, 1.31099611167e-07, 2.54615919459e-08, 2.51568401666e-08, 4.01544291151e-08, 4.50376056449e-08, 6.46918341118e-09, 3.7027534372e-09, 2.93460455936e-09, 3.02851993483e-10, 1.9493599443e-12, 1.9885713898e-13]}, "erbbands": {"dmean": [0.00626434152946, 0.235337868333, 1.47985434532, 1.83541178703, 2.47222948074, 5.63696098328, 6.67679595947, 8.95257282257, 19.681804657, 10.0702390671, 11.0846395493, 16.9476184845, 8.16740512848, 9.31912994385, 5.66659498215, 4.11320257187, 8.25481033325, 4.17392158508, 12.5974645615, 8.94403266907, 4.70806074142, 5.16632461548, 3.31754493713, 2.17203021049, 2.20551514626, 1.99006545544, 2.20056390762, 1.17938685417, 0.745283901691, 0.667491495609, 0.471937924623, 0.280464828014, 0.112847134471, 0.0528354234993, 0.0139477159828, 0.00190491054673, 0.000332056049956, 7.33726119506e-05, 1.09717930172e-05, 5.45779175809e-06], "dmean2": [0.0103252697736, 0.415896445513, 2.66537308693, 3.04980564117, 3.94680476189, 8.74095726013, 9.87528514862, 13.9781608582, 22.3701343536, 15.5719528198, 15.5860271454, 24.0680198669, 12.8258743286, 13.4197187424, 8.74795627594, 6.51876592636, 12.5989723206, 6.77954006195, 21.5249938965, 14.0684328079, 7.47477769852, 8.20167922974, 5.11195993423, 3.281696558, 3.51015591621, 2.99864006042, 3.14403676987, 1.67150998116, 1.02371454239, 0.961930751801, 0.761885404587, 0.464584320784, 0.183731332421, 0.0821649804711, 0.0234672185034, 0.00311510101892, 0.000531118595973, 0.000116920717119, 1.73430325958e-05, 8.13772840047e-06], "dvar": [0.000177625697688, 0.147064983845, 4.80077362061, 4.71177530289, 19.8981456757, 255.387573242, 185.673187256, 249.399017334, 2881.97387695, 433.307769775, 618.762023926, 1850.37182617, 778.562927246, 843.128295898, 115.439712524, 165.059371948, 477.728973389, 64.9573516846, 957.506652832, 615.876586914, 95.2250289917, 107.200340271, 52.0637435913, 23.3542861938, 32.4208106995, 38.723274231, 95.9627990723, 14.1617908478, 4.81036710739, 4.48138332367, 3.01907992363, 3.14737892151, 0.417314887047, 0.0953269451857, 0.0144957816228, 9.92053246591e-05, 1.37372012432e-06, 5.19912823904e-08, 1.29312671682e-09, 6.31685675989e-11], "dvar2": [0.000466246507131, 0.435567170382, 15.0545330048, 13.2873773575, 48.352722168, 658.828796387, 368.099334717, 674.205322266, 3777.46386719, 1055.44812012, 1139.24267578, 3748.05639648, 1808.09338379, 1523.52124023, 254.343399048, 354.769622803, 1064.65698242, 168.751235962, 2716.81298828, 1389.08837891, 241.942993164, 254.740463257, 124.072242737, 54.3933067322, 82.9443664551, 87.5411453247, 202.379577637, 29.9451541901, 9.9793586731, 9.93356704712, 7.7798666954, 8.1263923645, 1.11707103252, 0.24130551517, 0.0409302227199, 0.000274787133094, 3.59681962436e-06, 1.36656439054e-07, 3.37721894894e-09, 1.27331423183e-10], "max": [0.275445491076, 4.83440971375, 27.115152359, 47.5741348267, 130.148757935, 383.090423584, 262.4375, 280.000366211, 1196.66674805, 274.657226562, 439.390716553, 1196.09985352, 817.928833008, 1082.34460449, 186.510696411, 324.307220459, 473.669128418, 177.36390686, 541.501098633, 760.634338379, 172.467666626, 174.482772827, 120.145469666, 70.9735794067, 113.843513489, 151.487289429, 303.258026123, 100.056854248, 48.7202644348, 38.9681091309, 37.0106582642, 42.333732605, 19.2240409851, 6.91951560974, 3.55562901497, 0.286982983351, 0.0293755196035, 0.00585969211534, 0.00140458112583, 0.0001538884826], "mean": [0.00936042331159, 0.379855155945, 3.50671672821, 4.68124389648, 7.53257274628, 15.9732961655, 25.9873104095, 25.2868099213, 51.9375495911, 22.9655723572, 26.4289970398, 45.527053833, 24.7467975616, 30.1954212189, 17.0843105316, 8.62904167175, 15.6987915039, 9.53538322449, 22.1440391541, 19.2911548615, 11.3654975891, 12.0869264603, 7.61630868912, 5.0190615654, 4.34154605865, 3.72033500671, 3.50614237785, 1.96373307705, 1.26486992836, 0.98633903265, 0.559510231018, 0.272142827511, 0.119165554643, 0.0588040649891, 0.0157687887549, 0.00318721449003, 0.000888825743459, 0.000229782250244, 3.96226787416e-05, 2.7343752663e-05], "median": [0.0050582010299, 0.193624705076, 1.39577674866, 3.79043722153, 4.52472496033, 6.15428733826, 8.52247619629, 12.0938987732, 8.20651912689, 9.98446846008, 10.1692705154, 14.8087043762, 9.17228412628, 8.09736156464, 9.23983764648, 3.87675523758, 4.89437961578, 4.96040439606, 6.28417015076, 7.10147666931, 5.86566066742, 4.98341941833, 2.91444206238, 1.91097426414, 1.43333959579, 0.983704149723, 0.959349751472, 0.599609017372, 0.365872859955, 0.181031107903, 0.0815013647079, 0.0256653930992, 0.0116823250428, 0.00440437719226, 0.000961064943112, 0.000212771919905, 4.84790944029e-05, 8.49777643452e-06, 1.30400949274e-05, 2.31642752624e-05], "min": [3.60782518399e-22, 5.8255709252e-21, 4.76731038072e-20, 5.28388208832e-20, 8.84843049937e-20, 1.79312284081e-19, 3.53779202628e-19, 4.49489376175e-19, 3.49967399269e-19, 7.18363607104e-19, 2.20581214061e-18, 9.5440926257e-19, 1.05784747439e-18, 2.55587394186e-18, 3.43374976582e-18, 2.63586561582e-18, 4.18448420732e-18, 7.16649264945e-18, 5.40066966398e-18, 4.71311300293e-18, 6.79073758439e-18, 1.15218864334e-17, 1.01476706022e-17, 1.04948167986e-17, 9.9729179445e-18, 1.72085628932e-17, 2.86328304337e-17, 1.89953606974e-17, 2.38163264717e-17, 2.47866887396e-17, 2.21518008512e-17, 2.00895072352e-17, 1.63462585374e-17, 1.78947919293e-17, 7.64628304733e-18, 5.02282596788e-18, 2.39358069209e-18, 1.34061513428e-18, 3.24848276361e-19, 4.06358582836e-20], "var": [0.000217819251702, 0.217222288251, 18.2385540009, 16.0857067108, 112.959442139, 864.893981934, 1580.03967285, 1140.27075195, 16472.6445312, 1099.3079834, 2073.14477539, 7963.51367188, 4562.72363281, 7594.97363281, 532.380493164, 357.853363037, 1142.18188477, 174.718002319, 2099.54101562, 1844.31933594, 271.658203125, 328.645050049, 138.933013916, 65.8012771606, 68.9908218384, 73.5707550049, 131.668197632, 21.2600402832, 7.87544965744, 6.27218914032, 2.9356842041, 2.57943844795, 0.305099308491, 0.0829299241304, 0.00920935813338, 9.30454771151e-05, 3.81578047381e-06, 3.08125237325e-07, 7.74944020066e-09, 5.23314891421e-10]}, "gfcc": {"mean": [-110.082778931, 151.422424316, -132.927017212, 25.4491138458, -53.4382705688, -7.91471195221, -32.133392334, -11.4021978378, -13.4558572769, -13.205997467, -15.3019123077, -12.149930954, -5.26228666306], "cov": [[43601.5195312, 6505.07470703, -3754.59301758, 1481.33129883, -2081.44482422, -518.308410645, -541.414245605, -284.996520996, 239.896530151, -336.216461182, -302.509429932, -471.44128418, 172.169525146], [6505.07470703, 3314.73876953, -519.296813965, -5.46760988235, 78.1388626099, -348.516326904, 27.6060199738, -423.988098145, 57.1820526123, -366.288024902, -14.5713005066, -256.137176514, 75.071762085], [-3754.59301758, -519.296813965, 482.084136963, -131.45614624, 187.304260254, 32.3359107971, -10.1571445465, 15.8666963577, -52.7884864807, 43.3164215088, 29.4352989197, 36.2626533508, -28.9629325867], [1481.33129883, -5.46760988235, -131.45614624, 298.760253906, -155.386627197, 81.0010070801, 34.5581207275, 16.522983551, 74.7387390137, -26.0908870697, 33.4066963196, -2.68128347397, 65.1047973633], [-2081.44482422, 78.1388626099, 187.304260254, -155.386627197, 298.952941895, -48.7113685608, 41.4051628113, -25.4386768341, -33.152885437, -13.2612752914, 0.51346218586, -3.18895578384, -44.113948822], [-518.308410645, -348.516326904, 32.3359107971, 81.0010070801, -48.7113685608, 187.075668335, 62.4693145752, 48.7549438477, 36.2051353455, 12.6501712799, 14.6564712524, -3.20348072052, 32.8542861938], [-541.414245605, 27.6060199738, -10.1571445465, 34.5581207275, 41.4051628113, 62.4693145752, 192.036376953, 13.7068529129, 82.151802063, -7.06484556198, 16.0613899231, -4.89420890808, 51.3245849609], [-284.996520996, -423.988098145, 15.8666963577, 16.522983551, -25.4386768341, 48.7549438477, 13.7068529129, 161.718399048, 28.8485527039, 72.8927383423, -5.12463092804, 29.3030815125, -6.70606660843], [239.896530151, 57.1820526123, -52.7884864807, 74.7387390137, -33.152885437, 36.2051353455, 82.151802063, 28.8485527039, 126.346031189, 7.81391811371, 21.5958099365, -5.90636968613, 30.9853897095], [-336.216461182, -366.288024902, 43.3164215088, -26.0908870697, -13.2612752914, 12.6501712799, -7.06484556198, 72.8927383423, 7.81391811371, 128.525650024, 4.46260976791, 31.1812114716, -29.8672657013], [-302.509429932, -14.5713005066, 29.4352989197, 33.4066963196, 0.51346218586, 14.6564712524, 16.0613899231, -5.12463092804, 21.5958099365, 4.46260976791, 65.24974823, 23.5461864471, 21.1262302399], [-471.44128418, -256.137176514, 36.2626533508, -2.68128347397, -3.18895578384, -3.20348072052, -4.89420890808, 29.3030815125, -5.90636968613, 31.1812114716, 23.5461864471, 87.2298278809, 8.67791557312], [172.169525146, 75.071762085, -28.9629325867, 65.1047973633, -44.113948822, 32.8542861938, 51.3245849609, -6.70606660843, 30.9853897095, -29.8672657013, 21.1262302399, 8.67791557312, 98.145980835]], "icov": [[0.000270061049378, -0.000711295055225, 0.0010122936219, -0.000830347125884, 0.000896542507689, -0.000375777715817, 0.000505190109834, -0.000636881450191, 0.000652484013699, -0.00111629115418, 0.0009167472017, -0.000663794286083, 0.000456581794424], [-0.000711295055225, 0.00314278807491, -0.00157668977045, 0.00251461192966, -0.00294240331277, 0.0028341661673, -0.00122157181613, 0.00315564847551, -0.00266337115318, 0.00441836006939, -0.00354948895983, 0.00439656013623, -0.00214560772292], [0.0010122936219, -0.00157668977045, 0.00836313515902, -0.00208339770325, 0.000466950965347, -0.00162071548402, 0.00308551941998, -0.00107170536648, 0.00232785660774, -0.00399156613275, 0.000883552711457, -0.000891093455721, 0.000284835201455], [-0.000830347125884, 0.00251461192966, -0.00208339770325, 0.00905092991889, -0.000705523358192, -5.77347091166e-05, -0.00112774735317, 0.00188960018568, -0.00422291085124, 0.00546087138355, -0.00567708862945, 0.00287768058479, -0.00270186015405], [0.000896542507689, -0.00294240331277, 0.000466950965347, -0.000705523358192, 0.0107494900003, -0.000101334080682, -0.00219338200986, -0.00316080404446, 0.00359708513133, -0.00196475954726, 0.00218751700595, -0.00283690169454, 0.00512671284378], [-0.000375777715817, 0.0028341661673, -0.00162071548402, -5.77347091166e-05, -0.000101334080682, 0.0116240140051, -0.00367348594591, 0.000754875130951, -0.00114236946683, 0.00392435444519, -0.00357298133895, 0.00662730401382, -0.0021746980492], [0.000505190109834, -0.00122157181613, 0.00308551941998, -0.00112774735317, -0.00219338200986, -0.00367348594591, 0.0116292051971, -0.000445669458713, -0.00480417395011, -0.00282823317684, 0.00271921954118, -0.00123915390577, -0.00398093834519], [-0.000636881450191, 0.00315564847551, -0.00107170536648, 0.00188960018568, -0.00316080404446, 0.000754875130951, -0.000445669458713, 0.0132427876815, -0.00491052120924, -0.000513202918228, -3.00882329611e-05, 0.00184047431685, -0.00216387142427], [0.000652484013699, -0.00266337115318, 0.00232785660774, -0.00422291085124, 0.00359708513133, -0.00114236946683, -0.00480417395011, -0.00491052120924, 0.0167607925832, -0.00476400973275, -0.000965760671534, -0.0010339897126, 0.00211483798921], [-0.00111629115418, 0.00441836006939, -0.00399156613275, 0.00546087138355, -0.00196475954726, 0.00392435444519, -0.00282823317684, -0.000513202918228, -0.00476400973275, 0.0195929016918, -0.00686200661585, 0.00321236927994, 0.00168488570489], [0.0009167472017, -0.00354948895983, 0.000883552711457, -0.00567708862945, 0.00218751700595, -0.00357298133895, 0.00271921954118, -3.00882329611e-05, -0.000965760671534, -0.00686200661585, 0.0261842962354, -0.0105189979076, -0.000600817031227], [-0.000663794286083, 0.00439656013623, -0.000891093455721, 0.00287768058479, -0.00283690169454, 0.00662730401382, -0.00123915390577, 0.00184047431685, -0.0010339897126, 0.00321236927994, -0.0105189979076, 0.0228696931154, -0.00554402684793], [0.000456581794424, -0.00214560772292, 0.000284835201455, -0.00270186015405, 0.00512671284378, -0.0021746980492, -0.00398093834519, -0.00216387142427, 0.00211483798921, 0.00168488570489, -0.000600817031227, -0.00554402684793, 0.0183362867683]]}, "melbands": {"dmean": [0.000126529630506, 0.000607124413364, 0.000311536510708, 0.000279657251667, 0.000245455099503, 0.000204663680051, 0.000278659892501, 0.000107331041363, 9.40849713515e-05, 9.93903086055e-05, 4.16967304773e-05, 4.29024912592e-05, 1.83281190402e-05, 1.14982549348e-05, 1.26379436551e-05, 1.78774062078e-05, 7.55160681365e-06, 2.09134268516e-05, 1.14821486932e-05, 1.2952283214e-05, 4.69152109872e-06, 5.03336741531e-06, 6.35219339529e-06, 1.88805177004e-06, 1.80894915047e-06, 2.0524851152e-06, 1.1296917819e-06, 1.49288109696e-06, 1.37995516525e-06, 1.43801617014e-06, 4.87715226427e-07, 4.0703423565e-07, 5.1088568398e-07, 3.43711150208e-07, 3.40308304203e-07, 1.70298406488e-07, 1.69275040207e-07, 9.56754107051e-08, 4.74465196021e-08, 4.39698872867e-08], "dmean2": [0.000215714579099, 0.00108765880577, 0.000517408363521, 0.00043343383004, 0.000365259009413, 0.000310205650749, 0.000318057107506, 0.000171376974322, 0.000129720661789, 0.000143257973832, 6.55981202726e-05, 6.19233469479e-05, 2.84158850263e-05, 1.81303439604e-05, 2.01261154871e-05, 2.67158466158e-05, 1.2645867173e-05, 3.56864147761e-05, 1.83021529665e-05, 2.03339750442e-05, 7.45570378058e-06, 8.03042348707e-06, 9.83131576504e-06, 2.97121096082e-06, 2.72799002232e-06, 3.30966418005e-06, 1.80344670753e-06, 2.22899097935e-06, 1.97429130822e-06, 2.07494554161e-06, 7.07971821612e-07, 5.57006444524e-07, 7.4267512673e-07, 5.18891056345e-07, 5.51191646991e-07, 2.92640919497e-07, 2.80059509805e-07, 1.58195859967e-07, 7.26017930219e-08, 7.02255036344e-08], "dvar": [4.91495590893e-08, 8.05042759566e-07, 1.32746961867e-07, 4.90797162911e-07, 2.85844379277e-07, 1.27736186073e-07, 5.60889191092e-07, 4.69247503077e-08, 3.79973563724e-08, 7.20299055956e-08, 2.34899584228e-08, 1.93419342764e-08, 1.14676590446e-09, 7.90948251339e-10, 9.40016620099e-10, 3.04415381791e-09, 2.95570901088e-10, 2.96483526618e-09, 6.91044332868e-10, 8.77299843882e-10, 1.10897124816e-10, 1.20264506687e-10, 2.40898995196e-10, 2.38954168952e-11, 1.92942398169e-11, 3.23831517157e-11, 1.16886673951e-11, 3.00010155607e-11, 5.0607983082e-11, 4.64848472215e-11, 1.65503429104e-12, 1.26920045654e-12, 3.39570776012e-12, 1.33491286601e-12, 1.67335654881e-12, 8.23346870283e-13, 1.2072861157e-12, 4.1863723859e-13, 3.60852908427e-14, 9.05025430683e-14], "dvar2": [1.33642643618e-07, 2.52267841461e-06, 3.73694092559e-07, 1.28735791805e-06, 5.99431984938e-07, 3.10278181814e-07, 7.37470941203e-07, 1.23152020137e-07, 6.86985544007e-08, 1.50098742324e-07, 5.34764161841e-08, 3.58544589574e-08, 2.57598653519e-09, 1.81583803549e-09, 2.16594964186e-09, 6.52566845005e-09, 8.3345713664e-10, 8.534765783e-09, 1.67115488114e-09, 2.0125419109e-09, 2.75225731095e-10, 2.84598650202e-10, 5.72905334284e-10, 5.83174133983e-11, 4.47229371592e-11, 8.1783274597e-11, 2.94467748796e-11, 6.61345214703e-11, 1.07247502545e-10, 9.70857838567e-11, 3.35178629643e-12, 2.45285996375e-12, 7.376476166e-12, 3.15189237557e-12, 4.28841424177e-12, 2.26301919912e-12, 3.09167426903e-12, 1.1369803753e-12, 8.40421685694e-14, 2.33667740105e-13], "max": [0.00301313842647, 0.0116731394082, 0.00765951396897, 0.0174371022731, 0.00986610818654, 0.00774374511093, 0.0152413221076, 0.00278889411129, 0.00318073946983, 0.00802815146744, 0.00465971231461, 0.00479598436505, 0.000563675537705, 0.000633773219306, 0.00077168882126, 0.00103543547448, 0.000455997593235, 0.00119787966833, 0.00065612985054, 0.000773649313487, 0.000205868476769, 0.000253069563769, 0.000299450679449, 0.000113735608466, 6.36213444523e-05, 9.44248240557e-05, 6.44601750537e-05, 0.000153675908223, 0.000221996073378, 0.000228686418268, 2.11757433135e-05, 2.29789820878e-05, 3.64021980204e-05, 2.38357170019e-05, 2.65950293397e-05, 2.08606015804e-05, 2.58489453699e-05, 2.02002302103e-05, 3.29237127517e-06, 6.94313848726e-06], "mean": [0.000181236959179, 0.00135041226167, 0.000900175713468, 0.000859311956447, 0.000904676504433, 0.00059397140285, 0.000730108062271, 0.000223037583055, 0.00022439660097, 0.000265738228336, 0.000122877696413, 0.000138139061164, 5.28297205165e-05, 2.67602536042e-05, 2.21774480451e-05, 3.62735736417e-05, 1.47080863826e-05, 3.57238168363e-05, 2.25603362196e-05, 2.55592603935e-05, 1.08004214781e-05, 1.14308659249e-05, 1.36941789606e-05, 3.85685552828e-06, 3.86703095501e-06, 3.85295970773e-06, 1.91160461327e-06, 2.62938260676e-06, 2.1234632186e-06, 2.02323030862e-06, 8.81046446466e-07, 6.98268479482e-07, 7.27075644136e-07, 4.73584236715e-07, 3.89572733184e-07, 1.68101408349e-07, 1.56658416017e-07, 9.47118152794e-08, 5.66955513648e-08, 4.57177371516e-08], "median": [9.60152392508e-05, 0.000584846886341, 0.000734447035939, 0.000395324255805, 0.000352667586412, 0.000258750398643, 0.000119958793221, 0.000112870868179, 7.85380543675e-05, 7.29915627744e-05, 3.59276309609e-05, 2.9242321034e-05, 2.73730111076e-05, 1.11435510917e-05, 8.88727572601e-06, 8.02291833679e-06, 6.81774554323e-06, 8.8897832029e-06, 7.05986803951e-06, 9.58892360359e-06, 4.90409820486e-06, 4.2767846935e-06, 2.90751722787e-06, 1.20180743579e-06, 1.16577348308e-06, 9.35440482408e-07, 5.4636529967e-07, 5.84653662372e-07, 4.96930397276e-07, 4.15029603573e-07, 2.5472724019e-07, 1.90349226159e-07, 1.37190738769e-07, 7.07530602995e-08, 4.71329428819e-08, 1.62294035988e-08, 1.11017399718e-08, 7.38481631402e-09, 4.60829063798e-09, 2.62248067706e-09], "min": [4.06499787802e-24, 1.91228434678e-23, 8.67027554598e-24, 1.11205327379e-23, 1.10157593879e-23, 1.03712134855e-23, 5.14070754104e-24, 1.11648872311e-23, 1.66964430074e-23, 5.70249996229e-24, 4.94228417426e-24, 9.72060518709e-24, 1.27835162127e-23, 4.8399436713e-24, 1.12324318684e-23, 1.00227184034e-23, 1.29108659729e-23, 9.29418721364e-24, 6.06391224728e-24, 4.68611973909e-24, 9.28388469021e-24, 1.20464700583e-23, 9.20646193667e-24, 8.99671881033e-24, 8.43436826999e-24, 7.3940484849e-24, 6.32666012114e-24, 1.34518281275e-23, 1.80997082286e-23, 1.40247620257e-23, 1.07285911414e-23, 1.35807800642e-23, 1.50944384806e-23, 1.20378840962e-23, 1.22572576365e-23, 1.40938331089e-23, 1.12699587705e-23, 1.13460341496e-23, 1.40780022482e-23, 1.52964484035e-23], "var": [6.46424709316e-08, 2.61564878201e-06, 5.62515594993e-07, 2.23524261855e-06, 1.74052377133e-06, 7.04570368271e-07, 3.13252485284e-06, 9.07605155476e-08, 1.31140154735e-07, 3.16614688245e-07, 1.46178877003e-07, 1.72969393475e-07, 4.89657070446e-09, 2.05983341495e-09, 1.83775739071e-09, 8.98050966924e-09, 5.85292203592e-10, 6.44861763988e-09, 1.90352777985e-09, 2.29630425785e-09, 3.09671205345e-10, 3.7256051022e-10, 6.43767428254e-10, 5.53271421733e-11, 5.26619269026e-11, 6.98240285035e-11, 1.75451684431e-11, 4.93164190041e-11, 6.761000787e-11, 6.3384783533e-11, 2.99211653718e-12, 2.51640808885e-12, 4.32700836966e-12, 1.64855217151e-12, 1.62564113646e-12, 6.19882400618e-13, 9.89744636075e-13, 2.92503326248e-13, 3.94878594612e-14, 7.35369813545e-14]}, "mfcc": {"mean": [-722.255737305, 169.254608154, -12.8019580841, 27.7214355469, -2.7981133461, 3.88611149788, -12.6861143112, -2.66949129105, -0.125266283751, -2.91519021988, -7.28012752533, -6.35213136673, -4.39155673981], "cov": [[16389.390625, 2233.16625977, -744.068237305, 899.465148926, -824.23449707, 172.065292358, -554.426452637, 124.013542175, 226.99772644, 129.478225708, -66.5651473999, 122.536315918, 99.8525848389], [2233.16625977, 2496.91894531, -227.753753662, 283.269500732, 94.2588348389, 85.8554077148, 9.45051860809, -10.9101305008, 43.5133094788, -52.2782020569, -33.1268043518, -83.6359558105, -42.0378646851], [-744.068237305, -227.753753662, 292.144836426, -64.8525085449, 74.0495605469, 17.4545383453, 13.1516933441, -2.36752152443, -27.3041114807, -8.53552055359, 0.112962901592, -13.5465631485, -24.9450550079], [899.465148926, 283.269500732, -64.8525085449, 181.344497681, -55.2039985657, 25.6426620483, -35.7241363525, 12.1256761551, 16.4132423401, -22.8438987732, -1.88445055485, 20.4592609406, 8.66436386108], [-824.23449707, 94.2588348389, 74.0495605469, -55.2039985657, 195.749145508, -40.1563720703, 42.6852073669, -22.0031890869, -41.9462280273, -29.3504219055, -2.57753944397, -13.168674469, -19.7298908234], [172.065292358, 85.8554077148, 17.4545383453, 25.6426620483, -40.1563720703, 136.188949585, 11.6449451447, 33.6293258667, 14.9837589264, 18.2445755005, 5.21406984329, -22.7252616882, -2.52342176437], [-554.426452637, 9.45051860809, 13.1516933441, -35.7241363525, 42.6852073669, 11.6449451447, 99.7129974365, 2.71812176704, 9.47213172913, 1.72543048859, -4.24177026749, -7.60956287384, -10.8377122879], [124.013542175, -10.9101305008, -2.36752152443, 12.1256761551, -22.0031890869, 33.6293258667, 2.71812176704, 96.2607574463, 28.939250946, 15.516163826, 7.74406480789, 6.99651527405, -8.54062271118], [226.99772644, 43.5133094788, -27.3041114807, 16.4132423401, -41.9462280273, 14.9837589264, 9.47213172913, 28.939250946, 108.649497986, 41.3720474243, 14.2957029343, 23.5756874084, 3.17785358429], [129.478225708, -52.2782020569, -8.53552055359, -22.8438987732, -29.3504219055, 18.2445755005, 1.72543048859, 15.516163826, 41.3720474243, 119.04825592, 12.2121744156, 10.484128952, -8.77832126617], [-66.5651473999, -33.1268043518, 0.112962901592, -1.88445055485, -2.57753944397, 5.21406984329, -4.24177026749, 7.74406480789, 14.2957029343, 12.2121744156, 75.4797897339, 18.2522602081, 16.4575233459], [122.536315918, -83.6359558105, -13.5465631485, 20.4592609406, -13.168674469, -22.7252616882, -7.60956287384, 6.99651527405, 23.5756874084, 10.484128952, 18.2522602081, 90.9448547363, 19.061914444], [99.8525848389, -42.0378646851, -24.9450550079, 8.66436386108, -19.7298908234, -2.52342176437, -10.8377122879, -8.54062271118, 3.17785358429, -8.77832126617, 16.4575233459, 19.061914444, 80.9092025757]], "icov": [[0.000129146239487, -0.000101456753328, 6.58204662614e-05, -0.000259421707597, 0.000355244439561, 1.83841802937e-05, 0.000470530503662, -6.68954744469e-05, -1.30047101266e-06, -0.000154452980496, 0.000167670252267, -0.000104230333818, -4.71124985779e-05], [-0.000101456753328, 0.00075303693302, 0.000499934831169, -0.000925035914406, -0.00123734609224, -0.000477009394672, -0.000313348660711, 0.000344356551068, -0.000549403019249, 0.000170706116478, -3.40349542967e-05, 0.000827513460536, 0.00029949308373], [6.58204662614e-05, 0.000499934831169, 0.00477898772806, 0.000440620904556, -0.00207669707015, -0.00188998249359, 0.00109006860293, 0.000261492328718, -0.000114519629278, 0.000430601590779, 5.66632588743e-05, -1.25924925669e-05, 0.00125566148199], [-0.000259421707597, -0.000925035914406, 0.000440620904556, 0.0101238051429, 0.00159544905182, -0.00150251330342, 0.00149580091238, -0.000345484993886, -0.000159212519065, 0.00284394156188, 0.000124766345834, -0.00310499547049, 0.000418297742726], [0.000355244439561, -0.00123734609224, -0.00207669707015, 0.00159544905182, 0.0101561825722, 0.00301772309467, -0.0020627216436, -0.000273815181572, 0.00282227643766, 0.000563756213523, -0.000667732965667, -0.00102092919406, 0.000699765165336], [1.83841802937e-05, -0.000477009394672, -0.00188998249359, -0.00150251330342, 0.00301772309467, 0.0107052158564, -0.0025586951524, -0.00310850515962, 0.000746857316699, -0.0016059250338, -0.00111313269008, 0.00315763708204, -0.00101451179944], [0.000470530503662, -0.000313348660711, 0.00109006860293, 0.00149580091238, -0.0020627216436, -0.0025586951524, 0.0146094346419, -4.31718071923e-05, -0.00273028435186, 0.000277033745078, 0.00170829263516, -0.000630787573755, 0.000740382354707], [-6.68954744469e-05, 0.000344356551068, 0.000261492328718, -0.000345484993886, -0.000273815181572, -0.00310850515962, -4.31718071923e-05, 0.0126971704885, -0.00278816511855, 0.00020278635202, -0.000760171620641, -0.000848078052513, 0.00203581945971], [-1.30047101266e-06, -0.000549403019249, -0.000114519629278, -0.000159212519065, 0.00282227643766, 0.000746857316699, -0.00273028435186, -0.00278816511855, 0.0135412467644, -0.00364866480231, -0.00133761297911, -0.00266635161825, -0.000278085150057], [-0.000154452980496, 0.000170706116478, 0.000430601590779, 0.00284394156188, 0.000563756213523, -0.0016059250338, 0.000277033745078, 0.00020278635202, -0.00364866480231, 0.0112140849233, -0.0011895642383, -0.00107265484985, 0.00210808822885], [0.000167670252267, -3.40349542967e-05, 5.66632588743e-05, 0.000124766345834, -0.000667732965667, -0.00111313269008, 0.00170829263516, -0.000760171620641, -0.00133761297911, -0.0011895642383, 0.0152736613527, -0.00242793560028, -0.00288075208664], [-0.000104230333818, 0.000827513460536, -1.25924925669e-05, -0.00310499547049, -0.00102092919406, 0.00315763708204, -0.000630787573755, -0.000848078052513, -0.00266635161825, -0.00107265484985, -0.00242793560028, 0.0150749478489, -0.00250667799264], [-4.71124985779e-05, 0.00029949308373, 0.00125566148199, 0.000418297742726, 0.000699765165336, -0.00101451179944, 0.000740382354707, 0.00203581945971, -0.000278085150057, 0.00210808822885, -0.00288075208664, -0.00250667799264, 0.0147848622873]]}, "spectral_contrast_coeffs": {"dmean": [0.041209988296, 0.0399183779955, 0.0318371355534, 0.0271732266992, 0.0205270908773, 0.0158005449921], "dmean2": [0.0687852501869, 0.0642869472504, 0.0520309619606, 0.0444791056216, 0.0331018567085, 0.0243813525885], "dvar": [0.00109709065873, 0.00116398499813, 0.000750789011363, 0.000536804436706, 0.000479581940453, 0.000340204860549], "dvar2": [0.00299163651653, 0.0030749135185, 0.00193098618183, 0.00139632204082, 0.00112101435661, 0.000760043214541], "max": [-0.326528668404, -0.371286034584, -0.473530113697, -0.510619819164, -0.560959458351, -0.590863287449], "mean": [-0.582795381546, -0.679302930832, -0.72191542387, -0.748864710331, -0.747243642807, -0.724880278111], "median": [-0.576394915581, -0.674220740795, -0.720912218094, -0.746079325676, -0.743418455124, -0.710086047649], "min": [-0.957887768745, -0.967984139919, -0.971699178219, -0.962955355644, -0.954410016537, -0.95909756422], "var": [0.00810498837382, 0.00839731283486, 0.00797305349261, 0.00551727972925, 0.00547626335174, 0.00464190356433]}, "spectral_contrast_valleys": {"dmean": [0.398469567299, 0.329414695501, 0.281351178885, 0.232503503561, 0.209646433592, 0.274738699198], "dmean2": [0.667222201824, 0.529460549355, 0.46298661828, 0.38812828064, 0.345522552729, 0.418047010899], "dvar": [0.131811514497, 0.108461730182, 0.0893394872546, 0.07212445