{"lowlevel": {"average_loudness": 0.51461905241, "barkbands_crest": {"dmean": 1.55076658726, "dmean2": 2.32991194725, "dvar": 2.22167253494, "dvar2": 4.97343397141, "max": 26.2166900635, "mean": 10.1016588211, "median": 9.5103635788, "min": 3.24557542801, "var": 14.2681255341}, "barkbands_flatness_db": {"dmean": 0.0165452565998, "dmean2": 0.0234752278775, "dvar": 0.000322902254993, "dvar2": 0.000688716012519, "max": 0.440785199404, "mean": 0.203876256943, "median": 0.20356528461, "min": 0.0457539483905, "var": 0.00365161849186}, "barkbands_kurtosis": {"dmean": 0.876180648804, "dmean2": 1.34075427055, "dvar": 3.91508197784, "dvar2": 9.48156070709, "max": 77.1909866333, "mean": 1.02775835991, "median": 0.1148853302, "min": -1.65639567375, "var": 15.2319078445}, "barkbands_skewness": {"dmean": 0.283450782299, "dmean2": 0.414837598801, "dvar": 0.114019781351, "dvar2": 0.237578809261, "max": 7.45270204544, "mean": 0.612079262733, "median": 0.523280143738, "min": -2.47656536102, "var": 0.655198514462}, "barkbands_spread": {"dmean": 2.03115415573, "dmean2": 3.0649023056, "dvar": 7.74729251862, "dvar2": 16.7482070923, "max": 100.756942749, "mean": 12.8238601685, "median": 11.2054824829, "min": 0.433202177286, "var": 48.0080528259}, "dissonance": {"dmean": 0.0276211109012, "dmean2": 0.0469081439078, "dvar": 0.000706206192262, "dvar2": 0.00195661000907, "max": 0.500000059605, "mean": 0.432365298271, "median": 0.439123719931, "min": 0.189483582973, "var": 0.00178568274714}, "dynamic_complexity": 4.44730091095, "erbbands_crest": {"dmean": 1.90352118015, "dmean2": 2.8730635643, "dvar": 3.28954410553, "dvar2": 7.45223855972, "max": 31.8604793549, "mean": 12.1811790466, "median": 11.6340465546, "min": 2.69083189964, "var": 21.8213348389}, "erbbands_flatness_db": {"dmean": 0.0163451228291, "dmean2": 0.0233212355524, "dvar": 0.000347302528098, "dvar2": 0.000706275808625, "max": 0.488963991404, "mean": 0.269843816757, "median": 0.271783798933, "min": 0.0495528131723, "var": 0.00438946159557}, "erbbands_kurtosis": {"dmean": 0.584425389767, "dmean2": 0.877509057522, "dvar": 1.08583438396, "dvar2": 2.47317194939, "max": 46.5801734924, "mean": 0.380600631237, "median": -0.207000017166, "min": -1.72425234318, "var": 8.06094741821}, "erbbands_skewness": {"dmean": 0.237054422498, "dmean2": 0.349227547646, "dvar": 0.0640371516347, "dvar2": 0.137765780091, "max": 4.79771566391, "mean": 0.133805781603, "median": 0.0543291158974, "min": -1.89924013615, "var": 0.37145742774}, "erbbands_spread": {"dmean": 2.48109054565, "dmean2": 3.74462819099, "dvar": 11.7509622574, "dvar2": 27.3833942413, "max": 137.643676758, "mean": 18.4071235657, "median": 14.4704933167, "min": 0.879593610764, "var": 95.8050384521}, "hfc": {"dmean": 3.11492013931, "dmean2": 3.98990678787, "dvar": 19.0073642731, "dvar2": 29.0471191406, "max": 108.187736511, "mean": 19.0263462067, "median": 12.8280544281, "min": 1.21993073195e-16, "var": 295.386444092}, "melbands_crest": {"dmean": 2.13060617447, "dmean2": 3.24069166183, "dvar": 4.34267854691, "dvar2": 10.1090641022, "max": 37.3935852051, "mean": 13.3144464493, "median": 12.6760053635, "min": 2.05665135384, "var": 20.9524841309}, "melbands_flatness_db": {"dmean": 0.0151944756508, "dmean2": 0.022075785324, "dvar": 0.000354662013706, "dvar2": 0.000738574366551, "max": 0.479286819696, "mean": 0.25650164485, "median": 0.259605586529, "min": 0.00736697344109, "var": 0.00315808830783}, "melbands_kurtosis": {"dmean": 1.48858726025, "dmean2": 2.25059556961, "dvar": 42.6795692444, "dvar2": 90.918296814, "max": 338.459869385, "mean": 2.60624051094, "median": 0.87430524826, "min": -1.46129059792, "var": 49.4481201172}, "melbands_skewness": {"dmean": 0.314994871616, "dmean2": 0.463595509529, "dvar": 0.176440805197, "dvar2": 0.350237250328, "max": 14.6787481308, "mean": 1.04392206669, "median": 0.865154504776, "min": -2.0906457901, "var": 0.926165401936}, "melbands_spread": {"dmean": 3.1843752861, "dmean2": 4.7886800766, "dvar": 24.9114494324, "dvar2": 43.7556495667, "max": 178.913391113, "mean": 19.3260879517, "median": 17.4316234589, "min": 1.15427851677, "var": 163.016067505}, "pitch_salience": {"dmean": 0.0437365621328, "dmean2": 0.0678901821375, "dvar": 0.00190942338668, "dvar2": 0.00477825943381, "max": 0.922330081463, "mean": 0.542942106724, "median": 0.544848918915, "min": 0.118912614882, "var": 0.00934436358511}, "silence_rate_20dB": {"dmean": 0, "dmean2": 0, "dvar": 0, "dvar2": 0, "max": 1, "mean": 1, "median": 1, "min": 1, "var": 0}, "silence_rate_30dB": {"dmean": 0.00119808304589, "dmean2": 0.00239664479159, "dvar": 0.00119664415251, "dvar2": 0.00239088502713, "max": 1, "mean": 0.998402893543, "median": 1, "min": 0, "var": 0.0015944566112}, "silence_rate_60dB": {"dmean": 0.00918530393392, "dmean2": 0.0183742754161, "dvar": 0.0091004986316, "dvar2": 0.0192336048931, "max": 1, "mean": 0.097424633801, "median": 0, "min": 0, "var": 0.087932176888}, "spectral_centroid": {"dmean": 101.533355713, "dmean2": 150.033508301, "dvar": 42093.3867188, "dvar2": 71231.3125, "max": 11301.7519531, "mean": 1069.63061523, "median": 1007.06799316, "min": 365.384887695, "var": 148231.921875}, "spectral_complexity": {"dmean": 1.65335464478, "dmean2": 2.69143199921, "dvar": 2.40574574471, "dvar2": 5.63236999512, "max": 32, "mean": 13.2066278458, "median": 14, "min": 0, "var": 23.0803222656}, "spectral_decrease": {"dmean": 8.66106575348e-10, "dmean2": 1.15115894594e-09, "dvar": 1.26426202105e-18, "dvar2": 1.96981689146e-18, "max": 2.29444888594e-18, "mean": -5.42709566176e-09, "median": -4.09749389974e-09, "min": -2.89045338775e-08, "var": 1.90425960191e-17}, "spectral_energy": {"dmean": 0.00352510483935, "dmean2": 0.0046644047834, "dvar": 2.11842088902e-05, "dvar2": 3.27331144945e-05, "max": 0.118905134499, "mean": 0.0222088117152, "median": 0.0165720768273, "min": 1.08268749492e-20, "var": 0.00032363331411}, "spectral_energyband_high": {"dmean": 1.97565914277e-05, "dmean2": 2.99688817904e-05, "dvar": 1.83802628673e-09, "dvar2": 4.2098249331e-09, "max": 0.00092541181948, "mean": 5.36178777111e-05, "median": 3.43587526004e-05, "min": 8.12125036832e-21, "var": 4.51584591943e-09}, "spectral_energyband_low": {"dmean": 0.000619592086878, "dmean2": 0.00107303366531, "dvar": 1.10969563138e-06, "dvar2": 2.98263307741e-06, "max": 0.0158137120306, "mean": 0.00146500125993, "median": 0.000645081163384, "min": 3.99433913342e-23, "var": 3.3720623378e-06}, "spectral_energyband_middle_high": {"dmean": 0.00189077737741, "dmean2": 0.00247755064629, "dvar": 6.94158370607e-06, "dvar2": 1.12345942398e-05, "max": 0.0540812984109, "mean": 0.00969917699695, "median": 0.0059766555205, "min": 1.58615557918e-21, "var": 8.73838434927e-05}, "spectral_energyband_middle_low": {"dmean": 0.00223339698277, "dmean2": 0.00292100454681, "dvar": 9.36904416449e-06, "dvar2": 1.5018805243e-05, "max": 0.088061876595, "mean": 0.0111149735749, "median": 0.00788407679647, "min": 1.34999458028e-22, "var": 0.000110342189146}, "spectral_entropy": {"dmean": 0.122161671519, "dmean2": 0.180356740952, "dvar": 0.0253091808408, "dvar2": 0.0606806240976, "max": 9.80142116547, "mean": 6.67926025391, "median": 6.66522169113, "min": 5.00017690659, "var": 0.202662602067}, "spectral_flux": {"dmean": 0.0126230139285, "dmean2": 0.0197077579796, "dvar": 0.000279667117866, "dvar2": 0.000631682982203, "max": 0.243491962552, "mean": 0.0408304482698, "median": 0.0369914099574, "min": 1.04052273742e-10, "var": 0.000569694384467}, "spectral_kurtosis": {"dmean": 6.18615007401, "dmean2": 11.0584964752, "dvar": 38.6720123291, "dvar2": 119.522171021, "max": 82.9815063477, "mean": 14.1678543091, "median": 11.3608207703, "min": -1.18369054794, "var": 89.8607635498}, "spectral_rms": {"dmean": 0.000370759342331, "dmean2": 0.000501410861034, "dvar": 1.88661189782e-07, "dvar2": 3.12552742798e-07, "max": 0.0107705621049, "mean": 0.00422066403553, "median": 0.00402093026787, "min": 3.25004693297e-12, "var": 3.85314660889e-06}, "spectral_rolloff": {"dmean": 179.551742554, "dmean2": 303.554534912, "dvar": 288963.5625, "dvar2": 421116.5, "max": 19681.3476562, "mean": 1411.2076416, "median": 1313.52539062, "min": 43.06640625, "var": 1576277.375}, "spectral_skewness": {"dmean": 0.483977109194, "dmean2": 0.858364582062, "dvar": 0.200840875506, "dvar2": 0.621498525143, "max": 7.1048822403, "mean": 2.39614534378, "median": 2.25981640816, "min": -0.0130757829174, "var": 0.635235667229}, "spectral_spread": {"dmean": 268489.46875, "dmean2": 428253.6875, "dvar": 301025755136, "dvar2": 434216828928, "max": 40868464, "mean": 2358655.75, "median": 2223705.75, "min": 913518.4375, "var": 967631634432}, "spectral_strongpeak": {"dmean": 0.543744146824, "dmean2": 0.864907205105, "dvar": 0.634406328201, "dvar2": 1.42186522484, "max": 9.08122062683, "mean": 2.07391142845, "median": 1.55480182171, "min": 0, "var": 3.02239489555}, "zerocrossingrate": {"dmean": 0.0042366781272, "dmean2": 0.00515986606479, "dvar": 0.000129713705974, "dvar2": 0.000139893309097, "max": 0.51123046875, "mean": 0.0449328906834, "median": 0.04052734375, "min": 0.0126953125, "var": 0.00110208906699}, "barkbands": {"dmean": [2.36323048739e-05, 0.000340509781381, 0.000320403254591, 7.65749573475e-05, 0.000377636752091, 0.000420224969275, 0.000626887776889, 0.00121326535009, 0.000487004639581, 0.000312681106152, 0.000613910320681, 0.000651878130157, 0.000446223944891, 0.000271936005447, 0.000334684795234, 0.000120094555314, 0.000146646809299, 5.50281547476e-05, 4.23081874033e-05, 1.29113886942e-05, 8.37234983919e-06, 3.31514024765e-06, 1.73612102117e-06, 1.6588935523e-06, 1.45547119246e-06, 1.07216101242e-06, 2.50707955729e-07], "dmean2": [3.78445329261e-05, 0.000609870243352, 0.000547934439965, 0.000122100507724, 0.000561889843084, 0.000671099172905, 0.000814010563772, 0.0014860763913, 0.000573530443944, 0.000444440287538, 0.000815250794403, 0.000846411683597, 0.000615112483501, 0.000363117404049, 0.000502134964336, 0.000187689787708, 0.000234527818975, 8.81174055394e-05, 6.55618132441e-05, 2.03904710361e-05, 1.27945932036e-05, 5.02878856423e-06, 2.50875882557e-06, 2.50148877967e-06, 2.19204662244e-06, 1.73186674601e-06, 4.2730218297e-07], "dvar": [2.01620053986e-09, 5.32928140728e-07, 2.57448903085e-07, 1.57479789209e-08, 3.0296780551e-07, 6.3877695311e-07, 8.03564660146e-07, 6.43773137199e-06, 4.32306387665e-06, 7.65485992815e-07, 1.79986341209e-06, 2.40442250288e-06, 1.29810644012e-06, 3.10533550874e-07, 4.1405741058e-07, 6.96972506375e-08, 8.94710154853e-08, 1.89209963253e-08, 1.73684906457e-08, 8.60129745206e-10, 5.33633193189e-10, 8.22183154892e-11, 2.40071955371e-11, 3.14458042938e-11, 3.87742268848e-11, 2.31847943621e-11, 1.52804158216e-12], "dvar2": [4.85742557288e-09, 1.4649070863e-06, 7.40267637411e-07, 4.00096098474e-08, 6.99551151229e-07, 1.89133220374e-06, 1.58183979693e-06, 8.70137409947e-06, 5.13882150699e-06, 1.42217947996e-06, 2.77713297692e-06, 4.0120075937e-06, 2.1831738195e-06, 4.48135097031e-07, 8.01965086339e-07, 1.36076664603e-07, 1.8421957293e-07, 3.9835267529e-08, 3.46069022328e-08, 1.36879751977e-09, 1.35942679336e-09, 1.87368828786e-10, 4.61216967396e-11, 7.28372917536e-11, 8.3489021252e-11, 5.95311439033e-11, 4.12449111323e-12], "max": [0.000611677882262, 0.0129935955629, 0.00616416614503, 0.00214351294562, 0.0102977184579, 0.015756148845, 0.0173313096166, 0.0441675111651, 0.0771049484611, 0.0210520252585, 0.0291892439127, 0.0374724268913, 0.0361872203648, 0.0127243231982, 0.016941068694, 0.00901454593986, 0.00751784397289, 0.00521010160446, 0.00386402010918, 0.00140595179982, 0.000850191456266, 0.000212445127545, 0.000110765715363, 0.000118785035738, 0.000161765652592, 9.84776925179e-05, 3.38066529366e-05], "mean": [2.35719198827e-05, 0.000670915236697, 0.000700896431226, 0.000154145411216, 0.00130130175967, 0.00112989835907, 0.00227448181249, 0.00421688519418, 0.00192035164218, 0.000920011254493, 0.00220734812319, 0.00242247618735, 0.00141490274109, 0.000940600468311, 0.00100559042767, 0.000269176118309, 0.000368270470062, 0.000114491595014, 8.70863223099e-05, 2.94656292681e-05, 1.99390706257e-05, 7.76198339736e-06, 3.65122286894e-06, 2.4211985874e-06, 1.88597039141e-06, 1.12929376428e-06, 2.11936708183e-07], "median": [4.26747010351e-06, 0.000157365255291, 0.000244174065301, 7.84855074016e-05, 0.000917539582588, 0.000563413021155, 0.00146938441321, 0.000796836917289, 7.85439406172e-05, 0.000167680947925, 0.000232681370107, 0.000376005278667, 0.00017057156947, 0.0001358546142, 0.000268629461061, 9.76743758656e-05, 0.000176545145223, 5.93531185586e-05, 3.64429797628e-05, 1.92604802578e-05, 1.18438219943e-05, 3.46623892256e-06, 1.54499048222e-06, 7.49020671265e-07, 4.49895793508e-07, 2.07808426467e-07, 2.0457338934e-08], "min": [5.0343493695e-24, 1.26025949083e-23, 2.09252233977e-23, 5.75890785575e-24, 1.79159146818e-23, 2.09875418315e-23, 2.36448403011e-23, 2.18510179343e-23, 3.46347203181e-23, 7.69429052315e-23, 4.44922599254e-23, 8.30226499171e-23, 1.73594622967e-22, 1.93750120069e-22, 1.43657818619e-22, 1.23627504276e-22, 1.18164737171e-22, 1.91740746193e-22, 3.47807940075e-22, 2.48060403981e-22, 4.02549434291e-22, 6.76348135555e-22, 5.93477300342e-22, 9.61766593871e-22, 1.26753503821e-21, 1.63558779969e-21, 2.53914741445e-21], "var": [2.31780084015e-09, 9.9860062619e-07, 8.80048787621e-07, 4.55912712027e-08, 1.78014329322e-06, 2.31136345974e-06, 6.11981022303e-06, 5.18448214279e-05, 6.24738677288e-05, 5.64282436244e-06, 1.88169651665e-05, 2.5037161322e-05, 1.22814599308e-05, 3.07778077513e-06, 3.2151360756e-06, 2.53410178175e-07, 3.06377899051e-07, 4.38659668589e-08, 4.53223378827e-08, 2.82612311331e-09, 8.81900164007e-10, 1.98068936252e-10, 5.95653110169e-11, 3.92714229192e-11, 4.70076408354e-11, 2.04946771359e-11, 1.10798805027e-12]}, "erbbands": {"dmean": [0.00388306123205, 0.0971640795469, 0.381324708462, 0.23904556036, 0.458616316319, 1.40245103836, 2.27077746391, 3.90323138237, 8.37806034088, 16.0703392029, 24.3478851318, 13.6921005249, 5.01937150955, 14.0723981857, 25.5990848541, 31.580745697, 20.2730522156, 15.5401906967, 17.5785236359, 10.6945819855, 7.19534349442, 5.81223106384, 3.00487160683, 2.27893400192, 1.67928421497, 0.720066130161, 0.471141040325, 0.191868022084, 0.126229897141, 0.0690505951643, 0.0468886308372, 0.0373571068048, 0.026093294844, 0.0173010081053, 0.00994319561869, 0.00398950930685, 0.00238393479958, 0.000374595401809, 4.41264674009e-05, 6.17803561909e-06], "dmean2": [0.00669126864523, 0.173926964402, 0.655446410179, 0.390521407127, 0.648409187794, 2.08801960945, 3.40800142288, 6.30562496185, 11.2815237045, 21.4133720398, 29.1450443268, 15.35409832, 7.38512420654, 19.3753471375, 33.0211143494, 40.5105628967, 27.1304149628, 21.0276508331, 25.330165863, 16.9668292999, 11.363817215, 9.23675823212, 4.80054569244, 3.59215641022, 2.60556530952, 1.13297200203, 0.723928034306, 0.288561493158, 0.19067285955, 0.0990767553449, 0.0699467360973, 0.0563663579524, 0.0391737297177, 0.0258622523397, 0.0152104562148, 0.00629677157849, 0.00388083280995, 0.000622697174549, 7.4028801464e-05, 9.03867658053e-06], "dvar": [7.34229761292e-05, 0.0411561615765, 0.384625554085, 0.10504000634, 0.589531958103, 4.54487514496, 16.0721549988, 59.6131362915, 191.546707153, 936.532043457, 3261.00366211, 3071.62353516, 175.046340942, 991.196655273, 2705.03051758, 5443.26318359, 2925.32324219, 960.238220215, 1527.6652832, 402.498382568, 139.693771362, 137.394699097, 45.7096252441, 41.1164932251, 40.2980613708, 3.3509786129, 1.75505983829, 0.226466223598, 0.118439257145, 0.0338034778833, 0.0200037956238, 0.0187179874629, 0.0078207347542, 0.00490875123069, 0.0017899768427, 0.000224408940994, 0.000134012079798, 3.77089190806e-06, 5.54418910781e-08, 2.33928931781e-10], "dvar2": [0.000193479805603, 0.11283005029, 1.04709875584, 0.287553966045, 1.10399758816, 9.39611625671, 40.3292427063, 175.592391968, 408.578765869, 1647.88012695, 4298.24609375, 3531.34179688, 340.2003479, 1762.01342773, 3898.31225586, 8668.00292969, 4923.41455078, 1462.09033203, 2828.12011719, 895.891357422, 309.176849365, 278.595977783, 96.7777786255, 75.5665664673, 86.5454330444, 5.13999700546, 4.61281728745, 0.478113025427, 0.267547875643, 0.0653425082564, 0.0428177677095, 0.0429464057088, 0.0176068563014, 0.0104796607047, 0.00392144685611, 0.000553215388209, 0.000341783888871, 1.04621612991e-05, 1.49741850919e-07, 6.01743710416e-10], "max": [0.198940813541, 3.40358352661, 7.91368150711, 4.38432693481, 13.6535892487, 43.2475471497, 92.1598205566, 137.962524414, 268.077819824, 599.857421875, 1148.6829834, 2122.71411133, 626.301391602, 746.548400879, 1364.93200684, 1898.98046875, 1765.99462891, 740.698608398, 1047.83227539, 560.565673828, 310.041320801, 302.412719727, 262.38482666, 288.214233398, 197.107376099, 89.2493362427, 53.9463157654, 13.2156543732, 7.60716295242, 4.96402454376, 3.39154815674, 3.15579199791, 2.08015322685, 1.80346286297, 0.955199062824, 0.309792280197, 0.223675042391, 0.0523066706955, 0.00674982648343, 0.000401194818551], "mean": [0.00532836513594, 0.201237559319, 0.909706890583, 0.528106749058, 1.1309221983, 5.45565366745, 6.4006485939, 10.0419282913, 29.564781189, 56.6780471802, 91.1958465576, 57.17603302, 14.4756984711, 46.5212516785, 100.254356384, 124.442703247, 70.676399231, 58.2347946167, 57.1101951599, 29.0493049622, 18.7515506744, 14.8318758011, 7.21131181717, 5.43148326874, 3.21807980537, 1.61345160007, 1.15807187557, 0.517176806927, 0.299176096916, 0.162903130054, 0.0892787948251, 0.0542847774923, 0.0395957455039, 0.024555131793, 0.011812556535, 0.00463790632784, 0.0023965688888, 0.000348522386048, 4.9233000027e-05, 2.8507614843e-05], "median": [0.00225269887596, 0.0461749918759, 0.261942386627, 0.396609455347, 0.659148573875, 3.31093740463, 4.33183765411, 4.76401090622, 17.218711853, 24.1338729858, 13.8392753601, 3.09207415581, 5.45218658447, 10.6373243332, 25.1217498779, 25.8280353546, 16.2005672455, 16.2208042145, 15.1115474701, 13.6039810181, 10.9154367447, 8.85538196564, 4.42631626129, 2.58027744293, 1.67542231083, 1.0035815239, 0.741960644722, 0.294577091932, 0.139238715172, 0.0750269070268, 0.0374800488353, 0.0173423457891, 0.011890662834, 0.0062955757603, 0.00268873106688, 0.00107075076085, 0.000385172461392, 6.17304394837e-05, 1.74143897311e-05, 2.24417835852e-05], "min": [7.85600347462e-22, 1.64742954851e-21, 1.97346133292e-20, 2.07014404468e-20, 7.24070675117e-20, 4.36479427802e-20, 3.00844619433e-20, 2.38000309102e-19, 2.67901544078e-19, 5.35147340725e-19, 5.00427158296e-19, 7.73925845837e-19, 1.52692123044e-18, 2.5962600013e-18, 1.85569016196e-18, 3.7449551714e-18, 8.11910693009e-18, 6.3677103881e-18, 9.01474004706e-18, 9.55839788721e-18, 7.71549903945e-18, 6.00295847955e-18, 9.71994626084e-18, 1.36283084807e-17, 1.72173359707e-17, 1.12311382383e-17, 1.33456062715e-17, 2.00717890265e-17, 2.82514637754e-17, 1.69669086946e-17, 1.63844759361e-17, 1.91341384431e-17, 1.69956184793e-17, 1.35016414863e-17, 9.36280441393e-18, 6.085975153e-18, 3.15071234165e-18, 1.39853690571e-18, 3.5096061054e-19, 3.8537753434e-20], "var": [7.68597237766e-05, 0.0876770839095, 1.56999886036, 0.271178394556, 2.12630224228, 36.6723365784, 49.2471351624, 192.520828247, 1263.78515625, 7133.02832031, 28373.1328125, 45415.5351562, 918.703552246, 8016.7109375, 31374.9941406, 58641.9257812, 27899.9296875, 9782.79492188, 12117.3144531, 1907.21276855, 556.141723633, 414.608917236, 112.510017395, 154.949707031, 68.3601608276, 10.4944143295, 2.69955778122, 0.572283804417, 0.303710222244, 0.0894159302115, 0.0365590304136, 0.0227374080569, 0.011054337956, 0.0064110616222, 0.002038924722, 0.000229520534049, 0.000116788796731, 2.56765861195e-06, 4.01328676958e-08, 6.11780570647e-10]}, "gfcc": {"mean": [-82.7024536133, 135.961608887, -166.86366272, -7.49874448776, -47.464214325, -7.65778779984, -33.8917503357, -6.46430444717, -17.4659690857, 2.74919986725, -5.04237556458, -2.80669689178, -10.4741048813], "cov": [[14398.8466797, 1084.72888184, 434.956207275, 1200.84460449, 231.591781616, 397.950653076, -449.871246338, 157.314422607, -72.9351425171, 96.4830551147, -188.336853027, 15.0173501968, 114.507789612], [1084.72888184, 1143.5604248, -59.7770423889, 2.35196876526, 229.756668091, -49.6605415344, 89.2667236328, -81.8408355713, 110.666618347, -58.3801040649, 37.3259162903, -60.1636581421, 102.319282532], [434.956207275, -59.7770423889, 710.885864258, 396.295318604, 160.434997559, 182.898956299, -41.7652168274, 144.925537109, -62.6878852844, 36.1491851807, -66.536895752, 91.8749084473, 43.139591217], [1200.84460449, 2.35196876526, 396.295318604, 688.530090332, 71.6565628052, 87.9211807251, -35.6934013367, 79.1159744263, -65.9802932739, -14.7595233917, -25.2062206268, 64.1518554688, 67.0082397461], [231.591781616, 229.756668091, 160.434997559, 71.6565628052, 264.747467041, 118.496353149, 48.8897323608, 68.2786712646, 49.7973365784, 20.6534805298, -13.3638553619, -9.73704528809, -6.93040657043], [397.950653076, -49.6605415344, 182.898956299, 87.9211807251, 118.496353149, 224.505172729, 41.0142288208, 77.9025344849, 19.0670280457, 39.1132087708, -27.9230918884, 3.46742367744, -18.337688446], [-449.871246338, 89.2667236328, -41.7652168274, -35.6934013367, 48.8897323608, 41.0142288208, 168.384460449, 34.6599082947, 65.148727417, 19.6613540649, 5.87771844864, -33.4848098755, -21.7858371735], [157.314422607, -81.8408355713, 144.925537109, 79.1159744263, 68.2786712646, 77.9025344849, 34.6599082947, 171.480224609, 53.3700637817, 36.6988372803, -33.1497497559, -28.8739929199, -51.6665725708], [-72.9351425171, 110.666618347, -62.6878852844, -65.9802932739, 49.7973365784, 19.0670280457, 65.148727417, 53.3700637817, 137.389053345, 33.4107971191, 4.34457111359, -58.2425994873, -35.2402458191], [96.4830551147, -58.3801040649, 36.1491851807, -14.7595233917, 20.6534805298, 39.1132087708, 19.6613540649, 36.6988372803, 33.4107971191, 81.1397018433, 12.4834547043, -4.53421878815, -24.5228538513], [-188.336853027, 37.3259162903, -66.536895752, -25.2062206268, -13.3638553619, -27.9230918884, 5.87771844864, -33.1497497559, 4.34457111359, 12.4834547043, 93.5220489502, 35.357421875, 22.9229488373], [15.0173501968, -60.1636581421, 91.8749084473, 64.1518554688, -9.73704528809, 3.46742367744, -33.4848098755, -28.8739929199, -58.2425994873, -4.53421878815, 35.357421875, 125.487808228, 67.827331543], [114.507789612, 102.319282532, 43.139591217, 67.0082397461, -6.93040657043, -18.337688446, -21.7858371735, -51.6665725708, -35.2402458191, -24.5228538513, 22.9229488373, 67.827331543, 111.831222534]], "icov": [[0.000170329236425, -0.000431523832958, 0.000401129160309, -0.000364170467947, 0.000317287689541, -0.000557317805942, 0.000746277335566, -0.000366020831279, 0.000257853156654, -0.000737163820304, 0.000576913065743, -0.0003627660044, 0.000209813078982], [-0.000431523832958, 0.00313119334169, -0.0013062839862, 0.00089306459995, -0.00295728165656, 0.00243913335726, -0.00241115153767, 0.00229490525089, -0.0020985044539, 0.00310762622394, -0.00226740119979, 0.0030434941873, -0.00300797400996], [0.000401129160309, -0.0013062839862, 0.00487380474806, -0.00204754946753, -0.00024659888004, -0.00242364848964, 0.00260683498345, -0.00330266030505, 0.00232596392743, -0.00364527083002, 0.0037980643101, -0.00323663535528, -0.00018133771664], [-0.000364170467947, 0.00089306459995, -0.00204754946753, 0.00313447811641, -0.000522417423781, 0.00105772295501, -0.00157799012959, -8.14336599433e-05, 0.000131855835207, 0.00241225911304, -0.00185118149966, 0.00141918077134, -0.00164725899231], [0.000317287689541, -0.00295728165656, -0.00024659888004, -0.000522417423781, 0.00875739660114, -0.00430888822302, 0.0012603449868, -0.00205467897467, -0.000110313194455, -0.00144046614878, 0.00102743576281, -0.00219290237874, 0.00269022607245], [-0.000557317805942, 0.00243913335726, -0.00242364848964, 0.00105772295501, -0.00430888822302, 0.00988480448723, -0.00407910859212, 0.00118521775585, -0.00103318365291, 0.000777213135734, -0.000849330273923, 0.00142973009497, -0.00110128847882], [0.000746277335566, -0.00241115153767, 0.00260683498345, -0.00157799012959, 0.0012603449868, -0.00407910859212, 0.011272136122, -0.00268845912069, -0.000956189236604, -0.00358815514483, 0.00200626859441, -0.00151581771206, 0.00116489932407], [-0.000366020831279, 0.00229490525089, -0.00330266030505, -8.14336599433e-05, -0.00205467897467, 0.00118521775585, -0.00268845912069, 0.0135499956086, -0.0059155379422, 0.00146744062658, -0.00023804778175, 0.0015981614124, 0.00293849757873], [0.000257853156654, -0.0020985044539, 0.00232596392743, 0.000131855835207, -0.000110313194455, -0.00103318365291, -0.000956189236604, -0.0059155379422, 0.015756804496, -0.00582563271746, -0.000298925122479, 0.00306868576445, -0.000527929398231], [-0.000737163820304, 0.00310762622394, -0.00364527083002, 0.00241225911304, -0.00144046614878, 0.000777213135734, -0.00358815514483, 0.00146744062658, -0.00582563271746, 0.0217409227043, -0.0075097666122, 0.00175932515413, 0.00129337294493], [0.000576913065743, -0.00226740119979, 0.0037980643101, -0.00185118149966, 0.00102743576281, -0.000849330273923, 0.00200626859441, -0.00023804778175, -0.000298925122479, -0.0075097666122, 0.0186757817864, -0.00861286185682, 0.000987904379144], [-0.0003627660044, 0.0030434941873, -0.00323663535528, 0.00141918077134, -0.00219290237874, 0.00142973009497, -0.00151581771206, 0.0015981614124, 0.00306868576445, 0.00175932515413, -0.00861286185682, 0.0206714179367, -0.010892663151], [0.000209813078982, -0.00300797400996, -0.00018133771664, -0.00164725899231, 0.00269022607245, -0.00110128847882, 0.00116489932407, 0.00293849757873, -0.000527929398231, 0.00129337294493, 0.000987904379144, -0.010892663151, 0.0206283032894]]}, "melbands": {"dmean": [6.52061717119e-05, 0.000173500942765, 4.70699014841e-05, 5.29055723746e-05, 8.46602852107e-05, 9.18016594369e-05, 0.000127493651235, 0.0001900223142, 0.000185172189958, 7.20765528968e-05, 2.48168180406e-05, 5.72818862565e-05, 8.87730275281e-05, 8.49146017572e-05, 5.84658082516e-05, 3.50518675987e-05, 2.96355319733e-05, 2.74430294667e-05, 1.5834617443e-05, 1.2844910998e-05, 9.18665955396e-06, 7.74418822402e-06, 3.26362919623e-06, 3.49999345417e-06, 1.71328144916e-06, 1.64591983776e-06, 5.31587716068e-07, 5.43099702099e-07, 3.42598298175e-07, 2.18481247316e-07, 1.07251487691e-07, 7.90740060097e-08, 6.03781771247e-08, 3.59519098936e-08, 3.02193399193e-08, 2.8154163445e-08, 2.06700274674e-08, 1.73843197615e-08, 1.92984757064e-08, 1.38437297181e-08], "dmean2": [0.000116101648018, 0.000302113388898, 7.53352578613e-05, 7.70579936216e-05, 0.000126737562823, 0.000146164748003, 0.000171089966898, 0.000250105105806, 0.000220482732402, 8.20090499474e-05, 3.78044496756e-05, 7.95294981799e-05, 0.000116950504889, 0.00011001247185, 7.8225028119e-05, 4.72190040455e-05, 4.02503428631e-05, 3.95636670874e-05, 2.41132147494e-05, 2.04469179153e-05, 1.45500416693e-05, 1.23465188153e-05, 5.08507537234e-06, 5.7340253079e-06, 2.6888164939e-06, 2.58324052993e-06, 8.16914450752e-07, 8.72499811067e-07, 5.44133570202e-07, 3.38564888125e-07, 1.64297674132e-07, 1.20424402894e-07, 9.26048357996e-08, 5.12224112015e-08, 4.60272673308e-08, 4.30206341662e-08, 3.16335047046e-08, 2.620941153e-08, 2.93492838921e-08, 2.07892458803e-08], "dvar": [2.02801224702e-08, 8.77880665939e-08, 3.68527497407e-09, 5.30555643863e-09, 2.01709298153e-08, 3.22500461891e-08, 4.01599287159e-08, 1.42217672305e-07, 1.83306482882e-07, 9.22944138892e-08, 5.34382893491e-09, 1.89195024092e-08, 3.47148052526e-08, 3.6073455334e-08, 1.51342511856e-08, 5.9232982963e-09, 3.65964858418e-09, 3.74016018156e-09, 6.90166312989e-10, 6.14503559149e-10, 2.93916752048e-10, 3.12123327184e-10, 1.70790950826e-10, 4.85380659276e-11, 3.52495393985e-11, 3.53785299667e-11, 2.54674016251e-12, 1.61379893823e-12, 1.17442524889e-12, 3.1237713154e-13, 7.10298315933e-14, 5.40526519756e-14, 4.00276938873e-14, 8.31869786949e-15, 8.59446469206e-15, 1.16077234155e-14, 5.49037396696e-15, 3.2846510444e-15, 6.61272989152e-15, 3.03547131549e-15], "dvar2": [5.54986918644e-08, 2.33900863122e-07, 9.53210932408e-09, 1.06287973978e-08, 4.96948580064e-08, 9.24448499973e-08, 8.38740277231e-08, 2.34391549725e-07, 2.43569530767e-07, 1.07083273804e-07, 1.06905932995e-08, 3.37045484855e-08, 5.15952436331e-08, 6.36854053937e-08, 2.54031018443e-08, 1.00418473536e-08, 5.59617729934e-09, 6.88383705594e-09, 1.40875411336e-09, 1.26792543131e-09, 6.42823128061e-10, 6.34235941543e-10, 3.3350822104e-10, 1.17361537155e-10, 6.41666580981e-11, 7.64002611175e-11, 5.00380726437e-12, 2.85583405882e-12, 3.22111261275e-12, 7.41413820528e-13, 1.54519734681e-13, 1.2187710422e-13, 9.43535343172e-14, 1.41585267138e-14, 1.828447841e-14, 2.63886728089e-14, 1.26766451137e-14, 7.42421498356e-15, 1.50630731982e-14, 6.36574143685e-15], "max": [0.00287135946564, 0.00378055754118, 0.000810375495348, 0.00136063981336, 0.00280918274075, 0.00361646292731, 0.0041072932072, 0.00754432380199, 0.00882194470614, 0.0113502405584, 0.00317537691444, 0.00336622702889, 0.0043444079347, 0.00443836906925, 0.00347368046641, 0.00216684443876, 0.00141625327524, 0.00158589903731, 0.000594196550082, 0.000768929196056, 0.000362509978004, 0.00047480801004, 0.000587712507695, 0.000164554963703, 0.000274264864856, 0.000177477952093, 4.5175816922e-05, 5.47792806174e-05, 4.74407279398e-05, 1.19203559734e-05, 6.1906666815e-06, 5.7487795857e-06, 3.7053532651e-06, 2.34946242017e-06, 2.11896121982e-06, 3.16676346301e-06, 1.36889843816e-06, 1.33802609525e-06, 1.62168464612e-06, 1.28484066408e-06], "mean": [0.000113000671263, 0.000413994042901, 0.000109908585728, 0.000205625736271, 0.000256782688666, 0.000240876324824, 0.000453387794551, 0.000672049063724, 0.000731921114493, 0.00028287305031, 6.32787050563e-05, 0.000179198032129, 0.000321581785101, 0.000326701963786, 0.000222753442358, 0.000116468429042, 0.000105731953226, 8.69356590556e-05, 4.64135737275e-05, 3.15265242534e-05, 2.2100899514e-05, 1.88982212421e-05, 7.34577270123e-06, 7.03757677911e-06, 3.91304502045e-06, 2.87652551378e-06, 1.10565156319e-06, 1.07835808194e-06, 8.01393753136e-07, 4.5607237098e-07, 2.61368029442e-07, 1.7859602508e-07, 1.15044997528e-07, 8.2387124678e-08, 5.48114904575e-08, 4.1162355302e-08, 2.77884879551e-08, 2.6461036029e-08, 2.61467594243e-08, 1.94330311842e-08], "median": [3.50544942194e-05, 0.000117805539048, 8.60974469106e-05, 0.000135029185913, 0.000176955087227, 9.97151146294e-05, 0.000276217091596, 0.000255439896137, 8.14119848656e-05, 1.22463607113e-05, 2.07332468563e-05, 3.11798066832e-05, 4.4283173338e-05, 5.00439091411e-05, 3.23502972606e-05, 1.58520197147e-05, 1.63047734532e-05, 1.63663498824e-05, 1.61431689776e-05, 1.09933216663e-05, 9.47321950662e-06, 9.00047507457e-06, 2.74524541055e-06, 3.18717206937e-06, 1.30116029595e-06, 1.31521346702e-06, 5.82915959058e-07, 6.39094139387e-07, 5.10076517912e-07, 2.43489637342e-07, 1.23295833987e-07, 7.71124106791e-08, 4.94249903227e-08, 3.62263961051e-08, 2.19929905398e-08, 1.28155059897e-08, 8.12684852747e-09, 8.01572852538e-09, 6.66291732898e-09, 4.30069801993e-09], "min": [5.13704604315e-24, 7.26174862249e-24, 5.70209172677e-24, 4.07517576142e-24, 1.14366421216e-24, 4.90512922006e-24, 4.43496654282e-24, 5.63843577932e-24, 4.28805855416e-24, 5.05801992982e-24, 8.02521609517e-24, 1.11780130877e-23, 5.92188730763e-24, 9.05373767656e-24, 1.13410682702e-23, 1.90187075174e-23, 1.14922029756e-23, 1.72155750142e-23, 1.10569379271e-23, 9.99327969215e-24, 9.85104491549e-24, 5.54516796563e-24, 8.62823635948e-24, 8.83071486574e-24, 1.08128943398e-23, 1.4549210955e-23, 8.94604790781e-24, 7.53818204975e-24, 7.8852374607e-24, 1.08564473503e-23, 1.04436332832e-23, 1.65028044764e-23, 1.1878547604e-23, 8.91285974066e-24, 8.24532722039e-24, 1.2149010143e-23, 1.16086183349e-23, 1.11912075752e-23, 1.19855715741e-23, 1.15949000437e-23], "var": [2.88220309841e-08, 3.24683384179e-07, 1.06070068284e-08, 4.49859882679e-08, 7.68211023683e-08, 1.22412217252e-07, 2.79969668782e-07, 1.10421296995e-06, 1.90707271486e-06, 1.31421870719e-06, 2.42864626188e-08, 1.52432761524e-07, 3.63948601034e-07, 3.55048939582e-07, 1.68408035961e-07, 5.41249214336e-08, 3.82873075466e-08, 2.98269107191e-08, 5.06022823643e-09, 2.61364618837e-09, 1.18879950328e-09, 9.42011357807e-10, 4.06765648941e-10, 1.25185167787e-10, 1.35850761196e-10, 6.05935440712e-11, 5.60205224223e-12, 4.62326834802e-12, 1.48287361123e-12, 5.80958837895e-13, 1.97565312092e-13, 1.29063263982e-13, 5.52544731432e-14, 2.75366040462e-14, 1.6208598862e-14, 1.47347547575e-14, 6.5422563268e-15, 4.68493033742e-15, 8.1171209687e-15, 4.07030629023e-15]}, "mfcc": {"mean": [-714.621032715, 169.20741272, -49.1752281189, 5.4842839241, -6.81378984451, -1.77848160267, -8.35547161102, -9.94914913177, -7.49769496918, -6.52052164078, -1.76083731651, 7.92029571533, 8.99209880829], "cov": [[7867.27294922, 1691.78479004, -260.355865479, 1033.3770752, 483.756103516, 310.982788086, -67.2997970581, 76.6413192749, 106.822525024, 89.7561645508, 0.322385013103, -189.898696899, -179.019348145], [1691.78479004, 1283.63952637, -226.946640015, 227.633590698, 155.321929932, 128.061141968, -1.71878063679, 6.16729307175, 62.7921447754, 43.1503486633, -17.9443054199, -69.0673522949, -8.35291004181], [-260.355865479, -226.946640015, 399.004821777, 142.310684204, 100.174514771, 55.6588287354, 81.9937744141, 67.1979370117, 44.9454689026, -1.05856800079, 8.7068862915, -49.2803497314, -30.3757457733], [1033.3770752, 227.633590698, 142.310684204, 498.398162842, 161.422943115, 92.2306442261, 53.08020401, 69.4824371338, 34.8221893311, -5.72791290283, -35.2089767456, -94.3272628784, -70.7144470215], [483.756103516, 155.321929932, 100.174514771, 161.422943115, 216.862564087, 95.5675964355, 49.0638580322, 59.3884391785, 44.4726524353, 27.0033187866, 29.2299442291, -22.4960212708, -9.62515449524], [310.982788086, 128.061141968, 55.6588287354, 92.2306442261, 95.5675964355, 169.132324219, 69.119178772, 46.2427368164, 42.8580818176, 11.2586193085, 19.3872566223, -25.3092002869, -6.61557674408], [-67.2997970581, -1.71878063679, 81.9937744141, 53.08020401, 49.0638580322, 69.119178772, 119.571624756, 52.8442687988, 30.1497631073, 17.2601165771, 15.5571432114, -2.94837379456, 11.4206514359], [76.6413192749, 6.16729307175, 67.1979370117, 69.4824371338, 59.3884391785, 46.2427368164, 52.8442687988, 108.499862671, 54.5953216553, 24.0109786987, 15.1383895874, 0.467706739902, 3.01761770248], [106.822525024, 62.7921447754, 44.9454689026, 34.8221893311, 44.4726524353, 42.8580818176, 30.1497631073, 54.5953216553, 134.215148926, 71.6632766724, 51.9097175598, 23.115852356, 11.023850441], [89.7561645508, 43.1503486633, -1.05856800079, -5.72791290283, 27.0033187866, 11.2586193085, 17.2601165771, 24.0109786987, 71.6632766724, 139.22303772, 91.2519683838, 53.8445739746, 4.71281862259], [0.322385013103, -17.9443054199, 8.7068862915, -35.2089767456, 29.2299442291, 19.3872566223, 15.5571432114, 15.1383895874, 51.9097175598, 91.2519683838, 142.004745483, 69.7080993652, 8.77774047852], [-189.898696899, -69.0673522949, -49.2803497314, -94.3272628784, -22.4960212708, -25.3092002869, -2.94837379456, 0.467706739902, 23.115852356, 53.8445739746, 69.7080993652, 142.544235229, 64.9438400269], [-179.019348145, -8.35291004181, -30.3757457733, -70.7144470215, -9.62515449524, -6.61557674408, 11.4206514359, 3.01761770248, 11.023850441, 4.71281862259, 8.77774047852, 64.9438400269, 118.509094238]], "icov": [[0.000259360793279, -0.000170657993294, 0.000242875074036, -0.000460021285107, -0.00019843672635, -0.000210276455618, 0.000394848291762, -1.03686543298e-05, 3.04588229483e-05, -8.62221422722e-05, -8.79435465322e-05, 3.88763828596e-06, 0.000106855048216], [-0.000170657993294, 0.00146823213436, 0.00112514395732, -0.000213897190406, -0.00073670380516, -0.000448095204774, -0.000185021999641, 0.000562911562156, -0.000688796746545, -0.000455657485873, 0.000400299119065, 0.000837294035591, -0.000481200811919], [0.000242875074036, 0.00112514395732, 0.004937347956, -0.00124824745581, -0.00189911387861, 0.000139639465488, -0.00156661483925, -7.34264685889e-05, -0.00144107837696, 0.000488451158162, -0.000529642391484, 0.00164893758483, 0.000223501119763], [-0.000460021285107, -0.000213897190406, -0.00124824745581, 0.00430936086923, -0.00122717174236, 0.000331735180225, -0.000888756359927, -0.000884932349436, -3.81651589123e-05, 1.10474202302e-05, 0.00127623707522, 0.000344297441188, 0.0012884066673], [-0.00019843672635, -0.00073670380516, -0.00189911387861, -0.00122717174236, 0.00900955684483, -0.00254868762568, 0.000582538486924, -0.0020984611474, 0.000914204865694, -0.000288823532173, -0.00182275485713, 0.000227696378715, -0.00104727293365], [-0.000210276455618, -0.000448095204774, 0.000139639465488, 0.000331735180225, -0.00254868762568, 0.0106995860115, -0.0050395084545, -0.000137791357702, -0.00185051176231, 0.00209857523441, -0.00173941021785, 0.00143286318053, 0.000196258130018], [0.000394848291762, -0.000185021999641, -0.00156661483925, -0.000888756359927, 0.000582538486924, -0.0050395084545, 0.0147635163739, -0.00439755851403, 0.00153567572124, -0.00172727555037, -0.000186623365153, 0.000277658429695, -0.00210573594086], [-1.03686543298e-05, 0.000562911562156, -7.34264685889e-05, -0.000884932349436, -0.0020984611474, -0.000137791357702, -0.00439755851403, 0.0154648255557, -0.00499619124457, 0.000135972411954, 0.00123743223958, -0.000743009382859, 0.00010389766976], [3.04588229483e-05, -0.000688796746545, -0.00144107837696, -3.81651589123e-05, 0.000914204865694, -0.00185051176231, 0.00153567572124, -0.00499619124457, 0.013659468852, -0.00556683866307, -0.000931347720325, 5.26879230165e-05, -0.00145363633055], [-8.62221422722e-05, -0.000455657485873, 0.000488451158162, 1.10474202302e-05, -0.000288823532173, 0.00209857523441, -0.00172727555037, 0.000135972411954, -0.00556683866307, 0.0159654729068, -0.00737268291414, -0.00225192774087, 0.00188919121865], [-8.79435465322e-05, 0.000400299119065, -0.000529642391484, 0.00127623707522, -0.00182275485713, -0.00173941021785, -0.000186623365153, 0.00123743223958, -0.000931347720325, -0.00737268291414, 0.0157214142382, -0.00583816459402, 0.00267720757984], [3.88763828596e-06, 0.000837294035591, 0.00164893758483, 0.000344297441188, 0.000227696378715, 0.00143286318053, 0.000277658429695, -0.000743009382859, 5.26879230165e-05, -0.00225192774087, -0.00583816459402, 0.0154962027445, -0.00719133578241], [0.000106855048216, -0.000481200811919, 0.000223501119763, 0.0012884066673, -0.00104727293365, 0.000196258130018, -0.00210573594086, 0.00010389766976, -0.00145363633055, 0.00188919121865, 0.00267720757984, -0.00719133578241, 0.0133206285536]]}, "spectral_contrast_coeffs": {"dmean": [0.0483302585781, 0.0359691232443, 0.0309839956462, 0.0282225497067, 0.0207319296896, 0.018319606781], "dmean2": [0.07796831429, 0.0565031208098, 0.0486539751291, 0.0451273731887, 0.03407298401, 0.0292724277824], "dvar": [0.00181527715176, 0.0010402490152, 0.00072877848288, 0.000617645913735, 0.000342829327565, 0.000346204586094], "dvar2": [0.0044804206118, 0.00249043735676, 0.00177579245064, 0.00148764858022, 0.000879581784829, 0.000806464697234], "max": [-0.309026122093, -0.374735593796, -0.446033656597, -0.483975946903, -0.589896857738, -0.623342812061], "mean": [-0.614929616451, -0.62932062149, -0.656126439571, -0.671049058437, -0.729233562946, -0.732021927834], "median": [-0.617980003357, -0.625111937523, -0.647823274136, -0.669939339161, -0.728518843651, -0.729851365089], "min": [-0.979381799698, -0.968408167362, -0.972478210926, -0.964346170425, -0.961738467216, -0.958172440529], "var": [0.00779824052006, 0.00656714569777, 0.00640174653381, 0.00435738405213, 0.00170158513356, 0.00167496874928]}, "spectral_contrast_valleys": {"dmean": [0.516079485416, 0.29376077652, 0.268378257751, 0.256083548069, 0.19696316123, 0.283671408892], "dmean2": [0.826189160347, 0.46886780858, 0.42927968502, 0.411619693041, 0.315591752529, 0.431280732155], "dvar": [0.262679368258, 0.116650588