{"lowlevel": {"average_loudness": 0.850686371326, "barkbands_crest": {"dmean": 2.05425739288, "dmean2": 3.33774924278, "dvar": 3.31714773178, "dvar2": 8.6662569046, "max": 22.735786438, "mean": 9.29629325867, "median": 8.63607692719, "min": 2.77499628067, "var": 10.9622907639}, "barkbands_flatness_db": {"dmean": 0.0166768785566, "dmean2": 0.0238890759647, "dvar": 0.000222269241931, "dvar2": 0.00045383896213, "max": 0.463666647673, "mean": 0.17808586359, "median": 0.161162406206, "min": 0.031325891614, "var": 0.0050906855613}, "barkbands_kurtosis": {"dmean": 1.66452229023, "dmean2": 2.6427488327, "dvar": 3.32848262787, "dvar2": 8.37074184418, "max": 36.4094696045, "mean": 3.39386105537, "median": 2.70855283737, "min": -1.78589689732, "var": 9.99230957031}, "barkbands_skewness": {"dmean": 0.394127875566, "dmean2": 0.611441910267, "dvar": 0.121059902012, "dvar2": 0.302412718534, "max": 4.90165281296, "mean": 1.28754615784, "median": 1.30565643311, "min": -2.14684224129, "var": 0.564500510693}, "barkbands_spread": {"dmean": 2.46814632416, "dmean2": 3.74412345886, "dvar": 7.97111272812, "dvar2": 17.9406166077, "max": 84.1708297729, "mean": 11.6770133972, "median": 10.2990961075, "min": 1.34293699265, "var": 67.2594223022}, "dissonance": {"dmean": 0.0284324735403, "dmean2": 0.047902405262, "dvar": 0.00071680045221, "dvar2": 0.00194643938448, "max": 0.5, "mean": 0.432658731937, "median": 0.445021271706, "min": 0.120269499719, "var": 0.00241020694375}, "dynamic_complexity": 2.54194927216, "erbbands_crest": {"dmean": 2.78374552727, "dmean2": 4.35025262833, "dvar": 6.9011964798, "dvar2": 16.7777729034, "max": 30.2922725677, "mean": 10.931145668, "median": 9.72583389282, "min": 2.45387792587, "var": 24.8286170959}, "erbbands_flatness_db": {"dmean": 0.0175373572856, "dmean2": 0.0238796770573, "dvar": 0.000299438746879, "dvar2": 0.000539641303476, "max": 0.47381311655, "mean": 0.207912430167, "median": 0.197852909565, "min": 0.0610704272985, "var": 0.00486571714282}, "erbbands_kurtosis": {"dmean": 1.00452387333, "dmean2": 1.56881117821, "dvar": 1.39043295383, "dvar2": 3.12798023224, "max": 28.1910743713, "mean": 1.36278378963, "median": 0.730281114578, "min": -1.54742527008, "var": 5.21737909317}, "erbbands_skewness": {"dmean": 0.302333295345, "dmean2": 0.460991919041, "dvar": 0.0678506940603, "dvar2": 0.158229112625, "max": 3.29698467255, "mean": 0.703241884708, "median": 0.7099801898, "min": -3.59033918381, "var": 0.346097201109}, "erbbands_spread": {"dmean": 4.97421693802, "dmean2": 7.4511885643, "dvar": 30.5362663269, "dvar2": 69.6614532471, "max": 94.6393051147, "mean": 23.0979804993, "median": 21.2830085754, "min": 1.70823073387, "var": 165.121261597}, "hfc": {"dmean": 4.23183441162, "dmean2": 6.33724117279, "dvar": 31.5813312531, "dvar2": 68.2643585205, "max": 108.255813599, "mean": 17.754945755, "median": 16.2644996643, "min": 1.10946744477e-16, "var": 124.854820251}, "melbands_crest": {"dmean": 2.58215498924, "dmean2": 4.25883483887, "dvar": 5.18794155121, "dvar2": 14.4984855652, "max": 28.7439613342, "mean": 11.9582548141, "median": 11.2682714462, "min": 1.53453826904, "var": 15.1091861725}, "melbands_flatness_db": {"dmean": 0.0186158772558, "dmean2": 0.0275552850217, "dvar": 0.000311324401991, "dvar2": 0.000637113349512, "max": 0.541306138039, "mean": 0.260076701641, "median": 0.242347374558, "min": 0.0037173521705, "var": 0.0061343582347}, "melbands_kurtosis": {"dmean": 2.94143843651, "dmean2": 4.67651700974, "dvar": 12.7696685791, "dvar2": 32.343963623, "max": 64.9130477905, "mean": 6.15083265305, "median": 4.99875402451, "min": -1.84115767479, "var": 28.4639110565}, "melbands_skewness": {"dmean": 0.491004437208, "dmean2": 0.759876489639, "dvar": 0.215863853693, "dvar2": 0.547319352627, "max": 6.82582950592, "mean": 1.71632742882, "median": 1.69117307663, "min": -1.17411136627, "var": 0.780242919922}, "melbands_spread": {"dmean": 2.90413570404, "dmean2": 4.60203075409, "dvar": 13.4406547546, "dvar2": 30.3011951447, "max": 171.07649231, "mean": 13.6411314011, "median": 11.8999824524, "min": 1.68988275528, "var": 138.155685425}, "pitch_salience": {"dmean": 0.0591921135783, "dmean2": 0.0971826985478, "dvar": 0.00246392935514, "dvar2": 0.00657939352095, "max": 0.995907962322, "mean": 0.587977766991, "median": 0.591586947441, "min": 0.232756257057, "var": 0.00804363191128}, "silence_rate_20dB": {"dmean": 0, "dmean2": 0, "dvar": 0, "dvar2": 0, "max": 1, "mean": 1, "median": 1, "min": 1, "var": 0}, "silence_rate_30dB": {"dmean": 0.00587227800861, "dmean2": 0.011745993048, "dvar": 0.00583769474179, "dvar2": 0.0145441107452, "max": 1, "mean": 0.992660522461, "median": 1, "min": 0, "var": 0.00728527689353}, "silence_rate_60dB": {"dmean": 0.00171274773311, "dmean2": 0.00330356042832, "dvar": 0.00170979381073, "dvar2": 0.00353721668944, "max": 1, "mean": 0.0603058114648, "median": 0, "min": 0, "var": 0.0566698536277}, "spectral_centroid": {"dmean": 111.023468018, "dmean2": 169.198440552, "dvar": 35657.1367188, "dvar2": 65039.8007812, "max": 11383.7929688, "mean": 764.520751953, "median": 673.877258301, "min": 268.86517334, "var": 397164.84375}, "spectral_complexity": {"dmean": 2.89625644684, "dmean2": 4.51046133041, "dvar": 11.2315893173, "dvar2": 23.098285675, "max": 53, "mean": 17.4875831604, "median": 17, "min": 0, "var": 66.8344650269}, "spectral_decrease": {"dmean": 2.56927856768e-09, "dmean2": 4.23026547125e-09, "dvar": 1.38262726536e-17, "dvar2": 3.85178935254e-17, "max": 1.91170551472e-19, "mean": -9.41325239978e-09, "median": -8.67135341309e-09, "min": -5.85964450295e-08, "var": 3.46904792003e-17}, "spectral_energy": {"dmean": 0.0100021380931, "dmean2": 0.0164207853377, "dvar": 0.000207312754355, "dvar2": 0.000573814322706, "max": 0.224765703082, "mean": 0.0371381528676, "median": 0.034268643707, "min": 1.0226034863e-20, "var": 0.000532253994606}, "spectral_energyband_high": {"dmean": 0.000135919763125, "dmean2": 0.000188430363778, "dvar": 8.69659615432e-08, "dvar2": 1.79092666031e-07, "max": 0.00481351045892, "mean": 0.000222158443648, "median": 7.06665086909e-05, "min": 7.19037895013e-21, "var": 1.60975659469e-07}, "spectral_energyband_low": {"dmean": 0.00521936360747, "dmean2": 0.00906496029347, "dvar": 0.000114813621622, "dvar2": 0.000327993911924, "max": 0.163839817047, "mean": 0.00927756074816, "median": 0.00521186925471, "min": 2.31771199372e-23, "var": 0.000166807585629}, "spectral_energyband_middle_high": {"dmean": 0.00164104439318, "dmean2": 0.00253589870408, "dvar": 7.05653246769e-06, "dvar2": 1.58556122187e-05, "max": 0.0638159960508, "mean": 0.00465985387564, "median": 0.00363624049351, "min": 1.2312723772e-21, "var": 2.07140055863e-05}, "spectral_energyband_middle_low": {"dmean": 0.00647989008576, "dmean2": 0.0103248450905, "dvar": 5.33512065886e-05, "dvar2": 0.000138734525535, "max": 0.115658983588, "mean": 0.0239031016827, "median": 0.0220722444355, "min": 1.86854794182e-22, "var": 0.000195118846023}, "spectral_entropy": {"dmean": 0.149434521794, "dmean2": 0.20500177145, "dvar": 0.0203591510653, "dvar2": 0.0345656871796, "max": 9.8130569458, "mean": 6.98207378387, "median": 7.11565542221, "min": 4.25504159927, "var": 0.450182408094}, "spectral_flux": {"dmean": 0.0219630673528, "dmean2": 0.0358877517283, "dvar": 0.000701400567777, "dvar2": 0.00156893173698, "max": 0.326858192682, "mean": 0.085065625608, "median": 0.0833303779364, "min": 6.45768369334e-11, "var": 0.00223085493781}, "spectral_kurtosis": {"dmean": 4.86907148361, "dmean2": 8.30717468262, "dvar": 51.190662384, "dvar2": 149.741439819, "max": 199.048782349, "mean": 14.0236711502, "median": 8.06819057465, "min": -1.26111483574, "var": 224.111953735}, "spectral_rms": {"dmean": 0.000737859401852, "dmean2": 0.00118622824084, "dvar": 7.66967730215e-07, "dvar2": 2.03014610634e-06, "max": 0.0148082282394, "mean": 0.00567509187385, "median": 0.00578211201355, "min": 3.15857865037e-12, "var": 4.02566274715e-06}, "spectral_rolloff": {"dmean": 156.676544189, "dmean2": 269.476196289, "dvar": 126689.476562, "dvar2": 270314.125, "max": 19595.2148438, "mean": 882.1328125, "median": 667.529296875, "min": 107.666015625, "var": 1816731.625}, "spectral_skewness": {"dmean": 0.377411156893, "dmean2": 0.628389179707, "dvar": 0.18698194623, "dvar2": 0.544116616249, "max": 11.4835519791, "mean": 2.57192134857, "median": 2.16028666496, "min": -0.0666810721159, "var": 1.3419457674}, "spectral_spread": {"dmean": 408903.0625, "dmean2": 558780.125, "dvar": 480264323072, "dvar2": 729021939712, "max": 42453176, "mean": 3230634.75, "median": 2964045.25, "min": 612507.75, "var": 5554010324990.0}, "spectral_strongpeak": {"dmean": 0.587527036667, "dmean2": 0.989391207695, "dvar": 0.683351814747, "dvar2": 1.66479814053, "max": 15.6584711075, "mean": 1.14478075504, "median": 0.813946604729, "min": 0, "var": 1.22079467773}, "zerocrossingrate": {"dmean": 0.0047056954354, "dmean2": 0.00588482571766, "dvar": 4.37325034e-05, "dvar2": 4.76905588584e-05, "max": 0.51904296875, "mean": 0.0372815728188, "median": 0.03173828125, "min": 0.00830078125, "var": 0.00134337309282}, "barkbands": {"dmean": [0.000437681766925, 0.00316459056921, 0.00233345781453, 0.00143920967821, 0.00369049841538, 0.00190371333156, 0.000986954197288, 0.00192921084817, 0.00128280674107, 0.000566479517147, 0.000958778546192, 0.000379481731215, 0.000333684962243, 0.000141038632137, 0.000135045935167, 0.000132281435071, 0.00015908027126, 7.88286124589e-05, 5.37539890502e-05, 3.5416756873e-05, 2.98399409076e-05, 2.26917854889e-05, 2.48712294706e-05, 2.38962438743e-05, 1.73379321495e-05, 9.02126521396e-06, 2.20334072765e-06], "dmean2": [0.000654837698676, 0.00550885917619, 0.00418212451041, 0.00246251001954, 0.0060562454164, 0.00291810277849, 0.00145445170347, 0.00285687018186, 0.00195763492957, 0.000898832746316, 0.00154382409528, 0.000605905195698, 0.000536905892659, 0.000228892575251, 0.000221729991608, 0.000219528112211, 0.000258251471678, 0.000129173771711, 8.45719550853e-05, 5.46869814571e-05, 4.40476906078e-05, 3.27970774379e-05, 3.53793802788e-05, 3.37063211191e-05, 2.52211066254e-05, 1.34053389047e-05, 3.40977703672e-06], "dvar": [9.83529730547e-07, 5.21806359757e-05, 1.84559285117e-05, 5.23929702467e-06, 2.1327397917e-05, 5.22605341757e-06, 2.15556815419e-06, 9.26265511225e-06, 7.75873377279e-06, 1.01170280686e-06, 3.64825154975e-06, 1.04164359982e-06, 7.71083932705e-07, 7.22959498489e-07, 5.25779064731e-08, 5.5430525947e-08, 6.2111602972e-08, 1.56125938844e-08, 7.36383798383e-09, 5.04486008523e-09, 3.77120956685e-09, 2.06382932966e-09, 3.31823368782e-09, 2.96002178324e-09, 1.9321482192e-09, 1.16455145527e-09, 1.02848944639e-10], "dvar2": [2.57827696259e-06, 0.000144836711115, 5.48015632376e-05, 1.44577834362e-05, 5.73683901166e-05, 1.20384993352e-05, 4.22361017627e-06, 1.97401113837e-05, 1.80278129847e-05, 2.44287161877e-06, 9.19452213566e-06, 1.94893209482e-06, 1.58824707341e-06, 1.39426686019e-06, 1.34436007215e-07, 1.4263972048e-07, 1.56445580046e-07, 3.91335213124e-08, 1.71611844735e-08, 1.14942118046e-08, 8.22278245494e-09, 4.60428140059e-09, 7.08327441146e-09, 6.13849282516e-09, 4.14288070516e-09, 2.46702169804e-09, 2.08933051415e-10], "max": [0.0308885015547, 0.120789028704, 0.0652540251613, 0.0268205553293, 0.0651895031333, 0.0437345914543, 0.0325388908386, 0.0566998645663, 0.0555792078376, 0.0206689517945, 0.0288227107376, 0.0376493930817, 0.0417399480939, 0.0589037463069, 0.00348136899993, 0.00339681911282, 0.00366580206901, 0.00188728421926, 0.00163195538335, 0.00119008065667, 0.000983719248325, 0.000848676194437, 0.000849329167977, 0.000664723222144, 0.00103646575008, 0.00125912798103, 0.000411758199334], "mean": [0.00104576942977, 0.00469157518819, 0.00286284135655, 0.0020101882983, 0.00773354573175, 0.00486150337383, 0.00221047201194, 0.00407229643315, 0.00247445749119, 0.000997812836431, 0.00148487731349, 0.000637945719063, 0.000530154851731, 0.000221613765461, 0.000230197620112, 0.000225434210734, 0.00030569997034, 0.000168891143403, 0.000116605733638, 6.32278824924e-05, 4.92203689646e-05, 3.90807472286e-05, 3.67525171896e-05, 3.23403692164e-05, 2.22613325604e-05, 1.08686435851e-05, 2.53564553532e-06], "median": [0.000263751513558, 0.00184481381439, 0.00136700761504, 0.00114085688256, 0.00596105307341, 0.00329047301784, 0.00117422745097, 0.00228531938046, 0.00085132784443, 0.000531405210495, 0.000621311482973, 0.000306449830532, 0.000190468650544, 8.3048340457e-05, 0.000123494392028, 0.000123991689179, 0.000187666882994, 0.00010589203157, 6.79977092659e-05, 2.74781268672e-05, 1.63249551406e-05, 1.44861442095e-05, 1.14105396278e-05, 6.8760987233e-06, 3.16905516229e-06, 1.04115952126e-06, 2.09250870853e-07], "min": [8.94105303777e-25, 2.74228876583e-24, 4.75325259099e-24, 1.8845411737e-24, 1.45900865717e-23, 1.02912048459e-23, 8.77918568255e-24, 1.00780869726e-23, 2.42749129724e-23, 1.36938254097e-23, 3.04293438532e-23, 2.45057904713e-23, 4.35013969859e-23, 5.42516683916e-23, 5.97809522485e-23, 9.88113222819e-23, 8.41737873045e-23, 1.07273079803e-22, 1.76441514688e-22, 1.79798982432e-22, 2.78075564305e-22, 3.74032301893e-22, 4.45540712794e-22, 6.10755196945e-22, 8.59420663552e-22, 1.27088334255e-21, 2.12918612078e-21], "var": [4.06576828027e-06, 7.24945566617e-05, 1.83283536899e-05, 7.04488184056e-06, 4.8035504733e-05, 2.58148484136e-05, 8.66785831022e-06, 2.5725852538e-05, 2.21121663344e-05, 2.27725354307e-06, 6.77157322571e-06, 2.24574910135e-06, 1.71328861143e-06, 1.29058446419e-06, 9.90246604715e-08, 9.47899962966e-08, 1.42154448213e-07, 3.87819980574e-08, 2.09114539018e-08, 9.81640368991e-09, 6.99878199839e-09, 4.05405176096e-09, 4.83810946861e-09, 4.39322489498e-09, 3.04886160762e-09, 1.83515214136e-09, 1.82610898625e-10]}, "erbbands": {"dmean": [0.119048207998, 0.695335447788, 2.45407104492, 3.3500084877, 7.75594043732, 14.8332509995, 17.3591556549, 15.3723258972, 15.2871494293, 29.8492584229, 33.975440979, 34.9572792053, 18.8015422821, 13.3477973938, 42.2354278564, 16.7205352783, 15.979801178, 8.06006240845, 5.68945932388, 7.95388507843, 6.56601476669, 6.94003248215, 5.07122468948, 3.11291384697, 2.37642741203, 1.68385410309, 1.42462444305, 0.933256626129, 0.824853718281, 0.802497982979, 0.686589837074, 0.611290514469, 0.344454020262, 0.222097843885, 0.107206605375, 0.0488916821778, 0.0153307579458, 0.00284241698682, 0.000395427574404, 2.83432855213e-05], "dmean2": [0.202854022384, 1.22232508659, 4.41136646271, 5.83162260056, 13.1297626495, 24.6342735291, 26.7338008881, 24.4420204163, 21.3174266815, 46.3073997498, 49.8638038635, 53.0255088806, 30.0710449219, 21.0214767456, 68.066619873, 26.2886180878, 25.6272277832, 12.861782074, 9.25831127167, 13.2782907486, 10.7571611404, 11.1513900757, 8.31896114349, 5.00123262405, 3.71369576454, 2.59852099419, 2.14981174469, 1.35444331169, 1.19490098953, 1.14759504795, 0.995209336281, 0.886254549026, 0.488903164864, 0.321050316095, 0.157796993852, 0.0723742321134, 0.0233419127762, 0.00432041427121, 0.00061475293478, 4.42647215095e-05], "dvar": [0.0856858193874, 2.55500340462, 22.0584602356, 32.5598258972, 143.987930298, 427.164001465, 466.142303467, 431.087310791, 626.998291016, 2131.08422852, 4469.30957031, 6122.19287109, 1198.17285156, 616.770446777, 7864.20947266, 2530.43676758, 1647.36804199, 2181.75268555, 155.989074707, 199.711471558, 132.764129639, 123.11769104, 63.0889854431, 24.7218074799, 18.0474872589, 11.1687955856, 8.9070930481, 3.48501420021, 2.63560152054, 2.92117786407, 2.42221045494, 2.14648842812, 0.610738635063, 0.278796166182, 0.0959549769759, 0.0364613085985, 0.00324795860797, 0.000131627326482, 3.7615598103e-06, 8.30613267055e-09], "dvar2": [0.268078356981, 6.76601791382, 64.9669723511, 93.1248397827, 409.693756104, 1150.37182617, 999.717407227, 1061.02099609, 1145.3190918, 5221.54492188, 9126.20019531, 14253.3955078, 3034.29882812, 1405.81860352, 20154.6132812, 4538.76806641, 3474.08349609, 4194.99755859, 359.817718506, 535.722595215, 325.314910889, 299.874603271, 158.495788574, 60.2255363464, 40.9809532166, 25.160030365, 19.9204425812, 7.42429733276, 5.75025892258, 6.33281612396, 5.15379476547, 4.86811923981, 1.22222232819, 0.599740743637, 0.212525144219, 0.080609165132, 0.00703366100788, 0.000265631446382, 7.797064427e-06, 1.76126775386e-08], "max": [5.64047431946, 29.3148956299, 70.7913513184, 76.9752044678, 245.516906738, 254.120605469, 564.493835449, 431.393127441, 567.042053223, 810.458374023, 1566.4675293, 1584.14111328, 871.776489258, 627.900085449, 1354.28808594, 1938.19592285, 1755.48608398, 3187.60449219, 518.714538574, 236.984970093, 194.526870728, 158.094406128, 102.653800964, 108.740020752, 83.6413269043, 56.6109466553, 46.703414917, 35.3903274536, 29.2296962738, 20.6706733704, 22.0090904236, 20.0552024841, 11.3455553055, 7.21384429932, 10.4413299561, 7.48506546021, 1.85368108749, 0.443806618452, 0.0904171094298, 0.00353771843947], "mean": [0.190008252859, 0.852381765842, 3.04376244545, 5.01012086868, 12.8515939713, 28.1152362823, 40.6674804688, 36.4612503052, 38.159324646, 60.0495414734, 76.3556594849, 69.939414978, 34.0383720398, 27.0315589905, 67.1982116699, 30.8787593842, 26.6099681854, 13.6916074753, 10.0376262665, 13.9702415466, 12.712225914, 14.2639732361, 11.3348703384, 7.14829778671, 4.92233419418, 3.14949178696, 2.30417537689, 1.63843202591, 1.44254803658, 1.22322440147, 1.00485312939, 0.787728428841, 0.486858069897, 0.290545761585, 0.134509816766, 0.0600240193307, 0.0175496079028, 0.00339154386893, 0.000461131945485, 6.43481616862e-05], "median": [0.0582117140293, 0.310477048159, 1.47103846073, 3.21553397179, 7.13184547424, 19.3560619354, 26.68359375, 22.8292045593, 16.5219783783, 38.2192955017, 41.6074256897, 26.561340332, 18.7115001678, 16.6374969482, 28.967924118, 16.7226028442, 10.7950277328, 5.88763189316, 5.42508792877, 7.82017040253, 7.90651082993, 9.14321136475, 7.66722679138, 4.38738870621, 2.64789509773, 1.40657067299, 0.792467296124, 0.569041490555, 0.544809520245, 0.362509906292, 0.309857934713, 0.206514269114, 0.094733633101, 0.0460775718093, 0.0175192970783, 0.0064439359121, 0.00147013517562, 0.000301578955259, 5.38283893547e-05, 4.38146380475e-05], "min": [6.40750818762e-23, 7.4449556986e-22, 4.94702675869e-21, 8.19424744179e-21, 1.1776429017e-20, 5.39263695183e-20, 4.33200302908e-20, 1.0862962319e-19, 1.90059273094e-19, 2.61259051114e-19, 4.74249166655e-19, 5.51548160922e-19, 5.91619323035e-19, 8.76795215887e-19, 1.70916090671e-18, 1.59959276957e-18, 2.21086269863e-18, 3.69988954444e-18, 2.12333871802e-18, 4.12125700284e-18, 5.06396372769e-18, 5.25209561826e-18, 6.48784100128e-18, 7.26641937617e-18, 8.45776708058e-18, 8.8838866916e-18, 1.21155547862e-17, 1.13609716801e-17, 1.27280406708e-17, 1.23372077575e-17, 1.24512784455e-17, 1.27667345255e-17, 1.02295399762e-17, 9.15670078378e-18, 7.3352250867e-18, 4.45929304556e-18, 2.39224686335e-18, 1.04448695653e-18, 2.57019336885e-19, 2.78262007099e-20], "var": [0.127966076136, 2.96262192726, 21.2301044464, 34.9562339783, 253.298950195, 840.149047852, 2055.46166992, 1799.51464844, 3402.14160156, 4641.21337891, 12738.6201172, 17076.7695312, 2469.74169922, 1573.06860352, 13613.3916016, 5498.48730469, 3627.50756836, 3921.86621094, 281.931945801, 342.007446289, 258.858306885, 297.51940918, 166.54208374, 71.2041015625, 44.6318130493, 23.1366176605, 15.1266708374, 7.48942375183, 5.40380001068, 4.87968921661, 3.55386281013, 2.66183805466, 0.995130360126, 0.42514398694, 0.147207021713, 0.0529164411128, 0.00497191306204, 0.000239400134888, 6.15925955572e-06, 1.57834190162e-08]}, "gfcc": {"mean": [-27.2038478851, 143.01864624, -115.030982971, 9.57905864716, -61.6129646301, -2.60994768143, -35.8143081665, 2.37233829498, -19.3950138092, -8.59020709991, -8.85184860229, -1.96104240417, -8.33075809479], "cov": [[13381.421875, -1292.15380859, -191.367614746, 1109.56835938, 10.384771347, 931.795715332, -225.468994141, 705.315185547, -98.2229385376, 234.887298584, -122.498748779, 528.218383789, -11.3265857697], [-1292.15380859, 1769.94970703, -169.844543457, -477.432128906, 54.4690818787, -357.693328857, 160.688278198, -303.333251953, 91.2870559692, -195.332443237, 137.791656494, -196.898254395, 86.5335388184], [-191.367614746, -169.844543457, 323.387542725, 43.2401504517, 80.9636306763, 77.0688323975, 31.5465641022, 37.40650177, 16.4220619202, 41.5739326477, -17.9351921082, 18.6528511047, -3.94153022766], [1109.56835938, -477.432128906, 43.2401504517, 370.538604736, 43.7953948975, 199.165542603, -35.4347000122, 139.418548584, -4.50431680679, 59.8507995605, -31.7555961609, 86.1982955933, -6.14753103256], [10.384771347, 54.4690818787, 80.9636306763, 43.7953948975, 196.625335693, 90.5241088867, 39.364818573, 31.8091068268, 23.7298183441, 14.0080194473, 12.3154525757, 30.8688716888, 10.1859102249], [931.795715332, -357.693328857, 77.0688323975, 199.165542603, 90.5241088867, 256.253845215, 15.6383342743, 124.407943726, -9.61254024506, 63.1979560852, -6.41655540466, 88.8184814453, -17.3632011414], [-225.468994141, 160.688278198, 31.5465641022, -35.4347000122, 39.364818573, 15.6383342743, 115.056556702, 1.82578670979, 17.6967735291, -11.8806724548, 29.4709300995, -12.8758773804, 12.4538459778], [705.315185547, -303.333251953, 37.40650177, 139.418548584, 31.8091068268, 124.407943726, 1.82578670979, 153.041152954, 24.6096382141, 53.7550392151, -18.5497303009, 65.980140686, -5.74686908722], [-98.2229385376, 91.2870559692, 16.4220619202, -4.50431680679, 23.7298183441, -9.61254024506, 17.6967735291, 24.6096382141, 80.4145507812, 26.0028305054, 13.737203598, -8.97542953491, 15.3434705734], [234.887298584, -195.332443237, 41.5739326477, 59.8507995605, 14.0080194473, 63.1979560852, -11.8806724548, 53.7550392151, 26.0028305054, 89.6588439941, 9.79517269135, 26.1353626251, -12.5116090775], [-122.498748779, 137.791656494, -17.9351921082, -31.7555961609, 12.3154525757, -6.41655540466, 29.4709300995, -18.5497303009, 13.737203598, 9.79517269135, 70.7772827148, 13.5100889206, 8.21328353882], [528.218383789, -196.898254395, 18.6528511047, 86.1982955933, 30.8688716888, 88.8184814453, -12.8758773804, 65.980140686, -8.97542953491, 26.1353626251, 13.5100889206, 97.2638626099, 14.6412734985], [-11.3265857697, 86.5335388184, -3.94153022766, -6.14753103256, 10.1859102249, -17.3632011414, 12.4538459778, -5.74686908722, 15.3434705734, -12.5116090775, 8.21328353882, 14.6412734985, 54.3214035034]], "icov": [[0.000176739456947, -0.000391291483538, 0.000103237303847, -0.000280736276181, 0.000403407146223, -0.000464259908767, 0.000315557350405, -0.000571821583435, 0.000507660442963, -0.000523127440829, 0.000673102505971, -0.000719594710972, 0.000107315681817], [-0.000391291483538, 0.00345065421425, 0.000464491429739, 0.00163012195844, -0.00234696129337, 0.00116345542483, -0.0014171525836, 0.00283369841054, -0.00396226160228, 0.00503070978448, -0.00524090602994, 0.00446958187968, -0.00205801660195], [0.000103237303847, 0.000464491429739, 0.00425964361057, 0.000215999709326, -0.00135801068973, -0.000527205236722, -0.0016802403843, 0.0011675140122, -0.00086531258421, -0.00150052760728, 0.00215786532499, -0.000702841789462, -2.80469121208e-05], [-0.000280736276181, 0.00163012195844, 0.000215999709326, 0.00660997349769, -0.00088813441107, -0.00296325236559, 0.00138405896723, -0.000951025751419, -0.00164914666675, 0.00232125283219, -0.00178237259388, 0.00259221484885, -0.00251887715422], [0.000403407146223, -0.00234696129337, -0.00135801068973, -0.00088813441107, 0.00927063263953, -0.00457594683394, 7.26114885765e-05, -0.000574329867959, -0.000418900570367, -0.00166541326325, 0.00338579993695, -0.00443520396948, 0.000763579271734], [-0.000464259908767, 0.00116345542483, -0.000527205236722, -0.00296325236559, -0.00457594683394, 0.0143732903525, -0.0048805498518, -0.00147525733337, 0.0023969959002, -0.00229413527995, -0.00074613338802, -0.00336101581343, 0.00390463299118], [0.000315557350405, -0.0014171525836, -0.0016802403843, 0.00138405896723, 7.26114885765e-05, -0.0048805498518, 0.0158136859536, -0.00643214304, 0.00191637047101, 0.00311067537405, -0.00676167150959, 0.00628873193637, -0.00401904154569], [-0.000571821583435, 0.00283369841054, 0.0011675140122, -0.000951025751419, -0.000574329867959, -0.00147525733337, -0.00643214304, 0.0229234490544, -0.012372372672, 0.000107351232145, 0.0054802945815, -0.00790037028491, 0.00369992293417], [0.000507660442963, -0.00396226160228, -0.00086531258421, -0.00164914666675, -0.000418900570367, 0.0023969959002, 0.00191637047101, -0.012372372672, 0.0270708370954, -0.0124148726463, 0.000289855961455, 0.00419981824234, -0.00641688937321], [-0.000523127440829, 0.00503070978448, -0.00150052760728, 0.00232125283219, -0.00166541326325, -0.00229413527995, 0.00311067537405, 0.000107351232145, -0.0124148726463, 0.0280048400164, -0.0142151452601, 0.0073670479469, 0.00102860783227], [0.000673102505971, -0.00524090602994, 0.00215786532499, -0.00178237259388, 0.00338579993695, -0.00074613338802, -0.00676167150959, 0.0054802945815, 0.000289855961455, -0.0142151452601, 0.0337905064225, -0.0199476219714, 0.00661199167371], [-0.000719594710972, 0.00446958187968, -0.000702841789462, 0.00259221484885, -0.00443520396948, -0.00336101581343, 0.00628873193637, -0.00790037028491, 0.00419981824234, 0.0073670479469, -0.0199476219714, 0.0352591685951, -0.0155247533694], [0.000107315681817, -0.00205801660195, -2.80469121208e-05, -0.00251887715422, 0.000763579271734, 0.00390463299118, -0.00401904154569, 0.00369992293417, -0.00641688937321, 0.00102860783227, 0.00661199167371, -0.0155247533694, 0.0290744528174]]}, "melbands": {"dmean": [0.000910226081032, 0.00111802178435, 0.000673919450492, 0.000751685351133, 0.000643845356535, 0.000349354522768, 0.000222703369218, 0.000352730043232, 0.000282686756691, 0.00019515978056, 9.06691784621e-05, 5.25908326381e-05, 0.000136179412948, 6.63782702759e-05, 4.00304888899e-05, 2.50656757999e-05, 1.62065553013e-05, 8.92639582162e-06, 9.23065817915e-06, 1.19102187455e-05, 8.18550415715e-06, 7.87955195847e-06, 7.37322761779e-06, 4.45039904662e-06, 2.69225483862e-06, 1.95245547729e-06, 1.53360610966e-06, 1.13191003948e-06, 9.90828993963e-07, 7.49550054024e-07, 4.92723302159e-07, 4.57433372958e-07, 4.74988866017e-07, 4.4767287477e-07, 4.13413403066e-07, 3.97662120122e-07, 3.68285839158e-07, 2.48306861295e-07, 2.12124120935e-07, 1.84169280715e-07], "dmean2": [0.00156325870194, 0.00200027902611, 0.00116446614265, 0.00126807356719, 0.00100297783501, 0.000545087328646, 0.000309805589495, 0.000543231435586, 0.000416016409872, 0.000298689876217, 0.000145255951793, 8.30149292597e-05, 0.000219306733925, 0.000106112442154, 6.43850871711e-05, 3.95660281356e-05, 2.6252517273e-05, 1.45942203744e-05, 1.54152912728e-05, 1.9798431822e-05, 1.34861156766e-05, 1.27936746139e-05, 1.2276542293e-05, 7.4959198173e-06, 4.38077950093e-06, 3.13591544909e-06, 2.40560871134e-06, 1.79178198323e-06, 1.52469954173e-06, 1.13512169264e-06, 7.28122927285e-07, 6.69587109314e-07, 7.41484143418e-07, 6.35762944512e-07, 6.09171763699e-07, 5.91196339883e-07, 5.35537139967e-07, 3.57865872047e-07, 3.11347122306e-07, 2.67503082796e-07], "dvar": [4.51024652648e-06, 5.04315221406e-06, 1.16893329505e-06, 1.11995893803e-06, 5.82423808737e-07, 2.08715405847e-07, 1.29860509901e-07, 3.05526754119e-07, 2.88867454401e-07, 1.92539971522e-07, 2.96737248107e-08, 1.09442419571e-08, 7.26382509697e-08, 2.14791722186e-08, 7.01883928755e-09, 8.49515036094e-09, 1.10233830952e-08, 3.99906968651e-10, 2.43180475756e-10, 4.03425876039e-10, 1.98669816709e-10, 1.63191390956e-10, 1.56621077219e-10, 5.32697948252e-11, 1.91544106964e-11, 1.09129458942e-11, 8.26907119167e-12, 5.43736106487e-12, 4.64262395888e-12, 2.45749753013e-12, 9.40338735697e-13, 7.57453290628e-13, 1.09221605284e-12, 9.56437403235e-13, 8.41058722233e-13, 1.04915804777e-12, 7.39544439143e-13, 3.18266707476e-13, 2.43509368485e-13, 1.99187143017e-13], "dvar2": [1.30870903376e-05, 1.44885234477e-05, 3.34903234034e-06, 3.13705731969e-06, 1.33287574045e-06, 4.94388814332e-07, 2.33080669432e-07, 7.3080951779e-07, 6.08003460911e-07, 4.53792750932e-07, 7.50327728838e-08, 2.47665710162e-08, 1.82700787832e-07, 4.69206398179e-08, 1.50062753335e-08, 1.48786352128e-08, 2.13090238788e-08, 9.1411683778e-10, 6.34325536542e-10, 1.05778275028e-09, 4.87170692676e-10, 3.95429716749e-10, 4.13600570459e-10, 1.4197017173e-10, 4.86756364382e-11, 2.60210793884e-11, 1.8952494088e-11, 1.2786166223e-11, 1.08072916935e-11, 5.50726911991e-12, 2.05974386852e-12, 1.60047777982e-12, 2.67407970767e-12, 1.96694722142e-12, 1.7601479085e-12, 2.46261496438e-12, 1.67905782594e-12, 6.4221631485e-13, 5.22252759701e-13, 4.43763000521e-13], "max": [0.0408048927784, 0.03354967013, 0.0130317313597, 0.0151495086029, 0.0160629991442, 0.00947416946292, 0.00783329829574, 0.0101190870628, 0.0121242618188, 0.00856492761523, 0.00428064120933, 0.00266969576478, 0.00429244944826, 0.00408640597016, 0.00224876450375, 0.00579176191241, 0.00727357063442, 0.000916315417271, 0.000223362905672, 0.000309543742333, 0.000212217113585, 0.00017034636403, 0.000195053580683, 0.000145598431118, 9.41721664276e-05, 6.0871050664e-05, 4.44334582426e-05, 3.57555363735e-05, 3.6485685996e-05, 3.209874194e-05, 1.76987559826e-05, 1.5363582861e-05, 1.77915389941e-05, 1.30460703076e-05, 1.22249057313e-05, 1.6501868231e-05, 9.95688242256e-06, 1.23674581118e-05, 6.58207454762e-06, 6.03095440965e-06], "mean": [0.00150174298324, 0.00144574639853, 0.00111472106073, 0.00141237687785, 0.00149364199024, 0.000856394355651, 0.000550311990082, 0.000714529305696, 0.000627720379271, 0.00037914281711, 0.000154574256158, 9.73448404693e-05, 0.00021700153593, 0.000108374479169, 6.66879059281e-05, 4.17429764639e-05, 2.484180186e-05, 1.48032404468e-05, 1.58930815815e-05, 2.00294962269e-05, 1.45175044963e-05, 1.50936912178e-05, 1.35569771373e-05, 8.57099621498e-06, 5.45437069377e-06, 3.79283710572e-06, 2.85718670057e-06, 1.90628645669e-06, 1.49264815263e-06, 1.17497859264e-06, 8.66725713422e-07, 8.27378642043e-07, 7.00240889273e-07, 6.73624469982e-07, 5.88482976127e-07, 5.48448895188e-07, 4.52586817801e-07, 3.53753051741e-07, 2.74700909131e-07, 2.35353823541e-07], "median": [0.000549845630303, 0.000713955610991, 0.000732153828721, 0.00099657732062, 0.00106075033545, 0.000543140107766, 0.00024298709468, 0.000455763656646, 0.000332470546709, 0.000133517867653, 7.43678756407e-05, 5.29799508513e-05, 9.26351931412e-05, 4.97717155667e-05, 3.42950843333e-05, 1.5014951714e-05, 8.50829474075e-06, 7.65103141021e-06, 8.84155542735e-06, 1.07334535642e-05, 8.63174773258e-06, 9.39514393394e-06, 8.29938744573e-06, 5.00212445331e-06, 3.08180483444e-06, 2.09016570807e-06, 1.30530725073e-06, 7.65726383634e-07, 4.89920353175e-07, 3.8978814132e-07, 2.99191071917e-07, 3.22764265093e-07, 2.25635758966e-07, 1.80399197802e-07, 1.59758101859e-07, 1.62225532563e-07, 9.79359953135e-08, 7.15445480637e-08, 4.67960923345e-08, 3.42319523838e-08], "min": [7.4691263494e-25, 1.75052711654e-24, 1.73514393446e-24, 1.67363112487e-24, 1.46726333713e-24, 2.33656991088e-24, 3.12276624118e-24, 3.41549792918e-24, 3.24783303795e-24, 2.9473176594e-24, 2.66711466029e-24, 2.97808895394e-24, 5.59865273501e-24, 5.02086891992e-24, 4.37543397132e-24, 4.3230054867e-24, 5.3471481012e-24, 3.20482138317e-24, 5.55053774181e-24, 4.82671210734e-24, 5.31193532255e-24, 5.13717304976e-24, 5.01869481926e-24, 4.82565187828e-24, 3.6042076572e-24, 5.86461363933e-24, 7.04910801004e-24, 4.29317352827e-24, 7.92934425163e-24, 6.34293432161e-24, 4.2015611392e-24, 5.65640208643e-24, 7.02980616141e-24, 6.8059739793e-24, 6.29726519166e-24, 8.13110252789e-24, 8.17711993994e-24, 6.74194923937e-24, 7.19930397095e-24, 7.73831053938e-24], "var": [7.25542577129e-06, 5.13674513059e-06, 1.53756695909e-06, 1.98907173399e-06, 2.18344007408e-06, 9.88863348539e-07, 7.03459136275e-07, 6.89758223871e-07, 8.13092754015e-07, 5.18811987149e-07, 6.1667527973e-08, 2.66227413448e-08, 1.41269808296e-07, 4.23574313402e-08, 1.45131791029e-08, 2.00617265023e-08, 1.9528862083e-08, 7.13695547105e-10, 4.29370261568e-10, 7.21361970157e-10, 3.68703984011e-10, 3.57055190969e-10, 3.00736768821e-10, 1.10744330373e-10, 4.63293084452e-11, 2.52950941443e-11, 1.83700814976e-11, 9.59365833303e-12, 6.9438291922e-12, 4.19986441458e-12, 2.13301425134e-12, 1.69425313622e-12, 1.57963388463e-12, 1.60547638552e-12, 1.27278222684e-12, 1.23720272308e-12, 9.2859736827e-13, 5.22017162569e-13, 3.6013217148e-13, 2.92687749037e-13]}, "mfcc": {"mean": [-668.537719727, 173.911117554, 0.198810651898, 14.9708776474, -4.03250026703, -7.21417140961, -7.51250600815, 3.17175030708, -7.2419757843, -4.05109643936, -5.26173448563, 1.62493145466, 0.597323477268], "cov": [[8263.64160156, -1272.36230469, -65.5702362061, 364.201538086, 547.619262695, 286.495361328, 229.098052979, 570.38659668, 287.547546387, 19.1338863373, 143.883773804, 159.531051636, 68.1670761108], [-1272.36230469, 1882.08544922, -168.72253418, -80.8787841797, -194.885894775, -69.0826950073, -52.7304878235, -111.235076904, -137.224868774, 2.95361590385, -75.7410964966, -44.7881851196, -30.2453899384], [-65.5702362061, -168.72253418, 206.482055664, 18.2643890381, 26.6824760437, 27.6420116425, 15.5778999329, -0.0400762781501, 33.528842926, 21.0551948547, 11.0300683975, -0.0590636916459, 4.76975297928], [364.201538086, -80.8787841797, 18.2643890381, 114.368186951, 50.5250053406, 24.6322345734, 14.2414312363, 35.4847373962, 26.192199707, 9.61819267273, 9.28900241852, 6.55936670303, 6.80488204956], [547.619262695, -194.885894775, 26.6824760437, 50.5250053406, 172.159301758, 72.1370620728, 29.8502960205, 64.7917098999, 55.0670051575, 14.1989679337, 23.7283973694, 20.666973114, 14.9509296417], [286.495361328, -69.0826950073, 27.6420116425, 24.6322345734, 72.1370620728, 117.233512878, 64.4167785645, 45.4731788635, 17.5267601013, 19.9909877777, 12.0013885498, 20.6530342102, 9.28611660004], [229.098052979, -52.7304878235, 15.5778999329, 14.2414312363, 29.8502960205, 64.4167785645, 102.730453491, 60.1467514038, 11.5935153961, 12.6151533127, 10.1160306931, 9.65811347961, 14.1368236542], [570.38659668, -111.235076904, -0.0400762781501, 35.4847373962, 64.7917098999, 45.4731788635, 60.1467514038, 125.593299866, 44.7093200684, 3.73031568527, 12.7143230438, 15.3997173309, 12.1520433426], [287.547546387, -137.224868774, 33.528842926, 26.192199707, 55.0670051575, 17.5267601013, 11.5935153961, 44.7093200684, 91.4032821655, 23.4913597107, 20.0059070587, 3.73674058914, 6.30857515335], [19.1338863373, 2.95361590385, 21.0551948547, 9.61819267273, 14.1989679337, 19.9909877777, 12.6151533127, 3.73031568527, 23.4913597107, 69.7601547241, 31.2846469879, 14.3718824387, 1.21346735954], [143.883773804, -75.7410964966, 11.0300683975, 9.28900241852, 23.7283973694, 12.0013885498, 10.1160306931, 12.7143230438, 20.0059070587, 31.2846469879, 68.9273452759, 33.8779449463, 2.61865663528], [159.531051636, -44.7881851196, -0.0590636916459, 6.55936670303, 20.666973114, 20.6530342102, 9.65811347961, 15.3997173309, 3.73674058914, 14.3718824387, 33.8779449463, 59.3969650269, 21.8726806641], [68.1670761108, -30.2453899384, 4.76975297928, 6.80488204956, 14.9509296417, 9.28611660004, 14.1368236542, 12.1520433426, 6.30857515335, 1.21346735954, 2.61865663528, 21.8726806641, 54.8488044739]], "icov": [[0.000218384127948, 7.30804822524e-05, 0.000196313354536, -0.000337050209055, -0.000218605709961, -8.24087110232e-05, 8.66060436238e-05, -0.000669754168484, -0.000103729733382, 0.000128651168779, -6.81680321577e-05, -0.000254959159065, 0.000107250190922], [7.30804822524e-05, 0.000727075908799, 0.000527676369529, -4.14528076362e-05, 0.000414623325923, -0.000200665352168, 0.000189360129298, -0.000167491511093, 0.000577989325393, -0.000731334963348, 0.000587646791246, 7.46773657738e-05, 7.04836056684e-05], [0.000196313354536, 0.000527676369529, 0.0060052392073, -0.000773482432123, 9.64067585301e-05, -0.0012549291132, -0.000562873668969, 0.00111935718451, -0.00188379024621, -0.000906711968128, 6.04449232924e-05, 0.000577219121624, -0.000292346958304], [-0.000337050209055, -4.14528076362e-05, -0.000773482432123, 0.0110187977552, -0.00167752685957, -0.000195405562408, 0.000624157430138, -0.000934727606364, -0.000199159243493, -0.00100147782359, 7.92120263213e-05, 0.000912590592634, -0.000689832726493], [-0.000218605709961, 0.000414623325923, 9.64067585301e-05, -0.00167752685957, 0.0116780214012, -0.00675391219556, 0.00356394262053, -0.00211750809103, -0.00318104005419, 0.000972974579781, -0.00177830655593, 0.000960532925092, -0.00174294121098], [-8.24087110232e-05, -0.000200665352168, -0.0012549291132, -0.000195405562408, -0.00675391219556, 0.0189908016473, -0.0106307575479, 0.00152398552746, 0.00138890813105, -0.00297977472655, 0.00410298351198, -0.00568959768862, 0.00313246808946], [8.66060436238e-05, 0.000189360129298, -0.000562873668969, 0.000624157430138, 0.00356394262053, -0.0106307575479, 0.0210801009089, -0.00935915485024, 0.00303983618505, -0.00147366069723, -0.00322259613313, 0.00504389638081, -0.00473758764565], [-0.000669754168484, -0.000167491511093, 0.00111935718451, -0.000934727606364, -0.00211750809103, 0.00152398552746, -0.00935915485024, 0.0182870589197, -0.00601992150769, 0.00258973846212, 0.00150440318976, -0.00274542183615, 0.00109658099245], [-0.000103729733382, 0.000577989325393, -0.00188379024621, -0.000199159243493, -0.00318104005419, 0.00138890813105, 0.00303983618505, -0.00601992150769, 0.0190352872014, -0.00558801321313, -0.00257106474601, 0.00479614641517, -0.00203725323081], [0.000128651168779, -0.000731334963348, -0.000906711968128, -0.00100147782359, 0.000972974579781, -0.00297977472655, -0.00147366069723, 0.00258973846212, -0.00558801321313, 0.0214226692915, -0.00871074292809, -0.000568006013054, 0.000496406864841], [-6.81680321577e-05, 0.000587646791246, 6.04449232924e-05, 7.92120263213e-05, -0.00177830655593, 0.00410298351198, -0.00322259613313, 0.00150440318976, -0.00257106474601, -0.00871074292809, 0.0275969058275, -0.0157917942852, 0.00614940188825], [-0.000254959159065, 7.46773657738e-05, 0.000577219121624, 0.000912590592634, 0.000960532925092, -0.00568959768862, 0.00504389638081, -0.00274542183615, 0.00479614641517, -0.000568006013054, -0.0157917942852, 0.0324690230191, -0.0125288497657], [0.000107250190922, 7.04836056684e-05, -0.000292346958304, -0.000689832726493, -0.00174294121098, 0.00313246808946, -0.00473758764565, 0.00109658099245, -0.00203725323081, 0.000496406864841, 0.00614940188825, -0.0125288497657, 0.0240974184126]]}, "spectral_contrast_coeffs": {"dmean": [0.0518295653164, 0.0453188531101, 0.0382662340999, 0.0275874920189, 0.019559212029, 0.0121433828026], "dmean2": [0.0871480554342, 0.0738995745778, 0.0615112781525, 0.0456346906722, 0.0323793441057, 0.0200240146369], "dvar": [0.00168873032089, 0.00138194812462, 0.000965353508946, 0.000477546534967, 0.000238982538576, 9.51042457018e-05], "dvar2": [0.00466315308586, 0.0036670404952, 0.00249326252379, 0.00126569787972, 0.000629572139587, 0.000245127419475], "max": [-0.294310152531, -0.39500951767, -0.462057113647, -0.544147193432, -0.642698526382, -0.673931837082], "mean": [-0.5870423913, -0.695342123508, -0.729518413544, -0.788533091545, -0.792594790459, -0.785477697849], "median": [-0.59488427639, -0.697061181068, -0.734246253967, -0.791384875774, -0.792572975159, -0.78526943922], "min": [-0.978449583054, -0.994789421558, -0.994952976704, -0.990239977837, -0.987408399582, -0.963870465755], "var": [0.00795069430023, 0.0046979538165, 0.00399277824908, 0.0017384205712, 0.00106232159305, 0.000648363376968]}, "spectral_contrast_valleys": {"dmean": [0.425825536251, 0.313358426094, 0.271417081356, 0.236595243216, 0.209889307618, 0.254635035992], "dmean2": [0.718772947788, 0.515799164772, 0.443189054728, 0.379890739918, 0.302669495344, 0.311779171228], "dvar": [0.167935684323, 0.124808505177, 0.093763448298, 0.0827638581395, 0.0824252516031, 0.112981297076], "dvar2": [0.375397711992, 0.2364320755, 0.177102193236, 0.137889295816, 0.116338603199, 0.157875284553], "max": [-4.79410600662, -4.58434391022, 