{"lowlevel": {"average_loudness": 0.900917589664, "barkbands_crest": {"dmean": 2.49430584908, "dmean2": 3.76021575928, "dvar": 5.27875757217, "dvar2": 12.7692375183, "max": 26.8695297241, "mean": 17.9234714508, "median": 17.672334671, "min": 4.83494997025, "var": 21.0667381287}, "barkbands_flatness_db": {"dmean": 0.0289967805147, "dmean2": 0.043072167784, "dvar": 0.000967436586507, "dvar2": 0.00237547699362, "max": 0.894974350929, "mean": 0.50399518013, "median": 0.497298270464, "min": 0.0560420081019, "var": 0.0157687421888}, "barkbands_kurtosis": {"dmean": 20.2184658051, "dmean2": 29.4463615417, "dvar": 2484.67163086, "dvar2": 5307.52734375, "max": 1690.17126465, "mean": 40.4545021057, "median": 19.2627220154, "min": -1.83018660545, "var": 5219.07519531}, "barkbands_skewness": {"dmean": 0.956571638584, "dmean2": 1.36205363274, "dvar": 1.61897242069, "dvar2": 3.49711084366, "max": 30.1613826752, "mean": 2.83645296097, "median": 2.4410636425, "min": -3.7433013916, "var": 6.82344865799}, "barkbands_spread": {"dmean": 0.390664547682, "dmean2": 0.571797549725, "dvar": 2.08232545853, "dvar2": 4.11983060837, "max": 90.0095977783, "mean": 1.77941668034, "median": 0.522593736649, "min": 0.0127552766353, "var": 49.4991912842}, "dissonance": {"dmean": 0.0594791583717, "dmean2": 0.100427813828, "dvar": 0.0034894591663, "dvar2": 0.00921923946589, "max": 0.499884963036, "mean": 0.233797580004, "median": 0.22898426652, "min": 0.0196389295161, "var": 0.0111708249897}, "dynamic_complexity": 4.31783056259, "erbbands_crest": {"dmean": 2.88693475723, "dmean2": 4.33511352539, "dvar": 7.60898590088, "dvar2": 18.1636543274, "max": 33.0398712158, "mean": 19.5560741425, "median": 19.2884483337, "min": 2.61084461212, "var": 37.0627593994}, "erbbands_flatness_db": {"dmean": 0.0253547355533, "dmean2": 0.0360197648406, "dvar": 0.000630392343737, "dvar2": 0.00147709646262, "max": 0.699272453785, "mean": 0.443143934011, "median": 0.442401736975, "min": 0.0732766017318, "var": 0.0102829756215}, "erbbands_kurtosis": {"dmean": 6.14035701752, "dmean2": 8.5297164917, "dvar": 77.6262512207, "dvar2": 151.981582642, "max": 149.527145386, "mean": 14.4774551392, "median": 8.71378421783, "min": -1.59176492691, "var": 321.103851318}, "erbbands_skewness": {"dmean": 0.565159380436, "dmean2": 0.791648983955, "dvar": 0.293571591377, "dvar2": 0.633205294609, "max": 10.547372818, "mean": 1.65409600735, "median": 1.48975110054, "min": -1.556828022, "var": 2.27227330208}, "erbbands_spread": {"dmean": 1.19304287434, "dmean2": 1.71159660816, "dvar": 3.97276163101, "dvar2": 8.54360485077, "max": 110.824150085, "mean": 4.43210744858, "median": 2.40897727013, "min": 0.236541420221, "var": 81.1380615234}, "hfc": {"dmean": 2.27539944649, "dmean2": 3.22535204887, "dvar": 9.60315704346, "dvar2": 25.3632144928, "max": 53.5170402527, "mean": 6.96354532242, "median": 5.37636470795, "min": 1.06481180161e-16, "var": 39.9191474915}, "melbands_crest": {"dmean": 3.1969461441, "dmean2": 4.81578826904, "dvar": 8.44531726837, "dvar2": 20.2974491119, "max": 34.4717102051, "mean": 21.3087921143, "median": 20.968044281, "min": 1.5128762722, "var": 34.4332580566}, "melbands_flatness_db": {"dmean": 0.0290259830654, "dmean2": 0.0419983230531, "dvar": 0.00105559127405, "dvar2": 0.00256542558782, "max": 0.982868015766, "mean": 0.582841098309, "median": 0.579268157482, "min": 0.00376203795895, "var": 0.0203269924968}, "melbands_kurtosis": {"dmean": 5.41076898575, "dmean2": 8.00190162659, "dvar": 211.899627686, "dvar2": 487.567596436, "max": 653.086120605, "mean": 11.7307472229, "median": 5.90526199341, "min": -1.48737537861, "var": 951.255493164}, "melbands_skewness": {"dmean": 0.605770766735, "dmean2": 0.838582873344, "dvar": 0.467245310545, "dvar2": 1.02674341202, "max": 20.6631717682, "mean": 1.20781362057, "median": 1.01580381393, "min": -2.38097143173, "var": 2.57773184776}, "melbands_spread": {"dmean": 0.727522134781, "dmean2": 1.09200286865, "dvar": 9.07412052155, "dvar2": 18.1940746307, "max": 164.503234863, "mean": 4.81841039658, "median": 1.31999278069, "min": 0.208964705467, "var": 411.828491211}, "pitch_salience": {"dmean": 0.0615010783076, "dmean2": 0.0918183922768, "dvar": 0.00362185714766, "dvar2": 0.00836345274001, "max": 0.96525490284, "mean": 0.435214489698, "median": 0.45099490881, "min": 0.0691965967417, "var": 0.0158747658134}, "silence_rate_20dB": {"dmean": 0, "dmean2": 0, "dvar": 0, "dvar2": 0, "max": 1, "mean": 1, "median": 1, "min": 1, "var": 0}, "silence_rate_30dB": {"dmean": 0.00138888892252, "dmean2": 0.0027782600373, "dvar": 0.00138694164343, "dvar2": 0.00381231494248, "max": 1, "mean": 0.999132096767, "median": 1, "min": 0, "var": 0.000867191061843}, "silence_rate_60dB": {"dmean": 0.0125000001863, "dmean2": 0.0250043403357, "dvar": 0.0123435407877, "dvar2": 0.0302833206952, "max": 1, "mean": 0.131053641438, "median": 0, "min": 0, "var": 0.113883771002}, "spectral_centroid": {"dmean": 27.1870384216, "dmean2": 37.7701683044, "dvar": 33675.7265625, "dvar2": 50623.2265625, "max": 11633.6103516, "mean": 525.770935059, "median": 331.088226318, "min": 221.6222229, "var": 1791709.75}, "spectral_complexity": {"dmean": 0.53125, "dmean2": 0.957110583782, "dvar": 0.48200955987, "dvar2": 1.15408968925, "max": 13, "mean": 3.51293182373, "median": 4, "min": 0, "var": 2.57477045059}, "spectral_decrease": {"dmean": 1.65271707431e-09, "dmean2": 2.28675078873e-09, "dvar": 4.83205578475e-18, "dvar2": 1.25211230949e-17, "max": 2.45379363837e-28, "mean": -5.44503553357e-09, "median": -4.39759162418e-09, "min": -3.69894692653e-08, "var": 2.17117788156e-17}, "spectral_energy": {"dmean": 0.00644243974239, "dmean2": 0.00892175268382, "dvar": 7.35409121262e-05, "dvar2": 0.000190721533727, "max": 0.144460707903, "mean": 0.0211823750287, "median": 0.0171238258481, "min": 9.98524371757e-21, "var": 0.000329507282004}, "spectral_energyband_high": {"dmean": 2.83966556935e-07, "dmean2": 4.59784928353e-07, "dvar": 1.84501090621e-12, "dvar2": 5.32212858853e-12, "max": 5.4064730648e-05, "mean": 8.74603131251e-07, "median": 1.98743080659e-07, "min": 6.86453522006e-21, "var": 2.75610068622e-12}, "spectral_energyband_low": {"dmean": 7.06920718585e-06, "dmean2": 1.02027197499e-05, "dvar": 6.10646533339e-10, "dvar2": 1.38375422232e-09, "max": 0.00153333100025, "mean": 2.83301742456e-05, "median": 5.40209612154e-07, "min": 1.49145466397e-23, "var": 1.43682150622e-08}, "spectral_energyband_middle_high": {"dmean": 3.23083913827e-05, "dmean2": 4.19765492552e-05, "dvar": 1.04271329349e-08, "dvar2": 1.96212290859e-08, "max": 0.00321606663056, "mean": 8.8886161393e-05, "median": 2.08713245229e-05, "min": 1.18688543336e-21, "var": 4.68588794433e-08}, "spectral_energyband_middle_low": {"dmean": 0.0064393687062, "dmean2": 0.00891274958849, "dvar": 7.33637571102e-05, "dvar2": 0.000190195365576, "max": 0.144353270531, "mean": 0.0210898872465, "median": 0.0169945918024, "min": 1.71469507419e-22, "var": 0.000328336347593}, "spectral_entropy": {"dmean": 0.196814596653, "dmean2": 0.285772055387, "dvar": 0.0545773133636, "dvar2": 0.130724817514, "max": 9.82830142975, "mean": 4.43215322495, "median": 4.30964374542, "min": 2.72827291489, "var": 1.02104794979}, "spectral_flux": {"dmean": 0.0168196540326, "dmean2": 0.0282234847546, "dvar": 0.000365789484931, "dvar2": 0.000998949864879, "max": 0.253477692604, "mean": 0.0368700064719, "median": 0.0318573825061, "min": 6.44627962121e-11, "var": 0.000776051834691}, "spectral_kurtosis": {"dmean": 69.0584182739, "dmean2": 117.676986694, "dvar": 22069.2578125, "dvar2": 66217.2109375, "max": 2123.42749023, "mean": 166.117584229, "median": 118.433898926, "min": -1.25603640079, "var": 34630.6054688}, "spectral_rms": {"dmean": 0.000645242107566, "dmean2": 0.000859516148921, "dvar": 4.64019052515e-07, "dvar2": 1.12796953999e-06, "max": 0.0118717011064, "mean": 0.00405487092212, "median": 0.00408731820062, "min": 3.12116977229e-12, "var": 4.22365428676e-06}, "spectral_rolloff": {"dmean": 47.9970283508, "dmean2": 76.130241394, "dvar": 144739.59375, "dvar2": 206709.6875, "max": 19659.8144531, "mean": 883.012939453, "median": 387.59765625, "min": 236.865234375, "var": 8490841}, "spectral_skewness": {"dmean": 1.8037507534, "dmean2": 2.98596549034, "dvar": 5.80026197433, "dvar2": 16.667766571, "max": 38.2361907959, "mean": 9.86496829987, "median": 9.02954292297, "min": -0.0914752855897, "var": 24.4644393921}, "spectral_spread": {"dmean": 397633.375, "dmean2": 671212.8125, "dvar": 544949993472, "dvar2": 914542034944, "max": 42151676, "mean": 1836327.625, "median": 1045868.5625, "min": 44622.4648438, "var": 24512405962800.0}, "spectral_strongpeak": {"dmean": 0.348065674305, "dmean2": 0.501904547215, "dvar": 0.164137423038, "dvar2": 0.365424126387, "max": 5.02312994003, "mean": 1.38154256344, "median": 1.21867406368, "min": 0, "var": 0.838986694813}, "zerocrossingrate": {"dmean": 0.00167541508563, "dmean2": 0.0021396537777, "dvar": 5.35882645636e-05, "dvar2": 6.16385077592e-05, "max": 0.52685546875, "mean": 0.0285199135542, "median": 0.015625, "min": 0.00927734375, "var": 0.00577266467735}, "barkbands": {"dmean": [2.97182594977e-07, 4.69549604531e-06, 9.91233946479e-07, 7.99405916041e-06, 0.00152055162471, 0.005777802784, 0.00059183180565, 7.2569862823e-05, 0.000148883278598, 3.21685511153e-05, 1.07836676762e-05, 2.36280084209e-06, 1.05307174181e-06, 5.49117999071e-07, 8.59120575569e-07, 3.70494234403e-07, 3.07132467015e-07, 2.55324664522e-07, 1.80697355745e-07, 1.52294546751e-07, 1.17007168399e-07, 7.34464080665e-08, 2.18312834477e-08, 1.6284815274e-08, 1.34986128941e-08, 5.58668844519e-08, 4.99763563866e-09], "dmean2": [5.35390768164e-07, 6.83439975546e-06, 1.75875493369e-06, 1.18619218483e-05, 0.00120726157911, 0.00823297258466, 0.000820775690954, 0.000106427258288, 0.000221697526285, 4.24576792284e-05, 1.42309572766e-05, 3.66601943824e-06, 1.59768899266e-06, 8.95877633411e-07, 1.37372364861e-06, 6.13230042745e-07, 5.21124206898e-07, 3.93243709595e-07, 2.93544303531e-07, 2.23198370009e-07, 1.84172947115e-07, 1.2701654839e-07, 3.91965357949e-08, 2.92878610253e-08, 2.41287079206e-08, 8.63518465621e-08, 9.62780788427e-09], "dvar": [4.33763008151e-12, 2.35013286609e-10, 3.93846795455e-11, 1.02041086691e-09, 4.01889701607e-06, 6.98761359672e-05, 1.88679200619e-06, 6.50389395673e-08, 1.57022370217e-07, 9.99706628591e-09, 1.75173731076e-09, 8.42167932613e-11, 1.35692655029e-11, 5.38104456826e-12, 1.15266979989e-11, 3.06125350763e-12, 1.80504764781e-12, 9.88470481682e-13, 3.06568599716e-13, 1.92535101902e-13, 1.31947756757e-13, 7.00691742584e-14, 3.47890729353e-14, 2.459978327e-14, 1.9772630595e-14, 8.27105853425e-14, 1.10222279844e-14], "dvar2": [1.18826745318e-11, 4.30945168439e-10, 1.16211637535e-10, 1.84325144037e-09, 3.15203578793e-06, 0.000178571383003, 4.45507612312e-06, 1.43573814171e-07, 3.6783578139e-07, 1.70835008362e-08, 2.56301957435e-09, 2.19712859018e-10, 3.73640458851e-11, 1.52427133415e-11, 2.99463960574e-11, 8.83398042217e-12, 5.21144282242e-12, 2.57993539726e-12, 8.43801428469e-13, 4.23241872322e-13, 3.31913614432e-13, 2.02975087909e-13, 1.03467622382e-13, 7.3326619028e-14, 5.90471749729e-14, 2.19643219086e-13, 3.30307341808e-14], "max": [6.64816761855e-05, 0.000464964366984, 0.000219108071178, 0.00367706408724, 0.0617867484689, 0.141440406442, 0.0341655649245, 0.00748200155795, 0.00783549249172, 0.00320390402339, 0.00246662180871, 0.000259069754975, 0.000113557711302, 6.43876919639e-05, 0.000145329235238, 5.85306152061e-05, 5.02111361129e-05, 3.90993045585e-05, 1.00630268207e-05, 1.37805518534e-05, 9.73234182311e-06, 8.88357135409e-06, 7.61813089412e-06, 6.78887454342e-06, 6.19385264145e-06, 1.31019933178e-05, 4.72437341159e-06], "mean": [2.5607016596e-07, 1.03742222564e-05, 1.57152760494e-06, 4.43943063146e-05, 0.006342462264, 0.0128276739269, 0.00140756962355, 0.000143371056765, 0.000297164777294, 6.8521090725e-05, 2.66956303676e-05, 4.56523866887e-06, 2.31676790463e-06, 9.43026577716e-07, 1.5587386315e-06, 6.78312233049e-07, 4.4982184022e-07, 4.38447301576e-07, 3.29105318997e-07, 3.69555777979e-07, 2.6247482765e-07, 1.49534258753e-07, 3.96712707129e-08, 3.5535300924e-08, 3.89869292405e-08, 1.94492685068e-07, 5.60609381139e-09], "median": [3.00704066092e-08, 1.3734438653e-07, 1.48470434169e-07, 2.93591710943e-06, 0.00442505208775, 0.00755758723244, 0.000206637851079, 3.7197439724e-06, 4.54677829111e-05, 7.83354425948e-06, 3.34240485245e-06, 9.7671261301e-07, 8.49110392664e-07, 2.66829914608e-07, 1.6791304347e-07, 1.13802727242e-07, 9.59560750857e-08, 1.25367890291e-07, 8.707015553e-08, 5.61135706789e-08, 3.02722220624e-08, 2.43238531539e-08, 8.75264838385e-09, 8.77401618027e-09, 7.92400722816e-09, 2.82099410498e-08, 8.286830111e-10], "min": [8.77697391379e-25, 3.24170615252e-24, 9.11243602766e-25, 2.25031664836e-24, 1.03594413142e-23, 1.14616709032e-23, 9.40720573781e-24, 6.5484077383e-24, 1.61372510661e-23, 9.81392743218e-24, 1.71570967553e-23, 2.56890534301e-23, 2.45599284175e-23, 3.25364891498e-23, 3.91167282144e-23, 3.94786418205e-23, 6.2133720432e-23, 8.48099247384e-23, 1.37486906856e-22, 1.80995955793e-22, 2.41235709544e-22, 2.35112179923e-22, 3.58919115345e-22, 6.24162803108e-22, 8.35287830739e-22, 1.34204086812e-21, 1.98590151541e-21], "var": [3.05959749723e-12, 1.35969457915e-09, 4.70313787915e-11, 7.01074469589e-08, 4.73053114547e-05, 0.0002453167981, 7.13437248123e-06, 1.94654802499e-07, 4.55894934248e-07, 4.16221226374e-08, 1.06563895486e-08, 1.40862599363e-10, 1.97668253293e-11, 7.40355606682e-12, 2.44818124107e-11, 4.28287960652e-12, 1.79209186553e-12, 1.24172915873e-12, 4.68996965829e-13, 8.0179070848e-13, 3.79997248945e-13, 1.07434054058e-13, 2.40780939837e-14, 1.68555795677e-14, 1.55194054222e-14, 3.80170612872e-13, 5.6482549791e-15]}, "erbbands": {"dmean": [0.000129244537675, 0.00113883509766, 0.00210880301893, 0.0586939193308, 2.72930407524, 6.40439987183, 8.93948841095, 63.2824935913, 22.5214500427, 3.84388971329, 1.19258832932, 3.2288954258, 1.97361910343, 0.824020922184, 0.419110119343, 0.0927815362811, 0.0513952635229, 0.0326298102736, 0.0449410825968, 0.0309479497373, 0.0155762927607, 0.0134234922007, 0.0156536120921, 0.011146903038, 0.0078239524737, 0.00829329062253, 0.00566193647683, 0.0044324840419, 0.00225118384697, 0.00114998081699, 0.000684925762471, 0.000420406198828, 0.000244519353146, 0.000152578548295, 0.000100285746157, 9.31177419261e-05, 0.000206695141969, 9.47821899899e-06, 3.61647039426e-06, 7.18223236618e-06], "dmean2": [0.000214922547457, 0.00154565088451, 0.00261573190801, 0.0554029494524, 2.26001000404, 5.11319494247, 11.9144735336, 91.3030700684, 32.0839576721, 5.76334667206, 1.73187196255, 4.87464475632, 2.88520145416, 0.999884068966, 0.549132823944, 0.137873575091, 0.0774398222566, 0.0528681017458, 0.0726794376969, 0.0483719334006, 0.0258679110557, 0.0226417779922, 0.0246281884611, 0.0180899892002, 0.0123462332413, 0.0118833770975, 0.00870814640075, 0.00725250178948, 0.00383630534634, 0.0020276652649, 0.00122095074039, 0.00075032497989, 0.000439453753643, 0.000276515231235, 0.000177711204742, 0.000154022767674, 0.000310402654577, 1.58026759891e-05, 5.37688720215e-06, 9.97357983579e-06], "dvar": [1.64318791462e-07, 1.36481594382e-05, 3.90649875044e-05, 0.00639791367576, 12.1861448288, 76.5914306641, 336.185638428, 8940.43847656, 1585.84741211, 132.322555542, 16.1093120575, 78.4979248047, 40.8968811035, 7.40131902695, 2.05263376236, 0.106229037046, 0.0318329147995, 0.018522452563, 0.0376038998365, 0.0155838821083, 0.00673447456211, 0.00465124519542, 0.00339749548584, 0.00145007541869, 0.000544345588423, 0.000495164771564, 0.000284049310721, 0.000185425087693, 8.48714262247e-05, 4.64611075586e-05, 2.77497874777e-05, 1.32957302412e-05, 5.86351461607e-06, 2.5727956654e-06, 9.41305131619e-07, 3.31401025733e-07, 1.13600549412e-06, 6.50131015689e-09, 2.74404138301e-10, 9.2450005984e-11], "dvar2": [4.23409346695e-07, 2.25428047997e-05, 0.000106764193333, 0.00840850267559, 9.88944149017, 67.4057540894, 646.075561523, 22844.6777344, 4097.0078125, 328.728240967, 35.7918624878, 183.571975708, 98.8692169189, 10.7232532501, 3.08883047104, 0.273272335529, 0.0877892896533, 0.0524832122028, 0.0990351513028, 0.0396691672504, 0.0195312928408, 0.0134881520644, 0.00918950326741, 0.0040937140584, 0.00140407623257, 0.00102485052776, 0.000693348702043, 0.000499809510075, 0.000246014475124, 0.000137792769237, 8.24560702313e-05, 3.95469542127e-05, 1.75070199475e-05, 7.69166308601e-06, 2.81154143522e-06, 9.46388126977e-07, 2.97324777421e-06, 1.91613551692e-08, 8.15625955664e-10, 2.40727493495e-10], "max": [0.0103049809113, 0.116825588048, 0.215245231986, 6.11953496933, 119.357521057, 247.688491821, 471.079406738, 1736.85046387, 727.240356445, 201.717758179, 115.826637268, 184.632843018, 164.144256592, 116.975440979, 76.7527313232, 9.3958272934, 5.76001548767, 3.82513165474, 9.03242683411, 3.39996743202, 3.21344280243, 2.72636580467, 2.35723257065, 0.835169792175, 0.485432475805, 0.750121831894, 0.398002415895, 0.384416073561, 0.331338524818, 0.270840734243, 0.212680906057, 0.153817296028, 0.10646981746, 0.0707090497017, 0.0425046086311, 0.0221501421183, 0.0525951310992, 0.00338652450591, 0.000725421821699, 0.000160524592502], "mean": [0.000280267762719, 0.00275731249712, 0.00803676899523, 0.280395358801, 11.4548015594, 26.5718593597, 22.2817192078, 136.95501709, 52.5978889465, 8.67890834808, 2.77440166473, 6.51705026627, 3.83382916451, 1.94272422791, 1.06388497353, 0.215430602431, 0.121782243252, 0.0645945817232, 0.0781400799751, 0.058272652328, 0.0280861184001, 0.020384369418, 0.0283685605973, 0.0195078477263, 0.0157772731036, 0.021102251485, 0.0118391439319, 0.00887891463935, 0.00453688576818, 0.00230701873079, 0.00142898305785, 0.000865448091645, 0.000543747621123, 0.000392708840081, 0.000292500917567, 0.000361505517503, 0.000677054165863, 2.89784929919e-05, 1.11441468107e-05, 2.35136576521e-05], "median": [3.90841414628e-05, 0.000345222622855, 0.00461117224768, 0.163861498237, 8.0721540451, 18.7140159607, 9.31068706512, 75.1970977783, 21.7233943939, 1.39780092239, 0.480662226677, 1.03616285324, 0.815347969532, 0.248207360506, 0.18096357584, 0.0663727223873, 0.048687748611, 0.025876255706, 0.0125902416185, 0.0121744507924, 0.00837618485093, 0.0061329449527, 0.00834589172155, 0.00626456364989, 0.00363185885362, 0.00312211504206, 0.00166262418497, 0.00115245964844, 0.000873394252267, 0.000540253531653, 0.000301631109323, 0.000207483084523, 0.00015155012079, 9.74436843535e-05, 7.03332116245e-05, 7.43031414459e-05, 9.12502946449e-05, 5.43106716577e-06, 8.68835923029e-06, 1.89659640455e-05], "min": [8.61177488342e-23, 4.95629972397e-22, 2.45565447722e-21, 7.52418671697e-21, 1.28657410655e-20, 3.35587433007e-20, 6.72799112694e-20, 9.86153352552e-20, 1.18109526601e-19, 2.20221742046e-19, 2.29470034885e-19, 3.62291640764e-19, 5.23694094566e-19, 5.03174018315e-19, 8.80654427035e-19, 1.06709307889e-18, 1.34295936414e-18, 1.96595788711e-18, 2.16374959287e-18, 2.56655615229e-18, 3.42111148004e-18, 3.58535563529e-18, 5.48951920153e-18, 6.10149926515e-18, 9.35033053029e-18, 8.04097393097e-18, 1.02755270823e-17, 1.05518757173e-17, 8.05949202335e-18, 1.03803391378e-17, 1.16696192364e-17, 1.07048015602e-17, 9.06963009814e-18, 7.37582393835e-18, 6.18225318604e-18, 3.55474044005e-18, 2.62729519749e-18, 9.48015466628e-19, 2.42810002473e-19, 2.76837834729e-20], "var": [6.90931983627e-07, 8.22231377242e-05, 0.000196728040464, 0.235557600856, 152.876113892, 822.153686523, 1516.04980469, 30830.0390625, 6563.2890625, 379.137908936, 53.5899353027, 237.685882568, 98.3125, 35.7862739563, 13.1241140366, 0.213850781322, 0.0489977709949, 0.0261288229376, 0.0674001798034, 0.0298727173358, 0.00652078352869, 0.00386553024873, 0.00441487785429, 0.00193582591601, 0.000963578640949, 0.00240129465237, 0.000700995500665, 0.000439076015027, 0.000101723911939, 4.77038447571e-05, 2.47588450293e-05, 9.86022769212e-06, 3.85606017517e-06, 1.80214260581e-06, 7.6699126339e-07, 8.81539335751e-07, 5.36146717423e-06, 8.01849076026e-09, 2.14845863322e-10, 4.06510103357e-10]}, "gfcc": {"mean": [-299.131500244, 179.024871826, -52.0279579163, -38.9512329102, -82.7112350464, -59.5429000854, -49.8059196472, -32.9288215637, -35.6180648804, -15.3831205368, -11.1707286835, 1.26132535934, 1.77307140827], "cov": [[28794.9609375, 4037.57983398, -2099.71948242, -728.113647461, -1416.62963867, -1108.30993652, -573.361694336, -343.40411377, -918.195373535, -151.390350342, -569.921630859, 9.50452709198, -23.3190917969], [4037.57983398, 2306.05712891, 483.322753906, -495.41619873, -204.322509766, -477.198272705, -174.896957397, -336.123199463, -61.8851547241, -296.863464355, 11.7842283249, -197.788635254, 70.7905578613], [-2099.71948242, 483.322753906, 1065.02282715, -215.667404175, 70.4399185181, -27.5027675629, -91.6638565063, -58.4257164001, 105.235038757, -132.152297974, 46.9850845337, -133.343811035, 52.1717948914], [-728.113647461, -495.41619873, -215.667404175, 428.396209717, 186.404953003, 124.496528625, 101.777839661, 18.355140686, -13.0934123993, 73.642829895, 2.15021348, 58.8084373474, -18.936126709], [-1416.62963867, -204.322509766, 70.4399185181, 186.404953003, 389.524536133, 211.002838135, 80.473526001, 44.2072067261, 68.3521499634, 26.0895347595, 60.7302780151, 39.0239105225, 17.6897964478], [-1108.30993652, -477.198272705, -27.5027675629, 124.496528625, 211.002838135, 308.324493408, 71.1569519043, 123.15789032, 29.9748268127, 42.9945144653, -8.45616149902, 66.6645431519, -12.5663766861], [-573.361694336, -174.896957397, -91.6638565063, 101.777839661, 80.473526001, 71.1569519043, 150.222900391, 40.7683258057, 4.34695291519, 18.6126842499, 0.148581236601, 1.12654328346, 2.5709605217], [-343.40411377, -336.123199463, -58.4257164001, 18.355140686, 44.2072067261, 123.15789032, 40.7683258057, 156.249160767, 30.6798801422, 47.1236610413, -20.8153896332, 29.9636478424, -14.6663713455], [-918.195373535, -61.8851547241, 105.235038757, -13.0934123993, 68.3521499634, 29.9748268127, 4.34695291519, 30.6798801422, 132.353881836, 34.3119773865, 54.5477600098, -1.56259906292, 10.6154870987], [-151.390350342, -296.863464355, -132.152297974, 73.642829895, 26.0895347595, 42.9945144653, 18.6126842499, 47.1236610413, 34.3119773865, 135.366104126, 37.8180503845, 33.788230896, -14.1595649719], [-569.921630859, 11.7842283249, 46.9850845337, 2.15021348, 60.7302780151, -8.45616149902, 0.148581236601, -20.8153896332, 54.5477600098, 37.8180503845, 123.769859314, 32.6460494995, 15.6115474701], [9.50452709198, -197.788635254, -133.343811035, 58.8084373474, 39.0239105225, 66.6645431519, 1.12654328346, 29.9636478424, -1.56259906292, 33.788230896, 32.6460494995, 121.212692261, 12.5523462296], [-23.3190917969, 70.7905578613, 52.1717948914, -18.936126709, 17.6897964478, -12.5663766861, 2.5709605217, -14.6663713455, 10.6154870987, -14.1595649719, 15.6115474701, 12.5523462296, 87.3181152344]], "icov": [[0.000169510836713, -0.000545890710782, 0.000338304962497, -0.000187267927686, 0.000267054187134, -8.73385652085e-05, 0.000479950045701, -0.000597808219027, 0.000629867310636, -0.000713827437721, 0.000496972817928, -0.000243524569669, -0.000182300980669], [-0.000545890710782, 0.00303362752311, -0.00105803471524, 0.00175743689761, -0.00178612582386, 0.00157713482622, -0.00146424432751, 0.00321621564217, -0.00178187817801, 0.00362052023411, -0.00161879183725, 0.00125529745128, 0.000492932798807], [0.000338304962497, -0.00105803471524, 0.00243257521652, -5.6996857893e-05, 0.000270921242191, -0.000890195195097, 0.00213790219277, -0.00112686795183, 0.000284800888039, 0.000209172721952, -0.000144054298289, 0.00171758467332, -0.00117476412561], [-0.000187267927686, 0.00175743689761, -5.6996857893e-05, 0.00573495263234, -0.00338771659881, 0.00147116056178, -0.00244116061367, 0.00366542604752, 0.000189499827684, -0.000360616395483, 0.0014046971919, -0.00096363062039, 0.00119440152775], [0.000267054187134, -0.00178612582386, 0.000270921242191, -0.00338771659881, 0.00783697329462, -0.00559986010194, 0.000211587394006, -0.000981197576039, -0.000805076677352, -0.000354725751095, -0.00257577747107, 0.000746068079025, -0.00154818838928], [-8.73385652085e-05, 0.00157713482622, -0.000890195195097, 0.00147116056178, -0.00559986010194, 0.0108588105068, -0.00150402728468, -0.00287528475747, 0.000485636905069, 0.000670627050567, 0.00310993543826, -0.00376633205451, 0.0018426560564], [0.000479950045701, -0.00146424432751, 0.00213790219277, -0.00244116061367, 0.000211587394006, -0.00150402728468, 0.0114766350016, -0.00417226320133, 0.00218068691902, -0.000391404813854, -0.000766676967032, 0.00339246285148, -0.00246872287244], [-0.000597808219027, 0.00321621564217, -0.00112686795183, 0.00366542604752, -0.000981197576039, -0.00287528475747, -0.00417226320133, 0.0163815263659, -0.00514601869509, 0.00023959716782, 0.00255133165047, -0.000831648008898, 0.00168831157498], [0.000629867310636, -0.00178187817801, 0.000284800888039, 0.000189499827684, -0.000805076677352, 0.000485636905069, 0.00218068691902, -0.00514601869509, 0.0147693064064, -0.00495752878487, -0.00252923299558, 0.000916213844903, -0.00149078888353], [-0.000713827437721, 0.00362052023411, 0.000209172721952, -0.000360616395483, -0.000354725751095, 0.000670627050567, -0.000391404813854, 0.00023959716782, -0.00495752878487, 0.0175001993775, -0.00756157236174, 0.00302369636483, 0.00124890229199], [0.000496972817928, -0.00161879183725, -0.000144054298289, 0.0014046971919, -0.00257577747107, 0.00310993543826, -0.000766676967032, 0.00255133165047, -0.00252923299558, -0.00756157236174, 0.0179086979479, -0.00779985915869, 0.000256982195424], [-0.000243524569669, 0.00125529745128, 0.00171758467332, -0.00096363062039, 0.000746068079025, -0.00376633205451, 0.00339246285148, -0.000831648008898, 0.000916213844903, 0.00302369636483, -0.00779985915869, 0.0163456425071, -0.00382698490284], [-0.000182300980669, 0.000492932798807, -0.00117476412561, 0.00119440152775, -0.00154818838928, 0.0018426560564, -0.00246872287244, 0.00168831157498, -0.00149078888353, 0.00124890229199, 0.000256982195424, -0.00382698490284, 0.0137880546972]]}, "melbands": {"dmean": [1.25829785702e-06, 9.64466835285e-07, 3.09649076371e-05, 0.000434550136561, 0.000278307707049, 0.0013131366577, 0.00031220872188, 3.21916413668e-05, 1.03823094832e-05, 2.16816297325e-05, 9.47825719777e-06, 3.35179242938e-06, 1.58188856858e-06, 4.26019369115e-07, 1.42003869996e-07, 9.69603277667e-08, 5.92382818354e-08, 6.74469973205e-08, 4.71253578382e-08, 3.90574648179e-08, 1.50176884262e-08, 1.20538299342e-08, 2.05558770006e-08, 1.43539589104e-08, 9.15792952583e-09, 5.90442894577e-09, 5.6262523529e-09, 5.43636868855e-09, 5.05945063622e-09, 1.81150061618e-09, 3.3765890084e-09, 1.55365365018e-09, 9.57804835444e-10, 5.18368736824e-10, 4.85357087854e-10, 2.6844618195e-10, 2.50566206672e-10, 1.95901600497e-10, 1.60455732034e-10, 1.28857383097e-10], "dmean2": [1.92025095203e-06, 1.39918881814e-06, 3.24148968502e-05, 0.000339062331477, 0.000367339816876, 0.00188325322233, 0.000448315608082, 4.89829362778e-05, 1.51135445776e-05, 3.25532855641e-05, 1.38091745612e-05, 3.99859845857e-06, 2.06888830689e-06, 6.26624682809e-07, 2.15458427988e-07, 1.48289515778e-07, 9.63404787058e-08, 1.0878159884e-07, 7.5195465854e-08, 6.1487845926e-08, 2.53385579185e-08, 2.04832630857e-08, 3.40336328009e-08, 2.23662564025e-08, 1.49214169909e-08, 9.69864100142e-09, 8.05704658546e-09, 7.93899435081e-09, 7.65500285382e-09, 3.05680170065e-09, 5.4832156593e-09, 2.64248889437e-09, 1.67178160204e-09, 9.20333642629e-10, 8.65905513958e-10, 4.78282302652e-10, 4.49358050769e-10, 3.50757367595e-10, 2.86359186363e-10, 2.32221131213e-10], "dvar": [1.65483165365e-11, 1.22289400828e-11, 1.67944036455e-09, 3.26693083252e-07, 3.09749424332e-07, 3.65587970919e-06, 3.24493811377e-07, 1.19335643589e-08, 1.37606859241e-09, 3.47925799282e-09, 1.02109598554e-09, 1.39596917359e-10, 3.85685962334e-11, 2.29800770427e-12, 3.26199706352e-13, 1.10396345114e-13, 6.41634843672e-14, 8.69396785466e-14, 3.33716039557e-14, 2.58483250808e-14, 8.21664225781e-15, 4.73650447951e-15, 6.86324200326e-15, 2.0685741006e-15, 1.02734635645e-15, 3.60039639271e-16, 2.34982450859e-16, 2.12645437651e-16, 1.97546995957e-16, 6.09149964416e-17, 9.61598190012e-17, 3.31253641458e-17, 1.93923908478e-17, 1.31203418296e-17, 1.10992054122e-17, 5.61566093622e-18, 4.61904312854e-18, 2.99666649617e-18, 2.2554967441e-18, 1.72308525155e-18], "dvar2": [3.4096600543e-11, 2.7059247204e-11, 2.69982503021e-09, 2.42670950001e-07, 6.15502756318e-07, 9.41134112509e-06, 8.55246014453e-07, 2.89516659535e-08, 2.96417579371e-09, 8.20284284941e-09, 2.46572606777e-09, 2.01633501562e-10, 5.4634161778e-11, 4.99737707813e-12, 9.09347575538e-13, 2.99104653805e-13, 1.79416648639e-13, 2.29525112024e-13, 8.86893640126e-14, 7.05268498767e-14, 2.37681036419e-14, 1.38278501334e-14, 1.87976092754e-14, 5.3995046959e-15, 2.92127793343e-15, 9.6068751048e-16, 5.23515859891e-16, 4.41781759753e-16, 4.38685192586e-16, 1.71769268743e-16, 2.47462449016e-16, 9.44356768196e-17, 5.75925758805e-17, 3.89434878767e-17, 3.28847339969e-17, 1.67124116899e-17, 1.37552054313e-17, 8.94115985003e-18, 6.73295984579e-18, 5.14962861988e-18], "max": [0.000120077238535, 8.32275836729e-05, 0.00142650539055, 0.0177757050842, 0.014132309705, 0.034339915961, 0.00992176774889, 0.00197664578445, 0.00109325803351, 0.00126371567603, 0.000833468337078, 0.000509364763275, 0.00036917408579, 5.75631456741e-05, 1.8039263523e-05, 9.95263690129e-06, 6.83275811753e-06, 1.41568652907e-05, 7.46712885302e-06, 4.23194296673e-06, 3.78923868993e-06, 2.65984294856e-06, 3.29581257574e-06, 1.24222208342e-06, 6.10145605151e-07, 4.29075925013e-07, 3.52431328565e-07, 5.04814181568e-07, 3.08154824324e-07, 2.08693890613e-07, 2.25845582236e-07, 1.90399276789e-07, 1.58082286816e-07, 1.45982212985e-07, 1.27460026533e-07, 1.02629464038e-07, 9.06229686848e-08, 7.63955227967e-08, 6.44514415171e-08, 5.79915884202e-08], "mean": [2.77769981949e-06, 1.96934047381e-06, 0.000124762882479, 0.00181905238423, 0.000760964583606, 0.00288082356565, 0.000718600815162, 6.65581246722e-05, 2.25715120905e-05, 4.3057520088e-05, 1.80707393156e-05, 7.65164622862e-06, 4.01793522542e-06, 8.31762463349e-07, 3.26506295778e-07, 2.08427707094e-07, 1.05006314755e-07, 1.13587425687e-07, 8.68055280989e-08, 7.4242223036e-08, 2.3735575283e-08, 1.68266218736e-08, 3.08199155086e-08, 2.57912624591e-08, 1.42079930043e-08, 1.03424362408e-08, 1.26163035574e-08, 1.34765931747e-08, 9.95088722533e-09, 2.77573986018e-09, 6.50974030236e-09, 2.95183810728e-09, 1.84281934157e-09, 8.7789042702e-10, 9.59484935947e-10, 5.00359420563e-10, 4.72529626538e-10, 3.91435134306e-10, 3.33490124405e-10, 3.10558523342e-10], "median": [3.96605948083e-08, 8.52800567941e-08, 8.12816360849e-05, 0.00126895669382, 0.000386428670026, 0.00165268417913, 0.000260185217485, 2.96814755529e-06, 2.74015815194e-06, 6.6028242145e-06, 3.02185344481e-06, 4.80996391161e-07, 5.29507246938e-07, 1.84899050737e-07, 8.71122693979e-08, 7.93880232663e-08, 2.93358191072e-08, 1.59388182652e-08, 1.11937179526e-08, 1.12370974747e-08, 6.24912610547e-09, 4.74102535009e-09, 5.97230132016e-09, 6.20776363647e-09, 3.85592135999e-09, 2.28995378215e-09, 2.03378602848e-09, 1.78516357252e-09, 1.10417797128e-09, 5.19454701475e-10, 5.74395864206e-10, 4.60674942637e-10, 3.24138521579e-10, 2.08082717723e-10, 1.54451923473e-10, 1.25461821487e-10, 1.03528706441e-10, 9.23240789374e-11, 7.90739834722e-11, 6.30201724139e-11], "min": [1.35587923414e-24, 1.82812854708e-24, 1.66024238037e-24, 1.59181776874e-24, 1.94051065771e-24, 2.43806376887e-24, 1.89375901338e-24, 2.55194510965e-24, 2.06905593665e-24, 2.17236220257e-24, 2.4183546708e-24, 1.58930495094e-24, 2.7295926412e-24, 2.15143352554e-24, 1.56361382201e-24, 2.87298014086e-24, 2.21427635462e-24, 2.86842762457e-24, 2.97298739047e-24, 2.47286594542e-24, 3.63275219463e-24, 3.17944076962e-24, 4.34674901665e-24, 3.40533740072e-24, 4.57240465074e-24, 4.88410371035e-24, 4.31900083431e-24, 4.15238078935e-24, 4.72087221741e-24, 4.92737825303e-24, 5.27958334796e-24, 3.96658195807e-24, 5.26531443191e-24, 5.14255465885e-24, 6.24813217347e-24, 5.85479389878e-24, 5.55086551352e-24, 5.82008559667e-24, 6.28885041238e-24, 5.87657040407e-24], "var": [9.2688787201e-11, 4.04901528972e-11, 2.26975043205e-08, 3.90310833609e-06, 1.39823464451e-06, 1.26858603835e-05, 1.29409602323e-06, 3.40442305458e-08, 4.78406914084e-09, 1.01391330887e-08, 2.44872788713e-09, 6.62730037515e-10, 2.39018027592e-10, 5.98789811138e-12, 4.66837614573e-13, 1.64031833364e-13, 9.57243859916e-14, 1.46769396766e-13, 6.31893151627e-14, 5.17065028489e-14, 6.06264636679e-15, 3.24360679239e-15, 9.37406111122e-15, 3.92776504477e-15, 1.28780072916e-15, 5.19657095421e-16, 7.0825581033e-16, 1.07752702347e-15, 6.07588273889e-16, 5.72381852363e-17, 2.91061246514e-16, 4.82317070692e-17, 2.75930627494e-17, 9.8011026051e-18, 1.14383833777e-17, 3.80978172959e-18, 3.28859880027e-18, 2.05959618002e-18, 1.60956681e-18, 1.21835763295e-18]}, "mfcc": {"mean": [-927.82421875, 189.072235107, 54.0328178406, 4.52235460281, -28.8009319305, -36.5384178162, -32.0438575745, -33.8137283325, -33.6847076416, -32.3734550476, -28.251241684, -22.8031024933, -15.4561662674], "cov": [[5497.95751953, 3183.61669922, -568.157531738, -170.026535034, -428.40725708, -227.733703613, 10.0638532639, -99.5731430054, -96.4939651489, -127.724510193, -101.480682373, -115.255760193, -11.5423612595], [3183.61669922, 2591.14086914, 294.222473145, -132.531829834, -239.917449951, -251.825698853, -159.037826538, -164.501266479, -173.231735229, -160.388244629, -140.500366211, -149.561248779, -114.779502869], [-568.157531738, 294.222473145, 749.774414062, 86.0238952637, 9.52935504913, -112.586730957, -198.587844849, -122.876945496, -121.249145508, -108.227355957, -102.566886902, -103.053764343, -119.747207642], [-170.026535034, -132.531829834, 86.0238952637, 175.39894104, 74.4198150635, 36.3267593384, 20.6661510468, -17.4744720459, -6.51904582977, -19.4789123535, -11.4099979401, 10.7474241257, 5.8673415184], [-428.40725708, -239.917449951, 9.52935504913, 74.4198150635, 343.468414307, 241.114974976, 112.492622375, 154.351959229, 79.042350769, 82.700553894, 82.7795715332, 44.912902832, 76.5370483398], [-227.733703613, -251.825698853, -112.586730957, 36.3267593384, 241.114974976, 276.190002441, 179.524993896, 151.20916748, 102.604705811, 83.1893768311, 97.534942627, 68.2289505005, 75.3633651733], [10.0638532639, -159.037826538, -198.587844849, 20.6661510468, 112.492622375, 179.524993896, 220.553726196, 139.762466431, 86.6417770386, 76.6346435547, 63.8786239624, 69.4154586792, 71.1097412109], [-99.5731430054, -164.501266479, -122.876945496, -17.4744720459, 154.351959229, 151.20916748, 139.762466431, 211.732940674, 114.734321594, 80.7735748291, 70.8024749756, 25.006937027, 56.1298141479], [-96.4939651489, -173.231735229, -121.249145508, -6.51904582977, 79.042350769, 102.604705811, 86.6417770386, 114.734321594, 140.765762329, 99.2222900391, 62.6106758118, 48.6208114624, 37.2095870972], [-127.724510193, -160.388244629, -108.227355957, -19.4789123535, 82.700553894, 83.1893768311, 76.6346435547, 80.7735748291, 99.2222900391, 155.496505737, 94.7052612305, 45.5079994202, 56.8587493896], [-101.480682373, -140.500366211, -102.566886902, -11.4099979401, 82.7795715332, 97.534942627, 63.8786239624, 70.8024749756, 62.6106758118, 94.7052612305, 160.58895874, 89.3955688477, 33.6262435913], [-115.255760193, -149.561248779, -103.053764343, 10.7474241257, 44.912902832, 68.2289505005, 69.4154586792, 25.006937027, 48.6208114624, 45.5079994202, 89.3955688477, 139.697418213, 63.2778053284], [-11.5423612595, -114.779502869, -119.747207642, 5.8673415184, 76.5370483398, 75.3633651733, 71.1097412109, 56.1298141479, 37.2095870972, 56.8587493896, 33.6262435913, 63.2778053284, 139.600280762]], "icov": [[0.00973920058459, -0.0139982737601, 0.0146368192509, -0.01441523619, 0.0149930864573, -0.014848086983, 0.0139095550403, -0.0110170235857, 0.00657253479585, -0.00528125790879, 0.00359506602399, -3.34642099915e-05, -0.000854561221786], [-0.0139982737601, 0.0206241384149, -0.0213076733053, 0.0214109588414, -0.0219522174448, 0.0222414322197, -0.0210133660585, 0.0166194625199, -0.00998432189226, 0.00845579523593, -0.00581113202497, 0.000858056126162, 0.000900493760128], [0.0146368192509, -0.0213076733053, 0.024675315246, -0.0234508514404, 0.0226452369243, -0.0242524575442, 0.0248579774052, -0.0187094695866, 0.012971105054, -0.0102722942829, 0.00796043034643, -0.00190715212375, 0.0010539884679], [-0.01441523619, 0.0214109588414, -0.0234508514404, 0.0320846922696, -0.0294030364603, 0.0294530894607, -0.0300103854388, 0.0257560554892, -0.0175410900265, 0.0155182145536, -0.009785621427, 0.00449977815151, -0.0012286414858], [0.0149930864573, -0.0219522174448, 0.0226452369243, -0.0294030364603, 0.0414418168366, -0.0427443534136, 0.036598239094, -0.0319280140102, 0.0233393646777, -0.0199983157218, 0.0135875418782, -0.00761377671733, 0.000503401970491], [-0.014848086983, 0.0222414322197, -0.0242524575442, 0.0294530894607, -0.0427443534136, 0.0560302622616, -0.0466262102127, 0.0338238142431, -0.0298671331257, 0.0258132703602, -0.0213308725506, 0.0127163808793, -0.00482305651531], [0.0139095550403, -0.0210133660585, 0.0248579774052, -0.0300103854388, 0.036598239094, -0.0466262102127, 0.0522963926196, -0.0384241677821, 0.0292880814523, -0.0262019746006, 0.0218789447099, -0.0166296102107, 0.00550670735538], [-0.0110170235857, 0.0166194625199, -0.0187094695866, 0.0257560554892, -0.0319280140102, 0.0338238142431, -0.0384241677821, 0.0433501936495, -0.0328056253493, 0.0245138779283, -0.020557327196, 0.0179426241666, -0.00741166062653], [0.00657253479585, -0.00998432189226, 0.012971105054, -0.0175410900265, 0.0233393646777, -0.0298671331257, 0.0292880814523, -0.0328056253493, 0.0429135970771, -0.0301973819733, 0.0209341477603, -0.0190924536437, 0.0102699482813], [-0.00528125790879, 0.00845579523593, -0.0102722942829, 0.0155182145536, -0.0199983157218, 0.0258132703602, -0.0262019746006, 0.0245138779283, -0.0301973819733, 0.0350729338825, -0.0234810952097, 0.017429895699, -0.0109094176441], [0.00359506602399, -0.00581113202497, 0.00796043034643, -0.009785621427, 0.0135875418782, -0.0213308725506, 0.0218789447099, -0.020557327196, 0.0209341477603, -0.0234810952097, 0.0292028579861, -0.0207657516003, 0.0103081734851], [-3.34642099915e-05, 0.000858056126162, -0.00190715212375, 0.00449977815151, -0.00761377671733, 0.0127163808793, -0.0166296102107, 0.0179426241666, -0.0190924536437, 0.017429895699, -0.0207657516003, 0.0272348653525, -0.011909625493], [-0.000854561221786, 0.000900493760128, 0.0010539884679, -0.0012286414858, 0.000503401970491, -0.00482305651531, 0.00550670735538, -0.00741166062653, 0.0102699482813, -0.0109094176441, 0.0103081734851, -0.011909625493, 0.0159129202366]]}, "spectral_contrast_coeffs": {"dmean": [0.038020722568, 0.0493367873132, 0.0356866978109, 0.0283565819263, 0.0203898958862, 0.0251272227615], "dmean2": [0.0583727657795, 0.0754601433873, 0.0572797507048, 0.0470654852688, 0.0334231294692, 0.0422712638974], "dvar": [0.00104976980947, 0.00214289291762, 0.00101406581234, 0.000760033901315, 0.000411739601986, 0.000603546795901], "dvar2": [0.00247877254151, 0.00532755348831, 0.00264175911434, 0.00198873877525, 0.0010528502753, 0.0016758980928], "max": [-0.171129032969, -0.231113880873, -0.431696355343, -0.609340071678, -0.655406653881, -0.68348968029], "mean": [-0.390376150608, -0.48914450407, -0.711198806763, -0.807196855545, -0.820230603218, -0.840793192387], "median": [-0.367591589689, -0.469589859247, -0.71170437336, -0.806128740311, -0.813352882862, -0.83657938242], "min": [-0.976990044117, -0.990233659744, -0.989886462688, -0.971337735653, -0.972242951393, -0.96566927433], "var": [0.0154519965872, 0.0158903971314, 0.00769405299798, 0.00356959179044, 0.0036210718099, 0.00355093064718]}, "spectral_contrast_valleys": {"dmean": [0.540359437466, 0.3954643607