{"lowlevel": {"average_loudness": 0.970256149769, "barkbands_crest": {"dmean": 3.28325343132, "dmean2": 5.31092071533, "dvar": 10.4715414047, "dvar2": 25.5825634003, "max": 26.7925491333, "mean": 16.4351959229, "median": 17.20819664, "min": 3.1441411972, "var": 33.8548622131}, "barkbands_flatness_db": {"dmean": 0.0564137175679, "dmean2": 0.0814582183957, "dvar": 0.00619538268074, "dvar2": 0.0120040578768, "max": 1, "mean": 0.275502920151, "median": 0.221085205674, "min": 0.0328688956797, "var": 0.0314604081213}, "barkbands_kurtosis": {"dmean": 31.6121444702, "dmean2": 51.5956192017, "dvar": 8399.27441406, "dvar2": 21293.0683594, "max": 1571.1842041, "mean": 41.0122299194, "median": 11.8110237122, "min": -1.83378243446, "var": 9270.10839844}, "barkbands_skewness": {"dmean": 1.58390045166, "dmean2": 2.42424035072, "dvar": 5.83519744873, "dvar2": 13.1063785553, "max": 32.4863433838, "mean": 3.73138237, "median": 2.84629058838, "min": -4.13584089279, "var": 11.9554681778}, "barkbands_spread": {"dmean": 6.78203487396, "dmean2": 10.0847864151, "dvar": 97.2726135254, "dvar2": 188.62147522, "max": 91.2184524536, "mean": 13.0785894394, "median": 7.30563640594, "min": 0.0164785403758, "var": 218.137542725}, "dissonance": {"dmean": 0.0361790060997, "dmean2": 0.0608609542251, "dvar": 0.00196392810903, "dvar2": 0.00553530082107, "max": 0.500000119209, "mean": 0.438571423292, "median": 0.457291543484, "min": 0.083680652082, "var": 0.00324683799408}, "dynamic_complexity": 3.41656541824, "erbbands_crest": {"dmean": 2.97144031525, "dmean2": 4.64564609528, "dvar": 9.82672119141, "dvar2": 20.0294532776, "max": 30.4083385468, "mean": 10.3424510956, "median": 8.73024845123, "min": 2.08455228806, "var": 31.7384052277}, "erbbands_flatness_db": {"dmean": 0.0306259319186, "dmean2": 0.0460086874664, "dvar": 0.00209321803413, "dvar2": 0.00380456168205, "max": 0.548511862755, "mean": 0.188497394323, "median": 0.151065856218, "min": 0.0522158034146, "var": 0.010821595788}, "erbbands_kurtosis": {"dmean": 4.22423505783, "dmean2": 6.47216844559, "dvar": 189.666229248, "dvar2": 400.263519287, "max": 370.297912598, "mean": 6.50078582764, "median": 0.666339874268, "min": -1.91301727295, "var": 588.933166504}, "erbbands_skewness": {"dmean": 0.702900111675, "dmean2": 1.00515758991, "dvar": 0.709593594074, "dvar2": 1.44667184353, "max": 13.3785009384, "mean": 0.927626907825, "median": 0.551340341568, "min": -6.1411781311, "var": 2.92592382431}, "erbbands_spread": {"dmean": 12.1994075775, "dmean2": 18.3523426056, "dvar": 203.945175171, "dvar2": 403.848602295, "max": 149.989013672, "mean": 40.0331993103, "median": 34.9493026733, "min": 0.420350790024, "var": 852.797851562}, "hfc": {"dmean": 9.01805591583, "dmean2": 13.3975439072, "dvar": 188.439987183, "dvar2": 388.169769287, "max": 107.786430359, "mean": 16.7792129517, "median": 11.8625249863, "min": 2.77853628994e-10, "var": 312.565795898}, "melbands_crest": {"dmean": 4.28709506989, "dmean2": 7.00095844269, "dvar": 20.8808879852, "dvar2": 53.5091819763, "max": 37.1371574402, "mean": 24.1278686523, "median": 25.1813373566, "min": 2.57149195671, "var": 75.5171737671}, "melbands_flatness_db": {"dmean": 0.0658915564418, "dmean2": 0.0945074856281, "dvar": 0.0080283107236, "dvar2": 0.0154817001894, "max": 1, "mean": 0.385789006948, "median": 0.327441364527, "min": 0.00919379200786, "var": 0.0416286401451}, "melbands_kurtosis": {"dmean": 43.5281486511, "dmean2": 69.3205566406, "dvar": 10398.7568359, "dvar2": 24374.4609375, "max": 2509.23120117, "mean": 75.9280700684, "median": 27.8153953552, "min": -1.86501705647, "var": 21710.4023438}, "melbands_skewness": {"dmean": 1.76274251938, "dmean2": 2.70570158958, "dvar": 5.6731505394, "dvar2": 13.0457839966, "max": 38.7693939209, "mean": 5.37944936752, "median": 4.24923276901, "min": -0.586769342422, "var": 17.6248836517}, "melbands_spread": {"dmean": 5.38474416733, "dmean2": 8.3621673584, "dvar": 70.022567749, "dvar2": 148.214035034, "max": 162.380279541, "mean": 9.71820926666, "median": 5.73072910309, "min": 0.0687502920628, "var": 148.0027771}, "pitch_salience": {"dmean": 0.113579973578, "dmean2": 0.180261597037, "dvar": 0.0182159505785, "dvar2": 0.0427061729133, "max": 0.914018332958, "mean": 0.369270086288, "median": 0.346987634897, "min": 0.00704891839996, "var": 0.0504177473485}, "silence_rate_20dB": {"dmean": 0, "dmean2": 0, "dvar": 0, "dvar2": 0, "max": 1, "mean": 1, "median": 1, "min": 1, "var": 0}, "silence_rate_30dB": {"dmean": 0.107219010592, "dmean2": 0.214470684528, "dvar": 0.0957221463323, "dvar2": 0.184629335999, "max": 1, "mean": 0.783158242702, "median": 1, "min": 0, "var": 0.169814303517}, "silence_rate_60dB": {"dmean": 0.0191897656769, "dmean2": 0.0382330529392, "dvar": 0.0188202913851, "dvar2": 0.0401249863207, "max": 1, "mean": 0.0421806015074, "median": 0, "min": 0, "var": 0.0404064320028}, "spectral_centroid": {"dmean": 337.547149658, "dmean2": 482.724090576, "dvar": 195538.6875, "dvar2": 350022.625, "max": 4050.23486328, "mean": 883.606506348, "median": 623.833496094, "min": 45.481803894, "var": 564754.6875}, "spectral_complexity": {"dmean": 4.9052696228, "dmean2": 7.15856838226, "dvar": 40.3555374146, "dvar2": 68.1185150146, "max": 49, "mean": 12.0127916336, "median": 10, "min": 0, "var": 94.3364639282}, "spectral_decrease": {"dmean": 4.65537786098e-09, "dmean2": 6.85176582138e-09, "dvar": 2.91589768603e-17, "dvar2": 5.61661922496e-17, "max": -1.68202020306e-22, "mean": -1.55770631949e-08, "median": -1.31070390097e-08, "min": -4.5466045151e-08, "var": 1.36683840579e-16}, "spectral_energy": {"dmean": 0.0178506094962, "dmean2": 0.0263727679849, "dvar": 0.000430425425293, "dvar2": 0.000835523358546, "max": 0.173011004925, "mean": 0.0603132322431, "median": 0.0523174703121, "min": 2.58369866978e-14, "var": 0.00197921716608}, "spectral_energyband_high": {"dmean": 0.000633880728856, "dmean2": 0.000913785304874, "dvar": 2.20096035264e-06, "dvar2": 4.32666456618e-06, "max": 0.0117868082598, "mean": 0.000819468637928, "median": 0.000192421663087, "min": 1.88465914966e-14, "var": 3.09776078211e-06}, "spectral_energyband_low": {"dmean": 0.0170665234327, "dmean2": 0.0246262438595, "dvar": 0.00046536847367, "dvar2": 0.000795695930719, "max": 0.170246750116, "mean": 0.0467712581158, "median": 0.0322296023369, "min": 3.81443182467e-16, "var": 0.00196084030904}, "spectral_energyband_middle_high": {"dmean": 0.00143286061939, "dmean2": 0.00228484394029, "dvar": 5.30051011083e-06, "dvar2": 1.2075347513e-05, "max": 0.0275687854737, "mean": 0.00216310867108, "median": 0.000826396164484, "min": 3.54306025606e-15, "var": 9.43604209169e-06}, "spectral_energyband_middle_low": {"dmean": 0.00984814018011, "dmean2": 0.0158914588392, "dvar": 0.000421439413913, "dvar2": 0.000979088363238, "max": 0.133012250066, "mean": 0.0126731330529, "median": 0.00606292486191, "min": 9.4315286968e-16, "var": 0.000403156271204}, "spectral_entropy": {"dmean": 0.392189115286, "dmean2": 0.567089796066, "dvar": 0.321874350309, "dvar2": 0.595229566097, "max": 8.56203365326, "mean": 6.95042848587, "median": 7.29426860809, "min": 2.4278280735, "var": 1.36231327057}, "spectral_flux": {"dmean": 0.0416431687772, "dmean2": 0.0586957447231, "dvar": 0.00238692644052, "dvar2": 0.00345513643697, "max": 0.389205902815, "mean": 0.120864510536, "median": 0.0952507704496, "min": 7.19375893823e-05, "var": 0.00881724990904}, "spectral_kurtosis": {"dmean": 15.5622901917, "dmean2": 24.9064769745, "dvar": 1690.921875, "dvar2": 3688.31738281, "max": 840.694396973, "mean": 34.1586685181, "median": 5.16648387909, "min": -0.314736604691, "var": 5426.21777344}, "spectral_rms": {"dmean": 0.00119398219977, "dmean2": 0.00176485383417, "dvar": 1.93905179913e-06, "dvar2": 3.81870722777e-06, "max": 0.012991967611, "mean": 0.00700392015278, "median": 0.0071443291381, "min": 5.02063901564e-09, "var": 9.78722073341e-06}, "spectral_rolloff": {"dmean": 415.872070312, "dmean2": 730.687866211, "dvar": 918410.875, "dvar2": 2210418, "max": 18733.8867188, "mean": 577.489440918, "median": 215.33203125, "min": 64.599609375, "var": 980189.375}, "spectral_skewness": {"dmean": 0.886503219604, "dmean2": 1.35985457897, "dvar": 2.79394578934, "dvar2": 5.62337017059, "max": 25.6517944336, "mean": 3.34771513939, "median": 1.88174164295, "min": -0.461983114481, "var": 12.0149812698}, "spectral_spread": {"dmean": 862368.5, "dmean2": 1284355.125, "dvar": 1199444066300.0, "dvar2": 2154147086340.0, "max": 25286420, "mean": 4629347, "median": 4628482.5, "min": 196111.4375, "var": 7359029051390.0}, "spectral_strongpeak": {"dmean": 0.244103908539, "dmean2": 0.383770287037, "dvar": 0.107591323555, "dvar2": 0.229735553265, "max": 4.98502779007, "mean": 0.581771016121, "median": 0.43339535594, "min": 3.10299310513e-06, "var": 0.269664764404}, "zerocrossingrate": {"dmean": 0.0101048788056, "dmean2": 0.0116100115702, "dvar": 0.000202641793294, "dvar2": 0.000242589216214, "max": 0.484375, "mean": 0.0329773128033, "median": 0.021484375, "min": 0.001953125, "var": 0.00104602624197}, "barkbands": {"dmean": [0.00116242829245, 0.0152626894414, 0.00846186000854, 0.00462879985571, 0.00394625682384, 0.00219782092609, 0.00100891257171, 0.000633690797258, 0.000562404573429, 0.000277730257949, 0.000256026396528, 0.00014203847968, 0.000127503299154, 0.000226987089263, 0.000366976310033, 0.000122776036733, 0.000104115119029, 0.000117525174574, 9.83306454145e-05, 0.000101095632999, 9.66897787293e-05, 0.000109785774839, 0.000118247102364, 0.000139236581163, 0.000119105614431, 2.38519405684e-05, 6.07458150625e-06], "dmean2": [0.00130255427212, 0.0226043332368, 0.0139397569001, 0.00819362513721, 0.00715604424477, 0.00396613171324, 0.00171474390663, 0.00100351939909, 0.000941306410823, 0.000421144126449, 0.000418056792114, 0.000223760769586, 0.000215693857172, 0.000392192101572, 0.000649371824693, 0.00019728121697, 0.000162925585755, 0.000191212719074, 0.000152580410941, 0.000157786183991, 0.000145623635035, 0.000164553886862, 0.000170231433003, 0.00019846932264, 0.000169404476765, 3.50118898496e-05, 9.79428114078e-06], "dvar": [3.10301720674e-06, 0.000434641871834, 0.000424417463364, 0.000160088195116, 0.00010073298472, 2.46534036705e-05, 4.26334463555e-06, 1.92267793864e-06, 1.73569424078e-06, 4.12856934418e-07, 4.61199135771e-07, 9.40235551639e-08, 7.56951337166e-08, 2.50802315804e-07, 6.8221646643e-07, 6.82234997385e-08, 5.42563896033e-08, 4.86397730981e-08, 3.29854614733e-08, 4.87389968384e-08, 4.29223199205e-08, 7.88772922533e-08, 9.6989545284e-08, 8.54147899076e-08, 9.0260598995e-08, 2.10816075707e-09, 1.70187391957e-10], "dvar2": [3.98105794375e-06, 0.00079562648898, 0.000997797586024, 0.000424057419877, 0.000287073897198, 6.92040193826e-05, 1.12531606646e-05, 4.53355050922e-06, 4.48967284683e-06, 8.79608307969e-07, 1.13193516427e-06, 1.97737477947e-07, 1.76002288299e-07, 6.46132946258e-07, 1.83071608717e-06, 1.77004167767e-07, 1.24880060071e-07, 1.13696849269e-07, 6.98090829587e-08, 1.04815320867e-07, 9.10232955675e-08, 1.76693362164e-07, 1.9403748297e-07, 1.61019514167e-07, 1.81267367338e-07, 4.2077670237e-09, 3.99481753233e-10], "max": [0.0202181302011, 0.154434680939, 0.127687066793, 0.0852863639593, 0.0699527189136, 0.0412774980068, 0.0398904830217, 0.0444718115032, 0.0227940212935, 0.0190168451518, 0.016940696165, 0.00818638689816, 0.00336991250515, 0.00914285331964, 0.00817333627492, 0.00528444210067, 0.00525171868503, 0.00381801952608, 0.003740377957, 0.00186610536184, 0.00177354132757, 0.00227541662753, 0.00289372447878, 0.00260451901704, 0.00270226574503, 0.000425416306825, 0.000156517096912], "mean": [0.00315322889946, 0.0344586633146, 0.00715403165668, 0.00346146407537, 0.00357662979513, 0.00218761223368, 0.00145391363185, 0.00096452946309, 0.000791894213762, 0.000498375331517, 0.000347801076714, 0.000210633807001, 0.000148954553879, 0.000236010193476, 0.000305371097056, 0.00014792397269, 0.000117939314805, 0.000125472535728, 0.000110336812213, 0.000103082573332, 0.000101955243736, 0.000109924316348, 0.000129446067149, 0.000227520475164, 0.000151776854182, 3.13256932714e-05, 7.50581830289e-06], "median": [0.00123519182671, 0.0201487950981, 0.00102161569521, 0.000475530745462, 0.00122832530178, 0.000660235877149, 0.000446668011136, 0.000284984620521, 0.00024749446311, 0.000147329992615, 6.70486042509e-05, 4.43654826086e-05, 2.63015426754e-05, 2.58068139374e-05, 2.6256620913e-05, 1.94670064957e-05, 1.58562088473e-05, 1.62424530572e-05, 1.6822010366e-05, 1.69335417013e-05, 1.27765424622e-05, 7.39018878448e-06, 1.68103233591e-05, 3.83329352189e-05, 1.84027576324e-05, 4.96555867358e-06, 9.61678097156e-07], "min": [1.56722734287e-16, 1.94376961917e-16, 7.42877871767e-17, 7.29239847223e-17, 1.84554264935e-16, 1.73141475353e-16, 2.61338334308e-17, 9.36650687435e-17, 3.63974848465e-16, 1.1194441694e-16, 7.97694270693e-17, 3.08946717772e-16, 1.75177782263e-16, 1.32479989592e-16, 4.03347216255e-16, 2.59959626059e-16, 2.38522651532e-16, 4.98080836914e-16, 9.20186841865e-16, 1.31268846297e-15, 9.04898532442e-16, 9.50801365436e-16, 1.81652060066e-15, 2.02461753756e-15, 3.27262063545e-15, 3.77961686471e-15, 5.47589351521e-15], "var": [1.80804017873e-05, 0.00135969405528, 0.000374344264856, 0.000109503183921, 6.17729747319e-05, 1.84651908057e-05, 6.51863183521e-06, 5.2368040997e-06, 2.93414564112e-06, 1.5481139144e-06, 1.1019745898e-06, 2.26248388913e-07, 1.02291302539e-07, 2.82546352537e-07, 5.26388873823e-07, 1.23662218243e-07, 7.47216688524e-08, 6.17511375367e-08, 4.90149929533e-08, 5.4393726856e-08, 5.0524235462e-08, 8.65319051968e-08, 1.23002877217e-07, 1.78083581659e-07, 1.28646391317e-07, 3.45315154249e-09, 2.08411912728e-10]}, "erbbands": {"dmean": [0.551450312138, 3.53640699387, 8.85917949677, 12.8070449829, 14.0733280182, 11.9781799316, 17.2373600006, 17.3436965942, 14.6653280258, 14.5095090866, 13.6537437439, 13.2845697403, 9.64060974121, 8.7123260498, 8.64375591278, 5.67296028137, 5.61427736282, 8.90937995911, 21.6410503387, 10.2235546112, 6.1181101799, 5.55289793015, 5.98274612427, 6.36053276062, 4.1973824501, 4.61724615097, 4.09604358673, 4.46744441986, 3.76943421364, 3.3731045723, 3.10618829727, 3.09932470322, 2.37956929207, 1.53179192543, 0.671859145164, 0.187676429749, 0.0298902597278, 0.0071760113351, 0.000999219482765, 6.2440201873e-05], "dmean2": [0.720504939556, 5.22913694382, 13.5632543564, 21.099521637, 25.0820655823, 21.8219432831, 30.8961791992, 31.5563220978, 24.9510002136, 24.4055023193, 21.471534729, 22.1104602814, 14.777762413, 13.700129509, 14.2520122528, 8.86903476715, 9.48534107208, 14.7278623581, 38.9269752502, 17.1380386353, 9.7738571167, 8.54714488983, 9.52372646332, 10.2204437256, 6.45928478241, 7.21413946152, 6.15167665482, 6.88365507126, 5.67258548737, 4.88298416138, 4.49823856354, 4.3925037384, 3.40712380409, 2.18390130997, 0.981787443161, 0.26908415556, 0.0461129099131, 0.0112029341981, 0.00160421023611, 9.90754706436e-05], "dvar": [0.473691552877, 29.6007289886, 365.494018555, 1010.79217529, 1357.2956543, 929.123901367, 1200.47216797, 1949.07336426, 1016.69873047, 995.48425293, 607.708862305, 1025.16149902, 575.040283203, 433.432922363, 386.144317627, 132.159423828, 141.539794922, 351.349945068, 2775.36376953, 377.963897705, 152.049957275, 140.345489502, 116.869430542, 141.626296997, 60.8510780334, 94.6376419067, 90.7521972656, 94.0430831909, 87.6815490723, 79.7811889648, 67.3095474243, 41.2861366272, 31.5286235809, 20.4721603394, 1.96222388744, 0.141081705689, 0.00299868476577, 0.000171176710865, 4.6630034376e-06, 1.19527348019e-08], "dvar2": [0.865014970303, 49.9475898743, 794.062927246, 2438.68701172, 3730.04101562, 2655.22314453, 3360.13549805, 5494.41357422, 2651.28686523, 2492.078125, 1516.91589355, 2590.23608398, 1273.86901855, 988.541381836, 953.868896484, 282.685180664, 320.337921143, 858.929077148, 7637.23193359, 915.121276855, 362.042755127, 315.367736816, 267.66192627, 320.290863037, 117.697593689, 205.951904297, 190.812454224, 209.511810303, 189.855117798, 157.136688232, 140.344406128, 76.399559021, 61.0967330933, 42.6007575989, 3.9621887207, 0.27797678113, 0.00601503811777, 0.000384620856494, 1.11599410957e-05, 2.74052176508e-08], "max": [8.10134887695, 39.2630348206, 128.115447998, 202.627670288, 253.083831787, 245.944961548, 253.316085815, 372.912719727, 674.328918457, 772.68737793, 519.225341797, 555.684814453, 710.268676758, 626.062194824, 325.208251953, 188.878143311, 195.324310303, 331.883728027, 478.353240967, 196.478729248, 190.931030273, 251.675460815, 211.783157349, 272.543884277, 147.157836914, 89.9311447144, 75.1780395508, 82.67943573, 83.9972839355, 72.3791809082, 83.4833679199, 59.6841201782, 54.1732902527, 39.2032318115, 15.4550971985, 4.53529405594, 0.456573933363, 0.160604506731, 0.0262969024479, 0.00112397712655], "mean": [1.49106407166, 5.64792490005, 8.73965835571, 10.8348655701, 11.8253927231, 10.7306070328, 16.42445755, 16.5015029907, 20.9249992371, 20.3164844513, 21.7530460358, 19.1206378937, 17.3323917389, 14.5468025208, 10.7924184799, 8.85202598572, 7.22451925278, 10.9364452362, 17.5616397858, 10.7860031128, 7.34195518494, 6.44568824768, 6.57330942154, 6.69759941101, 4.94784402847, 4.76792240143, 4.26006174088, 4.47750282288, 3.82193613052, 3.61834478378, 3.5484726429, 4.72252607346, 3.60052394867, 1.78500068188, 0.986106932163, 0.265771448612, 0.0377794057131, 0.0102556282654, 0.0012294636108, 0.000120923861687], "median": [0.792333781719, 2.76121139526, 1.74569511414, 1.80553710461, 2.81306791306, 3.61668920517, 4.6937584877, 4.23605155945, 6.08386850357, 6.82993221283, 7.63417959213, 6.25064945221, 4.90039539337, 4.80085611343, 2.44412922859, 2.00907707214, 1.58037292957, 1.72605609894, 1.69863784313, 1.40091335773, 1.17663407326, 0.915842831135, 0.926099061966, 0.937589168549, 0.843260765076, 0.78895932436, 0.595380485058, 0.448639273643, 0.282613009214, 0.298996031284, 0.597891628742, 0.74588227272, 0.540556311607, 0.160833373666, 0.127734303474, 0.0372723527253, 0.00746144168079, 0.00152451987378, 0.000180853807251, 9.76126611931e-05], "min": [7.94623884786e-15, 3.58098628333e-14, 8.3644828802e-14, 1.77322213987e-13, 3.86369159323e-13, 6.3707096239e-13, 1.18954824289e-12, 1.38546281652e-12, 6.73273394501e-13, 3.90046230991e-13, 3.83867156811e-12, 8.55489810936e-12, 4.13414224729e-12, 4.06204020073e-12, 4.90054264529e-12, 1.30414004249e-11, 8.92590688861e-12, 6.7251638286e-12, 2.18287037751e-11, 1.58783593912e-11, 8.95187049488e-12, 1.73042691287e-11, 3.33548258458e-11, 2.62960209163e-11, 5.72585208414e-11, 6.05187774894e-11, 4.18266775382e-11, 3.64442677425e-11, 3.98435000271e-11, 4.00387188682e-11, 5.25876182877e-11, 5.05018804553e-11, 3.47186758509e-11, 2.30615630759e-11, 2.69249744028e-11, 1.2588964593e-11, 7.51553073247e-12, 3.26430310733e-12, 7.33443037207e-13, 8.57765803373e-14], "var": [2.73463845253, 60.2576026917, 406.057556152, 857.099975586, 887.720031738, 572.227416992, 930.414733887, 1367.40197754, 1521.4642334, 2054.40185547, 1377.95422363, 1849.08178711, 1467.7232666, 1588.11254883, 549.187744141, 346.624633789, 211.549697876, 544.97467041, 1933.09191895, 474.71875, 233.366668701, 210.188476562, 160.224014282, 187.319015503, 96.6733932495, 105.616226196, 102.655738831, 104.825813293, 99.4811019897, 100.935035706, 83.4105911255, 83.4231872559, 56.0946273804, 26.1624679565, 3.66418147087, 0.260141909122, 0.00447256863117, 0.000293752469588, 5.42037241757e-06, 1.59619215623e-08]}, "gfcc": {"mean": [-70.2666549683, 116.827850342, -59.8839607239, 22.5771331787, -43.7296142578, 21.2058849335, -23.7826080322, 14.6556835175, -10.3063755035, 3.55374193192, -5.05435371399, -3.47927069664, -2.7577688694], "cov": [[19537.1035156, -6137.31640625, -3319.18359375, 1503.26977539, -2209.84790039, 407.367797852, -1935.59265137, 493.462188721, -1134.16430664, 431.083007812, -715.092834473, 371.125, -587.609863281], [-6137.31640625, 4460.0703125, 1199.72229004, -1254.65930176, 681.895812988, -695.096130371, 718.731201172, -480.627960205, 462.066833496, -354.750183105, 358.502319336, -219.481704712, 203.679031372], [-3319.18359375, 1199.72229004, 2113.08325195, -243.863082886, 260.464508057, 222.732376099, 475.043640137, 7.52221727371, 155.556945801, -10.9171552658, 138.346115112, -169.503921509, 128.914520264], [1503.26977539, -1254.65930176, -243.863082886, 1058.74975586, 175.092941284, 190.60168457, -46.3915863037, 137.076004028, 5.01063108444, 112.953605652, -105.546264648, 90.1907043457, -33.1649055481], [-2209.84790039, 681.895812988, 260.464508057, 175.092941284, 1237.11437988, 202.292755127, 436.138580322, -67.4337615967, 301.291687012, 7.51233625412, 167.803039551, -6.99826955795, 113.605735779], [407.367797852, -695.096130371, 222.732376099, 190.60168457, 202.292755127, 567.654724121, 116.721755981, 163.1068573, -8.27804946899, 111.963912964, 18.4035339355, 9.3164024353, 30.2712173462], [-1935.59265137, 718.731201172, 475.043640137, -46.3915863037, 436.138580322, 116.721755981, 493.290802002, 22.9688549042, 205.250457764, -3.46087837219, 130.4296875, -4.32677936554, 115.192527771], [493.462188721, -480.627960205, 7.52221727371, 137.076004028, -67.4337615967, 163.1068573, 22.9688549042, 240.499984741, 5.95203495026, 47.6379928589, 1.24193012714, 43.1679191589, 12.6268339157], [-1134.16430664, 462.066833496, 155.556945801, 5.01063108444, 301.291687012, -8.27804946899, 205.250457764, 5.95203495026, 264.364349365, 65.0649871826, 84.8004226685, 13.9347000122, 87.8872146606], [431.083007812, -354.750183105, -10.9171552658, 112.953605652, 7.51233625412, 111.963912964, -3.46087837219, 47.6379928589, 65.0649871826, 185.867996216, 30.8481235504, 39.6930618286, 24.2200069427], [-715.092834473, 358.502319336, 138.346115112, -105.546264648, 167.803039551, 18.4035339355, 130.4296875, 1.24193012714, 84.8004226685, 30.8481235504, 134.361984253, 23.4875354767, 51.2530822754], [371.125, -219.481704712, -169.503921509, 90.1907043457, -6.99826955795, 9.3164024353, -4.32677936554, 43.1679191589, 13.9347000122, 39.6930618286, 23.4875354767, 102.597953796, 25.7398204803], [-587.609863281, 203.679031372, 128.914520264, -33.1649055481, 113.605735779, 30.2712173462, 115.192527771, 12.6268339157, 87.8872146606, 24.2200069427, 51.2530822754, 25.7398204803, 84.7443008423]], "icov": [[0.000164843324455, -0.000108043699584, 0.000147328217281, -0.000142943768878, 9.80536351562e-05, -0.000225983181736, 0.000289621006232, -0.000195916276425, 0.000381966936402, -0.000459509290522, 0.000322997540934, -0.000375167670427, 0.00036121282028], [-0.000108043699584, 0.00193702813704, -0.000483537354739, 0.00104850716889, -7.37893715268e-05, 0.00158449367154, -0.00123965588864, 0.00175374024548, -0.00219698413275, 0.00276091229171, -0.00263602682389, 0.00190893455874, -0.000798299501184], [0.000147328217281, -0.000483537354739, 0.00104981055483, -0.000422288430855, 0.00033663911745, -0.000714526919182, -0.000137729148264, -0.000488540274091, 0.000909040507395, -0.000919392623473, 0.000154645938892, 0.00118532008491, -0.000648124318104], [-0.000142943768878, 0.00104850716889, -0.000422288430855, 0.00227310485207, -0.000767604331486, 0.000952943693846, -0.000889988266863, 0.0003165290982, -0.00128973112442, 0.00064992433181, 0.00086651352467, -0.000698674004525, 0.000711965491064], [9.80536351562e-05, -7.37893715268e-05, 0.00033663911745, -0.000767604331486, 0.00208990299143, -0.00128071429208, -0.000457828311482, 0.00128921156283, -0.00161265477072, 0.00116338278167, -0.00170158792753, 0.000485586991999, 0.000352380913682], [-0.000225983181736, 0.00158449367154, -0.000714526919182, 0.000952943693846, -0.00128071429208, 0.00512097682804, -0.00197133491747, -0.000867646071129, 0.000877133221366, -0.000327376415953, -0.00128748640418, 0.00274502369575, -0.0020899628289], [0.000289621006232, -0.00123965588864, -0.000137729148264, -0.000889988266863, -0.000457828311482, -0.00197133491747, 0.00646048504859, -0.00157607148867, -0.000434100831626, -9.37657896429e-05, -9.02016654436e-06, -0.00161075091455, -0.0014083723072], [-0.000195916276425, 0.00175374024548, -0.000488540274091, 0.0003165290982, 0.00128921156283, -0.000867646071129, -0.00157607148867, 0.00839917548001, -0.00387791078538, 0.00385209964588, -0.00331725249998, -0.000201247035875, -0.000245738541707], [0.000381966936402, -0.00219698413275, 0.000909040507395, -0.00128973112442, -0.00161265477072, 0.000877133221366, -0.000434100831626, -0.00387791078538, 0.013530863449, -0.00837804563344, 0.00348400580697, -0.00026010297006, -0.00460861669853], [-0.000459509290522, 0.00276091229171, -0.000919392623473, 0.00064992433181, 0.00116338278167, -0.000327376415953, -9.37657896429e-05, 0.00385209964588, -0.00837804563344, 0.014450756833, -0.00745281530544, 0.00158555305097, -0.00147356709931], [0.000322997540934, -0.00263602682389, 0.000154645938892, 0.00086651352467, -0.00170158792753, -0.00128748640418, -9.02016654436e-06, -0.00331725249998, 0.00348400580697, -0.00745281530544, 0.0195936579257, -0.00827015284449, 0.00110515439883], [-0.000375167670427, 0.00190893455874, 0.00118532008491, -0.000698674004525, 0.000485586991999, 0.00274502369575, -0.00161075091455, -0.000201247035875, -0.00026010297006, 0.00158555305097, -0.00827015284449, 0.0214809793979, -0.0103841768578], [0.00036121282028, -0.000798299501184, -0.000648124318104, 0.000711965491064, 0.000352380913682, -0.0020899628289, -0.0014083723072, -0.000245738541707, -0.00460861669853, -0.00147356709931, 0.00110515439883, -0.0103841768578, 0.0273995604366]]}, "melbands": {"dmean": [0.00443327846006, 0.00409901374951, 0.00204995111562, 0.000916435848922, 0.000573061348405, 0.000387469597626, 0.000223324284889, 0.000150675972691, 0.000115095666843, 8.06888419902e-05, 4.71192142868e-05, 3.48129215126e-05, 3.05726534862e-05, 1.85455355677e-05, 1.283759957e-05, 1.27071480165e-05, 1.74646829691e-05, 3.56635719072e-05, 2.29430352192e-05, 1.04918481156e-05, 6.59723991703e-06, 6.16662464381e-06, 4.97875362271e-06, 5.97273174208e-06, 5.30230772711e-06, 3.28581836584e-06, 2.83762278741e-06, 3.23516701428e-06, 2.79332971331e-06, 2.10749112739e-06, 2.97427095575e-06, 2.3782624794e-06, 1.75119873802e-06, 2.01785906029e-06, 1.86246415979e-06, 1.81200323368e-06, 1.99694659386e-06, 1.80998870292e-06, 1.4599164615e-06, 1.21374284845e-06], "dmean2": [0.0061193164438, 0.00571230659261, 0.00325802597217, 0.00165969319642, 0.00102915836032, 0.000701621116605, 0.000379817298381, 0.000251682504313, 0.000184015050763, 0.000133426568937, 7.20901152818e-05, 5.47096024093e-05, 5.04451418237e-05, 2.89416821033e-05, 2.10364087252e-05, 2.11548303923e-05, 2.88085520879e-05, 6.44866668154e-05, 4.03525409638e-05, 1.67555172084e-05, 1.06674715425e-05, 9.62556259765e-06, 7.76179149398e-06, 9.78417028819e-06, 8.62131400936e-06, 5.10149311594e-06, 4.39998257207e-06, 5.09376559421e-06, 4.27605800724e-06, 3.13423106491e-06, 4.68021880806e-06, 3.66055473933e-06, 2.56168527812e-06, 2.96060989058e-06, 2.7966750622e-06, 2.54684391621e-06, 2.89962440547e-06, 2.61835975834e-06, 2.08285450753e-06, 1.75768252575e-06], "dvar": [2.98955310427e-05, 5.10838981427e-05, 2.32836810028e-05, 5.6675930864e-06, 1.49398397298e-06, 9.07609035039e-07, 2.21884619123e-07, 1.21095467875e-07, 4.68834961964e-08, 4.04514288732e-08, 1.41643905494e-08, 6.56233511975e-09, 5.61401680699e-09, 1.61749169614e-09, 7.14786174694e-10, 7.46673389784e-10, 1.51701096129e-09, 7.76150343995e-09, 2.44950659756e-09, 5.25826049369e-10, 1.85977178102e-10, 1.98158059406e-10, 8.69671834547e-11, 1.3233830698e-10, 1.04560381187e-10, 3.99850916266e-11, 2.77556762296e-11, 5.22633117339e-11, 4.68468076831e-11, 2.11248084997e-11, 4.33253710685e-11, 3.61674926119e-11, 2.13958677164e-11, 2.9516174227e-11, 3.00889209381e-11, 1.59942059597e-11, 1.78925207983e-11, 1.69537040656e-11, 1.67238480009e-11, 1.35342674568e-11], "dvar2": [5.76846141485e-05, 9.21298124013e-05, 5.11374564667e-05, 1.5972636902e-05, 4.2144465624e-06, 2.55605095845e-06, 5.83068981541e-07, 2.94801623113e-07, 1.18827117035e-07, 1.00506518663e-07, 3.12275574288e-08, 1.49661385507e-08, 1.42939349246e-08, 3.37859251687e-09, 1.68754410446e-09, 1.7786532247e-09, 3.70959707396e-09, 2.14262936282e-08, 6.39626795973e-09, 1.39231515206e-09, 4.21973206377e-10, 4.60525312329e-10, 1.94248922503e-10, 3.14014647618e-10, 2.4029667145e-10, 8.42640054954e-11, 5.56866323886e-11, 1.16574347397e-10, 1.00276988102e-10, 4.45060238663e-11, 1.00111120782e-10, 8.22218335084e-11, 4.64191254879e-11, 5.74998937353e-11, 6.73833558396e-11, 3.10588776919e-11, 3.24000964946e-11, 3.34287389436e-11, 3.32032942807e-11, 2.90606445158e-11], "max": [0.052470177412, 0.0509910583496, 0.0311320479959, 0.0168507024646, 0.00914136879146, 0.00800204835832, 0.00933517329395, 0.00991186778992, 0.00464408611879, 0.00387177942321, 0.00356463738717, 0.0023063167464, 0.00179452006705, 0.00114506005775, 0.00029443835956, 0.00038022181252, 0.000787897151895, 0.000763236370403, 0.000535920320544, 0.000462099007564, 0.000274738384178, 0.000319659447996, 0.000219021210796, 0.000173848035047, 0.000242174879531, 0.000111979607027, 7.35930661904e-05, 7.08110019332e-05, 5.56293889531e-05, 3.94464041165e-05, 6.02374821028e-05, 5.44834801985e-05, 4.0762606659e-05, 4.4581360271e-05, 6.21588624199e-05, 3.95632014261e-05, 5.4721152992e-05, 4.54530600109e-05, 3.35505792464e-05, 3.28749301843e-05], "mean": [0.0110193891451, 0.00557194231078, 0.00193164427765, 0.00079877168173, 0.000544186274055, 0.000386612839065, 0.000320724007906, 0.000214307292481, 0.000175493245479, 0.000116285664262, 8.38936321088e-05, 5.74382429477e-05, 3.85152707167e-05, 2.66200768237e-05, 1.75933364517e-05, 1.50580035552e-05, 2.1041585569e-05, 2.81960619759e-05, 1.96290729946e-05, 1.26643963085e-05, 7.50121171222e-06, 6.88266845827e-06, 5.75882359044e-06, 6.04640672464e-06, 5.45531293028e-06, 3.75606532543e-06, 3.12736142405e-06, 3.23332005792e-06, 2.82728683487e-06, 2.23705205826e-06, 2.8416020541e-06, 2.2754118163e-06, 1.89450690868e-06, 2.09382642424e-06, 1.88602291473e-06, 2.51493702308e-06, 3.10704899675e-06, 2.75241063719e-06, 1.91129470295e-06, 1.32645573103e-06], "median": [0.00652043428272, 0.00202638679184, 0.000367523141904, 0.000236842679442, 0.000166043784702, 0.000106116727693, 9.53647759161e-05, 6.79598815623e-05, 5.71466298425e-05, 3.55280462827e-05, 2.23242604989e-05, 1.71485735336e-05, 8.00564066594e-06, 5.36238621862e-06, 3.67170719073e-06, 2.58392651631e-06, 2.61613672592e-06, 2.61637705989e-06, 1.78555058028e-06, 1.45303499721e-06, 1.26290569824e-06, 8.85713632215e-07, 7.34148215997e-07, 7.66035441302e-07, 7.22860875157e-07, 5.6421708905e-07, 4.9341514341e-07, 4.88907005547e-07, 3.85936658631e-07, 2.79998801034e-07, 2.41329615847e-07, 1.66112201327e-07, 1.06615651418e-07, 1.60865482712e-07, 2.56714002944e-07, 4.063749941e-07, 4.47664206149e-07, 4.21551703766e-07, 1.31334076059e-07, 8.21710912646e-08], "min": [7.00024555907e-17, 4.56297906e-17, 3.66325536947e-17, 3.64535121055e-17, 3.9656812041e-17, 3.12272526465e-17, 8.86511465477e-18, 5.62095034265e-18, 3.8841069682e-17, 5.30720503765e-17, 1.92656568518e-17, 1.62822579191e-17, 1.2524650193e-17, 2.97922001629e-17, 3.43344738995e-17, 1.35258059136e-17, 1.04324308368e-17, 3.21433617924e-17, 2.6353324152e-17, 2.27742774232e-17, 6.84566154989e-18, 1.48714269381e-17, 3.0074540067e-17, 2.08083784727e-17, 2.08731301711e-17, 3.59450474917e-17, 4.12100553993e-17, 4.50628575518e-17, 3.02541573739e-17, 1.83612159157e-17, 1.98738777931e-17, 2.25639452458e-17, 1.65855072947e-17, 2.62978021349e-17, 2.97868665023e-17, 3.33209989781e-17, 2.69523451905e-17, 2.32581003266e-17, 2.53376092255e-17, 1.71866624593e-17], "var": [0.000134235626319, 8.99225415196e-05, 2.27934488066e-05, 3.52219126398e-06, 1.07931782622e-06, 6.53531117223e-07, 3.29349091999e-07, 2.77925778391e-07, 9.60772084113e-08, 7.74717818786e-08, 3.86018506049e-08, 2.54102427988e-08, 8.56865867149e-09, 3.87032628169e-09, 1.16973408737e-09, 9.92367743535e-10, 2.40172881583e-09, 5.32174526668e-09, 2.12282103007e-09, 9.9971220191e-10, 2.59811200332e-10, 2.70572175776e-10, 1.40877837174e-10, 1.52869425452e-10, 1.35221667197e-10, 5.98337282498e-11, 3.89246135324e-11, 5.49743653377e-11, 5.0773385496e-11, 2.48169818029e-11, 4.57697248157e-11, 3.7566273009e-11, 2.56576409424e-11, 3.66487222514e-11, 3.15852309585e-11, 2.88226508632e-11, 3.82692245948e-11, 3.23948610992e-11, 2.43815644757e-11, 1.63157161392e-11]}, "mfcc": {"mean": [-725.052368164, 147.396331787, 44.4369277954, 20.4202232361, 13.4827651978, 8.79023838043, 8.3739824295, 9.68449878693, 5.84600496292, 13.3468694687, 1.89819097519, 6.54488945007, -1.09666454792], "cov": [[17051.8554688, -4195.59033203, -2445.08935547, -306.97265625, -418.973358154, -634.596191406, -767.346496582, -646.239440918, -562.927001953, -314.134399414, -435.062164307, -228.493850708, -323.266906738], [-4195.59033203, 3729.42041016, 641.578979492, -336.145782471, -210.33480835, -99.0354690552, -11.1815271378, -19.4116439819, -97.7125549316, -60.4232254028, 42.8880233765, 41.4788856506, 32.458530426], [-2445.08935547, 641.578979492, 1685.23901367, 27.0184402466, -193.382354736, 8.51340389252, 215.356948853, 44.2066574097, 111.288269043, 116.187408447, 29.3104934692, 33.5659103394, 11.7931118011], [-306.97265625, -336.145782471, 27.0184402466, 626.351074219, 259.088317871, 151.319519043, 24.5334854126, 101.463417053, 121.909866333, -11.3655509949, 124.377586365, -17.1409549713, 91.2688827515], [-418.973358154, -210.33480835, -193.382354736, 259.088317871, 541.135681152, 307.419067383, 170.974807739, 155.073120117, 96.8918457031, 135.099487305, 36.1285133362, 64.2967300415, 34.3229942322], [-634.596191406, -99.0354690552, 8.51340389252, 151.319519043, 307.419067383, 456.200531006, 227.365310669, 116.266021729, 126.35925293, 131.907653809, 72.4027786255, 55.8862380981, 56.5468940735], [-767.346496582, -11.1815271378, 215.356948853, 24.5334854126, 170.974807739, 227.365310669, 344.748809814, 177.325439453, 97.1466369629, 102.711433411, 41.5331573486, 65.1807403564, 30.3728351593], [-646.239440918, -19.4116439819, 44.2066574097, 101.463417053, 155.073120117, 116.266021729, 177.325439453, 234.868865967, 117.09047699, 63.2557144165, 40.1332244873, 49.6225013733, 41.6556472778], [-562.927001953, -97.7125549316, 111.288269043, 121.909866333, 96.8918457031, 126.35925293, 97.1466369629, 117.09047699, 180.659210205, 85.1973114014, 84.8416976929, 25.2632904053, 56.2022781372], [-314.134399414, -60.4232254028, 116.187408447, -11.3655509949, 135.099487305, 131.907653809, 102.711433411, 63.2557144165, 85.1973114014, 210.09211731, 29.3467197418, 59.4927978516, 5.96234560013], [-435.062164307, 42.8880233765, 29.3104934692, 124.377586365, 36.1285133362, 72.4027786255, 41.5331573486, 40.1332244873, 84.8416976929, 29.3467197418, 142.731216431, 23.6585292816, 62.2064476013], [-228.493850708, 41.4788856506, 33.5659103394, -17.1409549713, 64.2967300415, 55.8862380981, 65.1807403564, 49.6225013733, 25.2632904053, 59.4927978516, 23.6585292816, 96.8987121582, 38.6098480225], [-323.266906738, 32.458530426, 11.7931118011, 91.2688827515, 34.3229942322, 56.5468940735, 30.3728351593, 41.6556472778, 56.2022781372, 5.96234560013, 62.2064476013, 38.6098480225, 109.342071533]], "icov": [[0.000129612206365, 0.000125316015328, 0.000150574604049, -5.65698683204e-05, 0.000146563499584, 4.43887256552e-05, -2.31708272622e-05, 0.000185495810001, 0.000133627079776, -8.09633856989e-05, 0.000173843611265, -8.39389904286e-05, 0.000110246925033], [0.000125316015328, 0.000479326787172, -9.75817965809e-05, 0.000365583488019, -6.0469701566e-05, -6.09623202763e-05, 0.000334820011631, -0.000223364957492, 0.000664841383696, 0.000160324038006, -0.000418222974986, 4.41300071543e-05, -0.000151952597662], [0.000150574604049, -9.75817965809e-05, 0.00125035562087, -0.00092697533546, 0.00120213581249, 0.000372183509171, -0.0013769507641, 0.00111805112101, -0.000829013762996, -0.000892380077858, 0.00118477223441, -0.000586401845794, 0.000507555319928], [-5.65698683204e-05, 0.000365583488019, -0.00092697533546, 0.00410379143432, -0.00267138984054, -0.000299856532365, 0.0019441912882, -0.00156953535043, 0.000253175589023, 0.00185435521416, -0.00307640759274, 0.00250900164247, -0.00191673415247], [0.000146563499584, -6.0469701566e-05, 0.00120213581249, -0.00267138984054, 0.00572743592784, -0.00193579809275, -0.000919937971048, -0.000646281114314, 0.000528054893948, -0.00243816152215, 0.00241534947418, -0.00206968351267, 0.00147465546615], [4.43887256552e-05, -6.09623202763e-05, 0.000372183509171, -0.000299856532365, -0.00193579809275, 0.00546395871788, -0.00321846595034, 0.00244854832999, -0.00190057884902, -0.000835850369185, -2.27276123042e-05, 0.000408127758419, -0.00100607553031], [-2.31708272622e-05, 0.000334820011631, -0.0013769507641, 0.0019441912882, -0.000919937971048, -0.00321846595034, 0.00865507870913, -0.00582689186558, 0.00220416276716, 0.000516402011272, -0.00207457365468, -0.000223093273235, 0.000224586066906], [0.000185495810001, -0.000223364957492, 0.00111805112101, -0.00156953535043, -0.000646281114314, 0.00244854832999, -0.00582689186558, 0.0120070250705, -0.00676021445543, 0.000761246075854, 0.00316225970164, -0.00301428511739, 0.000483723240905], [0.000133627079776, 0.000664841383696, -0.000829013762996, 0.000253175589023, 0.000528054893948, -0.00190057884902, 0.00220416276716, -0.00676021445543, 0.015914041549, -0.00408016843721, -0.00558421574533, 0.00415887963027, -0.00339291756973], [-8.09633856989e-05, 0.000160324038006, -0.000892380077858, 0.00185435521416, -0.00243816152215, -0.000835850369185, 0.000516402011272, 0.000761246075854, -0.00408016843721, 0.00974468979985, -0.00111689697951, -0.00395090179518, 0.00262198038399], [0.000173843611265, -0.000418222974986, 0.00118477223441, -0.00307640759274, 0.00241534947418, -2.27276123042e-05, -0.00207457365468, 0.00316225970164, -0.00558421574533, -0.00111689697951, 0.0143241649494, -0.00248388969339, -0.00263758562505], [-8.39389904286e-05, 4.41300071543e-05, -0.000586401845794, 0.00250900164247, -0.00206968351267, 0.000408127758419, -0.000223093273235, -0.00301428511739, 0.00415887963027, -0.00395090179518, -0.00248388969339, 0.0186069253832, -0.00772279547527], [0.000110246925033, -0.000151952597662, 0.000507555319928, -0.00191673415247, 0.00147465546615, -0.00100607553031, 0.000224586066906, 0.000483723240905, -0.00339291756973, 0.00262198038399, -0.00263758562505, -0.00772279547527, 0.0167011283338]]}, "spectral_contrast_coeffs": {"dmean": [0.0611170642078, 0.047801502049, 0.0398670807481, 0.0341380164027, 0.024178955704, 0.0212485026568], "dmean2": [0.0939774960279, 0.0802257508039, 0.0628384277225, 0.0547199510038, 0.0383192896843, 0.032695800066], "dvar": [0.00374241243117, 0.00163255888037, 0.00118655792903, 0.00097545364406, 0.000520237488672, 0.000390930508729], "dvar2": [0.00755203003064, 0.00437717325985, 0.00277463998646, 0.00226597487926, 0.00118802115321, 0.000903544656467], "max": [-0.266065716743, -0.459694713354, -0.435536324978, -0.460196912289, -0.593579351902, -0.617206692696], "mean": [-0.680899679661, -0.772301018238, -0.785976648331, -0.811349451542, -0.827267348766, -0.799569189548], "median": [-0.706385493279, -0.777035295963, -0.799626290798, -0.822774171829, -0.832182049751, -0.796820580959], "min": [-0.949722766876, -0.96701002121, -0.981031060219, -0.990470230579, -0.981303870678, -0.96368765831], "var": [0.0116666546091, 0.0047601913102, 0.00596936000511, 0.00405902555212, 0.00259210518561, 0.00181648100261]}, "spectral_contrast_valleys": {"dmean": [0.42739829421, 0.610576093197, 0.53813380003, 0.696939826012, 0.694596946239, 0.670076012611], "dmean2": [0.675345182419, 0.939199864864, 0.828433632851, 1.06253051758, 0.992675542831, 0.954393684864], "dvar": [0.186379447579, 0.562750577927, 0.449886262417, 0.777866601944, 0.890958368778, 0.935435414314], "dvar2": [0.384105414152, 1.21915078163, 0.96818870306, 1.65254187584, 1.78585660458, 1.840046525], "max": [-5.16282129288, -4.30100107193, -5.33059549332, -5.89739084244, -5.98077440262, -7.5524559021], "mean": [-