{"lowlevel": {"average_loudness": 0.941602408886, "barkbands_crest": {"dmean": 2.02954173088, "dmean2": 3.31543946266, "dvar": 5.09225606918, "dvar2": 14.3736286163, "max": 24.2016181946, "mean": 10.2474908829, "median": 9.45072746277, "min": 2.39545702934, "var": 15.7028951645}, "barkbands_flatness_db": {"dmean": 0.0228179320693, "dmean2": 0.02998107858, "dvar": 0.000588864902966, "dvar2": 0.00112493452616, "max": 0.500195801258, "mean": 0.149642795324, "median": 0.134358003736, "min": 0.0176795721054, "var": 0.004946956411}, "barkbands_kurtosis": {"dmean": 3.08728218079, "dmean2": 4.72514438629, "dvar": 28.7892227173, "dvar2": 65.9880065918, "max": 156.656707764, "mean": 6.13983058929, "median": 3.04021644592, "min": -1.87939381599, "var": 102.952346802}, "barkbands_skewness": {"dmean": 0.468997776508, "dmean2": 0.704446554184, "dvar": 0.283092975616, "dvar2": 0.663087010384, "max": 10.0857458115, "mean": 1.82735395432, "median": 1.64433014393, "min": -3.40609288216, "var": 1.53578770161}, "barkbands_spread": {"dmean": 5.93067169189, "dmean2": 8.31191062927, "dvar": 88.5683898926, "dvar2": 158.475921631, "max": 120.823280334, "mean": 20.6743106842, "median": 17.9477748871, "min": 0.598660945892, "var": 238.857543945}, "dissonance": {"dmean": 0.0175876263529, "dmean2": 0.0289762001485, "dvar": 0.000298301660223, "dvar2": 0.000772365718149, "max": 0.500000178814, "mean": 0.453809261322, "median": 0.461061239243, "min": 0.258194327354, "var": 0.00101200805511}, "dynamic_complexity": 2.31593608856, "erbbands_crest": {"dmean": 2.2474603653, "dmean2": 3.48327374458, "dvar": 5.45356035233, "dvar2": 12.4916706085, "max": 28.4595165253, "mean": 9.36019611359, "median": 8.28554344177, "min": 2.47393774986, "var": 20.3772602081}, "erbbands_flatness_db": {"dmean": 0.0220615044236, "dmean2": 0.027589995414, "dvar": 0.000637122546323, "dvar2": 0.00106308807153, "max": 0.394720584154, "mean": 0.148556828499, "median": 0.144933506846, "min": 0.0279106255621, "var": 0.00323383975774}, "erbbands_kurtosis": {"dmean": 0.870558917522, "dmean2": 1.32829511166, "dvar": 1.61167228222, "dvar2": 3.59739255905, "max": 35.2386741638, "mean": 0.788177967072, "median": 0.0243000984192, "min": -1.81041300297, "var": 6.44964504242}, "erbbands_skewness": {"dmean": 0.30803245306, "dmean2": 0.457729756832, "dvar": 0.0953110456467, "dvar2": 0.208780109882, "max": 4.82899427414, "mean": 0.569204032421, "median": 0.527369201183, "min": -2.59620213509, "var": 0.578172683716}, "erbbands_spread": {"dmean": 8.21633529663, "dmean2": 11.4880743027, "dvar": 137.944564819, "dvar2": 241.133087158, "max": 161.9112854, "mean": 38.8017120361, "median": 33.6454086304, "min": 3.57342553139, "var": 499.92489624}, "hfc": {"dmean": 7.0885052681, "dmean2": 9.79844474792, "dvar": 109.319442749, "dvar2": 206.322387695, "max": 147.776733398, "mean": 25.6426239014, "median": 22.2104434967, "min": 1.07610169201e-16, "var": 337.34777832}, "melbands_crest": {"dmean": 2.58019089699, "dmean2": 4.23543739319, "dvar": 7.43000459671, "dvar2": 20.3802204132, "max": 32.2023277283, "mean": 14.5328674316, "median": 13.6801071167, "min": 1.51184439659, "var": 27.7959289551}, "melbands_flatness_db": {"dmean": 0.0249787177891, "dmean2": 0.0340303517878, "dvar": 0.000745506025851, "dvar2": 0.00154465879314, "max": 0.666719853878, "mean": 0.232981950045, "median": 0.216387733817, "min": 0.00289047835395, "var": 0.00788199622184}, "melbands_kurtosis": {"dmean": 6.24263095856, "dmean2": 9.48830032349, "dvar": 117.368522644, "dvar2": 265.141082764, "max": 327.46270752, "mean": 16.290222168, "median": 8.95025157928, "min": -1.43230378628, "var": 506.706420898}, "melbands_skewness": {"dmean": 0.59339851141, "dmean2": 0.894719362259, "dvar": 0.463687241077, "dvar2": 1.03403091431, "max": 14.1394462585, "mean": 2.80287384987, "median": 2.45580005646, "min": -1.40264105797, "var": 2.86518120766}, "melbands_spread": {"dmean": 3.85368680954, "dmean2": 5.80119276047, "dvar": 28.2527637482, "dvar2": 59.180065155, "max": 186.514129639, "mean": 18.0458488464, "median": 14.5939483643, "min": 0.565193116665, "var": 266.656066895}, "pitch_salience": {"dmean": 0.0579110682011, "dmean2": 0.0951204746962, "dvar": 0.00382590456866, "dvar2": 0.0106443567201, "max": 0.953128755093, "mean": 0.546162366867, "median": 0.549318552017, "min": 0.149493932724, "var": 0.0121554136276}, "silence_rate_20dB": {"dmean": 0, "dmean2": 0, "dvar": 0, "dvar2": 0, "max": 1, "mean": 1, "median": 1, "min": 1, "var": 0}, "silence_rate_30dB": {"dmean": 0, "dmean2": 0, "dvar": 0, "dvar2": 0, "max": 1, "mean": 1, "median": 1, "min": 1, "var": 0}, "silence_rate_60dB": {"dmean": 0.00131851574406, "dmean2": 0.00263727991842, "dvar": 0.00131692492869, "dvar2": 0.0030076103285, "max": 1, "mean": 0.0223184861243, "median": 0, "min": 0, "var": 0.0218201037496}, "spectral_centroid": {"dmean": 150.673477173, "dmean2": 221.249145508, "dvar": 39386.0195312, "dvar2": 74271.5, "max": 11698.25, "mean": 1032.07092285, "median": 911.320800781, "min": 145.386764526, "var": 970859.6875}, "spectral_complexity": {"dmean": 2.72028636932, "dmean2": 4.35923528671, "dvar": 8.44254493713, "dvar2": 18.992433548, "max": 48, "mean": 19.3669834137, "median": 20, "min": 0, "var": 70.6502761841}, "spectral_decrease": {"dmean": 2.070879912e-09, "dmean2": 3.32982796891e-09, "dvar": 8.93603381177e-18, "dvar2": 2.33213531737e-17, "max": 1.68852321014e-10, "mean": -9.38796951289e-09, "median": -8.74244943105e-09, "min": -2.8517957773e-08, "var": 2.34974913589e-17}, "spectral_energy": {"dmean": 0.00813335832208, "dmean2": 0.0130229862407, "dvar": 0.000132019034936, "dvar2": 0.000342356739566, "max": 0.111823402345, "mean": 0.0377581901848, "median": 0.0352210253477, "min": 9.9803549509e-21, "var": 0.000363422121154}, "spectral_energyband_high": {"dmean": 0.000472751882626, "dmean2": 0.000627110828646, "dvar": 7.88447778177e-07, "dvar2": 1.4434726836e-06, "max": 0.0167631357908, "mean": 0.000916739751119, "median": 0.000403434270993, "min": 6.85352984051e-21, "var": 1.90302682768e-06}, "spectral_energyband_low": {"dmean": 0.00532950554043, "dmean2": 0.0089780734852, "dvar": 0.000108123451355, "dvar2": 0.000297269638395, "max": 0.0897327959538, "mean": 0.0137350177392, "median": 0.0110634760931, "min": 1.42480270169e-23, "var": 0.000146566162584}, "spectral_energyband_middle_high": {"dmean": 0.00145235145465, "dmean2": 0.00215065618977, "dvar": 6.54017139823e-06, "dvar2": 1.32008399305e-05, "max": 0.0524911694229, "mean": 0.00603863038123, "median": 0.00382899679244, "min": 1.26734389406e-21, "var": 4.541202361e-05}, "spectral_energyband_middle_low": {"dmean": 0.00497378129512, "dmean2": 0.00796438381076, "dvar": 4.14061869378e-05, "dvar2": 0.000106366896944, "max": 0.088210940361, "mean": 0.0182681251317, "median": 0.0159526281059, "min": 1.80629141783e-22, "var": 0.000143066965393}, "spectral_entropy": {"dmean": 0.199297830462, "dmean2": 0.255384236574, "dvar": 0.0580046437681, "dvar2": 0.0988296866417, "max": 9.81940937042, "mean": 7.35619163513, "median": 7.43290090561, "min": 4.69502449036, "var": 0.389701038599}, "spectral_flux": {"dmean": 0.0237225089222, "dmean2": 0.0355369001627, "dvar": 0.000788939883932, "dvar2": 0.00150648702402, "max": 0.286336869001, "mean": 0.077754765749, "median": 0.0674381554127, "min": 6.40584321698e-11, "var": 0.00228353799321}, "spectral_kurtosis": {"dmean": 3.03141093254, "dmean2": 4.67561912537, "dvar": 33.6413993835, "dvar2": 81.0956573486, "max": 155.058776855, "mean": 7.83364439011, "median": 5.43465805054, "min": -1.24525332451, "var": 98.8448638916}, "spectral_rms": {"dmean": 0.00061861082213, "dmean2": 0.000978404190391, "dvar": 6.30693762105e-07, "dvar2": 1.59558771884e-06, "max": 0.0104449028149, "mean": 0.0058290050365, "median": 0.00586190866306, "min": 3.1204056266e-12, "var": 2.85981013803e-06}, "spectral_rolloff": {"dmean": 476.847137451, "dmean2": 795.778686523, "dvar": 2039418.75, "dvar2": 4229484, "max": 19401.4160156, "mean": 1388.06689453, "median": 753.662109375, "min": 86.1328125, "var": 6079975.5}, "spectral_skewness": {"dmean": 0.318763375282, "dmean2": 0.472911506891, "dvar": 0.178706109524, "dvar2": 0.408136814833, "max": 10.3517694473, "mean": 1.99921369553, "median": 1.86013615131, "min": -0.075851611793, "var": 0.832244813442}, "spectral_spread": {"dmean": 982969.125, "dmean2": 1206083, "dvar": 1943046979580.0, "dvar2": 3087443427330.0, "max": 42634784, "mean": 5262511.5, "median": 4380544.5, "min": 637405.125, "var": 15849572270100.0}, "spectral_strongpeak": {"dmean": 0.444422066212, "dmean2": 0.762319207191, "dvar": 0.65489846468, "dvar2": 1.64349281788, "max": 9.24099254608, "mean": 0.990296065807, "median": 0.58240377903, "min": 0, "var": 1.20094370842}, "zerocrossingrate": {"dmean": 0.0148559268564, "dmean2": 0.0158275421709, "dvar": 0.00041510493611, "dvar2": 0.000467596488306, "max": 0.54052734375, "mean": 0.0618732683361, "median": 0.0478515625, "min": 0.00341796875, "var": 0.00363931572065}, "barkbands": {"dmean": [0.000194170730538, 0.00370423635468, 0.00210425211117, 0.001119725639, 0.00279944296926, 0.00114548497368, 0.00139916827902, 0.000840281718411, 0.000887457164936, 0.000432702945545, 0.000664799939841, 0.000271974655334, 0.000251182646025, 0.000308625923935, 0.000293429824524, 0.000252726604231, 0.000178628019057, 0.000109836852062, 6.82724421495e-05, 8.86434063432e-05, 6.24983658781e-05, 6.34257157799e-05, 6.96542774676e-05, 5.87963513681e-05, 5.80039122724e-05, 0.000101023710158, 0.000102803038317], "dmean2": [0.000325723871356, 0.0064242342487, 0.00348414224572, 0.00190733838826, 0.00468059070408, 0.00183020380791, 0.00197217520326, 0.00126700988039, 0.00129941408522, 0.000650323869195, 0.000950257119257, 0.00040939822793, 0.000387648760807, 0.000487344193971, 0.000463952455902, 0.000403426412959, 0.000281520537101, 0.000173549109604, 0.000106681167381, 0.000143101875437, 9.41944526858e-05, 9.17373763514e-05, 0.000100736091554, 8.25692186481e-05, 7.76517117629e-05, 0.00013815247803, 0.00014192253002], "dvar": [3.16267374956e-07, 8.12719736132e-05, 1.37805891427e-05, 4.02879186367e-06, 1.82698822755e-05, 5.92802780375e-06, 8.74824036146e-06, 5.19943750987e-06, 5.41265808351e-06, 1.1756648064e-06, 3.23315975947e-06, 9.19139097277e-07, 3.7363841443e-07, 2.97941255667e-07, 2.86427422225e-07, 1.95761742816e-07, 1.1497868968e-07, 4.17177545842e-08, 1.26182513327e-08, 2.28546461756e-08, 1.29051231923e-08, 2.06086347987e-08, 6.49964917443e-08, 3.98341342134e-08, 1.30497568307e-08, 4.91698841643e-08, 5.65447066947e-08], "dvar2": [8.1662926732e-07, 0.000230052915867, 3.732166806e-05, 1.1013799849e-05, 5.29043390998e-05, 1.50414034579e-05, 1.84961099876e-05, 1.15167676995e-05, 1.18530224427e-05, 2.69620136351e-06, 6.41474571239e-06, 1.87376747363e-06, 8.38599419239e-07, 7.18273099665e-07, 7.05296031356e-07, 4.59287292642e-07, 2.74808513723e-07, 9.89034703025e-08, 2.93715824995e-08, 5.74619427596e-08, 2.857433401e-08, 4.48250041529e-08, 1.3250209463e-07, 7.93225609641e-08, 2.37543158477e-08, 9.19526712551e-08, 1.0945696971e-07], "max": [0.0077180378139, 0.0838932991028, 0.0574793964624, 0.0325391925871, 0.0596358776093, 0.0606498196721, 0.0595231242478, 0.059598967433, 0.056207574904, 0.0253619365394, 0.0487554930151, 0.0327710546553, 0.0165154803544, 0.0106376586482, 0.0121825905517, 0.0112593630329, 0.0087742805481, 0.00529943127185, 0.00231045018882, 0.00275151454844, 0.00255612749606, 0.0051731695421, 0.00765978638083, 0.00727994786575, 0.00210559484549, 0.00320617924444, 0.00303377164528], "mean": [0.000193066895008, 0.00706729013473, 0.00545594841242, 0.00243252562359, 0.00614205282182, 0.00261261686683, 0.00304057495669, 0.00161374534946, 0.00208151666448, 0.000986137310974, 0.00148283015005, 0.000517636188306, 0.000496078107972, 0.000614321557805, 0.000634529103991, 0.000578945386223, 0.000394113041693, 0.000228498887736, 0.000157010741532, 0.000188282356248, 0.000128357991343, 0.000135593028972, 0.000126038255985, 0.000100079792901, 9.12282193894e-05, 0.000132472385303, 0.000126738581457], "median": [1.06032366602e-05, 0.00435082567856, 0.00276281218976, 0.00107908179052, 0.00422351434827, 0.0013733713422, 0.00134827941656, 0.000526469491888, 0.000540329958312, 0.000300625019008, 0.000330888025928, 0.000167004633113, 0.000186238074093, 0.000286579743261, 0.000301351450616, 0.000264039961621, 0.000196089909878, 0.000123807039927, 9.02067622519e-05, 9.63750353549e-05, 5.92031719862e-05, 5.17206608492e-05, 4.37244780187e-05, 3.25250148308e-05, 2.49699733104e-05, 1.19467640616e-05, 4.17019828092e-06], "min": [5.36066582446e-25, 1.80905290432e-24, 1.62380469794e-24, 2.79014481543e-25, 8.34216305195e-24, 2.81742816148e-24, 5.73183138847e-24, 6.02877401598e-24, 1.02717704687e-23, 2.30601097769e-23, 2.10758563875e-23, 1.95938044722e-23, 4.38426171928e-23, 4.27781882407e-23, 4.95035966446e-23, 7.2345360767e-23, 8.40139325306e-23, 9.01789625465e-23, 1.40269881912e-22, 1.75285865017e-22, 2.47176602089e-22, 3.25140646741e-22, 3.44311986222e-22, 6.26767482978e-22, 8.02173040282e-22, 1.32517383552e-21, 1.98960868203e-21], "var": [2.92529335866e-07, 8.54707614053e-05, 4.24358986493e-05, 1.27632956719e-05, 3.77612486773e-05, 1.36686239784e-05, 2.37406347878e-05, 1.29823547468e-05, 1.83314950846e-05, 3.597418754e-06, 1.22176907098e-05, 2.24077416533e-06, 1.29142631522e-06, 7.80251923516e-07, 9.64868604569e-07, 7.83147925176e-07, 3.07595882987e-07, 1.04413196311e-07, 3.91961378909e-08, 6.73682549746e-08, 3.49490640872e-08, 5.64457316443e-08, 1.33876454811e-07, 8.20126402346e-08, 2.71344031688e-08, 8.4775244602e-08, 9.20530425219e-08]}, "erbbands": {"dmean": [0.0962414816022, 0.886317491531, 2.43872904778, 2.69005894661, 6.90896654129, 11.3062896729, 8.62738132477, 8.64143371582, 11.1053028107, 29.4705276489, 19.074836731, 21.2879085541, 13.85019207, 14.7986087799, 21.0888690948, 12.2275533676, 12.2140045166, 10.1565856934, 17.9186077118, 13.5537548065, 14.534198761, 7.9194188118, 6.37023162842, 3.15226769447, 4.18774223328, 3.8620326519, 2.46273970604, 2.65198349953, 2.44294810295, 2.04580426216, 2.07666730881, 1.33993446827, 0.941303610802, 0.684629380703, 0.413016051054, 0.325301975012, 0.195323809981, 0.086388014257, 0.0170596707612, 0.00113739049993], "dmean2": [0.171322524548, 1.53326523304, 4.03166627884, 4.65488243103, 11.6326217651, 19.0053272247, 13.7418603897, 13.8752202988, 16.926279068, 40.9596710205, 28.6216678619, 31.1937961578, 20.4754638672, 21.9137191772, 30.1262588501, 18.239648819, 18.6193904877, 15.7494440079, 28.0303192139, 21.9926795959, 22.914937973, 12.403711319, 10.0090141296, 4.95365571976, 6.61551618576, 6.22113275528, 3.83427643776, 3.94297075272, 3.57220506668, 3.00429654121, 3.01042437553, 1.91315317154, 1.32153916359, 0.936025083065, 0.563579142094, 0.446506887674, 0.267448216677, 0.12106860429, 0.0237933807075, 0.00157445319928], "dvar": [0.0860071033239, 3.89989423752, 16.6519508362, 24.4337520599, 131.504882812, 345.433410645, 339.079284668, 373.52911377, 602.288452148, 4301.63037109, 3340.10400391, 3592.93457031, 1015.63183594, 1480.10229492, 2929.58325195, 2019.08105469, 879.168579102, 362.640380859, 1063.47290039, 633.817138672, 735.388366699, 193.757232666, 130.807479858, 26.5020103455, 46.7520942688, 45.2737197876, 23.4626922607, 24.1206169128, 28.9760284424, 37.1271934509, 61.7725105286, 31.0525779724, 6.57765102386, 2.09001541138, 0.660988628864, 0.477884054184, 0.187633395195, 0.0403711535037, 0.00157473864965, 6.87489591655e-06], "dvar2": [0.239136770368, 11.1923084259, 45.6374778748, 71.269859314, 369.563079834, 1030.12634277, 812.228393555, 974.130249023, 1409.3157959, 8755.00488281, 7532.25195312, 7853.72216797, 2253.04638672, 3131.66625977, 5747.05273438, 4028.0090332, 1929.11914062, 822.674682617, 2549.82250977, 1690.5032959, 1671.96264648, 464.0206604, 313.753295898, 63.2971458435, 110.819755554, 113.970069885, 56.1585235596, 52.6887969971, 65.3189849854, 79.0054473877, 127.340164185, 60.689666748, 12.9390745163, 3.92207074165, 1.22553920746, 0.91404825449, 0.347246080637, 0.0785634666681, 0.00310232397169, 1.35224272526e-05], "max": [2.67266583443, 18.4423980713, 58.7317237854, 59.3126564026, 127.106132507, 276.64050293, 413.004180908, 561.456542969, 621.567260742, 1336.40429688, 1551.63415527, 1636.1661377, 817.365112305, 1229.49621582, 1498.89501953, 1689.24694824, 879.259643555, 455.130950928, 681.819519043, 625.435058594, 759.07409668, 330.716827393, 279.526672363, 98.0684280396, 138.240356445, 128.017730713, 97.6186981201, 125.829093933, 224.311248779, 193.385620117, 244.517333984, 221.728378296, 88.9647903442, 39.8329734802, 12.7433443069, 9.60831260681, 6.00707626343, 2.49889135361, 0.558987438679, 0.0384923890233], "mean": [0.115707330406, 1.90661144257, 6.74080276489, 6.55874204636, 14.6499109268, 23.3278579712, 19.84308815, 19.8330688477, 24.7647285461, 60.8674468994, 40.2107391357, 50.4676933289, 35.3619766235, 36.9013252258, 49.5386734009, 25.8215637207, 26.1008720398, 22.638212204, 40.4888076782, 30.0120182037, 33.5844993591, 19.9625396729, 14.7869548798, 7.52909564972, 9.70424556732, 8.37303161621, 5.2259759903, 5.4301404953, 5.0803027153, 4.0480298996, 3.63499760628, 2.33717799187, 1.57009470463, 1.08765220642, 0.622632145882, 0.441616147757, 0.252264738083, 0.105887204409, 0.0209249388427, 0.00143754342571], "median": [0.0409229211509, 1.34496998787, 4.2862830162, 4.5894818306, 9.51578235626, 14.1702470779, 10.9404726028, 11.1425390244, 13.0675640106, 22.4023113251, 14.1890172958, 13.7242984772, 12.8818235397, 13.3959722519, 13.329706192, 9.10897541046, 10.4247236252, 12.9242372513, 17.7011375427, 16.6459636688, 15.5624694824, 11.604429245, 8.82352924347, 4.75939750671, 5.90332841873, 4.34904003143, 2.38581466675, 2.34462928772, 2.03065562248, 1.3549104929, 1.27624630928, 0.7551689744, 0.506530940533, 0.312849462032, 0.154565751553, 0.0598206557333, 0.0191116277128, 0.00465263193473, 0.000713454908691, 9.46932923398e-05], "min": [7.29757805371e-23, 4.88034996306e-22, 2.6709264141e-21, 8.03669538449e-21, 1.5150787118e-20, 2.84731884271e-20, 6.82149743284e-20, 3.73070573165e-20, 7.60103825823e-20, 1.47955366324e-19, 2.44368333199e-19, 3.49028497575e-19, 5.63467730152e-19, 7.78711809464e-19, 1.1409811939e-18, 1.19896500388e-18, 2.22133997507e-18, 2.29948827703e-18, 2.83461126762e-18, 3.05155241136e-18, 3.83516997054e-18, 4.89163843145e-18, 6.37528157224e-18, 6.41999399308e-18, 6.41444733348e-18, 8.46132809312e-18, 9.26983096744e-18, 1.0126391381e-17, 1.2045830078e-17, 1.08942077225e-17, 1.04927736625e-17, 1.15359749736e-17, 1.05653198838e-17, 7.5348370034e-18, 6.23800102342e-18, 4.19401994542e-18, 2.27702742826e-18, 9.88068585863e-19, 2.37356814284e-19, 2.57079074834e-20], "var": [0.065836854279, 4.76688098907, 48.9737243652, 45.4802589417, 241.570907593, 729.779968262, 830.864562988, 806.118103027, 1337.57739258, 12726.7392578, 8322.35253906, 12130.5634766, 3726.46362305, 5034.95507812, 11824.3828125, 5159.32226562, 3211.37963867, 945.988037109, 3926.64404297, 1588.24206543, 2976.07543945, 588.384094238, 361.491394043, 79.9890365601, 143.772186279, 133.410461426, 62.1874160767, 66.195640564, 72.9681549072, 79.4202880859, 124.708450317, 67.0757904053, 13.3901891708, 4.2576379776, 1.28723752499, 0.824673712254, 0.325209468603, 0.0645367801189, 0.00251243612729, 1.10421333375e-05]}, "gfcc": {"mean": [7.77440786362, 98.5887527466, -93.1559448242, 17.2758178711, -44.8351211548, 5.13691806793, -35.0795860291, 1.38109004498, -16.9755268097, -1.61844646931, -17.7074699402, -4.65451145172, -10.2289428711], "cov": [[20261.09375, -1249.28271484, -1554.40270996, -130.573577881, -978.95489502, 315.927642822, -368.96383667, 249.424606323, -286.105499268, 39.4476852417, -473.330535889, 90.080291748, -227.976486206], [-1249.28271484, 2690.06933594, -898.547180176, 296.233673096, 208.5025177, -157.701889038, 23.5908222198, -24.2721195221, 128.993240356, -161.904708862, 218.66116333, -154.034194946, 146.114974976], [-1554.40270996, -898.547180176, 1574.24194336, -316.730957031, 205.375, -70.7624511719, 16.9193611145, -92.6476287842, -54.756603241, 125.751411438, -33.2157783508, 93.8402633667, -108.009933472], [-130.573577881, 296.233673096, -316.730957031, 523.184265137, -57.2555580139, 91.0738067627, -8.46120071411, 27.2259635925, 60.6437225342, -15.4364624023, 40.16639328, -51.8601264954, 56.9334754944], [-978.95489502, 208.5025177, 205.375, -57.2555580139, 381.267150879, -48.2638549805, 58.9096870422, -1.63972365856, 38.1746063232, 27.5231761932, 33.275226593, 8.96187400818, 23.7002429962], [315.927642822, -157.701889038, -70.7624511719, 91.0738067627, -48.2638549805, 198.764480591, 47.2164764404, 30.2027130127, -1.50682282448, 6.79891395569, -13.225028038, 3.59733319283, 6.61460399628], [-368.96383667, 23.5908222198, 16.9193611145, -8.46120071411, 58.9096870422, 47.2164764404, 170.396255493, 41.1112861633, 18.9918842316, 9.88518810272, 24.9289150238, 6.98098134995, 19.1092453003], [249.424606323, -24.2721195221, -92.6476287842, 27.2259635925, -1.63972365856, 30.2027130127, 41.1112861633, 139.990707397, 51.8573303223, 14.9136152267, 2.53110122681, 10.977432251, 3.7470293045], [-286.105499268, 128.993240356, -54.756603241, 60.6437225342, 38.1746063232, -1.50682282448, 18.9918842316, 51.8573303223, 123.955322266, 30.7648944855, 33.9447593689, -9.96150684357, 27.7119865417], [39.4476852417, -161.904708862, 125.751411438, -15.4364624023, 27.5231761932, 6.79891395569, 9.88518810272, 14.9136152267, 30.7648944855, 100.368240356, 17.9390201569, 20.3638973236, -5.21144485474], [-473.330535889, 218.66116333, -33.2157783508, 40.16639328, 33.275226593, -13.225028038, 24.9289150238, 2.53110122681, 33.9447593689, 17.9390201569, 100.348167419, 12.2226600647, 26.652961731], [90.080291748, -154.034194946, 93.8402633667, -51.8601264954, 8.96187400818, 3.59733319283, 6.98098134995, 10.977432251, -9.96150684357, 20.3638973236, 12.2226600647, 81.9248352051, 13.8445768356], [-227.976486206, 146.114974976, -108.009933472, 56.9334754944, 23.7002429962, 6.61460399628, 19.1092453003, 3.7470293045, 27.7119865417, -5.21144485474, 26.652961731, 13.8445768356, 93.9641723633]], "icov": [[8.01719506853e-05, -1.70295807038e-05, 0.000109487082227, 3.70701418433e-05, 0.000102657701063, -7.23092161934e-05, 0.000119157157314, -0.000119202391943, 0.000148805978824, -0.000262586021563, 0.000347528548446, -0.000219785200898, 0.000159461837029], [-1.70295807038e-05, 0.000892273033969, 0.000334968121024, -9.93506037048e-05, -0.000562747765798, 0.000555175298359, 5.40816199646e-06, 0.00022908434039, -0.000315832759952, 0.00123403954785, -0.00177825835999, 0.00124498759396, -0.000408392515965], [0.000109487082227, 0.000334968121024, 0.00133278802969, 0.000208221419598, -0.000555210805032, 0.000267566210823, -0.000100736462628, 0.000789810321294, 3.83623118978e-05, -0.000920650549233, 0.000304175715428, -0.000957319163717, 0.00125320116058], [3.70701418433e-05, -9.93506037048e-05, 0.000208221419598, 0.00284923263825, 0.000319571234286, -0.0014992444776, 0.000849659030791, -0.000271635479294, -0.000594457960688, -8.25518800411e-05, -0.000848121882882, 0.00161094777286, -0.00120566238184], [0.000102657701063, -0.000562747765798, -0.000555210805032, 0.000319571234286, 0.00382274691947, 0.000355562689947, -0.000953716749791, -0.000145395562868, -0.000426982791396, -0.00114542280789, 0.000997474882752, -0.000472222629469, -0.000648121407721], [-7.23092161934e-05, 0.000555175298359, 0.000267566210823, -0.0014992444776, 0.000355562689947, 0.00713376887143, -0.00246066506952, -0.000278192368569, 0.000502458424307, -0.000155187706696, 0.000505342846736, -0.000183318028576, -0.000176249508513], [0.000119157157314, 5.40816199646e-06, -0.000100736462628, 0.000849659030791, -0.000953716749791, -0.00246066506952, 0.00810429733247, -0.00260873208754, 0.000786207441706, 5.12544938829e-05, -0.00181816448458, 0.000984057318419, -0.0013385610655], [-0.000119202391943, 0.00022908434039, 0.000789810321294, -0.000271635479294, -0.000145395562868, -0.000278192368569, -0.00260873208754, 0.0108726900071, -0.00525735178962, 0.000199803806026, 0.00120396516286, -0.00296798604541, 0.00223761214875], [0.000148805978824, -0.000315832759952, 3.83623118978e-05, -0.000594457960688, -0.000426982791396, 0.000502458424307, 0.000786207441706, -0.00525735178962, 0.0137535100803, -0.00461200112477, -0.00163765321486, 0.0030404033605, -0.00291691161692], [-0.000262586021563, 0.00123403954785, -0.000920650549233, -8.25518800411e-05, -0.00114542280789, -0.000155187706696, 5.12544938829e-05, 0.000199803806026, -0.00461200112477, 0.0158818252385, -0.00524787558243, -9.10919552553e-05, 0.000460155977635], [0.000347528548446, -0.00177825835999, 0.000304175715428, -0.000848121882882, 0.000997474882752, 0.000505342846736, -0.00181816448458, 0.00120396516286, -0.00163765321486, -0.00524787558243, 0.0182267781347, -0.0064433044754, 0.000477727444377], [-0.000219785200898, 0.00124498759396, -0.000957319163717, 0.00161094777286, -0.000472222629469, -0.000183318028576, 0.000984057318419, -0.00296798604541, 0.0030404033605, -9.10919552553e-05, -0.0064433044754, 0.019726684317, -0.0064760632813], [0.000159461837029, -0.000408392515965, 0.00125320116058, -0.00120566238184, -0.000648121407721, -0.000176249508513, -0.0013385610655, 0.00223761214875, -0.00291691161692, 0.000460155977635, 0.000477727444377, -0.0064760632813, 0.0158986598253]]}, "melbands": {"dmean": [0.000935430987738, 0.00119497568812, 0.000543090107385, 0.000690339016728, 0.000316321966238, 0.000201060800464, 0.000196540800971, 0.00028817736893, 0.000160520721693, 0.000124799189507, 7.02804172761e-05, 5.99226586928e-05, 9.63871643762e-05, 2.7825952202e-05, 3.44070322171e-05, 2.10140806303e-05, 2.14414176298e-05, 3.27384477714e-05, 1.76933117473e-05, 1.7359991034e-05, 1.86115048564e-05, 8.91138097359e-06, 9.89522777672e-06, 4.97926839671e-06, 2.55025520346e-06, 2.88411297333e-06, 3.74290107175e-06, 2.51869005297e-06, 1.77613981123e-06, 1.48277240442e-06, 1.74870945102e-06, 1.51206143073e-06, 1.21201480852e-06, 1.18086586554e-06, 1.30918908781e-06, 1.00411909898e-06, 8.11157406133e-07, 7.02353020188e-07, 6.14425175627e-07, 6.04168235441e-07], "dmean2": [0.00163777987473, 0.00200179428793, 0.000925954431295, 0.0011611651862, 0.000507613294758, 0.000321267172694, 0.000292053766316, 0.000404249673011, 0.000241294692387, 0.000182765419595, 0.000103631842649, 8.90657684067e-05, 0.000137419978273, 4.21611512138e-05, 5.24107854289e-05, 3.24325847032e-05, 3.33307107212e-05, 5.13792147103e-05, 2.81807406282e-05, 2.81146276393e-05, 2.93706616503e-05, 1.41161026477e-05, 1.56671594596e-05, 7.77334298618e-06, 4.07386869483e-06, 4.55549024991e-06, 6.05731520409e-06, 4.09251560995e-06, 2.84197767542e-06, 2.28308340411e-06, 2.65159155788e-06, 2.24312498176e-06, 1.8205445258e-06, 1.7631477931e-06, 1.93398636839e-06, 1.48015237755e-06, 1.16710407383e-06, 1.01346677184e-06, 8.77839397617e-07, 8.3829399955e-07], "dvar": [6.53662482364e-06, 4.17524552176e-06, 8.27106703127e-07, 1.16587477805e-06, 3.1910275311e-07, 1.84743768727e-07, 1.6974412631e-07, 3.81620395729e-07, 2.25877585081e-07, 1.14226281767e-07, 2.67038586799e-08, 2.48817322301e-08, 6.51757972037e-08, 1.20009637783e-08, 7.29132354493e-09, 2.24006546645e-09, 1.59067092831e-09, 3.28196492205e-09, 8.88337015059e-10, 9.54217260762e-10, 1.30732491499e-09, 2.5706456408e-10, 4.12790246429e-10, 7.80177658588e-11, 1.94380067597e-11, 2.34781898784e-11, 4.36549650595e-11, 1.97166415139e-11, 1.37453338642e-11, 8.84446769295e-12, 1.06125655139e-11, 1.02938300245e-11, 9.13794300644e-12, 1.49223897128e-11, 2.36418055272e-11, 1.81108600339e-11, 1.20505636719e-11, 3.63817786661e-12, 2.62638847302e-12, 1.53479702905e-12], "dvar2": [1.82881831279e-05, 1.18105281217e-05, 2.37482754528e-06, 3.4233628412e-06, 7.83777920788e-07, 4.79616119264e-07, 3.89573443726e-07, 7.88433965226e-07, 5.13477459663e-07, 2.48699279837e-07, 5.91560116447e-08, 5.34512132333e-08, 1.28354955109e-07, 2.53331151612e-08, 1.5453309743e-08, 5.05059682965e-09, 3.65722363505e-09, 7.89153631331e-09, 2.21445883852e-09, 2.44334286137e-09, 2.94760571506e-09, 6.24235996227e-10, 1.02018771209e-09, 1.75764139354e-10, 4.80400788594e-11, 5.46184729389e-11, 1.10133492603e-10, 5.02733098207e-11, 3.4719033204e-11, 2.06090231686e-11, 2.37970095018e-11, 2.40574747623e-11, 2.01606613348e-11, 3.23571794358e-11, 5.08240290131e-11, 3.54330835506e-11, 2.50067518776e-11, 7.52611254567e-12, 5.20970202741e-12, 2.99393170845e-12], "max": [0.0244679823518, 0.0252213496715, 0.0115530323237, 0.0170652158558, 0.0114113083109, 0.01203159336, 0.0106398202479, 0.0123098595068, 0.011390411295, 0.00899740960449, 0.00411819014698, 0.00478499755263, 0.00641826726496, 0.0033670628909, 0.00225195055827, 0.00123100436758, 0.000987338251434, 0.000977810821496, 0.000628279172815, 0.000655013544019, 0.00104294577613, 0.000390808971133, 0.000502666225657, 0.000261671870248, 8.98913567653e-05, 0.000122273762827, 0.000157298563863, 7.97979300842e-05, 9.22365070437e-05, 7.9680197814e-05, 7.56030131015e-05, 0.000128581639729, 0.000105563049146, 0.000127510706079, 0.000148029794218, 0.000139098265208, 0.000169173130416, 6.11771611148e-05, 6.76675408613e-05, 2.15080508497e-05], "mean": [0.00151393818669, 0.0032708470244, 0.00138660299126, 0.00146597484127, 0.000758620502893, 0.000462597061414, 0.000436594418716, 0.000590941985138, 0.00033361784881, 0.000295603414997, 0.000169649923919, 0.000141350668855, 0.000218298271648, 5.18510350958e-05, 7.21436153981e-05, 4.15897338826e-05, 4.39612122136e-05, 7.04524791217e-05, 3.90529712604e-05, 3.79643170163e-05, 3.99396376451e-05, 1.97493682208e-05, 1.9885112124e-05, 9.79380456556e-06, 5.3196126828e-06, 6.3967790993e-06, 7.56827103032e-06, 5.0255325732e-06, 3.48966182173e-06, 2.71454132417e-06, 3.33673779096e-06, 3.0002213407e-06, 2.37794097302e-06, 2.16099169847e-06, 2.1717207801e-06, 1.73323098807e-06, 1.31757292365e-06, 1.12351710868e-06, 9.61403316069e-07, 9.16014300856e-07], "median": [0.000829608412459, 0.00251345708966, 0.00105872296263, 0.000970655237325, 0.000471948442282, 0.000258428015513, 0.000224018411245, 0.000218686021981, 9.37375734793e-05, 7.87273602327e-05, 5.58058127353e-05, 5.00716123497e-05, 4.86942553835e-05, 1.83893662324e-05, 2.56267467194e-05, 1.79511043825e-05, 2.30255409406e-05, 2.9286253266e-05, 1.99544447241e-05, 1.87271944014e-05, 1.63467957464e-05, 1.03448865048e-05, 9.49350487645e-06, 5.30594161319e-06, 3.06937613459e-06, 3.68721862287e-06, 4.06661820307e-06, 2.41663860834e-06, 1.45190517742e-06, 1.14635872706e-06, 1.34531569529e-06, 1.17896092888e-06, 8.09488142295e-07, 6.83370956267e-07, 7.42547513255e-07, 5.49822061657e-07, 3.99124644446e-07, 3.6171709894e-07, 2.83961583136e-07, 2.47364312145e-07], "min": [1.06693338824e-24, 1.82014488029e-24, 1.9888275993e-24, 1.07764197781e-24, 2.3439879644e-24, 6.05431072538e-25, 1.10695723234e-24, 1.6630313981e-24, 2.02918927308e-24, 1.81988258404e-24, 2.86718694358e-24, 2.16092115565e-24, 3.08401956288e-24, 2.54742454223e-24, 2.2968351843e-24, 4.38924534805e-24, 3.8402368122e-24, 3.39716322402e-24, 3.34976727754e-24, 2.73692885041e-24, 3.62054338883e-24, 4.81780507886e-24, 3.47958498912e-24, 4.6392456241e-24, 4.72401109495e-24, 4.36973326799e-24, 4.14380350473e-24, 5.59631889002e-24, 5.01858950633e-24, 4.31671392655e-24, 5.77345681742e-24, 6.79168455286e-24, 5.28977503643e-24, 5.14927535933e-24, 5.5058767761e-24, 6.65760423139e-24, 6.31647671571e-24, 6.60473871782e-24, 6.15871715644e-24, 5.79324697095e-24], "var": [5.80448931942e-06, 8.87186342879e-06, 1.67775124282e-06, 2.33303217101e-06, 8.26905932172e-07, 4.19727712142e-07, 3.87671377666e-07, 1.10657617824e-06, 5.66360768062e-07, 3.94506116663e-07, 9.54066479153e-08, 7.8695094885e-08, 2.60349253267e-07, 2.59954564541e-08, 2.26494663025e-08, 6.49532205799e-09, 3.9604839408e-09, 1.1658229937e-08, 2.85520762588e-09, 2.75057199239e-09, 5.10894127004e-09, 6.93395285634e-10, 9.70135860534e-10, 2.02456648668e-10, 4.8658511248e-11, 6.87076090466e-11, 1.11251625967e-10, 5.32518716623e-11, 3.20910069351e-11, 1.96891704329e-11, 2.7058400659e-11, 2.42746135692e-11, 2.21001585088e-11, 2.84269118661e-11, 4.39271466424e-11, 3.93096770412e-11, 2.28123128027e-11, 6.93630439544e-12, 4.85779038523e-12, 2.95531546284e-12]}, "mfcc": {"mean": [-639.406982422, 139.655273438, 8.83631420135, 19.6145153046, 9.70449447632, 5.55392932892, -4.97452545166, 0.393144845963, 1.43616259098, 2.41876244545, -2.70574903488, -3.14791965485, -0.40296882391], "cov": [[8550.89550781, -702.015075684, -690.562805176, -122.554580688, -355.734375, -8.14075183868, -135.357666016, 120.076507568, 156.342819214, 81.0944595337, -60.4686279297, -13.3866033554, -2.24703669548], [-702.015075684, 1885.56738281, -330.785919189, 140.279144287, 165.299224854, -90.5331954956, 27.4191226959, 34.1155662537, -60.8392486572, -1.07322430611, 16.3093662262, 4.69623279572, 22.1224994659], [-690.562805176, -330.785919189, 840.939147949, -31.207572937, 43.0890045166, 59.9762954712, 26.4024124146, -65.0172729492, -40.1402435303, -38.2566184998, 31.4569530487, -5.30846071243, -11.4960832596], [-122.554580688, 140.279144287, -31.207572937, 282.768066406, 82.656867981, 25.4065380096, 1.66990625858, 13.7364025116, 13.7982263565, 27.8577594757, 8.4543504715, 32.0313453674, 18.4782981873], [-355.734375, 165.299224854, 43.0890045166, 82.656867981, 226.328567505, 31.4873542786, 8.15327072144, -11.6004295349, 13.6860427856, 8.3438129425, 13.8789720535, 9.43076324463, 17.8535346985], [-8.14075183868, -90.5331954956, 59.9762954712, 25.4065380096, 31.4873542786, 151.623947144, 53.025138855, 1.86749100685, 18.0305614471, 8.80625534058, 7.05857753754, 1.95249843597, -5.45242834091], [-135.357666016, 27.4191226959, 26.4024124146, 1.66990625858, 8.15327072144, 53.025138855, 135.857452393, 35.9386405945, 18.261882782, 5.50964403152, 19.3273620605, 1.99621546268, 1.0619045496], [120.076507568, 34.1155662537, -65.0172729492, 13.7364025116, -11.6004295349, 1.86749100685, 35.9386405945, 122.368545532, 33.607509613, 25.6615276337, 8.17725563049, 7.29827165604, 5.83933830261], [156.342819214, -60.8392486572, -40.1402435303, 13.7982263565, 13.6860427856, 18.0305614471, 18.261882782, 33.607509613, 117.412132263, 41.4249343872, 5.33857870102, 13.1481170654, 12.6382818222], [81.0944595337, -1.07322430611, -38.2566184998, 27.8577594757, 8.3438129425, 8.80625534058, 5.50964403152, 25.6615276337, 41.4249343872, 96.0277099609, 30.048418045, 19.6292934418, 8.36437702179], [-60.4686279297, 16.3093662262, 31.4569530487, 8.4543504715, 13.8789720535, 7.05857753754, 19.3273620605, 8.17725563049, 5.33857870102, 30.048418045, 92.7459869385, 24.0079650879, 6.73999643326], [-13.3866033554, 4.69623279572, -5.30846071243, 32.0313453674, 9.43076324463, 1.95249843597, 1.99621546268, 7.29827165604, 13.1481170654, 19.6292934418, 24.0079650879, 76.169128418, 26.3674736023], [-2.24703669548, 22.1224994659, -11.4960832596, 18.4782981873, 17.8535346985, -5.45242834091, 1.0619045496, 5.83933830261, 12.6382818222, 8.36437702179, 6.73999643326, 26.3674736023, 73.8082962036]], "icov": [[0.000144511577673, 4.78544898215e-05, 0.000115744478535, 1.79191156349e-05, 0.000175108827534, -9.56753647188e-05, 0.000180410206667, -9.08842775971e-05, -0.000131358974613, -2.38063857978e-05, 1.80900633495e-06, 4.74478729302e-05, -3.31573792209e-05], [4.78544898215e-05, 0.000718973053154, 0.000334902870236, -0.000214792598854, -0.000525968149304, 0.000505670672283, -0.000340959988534, -0.000145015175804, 0.000518509361427, 1.76927824214e-05, -0.00012712222815, 0.00011517648818, -4.74697299069e-05], [0.000115744478535, 0.000334902870236, 0.00156934338156, 0.000104338396341, -0.000328139227349, -0.000334925716743, -0.000217186388909, 0.000488066085381, 0.000380438956199, 0.000459290138679, -0.000641860009637, 7.21335381968e-05, 5.62513851037e-05], [1.79191156349e-05, -0.000214792598854, 0.000104338396341, 0.00437320955098, -0.0012971800752, -0.000761402072385, 0.000441648619017, -0.000435323279817, 0.000186383724213, -0.000882685126271, 0.000491292972583, -0.00150707771536, -0.000166419573361], [0.000175108827534, -0.000525968149304, -0.000328139227349, -0.0012971800752, 0.00598025787622, -0.00128386693541, 0.000550314201973, 0.000735379871912, -0.00123216642532, 0.000162892974913, -0.000579249754082, 0.000532998237759, -0.00111587170977], [-9.56753647188e-05, 0.000505670672283, -0.000334925716743, -0.000761402072385, -0.00128386693541, 0.00880288798362, -0.0036887305323, 0.000850591517519, -0.00043730874313, -0.000548520358279, 0.000393264373997, -7.63704301789e-05, 0.00105901667848], [0.000180410206667, -0.000340959988534, -0.000217186388909, 0.000441648619017, 0.000550314201973, -0.0036887305323, 0.0101970313117, -0.00295159663074, -0.00111180113163, 0.00110976735596, -0.00185546814464, 0.000486867444124, -0.00029539768002], [-9.08842775971e-05, -0.000145015175804, 0.000488066085381, -0.000435323279817, 0.000735379871912, 0.000850591517519, -0.00295159663074, 0.0103846015409, -0.0019150050357, -0.00149785005488, -1.64232806128e-05, -4.57763781014e-05, -0.000152947774041], [-0.000131358974613, 0.000518509361427, 0.000380438956199, 0.000186383724213, -0.00123216642532, -0.00043730874313, -0.00111180113163, -0.0019150050357, 0.0116328829899, -0.00424210261554, 0.00125051231589, -0.000657280557789, -0.00110413064249], [-2.38063857978e-05, 1.76927824214e-05, 0.000459290138679, -0.000882685126271, 0.000162892974913, -0.000548520358279, 0.00110976735596, -0.00149785005488, -0.00424210261554, 0.0146817080677, -0.00438348762691, -0.00123751233332, 0.000214054103708], [1.80900633495e-06, -0.00012712222815, -0.000641860009637, 0.000491292972583, -0.000579249754082, 0.000393264373997, -0.00185546814464, -1.64232806128e-05, 0.00125051231589, -0.00438348762691, 0.0136921908706, -0.00365444598719, 0.000350168382283], [4.74478729302e-05, 0.00011517648818, 7.21335381968e-05, -0.00150707771536, 0.000532998237759, -7.63704301789e-05, 0.000486867444124, -4.57763781014e-05, -0.000657280557789, -0.00123751233332, -0.00365444598719, 0.0171192958951, -0.00531172798946], [-3.31573792209e-05, -4.74697299069e-05, 5.62513851037e-05, -0.000166419573361, -0.00111587170977, 0.00105901667848, -0.00029539768002, -0.000152947774041, -0.00110413064249, 0.000214054103708, 0.000350168382283, -0.00531172798946, 0.0160071607679]]}, "spectral_contrast_coeffs": {"dmean": [0.0455334112048, 0.0416809543967, 0.0353245697916, 0.0289628393948, 0.0229502655566, 0.0188871826977], "dmean2": [0.0739896520972, 0.0672746226192, 0.0560518614948, 0.0467217229307, 0.0364067330956, 0.0290060285479], "dvar": [0.00173126650043, 0.00130082771648, 0.00094948487822, 0.000564963673241, 0.000407554762205, 0.000356342905434], "dvar2": [0.00449158903211, 0.00329157104716, 0.00229984847829, 0.00139940506779, 0.000948972301558, 0.000824568443932], "max": [-0.305043190718, -0.424754947424, -0.476359635592, -0.543857514858, -0.600387096405, -0.600336551666], "mean": [-0.591227889061, -0.700607717037, -0.738353848457, -0.760706663132, -0.774820923805, -0.773276746273], "median": [-0.598118782043, -0.702843129635, -0.753038883209, -0.766389429569, -0.776399314404, -0.772924780846], "min": [-0.978841245174, -0.982863128185, -0.985813319683, -0.983843505383, -0.988889098167, -0.975106239319], "var": [0.00956769287586, 0.00535142188892, 0.00641785981134, 0.00342973717488, 0.00220798864029, 0.00239767925814]}, "spectral_contrast_valleys": {"dmean": [0.376489758492, 0.29399651289, 0.29688975215, 0.258506447077, 0.284274697304, 0.436258286238], "dmean2": [0.606706500053, 0.4777097404, 0.477193683386, 0.408091038465, 0.412587434053, 0.500449001789], "dvar": [0.144383043051, 0.0804484859109, 0.0902591571212, 0.0773945748806, 0.120834954083, 0.284601092339], "dvar2": [0.322251319885, 0.170806869864, 0.185393333435, 0.144514128566, 0.217495188117, 0.466533482075], "max": [-5.00783252716, -4.57174158096, -5.38822793961, -5.85080003738, -5.9528927803, -7.57204341888], "mean": [-7.23487234116, -6.69564056396