{"lowlevel": {"average_loudness": 0.928003787994, "barkbands_crest": {"dmean": 3.07151675224, "dmean2": 4.63921070099, "dvar": 10.6804523468, "dvar2": 20.0224952698, "max": 26.8571147919, "mean": 12.4385318756, "median": 11.6633472443, "min": 2.32067632675, "var": 32.1957931519}, "barkbands_flatness_db": {"dmean": 0.0323934555054, "dmean2": 0.0457974672318, "dvar": 0.00126966310199, "dvar2": 0.00251200515777, "max": 0.915865004063, "mean": 0.200759291649, "median": 0.164859801531, "min": 0.00939129944891, "var": 0.0206255111843}, "barkbands_kurtosis": {"dmean": 10.3515548706, "dmean2": 15.5450792313, "dvar": 909.006652832, "dvar2": 2110.41821289, "max": 680.907226562, "mean": 13.4226455688, "median": 3.31896924973, "min": -1.96605563164, "var": 1172.66113281}, "barkbands_skewness": {"dmean": 0.956615567207, "dmean2": 1.371945858, "dvar": 1.91161572933, "dvar2": 3.9298043251, "max": 23.4087562561, "mean": 2.16670560837, "median": 1.705981493, "min": -9.09848976135, "var": 4.725710392}, "barkbands_spread": {"dmean": 6.92328643799, "dmean2": 10.4058237076, "dvar": 105.665138245, "dvar2": 231.535583496, "max": 123.340034485, "mean": 19.6326789856, "median": 15.5166511536, "min": 0.0500514768064, "var": 295.600646973}, "dissonance": {"dmean": 0.026415400207, "dmean2": 0.0436278320849, "dvar": 0.00125508056954, "dvar2": 0.00338311330415, "max": 0.500000119209, "mean": 0.437468498945, "median": 0.460031449795, "min": 0.0168142318726, "var": 0.00546114938334}, "dynamic_complexity": 4.39279603958, "erbbands_crest": {"dmean": 2.53607201576, "dmean2": 4.01395273209, "dvar": 6.8680973053, "dvar2": 14.7304830551, "max": 34.6340904236, "mean": 10.4574556351, "median": 8.75958156586, "min": 1.95015263557, "var": 41.0758209229}, "erbbands_flatness_db": {"dmean": 0.0229033734649, "dmean2": 0.0330923870206, "dvar": 0.000747046549805, "dvar2": 0.00145296507981, "max": 0.770233333111, "mean": 0.188431546092, "median": 0.167860835791, "min": 0.0334461145103, "var": 0.0140476310626}, "erbbands_kurtosis": {"dmean": 2.04068660736, "dmean2": 3.22435498238, "dvar": 43.242931366, "dvar2": 111.820419312, "max": 164.461166382, "mean": 2.36545944214, "median": 0.265733599663, "min": -1.88611507416, "var": 82.852935791}, "erbbands_skewness": {"dmean": 0.446494549513, "dmean2": 0.665977656841, "dvar": 0.295617252588, "dvar2": 0.695707321167, "max": 10.5602140427, "mean": 0.671623051167, "median": 0.571853399277, "min": -5.39130306244, "var": 1.38115644455}, "erbbands_spread": {"dmean": 10.3595561981, "dmean2": 15.3451080322, "dvar": 162.497177124, "dvar2": 345.982696533, "max": 184.337142944, "mean": 38.0196609497, "median": 31.6290817261, "min": 0.197997450829, "var": 670.55859375}, "hfc": {"dmean": 9.95739078522, "dmean2": 15.0885505676, "dvar": 309.740722656, "dvar2": 716.049987793, "max": 197.3777771, "mean": 24.2233943939, "median": 11.2928962708, "min": 1.16797743674e-16, "var": 879.602844238}, "melbands_crest": {"dmean": 3.78077483177, "dmean2": 5.70880651474, "dvar": 14.7011632919, "dvar2": 32.2979736328, "max": 35.3498268127, "mean": 18.9812698364, "median": 19.3844451904, "min": 1.75741827488, "var": 55.5720329285}, "melbands_flatness_db": {"dmean": 0.0387779287994, "dmean2": 0.0524904243648, "dvar": 0.00178427493665, "dvar2": 0.00336483446881, "max": 0.98217523098, "mean": 0.270327359438, "median": 0.226642116904, "min": 0.00315122515894, "var": 0.0255777891725}, "melbands_kurtosis": {"dmean": 18.139005661, "dmean2": 26.3825416565, "dvar": 2547.34692383, "dvar2": 5306.02636719, "max": 1628.91760254, "mean": 28.0132350922, "median": 10.4710407257, "min": -1.87916684151, "var": 3872.11547852}, "melbands_skewness": {"dmean": 1.16869449615, "dmean2": 1.67319321632, "dvar": 2.37368321419, "dvar2": 4.54916620255, "max": 30.0768527985, "mean": 3.30329942703, "median": 2.66629099846, "min": -6.94106721878, "var": 7.27439069748}, "melbands_spread": {"dmean": 7.44601917267, "dmean2": 11.1954565048, "dvar": 202.24647522, "dvar2": 419.549835205, "max": 269.002563477, "mean": 20.2366847992, "median": 14.5693721771, "min": 0.193305775523, "var": 526.852050781}, "pitch_salience": {"dmean": 0.0898505970836, "dmean2": 0.137519553304, "dvar": 0.00916158687323, "dvar2": 0.0196850132197, "max": 0.894852280617, "mean": 0.457195967436, "median": 0.466693460941, "min": 0.0258549880236, "var": 0.0250022113323}, "silence_rate_20dB": {"dmean": 0, "dmean2": 0, "dvar": 0, "dvar2": 0, "max": 1, "mean": 1, "median": 1, "min": 1, "var": 0}, "silence_rate_30dB": {"dmean": 0.0658583268523, "dmean2": 0.131733462214, "dvar": 0.0615186952055, "dvar2": 0.117693044245, "max": 1, "mean": 0.897141396999, "median": 1, "min": 0, "var": 0.092275954783}, "silence_rate_60dB": {"dmean": 0.041352905333, "dmean2": 0.0827163681388, "dvar": 0.0396419428289, "dvar2": 0.0835285335779, "max": 1, "mean": 0.112302191556, "median": 0, "min": 0, "var": 0.0996891409159}, "spectral_centroid": {"dmean": 260.435516357, "dmean2": 378.752044678, "dvar": 150624.390625, "dvar2": 319895.34375, "max": 11177.8212891, "mean": 1224.21923828, "median": 1117.04858398, "min": 78.3271179199, "var": 511475.9375}, "spectral_complexity": {"dmean": 3.49253344536, "dmean2": 5.20806741714, "dvar": 22.1787052155, "dvar2": 42.9572792053, "max": 53, "mean": 15.129275322, "median": 13, "min": 0, "var": 117.777984619}, "spectral_decrease": {"dmean": 5.20645437874e-09, "dmean2": 7.45769135335e-09, "dvar": 1.02378159182e-16, "dvar2": 1.72727554174e-16, "max": 5.24443099461e-30, "mean": -1.13864810913e-08, "median": -6.08275341207e-09, "min": -9.46256193401e-08, "var": 2.255533595e-16}, "spectral_energy": {"dmean": 0.0201622713357, "dmean2": 0.0289557427168, "dvar": 0.00149094581138, "dvar2": 0.00252848793752, "max": 0.359892457724, "mean": 0.0451724566519, "median": 0.0252032559365, "min": 1.05741066486e-20, "var": 0.0033163127955}, "spectral_energyband_high": {"dmean": 0.000893820892088, "dmean2": 0.0013752405066, "dvar": 3.36326456818e-06, "dvar2": 7.55936071073e-06, "max": 0.0191068146378, "mean": 0.00149671640247, "median": 0.000206344207982, "min": 7.43119756051e-21, "var": 7.1748204391e-06}, "spectral_energyband_low": {"dmean": 0.0171520132571, "dmean2": 0.0238846857101, "dvar": 0.00144483277109, "dvar2": 0.00241509568878, "max": 0.352571070194, "mean": 0.0298931412399, "median": 0.0109944110736, "min": 7.34010459848e-23, "var": 0.00289456895553}, "spectral_energyband_middle_high": {"dmean": 0.00151369255036, "dmean2": 0.00229902286083, "dvar": 9.57537486102e-06, "dvar2": 2.27193195315e-05, "max": 0.0540248081088, "mean": 0.00481440220028, "median": 0.00192118133418, "min": 1.64910168119e-21, "var": 4.37729504483e-05}, "spectral_energyband_middle_low": {"dmean": 0.00568300811574, "dmean2": 0.00944348331541, "dvar": 0.000144252117025, "dvar2": 0.000389921449823, "max": 0.104893475771, "mean": 0.00927110947669, "median": 0.00583181995898, "min": 3.15472165538e-22, "var": 0.000142200296978}, "spectral_entropy": {"dmean": 0.232320696115, "dmean2": 0.335931926966, "dvar": 0.0787811353803, "dvar2": 0.161836773157, "max": 9.79913330078, "mean": 7.23864030838, "median": 7.48530292511, "min": 2.23245596886, "var": 1.27349936962}, "spectral_flux": {"dmean": 0.0464334301651, "dmean2": 0.0757476910949, "dvar": 0.00456840684637, "dvar2": 0.0102206151932, "max": 0.538953185081, "mean": 0.101507969201, "median": 0.0708505883813, "min": 1.02830473303e-10, "var": 0.00883014965802}, "spectral_kurtosis": {"dmean": 7.09025526047, "dmean2": 11.6250696182, "dvar": 497.527008057, "dvar2": 1432.06884766, "max": 519.33190918, "mean": 14.5757627487, "median": 3.6024312973, "min": -1.22483086586, "var": 1706.72436523}, "spectral_rms": {"dmean": 0.00129528157413, "dmean2": 0.00182490481529, "dvar": 3.94256858272e-06, "dvar2": 6.69583550916e-06, "max": 0.0187380518764, "mean": 0.00558948516846, "median": 0.00495868362486, "min": 3.21188431754e-12, "var": 1.28283800223e-05}, "spectral_rolloff": {"dmean": 606.978759766, "dmean2": 981.020507812, "dvar": 1899568.875, "dvar2": 3965036, "max": 18863.0859375, "mean": 1412.06518555, "median": 882.861328125, "min": 64.599609375, "var": 4146339}, "spectral_skewness": {"dmean": 0.481874674559, "dmean2": 0.74868708849, "dvar": 0.684135377407, "dvar2": 1.78975296021, "max": 18.9486427307, "mean": 2.13851594925, "median": 1.54605746269, "min": -0.299635827541, "var": 4.93761920929}, "spectral_spread": {"dmean": 844339.875, "dmean2": 1242419, "dvar": 1383840350210.0, "dvar2": 2570746331140.0, "max": 40366748, "mean": 4831149, "median": 4238422, "min": 163560.953125, "var": 6570878435330.0}, "spectral_strongpeak": {"dmean": 0.437937498093, "dmean2": 0.746893763542, "dvar": 0.710801720619, "dvar2": 1.77663469315, "max": 10.2360525131, "mean": 0.758385777473, "median": 0.278100967407, "min": 0, "var": 1.08729863167}, "zerocrossingrate": {"dmean": 0.013613418676, "dmean2": 0.014462262392, "dvar": 0.00040598466876, "dvar2": 0.000385537685361, "max": 0.50439453125, "mean": 0.0569579191506, "median": 0.04345703125, "min": 0.0009765625, "var": 0.00280987261795}, "barkbands": {"dmean": [0.00233528274111, 0.0156510174274, 0.00418416317552, 0.00187682837714, 0.00177061592694, 0.00138422753662, 0.000784168310929, 0.000437798677012, 0.000863805471454, 0.000314904988045, 0.000366373511497, 0.000512431084644, 0.000334853684762, 0.000266586837824, 0.00017281237524, 0.000316513702273, 0.000121385535749, 9.60906691034e-05, 7.00132659404e-05, 0.000102564808913, 0.000184077362064, 0.00019797506684, 0.000143120385474, 0.000179350565304, 0.000174537373823, 6.59747674945e-05, 7.21821788829e-06], "dmean2": [0.00378967099823, 0.0213709138334, 0.00780217209831, 0.00343191437423, 0.00291381520219, 0.00232671038248, 0.00125324144028, 0.000695357564837, 0.001383004128, 0.0005045402213, 0.000582134118304, 0.000783072959166, 0.000498676672578, 0.000400437042117, 0.00026820731, 0.000518369372003, 0.000192368737771, 0.000152234642883, 0.000109638560389, 0.000158848648425, 0.000289417454042, 0.000309068913339, 0.000225350566325, 0.000269618263701, 0.000279148574919, 0.000103904101707, 1.12272791739e-05], "dvar": [2.15329982893e-05, 0.00131332769524, 0.000249961391091, 3.33300849888e-05, 1.8837305106e-05, 1.41546452141e-05, 3.83053247788e-06, 1.07450580344e-06, 3.8153616515e-06, 5.25956295405e-07, 1.06309050807e-06, 1.81030304702e-06, 6.92930825608e-07, 3.38256569421e-07, 1.89120569871e-07, 2.777419013e-06, 1.05584575749e-07, 3.64365426719e-08, 1.63258278008e-08, 4.72773180604e-08, 2.30756498354e-07, 2.43920652565e-07, 1.10609619242e-07, 1.57380128485e-07, 1.56480325586e-07, 2.72994427064e-08, 3.58513302379e-10], "dvar2": [5.59056716156e-05, 0.00213077734224, 0.000718800991308, 9.69194370555e-05, 4.92322324135e-05, 3.82557955163e-05, 1.01590594568e-05, 2.75000388683e-06, 9.92812601908e-06, 1.29160923734e-06, 2.73410864793e-06, 4.48441960543e-06, 1.52081543092e-06, 7.48636125536e-07, 4.26374214157e-07, 6.81875508235e-06, 2.70671250746e-07, 8.50945056641e-08, 3.70891903856e-08, 1.09137296533e-07, 5.92992648762e-07, 6.06447940754e-07, 2.57388620639e-07, 2.94297962e-07, 3.6905350953e-07, 5.89117021832e-08, 8.26386070685e-10], "max": [0.0521129891276, 0.321987330914, 0.179317519069, 0.0581601709127, 0.0466455519199, 0.0419444032013, 0.0334112308919, 0.0253399834037, 0.0371669344604, 0.0203239675611, 0.0263721551746, 0.032482534647, 0.019765868783, 0.012661261484, 0.0124222617596, 0.0361090525985, 0.00797052774578, 0.00428366987035, 0.00418531056494, 0.00365335680544, 0.00634639384225, 0.00618157256395, 0.00475762365386, 0.00958901550621, 0.00795615557581, 0.00184944435023, 0.000384485145332], "mean": [0.00430992525071, 0.0222030635923, 0.00313330325298, 0.00163360673469, 0.00193965318613, 0.0018120079767, 0.0012211271096, 0.000794815074187, 0.00171440432314, 0.000605370092671, 0.000696547795087, 0.00110540445894, 0.000725410238374, 0.000558838946745, 0.000295861333143, 0.000327590096276, 0.000207620294532, 0.000175221503014, 0.000129051171825, 0.000178186557605, 0.000257494510151, 0.000290954951197, 0.000206052238354, 0.000281225948129, 0.000247760821367, 0.00010339669825, 1.85439839697e-05], "median": [0.00168839166872, 0.00615948718041, 0.000754145439714, 0.000606430927292, 0.000775984604843, 0.000588882481679, 0.000358018965926, 0.000227306125453, 0.000305280904286, 0.000143128345371, 0.000139447016409, 0.00015093012189, 0.000131507375045, 8.08646218502e-05, 7.21090327716e-05, 7.53984058974e-05, 7.69567704992e-05, 7.35661378712e-05, 5.28632845089e-05, 4.62644966319e-05, 4.5250308176e-05, 3.93025839003e-05, 1.92934876395e-05, 2.03610452445e-05, 7.91825186752e-06, 8.10682308838e-07, 8.39989837687e-08], "min": [1.18117947858e-24, 5.45536127917e-23, 1.54485612964e-23, 1.31335969052e-23, 6.19010064649e-23, 4.28860697027e-23, 5.11604128049e-23, 7.78065122852e-23, 5.38940430334e-23, 6.26436779864e-23, 2.69842620623e-23, 8.09932074197e-23, 8.34123976914e-23, 2.22727391877e-22, 7.58599191155e-23, 1.39979808291e-22, 2.67046228621e-22, 1.94865468415e-22, 3.16897971671e-22, 3.32469328634e-22, 4.89744943826e-22, 5.23557566951e-22, 5.17791233548e-22, 8.14378548643e-22, 1.35185404534e-21, 1.41801062191e-21, 2.33889478336e-21], "var": [3.82187281502e-05, 0.00223801773973, 0.000141680211527, 1.93129235413e-05, 1.60144973052e-05, 1.41692844409e-05, 5.75041349293e-06, 2.29540069085e-06, 9.49968853092e-06, 1.44256955537e-06, 2.40355848291e-06, 5.55403812541e-06, 2.42733381128e-06, 1.32557011057e-06, 5.97954851855e-07, 2.23545521294e-06, 1.7307688438e-07, 7.8788701785e-08, 3.75064495017e-08, 9.12716657808e-08, 2.84024423536e-07, 3.4831586504e-07, 1.80644192938e-07, 4.02156246082e-07, 3.11801727548e-07, 5.53015198079e-08, 2.03616767891e-09]}, "erbbands": {"dmean": [0.611210823059, 3.17359256744, 4.94379997253, 5.77223443985, 5.70967006683, 5.87438774109, 9.1496257782, 11.7595939636, 11.7352762222, 9.29813861847, 10.2844104767, 17.4270248413, 14.7339515686, 17.0312767029, 10.7050380707, 17.6057109833, 15.1164455414, 14.5774402618, 8.42463493347, 9.97062683105, 17.172794342, 7.16374969482, 4.96773481369, 3.68039178848, 4.02537441254, 4.74076652527, 6.01833057404, 7.97296667099, 7.53515481949, 5.32530498505, 4.0227766037, 4.16625547409, 2.7965862751, 2.12996029854, 1.10268652439, 0.446731418371, 0.10553162545, 0.0148211559281, 0.00133341760375, 8.1383062934e-05], "dmean2": [0.855730652809, 4.32939147949, 8.42718982697, 10.5691690445, 10.0625352859, 9.54333877563, 15.6570415497, 19.169260025, 18.8822727203, 14.5560979843, 16.08934021, 27.5336608887, 23.8440570831, 27.3921470642, 16.3892002106, 26.8886299133, 22.5333881378, 21.9066677094, 13.0241279602, 15.8295898438, 27.637840271, 11.1818561554, 7.6836810112, 5.8646030426, 6.20132637024, 7.31978034973, 9.14787769318, 12.9921216965, 11.8466978073, 8.31722164154, 6.46620035172, 6.36006498337, 4.27910137177, 3.28827238083, 1.81304526329, 0.727682828903, 0.156689792871, 0.0214106924832, 0.00207452708855, 0.000127678868012], "dvar": [1.7723222971, 66.471031189, 303.779296875, 369.510955811, 233.386871338, 208.911056519, 839.51184082, 809.382080078, 1024.3572998, 386.980407715, 478.000518799, 1681.61364746, 1209.65234375, 2559.98193359, 1038.71936035, 2468.02319336, 1489.41784668, 1161.02990723, 353.959136963, 1131.74523926, 7688.77001953, 402.719299316, 96.4185943604, 54.4557189941, 57.7703895569, 98.2156982422, 183.272064209, 619.944763184, 399.81854248, 163.225921631, 87.5979919434, 81.7838058472, 44.0868759155, 25.9012527466, 7.32861375809, 1.30969691277, 0.0783027559519, 0.00139179639518, 1.28306774059e-05, 3.40738743887e-08], "dvar2": [3.7879884243, 106.219223022, 835.291748047, 1067.74987793, 662.138671875, 520.510009766, 2340.17504883, 2090.94262695, 2755.19189453, 931.786682129, 1186.13879395, 4138.56103516, 3493.71606445, 7319.51904297, 2267.30493164, 6058.79931641, 3377.95776367, 2616.32202148, 823.656982422, 2739.09375, 18647, 987.565368652, 214.654541016, 142.123123169, 126.700431824, 227.059951782, 422.254852295, 1680.66748047, 1045.66271973, 388.850189209, 215.604614258, 172.001419067, 83.0557556152, 54.1195678711, 18.366109848, 3.20448493958, 0.164268180728, 0.00289614358917, 3.05148223561e-05, 8.66858016479e-08], "max": [12.5359621048, 76.6581954956, 178.549926758, 210.009460449, 164.159347534, 160.23500061, 402.964813232, 407.303985596, 514.553649902, 377.579681396, 623.127624512, 1006.77655029, 763.522888184, 1367.20288086, 1001.31292725, 1267.45166016, 1010.4309082, 990.147521973, 459.871734619, 580.613464355, 1928.70178223, 560.982849121, 264.906158447, 114.225227356, 310.828155518, 169.929992676, 184.895309448, 380.418945312, 280.812072754, 130.644348145, 142.441085815, 147.349761963, 182.990661621, 168.834320068, 51.0884895325, 13.3658790588, 3.47688794136, 0.503746211529, 0.0659347996116, 0.00394986337051], "mean": [0.850525975227, 4.12293481827, 4.49611282349, 4.89337396622, 5.31844949722, 6.5456609726, 10.3934001923, 16.4040203094, 16.8129749298, 16.8490276337, 21.8452262878, 33.6251869202, 27.3863506317, 33.7051925659, 24.5237045288, 38.8411636353, 36.849822998, 33.0903587341, 17.5324249268, 14.8099746704, 19.2992401123, 12.6160335541, 9.83296203613, 6.83114337921, 7.67854309082, 8.34728717804, 9.00555038452, 10.9152936935, 10.6183824539, 7.63061475754, 5.74833250046, 6.23722314835, 4.41984033585, 3.17274403572, 1.42075383663, 0.580122590065, 0.173327431083, 0.0296573080122, 0.00315244798549, 0.000213454230106], "median": [0.332319229841, 0.607787907124, 1.12789511681, 1.83323204517, 2.00604534149, 2.4782538414, 4.11653614044, 4.43648815155, 6.06563138962, 6.88087940216, 6.95313835144, 6.81783390045, 5.4220366478, 7.1092672348, 5.77216339111, 6.03152656555, 6.56541252136, 5.46758079529, 4.37103319168, 3.95999240875, 4.87380218506, 4.52441501617, 4.31230735779, 3.05180978775, 3.09721422195, 2.18167924881, 1.77961802483, 1.7830748558, 1.45499718189, 0.828798830509, 0.537710368633, 0.496891319752, 0.267442762852, 0.124173894525, 0.0272945780307, 0.00884754396975, 0.00137790315785, 0.000211948543438, 6.72036694596e-05, 4.4854641601e-05], "min": [2.27988001069e-21, 9.41547944982e-21, 1.92981059194e-20, 2.36570553263e-20, 1.09965015817e-19, 2.51104245872e-19, 1.70836099721e-19, 4.31468574446e-19, 7.3804678337e-19, 9.49153460355e-19, 1.85639305869e-18, 1.35198452501e-18, 1.41952775113e-18, 1.557215583e-18, 1.61895789489e-18, 3.67567176406e-18, 4.10047574431e-18, 9.00244979751e-18, 7.64328451761e-18, 7.13704667401e-18, 9.29197707398e-18, 1.20514251277e-17, 1.10598547761e-17, 1.46273491004e-17, 1.28946952303e-17, 1.75208698965e-17, 1.56745266687e-17, 2.24144141521e-17, 1.61743439364e-17, 1.83721710957e-17, 1.56138728231e-17, 1.73981361459e-17, 1.25045728652e-17, 1.12802239631e-17, 1.10123191878e-17, 5.93621575746e-18, 2.85523825697e-18, 1.33802533518e-18, 3.26561677602e-19, 3.07785892619e-20], "var": [2.35601854324, 109.330368042, 212.406387329, 212.676040649, 153.481552124, 190.337295532, 625.414367676, 1142.39074707, 1113.11975098, 825.258056641, 1279.62841797, 3856.4230957, 2747.65234375, 5688.61181641, 3224.69042969, 7119.60986328, 5682.59716797, 4452.19140625, 1245.32678223, 1468.1192627, 6383.73535156, 651.494995117, 252.943267822, 88.3835983276, 147.11366272, 194.469512939, 291.487091064, 609.240234375, 490.818206787, 251.8019104, 138.031600952, 182.382720947, 109.992515564, 63.7566947937, 10.5865678787, 1.86282038689, 0.169159412384, 0.00443854974583, 5.74615223741e-05, 2.04090511602e-07]}, "gfcc": {"mean": [-48.7080421448, 101.058387756, -113.318756104, 23.2240161896, -52.960018158, 18.2553043365, -24.704164505, 5.47566413879, -11.81387043, -0.03467425704, -6.27644348145, -1.93004059792, -1.28722894192], "cov": [[23700.7011719, -3740.42431641, 2572.09399414, 3352.73071289, -1930.74902344, -75.0130691528, -1760.3137207, 240.572875977, -816.93548584, 1180.69995117, -208.731674194, 154.276351929, -1684.56481934], [-3740.42431641, 4540.36816406, 47.453868866, 455.848358154, 985.82635498, -585.72467041, 582.296508789, -320.001220703, 613.337341309, -424.539581299, 653.203063965, -279.425750732, 428.088470459], [2572.09399414, 47.453868866, 1810.31970215, 837.890319824, 154.735412598, 58.536781311, -216.758972168, 110.342407227, -86.0411529541, 273.696228027, 7.58344888687, 145.43006897, -126.916305542], [3352.73071289, 455.848358154, 837.890319824, 1686.13623047, -233.570831299, -256.46685791, -444.800872803, -50.5088119507, 70.2279434204, 107.987541199, 194.180114746, -92.3615722656, -153.435760498], [-1930.74902344, 985.82635498, 154.735412598, -233.570831299, 748.548950195, 22.5504512787, 368.112182617, 13.3405532837, 156.171218872, -66.5718078613, 37.4330978394, 42.2687721252, 172.422286987], [-75.0130691528, -585.72467041, 58.536781311, -256.46685791, 22.5504512787, 475.764038086, 134.74848938, 152.416305542, -23.9279670715, 49.1662597656, -45.8946151733, 60.0968933105, 81.0831680298], [-1760.3137207, 582.296508789, -216.758972168, -444.800872803, 368.112182617, 134.74848938, 539.927734375, 27.2640209198, 141.940582275, -97.2688140869, 49.6581764221, 5.40213251114, 166.549285889], [240.572875977, -320.001220703, 110.342407227, -50.5088119507, 13.3405532837, 152.416305542, 27.2640209198, 195.126464844, 16.2504577637, 60.8746452332, -24.9808120728, 37.3366661072, 16.1667098999], [-816.93548584, 613.337341309, -86.0411529541, 70.2279434204, 156.171218872, -23.9279670715, 141.940582275, 16.2504577637, 250.018325806, -53.962059021, 142.34916687, -47.9776420593, 147.379562378], [1180.69995117, -424.539581299, 273.696228027, 107.987541199, -66.5718078613, 49.1662597656, -97.2688140869, 60.8746452332, -53.962059021, 200.20866394, -43.7470855713, 70.7600860596, -99.3358840942], [-208.731674194, 653.203063965, 7.58344888687, 194.180114746, 37.4330978394, -45.8946151733, 49.6581764221, -24.9808120728, 142.34916687, -43.7470855713, 261.120605469, -50.4413909912, 109.37172699], [154.276351929, -279.425750732, 145.43006897, -92.3615722656, 42.2687721252, 60.0968933105, 5.40213251114, 37.3366661072, -47.9776420593, 70.7600860596, -50.4413909912, 143.164581299, -7.64072036743], [-1684.56481934, 428.088470459, -126.916305542, -153.435760498, 172.422286987, 81.0831680298, 166.549285889, 16.1667098999, 147.379562378, -99.3358840942, 109.37172699, -7.64072036743, 306.031188965]], "icov": [[0.000138261137181, 2.79135310848e-05, -2.84155576082e-05, -0.000196811903152, 0.00013708572078, -8.03181101219e-05, -3.74734991055e-05, -7.14052148396e-05, 8.80970328581e-05, -0.000294638884952, -0.000157662201673, -3.32020208589e-05, 0.000497222412378], [2.79135310848e-05, 0.00123811361846, -0.000321762432577, -0.000110614062578, -0.00107170327101, 0.00099345354829, -0.000567694893107, 0.000837969360873, -0.000630420458037, 0.000965809915215, -0.00181881070603, 0.00102173653431, 0.000130738364533], [-2.84155576082e-05, -0.000321762432577, 0.00129111390561, -0.000642354949377, -0.000449206068879, -0.000440303614596, 0.000271813914878, -0.00055459223222, 0.000981861026958, -0.00113531120587, 0.000296011421597, -0.000888306531124, -0.000211148391827], [-0.000196811903152, -0.000110614062578, -0.000642354949377, 0.00173565570731, 0.000127864448586, 0.000265939859673, 0.000940319499932, 0.000288527022349, -0.00115416082554, 0.000499026267789, -0.000366767897503, 0.0007389113307, -0.000126969680423], [0.00013708572078, -0.00107170327101, -0.000449206068879, 0.000127864448586, 0.00384753965773, -0.000379956298275, -0.00111822865438, -0.000622581341304, -0.000488602905534, -0.000670400913805, 0.00212775217369, -0.00155932304915, -7.57513771532e-05], [-8.03181101219e-05, 0.00099345354829, -0.000440303614596, 0.000265939859673, -0.000379956298275, 0.00455875787884, -0.00158704991918, -0.00157469697297, 0.000648166926112, 0.000243459333433, -0.00113755010534, 0.000917154888157, -0.00173161679413], [-3.74734991055e-05, -0.000567694893107, 0.000271813914878, 0.000940319499932, -0.00111822865438, -0.00158704991918, 0.00470491824672, -9.50206376729e-05, -0.00137189251836, 0.000535457395017, 0.0002279131877, -0.000515878375154, 0.00040717900265], [-7.14052148396e-05, 0.000837969360873, -0.00055459223222, 0.000288527022349, -0.000622581341304, -0.00157469697297, -9.50206376729e-05, 0.00859481375664, -0.00270846998319, -0.000650636677165, -0.000208599449252, 0.000403618527343, -0.000107125430077], [8.80970328581e-05, -0.000630420458037, 0.000981861026958, -0.00115416082554, -0.000488602905534, 0.000648166926112, -0.00137189251836, -0.00270846998319, 0.0103215528652, -0.00221569277346, -0.00191975547932, 0.00129210983869, -0.00278296205215], [-0.000294638884952, 0.000965809915215, -0.00113531120587, 0.000499026267789, -0.000670400913805, 0.000243459333433, 0.000535457395017, -0.000650636677165, -0.00221569277346, 0.0113279186189, -0.00127814267762, -0.0027623239439, 0.00199450901709], [-0.000157662201673, -0.00181881070603, 0.000296011421597, -0.000366767897503, 0.00212775217369, -0.00113755010534, 0.0002279131877, -0.000208599449252, -0.00191975547932, -0.00127814267762, 0.00961291603744, -0.000771819555666, -0.0023403505329], [-3.32020208589e-05, 0.00102173653431, -0.000888306531124, 0.0007389113307, -0.00155932304915, 0.000917154888157, -0.000515878375154, 0.000403618527343, 0.00129210983869, -0.0027623239439, -0.000771819555666, 0.0118212364614, -0.00166286970489], [0.000497222412378, 0.000130738364533, -0.000211148391827, -0.000126969680423, -7.57513771532e-05, -0.00173161679413, 0.00040717900265, -0.000107125430077, -0.00278296205215, 0.00199450901709, -0.0023403505329, -0.00166286970489, 0.00873858388513]]}, "melbands": {"dmean": [0.0048879692331, 0.00284450338222, 0.00099484610837, 0.00040124473162, 0.00030352617614, 0.000265394744929, 0.000173381820787, 9.96196758933e-05, 8.95114135346e-05, 0.000122307246784, 7.27510632714e-05, 6.67518324917e-05, 3.79051634809e-05, 4.4935655751e-05, 4.97580076626e-05, 3.89712840843e-05, 2.66497445409e-05, 1.46915654113e-05, 1.61807802215e-05, 1.60247109307e-05, 2.06697477552e-05, 7.65381173551e-06, 5.51632183488e-06, 4.43886392532e-06, 3.0243998026e-06, 2.89125341624e-06, 3.3670294215e-06, 3.36171979143e-06, 3.31222827299e-06, 5.02432703797e-06, 4.93658035339e-06, 4.70513668915e-06, 3.52243387169e-06, 2.8350921184e-06, 2.43816566581e-06, 2.44570287578e-06, 2.60848401012e-06, 1.92904963114e-06, 2.21520872401e-06, 1.74182878254e-06], "dmean2": [0.00650109443814, 0.00398412533104, 0.0018066248158, 0.000667646469083, 0.000507070100866, 0.000435825058958, 0.000276058912277, 0.000156045076437, 0.000139991316246, 0.000194607055164, 0.000117934658192, 0.00010715758981, 5.84268491366e-05, 6.87105493853e-05, 7.71842169343e-05, 5.77636783419e-05, 4.02533987653e-05, 2.29840588872e-05, 2.53167800111e-05, 2.59480802924e-05, 3.35669283231e-05, 1.21564826259e-05, 8.41357177706e-06, 7.14302223059e-06, 4.87984925712e-06, 4.51492996945e-06, 5.34318314749e-06, 5.22595701113e-06, 5.15367719345e-06, 7.76538581704e-06, 8.24342532724e-06, 7.62754780226e-06, 5.44812519365e-06, 4.48095443062e-06, 4.02255773224e-06, 3.78075651497e-06, 4.04975571655e-06, 2.97637461699e-06, 3.28395640281e-06, 2.75573552244e-06], "dvar": [0.000114112488518, 6.7086002673e-05, 1.0241074051e-05, 1.001981218e-06, 8.23119592042e-07, 4.3983433784e-07, 1.96307837541e-07, 4.43327010657e-08, 3.61018273054e-08, 8.53645687471e-08, 2.9827010195e-08, 3.83364522349e-08, 1.20480398991e-08, 1.28069359562e-08, 2.35124080206e-08, 9.34611854575e-09, 3.77070330515e-09, 1.19964893575e-09, 1.85400061969e-09, 6.33582120102e-09, 1.08789706132e-08, 4.45933290294e-10, 1.52300325129e-10, 8.25557469608e-11, 3.65021762816e-11, 3.3809125638e-11, 4.23971344143e-11, 5.10965748879e-11, 5.416578297e-11, 1.46805415047e-10, 2.86071777378e-10, 1.62939065018e-10, 6.78982009505e-11, 5.00080636623e-11, 3.70616176637e-11, 2.54775332775e-11, 3.61888782829e-11, 2.14834920687e-11, 3.11409127651e-11, 1.69490255164e-11], "dvar2": [0.00020183120796, 0.00015148462262, 2.94774072245e-05, 2.69637826023e-06, 2.2134036044e-06, 1.15297075354e-06, 5.23182393408e-07, 1.09388835767e-07, 8.9427615535e-08, 2.14526536979e-07, 8.59921556184e-08, 1.08867205029e-07, 2.70679851866e-08, 3.07326608606e-08, 6.114823492e-08, 2.06726475938e-08, 8.57180193492e-09, 2.74337708106e-09, 4.12333234223e-09, 1.54505723771e-08, 2.65812793998e-08, 1.12051412593e-09, 3.22161297639e-10, 2.07444519895e-10, 9.65006061171e-11, 7.6003571492e-11, 9.69646099525e-11, 1.22009777281e-10, 1.27481608603e-10, 3.42267603148e-10, 7.97838850541e-10, 4.43801217997e-10, 1.53277224246e-10, 1.25369201132e-10, 9.67238719674e-11, 5.63708593693e-11, 7.4758838009e-11, 4.33832553215e-11, 6.13865971943e-11, 3.73969466505e-11], "max": [0.0965650081635, 0.0838170424104, 0.0328593812883, 0.0122035099193, 0.0127691086382, 0.00788655970246, 0.00734774954617, 0.00460806535557, 0.0048095327802, 0.00684351660311, 0.00384771777317, 0.00542557518929, 0.00356749049388, 0.00261202664115, 0.00337688624859, 0.00232098414563, 0.00165990949608, 0.000931554124691, 0.00128822866827, 0.00174618582241, 0.00220531970263, 0.000611016061157, 0.000341390405083, 0.000203534204047, 9.2319372925e-05, 0.000230745252338, 0.000171445994056, 0.00011357281619, 0.000105473067379, 0.000157807866344, 0.000280072155874, 0.000170001629158, 9.00403392734e-05, 7.70670594648e-05, 9.36377982725e-05, 5.47858289792e-05, 0.000126871862449, 0.000114612259495, 0.000166731697391, 0.000129973108415], "mean": [0.00715194502845, 0.00348763773218, 0.000868950912263, 0.000411585060647, 0.000356064265361, 0.000361727608833, 0.000264808884822, 0.000183235577424, 0.000185745331692, 0.000231816549785, 0.000129788153572, 0.000128724059323, 8.19210254122e-05, 9.38121811487e-05, 0.000106737075839, 8.39541826281e-05, 5.63013782084e-05, 2.74758276646e-05, 2.68849962595e-05, 1.72974105226e-05, 2.26216016017e-05, 1.28004376165e-05, 1.04017635749e-05, 7.68827521824e-06, 5.17326088811e-06, 5.19846798852e-06, 6.0771913013e-06, 5.34120499651e-06, 4.94879895996e-06, 6.79768754708e-06, 6.23130745225e-06, 6.41769020149e-06, 4.92724120704e-06, 3.90833019992e-06, 3.20470871884e-06, 3.58682700607e-06, 3.80877258976e-06, 2.8868012123e-06, 3.29473550664e-06, 2.47364073402e-06], "median": [0.00261071394198, 0.00074745202437, 0.000336902827257, 0.000161664007464, 0.000143480792758, 0.000104954902781, 9.49710520217e-05, 7.19124655006e-05, 5.27850534127e-05, 4.04526181228e-05, 2.3554526706e-05, 2.53320795309e-05, 1.88316807908e-05, 1.62872711371e-05, 1.04271230157e-05, 1.37174847623e-05, 8.26450741442e-06, 5.92083551965e-06, 6.13062456978e-06, 4.45430578111e-06, 5.35623394171e-06, 4.40022995463e-06, 3.60556782653e-06, 3.18332331517e-06, 2.16754688154e-06, 2.00004433282e-06, 2.02240266844e-06, 1.08531276055e-06, 9.41411201438e-07, 1.07141715944e-06, 9.54322331381e-07, 8.63215859681e-07, 5.80433379582e-07, 3.75410479592e-07, 2.49856782375e-07, 3.2368649272e-07, 2.82302607957e-07, 1.89802960904e-07, 1.27062804722e-07, 9.05027945919e-08], "min": [1.67351334794e-23, 1.05693343241e-23, 6.70209361986e-24, 1.35428500542e-23, 7.33288021031e-24, 9.10326867508e-24, 1.2239486178e-23, 1.27967895862e-23, 1.46337973545e-23, 7.65848491552e-24, 7.35749898144e-24, 6.65610224022e-24, 4.52046447102e-24, 8.64517320311e-24, 7.79943069346e-24, 1.04835378121e-23, 1.83328103153e-23, 1.57433254845e-23, 5.35567687088e-24, 1.10267734638e-23, 1.28323490693e-23, 1.54778611681e-23, 8.42780652498e-24, 9.63072710872e-24, 1.22988692603e-23, 1.20979834642e-23, 9.36247732448e-24, 1.16380034036e-23, 9.69493801982e-24, 1.0925566554e-23, 1.28275985489e-23, 1.00175269098e-23, 8.31699996679e-24, 1.01497297423e-23, 8.04532810395e-24, 9.90414472075e-24, 1.152337087e-23, 1.01261601562e-23, 6.89313837616e-24, 9.84141134612e-24], "var": [0.000185784272617, 8.24082089821e-05, 5.99120221523e-06, 7.6856611031e-07, 6.75889054946e-07, 5.47891545466e-07, 2.45282450351e-07, 9.37165864912e-08, 9.98057529955e-08, 1.98492017489e-07, 6.68351418653e-08, 8.55190052107e-08, 3.34256462509e-08, 4.07914129141e-08, 6.95473616474e-08, 3.36928138722e-08, 1.36207658485e-08, 4.1923371441e-09, 5.88823168002e-09, 5.22893728316e-09, 8.93214480158e-09, 7.11761816152e-10, 4.36492897382e-10, 1.45330289469e-10, 5.49448334053e-11, 7.20867254778e-11, 9.9088702521e-11, 8.91245827139e-11, 8.53713280624e-11, 2.13052936404e-10, 2.39056691109e-10, 1.834063873e-10, 1.05862311972e-10, 7.00011160149e-11, 4.77079521721e-11, 5.40009981176e-11, 7.67859179018e-11, 4.78898865008e-11, 7.5041833858e-11, 3.8333863861e-11]}, "mfcc": {"mean": [-685.421813965, 123.269569397, 8.7152223587, 14.5631380081, 2.17134332657, 9.09254550934, 2.41862249374, 5.18572282791, 3.34162139893, 1.89498448372, 1.33250951767, 2.27268409729, 0.165975019336], "cov": [[16630.9082031, -1580.47131348, 576.247009277, 547.061767578, -144.650650024, 84.4316177368, -261.33706665, -470.266876221, -448.498321533, 94.6600952148, 925.632080078, 937.595275879, -154.008834839], [-1580.47131348, 3126.47705078, 18.3883647919, 599.403564453, 389.680969238, 93.5648956299, 125.471832275, 170.471359253, -0.0102240238339, 98.1000671387, 172.432189941, 192.337432861, 144.94078064], [576.247009277, 18.3883647919, 1145.75219727, 286.746673584, 378.195587158, 141.074157715, 95.8623580933, -8.70660877228, 93.9997253418, 9.98436546326, 57.9522628784, 135.129226685, 109.396896362], [547.061767578, 599.403564453, 286.746673584, 790.11517334, 310.132568359, 50.5769081116, -71.6853637695, -22.1072216034, 11.8856477737, 11.7228631973, 77.6338577271, 174.472854614, 81.2521743774], [-144.650650024, 389.680969238, 378.195587158, 310.132568359, 448.899902344, 74.2447891235, 41.6094245911, 27.2601051331, 76.8723983765, 17.0388889313, 19.241607666, 82.3575973511, 91.1628570557], [84.4316177368, 93.5648956299, 141.074157715, 50.5769081116, 74.2447891235, 224.690109253, 105.893768311, 66.8414001465, 61.4926528931, 31.2050266266, 21.3411979675, -6.01739835739, 30.2467575073], [-261.33706665, 125.471832275, 95.8623580933, -71.6853637695, 41.6094245911, 105.893768311, 241.097961426, 113.508934021, 85.813369751, 44.8001441956, 13.3561630249, -13.2738351822, 24.2778377533], [-470.266876221, 170.471359253, -8.70660877228, -22.1072216034, 27.2601051331, 66.8414001465, 113.508934021, 186.836517334, 82.9327011108, 43.8387336731, -6.34255552292, -31.771982193, 25.995923996], [-448.498321533, -0.0102240238339, 93.9997253418, 11.8856477737, 76.8723983765, 61.4926528931, 85.813369751, 82.9327011108, 188.815429688, 47.927154541, -23.8375034332, -33.1803283691, 38.5156326294], [94.6600952148, 98.1000671387, 9.98436546326, 11.7228631973, 17.0388889313, 31.2050266266, 44.8001441956, 43.8387336731, 47.927154541, 124.212356567, 50.7008247375, 0.942416191101, 0.0420612730086], [925.632080078, 172.432189941, 57.9522628784, 77.6338577271, 19.241607666, 21.3411979675, 13.3561630249, -6.34255552292, -23.8375034332, 50.7008247375, 189.190185547, 123.027732849, -0.996581435204], [937.595275879, 192.337432861, 135.129226685, 174.472854614, 82.3575973511, -6.01739835739, -13.2738351822, -31.771982193, -33.1803283691, 0.942416191101, 123.027732849, 204.933578491, 38.6323432922], [-154.008834839, 144.94078064, 109.396896362, 81.2521743774, 91.1628570557, 30.2467575073, 24.2778377533, 25.995923996, 38.5156326294, 0.0420612730086, -0.996581435204, 38.6323432922, 130.035888672]], "icov": [[0.000127180886921, 0.000111569432192, -6.59361830913e-06, -6.21095532551e-05, 5.36105362698e-05, -0.000157686488819, 2.35469233303e-05, 9.42725746427e-05, 0.000170085360878, -0.00010257762915, -0.000362796417903, -0.000415603193687, 0.000116823583085], [0.000111569432192, 0.000575939659029, 0.000190980761545, -0.000347755965777, -0.000286724796752, -6.31184011581e-05, -0.00025935244048, -0.000292315002298, 0.000538648746442, -0.00024020652927, -0.000576608988922, -0.00035974374623, -0.000187649246072], [-6.59361830913e-06, 0.000190980761545, 0.00145562295802, -0.000118081676192, -0.001026163809, -0.000450856401585, -0.000525730021764, 0.000522149901371, -0.000215061358176, 0.000124929298181, -7.45638026274e-05, -0.000487818237161, -0.000345432345057], [-6.21095532551e-05, -0.000347755965777, -0.000118081676192, 0.00242288014852, -0.00104698783252, -0.000566389935557, 0.00138776074164, -4.84225201944e-05, -0.000347786961356, -0.000188100544619, 0.000581579981372, -0.00129388435744, 7.73201281845e-06], [5.36105362698e-05, -0.000286724796752, -0.001026163809, -0.00104698783252, 0.00451835617423, -0.000216516375076, -9.52886039158e-05, 0.000172656029463, -0.000937116274145, -0.000103207072243, 0.000598543381784, -0.00057310203556, -0.000780967180617], [-0.000157686488819, -6.31184011581e-05, -0.000450856401585, -0.000566389935557, -0.000216516375076, 0.00666980585083, -0.00227298447862, -0.00081688381033, -0.000465159508167, 0.000283436791506, -0.000976532755885, 0.0022150722798, -0.00072302785702], [2.35469233303e-05, -0.00025935244048, -0.000525730021764, 0.00138776074164, -9.52886039158e-05, -0.00227298447862, 0.00785629823804, -0.00298081501387, -0.00134632783011, -0.000512763101142, -0.000148465129314, -0.000858165614773, 0.000269505311735], [9.42725746427e-05, -0.000292315002298, 0.000522149901371, -4.84225201944e-05, 0.000172656029463, -0.00081688381033, -0.00298081501387, 0.00931995082647, -0.00205248501152, -0.00109494896606, -6.8936853495e-05, 0.000557145976927, -0.00076700700447], [0.000170085360878, 0.000538648746442, -0.000215061358176, -0.000347786961356, -0.000937116274145, -0.000465159508167, -0.00134632783011, -0.00205248501152, 0.00902903731912, -0.00279677240178, 0.000637818186078, 0.000463740463601, -0.00138016743585], [-0.00010257762915, -0.00024020652927, 0.000124929298181, -0.000188100544619, -0.000103207072243, 0.000283436791506, -0.000512763101142, -0.00109494896606, -0.00279677240178, 0.0117618227378, -0.0045646452345, 0.00276849372312, 0.000446841702797], [-0.000362796417903, -0.000576608988922, -7.45638026274e-05, 0.000581579981372, 0.000598543381784, -0.000976532755885, -0.000148465129314, -6.8936853495e-05, 0.000637818186078, -0.0045646452345, 0.0129633350298, -0.006494642701, 0.00160278473049], [-0.000415603193687, -0.00035974374623, -0.000487818237161, -0.00129388435744, -0.00057310203556, 0.0022150722798, -0.000858165614773, 0.000557145976927, 0.000463740463601, 0.00276849372312, -0.006494642701, 0.0134157491848, -0.0031106993556], [0.000116823583085, -0.000187649246072, -0.000345432345057, 7.73201281845e-06, -0.000780967180617, -0.00072302785702, 0.000269505311735, -0.00076700700447, -0.00138016743585, 0.000446841702797, 0.00160278473049, -0.0031106993556, 0.0104872705415]]}, "spectral_contrast_coeffs": {"dmean": [0.0570735670626, 0.0490049123764, 0.0422327183187, 0.0354687087238, 0.0265412647277, 0.0272471625358], "dmean2": [0.09049731493, 0.0777567401528, 0.0663139149547, 0.0546598806977, 0.0415330789983, 0.0422933287919], "dvar": [0.00262582814321, 0.00192591827363, 0.00141362356953, 0.00101373100188, 0.000654039089568, 0.000829212658573], "dvar2": [0.00622299965471, 0.00463701179251, 0.00333884474821, 0.00220108078793, 0.00143527635373, 0.00170365720987], "max": [-0.31157553196, -0.262670814991, -0.282012254, -0.489928454161, -0.516814112663, -0.564118742943], "mean": [-0.708619713783, -0.719891369343, -0.7258939147, -0.749304711819, -0.781192004681, -0.760394096375], "median": [-0.73206448555, -0.726688504219, -0.735932707787, -0.749670743942, -0.790218174458, -0.764736294746], "min": [-0.991784572601, -0.989540219307, -0.966645479202, -0.964468300343, -0.974330246449, -0.963001489639], "var": [0.0137248886749, 0.0102959955111, 0.0116115622222, 0.00594163639471, 0.00379459094256, 0.0039998171851]}, "spectral_contrast_valleys": {"dmean": [0.509533584118, 0.446728050709, 0.392025917768, 0.394007384777, 0.418330073357, 0.531115114689], "dmean2": [0.756734848022, 0.686323881149, 0.585666239262, 0.578151464462, 0.595975339413, 0.772300481796], "dvar": [0.332539230585, 0.26290038228, 0.222685799003, 0.239988431334, 0.31292784214, 0.441539347172], "dvar2": [0.595570683479, 0.505651891232, 0.400591909885, 0.41742759943, 0.544852614403, 0.868128299713], "max": [-4.98133087158, -4.49914741516, -5.42500162125, -5.75086