{"lowlevel": {"average_loudness": 0.758390784264, "barkbands_crest": {"dmean": 1.86894452572, "dmean2": 2.86929488182, "dvar": 3.77681279182, "dvar2": 9.41334247589, "max": 26.6773967743, "mean": 12.3011932373, "median": 11.8285713196, "min": 3.48453235626, "var": 16.6323547363}, "barkbands_flatness_db": {"dmean": 0.0188777130097, "dmean2": 0.0269431490451, "dvar": 0.000411118002376, "dvar2": 0.000828983669635, "max": 0.491928935051, "mean": 0.234923899174, "median": 0.233676105738, "min": 0.0418529398739, "var": 0.00400099344552}, "barkbands_kurtosis": {"dmean": 4.24765062332, "dmean2": 6.20108127594, "dvar": 45.395942688, "dvar2": 97.3430252075, "max": 183.936203003, "mean": 11.0143384933, "median": 7.02228593826, "min": -1.92535567284, "var": 164.538635254}, "barkbands_skewness": {"dmean": 0.508062839508, "dmean2": 0.704976975918, "dvar": 0.3320492208, "dvar2": 0.658951699734, "max": 8.19079875946, "mean": 2.07249116898, "median": 2.01622152328, "min": -6.24895811081, "var": 2.24473047256}, "barkbands_spread": {"dmean": 2.80754518509, "dmean2": 4.15616559982, "dvar": 47.071559906, "dvar2": 99.139541626, "max": 100.885253906, "mean": 9.91584205627, "median": 6.27240848541, "min": 0.175667122006, "var": 183.608734131}, "dissonance": {"dmean": 0.0305876750499, "dmean2": 0.0505820177495, "dvar": 0.000907832116354, "dvar2": 0.00250840280205, "max": 0.499901562929, "mean": 0.416985034943, "median": 0.426036536694, "min": 0.116280920804, "var": 0.00314053613693}, "dynamic_complexity": 5.08799123764, "erbbands_crest": {"dmean": 2.52913451195, "dmean2": 3.75018548965, "dvar": 6.17390871048, "dvar2": 13.1620521545, "max": 33.0709075928, "mean": 12.8185186386, "median": 11.5715103149, "min": 2.6663980484, "var": 31.7786636353}, "erbbands_flatness_db": {"dmean": 0.0171193499118, "dmean2": 0.0236584227532, "dvar": 0.000332791503752, "dvar2": 0.000630263180938, "max": 0.500446081161, "mean": 0.205391526222, "median": 0.196091890335, "min": 0.0498618893325, "var": 0.0045521245338}, "erbbands_kurtosis": {"dmean": 1.75883805752, "dmean2": 2.56833863258, "dvar": 9.71232891083, "dvar2": 19.8904705048, "max": 93.754119873, "mean": 3.0413351059, "median": 1.57128763199, "min": -1.80294120312, "var": 29.6432323456}, "erbbands_skewness": {"dmean": 0.404833078384, "dmean2": 0.560998558998, "dvar": 0.206974491477, "dvar2": 0.390918582678, "max": 6.66069459915, "mean": 0.878727793694, "median": 0.933585524559, "min": -5.0521569252, "var": 1.16778683662}, "erbbands_spread": {"dmean": 6.34627914429, "dmean2": 9.3121213913, "dvar": 91.6376419067, "dvar2": 196.256271362, "max": 135.75982666, "mean": 27.3527889252, "median": 22.655834198, "min": 0.362337172031, "var": 386.535369873}, "hfc": {"dmean": 3.79111862183, "dmean2": 5.08925580978, "dvar": 186.888244629, "dvar2": 295.250793457, "max": 391.380615234, "mean": 11.3787469864, "median": 4.92096233368, "min": 1.16865321021e-16, "var": 582.815551758}, "melbands_crest": {"dmean": 2.118019104, "dmean2": 3.26155567169, "dvar": 5.08858203888, "dvar2": 12.3566236496, "max": 33.2992973328, "mean": 15.6595249176, "median": 14.8163928986, "min": 1.68113517761, "var": 23.9213638306}, "melbands_flatness_db": {"dmean": 0.0223896373063, "dmean2": 0.0309756565839, "dvar": 0.00062735035317, "dvar2": 0.0011712013511, "max": 0.592731058598, "mean": 0.323420614004, "median": 0.32728946209, "min": 0.00426750117913, "var": 0.00683042174205}, "melbands_kurtosis": {"dmean": 7.32578754425, "dmean2": 10.6987276077, "dvar": 130.236450195, "dvar2": 275.770996094, "max": 193.913925171, "mean": 19.6815719604, "median": 11.9334449768, "min": -1.88971376419, "var": 520.846130371}, "melbands_skewness": {"dmean": 0.604307591915, "dmean2": 0.850808918476, "dvar": 0.471382111311, "dvar2": 0.98017090559, "max": 10.837893486, "mean": 2.76288175583, "median": 2.62574577332, "min": -5.81626653671, "var": 3.32140207291}, "melbands_spread": {"dmean": 3.61327672005, "dmean2": 5.00614643097, "dvar": 130.943283081, "dvar2": 216.733520508, "max": 228.06993103, "mean": 11.9387550354, "median": 6.64026927948, "min": 0.600225448608, "var": 545.39251709}, "pitch_salience": {"dmean": 0.0507944710553, "dmean2": 0.0789510756731, "dvar": 0.00264612189494, "dvar2": 0.0064943889156, "max": 0.828796446323, "mean": 0.497809559107, "median": 0.496674120426, "min": 0.0634396746755, "var": 0.0113352136686}, "silence_rate_20dB": {"dmean": 0, "dmean2": 0, "dvar": 0, "dvar2": 0, "max": 1, "mean": 1, "median": 1, "min": 1, "var": 0}, "silence_rate_30dB": {"dmean": 0.0011204482289, "dmean2": 0.00224114744924, "dvar": 0.00111913797446, "dvar2": 0.0026846237015, "max": 1, "mean": 0.998879671097, "median": 1, "min": 0, "var": 0.00111905613448}, "silence_rate_60dB": {"dmean": 0.00470588216558, "dmean2": 0.00941281951964, "dvar": 0.00468441471457, "dvar2": 0.00999639742076, "max": 1, "mean": 0.122563295066, "median": 0, "min": 0, "var": 0.107535548508}, "spectral_centroid": {"dmean": 132.107894897, "dmean2": 185.120895386, "dvar": 104510.984375, "dvar2": 171448.234375, "max": 11386.9824219, "mean": 671.346313477, "median": 481.333526611, "min": 171.107345581, "var": 485365.71875}, "spectral_complexity": {"dmean": 1.51753497124, "dmean2": 2.31286430359, "dvar": 4.45558214188, "dvar2": 8.20833206177, "max": 39, "mean": 8.93535709381, "median": 8, "min": 0, "var": 26.8844871521}, "spectral_decrease": {"dmean": 1.35638356102e-09, "dmean2": 1.97536120794e-09, "dvar": 4.79482893487e-18, "dvar2": 1.017262995e-17, "max": 6.8805229734e-19, "mean": -6.07126482421e-09, "median": -4.74272265905e-09, "min": -3.25484563746e-08, "var": 2.44537717041e-17}, "spectral_energy": {"dmean": 0.00539280334488, "dmean2": 0.00783024262637, "dvar": 7.41051771911e-05, "dvar2": 0.000155848378199, "max": 0.125637426972, "mean": 0.0239463802427, "median": 0.0185502637178, "min": 1.06957312792e-20, "var": 0.000381192425266}, "spectral_energyband_high": {"dmean": 0.000362991791917, "dmean2": 0.00047933505266, "dvar": 4.81472352476e-06, "dvar2": 7.31021691536e-06, "max": 0.0745562016964, "mean": 0.000594255572651, "median": 2.56474304479e-05, "min": 7.48795313653e-21, "var": 1.33721860038e-05}, "spectral_energyband_low": {"dmean": 0.00239076488651, "dmean2": 0.00372424907982, "dvar": 2.12535105675e-05, "dvar2": 5.42486668564e-05, "max": 0.0876018702984, "mean": 0.00971110910177, "median": 0.00830268207937, "min": 1.29456896065e-22, "var": 8.44591268105e-05}, "spectral_energyband_middle_high": {"dmean": 0.000678490032442, "dmean2": 0.000905823544599, "dvar": 2.80430367638e-06, "dvar2": 5.84240933676e-06, "max": 0.0630282312632, "mean": 0.00190710742027, "median": 0.000662727397867, "min": 1.66952038016e-21, "var": 1.55839770741e-05}, "spectral_energyband_middle_low": {"dmean": 0.00419114157557, "dmean2": 0.00589221529663, "dvar": 5.74542500544e-05, "dvar2": 0.000117634524941, "max": 0.116119220853, "mean": 0.0139658991247, "median": 0.0079426150769, "min": 3.87769083935e-22, "var": 0.000240145498537}, "spectral_entropy": {"dmean": 0.209173545241, "dmean2": 0.296131581068, "dvar": 0.055177655071, "dvar2": 0.108517631888, "max": 9.78023338318, "mean": 6.54384326935, "median": 6.49298191071, "min": 3.91496920586, "var": 0.494678974152}, "spectral_flux": {"dmean": 0.0170097611845, "dmean2": 0.0266561433673, "dvar": 0.000504167750478, "dvar2": 0.00116176530719, "max": 0.293911516666, "mean": 0.0480960309505, "median": 0.0353848449886, "min": 1.03420168263e-10, "var": 0.00171005330049}, "spectral_kurtosis": {"dmean": 4.09037923813, "dmean2": 6.57709503174, "dvar": 32.3564758301, "dvar2": 84.7296829224, "max": 153.84526062, "mean": 12.9873971939, "median": 8.89465141296, "min": -1.21981549263, "var": 189.772949219}, "spectral_rms": {"dmean": 0.000484286923893, "dmean2": 0.00068939459743, "dvar": 4.30662055351e-07, "dvar2": 8.60749253206e-07, "max": 0.0110712731257, "mean": 0.00435093138367, "median": 0.00425415299833, "min": 3.23030339457e-12, "var": 4.43159842689e-06}, "spectral_rolloff": {"dmean": 197.684768677, "dmean2": 330.896636963, "dvar": 498176.6875, "dvar2": 1062112.125, "max": 19056.8847656, "mean": 875.504821777, "median": 430.6640625, "min": 129.19921875, "var": 4073437}, "spectral_skewness": {"dmean": 0.393350690603, "dmean2": 0.603963911533, "dvar": 0.184501305223, "dvar2": 0.43642565608, "max": 10.1401576996, "mean": 2.58648586273, "median": 2.4358561039, "min": -0.2977861166, "var": 1.51939165592}, "spectral_spread": {"dmean": 480558.4375, "dmean2": 713753.1875, "dvar": 460818907136, "dvar2": 815589294080, "max": 39812696, "mean": 3603579.5, "median": 3353141, "min": 682017.25, "var": 2687990235140.0}, "spectral_strongpeak": {"dmean": 0.299693197012, "dmean2": 0.49434569478, "dvar": 0.551717579365, "dvar2": 1.39109301567, "max": 28.0631008148, "mean": 0.802583038807, "median": 0.402148127556, "min": 0, "var": 1.24602067471}, "zerocrossingrate": {"dmean": 0.00604243250564, "dmean2": 0.00697951111943, "dvar": 0.000144677353092, "dvar2": 0.000135565060191, "max": 0.53173828125, "mean": 0.0341837890446, "median": 0.02197265625, "min": 0.0029296875, "var": 0.0027718024794}, "barkbands": {"dmean": [1.32337945615e-05, 0.000505914620589, 0.00148774299305, 0.00134749303106, 0.00226164492778, 0.000862889108248, 0.000463927717647, 0.000765449134633, 0.00041549699381, 0.000293163931929, 0.00022141727095, 9.33770206757e-05, 0.00010917281179, 8.5553037934e-05, 3.15954421239e-05, 2.45291412284e-05, 3.1672330806e-05, 4.53854590887e-05, 7.30078172637e-05, 8.71800657478e-05, 0.000155183646712, 9.27098008106e-05, 5.32690537511e-05, 4.87728466396e-05, 1.5416278984e-05, 1.97811982616e-06, 3.51285365241e-07], "dmean2": [2.27839882427e-05, 0.000784542236943, 0.00238007470034, 0.0019714939408, 0.00326784490608, 0.00127425626852, 0.000649197492748, 0.00100594945252, 0.000568667193875, 0.000390901783248, 0.00030059137498, 0.00012884363241, 0.000158418799401, 0.000129927095259, 4.74939297419e-05, 3.65184459952e-05, 4.76178211102e-05, 6.76052877679e-05, 0.000111454050057, 0.000126079408801, 0.000208308832953, 0.000125736725749, 7.45155557524e-05, 6.84509432176e-05, 2.22779835894e-05, 2.85361511487e-06, 5.49434957975e-07], "dvar": [4.08055589318e-09, 6.39028371552e-07, 1.06061534098e-05, 9.15737382456e-06, 3.01228756143e-05, 9.30625810724e-06, 1.79995254257e-06, 6.26744804322e-06, 3.21960510519e-06, 4.18398883539e-07, 8.24258904686e-07, 1.39404193078e-07, 2.84830065311e-07, 1.69761790403e-07, 1.13882752117e-08, 6.69671740283e-09, 1.38481404122e-08, 3.16752100105e-08, 8.29291366244e-07, 2.56859692627e-07, 1.28303383917e-06, 3.9893018311e-07, 1.10608382897e-07, 1.27057901977e-07, 1.30975088553e-08, 4.12193681965e-11, 1.96033510605e-12], "dvar2": [1.06291579982e-08, 1.63616152804e-06, 2.86363774649e-05, 1.85536100616e-05, 6.62253733026e-05, 2.11347905861e-05, 3.73616944671e-06, 1.09712982521e-05, 6.10427287029e-06, 7.27456551886e-07, 1.36458857014e-06, 2.62235090531e-07, 6.66158427975e-07, 4.25996944386e-07, 2.50043381556e-08, 1.43484575332e-08, 3.12567536298e-08, 7.29568370161e-08, 2.14517194763e-06, 5.26122050815e-07, 2.26254769586e-06, 7.07227343355e-07, 1.93447590391e-07, 2.60971035004e-07, 3.13628838455e-08, 9.18046472176e-11, 4.8790862843e-12], "max": [0.00186905404553, 0.0179497580975, 0.0659727454185, 0.0659911632538, 0.112455315888, 0.104605287313, 0.0371414758265, 0.0576039776206, 0.0476703234017, 0.0152224767953, 0.0527622997761, 0.0153560210019, 0.0242367312312, 0.0164353251457, 0.00402785697952, 0.00205020187423, 0.00288080284372, 0.00771204940975, 0.0604729838669, 0.0134020866826, 0.058741286397, 0.0265317484736, 0.0127645703033, 0.0173380319029, 0.00465715117753, 0.000164052151376, 4.35124893556e-05], "mean": [1.54940225912e-05, 0.00378623697907, 0.00379152712412, 0.00344002922066, 0.00451366091147, 0.0018064660253, 0.00110322772525, 0.00183659920003, 0.001039689756, 0.00064799352549, 0.000554950151127, 0.000166282916325, 0.000163215619978, 0.00013062178914, 4.91807950311e-05, 3.93710797653e-05, 4.76530112792e-05, 7.05558704794e-05, 9.81962148217e-05, 0.000116578979942, 0.000211347825825, 0.000138052360853, 8.37658226374e-05, 7.18166047591e-05, 2.0607985789e-05, 2.77169942819e-06, 5.3841671388e-07], "median": [3.22292135024e-06, 0.00284631364048, 0.0018327832222, 0.00133681320585, 0.00190187362023, 0.000720631796867, 0.000224396586418, 0.000121811099234, 5.40826731594e-05, 0.000200841634069, 3.22784435411e-05, 1.76852590812e-05, 1.06084953586e-05, 1.78572245204e-05, 1.27531329781e-05, 8.3716440713e-06, 1.05839071693e-05, 8.42509325594e-06, 1.16031897051e-05, 6.0479228523e-06, 5.41475492355e-06, 3.86455485568e-06, 4.56313046016e-06, 1.99909163712e-06, 1.0149371974e-06, 4.40392369683e-07, 2.81451974615e-07], "min": [2.08381520864e-23, 1.06464566794e-22, 1.08758328182e-23, 1.29499106434e-23, 2.00214254586e-23, 9.40627519748e-23, 1.26038768073e-22, 2.43251870779e-23, 9.75675032045e-23, 5.12095872382e-23, 7.78007946214e-23, 8.91719090258e-23, 5.68483586779e-23, 5.69714083573e-23, 1.2212229456e-22, 2.40138195766e-22, 2.27834010372e-22, 3.92886531912e-22, 2.73359539243e-22, 2.39482090684e-22, 5.84951998497e-22, 3.98932336646e-22, 6.25341878793e-22, 6.53827810164e-22, 1.21524262263e-21, 1.61563782294e-21, 2.45137195962e-21], "var": [3.11085135429e-09, 1.07948771984e-05, 2.99814400933e-05, 3.8550591853e-05, 6.39596401015e-05, 1.69326922332e-05, 5.60231637792e-06, 2.83866011159e-05, 1.5876168618e-05, 1.51552342231e-06, 8.4709672592e-06, 4.10344682678e-07, 4.65654039772e-07, 2.31769604397e-07, 1.89839504117e-08, 1.37166047409e-08, 2.23195417703e-08, 4.99370784723e-08, 7.53011875076e-07, 4.06710285006e-07, 2.65214248429e-06, 9.11392021408e-07, 2.48347760134e-07, 2.32209544038e-07, 1.8903143939e-08, 6.27050009139e-11, 1.94806258798e-12]}, "erbbands": {"dmean": [0.00730363326147, 0.148634254932, 1.21939134598, 3.6002368927, 7.3914847374, 6.77921533585, 6.2802271843, 6.57919216156, 5.05451631546, 12.9825201035, 13.7645587921, 9.98868751526, 6.21486997604, 9.5037355423, 7.5273399353, 4.12077617645, 5.02603340149, 4.71262311935, 2.18762803078, 1.26700985432, 1.2045879364, 1.61893761158, 2.54339027405, 2.71796822548, 3.93697881699, 4.15517425537, 6.36428880692, 5.62741279602, 3.59874081612, 2.16496181488, 1.49077022076, 1.05422866344, 0.796377897263, 0.289998471737, 0.0462057255208, 0.0124086895958, 0.00308284303173, 0.000587245333008, 5.01565955346e-05, 7.40932227927e-06], "dmean2": [0.0109518216923, 0.233235031366, 1.96941137314, 5.34455156326, 10.6420145035, 9.87123012543, 8.98571586609, 9.87592315674, 7.203997612, 17.2589702606, 18.2725391388, 13.3735599518, 8.49867916107, 12.489657402, 10.2980747223, 5.57494688034, 7.15401554108, 7.10537862778, 3.30686807632, 1.83477461338, 1.76400589943, 2.34330511093, 3.73161768913, 4.13035011292, 5.67210245132, 5.93025827408, 8.84818744659, 7.40447711945, 4.89902114868, 2.95063686371, 2.10260033607, 1.501906991, 1.1272213459, 0.415513575077, 0.0659556463361, 0.0179338585585, 0.00446816906333, 0.000886873400304, 7.54901047912e-05, 1.06156676338e-05], "dvar": [0.000215700405533, 0.0519229099154, 6.0731754303, 60.5241508484, 348.065612793, 360.308258057, 422.379943848, 581.33190918, 199.879745483, 1969.06213379, 2588.40600586, 1674.33398438, 189.446807861, 704.949157715, 885.680236816, 231.069488525, 694.960693359, 503.377655029, 70.0486679077, 15.8979606628, 17.275718689, 39.9777069092, 106.86139679, 1628.44091797, 845.294372559, 562.954467773, 2491.57519531, 1684.15490723, 613.083679199, 181.652252197, 98.5568084717, 53.9379463196, 35.0487251282, 5.08032512665, 0.0603574924171, 0.00205536349677, 9.54903443926e-05, 4.65500079372e-06, 2.81215104536e-08, 2.05020597721e-10], "dvar2": [0.000534562161192, 0.134472072124, 16.5012073517, 138.011154175, 690.456848145, 817.247924805, 884.268493652, 1320.61645508, 470.908782959, 3751.67163086, 4933.6171875, 2981.26049805, 351.82119751, 1302.09204102, 1514.44238281, 406.861450195, 1675.84753418, 1256.92358398, 164.512283325, 29.8690128326, 36.4658927917, 86.7641448975, 237.045547485, 4171.23486328, 2096.85717773, 1141.01843262, 5035.81689453, 3149.57641602, 1117.21203613, 296.223449707, 182.496673584, 112.304969788, 72.0130386353, 11.7272539139, 0.118816874921, 0.00438722781837, 0.000213248174987, 1.11943818411e-05, 6.1188970335e-08, 3.77080922043e-10], "max": [0.361451029778, 4.82186460495, 49.0452232361, 156.483657837, 402.528594971, 445.882507324, 749.58013916, 919.577575684, 270.559631348, 1112.7800293, 1392.1171875, 1184.87207031, 325.173400879, 958.71081543, 1548.75720215, 606.350402832, 1294.20373535, 881.326049805, 310.797241211, 112.649909973, 113.204666138, 166.45652771, 468.66015625, 2960.54541016, 1125.96630859, 605.37487793, 3307.87915039, 1763.64660645, 917.363525391, 661.201843262, 453.494171143, 348.053924561, 260.503173828, 102.984329224, 9.60379505157, 1.29254007339, 0.213971167803, 0.068330667913, 0.00504372920841, 0.000446862191893], "mean": [0.0796287506819, 1.00122988224, 3.53234672546, 9.81646633148, 14.5119895935, 13.3193044662, 14.5504245758, 13.1509103775, 13.5661048889, 32.3358612061, 34.0599632263, 27.7117195129, 14.8134174347, 22.931684494, 18.6081924438, 8.46065139771, 8.06956958771, 7.58550167084, 3.7317969799, 2.15500116348, 2.08788895607, 2.59626674652, 4.01198101044, 3.99186944962, 5.39994716644, 5.76604270935, 8.16854858398, 7.54237556458, 5.21446418762, 3.40114998817, 2.34245538712, 1.5865316391, 1.13605952263, 0.393917769194, 0.0677940547466, 0.0175421442837, 0.00425066193566, 0.000814512255602, 9.57208394539e-05, 3.1292285712e-05], "median": [0.0575398057699, 0.781694293022, 2.18040275574, 5.01190185547, 5.72351551056, 4.21496868134, 5.20934534073, 5.39458847046, 3.96420574188, 3.90031147003, 2.12052226067, 2.08467769623, 4.59282398224, 5.12906837463, 2.1155538559, 1.13860023022, 0.760320186615, 1.22440183163, 0.927178442478, 0.552443504333, 0.532894849777, 0.525097370148, 0.613990783691, 0.579885005951, 0.495694696903, 0.331104338169, 0.244400978088, 0.186706438661, 0.148072868586, 0.112039268017, 0.139213144779, 0.0605414882302, 0.0286488980055, 0.0148532222956, 0.00552294077352, 0.00216648564674, 0.000749277533032, 0.000290545285679, 5.74615878577e-05, 2.4239972845e-05], "min": [2.49143650106e-21, 2.49490645911e-20, 2.41250569916e-20, 3.04895704171e-20, 2.68598825022e-20, 5.31522124755e-20, 3.32447248606e-19, 1.01004026069e-18, 2.18287194068e-18, 6.37615734972e-19, 9.88112529833e-19, 2.08462087509e-18, 1.90299351927e-18, 2.35753402215e-18, 3.52689257754e-18, 2.55505441267e-18, 2.73522551702e-18, 3.17218016009e-18, 3.92845236899e-18, 1.06507651595e-17, 1.41380634963e-17, 1.32690465699e-17, 1.6721768757e-17, 2.31023670327e-17, 9.71920758856e-18, 1.13419390814e-17, 1.82539901472e-17, 2.53305103615e-17, 1.44513564989e-17, 1.53668055546e-17, 1.92286272845e-17, 1.3519098306e-17, 1.17117558168e-17, 1.4199359234e-17, 8.58662941231e-18, 5.9828522004e-18, 2.79040776966e-18, 1.27108967322e-18, 3.46445005727e-19, 3.81133322315e-20], "var": [0.00641282834113, 0.660199701786, 20.4909934998, 230.38684082, 759.901977539, 776.65625, 954.375732422, 1051.40551758, 587.979064941, 8138.34472656, 10781.8730469, 10159.3955078, 786.303039551, 3726.43798828, 7249.56884766, 839.623413086, 1089.75537109, 693.343811035, 126.995445251, 35.7897567749, 38.6203575134, 70.8626022339, 167.930175781, 1360.25195312, 1028.11816406, 946.03112793, 4269.80029297, 3304.94262695, 1339.00610352, 464.865631104, 202.803085327, 100.584640503, 61.5695724487, 7.53566932678, 0.119994297624, 0.00346404849552, 0.000142389180837, 5.35537992619e-06, 3.90006000828e-08, 7.7794026776e-10]}, "gfcc": {"mean": [-101.490707397, 131.919174194, -82.9518661499, 24.2723007202, -55.7987976074, 3.21391534805, -25.4229717255, -0.448435276747, -22.4913520813, -9.62489795685, -12.5501699448, -3.92715358734, -10.5977096558], "cov": [[19352.4003906, 764.459228516, -166.677978516, 2024.15930176, -832.90032959, 788.88684082, -150.39541626, 573.100769043, 60.9687538147, 98.730178833, 135.220291138, -352.926513672, -430.9609375], [764.459228516, 1590.84606934, -95.2809906006, -582.288696289, 329.162658691, -171.537307739, 104.530342102, -79.5516738892, 84.2916641235, -76.0234909058, 68.3010177612, -25.0676841736, 16.2869815826], [-166.677978516, -95.2809906006, 1075.94580078, 434.319488525, 181.378540039, 92.6582260132, -14.7141141891, 49.0316963196, 14.7248563766, 114.2264328, 34.8393936157, 104.291603088, 1.5657787323], [2024.15930176, -582.288696289, 434.319488525, 975.027770996, -79.169921875, 158.152206421, -40.9593353271, 119.317169189, 11.7465114594, 50.9388809204, 17.9273548126, -9.87357521057, -19.0543823242], [-832.90032959, 329.162658691, 181.378540039, -79.169921875, 393.527923584, -23.9733657837, 29.0959358215, -8.65795898438, 27.3691368103, 5.32158660889, -12.8649787903, 38.9229736328, 34.0849876404], [788.88684082, -171.537307739, 92.6582260132, 158.152206421, -23.9733657837, 237.356887817, 38.4971618652, 53.828163147, 8.73274993896, 39.1246833801, 4.53151607513, -5.01542758942, -15.5210313797], [-150.39541626, 104.530342102, -14.7141141891, -40.9593353271, 29.0959358215, 38.4971618652, 172.147827148, 43.3441543579, -2.80662345886, -5.91363954544, 7.11658096313, 13.7128133774, 17.4335784912], [573.100769043, -79.5516738892, 49.0316963196, 119.317169189, -8.65795898438, 53.828163147, 43.3441543579, 170.857513428, 58.2986450195, 31.9124794006, 14.3005008698, -0.175638407469, -29.1187496185], [60.9687538147, 84.2916641235, 14.7248563766, 11.7465114594, 27.3691368103, 8.73274993896, -2.80662345886, 58.2986450195, 158.278060913, 74.1042175293, 25.9640884399, -21.171459198, -15.1007022858], [98.730178833, -76.0234909058, 114.2264328, 50.9388809204, 5.32158660889, 39.1246833801, -5.91363954544, 31.9124794006, 74.1042175293, 175.099945068, 39.2814483643, -14.0655145645, -22.2547225952], [135.220291138, 68.3010177612, 34.8393936157, 17.9273548126, -12.8649787903, 4.53151607513, 7.11658096313, 14.3005008698, 25.9640884399, 39.2814483643, 115.503921509, 30.5725593567, -19.1607341766], [-352.926513672, -25.0676841736, 104.291603088, -9.87357521057, 38.9229736328, -5.01542758942, 13.7128133774, -0.175638407469, -21.171459198, -14.0655145645, 30.5725593567, 128.311309814, 45.0050544739], [-430.9609375, 16.2869815826, 1.5657787323, -19.0543823242, 34.0849876404, -15.5210313797, 17.4335784912, -29.1187496185, -15.1007022858, -22.2547225952, -19.1607341766, 45.0050544739, 121.49105072]], "icov": [[0.000437170674559, -0.00149816717021, 0.000667240645271, -0.00151646626182, 0.00131546414923, -0.00141735968646, 0.00132519053295, -0.00131353060715, 0.00134410907049, -0.00110611447599, 0.00113576103467, -0.000833757629152, 0.00090247328626], [-0.00149816717021, 0.00650506047532, -0.00255555985495, 0.00589180504903, -0.00541535485536, 0.00529912626371, -0.00528208585456, 0.00493227783591, -0.00556489359587, 0.00502007966861, -0.0054367268458, 0.0041760392487, -0.00326956948265], [0.000667240645271, -0.00255555985495, 0.00267212232575, -0.00318854604848, 0.00139192433562, -0.00236173882149, 0.00225867796689, -0.00189619779121, 0.00251750601456, -0.00297261425294, 0.00231985654682, -0.00298490608111, 0.00194411515258], [-0.00151646626182, 0.00589180504903, -0.00318854604848, 0.00726991239935, -0.00453801220283, 0.00443144142628, -0.00426202639937, 0.00366724608466, -0.00486095715314, 0.00477962289006, -0.00508179794997, 0.00441522151232, -0.00382371805608], [0.00131546414923, -0.00541535485536, 0.00139192433562, -0.00453801220283, 0.00778838386759, -0.0042776199989, 0.00389773980714, -0.0039855283685, 0.00368588790298, -0.00380090530962, 0.00507350824773, -0.00371540035121, 0.00235486566089], [-0.00141735968646, 0.00529912626371, -0.00236173882149, 0.00443144142628, -0.0042776199989, 0.0100496048108, -0.00586639810354, 0.00369731010869, -0.00425316486508, 0.00292113702744, -0.00369523791596, 0.00310517777689, -0.00252734450623], [0.00132519053295, -0.00528208585456, 0.00225867796689, -0.00426202639937, 0.00389773980714, -0.00586639810354, 0.0116654597223, -0.00682170689106, 0.00568595482036, -0.00366497016512, 0.00326549331658, -0.00287175085396, 0.00117360125296], [-0.00131353060715, 0.00493227783591, -0.00189619779121, 0.00366724608466, -0.0039855283685, 0.00369731010869, -0.00682170689106, 0.0130750490353, -0.00780067685992, 0.00378953036852, -0.0030559473671, 0.00120927591342, -0.00022319391428], [0.00134410907049, -0.00556489359587, 0.00251750601456, -0.00486095715314, 0.00368588790298, -0.00425316486508, 0.00568595482036, -0.00780067685992, 0.0145337190479, -0.00764551572502, 0.00295442715287, -0.00152046012226, 0.00189123291057], [-0.00110611447599, 0.00502007966861, -0.00297261425294, 0.00477962289006, -0.00380090530962, 0.00292113702744, -0.00366497016512, 0.00378953036852, -0.00764551572502, 0.0124971242622, -0.00653707468882, 0.00491025159135, -0.00244600698352], [0.00113576103467, -0.0054367268458, 0.00231985654682, -0.00508179794997, 0.00507350824773, -0.00369523791596, 0.00326549331658, -0.0030559473671, 0.00295442715287, -0.00653707468882, 0.0162184368819, -0.00832519773394, 0.00564585532993], [-0.000833757629152, 0.0041760392487, -0.00298490608111, 0.00441522151232, -0.00371540035121, 0.00310517777689, -0.00287175085396, 0.00120927591342, -0.00152046012226, 0.00491025159135, -0.00832519773394, 0.0153410155326, -0.00693088490516], [0.00090247328626, -0.00326956948265, 0.00194411515258, -0.00382371805608, 0.00235486566089, -0.00252734450623, 0.00117360125296, -0.00022319391428, 0.00189123291057, -0.00244600698352, 0.00564585532993, -0.00693088490516, 0.0132853826508]]}, "melbands": {"dmean": [0.00010049778939, 0.000488259771373, 0.000661458238028, 0.000559749372769, 0.000209656311199, 0.000149735817104, 8.03809016361e-05, 0.00015182424977, 0.000108901658677, 5.68700634176e-05, 3.09729075525e-05, 3.93006994273e-05, 2.87589064101e-05, 1.20805516417e-05, 1.1139622984e-05, 1.03101310742e-05, 9.41791495279e-06, 3.82945108868e-06, 1.82242013125e-06, 1.94082895177e-06, 1.40612803534e-06, 1.4353242932e-06, 2.81499933408e-06, 2.13628595702e-06, 2.32319166571e-06, 3.15351599056e-06, 2.7976398087e-06, 2.85723535853e-06, 3.77369769922e-06, 4.35031415691e-06, 3.07491563944e-06, 2.11767246583e-06, 1.77479989816e-06, 1.06136121758e-06, 8.99196720638e-07, 7.24909170913e-07, 6.91676973474e-07, 6.13550980688e-07, 4.50554466624e-07, 1.84919628055e-07], "dmean2": [0.000152698281454, 0.000785352895036, 0.000961135840043, 0.000816503481474, 0.000299878360238, 0.000222928036237, 0.000113523594337, 0.000199898044229, 0.000146393649629, 7.66740267863e-05, 4.25690523116e-05, 5.17543958267e-05, 3.87680483982e-05, 1.71477258846e-05, 1.53715991473e-05, 1.52617449203e-05, 1.43103443406e-05, 5.86387614021e-06, 2.70219925369e-06, 2.90294451588e-06, 2.06365484701e-06, 2.14400756704e-06, 4.16983903051e-06, 3.1539864267e-06, 3.60331659977e-06, 4.81881261294e-06, 4.01264196626e-06, 4.19973002863e-06, 5.56994245926e-06, 6.10377946941e-06, 4.29272768088e-06, 2.9062714475e-06, 2.51444180321e-06, 1.53078144649e-06, 1.29552825001e-06, 1.05656840788e-06, 1.01491775695e-06, 8.90762635208e-07, 6.49148773846e-07, 2.71646541705e-07], "dvar": [2.85565189273e-08, 8.78598029885e-07, 1.69704662767e-06, 2.08738197216e-06, 3.47114024635e-07, 2.84873351575e-07, 4.75585792969e-08, 2.53214722079e-07, 1.74726380919e-07, 5.23600469648e-08, 4.90674878506e-09, 1.17484306728e-08, 1.51862664666e-08, 1.81405357402e-09, 2.1547617024e-09, 3.17284465368e-09, 2.06392680724e-09, 2.60005655894e-10, 3.49245979359e-11, 3.75063383129e-11, 2.74918299931e-11, 3.32867067243e-11, 1.55212578901e-10, 5.9848168088e-11, 1.46169687465e-09, 1.2738979871e-09, 2.7954713544e-10, 3.11993320068e-10, 9.25890586423e-10, 1.24646970523e-09, 5.08563469115e-10, 2.31249172589e-10, 1.41909914375e-10, 4.36023092631e-11, 3.84750842297e-11, 1.99642941068e-11, 2.62410839585e-11, 2.01399261851e-11, 1.45096296089e-11, 1.68041383759e-12], "dvar2": [7.12843899464e-08, 2.37697577177e-06, 3.55415659214e-06, 4.6779287004e-06, 7.34742911845e-07, 6.51700872822e-07, 1.09761828071e-07, 4.72910045346e-07, 3.43306282957e-07, 9.22919554114e-08, 9.21273723975e-09, 2.14147792832e-08, 2.41449793492e-08, 3.90090981739e-09, 4.07774214395e-09, 7.73748798366e-09, 5.14193265744e-09, 6.09794381656e-10, 7.10762698697e-11, 7.94492874268e-11, 5.85305276468e-11, 7.57641657745e-11, 3.59997615051e-10, 1.30444377522e-10, 3.75667230657e-09, 3.43720096829e-09, 6.25989760028e-10, 6.61301680083e-10, 2.1323844912e-09, 2.30174723725e-09, 1.00046004814e-09, 4.5676645799e-10, 2.6379909368e-10, 7.93600463123e-11, 7.2825884212e-11, 4.06412750675e-11, 5.83836520796e-11, 4.30578038502e-11, 3.2603995892e-11, 3.91863191201e-12], "max": [0.00400804635137, 0.0186054892838, 0.0273522697389, 0.0309969838709, 0.0200028270483, 0.0200367402285, 0.00396119104698, 0.0125834010541, 0.0143712777644, 0.00745608191937, 0.00160640466493, 0.00362913892604, 0.00764908501878, 0.00103877659421, 0.0019130416913, 0.00266292598099, 0.00178117875475, 0.000596381665673, 0.000226694712183, 0.000166217112564, 0.000151038766489, 0.000161459596711, 0.000474042899441, 0.000237176689552, 0.00281718466431, 0.00187903793994, 0.000810233468655, 0.000465976947453, 0.00177559047006, 0.00154887756798, 0.000815396604594, 0.000536482839379, 0.000615573837422, 0.00026052276371, 0.000301500316709, 0.000133513924084, 0.000240260691498, 0.000160619136295, 0.000191829502, 5.29019271198e-05], "mean": [0.000943179649767, 0.0017124369042, 0.00179706024937, 0.00105489429552, 0.000511250284035, 0.000304878951283, 0.000209509918932, 0.000375543750124, 0.000278856343357, 0.000149718500325, 6.86283819959e-05, 9.18442383409e-05, 7.47107624193e-05, 2.25758012675e-05, 1.87625391845e-05, 1.54197841766e-05, 1.44472196553e-05, 6.23075675321e-06, 2.8864997148e-06, 2.98650274999e-06, 2.31789431382e-06, 2.22229800784e-06, 4.01058468924e-06, 3.36832613357e-06, 3.08738890453e-06, 3.97701705879e-06, 3.75625609195e-06, 3.74249702872e-06, 4.60498586108e-06, 5.51445964447e-06, 3.98575684812e-06, 2.94901678899e-06, 2.52408631241e-06, 1.62975538842e-06, 1.36990536248e-06, 1.07742027922e-06, 9.69006805462e-07, 8.59133479025e-07, 5.8277584003e-07, 2.49021013587e-07], "median": [0.000692602829076, 0.00134299229831, 0.000929710105993, 0.000397273979615, 0.000181065362995, 0.000122831494082, 5.22257978446e-05, 3.99255222874e-05, 1.38638879434e-05, 1.14001168185e-05, 1.9983310267e-05, 1.84944801731e-05, 5.06707556269e-06, 3.66327185475e-06, 1.72662691966e-06, 1.03679030872e-06, 2.03308809432e-06, 1.33638855004e-06, 7.32149487703e-07, 6.41077008368e-07, 5.61129468224e-07, 4.64512226017e-07, 5.85993689128e-07, 4.58697286376e-07, 4.29574896543e-07, 3.47749221419e-07, 2.66612858013e-07, 1.90540959011e-07, 1.51489018663e-07, 1.14595174239e-07, 9.09886992417e-08, 8.12498086589e-08, 5.8967962957e-08, 5.53687691252e-08, 8.19685226361e-08, 5.56914301342e-08, 2.52762717423e-08, 1.9214892788e-08, 1.4885904065e-08, 1.01270689612e-08], "min": [2.71487932036e-23, 2.12257368041e-23, 5.21824507385e-24, 1.7421969426e-24, 1.03876912121e-23, 2.30368825564e-23, 3.04461844558e-23, 5.23856968064e-24, 8.89372355282e-24, 1.38009337879e-23, 9.32074658259e-24, 9.43424157875e-24, 1.19983810975e-23, 1.18471020306e-23, 3.34489330044e-24, 6.98229228023e-24, 5.32913209585e-24, 5.54695867989e-24, 1.01039434665e-23, 1.50661199518e-23, 1.77056927169e-23, 1.37002104498e-23, 1.17459361415e-23, 1.92894067148e-23, 1.91955070235e-23, 6.82610807619e-24, 5.92423969085e-24, 7.91047154334e-24, 1.02955727688e-23, 1.46967563433e-23, 1.32346515649e-23, 8.34657751757e-24, 7.29713850042e-24, 8.57290881103e-24, 1.16721003385e-23, 9.63352519835e-24, 7.95439374082e-24, 7.25403592941e-24, 1.01759735669e-23, 1.19399422816e-23], "var": [7.69508403664e-07, 2.93358652925e-06, 6.54341965856e-06, 4.13347834183e-06, 9.24858113649e-07, 5.20029914242e-07, 1.47208680801e-07, 1.14067483992e-06, 7.61548051287e-07, 3.049039492e-07, 1.87030053667e-08, 5.75406531311e-08, 1.65314418155e-07, 4.79756145921e-09, 4.92319829348e-09, 4.64128024902e-09, 2.75417644247e-09, 4.77827721834e-10, 6.53810339202e-11, 7.08453712361e-11, 5.89264401163e-11, 5.38790470572e-11, 2.25900992357e-10, 1.03576369703e-10, 1.17392040533e-09, 1.17472842565e-09, 3.58942237044e-10, 4.80030681871e-10, 1.30379895769e-09, 2.25832863521e-09, 9.33496058231e-10, 4.56516352498e-10, 3.01466046571e-10, 1.01270825059e-10, 7.47217079877e-11, 3.84413854915e-11, 4.36017819072e-11, 3.4646431557e-11, 2.02880923866e-11, 2.6086617675e-12]}, "mfcc": {"mean": [-750.720458984, 158.838012695, 29.8536548615, 28.6082363129, -0.389293700457, 3.57563328743, 1.94780349731, 7.53744220734, -4.41374063492, 1.65255701542, -5.17567586899, -5.42974615097, -5.42137718201], "cov": [[12627.6914062, -74.9382171631, 261.641967773, 1103.86572266, -125.467468262, 255.411346436, 26.3819179535, 320.350524902, -210.770690918, 367.70803833, 344.934814453, 397.78012085, 156.116226196], [-74.9382171631, 2143.87548828, -153.01373291, -66.5765075684, 170.418304443, -3.01050710678, 17.3651008606, 40.2553596497, -54.5199317932, 24.6089859009, 19.1686153412, 9.25148200989, 62.9559669495], [261.641967773, -153.01373291, 560.360534668, 276.153991699, 75.6532745361, 95.1586074829, 52.8584327698, 15.6115541458, 27.0632572174, -14.1989688873, 15.9899978638, 67.034538269, 53.8229675293], [1103.86572266, -66.5765075684, 276.153991699, 649.851013184, 164.393951416, 88.7364425659, 66.3245620728, 64.3790054321, 37.190120697, 19.3438014984, 18.0666294098, 95.7381744385, 66.9611740112], [-125.467468262, 170.418304443, 75.6532745361, 164.393951416, 273.217437744, 57.6968841553, 0.496981352568, 10.6166276932, 34.5196990967, 7.09588384628, 1.1425601244, 25.5499687195, 21.3088245392], [255.411346436, -3.01050710678, 95.1586074829, 88.7364425659, 57.6968841553, 166.813095093, 52.6226615906, -0.959081411362, 22.7351837158, 9.71955490112, 8.39910411835, 24.7954692841, 12.4418802261], [26.3819179535, 17.3651008606, 52.8584327698, 66.3245620728, 0.496981352568, 52.6226615906, 151.48336792, 48.4048919678, 6.3387503624, -15.4660787582, -11.0167541504, -1.93055999279, 8.61455345154], [320.350524902, 40.2553596497, 15.6115541458, 64.3790054321, 10.6166276932, -0.959081411362, 48.4048919678, 169.058059692, 10.9109535217, -2.00312566757, -10.8183355331, -0.514237523079, 20.2519283295], [-210.770690918, -54.5199317932, 27.0632572174, 37.190120697, 34.5196990967, 22.7351837158, 6.3387503624, 10.9109535217, 154.043533325, 34.4480667114, -4.59789896011, -23.9129314423, -27.4865016937], [367.70803833, 24.6089859009, -14.1989688873, 19.3438014984, 7.09588384628, 9.71955490112, -15.4660787582, -2.00312566757, 34.4480667114, 163.759094238, 93.1335067749, 25.6478328705, -12.0710163116], [344.934814453, 19.1686153412, 15.9899978638, 18.0666294098, 1.1425601244, 8.39910411835, -11.0167541504, -10.8183355331, -4.59789896011, 93.1335067749, 170.580245972, 68.9875106812, -1.49330222607], [397.78012085, 9.25148200989, 67.034538269, 95.7381744385, 25.5499687195, 24.7954692841, -1.93055999279, -0.514237523079, -23.9129314423, 25.6478328705, 68.9875106812, 155.480773926, 77.5729370117], [156.116226196, 62.9559669495, 53.8229675293, 66.9611740112, 21.3088245392, 12.4418802261, 8.61455345154, 20.2519283295, -27.4865016937, -12.0710163116, -1.49330222607, 77.5729370117, 148.716659546]], "icov": [[0.000130647342303, -8.49790922075e-06, 5.50327931705e-05, -0.00026583854924, 0.000251177552855, -0.000246486248216, 0.000196819979465, -0.000254446174949, 0.000266277464107, -0.000244928174652, -3.85264938814e-05, -0.000131415930809, 7.16053691576e-05], [-8.49790922075e-06, 0.000540493347216, 0.000153173459694, 0.000152767141117, -0.000500219292007, 6.66356718284e-05, -0.000182929972652, -8.59737556311e-05, 0.000222302172915, -0.000110459128337, -8.17664113129e-05, 0.000134020738187, -0.000294310390018], [5.50327931705e-05, 0.000153173459694, 0.00253013824113, -0.000947464315686, 5.8286870626e-05, -0.000906823319383, -0.00014939274115, 6.19184211246e-05, -0.000202323397389, 0.000508391007315, -0.000412669440266, -0.000249149714364, -0.000414282461861], [-0.00026583854924, 0.000152767141117, -0.000947464315686, 0.00306497141719, -0.00170777749736, 0.000436962145614, -0.00102126947604, -0.00010999271035, -0.000683449150529, 6.30755384918e-05, 0.000480760994833, -0.000825913390145, -0.000226020347327], [0.000251177552855, -0.000500219292007, 5.8286870626e-05, -0.00170777749736, 0.00557955075055, -0.0018226740649, 0.00150764221326, -0.000487565092044, -0.000434294750448, -0.000155607121997, 3.74360897695e-05, -0.000298823491903, 9.13666081033e-05], [-0.000246486248216, 6.66356718284e-05, -0.000906823319383, 0.000436962145614, -0.0018226740649, 0.00857167318463, -0.00325995101593, 0.00155598542187, -0.00115216348786, -0.000141414115205, 0.000316375662806, -0.000648484274279, -1.501049951e-08], [0.000196819979465, -0.000182929972652, -0.00014939274115, -0.00102126947604, 0.00150764221326, -0.00325995101593, 0.00910551752895, -0.00269035249949, 0.00039845550782, 0.000625527813099, -0.000264399102889, 0.000610588351265, 8.36324543343e-05], [-0.000254446174949, -8.59737556311e-05, 6.19184211246e-05, -0.00010999271035, -0.000487565092044, 0.00155598542187, -0.00269035249949, 0.0074940728955, -0.00103017163929, 0.000213519117096, 0.000285643502139, 0.000786134332884, -0.00117464619689], [0.000266277464107, 0.000222302172915, -0.000202323397389, -0.000683449150529, -0.000434294750448, -0.00115216348786, 0.00039845550782, -0.00103017163929, 0.00846700277179, -0.00285541475751, 0.00103208434302, 0.00077591126319, 0.00122192478739], [-0.000244928174652, -0.000110459128337, 0.000508391007315, 6.30755384918e-05, -0.000155607121997, -0.000141414115205, 0.000625527813099, 0.000213519117096, -0.00285541475751, 0.0104277627543, -0.00557581940666, 0.000791261671111, -8.97781210369e-05], [-3.85264938814e-05, -8.17664113129e-05, -0.000412669440266, 0.000480760994833, 3.74360897695e-05, 0.000316375662806, -0.000264399102889, 0.000285643502139, 0.00103208434302, -0.00557581940666, 0.011107493192, -0.00517048733309, 0.00249924394302], [-0.000131415930809, 0.000134020738187, -0.000249149714364, -0.000825913390145, -0.000298823491903, -0.000648484274279, 0.000610588351265, 0.000786134332884, 0.00077591126319, 0.000791261671111, -0.00517048733309, 0.0128359636292, -0.00604181084782], [7.16053691576e-05, -0.000294310390018, -0.000414282461861, -0.000226020347327, 9.13666081033e-05, -1.501049951e-08, 8.36324543343e-05, -0.00117464619689, 0.00122192478739, -8.97781210369e-05, 0.00249924394302, -0.00604181084782, 0.0105625009164]]}, "spectral_contrast_coeffs": {"dmean": [0.0404114723206, 0.0368802323937, 0.0356439165771, 0.0308892540634, 0.0247236732394, 0.0176153667271], "dmean2": [0.0652849972248, 0.0578829348087, 0.0535124689341, 0.0478888750076, 0.0365357622504, 0.0256702061743], "dvar": [0.00123453920241, 0.0010849875398, 0.000970257038716, 0.000720860203728, 0.000539570755791, 0.000280295236735], "dvar2": [0.00302921258844, 0.00253994180821, 0.00213323975913, 0.00166787393391, 0.00103042996489, 0.000550316239242], "max": [-0.251094102859, -0.375446587801, -0.369816631079, -0.523561537266, -0.555445671082, -0.543540000916], "mean": [-0.612106859684, -0.674599468708, -0.704176843166, -0.75016194582, -0.773479640484, -0.776535928249], "median": [-0.616299152374, -0.682981014252, -0.707737565041, -0.750079393387, -0.775928497314, -0.775524735451], "min": [-0.967924714088, -0.964988946915, -0.967514038086, -0.94612711668, -0.958209216595, -0.962171912193], "var": [0.00936277210712, 0.00753825809807, 0.00702081620693, 0.00407581264153, 0.00338196195662, 0.00224698265083]}, "spectral_contrast_valleys": {"dmean": [0.327499687672, 0.311033993959, 0.320443570614, 0.338576257229, 0.314473062754, 0.303153783083], "dmean2": [0.539939701557, 0.499648958445, 0.504511415958, 0.510796427727, 0.433756172657, 0.409961402416], "dvar": [0.0976375564933, 0.104001797736, 0.103324897587, 0.12029902637, 0.109719142318, 0.135232493281], "dvar2": [0.233651354909, 0.222017154098, 0.212983757257, 0.236010938883, 0.187560155988, 0.22461624443