{"lowlevel": {"average_loudness": 0.734789311886, "barkbands_crest": {"dmean": 2.63702201843, "dmean2": 4.21209192276, "dvar": 7.11270713806, "dvar2": 18.6211509705, "max": 26.6099815369, "mean": 12.9208393097, "median": 11.7676830292, "min": 2.1713809967, "var": 26.4225349426}, "barkbands_flatness_db": {"dmean": 0.0326687321067, "dmean2": 0.048423346132, "dvar": 0.00112525129225, "dvar2": 0.00260663684458, "max": 0.557235360146, "mean": 0.181136280298, "median": 0.170756921172, "min": 0.013156266883, "var": 0.00565228844061}, "barkbands_kurtosis": {"dmean": 8.75317382812, "dmean2": 13.8962802887, "dvar": 492.370422363, "dvar2": 1308.54211426, "max": 615.43182373, "mean": 14.132645607, "median": 5.98103713989, "min": -1.94262194633, "var": 902.135009766}, "barkbands_skewness": {"dmean": 0.862352967262, "dmean2": 1.31975448132, "dvar": 1.1517444849, "dvar2": 2.83524656296, "max": 20.1669063568, "mean": 2.36459088326, "median": 2.02902126312, "min": -9.55678367615, "var": 4.92003297806}, "barkbands_spread": {"dmean": 6.42219400406, "dmean2": 9.90190696716, "dvar": 92.4027557373, "dvar2": 212.766342163, "max": 93.7049255371, "mean": 17.5032901764, "median": 12.9294815063, "min": 0.263508528471, "var": 204.32723999}, "dissonance": {"dmean": 0.0210607852787, "dmean2": 0.0332780480385, "dvar": 0.00044262240408, "dvar2": 0.00107940891758, "max": 0.499942809343, "mean": 0.445774465799, "median": 0.453182637691, "min": 0.172921016812, "var": 0.00114733702503}, "dynamic_complexity": 3.43750405312, "erbbands_crest": {"dmean": 2.88750600815, "dmean2": 4.60198736191, "dvar": 7.97576236725, "dvar2": 19.9998168945, "max": 34.4940605164, "mean": 12.1253843307, "median": 10.1706867218, "min": 2.36501216888, "var": 43.3214111328}, "erbbands_flatness_db": {"dmean": 0.0277027711272, "dmean2": 0.0400280281901, "dvar": 0.000759737740736, "dvar2": 0.00169958733022, "max": 0.501539230347, "mean": 0.165194928646, "median": 0.150870412588, "min": 0.0365769378841, "var": 0.00506469979882}, "erbbands_kurtosis": {"dmean": 1.90567433834, "dmean2": 2.97761106491, "dvar": 11.711979866, "dvar2": 27.854177475, "max": 151.78553772, "mean": 2.28634738922, "median": 1.27713727951, "min": -1.90843439102, "var": 24.6086540222}, "erbbands_skewness": {"dmean": 0.512119054794, "dmean2": 0.775473535061, "dvar": 0.293323755264, "dvar2": 0.679754257202, "max": 4.85979366302, "mean": 0.492024719715, "median": 0.658792614937, "min": -6.97783565521, "var": 1.68285489082}, "erbbands_spread": {"dmean": 11.2542686462, "dmean2": 16.951543808, "dvar": 171.994430542, "dvar2": 379.759246826, "max": 128.214904785, "mean": 37.5386199951, "median": 32.704788208, "min": 0.483210802078, "var": 496.531463623}, "hfc": {"dmean": 11.1241035461, "dmean2": 17.3689479828, "dvar": 364.806274414, "dvar2": 869.14251709, "max": 212.985855103, "mean": 24.7097835541, "median": 15.0633134842, "min": 4.11017083479e-07, "var": 685.03302002}, "melbands_crest": {"dmean": 3.3753657341, "dmean2": 5.19999074936, "dvar": 14.692612648, "dvar2": 35.135684967, "max": 39.1460800171, "mean": 17.4931602478, "median": 16.7878112793, "min": 2.12936377525, "var": 41.0748138428}, "melbands_flatness_db": {"dmean": 0.0345512554049, "dmean2": 0.0497982166708, "dvar": 0.00135690334719, "dvar2": 0.00288812420331, "max": 0.697882592678, "mean": 0.260010272264, "median": 0.250813633204, "min": 0.0248729176819, "var": 0.00778919504955}, "melbands_kurtosis": {"dmean": 14.3502664566, "dmean2": 22.1080379486, "dvar": 795.861877441, "dvar2": 1780.94238281, "max": 807.017028809, "mean": 27.9826412201, "median": 14.1687965393, "min": -1.93057382107, "var": 2075.890625}, "melbands_skewness": {"dmean": 1.01245009899, "dmean2": 1.52104318142, "dvar": 1.31773161888, "dvar2": 2.94027018547, "max": 24.5751209259, "mean": 3.38119244576, "median": 2.91142344475, "min": -5.92765855789, "var": 5.74148893356}, "melbands_spread": {"dmean": 6.04282426834, "dmean2": 9.44103431702, "dvar": 96.5397338867, "dvar2": 231.278366089, "max": 172.442749023, "mean": 17.5464763641, "median": 10.2122297287, "min": 0.286821812391, "var": 290.265625}, "pitch_salience": {"dmean": 0.0762865692377, "dmean2": 0.120201386511, "dvar": 0.00540591822937, "dvar2": 0.0130923623219, "max": 0.89836204052, "mean": 0.453114360571, "median": 0.460705697536, "min": 0.0496650971472, "var": 0.0202637463808}, "silence_rate_20dB": {"dmean": 0.000613873533439, "dmean2": 0.00122787267901, "dvar": 0.000613529933617, "dvar2": 0.00163578579668, "max": 1, "mean": 0.999590814114, "median": 1, "min": 0, "var": 0.000409061380196}, "silence_rate_30dB": {"dmean": 0.0413341522217, "dmean2": 0.0826767608523, "dvar": 0.0396259389818, "dvar2": 0.0860744565725, "max": 1, "mean": 0.805524289608, "median": 1, "min": 0, "var": 0.156667456031}, "silence_rate_60dB": {"dmean": 0.00470636365935, "dmean2": 0.00941369123757, "dvar": 0.00468431971967, "dvar2": 0.0105532985181, "max": 1, "mean": 0.0239386186004, "median": 0, "min": 0, "var": 0.0233647730201}, "spectral_centroid": {"dmean": 236.953552246, "dmean2": 350.233581543, "dvar": 105475.09375, "dvar2": 210089.140625, "max": 11516.5927734, "mean": 957.735534668, "median": 788.160888672, "min": 150.052459717, "var": 313631.0625}, "spectral_complexity": {"dmean": 3.5602619648, "dmean2": 5.23953771591, "dvar": 24.7069702148, "dvar2": 45.6538085938, "max": 61, "mean": 14.1946802139, "median": 12, "min": 0, "var": 65.76197052}, "spectral_decrease": {"dmean": 5.23716137124e-09, "dmean2": 8.28410318121e-09, "dvar": 1.01181652352e-16, "dvar2": 2.7729473766e-16, "max": -1.27459744428e-16, "mean": -1.52829162658e-08, "median": -7.99375321492e-09, "min": -1.23485605741e-07, "var": 3.04499794799e-16}, "spectral_energy": {"dmean": 0.0203338395804, "dmean2": 0.0321026146412, "dvar": 0.00144757621456, "dvar2": 0.00396376196295, "max": 0.466950386763, "mean": 0.0599223673344, "median": 0.0325160361826, "min": 1.05016151331e-09, "var": 0.00441280240193}, "spectral_energyband_high": {"dmean": 0.000798540539108, "dmean2": 0.00124859204516, "dvar": 3.01487079923e-06, "dvar2": 7.22277809473e-06, "max": 0.0238499008119, "mean": 0.000900285260286, "median": 0.000254023325397, "min": 1.63400994124e-11, "var": 3.21829065797e-06}, "spectral_energyband_low": {"dmean": 0.0147942202166, "dmean2": 0.0227419789881, "dvar": 0.0008509416366, "dvar2": 0.00214255438186, "max": 0.336006432772, "mean": 0.0377032496035, "median": 0.00931877829134, "min": 8.44438147879e-12, "var": 0.00345318601467}, "spectral_energyband_middle_high": {"dmean": 0.00287069496699, "dmean2": 0.00460607744753, "dvar": 2.96263679047e-05, "dvar2": 7.58106907597e-05, "max": 0.0816973596811, "mean": 0.00689024571329, "median": 0.0016646515578, "min": 5.80716828791e-11, "var": 9.56795192906e-05}, "spectral_energyband_middle_low": {"dmean": 0.00289396941662, "dmean2": 0.0044408752583, "dvar": 1.37667857416e-05, "dvar2": 3.53573486791e-05, "max": 0.0536319054663, "mean": 0.0108442837372, "median": 0.00924223009497, "min": 5.17134980671e-11, "var": 4.71602361358e-05}, "spectral_entropy": {"dmean": 0.293715834618, "dmean2": 0.410563677549, "dvar": 0.0978121757507, "dvar2": 0.214274004102, "max": 9.79166698456, "mean": 7.31142997742, "median": 7.3497133255, "min": 4.92817401886, "var": 0.36712911725}, "spectral_flux": {"dmean": 0.0406362228096, "dmean2": 0.0654398724437, "dvar": 0.00307438964956, "dvar2": 0.00800615176558, "max": 0.617978990078, "mean": 0.0969354584813, "median": 0.078716121614, "min": 3.24061948049e-05, "var": 0.00594413746148}, "spectral_kurtosis": {"dmean": 2.71363520622, "dmean2": 4.35228776932, "dvar": 24.8128890991, "dvar2": 69.180519104, "max": 102.901023865, "mean": 6.57532262802, "median": 4.36585760117, "min": -1.1558381319, "var": 90.0380172729}, "spectral_rms": {"dmean": 0.0012062190799, "dmean2": 0.00183820968959, "dvar": 3.13504506266e-06, "dvar2": 8.08365166449e-06, "max": 0.021343883127, "mean": 0.00664371205494, "median": 0.0056323138997, "min": 1.01219950466e-06, "var": 1.43221441249e-05}, "spectral_rolloff": {"dmean": 471.451599121, "dmean2": 808.249145508, "dvar": 1721906, "dvar2": 4333003.5, "max": 13049.1210938, "mean": 1087.67700195, "median": 516.796875, "min": 21.533203125, "var": 2294117.25}, "spectral_skewness": {"dmean": 0.341614574194, "dmean2": 0.518284499645, "dvar": 0.175527870655, "dvar2": 0.457345157862, "max": 7.62471818924, "mean": 1.9028468132, "median": 1.81504356861, "min": -0.0410499125719, "var": 0.50902146101}, "spectral_spread": {"dmean": 988699.5625, "dmean2": 1481177.125, "dvar": 1530458275840.0, "dvar2": 3427208527870.0, "max": 39677396, "mean": 5280915, "median": 5183518.5, "min": 688507.75, "var": 3731518914560.0}, "spectral_strongpeak": {"dmean": 0.687364041805, "dmean2": 1.16491103172, "dvar": 2.75037789345, "dvar2": 6.70096445084, "max": 25.5773620605, "mean": 1.35405933857, "median": 0.651077449322, "min": 0, "var": 5.47912359238}, "zerocrossingrate": {"dmean": 0.0120232887566, "dmean2": 0.014407819137, "dvar": 0.000268215371761, "dvar2": 0.000369981251424, "max": 0.34375, "mean": 0.0477456152439, "median": 0.0390625, "min": 0.0009765625, "var": 0.00135604827665}, "barkbands": {"dmean": [0.00912189297378, 0.00988951604813, 0.00300383660942, 0.000595430843532, 0.0014915909851, 0.00115331809502, 0.000737760041375, 0.000207732562558, 0.000203655421501, 0.000189008933376, 0.000640655576717, 0.000508468190674, 0.000241363712121, 0.000684950384311, 0.00109270319808, 0.000245458621066, 0.000101233395981, 9.92283094092e-05, 9.99346884782e-05, 0.000103514073999, 0.000103921207483, 9.76664887276e-05, 0.000138358969707, 0.000177504305611, 0.000157257818501, 9.21526443562e-05, 3.59917394235e-05], "dmean2": [0.01536940597, 0.014822313562, 0.00461184838787, 0.00104729377199, 0.00239869486541, 0.00164137315005, 0.000998670118861, 0.000292021897621, 0.00029310057289, 0.000273391691735, 0.000988228828646, 0.00083437259309, 0.00038931297604, 0.00116771936882, 0.00182402937207, 0.00039827870205, 0.00015762525436, 0.000159135146532, 0.000159349976457, 0.000160702606081, 0.000151143467519, 0.000150765074068, 0.000222915245104, 0.000287342525553, 0.000252545985859, 0.000147348211613, 6.45042018732e-05], "dvar": [0.000976154929958, 0.00049192312872, 5.15794090461e-05, 1.92586685444e-06, 6.94096797815e-06, 1.58551415552e-06, 9.07922583337e-07, 8.44894927354e-08, 1.13238272093e-07, 8.58766142642e-08, 4.61987428935e-06, 3.59659702553e-06, 7.88558338627e-07, 6.13394968241e-06, 1.54299286805e-05, 1.29120314796e-06, 8.75474697182e-08, 6.01432930125e-08, 9.65999333857e-08, 9.5100666897e-08, 5.7275617138e-08, 5.11856868002e-08, 1.06503975417e-07, 1.71738903987e-07, 1.52928578245e-07, 6.9768951505e-08, 2.04479047028e-08], "dvar2": [0.00272927503102, 0.0011776573956, 0.000114678601676, 5.3784051488e-06, 1.78433547262e-05, 3.73659281649e-06, 1.80229164926e-06, 2.22679204853e-07, 2.7632546562e-07, 2.05381667229e-07, 1.1017844372e-05, 9.02036481421e-06, 1.58728175848e-06, 1.74472625076e-05, 4.06878534704e-05, 3.28654277837e-06, 1.80084526846e-07, 1.47584600541e-07, 2.39551866343e-07, 2.22536471028e-07, 1.31883297172e-07, 1.2568310126e-07, 2.65355595275e-07, 4.25724095976e-07, 3.72257829895e-07, 1.66754119846e-07, 5.76191752089e-08], "max": [0.41858279705, 0.324689358473, 0.178218856454, 0.0175216980278, 0.0378097966313, 0.0249628145248, 0.0186546295881, 0.00419697025791, 0.00566421728581, 0.00578133668751, 0.0393332131207, 0.0330597087741, 0.0258819516748, 0.0396784469485, 0.0802816227078, 0.0329865962267, 0.00881203450263, 0.00309097394347, 0.00553084444255, 0.00458340952173, 0.00435279496014, 0.00384281086735, 0.00463245296851, 0.00574374524876, 0.00561236217618, 0.0037216458004, 0.00170601822902], "mean": [0.00878307595849, 0.0257216561586, 0.00688342703506, 0.000788668869063, 0.00337625411339, 0.00373917561956, 0.00191941380035, 0.000434400688391, 0.000380492332624, 0.000351989932824, 0.000956946460065, 0.000895473465789, 0.000379187695216, 0.00119452399667, 0.00220813928172, 0.000579472689424, 0.000133471403387, 0.000125762220705, 0.000116229719424, 0.00012141004845, 0.000148301842273, 0.000111047644168, 0.000135160313221, 0.00018817804812, 0.000143010736792, 8.25871175039e-05, 2.49809672823e-05], "median": [0.000801118439995, 0.00421852618456, 0.00102487928234, 8.03665534477e-05, 0.00197613285854, 0.00318599608727, 0.00119722692762, 0.000297305261483, 0.000252995145274, 0.000244272290729, 0.000178222893737, 0.000125953927636, 8.69188152137e-05, 9.44789135247e-05, 9.69073153101e-05, 4.46041703981e-05, 4.58629474451e-05, 4.42527489213e-05, 3.40033620887e-05, 3.49015790562e-05, 4.60421397293e-05, 3.46556807926e-05, 2.80653021036e-05, 4.15937465732e-05, 2.63032907242e-05, 1.22991750686e-05, 2.1558453227e-06], "min": [5.88303711302e-13, 1.69194053299e-12, 2.92896523008e-12, 6.3283701196e-12, 4.00369624606e-12, 1.04778477561e-11, 2.65347743778e-11, 2.48720553701e-12, 1.80213049344e-12, 2.23608634321e-13, 1.18551338451e-12, 3.84253436361e-12, 2.67468902929e-12, 3.45109596282e-12, 3.88262599155e-12, 4.12540617986e-12, 6.69885425342e-13, 1.13699566255e-12, 7.89363854229e-13, 1.19410026572e-12, 1.57238664363e-12, 1.43285893133e-12, 1.9495401387e-12, 1.92623152671e-12, 1.9905346902e-12, 2.08816579479e-12, 2.46517194678e-12], "var": [0.000976764713414, 0.00227379915304, 0.000273137411568, 2.80510471384e-06, 1.69484228536e-05, 7.84377698437e-06, 4.31443186244e-06, 1.93615107946e-07, 1.96818959353e-07, 1.53621897425e-07, 8.39718632051e-06, 9.22992057895e-06, 2.18241962102e-06, 1.59197425091e-05, 4.35711845057e-05, 6.83818234393e-06, 1.13708701122e-07, 6.55683010109e-08, 9.27738383893e-08, 1.01559855636e-07, 9.16992277666e-08, 5.31651380697e-08, 1.00088186628e-07, 1.78233747761e-07, 1.41277070043e-07, 6.53670610973e-08, 1.23724914758e-08]}, "erbbands": {"dmean": [0.299428880215, 2.31374120712, 4.19432687759, 2.2438955307, 2.35574102402, 6.11648178101, 10.896396637, 7.83312225342, 11.2386398315, 6.75128746033, 5.6729631424, 4.39654350281, 5.87917900085, 9.54770469666, 26.5055141449, 19.2183952332, 10.8592386246, 34.7068786621, 43.4177474976, 33.8961029053, 10.1461553574, 5.23689746857, 5.47478437424, 4.72799062729, 5.47648715973, 4.74206495285, 4.29886054993, 3.99923157692, 3.13974523544, 4.17922925949, 3.95477390289, 3.92720007896, 2.89040255547, 2.0874080658, 0.83476549387, 0.432421714067, 0.150606840849, 0.0402886644006, 0.00751808611676, 0.000313490629196], "dmean2": [0.457180529833, 3.48060655594, 6.31794595718, 3.75465536118, 3.91158986092, 9.88698387146, 16.9735679626, 10.1828784943, 15.0941972733, 9.04909133911, 8.25212192535, 6.32511997223, 8.23209285736, 14.4251413345, 41.8857841492, 31.7858390808, 17.2736949921, 58.9551010132, 72.7919616699, 55.0215148926, 16.7751426697, 7.9991645813, 8.8621263504, 7.37016868591, 8.83122253418, 7.35845947266, 6.61505508423, 5.67671489716, 4.79657363892, 6.4692864418, 6.45989370346, 6.29519271851, 4.66495800018, 3.30985999107, 1.36572945118, 0.69115036726, 0.245480537415, 0.0677240118384, 0.0133850537241, 0.000564865302294], "dvar": [0.439621686935, 31.760099411, 97.0916366577, 24.7961559296, 21.1083221436, 129.898117065, 198.816650391, 93.3860473633, 185.962753296, 106.047065735, 74.7972335815, 66.6435775757, 63.6119537354, 762.056152344, 8652.99902344, 5566.67871094, 1312.92224121, 16040.4042969, 26224.6464844, 13619.6894531, 1700.85998535, 136.010803223, 181.078674316, 187.839797974, 325.166259766, 180.959365845, 130.34135437, 73.6500167847, 51.6856803894, 86.7065582275, 90.5786743164, 81.1328811646, 48.7431678772, 29.622625351, 3.96500325203, 1.59461259842, 0.171939209104, 0.0156385619193, 0.00101499236189, 1.77985191385e-06], "dvar2": [1.01532971859, 74.6811141968, 216.872024536, 66.668182373, 54.2641983032, 326.207000732, 555.152099609, 163.359222412, 416.675537109, 201.989807129, 204.638671875, 159.323150635, 123.740150452, 1837.1953125, 21985.2890625, 14209.7841797, 2868.01123047, 46160.9648438, 73698.7265625, 33588.53125, 4619.59472656, 294.922637939, 452.372344971, 443.260620117, 808.915710449, 414.067871094, 313.994659424, 157.462402344, 127.432594299, 206.087188721, 231.63079834, 196.947463989, 121.558181763, 70.9199752808, 10.2627563477, 3.7348754406, 0.430515438318, 0.0401545837522, 0.00286277662963, 5.05628031533e-06], "max": [8.50423908234, 85.1426544189, 234.996917725, 71.24609375, 96.8169174194, 178.987457275, 223.859085083, 252.210906982, 258.108886719, 227.45098877, 144.25819397, 153.744506836, 172.787460327, 938.499450684, 2047.91308594, 1519.05822754, 1259.01403809, 2240.30004883, 3230.38671875, 2461.70043945, 1594.96032715, 236.892333984, 167.629989624, 161.787353516, 283.092254639, 186.606155396, 200.105926514, 148.022384644, 101.624176025, 150.357589722, 145.981140137, 125.814941406, 92.7677230835, 81.9467086792, 16.9903049469, 21.5829143524, 4.31843185425, 1.56075501442, 0.365435600281, 0.0157271716744], "mean": [0.608098506927, 6.20498991013, 10.5361242294, 4.0922627449, 4.69207143784, 13.328912735, 26.436624527, 27.0413455963, 31.3697834015, 16.5156726837, 11.458990097, 8.57216453552, 11.4164438248, 16.5375518799, 43.5819740295, 35.6998748779, 20.0202198029, 68.8802261353, 91.2856369019, 68.0951690674, 27.086227417, 8.08577537537, 6.75275278091, 6.25763368607, 6.17282629013, 5.60570955276, 4.86559486389, 6.31354665756, 3.86910414696, 4.53872823715, 3.77832269669, 4.38441038132, 2.82253885269, 1.92525076866, 0.727095067501, 0.387354254723, 0.127175822854, 0.0353635214269, 0.0053590205498, 0.00027066381881], "median": [0.0855890214443, 0.772507369518, 1.52818191051, 0.727361142635, 1.42792952061, 7.64247369766, 21.3096981049, 20.1599559784, 22.321603775, 9.332072258, 8.08503055573, 5.68053102493, 7.71649551392, 7.09450721741, 4.96457672119, 5.84240245819, 4.89413928986, 6.07977962494, 5.35464334488, 5.40919733047, 3.08377385139, 2.70654654503, 2.52569103241, 2.05281996727, 1.76537311077, 1.59718835354, 1.43694162369, 1.82880282402, 1.22812747955, 1.2323628664, 0.816703677177, 0.95217114687, 0.60429006815, 0.347483456135, 0.129032194614, 0.0586073547602, 0.0181354712695, 0.00464691640809, 0.00049956748262, 8.08681870694e-05], "min": [1.03080911862e-10, 2.19582449446e-10, 2.19336371288e-09, 1.42685063764e-08, 2.13524593562e-08, 9.0196188296e-09, 2.67385544817e-08, 1.11155550542e-07, 3.59938809424e-07, 2.12579109871e-07, 7.31068041659e-08, 3.70103556691e-08, 1.20571819195e-08, 4.93758172126e-08, 7.00716000779e-08, 1.98582782218e-07, 1.20687502658e-07, 2.94923808042e-07, 2.34092553342e-07, 2.20514095872e-07, 2.22694353624e-07, 2.02111323233e-07, 8.60181899043e-08, 5.44982263762e-08, 6.27633980343e-08, 6.39584882833e-08, 6.46119104886e-08, 7.53846123303e-08, 4.83242779126e-08, 5.84317163543e-08, 5.42046869612e-08, 4.12257676885e-08, 3.17226174218e-08, 2.24272600491e-08, 1.39447164926e-08, 7.76750930243e-09, 4.1754875113e-09, 1.42969647232e-09, 3.57086471503e-10, 3.59299603958e-11], "var": [1.29682958126, 147.544036865, 510.591552734, 59.3742523193, 79.0602264404, 346.721496582, 458.92010498, 671.501464844, 898.118164062, 439.974121094, 133.825637817, 107.454322815, 162.111907959, 1197.63720703, 18664.0332031, 14331.3808594, 3627.76513672, 50457.5351562, 78450.5859375, 38571.8046875, 14228.0332031, 301.131011963, 188.053543091, 206.622711182, 300.975128174, 200.594238281, 134.811431885, 183.069915771, 56.8654403687, 91.4640045166, 79.9140319824, 98.0969467163, 44.9559059143, 28.4156932831, 3.26309609413, 1.49254417419, 0.143882200122, 0.0132217770442, 0.000618562742602, 1.05234300918e-06]}, "gfcc": {"mean": [-8.14039897919, 87.4332962036, -93.5545654297, 15.2870912552, -58.3504905701, 10.3468484879, -43.1740379333, -0.363649755716, -15.3383970261, 10.6861562729, -4.51042222977, 8.0948677063, -0.72156727314], "cov": [[9672.88476562, -2173.68286133, 879.429199219, 1043.14196777, -262.721496582, 1027.31384277, 497.96685791, 519.298095703, -397.438049316, 108.808433533, -9.34741210938, 68.4377441406, -493.699035645], [-2173.68286133, 1950.04455566, -31.9685993195, -19.9704532623, 518.63848877, -41.4471321106, 123.219535828, -127.872940063, 216.363265991, -76.1374130249, 19.6785030365, -184.337142944, 141.763916016], [879.429199219, -31.9685993195, 1224.60412598, 543.62677002, 274.194671631, 459.272155762, 325.216339111, 279.150848389, 46.5734901428, 33.4684753418, -4.71322059631, 28.4516582489, -138.331466675], [1043.14196777, -19.9704532623, 543.62677002, 697.54864502, 211.148956299, 377.753631592, 191.446914673, 175.532669067, 18.1023921967, 11.3902788162, -16.2352714539, -69.5198364258, -77.4665756226], [-262.721496582, 518.63848877, 274.194671631, 211.148956299, 655.260559082, 232.94039917, 46.5641212463, -20.6815452576, 156.102172852, 29.2250289917, -74.3820495605, -129.796127319, 4.81216192245], [1027.31384277, -41.4471321106, 459.272155762, 377.753631592, 232.94039917, 468.882507324, 206.809387207, 132.052230835, 25.149394989, 60.411365509, 15.1719961166, -36.6920928955, -98.2966384888], [497.96685791, 123.219535828, 325.216339111, 191.446914673, 46.5641212463, 206.809387207, 338.827087402, 137.234832764, -32.1655731201, 14.8074960709, 91.3311004639, 44.5612831116, -79.1376113892], [519.298095703, -127.872940063, 279.150848389, 175.532669067, -20.6815452576, 132.052230835, 137.234832764, 186.109146118, 1.33291494846, 13.049747467, 26.8400020599, 42.7294044495, -39.679233551], [-397.438049316, 216.363265991, 46.5734901428, 18.1023921967, 156.102172852, 25.149394989, -32.1655731201, 1.33291494846, 191.287734985, 64.1866912842, -25.7878189087, -48.5172157288, 51.8941345215], [108.808433533, -76.1374130249, 33.4684753418, 11.3902788162, 29.2250289917, 60.411365509, 14.8074960709, 13.049747467, 64.1866912842, 128.418029785, 42.5676727295, -3.82368993759, -15.6352024078], [-9.34741210938, 19.6785030365, -4.71322059631, -16.2352714539, -74.3820495605, 15.1719961166, 91.3311004639, 26.8400020599, -25.7878189087, 42.5676727295, 135.730041504, 60.1816215515, -21.069890976], [68.4377441406, -184.337142944, 28.4516582489, -69.5198364258, -129.796127319, -36.6920928955, 44.5612831116, 42.7294044495, -48.5172157288, -3.82368993759, 60.1816215515, 140.67137146, 11.8543195724], [-493.699035645, 141.763916016, -138.331466675, -77.4665756226, 4.81216192245, -98.2966384888, -79.1376113892, -39.679233551, 51.8941345215, -15.6352024078, -21.069890976, 11.8543195724, 127.332145691]], "icov": [[0.000229756813496, 0.000184654534678, 0.00013205994037, -0.000132309098262, 5.46758965356e-05, -0.000367770844605, -0.000162169075338, -0.000198379231733, 0.000247852411121, -0.000100013101473, 0.000292765471386, 4.23100718763e-05, 0.000230845806072], [0.000184654534678, 0.00162092596292, -0.000106873812911, 0.000217710068682, -0.00076423259452, 0.000298197293887, -0.00158434698824, 0.000691064051352, -0.00103452941403, 0.00198482931592, -0.00184771930799, 0.00243786722422, -0.00144995760638], [0.00013205994037, -0.000106873812911, 0.00219781696796, -0.000842021894641, -0.000369695510017, -0.000748437829316, -0.000472132465802, -0.00147889589425, -0.000442443677457, -0.000196031323867, 0.00164229271468, -0.00201504351571, 0.00180392595939], [-0.000132309098262, 0.000217710068682, -0.000842021894641, 0.00359966326505, -0.000243490896537, -0.00140467728488, -7.34378918423e-05, -0.00151988491416, 0.000382632424589, 0.00108674960211, -0.00108160020318, 0.00294769066386, -0.00155050121248], [5.46758965356e-05, -0.00076423259452, -0.000369695510017, -0.000243490896537, 0.00356652401388, -0.0017485183198, 0.000175917157321, 0.00146829301957, -0.00127241713926, -0.000441379204858, 0.00175091845449, 3.02417884086e-05, 0.000346656015608], [-0.000367770844605, 0.000298197293887, -0.000748437829316, -0.00140467728488, -0.0017485183198, 0.00687528867275, -0.00178507738747, 1.87606201507e-06, -3.48034700437e-05, -0.00149199657608, -0.000686617626343, 0.000973676564172, 0.000465860619443], [-0.000162169075338, -0.00158434698824, -0.000472132465802, -7.34378918423e-05, 0.000175917157321, -0.00178507738747, 0.0084912981838, -0.00331574096344, 0.00143184675835, -6.4601052145e-05, -0.00277800206095, -0.00246383575723, 0.00261522689834], [-0.000198379231733, 0.000691064051352, -0.00147889589425, -0.00151988491416, 0.00146829301957, 1.87606201507e-06, -0.00331574096344, 0.0129970544949, -0.00349201331846, 0.0015204338124, -0.000167599966517, -0.00205311924219, -0.000361254176823], [0.000247852411121, -0.00103452941403, -0.000442443677457, 0.000382632424589, -0.00127241713926, -3.48034700437e-05, 0.00143184675835, -0.00349201331846, 0.0129939001054, -0.00816960074008, 0.00288114021532, 0.00161430996377, -0.00428451504558], [-0.000100013101473, 0.00198482931592, -0.000196031323867, 0.00108674960211, -0.000441379204858, -0.00149199657608, -6.4601052145e-05, 0.0015204338124, -0.00816960074008, 0.0168028529733, -0.00864468049258, 0.00325781479478, 0.000808182579931], [0.000292765471386, -0.00184771930799, 0.00164229271468, -0.00108160020318, 0.00175091845449, -0.000686617626343, -0.00277800206095, -0.000167599966517, 0.00288114021532, -0.00864468049258, 0.0179947987199, -0.00829414371401, 0.00345751270652], [4.23100718763e-05, 0.00243786722422, -0.00201504351571, 0.00294769066386, 3.02417884086e-05, 0.000973676564172, -0.00246383575723, -0.00205311924219, 0.00161430996377, 0.00325781479478, -0.00829414371401, 0.0186786819249, -0.00773575808853], [0.000230845806072, -0.00144995760638, 0.00180392595939, -0.00155050121248, 0.000346656015608, 0.000465860619443, 0.00261522689834, -0.000361254176823, -0.00428451504558, 0.000808182579931, 0.00345751270652, -0.00773575808853, 0.0163762997836]]}, "melbands": {"dmean": [0.00306991720572, 0.00249838875607, 0.000384750368539, 0.000276158272754, 0.000353539886419, 0.000191387822269, 0.000165840960108, 6.41267397441e-05, 5.21541005583e-05, 2.59552398347e-05, 2.93503908324e-05, 3.42572238878e-05, 8.70554213179e-05, 7.15777787264e-05, 2.40751269303e-05, 3.82449034078e-05, 6.66755295242e-05, 5.86095447943e-05, 9.16723292903e-05, 2.14783049159e-05, 1.05066937977e-05, 5.47081572222e-06, 5.40375003766e-06, 4.70890881843e-06, 3.73111083718e-06, 4.43410908701e-06, 3.43830538441e-06, 3.23001154356e-06, 2.95974382425e-06, 2.19980233851e-06, 2.57275178228e-06, 1.71380258962e-06, 2.07196308111e-06, 2.4543253403e-06, 2.36662003772e-06, 2.09720360544e-06, 2.75420325124e-06, 2.08671644941e-06, 2.01362468033e-06, 1.68080089225e-06], "dmean2": [0.00470492197201, 0.00375394499861, 0.000638392171822, 0.000447111175163, 0.000551860895939, 0.000256319064647, 0.000220591813559, 8.48360359669e-05, 7.60875991546e-05, 3.69726985809e-05, 4.11350956711e-05, 5.1944542065e-05, 0.000136933580507, 0.000117761788715, 3.91783796658e-05, 6.13521042396e-05, 0.000113540692837, 9.76994560915e-05, 0.000150132415001, 3.38855861628e-05, 1.71924930328e-05, 8.30725821288e-06, 8.75169462233e-06, 7.56516828915e-06, 5.83269456911e-06, 7.22635058992e-06, 5.50396271137e-06, 5.04467789142e-06, 4.62865546069e-06, 3.34332844432e-06, 3.58478814633e-06, 2.69378870144e-06, 3.19283890349e-06, 3.87800628232e-06, 3.96186669605e-06, 3.39843404618e-06, 4.42732834927e-06, 3.41192821907e-06, 3.22106416206e-06, 2.68165376838e-06], "dvar": [4.13668349211e-05, 3.35707991326e-05, 6.71474595038e-07, 2.41291786551e-07, 2.56968121448e-07, 4.71354084652e-08, 3.96965340599e-08, 8.5045934739e-09, 6.46172537699e-09, 2.27436092182e-09, 1.59096869012e-09, 1.00029531325e-08, 9.32280030952e-08, 7.06107314841e-08, 5.37282707214e-09, 1.75943295488e-08, 6.22644620307e-08, 6.12372801356e-08, 1.19951010902e-07, 1.00643955392e-08, 2.01961736224e-09, 1.78160500242e-10, 1.57872756534e-10, 1.52726373215e-10, 1.19699097856e-10, 2.32863173188e-10, 1.08117487185e-10, 8.58122253811e-11, 6.58611706839e-11, 3.22550666731e-11, 3.08892737777e-11, 1.65345237502e-11, 2.6591414834e-11, 3.05090328001e-11, 3.54277267245e-11, 2.96419208623e-11, 4.60443454198e-11, 2.83365032827e-11, 2.76902407254e-11, 2.13901795582e-11], "dvar2": [9.87418243312e-05, 7.87434837548e-05, 1.79436403869e-06, 6.11195730471e-07, 6.90774015766e-07, 8.95433842629e-08, 8.36704572293e-08, 1.62079398791e-08, 1.77240089272e-08, 5.29486188228e-09, 3.15011772223e-09, 2.44707578645e-08, 2.26473076737e-07, 1.7942851116e-07, 1.24317987016e-08, 4.27908695144e-08, 1.78584272703e-07, 1.73386268898e-07, 3.05293269776e-07, 2.39342821118e-08, 5.5024522716e-09, 3.40917433173e-10, 3.87705589855e-10, 3.80931924893e-10, 2.80389461649e-10, 5.89299720133e-10, 2.57462995368e-10, 1.95763669164e-10, 1.60597937726e-10, 7.59854332233e-11, 5.8463414665e-11, 4.13905368313e-11, 6.53237117176e-11, 7.34573096794e-11, 9.22770540535e-11, 7.39621489054e-11, 1.11333428587e-10, 7.15444994914e-11, 6.80759129623e-11, 4.96085950097e-11], "max": [0.0860115587711, 0.102300159633, 0.0114326681942, 0.00805497635156, 0.00738042965531, 0.00494822300971, 0.003550772788, 0.00202253647149, 0.00139131653123, 0.000881091109477, 0.000846768263727, 0.00346061075106, 0.00573518872261, 0.00487009994686, 0.00187878019642, 0.00346473441459, 0.00494944676757, 0.00484698219225, 0.00835048779845, 0.00321549852379, 0.00190380145796, 0.000346389686456, 0.000143953133374, 0.000153030690853, 0.000135436348501, 0.000253572594374, 0.000147551501868, 0.000131407621666, 0.000132027140353, 0.000117070412671, 0.000133402776555, 4.68463258585e-05, 9.90627304418e-05, 8.24606322567e-05, 7.84158692113e-05, 9.26762659219e-05, 9.76573501248e-05, 7.99450135673e-05, 8.70542644407e-05, 7.59599133744e-05], "mean": [0.007079558447, 0.00678637810051, 0.000754526001401, 0.000603023625445, 0.000877741957083, 0.000660563877318, 0.000461918214569, 0.000150828564074, 9.70629262156e-05, 5.00735332025e-05, 5.46117444173e-05, 5.59157851967e-05, 0.000133082561661, 0.000131410954054, 3.8900085201e-05, 6.60909499857e-05, 0.000127118633827, 0.000114799659059, 0.000171718900674, 4.67257486889e-05, 2.5799157811e-05, 7.72355724621e-06, 6.39274185232e-06, 5.87887188885e-06, 4.88393607156e-06, 4.80352855448e-06, 3.89827346226e-06, 3.72004069504e-06, 3.1719969229e-06, 2.55333998211e-06, 4.32662500316e-06, 1.91379899661e-06, 2.27924624596e-06, 2.56130238085e-06, 2.18636250793e-06, 1.98153497877e-06, 3.18800903187e-06, 1.98501561499e-06, 1.82189921816e-06, 1.54892109094e-06], "median": [0.00117189716548, 0.00100731046405, 0.0001504765969, 0.000291727279546, 0.000700048985891, 0.000537832151167, 0.000330412527546, 8.57761624502e-05, 6.50983347441e-05, 3.21726001857e-05, 3.60046797141e-05, 2.7111498639e-05, 1.80794959306e-05, 1.364698619e-05, 1.27312841869e-05, 8.97499194252e-06, 9.53688959271e-06, 6.48117247692e-06, 7.96003496362e-06, 4.16091643274e-06, 2.73811292573e-06, 2.58919317275e-06, 2.25511189456e-06, 1.9452613742e-06, 1.54027452481e-06, 1.28839121771e-06, 1.13449971195e-06, 9.83589643511e-07, 8.3090588987e-07, 7.81656410709e-07, 1.04024400116e-06, 5.7880794202e-07, 6.52195353723e-07, 6.56693998735e-07, 4.42328627059e-07, 3.61229467671e-07, 6.37834830286e-07, 3.89502218923e-07, 3.37614153523e-07, 2.64636241809e-07], "min": [7.01139558738e-13, 8.2438342177e-13, 2.74947057309e-12, 1.11991644257e-12, 7.42750099706e-13, 2.53814135508e-12, 5.56913326219e-12, 1.80028019402e-12, 5.8053719167e-13, 1.92364611111e-13, 5.11296869643e-14, 9.75506364597e-14, 1.83934600407e-13, 4.73734604062e-13, 3.28117903941e-13, 2.54646645567e-13, 2.44904059055e-13, 3.88817070988e-13, 2.6648334147e-13, 3.06703501571e-13, 2.51398782434e-13, 8.60428739434e-14, 3.92270986744e-14, 5.71908582232e-14, 2.60183110408e-14, 3.50346955494e-14, 2.853877616e-14, 1.60013332879e-14, 3.23824998663e-14, 3.57209006569e-14, 3.64509414135e-14, 1.9985832176e-14, 2.12162915274e-14, 2.97605873051e-14, 3.00624766237e-14, 2.78834504856e-14, 2.4150574593e-14, 2.17335355848e-14, 2.20158652187e-14, 1.75707430376e-14], "var": [0.000154822628247, 0.000159668910783, 1.92060133486e-06, 7.66621553794e-07, 5.51798336801e-07, 3.04509597981e-07, 1.94827691757e-07, 3.60109631004e-08, 1.08781650354e-08, 3.90055188149e-09, 3.90896870428e-09, 1.41735769787e-08, 1.8273649971e-07, 2.00673056838e-07, 9.86501991207e-09, 5.30187485026e-08, 1.90384596976e-07, 1.65126039064e-07, 3.01648299228e-07, 4.09338625218e-08, 1.77886843034e-08, 3.5457892178e-10, 1.77054246264e-10, 1.55721269213e-10, 1.33794461621e-10, 2.0655135935e-10, 1.10280631849e-10, 9.43091993388e-11, 6.491963217e-11, 3.58853641247e-11, 1.16041315446e-10, 1.67325407002e-11, 2.65281234479e-11, 3.07939437838e-11, 2.94025845338e-11, 2.71562754922e-11, 6.43220615659e-11, 2.48539539643e-11, 2.49488121135e-11, 2.15878790538e-11]}, "mfcc": {"mean": [-659.532592773, 125.833595276, 19.5636806488, 10.4346923828, 5.50229310989, 5.24932289124, -6.57937717438, -6.88966178894, -5.50819158554, -0.701209306717, -0.966692149639, 1.45343005657, 3.90959310532], "cov": [[6239.21630859, -803.289672852, 441.112640381, 238.588058472, 311.911651611, 459.239715576, 583.281433105, 364.501251221, 80.933631897, 123.214141846, 178.412597656, 189.158355713, -1.02948284149], [-803.289672852, 1367.73413086, -111.783714294, 32.3768081665, 61.0543518066, 81.3094711304, -1.25844419003, 8.66900634766, 80.1517562866, 65.4490280151, -14.6346111298, -15.2199325562, 36.5208892822], [441.112640381, -111.783714294, 895.495483398, 327.806365967, 231.605041504, 237.921585083, 294.863037109, 292.4090271, 153.979263306, 96.3012008667, 117.600448608, 109.614433289, 8.82093238831], [238.588058472, 32.3768081665, 327.806365967, 383.095825195, 208.798187256, 177.40234375, 175.102859497, 147.938201904, 104.565643311, 91.8613891602, 33.049571991, 42.111869812, 11.6652288437], [311.911651611, 61.0543518066, 231.605041504, 208.798187256, 463.857391357, 274.831665039, 83.3893280029, 64.786819458, 157.012145996, 144.937713623, 6.48424291611, -29.786190033, 3.84008646011], [459.239715576, 81.3094711304, 237.921585083, 177.40234375, 274.831665039, 357.433319092, 200.850296021, 112.82144165, 101.63697052, 128.356399536, 69.1846389771, 44.916633606, 21.1604232788], [583.281433105, -1.25844419003, 294.863037109, 175.102859497, 83.3893280029, 200.850296021, 349.111755371, 211.31867981, 33.620929718, 31.6648826599, 90.5363311768, 114.421409607, 29.0300502777], [364.501251221, 8.66900634766, 292.4090271, 147.938201904, 64.786819458, 112.82144165, 211.31867981, 243.076477051, 68.8715667725, 14.9654569626, 44.3240203857, 82.1468505859, 39.9632606506], [80.933631897, 80.1517562866, 153.979263306, 104.565643311, 157.012145996, 101.63697052, 33.620929718, 68.8715667725, 170.761444092, 82.2698516846, -0.800146400928, -6.81382846832, 14.539182663], [123.214141846, 65.4490280151, 96.3012008667, 91.8613891602, 144.937713623, 128.356399536, 31.6648826599, 14.9654569626, 82.2698516846, 177.240722656, 56.019203186, -7.22776079178, 9.65768718719], [178.412597656, -14.6346111298, 117.600448608, 33.049571991, 6.48424291611, 69.1846389771, 90.5363311768, 44.3240203857, -0.800146400928, 56.019203186, 145.241592407, 72.9536361694, -10.0339708328], [189.158355713, -15.2199325562, 109.614433289, 42.111869812, -29.786190033, 44.916633606, 114.421409607, 82.1468505859, -6.81382846832, -7.22776079178, 72.9536361694, 133.582061768, 40.2079238892], [-1.02948284149, 36.5208892822, 8.82093238831, 11.6652288437, 3.84008646011, 21.1604232788, 29.0300502777, 39.9632606506, 14.539182663, 9.65768718719, -10.0339708328, 40.2079238892, 107.809280396]], "icov": [[0.000223514434765, 0.000149312167196, 0.000100440272945, 0.000100795055914, -9.85801088973e-05, -9.70962937572e-05, -0.00029294542037, -0.000180300354259, -9.06193508854e-06, -0.00012208672706, 4.33609093307e-05, -0.000120708966278, 0.000161928997841], [0.000149312167196, 0.000900175247807, 0.000333107425831, -2.3922733817e-05, 8.53244273458e-05, -0.00031870015664, -0.0001401763584, -0.000253751757555, -0.000436086178524, -0.000201577378903, 3.00275842164e-05, -5.29403450855e-06, -5.52199453523e-05], [0.000100440272945, 0.000333107425831, 0.00257148151286, -0.000872847856954, -0.000446697551524, 9.06277546164e-06, -0.000170545143192, -0.00204429356381, -0.000854806392454, 0.00010889051191, -0.00107248849235, -0.000304062152281, 0.00070911552757], [0.000100795055914, -2.3922733817e-05, -0.000872847856954, 0.00520947622135, -0.00136066717096, 0.000383816251997, -0.00147914036643, -0.000760266557336, -0.000116209295811, -0.00168315693736, 0.00165580050088, -0.00103455921635, 0.000876449455973], [-9.85801088973e-05, 8.53244273458e-05, -0.000446697551524, -0.00136066717096, 0.00617783656344, -0.00412434898317, 0.00122169172391, 0.000635909207631, -0.00212282966822, -0.000599044258706, 0.00094268063549, 0.00161488330923, 4.11145219914e-06], [-9.70962937572e-05, -0.00031870015664, 9.06277546164e-06, 0.000383816251997, -0.00412434898317, 0.00921085756272, -0.00444139027968, 0.00120638054796, -0.000217980763409, -0.00233570835553, -0.000607702299021, -0.000661121448502, -0.000418808573158], [-0.00029294542037, -0.0001401763584, -0.000170545143192, -0.00147914036643, 0.00122169172391, -0.00444139027968, 0.0107534853742, -0.00597990583628, 0.00240445462987, 0.00112218840513, -0.00137441069819, -0.00199738214724, 0.000560179236345], [-0.000180300354259, -0.000253751757555, -0.00204429356381, -0.000760266557336, 0.000635909207631, 0.00120638054796, -0.00597990583628, 0.0133129730821, -0.00372793385759, 0.00194633752108, 0.000529067590833, -0.000781844020821, -0.00258113653399], [-9.06193508854e-06, -0.000436086178524, -0.000854806392454, -0.000116209295811, -0.00212282966822, -0.000217980763409, 0.00240445462987, -0.00372793385759, 0.0117934085429, -0.00371104665101, 0.00217776116915, -0.000296029436868, 0.000138058763696], [-0.00012208672706, -0.000201577378903, 0.00010889051191, -0.00168315693736, -0.000599044258706, -0.00233570835553, 0.00112218840513, 0.00194633752108, -0.00371104665101, 0.0127785066143, -0.00715929735452, 0.00448636710644, -0.00328731583431], [4.33609093307e-05, 3.00275842164e-05, -0.00107248849235, 0.00165580050088, 0.00094268063549, -0.000607702299021, -0.00137441069819, 0.000529067590833, 0.00217776116915, -0.00715929735452, 0.0159505512565, -0.00903423689306, 0.00536004826427], [-0.000120708966278, -5.29403450855e-06, -0.000304062152281, -0.00103455921635, 0.00161488330923, -0.000661121448502, -0.00199738214724, -0.000781844020821, -0.000296029436868, 0.00448636710644, -0.00903423689306, 0.0182681828737, -0.00697863707319], [0.000161928997841, -5.52199453523e-05, 0.00070911552757, 0.000876449455973, 4.11145219914e-06, -0.000418808573158, 0.000560179236345, -0.00258113653399, 0.000138058763696, -0.00328731583431, 0.00536004826427, -0.00697863707319, 0.0134084839374]]}, "spectral_contrast_coeffs": {"dmean": [0.0545997321606, 0.0409737825394, 0.0406140647829, 0.0327634066343, 0.0196536257863, 0.0165637228638], "dmean2": [0.0877482295036, 0.0648885592818, 0.064613185823, 0.0543003678322, 0.0321283042431, 0.0267831142992], "dvar": [0.00218889582902, 0.00125626160298, 0.00123604596592, 0.000755933229811, 0.000300864485325, 0.000263881287538], "dvar2": [0.0052480744198, 0.00315834023058, 0.00301230582409, 0.00198980839923, 0.000743613636587, 0.000612112286035], "max": [-0.255352288485, -0.399568885565, -0.473854541779, -0.39228028059, -0.526104390621, -0.606496691704], "mean": [-0.596756637096, -0.650762200356, -0.730466723442, -0.753224015236, -0.819270610809, -0.793251872063], "median": [-0.601621448994, -0.65035367012, -0.737179398537, -0.782423496246, -0.827894151211, -0.796339154243], "min": [-0.96344769001, -0.967840969563, -0.971418321133, -0.97993427515, -0.978609681129, -0.959763169289], "var": [0.0105600757524, 0.00496295513585, 0.00507479533553, 0.00754899811, 0.00161734095309, 0.00118860043585]}, "spectral_contrast_valleys": {"dmean": [0.553583681583, 0.328039973974, 0.367716908455, 0.333324342966, 0.351876586676, 0.511432111263], "dmean2": [0.847251474857, 0.521051883698, 0.580659985542, 0.503219485283, 0.499438285828, 0.688783109188], "dvar": [0.300064146519, 0.12186486274, 0.175129398704, 0.144402116537, 0.185342609882, 0.348964422941], "dvar2": [0.588840186596, 0.247909680009, 0.345864653587, 0.256911367178, 0.348932743073, 0.766382336617], "max": [-4.84724760056, -4.95355939865, -5.25764