{"lowlevel": {"average_loudness": 0.701171815395, "barkbands_crest": {"dmean": 1.81828486919, "dmean2": 2.97446131706, "dvar": 3.7291765213, "dvar2": 10.2560844421, "max": 25.9204292297, "mean": 11.2727384567, "median": 10.3632230759, "min": 3.21713972092, "var": 17.3480319977}, "barkbands_flatness_db": {"dmean": 0.0344285033643, "dmean2": 0.0524523742497, "dvar": 0.00263704918325, "dvar2": 0.00470203440636, "max": 0.762573838234, "mean": 0.319278568029, "median": 0.287701308727, "min": 0.020412478596, "var": 0.0230805054307}, "barkbands_kurtosis": {"dmean": 3.34700155258, "dmean2": 5.64255523682, "dvar": 41.8960037231, "dvar2": 117.298980713, "max": 113.689804077, "mean": 5.10162734985, "median": 2.6588332653, "min": -1.96624386311, "var": 60.8627891541}, "barkbands_skewness": {"dmean": 0.577321410179, "dmean2": 0.957541525364, "dvar": 0.662797093391, "dvar2": 1.83995950222, "max": 10.1726140976, "mean": 1.34493041039, "median": 1.23782372475, "min": -5.01939535141, "var": 1.54296803474}, "barkbands_spread": {"dmean": 7.6123085022, "dmean2": 12.5943593979, "dvar": 302.526672363, "dvar2": 682.299499512, "max": 127.478034973, "mean": 13.8559465408, "median": 5.35161542892, "min": 0.568869054317, "var": 475.51852417}, "dissonance": {"dmean": 0.0365441404283, "dmean2": 0.0614379122853, "dvar": 0.00147827039473, "dvar2": 0.00378580251709, "max": 0.500000178814, "mean": 0.382337242365, "median": 0.41237077117, "min": 0.0300816893578, "var": 0.00969324074686}, "dynamic_complexity": 5.35062026978, "erbbands_crest": {"dmean": 2.21323180199, "dmean2": 3.63707232475, "dvar": 6.23860406876, "dvar2": 16.695558548, "max": 31.8136978149, "mean": 11.2532730103, "median": 10.4495792389, "min": 2.50479197502, "var": 20.9875545502}, "erbbands_flatness_db": {"dmean": 0.031125118956, "dmean2": 0.0468371957541, "dvar": 0.00238999072462, "dvar2": 0.00408803857863, "max": 0.571325600147, "mean": 0.300951838493, "median": 0.287151873112, "min": 0.0374379232526, "var": 0.0157909877598}, "erbbands_kurtosis": {"dmean": 1.67786693573, "dmean2": 2.82732152939, "dvar": 10.4011526108, "dvar2": 28.3217964172, "max": 49.1335411072, "mean": 1.87608015537, "median": 0.66140127182, "min": -1.92400836945, "var": 16.7961978912}, "erbbands_skewness": {"dmean": 0.456644207239, "dmean2": 0.752641260624, "dvar": 0.395919770002, "dvar2": 1.0987329483, "max": 5.77166175842, "mean": 0.644133031368, "median": 0.611216068268, "min": -5.56247615814, "var": 0.986602246761}, "erbbands_spread": {"dmean": 10.8819131851, "dmean2": 17.811870575, "dvar": 566.425842285, "dvar2": 1248.35864258, "max": 225.970565796, "mean": 25.7155475616, "median": 14.1584568024, "min": 1.15266954899, "var": 985.203125}, "hfc": {"dmean": 20.6702728271, "dmean2": 35.9604034424, "dvar": 4823.14697266, "dvar2": 12922.1787109, "max": 583.166809082, "mean": 26.9071922302, "median": 5.21836662292, "min": 1.17649223544e-16, "var": 5553.70214844}, "melbands_crest": {"dmean": 2.13202548027, "dmean2": 3.56828022003, "dvar": 5.73387145996, "dvar2": 16.4987678528, "max": 32.0975952148, "mean": 15.1317710876, "median": 14.2819290161, "min": 2.38860440254, "var": 26.7729167938}, "melbands_flatness_db": {"dmean": 0.0409621968865, "dmean2": 0.0622676722705, "dvar": 0.00390734011307, "dvar2": 0.00735515262932, "max": 0.963910520077, "mean": 0.428051173687, "median": 0.382047116756, "min": 0.00657225353643, "var": 0.0331904478371}, "melbands_kurtosis": {"dmean": 6.07225131989, "dmean2": 9.98528862, "dvar": 352.235565186, "dvar2": 985.595825195, "max": 672.999450684, "mean": 11.3486318588, "median": 5.7149181366, "min": -1.80318522453, "var": 369.58001709}, "melbands_skewness": {"dmean": 0.592920005322, "dmean2": 0.946638762951, "dvar": 0.787826776505, "dvar2": 1.89001023769, "max": 16.7551956177, "mean": 2.11949729919, "median": 1.84451079369, "min": -2.06272554398, "var": 2.43575716019}, "melbands_spread": {"dmean": 4.53578853607, "dmean2": 7.93906736374, "dvar": 123.636833191, "dvar2": 328.829406738, "max": 234.53338623, "mean": 10.3196878433, "median": 6.07678985596, "min": 0.557406842709, "var": 177.895996094}, "pitch_salience": {"dmean": 0.0520844049752, "dmean2": 0.0866759195924, "dvar": 0.00323347048834, "dvar2": 0.00844136159867, "max": 0.926490187645, "mean": 0.588712871075, "median": 0.599227666855, "min": 0.111155569553, "var": 0.014173367992}, "silence_rate_20dB": {"dmean": 0, "dmean2": 0, "dvar": 0, "dvar2": 0, "max": 1, "mean": 1, "median": 1, "min": 1, "var": 0}, "silence_rate_30dB": {"dmean": 0.00900769978762, "dmean2": 0.0180180184543, "dvar": 0.0089263105765, "dvar2": 0.0197274833918, "max": 1, "mean": 0.981551408768, "median": 1, "min": 0, "var": 0.01810910739}, "silence_rate_60dB": {"dmean": 0.0249891038984, "dmean2": 0.0499854683876, "dvar": 0.0243656877428, "dvar2": 0.0570798888803, "max": 1, "mean": 0.115049391985, "median": 0, "min": 0, "var": 0.101817190647}, "spectral_centroid": {"dmean": 187.714935303, "dmean2": 328.233917236, "dvar": 207687.46875, "dvar2": 537619.125, "max": 11230.7021484, "mean": 606.903137207, "median": 431.360168457, "min": 148.070602417, "var": 301036.71875}, "spectral_complexity": {"dmean": 1.4976028204, "dmean2": 2.5300784111, "dvar": 5.75474452972, "dvar2": 14.5342388153, "max": 38, "mean": 9.5299243927, "median": 9, "min": 0, "var": 21.9969654083}, "spectral_decrease": {"dmean": 1.36270372764e-09, "dmean2": 2.04221528577e-09, "dvar": 6.31700256219e-18, "dvar2": 1.38550957621e-17, "max": 1.04260866607e-09, "mean": -5.19024911938e-09, "median": -3.19382698066e-09, "min": -5.44392761981e-08, "var": 3.59593577163e-17}, "spectral_energy": {"dmean": 0.00645906245336, "dmean2": 0.00991270970553, "dvar": 0.000130470885779, "dvar2": 0.000291165837552, "max": 0.241585284472, "mean": 0.0220296625048, "median": 0.0134096201509, "min": 1.07023495319e-20, "var": 0.000659597513732}, "spectral_energyband_high": {"dmean": 0.00161765608937, "dmean2": 0.0028691124171, "dvar": 3.11524745484e-05, "dvar2": 8.39362473926e-05, "max": 0.0452075898647, "mean": 0.00161331356503, "median": 2.3690438411e-06, "min": 7.66220147906e-21, "var": 3.32760646415e-05}, "spectral_energyband_low": {"dmean": 0.00166698417161, "dmean2": 0.00263488758355, "dvar": 2.4019898774e-05, "dvar2": 6.43724415568e-05, "max": 0.15287463367, "mean": 0.00465668085963, "median": 0.00215671723709, "min": 4.96724696763e-23, "var": 7.98471301096e-05}, "spectral_energyband_middle_high": {"dmean": 0.000887696805876, "dmean2": 0.00142228638288, "dvar": 4.90024331157e-06, "dvar2": 1.16297005661e-05, "max": 0.0795632600784, "mean": 0.00197739992291, "median": 0.000665221712552, "min": 1.55726766953e-21, "var": 1.44190726132e-05}, "spectral_energyband_middle_low": {"dmean": 0.00397646985948, "dmean2": 0.00588924949989, "dvar": 6.39989739284e-05, "dvar2": 0.00013255495287, "max": 0.197326794267, "mean": 0.0146285323426, "median": 0.00767805287614, "min": 4.44866003218e-22, "var": 0.000375987787265}, "spectral_entropy": {"dmean": 0.289466559887, "dmean2": 0.435214400291, "dvar": 0.266171455383, "dvar2": 0.532357394695, "max": 9.79286289215, "mean": 6.08856296539, "median": 6.16909885406, "min": 3.80501747131, "var": 1.1101051569}, "spectral_flux": {"dmean": 0.0189265832305, "dmean2": 0.0307128988206, "dvar": 0.000867077149451, "dvar2": 0.00182810658589, "max": 0.378072977066, "mean": 0.0504544936121, "median": 0.0372822321951, "min": 1.03452163502e-10, "var": 0.0019996650517}, "spectral_kurtosis": {"dmean": 53.3415145874, "dmean2": 89.8095779419, "dvar": 11275.7607422, "dvar2": 30527.9550781, "max": 1379.68908691, "mean": 123.068916321, "median": 24.4168109894, "min": -1.55705583096, "var": 38560.859375}, "spectral_rms": {"dmean": 0.00059868284734, "dmean2": 0.000910001399461, "dvar": 6.64978244913e-07, "dvar2": 1.45594924561e-06, "max": 0.0153522947803, "mean": 0.00403695832938, "median": 0.00361698167399, "min": 3.23130259529e-12, "var": 5.19533296028e-06}, "spectral_rolloff": {"dmean": 944.288391113, "dmean2": 1793.36328125, "dvar": 7672254.5, "dvar2": 18070456, "max": 19099.9511719, "mean": 1509.65856934, "median": 452.197265625, "min": 86.1328125, "var": 10057466}, "spectral_skewness": {"dmean": 1.62153661251, "dmean2": 2.64723491669, "dvar": 5.2472076416, "dvar2": 11.6704711914, "max": 30.669172287, "mean": 6.58801221848, "median": 3.58092594147, "min": -0.499702483416, "var": 41.0510787964}, "spectral_spread": {"dmean": 1543106, "dmean2": 2282757.75, "dvar": 12455535181800.0, "dvar2": 22731219271700.0, "max": 41087132, "mean": 3615695.25, "median": 1611487.875, "min": 86399.8515625, "var": 28175528624100.0}, "spectral_strongpeak": {"dmean": 0.31583699584, "dmean2": 0.541544139385, "dvar": 0.665545403957, "dvar2": 1.86613345146, "max": 12.8900823593, "mean": 0.807148396969, "median": 0.446910202503, "min": 0, "var": 1.03973829746}, "zerocrossingrate": {"dmean": 0.0148075567558, "dmean2": 0.0181745346636, "dvar": 0.00116289884318, "dvar2": 0.00146584049799, "max": 0.56689453125, "mean": 0.0445253066719, "median": 0.02099609375, "min": 0.00390625, "var": 0.00531577738002}, "barkbands": {"dmean": [5.36619118066e-05, 0.000916744058486, 0.000716701790225, 0.00069336645538, 0.00176454614848, 0.00118629215285, 0.000730122788809, 0.000440927426098, 0.000401135563152, 0.000352993170964, 0.000335269083735, 0.000167805425008, 0.000202463474125, 0.000105969636934, 7.85466399975e-05, 3.32124618581e-05, 2.44266084337e-05, 2.18403984036e-05, 3.80044984922e-05, 1.28363999465e-05, 8.04960000096e-05, 5.86307760386e-05, 2.69603806373e-05, 6.00315834163e-05, 0.000668073771521, 0.000651622191072, 0.000105454098957], "dmean2": [9.21137398109e-05, 0.00152185722254, 0.00106276245788, 0.00110554206185, 0.00284985941835, 0.00181537098251, 0.000948686152697, 0.000659826269839, 0.000545168993995, 0.000530910445377, 0.000536581152119, 0.00027828727616, 0.000340673228493, 0.000170846135006, 0.00012936112762, 5.67230781598e-05, 4.16672919528e-05, 4.05085083912e-05, 6.99859010638e-05, 2.29969464272e-05, 0.000151200176333, 0.000109964617877, 4.94200940011e-05, 0.000106289502583, 0.00121269759256, 0.00110859517008, 0.00019468908431], "dvar": [5.33876551856e-08, 9.60247780313e-06, 5.84298823014e-06, 3.82484495276e-06, 1.80612842087e-05, 9.20462935028e-06, 4.8420870371e-06, 2.18110153583e-06, 2.48608193942e-06, 1.05940875983e-06, 9.31458089326e-07, 2.95922006899e-07, 6.74876389439e-07, 2.5718412644e-07, 1.14943311758e-07, 1.42139988668e-08, 8.34058955235e-09, 1.76762871007e-08, 6.23364542207e-08, 3.6970282391e-09, 1.38593605925e-07, 1.22450671824e-07, 7.4351311774e-09, 3.73225397254e-08, 6.65698871671e-06, 7.44122598917e-06, 1.93595468545e-07], "dvar2": [1.62038205076e-07, 2.69809370366e-05, 1.35265227073e-05, 1.11708959594e-05, 5.37788218935e-05, 2.34428862314e-05, 7.53865106162e-06, 3.92649781134e-06, 4.23199435318e-06, 2.02553383133e-06, 2.17367755795e-06, 6.9735199304e-07, 1.78152913577e-06, 6.31816931218e-07, 3.13903029792e-07, 3.68003085782e-08, 2.04487822231e-08, 5.17729219496e-08, 1.83542951504e-07, 1.02476178654e-08, 4.35335692828e-07, 3.5879401139e-07, 2.11320827503e-08, 1.0116994531e-07, 1.85879289347e-05, 1.9027676899e-05, 5.52054586933e-07], "max": [0.00614468893036, 0.084457591176, 0.103202402592, 0.04067190364, 0.104894801974, 0.0766091048717, 0.0663201510906, 0.0630013942719, 0.0548255592585, 0.0318525098264, 0.0166706368327, 0.0311249252409, 0.0110553549603, 0.0090385004878, 0.0165812112391, 0.00317124417052, 0.00308887986466, 0.00195024604909, 0.0037465589121, 0.000668111199047, 0.00340588530526, 0.00407064054161, 0.000688790576532, 0.00148744892795, 0.0204366128892, 0.0263444893062, 0.00423133093864], "mean": [7.91556594777e-05, 0.00188924442045, 0.00204557995312, 0.00150655198377, 0.00467769149691, 0.00342999352142, 0.0024715764448, 0.00110051641241, 0.000992402317934, 0.000714665977284, 0.000560134591069, 0.000300512911053, 0.000262729095994, 0.000120469361718, 0.000121176693938, 4.57850219391e-05, 3.41288359778e-05, 2.04106218007e-05, 3.90560635424e-05, 1.20717704704e-05, 6.56988559058e-05, 4.01536599384e-05, 2.27161672228e-05, 5.95368583163e-05, 0.000582962180488, 0.000762644747738, 7.22052354831e-05], "median": [1.05957551568e-05, 0.000638334546238, 0.000779602094553, 0.000574794248678, 0.00201572710648, 0.000989992171526, 0.000590425508562, 0.000210697806324, 0.000154499517521, 0.000143869780004, 7.21301767044e-05, 3.08141279675e-05, 2.36269497691e-05, 9.14720203582e-06, 1.22674300655e-05, 5.74561545363e-06, 3.64684228771e-06, 2.13085695577e-06, 2.79640153167e-06, 1.10324094749e-06, 4.97244400322e-07, 1.98234360482e-07, 7.59486482593e-08, 4.02664532828e-08, 1.8012524805e-08, 6.99521596204e-09, 2.57472221321e-09], "min": [1.456852227e-23, 2.70668210892e-23, 5.89424167721e-24, 8.73260502382e-24, 5.39609763035e-23, 9.83682033342e-23, 5.27886564231e-23, 6.47272237202e-23, 1.35441207513e-22, 8.03834494944e-23, 5.30091872223e-23, 1.32596007109e-22, 1.2975198053e-22, 5.63349806225e-23, 5.79300195076e-23, 1.90476120121e-22, 2.51754166284e-22, 1.51677782478e-22, 2.48711258405e-22, 5.01899157296e-22, 5.34125273856e-22, 4.22318641985e-22, 5.55354997563e-22, 9.32913520324e-22, 9.91870232834e-22, 1.79459338053e-21, 2.38170602488e-21], "var": [9.49541671957e-08, 2.81877200905e-05, 2.10820126085e-05, 8.28958673083e-06, 5.04958879901e-05, 4.19844982389e-05, 3.13793898385e-05, 1.20360946312e-05, 1.00730521808e-05, 3.69885265172e-06, 2.10781104215e-06, 1.41634745887e-06, 6.94874529472e-07, 2.74384291288e-07, 2.42849694132e-07, 1.91863662735e-08, 1.8509092925e-08, 1.02882413699e-08, 3.6301777584e-08, 2.45783438046e-09, 1.08789507181e-07, 6.81400678104e-08, 4.98225682932e-09, 3.87866343488e-08, 5.23217977388e-06, 1.0462946193e-05, 1.1773094144e-07]}, "erbbands": {"dmean": [0.0177351590246, 0.240121096373, 0.838316619396, 1.46271681786, 4.40499925613, 6.48654747009, 5.15708494186, 11.8709459305, 11.7127895355, 11.5311002731, 6.14144325256, 10.845541954, 10.4700145721, 7.77158069611, 14.56112957, 7.36205673218, 8.27792263031, 7.50688123703, 4.32140398026, 2.65613460541, 1.59823668003, 1.13120114803, 1.14276599884, 1.98955333233, 1.47579944134, 0.668621480465, 0.599604070187, 4.97482681274, 2.81799936295, 1.16130650043, 0.702366232872, 0.745945751667, 1.32379209995, 3.505869627, 6.25458669662, 4.3010764122, 1.00467181206, 0.159810900688, 0.019806586206, 0.000642357335892], "dmean2": [0.0298510733992, 0.397356629372, 1.27799236774, 2.32357358932, 7.43588066101, 10.2220010757, 7.87134981155, 18.6517543793, 14.6714715958, 16.7522697449, 8.70632553101, 14.5893421173, 15.5708494186, 12.0893211365, 23.5610580444, 11.9535427094, 13.6919288635, 12.4015073776, 7.06270837784, 4.43199014664, 2.75502490997, 1.9608399868, 2.0488653183, 3.73338103294, 2.64754199982, 1.20279872417, 1.07551217079, 9.41604137421, 5.34555101395, 2.18989706039, 1.27124786377, 1.29284155369, 2.37835788727, 6.36738157272, 11.1854467392, 7.40056943893, 1.7274415493, 0.29033306241, 0.0364501364529, 0.00117659452371], "dvar": [0.00275476020761, 0.753587603569, 8.83669185638, 13.9113359451, 123.556427002, 252.290679932, 142.200134277, 982.126037598, 1070.58166504, 1477.72521973, 483.348114014, 1867.30578613, 1472.5736084, 417.227600098, 1891.00183105, 647.667175293, 840.057434082, 1490.00488281, 183.923126221, 348.941894531, 38.2606544495, 20.3030433655, 24.122636795, 255.30506897, 57.1755104065, 10.0027647018, 3.38600516319, 555.720825195, 258.196044922, 27.1728458405, 4.21464157104, 5.0451669693, 19.4088916779, 157.446899414, 561.699890137, 284.955963135, 16.9821033478, 0.431942045689, 0.00720994127914, 8.35117134557e-06], "dvar2": [0.00785528682172, 2.1292283535, 22.258638382, 39.4890098572, 397.864837646, 700.677490234, 297.736999512, 2626.11035156, 1591.65661621, 2745.86816406, 708.586914062, 3169.65893555, 2794.63793945, 887.297302246, 4460.71728516, 1394.95629883, 2162.1484375, 3725.20043945, 425.271606445, 1023.31640625, 101.722503662, 52.526309967, 69.0858764648, 755.50378418, 163.831970215, 27.8461227417, 9.90386962891, 1772.83508301, 777.02355957, 80.2034378052, 11.774928093, 13.4896268845, 53.0703239441, 432.786651611, 1560.32641602, 736.081542969, 43.7033882141, 1.2097543478, 0.0205262247473, 2.38517695834e-05], "max": [1.55385971069, 22.976392746, 120.420913696, 80.029914856, 228.528533936, 385.081451416, 414.02432251, 949.665893555, 984.617614746, 1482.53088379, 1716.17590332, 1547.6015625, 1236.86047363, 737.604736328, 809.68939209, 1592.53063965, 372.866668701, 525.886535645, 644.086975098, 1132.72851562, 167.375167847, 112.207214355, 67.1517562866, 242.418777466, 119.720199585, 35.5795783997, 21.5541381836, 208.773269653, 189.801849365, 59.5729255676, 16.0680885315, 19.9094524384, 34.5153274536, 103.305030823, 175.66583252, 154.318054199, 40.823474884, 5.84085655212, 0.844534993172, 0.0317789465189], "mean": [0.0377247855067, 0.501849651337, 2.31990551949, 3.642547369, 10.3190393448, 17.3853626251, 14.5027189255, 32.5378227234, 40.6273155212, 32.8320732117, 17.9555053711, 27.484916687, 23.5104694366, 14.8779067993, 25.0682849884, 13.8744421005, 12.2152576447, 8.53409576416, 6.62881851196, 3.88401055336, 2.27809715271, 1.53101623058, 1.32175123692, 1.72011387348, 1.67797112465, 0.647599160671, 0.657918155193, 3.83616352081, 2.01867461205, 0.805128991604, 0.646432638168, 0.727893710136, 1.2990809679, 2.97851991653, 5.71670913696, 4.89730882645, 1.05775332451, 0.129232496023, 0.0136474538594, 0.000471090577776], "median": [0.0115187894553, 0.164600715041, 0.876071870327, 1.74902009964, 4.90629768372, 6.9647436142, 5.70404243469, 9.2315788269, 10.0434093475, 7.63173389435, 4.54135513306, 4.37964916229, 3.88970470428, 4.45217990875, 3.68862462044, 2.0201625824, 1.3861105442, 0.961384773254, 0.729763627052, 0.711274504662, 0.355323344469, 0.253141462803, 0.194444358349, 0.159520924091, 0.108697369695, 0.0679373443127, 0.0313674435019, 0.0155373848975, 0.00777779426426, 0.00405870657414, 0.00220262305811, 0.00109097431414, 0.000549203366973, 0.000277350598481, 0.000110159991891, 5.09916499141e-05, 2.03453182621e-05, 3.71858595827e-06, 9.76548017206e-06, 1.71810643224e-05], "min": [1.17628061844e-21, 4.46496746578e-21, 7.60152971983e-21, 2.48470354168e-20, 5.21905988575e-20, 1.47674460958e-19, 6.18373807864e-19, 7.70806909639e-19, 1.05555432293e-18, 5.96258979091e-19, 2.55863093485e-18, 2.71675808946e-18, 2.41227580112e-18, 2.40338381633e-18, 2.38370229442e-18, 6.70082139745e-18, 6.10683954319e-18, 3.07643917406e-18, 3.04606985826e-18, 6.46444419765e-18, 1.04354831333e-17, 1.35395966687e-17, 9.417080697e-18, 1.26474732791e-17, 1.36612798999e-17, 2.27107284455e-17, 1.86781782915e-17, 2.27863476427e-17, 1.58598167802e-17, 1.62272537171e-17, 1.52268168165e-17, 1.39108270558e-17, 1.76700965877e-17, 8.24461256289e-18, 8.97653753765e-18, 7.06112141994e-18, 2.97378068337e-18, 1.32405735656e-18, 3.06943590111e-19, 3.98005835795e-20], "var": [0.00715679908171, 2.13828396797, 27.338514328, 35.8389129639, 240.298355103, 762.472717285, 598.633911133, 4339.97900391, 7170.52539062, 8197.01074219, 3924.78759766, 7678.90869141, 5462.37988281, 1090.6529541, 4109.79589844, 3375.01586914, 1135.94335938, 1420.52990723, 631.911315918, 372.928955078, 52.7350349426, 30.7789096832, 18.2642307281, 138.482254028, 41.4302520752, 6.59835243225, 3.63106393814, 420.188110352, 152.028167725, 14.7873249054, 3.3031744957, 5.6054444313, 19.2722263336, 124.085845947, 493.047943115, 396.599060059, 20.8576889038, 0.325344473124, 0.00436702463776, 5.04512445332e-06]}, "gfcc": {"mean": [-169.014984131, 185.333984375, -63.4992446899, -16.777387619, -51.2404403687, -8.26290130615, -27.8610458374, -7.67492771149, -22.2415466309, -5.97958374023, -8.93044185638, -7.31509256363, -5.60319662094], "cov": [[29333.8203125, -8928.19824219, -6164.01318359, 1820.3034668, -202.763839722, 1862.59924316, -1445.4934082, 911.284240723, -1020.93469238, 889.856018066, -506.155395508, 1004.36395264, -27.6101074219], [-8928.19824219, 7338.40429688, 587.507141113, -1351.14367676, 740.253173828, -1247.87451172, 1025.81506348, -849.819824219, 608.759399414, -737.871887207, 536.053588867, -731.284790039, 192.053665161], [-6164.01318359, 587.507141113, 4526.86621094, -962.359069824, -461.509918213, 53.1327095032, -58.0472297668, 94.983039856, 19.4135951996, 30.3447322845, -182.801193237, -31.7411308289, -200.093582153], [1820.3034668, -1351.14367676, -962.359069824, 1627.70422363, 124.91506958, 108.164451599, 29.6559352875, 184.786300659, 24.7269477844, 91.7153320312, -81.0593338013, 113.355392456, 85.1995162964], [-202.763839722, 740.253173828, -461.509918213, 124.91506958, 647.52722168, -94.7190933228, 139.311416626, -19.428609848, 96.6829147339, -106.142082214, 104.78087616, -67.5348434448, 46.4902648926], [1862.59924316, -1247.87451172, 53.1327095032, 108.164451599, -94.7190933228, 524.914855957, -107.885437012, 148.089874268, -124.161430359, 172.816207886, -118.859138489, 142.599853516, -59.607875824], [-1445.4934082, 1025.81506348, -58.0472297668, 29.6559352875, 139.311416626, -107.885437012, 394.456726074, -88.3732757568, 129.519317627, -91.703338623, 89.1367492676, -89.8514556885, 42.0463638306], [911.284240723, -849.819824219, 94.983039856, 184.786300659, -19.428609848, 148.089874268, -88.3732757568, 307.878356934, -31.7446632385, 100.289283752, -57.315952301, 77.6745910645, -32.5441246033], [-1020.93469238, 608.759399414, 19.4135951996, 24.7269477844, 96.6829147339, -124.161430359, 129.519317627, -31.7446632385, 192.113525391, -18.3741931915, 38.9087333679, -75.6041259766, 36.4595489502], [889.856018066, -737.871887207, 30.3447322845, 91.7153320312, -106.142082214, 172.816207886, -91.703338623, 100.289283752, -18.3741931915, 181.217315674, -48.2270774841, 78.3980026245, -31.1804943085], [-506.155395508, 536.053588867, -182.801193237, -81.0593338013, 104.78087616, -118.859138489, 89.1367492676, -57.315952301, 38.9087333679, -48.2270774841, 153.158462524, -32.5799407959, 18.9980621338], [1004.36395264, -731.284790039, -31.7411308289, 113.355392456, -67.5348434448, 142.599853516, -89.8514556885, 77.6745910645, -75.6041259766, 78.3980026245, -32.5799407959, 152.811752319, 1.24714195728], [-27.6101074219, 192.053665161, -200.093582153, 85.1995162964, 46.4902648926, -59.607875824, 42.0463638306, -32.5441246033, 36.4595489502, -31.1804943085, 18.9980621338, 1.24714195728, 82.7392578125]], "icov": [[0.000112658301077, -1.43146862683e-05, 0.000171321167727, 1.72709169419e-05, -1.36636790558e-05, -0.00017410730652, 0.000200500318897, -0.000134003901621, 0.000222955161007, -0.000147327387822, 0.000194378211745, -0.000216406944674, -1.36619902946e-07], [-1.43146862683e-05, 0.00122414459474, -0.00022985850228, 0.000599221442826, -0.000475007691421, 0.000677771109622, -0.00132178259082, 0.00110201537609, -0.000927576504182, 0.00114175654016, -0.0010973145254, 0.0020105864387, -0.00109815271571], [0.000171321167727, -0.00022985850228, 0.000622332619969, 0.000117277711979, 0.000222905975534, -0.000301225751173, 0.000416464696173, -0.000549102842342, 0.000152531181811, -0.000202284281841, 0.000939240155276, -0.000907668785658, 0.000859671097714], [1.72709169419e-05, 0.000599221442826, 0.000117277711979, 0.00121357233729, -0.000380608427804, 0.000483930547489, -0.000949726672843, 3.72637514374e-05, -0.000518173037563, 0.000225046998821, 0.000363759725587, 0.000395486014895, -0.00106773606967], [-1.36636790558e-05, -0.000475007691421, 0.000222905975534, -0.000380608427804, 0.00242668925785, -0.000842234119773, 0.000553943449631, -0.000878830556758, -0.000793050334323, 0.00124137592502, -0.000838978448883, -0.000435641850345, 0.000448026316008], [-0.00017410730652, 0.000677771109622, -0.000301225751173, 0.000483930547489, -0.000842234119773, 0.00492606218904, -0.00219429447316, 0.000489949830808, 0.00121749343816, -0.00229741726071, 0.00159713451285, -0.000426336016972, 0.000709224550519], [0.000200500318897, -0.00132178259082, 0.000416464696173, -0.000949726672843, 0.000553943449631, -0.00219429447316, 0.00606176257133, -0.000927127839532, -0.00113581528421, 0.00051674072165, -0.000618507678155, -0.00148840772454, 0.00064261618536], [-0.000134003901621, 0.00110201537609, -0.000549102842342, 3.72637514374e-05, -0.000878830556758, 0.000489949830808, -0.000927127839532, 0.00585417402908, -0.00139556487557, -0.000121742777992, -0.000774543674197, 0.00085005298024, 0.000385679828469], [0.000222955161007, -0.000927576504182, 0.000152531181811, -0.000518173037563, -0.000793050334323, 0.00121749343816, -0.00113581528421, -0.00139556487557, 0.0117824627087, -0.00606352556497, 0.00153708655853, 0.00236219586805, -0.00338466884568], [-0.000147327387822, 0.00114175654016, -0.000202284281841, 0.000225046998821, 0.00124137592502, -0.00229741726071, 0.00051674072165, -0.000121742777992, -0.00606352556497, 0.013804808259, -0.00226256297901, -0.00130222132429, 0.00232998747379], [0.000194378211745, -0.0010973145254, 0.000939240155276, 0.000363759725587, -0.000838978448883, 0.00159713451285, -0.000618507678155, -0.000774543674197, 0.00153708655853, -0.00226256297901, 0.0120260911062, -0.00396501692012, 0.00190891628154], [-0.000216406944674, 0.0020105864387, -0.000907668785658, 0.000395486014895, -0.000435641850345, -0.000426336016972, -0.00148840772454, 0.00085005298024, 0.00236219586805, -0.00130222132429, -0.00396501692012, 0.017054349184, -0.00719142332673], [-1.36619902946e-07, -0.00109815271571, 0.000859671097714, -0.00106773606967, 0.000448026316008, 0.000709224550519, 0.00064261618536, 0.000385679828469, -0.00338466884568, 0.00232998747379, 0.00190891628154, -0.00719142332673, 0.0199375841767]]}, "melbands": {"dmean": [0.000202029681532, 0.000391772307921, 0.000309421273414, 0.000433690176578, 0.000200337453862, 0.000254299229709, 0.00017131853383, 0.000123580786749, 5.43104870303e-05, 6.19298007223e-05, 5.17281332577e-05, 3.09279057547e-05, 4.80537710246e-05, 2.64303362201e-05, 1.96952478291e-05, 1.61229490914e-05, 1.43765764733e-05, 6.43943985779e-06, 4.10137272411e-06, 3.21080142385e-06, 1.75752961695e-06, 1.08326287318e-06, 1.35038806093e-06, 1.10951589249e-06, 1.73710611762e-06, 1.42708438489e-06, 5.02361899635e-07, 4.58675543769e-07, 2.79877355069e-07, 5.95208007326e-07, 3.90694822272e-06, 1.65002802532e-06, 8.63986088007e-07, 5.83186363201e-07, 3.83463827802e-07, 4.32381085602e-07, 4.4432397317e-07, 6.53286747365e-07, 1.52925815655e-06, 3.65167124983e-06], "dmean2": [0.000336775148753, 0.000609584152699, 0.000497459142935, 0.000710087653715, 0.000305321387714, 0.000391712586861, 0.000214862331632, 0.000182031610166, 7.43183845771e-05, 8.41222135932e-05, 7.70331680542e-05, 4.82240429847e-05, 7.71878185333e-05, 4.3753443606e-05, 3.18217389577e-05, 2.70034215646e-05, 2.35874504142e-05, 1.05481467472e-05, 6.77148273098e-06, 5.33639058631e-06, 3.06493052449e-06, 1.88410035662e-06, 2.31450871979e-06, 2.06524259738e-06, 3.26444774146e-06, 2.59024318439e-06, 8.9344433718e-07, 8.21344826818e-07, 4.85968030262e-07, 1.10539644993e-06, 7.39610504752e-06, 3.04486752611e-06, 1.6383047523e-06, 1.09974632778e-06, 6.91634681971e-07, 7.79168999543e-07, 7.40200505334e-07, 1.17762510854e-06, 2.78253696706e-06, 6.61200374452e-06], "dvar": [3.78802297973e-07, 1.94374388229e-06, 5.10087204475e-07, 1.18599064081e-06, 1.87624763726e-07, 4.33980432035e-07, 2.37235639133e-07, 1.65497908711e-07, 3.75438098388e-08, 5.75689469429e-08, 3.52174076568e-08, 7.55585904955e-09, 1.92400264609e-08, 5.57256907285e-09, 3.60587448789e-09, 5.16311793319e-09, 5.42049161112e-09, 3.89013765645e-10, 3.93162391532e-10, 2.82088463699e-10, 5.7878164067e-11, 2.16314952062e-11, 1.73795578623e-11, 5.03793846918e-11, 2.03008887478e-10, 6.09204908741e-11, 6.20318206523e-12, 4.81317026166e-12, 9.24658028097e-13, 5.22597720307e-12, 3.5110958585e-10, 1.01851020673e-10, 2.38698678878e-11, 5.38532152899e-12, 1.2164596587e-12, 2.26877154216e-12, 1.61917636417e-12, 4.75539833206e-12, 2.5619947136e-11, 1.93495858225e-10], "dvar2": [1.05226672531e-06, 5.21473066328e-06, 1.43570184719e-06, 3.64218635696e-06, 3.9870440105e-07, 1.12539396468e-06, 3.53390362307e-07, 3.12095238542e-07, 5.51747518784e-08, 9.92628841345e-08, 6.70704380923e-08, 1.60307642716e-08, 4.53903545861e-08, 1.37554057034e-08, 8.8026723688e-09, 1.34225981441e-08, 1.35182425254e-08, 9.09546882255e-10, 1.10262965425e-09, 7.9225598304e-10, 1.55851970218e-10, 5.62843278928e-11, 4.10256238703e-11, 1.47889506197e-10, 6.00829108688e-10, 1.77500097953e-10, 1.73320489905e-11, 1.31946918669e-11, 2.44265285082e-12, 1.67732355782e-11, 1.11218312338e-09, 2.94888946595e-10, 7.03944957881e-11, 1.57739359768e-11, 3.34568722553e-12, 6.38672318157e-12, 4.11806613115e-12, 1.27793791174e-11, 7.15612916147e-11, 5.36044042487e-10], "max": [0.0206812825054, 0.0483888834715, 0.014953866601, 0.0264076702297, 0.013060904108, 0.0184057783335, 0.0151064805686, 0.0134570412338, 0.0127179995179, 0.00847466383129, 0.00611862493679, 0.00319423060864, 0.00249157659709, 0.00328634865582, 0.00208540982567, 0.000978370429948, 0.00110599480104, 0.000920813879929, 0.0010919253109, 0.000918948557228, 0.000225100156968, 0.000168173733982, 0.000143101075082, 0.000104942533653, 0.000216247746721, 0.000112049623567, 5.68308059883e-05, 2.41809811996e-05, 1.0705848581e-05, 1.90435293916e-05, 0.0001649682672, 0.000116809213068, 5.85301786487e-05, 2.44395341724e-05, 9.19879130379e-06, 1.76488647412e-05, 1.1042220649e-05, 1.69253908098e-05, 4.4993332267e-05, 0.000122196914162], "mean": [0.000429449806688, 0.0010282973526, 0.000781705137342, 0.00112792430446, 0.000571584969293, 0.000722535769455, 0.000596760539338, 0.000334893527906, 0.00015205150703, 0.00015601409541, 0.000111521992949, 5.54146172362e-05, 8.16026586108e-05, 4.60853552795e-05, 3.11293551931e-05, 2.04498137464e-05, 1.57269223564e-05, 9.70941619016e-06, 6.13114161752e-06, 4.69374390377e-06, 2.3169538963e-06, 1.46527656852e-06, 1.72093598394e-06, 1.00370596101e-06, 1.39473797844e-06, 1.55081113462e-06, 5.57737507734e-07, 4.13742213823e-07, 3.48194816979e-07, 4.82910309074e-07, 3.04303080156e-06, 1.1263854276e-06, 5.96303550537e-07, 3.92715946873e-07, 3.58429275593e-07, 3.84659188057e-07, 4.45857978093e-07, 6.83419500547e-07, 1.3795885252e-06, 2.9060822726e-06], "median": [0.000141381169669, 0.000379886187147, 0.000408684602007, 0.000491571438033, 0.000236332503846, 0.000196073684492, 0.000145016936585, 7.34088534955e-05, 3.41400955222e-05, 2.45392475335e-05, 1.73415919562e-05, 1.55395919137e-05, 1.15574257507e-05, 5.42110319657e-06, 3.41268469128e-06, 1.81410473488e-06, 1.02663375401e-06, 1.05472736323e-06, 8.08308641354e-07, 4.89668650516e-07, 2.86063851718e-07, 1.83798334774e-07, 2.1062982114e-07, 7.62555885103e-08, 8.8527826847e-08, 8.7338456467e-08, 5.06904029862e-08, 3.06894527569e-08, 2.05002130826e-08, 1.05322941479e-08, 6.82003342689e-09, 4.27821378324e-09, 3.0952960195e-09, 1.65922398043e-09, 1.2689005402e-09, 8.10298494969e-10, 5.11797493274e-10, 3.40308003999e-10, 3.04537894902e-10, 1.70105859953e-10], "min": [9.61626097744e-24, 4.77062922458e-24, 4.29298183507e-24, 6.16189705475e-24, 1.85186864549e-23, 1.76758674638e-23, 1.55555071693e-23, 5.93320233402e-24, 2.59152372066e-23, 1.58070039145e-23, 1.19420777281e-23, 9.73662300777e-24, 6.02994310784e-24, 1.3837672618e-23, 1.84772475916e-23, 9.77961277166e-24, 5.43788012151e-24, 4.93485192124e-24, 4.58531712047e-24, 1.48502386987e-23, 1.12094752272e-23, 1.47615928211e-23, 1.05074899957e-23, 6.80869081626e-24, 1.09208688873e-23, 9.26589708385e-24, 1.25829349169e-23, 1.62647704314e-23, 1.14002438822e-23, 1.25178988573e-23, 1.32020195446e-23, 8.28008600959e-24, 9.01969517306e-24, 9.2182696067e-24, 8.4737134965e-24, 8.02742332798e-24, 8.70304009481e-24, 1.35355878007e-23, 9.48264687275e-24, 5.94014785986e-24], "var": [1.27266810068e-06, 5.57465727979e-06, 1.38730888466e-06, 3.05330422634e-06, 8.27009444038e-07, 2.00890076485e-06, 1.58061629918e-06, 8.65907452408e-07, 2.63574264636e-07, 2.39409672531e-07, 1.25623955682e-07, 1.8764694687e-08, 4.27137649694e-08, 2.06424566329e-08, 8.63162608056e-09, 4.96372765113e-09, 5.36289279651e-09, 1.30644517427e-09, 6.45077546935e-10, 3.46669221107e-10, 7.57479010072e-11, 3.84445808521e-11, 3.11514355977e-11, 2.92718418948e-11, 1.09861723885e-10, 4.00552542523e-11, 4.76747114009e-12, 3.2566315096e-12, 1.04872154797e-12, 3.69795296815e-12, 2.73380124094e-10, 5.90506948894e-11, 1.31104406845e-11, 2.98075930258e-12, 9.95303774294e-13, 1.766135415e-12, 2.22153133562e-12, 5.37493704059e-12, 2.25225949002e-11, 1.3907340557e-10]}, "mfcc": {"mean": [-797.625793457, 198.991394043, 40.5199890137, 9.23323249817, -1.85017454624, -4.29989957809, -0.52791339159, -5.54525327682, -5.22998189926, -5.82297611237, -3.46790027618, -4.67628383636, -0.418124824762], "cov": [[14311.1328125, -1410.70715332, -3337.73120117, -1175.6809082, 55.6804885864, 292.261993408, 247.902420044, -15.3185834885, 83.0306091309, -234.393814087, -41.1446228027, -167.48097229, 267.077850342], [-1410.70715332, 3555.97045898, -367.86529541, -244.789382935, -232.095474243, -154.162750244, 79.2282104492, -28.9615364075, -201.275985718, 48.238319397, -97.0886459351, 99.8412246704, -56.2229194641], [-3337.73120117, -367.86529541, 2798.03930664, 37.0704231262, -62.1843185425, -51.6296882629, -160.724029541, -22.8521080017, 26.4015312195, -32.3015937805, 104.388885498, 18.6289520264, -121.867454529], [-1175.6809082, -244.789382935, 37.0704231262, 940.020202637, 122.797637939, 24.1971530914, -11.3480672836, 76.9816818237, 117.435455322, 62.7108764648, -4.31792068481, -8.51606845856, 3.30844211578], [55.6804885864, -232.095474243, -62.1843185425, 122.797637939, 442.251861572, 53.1131973267, 38.6399307251, 54.4160079956, 37.69090271, 56.846950531, -5.50239896774, -2.74502110481, 58.5593490601], [292.261993408, -154.162750244, -51.6296882629, 24.1971530914, 53.1131973267, 302.983123779, 77.0202789307, 31.5253562927, 56.5313491821, -27.3410568237, 23.9979228973, 11.7184619904, 9.87371730804], [247.902420044, 79.2282104492, -160.724029541, -11.3480672836, 38.6399307251, 77.0202789307, 194.84538269, 86.025642395, -4.44444894791, 6.50610971451, 0.886001765728, 11.6948757172, 42.2855453491], [-15.3185834885, -28.9615364075, -22.8521080017, 76.9816818237, 54.4160079956, 31.5253562927, 86.025642395, 133.178344727, 61.8650169373, 23.7842960358, 0.0507114268839, 1.54625177383, 28.0991420746], [83.0306091309, -201.275985718, 26.4015312195, 117.435455322, 37.69090271, 56.5313491821, -4.44444894791, 61.8650169373, 163.545013428, 43.2407150269, 33.1346893311, -7.54762029648, -5.34960746765], [-234.393814087, 48.238319397, -32.3015937805, 62.7108764648, 56.846950531, -27.3410568237, 6.50610971451, 23.7842960358, 43.2407150269, 137.286697388, 42.215549469, 11.5902986526, -5.23567819595], [-41.1446228027, -97.0886459351, 104.388885498, -4.31792068481, -5.50239896774, 23.9979228973, 0.886001765728, 0.0507114268839, 33.1346893311, 42.215549469, 106.35634613, 31.9622173309, -7.3384771347], [-167.48097229, 99.8412246704, 18.6289520264, -8.51606845856, -2.74502110481, 11.7184619904, 11.6948757172, 1.54625177383, -7.54762029648, 11.5902986526, 31.9622173309, 142.471740723, 20.0875453949], [267.077850342, -56.2229194641, -121.867454529, 3.30844211578, 58.5593490601, 9.87371730804, 42.2855453491, 28.0991420746, -5.34960746765, -5.23567819595, -7.3384771347, 20.0875453949, 97.4053573608]], "icov": [[0.000145805184729, 6.35775941191e-05, 0.000177472174983, 0.000198135152459, -1.23388381326e-05, 4.60158133819e-07, -8.4255465481e-05, 0.000109257183794, -0.000250909186434, 0.00027019274421, -0.000135072375997, 0.000140464951983, -0.000173747437657], [6.35775941191e-05, 0.000387134670746, 0.00011054744391, 0.000137113835081, 0.000169478051248, 6.69240471325e-05, -0.000204844589462, -4.88113837491e-05, 0.00026655261172, -0.000275777478237, 0.000398607662646, -0.000277839077171, 0.000264264061116], [0.000177472174983, 0.00011054744391, 0.000641910417471, 0.000227501193876, -5.69804433326e-05, 6.74748589518e-05, 0.000280236446997, -0.000267475901637, -0.000138653980684, 0.000640979269519, -0.000686603598297, 8.44574460643e-05, 0.000313198164804], [0.000198135152459, 0.000137113835081, 0.000227501193876, 0.0015159934992, -0.000207240780583, -3.19280443364e-05, 0.000178865375347, -0.000353113980964, -0.000911011069547, -3.33679017785e-05, 0.000296019105008, 9.14780321182e-05, -0.000127331164549], [-1.23388381326e-05, 0.000169478051248, -5.69804433326e-05, -0.000207240780583, 0.00294693489559, -0.000658469391055, 0.00021516547713, -0.000567763694562, 0.000368664681446, -0.00173374963924, 0.000917303957976, 0.000141630778671, -0.00160018668976], [4.60158133819e-07, 6.69240471325e-05, 6.74748589518e-05, -3.19280443364e-05, -0.000658469391055, 0.00468539632857, -0.00257982523181, 0.00141128490213, -0.00234807701781, 0.00221688859165, -0.00104153656866, -0.000436717818957, 0.000758418173064], [-8.4255465481e-05, -0.000204844589462, 0.000280236446997, 0.000178865375347, 0.00021516547713, -0.00257982523181, 0.0104113575071, -0.0076906918548, 0.00405810773373, -0.00088194408454, -0.00107414717786, 0.000226026008022, -0.00166377949063], [0.000109257183794, -4.88113837491e-05, -0.000267475901637, -0.000353113980964, -0.000567763694562, 0.00141128490213, -0.0076906918548, 0.0162220578641, -0.00696715433151, -0.000138031740789, 0.00204842817038, -2.74256799457e-05, -0.00202320888638], [-0.000250909186434, 0.00026655261172, -0.000138653980684, -0.000911011069547, 0.000368664681446, -0.00234807701781, 0.00405810773373, -0.00696715433151, 0.0119373416528, -0.00292777246796, -0.00187358609401, 0.000545172777493, 0.00120848882943], [0.00027019274421, -0.000275777478237, 0.000640979269519, -3.33679017785e-05, -0.00173374963924, 0.00221688859165, -0.00088194408454, -0.000138031740789, -0.00292777246796, 0.0117487981915, -0.00507059320807, 0.000140244868817, 0.00120312336367], [-0.000135072375997, 0.000398607662646, -0.000686603598297, 0.000296019105008, 0.000917303957976, -0.00104153656866, -0.00107414717786, 0.00204842817038, -0.00187358609401, -0.00507059320807, 0.0142582887784, -0.00311769125983, 0.000502545386553], [0.000140464951983, -0.000277839077171, 8.44574460643e-05, 9.14780321182e-05, 0.000141630778671, -0.000436717818957, 0.000226026008022, -2.74256799457e-05, 0.000545172777493, 0.000140244868817, -0.00311769125983, 0.0084653897211, -0.00251723406836], [-0.000173747437657, 0.000264264061116, 0.000313198164804, -0.000127331164549, -0.00160018668976, 0.000758418173064, -0.00166377949063, -0.00202320888638, 0.00120848882943, 0.00120312336367, 0.000502545386553, -0.00251723406836, 0.0141705814749]]}, "spectral_contrast_coeffs": {"dmean": [0.035855371505, 0.0325988046825, 0.0332038588822, 0.0316849462688, 0.0216567255557, 0.0274874195457], "dmean2": [0.0590368844569, 0.0533677749336, 0.053739875555, 0.0521176718175, 0.0361646004021, 0.043178524822], "dvar": [0.00120150856674, 0.00105431803968, 0.0010516702896, 0.00104369223118, 0.000521651527379, 0.000923702376895], "dvar2": [0.00304388371296, 0.00260885059834, 0.00254457397386, 0.00255649653263, 0.00132872734684, 0.00184741872363], "max": [-0.272937268019, -0.314435064793, -0.423118829727, -0.506032049656, -0.589081585407, -0.581087827682], "mean": [-0.597503244877, -0.690407693386, -0.731535613537, -0.764960229397, -0.817972123623, -0.812364578247], "median": [-0.613184213638, -0.699151396751, -0.74333101511, -0.765388727188, -0.819265127182, -0.808679461479], "min": [-0.963041245937, -0.975984215736, -0.968526899815, -0.97012335062, -0.956070840359, -0.964057683945], "var": [0.0127978827804, 0.0100086089224, 0.00733470637351, 0.00647251214832, 0.00533776124939, 0.00766553031281]}, "spectral_contrast_valleys": {"dmean": [0.300654679537, 0.26806768775, 0.321624010801, 0.408392310143, 0.406881183386, 0.764711976051], "dmean2": [0.484650671482, 0.440185874701, 0.521001577377, 0.660694956779, 0.639502704144, 1.13814234734], "dvar": [0.118078559637, 0.106352850795, 0.182957917452, 0.404150724411, 0.541495919228, 1.2200524807], "dvar2": [0.2382581532, 0.215165257454, 0.373815149069, 0.802439570427, 1.0603