{"lowlevel": {"average_loudness": 0.952687263489, "barkbands_crest": {"dmean": 3.16836214066, "dmean2": 4.56374788284, "dvar": 12.2214975357, "dvar2": 20.1317367554, "max": 26.8543872833, "mean": 15.258020401, "median": 15.1760473251, "min": 2.17778110504, "var": 53.5825157166}, "barkbands_flatness_db": {"dmean": 0.037580139935, "dmean2": 0.0470471009612, "dvar": 0.0015017632395, "dvar2": 0.00242906576023, "max": 0.6063991189, "mean": 0.184600487351, "median": 0.168544366956, "min": 0.0158942583948, "var": 0.00935192778707}, "barkbands_kurtosis": {"dmean": 25.8622074127, "dmean2": 36.887298584, "dvar": 11509.8408203, "dvar2": 23233.421875, "max": 4102.99707031, "mean": 38.6570129395, "median": 4.16438341141, "min": -1.97062134743, "var": 24497.8164062}, "barkbands_skewness": {"dmean": 1.38771533966, "dmean2": 1.83168017864, "dvar": 4.80424690247, "dvar2": 8.28443050385, "max": 58.8290977478, "mean": 3.23229026794, "median": 1.98808944225, "min": -2.69112658501, "var": 19.0558433533}, "barkbands_spread": {"dmean": 11.8139028549, "dmean2": 16.9874897003, "dvar": 277.199768066, "dvar2": 493.84942627, "max": 135.012191772, "mean": 29.7472763062, "median": 18.8838100433, "min": 0.077386058867, "var": 862.839477539}, "dissonance": {"dmean": 0.0216229744256, "dmean2": 0.0355236157775, "dvar": 0.000527226366103, "dvar2": 0.00135361310095, "max": 0.5, "mean": 0.45726364851, "median": 0.467923343182, "min": 0.19930100441, "var": 0.00146070844494}, "dynamic_complexity": 3.33786487579, "erbbands_crest": {"dmean": 2.97610831261, "dmean2": 4.80078554153, "dvar": 8.92262649536, "dvar2": 23.0164432526, "max": 30.6040859222, "mean": 9.5290517807, "median": 7.98670911789, "min": 2.1595261097, "var": 26.7250614166}, "erbbands_flatness_db": {"dmean": 0.0228803735226, "dmean2": 0.0325730070472, "dvar": 0.000546199386008, "dvar2": 0.0010677461978, "max": 0.416878372431, "mean": 0.136526942253, "median": 0.125167444348, "min": 0.0230669509619, "var": 0.00345502281561}, "erbbands_kurtosis": {"dmean": 1.55694568157, "dmean2": 2.47527289391, "dvar": 7.14354085922, "dvar2": 15.441400528, "max": 65.4064407349, "mean": 1.14623975754, "median": -0.0737414360046, "min": -1.83861649036, "var": 14.8373661041}, "erbbands_skewness": {"dmean": 0.508555531502, "dmean2": 0.759337365627, "dvar": 0.289532333612, "dvar2": 0.58866339922, "max": 6.9482831955, "mean": 0.272365838289, "median": 0.294231265783, "min": -5.21944189072, "var": 1.32036221027}, "erbbands_spread": {"dmean": 15.0332479477, "dmean2": 23.01313591, "dvar": 307.326843262, "dvar2": 690.395996094, "max": 195.8462677, "mean": 53.5812072754, "median": 49.9970397949, "min": 2.93760466576, "var": 820.480957031}, "hfc": {"dmean": 31.829246521, "dmean2": 46.8569335938, "dvar": 3089.82446289, "dvar2": 6606.17822266, "max": 1134.14807129, "mean": 60.5720100403, "median": 23.7112941742, "min": 2.32216416235e-12, "var": 8211.01855469}, "melbands_crest": {"dmean": 3.62032914162, "dmean2": 5.12968969345, "dvar": 14.7984876633, "dvar2": 31.4195785522, "max": 37.9348335266, "mean": 20.1771430969, "median": 20.1789493561, "min": 2.293861866, "var": 79.6176223755}, "melbands_flatness_db": {"dmean": 0.0443341545761, "dmean2": 0.0543965362012, "dvar": 0.00204667914659, "dvar2": 0.00323971477337, "max": 0.763898193836, "mean": 0.256050974131, "median": 0.241525605321, "min": 0.00880787800997, "var": 0.016931861639}, "melbands_kurtosis": {"dmean": 35.9448318481, "dmean2": 51.5431365967, "dvar": 6063.69384766, "dvar2": 12607.9433594, "max": 1778.0892334, "mean": 63.8885803223, "median": 19.5106124878, "min": -1.65748798847, "var": 15740.3476562}, "melbands_skewness": {"dmean": 1.58770382404, "dmean2": 2.2288210392, "dvar": 3.64757514, "dvar2": 7.29784154892, "max": 32.5728302002, "mean": 4.99328804016, "median": 3.80428671837, "min": -1.18453073502, "var": 16.8043479919}, "melbands_spread": {"dmean": 9.89985847473, "dmean2": 14.1397275925, "dvar": 244.763122559, "dvar2": 497.129608154, "max": 233.349441528, "mean": 24.0777664185, "median": 13.4656171799, "min": 0.117896132171, "var": 893.711425781}, "pitch_salience": {"dmean": 0.0959184840322, "dmean2": 0.135704517365, "dvar": 0.0107457451522, "dvar2": 0.0216373763978, "max": 0.97769588232, "mean": 0.402134507895, "median": 0.39698395133, "min": 0.0069632763043, "var": 0.0475017130375}, "silence_rate_20dB": {"dmean": 0, "dmean2": 0, "dvar": 0, "dvar2": 0, "max": 1, "mean": 1, "median": 1, "min": 1, "var": 0}, "silence_rate_30dB": {"dmean": 0.11610250175, "dmean2": 0.232241734862, "dvar": 0.102626018226, "dvar2": 0.188122928143, "max": 1, "mean": 0.698402643204, "median": 1, "min": 0, "var": 0.210634052753}, "silence_rate_60dB": {"dmean": 0.0132869342342, "dmean2": 0.0264198705554, "dvar": 0.0131097259, "dvar2": 0.0282532162964, "max": 1, "mean": 0.065317094326, "median": 0, "min": 0, "var": 0.0610514171422}, "spectral_centroid": {"dmean": 377.86138916, "dmean2": 559.900024414, "dvar": 204055.1875, "dvar2": 390000.5, "max": 6322.07568359, "mean": 1660.90356445, "median": 1481.72558594, "min": 73.5271606445, "var": 1063242.5}, "spectral_complexity": {"dmean": 4.51882314682, "dmean2": 6.5951590538, "dvar": 37.5425186157, "dvar2": 65.0106964111, "max": 59, "mean": 15.4686069489, "median": 14, "min": 0, "var": 113.739891052}, "spectral_decrease": {"dmean": 6.04168937102e-09, "dmean2": 7.67179297867e-09, "dvar": 5.77531150937e-17, "dvar2": 1.03089256576e-16, "max": 3.74148845478e-28, "mean": -1.82692261319e-08, "median": -1.36743905088e-08, "min": -8.10590492506e-08, "var": 2.91926728898e-16}, "spectral_energy": {"dmean": 0.0235761608928, "dmean2": 0.0304695852101, "dvar": 0.000814767845441, "dvar2": 0.00148991157766, "max": 0.307653069496, "mean": 0.0744461938739, "median": 0.0598078332841, "min": 2.10625714058e-16, "var": 0.00420415215194}, "spectral_energyband_high": {"dmean": 0.00286674709059, "dmean2": 0.00417693099007, "dvar": 2.63482652372e-05, "dvar2": 5.48372918274e-05, "max": 0.105119027197, "mean": 0.00516495993361, "median": 0.0011381827062, "min": 1.43405417592e-16, "var": 8.65277979756e-05}, "spectral_energyband_low": {"dmean": 0.0216549243778, "dmean2": 0.0272453036159, "dvar": 0.000908659421839, "dvar2": 0.00154814275447, "max": 0.302588433027, "mean": 0.0571730099618, "median": 0.0340993888676, "min": 4.48554300191e-19, "var": 0.00415598554537}, "spectral_energyband_middle_high": {"dmean": 0.00177265366074, "dmean2": 0.00265479460359, "dvar": 9.55375799094e-06, "dvar2": 1.96369837795e-05, "max": 0.046399153769, "mean": 0.00383541779593, "median": 0.00205333624035, "min": 3.26237022653e-17, "var": 2.41232901317e-05}, "spectral_energyband_middle_low": {"dmean": 0.00477448990569, "dmean2": 0.00797624327242, "dvar": 6.79682852933e-05, "dvar2": 0.000176599103725, "max": 0.0908211991191, "mean": 0.0087507693097, "median": 0.00616915989667, "min": 9.60759693569e-18, "var": 9.72806446953e-05}, "spectral_entropy": {"dmean": 0.244687214494, "dmean2": 0.336247712374, "dvar": 0.0789874494076, "dvar2": 0.133191272616, "max": 9.05378437042, "mean": 7.71173238754, "median": 7.79436826706, "min": 5.07493829727, "var": 0.42474386096}, "spectral_flux": {"dmean": 0.0432811416686, "dmean2": 0.0626520812511, "dvar": 0.00206247554161, "dvar2": 0.00448672147468, "max": 0.444348692894, "mean": 0.113722577691, "median": 0.0986691638827, "min": 1.91404478755e-06, "var": 0.00550528522581}, "spectral_kurtosis": {"dmean": 1.72294032574, "dmean2": 2.54188942909, "dvar": 23.2421951294, "dvar2": 53.8207473755, "max": 207.771209717, "mean": 4.18008852005, "median": 2.34580659866, "min": -1.39177691936, "var": 118.563346863}, "spectral_rms": {"dmean": 0.00137184991036, "dmean2": 0.00175462267362, "dvar": 2.06974254979e-06, "dvar2": 3.44156296705e-06, "max": 0.0173248182982, "mean": 0.00752635439858, "median": 0.0076386583969, "min": 4.53308390824e-10, "var": 1.59845385497e-05}, "spectral_rolloff": {"dmean": 1400.08068848, "dmean2": 2338.25732422, "dvar": 7651430.5, "dvar2": 15278924, "max": 19207.6171875, "mean": 2711.8371582, "median": 667.529296875, "min": 21.533203125, "var": 14169293}, "spectral_skewness": {"dmean": 0.272394925356, "dmean2": 0.389672458172, "dvar": 0.146030277014, "dvar2": 0.287744253874, "max": 11.2943916321, "mean": 1.46071195602, "median": 1.31727850437, "min": -0.475148558617, "var": 0.906537890434}, "spectral_spread": {"dmean": 1224666.375, "dmean2": 1729199.25, "dvar": 2975966953470.0, "dvar2": 6399133220860.0, "max": 19935522, "mean": 7069191.5, "median": 6456546.5, "min": 396954.28125, "var": 9273205587970.0}, "spectral_strongpeak": {"dmean": 0.511580705643, "dmean2": 0.845610976219, "dvar": 3.1342458725, "dvar2": 7.96446657181, "max": 47.7976264954, "mean": 1.04988646507, "median": 0.776049375534, "min": 0, "var": 5.84387302399}, "zerocrossingrate": {"dmean": 0.0268784854561, "dmean2": 0.0294821914285, "dvar": 0.00122815032955, "dvar2": 0.00136469583958, "max": 0.4892578125, "mean": 0.0867139771581, "median": 0.060546875, "min": 0.001953125, "var": 0.00637612398714}, "barkbands": {"dmean": [0.00106313428842, 0.0206178147346, 0.00408823369071, 0.00100108899642, 0.00117915053852, 0.000937286880799, 0.000960541015957, 0.000790492573287, 0.00120581500232, 0.000304950284772, 0.000426851882366, 0.000249054050073, 0.00022828784131, 0.000244199385634, 0.000303281442029, 0.000197121160454, 0.00016006428632, 0.000139272160595, 0.000162073949468, 0.000350911723217, 0.00016936994507, 0.00028108083643, 0.000440219591837, 0.000724859710317, 0.000720430747606, 0.000828597811051, 0.000163987089763], "dmean2": [0.00107311678585, 0.0243638549, 0.00728945014998, 0.00189007795416, 0.00203649909236, 0.00157560769003, 0.00163656508084, 0.00134637730662, 0.0018859191332, 0.000483682146296, 0.000666087318677, 0.000398431002395, 0.000367443280993, 0.000390637898818, 0.000476738554426, 0.000309930939693, 0.000252108089626, 0.000218509099795, 0.000251114368439, 0.000528001924977, 0.000250187586062, 0.000433385692304, 0.000643251114525, 0.0010749589419, 0.00106017279904, 0.0013384281192, 0.00026291332324], "dvar": [3.21852553498e-06, 0.000893804652151, 0.000165846970049, 1.08140648081e-05, 9.53070230025e-06, 2.85939313471e-06, 5.27747488377e-06, 4.41517022409e-06, 1.47174077938e-05, 5.72286694478e-07, 9.02648366718e-07, 4.37016780097e-07, 3.25141769508e-07, 4.14567324469e-07, 8.33316562421e-07, 2.34198822113e-07, 1.26999537997e-07, 1.02796789747e-07, 1.64630677091e-07, 6.65634672714e-07, 1.04329949124e-07, 5.08024186274e-07, 1.6427037508e-06, 4.12290592067e-06, 3.07134519062e-06, 4.00989620175e-06, 1.39713762337e-07], "dvar2": [3.92526408177e-06, 0.00133374542929, 0.000442475109594, 3.12082847813e-05, 2.64235950453e-05, 7.41497797208e-06, 1.44924078995e-05, 1.25393789858e-05, 3.26345252688e-05, 1.28549049805e-06, 1.95433904082e-06, 1.10115013285e-06, 7.94019911154e-07, 9.99435883386e-07, 1.89658555882e-06, 5.67035044696e-07, 3.01756273302e-07, 2.58672514519e-07, 4.20782384936e-07, 1.49770050939e-06, 2.20086008085e-07, 1.19890967198e-06, 3.69575514014e-06, 8.9138502517e-06, 6.08843038208e-06, 9.88398642221e-06, 3.30498323819e-07], "max": [0.0235732235014, 0.292726248503, 0.154091089964, 0.0676203519106, 0.0380236208439, 0.036096971482, 0.0461800582707, 0.0444592088461, 0.0831885188818, 0.0210197698325, 0.0234160218388, 0.0195222012699, 0.00793468393385, 0.0164986997843, 0.0219657607377, 0.00951607525349, 0.00502484990284, 0.00422444706783, 0.00946015957743, 0.0184326171875, 0.00460444483906, 0.0185322035104, 0.0275899320841, 0.0463877394795, 0.0543588362634, 0.0271789133549, 0.00271294824779], "mean": [0.00202312413603, 0.0517568364739, 0.00299854902551, 0.000718830036931, 0.00169112009462, 0.00161823083181, 0.00187107897364, 0.00100013788324, 0.00173683883622, 0.000514517654665, 0.000825231370982, 0.000371367234038, 0.000264432223048, 0.000330585695338, 0.000383357255487, 0.000258065207163, 0.000210617232369, 0.000183281648788, 0.00025004366762, 0.000608200149145, 0.000272648379905, 0.000493216561154, 0.000758163107093, 0.00128970737569, 0.0010602476541, 0.000809655757621, 0.000148231833009], "median": [6.89084918122e-05, 0.022493802011, 0.000283892964944, 0.000127602543216, 0.000977543182671, 0.00111212243792, 0.000970708148088, 0.000259818712948, 0.000499031739309, 0.000125796796056, 0.000200264621526, 8.58157218318e-05, 6.71279995004e-05, 9.67789019342e-05, 7.63648349675e-05, 7.75604639784e-05, 7.14271081961e-05, 6.30391077721e-05, 0.000105957413325, 0.000140915479278, 0.000105337916466, 0.000160316034453, 0.000110918968858, 0.000135639958899, 9.29044326767e-05, 4.80278868054e-05, 1.07395217128e-05], "min": [2.5074561784e-20, 1.14765377556e-19, 1.83069777863e-19, 3.06465505566e-19, 1.37013834772e-18, 2.08786156193e-18, 2.28925129656e-18, 1.87589177368e-18, 1.45019588593e-18, 8.02783230579e-19, 1.74436157768e-18, 4.49801750593e-18, 4.90044749138e-18, 1.59428837049e-18, 1.10727554849e-18, 3.38328326986e-18, 1.44405986015e-18, 9.08459296824e-18, 3.23110271666e-18, 1.76495713416e-18, 9.37394240088e-18, 5.57088978557e-18, 1.01534989168e-17, 2.06206663763e-17, 2.85906574574e-17, 3.36468882871e-17, 3.67409871469e-17], "var": [1.3400489479e-05, 0.00379660027102, 0.000112881309178, 6.11464247413e-06, 8.37645620777e-06, 4.36873051513e-06, 1.11521185318e-05, 5.55625501875e-06, 2.55326885963e-05, 2.0135221348e-06, 4.53699067293e-06, 7.67727271977e-07, 3.69930404531e-07, 5.80293658459e-07, 1.26955353608e-06, 3.01166693362e-07, 1.67468868995e-07, 1.17459102e-07, 2.11086430113e-07, 1.96504015548e-06, 1.95846510564e-07, 9.60812485573e-07, 4.0839840949e-06, 1.18070183817e-05, 7.27408541934e-06, 4.63239075543e-06, 1.34559357434e-07]}, "erbbands": {"dmean": [0.846762180328, 4.06584405899, 4.70668697357, 3.93249082565, 3.2467610836, 4.22536420822, 7.24966335297, 6.72166633606, 9.21043395996, 20.6465511322, 22.1682395935, 24.2513847351, 9.6063709259, 12.2472810745, 14.372256279, 9.18159866333, 10.1398525238, 12.2780914307, 10.2369709015, 17.3636684418, 9.94797039032, 8.83640575409, 7.16854095459, 7.30256557465, 10.6212615967, 17.3357982635, 8.72926807404, 6.33450889587, 8.39534950256, 12.7193346024, 12.9415283203, 18.6960048676, 9.7616071701, 5.9049448967, 6.50515174866, 4.27342128754, 1.26795387268, 0.258254885674, 0.0255941301584, 0.00185061991215], "dmean2": [0.883714735508, 5.26659727097, 7.94443750381, 7.23021841049, 5.8272819519, 7.42748451233, 11.905916214, 11.3657751083, 15.3481149673, 36.3133888245, 35.3389167786, 38.137298584, 15.5481557846, 19.2148189545, 22.3479270935, 14.7516956329, 16.2397346497, 19.5388793945, 16.3042316437, 27.1240558624, 15.6317481995, 14.0515213013, 11.1319675446, 11.4380521774, 16.0149593353, 26.2182426453, 13.0019369125, 9.26802539825, 12.5807752609, 20.0702514648, 18.7449798584, 27.6848888397, 14.8355541229, 8.87281513214, 9.57823848724, 6.66301870346, 2.07415366173, 0.43069472909, 0.0414652004838, 0.00292985374108], "dvar": [1.64643788338, 35.069442749, 167.526351929, 150.327987671, 86.0713195801, 134.171325684, 197.911895752, 144.930770874, 415.222473145, 3515.43383789, 4195.54003906, 5727.86669922, 513.165405273, 721.201049805, 1115.10412598, 491.152038574, 620.676147461, 1149.17956543, 848.20135498, 2363.51464844, 500.232269287, 396.044403076, 236.270004272, 277.382171631, 756.758911133, 1971.92944336, 290.667755127, 149.660812378, 285.465148926, 2112.00805664, 1539.28710938, 3878.77026367, 619.896179199, 253.936050415, 279.254547119, 122.067901611, 9.53834724426, 0.43179038167, 0.0034709922038, 1.85314765986e-05], "dvar2": [1.67741644382, 67.6523971558, 439.911132812, 419.125915527, 240.772125244, 375.45513916, 499.024688721, 387.133880615, 1006.70770264, 11064.0869141, 9554.33300781, 13309.4189453, 1241.27941895, 1584.22253418, 2561.56567383, 1211.20336914, 1532.87243652, 2745.14257812, 2046.46008301, 5360.18359375, 1182.11804199, 962.081176758, 568.57824707, 701.994140625, 1892.23095703, 4539.40869141, 623.218139648, 326.302185059, 650.360290527, 5307.1171875, 3402.13598633, 8540.86230469, 1430.88464355, 573.988586426, 560.467285156, 280.685028076, 24.6505203247, 1.15520477295, 0.00842330045998, 4.09299973398e-05], "max": [13.3144769669, 58.5617370605, 162.389694214, 205.985031128, 125.004730225, 154.232315063, 425.052246094, 299.646820068, 391.5574646, 1049.63134766, 1165.04602051, 1478.00061035, 573.251098633, 676.547668457, 931.775512695, 511.919006348, 325.388427734, 890.954528809, 613.698547363, 1272.53918457, 370.529449463, 222.815795898, 208.559463501, 309.977783203, 662.781494141, 1055.67492676, 283.848999023, 159.703781128, 328.426971436, 1501.16064453, 895.649353027, 1561.63391113, 511.039367676, 389.532867432, 578.904785156, 208.067718506, 30.2594089508, 5.88953828812, 0.411120861769, 0.0361334346235], "mean": [1.97803163528, 9.5223274231, 5.86846637726, 2.90385580063, 3.47856998444, 5.51411819458, 13.6451072693, 10.6865997314, 17.3543968201, 34.5578842163, 31.4644680023, 35.4690361023, 16.6591815948, 21.5556640625, 28.3755111694, 14.7338609695, 12.8485107422, 17.0968170166, 12.772236824, 23.4669513702, 14.0421066284, 11.6921596527, 10.0869035721, 10.7071123123, 18.0067768097, 29.5692214966, 14.7308645248, 10.8471431732, 15.4912042618, 20.9750232697, 22.6576461792, 32.5426864624, 16.5541114807, 9.36773586273, 8.57001781464, 4.68677282333, 1.18630719185, 0.220099389553, 0.0229989867657, 0.00169842934702], "median": [0.53114926815, 4.50837087631, 1.88349211216, 0.732163131237, 0.603981792927, 2.85501122475, 10.8433761597, 8.09334945679, 10.0422735214, 8.62176322937, 9.08336925507, 10.1693315506, 6.56824588776, 7.41590213776, 7.25760698318, 4.14161300659, 3.75447416306, 4.83070898056, 3.96793222427, 5.73382997513, 4.72803544998, 4.12880992889, 3.84490799904, 4.48217105865, 6.65922451019, 6.65761518478, 5.14850711823, 4.45221376419, 5.31620979309, 4.35663366318, 3.22831130028, 2.87049674988, 2.0398042202, 1.11990392208, 0.619962453842, 0.242854133248, 0.0799448490143, 0.0136707024649, 0.00175427796785, 0.000243634276558], "min": [2.85135381681e-18, 2.92243936119e-17, 1.72141870596e-16, 6.82422046593e-16, 2.06307600974e-15, 5.0929588136e-15, 1.06368737332e-14, 1.91188261918e-14, 2.94763433768e-14, 3.84190360189e-14, 4.07019659946e-14, 3.3643508308e-14, 2.49505734948e-14, 3.88901794611e-14, 1.01622032458e-13, 1.95058487591e-13, 2.25644183243e-13, 1.25405572428e-13, 3.54055875601e-14, 1.29106672727e-13, 1.62214087106e-13, 1.0227150344e-13, 4.27231763422e-13, 3.66361861638e-13, 9.62786707998e-14, 7.71981762369e-14, 3.92794412447e-13, 2.38361603675e-13, 1.50393735551e-13, 2.92258513397e-13, 2.47965195469e-13, 2.96815930124e-13, 3.90035551599e-13, 2.36550714997e-13, 2.85117226053e-13, 1.6226810748e-13, 5.94647554396e-14, 1.83430930899e-14, 4.79558926275e-15, 6.90154292731e-16], "var": [8.21466350555, 116.760040283, 142.412963867, 92.4164047241, 61.7335624695, 106.501602173, 331.26260376, 188.43371582, 755.806030273, 6110.97509766, 6928.98242188, 9920.92773438, 1342.20556641, 1616.20422363, 5720.45166016, 888.588745117, 743.580566406, 1672.7019043, 928.677185059, 3789.3203125, 804.581542969, 499.824951172, 302.909515381, 341.450805664, 1427.93139648, 5182.33789062, 706.240600586, 289.404144287, 756.866821289, 2953.98388672, 3900.4921875, 10241.6162109, 1692.99377441, 614.626586914, 566.72869873, 180.848632812, 9.31406879425, 0.335520267487, 0.00319950724952, 1.91860181076e-05]}, "gfcc": {"mean": [6.51252317429, 47.1672058105, -82.7480392456, 24.9621200562, -57.1880912781, 20.0617523193, -24.1239414215, 17.4015026093, -12.9432382584, 12.8897609711, -7.57805585861, 6.80301761627, -4.6971578598], "cov": [[12774.6298828, -645.421875, 2616.26611328, 947.398498535, 343.442016602, 429.019683838, -188.498947144, 498.460876465, 72.022567749, 350.19052124, -138.584777832, 11.6403999329, -133.195541382], [-645.421875, 3023.26269531, 718.946533203, -55.2024269104, 291.154449463, -365.161254883, 269.280853271, -161.533935547, 121.724327087, 2.7521879673, 107.367706299, 8.9683675766, 135.985061646], [2616.26611328, 718.946533203, 2708.5065918, 421.070678711, 774.578308105, 331.509796143, 298.409606934, 368.104431152, 237.111572266, 287.680908203, 58.4636726379, 127.98135376, 0.0429938547313], [947.398498535, -55.2024269104, 421.070678711, 839.983398438, 267.59173584, 267.022277832, 164.598480225, 154.594650269, 174.655792236, 70.4755935669, 57.0054969788, 13.2875795364, 74.0472717285], [343.442016602, 291.154449463, 774.578308105, 267.59173584, 875.252685547, 242.448348999, 353.792236328, 180.401245117, 135.16619873, 132.137786865, 43.7180671692, 86.3285522461, -13.3206453323], [429.019683838, -365.161254883, 331.509796143, 267.022277832, 242.448348999, 546.353820801, 223.483886719, 187.985137939, 129.726211548, 98.7532653809, 77.3132400513, 47.0432510376, 15.7538719177], [-188.498947144, 269.280853271, 298.409606934, 164.598480225, 353.792236328, 223.483886719, 414.953582764, 158.400268555, 135.152389526, 108.335800171, 86.7032699585, 62.0934104919, 40.0675811768], [498.460876465, -161.533935547, 368.104431152, 154.594650269, 180.401245117, 187.985137939, 158.400268555, 313.987487793, 161.114685059, 126.24193573, 51.0330886841, 23.4666938782, 32.934551239], [72.022567749, 121.724327087, 237.111572266, 174.655792236, 135.16619873, 129.726211548, 135.152389526, 161.114685059, 239.212249756, 102.29750061, 65.8097839355, 15.5691871643, 47.8306922913], [350.19052124, 2.7521879673, 287.680908203, 70.4755935669, 132.137786865, 98.7532653809, 108.335800171, 126.24193573, 102.29750061, 177.396911621, 59.1785621643, 44.7087783813, 19.5236873627], [-138.584777832, 107.367706299, 58.4636726379, 57.0054969788, 43.7180671692, 77.3132400513, 86.7032699585, 51.0330886841, 65.8097839355, 59.1785621643, 135.222229004, 47.3916969299, 38.9125022888], [11.6403999329, 8.9683675766, 127.98135376, 13.2875795364, 86.3285522461, 47.0432510376, 62.0934104919, 23.4666938782, 15.5691871643, 44.7087783813, 47.3916969299, 123.259399414, 25.2714290619], [-133.195541382, 135.985061646, 0.0429938547313, 74.0472717285, -13.3206453323, 15.7538719177, 40.0675811768, 32.934551239, 47.8306922913, 19.5236873627, 38.9125022888, 25.2714290619, 127.995422363]], "icov": [[0.000127015402541, -4.68187636216e-06, -0.000106267441879, -0.000145631056512, 6.14915115875e-05, -4.49575236416e-05, 0.00017405791732, -0.000157070651767, 0.00019522056391, -0.000214265077375, 0.000156737660291, -3.59079353984e-06, 0.000132086250233], [-4.68187636216e-06, 0.000704257807229, -0.000319069222314, 0.000169947816175, -9.36931828619e-05, 0.000752086110879, -0.000771738647018, 0.000939586607274, -0.000608351663686, 0.000397416210035, -0.00063152902294, 0.000571282347664, -0.000707884551957], [-0.000106267441879, -0.000319069222314, 0.000825484399684, -7.40853865864e-05, -0.000418018433265, -0.000320799503243, 0.000431477150414, -0.000608281698078, 9.53197959461e-05, -0.000511901220307, 0.000361192593118, -0.00053441018099, 0.000326580542605], [-0.000145631056512, 0.000169947816175, -7.40853865864e-05, 0.00190216128249, -0.000411185726989, -0.000370282068616, -0.000224910880206, 0.000465498160338, -0.00111792678945, 0.000719190400559, -0.000382805708796, 0.000595090910792, -0.00117215572391], [6.14915115875e-05, -9.36931828619e-05, -0.000418018433265, -0.000411185726989, 0.0023851916194, -0.000113500624138, -0.00148995639756, -0.00015859681298, 0.000110203531221, -0.000214904939639, 0.000825633818749, -0.000841450353619, 0.00107770145405], [-4.49575236416e-05, 0.000752086110879, -0.000320799503243, -0.000370282068616, -0.000113500624138, 0.00371083780192, -0.00173785095103, 5.77590471948e-05, -0.000660277612042, 0.000550490804017, -0.00133579492103, 0.000258407206275, -5.30367833562e-05], [0.00017405791732, -0.000771738647018, 0.000431477150414, -0.000224910880206, -0.00148995639756, -0.00173785095103, 0.00607318710536, -0.00181290588807, 0.000260543078184, -0.00108465424273, -0.000407830433687, -0.000899819657207, 0.000124911515741], [-0.000157070651767, 0.000939586607274, -0.000608281698078, 0.000465498160338, -0.00015859681298, 5.77590471948e-05, -0.00181290588807, 0.00779187306762, -0.00343412160873, -0.00133131083567, -0.00039917891263, 0.00143837020732, -0.00156808190513], [0.00019522056391, -0.000608351663686, 9.53197959461e-05, -0.00111792678945, 0.000110203531221, -0.000660277612042, 0.000260543078184, -0.00343412160873, 0.00900685135275, -0.00261864042841, -0.000853083038237, 0.00098975293804, -0.000511415710207], [-0.000214265077375, 0.000397416210035, -0.000511901220307, 0.000719190400559, -0.000214904939639, 0.000550490804017, -0.00108465424273, -0.00133131083567, -0.00261864042841, 0.0107990242541, -0.00261115282774, -0.00138216163032, -7.10418316885e-05], [0.000156737660291, -0.00063152902294, 0.000361192593118, -0.000382805708796, 0.000825633818749, -0.00133579492103, -0.000407830433687, -0.00039917891263, -0.000853083038237, -0.00261115282774, 0.011950770393, -0.00348790292628, -0.000691370631102], [-3.59079353984e-06, 0.000571282347664, -0.00053441018099, 0.000595090910792, -0.000841450353619, 0.000258407206275, -0.000899819657207, 0.00143837020732, 0.00098975293804, -0.00138216163032, -0.00348790292628, 0.011467795819, -0.00252543669194], [0.000132086250233, -0.000707884551957, 0.000326580542605, -0.00117215572391, 0.00107770145405, -5.30367833562e-05, 0.000124911515741, -0.00156808190513, -0.000511415710207, -7.10418316885e-05, -0.000691370631102, -0.00252543669194, 0.010774128139]]}, "melbands": {"dmean": [0.00648311059922, 0.00299636856653, 0.000662136415485, 0.000267252908088, 0.000231425496168, 0.000158718554303, 0.00015034514945, 0.000209768593777, 0.000217829030589, 0.000136977818329, 4.71560088044e-05, 4.91450846312e-05, 5.72807548451e-05, 2.94715664495e-05, 2.66489714704e-05, 2.04820953513e-05, 2.42448113568e-05, 1.52771390276e-05, 2.60327415162e-05, 1.70546991285e-05, 1.17265990411e-05, 9.86096347333e-06, 8.00558609626e-06, 6.10469351159e-06, 6.06922048974e-06, 6.5386998358e-06, 1.08450458356e-05, 1.23685567814e-05, 6.36606091575e-06, 4.0766803977e-06, 3.72443196284e-06, 4.67936570203e-06, 6.4603627834e-06, 7.53552058086e-06, 6.93906576998e-06, 1.09272996269e-05, 1.20440045066e-05, 7.57851194066e-06, 5.85619045523e-06, 4.85629698233e-06], "dmean2": [0.00732976384461, 0.00453664595261, 0.00119557243306, 0.000469971477287, 0.000382923695724, 0.000267782219453, 0.000251731340541, 0.000369913090253, 0.000343417690601, 0.000215846652281, 7.63082498452e-05, 7.67576420913e-05, 8.85708504939e-05, 4.71436942462e-05, 4.39186660515e-05, 3.30194634444e-05, 3.89193337469e-05, 2.48138439929e-05, 4.10448374168e-05, 2.71527878795e-05, 1.86114266398e-05, 1.588062878e-05, 1.26772129079e-05, 9.55370978772e-06, 9.64095397649e-06, 1.00595834738e-05, 1.63284566952e-05, 1.89559868886e-05, 9.55270206759e-06, 6.05895138506e-06, 5.5588725445e-06, 7.04412968844e-06, 1.01206733234e-05, 1.18176667456e-05, 1.03585171018e-05, 1.6193902411e-05, 1.80942479346e-05, 1.18237740026e-05, 8.88657723408e-06, 7.40934092391e-06], "dvar": [9.15464988793e-05, 2.73738405667e-05, 3.83025007977e-06, 6.25979964752e-07, 1.81239187214e-07, 7.51263442567e-08, 1.16084869717e-07, 3.5363299844e-07, 4.69877022624e-07, 1.77656431788e-07, 1.3691331624e-08, 1.18236496149e-08, 1.7340674674e-08, 7.99238719651e-09, 4.85033258002e-09, 2.74957479007e-09, 4.94635532533e-09, 1.98487648539e-09, 7.29988602899e-09, 2.12623629814e-09, 7.81251785487e-10, 5.1107446053e-10, 3.69396541133e-10, 1.66003294444e-10, 2.07817041353e-10, 2.8227972737e-10, 8.06065658665e-10, 1.16731835309e-09, 1.83950729649e-10, 6.27153745603e-11, 5.61725145565e-11, 8.39876640457e-11, 2.97034175034e-10, 8.46468728444e-10, 4.39642655614e-10, 1.45846323907e-09, 1.49418810658e-09, 4.27009455573e-10, 2.15027759487e-10, 2.00194319455e-10], "dvar2": [0.000116397583042, 6.90576562192e-05, 1.0458916222e-05, 1.73864043518e-06, 4.65136849925e-07, 1.98951184416e-07, 2.92611503028e-07, 1.12551947495e-06, 1.04226330677e-06, 4.1438411813e-07, 3.26064366618e-08, 2.6035051448e-08, 3.77406053076e-08, 2.06597672303e-08, 1.25334613799e-08, 6.5923941861e-09, 1.19414069744e-08, 4.88241447272e-09, 1.68041687232e-08, 5.09283015759e-09, 1.87141324659e-09, 1.26428578717e-09, 9.28795984567e-10, 4.0473580043e-10, 5.35275324065e-10, 7.2316164168e-10, 1.85166670885e-09, 2.78911382878e-09, 4.04429517653e-10, 1.3352979833e-10, 1.26093385733e-10, 1.91019033924e-10, 7.20608239746e-10, 2.13341944111e-09, 1.0234374459e-09, 3.25572435678e-09, 3.32388938595e-09, 1.04886910268e-09, 4.91142182479e-10, 4.55035897851e-10], "max": [0.096536077559, 0.0664928331971, 0.0310976244509, 0.0104007385671, 0.0113672958687, 0.00611429335549, 0.0073424121365, 0.0096784895286, 0.0140819149092, 0.00879929494113, 0.00280965818092, 0.00253210961819, 0.00388547102921, 0.00280874618329, 0.00163184152916, 0.000672585854772, 0.00204531126656, 0.000788535922766, 0.00218197819777, 0.000957484182436, 0.000444094155682, 0.000268678617431, 0.000304518238408, 0.000175146749825, 0.000273299723631, 0.000439039635239, 0.00066099781543, 0.000872452335898, 0.000245713279583, 0.000123170626466, 0.000117653609777, 0.000169280436239, 0.000375937845092, 0.00099637825042, 0.000547278381418, 0.00090387579985, 0.000971133937128, 0.00043394570821, 0.000350057613105, 0.000319674116326], "mean": [0.0159195605665, 0.0063629662618, 0.00051113468362, 0.000320478051435, 0.000428635627031, 0.000265305046923, 0.000290259747999, 0.000336710130796, 0.00030605160282, 0.000199128815439, 7.9846882727e-05, 8.39246204123e-05, 0.000114587208373, 4.308293137e-05, 3.56114360329e-05, 2.49735403486e-05, 3.29778376909e-05, 1.76919329533e-05, 3.30452458002e-05, 2.27656473726e-05, 1.55272718985e-05, 1.22888259284e-05, 1.03302081698e-05, 8.41543260321e-06, 8.35751961858e-06, 1.00813294921e-05, 1.7776093955e-05, 2.0266546926e-05, 1.00031811598e-05, 6.21577100901e-06, 6.07902165939e-06, 8.02792419563e-06, 1.10736436909e-05, 1.15512793855e-05, 1.12880670713e-05, 1.82943549589e-05, 1.98725101654e-05, 1.19857704703e-05, 9.08738275029e-06, 7.27663837097e-06], "median": [0.00574626866728, 0.00355527526699, 0.000140659889439, 7.35457069823e-05, 0.000341776409186, 0.000205261108931, 0.000168044483871, 8.29119162518e-05, 7.75387015892e-05, 6.00504718022e-05, 2.66384831775e-05, 2.79158030025e-05, 2.73174755421e-05, 1.00119768831e-05, 8.26005361887e-06, 6.62150341668e-06, 8.76426383911e-06, 5.50174763703e-06, 6.54399718769e-06, 6.15016597294e-06, 4.47278853244e-06, 4.01707575293e-06, 3.41559984918e-06, 2.90138655146e-06, 3.01512454826e-06, 4.09086214859e-06, 4.23756182499e-06, 4.14212172473e-06, 2.96467692351e-06, 2.52683958024e-06, 2.28246585721e-06, 2.60668343799e-06, 3.04486911773e-06, 1.96602013602e-06, 1.62436367646e-06, 1.72950853994e-06, 1.55830946369e-06, 1.3664546259e-06, 9.54875190473e-07, 8.03663454008e-07], "min": [2.95725373106e-20, 7.27596080114e-20, 1.50920046263e-19, 2.47260415114e-19, 3.51763027433e-19, 4.29711461879e-19, 4.59018445132e-19, 4.21952740378e-19, 3.24345738289e-19, 2.01228912625e-19, 1.19632870172e-19, 1.42087540929e-19, 2.8236471954e-19, 4.67254785889e-19, 5.55568620591e-19, 4.46240314126e-19, 2.03287829793e-19, 4.31043591019e-20, 1.07018023326e-19, 2.3267316256e-19, 1.74016143887e-19, 6.85859712955e-20, 2.49393326173e-19, 4.72132152974e-19, 2.92073260841e-19, 6.61797158183e-20, 6.49304210618e-20, 3.42408635756e-20, 2.1244102271e-19, 2.75614486302e-19, 8.66600680126e-20, 4.45805727649e-20, 1.74160642e-19, 1.5946402066e-19, 9.50529010015e-20, 2.76428070133e-19, 1.33862263713e-19, 2.01659873724e-19, 3.59556128629e-19, 1.38679388785e-19], "var": [0.00041670142673, 5.54008147446e-05, 2.50320340456e-06, 4.80006860926e-07, 2.99685524396e-07, 1.04890901298e-07, 2.28089362508e-07, 5.88577222516e-07, 8.12324515209e-07, 3.00062993119e-07, 3.93022361322e-08, 2.72528168921e-08, 1.04698784753e-07, 1.30324160352e-08, 6.77551836858e-09, 3.36446159821e-09, 6.99046065478e-09, 1.95814275905e-09, 1.06665254407e-08, 2.78565326362e-09, 1.15813914014e-09, 6.02127403493e-10, 4.2316988802e-10, 2.2401677735e-10, 2.43078612794e-10, 3.8330250085e-10, 1.98221994374e-09, 2.83426104808e-09, 4.2330250416e-10, 1.03273604946e-10, 1.06362765817e-10, 2.02123387472e-10, 5.81419357104e-10, 1.09849596086e-09, 9.63903401541e-10, 3.5125937714e-09, 3.68805497253e-09, 9.6408903083e-10, 5.93100568658e-10, 4.30246699379e-10]}, "mfcc": {"mean": [-650.885437012, 92.0476226807, 26.2851791382, 16.117067337, 0.79370868206, 7.11517238617, 4.59854364395, 7.15869522095, 5.99023342133, 10.878911972, 2.61102962494, 5.92662286758, 8.91978931427], "cov": [[10166.9433594, -991.117553711, 1192.11376953, 491.708129883, 404.534759521, 37.3309440613, -89.8920898438, 6.77228212357, 59.007598877, 310.004974365, -21.6633834839, 22.1541938782, 9.69713783264], [-991.117553711, 2754.7722168, 497.922454834, 309.045013428, 20.1512718201, -22.1166419983, 63.7543106079, -69.2412643433, 49.6382675171, -48.2015686035, 85.8577651978, 8.94426441193, 26.3743972778], [1192.11376953, 497.922454834, 1512.74511719, 318.903747559, 372.900695801, 138.109970093, 128.506225586, 118.69568634, 189.851318359, 210.854476929, 122.822250366, 126.476501465, 76.3161239624], [491.708129883, 309.045013428, 318.903747559, 669.29284668, 249.594329834, 156.814254761, 111.70942688, 98.3814544678, 153.203323364, 105.062774658, 65.5932998657, 57.1716079712, 54.5895690918], [404.534759521, 20.1512718201, 372.900695801, 249.594329834, 486.969268799, 206.77180481, 183.106613159, 161.761886597, 166.7628479, 136.61315918, 99.4488983154, 108.013275146, 69.5259094238], [37.3309440613, -22.1166419983, 138.109970093, 156.814254761, 206.77180481, 392.597167969, 222.404388428, 176.139511108, 105.319992065, 91.5738601685, 112.25818634, 53.5051116943, 38.3033294678], [-89.8920898438, 63.7543106079, 128.506225586, 111.70942688, 183.106613159, 222.404388428, 326.205780029, 171.43309021, 133.636627197, 102.423522949, 106.84047699, 87.2644119263, 56.0799789429], [6.77228212357, -69.2412643433, 118.69568634, 98.3814544678, 161.761886597, 176.139511108, 171.43309021, 239.588150024, 124.352600098, 102.571594238, 89.4345703125, 75.8854598999, 43.9290733337], [59.007598877, 49.6382675171, 189.851318359, 153.203323364, 166.7628479, 105.319992065, 133.636627197, 124.352600098, 253.500350952, 146.273330688, 85.1847915649, 86.1312408447, 79.8628082275], [310.004974365, -48.2015686035, 210.854476929, 105.062774658, 136.61315918, 91.5738601685, 102.423522949, 102.571594238, 146.273330688, 246.399414062, 68.7072296143, 88.5144958496, 92.4849624634], [-21.6633834839, 85.8577651978, 122.822250366, 65.5932998657, 99.4488983154, 112.25818634, 106.84047699, 89.4345703125, 85.1847915649, 68.7072296143, 163.167648315, 70.2107162476, 43.6195373535], [22.1541938782, 8.94426441193, 126.476501465, 57.1716079712, 108.013275146, 53.5051116943, 87.2644119263, 75.8854598999, 86.1312408447, 88.5144958496, 70.2107162476, 139.562957764, 72.0578308105], [9.69713783264, 26.3743972778, 76.3161239624, 54.5895690918, 69.5259094238, 38.3033294678, 56.0799789429, 43.9290733337, 79.8628082275, 92.4849624634, 43.6195373535, 72.0578308105, 156.366790771]], "icov": [[0.00012822575809, 7.13013068889e-05, -0.000105160121166, -9.26458524191e-05, -4.89566700708e-05, 2.96952384815e-05, 4.31401276728e-05, 6.4370680775e-05, 0.000101741272374, -0.000154982932145, 6.74234433973e-06, 8.188328502e-05, 4.47157835879e-05], [7.13013068889e-05, 0.000486926786834, -0.000223049675697, -0.00027106484049, 0.000130132495542, 0.00015289777366, -0.000227801196161, 0.000319522776408, -1.15343909783e-05, 0.0002176741109, -0.000306131638354, 0.000151468411786, -9.36971482588e-05], [-0.000105160121166, -0.000223049675697, 0.00104028522037, -3.54880648956e-05, -0.000532488978934, 1.84056498256e-05, 0.000169598322827, 2.10879752558e-05, -0.000101171026472, -0.000445384474006, -0.000167538441019, -0.000288411043584, 0.000209059900953], [-9.26458524191e-05, -0.00027106484049, -3.54880648956e-05, 0.00218997895718, -0.000676978263073, -0.000523277267348, 0.000248254596954, -1.16383298518e-05, -0.000804338254966, 1.82346793736e-05, 0.000270021148026, 0.00013914257579, -9.1761306976e-05], [-4.89566700708e-05, 0.000130132495542, -0.000532488978934, -0.000676978263073, 0.00398531975225, -0.000856472062878, -0.000470375554869, -0.00053545011906, -0.000710554886609, 0.000149699131725, 0.000162812517374, -0.00114509533159, -9.12912582862e-06], [2.96952384815e-05, 0.00015289777366, 1.84056498256e-05, -0.000523277267348, -0.000856472062878, 0.00533807417378, -0.00226699654013, -0.00167811743449, 0.000773269566707, -0.000248839845881, -0.00162268488202, 0.00165405834559, -5.35669423698e-05], [4.31401276728e-05, -0.000227801196161, 0.000169598322827, 0.000248254596954, -0.000470375554869, -0.00226699654013, 0.00672944728285, -0.00197703926824, -0.000922184379306, -7.78501780587e-05, -0.000519840687048, -0.0012798825046, 2.45742539846e-05], [6.4370680775e-05, 0.000319522776408, 2.10879752558e-05, -1.16383298518e-05, -0.00053545011906, -0.00167811743449, -0.00197703926824, 0.0089212115854, -0.00148997246288, -0.000740660296287, -0.000904281041585, -0.00115624419414, 0.000771938532125], [0.000101741272374, -1.15343909783e-05, -0.000101171026472, -0.000804338254966, -0.000710554886609, 0.000773269566707, -0.000922184379306, -0.00148997246288, 0.00812334567308, -0.00267620384693, -0.000999997137114, -0.000270971242571, -0.000960562669206], [-0.000154982932145, 0.0002176741109, -0.000445384474006, 1.82346793736e-05, 0.000149699131725, -0.000248839845881, -7.78501780587e-05, -0.000740660296287, -0.00267620384693, 0.00796763319522, -2.71689295914e-05, -0.00136554974597, -0.00229454855435], [6.74234433973e-06, -0.000306131638354, -0.000167538441019, 0.000270021148026, 0.000162812517374, -0.00162268488202, -0.000519840687048, -0.000904281041585, -0.000999997137114, -2.71689295914e-05, 0.00999987311661, -0.00297967926599, -8.53101519169e-05], [8.188328502e-05, 0.000151468411786, -0.000288411043584, 0.00013914257579, -0.00114509533159, 0.00165405834559, -0.0012798825046, -0.00115624419414, -0.000270971242571, -0.00136554974597, -0.00297967926599, 0.0133222015575, -0.00341256102547], [4.47157835879e-05, -9.36971482588e-05, 0.000209059900953, -9.1761306976e-05, -9.12912582862e-06, -5.35669423698e-05, 2.45742539846e-05, 0.000771938532125, -0.000960562669206, -0.00229454855435, -8.53101519169e-05, -0.00341256102547, 0.00957388337702]]}, "spectral_contrast_coeffs": {"dmean": [0.0509158819914, 0.0501368828118, 0.0405462086201, 0.0331769324839, 0.0276240948588, 0.0230997111648], "dmean2": [0.0812921747565, 0.0827363654971, 0.0653558000922, 0.0532137043774, 0.0421417281032, 0.0342062041163], "dvar": [0.00200938549824, 0.00191317882854, 0.00118215905968, 0.000913066149224, 0.00075156573439, 0.00050268182531], "dvar2": [0.00488571915776, 0.00491971336305, 0.00294317957014, 0.00208735791966, 0.00154315913096, 0.000974355381913], "max": [-0.262639373541, -0.402379930019, -0.474893212318, -0.493754535913, -0.518126666546, -0.537423253059], "mean": [-0.638530135155, -0.713629901409, -0.764659881592, -0.785150408745, -0.783985614777, -0.77386534214], "median": [-0.641665816307, -0.715581178665, -0.77381747961, -0.793370127678, -0.799390077591, -0.781811892986], "min": [-0.947820365429, -0.98931992054, -0.971667647362, -0.961920261383, -0.954330801964, -0.940391480923], "var": [0.00842382665724, 0.00653159851208, 0.00579931214452, 0.00378750008531, 0.00471881730482, 0.00287426542491]}, "spectral_contrast_valleys": {"dmean": [0.543619394302, 0.466883867979, 0.428402930498, 0.400195002556, 0.402766853571, 0.462449371815], "dmean2": [0.850660383701, 0.741214752197, 0.668974578381, 0.586313962936, 0.549725592136, 0.580290079117], "dvar": [0.31739449501, 0.278649032116, 0.215442031622, 0.210100457072, 0.226378560066, 0.282452136278], "dvar2": [0.638777732849, 0.601324558258, 0.474270731211, 0.407345563173, 0.386564105749, 0.450167655945], "max": [-5.28682041168, -4.53702640533, -5.00491523743, -5.72136735916, -5.46576833725, -6.69727468491], "mean": [-7.80521059036, -6.99905729294, -7.6068611145, -8.0847120285, -7.8709