{"lowlevel": {"average_loudness": 0.941723942757, "barkbands_crest": {"dmean": 3.19461345673, "dmean2": 5.04189062119, "dvar": 10.9049129486, "dvar2": 24.1710987091, "max": 25.3049259186, "mean": 15.2826852798, "median": 15.2017660141, "min": 3.0935344696, "var": 34.6728782654}, "barkbands_flatness_db": {"dmean": 0.0411860533059, "dmean2": 0.0569988191128, "dvar": 0.00200845021755, "dvar2": 0.00404176535085, "max": 0.511617302895, "mean": 0.192395210266, "median": 0.184601411223, "min": 0.0268347915262, "var": 0.00727658951655}, "barkbands_kurtosis": {"dmean": 14.6096811295, "dmean2": 20.6570453644, "dvar": 624.409851074, "dvar2": 1340.09179688, "max": 480.570129395, "mean": 26.6498966217, "median": 9.95927906036, "min": -1.9672191143, "var": 1802.64331055}, "barkbands_skewness": {"dmean": 1.19706988335, "dmean2": 1.69439017773, "dvar": 1.55337870121, "dvar2": 3.20128297806, "max": 19.1905841827, "mean": 3.68584537506, "median": 2.89618682861, "min": -3.84583473206, "var": 8.15715312958}, "barkbands_spread": {"dmean": 9.7254447937, "dmean2": 15.1959905624, "dvar": 204.970703125, "dvar2": 489.731384277, "max": 107.265632629, "mean": 19.0121879578, "median": 11.4626455307, "min": 0.31080403924, "var": 398.382904053}, "dissonance": {"dmean": 0.0202617142349, "dmean2": 0.0332948081195, "dvar": 0.000493469706271, "dvar2": 0.00122230278794, "max": 0.499993652105, "mean": 0.462105125189, "median": 0.471152424812, "min": 0.235223188996, "var": 0.0010478644399}, "dynamic_complexity": 3.86956357956, "erbbands_crest": {"dmean": 3.25046038628, "dmean2": 4.97012472153, "dvar": 11.3532772064, "dvar2": 23.580121994, "max": 31.9876155853, "mean": 9.97360229492, "median": 7.91287374496, "min": 2.31150794029, "var": 37.4316215515}, "erbbands_flatness_db": {"dmean": 0.022311899811, "dmean2": 0.0312925875187, "dvar": 0.000701887474861, "dvar2": 0.00133813661523, "max": 0.363667845726, "mean": 0.12766200304, "median": 0.117238886654, "min": 0.0489198081195, "var": 0.00266264542006}, "erbbands_kurtosis": {"dmean": 1.35157561302, "dmean2": 2.14525723457, "dvar": 7.32138872147, "dvar2": 18.0626144409, "max": 84.9736557007, "mean": 0.602387011051, "median": -0.337812662125, "min": -1.83778357506, "var": 11.4113197327}, "erbbands_skewness": {"dmean": 0.497763305902, "dmean2": 0.755245804787, "dvar": 0.298660188913, "dvar2": 0.736980974674, "max": 5.40392827988, "mean": 0.253384321928, "median": 0.237178310752, "min": -7.10033321381, "var": 0.750439882278}, "erbbands_spread": {"dmean": 15.8359718323, "dmean2": 23.7407360077, "dvar": 293.490722656, "dvar2": 633.101135254, "max": 174.841888428, "mean": 56.8405990601, "median": 53.2448577881, "min": 2.72839426994, "var": 910.989135742}, "hfc": {"dmean": 19.6605892181, "dmean2": 32.0509719849, "dvar": 1407.53979492, "dvar2": 3566.24487305, "max": 251.72593689, "mean": 26.3025779724, "median": 13.0763530731, "min": 1.09216408367e-16, "var": 1335.65576172}, "melbands_crest": {"dmean": 3.64611768723, "dmean2": 5.50000524521, "dvar": 12.6062259674, "dvar2": 28.5736274719, "max": 37.1688766479, "mean": 22.2686462402, "median": 21.1836700439, "min": 1.70641648769, "var": 63.5380706787}, "melbands_flatness_db": {"dmean": 0.0497853122652, "dmean2": 0.0691651925445, "dvar": 0.00292107928544, "dvar2": 0.00597077980638, "max": 0.657034039497, "mean": 0.285560846329, "median": 0.284125208855, "min": 0.00371206575073, "var": 0.0111008072272}, "melbands_kurtosis": {"dmean": 36.1199607849, "dmean2": 51.0444908142, "dvar": 2790.15625, "dvar2": 5148.02880859, "max": 821.663818359, "mean": 77.3547744751, "median": 31.5074806213, "min": -1.82332122326, "var": 11086.0654297}, "melbands_skewness": {"dmean": 1.66144180298, "dmean2": 2.37970733643, "dvar": 3.0763604641, "dvar2": 5.7465763092, "max": 22.3776435852, "mean": 6.11781454086, "median": 4.76811885834, "min": -1.10711205006, "var": 17.9107933044}, "melbands_spread": {"dmean": 8.85038471222, "dmean2": 14.5135917664, "dvar": 274.901367188, "dvar2": 672.359069824, "max": 228.387908936, "mean": 15.4659233093, "median": 7.17621660233, "min": 0.316793590784, "var": 611.822937012}, "pitch_salience": {"dmean": 0.0921486094594, "dmean2": 0.1432402879, "dvar": 0.00940012559295, "dvar2": 0.0213963575661, "max": 0.842002809048, "mean": 0.403360575438, "median": 0.416584044695, "min": 0.0393760502338, "var": 0.0328854881227}, "silence_rate_20dB": {"dmean": 0, "dmean2": 0, "dvar": 0, "dvar2": 0, "max": 1, "mean": 1, "median": 1, "min": 1, "var": 0}, "silence_rate_30dB": {"dmean": 0.0821345672011, "dmean2": 0.164307266474, "dvar": 0.075387135148, "dvar2": 0.147057652473, "max": 1, "mean": 0.744142889977, "median": 1, "min": 0, "var": 0.190404981375}, "silence_rate_60dB": {"dmean": 0.00185614847578, "dmean2": 0.00371315842494, "dvar": 0.00185259815771, "dvar2": 0.00369894644246, "max": 1, "mean": 0.0684295967221, "median": 0, "min": 0, "var": 0.0637488737702}, "spectral_centroid": {"dmean": 423.697875977, "dmean2": 641.110107422, "dvar": 331210.375, "dvar2": 733818.3125, "max": 11205.2705078, "mean": 1242.88464355, "median": 979.87097168, "min": 150.165725708, "var": 860167.75}, "spectral_complexity": {"dmean": 5.91461706161, "dmean2": 8.98073768616, "dvar": 66.4423828125, "dvar2": 140.866851807, "max": 56, "mean": 15.0378103256, "median": 12, "min": 0, "var": 127.799232483}, "spectral_decrease": {"dmean": 6.43711306481e-09, "dmean2": 9.18309694953e-09, "dvar": 7.00475600951e-17, "dvar2": 1.32062521463e-16, "max": 6.82223543305e-20, "mean": -1.95402947156e-08, "median": -1.46585943384e-08, "min": -8.48288905786e-08, "var": 3.00121137388e-16}, "spectral_energy": {"dmean": 0.025446485728, "dmean2": 0.0367126204073, "dvar": 0.00107580958866, "dvar2": 0.00203944812529, "max": 0.330244332552, "mean": 0.0761355608702, "median": 0.0580142363906, "min": 1.02568634967e-20, "var": 0.00446079159155}, "spectral_energyband_high": {"dmean": 0.00223011174239, "dmean2": 0.00378474011086, "dvar": 2.29979359574e-05, "dvar2": 6.02920772508e-05, "max": 0.0315054096282, "mean": 0.00210384884849, "median": 0.000369696441339, "min": 7.15078414065e-21, "var": 1.81108935067e-05}, "spectral_energyband_low": {"dmean": 0.0229345951229, "dmean2": 0.032842759043, "dvar": 0.00110324344132, "dvar2": 0.00215014605783, "max": 0.306913912296, "mean": 0.0626190304756, "median": 0.040069796145, "min": 1.9383561997e-23, "var": 0.0041979807429}, "spectral_energyband_middle_high": {"dmean": 0.0017417173367, "dmean2": 0.00285888276994, "dvar": 1.03617694549e-05, "dvar2": 2.71150402114e-05, "max": 0.0492247380316, "mean": 0.00289417710155, "median": 0.00164192449301, "min": 1.44702060936e-21, "var": 1.68507285707e-05}, "spectral_energyband_middle_low": {"dmean": 0.00606863293797, "dmean2": 0.00997569318861, "dvar": 0.000142429707921, "dvar2": 0.000384008715628, "max": 0.112494789064, "mean": 0.0105444360524, "median": 0.00685106171295, "min": 1.50171865943e-22, "var": 0.000160321273142}, "spectral_entropy": {"dmean": 0.272251546383, "dmean2": 0.37572914362, "dvar": 0.11785505712, "dvar2": 0.203962609172, "max": 9.80402565002, "mean": 7.65815830231, "median": 7.77352142334, "min": 4.94304800034, "var": 0.370388805866}, "spectral_flux": {"dmean": 0.0475508719683, "dmean2": 0.070147305727, "dvar": 0.00331766996533, "dvar2": 0.00546334963292, "max": 0.525210678577, "mean": 0.10996183753, "median": 0.0841591209173, "min": 6.60160884292e-11, "var": 0.00772444624454}, "spectral_kurtosis": {"dmean": 2.12945556641, "dmean2": 3.24103808403, "dvar": 19.7270908356, "dvar2": 44.5184745789, "max": 111.143974304, "mean": 3.87235784531, "median": 2.2748966217, "min": -1.24007511139, "var": 32.7066383362}, "spectral_rms": {"dmean": 0.00138722220436, "dmean2": 0.00200196332298, "dvar": 2.32503771258e-06, "dvar2": 4.60641467726e-06, "max": 0.0179496407509, "mean": 0.0076875151135, "median": 0.00752324750647, "min": 3.1633361295e-12, "var": 1.51808253577e-05}, "spectral_rolloff": {"dmean": 718.657897949, "dmean2": 1285.19921875, "dvar": 2458844.5, "dvar2": 6284622, "max": 19444.4824219, "mean": 1134.1472168, "median": 236.865234375, "min": 64.599609375, "var": 5704791}, "spectral_skewness": {"dmean": 0.347927868366, "dmean2": 0.494290947914, "dvar": 0.206647276878, "dvar2": 0.407168507576, "max": 8.38413238525, "mean": 1.46504557133, "median": 1.32456922531, "min": -0.0161604247987, "var": 0.537083745003}, "spectral_spread": {"dmean": 950601.6875, "dmean2": 1291922.375, "dvar": 1542439567360.0, "dvar2": 2584149229570.0, "max": 42254640, "mean": 6004759, "median": 5768814.5, "min": 779424.375, "var": 7475905953790.0}, "spectral_strongpeak": {"dmean": 0.248688131571, "dmean2": 0.409164458513, "dvar": 0.202823281288, "dvar2": 0.516929864883, "max": 6.53008413315, "mean": 0.586152732372, "median": 0.43109536171, "min": 0, "var": 0.360587269068}, "zerocrossingrate": {"dmean": 0.0143626062199, "dmean2": 0.0175854898989, "dvar": 0.00030157022411, "dvar2": 0.000423979421612, "max": 0.52783203125, "mean": 0.0495567508042, "median": 0.03173828125, "min": 0.001953125, "var": 0.0038852347061}, "barkbands": {"dmean": [0.00136702973396, 0.0211735218763, 0.00619661435485, 0.00249702762812, 0.00224227271974, 0.000816774147097, 0.000839268497657, 0.000664830848109, 0.000295811740216, 0.000617651152425, 0.000196316672373, 0.000348089728504, 0.00024186342489, 0.000182168048923, 0.000176605797606, 0.000149836108903, 0.000154581983224, 0.000204951575142, 8.37869301904e-05, 0.000232425474678, 0.000535938655958, 0.000384933984606, 0.000675316958223, 0.000280359352473, 0.000216201777221, 6.52205199003e-05, 2.44388975261e-05], "dmean2": [0.00156001816504, 0.0309055484831, 0.0108428122476, 0.00422225147486, 0.00375069770962, 0.00133317755535, 0.00130523229018, 0.00105770665687, 0.000475699838717, 0.000916210468858, 0.000332822441123, 0.000610296614468, 0.000409303465858, 0.000294443801977, 0.000296156998957, 0.000257464096649, 0.000277686602203, 0.000367065687897, 0.000140730116982, 0.000406194652896, 0.000958385586273, 0.000657320430037, 0.00116186903324, 0.000471760664368, 0.000344450760167, 0.000102881604107, 3.91713583667e-05], "dvar": [4.07395054935e-06, 0.00100144068711, 0.000280063890386, 4.00797689508e-05, 1.83014562936e-05, 4.2801921154e-06, 3.7513937059e-06, 2.18533136831e-06, 4.78203105558e-07, 2.03391755349e-06, 3.05576378423e-07, 8.35923287923e-07, 3.33839722089e-07, 1.36198607947e-07, 1.98019975528e-07, 9.29037469177e-08, 1.37246843224e-07, 2.43397437316e-07, 2.99311828655e-08, 2.67965333478e-07, 1.72198122073e-06, 8.38581115659e-07, 2.05524338526e-06, 3.32908513201e-07, 2.56207869143e-07, 2.55452867748e-08, 4.95190777272e-09], "dvar2": [6.31765942671e-06, 0.00206822762266, 0.000802249996923, 0.000110315821075, 4.94440682814e-05, 1.05483659354e-05, 8.49428943184e-06, 5.16777436133e-06, 8.35297953472e-07, 4.27014037996e-06, 7.84547921739e-07, 2.31814465224e-06, 8.29438022265e-07, 3.13184528977e-07, 5.16631530445e-07, 2.54608096384e-07, 3.86607666769e-07, 6.83707980897e-07, 7.8628040967e-08, 7.26049051991e-07, 4.7623352657e-06, 2.25271719501e-06, 5.41689405509e-06, 8.64959986302e-07, 6.16893544247e-07, 6.00156297992e-08, 1.20912932999e-08], "max": [0.0227045137435, 0.263298153877, 0.158474877477, 0.0628934279084, 0.0579783543944, 0.0310282930732, 0.0226440262049, 0.0201188251376, 0.0214548651129, 0.0430435538292, 0.010715700686, 0.0107736457139, 0.0139279207215, 0.00547224050388, 0.00720276078209, 0.00272580282763, 0.00367964315228, 0.00385324354284, 0.00182593171485, 0.00398001354188, 0.00941687077284, 0.00732460618019, 0.0101265022531, 0.00417644623667, 0.00488281575963, 0.00135415128898, 0.000831913435832], "mean": [0.00412386609241, 0.0495369024575, 0.00722602242604, 0.0027188998647, 0.0032839034684, 0.00114318553824, 0.00132090540137, 0.00101090513635, 0.000417376722908, 0.00122470338829, 0.00023010125733, 0.000345649692463, 0.000280922249658, 0.000236204097746, 0.000236430845689, 0.000183103868039, 0.000151735148393, 0.000182482297532, 9.82210331131e-05, 0.000234147999436, 0.000438845541794, 0.000372797599994, 0.000554522033781, 0.000282551889541, 0.000211180420592, 6.48130153422e-05, 2.4995089916e-05], "median": [0.0020173904486, 0.0247222203761, 0.00257048243657, 0.000675386574585, 0.00152232008986, 0.000384703656891, 0.000313611031743, 0.000170789498952, 0.000156305613928, 0.00032085654675, 6.17958139628e-05, 9.65476283454e-05, 7.44521603337e-05, 0.000112154397357, 0.00012588732352, 9.01551466086e-05, 6.34403113509e-05, 5.87522990827e-05, 4.20316355303e-05, 6.42521845293e-05, 7.2846058174e-05, 5.82111933909e-05, 5.41175177204e-05, 4.21731529059e-05, 2.67592095042e-05, 7.72002022131e-06, 2.01631905838e-06], "min": [1.24399874044e-24, 5.99238938445e-24, 1.33253171236e-24, 2.8176537757e-24, 1.10183689397e-23, 1.10078597348e-23, 3.36029659847e-24, 1.76054600503e-23, 3.18861648413e-23, 3.82956407635e-23, 2.13189217874e-23, 1.8297944241e-23, 5.0245548725e-23, 8.14226632965e-23, 6.98162537722e-23, 1.07422105094e-22, 1.28552432327e-22, 1.70303659353e-22, 1.17040667179e-22, 2.86069590418e-22, 2.77621458103e-22, 4.73619920104e-22, 5.42769775738e-22, 5.61617013294e-22, 8.9645183917e-22, 1.45062781153e-21, 2.18018960075e-21], "var": [2.3951575713e-05, 0.00323105044663, 0.000203911826247, 3.49150941474e-05, 2.13542243728e-05, 6.46918988423e-06, 6.81153096593e-06, 5.25650875716e-06, 1.20650463487e-06, 7.90480135038e-06, 3.72795511794e-07, 8.05028889772e-07, 7.20408365851e-07, 1.58045750709e-07, 1.7512127215e-07, 8.28412112241e-08, 9.14963464993e-08, 1.59321700721e-07, 2.57950336646e-08, 1.99286034785e-07, 1.10658493213e-06, 6.4106308173e-07, 1.56724627232e-06, 3.06945452166e-07, 2.39792626644e-07, 2.50166785065e-08, 4.72767869297e-09]}, "erbbands": {"dmean": [0.849983394146, 4.6393699646, 7.50477600098, 8.09320831299, 8.643907547, 6.49839496613, 6.29286766052, 5.94302511215, 10.5550003052, 12.2634878159, 15.5539150238, 7.26635169983, 17.7073802948, 12.4566011429, 8.38448619843, 15.560505867, 11.7367992401, 9.13992214203, 9.25613975525, 7.22417259216, 9.15184020996, 8.82417106628, 10.9785604477, 5.09961986542, 6.10670137405, 9.66330337524, 20.4966945648, 20.5728626251, 12.9823894501, 22.3800010681, 15.6268177032, 7.72099590302, 3.95273900032, 2.43977952003, 1.55391895771, 0.441001474857, 0.106701128185, 0.0238299127668, 0.00409588823095, 0.000270628603175], "dmean2": [1.16484594345, 6.92922449112, 12.6204910278, 13.7279081345, 14.3862390518, 11.1337375641, 9.91642189026, 9.8153629303, 16.4200973511, 19.5623340607, 24.2508678436, 11.2519950867, 26.9033870697, 18.891254425, 14.1443872452, 27.2158660889, 19.6925296783, 14.7031803131, 15.4204730988, 12.2740430832, 15.9323472977, 15.8241910934, 19.819190979, 8.79073810577, 10.2710018158, 16.7958183289, 36.3962287903, 36.1002388, 22.2266845703, 38.0546798706, 26.8832187653, 13.3259239197, 6.41673088074, 3.80480360985, 2.55221676826, 0.710731863976, 0.169154122472, 0.0375949814916, 0.00648507522419, 0.000430977263022], "dvar": [1.61348259449, 56.5510139465, 337.619018555, 455.858917236, 313.009277344, 166.635025024, 264.003356934, 222.318771362, 540.544067383, 1137.9708252, 1239.35864258, 315.19418335, 1411.90185547, 1384.02062988, 505.079925537, 1775.23168945, 807.92175293, 358.705078125, 658.089538574, 177.022323608, 377.928405762, 471.457885742, 706.875915527, 122.967926025, 155.7605896, 453.110626221, 2819.96826172, 2256.69140625, 896.473449707, 2195.84008789, 1076.70532227, 291.700805664, 61.6606140137, 25.8628978729, 16.2059669495, 1.23415541649, 0.0693738013506, 0.0038811955601, 0.000129694162752, 6.00587782174e-07], "dvar2": [2.92143177986, 130.797531128, 935.210632324, 1272.94482422, 844.438171387, 457.836120605, 546.690734863, 568.388671875, 1198.24145508, 2689.47583008, 2698.86401367, 510.647003174, 3238.42480469, 2344.16552734, 1284.75146484, 4903.90087891, 2062.15112305, 816.893493652, 1723.4901123, 456.539367676, 1040.40917969, 1331.47253418, 1991.53796387, 334.229034424, 412.324645996, 1230.66784668, 7882.38476562, 6157.54394531, 2400.61401367, 5759.94677734, 2848.40795898, 789.108215332, 153.664764404, 58.7573242188, 41.0672492981, 3.01630616188, 0.164803907275, 0.00924844201654, 0.000314997887472, 1.47356979596e-06], "max": [11.3811712265, 60.0739974976, 177.578521729, 199.722610474, 199.542144775, 186.108184814, 403.801116943, 257.390686035, 325.024658203, 572.842224121, 549.973083496, 586.159790039, 549.101013184, 1553.95922852, 404.614868164, 547.176086426, 744.574829102, 294.849487305, 397.695556641, 110.381576538, 174.733856201, 199.696411133, 202.159072876, 84.5028762817, 125.393501282, 170.504989624, 418.259185791, 306.56628418, 219.625259399, 349.379577637, 236.855758667, 134.127288818, 58.837146759, 44.7012863159, 41.2096710205, 9.9783039093, 2.2473886013, 0.661044955254, 0.125940099359, 0.010335136205], "mean": [2.15261340141, 8.07986831665, 9.81402778625, 9.2816286087, 11.1778736115, 9.36758232117, 9.12992572784, 8.2988910675, 16.3780288696, 18.6156024933, 24.5539608002, 12.4194726944, 33.1094474792, 24.1124858856, 10.7274217606, 16.0735244751, 13.8750171661, 12.4524879456, 12.9052867889, 10.1706485748, 10.9176282883, 8.62083911896, 9.5830450058, 5.31929540634, 7.22763633728, 10.1113147736, 17.4334468842, 16.6078834534, 12.6667861938, 18.6241798401, 13.1890802383, 7.15421962738, 4.09289598465, 2.57920575142, 1.37639522552, 0.407015293837, 0.106321766973, 0.0240281224251, 0.00427401531488, 0.000341940816725], "median": [0.772252619267, 4.26489639282, 4.37935066223, 2.87501764297, 4.15439796448, 4.17050409317, 3.34885406494, 3.00252723694, 4.38325166702, 4.75218868256, 4.1054558754, 4.49266576767, 9.11131381989, 5.90941810608, 3.30566620827, 4.55945539474, 3.78887414932, 5.98825502396, 6.49276638031, 5.09641981125, 5.61098527908, 3.36847782135, 3.03430771828, 1.99616479874, 3.01135182381, 3.10965371132, 3.04904222488, 2.48780632019, 2.10945129395, 2.00805974007, 1.46886408329, 1.01023924351, 0.611285865307, 0.347460180521, 0.147879764438, 0.0442722775042, 0.0117041617632, 0.0023477524519, 0.000391905254219, 0.000102084413811], "min": [1.61888002864e-22, 1.47004222115e-21, 2.8808905414e-21, 9.2867228098e-21, 2.2088712807e-20, 4.66297576362e-20, 1.97451721604e-19, 5.21338917491e-20, 5.18503594383e-20, 1.02266064577e-19, 3.24186764515e-19, 9.09720829977e-19, 9.1835711256e-19, 1.32454591011e-18, 1.67560715234e-18, 1.12889980746e-18, 2.25272672302e-18, 3.61763346356e-18, 4.62964220731e-18, 3.51168982507e-18, 6.4944704403e-18, 7.45700427084e-18, 7.65887190907e-18, 6.89366160006e-18, 8.81222224487e-18, 1.22091064319e-17, 1.18912647631e-17, 1.11983777502e-17, 1.30725655318e-17, 1.62264728586e-17, 1.24334940623e-17, 1.21612796761e-17, 1.0489799121e-17, 8.3822479722e-18, 7.1911384958e-18, 4.63574514587e-18, 2.81740384293e-18, 1.12961635267e-18, 2.74216111627e-19, 3.23969907486e-20], "var": [7.21519899368, 105.959228516, 286.227233887, 368.918640137, 342.300170898, 187.526672363, 488.498962402, 327.665283203, 1070.24206543, 1809.79650879, 3591.13500977, 900.889831543, 3671.48803711, 8089, 623.376220703, 1815.99890137, 1782.78125, 411.850646973, 567.550720215, 198.287475586, 305.912994385, 312.115356445, 452.75579834, 94.6157608032, 137.681106567, 343.791381836, 1789.15368652, 1518.3848877, 706.008850098, 1726.09851074, 823.351623535, 230.525894165, 62.6679077148, 28.4496574402, 13.2196207047, 1.09656774998, 0.0675375536084, 0.00381659320556, 0.000126545666717, 5.97335372277e-07]}, "gfcc": {"mean": [-17.6699752808, 84.6507492065, -77.918510437, 43.9262809753, -47.6481704712, 27.6857280731, -22.3011798859, 10.0991010666, -9.07660770416, 5.04009246826, -12.424823761, -0.903617441654, -1.37528002262], "cov": [[21225.5332031, 61.1966590881, -1327.79541016, 990.29675293, 51.378742218, 716.787536621, 354.705963135, 205.93359375, 130.797409058, 200.792785645, 143.508499146, 15.2351360321, -729.819824219], [61.1966590881, 2468.72485352, -380.935760498, -113.080986023, 358.977233887, -179.46055603, 269.326171875, -102.33102417, 222.634780884, -134.109283447, 237.818603516, -155.961090088, 110.997261047], [-1327.79541016, -380.935760498, 825.226989746, -35.5866241455, 78.5403366089, 25.7192649841, -25.3008289337, 19.2663402557, -29.8418579102, 39.8101577759, -102.96118927, 2.01548743248, -1.04355859756], [990.29675293, -113.080986023, -35.5866241455, 439.210784912, 44.3184509277, 120.614234924, 27.8683242798, -31.0611305237, 43.0497550964, 74.3419876099, 63.3967018127, -17.2506694794, -42.7185821533], [51.378742218, 358.977233887, 78.5403366089, 44.3184509277, 434.995605469, 106.630325317, 154.995910645, -3.33911061287, 61.5073242188, 2.43177556992, 67.7773513794, -16.3437709808, -2.00608706474], [716.787536621, -179.46055603, 25.7192649841, 120.614234924, 106.630325317, 253.631057739, 96.6063995361, 19.9341259003, 5.02093172073, 35.2579231262, 5.99227714539, 15.9716033936, -8.72541618347], [354.705963135, 269.326171875, -25.3008289337, 27.8683242798, 154.995910645, 96.6063995361, 239.973464966, 50.3354148865, 78.9062957764, -11.9495515823, 37.7355079651, -13.1649599075, 29.6521434784], [205.93359375, -102.33102417, 19.2663402557, -31.0611305237, -3.33911061287, 19.9341259003, 50.3354148865, 149.771316528, 36.0781288147, -2.92541837692, -24.6197719574, 14.1162424088, 11.8543224335], [130.797409058, 222.634780884, -29.8418579102, 43.0497550964, 61.5073242188, 5.02093172073, 78.9062957764, 36.0781288147, 169.171157837, 55.8986167908, 78.9554367065, 1.68069159985, 9.45387363434], [200.792785645, -134.109283447, 39.8101577759, 74.3419876099, 2.43177556992, 35.2579231262, -11.9495515823, -2.92541837692, 55.8986167908, 130.311904907, 60.384147644, 30.6131420135, -16.1242828369], [143.508499146, 237.818603516, -102.96118927, 63.3967018127, 67.7773513794, 5.99227714539, 37.7355079651, -24.6197719574, 78.9554367065, 60.384147644, 150.9165802, 28.4887123108, 15.1422481537], [15.2351360321, -155.961090088, 2.01548743248, -17.2506694794, -16.3437709808, 15.9716033936, -13.1649599075, 14.1162424088, 1.68069159985, 30.6131420135, 28.4887123108, 87.3888626099, 22.6818790436], [-729.819824219, 110.997261047, -1.04355859756, -42.7185821533, -2.00608706474, -8.72541618347, 29.6521434784, 11.8543224335, 9.45387363434, -16.1242828369, 15.1422481537, 22.6818790436, 116.591041565]], "icov": [[9.84562648227e-05, -0.000106201448943, 0.000134202346089, -0.000156019013957, 0.000106410741864, -0.000220684843953, -0.000108795320557, -0.000214954881812, 0.000117417119327, -0.000124740909087, 0.000168703874806, -0.000361945829354, 0.000718016177416], [-0.000106201448943, 0.00128258729819, 9.26748398342e-05, 0.000551434117369, -0.000666386215016, 0.000984196085483, -0.000484918127768, 0.00101009348873, -0.00104280281812, 0.00141995353624, -0.00186385249253, 0.00240476313047, -0.0015449746279], [0.000134202346089, 9.26748398342e-05, 0.00183977000415, -8.80918451003e-05, -0.000699778960552, 5.14954517712e-05, -7.57516318117e-05, -7.7539603808e-05, -3.0325660191e-05, -0.00140044058207, 0.00193114427384, -0.00029131519841, 0.000369632296497], [-0.000156019013957, 0.000551434117369, -8.80918451003e-05, 0.00359619525261, -7.08003135514e-05, -0.00109747832175, 0.000233071332332, 0.00104646675754, -0.000734636560082, -0.000351879396476, -0.00202891090885, 0.00275601516478, -0.000695535331033], [0.000106410741864, -0.000666386215016, -0.000699778960552, -7.08003135514e-05, 0.00409451499581, -0.00173124508001, -0.00155662198085, -8.37389598018e-05, 0.000364973442629, 0.000510540383402, -0.00137288693804, -0.000588209601119, 0.00194734439719], [-0.000220684843953, 0.000984196085483, 5.14954517712e-05, -0.00109747832175, -0.00173124508001, 0.00772152421996, -0.0030891445931, 0.000675835588481, 0.00110298127402, -0.00136116752401, 0.000662426638883, -2.18103577936e-05, -0.00181450287346], [-0.000108795320557, -0.000484918127768, -7.57516318117e-05, 0.000233071332332, -0.00155662198085, -0.0030891445931, 0.00892397109419, -0.00203056796454, -0.00281602307223, 0.00204233312979, -0.000372473412426, 0.00115801719949, -0.00212187878788], [-0.000214954881812, 0.00101009348873, -7.7539603808e-05, 0.00104646675754, -8.37389598018e-05, 0.000675835588481, -0.00203056796454, 0.0100028039888, -0.00388850830495, 0.00120039354078, 0.00212951027788, -0.000514746294357, -0.00207102787681], [0.000117417119327, -0.00104280281812, -3.0325660191e-05, -0.000734636560082, 0.000364973442629, 0.00110298127402, -0.00281602307223, -0.00388850830495, 0.0123783964664, -0.00540443602949, -0.0028106700629, 0.000301044085063, 0.00121403299272], [-0.000124740909087, 0.00141995353624, -0.00140044058207, -0.000351879396476, 0.000510540383402, -0.00136116752401, 0.00204233312979, 0.00120039354078, -0.00540443602949, 0.0163490381092, -0.00710503757, -0.000515497173183, 0.000713635410648], [0.000168703874806, -0.00186385249253, 0.00193114427384, -0.00202891090885, -0.00137288693804, 0.000662426638883, -0.000372473412426, 0.00212951027788, -0.0028106700629, -0.00710503757, 0.0184110123664, -0.00815427768975, 0.00044903869275], [-0.000361945829354, 0.00240476313047, -0.00029131519841, 0.00275601516478, -0.000588209601119, -2.18103577936e-05, 0.00115801719949, -0.000514746294357, 0.000301044085063, -0.000515497173183, -0.00815427768975, 0.0211373865604, -0.00695056747645], [0.000718016177416, -0.0015449746279, 0.000369632296497, -0.000695535331033, 0.00194734439719, -0.00181450287346, -0.00212187878788, -0.00207102787681, 0.00121403299272, 0.000713635410648, 0.00044903869275, -0.00695056747645, 0.0162328854203]]}, "melbands": {"dmean": [0.00639606639743, 0.00432765251026, 0.00136057066265, 0.000572870252654, 0.000209340360016, 0.000137930459459, 0.00016562223027, 0.000131728564156, 0.000117649018648, 4.33374880231e-05, 8.868205623e-05, 5.21257388755e-05, 2.79113082797e-05, 3.34578144248e-05, 4.20673677581e-05, 1.90778428077e-05, 1.8032218577e-05, 1.52259735842e-05, 1.21510875033e-05, 9.29691304918e-06, 1.12514180728e-05, 1.00814222606e-05, 8.23310347187e-06, 1.03265119833e-05, 3.37949359164e-06, 3.78806703338e-06, 4.91405944558e-06, 7.03365003574e-06, 1.28925375975e-05, 1.49846737258e-05, 1.073331714e-05, 7.55684141041e-06, 7.39492179491e-06, 1.59054670803e-05, 1.04287328213e-05, 5.50027561985e-06, 4.57103988083e-06, 2.82979158328e-06, 2.34308026847e-06, 2.05868627745e-06], "dmean2": [0.00917195621878, 0.0066848048009, 0.00229252921417, 0.000975404458586, 0.000332034687744, 0.000226907301112, 0.000257214996964, 0.000212996354094, 0.000182483840035, 6.83953476255e-05, 0.000134877045639, 7.90281774243e-05, 4.70796840091e-05, 5.78239851166e-05, 7.50526742195e-05, 3.08413837047e-05, 2.9085067581e-05, 2.52745139733e-05, 2.05396190722e-05, 1.58326038218e-05, 1.96558212338e-05, 1.80856786756e-05, 1.48738554344e-05, 1.85807984963e-05, 5.82263373872e-06, 6.35725245957e-06, 8.48584204505e-06, 1.23090248962e-05, 2.29892630159e-05, 2.68656240223e-05, 1.87363384612e-05, 1.30906109916e-05, 1.26876802824e-05, 2.75516158581e-05, 1.81494069693e-05, 9.43429313338e-06, 8.01232090453e-06, 4.66240771857e-06, 3.70244697478e-06, 3.24705661114e-06], "dvar": [9.16978387977e-05, 7.06782448106e-05, 1.15108032333e-05, 1.28043018321e-06, 2.29886637726e-07, 1.16662619121e-07, 1.32090690386e-07, 1.13993785078e-07, 6.9356033805e-08, 9.69508739956e-09, 3.63019267979e-08, 2.79496443767e-08, 6.37933927905e-09, 6.48798703651e-09, 1.48896939223e-08, 1.62643609691e-09, 1.43261802421e-09, 1.67421188024e-09, 7.13008596609e-10, 3.21342036314e-10, 5.81603265548e-10, 6.10795303224e-10, 3.75942971198e-10, 6.5071942279e-10, 5.19403652033e-11, 5.95259883052e-11, 9.32614194205e-11, 2.5109869739e-10, 1.25147059382e-09, 1.39145361899e-09, 6.22819018581e-10, 3.21374316048e-10, 2.87372681207e-10, 1.20202903187e-09, 4.99607410998e-10, 1.51843829177e-10, 1.06295187929e-10, 3.1637189396e-11, 2.15803642317e-11, 1.9823663544e-11], "dvar2": [0.000177005495061, 0.000177451045602, 3.21566149069e-05, 3.5229356854e-06, 4.8859698154e-07, 2.97060040566e-07, 2.94146076385e-07, 2.78854770386e-07, 1.49228412738e-07, 1.6351844323e-08, 8.39675706743e-08, 4.84452939986e-08, 1.63483715454e-08, 1.73889311839e-08, 4.19013659325e-08, 3.65028030025e-09, 3.26960147845e-09, 4.36087921329e-09, 1.79402570577e-09, 8.65911564674e-10, 1.60032143093e-09, 1.72228920015e-09, 1.0601997058e-09, 1.83651338581e-09, 1.39208755634e-10, 1.55266383084e-10, 2.45474640614e-10, 6.81087741761e-10, 3.51443496527e-09, 3.87899579124e-09, 1.6886763099e-09, 8.65490068502e-10, 7.68031249709e-10, 3.18010862088e-09, 1.33881572495e-09, 4.09242889576e-10, 2.91138391173e-10, 7.95301463574e-11, 5.18431408914e-11, 4.54954511564e-11], "max": [0.0799020454288, 0.0851104930043, 0.029021833092, 0.0147708803415, 0.0110279256478, 0.00549005018547, 0.00488997017965, 0.00552994338796, 0.00413214461878, 0.00314603000879, 0.00296675623395, 0.00693287467584, 0.001599076204, 0.0011080809636, 0.00142009230331, 0.00107840145938, 0.000581021246035, 0.0006083266926, 0.000400559074478, 0.000182531017344, 0.000222679067519, 0.000235831641476, 0.000139929819852, 0.000203342046007, 6.17797632003e-05, 7.92176579125e-05, 8.47602859722e-05, 0.000131016000523, 0.000295156845823, 0.00035579726682, 0.000163486896781, 0.000133774345159, 0.000158836584887, 0.000280875101453, 0.000164049764862, 0.000105048900878, 7.85251468187e-05, 4.1232440708e-05, 3.40593796864e-05, 4.07169973187e-05], "mean": [0.0159194692969, 0.00698571512476, 0.00164827494882, 0.000781040580478, 0.000319942424539, 0.000193772633793, 0.000258933403529, 0.000194392894628, 0.000184608274139, 7.00842574588e-05, 0.000164606011822, 9.95044392766e-05, 3.43010906363e-05, 3.56344862666e-05, 4.16146285716e-05, 2.38406664721e-05, 2.34779381572e-05, 2.04887674045e-05, 1.55881571118e-05, 1.24351590784e-05, 1.2760701793e-05, 9.50010689849e-06, 7.63075513532e-06, 8.74632314662e-06, 3.52816141458e-06, 4.44999386673e-06, 5.64561469218e-06, 6.939663308e-06, 1.09926177174e-05, 1.16072087621e-05, 8.70928943186e-06, 7.1118138294e-06, 7.15574105925e-06, 1.22757601275e-05, 8.35622086015e-06, 5.08235871166e-06, 4.07344396081e-06, 2.85770511255e-06, 2.46572540163e-06, 2.10530652112e-06], "median": [0.00684864912182, 0.00431013992056, 0.000598696002271, 0.000330931216013, 0.000126300103148, 6.83048274368e-05, 6.79906661389e-05, 4.93390798511e-05, 2.75423171843e-05, 2.62861631199e-05, 4.47679049103e-05, 2.07603570743e-05, 9.23709831113e-06, 1.07684536488e-05, 1.06432007669e-05, 7.1026470323e-06, 1.12486268335e-05, 9.59772933129e-06, 7.98402197688e-06, 6.29771602689e-06, 6.41913629806e-06, 3.49306719727e-06, 2.87097554974e-06, 2.46218587563e-06, 1.29240720526e-06, 1.91543017536e-06, 2.04401862902e-06, 1.93029836737e-06, 1.99199394046e-06, 1.60454817433e-06, 1.3149657434e-06, 1.14292265607e-06, 1.05314495613e-06, 1.06332379346e-06, 8.44941325795e-07, 6.51782897876e-07, 5.40794644621e-07, 4.2108555931e-07, 3.43803350233e-07, 2.59003940073e-07], "min": [1.59300027124e-24, 2.56762549508e-24, 3.82006248341e-24, 1.94215089675e-24, 7.61250457994e-24, 1.37701133868e-24, 7.96230788924e-25, 1.65133337974e-24, 2.25923886242e-24, 5.93071347787e-24, 4.33047442175e-24, 5.76351480344e-24, 3.69471800759e-24, 3.01015003607e-24, 1.00786920289e-24, 6.16303774762e-24, 7.02591234398e-24, 5.56320250922e-24, 5.31857122048e-24, 4.81723078812e-24, 7.49121721576e-24, 7.24400240756e-24, 5.66979733903e-24, 7.65852278085e-24, 4.55749320748e-24, 5.0318068708e-24, 7.9687549536e-24, 7.74801037307e-24, 6.49188191014e-24, 7.23671806596e-24, 6.80521036195e-24, 6.83899490793e-24, 8.8692862197e-24, 8.7670940226e-24, 5.53614852447e-24, 6.05051896683e-24, 6.53738498488e-24, 5.79917644395e-24, 5.78355975904e-24, 6.62698696193e-24], "var": [0.000351090769982, 9.00685045053e-05, 9.48532306211e-06, 1.3420032019e-06, 4.28297909139e-07, 1.74188983237e-07, 2.56504137042e-07, 1.68608480067e-07, 2.04668438641e-07, 2.63099533271e-08, 9.18026259455e-08, 1.58967793595e-07, 7.9528028607e-09, 7.29307503278e-09, 1.49386831794e-08, 3.87685572534e-09, 1.6061679764e-09, 1.48059253746e-09, 6.99982127816e-10, 3.23637200372e-10, 4.53878823414e-10, 4.04378003305e-10, 2.44215009326e-10, 4.17268053443e-10, 4.15962021771e-11, 5.25195130441e-11, 8.48928496944e-11, 1.84457712993e-10, 7.80795872402e-10, 8.70616245763e-10, 4.25984275632e-10, 2.41940634194e-10, 2.41474201745e-10, 8.87035167541e-10, 3.64153374122e-10, 1.17719639592e-10, 8.15153569644e-11, 3.19540331695e-11, 2.31235725012e-11, 2.09000230317e-11]}, "mfcc": {"mean": [-664.838928223, 113.352325439, 30.064371109, 28.3711910248, 11.7459583282, 20.4491672516, 4.81861305237, 9.92208957672, 11.5908508301, 10.6108932495, 1.28255677223, 4.60263824463, 2.51795601845], "cov": [[13865.4082031, -515.937072754, 3.53448009491, 314.168762207, -125.683265686, 649.750671387, 77.5747070312, 73.5809631348, -51.254234314, 163.872512817, 273.714935303, 166.814483643, 62.4699821472], [-515.937072754, 2243.68920898, -220.627624512, 122.479469299, 73.0235977173, -0.210507333279, 42.7084159851, 53.6362113953, 54.976272583, 93.5656280518, 22.305393219, -39.5762290955, -6.94217681885], [3.53448009491, -220.627624512, 499.728942871, 44.8789100647, 32.0491867065, 13.9670133591, -10.0281076431, -11.4605817795, 49.3574409485, 14.979095459, 7.86686372757, 12.8979959488, 1.16746425629], [314.168762207, 122.479469299, 44.8789100647, 259.54107666, 74.1852111816, 85.9852828979, 18.1053752899, -6.08531808853, -12.9112434387, 40.9779853821, 53.8645858765, 24.9196987152, 23.0378036499], [-125.683265686, 73.0235977173, 32.0491867065, 74.1852111816, 216.13710022, 111.611633301, 68.8232421875, 8.91088676453, 3.00051379204, 17.145242691, 33.3986549377, 18.3051490784, 14.4890937805], [649.750671387, -0.210507333279, 13.9670133591, 85.9852828979, 111.611633301, 288.529052734, 114.321685791, 26.6439914703, -0.8430762887, 56.0267295837, 72.3092041016, 15.8787307739, 22.4537582397], [77.5747070312, 42.7084159851, -10.0281076431, 18.1053752899, 68.8232421875, 114.321685791, 166.261138916, 62.6042060852, 41.7305908203, 28.088432312, 7.44809150696, -25.1109104156, -9.53309249878], [73.5809631348, 53.6362113953, -11.4605817795, -6.08531808853, 8.91088676453, 26.6439914703, 62.6042060852, 118.350387573, 75.0029907227, 32.925037384, -3.45601987839, -20.3499298096, -4.5203537941], [-51.254234314, 54.976272583, 49.3574409485, -12.9112434387, 3.00051379204, -0.8430762887, 41.7305908203, 75.0029907227, 127.102729797, 58.5560035706, 0.590776741505, -22.6530723572, -10.8396930695], [163.872512817, 93.5656280518, 14.979095459, 40.9779853821, 17.145242691, 56.0267295837, 28.088432312, 32.925037384, 58.5560035706, 105.721443176, 51.3328514099, 2.84815764427, 5.65958118439], [273.714935303, 22.305393219, 7.86686372757, 53.8645858765, 33.3986549377, 72.3092041016, 7.44809150696, -3.45601987839, 0.590776741505, 51.3328514099, 111.188964844, 47.3108520508, 29.2641525269], [166.814483643, -39.5762290955, 12.8979959488, 24.9196987152, 18.3051490784, 15.8787307739, -25.1109104156, -20.3499298096, -22.6530723572, 2.84815764427, 47.3108520508, 102.515411377, 49.6729660034], [62.4699821472, -6.94217681885, 1.16746425629, 23.0378036499, 14.4890937805, 22.4537582397, -9.53309249878, -4.5203537941, -10.8396930695, 5.65958118439, 29.2641525269, 49.6729660034, 84.6371765137]], "icov": [[9.16940625757e-05, 1.84121672646e-05, 9.62129797699e-06, -8.13829610706e-05, 0.00020414176106, -0.000272700912319, 8.5564373876e-05, -0.0001083285606, 3.00067986245e-05, 1.78068455625e-06, -5.32660924364e-05, -0.000134768240969, 9.83373902272e-05], [1.84121672646e-05, 0.000523198628798, 0.000278104329482, -0.000281824293779, -0.000181957424502, 0.000170310726389, 4.38952292825e-06, -5.40833207197e-05, -8.38023916003e-05, -0.000443410797743, 3.90547829738e-05, 0.000186664256034, -1.83657721209e-05], [9.62129797699e-06, 0.000278104329482, 0.00244887592271, -0.000601143052336, -0.000321904401062, -0.000261368375504, 0.000447812955827, 0.00114390370436, -0.00219890661538, 0.000463173462776, 0.000192977197003, -0.000313639320666, 0.000186296208994], [-8.13829610706e-05, -0.000281824293779, -0.000601143052336, 0.00519465887919, -0.00127763301134, -0.000365513318684, 0.000249696167884, -0.000158318740432, 0.00165325519629, -0.00167695549317, -0.000789539364632, 0.000193958825548, -0.00055032846285], [0.00020414176106, -0.000181957424502, -0.000321904401062, -0.00127763301134, 0.00705695012584, -0.0022248714231, -0.00176716933493, 0.000531918136403, -0.000565352966078, 0.00126642046962, -0.000417086994275, -0.00134688173421, 0.000175728782779], [-0.000272700912319, 0.000170310726389, -0.000261368375504, -0.000365513318684, -0.0022248714231, 0.00798873323947, -0.00445976108313, -0.000280894193565, 0.00289292843081, -0.00257511856034, -0.00235047610477, 0.00100685248617, -0.00117298541591], [8.5564373876e-05, 4.38952292825e-06, 0.000447812955827, 0.000249696167884, -0.00176716933493, -0.00445976108313, 0.0117907607928, -0.0039311023429, -0.00170422601514, 0.000903208507225, 0.000804600713309, 0.00162243412342, 0.000957775104325], [-0.0001083285606, -5.40833207197e-05, 0.00114390370436, -0.000158318740432, 0.000531918136403, -0.000280894193565, -0.0039311023429, 0.0164993684739, -0.00941233336926, 0.000948642555159, 0.000835206999909, 0.000446652731625, -0.00129508937243], [3.00067986245e-05, -8.38023916003e-05, -0.00219890661538, 0.00165325519629, -0.000565352966078, 0.00289292843081, -0.00170422601514, -0.00941233336926, 0.0199825596064, -0.0101956110448, 0.00149260845501, 0.00101907819044, 0.000312762567773], [1.78068455625e-06, -0.000443410797743, 0.000463173462776, -0.00167695549317, 0.00126642046962, -0.00257511856034, 0.000903208507225, 0.000948642555159, -0.0101956110448, 0.0205381773412, -0.00800654105842, 0.00151779665612, 0.00022956734756], [-5.32660924364e-05, 3.90547829738e-05, 0.000192977197003, -0.000789539364632, -0.000417086994275, -0.00235047610477, 0.000804600713309, 0.000835206999909, 0.00149260845501, -0.00800654105842, 0.0176028553396, -0.00618939008564, -0.000642336497549], [-0.000134768240969, 0.000186664256034, -0.000313639320666, 0.000193958825548, -0.00134688173421, 0.00100685248617, 0.00162243412342, 0.000446652731625, 0.00101907819044, 0.00151779665612, -0.00618939008564, 0.0174432042986, -0.00783185567707], [9.83373902272e-05, -1.83657721209e-05, 0.000186296208994, -0.00055032846285, 0.000175728782779, -0.00117298541591, 0.000957775104325, -0.00129508937243, 0.000312762567773, 0.00022956734756, -0.000642336497549, -0.00783185567707, 0.017051352188]]}, "spectral_contrast_coeffs": {"dmean": [0.0521078743041, 0.0468998625875, 0.0426598750055, 0.0296794883907, 0.0212282408029, 0.0256454274058], "dmean2": [0.0816471651196, 0.0752238407731, 0.0686460286379, 0.050607714802, 0.0343335047364, 0.0408041663468], "dvar": [0.00198596692644, 0.00155973888468, 0.00129856681451, 0.000603742548265, 0.000362346705515, 0.000762816925999], "dvar2": [0.0047111925669, 0.00365943950601, 0.00304013164714, 0.00155712501146, 0.000861751497723, 0.00196534651332], "max": [-0.357872217894, -0.443418383598, -0.497480362654, -0.646858036518, -0.583653569221, -0.589755415916], "mean": [-0.693338871002, -0.745353519917, -0.780566990376, -0.816198170185, -0.811950564384, -0.770840227604], "median": [-0.700596988201, -0.754461288452, -0.79510062933, -0.81985771656, -0.814955115318, -0.774377942085], "min": [-0.974760353565, -0.981312155724, -0.970804452896, -0.968123793602, -0.965022444725, -0.96259945631], "var": [0.006125329528, 0.00643637124449, 0.00613034050912, 0.00158243218902, 0.00130664405879, 0.00204262300394]}, "spectral_contrast_valleys": {"dmean": [0.391448587179, 0.49789083004, 0.445354819298, 0.402870357037, 0.461173534393, 0.610535144806], "dmean2": [0.608603239059, 0.791686594486, 0.699755728245, 0.612963378429, 0.640542089939, 0.769264757633], "dvar": [0.138279497623, 0.258174419403, 0.232010260224, 0.219643712044, 0.370867580175, 0.591408729553], "dvar2": [0.280471146107, 0.563137888908, 0.489909768105, 0.42324835062, 0.713045537472, 1.00675952435], "max": [-4.72746753693, -4.71268224716, -5.18021774292, -5.66649532318, -5.45826721191, -7.33833217621], "mean": [-6.79664707184, -7.1641