{"lowlevel": {"average_loudness": 0.561853170395, "barkbands_crest": {"dmean": 2.36869215965, "dmean2": 3.28118276596, "dvar": 3.91264367104, "dvar2": 9.25598239899, "max": 26.3397274017, "mean": 15.1706056595, "median": 14.8151073456, "min": 3.37378668785, "var": 13.4474000931}, "barkbands_flatness_db": {"dmean": 0.0223190300167, "dmean2": 0.0334731675684, "dvar": 0.000348597415723, "dvar2": 0.000904480169993, "max": 0.762653470039, "mean": 0.52112621069, "median": 0.530085027218, "min": 0.0281697995961, "var": 0.00493719894439}, "barkbands_kurtosis": {"dmean": 3.72987866402, "dmean2": 5.14268922806, "dvar": 49.5796470642, "dvar2": 98.2744827271, "max": 265.127990723, "mean": 8.23822689056, "median": 4.34780406952, "min": -1.45285367966, "var": 208.23274231}, "barkbands_skewness": {"dmean": 0.479686409235, "dmean2": 0.615713298321, "dvar": 0.244067981839, "dvar2": 0.467752724886, "max": 12.8157300949, "mean": 1.37964332104, "median": 1.20770061016, "min": -3.7427277565, "var": 1.36820971966}, "barkbands_spread": {"dmean": 0.194820448756, "dmean2": 0.257468312979, "dvar": 0.261195600033, "dvar2": 0.550818622112, "max": 63.7314224243, "mean": 0.993873715401, "median": 0.825005292892, "min": 0.134609207511, "var": 3.07061028481}, "dissonance": {"dmean": 0.0594694577157, "dmean2": 0.0988912582397, "dvar": 0.00353475240991, "dvar2": 0.0084160156548, "max": 0.499992609024, "mean": 0.31024736166, "median": 0.325709700584, "min": 0.0529241077602, "var": 0.00860959012061}, "dynamic_complexity": 4.15476465225, "erbbands_crest": {"dmean": 2.67908382416, "dmean2": 3.70123934746, "dvar": 4.96226167679, "dvar2": 11.0991668701, "max": 33.6687011719, "mean": 17.4326858521, "median": 16.9432964325, "min": 2.4916036129, "var": 18.3302249908}, "erbbands_flatness_db": {"dmean": 0.0149846300483, "dmean2": 0.0211957022548, "dvar": 0.000168892205693, "dvar2": 0.000344177038642, "max": 0.660247147083, "mean": 0.556359350681, "median": 0.570523262024, "min": 0.0855928584933, "var": 0.00315777072683}, "erbbands_kurtosis": {"dmean": 2.17566609383, "dmean2": 3.03903722763, "dvar": 17.4313335419, "dvar2": 36.2371482849, "max": 143.630386353, "mean": 4.6393032074, "median": 2.16367316246, "min": -1.37628543377, "var": 81.3890991211}, "erbbands_skewness": {"dmean": 0.371050238609, "dmean2": 0.467084288597, "dvar": 0.140685349703, "dvar2": 0.267451494932, "max": 9.705119133, "mean": 1.01479744911, "median": 0.870918631554, "min": -1.61819672585, "var": 0.813917160034}, "erbbands_spread": {"dmean": 0.371558099985, "dmean2": 0.480657190084, "dvar": 0.384972393513, "dvar2": 0.801874518394, "max": 52.9687347412, "mean": 2.15842437744, "median": 1.89649486542, "min": 0.445239961147, "var": 4.73713350296}, "hfc": {"dmean": 2.33132338524, "dmean2": 2.68035268784, "dvar": 7.90888023376, "dvar2": 12.7415294647, "max": 55.6499633789, "mean": 11.7927074432, "median": 9.42436408997, "min": 1.08525289039e-16, "var": 91.6131210327}, "melbands_crest": {"dmean": 3.04377484322, "dmean2": 4.01382780075, "dvar": 6.63778209686, "dvar2": 13.627907753, "max": 35.1114578247, "mean": 19.706905365, "median": 18.8730373383, "min": 1.17143690586, "var": 28.8933067322}, "melbands_flatness_db": {"dmean": 0.0223942063749, "dmean2": 0.0323586948216, "dvar": 0.000379986624466, "dvar2": 0.000963806174695, "max": 0.874747931957, "mean": 0.571979820728, "median": 0.574612498283, "min": 0.000264056317974, "var": 0.00765300123021}, "melbands_kurtosis": {"dmean": 2.93517684937, "dmean2": 4.05619001389, "dvar": 49.6624336243, "dvar2": 100.723854065, "max": 327.640258789, "mean": 6.022149086, "median": 3.0711312294, "min": -1.42438137531, "var": 174.432846069}, "melbands_skewness": {"dmean": 0.421803832054, "dmean2": 0.507365465164, "dvar": 0.193380609155, "dvar2": 0.34742474556, "max": 12.8625679016, "mean": 1.12735509872, "median": 1.0209672451, "min": -3.6156873703, "var": 0.917966365814}, "melbands_spread": {"dmean": 0.387432098389, "dmean2": 0.510726332664, "dvar": 1.51861131191, "dvar2": 3.45165419579, "max": 160.235092163, "mean": 2.14113926888, "median": 1.69555139542, "min": 0.280757963657, "var": 43.4447784424}, "pitch_salience": {"dmean": 0.0599970333278, "dmean2": 0.077922038734, "dvar": 0.00275754462928, "dvar2": 0.00523071177304, "max": 0.986858189106, "mean": 0.53027421236, "median": 0.544968485832, "min": 0.106776051223, "var": 0.0108671346679}, "silence_rate_20dB": {"dmean": 0, "dmean2": 0, "dvar": 0, "dvar2": 0, "max": 1, "mean": 1, "median": 1, "min": 1, "var": 0}, "silence_rate_30dB": {"dmean": 0, "dmean2": 0, "dvar": 0, "dvar2": 0, "max": 1, "mean": 1, "median": 1, "min": 1, "var": 0}, "silence_rate_60dB": {"dmean": 0.0346558243036, "dmean2": 0.0693135932088, "dvar": 0.0334624275565, "dvar2": 0.0723153203726, "max": 1, "mean": 0.157180503011, "median": 0, "min": 0, "var": 0.132467225194}, "spectral_centroid": {"dmean": 28.6646499634, "dmean2": 33.0295181274, "dvar": 9495.33496094, "dvar2": 21020.9648438, "max": 11843.0976562, "mean": 724.967834473, "median": 733.299072266, "min": 320.42098999, "var": 253614.84375}, "spectral_complexity": {"dmean": 0.615729689598, "dmean2": 1.06426644325, "dvar": 0.473064243793, "dvar2": 0.985657930374, "max": 12, "mean": 5.57413244247, "median": 6, "min": 0, "var": 2.25759267807}, "spectral_decrease": {"dmean": 9.64511359669e-10, "dmean2": 1.16030873798e-09, "dvar": 1.63325529819e-18, "dvar2": 3.49162780008e-18, "max": 2.19871560304e-19, "mean": -4.66417393596e-09, "median": -3.24529536577e-09, "min": -2.62071129242e-08, "var": 1.88021925177e-17}, "spectral_energy": {"dmean": 0.00384866865352, "dmean2": 0.00461970735341, "dvar": 2.56123639701e-05, "dvar2": 5.40854198334e-05, "max": 0.103477619588, "mean": 0.0186732131988, "median": 0.013146918267, "min": 1.02060120838e-20, "var": 0.000294939178275}, "spectral_energyband_high": {"dmean": 1.92834207269e-07, "dmean2": 3.14679368785e-07, "dvar": 8.44187512863e-13, "dvar2": 1.9016110301e-12, "max": 3.32588315359e-05, "mean": 4.11795355149e-07, "median": 4.66052512138e-08, "min": 7.13207887282e-21, "var": 2.38919582903e-12}, "spectral_energyband_low": {"dmean": 1.92008258182e-07, "dmean2": 3.10320729113e-07, "dvar": 1.06297972811e-13, "dvar2": 2.65485767051e-13, "max": 6.8872218435e-06, "mean": 2.90172380346e-07, "median": 1.46660312339e-07, "min": 1.2648807169e-23, "var": 1.83938625507e-13}, "spectral_energyband_middle_high": {"dmean": 0.000982549507171, "dmean2": 0.00109277816955, "dvar": 2.54688984569e-06, "dvar2": 3.32054696628e-06, "max": 0.0284495949745, "mean": 0.00349868997, "median": 0.00144888693467, "min": 1.16765227243e-21, "var": 1.94960157387e-05}, "spectral_energyband_middle_low": {"dmean": 0.00367123726755, "dmean2": 0.00430634664372, "dvar": 2.47552543442e-05, "dvar2": 5.3147192375e-05, "max": 0.102964192629, "mean": 0.0156459193677, "median": 0.008584048599, "min": 1.57971049723e-22, "var": 0.000297928287182}, "spectral_entropy": {"dmean": 0.111831277609, "dmean2": 0.143885925412, "dvar": 0.00920763798058, "dvar2": 0.0163310244679, "max": 9.82053375244, "mean": 4.74257707596, "median": 4.68884944916, "min": 3.65795636177, "var": 0.166282743216}, "spectral_flux": {"dmean": 0.0100003844127, "dmean2": 0.0154619589448, "dvar": 0.000121371253044, "dvar2": 0.000326298031723, "max": 0.158151760697, "mean": 0.0328188575804, "median": 0.0276578553021, "min": 6.38464697778e-11, "var": 0.000472593470477}, "spectral_kurtosis": {"dmean": 80.4672546387, "dmean2": 140.924133301, "dvar": 9372.45214844, "dvar2": 28346.1152344, "max": 1664.41931152, "mean": 245.985031128, "median": 218.818222046, "min": -1.2652823925, "var": 22124.0273438}, "spectral_rms": {"dmean": 0.000410715903854, "dmean2": 0.000472593965242, "dvar": 1.64869504715e-07, "dvar2": 3.23043821027e-07, "max": 0.0100475754589, "mean": 0.00380155886523, "median": 0.00358137721196, "min": 3.15548498789e-12, "var": 3.76608568331e-06}, "spectral_rolloff": {"dmean": 45.470035553, "dmean2": 71.6620330811, "dvar": 14534.5273438, "dvar2": 25804.6835938, "max": 19573.6816406, "mean": 871.403320312, "median": 861.328125, "min": 366.064453125, "var": 857042.125}, "spectral_skewness": {"dmean": 1.8738039732, "dmean2": 3.21799397469, "dvar": 3.43461036682, "dvar2": 9.97962188721, "max": 33.9112052917, "mean": 12.3088521957, "median": 12.2749290466, "min": -0.11721920222, "var": 14.6230602264}, "spectral_spread": {"dmean": 370881.0625, "dmean2": 671757.125, "dvar": 240770105344, "dvar2": 625770364928, "max": 42592500, "mean": 859292.25, "median": 681333.125, "min": 61464.53125, "var": 3579152695300.0}, "spectral_strongpeak": {"dmean": 0.411499321461, "dmean2": 0.550303697586, "dvar": 0.181117862463, "dvar2": 0.383455723524, "max": 5.62961387634, "mean": 2.05352878571, "median": 1.88947045803, "min": 0, "var": 1.36814522743}, "zerocrossingrate": {"dmean": 0.00170493870974, "dmean2": 0.00190971035045, "dvar": 5.34403534402e-06, "dvar2": 6.38528672425e-06, "max": 0.5244140625, "mean": 0.0332746431231, "median": 0.0322265625, "min": 0.0146484375, "var": 0.000647515698802}, "barkbands": {"dmean": [9.7226608986e-09, 4.31334576945e-08, 1.17333641469e-07, 1.72400845599e-07, 1.72371455847e-05, 0.000810967001598, 0.000939471938182, 0.00130532355979, 0.0016667189775, 0.000949026434682, 0.000610182119999, 0.000125171281979, 4.20335309173e-05, 1.02792091639e-05, 4.41263864559e-06, 1.72179136371e-06, 4.8534218422e-07, 1.01157041854e-07, 6.17244779733e-08, 8.7876138366e-08, 2.97641022939e-08, 9.9888310956e-09, 7.21770589962e-08, 4.74649795024e-08, 3.47615412011e-08, 1.42647083035e-09, 8.71336780506e-10], "dmean2": [1.51770773726e-08, 7.33304901246e-08, 1.97121764245e-07, 2.9108090871e-07, 1.09668881123e-05, 0.00114316563122, 0.00144526769873, 0.0010592067847, 0.00143205444328, 0.000971248431597, 0.000693262496497, 0.000157595277415, 5.94001867285e-05, 1.44423274833e-05, 7.01234102962e-06, 2.64105938186e-06, 8.27109602142e-07, 1.68675498458e-07, 1.04532873024e-07, 1.54920741124e-07, 5.14235054538e-08, 1.66267888346e-08, 1.17081292217e-07, 7.52278737082e-08, 5.68310198901e-08, 2.47283593602e-09, 1.61210367278e-09], "dvar": [7.11777985083e-16, 4.63885259212e-15, 5.07531435498e-14, 9.67441255687e-14, 5.86976822703e-09, 6.41214001007e-06, 1.10711716843e-05, 7.89862860984e-06, 6.64670324113e-06, 2.2221627205e-06, 1.15086845653e-06, 1.23561562759e-07, 5.58019941366e-09, 8.5757723145e-10, 6.8378025464e-11, 1.27751880255e-11, 1.54282706402e-12, 3.62797425023e-14, 1.5981771909e-14, 1.80460437175e-13, 4.25311167036e-14, 7.9038719539e-15, 1.76185482219e-13, 1.28401114611e-13, 1.19527746533e-13, 6.33480959356e-16, 1.8473304679e-18], "dvar2": [1.58330733693e-15, 1.27586268915e-14, 1.35601179265e-13, 2.62189873762e-13, 2.49617260195e-09, 1.98600901058e-05, 3.08498492814e-05, 5.24305323779e-06, 5.28475993633e-06, 2.54140059042e-06, 1.53517146373e-06, 2.07107646588e-07, 1.06278257306e-08, 1.81339110394e-09, 1.67757738256e-10, 2.927287579e-11, 4.56625275785e-12, 9.73809723723e-14, 4.68889656919e-14, 5.653661133e-13, 1.23689388809e-13, 1.92043849898e-14, 4.22748614544e-13, 2.74026515455e-13, 2.73899148804e-13, 1.32283898818e-15, 5.88767224962e-18], "max": [1.1433767213e-06, 1.22536289382e-06, 5.7564529925e-06, 5.74422938371e-06, 0.00509640621021, 0.0577783472836, 0.074369572103, 0.0634750425816, 0.047773681581, 0.0293145626783, 0.0174952056259, 0.00654329778627, 0.00134151114617, 0.000628297158983, 0.00014623667812, 7.71869817981e-05, 2.63022484432e-05, 3.32859758601e-06, 4.18908757638e-06, 1.40179527079e-05, 9.9680337371e-06, 6.13249767412e-06, 1.54086537805e-05, 2.10236885323e-05, 2.32293768931e-05, 4.4810003601e-06, 1.91693665386e-08], "mean": [1.16161222863e-08, 5.29848733777e-08, 1.38768314173e-07, 2.00640855041e-07, 0.00011159179121, 0.00256931269541, 0.00217468431219, 0.00418463815004, 0.00551551859826, 0.00231059663929, 0.00140597147401, 0.000288411072688, 8.22314832476e-05, 1.75906207005e-05, 7.29173916625e-06, 2.79914775092e-06, 8.84258099632e-07, 1.7723365886e-07, 1.14726887546e-07, 1.14612511481e-07, 4.1096679837e-08, 1.59287640855e-08, 1.11608905229e-07, 8.49601704545e-08, 6.58703598333e-08, 2.00673566653e-09, 7.56704143789e-10], "median": [1.81924586506e-09, 2.674802424e-08, 5.59096768882e-08, 8.05101549872e-08, 6.29676549124e-07, 1.22364031085e-06, 2.16858607018e-05, 0.000171030900674, 0.00268198712729, 0.000897317775525, 0.000418130104663, 5.94226075918e-05, 2.77810086118e-05, 1.18567959362e-06, 2.54739256889e-06, 9.03900172489e-07, 3.44111413142e-07, 5.95838791639e-08, 5.47571659126e-08, 2.19661160372e-08, 7.67447794203e-09, 3.71884456563e-09, 2.15273199267e-09, 1.8383865541e-09, 9.78160552556e-10, 3.46328993261e-10, 2.69905708894e-10], "min": [3.45184725918e-25, 3.53508845355e-24, 7.00885460741e-25, 1.42023539426e-24, 3.98424692032e-24, 6.85949976944e-24, 6.40876752517e-24, 9.70122918554e-24, 1.03862830954e-23, 1.70609093674e-23, 1.86836861796e-23, 1.88198782817e-23, 4.01681882932e-23, 4.31896959542e-23, 5.82487824221e-23, 6.00154080204e-23, 5.19670925002e-23, 1.02732888681e-22, 1.35488236245e-22, 1.67128222841e-22, 2.39189820874e-22, 3.35037329627e-22, 4.49276404632e-22, 6.53901925224e-22, 9.31097095515e-22, 1.2645200497e-21, 1.89225804616e-21], "var": [1.00602833711e-15, 6.10135619599e-15, 6.21355858476e-14, 1.17031682739e-13, 2.35795695858e-07, 4.41871379735e-05, 3.24509164784e-05, 6.7725442932e-05, 5.02762268297e-05, 1.09197962956e-05, 5.03337105329e-06, 3.579818042e-07, 1.72296452661e-08, 2.31391417138e-09, 1.38905498215e-10, 2.90005693071e-11, 2.87439668421e-12, 8.12743495009e-14, 2.7853585798e-14, 2.04369385456e-13, 5.24509939875e-14, 1.36848277732e-14, 3.06569358658e-13, 3.06046637685e-13, 3.12071278107e-13, 2.0167079439e-15, 1.57077183247e-18]}, "erbbands": {"dmean": [7.48924094296e-07, 1.32447567012e-05, 0.000104889069917, 0.000409407773986, 0.00301532424055, 0.0837551802397, 1.68273174763, 9.11201763153, 10.7031345367, 29.9484481812, 11.4484443665, 48.1052894592, 24.821969986, 21.2338447571, 25.9832229614, 6.95115613937, 2.03519177437, 0.839588582516, 0.303388506174, 0.109965205193, 0.0574354566634, 0.0135067459196, 0.00715947896242, 0.00412606820464, 0.0024576834403, 0.00442040991038, 0.00224385526963, 0.000832119956613, 0.000339438964147, 0.00127860996872, 0.00233330065385, 0.000822969304863, 0.000783274590503, 0.000691491586622, 0.000111022796773, 1.22225546875e-05, 2.29642137128e-06, 6.52872984119e-07, 1.88882279417e-06, 4.38182496509e-06], "dmean2": [1.2390031543e-06, 2.22178241529e-05, 0.000172389874933, 0.000655298819765, 0.00305525050499, 0.0601237006485, 2.70133924484, 12.6472043991, 15.6428346634, 29.8442821503, 9.69922351837, 41.3883018494, 25.5041313171, 21.9290924072, 30.0721416473, 8.70105075836, 2.82126498222, 1.18692815304, 0.464751243591, 0.17573851347, 0.0896509066224, 0.0230314843357, 0.0119506055489, 0.00695247761905, 0.00426858058199, 0.00777923129499, 0.00392319075763, 0.00143234280404, 0.00055870693177, 0.00207706307992, 0.00377006619237, 0.00126737426035, 0.00127438583877, 0.00112658308353, 0.000182107673027, 1.97265890165e-05, 3.59914770343e-06, 1.07538244265e-06, 2.25340022553e-06, 5.24597680851e-06], "dvar": [1.19864491596e-12, 4.19520140849e-10, 3.46058186551e-08, 4.15819755517e-07, 8.17158070276e-05, 0.119917616248, 35.5797576904, 777.902099609, 1470.20959473, 3945.85351562, 485.767120361, 5558.95458984, 2359.1640625, 1499.11474609, 1992.68139648, 323.954376221, 13.5189838409, 2.66298627853, 0.288449019194, 0.0417744629085, 0.0114579191431, 0.000936822150834, 0.000169389459188, 4.72915889986e-05, 5.17089501955e-05, 0.000480196467834, 0.000109981920104, 2.45152241405e-05, 7.32744319976e-06, 7.21914548194e-05, 0.000234868493862, 5.24412644154e-05, 4.84939773742e-05, 3.88468833989e-05, 4.8515371418e-06, 4.91325486962e-08, 5.1621939362e-11, 8.22198049661e-13, 5.88877427724e-12, 3.26273522089e-11], "dvar2": [3.54070960919e-12, 1.12207476644e-09, 8.90077345161e-08, 1.07091580048e-06, 5.42477355339e-05, 0.0633973330259, 125.625534058, 2351.25024414, 3810.77563477, 4782.58447266, 370.930938721, 4448.04492188, 2707.35229492, 1781.63562012, 2817.50488281, 539.672729492, 24.7066860199, 5.5714173317, 0.686604499817, 0.110565215349, 0.0274755228311, 0.00277078617364, 0.000461315765278, 0.000127997307573, 0.000157841102919, 0.00150672835298, 0.000332452153089, 6.96518254699e-05, 1.58773455041e-05, 0.000171945983311, 0.000566432136111, 0.000105985905975, 0.00010627618758, 8.6186642875e-05, 1.23781437651e-05, 1.04421118863e-07, 1.12345396874e-10, 2.31424493284e-12, 1.18435556501e-11, 6.78764613959e-11], "max": [2.85567548417e-05, 0.000362150574801, 0.00480293855071, 0.0140234110877, 0.578438639641, 22.5166492462, 126.589637756, 594.421264648, 906.894470215, 1295.83654785, 661.723999023, 1335.47229004, 1175.05114746, 705.640686035, 623.893249512, 334.177062988, 78.3115386963, 35.5963859558, 9.09813499451, 3.77463674545, 2.15753626823, 0.661687016487, 0.233704194427, 0.135783270001, 0.288770020008, 0.975772678852, 0.352915585041, 0.213324829936, 0.244845792651, 0.522141814232, 0.659284770489, 0.536569058895, 0.471505314112, 0.352412998676, 0.319978177547, 0.0375516749918, 0.00113630457781, 3.37367928296e-05, 4.9402773584e-05, 0.000116369483294], "mean": [2.07146081266e-06, 2.15016552829e-05, 0.000160966679687, 0.000852394092362, 0.0155539214611, 0.549842238426, 3.99896383286, 28.5338401794, 30.7558135986, 89.200668335, 48.4886360168, 160.087875366, 75.4609069824, 61.1487197876, 55.9371490479, 17.0337543488, 4.72476005554, 1.6318243742, 0.535599529743, 0.225474789739, 0.108231253922, 0.0290361754596, 0.0150255104527, 0.00793469510972, 0.00410250155255, 0.00584187265486, 0.00308614899404, 0.00120816123672, 0.000588868628256, 0.00208098930307, 0.00358027918264, 0.00142300082371, 0.00145948887803, 0.00134456600063, 0.000206093493034, 2.98608938465e-05, 8.04182946013e-06, 1.95783104573e-06, 9.31213435251e-06, 2.13518615055e-05], "median": [9.46808768276e-07, 1.25124670376e-05, 8.80729567143e-05, 0.000372488750145, 0.00121450121514, 0.00332572520711, 0.00730668473989, 0.0266025066376, 0.159135863185, 3.80130624771, 12.7364263535, 79.3071517944, 36.4684486389, 21.7582550049, 17.9424133301, 4.03379011154, 1.67142987251, 0.581982016563, 0.213797420263, 0.08539070189, 0.0418169014156, 0.0128079764545, 0.00605697650462, 0.00329202180728, 0.00187360076234, 0.00124065228738, 0.000678692245856, 0.000284713954898, 0.000160467971, 0.00011485756113, 9.1452660854e-05, 6.59431971144e-05, 4.52930253232e-05, 3.39804391842e-05, 1.92864936253e-05, 1.13649566629e-05, 5.75902140554e-06, 1.51898120748e-06, 6.70970621286e-06, 1.51876774908e-05], "min": [3.73250357721e-23, 5.96094450524e-22, 2.31352582444e-21, 7.08485283751e-21, 1.7661456376e-20, 1.97289119222e-20, 2.01211974809e-20, 5.00237637e-20, 1.32669895785e-19, 1.54578446393e-19, 3.70288590281e-19, 2.76629902202e-19, 6.49958200289e-19, 9.09853178875e-19, 1.11699967698e-18, 1.16758280541e-18, 1.91521966231e-18, 2.59102932469e-18, 2.59165736157e-18, 3.68836940005e-18, 4.4773131752e-18, 3.56176609858e-18, 5.80871455143e-18, 6.88292148699e-18, 8.57788776759e-18, 8.10195451291e-18, 9.16578570845e-18, 9.81789023563e-18, 1.02944711727e-17, 1.16362102387e-17, 1.22020977306e-17, 1.13362646224e-17, 1.14243444684e-17, 8.0306134938e-18, 6.77871947727e-18, 4.48193339251e-18, 2.38034042562e-18, 8.98852297113e-19, 2.61398508596e-19, 2.7187672207e-20], "var": [8.32546705187e-12, 6.70923705481e-10, 4.98893228951e-08, 1.92934430743e-06, 0.0032553258352, 4.97618103027, 122.948944092, 5359.55908203, 6663.06591797, 28859.5859375, 6314.40087891, 41436.3945312, 12261.140625, 8809.89746094, 7454.74267578, 1051.7232666, 53.9980049133, 8.08308696747, 0.615038394928, 0.105752542615, 0.0293366014957, 0.00206940900534, 0.000468606682261, 0.000117720686831, 6.63528044242e-05, 0.000528908043634, 0.000132414061227, 3.10073846777e-05, 1.55626457854e-05, 0.000136316666612, 0.000394268863602, 0.000116009774501, 0.000118050782476, 0.000109932698251, 8.08519416751e-06, 1.50049970671e-07, 1.81049217285e-10, 2.84566120667e-12, 6.94119900446e-11, 3.76236597432e-10]}, "gfcc": {"mean": [-305.76449585, 153.190048218, -176.112243652, -133.259933472, -82.4871368408, -12.1071662903, -2.47601532936, 0.569589793682, -5.5055475235, -17.5852584839, -5.98120594025, -17.4588832855, 0.438196122646], "cov": [[4930.13427734, 501.88885498, -463.556060791, -488.108276367, -274.159576416, -245.799911499, -201.955047607, -14.3975353241, 103.459159851, 60.4229850769, 147.723083496, -0.935074448586, 44.4076423645], [501.88885498, 1434.63574219, 961.66394043, -506.524871826, -133.134719849, -1040.68383789, -597.883666992, -331.949462891, 150.304534912, 316.023040771, 241.384414673, 303.296905518, 47.4980812073], [-463.556060791, 961.66394043, 1778.89233398, 71.7316894531, -793.765563965, -1040.33691406, -900.181152344, -335.199981689, 175.617706299, 468.475067139, 398.590332031, 232.490524292, 107.7942276], [-488.108276367, -506.524871826, 71.7316894531, 705.249206543, -155.790512085, 410.648223877, 29.286901474, -88.8726654053, -228.739242554, -147.325271606, -17.2742481232, -105.570976257, 83.9002761841], [-274.159576416, -133.134719849, -793.765563965, -155.790512085, 977.472229004, 461.559143066, 466.10369873, 39.2754974365, -263.107910156, -329.272857666, -278.473602295, 42.2219924927, -10.2081680298], [-245.799911499, -1040.68383789, -1040.33691406, 410.648223877, 461.559143066, 1109.28967285, 648.00579834, 200.985412598, -300.120391846, -446.388000488, -298.540283203, -244.274307251, -27.8960704803], [-201.955047607, -597.883666992, -900.181152344, 29.286901474, 466.10369873, 648.00579834, 658.940490723, 251.128311157, -83.2512207031, -270.258514404, -287.376953125, -172.567352295, -93.7914733887], [-14.3975353241, -331.949462891, -335.199981689, -88.8726654053, 39.2754974365, 200.985412598, 251.128311157, 274.581115723, 126.914215088, -16.2266807556, -89.7501449585, -126.246627808, -89.5014190674], [103.459159851, 150.304534912, 175.617706299, -228.739242554, -263.107910156, -300.120391846, -83.2512207031, 126.914215088, 349.922149658, 221.125091553, 83.6697845459, -17.2864456177, -100.88432312], [60.4229850769, 316.023040771, 468.475067139, -147.325271606, -329.272857666, -446.388000488, -270.258514404, -16.2266807556, 221.125091553, 307.309997559, 164.74017334, 55.8165550232, -16.4170799255], [147.723083496, 241.384414673, 398.590332031, -17.2742481232, -278.473602295, -298.540283203, -287.376953125, -89.7501449585, 83.6697845459, 164.74017334, 203.062835693, 78.2531280518, 18.8380146027], [-0.935074448586, 303.296905518, 232.490524292, -105.570976257, 42.2219924927, -244.274307251, -172.567352295, -126.246627808, -17.2864456177, 55.8165550232, 78.2531280518, 166.700531006, 56.4182014465], [44.4076423645, 47.4980812073, 107.7942276, 83.9002761841, -10.2081680298, -27.8960704803, -93.7914733887, -89.5014190674, -100.88432312, -16.4170799255, 18.8380146027, 56.4182014465, 107.841209412]], "icov": [[0.000372987618903, -0.000584535067901, 0.000677295320202, 7.86669261288e-05, 0.000473821477499, -0.000240965833655, 0.000455517496448, -0.000357727054507, 0.000154270019266, 2.81774482573e-05, -0.000224526040256, 0.000162518132129, -0.00044973360491], [-0.000584535067901, 0.00611016759649, -0.00282114231959, 0.00274525326677, -0.0023730546236, 0.00392416724935, -0.00205595931038, 0.0056242775172, -0.000980285112746, 0.00195796368644, -0.00126728892792, 0.00287167960778, 3.82477537642e-06], [0.000677295320202, -0.00282114231959, 0.00493454793468, -0.00274531147443, 0.00196676817723, 0.000406811013818, 0.00356667023152, -0.00313096074387, 0.00157107051928, -0.0019038108876, 0.00161988416221, -0.00240269862115, 0.00111593375914], [7.86669261288e-05, 0.00274525326677, -0.00274531147443, 0.0067716864869, 0.000388594839023, -0.00169290485792, -0.00181263359264, 0.00544142909348, 4.86794415337e-05, 0.00132227258291, -0.00192651106045, 0.00422017555684, -0.00285180448554], [0.000473821477499, -0.0023730546236, 0.00196676817723, 0.000388594839023, 0.00543339364231, -0.00207952875644, 2.74084231933e-05, -0.00182000978384, 0.00302918208763, -0.000676561030559, 0.00363313173875, -0.00587304588407, 0.00224025547504], [-0.000240965833655, 0.00392416724935, 0.000406811013818, -0.00169290485792, -0.00207952875644, 0.0106134917587, -0.00305710197426, 0.000735887151677, 0.00160345982295, 0.00471704965457, -0.00296486751176, 0.00463917013258, 9.08346555661e-05], [0.000455517496448, -0.00205595931038, 0.00356667023152, -0.00181263359264, 2.74084231933e-05, -0.00305710197426, 0.0121836932376, -0.00538043491542, 0.000546774361283, -0.00184568751138, 0.00718965101987, -0.00243408419192, 0.00415385141969], [-0.000357727054507, 0.0056242775172, -0.00313096074387, 0.00544142909348, -0.00182000978384, 0.000735887151677, -0.00538043491542, 0.0183078106493, -0.00637727929279, 0.000942405487876, -0.00179690564983, 0.00819081719965, -0.00269438698888], [0.000154270019266, -0.000980285112746, 0.00157107051928, 4.86794415337e-05, 0.00302918208763, 0.00160345982295, 0.000546774361283, -0.00637727929279, 0.0138498181477, -0.00553196156397, 0.00175993714947, -0.00337585597299, 0.00821718387306], [2.81774482573e-05, 0.00195796368644, -0.0019038108876, 0.00132227258291, -0.000676561030559, 0.00471704965457, -0.00184568751138, 0.000942405487876, -0.00553196156397, 0.0158956628293, -0.00659640831873, 0.0041887559928, -0.00346100656316], [-0.000224526040256, -0.00126728892792, 0.00161988416221, -0.00192651106045, 0.00363313173875, -0.00296486751176, 0.00718965101987, -0.00179690564983, 0.00175993714947, -0.00659640831873, 0.0212061144412, -0.0103684701025, 0.00723111862317], [0.000162518132129, 0.00287167960778, -0.00240269862115, 0.00422017555684, -0.00587304588407, 0.00463917013258, -0.00243408419192, 0.00819081719965, -0.00337585597299, 0.0041887559928, -0.0103684701025, 0.0256019737571, -0.0109915109351], [-0.00044973360491, 3.82477537642e-06, 0.00111593375914, -0.00285180448554, 0.00224025547504, 9.08346555661e-05, 0.00415385141969, -0.00269438698888, 0.00821718387306, -0.00346100656316, 0.00723111862317, -0.0109915109351, 0.0238190945238]]}, "melbands": {"dmean": [8.34206126399e-09, 3.94625594424e-08, 6.95587232258e-08, 2.19592925532e-06, 5.46089286217e-05, 0.000184484175406, 0.000177740148501, 0.00034789761412, 8.63164314069e-05, 0.000305223831674, 0.000116939365398, 9.08422953216e-05, 8.27919793664e-05, 3.2054453186e-05, 7.36278707336e-06, 4.5822366701e-06, 1.35957077418e-06, 4.87394174797e-07, 1.80343775469e-07, 2.01632190056e-07, 4.53727935223e-08, 1.92804989751e-08, 1.08445536995e-08, 4.30114566186e-09, 3.68677355311e-09, 2.3229060897e-09, 1.17357090712e-09, 3.59922913695e-09, 1.60528301762e-09, 1.4008277871e-09, 2.28806931735e-10, 2.09868789014e-10, 1.26173571591e-10, 9.82891545931e-10, 1.99833927184e-09, 3.74472647335e-10, 3.97321758827e-10, 3.53025053634e-10, 9.72054658988e-10, 3.91229354468e-10], "dmean2": [1.40765203938e-08, 6.49629754434e-08, 1.14584224775e-07, 1.16180763143e-06, 8.75228797668e-05, 0.000255056598689, 0.000269256677711, 0.00032932148315, 7.36410584068e-05, 0.000264126894763, 0.000121797944303, 9.26754073589e-05, 9.43009144976e-05, 3.89197884942e-05, 9.24313189898e-06, 6.5218087002e-06, 1.91219533008e-06, 7.44826650134e-07, 2.86748388589e-07, 3.13525021056e-07, 7.33642124828e-08, 3.27442783998e-08, 1.871638311e-08, 7.18400050559e-09, 6.2246283683e-09, 4.05216127319e-09, 2.04839301077e-09, 6.3458891475e-09, 2.83477641361e-09, 2.42400899353e-09, 3.88635373882e-10, 3.49399759125e-10, 2.05354247496e-10, 1.59905044761e-09, 3.23832805016e-09, 5.76976078026e-10, 6.10720918282e-10, 5.79799597222e-10, 1.57716784077e-09, 6.40254627093e-10], "dvar": [1.53808940948e-16, 5.09154003342e-15, 1.40527992143e-14, 9.25890961123e-11, 3.71841686331e-08, 3.21961209693e-07, 4.38856119445e-07, 5.27658130522e-07, 3.24640083704e-08, 2.24723194719e-07, 5.73029659279e-08, 2.92651662903e-08, 2.15973638973e-08, 3.16982307069e-09, 3.93341914595e-10, 8.39183930679e-11, 1.27571894021e-11, 7.40844126497e-13, 1.00938754696e-13, 1.35811650012e-13, 8.21351162403e-15, 2.54256844393e-15, 2.76402653148e-16, 6.19928326321e-17, 3.95844568985e-17, 3.79833594874e-17, 2.76741893152e-17, 3.07303103278e-16, 8.52951920845e-17, 1.10083512024e-16, 6.04229794871e-18, 2.6358366645e-18, 3.25687414903e-18, 6.17075082603e-17, 1.94016668512e-16, 1.28174539319e-17, 1.4308927578e-17, 1.29451747544e-17, 6.23109332085e-17, 1.78185705446e-17], "dvar2": [4.17433850624e-16, 1.30522822029e-14, 3.73094940088e-14, 2.58642256917e-11, 1.31377419166e-07, 9.68322297012e-07, 1.1920549241e-06, 5.29392423232e-07, 2.44854962972e-08, 1.80120053983e-07, 6.56894201256e-08, 3.41196511044e-08, 2.88830968032e-08, 5.05544583973e-09, 6.3795296823e-10, 1.63458663271e-10, 2.6954395313e-11, 1.75109894033e-12, 2.51568676914e-13, 3.19587347038e-13, 2.26686565705e-14, 7.52199985513e-15, 8.17821322002e-16, 1.71873480266e-16, 1.06868896258e-16, 1.15828460049e-16, 8.63623344841e-17, 9.63667054751e-16, 2.66634245683e-16, 3.19964684122e-16, 1.62814042687e-17, 6.49536007305e-18, 6.52035788475e-18, 1.47088608015e-16, 4.69192301791e-16, 2.60726568071e-17, 2.87626779376e-17, 2.8064067662e-17, 1.37478079551e-16, 3.95284303012e-17], "max": [2.82752921521e-07, 1.81968459856e-06, 2.46526906267e-06, 0.00063653360121, 0.00408275658265, 0.0129009485245, 0.0150691801682, 0.0146206663921, 0.00496624130756, 0.00798938702792, 0.00577549543232, 0.00303943781182, 0.00246314588003, 0.000788862584159, 0.00038582799607, 0.000184211574378, 7.70300466684e-05, 1.36735352498e-05, 5.08828998136e-06, 7.66792891227e-06, 1.69601469224e-06, 1.07696462237e-06, 2.563358521e-07, 1.48408858536e-07, 1.20599722209e-07, 2.35256621295e-07, 2.52077512641e-07, 6.81589767737e-07, 3.26079430124e-07, 5.12074223025e-07, 2.12788123122e-07, 1.11554321336e-07, 2.02654760528e-07, 4.99140583088e-07, 6.05942148013e-07, 2.58520799434e-07, 2.73549318308e-07, 2.0806119494e-07, 4.50299467047e-07, 2.45471028393e-07], "mean": [1.12434310751e-08, 5.18212850409e-08, 9.89351462977e-08, 1.4199639736e-05, 0.000130910906591, 0.000595932535361, 0.000461024552351, 0.00104444858152, 0.000366576510714, 0.00101407815237, 0.000338142417604, 0.000243004164076, 0.000179960785317, 7.20215612091e-05, 1.66608424479e-05, 8.701970728e-06, 2.33219020629e-06, 7.92915614056e-07, 3.40889215522e-07, 3.31536682552e-07, 8.24129031685e-08, 3.4644322966e-08, 2.04718197949e-08, 7.85160025885e-09, 6.17911011247e-09, 3.4191596221e-09, 1.72265646192e-09, 4.58874627185e-09, 2.14615303307e-09, 1.80528447746e-09, 3.56215973385e-10, 3.30568239448e-10, 2.10294517911e-10, 1.57396784495e-09, 2.99883540222e-09, 6.26269813786e-10, 6.76542932787e-10, 6.26497853595e-10, 1.84319937091e-09, 7.54062423614e-10], "median": [6.33227381641e-09, 2.36013022459e-08, 4.66046508052e-08, 1.0456563615e-07, 1.8094848997e-07, 2.67058453574e-07, 1.90478908735e-06, 4.42376258434e-05, 6.23721934971e-05, 0.000489367695991, 0.000153466477059, 7.87510798546e-05, 5.24602728547e-05, 2.30334353546e-05, 4.26113456342e-06, 2.74953890766e-06, 4.61861986878e-07, 2.98234681395e-07, 1.25101792037e-07, 1.09732297915e-07, 3.32498188982e-08, 1.35459323758e-08, 8.62079740926e-09, 2.68634492429e-09, 2.30965468972e-09, 1.41717237945e-09, 6.44037934094e-10, 7.87499510047e-10, 3.43746808795e-10, 1.91767768332e-10, 9.17661849287e-11, 8.04440541957e-11, 4.65195972021e-11, 3.91938807798e-11, 4.4234102492e-11, 2.50458438711e-11, 2.19193344031e-11, 1.59595323068e-11, 1.62893171174e-11, 8.87895486301e-12], "min": [8.2498723411e-25, 6.95641853001e-25, 1.56459565802e-24, 1.31549961377e-24, 6.77723271969e-25, 1.17308961139e-24, 2.10401115222e-24, 1.88261497259e-24, 2.01349804082e-24, 1.46104809927e-24, 2.73440252336e-24, 3.63341641551e-24, 2.70162101401e-24, 2.26873300063e-24, 2.19881882239e-24, 4.52244766734e-24, 3.77203781479e-24, 3.62578063638e-24, 3.87993623725e-24, 3.63794605483e-24, 4.29414422162e-24, 3.04824195981e-24, 3.82491752785e-24, 5.00727329665e-24, 5.04806371633e-24, 4.66153212797e-24, 4.33872551238e-24, 4.39054341867e-24, 3.9780606731e-24, 5.84136156972e-24, 4.47924057227e-24, 5.84825424187e-24, 4.99642606477e-24, 5.59793881589e-24, 6.5601424387e-24, 6.53611058008e-24, 6.19684083184e-24, 7.2475530705e-24, 6.26225791127e-24, 5.8048515093e-24], "var": [2.21882543699e-16, 7.24477613589e-15, 2.20637530734e-14, 3.82275411326e-09, 1.32384144536e-07, 2.34413482758e-06, 1.58694092534e-06, 4.05265927839e-06, 3.92093767232e-07, 1.67183156918e-06, 2.83009654822e-07, 1.60507426017e-07, 8.86017872403e-08, 1.18103411495e-08, 1.33523669898e-09, 2.29277347108e-10, 3.45489921394e-11, 1.45346993989e-12, 2.47019798279e-13, 3.13502262345e-13, 1.76556089627e-14, 4.70016253091e-15, 7.22041112728e-16, 1.48539813681e-16, 8.31887468762e-17, 4.73832315189e-17, 3.13098681374e-17, 3.41365659749e-16, 9.9665675135e-17, 1.34930720606e-16, 7.94454535106e-18, 4.5582329458e-18, 7.54757475765e-18, 1.16856744813e-16, 3.22201671666e-16, 2.82838892554e-17, 3.17708955974e-17, 2.91682412832e-17, 1.63553485906e-16, 5.08128414526e-17]}, "mfcc": {"mean": [-913.108337402, 178.064041138, -37.6291542053, -108.465988159, -68.1920928955, -30.2169284821, -10.1174125671, 3.70552277565, 6.42008638382, 1.12484550476, -5.3962020874, -3.87381577492, -2.21721673012], "cov": [[1243.86376953, 755.02935791, -541.008728027, -419.198577881, 69.2856140137, -32.6010322571, -88.4468154907, 50.5224227905, 5.98416852951, -36.9444465637, 35.8831291199, 6.78362703323, 7.76983451843], [755.02935791, 973.599975586, 284.910064697, -96.8508987427, -208.202163696, -416.513458252, -617.931762695, -470.940368652, -269.199859619, -121.985870361, 115.764678955, 152.177719116, 98.0795974731], [-541.008728027, 284.910064697, 1474.47570801, 631.173461914, -469.555023193, -669.811828613, -815.104309082, -944.842590332, -536.987548828, -91.6661148071, 62.4051933289, 217.885864258, 238.853897095], [-419.198577881, -96.8508987427, 631.173461914, 433.272125244, -59.1758079529, -169.838287354, -215.139389038, -340.929595947, -258.678985596, -112.095596313, -75.43800354, 14.6925115585, 66.101852417], [69.2856140137, -208.202163696, -469.555023193, -59.1758079529, 362.887298584, 396.319061279, 404.725189209, 347.405334473, 101.779136658, -114.612915039, -161.860290527, -179.088928223, -128.985412598], [-32.6010322571, -416.513458252, -669.811828613, -169.838287354, 396.319061279, 633.702514648, 711.4375, 590.653991699, 252.693344116, -50.2856559753, -202.896820068, -226.278701782, -193.752548218], [-88.4468154907, -617.931762695, -815.104309082, -215.139389038, 404.725189209, 711.4375, 944.250671387, 808.360961914, 384.389190674, 25.2974643707, -212.167144775, -275.521850586, -215.481460571], [50.5224227905, -470.940368652, -944.842590332, -340.929595947, 347.405334473, 590.653991699, 808.360961914, 873.726318359, 505.060821533, 115.100875854, -92.5933609009, -205.090988159, -208.458251953], [5.98416852951, -269.199859619, -536.987548828, -258.678985596, 101.779136658, 252.693344116, 384.389190674, 505.060821533, 439.120727539, 238.028991699, 70.8494873047, -28.943780899, -88.353767395], [-36.9444465637, -121.985870361, -91.6661148071, -112.095596313, -114.612915039, -50.2856559753, 25.2974643707, 115.100875854, 238.028991699, 317.017028809, 203.714248657, 103.622596741, 41.6650657654], [35.8831291199, 115.764678955, 62.4051933289, -75.43800354, -161.860290527, -202.896820068, -212.167144775, -92.5933609009, 70.8494873047, 203.714248657, 273.764404297, 176.193740845, 80.4484558105], [6.78362703323, 152.177719116, 217.885864258, 14.6925115585, -179.088928223, -226.278701782, -275.521850586, -205.090988159, -28.943780899, 103.622596741, 176.193740845, 213.726455688, 109.663696289], [7.76983451843, 98.0795974731, 238.853897095, 66.101852417, -128.985412598, -193.752548218, -215.481460571, -208.458251953, -88.353767395, 41.6650657654, 80.4484558105, 109.663696289, 145.192886353]], "icov": [[0.0106923179701, -0.0119747593999, 0.00678678648546, 0.0014860322699, -0.00724634388462, 0.0108240172267, -0.0108211450279, 0.00437593646348, 0.00541076250374, -0.0108604673296, 0.00886952038854, -0.00351116713136, -0.00194812566042], [-0.0119747593999, 0.0172480940819, -0.0107511449605, 0.00518231885508, 0.00389888277277, -0.0101713072509, 0.0143993878737, -0.00637863017619, -0.00423400104046, 0.0126428725198, -0.00917389057577, 0.00291400286369, 0.00309699773788], [0.00678678648546, -0.0107511449605, 0.019213354215, -0.01881547831, 0.0131998052821, -0.000738995266147, -0.0067204516381, 0.00964793097228, -0.0015777212102, -0.00298380549066, 0.00230768881738, 0.00137214246206, -0.00394271500409], [0.0014860322699, 0.00518231885508, -0.01881547831, 0.0338892787695, -0.0285029187799, 0.0166894979775, -0.00416258489713, -0.00434163631871, 0.00893650017679, -0.00758471759036, 0.00877892039716, -0.00749063584954, 0.00489097181708], [-0.00724634388462, 0.00389888277277, 0.0131998052821, -0.0285029187799, 0.0427462458611, -0.031826030463, 0.0165704004467, -0.00189008400775, -0.00928532145917, 0.017082022503, -0.014853390865, 0.0134567562491, -0.00608742889017], [0.0108240172267, -0.0101713072509, -0.000738995266147, 0.0166894979775, -0.031826030463, 0.0433185100555, -0.0316950082779, 0.0113241439685, 0.00511377584189, -0.0135385207832, 0.0155822187662, -0.0136436205357, 0.00732993148267], [-0.0108211450279, 0.0143993878737, -0.0067204516381, -0.00416258489713, 0.0165704004467, -0.0316950082779, 0.0381678529084, -0.0234481822699, 0.00398546410725, 0.00616002175957, -0.00687778415158, 0.00913707353175, -0.00322483386844], [0.00437593646348, -0.00637863017619, 0.00964793097228, -0.00434163631871, -0.00189008400775, 0.0113241439685, -0.0234481822699, 0.0317861251533, -0.0197311993688, 0.00637493142858, -0.00186782795936, 0.000778244750109, 0.00105968199205], [0.00541076250374, -0.00423400104046, -0.0015777212102, 0.00893650017679, -0.00928532145917, 0.00511377584189, 0.00398546410725, -0.0197311993688, 0.0326829403639, -0.0243897102773, 0.0125776184723, -0.00815555360168, 0.00333714880981], [-0.0108604673296, 0.0126428725198, -0.00298380549066, -0.00758471759036, 0.017082022503, -0.0135385207832, 0.00616002175957, 0.00637493142858, -0.0243897102773, 0.0349768437445, -0.0232074074447, 0.00958888605237, -0.00345655926503], [0.00886952038854, -0.00917389057577, 0.00230768881738, 0.00877892039716, -0.014853390865, 0.0155822187662, -0.00687778415158, -0.00186782795936, 0.0125776184723, -0.0232074074447, 0.0276265945286, -0.0144434962422, 0.00255388976075], [-0.00351116713136, 0.00291400286369, 0.00137214246206, -0.00749063584954, 0.0134567562491, -0.0136436205357, 0.00913707353175, 0.000778244750109, -0.00815555360168, 0.00958888605237, -0.0144434962422, 0.021540639922, -0.00818320922554], [-0.00194812566042, 0.00309699773788, -0.00394271500409, 0.00489097181708, -0.00608742889017, 0.00732993148267, -0.00322483386844, 0.00105968199205, 0.00333714880981, -0.00345655926503, 0.00255388976075, -0.00818320922554, 0.0180562417954]]}, "spectral_contrast_coeffs": {"dmean": [0.0509725660086, 0.0331100635231, 0.0224387217313, 0.0223585087806, 0.0222133621573, 0.0453678444028], "dmean2": [0.0876577869058, 0.0521551556885, 0.0302288699895, 0.0344372354448, 0.0385473594069, 0.0818374231458], "dvar": [0.00152823131066, 0.000688347790856, 0.000328425667249, 0.000309678580379, 0.000309833063511, 0.0013195265783], "dvar2": [0.00447373464704, 0.00174891692586, 0.000639156904072, 0.00074064405635, 0.000928152294364, 0.0039624068886], "max": [-0.24073907733, -0.23731392622, -0.327414661646, -0.484278231859, -0.613075017929, -0.593821406364], "mean": [-0.740125894547, -0.659926950932, -0.568377614021, -0.652772426605, -0.751937747002, -0.858916759491], "median": [-0.763505756855, -0.673933804035, -0.552463769913, -0.648118138313, -0.745009660721, -0.871708452702], "min": [-0.977324962616, -0.988184809685, -0.985630810261, -0.982590138912, -0.982038199902, -0.965923547745], "var": [0.0146618420258, 0.0335231311619, 0.00887091550976, 0.00359286204912, 0.00203168694861, 0.00482345931232]}, "spectral_contrast_valleys": {"dmean": [0.5957