{"lowlevel": {"average_loudness": 0.185506820679, "barkbands_crest": {"dmean": 1.43101537228, "dmean2": 2.0407705307, "dvar": 2.0713570118, "dvar2": 4.69402933121, "max": 25.4360046387, "mean": 12.9708976746, "median": 12.057510376, "min": 3.80869817734, "var": 21.1200828552}, "barkbands_flatness_db": {"dmean": 0.0116925379261, "dmean2": 0.0168104432523, "dvar": 0.000114011061669, "dvar2": 0.000257424457232, "max": 0.371608316898, "mean": 0.236584424973, "median": 0.23410178721, "min": 0.05414872244, "var": 0.00188073201571}, "barkbands_kurtosis": {"dmean": 2.66992926598, "dmean2": 3.81633281708, "dvar": 11.1573324203, "dvar2": 21.8808078766, "max": 117.965133667, "mean": 10.379070282, "median": 7.68544626236, "min": -1.84457850456, "var": 106.889060974}, "barkbands_skewness": {"dmean": 0.362659931183, "dmean2": 0.514044046402, "dvar": 0.114488609135, "dvar2": 0.233214899898, "max": 9.24807453156, "mean": 2.57067871094, "median": 2.47491121292, "min": -8.57039165497, "var": 1.73088884354}, "barkbands_spread": {"dmean": 1.80334937572, "dmean2": 2.72644329071, "dvar": 6.54795122147, "dvar2": 16.1230735779, "max": 102.644309998, "mean": 10.0411872864, "median": 8.00330162048, "min": 1.27324533463, "var": 55.6655921936}, "dissonance": {"dmean": 0.0176089853048, "dmean2": 0.0291811078787, "dvar": 0.000232452439377, "dvar2": 0.000632721115835, "max": 0.49970883131, "mean": 0.431190043688, "median": 0.433805167675, "min": 0.284093677998, "var": 0.000976655283011}, "dynamic_complexity": 3.92085790634, "erbbands_crest": {"dmean": 2.08300113678, "dmean2": 3.07766199112, "dvar": 3.94327306747, "dvar2": 9.4580745697, "max": 30.9481697083, "mean": 12.3845071793, "median": 11.3830471039, "min": 2.84499382973, "var": 23.3684902191}, "erbbands_flatness_db": {"dmean": 0.00960161723197, "dmean2": 0.013420779258, "dvar": 7.70275582909e-05, "dvar2": 0.000177971596713, "max": 0.376604557037, "mean": 0.240424767137, "median": 0.239697635174, "min": 0.047819096595, "var": 0.00141247722786}, "erbbands_kurtosis": {"dmean": 1.03417932987, "dmean2": 1.55172467232, "dvar": 1.89751839638, "dvar2": 4.49744319916, "max": 26.4007320404, "mean": 1.48298823833, "median": 0.614122509956, "min": -1.888453722, "var": 10.5022220612}, "erbbands_skewness": {"dmean": 0.290622621775, "dmean2": 0.426557660103, "dvar": 0.0732105076313, "dvar2": 0.173726335168, "max": 4.73784732819, "mean": 1.10600829124, "median": 1.10652422905, "min": -3.86625742912, "var": 0.830354213715}, "erbbands_spread": {"dmean": 4.53218793869, "dmean2": 6.72503805161, "dvar": 17.1918449402, "dvar2": 39.6910858154, "max": 100.227233887, "mean": 31.4037132263, "median": 29.833978653, "min": 3.97844362259, "var": 167.125854492}, "hfc": {"dmean": 2.5072350502, "dmean2": 3.90221643448, "dvar": 146.331161499, "dvar2": 416.432922363, "max": 476.547088623, "mean": 11.320807457, "median": 5.79624032974, "min": 1.19788802299e-16, "var": 789.610473633}, "melbands_crest": {"dmean": 1.89804208279, "dmean2": 2.71676087379, "dvar": 3.92762589455, "dvar2": 9.33043670654, "max": 32.8755874634, "mean": 18.5314559937, "median": 17.4038009644, "min": 2.38697624207, "var": 42.5752105713}, "melbands_flatness_db": {"dmean": 0.0123228281736, "dmean2": 0.0171424914151, "dvar": 0.000124521626276, "dvar2": 0.000273749930784, "max": 0.456023603678, "mean": 0.278151780367, "median": 0.275170922279, "min": 0.00826806854457, "var": 0.00381193310022}, "melbands_kurtosis": {"dmean": 5.37747526169, "dmean2": 7.4643163681, "dvar": 48.2062301636, "dvar2": 90.9489517212, "max": 246.101776123, "mean": 21.6465358734, "median": 16.0786590576, "min": -1.83559000492, "var": 416.635620117}, "melbands_skewness": {"dmean": 0.480716526508, "dmean2": 0.661968290806, "dvar": 0.196003675461, "dvar2": 0.37283217907, "max": 11.8206272125, "mean": 3.41869664192, "median": 3.19950890541, "min": -2.00293731689, "var": 2.53943014145}, "melbands_spread": {"dmean": 2.32669258118, "dmean2": 3.48218345642, "dvar": 15.413775444, "dvar2": 36.2227592468, "max": 165.379074097, "mean": 11.5838375092, "median": 8.16857147217, "min": 0.859214365482, "var": 157.858444214}, "pitch_salience": {"dmean": 0.0421298034489, "dmean2": 0.0614228248596, "dvar": 0.00142725941259, "dvar2": 0.00321499234997, "max": 0.859656453133, "mean": 0.459788888693, "median": 0.463604688644, "min": 0.113059513271, "var": 0.0180920064449}, "silence_rate_20dB": {"dmean": 0, "dmean2": 0, "dvar": 0, "dvar2": 0, "max": 1, "mean": 1, "median": 1, "min": 1, "var": 0}, "silence_rate_30dB": {"dmean": 0.00316748046316, "dmean2": 0.006335797254, "dvar": 0.00315717142075, "dvar2": 0.00814458075911, "max": 1, "mean": 0.995117425919, "median": 1, "min": 0, "var": 0.00485819019377}, "silence_rate_60dB": {"dmean": 0.0232281908393, "dmean2": 0.0464625135064, "dvar": 0.0226870980114, "dvar2": 0.0522266663611, "max": 1, "mean": 0.101741887629, "median": 0, "min": 0, "var": 0.0913900285959}, "spectral_centroid": {"dmean": 120.76436615, "dmean2": 185.366088867, "dvar": 27560.6601562, "dvar2": 57272.1132812, "max": 10913.8583984, "mean": 945.345275879, "median": 786.647705078, "min": 264.801361084, "var": 317113}, "spectral_complexity": {"dmean": 1.29945886135, "dmean2": 2.2114572525, "dvar": 1.3646146059, "dvar2": 3.55209708214, "max": 24, "mean": 9.42768573761, "median": 9, "min": 0, "var": 16.1596870422}, "spectral_decrease": {"dmean": 6.13005257666e-10, "dmean2": 7.8945783244e-10, "dvar": 1.14671376234e-18, "dvar2": 2.83266201651e-18, "max": 7.38720885525e-16, "mean": -4.55680160272e-09, "median": -3.02653346829e-09, "min": -3.77767186421e-08, "var": 2.08427858775e-17}, "spectral_energy": {"dmean": 0.00251920963638, "dmean2": 0.00329245440662, "dvar": 2.42470323428e-05, "dvar2": 6.31620787317e-05, "max": 0.184195503592, "mean": 0.0182252041996, "median": 0.0120015852153, "min": 1.13048932548e-20, "var": 0.000351414986653}, "spectral_energyband_high": {"dmean": 4.94120176882e-05, "dmean2": 8.2763050159e-05, "dvar": 6.21217566277e-08, "dvar2": 1.74390152097e-07, "max": 0.010968664661, "mean": 0.000148194900248, "median": 4.78312394989e-05, "min": 8.05610585611e-21, "var": 3.16936393574e-07}, "spectral_energyband_low": {"dmean": 0.000458713999251, "dmean2": 0.000534691265784, "dvar": 1.39571159252e-06, "dvar2": 1.89883508028e-06, "max": 0.0637953653932, "mean": 0.00493508344516, "median": 4.11037144659e-05, "min": 5.15585509037e-23, "var": 0.000123519334011}, "spectral_energyband_middle_high": {"dmean": 0.000742516713217, "dmean2": 0.00118478026707, "dvar": 1.52901375259e-05, "dvar2": 4.33864552178e-05, "max": 0.137643441558, "mean": 0.0023108178284, "median": 0.000786366872489, "min": 1.96196376474e-21, "var": 6.69009314151e-05}, "spectral_energyband_middle_low": {"dmean": 0.00190883793402, "dmean2": 0.00240759458393, "dvar": 9.01097155293e-06, "dvar2": 1.79256549018e-05, "max": 0.114908181131, "mean": 0.0114559661597, "median": 0.00775909982622, "min": 2.57898446103e-22, "var": 0.000166882731719}, "spectral_entropy": {"dmean": 0.0900611951947, "dmean2": 0.133085638285, "dvar": 0.00632895622402, "dvar2": 0.0152617935091, "max": 9.8031463623, "mean": 6.92320394516, "median": 6.93746948242, "min": 5.85482692719, "var": 0.0835437104106}, "spectral_flux": {"dmean": 0.00673113623634, "dmean2": 0.0111506180838, "dvar": 7.79502661317e-05, "dvar2": 0.000225410942221, "max": 0.297147631645, "mean": 0.0290613528341, "median": 0.0245326049626, "min": 1.06324470062e-10, "var": 0.00042485105223}, "spectral_kurtosis": {"dmean": 2.43019175529, "dmean2": 4.31140518188, "dvar": 4.27043485641, "dvar2": 13.534321785, "max": 21.1065273285, "mean": 4.95665645599, "median": 4.40813159943, "min": -1.221347332, "var": 7.31086683273}, "spectral_rms": {"dmean": 0.000272340839729, "dmean2": 0.000353952113073, "dvar": 1.08439230928e-07, "dvar2": 2.56965904555e-07, "max": 0.0134053323418, "mean": 0.00376697746105, "median": 0.00342182163149, "min": 3.32101859034e-12, "var": 3.59059254151e-06}, "spectral_rolloff": {"dmean": 151.655471802, "dmean2": 257.512115479, "dvar": 171778.53125, "dvar2": 371354.0625, "max": 19875.1464844, "mean": 882.72076416, "median": 538.330078125, "min": 107.666015625, "var": 1642848.875}, "spectral_skewness": {"dmean": 0.254979789257, "dmean2": 0.446426600218, "dvar": 0.0431735701859, "dvar2": 0.134245306253, "max": 3.22314500809, "mean": 1.41005265713, "median": 1.37009716034, "min": -0.0125329960138, "var": 0.130694195628}, "spectral_spread": {"dmean": 171096.109375, "dmean2": 285965, "dvar": 123263950848, "dvar2": 167682572288, "max": 41519348, "mean": 3226016.5, "median": 3153256.5, "min": 2282916.25, "var": 633805012992}, "spectral_strongpeak": {"dmean": 0.386235177517, "dmean2": 0.618639826775, "dvar": 2.50619840622, "dvar2": 5.86169052124, "max": 38.1831932068, "mean": 1.40596032143, "median": 0.791286349297, "min": 1.69812131023e-09, "var": 8.02475357056}, "zerocrossingrate": {"dmean": 0.00425868621096, "dmean2": 0.00523529527709, "dvar": 4.37949529442e-05, "dvar2": 4.13894485973e-05, "max": 0.71728515625, "mean": 0.0381265953183, "median": 0.0322265625, "min": 0.00439453125, "var": 0.00143246946391}, "barkbands": {"dmean": [1.9861124656e-07, 0.000127552470076, 0.000278176827123, 0.000165338686202, 0.000372843584046, 0.000548086536583, 0.000676410330925, 0.000648655288387, 0.00026901109959, 0.000328041845933, 6.03638982284e-05, 1.68451424543e-05, 2.98955801554e-05, 3.3153250115e-05, 5.44091963093e-05, 4.59143266198e-05, 5.26657277078e-05, 0.000231223166338, 0.000418225012254, 0.000155213914695, 2.05219530471e-05, 1.04252158053e-05, 4.21183631261e-06, 3.32394279212e-06, 7.5370343211e-07, 1.21381575013e-07, 1.35313902305e-08], "dmean2": [3.70199700228e-07, 0.000154288412887, 0.00029028361314, 0.000258834392298, 0.000425639300374, 0.000742007978261, 0.000811041158158, 0.000795460946392, 0.000302267231746, 0.000463607342681, 8.53297533467e-05, 2.51190704148e-05, 4.61746421934e-05, 5.25616960658e-05, 9.11462630029e-05, 7.5047784776e-05, 8.6346793978e-05, 0.000390551722376, 0.000672298076097, 0.000258594227489, 3.5084591218e-05, 1.66433419508e-05, 6.98385974829e-06, 5.10051677338e-06, 1.16688113394e-06, 1.83195766112e-07, 2.35880808219e-08], "dvar": [2.19228349124e-13, 2.43985311954e-07, 6.4544713041e-07, 1.49033269281e-07, 1.10379335183e-06, 7.25925929146e-07, 1.2676833876e-06, 2.51094547821e-06, 2.75575644082e-07, 2.56088605965e-06, 3.17332542465e-08, 7.35429828147e-10, 4.38162395255e-09, 1.14668825546e-08, 7.87102205635e-09, 9.400245915e-09, 2.77484968336e-08, 2.62946491603e-06, 1.05001536213e-05, 1.78643813342e-06, 1.83364345929e-08, 8.12329847832e-09, 4.03424321727e-10, 5.62489665956e-10, 3.5829065409e-11, 1.45236502946e-12, 9.26862329698e-15], "dvar2": [7.54498406027e-13, 4.18310463601e-07, 7.11242250873e-07, 3.58534862244e-07, 1.18490186196e-06, 1.52648351559e-06, 1.95529128177e-06, 4.18015906689e-06, 3.79114879934e-07, 6.56638121654e-06, 6.28321785712e-08, 1.49693668572e-09, 9.60128865302e-09, 2.98032958312e-08, 2.23221210405e-08, 2.49284664022e-08, 6.46857571951e-08, 7.42864494896e-06, 2.42245805566e-05, 3.94921562474e-06, 5.17786311605e-08, 1.93513045588e-08, 1.11416187387e-09, 1.29001664906e-09, 7.77991976397e-11, 3.20316841627e-12, 2.95948500624e-14], "max": [9.31481281441e-06, 0.0270956940949, 0.0482544973493, 0.0255466662347, 0.0810538083315, 0.0220929123461, 0.0521277412772, 0.0834513157606, 0.0187241304666, 0.0588349103928, 0.00492894649506, 0.000496051216032, 0.00253128283657, 0.00374970864505, 0.00155427784193, 0.0027315504849, 0.00577504048124, 0.0563812032342, 0.0978986620903, 0.0941051244736, 0.00718605797738, 0.00576446857303, 0.000694352318533, 0.00146700500045, 0.00041275692638, 9.31930189836e-05, 5.53722929908e-06], "mean": [7.8425148331e-07, 0.00112453731708, 0.00338586117141, 0.00142321432941, 0.00229621515609, 0.00158893421758, 0.00216349749826, 0.00259049725719, 0.000954003888182, 0.00070048996713, 0.000121743491036, 3.51876296918e-05, 5.92581418459e-05, 6.65189218125e-05, 0.00011609304056, 0.000101182653452, 0.000106780564238, 0.000330254755681, 0.000696236384101, 0.000268972682534, 4.44637116743e-05, 2.6822426662e-05, 1.03711945485e-05, 1.05875978988e-05, 2.30806381296e-06, 3.97787317752e-07, 4.39427196852e-08], "median": [1.5055690028e-08, 1.59460046234e-06, 2.12216536966e-06, 1.72163599927e-05, 0.000643326900899, 0.00085149233928, 0.00111104245298, 0.000529702519998, 0.000300961371977, 0.000189106183825, 2.51849305641e-05, 1.52302636707e-05, 1.94028798433e-05, 3.06712681777e-05, 6.06458925176e-05, 4.44567813247e-05, 4.81433962705e-05, 4.19987482019e-05, 6.32715673419e-05, 5.50468539586e-05, 1.65225865203e-05, 7.18033243174e-06, 2.77769549939e-06, 7.95792630015e-07, 1.83022962119e-07, 6.34207708572e-08, 2.95693141084e-08], "min": [3.84580735348e-24, 3.41194647738e-23, 1.13053754697e-23, 1.10227029416e-23, 7.6399146565e-23, 1.38588298675e-23, 1.09629041295e-23, 3.06971621305e-23, 1.07776575008e-22, 2.69486718137e-23, 1.72612762508e-22, 2.75402322956e-22, 1.03082808446e-22, 1.4399895994e-22, 1.32976427392e-22, 1.63572517508e-22, 2.80091463638e-22, 2.77835018527e-22, 2.35787520588e-22, 3.54611934802e-22, 6.52729210913e-22, 5.52300780573e-22, 6.93872409197e-22, 9.02448797637e-22, 1.40974325865e-21, 1.44270244788e-21, 2.45275389247e-21], "var": [2.80370756993e-12, 9.84166399576e-06, 7.90005215094e-05, 8.97453992366e-06, 4.98476656503e-05, 4.05450737162e-06, 1.03551110442e-05, 4.05525461247e-05, 2.6445243293e-06, 5.92378910369e-06, 1.05788799942e-07, 2.71724331924e-09, 2.00785787996e-08, 1.90993922899e-08, 2.17655831136e-08, 2.46789895186e-08, 7.01507900658e-08, 3.96060750063e-06, 2.25462372327e-05, 3.29928866449e-06, 4.28251176743e-08, 2.41999398298e-08, 1.3561674006e-09, 4.15815115673e-09, 2.11222789259e-10, 7.97489504989e-12, 2.80990847452e-14]}, "erbbands": {"dmean": [0.000659336161334, 0.04295328632, 0.322040945292, 0.371679663658, 0.592987895012, 1.90228748322, 1.23582386971, 5.39139699936, 9.3448009491, 19.4062023163, 5.29090547562, 6.68818855286, 11.4769544601, 4.24890232086, 2.24028205872, 0.782965302467, 1.39208328724, 1.80325329304, 1.27361226082, 4.39081335068, 2.00481152534, 1.89616155624, 5.50706148148, 33.5264701843, 3.62556147575, 9.04429340363, 1.34483003616, 0.533578932285, 0.271888673306, 0.258575558662, 0.153939247131, 0.0718074515462, 0.0494705960155, 0.0168047063053, 0.00388711527921, 0.000897457823157, 0.000197996807401, 2.34783346968e-05, 2.73896489489e-06, 3.06800666294e-06], "dmean2": [0.000810591678601, 0.0505447201431, 0.344752073288, 0.535575509071, 0.794448673725, 2.13084626198, 1.7932164669, 7.64401388168, 10.152879715, 24.8923530579, 6.43972635269, 7.70917654037, 16.4140033722, 5.62872838974, 3.14452147484, 1.14755809307, 2.14324784279, 2.86528301239, 2.03277301788, 7.290620327, 3.28809261322, 3.12715697289, 9.40456867218, 55.6539535522, 6.04857540131, 15.1479578018, 2.28669524193, 0.862749874592, 0.439408063889, 0.433457523584, 0.25480902195, 0.111510530114, 0.0739165246487, 0.0258601605892, 0.00582862272859, 0.00133785081562, 0.000289902294753, 3.58443212463e-05, 4.23996652898e-06, 4.11139217249e-06], "dvar": [6.00569592279e-06, 0.0233880002052, 0.851713001728, 0.510403633118, 0.932232439518, 39.9193305969, 5.40340042114, 71.7901763916, 158.433166504, 1899.10192871, 115.962837219, 138.727035522, 4165.52783203, 91.3277130127, 34.0888061523, 1.63999116421, 7.72984218597, 32.7661781311, 4.60487985611, 54.894203186, 28.1338882446, 26.5049743652, 645.349487305, 61451.2265625, 305.55456543, 6179.12646484, 65.1266784668, 14.4608230591, 2.85988759995, 3.4590678215, 0.743083715439, 0.167052805424, 0.159576848149, 0.0187026001513, 0.0012875655666, 7.25402278476e-05, 3.58352372132e-06, 6.71312463396e-08, 1.10949145704e-10, 5.111720075e-11], "dvar2": [1.03724332803e-05, 0.0387664251029, 1.03333950043, 1.18089342117, 2.01820349693, 41.9530677795, 9.72787189484, 175.748779297, 167.311981201, 3869.13916016, 180.332427979, 189.181838989, 10635.390625, 156.267532349, 65.5188293457, 3.19316077232, 16.852350235, 85.8768081665, 11.4732503891, 153.209625244, 71.4192657471, 60.7190170288, 1860.49169922, 166506.890625, 804.283508301, 13917.1806641, 184.662384033, 36.2237548828, 6.29898834229, 9.57762241364, 2.06759476662, 0.402353256941, 0.348223268986, 0.0429955683649, 0.00289745349437, 0.000160134208272, 8.26562245493e-06, 1.56382739647e-07, 2.60699045684e-10, 1.38086653223e-10], "max": [0.116518683732, 8.65775966644, 48.865852356, 40.9881362915, 50.5514259338, 487.059265137, 149.9506073, 224.799880981, 507.859802246, 1730.88647461, 551.549621582, 383.749603271, 2506.08520508, 248.824554443, 149.63420105, 25.7166557312, 100.555931091, 197.128143311, 38.980342865, 147.059432983, 209.99508667, 192.413284302, 805.617614746, 7554.70849609, 1022.86260986, 5415.60498047, 445.501281738, 196.976333618, 101.509735107, 86.4016799927, 31.8408508301, 20.3962211609, 29.2890396118, 8.87920951843, 2.48646855354, 0.725197613239, 0.120453350246, 0.0179789885879, 0.000737413647585, 0.000295775040286], "mean": [0.00602986710146, 0.406808823347, 3.73649477959, 3.44948244095, 4.97550678253, 11.3349084854, 5.88279151917, 15.4771957397, 29.8794307709, 68.3722991943, 23.2397117615, 24.4263458252, 24.5088729858, 11.1796331406, 4.94190168381, 1.96714317799, 2.92244672775, 3.41631889343, 3.17046165466, 9.91208934784, 4.5491476059, 4.37247610092, 11.2291154861, 61.4004898071, 9.04492378235, 15.6897296906, 3.01134395599, 1.31077539921, 0.766306698322, 0.643634557724, 0.376255750656, 0.212096363306, 0.137287944555, 0.0479406118393, 0.0116367880255, 0.0028370320797, 0.000620954029728, 8.51169752423e-05, 1.72515265149e-05, 2.15850268432e-05], "median": [8.59610518091e-05, 0.000976208248176, 0.0136569952592, 0.16943269968, 1.1621260643, 1.39782309532, 1.93062853813, 8.55323982239, 14.7410516739, 20.972360611, 9.53515052795, 8.74775886536, 6.2828783989, 3.5213727951, 1.61942839622, 1.00643110275, 1.12043058872, 1.53915083408, 1.97586965561, 4.52806568146, 2.48561525345, 2.28201937675, 2.79797792435, 2.73435926437, 3.11588072777, 2.94743251801, 1.09091198444, 0.499492168427, 0.28528958559, 0.144480228424, 0.0710002928972, 0.025929203257, 0.00904993899167, 0.00290992995724, 0.00103379390202, 0.000340616534231, 0.000112927526061, 3.35296317644e-05, 1.16689734568e-05, 1.39791054607e-05], "min": [1.05501252771e-21, 7.26049866291e-21, 1.42872525637e-20, 2.53136234434e-20, 1.98903087537e-19, 1.86994013162e-19, 2.20280601117e-19, 1.18931834602e-19, 1.95794801289e-19, 2.36938131648e-19, 1.17229070387e-18, 2.61246736463e-18, 9.94823652938e-19, 3.18857922253e-18, 7.75374621661e-18, 1.11037127193e-17, 5.83742929922e-18, 6.43303614979e-18, 8.0535760276e-18, 7.05308866901e-18, 1.12895223003e-17, 1.41853087441e-17, 1.70304130046e-17, 1.01995315179e-17, 1.38890573165e-17, 1.57332515291e-17, 2.76345078068e-17, 2.28084896134e-17, 2.10174037048e-17, 1.58215861467e-17, 2.04453553717e-17, 2.01779725474e-17, 1.44435082093e-17, 1.34338755418e-17, 1.06058955744e-17, 4.98501140618e-18, 3.38704528728e-18, 1.01497863235e-18, 3.18305975649e-19, 3.91649760581e-20], "var": [0.000236843028688, 1.10538828373, 89.3801651001, 31.6228351593, 57.1400794983, 1817.63867188, 200.459747314, 355.770599365, 1629.49902344, 21018.7558594, 1852.54260254, 1296.13720703, 9814.13769531, 465.396148682, 120.322296143, 7.11182165146, 35.9860420227, 54.9635276794, 12.1382932663, 209.480529785, 61.7315063477, 77.9616546631, 1862.97375488, 161258.9375, 1274.83666992, 11636.0966797, 160.288970947, 41.2761764526, 11.123169899, 12.497335434, 2.78556919098, 1.11053836346, 0.972102999687, 0.101799115539, 0.00559130311012, 0.000368962122593, 1.92535298993e-05, 2.47010746079e-07, 1.25206711665e-09, 5.7396498665e-10]}, "gfcc": {"mean": [-101.884033203, 117.735183716, -156.636230469, 17.5087566376, -81.6974105835, -40.1732368469, -36.8368721008, -6.55702590942, -15.2878189087, -8.66631603241, -13.8578701019, -14.457695961, -8.88313579559], "cov": [[5769.94287109, 122.235969543, -595.343994141, 375.185546875, -629.92565918, 50.4360961914, -268.999267578, 85.5486831665, -131.047439575, -235.854644775, 36.5230026245, -219.741241455, -67.8451080322], [122.235969543, 1494.32727051, 993.039306641, 654.910888672, 920.914550781, 344.579650879, 455.201568604, 4.50275182724, 223.586807251, 41.3151359558, -60.881893158, -137.427978516, -129.630722046], [-595.343994141, 993.039306641, 1226.9050293, 718.560241699, 910.044189453, 420.456207275, 423.681427002, 114.957214355, 141.419036865, 35.7820396423, -37.0553359985, -117.151161194, -153.20803833], [375.185546875, 654.910888672, 718.560241699, 708.474121094, 631.172912598, 349.951141357, 261.950286865, 97.7204589844, 95.0699386597, -2.61123466492, -7.49028587341, -113.411895752, -114.750671387], [-629.92565918, 920.914550781, 910.044189453, 631.172912598, 948.061523438, 389.035827637, 390.833862305, 86.188117981, 177.124008179, 57.228099823, -55.487411499, -90.5919570923, -115.313461304], [50.4360961914, 344.579650879, 420.456207275, 349.951141357, 389.035827637, 309.645599365, 216.277236938, 107.050056458, 83.3234481812, 4.78810119629, -7.87502574921, -70.3767166138, -67.9669342041], [-268.999267578, 455.201568604, 423.681427002, 261.950286865, 390.833862305, 216.277236938, 332.889953613, 114.586776733, 124.628700256, 38.8805007935, -6.8883061409, -49.1769294739, -55.4243927002], [85.5486831665, 4.50275182724, 114.957214355, 97.7204589844, 86.188117981, 107.050056458, 114.586776733, 172.593841553, 78.7282180786, 21.9436950684, 8.15550327301, -23.5358963013, -31.5863380432], [-131.047439575, 223.586807251, 141.419036865, 95.0699386597, 177.124008179, 83.3234481812, 124.628700256, 78.7282180786, 191.400726318, 84.5824127197, 4.92075061798, -21.087896347, -19.5275173187], [-235.854644775, 41.3151359558, 35.7820396423, -2.61123466492, 57.228099823, 4.78810119629, 38.8805007935, 21.9436950684, 84.5824127197, 110.508888245, 33.578414917, 24.4013404846, 2.22105956078], [36.5230026245, -60.881893158, -37.0553359985, -7.49028587341, -55.487411499, -7.87502574921, -6.8883061409, 8.15550327301, 4.92075061798, 33.578414917, 87.8660507202, 40.6590118408, 13.9248352051], [-219.741241455, -137.427978516, -117.151161194, -113.411895752, -90.5919570923, -70.3767166138, -49.1769294739, -23.5358963013, -21.087896347, 24.4013404846, 40.6590118408, 103.544532776, 65.5974273682], [-67.8451080322, -129.630722046, -153.20803833, -114.750671387, -115.313461304, -67.9669342041, -55.4243927002, -31.5863380432, -19.5275173187, 2.22105956078, 13.9248352051, 65.5974273682, 97.8432922363]], "icov": [[0.00077254261123, -0.00150438502897, 0.00120556878392, -0.00173530506436, 0.00186370918527, -0.000849529809784, 0.00120844936464, -0.00171467533801, 0.000905235705432, -7.25781865185e-05, 8.19102642708e-05, 0.000557550811209, -7.06648133928e-05], [-0.00150438502897, 0.00593018019572, -0.00322747044265, 0.00270714703947, -0.00469683809206, 0.00296667520888, -0.00459220865741, 0.00656025391072, -0.0043094935827, 0.00174390233587, -0.000535160885192, 5.80436462769e-05, 0.000114260037662], [0.00120556878392, -0.00322747044265, 0.00574044324458, -0.00378807866946, 0.00103841198143, -0.00155615690164, 0.00128371559549, -0.00368233304471, 0.00319987442344, -0.000946125073824, 0.00018633432046, 0.000252827536315, 0.00125129683875], [-0.00173530506436, 0.00270714703947, -0.00378807866946, 0.0100537315011, -0.00657356996089, -0.000601068721153, -0.000460214272607, 0.00234951497987, -0.00133561110124, 0.00168180488981, -0.00403011962771, 0.0020357244648, -0.000520207278896], [0.00186370918527, -0.00469683809206, 0.00103841198143, -0.00657356996089, 0.0119976727292, -0.00484849978238, 0.00140738289338, -0.00229512760416, 0.00113132316619, -0.00266851740889, 0.00551086803898, -0.00317622814327, 0.00144576106686], [-0.000849529809784, 0.00296667520888, -0.00155615690164, -0.000601068721153, -0.00484849978238, 0.012780460529, -0.00434108404443, -0.000175156834302, -0.00161142530851, 0.00249168765731, -0.00253132777289, 0.00280117522925, -0.0010479913326], [0.00120844936464, -0.00459220865741, 0.00128371559549, -0.000460214272607, 0.00140738289338, -0.00434108404443, 0.0123332468793, -0.00787342805415, 0.00159678130876, -0.000561348337214, -0.00136965676211, 0.00150259921793, -0.00116916291881], [-0.00171467533801, 0.00656025391072, -0.00368233304471, 0.00234951497987, -0.00229512760416, -0.000175156834302, -0.00787342805415, 0.0176970455796, -0.00823860242963, 0.00225300202146, 0.000538342632353, -0.00263377907686, 0.00291234836914], [0.000905235705432, -0.0043094935827, 0.00319987442344, -0.00133561110124, 0.00113132316619, -0.00161142530851, 0.00159678130876, -0.00823860242963, 0.0158624071628, -0.0102296266705, 0.00086388818454, 0.00413761241361, -0.00267783692107], [-7.25781865185e-05, 0.00174390233587, -0.000946125073824, 0.00168180488981, -0.00266851740889, 0.00249168765731, -0.000561348337214, 0.00225300202146, -0.0102296266705, 0.0201375056058, -0.00679888762534, -0.00305776507594, 0.00226515997201], [8.19102642708e-05, -0.000535160885192, 0.00018633432046, -0.00403011962771, 0.00551086803898, -0.00253132777289, -0.00136965676211, 0.000538342632353, 0.00086388818454, -0.00679888762534, 0.020824868232, -0.0109375463799, 0.00374331069179], [0.000557550811209, 5.80436462769e-05, 0.000252827536315, 0.0020357244648, -0.00317622814327, 0.00280117522925, 0.00150259921793, -0.00263377907686, 0.00413761241361, -0.00305776507594, -0.0109375463799, 0.0279170032591, -0.0148143963888], [-7.06648133928e-05, 0.000114260037662, 0.00125129683875, -0.000520207278896, 0.00144576106686, -0.0010479913326, -0.00116916291881, 0.00291234836914, -0.00267783692107, 0.00226515997201, 0.00374331069179, -0.0148143963888, 0.021739333868]]}, "melbands": {"dmean": [1.87240693776e-05, 0.00012811520719, 7.23297416698e-05, 8.58339626575e-05, 5.74324803893e-05, 0.000125398073578, 0.000138414994581, 0.000209599733353, 3.64094448742e-05, 4.12744520872e-05, 5.71827767999e-05, 1.74726428668e-05, 8.83188840817e-06, 2.39619453168e-06, 2.75354204859e-06, 2.40757935899e-06, 3.92050969822e-06, 2.06219147003e-06, 3.65528308066e-06, 5.83693054068e-06, 2.31605713452e-06, 1.94911649487e-06, 3.26873214362e-06, 1.02851363408e-05, 3.14898134093e-05, 2.16049443225e-06, 5.08432276547e-06, 5.5979339777e-06, 7.83147299899e-07, 6.87256829224e-07, 3.60676182254e-07, 2.02012827799e-07, 1.81798398557e-07, 1.21898381167e-07, 1.18762287116e-07, 4.77395971643e-08, 4.43055618859e-08, 4.54080186785e-08, 2.68549253946e-08, 1.60729971554e-08], "dmean2": [2.2830119633e-05, 0.000138888121, 0.000102086778497, 9.9725126347e-05, 7.65361764934e-05, 0.000168267637491, 0.000152440421516, 0.000265751499683, 4.11403343605e-05, 4.87617726321e-05, 8.17119507701e-05, 2.28089356824e-05, 1.24281950775e-05, 3.55733777724e-06, 4.17127012042e-06, 3.67978918803e-06, 6.25373786534e-06, 3.27118891619e-06, 6.07749825576e-06, 9.6401963674e-06, 3.83067936127e-06, 3.23491576637e-06, 5.31264868187e-06, 1.79069629667e-05, 5.20812682225e-05, 3.58769034392e-06, 8.3033582996e-06, 9.39544133871e-06, 1.33827848003e-06, 1.1826463151e-06, 5.79471304718e-07, 3.27467546413e-07, 3.05439783688e-07, 2.06706587846e-07, 1.99738394713e-07, 7.58661968803e-08, 6.96008015666e-08, 7.16833241654e-08, 3.72692881001e-08, 2.54645069475e-08], "dvar": [5.44182121587e-09, 1.42522978308e-07, 1.83602022474e-08, 5.04461468154e-08, 1.8774924726e-08, 3.86964380539e-08, 3.41392336622e-08, 2.26057125019e-07, 3.74038133799e-09, 6.39975494821e-09, 1.00693981153e-07, 1.55282531278e-09, 6.78611444815e-10, 1.51158582179e-11, 2.02631748186e-11, 5.67843029542e-11, 1.70340241912e-10, 1.26132689363e-11, 3.69800579048e-11, 1.1416381035e-10, 6.98207672234e-11, 3.54128566749e-11, 9.74628225348e-11, 4.05370093048e-09, 5.52893197892e-08, 1.45713191513e-10, 2.07686134956e-09, 2.08240580335e-09, 1.59244770148e-11, 1.75520865203e-11, 1.27151787363e-11, 1.9583865779e-12, 1.61376489428e-12, 5.78404023895e-13, 4.94630757793e-13, 4.67925191324e-14, 9.52558480228e-14, 1.51271356552e-13, 5.83176085547e-14, 2.02090473804e-14], "dvar2": [9.40844291364e-09, 1.88251306099e-07, 4.13695637747e-08, 5.59633157593e-08, 2.32680399392e-08, 7.9103372741e-08, 3.87000120838e-08, 4.45212037903e-07, 4.81801754049e-09, 1.04978088444e-08, 2.57400813553e-07, 2.30914753985e-09, 1.33139987923e-09, 3.06771656688e-11, 4.37013099319e-11, 1.23226512327e-10, 4.46747694394e-10, 3.12317081919e-11, 1.03070350865e-10, 3.06715514098e-10, 1.76040348965e-10, 9.1048245332e-11, 2.00566077635e-10, 1.21792496088e-08, 1.47681205931e-07, 3.56627061215e-10, 4.45303482977e-09, 4.76092987256e-09, 4.46503702067e-11, 4.95455725058e-11, 3.017215644e-11, 4.66281744119e-12, 4.50565799948e-12, 1.61149576756e-12, 1.37978213924e-12, 1.11370805698e-13, 2.42442649073e-13, 3.88712147322e-13, 9.49216765844e-14, 4.86614363442e-14], "max": [0.00385568011552, 0.0207409746945, 0.00835000909865, 0.0170559324324, 0.0101933469996, 0.00552445556968, 0.00735333375633, 0.020879169926, 0.00279001099989, 0.00211903918535, 0.0122652957216, 0.00112759426702, 0.000725438119844, 7.79954425525e-05, 0.000162751282915, 0.000350965303369, 0.000453543238109, 6.58906501485e-05, 0.000121525867144, 0.000260474305833, 0.000376592564862, 0.000247479940299, 0.000426864426117, 0.00221774401143, 0.00724699907005, 0.000571731245145, 0.0033178164158, 0.00305674015544, 0.000217450782657, 0.000176990171894, 0.000186952398508, 8.24731905595e-05, 5.98941951466e-05, 3.42267921951e-05, 2.47268544626e-05, 1.11042527351e-05, 1.64137472893e-05, 2.14654792217e-05, 1.85477438208e-05, 8.41996825329e-06], "mean": [0.000164549841429, 0.00144196907058, 0.000734248373192, 0.000540279666893, 0.000305520166876, 0.000360631762305, 0.000441280048108, 0.000757862871978, 0.00015869771596, 0.000144179721246, 0.000118373434816, 4.49641847808e-05, 1.79836206371e-05, 5.20270123161e-06, 5.71438295083e-06, 5.37791265742e-06, 6.83718008077e-06, 4.70319446322e-06, 8.55697726365e-06, 1.2236620023e-05, 4.70124359708e-06, 4.12729559685e-06, 6.20987066213e-06, 1.87559598999e-05, 5.71343625779e-05, 4.40729991169e-06, 8.78800074133e-06, 9.53993276198e-06, 1.51508152157e-06, 1.29771376578e-06, 6.9822920068e-07, 4.71260506174e-07, 4.05870423492e-07, 2.81208258457e-07, 2.49300143196e-07, 1.34621998882e-07, 1.1961112989e-07, 1.12859645185e-07, 6.12936688071e-08, 3.52216993349e-08], "median": [4.15660736053e-07, 9.38055109145e-07, 2.45812425419e-05, 0.000171962950844, 6.43131643301e-05, 0.000186790362932, 0.000222204442252, 0.000200499096536, 7.26334328647e-05, 4.79508271383e-05, 2.86210088234e-05, 1.2873736523e-05, 4.40192707174e-06, 2.58018258137e-06, 2.71533713203e-06, 1.76081618974e-06, 2.90151774607e-06, 2.56562339018e-06, 4.05812852478e-06, 5.35832714377e-06, 2.24856239583e-06, 2.07621951631e-06, 2.93862012768e-06, 1.88193678241e-06, 1.97476083486e-06, 2.21927120947e-06, 2.03259151021e-06, 1.80771974101e-06, 6.25766801932e-07, 4.30421266628e-07, 2.24451952135e-07, 1.7084411752e-07, 1.01231584893e-07, 6.87760746132e-08, 4.47740049481e-08, 2.27299299382e-08, 1.2672433769e-08, 6.5919536496e-09, 3.58331986305e-09, 1.90096427488e-09], "min": [9.724360165e-24, 8.46459584216e-24, 9.69352911424e-24, 1.39665141142e-23, 8.23938157574e-24, 2.78154228726e-24, 2.63108639668e-24, 3.17485867105e-24, 1.28357246051e-23, 1.50636634389e-23, 4.28366262677e-24, 1.08310436626e-23, 2.45959904049e-23, 3.37607097668e-23, 1.75772188298e-23, 1.05419924052e-23, 1.26426303881e-23, 1.41724509867e-23, 7.98265626047e-24, 9.0561926117e-24, 1.50704997075e-23, 1.37076273201e-23, 1.85974999702e-23, 1.26063293759e-23, 7.2868580651e-24, 9.97528893034e-24, 1.00366457427e-23, 1.03469039479e-23, 1.73205171804e-23, 1.42051461158e-23, 1.44101868423e-23, 1.24419055197e-23, 9.45808568847e-24, 8.64496021067e-24, 9.95369622965e-24, 1.59279631125e-23, 1.04434139799e-23, 8.01190170081e-24, 1.26316202565e-23, 1.1322802196e-23], "var": [2.09690853126e-07, 1.2971934666e-05, 1.25858514366e-06, 2.1728099e-06, 8.53290941905e-07, 2.18174960764e-07, 3.43423295135e-07, 2.81882580566e-06, 5.98422076337e-08, 5.12677367226e-08, 2.37826725424e-07, 8.61403659513e-09, 2.28439689387e-09, 5.90070284301e-11, 7.68707111853e-11, 3.10625025701e-10, 2.67178390523e-10, 3.17815253281e-11, 1.37217723295e-10, 3.36042055293e-10, 1.42239137135e-10, 8.42415096014e-11, 2.60745758318e-10, 1.02211616948e-08, 1.44431837157e-07, 3.09093611817e-10, 3.68989061528e-09, 3.93283361433e-09, 2.70748232861e-11, 3.45981715499e-11, 2.56523378928e-11, 5.13445059039e-12, 4.62092733869e-12, 1.99382871324e-12, 1.39962715896e-12, 3.37923726544e-13, 4.44032316341e-13, 6.79693172405e-13, 2.70388529275e-13, 6.68031575153e-14]}, "mfcc": {"mean": [-731.762268066, 139.549606323, -32.2149963379, 33.3991699219, -32.3865280151, -27.3862438202, -27.9752254486, -15.1697378159, -12.2861461639, 1.46861898899, -10.7283067703, -9.11321544647, -3.66709446907], "cov": [[4211.75585938, -367.407470703, -266.972137451, -174.199951172, -463.615386963, -370.575073242, -310.475891113, -14.5505409241, -282.925384521, 20.9566917419, -99.5636901855, -133.702148438, -232.922531128], [-367.407470703, 1320.35400391, 427.656341553, 644.169921875, 555.247436523, 548.797485352, 338.465515137, 216.149795532, 319.842224121, 186.82182312, 161.915328979, 132.777053833, 158.933700562], [-266.972137451, 427.656341553, 599.484558105, 446.951782227, 464.087646484, 363.923217773, 346.039855957, 235.917404175, 202.852661133, 148.358551025, 153.340560913, 99.758140564, 52.5676956177], [-174.199951172, 644.169921875, 446.951782227, 628.635070801, 542.294128418, 455.301452637, 335.721435547, 226.933776855, 234.987716675, 165.101135254, 143.266174316, 104.578773499, 91.7487335205], [-463.615386963, 555.247436523, 464.087646484, 542.294128418, 689.875366211, 485.055206299, 352.993743896, 233.339294434, 265.921081543, 159.327453613, 160.811569214, 101.576667786, 75.4499282837], [-370.575073242, 548.797485352, 363.923217773, 455.301452637, 485.055206299, 485.697113037, 315.660064697, 206.71446228, 223.570892334, 149.628097534, 128.759216309, 111.758476257, 94.6057281494], [-310.475891113, 338.465515137, 346.039855957, 335.721435547, 352.993743896, 315.660064697, 360.543151855, 216.432174683, 174.629882812, 125.069732666, 123.775733948, 78.92918396, 48.8658027649], [-14.5505409241, 216.149795532, 235.917404175, 226.933776855, 233.339294434, 206.71446228, 216.432174683, 226.812057495, 167.233978271, 128.937408447, 111.827835083, 63.9758148193, 30.8814983368], [-282.925384521, 319.842224121, 202.852661133, 234.987716675, 265.921081543, 223.570892334, 174.629882812, 167.233978271, 257.953308105, 158.704833984, 113.676498413, 79.8367233276, 68.438621521], [20.9566917419, 186.82182312, 148.358551025, 165.101135254, 159.327453613, 149.628097534, 125.069732666, 128.937408447, 158.704833984, 183.605560303, 111.14251709, 71.9590148926, 44.2297477722], [-99.5636901855, 161.915328979, 153.340560913, 143.266174316, 160.811569214, 128.759216309, 123.775733948, 111.827835083, 113.676498413, 111.14251709, 152.674316406, 91.7913742065, 42.3573379517], [-133.702148438, 132.777053833, 99.758140564, 104.578773499, 101.576667786, 111.758476257, 78.92918396, 63.9758148193, 79.8367233276, 71.9590148926, 91.7913742065, 141.763244629, 86.2726974487], [-232.922531128, 158.933700562, 52.5676956177, 91.7487335205, 75.4499282837, 94.6057281494, 48.8658027649, 30.8814983368, 68.438621521, 44.2297477722, 42.3573379517, 86.2726974487, 128.768127441]], "icov": [[0.000405778409913, -8.24394955998e-05, 8.28242482385e-05, -0.000455292727565, 0.000187208948773, 0.000226650488912, 0.000630426337011, -0.000952820642851, 0.000951577385422, -0.000826364150271, 0.00035001616925, -0.000244998052949, 0.000666492735036], [-8.24394955998e-05, 0.00194205821026, -9.3405114967e-06, -0.0014981739223, 0.000761708710343, -0.00144564430229, 6.03018852416e-05, 0.00113099638838, -0.00162238255143, 0.000861564534716, -0.000813370977994, 0.000780533184297, -0.000842225272208], [8.28242482385e-05, -9.3405114967e-06, 0.00505699915811, -0.00160996872, -0.00125322723761, 0.000759644259233, -0.00211230595596, -0.00110580667388, 0.000696957809851, -0.000181241455721, -0.000394650181988, -0.000916238699574, 0.000922524777707], [-0.000455292727565, -0.0014981739223, -0.00160996872, 0.00873065367341, -0.0032618609257, -0.0017981720157, -0.000943372375332, -0.000152775231982, 0.000838936248329, -0.000893798482139, 0.000700849108398, 0.000543104077224, -0.00164415582549], [0.000187208948773, 0.000761708710343, -0.00125322723761, -0.0032618609257, 0.00782241020352, -0.00438622524962, 0.000194175605429, 0.00126396759879, -0.00297854840755, 0.00218741735443, -0.00254004099406, 0.00138564861845, 0.00123539450578], [0.000226650488912, -0.00144564430229, 0.000759644259233, -0.0017981720157, -0.00438622524962, 0.0120494291186, -0.00310513447039, -0.00142576009966, 0.00108481023926, -0.00206086738035, 0.00324786780402, -0.00295473122969, -0.000554399448447], [0.000630426337011, 6.03018852416e-05, -0.00211230595596, -0.000943372375332, 0.000194175605429, -0.00310513447039, 0.0119850086048, -0.00703717349097, 0.00223233108409, -0.000286536553176, -0.000705559854396, 0.000400713266572, 0.000783065916039], [-0.000952820642851, 0.00113099638838, -0.00110580667388, -0.000152775231982, 0.00126396759879, -0.00142576009966, -0.00703717349097, 0.0180638544261, -0.00749116064981, 0.000314146629535, -0.00363166327588, 0.00105645565782, 0.000446471211035], [0.000951577385422, -0.00162238255143, 0.000696957809851, 0.000838936248329, -0.00297854840755, 0.00108481023926, 0.00223233108409, -0.00749116064981, 0.0163509473205, -0.00910065323114, 0.00165663519874, -0.000174230735865, -0.00125352502801], [-0.000826364150271, 0.000861564534716, -0.000181241455721, -0.000893798482139, 0.00218741735443, -0.00206086738035, -0.000286536553176, 0.000314146629535, -0.00910065323114, 0.0174869783223, -0.00709496345371, 0.000628790585324, -0.000838565232698], [0.00035001616925, -0.000813370977994, -0.000394650181988, 0.000700849108398, -0.00254004099406, 0.00324786780402, -0.000705559854396, -0.00363166327588, 0.00165663519874, -0.00709496345371, 0.0194384995848, -0.00973703339696, 0.00322562851943], [-0.000244998052949, 0.000780533184297, -0.000916238699574, 0.000543104077224, 0.00138564861845, -0.00295473122969, 0.000400713266572, 0.00105645565782, -0.000174230735865, 0.000628790585324, -0.00973703339696, 0.0193590372801, -0.0103566823527], [0.000666492735036, -0.000842225272208, 0.000922524777707, -0.00164415582549, 0.00123539450578, -0.000554399448447, 0.000783065916039, 0.000446471211035, -0.00125352502801, -0.000838565232698, 0.00322562851943, -0.0103566823527, 0.0169171392918]]}, "spectral_contrast_coeffs": {"dmean": [0.0332673415542, 0.0329612009227, 0.0296241380274, 0.0244588237256, 0.0177702195942, 0.0120532875881], "dmean2": [0.0550599619746, 0.0519767142832, 0.0472321286798, 0.0410218760371, 0.0301525555551, 0.0204248279333], "dvar": [0.000759413931519, 0.000689985987265, 0.000541500980034, 0.000352377450326, 0.00019971227448, 8.35985774756e-05], "dvar2": [0.00200324156322, 0.00176159304101, 0.00137282826472, 0.000990063534118, 0.000575898622628, 0.000242448237259], "max": [-0.178274512291, -0.380852341652, -0.413690984249, -0.585648536682, -0.429050415754, -0.616169273853], "mean": [-0.475040137768, -0.638011455536, -0.703080773354, -0.750954866409, -0.778505027294, -0.719433903694], "median": [-0.478260457516, -0.637128531933, -0.707451820374, -0.752079367638, -0.786918699741, -0.715893745422], "min": [-0.962937891483, -0.952901244164, -0.949311971664, -0.959359526634, -0.962789058685, -0.959743022919], "var": [0.0106922565028, 0.00587052945048, 0.00465574953705, 0.00233126501553, 0.00305456900969, 0.000792255159467]}, "spectral_contrast_valleys": {"dmean": [0.391454100609, 0.250047177076, 0.242225259542, 0.184626817703, 0.128402844071, 0.0996860265732], "dmean2": [0.68026471138, 0.415181189775, 0.411925107241, 0.315356731415, 0.217268824577, 0.159500673413], "dvar": [0.111041478813, 0.0558795668185, 0.0512258037925, 0.0344757921994, 0.0267546772957, 0.0202