{"lowlevel": {"average_loudness": 0.538396596909, "barkbands_crest": {"dmean": 2.35999727249, "dmean2": 4.0810008049, "dvar": 4.05519485474, "dvar2": 11.4352111816, "max": 25.2559680939, "mean": 13.0261821747, "median": 12.5519933701, "min": 5.07373428345, "var": 15.8492078781}, "barkbands_flatness_db": {"dmean": 0.0247719082981, "dmean2": 0.0437605343759, "dvar": 0.000479795649881, "dvar2": 0.00143116852269, "max": 0.546013832092, "mean": 0.425060898066, "median": 0.439500898123, "min": 0.0525395460427, "var": 0.00665947142988}, "barkbands_kurtosis": {"dmean": 3.01126980782, "dmean2": 5.23598051071, "dvar": 14.0858888626, "dvar2": 40.5756149292, "max": 102.035064697, "mean": 7.30929327011, "median": 4.3957362175, "min": -1.20595347881, "var": 99.8270645142}, "barkbands_skewness": {"dmean": 0.469160437584, "dmean2": 0.810927867889, "dvar": 0.170541286469, "dvar2": 0.523973107338, "max": 9.13814353943, "mean": 1.41597032547, "median": 1.388453722, "min": -2.2068707943, "var": 1.71959364414}, "barkbands_spread": {"dmean": 0.748739778996, "dmean2": 1.31149303913, "dvar": 4.17671108246, "dvar2": 11.8943014145, "max": 87.395652771, "mean": 3.59976124763, "median": 2.16358613968, "min": 0.481879681349, "var": 49.1790618896}, "dissonance": {"dmean": 0.0526529699564, "dmean2": 0.0909562036395, "dvar": 0.0022162697278, "dvar2": 0.00605060579255, "max": 0.499795049429, "mean": 0.321977853775, "median": 0.327361375093, "min": 0.0463780276477, "var": 0.00869936682284}, "dynamic_complexity": 8.72717857361, "erbbands_crest": {"dmean": 2.01607823372, "dmean2": 3.43960285187, "dvar": 3.0594856739, "dvar2": 8.37993144989, "max": 28.3059539795, "mean": 13.7000570297, "median": 12.9379987717, "min": 2.83737754822, "var": 26.9410762787}, "erbbands_flatness_db": {"dmean": 0.0122523540631, "dmean2": 0.0208550095558, "dvar": 0.000148401857587, "dvar2": 0.000355728989234, "max": 0.501735568047, "mean": 0.352202624083, "median": 0.355452030897, "min": 0.0467936173081, "var": 0.00649909535423}, "erbbands_kurtosis": {"dmean": 1.2975705862, "dmean2": 2.17582368851, "dvar": 2.58637142181, "dvar2": 7.20533847809, "max": 33.0906181335, "mean": 3.3377866745, "median": 1.71697425842, "min": -1.73592400551, "var": 26.0969486237}, "erbbands_skewness": {"dmean": 0.299623459578, "dmean2": 0.50140106678, "dvar": 0.066308490932, "dvar2": 0.195844620466, "max": 4.91895341873, "mean": 0.910194754601, "median": 0.809271991253, "min": -1.1033654213, "var": 0.859179675579}, "erbbands_spread": {"dmean": 1.72813773155, "dmean2": 2.94788575172, "dvar": 7.59526968002, "dvar2": 20.9458827972, "max": 128.131149292, "mean": 11.1326627731, "median": 7.8859372139, "min": 1.43065178394, "var": 180.445098877}, "hfc": {"dmean": 1.05615973473, "dmean2": 1.70669794083, "dvar": 4.77794885635, "dvar2": 10.4844045639, "max": 48.6722984314, "mean": 4.71617460251, "median": 1.50896167755, "min": 1.17022366224e-16, "var": 50.8891220093}, "melbands_crest": {"dmean": 3.61980748177, "dmean2": 6.55006551743, "dvar": 9.04558753967, "dvar2": 31.6453418732, "max": 29.7418365479, "mean": 18.4204998016, "median": 18.4286556244, "min": 1.79355919361, "var": 26.6715316772}, "melbands_flatness_db": {"dmean": 0.0275402162224, "dmean2": 0.0489417016506, "dvar": 0.000644924875814, "dvar2": 0.00184684433043, "max": 0.703024327755, "mean": 0.563799977303, "median": 0.584807217121, "min": 0.00407598353922, "var": 0.0120214708149}, "melbands_kurtosis": {"dmean": 4.50374412537, "dmean2": 7.98421049118, "dvar": 50.4397926331, "dvar2": 144.33241272, "max": 222.598953247, "mean": 12.0431938171, "median": 6.42578220367, "min": -1.41716170311, "var": 557.969787598}, "melbands_skewness": {"dmean": 0.537724137306, "dmean2": 0.94499284029, "dvar": 0.240505382419, "dvar2": 0.75704485178, "max": 12.3842487335, "mean": 1.98007416725, "median": 1.86674654484, "min": -0.870609939098, "var": 2.61882829666}, "melbands_spread": {"dmean": 1.07379031181, "dmean2": 1.81197988987, "dvar": 11.0008516312, "dvar2": 21.5533981323, "max": 150.452941895, "mean": 5.67369031906, "median": 2.38389492035, "min": 0.517487764359, "var": 303.677001953}, "pitch_salience": {"dmean": 0.0791569277644, "dmean2": 0.140878260136, "dvar": 0.00538339093328, "dvar2": 0.0169148687273, "max": 0.901527106762, "mean": 0.461575239897, "median": 0.460816115141, "min": 0.14115473628, "var": 0.0148865217343}, "silence_rate_20dB": {"dmean": 0, "dmean2": 0, "dvar": 0, "dvar2": 0, "max": 1, "mean": 1, "median": 1, "min": 1, "var": 0}, "silence_rate_30dB": {"dmean": 0.00622664997354, "dmean2": 0.0124610587955, "dvar": 0.00618795631453, "dvar2": 0.014797821641, "max": 1, "mean": 0.981953978539, "median": 1, "min": 0, "var": 0.0177205689251}, "silence_rate_60dB": {"dmean": 0.0386052317917, "dmean2": 0.0772585645318, "dvar": 0.0371150262654, "dvar2": 0.103687822819, "max": 1, "mean": 0.298693209887, "median": 0, "min": 0, "var": 0.209475174546}, "spectral_centroid": {"dmean": 35.9919242859, "dmean2": 58.9760169983, "dvar": 39534.2851562, "dvar2": 48256.8710938, "max": 11099.0878906, "mean": 359.834197998, "median": 257.486114502, "min": 133.00189209, "var": 358069.21875}, "spectral_complexity": {"dmean": 0.651307582855, "dmean2": 1.13021802902, "dvar": 0.574548721313, "dvar2": 1.28708517551, "max": 15, "mean": 4.76042318344, "median": 5, "min": 0, "var": 7.06457233429}, "spectral_decrease": {"dmean": 1.60580448938e-09, "dmean2": 2.77463563236e-09, "dvar": 6.92475862801e-18, "dvar2": 2.08539693594e-17, "max": 6.51499248245e-29, "mean": -4.95321872407e-09, "median": -2.28020935467e-09, "min": -4.41026735132e-08, "var": 4.4064920391e-17}, "spectral_energy": {"dmean": 0.00615224987268, "dmean2": 0.0106203882024, "dvar": 0.000101841302239, "dvar2": 0.000305467372527, "max": 0.169648543, "mean": 0.0191223137081, "median": 0.00880492385477, "min": 1.03683842453e-20, "var": 0.00065829558298}, "spectral_energyband_high": {"dmean": 8.96482887924e-09, "dmean2": 1.5716702606e-08, "dvar": 1.96545286853e-16, "dvar2": 5.88893356771e-16, "max": 2.47787681928e-07, "mean": 8.13850036252e-08, "median": 7.81777558245e-08, "min": 7.84852391204e-21, "var": 2.5874167209e-16}, "spectral_energyband_low": {"dmean": 0.00448417989537, "dmean2": 0.00803361460567, "dvar": 6.92187313689e-05, "dvar2": 0.000233017766732, "max": 0.106657013297, "mean": 0.00796561408788, "median": 0.00289191445336, "min": 4.28924500097e-23, "var": 0.000156951064127}, "spectral_energyband_middle_high": {"dmean": 4.77195353596e-05, "dmean2": 5.93883814872e-05, "dvar": 5.39674687161e-08, "dvar2": 9.19320086723e-08, "max": 0.00811146013439, "mean": 0.000254629325354, "median": 3.13612072205e-05, "min": 1.27187268772e-21, "var": 4.51545645319e-07}, "spectral_energyband_middle_low": {"dmean": 0.00309964409098, "dmean2": 0.00495841819793, "dvar": 4.18156741944e-05, "dvar2": 0.000102566773421, "max": 0.120637796819, "mean": 0.0124781597406, "median": 0.00328963831998, "min": 2.77755223669e-22, "var": 0.000365765299648}, "spectral_entropy": {"dmean": 0.131573721766, "dmean2": 0.224586412311, "dvar": 0.0203997995704, "dvar2": 0.0468818210065, "max": 9.81419658661, "mean": 5.10470867157, "median": 4.9947719574, "min": 4.05642414093, "var": 0.608894705772}, "spectral_flux": {"dmean": 0.0134223392233, "dmean2": 0.0219366271049, "dvar": 0.000300058833091, "dvar2": 0.000828078133054, "max": 0.243848696351, "mean": 0.040734667331, "median": 0.0301209818572, "min": 1.01825263499e-10, "var": 0.00122657069005}, "spectral_kurtosis": {"dmean": 26.9926815033, "dmean2": 46.3541603088, "dvar": 1183.79736328, "dvar2": 3730.80517578, "max": 469.38583374, "mean": 142.952194214, "median": 137.234008789, "min": -1.20392644405, "var": 7252.3671875}, "spectral_rms": {"dmean": 0.000617784273345, "dmean2": 0.00107365392614, "dvar": 4.81062272684e-07, "dvar2": 1.43053136981e-06, "max": 0.0128650991246, "mean": 0.00347312586382, "median": 0.00293089915067, "min": 3.18048690683e-12, "var": 6.59331590214e-06}, "spectral_rolloff": {"dmean": 81.0238876343, "dmean2": 152.623458862, "dvar": 340988.09375, "dvar2": 903220.375, "max": 18669.2871094, "mean": 727.275024414, "median": 279.931640625, "min": 107.666015625, "var": 6741935.5}, "spectral_skewness": {"dmean": 0.909972131252, "dmean2": 1.55682063103, "dvar": 0.871113419533, "dvar2": 2.5626270771, "max": 17.2039451599, "mean": 9.50007915497, "median": 9.74425983429, "min": -0.00363832968287, "var": 10.7359161377}, "spectral_spread": {"dmean": 307870.28125, "dmean2": 528903.9375, "dvar": 669617029120, "dvar2": 813361332224, "max": 39895452, "mean": 1518841.75, "median": 952389, "min": 226210.46875, "var": 4876435718140.0}, "spectral_strongpeak": {"dmean": 0.185710459948, "dmean2": 0.322662651539, "dvar": 0.120045728981, "dvar2": 0.336088359356, "max": 5.79358625412, "mean": 0.605542182922, "median": 0.294568151236, "min": 0, "var": 0.626996099949}, "zerocrossingrate": {"dmean": 0.00241465121508, "dmean2": 0.00325338309631, "dvar": 0.000112653891847, "dvar2": 0.000168256039615, "max": 0.50244140625, "mean": 0.0242700390518, "median": 0.01025390625, "min": 0.00390625, "var": 0.00492401234806}, "barkbands": {"dmean": [3.96836384198e-07, 0.00184884876944, 0.0024186805822, 0.00146987265907, 0.00154113536701, 0.000662781880237, 0.000243334667175, 0.000440617848653, 1.70933126356e-05, 2.07382836379e-05, 7.73176088842e-06, 2.6439962312e-05, 3.74803903469e-06, 3.06367178382e-06, 1.47893911162e-06, 1.56555387321e-07, 5.12172313449e-08, 1.01601393965e-08, 7.35904892579e-09, 3.2465126143e-09, 2.09317474464e-09, 1.89134441442e-09, 1.76409420405e-09, 1.88455917538e-09, 2.21587992399e-09, 2.56763965645e-09, 2.97113289527e-09], "dmean2": [6.96058066296e-07, 0.00342923635617, 0.00431287661195, 0.00244700349867, 0.00254661706276, 0.00103460240643, 0.000387588981539, 0.000566510716453, 2.60478591372e-05, 2.85602636723e-05, 1.15378643386e-05, 3.35335353157e-05, 5.17929947819e-06, 3.6323774566e-06, 1.96101200345e-06, 2.1075301504e-07, 7.64816761034e-08, 1.51010954852e-08, 1.00730499497e-08, 5.25007637364e-09, 3.63094643241e-09, 3.29472737981e-09, 3.03313774097e-09, 3.30790084213e-09, 3.88008869479e-09, 4.46892656214e-09, 5.15199438667e-09], "dvar": [3.31619605907e-13, 1.64147768373e-05, 2.37559997913e-05, 1.27478515424e-05, 1.37253728099e-05, 2.5793790428e-06, 6.67345204874e-07, 4.23340816269e-06, 8.6789260223e-09, 6.33169161546e-09, 6.55362986102e-10, 1.94961149447e-08, 8.61140048158e-10, 6.87803036747e-10, 3.33517213846e-10, 1.88585583781e-12, 7.13905795374e-14, 1.05863681231e-15, 2.91833957614e-15, 6.97697796105e-17, 6.37751289195e-18, 4.52312740061e-18, 3.25196752043e-18, 3.32038156095e-18, 3.85107044987e-18, 4.78380427167e-18, 6.61467384537e-18], "dvar2": [9.40267178354e-13, 5.57144376216e-05, 8.00490452093e-05, 3.54774929292e-05, 3.89197775803e-05, 5.7883135014e-06, 1.89371428405e-06, 6.47893602945e-06, 2.08856612005e-08, 1.31697897032e-08, 1.1609490036e-09, 2.95643580728e-08, 1.80742731892e-09, 1.22619281395e-09, 6.56554088874e-10, 2.34056155533e-12, 1.75159379731e-13, 1.95617854597e-15, 3.61383176463e-15, 1.47130496441e-16, 1.91630087009e-17, 1.39248858175e-17, 1.02856956136e-17, 1.04277398956e-17, 1.17341823376e-17, 1.39759956532e-17, 1.94952821899e-17], "max": [6.75336468703e-06, 0.0642564073205, 0.092497587204, 0.065667361021, 0.0583998262882, 0.0486638098955, 0.0142810437828, 0.064084276557, 0.00369744142517, 0.00183233921416, 0.000941485981457, 0.00433986214921, 0.00105881190393, 0.00103239598684, 0.000739674083889, 6.4688421844e-05, 7.86002692621e-06, 1.01936063857e-06, 2.6293917017e-06, 1.94503726902e-07, 4.06312388179e-08, 3.11613241877e-08, 2.59762789057e-08, 2.93824111708e-08, 3.1565651426e-08, 3.5059560588e-08, 4.09708995619e-08], "mean": [4.38288225268e-07, 0.00222586165182, 0.00417434750125, 0.00289674592204, 0.00413831369951, 0.00281884940341, 0.000757785106543, 0.00178514642175, 6.14376331214e-05, 6.69186556479e-05, 5.15024730703e-05, 0.000115262148029, 1.32703498821e-05, 1.25670276248e-05, 3.16725800076e-06, 5.21137849319e-07, 1.12927871498e-07, 2.76717351255e-08, 2.20062066347e-08, 8.78530581616e-09, 6.22142204421e-09, 6.18774853578e-09, 6.78189104875e-09, 8.5161255825e-09, 1.19659526732e-08, 1.64683875425e-08, 2.11795256888e-08], "median": [2.34378092046e-07, 0.000561775523238, 0.00147313368507, 0.00050159834791, 0.000679998716805, 0.000398778531235, 7.01475291862e-05, 7.08152874722e-05, 8.37376683194e-06, 6.65795050736e-06, 3.98036036131e-06, 4.59397870145e-06, 7.94855964159e-07, 3.13849199074e-07, 1.01573668587e-07, 2.2689054191e-08, 8.19030177013e-09, 5.41496980588e-09, 4.9466488683e-09, 4.91756768639e-09, 5.30540589239e-09, 5.74914338358e-09, 6.53682086238e-09, 8.30112156791e-09, 1.17064216099e-08, 1.61828914713e-08, 2.09932284889e-08], "min": [1.22017297173e-23, 1.23340003919e-23, 1.217969841e-23, 1.88104924146e-23, 5.34207517338e-23, 2.99602177391e-23, 4.79959446152e-23, 4.19046983376e-23, 6.47124436223e-23, 3.93538724243e-23, 3.65155855972e-23, 6.44000483929e-23, 5.66228643658e-23, 8.0735344567e-23, 1.20243884216e-22, 1.16442003793e-22, 1.58120213854e-22, 2.74156326623e-22, 2.15127215615e-22, 2.89341103877e-22, 5.82281735888e-22, 4.420114627e-22, 6.96573721372e-22, 9.08559352074e-22, 1.16508358986e-21, 1.63113615031e-21, 2.4400796114e-21], "var": [3.69281184407e-13, 2.45492301474e-05, 5.40504333912e-05, 4.54796827398e-05, 5.34218452231e-05, 3.19697355735e-05, 3.61509523827e-06, 3.70906018361e-05, 3.94286274741e-08, 2.75332805444e-08, 1.84643536016e-08, 1.43111776651e-07, 2.6293709432e-09, 2.83596701678e-09, 7.96607113607e-10, 1.23282217768e-11, 2.40490272011e-13, 5.28354334432e-15, 1.68204564995e-14, 2.36617992071e-16, 1.36208969424e-17, 5.77946709934e-18, 3.78858398562e-18, 3.8074904393e-18, 4.90940130792e-18, 6.36959139681e-18, 9.03239787159e-18]}, "erbbands": {"dmean": [0.0121971163899, 0.558588862419, 2.81526136398, 3.61527013779, 3.52049326897, 4.4951672554, 10.2306957245, 4.12839889526, 3.97894740105, 4.52424097061, 7.93287420273, 0.714807093143, 0.550594866276, 0.404749423265, 0.382377535105, 1.22054922581, 0.199959039688, 0.163422867656, 0.141509726644, 0.0208868924528, 0.00547571154311, 0.00218792003579, 0.000467402074719, 0.000497461645864, 0.00030495529063, 0.000172668835148, 9.56742514973e-05, 8.14784143586e-05, 6.96823481121e-05, 6.11854557064e-05, 5.35044928256e-05, 4.35310830653e-05, 3.33889765898e-05, 2.70977288892e-05, 2.03285817406e-05, 1.18717798614e-05, 6.36363893136e-06, 2.2735055154e-06, 2.91286505671e-06, 6.70768622513e-06], "dmean2": [0.0215367116034, 1.04639744759, 5.22650432587, 5.82825565338, 5.75449991226, 7.660841465, 16.1549720764, 6.88525247574, 6.45351219177, 6.33138561249, 10.1299200058, 0.983322203159, 0.780058503151, 0.507904350758, 0.526376962662, 1.54363775253, 0.272041231394, 0.204394221306, 0.17709864676, 0.0275378171355, 0.0077581834048, 0.00330074201338, 0.0007257470279, 0.000725750287529, 0.000418423966039, 0.000272251578281, 0.00016462514759, 0.000142769276863, 0.000121358687466, 0.000108077038021, 9.1621390311e-05, 7.55827277317e-05, 5.81393760513e-05, 4.64796430606e-05, 3.53337272827e-05, 2.05727010325e-05, 1.09483762571e-05, 3.91301864511e-06, 5.03059436596e-06, 1.15678158181e-05], "dvar": [0.000712614797521, 1.49242854118, 34.837097168, 65.2356338501, 66.5731506348, 166.955856323, 907.979736328, 108.24445343, 171.600601196, 290.470397949, 1399.21704102, 7.00327396393, 4.77737426758, 2.61929488182, 1.42424976826, 48.8144226074, 1.35344290733, 4.7164106369, 1.44101262093, 0.0392948649824, 0.0013585658744, 8.81523374119e-05, 2.29048214351e-06, 5.87355498283e-06, 3.73204215975e-06, 2.37198378272e-07, 1.53120556234e-08, 9.06137032075e-09, 6.01218941298e-09, 4.07791045376e-09, 2.78280398724e-09, 1.74539804831e-09, 1.01678954145e-09, 5.54229051541e-10, 2.89152535249e-10, 1.06806639921e-10, 2.92509384769e-11, 3.54000487778e-12, 2.01807806577e-11, 1.21038193357e-10], "dvar2": [0.00208387873136, 5.15411233902, 125.625984192, 161.686965942, 153.263793945, 487.37979126, 2432.2902832, 257.336120605, 514.030578613, 550.601928711, 2014.46240234, 12.6013641357, 9.90637969971, 5.25825119019, 2.35445761681, 73.7113265991, 2.70113587379, 9.11260032654, 2.71927428246, 0.0697501599789, 0.00181772036012, 0.000217775101191, 5.01412569065e-06, 8.55912912812e-06, 5.00354644828e-06, 5.1463860018e-07, 4.00957205215e-08, 2.68014517246e-08, 1.82824670958e-08, 1.25065895418e-08, 8.64884608376e-09, 5.35955102521e-09, 3.11627990079e-09, 1.64855984419e-09, 8.78168038287e-10, 3.08226139056e-10, 8.54339793355e-11, 1.00238723572e-11, 5.94290866518e-11, 3.6137492998e-10], "max": [0.492854744196, 18.6302947998, 91.4103012085, 135.647872925, 174.001602173, 178.318344116, 733.260498047, 304.357635498, 238.603607178, 440.339019775, 1190.46228027, 108.220855713, 58.3393554688, 55.4416122437, 37.2541313171, 223.74256897, 37.7539978027, 90.015045166, 45.9527816772, 8.45868587494, 1.70000827312, 0.283901453018, 0.0463691316545, 0.100657790899, 0.0935608744621, 0.0110808499157, 0.00284849712625, 0.00132969883271, 0.00114345888142, 0.00094746396644, 0.000765645352658, 0.000652367423754, 0.000548777054064, 0.000383962731576, 0.000298100756481, 0.000181305847946, 9.82009878499e-05, 2.99141102005e-05, 8.0689729657e-05, 0.000186032135389], "mean": [0.0196688845754, 0.702179074287, 4.30169534683, 7.87071990967, 9.91701126099, 10.3941993713, 34.7915725708, 16.4324226379, 12.1741371155, 16.4909362793, 34.8878631592, 3.40008926392, 1.93801856041, 1.78456568718, 2.27907299995, 5.38223457336, 0.889029800892, 0.601994693279, 0.492847084999, 0.0661426857114, 0.0191176980734, 0.00564571516588, 0.00140685983934, 0.00163168972358, 0.000889850372914, 0.000458528782474, 0.000287193106487, 0.00023759828764, 0.000226744698011, 0.00021071419178, 0.000202494935365, 0.000181967989192, 0.000156254784088, 0.000131455992232, 0.000101306781289, 6.75556875649e-05, 3.63995532098e-05, 1.33788662424e-05, 1.19493752209e-05, 2.12773829844e-05], "median": [0.00533941481262, 0.195789977908, 1.49740898609, 2.25478053093, 1.66070818901, 1.76119875908, 1.59465837479, 2.95488977432, 1.78212344646, 1.08927810192, 1.75568807125, 0.446716457605, 0.263876259327, 0.233603417873, 0.238646447659, 0.217649295926, 0.0720847100019, 0.0209029912949, 0.0188506301492, 0.00471000233665, 0.00157498649787, 0.000597513280809, 0.000329415663145, 0.000288477254799, 0.000254211918218, 0.00023897671781, 0.00023015680199, 0.000209009929677, 0.000208560493775, 0.000196825043531, 0.000192532097572, 0.000174609071109, 0.00015125524078, 0.00012640809291, 9.68211679719e-05, 6.43638340989e-05, 3.41692684742e-05, 1.30705893753e-05, 7.14586349204e-06, 9.84758753475e-06], "min": [7.29113817193e-22, 1.42961841352e-21, 1.11969583018e-20, 4.72567831587e-20, 3.69232002758e-20, 2.54939055192e-19, 3.1758146883e-19, 2.2529067899e-19, 4.30576563553e-19, 9.46246644285e-19, 8.66703560715e-19, 1.04253067438e-18, 2.18400807325e-18, 1.1883358364e-18, 1.50942263817e-18, 2.77969681471e-18, 2.82770575707e-18, 3.01538683421e-18, 6.36969355362e-18, 6.752432091e-18, 6.6298145593e-18, 9.55483935622e-18, 1.35206815297e-17, 1.73649910188e-17, 8.64005287217e-18, 1.15363256982e-17, 1.56670820432e-17, 2.51796690137e-17, 1.58707487992e-17, 2.22415135517e-17, 1.7612638968e-17, 1.73980137232e-17, 1.57832281273e-17, 1.28341224484e-17, 8.16677983034e-18, 5.07791909181e-18, 3.25186805196e-18, 1.40314150999e-18, 3.47822623338e-19, 3.41572375544e-20], "var": [0.00157183490228, 2.21606683731, 60.7658004761, 215.264389038, 478.721191406, 471.918762207, 6885.87353516, 1054.85913086, 759.806640625, 2129.69140625, 13064.9853516, 89.4475631714, 24.0072879791, 13.6501016617, 25.0830841064, 367.109985352, 6.76666307449, 13.1359701157, 5.08427047729, 0.136306360364, 0.00932995602489, 0.000392720015952, 1.10227820187e-05, 4.15744434576e-05, 1.89573711395e-05, 8.11273309864e-07, 5.36925917061e-08, 1.48378527243e-08, 8.93805474078e-09, 5.17325693394e-09, 3.78626108244e-09, 2.53904119951e-09, 1.62403634985e-09, 1.10821318788e-09, 6.31503238591e-10, 2.98406466204e-10, 9.83874440252e-11, 6.34325274598e-12, 1.39983760694e-10, 7.96280097415e-10]}, "gfcc": {"mean": [-286.904876709, 210.298049927, -7.41151809692, -31.7756614685, -44.7222557068, 2.91304016113, -24.6138591766, -16.3111343384, -19.5338401794, -4.2647485733, -7.78499174118, -9.54704284668, -12.4352293015], "cov": [[9002.11230469, 5791.99609375, -641.354797363, -2217.54492188, 469.940795898, -82.4296188354, -153.499191284, -530.927490234, 408.085662842, -135.744812012, 164.448059082, -440.82611084, 124.351882935], [5791.99609375, 4217.07861328, 72.2976303101, -1325.19970703, 195.438842773, -6.32867050171, -4.94136238098, -321.874572754, 236.668930054, -80.5743331909, 128.126327515, -261.253631592, 53.1494827271], [-641.354797363, 72.2976303101, 941.435791016, 645.785583496, -132.443313599, -31.6793079376, 119.871322632, 144.908218384, -24.1492710114, -7.02416610718, -27.5270080566, 68.9071960449, -8.41938781738], [-2217.54492188, -1325.19970703, 645.785583496, 1083.69042969, -1.66752564907, -39.6421775818, 73.3190689087, 262.287384033, -30.3082771301, 35.0450515747, -77.869178772, 113.083175659, -3.67245936394], [469.940795898, 195.438842773, -132.443313599, -1.66752564907, 246.864685059, 30.5496768951, -39.3031463623, -15.3476104736, 95.6912078857, -4.59325456619, -27.1993579865, -54.9088439941, 40.920211792], [-82.4296188354, -6.32867050171, -31.6793079376, -39.6421775818, 30.5496768951, 179.311416626, 84.1588668823, -23.5572738647, -38.1554222107, 41.1403541565, 28.0251808167, -3.82057404518, -58.0265960693], [-153.499191284, -4.94136238098, 119.871322632, 73.3190689087, -39.3031463623, 84.1588668823, 127.056129456, 59.3364906311, -31.7479248047, 26.6971244812, 40.1707038879, 9.54954719543, -68.2090835571], [-530.927490234, -321.874572754, 144.908218384, 262.287384033, -15.3476104736, -23.5572738647, 59.3364906311, 147.587997437, 43.0962257385, 28.6991462708, -9.40687274933, 17.3979434967, -23.1172828674], [408.085662842, 236.668930054, -24.1492710114, -30.3082771301, 95.6912078857, -38.1554222107, -31.7479248047, 43.0962257385, 162.309234619, 51.0460510254, -18.529630661, -59.6992416382, 37.7406578064], [-135.744812012, -80.5743331909, -7.02416610718, 35.0450515747, -4.59325456619, 41.1403541565, 26.6971244812, 28.6991462708, 51.0460510254, 111.336433411, 42.1366539001, -19.3031902313, -26.8723373413], [164.448059082, 128.126327515, -27.5270080566, -77.869178772, -27.1993579865, 28.0251808167, 40.1707038879, -9.40687274933, -18.529630661, 42.1366539001, 80.7776031494, 14.0654201508, -36.3372917175], [-440.82611084, -261.253631592, 68.9071960449, 113.083175659, -54.9088439941, -3.82057404518, 9.54954719543, 17.3979434967, -59.6992416382, -19.3031902313, 14.0654201508, 82.6577835083, 15.3083562851], [124.351882935, 53.1494827271, -8.41938781738, -3.67245936394, 40.920211792, -58.0265960693, -68.2090835571, -23.1172828674, 37.7406578064, -26.8723373413, -36.3372917175, 15.3083562851, 99.3256835938]], "icov": [[0.00324416672811, -0.0051558772102, 0.00490342453122, -0.00369479018264, 0.00196904758923, 0.000609560287558, -0.00108712504152, 0.0026199335698, -0.002987050917, 0.00353758758865, -0.00219504325651, 0.00204412546009, -0.000641505524982], [-0.0051558772102, 0.0108457244933, -0.0133482888341, 0.0128957843408, -0.00945454463363, 0.00182017555926, 0.00123574829195, -0.00602906802669, 0.00707728229463, -0.00736533198506, 0.00222202832811, -0.00194291840307, 0.000831082288641], [0.00490342453122, -0.0133482888341, 0.0245689041913, -0.0276276972145, 0.0248954072595, -0.0077889082022, -0.00650061108172, 0.0177998021245, -0.0214550308883, 0.0209496561438, -0.00917758978903, 0.00607214169577, -0.00353643484414], [-0.00369479018264, 0.0128957843408, -0.0276276972145, 0.0369579680264, -0.0355482622981, 0.0162101872265, 0.00328104500659, -0.0247555598617, 0.0317264609039, -0.0340988598764, 0.0215058457106, -0.0143579142168, 0.00615666760132], [0.00196904758923, -0.00945454463363, 0.0248954072595, -0.0355482622981, 0.0455364622176, -0.0276216641068, 0.00580357853323, 0.0182484611869, -0.0368062406778, 0.0446488931775, -0.0324841551483, 0.0247202608734, -0.0129033913836], [0.000609560287558, 0.00182017555926, -0.0077889082022, 0.0162101872265, -0.0276216641068, 0.0398710072041, -0.0310003664345, 0.0125459367409, 0.0153438840061, -0.0379592068493, 0.0388458035886, -0.0298259127885, 0.0172140039504], [-0.00108712504152, 0.00123574829195, -0.00650061108172, 0.00328104500659, 0.00580357853323, -0.0310003664345, 0.0566550977528, -0.0402104109526, 0.0137598216534, 0.0140646658838, -0.0301245823503, 0.0229622796178, -0.00666677812114], [0.0026199335698, -0.00602906802669, 0.0177998021245, -0.0247555598617, 0.0182484611869, 0.0125459367409, -0.0402104109526, 0.0638413205743, -0.045589979738, 0.0167877711356, 0.00506369303912, -0.0145221045241, 0.0135515853763], [-0.002987050917, 0.00707728229463, -0.0214550308883, 0.0317264609039, -0.0368062406778, 0.0153438840061, 0.0137598216534, -0.045589979738, 0.0658164322376, -0.0512864626944, 0.0279458258301, -0.00291184615344, -0.00593827478588], [0.00353758758865, -0.00736533198506, 0.0209496561438, -0.0340988598764, 0.0446488931775, -0.0379592068493, 0.0140646658838, 0.0167877711356, -0.0512864626944, 0.080646134913, -0.0672266036272, 0.0439057387412, -0.0170325320214], [-0.00219504325651, 0.00222202832811, -0.00917758978903, 0.0215058457106, -0.0324841551483, 0.0388458035886, -0.0301245823503, 0.00506369303912, 0.0279458258301, -0.0672266036272, 0.0878176167607, -0.0599697045982, 0.0307077355683], [0.00204412546009, -0.00194291840307, 0.00607214169577, -0.0143579142168, 0.0247202608734, -0.0298259127885, 0.0229622796178, -0.0145221045241, -0.00291184615344, 0.0439057387412, -0.0599697045982, 0.0720596909523, -0.0368159376085], [-0.000641505524982, 0.000831082288641, -0.00353643484414, 0.00615666760132, -0.0129033913836, 0.0172140039504, -0.00666677812114, 0.0135515853763, -0.00593827478588, -0.0170325320214, 0.0307077355683, -0.0368159376085, 0.0388589799404]]}, "melbands": {"dmean": [0.000297990947729, 0.00122416450176, 0.000606111600064, 0.000240376510192, 0.000344286265317, 9.34850759222e-05, 5.7902521803e-05, 6.57252749079e-05, 5.5138792959e-05, 2.48149081017e-06, 2.83326858153e-06, 1.82039218544e-06, 1.15344403184e-06, 3.09408346766e-06, 1.35759739806e-06, 4.4735563165e-07, 2.77749904853e-07, 2.50205545171e-07, 6.70863542496e-08, 1.7046259515e-08, 4.67822092176e-09, 3.00318925284e-09, 6.64101829084e-10, 4.57604981685e-10, 4.23481277823e-10, 3.21478621501e-10, 1.40880695998e-10, 1.17058140958e-10, 6.76775788189e-11, 5.60947746586e-11, 5.12071079983e-11, 4.48348337623e-11, 4.12961505269e-11, 3.69204701534e-11, 3.55110073291e-11, 3.33297278665e-11, 2.98194975656e-11, 2.75337773414e-11, 2.74079335616e-11, 2.67488808881e-11], "dmean2": [0.000542827066965, 0.00227370206267, 0.000993348890916, 0.000401579396566, 0.000555481004994, 0.000153734130436, 9.35338757699e-05, 8.66481641424e-05, 7.13569897925e-05, 3.67161192116e-06, 4.02211571782e-06, 2.29115835282e-06, 1.70319822246e-06, 3.9386059143e-06, 1.73908892975e-06, 6.09353264736e-07, 3.41505710821e-07, 3.04818229324e-07, 8.85289210828e-08, 2.26906813339e-08, 7.16153936153e-09, 4.55081217154e-09, 1.11366427191e-09, 6.78089584483e-10, 6.19403861535e-10, 4.08346190195e-10, 2.3018301154e-10, 1.8710526184e-10, 1.15930293143e-10, 9.72151456557e-11, 8.96059407229e-11, 7.81518391668e-11, 7.12491871058e-11, 6.46515341263e-11, 6.10465566986e-11, 5.75246378309e-11, 5.20301371432e-11, 4.8113880935e-11, 4.8033757527e-11, 4.59922482043e-11], "dvar": [4.14867741938e-07, 6.50467563901e-06, 1.69569648278e-06, 3.89017060343e-07, 9.77195213636e-07, 5.08377695496e-08, 3.52206335208e-08, 8.33120878951e-08, 6.35339318933e-08, 1.34565400489e-10, 1.29997984599e-10, 5.45587325318e-11, 1.33470942631e-11, 2.51565351883e-10, 5.87912982186e-11, 1.55549600978e-11, 1.26598974359e-11, 3.03003260503e-12, 6.89823849084e-13, 2.14360322028e-14, 3.2212186528e-16, 2.21119433188e-16, 5.22808091072e-18, 2.13691626739e-18, 4.60241266232e-18, 7.00225924755e-18, 2.09777656234e-19, 1.04310286365e-19, 7.7448589558e-21, 4.0917737041e-21, 3.34078963339e-21, 2.29877632171e-21, 1.67751198289e-21, 1.29456704214e-21, 1.10576114881e-21, 9.07678756112e-22, 7.34374522311e-22, 6.13296414533e-22, 5.43900484783e-22, 4.75374397244e-22], "dvar2": [1.34090942083e-06, 2.34705130424e-05, 4.37516609963e-06, 9.91057618194e-07, 2.73791806649e-06, 1.20711703744e-07, 1.02930385992e-07, 1.40753513733e-07, 9.42831377415e-08, 3.13917364325e-10, 2.71712152777e-10, 1.10463645175e-10, 2.29398080392e-11, 3.84499820871e-10, 8.93711632477e-11, 3.16066686712e-11, 2.43953555273e-11, 5.34608555341e-12, 1.35408156042e-12, 2.69694290907e-14, 6.74665554136e-16, 5.62906068312e-16, 1.47611637625e-17, 4.10637602362e-18, 6.73764086087e-18, 8.66898765e-18, 4.8626406845e-19, 2.2518102586e-19, 1.93526529878e-20, 1.20941511906e-20, 9.79998353313e-21, 6.89716200223e-21, 5.14986937791e-21, 4.0126519398e-21, 3.42540580758e-21, 2.73958684781e-21, 2.1914524645e-21, 1.84665062721e-21, 1.60963642161e-21, 1.36307237948e-21], "max": [0.0111212972552, 0.0332549251616, 0.0235018096864, 0.0111972130835, 0.0202138479799, 0.00592091912404, 0.00338084832765, 0.00832800194621, 0.007773228921, 0.00047808868112, 0.000303718727082, 0.000240555207711, 0.000129974068841, 0.000478738569655, 0.000256060127867, 0.000153859218699, 0.000147048005601, 6.03947701165e-05, 3.39871476172e-05, 6.8547515184e-06, 6.88358682055e-07, 4.0692052039e-07, 5.0749680014e-08, 4.97633720897e-08, 8.80327348796e-08, 1.31322209995e-07, 1.14012204122e-08, 7.44634398586e-09, 2.33887642587e-09, 9.16376197146e-10, 7.31054994318e-10, 6.50244913469e-10, 5.42223654865e-10, 4.92953566855e-10, 4.25618262856e-10, 3.62368607343e-10, 3.7086345106e-10, 3.60929730547e-10, 2.86861145948e-10, 2.70529987301e-10], "mean": [0.000395019567804, 0.00182886782568, 0.00147039117292, 0.000628081848845, 0.00108272512443, 0.000392981397454, 0.000176926303538, 0.000253783364315, 0.000236521969782, 1.00489478427e-05, 9.41062262427e-06, 7.5084517448e-06, 7.71362829255e-06, 1.32777086037e-05, 6.10773577137e-06, 1.61674222454e-06, 9.97539473246e-07, 9.57086399467e-07, 1.54938376795e-07, 5.6658610248e-08, 1.29569786012e-08, 6.55143539419e-09, 1.61742585991e-09, 1.15197518191e-09, 1.34666344742e-09, 8.90351015137e-10, 3.66710800614e-10, 2.79451434215e-10, 1.75402622982e-10, 1.49863607635e-10, 1.29784030745e-10, 1.25849081156e-10, 1.17648599196e-10, 1.11491094135e-10, 1.11078521381e-10, 1.10305618806e-10, 1.03757322178e-10, 1.00829622429e-10, 1.0184137561e-10, 1.02514330358e-10], "median": [0.000101466117485, 0.000643166829832, 0.000411740329582, 0.000139073803439, 5.86484784435e-05, 6.33024756098e-05, 1.632367821e-05, 1.19107398859e-05, 1.08976146294e-05, 1.63266099662e-06, 1.19287949474e-06, 9.03229420146e-07, 6.73126010042e-07, 6.35942001281e-07, 2.63504801978e-07, 7.84238736173e-08, 2.87279338096e-08, 3.05413436763e-08, 6.37862207498e-09, 3.21534598946e-09, 1.00312791407e-09, 4.57399867981e-10, 3.05925784705e-10, 2.4814189592e-10, 2.1663998373e-10, 1.87246385064e-10, 1.52738890979e-10, 1.52088619476e-10, 1.39079331385e-10, 1.27486202151e-10, 1.13961756698e-10, 1.15037417092e-10, 1.0833100389e-10, 1.04417335889e-10, 1.05774854153e-10, 1.05269036543e-10, 9.98234689353e-11, 9.69654564975e-11, 9.80888634206e-11, 1.00009417414e-10], "min": [4.98604071095e-24, 4.40321725797e-24, 7.48030490286e-24, 8.7386689976e-24, 1.28550548527e-23, 5.23531917928e-24, 7.71567890887e-24, 1.04526909841e-23, 6.90387713967e-24, 7.91183075068e-24, 1.07236978372e-23, 4.51013828177e-24, 4.44797328143e-24, 7.29985060421e-24, 6.90582641496e-24, 4.96947344865e-24, 5.25506752318e-24, 1.0864587606e-23, 8.70191202372e-24, 8.98898876232e-24, 7.67578384631e-24, 9.97590503071e-24, 1.21816429521e-23, 1.13556361646e-23, 1.54568301364e-23, 4.05380512507e-24, 8.25893743758e-24, 7.74259089865e-24, 7.83921373777e-24, 1.61524145504e-23, 1.46192097386e-23, 9.36531643488e-24, 7.30372627783e-24, 1.51932007105e-23, 1.13080047431e-23, 8.04964553968e-24, 1.15502970593e-23, 1.16741884533e-23, 1.03846288541e-23, 1.07403806676e-23], "var": [7.29425948975e-07, 1.09658567453e-05, 7.0710448199e-06, 1.72164413925e-06, 6.01275996814e-06, 5.55838255423e-07, 1.68201310657e-07, 6.69573125833e-07, 5.86328155805e-07, 9.29244403647e-10, 6.12741801742e-10, 2.60840488098e-10, 3.52384177393e-10, 1.7646774042e-09, 4.90010365617e-10, 4.6556359462e-11, 3.58827967339e-11, 1.57790586153e-11, 1.6926221709e-12, 1.38944113376e-13, 1.99920739617e-15, 7.19472538255e-16, 1.71439981376e-17, 9.099664199e-18, 3.14777791843e-17, 3.57398471428e-17, 8.30299083462e-19, 3.04593776786e-19, 2.23593026492e-20, 8.33509998267e-21, 4.68073882104e-21, 3.31816071025e-21, 2.17381287833e-21, 1.52239835145e-21, 1.35372439037e-21, 1.16590350033e-21, 9.24011534242e-22, 7.64979498156e-22, 7.14387488033e-22, 6.92364460556e-22]}, "mfcc": {"mean": [-926.995727539, 225.941589355, 86.9550094604, 6.17876577377, 0.15542113781, 10.1985845566, 5.15884160995, -4.65961790085, -7.11821746826, -4.26119947433, -1.70048809052, 0.250720620155, 1.53532636166], "cov": [[4949.92871094, 4273.60009766, -127.357406616, -1314.90600586, -215.141708374, 245.657165527, -160.020233154, -374.403717041, -149.512710571, 78.5469589233, 9.40210723877, -94.5211868286, 10.5659503937], [4273.60009766, 3856.53076172, 214.520233154, -971.015808105, -215.486663818, 178.310043335, -115.051437378, -282.472259521, -107.848587036, 55.9950637817, 1.9311234951, -55.6442108154, 37.0953369141], [-127.357406616, 214.520233154, 677.532775879, 455.425933838, 14.9538707733, -83.8963470459, 27.988658905, 101.171417236, 74.0394363403, 3.01019525528, -1.02686202526, 47.3311271667, 51.8249549866], [-1314.90600586, -971.015808105, 455.425933838, 766.054199219, 222.287567139, -103.762695312, 1.81672537327, 156.508041382, 147.210723877, 55.0842781067, 18.5029392242, 26.8072242737, 11.7447299957], [-215.141708374, -215.486663818, 14.9538707733, 222.287567139, 217.656906128, 53.8597602844, -48.0081710815, -1.44251167774, 89.3880157471, 100.30960083, 28.4905261993, -30.9697589874, -28.383562088], [245.657165527, 178.310043335, -83.8963470459, -103.762695312, 53.8597602844, 119.143890381, 39.1210441589, -31.7610588074, -10.3869142532, 32.5148239136, 27.7506008148, -1.05190432072, -12.6057634354], [-160.020233154, -115.051437378, 27.988658905, 1.81672537327, -48.0081710815, 39.1210441589, 133.681854248, 77.2924423218, -44.3345985413, -63.1375732422, 14.3911685944, 59.0653266907, 29.459690094], [-374.403717041, -282.472259521, 101.171417236, 156.508041382, -1.44251167774, -31.7610588074, 77.2924423218, 116.68044281, 28.0794715881, -47.4495849609, -16.9930820465, 41.3832321167, 39.7309303284], [-149.512710571, -107.848587036, 74.0394363403, 147.210723877, 89.3880157471, -10.3869142532, -44.3345985413, 28.0794715881, 103.128227234, 74.2870254517, -0.46302112937, -20.4558124542, 1.95888066292], [78.5469589233, 55.9950637817, 3.01019525528, 55.0842781067, 100.30960083, 32.5148239136, -63.1375732422, -47.4495849609, 74.2870254517, 150.490829468, 88.5828552246, -16.3148384094, -39.7945976257], [9.40210723877, 1.9311234951, -1.02686202526, 18.5029392242, 28.4905261993, 27.7506008148, 14.3911685944, -16.9930820465, -0.46302112937, 88.5828552246, 129.897537231, 56.5645179749, -21.6632862091], [-94.5211868286, -55.6442108154, 47.3311271667, 26.8072242737, -30.9697589874, -1.05190432072, 59.0653266907, 41.3832321167, -20.4558124542, -16.3148384094, 56.5645179749, 91.4560317993, 45.1041908264], [10.5659503937, 37.0953369141, 51.8249549866, 11.7447299957, -28.383562088, -12.6057634354, 29.459690094, 39.7309303284, 1.95888066292, -39.7945976257, -21.6632862091, 45.1041908264, 72.4774780273]], "icov": [[333.223236084, -666.625671387, 1175.32128906, -1798.17138672, 2299.12182617, -2500.63110352, 2346.52392578, -1907.03039551, 1334.51611328, -788.222167969, 377.441009521, -134.7603302, 28.4888019562], [-666.625671387, 1608.74804688, -3347.56396484, 5491.859375, -7248.40136719, 8016.12597656, -7596.88867188, 6214.54345703, -4369.88037109, 2591.2800293, -1245.3782959, 446.382476807, -94.8422241211], [1175.32128906, -3347.56396484, 7753.16650391, -13202.8408203, 17701.6914062, -19733.0996094, 18788.2324219, -15416.484375, 10864.8222656, -6454.65527344, 3107.47241211, -1115.87329102, 237.650512695], [-1798.17138672, 5491.859375, -13202.8408203, 22749.9589844, -30649.2890625, 34249.4257812, -32655.9941406, 26821.1484375, -18916.1132812, 11244.9277344, -5417.00244141, 1946.5625, -414.948883057], [2299.12182617, -7248.40136719, 17701.6914062, -30649.2890625, 41372.6796875, -46279, 44153.1757812, -36280.1640625, 25596.8027344, -15221.8066406, 7335.60449219, -2637.23852539, 562.553161621], [-2500.63110352, 8016.12597656, -19733.0996094, 34249.4257812, -46279, 51795.296875, -49434.0625, 40631.3476562, -28674.7734375, 17057.3671875, -8223.1171875, 2957.6796875, -631.332397461], [2346.52392578, -7596.88867188, 18788.2324219, -32655.9941406, 44153.1757812, -49434.0625, 47193.5234375, -38799.6992188, 27389.671875, -16298.1884766, 7860.29101562, -2828.71704102, 604.299377441], [-1907.03039551, 6214.54345703, -15416.484375, 26821.1484375, -36280.1640625, 40631.3476562, -38799.6992188, 31907.2890625, -22531.1523438, 13412.3105469, -6471.69482422, 2330.57861328, -498.410400391], [1334.51611328, -4369.88037109, 10864.8222656, -18916.1132812, 25596.8027344, -28674.7734375, 27389.671875, -22531.1523438, 15916.3876953, -9479.34960938, 4576.92480469, -1649.71911621, 353.29864502], [-788.222167969, 2591.2800293, -6454.65527344, 11244.9277344, -15221.8066406, 17057.3671875, -16298.1884766, 13412.3105469, -9479.34960938, 5649.30761719, -2730.02587891, 985.227600098, -211.415512085], [377.441009521, -1245.3782959, 3107.47241211, -5417.00244141, 7335.60449219, -8223.1171875, 7860.29101562, -6471.69482422, 4576.92480469, -2730.02587891, 1320.85205078, -477.49786377, 102.765052795], [-134.7603302, 446.382476807, -1115.87329102, 1946.5625, -2637.23852539, 2957.6796875, -2828.71704102, 2330.57861328, -1649.71911621, 985.227600098, -477.49786377, 173.079574585, -37.4240455627], [28.4888019562, -94.8422241211, 237.650512695, -414.948883057, 562.553161621, -631.332397461, 604.299377441, -498.410400391, 353.29864502, -211.415512085, 102.765052795, -37.4240455627, 8.18248939514]]}, "spectral_contrast_coeffs": {"dmean": [0.0425937883556, 0.0330561436713, 0.0199120994657, 0.0161051824689, 0.010920656845, 0.00942130479962], "dmean2": [0.0722069963813, 0.0564788021147, 0.0327006727457, 0.0266847293824, 0.0180291049182, 0.0165292955935], "dvar": [0.00111986347474, 0.00089403137099, 0.000367385771824, 0.000252589874435, 9.88282481558e-05, 8.4856445028e-05], "dvar2": [0.00327323959209, 0.00247834203765, 0.000943260325585, 0.000585039786529, 0.000241451547481, 0.000265483598923], "max": [-0.321712076664, -0.333440840244, -0.525069355965, -0.52950668335, -0.72669839859, -0.84497910738], "mean": [-0.604447722435, -0.670732438564, -0.758820712566, -0.775263547897, -0.877937972546, -0.887289226055], "median": [-0.617832839489, -0.67949950695, -0.758853256702, -0.775079131126, -0.892601430416, -0.886217653751], "min": [-0.963789641857, -0.957399904728, -0.971413135529, -0.962959110737, -0.958847105503, -0.957920908928], "var": [0.0116119459271, 0.0148295434192, 0.00674396241084, 0.0070152906701, 0.00127533415798, 0.000126119979541]}, "spectral_contrast_valleys": {"dmean": [0.362495660782, 0.294491112232, 0.236652493477, 0.212583631277, 0.146254956722, 0.169872373343], "dmean2": [0.614965856075, 0.489093124866, 0.39309412241, 0.346259653568, 0.242617204785, 0.292795956135], "dvar": [0.196631789207, 0.199899181724, 0.16063670814, 0.155065760016, 0.14358985424, 0.14940559864], "dvar2": [0.363018363714, 0.313804924488, 0.231620371342, 0.207564651966, 0.164067953825, 0.247482910752], "max": [-5.25900697708, -5.23872613907, -6.49093389511, -8.46440601349, -10.3723173141, -12.307469368], "mean": [-7.99903917313, -8.14758777618, -9.74786090851, -11.6293487549, -12.