{"lowlevel": {"average_loudness": 0.798999369144, "barkbands_crest": {"dmean": 2.48369622231, "dmean2": 3.88965797424, "dvar": 7.25781679153, "dvar2": 16.2104034424, "max": 26.0816612244, "mean": 14.2128257751, "median": 13.0814352036, "min": 3.60506677628, "var": 33.35679245}, "barkbands_flatness_db": {"dmean": 0.0344032198191, "dmean2": 0.0470886230469, "dvar": 0.00152940955013, "dvar2": 0.00277914106846, "max": 0.832132518291, "mean": 0.287210196257, "median": 0.266247361898, "min": 0.025966251269, "var": 0.0165166091174}, "barkbands_kurtosis": {"dmean": 30.1283035278, "dmean2": 47.9734382629, "dvar": 7272.60839844, "dvar2": 17695.7929688, "max": 2210.88598633, "mean": 56.3354415894, "median": 24.3450260162, "min": -1.96557581425, "var": 12785.3535156}, "barkbands_skewness": {"dmean": 1.44175100327, "dmean2": 2.19409060478, "dvar": 4.34842252731, "dvar2": 9.64169216156, "max": 37.9582710266, "mean": 4.25043964386, "median": 3.69423484802, "min": -5.22208452225, "var": 12.8567066193}, "barkbands_spread": {"dmean": 6.55237436295, "dmean2": 9.94903087616, "dvar": 218.450042725, "dvar2": 445.33416748, "max": 128.173706055, "mean": 13.2790622711, "median": 5.2815117836, "min": 0.0428294241428, "var": 462.85446167}, "dissonance": {"dmean": 0.0423880629241, "dmean2": 0.0689461678267, "dvar": 0.00170570157934, "dvar2": 0.00440148683265, "max": 0.500000119209, "mean": 0.381674647331, "median": 0.389818519354, "min": 0.0942834317684, "var": 0.0066432049498}, "dynamic_complexity": 5.78037786484, "erbbands_crest": {"dmean": 3.02092218399, "dmean2": 4.86169958115, "dvar": 8.73104476929, "dvar2": 22.0442676544, "max": 30.1235713959, "mean": 12.7625360489, "median": 11.8744249344, "min": 2.28330302238, "var": 28.960975647}, "erbbands_flatness_db": {"dmean": 0.0265891291201, "dmean2": 0.0378830432892, "dvar": 0.000849274860229, "dvar2": 0.00179220084101, "max": 0.541563570499, "mean": 0.191508933902, "median": 0.17975230515, "min": 0.0297433808446, "var": 0.00649611791596}, "erbbands_kurtosis": {"dmean": 6.66098546982, "dmean2": 10.3421707153, "dvar": 118.914459229, "dvar2": 267.736022949, "max": 535.212158203, "mean": 18.5980415344, "median": 7.12686157227, "min": -1.92840898037, "var": 2856.30175781}, "erbbands_skewness": {"dmean": 0.817201495171, "dmean2": 1.19574522972, "dvar": 0.984537065029, "dvar2": 1.94353914261, "max": 17.543422699, "mean": 2.30222415924, "median": 2.1566324234, "min": -7.15701961517, "var": 6.87147283554}, "erbbands_spread": {"dmean": 16.1177787781, "dmean2": 24.7420558929, "dvar": 666.391723633, "dvar2": 1505.56176758, "max": 226.810256958, "mean": 38.5162277222, "median": 25.0921459198, "min": 0.577748954296, "var": 1460.13293457}, "hfc": {"dmean": 9.51438617706, "dmean2": 14.0172462463, "dvar": 1205.0045166, "dvar2": 2781.40917969, "max": 1271.10534668, "mean": 15.8619194031, "median": 5.76840496063, "min": 1.06354892843e-16, "var": 1582.83190918}, "melbands_crest": {"dmean": 2.79305839539, "dmean2": 4.18842124939, "dvar": 7.97380924225, "dvar2": 18.8245792389, "max": 33.7735786438, "mean": 18.9030799866, "median": 18.1224079132, "min": 1.56308555603, "var": 53.0160484314}, "melbands_flatness_db": {"dmean": 0.0396673902869, "dmean2": 0.052963398397, "dvar": 0.00212866440415, "dvar2": 0.00369965727441, "max": 0.972335040569, "mean": 0.404485851526, "median": 0.391504079103, "min": 0.00244393968023, "var": 0.0249590110034}, "melbands_kurtosis": {"dmean": 40.0054550171, "dmean2": 61.526348114, "dvar": 8050.98144531, "dvar2": 18391.4648438, "max": 1777.69787598, "mean": 72.7077941895, "median": 34.0851593018, "min": -1.9583388567, "var": 16778.9628906}, "melbands_skewness": {"dmean": 1.50832521915, "dmean2": 2.27970147133, "dvar": 4.41573095322, "dvar2": 9.643450737, "max": 33.9053726196, "mean": 4.40687990189, "median": 3.40777897835, "min": -0.980060577393, "var": 14.369767189}, "melbands_spread": {"dmean": 5.52981948853, "dmean2": 8.20988750458, "dvar": 344.000640869, "dvar2": 665.554870605, "max": 304.420257568, "mean": 13.4032669067, "median": 3.4492521286, "min": 0.141729578376, "var": 1189.87451172}, "pitch_salience": {"dmean": 0.0685620754957, "dmean2": 0.107262395322, "dvar": 0.00565522350371, "dvar2": 0.0126822963357, "max": 0.969372093678, "mean": 0.453177928925, "median": 0.477835267782, "min": 0.0140511505306, "var": 0.0318046174943}, "silence_rate_20dB": {"dmean": 0.0380926281214, "dmean2": 0.0761956945062, "dvar": 0.0366419479251, "dvar2": 0.0766896903515, "max": 1, "mean": 0.956980407238, "median": 1, "min": 0, "var": 0.041169565171}, "silence_rate_30dB": {"dmean": 0.0517950132489, "dmean2": 0.103604219854, "dvar": 0.049114137888, "dvar2": 0.0964376404881, "max": 1, "mean": 0.855459630489, "median": 1, "min": 0, "var": 0.12364333868}, "silence_rate_60dB": {"dmean": 0.0274047683924, "dmean2": 0.0548170469701, "dvar": 0.0266509223729, "dvar2": 0.0603010654449, "max": 1, "mean": 0.141252219677, "median": 0, "min": 0, "var": 0.121303744614}, "spectral_centroid": {"dmean": 188.228759766, "dmean2": 280.777496338, "dvar": 264878.6875, "dvar2": 492608.90625, "max": 12016.2636719, "mean": 856.104492188, "median": 313.808807373, "min": 59.8084220886, "var": 3969928.25}, "spectral_complexity": {"dmean": 1.23321461678, "dmean2": 2.00685214996, "dvar": 4.61616897583, "dvar2": 10.8503513336, "max": 48, "mean": 5.28236722946, "median": 5, "min": 0, "var": 12.9935092926}, "spectral_decrease": {"dmean": 7.0047616596e-09, "dmean2": 9.07169184217e-09, "dvar": 3.772944945e-16, "dvar2": 7.41879630204e-16, "max": 2.07418008705e-28, "mean": -1.45023113518e-08, "median": -4.1479415458e-09, "min": -2.39168059579e-07, "var": 8.17858432633e-16}, "spectral_energy": {"dmean": 0.0269786287099, "dmean2": 0.035083245486, "dvar": 0.00546755641699, "dvar2": 0.0107938144356, "max": 0.912146747112, "mean": 0.0561737380922, "median": 0.0167202521116, "min": 9.68845309093e-21, "var": 0.0118679739535}, "spectral_energyband_high": {"dmean": 0.000680623867083, "dmean2": 0.00101004634053, "dvar": 1.14437452794e-05, "dvar2": 2.56255480053e-05, "max": 0.122904494405, "mean": 0.000862539105583, "median": 0.000110604516522, "min": 6.80751953452e-21, "var": 1.48563003677e-05}, "spectral_energyband_low": {"dmean": 0.0235924888402, "dmean2": 0.0295218452811, "dvar": 0.0051383189857, "dvar2": 0.0101553685963, "max": 0.855054676533, "mean": 0.0434637218714, "median": 0.006885134615, "min": 1.47664995359e-23, "var": 0.0105353295803}, "spectral_energyband_middle_high": {"dmean": 0.000516533269547, "dmean2": 0.000692143687047, "dvar": 6.24382846581e-06, "dvar2": 1.27967914523e-05, "max": 0.0930263474584, "mean": 0.000837189320009, "median": 7.99006011221e-05, "min": 1.13210885061e-21, "var": 1.25989454318e-05}, "spectral_energyband_middle_low": {"dmean": 0.00671854382381, "dmean2": 0.0113779893145, "dvar": 0.00022660238028, "dvar2": 0.000634831783827, "max": 0.252252548933, "mean": 0.0128570050001, "median": 0.00717059615999, "min": 1.22479036394e-22, "var": 0.000315210781991}, "spectral_entropy": {"dmean": 0.364392995834, "dmean2": 0.515673458576, "dvar": 0.194971457124, "dvar2": 0.357254505157, "max": 9.82501506805, "mean": 6.50778341293, "median": 6.46973896027, "min": 2.99853992462, "var": 1.51977944374}, "spectral_flux": {"dmean": 0.0415129885077, "dmean2": 0.0657905265689, "dvar": 0.00899437628686, "dvar2": 0.0158534534276, "max": 0.946475625038, "mean": 0.0842228233814, "median": 0.0513451099396, "min": 6.1773731963e-11, "var": 0.0144523316994}, "spectral_kurtosis": {"dmean": 5.4046959877, "dmean2": 8.29817867279, "dvar": 603.497009277, "dvar2": 1450.42810059, "max": 1633.05603027, "mean": 12.9246606827, "median": 6.03884601593, "min": -1.60409498215, "var": 1621.91601562}, "spectral_rms": {"dmean": 0.00125124375336, "dmean2": 0.00162010872737, "dvar": 6.25995926384e-06, "dvar2": 1.13084342956e-05, "max": 0.029831180349, "mean": 0.00550349196419, "median": 0.00403886614367, "min": 3.07443480396e-12, "var": 2.45152805292e-05}, "spectral_rolloff": {"dmean": 529.953125, "dmean2": 945.71081543, "dvar": 3709268.5, "dvar2": 8174057, "max": 19767.4804688, "mean": 1487.61694336, "median": 279.931640625, "min": 43.06640625, "var": 15286168}, "spectral_skewness": {"dmean": 0.551761567593, "dmean2": 0.776650846004, "dvar": 0.686167955399, "dvar2": 1.36579585075, "max": 32.824016571, "mean": 2.69062161446, "median": 2.44518280029, "min": -1.0793825388, "var": 3.94120764732}, "spectral_spread": {"dmean": 1580024.625, "dmean2": 2301057.75, "dvar": 4231294615550.0, "dvar2": 8328784642050.0, "max": 42721432, "mean": 8422738, "median": 7044935, "min": 85692.8984375, "var": 47124553138200.0}, "spectral_strongpeak": {"dmean": 0.26367649436, "dmean2": 0.416908174753, "dvar": 0.448314279318, "dvar2": 1.16458284855, "max": 18.7050647736, "mean": 0.570927977562, "median": 0.38747292757, "min": 0, "var": 0.521924614906}, "zerocrossingrate": {"dmean": 0.0159585271031, "dmean2": 0.0178601723164, "dvar": 0.000774677551817, "dvar2": 0.000849989242852, "max": 0.52734375, "mean": 0.060635112226, "median": 0.02734375, "min": 0.001953125, "var": 0.0100330105051}, "barkbands": {"dmean": [0.000600450439379, 0.0197823997587, 0.00754725374281, 0.00265007838607, 0.0033729809802, 0.000977480784059, 0.000911423703656, 0.000288097711746, 0.000261310691712, 0.000185800701729, 0.000165500328876, 0.000175028035301, 0.000124947138829, 3.55594238499e-05, 2.02577266464e-05, 7.49011360313e-06, 6.06340518061e-06, 1.04622167783e-05, 1.30958615046e-05, 1.68219430634e-05, 2.68287622021e-05, 4.81214519823e-05, 0.000106827406853, 0.000199208428967, 0.000208037454286, 0.000124847400002, 2.36335908994e-05], "dmean2": [0.000739993934985, 0.0240411162376, 0.0143674146384, 0.00479921139777, 0.00579800736159, 0.00156563939527, 0.00134400348179, 0.000424110388849, 0.000378881930374, 0.000268282514298, 0.000233402693993, 0.000269005569862, 0.000191095008631, 5.08438279212e-05, 3.18405036523e-05, 1.23971731227e-05, 9.80852928478e-06, 1.75236309587e-05, 2.21467580559e-05, 2.91307042062e-05, 4.34551948274e-05, 7.38769085729e-05, 0.000157069516717, 0.000304764253087, 0.000318327220157, 0.000190214035683, 3.76118514396e-05], "dvar": [3.86363899452e-06, 0.00358492531814, 0.00113436381798, 6.81407182128e-05, 5.56083759875e-05, 6.5267872742e-06, 8.65611127665e-06, 1.03227193904e-06, 1.79921698873e-06, 1.38392431381e-06, 7.48850709442e-07, 1.39188671255e-06, 9.74583485913e-07, 2.2091242613e-08, 2.01976568803e-08, 2.69479216719e-09, 9.80316938737e-10, 8.43041814136e-09, 1.53587897955e-08, 3.46420350184e-08, 5.11946112169e-08, 6.18830711119e-08, 3.53762715122e-07, 1.71484998646e-06, 2.05931064556e-06, 2.95755938851e-07, 1.87116633299e-08], "dvar2": [8.15554540168e-06, 0.00680654449388, 0.00331580801867, 0.000199001282454, 0.000157625021529, 1.5873925804e-05, 1.94540225493e-05, 1.91267577065e-06, 3.78334789275e-06, 2.71679732577e-06, 1.43113993545e-06, 3.33420530296e-06, 2.21538607548e-06, 4.41318412925e-08, 5.46068150697e-08, 7.28259053062e-09, 2.59788723866e-09, 2.38807054131e-08, 4.40688907588e-08, 1.00511755363e-07, 1.41508920137e-07, 1.52561980826e-07, 7.81114181336e-07, 4.05195714848e-06, 4.83279791297e-06, 7.00894076999e-07, 4.96274346062e-08], "max": [0.0290886573493, 0.780795037746, 0.405860692263, 0.107512548566, 0.136077553034, 0.0646451562643, 0.100609473884, 0.0288303233683, 0.0379441007972, 0.0410717688501, 0.032350756228, 0.0424595028162, 0.05047949031, 0.00528964074329, 0.00404815515503, 0.00133684463799, 0.000888503796887, 0.00227045384236, 0.00282625528052, 0.00447221938521, 0.00546042528003, 0.00724454130977, 0.0239440333098, 0.0405366010964, 0.0641092061996, 0.0140258818865, 0.00540456967428], "mean": [0.000970575376414, 0.0346662513912, 0.0060486420989, 0.00317694013938, 0.00552271865308, 0.00156421691645, 0.00158837961499, 0.000430086511187, 0.000376312294975, 0.00027673348086, 0.000227897617151, 0.000186351782759, 0.000155565430759, 5.07709410158e-05, 2.29196666623e-05, 7.77064815338e-06, 7.57331963541e-06, 1.14937192848e-05, 1.32645427584e-05, 1.4669135453e-05, 2.6475148843e-05, 5.46747505723e-05, 0.000132688728627, 0.000231913465541, 0.00023257896828, 0.000150235951878, 2.62393568846e-05], "median": [7.09558844392e-06, 0.00220252992585, 0.00152809068095, 0.00143938919064, 0.00148188846651, 0.000365827814676, 0.000197054236196, 2.85253536276e-05, 7.9562614701e-06, 7.88276156527e-06, 9.77348463493e-06, 5.82543543715e-06, 4.26737233283e-06, 2.99514249491e-06, 1.60849799613e-06, 9.13329017749e-07, 9.97780830403e-07, 1.38730729304e-06, 1.44047282902e-06, 9.53592802944e-07, 9.29213285872e-07, 2.52110294241e-06, 1.01142322819e-05, 1.77691345016e-05, 1.90139962797e-05, 2.1219431801e-05, 3.23796848534e-06], "min": [3.23556785325e-26, 3.03211113481e-24, 2.38948334774e-25, 2.90997414278e-26, 6.38826739682e-24, 4.58492702875e-24, 5.33145371349e-24, 5.11534842395e-24, 1.22995784463e-23, 7.15141853628e-24, 4.96299098416e-24, 1.76454316323e-23, 2.52031482447e-23, 2.5098355962e-23, 3.02532700991e-23, 3.20544982921e-23, 5.35571552506e-23, 9.27844628313e-23, 1.29356628688e-22, 1.88804555417e-22, 2.38688963619e-22, 2.8430723729e-22, 3.6425527343e-22, 5.25141852085e-22, 8.01498128757e-22, 1.33358397629e-21, 1.80424873509e-21], "var": [6.9711895776e-06, 0.00768367992714, 0.000615964992903, 4.41773772764e-05, 9.57301599556e-05, 1.13769810923e-05, 1.72022118932e-05, 2.58175805357e-06, 2.88308433483e-06, 2.96075631923e-06, 1.50033531554e-06, 1.40191036735e-06, 1.29027046114e-06, 4.60297897575e-08, 1.64201310326e-08, 1.96965466159e-09, 9.90213910868e-10, 6.05907501949e-09, 9.81964110025e-09, 2.02882119993e-08, 3.86584844136e-08, 7.74526327518e-08, 5.80426672059e-07, 1.96627843252e-06, 2.17461229113e-06, 3.29483242467e-07, 1.54491903714e-08]}, "erbbands": {"dmean": [0.75028771162, 4.29295301437, 8.98056697845, 8.90601539612, 8.55323314667, 14.5266609192, 8.67676544189, 8.17691230774, 9.98870563507, 14.7450113297, 3.19570851326, 4.6912355423, 8.7013130188, 3.62977337837, 7.06385707855, 7.22261571884, 5.44034910202, 2.21605706215, 1.11965560913, 0.680181145668, 0.370677262545, 0.344582259655, 0.555061519146, 0.646390080452, 0.653084397316, 0.764435589314, 0.825560212135, 1.23521363735, 1.56407666206, 2.67041110992, 3.03450465202, 3.45495414734, 3.72602987289, 2.22184634209, 1.58174157143, 0.718052923679, 0.194845467806, 0.0418686009943, 0.00382310175337, 0.000178738948307], "dmean2": [0.867956697941, 5.99019575119, 16.7247638702, 16.513053894, 14.9001903534, 25.0575485229, 14.335858345, 12.8201818466, 14.6188344955, 21.1794109344, 4.51412200928, 6.67495727539, 12.5913553238, 5.25847768784, 9.86702060699, 10.9169807434, 7.9474234581, 3.16287732124, 1.65843880177, 1.11751258373, 0.606363892555, 0.552872657776, 0.923043429852, 1.09575760365, 1.08578240871, 1.3149356842, 1.36416637897, 1.96047770977, 2.37452340126, 4.17214488983, 4.35471439362, 5.24368715286, 5.76853084564, 3.38265681267, 2.43318724632, 1.10956728458, 0.299272865057, 0.0647901073098, 0.0060407826677, 0.000271692406386], "dvar": [5.20085668564, 195.162338257, 1551.03601074, 1090.53149414, 393.774871826, 1282.7791748, 397.621948242, 564.069335938, 1578.64916992, 2086.72680664, 83.0448074341, 423.908782959, 3714.80517578, 263.507080078, 1377.31518555, 2605.36376953, 1390.77758789, 86.5310134888, 24.0919380188, 36.3480644226, 8.34071445465, 3.31969451904, 23.7349967957, 44.8234405518, 36.4839859009, 69.9621353149, 53.7506637573, 94.2271652222, 63.2170295715, 194.892227173, 406.407958984, 449.726043701, 698.77923584, 241.059432983, 127.961776733, 14.3645563126, 0.611776053905, 0.0526765063405, 0.000424948928412, 8.83014195097e-07], "dvar2": [9.4756603241, 446.785095215, 4478.87060547, 3189.92236328, 1117.41320801, 3701.92407227, 1058.6171875, 1314.74755859, 3701.67431641, 4131.46044922, 151.663513184, 816.50567627, 7806.57763672, 523.633239746, 2662.91821289, 5928.53662109, 2808.74609375, 180.046524048, 52.9142112732, 101.733070374, 22.6857070923, 8.89831447601, 67.2030105591, 128.941757202, 102.93901825, 202.253463745, 150.351806641, 254.392990112, 146.261734009, 516.914245605, 911.588439941, 1007.57653809, 1698.2779541, 559.973083496, 310.836242676, 35.8739356995, 1.37613248825, 0.134189486504, 0.00112408259884, 2.30340606322e-06], "max": [32.2434997559, 163.245254517, 457.075744629, 442.692962646, 272.807556152, 682.405273438, 544.236633301, 653.221191406, 1759.70507812, 1232.2401123, 443.352508545, 614.098388672, 2132.19604492, 619.506713867, 1390.02807617, 1699.76708984, 1874.10913086, 289.884521484, 112.560050964, 174.620803833, 76.7878341675, 43.6165313721, 123.315345764, 162.019012451, 138.841766357, 201.314147949, 233.241333008, 222.494949341, 293.806549072, 307.105865479, 942.7265625, 844.69720459, 884.818725586, 565.641723633, 588.034240723, 147.861282349, 18.5636291504, 10.9324331284, 0.822736442089, 0.0413628146052], "mean": [1.3126860857, 6.50184631348, 7.78835439682, 9.31312179565, 12.2907810211, 22.5354957581, 14.9450120926, 12.5657262802, 17.0555076599, 25.7637901306, 5.4354391098, 7.32801008224, 13.8213796616, 5.30091142654, 9.95688056946, 8.52617931366, 7.28130674362, 3.25294041634, 1.60616493225, 0.737401366234, 0.405711889267, 0.442663699389, 0.627697348595, 0.659643948078, 0.667475163937, 0.686318218708, 0.79983150959, 1.2735234499, 1.81596326828, 3.00798106194, 3.83714032173, 4.23562717438, 4.12062931061, 2.44091510773, 1.7437158823, 0.814065515995, 0.238929465413, 0.0483266785741, 0.0043204491958, 0.000245453324169], "median": [0.0258971750736, 0.595776081085, 2.23024511337, 4.24366807938, 5.4716668129, 4.63608551025, 5.57750749588, 3.0568010807, 2.70435190201, 2.52099275589, 0.590740442276, 0.222571775317, 0.261529654264, 0.302770674229, 0.453075051308, 0.276616871357, 0.217776820064, 0.185033649206, 0.1200652197, 0.0798449739814, 0.0521642826498, 0.0648650676012, 0.0831524506211, 0.0623504295945, 0.0788125246763, 0.0483239851892, 0.0379363261163, 0.0344448983669, 0.069629304111, 0.194356784225, 0.29673704505, 0.398567169905, 0.24196587503, 0.167379036546, 0.136701390147, 0.0985885709524, 0.0308872181922, 0.00636919448152, 0.000576318125241, 6.47612905595e-05], "min": [6.5404956212e-23, 4.24713421745e-22, 1.60050855625e-21, 1.00842757758e-21, 8.18324933237e-21, 2.121582885e-20, 3.50774242871e-20, 3.92098118323e-20, 9.23583989302e-20, 1.49506666015e-19, 2.58557427535e-19, 4.26655598202e-19, 3.17130138409e-19, 3.58252259339e-19, 5.57149983127e-19, 1.09688802115e-18, 8.52606800414e-19, 1.83102921956e-18, 1.9767784435e-18, 2.43523109709e-18, 2.89283899248e-18, 3.97584899091e-18, 5.18201025932e-18, 5.34355780577e-18, 6.24447950198e-18, 7.61073826923e-18, 9.57173782895e-18, 9.95337497534e-18, 8.38622340222e-18, 1.05663215995e-17, 1.05257285381e-17, 9.42900036963e-18, 8.87451308089e-18, 7.91786877631e-18, 4.443957117e-18, 4.15281228885e-18, 2.30303522749e-18, 9.59409569373e-19, 2.35709148052e-19, 2.59738040451e-20], "var": [11.7103462219, 293.653808594, 896.946716309, 627.557006836, 403.770111084, 2109.91455078, 637.167602539, 976.87310791, 2484.21582031, 5355.10498047, 229.320907593, 851.518066406, 7423.81542969, 452.305908203, 2870.67333984, 3058.61157227, 2360.79785156, 176.208877563, 41.9685783386, 23.6188201904, 5.94479370117, 3.25770735741, 16.9765300751, 27.7761955261, 24.4073009491, 41.6887550354, 37.8406829834, 80.9917831421, 94.2796478271, 180.676391602, 658.632080078, 575.441589355, 780.589660645, 261.2421875, 125.46395874, 13.8276348114, 0.779510259628, 0.0462819971144, 0.000357818062184, 9.07452772481e-07]}, "gfcc": {"mean": [-155.283477783, 87.6312103271, 0.710862398148, 20.9780197144, -46.7421035767, 21.7614059448, -42.8897247314, 1.84091949463, -25.9066734314, 0.134198069572, -7.94147348404, 3.61358475685, -19.3632469177], "cov": [[60930.4804688, 1869.96984863, -2013.30761719, -1640.9979248, -4094.35131836, 919.011352539, -2371.43530273, 407.300048828, -1247.21618652, 412.146820068, -252.822128296, 544.353942871, -1074.25695801], [1869.96984863, 2655.85205078, 39.5878410339, -520.323486328, 174.751022339, -36.8072471619, 2.40136528015, -88.8631744385, -0.768728256226, -117.10697937, 203.18572998, -59.4008102417, 35.29139328], [-2013.30761719, 39.5878410339, 1143.41711426, 497.988830566, 158.504989624, 18.2004489899, 11.6797075272, -35.2891578674, 78.4717025757, -12.5892477036, 72.1262359619, 44.5165710449, 124.659515381], [-1640.9979248, -520.323486328, 497.988830566, 1273.72692871, 384.830230713, -72.7012634277, -6.32642507553, -51.2959365845, 132.219833374, 13.7649145126, -73.9507751465, 47.9051589966, 150.788650513], [-4094.35131836, 174.751022339, 158.504989624, 384.830230713, 820.931152344, 4.84163045883, 236.876831055, 0.503889381886, 153.216964722, -15.4437685013, -10.7380685806, -58.3657112122, 135.060974121], [919.011352539, -36.8072471619, 18.2004489899, -72.7012634277, 4.84163045883, 312.304931641, 104.436019897, 38.642036438, -35.1229858398, 20.1526107788, 22.5051326752, -11.7126646042, -7.32842302322], [-2371.43530273, 2.40136528015, 11.6797075272, -6.32642507553, 236.876831055, 104.436019897, 438.512634277, 48.1800994873, 26.2313575745, 29.1036701202, 37.926486969, -25.1917247772, 66.6763076782], [407.300048828, -88.8631744385, -35.2891578674, -51.2959365845, 0.503889381886, 38.642036438, 48.1800994873, 184.048095703, 47.3906974792, 36.0435333252, 31.5023422241, 25.2172870636, 9.13221931458], [-1247.21618652, -0.768728256226, 78.4717025757, 132.219833374, 153.216964722, -35.1229858398, 26.2313575745, 47.3906974792, 266.982086182, 37.2428588867, 37.6657905579, 27.3306808472, 66.0375976562], [412.146820068, -117.10697937, -12.5892477036, 13.7649145126, -15.4437685013, 20.1526107788, 29.1036701202, 36.0435333252, 37.2428588867, 135.08656311, 20.1650371552, 6.41003036499, 11.3098449707], [-252.822128296, 203.18572998, 72.1262359619, -73.9507751465, -10.7380685806, 22.5051326752, 37.926486969, 31.5023422241, 37.6657905579, 20.1650371552, 167.401443481, 20.6949825287, 24.5679893494], [544.353942871, -59.4008102417, 44.5165710449, 47.9051589966, -58.3657112122, -11.7126646042, -25.1917247772, 25.2172870636, 27.3306808472, 6.41003036499, 20.6949825287, 141.526153564, 20.9756755829], [-1074.25695801, 35.29139328, 124.659515381, 150.788650513, 135.060974121, -7.32842302322, 66.6763076782, 9.13221931458, 66.0375976562, 11.3098449707, 24.5679893494, 20.9756755829, 148.29977417]], "icov": [[6.02986001468e-05, -0.000123450547107, 8.86791021912e-05, -0.00010824300989, 0.000222518749069, -0.000264882663032, 0.000251225166721, -0.000216950531467, 0.000158540147822, -0.000277235900285, 0.000190187318367, -0.000187189798453, 0.000131865017465], [-0.000123450547107, 0.000790871446952, -0.000232218924793, 0.000532830134034, -0.000720241048839, 0.000620085163973, -0.000354339688784, 0.000748608785216, -0.000292125128908, 0.000939781777561, -0.0010407906957, 0.000492701306939, -0.000468084646855], [8.86791021912e-05, -0.000232218924793, 0.00131860212423, -0.00064196443418, 0.000395933049731, -0.000615436933003, 0.000436469272245, -0.000115316244774, 0.000197682034923, -0.000170863379026, -0.000339370977599, -0.000360901787644, -0.000305896741338], [-0.00010824300989, 0.000532830134034, -0.00064196443418, 0.00165964721236, -0.00105533376336, 0.000653724011499, -9.17410070542e-05, 0.000803414906841, -0.00040350513882, 0.000326375011355, 0.000110401080747, -7.61935734772e-05, -0.000926284701563], [0.000222518749069, -0.000720241048839, 0.000395933049731, -0.00105533376336, 0.0030967106577, -0.000991801964119, -0.000150029969518, -0.000879644649103, -0.000370140711311, -0.000466488330858, 0.00124192936346, 0.000351940689143, -0.000279266707366], [-0.000264882663032, 0.000620085163973, -0.000615436933003, 0.000653724011499, -0.000991801964119, 0.00492298463359, -0.00194976106286, 0.000338720390573, -3.98289557779e-05, 0.000853809062392, -0.00113343005069, 0.00100880686659, -0.000213684106711], [0.000251225166721, -0.000354339688784, 0.000436469272245, -9.17410070542e-05, -0.000150029969518, -0.00194976106286, 0.00439778575674, -0.00131309113931, 0.00110955466516, -0.00160810083617, 0.000172746949829, -0.000512419559527, -0.000553162186407], [-0.000216950531467, 0.000748608785216, -0.000115316244774, 0.000803414906841, -0.000879644649103, 0.000338720390573, -0.00131309113931, 0.00750490836799, -0.00166515260935, 9.86806699075e-05, -0.00156932976097, -0.000375511648599, -0.000476525339764], [0.000158540147822, -0.000292125128908, 0.000197682034923, -0.00040350513882, -0.000370140711311, -3.98289557779e-05, 0.00110955466516, -0.00166515260935, 0.00564287509769, -0.00188555149361, -0.000417733826907, -0.00115394429304, -0.0007356745773], [-0.000277235900285, 0.000939781777561, -0.000170863379026, 0.000326375011355, -0.000466488330858, 0.000853809062392, -0.00160810083617, 9.86806699075e-05, -0.00188555149361, 0.00998470280319, -0.00193234428298, 0.00132491486147, -0.0010252580978], [0.000190187318367, -0.0010407906957, -0.000339370977599, 0.000110401080747, 0.00124192936346, -0.00113343005069, 0.000172746949829, -0.00156932976097, -0.000417733826907, -0.00193234428298, 0.00875369552523, -0.00144015462138, -0.000282814522507], [-0.000187189798453, 0.000492701306939, -0.000360901787644, -7.61935734772e-05, 0.000351940689143, 0.00100880686659, -0.000512419559527, -0.000375511648599, -0.00115394429304, 0.00132491486147, -0.00144015462138, 0.00896552763879, -0.00172624166589], [0.000131865017465, -0.000468084646855, -0.000305896741338, -0.000926284701563, -0.000279266707366, -0.000213684106711, -0.000553162186407, -0.000476525339764, -0.0007356745773, -0.0010252580978, -0.000282814522507, -0.00172624166589, 0.0102272843942]]}, "melbands": {"dmean": [0.00597669789568, 0.00484207831323, 0.00152923364658, 0.000827603740618, 0.000373635819415, 0.000180578470463, 0.000159722549142, 0.000141406140756, 2.07459434023e-05, 3.48540197592e-05, 4.27074955951e-05, 1.40364527397e-05, 2.41622183239e-05, 1.84651162272e-05, 2.0569532353e-05, 7.37894879421e-06, 4.00382168664e-06, 1.82537166893e-06, 1.39593828408e-06, 6.18228966687e-07, 3.99319503686e-07, 3.38640802511e-07, 4.8339705927e-07, 5.02442503603e-07, 5.50328593363e-07, 4.96071891121e-07, 5.43855890101e-07, 5.05990783495e-07, 4.64928689325e-07, 6.43446298909e-07, 7.44003443742e-07, 7.83047937603e-07, 1.14126078188e-06, 1.7455258785e-06, 1.66163579252e-06, 2.12037662095e-06, 2.13941393667e-06, 2.48580568041e-06, 2.85692885882e-06, 1.59231035468e-06], "dmean2": [0.00701653305441, 0.00812991056591, 0.00281316228211, 0.00143657426815, 0.000620298145805, 0.000282454187982, 0.000233082435443, 0.000203107731068, 2.95707286568e-05, 5.04471463501e-05, 6.20183491264e-05, 2.11601382034e-05, 3.38208665198e-05, 2.73792047665e-05, 3.0685630918e-05, 1.12771185741e-05, 5.771645192e-06, 2.69839870271e-06, 2.33157174989e-06, 1.01517275652e-06, 6.59861314034e-07, 5.46835281057e-07, 7.99075166924e-07, 8.47792477998e-07, 9.43274869769e-07, 8.33170474834e-07, 9.44605119457e-07, 8.7751988076e-07, 7.77708123678e-07, 1.06435015823e-06, 1.19406195154e-06, 1.17765728191e-06, 1.80509744041e-06, 2.73986802313e-06, 2.35643278756e-06, 3.21060247188e-06, 3.29937915922e-06, 3.88824901165e-06, 4.48132095698e-06, 2.45262708631e-06], "dvar": [0.000317791389534, 0.000350853981217, 2.91260075755e-05, 3.48450316778e-06, 6.84483893565e-07, 2.51236286886e-07, 3.30168688834e-07, 1.88685163494e-07, 4.17750101178e-09, 2.78686105304e-08, 8.7450601427e-08, 4.03849798047e-09, 1.63496007843e-08, 1.11539391057e-08, 2.98956912559e-08, 1.69248537407e-09, 3.16234732844e-10, 5.765782643e-11, 1.89743762369e-10, 1.68979621962e-11, 9.42603026882e-12, 2.40944872561e-12, 1.31634893957e-11, 2.0055877098e-11, 3.4145651584e-11, 1.90113792764e-11, 3.5224066719e-11, 2.99507120494e-11, 1.53188330076e-11, 3.25444705906e-11, 3.37856895238e-11, 1.78413915586e-11, 3.60046575887e-11, 7.75802685982e-11, 1.24184648675e-10, 2.61072413688e-10, 1.51365517342e-10, 2.99153091188e-10, 5.88394166723e-10, 1.05477286627e-10], "dvar2": [0.000572962395381, 0.000958531512879, 8.493608766e-05, 9.94072888716e-06, 1.83664155884e-06, 5.81786309795e-07, 7.56567885674e-07, 3.66585709344e-07, 7.70167130071e-09, 5.46691545367e-08, 1.81903146768e-07, 8.7026981177e-09, 3.23026263516e-08, 2.69811621934e-08, 6.03478795824e-08, 3.86498966165e-09, 6.3945115869e-10, 1.18686185879e-10, 5.39391975529e-10, 4.54403181749e-11, 2.57465160303e-11, 6.35050952796e-12, 3.64713675927e-11, 5.64809726766e-11, 9.85529713393e-11, 5.371604897e-11, 1.01672718855e-10, 8.67156693674e-11, 4.31052658845e-11, 9.03090657811e-11, 8.99105859209e-11, 3.8698023952e-11, 9.34308949652e-11, 2.0500887099e-10, 2.74405026479e-10, 6.04241046087e-10, 3.39372807634e-10, 7.36071037455e-10, 1.44937883917e-09, 2.40898440085e-10], "max": [0.245697394013, 0.215533271432, 0.0694368034601, 0.0310019459575, 0.0208773817867, 0.0133694810793, 0.0236473232508, 0.0107969203964, 0.00309680891223, 0.00460625067353, 0.0103122461587, 0.00235271709971, 0.00529387872666, 0.00283305766061, 0.0101419519633, 0.00148453447036, 0.000654148054309, 0.000218622866669, 0.000407926359912, 0.000102429759863, 8.35297614685e-05, 3.71580208594e-05, 8.54775789776e-05, 0.000110386143206, 0.000140350573929, 0.000109228647489, 0.000142908116686, 0.000130788728711, 0.000108460910269, 0.000188621677808, 0.000129185020342, 0.000192216044525, 0.000151372645632, 0.000182348070666, 0.000602857384365, 0.000787422584835, 0.000456879701233, 0.000629917311016, 0.00087081186939, 0.000354798045009], "mean": [0.0105328988284, 0.00559049053118, 0.00167274090927, 0.00131263176445, 0.000645215332042, 0.00028267284506, 0.000279925530776, 0.000244808528805, 3.19649661833e-05, 5.29978387931e-05, 6.76939816913e-05, 1.82063395187e-05, 3.30794500769e-05, 2.22759554163e-05, 2.53726957453e-05, 9.66853349382e-06, 5.60821399631e-06, 2.55681516137e-06, 1.37053928029e-06, 6.64399237849e-07, 4.21091272074e-07, 4.26983859825e-07, 5.45813350072e-07, 5.52628250716e-07, 5.31508362656e-07, 5.02191880969e-07, 4.85443422349e-07, 4.43500567826e-07, 4.45445749619e-07, 6.08857135376e-07, 7.69563087033e-07, 9.14591566925e-07, 1.24681537272e-06, 1.90461366856e-06, 2.05163632927e-06, 2.60653041551e-06, 2.54705219049e-06, 2.77837375506e-06, 2.86650947601e-06, 1.76757339432e-06], "median": [0.000427181774285, 0.00123435375281, 0.000834659789689, 0.000372196838725, 0.000245972216362, 6.2557264755e-05, 4.06251274399e-05, 2.28132175835e-05, 2.41382713284e-06, 1.19378285035e-06, 1.25001110973e-06, 1.07427911189e-06, 1.48512606302e-06, 8.503124036e-07, 5.17074113304e-07, 3.96443056161e-07, 3.08354884737e-07, 1.74627203364e-07, 1.12305265532e-07, 7.31078202421e-08, 4.85196949285e-08, 5.72807721255e-08, 6.99388778003e-08, 6.07785040074e-08, 4.09052525185e-08, 5.56503962912e-08, 4.11366016806e-08, 2.38644801698e-08, 1.89802413786e-08, 2.03749443983e-08, 1.528350424e-08, 2.24786855796e-08, 6.29323650969e-08, 1.07912391911e-07, 1.2578037456e-07, 2.03247608965e-07, 2.16638454731e-07, 1.5211213622e-07, 1.19789334008e-07, 1.1538329403e-07], "min": [1.02786347418e-24, 4.78583175751e-25, 2.05679062869e-25, 5.79883023262e-25, 1.16411878378e-24, 1.11798540919e-24, 1.42031743579e-24, 1.31821970478e-24, 1.47600371874e-24, 2.21271224066e-24, 1.45473543709e-24, 1.27894143284e-24, 1.02552006426e-24, 2.57781106987e-24, 2.52556106503e-24, 2.40353552426e-24, 2.46506016677e-24, 3.01123156437e-24, 2.83625314369e-24, 3.47162656588e-24, 2.94854335203e-24, 2.97749612497e-24, 3.34423854589e-24, 3.48595937966e-24, 3.79837038624e-24, 3.47020188308e-24, 3.79324397364e-24, 3.69915574462e-24, 4.8815048081e-24, 4.43396192846e-24, 5.56441617172e-24, 3.79830017761e-24, 4.36431694901e-24, 5.64313305158e-24, 4.75112897743e-24, 4.40038209188e-24, 5.7021477359e-24, 5.58550952346e-24, 5.03142111782e-24, 4.94062007218e-24], "var": [0.000726375204977, 0.000282796128886, 1.70818202605e-05, 5.64727270103e-06, 1.22364644994e-06, 4.55635188246e-07, 5.86995156482e-07, 4.99207828852e-07, 1.04661168621e-08, 5.17827594138e-08, 1.77994934347e-07, 5.83766812667e-09, 3.15257793204e-08, 1.34734392532e-08, 4.27973816386e-08, 2.52387066801e-09, 6.26668494874e-10, 1.12623438353e-10, 1.16843409947e-10, 1.25723875755e-11, 6.71448270248e-12, 2.58834208407e-12, 1.00523192201e-11, 1.48674787759e-11, 2.06086224475e-11, 1.30049894465e-11, 2.09960035469e-11, 1.78337969392e-11, 1.07314955533e-11, 2.37710580386e-11, 3.09099759677e-11, 3.01970254357e-11, 3.74872771713e-11, 7.10930619929e-11, 2.02114963654e-10, 3.4626237988e-10, 1.8753441855e-10, 3.37735395206e-10, 5.62504431922e-10, 1.18243040359e-10]}, "mfcc": {"mean": [-804.20526123, 135.442855835, 86.441444397, 16.2908973694, 26.1999721527, 12.3778505325, 5.87900829315, 5.58561658859, -14.404384613, -0.28667396307, -1.231559515, 0.791877806187, 1.72044503689], "cov": [[15596.0869141, 2175.56469727, 1110.74584961, -1027.44848633, -344.628936768, -266.251373291, -184.855117798, 35.1293144226, -608.565063477, 135.94241333, 67.7842407227, -18.034784317, -5.32698106766], [2175.56469727, 3519.02319336, 330.232086182, -539.880737305, 39.5900993347, -120.713531494, 115.192237854, 8.61702823639, -302.547637939, 33.5666809082, -0.969592094421, -0.00654756790027, 4.64181423187], [1110.74584961, 330.232086182, 1333.44421387, 194.190414429, 141.629089355, 25.3859729767, -64.4106826782, -26.3417701721, -130.25541687, -85.6319961548, -103.135932922, 66.0259094238, 107.438613892], [-1027.44848633, -539.880737305, 194.190414429, 1014.47338867, 347.864654541, 201.108093262, -77.7786941528, 3.73600196838, 163.060623169, -67.1179885864, -37.5092849731, 14.793712616, 46.1354141235], [-344.628936768, 39.5900993347, 141.629089355, 347.864654541, 496.328613281, 94.9703598022, -70.965713501, 14.2866477966, 55.111289978, 40.466583252, -37.6983299255, 9.99063205719, 28.1826915741], [-266.251373291, -120.713531494, 25.3859729767, 201.108093262, 94.9703598022, 316.792388916, 91.3209075928, 36.6326522827, 94.4972763062, 4.5460896492, 48.9613456726, -13.2636556625, -30.6662979126], [-184.855117798, 115.192237854, -64.4106826782, -77.7786941528, -70.965713501, 91.3209075928, 358.02532959, 45.4995689392, 44.5728721619, 36.6125907898, 56.5617103577, -0.499312996864, -39.8602561951], [35.1293144226, 8.61702823639, -26.3417701721, 3.73600196838, 14.2866477966, 36.6326522827, 45.4995689392, 193.543884277, 39.9720115662, 16.6291427612, 35.0848579407, 0.842530965805, 13.2913503647], [-608.565063477, -302.547637939, -130.25541687, 163.060623169, 55.111289978, 94.4972763062, 44.5728721619, 39.9720115662, 247.801635742, 35.2767829895, 38.4149780273, 3.7216129303, -16.5462398529], [135.94241333, 33.5666809082, -85.6319961548, -67.1179885864, 40.466583252, 4.5460896492, 36.6125907898, 16.6291427612, 35.2767829895, 197.74105835, 35.1838302612, 21.4757709503, 2.82216644287], [67.7842407227, -0.969592094421, -103.135932922, -37.5092849731, -37.6983299255, 48.9613456726, 56.5617103577, 35.0848579407, 38.4149780273, 35.1838302612, 160.335754395, 9.10852050781, -26.7379970551], [-18.034784317, -0.00654756790027, 66.0259094238, 14.793712616, 9.99063205719, -13.2636556625, -0.499312996864, 0.842530965805, 3.7216129303, 21.4757709503, 9.10852050781, 114.16872406, 39.5520935059], [-5.32698106766, 4.64181423187, 107.438613892, 46.1354141235, 28.1826915741, -30.6662979126, -39.8602561951, 13.2913503647, -16.5462398529, 2.82216644287, -26.7379970551, 39.5520935059, 148.034790039]], "icov": [[8.50801006891e-05, -3.12362972181e-05, -8.07236283435e-05, 4.24225763709e-05, 5.63517278351e-05, -9.3631188065e-06, 8.37275147205e-05, -5.17010630574e-05, 0.000115054099297, -0.000109457505459, -7.86276432336e-05, 5.5168158724e-05, 4.99303205288e-05], [-3.12362972181e-05, 0.000374241586542, -5.06095930177e-05, 0.000188722246094, -0.000248646858381, 5.16549080203e-05, -0.000198757188627, -2.20801812247e-05, 0.000306308735162, 4.23224955739e-05, -5.75293561269e-05, 1.70480670931e-05, -9.95734808384e-06], [-8.07236283435e-05, -5.06095930177e-05, 0.00104885734618, -0.000192241903278, -0.000188015546883, -0.000245547271334, -8.32847435959e-05, 7.35491121304e-05, 0.000400346558308, 0.000419774587499, 0.000473601714475, -0.000573995523155, -0.000471084087621], [4.24225763709e-05, 0.000188722246094, -0.000192241903278, 0.00186370650772, -0.00102933694143, -0.000690955435857, 0.000233811020735, 0.00016668002354, -0.000719544768799, 0.000787995464634, 8.51709555718e-05, -0.000108394611743, -0.000395981041947], [5.63517278351e-05, -0.000248646858381, -0.000188015546883, -0.00102933694143, 0.00323013635352, -0.00056982669048, 0.000720982032362, -0.000302957341773, -8.43114103191e-05, -0.00129685096908, 0.000670764828101, 7.5904026744e-05, 7.159019151e-05], [-9.3631188065e-06, 5.16549080203e-05, -0.000245547271334, -0.000690955435857, -0.00056982669048, 0.0046860370785, -0.00113646651153, -0.000275719794445, -0.000852112367284, 0.00017796047905, -0.00117495923769, 0.000666733714752, 0.000700567441527], [8.37275147205e-05, -0.000198757188627, -8.32847435959e-05, 0.000233811020735, 0.000720982032362, -0.00113646651153, 0.00367235159501, -0.000579018611461, -0.000343493709806, -0.000594365992583, -0.000358092220267, -0.000210168960621, 0.000629364512861], [-5.17010630574e-05, -2.20801812247e-05, 7.35491121304e-05, 0.00016668002354, -0.000302957341773, -0.000275719794445, -0.000579018611461, 0.00581279350445, -0.00083200330846, 0.000115540686238, -0.00098550086841, 0.000360270903911, -0.00115320214536], [0.000115054099297, 0.000306308735162, 0.000400346558308, -0.000719544768799, -8.43114103191e-05, -0.000852112367284, -0.000343493709806, -0.00083200330846, 0.00618307944387, -0.00100162357558, -0.000583292916417, -0.000326856446918, 0.000442137999926], [-0.000109457505459, 4.23224955739e-05, 0.000419774587499, 0.000787995464634, -0.00129685096908, 0.00017796047905, -0.000594365992583, 0.000115540686238, -0.00100162357558, 0.00640050042421, -0.000860326690599, -0.00115276302677, -0.000523530761711], [-7.86276432336e-05, -5.75293561269e-05, 0.000473601714475, 8.51709555718e-05, 0.000670764828101, -0.00117495923769, -0.000358092220267, -0.00098550086841, -0.000583292916417, -0.000860326690599, 0.00802050717175, -0.00129034288693, 0.000994291971438], [5.5168158724e-05, 1.70480670931e-05, -0.000573995523155, -0.000108394611743, 7.5904026744e-05, 0.000666733714752, -0.000210168960621, 0.000360270903911, -0.000326856446918, -0.00115276302677, -0.00129034288693, 0.0103903245181, -0.00253716809675], [4.99303205288e-05, -9.95734808384e-06, -0.000471084087621, -0.000395981041947, 7.159019151e-05, 0.000700567441527, 0.000629364512861, -0.00115320214536, 0.000442137999926, -0.000523530761711, 0.000994291971438, -0.00253716809675, 0.00854395702481]]}, "spectral_contrast_coeffs": {"dmean": [0.0432640388608, 0.0479925833642, 0.0375245735049, 0.0326798856258, 0.0229420028627, 0.0183480232954], "dmean2": [0.0719033256173, 0.0756874904037, 0.0579734817147, 0.0508657097816, 0.0358058474958, 0.0274852905422], "dvar": [0.00149992015213, 0.00207494944334, 0.00123503897339, 0.000963430502452, 0.000553208054043, 0.000372826121747], "dvar2": [0.00405402015895, 0.00462849950418, 0.00271114427596, 0.00223182165064, 0.00122617988382, 0.000821208755951], "max": [-0.291832178831, -0.312432229519, -0.456864118576, -0.478558897972, -0.599138379097, -0.554571926594], "mean": [-0.630129516125, -0.663280963898, -0.808000504971, -0.814451634884, -0.833308458328, -0.838314175606], "median": [-0.625469923019, -0.654396176338, -0.824490845203, -0.823909282684, -0.833466053009, -0.835243403912], "min": [-0.981302917004, -0.992984473705, -0.978191375732, -0.970862627029, -0.967947244644, -0.967218160629], "var": [0.011361612007, 0.0166077241302, 0.00836910866201, 0.00601835595444, 0.00271643116139, 0.00200446136296]}, "spectral_contrast_valleys": {"dmean": [0.34985512495, 0.474219679832, 0.44623067975, 0.417164117098, 0.388950318098, 0.421884864569], "dmean2": [0.569592893124, 0.758189082146, 0.702250301838, 0.637523055077, 0.548586785793, 0.543023228645], "dvar": [0.202163159847, 0.298059761524, 0.295988708735, 0.293998211622, 0.252666413784, 0.292308658361