{"lowlevel": {"average_loudness": 0.904671549797, "barkbands_crest": {"dmean": 2.23350262642, "dmean2": 3.65499281883, "dvar": 4.64140367508, "dvar2": 12.5023527145, "max": 23.3062229156, "mean": 9.64005565643, "median": 9.00216770172, "min": 3.01056671143, "var": 11.8747730255}, "barkbands_flatness_db": {"dmean": 0.0169267319143, "dmean2": 0.0254005175084, "dvar": 0.000268758274615, "dvar2": 0.000602099229582, "max": 0.562752425671, "mean": 0.136297166348, "median": 0.125999525189, "min": 0.0339107885957, "var": 0.003715187544}, "barkbands_kurtosis": {"dmean": 2.34976053238, "dmean2": 3.64593863487, "dvar": 17.8971099854, "dvar2": 39.0691757202, "max": 309.965057373, "mean": 5.74930286407, "median": 3.29633069038, "min": -1.92357289791, "var": 133.611831665}, "barkbands_skewness": {"dmean": 0.397992163897, "dmean2": 0.611576199532, "dvar": 0.178537964821, "dvar2": 0.410019725561, "max": 13.7094221115, "mean": 1.82390928268, "median": 1.72933423519, "min": -4.69753026962, "var": 1.15784645081}, "barkbands_spread": {"dmean": 4.39519500732, "dmean2": 6.64208889008, "dvar": 40.7118911743, "dvar2": 74.1731109619, "max": 117.024284363, "mean": 19.5240325928, "median": 17.1246700287, "min": 0.413085311651, "var": 182.608154297}, "dissonance": {"dmean": 0.0178333483636, "dmean2": 0.0296599976718, "dvar": 0.000243667935138, "dvar2": 0.00066422089003, "max": 0.500000059605, "mean": 0.460623562336, "median": 0.465452432632, "min": 0.291253775358, "var": 0.000626077526249}, "dynamic_complexity": 2.88597822189, "erbbands_crest": {"dmean": 2.42082929611, "dmean2": 3.91310667992, "dvar": 6.12067127228, "dvar2": 15.2171487808, "max": 27.1896038055, "mean": 8.51394081116, "median": 7.11289405823, "min": 2.45863604546, "var": 21.0959339142}, "erbbands_flatness_db": {"dmean": 0.0145980603993, "dmean2": 0.0208063535392, "dvar": 0.000203297953703, "dvar2": 0.000390879285987, "max": 0.389023661613, "mean": 0.142013058066, "median": 0.136339008808, "min": 0.0480279102921, "var": 0.00177099148277}, "erbbands_kurtosis": {"dmean": 0.759305894375, "dmean2": 1.17183744907, "dvar": 1.43348300457, "dvar2": 2.84258532524, "max": 118.597084045, "mean": 0.551640748978, "median": -0.187857270241, "min": -1.78809964657, "var": 16.7906112671}, "erbbands_skewness": {"dmean": 0.303121805191, "dmean2": 0.463554769754, "dvar": 0.0852651298046, "dvar2": 0.186274528503, "max": 8.50516414642, "mean": 0.58702892065, "median": 0.507163405418, "min": -3.33785963058, "var": 0.569123864174}, "erbbands_spread": {"dmean": 7.57492733002, "dmean2": 11.192486763, "dvar": 76.1378250122, "dvar2": 155.277420044, "max": 158.158233643, "mean": 42.8262367249, "median": 39.7782897949, "min": 2.52842283249, "var": 374.781738281}, "hfc": {"dmean": 4.51121902466, "dmean2": 6.2708864212, "dvar": 42.8886947632, "dvar2": 79.4946899414, "max": 151.367507935, "mean": 19.8259792328, "median": 16.3048534393, "min": 1.06194691119e-16, "var": 263.266113281}, "melbands_crest": {"dmean": 2.70071458817, "dmean2": 4.36182975769, "dvar": 6.53104305267, "dvar2": 17.4084281921, "max": 30.0555591583, "mean": 13.638343811, "median": 12.7831420898, "min": 1.63148212433, "var": 23.8169116974}, "melbands_flatness_db": {"dmean": 0.0195021126419, "dmean2": 0.0296212825924, "dvar": 0.000405876722652, "dvar2": 0.000938257959206, "max": 0.751207172871, "mean": 0.208434924483, "median": 0.198293313384, "min": 0.00340504106134, "var": 0.00662338361144}, "melbands_kurtosis": {"dmean": 5.64744281769, "dmean2": 8.77938652039, "dvar": 85.2881546021, "dvar2": 195.416641235, "max": 497.309783936, "mean": 15.2697896957, "median": 10.6217823029, "min": -1.584649086, "var": 370.702911377}, "melbands_skewness": {"dmean": 0.580536842346, "dmean2": 0.887860774994, "dvar": 0.382607132196, "dvar2": 0.890289187431, "max": 17.2912540436, "mean": 2.84093165398, "median": 2.70536804199, "min": -0.336298465729, "var": 1.97224903107}, "melbands_spread": {"dmean": 4.48109769821, "dmean2": 6.86231184006, "dvar": 55.5587081909, "dvar2": 114.976119995, "max": 206.698898315, "mean": 19.1217918396, "median": 15.6786003113, "min": 0.439372837543, "var": 339.710327148}, "pitch_salience": {"dmean": 0.0621364749968, "dmean2": 0.10181581974, "dvar": 0.00311202928424, "dvar2": 0.00826649926603, "max": 0.868287265301, "mean": 0.556792974472, "median": 0.563093900681, "min": 0.178181931376, "var": 0.00998026970774}, "silence_rate_20dB": {"dmean": 0, "dmean2": 0, "dvar": 0, "dvar2": 0, "max": 1, "mean": 1, "median": 1, "min": 1, "var": 0}, "silence_rate_30dB": {"dmean": 0.00044321329915, "dmean2": 0.000886524794623, "dvar": 0.000443046534201, "dvar2": 0.00110737362411, "max": 1, "mean": 0.999667644501, "median": 1, "min": 0, "var": 0.000332242110744}, "silence_rate_60dB": {"dmean": 0.00221606646664, "dmean2": 0.00443262420595, "dvar": 0.00221107015386, "dvar2": 0.00485604768619, "max": 1, "mean": 0.0306891202927, "median": 0, "min": 0, "var": 0.0297459866852}, "spectral_centroid": {"dmean": 189.585784912, "dmean2": 295.55581665, "dvar": 58240.8554688, "dvar2": 119367.0625, "max": 11751.5644531, "mean": 1168.67028809, "median": 1018.90930176, "min": 121.277763367, "var": 1322602}, "spectral_complexity": {"dmean": 2.6349029541, "dmean2": 4.11990261078, "dvar": 7.35840368271, "dvar2": 15.5367269516, "max": 49, "mean": 19.4557952881, "median": 19, "min": 0, "var": 73.9859390259}, "spectral_decrease": {"dmean": 1.80372561331e-09, "dmean2": 2.78495915218e-09, "dvar": 5.42712538152e-18, "dvar2": 1.27747978821e-17, "max": 3.70174917881e-16, "mean": -7.53856355118e-09, "median": -6.71832633969e-09, "min": -3.7034006084e-08, "var": 2.20385614797e-17}, "spectral_energy": {"dmean": 0.0070832753554, "dmean2": 0.0108778038993, "dvar": 8.24469243526e-05, "dvar2": 0.000192409133888, "max": 0.145755305886, "mean": 0.03025046736, "median": 0.0269533880055, "min": 1.00173963249e-20, "var": 0.000350739050191}, "spectral_energyband_high": {"dmean": 0.000311098934617, "dmean2": 0.000426807702752, "dvar": 4.33259970123e-07, "dvar2": 7.65656125168e-07, "max": 0.0166403912008, "mean": 0.000811295234598, "median": 0.000383069214877, "min": 7.04919925285e-21, "var": 1.65784706496e-06}, "spectral_energyband_low": {"dmean": 0.00325105921365, "dmean2": 0.00527052488178, "dvar": 3.12483098242e-05, "dvar2": 7.98234104877e-05, "max": 0.0787415280938, "mean": 0.010035507381, "median": 0.00768919847906, "min": 1.10743417764e-23, "var": 8.37092593429e-05}, "spectral_energyband_middle_high": {"dmean": 0.00121142552234, "dmean2": 0.00181262393016, "dvar": 3.97426993004e-06, "dvar2": 9.40939389693e-06, "max": 0.0496836900711, "mean": 0.00463860714808, "median": 0.00312480004504, "min": 1.08571686216e-21, "var": 2.50501616392e-05}, "spectral_energyband_middle_low": {"dmean": 0.00537679018453, "dmean2": 0.00840731989592, "dvar": 5.65534610359e-05, "dvar2": 0.000135445850901, "max": 0.135125815868, "mean": 0.0157483983785, "median": 0.0124266622588, "min": 1.46018582697e-22, "var": 0.000160119321663}, "spectral_entropy": {"dmean": 0.147154182196, "dmean2": 0.210216969252, "dvar": 0.0250455196947, "dvar2": 0.0484308972955, "max": 9.82278347015, "mean": 7.49995660782, "median": 7.51965093613, "min": 4.20262241364, "var": 0.31425049901}, "spectral_flux": {"dmean": 0.0194771606475, "dmean2": 0.0303581692278, "dvar": 0.00044306498603, "dvar2": 0.000981994671747, "max": 0.317811727524, "mean": 0.0756376460195, "median": 0.0713875666261, "min": 6.39380770551e-11, "var": 0.00156026380137}, "spectral_kurtosis": {"dmean": 1.62155330181, "dmean2": 2.66838288307, "dvar": 14.5881910324, "dvar2": 40.8613471985, "max": 197.480606079, "mean": 5.73835897446, "median": 3.62242937088, "min": -1.28044748306, "var": 221.444229126}, "spectral_rms": {"dmean": 0.000602633459494, "dmean2": 0.000910214905161, "dvar": 4.43811785544e-07, "dvar2": 9.91741217149e-07, "max": 0.0119247762486, "mean": 0.00513007957488, "median": 0.00512796174735, "min": 3.12619092939e-12, "var": 3.19494256473e-06}, "spectral_rolloff": {"dmean": 339.712860107, "dmean2": 568.913757324, "dvar": 722558.5, "dvar2": 1437649.75, "max": 19659.8144531, "mean": 1287.80871582, "median": 753.662109375, "min": 86.1328125, "var": 5586918.5}, "spectral_skewness": {"dmean": 0.204558059573, "dmean2": 0.325258076191, "dvar": 0.0700821727514, "dvar2": 0.174236491323, "max": 11.4702587128, "mean": 1.6641753912, "median": 1.55223369598, "min": -0.0926588997245, "var": 0.989628911018}, "spectral_spread": {"dmean": 543958.9375, "dmean2": 739389.8125, "dvar": 650020323328, "dvar2": 1104823975940.0, "max": 43058072, "mean": 5223458, "median": 4580690.5, "min": 541551.25, "var": 16777318760400.0}, "spectral_strongpeak": {"dmean": 0.44380107522, "dmean2": 0.745413780212, "dvar": 0.471108019352, "dvar2": 1.16443812847, "max": 8.07654666901, "mean": 0.875859439373, "median": 0.46624559164, "min": 0, "var": 1.09910643101}, "zerocrossingrate": {"dmean": 0.00848045758903, "dmean2": 0.00996214989573, "dvar": 0.000150877589476, "dvar2": 0.000143871322507, "max": 0.66552734375, "mean": 0.0568392165005, "median": 0.04541015625, "min": 0.00390625, "var": 0.00358070782386}, "barkbands": {"dmean": [3.62561186193e-05, 0.00204876903445, 0.00166795460973, 0.00139444449451, 0.00287676346488, 0.000939451623708, 0.0011188024655, 0.0011118176626, 0.00135851255618, 0.000594227691181, 0.000362114573363, 0.000233672893955, 0.000221661495743, 0.000278534891549, 0.000190748731256, 0.00014141817519, 7.09994128556e-05, 9.64720675256e-05, 0.000117729126941, 0.000114165050036, 5.4303160141e-05, 5.26377771166e-05, 7.84229996498e-05, 0.000107605199446, 3.59473378921e-05, 1.47715700223e-05, 2.49297067967e-06], "dmean2": [5.7114095398e-05, 0.00345741235651, 0.00268663582392, 0.00228479527868, 0.00468421727419, 0.00145974685438, 0.00174018845428, 0.00173740193713, 0.00208282028325, 0.000932272756472, 0.000555683975108, 0.000371651636669, 0.00034858242725, 0.000451663392596, 0.000311355368467, 0.000228079472436, 0.000112747191451, 0.000155683854246, 0.000183989337529, 0.000185195211088, 8.73230019351e-05, 8.15545281512e-05, 0.000111433102575, 0.00015072755923, 4.87050274387e-05, 1.94730309886e-05, 3.59994123755e-06], "dvar": [5.95854698915e-09, 1.8996435756e-05, 8.03408693173e-06, 5.69128542338e-06, 2.5813225875e-05, 2.07023435905e-06, 5.55073984287e-06, 9.19990634429e-06, 1.20905597214e-05, 2.31158787756e-06, 7.42528243336e-07, 3.22167807099e-07, 2.92205015739e-07, 3.91373987441e-07, 1.18534117632e-07, 6.0415807468e-08, 1.77006125313e-08, 2.81926268997e-08, 3.61915617475e-08, 3.51982016866e-08, 7.81309505982e-09, 9.81227632479e-09, 3.72095030343e-08, 1.44775256672e-07, 1.81711392599e-08, 1.26641119813e-09, 9.42676076088e-11], "dvar2": [1.3413627542e-08, 5.02161783515e-05, 2.0209548893e-05, 1.51201738845e-05, 6.64734689053e-05, 4.8772608352e-06, 1.27998910102e-05, 2.25287640205e-05, 2.81027932942e-05, 5.97714188189e-06, 1.76139599262e-06, 7.93261222043e-07, 6.52393964629e-07, 9.94358742901e-07, 3.02982186895e-07, 1.44648623746e-07, 4.24436521484e-08, 7.26064044443e-08, 8.00970667569e-08, 8.91194602559e-08, 1.92756015593e-08, 2.23310436809e-08, 7.03033435911e-08, 2.96865977134e-07, 3.88729901601e-08, 2.34405184152e-09, 2.16057394198e-10], "max": [0.000897986756172, 0.060460165143, 0.04750328511, 0.0335845351219, 0.0998673066497, 0.033921610564, 0.0491459183395, 0.059667237103, 0.0658187642694, 0.0459642745554, 0.0263664610684, 0.0194965861738, 0.0182812418789, 0.0198896359652, 0.00597411813214, 0.00608073547482, 0.00430416036397, 0.00388810178265, 0.00527204852551, 0.00358872278593, 0.00164698937442, 0.00250289542601, 0.00450950674713, 0.00972655043006, 0.00717497104779, 0.00105138693471, 0.000275586615317], "mean": [4.31554217357e-05, 0.00450556818396, 0.00459556980059, 0.00245892792009, 0.00482624862343, 0.00201495573856, 0.0020064280834, 0.00176391308196, 0.00253245281056, 0.00118162797298, 0.000646413245704, 0.000427229271736, 0.000408323627198, 0.000511619029567, 0.000366022548405, 0.000321747822454, 0.000155119691044, 0.000232537509874, 0.000313262804411, 0.000249506818363, 0.000105780556623, 0.000119765776617, 0.000165874385857, 0.000206909695407, 6.47572378512e-05, 2.36682390096e-05, 3.13693158205e-06], "median": [1.58452075993e-05, 0.00309153296985, 0.00241734646261, 0.0014499060344, 0.0029242974706, 0.00122195796575, 0.000828945951071, 0.00038418720942, 0.000708156498149, 0.000294367026072, 0.000257788749877, 0.00021697988268, 0.000212424201891, 0.000260209839325, 0.000192100967979, 0.000158226961503, 7.99539047875e-05, 8.56583792483e-05, 0.000160710857017, 0.000131759414217, 5.42910784134e-05, 5.53092322662e-05, 6.48092973279e-05, 6.36740151094e-05, 1.82142211997e-05, 5.45171587873e-06, 4.50282840347e-07], "min": [1.83104969901e-25, 1.32010754754e-24, 7.84495348972e-25, 1.06577346688e-24, 5.41190490405e-24, 8.24152648854e-24, 8.31765472134e-24, 2.62590890534e-24, 2.15005932984e-23, 2.13692306028e-23, 1.33819587171e-23, 2.73302532999e-23, 2.46724105162e-23, 3.96261051673e-23, 3.00003360493e-23, 5.42974223241e-23, 6.78748544627e-23, 7.15437076933e-23, 1.34090841727e-22, 1.52980703015e-22, 2.13059339814e-22, 2.92230152325e-22, 3.7148648998e-22, 5.83784484358e-22, 8.64167359525e-22, 1.38007168828e-21, 1.95282741755e-21], "var": [7.10532566117e-09, 2.52226909652e-05, 3.82076977985e-05, 9.4031847766e-06, 3.58021570719e-05, 7.42135262044e-06, 1.25836359075e-05, 1.90112823475e-05, 3.2593128708e-05, 7.47956346459e-06, 1.82759868039e-06, 5.73102738599e-07, 6.81812707626e-07, 7.42607767279e-07, 2.40877113811e-07, 2.08552378922e-07, 4.77144794786e-08, 1.21957668853e-07, 1.65389948847e-07, 1.01674160646e-07, 1.90749762652e-08, 2.65709108049e-08, 1.0801836936e-07, 3.57371504833e-07, 3.82993938786e-08, 3.24310334143e-09, 1.19773108098e-10]}, "erbbands": {"dmean": [0.0442815870047, 0.527022480965, 1.78249192238, 2.63613367081, 9.24087047577, 9.35849285126, 7.6518497467, 7.7326669693, 10.7689886093, 24.0493927002, 25.5056648254, 29.8762817383, 15.8208169937, 17.2167892456, 11.6625537872, 8.30591869354, 9.21940994263, 11.3107767105, 11.9327087402, 8.71614742279, 7.09215021133, 3.8890144825, 4.08615541458, 6.47583866119, 5.12142181396, 5.06449127197, 3.55674886703, 1.4376333952, 1.82856714725, 2.08553624153, 2.37555265427, 2.6147403717, 1.47253894806, 0.510753214359, 0.224408939481, 0.0819071084261, 0.0247612129897, 0.00352643453516, 0.00035448896233, 3.98895790568e-05], "dmean2": [0.0737524107099, 0.894790291786, 2.89271783829, 4.24824237823, 15.1260910034, 15.2136144638, 12.312748909, 11.7198610306, 16.4674186707, 37.3499679565, 39.3702278137, 45.520362854, 24.064994812, 27.1136665344, 17.8642024994, 12.9417324066, 14.219991684, 17.8200016022, 19.4445400238, 14.0512428284, 11.4319477081, 6.19927692413, 6.53955698013, 10.185043335, 7.92332267761, 8.19022655487, 5.78915548325, 2.31068444252, 2.84104275703, 3.12152600288, 3.37356567383, 3.67326450348, 2.06442403793, 0.705584406853, 0.308763712645, 0.108435444534, 0.03345676139, 0.00468906760216, 0.000499796762597, 5.98434671701e-05], "dvar": [0.0115096187219, 1.18533682823, 9.7367181778, 14.6006736755, 421.685150146, 193.563049316, 140.752090454, 199.155548096, 596.746154785, 2948.10546875, 4535.43701172, 6718.44189453, 1059.1060791, 2166.38500977, 714.158996582, 362.553863525, 461.988464355, 650.851257324, 625.015075684, 270.084289551, 131.886581421, 57.7989387512, 53.4221725464, 109.389144897, 76.0320129395, 67.682258606, 31.1129875183, 6.68555116653, 13.9484500885, 17.0423851013, 35.9152679443, 62.1015357971, 40.9978103638, 4.10349941254, 0.667144715786, 0.0365686863661, 0.00408559292555, 9.43536288105e-05, 1.53367352596e-06, 2.70737281483e-08], "dvar2": [0.0297006443143, 3.19062566757, 24.8066501617, 38.0543365479, 1080.85021973, 489.901885986, 350.459381104, 442.827575684, 1291.27819824, 7267.48095703, 10851.9453125, 15410.9169922, 2570.74267578, 5556.51025391, 1674.66027832, 908.810241699, 1021.07324219, 1507.97851562, 1628.16088867, 686.51763916, 323.76776123, 142.147476196, 140.155899048, 255.98260498, 166.956497192, 173.133422852, 78.2841033936, 16.2363853455, 32.2818260193, 34.6766433716, 68.5025024414, 123.660362244, 86.6459732056, 9.02271842957, 1.48460507393, 0.0662649869919, 0.00780197558925, 0.000198197201826, 3.40132714882e-06, 6.50402114388e-08], "max": [1.42404603958, 15.5980710983, 52.8762664795, 59.5662574768, 438.441711426, 221.009796143, 259.629394531, 398.8984375, 758.527709961, 929.142272949, 1365.00842285, 1884.62756348, 1201.78295898, 1296.97216797, 678.524719238, 794.556945801, 755.494995117, 893.922241211, 778.968505859, 360.519042969, 273.137359619, 277.658874512, 189.566162109, 277.062286377, 255.88899231, 159.023666382, 105.310821533, 36.7586135864, 125.025413513, 101.161010742, 139.47694397, 218.526641846, 199.063430786, 82.5965652466, 47.0808601379, 5.68888187408, 2.03254961967, 0.263743638992, 0.0327886417508, 0.0036289030686], "mean": [0.084131270647, 1.2195186615, 5.08815860748, 6.31842803955, 14.1790552139, 15.6919088364, 14.6968603134, 17.6277351379, 21.1150245667, 40.1822624207, 45.0216445923, 56.1194572449, 35.2787628174, 36.1662406921, 23.0877132416, 17.027973175, 19.1802577972, 22.8623466492, 24.2296638489, 18.5515060425, 16.6832542419, 9.58187675476, 10.8227558136, 17.626663208, 13.2934741974, 11.4972925186, 7.47184276581, 2.77730250359, 4.01031112671, 4.82584238052, 4.95078754425, 5.07694911957, 2.69548869133, 0.911764681339, 0.392026901245, 0.135603874922, 0.0381883084774, 0.00532889924943, 0.000494734267704, 7.23221673979e-05], "median": [0.0568532943726, 0.834069430828, 2.79596042633, 4.7379693985, 7.38389062881, 9.57484436035, 9.36542987823, 10.1053657532, 10.7634296417, 13.3807086945, 11.958656311, 16.2422065735, 12.9854736328, 11.3777370453, 10.892580986, 9.96229934692, 11.0656089783, 12.2517337799, 13.2641277313, 8.80484390259, 9.55173110962, 5.17969036102, 4.61675548553, 8.43271541595, 8.04272460938, 6.26786231995, 3.8374979496, 1.28897452354, 1.87261676788, 2.11323595047, 1.93023490906, 1.7007727623, 0.697242796421, 0.236657857895, 0.112544216216, 0.0352068282664, 0.00767344189808, 0.00104836910032, 9.50402027229e-05, 4.10303000535e-05], "min": [7.58444511308e-23, 1.60395844063e-22, 9.59072097454e-22, 9.64937850051e-21, 1.2241164773e-20, 2.13226110816e-20, 2.64582863148e-20, 7.42591184409e-20, 1.06213389847e-19, 2.48141672659e-19, 2.82990714318e-19, 4.72933742686e-19, 4.5329280433e-19, 7.21973681792e-19, 8.41024152188e-19, 1.07010556728e-18, 1.30870746933e-18, 1.3312878457e-18, 1.99810791598e-18, 3.29059540747e-18, 2.68896482088e-18, 4.57578489122e-18, 4.3518501422e-18, 6.22629352262e-18, 6.98696385084e-18, 7.68272862512e-18, 8.5710312675e-18, 9.90645894536e-18, 1.10770932201e-17, 1.11097635455e-17, 1.11812278145e-17, 1.20100991843e-17, 8.92599018477e-18, 7.57181197678e-18, 6.69017516937e-18, 4.3303550268e-18, 2.42834957478e-18, 1.01603566577e-18, 2.59054046095e-19, 2.65358813493e-20], "var": [0.0128263449296, 1.74739742279, 44.8256340027, 33.1702804565, 484.655212402, 344.06829834, 317.246154785, 812.30078125, 1500.70727539, 5607.30224609, 10931.4345703, 18955.4160156, 3511.45263672, 6949.31982422, 1629.25646973, 662.90032959, 1187.62329102, 1485.32556152, 1247.21801758, 738.454284668, 444.979217529, 164.438018799, 237.306869507, 504.31137085, 292.836853027, 214.147125244, 94.8756103516, 13.6365776062, 32.0734901428, 52.0319519043, 102.647003174, 161.218978882, 88.9828491211, 8.66184711456, 1.32830774784, 0.0983095392585, 0.00984926801175, 0.000179081311217, 2.31766466641e-06, 2.84812671225e-08]}, "gfcc": {"mean": [-3.8134264946, 102.2212677, -103.349731445, 32.8757553101, -60.5785980225, 17.1294975281, -37.4366569519, 6.17094612122, -21.5285968781, -1.86677372456, -12.8672437668, -8.14007949829, -13.0250616074], "cov": [[23612.7109375, -21.8000030518, -2581.73413086, 620.58404541, -1629.14404297, 197.047622681, -781.98828125, 447.100921631, -484.281829834, 3.53649759293, -315.247436523, -78.5381317139, -320.933624268], [-21.8000030518, 1241.08190918, -114.423080444, -80.7791976929, 237.88772583, -87.3084259033, 102.812835693, -52.5572280884, 91.1865921021, -57.4251403809, 94.3276596069, -54.7925376892, 32.2396888733], [-2581.73413086, -114.423080444, 780.433532715, -27.7993221283, 230.132888794, 87.0947799683, 47.8736953735, -102.315910339, 33.6070365906, 68.5615234375, 13.6518611908, 56.159412384, 14.8614349365], [620.58404541, -80.7791976929, -27.7993221283, 253.734344482, -77.0947494507, 46.4650764465, -32.1947135925, -6.16967630386, -2.76640200615, 5.92544698715, 15.8990049362, 15.0337553024, 15.9592227936], [-1629.14404297, 237.88772583, 230.132888794, -77.0947494507, 335.916778564, -10.079460144, 101.480987549, -20.0848331451, 35.1160316467, -0.546814918518, 17.8166542053, 20.0001087189, 25.2945690155], [197.047622681, -87.3084259033, 87.0947799683, 46.4650764465, -10.079460144, 169.625457764, 26.6776218414, -9.12044239044, -20.7177810669, 18.0541381836, -5.2125544548, 0.0766181126237, 3.63651490211], [-781.98828125, 102.812835693, 47.8736953735, -32.1947135925, 101.480987549, 26.6776218414, 141.364456177, 15.6173028946, 16.8879852295, -8.87118721008, 14.622209549, -14.9904098511, 11.0440702438], [447.100921631, -52.5572280884, -102.315910339, -6.16967630386, -20.0848331451, -9.12044239044, 15.6173028946, 121.764541626, 24.5909023285, -4.77673959732, -4.4012594223, -7.295129776, -14.0067110062], [-484.281829834, 91.1865921021, 33.6070365906, -2.76640200615, 35.1160316467, -20.7177810669, 16.8879852295, 24.5909023285, 99.086479187, 9.59020137787, 26.119512558, -8.57746696472, 9.63206768036], [3.53649759293, -57.4251403809, 68.5615234375, 5.92544698715, -0.546814918518, 18.0541381836, -8.87118721008, -4.77673959732, 9.59020137787, 83.1192626953, 15.776307106, 17.6143951416, -4.81979513168], [-315.247436523, 94.3276596069, 13.6518611908, 15.8990049362, 17.8166542053, -5.2125544548, 14.622209549, -4.4012594223, 26.119512558, 15.776307106, 88.6182861328, 16.0248718262, 7.75922250748], [-78.5381317139, -54.7925376892, 56.159412384, 15.0337553024, 20.0001087189, 0.0766181126237, -14.9904098511, -7.295129776, -8.57746696472, 17.6143951416, 16.0248718262, 71.9069976807, 18.9624137878], [-320.933624268, 32.2396888733, 14.8614349365, 15.9592227936, 25.2945690155, 3.63651490211, 11.0440702438, -14.0067110062, 9.63206768036, -4.81979513168, 7.75922250748, 18.9624137878, 59.6786079407]], "icov": [[0.000197633664357, -0.000359808531357, 0.000400002318202, -0.000282506778603, 0.000477544730529, -0.000519400462508, 0.000692343863193, -0.000687769497745, 0.000673034286592, -0.000481274182675, 0.000719690113328, -0.000514950603247, 0.00069538038224], [-0.000359808531357, 0.00207838299684, -7.05136699253e-05, 0.000669492175803, -0.00205677119084, 0.00109519739635, -0.00138756225351, 0.00247742352076, -0.00219403859228, 0.00145657733083, -0.00261883460917, 0.00197039241903, -0.00138977984898], [0.000400002318202, -7.05136699253e-05, 0.00342938583344, -0.00039166570059, -0.000957299373113, -0.00222660251893, 0.00136505370028, 0.00107960787136, -0.000429089326644, -0.00184006104246, 0.00156021234579, -0.00212505576201, 0.00237513286993], [-0.000282506778603, 0.000669492175803, -0.00039166570059, 0.00523606408387, 0.000178841146408, -0.000770757324062, -0.000187503741472, 0.00127522903495, -0.00153718690854, 0.00107768399175, -0.00213756924495, 8.79074796103e-05, -0.00229331362061], [0.000477544730529, -0.00205677119084, -0.000957299373113, 0.000178841146408, 0.00761619117111, -0.000232612073887, -0.00163210893515, -0.00236051133834, 0.00162238976918, -0.000812725687865, 0.00283640227281, -0.00348786916584, 0.000815840961877], [-0.000519400462508, 0.00109519739635, -0.00222660251893, -0.000770757324062, -0.000232612073887, 0.00923478137702, -0.00423680385575, 0.00134630280081, 0.00050485500833, -0.000198437963263, -0.00152911513578, 0.00264435331337, -0.00272724661045], [0.000692343863193, -0.00138756225351, 0.00136505370028, -0.000187503741472, -0.00163210893515, -0.00423680385575, 0.0136628588662, -0.00479578971863, 0.00288220797665, -0.000772428174969, 0.000269509095233, 0.00188112352043, 0.000318610662362], [-0.000687769497745, 0.00247742352076, 0.00107960787136, 0.00127522903495, -0.00236051133834, 0.00134630280081, -0.00479578971863, 0.0148123800755, -0.00764514366165, 0.00210161600262, -0.00159192236606, -0.000235494677327, 0.0013210704783], [0.000673034286592, -0.00219403859228, -0.000429089326644, -0.00153718690854, 0.00162238976918, 0.00050485500833, 0.00288220797665, -0.00764514366165, 0.0174373835325, -0.00382553879172, -0.000892575830221, 0.00273080496117, -0.0015985268401], [-0.000481274182675, 0.00145657733083, -0.00184006104246, 0.00107768399175, -0.000812725687865, -0.000198437963263, -0.000772428174969, 0.00210161600262, -0.00382553879172, 0.0162220541388, -0.00432902853936, -0.00159815442748, 0.000785985321272], [0.000719690113328, -0.00261883460917, 0.00156021234579, -0.00213756924495, 0.00283640227281, -0.00152911513578, 0.000269509095233, -0.00159192236606, -0.000892575830221, -0.00432902853936, 0.0179533138871, -0.00686394050717, 0.00357676879503], [-0.000514950603247, 0.00197039241903, -0.00212505576201, 8.79074796103e-05, -0.00348786916584, 0.00264435331337, 0.00188112352043, -0.000235494677327, 0.00273080496117, -0.00159815442748, -0.00686394050717, 0.022507045418, -0.00924304965883], [0.00069538038224, -0.00138977984898, 0.00237513286993, -0.00229331362061, 0.000815840961877, -0.00272724661045, 0.000318610662362, 0.0013210704783, -0.0015985268401, 0.000785985321272, 0.00357676879503, -0.00924304965883, 0.0241334065795]]}, "melbands": {"dmean": [0.000482540141093, 0.000808178388979, 0.000642219092697, 0.000675576098729, 0.000290535361273, 0.000172179847141, 0.00017952673079, 0.000263350113528, 0.000229489538469, 0.000178328889888, 8.37094994495e-05, 7.70160768298e-05, 4.94858177262e-05, 2.23959323193e-05, 2.77374001598e-05, 1.9809067453e-05, 2.28204717132e-05, 2.36583709921e-05, 1.18747584565e-05, 1.06954257717e-05, 8.59139163367e-06, 4.71060184282e-06, 2.78871948467e-06, 5.87487784287e-06, 5.88123975831e-06, 4.45082878286e-06, 4.14502937929e-06, 3.51910807694e-06, 2.92453205475e-06, 1.2439738839e-06, 7.91196271166e-07, 1.15714499316e-06, 1.11121380542e-06, 1.28548981593e-06, 1.38626012358e-06, 1.66556640124e-06, 1.61076718541e-06, 1.16700073249e-06, 7.25891993625e-07, 3.74473813736e-07], "dmean2": [0.00081101746764, 0.00132161774673, 0.00103496375959, 0.00110035797115, 0.000471864826977, 0.000262124231085, 0.000276853446849, 0.000409948028391, 0.000355263386155, 0.000271239230642, 0.000127948806039, 0.000121275203128, 7.58464593673e-05, 3.53174036718e-05, 4.31068583566e-05, 3.12431511702e-05, 3.61408674507e-05, 3.88124462916e-05, 1.9301292923e-05, 1.70327275555e-05, 1.39757257784e-05, 7.62184481573e-06, 4.43867929789e-06, 9.66176776274e-06, 9.29617362999e-06, 6.95841799825e-06, 6.66672849547e-06, 5.7376305449e-06, 4.78785068481e-06, 2.05750961868e-06, 1.27414796225e-06, 1.83895997452e-06, 1.70804605659e-06, 1.93986443264e-06, 2.02794035431e-06, 2.38879420067e-06, 2.27876330428e-06, 1.66112579336e-06, 1.05634660486e-06, 5.28031364411e-07], "dvar": [1.20490074096e-06, 1.99479654839e-06, 1.22807978187e-06, 1.58629586622e-06, 1.86533398505e-07, 8.61000160057e-08, 1.54136273522e-07, 3.6362763467e-07, 3.71537453248e-07, 2.17789093426e-07, 3.07093444007e-08, 4.37243201645e-08, 1.28333512706e-08, 4.40858149986e-09, 3.03280378589e-09, 2.85982171278e-09, 2.52737075712e-09, 2.76491318729e-09, 5.49928269589e-10, 4.37407304821e-10, 1.92310486979e-10, 8.85346240764e-11, 2.5543036436e-11, 1.12554250642e-10, 1.01288422094e-10, 5.95314075813e-11, 5.39478427208e-11, 3.27235391562e-11, 2.17999941016e-11, 4.53239052192e-12, 2.12442693645e-12, 5.82873940086e-12, 4.47521446983e-12, 6.81845769082e-12, 1.21210021187e-11, 2.23795461329e-11, 2.69204172842e-11, 2.36117965458e-11, 1.70878311501e-11, 2.68960960274e-12], "dvar2": [3.14729527418e-06, 5.22490472576e-06, 3.11587064061e-06, 4.06023673349e-06, 4.69148375259e-07, 1.93182486896e-07, 3.41482376598e-07, 9.01238990991e-07, 8.8460723191e-07, 4.9861489515e-07, 7.49476072315e-08, 1.12854529277e-07, 3.03253067102e-08, 1.05303703535e-08, 7.00146429722e-09, 6.39791686297e-09, 6.00137450846e-09, 7.21487136701e-09, 1.37979916381e-09, 1.05508957127e-09, 4.78281414473e-10, 2.24225138457e-10, 6.15514375579e-11, 2.98628510809e-10, 2.37418112947e-10, 1.34904976079e-10, 1.37883413021e-10, 8.48682443766e-11, 5.59421120538e-11, 1.16430927399e-11, 5.02025547869e-12, 1.3991111221e-11, 1.01633736149e-11, 1.42147491694e-11, 2.45320257164e-11, 4.62093835418e-11, 5.56006178598e-11, 4.79827150235e-11, 4.39571330724e-11, 6.03189243345e-12], "max": [0.0147098284215, 0.0225897040218, 0.0201288107783, 0.0257810298353, 0.00831250846386, 0.00798511784524, 0.0114972824231, 0.0118604935706, 0.0117401713505, 0.0103275887668, 0.00657647149637, 0.00550379930064, 0.00305435271002, 0.00254602660425, 0.00152340368368, 0.00226592528634, 0.00151702202857, 0.00183315842878, 0.000495094573125, 0.000605580047704, 0.000408964842791, 0.000372472160961, 0.000128482322907, 0.000245953298872, 0.000278066378087, 0.000247565825703, 0.000164713652339, 0.000100543962617, 7.49269674998e-05, 3.65181804227e-05, 2.22296293941e-05, 8.27200128697e-05, 5.13522063557e-05, 6.96908027749e-05, 7.43842465454e-05, 0.000127692896058, 0.00017649345682, 0.000139811090776, 0.00019160269585, 9.1553934908e-05], "mean": [0.00101776083466, 0.00233491510153, 0.00140453653876, 0.00111889245454, 0.000561356428079, 0.000389805907616, 0.000343943305779, 0.000430997752119, 0.000404066115152, 0.000332562514814, 0.000177197463927, 0.000157407383085, 9.08811125555e-05, 4.17419723817e-05, 5.2090807003e-05, 3.77414107788e-05, 4.31520711572e-05, 4.38118404418e-05, 2.30689547607e-05, 2.32926140598e-05, 1.8275120965e-05, 1.01169962363e-05, 6.45712589176e-06, 1.33233752422e-05, 1.45224448715e-05, 1.10284900074e-05, 8.54432892083e-06, 7.32892203814e-06, 5.67482993574e-06, 2.25123699238e-06, 1.33784919853e-06, 2.2541898943e-06, 2.42993655775e-06, 2.75471938949e-06, 2.7937608138e-06, 3.06639640257e-06, 3.05530261357e-06, 2.06475192499e-06, 1.18357036172e-06, 6.34238631392e-07], "median": [0.000722283788491, 0.00151766254567, 0.00101457640994, 0.000666616484523, 0.000376701471396, 0.000231616082601, 0.000167781152413, 0.000131925480673, 9.15022174013e-05, 9.49805835262e-05, 6.15250464762e-05, 4.54534419987e-05, 3.87489053537e-05, 1.99388232431e-05, 2.99689272651e-05, 1.98497327801e-05, 2.19468347495e-05, 2.25122857955e-05, 1.08955919131e-05, 9.97434653982e-06, 1.04676910269e-05, 5.09786877956e-06, 3.02997887047e-06, 4.86407816425e-06, 6.42587519906e-06, 5.85350016991e-06, 4.55323106507e-06, 3.71418218492e-06, 2.7234279969e-06, 1.06864149529e-06, 5.45794478057e-07, 1.02154172055e-06, 1.13741089081e-06, 1.16456294563e-06, 1.08004883259e-06, 1.07607854716e-06, 9.69273742157e-07, 5.45095076632e-07, 2.47074581239e-07, 1.71232102275e-07], "min": [9.54378812886e-25, 3.48266016614e-25, 1.74080341981e-24, 1.17434528074e-24, 9.84714064566e-25, 1.81233910163e-24, 1.68216521936e-24, 2.23819442005e-24, 2.57424265757e-24, 2.83193649682e-24, 1.95288926582e-24, 2.71669535705e-24, 1.95891497985e-24, 2.86326926311e-24, 2.59047978158e-24, 2.23493011362e-24, 1.63185729146e-24, 2.53231292552e-24, 2.71088007167e-24, 3.09585247646e-24, 2.76200989403e-24, 3.56681683359e-24, 3.18436976977e-24, 3.55862096321e-24, 3.58333913082e-24, 4.69292445326e-24, 3.51187148825e-24, 4.61945389285e-24, 5.17982084244e-24, 5.26478471181e-24, 5.09732058569e-24, 6.11488015594e-24, 4.48940346731e-24, 5.34948431277e-24, 5.49596079452e-24, 6.1772396105e-24, 6.93804428319e-24, 4.99476866801e-24, 5.98946389378e-24, 5.19276447218e-24], "var": [1.41399561926e-06, 7.0471323852e-06, 2.03268518817e-06, 2.12037866731e-06, 4.17637181727e-07, 3.46721918731e-07, 3.64163128097e-07, 6.84975134391e-07, 9.40169627484e-07, 6.08608786479e-07, 9.89757822367e-08, 1.38880722034e-07, 3.0916147864e-08, 7.60696661217e-09, 6.49279163767e-09, 6.75465638977e-09, 5.52522294583e-09, 5.11507902701e-09, 1.21959342625e-09, 1.42191347585e-09, 5.73052882924e-10, 2.11654027638e-10, 8.29066537644e-11, 4.23661383753e-10, 3.9299616339e-10, 2.21251739152e-10, 1.39196598692e-10, 9.13553885318e-11, 5.90853546645e-11, 9.33866178832e-12, 3.78115984703e-12, 1.15441770726e-11, 1.16210253226e-11, 1.9424618164e-11, 3.22710400069e-11, 5.17963137658e-11, 6.6574371016e-11, 5.06594696748e-11, 2.50584154121e-11, 4.61935177609e-12]}, "mfcc": {"mean": [-637.539733887, 127.106872559, 14.7846269608, 18.9897174835, 3.86046075821, 6.4775633812, 0.199087113142, 4.22900676727, -7.48103380203, 12.3803606033, -5.01650571823, -4.07317304611, -1.64580225945], "cov": [[8908.65527344, -111.920783997, -524.389770508, -27.6461868286, -290.022277832, -334.89465332, -90.4717483521, 92.4433135986, -135.121856689, 207.338897705, -85.5717086792, -109.088569641, -124.291496277], [-111.920783997, 1135.65441895, -136.169937134, 78.9064483643, 67.1632995605, 14.8027648926, 27.0046081543, 32.0958518982, -15.8424510956, 28.3893222809, 41.9933395386, 10.3939609528, 28.8867893219], [-524.389770508, -136.169937134, 482.401763916, 11.2889060974, 74.4147567749, 150.818908691, 11.2437725067, -42.5233535767, 4.841152668, -33.0821914673, 5.04175233841, 41.7121276855, 23.8481750488], [-27.6461868286, 78.9064483643, 11.2889060974, 173.828460693, 43.9025878906, 14.3889369965, -2.48638629913, 8.97400665283, 4.63946056366, -15.66710186, -2.62299203873, 23.0572166443, 15.3673248291], [-290.022277832, 67.1632995605, 74.4147567749, 43.9025878906, 137.636352539, 45.7327079773, 3.24934864044, 9.41337966919, 13.3171234131, -18.2613964081, 8.64955425262, 19.294052124, 15.8562755585], [-334.89465332, 14.8027648926, 150.818908691, 14.3889369965, 45.7327079773, 181.645446777, 60.1719665527, -18.7365264893, 16.0293941498, -26.6050739288, -2.47445130348, 13.2523679733, 18.7695980072], [-90.4717483521, 27.0046081543, 11.2437725067, -2.48638629913, 3.24934864044, 60.1719665527, 119.726593018, 31.4416236877, 6.5969209671, 11.8703727722, 7.70205163956, -8.80396652222, -6.8309636116], [92.4433135986, 32.0958518982, -42.5233535767, 8.97400665283, 9.41337966919, -18.7365264893, 31.4416236877, 95.2844924927, 20.254611969, 22.6509571075, 7.36395072937, -9.05513572693, -13.8861093521], [-135.121856689, -15.8424510956, 4.841152668, 4.63946056366, 13.3171234131, 16.0293941498, 6.5969209671, 20.254611969, 84.1918411255, 15.3392696381, 0.480459600687, -10.0344343185, -0.390231996775], [207.338897705, 28.3893222809, -33.0821914673, -15.66710186, -18.2613964081, -26.6050739288, 11.8703727722, 22.6509571075, 15.3392696381, 101.580505371, 20.763759613, -11.4055089951, -10.2209920883], [-85.5717086792, 41.9933395386, 5.04175233841, -2.62299203873, 8.64955425262, -2.47445130348, 7.70205163956, 7.36395072937, 0.480459600687, 20.763759613, 67.422706604, 20.6582889557, 1.64962458611], [-109.088569641, 10.3939609528, 41.7121276855, 23.0572166443, 19.294052124, 13.2523679733, -8.80396652222, -9.05513572693, -10.0344343185, -11.4055089951, 20.6582889557, 69.2321777344, 28.3191738129], [-124.291496277, 28.8867893219, 23.8481750488, 15.3673248291, 15.8562755585, 18.7695980072, -6.8309636116, -13.8861093521, -0.390231996775, -10.2209920883, 1.64962458611, 28.3191738129, 68.345199585]], "icov": [[0.000141183423693, 1.89901693375e-05, 7.91522397776e-05, -7.11660977686e-05, 0.00017117706011, 2.12421637116e-05, 0.000123374746181, -0.000140964635648, 0.000278422405245, -0.000298406725051, 0.000220385147259, 1.76155426743e-05, 0.000119597811135], [1.89901693375e-05, 0.00105596589856, 0.000493409810588, -0.000386948726373, -0.000523117894772, -0.000407282845117, 2.60587221419e-05, -0.000171454375959, 0.000524116388988, -0.000372605834855, -0.000581391039304, 0.000280032341834, -0.000450688268756], [7.91522397776e-05, 0.000493409810588, 0.00338958832435, 0.00012028087076, -0.00106120901182, -0.00274857576005, 0.000874031451531, 0.00048625539057, 0.000470841041533, -0.00044525845442, -9.69111933955e-05, -0.00114429881796, 0.000325383647578], [-7.11660977686e-05, -0.000386948726373, 0.00012028087076, 0.00679068407044, -0.00172006560024, -5.96644022153e-05, 0.000124285244965, -0.000660440477077, -0.000532380887307, 0.000729117833544, 0.00112701172475, -0.00215026619844, -0.000271267665084], [0.00017117706011, -0.000523117894772, -0.00106120901182, -0.00172006560024, 0.0100286500528, -0.00147004285827, 0.00126263580751, -0.00215313117951, -0.000820473302156, 0.0011214890983, -0.000857685925439, -0.000530940538738, -0.000541040906683], [2.12421637116e-05, -0.000407282845117, -0.00274857576005, -5.96644022153e-05, -0.00147004285827, 0.0112963272259, -0.00629818672314, 0.00312774931081, -0.00244308891706, 0.00192031823099, 0.000981645542197, -0.00019710122433, -0.00124077824876], [0.000123374746181, 2.60587221419e-05, 0.000874031451531, 0.000124285244965, 0.00126263580751, -0.00629818672314, 0.013125911355, -0.00510905031115, 0.00182242481969, -0.00153120479081, -0.00129465747159, 0.00156671274453, 0.00075451732846], [-0.000140964635648, -0.000171454375959, 0.00048625539057, -0.000660440477077, -0.00215313117951, 0.00312774931081, -0.00510905031115, 0.0147575754672, -0.00348109356128, -0.00112333113793, -0.00034023434273, -0.00034778873669, 0.00188769563101], [0.000278422405245, 0.000524116388988, 0.000470841041533, -0.000532380887307, -0.000820473302156, -0.00244308891706, 0.00182242481969, -0.00348109356128, 0.0145547874272, -0.00288289017044, 0.000143045719597, 0.00268068886362, -0.000885849061888], [-0.000298406725051, -0.000372605834855, -0.00044525845442, 0.000729117833544, 0.0011214890983, 0.00192031823099, -0.00153120479081, -0.00112333113793, -0.00288289017044, 0.0131742469966, -0.00443051848561, 0.00175822863821, -0.000230456207646], [0.000220385147259, -0.000581391039304, -9.69111933955e-05, 0.00112701172475, -0.000857685925439, 0.000981645542197, -0.00129465747159, -0.00034023434273, 0.000143045719597, -0.00443051848561, 0.0194374360144, -0.00740690156817, 0.00209596636705], [1.76155426743e-05, 0.000280032341834, -0.00114429881796, -0.00215026619844, -0.000530940538738, -0.00019710122433, 0.00156671274453, -0.00034778873669, 0.00268068886362, 0.00175822863821, -0.00740690156817, 0.0222066193819, -0.00768471090123], [0.000119597811135, -0.000450688268756, 0.000325383647578, -0.000271267665084, -0.000541040906683, -0.00124077824876, 0.00075451732846, 0.00188769563101, -0.000885849061888, -0.000230456207646, 0.00209596636705, -0.00768471090123, 0.0190063584596]]}, "spectral_contrast_coeffs": {"dmean": [0.0479108504951, 0.045168556273, 0.0348156243563, 0.0272778142244, 0.0203786734492, 0.016150822863], "dmean2": [0.0789892524481, 0.0729813873768, 0.0558962225914, 0.0438823886216, 0.0327631309628, 0.0263342708349], "dvar": [0.00167293834966, 0.00136066984851, 0.000803200062364, 0.000489398371428, 0.000279111147393, 0.000231881451327], "dvar2": [0.00445065228269, 0.00356543064117, 0.00204423023388, 0.00123554363381, 0.000675449322443, 0.000596962461714], "max": [-0.308921337128, -0.425070226192, -0.470470279455, -0.560335934162, -0.633558392525, -0.679200768471], "mean": [-0.629073739052, -0.715715885162, -0.74196100235, -0.76596724987, -0.778210043907, -0.786025941372], "median": [-0.631620407104, -0.718495666981, -0.749372541904, -0.764855861664, -0.775649666786, -0.78345477581], "min": [-0.979559481144, -0.984737634659, -0.977461576462, -0.972835719585, -0.967241168022, -0.965094208717], "var": [0.00647650100291, 0.00568713340908, 0.00515319639817, 0.00270192278549, 0.00214069825597, 0.00132042367477]}, "spectral_contrast_valleys": {"dmean": [0.355500280857, 0.300600767136, 0.269649773836, 0.247531816363, 0.227561548352, 0.284833073616], "dmean2": [0.58828574419, 0.48695936799, 0.428032159805, 0.382092535496, 0.333067387342, 0.35554048419], "dvar": [0.11131016165, 0.0835240483284, 0.0712732821703, 0.0747187957168, 0.0843469500542, 0.114877782762], "dvar2": [0.261547982693, 0.171812862158, 0.137054771185, 0.133663251996, 0.142267480493