{"lowlevel": {"average_loudness": 0.961223006248, "barkbands_crest": {"dmean": 2.26114320755, "dmean2": 3.69739890099, "dvar": 5.24699354172, "dvar2": 13.6728887558, "max": 21.9195899963, "mean": 10.8708190918, "median": 10.1662998199, "min": 2.94839549065, "var": 13.2696371078}, "barkbands_flatness_db": {"dmean": 0.0572467781603, "dmean2": 0.0815196111798, "dvar": 0.00249176402576, "dvar2": 0.00524502107874, "max": 0.51878708601, "mean": 0.219303518534, "median": 0.21256442368, "min": 0.0161645524204, "var": 0.00883527006954}, "barkbands_kurtosis": {"dmean": 3.69536352158, "dmean2": 6.0313539505, "dvar": 22.6413421631, "dvar2": 57.2887535095, "max": 138.470474243, "mean": 6.50337457657, "median": 4.71702480316, "min": -1.83487284184, "var": 82.3804016113}, "barkbands_skewness": {"dmean": 0.585003316402, "dmean2": 0.93076980114, "dvar": 0.347138315439, "dvar2": 0.916987895966, "max": 8.51924610138, "mean": 1.81959688663, "median": 1.73908042908, "min": -2.06248044968, "var": 0.871657729149}, "barkbands_spread": {"dmean": 4.41574525833, "dmean2": 7.00302934647, "dvar": 38.3672561646, "dvar2": 92.9913482666, "max": 128.376846313, "mean": 10.0775928497, "median": 7.36844682693, "min": 0.955502867699, "var": 111.735839844}, "dissonance": {"dmean": 0.0363261438906, "dmean2": 0.0580717884004, "dvar": 0.000995961367153, "dvar2": 0.00246083945967, "max": 0.499996900558, "mean": 0.406606078148, "median": 0.415193259716, "min": 0.16817702353, "var": 0.003091967199}, "dynamic_complexity": 3.83908128738, "erbbands_crest": {"dmean": 2.3765039444, "dmean2": 3.82742476463, "dvar": 5.46009349823, "dvar2": 14.0307731628, "max": 27.019865036, "mean": 11.2067985535, "median": 10.8387813568, "min": 2.75862121582, "var": 13.0751485825}, "erbbands_flatness_db": {"dmean": 0.0508694685996, "dmean2": 0.0744995549321, "dvar": 0.00201025023125, "dvar2": 0.00402263272554, "max": 0.449637532234, "mean": 0.225841015577, "median": 0.22921307385, "min": 0.0348131284118, "var": 0.00610822206363}, "erbbands_kurtosis": {"dmean": 1.57153522968, "dmean2": 2.47677278519, "dvar": 8.25269508362, "dvar2": 15.084022522, "max": 144.71925354, "mean": 2.19924211502, "median": 1.06978034973, "min": -1.67613267899, "var": 52.1333045959}, "erbbands_skewness": {"dmean": 0.407716661692, "dmean2": 0.635614871979, "dvar": 0.172287866473, "dvar2": 0.422228366137, "max": 9.25551891327, "mean": 1.10815286636, "median": 1.08198261261, "min": -1.43005168438, "var": 0.674627542496}, "erbbands_spread": {"dmean": 7.97351646423, "dmean2": 12.2283182144, "dvar": 83.4845504761, "dvar2": 186.31262207, "max": 141.0597229, "mean": 22.7790260315, "median": 19.2672195435, "min": 2.48814272881, "var": 186.489974976}, "hfc": {"dmean": 8.89495563507, "dmean2": 13.4594068527, "dvar": 174.854736328, "dvar2": 443.975128174, "max": 125.659492493, "mean": 14.9814100266, "median": 11.7053489685, "min": 1.28655159379e-16, "var": 212.310180664}, "melbands_crest": {"dmean": 3.06433725357, "dmean2": 4.66901779175, "dvar": 8.9455499649, "dvar2": 20.7500457764, "max": 30.9111175537, "mean": 15.4162034988, "median": 14.775639534, "min": 1.48134040833, "var": 25.1662425995}, "melbands_flatness_db": {"dmean": 0.064661026001, "dmean2": 0.090003579855, "dvar": 0.00319357751869, "dvar2": 0.00702873291448, "max": 0.672129750252, "mean": 0.30633816123, "median": 0.294890731573, "min": 0.00374584761448, "var": 0.012754493393}, "melbands_kurtosis": {"dmean": 5.59486961365, "dmean2": 8.98104763031, "dvar": 55.0573654175, "dvar2": 131.817764282, "max": 220.175750732, "mean": 10.698094368, "median": 7.83337116241, "min": -1.39364230633, "var": 194.121154785}, "melbands_skewness": {"dmean": 0.655548632145, "dmean2": 1.00019943714, "dvar": 0.440924704075, "dvar2": 1.07913255692, "max": 12.0101709366, "mean": 2.18885302544, "median": 2.01525640488, "min": -0.122450001538, "var": 1.16941606998}, "melbands_spread": {"dmean": 3.92088866234, "dmean2": 6.23217964172, "dvar": 41.6711769104, "dvar2": 87.9482345581, "max": 164.670562744, "mean": 10.5039558411, "median": 8.41346359253, "min": 0.743959248066, "var": 139.08895874}, "pitch_salience": {"dmean": 0.0717484205961, "dmean2": 0.115297399461, "dvar": 0.00493462663144, "dvar2": 0.0117756444961, "max": 0.848231732845, "mean": 0.538406729698, "median": 0.543378651142, "min": 0.179057866335, "var": 0.0112933637574}, "silence_rate_20dB": {"dmean": 0, "dmean2": 0, "dvar": 0, "dvar2": 0, "max": 1, "mean": 1, "median": 1, "min": 1, "var": 0}, "silence_rate_30dB": {"dmean": 0, "dmean2": 0, "dvar": 0, "dvar2": 0, "max": 1, "mean": 1, "median": 1, "min": 1, "var": 0}, "silence_rate_60dB": {"dmean": 0.00860009528697, "dmean2": 0.0172084122896, "dvar": 0.00852651707828, "dvar2": 0.0178687311709, "max": 1, "mean": 0.0787965580821, "median": 0, "min": 0, "var": 0.072589084506}, "spectral_centroid": {"dmean": 188.662734985, "dmean2": 293.211853027, "dvar": 88840.7734375, "dvar2": 184504.703125, "max": 10978.5029297, "mean": 655.074584961, "median": 546.202514648, "min": 147.636489868, "var": 216959.140625}, "spectral_complexity": {"dmean": 3.53941702843, "dmean2": 5.334608078, "dvar": 18.5542449951, "dvar2": 41.554523468, "max": 44, "mean": 13.0959882736, "median": 13, "min": 0, "var": 42.1144981384}, "spectral_decrease": {"dmean": 3.09001024767e-09, "dmean2": 4.53050041926e-09, "dvar": 1.40558632501e-17, "dvar2": 3.57439301063e-17, "max": 8.9050258026e-29, "mean": -7.71559616197e-09, "median": -7.10855818653e-09, "min": -3.78741482621e-08, "var": 2.72562414214e-17}, "spectral_energy": {"dmean": 0.0123927332461, "dmean2": 0.0181775745004, "dvar": 0.000226785210543, "dvar2": 0.000574284989852, "max": 0.147937506437, "mean": 0.0304792672396, "median": 0.0280709937215, "min": 1.13333001234e-20, "var": 0.000431924621807}, "spectral_energyband_high": {"dmean": 0.000341038772603, "dmean2": 0.000580897263717, "dvar": 4.83891312797e-07, "dvar2": 1.27626981339e-06, "max": 0.00723984418437, "mean": 0.000265004055109, "median": 4.25486141467e-05, "min": 8.15233184139e-21, "var": 3.68427265585e-07}, "spectral_energyband_low": {"dmean": 0.00237315916456, "dmean2": 0.00347066437826, "dvar": 1.23998079289e-05, "dvar2": 2.4992177714e-05, "max": 0.0396159179509, "mean": 0.00783939193934, "median": 0.00342462025583, "min": 6.66867920741e-23, "var": 7.27950464352e-05}, "spectral_energyband_middle_high": {"dmean": 0.00203428696841, "dmean2": 0.00317140272819, "dvar": 1.63382301253e-05, "dvar2": 4.34503599536e-05, "max": 0.0428099706769, "mean": 0.00272130849771, "median": 0.0016980668297, "min": 1.65070717091e-21, "var": 1.5575080397e-05}, "spectral_energyband_middle_low": {"dmean": 0.0101449470967, "dmean2": 0.014681847766, "dvar": 0.000165807607118, "dvar2": 0.000427699298598, "max": 0.142660006881, "mean": 0.0200981590897, "median": 0.0178700573742, "min": 3.03086973596e-22, "var": 0.000256977626123}, "spectral_entropy": {"dmean": 0.593062758446, "dmean2": 0.883262455463, "dvar": 0.277154713869, "dvar2": 0.558615148067, "max": 9.8101234436, "mean": 6.6005563736, "median": 6.53094291687, "min": 4.61394357681, "var": 0.76181358099}, "spectral_flux": {"dmean": 0.0350688248873, "dmean2": 0.0526743680239, "dvar": 0.00128685112577, "dvar2": 0.00229923357256, "max": 0.307293772697, "mean": 0.0752277225256, "median": 0.0694176033139, "min": 1.0645797438e-10, "var": 0.00266689038835}, "spectral_kurtosis": {"dmean": 14.5981636047, "dmean2": 23.5496273041, "dvar": 396.725646973, "dvar2": 926.829772949, "max": 215.287399292, "mean": 24.1814556122, "median": 10.5608730316, "min": -1.22775554657, "var": 1122.68859863}, "spectral_rms": {"dmean": 0.0010395643767, "dmean2": 0.00146280741319, "dvar": 1.18286777706e-06, "dvar2": 2.87143097921e-06, "max": 0.0120137119666, "mean": 0.00503427535295, "median": 0.00523319561034, "min": 3.32518843189e-12, "var": 4.39190353063e-06}, "spectral_rolloff": {"dmean": 253.66494751, "dmean2": 430.366638184, "dvar": 436499.75, "dvar2": 862084.1875, "max": 19509.0820312, "mean": 786.29901123, "median": 516.796875, "min": 107.666015625, "var": 2333137.75}, "spectral_skewness": {"dmean": 1.07649898529, "dmean2": 1.68635416031, "dvar": 1.37504136562, "dvar2": 3.21589994431, "max": 11.8044471741, "mean": 3.24965786934, "median": 2.56958770752, "min": 0.0406059473753, "var": 3.91479468346}, "spectral_spread": {"dmean": 1329173.75, "dmean2": 1978133.375, "dvar": 1731651829760.0, "dvar2": 2964528300030.0, "max": 41028064, "mean": 3371537.5, "median": 2903286, "min": 431209.75, "var": 4303949922300.0}, "spectral_strongpeak": {"dmean": 0.435172587633, "dmean2": 0.689589440823, "dvar": 0.280993759632, "dvar2": 0.648573279381, "max": 4.70705032349, "mean": 0.994248330593, "median": 0.671888887882, "min": 0, "var": 0.501782894135}, "zerocrossingrate": {"dmean": 0.00825878884643, "dmean2": 0.010419622995, "dvar": 0.000107538042357, "dvar2": 0.000148026054376, "max": 0.51806640625, "mean": 0.0340495742857, "median": 0.02685546875, "min": 0.00439453125, "var": 0.0017206305638}, "barkbands": {"dmean": [1.95331704163e-05, 0.0011443127878, 0.00125357648358, 0.000424225378083, 0.00136214878876, 0.00594638194889, 0.00211220188066, 0.00158634257969, 0.000800214882474, 0.000237019761698, 0.00015401490964, 0.000400538585382, 0.000198999099666, 0.00061083433684, 0.000241918998654, 0.000170252445969, 0.000171325897099, 0.000109247084765, 7.39621100365e-05, 8.32540099509e-05, 8.60136424308e-05, 7.12716937414e-05, 4.76968052681e-05, 4.47668207926e-05, 4.24465652031e-05, 2.69172760454e-05, 2.99595262732e-06], "dmean2": [3.3575710404e-05, 0.00167460832745, 0.00188749562949, 0.000703869678546, 0.0024579167366, 0.00912577379495, 0.00293550081551, 0.00249029113911, 0.00123607530259, 0.000371433066903, 0.000256743398495, 0.000697811890859, 0.000324255670421, 0.000888103269972, 0.000411125831306, 0.000292340642773, 0.000274330930552, 0.000184444244951, 0.000121953067719, 0.000140534946695, 0.000147027181811, 0.00012484601757, 8.36535473354e-05, 7.94774459791e-05, 7.46200894355e-05, 4.80441958643e-05, 5.21874335391e-06], "dvar": [1.80885606493e-09, 3.31555293087e-06, 3.73816692445e-06, 4.80445294215e-07, 1.12120869744e-05, 7.17337534297e-05, 7.90709964349e-06, 1.67579073604e-05, 2.63960123448e-06, 1.40725646247e-07, 1.99221148023e-07, 1.70745943251e-06, 1.22131723401e-07, 1.48979904679e-06, 6.43100065645e-07, 1.96611907199e-07, 1.21731702052e-07, 8.9266023906e-08, 2.2125854926e-08, 4.22896277996e-08, 4.06558910981e-08, 3.02372882288e-08, 1.33237945121e-08, 1.18029523932e-08, 1.05107558213e-08, 5.33588240259e-09, 7.88669754503e-11], "dvar2": [4.77901718199e-09, 6.35654168946e-06, 7.99029021437e-06, 1.23292522858e-06, 3.22952146234e-05, 0.0001936951885, 1.84781474672e-05, 4.12867484556e-05, 6.47117713015e-06, 3.45727499962e-07, 5.34906916982e-07, 4.79725531477e-06, 3.16376969067e-07, 3.18054298987e-06, 1.8461714717e-06, 5.60887713164e-07, 3.09170530954e-07, 2.5317567065e-07, 5.88662594225e-08, 1.16878325684e-07, 1.10046812551e-07, 8.36425613215e-08, 3.70098405256e-08, 3.25055111716e-08, 2.82747283364e-08, 1.46230805242e-08, 2.11883219303e-10], "max": [0.000677043804899, 0.0183530598879, 0.0227619968355, 0.0093853008002, 0.0416094847023, 0.0894021466374, 0.0263115931302, 0.0545709058642, 0.01554611139, 0.00380226736888, 0.00677116587758, 0.0156927779317, 0.00422193482518, 0.0160396266729, 0.0137278139591, 0.0049517727457, 0.00427143741399, 0.00456894095987, 0.00154090172146, 0.00301265902817, 0.00247294153087, 0.00197296706028, 0.0016570322914, 0.00110051326919, 0.00116046098992, 0.00106998730917, 0.000133100955281], "mean": [2.06617496588e-05, 0.00357363373041, 0.00385621446185, 0.000617457786575, 0.00164895656053, 0.00994227733463, 0.00455284537748, 0.00214995117858, 0.00106384861283, 0.000420294818468, 0.00016750973009, 0.000376997195417, 0.000246094277827, 0.000788910896517, 0.000248995318543, 0.00016057502944, 0.000183550961083, 9.6520918305e-05, 6.44631873001e-05, 6.81243327563e-05, 6.64418330416e-05, 5.11524194735e-05, 3.40453043464e-05, 3.03305387206e-05, 2.94854216918e-05, 1.79080598173e-05, 2.06562890526e-06], "median": [6.32472256257e-06, 0.00130509270821, 0.000995410606265, 0.000235320883803, 0.00112619902939, 0.00820674560964, 0.00323106069118, 0.00109060131945, 0.000291342614219, 0.000281693297438, 3.81677309633e-05, 0.000157063375809, 0.000110900320578, 0.000289802439511, 9.90326952888e-05, 5.93724107603e-05, 6.61053272779e-05, 2.97649276035e-05, 1.80853639904e-05, 1.57569447765e-05, 1.18023763207e-05, 5.50803906663e-06, 3.02383159578e-06, 1.60928539117e-06, 1.15905049825e-06, 5.01970532696e-07, 5.123252933e-08], "min": [2.43039556755e-23, 4.48264782029e-23, 8.13312122295e-24, 4.88257805336e-24, 1.52007280212e-23, 2.03229154748e-23, 7.20972482351e-23, 7.80454361653e-23, 7.83488699348e-23, 4.7242677114e-23, 5.20118366907e-23, 6.46352299169e-23, 1.51131398483e-22, 8.0740607847e-23, 1.55724222404e-22, 2.43255016757e-22, 2.23719160429e-22, 2.62633328095e-22, 2.74975025403e-22, 1.94318983445e-22, 5.14438839758e-22, 5.80063433779e-22, 7.30828510501e-22, 8.90564639654e-22, 1.32014138257e-21, 1.31593570634e-21, 2.94717141721e-21], "var": [2.11643347292e-09, 1.71155152202e-05, 2.25456351473e-05, 7.43237649203e-07, 7.05719730831e-06, 8.85838380782e-05, 2.15260497498e-05, 1.63698023243e-05, 4.13029511037e-06, 2.18178556111e-07, 1.69950268969e-07, 1.07300604668e-06, 1.33617973574e-07, 2.16651778828e-06, 4.0357727471e-07, 1.31070137854e-07, 1.22525847246e-07, 5.85295047983e-08, 1.77908621168e-08, 2.85664771837e-08, 2.89376576035e-08, 1.98237675164e-08, 8.61424709342e-09, 7.73781660968e-09, 7.20120407749e-09, 3.46494766212e-09, 5.33984453877e-11]}, "erbbands": {"dmean": [0.00790099985898, 0.341708511114, 1.53956675529, 1.18966984749, 1.82736825943, 4.57316303253, 27.4360389709, 49.9614334106, 40.7239379883, 24.5310649872, 40.8701553345, 20.1768245697, 9.59856510162, 7.26008653641, 7.28713560104, 19.7846755981, 10.4256973267, 34.9510498047, 9.90109634399, 11.1109876633, 10.8065023422, 8.61622524261, 6.64562702179, 3.26295042038, 4.85959005356, 3.79588508606, 3.49098277092, 3.20870661736, 2.5132856369, 1.77486610413, 1.47512984276, 0.846807479858, 0.794832110405, 0.51628357172, 0.300841003656, 0.17315043509, 0.0336716473103, 0.00512644369155, 0.000439221214037, 3.58908691851e-05], "dmean2": [0.012484033592, 0.494931161404, 2.23958325386, 1.93609631062, 3.13428068161, 8.42358493805, 47.6773605347, 73.7553863525, 55.1460418701, 34.2110176086, 64.4443283081, 30.3055610657, 14.8477592468, 11.0859336853, 12.2565546036, 34.4758453369, 15.5017166138, 51.0497283936, 16.7027835846, 17.7273082733, 18.9016666412, 13.8492069244, 11.1572742462, 5.42074918747, 8.05554199219, 6.24204874039, 5.79231262207, 5.64426851273, 4.43591403961, 3.1216571331, 2.60779857635, 1.50819790363, 1.3975931406, 0.905038297176, 0.533484995365, 0.310402870178, 0.0598319396377, 0.00899993814528, 0.000762954354286, 5.90626950725e-05], "dvar": [0.000104279490188, 0.30374148488, 6.39620685577, 2.89269781113, 12.0995349884, 153.444107056, 3184.53393555, 4616.42626953, 2339.36865234, 1806.46691895, 12295.5488281, 2023.14477539, 266.051849365, 131.448867798, 507.38961792, 4243.57373047, 286.992919922, 4542.93164062, 919.727600098, 847.275512695, 956.112976074, 317.604705811, 312.029846191, 62.2209434509, 120.88243103, 69.2191009521, 62.7467308044, 68.0055618286, 39.8503761292, 20.8257026672, 12.1553888321, 4.93999958038, 3.55857610703, 1.63232374191, 0.549456596375, 0.25391715765, 0.00720967818052, 0.000140607022331, 1.41518523833e-06, 9.38655286831e-09], "dvar2": [0.000228059259825, 0.583193480968, 12.7428245544, 7.35465717316, 32.4379272461, 442.21762085, 9079.73046875, 12112.9160156, 5639.46240234, 3806.98608398, 30246.6992188, 4875.39697266, 602.543762207, 315.363464355, 1371.21960449, 11894.2275391, 678.836303711, 9637.24414062, 2620.38818359, 2294.00146484, 2736.44970703, 801.905944824, 886.592041016, 172.234069824, 322.456573486, 186.563735962, 164.852432251, 189.006652832, 111.189964294, 58.4624023438, 33.6628379822, 13.8395290375, 9.68806266785, 4.42623281479, 1.48705494404, 0.699233174324, 0.0196301769465, 0.000365523446817, 3.73591865355e-06, 2.57209222809e-08], "max": [0.100317686796, 5.49432182312, 29.888999939, 24.1698665619, 33.6074638367, 156.616378784, 694.887756348, 752.389831543, 451.42300415, 471.044647217, 1474.86706543, 425.952819824, 196.426223755, 125.918014526, 313.255767822, 770.940979004, 157.131546021, 861.006958008, 546.613647461, 410.519775391, 317.500213623, 196.897872925, 273.002349854, 118.414428711, 151.164428711, 108.921195984, 124.451255798, 121.905845642, 75.7350158691, 68.6363601685, 40.2596588135, 25.0121841431, 19.8462867737, 14.7233018875, 9.18549251556, 7.59810018539, 1.29280805588, 0.139996349812, 0.015788346529, 0.00162346218713], "mean": [0.0213014576584, 1.09570109844, 5.11872816086, 2.40206241608, 2.36671519279, 4.61603355408, 35.4706611633, 85.2819824219, 85.408996582, 54.0997810364, 51.690486908, 27.1842975616, 16.0402450562, 12.9488191605, 8.61586284637, 18.081615448, 14.6161327362, 45.6152839661, 10.5397644043, 12.5756311417, 9.3231754303, 9.20137786865, 6.13957977295, 3.01516222954, 4.12800121307, 3.30955600739, 2.89428758621, 2.31340026855, 1.77634596825, 1.26151788235, 1.03632128239, 0.574619114399, 0.542300701141, 0.356467336416, 0.206312179565, 0.114867091179, 0.0225567370653, 0.00357640138827, 0.00031897900044, 5.22325753991e-05], "median": [0.0165738500655, 0.353099554777, 0.935718178749, 2.11597251892, 1.36873340607, 2.65607857704, 25.66822052, 68.1131286621, 70.9911346436, 27.370344162, 23.167339325, 7.70504808426, 9.97308921814, 8.07950019836, 3.58523774147, 7.37851142883, 7.69335174561, 17.4331283569, 4.34656190872, 5.02958869934, 2.9585852623, 3.50442123413, 2.20263671875, 1.04022884369, 0.996599078178, 0.887703835964, 0.632751584053, 0.26904720068, 0.192448109388, 0.134722203016, 0.0822182446718, 0.0364944115281, 0.0270485319197, 0.0147046707571, 0.00796629954129, 0.0032130132895, 0.000654426054098, 0.000111744811875, 2.88703922706e-05, 3.69475965272e-05], "min": [1.5927451552e-21, 9.21351571e-21, 1.22985471968e-20, 1.28558140903e-20, 1.77763197745e-20, 5.23577378089e-20, 1.86772393381e-19, 1.71237708833e-19, 9.81290667924e-19, 1.68120023745e-18, 1.36833033769e-18, 1.5913357493e-18, 1.92984669708e-18, 1.23414447834e-18, 1.8375085253e-18, 3.68500194778e-18, 5.90496611469e-18, 5.89491462948e-18, 6.63455140908e-18, 9.49618563334e-18, 1.16175970205e-17, 1.20464157219e-17, 1.61229611311e-17, 1.12607794284e-17, 1.47063018355e-17, 9.94933502523e-18, 1.55300016721e-17, 2.18151350332e-17, 2.04181378208e-17, 2.48143877095e-17, 1.90826299064e-17, 1.71267944352e-17, 1.37628593335e-17, 1.21692752039e-17, 1.04310320744e-17, 5.12121744738e-18, 2.82160261172e-18, 1.3057566059e-18, 3.64915147474e-19, 4.6766756194e-20], "var": [0.000375475385226, 1.65447330475, 41.4518852234, 4.73727226257, 11.147611618, 90.4594268799, 2271.56347656, 6860.58740234, 5770.98876953, 5248.35546875, 11952.6103516, 3241.33178711, 433.662872314, 225.585479736, 383.161987305, 2666.89892578, 408.394805908, 6801.95556641, 605.429626465, 710.553161621, 590.304382324, 326.849914551, 203.860870361, 45.3671760559, 93.3483123779, 51.9803237915, 49.050239563, 44.4757728577, 25.3921165466, 13.1044664383, 7.89148044586, 3.08755850792, 2.39722728729, 1.10536003113, 0.367947787046, 0.162485256791, 0.00477360934019, 0.000102328813227, 9.94495962914e-07, 6.80026213118e-09]}, "gfcc": {"mean": [-82.0211410522, 142.967391968, -104.491981506, 2.53583288193, -56.2694091797, -6.27907943726, -39.8909759521, -1.86937463284, -12.1488761902, 10.4859085083, -3.83246302605, -0.942527711391, -7.8153181076], "cov": [[28895.5429688, -1383.64538574, -3164.81323242, 695.720581055, -1598.18554688, 61.0997657776, -1217.49841309, 444.860961914, -65.034362793, 1077.06994629, 36.2818908691, 172.54574585, -402.269134521], [-1383.64538574, 3599.78881836, 30.0586109161, -664.535705566, 644.485229492, -302.028686523, 432.698486328, -342.760223389, 356.978912354, -343.721740723, 326.354248047, -212.006515503, 171.478790283], [-3164.81323242, 30.0586109161, 1324.74035645, 289.043579102, 267.566009521, 320.140350342, 244.964874268, 91.6105575562, -28.3044834137, -92.4671173096, -149.913391113, -74.3685531616, -86.8927612305], [695.720581055, -664.535705566, 289.043579102, 690.749267578, -22.2379570007, 202.529006958, 30.8818302155, 106.683372498, -26.0629253387, 97.3284912109, -88.0374984741, -28.7885913849, -81.9031677246], [-1598.18554688, 644.485229492, 267.566009521, -22.2379570007, 401.582580566, 20.1041030884, 147.82383728, -26.0856723785, 99.5036010742, -54.467010498, 59.1380462646, -70.753868103, -9.8519487381], [61.0997657776, -302.028686523, 320.140350342, 202.529006958, 20.1041030884, 261.55065918, 36.9882507324, 57.579410553, -19.1110668182, 31.4988613129, -65.1084594727, -0.590578556061, -73.3187103271], [-1217.49841309, 432.698486328, 244.964874268, 30.8818302155, 147.82383728, 36.9882507324, 195.188156128, -12.0431642532, 59.5006332397, -75.203742981, 8.94739246368, -56.0297775269, 7.25060510635], [444.860961914, -342.760223389, 91.6105575562, 106.683372498, -26.0856723785, 57.579410553, -12.0431642532, 156.298965454, -7.45975494385, 54.9255371094, -63.2769508362, 3.87041473389, -51.7256317139], [-65.034362793, 356.978912354, -28.3044834137, -26.0629253387, 99.5036010742, -19.1110668182, 59.5006332397, -7.45975494385, 118.563858032, -3.82472705841, 44.3010292053, -39.6029319763, -0.956549227238], [1077.06994629, -343.721740723, -92.4671173096, 97.3284912109, -54.467010498, 31.4988613129, -75.203742981, 54.9255371094, -3.82472705841, 134.358505249, 2.01581335068, 5.23955154419, -50.8370513916], [36.2818908691, 326.354248047, -149.913391113, -88.0374984741, 59.1380462646, -65.1084594727, 8.94739246368, -63.2769508362, 44.3010292053, 2.01581335068, 116.28263855, -3.94523882866, 22.5521945953], [172.54574585, -212.006515503, -74.3685531616, -28.7885913849, -70.753868103, -0.590578556061, -56.0297775269, 3.87041473389, -39.6029319763, 5.23955154419, -3.94523882866, 77.2000656128, 16.0889873505], [-402.269134521, 171.478790283, -86.8927612305, -81.9031677246, -9.8519487381, -73.3187103271, 7.25060510635, -51.7256317139, -0.956549227238, -50.8370513916, 22.5521945953, 16.0889873505, 82.4388046265]], "icov": [[0.000226995209232, -0.000636221899185, 0.000541512970813, -0.000476211571367, 0.000784395844676, -0.000615895434748, 0.00101554044522, -0.000710272055585, 0.000435736350482, -0.00110416754615, 0.000539703702088, -0.000257295701886, 0.000766422774177], [-0.000636221899185, 0.00291477818973, -0.00157620478421, 0.00189831166063, -0.0026514371857, 0.00196545408107, -0.00360474525951, 0.00265692663379, -0.00262354779989, 0.00441199541092, -0.00293127493933, 0.00216891546734, -0.00245871208608], [0.000541512970813, -0.00157620478421, 0.00323879928328, -0.00128368940204, 0.000793291139416, -0.00290055852383, 0.00104751577601, -0.00202449969947, 0.00256820046343, -0.00186590454541, 0.00283669866621, -0.000233918050071, 0.00236096931621], [-0.000476211571367, 0.00189831166063, -0.00128368940204, 0.00356131372973, -0.00167439342476, 0.00025857044966, -0.00334014859982, 0.0015378925018, -0.00115096871741, 0.00100554444361, -0.00110970099922, 0.00209853728302, -0.00229790434241], [0.000784395844676, -0.0026514371857, 0.000793291139416, -0.00167439342476, 0.00780631043017, -0.00199474743567, 0.00287985894829, -0.00288175605237, -0.00022719919798, -0.00351743632928, -0.000483022304252, -0.000175212873728, 0.00360739207827], [-0.000615895434748, 0.00196545408107, -0.00290055852383, 0.00025857044966, -0.00199474743567, 0.0100907180458, -0.00431975070387, 0.00359103572555, -0.002117308788, 0.00197930517606, 0.000138999297633, -0.00286868447438, 0.00319294631481], [0.00101554044522, -0.00360474525951, 0.00104751577601, -0.00334014859982, 0.00287985894829, -0.00431975070387, 0.0183338690549, -0.00530378241092, -0.000908192247152, 0.000833850412164, 0.000568097864743, 0.00295152212493, 0.00157345971093], [-0.000710272055585, 0.00265692663379, -0.00202449969947, 0.0015378925018, -0.00288175605237, 0.00359103572555, -0.00530378241092, 0.0144442217425, -0.00421608099714, -0.000354707735823, 0.00427468493581, -0.00195993366651, 0.00172579812352], [0.000435736350482, -0.00262354779989, 0.00256820046343, -0.00115096871741, -0.00022719919798, -0.002117308788, -0.000908192247152, -0.00421608099714, 0.0177989192307, -0.00499735819176, -0.000531435071025, 0.00232666847296, 0.00148729491048], [-0.00110416754615, 0.00441199541092, -0.00186590454541, 0.00100554444361, -0.00351743632928, 0.00197930517606, 0.000833850412164, -0.000354707735823, -0.00499735819176, 0.0250734183937, -0.00989789981395, 0.00526389665902, 0.00259547261521], [0.000539703702088, -0.00293127493933, 0.00283669866621, -0.00110970099922, -0.000483022304252, 0.000138999297633, 0.000568097864743, 0.00427468493581, -0.000531435071025, -0.00989789981395, 0.021768655628, -0.0061815129593, 0.00245779124089], [-0.000257295701886, 0.00216891546734, -0.000233918050071, 0.00209853728302, -0.000175212873728, -0.00286868447438, 0.00295152212493, -0.00195993366651, 0.00232666847296, 0.00526389665902, -0.0061815129593, 0.0242366418242, -0.00775626674294], [0.000766422774177, -0.00245871208608, 0.00236096931621, -0.00229790434241, 0.00360739207827, 0.00319294631481, 0.00157345971093, 0.00172579812352, 0.00148729491048, 0.00259547261521, 0.00245779124089, -0.00775626674294, 0.0278643462807]]}, "melbands": {"dmean": [0.000183867465239, 0.00068312586518, 0.000205219956115, 0.000195503307623, 0.00077183911344, 0.00114398857113, 0.000579949642997, 0.000251137651503, 0.000319345097523, 0.000110459186544, 4.59182665509e-05, 3.02129410557e-05, 2.27423533943e-05, 3.95915703848e-05, 3.59136320185e-05, 4.1303668695e-05, 6.13817974227e-05, 1.21722932818e-05, 1.85728258657e-05, 1.16624150905e-05, 1.3264525478e-05, 9.754590792e-06, 8.19299293653e-06, 4.15555268773e-06, 2.48641026701e-06, 3.01116847368e-06, 3.87215504816e-06, 2.25435223911e-06, 1.9665212676e-06, 2.4890680379e-06, 1.61057539572e-06, 1.43767658756e-06, 1.31937576953e-06, 8.57065629134e-07, 9.33896615152e-07, 5.60233843316e-07, 5.02066313857e-07, 5.22621405707e-07, 5.42047246199e-07, 4.11841284631e-07], "dmean2": [0.00027582803159, 0.000986800994724, 0.000338204903528, 0.000351738068275, 0.0013506115647, 0.00168949377257, 0.000779475667514, 0.000360516714863, 0.000504082418047, 0.000167180565768, 7.16891954653e-05, 4.65209595859e-05, 3.76083153242e-05, 6.84808546794e-05, 6.10632196185e-05, 6.08837290201e-05, 8.96175915841e-05, 2.11117221625e-05, 3.13766977342e-05, 1.86912366189e-05, 2.32649472309e-05, 1.56549413077e-05, 1.35159652928e-05, 6.93822130415e-06, 4.19450771005e-06, 4.89843705509e-06, 6.68316670271e-06, 3.6755070596e-06, 3.27014936374e-06, 4.32221486335e-06, 2.86412000605e-06, 2.53242819781e-06, 2.3422853701e-06, 1.51784979607e-06, 1.65709650446e-06, 9.94510401142e-07, 9.01177600099e-07, 9.23958737076e-07, 9.47784997152e-07, 7.29361374852e-07], "dvar": [7.64647225537e-08, 1.26451971028e-06, 8.24867356641e-08, 2.34661783338e-07, 2.74406579592e-06, 2.25692656386e-06, 4.53166848047e-07, 1.80823192863e-07, 7.03403031821e-07, 5.8384209467e-08, 6.47477849114e-09, 2.30711783011e-09, 4.56993731746e-09, 1.51650958458e-08, 1.29427046858e-08, 5.80033843178e-09, 1.39327953619e-08, 1.58843282971e-09, 3.72970321294e-09, 6.65018151658e-10, 1.40956979422e-09, 4.6490289396e-10, 3.03208985697e-10, 1.24425497683e-10, 3.91959624479e-11, 3.39398335825e-11, 1.13022043113e-10, 2.18971299426e-11, 2.15904447098e-11, 3.8885557968e-11, 1.70838135305e-11, 1.20490544625e-11, 1.30040414201e-11, 5.57500790324e-12, 5.29530412574e-12, 1.55346536416e-12, 2.14384824997e-12, 1.49123259314e-12, 1.71247575582e-12, 1.20730530608e-12], "dvar2": [1.50850667069e-07, 2.47904699791e-06, 2.13666780269e-07, 6.671497772e-07, 7.80310438131e-06, 5.96475865677e-06, 1.0866796174e-06, 3.97343541181e-07, 1.72480645233e-06, 1.39412136946e-07, 1.47106558046e-08, 5.56849322209e-09, 1.22223084986e-08, 4.24711821267e-08, 3.57335601109e-08, 1.21097780692e-08, 2.97720816889e-08, 4.53671011869e-09, 1.07048547804e-08, 1.73742575882e-09, 4.01351440971e-09, 1.16101284142e-09, 8.27424184724e-10, 3.47828377212e-10, 1.09091256861e-10, 8.68265875864e-11, 3.17213727508e-10, 5.73183341068e-11, 5.6408776955e-11, 1.05072846257e-10, 4.77752733208e-11, 3.31862523573e-11, 3.6734323916e-11, 1.57402545858e-11, 1.4753930716e-11, 4.26656539959e-12, 6.06445709622e-12, 4.05756548152e-12, 4.61173720739e-12, 3.32326158779e-12], "max": [0.00275872368366, 0.0128164337948, 0.00368373584934, 0.00569863710552, 0.0206491462886, 0.0161662194878, 0.00616043107584, 0.00437163980678, 0.0113641740754, 0.00238428171724, 0.000963128812145, 0.000520067347679, 0.00104623159859, 0.0014802699443, 0.00121733930428, 0.000902389816474, 0.00151013990398, 0.000735363399144, 0.00100752559956, 0.000305329042021, 0.000368961977074, 0.000264080037596, 0.000238790758885, 0.000169209743035, 9.89721447695e-05, 6.13065712969e-05, 0.000158787108376, 5.32818630745e-05, 8.44353780849e-05, 8.20450295578e-05, 5.65738337173e-05, 3.83925435017e-05, 4.31897387898e-05, 3.98493975808e-05, 2.93341108772e-05, 1.06761617644e-05, 1.87905952771e-05, 1.14997510536e-05, 1.41487080327e-05, 1.46677011799e-05], "mean": [0.000555982638616, 0.00230647274293, 0.000439096969785, 0.000189086698811, 0.000964290637057, 0.0019832123071, 0.00124750786927, 0.000513109320309, 0.00039281800855, 0.000149459461682, 7.46941732359e-05, 5.20850189787e-05, 2.68742387561e-05, 3.95112256228e-05, 3.36746961693e-05, 5.70062402403e-05, 7.97336833784e-05, 1.16132168841e-05, 1.95304983208e-05, 1.26930945044e-05, 1.08844478746e-05, 1.01503683254e-05, 7.99233657744e-06, 3.87870250051e-06, 2.19584399019e-06, 2.70236978395e-06, 2.95619202006e-06, 2.00887143365e-06, 1.67026917097e-06, 1.85073008652e-06, 1.14568911158e-06, 1.02215938114e-06, 9.14542738428e-07, 6.03485148076e-07, 6.53402651096e-07, 3.86047560141e-07, 3.3441884284e-07, 3.56883191444e-07, 3.71729953486e-07, 2.81222469312e-07], "median": [0.00028612659662, 0.000504648778588, 0.000415946880821, 9.23755433178e-05, 0.000677249045111, 0.00167065160349, 0.00107225822285, 0.000250900397077, 0.00016250833869, 3.67163011106e-05, 4.33497989434e-05, 3.13334385282e-05, 8.01745227363e-06, 1.72383006429e-05, 1.1666032151e-05, 2.59017142525e-05, 3.07430527755e-05, 3.46507022186e-06, 8.01209807832e-06, 3.8595735532e-06, 2.71865724244e-06, 3.24227494275e-06, 2.80779568129e-06, 1.1388991652e-06, 6.46189562303e-07, 7.47657338707e-07, 5.88392538248e-07, 5.1252754929e-07, 3.77220942482e-07, 2.2710227654e-07, 1.29178403085e-07, 1.08281426492e-07, 8.52503205806e-08, 5.79588785854e-08, 4.95361405228e-08, 2.91129040875e-08, 1.86647319822e-08, 1.82490893508e-08, 1.45431098275e-08, 1.08364348606e-08], "min": [1.48801223276e-23, 8.22482866976e-24, 2.09797656351e-24, 2.38614587447e-24, 5.49055906947e-24, 3.96267749102e-24, 1.41670804217e-23, 1.94729494038e-23, 1.15023745481e-23, 1.02086947284e-23, 9.35274751407e-24, 4.37770865174e-24, 6.758494808e-24, 6.42164489058e-24, 1.43172953152e-23, 1.30606895915e-23, 9.93028993773e-24, 8.2932339543e-24, 1.24145359906e-23, 1.59323381351e-23, 1.32136923195e-23, 1.06188014249e-23, 1.61311058397e-23, 1.33520703552e-23, 7.88217825811e-24, 1.22251707191e-23, 8.16777509365e-24, 5.84431467051e-24, 7.78818627011e-24, 1.40925630428e-23, 1.14141325673e-23, 1.00334895102e-23, 1.35827821932e-23, 1.54225651741e-23, 1.15176555727e-23, 9.79485277549e-24, 1.05476240832e-23, 9.06945336351e-24, 1.08630745708e-23, 1.0126830688e-23], "var": [3.59440747388e-07, 7.97558004706e-06, 1.34399144258e-07, 1.48792381083e-07, 1.89941988538e-06, 3.30906800627e-06, 1.15950513191e-06, 4.63426033548e-07, 7.01892702182e-07, 9.75343183995e-08, 1.05322381927e-08, 3.88559984188e-09, 3.94728250086e-09, 9.68948654645e-09, 8.75071037854e-09, 9.08972630498e-09, 2.06955572679e-08, 1.01235153593e-09, 2.35497621404e-09, 6.7181377128e-10, 8.82079076447e-10, 4.93713625538e-10, 2.3900104118e-10, 8.89142925953e-11, 2.7579343323e-11, 3.0497333825e-11, 7.19747317302e-11, 1.7917214587e-11, 1.70715750564e-11, 2.70738084729e-11, 1.10069878559e-11, 7.97352895515e-12, 7.95670127007e-12, 3.43627795489e-12, 3.36791271954e-12, 1.02706395905e-12, 1.29827236201e-12, 1.00294685751e-12, 1.17519568296e-12, 7.85985263419e-13]}, "mfcc": {"mean": [-718.64276123, 173.832519531, 6.36721467972, 12.4680976868, -1.18124163151, -2.5736014843, -11.9862804413, -12.6122274399, -7.2943277359, -0.381543427706, 5.33454179764, 8.15992355347, 4.15948200226], "cov": [[16268.0224609, -621.842712402, -1250.5489502, 447.775909424, -315.158905029, -277.894226074, -609.407409668, -559.421508789, -230.528091431, 66.3584747314, 124.764556885, 213.272186279, 200.859115601], [-621.842712402, 3282.45141602, -7.60583257675, -48.4555664062, 129.824447632, 51.4659729004, 51.5667648315, -3.73336458206, -93.970916748, -35.6635551453, 88.2902526855, 138.44329834, 69.8679504395], [-1250.5489502, -7.60583257675, 843.968811035, 83.8092651367, 160.146697998, 205.221878052, 188.000808716, 170.05380249, 125.202911377, 68.1107025146, 23.8187198639, -32.8827629089, -47.6744728088], [447.775909424, -48.4555664062, 83.8092651367, 396.785583496, 99.7671279907, 93.1499252319, 63.1498069763, 30.7758483887, 58.2188415527, 77.9695205688, 29.2590675354, 23.1030216217, 35.6885147095], [-315.158905029, 129.824447632, 160.146697998, 99.7671279907, 224.381774902, 109.255554199, 85.4084396362, 56.4628791809, 38.0809326172, 61.362285614, 47.3687362671, 30.9069061279, 25.2304801941], [-277.894226074, 51.4659729004, 205.221878052, 93.1499252319, 109.255554199, 203.07409668, 92.4082183838, 62.0964393616, 28.8207130432, 21.3343219757, 23.8956851959, 22.5634880066, 18.4354858398], [-609.407409668, 51.5667648315, 188.000808716, 63.1498069763, 85.4084396362, 92.4082183838, 136.353500366, 68.4477386475, 31.7331962585, 30.7857456207, 15.7214241028, -2.17388772964, -2.55723762512], [-559.421508789, -3.73336458206, 170.05380249, 30.7758483887, 56.4628791809, 62.0964393616, 68.4477386475, 131.196411133, 61.6647529602, 14.4565229416, 7.76003742218, -3.43076467514, -5.80319833755], [-230.528091431, -93.970916748, 125.202911377, 58.2188415527, 38.0809326172, 28.8207130432, 31.7331962585, 61.6647529602, 106.194778442, 41.7752113342, 9.05042743683, -10.1071939468, -14.6585788727], [66.3584747314, -35.6635551453, 68.1107025146, 77.9695205688, 61.362285614, 21.3343219757, 30.7857456207, 14.4565229416, 41.7752113342, 99.2192382812, 47.7010688782, 9.63315582275, 2.29955863953], [124.764556885, 88.2902526855, 23.8187198639, 29.2590675354, 47.3687362671, 23.8956851959, 15.7214241028, 7.76003742218, 9.05042743683, 47.7010688782, 83.7373962402, 34.08360672, 6.19900751114], [213.272186279, 138.44329834, -32.8827629089, 23.1030216217, 30.9069061279, 22.5634880066, -2.17388772964, -3.43076467514, -10.1071939468, 9.63315582275, 34.08360672, 72.8440551758, 33.5441055298], [200.859115601, 69.8679504395, -47.6744728088, 35.6885147095, 25.2304801941, 18.4354858398, -2.55723762512, -5.80319833755, -14.6585788727, 2.29955863953, 6.19900751114, 33.5441055298, 79.0137329102]], "icov": [[9.3938120699e-05, 1.95672473637e-05, 2.78328298009e-05, -0.000157622751431, 8.09430493973e-05, -5.98698352405e-05, 0.00035578609095, 0.000189165817574, 6.40099096927e-05, -7.54564171075e-05, -0.000131454697112, -0.000131277338369, -7.44660355849e-05], [1.95672473637e-05, 0.000359985220712, -3.22813357343e-05, 1.709118078e-05, -0.00018067570636, 0.000130629516207, -0.000125881124404, 5.68220530113e-05, 0.000254901533481, 0.000336420314852, -0.00030861797859, -0.00055939523736, -6.87484571245e-05], [2.78328298009e-05, -3.22813357343e-05, 0.00235467823222, 0.000260151166003, -0.000239820263232, -0.00147526955698, -0.00120899558533, -0.00094890902983, -0.0010389231611, -0.000611385155935, 0.000150361389387, 0.000828115036711, 0.00103468843736], [-0.000157622751431, 1.709118078e-05, 0.000260151166003, 0.0038482081145, -0.000438983784989, -0.00108623981941, -0.00132180470973, 0.000309400784317, -0.00152040936518, -0.00203662412241, 0.00101970112883, -9.56782532739e-05, -0.00108420837205], [8.09430493973e-05, -0.00018067570636, -0.000239820263232, -0.000438983784989, 0.00828314945102, -0.00218963623047, -0.00169586483389, -0.000559962645639, -8.51274016895e-05, -0.00291930208914, -0.00114699872211, -0.0011370209977, -0.00158064404968], [-5.98698352405e-05, 0.000130629516207, -0.00147526955698, -0.00108623981941, -0.00218963623047, 0.00979123450816, -0.00346827344038, -0.000517415872309, 0.000394162372686, 0.0028197276406, -0.000854102952871, -0.00199517351575, -0.00119328172877], [0.00035578609095, -0.000125881124404, -0.00120899558533, -0.00132180470973, -0.00169586483389, -0.00346827344038, 0.016564598307, -0.00391379697248, 0.00295521179214, -0.0026533070486, 0.000102942780359, 0.00160725484602, 0.000608876813203], [0.000189165817574, 5.68220530113e-05, -0.00094890902983, 0.000309400784317, -0.000559962645639, -0.000517415872309, -0.00391379697248, 0.0152258528396, -0.00742943305522, 0.00360219436698, -0.00132553721778, -0.00057679915335, -0.00108655286022], [6.40099096927e-05, 0.000254901533481, -0.0010389231611, -0.00152040936518, -8.51274016895e-05, 0.000394162372686, 0.00295521179214, -0.00742943305522, 0.0179442949593, -0.0065114418976, 0.00199885363691, 0.000310105300741, 0.00238701235503], [-7.54564171075e-05, 0.000336420314852, -0.000611385155935, -0.00203662412241, -0.00291930208914, 0.0028197276406, -0.0026533070486, 0.00360219436698, -0.0065114418976, 0.0214433372021, -0.010639667511, 0.00210295314901, -0.000991799752228], [-0.000131454697112, -0.00030861797859, 0.000150361389387, 0.00101970112883, -0.00114699872211, -0.000854102952871, 0.000102942780359, -0.00132553721778, 0.00199885363691, -0.010639667511, 0.022277565673, -0.00890783406794, 0.00342310895212], [-0.000131277338369, -0.00055939523736, 0.000828115036711, -9.56782532739e-05, -0.0011370209977, -0.00199517351575, 0.00160725484602, -0.00057679915335, 0.000310105300741, 0.00210295314901, -0.00890783406794, 0.0239851493388, -0.00727787101641], [-7.44660355849e-05, -6.87484571245e-05, 0.00103468843736, -0.00108420837205, -0.00158064404968, -0.00119328172877, 0.000608876813203, -0.00108655286022, 0.00238701235503, -0.000991799752228, 0.00342310895212, -0.00727787101641, 0.0180360283703]]}, "spectral_contrast_coeffs": {"dmean": [0.0524976439774, 0.067653298378, 0.0596516802907, 0.0621080100536, 0.0456249453127, 0.0318814590573], "dmean2": [0.0864495337009, 0.108347520232, 0.094540797174, 0.0953744649887, 0.0694581791759, 0.0480569265783], "dvar": [0.00201688567176, 0.0037378447596, 0.00274059921503, 0.00295353843831, 0.00162583426572, 0.000716760114301], "dvar2": [0.00530165107921, 0.00862658582628, 0.00603709323332, 0.00631246576086, 0.00346515327692, 0.00172711233608], "max": [-0.372004389763, -0.374812722206, -0.514450073242, -0.474969267845, -0.598385095596, -0.637774884701], "mean": [-0.614644169807, -0.619650840759, -0.717465519905, -0.714847743511, -0.782948255539, -0.795270681381], "median": [-0.614679038525, -0.605345010757, -0.71907889843, -0.717831254005, -0.790695309639, -0.795468330383], "min": [-0.967688083649, -0.961820662022, -0.954233944416, -0.96671807766, -0.963620126247, -0.960720956326], "var": [0.00636830320582, 0.00864226650447, 0.00733348587528, 0.00805250369012, 0.00491671124473, 0.00221165409312]}, "spectral_contrast_valleys": {"dmean": [0.512327730656, 0.560716032982, 0.725339055061, 0.901449084282, 0.982226371765, 1.10322439671], "dmean2": [0.819746673107, 0.8394485116, 1.09188842773, 1.26884949207, 1.40781748295, 1.59034252167], "dvar": [0.248991385102, 0.276894360781, 0.413374841213, 0.564298808575, 0.701230227947, 0.803412854671], "dvar2": [0.510304570198, 0.556505858898, 0.856838285923, 1.14742779732, 1.47744846344, 1.5828794241], "max": [-5.90949249268, -4.44947433472, -5.58093261719, -5.78915739059, -5.46161794662, -8.04977416992], "mean": [-7.99147415161, 