{"lowlevel": {"average_loudness": 0.893785178661, "barkbands_crest": {"dmean": 2.37361860275, "dmean2": 3.82927322388, "dvar": 6.11982154846, "dvar2": 16.3284473419, "max": 26.4301700592, "mean": 11.3417663574, "median": 10.9535369873, "min": 2.27343249321, "var": 17.7357444763}, "barkbands_flatness_db": {"dmean": 0.025312082842, "dmean2": 0.0345149412751, "dvar": 0.000578011502512, "dvar2": 0.00113322015386, "max": 0.457017451525, "mean": 0.12842695415, "median": 0.11598931253, "min": 0.0234844759107, "var": 0.00392333650962}, "barkbands_kurtosis": {"dmean": 2.24510145187, "dmean2": 3.54845809937, "dvar": 12.8624458313, "dvar2": 31.8482952118, "max": 164.086151123, "mean": 4.73016452789, "median": 2.43522572517, "min": -1.94599032402, "var": 131.973526001}, "barkbands_skewness": {"dmean": 0.439168512821, "dmean2": 0.682569980621, "dvar": 0.21177072823, "dvar2": 0.514337956905, "max": 11.4782676697, "mean": 1.80627632141, "median": 1.6628203392, "min": -4.08825016022, "var": 1.38057255745}, "barkbands_spread": {"dmean": 7.42749404907, "dmean2": 10.9490280151, "dvar": 81.4296340942, "dvar2": 177.148895264, "max": 148.027923584, "mean": 25.5510005951, "median": 22.6576862335, "min": 0.615389764309, "var": 241.951538086}, "dissonance": {"dmean": 0.01827583462, "dmean2": 0.0300844796002, "dvar": 0.000311587646138, "dvar2": 0.000825958210044, "max": 0.499999970198, "mean": 0.453719198704, "median": 0.460208177567, "min": 0.219443082809, "var": 0.000929898116738}, "dynamic_complexity": 3.17437458038, "erbbands_crest": {"dmean": 2.08041906357, "dmean2": 3.15300512314, "dvar": 4.31188058853, "dvar2": 9.79695224762, "max": 27.7033748627, "mean": 8.67453098297, "median": 7.78342008591, "min": 2.51061606407, "var": 15.293586731}, "erbbands_flatness_db": {"dmean": 0.021676260978, "dmean2": 0.0278874151409, "dvar": 0.000459887087345, "dvar2": 0.000890354276635, "max": 0.366169810295, "mean": 0.131812646985, "median": 0.122739523649, "min": 0.0286096576601, "var": 0.00264073908329}, "erbbands_kurtosis": {"dmean": 0.563017368317, "dmean2": 0.872187316418, "dvar": 0.470087885857, "dvar2": 1.16260790825, "max": 9.9973897934, "mean": 0.0287992078811, "median": -0.233219861984, "min": -1.74755513668, "var": 1.28176283836}, "erbbands_skewness": {"dmean": 0.262776166201, "dmean2": 0.401487916708, "dvar": 0.0644938722253, "dvar2": 0.150523304939, "max": 2.89707875252, "mean": 0.353224366903, "median": 0.353603303432, "min": -2.1056997776, "var": 0.303364992142}, "erbbands_spread": {"dmean": 8.65020656586, "dmean2": 12.6202831268, "dvar": 89.8146743774, "dvar2": 200.059860229, "max": 168.313934326, "mean": 44.5630874634, "median": 42.3676681519, "min": 8.69080162048, "var": 289.128234863}, "hfc": {"dmean": 12.1294193268, "dmean2": 16.498292923, "dvar": 314.7237854, "dvar2": 673.745605469, "max": 145.255722046, "mean": 25.3908081055, "median": 17.319190979, "min": 1.98457623668e-08, "var": 557.802062988}, "melbands_crest": {"dmean": 2.84936451912, "dmean2": 4.71117019653, "dvar": 9.21281242371, "dvar2": 25.5717391968, "max": 36.9356079102, "mean": 15.0636367798, "median": 14.8401737213, "min": 3.23679018021, "var": 21.1647701263}, "melbands_flatness_db": {"dmean": 0.0289670005441, "dmean2": 0.0404506623745, "dvar": 0.000798780063633, "dvar2": 0.00164905621205, "max": 0.603301405907, "mean": 0.204885363579, "median": 0.193440288305, "min": 0.00978838000447, "var": 0.00519266864285}, "melbands_kurtosis": {"dmean": 6.13915395737, "dmean2": 9.75336837769, "dvar": 140.53338623, "dvar2": 346.875335693, "max": 455.253051758, "mean": 15.7905254364, "median": 10.2568740845, "min": -1.65014994144, "var": 603.280944824}, "melbands_skewness": {"dmean": 0.610942363739, "dmean2": 0.953774750233, "dvar": 0.481091976166, "dvar2": 1.19164538383, "max": 19.1891956329, "mean": 3.05131053925, "median": 2.7862842083, "min": -0.245128750801, "var": 2.39992070198}, "melbands_spread": {"dmean": 5.94357538223, "dmean2": 9.18073654175, "dvar": 62.2878456116, "dvar2": 145.415679932, "max": 225.711502075, "mean": 21.0902919769, "median": 18.1035366058, "min": 0.652561843395, "var": 242.654159546}, "pitch_salience": {"dmean": 0.0605959407985, "dmean2": 0.0973374322057, "dvar": 0.0039589824155, "dvar2": 0.010008524172, "max": 0.825022399426, "mean": 0.487568348646, "median": 0.489644229412, "min": 0.0631271377206, "var": 0.012478467077}, "silence_rate_20dB": {"dmean": 0, "dmean2": 0, "dvar": 0, "dvar2": 0, "max": 1, "mean": 1, "median": 1, "min": 1, "var": 0}, "silence_rate_30dB": {"dmean": 0.0214698594064, "dmean2": 0.0429468117654, "dvar": 0.0210071634501, "dvar2": 0.0569547787309, "max": 1, "mean": 0.986459732056, "median": 1, "min": 0, "var": 0.0133567694575}, "silence_rate_60dB": {"dmean": 0.00297274976037, "dmean2": 0.00578130176291, "dvar": 0.00296395388432, "dvar2": 0.00673982128501, "max": 1, "mean": 0.0275759585202, "median": 0, "min": 0, "var": 0.0268155690283}, "spectral_centroid": {"dmean": 212.454147339, "dmean2": 319.511962891, "dvar": 57932.6367188, "dvar2": 128908.867188, "max": 4385.63867188, "mean": 1194.0090332, "median": 1127.48779297, "min": 215.662963867, "var": 257907.515625}, "spectral_complexity": {"dmean": 3.47547483444, "dmean2": 5.25239515305, "dvar": 20.819480896, "dvar2": 46.9960823059, "max": 51, "mean": 18.2485141754, "median": 18, "min": 0, "var": 66.7872924805}, "spectral_decrease": {"dmean": 2.91691759635e-09, "dmean2": 4.54968462904e-09, "dvar": 2.25975800639e-17, "dvar2": 5.62841415875e-17, "max": 4.44372330613e-16, "mean": -8.56164472651e-09, "median": -6.80605971581e-09, "min": -5.33583097706e-08, "var": 4.59831423054e-17}, "spectral_energy": {"dmean": 0.0117543181404, "dmean2": 0.018068080768, "dvar": 0.000353865063516, "dvar2": 0.000871629919857, "max": 0.207769393921, "mean": 0.034616637975, "median": 0.0277897454798, "min": 1.78732040019e-12, "var": 0.000726459140424}, "spectral_energyband_high": {"dmean": 0.000958390475716, "dmean2": 0.0013242540881, "dvar": 2.30686987379e-06, "dvar2": 4.85365399072e-06, "max": 0.0130177466199, "mean": 0.00140637077857, "median": 0.000653761206195, "min": 1.26188198345e-12, "var": 3.66498784388e-06}, "spectral_energyband_low": {"dmean": 0.00661010295153, "dmean2": 0.0108616985381, "dvar": 0.000172667045263, "dvar2": 0.000455420988146, "max": 0.180830478668, "mean": 0.0154715897515, "median": 0.0100563485175, "min": 3.31568268935e-14, "var": 0.000350902264472}, "spectral_energyband_middle_high": {"dmean": 0.0019682822749, "dmean2": 0.00292816758156, "dvar": 8.97012614587e-06, "dvar2": 2.15227410081e-05, "max": 0.034559790045, "mean": 0.00518505694345, "median": 0.00426079146564, "min": 2.53115318418e-13, "var": 1.67245962075e-05}, "spectral_energyband_middle_low": {"dmean": 0.00559770362452, "dmean2": 0.00878870859742, "dvar": 0.000167160382261, "dvar2": 0.000418245326728, "max": 0.135367587209, "mean": 0.0129245594144, "median": 0.0100085623562, "min": 4.51140894661e-14, "var": 0.000176125467988}, "spectral_entropy": {"dmean": 0.268789231777, "dmean2": 0.3407728374, "dvar": 0.0788024365902, "dvar2": 0.150331497192, "max": 9.00811386108, "mean": 7.48933839798, "median": 7.56920719147, "min": 4.92808294296, "var": 0.366779446602}, "spectral_flux": {"dmean": 0.0305357333273, "dmean2": 0.0448360778391, "dvar": 0.00147854967508, "dvar2": 0.00303070503287, "max": 0.374708980322, "mean": 0.0755047276616, "median": 0.0586877241731, "min": 2.86139911623e-05, "var": 0.00343108177185}, "spectral_kurtosis": {"dmean": 1.63082242012, "dmean2": 2.43734025955, "dvar": 5.17053461075, "dvar2": 12.0532999039, "max": 56.7161178589, "mean": 4.38303279877, "median": 3.33797836304, "min": -0.339044809341, "var": 14.2531385422}, "spectral_rms": {"dmean": 0.000862721062731, "dmean2": 0.00127584766597, "dvar": 1.3306554365e-06, "dvar2": 3.04857667288e-06, "max": 0.0142373396084, "mean": 0.00537486420944, "median": 0.00520691368729, "min": 4.17579606449e-08, "var": 4.88319847136e-06}, "spectral_rolloff": {"dmean": 647.566040039, "dmean2": 1097.87475586, "dvar": 1919022.125, "dvar2": 4513122.5, "max": 19595.2148438, "mean": 1559.52355957, "median": 1055.12695312, "min": 86.1328125, "var": 4645890.5}, "spectral_skewness": {"dmean": 0.227052792907, "dmean2": 0.330838471651, "dvar": 0.0649202615023, "dvar2": 0.142708748579, "max": 6.21282625198, "mean": 1.69004690647, "median": 1.59365963936, "min": 0.583500027657, "var": 0.240800440311}, "spectral_spread": {"dmean": 1164906, "dmean2": 1544609.625, "dvar": 1487314223100.0, "dvar2": 3315324682240.0, "max": 15018289, "mean": 5939277, "median": 5656332.5, "min": 1237039.5, "var": 4416336822270.0}, "spectral_strongpeak": {"dmean": 0.397893846035, "dmean2": 0.708756506443, "dvar": 1.16443669796, "dvar2": 3.25093913078, "max": 24.7604484558, "mean": 0.749290585518, "median": 0.417905420065, "min": 0, "var": 1.28092885017}, "zerocrossingrate": {"dmean": 0.0160607025027, "dmean2": 0.0181460920721, "dvar": 0.000274664373137, "dvar2": 0.000357451091986, "max": 0.64794921875, "mean": 0.0724415555596, "median": 0.0625, "min": 0.0029296875, "var": 0.00294058932923}, "barkbands": {"dmean": [0.000983632169664, 0.00524442037567, 0.00130070280284, 0.000348983856384, 0.00391287310049, 0.000794799474534, 0.00118242192548, 0.000643416366074, 0.000392294692574, 0.000609532056842, 0.000291550270049, 0.000242184411036, 0.000516003463417, 0.000291440461297, 0.000217856228119, 0.000287983071757, 0.000209535006434, 0.000116877658002, 0.000147158076288, 7.76991801104e-05, 0.000130789761897, 0.000166082740179, 0.00015774606436, 0.000188163525308, 0.000220695495955, 0.00010822834156, 5.07399672642e-05], "dmean2": [0.00171944184694, 0.00856700725853, 0.00219983560964, 0.000590598094277, 0.00648226961493, 0.00138162646908, 0.00171126949135, 0.0010063360678, 0.000582566193771, 0.000881152634975, 0.000456148496596, 0.00037753325887, 0.00077655678615, 0.000457358226413, 0.000373044225853, 0.000454176013591, 0.000340014201356, 0.000185634620721, 0.000243945411057, 0.000126230937894, 0.000211455495446, 0.000243783724727, 0.000233687576838, 0.000268703239271, 0.000312869320624, 0.000155338697368, 7.77587338234e-05], "dvar": [1.00939305412e-05, 0.000113196532766, 5.6642538766e-06, 4.73013955116e-07, 0.000120362426969, 3.3657934182e-06, 4.68364896733e-06, 1.56692294695e-06, 1.30631076445e-06, 1.24760833842e-06, 3.8771366917e-07, 2.68781747081e-07, 1.83732606729e-06, 3.97446257239e-07, 3.88223895698e-07, 1.7218255266e-07, 1.16538309669e-07, 5.10082323046e-08, 1.30357406647e-07, 1.83271300358e-08, 6.19789801704e-08, 8.85885782509e-08, 1.05247863758e-07, 1.31576967988e-07, 1.86927877621e-07, 3.47364306208e-08, 6.06438455009e-09], "dvar2": [2.7301013688e-05, 0.000302780012134, 1.5135711692e-05, 1.2894165593e-06, 0.000311750744004, 9.58358577918e-06, 1.02426502053e-05, 3.90654304283e-06, 2.61790796685e-06, 2.99219232147e-06, 9.87963630905e-07, 7.25010238511e-07, 4.40788335254e-06, 9.71831582319e-07, 1.06495133423e-06, 4.14431383433e-07, 2.84424373831e-07, 1.21214441151e-07, 3.41727115938e-07, 4.96334351396e-08, 1.63487584359e-07, 2.00071113454e-07, 2.4220454975e-07, 2.92464790164e-07, 4.01033787512e-07, 7.38311527471e-08, 1.35597755246e-08], "max": [0.0475493893027, 0.130308762193, 0.0338896811008, 0.00930275209248, 0.118260920048, 0.0207654256374, 0.0342186577618, 0.0327724516392, 0.0373195894063, 0.0217741243541, 0.00817228015512, 0.00720395520329, 0.0207270625979, 0.0139580052346, 0.00859233178198, 0.00882233213633, 0.00522729801014, 0.0044857012108, 0.0118957255036, 0.00143740174826, 0.00250911922194, 0.00353280920535, 0.00530877755955, 0.00637853192165, 0.00485416594893, 0.00170174392406, 0.00064722757088], "mean": [0.0010576316854, 0.0115069085732, 0.00272752670571, 0.000649318681099, 0.006330170203, 0.00151475542225, 0.00229002744891, 0.00126924866345, 0.000604917644523, 0.00116121780593, 0.000523319409695, 0.000460510811536, 0.000825877301395, 0.00048371811863, 0.000275423604762, 0.000588071532547, 0.000444905512268, 0.00020878201758, 0.000240917797782, 0.000117520605272, 0.000194345673663, 0.000237270971411, 0.000209629739402, 0.000257601641351, 0.000262629124336, 0.000124241792946, 5.01590911881e-05], "median": [0.000124261583551, 0.00676614791155, 0.00114719115663, 0.000243595408392, 0.00362873869017, 0.0010159740923, 0.00106299715117, 0.00077613000758, 0.000215906678932, 0.000541502493434, 0.000265413458692, 0.000276053440757, 0.000259368476691, 0.000244357099291, 0.000111706256575, 0.00035405496601, 0.000248921627644, 8.45161703182e-05, 0.000114448688691, 6.47763590678e-05, 9.7546588222e-05, 0.000106487008452, 7.96679742052e-05, 9.93947542156e-05, 5.94099183218e-05, 2.73475816357e-05, 8.25912320579e-06], "min": [4.25488772904e-14, 1.30785630942e-14, 1.23522179423e-15, 4.09053862509e-16, 5.36553867471e-16, 3.15353246175e-15, 3.78521363491e-15, 1.36487119824e-14, 1.38525377557e-14, 1.9676195894e-14, 4.69341930161e-15, 9.61006058395e-15, 4.34489175595e-14, 1.34893808499e-14, 1.56052318826e-14, 2.38453123891e-14, 3.45139667985e-14, 2.51438138973e-14, 3.73468955956e-14, 4.80852709809e-14, 4.82372490204e-14, 6.84842400888e-14, 9.42945672716e-14, 1.82435392748e-13, 2.18397714735e-13, 2.40915062422e-13, 4.3070451719e-13], "var": [7.94170682639e-06, 0.00020670950471, 1.38323657666e-05, 8.51201662044e-07, 0.000105605176941, 3.23270774061e-06, 9.84000780591e-06, 2.6859834179e-06, 2.3640004656e-06, 2.56100793194e-06, 5.60500438951e-07, 3.59359148661e-07, 2.46237436841e-06, 5.70857764615e-07, 3.16750060847e-07, 5.37993855687e-07, 3.61567344953e-07, 1.78998035949e-07, 4.26726217029e-07, 2.08486579112e-08, 7.08936838123e-08, 1.20496196132e-07, 1.30082966621e-07, 1.9822135755e-07, 2.51820210906e-07, 4.93850684791e-08, 7.55805551478e-09]}, "erbbands": {"dmean": [0.196610033512, 1.05533325672, 1.64097952843, 1.19129896164, 3.68793487549, 19.7058868408, 10.6933412552, 7.23806905746, 16.8403892517, 16.7425270081, 7.9356007576, 10.8584527969, 10.9357004166, 19.7419052124, 13.7756977081, 10.062374115, 23.0558738708, 17.1262149811, 12.1083307266, 15.2465295792, 11.2204561234, 9.53310489655, 7.32459354401, 8.15372467041, 5.05809926987, 3.62547373772, 4.92330312729, 5.16393327713, 6.88917064667, 4.82524442673, 4.63597345352, 3.93260145187, 2.97577381134, 2.284085989, 1.78051936626, 0.510671555996, 0.200217202306, 0.0538626722991, 0.00889743398875, 0.000455573870568], "dmean2": [0.32977989316, 1.71678376198, 2.75894975662, 1.97111642361, 6.1901845932, 32.7265625, 17.7878456116, 12.5202846527, 24.2410106659, 25.6667881012, 12.3088207245, 16.0132713318, 17.0670089722, 27.7917423248, 20.6943283081, 16.0346889496, 34.5304222107, 26.6096744537, 20.1229839325, 24.9504337311, 17.8309402466, 15.4973258972, 11.7962751389, 13.5667419434, 8.31445598602, 5.91582679749, 8.14027786255, 8.14430236816, 10.3067789078, 6.99771928787, 6.85960865021, 5.66667556763, 4.30187511444, 3.23059654236, 2.59683823586, 0.724939465523, 0.294959187508, 0.0804302468896, 0.0135932890698, 0.000704291160218], "dvar": [0.195749089122, 4.37835359573, 9.11465263367, 5.31979846954, 87.6893157959, 3588.81884766, 480.214874268, 272.879821777, 966.672668457, 780.871337891, 245.302062988, 1125.47802734, 818.844238281, 1143.10522461, 729.475646973, 542.403015137, 3069.4140625, 1467.81994629, 868.443847656, 840.074584961, 276.708557129, 245.773376465, 207.069213867, 564.212036133, 87.1477050781, 38.7308998108, 116.361274719, 78.3714141846, 216.312988281, 81.9005661011, 92.5207443237, 80.3735351562, 23.8455352783, 16.8745956421, 14.6394453049, 0.865387260914, 0.132787838578, 0.00776640232652, 0.000188810940017, 4.75216836548e-07], "dvar2": [0.531837761402, 11.6682863235, 24.1202125549, 13.6015014648, 230.533050537, 9230.40722656, 1327.54736328, 781.859924316, 2148.99707031, 1894.26196289, 593.66986084, 2217.37011719, 2097.48413086, 2406.47192383, 1756.65771484, 1479.34228516, 7228.84326172, 3593.06567383, 2352.35888672, 2251.48388672, 664.605834961, 605.851135254, 485.737487793, 1468.82775879, 234.118759155, 105.426574707, 320.704650879, 196.797943115, 501.07522583, 182.924240112, 216.276672363, 182.49382019, 51.4188461304, 34.9711799622, 32.6658706665, 1.8033002615, 0.297160238028, 0.0173503067344, 0.00041609298205, 1.07747632683e-06], "max": [6.56612014771, 25.811416626, 43.3117790222, 33.1842536926, 113.297889709, 640.944335938, 270.008209229, 185.812561035, 430.849212646, 488.543395996, 305.474121094, 1140.38317871, 853.407409668, 527.717224121, 386.837249756, 341.741851807, 757.420043945, 767.079345703, 375.213989258, 590.760742188, 349.357452393, 238.882064819, 313.831604004, 859.058776855, 103.818588257, 65.4429779053, 152.604782104, 90.1265335083, 192.719284058, 101.251853943, 172.79335022, 176.399917603, 82.649810791, 48.8223457336, 55.2726402283, 10.0434799194, 5.55740642548, 0.811413168907, 0.117861561477, 0.00548565154895], "mean": [0.376392602921, 2.34029603004, 3.85473012924, 2.48656105995, 5.37456226349, 26.5624866486, 23.1081619263, 14.6575508118, 33.2882232666, 33.706653595, 16.0085258484, 17.4062404633, 18.8937282562, 38.5315208435, 28.6528930664, 19.3546142578, 38.638923645, 29.7811756134, 17.7669868469, 26.7989501953, 24.4990062714, 20.8102321625, 14.9961013794, 13.9301729202, 7.30341482162, 5.61119842529, 6.90865087509, 7.82648468018, 9.30290985107, 7.01490306854, 6.06851863861, 5.44860363007, 3.93480181694, 2.85516119003, 2.00606775284, 0.595058143139, 0.2235570997, 0.0570103935897, 0.00883899722248, 0.000467840087367], "median": [0.177725315094, 1.57073640823, 1.75315511227, 1.08252215385, 2.6432518959, 12.7047185898, 15.711892128, 10.5868635178, 17.4374332428, 22.300825119, 9.44695472717, 6.48265123367, 11.347026825, 13.4597768784, 15.3324947357, 13.2995119095, 15.1809520721, 16.151058197, 8.5009765625, 15.5827159882, 16.2636108398, 11.8443832397, 7.29747867584, 6.33182573318, 3.81984353065, 3.28080677986, 3.66806554794, 3.9276843071, 3.71135616302, 3.02956342697, 2.23553419113, 1.87470257282, 1.52939724922, 0.772473931313, 0.40404433012, 0.125543862581, 0.0503450483084, 0.0104261012748, 0.00142549793236, 0.000107535423012], "min": [8.98341676655e-13, 1.35014991808e-12, 1.59066781014e-12, 1.35641140247e-12, 1.58453849e-12, 1.13815250627e-12, 1.20881334456e-11, 2.8550396422e-11, 3.50139812977e-11, 2.2772650432e-10, 1.95670923908e-10, 2.59751664622e-10, 7.56676388214e-10, 3.6209096832e-10, 2.10447062554e-10, 4.88020346356e-10, 1.92275706468e-09, 1.0841614273e-09, 5.27007715245e-10, 1.11136766456e-09, 1.58703861164e-09, 1.97864613583e-09, 1.46751333308e-09, 1.76260384066e-09, 2.12670081545e-09, 1.81618697859e-09, 1.74638215e-09, 2.10917550092e-09, 2.87499024587e-09, 2.8529845153e-09, 2.88003132454e-09, 3.33714966771e-09, 2.73368572223e-09, 2.41615083496e-09, 1.59880519934e-09, 8.50443437894e-10, 4.49738607466e-10, 2.13596237919e-10, 6.33476812673e-11, 6.34720184398e-12], "var": [0.301363378763, 7.95466279984, 25.58852005, 11.2630367279, 80.2458496094, 2948.13696289, 606.698364258, 257.922851562, 1949.29870605, 1382.37780762, 409.400482178, 2091.85058594, 1054.37072754, 3244.95751953, 1489.79931641, 616.766052246, 4483.640625, 2002.5579834, 824.949890137, 1264.50976562, 798.728515625, 762.487426758, 828.081237793, 2119.17578125, 101.506698608, 44.927986145, 109.734657288, 104.594337463, 261.815460205, 111.794563293, 114.31867218, 116.289451599, 36.4313430786, 24.8318195343, 17.9852027893, 1.23589599133, 0.173901975155, 0.0101150618866, 0.000239962449996, 5.73439365326e-07]}, "gfcc": {"mean": [13.1027097702, 69.9180221558, -97.7261428833, 15.9639282227, -57.7547988892, 10.7170944214, -42.7115821838, 2.62002229691, -17.2172546387, 3.24486231804, -10.5614547729, 8.84432315826, -5.32371425629], "cov": [[17119.3984375, 142.894454956, -205.461380005, 337.941070557, -131.71395874, 549.545898438, -275.552947998, 172.641372681, -230.893432617, 411.05657959, -83.4673690796, 255.283554077, -154.348327637], [142.894454956, 1757.56652832, -255.60836792, 335.765167236, 233.808029175, 130.718643188, 204.213607788, 2.17387723923, 151.120056152, -16.4941749573, 47.9066009521, -51.6630783081, 87.129737854], [-205.461380005, -255.60836792, 800.824584961, 264.43762207, 391.667449951, 307.201293945, 260.143493652, 153.81312561, 119.903869629, 122.384887695, 2.55043792725, -29.2271270752, -48.3683853149], [337.941070557, 335.765167236, 264.43762207, 566.394104004, 362.717010498, 280.481781006, 231.609039307, 135.533966064, 129.086975098, 118.148933411, 11.2342176437, -30.8135089874, -4.87849187851], [-131.71395874, 233.808029175, 391.667449951, 362.717010498, 514.517944336, 308.320526123, 256.962371826, 136.304504395, 134.443099976, 107.317932129, 11.5287923813, -28.1434593201, -17.0310440063], [549.545898438, 130.718643188, 307.201293945, 280.481781006, 308.320526123, 371.116882324, 234.766830444, 96.6162567139, 106.462905884, 138.716247559, 18.0928611755, -20.1064586639, -15.9193964005], [-275.552947998, 204.213607788, 260.143493652, 231.609039307, 256.962371826, 234.766830444, 305.393676758, 95.9984512329, 94.2105789185, 87.4192581177, 48.1633377075, -29.3848400116, -21.6457710266], [172.641372681, 2.17387723923, 153.81312561, 135.533966064, 136.304504395, 96.6162567139, 95.9984512329, 162.032104492, 85.2090606689, 32.5138206482, 8.50394535065, 30.8965930939, -7.79830980301], [-230.893432617, 151.120056152, 119.903869629, 129.086975098, 134.443099976, 106.462905884, 94.2105789185, 85.2090606689, 161.279937744, 61.5041847229, 4.22287845612, -9.49739646912, 25.40574646], [411.05657959, -16.4941749573, 122.384887695, 118.148933411, 107.317932129, 138.716247559, 87.4192581177, 32.5138206482, 61.5041847229, 152.617889404, 19.9000873566, -29.0913734436, -13.7796039581], [-83.4673690796, 47.9066009521, 2.55043792725, 11.2342176437, 11.5287923813, 18.0928611755, 48.1633377075, 8.50394535065, 4.22287845612, 19.9000873566, 105.837036133, 18.25507164, -25.2342739105], [255.283554077, -51.6630783081, -29.2271270752, -30.8135089874, -28.1434593201, -20.1064586639, -29.3848400116, 30.8965930939, -9.49739646912, -29.0913734436, 18.25507164, 113.32975769, 23.891998291], [-154.348327637, 87.129737854, -48.3683853149, -4.87849187851, -17.0310440063, -15.9193964005, -21.6457710266, -7.79830980301, 25.40574646, -13.7796039581, -25.2342739105, 23.891998291, 107.758972168]], "icov": [[0.000107638115878, -0.00011079460819, 8.99468659554e-07, -3.3679389162e-05, 0.000196277425857, -0.000388908869354, 0.000381343299523, -0.000334367447067, 0.000446143152658, -0.000450384366559, 0.000205873788218, -0.000289510702714, 0.000218231478357], [-0.00011079460819, 0.00122496928088, 0.000892263080459, -0.000496206746902, -0.000718462688383, 0.000287452508928, -0.00111369113438, 0.00110697350465, -0.00149077817332, 0.00150477688294, -0.000693305395544, 0.000719241681509, -0.000763737189118], [8.99468659554e-07, 0.000892263080459, 0.00306254369207, 2.41249144892e-05, -0.00153787760064, -0.000694222690072, -0.00118547060993, -0.000328970374539, -0.000710684689693, 0.000431604043115, 0.000304825342027, 0.000428360101068, 0.00024717694032], [-3.3679389162e-05, -0.000496206746902, 2.41249144892e-05, 0.0040550804697, -0.00153070059605, -0.000713463581633, -0.000290727126412, -0.00162683392409, 0.000369620596757, -0.000983477919362, 0.000327581888996, 0.00059719721321, -0.000244672992267], [0.000196277425857, -0.000718462688383, -0.00153787760064, -0.00153070059605, 0.00647597433999, -0.00265667960048, 2.19526664296e-05, -0.00137488974724, 0.000329793139827, -0.000295499747153, 0.000837039726321, -0.000419265852543, 0.000811851699837], [-0.000388908869354, 0.000287452508928, -0.000694222690072, -0.000713463581633, -0.00265667960048, 0.0103036733344, -0.00469176797196, 0.00203708745539, -0.00163770618383, -0.00269328407012, 0.000770703190938, -0.0008339251508, -0.000419027579483], [0.000381343299523, -0.00111369113438, -0.00118547060993, -0.000290727126412, 2.19526664296e-05, -0.00469176797196, 0.0106001673266, -0.00333113525994, 0.0018558515003, -0.00117057352327, -0.00282946438529, 0.00126911944244, 0.000568791758269], [-0.000334367447067, 0.00110697350465, -0.000328970374539, -0.00162683392409, -0.00137488974724, 0.00203708745539, -0.00333113525994, 0.0144363781437, -0.00752800097689, 0.00277230446227, 0.000644862593617, -0.00452464213595, 0.00214748922735], [0.000446143152658, -0.00149077817332, -0.000710684689693, 0.000369620596757, 0.000329793139827, -0.00163770618383, 0.0018558515003, -0.00752800097689, 0.0147506594658, -0.00538760516793, 0.000531567260623, 0.000973908172455, -0.00307773263194], [-0.000450384366559, 0.00150477688294, 0.000431604043115, -0.000983477919362, -0.000295499747153, -0.00269328407012, -0.00117057352327, 0.00277230446227, -0.00538760516793, 0.0143775865436, -0.00348151056096, 0.00389444199391, -0.000761712901294], [0.000205873788218, -0.000693305395544, 0.000304825342027, 0.000327581888996, 0.000837039726321, 0.000770703190938, -0.00282946438529, 0.000644862593617, 0.000531567260623, -0.00348151056096, 0.0134771484882, -0.0051363799721, 0.00445586303249], [-0.000289510702714, 0.000719241681509, 0.000428360101068, 0.00059719721321, -0.000419265852543, -0.0008339251508, 0.00126911944244, -0.00452464213595, 0.000973908172455, 0.00389444199391, -0.0051363799721, 0.0143842333928, -0.00516253849491], [0.000218231478357, -0.000763737189118, 0.00024717694032, -0.000244672992267, 0.000811851699837, -0.000419027579483, 0.000568791758269, 0.00214748922735, -0.00307773263194, -0.000761712901294, 0.00445586303249, -0.00516253849491, 0.0134623069316]]}, "melbands": {"dmean": [0.0016055010492, 0.00101189385168, 0.000219694949919, 0.000827417068649, 0.000527287193108, 0.00016093548038, 0.00025720251142, 0.000181865718332, 6.14005693933e-05, 6.33674499113e-05, 5.43954847672e-05, 8.33239755593e-05, 4.52644453617e-05, 3.02631360682e-05, 3.0149030863e-05, 5.42200868949e-05, 3.16535260936e-05, 2.04068728635e-05, 1.65007058968e-05, 2.44305610977e-05, 1.19125370475e-05, 1.17535437312e-05, 1.01376699604e-05, 4.79038817502e-06, 7.62030140322e-06, 4.2867322918e-06, 3.03227739096e-06, 2.34423896472e-06, 3.08817766381e-06, 3.18014440381e-06, 3.00608371617e-06, 4.71498105981e-06, 2.50015114034e-06, 2.81248958345e-06, 3.08356561618e-06, 2.14461306314e-06, 2.76323544313e-06, 2.09730683309e-06, 1.91008257389e-06, 2.06534195968e-06], "dmean2": [0.00265264837071, 0.00166312954389, 0.000369602203136, 0.00137278693728, 0.000867875525728, 0.000274863152299, 0.000368579290807, 0.000280056730844, 9.44731291384e-05, 9.35671851039e-05, 8.56365732034e-05, 0.000117590760055, 6.92028042977e-05, 4.63851501991e-05, 4.64781878691e-05, 8.21505163913e-05, 4.93142397318e-05, 3.36224256898e-05, 2.79268551822e-05, 3.87276886613e-05, 1.89770744328e-05, 1.88390822586e-05, 1.62562773767e-05, 7.88351280789e-06, 1.27334860736e-05, 7.05998945705e-06, 5.10090058015e-06, 3.81006043426e-06, 5.13908435096e-06, 5.2495311138e-06, 4.83786607219e-06, 7.16464319339e-06, 3.689900268e-06, 4.16486136601e-06, 4.61949912278e-06, 3.26005238094e-06, 3.98680413127e-06, 3.06087736135e-06, 2.78634524875e-06, 2.95481891044e-06], "dvar": [1.17940135169e-05, 3.44517980011e-06, 1.6157156324e-07, 6.44908232061e-06, 1.46525883338e-06, 1.36073083468e-07, 2.29079930136e-07, 9.77970913141e-08, 1.59041686487e-08, 3.52941995629e-08, 2.12321076276e-08, 2.15697220085e-08, 9.5405212619e-09, 3.93848953451e-09, 4.17374934614e-09, 2.29700702903e-08, 4.88981610758e-09, 2.15758166888e-09, 1.74271963527e-09, 1.29665134185e-09, 3.51170703627e-10, 3.63624963473e-10, 6.89784340757e-10, 8.5350559953e-11, 5.84082560096e-10, 6.1622984493e-11, 3.60772696439e-11, 1.46122645234e-11, 4.56693016737e-11, 4.27936401592e-11, 2.70383576639e-11, 1.24122254141e-10, 1.61622885214e-11, 3.35695846121e-11, 4.6786935437e-11, 1.70698351287e-11, 6.80142747678e-11, 1.17682374262e-11, 1.29391428128e-11, 1.61562534184e-11], "dvar2": [3.18188831443e-05, 9.13840358407e-06, 4.20111291533e-07, 1.65120763995e-05, 3.90529976357e-06, 3.85748506915e-07, 5.04159459069e-07, 2.41164087811e-07, 3.64011434328e-08, 6.98385704823e-08, 5.44846869843e-08, 4.60476385911e-08, 2.40632029858e-08, 1.03914246097e-08, 1.00380255219e-08, 5.58154944486e-08, 1.20170007278e-08, 5.77117553746e-09, 4.7534540748e-09, 3.23728999163e-09, 8.86594686555e-10, 9.06813901747e-10, 1.45098955073e-09, 2.25559210199e-10, 1.51908974289e-09, 1.62348995358e-10, 9.91120241434e-11, 3.93396738796e-11, 1.26841273596e-10, 1.15067406992e-10, 6.82755033066e-11, 2.90634627476e-10, 3.65244050282e-11, 7.66499502758e-11, 1.09196367226e-10, 4.24346044414e-11, 1.58054389021e-10, 2.63555271357e-11, 2.78190300657e-11, 3.41826393579e-11], "max": [0.0466542579234, 0.0219666324556, 0.00494422670454, 0.0269201267511, 0.0136327100918, 0.00425132550299, 0.00705654220656, 0.00669230427593, 0.00220957072452, 0.00635468633845, 0.00425766734406, 0.00225808378309, 0.00129940500483, 0.00090505409753, 0.00115910498425, 0.00250294595025, 0.00153484602924, 0.000590033538174, 0.000660655437969, 0.000696318456903, 0.000299629551591, 0.000292736600386, 0.000785590033047, 0.000108490756247, 0.000902220606804, 8.47582996357e-05, 6.54794785078e-05, 3.77281321562e-05, 0.000114235859655, 7.22035110812e-05, 6.06557332503e-05, 0.00015589123359, 4.40082258137e-05, 7.33536362532e-05, 9.96596500045e-05, 9.66184088611e-05, 0.000174774890183, 4.24303143518e-05, 8.72671371326e-05, 6.59555444145e-05], "mean": [0.00328232371248, 0.00246741948649, 0.000479832466226, 0.0010595258791, 0.00105816603173, 0.000315886631142, 0.000504954892676, 0.00036913267104, 0.00011755257583, 9.96513699647e-05, 9.02505780687e-05, 0.000158671333338, 8.57636550791e-05, 5.98108235863e-05, 5.3828352975e-05, 8.73909812071e-05, 5.33085003553e-05, 3.0019758924e-05, 2.33040354942e-05, 4.81486495119e-05, 2.49854401773e-05, 2.16814532905e-05, 2.39955315919e-05, 6.47558545097e-06, 1.28276178657e-05, 5.54010330234e-06, 4.05479704568e-06, 3.56614737029e-06, 4.43094950242e-06, 3.9430351535e-06, 4.67015934191e-06, 5.954077551e-06, 3.75577133127e-06, 3.82729604098e-06, 3.7552649701e-06, 2.88036540042e-06, 3.71817804989e-06, 2.71185876954e-06, 2.41645966526e-06, 2.46766762757e-06], "median": [0.00175086897798, 0.0016597462818, 0.00025241629919, 0.000548955402337, 0.000659325218294, 0.000216681975871, 0.000254186597886, 0.000247939256951, 6.25254760962e-05, 3.64097468264e-05, 5.20098838024e-05, 5.03113624291e-05, 4.42252239736e-05, 3.44539403159e-05, 2.81934535451e-05, 2.80392705463e-05, 2.76403297903e-05, 1.4011413441e-05, 1.0479428056e-05, 2.83030203718e-05, 1.58821530931e-05, 1.2490336303e-05, 8.43318230181e-06, 3.25706241711e-06, 5.27649172e-06, 2.78443803836e-06, 1.86492184184e-06, 2.10614371099e-06, 2.36886262428e-06, 1.73363309841e-06, 2.32159709412e-06, 2.09093036574e-06, 1.66898962561e-06, 1.52955385602e-06, 1.14968997877e-06, 1.20841468743e-06, 9.70190967564e-07, 1.00185752672e-06, 7.95450830537e-07, 5.14035605192e-07], "min": [7.90065915793e-15, 1.09298505712e-15, 2.59230965966e-16, 7.69744234842e-17, 3.33831328153e-16, 6.43610361675e-16, 5.3343747444e-16, 2.84480314028e-15, 1.34096771671e-15, 1.95992137281e-15, 3.79970425106e-15, 1.48680572028e-15, 6.21011152065e-16, 9.8553850424e-16, 2.11662310332e-15, 4.79465244431e-15, 1.58820572846e-15, 7.02151720335e-16, 1.42438680361e-15, 1.80844541206e-15, 1.77063227311e-15, 2.47535743835e-15, 1.18458859987e-15, 1.1741118611e-15, 1.48909334451e-15, 1.1769269751e-15, 2.12865838271e-15, 9.53232138236e-16, 1.0663966929e-15, 1.14944636756e-15, 1.12372038876e-15, 1.73499484416e-15, 1.29589264666e-15, 1.61171766901e-15, 1.85330639453e-15, 1.41623485264e-15, 2.20756903087e-15, 1.74141958906e-15, 2.15125828054e-15, 2.11327435857e-15], "var": [1.88211015484e-05, 8.52020730235e-06, 3.38236304742e-07, 5.19741479366e-06, 1.65816766184e-06, 1.34623604708e-07, 4.75475587791e-07, 1.66645691024e-07, 2.77248872749e-08, 6.59326317987e-08, 2.70195563701e-08, 5.95039360007e-08, 1.47046694821e-08, 6.22656903815e-09, 6.52741327656e-09, 2.93368742632e-08, 6.71732225399e-09, 2.20472995416e-09, 1.63292224187e-09, 3.56874996221e-09, 8.07984013029e-10, 7.5758610496e-10, 4.61709026567e-09, 9.04205599284e-11, 2.29323893208e-09, 6.36568228685e-11, 3.80173600933e-11, 1.7908532296e-11, 4.4745221417e-11, 3.89899050546e-11, 3.786355951e-11, 1.43088180193e-10, 2.5847041521e-11, 4.07107195177e-11, 5.47908732274e-11, 2.16185576385e-11, 9.35389890544e-11, 1.74138845704e-11, 1.87656539613e-11, 2.25706606183e-11]}, "mfcc": {"mean": [-636.154907227, 112.372344971, 11.7942533493, 9.10731220245, 5.8145608902, 4.06078243256, -10.0485897064, -0.739619016647, -2.3344502449, -5.97184944153, -3.61344146729, 3.2037665844, 3.10161113739], "cov": [[9808.45800781, 87.6208267212, 397.485717773, 342.317108154, 470.518676758, 595.553833008, 382.93927002, 93.4834823608, 174.585983276, 120.04599762, 287.614135742, 90.2353134155, 67.7192306519], [87.6208267212, 1118.59387207, -92.556968689, 174.245361328, 93.7911529541, 153.253814697, 45.3463096619, 97.9312973022, 86.6219940186, 56.6335868835, -0.42905023694, 49.5246582031, 46.3937339783], [397.485717773, -92.556968689, 401.164245605, 106.821334839, 159.30607605, 165.401306152, 130.305648804, 98.1507568359, 117.674751282, 114.992507935, 89.2504119873, 69.0868835449, 28.4814529419], [342.317108154, 174.245361328, 106.821334839, 366.743530273, 211.185089111, 211.071792603, 148.514343262, 106.892860413, 144.282165527, 109.163223267, 74.565826416, 75.3625869751, 51.7467575073], [470.518676758, 93.7911529541, 159.30607605, 211.185089111, 329.29876709, 247.803756714, 151.946929932, 118.248825073, 159.445999146, 116.391998291, 78.9108810425, 73.6691665649, 67.2831726074], [595.553833008, 153.253814697, 165.401306152, 211.071792603, 247.803756714, 407.25479126, 233.188095093, 100.926612854, 173.582824707, 164.213150024, 129.763824463, 85.6937942505, 67.0399856567], [382.93927002, 45.3463096619, 130.305648804, 148.514343262, 151.946929932, 233.188095093, 272.104858398, 98.0043334961, 84.4914245605, 102.314460754, 128.374420166, 58.3874702454, 33.0037536621], [93.4834823608, 97.9312973022, 98.1507568359, 106.892860413, 118.248825073, 100.926612854, 98.0043334961, 186.102172852, 97.0395202637, 40.6591911316, 47.6579055786, 57.8719406128, 56.2604103088], [174.585983276, 86.6219940186, 117.674751282, 144.282165527, 159.445999146, 173.582824707, 84.4914245605, 97.0395202637, 219.645645142, 107.973358154, 41.4103126526, 40.2385902405, 61.0951080322], [120.04599762, 56.6335868835, 114.992507935, 109.163223267, 116.391998291, 164.213150024, 102.314460754, 40.6591911316, 107.973358154, 207.159164429, 82.1325836182, 47.5776443481, 10.7619228363], [287.614135742, -0.42905023694, 89.2504119873, 74.565826416, 78.9108810425, 129.763824463, 128.374420166, 47.6579055786, 41.4103126526, 82.1325836182, 161.194473267, 67.8679199219, 11.6132745743], [90.2353134155, 49.5246582031, 69.0868835449, 75.3625869751, 73.6691665649, 85.6937942505, 58.3874702454, 57.8719406128, 40.2385902405, 47.5776443481, 67.8679199219, 110.437324524, 31.9785785675], [67.7192306519, 46.3937339783, 28.4814529419, 51.7467575073, 67.2831726074, 67.0399856567, 33.0037536621, 56.2604103088, 61.0951080322, 10.7619228363, 11.6132745743, 31.9785785675, 126.652130127]], "icov": [[0.000119908931083, -7.54052598495e-06, -7.95600863057e-05, -2.85076839646e-05, -0.000107326130092, -0.000154655295773, 2.77822746284e-05, 7.97000539023e-05, 5.30456236447e-05, 0.000156593727297, -0.000172683503479, 0.000126369850477, 9.45526244323e-06], [-7.54052598495e-06, 0.00113790051546, 0.000604024739005, -0.000406035745982, 0.000207695629797, -0.000635500357021, 0.000341519538779, -0.00068283721339, 8.69044743013e-05, -0.00022432897822, 0.00041613925714, -0.000283582543489, 6.82350073475e-05], [-7.95600863057e-05, 0.000604024739005, 0.00399767188355, 0.000292257755063, -0.000670878100209, -9.03177133296e-05, -0.00043927776278, -0.0010526542319, -0.000776232744101, -0.000989700201899, -4.97008877574e-05, -0.00101197022013, 0.000507767486852], [-2.85076839646e-05, -0.000406035745982, 0.000292257755063, 0.00519945984706, -0.00183513865341, 2.0852421585e-05, -0.00123973109294, -0.000143831333844, -0.00128328579012, -0.000331853952957, 0.000427934632171, -0.00131594948471, 0.000264970265562], [-0.000107326130092, 0.000207695629797, -0.000670878100209, -0.00183513865341, 0.00772892730311, -0.00247589452192, 9.98667092063e-05, -0.00137517345138, -0.00122574996203, -0.000287308270345, 0.000698296411429, -0.000576075166464, -0.000631468079519], [-0.000154655295773, -0.000635500357021, -9.03177133296e-05, 2.0852421585e-05, -0.00247589452192, 0.00895323697478, -0.00465515628457, 0.00218524970114, -0.00261928723194, -0.00162055750843, -0.000521619745996, -0.00123647134751, -0.00109299621545], [2.77822746284e-05, 0.000341519538779, -0.00043927776278, -0.00123973109294, 9.98667092063e-05, -0.00465515628457, 0.0104275718331, -0.00313401338644, 0.00222581275739, -7.38343369449e-05, -0.00454044574872, 0.00255720689893, 0.000254505284829], [7.97000539023e-05, -0.00068283721339, -0.0010526542319, -0.000143831333844, -0.00137517345138, 0.00218524970114, -0.00313401338644, 0.0101947756484, -0.00303769856691, 0.00163057213649, 7.74556101533e-05, -0.00263110501692, -0.00165109848604], [5.30456236447e-05, 8.69044743013e-05, -0.000776232744101, -0.00128328579012, -0.00122574996203, -0.00261928723194, 0.00222581275739, -0.00303769856691, 0.010659430176, -0.00291918194853, 0.000814041646663, 0.00200524320826, -0.00202918122523], [0.000156593727297, -0.00022432897822, -0.000989700201899, -0.000331853952957, -0.000287308270345, -0.00162055750843, -7.38343369449e-05, 0.00163057213649, -0.00291918194853, 0.00917902868241, -0.00242438865826, -0.000417459668824, 0.00161786004901], [-0.000172683503479, 0.00041613925714, -4.97008877574e-05, 0.000427934632171, 0.000698296411429, -0.000521619745996, -0.00454044574872, 7.74556101533e-05, 0.000814041646663, -0.00242438865826, 0.013395014219, -0.00574196456, 0.000865014386363], [0.000126369850477, -0.000283582543489, -0.00101197022013, -0.00131594948471, -0.000576075166464, -0.00123647134751, 0.00255720689893, -0.00263110501692, 0.00200524320826, -0.000417459668824, -0.00574196456, 0.0155573738739, -0.0020689542871], [9.45526244323e-06, 6.82350073475e-05, 0.000507767486852, 0.000264970265562, -0.000631468079519, -0.00109299621545, 0.000254505284829, -0.00165109848604, -0.00202918122523, 0.00161786004901, 0.000865014386363, -0.0020689542871, 0.0105087254196]]}, "spectral_contrast_coeffs": {"dmean": [0.0505202971399, 0.0417308956385, 0.0374905914068, 0.0371232181787, 0.0278371665627, 0.024138988927], "dmean2": [0.0814265310764, 0.0658715739846, 0.0573560148478, 0.0560384094715, 0.0410558953881, 0.0367787741125], "dvar": [0.00262894225307, 0.00132820534054, 0.00106420880184, 0.00125247624237, 0.000665661529638, 0.000596742844209], "dvar2": [0.00599534576759, 0.00326984422281, 0.00232180766761, 0.00248084426858, 0.00130059709772, 0.00130729575176], "max": [-0.247771024704, -0.40304222703, -0.445656388998, -0.429520249367, -0.505310893059, -0.643029272556], "mean": [-0.614528238773, -0.682829141617, -0.71875166893, -0.715755701065, -0.758290886879, -0.778202295303], "median": [-0.638603448868, -0.682118177414, -0.723643064499, -0.716098189354, -0.760768532753, -0.777477264404], "min": [-0.92480713129, -0.960118234158, -0.950186789036, -0.95107871294, -0.946413993835, -0.933932721615], "var": [0.0145490765572, 0.00583057058975, 0.00606708973646, 0.00603632396087, 0.00325486902148, 0.00170281901956]}, "spectral_contrast_valleys": {"dmean": [0.427787691355, 0.364355236292, 0.386565536261, 0.421445310116, 0.440760344267, 0.589523255825], "dmean2": [0.671796500683, 0.553482592106, 0.551385819912, 0.592963695526, 0.563578665257, 0.675508141518], "dvar": [0.210482820868, 0.120120234787, 0.13412566483, 0.201289489865, 0.197282463312, 0.297091275454], "dvar2": [0.4296887815, 0.247020989656, 0.242678672075, 0.382107228041, 0.375447392464, 0.559443712234], "max": [-5.02930355072, -4.5816116333, -5.38296985626, -5.5767326355, -5.62982225418, -7.61832475662], "mean": [-7.43156766891,