{"lowlevel": {"average_loudness": 0.0565721206367, "barkbands_crest": {"dmean": 2.42159771919, "dmean2": 4.19207668304, "dvar": 6.18439912796, "dvar2": 18.6882953644, "max": 26.5584545135, "mean": 8.77109050751, "median": 6.098487854, "min": 2.02814340591, "var": 31.3475780487}, "barkbands_flatness_db": {"dmean": 0.0208959467709, "dmean2": 0.0342355556786, "dvar": 0.000620873004664, "dvar2": 0.00165210512932, "max": 0.560856044292, "mean": 0.122204691172, "median": 0.0808518081903, "min": 0.0125556653365, "var": 0.00637098494917}, "barkbands_kurtosis": {"dmean": 4.37812423706, "dmean2": 7.36041879654, "dvar": 86.5727081299, "dvar2": 230.96723938, "max": 288.702575684, "mean": 5.89452695847, "median": 0.137526869774, "min": -1.89954411983, "var": 190.029846191}, "barkbands_skewness": {"dmean": 0.603112339973, "dmean2": 1.00005197525, "dvar": 0.593323528767, "dvar2": 1.65363001823, "max": 11.0347099304, "mean": 1.3675737381, "median": 0.559568047523, "min": -2.23973178864, "var": 3.18740105629}, "barkbands_spread": {"dmean": 4.02403259277, "dmean2": 6.82250452042, "dvar": 12.9728546143, "dvar2": 35.8145027161, "max": 56.7309570312, "mean": 18.2437705994, "median": 19.8463745117, "min": 0.224573895335, "var": 76.3211746216}, "dissonance": {"dmean": 0.0141990901902, "dmean2": 0.0245791934431, "dvar": 0.000271768280072, "dvar2": 0.000785914191511, "max": 0.500000178814, "mean": 0.479485809803, "median": 0.485890686512, "min": 0.178443908691, "var": 0.000522495247424}, "dynamic_complexity": 2.31963372231, "erbbands_crest": {"dmean": 1.92722380161, "dmean2": 3.24416136742, "dvar": 4.12918043137, "dvar2": 10.8979883194, "max": 30.9799499512, "mean": 7.15126419067, "median": 5.70605278015, "min": 2.65990161896, "var": 16.3394966125}, "erbbands_flatness_db": {"dmean": 0.0119149908423, "dmean2": 0.0193809662014, "dvar": 0.000133284484036, "dvar2": 0.000323035026668, "max": 0.458581566811, "mean": 0.160836949944, "median": 0.153847172856, "min": 0.0549848005176, "var": 0.00113024970051}, "erbbands_kurtosis": {"dmean": 0.79211884737, "dmean2": 1.31015980244, "dvar": 3.89537286758, "dvar2": 9.24951267242, "max": 107.338935852, "mean": 0.84659409523, "median": 0.194208621979, "min": -1.59500038624, "var": 14.1171855927}, "erbbands_skewness": {"dmean": 0.281739264727, "dmean2": 0.471708416939, "dvar": 0.0689718574286, "dvar2": 0.1829726547, "max": 7.99805021286, "mean": 0.243150696158, "median": 0.11642973125, "min": -2.37630653381, "var": 0.384912848473}, "erbbands_spread": {"dmean": 3.79186654091, "dmean2": 6.35050439835, "dvar": 12.7918987274, "dvar2": 33.1222267151, "max": 85.2607040405, "mean": 23.400390625, "median": 23.0340614319, "min": 0.566088140011, "var": 50.0396194458}, "hfc": {"dmean": 6.19194126129, "dmean2": 10.4117574692, "dvar": 111.614273071, "dvar2": 293.773834229, "max": 333.123840332, "mean": 27.9162483215, "median": 23.1706428528, "min": 1.18353332916e-16, "var": 358.822753906}, "melbands_crest": {"dmean": 3.23600721359, "dmean2": 5.35532045364, "dvar": 13.2076511383, "dvar2": 30.6223869324, "max": 39.3140869141, "mean": 16.0579223633, "median": 9.88702392578, "min": 1.98745286465, "var": 140.942367554}, "melbands_flatness_db": {"dmean": 0.0251311995089, "dmean2": 0.0412752479315, "dvar": 0.000794342020527, "dvar2": 0.00215624459088, "max": 0.710718095303, "mean": 0.192844539881, "median": 0.146498680115, "min": 0.00255718780681, "var": 0.0092493807897}, "melbands_kurtosis": {"dmean": 8.99230957031, "dmean2": 15.1138143539, "dvar": 433.810638428, "dvar2": 1139.21252441, "max": 612.857421875, "mean": 12.4789104462, "median": 1.35566115379, "min": -1.89417397976, "var": 828.663879395}, "melbands_skewness": {"dmean": 0.840765237808, "dmean2": 1.39399766922, "dvar": 1.34026896954, "dvar2": 3.72641420364, "max": 21.3496227264, "mean": 2.13039469719, "median": 1.09964752197, "min": -2.28153371811, "var": 5.73969268799}, "melbands_spread": {"dmean": 5.37144947052, "dmean2": 9.00999546051, "dvar": 23.5629463196, "dvar2": 60.6231689453, "max": 152.231002808, "mean": 25.321264267, "median": 28.3819503784, "min": 0.226510316133, "var": 198.673019409}, "pitch_salience": {"dmean": 0.0704190284014, "dmean2": 0.116908155382, "dvar": 0.00516035314649, "dvar2": 0.012560557574, "max": 0.892411768436, "mean": 0.564363658428, "median": 0.687918543816, "min": 0.0307398736477, "var": 0.0560492910445}, "silence_rate_20dB": {"dmean": 0.0359106995165, "dmean2": 0.0718235298991, "dvar": 0.0346462093294, "dvar2": 0.0865614563227, "max": 1, "mean": 0.880737245083, "median": 1, "min": 0, "var": 0.104997836053}, "silence_rate_30dB": {"dmean": 0.0353756062686, "dmean2": 0.070753313601, "dvar": 0.0341341048479, "dvar2": 0.083138756454, "max": 1, "mean": 0.75109988451, "median": 1, "min": 0, "var": 0.186985969543}, "silence_rate_60dB": {"dmean": 0.00255655637011, "dmean2": 0.00508353626356, "dvar": 0.00255108973943, "dvar2": 0.00607290538028, "max": 1, "mean": 0.0064209275879, "median": 0, "min": 0, "var": 0.00638412265107}, "spectral_centroid": {"dmean": 139.736022949, "dmean2": 235.991073608, "dvar": 16945.9550781, "dvar2": 41348.6210938, "max": 11282.796875, "mean": 1452.32470703, "median": 1485.01794434, "min": 222.121673584, "var": 119504.164062}, "spectral_complexity": {"dmean": 3.1038377285, "dmean2": 5.31054162979, "dvar": 6.22952127457, "dvar2": 17.517288208, "max": 54, "mean": 32.5753860474, "median": 34, "min": 0, "var": 61.5765533447}, "spectral_decrease": {"dmean": 1.58677231354e-08, "dmean2": 2.66305519858e-08, "dvar": 1.30800415902e-15, "dvar2": 3.61641860325e-15, "max": -8.88563770659e-29, "mean": -3.02813489839e-08, "median": -6.31879171209e-09, "min": -4.80266351133e-07, "var": 3.22151363203e-15}, "spectral_energy": {"dmean": 0.0603420436382, "dmean2": 0.10127877444, "dvar": 0.0187532566488, "dvar2": 0.0518695190549, "max": 1.82002079487, "mean": 0.116820722818, "median": 0.0261938646436, "min": 1.10703544316e-20, "var": 0.0463239848614}, "spectral_energyband_high": {"dmean": 8.59843858052e-05, "dmean2": 0.000132197630592, "dvar": 1.10116005203e-07, "dvar2": 2.29451046607e-07, "max": 0.00675507588312, "mean": 0.000346045562765, "median": 0.000309454742819, "min": 7.84991089359e-21, "var": 1.52433457856e-07}, "spectral_energyband_low": {"dmean": 0.0551670528948, "dmean2": 0.0926405712962, "dvar": 0.0173137169331, "dvar2": 0.0487462729216, "max": 1.65103507042, "mean": 0.0893433764577, "median": 0.00382545939647, "min": 1.22188861798e-22, "var": 0.0401388891041}, "spectral_energyband_middle_high": {"dmean": 0.00248138583265, "dmean2": 0.00417743576691, "dvar": 2.41112720687e-05, "dvar2": 5.97060134169e-05, "max": 0.27819019556, "mean": 0.0101907672361, "median": 0.00922155473381, "min": 1.77832724537e-21, "var": 5.63902649446e-05}, "spectral_energyband_middle_low": {"dmean": 0.00509639875963, "dmean2": 0.00859538093209, "dvar": 0.000148814622662, "dvar2": 0.00040597608313, "max": 0.329549670219, "mean": 0.0128956064582, "median": 0.00934588164091, "min": 3.45928355906e-22, "var": 0.000228235730901}, "spectral_entropy": {"dmean": 0.0684880763292, "dmean2": 0.111915461719, "dvar": 0.00645636627451, "dvar2": 0.0153490658849, "max": 9.79048252106, "mean": 7.74703979492, "median": 7.81367778778, "min": 4.4741268158, "var": 0.0660222023726}, "spectral_flux": {"dmean": 0.0364291705191, "dmean2": 0.0600122958422, "dvar": 0.00394941028208, "dvar2": 0.0107094869018, "max": 0.827340364456, "mean": 0.139401704073, "median": 0.095487087965, "min": 1.05215752777e-10, "var": 0.0119448555633}, "spectral_kurtosis": {"dmean": 1.17492985725, "dmean2": 2.03798031807, "dvar": 2.19065499306, "dvar2": 6.09374475479, "max": 92.3322906494, "mean": 6.70026493073, "median": 6.26648855209, "min": -1.19624578953, "var": 7.90138053894}, "spectral_rms": {"dmean": 0.00187513523269, "dmean2": 0.00310333422385, "dvar": 9.49926561589e-06, "dvar2": 2.68152725766e-05, "max": 0.0421382263303, "mean": 0.00817798264325, "median": 0.00505519472063, "min": 3.28638787191e-12, "var": 4.70912236779e-05}, "spectral_rolloff": {"dmean": 238.355758667, "dmean2": 402.177520752, "dvar": 86394.5625, "dvar2": 186627.828125, "max": 19078.4179688, "mean": 1298.1151123, "median": 1571.92382812, "min": 43.06640625, "var": 640284.6875}, "spectral_skewness": {"dmean": 0.132847294211, "dmean2": 0.227591484785, "dvar": 0.0162197295576, "dvar2": 0.0446027368307, "max": 7.26883411407, "mean": 1.78862857819, "median": 1.74291729927, "min": -0.0181769654155, "var": 0.0770795866847}, "spectral_spread": {"dmean": 197506.53125, "dmean2": 307179.4375, "dvar": 121534742528, "dvar2": 171361222656, "max": 40442424, "mean": 3241599, "median": 3194653, "min": 894247.8125, "var": 290652880896}, "spectral_strongpeak": {"dmean": 0.490870654583, "dmean2": 0.84054684639, "dvar": 0.534024477005, "dvar2": 1.3548386097, "max": 19.364408493, "mean": 0.826622664928, "median": 0.506958425045, "min": 0, "var": 1.35117828846}, "zerocrossingrate": {"dmean": 0.00528037315235, "dmean2": 0.00678880466148, "dvar": 3.57313401764e-05, "dvar2": 4.32421365986e-05, "max": 0.5078125, "mean": 0.050386864692, "median": 0.05859375, "min": 0.0009765625, "var": 0.00065440608887}, "barkbands": {"dmean": [0.0211947280914, 0.0409252345562, 0.000943303341046, 0.000526360410731, 0.00142691703513, 0.000959786528256, 0.00071138277417, 0.00141984061338, 0.00234301877208, 0.00125330744777, 0.00137544190511, 0.000706672261003, 0.000679444521666, 0.000495154003147, 0.000416267634137, 0.000283125322312, 0.000194584266865, 0.000188308578799, 0.000129075764562, 4.36046539107e-05, 2.43733611569e-05, 1.91220970009e-05, 1.87667083082e-05, 1.77538840944e-05, 9.65006893239e-06, 6.49160301691e-06, 5.630925898e-06], "dmean2": [0.0328970365226, 0.0722751170397, 0.00164212379605, 0.000918766367249, 0.00253489241004, 0.00157303747255, 0.0012125329813, 0.00236624781974, 0.00397751666605, 0.00208544684574, 0.00233534956351, 0.00121715490241, 0.00117983296514, 0.000859894615132, 0.000722765631508, 0.000489409663714, 0.000336430588504, 0.000326270790538, 0.000223546419875, 7.48008533265e-05, 4.0788530896e-05, 3.12907577609e-05, 2.97738788504e-05, 2.74429312412e-05, 1.42126764331e-05, 9.53584185481e-06, 8.89345847099e-06], "dvar": [0.00337832816876, 0.00969377346337, 1.616449822e-06, 6.54510131426e-07, 3.16347613989e-05, 5.18930437465e-06, 1.70719329162e-06, 4.73789532407e-06, 4.16314142058e-05, 6.30976819593e-06, 1.96683959075e-05, 5.70700990465e-07, 7.11921188667e-07, 2.45469465199e-07, 2.05023454214e-07, 7.46334052337e-08, 3.44933965835e-08, 3.30389866576e-08, 1.58549333662e-08, 2.65652344567e-09, 2.06205230668e-09, 2.46257081393e-09, 3.6336096354e-09, 4.84761164543e-09, 3.90913967863e-09, 1.85397019958e-09, 4.70158689758e-10], "dvar2": [0.00767049519345, 0.0315060392022, 4.63274318463e-06, 1.88482192698e-06, 9.2401074653e-05, 1.4258610463e-05, 4.75941897093e-06, 1.18410080177e-05, 0.000113458649139, 1.52301490743e-05, 4.84396878164e-05, 1.62978108165e-06, 2.03817876354e-06, 7.13376437034e-07, 6.10967958892e-07, 2.16444988155e-07, 1.00118192847e-07, 9.61565120861e-08, 4.61400837537e-08, 7.2835422138e-09, 4.87308016162e-09, 5.4430753238e-09, 7.93472132443e-09, 1.0819790397e-08, 8.75328964867e-09, 4.09503897458e-09, 1.05813535711e-09], "max": [0.924689531326, 1.05552351475, 0.0562064871192, 0.0164241418242, 0.108705729246, 0.0567233972251, 0.0443060435355, 0.0597702302039, 0.245703071356, 0.152919575572, 0.262295782566, 0.0149097647518, 0.0361324883997, 0.00731095345691, 0.00721225002781, 0.0034347763285, 0.00303023587912, 0.00304058985785, 0.00192316470202, 0.00107669690624, 0.000984649988823, 0.0013315002434, 0.0016728247283, 0.00139546766877, 0.00128189858515, 0.000893696735147, 0.000433735345723], "mean": [0.0350518301129, 0.0573518425226, 0.00130527711008, 0.000713781046215, 0.00199142587371, 0.00180424808059, 0.00108650280163, 0.00260885455646, 0.00352676515467, 0.0022044563666, 0.00205411133356, 0.00136267254129, 0.00133129477035, 0.00104496418498, 0.000903683947399, 0.000670106965117, 0.000495866232086, 0.000519899826031, 0.000374532362912, 0.000137692564749, 7.86261298344e-05, 6.03496191616e-05, 5.55159094802e-05, 4.42239797849e-05, 1.49126944962e-05, 9.83570771496e-06, 1.60967356351e-05], "median": [0.000466790283099, 0.00138422346208, 0.000711387838237, 0.000432654691394, 0.00118230562657, 0.00104883802123, 0.000731233041734, 0.00129326013848, 0.00169161404483, 0.00130372634158, 0.00111320707947, 0.00114609324373, 0.00111445505172, 0.000920908874832, 0.000791725004092, 0.000613032025285, 0.000465192017145, 0.000494283041917, 0.000359449826647, 0.000131802269607, 7.34483110136e-05, 5.45290968148e-05, 4.82018767798e-05, 3.41235645465e-05, 7.0950245572e-06, 4.41046631749e-06, 1.35328009492e-05], "min": [4.12068183383e-23, 2.55949896558e-23, 6.09819519559e-23, 1.92514814379e-23, 5.08629365129e-23, 6.53657656022e-23, 5.67220020935e-23, 6.55609045466e-23, 5.93769292473e-23, 1.21980501545e-22, 3.45974324409e-23, 9.6365556864e-23, 9.61697363438e-23, 1.46659226104e-22, 9.63765441187e-23, 1.90416482236e-22, 1.63524504278e-22, 2.79804595948e-22, 2.89721019289e-22, 3.94638939081e-22, 4.6208599112e-22, 6.86430005116e-22, 7.74883501671e-22, 8.71922177768e-22, 1.09559324924e-21, 1.63463409841e-21, 2.35668886006e-21], "var": [0.00744068529457, 0.017367137596, 3.7888710267e-06, 8.39956669552e-07, 2.00903668883e-05, 7.48509683035e-06, 1.94676090359e-06, 1.65421806742e-05, 7.0629423135e-05, 1.5370620531e-05, 2.79007399513e-05, 1.03392449091e-06, 1.2324845784e-06, 4.77430887713e-07, 3.6887610122e-07, 1.50591574766e-07, 7.31950962063e-08, 7.46480992575e-08, 3.60468490612e-08, 5.29513410896e-09, 3.14191717088e-09, 3.41973693807e-09, 4.67962557593e-09, 6.03150596135e-09, 4.35660840736e-09, 2.11818385054e-09, 5.47000389428e-10]}, "erbbands": {"dmean": [2.62897253036, 3.70574164391, 1.10069799423, 1.48007440567, 2.48326468468, 5.65333127975, 6.85864067078, 9.15477848053, 8.43678379059, 20.2545566559, 29.9694423676, 35.1044006348, 70.9195251465, 32.4518737793, 50.0176849365, 26.9531917572, 30.3934459686, 25.0919456482, 18.7813835144, 22.1204547882, 12.8560237885, 10.2882137299, 10.0471429825, 8.37714290619, 4.36013364792, 2.01867556572, 1.25419163704, 0.85329246521, 0.741113185883, 0.60457855463, 0.551677465439, 0.45044568181, 0.24788120389, 0.121371664107, 0.0629353746772, 0.0290307570249, 0.0120042422786, 0.00372529099695, 0.000984426238574, 0.00012749726011], "dmean2": [4.51519155502, 6.89315080643, 1.93554890156, 2.5867934227, 4.38655805588, 10.0117940903, 11.8615808487, 14.9773921967, 14.5054149628, 33.9124679565, 49.8023300171, 59.6502723694, 118.074562073, 55.1494483948, 84.7995834351, 46.4733848572, 52.6340827942, 43.629737854, 32.4893608093, 38.6338729858, 22.1887798309, 17.8238925934, 17.4281673431, 14.5616397858, 7.53103733063, 3.45864462852, 2.12904882431, 1.4271645546, 1.22340381145, 0.976271390915, 0.878545939922, 0.709520161152, 0.380951613188, 0.181585446, 0.0925963446498, 0.0425093583763, 0.0178721044213, 0.00566972373053, 0.00157435634173, 0.000207064906135], "dvar": [40.1156578064, 83.9165496826, 2.40337824821, 3.75187778473, 81.372467041, 494.426971436, 475.144317627, 394.347259521, 347.777679443, 840.101379395, 2305.78759766, 4831.71826172, 45283.9492188, 6120.48632812, 24837.4707031, 808.959960938, 1612.57897949, 661.470458984, 350.055114746, 876.528625488, 164.19519043, 100.395103455, 100.439376831, 65.8937835693, 19.1682605743, 5.73199367523, 3.08425664902, 3.01589918137, 3.4497859478, 3.16172504425, 3.28059339523, 2.37624573708, 1.24748289585, 0.552394449711, 0.18229021132, 0.0394184663892, 0.006018566899, 0.000414234353229, 1.19740343507e-05, 8.89399984771e-08], "dvar2": [121.208999634, 299.772613525, 7.15475845337, 10.8120727539, 237.590438843, 1446.19555664, 1371.12243652, 1058.52355957, 972.141479492, 2169.56518555, 5696.42675781, 12631.0166016, 114854.210938, 15484.609375, 60377.796875, 2297.95288086, 4599.57519531, 1914.39697266, 1011.11181641, 2685.890625, 473.115112305, 290.730041504, 291.259918213, 192.315002441, 54.9308547974, 15.4898529053, 7.691655159, 6.97051715851, 7.81922674179, 6.99105501175, 7.31195926666, 5.35598516464, 2.78077578545, 1.24012255669, 0.411989986897, 0.0874880924821, 0.0134157994762, 0.000929101428483, 2.74391859421e-05, 2.07650813877e-07], "max": [73.7928695679, 103.219825745, 47.8829421997, 52.0222740173, 179.173400879, 457.244415283, 507.059387207, 476.320648193, 611.559875488, 845.836853027, 1485.06079102, 3990.62280273, 8864.19140625, 6984.93310547, 9509.53320312, 628.341552734, 1872.53051758, 389.863555908, 313.407165527, 477.163116455, 209.15435791, 177.209777832, 182.416137695, 132.032485962, 71.4906387329, 62.6171188354, 42.3218955994, 39.469165802, 49.4530105591, 48.8405990601, 47.3165740967, 36.2346458435, 25.8136997223, 15.6468667984, 8.79806518555, 4.51237678528, 1.61423254013, 0.40947663784, 0.098012432456, 0.00696002785116], "mean": [3.87789368629, 4.35175085068, 1.77779054642, 2.24973130226, 3.71622109413, 7.3195400238, 10.0665521622, 16.6418037415, 13.9381961823, 33.4607086182, 56.910484314, 59.9648628235, 114.291175842, 61.4353103638, 81.651725769, 56.9945869446, 62.9345436096, 55.9177436829, 46.0015792847, 48.870880127, 33.9418144226, 28.6183605194, 28.5188903809, 24.7285251617, 13.4820775986, 6.60624790192, 4.06430053711, 2.73090028763, 2.24809980392, 1.7926299572, 1.55469107628, 1.18845391273, 0.550614595413, 0.203859314322, 0.0904649049044, 0.0402440056205, 0.018366638571, 0.00751140201464, 0.00264396006241, 0.000356988748536], "median": [0.0467458441854, 0.274528741837, 0.936210393906, 1.48160421848, 1.92976367474, 3.81622409821, 5.16498231888, 8.7258682251, 9.326795578, 20.8640708923, 28.7812423706, 36.8094673157, 46.0870285034, 42.4317932129, 49.0014572144, 48.557762146, 52.4459037781, 49.8654327393, 42.0442352295, 41.5987281799, 31.5127029419, 27.0956878662, 27.0726699829, 23.7368545532, 12.9688501358, 6.32975482941, 3.85881757736, 2.5281457901, 2.02563500404, 1.58230090141, 1.33090496063, 0.966376066208, 0.393397450447, 0.11030369997, 0.0378247499466, 0.0151922143996, 0.00868161022663, 0.00503626093268, 0.0022069439292, 0.000253825332038], "min": [1.15085713345e-21, 5.67745106949e-21, 6.05562770579e-20, 6.65434814174e-20, 1.10249423776e-19, 1.9061622414e-19, 1.70191441681e-19, 7.86388872729e-19, 5.16436101678e-19, 1.44998247333e-18, 1.49241518439e-18, 1.94640292384e-18, 2.1428550106e-18, 3.62055671985e-18, 1.93360540579e-18, 4.67864686834e-18, 4.56440826267e-18, 7.9670372191e-18, 4.73386489654e-18, 9.34522599873e-18, 7.12246017108e-18, 1.1298547668e-17, 1.30983049109e-17, 1.51217185566e-17, 1.88554563317e-17, 1.88413264325e-17, 1.89451293275e-17, 1.69957442108e-17, 1.90748097409e-17, 2.68469689979e-17, 2.15745512064e-17, 1.81739951646e-17, 1.66260920843e-17, 1.09420013911e-17, 8.08766496783e-18, 6.09255785632e-18, 3.08747562459e-18, 1.20701036931e-18, 3.55315819863e-19, 3.44097441299e-20], "var": [82.3310852051, 99.9368591309, 5.92369031906, 6.67315101624, 58.4626159668, 313.240264893, 383.834991455, 690.923034668, 369.750915527, 1533.984375, 9031.76171875, 10048.4501953, 97169.1171875, 12807.3916016, 35817.0820312, 1617.07543945, 2896.68115234, 1255.8482666, 754.198303223, 1393.70483398, 359.233032227, 225.238296509, 223.049118042, 154.279510498, 45.045589447, 12.0059404373, 5.67637729645, 4.43532133102, 4.65979003906, 4.1031665802, 4.0559887886, 3.03602528572, 1.49110901356, 0.613386690617, 0.200596004725, 0.0446728765965, 0.00676725199446, 0.00046570179984, 1.37164934131e-05, 1.4795585912e-07]}, "gfcc": {"mean": [38.2269248962, 94.3916397095, -134.865600586, 8.01669120789, -38.4171638489, 9.43482971191, -16.140794754, 7.3448266983, -4.02063798904, -5.19786071777, -2.65837144852, -1.57695949078, -9.69231319427], "cov": [[1971.71972656, 43.2694168091, 168.189300537, 161.159820557, 78.796836853, 85.37159729, -105.733009338, -123.784049988, -143.782348633, -57.1923789978, 14.2142915726, 127.506271362, 132.807342529], [43.2694168091, 498.935058594, 269.622619629, 103.990852356, 116.124580383, 43.3537139893, 126.269363403, 78.2296981812, 139.828811646, 75.0877990723, 108.054878235, 55.4522171021, 95.5292739868], [168.189300537, 269.622619629, 337.682373047, 131.382659912, 111.297180176, 55.791973114, 49.8557128906, 45.2656440735, 83.8531799316, 80.5202102661, 81.7819061279, 60.787147522, 74.5379867554], [161.159820557, 103.990852356, 131.382659912, 137.436767578, 104.422813416, 46.6628341675, 19.9436283112, 4.21439695358, 35.163192749, 32.7008476257, 44.8462905884, 30.6976528168, 32.792766571], [78.796836853, 116.124580383, 111.297180176, 104.422813416, 128.076034546, 72.4186553955, 60.7705345154, 29.3309459686, 56.6411857605, 38.5430717468, 50.7458343506, 28.216506958, 34.9292373657], [85.37159729, 43.3537139893, 55.791973114, 46.6628341675, 72.4186553955, 85.4602890015, 71.8709487915, 49.4179115295, 45.0036468506, 27.712059021, 30.6865310669, 21.5388202667, 26.6584033966], [-105.733009338, 126.269363403, 49.8557128906, 19.9436283112, 60.7705345154, 71.8709487915, 138.450180054, 105.02999115, 101.664001465, 50.0315322876, 49.042881012, 19.8118858337, 34.0717048645], [-123.784049988, 78.2296981812, 45.2656440735, 4.21439695358, 29.3309459686, 49.4179115295, 105.02999115, 121.323554993, 108.231994629, 63.9944343567, 40.9908294678, 13.3977813721, 21.1754760742], [-143.782348633, 139.828811646, 83.8531799316, 35.163192749, 56.6411857605, 45.0036468506, 101.664001465, 108.231994629, 144.429901123, 92.1781921387, 70.1248855591, 21.6110630035, 30.7880573273], [-57.1923789978, 75.0877990723, 80.5202102661, 32.7008476257, 38.5430717468, 27.712059021, 50.0315322876, 63.9944343567, 92.1781921387, 90.7325973511, 65.1867828369, 29.5294322968, 25.5436286926], [14.2142915726, 108.054878235, 81.7819061279, 44.8462905884, 50.7458343506, 30.6865310669, 49.042881012, 40.9908294678, 70.1248855591, 65.1867828369, 83.9809341431, 49.9775733948, 46.2366905212], [127.506271362, 55.4522171021, 60.787147522, 30.6976528168, 28.216506958, 21.5388202667, 19.8118858337, 13.3977813721, 21.6110630035, 29.5294322968, 49.9775733948, 61.6316871643, 54.779964447], [132.807342529, 95.5292739868, 74.5379867554, 32.792766571, 34.9292373657, 26.6584033966, 34.0717048645, 21.1754760742, 30.7880573273, 25.5436286926, 46.2366905212, 54.779964447, 74.3099136353]], "icov": [[0.000981820980087, -0.000661176862195, 0.00037755878293, -0.00118242343888, 0.00120276305825, -0.00295712496154, 0.00208796863444, -0.000359883095371, 0.00104256661143, -0.000314775184961, 0.00110603740904, -0.00158314732835, -0.000965833489317], [-0.000661176862195, 0.00869125965983, -0.00593016436324, 0.00130136834923, -0.00236895633861, 0.00983895827085, -0.00968552660197, 0.00522399600595, -0.00696807866916, 0.00795977842063, -0.00681624095887, 0.00653585605323, -0.00450731767341], [0.00037755878293, -0.00593016436324, 0.0102039389312, -0.00497361691669, 0.000447817175882, -0.00566513184458, 0.00731388712302, -0.0048248982057, 0.00549330748618, -0.00927115511149, 0.00547280628234, -0.00335083715618, -0.00127252633683], [-0.00118242343888, 0.00130136834923, -0.00497361691669, 0.0283934343606, -0.0231170579791, 0.00468877423555, 0.00530660524964, 0.000275908183539, -0.00377310719341, 0.00314391870052, -0.00297460565343, -0.000715343921911, 0.00243225018494], [0.00120276305825, -0.00236895633861, 0.000447817175882, -0.0231170579791, 0.0449876748025, -0.0255177598447, -0.00532356789336, 0.0143039030954, -0.00746225100011, 0.00114440673497, -0.00282732164487, 0.001988761127, 1.24897251226e-05], [-0.00295712496154, 0.00983895827085, -0.00566513184458, 0.00468877423555, -0.0255177598447, 0.055702008307, -0.0278407223523, -0.00506888423115, 0.00610131397843, 0.000888331909664, -0.00238417554647, 0.00335473637097, -0.00135163019877], [0.00208796863444, -0.00968552660197, 0.00731388712302, 0.00530660524964, -0.00532356789336, -0.0278407223523, 0.0547937974334, -0.0299620144069, -0.00267914240249, 0.0101854531094, -0.0047648944892, -0.00142219022382, -0.00343177746981], [-0.000359883095371, 0.00522399600595, -0.0048248982057, 0.000275908183539, 0.0143039030954, -0.00506888423115, -0.0299620144069, 0.0571162514389, -0.0310215577483, -0.00512704718858, 0.0129929846153, -0.0060424101539, 0.002187397331], [0.00104256661143, -0.00696807866916, 0.00549330748618, -0.00377310719341, -0.00746225100011, 0.00610131397843, -0.00267914240249, -0.0310215577483, 0.0635101497173, -0.0352506823838, -0.00678036734462, 0.0157775692642, -0.0069717830047], [-0.000314775184961, 0.00795977842063, -0.00927115511149, 0.00314391870052, 0.00114440673497, 0.000888331909664, 0.0101854531094, -0.00512704718858, -0.0352506823838, 0.0658951401711, -0.0320653170347, -0.00157080776989, 0.00723977340385], [0.00110603740904, -0.00681624095887, 0.00547280628234, -0.00297460565343, -0.00282732164487, -0.00238417554647, -0.0047648944892, 0.0129929846153, -0.00678036734462, -0.0320653170347, 0.0680210888386, -0.0413067042828, 0.00523393182084], [-0.00158314732835, 0.00653585605323, -0.00335083715618, -0.000715343921911, 0.001988761127, 0.00335473637097, -0.00142219022382, -0.0060424101539, 0.0157775692642, -0.00157080776989, -0.0413067042828, 0.0859903916717, -0.045346327126], [-0.000965833489317, -0.00450731767341, -0.00127252633683, 0.00243225018494, 1.24897251226e-05, -0.00135163019877, -0.00343177746981, 0.002187397331, -0.0069717830047, 0.00723977340385, 0.00523393182084, -0.045346327126, 0.0531817786396]]}, "melbands": {"dmean": [0.0169932525605, 0.0016281347489, 0.000259914493654, 0.00027999674785, 0.000250322860666, 0.000196371838683, 0.000130443295348, 0.000243512666202, 0.000228762932238, 0.000280517968349, 0.000350738002453, 0.000126202969113, 0.000204040188692, 7.97715329099e-05, 7.93229046394e-05, 6.39520658297e-05, 4.92273684358e-05, 3.47210661857e-05, 3.14130666084e-05, 2.65430517175e-05, 1.55561792781e-05, 1.23421468743e-05, 1.09533266368e-05, 9.70054770733e-06, 7.75022090238e-06, 4.7474254643e-06, 2.22786047743e-06, 1.44630178056e-06, 9.9678186416e-07, 6.73269596518e-07, 5.48578839243e-07, 5.0470964652e-07, 3.7835664557e-07, 3.77683420538e-07, 3.61242314284e-07, 3.11308667733e-07, 2.98012821531e-07, 2.00671209427e-07, 1.31562856609e-07, 9.75471934339e-08], "dmean2": [0.0290019158274, 0.00301189161837, 0.000454453751445, 0.000496401800774, 0.000437128910562, 0.000321421190165, 0.000223332972382, 0.000407120736782, 0.000381154328352, 0.000476660236018, 0.000584702705964, 0.000214722633245, 0.000345882668626, 0.00013865091023, 0.000136504095281, 0.00011141943105, 8.56294063851e-05, 6.00139792368e-05, 5.47150484635e-05, 4.61549352622e-05, 2.69248012046e-05, 2.13559887925e-05, 1.90075588762e-05, 1.68651149579e-05, 1.34735919346e-05, 8.22351466923e-06, 3.84729855796e-06, 2.48469473263e-06, 1.70484349837e-06, 1.1437118701e-06, 9.24728055907e-07, 8.44059172778e-07, 6.21037088422e-07, 6.16345232629e-07, 5.82560119256e-07, 4.97482176343e-07, 4.75450661952e-07, 3.15075283197e-07, 2.01951536383e-07, 1.46747069607e-07], "dvar": [0.00166886893567, 1.29608797579e-05, 1.76389107764e-07, 1.35753293762e-06, 6.93375739047e-07, 1.86383942946e-07, 7.78389690481e-08, 1.23168248933e-07, 1.23774427152e-07, 4.59741755776e-07, 1.07976052277e-06, 9.41042301861e-08, 4.94785410865e-07, 7.91005572154e-09, 8.57370796581e-09, 5.87994453127e-09, 2.48085063603e-09, 1.26130939027e-09, 1.11872477948e-09, 9.42617983668e-10, 2.46237447099e-10, 1.44885450859e-10, 1.16739021228e-10, 9.0484154891e-11, 5.64147548121e-11, 2.10988483629e-11, 6.75661566626e-12, 2.57032437868e-12, 1.18894033074e-12, 2.23558693259e-12, 9.33617549589e-13, 1.28276068153e-12, 1.00534348641e-12, 1.04560598461e-12, 1.25303749581e-12, 9.10826535722e-13, 9.63526242299e-13, 6.62125410923e-13, 5.09758793336e-13, 3.72971808603e-13], "dvar2": [0.00494124880061, 4.58786234958e-05, 5.10759377903e-07, 3.97860230805e-06, 2.00939462047e-06, 5.03783155636e-07, 2.17945853365e-07, 3.14439603244e-07, 3.06161751951e-07, 1.23154256926e-06, 2.74982653536e-06, 2.37863659436e-07, 1.2126610045e-06, 2.26102176981e-08, 2.37330493036e-08, 1.69765055347e-08, 7.2050641009e-09, 3.65654262424e-09, 3.32545058157e-09, 2.85914447673e-09, 7.08104630487e-10, 4.22948009948e-10, 3.37431776964e-10, 2.63190358396e-10, 1.64893224075e-10, 6.11471637213e-11, 1.90536874473e-11, 7.0206566255e-12, 3.16995561744e-12, 5.70220346635e-12, 2.2221098659e-12, 3.0044038004e-12, 2.30893819689e-12, 2.33343075765e-12, 2.85355983634e-12, 2.04898142724e-12, 2.20107287431e-12, 1.48895847908e-12, 1.15712626113e-12, 8.44521176081e-13], "max": [0.483760237694, 0.0424724966288, 0.00815128628165, 0.0249439664185, 0.0167964659631, 0.0104604857042, 0.00907602347434, 0.0113015202805, 0.011915824376, 0.0303338095546, 0.0430427417159, 0.0294959750026, 0.042249366641, 0.00216574431397, 0.00296459835954, 0.00264773261733, 0.00084367452655, 0.000685904116835, 0.000649238703772, 0.000443937431555, 0.000262403103989, 0.000198790323338, 0.000189012745977, 0.000136116432259, 0.000113728747237, 6.53099777992e-05, 5.92915821471e-05, 4.38797906099e-05, 2.69613938144e-05, 2.98885079246e-05, 2.44738457695e-05, 2.89221952698e-05, 3.14984936267e-05, 2.83499957732e-05, 2.98648155876e-05, 2.42270762101e-05, 2.35600473388e-05, 2.73389869108e-05, 1.96386408788e-05, 1.41551172419e-05], "mean": [0.0259901527315, 0.00211077253334, 0.000421021541115, 0.00038991542533, 0.000361213984434, 0.00036228238605, 0.000218690052861, 0.000418814161094, 0.000433107838035, 0.00044488007552, 0.000559500651434, 0.000224489645916, 0.000306059780996, 0.000151728207129, 0.000151831030962, 0.000126219776575, 0.000100863435364, 7.43877317291e-05, 6.71183879604e-05, 5.63307876291e-05, 3.6265446397e-05, 2.94600522466e-05, 2.69167121587e-05, 2.45108167292e-05, 1.99900478037e-05, 1.24274765767e-05, 5.99243276156e-06, 3.98805104851e-06, 2.79268010672e-06, 1.76527851181e-06, 1.52325640101e-06, 1.34414733566e-06, 1.01463797364e-06, 9.91708020592e-07, 9.19147510103e-07, 7.87864053109e-07, 7.15772500826e-07, 4.3173909603e-07, 2.27960725852e-07, 1.49526997006e-07], "median": [0.000429622246884, 0.000524712959304, 0.000281745160464, 0.000219150781049, 0.000192873456399, 0.000198339606868, 0.000149979139678, 0.000249862088822, 0.000230323377764, 0.000238605949562, 0.000227690077736, 0.000158318696776, 0.000161087489687, 0.000126599450596, 0.000123669306049, 0.000106994710222, 8.85500048753e-05, 6.57147611491e-05, 5.90087802266e-05, 4.84078700538e-05, 3.27834386553e-05, 2.72639044852e-05, 2.50291886914e-05, 2.28786520893e-05, 1.88668709598e-05, 1.16751016321e-05, 5.61603701499e-06, 3.74604451281e-06, 2.6318559776e-06, 1.59230546615e-06, 1.39392705023e-06, 1.19903006635e-06, 8.88925569598e-07, 8.59270357978e-07, 7.77861032475e-07, 6.55134272165e-07, 5.64565880268e-07, 3.12178087825e-07, 1.36668489858e-07, 7.34484046916e-08], "min": [1.13358428556e-23, 2.32526297031e-23, 1.36461482343e-23, 1.01571095361e-23, 7.51624935001e-24, 1.55345818449e-23, 9.18925688033e-24, 1.52188592003e-23, 1.13380090677e-23, 1.08616246445e-23, 1.05591059536e-23, 1.54733157516e-23, 5.49159168839e-24, 1.03867280129e-23, 1.29187900807e-23, 9.43963659848e-24, 1.53203146013e-23, 6.51541639196e-24, 8.72189623703e-24, 1.44233718634e-23, 6.85365036583e-24, 1.16205467006e-23, 1.15493070388e-23, 1.20048316131e-23, 1.14492778983e-23, 1.41034209243e-23, 1.45826444579e-23, 1.09980084398e-23, 1.24248258922e-23, 9.73880815248e-24, 9.98898118908e-24, 9.42844976198e-24, 1.59885681404e-23, 1.37203674237e-23, 1.20953510354e-23, 1.15409987558e-23, 1.15356526454e-23, 1.11503146036e-23, 1.16003376619e-23, 8.3137853586e-24], "var": [0.00357397273183, 1.67931048054e-05, 2.43424779001e-07, 8.47113540203e-07, 5.26871303919e-07, 3.09994419467e-07, 8.45705585562e-08, 2.62520273964e-07, 4.82588859541e-07, 8.71173426731e-07, 2.28241947298e-06, 1.93298561157e-07, 6.89863384196e-07, 1.33906610245e-08, 1.61169015911e-08, 9.43853617486e-09, 4.4722785475e-09, 2.42813191775e-09, 1.97617500142e-09, 1.57858415228e-09, 4.8128773189e-10, 2.77939810056e-10, 2.28160129678e-10, 1.83756967975e-10, 1.14486350955e-10, 4.36779674928e-11, 1.153167839e-11, 4.99523642936e-12, 2.4199151797e-12, 2.50262744556e-12, 1.36826769533e-12, 1.67075164467e-12, 1.26231219488e-12, 1.33778437546e-12, 1.49808420877e-12, 1.13417890531e-12, 1.24686177182e-12, 8.12090845959e-13, 5.59218632772e-13, 4.07404904083e-13]}, "mfcc": {"mean": [-602.346374512, 136.378601074, -30.4934215546, 8.45437049866, 0.552620708942, 5.35952425003, 1.23836803436, 15.55219841, -0.712472498417, 12.046916008, 3.95082354546, 5.60026359558, -1.09226155281], "cov": [[1912.65429688, -58.5297927856, 83.4305419922, 58.7329711914, 114.463768005, 108.30316925, 29.5056324005, -18.0611858368, -97.2880172729, -138.770980835, -150.304702759, -107.538200378, -54.231754303], [-58.5297927856, 402.785095215, 196.69972229, 114.584114075, 60.9370040894, 45.3238143921, 46.1858444214, 55.7453765869, 69.8083724976, 73.271270752, 67.2557525635, 55.5899009705, 59.1232833862], [83.4305419922, 196.69972229, 230.371963501, 105.62575531, 86.6929092407, 48.7652549744, 28.2185554504, 14.6564159393, 30.4704437256, 28.6630020142, 39.1184387207, 32.0157928467, 40.8162269592], [58.7329711914, 114.584114075, 105.62575531, 118.90599823, 86.0615234375, 55.8377838135, 22.6759128571, 11.8752794266, 11.3351144791, 19.3710899353, 23.7729320526, 24.6023254395, 28.19572258], [114.463768005, 60.9370040894, 86.6929092407, 86.0615234375, 108.063110352, 70.2435455322, 28.2463321686, 8.56193351746, 3.29643297195, 10.4324769974, 15.9735355377, 17.169178009, 21.2422180176], [108.30316925, 45.3238143921, 48.7652549744, 55.8377838135, 70.2435455322, 78.5028915405, 41.4389419556, 22.2470149994, 10.1273641586, 11.9436645508, 12.0047025681, 13.4877243042, 16.7959384918], [29.5056324005, 46.1858444214, 28.2185554504, 22.6759128571, 28.2463321686, 41.4389419556, 57.7172698975, 44.0191574097, 30.3350086212, 24.427652359, 18.7945384979, 16.3497180939, 16.9915313721], [-18.0611858368, 55.7453765869, 14.6564159393, 11.8752794266, 8.56193351746, 22.2470149994, 44.0191574097, 69.6772918701, 55.1551513672, 43.052532196, 29.0365276337, 23.1858768463, 21.4689426422], [-97.2880172729, 69.8083724976, 30.4704437256, 11.3351144791, 3.29643297195, 10.1273641586, 30.3350086212, 55.1551513672, 83.8577575684, 68.8915481567, 50.3300552368, 37.811870575, 33.8881607056], [-138.770980835, 73.271270752, 28.6630020142, 19.3710899353, 10.4324769974, 11.9436645508, 24.427652359, 43.052532196, 68.8915481567, 88.0170822144, 66.9293441772, 49.5708808899, 39.9574890137], [-150.304702759, 67.2557525635, 39.1184387207, 23.7729320526, 15.9735355377, 12.0047025681, 18.7945384979, 29.0365276337, 50.3300552368, 66.9293441772, 80.169380188, 57.8254814148, 42.2533073425], [-107.538200378, 55.5899009705, 32.0157928467, 24.6023254395, 17.169178009, 13.4877243042, 16.3497180939, 23.1858768463, 37.811870575, 49.5708808899, 57.8254814148, 65.7091827393, 47.2716751099], [-54.231754303, 59.1232833862, 40.8162269592, 28.19572258, 21.2422180176, 16.7959384918, 16.9915313721, 21.4689426422, 33.8881607056, 39.9574890137, 42.2533073425, 47.2716751099, 58.9507293701]], "icov": [[0.000755195331294, 0.000169268299942, -0.000499220215715, 0.000278537510894, -0.000350338348653, -0.000942922313698, 0.00027703482192, -0.000711269327439, 0.000311970186885, 0.000295319885481, 0.00126849266235, 0.000387182750273, -0.0002877037914], [0.000169268299942, 0.00572819588706, -0.00416988413781, -0.00378880300559, 0.00376585056074, -0.000574533070903, -0.000163775737747, -0.00251608807594, 0.000761417846661, -0.0022325720638, 0.000570102187339, 3.28541609633e-05, -0.000479121459648], [-0.000499220215715, -0.00416988413781, 0.0118761118501, -0.00325818127021, -0.00598977552727, 0.00406552525237, -0.00300952233374, 0.00556584633887, -0.00565348519012, 0.00516403419897, -0.00433972431347, 0.00238577928394, -0.00215400196612], [0.000278537510894, -0.00378880300559, -0.00325818127021, 0.027667382732, -0.016460262239, -0.00281767686829, 0.00477981474251, -0.00244238669984, 0.00340946251526, -0.00163695425726, 0.00195827987045, -0.00213083997369, -0.00122056703549], [-0.000350338348653, 0.00376585056074, -0.00598977552727, -0.016460262239, 0.0410176478326, -0.0247165616602, 0.00284982239828, 0.00185971183237, 0.00289359828457, -0.00219632266089, -0.001597366645, -9.70453111222e-05, -0.000267925468506], [-0.000942922313698, -0.000574533070903, 0.00406552525237, -0.00281767686829, -0.0247165616602, 0.0484610535204, -0.0248549878597, 0.00249179196544, 0.00148824497592, -0.000548195268493, 0.000354024814442, -0.000238312102738, -0.000949433539063], [0.00027703482192, -0.000163775737747, -0.00300952233374, 0.00477981474251, 0.00284982239828, -0.0248549878597, 0.0539128296077, -0.029296355322, 0.00328186131082, 0.00149353721645, -0.00112192635424, 4.67067002319e-05, -0.000731059000827], [-0.000711269327439, -0.00251608807594, 0.00556584633887, -0.00244238669984, 0.00185971183237, 0.00249179196544, -0.029296355322, 0.05275785923, -0.0271157361567, 0.00133527535945, 0.00181084149517, -0.00107604032382, 0.00128162116744], [0.000311970186885, 0.000761417846661, -0.00565348519012, 0.00340946251526, 0.00289359828457, 0.00148824497592, 0.00328186131082, -0.0271157361567, 0.0541825182736, -0.0305075831711, 0.00221484457143, 0.00218821666203, -0.00454145949334], [0.000295319885481, -0.0022325720638, 0.00516403419897, -0.00163695425726, -0.00219632266089, -0.000548195268493, 0.00149353721645, 0.00133527535945, -0.0305075831711, 0.0574714466929, -0.0283286161721, 0.000997913768515, -0.00216375640593], [0.00126849266235, 0.000570102187339, -0.00433972431347, 0.00195827987045, -0.001597366645, 0.000354024814442, -0.00112192635424, 0.00181084149517, 0.00221484457143, -0.0283286161721, 0.0585394203663, -0.0311679448932, 0.00376474228688], [0.000387182750273, 3.28541609633e-05, 0.00238577928394, -0.00213083997369, -9.70453111222e-05, -0.000238312102738, 4.67067002319e-05, -0.00107604032382, 0.00218821666203, 0.000997913768515, -0.0311679448932, 0.0626659169793, -0.029673486948], [-0.0002877037914, -0.000479121459648, -0.00215400196612, -0.00122056703549, -0.000267925468506, -0.000949433539063, -0.000731059000827, 0.00128162116744, -0.00454145949334, -0.00216375640593, 0.00376474228688, -0.029673486948, 0.0445389710367]]}, "spectral_contrast_coeffs": {"dmean": [0.0527714900672, 0.0461488589644, 0.0383490100503, 0.0249049086124, 0.0181958265603, 0.0124829337001], "dmean2": [0.0901870876551, 0.0783920735121, 0.0655035376549, 0.0429484844208, 0.0315373204648, 0.0210656449199], "dvar": [0.00186147959903, 0.001252190792, 0.000909775320906, 0.000360520876711, 0.000193188563571, 9.51254696702e-05], "dvar2": [0.00532393762842, 0.00359707255848, 0.00262760533951, 0.00106409215368, 0.000573002034798, 0.000260563596385], "max": [-0.268146783113, -0.325912863016, -0.404402196407, -0.626009821892, -0.609033107758, -0.687184274197], "mean": [-0.70248067379, -0.764716744423, -0.796505153179, -0.819022119045, -0.794687569141, -0.762139558792], "median": [-0.706588387489, -0.774622857571, -0.807855367661, -0.820213019848, -0.794262349606, -0.760344266891], "min": [-0.966636538506, -0.962809979916, -0.969136059284, -0.954802274704, -0.958547055721, -0.959929227829], "var": [0.00596993602812, 0.00430824793875, 0.00343253137544, 0.000652569287922, 0.000370247638784, 0.000265807291726]}, "spectral_contrast_valleys": {"dmean": [0.384247779846, 0.320555090904, 0.258732736111, 0.193750455976, 0.132074028254, 0.120557308197], "dmean2": [0.654379487038, 0.549868345261, 0.44612044096, 0.334111779928, 0.226612821221, 0.185989946127], "dvar": [0.104126811028, 0.0800867155194, 0.0522457808256, 0.0346103794873, 0.0222816504538, 0.0285173673183], "dvar2": [0.270971387625, 0.199991330504, 0.126364856958, 0.0764786750078, 0.0424532406032, 0.0457580089569], "max": [-4.8847489357, -4.06176233292, -5.0471329689, -5.57640790939, -5.7918009758, -7.89629364014], "mean": [-7.01928281784, -6.11205434799, -6.12268257141, -6.46280241013, -6.94244623184, -10.1147069931], "median": [-7.078094959