{"lowlevel": {"average_loudness": 0.969834387302, "barkbands_crest": {"dmean": 2.89349031448, "dmean2": 4.56271219254, "dvar": 7.4651093483, "dvar2": 19.5951786041, "max": 24.0674209595, "mean": 8.86647891998, "median": 7.86906099319, "min": 2.09018850327, "var": 17.2788639069}, "barkbands_flatness_db": {"dmean": 0.027361670509, "dmean2": 0.0416874848306, "dvar": 0.000766127603129, "dvar2": 0.00167942699045, "max": 0.392803490162, "mean": 0.122147247195, "median": 0.0935979709029, "min": 0.0167788974941, "var": 0.00654599769041}, "barkbands_kurtosis": {"dmean": 4.22627449036, "dmean2": 7.02999019623, "dvar": 70.9103775024, "dvar2": 179.188644409, "max": 136.602844238, "mean": 5.28158187866, "median": 1.30893993378, "min": -1.8475714922, "var": 123.541511536}, "barkbands_skewness": {"dmean": 0.733345508575, "dmean2": 1.1553248167, "dvar": 0.704937160015, "dvar2": 1.66198241711, "max": 10.8728303909, "mean": 1.59723472595, "median": 1.30612897873, "min": -2.82270789146, "var": 2.34260416031}, "barkbands_spread": {"dmean": 8.75923442841, "dmean2": 13.417473793, "dvar": 94.7532424927, "dvar2": 199.550750732, "max": 100.503387451, "mean": 27.9449005127, "median": 26.6250858307, "min": 0.991154491901, "var": 316.023712158}, "dissonance": {"dmean": 0.0170104894787, "dmean2": 0.0281412601471, "dvar": 0.000411244807765, "dvar2": 0.00112326734234, "max": 0.500000059605, "mean": 0.46692070365, "median": 0.479897260666, "min": 0.168708264828, "var": 0.0015017677797}, "dynamic_complexity": 4.42936325073, "erbbands_crest": {"dmean": 2.4750483036, "dmean2": 3.9151070118, "dvar": 5.56810045242, "dvar2": 14.0165891647, "max": 27.0754337311, "mean": 7.80239343643, "median": 6.75984191895, "min": 2.52821445465, "var": 16.0856761932}, "erbbands_flatness_db": {"dmean": 0.0215477384627, "dmean2": 0.0298759788275, "dvar": 0.00046094879508, "dvar2": 0.000958421849646, "max": 0.468625605106, "mean": 0.146862730384, "median": 0.120632566512, "min": 0.0475911088288, "var": 0.00651043048128}, "erbbands_kurtosis": {"dmean": 0.851081609726, "dmean2": 1.35584414005, "dvar": 1.71197426319, "dvar2": 4.24216938019, "max": 24.5662384033, "mean": 0.376335054636, "median": -0.494704723358, "min": -1.68735826015, "var": 8.58304977417}, "erbbands_skewness": {"dmean": 0.37394335866, "dmean2": 0.564854323864, "dvar": 0.107670500875, "dvar2": 0.265786141157, "max": 3.99477338791, "mean": 0.153535798192, "median": 0.049412380904, "min": -1.91713857651, "var": 0.576525449753}, "erbbands_spread": {"dmean": 11.3235664368, "dmean2": 17.1631832123, "dvar": 147.293426514, "dvar2": 342.912475586, "max": 140.187210083, "mean": 47.256477356, "median": 46.3248023987, "min": 2.13081288338, "var": 533.660766602}, "hfc": {"dmean": 12.1402807236, "dmean2": 17.9064617157, "dvar": 265.338348389, "dvar2": 560.39831543, "max": 128.665771484, "mean": 27.7320480347, "median": 21.4499835968, "min": 2.28803219215e-06, "var": 598.388000488}, "melbands_crest": {"dmean": 3.69982552528, "dmean2": 5.86097002029, "dvar": 10.9137353897, "dvar2": 23.3989143372, "max": 33.1508522034, "mean": 14.1889629364, "median": 13.8210496902, "min": 1.78518950939, "var": 33.5778961182}, "melbands_flatness_db": {"dmean": 0.0351063460112, "dmean2": 0.0533060804009, "dvar": 0.00126951595303, "dvar2": 0.0026179375127, "max": 0.460161954165, "mean": 0.181700989604, "median": 0.166696473956, "min": 0.00460840715095, "var": 0.00776507519186}, "melbands_kurtosis": {"dmean": 13.8696584702, "dmean2": 23.3052978516, "dvar": 743.973144531, "dvar2": 1970.85144043, "max": 341.283843994, "mean": 20.8620052338, "median": 8.11743545532, "min": -1.2808688879, "var": 1242.50561523}, "melbands_skewness": {"dmean": 1.12076401711, "dmean2": 1.79254925251, "dvar": 1.97888827324, "dvar2": 4.77672052383, "max": 16.7820491791, "mean": 3.13974165916, "median": 2.44945311546, "min": -1.24027907848, "var": 5.96114730835}, "melbands_spread": {"dmean": 10.8742761612, "dmean2": 16.9845352173, "dvar": 173.875701904, "dvar2": 391.832885742, "max": 145.22618103, "mean": 28.8157749176, "median": 23.5931682587, "min": 1.00495362282, "var": 541.878662109}, "pitch_salience": {"dmean": 0.0809440240264, "dmean2": 0.132352530956, "dvar": 0.00478191673756, "dvar2": 0.0128090903163, "max": 0.827592015266, "mean": 0.568041324615, "median": 0.568190574646, "min": 0.185282051563, "var": 0.0102970153093}, "silence_rate_20dB": {"dmean": 0, "dmean2": 0, "dvar": 0, "dvar2": 0, "max": 1, "mean": 1, "median": 1, "min": 1, "var": 0}, "silence_rate_30dB": {"dmean": 0.00203045690432, "dmean2": 0.00406297622249, "dvar": 0.00202632974833, "dvar2": 0.00607793219388, "max": 1, "mean": 0.998985290527, "median": 1, "min": 0, "var": 0.00101368897595}, "silence_rate_60dB": {"dmean": 0.0071065989323, "dmean2": 0.0137125439942, "dvar": 0.00705613475293, "dvar2": 0.0186022669077, "max": 1, "mean": 0.124809741974, "median": 0, "min": 0, "var": 0.109232455492}, "spectral_centroid": {"dmean": 356.301971436, "dmean2": 527.207824707, "dvar": 128781.429688, "dvar2": 273624, "max": 4005.75708008, "mean": 1722.40270996, "median": 1704.52587891, "min": 297.75970459, "var": 569072.125}, "spectral_complexity": {"dmean": 5.08527898788, "dmean2": 7.49111223221, "dvar": 32.2172584534, "dvar2": 61.5428314209, "max": 52, "mean": 21.8944702148, "median": 23, "min": 0, "var": 169.897399902}, "spectral_decrease": {"dmean": 4.91535789848e-09, "dmean2": 8.87657680693e-09, "dvar": 8.51309537196e-17, "dvar2": 2.62941261443e-16, "max": -2.92689554859e-17, "mean": -7.62198748561e-09, "median": -6.32481356178e-09, "min": -6.16262028075e-08, "var": 6.58501412646e-17}, "spectral_energy": {"dmean": 0.0193155314773, "dmean2": 0.0345870405436, "dvar": 0.00125603366178, "dvar2": 0.00387733452953, "max": 0.237909853458, "mean": 0.031282544136, "median": 0.0265507847071, "min": 3.17998904986e-10, "var": 0.000993187655695}, "spectral_energyband_high": {"dmean": 0.00109905947465, "dmean2": 0.0015824000584, "dvar": 2.70841951533e-06, "dvar2": 5.49658761884e-06, "max": 0.0147890588269, "mean": 0.00180957291741, "median": 0.000979972071946, "min": 2.09592176947e-10, "var": 4.68485541205e-06}, "spectral_energyband_low": {"dmean": 0.0147891389206, "dmean2": 0.0270263198763, "dvar": 0.00101350527257, "dvar2": 0.00315804057755, "max": 0.203400269151, "mean": 0.0154480682686, "median": 0.00619128299877, "min": 1.59439768246e-12, "var": 0.000750931736547}, "spectral_energyband_middle_high": {"dmean": 0.0019926072564, "dmean2": 0.00290409266017, "dvar": 9.05923661776e-06, "dvar2": 1.70906150743e-05, "max": 0.0341192521155, "mean": 0.00536887906492, "median": 0.00405381666496, "min": 8.96844334908e-11, "var": 3.13911150442e-05}, "spectral_energyband_middle_low": {"dmean": 0.00565025024116, "dmean2": 0.00942886527628, "dvar": 7.82192873885e-05, "dvar2": 0.00020627687627, "max": 0.066176250577, "mean": 0.0108057111502, "median": 0.00792958494276, "min": 1.54090767923e-11, "var": 0.000102968057035}, "spectral_entropy": {"dmean": 0.208094671369, "dmean2": 0.283279776573, "dvar": 0.0404509343207, "dvar2": 0.0781471207738, "max": 8.73670387268, "mean": 7.73240232468, "median": 7.82801008224, "min": 5.83957290649, "var": 0.287325829268}, "spectral_flux": {"dmean": 0.0416988506913, "dmean2": 0.0676597133279, "dvar": 0.00364003214054, "dvar2": 0.00741880526766, "max": 0.439035862684, "mean": 0.10012396425, "median": 0.0826679840684, "min": 2.0733639758e-05, "var": 0.00614730501547}, "spectral_kurtosis": {"dmean": 1.36748421192, "dmean2": 2.17838859558, "dvar": 3.06231784821, "dvar2": 7.65035390854, "max": 24.3330116272, "mean": 3.37099027634, "median": 2.68185091019, "min": -0.462758302689, "var": 6.39096403122}, "spectral_rms": {"dmean": 0.00137954461388, "dmean2": 0.0023557539098, "dvar": 4.14618943978e-06, "dvar2": 1.25514970932e-05, "max": 0.0152350645512, "mean": 0.00487905414775, "median": 0.00508951907977, "min": 5.56994450562e-07, "var": 6.71442376188e-06}, "spectral_rolloff": {"dmean": 1036.56713867, "dmean2": 1697.16271973, "dvar": 2206861.5, "dvar2": 4679331, "max": 14900.9765625, "mean": 2350.47949219, "median": 1464.2578125, "min": 64.599609375, "var": 6545009}, "spectral_skewness": {"dmean": 0.205839574337, "dmean2": 0.317695081234, "dvar": 0.0458406098187, "dvar2": 0.100486621261, "max": 3.4422492981, "mean": 1.31475353241, "median": 1.2527885437, "min": 0.0488579049706, "var": 0.171028703451}, "spectral_spread": {"dmean": 750118.75, "dmean2": 1023496.625, "dvar": 700159885312, "dvar2": 1202718769150.0, "max": 11883893, "mean": 5272068.5, "median": 5188315, "min": 1711344.625, "var": 3182712848380.0}, "spectral_strongpeak": {"dmean": 0.543970584869, "dmean2": 0.923976182938, "dvar": 1.13292920589, "dvar2": 2.62277770042, "max": 13.1740980148, "mean": 0.795557618141, "median": 0.380212396383, "min": 4.34714129369e-05, "var": 1.53497004509}, "zerocrossingrate": {"dmean": 0.0185705497861, "dmean2": 0.0204743351787, "dvar": 0.000368934735889, "dvar2": 0.000444808916654, "max": 0.4755859375, "mean": 0.0891565382481, "median": 0.07763671875, "min": 0.00341796875, "var": 0.0037705367431}, "barkbands": {"dmean": [0.000419826741563, 0.00908085610718, 0.00519191008061, 0.00224768556654, 0.00175995833706, 0.000995418988168, 0.000707218830939, 0.000612830976024, 0.00067074719118, 0.000757871137466, 0.000275943835732, 0.000343211053405, 0.000346241606167, 0.000557100633159, 0.000247576041147, 0.000163153672474, 0.000295668723993, 0.000233373095398, 0.000411528832046, 0.00020691996906, 0.000242413094384, 0.00020277602016, 0.000249849748798, 0.000217931519728, 0.00014301140618, 7.60360780987e-05, 2.22492672037e-05], "dmean2": [0.000615496886894, 0.0165832415223, 0.00962689891458, 0.00376229151152, 0.00293318624608, 0.00176213134546, 0.00121089583263, 0.00103333464358, 0.00106352125295, 0.0012237172341, 0.000460590497823, 0.000564109126572, 0.000531082157977, 0.000773620209657, 0.000391943351133, 0.000260838802205, 0.000471494917292, 0.000382124650059, 0.000628454901744, 0.00032126554288, 0.000355040130671, 0.000288742216071, 0.000371456262656, 0.000328544992954, 0.000210930535104, 0.000110303255497, 3.22253908962e-05], "dvar": [4.86489511786e-07, 0.000369078130461, 0.000162351629115, 1.59495775733e-05, 1.04007567643e-05, 6.00935936745e-06, 2.55421468864e-06, 1.66372774402e-06, 2.25655981012e-06, 3.24454777001e-06, 2.76008705669e-07, 2.71989762268e-07, 4.57944565824e-07, 1.54303575073e-06, 2.13807808791e-07, 6.65600836669e-08, 5.56410554964e-07, 1.3145380251e-07, 5.59842078474e-07, 9.5724374205e-08, 1.06611985018e-07, 9.19321507808e-08, 2.39905546096e-07, 1.3062248172e-07, 5.81442449743e-08, 1.85236110894e-08, 2.63302180059e-09], "dvar2": [1.00589943486e-06, 0.00117746996693, 0.000465249380795, 4.1590858018e-05, 2.76046648651e-05, 1.68072001543e-05, 6.94696336723e-06, 4.49449316875e-06, 5.51752509637e-06, 8.48118907015e-06, 7.70788119553e-07, 6.89102250817e-07, 9.34322201829e-07, 2.98782379105e-06, 4.92403273711e-07, 1.54213395831e-07, 1.13461078399e-06, 3.29903059537e-07, 1.19762501072e-06, 2.18281044795e-07, 2.14009602928e-07, 1.72856289282e-07, 5.5490596651e-07, 2.78994804148e-07, 1.22060257013e-07, 3.86091549842e-08, 5.95853588692e-09], "max": [0.00583953037858, 0.1326482445, 0.0897415652871, 0.026899440214, 0.0288761071861, 0.0323172546923, 0.0181009694934, 0.0176595952362, 0.0255641713738, 0.0322788096964, 0.00920183490962, 0.00755978887901, 0.00855483394116, 0.0148118063807, 0.00684137223288, 0.00463150627911, 0.0206310059875, 0.00525994831696, 0.00912529695779, 0.00420880736783, 0.00426041428, 0.00269437208772, 0.00518779130653, 0.00358174508438, 0.00203108624555, 0.0011586130131, 0.00059193582274], "mean": [0.000660241465084, 0.00831050239503, 0.00454600946978, 0.00349389435723, 0.00316227739677, 0.00104712939356, 0.000868455739692, 0.000854899117257, 0.000963073631283, 0.000944035185967, 0.000332581810653, 0.000503998424392, 0.000529559503775, 0.000845480943099, 0.000396632443881, 0.000257151870755, 0.000494517735206, 0.000362912600394, 0.000672379741445, 0.000382415484637, 0.000457118178019, 0.000297327467706, 0.000301358522847, 0.000275572732789, 0.000187489160453, 0.0001038221817, 3.17186641041e-05], "median": [0.000150902575115, 0.0018822865095, 0.00188128347509, 0.00170841743238, 0.0017906606663, 0.000447207508842, 0.000387624022551, 0.000381491234293, 0.000298256840324, 0.000445537792984, 0.000131852386403, 0.000278665393125, 0.000196814085939, 0.000218655055505, 0.000206485245144, 0.00015211533173, 0.00027013826184, 0.00023421246442, 0.000333410862368, 0.0002101999562, 0.000271734956186, 0.0001021660064, 0.000100463628769, 9.22005128814e-05, 5.93372496951e-05, 2.48831092904e-05, 5.68616042074e-06], "min": [6.36547292741e-14, 1.50197535615e-13, 2.76899895157e-13, 1.29220906978e-13, 4.10797996097e-13, 1.215081963e-12, 4.34980220246e-12, 1.95585778476e-12, 3.79271353906e-12, 6.67579620056e-12, 5.32587689228e-12, 7.30946986965e-12, 2.26657386436e-12, 5.63425738356e-12, 8.896573582e-12, 9.8086972572e-12, 7.84796099634e-12, 7.37222435876e-12, 1.64659709478e-11, 9.06371939308e-12, 2.35889380945e-11, 3.77470311952e-11, 1.94497074696e-11, 2.15392391423e-11, 4.15665210585e-11, 3.93866467219e-11, 2.33231246816e-11], "var": [1.12559018817e-06, 0.000292334560072, 0.000100075820228, 2.11349615711e-05, 1.64828270499e-05, 4.39766790805e-06, 2.28944372793e-06, 1.92322295334e-06, 3.6898527469e-06, 3.0331666494e-06, 3.32621993948e-07, 4.27588190632e-07, 8.93805747637e-07, 3.22741698255e-06, 3.83466868925e-07, 1.01814528364e-07, 9.15848033856e-07, 1.875393707e-07, 1.12937891572e-06, 2.17240241795e-07, 2.74372894182e-07, 1.82498467893e-07, 2.66070770749e-07, 1.75128789692e-07, 8.36056273101e-08, 3.10166150541e-08, 4.48498926886e-09]}, "erbbands": {"dmean": [0.259382605553, 2.13259005547, 5.99994039536, 7.09500408173, 6.40946817398, 5.61848020554, 7.3844575882, 8.5251159668, 9.8535900116, 11.4896144867, 13.2270517349, 13.8128700256, 25.6434364319, 15.1159744263, 10.0793008804, 15.01475811, 14.0755958557, 29.5964050293, 15.2731971741, 11.1980600357, 11.8248462677, 13.4233350754, 13.0966596603, 10.7649946213, 25.1327781677, 9.63942527771, 10.2110767365, 8.50558185577, 7.88258886337, 7.05311346054, 7.145216465, 4.7136554718, 3.66466331482, 1.7822496891, 0.99903357029, 0.406875491142, 0.130032166839, 0.0243403743953, 0.00379699771293, 0.000269639916951], "dmean2": [0.43045052886, 4.06304359436, 11.2438344955, 12.4401140213, 10.1453895569, 9.78773498535, 12.7306661606, 15.2420368195, 17.1743965149, 19.5614242554, 21.7788829803, 22.0288352966, 40.9141921997, 24.5154705048, 16.8431015015, 24.6505088806, 20.9398269653, 40.6838035583, 22.8574409485, 17.7696685791, 18.879901886, 21.0226249695, 21.773683548, 17.2125072479, 37.6207618713, 14.7634401321, 15.2487487793, 12.5549478531, 11.3697528839, 10.0540523529, 10.7672548294, 6.89234209061, 5.66574954987, 2.68927288055, 1.46399140358, 0.586184561253, 0.193943724036, 0.0353670492768, 0.00555763673037, 0.00039341984666], "dvar": [0.233096927404, 25.0934410095, 239.989730835, 178.388442993, 96.1826095581, 149.403427124, 272.381896973, 494.360900879, 617.215454102, 602.714538574, 612.904785156, 1015.340271, 3213.44335938, 1043.43395996, 275.482421875, 581.261108398, 753.598632812, 4834.96972656, 1213.61730957, 311.761901855, 822.168640137, 593.182250977, 440.053833008, 226.121582031, 2599.70336914, 193.749572754, 195.216278076, 140.020309448, 138.396575928, 135.904830933, 202.991912842, 69.7289428711, 39.1872329712, 7.89469623566, 3.64687848091, 0.533330798149, 0.0583494827151, 0.00214410596527, 7.36636502552e-05, 4.37851241486e-07], "dvar2": [0.65491861105, 77.9640655518, 698.307434082, 487.733337402, 224.896911621, 421.409912109, 735.98223877, 1394.9362793, 1679.40930176, 1618.19042969, 1594.14904785, 2496.55932617, 8526.30078125, 2672.22973633, 772.110229492, 1443.82507324, 1579.85620117, 8678.68457031, 2540.5144043, 700.017456055, 1770.07055664, 1279.02636719, 1132.02990723, 541.855773926, 5375.34472656, 427.875213623, 411.973999023, 294.121337891, 266.968017578, 290.837341309, 476.28137207, 149.901168823, 89.3869934082, 16.7109184265, 8.00010871887, 1.12721443176, 0.1254902035, 0.00444008549675, 0.000170335828443, 9.78304569799e-07], "max": [3.37156867981, 34.3044052124, 104.639305115, 87.5319900513, 76.3605957031, 109.804901123, 160.901016235, 306.435424805, 324.481628418, 256.082000732, 238.437591553, 514.497192383, 941.205871582, 389.318481445, 268.073944092, 396.040618896, 447.064239502, 908.23425293, 511.80267334, 288.707733154, 787.107971191, 493.709747314, 232.353866577, 189.335525513, 622.010314941, 143.026885986, 206.037490845, 105.764030457, 109.174720764, 93.3716964722, 149.179382324, 106.329444885, 42.9801177979, 21.3697090149, 20.6162662506, 6.2049202919, 2.27389454842, 0.518359780312, 0.100807934999, 0.00872721802443], "mean": [0.274300605059, 1.72082126141, 5.04319667816, 9.38600349426, 12.8619279861, 7.88355112076, 8.28805351257, 8.55471324921, 11.0036096573, 15.0000076294, 20.1411094666, 19.1194705963, 35.5420532227, 20.1293811798, 14.2650098801, 22.4747581482, 23.7474460602, 46.9281044006, 23.76329422, 19.4222507477, 19.3521785736, 23.6317501068, 20.4392585754, 20.1438903809, 40.442024231, 19.0736160278, 18.8259754181, 15.0011100769, 11.4643659592, 9.27832317352, 8.53290939331, 6.22844028473, 4.23554849625, 2.28369951248, 1.26626610756, 0.54704105854, 0.172150343657, 0.0348972380161, 0.00536097539589, 0.000396918912884], "median": [0.038907431066, 0.424295634031, 2.08987045288, 4.73476934433, 7.0530166626, 4.17899751663, 3.0171277523, 3.54245686531, 4.66093444824, 6.33611392975, 9.35314846039, 7.14494943619, 17.0426273346, 10.6032047272, 8.20862770081, 13.1697874069, 9.91264343262, 12.2261199951, 9.21468448639, 12.2473049164, 11.6190853119, 13.9727306366, 12.9385910034, 14.9402999878, 17.3145694733, 11.1044120789, 11.3140697479, 8.29975509644, 4.01129293442, 3.13878369331, 2.83293247223, 2.14159560204, 1.26046133041, 0.791682124138, 0.350437104702, 0.128699466586, 0.0403996556997, 0.00690923724324, 0.0010124782566, 9.75155489868e-05], "min": [4.0250949275e-12, 4.28248998763e-11, 3.30853511255e-10, 4.25169538465e-10, 2.94117730171e-10, 1.62600566345e-09, 4.09384570688e-09, 1.28892292395e-08, 3.92946262195e-08, 8.2092803666e-08, 6.73556286301e-08, 9.35967179316e-08, 1.00072057307e-07, 2.65065665417e-07, 2.89768138373e-07, 2.51637970905e-07, 9.99033673565e-08, 2.63397936351e-07, 4.15360545958e-07, 4.49617090226e-07, 5.30745751348e-07, 4.36332413756e-07, 3.65365906418e-07, 8.18488217647e-07, 6.93300819421e-07, 3.48929404481e-07, 5.43337876024e-07, 1.25578947063e-06, 1.29715078856e-06, 8.7107082436e-07, 5.40671464933e-07, 5.20845389929e-07, 4.71464488783e-07, 3.67873923324e-07, 2.7434160188e-07, 1.85886790405e-07, 6.75022917562e-08, 1.93738003418e-08, 3.59116114623e-09, 2.65964777979e-10], "var": [0.287027776241, 16.3450469971, 142.19430542, 173.659561157, 251.008407593, 143.256195068, 260.115753174, 345.300628662, 497.097717285, 604.562561035, 969.117919922, 1511.39013672, 3389.55810547, 1078.76403809, 348.594940186, 896.723815918, 1614.07983398, 10881.8505859, 2018.87609863, 631.484375, 1212.89001465, 1154.00524902, 592.650878906, 403.357849121, 5254.29638672, 491.239074707, 496.124389648, 300.956939697, 262.506530762, 202.225738525, 217.57901001, 95.0566635132, 45.1260223389, 11.1196689606, 4.75660467148, 0.844027936459, 0.0916857719421, 0.00406792666763, 0.000122879602714, 7.01751616816e-07]}, "gfcc": {"mean": [-29.0530567169, 58.4514160156, -121.200927734, 26.8515930176, -58.3870506287, 11.1087741852, -25.0911979675, 9.56265354156, -21.4927806854, 2.15423607826, -13.151473999, -3.59755730629, -10.2802886963], "cov": [[42094.5429688, 2284.87573242, 5117.84716797, 5265.43896484, 2729.52612305, 1510.49035645, -1343.67932129, -134.4662323, -985.165588379, -524.622436523, -1264.53967285, -715.06036377, -592.393188477], [2284.87573242, 2462.55273438, 7.86930370331, 1033.7154541, 663.988037109, 3.28129434586, 151.563690186, -208.195510864, -95.4597702026, -245.100036621, -48.9383773804, -410.981811523, 28.2479476929], [5117.84716797, 7.86930370331, 2251.61450195, 1290.91125488, 883.643981934, 485.668365479, -304.117523193, 58.3202323914, -197.816467285, -168.577346802, -394.642120361, -68.9320373535, -218.4480896], [5265.43896484, 1033.7154541, 1290.91125488, 1691.24780273, 978.897216797, 376.422332764, -139.215896606, -75.2022705078, -176.711883545, -192.039825439, -237.192443848, -244.429229736, -97.9151535034], [2729.52612305, 663.988037109, 883.643981934, 978.897216797, 845.937744141, 233.546615601, -46.8278961182, -65.1903686523, -117.516838074, -99.837272644, -139.166015625, -177.176773071, -75.3626403809], [1510.49035645, 3.28129434586, 485.668365479, 376.422332764, 233.546615601, 263.567749023, -38.3324241638, 34.3524742126, -45.3124885559, -27.3714904785, -81.1419754028, -10.0024909973, -54.6090316772], [-1343.67932129, 151.563690186, -304.117523193, -139.215896606, -46.8278961182, -38.3324241638, 192.636917114, 6.13576698303, 64.1199264526, 8.55380058289, 76.3263244629, -20.9316596985, 41.2625465393], [-134.4662323, -208.195510864, 58.3202323914, -75.2022705078, -65.1903686523, 34.3524742126, 6.13576698303, 111.355453491, 38.7074546814, 28.124956131, -3.6086628437, 49.0657997131, -1.9245480299], [-985.165588379, -95.4597702026, -197.816467285, -176.711883545, -117.516838074, -45.3124885559, 64.1199264526, 38.7074546814, 134.678619385, 61.8470191956, 73.7795791626, 35.7413902283, 36.8783073425], [-524.622436523, -245.100036621, -168.577346802, -192.039825439, -99.837272644, -27.3714904785, 8.55380058289, 28.124956131, 61.8470191956, 170.034881592, 85.7740402222, 51.2578315735, 15.2713785172], [-1264.53967285, -48.9383773804, -394.642120361, -237.192443848, -139.166015625, -81.1419754028, 76.3263244629, -3.6086628437, 73.7795791626, 85.7740402222, 160.891677856, 50.9213485718, 57.1981925964], [-715.06036377, -410.981811523, -68.9320373535, -244.429229736, -177.176773071, -10.0024909973, -20.9316596985, 49.0657997131, 35.7413902283, 51.2578315735, 50.9213485718, 156.02355957, 34.3914375305], [-592.393188477, 28.2479476929, -218.4480896, -97.9151535034, -75.3626403809, -54.6090316772, 41.2625465393, -1.9245480299, 36.8783073425, 15.2713785172, 57.1981925964, 34.3914375305, 80.1556625366]], "icov": [[5.26359835931e-05, -2.38710345002e-05, 6.5735125645e-06, -0.000119573749544, 5.43571113667e-05, -0.000107939464215, 0.000239774875809, -5.19320710737e-05, 0.000103484846477, -0.000106976665847, 0.000117206676805, 7.5030096923e-05, -2.09007757803e-05], [-2.38710345002e-05, 0.00121964211576, 0.000243795075221, -0.000593855103943, -0.000213187304325, 0.000373695569579, -0.000539546424989, 0.000369507761206, -1.27336579681e-05, 0.000974430353381, -0.000644950079732, 0.00196298770607, -0.00088827876607], [6.5735125645e-06, 0.000243795075221, 0.00224231253378, -0.000746960984543, -0.00142839271575, -0.000509560632054, 0.000897179997992, -0.000695266062394, -0.0007536013145, 0.000272346049314, 0.0026377835311, -0.00210992060602, 0.00231031212024], [-0.000119573749544, -0.000593855103943, -0.000746960984543, 0.00341722765006, -0.00173983559944, -0.00170151807833, 0.00116287602577, 7.55527435103e-05, -0.000325819011778, 0.000828775169794, -0.000904256885406, 0.00148057145998, -0.0019255784573], [5.43571113667e-05, -0.000213187304325, -0.00142839271575, -0.00173983559944, 0.00499295070767, -0.000327116023982, -0.00136056402698, 0.00123335130047, 0.00126700697001, -0.00117182161193, -0.00123968836851, 0.00206295726821, -0.000699894095305], [-0.000107939464215, 0.000373695569579, -0.000509560632054, -0.00170151807833, -0.000327116023982, 0.0087264738977, -0.00291296932846, -0.00179131818004, 0.000859526568092, -0.000631566566881, 0.000715976057108, -0.00296547240578, 0.00318388803862], [0.000239774875809, -0.000539546424989, 0.000897179997992, 0.00116287602577, -0.00136056402698, -0.00291296932846, 0.0114942798391, -0.00239565735683, -0.00252991216257, 0.00217620236799, -0.00293162744492, 0.00376214436255, -0.00218335073441], [-5.19320710737e-05, 0.000369507761206, -0.000695266062394, 7.55527435103e-05, 0.00123335130047, -0.00179131818004, -0.00239565735683, 0.0144695751369, -0.00398476421833, -0.00135683978442, 0.00304732192308, -0.00274086673744, 0.000296599784633], [0.000103484846477, -1.27336579681e-05, -0.0007536013145, -0.000325819011778, 0.00126700697001, 0.000859526568092, -0.00252991216257, -0.00398476421833, 0.0137835051864, -0.0027245618403, -0.00317692314275, 0.00140966754407, -0.00285928719677], [-0.000106976665847, 0.000974430353381, 0.000272346049314, 0.000828775169794, -0.00117182161193, -0.000631566566881, 0.00217620236799, -0.00135683978442, -0.0027245618403, 0.0112617500126, -0.00674689095467, 0.00172226608265, 0.00111920980271], [0.000117206676805, -0.000644950079732, 0.0026377835311, -0.000904256885406, -0.00123968836851, 0.000715976057108, -0.00293162744492, 0.00304732192308, -0.00317692314275, -0.00674689095467, 0.020505098626, -0.00777104590088, -0.000468715908937], [7.5030096923e-05, 0.00196298770607, -0.00210992060602, 0.00148057145998, 0.00206295726821, -0.00296547240578, 0.00376214436255, -0.00274086673744, 0.00140966754407, 0.00172226608265, -0.00777104590088, 0.0207958649844, -0.0105160437524], [-2.09007757803e-05, -0.00088827876607, 0.00231031212024, -0.0019255784573, -0.000699894095305, 0.00318388803862, -0.00218335073441, 0.000296599784633, -0.00285928719677, 0.00111920980271, -0.000468715908937, -0.0105160437524, 0.0251692831516]]}, "melbands": {"dmean": [0.0023254470434, 0.00307654775679, 0.0011916984804, 0.000412089459132, 0.000256570318015, 0.000192921608686, 0.000147943996126, 0.000124372571008, 0.000105753380922, 9.33710325626e-05, 0.000131841647089, 6.6612745286e-05, 3.91383910028e-05, 3.67647699022e-05, 3.64204061043e-05, 4.39586583525e-05, 5.48810530745e-05, 2.66923743766e-05, 1.46203610711e-05, 1.35799136842e-05, 1.65553174156e-05, 1.53391811182e-05, 1.68872084032e-05, 9.46491218201e-06, 8.90443334356e-06, 1.92789593711e-05, 1.22475421449e-05, 6.01445162829e-06, 6.2260469349e-06, 7.25748623154e-06, 4.70854774903e-06, 4.54603105027e-06, 3.8698908611e-06, 4.19993921241e-06, 4.18390254708e-06, 3.743652087e-06, 2.76223795481e-06, 2.78807192444e-06, 2.10876282836e-06, 1.34756282932e-06], "dmean2": [0.00408717710525, 0.00579685671255, 0.0020608685445, 0.000682789192069, 0.000445520621724, 0.000343182007782, 0.000256928964518, 0.000212631683098, 0.00017451394524, 0.000148520877701, 0.000210498488741, 0.000107789121103, 6.51267691865e-05, 6.07237016084e-05, 5.95840865572e-05, 6.14877717453e-05, 7.56482113502e-05, 4.10196225857e-05, 2.3180649805e-05, 2.11918522837e-05, 2.68146741291e-05, 2.39601758949e-05, 2.81655993604e-05, 1.53849196067e-05, 1.43162542372e-05, 2.92845998047e-05, 1.83499960258e-05, 9.57848897087e-06, 9.58374403126e-06, 1.09059965325e-05, 6.99967085893e-06, 6.63676928525e-06, 5.69069243284e-06, 6.1056616687e-06, 6.31498187431e-06, 5.73553006689e-06, 4.07524703405e-06, 4.3866643864e-06, 3.31148976329e-06, 2.02300134333e-06], "dvar": [2.06297481782e-05, 6.08761802141e-05, 4.8677848099e-06, 5.08188975346e-07, 3.23991400819e-07, 2.42632467007e-07, 1.29026332729e-07, 7.49802993028e-08, 4.00188007177e-08, 4.65025919993e-08, 8.64826432689e-08, 2.201267435e-08, 4.80351980414e-09, 3.13036152555e-09, 3.78924891464e-09, 8.28501178773e-09, 1.60411044448e-08, 4.27491730903e-09, 5.76668712782e-10, 4.14336842613e-10, 2.40027286935e-09, 1.14077691737e-09, 7.33836769129e-10, 2.31099694936e-10, 1.69584402077e-10, 1.49180789943e-09, 5.43870670722e-10, 7.60303417446e-11, 8.19815743069e-11, 1.10168506262e-10, 5.11711333029e-11, 4.95610358309e-11, 3.56462706574e-11, 5.4025988544e-11, 6.75203226663e-11, 5.64550767246e-11, 2.21507083509e-11, 2.44934038329e-11, 1.19595548742e-11, 4.66234256064e-12], "dvar2": [6.42660525045e-05, 0.000181491952389, 1.31356055135e-05, 1.33292587634e-06, 8.77285515344e-07, 6.80550101606e-07, 3.51022436007e-07, 2.03098736051e-07, 1.03855263944e-07, 1.16819585116e-07, 2.28575814276e-07, 5.62691191419e-08, 1.35742252994e-08, 8.08822786524e-09, 9.22398868397e-09, 1.48746650552e-08, 2.88779329338e-08, 8.85776163528e-09, 1.32260780106e-09, 8.87489193246e-10, 5.01665109454e-09, 2.38109953976e-09, 1.83905823903e-09, 5.46697298542e-10, 4.08068800972e-10, 3.27285909485e-09, 1.05252262461e-09, 1.83336110182e-10, 1.87840146215e-10, 2.19005605318e-10, 1.12886547332e-10, 9.32247404273e-11, 7.36354449637e-11, 1.19389803599e-10, 1.58399890426e-10, 1.36226627201e-10, 4.55835785784e-11, 5.74436817558e-11, 2.78072825183e-11, 9.93728970639e-12], "max": [0.0297875609249, 0.0493294522166, 0.0144007494673, 0.00639741448686, 0.00545013090596, 0.00656552612782, 0.00452333781868, 0.00347860832699, 0.00178772141226, 0.00316436775029, 0.0049663069658, 0.00187355699018, 0.00123733293731, 0.000745263940189, 0.000865722657181, 0.00136019859929, 0.00155466247816, 0.00110528513324, 0.000298875384033, 0.000305529974867, 0.00139894522727, 0.000825372175314, 0.000332435505698, 0.000355663709342, 0.000127277060528, 0.000408124324167, 0.000284962967271, 8.5151688836e-05, 0.000137854687637, 0.000108602107503, 5.70776574023e-05, 8.92180105438e-05, 4.47479542345e-05, 6.34093739791e-05, 8.64760149852e-05, 7.65931908973e-05, 5.33396741957e-05, 3.56193449988e-05, 2.35799652728e-05, 1.90645605471e-05], "mean": [0.00234479899518, 0.00255210953765, 0.00176269887015, 0.000748290389311, 0.000294949044473, 0.000196762659471, 0.000171032952494, 0.000163499717019, 0.00015646936663, 0.000130404514493, 0.000181143768714, 8.42169902171e-05, 4.98356312164e-05, 5.27521624463e-05, 5.26141848241e-05, 6.78392389091e-05, 8.57380437083e-05, 3.84208906326e-05, 2.47909501923e-05, 2.25422063522e-05, 2.45646187977e-05, 2.58970740106e-05, 2.27776727115e-05, 1.56181213242e-05, 1.48181388795e-05, 2.92861241178e-05, 2.21254977077e-05, 1.03874381239e-05, 1.02254371086e-05, 1.3444166143e-05, 7.06456830812e-06, 6.5554631874e-06, 5.23197104485e-06, 5.2433942983e-06, 4.8600786613e-06, 4.46212879979e-06, 3.63985805052e-06, 3.03656156575e-06, 2.50261882684e-06, 1.7246978814e-06], "median": [0.000429438136052, 0.000973500194959, 0.00095634633908, 0.000406465522246, 0.000112588939373, 8.24779053801e-05, 7.6089236245e-05, 7.08894367563e-05, 6.73958638799e-05, 4.44521356258e-05, 8.70268049766e-05, 4.06474282499e-05, 2.3986076485e-05, 3.01358286379e-05, 2.58810268861e-05, 2.17200704355e-05, 2.15295785893e-05, 1.31004389914e-05, 1.38992645589e-05, 1.43200586535e-05, 1.32287077577e-05, 1.40592374009e-05, 1.22740257211e-05, 9.61426667345e-06, 1.0130177543e-05, 1.2297136891e-05, 9.13913936529e-06, 6.24554377282e-06, 5.95890560362e-06, 7.50608569433e-06, 3.38646304954e-06, 2.11099927583e-06, 1.88808030543e-06, 1.70115231413e-06, 1.61292769008e-06, 1.46829756886e-06, 1.2264409861e-06, 8.85597785327e-07, 7.93121444076e-07, 5.84970280215e-07], "min": [4.95470804413e-14, 1.22516444689e-13, 8.69911510448e-14, 5.69141427238e-14, 1.33480574684e-13, 2.93572756166e-13, 6.19436901945e-13, 9.51195177311e-13, 5.97249788688e-13, 5.40081000755e-13, 4.76774652744e-13, 8.89188082973e-13, 8.17390588808e-13, 8.14245860407e-13, 2.75805609904e-13, 2.96099055648e-13, 4.15093361159e-13, 4.36192585957e-13, 5.17784057817e-13, 6.4191170825e-13, 6.38237021826e-13, 4.80070627348e-13, 2.5047368693e-13, 4.72822302144e-13, 6.94411650577e-13, 5.75098725152e-13, 3.87733438021e-13, 1.73160422633e-13, 3.03977546259e-13, 4.23231924767e-13, 7.82244494874e-13, 6.39309351985e-13, 7.3716266381e-13, 3.35755891406e-13, 2.34855890161e-13, 4.32842130194e-13, 2.81768505013e-13, 3.25689453705e-13, 4.29027798531e-13, 2.52391965834e-13], "var": [2.05376436497e-05, 3.65037521988e-05, 5.25961559106e-06, 8.80198797404e-07, 3.08132655391e-07, 1.72635822082e-07, 1.07151414852e-07, 7.19898736179e-08, 6.26080307597e-08, 6.76174352066e-08, 9.06915573751e-08, 2.21644675946e-08, 6.01943606071e-09, 4.67609906352e-09, 6.08716588246e-09, 1.79140844381e-08, 3.66723398315e-08, 6.74281563917e-09, 1.21747323334e-09, 8.18945300463e-10, 3.38039463088e-09, 2.05927852548e-09, 1.05294506447e-09, 4.15921963537e-10, 2.60446664235e-10, 2.76692246892e-09, 1.27215216139e-09, 1.45432388354e-10, 1.71557726358e-10, 2.78443573754e-10, 8.68265181975e-11, 9.78920208783e-11, 5.75986203177e-11, 7.22392978769e-11, 7.24276402742e-11, 5.97060664798e-11, 3.20458139191e-11, 2.61519365191e-11, 1.39814193209e-11, 6.6325564832e-12]}, "mfcc": {"mean": [-656.77935791, 91.5608444214, -2.26161456108, 19.2492809296, -3.36814284325, 4.2893781662, 6.18988275528, 4.75524234772, 2.20411896706, 5.18725395203, 0.499004721642, 1.98259460926, -2.14952635765], "cov": [[22947.9726562, 1621.4498291, 1428.41638184, 2354.90576172, 1779.0020752, 1056.22790527, 168.20425415, -15.2045688629, -143.273025513, 92.8713150024, -161.000549316, -286.146759033, -664.865539551], [1621.4498291, 1561.61450195, -167.197402954, 639.204406738, 251.448959351, 208.334106445, 222.79977417, -17.635389328, 27.6873283386, 65.893913269, -33.7912788391, -42.5993347168, -117.453903198], [1428.41638184, -167.197402954, 913.063415527, 384.092285156, 473.368438721, 223.213256836, 9.97041416168, 166.661346436, 46.1521835327, -54.9438667297, -33.5777854919, -84.9448242188, -95.844543457], [2354.90576172, 639.204406738, 384.092285156, 1059.91760254, 699.092102051, 429.78237915, 203.30267334, 45.7341308594, 21.7647285461, 26.560426712, -31.908246994, -88.7120666504, -192.68460083], [1779.0020752, 251.448959351, 473.368438721, 699.092102051, 693.886474609, 363.322357178, 141.605331421, 68.8952407837, 8.45758152008, 1.76577746868, -32.6955108643, -77.8187103271, -143.320114136], [1056.22790527, 208.334106445, 223.213256836, 429.78237915, 363.322357178, 317.602264404, 128.752044678, 40.6702041626, 4.70823764801, 23.363910675, -2.38300037384, -31.7871379852, -76.8327560425], [168.20425415, 222.79977417, 9.97041416168, 203.30267334, 141.605331421, 128.752044678, 162.205001831, 31.7063808441, 10.6241226196, 22.7737979889, -1.55041265488, -13.4607152939, -36.0269508362], [-15.2045688629, -17.635389328, 166.661346436, 45.7341308594, 68.8952407837, 40.6702041626, 31.7063808441, 155.696304321, 52.1600761414, -29.8635463715, -16.2278785706, -24.6667709351, 2.70470380783], [-143.273025513, 27.6873283386, 46.1521835327, 21.7647285461, 8.45758152008, 4.70823764801, 10.6241226196, 52.1600761414, 83.4848556519, 17.588300705, 6.43394947052, 4.55048656464, 4.56687116623], [92.8713150024, 65.893913269, -54.9438667297, 26.560426712, 1.76577746868, 23.363910675, 22.7737979889, -29.8635463715, 17.588300705, 86.5424880981, 35.7074737549, 13.4786920547, -12.7476940155], [-161.000549316, -33.7912788391, -33.5777854919, -31.908246994, -32.6955108643, -2.38300037384, -1.55041265488, -16.2278785706, 6.43394947052, 35.7074737549, 79.0277786255, 49.7100601196, 14.874370575], [-286.146759033, -42.5993347168, -84.9448242188, -88.7120666504, -77.8187103271, -31.7871379852, -13.4607152939, -24.6667709351, 4.55048656464, 13.4786920547, 49.7100601196, 79.6257781982, 51.3368148804], [-664.865539551, -117.453903198, -95.844543457, -192.68460083, -143.320114136, -76.8327560425, -36.0269508362, 2.70470380783, 4.56687116623, -12.7476940155, 14.874370575, 51.3368148804, 106.635910034]], "icov": [[6.85293489369e-05, -4.98318040627e-05, -6.43291787128e-05, -6.66444830131e-05, -8.86476573214e-06, -8.30784119898e-05, 0.000214157596929, -4.59152506664e-05, 0.000211219492485, -0.000160303767188, 0.000187888625078, -0.000198022768018, 0.000236804873566], [-4.98318040627e-05, 0.00118631660007, 0.000433087174315, -0.00094033300411, 0.000441512005636, 0.000284551177174, -0.000950399960857, -9.59301269177e-06, -0.000400783465011, -0.000243278322159, 0.000583509157877, -0.000136507907882, 0.000136083515827], [-6.43291787128e-05, 0.000433087174315, 0.00273910025135, 0.000122882440337, -0.00169244152494, -0.000411760265706, 0.00139478745405, -0.00177092652302, -0.000919269048609, 0.00110236892942, -0.000985814142041, 0.00109671987593, 0.000485363416374], [-6.66444830131e-05, -0.00094033300411, 0.000122882440337, 0.00461541721597, -0.00298008369282, -0.0016669620527, -0.000324202672346, 0.000893170712516, -0.00150116963778, 0.00114828697406, -0.000665427127387, 0.000320605031447, 0.00180047831964], [-8.86476573214e-06, 0.000441512005636, -0.00169244152494, -0.00298008369282, 0.0073717632331, -0.00300808320753, -0.000669663830195, 0.000120185643027, 0.00087214220548, -9.25488566281e-05, 0.00133350491524, -0.000546979776118, 0.00106502510607], [-8.30784119898e-05, 0.000284551177174, -0.000411760265706, -0.0016669620527, -0.00300808320753, 0.0107648866251, -0.00408474868163, -0.000827339943498, 0.0017489521997, -0.00209483411163, -0.000655249459669, -0.00061318022199, -0.00117118039634], [0.000214157596929, -0.000950399960857, 0.00139478745405, -0.000324202672346, -0.000669663830195, -0.00408474868163, 0.0126091782004, -0.00371266808361, 0.00139006541576, -0.00225387560204, 0.000968003529124, -0.00125409348402, 0.00160703458823], [-4.59152506664e-05, -9.59301269177e-06, -0.00177092652302, 0.000893170712516, 0.000120185643027, -0.000827339943498, -0.00371266808361, 0.0136983292177, -0.00855188257992, 0.00599676836282, -0.00276695541106, 0.00592015683651, -0.00369200552814], [0.000211219492485, -0.000400783465011, -0.000919269048609, -0.00150116963778, 0.00087214220548, 0.0017489521997, 0.00139006541576, -0.00855188257992, 0.0201155431569, -0.00836968794465, 0.00316181313246, -0.00505760451779, 0.000587365473621], [-0.000160303767188, -0.000243278322159, 0.00110236892942, 0.00114828697406, -9.25488566281e-05, -0.00209483411163, -0.00225387560204, 0.00599676836282, -0.00836968794465, 0.020945912227, -0.010654496029, 0.00516608497128, 0.00111244933214], [0.000187888625078, 0.000583509157877, -0.000985814142041, -0.000665427127387, 0.00133350491524, -0.000655249459669, 0.000968003529124, -0.00276695541106, 0.00316181313246, -0.010654496029, 0.0291777830571, -0.0209510400891, 0.00605034269392], [-0.000198022768018, -0.000136507907882, 0.00109671987593, 0.000320605031447, -0.000546979776118, -0.00061318022199, -0.00125409348402, 0.00592015683651, -0.00505760451779, 0.00516608497128, -0.0209510400891, 0.0365839190781, -0.0154264718294], [0.000236804873566, 0.000136083515827, 0.000485363416374, 0.00180047831964, 0.00106502510607, -0.00117118039634, 0.00160703458823, -0.00369200552814, 0.000587365473621, 0.00111244933214, 0.00605034269392, -0.0154264718294, 0.0226083062589]]}, "spectral_contrast_coeffs": {"dmean": [0.0607783794403, 0.0426886565983, 0.0436319634318, 0.0362635627389, 0.0256909057498, 0.0210748631507], "dmean2": [0.0991618856788, 0.0694422125816, 0.0702718943357, 0.0556278973818, 0.0399595908821, 0.0326465107501], "dvar": [0.00262767006643, 0.00129388284404, 0.00150659412611, 0.00107426801696, 0.000537254614756, 0.000479805108625], "dvar2": [0.006990195252, 0.00348937744275, 0.00363342836499, 0.00218185712583, 0.00108302710578, 0.00101246207487], "max": [-0.416463732719, -0.536790430546, -0.493220329285, -0.585345208645, -0.595756173134, -0.553553879261], "mean": [-0.667759716511, -0.762042582035, -0.743080019951, -0.774693727493, -0.778369128704, -0.756272912025], "median": [-0.666989326477, -0.76522231102, -0.745458006859, -0.781681597233, -0.781300425529, -0.756609559059], "min": [-0.940931797028, -0.960096478462, -0.958900690079, -0.939054965973, -0.935202717781, -0.913471996784], "var": [0.0105309002101, 0.00375290052034, 0.00500896340236, 0.00372808729298, 0.00242146686651, 0.00234819715843]}, "spectral_contrast_valleys": {"dmean": [0.533853828907, 0.458276450634, 0.453255355358, 0.36915025115, 0.357488185167, 0.477282941341], "dmean2": [0.906969189644, 0.714530646801, 0.694413781166, 0.561209559441, 0.524498641491, 0.610189318657], "dvar": [0.31315150857, 0.207005918026, 0.196579352021, 0.171922817826, 0.172962605953, 0.315549522638], "dvar2": [0.698846459389, 0.480480790138, 0.432046234608, 0.355415612459, 0.344361633062, 0.567065954208], "max": [-5.20418548584, -4.53512573242, -5.2353053093, -5.89241218567