{"lowlevel": {"average_loudness": 0.733145534992, "barkbands_crest": {"dmean": 1.90203559399, "dmean2": 3.13629031181, "dvar": 4.2414727211, "dvar2": 11.6596231461, "max": 26.8119487762, "mean": 11.5607814789, "median": 10.5189218521, "min": 3.65937423706, "var": 21.5971412659}, "barkbands_flatness_db": {"dmean": 0.0158758424222, "dmean2": 0.0261919908226, "dvar": 0.000317322293995, "dvar2": 0.000743407290429, "max": 0.441784232855, "mean": 0.301764965057, "median": 0.304335355759, "min": 0.073214173317, "var": 0.00168361118995}, "barkbands_kurtosis": {"dmean": 3.90754771233, "dmean2": 6.42484378815, "dvar": 684.871765137, "dvar2": 1903.97924805, "max": 1144.06774902, "mean": 13.9295568466, "median": 1.53134512901, "min": -1.979773283, "var": 8744.5546875}, "barkbands_skewness": {"dmean": 0.393561810255, "dmean2": 0.604962348938, "dvar": 0.45007443428, "dvar2": 1.01020693779, "max": 8.60723304749, "mean": 0.702446043491, "median": 1.05610597134, "min": -30.3648300171, "var": 11.0607881546}, "barkbands_spread": {"dmean": 1.66924309731, "dmean2": 2.60541605949, "dvar": 18.7475833893, "dvar2": 46.2657928467, "max": 164.946105957, "mean": 8.48352813721, "median": 6.85694980621, "min": 0.238612249494, "var": 125.579399109}, "dissonance": {"dmean": 0.028596650809, "dmean2": 0.0491065941751, "dvar": 0.000811881269328, "dvar2": 0.00225476059131, "max": 0.499999940395, "mean": 0.42694106698, "median": 0.433304995298, "min": 0.184313386679, "var": 0.00193930859677}, "dynamic_complexity": 4.87685346603, "erbbands_crest": {"dmean": 2.35454392433, "dmean2": 3.64067387581, "dvar": 7.41923666, "dvar2": 16.5552711487, "max": 32.3001098633, "mean": 13.0387964249, "median": 11.6265249252, "min": 2.37901520729, "var": 31.5458393097}, "erbbands_flatness_db": {"dmean": 0.0129033932462, "dmean2": 0.0202923435718, "dvar": 0.000236669031437, "dvar2": 0.000505539530423, "max": 0.499420195818, "mean": 0.351313441992, "median": 0.35916274786, "min": 0.0156034566462, "var": 0.00311846914701}, "erbbands_kurtosis": {"dmean": 0.968038022518, "dmean2": 1.48017168045, "dvar": 5.18608665466, "dvar2": 10.2737140656, "max": 70.388710022, "mean": 0.764517605305, "median": -0.0779800415039, "min": -1.87323403358, "var": 10.2653617859}, "erbbands_skewness": {"dmean": 0.338252902031, "dmean2": 0.49965018034, "dvar": 0.175182804465, "dvar2": 0.329392284155, "max": 3.5642220974, "mean": 0.37543618679, "median": 0.455979287624, "min": -6.73197746277, "var": 0.944980204105}, "erbbands_spread": {"dmean": 2.15306973457, "dmean2": 3.33588409424, "dvar": 5.95956277847, "dvar2": 13.5855484009, "max": 115.625534058, "mean": 15.6178026199, "median": 14.5047369003, "min": 0.987915694714, "var": 87.3779754639}, "hfc": {"dmean": 3.45454573631, "dmean2": 4.68595552444, "dvar": 36.8323059082, "dvar2": 69.0068740845, "max": 129.48928833, "mean": 12.6824121475, "median": 9.35985183716, "min": 1.19128778345e-16, "var": 129.887252808}, "melbands_crest": {"dmean": 2.19768333435, "dmean2": 3.64588475227, "dvar": 6.05234289169, "dvar2": 17.0964164734, "max": 36.9664421082, "mean": 13.3502426147, "median": 12.232758522, "min": 1.82858145237, "var": 27.6949501038}, "melbands_flatness_db": {"dmean": 0.0178597122431, "dmean2": 0.0287561099976, "dvar": 0.000493260973599, "dvar2": 0.00111100438517, "max": 0.532380878925, "mean": 0.386974841356, "median": 0.399914205074, "min": 0.00439555989578, "var": 0.0053429286927}, "melbands_kurtosis": {"dmean": 2.07638812065, "dmean2": 3.12902331352, "dvar": 53.6021499634, "dvar2": 80.9926452637, "max": 552.497314453, "mean": 4.6320734024, "median": 2.74962186813, "min": -1.8562463522, "var": 193.412582397}, "melbands_skewness": {"dmean": 0.350322961807, "dmean2": 0.543992221355, "dvar": 0.19516864419, "dvar2": 0.432082056999, "max": 18.8101215363, "mean": 1.42818665504, "median": 1.33259320259, "min": -3.32754182816, "var": 1.1600009203}, "melbands_spread": {"dmean": 2.58632278442, "dmean2": 4.00526475906, "dvar": 15.119354248, "dvar2": 33.4941711426, "max": 157.976394653, "mean": 13.2469539642, "median": 9.92756938934, "min": 0.646181106567, "var": 248.376098633}, "pitch_salience": {"dmean": 0.0502014495432, "dmean2": 0.0819661393762, "dvar": 0.00267613539472, "dvar2": 0.00666871480644, "max": 0.870509922504, "mean": 0.535333275795, "median": 0.543199896812, "min": 0.0995657891035, "var": 0.0127365887165}, "silence_rate_20dB": {"dmean": 0, "dmean2": 0, "dvar": 0, "dvar2": 0, "max": 1, "mean": 1, "median": 1, "min": 1, "var": 0}, "silence_rate_30dB": {"dmean": 0.00196431484073, "dmean2": 0.00392927322537, "dvar": 0.00196043541655, "dvar2": 0.00456862524152, "max": 1, "mean": 0.998199701309, "median": 1, "min": 0, "var": 0.00179697934072}, "silence_rate_60dB": {"dmean": 0.0104763461277, "dmean2": 0.0209561232477, "dvar": 0.0103670917451, "dvar2": 0.021501025185, "max": 1, "mean": 0.0896890312433, "median": 0, "min": 0, "var": 0.0816427990794}, "spectral_centroid": {"dmean": 71.6160202026, "dmean2": 108.385559082, "dvar": 21533.6679688, "dvar2": 34745.7695312, "max": 11694.0195312, "mean": 683.018676758, "median": 583.467285156, "min": 314.739868164, "var": 251104.140625}, "spectral_complexity": {"dmean": 1.47520053387, "dmean2": 2.42927312851, "dvar": 2.24439620972, "dvar2": 4.85183572769, "max": 28, "mean": 13.1405887604, "median": 14, "min": 0, "var": 22.103811264}, "spectral_decrease": {"dmean": 1.22143029024e-09, "dmean2": 1.8196169016e-09, "dvar": 3.31991379031e-18, "dvar2": 6.90114013998e-18, "max": 2.1673794351e-15, "mean": -5.49004841588e-09, "median": -4.37360192507e-09, "min": -3.30969918139e-08, "var": 1.95544074057e-17}, "spectral_energy": {"dmean": 0.00490618823096, "dmean2": 0.00726470118389, "dvar": 5.3883628425e-05, "dvar2": 0.000110780762043, "max": 0.132646963, "mean": 0.021870996803, "median": 0.0173731222749, "min": 1.09554886098e-20, "var": 0.000310748087941}, "spectral_energyband_high": {"dmean": 5.52248047825e-06, "dmean2": 7.98400742497e-06, "dvar": 8.91126228364e-10, "dvar2": 2.09596295875e-09, "max": 0.00131735112518, "mean": 9.38891844271e-06, "median": 6.54477162243e-07, "min": 7.93238500119e-21, "var": 1.16036369402e-09}, "spectral_energyband_low": {"dmean": 0.000401535420679, "dmean2": 0.000636137789115, "dvar": 6.17977718775e-07, "dvar2": 1.43392514929e-06, "max": 0.0142697878182, "mean": 0.00117449217942, "median": 0.000297345599392, "min": 7.35752769598e-23, "var": 4.24427707912e-06}, "spectral_energyband_middle_high": {"dmean": 0.00160542363301, "dmean2": 0.0021191467531, "dvar": 1.07267587737e-05, "dvar2": 2.07176071854e-05, "max": 0.0723246559501, "mean": 0.00404417421669, "median": 0.00243193050846, "min": 1.57338042489e-21, "var": 2.42932419496e-05}, "spectral_energyband_middle_low": {"dmean": 0.0038087121211, "dmean2": 0.00602806499228, "dvar": 3.84892919101e-05, "dvar2": 8.66159825819e-05, "max": 0.108418874443, "mean": 0.0169081427157, "median": 0.0126808928326, "min": 3.96511631762e-22, "var": 0.000239523709752}, "spectral_entropy": {"dmean": 0.127166897058, "dmean2": 0.212773248553, "dvar": 0.026937039569, "dvar2": 0.0675743296742, "max": 9.80417251587, "mean": 6.16550397873, "median": 6.11723709106, "min": 4.99478626251, "var": 0.259488284588}, "spectral_flux": {"dmean": 0.0167204085737, "dmean2": 0.026549808681, "dvar": 0.000570516160224, "dvar2": 0.00139389897231, "max": 0.260953307152, "mean": 0.0438816584647, "median": 0.0372415706515, "min": 1.04668468337e-10, "var": 0.000938901677728}, "spectral_kurtosis": {"dmean": 23.4060153961, "dmean2": 41.2109527588, "dvar": 438.85345459, "dvar2": 1250.28637695, "max": 201.890731812, "mean": 58.3554725647, "median": 51.440788269, "min": -1.19516980648, "var": 1470.55761719}, "spectral_rms": {"dmean": 0.000491435115691, "dmean2": 0.000726073747501, "dvar": 3.82024126111e-07, "dvar2": 7.81370886216e-07, "max": 0.0113759245723, "mean": 0.00422260165215, "median": 0.00411696359515, "min": 3.26929368993e-12, "var": 3.50726872966e-06}, "spectral_rolloff": {"dmean": 168.431747437, "dmean2": 307.674133301, "dvar": 855814, "dvar2": 2333602.5, "max": 19896.6796875, "mean": 1304.04956055, "median": 775.1953125, "min": 21.533203125, "var": 7838735}, "spectral_skewness": {"dmean": 1.41190350056, "dmean2": 2.48904013634, "dvar": 1.36083292961, "dvar2": 4.00784015656, "max": 11.8770828247, "mean": 4.71834850311, "median": 4.42454242706, "min": -0.084161490202, "var": 3.93406629562}, "spectral_spread": {"dmean": 250041.390625, "dmean2": 432619.71875, "dvar": 199578304512, "dvar2": 414885281792, "max": 39715476, "mean": 1577866.5, "median": 1045576.75, "min": 424123.0625, "var": 9150379589630.0}, "spectral_strongpeak": {"dmean": 0.591279685497, "dmean2": 0.953139305115, "dvar": 1.16390764713, "dvar2": 2.47851872444, "max": 12.0917215347, "mean": 1.5640257597, "median": 1.11655545235, "min": 0, "var": 2.28896975517}, "zerocrossingrate": {"dmean": 0.00425345823169, "dmean2": 0.00516564492136, "dvar": 0.000211078295251, "dvar2": 0.000302422879031, "max": 0.84375, "mean": 0.0465652495623, "median": 0.02880859375, "min": 0, "var": 0.0108657674864}, "barkbands": {"dmean": [9.35048683459e-06, 0.000110449982458, 0.000261588633293, 0.000241736881435, 0.0010935056489, 0.00155017036013, 0.0008721917402, 0.00102230557241, 0.000628449139185, 0.000187441750313, 0.000283567002043, 0.000289105169941, 0.000166441706824, 0.000859170395415, 0.000128184561618, 2.51505989581e-05, 2.75851525657e-05, 1.18159341582e-05, 1.2711344425e-05, 5.05309481014e-06, 1.65429344179e-06, 8.68872291448e-07, 3.92537856442e-07, 8.98346499412e-08, 1.2727206844e-08, 2.76651856979e-09, 2.18263029872e-09], "dmean2": [1.62132510013e-05, 0.000178868154762, 0.000429593928857, 0.000425848265877, 0.0017886540154, 0.00251894094981, 0.00158617226407, 0.00139707734343, 0.000866114452947, 0.000250839890214, 0.000444651930593, 0.000379314325983, 0.000267417985015, 0.00115832476877, 0.000170728686498, 3.88469234167e-05, 4.21405275119e-05, 1.74835440703e-05, 1.97030658455e-05, 7.12247219781e-06, 2.47420371124e-06, 1.41791656461e-06, 5.96216921167e-07, 1.49652947812e-07, 2.16639346462e-08, 4.9827515447e-09, 3.77637521254e-09], "dvar": [2.49830239829e-10, 5.25154959519e-08, 3.21249160606e-07, 2.05152872468e-07, 2.4812106858e-06, 1.38599225465e-05, 2.04587763619e-06, 9.03986529011e-06, 5.54335520064e-06, 9.22643607737e-07, 7.21386015812e-07, 6.22974823727e-07, 2.62443762722e-07, 6.29158921583e-06, 9.34466413582e-07, 5.29327159882e-09, 6.26393914516e-09, 1.52666423947e-09, 1.89063809053e-09, 1.21135379505e-09, 6.26947452287e-11, 3.32250303658e-11, 4.55579020689e-12, 3.2341878199e-13, 1.48740882892e-14, 1.77615609259e-15, 6.85459344614e-18], "dvar2": [6.66119770454e-10, 1.25213645674e-07, 7.99334372914e-07, 6.54981249681e-07, 6.35060860077e-06, 3.95029092033e-05, 6.97998711985e-06, 1.60517065524e-05, 1.11374884e-05, 1.72166426182e-06, 1.49590960064e-06, 1.15950206236e-06, 5.98895212534e-07, 1.22637848108e-05, 1.67885241353e-06, 1.33311148787e-08, 1.45646747995e-08, 3.11226822092e-09, 4.38621405863e-09, 2.74185940619e-09, 1.48867973504e-10, 9.16936943041e-11, 1.04488319039e-11, 8.68488495096e-13, 4.21314154083e-14, 5.14564087479e-15, 1.96332211745e-17], "max": [0.000358562450856, 0.00565383536741, 0.0112667009234, 0.00679997261614, 0.0292296744883, 0.0884863585234, 0.0208143200725, 0.0966219156981, 0.0553293414414, 0.0384507998824, 0.041783105582, 0.0271819420159, 0.0146011337638, 0.0345843285322, 0.0605518743396, 0.00159951904789, 0.00235353945754, 0.000771961582359, 0.00117812876124, 0.00178184534889, 0.000196695458726, 0.000235406114371, 4.69739679829e-05, 1.25744154502e-05, 5.53601785214e-06, 2.30747036767e-06, 8.14606551103e-08], "mean": [1.06273664642e-05, 0.000310520263156, 0.000645874475595, 0.000511587888468, 0.00282602803782, 0.00560566829517, 0.00203035166487, 0.00414418568835, 0.00167174148373, 0.000603047781624, 0.00078558945097, 0.000591354968492, 0.000386195693864, 0.00122510863002, 0.000339286576491, 6.70688750688e-05, 5.48047974007e-05, 2.8119147828e-05, 2.06312251976e-05, 9.38177799981e-06, 2.35863899434e-06, 9.80110371529e-07, 4.46278164645e-07, 8.78240911106e-08, 1.17498046848e-08, 3.35592598155e-09, 1.09178586172e-08], "median": [3.31007049681e-06, 4.15693284594e-05, 0.00013279664563, 0.000188237871043, 0.0021487516351, 0.00235876813531, 0.00127560808323, 0.00112831243314, 0.000374809722416, 0.000213819730561, 0.000449844868854, 0.000220939313294, 0.000138497736771, 0.000224593852181, 9.22741965041e-05, 2.30660662055e-05, 1.73406297108e-05, 7.45366151023e-06, 4.10798656958e-06, 6.40010114239e-07, 1.74969699174e-07, 2.36214923177e-08, 6.25100460283e-09, 2.69227840022e-09, 1.99673833023e-09, 1.81293313695e-09, 1.08231468232e-08], "min": [1.70340707417e-23, 4.6502044798e-24, 4.52226315277e-23, 1.67313422138e-23, 1.34594614612e-22, 6.89001716911e-23, 2.30661161638e-23, 9.13456247164e-23, 4.83023287245e-23, 3.10610541997e-23, 3.60887392723e-23, 1.68701476544e-22, 1.7809215249e-22, 1.38616631403e-22, 6.70160121288e-23, 2.20001719677e-22, 8.57482526971e-23, 2.1639406312e-22, 2.47762833026e-22, 4.21073100036e-22, 3.81693769492e-22, 4.72154027216e-22, 9.61014437086e-22, 8.11336700992e-22, 1.26007960846e-21, 1.45422653188e-21, 2.57679826871e-21], "var": [3.58328283712e-10, 4.44297455715e-07, 1.74328010871e-06, 5.50042614123e-07, 8.64076355356e-06, 8.75707846717e-05, 4.77357207274e-06, 6.5377127612e-05, 1.52198254e-05, 4.04237152907e-06, 1.68345093243e-06, 1.41183613778e-06, 7.63283424021e-07, 9.88382089417e-06, 1.95575876205e-06, 1.41849643143e-08, 1.17840537328e-08, 4.19845935795e-09, 2.91868729185e-09, 1.72426395384e-09, 7.43134234704e-11, 2.8266685867e-11, 5.17380539453e-12, 2.66096362609e-13, 9.17828130392e-15, 1.00474635275e-15, 7.1860314827e-18]}, "erbbands": {"dmean": [0.000880139821675, 0.0347248613834, 0.256596922874, 0.514072299004, 1.95912218094, 4.11981153488, 10.5090923309, 11.6664733887, 16.5236282349, 7.62334060669, 28.0806903839, 12.3057851791, 4.67257881165, 9.22882175446, 9.5391702652, 12.8239660263, 9.37223529816, 43.2758026123, 12.7451734543, 4.81048154831, 1.41259944439, 1.27998685837, 0.800987482071, 0.806124687195, 0.31469476223, 0.2287761271, 0.112709783018, 0.0666262432933, 0.0380083955824, 0.0171009544283, 0.009496467188, 0.00433434452862, 0.000853296311107, 0.000235749292187, 8.22691363283e-05, 1.83480624401e-05, 5.49351580048e-06, 1.16673584216e-06, 2.48564219874e-06, 5.65753362025e-06], "dmean2": [0.001476104022, 0.0561597198248, 0.422229975462, 0.847251832485, 3.30962395668, 6.90385866165, 17.5233592987, 18.6051254272, 30.0664310455, 11.1072826385, 37.4701347351, 16.9952220917, 6.2123541832, 14.0429086685, 13.7582988739, 16.6508846283, 14.3773803711, 58.4728546143, 16.9097976685, 6.54993009567, 2.19529700279, 1.9234367609, 1.17377150059, 1.26973569393, 0.445532828569, 0.323829472065, 0.158855438232, 0.1008695364, 0.0628327131271, 0.0263887066394, 0.0146329412237, 0.00680350279436, 0.00140050589107, 0.000381652411306, 0.000141213546158, 3.18134734698e-05, 9.21778791962e-06, 1.90276341527e-06, 3.63012895832e-06, 8.31064153317e-06], "dvar": [2.19559615289e-06, 0.00494716223329, 0.258811831474, 1.13177275658, 11.346830368, 39.1005516052, 591.567504883, 1249.29199219, 785.260253906, 256.546661377, 7601.33837891, 1784.38586426, 366.414916992, 1161.73034668, 818.917724609, 1224.49511719, 731.997131348, 16508.4179688, 1460.25170898, 1165.07946777, 13.3207960129, 12.8680582047, 7.02579689026, 8.00438117981, 1.68555760384, 4.21762228012, 0.244636416435, 0.161191001534, 0.090288721025, 0.00780068198219, 0.00295301154256, 0.000592147815041, 2.61128843704e-05, 2.49730010182e-06, 1.57095973918e-06, 8.94329801326e-08, 3.49580142611e-09, 2.54196559635e-11, 1.39495238277e-11, 7.22750956306e-11], "dvar2": [6.0019006014e-06, 0.0118210120127, 0.673490703106, 2.83044719696, 32.3327255249, 105.314201355, 1676.80822754, 3612.51269531, 2578.43237305, 448.58996582, 13596.0683594, 3607.8918457, 762.270080566, 2384.13500977, 1535.04785156, 2066.42919922, 1668.69689941, 32322.9570312, 2721.51171875, 2157.75073242, 32.0586662292, 28.8271141052, 13.6576395035, 18.7679843903, 3.77386927605, 9.74612426758, 0.488571316004, 0.38384860754, 0.252365112305, 0.0188835803419, 0.00719889393076, 0.00146932795178, 6.61833691993e-05, 6.2888047978e-06, 4.55488361695e-06, 2.60288913978e-07, 9.99326310591e-09, 6.98782490205e-11, 2.80320489043e-11, 1.46651871202e-10], "max": [0.0294776186347, 1.67981183529, 8.33565807343, 19.3550834656, 81.3148193359, 112.435935974, 444.996246338, 914.453308105, 503.638031006, 432.612091064, 2652.32885742, 912.048583984, 571.722900391, 1391.68139648, 1264.39050293, 1068.41137695, 782.936584473, 1859.17565918, 1278.71887207, 2235.13891602, 84.1604995728, 117.191215515, 58.5316009521, 84.9133453369, 37.6619262695, 118.002746582, 15.3390684128, 11.9930553436, 13.9082460403, 2.23079037666, 1.2984534502, 0.490873932838, 0.13703930378, 0.0560110472143, 0.0695153176785, 0.0167478099465, 0.00297718076035, 0.000193562911591, 6.80584489601e-05, 0.000152622218593], "mean": [0.00212562805973, 0.0970336347818, 0.609368741512, 1.40012145042, 5.06224536896, 9.59135723114, 26.8038921356, 47.0158958435, 42.2327804565, 34.1821136475, 106.190803528, 36.019405365, 16.3481655121, 31.3330039978, 24.3972129822, 26.6310920715, 21.801317215, 60.8856964111, 24.9005222321, 13.7970237732, 3.71552753448, 2.77009320259, 1.86683988571, 1.37287855148, 0.598641574383, 0.403893113136, 0.224724128842, 0.0905749127269, 0.0440348163247, 0.0202658288181, 0.0105298403651, 0.00435566110536, 0.000932315655518, 0.000272415316431, 8.72092059581e-05, 2.95742484013e-05, 1.29769186969e-05, 3.51549419975e-06, 1.1893554074e-05, 2.51709316217e-05], "median": [0.000678638811223, 0.0184014309198, 0.152307897806, 0.468271911144, 2.54407215118, 6.72483634949, 8.78568840027, 20.9127922058, 26.5023212433, 15.7994403839, 28.7313404083, 10.9793739319, 8.32605934143, 16.1455497742, 14.5623035431, 10.2996807098, 9.22236824036, 12.3732852936, 7.11952495575, 5.24271869659, 1.66643071175, 0.959532856941, 0.582416772842, 0.329236030579, 0.094950504601, 0.032960601151, 0.0136128589511, 0.00516403652728, 0.00133307580836, 0.000440478499513, 0.000178529706318, 8.7821535999e-05, 5.3830757679e-05, 3.7934325519e-05, 2.62198045675e-05, 1.73110256583e-05, 9.3400658443e-06, 2.84443763121e-06, 9.71186727838e-06, 1.99401674763e-05], "min": [4.49815303915e-22, 8.161466573e-22, 3.21458024922e-20, 7.98724500882e-20, 2.39997536691e-19, 4.50408373835e-19, 5.33631945842e-19, 5.74926197888e-19, 4.27498004108e-19, 8.95288906432e-19, 1.826035737e-18, 1.42686990964e-18, 1.08379230449e-18, 6.83081613943e-19, 4.67990625083e-18, 5.47087496411e-18, 8.26090967532e-18, 8.32608158142e-18, 4.72711634352e-18, 5.94426629277e-18, 1.09131791099e-17, 5.19513554769e-18, 9.9737922744e-18, 1.40605351662e-17, 1.38915272778e-17, 2.01697702244e-17, 1.61614399188e-17, 1.47505692332e-17, 1.4867881642e-17, 2.47360983733e-17, 2.61217284697e-17, 1.39090767417e-17, 1.81474856803e-17, 1.45116761635e-17, 8.55687241695e-18, 5.05507484483e-18, 2.69645328697e-18, 1.37710279489e-18, 3.96820201634e-19, 3.39044207862e-20], "var": [1.35036943902e-05, 0.0391938425601, 1.15571558475, 6.1523733139, 46.8131713867, 102.012046814, 2194.75830078, 7838.57421875, 2290.53540039, 2318.55932617, 47495.0859375, 4783.20117188, 1207.63000488, 5548.36669922, 1845.36462402, 2907.33349609, 2065.2644043, 25505.90625, 3199.12792969, 2361.06567383, 32.7129859924, 27.3552627563, 19.0607089996, 12.2294998169, 2.947224617, 4.78308105469, 0.669881224632, 0.17571105063, 0.0709955617785, 0.00883761327714, 0.00293740420602, 0.00056774658151, 2.66089627985e-05, 2.60438559962e-06, 8.83823588538e-07, 5.01061698799e-08, 2.09453143718e-09, 1.98766662851e-11, 7.5585648851e-11, 4.05438405071e-10]}, "gfcc": {"mean": [-172.541610718, 220.841400146, -155.281829834, -42.3944664001, -27.6632995605, -35.729888916, -28.8339271545, -24.0791625977, -11.424870491, -9.12284946442, -2.88528442383, -13.3086175919, -4.25982809067], "cov": [[19996.1992188, 4649.38964844, -3755.18359375, 845.97479248, -1061.20581055, -815.337219238, -527.154785156, -510.662841797, -214.532928467, -52.1605148315, -81.0709075928, -346.886932373, -132.852539062], [4649.38964844, 2771.93017578, -459.996490479, -566.546203613, 243.08505249, -220.778396606, -263.708435059, -34.1206741333, -266.684844971, -72.2114868164, -86.4249954224, -27.6402854919, -7.95558691025], [-3755.18359375, -459.996490479, 1085.3112793, -220.603027344, 336.004547119, 267.354217529, 132.007553101, 169.166641235, -0.00660758279264, -52.8739089966, -19.591217041, 65.803894043, 37.0138015747], [845.97479248, -566.546203613, -220.603027344, 606.475219727, -195.799880981, 51.0066947937, 127.75642395, -47.9385681152, 82.941192627, -4.37861347198, 22.0516376495, -40.5392074585, -28.9892196655], [-1061.20581055, 243.08505249, 336.004547119, -195.799880981, 416.690856934, 90.918258667, 26.5010185242, 63.0322265625, -92.5379486084, 13.5613460541, 6.52435779572, 30.3437824249, -1.11255729198], [-815.337219238, -220.778396606, 267.354217529, 51.0066947937, 90.918258667, 279.090423584, 97.5215454102, 48.7005805969, 36.8912467957, -8.95566082001, 21.0005245209, 13.9573698044, -24.3035259247], [-527.154785156, -263.708435059, 132.007553101, 127.75642395, 26.5010185242, 97.5215454102, 163.35168457, 60.6615409851, 37.9872817993, -4.56039237976, -5.42943239212, 1.99371790886, -15.0099277496], [-510.662841797, -34.1206741333, 169.166641235, -47.9385681152, 63.0322265625, 48.7005805969, 60.6615409851, 125.07800293, 36.2027053833, -19.9653224945, -5.83301925659, 11.228890419, 0.724786520004], [-214.532928467, -266.684844971, -0.00660758279264, 82.941192627, -92.5379486084, 36.8912467957, 37.9872817993, 36.2027053833, 128.831207275, 20.9927463531, -1.08219194412, -10.1819467545, -16.2751083374], [-52.1605148315, -72.2114868164, -52.8739089966, -4.37861347198, 13.5613460541, -8.95566082001, -4.56039237976, -19.9653224945, 20.9927463531, 87.4920425415, 31.7186012268, -6.536652565, -5.03656053543], [-81.0709075928, -86.4249954224, -19.591217041, 22.0516376495, 6.52435779572, 21.0005245209, -5.42943239212, -5.83301925659, -1.08219194412, 31.7186012268, 79.3371200562, 37.4657249451, -6.09736347198], [-346.886932373, -27.6402854919, 65.803894043, -40.5392074585, 30.3437824249, 13.9573698044, 1.99371790886, 11.228890419, -10.1819467545, -6.536652565, 37.4657249451, 103.291885376, 44.8032913208], [-132.852539062, -7.95558691025, 37.0138015747, -28.9892196655, -1.11255729198, -24.3035259247, -15.0099277496, 0.724786520004, -16.2751083374, -5.03656053543, -6.09736347198, 44.8032913208, 93.3756027222]], "icov": [[0.00106073799543, -0.00198248052038, 0.00215403456241, -0.00228760507889, 0.00136027159169, -0.000789343670476, 0.000688993663061, -0.000981327262707, 0.000442185555585, -0.000283825182123, -0.00023814078304, 0.000987411942333, -0.00072220840957], [-0.00198248052038, 0.00450427178293, -0.00329739321023, 0.00481481105089, -0.00302278040908, 0.00122480432037, -0.000692717905622, 0.00116599397734, 0.000173351596459, 0.00102810969111, 0.00133957213257, -0.00197079149075, 0.00164614524692], [0.00215403456241, -0.00329739321023, 0.00703764008358, -0.00344076054171, 0.00120148714632, -0.00303695327602, 0.000968763022684, -0.00307577499188, 0.000954461866058, 0.00118321133777, 0.000261971901637, 0.00199795886874, -0.00238204211928], [-0.00228760507889, 0.00481481105089, -0.00344076054171, 0.00904138479382, -0.00306152086705, 0.0014663253678, -0.00546394940466, 0.00498676812276, -0.00269911112264, 0.00403183465824, -0.00243712565862, 0.000423740420956, 0.000139061841764], [0.00136027159169, -0.00302278040908, 0.00120148714632, -0.00306152086705, 0.00779898837209, -0.00217609573156, 0.00113240361679, -0.0042019514367, 0.00604759249836, -0.00543814711273, 0.00156336033251, -0.000575488375034, 0.00113123224583], [-0.000789343670476, 0.00122480432037, -0.00303695327602, 0.0014663253678, -0.00217609573156, 0.00715476321056, -0.00342253502458, 0.00296193244867, -0.00343270390294, 0.00247137621045, -0.00337905995548, 0.000150377221871, 0.00114569067955], [0.000688993663061, -0.000692717905622, 0.000968763022684, -0.00546394940466, 0.00113240361679, -0.00342253502458, 0.0153409447521, -0.00879715848714, 0.00398232229054, -0.00518431467935, 0.00703689781949, -0.00369511079043, 0.003144872142], [-0.000981327262707, 0.00116599397734, -0.00307577499188, 0.00498676812276, -0.0042019514367, 0.00296193244867, -0.00879715848714, 0.0195897314698, -0.0108031593263, 0.00881852768362, -0.00669725332409, 0.00285232183523, -0.0025880006142], [0.000442185555585, 0.000173351596459, 0.000954461866058, -0.00269911112264, 0.00604759249836, -0.00343270390294, 0.00398232229054, -0.0108031593263, 0.019837481901, -0.0105020273477, 0.00829971302301, -0.00412863073871, 0.00474430900067], [-0.000283825182123, 0.00102810969111, 0.00118321133777, 0.00403183465824, -0.00543814711273, 0.00247137621045, -0.00518431467935, 0.00881852768362, -0.0105020273477, 0.0237506441772, -0.0139232994989, 0.00839037355036, -0.00534132868052], [-0.00023814078304, 0.00133957213257, 0.000261971901637, -0.00243712565862, 0.00156336033251, -0.00337905995548, 0.00703689781949, -0.00669725332409, 0.00829971302301, -0.0139232994989, 0.0291034989059, -0.0156458355486, 0.00934032909572], [0.000987411942333, -0.00197079149075, 0.00199795886874, 0.000423740420956, -0.000575488375034, 0.000150377221871, -0.00369511079043, 0.00285232183523, -0.00412863073871, 0.00839037355036, -0.0156458355486, 0.0222693551332, -0.0119812563062], [-0.00072220840957, 0.00164614524692, -0.00238204211928, 0.000139061841764, 0.00113123224583, 0.00114569067955, 0.003144872142, -0.0025880006142, 0.00474430900067, -0.00534132868052, 0.00934032909572, -0.0119812563062, 0.0185444038361]]}, "melbands": {"dmean": [1.85231219803e-05, 0.00010387331713, 0.000124955317006, 0.000193009327631, 0.000329205737216, 0.00027999523445, 0.000224299641559, 9.59984172368e-05, 0.000240529378061, 6.58760982333e-05, 2.33836253756e-05, 3.72974172933e-05, 3.37221608788e-05, 3.39748912666e-05, 2.76062928606e-05, 1.47114915308e-05, 9.78036114248e-05, 2.37286003539e-05, 1.08156509668e-05, 2.88031492346e-06, 1.66841869031e-06, 1.60368597335e-06, 7.85420638749e-07, 6.56875215554e-07, 7.52662231207e-07, 2.54659425991e-07, 1.67653638528e-07, 1.53565295591e-07, 9.30699144419e-08, 3.57800509221e-08, 3.68541144269e-08, 1.7545675135e-08, 2.15175539608e-08, 7.49997131066e-09, 6.05037486778e-09, 5.05635400216e-09, 1.5878737214e-09, 5.5307269875e-10, 4.20787321653e-10, 1.33016653248e-10], "dmean2": [3.03338874801e-05, 0.000168654732988, 0.000211890393985, 0.000322616979247, 0.000545259332284, 0.000451456580777, 0.000406771607231, 0.0001376405271, 0.000320097722579, 9.17343713809e-05, 3.08657836285e-05, 5.61452688999e-05, 5.15778410772e-05, 4.41534284619e-05, 4.00799181079e-05, 2.31877675105e-05, 0.000132145622047, 3.17299527524e-05, 1.44776540765e-05, 4.24542986366e-06, 2.65243966169e-06, 2.45148135036e-06, 1.154694246e-06, 9.83745167105e-07, 1.20189133668e-06, 3.66897097592e-07, 2.38317355183e-07, 2.17440202732e-07, 1.30784442831e-07, 5.35406456947e-08, 5.65975639688e-08, 2.88868573506e-08, 3.55040761235e-08, 1.14695595244e-08, 9.56443368949e-09, 7.42765582373e-09, 2.70254751911e-09, 9.37995126016e-10, 6.72222610909e-10, 2.24305976571e-10], "dvar": [1.32145183684e-09, 4.07860945018e-08, 4.42853718141e-08, 8.00678563451e-08, 4.52546800034e-07, 5.46389628653e-07, 1.42268319792e-07, 5.35021911219e-08, 5.62142076888e-07, 6.00100378279e-08, 1.06373700959e-08, 2.14031441459e-08, 1.32843815948e-08, 6.83883261132e-09, 9.10185171676e-09, 3.05699821013e-09, 8.57451070146e-08, 4.32458957533e-09, 1.00555590521e-08, 7.14703157767e-11, 1.9255225886e-11, 2.10244929105e-11, 6.72649479519e-12, 4.98820949824e-12, 8.17861403601e-12, 1.3949649812e-12, 9.66998508177e-13, 2.04015493735e-12, 1.94236865632e-13, 2.03623434032e-14, 5.82962565482e-14, 2.50306587659e-14, 1.87864894268e-14, 1.7298380017e-15, 1.78961714019e-15, 1.06754452842e-15, 1.26518042314e-16, 1.33634526932e-17, 1.04704166249e-17, 1.27053670298e-18], "dvar2": [3.30901084311e-09, 1.0327692479e-07, 1.2684030537e-07, 2.1863228028e-07, 1.25132692119e-06, 1.56646933647e-06, 4.66552961598e-07, 9.47912894844e-08, 1.02603291907e-06, 1.19949874033e-07, 2.24190426223e-08, 4.23275743344e-08, 2.61283670255e-08, 1.15053175875e-08, 2.20834888154e-08, 6.69003208387e-09, 1.67913739801e-07, 8.38768876577e-09, 1.81517361142e-08, 1.70279054745e-10, 4.7419273369e-11, 4.91117424506e-11, 1.27936758409e-11, 1.06434722147e-11, 1.92009290412e-11, 3.15827984425e-12, 2.15978168509e-12, 4.75921992787e-12, 3.68949933539e-13, 4.71567873455e-14, 1.38895080333e-13, 7.12285861803e-14, 5.03318022568e-14, 4.0001952556e-15, 4.5467068424e-15, 2.19384222668e-15, 3.55809318505e-16, 3.51239582372e-17, 2.25438182871e-17, 3.45380620734e-18], "max": [0.000862311571836, 0.00317352847196, 0.00352039304562, 0.00641033565626, 0.0124279148877, 0.0186910703778, 0.00674866698682, 0.00547302002087, 0.0204072836787, 0.0055554555729, 0.0033213540446, 0.00623992783949, 0.0061347275041, 0.00163983099628, 0.00526172621176, 0.00234430492856, 0.00406289752573, 0.00178408401553, 0.00658341310918, 0.000275267462712, 0.000121564946312, 0.000130910702865, 0.000120755794342, 4.38828064944e-05, 8.97760764929e-05, 3.10391769744e-05, 3.87497966585e-05, 8.37612169562e-05, 1.50183968799e-05, 2.76588230008e-06, 7.27731548977e-06, 8.31442139315e-06, 3.33803700414e-06, 1.18774710245e-06, 1.15962654945e-06, 1.07649657366e-06, 2.5791419489e-07, 9.31225585532e-08, 1.60520528425e-07, 5.46267564516e-08], "mean": [5.02470575157e-05, 0.000267419934971, 0.000344277650584, 0.000496366352309, 0.000834024103824, 0.00109262741171, 0.000579880725127, 0.000435709051089, 0.000860360800289, 0.000178822272574, 7.70684564486e-05, 0.000124375641462, 8.98475918802e-05, 7.15225833119e-05, 5.76604652451e-05, 3.34599753842e-05, 0.000134343412356, 4.30336112913e-05, 2.8640308301e-05, 8.35603077576e-06, 3.56203122465e-06, 3.15883471558e-06, 1.81607356353e-06, 1.42399494507e-06, 1.15782597732e-06, 4.6642830398e-07, 2.96815983347e-07, 2.62733493628e-07, 1.91980603859e-07, 5.24810879199e-08, 4.64409062317e-08, 2.0315669147e-08, 2.29715446665e-08, 8.5232993996e-09, 6.38607700054e-09, 5.52060619441e-09, 1.42088030231e-09, 5.39711775271e-10, 5.07536346284e-10, 1.22970064687e-10], "median": [8.9742752607e-06, 6.36945042061e-05, 0.000154300025315, 0.000367437402019, 0.000347429187968, 0.000514285638928, 0.000377367716283, 0.000160492767463, 0.000216566899326, 5.42046655028e-05, 3.38105674018e-05, 6.12926087342e-05, 5.30679462827e-05, 2.72289016721e-05, 2.12409067899e-05, 1.31336655613e-05, 2.2425854695e-05, 1.09758748295e-05, 7.43412147131e-06, 3.15062084155e-06, 1.41378836815e-06, 9.49270258843e-07, 5.58449642085e-07, 2.89370206019e-07, 2.46877760901e-07, 6.81189646912e-08, 2.62711115084e-08, 1.73815770665e-08, 7.66901386839e-09, 3.78068776286e-09, 1.85239534822e-09, 5.7954441246e-10, 2.87213725025e-10, 1.64420144166e-10, 8.81826833776e-11, 5.3627983998e-11, 3.61839724849e-11, 2.70124443646e-11, 2.32290610358e-11, 1.84484025278e-11], "min": [3.87456922208e-24, 1.20470372493e-23, 1.54418686004e-23, 2.86024492817e-23, 1.73118428659e-23, 1.28097805476e-23, 6.11397572691e-24, 1.36811894357e-23, 1.29040612587e-23, 8.53228562985e-24, 5.1540996382e-24, 2.35139359336e-24, 1.06354471789e-23, 2.03638999543e-23, 1.0388837427e-23, 2.05775850185e-23, 1.47592877695e-23, 8.03583889612e-24, 4.69754126171e-24, 1.38888696908e-23, 1.24592596707e-23, 5.07369420157e-24, 6.78374151241e-24, 1.02523621238e-23, 1.18507678672e-23, 7.33412187737e-24, 1.37217368862e-23, 1.35252616115e-23, 9.20352264094e-24, 9.97191970542e-24, 8.51259566166e-24, 6.84868843074e-24, 1.16302339125e-23, 1.51774629354e-23, 1.60849527435e-23, 1.10003071805e-23, 7.89423599705e-24, 1.23964679204e-23, 1.32479422934e-23, 1.19818710276e-23], "var": [1.06087911789e-08, 2.18278515263e-07, 2.14212207084e-07, 2.80606485603e-07, 1.69080954038e-06, 3.48253001903e-06, 4.16078535181e-07, 4.37221132188e-07, 3.03958427139e-06, 1.50104213503e-07, 3.34069625296e-08, 1.05375022486e-07, 2.89882340354e-08, 1.75950756187e-08, 1.63298086164e-08, 6.94704560544e-09, 1.31871658482e-07, 8.97359075935e-09, 2.00089402824e-08, 2.06596545427e-10, 3.78709216764e-11, 4.02394020882e-11, 1.72784321573e-11, 1.23959479834e-11, 1.19383938499e-11, 2.20581495777e-12, 1.48632896355e-12, 2.23074857197e-12, 6.19549387921e-13, 2.93231964318e-14, 6.06020767423e-14, 1.76124204468e-14, 1.86596869006e-14, 1.91825666916e-15, 1.59877098217e-15, 1.44376903502e-15, 8.55185771721e-17, 1.08647303142e-17, 1.68541110376e-17, 8.83694522581e-19]}, "mfcc": {"mean": [-781.098876953, 237.446090698, -35.8790397644, -15.5323314667, 1.93989348412, -12.1920080185, -14.3461103439, -15.6294651031, -13.9647283554, -5.83817911148, -3.47510099411, -5.02806758881, -4.56325674057], "cov": [[7236.75537109, 2644.52490234, -1510.82336426, 656.132629395, -262.352813721, -150.135574341, -143.523361206, -257.015319824, -144.25012207, 37.2652816772, -85.029624939, 23.5095176697, -50.716960907], [2644.52490234, 2432.98388672, -197.503356934, -313.990081787, 312.682220459, -96.1789703369, 17.3856449127, 5.41385793686, -80.7154922485, -96.3433761597, -73.8876571655, -23.8868808746, -12.3995294571], [-1510.82336426, -197.503356934, 651.499023438, -239.21661377, 110.371887207, 108.632301331, 54.5609397888, 158.837554932, 66.4979553223, -24.4550228119, -3.48227262497, -4.53949546814, 19.5158805847], [656.132629395, -313.990081787, -239.21661377, 426.663574219, -151.091552734, -11.258228302, 7.78840637207, -58.73229599, 29.948764801, 48.1999664307, -25.0245456696, 20.4275970459, -5.3417673111], [-262.352813721, 312.682220459, 110.371887207, -151.091552734, 255.659317017, 52.190322876, 59.0522956848, 63.41664505, -14.9680480957, -30.1134681702, -2.23806023598, -4.00085830688, 16.2240715027], [-150.135574341, -96.1789703369, 108.632301331, -11.258228302, 52.190322876, 201.258468628, 74.7147216797, 55.3333396912, 15.9241809845, 7.47173500061, 39.1200675964, 6.54248905182, 10.8534049988], [-143.523361206, 17.3856449127, 54.5609397888, 7.78840637207, 59.0522956848, 74.7147216797, 142.268264771, 67.7836608887, 14.7810916901, 6.24928331375, 0.424150675535, 17.618057251, 18.4295063019], [-257.015319824, 5.41385793686, 158.837554932, -58.73229599, 63.41664505, 55.3333396912, 67.7836608887, 180.680770874, 56.0429267883, -12.3103628159, 11.0385837555, 27.7534103394, 47.3139801025], [-144.25012207, -80.7154922485, 66.4979553223, 29.948764801, -14.9680480957, 15.9241809845, 14.7810916901, 56.0429267883, 113.348716736, 35.1290168762, -0.570523023605, 10.159705162, 4.71497154236], [37.2652816772, -96.3433761597, -24.4550228119, 48.1999664307, -30.1134681702, 7.47173500061, 6.24928331375, -12.3103628159, 35.1290168762, 116.226898193, 40.3937301636, -11.9142379761, -13.9218330383], [-85.029624939, -73.8876571655, -3.48227262497, -25.0245456696, -2.23806023598, 39.1200675964, 0.424150675535, 11.0385837555, -0.570523023605, 40.3937301636, 128.12588501, 22.5330257416, -24.937379837], [23.5095176697, -23.8868808746, -4.53949546814, 20.4275970459, -4.00085830688, 6.54248905182, 17.618057251, 27.7534103394, 10.159705162, -11.9142379761, 22.5330257416, 90.907951355, 36.3655357361], [-50.716960907, -12.3995294571, 19.5158805847, -5.3417673111, 16.2240715027, 10.8534049988, 18.4295063019, 47.3139801025, 4.71497154236, -13.9218330383, -24.937379837, 36.3655357361, 117.861793518]], "icov": [[0.00576363457367, -0.00804429035634, 0.00830511283129, -0.00781821180135, 0.00885791424662, -0.00879119895399, 0.00813204329461, -0.00718615483493, 0.00537616759539, -0.00482908636332, 0.0037221594248, -0.00272948248312, 0.00195198785514], [-0.00804429035634, 0.0118614155799, -0.0110752917826, 0.0114448247477, -0.0130388149992, 0.0124645000324, -0.0114196334034, 0.00985917821527, -0.00754055008292, 0.0068158400245, -0.00470541371033, 0.00366989546455, -0.00240740133449], [0.00830511283129, -0.0110752917826, 0.0150885777548, -0.00935095362365, 0.0124117387459, -0.0137295536697, 0.0118846623227, -0.0120516028255, 0.00668483879417, -0.00696295220405, 0.00676290271804, -0.00407725479454, 0.00362079357728], [-0.00781821180135, 0.0114448247477, -0.00935095362365, 0.0153805222362, -0.0105481380597, 0.0110641494393, -0.0120776668191, 0.00989989005029, -0.00845646671951, 0.00540532544255, -0.00270810024813, 0.00222916225903, -0.00185128278099], [0.00885791424662, -0.0130388149992, 0.0124117387459, -0.0105481380597, 0.0203122440726, -0.0144988354295, 0.0106363538653, -0.0118603240699, 0.00916452519596, -0.00717242108658, 0.00589858088642, -0.00375024043024, 0.00273507926613], [-0.00879119895399, 0.0124645000324, -0.0137295536697, 0.0110641494393, -0.0144988354295, 0.0210464149714, -0.0157968755811, 0.0113180307671, -0.00858792848885, 0.00842033885419, -0.00894490815699, 0.00572400074452, -0.00403294945136], [0.00813204329461, -0.0114196334034, 0.0118846623227, -0.0120776668191, 0.0106363538653, -0.0157968755811, 0.0229486804456, -0.0139966262504, 0.00922826584429, -0.00910765118897, 0.00762921432033, -0.00601298641413, 0.00382803217508], [-0.00718615483493, 0.00985917821527, -0.0120516028255, 0.00989989005029, -0.0118603240699, 0.0113180307671, -0.0139966262504, 0.0206996519119, -0.0120882615447, 0.00888658128679, -0.00759986322373, 0.00361089035869, -0.00633027823642], [0.00537616759539, -0.00754055008292, 0.00668483879417, -0.00845646671951, 0.00916452519596, -0.00858792848885, 0.00922826584429, -0.0120882615447, 0.0191786140203, -0.00994311273098, 0.00634984532371, -0.00477200653404, 0.00384311517701], [-0.00482908636332, 0.0068158400245, -0.00696295220405, 0.00540532544255, -0.00717242108658, 0.00842033885419, -0.00910765118897, 0.00888658128679, -0.00994311273098, 0.0176381357014, -0.00929762236774, 0.0067164725624, -0.00345272663981], [0.0037221594248, -0.00470541371033, 0.00676290271804, -0.00270810024813, 0.00589858088642, -0.00894490815699, 0.00762921432033, -0.00759986322373, 0.00634984532371, -0.00929762236774, 0.0162668880075, -0.00798262376338, 0.00628625415266], [-0.00272948248312, 0.00366989546455, -0.00407725479454, 0.00222916225903, -0.00375024043024, 0.00572400074452, -0.00601298641413, 0.00361089035869, -0.00477200653404, 0.0067164725624, -0.00798262376338, 0.0174986198545, -0.00663628196344], [0.00195198785514, -0.00240740133449, 0.00362079357728, -0.00185128278099, 0.00273507926613, -0.00403294945136, 0.00382803217508, -0.00633027823642, 0.00384311517701, -0.00345272663981, 0.00628625415266, -0.00663628196344, 0.0131413359195]]}, "spectral_contrast_coeffs": {"dmean": [0.0440653786063, 0.0348374284804, 0.0262662060559, 0.0269771087915, 0.0216241460294, 0.0334578454494], "dmean2": [0.0746304988861, 0.06055380404, 0.0424836352468, 0.042065307498, 0.0352917946875, 0.0567619390786], "dvar": [0.0012603396317, 0.00103204487823, 0.000606466899626, 0.000702239398379, 0.000565038528293, 0.000816734333057], "dvar2": [0.00350594636984, 0.00287317717448, 0.00146785448305, 0.0015299806837, 0.00139995396603, 0.00218442571349], "max": [-0.305236697197, -0.347705811262, -0.498258173466, -0.487399965525, -0.577658474445, -0.616414546967], "mean": [-0.559304893017, -0.667334198952, -0.74135684967, -0.706713318825, -0.712841153145, -0.7947909832], "median": [-0.55095744133, -0.668263733387, -0.74288803339, -0.704795360565, -0.706527650356, -0.801326751709], "min": [-0.955324292183, -0.97892332077, -0.964821636677, -0.966168284416, -0.955600082874, -0.962123394012], "var": [0.00993666239083, 0.00762325339019, 0.00374464388005, 0.00446098204702, 0.00320762745105, 0.00472786044702]}, "spectral_contrast_valleys": {"dmean": [0.437598586082, 0.247374221683, 0.232345402241, 0.247267842293, 0.280222386122, 0.52788823843], "dmean2": [0.720804095268, 0.423639267683, 0.375741243362, 0.403194755316, 0.445430248976, 0.923467457294], "dvar": [0.159715533257, 0.0885010436177, 0.0789339020848, 0.101187244058, 0.189220279455, 0.211660251021]