{"lowlevel": {"average_loudness": 0.967645943165, "barkbands_crest": {"dmean": 2.75850176811, "dmean2": 4.26054430008, "dvar": 9.31583404541, "dvar2": 24.0469989777, "max": 25.4568729401, "mean": 13.9910917282, "median": 13.097278595, "min": 1.82387793064, "var": 30.4940814972}, "barkbands_flatness_db": {"dmean": 0.0327270925045, "dmean2": 0.0455106422305, "dvar": 0.00123331788927, "dvar2": 0.00275184120983, "max": 0.409989833832, "mean": 0.18225620687, "median": 0.172707021236, "min": 0.0105461459607, "var": 0.00648436602205}, "barkbands_kurtosis": {"dmean": 6.0122795105, "dmean2": 9.44612312317, "dvar": 100.880653381, "dvar2": 233.558395386, "max": 151.831314087, "mean": 11.358130455, "median": 5.32627010345, "min": -1.87694990635, "var": 273.773925781}, "barkbands_skewness": {"dmean": 0.79414498806, "dmean2": 1.16322863102, "dvar": 0.857665657997, "dvar2": 1.81814968586, "max": 10.6505689621, "mean": 2.41387796402, "median": 2.27518224716, "min": -2.01796722412, "var": 3.59010124207}, "barkbands_spread": {"dmean": 6.58318090439, "dmean2": 10.1029939651, "dvar": 78.7935409546, "dvar2": 178.87348938, "max": 91.590385437, "mean": 18.936006546, "median": 13.9217061996, "min": 0.759821534157, "var": 255.215179443}, "dissonance": {"dmean": 0.0218451786786, "dmean2": 0.0365022420883, "dvar": 0.000500476337038, "dvar2": 0.00138201995287, "max": 0.5, "mean": 0.454367637634, "median": 0.462988734245, "min": 0.271412461996, "var": 0.00108734087553}, "dynamic_complexity": 4.70032453537, "erbbands_crest": {"dmean": 2.72989153862, "dmean2": 4.22551774979, "dvar": 8.59037685394, "dvar2": 19.4571762085, "max": 33.2867202759, "mean": 11.4094600677, "median": 9.94360542297, "min": 2.5330145359, "var": 37.1419563293}, "erbbands_flatness_db": {"dmean": 0.0269328393042, "dmean2": 0.0366997048259, "dvar": 0.00104865536559, "dvar2": 0.00208983756602, "max": 0.376860439777, "mean": 0.154570996761, "median": 0.150874078274, "min": 0.0433870591223, "var": 0.00315429014154}, "erbbands_kurtosis": {"dmean": 1.16653263569, "dmean2": 1.77610182762, "dvar": 8.61060523987, "dvar2": 18.1117973328, "max": 78.4796676636, "mean": 0.846489071846, "median": -0.23775267601, "min": -1.73883676529, "var": 17.7334403992}, "erbbands_skewness": {"dmean": 0.3844858706, "dmean2": 0.57425993681, "dvar": 0.19914919138, "dvar2": 0.406865924597, "max": 7.79697799683, "mean": 0.291243165731, "median": 0.161601752043, "min": -2.62109279633, "var": 0.784822404385}, "erbbands_spread": {"dmean": 11.1059608459, "dmean2": 16.2477779388, "dvar": 163.903137207, "dvar2": 337.362976074, "max": 148.303039551, "mean": 43.7964668274, "median": 41.3918495178, "min": 2.38902807236, "var": 519.971618652}, "hfc": {"dmean": 9.37338447571, "dmean2": 12.9288864136, "dvar": 239.183700562, "dvar2": 494.147277832, "max": 169.61630249, "mean": 17.8093795776, "median": 9.89078235626, "min": 1.1211309561e-16, "var": 465.99710083}, "melbands_crest": {"dmean": 2.79141902924, "dmean2": 4.33401060104, "dvar": 9.42183113098, "dvar2": 21.7427558899, "max": 31.69921875, "mean": 16.9740810394, "median": 17.4648666382, "min": 1.66694843769, "var": 24.7629203796}, "melbands_flatness_db": {"dmean": 0.0372433662415, "dmean2": 0.049559418112, "dvar": 0.00166939769406, "dvar2": 0.00321742496453, "max": 0.578681945801, "mean": 0.263190060854, "median": 0.258282512426, "min": 0.00311837252229, "var": 0.0118570178747}, "melbands_kurtosis": {"dmean": 14.1574430466, "dmean2": 21.8704013824, "dvar": 575.811828613, "dvar2": 1395.55297852, "max": 274.913452148, "mean": 28.8587799072, "median": 18.3553123474, "min": -1.63163292408, "var": 1216.54516602}, "melbands_skewness": {"dmean": 1.06418335438, "dmean2": 1.53555059433, "dvar": 1.6266272068, "dvar2": 3.55122327805, "max": 13.8710012436, "mean": 3.75551962852, "median": 3.55656218529, "min": -1.78921282291, "var": 5.81121397018}, "melbands_spread": {"dmean": 7.22856616974, "dmean2": 10.8713188171, "dvar": 134.226379395, "dvar2": 283.992492676, "max": 170.882080078, "mean": 18.9770011902, "median": 10.9136657715, "min": 0.569815158844, "var": 419.328765869}, "pitch_salience": {"dmean": 0.0721621215343, "dmean2": 0.113086894155, "dvar": 0.00670194905251, "dvar2": 0.0176096800715, "max": 0.929334282875, "mean": 0.421317875385, "median": 0.424555927515, "min": 0.109371170402, "var": 0.0160562507808}, "silence_rate_20dB": {"dmean": 0, "dmean2": 0, "dvar": 0, "dvar2": 0, "max": 1, "mean": 1, "median": 1, "min": 1, "var": 0}, "silence_rate_30dB": {"dmean": 0.0703789666295, "dmean2": 0.140812382102, "dvar": 0.0654267221689, "dvar2": 0.136458694935, "max": 1, "mean": 0.927715480328, "median": 1, "min": 0, "var": 0.0670579820871}, "silence_rate_60dB": {"dmean": 0.0433101318777, "dmean2": 0.0866537690163, "dvar": 0.0414350777864, "dvar2": 0.0884277671576, "max": 1, "mean": 0.144568994641, "median": 0, "min": 0, "var": 0.12366952002}, "spectral_centroid": {"dmean": 256.643798828, "dmean2": 379.347808838, "dvar": 121358.515625, "dvar2": 221956.4375, "max": 11239.2255859, "mean": 1160.23071289, "median": 983.251708984, "min": 137.530929565, "var": 514379.5}, "spectral_complexity": {"dmean": 3.90332555771, "dmean2": 5.68355894089, "dvar": 34.722076416, "dvar2": 60.1483612061, "max": 50, "mean": 11.6157712936, "median": 9, "min": 0, "var": 83.4842910767}, "spectral_decrease": {"dmean": 4.98317209718e-09, "dmean2": 7.35796978901e-09, "dvar": 9.50653267019e-17, "dvar2": 2.31355270491e-16, "max": -3.35477947661e-29, "mean": -1.0241294035e-08, "median": -7.5856378956e-09, "min": -8.67335430144e-08, "var": 1.30591661985e-16}, "spectral_energy": {"dmean": 0.0194535385817, "dmean2": 0.0285358428955, "dvar": 0.00139809364919, "dvar2": 0.00337994867004, "max": 0.332094222307, "mean": 0.0402683950961, "median": 0.0300678014755, "min": 1.02956141619e-20, "var": 0.0019540162757}, "spectral_energyband_high": {"dmean": 0.000621965155005, "dmean2": 0.000902430620044, "dvar": 1.63086701832e-06, "dvar2": 3.73445323021e-06, "max": 0.0147582842037, "mean": 0.000831629906315, "median": 0.000145115758642, "min": 7.47376181914e-21, "var": 2.54050041804e-06}, "spectral_energyband_low": {"dmean": 0.0142216961831, "dmean2": 0.0218106266111, "dvar": 0.00115390878636, "dvar2": 0.00292234588414, "max": 0.30114030838, "mean": 0.0274056643248, "median": 0.0169756449759, "min": 7.55356846617e-23, "var": 0.0013734070817}, "spectral_energyband_middle_high": {"dmean": 0.00229525729083, "dmean2": 0.00329518667422, "dvar": 1.99233345484e-05, "dvar2": 4.08919840993e-05, "max": 0.0679172053933, "mean": 0.00462117698044, "median": 0.00203840294853, "min": 1.51704449764e-21, "var": 4.67415629828e-05}, "spectral_energyband_middle_low": {"dmean": 0.00526589248329, "dmean2": 0.00829828437418, "dvar": 0.000137229188113, "dvar2": 0.000355862430297, "max": 0.159213602543, "mean": 0.00835524871945, "median": 0.00370732392184, "min": 2.08768113195e-22, "var": 0.000154969005962}, "spectral_entropy": {"dmean": 0.27505582571, "dmean2": 0.36873242259, "dvar": 0.101028844714, "dvar2": 0.201024547219, "max": 9.80438709259, "mean": 7.33843183517, "median": 7.36101198196, "min": 5.08873510361, "var": 0.411038815975}, "spectral_flux": {"dmean": 0.0408366248012, "dmean2": 0.0604337416589, "dvar": 0.00380410812795, "dvar2": 0.0084278807044, "max": 0.475122898817, "mean": 0.0785461291671, "median": 0.0477806590497, "min": 1.03831575282e-10, "var": 0.00661216955632}, "spectral_kurtosis": {"dmean": 1.98667323589, "dmean2": 3.09481883049, "dvar": 6.13062238693, "dvar2": 15.1253957748, "max": 39.0760269165, "mean": 5.09584188461, "median": 3.97942066193, "min": -1.18651533127, "var": 23.1666412354}, "spectral_rms": {"dmean": 0.00127229141071, "dmean2": 0.00169860606547, "dvar": 3.80359028895e-06, "dvar2": 8.01395071903e-06, "max": 0.0179998446256, "mean": 0.00534629402682, "median": 0.0054161278531, "min": 3.16930618034e-12, "var": 1.07034156827e-05}, "spectral_rolloff": {"dmean": 554.626403809, "dmean2": 904.061035156, "dvar": 1597908.875, "dvar2": 3375053, "max": 18970.7519531, "mean": 1388.70288086, "median": 473.73046875, "min": 86.1328125, "var": 4593701.5}, "spectral_skewness": {"dmean": 0.25679898262, "dmean2": 0.387846112251, "dvar": 0.0773282125592, "dvar2": 0.170420050621, "max": 5.40926361084, "mean": 1.67087161541, "median": 1.58156275749, "min": 0.0116309244186, "var": 0.403735280037}, "spectral_spread": {"dmean": 1023975.25, "dmean2": 1375865.25, "dvar": 2824772517890.0, "dvar2": 4258696790020.0, "max": 50364388, "mean": 5379737, "median": 5136232, "min": 1793472.25, "var": 5432448909310.0}, "spectral_strongpeak": {"dmean": 0.485694557428, "dmean2": 0.827017426491, "dvar": 1.13393354416, "dvar2": 2.98741173744, "max": 13.7613162994, "mean": 0.922644495964, "median": 0.613788127899, "min": 0, "var": 1.50200796127}, "zerocrossingrate": {"dmean": 0.0137893194333, "dmean2": 0.0150456735864, "dvar": 0.000363656115951, "dvar2": 0.00040390851791, "max": 0.50341796875, "mean": 0.0575558468699, "median": 0.04345703125, "min": 0.0029296875, "var": 0.00286745466292}, "barkbands": {"dmean": [0.000166164754773, 0.0115519808605, 0.00340926460922, 0.000950427725911, 0.00310311792418, 0.00114665227011, 0.000642113038339, 0.000108989996079, 0.000226052638027, 0.00033998535946, 0.000528014090378, 0.000421146542067, 0.000384122133255, 0.000490123347845, 0.000127675200929, 0.000322902400512, 0.000117909970868, 0.000107902662421, 9.40367026487e-05, 7.65672666603e-05, 0.000117004929052, 0.000122408324387, 0.00014457591169, 8.05790405138e-05, 7.77888926677e-05, 7.63506250223e-05, 1.89397233044e-05], "dmean2": [0.00026767863892, 0.0184383261949, 0.00534005323425, 0.00164255092386, 0.00534906191751, 0.00151559070218, 0.00088771461742, 0.000162009542692, 0.000333806819981, 0.000507203454617, 0.000758922891691, 0.000667822372634, 0.000585661153309, 0.000791565573309, 0.000205967371585, 0.000527711643372, 0.000187415906112, 0.000176543020643, 0.000151346830535, 0.000116232506116, 0.000170994404471, 0.000188028148841, 0.000224534640438, 0.00012406425958, 0.00011816820188, 0.000118515257782, 3.08982889692e-05], "dvar": [1.70055258764e-07, 0.000835999322589, 6.58352219034e-05, 5.13640316058e-06, 9.34346171562e-05, 4.09282347391e-06, 2.09279346564e-06, 1.35810026336e-07, 6.01302133418e-07, 1.06480058548e-06, 2.86404406324e-06, 2.12980239667e-06, 2.63269885181e-06, 2.98065333482e-06, 2.41432076109e-07, 1.77118283773e-06, 5.27356327495e-08, 6.16786834939e-08, 3.07230685337e-08, 1.8273896174e-08, 6.0032668614e-08, 8.49612646903e-08, 1.72419831301e-07, 2.10433270809e-08, 2.03883168126e-08, 4.44911449904e-08, 1.55770274457e-09], "dvar2": [4.02942930577e-07, 0.00219550426118, 0.000165495235706, 1.42279641295e-05, 0.000253362639342, 7.10587301e-06, 3.90315335608e-06, 2.66106752633e-07, 1.26329109662e-06, 2.29211082114e-06, 5.94135372012e-06, 4.62145544589e-06, 5.09510118718e-06, 7.38394192012e-06, 6.21251615485e-07, 4.60082128484e-06, 1.23547465591e-07, 1.61433604262e-07, 7.42806705034e-08, 3.84446643409e-08, 1.24037796922e-07, 2.09359967585e-07, 4.34875573774e-07, 5.08096178464e-08, 4.70740602054e-08, 1.1234114794e-07, 4.05041955531e-09], "max": [0.00418575201184, 0.217872977257, 0.0853429064155, 0.0181312970817, 0.154718220234, 0.0307218302041, 0.0247593149543, 0.0098225409165, 0.0143201099709, 0.0207477603108, 0.0344148129225, 0.045136962086, 0.0552416704595, 0.0243666637689, 0.0133233340457, 0.0236793663353, 0.00506307696924, 0.00486148707569, 0.001992540434, 0.00140258122701, 0.00321243260987, 0.00428566848859, 0.00505154626444, 0.00202803569846, 0.00185931858141, 0.00240154494531, 0.00044227897888], "mean": [0.000170788698597, 0.0206665229052, 0.00568014895543, 0.00147226720583, 0.00293670454994, 0.00243116752245, 0.00096477085026, 0.000160611438332, 0.000283300789306, 0.0004912627046, 0.00110856129322, 0.000796149426606, 0.000658047327306, 0.000574762118049, 0.000144871984958, 0.000401345430873, 0.000156961206812, 0.000139437237522, 0.000133568872116, 0.000117756208056, 0.000164414901519, 0.00014396070037, 0.000185975804925, 9.51512556639e-05, 8.87551723281e-05, 8.48720519571e-05, 1.62731157616e-05], "median": [2.28094449994e-05, 0.00798950809985, 0.0018353369087, 0.000459662289359, 0.000430161046097, 0.000924957799725, 0.000234895705944, 2.51503552136e-05, 3.66282401956e-05, 9.82156343525e-05, 7.81159324106e-05, 9.06512650545e-05, 6.45160325803e-05, 4.96692118759e-05, 2.25517360377e-05, 4.00608441851e-05, 5.20916692039e-05, 4.51297673862e-05, 4.64615804958e-05, 5.02967086504e-05, 3.65391715604e-05, 2.44251477852e-05, 1.54137851496e-05, 1.05549643195e-05, 1.08770400402e-05, 6.20521223027e-06, 1.58813691087e-06], "min": [2.13281435714e-23, 3.24800319525e-23, 1.17552675771e-23, 7.7423881614e-24, 9.9240997462e-24, 3.60877074422e-23, 3.3678201227e-23, 6.72097374345e-23, 3.22028041423e-23, 5.05246224697e-23, 2.88453774198e-23, 1.06171299864e-22, 7.92495155857e-23, 7.36790468787e-23, 1.44839873043e-22, 1.04632926436e-22, 1.14529464171e-22, 1.99905633267e-22, 2.85337148844e-22, 3.24460181635e-22, 5.01633595161e-22, 3.6295076255e-22, 7.25237569275e-22, 6.63560460468e-22, 1.25948547629e-21, 1.67852021024e-21, 2.06975573831e-21], "var": [1.69512915704e-07, 0.000918401812669, 9.77449672064e-05, 5.93925051362e-06, 7.33084089006e-05, 1.71416813828e-05, 3.90058539779e-06, 2.83072751017e-07, 1.00448994544e-06, 1.59448575232e-06, 8.01382611826e-06, 6.94725531503e-06, 9.4055540103e-06, 2.88226237899e-06, 2.28462411656e-07, 2.23125402954e-06, 7.70019994434e-08, 7.41882786315e-08, 4.55542128464e-08, 3.17704369479e-08, 1.07561334062e-07, 9.85046426649e-08, 2.34560829426e-07, 3.0612383739e-08, 2.87670403054e-08, 5.30774393326e-08, 1.26984800453e-09]}, "erbbands": {"dmean": [0.211336255074, 2.98190927505, 5.08325386047, 2.69640231133, 9.02825641632, 9.4727191925, 6.95695209503, 10.5093097687, 12.1245794296, 3.55180430412, 3.70719695091, 4.63442420959, 8.83443069458, 15.2997560501, 18.1214828491, 14.7537593842, 17.9046783447, 20.5182628632, 15.4188451767, 9.12723350525, 16.5688552856, 7.27599048615, 6.46514606476, 4.98423051834, 4.33270740509, 3.0102314949, 3.60779500008, 5.5460524559, 4.51419353485, 3.51175093651, 4.69159793854, 1.98714852333, 1.43745601177, 1.00871658325, 0.487359076738, 0.437039673328, 0.10625462234, 0.0247847046703, 0.00344140827656, 0.000172944826772], "dmean2": [0.343513429165, 4.7434720993, 8.00902080536, 4.31404781342, 15.7588310242, 16.4622859955, 9.75971794128, 13.9344005585, 16.4005870819, 5.36578607559, 5.1812171936, 7.126994133, 13.080329895, 22.4753799438, 26.031332016, 23.1133308411, 27.0402088165, 32.4681625366, 24.5361423492, 14.4200220108, 27.0814037323, 11.6143350601, 10.5130367279, 8.04637527466, 6.9308013916, 4.5228266716, 5.07597970963, 8.30105113983, 7.05626153946, 5.37078142166, 7.2970328331, 3.03765892982, 2.23347043991, 1.54651379585, 0.741061806679, 0.688143670559, 0.165540471673, 0.0399315617979, 0.00565666938201, 0.000277076964267], "dvar": [0.263412714005, 56.0002288818, 157.946609497, 32.7223739624, 675.879638672, 986.91027832, 145.749038696, 434.734771729, 746.141601562, 54.1652641296, 212.673965454, 238.837585449, 819.414916992, 3001.30639648, 3598.59155273, 1986.76159668, 5166.07519531, 5027.38232422, 2977.9128418, 854.72479248, 5588.04785156, 187.7706604, 246.822509766, 89.6922683716, 65.9405975342, 32.9550628662, 42.6130256653, 187.115219116, 144.619766235, 37.75623703, 229.594818115, 15.1942100525, 7.42446231842, 3.42017102242, 0.824202537537, 2.34307384491, 0.0531302653253, 0.00268928823061, 5.31367986696e-05, 1.16821212259e-07], "dvar2": [0.702501177788, 147.171569824, 395.115386963, 85.6532974243, 1818.56652832, 2704.82177734, 292.291168213, 697.309509277, 1375.35949707, 111.574768066, 399.199859619, 558.727294922, 1760.97131348, 6820.98193359, 6768.46630859, 4683.25976562, 10121.2304688, 12790.0800781, 7055.6796875, 2238.6027832, 14336.1884766, 436.70211792, 643.989807129, 224.264343262, 154.949752808, 66.8055038452, 87.965965271, 397.504119873, 370.062042236, 85.5631561279, 583.605957031, 35.9113349915, 18.183008194, 8.03079795837, 1.89878070354, 6.10155773163, 0.129193931818, 0.00697713065892, 0.000138777540997, 2.97632283264e-07], "max": [4.29683542252, 60.7593269348, 137.181549072, 44.5400733948, 395.462615967, 475.007751465, 213.057678223, 370.589569092, 446.299682617, 199.240356445, 288.070373535, 285.978790283, 477.356658936, 1316.75830078, 1220.87158203, 1140.65307617, 2387.6628418, 1277.85205078, 897.393188477, 585.762451172, 1558.85571289, 247.413604736, 344.332977295, 157.621154785, 85.3785934448, 63.9090461731, 88.6336288452, 158.157501221, 162.830337524, 65.107208252, 185.898101807, 37.9001083374, 43.6239547729, 21.0652160645, 10.3046293259, 18.6580944061, 2.02575755119, 0.517462313175, 0.082272566855, 0.00373869948089], "mean": [0.360280007124, 5.34777498245, 8.61422348022, 5.58111000061, 7.72252655029, 8.80475521088, 12.7065191269, 23.173828125, 18.6660366058, 5.42303466797, 5.47917079926, 5.73009729385, 12.5288190842, 29.9444694519, 39.0846824646, 26.9147052765, 32.7434387207, 25.8963451385, 19.5157833099, 11.3384904861, 21.940580368, 10.0656757355, 8.54071712494, 7.35275554657, 6.13998985291, 4.74239110947, 5.40386676788, 7.16188573837, 5.30147075653, 4.24935150146, 6.12254428864, 2.45323204994, 1.6510206461, 1.14722466469, 0.545683264732, 0.507310688496, 0.111396588385, 0.0217498447746, 0.00299633108079, 0.000179621580173], "median": [0.205909147859, 1.90304577351, 4.44011831284, 3.03269958496, 1.61133432388, 1.54097211361, 4.04891014099, 6.83207941055, 5.08856248856, 1.58848083019, 0.89388692379, 0.938001096249, 2.42705273628, 5.2480969429, 3.3464756012, 4.53221750259, 4.17129898071, 3.44048500061, 3.63276147842, 2.47705435753, 3.63729643822, 3.84431242943, 2.88142609596, 2.91952514648, 2.47207117081, 1.84436702728, 1.56326293945, 1.27244889736, 0.869752824306, 0.679485321045, 0.409936755896, 0.248340129852, 0.176652252674, 0.134264409542, 0.070026807487, 0.030445497483, 0.0108909504488, 0.00222926679999, 0.000294821948046, 5.9158570366e-05], "min": [1.52076297337e-21, 5.54712892554e-21, 1.7235930112e-20, 3.03111385117e-20, 1.9467493768e-20, 3.34500304424e-20, 1.68097382261e-19, 3.59945911643e-19, 2.61064637821e-19, 7.65844859939e-19, 1.63315448555e-18, 7.76319034446e-19, 1.68981170462e-18, 1.32207977451e-18, 1.09209688765e-18, 6.0898922668e-18, 3.86618097171e-18, 3.69669538651e-18, 5.51655684062e-18, 7.36475295303e-18, 8.03756015658e-18, 7.12168344849e-18, 8.90386393057e-18, 8.58782799701e-18, 1.47857889293e-17, 1.41795234429e-17, 2.18594735684e-17, 1.56760817682e-17, 1.29972937504e-17, 2.0142893472e-17, 1.77899451323e-17, 1.2653247827e-17, 1.19700967298e-17, 1.21517340118e-17, 8.87999480681e-18, 5.38788517403e-18, 3.36985771492e-18, 1.28059521923e-18, 2.89139406305e-19, 2.88666646735e-20], "var": [0.267541855574, 62.3938789368, 194.807540894, 49.4497375488, 500.194915771, 729.648742676, 428.507537842, 2203.61474609, 1357.98217773, 107.582008362, 420.642486572, 352.04019165, 1173.10595703, 6282.00292969, 13113.4794922, 5074.56542969, 18022.0917969, 5270.99951172, 3084.06762695, 905.336853027, 7640.27148438, 284.971618652, 300.161468506, 129.96496582, 92.5531768799, 57.5407142639, 85.2638549805, 284.053527832, 155.573074341, 55.32970047, 319.386871338, 22.2105560303, 10.4605226517, 4.76745176315, 1.12959349155, 2.66826963425, 0.0611845776439, 0.00225584208965, 4.26775695814e-05, 1.02428892035e-07]}, "gfcc": {"mean": [-45.0625801086, 81.0159835815, -92.4976119995, 33.3790397644, -42.1898841858, 15.4039621353, -29.9572982788, 0.616365551949, -23.5650005341, 5.0448513031, -5.63382148743, 10.9688606262, -5.53540706635], "cov": [[19978.0292969, -1038.59765625, -172.558532715, 1268.07531738, 243.734863281, 746.531555176, -308.032989502, 364.509918213, 7.28866529465, 231.713607788, -305.102630615, 235.770996094, -152.790466309], [-1038.59765625, 2767.42138672, 435.593719482, 610.22845459, 933.180480957, 123.114196777, 528.965026855, 40.3409385681, 252.479217529, -120.575035095, 209.03604126, -201.181152344, -7.0074467659], [-172.558532715, 435.593719482, 1287.78808594, 300.494598389, 280.13381958, 237.520355225, 196.052093506, 127.118217468, 126.228263855, -8.45849990845, -32.883228302, -64.664276123, -85.2149276733], [1268.07531738, 610.22845459, 300.494598389, 537.640441895, 332.032806396, 152.371658325, 133.093261719, 46.9408607483, 83.5676116943, -14.2837409973, 3.74513077736, -72.9434814453, -42.0595588684], [243.734863281, 933.180480957, 280.13381958, 332.032806396, 595.43145752, 189.838043213, 245.253051758, 34.3119697571, 96.7230911255, -45.288772583, 38.856502533, -72.0269927979, -24.7234210968], [746.531555176, 123.114196777, 237.520355225, 152.371658325, 189.838043213, 255.29838562, 127.708381653, 59.9334335327, 17.2782421112, -29.2103176117, -41.4516983032, -27.5223922729, -34.9553489685], [-308.032989502, 528.965026855, 196.052093506, 133.093261719, 245.253051758, 127.708381653, 294.994873047, 90.8422241211, 35.3681678772, -85.6184768677, 29.1704673767, -27.5991249084, -3.36579298973], [364.509918213, 40.3409385681, 127.118217468, 46.9408607483, 34.3119697571, 59.9334335327, 90.8422241211, 150.988616943, 48.3544311523, -29.737991333, -20.4617938995, 7.5579791069, 3.81413888931], [7.28866529465, 252.479217529, 126.228263855, 83.5676116943, 96.7230911255, 17.2782421112, 35.3681678772, 48.3544311523, 136.724639893, 39.5454597473, 8.84555339813, -47.4854850769, -2.90949130058], [231.713607788, -120.575035095, -8.45849990845, -14.2837409973, -45.288772583, -29.2103176117, -85.6184768677, -29.737991333, 39.5454597473, 145.355209351, 32.6199836731, -11.8531980515, -30.8746700287], [-305.102630615, 209.03604126, -32.883228302, 3.74513077736, 38.856502533, -41.4516983032, 29.1704673767, -20.4617938995, 8.84555339813, 32.6199836731, 136.704833984, 40.2402572632, 17.7498855591], [235.770996094, -201.181152344, -64.664276123, -72.9434814453, -72.0269927979, -27.5223922729, -27.5991249084, 7.5579791069, -47.4854850769, -11.8531980515, 40.2402572632, 165.767684937, 72.1882095337], [-152.790466309, -7.0074467659, -85.2149276733, -42.0595588684, -24.7234210968, -34.9553489685, -3.36579298973, 3.81413888931, -2.90949130058, -30.8746700287, 17.7498855591, 72.1882095337, 122.960678101]], "icov": [[0.000104332713818, -7.34758168619e-06, 0.000122729528812, -0.00032342391205, 6.00172870691e-06, -0.000310079631163, 0.000295820616884, -0.000351684138877, 0.000116740600788, -0.000226488948101, 0.000195386091946, -0.000329461647198, 0.000146822654642], [-7.34758168619e-06, 0.00154723308515, -5.76001330046e-05, -0.000504452909809, -0.00143784051761, 0.0011825193651, -0.00127532542683, 0.000861004344188, -0.00144766038284, 0.00127068418078, -0.00173544837162, 0.00119910435751, -0.000316626101267], [0.000122729528812, -5.76001330046e-05, 0.00125583179761, -0.000633745687082, 0.000105816208816, -0.0009787020972, 8.38164705783e-05, -0.000586373440456, -0.000657319440506, -0.000273313431535, 0.00048306689132, -0.000824841263238, 0.000896637968253], [-0.00032342391205, -0.000504452909809, -0.000633745687082, 0.00433395337313, -0.000980664743111, -9.1476002126e-05, 0.000100288554677, 0.000402964127716, -0.00031292354106, 0.00053996394854, -0.000364555540727, 0.00115280295722, -0.000116305673146], [6.00172870691e-06, -0.00143784051761, 0.000105816208816, -0.000980664743111, 0.00569228827953, -0.00274910661392, -0.00118623801973, 0.00150101713371, -0.00104427780025, -0.000348211964592, 0.000701837008819, -0.00103633350227, 0.000342350394931], [-0.000310079631163, 0.0011825193651, -0.0009787020972, -9.1476002126e-05, -0.00274910661392, 0.00939088687301, -0.00382924848236, 0.000403347541578, 0.000650251749903, -0.000119779899251, 0.00146976578981, 0.000885690038558, 0.000225262789172], [0.000295820616884, -0.00127532542683, 8.38164705783e-05, 0.000100288554677, -0.00118623801973, -0.00382924848236, 0.011167393066, -0.00590923102573, 0.00218509417027, 0.00278886873275, -0.00241788523272, 0.000288818846457, 0.000480627350044], [-0.000351684138877, 0.000861004344188, -0.000586373440456, 0.000402964127716, 0.00150101713371, 0.000403347541578, -0.00590923102573, 0.0137561010197, -0.00722943153232, 0.00289875641465, 0.000978419440798, -0.00177272316068, 0.000627840869129], [0.000116740600788, -0.00144766038284, -0.000657319440506, -0.00031292354106, -0.00104427780025, 0.000650251749903, 0.00218509417027, -0.00722943153232, 0.0166308656335, -0.00722465710714, 0.00135071692057, 0.00370614603162, -0.00403241720051], [-0.000226488948101, 0.00127068418078, -0.000273313431535, 0.00053996394854, -0.000348211964592, -0.000119779899251, 0.00278886873275, 0.00289875641465, -0.00722465710714, 0.0146721741185, -0.00646289717406, 0.00122634740546, 0.00339474412613], [0.000195386091946, -0.00173544837162, 0.00048306689132, -0.000364555540727, 0.000701837008819, 0.00146976578981, -0.00241788523272, 0.000978419440798, 0.00135071692057, -0.00646289717406, 0.0146236680448, -0.0062106596306, 0.000760728085879], [-0.000329461647198, 0.00119910435751, -0.000824841263238, 0.00115280295722, -0.00103633350227, 0.000885690038558, 0.000288818846457, -0.00177272316068, 0.00370614603162, 0.00122634740546, -0.0062106596306, 0.0137589517981, -0.00719755701721], [0.000146822654642, -0.000316626101267, 0.000896637968253, -0.000116305673146, 0.000342350394931, 0.000225262789172, 0.000480627350044, 0.000627840869129, -0.00403241720051, 0.00339474412613, 0.000760728085879, -0.00719755701721, 0.0138779813424]]}, "melbands": {"dmean": [0.00265122950077, 0.00318557140417, 0.000614800199401, 0.000804570503533, 0.000239023022004, 0.000240097389906, 0.000163077493198, 3.24555221596e-05, 3.69361732737e-05, 2.80355034192e-05, 4.55574554508e-05, 6.04194938205e-05, 5.84664448979e-05, 4.53333377664e-05, 4.27948616561e-05, 4.37156340922e-05, 4.06184844906e-05, 3.09470415232e-05, 1.10376004159e-05, 2.00967624551e-05, 1.76777048182e-05, 7.7717777458e-06, 5.94810808252e-06, 4.98108784086e-06, 4.14771238866e-06, 3.49969081981e-06, 3.31746900883e-06, 1.91210847333e-06, 2.06878235076e-06, 2.80136623587e-06, 3.56980444849e-06, 2.87920147457e-06, 1.98929501494e-06, 1.84198734132e-06, 2.52891231867e-06, 2.30497698794e-06, 1.02838669136e-06, 1.04970115444e-06, 9.92259970189e-07, 8.1770201632e-07], "dmean2": [0.00426282314584, 0.00492715090513, 0.00101445789915, 0.00140385050327, 0.000345517531969, 0.000314475182677, 0.000220527828787, 5.05918760609e-05, 5.09693891217e-05, 4.3611136789e-05, 6.75002811477e-05, 8.93051183084e-05, 8.47869087011e-05, 6.92203248036e-05, 6.85569248162e-05, 6.37284538243e-05, 6.60822988721e-05, 4.99060515722e-05, 1.77553538379e-05, 3.27261259372e-05, 2.88083247142e-05, 1.25110509543e-05, 9.50125013333e-06, 8.30151384434e-06, 6.71557791065e-06, 5.66017615711e-06, 5.37155710845e-06, 2.92153299597e-06, 2.92180880024e-06, 4.11427981817e-06, 5.53702375328e-06, 4.65552375317e-06, 3.11606277137e-06, 2.81702500615e-06, 3.95361257688e-06, 3.69124290955e-06, 1.55940006152e-06, 1.63545598753e-06, 1.56805720053e-06, 1.26977772652e-06], "dvar": [4.29709798482e-05, 6.07520414633e-05, 1.70249643361e-06, 7.01033923178e-06, 1.89170620501e-07, 1.99512740551e-07, 1.28918145492e-07, 5.64971491812e-09, 2.41265105672e-08, 8.29610335984e-09, 2.29528716034e-08, 4.38267342417e-08, 3.08347019029e-08, 3.41788570779e-08, 1.95482705578e-08, 4.73571724058e-08, 2.38890347504e-08, 1.51616923461e-08, 2.54772913877e-09, 7.09109437835e-09, 7.11251324503e-09, 2.24465293575e-10, 1.98684430019e-10, 1.34540212304e-10, 6.37721958574e-11, 4.58681426174e-11, 3.75702351174e-11, 1.56734018125e-11, 1.478900509e-11, 2.738115637e-11, 1.00485952892e-10, 7.12406106329e-11, 1.54582631418e-11, 9.59565586711e-12, 5.48963895175e-11, 6.7276656468e-11, 3.30029233109e-12, 4.79702692499e-12, 3.56330373194e-12, 2.26046980613e-12], "dvar2": [0.000114324902825, 0.00015306842397, 4.58211616206e-06, 1.89991988009e-05, 4.00954718316e-07, 3.2980551623e-07, 2.37055573393e-07, 1.14619753688e-08, 4.5228453871e-08, 1.96500895555e-08, 4.91453526763e-08, 9.95203706111e-08, 6.0146476244e-08, 7.13363377258e-08, 4.69495269328e-08, 8.98668872651e-08, 6.24891285383e-08, 3.60268117561e-08, 6.58291687827e-09, 1.8904248833e-08, 1.82251653769e-08, 5.44660705426e-10, 4.72798244999e-10, 3.62111451935e-10, 1.60423299644e-10, 1.09085976363e-10, 8.81155148846e-11, 3.33572891531e-11, 3.20922975694e-11, 5.64794287727e-11, 2.23958851464e-10, 1.8907633792e-10, 3.68470462475e-11, 2.13048936132e-11, 1.35259775602e-10, 1.7693024823e-10, 7.74629665967e-12, 1.20896348488e-11, 8.71156705801e-12, 5.24683204869e-12], "max": [0.0492579936981, 0.0801752060652, 0.0110315009952, 0.042582668364, 0.00728467898443, 0.00717603368685, 0.00584260420874, 0.00235687894747, 0.00301921949722, 0.00155869056471, 0.00268734293059, 0.0048738848418, 0.00340486480854, 0.00597976054996, 0.00271376408637, 0.00768971070647, 0.00287851388566, 0.00207430869341, 0.00139742600732, 0.0018827454187, 0.00183251558337, 0.000197427463718, 0.000303774519125, 0.000206083088415, 0.000145854151924, 6.53114475426e-05, 7.43841228541e-05, 6.13137017353e-05, 6.23233063379e-05, 8.12181970105e-05, 0.000111206063593, 0.000114809517981, 4.87817233079e-05, 2.69332522294e-05, 8.92652242328e-05, 0.000100054516224, 1.67565758602e-05, 4.68581165478e-05, 2.5060500775e-05, 1.77407673618e-05], "mean": [0.00474162306637, 0.00577151030302, 0.00101156998426, 0.000666947686113, 0.000422127370257, 0.000512101338245, 0.000252467492828, 4.49326034868e-05, 5.22959235241e-05, 3.34886863129e-05, 6.28650814178e-05, 0.000114572118036, 0.0001226044551, 9.48715751292e-05, 6.67545900797e-05, 7.90172853158e-05, 4.53989996458e-05, 3.82742291549e-05, 1.30106118377e-05, 2.35778497881e-05, 2.34989220189e-05, 1.0188469787e-05, 7.94017432781e-06, 6.08044865658e-06, 6.09895050729e-06, 4.56696670881e-06, 4.62363050246e-06, 2.7999114991e-06, 3.06614333567e-06, 3.76518119083e-06, 4.34995672549e-06, 3.22585083268e-06, 2.30253522204e-06, 2.21243749365e-06, 3.43897386301e-06, 2.69409247267e-06, 1.21933339869e-06, 1.16689545848e-06, 1.10299936296e-06, 9.20250499803e-07], "median": [0.0020998576656, 0.00322180753574, 0.000510226876941, 0.000110165223305, 0.000125962134916, 0.000172207059222, 6.9720139436e-05, 1.03254760688e-05, 6.44603323963e-06, 4.68174766866e-06, 9.32787406782e-06, 1.66036879818e-05, 1.05419394458e-05, 7.15868736734e-06, 1.1146064935e-05, 3.61546744898e-06, 5.10925019626e-06, 4.22262110078e-06, 1.98733937395e-06, 2.10215625884e-06, 3.89474462281e-06, 3.41349596056e-06, 2.40587269218e-06, 2.09888094105e-06, 2.21439017878e-06, 1.39631458751e-06, 1.84734210507e-06, 8.57560848999e-07, 9.14221118364e-07, 9.23164975575e-07, 6.35235380742e-07, 5.07149024997e-07, 3.69576213188e-07, 3.5037288626e-07, 2.4219573902e-07, 1.83609344617e-07, 1.37528488153e-07, 1.23679527064e-07, 1.17575169156e-07, 1.02820045811e-07], "min": [1.33220510423e-23, 7.85301643703e-24, 5.35859841724e-24, 1.70663450134e-24, 4.93324816702e-24, 7.46790953146e-24, 5.14458321467e-24, 1.01961344851e-23, 1.20986666178e-23, 4.22057387031e-24, 8.72609928793e-24, 5.61654765021e-24, 2.98575687916e-24, 9.01837698648e-24, 1.36081835144e-23, 7.63472679164e-24, 6.42499439399e-24, 7.36411515785e-24, 1.29920705256e-23, 7.85861419401e-24, 9.13386543415e-24, 7.49373762635e-24, 6.4464344501e-24, 9.71290827124e-24, 5.77514971293e-24, 1.20438218522e-23, 1.01893439704e-23, 8.3361629759e-24, 1.18806680621e-23, 1.09447043196e-23, 7.86921096255e-24, 6.92809990262e-24, 7.50606515572e-24, 1.37592314451e-23, 9.58386877095e-24, 8.13392743879e-24, 7.58477059709e-24, 7.53811578544e-24, 9.07073131818e-24, 1.10661470893e-23], "var": [4.63218748337e-05, 7.05977872713e-05, 1.84580903806e-06, 5.11441021445e-06, 5.06565072556e-07, 8.90675835308e-07, 2.39267137658e-07, 1.1147315071e-08, 4.65792133753e-08, 1.21578578316e-08, 3.33692220522e-08, 9.0177749712e-08, 1.00303758188e-07, 1.17123299503e-07, 3.44843513744e-08, 1.77133600232e-07, 2.02155288065e-08, 1.54446073708e-08, 2.38753106174e-09, 7.44850225942e-09, 9.94931603771e-09, 3.30139776628e-10, 2.75937911409e-10, 1.33335328889e-10, 9.62540464e-11, 6.35370228652e-11, 5.41418992972e-11, 2.56969358986e-11, 2.77191446879e-11, 4.84722262328e-11, 1.35637917564e-10, 6.81253595203e-11, 1.93173272517e-11, 1.43422461407e-11, 8.82815626158e-11, 7.08769917757e-11, 5.00449725063e-12, 5.95206089277e-12, 4.59079692663e-12, 3.18700122716e-12]}, "mfcc": {"mean": [-694.741394043, 113.703201294, 14.0851917267, 30.3179397583, 10.378821373, 15.5720415115, 7.75488328934, 4.79991483688, -4.84033203125, -6.51144695282, -2.56676054001, 1.92305028439, 5.46293449402], "cov": [[11970.2597656, -116.689964294, -20.1274051666, -4.08267641068, 180.30140686, 303.691741943, -102.369003296, 97.4077987671, 0.779876351357, -77.3934249878, -65.6882247925, 31.9945583344, 41.4060630798], [-116.689964294, 2037.49230957, 82.5313796997, 685.26965332, 427.218536377, 326.058013916, 353.843597412, 277.657928467, 151.998214722, 108.655944824, 153.379394531, 116.074417114, 139.952102661], [-20.1274051666, 82.5313796997, 894.936950684, 182.012283325, 227.42805481, 128.020095825, 97.363861084, 120.518486023, 131.838195801, 113.365577698, 69.0366592407, 43.5527534485, 0.193745166063], [-4.08267641068, 685.26965332, 182.012283325, 447.637176514, 243.325836182, 178.716293335, 147.085784912, 125.201194763, 69.8617935181, 74.7513504028, 61.1271286011, 46.9504013062, 34.1506233215], [180.30140686, 427.218536377, 227.42805481, 243.325836182, 322.979400635, 196.432907104, 119.884536743, 113.053848267, 94.0511016846, 69.7642593384, 60.1086082458, 28.4378566742, 24.6379165649], [303.691741943, 326.058013916, 128.020095825, 178.716293335, 196.432907104, 262.407043457, 147.525283813, 92.9430923462, 53.0162124634, 51.9777412415, 47.9443054199, 8.41276741028, 3.73701548576], [-102.369003296, 353.843597412, 97.363861084, 147.085784912, 119.884536743, 147.525283813, 244.113250732, 160.940261841, 58.9991798401, 18.8198757172, 18.3121623993, 38.4226799011, 48.0741195679], [97.4077987671, 277.657928467, 120.518486023, 125.201194763, 113.053848267, 92.9430923462, 160.940261841, 239.477523804, 121.560302734, 10.1660757065, -29.1421508789, 32.8656158447, 74.9227828979], [0.779876351357, 151.998214722, 131.838195801, 69.8617935181, 94.0511016846, 53.0162124634, 58.9991798401, 121.560302734, 154.009918213, 69.9860153198, 13.8843727112, -13.342707634, 16.7333564758], [-77.3934249878, 108.655944824, 113.365577698, 74.7513504028, 69.7642593384, 51.9777412415, 18.8198757172, 10.1660757065, 69.9860153198, 158.040313721, 107.477088928, -41.602722168, -88.0780029297], [-65.6882247925, 153.379394531, 69.0366592407, 61.1271286011, 60.1086082458, 47.9443054199, 18.3121623993, -29.1421508789, 13.8843727112, 107.477088928, 184.001586914, 4.761510849, -91.229057312], [31.9945583344, 116.074417114, 43.5527534485, 46.9504013062, 28.4378566742, 8.41276741028, 38.4226799011, 32.8656158447, -13.342707634, -41.602722168, 4.761510849, 165.53616333, 101.724662781], [41.4060630798, 139.952102661, 0.193745166063, 34.1506233215, 24.6379165649, 3.73701548576, 48.0741195679, 74.9227828979, 16.7333564758, -88.0780029297, -91.229057312, 101.724662781, 224.774536133]], "icov": [[9.40987520153e-05, 7.02086845195e-06, 1.33369558171e-05, 4.0808092308e-05, -1.37950191856e-05, -0.000243329588557, 0.000259262335021, -0.000190562466742, 8.28851916594e-05, 4.24953032052e-05, -4.00274257117e-06, -3.46109336533e-05, 1.02297726698e-05], [7.02086845195e-06, 0.00137670931872, 0.000483596086269, -0.00168693973683, -0.000373351067537, 0.000160843439517, -0.000754617736675, -4.91176251671e-05, -0.000439595925855, 0.000305296009174, -0.00115951593034, 0.000184467164217, -0.000788315373939], [1.33369558171e-05, 0.000483596086269, 0.00166742864531, -0.00055871164659, -0.00094165786868, 0.000144742967677, -0.000264951173449, -9.1139030701e-05, -0.000721646589227, -0.00059272715589, -0.000140936434036, -0.00059052935103, -7.41676899452e-07], [4.0808092308e-05, -0.00168693973683, -0.00055871164659, 0.00643801316619, -0.00201427843422, -0.000699425989296, 0.000540794397239, -0.00115519901738, 0.00217034760863, -0.002247155644, 0.00149315176532, -0.000736640417017, 0.000464252691017], [-1.37950191856e-05, -0.000373351067537, -0.00094165786868, -0.00201427843422, 0.0088056512177, -0.00441428693011, 0.00123470567632, -8.45008034958e-05, -0.00239611789584, 0.000755609711632, -0.00100766133983, -0.000178924470674, -0.000439411407569], [-0.000243329588557, 0.000160843439517, 0.000144742967677, -0.000699425989296, -0.00441428693011, 0.00990033522248, -0.00491004064679, 0.0012834246736, 0.000523679482285, -0.000582553795539, -9.3549322628e-05, 0.000984622980468, 0.000241593370447], [0.000259262335021, -0.000754617736675, -0.000264951173449, 0.000540794397239, 0.00123470567632, -0.00491004064679, 0.012055972591, -0.00795591622591, 0.00361239002086, -0.000367394124623, -0.00118825561367, -0.00031029083766, -0.000394886097638], [-0.000190562466742, -4.91176251671e-05, -9.1139030701e-05, -0.00115519901738, -8.45008034958e-05, 0.0012834246736, -0.00795591622591, 0.0155158638954, -0.0106220990419, 0.00285680196248, 0.00266168056987, -0.00127788167447, 0.000327796034981], [8.28851916594e-05, -0.000439595925855, -0.000721646589227, 0.00217034760863, -0.00239611789584, 0.000523679482285, 0.00361239002086, -0.0106220990419, 0.0194999873638, -0.0093030128628, 0.00103904528078, 0.00247309077531, -0.00284333643503], [4.24953032052e-05, 0.000305296009174, -0.00059272715589, -0.002247155644, 0.000755609711632, -0.000582553795539, -0.000367394124623, 0.00285680196248, -0.0093030128628, 0.0192078575492, -0.00789740681648, 0.00236292346381, 0.00314169493504], [-4.00274257117e-06, -0.00115951593034, -0.000140936434036, 0.00149315176532, -0.00100766133983, -9.3549322628e-05, -0.00118825561367, 0.00266168056987, 0.00103904528078, -0.00789740681648, 0.0137473447248, -0.00472086947411, 0.00451905932277], [-3.46109336533e-05, 0.000184467164217, -0.00059052935103, -0.000736640417017, -0.000178924470674, 0.000984622980468, -0.00031029083766, -0.00127788167447, 0.00247309077531, 0.00236292346381, -0.00472086947411, 0.0109887169674, -0.00564783578739], [1.02297726698e-05, -0.000788315373939, -7.41676899452e-07, 0.000464252691017, -0.000439411407569, 0.000241593370447, -0.000394886097638, 0.000327796034981, -0.00284333643503, 0.00314169493504, 0.00451905932277, -0.00564783578739, 0.0107195535675]]}, "spectral_contrast_coeffs": {"dmean": [0.0472081191838, 0.0481949076056, 0.0409063100815, 0.0354341119528, 0.0245994180441, 0.0198906157166], "dmean2": [0.0743516460061, 0.0723421722651, 0.0645212680101, 0.0562347061932, 0.0383970476687, 0.0321254059672], "dvar": [0.00188241410069, 0.00211004749872, 0.00136094668414, 0.000964162056334, 0.000469231774332, 0.000485243857838], "dvar2": [0.0048838192597, 0.00456284079701, 0.0031427515205, 0.00237440224737, 0.00110774312634, 0.00110165390652], "max": [-0.244597166777, -0.380924105644, -0.473710298538, -0.483675092459, -0.607190907001, -0.643647551537], "mean": [-0.662467420101, -0.681097447872, -0.739732146263, -0.742242634296, -0.782410800457, -0.773936033249], "median": [-0.664307296276, -0.687014877796, -0.760226249695, -0.743764281273, -0.782094359398, -0.771565198898], "min": [-0.995011389256, -0.989469408989, -0.979792058468, -0.969268262386, -0.960862517357, -0.961169362068], "var": [0.00572445988655, 0.00823442358524, 0.00772488117218, 0.00448840809986, 0.00220170617104, 0.00175935286097]}, "spectral_contrast_valleys": {"dmean": [0.505966305733, 0.426678836346, 0.46902936697, 0.437969952822, 0.418127268553, 0.5969607234], "dmean2": [0.740352451801, 0.649440765381, 0.688716411591, 0.598422706127, 0.527927517891, 0.689876377583], "dvar": [0.472842425108, 0.274670392275, 0.3212710917, 0.290872305632, 0.292139172554, 0.509673714638], "dvar2": [0.772758960724, 0.441926687956, 0.538917005062, 0.400379627943, 0.402246654034, 0.877742707729], "max": [-4.79066228867, -5.06412029266, -5.47596979141, -5.93312120438, -6.06172561646, -7.98655986786], "mean": [-7.58688783646, -7.6