{"lowlevel": {"average_loudness": 0.933495938778, "barkbands_crest": {"dmean": 2.07232928276, "dmean2": 3.40788555145, "dvar": 3.70365786552, "dvar2": 9.66211605072, "max": 23.7771434784, "mean": 8.7316570282, "median": 8.11913871765, "min": 2.87433934212, "var": 8.84070682526}, "barkbands_flatness_db": {"dmean": 0.0195099469274, "dmean2": 0.0271367616951, "dvar": 0.000324765627738, "dvar2": 0.000635525328107, "max": 0.290383368731, "mean": 0.12835380435, "median": 0.123521372676, "min": 0.0323797091842, "var": 0.00156306277495}, "barkbands_kurtosis": {"dmean": 2.36566376686, "dmean2": 3.6825633049, "dvar": 9.42595291138, "dvar2": 22.4442234039, "max": 134.287124634, "mean": 5.43590402603, "median": 4.33436107635, "min": -1.87268388271, "var": 25.3370819092}, "barkbands_skewness": {"dmean": 0.410048693419, "dmean2": 0.629372596741, "dvar": 0.146511808038, "dvar2": 0.344770997763, "max": 10.3591756821, "mean": 1.7886133194, "median": 1.82217597961, "min": -4.16432285309, "var": 0.931003451347}, "barkbands_spread": {"dmean": 4.24339914322, "dmean2": 5.93682718277, "dvar": 26.835565567, "dvar2": 50.1857299805, "max": 114.586143494, "mean": 15.7008953094, "median": 13.2724151611, "min": 1.38677072525, "var": 96.728729248}, "dissonance": {"dmean": 0.0223737936467, "dmean2": 0.0372446775436, "dvar": 0.000392393762013, "dvar2": 0.00104636617471, "max": 0.500000119209, "mean": 0.447368055582, "median": 0.451908409595, "min": 0.254136055708, "var": 0.000924824678805}, "dynamic_complexity": 1.87844634056, "erbbands_crest": {"dmean": 2.48157906532, "dmean2": 3.93804645538, "dvar": 5.54225826263, "dvar2": 13.6754169464, "max": 29.2276172638, "mean": 9.33483123779, "median": 8.57891178131, "min": 2.21585893631, "var": 15.4863977432}, "erbbands_flatness_db": {"dmean": 0.0204351376742, "dmean2": 0.0260200109333, "dvar": 0.000377508345991, "dvar2": 0.000675257120747, "max": 0.321496933699, "mean": 0.148487687111, "median": 0.147716939449, "min": 0.0291852820665, "var": 0.00182414858136}, "erbbands_kurtosis": {"dmean": 1.01732540131, "dmean2": 1.58163666725, "dvar": 1.33221077919, "dvar2": 3.10241746902, "max": 21.5221385956, "mean": 1.08966970444, "median": 0.702922701836, "min": -1.8113502264, "var": 3.58955717087}, "erbbands_skewness": {"dmean": 0.31597957015, "dmean2": 0.490522354841, "dvar": 0.0785538479686, "dvar2": 0.192432805896, "max": 4.17576122284, "mean": 0.850138187408, "median": 0.847911655903, "min": -1.12779712677, "var": 0.334731310606}, "erbbands_spread": {"dmean": 7.80103397369, "dmean2": 10.8959178925, "dvar": 80.1008987427, "dvar2": 143.133758545, "max": 133.292251587, "mean": 34.5108680725, "median": 29.3822250366, "min": 5.22183132172, "var": 375.792663574}, "hfc": {"dmean": 5.47847890854, "dmean2": 7.33620214462, "dvar": 44.382850647, "dvar2": 85.5940475464, "max": 86.6060409546, "mean": 20.7352867126, "median": 16.9474010468, "min": 1.05394953051e-16, "var": 190.350708008}, "melbands_crest": {"dmean": 2.80756545067, "dmean2": 4.66233825684, "dvar": 6.59990262985, "dvar2": 17.7068767548, "max": 30.1245117188, "mean": 12.0475893021, "median": 11.3754234314, "min": 1.50171971321, "var": 17.6557922363}, "melbands_flatness_db": {"dmean": 0.0221675038338, "dmean2": 0.0321037396789, "dvar": 0.000466159312055, "dvar2": 0.00101882312447, "max": 0.422089040279, "mean": 0.209144815803, "median": 0.208287909627, "min": 0.0028482566122, "var": 0.00315297045745}, "melbands_kurtosis": {"dmean": 4.38960456848, "dmean2": 6.74863529205, "dvar": 44.70545578, "dvar2": 98.7265777588, "max": 273.463500977, "mean": 11.3440294266, "median": 8.86792755127, "min": -1.42919576168, "var": 133.145599365}, "melbands_skewness": {"dmean": 0.540577471256, "dmean2": 0.818116664886, "dvar": 0.292205989361, "dvar2": 0.657838702202, "max": 13.8337850571, "mean": 2.36163902283, "median": 2.23991751671, "min": -0.952094018459, "var": 1.50173521042}, "melbands_spread": {"dmean": 3.40226960182, "dmean2": 5.23837327957, "dvar": 16.8707923889, "dvar2": 38.9755058289, "max": 165.593276978, "mean": 16.7044067383, "median": 13.2859554291, "min": 0.920071125031, "var": 314.545440674}, "pitch_salience": {"dmean": 0.0620669610798, "dmean2": 0.102090068161, "dvar": 0.00291527365334, "dvar2": 0.00795586500317, "max": 0.901223421097, "mean": 0.604203522205, "median": 0.608659982681, "min": 0.0910027399659, "var": 0.00850417185575}, "silence_rate_20dB": {"dmean": 0, "dmean2": 0, "dvar": 0, "dvar2": 0, "max": 1, "mean": 1, "median": 1, "min": 1, "var": 0}, "silence_rate_30dB": {"dmean": 0.0005999400164, "dmean2": 0.001200000057, "dvar": 0.000599625171162, "dvar2": 0.00139873987064, "max": 1, "mean": 0.999400138855, "median": 1, "min": 0, "var": 0.000599565333687}, "silence_rate_60dB": {"dmean": 0.000999900046736, "dmean2": 0.00190000003204, "dvar": 0.000998854171485, "dvar2": 0.00209659454413, "max": 1, "mean": 0.0282943416387, "median": 0, "min": 0, "var": 0.027493417263}, "spectral_centroid": {"dmean": 141.182830811, "dmean2": 213.373153687, "dvar": 29215.1132812, "dvar2": 67140.578125, "max": 11811.2890625, "mean": 1016.13006592, "median": 781.319213867, "min": 234.258300781, "var": 2047290.25}, "spectral_complexity": {"dmean": 2.82491755486, "dmean2": 4.33949995041, "dvar": 8.34734344482, "dvar2": 17.1550788879, "max": 45, "mean": 17.5429916382, "median": 17, "min": 0, "var": 42.0325126648}, "spectral_decrease": {"dmean": 1.85492465832e-09, "dmean2": 2.91870128066e-09, "dvar": 4.30301753474e-18, "dvar2": 1.06045001207e-17, "max": 2.52035103442e-16, "mean": -7.75017383603e-09, "median": -7.2109660465e-09, "min": -3.09718792835e-08, "var": 1.50064922973e-17}, "spectral_energy": {"dmean": 0.00732398079708, "dmean2": 0.0114340521395, "dvar": 6.74761759001e-05, "dvar2": 0.000163698656252, "max": 0.123697370291, "mean": 0.0311316847801, "median": 0.0288440845907, "min": 9.88327835899e-21, "var": 0.000242609763518}, "spectral_energyband_high": {"dmean": 0.000340049708029, "dmean2": 0.000439487077529, "dvar": 2.86053705167e-07, "dvar2": 5.22452637597e-07, "max": 0.00699581112713, "mean": 0.000674738432281, "median": 0.000275678699836, "min": 6.79238309866e-21, "var": 8.8535341547e-07}, "spectral_energyband_low": {"dmean": 0.00292469887063, "dmean2": 0.00501567311585, "dvar": 1.94912609004e-05, "dvar2": 5.3840183682e-05, "max": 0.0521068125963, "mean": 0.00576541572809, "median": 0.0042816977948, "min": 1.1049452426e-23, "var": 2.81573902612e-05}, "spectral_energyband_middle_high": {"dmean": 0.00145164900459, "dmean2": 0.00205375091173, "dvar": 6.09395692663e-06, "dvar2": 1.23610243463e-05, "max": 0.0590324811637, "mean": 0.00472859852016, "median": 0.00287609454244, "min": 1.16144003697e-21, "var": 3.22740488627e-05}, "spectral_energyband_middle_low": {"dmean": 0.00601990986615, "dmean2": 0.00947490148246, "dvar": 4.93887891935e-05, "dvar2": 0.00012307309953, "max": 0.117064170539, "mean": 0.0222406759858, "median": 0.0200564153492, "min": 1.4271379824e-22, "var": 0.000155370173161}, "spectral_entropy": {"dmean": 0.185077056289, "dmean2": 0.243962451816, "dvar": 0.0359622165561, "dvar2": 0.0650083348155, "max": 9.82334899902, "mean": 7.41305971146, "median": 7.36540317535, "min": 5.64235925674, "var": 0.287599563599}, "spectral_flux": {"dmean": 0.0216600429267, "dmean2": 0.0333544947207, "dvar": 0.000492508755997, "dvar2": 0.00102232513018, "max": 0.276584416628, "mean": 0.0798393264413, "median": 0.0744759738445, "min": 6.2932457856e-11, "var": 0.00142595393118}, "spectral_kurtosis": {"dmean": 1.92603123188, "dmean2": 2.9601624012, "dvar": 6.37221097946, "dvar2": 15.6680316925, "max": 81.6539459229, "mean": 6.55246448517, "median": 6.17913103104, "min": -1.27462005615, "var": 24.1735649109}, "spectral_rms": {"dmean": 0.00063074962236, "dmean2": 0.000973449321464, "dvar": 4.23767886559e-07, "dvar2": 1.00324996311e-06, "max": 0.0109854610637, "mean": 0.00529566872865, "median": 0.00530476868153, "min": 3.10519296907e-12, "var": 2.32831393987e-06}, "spectral_rolloff": {"dmean": 264.912536621, "dmean2": 451.417785645, "dvar": 457934.15625, "dvar2": 1034043.0625, "max": 19745.9472656, "mean": 1279.17456055, "median": 732.12890625, "min": 129.19921875, "var": 7037858.5}, "spectral_skewness": {"dmean": 0.252098500729, "dmean2": 0.38001576066, "dvar": 0.0798812061548, "dvar2": 0.179124265909, "max": 7.09426164627, "mean": 1.95809531212, "median": 2.00331664085, "min": -0.0834443196654, "var": 0.417663186789}, "spectral_spread": {"dmean": 782950.875, "dmean2": 956747.75, "dvar": 833607827456, "dvar2": 1343835602940.0, "max": 42888968, "mean": 5570149, "median": 4570957, "min": 1031636.375, "var": 27555065233400.0}, "spectral_strongpeak": {"dmean": 0.557920515537, "dmean2": 0.949526548386, "dvar": 0.52220749855, "dvar2": 1.29833257198, "max": 8.18215179443, "mean": 1.10210025311, "median": 0.744766235352, "min": 0, "var": 1.12723243237}, "zerocrossingrate": {"dmean": 0.0107668433338, "dmean2": 0.0121439453214, "dvar": 0.000134788249852, "dvar2": 0.000159667048138, "max": 0.638671875, "mean": 0.0605157762766, "median": 0.044921875, "min": 0.009765625, "var": 0.00475071324036}, "barkbands": {"dmean": [2.94981182378e-05, 0.00119292770978, 0.00135857390705, 0.00212480593473, 0.00267723179422, 0.00151577498764, 0.00126657879446, 0.0018154270947, 0.0012036053231, 0.000787001277786, 0.000553919060621, 0.000402143545216, 0.000219047098653, 0.000237764063058, 0.000162624113727, 0.000108417196316, 0.000147468512296, 8.2732840383e-05, 7.71347913542e-05, 6.51730442769e-05, 5.12910155521e-05, 6.31206057733e-05, 6.22754523647e-05, 5.7537923567e-05, 4.24976315117e-05, 5.773173325e-05, 4.82819123135e-05], "dmean2": [4.54720866401e-05, 0.00215319218114, 0.00230067758821, 0.00355807039887, 0.00438709417358, 0.00234397524036, 0.00196773535572, 0.00274454965256, 0.00182760122698, 0.00119908014312, 0.000826808449347, 0.000625419197604, 0.000343347346643, 0.000373274699086, 0.000254972372204, 0.000170192899532, 0.000234170656768, 0.000129123553052, 0.000116944036563, 0.000101286648714, 7.83662326285e-05, 9.20553429751e-05, 9.07466092031e-05, 7.94542356743e-05, 5.72207209188e-05, 8.31377183204e-05, 7.31952386559e-05], "dvar": [2.85384627041e-09, 7.37769141779e-06, 4.17704086431e-06, 9.04881653696e-06, 1.51336289491e-05, 5.60420403417e-06, 6.54174300507e-06, 1.22778074001e-05, 7.1621952884e-06, 3.20343201565e-06, 2.01182228921e-06, 1.22603034924e-06, 3.02042479916e-07, 1.57166041959e-07, 9.98350841996e-08, 2.66447095498e-08, 4.88020965861e-08, 2.24409699712e-08, 1.51120200798e-08, 9.37702182569e-09, 9.96452520496e-09, 1.34800872686e-08, 1.28329240567e-08, 1.46383358768e-08, 1.29973880547e-08, 1.18469660748e-08, 1.05679713869e-08], "dvar2": [6.18484685688e-09, 2.10971429624e-05, 1.15024668048e-05, 2.4451101126e-05, 3.95030183427e-05, 1.42905801113e-05, 1.56671321747e-05, 3.03772812913e-05, 1.70896601048e-05, 7.77995865064e-06, 4.2865103751e-06, 3.05745561491e-06, 7.26674898033e-07, 3.61948480077e-07, 2.28333746577e-07, 6.3628249336e-08, 1.16202620859e-07, 5.35140216584e-08, 3.2930397964e-08, 2.19966445059e-08, 2.37663559943e-08, 2.87923960229e-08, 2.70352700227e-08, 2.82866903234e-08, 2.28301697547e-08, 2.68438160589e-08, 2.58781334139e-08], "max": [0.000890596944373, 0.0263522528112, 0.0346006527543, 0.0398378744721, 0.0709373578429, 0.0539455153048, 0.0840188041329, 0.0694218054414, 0.0739221349359, 0.0382119938731, 0.0466576032341, 0.0337397903204, 0.0135274147615, 0.00832991674542, 0.00955210346729, 0.00258162105456, 0.00363986310549, 0.00348813133314, 0.00225874152966, 0.00248399982229, 0.001749885967, 0.00184502999764, 0.0021492075175, 0.0024780575186, 0.00227199285291, 0.00146524515003, 0.00126073963474], "mean": [4.99698217027e-05, 0.001403483795, 0.00241798115894, 0.00409085629508, 0.00536621175706, 0.00377914845012, 0.00264361733571, 0.0033648731187, 0.00222514988855, 0.00138619099744, 0.00103781220969, 0.000788759673014, 0.000370120513253, 0.000417193601606, 0.000281824119156, 0.000194888765691, 0.00025561125949, 0.000160687864991, 0.000158317823661, 0.000136348171509, 9.26762149902e-05, 0.000111960609502, 0.000102441961644, 0.000104942744656, 7.20654497854e-05, 7.01544486219e-05, 4.83810908918e-05], "median": [1.50051037053e-05, 0.000552840298042, 0.00153447384946, 0.00263339281082, 0.00387721182778, 0.00276811886579, 0.00158335850574, 0.0015218941262, 0.000953183509409, 0.000503122922964, 0.00031368015334, 0.000239631044678, 0.00013686704915, 0.000199977774173, 0.000130970933242, 0.000115806353278, 0.000156714173499, 7.21749820514e-05, 7.8290097008e-05, 7.25255013094e-05, 3.66809872503e-05, 4.05417595175e-05, 3.14530843752e-05, 2.78245352092e-05, 1.80640927283e-05, 1.78344998858e-05, 7.78447792982e-06], "min": [5.78035609629e-26, 1.07603280017e-24, 1.26850460585e-24, 1.74673575242e-25, 6.26428370607e-24, 3.67762812494e-24, 6.82158080345e-24, 1.16154893133e-23, 1.329041772e-23, 1.94397967354e-23, 9.91677201726e-24, 2.44798432584e-23, 2.83811485543e-23, 3.30281388203e-23, 4.4284082688e-23, 5.16623807761e-23, 4.58993763656e-23, 9.2952275634e-23, 9.54238525807e-23, 1.29460165104e-22, 2.28404034951e-22, 2.66108708456e-22, 3.60385361643e-22, 5.71604522468e-22, 8.31198426294e-22, 1.29065893686e-21, 1.96945584813e-21], "var": [5.56307533373e-09, 6.26947667115e-06, 7.94142579252e-06, 1.94585099962e-05, 3.06522342726e-05, 1.40076026582e-05, 1.41754126162e-05, 2.8514125006e-05, 1.75947625394e-05, 7.49582477511e-06, 6.42660097583e-06, 3.26635063175e-06, 7.27180974991e-07, 3.89259128042e-07, 2.44901258384e-07, 5.42736025011e-08, 9.12672248887e-08, 5.73283323035e-08, 4.15965999423e-08, 3.1847068982e-08, 1.96803391361e-08, 2.98944904387e-08, 2.88923498459e-08, 4.24188506543e-08, 3.58688296842e-08, 1.75072756292e-08, 1.08674020893e-08]}, "erbbands": {"dmean": [0.0193284098059, 0.324378997087, 1.29784357548, 4.34737205505, 8.94171142578, 9.22596645355, 11.3700971603, 11.9499921799, 15.5283889771, 30.5030784607, 36.4237747192, 26.9169082642, 24.5724887848, 20.468629837, 18.5719814301, 17.7813491821, 10.2999858856, 12.4654855728, 8.58462905884, 5.90129709244, 6.75197458267, 6.29765796661, 4.44519138336, 4.28523921967, 3.26301622391, 3.01710391045, 2.26376509666, 2.20586204529, 2.37109994888, 1.86803042889, 1.82719886303, 1.3433265686, 0.910274028778, 0.551405906677, 0.294249534607, 0.233427286148, 0.106727160513, 0.0405709594488, 0.00852310471237, 0.000398399221012], "dmean2": [0.034319806844, 0.584317266941, 2.23231649399, 7.28065013885, 15.1148080826, 15.0205841064, 18.1768856049, 18.1914596558, 23.8524589539, 45.4321556091, 56.713306427, 40.9617805481, 37.2252235413, 30.7067089081, 28.2976589203, 27.3490028381, 16.044084549, 19.3752174377, 13.413187027, 9.09592437744, 10.4931659698, 9.85199260712, 6.93105697632, 6.50469636917, 4.96576499939, 4.70992326736, 3.48749995232, 3.34033751488, 3.52744030952, 2.68021798134, 2.70862984657, 1.90772652626, 1.26914989948, 0.740464150906, 0.41307041049, 0.339310854673, 0.154662370682, 0.060801256448, 0.0129456957802, 0.000600925064646], "dvar": [0.00184923165943, 0.532034516335, 4.6103219986, 35.2245101929, 210.563720703, 202.136810303, 343.32522583, 401.736724854, 863.383056641, 3397.43139648, 7011.05419922, 3348.35327148, 2513.109375, 4198.6953125, 1988.30932617, 2694.45947266, 621.620849609, 447.790527344, 251.236053467, 129.902816772, 87.9877700806, 85.3921051025, 66.6384353638, 47.9537658691, 27.9574356079, 21.585849762, 17.0077610016, 18.6477432251, 20.6115131378, 10.6554832458, 12.1569719315, 8.73838615417, 3.92527270317, 2.29666924477, 0.655979394913, 0.257704466581, 0.0415431708097, 0.00692138215527, 0.000351707451046, 6.76690206092e-07], "dvar2": [0.00520480098203, 1.52365028858, 12.8634853363, 96.6333465576, 574.649597168, 512.19317627, 881.435974121, 980.453613281, 2155.27929688, 7679.32177734, 18032.7539062, 8139.45361328, 5873.73388672, 9643.93554688, 4670.18457031, 6933.94238281, 1489.1973877, 1006.58947754, 606.149047852, 279.763000488, 199.277832031, 199.719924927, 160.638793945, 105.172172546, 63.2707252502, 52.0972747803, 39.5163421631, 44.3724479675, 46.3065185547, 21.7148513794, 26.2740345001, 17.9481296539, 7.69139766693, 4.26311159134, 1.31718289852, 0.585392355919, 0.0947488248348, 0.016766211018, 0.000867293274496, 1.65992867096e-06], "max": [0.414324343204, 7.68172311783, 30.9743747711, 82.2671661377, 178.452697754, 427.535797119, 361.443481445, 500.44039917, 816.52923584, 1324.50952148, 1991.47888184, 1870.99243164, 1121.63659668, 1961.95336914, 1537.63684082, 1718.76062012, 762.119873047, 442.365875244, 381.757843018, 282.85949707, 138.753005981, 192.890167236, 209.929946899, 140.633209229, 125.339042664, 125.796173096, 81.4408493042, 76.3442840576, 77.5857696533, 52.3222694397, 61.4078292847, 71.6036453247, 52.3556900024, 35.155632019, 25.2333583832, 10.1977176666, 2.64135837555, 1.10344231129, 0.270708352327, 0.0120503343642], "mean": [0.0210648532957, 0.403852254152, 2.3567006588, 8.90178108215, 16.1359138489, 18.1496143341, 23.6019077301, 30.110212326, 36.6242485046, 60.9788856506, 67.2863693237, 52.3879241943, 45.7760391235, 39.3980178833, 36.9325637817, 37.169921875, 19.9460544586, 23.1420516968, 16.0678768158, 11.6286354065, 13.191324234, 12.010966301, 9.0788640976, 9.06997680664, 7.09097099304, 6.30105352402, 4.36877775192, 3.90304946899, 4.06154060364, 3.25131869316, 2.94110798836, 2.33617115021, 1.63065743446, 0.924071907997, 0.461214989424, 0.298534959555, 0.125994369388, 0.043049633503, 0.00846566725522, 0.00043229435687], "median": [0.00896574370563, 0.172068983316, 1.52299213409, 6.54363822937, 11.4358434677, 11.7667179108, 15.4647960663, 20.3715438843, 23.1604232788, 33.8509521484, 32.0800094604, 24.141078949, 19.5805244446, 11.2841663361, 13.0484733582, 11.6775035858, 8.64558792114, 11.3457098007, 9.12132453918, 6.42819404602, 8.85972976685, 7.58338022232, 4.48858165741, 4.34171104431, 3.68164849281, 3.34602069855, 1.99189639091, 1.41972780228, 1.47003138065, 1.13348793983, 0.853983879089, 0.632451117039, 0.416005790234, 0.211796700954, 0.12850099802, 0.0792229622602, 0.028513841331, 0.00795382168144, 0.00124650448561, 0.000112425434054], "min": [2.79880686315e-23, 3.21169685027e-22, 1.88118804312e-21, 4.51713719772e-21, 8.9120124157e-21, 2.32560569061e-20, 2.51971056837e-20, 5.49170378553e-20, 6.75261784474e-20, 1.29098931231e-19, 1.32775774903e-19, 3.03577352758e-19, 4.67348257298e-19, 7.00447288627e-19, 7.32590338158e-19, 1.18895508449e-18, 1.48088573422e-18, 1.38716958294e-18, 2.17450624955e-18, 3.0007356044e-18, 3.18756034281e-18, 3.65459147974e-18, 4.74647195626e-18, 4.98213199046e-18, 6.00363180457e-18, 7.60625577749e-18, 7.93025828752e-18, 9.29096295055e-18, 9.24477401232e-18, 1.10295543231e-17, 1.06495004004e-17, 1.07310173954e-17, 9.94901159761e-18, 8.01355620239e-18, 5.55595255807e-18, 4.34250051974e-18, 2.22064493656e-18, 9.18965814093e-19, 2.46623718687e-19, 2.7183371514e-20], "var": [0.00142190139741, 0.459912359715, 7.00992202759, 74.7539215088, 267.156219482, 550.612243652, 696.619506836, 1126.29296875, 1961.5456543, 7527.44580078, 15049.8349609, 7869.33496094, 6113.7578125, 11506.9003906, 5924.546875, 7374.47949219, 1702.02575684, 1183.47119141, 529.28717041, 338.621887207, 195.021209717, 185.996032715, 173.025512695, 146.008300781, 75.0946655273, 70.6753616333, 39.1987037659, 37.619304657, 40.5393676758, 25.2828674316, 25.8238773346, 20.9187259674, 11.2751531601, 5.98228359222, 1.46494972706, 0.388156056404, 0.0582707598805, 0.00775413773954, 0.000354274903657, 6.97388770732e-07]}, "gfcc": {"mean": [1.85094332695, 91.4181137085, -94.0709686279, 4.19024848938, -59.3866233826, -4.37700271606, -38.0630264282, -1.42209649086, -23.37225914, -3.37640452385, -19.9802627563, -4.4174284935, -18.1190280914], "cov": [[29969.1621094, 923.827697754, -2137.41699219, 196.913009644, -1500.28222656, 1.46951758862, -916.306762695, 87.1488571167, -522.91973877, -99.5418548584, -531.502075195, -75.7626953125, -484.718414307], [923.827697754, 1340.72802734, -498.199035645, -46.5405578613, 64.0409469604, -84.2012863159, 32.3575592041, -17.7610454559, -48.2671165466, -35.0758743286, 19.77003479, -40.1023979187, -20.1587734222], [-2137.41699219, -498.199035645, 702.144165039, 16.4557037354, 167.903503418, 50.6451187134, 36.0647087097, -3.15912127495, 81.2686309814, 62.7869148254, -1.4798656702, 32.6548461914, 34.8700141907], [196.913009644, -46.5405578613, 16.4557037354, 280.408325195, -40.4791755676, 40.8292198181, -32.0616950989, -8.01546192169, 31.9616622925, 15.6709280014, -1.4720877409, -12.0202217102, 16.8627891541], [-1500.28222656, 64.0409469604, 167.903503418, -40.4791755676, 305.021484375, -14.4925956726, 98.3181610107, 20.0351886749, 39.2275238037, 12.4530982971, 24.8765735626, 24.8360538483, 14.6897344589], [1.46951758862, -84.2012863159, 50.6451187134, 40.8292198181, -14.4925956726, 175.359512329, 44.404258728, 12.7370290756, -23.5941753387, 5.52044916153, 8.13255119324, -7.56834316254, -4.69941997528], [-916.306762695, 32.3575592041, 36.0647087097, -32.0616950989, 98.3181610107, 44.404258728, 175.079605103, 24.1921062469, 6.44820165634, -5.01084184647, 31.3438034058, 8.6459569931, 5.09546852112], [87.1488571167, -17.7610454559, -3.15912127495, -8.01546192169, 20.0351886749, 12.7370290756, 24.1921062469, 87.0730133057, 25.4326190948, -0.839188933372, 1.81411063671, -2.46963429451, -3.4620923996], [-522.91973877, -48.2671165466, 81.2686309814, 31.9616622925, 39.2275238037, -23.5941753387, 6.44820165634, 25.4326190948, 102.694343567, 30.575258255, 6.24955415726, 1.95148313046, 15.088886261], [-99.5418548584, -35.0758743286, 62.7869148254, 15.6709280014, 12.4530982971, 5.52044916153, -5.01084184647, -0.839188933372, 30.575258255, 79.104057312, 18.6462211609, 9.45567512512, 6.16508722305], [-531.502075195, 19.77003479, -1.4798656702, -1.4720877409, 24.8765735626, 8.13255119324, 31.3438034058, 1.81411063671, 6.24955415726, 18.6462211609, 76.2651824951, 25.6233234406, 10.5178813934], [-75.7626953125, -40.1023979187, 32.6548461914, -12.0202217102, 24.8360538483, -7.56834316254, 8.6459569931, -2.46963429451, 1.95148313046, 9.45567512512, 25.6233234406, 63.6580886841, 23.6104850769], [-484.718414307, -20.1587734222, 34.8700141907, 16.8627891541, 14.6897344589, -4.69941997528, 5.09546852112, -3.4620923996, 15.088886261, 6.16508722305, 10.5178813934, 23.6104850769, 56.5606079102]], "icov": [[9.46857908275e-05, -4.31416156061e-05, 0.000188527585124, -0.00010157367069, 0.000240451961872, -7.35222856747e-05, 0.000243240065174, -0.00029641535366, 0.000241238012677, -0.000279905827483, 0.000689641048666, -0.000690808112267, 0.000727788778022], [-4.31416156061e-05, 0.0012416014215, 0.000952918839175, 7.81628114055e-05, -0.000968632579315, 0.000298394501442, -0.000199676651391, 0.0005845365813, 2.73186506092e-05, -0.000129295003717, -0.000533142185304, 0.00117218855303, -0.000591220916249], [0.000188527585124, 0.000952918839175, 0.00332141574472, -2.36788291659e-05, -0.0013333883835, -0.00102387228981, 0.000679309596308, 0.000555834849365, -0.00082050752826, -0.00174150604289, 0.00226306845434, -0.00145951670129, 0.000745867146179], [-0.00010157367069, 7.81628114055e-05, -2.36788291659e-05, 0.00444278819486, 2.78352308669e-05, -0.00150484521873, 0.00072025769623, 0.00118362833746, -0.00226015411317, 0.000272581586614, -0.000991188455373, 0.00180927338079, -0.00227497541346], [0.000240451961872, -0.000968632579315, -0.0013333883835, 2.78352308669e-05, 0.00623905286193, 0.000893320771866, -0.0019830239471, -0.00150490086526, -0.000103115802631, -0.000363411323633, 0.00145704054739, -0.00307889468968, 0.00215094769374], [-7.35222856747e-05, 0.000298394501442, -0.00102387228981, -0.00150484521873, 0.000893320771866, 0.00803968030959, -0.00285199703649, -0.00159320258535, 0.00350148999132, -0.00102310918737, -0.00121898832731, 0.00189737486653, -0.000236404230236], [0.000243240065174, -0.000199676651391, 0.000679309596308, 0.00072025769623, -0.0019830239471, -0.00285199703649, 0.00934894848615, -0.00186273432337, -1.35392992888e-05, 0.000917427241802, -0.0010942715453, -0.00112586398609, 0.00127872801386], [-0.00029641535366, 0.0005845365813, 0.000555834849365, 0.00118362833746, -0.00150490086526, -0.00159320258535, -0.00186273432337, 0.0149078210816, -0.0058293864131, 0.0020786318928, -0.0017161804717, 0.00208102352917, -0.00090967619326], [0.000241238012677, 2.73186506092e-05, -0.00082050752826, -0.00226015411317, -0.000103115802631, 0.00350148999132, -1.35392992888e-05, -0.0058293864131, 0.0163216069341, -0.0055005424656, 0.00133691739757, 0.000710050517228, -0.00108071789145], [-0.000279905827483, -0.000129295003717, -0.00174150604289, 0.000272581586614, -0.000363411323633, -0.00102310918737, 0.000917427241802, 0.0020786318928, -0.0055005424656, 0.0173020195216, -0.00609754305333, 0.000961629557423, -0.00108454818837], [0.000689641048666, -0.000533142185304, 0.00226306845434, -0.000991188455373, 0.00145704054739, -0.00121898832731, -0.0010942715453, -0.0017161804717, 0.00133691739757, -0.00609754305333, 0.0228407103568, -0.0117085138336, 0.00508241495118], [-0.000690808112267, 0.00117218855303, -0.00145951670129, 0.00180927338079, -0.00307889468968, 0.00189737486653, -0.00112586398609, 0.00208102352917, 0.000710050517228, 0.000961629557423, -0.0117085138336, 0.0280332881957, -0.0137749677524], [0.000727788778022, -0.000591220916249, 0.000745867146179, -0.00227497541346, 0.00215094769374, -0.000236404230236, 0.00127872801386, -0.00090967619326, -0.00108071789145, -0.00108454818837, 0.00508241495118, -0.0137749677524, 0.0283873546869]]}, "melbands": {"dmean": [0.000253678997979, 0.000592861673795, 0.000860855332576, 0.000640209414996, 0.000377088988898, 0.000274983962299, 0.000244150491199, 0.000347262714058, 0.000308750895783, 0.000157060276251, 0.00012227499974, 8.2319646026e-05, 6.6995715315e-05, 4.54496366729e-05, 3.99066884711e-05, 1.76990415639e-05, 2.67533432634e-05, 1.40970914799e-05, 1.11512308649e-05, 8.32423484098e-06, 9.0803432613e-06, 8.12281723483e-06, 4.97602695759e-06, 3.71819055545e-06, 3.83789119951e-06, 2.72793545264e-06, 2.31504873227e-06, 2.14584224523e-06, 1.6808021428e-06, 1.2216162304e-06, 1.42132364545e-06, 1.47054981881e-06, 1.16484545742e-06, 1.05847891518e-06, 1.14472652513e-06, 9.79987248684e-07, 8.23561094876e-07, 7.08106199454e-07, 5.60887201573e-07, 4.66425916557e-07], "dmean2": [0.000458511640318, 0.00102763134055, 0.00144202599768, 0.0010597021319, 0.000602207728662, 0.000418360315962, 0.000374798692064, 0.000515805731993, 0.000482713978272, 0.00023905573471, 0.000185835422599, 0.000124403595692, 0.000100944911537, 7.0436821261e-05, 6.18102349108e-05, 2.76924256468e-05, 4.17627743445e-05, 2.23115894187e-05, 1.75634304469e-05, 1.3021110135e-05, 1.43250690599e-05, 1.28905921883e-05, 7.85617248766e-06, 5.83146720601e-06, 5.90496301811e-06, 4.24390373155e-06, 3.63414164894e-06, 3.40306246471e-06, 2.634039447e-06, 1.92290031009e-06, 2.19494722842e-06, 2.25508188123e-06, 1.73417834048e-06, 1.55562815962e-06, 1.72957390987e-06, 1.49406400851e-06, 1.18167383789e-06, 1.0194466995e-06, 7.78912919941e-07, 6.51786990602e-07], "dvar": [3.34064566232e-07, 1.10940482045e-06, 1.40360725709e-06, 9.1141566827e-07, 3.39286998496e-07, 1.99897314701e-07, 2.10982022963e-07, 4.19490731929e-07, 5.13252302881e-07, 1.09757102962e-07, 6.36916013264e-08, 7.11445480306e-08, 2.78222316297e-08, 1.36044135957e-08, 1.1448699766e-08, 1.88972171244e-09, 2.12601292127e-09, 7.2962585973e-10, 6.30970498072e-10, 1.81457293635e-10, 1.85482948445e-10, 1.51627460587e-10, 9.08026501212e-11, 3.88488512193e-11, 4.17517964646e-11, 2.07339805047e-11, 1.31756289906e-11, 1.19658553899e-11, 9.05304737425e-12, 6.02628493981e-12, 8.09448601896e-12, 8.49058497121e-12, 4.44721950238e-12, 3.55660032675e-12, 4.6588614043e-12, 4.77077492095e-12, 3.39717295093e-12, 2.17035027103e-12, 2.40570454182e-12, 1.84068645742e-12], "dvar2": [9.51811500727e-07, 3.11379994855e-06, 3.8537623368e-06, 2.39629321186e-06, 8.60012903559e-07, 4.97250141507e-07, 5.1791118949e-07, 9.35877835673e-07, 1.29744512378e-06, 2.63597655703e-07, 1.49148092987e-07, 1.66991981132e-07, 6.25442240221e-08, 3.43649446677e-08, 2.75611728995e-08, 4.172359791e-09, 4.80628914445e-09, 1.79633785624e-09, 1.4312664387e-09, 4.29231344912e-10, 4.26420732058e-10, 3.60908913866e-10, 2.17709322792e-10, 9.48684325541e-11, 9.25033522003e-11, 4.84571723025e-11, 3.16866428929e-11, 2.9381348049e-11, 2.12605766325e-11, 1.48190053978e-11, 1.97171723393e-11, 1.98281824987e-11, 9.56761753157e-12, 7.53838484691e-12, 1.03983982883e-11, 1.06326917756e-11, 7.19723716389e-12, 4.61752641331e-12, 4.7668362313e-12, 3.74480958396e-12], "max": [0.00498492456973, 0.0146194007248, 0.0141213349998, 0.0149865690619, 0.0108963735402, 0.012153595686, 0.0127120679244, 0.0132495369762, 0.0199663601816, 0.0102023193613, 0.00553970178589, 0.00789853557944, 0.00615312578157, 0.00313493213616, 0.00327678048052, 0.00142780586611, 0.0010160333477, 0.000564412795939, 0.0007215248188, 0.000234461302171, 0.000235412488109, 0.000249986362178, 0.000253088393947, 0.000107745152491, 0.000136223621666, 0.000107469779323, 8.04803203209e-05, 0.000102826772491, 5.87232680118e-05, 4.08731648349e-05, 5.25531104358e-05, 5.85712950851e-05, 3.23409658449e-05, 3.22599553328e-05, 3.84499180655e-05, 5.600345321e-05, 3.89300730603e-05, 3.26833687723e-05, 3.57572243956e-05, 3.12753727485e-05], "mean": [0.000290450989269, 0.00100436352659, 0.00180041510612, 0.00123735854868, 0.000826947391033, 0.000700315751601, 0.000564077403396, 0.000688325439114, 0.000557153078262, 0.000301645573927, 0.000217907741899, 0.000150418112753, 0.000127545790747, 9.21762184589e-05, 7.67308592913e-05, 3.06612819259e-05, 4.64710465167e-05, 2.46081581281e-05, 1.93774994841e-05, 1.43782872328e-05, 1.62587675732e-05, 1.4058713532e-05, 8.94480217539e-06, 7.30706324248e-06, 7.45539637137e-06, 5.34748005521e-06, 4.61458375867e-06, 4.13025281887e-06, 3.03511637867e-06, 2.06062077268e-06, 2.36892424255e-06, 2.39504925048e-06, 1.93993514586e-06, 1.7528745957e-06, 1.75834986749e-06, 1.4967313291e-06, 1.41523980801e-06, 1.21006041809e-06, 9.28672648115e-07, 7.29201758531e-07], "median": [0.00012173425057, 0.000614499673247, 0.0014006444253, 0.000917897792533, 0.000564213725738, 0.000484594405862, 0.000356187258149, 0.000354216026608, 0.000250279175816, 0.000138053510454, 8.62123197294e-05, 3.7924721255e-05, 4.18332274421e-05, 3.09271781589e-05, 2.42231744778e-05, 1.25245614981e-05, 2.08860146813e-05, 1.37446959343e-05, 8.43108500703e-06, 8.01859914645e-06, 1.02693784356e-05, 8.45359136292e-06, 4.64848289994e-06, 3.23302947436e-06, 3.38122640642e-06, 2.57597366726e-06, 2.39904693444e-06, 2.05334936254e-06, 1.34867832458e-06, 7.86831719779e-07, 8.25853817332e-07, 8.4284033619e-07, 6.96487063578e-07, 5.91177695242e-07, 5.15902399911e-07, 3.95207109705e-07, 3.67738607565e-07, 3.13197574542e-07, 1.92077180827e-07, 1.68138527101e-07], "min": [3.93217677576e-25, 8.56784688781e-25, 1.12275348171e-24, 1.09200713489e-24, 1.06223276332e-24, 1.4760615028e-24, 1.51578557976e-24, 1.70734408173e-24, 6.9409055803e-25, 1.65230535498e-24, 2.18700661641e-24, 2.6748447083e-24, 1.82416787369e-24, 2.35743291524e-24, 2.76378364777e-24, 1.95313046004e-24, 2.34037024829e-24, 2.85239501275e-24, 2.75633246209e-24, 3.40708512205e-24, 2.92738334154e-24, 2.63891643281e-24, 3.77355794975e-24, 3.47904698598e-24, 3.36792922216e-24, 4.03141409713e-24, 3.69116734466e-24, 3.98856514491e-24, 4.13352898587e-24, 4.91669825966e-24, 4.92540807292e-24, 4.25673762078e-24, 5.03951128083e-24, 5.42763439607e-24, 5.3684856054e-24, 5.07087007953e-24, 5.72111747408e-24, 6.7143327968e-24, 6.01585168549e-24, 5.51025140425e-24], "var": [2.66422830464e-07, 1.38908330882e-06, 2.58711884271e-06, 1.56286967012e-06, 8.12324628896e-07, 5.46159697024e-07, 4.95056326599e-07, 9.92432205749e-07, 1.13506916932e-06, 2.66028337137e-07, 1.50779555952e-07, 1.88623729969e-07, 8.35066131799e-08, 3.41230261824e-08, 3.08190273302e-08, 4.86507856223e-09, 5.45593836776e-09, 1.3470471405e-09, 1.48024170699e-09, 3.60691337908e-10, 3.57839369247e-10, 2.94045482407e-10, 1.94002550136e-10, 1.0382895238e-10, 1.1261812316e-10, 5.0501047788e-11, 3.36563520109e-11, 3.72496096468e-11, 2.04769846912e-11, 1.05733772432e-11, 1.50994980408e-11, 1.51259161446e-11, 9.2450890693e-12, 7.80228485986e-12, 9.1972983049e-12, 9.03068071711e-12, 7.98699734822e-12, 5.62826694972e-12, 5.90774174372e-12, 4.09601215792e-12]}, "mfcc": {"mean": [-640.551818848, 137.521697998, 9.90888977051, 12.8375825882, -4.53629589081, -4.17260694504, -9.67362117767, -2.76738882065, -6.31424045563, -1.34466803074, -4.64215755463, -2.5710401535, -3.43130660057], "cov": [[7931.85791016, 531.896972656, 79.631652832, 58.0214233398, -121.33808136, -91.6033630371, -102.823165894, 71.4586105347, -75.5658416748, 35.5882301331, -29.0966472626, -54.2136116028, -75.5626220703], [531.896972656, 1411.71582031, -305.322662354, 73.6476516724, 4.3520617485, -34.1602592468, 39.3684463501, 21.0732650757, -23.7486019135, -1.61239588261, 7.43321895599, -11.411110878, 14.3105421066], [79.631652832, -305.322662354, 430.466094971, -1.39845263958, 53.3882064819, 64.5892105103, -33.7397079468, -45.6759757996, 37.8064651489, -6.94109010696, -1.42381811142, 26.9372844696, 4.76294469833], [58.0214233398, 73.6476516724, -1.39845263958, 199.15473938, 50.9536590576, 15.1272296906, -32.0345993042, -16.5983257294, 20.4092311859, 7.54010391235, -0.0563120990992, 14.6213970184, 12.4532051086], [-121.33808136, 4.3520617485, 53.3882064819, 50.9536590576, 152.023574829, 17.8720588684, -16.7890415192, -7.57584381104, 23.1631183624, 7.69796991348, 6.59538793564, 4.55170869827, 13.7381305695], [-91.6033630371, -34.1602592468, 64.5892105103, 15.1272296906, 17.8720588684, 129.085037231, 49.5615539551, 1.29056298733, 18.1370010376, -5.42863368988, 5.13231039047, 23.015625, 3.5839805603], [-102.823165894, 39.3684463501, -33.7397079468, -32.0345993042, -16.7890415192, 49.5615539551, 139.019515991, 55.6138572693, -3.74350690842, 1.38001573086, 14.9006853104, 0.695346176624, 1.37342238426], [71.4586105347, 21.0732650757, -45.6759757996, -16.5983257294, -7.57584381104, 1.29056298733, 55.6138572693, 100.009048462, 9.36694717407, 11.7259187698, 8.42193984985, -8.39392662048, -3.15376520157], [-75.5658416748, -23.7486019135, 37.8064651489, 20.4092311859, 23.1631183624, 18.1370010376, -3.74350690842, 9.36694717407, 80.7030334473, 22.4962348938, 5.39400672913, 8.49803543091, 2.53623652458], [35.5882301331, -1.61239588261, -6.94109010696, 7.54010391235, 7.69796991348, -5.42863368988, 1.38001573086, 11.7259187698, 22.4962348938, 76.0529556274, 27.5889759064, -10.3140001297, -7.17862844467], [-29.0966472626, 7.43321895599, -1.42381811142, -0.0563120990992, 6.59538793564, 5.13231039047, 14.9006853104, 8.42193984985, 5.39400672913, 27.5889759064, 61.075466156, 15.4213638306, 0.865826964378], [-54.2136116028, -11.411110878, 26.9372844696, 14.6213970184, 4.55170869827, 23.015625, 0.695346176624, -8.39392662048, 8.49803543091, -10.3140001297, 15.4213638306, 74.1495819092, 27.6890087128], [-75.5626220703, 14.3105421066, 4.76294469833, 12.4532051086, 13.7381305695, 3.5839805603, 1.37342238426, -3.15376520157, 2.53623652458, -7.17862844467, 0.865826964378, 27.6890087128, 60.2124977112]], "icov": [[0.000145447731484, -8.18869593786e-05, -0.000143787648994, -7.19698800822e-05, 0.000154506968101, 2.77859762718e-05, 0.000190966384253, -0.000266851537162, 0.000214465064346, -0.000134167828946, 8.85046683834e-05, -7.69322105043e-06, 0.000150244464749], [-8.18869593786e-05, 0.000915346492548, 0.000699430762324, -0.000273639569059, -0.000245263974648, 6.88570507918e-05, -0.000385723542422, 0.000334251584718, -0.0001190799303, 0.000220880960114, -0.000173902444658, 8.9156696049e-05, -0.000248025142355], [-0.000143787648994, 0.000699430762324, 0.00354384817183, 0.000542979862075, -0.00106021866668, -0.00154245411977, 0.000546918541659, 0.00133514322806, -0.00128815718926, 0.000504163734149, -0.000145469341078, -0.000443798140623, -2.75941820291e-05], [-7.19698800822e-05, -0.000273639569059, 0.000542979862075, 0.00619250629097, -0.00174864393193, -0.00123991130386, 0.00159243168309, 0.000412719033193, -0.000918068923056, -0.000595202785917, 0.000439233146608, -0.000858294137288, -0.000534820370376], [0.000154506968101, -0.000245263974648, -0.00106021866668, -0.00174864393193, 0.00819267146289, -0.000812714162748, 0.00113601144403, -0.000560003507417, -0.00104993162677, -4.8668927775e-05, -0.0011825786205, 0.00152043660637, -0.00182215939276], [2.77859762718e-05, 6.88570507918e-05, -0.00154245411977, -0.00123991130386, -0.000812714162748, 0.0117881810293, -0.00587574858218, 0.00193181505892, -0.00181787437759, 0.000700773671269, 0.000802702794317, -0.00296935206279, 0.00162998051383], [0.000190966384253, -0.000385723542422, 0.000546918541659, 0.00159243168309, 0.00113601144403, -0.00587574858218, 0.0131333163008, -0.00662492960691, 0.0017110867193, 0.000483080482809, -0.00243801367469, 0.00125805148855, -0.00115524721332], [-0.000266851537162, 0.000334251584718, 0.00133514322806, 0.000412719033193, -0.000560003507417, 0.00193181505892, -0.00662492960691, 0.0148700214922, -0.00307500455528, -0.000631117727607, -0.000315023906296, 0.00078752450645, 3.41183331329e-05], [0.000214465064346, -0.0001190799303, -0.00128815718926, -0.000918068923056, -0.00104993162677, -0.00181787437759, 0.0017110867193, -0.00307500455528, 0.0161299016327, -0.00541950343177, 0.00190026056953, -0.00207125581801, 0.000336496188538], [-0.000134167828946, 0.000220880960114, 0.000504163734149, -0.000595202785917, -4.8668927775e-05, 0.000700773671269, 0.000483080482809, -0.000631117727607, -0.00541950343177, 0.0192102603614, -0.00957099162042, 0.00476984074339, 0.00025041619665], [8.85046683834e-05, -0.000173902444658, -0.000145469341078, 0.000439233146608, -0.0011825786205, 0.000802702794317, -0.00243801367469, -0.000315023906296, 0.00190026056953, -0.00957099162042, 0.0231122020632, -0.0073474640958, 0.0021595263388], [-7.69322105043e-06, 8.9156696049e-05, -0.000443798140623, -0.000858294137288, 0.00152043660637, -0.00296935206279, 0.00125805148855, 0.00078752450645, -0.00207125581801, 0.00476984074339, -0.0073474640958, 0.0203627254814, -0.00857816729695], [0.000150244464749, -0.000248025142355, -2.75941820291e-05, -0.000534820370376, -0.00182215939276, 0.00162998051383, -0.00115524721332, 3.41183331329e-05, 0.000336496188538, 0.00025041619665, 0.0021595263388, -0.00857816729695, 0.0212443396449]]}, "spectral_contrast_coeffs": {"dmean": [0.0531547814608, 0.0433554984629, 0.0368053242564, 0.0290461331606, 0.0216518044472, 0.0178219228983], "dmean2": [0.0884251147509, 0.070699185133, 0.0584030747414, 0.0471075065434, 0.0340504869819, 0.0285479072481], "dvar": [0.00204978999682, 0.0012998660095, 0.000900230719708, 0.000561536406167, 0.000349776033545, 0.000311250856612], "dvar2": [0.005423032213, 0.00340098678134, 0.00222137756646, 0.0013991718879, 0.000830727571156, 0.000737006950658], "max": [-0.314326405525, -0.456816375256, -0.463046103716, -0.595395624638, -0.609312057495, -0.654926538467], "mean": [-0.568787693977, -0.702183306217, -0.7394105196, -0.773354411125, -0.794710278511, -0.786308169365], "median": [-0.56153357029, -0.700386166573, -0.743233025074, -0.773878693581, -0.798240542412, -0.782481431961], "min": [-0.986059844494, -0.980060458183, -0.977675318718, -0.973360478878, -0.96805036068, -0.964980661869], "var": [0.00885775033385, 0.00504346285015, 0.00480645243078, 0.00264830118977, 0.00203989143483, 0.00153624592349]}, "spectral_contrast_valleys": {"dmean": [0.435707122087, 0.298798263073, 0.277921557426, 0.2563162148, 0.272632181644, 0.355577230453], "dmean2": [0.716585278511, 0.490552723408, 0.445691406727, 0.397960960865, 0.391927957535, 0.415169715881], "dvar": [0.153059184551, 0.0716758146882, 0.0643174052238, 0.0632276684046, 0.0966416522861, 0.148381248116], "dvar2": [0.3765642941, 0.16731159389, 0.141957595944, 0.123802870512, 0.180284976959, 0.246261328459], "max": [-5.53573226929, -4.68905448