{"lowlevel": {"average_loudness": 0.976408362389, "barkbands_crest": {"dmean": 2.83540415764, "dmean2": 4.33853578568, "dvar": 7.48712348938, "dvar2": 16.6098670959, "max": 26.6925792694, "mean": 12.0892868042, "median": 11.0975017548, "min": 2.45355558395, "var": 24.4773273468}, "barkbands_flatness_db": {"dmean": 0.0407253950834, "dmean2": 0.0603798218071, "dvar": 0.00179341260809, "dvar2": 0.00365224294364, "max": 0.76310312748, "mean": 0.186359912157, "median": 0.172131344676, "min": 0.0172159262002, "var": 0.00721932249144}, "barkbands_kurtosis": {"dmean": 9.46244716644, "dmean2": 14.2636804581, "dvar": 490.317657471, "dvar2": 1126.62121582, "max": 720.578857422, "mean": 16.4705924988, "median": 9.75100326538, "min": -1.95071041584, "var": 743.875366211}, "barkbands_skewness": {"dmean": 0.874868035316, "dmean2": 1.2999689579, "dvar": 1.08636939526, "dvar2": 2.47793841362, "max": 20.3784999847, "mean": 2.71652340889, "median": 2.43220710754, "min": -6.53002119064, "var": 3.31378245354}, "barkbands_spread": {"dmean": 7.48260593414, "dmean2": 12.1254301071, "dvar": 130.341644287, "dvar2": 318.138763428, "max": 138.784942627, "mean": 13.9714975357, "median": 9.65306282043, "min": 0.027361266315, "var": 202.464248657}, "dissonance": {"dmean": 0.0265575647354, "dmean2": 0.0419637225568, "dvar": 0.000633449642919, "dvar2": 0.00143033533823, "max": 0.500000059605, "mean": 0.438036650419, "median": 0.445784628391, "min": 0.22718308866, "var": 0.0017362087965}, "dynamic_complexity": 2.82185387611, "erbbands_crest": {"dmean": 2.8452398777, "dmean2": 4.37348413467, "dvar": 6.87919282913, "dvar2": 15.1565141678, "max": 28.7434501648, "mean": 10.0364265442, "median": 9.22059345245, "min": 2.56175255775, "var": 18.1580200195}, "erbbands_flatness_db": {"dmean": 0.0302650760859, "dmean2": 0.0474133118987, "dvar": 0.00102373666596, "dvar2": 0.00248169875704, "max": 0.463151186705, "mean": 0.151024699211, "median": 0.141415506601, "min": 0.0368099883199, "var": 0.00234450306743}, "erbbands_kurtosis": {"dmean": 2.47749304771, "dmean2": 3.77613377571, "dvar": 28.7086544037, "dvar2": 65.7815628052, "max": 202.610351562, "mean": 2.86577987671, "median": 0.385712623596, "min": -1.92232251167, "var": 56.3174095154}, "erbbands_skewness": {"dmean": 0.584513783455, "dmean2": 0.839110791683, "dvar": 0.412950068712, "dvar2": 0.86155551672, "max": 9.38523292542, "mean": 1.15937376022, "median": 0.966220676899, "min": -5.16422462463, "var": 1.36862194538}, "erbbands_spread": {"dmean": 15.743388176, "dmean2": 25.5531959534, "dvar": 513.385925293, "dvar2": 1311.35961914, "max": 200.95741272, "mean": 41.4050331116, "median": 37.1060943604, "min": 0.816020667553, "var": 654.4765625}, "hfc": {"dmean": 6.45554924011, "dmean2": 9.39090442657, "dvar": 56.5643386841, "dvar2": 116.361091614, "max": 69.8321762085, "mean": 12.8198623657, "median": 10.3849029541, "min": 1.18862836469e-16, "var": 111.364189148}, "melbands_crest": {"dmean": 3.33512783051, "dmean2": 5.21399736404, "dvar": 11.06640625, "dvar2": 24.1908550262, "max": 37.0196456909, "mean": 16.3886127472, "median": 15.6554365158, "min": 1.75803697109, "var": 36.5507240295}, "melbands_flatness_db": {"dmean": 0.046232689172, "dmean2": 0.0679010674357, "dvar": 0.00242457562126, "dvar2": 0.00472235307097, "max": 0.926252961159, "mean": 0.28237259388, "median": 0.269539266825, "min": 0.0072202575393, "var": 0.0108724394813}, "melbands_kurtosis": {"dmean": 20.3195533752, "dmean2": 30.2329998016, "dvar": 1333.58215332, "dvar2": 2888.81933594, "max": 1003.67663574, "mean": 37.3512840271, "median": 21.0156745911, "min": -1.89844024181, "var": 2692.17236328}, "melbands_skewness": {"dmean": 1.26304614544, "dmean2": 1.871062994, "dvar": 2.34592294693, "dvar2": 5.51642847061, "max": 24.8830986023, "mean": 3.90544843674, "median": 3.27507448196, "min": -1.38629317284, "var": 5.96974992752}, "melbands_spread": {"dmean": 5.84818792343, "dmean2": 9.14292430878, "dvar": 218.120361328, "dvar2": 538.099853516, "max": 325.672546387, "mean": 12.5603866577, "median": 7.65058517456, "min": 0.124852344394, "var": 376.833129883}, "pitch_salience": {"dmean": 0.0868568494916, "dmean2": 0.136607691646, "dvar": 0.00726757803932, "dvar2": 0.0168002117425, "max": 0.862658321857, "mean": 0.511943995953, "median": 0.525262832642, "min": 0.0316850095987, "var": 0.0197709351778}, "silence_rate_20dB": {"dmean": 0, "dmean2": 0, "dvar": 0, "dvar2": 0, "max": 1, "mean": 1, "median": 1, "min": 1, "var": 0}, "silence_rate_30dB": {"dmean": 0.0306673627347, "dmean2": 0.0613454170525, "dvar": 0.0297275539488, "dvar2": 0.0767488926649, "max": 1, "mean": 0.97682929039, "median": 1, "min": 0, "var": 0.0226323418319}, "silence_rate_60dB": {"dmean": 0.0198640879244, "dmean2": 0.0397351011634, "dvar": 0.0194704867899, "dvar2": 0.0423358716071, "max": 1, "mean": 0.0409407652915, "median": 0, "min": 0, "var": 0.0392668433487}, "spectral_centroid": {"dmean": 244.42024231, "dmean2": 359.473205566, "dvar": 147807.296875, "dvar2": 282575.09375, "max": 11159.3974609, "mean": 804.592834473, "median": 613.92956543, "min": 58.4595451355, "var": 498720.6875}, "spectral_complexity": {"dmean": 2.73775911331, "dmean2": 4.18787050247, "dvar": 10.8270320892, "dvar2": 21.0038700104, "max": 36, "mean": 10.6691637039, "median": 10, "min": 0, "var": 31.0317802429}, "spectral_decrease": {"dmean": 3.94133481407e-09, "dmean2": 5.48257927946e-09, "dvar": 2.48776719895e-17, "dvar2": 5.17238915618e-17, "max": 3.98806855595e-12, "mean": -9.23308451917e-09, "median": -6.38589536806e-09, "min": -5.01678343312e-08, "var": 6.37712312444e-17}, "spectral_energy": {"dmean": 0.0152870928869, "dmean2": 0.0212715864182, "dvar": 0.000370452034986, "dvar2": 0.000768244965002, "max": 0.191757977009, "mean": 0.0360105969012, "median": 0.0254747867584, "min": 1.09720823052e-20, "var": 0.000941743724979}, "spectral_energyband_high": {"dmean": 0.000335629447363, "dmean2": 0.000562098168302, "dvar": 1.99727935524e-07, "dvar2": 4.6535589604e-07, "max": 0.00335510680452, "mean": 0.000403948390158, "median": 0.000214434985537, "min": 7.74418525596e-21, "var": 2.46352783506e-07}, "spectral_energyband_low": {"dmean": 0.00935467798263, "dmean2": 0.0130862183869, "dvar": 0.000242481706664, "dvar2": 0.000532587931957, "max": 0.160101383924, "mean": 0.0180681329221, "median": 0.00797129422426, "min": 5.1309841993e-23, "var": 0.000527229567524}, "spectral_energyband_middle_high": {"dmean": 0.000696694070939, "dmean2": 0.00102795823477, "dvar": 9.57462930273e-07, "dvar2": 1.93288906303e-06, "max": 0.0119469948113, "mean": 0.00167589087505, "median": 0.000840677297674, "min": 1.8640694838e-21, "var": 3.58128636435e-06}, "spectral_energyband_middle_low": {"dmean": 0.0110077643767, "dmean2": 0.0166825335473, "dvar": 0.000302165251924, "dvar2": 0.000720030162483, "max": 0.145895838737, "mean": 0.0179889705032, "median": 0.00982699915767, "min": 3.5097905994e-22, "var": 0.000400824093958}, "spectral_entropy": {"dmean": 0.4243953228, "dmean2": 0.668505847454, "dvar": 0.224878400564, "dvar2": 0.490759253502, "max": 9.78681468964, "mean": 7.00184202194, "median": 7.01171398163, "min": 3.71814346313, "var": 0.502076208591}, "spectral_flux": {"dmean": 0.0457330718637, "dmean2": 0.0699899271131, "dvar": 0.00216543255374, "dvar2": 0.00448962720111, "max": 0.332426637411, "mean": 0.0957428738475, "median": 0.0729895532131, "min": 1.04747710505e-10, "var": 0.00469370465726}, "spectral_kurtosis": {"dmean": 3.61826181412, "dmean2": 5.90159893036, "dvar": 39.3302879333, "dvar2": 98.5348892212, "max": 129.291900635, "mean": 6.97583818436, "median": 4.58838224411, "min": -1.18518388271, "var": 75.9134979248}, "spectral_rms": {"dmean": 0.00120935577434, "dmean2": 0.00163902365603, "dvar": 1.63509480444e-06, "dvar2": 2.93949028674e-06, "max": 0.0136777535081, "mean": 0.00539042195305, "median": 0.00498532271013, "min": 3.27176870665e-12, "var": 6.07561469224e-06}, "spectral_rolloff": {"dmean": 446.610748291, "dmean2": 763.692199707, "dvar": 1719900, "dvar2": 4318314.5, "max": 19616.7480469, "mean": 921.022460938, "median": 387.59765625, "min": 43.06640625, "var": 4497866}, "spectral_skewness": {"dmean": 0.446363627911, "dmean2": 0.699019193649, "dvar": 0.356744676828, "dvar2": 0.858075559139, "max": 10.1235370636, "mean": 2.0537416935, "median": 1.82101511955, "min": -0.09687191993, "var": 0.754429399967}, "spectral_spread": {"dmean": 1596966.5, "dmean2": 2593392.5, "dvar": 5188199907330.0, "dvar2": 12424064270300.0, "max": 39914452, "mean": 5520171.5, "median": 5012793.5, "min": 682493.75, "var": 6283473715200.0}, "spectral_strongpeak": {"dmean": 0.372419774532, "dmean2": 0.574070811272, "dvar": 0.207350790501, "dvar2": 0.398760735989, "max": 3.94823551178, "mean": 0.686358213425, "median": 0.460932284594, "min": 0, "var": 0.40419921279}, "zerocrossingrate": {"dmean": 0.0153509536758, "dmean2": 0.0202113371342, "dvar": 0.000424892146839, "dvar2": 0.000652574468404, "max": 0.705078125, "mean": 0.0459790788591, "median": 0.033203125, "min": 0.001953125, "var": 0.00419902056456}, "barkbands": {"dmean": [0.000389581429772, 0.00673115812242, 0.00470799952745, 0.00375383929349, 0.00436431076378, 0.00129312451463, 0.00201755133457, 0.00101398944389, 0.000805353105534, 4.92505678267e-05, 0.000113371832413, 0.000151394444401, 0.00012766951113, 0.000213744395296, 0.000187366837054, 0.000139285199111, 0.000115257309517, 0.000100754368759, 6.7224027589e-05, 5.63597423024e-05, 5.96242498432e-05, 5.34858227184e-05, 4.84772644995e-05, 5.69867625018e-05, 8.05062954896e-05, 4.59016046079e-05, 1.02395069916e-05], "dmean2": [0.000582438777201, 0.00931054819375, 0.00816496368498, 0.00623935973272, 0.00731243845075, 0.00179912871681, 0.00271632801741, 0.00143468903843, 0.00115310575347, 7.70587430452e-05, 0.000157837508596, 0.00023243308533, 0.000186614866834, 0.000324746244587, 0.000302084547002, 0.000229640529142, 0.000189789541764, 0.000168382874108, 0.000108020496555, 9.37749427976e-05, 9.64442660916e-05, 8.80999141373e-05, 7.97149623395e-05, 9.72929774434e-05, 0.000142119315569, 8.05111267255e-05, 1.91060044017e-05], "dvar": [3.22023822719e-07, 0.000157177229994, 0.000136404269142, 8.01234564278e-05, 0.000106357801997, 7.6270516729e-06, 2.04268999369e-05, 6.58785120322e-06, 3.53308860213e-06, 2.34669723653e-08, 6.29328837931e-08, 1.02873826791e-07, 4.73259618161e-08, 1.30019216726e-07, 9.4792163452e-08, 6.40787973794e-08, 4.63534242101e-08, 3.70922741411e-08, 1.11533786651e-08, 7.19659887238e-09, 8.05347877275e-09, 6.84641188187e-09, 4.64726834792e-09, 6.54444987092e-09, 1.77986905214e-08, 5.05353803248e-09, 3.72979563901e-10], "dvar2": [6.9139508696e-07, 0.000328121765051, 0.000368287059246, 0.000201387680136, 0.00028376741102, 1.30869502755e-05, 3.71797286789e-05, 1.35619484354e-05, 6.83111420585e-06, 5.13722469009e-08, 1.18368014057e-07, 2.27893963256e-07, 9.81540537737e-08, 3.01330970842e-07, 2.45454231163e-07, 1.66846390925e-07, 1.1767789232e-07, 9.91888171598e-08, 2.77914189439e-08, 1.88076363372e-08, 1.96258831409e-08, 1.74093237604e-08, 1.12122853224e-08, 1.63589017887e-08, 4.62753391162e-08, 1.3158851786e-08, 1.02200004015e-09], "max": [0.00545681873336, 0.0931739062071, 0.121761672199, 0.123486123979, 0.0912662148476, 0.0472391806543, 0.0383342653513, 0.0333889201283, 0.0196936763823, 0.00342212291434, 0.00302083301358, 0.00423755170777, 0.0025556976907, 0.00491757364944, 0.00554763199762, 0.00285929744132, 0.00417903624475, 0.00228593288921, 0.00151322118472, 0.00118327420205, 0.00116445193999, 0.000723661854863, 0.000595127930865, 0.000481559633045, 0.000784935662523, 0.000376275304006, 0.000109412569145], "mean": [0.000554528553039, 0.010700609535, 0.00469433842227, 0.00497658643872, 0.00610587885603, 0.0019502522191, 0.00270766718313, 0.00123331451323, 0.000998985487968, 7.26425860194e-05, 0.000192394159967, 0.000220073052333, 0.000195278073079, 0.000274153688224, 0.000220546673518, 0.000156298207003, 0.000125953039969, 0.00010284754535, 7.82740171417e-05, 7.19829913578e-05, 7.98178298282e-05, 6.44795873086e-05, 6.07550391578e-05, 5.97111029492e-05, 6.82112877257e-05, 3.81660174753e-05, 6.90546494297e-06], "median": [0.000262579065748, 0.00301852403209, 0.00219767354429, 0.00204231636599, 0.00201850570738, 0.000530587043613, 0.000459236558527, 0.000214077765122, 0.000125482096337, 3.02462631225e-05, 4.19539064751e-05, 4.55441368103e-05, 5.98889237153e-05, 6.0608057538e-05, 6.62062375341e-05, 4.06452491006e-05, 3.537711018e-05, 3.26395856973e-05, 3.09774077323e-05, 3.15361539833e-05, 3.89803535654e-05, 3.16941805067e-05, 3.2698007999e-05, 2.53145699389e-05, 1.76851826836e-05, 9.08277161216e-06, 9.39592155191e-07], "min": [1.98599834966e-23, 4.02807966097e-23, 1.9508528214e-24, 6.45535922795e-24, 1.47262329199e-23, 3.29755659742e-23, 4.74264122852e-23, 5.18142081013e-23, 1.3551772071e-22, 1.44074198338e-22, 5.53760413061e-23, 1.12728008786e-22, 1.88559958049e-22, 1.42256372511e-22, 1.96033285477e-22, 1.17682484411e-22, 1.91431563205e-22, 1.77639182247e-22, 4.03978471598e-22, 3.16126831737e-22, 5.06074440295e-22, 5.75501974967e-22, 4.36811544049e-22, 7.5899783728e-22, 1.58280071152e-21, 1.490070049e-21, 2.45529157596e-21], "var": [5.64561389638e-07, 0.000308610120555, 9.66656152741e-05, 9.56876319833e-05, 0.000112933834316, 1.55447778525e-05, 3.45024054695e-05, 8.84454584593e-06, 5.17075795869e-06, 3.39142935957e-08, 1.53518612933e-07, 1.82208026445e-07, 1.0295803321e-07, 2.35895186051e-07, 1.27489656165e-07, 8.00098547415e-08, 5.49797718463e-08, 3.68031365383e-08, 1.34856259493e-08, 9.91141924089e-09, 1.21163949984e-08, 7.92267140781e-09, 6.19010842584e-09, 6.56652510145e-09, 1.37101929809e-08, 3.96877997133e-09, 2.34217395478e-10]}, "erbbands": {"dmean": [0.210189238191, 1.63598895073, 4.62156152725, 9.1663980484, 18.2459468842, 12.3785381317, 4.62689161301, 13.681221962, 21.1203117371, 37.0982246399, 24.0664386749, 15.4469814301, 2.80437994003, 2.6547191143, 4.17701196671, 4.95104551315, 5.84646940231, 9.15472221375, 7.52117729187, 10.8788337708, 7.33800458908, 6.9669380188, 5.5069527626, 4.44204854965, 2.90549373627, 2.36616134644, 2.72032165527, 2.1391787529, 1.88712966442, 1.68386495113, 1.44992446899, 1.09922885895, 1.0859361887, 0.907734513283, 0.504673659801, 0.223540306091, 0.0799071863294, 0.0154920760542, 0.00141102017369, 0.000149881001562], "dmean2": [0.266856014729, 2.26291298866, 7.56764745712, 15.0310497284, 30.5076198578, 20.5466861725, 7.50700569153, 18.4972190857, 28.0145187378, 50.6776275635, 33.8149795532, 22.1325912476, 4.10199022293, 3.79670786858, 6.06198692322, 7.56512451172, 8.48472595215, 13.6560726166, 11.7591772079, 17.6771144867, 11.8782911301, 11.4791402817, 9.19580078125, 7.21369171143, 4.70540761948, 3.86702752113, 4.43785142899, 3.48809504509, 3.12025570869, 2.82770872116, 2.43710541725, 1.8478089571, 1.87822258472, 1.60021865368, 0.891685783863, 0.394172906876, 0.13966666162, 0.0275877676904, 0.00263310666196, 0.000275688769761], "dvar": [0.124363951385, 10.4605836868, 116.887176514, 446.591796875, 1808.64135742, 796.042358398, 121.710891724, 891.932739258, 2252.46044922, 6272.46630859, 3135.44384766, 1467.31665039, 40.3263435364, 46.5351104736, 69.5769805908, 92.8228912354, 101.086853027, 265.816009521, 167.188690186, 435.592834473, 224.448822021, 193.097015381, 141.831542969, 54.3333969116, 15.4113807678, 13.1986818314, 17.2478866577, 12.1840858459, 8.64207649231, 7.33059310913, 4.1327624321, 2.59882807732, 2.4299249649, 1.77970445156, 0.835093319416, 0.129023045301, 0.0150457294658, 0.000616731354967, 7.87007502367e-06, 7.72288544226e-08], "dvar2": [0.199676826596, 22.2407283783, 302.445373535, 1134.70373535, 4777.19189453, 2048.91455078, 302.653167725, 1497.78735352, 3920.80200195, 11903.9570312, 6210.48046875, 2855.44848633, 86.3763961792, 92.1753845215, 144.08946228, 208.272399902, 208.035568237, 585.197875977, 396.241027832, 1171.05627441, 558.899353027, 492.960784912, 380.239105225, 138.025482178, 39.4994163513, 34.104385376, 43.458278656, 29.6828403473, 21.7943820953, 19.0778694153, 9.94247913361, 6.53359270096, 6.12327575684, 4.50127315521, 2.21384191513, 0.334886431694, 0.0393547900021, 0.00161431916058, 2.16988300963e-05, 2.13878507793e-07], "max": [3.30563545227, 23.1980895996, 102.765274048, 257.451385498, 338.176300049, 315.196594238, 249.914764404, 433.13168335, 460.246582031, 732.333374023, 680.252441406, 477.003387451, 109.110404968, 102.385063171, 110.286338806, 120.100105286, 133.660720825, 277.825897217, 135.791244507, 405.337005615, 198.59526062, 290.453430176, 157.31578064, 79.1679382324, 40.7077140808, 67.5250167847, 42.3207244873, 49.1932449341, 25.330165863, 22.454782486, 15.3354816437, 11.3849258423, 11.2545251846, 7.03558397293, 5.54090738297, 1.99160838127, 0.660799324512, 0.135749712586, 0.0162932015955, 0.00165585370269], "mean": [0.349538117647, 2.23772454262, 5.02396249771, 11.8068962097, 24.2149200439, 17.1779689789, 7.22134017944, 20.6967983246, 30.1659603119, 47.8390846252, 29.2080688477, 19.2006702423, 4.69918441772, 4.86145830154, 7.20883464813, 7.71348047256, 9.43764400482, 12.6332292557, 9.69428443909, 13.3998622894, 8.35699272156, 7.89626121521, 5.84942579269, 5.05487394333, 3.65308189392, 3.14950084686, 3.4162902832, 2.73575568199, 2.33343434334, 2.01583266258, 1.72854626179, 1.2500077486, 1.02343249321, 0.799907624722, 0.419525176287, 0.185486391187, 0.067129842937, 0.0132071506232, 0.000936683034524, 0.00012396130478], "median": [0.10521774739, 0.553972423077, 2.29033756256, 6.32322406769, 8.65096378326, 5.18466424942, 3.30058813095, 4.92071962357, 5.55020618439, 8.75928592682, 4.48980951309, 2.73739814758, 1.65907108784, 1.65559220314, 1.90977454185, 2.27912020683, 3.00150442123, 3.5324640274, 2.92210674286, 4.61120510101, 2.51471853256, 2.79299283028, 2.00742769241, 1.97941935062, 1.82407236099, 1.47147977352, 1.57609331608, 1.2889752388, 1.16970598698, 0.907281339169, 0.858054995537, 0.548799574375, 0.373847603798, 0.236378982663, 0.108856528997, 0.043754786253, 0.0167308840901, 0.00325182569213, 0.000116532668471, 5.244321801e-05], "min": [1.16740044278e-21, 8.80547979229e-21, 6.51309574303e-21, 9.45878122398e-21, 3.23245995203e-20, 7.14400093651e-20, 9.78007820717e-20, 3.09010947106e-19, 4.27683034071e-19, 9.77834397132e-19, 2.06189015865e-18, 3.27112440303e-18, 4.57570796342e-18, 2.15624892587e-18, 3.64793515735e-18, 4.25467999487e-18, 8.73971903699e-18, 7.58280686148e-18, 1.040214031e-17, 5.8824167576e-18, 9.29701129519e-18, 1.10727488675e-17, 9.93532424002e-18, 1.62001552802e-17, 1.72456983396e-17, 1.49305025231e-17, 1.74244768854e-17, 2.07832321821e-17, 1.74271916921e-17, 1.9009963744e-17, 1.10752816945e-17, 1.42319154086e-17, 1.4235957013e-17, 1.6697426486e-17, 1.14884311135e-17, 5.61053613874e-18, 3.02947640838e-18, 1.17366816638e-18, 3.81108086844e-19, 3.42647064106e-20], "var": [0.317750632763, 16.5560340881, 97.1536178589, 449.742218018, 1861.21728516, 1028.29064941, 144.142944336, 1885.38500977, 4159.64990234, 9819.76074219, 4427.72021484, 2078.46557617, 83.7516326904, 106.793403625, 155.84753418, 174.19644165, 226.52532959, 505.280761719, 283.796203613, 518.472290039, 289.7159729, 223.589874268, 128.853988647, 61.713973999, 20.8896141052, 18.8889961243, 22.4665679932, 16.5341453552, 10.6252975464, 8.05312728882, 5.0366692543, 2.87926006317, 2.18664503098, 1.53181326389, 0.601183712482, 0.100304581225, 0.0118869422004, 0.000472364888992, 4.8804022299e-06, 4.75911683395e-08]}, "gfcc": {"mean": [-33.9638404846, 92.2807617188, -76.1571121216, 35.3508644104, -48.2515068054, 12.4875202179, -40.2056312561, 5.61412763596, -18.1249084473, 8.44343662262, -15.5398044586, -3.14036798477, -16.6900177002], "cov": [[12119.9697266, -7.25976037979, -908.471435547, 201.459899902, -630.636108398, 10.923157692, -567.544799805, 155.869094849, -144.516143799, 218.477081299, -266.811950684, -7.21675825119, -368.965484619], [-7.25976037979, 2282.98266602, 332.200195312, 269.732574463, 283.546813965, -50.6114616394, 232.838378906, -157.140014648, 26.6703777313, -190.02507019, 89.6990127563, -93.9661407471, 81.4350967407], [-908.471435547, 332.200195312, 1198.41052246, 188.197006226, 241.403289795, 76.4573440552, 48.2527351379, -65.0716018677, -123.71446228, -155.217041016, -36.1444587708, -49.36378479, 108.314544678], [201.459899902, 269.732574463, 188.197006226, 425.498138428, 230.380905151, 115.884025574, 60.16563797, -74.5628128052, -44.4358291626, -59.3030204773, -1.12933862209, 3.97119855881, 54.5438537598], [-630.636108398, 283.546813965, 241.403289795, 230.380905151, 437.973388672, 200.474868774, 113.707481384, -96.6628952026, -74.7143936157, -113.629096985, 7.7118897438, -4.33364057541, 87.668548584], [10.923157692, -50.6114616394, 76.4573440552, 115.884025574, 200.474868774, 210.491439819, 56.9734344482, -26.9767246246, -61.6032066345, -27.5896339417, -14.7812633514, 12.7244882584, 35.7801628113], [-567.544799805, 232.838378906, 48.2527351379, 60.16563797, 113.707481384, 56.9734344482, 191.990875244, 36.7166137695, 43.2825241089, -46.3719291687, 30.0387840271, -25.2579631805, 27.2866821289], [155.869094849, -157.140014648, -65.0716018677, -74.5628128052, -96.6628952026, -26.9767246246, 36.7166137695, 204.391204834, 114.905822754, 52.1592597961, -1.2247787714, -14.1840410233, -50.4956550598], [-144.516143799, 26.6703777313, -123.71446228, -44.4358291626, -74.7143936157, -61.6032066345, 43.2825241089, 114.905822754, 191.28338623, 102.172828674, 57.8009185791, 0.796012938023, -15.9765300751], [218.477081299, -190.02507019, -155.217041016, -59.3030204773, -113.629096985, -27.5896339417, -46.3719291687, 52.1592597961, 102.172828674, 177.126480103, 66.7880859375, 44.2725868225, -24.1424598694], [-266.811950684, 89.6990127563, -36.1444587708, -1.12933862209, 7.7118897438, -14.7812633514, 30.0387840271, -1.2247787714, 57.8009185791, 66.7880859375, 118.279045105, 53.6652336121, 28.8360557556], [-7.21675825119, -93.9661407471, -49.36378479, 3.97119855881, -4.33364057541, 12.7244882584, -25.2579631805, -14.1840410233, 0.796012938023, 44.2725868225, 53.6652336121, 101.884246826, 45.2842445374], [-368.965484619, 81.4350967407, 108.314544678, 54.5438537598, 87.668548584, 35.7801628113, 27.2866821289, -50.4956550598, -15.9765300751, -24.1424598694, 28.8360557556, 45.2842445374, 124.298561096]], "icov": [[0.00015798235836, -0.000146953010699, 0.000118836498586, -0.000252920843195, 0.000322138774209, -0.000385444232961, 0.000517237465829, -0.000365064101061, 0.000297929538647, -0.000168904603925, 0.000224422386964, -3.64812403859e-05, 0.000161267977091], [-0.000146953010699, 0.000876587117091, -0.000183313051821, -4.66102428618e-05, -0.00043801125139, 0.000883311731741, -0.000942303973716, 0.00105889036786, -0.000878154824022, 0.000982762896456, -0.00107935175765, 0.000668081222102, -5.36140505574e-05], [0.000118836498586, -0.000183313051821, 0.00125231721904, -0.000449504877906, -0.000183979602298, 4.26235819759e-05, 0.000745356082916, -0.0011017936049, 0.0012525775237, -6.35925025563e-05, -0.000201783026569, 0.00110464938916, -0.00112189329229], [-0.000252920843195, -4.66102428618e-05, -0.000449504877906, 0.00395471323282, -0.00180656288285, -5.44749600522e-05, -0.000993547961116, 0.00128830620088, -0.000984107260592, -8.26484392746e-05, 0.000668469816446, -0.000872919044923, -1.21714037959e-05], [0.000322138774209, -0.00043801125139, -0.000183979602298, -0.00180656288285, 0.00841134879738, -0.00737406313419, 0.00110538525041, 0.00149840011727, -0.00202211318538, 0.00424517737702, -0.00253081647679, 0.00108373339754, -0.000490654318128], [-0.000385444232961, 0.000883311731741, 4.26235819759e-05, -5.44749600522e-05, -0.00737406313419, 0.0147689739242, -0.00561661738902, -0.00151485169772, 0.00586380762979, -0.00664008548483, 0.00418755598366, -0.00187620974611, -0.000992816523649], [0.000517237465829, -0.000942303973716, 0.000745356082916, -0.000993547961116, 0.00110538525041, -0.00561661738902, 0.013241134584, -0.00370184937492, -0.00283371191472, 0.00556569267064, -0.00538378721103, 0.00402736337855, -0.00113574811257], [-0.000365064101061, 0.00105889036786, -0.0011017936049, 0.00128830620088, 0.00149840011727, -0.00151485169772, -0.00370184937492, 0.0124400379136, -0.00910115428269, 0.00275389268063, 0.00188022549264, -0.00229461793788, 0.00362783740275], [0.000297929538647, -0.000878154824022, 0.0012525775237, -0.000984107260592, -0.00202211318538, 0.00586380762979, -0.00283371191472, -0.00910115428269, 0.0192766450346, -0.0112223923206, -0.000725380959921, 0.0036952898372, -0.00341692566872], [-0.000168904603925, 0.000982762896456, -6.35925025563e-05, -8.26484392746e-05, 0.00424517737702, -0.00664008548483, 0.00556569267064, 0.00275389268063, -0.0112223923206, 0.0199098177254, -0.00956745166332, -0.00113767292351, 0.00281928479671], [0.000224422386964, -0.00107935175765, -0.000201783026569, 0.000668469816446, -0.00253081647679, 0.00418755598366, -0.00538378721103, 0.00188022549264, -0.000725380959921, -0.00956745166332, 0.0222314354032, -0.0105893490836, 0.000530011951923], [-3.64812403859e-05, 0.000668081222102, 0.00110464938916, -0.000872919044923, 0.00108373339754, -0.00187620974611, 0.00402736337855, -0.00229461793788, 0.0036952898372, -0.00113767292351, -0.0105893490836, 0.0217199623585, -0.00836846418679], [0.000161267977091, -5.36140505574e-05, -0.00112189329229, -1.21714037959e-05, -0.000490654318128, -0.000992816523649, -0.00113574811257, 0.00362783740275, -0.00341692566872, 0.00281928479671, 0.000530011951923, -0.00836846418679, 0.0149311339483]]}, "melbands": {"dmean": [0.00175808079075, 0.00212381687015, 0.00178323127329, 0.00115890509915, 0.000208514058613, 0.000295083737001, 0.000347881315975, 0.000370657478925, 0.000201490096515, 8.46816692501e-05, 1.24912075989e-05, 1.00844545159e-05, 1.54684494191e-05, 1.52224756675e-05, 1.56937094289e-05, 1.61816587934e-05, 1.65914552781e-05, 1.25618726088e-05, 1.73475582415e-05, 1.08137292045e-05, 8.20547120384e-06, 8.11330028228e-06, 5.09324490849e-06, 4.7823323257e-06, 3.70616066903e-06, 2.52746076512e-06, 2.19494177145e-06, 1.43114334605e-06, 2.00151794161e-06, 1.19900118989e-06, 1.29259581172e-06, 1.14051249511e-06, 1.06844424863e-06, 9.33715455176e-07, 9.57483734965e-07, 6.70865460961e-07, 6.7088723199e-07, 7.2267619089e-07, 8.97920074294e-07, 7.36350727948e-07], "dmean2": [0.00242450181395, 0.00311963981949, 0.00283116148785, 0.00194631121121, 0.000330359122017, 0.000398514064727, 0.000461765856016, 0.000509383098688, 0.000285148300463, 0.000122186669614, 1.87790610653e-05, 1.45619196701e-05, 2.18836903514e-05, 2.33909959206e-05, 2.37684744206e-05, 2.36621090153e-05, 2.50174871326e-05, 1.94354179257e-05, 2.79335308733e-05, 1.78340724233e-05, 1.31804654302e-05, 1.34031824928e-05, 8.42470944917e-06, 8.01727765065e-06, 6.05418881605e-06, 4.12119015891e-06, 3.70836914954e-06, 2.35532024817e-06, 3.28592614096e-06, 1.97967892746e-06, 2.10204802897e-06, 1.87647685834e-06, 1.82345115718e-06, 1.56249654992e-06, 1.62414869465e-06, 1.12104453365e-06, 1.12501686544e-06, 1.25093345105e-06, 1.5810799141e-06, 1.29706165808e-06], "dvar": [9.66411607806e-06, 1.87543300854e-05, 1.46922657223e-05, 7.45384068068e-06, 2.08539887581e-07, 3.89487610164e-07, 5.91076116052e-07, 6.58890940031e-07, 1.93676427784e-07, 4.3693269447e-08, 1.03241637461e-09, 6.87812862221e-10, 1.08214992522e-09, 1.74726955127e-09, 1.29244803748e-09, 8.01902877434e-10, 8.40024938498e-10, 6.76497413643e-10, 9.73232827661e-10, 4.68177274726e-10, 3.74107356205e-10, 3.0485727831e-10, 1.24383087163e-10, 7.82527306842e-11, 4.29310788308e-11, 1.48925628773e-11, 1.47264596351e-11, 6.12444340034e-12, 1.02455240472e-11, 3.43457597432e-12, 4.70387010593e-12, 2.82392490468e-12, 3.19857768744e-12, 2.19717538434e-12, 2.02930966302e-12, 8.52672099594e-13, 9.29090463418e-13, 1.05160715205e-12, 1.64874667738e-12, 1.22721245058e-12], "dvar2": [1.70584644366e-05, 4.42527089035e-05, 3.53086979885e-05, 1.98908019229e-05, 4.98881433941e-07, 6.58211718019e-07, 1.04311720861e-06, 1.28184797177e-06, 3.79792140848e-07, 8.51630304055e-08, 2.22170859487e-09, 1.37309064119e-09, 2.06929007263e-09, 3.78989950534e-09, 2.97737878796e-09, 1.6221768373e-09, 1.8891803677e-09, 1.58112578585e-09, 2.52393839162e-09, 1.25786880911e-09, 9.12433184563e-10, 7.77827968701e-10, 3.29470228877e-10, 2.07910702543e-10, 1.1133529515e-10, 3.63209150256e-11, 4.08356716497e-11, 1.59666186522e-11, 2.68577278473e-11, 8.37431513023e-12, 1.13358697429e-11, 7.05362591252e-12, 8.47445637969e-12, 5.69488380064e-12, 5.0809673309e-12, 2.08803157056e-12, 2.34805512707e-12, 2.62737878329e-12, 4.15260751133e-12, 3.14635340351e-12], "max": [0.0254780501127, 0.0382577292621, 0.0443903319538, 0.0240203328431, 0.0107881119475, 0.00976491812617, 0.0067998059094, 0.00869375839829, 0.0043284650892, 0.00263436185196, 0.000543591275346, 0.00039171957178, 0.000458486698335, 0.000627200643066, 0.000651159789413, 0.000352177070454, 0.000475926557556, 0.00028077152092, 0.000600254046731, 0.000424032157753, 0.000267926341621, 0.000363112223567, 0.000145513608004, 0.000132417771965, 7.22242839402e-05, 5.37297710252e-05, 5.51440170966e-05, 4.01303150284e-05, 3.78200602427e-05, 2.65289327217e-05, 2.7922582376e-05, 1.59205555974e-05, 1.90762784769e-05, 1.22386381918e-05, 1.06577545012e-05, 1.05085673567e-05, 6.55119583826e-06, 8.47021419759e-06, 7.37600885259e-06, 6.33132322037e-06], "mean": [0.00305208633654, 0.00278985826299, 0.00249891681597, 0.00159218034241, 0.000317052355967, 0.000449854618637, 0.00049218244385, 0.000473273132229, 0.000239995570155, 0.000106095438241, 2.00841659534e-05, 1.79521211976e-05, 2.67081486527e-05, 2.17730157601e-05, 2.31471203733e-05, 2.37861186179e-05, 2.19871690206e-05, 1.47211749209e-05, 2.04974821827e-05, 1.23703730424e-05, 8.72760119819e-06, 8.56639871927e-06, 5.31283467353e-06, 5.11400276082e-06, 3.95827782995e-06, 3.0090400287e-06, 2.65986454906e-06, 1.75849606876e-06, 2.41156408265e-06, 1.48378603626e-06, 1.58166074016e-06, 1.38110965509e-06, 1.19329854442e-06, 1.10498285721e-06, 1.06704385416e-06, 8.13890892459e-07, 7.24714368516e-07, 6.93295930887e-07, 7.63334696785e-07, 6.42517420602e-07], "median": [0.000899356091395, 0.00121611310169, 0.00123583548702, 0.000513569626492, 0.000127416366013, 0.000113203073852, 0.000100907680462, 8.75586119946e-05, 2.90013376798e-05, 1.44520436152e-05, 6.12832172919e-06, 5.71738519284e-06, 6.98060966897e-06, 4.62470597995e-06, 4.97987184644e-06, 5.88405509916e-06, 5.58353485758e-06, 2.1828050194e-06, 5.64085166843e-06, 3.11998337565e-06, 1.32954096443e-06, 2.17549541048e-06, 1.3877490801e-06, 1.60379488534e-06, 1.37108668241e-06, 1.25114968341e-06, 1.1055426512e-06, 6.76289459989e-07, 1.0323603874e-06, 5.78156175379e-07, 6.90865135766e-07, 6.70574536343e-07, 5.4620386436e-07, 4.71222648457e-07, 4.76991317555e-07, 3.75625774041e-07, 3.11540617304e-07, 2.67687426003e-07, 2.15644718082e-07, 1.79859526384e-07], "min": [1.20027214102e-23, 6.6655299169e-24, 2.50765352805e-24, 3.63664758978e-24, 3.25824659355e-24, 7.08199088801e-24, 7.48639490905e-24, 9.78282185783e-24, 1.92109434537e-23, 1.97527173462e-23, 2.32872401864e-23, 9.42410787156e-24, 9.99913619551e-24, 1.18994847612e-23, 1.62524784008e-23, 1.69101012504e-23, 1.42736365973e-23, 1.63383790425e-23, 1.33376310451e-23, 5.85283279057e-24, 1.16473151177e-23, 1.32483682783e-23, 7.90472469164e-24, 8.190940783e-24, 1.34829707783e-23, 1.7936721677e-23, 8.83846226869e-24, 9.73602741779e-24, 1.12520224401e-23, 1.09716099984e-23, 1.24176519911e-23, 9.27565056009e-24, 1.23681919901e-23, 9.12209089628e-24, 4.47578496707e-24, 1.05762644672e-23, 7.81712326584e-24, 8.92443154128e-24, 1.24369009861e-23, 1.46021372109e-23], "var": [2.34197214013e-05, 2.26554639084e-05, 1.75950317498e-05, 7.79601396061e-06, 3.1123877875e-07, 8.12107202819e-07, 1.07073026356e-06, 9.93463913801e-07, 2.76911293895e-07, 6.23624387686e-08, 2.07079842163e-09, 1.5255826602e-09, 2.62184052247e-09, 2.8413309483e-09, 2.56263055221e-09, 1.75247649725e-09, 1.54829571386e-09, 1.10848741297e-09, 1.27677490802e-09, 5.18890985735e-10, 4.69078054177e-10, 3.32854188656e-10, 1.23568918986e-10, 9.34753455195e-11, 4.48589707047e-11, 1.87616311376e-11, 1.71933248888e-11, 7.50030506452e-12, 1.21646252099e-11, 4.9144204331e-12, 6.13912219671e-12, 3.65140426575e-12, 3.19714610689e-12, 2.54830835253e-12, 2.16304318207e-12, 1.1672810071e-12, 1.00159355636e-12, 9.84814335116e-13, 1.39941248693e-12, 1.04566323048e-12]}, "mfcc": {"mean": [-690.718139648, 127.298995972, 31.3849048615, 30.0277271271, 14.843536377, 10.1665325165, -2.4659910202, -2.84205937386, -1.91861987114, 4.20755910873, 5.16446208954, 3.75262928009, 1.272159338], "cov": [[7701.36279297, -798.647583008, -573.928649902, -122.965263367, -238.958557129, -183.181411743, -329.958404541, -146.896820068, -97.4810180664, 77.258682251, 115.9815979, 111.231628418, 64.0032424927], [-798.647583008, 1720.16174316, 329.466552734, 292.590942383, 101.937568665, 142.75604248, 146.296981812, 124.454620361, 14.8736085892, -18.5389156342, -27.2132034302, -35.0826454163, -51.8778915405], [-573.928649902, 329.466552734, 739.421508789, 180.32723999, 163.278747559, 26.521276474, 104.126037598, 29.4380397797, 54.1191101074, -24.1573791504, -65.6448059082, -70.6563568115, -34.5216331482], [-122.965263367, 292.590942383, 180.32723999, 337.748657227, 151.158782959, 154.516067505, 90.6772384644, 70.8102722168, 13.3142938614, -11.196231842, -24.0031070709, -23.4314746857, -25.4572200775], [-238.958557129, 101.937568665, 163.278747559, 151.158782959, 314.296264648, 222.260498047, 150.704055786, 51.0451087952, 27.7844581604, -55.6143875122, -64.9869232178, -64.0422210693, -30.4170074463], [-183.181411743, 142.75604248, 26.521276474, 154.516067505, 222.260498047, 346.45980835, 185.467803955, 43.1306152344, 5.27322483063, -65.002784729, -70.6247024536, -62.8797645569, -36.9905509949], [-329.958404541, 146.296981812, 104.126037598, 90.6772384644, 150.704055786, 185.467803955, 224.289810181, 102.888473511, 28.9558429718, -34.1982040405, -55.6479225159, -56.2168807983, -45.1575088501], [-146.896820068, 124.454620361, 29.4380397797, 70.8102722168, 51.0451087952, 43.1306152344, 102.888473511, 150.053573608, 57.3858451843, 17.280002594, -8.38475704193, -17.626039505, -21.7904529572], [-97.4810180664, 14.8736085892, 54.1191101074, 13.3142938614, 27.7844581604, 5.27322483063, 28.9558429718, 57.3858451843, 103.283660889, 51.5182914734, -0.498141735792, -9.07056236267, -9.53149604797], [77.258682251, -18.5389156342, -24.1573791504, -11.196231842, -55.6143875122, -65.002784729, -34.1982040405, 17.280002594, 51.5182914734, 146.987518311, 81.3950576782, 43.472202301, 12.1349487305], [115.9815979, -27.2132034302, -65.6448059082, -24.0031070709, -64.9869232178, -70.6247024536, -55.6479225159, -8.38475704193, -0.498141735792, 81.3950576782, 128.020141602, 82.6936035156, 24.4090023041], [111.231628418, -35.0826454163, -70.6563568115, -23.4314746857, -64.0422210693, -62.8797645569, -56.2168807983, -17.626039505, -9.07056236267, 43.472202301, 82.6936035156, 121.828178406, 58.509563446], [64.0032424927, -51.8778915405, -34.5216331482, -25.4572200775, -30.4170074463, -36.9905509949, -45.1575088501, -21.7904529572, -9.53149604797, 12.1349487305, 24.4090023041, 58.509563446, 103.462188721]], "icov": [[0.000148872568388, 5.45899783901e-05, 7.03588229953e-05, -6.54837713228e-05, 9.27992823563e-06, -4.37304588559e-05, 0.000211638456676, -4.71759885841e-05, 0.000109841290396, -7.42101765354e-05, 2.05516953429e-05, -1.46886532093e-05, 3.44527288689e-05], [5.45899783901e-05, 0.000771098362748, -0.000286847876851, -0.000442185963038, 0.000364579987945, -0.000303984852508, 9.8496049759e-05, -0.000547864008695, 0.00034529180266, 8.65507900016e-06, -6.88895306666e-05, -9.23068728298e-05, 0.000173712847754], [7.03588229953e-05, -0.000286847876851, 0.00246202782728, -0.00142895570025, -0.00113751320168, 0.00241993181407, -0.0021101355087, 0.00227552303113, -0.00163705798332, 0.000382719328627, 0.000150895153638, 0.00080249668099, -0.000313563912641], [-6.54837713228e-05, -0.000442185963038, -0.00142895570025, 0.00583856366575, -0.00112245685887, -0.00305056595244, 0.00295637222007, -0.0036573826801, 0.00227325549349, -0.00130148942117, 0.000637483142782, -0.00129730615299, 0.000823327165563], [9.27992823563e-06, 0.000364579987945, -0.00113751320168, -0.00112245685887, 0.00770421978086, -0.00369411800057, -0.00099329627119, 2.46994204645e-05, -0.00172622036189, 0.00167610985227, -0.00100788346026, 0.001243296545, -0.00078371388372], [-4.37304588559e-05, -0.000303984852508, 0.00241993181407, -0.00305056595244, -0.00369411800057, 0.0104301590472, -0.00775303319097, 0.00532490946352, -0.00175664958078, 0.001189727569, 0.000210804399103, 0.000993620255031, -0.000600943050813], [0.000211638456676, 9.8496049759e-05, -0.0021101355087, 0.00295637222007, -0.00099329627119, -0.00775303319097, 0.0164259057492, -0.0104071162641, 0.00347474776208, -0.00117443804629, 0.00200712657534, -0.00115047232248, 0.00249026273377], [-4.71759885841e-05, -0.000547864008695, 0.00227552303113, -0.0036573826801, 2.46994204645e-05, 0.00532490946352, -0.0104071162641, 0.0168263483793, -0.00810708664358, 0.00150198931806, -0.00174072477967, 0.00127722683828, -0.00070825451985], [0.000109841290396, 0.00034529180266, -0.00163705798332, 0.00227325549349, -0.00172622036189, -0.00175664958078, 0.00347474776208, -0.00810708664358, 0.0188239850104, -0.00886936113238, 0.00501039111987, -0.00125725416001, 0.00109528261237], [-7.42101765354e-05, 8.65507900016e-06, 0.000382719328627, -0.00130148942117, 0.00167610985227, 0.001189727569, -0.00117443804629, 0.00150198931806, -0.00886936113238, 0.0156688429415, -0.010233826004, 0.00239496654831, -0.00101530901156], [2.05516953429e-05, -6.88895306666e-05, 0.000150895153638, 0.000637483142782, -0.00100788346026, 0.000210804399103, 0.00200712657534, -0.00174072477967, 0.00501039111987, -0.010233826004, 0.022192383185, -0.0125108631328, 0.00394975021482], [-1.46886532093e-05, -9.23068728298e-05, 0.00080249668099, -0.00129730615299, 0.001243296545, 0.000993620255031, -0.00115047232248, 0.00127722683828, -0.00125725416001, 0.00239496654831, -0.0125108631328, 0.0210824664682, -0.00896863546222], [3.44527288689e-05, 0.000173712847754, -0.000313563912641, 0.000823327165563, -0.00078371388372, -0.000600943050813, 0.00249026273377, -0.00070825451985, 0.00109528261237, -0.00101530901156, 0.00394975021482, -0.00896863546222, 0.0146816624328]]}, "spectral_contrast_coeffs": {"dmean": [0.0586054101586, 0.0668892338872, 0.0458449162543, 0.0405509024858, 0.0393103510141, 0.0266303811222], "dmean2": [0.0897364467382, 0.106020204723, 0.0702232792974, 0.0629491060972, 0.0612631887197, 0.0414971448481], "dvar": [0.0031606820412, 0.00434179371223, 0.00178117968608, 0.00148879981134, 0.00134670804255, 0.000636422540992], "dvar2": [0.00638371193781, 0.0105664851144, 0.00391750829294, 0.00329204276204, 0.00291185081005, 0.0013881031191], "max": [-0.252528846264, -0.362461447716, -0.459862202406, -0.516323685646, -0.560055971146, -0.591136515141], "mean": [-0.625035405159, -0.700677871704, -0.77187871933, -0.762777209282, -0.765452980995, -0.778499901295], "median": [-0.634684801102, -0.710921645164, -0.787039518356, -0.776744544506, -0.769963920116, -0.782313466072], "min": [-0.953223705292, -0.959926843643, -0.961495578289, -0.958704054356, -0.950923144817, -0.96277910471], "var": [0.00998975615948, 0.0114108482376, 0.00707215117291, 0.00627673137933, 0.00486219907179, 0.00192357786]}, "spectral_contrast_valleys": {"dmean": [0.411819428205, 0.555994570255, 0.466295033693, 0.480482518673, 0.588008701801, 0.750593423843], "dmean2": [0.671619713306, 0.881236374378, 0.727944195271, 0.703753709793, 0.846086144447, 1.07636654377], "dvar": [0.217296645045, 0.368269681931, 0.248171180487, 0.282429128885, 0.358398139477, 0.590874314308], "dvar2": [0.408701866865, 0.831012248993, 0.521202743053, 0.489793717861, 0.639239192009, 1.24431681633], "max": [-5.28595733643, -4.33846569061, -6.15504169464, -6.1910