{"lowlevel": {"average_loudness": 0.978755474091, "barkbands_crest": {"dmean": 2.85533475876, "dmean2": 4.69450283051, "dvar": 6.82797861099, "dvar2": 18.7634220123, "max": 24.2858867645, "mean": 11.2037248611, "median": 10.5388069153, "min": 3.7373714447, "var": 12.8725442886}, "barkbands_flatness_db": {"dmean": 0.0256185866892, "dmean2": 0.0377108417451, "dvar": 0.00068005383946, "dvar2": 0.00159783463459, "max": 0.34694737196, "mean": 0.151325047016, "median": 0.152810826898, "min": 0.0285041350871, "var": 0.00200191675685}, "barkbands_kurtosis": {"dmean": 4.66134500504, "dmean2": 7.95102977753, "dvar": 84.3866043091, "dvar2": 235.029693604, "max": 100.837791443, "mean": 4.83690404892, "median": 2.63401961327, "min": -1.5349997282, "var": 63.5175514221}, "barkbands_skewness": {"dmean": 0.755286753178, "dmean2": 1.18911802769, "dvar": 0.878232061863, "dvar2": 2.27873730659, "max": 8.87098121643, "mean": 1.59594142437, "median": 1.43969357014, "min": -1.05187368393, "var": 1.25382244587}, "barkbands_spread": {"dmean": 7.72161006927, "dmean2": 11.5687036514, "dvar": 131.305541992, "dvar2": 294.084350586, "max": 98.0219573975, "mean": 18.920375824, "median": 15.0682277679, "min": 1.66505873203, "var": 181.646377563}, "dissonance": {"dmean": 0.0288701504469, "dmean2": 0.0466899238527, "dvar": 0.00067042268347, "dvar2": 0.00167990184855, "max": 0.499999910593, "mean": 0.425127416849, "median": 0.428395986557, "min": 0, "var": 0.00173648050986}, "dynamic_complexity": 2.04760789871, "erbbands_crest": {"dmean": 3.61901569366, "dmean2": 5.08512306213, "dvar": 9.32694530487, "dvar2": 19.9610481262, "max": 30.841342926, "mean": 15.4538803101, "median": 15.0552911758, "min": 2.54951310158, "var": 37.0705299377}, "erbbands_flatness_db": {"dmean": 0.0239158757031, "dmean2": 0.0291351694614, "dvar": 0.000529580342118, "dvar2": 0.000864702684339, "max": 0.329377740622, "mean": 0.157830581069, "median": 0.158457368612, "min": 0.0248181857169, "var": 0.00292346673086}, "erbbands_kurtosis": {"dmean": 1.52360570431, "dmean2": 2.208340168, "dvar": 3.49144601822, "dvar2": 7.7979850769, "max": 35.8569641113, "mean": 1.90283441544, "median": 1.03868532181, "min": -1.38855528831, "var": 8.5336856842}, "erbbands_skewness": {"dmean": 0.459410518408, "dmean2": 0.654850780964, "dvar": 0.158733263612, "dvar2": 0.350657135248, "max": 4.84084749222, "mean": 0.886080980301, "median": 0.817888021469, "min": -1.30623996258, "var": 0.537531673908}, "erbbands_spread": {"dmean": 8.04811573029, "dmean2": 10.273806572, "dvar": 73.0751724243, "dvar2": 103.497192383, "max": 125.033950806, "mean": 30.2947025299, "median": 25.4475250244, "min": 3.92585515976, "var": 311.405517578}, "hfc": {"dmean": 11.1206197739, "dmean2": 13.7991352081, "dvar": 241.972869873, "dvar2": 415.40335083, "max": 130.242141724, "mean": 24.9869766235, "median": 17.1404953003, "min": 3.94508870016e-11, "var": 561.010192871}, "melbands_crest": {"dmean": 3.27176833153, "dmean2": 5.35646820068, "dvar": 8.80506896973, "dvar2": 22.3513202667, "max": 31.3031749725, "mean": 15.238781929, "median": 14.6361122131, "min": 3.76133418083, "var": 17.6224899292}, "melbands_flatness_db": {"dmean": 0.0338133051991, "dmean2": 0.0501540638506, "dvar": 0.00119726534467, "dvar2": 0.00273108342662, "max": 0.477930724621, "mean": 0.246532797813, "median": 0.245620936155, "min": 0.0540656708181, "var": 0.00274461810477}, "melbands_kurtosis": {"dmean": 8.77110671997, "dmean2": 14.1351680756, "dvar": 241.946121216, "dvar2": 628.509643555, "max": 170.518707275, "mean": 12.1072263718, "median": 6.25797605515, "min": -1.21920418739, "var": 310.830993652}, "melbands_skewness": {"dmean": 0.932736217976, "dmean2": 1.37516844273, "dvar": 1.02778363228, "dvar2": 2.26689863205, "max": 10.235203743, "mean": 2.29611086845, "median": 1.93698239326, "min": -0.904954373837, "var": 2.65901851654}, "melbands_spread": {"dmean": 5.35511541367, "dmean2": 8.33299350739, "dvar": 35.9934844971, "dvar2": 77.5636825562, "max": 76.6753692627, "mean": 15.9317731857, "median": 15.5054988861, "min": 1.15541267395, "var": 61.9501724243}, "pitch_salience": {"dmean": 0.0610317997634, "dmean2": 0.100039444864, "dvar": 0.00307783833705, "dvar2": 0.00785401370376, "max": 0.974593400955, "mean": 0.466340124607, "median": 0.458787679672, "min": 0.201883137226, "var": 0.00643730489537}, "silence_rate_20dB": {"dmean": 0, "dmean2": 0, "dvar": 0, "dvar2": 0, "max": 1, "mean": 1, "median": 1, "min": 1, "var": 0}, "silence_rate_30dB": {"dmean": 0.119778558612, "dmean2": 0.239677742124, "dvar": 0.105429649353, "dvar2": 0.211434438825, "max": 1, "mean": 0.889335989952, "median": 1, "min": 0, "var": 0.0984189063311}, "silence_rate_60dB": {"dmean": 0.00402616988868, "dmean2": 0.00704934541136, "dvar": 0.00400996254757, "dvar2": 0.0100207217038, "max": 1, "mean": 0.00251509062946, "median": 0, "min": 0, "var": 0.0025088021066}, "spectral_centroid": {"dmean": 199.139724731, "dmean2": 290.583221436, "dvar": 44683.9648438, "dvar2": 97573.84375, "max": 2834.50366211, "mean": 931.71685791, "median": 877.099609375, "min": 194.468811035, "var": 108534.148438}, "spectral_complexity": {"dmean": 2.35329651833, "dmean2": 3.59919428825, "dvar": 4.65729570389, "dvar2": 9.8091917038, "max": 30, "mean": 14.0010061264, "median": 13, "min": 0, "var": 19.95170784}, "spectral_decrease": {"dmean": 6.87595269611e-09, "dmean2": 1.11781215395e-08, "dvar": 1.45630480501e-16, "dvar2": 3.92343834753e-16, "max": -5.99488395196e-22, "mean": -1.13173772576e-08, "median": -7.93594168158e-09, "min": -7.84991982528e-08, "var": 1.31601722305e-16}, "spectral_energy": {"dmean": 0.0262693557888, "dmean2": 0.042077768594, "dvar": 0.00205606175587, "dvar2": 0.00550552643836, "max": 0.300745218992, "mean": 0.0449807941914, "median": 0.0321531333029, "min": 5.84092278735e-15, "var": 0.00195921189152}, "spectral_energyband_high": {"dmean": 0.000594077806454, "dmean2": 0.000817627704237, "dvar": 1.46729610151e-06, "dvar2": 2.75517163573e-06, "max": 0.00714007299393, "mean": 0.000858558749314, "median": 0.000175499124452, "min": 2.83008911919e-15, "var": 2.23977986025e-06}, "spectral_energyband_low": {"dmean": 0.0219448115677, "dmean2": 0.0377207882702, "dvar": 0.00184069795068, "dvar2": 0.00503763789311, "max": 0.268333464861, "mean": 0.0245197713375, "median": 0.014211001806, "min": 1.47778767813e-16, "var": 0.00136921310332}, "spectral_energyband_middle_high": {"dmean": 0.00133896735497, "dmean2": 0.00189756718464, "dvar": 2.8350757475e-06, "dvar2": 5.41198096471e-06, "max": 0.0271129179746, "mean": 0.00356723996811, "median": 0.00261318264529, "min": 1.71018662556e-15, "var": 9.66799416346e-06}, "spectral_energyband_middle_low": {"dmean": 0.00676157744601, "dmean2": 0.00923511665314, "dvar": 8.06803582236e-05, "dvar2": 0.00017003796529, "max": 0.0871779769659, "mean": 0.0179337561131, "median": 0.0140788387507, "min": 1.08425924133e-15, "var": 0.000205987234949}, "spectral_entropy": {"dmean": 0.217251092196, "dmean2": 0.265892058611, "dvar": 0.0453641414642, "dvar2": 0.0740943625569, "max": 8.50625896454, "mean": 7.07455062866, "median": 7.02188205719, "min": 5.63352680206, "var": 0.325678825378}, "spectral_flux": {"dmean": 0.0483296625316, "dmean2": 0.0753767713904, "dvar": 0.00397839257494, "dvar2": 0.00726266484708, "max": 0.448938816786, "mean": 0.103567518294, "median": 0.0737584456801, "min": 6.60050354782e-05, "var": 0.0066177546978}, "spectral_kurtosis": {"dmean": 2.04327273369, "dmean2": 3.30007863045, "dvar": 6.35891437531, "dvar2": 16.8029060364, "max": 57.8643264771, "mean": 6.32496213913, "median": 5.75866651535, "min": 0.876681566238, "var": 14.2061662674}, "spectral_rms": {"dmean": 0.00164466002025, "dmean2": 0.00242550717667, "dvar": 4.6787449719e-06, "dvar2": 1.15440843729e-05, "max": 0.0171292144805, "mean": 0.0060712909326, "median": 0.00560079561546, "min": 2.38714492617e-09, "var": 7.02318675394e-06}, "spectral_rolloff": {"dmean": 530.465026855, "dmean2": 935.545532227, "dvar": 2268762, "dvar2": 6003355.5, "max": 13565.9179688, "mean": 934.643493652, "median": 689.0625, "min": 107.666015625, "var": 1531978.75}, "spectral_skewness": {"dmean": 0.252419650555, "dmean2": 0.393403440714, "dvar": 0.0608758032322, "dvar2": 0.148750066757, "max": 5.3032245636, "mean": 1.95935440063, "median": 1.93648958206, "min": 1.02010512352, "var": 0.204797297716}, "spectral_spread": {"dmean": 926108.4375, "dmean2": 1067955.375, "dvar": 1719133798400.0, "dvar2": 2087730151420.0, "max": 27445802, "mean": 5241370, "median": 4320311.5, "min": 1149727.25, "var": 6123460493310.0}, "spectral_strongpeak": {"dmean": 0.729319870472, "dmean2": 1.19774234295, "dvar": 0.883840024471, "dvar2": 1.93858122826, "max": 6.94534921646, "mean": 1.37133026123, "median": 0.622996091843, "min": 0, "var": 1.94032216072}, "zerocrossingrate": {"dmean": 0.0160329248756, "dmean2": 0.0179751906544, "dvar": 0.000497495871969, "dvar2": 0.000658007804304, "max": 0.47021484375, "mean": 0.0540336742997, "median": 0.0400390625, "min": 0.009765625, "var": 0.00140911410563}, "barkbands": {"dmean": [0.000971138768364, 0.014784257859, 0.0064864330925, 0.00257168803364, 0.00150858564302, 0.000406344654039, 0.000604753964581, 0.00163644575514, 0.00230288226157, 0.000340609723935, 0.000368559209164, 0.000211191611015, 0.000471475126687, 0.000246770767262, 0.000261745328316, 0.000179375696462, 0.00013530846627, 5.93912300246e-05, 7.22255936125e-05, 5.43089226994e-05, 4.05086284445e-05, 3.72310205421e-05, 3.3762647945e-05, 4.60819101136e-05, 9.09128648345e-05, 0.000139057257911, 0.00023449024593], "dmean2": [0.00156017544214, 0.02612619102, 0.0110683217645, 0.00424493569881, 0.00243500433862, 0.000632046139799, 0.000822217494715, 0.00208275066689, 0.00298542901874, 0.000492424529511, 0.000496058375575, 0.000282396154944, 0.000681245932356, 0.000364844658179, 0.000425069883931, 0.000299400446238, 0.000229318640777, 9.89995096461e-05, 0.000118504845886, 8.48668059916e-05, 6.45956388325e-05, 5.45655930182e-05, 5.02984366904e-05, 6.44969913992e-05, 0.000127156585222, 0.000189896687516, 0.000338554440532], "dvar": [2.71921271633e-06, 0.000949728477281, 0.000138747622259, 2.17601136683e-05, 9.79868855211e-06, 1.1971259255e-06, 3.88163198295e-06, 1.22684186863e-05, 2.78751213045e-05, 7.54138454795e-07, 1.08078222638e-06, 1.5077553428e-07, 4.45029002094e-07, 2.53478731338e-07, 1.66885484987e-07, 7.75596120661e-08, 3.88507110927e-08, 4.16017131855e-09, 4.86416729117e-09, 5.08177677716e-09, 2.20055551559e-09, 3.34242811206e-09, 4.29517355016e-09, 7.63769580914e-09, 3.81429252627e-08, 9.46239140376e-08, 3.03514923417e-07], "dvar2": [6.88801264914e-06, 0.00264742039144, 0.00037886062637, 5.57784296689e-05, 2.41077486862e-05, 2.74361900665e-06, 7.12573410055e-06, 2.0400952053e-05, 5.37523555977e-05, 1.44771820487e-06, 2.1457431103e-06, 2.64898091018e-07, 8.24468656901e-07, 5.04695435666e-07, 3.84418370913e-07, 1.94165707512e-07, 9.52650864861e-08, 1.09802735793e-08, 1.1682099732e-08, 1.03024326847e-08, 4.31899982445e-09, 6.59434240546e-09, 1.02786978928e-08, 1.63030140499e-08, 7.34039460326e-08, 1.73978591533e-07, 6.45431157409e-07], "max": [0.0139009319246, 0.196311414242, 0.0871849954128, 0.0491232722998, 0.0319481343031, 0.0265006888658, 0.0417126342654, 0.0694633796811, 0.0708414912224, 0.0114655923098, 0.0249662790447, 0.00569698819891, 0.00813420210034, 0.00697376765311, 0.0037908537779, 0.003474336816, 0.00206037587486, 0.000611830735579, 0.000802053022198, 0.0012597781606, 0.000581959669944, 0.000486331206048, 0.000538481341209, 0.000566646747757, 0.00122180394828, 0.00180346670095, 0.00319321756251], "mean": [0.00104411388747, 0.0142127647996, 0.00755801005289, 0.00330074387603, 0.00212385482155, 0.000865056936163, 0.00155450927559, 0.00460421666503, 0.00510009471327, 0.000626366527285, 0.00064728007419, 0.000350458809407, 0.000710827298462, 0.000387832376873, 0.00037132613943, 0.000238970314967, 0.000181880110176, 8.9310502517e-05, 0.000123271383927, 0.000110205670353, 7.80388945714e-05, 7.99258705229e-05, 5.92189644522e-05, 7.89873229223e-05, 0.000108719956188, 0.000155999252456, 0.000218844987103], "median": [0.000401075085392, 0.00692163268104, 0.0042028981261, 0.00173752754927, 0.00114016747102, 0.000308090064209, 0.000190218270291, 0.000775916385464, 0.00123085151426, 0.000117261050036, 8.72956879903e-05, 0.000150916763232, 0.000299793726299, 0.000107146588562, 0.000167249323567, 0.000119045085739, 0.000102954349131, 6.47603737889e-05, 8.78650898812e-05, 6.04132947046e-05, 4.56366797152e-05, 3.16676450893e-05, 2.05613214348e-05, 1.33167768581e-05, 9.2937007139e-06, 5.2684054026e-06, 2.56587918557e-06], "min": [2.65771608801e-17, 5.17587754226e-17, 5.08274329186e-17, 6.78077005801e-17, 2.40436257779e-16, 2.88485392852e-16, 2.48200029424e-16, 1.55949154978e-16, 7.85174395814e-17, 1.17017204616e-17, 6.8182731035e-17, 2.99967030331e-16, 4.33000039793e-16, 2.40546160303e-16, 7.66306472216e-17, 5.86252281572e-17, 3.32999025638e-17, 7.52069899781e-17, 3.41378127015e-16, 1.32394862781e-16, 5.34226889294e-17, 7.61557462883e-17, 1.17311350042e-16, 2.13287197458e-16, 1.38685223262e-15, 3.96530718612e-16, 5.5327064502e-16], "var": [2.84897805614e-06, 0.000653627153952, 0.000113244692329, 2.19410521822e-05, 9.57775682764e-06, 4.55722238257e-06, 1.77220117621e-05, 5.86042297073e-05, 8.91858944669e-05, 1.9066819732e-06, 3.21743641507e-06, 3.38318187687e-07, 9.84589860309e-07, 5.51269863536e-07, 2.921597968e-07, 1.13930710199e-07, 5.88874442542e-08, 7.31814298049e-09, 1.35545796809e-08, 2.5111452473e-08, 6.64849153509e-09, 1.05474713408e-08, 6.6011196509e-09, 1.44563010451e-08, 5.18245926173e-08, 1.3104695995e-07, 3.47107885545e-07]}, "erbbands": {"dmean": [0.393104255199, 3.44599556923, 8.24656581879, 7.53309392929, 6.84471035004, 5.11328363419, 2.22881388664, 3.89144611359, 4.81793642044, 25.1520080566, 35.8025283813, 65.8103866577, 16.8729076385, 7.62976646423, 15.6158065796, 11.1954517365, 22.2113170624, 15.1725530624, 11.7116031647, 12.989159584, 7.42781543732, 5.00511407852, 4.23427677155, 2.91372060776, 3.26056838036, 2.8350675106, 2.03675055504, 1.33753287792, 1.33271682262, 1.33540308475, 0.849101245403, 0.663144111633, 0.942328751087, 0.769980192184, 0.734769761562, 0.417266488075, 0.264645278454, 0.165769711137, 0.0351027026772, 0.00290635228157], "dmean2": [0.682475745678, 6.19241428375, 14.2882518768, 12.3567018509, 10.9047737122, 8.42319011688, 3.56057238579, 6.15176677704, 7.01174736023, 32.1459579468, 44.1788024902, 84.0862503052, 23.2646789551, 11.1879453659, 21.0420684814, 14.4967308044, 31.9391174316, 22.4112071991, 18.6729927063, 21.5449886322, 12.3567438126, 8.37049198151, 7.1295542717, 4.72878503799, 5.26709461212, 4.56316328049, 3.19195151329, 2.06872320175, 1.97907435894, 2.03731131554, 1.27358794212, 0.945289731026, 1.36134672165, 1.05625879765, 1.0240329504, 0.545076072216, 0.367891401052, 0.238722965121, 0.048716314137, 0.00435146456584], "dvar": [0.553551435471, 56.1941986084, 251.332290649, 170.906158447, 169.839019775, 131.096511841, 13.9694728851, 108.556526184, 257.521697998, 3988.24536133, 6496.18359375, 22368.3378906, 1341.07629395, 658.499145508, 1607.24230957, 355.358581543, 986.872619629, 720.057250977, 546.879882812, 266.490325928, 99.4067001343, 41.5665168762, 16.1611938477, 10.1070079803, 14.9241199493, 12.1626977921, 5.88938903809, 2.45364975929, 3.95836353302, 4.9722661972, 3.04816603661, 1.43826889992, 3.57863020897, 2.45067191124, 2.51996159554, 0.739765584469, 0.356811463833, 0.146596506238, 0.0064551550895, 5.01976537635e-05], "dvar2": [1.52842760086, 157.286254883, 690.609436035, 447.21484375, 411.64932251, 336.688934326, 30.6752567291, 259.987854004, 576.652587891, 7283.04541016, 10407.6337891, 43272.6953125, 2743.83203125, 1373.32666016, 3201.30517578, 573.840820312, 1830.34436035, 1422.67590332, 1238.64477539, 639.767944336, 243.345809937, 98.2155380249, 42.1644096375, 25.341217041, 35.6473808289, 25.0457172394, 12.2904691696, 4.97576856613, 8.00396347046, 10.8984384537, 7.44902229309, 2.58141613007, 8.08587837219, 4.43550395966, 5.00765180588, 1.20792484283, 0.703516960144, 0.306595444679, 0.0126846944913, 0.000114443369966], "max": [5.52074146271, 50.6138267517, 115.469322205, 130.404205322, 160.477142334, 122.690292358, 82.4181594849, 232.068435669, 365.031524658, 1021.54473877, 1886.14050293, 2104.87597656, 499.605499268, 447.738494873, 792.148193359, 291.465118408, 341.012878418, 360.339660645, 223.316680908, 183.80418396, 128.985946655, 65.2112731934, 46.1847801208, 27.8077201843, 52.4458465576, 58.1987838745, 35.4309310913, 16.1194591522, 17.1529064178, 16.198223114, 14.5426139832, 10.9379739761, 12.6089086533, 9.86092948914, 9.89964675903, 5.93341350555, 3.43785405159, 2.2769446373, 0.464655846357, 0.0434570126235], "mean": [0.369869291782, 3.28101587296, 8.94883823395, 10.2358827591, 9.10401821136, 6.9007897377, 4.11606168747, 7.88957357407, 11.9255723953, 70.8896942139, 96.4057846069, 149.056594849, 35.6554260254, 14.6997909546, 27.4994544983, 20.8279876709, 34.6282310486, 25.4198493958, 17.5463352203, 18.4524822235, 10.842751503, 7.31906175613, 6.46788978577, 4.66034078598, 6.06785726547, 5.85715436935, 4.1019949913, 2.71586728096, 2.79031515121, 2.4777905941, 1.52077305317, 1.33001255989, 1.42951667309, 1.06816494465, 0.836645066738, 0.505947113037, 0.281161546707, 0.158577814698, 0.0353489667177, 0.00257179117762], "median": [0.162984788418, 1.55845069885, 4.92614507675, 6.60837554932, 4.71156978607, 3.31606912613, 2.05179071426, 2.60201692581, 3.43854188919, 12.6425323486, 30.7445411682, 46.1204986572, 9.89638900757, 3.75523686409, 5.94975996017, 11.7039070129, 15.1591453552, 10.8168830872, 5.37304925919, 12.1718730927, 6.77398443222, 4.62784671783, 4.91307640076, 3.24144792557, 3.88767623901, 3.30026221275, 2.09512805939, 1.51922154427, 1.19254016876, 0.885634601116, 0.515241384506, 0.313843548298, 0.200884982944, 0.120155803859, 0.0578483119607, 0.0257517583668, 0.00928534567356, 0.00289183994755, 0.000460677372757, 7.86960299592e-05], "min": [1.68019361241e-15, 1.14451854163e-14, 4.97692334664e-14, 1.5802509583e-13, 4.07626027116e-13, 8.83138722742e-13, 1.62977248884e-12, 2.56367388256e-12, 3.39819817251e-12, 3.7004657151e-12, 3.15006484439e-12, 1.88284088841e-12, 6.41270131614e-13, 9.02230059326e-13, 5.02407794187e-12, 1.36012121704e-11, 1.95815759441e-11, 1.5016181007e-11, 6.87467877764e-12, 2.84249923946e-12, 3.55750108191e-12, 1.86641284025e-12, 3.53174759403e-12, 1.37727320867e-11, 1.34387032752e-11, 6.88519857447e-12, 2.85868377581e-12, 2.56606042838e-12, 2.69438052598e-12, 1.65802733956e-12, 4.03348318287e-12, 2.31430629868e-12, 5.96508606399e-12, 1.00952805143e-11, 1.29564779044e-11, 1.87190909474e-12, 7.52276875775e-13, 3.1901702959e-13, 6.69159213175e-14, 9.97659969232e-15], "var": [0.41568389535, 37.3143692017, 187.009918213, 167.196548462, 174.707351685, 121.695335388, 34.2663345337, 365.817443848, 952.873413086, 18752.9863281, 27984.1679688, 70264.2265625, 3765.6640625, 1570.77978516, 4301.40087891, 856.168640137, 2158.43261719, 1548.78137207, 940.131713867, 377.971557617, 160.040847778, 68.8573226929, 28.4718437195, 18.1361103058, 47.6274185181, 61.4095191956, 26.8388633728, 8.439412117, 12.108959198, 10.6646566391, 4.4350028038, 3.40703392029, 5.48882961273, 3.84288311005, 3.32135105133, 1.1795425415, 0.458354562521, 0.170630529523, 0.00831565074623, 5.11017606186e-05]}, "gfcc": {"mean": [16.4515781403, 87.9018707275, -90.1466369629, 18.6054000854, -40.8695526123, 16.3921012878, -19.0917625427, 14.085231781, -10.0980672836, 7.31637096405, -19.7513599396, -12.4511137009, -21.1542835236], "cov": [[3313.29956055, -871.658691406, 803.774780273, -144.125137329, 132.800384521, 19.3733100891, 83.3064346313, 60.6039466858, -19.7013626099, 39.9569740295, -93.5030059814, -7.53694343567, -23.3644161224], [-871.658691406, 1389.70544434, -556.058898926, 172.3724823, 13.9982290268, -43.7673912048, -42.7445716858, -95.0887756348, 6.92842292786, -148.947662354, 35.2586708069, -30.3109645844, 52.5287284851], [803.774780273, -556.058898926, 953.932189941, 34.2852363586, 187.975631714, 15.5612125397, -7.21814203262, -73.7129974365, -88.4701538086, -10.8695821762, -59.7081298828, 22.6830730438, -0.221277475357], [-144.125137329, 172.3724823, 34.2852363586, 211.674560547, 37.0966377258, 20.7015285492, -31.3914375305, -26.7516479492, -16.9180030823, -19.3580474854, -9.69847869873, -15.7635202408, -5.53335237503], [132.800384521, 13.9982290268, 187.975631714, 37.0966377258, 167.119445801, 29.717962265, -1.42031013966, -37.7652816772, -6.9919295311, -20.7273426056, -10.241063118, -1.93455791473, -2.04204130173], [19.3733100891, -43.7673912048, 15.5612125397, 20.7015285492, 29.717962265, 105.961723328, 58.2579078674, 14.5445489883, -23.04529953, 4.96194887161, -4.67244720459, -7.74750995636, -22.134595871], [83.3064346313, -42.7445716858, -7.21814203262, -31.3914375305, -1.42031013966, 58.2579078674, 122.239837646, 57.6563491821, -17.5958423615, -24.5939693451, -11.6834611893, -15.7441034317, -11.8130760193], [60.6039466858, -95.0887756348, -73.7129974365, -26.7516479492, -37.7652816772, 14.5445489883, 57.6563491821, 109.450462341, 42.6442489624, 6.8357758522, -24.1029777527, -23.1163330078, -23.1784915924], [-19.7013626099, 6.92842292786, -88.4701538086, -16.9180030823, -6.9919295311, -23.04529953, -17.5958423615, 42.6442489624, 100.830734253, 49.0244293213, 3.89904594421, -13.3828363419, -8.77241134644], [39.9569740295, -148.947662354, -10.8695821762, -19.3580474854, -20.7273426056, 4.96194887161, -24.5939693451, 6.8357758522, 49.0244293213, 111.188163757, 48.0847091675, 5.69524526596, -23.4580020905], [-93.5030059814, 35.2586708069, -59.7081298828, -9.69847869873, -10.241063118, -4.67244720459, -11.6834611893, -24.1029777527, 3.89904594421, 48.0847091675, 85.7631607056, 41.6059608459, -1.30120992661], [-7.53694343567, -30.3109645844, 22.6830730438, -15.7635202408, -1.93455791473, -7.74750995636, -15.7441034317, -23.1163330078, -13.3828363419, 5.69524526596, 41.6059608459, 72.6047058105, 36.2869415283], [-23.3644161224, 52.5287284851, -0.221277475357, -5.53335237503, -2.04204130173, -22.134595871, -11.8130760193, -23.1784915924, -8.77241134644, -23.4580020905, -1.30120992661, 36.2869415283, 73.2658920288]], "icov": [[0.000430651853094, 5.92779360886e-05, -0.000291750329779, 0.000219496272621, -0.000178697708179, 0.000225883035455, -0.000269325595582, -0.00022472863202, 0.000100020544778, -0.000367365631973, 0.000401865807362, -8.7418469775e-05, 4.05963601224e-06], [5.92779360886e-05, 0.0023200486321, 0.00109394418541, -0.00136721914168, -0.0002171494707, -0.000234216175159, -9.37434742809e-05, 0.00264422548935, -0.00269412482157, 0.00519045814872, -0.00389180937782, 0.00308084441349, -0.00125553749967], [-0.000291750329779, 0.00109394418541, 0.00305016199127, -0.00124090525787, -0.00281428755261, 0.00232054898515, -0.0016980151413, 0.00236246990971, 0.00166921957862, -0.00125040824059, 0.0031223744154, -0.00214961543679, 0.00105400418397], [0.000219496272621, -0.00136721914168, -0.00124090525787, 0.00707635655999, -0.000238602704485, -0.00334797054529, 0.00443511689082, -0.00290519976988, 0.00185392354615, -0.000318548583891, -0.000572506163735, 0.00200644042343, -0.000525109062437], [-0.000178697708179, -0.0002171494707, -0.00281428755261, -0.000238602704485, 0.0117718763649, -0.00603188853711, 0.000941723235883, 0.00448546838015, -0.00776631804183, 0.00712434807792, -0.00448227673769, 0.00251021701843, 0.000177133319085], [0.000225883035455, -0.000234216175159, 0.00232054898515, -0.00334797054529, -0.00603188853711, 0.0220296122134, -0.0135616427287, 0.0024935528636, 0.00787548907101, -0.0130087789148, 0.0126678515226, -0.00971883442253, 0.00690003670752], [-0.000269325595582, -9.37434742809e-05, -0.0016980151413, 0.00443511689082, 0.000941723235883, -0.0135616427287, 0.0251449551433, -0.0152273029089, 0.00348820025101, 0.0104684978724, -0.0145195210353, 0.0123012950644, -0.00710381753743], [-0.00022472863202, 0.00264422548935, 0.00236246990971, -0.00290519976988, 0.00448546838015, 0.0024935528636, -0.0152273029089, 0.029713222757, -0.0153261497617, 0.00408135261387, 0.00817014835775, -0.00558223528787, 0.00802508369088], [0.000100020544778, -0.00269412482157, 0.00166921957862, 0.00185392354615, -0.00776631804183, 0.00787548907101, 0.00348820025101, -0.0153261497617, 0.0294546876103, -0.0206256397069, 0.00954011362046, -0.00223571411334, -0.00181519845501], [-0.000367365631973, 0.00519045814872, -0.00125040824059, -0.000318548583891, 0.00712434807792, -0.0130087789148, 0.0104684978724, 0.00408135261387, -0.0206256397069, 0.0408876128495, -0.0310709662735, 0.0171345062554, -0.00303531973623], [0.000401865807362, -0.00389180937782, 0.0031223744154, -0.000572506163735, -0.00448227673769, 0.0126678515226, -0.0145195210353, 0.00817014835775, 0.00954011362046, -0.0310709662735, 0.050346609205, -0.0347026735544, 0.0161061696708], [-8.7418469775e-05, 0.00308084441349, -0.00214961543679, 0.00200644042343, 0.00251021701843, -0.00971883442253, 0.0123012950644, -0.00558223528787, -0.00223571411334, 0.0171345062554, -0.0347026735544, 0.0455526709557, -0.0226996578276], [4.05963601224e-06, -0.00125553749967, 0.00105400418397, -0.000525109062437, 0.000177133319085, 0.00690003670752, -0.00710381753743, 0.00802508369088, -0.00181519845501, -0.00303531973623, 0.0161061696708, -0.0226996578276, 0.0283363685012]]}, "melbands": {"dmean": [0.00378124858253, 0.00447336211801, 0.00130947912112, 0.000432513566921, 9.78880052571e-05, 8.80975421751e-05, 8.21398207336e-05, 0.000292899552733, 0.000309039663989, 0.000392075278796, 7.34856876079e-05, 2.9108083254e-05, 5.2420731663e-05, 3.06846995954e-05, 3.34522119374e-05, 4.79078807984e-05, 2.84207326331e-05, 1.76039684447e-05, 1.41712307595e-05, 2.12956365431e-05, 7.37693517294e-06, 5.87133445151e-06, 5.7063548411e-06, 3.21013908433e-06, 2.47762932304e-06, 3.11911207973e-06, 1.44608372921e-06, 2.27928535423e-06, 1.34937829444e-06, 1.33834453209e-06, 8.08180743661e-07, 8.46537261623e-07, 7.98042549377e-07, 8.00440886906e-07, 5.50205982108e-07, 3.93171490032e-07, 4.54903215541e-07, 6.75409069117e-07, 6.29046098766e-07, 6.79477636822e-07], "dmean2": [0.00661232043058, 0.00780531344935, 0.00211918517016, 0.000703037076164, 0.00015623717627, 0.000137755458127, 0.000116633564176, 0.000372436654288, 0.000381567282602, 0.000506991636939, 0.000105480430648, 4.34928151662e-05, 7.10656677256e-05, 3.99852178816e-05, 4.63325595774e-05, 6.93014953868e-05, 4.20380201831e-05, 2.80400527117e-05, 2.29918132391e-05, 3.56041600753e-05, 1.23925947264e-05, 9.83875088423e-06, 9.77163836069e-06, 5.40735709365e-06, 4.0203849494e-06, 5.15170722792e-06, 2.28486442211e-06, 3.69299914382e-06, 2.09240670301e-06, 2.16745524995e-06, 1.31094873268e-06, 1.33458502205e-06, 1.24121982026e-06, 1.22207791264e-06, 8.55652558585e-07, 5.8152653537e-07, 6.46435637464e-07, 1.01641808214e-06, 8.34748675516e-07, 9.38010657592e-07], "dvar": [5.75366429985e-05, 8.09774719528e-05, 5.04068657392e-06, 8.68793392783e-07, 2.35665407189e-08, 6.51686846709e-08, 6.1947517338e-08, 4.53608635098e-07, 4.16277913473e-07, 8.51532035995e-07, 2.76878342476e-08, 1.14409157703e-08, 2.39933122259e-08, 2.83419532288e-09, 2.73731992628e-09, 5.05530506345e-09, 3.38875394412e-09, 1.19144527577e-09, 3.97442523337e-10, 7.04169000887e-10, 1.29957086759e-10, 9.65358140648e-11, 4.56592715026e-11, 1.54520927304e-11, 9.41383603015e-12, 9.49622065011e-12, 3.04129833296e-12, 9.20374280261e-12, 3.53741732087e-12, 2.38122369045e-12, 8.89784068907e-13, 1.45680386157e-12, 1.72847099047e-12, 1.715888499e-12, 1.32207179232e-12, 5.06747042332e-13, 6.5374479918e-13, 1.82554774249e-12, 1.49226637991e-12, 1.92651688873e-12], "dvar2": [0.000159885705216, 0.000223936192924, 1.28980491354e-05, 2.18684772335e-06, 5.17056797378e-08, 1.52271653064e-07, 1.29942932858e-07, 8.25103654734e-07, 6.73344800362e-07, 1.68547478552e-06, 5.89940647444e-08, 2.36267130305e-08, 4.96267062999e-08, 5.031000061e-09, 5.03578689859e-09, 9.54632461969e-09, 6.87360346419e-09, 2.69484856652e-09, 9.02831587268e-10, 1.7416689202e-09, 3.22958465526e-10, 2.32075941797e-10, 1.23626442416e-10, 4.0504651716e-11, 2.39961141235e-11, 2.36436668855e-11, 7.42565904599e-12, 1.96300840166e-11, 7.50838280439e-12, 4.89466280007e-12, 2.12076341731e-12, 3.15152851732e-12, 3.71155580228e-12, 3.79010711704e-12, 3.3443174445e-12, 1.08607990223e-12, 1.24918955388e-12, 4.32213900087e-12, 2.91883054185e-12, 3.48660228293e-12], "max": [0.0508933439851, 0.063077673316, 0.0206616017967, 0.00903290230781, 0.00218672328629, 0.00602845381945, 0.00525614013895, 0.00934526696801, 0.0141383856535, 0.0130259068683, 0.00216580182314, 0.00195841421373, 0.00375941069797, 0.000695892551448, 0.000754241540562, 0.00112626585178, 0.000823787646368, 0.000329242524458, 0.000180112518137, 0.000306157278828, 0.000115088376333, 0.000104604718217, 7.81532144174e-05, 3.30690854753e-05, 2.73824407486e-05, 3.88466287404e-05, 2.46152903856e-05, 4.91897662869e-05, 3.34660435328e-05, 1.94209897018e-05, 9.52018126554e-06, 1.03334105006e-05, 1.11179660962e-05, 9.66576408246e-06, 9.33193405217e-06, 6.07467472946e-06, 7.50592835175e-06, 8.43662746774e-06, 8.39596577862e-06, 8.67024391482e-06], "mean": [0.0036531931255, 0.00474378559738, 0.00181599508505, 0.000564051500987, 0.000175712775672, 0.000183253447176, 0.000205836375244, 0.000827618699986, 0.000796448788606, 0.000871360884048, 0.000141715354403, 5.21926267538e-05, 9.15124473977e-05, 5.44651229575e-05, 5.5888620409e-05, 7.24081692169e-05, 4.49812723673e-05, 2.56932617049e-05, 2.11025417229e-05, 2.76707942248e-05, 1.02096573755e-05, 8.00596808403e-06, 7.59308750276e-06, 4.57140413346e-06, 3.43394026459e-06, 5.07470349476e-06, 2.81185089079e-06, 4.3617906158e-06, 2.63981496573e-06, 2.12211034523e-06, 1.47432888298e-06, 1.60685442552e-06, 1.48260141941e-06, 1.35205368679e-06, 8.66183711423e-07, 7.81843766617e-07, 8.44748797135e-07, 1.02154524484e-06, 9.37889012675e-07, 8.92316450063e-07], "median": [0.00175893236883, 0.00257643125951, 0.00117116456386, 0.000296367972624, 8.91899107955e-05, 5.91033967794e-05, 4.63555224997e-05, 0.000159270333825, 0.000225650743232, 0.000202219423954, 2.80314343399e-05, 9.7469510365e-06, 1.17183535622e-05, 2.31437697948e-05, 2.54836704698e-05, 3.05142420984e-05, 1.39707099152e-05, 6.9496982178e-06, 1.10935179691e-05, 1.72054024006e-05, 5.04447098137e-06, 3.93429581891e-06, 5.3606554502e-06, 2.82663950202e-06, 1.98210091185e-06, 3.68762061953e-06, 1.65650658346e-06, 2.28562271332e-06, 1.18752848266e-06, 1.22141113934e-06, 8.22098002118e-07, 6.84635267589e-07, 5.92606056671e-07, 4.81874963043e-07, 3.07049475623e-07, 2.32836811165e-07, 1.77632387022e-07, 1.48084779994e-07, 1.13683697123e-07, 9.62891135714e-08], "min": [1.59356742055e-17, 2.25375598386e-17, 3.34995574939e-17, 4.54066238882e-17, 5.49213913068e-17, 5.76887405898e-17, 5.21019197192e-17, 3.94394488284e-17, 2.41527871489e-17, 1.06399017965e-17, 2.77111440226e-18, 2.74897284522e-18, 1.23123021764e-17, 2.93943130533e-17, 4.3215012164e-17, 4.13801998339e-17, 2.61258329399e-17, 1.20280547938e-17, 4.89326384135e-18, 3.25270639952e-18, 4.42543778385e-18, 1.96170990107e-18, 2.0457688221e-18, 3.69653904937e-18, 1.19747893255e-17, 1.35644377297e-17, 5.55955823836e-18, 4.29495335095e-18, 1.81843911705e-18, 1.21872272979e-18, 1.80061813114e-18, 1.971679909e-18, 7.95260436498e-19, 9.23059841137e-19, 2.42514900619e-18, 1.54789418808e-18, 1.30428215645e-18, 4.09528766751e-18, 4.92268127907e-18, 8.70062730843e-18], "var": [4.09229905927e-05, 5.76288657612e-05, 5.007585969e-06, 7.77042828304e-07, 5.25199155277e-08, 2.33992906828e-07, 2.58429480482e-07, 2.19172784455e-06, 1.77052459094e-06, 2.68856865659e-06, 7.1309472105e-08, 2.6787295937e-08, 6.88321648568e-08, 6.91294221866e-09, 6.10812733726e-09, 1.10849880386e-08, 7.12317138607e-09, 2.07328465507e-09, 7.03997526941e-10, 1.01758046434e-09, 1.98970784293e-10, 1.48648135467e-10, 6.29412424957e-11, 2.52667765183e-11, 1.545159313e-11, 2.45883331057e-11, 1.18877659452e-11, 4.11964351521e-11, 1.5418746141e-11, 5.63299190279e-12, 2.77558249821e-12, 4.17451446674e-12, 3.920901364e-12, 3.32734122373e-12, 1.63558186092e-12, 1.04637359975e-12, 1.53711266805e-12, 2.76977486086e-12, 2.54334400762e-12, 2.92663007544e-12]}, "mfcc": {"mean": [-646.02734375, 130.448822021, 13.9127988815, 20.2124137878, 5.53437757492, 11.28602314, 4.12926864624, 4.51771306992, 10.7107086182, 16.1140232086, 11.3845205307, 7.15588188171, 0.887331366539], "cov": [[2126.8359375, -356.007781982, 212.446228027, -60.8938522339, 59.1112518311, -47.1053237915, 63.1643562317, 43.9711074829, 120.904823303, 51.4155693054, -7.96140241623, -55.678237915, 43.3340644836], [-356.007781982, 822.871154785, -198.923660278, 78.9907455444, 26.6967754364, 37.9019737244, -33.1600379944, 37.6542015076, -65.1627197266, -37.43151474, -55.7513885498, -69.4468383789, -63.6229972839], [212.446228027, -198.923660278, 478.161407471, 103.06980896, 116.315544128, 66.8019943237, 67.7724685669, -20.1162204742, -1.18618142605, -53.3091316223, -18.494102478, -26.8481674194, -29.1217308044], [-60.8938522339, 78.9907455444, 103.06980896, 166.555175781, 87.4192810059, 26.4823150635, -16.1801643372, -7.67222547531, -9.19847679138, -16.4441890717, -18.611125946, -15.1334867477, -20.9183082581], [59.1112518311, 26.6967754364, 116.315544128, 87.4192810059, 165.697113037, 59.0460205078, -16.1010456085, -20.4520587921, -4.41954374313, -24.4911689758, -8.46606063843, -4.39290952682, 9.37573242188], [-47.1053237915, 37.9019737244, 66.8019943237, 26.4823150635, 59.0460205078, 107.526802063, 52.6935882568, -5.42108678818, -18.8962535858, -18.2394142151, -1.73833823204, 1.43812143803, -1.24221849442], [63.1643562317, -33.1600379944, 67.7724685669, -16.1801643372, -16.1010456085, 52.6935882568, 136.253112793, 53.206363678, -1.97927320004, -4.87587594986, 3.48824453354, -14.5395927429, -29.5105762482], [43.9711074829, 37.6542015076, -20.1162204742, -7.67222547531, -20.4520587921, -5.42108678818, 53.206363678, 100.878723145, 37.8513755798, 5.69117259979, -3.97888016701, -24.3491268158, -35.8429718018], [120.904823303, -65.1627197266, -1.18618142605, -9.19847679138, -4.41954374313, -18.8962535858, -1.97927320004, 37.8513755798, 88.4804611206, 43.6008682251, 0.494960069656, -7.87804460526, -11.1088895798], [51.4155693054, -37.43151474, -53.3091316223, -16.4441890717, -24.4911689758, -18.2394142151, -4.87587594986, 5.69117259979, 43.6008682251, 94.9115142822, 48.0241088867, 5.27042961121, -4.46504306793], [-7.96140241623, -55.7513885498, -18.494102478, -18.611125946, -8.46606063843, -1.73833823204, 3.48824453354, -3.97888016701, 0.494960069656, 48.0241088867, 88.3014755249, 41.700630188, 2.52328085899], [-55.678237915, -69.4468383789, -26.8481674194, -15.1334867477, -4.39290952682, 1.43812143803, -14.5395927429, -24.3491268158, -7.87804460526, 5.27042961121, 41.700630188, 95.0764541626, 64.5517883301], [43.3340644836, -63.6229972839, -29.1217308044, -20.9183082581, 9.37573242188, -1.24221849442, -29.5105762482, -35.8429718018, -11.1088895798, -4.46504306793, 2.52328085899, 64.5517883301, 131.516403198]], "icov": [[0.000640947953798, 9.24254127312e-05, -0.000215818770812, 0.000386661675293, -0.0005876312498, 0.000751318468247, -0.000591412186623, 0.000116560862807, -0.000667066255119, -9.04179323697e-05, -0.000177368085133, 0.000823253241833, -0.000664802733809], [9.24254127312e-05, 0.00220164051279, 0.00117405923083, -0.000975415401626, -0.000240718320129, -0.0014804166276, 0.00128608650994, -0.00185514800251, 0.00228656223044, -0.000464077922516, 0.00105658743996, 0.000881957123056, 0.000649839115795], [-0.000215818770812, 0.00117405923083, 0.00459597678855, -0.00252047949471, -0.00151783903129, -0.000100214376289, -0.00293817860074, 0.0026778804604, -0.0018648338737, 0.00355009827763, -0.00149762281217, 0.00169997813646, 0.000591011543293], [0.000386661675293, -0.000975415401626, -0.00252047949471, 0.0108667640015, -0.00481502665207, 0.000930050387979, 0.00192088261247, -0.00188469875138, 0.0025649885647, -0.00384194031358, 0.00380887486972, -0.0025769197382, 0.00211840984412], [-0.0005876312498, -0.000240718320129, -0.00151783903129, -0.00481502665207, 0.0137048335746, -0.00812169909477, 0.005271284841, -0.000390948989661, -0.00242024101317, 0.00348726590164, -0.00357115152292, 0.0024175173603, -0.00220634392463], [0.000751318468247, -0.0014804166276, -0.000100214376289, 0.000930050387979, -0.00812169909477, 0.0205577239394, -0.0120993079618, 0.00611990690231, -0.00149665842764, 0.000789581099525, -0.000175387060153, -0.00114199228119, -0.000647583976388], [-0.000591412186623, 0.00128608650994, -0.00293817860074, 0.00192088261247, 0.005271284841, -0.0120993079618, 0.0202647242695, -0.0131294224411, 0.00784905161709, -0.00415901839733, 0.00215169042349, -0.00120339042041, 0.0020219492726], [0.000116560862807, -0.00185514800251, 0.0026778804604, -0.00188469875138, -0.000390948989661, 0.00611990690231, -0.0131294224411, 0.0240637138486, -0.0150557104498, 0.00910751149058, -0.00603653909639, 0.00391373410821, 0.000287500850391], [-0.000667066255119, 0.00228656223044, -0.0018648338737, 0.0025649885647, -0.00242024101317, -0.00149665842764, 0.00784905161709, -0.0150557104498, 0.0292800161988, -0.0185263976455, 0.0132117243484, -0.00662816222757, 0.00398143334314], [-9.04179323697e-05, -0.000464077922516, 0.00355009827763, -0.00384194031358, 0.00348726590164, 0.000789581099525, -0.00415901839733, 0.00910751149058, -0.0185263976455, 0.0301327686757, -0.0204604472965, 0.0102586336434, -0.00389646179974], [-0.000177368085133, 0.00105658743996, -0.00149762281217, 0.00380887486972, -0.00357115152292, -0.000175387060153, 0.00215169042349, -0.00603653909639, 0.0132117243484, -0.0204604472965, 0.0308394432068, -0.0174952633679, 0.00835112854838], [0.000823253241833, 0.000881957123056, 0.00169997813646, -0.0025769197382, 0.0024175173603, -0.00114199228119, -0.00120339042041, 0.00391373410821, -0.00662816222757, 0.0102586336434, -0.0174952633679, 0.0279462300241, -0.0128572406247], [-0.000664802733809, 0.000649839115795, 0.000591011543293, 0.00211840984412, -0.00220634392463, -0.000647583976388, 0.0020219492726, 0.000287500850391, 0.00398143334314, -0.00389646179974, 0.00835112854838, -0.0128572406247, 0.0156425405294]]}, "spectral_contrast_coeffs": {"dmean": [0.0513826459646, 0.0498446933925, 0.0505939349532, 0.0477614253759, 0.0327342785895, 0.0228077080101], "dmean2": [0.0824239253998, 0.0767596587539, 0.0740163996816, 0.0738882049918, 0.0506807975471, 0.0345645099878], "dvar": [0.00200358591974, 0.0018741072854, 0.00195567822084, 0.00181809300557, 0.000944943982176, 0.00060442276299], "dvar2": [0.00478752749041, 0.004716666881, 0.00456543499604, 0.00412015989423, 0.00208069034852, 0.00108015944716], "max": [-0.415911614895, -0.407284736633, -0.37305688858, -0.494456201792, -0.554413080215, -0.538535654545], "mean": [-0.675965249538, -0.654106378555, -0.658948302269, -0.68137049675, -0.725535213947, -0.738024055958], "median": [-0.679778695107, -0.657656311989, -0.659994363785, -0.676274955273, -0.72697532177, -0.75475782156], "min": [-0.929544568062, -0.965407371521, -0.979482591152, -0.98251581192, -0.976191222668, -0.976463019848], "var": [0.0050178761594, 0.00794247444719, 0.00743612507358, 0.00464544305578, 0.00345454597846, 0.00385952717625]}, "spectral_contrast_valleys": {"dmean": [0.537253499031, 0.428758144379, 0.446330964565, 0.447364330292, 0.359156012535, 0.422893047333], "dmean2": [0.815277338028, 0.651505172253, 0.669094026089, 0.655952632427, 0.473396986723, 0.468656569719], "dvar": [0.299981713295, 0.208907157183, 0.247977122664, 0.254777282476, 0.196459144354, 0.28987288475], "dvar2": [0.543950617313, 0.384958058596, 0.474483460188, 0.483590722084, 0.309753954411, 0.379060477018], "max": [-4.8558011055, -5.0904045105, -5.46392393112, -6.35194396973, -6.68007993698, -8.34319877625], "mean": [-6.75105524063, -7.0646481514, -7.93791627884, -8.515823