{"lowlevel": {"average_loudness": 0.720737636089, "barkbands_crest": {"dmean": 1.97722685337, "dmean2": 3.01776051521, "dvar": 5.07845687866, "dvar2": 11.4638319016, "max": 26.1438732147, "mean": 14.0113172531, "median": 13.1842241287, "min": 2.64083456993, "var": 29.0653591156}, "barkbands_flatness_db": {"dmean": 0.0262484587729, "dmean2": 0.0364984273911, "dvar": 0.00122997991275, "dvar2": 0.00218359520659, "max": 0.817693889141, "mean": 0.268945872784, "median": 0.238450586796, "min": 0.0185170415789, "var": 0.0157359857112}, "barkbands_kurtosis": {"dmean": 25.3299789429, "dmean2": 36.9661941528, "dvar": 11294.3369141, "dvar2": 23655.0898438, "max": 3700.94848633, "mean": 65.6429977417, "median": 14.0255393982, "min": -1.98437440395, "var": 44999.2382812}, "barkbands_skewness": {"dmean": 1.05033135414, "dmean2": 1.50646519661, "dvar": 3.42314791679, "dvar2": 7.04263591766, "max": 44.3272781372, "mean": 4.09405374527, "median": 3.13349938393, "min": -7.69500160217, "var": 19.2438526154}, "barkbands_spread": {"dmean": 5.65608263016, "dmean2": 8.6817035675, "dvar": 139.030899048, "dvar2": 300.457519531, "max": 134.551681519, "mean": 16.5886650085, "median": 9.24530124664, "min": 0.0400900803506, "var": 436.396453857}, "dissonance": {"dmean": 0.0323082022369, "dmean2": 0.0524266585708, "dvar": 0.00122011499479, "dvar2": 0.00288872839883, "max": 0.499999970198, "mean": 0.408015042543, "median": 0.419293612242, "min": 0.0907033607364, "var": 0.00432399613783}, "dynamic_complexity": 6.49809551239, "erbbands_crest": {"dmean": 2.55121827126, "dmean2": 3.99447464943, "dvar": 6.96378803253, "dvar2": 16.2691669464, "max": 31.6343860626, "mean": 12.5850982666, "median": 12.1539926529, "min": 2.30707859993, "var": 27.6934223175}, "erbbands_flatness_db": {"dmean": 0.0201886892319, "dmean2": 0.0288172438741, "dvar": 0.000567376962863, "dvar2": 0.00111770583317, "max": 0.566705465317, "mean": 0.196381986141, "median": 0.176850512624, "min": 0.0255973227322, "var": 0.00781892612576}, "erbbands_kurtosis": {"dmean": 5.29507541656, "dmean2": 8.10565280914, "dvar": 155.912384033, "dvar2": 337.689117432, "max": 390.106628418, "mean": 15.3479309082, "median": 3.92579603195, "min": -1.93598163128, "var": 1085.63867188}, "erbbands_skewness": {"dmean": 0.620415091515, "dmean2": 0.888631701469, "dvar": 0.661276876926, "dvar2": 1.21349513531, "max": 15.5000686646, "mean": 1.98598182201, "median": 1.62212145329, "min": -8.78329753876, "var": 5.32796001434}, "erbbands_spread": {"dmean": 11.8702926636, "dmean2": 18.2130088806, "dvar": 369.449981689, "dvar2": 875.921386719, "max": 225.144607544, "mean": 41.7452888489, "median": 34.5004119873, "min": 0.71751511097, "var": 1240.84082031}, "hfc": {"dmean": 9.3957824707, "dmean2": 13.5685338974, "dvar": 3423.44946289, "dvar2": 6734.61425781, "max": 2241.06347656, "mean": 20.7301044464, "median": 4.79093933105, "min": 1.07416383944e-16, "var": 6254.87158203}, "melbands_crest": {"dmean": 2.4520316124, "dmean2": 3.64518237114, "dvar": 6.70849180222, "dvar2": 16.1370716095, "max": 34.2718658447, "mean": 17.811548233, "median": 17.2005939484, "min": 1.58573043346, "var": 41.8274459839}, "melbands_flatness_db": {"dmean": 0.0301160681993, "dmean2": 0.0404501520097, "dvar": 0.001774239121, "dvar2": 0.00312457606196, "max": 0.997317194939, "mean": 0.361420303583, "median": 0.326124846935, "min": 0.00283138570376, "var": 0.0254082959145}, "melbands_kurtosis": {"dmean": 26.7097377777, "dmean2": 40.9426994324, "dvar": 4808.82373047, "dvar2": 11127.0419922, "max": 2338, "mean": 59.5596199036, "median": 31.7664909363, "min": -1.95208191872, "var": 11152.453125}, "melbands_skewness": {"dmean": 1.11764478683, "dmean2": 1.67718982697, "dvar": 2.75309085846, "dvar2": 6.38798761368, "max": 33.2911262512, "mean": 4.31479454041, "median": 3.85232424736, "min": -2.93197464943, "var": 9.99464035034}, "melbands_spread": {"dmean": 5.87644577026, "dmean2": 8.87005901337, "dvar": 402.647521973, "dvar2": 801.859985352, "max": 320.529754639, "mean": 16.1589450836, "median": 5.32753992081, "min": 0.149520084262, "var": 1333.24316406}, "pitch_salience": {"dmean": 0.0579735264182, "dmean2": 0.088733561337, "dvar": 0.0050212922506, "dvar2": 0.0114092202857, "max": 0.940441191196, "mean": 0.478095978498, "median": 0.485158413649, "min": 0.0303988251835, "var": 0.0248451419175}, "silence_rate_20dB": {"dmean": 0.00567449070513, "dmean2": 0.0113504454494, "dvar": 0.00564162665978, "dvar2": 0.0150915998966, "max": 1, "mean": 0.996131539345, "median": 1, "min": 0, "var": 0.00385365798138}, "silence_rate_30dB": {"dmean": 0.0273407269269, "dmean2": 0.0546885058284, "dvar": 0.0265933219343, "dvar2": 0.0550512112677, "max": 1, "mean": 0.945325613022, "median": 1, "min": 0, "var": 0.0516863577068}, "silence_rate_60dB": {"dmean": 0.0348207391798, "dmean2": 0.0696504563093, "dvar": 0.0336053706706, "dvar2": 0.0727949738503, "max": 1, "mean": 0.234945192933, "median": 0, "min": 0, "var": 0.179737836123}, "spectral_centroid": {"dmean": 178.788879395, "dmean2": 259.757781982, "dvar": 247860.734375, "dvar2": 440897.96875, "max": 11882.2988281, "mean": 931.962036133, "median": 415.456634521, "min": 60.990146637, "var": 3417614}, "spectral_complexity": {"dmean": 1.30203771591, "dmean2": 2.13749527931, "dvar": 10.3938207626, "dvar2": 26.8112201691, "max": 44, "mean": 5.56428098679, "median": 5, "min": 0, "var": 20.3058795929}, "spectral_decrease": {"dmean": 2.68279753968e-09, "dmean2": 3.52499829326e-09, "dvar": 8.04480592788e-17, "dvar2": 1.63445873017e-16, "max": 5.99537031132e-10, "mean": -6.95855195687e-09, "median": -3.10264614001e-09, "min": -1.52658671482e-07, "var": 1.75312367857e-16}, "spectral_energy": {"dmean": 0.0107739465311, "dmean2": 0.0143114561215, "dvar": 0.00118988321628, "dvar2": 0.00242696842179, "max": 0.583243906498, "mean": 0.0281433928758, "median": 0.0129727879539, "min": 1.00798484612e-20, "var": 0.0026062480174}, "spectral_energyband_high": {"dmean": 0.000816845567897, "dmean2": 0.00118625664618, "dvar": 3.29475114995e-05, "dvar2": 6.43032835796e-05, "max": 0.199426710606, "mean": 0.00149924680591, "median": 7.12495821062e-05, "min": 6.88812844677e-21, "var": 6.16740435362e-05}, "spectral_energyband_low": {"dmean": 0.00696072680876, "dmean2": 0.00885790586472, "dvar": 0.00105496670585, "dvar2": 0.0021458005067, "max": 0.49328905344, "mean": 0.0139202261344, "median": 0.00191398349125, "min": 1.5906069067e-23, "var": 0.00211871345527}, "spectral_energyband_middle_high": {"dmean": 0.000468243291834, "dmean2": 0.000702478224412, "dvar": 4.13221960116e-06, "dvar2": 9.41698999668e-06, "max": 0.0571615993977, "mean": 0.000943728315178, "median": 7.18437149771e-05, "min": 1.1162287398e-21, "var": 9.76028240984e-06}, "spectral_energyband_middle_low": {"dmean": 0.0039700823836, "dmean2": 0.00589533429593, "dvar": 8.06978932815e-05, "dvar2": 0.000184819669812, "max": 0.226675972342, "mean": 0.0123390061781, "median": 0.00530499266461, "min": 1.50407110576e-22, "var": 0.000308990653139}, "spectral_entropy": {"dmean": 0.249355211854, "dmean2": 0.349276810884, "dvar": 0.112024709582, "dvar2": 0.197165310383, "max": 9.82195091248, "mean": 6.6467590332, "median": 6.80076551437, "min": 3.38555216789, "var": 1.58656942844}, "spectral_flux": {"dmean": 0.0231446828693, "dmean2": 0.036597263068, "dvar": 0.00324484240264, "dvar2": 0.00599138531834, "max": 0.670897185802, "mean": 0.0533911734819, "median": 0.0344464108348, "min": 6.42066608214e-11, "var": 0.00559149635956}, "spectral_kurtosis": {"dmean": 4.55418395996, "dmean2": 6.80318689346, "dvar": 390.137756348, "dvar2": 1015.60333252, "max": 1013.85626221, "mean": 13.4320707321, "median": 3.97728443146, "min": -1.60023379326, "var": 1029.1628418}, "spectral_rms": {"dmean": 0.000711983710062, "dmean2": 0.000923621293623, "dvar": 2.37610493059e-06, "dvar2": 4.40569419879e-06, "max": 0.0238541066647, "mean": 0.00407430203632, "median": 0.00355758029036, "min": 3.13592055969e-12, "var": 1.08571466626e-05}, "spectral_rolloff": {"dmean": 504.703613281, "dmean2": 873.874206543, "dvar": 2745428, "dvar2": 5809792.5, "max": 19853.6132812, "mean": 1633.57678223, "median": 366.064453125, "min": 64.599609375, "var": 14317474}, "spectral_skewness": {"dmean": 0.404622405767, "dmean2": 0.568667590618, "dvar": 0.521645724773, "dvar2": 1.07656979561, "max": 27.5582370758, "mean": 2.62382006645, "median": 2.00661087036, "min": -0.980429470539, "var": 4.55691576004}, "spectral_spread": {"dmean": 1029959.9375, "dmean2": 1526434, "dvar": 2357724708860.0, "dvar2": 4950653927420.0, "max": 48809652, "mean": 8118703.5, "median": 7575254.5, "min": 164140.609375, "var": 39681395785700.0}, "spectral_strongpeak": {"dmean": 0.272347569466, "dmean2": 0.432802587748, "dvar": 0.912635982037, "dvar2": 2.27358675003, "max": 29.0110301971, "mean": 0.71693444252, "median": 0.348141252995, "min": 0, "var": 1.50414335728}, "zerocrossingrate": {"dmean": 0.0137863568962, "dmean2": 0.0153841031715, "dvar": 0.000584572961088, "dvar2": 0.000584195717238, "max": 0.53271484375, "mean": 0.0737427473068, "median": 0.04150390625, "min": 0.001953125, "var": 0.00999878533185}, "barkbands": {"dmean": [0.000170837316546, 0.00555420806631, 0.00232024374418, 0.000823290669359, 0.00220905733295, 0.000630787108094, 0.00080288562458, 0.000646967499051, 7.67435121816e-05, 8.01882633823e-05, 7.99619519967e-05, 0.000126384242321, 5.01443064422e-05, 4.60337396362e-05, 4.51394371339e-05, 5.93814474996e-05, 3.56397722499e-05, 7.07834915374e-05, 1.82214189408e-05, 3.21836087096e-05, 3.82469042961e-05, 7.0291411248e-05, 0.000151269035996, 0.000271564233117, 0.000246707641054, 0.00014515616931, 3.04800232698e-05], "dmean2": [0.00020980136469, 0.00669091288, 0.00438060890883, 0.00144530378748, 0.00328784249723, 0.000947070773691, 0.00114810257219, 0.000866915448569, 0.000108990832814, 0.000113961104944, 0.000125227641547, 0.000207190329093, 7.79651236371e-05, 6.72589885653e-05, 7.09188607289e-05, 9.31683025556e-05, 5.47087183804e-05, 0.000107931875391, 3.19218415825e-05, 5.56327286176e-05, 6.44095052849e-05, 0.000108239102701, 0.000223636729061, 0.000391236913856, 0.000356920005288, 0.000213026403799, 4.73515319754e-05], "dvar": [7.28882071144e-07, 0.000668816559482, 0.000220586720388, 1.14833374028e-05, 2.81452121271e-05, 4.21512095272e-06, 6.51221898806e-06, 7.79686160968e-06, 1.8241644284e-07, 4.45737128985e-07, 2.34698646295e-07, 5.17746684636e-07, 6.99610822608e-08, 9.38583610832e-08, 4.52096102777e-08, 4.86385296483e-08, 2.22203571099e-08, 7.45898915966e-08, 1.42846223739e-08, 3.74803228453e-08, 4.98258110326e-08, 1.21207662573e-07, 8.51187110129e-07, 4.6154445954e-06, 5.15335432283e-06, 1.93779669644e-06, 1.04537683399e-07], "dvar2": [1.53009023052e-06, 0.00123898987658, 0.000649846857414, 3.32221388817e-05, 6.39803620288e-05, 9.19992362469e-06, 1.34797792271e-05, 1.15543261927e-05, 3.45122145973e-07, 7.16070076123e-07, 5.80030018682e-07, 1.28668921207e-06, 1.52705624146e-07, 1.93224067857e-07, 1.07133772076e-07, 1.13744228258e-07, 4.7390820157e-08, 1.63510847528e-07, 4.12957632534e-08, 1.06434463021e-07, 1.39896471296e-07, 2.80199969893e-07, 1.5856534219e-06, 1.02991934909e-05, 1.06131383291e-05, 4.4878074732e-06, 2.79626846122e-07], "max": [0.0140316523612, 0.41988325119, 0.234590470791, 0.0711309611797, 0.138554275036, 0.0654577836394, 0.0884031951427, 0.130671441555, 0.0186133664101, 0.0346492156386, 0.0201802682132, 0.0184646584094, 0.0102338967845, 0.0200571976602, 0.00734855094925, 0.0053088394925, 0.00769237196073, 0.00951554812491, 0.0021816783119, 0.00339697883464, 0.00473948800936, 0.0137406680733, 0.0490688383579, 0.101956449449, 0.106100544333, 0.0817403122783, 0.0183518193662], "mean": [0.000272020086413, 0.0103807607666, 0.0027165170759, 0.00111606484279, 0.0062787537463, 0.00158089876641, 0.00182388583198, 0.00138988753315, 0.000135647846037, 0.00013396218128, 0.000110712600872, 0.000145538084325, 6.4726715209e-05, 6.91106397426e-05, 6.4520543674e-05, 0.000107930507511, 6.65421102894e-05, 0.000148803082993, 1.90562222997e-05, 3.69797016901e-05, 4.66662568215e-05, 9.64107530308e-05, 0.000257608189713, 0.000437556998804, 0.000372670037905, 0.000225240990403, 4.49049475719e-05], "median": [1.70546428535e-07, 0.000154927620315, 0.000500390946399, 0.000210092010093, 0.00189580081496, 0.00024879979901, 0.000115947543236, 3.94321796193e-05, 4.12539338868e-06, 1.97121858037e-06, 3.8857265281e-06, 5.71786722503e-06, 2.40248573391e-06, 3.57857652489e-06, 3.319758207e-06, 1.53977475748e-06, 1.52514360252e-06, 2.17044271267e-06, 1.18107118396e-06, 1.10947632948e-06, 8.74500585724e-07, 1.82821463568e-06, 6.54196946925e-06, 1.56134901772e-05, 1.14078366096e-05, 8.99981205293e-06, 1.54984365963e-06], "min": [6.89551267492e-26, 1.43400949731e-24, 9.93655901534e-25, 4.22303620101e-25, 3.37314990363e-24, 4.80748835594e-24, 6.03085227004e-24, 2.12321715425e-24, 1.08268453449e-23, 1.75945295936e-23, 9.67406476027e-24, 2.19932274674e-23, 2.95964771312e-23, 2.7600012175e-23, 4.12918575439e-23, 3.71331311574e-23, 3.85942151498e-23, 7.56373909204e-23, 1.01712235199e-22, 1.70932880055e-22, 2.67747418681e-22, 2.92384062243e-22, 3.74821465721e-22, 5.77226765694e-22, 7.9918097291e-22, 1.25499575965e-21, 1.82741140783e-21], "var": [1.33410333092e-06, 0.00149872153997, 0.000124785539811, 9.18140267459e-06, 9.8592521681e-05, 1.1788763004e-05, 2.52342106251e-05, 3.45753796864e-05, 5.22211564657e-07, 1.45377089211e-06, 4.50892116532e-07, 7.05282843683e-07, 1.41612659377e-07, 1.83522388397e-07, 8.24983530379e-08, 1.35853440497e-07, 6.87127013066e-08, 2.73616450386e-07, 8.7588443165e-09, 3.01151494853e-08, 4.00827921965e-08, 1.75492175458e-07, 1.91421918316e-06, 7.49208720663e-06, 7.95723371994e-06, 2.19670982915e-06, 8.56922284243e-08]}, "erbbands": {"dmean": [0.214388817549, 1.23577058315, 2.80110621452, 2.63512825966, 3.91639399529, 9.38719272614, 9.63519191742, 4.0301527977, 5.18507051468, 20.8334026337, 9.97022819519, 2.05377721786, 1.90734994411, 2.92480945587, 3.53043675423, 4.87830686569, 2.45139074326, 1.86768877506, 2.4707877636, 2.16875243187, 3.5235953331, 1.89683306217, 4.0655207634, 1.33662712574, 0.917676270008, 1.47434449196, 1.38149833679, 1.56861174107, 1.73741352558, 4.6796040535, 4.16975831985, 5.35529088974, 4.651720047, 2.97985577583, 1.63744950294, 0.810458660126, 0.235491231084, 0.0528398603201, 0.00510629732162, 0.000179297334398], "dmean2": [0.243639722466, 1.72682094574, 5.18740463257, 4.7852935791, 6.24482536316, 13.8295555115, 14.311258316, 5.93221521378, 7.26775836945, 29.3632202148, 12.7207508087, 2.76052951813, 2.71461796761, 4.37788677216, 5.42506170273, 8.14241504669, 3.75895404816, 2.78197574615, 3.66621828079, 3.35300683975, 5.61002397537, 2.91900587082, 6.16656255722, 2.21588587761, 1.58599042892, 2.5054192543, 2.27452373505, 2.66735076904, 2.60693311691, 7.223341465, 6.01132917404, 7.67252969742, 6.86717987061, 4.32026290894, 2.4495010376, 1.22177457809, 0.350472062826, 0.0810548812151, 0.00798813812435, 0.000266286602709], "dvar": [0.977596580982, 38.6778831482, 319.676116943, 183.525527954, 126.892219543, 485.980957031, 898.871520996, 188.591110229, 326.974578857, 5037.98583984, 4091.83422852, 123.655281067, 177.243041992, 351.53237915, 369.01651001, 792.303039551, 169.749710083, 74.8723449707, 225.703552246, 117.826072693, 148.833343506, 48.543548584, 304.330841064, 49.8815307617, 33.1881790161, 77.1959152222, 54.4134025574, 91.7049102783, 89.2877655029, 587.65234375, 739.698120117, 1211.25488281, 1719.13232422, 787.366821289, 210.961410522, 38.8190002441, 8.87981414795, 0.442380905151, 0.00284501654096, 1.57029421644e-06], "dvar2": [1.75656616688, 89.5867919922, 934.306335449, 538.72442627, 303.612823486, 1102.36279297, 2151.84472656, 380.656799316, 572.171081543, 10521.1396484, 5561.24658203, 204.602554321, 311.635223389, 620.641296387, 858.750732422, 2158.09741211, 379.26574707, 154.5703125, 478.458557129, 249.001953125, 370.772735596, 105.98526001, 665.980895996, 137.985809326, 95.6111526489, 217.07244873, 147.568069458, 257.510009766, 192.912139893, 1352.17956543, 1387.10424805, 2533.44555664, 3922.31591797, 1683.61340332, 419.83102417, 81.700843811, 21.4664077759, 1.15667533875, 0.00765007408336, 3.93511663788e-06], "max": [15.8992614746, 89.6840362549, 271.221191406, 213.619537354, 331.896514893, 466.460266113, 755.844421387, 539.461669922, 864.176879883, 2290.71582031, 3593.12744141, 514.432983398, 589.899108887, 1467.24145508, 751.591491699, 461.308624268, 486.200195312, 352.762634277, 939.512573242, 449.589355469, 302.632904053, 329.516326904, 650.350769043, 119.944000244, 104.305839539, 151.572265625, 224.667205811, 203.900756836, 477.080780029, 1106.51611328, 1194.82080078, 1549.4621582, 1760.24133301, 1130.37854004, 719.121765137, 265.136932373, 199.603912354, 41.6477813721, 2.95720386505, 0.0590131022036], "mean": [0.373609155416, 2.02374172211, 3.23308944702, 3.59457111359, 7.42573070526, 26.3525524139, 25.7645511627, 10.8183794022, 12.1962718964, 46.9604682922, 22.6063117981, 4.10058259964, 3.77739977837, 4.27175283432, 5.33356046677, 5.34047985077, 3.28699016571, 2.98595094681, 3.89187812805, 3.35596299171, 7.06236076355, 4.94883584976, 8.77540016174, 1.91550517082, 1.12859916687, 1.73057317734, 1.87062001228, 1.75077199936, 2.49395680428, 7.02718114853, 7.24095487595, 9.30488300323, 6.76404094696, 4.21565818787, 2.55917096138, 1.256041646, 0.348151296377, 0.0774621814489, 0.00751922558993, 0.000311428186251], "median": [0.00216906378046, 0.0975505039096, 0.750009179115, 0.969459295273, 2.53198671341, 6.6202454567, 6.1724357605, 2.03029036522, 2.18535494804, 2.3681409359, 0.820406556129, 0.210001215339, 0.11577475071, 0.168864920735, 0.244925692677, 0.239110723138, 0.162394478917, 0.188448116183, 0.215009227395, 0.151360213757, 0.08634198457, 0.0971878319979, 0.128369763494, 0.0731093659997, 0.067133590579, 0.0519215986133, 0.0413293354213, 0.0288071073592, 0.0492027439177, 0.16713000834, 0.186789318919, 0.275661408901, 0.242128074169, 0.12412174046, 0.0738695859909, 0.0494824275374, 0.011834487319, 0.00237573171034, 0.000274504825938, 4.24816535087e-05], "min": [7.100744005e-23, 3.57096935006e-22, 1.69082644036e-21, 5.25340589497e-21, 7.36446169498e-21, 1.71717089079e-20, 4.93732475406e-20, 4.69565489081e-20, 1.20070668435e-19, 1.87929864628e-19, 1.68014509103e-19, 3.38639031533e-19, 4.07494295355e-19, 7.48807679357e-19, 7.22290802159e-19, 8.82356040952e-19, 1.73932963122e-18, 1.91696687456e-18, 2.10202392799e-18, 2.34862528696e-18, 3.01646361657e-18, 3.85190507511e-18, 4.15762896155e-18, 6.32649983639e-18, 7.02782326438e-18, 8.47217243095e-18, 8.95968538703e-18, 1.13606350176e-17, 1.17142092345e-17, 1.10049978122e-17, 9.76550488744e-18, 1.07604666795e-17, 9.78141074344e-18, 7.12689220481e-18, 6.21941220711e-18, 4.30099880045e-18, 2.01428860273e-18, 8.72972917674e-19, 2.40408929799e-19, 2.62607920968e-20], "var": [2.26070261002, 58.01121521, 185.854171753, 117.734092712, 216.316604614, 1858.62268066, 2895.62548828, 594.925109863, 1585.75390625, 20086.6484375, 17160.1308594, 399.233551025, 608.928344727, 961.302978516, 819.125427246, 761.802856445, 334.744689941, 211.102493286, 453.353057861, 212.273483276, 542.503234863, 212.536849976, 1077.48217773, 49.9111404419, 22.453748703, 65.8971176147, 55.3540878296, 69.9777755737, 144.670150757, 900.012695312, 1686.61877441, 2389.41674805, 2541.72387695, 1166.0012207, 334.083770752, 57.170337677, 8.35379695892, 0.359410703182, 0.00232596765272, 1.95726352104e-06]}, "gfcc": {"mean": [-166.792633057, 68.3182525635, -25.9966812134, 14.4144411087, -55.2311210632, 1.17458260059, -62.2081680298, -5.0291428566, -24.0284156799, -4.01201629639, -12.0377025604, 2.48411631584, -17.4896392822], "cov": [[55976.46875, -798.322692871, -3450.33618164, 11.3054065704, -3227.06958008, 49.4974136353, -2477.03442383, 457.382110596, -763.215515137, -198.634643555, -808.481018066, 40.9182357788, -1214.42370605], [-798.322692871, 3581.61938477, 1151.4498291, -7.68184185028, 728.008605957, 385.143493652, 365.372283936, -29.7786426544, 41.2836723328, 7.22672986984, 355.241699219, -167.13961792, 98.8176574707], [-3450.33618164, 1151.4498291, 2002.30200195, 596.446289062, 718.361450195, 508.224365234, 350.45513916, -9.39541149139, 88.9212799072, 121.101196289, 244.514373779, -41.5225334167, 130.283996582], [11.3054065704, -7.68184185028, 596.446289062, 956.89276123, 289.120666504, 131.610137939, 54.9742240906, -9.86003875732, 84.5808258057, 38.1121520996, 30.9458122253, 79.5922012329, 48.8490371704], [-3227.06958008, 728.008605957, 718.361450195, 289.120666504, 873.791137695, 470.974975586, 452.815155029, 81.1234130859, 124.31427002, 126.892303467, 173.006256104, -45.8846359253, 101.987182617], [49.4974136353, 385.143493652, 508.224365234, 131.610137939, 470.974975586, 1008.30249023, 553.10736084, 189.008163452, 43.6883964539, 243.059951782, 268.615783691, -92.0913619995, -8.96332836151], [-2477.03442383, 365.372283936, 350.45513916, 54.9742240906, 452.815155029, 553.10736084, 696.77545166, 151.168548584, 84.9954528809, 177.247970581, 214.032867432, -44.8481407166, 84.4625549316], [457.382110596, -29.7786426544, -9.39541149139, -9.86003875732, 81.1234130859, 189.008163452, 151.168548584, 245.951141357, 78.8703765869, 64.4400024414, 70.4448547363, -1.85456621647, -22.6676959991], [-763.215515137, 41.2836723328, 88.9212799072, 84.5808258057, 124.31427002, 43.6883964539, 84.9954528809, 78.8703765869, 198.448028564, 39.5152359009, 39.9235115051, 10.0316772461, 19.0043392181], [-198.634643555, 7.22672986984, 121.101196289, 38.1121520996, 126.892303467, 243.059951782, 177.247970581, 64.4400024414, 39.5152359009, 190.696029663, 85.9109039307, -25.7128238678, 5.35867023468], [-808.481018066, 355.241699219, 244.514373779, 30.9458122253, 173.006256104, 268.615783691, 214.032867432, 70.4448547363, 39.9235115051, 85.9109039307, 213.418548584, -9.06157207489, 22.1645393372], [40.9182357788, -167.13961792, -41.5225334167, 79.5922012329, -45.8846359253, -92.0913619995, -44.8481407166, -1.85456621647, 10.0316772461, -25.7128238678, -9.06157207489, 123.707038879, 19.48462677], [-1214.42370605, 98.8176574707, 130.283996582, 48.8490371704, 101.987182617, -8.96332836151, 84.4625549316, -22.6676959991, 19.0043392181, 5.35867023468, 22.1645393372, 19.48462677, 123.427848816]], "icov": [[4.91228711326e-05, -8.04130031611e-05, 7.54767024773e-05, -0.000101679332147, 0.000179843031219, -0.000194821550394, 0.000183458541869, -0.000185227763723, 0.000103602425952, -8.97742647794e-05, 0.000222770293476, -8.26208924991e-05, 0.000146953447256], [-8.04130031611e-05, 0.000610621471424, -0.000296904006973, 0.00030855985824, -0.000590506359003, 0.000446582009317, -0.000253500271356, 0.000437121489085, -0.000122362558614, 0.000572957331315, -0.00115620880388, 0.000660039193463, -0.000217281150981], [7.54767024773e-05, -0.000296904006973, 0.00108809687663, -0.000611712457612, -8.49127245601e-05, -0.000517670297995, 0.00047666055616, -4.01100733143e-05, 0.000171902021975, -0.00018887319311, -4.96510547237e-05, 7.0174348366e-05, -0.000247519492405], [-0.000101679332147, 0.00030855985824, -0.000611712457612, 0.00179146765731, -0.000759887567256, 0.000206206124858, -0.000104853897938, 0.000622093735728, -0.000641239108518, 0.000118246862257, -0.000148362931213, -0.000965784071013, -0.000209225952858], [0.000179843031219, -0.000590506359003, -8.49127245601e-05, -0.000759887567256, 0.0033503738232, -0.00122347625438, -0.000284707493847, -0.000634478463326, -0.000471512321383, -0.000324582942994, 0.00143937289249, -5.27402044099e-05, -0.000309746246785], [-0.000194821550394, 0.000446582009317, -0.000517670297995, 0.000206206124858, -0.00122347625438, 0.00364211550914, -0.00192789814901, 1.55359539349e-05, 0.0005770206335, -0.000861281703692, -0.00238367752172, 0.00137041986454, 0.000948224042077], [0.000183458541869, -0.000253500271356, 0.00047666055616, -0.000104853897938, -0.000284707493847, -0.00192789814901, 0.00453789392486, -0.00144932512194, 0.000254978920566, -0.00105279881973, -0.000284878886305, -9.2380825663e-05, -0.00165765860584], [-0.000185227763723, 0.000437121489085, -4.01100733143e-05, 0.000622093735728, -0.000634478463326, 1.55359539349e-05, -0.00144932512194, 0.00688712345436, -0.00259961886331, 0.000262107088929, -0.00155496411026, -0.000436404137872, 0.00114270229824], [0.000103602425952, -0.000122362558614, 0.000171902021975, -0.000641239108518, -0.000471512321383, 0.0005770206335, 0.000254978920566, -0.00259961886331, 0.00700347218663, -0.00106689333916, -0.000139190393384, -0.00022061249183, -2.93482253255e-06], [-8.97742647794e-05, 0.000572957331315, -0.00018887319311, 0.000118246862257, -0.000324582942994, -0.000861281703692, -0.00105279881973, 0.000262107088929, -0.00106689333916, 0.00874319206923, -0.00201286422089, 0.00132523407228, -0.000278286956018], [0.000222770293476, -0.00115620880388, -4.96510547237e-05, -0.000148362931213, 0.00143937289249, -0.00238367752172, -0.000284878886305, -0.00155496411026, -0.000139190393384, -0.00201286422089, 0.0108553990722, -0.0025903400965, 0.000343980325852], [-8.26208924991e-05, 0.000660039193463, 7.0174348366e-05, -0.000965784071013, -5.27402044099e-05, 0.00137041986454, -9.2380825663e-05, -0.000436404137872, -0.00022061249183, 0.00132523407228, -0.0025903400965, 0.0110601484776, -0.00221141777001], [0.000146953447256, -0.000217281150981, -0.000247519492405, -0.000209225952858, -0.000309746246785, 0.000948224042077, -0.00165765860584, 0.00114270229824, -2.93482253255e-06, -0.000278286956018, 0.000343980325852, -0.00221141777001, 0.0120346965268]]}, "melbands": {"dmean": [0.00167859380599, 0.00150934944395, 0.000496968743391, 0.000444318691734, 0.000370172696421, 9.28234439925e-05, 9.79299875326e-05, 0.000212249709875, 6.42799859634e-05, 1.10005539682e-05, 1.02218327811e-05, 1.25488968479e-05, 1.1714268112e-05, 1.46842903632e-05, 8.25070583232e-06, 5.06882679474e-06, 3.46674391949e-06, 4.3727523007e-06, 3.42611974702e-06, 2.88302794615e-06, 4.37579956269e-06, 2.02252931558e-06, 4.11558949054e-06, 3.12256793222e-06, 9.82726874099e-07, 6.14269538346e-07, 9.62112380876e-07, 1.00534532521e-06, 8.68916856689e-07, 9.20627144296e-07, 9.31769761792e-07, 7.91853267401e-07, 1.81143286682e-06, 2.99615203403e-06, 2.43348813456e-06, 2.87011243927e-06, 3.62908645002e-06, 3.62578089153e-06, 2.92681988867e-06, 2.48175160777e-06], "dmean2": [0.00190619321074, 0.0025526676327, 0.000880942738149, 0.000664753781166, 0.000552137382329, 0.000138019866426, 0.000139205279993, 0.000299396488117, 7.99571207608e-05, 1.54070512508e-05, 1.46485936057e-05, 1.86655506695e-05, 1.77768870344e-05, 2.35587140196e-05, 1.36719045258e-05, 7.57556745157e-06, 5.25126688444e-06, 6.32635510556e-06, 5.57167049919e-06, 4.3959435061e-06, 6.99036536389e-06, 3.10426753458e-06, 6.30903241472e-06, 4.68642474516e-06, 1.70453699866e-06, 1.06800439426e-06, 1.68553128788e-06, 1.70273040112e-06, 1.42666772263e-06, 1.56383600824e-06, 1.5925434127e-06, 1.16664375582e-06, 2.82154428533e-06, 4.66946903543e-06, 3.54605981556e-06, 4.17802721131e-06, 5.27149995833e-06, 5.43260193808e-06, 4.49064555141e-06, 3.55925340045e-06], "dvar": [5.75108533667e-05, 7.55713117542e-05, 5.0437115533e-06, 1.11189615382e-06, 1.10449309432e-06, 9.7797538956e-08, 8.91394265068e-08, 4.96493157698e-07, 2.14869430692e-07, 3.8933447577e-09, 5.67370550542e-09, 7.03210467634e-09, 4.90873341974e-09, 7.42343830851e-09, 2.04628491929e-09, 9.2557556064e-10, 2.68939093218e-10, 1.01254826745e-09, 3.43660988555e-10, 2.13407652661e-10, 2.45940545707e-10, 6.32427860081e-11, 1.96154217869e-10, 2.64294974794e-10, 3.47426913627e-11, 1.55127560103e-11, 3.64613894632e-11, 3.49205664385e-11, 2.00937079475e-11, 2.79673194326e-11, 3.27885912865e-11, 2.01049541598e-11, 8.2340169405e-11, 2.69671923681e-10, 2.76433792523e-10, 2.97478680578e-10, 7.54029061412e-10, 1.09162057171e-09, 8.11919143029e-10, 5.3315729609e-10], "dvar2": [9.91322594928e-05, 0.000210362108191, 1.46434504131e-05, 2.49066874858e-06, 2.63043125415e-06, 1.98282549491e-07, 1.6188813845e-07, 1.0170930409e-06, 2.84532177375e-07, 7.15386727634e-09, 9.93748461298e-09, 1.19235421536e-08, 1.17019167689e-08, 1.71983156605e-08, 5.63301316703e-09, 1.80822434803e-09, 5.87027149113e-10, 2.10532768996e-09, 8.81146489107e-10, 4.26636448392e-10, 6.14534256815e-10, 1.43536599273e-10, 4.46368414453e-10, 5.46413581048e-10, 9.97499652322e-11, 4.47199603737e-11, 1.04899214315e-10, 9.72179003966e-11, 5.31387191194e-11, 7.89092263753e-11, 9.1568516658e-11, 4.13594263005e-11, 1.92921678632e-10, 6.22590368149e-10, 5.57118906563e-10, 5.51200696197e-10, 1.74568204336e-09, 2.6189723723e-09, 1.79998460581e-09, 1.1421410484e-09], "max": [0.124039813876, 0.130014315248, 0.0395456478, 0.0245514847338, 0.0271179042757, 0.0116265714169, 0.0119855813682, 0.0227720886469, 0.0283760223538, 0.00276653282344, 0.00338522507809, 0.00625831540674, 0.00294709345326, 0.00264975847676, 0.000705423997715, 0.0013866936788, 0.000609594222624, 0.00211358699016, 0.000728398910724, 0.000542759429663, 0.000360793870641, 0.000245751230977, 0.000488990801387, 0.000629073707387, 0.00010566169658, 6.99326337781e-05, 0.00011115923553, 0.000123130608699, 0.00015193708532, 0.000101675548649, 0.000126949991682, 0.000239649933064, 0.000338284793543, 0.000860853586346, 0.000740425370168, 0.00068297830876, 0.00134003907442, 0.00159167032689, 0.000981128076091, 0.000963954196777], "mean": [0.00306631741114, 0.00204416085035, 0.000708851730451, 0.00114764727186, 0.00105617695954, 0.000242111666012, 0.000230612713494, 0.000483944633743, 0.000139357987791, 1.96451128431e-05, 1.95382181118e-05, 1.81245977728e-05, 1.76047396963e-05, 1.73635253304e-05, 8.90616502147e-06, 7.00016880728e-06, 5.15634246767e-06, 6.77424532114e-06, 4.36380150859e-06, 4.63764354208e-06, 8.5402498371e-06, 3.95997130909e-06, 9.05654997041e-06, 5.60334592592e-06, 1.07157177354e-06, 6.74203818107e-07, 1.11898543764e-06, 1.11777308121e-06, 1.15832892789e-06, 1.10039536594e-06, 9.66052766671e-07, 1.07097287128e-06, 2.52499808084e-06, 4.40648318545e-06, 3.9007554733e-06, 4.9385348575e-06, 5.96551490162e-06, 5.03402407048e-06, 3.93664822695e-06, 3.39580151376e-06], "median": [2.52130012086e-05, 0.000392040092265, 0.000214686137042, 0.000336268974934, 0.000273704354186, 3.80580240744e-05, 3.02742428175e-05, 2.1693384042e-05, 3.4331351344e-06, 5.94598589032e-07, 4.62869934381e-07, 5.79344543894e-07, 7.26860548639e-07, 5.88297382365e-07, 4.37130069031e-07, 2.5067438969e-07, 2.89726443725e-07, 3.36931719858e-07, 2.26028575412e-07, 1.31973948214e-07, 7.20402795196e-08, 8.26717396762e-08, 1.17939386257e-07, 9.34034503075e-08, 4.78968900097e-08, 4.02201862926e-08, 4.22197246053e-08, 2.84271948203e-08, 2.29420766829e-08, 1.91090681056e-08, 1.21016565657e-08, 1.49928069959e-08, 4.43844925258e-08, 1.02346035646e-07, 9.58754853286e-08, 1.01396118168e-07, 1.73174257156e-07, 1.62683591043e-07, 9.50794287746e-08, 8.13948801692e-08], "min": [1.00510483707e-24, 8.60891597262e-25, 1.59764104134e-24, 8.36717250644e-25, 1.75750952163e-24, 1.12386380344e-24, 2.06809747065e-24, 8.60179255864e-25, 1.50356878674e-24, 1.44839822162e-24, 1.61033913811e-24, 3.26606243018e-24, 1.7703202283e-24, 2.14406102873e-24, 2.48939751177e-24, 2.96968324657e-24, 2.3559052861e-24, 2.876080167e-24, 2.44388418184e-24, 3.47428384383e-24, 3.22791686389e-24, 2.68856142172e-24, 3.35345599113e-24, 3.34115962177e-24, 3.81139526864e-24, 4.26072215722e-24, 4.72279822131e-24, 5.21553849208e-24, 4.46950050667e-24, 4.8679438947e-24, 5.22520322146e-24, 5.66668843821e-24, 4.68481772417e-24, 6.617384947e-24, 5.06165815631e-24, 6.2476249359e-24, 5.59219196419e-24, 5.73759086194e-24, 5.62638514013e-24, 5.99300942912e-24], "var": [0.000139904615935, 5.92412907281e-05, 3.49374386133e-06, 3.24033180732e-06, 3.91814683098e-06, 3.07164953028e-07, 4.16073532961e-07, 2.02412502404e-06, 8.78878495314e-07, 1.15917657695e-08, 1.89467641576e-08, 2.0282017843e-08, 1.08043156644e-08, 1.19037784074e-08, 1.83586579272e-09, 2.19324580719e-09, 6.535778585e-10, 1.86174120564e-09, 4.11883721574e-10, 3.90171006615e-10, 8.57336979188e-10, 1.7856281731e-10, 8.88027096302e-10, 6.87116585851e-10, 2.37379543105e-11, 9.77481463826e-12, 3.02426382548e-11, 2.9737295959e-11, 2.30233818121e-11, 2.18032137483e-11, 2.52589078126e-11, 3.53439673362e-11, 1.15625016506e-10, 4.08618028302e-10, 5.71397040794e-10, 7.08776037861e-10, 1.17382759068e-09, 1.47143175422e-09, 1.16670439976e-09, 7.64442786849e-10]}, "mfcc": {"mean": [-816.745117188, 113.099479675, 63.1212425232, 17.0285301208, 23.6403942108, -1.69357347488, -14.6335582733, -7.16774272919, -20.147190094, -8.17185020447, -9.30530548096, -0.766090095043, -1.62645626068], "cov": [[21238.1894531, -422.004119873, -924.736755371, -1557.35168457, -712.355285645, -1260.78540039, -1320.70788574, -66.091468811, -651.207092285, -156.351364136, -420.85168457, 163.01335144, 137.832550049], [-422.004119873, 3871.35107422, 1046.24108887, 127.648918152, 567.013793945, 428.365966797, 671.457824707, 119.352706909, -2.30592751503, 308.95904541, 288.086456299, -31.8998146057, -6.84709453583], [-924.736755371, 1046.24108887, 1603.65734863, 557.655456543, 546.177368164, 514.434570312, 454.64743042, 116.374053955, 57.2202720642, 156.843780518, 139.959487915, 60.8706741333, 67.4527587891], [-1557.35168457, 127.648918152, 557.655456543, 1064.21008301, 371.76852417, 242.016662598, -4.27624082565, 49.8990402222, 90.5084991455, -117.704460144, -66.9627227783, 32.6278610229, 32.69556427], [-712.355285645, 567.013793945, 546.177368164, 371.76852417, 622.041137695, 353.345367432, 278.924133301, 141.705749512, 97.6750488281, 165.912307739, 104.666038513, 40.2925415039, 69.2815551758], [-1260.78540039, 428.365966797, 514.434570312, 242.016662598, 353.345367432, 737.111633301, 630.001159668, 197.653411865, 222.820800781, 269.747558594, 264.714447021, 7.39961624146, 82.8027038574], [-1320.70788574, 671.457824707, 454.64743042, -4.27624082565, 278.924133301, 630.001159668, 935.800476074, 261.43951416, 250.466567993, 362.421051025, 344.467681885, 33.5503044128, 93.1210174561], [-66.091468811, 119.352706909, 116.374053955, 49.8990402222, 141.705749512, 197.653411865, 261.43951416, 279.03918457, 132.805908203, 134.870834351, 113.3487854, 82.2062301636, 89.6462173462], [-651.207092285, -2.30592751503, 57.2202720642, 90.5084991455, 97.6750488281, 222.820800781, 250.466567993, 132.805908203, 261.429290771, 136.204696655, 127.012924194, 37.3462333679, 42.3396644592], [-156.351364136, 308.95904541, 156.843780518, -117.704460144, 165.912307739, 269.747558594, 362.421051025, 134.870834351, 136.204696655, 359.592437744, 212.65687561, 38.9134941101, 65.4710083008], [-420.85168457, 288.086456299, 139.959487915, -66.9627227783, 104.666038513, 264.714447021, 344.467681885, 113.3487854, 127.012924194, 212.65687561, 262.482757568, 35.0908470154, 51.7340812683], [163.01335144, -31.8998146057, 60.8706741333, 32.6278610229, 40.2925415039, 7.39961624146, 33.5503044128, 82.2062301636, 37.3462333679, 38.9134941101, 35.0908470154, 167.509536743, 75.8768081665], [137.832550049, -6.84709453583, 67.4527587891, 32.69556427, 69.2815551758, 82.8027038574, 93.1210174561, 89.6462173462, 42.3396644592, 65.4710083008, 51.7340812683, 75.8768081665, 162.873794556]], "icov": [[6.56605261611e-05, -1.16458049888e-05, -2.10997386603e-05, 0.000102793441329, 1.70073744812e-05, -2.09572499443e-06, 0.000128210580442, -0.000115332724818, 8.31756042317e-05, -5.97371144977e-05, 6.17392797722e-05, -2.95627432934e-05, -8.73912867974e-05], [-1.16458049888e-05, 0.000386957981391, -0.000168476093677, -2.04287107408e-06, -0.000248863594607, 0.000244435970671, -0.000279043306364, 2.06232252822e-05, 0.000263870198978, -3.12691881845e-05, -0.000306137284497, 0.000168524624314, 0.000188790654647], [-2.10997386603e-05, -0.000168476093677, 0.0012253257446, -0.000456077686977, -0.000417157949414, -0.000432990986155, -0.000342319282936, 0.000305539550027, 0.000556486309506, -4.1507784772e-05, 0.000115962197015, -0.000510803889483, 9.31438189582e-05], [0.000102793441329, -2.04287107408e-06, -0.000456077686977, 0.00207306980155, -0.00083361385623, -0.000755404762458, 0.000737874477636, -0.000148631414049, -0.000917482364457, 0.00120746635366, 0.000681631383486, -0.000287009490421, -0.000245446921326], [1.70073744812e-05, -0.000248863594607, -0.000417157949414, -0.00083361385623, 0.00341802905314, -0.000810396508314, 0.000395703042159, -0.000728084938601, 0.000302276544971, -0.00137257343158, 0.000577586295549, -1.13177375169e-05, -0.000257208012044], [-2.09572499443e-06, 0.000244435970671, -0.000432990986155, -0.000755404762458, -0.000810396508314, 0.00493174465373, -0.00218356540427, -3.24800930684e-05, -0.000676285359077, -0.00028237857623, -0.00155876507051, 0.00154833844863, -0.00049008341739], [0.000128210580442, -0.000279043306364, -0.000342319282936, 0.000737874477636, 0.000395703042159, -0.00218356540427, 0.00421384209767, -0.00139003375079, -0.000566093833186, -0.000661065219902, -0.00119621178601, 0.000239469838561, -0.000147656086483], [-0.000115332724818, 2.06232252822e-05, 0.000305539550027, -0.000148631414049, -0.000728084938601, -3.24800930684e-05, -0.00139003375079, 0.00694977585226, -0.00174821459223, -7.78129397077e-05, 0.000175343462615, -0.00192797766067, -0.00137424608693], [8.31756042317e-05, 0.000263870198978, 0.000556486309506, -0.000917482364457, 0.000302276544971, -0.000676285359077, -0.000566093833186, -0.00174821459223, 0.00734240701422, -0.00126046175137, -0.00121355766896, -0.000490927370265, 0.000607688678429], [-5.97371144977e-05, -3.12691881845e-05, -4.1507784772e-05, 0.00120746635366, -0.00137257343158, -0.00028237857623, -0.000661065219902, -7.78129397077e-05, -0.00126046175137, 0.00711790891364, -0.00303042284213, -0.000153582252096, -0.000527209369466], [6.17392797722e-05, -0.000306137284497, 0.000115962197015, 0.000681631383486, 0.000577586295549, -0.00155876507051, -0.00119621178601, 0.000175343462615, -0.00121355766896, -0.00303042284213, 0.0104678170756, -0.00128932204098, -0.000306454865495], [-2.95627432934e-05, 0.000168524624314, -0.000510803889483, -0.000287009490421, -1.13177375169e-05, 0.00154833844863, 0.000239469838561, -0.00192797766067, -0.000490927370265, -0.000153582252096, -0.00128932204098, 0.00893297977746, -0.00311948172748], [-8.73912867974e-05, 0.000188790654647, 9.31438189582e-05, -0.000245446921326, -0.000257208012044, -0.00049008341739, -0.000147656086483, -0.00137424608693, 0.000607688678429, -0.000527209369466, -0.000306454865495, -0.00311948172748, 0.00903622433543]]}, "spectral_contrast_coeffs": {"dmean": [0.0378271266818, 0.0422565713525, 0.0318480916321, 0.0268610939384, 0.0200834348798, 0.0168837476522], "dmean2": [0.0622584559023, 0.0668100193143, 0.0499944649637, 0.0423220582306, 0.0310428626835, 0.0255995523185], "dvar": [0.00134631874971, 0.00160483771469, 0.000932530965656, 0.000596010533627, 0.000373773014871, 0.000529493612703], "dvar2": [0.00332524534315, 0.00360342673957, 0.00204079295509, 0.00132657110225, 0.000801309302915, 0.00119304424152], "max": [-0.129005074501, -0.230534747243, -0.449048191309, -0.517737269402, -0.578565001488, -0.568011462688], "mean": [-0.538174510002, -0.63810646534, -0.801605641842, -0.807244360447, -0.812722027302, -0.834961235523], "median": [-0.564403176308, -0.628934979439, -0.820271790028, -0.822990059853, -0.827713489532, -0.838138520718], "min": [-0.98426169157, -0.980762124062, -0.979479193687, -0.9720916152, -0.966372013092, -0.965535879135], "var": [0.0318394228816, 0.0185988619924, 0.00875528715551, 0.00652246549726, 0.00567791936919, 0.00312431436032]}, "spectral_contrast_valleys": {"dmean": [0.414707958698, 0.425587952137, 0.384778261185, 0.34545609355, 0.320062398911, 0.281255632639], "dmean2": [0.682785093784, 0.679225087166, 0.60378909111, 0.528665840626, 0.456975549459, 0.366564512253], "dvar": [0.226373225451, 0.237895071507, 0.244284644723, 0.233783006668, 0.23903478682, 0.150468081236], "dvar2": [0.506939232349, 0.4994