{"lowlevel": {"average_loudness": 0.933606147766, "barkbands_crest": {"dmean": 2.37723612785, "dmean2": 3.93237400055, "dvar": 4.7145485878, "dvar2": 12.1107931137, "max": 24.8188285828, "mean": 12.8334302902, "median": 12.2533893585, "min": 2.66939401627, "var": 17.6221752167}, "barkbands_flatness_db": {"dmean": 0.0271824952215, "dmean2": 0.0427793711424, "dvar": 0.000845652422868, "dvar2": 0.00182504905388, "max": 0.487173736095, "mean": 0.179776087403, "median": 0.163217306137, "min": 0.0212299544364, "var": 0.00523206172511}, "barkbands_kurtosis": {"dmean": 5.81711912155, "dmean2": 9.24061012268, "dvar": 89.7181167603, "dvar2": 206.473922729, "max": 140.282028198, "mean": 13.7571811676, "median": 8.22972583771, "min": -0.799293518066, "var": 281.621887207}, "barkbands_skewness": {"dmean": 0.584168493748, "dmean2": 0.916548550129, "dvar": 0.426485300064, "dvar2": 0.998758137226, "max": 9.86806297302, "mean": 2.7043030262, "median": 2.42625212669, "min": -2.08003377914, "var": 2.35405015945}, "barkbands_spread": {"dmean": 2.35544323921, "dmean2": 3.61487603188, "dvar": 7.69865369797, "dvar2": 15.5898828506, "max": 43.2201080322, "mean": 10.2663640976, "median": 9.57754230499, "min": 0.603853046894, "var": 36.0740814209}, "dissonance": {"dmean": 0.0220022555441, "dmean2": 0.0365412943065, "dvar": 0.000401378259994, "dvar2": 0.00105789664667, "max": 0.49994045496, "mean": 0.434743076563, "median": 0.435744524002, "min": 0.281408578157, "var": 0.00123620277736}, "dynamic_complexity": 3.69501399994, "erbbands_crest": {"dmean": 2.25496482849, "dmean2": 3.48635339737, "dvar": 5.18436861038, "dvar2": 12.1538562775, "max": 28.8655147552, "mean": 11.3008947372, "median": 10.162820816, "min": 2.23941874504, "var": 32.5169754028}, "erbbands_flatness_db": {"dmean": 0.0164710190147, "dmean2": 0.0260059572756, "dvar": 0.000335459917551, "dvar2": 0.000777453358751, "max": 0.379878222942, "mean": 0.154398143291, "median": 0.147005081177, "min": 0.0811385586858, "var": 0.00199162727222}, "erbbands_kurtosis": {"dmean": 0.973227858543, "dmean2": 1.55392444134, "dvar": 5.64487218857, "dvar2": 15.1703681946, "max": 70.8847351074, "mean": 1.37487316132, "median": 0.611595153809, "min": -1.38912212849, "var": 10.8916034698}, "erbbands_skewness": {"dmean": 0.267573088408, "dmean2": 0.410248875618, "dvar": 0.0986917093396, "dvar2": 0.216483354568, "max": 7.00804710388, "mean": 1.02757942677, "median": 0.943375527859, "min": -0.517817437649, "var": 0.382233768702}, "erbbands_spread": {"dmean": 4.69498205185, "dmean2": 7.0883769989, "dvar": 24.9643764496, "dvar2": 54.3263969421, "max": 70.6848068237, "mean": 35.9147491455, "median": 36.9655570984, "min": 2.80244016647, "var": 195.30430603}, "hfc": {"dmean": 2.37434959412, "dmean2": 3.50257110596, "dvar": 9.37570953369, "dvar2": 18.3564147949, "max": 63.9544029236, "mean": 12.4749994278, "median": 11.2860012054, "min": 1.17518701061e-16, "var": 82.3458251953}, "melbands_crest": {"dmean": 2.81751823425, "dmean2": 4.6767449379, "dvar": 6.67200040817, "dvar2": 16.5628070831, "max": 31.5980072021, "mean": 16.6849021912, "median": 16.0641345978, "min": 1.83242368698, "var": 25.5781574249}, "melbands_flatness_db": {"dmean": 0.0307293515652, "dmean2": 0.0474920086563, "dvar": 0.00111781375017, "dvar2": 0.00231325160712, "max": 0.650231420994, "mean": 0.271329134703, "median": 0.25409668684, "min": 0.00942217838019, "var": 0.00688695209101}, "melbands_kurtosis": {"dmean": 10.5745887756, "dmean2": 16.7943458557, "dvar": 265.851989746, "dvar2": 613.336181641, "max": 244.682937622, "mean": 27.8247833252, "median": 16.2747535706, "min": -1.04220819473, "var": 1072.64221191}, "melbands_skewness": {"dmean": 0.720456302166, "dmean2": 1.13073754311, "dvar": 0.568076550961, "dvar2": 1.36148273945, "max": 11.4223546982, "mean": 3.51343870163, "median": 3.10030603409, "min": -0.25236722827, "var": 4.0445227623}, "melbands_spread": {"dmean": 2.26795935631, "dmean2": 3.46013593674, "dvar": 14.2693281174, "dvar2": 20.2841091156, "max": 128.472579956, "mean": 9.41936779022, "median": 8.39777565002, "min": 0.498308181763, "var": 59.0650520325}, "pitch_salience": {"dmean": 0.0734467282891, "dmean2": 0.121823526919, "dvar": 0.00458130287006, "dvar2": 0.0119346324354, "max": 0.923006653786, "mean": 0.458055317402, "median": 0.464667081833, "min": 0.089770488441, "var": 0.0133902104571}, "silence_rate_20dB": {"dmean": 0, "dmean2": 0, "dvar": 0, "dvar2": 0, "max": 1, "mean": 1, "median": 1, "min": 1, "var": 0}, "silence_rate_30dB": {"dmean": 0.0532472766936, "dmean2": 0.106537528336, "dvar": 0.0504126958549, "dvar2": 0.115366645157, "max": 1, "mean": 0.930241942406, "median": 1, "min": 0, "var": 0.0648927390575}, "silence_rate_60dB": {"dmean": 0.00161355384625, "dmean2": 0.0032284099143, "dvar": 0.0016109693097, "dvar2": 0.00321802822873, "max": 1, "mean": 0.0282258056104, "median": 0, "min": 0, "var": 0.0274288300425}, "spectral_centroid": {"dmean": 109.977348328, "dmean2": 164.312530518, "dvar": 38057.5, "dvar2": 52864.2929688, "max": 10457.6240234, "mean": 667.399963379, "median": 627.428344727, "min": 163.079742432, "var": 128122.554688}, "spectral_complexity": {"dmean": 1.75796687603, "dmean2": 2.96125912666, "dvar": 2.13100266457, "dvar2": 5.33026266098, "max": 24, "mean": 12.0084676743, "median": 12, "min": 0, "var": 18.8115558624}, "spectral_decrease": {"dmean": 3.59313512277e-09, "dmean2": 5.32453947599e-09, "dvar": 2.99068771743e-17, "dvar2": 6.27496962751e-17, "max": -1.23417286214e-28, "mean": -1.05221520386e-08, "median": -7.93415200206e-09, "min": -6.43999626959e-08, "var": 9.57144384896e-17}, "spectral_energy": {"dmean": 0.0137459579855, "dmean2": 0.0203641653061, "dvar": 0.000435630412539, "dvar2": 0.000913205207326, "max": 0.247389301658, "mean": 0.0408444851637, "median": 0.0310893654823, "min": 1.11251139497e-20, "var": 0.00140888907481}, "spectral_energyband_high": {"dmean": 4.0154583985e-05, "dmean2": 6.46307162242e-05, "dvar": 1.50249435116e-09, "dvar2": 3.88548127006e-09, "max": 0.000835091108456, "mean": 0.000191725688637, "median": 0.00017660469166, "min": 8.08800400848e-21, "var": 1.83601223114e-08}, "spectral_energyband_low": {"dmean": 0.011265039444, "dmean2": 0.0174212027341, "dvar": 0.000352833769284, "dvar2": 0.000776661967393, "max": 0.203376844525, "mean": 0.0221239030361, "median": 0.00995583645999, "min": 5.2573325795e-23, "var": 0.00086127902614}, "spectral_energyband_middle_high": {"dmean": 0.000406085542636, "dmean2": 0.000593011674937, "dvar": 4.06549219178e-07, "dvar2": 7.59161650876e-07, "max": 0.0255710389465, "mean": 0.00230409321375, "median": 0.00168669596314, "min": 2.02940806523e-21, "var": 8.63291006681e-06}, "spectral_energyband_middle_low": {"dmean": 0.00539851887152, "dmean2": 0.00817684922367, "dvar": 9.93157009361e-05, "dvar2": 0.00020738710009, "max": 0.14423930645, "mean": 0.0180825907737, "median": 0.0155908530578, "min": 1.04421227723e-22, "var": 0.000306650763378}, "spectral_entropy": {"dmean": 0.285853981972, "dmean2": 0.497011184692, "dvar": 0.0653039962053, "dvar2": 0.154329329729, "max": 9.79169654846, "mean": 7.06792068481, "median": 7.09744787216, "min": 4.67846250534, "var": 0.208036407828}, "spectral_flux": {"dmean": 0.0315823629498, "dmean2": 0.053936932236, "dvar": 0.00121637817938, "dvar2": 0.00303153577261, "max": 0.380827575922, "mean": 0.0722817704082, "median": 0.0598843246698, "min": 1.05475655987e-10, "var": 0.00220858445391}, "spectral_kurtosis": {"dmean": 2.89663767815, "dmean2": 4.85758590698, "dvar": 71.655708313, "dvar2": 188.874954224, "max": 208.337127686, "mean": 6.9636349678, "median": 5.04268121719, "min": -1.16317594051, "var": 95.4023590088}, "spectral_rms": {"dmean": 0.000952713249717, "dmean2": 0.00140340207145, "dvar": 1.27553801121e-06, "dvar2": 2.47905632023e-06, "max": 0.0155356172472, "mean": 0.00572029408067, "median": 0.00550736673176, "min": 3.29450594409e-12, "var": 7.1264894359e-06}, "spectral_rolloff": {"dmean": 111.722038269, "dmean2": 186.628860474, "dvar": 202203.734375, "dvar2": 268325.96875, "max": 17958.6914062, "mean": 501.783935547, "median": 409.130859375, "min": 86.1328125, "var": 635705.5}, "spectral_skewness": {"dmean": 0.28324893117, "dmean2": 0.452346175909, "dvar": 0.259938061237, "dvar2": 0.668763458729, "max": 11.8833560944, "mean": 1.95910394192, "median": 1.8775216341, "min": 0.0720802173018, "var": 0.518214583397}, "spectral_spread": {"dmean": 409647.96875, "dmean2": 644264.375, "dvar": 502993944576, "dvar2": 686638235648, "max": 39192488, "mean": 4384923, "median": 4575784, "min": 638179, "var": 1849254477820.0}, "spectral_strongpeak": {"dmean": 0.323655605316, "dmean2": 0.545394957066, "dvar": 0.281531512737, "dvar2": 0.684773802757, "max": 5.61571788788, "mean": 1.04242682457, "median": 0.715189635754, "min": 0, "var": 0.969417631626}, "zerocrossingrate": {"dmean": 0.00335789378732, "dmean2": 0.00389580661431, "dvar": 0.000210363446968, "dvar2": 0.000143269877299, "max": 0.84912109375, "mean": 0.0201829485595, "median": 0.01708984375, "min": 0.00341796875, "var": 0.00139415462036}, "barkbands": {"dmean": [0.000138097806484, 0.00638370634988, 0.00504107633606, 0.0022398608271, 0.00272439443506, 0.00151517894119, 0.000703611003701, 0.000532524602022, 0.000182496878551, 0.000318233214784, 0.00015237693151, 8.50704236655e-05, 8.73873141245e-05, 8.21859794087e-05, 7.84826625022e-05, 3.93338086724e-05, 4.61060590169e-05, 2.74001158687e-05, 2.10128764593e-05, 1.72147410922e-05, 1.33349594762e-05, 9.17130546441e-06, 7.50208118916e-06, 7.50476419853e-06, 6.91530340191e-06, 5.92235483055e-06, 1.14341412427e-06], "dmean2": [0.000227841519518, 0.00984265934676, 0.00817319191992, 0.00370360887609, 0.0043284338899, 0.00225700601004, 0.00101466150954, 0.000702156976331, 0.000272843026323, 0.000381541700335, 0.000220133399125, 0.000124426063849, 0.000130039319629, 0.000118948715681, 0.000121641736769, 6.13871306996e-05, 7.28439263185e-05, 4.30445215898e-05, 3.40004444297e-05, 2.79155301541e-05, 2.16951921175e-05, 1.46875208884e-05, 1.19153091873e-05, 1.22533965623e-05, 1.13532269097e-05, 9.97649294732e-06, 1.89042702914e-06], "dvar": [5.53950627591e-08, 0.00015175344015, 0.000108567466668, 3.29262074956e-05, 3.15234901791e-05, 1.93002324522e-05, 3.8131772726e-06, 1.1169785239e-06, 2.39961792659e-07, 6.34703496871e-07, 9.75326486241e-08, 1.44919951595e-08, 2.40952715558e-08, 1.51513166458e-08, 1.59684603318e-08, 3.06102254655e-09, 3.81253117965e-09, 1.11746600862e-09, 5.04823294278e-10, 3.94352939193e-10, 2.1584076193e-10, 1.13035913962e-10, 6.44492237356e-11, 8.01137281514e-11, 6.43350789309e-11, 6.2710552029e-11, 2.3033170423e-12], "dvar2": [1.588880707e-07, 0.000304102752125, 0.000269662938081, 9.11421666387e-05, 7.60739203542e-05, 3.95792485506e-05, 8.02682097856e-06, 1.72103716523e-06, 5.770754683e-07, 8.22497668196e-07, 1.78837041176e-07, 2.95232549519e-08, 5.27633901015e-08, 2.53106104964e-08, 4.26121609109e-08, 6.7447776253e-09, 8.2902031906e-09, 2.66353983314e-09, 1.24617316466e-09, 9.90931114941e-10, 5.41504618923e-10, 2.82837836485e-10, 1.6945678194e-10, 2.13763007295e-10, 1.67858116296e-10, 1.68843203308e-10, 6.05858115413e-12], "max": [0.0027574589476, 0.149839162827, 0.151167884469, 0.0769795626402, 0.109211720526, 0.0805506184697, 0.0750652849674, 0.0297617260367, 0.0155951268971, 0.0333663113415, 0.0060131396167, 0.00250992784277, 0.0035058055073, 0.00499792816117, 0.00244844262488, 0.00158248643856, 0.00172797276173, 0.000716050562914, 0.000389953609556, 0.000285015150439, 0.000214076877455, 0.000243057686021, 0.000124939120724, 0.000179574810318, 0.000101155645098, 9.12104660529e-05, 2.04608859349e-05], "mean": [0.000279209838482, 0.0118829868734, 0.00848682411015, 0.00311235850677, 0.00573157565668, 0.00334792607464, 0.00214140559547, 0.00254813884385, 0.000349555572029, 0.00123973330483, 0.000317519035889, 0.000213339473703, 0.000225201220019, 0.000209700578125, 0.000193528976524, 9.27006913116e-05, 0.000117614807095, 7.07309736754e-05, 6.28582201898e-05, 4.94290834467e-05, 4.5894550567e-05, 3.38065219694e-05, 2.69956744887e-05, 2.5717277822e-05, 2.10656689887e-05, 1.54618592205e-05, 3.26936060446e-06], "median": [8.26937612146e-05, 0.00335047510453, 0.00272860517725, 0.00101872929372, 0.00243321969174, 0.00108292815275, 0.000547164643649, 0.000270051066764, 0.000152659020387, 0.000192885141587, 0.00010727156041, 9.3007896794e-05, 8.54733152664e-05, 0.00010587010911, 0.000111006003863, 5.37308733328e-05, 7.77676032158e-05, 5.20722787769e-05, 4.87825491291e-05, 3.94654780393e-05, 3.90572931792e-05, 3.05129542539e-05, 2.67894138233e-05, 2.51557394222e-05, 1.61393854796e-05, 9.52351729211e-06, 2.1565190309e-06], "min": [1.83517697982e-23, 3.08484940511e-23, 1.4295524332e-23, 3.45724168727e-24, 1.46462992221e-23, 1.42162327669e-23, 3.09820923786e-23, 1.69545440961e-23, 1.24083812978e-23, 8.4106595288e-23, 7.24690226025e-23, 1.03432198097e-22, 1.06381061134e-22, 1.08796931879e-22, 1.12296836348e-22, 2.88154429883e-22, 2.12027055367e-22, 3.92031987292e-22, 3.63682573035e-22, 3.87323535296e-22, 3.29011315835e-22, 5.21419387867e-22, 6.19021600951e-22, 1.13098420002e-21, 1.57509910668e-21, 1.83740542984e-21, 1.98591928687e-21], "var": [1.48993834159e-07, 0.0004091822193, 0.000238677574089, 4.1253199015e-05, 7.16433205525e-05, 3.99765449401e-05, 1.77963174792e-05, 2.68127678282e-05, 3.32657918989e-07, 1.3266325368e-05, 2.60727176737e-07, 8.52864801004e-08, 1.14181823108e-07, 1.12374181072e-07, 6.77339144772e-08, 1.57866661965e-08, 1.60123665438e-08, 4.50743664615e-09, 2.59984256346e-09, 1.36863731459e-09, 1.06187270088e-09, 5.97742855213e-10, 3.77417874731e-10, 4.45366354906e-10, 3.96119914647e-10, 2.92535218271e-10, 1.32777400186e-11]}, "erbbands": {"dmean": [0.0848492532969, 1.77094364166, 5.84068059921, 5.95969820023, 9.55177402496, 8.7139005661, 8.95401859283, 12.914937973, 12.6638746262, 11.9889621735, 8.48247814178, 4.0904006958, 10.3680400848, 5.20515394211, 5.50050497055, 3.86233234406, 4.02700662613, 4.6906914711, 2.97114515305, 3.69856214523, 2.22086691856, 1.7713804245, 1.41592133045, 1.35022103786, 0.96696639061, 0.868898451328, 0.590131044388, 0.456658840179, 0.334267377853, 0.270245790482, 0.215919196606, 0.165385216475, 0.119286946952, 0.0795061141253, 0.0505852177739, 0.0282321143895, 0.0112111475319, 0.00218174792826, 0.000190030987142, 1.76306257345e-05], "dmean2": [0.133218631148, 2.72949314117, 9.30237770081, 9.70389461517, 15.1890106201, 13.8595972061, 13.2971019745, 19.6593112946, 18.4462242126, 16.5608692169, 11.3414783478, 5.93598270416, 12.7074375153, 6.6600985527, 7.96647357941, 5.58253860474, 5.98491334915, 6.70406150818, 4.42691230774, 6.01334762573, 3.53891038895, 2.88938212395, 2.23908686638, 2.187032938, 1.54063427448, 1.40807759762, 0.960887074471, 0.737782239914, 0.535309374332, 0.435283958912, 0.348066776991, 0.269890278578, 0.195136785507, 0.131291076541, 0.0832923203707, 0.0472684055567, 0.0189157836139, 0.00362760736607, 0.000316907418892, 2.70775835816e-05], "dvar": [0.0265914648771, 11.7233448029, 126.260063171, 164.015853882, 627.063781738, 323.125518799, 696.264038086, 1679.12915039, 1466.97363281, 512.746337891, 328.42300415, 108.751350403, 710.054199219, 255.426330566, 126.24041748, 27.2779273987, 53.3899269104, 48.9259223938, 21.2021121979, 56.673160553, 9.17500400543, 4.08550071716, 2.61883020401, 2.69034409523, 1.24919617176, 1.14216959476, 0.437169134617, 0.255789518356, 0.142638728023, 0.0976514518261, 0.06061341241, 0.0339422337711, 0.0198229309171, 0.0082408003509, 0.00382455252111, 0.00144229386933, 0.000240842389758, 8.81382948137e-06, 6.18177793399e-08, 5.24957244341e-10], "dvar2": [0.0526711493731, 23.6992835999, 297.846130371, 431.598571777, 1441.26599121, 883.755371094, 1230.15478516, 3712.64770508, 3014.10009766, 886.442199707, 470.837371826, 250.754135132, 826.276306152, 380.932617188, 231.332672119, 54.8476104736, 118.379669189, 86.3655471802, 41.9051628113, 167.585144043, 20.9123401642, 10.0634708405, 6.07375192642, 6.52618122101, 2.84261059761, 2.89735984802, 1.12050223351, 0.614963471889, 0.352558761835, 0.249853059649, 0.157158374786, 0.0905256792903, 0.05378324911, 0.021863790229, 0.0103508476168, 0.00389112601988, 0.000654219998978, 2.3344591682e-05, 1.64928181334e-07, 1.13593412454e-09], "max": [1.79742455482, 42.4187202454, 153.337051392, 262.316711426, 452.501678467, 271.119903564, 665.300170898, 798.472839355, 1400.82177734, 566.677062988, 673.735717773, 328.442443848, 1304.41894531, 818.45916748, 201.802688599, 120.297439575, 175.540222168, 264.055480957, 147.453369141, 166.01651001, 104.870910645, 45.9959487915, 38.9143867493, 27.3379306793, 20.797668457, 15.750289917, 11.1272563934, 8.09930801392, 8.2474937439, 5.27512216568, 4.06985616684, 2.72389936447, 2.86421108246, 1.25416004658, 0.794583559036, 0.569420039654, 0.182683736086, 0.030572777614, 0.00326948333532, 0.000316926598316], "mean": [0.152397274971, 3.31504416466, 10.3159656525, 10.1863002777, 15.473733902, 17.987903595, 20.8637046814, 26.0715866089, 37.0535507202, 48.4131202698, 38.7390785217, 11.0776309967, 39.3867988586, 19.0440940857, 13.0307779312, 10.6675367355, 10.6544981003, 12.9673213959, 8.24572944641, 8.86782455444, 6.4800992012, 5.02046108246, 4.06175279617, 3.73724555969, 2.89467525482, 2.48779344559, 1.92115926743, 1.57224667072, 1.24643862247, 0.99890178442, 0.768516480923, 0.566466629505, 0.387947678566, 0.250616401434, 0.146656796336, 0.0741468966007, 0.0280170403421, 0.00585893029347, 0.000571379321627, 6.38683486613e-05], "median": [0.0503622367978, 0.937949180603, 3.4470705986, 4.18651008606, 5.87195396423, 7.06181049347, 5.83573913574, 8.36890029907, 8.88043403625, 7.37816810608, 6.83347797394, 4.86504840851, 7.03339481354, 5.0459985733, 5.58002090454, 6.22722816467, 4.91779232025, 6.62500190735, 4.94481611252, 5.19167613983, 4.44989061356, 3.97361445427, 3.06703996658, 2.83814907074, 2.25772380829, 1.98331665993, 1.64181172848, 1.36909675598, 1.14742231369, 0.953026652336, 0.756712019444, 0.565623879433, 0.385652601719, 0.212683588266, 0.101858772337, 0.0439287647605, 0.0160742178559, 0.00384960556403, 0.000394758302718, 5.35174185643e-05], "min": [6.40423889559e-22, 7.80890325317e-21, 1.79276695928e-20, 1.38572753571e-20, 4.26987821078e-20, 2.6256494635e-20, 9.34864664906e-20, 1.31765619354e-19, 3.28107057782e-19, 4.14292634315e-19, 4.34160737147e-19, 2.67958748787e-19, 1.22931912024e-18, 3.12528046692e-18, 3.72365527062e-18, 4.37511418334e-18, 4.88313336039e-18, 4.59131810235e-18, 8.06228541227e-18, 1.0233830562e-17, 1.52854010562e-17, 1.01238742704e-17, 2.56927277886e-17, 1.20852154557e-17, 2.19195765117e-17, 2.34148725594e-17, 1.10439547104e-17, 1.5118935921e-17, 1.78171362134e-17, 1.68298746456e-17, 1.90636064067e-17, 2.26505312036e-17, 2.16584719883e-17, 1.92105269184e-17, 9.07986645822e-18, 6.66931243355e-18, 3.38574082346e-18, 1.32721635932e-18, 2.68225953974e-19, 2.79305676388e-20], "var": [0.061069291085, 31.432138443, 297.314941406, 278.249359131, 1049.0916748, 823.308410645, 2009.47924805, 2973.24707031, 5508.38769531, 9159.03320312, 8443.25683594, 284.439758301, 15724.7353516, 4811.00341797, 359.90057373, 155.918518066, 226.610107422, 362.527770996, 119.446510315, 190.742889404, 62.239818573, 17.63306427, 12.4142799377, 9.83732795715, 5.85324144363, 3.75169563293, 1.83431255817, 1.23256325722, 0.766840934753, 0.526317477226, 0.327845752239, 0.194522678852, 0.104448020458, 0.0502681434155, 0.0208962801844, 0.00653937458992, 0.00104399083648, 4.23714882345e-05, 3.7822729837e-07, 2.5717183938e-09]}, "gfcc": {"mean": [-24.8404331207, 117.921234131, -95.3590316772, 30.349105835, -47.5446243286, 8.30051612854, -32.3516082764, 1.78429627419, -19.0581665039, 0.599856197834, -14.1759357452, -3.28086209297, -11.9069347382], "cov": [[12412.2841797, -2118.86743164, -8.92828178406, -615.162719727, -876.695556641, 414.712402344, -692.729248047, 453.734130859, -367.257751465, 473.218933105, -310.553497314, 304.461273193, -368.101013184], [-2118.86743164, 1785.9152832, -274.051239014, 339.504272461, 506.832092285, -295.063171387, 377.335235596, -298.723083496, 288.59564209, -243.349487305, 245.503326416, -201.83682251, 174.372665405], [-8.92828178406, -274.051239014, 478.733764648, -111.029586792, 26.3471622467, 84.122833252, -88.5074310303, 83.859161377, -78.3847732544, 86.7596969604, -47.0708465576, 74.6092453003, -52.9697570801], [-615.162719727, 339.504272461, -111.029586792, 413.587432861, 40.3092918396, 37.926738739, 130.184066772, -80.4363327026, 94.6822814941, -101.922111511, 77.4732208252, -83.8656692505, 79.1746063232], [-876.695556641, 506.832092285, 26.3471622467, 40.3092918396, 338.923461914, -89.6900863647, 167.201309204, -35.6383247375, 95.646156311, -41.2660140991, 57.5984764099, -37.8551330566, 47.3108215332], [414.712402344, -295.063171387, 84.122833252, 37.926738739, -89.6900863647, 165.20640564, -42.742275238, 85.6707458496, -21.0426673889, 44.9435653687, -24.483707428, 29.4305763245, -11.4943237305], [-692.729248047, 377.335235596, -88.5074310303, 130.184066772, 167.201309204, -42.742275238, 196.754837036, -31.7353076935, 113.78213501, -47.3554267883, 62.7188453674, -46.1335487366, 57.4926261902], [453.734130859, -298.723083496, 83.859161377, -80.4363327026, -35.6383247375, 85.6707458496, -31.7353076935, 133.276062012, -11.9624595642, 82.5984649658, -34.9938163757, 49.5727729797, -25.3608818054], [-367.257751465, 288.59564209, -78.3847732544, 94.6822814941, 95.646156311, -21.0426673889, 113.78213501, -11.9624595642, 130.815231323, -2.34154629707, 73.5429992676, -37.025592804, 36.0656356812], [473.218933105, -243.349487305, 86.7596969604, -101.922111511, -41.2660140991, 44.9435653687, -47.3554267883, 82.5984649658, -2.34154629707, 121.850227356, 3.09027171135, 56.4017448425, -43.0253067017], [-310.553497314, 245.503326416, -47.0708465576, 77.4732208252, 57.5984764099, -24.483707428, 62.7188453674, -34.9938163757, 73.5429992676, 3.09027171135, 97.4561462402, -4.23197841644, 35.8895530701], [304.461273193, -201.83682251, 74.6092453003, -83.8656692505, -37.8551330566, 29.4305763245, -46.1335487366, 49.5727729797, -37.025592804, 56.4017448425, -4.23197841644, 86.9545288086, 6.53562450409], [-368.101013184, 174.372665405, -52.9697570801, 79.1746063232, 47.3108215332, -11.4943237305, 57.4926261902, -25.3608818054, 36.0656356812, -43.0253067017, 35.8895530701, 6.53562450409, 87.3826522827]], "icov": [[0.000142541292007, -0.000182676390978, 0.000270457327133, -0.000101702287793, 0.000128438594402, -0.000240139706875, 0.000280518957879, -0.000156469046487, 1.92425432033e-05, -0.000383835140383, 0.000530591001734, -0.000634332012851, 0.000522568007], [-0.000182676390978, 0.00429298263043, -0.000875922793057, 0.000883117609192, -0.00279234908521, 0.00211639818735, -0.000154478213517, 0.00241591199301, -0.00263177533634, 0.00403278507292, -0.00626645702869, 0.00498564960435, -0.00280158245005], [0.000270457327133, -0.000875922793057, 0.00430142413825, -0.00082837336231, -0.002003808273, -0.00260186498053, 0.00198608823121, 0.000111732566438, 0.00170357443858, -0.00269910925999, 0.00265272054821, -0.00408407533541, 0.00289741740562], [-0.000101702287793, 0.000883117609192, -0.00082837336231, 0.00698449229822, 0.000997503171675, -0.00413521798328, -0.00304008671083, 0.00274653243832, -0.000489940925036, 0.00338141480461, -0.00528522068635, 0.00612936308607, -0.00372851104476], [0.000128438594402, -0.00279234908521, -0.002003808273, 0.000997503171675, 0.00958125479519, 0.00169958348852, -0.00586925540119, -0.00326034217142, 0.00126130331773, -0.000890980532859, 0.00202183937654, -0.000711530621629, 0.000209707708564], [-0.000240139706875, 0.00211639818735, -0.00260186498053, -0.00413521798328, 0.00169958348852, 0.0168357733637, 0.000681606179569, -0.00963630713522, -0.00029633322265, 0.00245074485429, -0.00354578602128, 0.0031916834414, -0.00246948911808], [0.000280518957879, -0.000154478213517, 0.00198608823121, -0.00304008671083, -0.00586925540119, 0.000681606179569, 0.0188563466072, -0.00272004306316, -0.0101504717022, 0.00310409069061, 0.0024117352441, -0.00346415210515, 0.000506378186401], [-0.000156469046487, 0.00241591199301, 0.000111732566438, 0.00274653243832, -0.00326034217142, -0.00963630713522, -0.00272004306316, 0.0286730676889, -0.00753745855764, -0.0106697436422, 0.00996537599713, -0.00279306573793, -0.00331854750402], [1.92425432033e-05, -0.00263177533634, 0.00170357443858, -0.000489940925036, 0.00126130331773, -0.00029633322265, -0.0101504717022, -0.00753745855764, 0.0341356657445, -0.0133426003158, -0.0114060295746, 0.0145726697519, -0.00648544309661], [-0.000383835140383, 0.00403278507292, -0.00269910925999, 0.00338141480461, -0.000890980532859, 0.00245074485429, 0.00310409069061, -0.0106697436422, -0.0133426003158, 0.0398124083877, -0.0169277824461, -0.0105986306444, 0.0141564132646], [0.000530591001734, -0.00626645702869, 0.00265272054821, -0.00528522068635, 0.00202183937654, -0.00354578602128, 0.0024117352441, 0.00996537599713, -0.0114060295746, -0.0169277824461, 0.0408422127366, -0.0181253049523, 0.00183486752212], [-0.000634332012851, 0.00498564960435, -0.00408407533541, 0.00612936308607, -0.000711530621629, 0.0031916834414, -0.00346415210515, -0.00279306573793, 0.0145726697519, -0.0105986306444, -0.0181253049523, 0.0472031123936, -0.0256959293038], [0.000522568007, -0.00280158245005, 0.00289741740562, -0.00372851104476, 0.000209707708564, -0.00246948911808, 0.000506378186401, -0.00331854750402, -0.00648544309661, 0.0141564132646, 0.00183486752212, -0.0256959293038, 0.0334511175752]]}, "melbands": {"dmean": [0.00128361769021, 0.00286648282781, 0.00114509905688, 0.000638347410131, 0.000326348643284, 0.000296767189866, 0.000178706788574, 0.0001290809887, 6.32402880001e-05, 2.46263080044e-05, 5.18719825777e-05, 2.13554321817e-05, 2.14115680137e-05, 1.04342316263e-05, 1.08268541226e-05, 7.245175766e-06, 9.88311148831e-06, 4.60443607153e-06, 4.79580285173e-06, 4.40329404228e-06, 2.97909332403e-06, 2.20900642489e-06, 1.8965814661e-06, 1.58860677857e-06, 1.2357460264e-06, 8.68844779234e-07, 6.71928319207e-07, 5.87365491356e-07, 4.34682931427e-07, 3.61636011803e-07, 2.89020277933e-07, 2.14734910742e-07, 1.9051284994e-07, 1.51456845288e-07, 1.49706536945e-07, 1.14866196554e-07, 1.02853711326e-07, 9.26164887005e-08, 8.05017847938e-08, 6.84919285732e-08], "dmean2": [0.00199727714062, 0.00447150040418, 0.00185463018715, 0.0010141733801, 0.000494157953653, 0.000449633051176, 0.000259261316387, 0.000176806890522, 8.60663567437e-05, 3.57962526323e-05, 6.38145429548e-05, 2.74381400232e-05, 3.10357136186e-05, 1.53190740093e-05, 1.59436531249e-05, 1.07177129394e-05, 1.40263027788e-05, 6.90933120495e-06, 7.55310202294e-06, 6.98159919921e-06, 4.64756658403e-06, 3.56274358637e-06, 2.92024469672e-06, 2.55247891801e-06, 1.96707833311e-06, 1.35342008889e-06, 1.09567179152e-06, 9.50650644427e-07, 6.99352312949e-07, 5.78497406423e-07, 4.61060238877e-07, 3.40848799851e-07, 3.04361236658e-07, 2.44557384121e-07, 2.41921441102e-07, 1.88457164541e-07, 1.68969862102e-07, 1.50662344822e-07, 1.33153577053e-07, 1.13910516575e-07], "dvar": [5.85158932154e-06, 2.7425983717e-05, 6.14815508015e-06, 2.01032776204e-06, 6.61280239456e-07, 8.01029671038e-07, 2.55964323514e-07, 6.06992571761e-08, 1.87997262202e-08, 3.68375219217e-09, 1.75632344224e-08, 5.1488404651e-09, 2.01265115685e-09, 2.41536041168e-10, 2.80784534512e-10, 1.16371801084e-10, 2.31065222511e-10, 4.9850755468e-11, 5.84546092086e-11, 5.27417311214e-11, 1.80771318053e-11, 7.86623370608e-12, 6.69228778297e-12, 4.62553042743e-12, 2.44832583027e-12, 1.10901652445e-12, 5.78098007832e-13, 4.84675450815e-13, 2.95784365967e-13, 1.63395501556e-13, 1.10484666934e-13, 6.39016224375e-14, 4.65173757261e-14, 3.01696262916e-14, 3.25805768269e-14, 1.6517233951e-14, 1.43258462141e-14, 1.25268431018e-14, 9.30908351977e-15, 6.27075177401e-15], "dvar2": [1.17754952953e-05, 6.11969153397e-05, 1.60682775459e-05, 4.91189484819e-06, 1.26367149278e-06, 1.71561418938e-06, 5.06091737407e-07, 1.03741264468e-07, 2.76498166585e-08, 8.3457978306e-09, 2.07069987823e-08, 7.74366082368e-09, 3.72962416506e-09, 4.75323336246e-10, 6.20970053156e-10, 2.59125693125e-10, 3.8448069728e-10, 9.81236342179e-11, 1.62184141117e-10, 1.42907102818e-10, 3.78836580162e-11, 1.7955293502e-11, 1.39430394314e-11, 1.2341971195e-11, 5.67261211962e-12, 2.38791256733e-12, 1.43927372191e-12, 1.20849749478e-12, 7.5612682348e-13, 3.7219451696e-13, 2.69189103516e-13, 1.5393759943e-13, 1.19347728315e-13, 7.86741142069e-14, 8.22352846626e-14, 4.42366243191e-14, 3.80657555173e-14, 3.38566455145e-14, 2.57167978048e-14, 1.66565014141e-14], "max": [0.028723962605, 0.0587660595775, 0.0372252985835, 0.0273977257311, 0.0186648741364, 0.0167738404125, 0.0188983865082, 0.00705243321136, 0.00504555366933, 0.0018179374747, 0.0064537730068, 0.00366579229012, 0.00085885747103, 0.00033166675712, 0.000325135566527, 0.000222603586735, 0.000604426779319, 0.000219048801227, 0.000165067162015, 0.000130081854877, 0.000115595714306, 7.52108753659e-05, 5.49439027964e-05, 2.55405848293e-05, 2.33503669733e-05, 1.98353081942e-05, 9.55300492933e-06, 9.22750496102e-06, 1.08359381557e-05, 6.62379807181e-06, 5.44522390555e-06, 5.24254801348e-06, 3.55008342012e-06, 2.52822860602e-06, 2.96928578791e-06, 1.58024283792e-06, 1.87407181329e-06, 2.14700685319e-06, 1.62055891906e-06, 1.02948911263e-06], "mean": [0.00239516049623, 0.00531594222412, 0.00197253306396, 0.00120968685951, 0.000766654964536, 0.000635296746623, 0.000538363645319, 0.000544512004126, 0.000268501433311, 5.99798950134e-05, 0.000195209198864, 7.43569689803e-05, 4.54809451185e-05, 2.64870086539e-05, 2.81710690615e-05, 1.85816716112e-05, 2.55494978774e-05, 1.19754740808e-05, 1.17572817544e-05, 1.01540972537e-05, 7.46528894524e-06, 5.57258954359e-06, 4.36175332652e-06, 3.57887552127e-06, 2.89466538561e-06, 2.25589019465e-06, 1.80057986654e-06, 1.54571762323e-06, 1.24190194128e-06, 1.03985962596e-06, 8.84117127953e-07, 7.14016948677e-07, 6.33075046608e-07, 5.10636425588e-07, 4.70620051374e-07, 3.71915433561e-07, 3.27031585812e-07, 2.82488457515e-07, 2.35156690565e-07, 2.01638144404e-07], "median": [0.00074435537681, 0.00184263056144, 0.000846541137435, 0.000496063672472, 0.000219804336666, 0.000191410203115, 0.000120754324598, 6.36192853563e-05, 4.75069900858e-05, 2.60179331235e-05, 3.37395649694e-05, 1.61328716786e-05, 1.61327807291e-05, 1.40648471643e-05, 1.32603618113e-05, 8.67608741828e-06, 1.15721522889e-05, 7.04041485733e-06, 7.00509826856e-06, 5.88691636949e-06, 4.5746410251e-06, 3.94439803131e-06, 2.70795158031e-06, 2.49998674917e-06, 1.99973601411e-06, 1.62975265994e-06, 1.40138592997e-06, 1.23215534131e-06, 1.02086073639e-06, 8.49442130857e-07, 7.40773543839e-07, 6.42465863621e-07, 5.7006809584e-07, 4.92149183628e-07, 4.44329657512e-07, 3.70989369003e-07, 3.30981379193e-07, 2.76798203913e-07, 2.1991418464e-07, 1.63448731882e-07], "min": [8.15911497864e-24, 1.0335168853e-23, 3.47074106951e-24, 2.34502354155e-24, 2.97428033349e-24, 3.27263068329e-24, 5.42777915205e-24, 4.63653509803e-24, 3.47973723927e-24, 1.43794344804e-24, 6.47318156795e-24, 1.26171344037e-23, 1.19860701342e-23, 1.39559717771e-23, 5.17328118554e-24, 1.3202142607e-23, 8.26033529911e-24, 1.4248678616e-23, 8.55047202916e-24, 1.8221266961e-23, 1.9511168137e-23, 1.12879905531e-23, 1.34887373515e-23, 2.22572276579e-23, 7.90942156947e-24, 1.34112207235e-23, 1.56542962204e-23, 1.556212729e-23, 5.8411631712e-24, 7.6634129296e-24, 9.10013295298e-24, 8.59442656994e-24, 1.21859611767e-23, 8.36129214004e-24, 1.03132393087e-23, 1.27539796826e-23, 1.39341077082e-23, 1.51878064796e-23, 1.61894594585e-23, 1.64211479064e-23], "var": [1.53238015628e-05, 6.62904858473e-05, 9.53699782258e-06, 3.99537839257e-06, 2.08568030757e-06, 1.61214995842e-06, 1.10729160951e-06, 1.20983258967e-06, 4.58122542568e-07, 9.99954252734e-09, 3.84657056429e-07, 9.51443723807e-08, 5.15722353711e-09, 1.16673326556e-09, 1.35937161527e-09, 5.45376188654e-10, 1.74273595555e-09, 2.69960553911e-10, 2.38317920953e-10, 1.62283728122e-10, 9.53712941953e-11, 2.87541952054e-11, 2.74739484635e-11, 1.0408202078e-11, 7.28415071316e-12, 4.4097698583e-12, 1.91156400604e-12, 1.47859730102e-12, 9.1851645647e-13, 6.91848271381e-13, 4.38029712328e-13, 2.67853637491e-13, 2.26139609425e-13, 1.38447901147e-13, 1.3653303748e-13, 8.01056134403e-14, 6.76991286381e-14, 5.70896479504e-14, 4.33199517111e-14, 3.3958028582e-14]}, "mfcc": {"mean": [-669.76965332, 145.520858765, 13.3245162964, 28.3479137421, 9.42179489136, 9.58973789215, -0.134439021349, 1.7345341444, -0.563885748386, 1.67571210861, -0.310950815678, 0.638859927654, -0.756721377373], "cov": [[6539.29589844, -263.813171387, 88.9350814819, -489.803161621, -316.217254639, -175.965881348, -223.990188599, -122.373184204, -84.70703125, -3.77949333191, 15.2500553131, 46.4314651489, 39.5624008179], [-263.813171387, 1111.89379883, -227.121520996, 231.260665894, 140.556427002, 42.5027351379, 60.1926498413, 4.90497350693, 8.35466766357, 6.95172405243, 44.0831108093, 40.5489311218, 34.473575592], [88.9350814819, -227.121520996, 314.756347656, -53.672542572, 41.9686851501, 26.2778701782, -5.53223800659, 4.0814409256, -21.4719467163, -10.1933889389, -7.90627384186, 5.57213401794, -0.00092160521308], [-489.803161621, 231.260665894, -53.672542572, 287.703521729, 30.6432857513, 96.0642318726, 54.060005188, 46.7336387634, 27.5272674561, 16.9128723145, 9.14229011536, 4.61939907074, -0.0701812803745], [-316.217254639, 140.556427002, 41.9686851501, 30.6432857513, 144.718231201, 15.4697170258, 45.8430328369, 17.7971038818, 21.6857795715, 11.4140300751, 16.6969051361, 9.56147098541, 3.99264001846], [-175.965881348, 42.5027351379, 26.2778701782, 96.0642318726, 15.4697170258, 97.6661987305, 28.2854099274, 37.465549469, 11.6888151169, 17.9605407715, 12.9785137177, 14.078286171, 3.34135103226], [-223.990188599, 60.1926498413, -5.53223800659, 54.060005188, 45.8430328369, 28.2854099274, 69.02368927, 32.8347892761, 29.2205810547, 10.7174263, 9.53610515594, 4.56926202774, 7.48263311386], [-122.373184204, 4.90497350693, 4.0814409256, 46.7336387634, 17.7971038818, 37.465549469, 32.8347892761, 64.250579834, 41.0479393005, 23.9998130798, -0.807151854038, -5.04663991928, 0.0392442569137], [-84.70703125, 8.35466766357, -21.4719467163, 27.5272674561, 21.6857795715, 11.6888151169, 29.2205810547, 41.0479393005, 68.8837051392, 41.2417793274, 13.7160348892, -6.05546045303, -1.15804803371], [-3.77949333191, 6.95172405243, -10.1933889389, 16.9128723145, 11.4140300751, 17.9605407715, 10.7174263, 23.9998130798, 41.2417793274, 59.0872688293, 41.1279640198, 20.1684169769, 3.19401049614], [15.2500553131, 44.0831108093, -7.90627384186, 9.14229011536, 16.6969051361, 12.9785137177, 9.53610515594, -0.807151854038, 13.7160348892, 41.1279640198, 75.6246261597, 57.0711784363, 19.7270545959], [46.4314651489, 40.5489311218, 5.57213401794, 4.61939907074, 9.56147098541, 14.078286171, 4.56926202774, -5.04663991928, -6.05546045303, 20.1684169769, 57.0711784363, 74.0965042114, 39.0875205994], [39.5624008179, 34.473575592, -0.00092160521308, -0.0701812803745, 3.99264001846, 3.34135103226, 7.48263311386, 0.0392442569137, -1.15804803371, 3.19401049614, 19.7270545959, 39.0875205994, 51.9404983521]], "icov": [[0.000208879559068, -0.00012722016254, -0.000175663910341, 0.000324319174979, 0.000516400265042, 6.82833924657e-05, 0.000228365403018, 2.54778319686e-06, -0.000102249592601, -0.000166910875123, 3.26025001414e-05, -0.000112342866487, -7.10720778443e-05], [-0.00012722016254, 0.001745586982, 0.00145857501775, -0.00128233083524, -0.00236629648134, -6.80057928548e-05, 0.000377487041987, 0.000230065721553, 0.000940717058256, 0.000414601905504, -0.000591218180489, 0.000331963237841, -0.000961450918112], [-0.000175663910341, 0.00145857501775, 0.00530821736902, 0.000447211816208, -0.00384089699946, -0.00261229742318, 0.00115706096403, -0.000731666455977, 0.00231247767806, 0.000311234791297, 0.000683373422362, -0.000437304872321, -0.000434448476881], [0.000324319174979, -0.00128233083524, 0.000447211816208, 0.00741336401552, 0.00156608980615, -0.00599741470069, -0.00183126574848, -3.4092739952e-05, -0.00142288382631, 0.000613196520135, 0.000549217918888, -0.000185669705388, 0.00100506609306], [0.000516400265042, -0.00236629648134, -0.00384089699946, 0.00156608980615, 0.0134861748666, 0.0014346181415, -0.00650458643213, 0.000846229610033, -0.0029484431725, -7.2250571975e-05, -0.000959264871199, -0.000919292506296, 0.00198155432008], [6.82833924657e-05, -6.80057928548e-05, -0.00261229742318, -0.00599741470069, 0.0014346181415, 0.0220071617514, -0.00276774400845, -0.0103248963133, 0.00789533834904, -0.00570497568697, 0.000357234763214, -0.00334847648628, 0.00177654565778], [0.000228365403018, 0.000377487041987, 0.00115706096403, -0.00183126574848, -0.00650458643213, -0.00276774400845, 0.0290384013206, -0.00833653658628, -0.00871875323355, 0.0114137474447, -0.00731946574524, 0.00262005790137, -0.00401393789798], [2.54778319686e-06, 0.000230065721553, -0.000731666455977, -3.4092739952e-05, 0.000846229610033, -0.0103248963133, -0.00833653658628, 0.0393856614828, -0.0176278948784, -0.0072881123051, 0.0141397779807, -0.00566713651642, 0.000565289752558], [-0.000102249592601, 0.000940717058256, 0.00231247767806, -0.00142288382631, -0.0029484431725, 0.00789533834904, -0.00871875323355, -0.0176278948784, 0.048898845911, -0.0297973211855, -0.00232683122158, 0.0154897263274, -0.00741066597402], [-0.000166910875123, 0.000414601905504, 0.000311234791297, 0.000613196520135, -7.2250571975e-05, -0.00570497568697, 0.0114137474447, -0.0072881123051, -0.0297973211855, 0.0612699650228, -0.0322908237576, 0.00345287541859, 0.00382015435025], [3.26025001414e-05, -0.000591218180489, 0.000683373422362, 0.000549217918888, -0.000959264871199, 0.000357234763214, -0.00731946574524, 0.0141397779807, -0.00232683122158, -0.0322908237576, 0.0643575638533, -0.0467327311635, 0.0141220279038], [-0.000112342866487, 0.000331963237841, -0.000437304872321, -0.000185669705388, -0.000919292506296, -0.00334847648628, 0.00262005790137, -0.00566713651642, 0.0154897263274, 0.00345287541859, -0.0467327311635, 0.0673965066671, -0.0330587998033], [-7.10720778443e-05, -0.000961450918112, -0.000434448476881, 0.00100506609306, 0.00198155432008, 0.00177654565778, -0.00401393789798, 0.000565289752558, -0.00741066597402, 0.00382015435025, 0.0141220279038, -0.0330587998033, 0.039372138679]]}, "spectral_contrast_coeffs": {"dmean": [0.0495240092278, 0.0573535524309, 0.0582688264549, 0.0590914934874, 0.0561836920679, 0.0377773530781], "dmean2": [0.0807189568877, 0.0996706411242, 0.103184454143, 0.106012329459, 0.100639507174, 0.0658661946654], "dvar": [0.00167370052077, 0.00260302564129, 0.00322230160236, 0.00350722717121, 0.002919010818, 0.000954929215368], "dvar2": [0.0042744637467, 0.00699407747015, 0.00942736212164, 0.01066629868, 0.00887497328222, 0.00274345534854], "max": [-0.26018384099, -0.391958385706, -0.388125240803, -0.458924412727, -0.52346098423, -0.63226377964], "mean": [-0.602150380611, -0.670394003391, -0.738888084888, -0.757120728493, -0.763575494289, -0.738457739353], "median": [-0.604064702988, -0.664895892143, -0.747919857502, -0.764901101589, -0.777582883835, -0.739154040813], "min": [-0.967164218426, -0.982445955276, -0.971919953823, -0.96114397049, -0.955555975437, -0.960380792618], "var": [0.00844715815037, 0.0104880491272, 0.00933217816055, 0.00739227747545, 0.00550309754908, 0.00209297426045]}, "spectral_contrast_valleys": {"dmean": [0.404604643583, 0.493721783161, 0.608176648617, 0.645629823208, 0.649945497513, 0.609136402607], "dmean2": [0.662455260754, 0.865059971809, 1.08956468105, 1.16158151627, 1.16091656685, 1.05224633217], "dvar": [0.176140025258, 0.267542093992, 0.424616128206, 0.488468825817, 0.447088360786, 0.282709628344], "dvar2": [0.344523251057, 0.649992346764, 1.17284882069, 1.39659953117, 1.24114763737, 0.739119410515], "max": [-5.14381456375, -5.26764154434, -6.