{"lowlevel": {"average_loudness": 0.544765353203, "barkbands_crest": {"dmean": 2.88246107101, "dmean2": 4.51912736893, "dvar": 8.56185626984, "dvar2": 17.5529079437, "max": 26.0487976074, "mean": 10.710521698, "median": 8.97617721558, "min": 2.40328025818, "var": 31.3204402924}, "barkbands_flatness_db": {"dmean": 0.0289091113955, "dmean2": 0.0421659387648, "dvar": 0.00105083128437, "dvar2": 0.0020351272542, "max": 0.49903395772, "mean": 0.177563384175, "median": 0.181750327349, "min": 0.0161698441952, "var": 0.00506806978956}, "barkbands_kurtosis": {"dmean": 3.7586786747, "dmean2": 6.1198964119, "dvar": 43.6317672729, "dvar2": 112.968292236, "max": 83.6416931152, "mean": 4.45993709564, "median": 0.715290307999, "min": -1.8483825922, "var": 72.2650527954}, "barkbands_skewness": {"dmean": 0.667282104492, "dmean2": 1.01551926136, "dvar": 0.590752780437, "dvar2": 1.27931237221, "max": 8.45913791656, "mean": 1.31412446499, "median": 0.996771335602, "min": -3.62890315056, "var": 2.89402770996}, "barkbands_spread": {"dmean": 4.48871517181, "dmean2": 7.19801139832, "dvar": 24.4662208557, "dvar2": 52.8264007568, "max": 87.9493179321, "mean": 17.1302680969, "median": 17.0858421326, "min": 0.924118161201, "var": 70.1320877075}, "dissonance": {"dmean": 0.0138823902234, "dmean2": 0.0233737230301, "dvar": 0.000238613371039, "dvar2": 0.000630211259704, "max": 0.500000119209, "mean": 0.471983522177, "median": 0.476963281631, "min": 0.288282692432, "var": 0.000534688064363}, "dynamic_complexity": 9.10124015808, "erbbands_crest": {"dmean": 2.42505550385, "dmean2": 3.84784436226, "dvar": 5.76175880432, "dvar2": 13.7771749496, "max": 33.1026229858, "mean": 8.79758930206, "median": 7.35682725906, "min": 2.21877169609, "var": 24.1059398651}, "erbbands_flatness_db": {"dmean": 0.0176447238773, "dmean2": 0.0253514740616, "dvar": 0.000370724068489, "dvar2": 0.000704902864527, "max": 0.485571473837, "mean": 0.209433212876, "median": 0.179471164942, "min": 0.0524907521904, "var": 0.00742088258266}, "erbbands_kurtosis": {"dmean": 0.781275749207, "dmean2": 1.20821595192, "dvar": 2.05022716522, "dvar2": 4.03581237793, "max": 67.7438354492, "mean": 0.246560424566, "median": -0.320199251175, "min": -1.86403822899, "var": 7.43985128403}, "erbbands_skewness": {"dmean": 0.336447536945, "dmean2": 0.518459618092, "dvar": 0.133906140924, "dvar2": 0.299662142992, "max": 3.50807547569, "mean": -0.264610439539, "median": -0.291719347239, "min": -5.58494997025, "var": 0.43996617198}, "erbbands_spread": {"dmean": 5.2121348381, "dmean2": 7.92308568954, "dvar": 26.3201713562, "dvar2": 60.5784950256, "max": 101.705543518, "mean": 30.1670303345, "median": 29.2990112305, "min": 1.22973692417, "var": 178.433883667}, "hfc": {"dmean": 2.96770739555, "dmean2": 4.10162687302, "dvar": 33.7804527283, "dvar2": 72.5673751831, "max": 106.361358643, "mean": 9.46034622192, "median": 6.08119678497, "min": 1.17156369483e-16, "var": 126.15827179}, "melbands_crest": {"dmean": 3.67399597168, "dmean2": 5.84101867676, "dvar": 13.8804063797, "dvar2": 29.5074119568, "max": 38.1233825684, "mean": 14.6193399429, "median": 13.7045955658, "min": 1.50858807564, "var": 55.6009140015}, "melbands_flatness_db": {"dmean": 0.031896263361, "dmean2": 0.0464246757329, "dvar": 0.00134693842847, "dvar2": 0.00254189572297, "max": 0.589786589146, "mean": 0.252539545298, "median": 0.263298690319, "min": 0.0029406005051, "var": 0.00806518271565}, "melbands_kurtosis": {"dmean": 7.73664665222, "dmean2": 12.4196109772, "dvar": 183.661727905, "dvar2": 472.040313721, "max": 170.464263916, "mean": 12.3557004929, "median": 3.40282893181, "min": -1.80675566196, "var": 395.978881836}, "melbands_skewness": {"dmean": 0.817428529263, "dmean2": 1.24544155598, "dvar": 0.941466748714, "dvar2": 2.07606077194, "max": 11.6781311035, "mean": 2.38923668861, "median": 1.84334611893, "min": -2.53302001953, "var": 4.46101045609}, "melbands_spread": {"dmean": 6.43982028961, "dmean2": 10.1587162018, "dvar": 50.0926818848, "dvar2": 107.009124756, "max": 160.765029907, "mean": 26.3690357208, "median": 22.7560977936, "min": 1.07965672016, "var": 608.475341797}, "pitch_salience": {"dmean": 0.0796526744962, "dmean2": 0.118831120431, "dvar": 0.00567753752694, "dvar2": 0.011860921979, "max": 0.960353791714, "mean": 0.542887747288, "median": 0.571253418922, "min": 0.0741455480456, "var": 0.0282088220119}, "silence_rate_20dB": {"dmean": 0, "dmean2": 0, "dvar": 0, "dvar2": 0, "max": 1, "mean": 1, "median": 1, "min": 1, "var": 0}, "silence_rate_30dB": {"dmean": 0.0750142931938, "dmean2": 0.150045752525, "dvar": 0.069382481277, "dvar2": 0.150393426418, "max": 1, "mean": 0.88749140501, "median": 1, "min": 0, "var": 0.0998437553644}, "silence_rate_60dB": {"dmean": 0.0201257858425, "dmean2": 0.0402561761439, "dvar": 0.0197211746126, "dvar2": 0.0427501089871, "max": 1, "mean": 0.39172193408, "median": 0, "min": 0, "var": 0.23827251792}, "spectral_centroid": {"dmean": 210.465805054, "dmean2": 323.62411499, "dvar": 59521.1289062, "dvar2": 114029.148438, "max": 11282.4208984, "mean": 1335.31884766, "median": 1253.01977539, "min": 251.167282104, "var": 442855.5625}, "spectral_complexity": {"dmean": 2.14453983307, "dmean2": 3.25480318069, "dvar": 8.03193759918, "dvar2": 16.7863197327, "max": 47, "mean": 13.131603241, "median": 15, "min": 0, "var": 128.998641968}, "spectral_decrease": {"dmean": 4.0329695139e-09, "dmean2": 6.53364784498e-09, "dvar": 5.77404228344e-17, "dvar2": 1.46906191528e-16, "max": 5.28853623297e-18, "mean": -8.07534306091e-09, "median": -2.25428564704e-09, "min": -1.15732994743e-07, "var": 1.44788344463e-16}, "spectral_energy": {"dmean": 0.0154188219458, "dmean2": 0.0249507501721, "dvar": 0.000835275801364, "dvar2": 0.00212282990105, "max": 0.438994258642, "mean": 0.0313362777233, "median": 0.00917852390558, "min": 1.06162968988e-20, "var": 0.00213171890937}, "spectral_energyband_high": {"dmean": 6.69387954986e-05, "dmean2": 8.92040334293e-05, "dvar": 2.62813486529e-08, "dvar2": 5.25696286502e-08, "max": 0.00349365710281, "mean": 0.000132607689011, "median": 4.06953440688e-05, "min": 7.87451628564e-21, "var": 5.52284333821e-08}, "spectral_energyband_low": {"dmean": 0.013029191643, "dmean2": 0.0207494720817, "dvar": 0.000683432561345, "dvar2": 0.00172270357143, "max": 0.370047807693, "mean": 0.0206858627498, "median": 0.00193881546147, "min": 7.55499788213e-23, "var": 0.00142410967965}, "spectral_energyband_middle_high": {"dmean": 0.000935193209443, "dmean2": 0.00136341317557, "dvar": 9.56635449256e-06, "dvar2": 2.4946861231e-05, "max": 0.0638862550259, "mean": 0.00276669836603, "median": 0.00204296479933, "min": 1.39916944281e-21, "var": 1.49416855493e-05}, "spectral_energyband_middle_low": {"dmean": 0.0065760165453, "dmean2": 0.0111063718796, "dvar": 0.000358676596079, "dvar2": 0.000919881276786, "max": 0.171893239021, "mean": 0.00850915443152, "median": 0.00326993269846, "min": 3.06260769277e-22, "var": 0.000329452450387}, "spectral_entropy": {"dmean": 0.14737918973, "dmean2": 0.215360149741, "dvar": 0.0337007194757, "dvar2": 0.0660273060203, "max": 9.81585979462, "mean": 7.29412794113, "median": 7.2579536438, "min": 5.47540807724, "var": 0.23381178081}, "spectral_flux": {"dmean": 0.0286439545453, "dmean2": 0.0420703552663, "dvar": 0.00200511049479, "dvar2": 0.0036694011651, "max": 0.515630841255, "mean": 0.0768562704325, "median": 0.038692176342, "min": 1.03035413535e-10, "var": 0.00782159063965}, "spectral_kurtosis": {"dmean": 5.42263221741, "dmean2": 9.6338968277, "dvar": 61.6787719727, "dvar2": 198.740707397, "max": 87.4304046631, "mean": 12.2741088867, "median": 7.43220329285, "min": -1.22177183628, "var": 117.783355713}, "spectral_rms": {"dmean": 0.000993385910988, "dmean2": 0.00152090424672, "dvar": 2.41306725002e-06, "dvar2": 5.43936039321e-06, "max": 0.0206950977445, "mean": 0.00396220711991, "median": 0.00299243349582, "min": 3.21828566401e-12, "var": 1.48727149281e-05}, "spectral_rolloff": {"dmean": 326.677185059, "dmean2": 540.14855957, "dvar": 250951.953125, "dvar2": 495795.75, "max": 19207.6171875, "mean": 1995.65014648, "median": 1335.05859375, "min": 21.533203125, "var": 12995770}, "spectral_skewness": {"dmean": 0.443098276854, "dmean2": 0.77870041132, "dvar": 0.335750162601, "dvar2": 1.08033394814, "max": 6.44465970993, "mean": 1.90420532227, "median": 1.75936436653, "min": -0.772010684013, "var": 0.412355393171}, "spectral_spread": {"dmean": 332996.96875, "dmean2": 494886.71875, "dvar": 271869804544, "dvar2": 443393638400, "max": 41235748, "mean": 2916668, "median": 2787974.5, "min": 552350.25, "var": 3512687132670.0}, "spectral_strongpeak": {"dmean": 0.230255320668, "dmean2": 0.382333904505, "dvar": 0.172625124454, "dvar2": 0.410147100687, "max": 6.59669876099, "mean": 0.466140210629, "median": 0.285228699446, "min": 0, "var": 0.399400740862}, "zerocrossingrate": {"dmean": 0.00778547581285, "dmean2": 0.00952584017068, "dvar": 7.39747119951e-05, "dvar2": 0.000107963816845, "max": 0.53076171875, "mean": 0.0654105395079, "median": 0.0478515625, "min": 0.00537109375, "var": 0.00895306095481}, "barkbands": {"dmean": [0.00202277163044, 0.0102657536045, 0.00412061112002, 0.0031680315733, 0.00378883373924, 0.000621678133029, 0.000382929807529, 0.000172402273165, 0.000164955403307, 0.000149495754158, 0.000104775521322, 0.000198954090592, 0.000329809612595, 0.000110047825729, 0.000221053574933, 0.000121648328786, 9.78704338195e-05, 7.14805210009e-05, 5.12170336151e-05, 2.49597032962e-05, 1.97452718567e-05, 1.17607378343e-05, 8.77463662619e-06, 9.98265568342e-06, 7.01347516952e-06, 4.0205559344e-06, 3.0228579817e-06], "dmean2": [0.0033107122872, 0.0157003961504, 0.00665738992393, 0.00576231908053, 0.00692830374464, 0.00104576884769, 0.000639002129901, 0.00026963360142, 0.000225771946134, 0.000222786708036, 0.000159250106663, 0.000325825239997, 0.00047719021677, 0.000166064521181, 0.000348617177224, 0.000194641281269, 0.000155645306222, 0.000110129178211, 7.85899683251e-05, 3.71818241547e-05, 2.8353466405e-05, 1.70456514752e-05, 1.32184841277e-05, 1.40932470458e-05, 9.6323174148e-06, 5.58386273042e-06, 4.31023545389e-06], "dvar": [0.000127965569845, 0.000450648949482, 0.000149405677803, 0.000117311850772, 0.000159308445291, 2.74427975455e-06, 1.28950875933e-06, 9.58463672873e-08, 1.18378302716e-07, 2.85275007172e-07, 1.02701200433e-07, 7.50040669573e-07, 1.62593073583e-06, 7.69230652509e-08, 1.71710311747e-07, 4.49831496496e-08, 2.72917333177e-08, 2.05515515717e-08, 1.10066684655e-08, 2.9709648075e-09, 1.93370031099e-09, 8.48255632402e-10, 1.05484465607e-09, 7.57537255147e-10, 4.24450419256e-10, 1.07903137814e-10, 7.16293274694e-11], "dvar2": [0.000314668082865, 0.00118400447536, 0.00036554428516, 0.000328052527038, 0.000457248737803, 7.60328748584e-06, 3.68979272025e-06, 2.31393670447e-07, 2.22906621161e-07, 7.57492159664e-07, 2.5965098871e-07, 2.10647317544e-06, 4.30151294495e-06, 1.45616823488e-07, 4.20543358359e-07, 1.12344977765e-07, 6.76701787938e-08, 4.88492126749e-08, 2.61215653552e-08, 6.69014088572e-09, 3.95507493423e-09, 1.89487159297e-09, 2.72748512664e-09, 1.65762381599e-09, 9.32508625873e-10, 2.16349646531e-10, 1.50526716092e-10], "max": [0.277601271868, 0.20074313879, 0.136247724295, 0.0983847305179, 0.123202748597, 0.0405424870551, 0.0354390256107, 0.00724013894796, 0.0115272700787, 0.0121862031519, 0.00806479528546, 0.0159346573055, 0.0258440263569, 0.00922158919275, 0.00977213215083, 0.00394964730367, 0.00218121521175, 0.00374368508346, 0.00266502681188, 0.00145615753718, 0.000964638369624, 0.000531833502464, 0.000558087951504, 0.000501759292092, 0.000637952412944, 0.000234951075981, 0.000170384926605], "mean": [0.00176529202145, 0.0133445020765, 0.00483401678503, 0.00234375544824, 0.00332894991152, 0.00110193330329, 0.000832162157167, 0.000340343598509, 0.000506209558807, 0.000321396772051, 0.000190242106328, 0.000304407585645, 0.000614005723037, 0.000200385373319, 0.000421620177804, 0.000261136592599, 0.000206828743103, 0.000151013635332, 0.000106949541077, 5.2989609685e-05, 4.11479704781e-05, 2.07550147024e-05, 1.29556328829e-05, 1.52685661305e-05, 1.00306315289e-05, 4.88408659294e-06, 3.17790318149e-06], "median": [1.71422707353e-05, 0.000328141759383, 0.000735715206247, 0.000197271903744, 0.000523677328601, 0.000309569062665, 0.000255512510194, 0.000128641404444, 0.000114953931188, 0.000103787751868, 6.62977545289e-05, 0.000138129005791, 0.00019979319768, 5.96195168328e-05, 0.000194064923562, 0.000150893145474, 0.000107101630419, 6.89439184498e-05, 4.86317221657e-05, 2.20445872401e-05, 1.41090822581e-05, 5.52534493181e-06, 2.06077947951e-06, 1.29325974285e-06, 6.59292027194e-07, 1.84048388974e-07, 5.67887994407e-08], "min": [7.07956671845e-24, 2.75913820367e-23, 2.70824689341e-23, 1.52399438745e-23, 4.40477462717e-23, 7.02478869051e-23, 1.39047179064e-23, 5.38137811694e-23, 1.01882894211e-22, 3.54724243351e-23, 1.02400412209e-22, 5.03309571175e-23, 5.43490706253e-23, 1.84925240408e-22, 1.08605964432e-22, 1.38326810218e-22, 2.60763084039e-22, 1.40034612036e-22, 2.51128631141e-22, 1.89127496139e-22, 4.27757692776e-22, 5.89275966e-22, 9.3905628553e-22, 9.17053301431e-22, 1.17249156174e-21, 1.55990784183e-21, 2.40128976822e-21], "var": [0.000111531073344, 0.000845840666443, 0.000148880106281, 7.44410281186e-05, 0.000102731806692, 3.75810191144e-06, 2.40504118665e-06, 2.8163660204e-07, 1.09216352939e-06, 3.86858005186e-07, 1.43836714983e-07, 5.71288239826e-07, 2.02418641493e-06, 2.40483416292e-07, 4.10297559483e-07, 1.19781944363e-07, 7.45744301867e-08, 4.81392312679e-08, 2.44224729329e-08, 6.98244750907e-09, 4.87000484384e-09, 1.5034413714e-09, 1.08058950676e-09, 1.22221155419e-09, 6.12986772452e-10, 1.55991011774e-10, 8.74828473552e-11]}, "erbbands": {"dmean": [0.384346425533, 2.02601075172, 3.98345756531, 7.67924785614, 13.3092136383, 10.9473543167, 7.90030384064, 4.39577722549, 5.75153779984, 3.56145358086, 3.6167538166, 4.19016218185, 3.12237286568, 4.58700037003, 5.24276781082, 8.018409729, 15.9895029068, 6.00740623474, 5.332010746, 14.831993103, 6.34165000916, 4.46406507492, 3.81802105904, 3.17725133896, 2.1546869278, 1.24825441837, 1.0012152195, 0.612865269184, 0.413985431194, 0.296534329653, 0.282295882702, 0.196285516024, 0.18285317719, 0.107453845441, 0.0351086854935, 0.0179077275097, 0.00727727869526, 0.00255516031757, 0.000476347951917, 3.94134185626e-05], "dmean2": [0.589680492878, 3.01439499855, 5.94115924835, 13.1128644943, 24.3579597473, 19.9043731689, 13.7663087845, 7.47401332855, 9.67744255066, 5.83597564697, 5.50898551941, 5.70524692535, 4.70940160751, 6.84762334824, 8.18002033234, 13.0511770248, 22.9564914703, 8.72441768646, 8.57899951935, 23.1194038391, 10.1794748306, 7.05490875244, 5.88291120529, 4.88263177872, 3.26102161407, 1.86638629436, 1.44581484795, 0.886618614197, 0.605966448784, 0.430190324783, 0.433323204517, 0.280200988054, 0.259952157736, 0.150758340955, 0.0477627962828, 0.0250832680613, 0.0100758690387, 0.00361709459685, 0.000672129623126, 6.09860435361e-05], "dvar": [0.806309640408, 20.3693218231, 116.701667786, 586.571716309, 2264.25, 1265.46765137, 350.097290039, 150.598815918, 406.339538574, 48.5016326904, 43.9329681396, 78.0208053589, 96.9387130737, 311.150238037, 331.884216309, 1382.68762207, 3483.84472656, 391.096710205, 140.890289307, 789.668457031, 119.529518127, 57.0537414551, 54.4624519348, 43.1431427002, 19.1218757629, 7.12985897064, 4.67077970505, 2.33855009079, 1.00590062141, 0.69051450491, 1.34201073647, 0.32823574543, 0.254773229361, 0.12038552016, 0.00845150370151, 0.00218348274939, 0.000372358743334, 5.27644988324e-05, 1.7380546069e-06, 9.44070510656e-09], "dvar2": [2.1271853447, 49.7840843201, 252.226577759, 1531.87939453, 6371.48144531, 3684.38476562, 983.851318359, 427.730529785, 1172.52355957, 128.652420044, 100.475379944, 146.752227783, 247.636947632, 824.371337891, 903.764587402, 3882.29174805, 9113.2578125, 811.977844238, 353.684997559, 1902.21020508, 305.461212158, 138.419342041, 128.162063599, 102.505386353, 43.076374054, 15.9174289703, 9.48126029968, 5.24760007858, 2.24895763397, 1.61480033398, 3.57997369766, 0.737036406994, 0.557563304901, 0.278195470572, 0.0173735637218, 0.00456738704816, 0.000756785040721, 0.000110510314698, 3.59051659871e-06, 2.14763193895e-08], "max": [15.1416425705, 41.3889389038, 135.554504395, 257.227111816, 411.533813477, 451.005981445, 303.461883545, 272.803131104, 637.809143066, 171.502578735, 200.85105896, 231.877105713, 259.6668396, 408.718109131, 418.765441895, 696.531799316, 1228.59631348, 673.259094238, 271.508575439, 661.295043945, 253.947280884, 104.602294922, 177.841186523, 193.276275635, 74.6053314209, 69.5100784302, 38.0511512756, 33.126914978, 17.7235813141, 18.2256908417, 19.7409610748, 13.498878479, 10.5499696732, 12.8480949402, 1.7304186821, 0.96085190773, 0.482346206903, 0.186869978905, 0.025784548372, 0.00223383563571], "mean": [0.433559477329, 2.81512856483, 5.71513986588, 7.11069917679, 10.0578584671, 10.3383922577, 10.6491546631, 8.28863430023, 11.8112211227, 8.20744895935, 8.48393535614, 12.5805530548, 8.61734962463, 9.48312091827, 10.1829128265, 13.9860601425, 30.2951602936, 12.1616125107, 10.2709302902, 28.724395752, 14.0128183365, 10.2544851303, 8.79641628265, 7.09196329117, 4.55454015732, 2.74041700363, 2.19652247429, 1.15135324001, 0.71190392971, 0.512294650078, 0.385208427906, 0.299453377724, 0.278098732233, 0.154825687408, 0.0486120022833, 0.0219779908657, 0.00889185350388, 0.00280806887895, 0.000522686983459, 6.71503221383e-05], "median": [0.00470416108146, 0.109409309924, 0.889516711235, 1.1582171917, 1.03813862801, 1.7999215126, 3.09311580658, 2.25372457504, 3.38496637344, 4.00258874893, 3.88983678818, 3.17652082443, 2.68505883217, 3.76306867599, 5.42138576508, 7.66997241974, 10.1562614441, 4.1129693985, 5.77998352051, 13.2174510956, 9.02883815765, 5.80897140503, 4.29926109314, 3.41133737564, 2.11550211906, 1.20870435238, 0.828276455402, 0.334006369114, 0.20231577754, 0.103376090527, 0.0597946420312, 0.0321177914739, 0.0208897255361, 0.0098672490567, 0.00318587687798, 0.000865983194672, 0.000342870363966, 6.31467846688e-05, 2.3037306164e-05, 1.41521968544e-05], "min": [1.06652459578e-21, 5.32179733342e-21, 2.39885495724e-20, 6.10562560394e-20, 9.75153595239e-20, 8.72266350334e-20, 5.03434114919e-19, 4.90585311669e-19, 2.72320911596e-19, 4.8115995048e-19, 1.28811098227e-18, 2.58960367891e-18, 1.27458978458e-18, 2.61469971831e-18, 3.09903526686e-18, 2.29760685472e-18, 2.78470043023e-18, 6.66231779429e-18, 6.57544190969e-18, 6.18997781219e-18, 9.23179141261e-18, 1.55112511419e-17, 8.45609948447e-18, 1.18862396409e-17, 1.06977225485e-17, 8.89642261378e-18, 1.53593261875e-17, 1.89512107594e-17, 2.43085469126e-17, 2.0915576117e-17, 2.72014026555e-17, 1.49975934882e-17, 2.01445610681e-17, 1.33978361097e-17, 8.12823073225e-18, 5.71898696167e-18, 2.84817061902e-18, 1.07450709872e-18, 3.31740810514e-19, 3.92088263241e-20], "var": [1.06141650677, 40.2134552002, 164.715301514, 458.532867432, 1408.93322754, 845.723327637, 378.374542236, 217.580154419, 614.501586914, 149.024780273, 165.924285889, 586.28112793, 336.888977051, 377.269073486, 352.002990723, 1069.875, 4706.7421875, 1008.63592529, 237.789825439, 1946.80908203, 310.346740723, 164.426712036, 144.151412964, 102.240737915, 45.856098175, 17.5031642914, 12.9352407455, 4.51657295227, 1.76924788952, 1.0788564682, 1.1922544241, 0.490933805704, 0.421323478222, 0.160552963614, 0.0133517654613, 0.00306599959731, 0.000534396502189, 6.66186970193e-05, 2.19827438741e-06, 1.44213210262e-08]}, "gfcc": {"mean": [-169.86895752, 129.356170654, -139.329360962, 3.27647995949, -19.4713249207, -6.52743148804, -38.6737518311, 6.0774435997, -21.4159107208, -8.50734329224, -7.15720748901, -4.66966629028, -13.0238819122], "cov": [[60954.1757812, 3482.76269531, 2136.52954102, 5681.22998047, -2262.52612305, 2019.4140625, 836.368591309, -559.22253418, 443.807769775, 1155.17626953, -402.025512695, -198.612228394, 984.739746094], [3482.76269531, 3244.33007812, -1403.39868164, -739.905090332, 630.054016113, -709.498046875, -326.88583374, -40.3809204102, -136.536026001, -432.256164551, 170.116943359, -201.022262573, -182.528839111], [2136.52954102, -1403.39868164, 1286.2310791, 970.983276367, -468.998779297, 599.116760254, 278.33493042, -17.2353916168, 145.839736938, 338.937957764, -84.2593231201, 125.508033752, 221.906860352], [5681.22998047, -739.905090332, 970.983276367, 1445.61010742, -494.376220703, 699.85357666, 450.404388428, -90.7168807983, 235.094085693, 393.357971191, -58.5544204712, 67.1717147827, 288.415313721], [-2262.52612305, 630.054016113, -468.998779297, -494.376220703, 468.383483887, -256.04574585, -118.396812439, 65.0741653442, -66.6723327637, -174.073669434, 68.8283920288, -28.2510318756, -111.30721283], [2019.4140625, -709.498046875, 599.116760254, 699.85357666, -256.04574585, 520.555664062, 286.960266113, 9.8967590332, 132.777786255, 233.937210083, -45.2054710388, 57.1634674072, 133.910140991], [836.368591309, -326.88583374, 278.33493042, 450.404388428, -118.396812439, 286.960266113, 330.039672852, 16.2541923523, 141.265716553, 163.424743652, 21.0628566742, 31.4608917236, 92.9899291992], [-559.22253418, -40.3809204102, -17.2353916168, -90.7168807983, 65.0741653442, 9.8967590332, 16.2541923523, 142.541534424, 40.9959602356, 0.442726135254, 8.1290473938, 6.71736097336, -12.7165184021], [443.807769775, -136.536026001, 145.839736938, 235.094085693, -66.6723327637, 132.777786255, 141.265716553, 40.9959602356, 152.807067871, 115.665550232, 29.3046360016, 23.0262241364, 63.8646583557], [1155.17626953, -432.256164551, 338.937957764, 393.357971191, -174.073669434, 233.937210083, 163.424743652, 0.442726135254, 115.665550232, 203.38760376, 12.0891227722, 48.7649078369, 88.4834442139], [-402.025512695, 170.116943359, -84.2593231201, -58.5544204712, 68.8283920288, -45.2054710388, 21.0628566742, 8.1290473938, 29.3046360016, 12.0891227722, 102.036369324, 27.680973053, 6.12415122986], [-198.612228394, -201.022262573, 125.508033752, 67.1717147827, -28.2510318756, 57.1634674072, 31.4608917236, 6.71736097336, 23.0262241364, 48.7649078369, 27.680973053, 77.5117797852, 43.9459495544], [984.739746094, -182.528839111, 221.906860352, 288.415313721, -111.30721283, 133.910140991, 92.9899291992, -12.7165184021, 63.8646583557, 88.4834442139, 6.12415122986, 43.9459495544, 128.601226807]], "icov": [[7.54825668992e-05, -0.000272277306067, 1.13401756607e-05, -0.000288366572931, 0.000298373575788, -8.12032085378e-05, 0.000166784710018, -0.000235404062551, 0.000389558175812, -0.000476571323816, 0.000311804673402, -9.48276137933e-05, 1.36343405757e-05], [-0.000272277306067, 0.00199914490804, 0.000804883311503, -9.14922111406e-06, -0.00153559737373, 0.000762686831877, 4.01131983381e-05, 0.000775697291829, -0.00171900715213, 0.00308814574964, -0.00275366869755, 0.00166855519637, -0.00023168741609], [1.13401756607e-05, 0.000804883311503, 0.00330734625459, -0.00166367529891, 0.000307706388412, -0.000805732619483, 0.00123798591085, -0.000757302797865, 0.000582872889936, -0.000284103531158, -4.82531359012e-05, -0.0012498605065, -0.000449572486104], [-0.000288366572931, -9.14922111406e-06, -0.00166367529891, 0.00629718601704, -0.000484677933855, -0.00272278557532, -0.00225567654707, 0.00351374410093, -0.00219630612992, -0.000956996227615, 0.00086907541845, 0.00190503243357, -0.00360592082143], [0.000298373575788, -0.00153559737373, 0.000307706388412, -0.000484677933855, 0.00612279586494, -0.000761868723202, -5.28646050952e-05, -0.00252979807556, 0.00172097003087, 0.000483867304865, -0.000747418554965, -0.00158260017633, 0.00136139395181], [-8.12032085378e-05, 0.000762686831877, -0.000805732619483, -0.00272278557532, -0.000761868723202, 0.00977323576808, -0.00349283008836, -0.00210359902121, 0.00115207384806, -0.00148559908848, 0.00206377985887, -0.00146624271292, 0.00153535394929], [0.000166784710018, 4.01131983381e-05, 0.00123798591085, -0.00225567654707, -5.28646050952e-05, -0.00349283008836, 0.00927371904254, -0.000518364598975, -0.00283058220521, -0.000629492453299, -0.00258078705519, 0.00148219964467, -8.04370392871e-06], [-0.000235404062551, 0.000775697291829, -0.000757302797865, 0.00351374410093, -0.00252979807556, -0.00210359902121, -0.000518364598975, 0.0117360893637, -0.00690226629376, 0.00204258132726, 0.000881911080796, -6.21809376753e-05, -0.00013224464783], [0.000389558175812, -0.00171900715213, 0.000582872889936, -0.00219630612992, 0.00172097003087, 0.00115207384806, -0.00283058220521, -0.00690226629376, 0.0201278906316, -0.010628387332, -0.000700910633896, 0.00173426582478, -0.00309093575925], [-0.000476571323816, 0.00308814574964, -0.000284103531158, -0.000956996227615, 0.000483867304865, -0.00148559908848, -0.000629492453299, 0.00204258132726, -0.010628387332, 0.0250578206033, -0.00849697180092, -0.00139923370443, 0.00221180124208], [0.000311804673402, -0.00275366869755, -4.82531359012e-05, 0.00086907541845, -0.000747418554965, 0.00206377985887, -0.00258078705519, 0.000881911080796, -0.000700910633896, -0.00849697180092, 0.0218591988087, -0.00981075875461, -0.000498367531691], [-9.48276137933e-05, 0.00166855519637, -0.0012498605065, 0.00190503243357, -0.00158260017633, -0.00146624271292, 0.00148219964467, -6.21809376753e-05, 0.00173426582478, -0.00139923370443, -0.00981075875461, 0.0257738325745, -0.00818110909313], [1.36343405757e-05, -0.00023168741609, -0.000449572486104, -0.00360592082143, 0.00136139395181, 0.00153535394929, -8.04370392871e-06, -0.00013224464783, -0.00309093575925, 0.00221180124208, -0.000498367531691, -0.00818110909313, 0.0186104159802]]}, "melbands": {"dmean": [0.00316798686981, 0.00194315530825, 0.00138294149656, 0.00093833374558, 0.00029689288931, 0.000100446675788, 8.44248716021e-05, 3.74035080313e-05, 2.94001220027e-05, 2.36560445046e-05, 1.64612119988e-05, 2.00839713216e-05, 1.69989652932e-05, 2.1113684852e-05, 3.23478416249e-05, 2.75723596133e-05, 1.0075859791e-05, 8.57895247464e-06, 1.58312013809e-05, 1.41311984407e-05, 7.49982336856e-06, 4.6487898544e-06, 5.46742148799e-06, 4.09486528952e-06, 2.604579322e-06, 1.88395574696e-06, 1.20440563478e-06, 8.14944201011e-07, 7.35639389404e-07, 4.70284930998e-07, 3.3853970649e-07, 2.56683449606e-07, 2.12218878914e-07, 1.43031925859e-07, 1.63342633641e-07, 1.39705761626e-07, 1.19124891285e-07, 1.34990514766e-07, 1.2266623628e-07, 7.86765497196e-08], "dmean2": [0.00487721432, 0.00278853462078, 0.00227656704374, 0.00170493242331, 0.000528233824298, 0.000169596198248, 0.000141588650877, 6.07740985288e-05, 4.3754640501e-05, 3.21934821841e-05, 2.47933439823e-05, 2.9860457289e-05, 2.58884392679e-05, 3.38849094987e-05, 4.8551341024e-05, 3.99494128942e-05, 1.4842937162e-05, 1.41276141221e-05, 2.50802586379e-05, 2.17144861381e-05, 1.21891216622e-05, 7.35157664167e-06, 8.83465509105e-06, 6.40131747787e-06, 4.05764740208e-06, 2.93653602057e-06, 1.82396581749e-06, 1.2516611605e-06, 1.09103496015e-06, 6.86592500188e-07, 5.13543852776e-07, 3.83272038107e-07, 3.14281464853e-07, 2.12617749185e-07, 2.59735628561e-07, 2.02139332828e-07, 1.74495212946e-07, 1.96554424292e-07, 1.74669111175e-07, 1.12546416631e-07], "dvar": [4.65895609523e-05, 2.04479802051e-05, 1.78680074896e-05, 1.0337724234e-05, 5.50639811081e-07, 8.51648280786e-08, 7.70698065367e-08, 4.75189576576e-09, 2.70500000177e-09, 2.50434983862e-09, 2.76761236151e-09, 5.84764059397e-09, 2.71688227471e-09, 6.74947875368e-09, 1.83657657971e-08, 1.12858771217e-08, 8.81864969937e-10, 4.01459421262e-10, 8.75296890523e-10, 6.72544631097e-10, 1.72153985512e-10, 6.70224015176e-11, 9.47524558814e-11, 7.05878897e-11, 2.93608852509e-11, 1.54632695537e-11, 5.85072571987e-12, 3.2733874205e-12, 2.46467863479e-12, 1.17867922454e-12, 8.05871591247e-13, 3.89843159924e-13, 2.70417612998e-13, 1.78887571531e-13, 5.81515250449e-13, 1.55329565941e-13, 1.36959779455e-13, 1.55060738013e-13, 1.1820275661e-13, 8.86382167751e-14], "dvar2": [0.000124057129142, 3.93369336962e-05, 4.44457036792e-05, 2.95089212159e-05, 1.57107365339e-06, 2.39606890773e-07, 2.22011721007e-07, 1.23989769563e-08, 5.92734172855e-09, 4.7796380187e-09, 7.08219793921e-09, 1.54733594826e-08, 7.04669522733e-09, 1.87241244731e-08, 5.01126038444e-08, 2.9874868801e-08, 1.70433567259e-09, 1.03437725052e-09, 2.17880224973e-09, 1.55733548279e-09, 4.51099740895e-10, 1.62723015618e-10, 2.46341502752e-10, 1.71802849724e-10, 7.12968017957e-11, 3.70503419611e-11, 1.31164367562e-11, 7.59727350474e-12, 5.25222964079e-12, 2.41373370943e-12, 1.9533825512e-12, 9.00752183345e-13, 6.04499306514e-13, 4.32967978961e-13, 1.60132215647e-12, 3.43911043307e-13, 3.19296021914e-13, 3.50947434091e-13, 2.49824520879e-13, 2.19231818571e-13], "max": [0.10451938957, 0.0525636635721, 0.0388377159834, 0.0323324613273, 0.0103290425614, 0.00684473942965, 0.00888664927334, 0.00149761675857, 0.00154588511214, 0.001276291674, 0.00131188845262, 0.00174852914643, 0.00125657639001, 0.00161190913059, 0.00295902788639, 0.00208717118949, 0.00103139248677, 0.000443423923571, 0.000672517111525, 0.00054153293604, 0.000341379432939, 0.000119480850117, 0.00013452762505, 0.000197680317797, 0.000156542373588, 8.80300212884e-05, 4.45300429419e-05, 5.80202686251e-05, 3.06502479361e-05, 2.50904140557e-05, 1.81511022674e-05, 1.24829393826e-05, 1.14039658001e-05, 9.24727009988e-06, 1.29320105771e-05, 6.14033842794e-06, 9.33421961236e-06, 8.45550312079e-06, 6.32289493296e-06, 1.34106976475e-05], "mean": [0.00390614964999, 0.003289694665, 0.00131917442195, 0.000795626197942, 0.000377648801077, 0.000187870056834, 0.000175967623363, 8.53139936225e-05, 7.56594599807e-05, 7.20703028492e-05, 4.2478168325e-05, 4.03110643674e-05, 3.27781090164e-05, 3.39044054272e-05, 5.75605445192e-05, 5.28851996933e-05, 1.89292732102e-05, 1.42429344123e-05, 3.0435876397e-05, 2.95947666018e-05, 1.48851795529e-05, 1.04691744127e-05, 9.56582607614e-06, 8.11172321846e-06, 5.4569745771e-06, 3.83198403142e-06, 2.44949342232e-06, 1.6414617221e-06, 1.52964491917e-06, 9.38828293329e-07, 5.54211908366e-07, 4.14279583083e-07, 3.59914281489e-07, 2.36795415276e-07, 2.05314492518e-07, 2.16235847006e-07, 1.70930846366e-07, 1.99947976398e-07, 1.8304608318e-07, 1.07178721009e-07], "median": [7.45714714867e-05, 0.000372205278836, 0.000203439762117, 9.29854431888e-05, 0.00011611096852, 4.825608994e-05, 4.94880587212e-05, 4.39230061602e-05, 3.13900491165e-05, 1.65886049217e-05, 1.15954289868e-05, 1.38403520396e-05, 1.47495939018e-05, 1.45868925756e-05, 2.03496856557e-05, 1.82020121429e-05, 5.08360835738e-06, 6.70383087709e-06, 1.41199543577e-05, 1.49250654431e-05, 8.56762562762e-06, 5.61011711397e-06, 4.2113397285e-06, 3.45499938703e-06, 2.51537449003e-06, 1.76093203663e-06, 1.03218962977e-06, 6.74994794281e-07, 5.49620494894e-07, 2.91341081038e-07, 1.3668879717e-07, 1.16011804607e-07, 7.98539616653e-08, 3.86144201059e-08, 3.04182350419e-08, 2.85592811622e-08, 1.46853036398e-08, 1.41367237916e-08, 1.19272804966e-08, 6.33614494205e-09], "min": [8.88952523509e-24, 1.10698697239e-23, 1.07433515178e-23, 6.1177239995e-24, 1.4370313079e-23, 1.15165945548e-23, 3.95538052764e-24, 6.53359016949e-24, 1.13209846605e-23, 1.64968627761e-23, 5.85497612565e-24, 9.98357196985e-24, 1.34821850729e-23, 5.06819584106e-24, 6.42229964513e-24, 6.06259761058e-24, 1.42032970258e-23, 1.20671729239e-23, 9.61948189651e-24, 7.14239160094e-24, 1.09338022618e-23, 1.5418403144e-23, 1.19923139683e-23, 6.4849415119e-24, 1.00770511983e-23, 8.18494070695e-24, 6.46665137738e-24, 5.73253860227e-24, 8.45308005066e-24, 1.29946075023e-23, 9.60736972617e-24, 1.45833228783e-23, 1.01251606694e-23, 1.29270904751e-23, 1.5872432038e-23, 1.18703079518e-23, 8.29735811911e-24, 1.63869539416e-23, 1.06826392048e-23, 1.06231890693e-23], "var": [7.47169397073e-05, 4.49799917988e-05, 1.53679156938e-05, 6.64529943606e-06, 5.22486800492e-07, 1.17703862657e-07, 1.26528931332e-07, 1.44413236924e-08, 1.32149535759e-08, 2.05213837035e-08, 8.88646844999e-09, 7.17109172044e-09, 3.67834629422e-09, 5.74264547026e-09, 1.93461922038e-08, 1.35103848109e-08, 2.67603672555e-09, 5.64810254122e-10, 2.14119810771e-09, 1.84511161905e-09, 3.85951770543e-10, 1.81861345427e-10, 1.9256436723e-10, 1.55347970598e-10, 6.35598171317e-11, 3.25679171131e-11, 1.42990237706e-11, 7.05746919238e-12, 6.38295579586e-12, 2.82027070968e-12, 1.21250405549e-12, 6.2251354245e-13, 4.95071052296e-13, 2.55601637945e-13, 4.48818879197e-13, 2.43392843857e-13, 1.84490904541e-13, 2.43761418385e-13, 1.94708751075e-13, 9.86403477345e-14]}, "mfcc": {"mean": [-766.386291504, 141.845962524, -28.2810115814, 11.8475103378, 18.3120918274, -2.27425909042, -2.33732223511, 3.49356412888, -4.51813983917, -4.76237726212, -0.490515530109, 0.106910005212, -0.641130208969], "cov": [[27766.2265625, 3833.8894043, 1202.03930664, 3112.13916016, 135.911590576, 1212.07580566, 987.597717285, -68.0967330933, 750.831848145, 809.835876465, -86.2635726929, 522.026000977, 422.830993652], [3833.8894043, 2036.13830566, -509.063354492, 207.985824585, 229.594909668, -89.7692947388, -45.6103897095, 51.058216095, -72.9450912476, -39.6782150269, 34.5411758423, 12.7511510849, 23.2889862061], [1202.03930664, -509.063354492, 653.635131836, 355.195495605, -91.6889038086, 232.518463135, 170.549591064, -37.8261375427, 142.701248169, 123.88243103, -29.1325969696, 76.7660293579, 51.440662384], [3112.13916016, 207.985824585, 355.195495605, 683.357055664, -17.7462520599, 304.571655273, 241.593917847, -18.2297954559, 194.427886963, 189.364257812, -14.7981023788, 126.807174683, 118.819374084], [135.911590576, 229.594909668, -91.6889038086, -17.7462520599, 175.593353271, -11.8399171829, -13.9131097794, 32.9330444336, -23.7998752594, -37.7170524597, 13.3598203659, -14.4291639328, -13.0161218643], [1212.07580566, -89.7692947388, 232.518463135, 304.571655273, -11.8399171829, 267.996582031, 179.421005249, 5.06096839905, 127.314422607, 116.399864197, -3.23283410072, 79.0802536011, 62.1646881104], [987.597717285, -45.6103897095, 170.549591064, 241.593917847, -13.9131097794, 179.421005249, 202.7474823, 32.1214790344, 105.604690552, 103.318748474, 14.4071893692, 66.6209030151, 47.7217216492], [-68.0967330933, 51.058216095, -37.8261375427, -18.2297954559, 32.9330444336, 5.06096839905, 32.1214790344, 97.2903900146, 36.8992500305, 18.6671142578, 29.3703212738, 8.78683853149, -2.94345855713], [750.831848145, -72.9450912476, 142.701248169, 194.427886963, -23.7998752594, 127.314422607, 105.604690552, 36.8992500305, 159.514175415, 118.900520325, 14.762424469, 57.2424850464, 48.9199523926], [809.835876465, -39.6782150269, 123.88243103, 189.364257812, -37.7170524597, 116.399864197, 103.318748474, 18.6671142578, 118.900520325, 147.564239502, 35.4895591736, 61.0315895081, 50.2461700439], [-86.2635726929, 34.5411758423, -29.1325969696, -14.7981023788, 13.3598203659, -3.23283410072, 14.4071893692, 29.3703212738, 14.762424469, 35.4895591736, 76.3772964478, 39.8381004333, 8.56812763214], [522.026000977, 12.7511510849, 76.7660293579, 126.807174683, -14.4291639328, 79.0802536011, 66.6209030151, 8.78683853149, 57.2424850464, 61.0315895081, 39.8381004333, 100.395401001, 53.1085357666], [422.830993652, 23.2889862061, 51.440662384, 118.819374084, -13.0161218643, 62.1646881104, 47.7217216492, -2.94345855713, 48.9199523926, 50.2461700439, 8.56812763214, 53.1085357666, 79.5466918945]], "icov": [[0.000126011364046, -0.00027746745036, -0.000195128683117, -0.000298170169117, 4.17925766669e-05, -2.58587951976e-05, -5.00092828588e-05, 0.000105959086795, -2.1526187993e-05, -0.000251777586527, 0.00024946272606, -0.000120133801829, 0.000269563519396], [-0.00027746745036, 0.00166454783175, 0.00148554041516, -0.000762114475947, -0.000833176716696, 0.000624406617135, 0.000388836895581, -0.000748992722947, 0.00081728072837, 0.00045592430979, -0.00055974262068, -4.45708683401e-05, -0.00042057223618], [-0.000195128683117, 0.00148554041516, 0.00410448666662, -0.00152809452266, 0.000151815431309, -0.000467400706839, -0.000137420240208, 0.000458544585854, -0.000371146044927, 0.000636315438896, 0.000232905091252, -0.000749438768253, 0.00102165178396], [-0.000298170169117, -0.000762114475947, -0.00152809452266, 0.00717228231952, -0.000704583886545, -0.0016951126745, -0.00215942808427, 0.00226067937911, -0.00169973412994, -0.00198791362345, 0.00264568440616, -0.00138276303187, -0.002389294561], [4.17925766669e-05, -0.000833176716696, 0.000151815431309, -0.000704583886545, 0.00847244262695, -0.00242807646282, 0.000926183420233, -0.00242129596882, -0.000450655643363, 0.00430250633508, -0.00373078370467, 0.00259437225759, -0.000156154957949], [-2.58587951976e-05, 0.000624406617135, -0.000467400706839, -0.0016951126745, -0.00242807646282, 0.0138857364655, -0.00732682598755, 0.00195892341435, -0.00205774395727, -0.00172787287738, 0.00380461034365, -0.00347364111803, 0.000274319696473], [-5.00092828588e-05, 0.000388836895581, -0.000137420240208, -0.00215942808427, 0.000926183420233, -0.00732682598755, 0.0156706962734, -0.00570294680074, 0.00182490632869, -0.00210488773882, -0.00110985210631, -0.000469209451694, 0.000371649366571], [0.000105959086795, -0.000748992722947, 0.000458544585854, 0.00226067937911, -0.00242129596882, 0.00195892341435, -0.00570294680074, 0.0180899295956, -0.00874581281096, 0.002636003308, -0.00449907360598, 0.000892775773536, 0.00174840854015], [-2.1526187993e-05, 0.00081728072837, -0.000371146044927, -0.00169973412994, -0.000450655643363, -0.00205774395727, 0.00182490632869, -0.00874581281096, 0.0228397957981, -0.0141533929855, 0.00573096470907, -0.00244425656274, -0.00132144312374], [-0.000251777586527, 0.00045592430979, 0.000636315438896, -0.00198791362345, 0.00430250633508, -0.00172787287738, -0.00210488773882, 0.002636003308, -0.0141533929855, 0.0278955865651, -0.0146544240415, 0.00530716823414, -0.00370378862135], [0.00024946272606, -0.00055974262068, 0.000232905091252, 0.00264568440616, -0.00373078370467, 0.00380461034365, -0.00110985210631, -0.00449907360598, 0.00573096470907, -0.0146544240415, 0.0306185204536, -0.0162772778422, 0.0049524824135], [-0.000120133801829, -4.45708683401e-05, -0.000749438768253, -0.00138276303187, 0.00259437225759, -0.00347364111803, -0.000469209451694, 0.000892775773536, -0.00244425656274, 0.00530716823414, -0.0162772778422, 0.0269149616361, -0.0114100230858], [0.000269563519396, -0.00042057223618, 0.00102165178396, -0.002389294561, -0.000156154957949, 0.000274319696473, 0.000371649366571, 0.00174840854015, -0.00132144312374, -0.00370378862135, 0.0049524824135, -0.0114100230858, 0.0240080673248]]}, "spectral_contrast_coeffs": {"dmean": [0.0586057901382, 0.0397217422724, 0.0285424124449, 0.0265008304268, 0.0209706053138, 0.0153215378523], "dmean2": [0.0915827527642, 0.0649116933346, 0.0466231629252, 0.0425721071661, 0.0334487706423, 0.0232498198748], "dvar": [0.0030177552253, 0.00139552610926, 0.000557307561394, 0.000514933548402, 0.000372110138414, 0.000276107690297], "dvar2": [0.00679518003017, 0.00337912002578, 0.00143570883665, 0.00128886918537, 0.000901625433471, 0.000556163256988], "max": [-0.216340720654, -0.419940173626, -0.547951221466, -0.533443450928, -0.343665033579, -0.62270450592], "mean": [-0.654808282852, -0.762589991093, -0.802975714207, -0.787524878979, -0.718995809555, -0.804038286209], "median": [-0.65748667717, -0.757709622383, -0.801200151443, -0.777899742126, -0.744685530663, -0.775165855885], "min": [-0.973351180553, -0.966784596443, -0.970243871212, -0.966644823551, -0.961993396282, -0.962474107742], "var": [0.00997019559145, 0.00681450450793, 0.0041975248605, 0.00580973783508, 0.00912762153894, 0.00666840979829]}, "spectral_contrast_valleys": {"dmean": [0.443920373917, 0.351331084967, 0.287756115198, 0.26440897584, 0.235370799899, 0.305677860975], "dmean2": [0.722494840622, 0.564178466797, 0.461468845606, 0.409963667393, 0.340319693089, 0.400692403316], "dvar": [0.133618757129, 0.124245107174, 0.0841126292944, 0.0765771642327, 0.0748354569077, 0.144240483642], "dvar2": [0.317853301764, 0.281630754471, 0.190547406673, 0.159070044756, 0.1341353803