{"lowlevel": {"average_loudness": 0.956703007221, "barkbands_crest": {"dmean": 2.65608048439, "dmean2": 4.22035217285, "dvar": 5.32537221909, "dvar2": 13.7673387527, "max": 22.2055015564, "mean": 10.4828948975, "median": 9.91561317444, "min": 3.49929141998, "var": 12.7755899429}, "barkbands_flatness_db": {"dmean": 0.0197311080992, "dmean2": 0.0292347967625, "dvar": 0.000323412503349, "dvar2": 0.000722710799892, "max": 0.51338249445, "mean": 0.16380687058, "median": 0.154794991016, "min": 0.0315103903413, "var": 0.00319225131534}, "barkbands_kurtosis": {"dmean": 1.25460398197, "dmean2": 1.99969875813, "dvar": 2.19631958008, "dvar2": 5.33549451828, "max": 18.6040992737, "mean": 1.20136237144, "median": 0.523645997047, "min": -1.62228918076, "var": 5.656478405}, "barkbands_skewness": {"dmean": 0.455491870642, "dmean2": 0.693220317364, "dvar": 0.152625977993, "dvar2": 0.37655133009, "max": 3.70112609863, "mean": 0.536859929562, "median": 0.446803748608, "min": -2.28984451294, "var": 0.670147895813}, "barkbands_spread": {"dmean": 5.08581972122, "dmean2": 7.76122951508, "dvar": 50.3369140625, "dvar2": 116.366004944, "max": 79.368057251, "mean": 18.8652114868, "median": 16.7632217407, "min": 2.71342802048, "var": 103.143455505}, "dissonance": {"dmean": 0.0358115807176, "dmean2": 0.0614337511361, "dvar": 0.00109157490078, "dvar2": 0.00296277157031, "max": 0.498498648405, "mean": 0.431168049574, "median": 0.439252227545, "min": 0.158872097731, "var": 0.00205682101659}, "dynamic_complexity": 3.48180007935, "erbbands_crest": {"dmean": 4.01564359665, "dmean2": 6.35575008392, "dvar": 11.0894861221, "dvar2": 28.1025905609, "max": 32.9572029114, "mean": 15.7511615753, "median": 15.2086343765, "min": 3.06705307961, "var": 30.5695896149}, "erbbands_flatness_db": {"dmean": 0.0242401473224, "dmean2": 0.03586088866, "dvar": 0.000423275283538, "dvar2": 0.000997227150947, "max": 0.485190242529, "mean": 0.204865574837, "median": 0.198278546333, "min": 0.0661690682173, "var": 0.00281926384196}, "erbbands_kurtosis": {"dmean": 1.80104887486, "dmean2": 2.81577730179, "dvar": 4.65760707855, "dvar2": 11.7640018463, "max": 23.1551399231, "mean": 2.3330616951, "median": 1.70936560631, "min": -1.80037534237, "var": 8.24101161957}, "erbbands_skewness": {"dmean": 0.465706974268, "dmean2": 0.719683527946, "dvar": 0.183987438679, "dvar2": 0.456457197666, "max": 3.65105223656, "mean": 0.21092158556, "median": 0.254435241222, "min": -3.8805141449, "var": 0.673861682415}, "erbbands_spread": {"dmean": 6.1866235733, "dmean2": 9.29246330261, "dvar": 37.6715049744, "dvar2": 87.260093689, "max": 74.0035476685, "mean": 21.0050392151, "median": 18.7451438904, "min": 3.53612685204, "var": 114.655754089}, "hfc": {"dmean": 15.1463775635, "dmean2": 23.7803783417, "dvar": 937.940246582, "dvar2": 2282.5222168, "max": 387.254119873, "mean": 31.1486206055, "median": 20.7046432495, "min": 1.22004349321e-16, "var": 1310.23693848}, "melbands_crest": {"dmean": 2.31885099411, "dmean2": 3.60237145424, "dvar": 3.87526202202, "dvar2": 9.38531303406, "max": 28.7888660431, "mean": 10.9866333008, "median": 10.1867284775, "min": 1.79528963566, "var": 15.7999267578}, "melbands_flatness_db": {"dmean": 0.0191432051361, "dmean2": 0.0276638511568, "dvar": 0.000399111682782, "dvar2": 0.000817203312181, "max": 0.570470273495, "mean": 0.212612941861, "median": 0.202454984188, "min": 0.00493829185143, "var": 0.00457350164652}, "melbands_kurtosis": {"dmean": 1.70616388321, "dmean2": 2.69877815247, "dvar": 5.49856758118, "dvar2": 13.0337810516, "max": 37.5666046143, "mean": 2.09752893448, "median": 0.70204102993, "min": -1.76281392574, "var": 17.0138130188}, "melbands_skewness": {"dmean": 0.478361815214, "dmean2": 0.711954236031, "dvar": 0.160375788808, "dvar2": 0.381597965956, "max": 5.18819189072, "mean": 0.879672586918, "median": 0.777768969536, "min": -1.57428336143, "var": 0.788557589054}, "melbands_spread": {"dmean": 6.33865737915, "dmean2": 9.78214740753, "dvar": 57.2248802185, "dvar2": 121.547973633, "max": 133.398483276, "mean": 29.5364379883, "median": 27.9600143433, "min": 3.00088238716, "var": 227.153762817}, "pitch_salience": {"dmean": 0.0608207844198, "dmean2": 0.0961486548185, "dvar": 0.00287425657734, "dvar2": 0.00699587166309, "max": 0.872772693634, "mean": 0.439658164978, "median": 0.430304080248, "min": 0.17731885612, "var": 0.00863968674093}, "silence_rate_20dB": {"dmean": 0, "dmean2": 0, "dvar": 0, "dvar2": 0, "max": 1, "mean": 1, "median": 1, "min": 1, "var": 0}, "silence_rate_30dB": {"dmean": 0, "dmean2": 0, "dvar": 0, "dvar2": 0, "max": 1, "mean": 1, "median": 1, "min": 1, "var": 0}, "silence_rate_60dB": {"dmean": 0.00455840444192, "dmean2": 0.00912200659513, "dvar": 0.00453760568053, "dvar2": 0.0101793017238, "max": 1, "mean": 0.0711845085025, "median": 0, "min": 0, "var": 0.0661171376705}, "spectral_centroid": {"dmean": 221.493927002, "dmean2": 338.364746094, "dvar": 106521.125, "dvar2": 187999.671875, "max": 10880.6738281, "mean": 1362.9432373, "median": 1246.78564453, "min": 359.445983887, "var": 456898.90625}, "spectral_complexity": {"dmean": 1.66951572895, "dmean2": 2.76396799088, "dvar": 2.514128685, "dvar2": 5.89754772186, "max": 27, "mean": 12.7477216721, "median": 13, "min": 0, "var": 23.4107875824}, "spectral_decrease": {"dmean": 1.24353305431e-09, "dmean2": 1.83487469663e-09, "dvar": 1.93179057152e-18, "dvar2": 4.37837906522e-18, "max": 6.08597566999e-19, "mean": -4.71725591922e-09, "median": -4.32791358307e-09, "min": -2.01842524916e-08, "var": 7.55186286195e-18}, "spectral_energy": {"dmean": 0.00578914722428, "dmean2": 0.00865337345749, "dvar": 4.76094028272e-05, "dvar2": 0.000107548185042, "max": 0.0902449712157, "mean": 0.0206292551011, "median": 0.0185294784606, "min": 1.07380079634e-20, "var": 0.000161115356605}, "spectral_energyband_high": {"dmean": 0.000930733280256, "dmean2": 0.00147248269059, "dvar": 6.32637011222e-06, "dvar2": 1.52193315444e-05, "max": 0.0362328141928, "mean": 0.00134554679971, "median": 0.000346373621142, "min": 7.95705097776e-21, "var": 8.20975765237e-06}, "spectral_energyband_low": {"dmean": 0.000211538688745, "dmean2": 0.00022755714599, "dvar": 6.27322052082e-08, "dvar2": 8.14242824276e-08, "max": 0.00732876826078, "mean": 0.000905158929527, "median": 0.000586799753364, "min": 5.84077536718e-23, "var": 9.68529548118e-07}, "spectral_energyband_middle_high": {"dmean": 0.00484607694671, "dmean2": 0.00729799643159, "dvar": 3.61722086382e-05, "dvar2": 8.44786045491e-05, "max": 0.082458563149, "mean": 0.0111557841301, "median": 0.00868517905474, "min": 1.55336471394e-21, "var": 9.88901592791e-05}, "spectral_energyband_middle_low": {"dmean": 0.00161943829153, "dmean2": 0.0022112375591, "dvar": 2.7807141123e-06, "dvar2": 5.31931300429e-06, "max": 0.0380579084158, "mean": 0.00787276308984, "median": 0.00700912158936, "min": 2.07886191946e-22, "var": 2.61831337411e-05}, "spectral_entropy": {"dmean": 0.198101490736, "dmean2": 0.298951804638, "dvar": 0.0394544899464, "dvar2": 0.0917406454682, "max": 9.79805755615, "mean": 6.94370031357, "median": 6.98684740067, "min": 4.0497636795, "var": 0.253480434418}, "spectral_flux": {"dmean": 0.0175404846668, "dmean2": 0.0291246958077, "dvar": 0.000403276557336, "dvar2": 0.00103161239531, "max": 0.212313786149, "mean": 0.0583626106381, "median": 0.0551601052284, "min": 1.03624359094e-10, "var": 0.000959996657912}, "spectral_kurtosis": {"dmean": 2.11719202995, "dmean2": 3.4319319725, "dvar": 14.6334781647, "dvar2": 40.2726097107, "max": 62.462059021, "mean": 7.43274068832, "median": 5.25011014938, "min": -1.18781888485, "var": 47.2877197266}, "spectral_rms": {"dmean": 0.000586207315791, "dmean2": 0.000862302375026, "dvar": 3.61721674835e-07, "dvar2": 7.83208349731e-07, "max": 0.00938316993415, "mean": 0.0042099240236, "median": 0.00425176834688, "min": 3.23668110543e-12, "var": 2.40263466367e-06}, "spectral_rolloff": {"dmean": 806.718017578, "dmean2": 1460.86853027, "dvar": 6030950.5, "dvar2": 15112110, "max": 19767.4804688, "mean": 2107.94848633, "median": 1658.05664062, "min": 322.998046875, "var": 5858231}, "spectral_skewness": {"dmean": 0.252377897501, "dmean2": 0.390535861254, "dvar": 0.0958894267678, "dvar2": 0.225554034114, "max": 5.9113945961, "mean": 2.14429616928, "median": 2.02049160004, "min": 0.0407962873578, "var": 0.477873831987}, "spectral_spread": {"dmean": 574238.75, "dmean2": 842950.1875, "dvar": 971673239552, "dvar2": 1425313759230.0, "max": 40899664, "mean": 5270770, "median": 5390366.5, "min": 1203543.875, "var": 3834643480580.0}, "spectral_strongpeak": {"dmean": 1.75668621063, "dmean2": 2.88188767433, "dvar": 10.4968175888, "dvar2": 29.5466442108, "max": 58.7369499207, "mean": 3.56854200363, "median": 2.92309999466, "min": 0, "var": 11.5636930466}, "zerocrossingrate": {"dmean": 0.0135906338692, "dmean2": 0.0159253738821, "dvar": 0.000493412662763, "dvar2": 0.000778261048254, "max": 0.50390625, "mean": 0.0793395861983, "median": 0.0712890625, "min": 0.01708984375, "var": 0.00196232832968}, "barkbands": {"dmean": [2.19465405848e-07, 2.17977667489e-05, 7.17380899005e-05, 0.000429111212725, 0.000656231772155, 0.000422413606429, 0.000289342482574, 8.35726896184e-05, 0.000935948221013, 0.00103807786945, 0.000474654021673, 0.000394635309931, 0.00114891747944, 0.00168418628164, 0.00145495031029, 0.000245525676291, 0.000103834048787, 3.88424705307e-05, 0.000177527108463, 0.000220888585318, 0.000284813169856, 5.43553869647e-05, 5.36346742592e-05, 0.000105788225483, 0.000152739681653, 0.000120564422105, 0.000194339489099], "dmean2": [3.63169704087e-07, 2.68785770459e-05, 7.64989672462e-05, 0.0005275743315, 0.000924667867366, 0.000526453193743, 0.000413813366322, 0.000118433359603, 0.00129253906198, 0.00153265357949, 0.000687037536409, 0.000561865163036, 0.00172550964635, 0.00264399615116, 0.00237647467293, 0.000424680649303, 0.000152568711201, 5.82117500016e-05, 0.00028237036895, 0.000369650719222, 0.000460973678855, 9.32621769607e-05, 8.36571271066e-05, 0.000176935165655, 0.000248880154686, 0.000209494392038, 0.000324556895066], "dvar": [8.06053154453e-14, 9.32845356516e-10, 2.3089496537e-08, 2.64484754098e-07, 5.3193906524e-07, 2.85887097107e-07, 1.32230795202e-07, 2.03334931115e-08, 1.99393093681e-06, 2.57445231e-06, 2.65131347987e-06, 2.54038718595e-06, 6.11689756624e-06, 1.24806883832e-05, 1.52260763571e-05, 1.20045331187e-06, 1.0637426584e-07, 2.88067418808e-08, 4.04899481055e-07, 4.95072640661e-07, 1.11585143259e-06, 4.78129393855e-08, 7.41551247074e-08, 2.71038572919e-07, 6.40210657821e-07, 4.56307930108e-07, 8.43257225824e-07], "dvar2": [2.20567433675e-13, 1.8552710479e-09, 2.22073648359e-08, 6.23864423233e-07, 1.27785074255e-06, 3.90533131167e-07, 2.51979997756e-07, 3.78110520671e-08, 3.21394804814e-06, 5.21242054674e-06, 4.89579679197e-06, 4.95440281156e-06, 1.31500592033e-05, 2.81607244688e-05, 4.07855841331e-05, 3.4702359244e-06, 2.13220133105e-07, 5.72998537507e-08, 1.02673766378e-06, 1.27123314542e-06, 2.43694239543e-06, 1.17271248712e-07, 1.81421668799e-07, 7.48564616515e-07, 1.66996755979e-06, 1.2468173054e-06, 2.14283591049e-06], "max": [4.14398982684e-06, 0.000554444617592, 0.00644385255873, 0.0155698284507, 0.0121968947351, 0.0125988014042, 0.00855222344398, 0.00286027463153, 0.0272865332663, 0.0285437908024, 0.0422622263432, 0.0437126383185, 0.0337161533535, 0.049719478935, 0.0548491701484, 0.0267474558204, 0.00879233796149, 0.00379821704701, 0.0142003064975, 0.0103089855984, 0.020709676668, 0.00440305098891, 0.00437078857794, 0.0118896365166, 0.023820804432, 0.0103255994618, 0.0127949174494], "mean": [4.14202588672e-07, 6.36670229142e-05, 0.00027923338348, 0.00150247558486, 0.00183931307402, 0.0010580670787, 0.000775121734478, 0.000189136189874, 0.00239035231061, 0.00209263386205, 0.000819910201244, 0.000618236255832, 0.0018754012417, 0.00266652763821, 0.00209886860102, 0.000368800858269, 0.000186429926543, 6.95941562299e-05, 0.000267084862571, 0.000307584938128, 0.000444054312538, 8.58043713379e-05, 6.51570153423e-05, 0.000126703089336, 0.000190004720935, 9.56780568231e-05, 0.000153014203534], "median": [3.02306148114e-07, 4.65565572085e-05, 7.86552845966e-05, 0.000884091015905, 0.00144641648512, 0.0006614808226, 0.000441365642473, 7.24117417121e-05, 0.00106234941632, 0.000758831680287, 8.72984091984e-05, 7.61238989071e-05, 0.00035847624531, 0.000213561434066, 8.95469638635e-05, 1.28456213133e-05, 5.70644187974e-05, 7.41517396818e-06, 2.63320416707e-05, 1.87473888218e-05, 7.04945923644e-05, 2.75092243101e-05, 2.34377403103e-05, 4.46576450486e-05, 8.04388109827e-05, 1.59556693689e-05, 1.33519133669e-05], "min": [8.57890888707e-24, 3.29588989209e-23, 1.48595772341e-23, 1.05435196399e-23, 1.89379470934e-23, 2.41529960973e-23, 6.07256857577e-23, 1.01358497347e-23, 7.59086328541e-23, 3.37078276871e-23, 8.42448731384e-23, 6.92581252154e-23, 9.22178082659e-23, 1.13624596536e-22, 9.28862700643e-23, 2.74134137543e-22, 1.77872028743e-22, 3.16025554619e-22, 1.60421756566e-22, 2.85078654903e-22, 3.69841721304e-22, 5.75894360693e-22, 6.13605294598e-22, 7.96560440091e-22, 1.29747176683e-21, 1.74777992579e-21, 2.70014733664e-21], "var": [1.73149485743e-13, 4.00880839635e-09, 4.26553299349e-07, 3.17689909934e-06, 2.51185815614e-06, 1.52971153966e-06, 1.03502941329e-06, 1.0282601437e-07, 1.25460910567e-05, 9.45365536609e-06, 6.7909804784e-06, 5.22724894836e-06, 1.36034823299e-05, 2.66690822173e-05, 2.44529237534e-05, 2.41679799728e-06, 2.17725016682e-07, 6.45445012992e-08, 6.73331783219e-07, 7.91180070792e-07, 2.03595550374e-06, 8.41178078304e-08, 7.07082961071e-08, 1.93949915683e-07, 5.0363689752e-07, 3.05419149527e-07, 6.63916296162e-07]}, "erbbands": {"dmean": [0.000176421031938, 0.00686150044203, 0.0645829364657, 0.68744635582, 1.43544578552, 3.18732619286, 2.8588783741, 3.60475897789, 4.26648616791, 3.17536473274, 5.44832849503, 20.9168052673, 23.0717525482, 26.357667923, 14.8857383728, 18.2838993073, 52.5175285339, 52.8514671326, 96.3429336548, 56.9006500244, 14.3870573044, 5.2704539299, 3.13456106186, 4.92267799377, 9.06304740906, 6.76285648346, 13.7812948227, 9.64773368835, 2.55749821663, 1.31067824364, 1.84153199196, 1.40554285049, 2.41155600548, 1.61175894737, 1.23238122463, 0.357926428318, 0.264283746481, 0.0752714648843, 0.0389323346317, 0.00267612934113], "dmean2": [0.000225087904255, 0.00839435309172, 0.0700189694762, 0.802899956703, 1.95660436153, 4.45430469513, 3.86236763, 4.44108819962, 6.15314769745, 4.37887811661, 7.48414039612, 28.5523967743, 35.0512733459, 38.021774292, 21.5853347778, 25.8740673065, 78.1653747559, 82.2468795776, 152.940185547, 95.5682754517, 24.4397583008, 7.96758031845, 4.71507883072, 7.66901636124, 14.4746875763, 11.3355350494, 22.5358963013, 15.2400627136, 4.12317180634, 2.14800453186, 2.8870472908, 2.30498600006, 4.08853054047, 2.54932832718, 2.10647988319, 0.623524010181, 0.457433342934, 0.132001534104, 0.0660260170698, 0.00433498900384], "dvar": [4.94683121133e-08, 8.84256951394e-05, 0.0138546479866, 0.603011965752, 3.72193861008, 13.0586080551, 10.2983560562, 19.9713935852, 30.3698310852, 28.1357135773, 79.2641525269, 1337.53686523, 1126.46533203, 1940.41723633, 2141.11181641, 3337.06933594, 14123.3935547, 10987.9892578, 34587.0273438, 50268.5078125, 5081.55957031, 213.837020874, 91.3189926147, 248.73828125, 1083.07226562, 572.153259277, 2866.09057617, 1293.82580566, 133.010620117, 28.2572975159, 106.754096985, 30.4999256134, 174.685058594, 197.811416626, 29.7159385681, 5.43276166916, 2.29035758972, 0.138663813472, 0.0365055426955, 0.000321827916196], "dvar2": [8.75890719954e-08, 0.000174068205524, 0.0145370159298, 1.15060889721, 9.84994983673, 29.3707389832, 19.4335422516, 25.9072723389, 64.3450622559, 44.0715293884, 125.044258118, 2105.36376953, 2526.06811523, 3578.14135742, 3922.86767578, 6523.52001953, 30416.4394531, 25344.484375, 82959.234375, 139253.1875, 14737.4501953, 440.811828613, 181.12008667, 559.065612793, 2726.74023438, 1526.59619141, 6813.76953125, 2746.78710938, 292.089660645, 63.563999176, 261.082305908, 83.4752655029, 478.004852295, 505.971679688, 81.2236022949, 15.1069393158, 6.18561935425, 0.384407788515, 0.0908610448241, 0.000814479077235], "max": [0.00476689497009, 0.158875271678, 4.8933634758, 24.9639759064, 47.4840736389, 71.8813247681, 53.9106330872, 103.173088074, 135.351409912, 207.574356079, 161.518829346, 748.07244873, 457.539886475, 1035.62341309, 1156.80688477, 1577.85546875, 1673.91906738, 1280.39099121, 2142.53979492, 3783.96044922, 1831.32312012, 387.701293945, 164.915588379, 268.737091064, 667.88482666, 444.416473389, 1105.54101562, 580.064208984, 241.819534302, 129.24822998, 171.794845581, 124.109436035, 264.577545166, 497.639556885, 71.4540939331, 41.9579124451, 17.8703422546, 5.25607585907, 2.4463570118, 0.294705808163], "mean": [0.000678240670823, 0.0227229259908, 0.269995301962, 2.60145521164, 4.78369426727, 7.90893173218, 7.70063877106, 9.32927322388, 10.1050596237, 9.04284191132, 14.1124334335, 55.6245803833, 48.9547615051, 56.4543380737, 29.2729587555, 30.555721283, 87.1164398193, 88.1996841431, 153.228042603, 81.5711288452, 23.298160553, 9.64373588562, 5.95329236984, 8.32858753204, 13.909365654, 10.1822490692, 20.6923427582, 15.247382164, 4.35031461716, 2.15862703323, 2.00922679901, 1.93026542664, 2.70036935806, 2.1988260746, 1.29418039322, 0.304662585258, 0.207676634192, 0.0604096204042, 0.0303261689842, 0.00216765399091], "median": [0.000538002117537, 0.0173314083368, 0.136313080788, 1.6807615757, 3.18000125885, 5.4048743248, 5.5956120491, 5.6594619751, 5.71711730957, 4.31476211548, 5.47853279114, 19.756526947, 29.039150238, 21.8810119629, 5.73790693283, 6.98429679871, 17.8163909912, 20.4817142487, 28.3320674896, 6.99970722198, 2.03122162819, 3.28712463379, 1.40214037895, 1.18578481674, 1.48189663887, 0.96543109417, 1.60550570488, 3.33354616165, 1.07070636749, 1.16164553165, 0.494495987892, 0.77855527401, 0.841657578945, 0.940629124641, 0.465415716171, 0.0719332098961, 0.0296228006482, 0.0109563283622, 0.0022186646238, 0.000177594134584], "min": [1.06812978257e-21, 6.99257777057e-21, 1.86940944356e-20, 2.08212168458e-20, 6.77234222494e-20, 5.38325103682e-20, 1.13934397082e-19, 2.09362670061e-19, 5.66641311969e-19, 1.02734415532e-18, 2.62553252731e-19, 1.62750142985e-18, 1.4689744368e-18, 2.21531148276e-18, 2.78877367436e-18, 2.80703141164e-18, 4.51618859604e-18, 5.12484422078e-18, 5.57387218527e-18, 6.25806552995e-18, 1.53790296297e-17, 1.10349450591e-17, 1.86275978514e-17, 9.60193984748e-18, 8.87556690899e-18, 1.3748842758e-17, 1.20414724905e-17, 1.70452079571e-17, 2.1187903827e-17, 1.97207236484e-17, 1.68841757441e-17, 1.61865150719e-17, 1.39802870662e-17, 1.17409354401e-17, 9.99634452662e-18, 6.78601066078e-18, 2.93238629077e-18, 1.4995445507e-18, 3.47757586263e-19, 4.24095693926e-20], "var": [3.41276887639e-07, 0.00046119117178, 0.236793115735, 8.27068996429, 28.9021434784, 61.8398323059, 51.1815071106, 114.637565613, 162.130569458, 347.481933594, 451.205108643, 8989.26269531, 3342.984375, 7651.98242188, 5768.70263672, 6924.91162109, 30954.9941406, 23089.1601562, 70619.2265625, 74186.03125, 10556.1923828, 440.469360352, 200.663208008, 460.371948242, 2026.1619873, 927.856445312, 4779.01367188, 2270.3671875, 271.200378418, 37.3876304626, 99.8259735107, 26.7350349426, 121.391212463, 156.900604248, 21.1252975464, 3.51921868324, 1.57108306885, 0.0885344669223, 0.0294503290206, 0.000256743165664]}, "gfcc": {"mean": [-28.4616546631, 65.7063751221, -113.53276062, -16.3164215088, -64.1641235352, 6.11692428589, -42.339466095, -13.2958059311, -33.1803779602, -3.09024238586, -27.0370254517, -15.9016027451, -7.06684780121], "cov": [[19661.171875, -3400.57299805, 179.218414307, 456.687438965, -178.53465271, 644.849975586, -637.461547852, -267.309997559, -579.261047363, 91.6150131226, -595.812011719, -61.7166404724, 249.68788147], [-3400.57299805, 2052.84594727, -59.2681274414, -46.2122192383, 99.7172927856, -110.210792542, 146.896072388, -36.0531158447, 78.6702957153, -172.502655029, 103.824516296, 6.22724485397, -188.067749023], [179.218414307, -59.2681274414, 438.481048584, 95.772064209, 23.4415645599, 69.8826904297, -15.4169178009, -18.1846237183, -79.3116836548, -90.7567138672, -47.0084762573, 28.3273200989, -85.5640411377], [456.687438965, -46.2122192383, 95.772064209, 313.267730713, 40.7457847595, 30.257358551, 23.2680110931, 2.68653821945, -153.023208618, -32.0611114502, -32.024055481, -68.2356796265, 15.2368326187], [-178.53465271, 99.7172927856, 23.4415645599, 40.7457847595, 226.209136963, 17.9815826416, 56.5462608337, -48.8952293396, -13.5200386047, -23.6069564819, 5.2466006279, -32.5665855408, -11.9365549088], [644.849975586, -110.210792542, 69.8826904297, 30.257358551, 17.9815826416, 184.228546143, -36.4519882202, -24.5704555511, -9.83790969849, -1.23398017883, -77.3747787476, 10.2659444809, 35.7085876465], [-637.461547852, 146.896072388, -15.4169178009, 23.2680110931, 56.5462608337, -36.4519882202, 168.072525024, 17.0179748535, -26.0425662994, -13.7054767609, 56.3217964172, -37.6007728577, -76.6994628906], [-267.309997559, -36.0531158447, -18.1846237183, 2.68653821945, -48.8952293396, -24.5704555511, 17.0179748535, 126.40587616, -0.135869577527, -14.8010625839, 42.4388046265, 11.3468284607, -62.294719696], [-579.261047363, 78.6702957153, -79.3116836548, -153.023208618, -13.5200386047, -9.83790969849, -26.0425662994, -0.135869577527, 195.117126465, 40.3263282776, -21.6577033997, 57.9452972412, 77.1557159424], [91.6150131226, -172.502655029, -90.7567138672, -32.0611114502, -23.6069564819, -1.23398017883, -13.7054767609, -14.8010625839, 40.3263282776, 148.637451172, 12.1738138199, -45.6757698059, 68.1994247437], [-595.812011719, 103.824516296, -47.0084762573, -32.024055481, 5.2466006279, -77.3747787476, 56.3217964172, 42.4388046265, -21.6577033997, 12.1738138199, 162.683029175, -4.72661781311, -135.918441772], [-61.7166404724, 6.22724485397, 28.3273200989, -68.2356796265, -32.5665855408, 10.2659444809, -37.6007728577, 11.3468284607, 57.9452972412, -45.6757698059, -4.72661781311, 155.421203613, -4.05599975586], [249.68788147, -188.067749023, -85.5640411377, 15.2368326187, -11.9365549088, 35.7085876465, -76.6994628906, -62.294719696, 77.1557159424, 68.1994247437, -135.918441772, -4.05599975586, 381.577087402]], "icov": [[0.00010915176972, 0.000158459166414, 0.000161674324772, -3.71582173102e-05, 3.36019184033e-05, -0.000157366725034, 0.000256481202086, 0.000251860590652, 0.000273209880106, 6.90768429195e-05, 0.000298227445455, -1.51852773342e-05, 0.000191340557649], [0.000158459166414, 0.000950597284827, 0.000452109525213, -0.000363222206943, 0.000167625024915, -0.00013674935326, 4.33559071098e-05, 0.00113110430539, -0.000641961349174, 0.00139902182855, -6.29381538602e-05, 0.000418064155383, 0.000553914171178], [0.000161674324772, 0.000452109525213, 0.00354590662755, -0.000878030492458, 5.8487039496e-05, -0.000850869109854, 0.000627966597676, 0.00126000982709, 0.000514342158567, 0.00149550160859, 0.00137488672044, -0.000529287906829, 0.00147342868149], [-3.71582173102e-05, -0.000363222206943, -0.000878030492458, 0.00661100260913, -0.00107201258652, 1.05647050077e-05, -0.000476018700283, -0.00216674967669, 0.00542396539822, -0.000575051468331, 0.0013598796213, 0.000688358850311, -0.00160177040379], [3.36019184033e-05, 0.000167625024915, 5.8487039496e-05, -0.00107201258652, 0.00613548606634, -0.00116013770457, -0.00176851125434, 0.00315657234751, -0.00168606301304, 0.00208666012622, -0.00143800850492, 0.00142861634959, 4.78374422528e-05], [-0.000157366725034, -0.00013674935326, -0.000850869109854, 1.05647050077e-05, -0.00116013770457, 0.00784567557275, 0.000283378903987, -0.000527848198544, 0.000489239697345, -0.00177290092688, 0.00372245255858, -0.00112669181544, 0.000576553866267], [0.000256481202086, 4.33559071098e-05, 0.000627966597676, -0.000476018700283, -0.00176851125434, 0.000283378903987, 0.00896963570267, -0.000424632802606, 0.000605254725087, 0.000471687788377, -0.000686440384015, 0.00151257705875, 0.0012300274102], [0.000251860590652, 0.00113110430539, 0.00126000982709, -0.00216674967669, 0.00315657234751, -0.000527848198544, -0.000424632802606, 0.0122127700597, -0.00259640091099, 0.00324557628483, -0.00215713586658, 0.000484119635075, 0.00200002244674], [0.000273209880106, -0.000641961349174, 0.000514342158567, 0.00542396539822, -0.00168606301304, 0.000489239697345, 0.000605254725087, -0.00259640091099, 0.0138530600816, -0.00451986398548, 0.0041463309899, -0.00403547426686, -0.00155642256141], [6.90768429195e-05, 0.00139902182855, 0.00149550160859, -0.000575051468331, 0.00208666012622, -0.00177290092688, 0.000471687788377, 0.00324557628483, -0.00451986398548, 0.0136727541685, -0.00482180016115, 0.00539978174493, -0.0013314440148], [0.000298227445455, -6.29381538602e-05, 0.00137488672044, 0.0013598796213, -0.00143800850492, 0.00372245255858, -0.000686440384015, -0.00215713586658, 0.0041463309899, -0.00482180016115, 0.0152125731111, -0.00246965023689, 0.00456025078893], [-1.51852773342e-05, 0.000418064155383, -0.000529287906829, 0.000688358850311, 0.00142861634959, -0.00112669181544, 0.00151257705875, 0.000484119635075, -0.00403547426686, 0.00539978174493, -0.00246965023689, 0.0105225369334, -0.000313951954013], [0.000191340557649, 0.000553914171178, 0.00147342868149, -0.00160177040379, 4.78374422528e-05, 0.000576553866267, 0.0012300274102, 0.00200002244674, -0.00155642256141, -0.0013314440148, 0.00456025078893, -0.000313951954013, 0.00585787836462]]}, "melbands": {"dmean": [3.70379871129e-06, 2.36231117015e-05, 0.000153297616635, 0.000139158932143, 0.000115022769023, 8.10911442386e-05, 6.03302687523e-05, 2.99532403005e-05, 7.62879935792e-05, 0.000125296981423, 0.000125719147036, 0.000122310928418, 6.76964482409e-05, 2.05469495995e-05, 0.000122140962048, 0.000101148485555, 0.000104272752651, 0.000183594413102, 7.52626074245e-05, 4.64531658508e-05, 1.37651059049e-05, 4.22933862865e-06, 5.51788662051e-06, 2.70285568149e-06, 3.45119019585e-06, 9.95528989733e-06, 5.17746184414e-06, 4.36658319813e-06, 9.32906095841e-06, 6.92016601533e-06, 5.86778241995e-06, 1.75900265731e-06, 6.87337035288e-07, 7.44888325244e-07, 1.41918451391e-06, 6.00666396622e-07, 8.85014685537e-07, 2.0396275886e-06, 1.17198237604e-06, 1.2519548136e-06], "dmean2": [4.55236204289e-06, 2.61725999735e-05, 0.000189954706002, 0.000196321343537, 0.000157639078679, 0.000100074037618, 8.64724206622e-05, 4.12916160712e-05, 0.000104332757473, 0.000172968051629, 0.000191285522305, 0.000177157038706, 9.77530871751e-05, 3.17939411616e-05, 0.000174893328222, 0.000153716740897, 0.000162457450642, 0.000291942298645, 0.000125137987197, 7.77504683356e-05, 2.34931012528e-05, 6.19324009676e-06, 8.24117705633e-06, 4.08609048463e-06, 5.43289661437e-06, 1.58120474225e-05, 8.73777116794e-06, 7.28365512259e-06, 1.55041361722e-05, 1.12642746899e-05, 9.35053594731e-06, 2.99884618471e-06, 1.20907429846e-06, 1.21219488847e-06, 2.2539204565e-06, 9.48190802319e-07, 1.43376803408e-06, 3.4827237414e-06, 1.88033448012e-06, 1.94546919374e-06], "dvar": [2.55956263129e-11, 1.97782590305e-09, 3.35329808365e-08, 2.44230289326e-08, 1.51660088932e-08, 9.99043070493e-09, 5.83627768336e-09, 2.31482677471e-09, 1.71169851626e-08, 4.01772481951e-08, 3.45878490293e-08, 3.83141021132e-08, 5.28919379406e-08, 4.49086945409e-09, 8.85831781261e-08, 4.21317736254e-08, 4.29824034143e-08, 1.31019717742e-07, 5.36757873704e-08, 3.65642911504e-08, 7.07051128757e-09, 1.18570792074e-10, 4.32465091516e-10, 1.64474045494e-10, 1.61705496216e-10, 1.59666435628e-09, 4.88003248922e-10, 2.41857950334e-10, 1.14668952111e-09, 7.72441222097e-10, 6.22468854239e-10, 7.75207120718e-11, 3.23249348295e-12, 9.06134195455e-12, 8.59599474934e-11, 7.08375328881e-12, 8.50668320507e-12, 1.12425943555e-10, 8.92361184945e-11, 1.24517465783e-10], "dvar2": [4.78038580942e-11, 2.15999373943e-09, 8.24452541792e-08, 6.17691071625e-08, 3.11723056257e-08, 1.30204060866e-08, 1.22717205286e-08, 3.67486285846e-09, 2.67706017354e-08, 6.43068105433e-08, 7.65656480439e-08, 7.09925274123e-08, 9.64219992738e-08, 1.03377884031e-08, 1.79287454216e-07, 9.34457986546e-08, 9.8843756291e-08, 3.04557602249e-07, 1.44755532006e-07, 1.00311758899e-07, 2.06901624722e-08, 2.355384221e-10, 8.65617855172e-10, 3.27356086682e-10, 3.46954298625e-10, 4.12184597565e-09, 1.32536281949e-09, 6.29023610976e-10, 2.76004841204e-09, 1.70776193187e-09, 1.35523636757e-09, 1.95984867224e-10, 7.42806424009e-12, 2.09605562074e-11, 2.12024370283e-10, 1.76361755061e-11, 2.31828826969e-11, 3.07362746366e-10, 2.28890448262e-10, 3.19811094274e-10], "max": [9.81199264061e-05, 0.00182724744081, 0.00521512283012, 0.00261712400243, 0.00193973560818, 0.00241843308322, 0.00207984307781, 0.00187089573592, 0.00226270989515, 0.00402344064787, 0.00255719688721, 0.00462440680712, 0.00588495284319, 0.00137607729994, 0.00603569578379, 0.00225985888392, 0.00279461313039, 0.0036251291167, 0.00360505678691, 0.00310193141922, 0.00220230594277, 0.000287972448859, 0.000544198730495, 0.00028950185515, 0.00025678172824, 0.000934301875532, 0.000452773063444, 0.000265790498815, 0.000550359894987, 0.000566029630136, 0.000470711587695, 0.00018607043603, 4.28665371146e-05, 6.63012251607e-05, 0.000154950917931, 4.45651457994e-05, 6.07892470725e-05, 0.000188622725545, 0.000307520182105, 0.000393958966015], "mean": [1.15029106382e-05, 9.25343920244e-05, 0.000560833665077, 0.000416134047555, 0.000318881531712, 0.000211633261642, 0.000148468534462, 7.95248633949e-05, 0.000191824627109, 0.00032366355299, 0.000256173254456, 0.000258465850493, 0.00012291460007, 3.50078480551e-05, 0.000193482046598, 0.000163860968314, 0.000169591119629, 0.000289571034955, 0.000108765481855, 6.55898838886e-05, 2.13938201341e-05, 7.68774043536e-06, 9.52144000621e-06, 4.73575892102e-06, 5.80925188842e-06, 1.4659777662e-05, 6.77304933561e-06, 6.50824404147e-06, 1.32334826048e-05, 1.07807054519e-05, 8.55804228195e-06, 2.56015687228e-06, 1.10263124498e-06, 1.11559700144e-06, 1.39853136716e-06, 7.3775419196e-07, 1.26267184442e-06, 2.27104328587e-06, 1.46803256484e-06, 1.79614914941e-06], "median": [8.51883123687e-06, 4.11175205954e-05, 0.000370119872969, 0.000328209018335, 0.000246910029091, 0.000132492859848, 8.80918596522e-05, 3.59551231668e-05, 5.64151705476e-05, 0.000134069414344, 0.000142473872984, 0.000105356732092, 1.43588986248e-05, 5.37144114787e-06, 2.29163360927e-05, 2.39272339968e-05, 1.55645902851e-05, 2.71754943242e-05, 4.81534061691e-06, 1.27335420075e-06, 1.28996134663e-06, 2.76959713119e-06, 1.81332325155e-06, 3.11645976581e-07, 6.47465071779e-07, 1.12191014523e-06, 4.10756285874e-07, 3.95880590531e-07, 5.28829161794e-07, 1.29468958221e-06, 1.91914932657e-06, 3.57779157412e-07, 7.78378307587e-07, 5.29956537321e-07, 2.5390673386e-07, 1.98777769356e-07, 5.77568414428e-07, 7.16558758995e-07, 5.00192300024e-07, 8.15499333839e-07], "min": [1.01288754154e-23, 9.80397989617e-24, 5.58710736123e-24, 4.59732161129e-24, 3.50675611971e-24, 4.75694248787e-24, 9.38308710449e-24, 9.12467757118e-24, 2.37915222811e-24, 1.14378875357e-23, 7.6242491411e-24, 8.55079625099e-24, 1.03832025935e-23, 8.10912249649e-24, 9.2978017743e-24, 9.19558038934e-24, 9.55665385858e-24, 8.82348495554e-24, 7.5817113945e-24, 1.54367457377e-23, 1.61703674469e-23, 7.98334335832e-24, 2.14078879426e-23, 1.18702156551e-23, 7.40896032259e-24, 5.74771352507e-24, 8.82531037968e-24, 8.99094908167e-24, 6.29786788139e-24, 1.12033576109e-23, 8.31289473464e-24, 1.1667288287e-23, 1.21424610198e-23, 1.05292807005e-23, 9.55613873241e-24, 1.11188422089e-23, 8.3193121181e-24, 9.52663375683e-24, 1.08855050418e-23, 8.87649561951e-24], "var": [1.29939503601e-10, 3.35246390648e-08, 3.6096690792e-07, 1.20570021522e-07, 7.76547040005e-08, 5.90202446915e-08, 3.31735776626e-08, 2.82615708613e-08, 9.98926878992e-08, 2.6547206744e-07, 1.07010599493e-07, 1.53999508257e-07, 1.38669065564e-07, 9.6544106043e-09, 1.91185932863e-07, 8.93569946925e-08, 9.33041377493e-08, 2.70529909585e-07, 8.31652116062e-08, 5.67981750521e-08, 1.44866323382e-08, 2.58713134249e-10, 8.74394834316e-10, 3.66288860354e-10, 2.99593239106e-10, 2.70766387089e-09, 6.33579577691e-10, 4.10048328625e-10, 1.87431625776e-09, 1.46404688373e-09, 9.77242065048e-10, 1.38932282345e-10, 4.36190406711e-12, 1.10876915288e-11, 7.80405046141e-11, 7.39742815614e-12, 8.23588159476e-12, 7.80544309742e-11, 7.10470571263e-11, 9.7835073376e-11]}, "mfcc": {"mean": [-685.068969727, 116.689743042, 5.95710086823, -15.4727659225, -11.7703475952, 1.28086042404, -3.73597884178, -17.8510894775, 0.489471584558, -7.59549045563, -5.38804388046, -13.1489448547, -21.4403877258], "cov": [[10913.7177734, -456.422332764, -184.51159668, 183.820831299, 142.507339478, 296.504882812, 246.009963989, -389.791107178, 68.2000808716, -138.115066528, -266.41305542, -434.260314941, -652.208862305], [-456.422332764, 1403.06164551, 25.226026535, 0.0872750580311, 32.7489013672, 62.2725944519, -69.2147369385, 170.543655396, -149.578308105, -43.2531929016, 51.6343574524, 11.7475776672, -24.5162506104], [-184.51159668, 25.226026535, 358.49899292, 42.9071311951, 43.4447364807, -12.6588964462, -16.1856040955, 56.6651649475, 25.8232402802, -132.688766479, 22.0406169891, -5.97632884979, -76.5431060791], [183.820831299, 0.0872750580311, 42.9071311951, 267.411437988, 21.5995311737, 12.8366966248, 125.233909607, 16.6969680786, -111.808296204, 56.3899803162, -8.99803543091, -58.5559577942, -109.735855103], [142.507339478, 32.7489013672, 43.4447364807, 21.5995311737, 144.102752686, 48.0760154724, -2.7466647625, 20.4161529541, 14.2113723755, -38.1989898682, -8.4331817627, -59.2727661133, -71.911239624], [296.504882812, 62.2725944519, -12.6588964462, 12.8366966248, 48.0760154724, 178.182418823, 27.6179084778, -37.8941726685, 44.1945037842, 29.3027801514, -75.7572555542, -64.1026306152, -63.5548934937], [246.009963989, -69.2147369385, -16.1856040955, 125.233909607, -2.7466647625, 27.6179084778, 218.661239624, -6.78991937637, -124.837471008, 99.5564575195, 47.2329711914, -49.0980987549, -137.613525391], [-389.791107178, 170.543655396, 56.6651649475, 16.6969680786, 20.4161529541, -37.8941726685, -6.78991937637, 236.04246521, -88.7141189575, -95.0479507446, 106.305908203, 74.3198394775, 22.5952186584], [68.2000808716, -149.578308105, 25.8232402802, -111.808296204, 14.2113723755, 44.1945037842, -124.837471008, -88.7141189575, 342.23928833, -63.8679847717, -189.367630005, -36.8011550903, 110.559303284], [-138.115066528, -43.2531929016, -132.688766479, 56.3899803162, -38.1989898682, 29.3027801514, 99.5564575195, -95.0479507446, -63.8679847717, 297.990447998, -20.4291000366, -88.9658355713, -43.3644523621], [-266.41305542, 51.6343574524, 22.0406169891, -8.99803543091, -8.4331817627, -75.7572555542, 47.2329711914, 106.305908203, -189.367630005, -20.4291000366, 321.647186279, 130.532943726, -85.1586837769], [-434.260314941, 11.7475776672, -5.97632884979, -58.5559577942, -59.2727661133, -64.1026306152, -49.0980987549, 74.3198394775, -36.8011550903, -88.9658355713, 130.532943726, 232.192520142, 112.718963623], [-652.208862305, -24.5162506104, -76.5431060791, -109.735855103, -71.911239624, -63.5548934937, -137.613525391, 22.5952186584, 110.559303284, -43.3644523621, -85.1586837769, 112.718963623, 329.508666992]], "icov": [[0.000134761663503, 3.4149899875e-05, 0.000218213215703, -3.1222076359e-05, 0.000101943012851, -7.38273811294e-05, -2.93666507787e-05, 0.000165487872437, 3.05914545606e-05, 0.000350335874828, 9.48277665884e-05, 0.000129847612698, 0.000309897353873], [3.4149899875e-05, 0.000933234929107, 2.72421893897e-05, 8.71640877449e-05, 0.000173455744516, -0.000620033184532, 0.000806235999335, -0.000640059297439, 0.000703590689227, 7.46167529542e-07, 0.000263103254838, 0.000125257225591, 0.000260422792053], [0.000218213215703, 2.72421893897e-05, 0.00436483882368, -0.00104017730337, 0.000324698543409, 0.00044598968816, 0.000382132944651, -0.000298105296679, -0.000878408085555, 0.00225088489242, -0.000109558117401, 0.000542488647625, 0.00181544467341], [-3.1222076359e-05, 8.71640877449e-05, -0.00104017730337, 0.0065543060191, -0.000877220300026, 0.0008238707087, -0.00250145141035, -0.000855163903907, 0.00201814412139, -0.00077602599049, 0.00273662456311, -0.000707917613909, 0.0010373997502], [0.000101943012851, 0.000173455744516, 0.000324698543409, -0.000877220300026, 0.0105806291103, -0.00248745898716, 0.00163106399123, -0.00126098725013, -0.000575602985919, 0.00206811912358, -0.00129791919608, 0.00340534118004, 0.00155990361236], [-7.38273811294e-05, -0.000620033184532, 0.00044598968816, 0.0008238707087, -0.00248745898716, 0.00862343981862, -0.00141389132477, -4.13245616073e-05, -0.00112042773981, -0.000996518763714, 0.00272925780155, -0.00159632426221, 0.00221468764357], [-2.93666507787e-05, 0.000806235999335, 0.000382132944651, -0.00250145141035, 0.00163106399123, -0.00141389132477, 0.0100896274671, -0.000894781958777, 0.00184163136873, -0.00175812118687, -4.51880550827e-05, 4.25185717177e-05, 0.00274042063393], [0.000165487872437, -0.000640059297439, -0.000298105296679, -0.000855163903907, -0.00126098725013, -4.13245616073e-05, -0.000894781958777, 0.00761338882148, 0.00116324005648, 0.0025299557019, -0.00204330822453, 0.000424588040914, -0.00198370032012], [3.05914545606e-05, 0.000703590689227, -0.000878408085555, 0.00201814412139, -0.000575602985919, -0.00112042773981, 0.00184163136873, 0.00116324005648, 0.00722178630531, 0.000810412806459, 0.00329874409363, -8.47478149808e-05, -0.000506348733325], [0.000350335874828, 7.46167529542e-07, 0.00225088489242, -0.00077602599049, 0.00206811912358, -0.000996518763714, -0.00175812118687, 0.0025299557019, 0.000810412806459, 0.00749804684892, -0.0012744901469, 0.00356053048745, -0.000523202237673], [9.48277665884e-05, 0.000263103254838, -0.000109558117401, 0.00273662456311, -0.00129791919608, 0.00272925780155, -4.51880550827e-05, -0.00204330822453, 0.00329874409363, -0.0012744901469, 0.0101872682571, -0.00616537546739, 0.00492492550984], [0.000129847612698, 0.000125257225591, 0.000542488647625, -0.000707917613909, 0.00340534118004, -0.00159632426221, 4.25185717177e-05, 0.000424588040914, -8.47478149808e-05, 0.00356053048745, -0.00616537546739, 0.0116887483746, -0.00451437197626], [0.000309897353873, 0.000260422792053, 0.00181544467341, 0.0010373997502, 0.00155990361236, 0.00221468764357, 0.00274042063393, -0.00198370032012, -0.000506348733325, -0.000523202237673, 0.00492492550984, -0.00451437197626, 0.00940102990717]]}, "spectral_contrast_coeffs": {"dmean": [0.0335187278688, 0.0382575504482, 0.0411734953523, 0.0397858582437, 0.0253397934139, 0.0169051662087], "dmean2": [0.0494112446904, 0.06039942801, 0.0639928802848, 0.0631468966603, 0.0404903106391, 0.0265732016414], "dvar": [0.000897606427316, 0.000923535844777, 0.00111860991456, 0.00105045572855, 0.000531404220965, 0.000281078071566], "dvar2": [0.00234018359333, 0.0023018012289, 0.00273551815189, 0.002626726171, 0.00118480471428, 0.000585795613006], "max": [-0.3473290205, -0.315072178841, -0.456891953945, -0.434087693691, -0.543784618378, -0.587946176529], "mean": [-0.547614216805, -0.686406075954, -0.643093645573, -0.618629932404, -0.737748265266, -0.747507035732], "median": [-0.532787084579, -0.68895804882, -0.638142704964, -0.609432578087, -0.741319537163, -0.748289704323], "min": [-0.949112534523, -0.967088222504, -0.960484981537, -0.961142122746, -0.965312838554, -0.961357235909], "var": [0.00725622288883, 0.00648918747902, 0.0053696045652, 0.00557443592697, 0.00342969712801, 0.00187140156049]}, "spectral_contrast_valleys": {"dmean": [0.275191813707, 0.31370806694, 0.296932667494, 0.255339056253, 0.246845901012, 0.234276458621], "dmean2": [0.405364960432, 0.509212851524, 0.488746732473, 0.421163767576, 0.395242452621, 0.347919076681], "dvar": [0.130578532815, 0.18178486824, 0.177069142461, 0.165440648794, 0.174670189619, 0.181606799364], "dvar2": [0.24658703804, 0.36095443368, 0.3271266222, 0.298980146646, 0.296207398176, 0.318390488625], "max": [-7.13066339493, -5.