{"lowlevel": {"average_loudness": 0.91788315773, "barkbands_crest": {"dmean": 3.05364966393, "dmean2": 4.64053058624, "dvar": 12.1681642532, "dvar2": 20.7504405975, "max": 26.1029319763, "mean": 10.9647121429, "median": 8.65724182129, "min": 1.83265173435, "var": 42.812664032}, "barkbands_flatness_db": {"dmean": 0.03174232319, "dmean2": 0.0424416735768, "dvar": 0.00132208643481, "dvar2": 0.00199031643569, "max": 0.520218193531, "mean": 0.133756846189, "median": 0.112822212279, "min": 0.0124442335218, "var": 0.00591116212308}, "barkbands_kurtosis": {"dmean": 12.5628814697, "dmean2": 15.421169281, "dvar": 1576.01867676, "dvar2": 2116.90966797, "max": 1387.36633301, "mean": 17.7853069305, "median": 2.12761712074, "min": -1.93065798283, "var": 3796.69921875}, "barkbands_skewness": {"dmean": 0.997991621494, "dmean2": 1.25582826138, "dvar": 1.91671776772, "dvar2": 2.25450253487, "max": 28.8214912415, "mean": 2.33911108971, "median": 1.4421724081, "min": -3.42066192627, "var": 8.35151290894}, "barkbands_spread": {"dmean": 6.56918001175, "dmean2": 9.95946216583, "dvar": 61.6695022583, "dvar2": 124.227966309, "max": 127.915657043, "mean": 20.7285137177, "median": 17.8045787811, "min": 0.117743209004, "var": 247.23991394}, "dissonance": {"dmean": 0.019383860752, "dmean2": 0.032688498497, "dvar": 0.000381213147193, "dvar2": 0.00103054719511, "max": 0.500000178814, "mean": 0.465787321329, "median": 0.47346791625, "min": 0.219720974565, "var": 0.000862301385496}, "dynamic_complexity": 3.83974337578, "erbbands_crest": {"dmean": 2.40927791595, "dmean2": 4.00114154816, "dvar": 5.78339624405, "dvar2": 14.7338180542, "max": 30.8373737335, "mean": 7.40570259094, "median": 6.46566390991, "min": 2.16676092148, "var": 13.1712446213}, "erbbands_flatness_db": {"dmean": 0.0181067474186, "dmean2": 0.0262346882373, "dvar": 0.000346274202457, "dvar2": 0.000692821689881, "max": 0.410706996918, "mean": 0.13757994771, "median": 0.129236027598, "min": 0.0319303721189, "var": 0.00198535085656}, "erbbands_kurtosis": {"dmean": 0.926580011845, "dmean2": 1.48372924328, "dvar": 1.84410643578, "dvar2": 4.27692127228, "max": 31.6287155151, "mean": 0.437017530203, "median": -0.158639907837, "min": -1.88517296314, "var": 4.04185771942}, "erbbands_skewness": {"dmean": 0.381370335817, "dmean2": 0.590792536736, "dvar": 0.133470520377, "dvar2": 0.29440382123, "max": 5.00756931305, "mean": 0.338367581367, "median": 0.272578001022, "min": -4.18597793579, "var": 0.521358907223}, "erbbands_spread": {"dmean": 8.88073921204, "dmean2": 13.3926506042, "dvar": 84.0490875244, "dvar2": 176.781097412, "max": 215.44078064, "mean": 39.7835617065, "median": 36.6870079041, "min": 2.96751141548, "var": 356.094116211}, "hfc": {"dmean": 7.94856309891, "dmean2": 12.0273981094, "dvar": 207.540802002, "dvar2": 506.113494873, "max": 210.888916016, "mean": 18.5115299225, "median": 11.2470092773, "min": 1.12026433552e-16, "var": 488.94052124}, "melbands_crest": {"dmean": 4.09227085114, "dmean2": 5.77150726318, "dvar": 16.5863704681, "dvar2": 28.4103679657, "max": 36.0417098999, "mean": 15.6205453873, "median": 12.7871084213, "min": 1.91891717911, "var": 74.224105835}, "melbands_flatness_db": {"dmean": 0.0389661230147, "dmean2": 0.0520472079515, "dvar": 0.00195824727416, "dvar2": 0.00307012163103, "max": 0.658346295357, "mean": 0.203276231885, "median": 0.181164205074, "min": 0.00509274797514, "var": 0.0102423671633}, "melbands_kurtosis": {"dmean": 23.9419937134, "dmean2": 30.8016548157, "dvar": 3887.4621582, "dvar2": 6473.95849609, "max": 2332.61425781, "mean": 37.5985336304, "median": 6.92043447495, "min": -1.83700144291, "var": 8991.30175781}, "melbands_skewness": {"dmean": 1.28993201256, "dmean2": 1.66202902794, "dvar": 3.2289481163, "dvar2": 4.15629339218, "max": 38.2913169861, "mean": 3.53538298607, "median": 2.24244642258, "min": -2.20520377159, "var": 13.6130084991}, "melbands_spread": {"dmean": 8.63673210144, "dmean2": 13.1802330017, "dvar": 158.805999756, "dvar2": 320.12020874, "max": 278.511535645, "mean": 23.5870990753, "median": 18.280626297, "min": 0.129885315895, "var": 506.193878174}, "pitch_salience": {"dmean": 0.0946326479316, "dmean2": 0.141696274281, "dvar": 0.0114073948935, "dvar2": 0.0202151816338, "max": 0.901290178299, "mean": 0.532444417477, "median": 0.591818630695, "min": 0.0189074613154, "var": 0.0405919477344}, "silence_rate_20dB": {"dmean": 0, "dmean2": 0, "dvar": 0, "dvar2": 0, "max": 1, "mean": 1, "median": 1, "min": 1, "var": 0}, "silence_rate_30dB": {"dmean": 0.0639085099101, "dmean2": 0.127823159099, "dvar": 0.0598166398704, "dvar2": 0.111979477108, "max": 1, "mean": 0.83509516716, "median": 1, "min": 0, "var": 0.137696266174}, "silence_rate_60dB": {"dmean": 0.048628129065, "dmean2": 0.0972609296441, "dvar": 0.0462698824704, "dvar2": 0.103915095329, "max": 1, "mean": 0.11349221319, "median": 0, "min": 0, "var": 0.100637279451}, "spectral_centroid": {"dmean": 295.907440186, "dmean2": 459.039550781, "dvar": 113030.75, "dvar2": 248549.25, "max": 11218.2519531, "mean": 1390.54504395, "median": 1269.52648926, "min": 121.396469116, "var": 546607.0625}, "spectral_complexity": {"dmean": 4.60093212128, "dmean2": 6.69072580338, "dvar": 28.4231929779, "dvar2": 55.3057174683, "max": 64, "mean": 17.4888038635, "median": 15, "min": 0, "var": 123.092063904}, "spectral_decrease": {"dmean": 5.20208054411e-09, "dmean2": 6.90328239017e-09, "dvar": 9.17183355678e-17, "dvar2": 1.1755242356e-16, "max": 9.3797019319e-29, "mean": -1.18778284985e-08, "median": -3.42860229097e-09, "min": -8.21293397735e-08, "var": 3.6222683716e-16}, "spectral_energy": {"dmean": 0.0200308877975, "dmean2": 0.0266361199319, "dvar": 0.00132618879434, "dvar2": 0.00171048508491, "max": 0.311840862036, "mean": 0.0465088486671, "median": 0.0144850928336, "min": 1.0477615707e-20, "var": 0.0052521112375}, "spectral_energyband_high": {"dmean": 0.000493414292578, "dmean2": 0.000774267769884, "dvar": 1.32893092086e-06, "dvar2": 3.13656300932e-06, "max": 0.0242383722216, "mean": 0.000974310445599, "median": 0.000283227243926, "min": 7.47015502087e-21, "var": 3.70392672266e-06}, "spectral_energyband_low": {"dmean": 0.0163510255516, "dmean2": 0.021194871515, "dvar": 0.0014047230361, "dvar2": 0.00183571118396, "max": 0.306581020355, "mean": 0.033646736294, "median": 0.00222694501281, "min": 2.0338572786e-23, "var": 0.00501673249528}, "spectral_energyband_middle_high": {"dmean": 0.00193186837714, "dmean2": 0.00305794039741, "dvar": 9.82228721114e-06, "dvar2": 2.36269243032e-05, "max": 0.0564358383417, "mean": 0.00380026944913, "median": 0.00242417864501, "min": 1.36775111982e-21, "var": 2.08854817174e-05}, "spectral_energyband_middle_low": {"dmean": 0.0066868904978, "dmean2": 0.0115955937654, "dvar": 0.000194254258531, "dvar2": 0.000541077344678, "max": 0.142158597708, "mean": 0.00899615976959, "median": 0.00501178018749, "min": 2.49523469593e-22, "var": 0.000161061616382}, "spectral_entropy": {"dmean": 0.168972417712, "dmean2": 0.262248873711, "dvar": 0.0413746610284, "dvar2": 0.0962461382151, "max": 9.81211853027, "mean": 7.72758293152, "median": 7.80480480194, "min": 5.02634716034, "var": 0.204177394509}, "spectral_flux": {"dmean": 0.049355905503, "dmean2": 0.0703010857105, "dvar": 0.00425951415673, "dvar2": 0.00706519931555, "max": 0.482003808022, "mean": 0.0989660844207, "median": 0.0652544796467, "min": 6.50463294338e-11, "var": 0.00835809949785}, "spectral_kurtosis": {"dmean": 1.50994753838, "dmean2": 2.40536475182, "dvar": 10.0052995682, "dvar2": 26.0189743042, "max": 158.309875488, "mean": 5.19609498978, "median": 4.1853313446, "min": -1.30325496197, "var": 22.6361865997}, "spectral_rms": {"dmean": 0.00134112907108, "dmean2": 0.00179919658694, "dvar": 3.93465916204e-06, "dvar2": 5.0720523177e-06, "max": 0.0174423344433, "mean": 0.00522382324561, "median": 0.00375922839157, "min": 3.19719641387e-12, "var": 1.80859951797e-05}, "spectral_rolloff": {"dmean": 585.177612305, "dmean2": 929.029602051, "dvar": 1057551, "dvar2": 2113687.75, "max": 19293.75, "mean": 1662.12548828, "median": 1076.66015625, "min": 64.599609375, "var": 3974684.25}, "spectral_skewness": {"dmean": 0.225942596793, "dmean2": 0.348606914282, "dvar": 0.0995796024799, "dvar2": 0.229770675302, "max": 10.5658483505, "mean": 1.66914713383, "median": 1.55437719822, "min": -0.16700515151, "var": 0.391080588102}, "spectral_spread": {"dmean": 485552.34375, "dmean2": 719636.9375, "dvar": 409185124352, "dvar2": 712813248512, "max": 41141284, "mean": 4880540.5, "median": 4678664, "min": 601935, "var": 2779227357180.0}, "spectral_strongpeak": {"dmean": 0.366975098848, "dmean2": 0.606281995773, "dvar": 0.381188750267, "dvar2": 1.00745785236, "max": 11.0316505432, "mean": 0.698490917683, "median": 0.485459804535, "min": 0, "var": 0.520874321461}, "zerocrossingrate": {"dmean": 0.0131256179884, "dmean2": 0.0140936365351, "dvar": 0.000249953969615, "dvar2": 0.000236196021433, "max": 0.5146484375, "mean": 0.0643722265959, "median": 0.05126953125, "min": 0.001953125, "var": 0.00276772794314}, "barkbands": {"dmean": [0.00116322818212, 0.0143148312345, 0.00348098576069, 0.00178039923776, 0.00188277848065, 0.00138465268537, 0.00110324844718, 0.000731543113943, 0.00108309579082, 0.0004470202839, 0.000506850075908, 0.000544791982975, 0.000215814376133, 0.000267770374194, 0.000206792843528, 0.000194609907339, 0.000132997069159, 0.000139458308695, 0.000164389057318, 0.00015712302411, 0.000128748841234, 0.000143370591104, 8.58368148329e-05, 5.40946093679e-05, 4.37909948232e-05, 2.54913029494e-05, 8.29230157251e-06], "dmean2": [0.00153853488155, 0.0172366425395, 0.00655678892508, 0.00318769551814, 0.00325661338866, 0.00233457074501, 0.00190489902161, 0.00127942836843, 0.00189536577091, 0.000758382084314, 0.000855134858284, 0.000921377621125, 0.000359898403985, 0.000453759566881, 0.000346958870068, 0.000330547511112, 0.000216656495468, 0.000229331388255, 0.000264190079179, 0.000246092764428, 0.000208571713301, 0.000245953880949, 0.000140805044794, 8.07929318398e-05, 6.372473581e-05, 3.84658233088e-05, 1.3497209693e-05], "dvar": [8.81314645085e-06, 0.0011931899935, 0.000148940031067, 2.33812752413e-05, 2.12436534639e-05, 1.12220595838e-05, 6.07824722465e-06, 2.56672751675e-06, 5.0260991884e-06, 7.10557401362e-07, 9.51307697505e-07, 1.02818228243e-06, 1.73644934875e-07, 2.87426104251e-07, 5.85669283737e-07, 4.34585103903e-07, 1.34739394753e-07, 9.52212459993e-08, 2.15791700953e-07, 2.13189991882e-07, 1.06263428279e-07, 1.4281862093e-07, 5.86434723004e-08, 2.45956002232e-08, 1.69612626166e-08, 6.04625904899e-09, 4.21068901968e-10], "dvar2": [1.33239664137e-05, 0.00134435377549, 0.00043033019756, 6.59397046547e-05, 6.09428534517e-05, 3.0424882425e-05, 1.6632156985e-05, 7.09475443728e-06, 1.38970590342e-05, 1.87175714927e-06, 2.37777180701e-06, 2.65807420874e-06, 4.35989107928e-07, 7.35085848191e-07, 1.53659163971e-06, 1.17125853194e-06, 3.52987967744e-07, 2.10827849401e-07, 4.73475012086e-07, 4.11757667962e-07, 2.49517597695e-07, 3.85208664966e-07, 1.3110830821e-07, 4.93207856778e-08, 3.2882379486e-08, 1.2831820051e-08, 9.88647608224e-10], "max": [0.0248604491353, 0.28349596262, 0.107906699181, 0.0734635293484, 0.062253151089, 0.0431236773729, 0.037689100951, 0.0230957567692, 0.0513484701514, 0.023021126166, 0.0416472665966, 0.0129363304004, 0.0141941802576, 0.0172225739807, 0.0306402929127, 0.0311633981764, 0.022253908217, 0.0161039158702, 0.0222495496273, 0.0218415521085, 0.0124494591728, 0.00544621795416, 0.00878218747675, 0.00599736208096, 0.00691374577582, 0.00592410797253, 0.000901583058294], "mean": [0.00166615191847, 0.0287116598338, 0.00244005327113, 0.00173931277823, 0.00214109406807, 0.00185926200356, 0.00119127077051, 0.000796628533863, 0.00112420204096, 0.0005994696985, 0.000613048789091, 0.00062915525632, 0.000308348273393, 0.000333507574396, 0.00029152771458, 0.000253407779383, 0.000206765384064, 0.000228191231145, 0.000272136298008, 0.000264057744062, 0.000198910100153, 0.000184551579878, 0.000147253056639, 0.000121727403894, 0.000111101362563, 5.77757746214e-05, 1.7564616428e-05], "median": [8.4435196186e-06, 0.000712798791938, 0.000206393786357, 0.000479781767353, 0.00091795384651, 0.000534815480933, 0.000319301354466, 0.000233976228628, 0.000429368810728, 0.000266810995527, 0.000278259452898, 0.000288462324534, 0.000153726316057, 0.000148385239299, 0.000144513440318, 0.0001099642177, 9.41487960517e-05, 0.000105593942862, 9.59205353865e-05, 8.61014705151e-05, 6.63331156829e-05, 3.94800772483e-05, 2.87667880912e-05, 2.85118367174e-05, 2.1868992917e-05, 1.00031811598e-05, 3.59865566679e-06], "min": [1.81371329733e-24, 2.07307597182e-24, 3.63268001385e-24, 1.82767570148e-23, 2.18824950621e-23, 3.10724958383e-23, 1.28215109093e-23, 1.98654787017e-23, 1.43867829169e-23, 3.12248059464e-23, 3.78626318572e-23, 2.5075789807e-23, 2.75490896259e-23, 5.93877524189e-23, 8.79871219877e-23, 1.05271537738e-22, 9.3944536435e-23, 1.55393695995e-22, 1.4050352358e-22, 2.00631334813e-22, 3.91319690071e-22, 3.54594592484e-22, 4.32961801857e-22, 7.792621467e-22, 1.01159634979e-21, 1.4120322427e-21, 2.09084520886e-21], "var": [1.99582009373e-05, 0.00423066224903, 8.33913436509e-05, 1.69172926689e-05, 1.58832463057e-05, 1.34584533953e-05, 5.77387800149e-06, 2.48604601438e-06, 4.1372504711e-06, 1.29727209242e-06, 1.32547961584e-06, 1.03038166799e-06, 2.6020131827e-07, 3.48303444753e-07, 5.50652146103e-07, 3.76193810325e-07, 1.54204940372e-07, 1.84570197348e-07, 5.25448740518e-07, 5.92470598804e-07, 1.95487743326e-07, 1.85469147596e-07, 1.63749902526e-07, 1.10867468095e-07, 1.16965871655e-07, 4.91846243733e-08, 1.82242687607e-09]}, "erbbands": {"dmean": [0.746296584606, 2.67084932327, 4.35207891464, 4.83229637146, 6.46048307419, 6.08579349518, 9.25318145752, 10.8601331711, 14.0775699615, 16.6942939758, 15.4323272705, 22.4027385712, 17.7832736969, 22.6623668671, 15.7718667984, 17.5502624512, 9.81507110596, 11.7462968826, 10.8615617752, 11.2202072144, 10.4036302567, 7.31015539169, 7.15150785446, 9.51948833466, 6.59999799728, 7.16114664078, 6.11052274704, 5.22633934021, 4.97923231125, 3.69409394264, 2.27695155144, 1.36707317829, 0.849923849106, 0.552762269974, 0.307435363531, 0.118453882635, 0.0420574583113, 0.0123902643099, 0.00137514178641, 0.000116087350762], "dmean2": [0.70724272728, 3.63375592232, 7.80843925476, 8.77304649353, 11.2985696793, 10.3681287766, 16.3306503296, 17.7179145813, 24.1053905487, 29.5108356476, 26.475440979, 39.3720283508, 30.7474861145, 38.4019393921, 26.0208377838, 29.4537963867, 16.2754898071, 19.7308559418, 18.2136058807, 18.9066944122, 17.6637477875, 11.8985643387, 11.6741552353, 15.6069078445, 10.1830778122, 11.1447114944, 9.82893943787, 8.63510894775, 8.50157928467, 6.22859668732, 3.7210047245, 2.0779967308, 1.27875828743, 0.809248387814, 0.462419062853, 0.174134209752, 0.0641520172358, 0.0204458907247, 0.00220680399798, 0.000192839870579], "dvar": [2.73695993423, 47.5706138611, 209.16418457, 198.047668457, 280.806121826, 222.959594727, 765.308837891, 463.423278809, 957.58807373, 1625.36254883, 818.944091797, 2426.23071289, 1079.02783203, 1940.36730957, 792.003051758, 991.66986084, 350.096008301, 481.192047119, 439.914428711, 2474.48461914, 1232.9543457, 277.471008301, 270.732727051, 564.981323242, 479.134063721, 490.84854126, 276.613952637, 162.1875, 166.70765686, 95.3713989258, 45.8533210754, 17.7441940308, 5.47836732864, 2.65252900124, 1.07231652737, 0.145441159606, 0.0241640917957, 0.00118541473057, 1.06262205009e-05, 9.44352933629e-08], "dvar2": [2.19490981102, 89.2940139771, 588.026123047, 566.607849121, 802.330383301, 628.856323242, 2148.39599609, 1195.94812012, 2597.55493164, 4548.12988281, 2211.83227539, 6712.55126953, 2900.26879883, 5127.38574219, 1935.2791748, 2540.54541016, 880.055236816, 1256.47668457, 1139.22509766, 6498.88037109, 3341.15673828, 680.235961914, 583.746826172, 1357.58630371, 952.059753418, 962.600769043, 579.479553223, 417.370880127, 447.134277344, 244.000991821, 98.0484390259, 35.3113250732, 11.071513176, 5.17334604263, 2.41676139832, 0.292805880308, 0.0535712502897, 0.00289715616964, 2.46019208134e-05, 2.5503865686e-07], "max": [14.7205839157, 68.2955322266, 125.122093201, 148.952636719, 285.268127441, 175.086730957, 358.764404297, 373.41796875, 359.502807617, 613.643310547, 630.305419922, 1537.9440918, 611.439025879, 1172.23620605, 1116.88305664, 606.969848633, 664.338989258, 526.063415527, 604.517089844, 1743.67785645, 1829.83325195, 645.96875, 906.214599609, 734.53314209, 1409.671875, 1002.25366211, 965.95892334, 261.684326172, 200.168304443, 247.373245239, 261.616943359, 174.363922119, 118.584754944, 99.6270904541, 66.7938308716, 29.0209732056, 15.1481685638, 2.55975556374, 0.155591323972, 0.00541749829426], "mean": [1.26005244255, 4.67849254608, 3.56294441223, 4.46893024445, 6.98689603806, 6.8637304306, 9.06476020813, 16.813741684, 16.3474311829, 18.2583293915, 19.4253139496, 23.0463066101, 20.9545326233, 29.1264743805, 21.1776332855, 21.5224781036, 14.8107070923, 15.8118839264, 15.8287372589, 15.4223279953, 14.0372667313, 11.9486522675, 12.0904579163, 14.6286306381, 12.5999002457, 12.2323560715, 9.42970943451, 7.49042415619, 6.56218242645, 5.32326889038, 3.98964834213, 2.78425240517, 1.92899787426, 1.36254358292, 0.715483248234, 0.285270571709, 0.0980293527246, 0.0224735420197, 0.00296257808805, 0.000235688741668], "median": [0.013613531366, 0.179508984089, 0.497908949852, 1.09047269821, 2.67462730408, 2.48670387268, 2.92858839035, 4.1790266037, 4.35406017303, 5.43127012253, 7.22648906708, 8.71966743469, 9.51320648193, 14.2452659607, 10.6736850739, 10.5572948456, 7.73579597473, 7.82419300079, 8.49125957489, 7.46077680588, 6.52720117569, 5.69977760315, 5.77782535553, 5.76460504532, 4.41017532349, 3.91359758377, 3.25403547287, 2.27233076096, 1.48159956932, 1.03064274788, 0.76953035593, 0.628925561905, 0.440690219402, 0.280614495277, 0.122116103768, 0.0469433069229, 0.0172923058271, 0.00491506233811, 0.000650747795589, 6.82524914737e-05], "min": [1.11265321828e-22, 4.80175215387e-22, 3.79751995316e-21, 3.37101432022e-20, 5.0997206647e-20, 7.3727389941e-20, 1.08289367615e-19, 2.72375091927e-19, 1.82568868304e-19, 4.44240088007e-19, 6.75285746863e-19, 3.19443736732e-19, 5.69771932094e-19, 1.40182019236e-18, 1.39023387352e-18, 1.01020042354e-18, 1.51698679129e-18, 3.21308527535e-18, 5.21332855808e-18, 4.95989282611e-18, 5.19383315182e-18, 6.23134883694e-18, 7.71773987173e-18, 7.32826518903e-18, 8.59260579223e-18, 9.26753636842e-18, 1.39757872037e-17, 1.52432528953e-17, 1.31354213322e-17, 1.23923294192e-17, 1.19825714407e-17, 1.45191075542e-17, 1.39870666385e-17, 9.55458458459e-18, 7.37932952978e-18, 4.83108715625e-18, 2.63049390492e-18, 1.14588472057e-18, 2.71094021802e-19, 3.09982832627e-20], "var": [9.64684581757, 111.490859985, 133.602539062, 127.462303162, 208.744384766, 176.234191895, 517.101745605, 1079.14282227, 937.231872559, 1412.34875488, 1033.98657227, 1915.53503418, 1220.41711426, 2788.12060547, 1145.859375, 1095.88171387, 553.27130127, 624.630310059, 648.894042969, 2144.37768555, 1044.26928711, 415.203735352, 526.716491699, 1026.40209961, 1470.16577148, 1359.89672852, 621.251281738, 245.781204224, 226.967636108, 177.896728516, 130.306732178, 64.4837875366, 27.9905700684, 15.4470005035, 6.63564062119, 1.14838659763, 0.202282115817, 0.00422291690484, 5.05372881889e-05, 2.14936648035e-07]}, "gfcc": {"mean": [-14.4314079285, 71.8238601685, -109.240898132, 14.6000642776, -53.6328697205, 9.77821350098, -28.938703537, 6.50854825974, -24.0656452179, 1.16577076912, -15.2623920441, -0.478840649128, -9.16390514374], "cov": [[10732.8613281, -901.12701416, 66.1063766479, 705.370605469, -19.5367908478, 319.162139893, 108.050117493, 194.496627808, 40.4487533569, 96.4611587524, -57.412815094, 14.9451913834, -108.36643219], [-901.12701416, 1523.22314453, 310.846008301, -70.9373550415, 254.593826294, -56.8607826233, 126.532119751, -75.171913147, 46.3827590942, 0.857125282288, 94.6632766724, -30.8741378784, 53.7040100098], [66.1063766479, 310.846008301, 805.508422852, 250.473861694, 319.001617432, 219.441207886, 207.955123901, 51.9850578308, 127.175880432, 56.8763618469, 23.9339847565, 72.2968902588, -6.3439040184], [705.370605469, -70.9373550415, 250.473861694, 595.919250488, 283.559387207, 241.924850464, 209.366409302, 138.706939697, 114.623191833, 43.8943748474, 37.6641845703, 44.2583885193, 43.3710250854], [-19.5367908478, 254.593826294, 319.001617432, 283.559387207, 598.814819336, 274.03338623, 329.757110596, 154.911727905, 154.025360107, 55.2154045105, 56.9619903564, 82.2077178955, 38.175151825], [319.162139893, -56.8607826233, 219.441207886, 241.924850464, 274.03338623, 378.483856201, 242.716995239, 138.371841431, 83.2179031372, 46.3101348877, 41.5200080872, 46.1546669006, 41.3142738342], [108.050117493, 126.532119751, 207.955123901, 209.366409302, 329.757110596, 242.716995239, 351.488372803, 135.492736816, 137.132400513, 74.2708511353, 60.9885940552, 52.4494018555, 38.5599594116], [194.496627808, -75.171913147, 51.9850578308, 138.706939697, 154.911727905, 138.371841431, 135.492736816, 199.818237305, 98.7897262573, 62.8749084473, 62.0819282532, 29.7403411865, 45.1419067383], [40.4487533569, 46.3827590942, 127.175880432, 114.623191833, 154.025360107, 83.2179031372, 137.132400513, 98.7897262573, 190.430160522, 81.708732605, 53.2779121399, 60.3124084473, 13.6865243912], [96.4611587524, 0.857125282288, 56.8763618469, 43.8943748474, 55.2154045105, 46.3101348877, 74.2708511353, 62.8749084473, 81.708732605, 107.464202881, 66.8339385986, 35.6792869568, 28.5027008057], [-57.412815094, 94.6632766724, 23.9339847565, 37.6641845703, 56.9619903564, 41.5200080872, 60.9885940552, 62.0819282532, 53.2779121399, 66.8339385986, 120.785858154, 45.5221290588, 52.5916748047], [14.9451913834, -30.8741378784, 72.2968902588, 44.2583885193, 82.2077178955, 46.1546669006, 52.4494018555, 29.7403411865, 60.3124084473, 35.6792869568, 45.5221290588, 105.331817627, 27.2758483887], [-108.36643219, 53.7040100098, -6.3439040184, 43.3710250854, 38.175151825, 41.3142738342, 38.5599594116, 45.1419067383, 13.6865243912, 28.5027008057, 52.5916748047, 27.2758483887, 101.839096069]], "icov": [[0.000112967150926, 1.09108941615e-05, 2.64066275122e-05, -0.000165078163263, 8.64942412591e-05, -6.50241199764e-05, 8.02848717285e-06, -9.53813650995e-05, 0.000128289058921, -0.000213733146666, 0.000113464549941, -8.64846078912e-05, 0.000226744174142], [1.09108941615e-05, 0.00125805905554, -0.000561246240977, 0.000413192436099, -0.000796926033217, 0.000745554862078, -0.000426673970651, 0.0012158943573, -0.000627819506917, 0.00107620167546, -0.00185514171608, 0.00179457920603, -0.000983332633041], [2.64066275122e-05, -0.000561246240977, 0.00210590590723, -0.000579449988436, -0.000240814988501, -0.000979906646535, 0.000240023626247, 0.000375859817723, -0.000163911972777, -0.0011438241927, 0.00106041750405, -0.00122898234986, 0.00105604424607], [-0.000165078163263, 0.000413192436099, -0.000579449988436, 0.00298860482872, -0.000787089229561, -0.000495321175549, -0.000185312659596, -7.98725232016e-05, -0.00100603012834, 0.00113861414138, -0.000551834877115, 0.000988887739368, -0.00126421859022], [8.64942412591e-05, -0.000796926033217, -0.000240814988501, -0.000787089229561, 0.00481162965298, -0.000819191103801, -0.00254405126907, -0.0016785224434, -8.3784088929e-06, 0.000836691469885, 0.00119572994299, -0.0024255127646, 0.000867538561579], [-6.50241199764e-05, 0.000745554862078, -0.000979906646535, -0.000495321175549, -0.000819191103801, 0.0065377112478, -0.00311017408967, -0.00139762263279, 0.00132037687581, 0.000865887035616, -0.000539669475984, 0.000289746181807, -0.0010791583918], [8.02848717285e-06, -0.000426673970651, 0.000240023626247, -0.000185312659596, -0.00254405126907, -0.00311017408967, 0.00874184072018, -0.000437050242908, -0.00199514487758, -0.00199755560607, 0.000171256600879, 0.000653257302474, -9.62405829341e-06], [-9.53813650995e-05, 0.0012158943573, 0.000375859817723, -7.98725232016e-05, -0.0016785224434, -0.00139762263279, -0.000437050242908, 0.0113142300397, -0.00395987834781, -9.19130834518e-05, -0.00374320545234, 0.0037455605343, -0.00285101518966], [0.000128289058921, -0.000627819506917, -0.000163911972777, -0.00100603012834, -8.3784088929e-06, 0.00132037687581, -0.00199514487758, -0.00395987834781, 0.0125430263579, -0.00649973982945, 0.00193285476416, -0.00479340134189, 0.00328313675709], [-0.000213733146666, 0.00107620167546, -0.0011438241927, 0.00113861414138, 0.000836691469885, 0.000865887035616, -0.00199755560607, -9.19130834518e-05, -0.00649973982945, 0.0208525713533, -0.0092265047133, 0.0017765291268, -0.00189270428382], [0.000113464549941, -0.00185514171608, 0.00106041750405, -0.000551834877115, 0.00119572994299, -0.000539669475984, 0.000171256600879, -0.00374320545234, 0.00193285476416, -0.0092265047133, 0.0191819667816, -0.00623734854162, -0.00314761977643], [-8.64846078912e-05, 0.00179457920603, -0.00122898234986, 0.000988887739368, -0.0024255127646, 0.000289746181807, 0.000653257302474, 0.0037455605343, -0.00479340134189, 0.0017765291268, -0.00623734854162, 0.0166513454169, -0.00374374166131], [0.000226744174142, -0.000983332633041, 0.00105604424607, -0.00126421859022, 0.000867538561579, -0.0010791583918, -9.62405829341e-06, -0.00285101518966, 0.00328313675709, -0.00189270428382, -0.00314761977643, -0.00374374166131, 0.0152801107615]]}, "melbands": {"dmean": [0.00499668391421, 0.00257307640277, 0.000903278123587, 0.000452216539998, 0.000295335252304, 0.000251783523709, 0.000220372181502, 0.000182036688784, 0.000124024329125, 0.000154713488882, 8.89206930879e-05, 8.93931646715e-05, 5.57177081646e-05, 7.07233630237e-05, 2.32421934925e-05, 2.37812000705e-05, 2.36914092966e-05, 1.94198892132e-05, 1.77940637514e-05, 1.33953826662e-05, 1.26915347209e-05, 8.10099663795e-06, 6.72977057548e-06, 6.81782148604e-06, 8.51453569339e-06, 5.4702181842e-06, 5.10732297698e-06, 4.97694873047e-06, 4.33639161201e-06, 3.43922715729e-06, 3.07491882268e-06, 2.94547294288e-06, 2.84408974949e-06, 1.87130683571e-06, 1.45641456584e-06, 1.07758933154e-06, 8.27693042993e-07, 6.53594838695e-07, 5.51654864012e-07, 4.90362992878e-07], "dmean2": [0.00515574775636, 0.00405856827274, 0.00162297545467, 0.000778066518251, 0.000518722867128, 0.000414279144024, 0.000376229378162, 0.000321558094583, 0.000211918581044, 0.000272458564723, 0.000153680244694, 0.000151418324094, 9.23814222915e-05, 0.000119750540762, 3.89988308598e-05, 3.98700794904e-05, 4.01640863856e-05, 3.28506284859e-05, 3.01022610074e-05, 2.27505752264e-05, 2.17456945393e-05, 1.33068797368e-05, 1.10343444248e-05, 1.12304187496e-05, 1.41230957524e-05, 8.64525554789e-06, 7.87638600741e-06, 7.9269593698e-06, 7.03784780853e-06, 5.69211715629e-06, 5.15874671692e-06, 4.9933205446e-06, 4.99872203363e-06, 3.13041095978e-06, 2.4076664431e-06, 1.71959118234e-06, 1.2593526435e-06, 1.01487398751e-06, 8.32351872759e-07, 7.31168086077e-07], "dvar": [0.000125710852444, 5.18456836289e-05, 6.39480776954e-06, 1.38688574225e-06, 6.36703589407e-07, 2.62799233042e-07, 2.27003667419e-07, 1.88403348034e-07, 5.08187127934e-08, 1.15352555952e-07, 2.69330318048e-08, 2.97457489751e-08, 1.10845439494e-08, 1.91932265636e-08, 2.60894617021e-09, 2.03184002956e-09, 2.2146633416e-09, 1.55586643569e-09, 5.02814412329e-09, 2.566377999e-09, 2.22056395494e-09, 4.2057304861e-10, 1.90475815676e-10, 2.96587254756e-10, 4.85092799263e-10, 3.30369509527e-10, 2.9231045362e-10, 2.31531821493e-10, 1.62489077749e-10, 7.52515896818e-11, 5.65452129564e-11, 5.49677976747e-11, 6.24388457604e-11, 2.68493994399e-11, 1.98692312603e-11, 1.27819369672e-11, 6.73223976566e-12, 3.38777118337e-12, 2.76035227662e-12, 2.32903930517e-12], "dvar2": [0.000108935157186, 0.000132745932206, 1.82399580808e-05, 3.96321956941e-06, 1.77827928383e-06, 6.88098623414e-07, 6.14799887444e-07, 5.27851398147e-07, 1.36540279527e-07, 3.19503897117e-07, 7.2055449607e-08, 7.86582745604e-08, 2.64243791293e-08, 4.9751854192e-08, 6.88312518093e-09, 5.20295451167e-09, 5.80164094544e-09, 4.0024970005e-09, 1.33135156233e-08, 6.82357326198e-09, 6.03642735797e-09, 1.06988984339e-09, 4.5002640503e-10, 6.49906184425e-10, 1.19771714768e-09, 7.26925908356e-10, 5.92847437808e-10, 4.72522132533e-10, 3.41955769256e-10, 1.8778133215e-10, 1.46406400892e-10, 1.45376211069e-10, 1.73370554024e-10, 6.65979008052e-11, 4.48141315723e-11, 2.7230327368e-11, 1.41849075888e-11, 7.38867647621e-12, 5.8236176298e-12, 4.83480616653e-12], "max": [0.0996760502458, 0.0662161111832, 0.0294972602278, 0.0171634703875, 0.00976049434394, 0.00752148544416, 0.00673568015918, 0.00567599758506, 0.00489825895056, 0.00933738704771, 0.00307893799618, 0.00456869974732, 0.00569862127304, 0.00193492951803, 0.00166711001657, 0.00138683547266, 0.00132018176373, 0.00135280110408, 0.00292843463831, 0.00273423502222, 0.0023666175548, 0.00101869262289, 0.000606232439168, 0.00105735124089, 0.000716380134691, 0.00111439265311, 0.000789275160059, 0.000727180682588, 0.000764354947023, 0.00025835505221, 0.000191457467736, 0.0001353546686, 0.000139239651617, 0.000178011498065, 0.000180924791493, 0.000229339391808, 0.00010615089559, 9.28411027417e-05, 0.000106213323306, 0.000102245074231], "mean": [0.00933137815446, 0.00324349710718, 0.000866918300744, 0.000506056996528, 0.000299687992083, 0.000369588262402, 0.000265811628196, 0.000199676127522, 0.000158577619004, 0.000153073953697, 0.000102495723695, 0.00011469652236, 7.29091334506e-05, 7.88194811321e-05, 3.24831707985e-05, 3.29208778567e-05, 2.93278681056e-05, 2.58332129306e-05, 2.40045483224e-05, 1.72483669303e-05, 1.62017149705e-05, 1.23596655612e-05, 1.08739131974e-05, 1.07902478703e-05, 1.21839875646e-05, 9.48475917539e-06, 9.02958618099e-06, 7.85944303061e-06, 6.34547905065e-06, 4.73851059724e-06, 4.22483935836e-06, 3.86830288335e-06, 3.28661326421e-06, 2.82912560579e-06, 2.37487711274e-06, 1.91443632502e-06, 1.62058938713e-06, 1.34873710067e-06, 1.26315967464e-06, 1.11146437121e-06], "median": [0.000168601312907, 0.000302227097563, 0.000269728887361, 0.000200865819352, 0.000107761603431, 9.7404459666e-05, 7.3318638897e-05, 6.02036998316e-05, 5.77810278628e-05, 5.60186781513e-05, 4.29332576459e-05, 5.52284654987e-05, 3.64203078789e-05, 3.3507898479e-05, 1.6237157979e-05, 1.5519628505e-05, 1.31218585011e-05, 1.25902688524e-05, 1.13755268103e-05, 7.36950369173e-06, 6.94642949384e-06, 5.54359212401e-06, 5.25054929312e-06, 4.76589821119e-06, 4.55069221061e-06, 3.22201071867e-06, 2.96948701362e-06, 2.40634244619e-06, 2.10714961213e-06, 1.43540341924e-06, 1.22218318666e-06, 8.86643761078e-07, 5.77093032916e-07, 5.52169353796e-07, 4.4157164325e-07, 3.73831340994e-07, 3.73649186258e-07, 3.0006117413e-07, 2.70945747616e-07, 2.21064908601e-07], "min": [1.22061493106e-24, 1.14390156068e-24, 8.59131530253e-24, 5.46687588737e-24, 4.36059234225e-24, 6.72802426667e-24, 2.8851713945e-24, 5.24166517083e-24, 5.65084850566e-24, 1.6238196863e-24, 2.45320358736e-24, 5.09645126097e-24, 4.4996641811e-24, 2.8748704488e-24, 3.31392577674e-24, 2.78309358223e-24, 4.90699250951e-24, 6.3794932914e-24, 6.4077408227e-24, 6.38078938987e-24, 5.30224495519e-24, 5.70592046318e-24, 3.22868166454e-24, 7.50103853403e-24, 4.28977274891e-24, 5.97954475676e-24, 7.25430414212e-24, 5.91393046211e-24, 7.53890385748e-24, 9.599425108e-24, 8.08402961996e-24, 6.56948452397e-24, 5.42288229798e-24, 6.71077661184e-24, 5.8935758786e-24, 8.50339912122e-24, 8.36299607959e-24, 9.46634506215e-24, 6.83215942819e-24, 8.3025906335e-24], "var": [0.000476755696582, 5.8996691223e-05, 4.23185520049e-06, 1.02619276277e-06, 4.48668686204e-07, 4.97133214594e-07, 2.43865429184e-07, 1.65535340102e-07, 7.08275322836e-08, 8.83455157918e-08, 3.181361663e-08, 4.41181349231e-08, 1.69278813189e-08, 1.83339317061e-08, 3.54620843801e-09, 2.82118151063e-09, 2.64535104932e-09, 2.05890748894e-09, 4.38934977254e-09, 2.28560659288e-09, 1.76349401748e-09, 5.28281085543e-10, 3.51894902106e-10, 5.32542288045e-10, 7.84340148385e-10, 8.3431062059e-10, 7.96265220426e-10, 5.7956078825e-10, 3.4637981372e-10, 1.13371090293e-10, 8.62137028435e-11, 7.91546758694e-11, 6.82443129785e-11, 5.75107635126e-11, 4.98467794818e-11, 3.50530611481e-11, 2.33941806899e-11, 1.41276356933e-11, 1.4489886721e-11, 1.08357368217e-11]}, "mfcc": {"mean": [-661.344360352, 114.319458008, -1.61806023121, 12.1464185715, -2.59029531479, 2.69023013115, 4.40040206909, 2.09782242775, 1.06091761589, 1.03761196136, -2.36230301857, -1.62446773052, -1.68743801117], "cov": [[8347.66601562, -751.62689209, -27.2046661377, 358.47769165, 39.6407775879, 148.415237427, 70.8113708496, 165.494918823, 97.4853591919, 117.027870178, 81.3380584717, 39.6530342102, 51.9628448486], [-751.62689209, 1571.48620605, 118.734695435, 38.3223686218, 74.2211608887, 43.7275161743, 72.2154922485, -44.0321464539, -5.04854059219, -10.6474323273, 17.3601131439, 31.3656902313, -2.67107439041], [-27.2046661377, 118.734695435, 557.970947266, 131.901489258, 104.531723022, 155.749404907, 47.2048568726, 64.9540481567, 51.294254303, 24.4865093231, 53.7039108276, 40.3231430054, 15.2873497009], [358.47769165, 38.3223686218, 131.901489258, 403.02645874, 181.970581055, 174.162902832, 114.79737854, 138.168426514, 118.181694031, 68.6942443848, 76.5203704834, 62.6180152893, 45.23670578], [39.6407775879, 74.2211608887, 104.531723022, 181.970581055, 294.343017578, 174.748840332, 154.187301636, 166.319000244, 117.484764099, 69.1300354004, 62.3033905029, 56.6265029907, 49.6171722412], [148.415237427, 43.7275161743, 155.749404907, 174.162902832, 174.748840332, 347.706268311, 182.980316162, 198.943161011, 137.210983276, 77.1756057739, 84.8667373657, 55.7073440552, 45.8209342957], [70.8113708496, 72.2154922485, 47.2048568726, 114.79737854, 154.187301636, 182.980316162, 305.565002441, 153.057235718, 126.133483887, 97.4521102905, 61.5282859802, 41.933052063, 34.2761726379], [165.494918823, -44.0321464539, 64.9540481567, 138.168426514, 166.319000244, 198.943161011, 153.057235718, 243.435806274, 141.250091553, 79.6708602905, 82.8085479736, 72.2797851562, 58.7928009033], [97.4853591919, -5.04854059219, 51.294254303, 118.181694031, 117.484764099, 137.210983276, 126.133483887, 141.250091553, 170.984161377, 98.041305542, 67.6673126221, 54.6439437866, 48.8856582642], [117.027870178, -10.6474323273, 24.4865093231, 68.6942443848, 69.1300354004, 77.1756057739, 97.4521102905, 79.6708602905, 98.041305542, 129.562088013, 73.4508590698, 40.1977424622, 43.2525482178], [81.3380584717, 17.3601131439, 53.7039108276, 76.5203704834, 62.3033905029, 84.8667373657, 61.5282859802, 82.8085479736, 67.6673126221, 73.4508590698, 117.021865845, 72.5978393555, 43.6037139893], [39.6530342102, 31.3656902313, 40.3231430054, 62.6180152893, 56.6265029907, 55.7073440552, 41.933052063, 72.2797851562, 54.6439437866, 40.1977424622, 72.5978393555, 103.097877502, 59.9048233032], [51.9628448486, -2.67107439041, 15.2873497009, 45.23670578, 49.6171722412, 45.8209342957, 34.2761726379, 58.7928009033, 48.8856582642, 43.2525482178, 43.6037139893, 59.9048233032, 84.9990386963]], "icov": [[0.000133318462758, 5.91282368987e-05, 2.10773850995e-05, -0.000150654377649, 8.70663570822e-05, -2.17764809349e-05, 7.17224975233e-06, -6.82980753481e-05, 9.01442545e-05, -0.000115287228255, 1.65081364685e-05, 1.39593194035e-05, -9.4788356364e-06], [5.91282368987e-05, 0.000729286693968, -8.6424050096e-05, -3.33437164954e-05, -0.00025122705847, -0.000129997977638, -0.000283272733213, 0.000638985307887, 9.55531686486e-06, 0.000194621898117, -8.3016937424e-05, -0.000421243166784, 0.000143977769767], [2.10773850995e-05, -8.6424050096e-05, 0.00222217780538, -0.000329790869728, -0.000401089288061, -0.00110560585745, 0.000405257218517, 0.000596563040745, 1.41766086017e-05, 0.000136128699523, -0.000407665007515, -0.000464678771095, 0.000473524822155], [-0.000150654377649, -3.33437164954e-05, -0.000329790869728, 0.00407008873299, -0.00167351274285, -0.000672103196848, 0.00020695287094, 0.000352648872649, -0.00122638943139, 0.000353107956471, -0.00069510540925, -0.000425950041972, 0.000178518006578], [8.70663570822e-05, -0.00025122705847, -0.000401089288061, -0.00167351274285, 0.00711066368967, -0.000283553410554, -0.0012187694665, -0.00280735851265, -0.000230487989029, -0.000114105532703, 0.000816888641566, 6.29822097835e-05, -0.000935775053222], [-2.17764809349e-05, -0.000129997977638, -0.00110560585745, -0.000672103196848, -0.000283553410554, 0.00715213175863, -0.00174359977245, -0.00354773038998, -0.00106946192682, 0.00143935787492, -0.00202908343635, 0.00212522433139, -0.000541460467502], [7.17224975233e-06, -0.000283272733213, 0.000405257218517, 0.00020695287094, -0.0012187694665, -0.00174359977245, 0.00642057461664, -0.00126967055257, -0.000726541911718, -0.00305202696472, 0.00121904397383, -0.000384524959372, 0.0013607093133], [-6.82980753481e-05, 0.000638985307887, 0.000596563040745, 0.000352648872649, -0.00280735851265, -0.00354773038998, -0.00126967055257, 0.0133816590533, -0.00523043842986, 0.002220738912, -0.00193454616237, -0.0021483481396, -0.00104116951115], [9.01442545e-05, 9.55531686486e-06, 1.41766086017e-05, -0.00122638943139, -0.000230487989029, -0.00106946192682, -0.000726541911718, -0.00523043842986, 0.0171709693968, -0.0086833499372, 0.00257477071136, -0.00212185969576, -6.51715890854e-05], [-0.000115287228255, 0.000194621898117, 0.000136128699523, 0.000353107956471, -0.000114105532703, 0.00143935787492, -0.00305202696472, 0.002220738912, -0.0086833499372, 0.0202281419188, -0.0105703314766, 0.0058295307681, -0.00513565167785], [1.65081364685e-05, -8.3016937424e-05, -0.000407665007515, -0.00069510540925, 0.000816888641566, -0.00202908343635, 0.00121904397383, -0.00193454616237, 0.00257477071136, -0.0105703314766, 0.0231541246176, -0.0133833372965, 0.0033463658765], [1.39593194035e-05, -0.000421243166784, -0.000464678771095, -0.000425950041972, 6.29822097835e-05, 0.00212522433139, -0.000384524959372, -0.0021483481396, -0.00212185969576, 0.0058295307681, -0.0133833372965, 0.0264344476163, -0.0127636361867], [-9.4788356364e-06, 0.000143977769767, 0.000473524822155, 0.000178518006578, -0.000935775053222, -0.000541460467502, 0.0013607093133, -0.00104116951115, -6.51715890854e-05, -0.00513565167785, 0.0033463658765, -0.0127636361867, 0.0225341618061]]}, "spectral_contrast_coeffs": {"dmean": [0.0522936396301, 0.0518335625529, 0.0425221696496, 0.0297080632299, 0.0203701946884, 0.020262427628], "dmean2": [0.0789078623056, 0.0840415880084, 0.0710362121463, 0.049509845674, 0.0332368947566, 0.0317374952137], "dvar": [0.00196418398991, 0.00187792978249, 0.00115622044541, 0.000565507623833, 0.000294271361781, 0.000529508979525], "dvar2": [0.00445618713275, 0.00494339084253, 0.00307160336524, 0.00148284004536, 0.000727373117115, 0.00120066665113], "max": [-0.293161571026, -0.390315294266, -0.500618696213, -0.551031112671, -0.629725277424, -0.58552968502], "mean": [-0.619590878487, -0.739355564117, -0.779451370239, -0.805949807167, -0.813271701336, -0.779941618443], "median": [-0.625650703907, -0.746659398079, -0.7846108675, -0.809907913208, -0.817296028137, -0.780099272728], "min": [-0.968559384346, -0.975580751896, -0.965106904507, -0.96690505743, -0.962998867035, -0.963880002499], "var": [0.00849360786378, 0.00551515258849, 0.00322324875742, 0.00173447281122, 0.00132083392236, 0.00159929308575]}, "spectral_contrast_valleys": {"dmean": [0.551114082336, 0.50133061409, 0.398526787758, 0.346351385117, 0.311971306801, 0.301694273949], "dmean2": [0.799330830574, 0.776714384556, 0.629357159138, 0.538470983505, 0.465806424618, 0.432149589062], "dvar": [0.334336906672, 0.268800258636, 0.171522185206, 0.144569665194, 0.168736055493, 0.17681029439], "dvar2": [0.613911986351, 0.609927535057, 0.370155751705, 0.302470445633, 0.340876787901, 0.352590709925], "max": [-4.91957616806, -4.47077655792, -4.98549604416, -5.33234977722, -5.29940891266, -7.52942037582], "mean": [-7.95539522171, -6.97495079041, -7.20990467072, -7.68362760544, -7.63195133209, -10.104187