{"lowlevel": {"average_loudness": 0.954470038414, "barkbands_crest": {"dmean": 2.72636651993, "dmean2": 4.51807641983, "dvar": 6.42703342438, "dvar2": 17.666103363, "max": 26.2653923035, "mean": 11.543469429, "median": 11.0288276672, "min": 2.70198488235, "var": 16.5485038757}, "barkbands_flatness_db": {"dmean": 0.0282897483557, "dmean2": 0.0395974181592, "dvar": 0.0011524228612, "dvar2": 0.00194817280862, "max": 0.517630338669, "mean": 0.174928665161, "median": 0.153152376413, "min": 0.0204627979547, "var": 0.00680367602035}, "barkbands_kurtosis": {"dmean": 5.0740814209, "dmean2": 7.40093994141, "dvar": 75.0726547241, "dvar2": 158.362884521, "max": 355.833984375, "mean": 10.4365510941, "median": 5.43212509155, "min": -1.85463821888, "var": 254.119491577}, "barkbands_skewness": {"dmean": 0.612235963345, "dmean2": 0.900095820427, "dvar": 0.415695726871, "dvar2": 0.871502757072, "max": 15.5656757355, "mean": 2.37350225449, "median": 2.12330532074, "min": -2.10756850243, "var": 2.11744141579}, "barkbands_spread": {"dmean": 4.76836919785, "dmean2": 7.07373571396, "dvar": 39.0392074585, "dvar2": 79.0811767578, "max": 106.567054749, "mean": 17.2209281921, "median": 14.7315139771, "min": 0.251200586557, "var": 172.855377197}, "dissonance": {"dmean": 0.0189899243414, "dmean2": 0.0310772135854, "dvar": 0.000364977313438, "dvar2": 0.000876997888554, "max": 0.500000059605, "mean": 0.454642385244, "median": 0.462610125542, "min": 0.176066368818, "var": 0.00112711451948}, "dynamic_complexity": 3.11123037338, "erbbands_crest": {"dmean": 2.08395791054, "dmean2": 3.31903147697, "dvar": 3.8871114254, "dvar2": 9.26925468445, "max": 25.1712493896, "mean": 8.33252620697, "median": 7.53935050964, "min": 2.38208174706, "var": 13.5973157883}, "erbbands_flatness_db": {"dmean": 0.0206553116441, "dmean2": 0.0260993037373, "dvar": 0.000776752538513, "dvar2": 0.00119437533431, "max": 0.406537681818, "mean": 0.151701927185, "median": 0.137116760015, "min": 0.0517413057387, "var": 0.00412994995713}, "erbbands_kurtosis": {"dmean": 0.997392773628, "dmean2": 1.45707130432, "dvar": 3.63954663277, "dvar2": 7.37286233902, "max": 38.1751480103, "mean": 0.650492846966, "median": -0.447073698044, "min": -1.88766491413, "var": 12.0302743912}, "erbbands_skewness": {"dmean": 0.357373446226, "dmean2": 0.523381710052, "dvar": 0.140483081341, "dvar2": 0.291387438774, "max": 4.76449632645, "mean": 0.491156131029, "median": 0.384823024273, "min": -2.52845335007, "var": 0.908729314804}, "erbbands_spread": {"dmean": 9.99188995361, "dmean2": 13.6425828934, "dvar": 154.498184204, "dvar2": 252.860153198, "max": 164.957611084, "mean": 47.0117073059, "median": 41.5536270142, "min": 2.87944579124, "var": 669.444274902}, "hfc": {"dmean": 6.04118537903, "dmean2": 8.36546230316, "dvar": 75.1416854858, "dvar2": 156.212509155, "max": 115.716026306, "mean": 18.2756195068, "median": 13.1529502869, "min": 1.12725368082e-16, "var": 255.297546387}, "melbands_crest": {"dmean": 3.3464846611, "dmean2": 5.47167873383, "dvar": 9.46356296539, "dvar2": 24.239151001, "max": 35.7133331299, "mean": 15.9925889969, "median": 15.4816083908, "min": 1.51496446133, "var": 28.5251541138}, "melbands_flatness_db": {"dmean": 0.0329265967011, "dmean2": 0.0462783649564, "dvar": 0.00152035884093, "dvar2": 0.00264264713041, "max": 0.658499836922, "mean": 0.260769665241, "median": 0.236945718527, "min": 0.00327867642045, "var": 0.0101450495422}, "melbands_kurtosis": {"dmean": 11.9636945724, "dmean2": 17.4476318359, "dvar": 376.191741943, "dvar2": 784.085693359, "max": 389.461273193, "mean": 27.9446411133, "median": 16.3868160248, "min": -1.56018280983, "var": 1235.70202637}, "melbands_skewness": {"dmean": 0.846236109734, "dmean2": 1.24451816082, "dvar": 0.869625210762, "dvar2": 1.77559661865, "max": 15.6653680801, "mean": 3.69898080826, "median": 3.26407957077, "min": -0.778557598591, "var": 4.00495672226}, "melbands_spread": {"dmean": 4.43141365051, "dmean2": 6.8860206604, "dvar": 42.0328483582, "dvar2": 87.8359603882, "max": 191.656845093, "mean": 14.558011055, "median": 11.1442642212, "min": 0.403211832047, "var": 208.754730225}, "pitch_salience": {"dmean": 0.0735236257315, "dmean2": 0.120055772364, "dvar": 0.00454172911122, "dvar2": 0.0120608145371, "max": 0.850172817707, "mean": 0.534201383591, "median": 0.536204338074, "min": 0.0906300768256, "var": 0.0113333426416}, "silence_rate_20dB": {"dmean": 0, "dmean2": 0, "dvar": 0, "dvar2": 0, "max": 1, "mean": 1, "median": 1, "min": 1, "var": 0}, "silence_rate_30dB": {"dmean": 0.018232351169, "dmean2": 0.0364687554538, "dvar": 0.0179020091891, "dvar2": 0.0484873279929, "max": 1, "mean": 0.98810583353, "median": 1, "min": 0, "var": 0.0117545556277}, "silence_rate_60dB": {"dmean": 0.0122290160507, "dmean2": 0.0243495665491, "dvar": 0.012079950422, "dvar2": 0.0275386516005, "max": 1, "mean": 0.0431302785873, "median": 0, "min": 0, "var": 0.0412711426616}, "spectral_centroid": {"dmean": 182.729812622, "dmean2": 270.364837646, "dvar": 59396.7304688, "dvar2": 106129.664062, "max": 11678.3388672, "mean": 989.207397461, "median": 842.345153809, "min": 131.83972168, "var": 664951.4375}, "spectral_complexity": {"dmean": 3.33696508408, "dmean2": 4.88914823532, "dvar": 15.2330770493, "dvar2": 28.5375270844, "max": 52, "mean": 15.6951980591, "median": 14, "min": 0, "var": 93.5555419922}, "spectral_decrease": {"dmean": 3.13789416673e-09, "dmean2": 4.76432227003e-09, "dvar": 1.62059273465e-17, "dvar2": 3.50228668402e-17, "max": 9.06250367747e-29, "mean": -9.84265913218e-09, "median": -8.63902904769e-09, "min": -4.40496599197e-08, "var": 4.9424911794e-17}, "spectral_energy": {"dmean": 0.0121894329786, "dmean2": 0.0184233468026, "dvar": 0.000242153648287, "dvar2": 0.00051743874792, "max": 0.168527796865, "mean": 0.0388061180711, "median": 0.0340546891093, "min": 1.02762804306e-20, "var": 0.000749189290218}, "spectral_energyband_high": {"dmean": 0.000405836733989, "dmean2": 0.000559708452784, "dvar": 5.36111940619e-07, "dvar2": 1.11012161597e-06, "max": 0.0132389515638, "mean": 0.000723482633475, "median": 0.000252118101344, "min": 7.32502440525e-21, "var": 1.18442176245e-06}, "spectral_energyband_low": {"dmean": 0.00971939601004, "dmean2": 0.0156494770199, "dvar": 0.000211816339288, "dvar2": 0.00051060388796, "max": 0.155830293894, "mean": 0.0211546290666, "median": 0.0145566007122, "min": 9.4274526418e-24, "var": 0.000474097876577}, "spectral_energyband_middle_high": {"dmean": 0.00133697118144, "dmean2": 0.0020498088561, "dvar": 4.30416912423e-06, "dvar2": 1.02065505416e-05, "max": 0.0312123019248, "mean": 0.00399095145985, "median": 0.00216386443935, "min": 1.24342199634e-21, "var": 2.23355546041e-05}, "spectral_energyband_middle_low": {"dmean": 0.00543365441263, "dmean2": 0.00834720674902, "dvar": 5.83340952289e-05, "dvar2": 0.000136884642416, "max": 0.0923086926341, "mean": 0.0143332649022, "median": 0.0116161890328, "min": 1.96349094897e-22, "var": 0.000127421997604}, "spectral_entropy": {"dmean": 0.221815943718, "dmean2": 0.280157834291, "dvar": 0.0835762694478, "dvar2": 0.12660241127, "max": 9.82738876343, "mean": 7.30577468872, "median": 7.43830490112, "min": 4.22668647766, "var": 0.493962854147}, "spectral_flux": {"dmean": 0.0308288168162, "dmean2": 0.0462670773268, "dvar": 0.00126440206077, "dvar2": 0.00247050472535, "max": 0.333116322756, "mean": 0.0863410979509, "median": 0.0753287449479, "min": 6.54497983588e-11, "var": 0.00309306383133}, "spectral_kurtosis": {"dmean": 3.83969688416, "dmean2": 5.87459468842, "dvar": 66.9545059204, "dvar2": 155.245117188, "max": 127.136260986, "mean": 8.11097621918, "median": 4.2014465332, "min": -1.2720041275, "var": 167.422470093}, "spectral_rms": {"dmean": 0.000927839777432, "dmean2": 0.00137929618359, "dvar": 1.14763486181e-06, "dvar2": 2.21984328164e-06, "max": 0.0128225330263, "mean": 0.00569829717278, "median": 0.00576403364539, "min": 3.16632896118e-12, "var": 5.38897575098e-06}, "spectral_rolloff": {"dmean": 337.433837891, "dmean2": 572.983764648, "dvar": 525285.125, "dvar2": 1152712.375, "max": 19487.5488281, "mean": 936.05279541, "median": 430.6640625, "min": 64.599609375, "var": 2420568.5}, "spectral_skewness": {"dmean": 0.364634901285, "dmean2": 0.528887808323, "dvar": 0.322594940662, "dvar2": 0.699154496193, "max": 9.17338848114, "mean": 1.90710437298, "median": 1.64680290222, "min": -0.0980053022504, "var": 1.14367079735}, "spectral_spread": {"dmean": 764115.1875, "dmean2": 954260.25, "dvar": 1284968546300.0, "dvar2": 1942444048380.0, "max": 42244592, "mean": 4935816.5, "median": 4555341.5, "min": 623156.1875, "var": 9029945393150.0}, "spectral_strongpeak": {"dmean": 0.347961723804, "dmean2": 0.608065009117, "dvar": 0.679883122444, "dvar2": 1.76540195942, "max": 14.5552711487, "mean": 0.604080796242, "median": 0.392541229725, "min": 0, "var": 0.849584519863}, "zerocrossingrate": {"dmean": 0.0092518851161, "dmean2": 0.0108014717698, "dvar": 0.000131794076879, "dvar2": 0.000153817323735, "max": 0.5224609375, "mean": 0.0453903451562, "median": 0.0390625, "min": 0.001953125, "var": 0.00187125150114}, "barkbands": {"dmean": [0.000639762496576, 0.00789115205407, 0.00317114405334, 0.00142683007289, 0.00353793893009, 0.00147913547698, 0.000492324761581, 0.000358572637197, 0.00036588057992, 0.000395275012124, 0.000248480821028, 0.000206533033634, 0.00015817277017, 0.000152946711751, 0.000248694908805, 0.000209856516449, 0.00036625462235, 0.000175522625796, 8.40885113575e-05, 6.04766028118e-05, 7.68670506659e-05, 9.12947070901e-05, 0.000104529106466, 5.13578634127e-05, 7.24903584342e-05, 2.41723100771e-05, 5.15632109455e-06], "dmean2": [0.00096062553348, 0.0128273004666, 0.00528808124363, 0.00233220704831, 0.00556174525991, 0.00236857170239, 0.000783927098382, 0.000571442651562, 0.000557691615541, 0.000634453783277, 0.000389258435462, 0.000336699245963, 0.000256186962361, 0.000251780147664, 0.000416568684159, 0.00035842997022, 0.000569996482227, 0.000280043663224, 0.000136854010634, 9.61953919614e-05, 0.000114222275442, 0.000137642695336, 0.000154005305376, 7.22671757103e-05, 0.000105575178168, 3.36094417435e-05, 7.36946003599e-06], "dvar": [1.65211656622e-06, 0.000150104722707, 4.58747745142e-05, 4.94679170515e-06, 3.394340456e-05, 5.32550120624e-06, 1.12345321668e-06, 4.33863505123e-07, 4.55017442391e-07, 4.42874949158e-07, 2.30636700849e-07, 1.83643422247e-07, 8.04282507261e-08, 1.00134464276e-07, 3.25141058966e-07, 2.00879767931e-07, 9.02604597286e-07, 1.77421227932e-07, 2.57871075604e-08, 1.52799284336e-08, 1.89640907422e-08, 2.95463351563e-08, 4.15495122752e-08, 8.88283668843e-09, 2.39930990631e-08, 2.62903765424e-09, 9.63367274842e-10], "dvar2": [3.37416531693e-06, 0.000386654573958, 0.000126484359498, 1.29693844428e-05, 8.20723871584e-05, 1.3770669284e-05, 2.82378277916e-06, 1.11366409783e-06, 1.07594610199e-06, 1.1384007621e-06, 5.6816719507e-07, 4.79002608245e-07, 1.9788450345e-07, 2.56620211303e-07, 8.43216866997e-07, 5.36731874945e-07, 2.09463451029e-06, 3.91703821379e-07, 6.88180890052e-08, 3.8961498916e-08, 4.32564704056e-08, 6.55412790707e-08, 8.75258265864e-08, 1.876343525e-08, 5.39216813422e-08, 5.79264769485e-09, 2.41876940699e-09], "max": [0.0175168458372, 0.138315960765, 0.0772413164377, 0.0328632667661, 0.0828658491373, 0.0328261330724, 0.0311624314636, 0.00940513052046, 0.0134754311293, 0.0106604099274, 0.00938081834465, 0.00655499892309, 0.00573337590322, 0.00719150621444, 0.0103664807975, 0.00567217543721, 0.0215731617063, 0.0101836677641, 0.00447171693668, 0.00305405189283, 0.00198463140987, 0.00423133326694, 0.00330887292512, 0.00272942357697, 0.00368707976304, 0.00112365116365, 0.00218349811621], "mean": [0.00117751176003, 0.0131310308352, 0.00551927043125, 0.00270909420215, 0.0063431863673, 0.00294569018297, 0.000956944539212, 0.000545361544937, 0.000707351311576, 0.000678766926285, 0.000436525035184, 0.000348919042153, 0.00026906983112, 0.000230683464906, 0.000317030353472, 0.000343134452123, 0.000814769882709, 0.000351030408638, 0.00019263633294, 0.000123817531858, 0.000129601117806, 0.000144526726217, 0.000153646324179, 9.05889901333e-05, 0.000104884667962, 3.49563015334e-05, 6.08490563536e-06], "median": [0.000138256655191, 0.00782248564065, 0.00170038291253, 0.00169380404986, 0.00388124864548, 0.00158116174862, 0.000377393502276, 0.000157407470397, 0.0002549799392, 0.000295083707897, 0.000135676964419, 0.000118968862807, 0.00010468219989, 8.20741406642e-05, 9.7113152151e-05, 9.65199578786e-05, 0.000123949634144, 9.7279145848e-05, 7.66178709455e-05, 4.73918698844e-05, 4.81797324028e-05, 4.72452557005e-05, 4.17907249357e-05, 3.07107620756e-05, 2.297912215e-05, 5.87298654864e-06, 2.35970901485e-07], "min": [1.23125005796e-24, 4.34911875481e-24, 3.65025307381e-24, 2.55087285047e-24, 1.39743411921e-23, 1.15847742251e-23, 1.14844066633e-23, 1.87033619483e-23, 1.79409168393e-23, 2.09843359008e-23, 1.02646060339e-23, 1.96984247832e-23, 4.61822208655e-23, 5.36738624884e-23, 8.11496984906e-23, 8.33586415539e-23, 9.37789387538e-23, 1.00973653132e-22, 1.54738638521e-22, 2.09342416556e-22, 3.15322622754e-22, 3.15779329042e-22, 4.97821617318e-22, 7.33957852292e-22, 9.49827303977e-22, 1.28600695468e-21, 2.14881005185e-21], "var": [5.07499999003e-06, 0.000257353734924, 7.04539561411e-05, 1.05396393337e-05, 5.93095246586e-05, 1.28043620862e-05, 2.63721244664e-06, 8.06565367384e-07, 1.30322962377e-06, 1.01176601675e-06, 5.49367598524e-07, 3.61925998504e-07, 1.87467207979e-07, 1.89116107663e-07, 3.84622694583e-07, 3.80883847129e-07, 3.58622878593e-06, 5.45234058791e-07, 1.07401753269e-07, 4.27890718413e-08, 3.86609642078e-08, 5.5560402501e-08, 7.19444628317e-08, 2.08134292023e-08, 4.01608168943e-08, 4.29951718672e-09, 1.09281161897e-09]}, "erbbands": {"dmean": [0.31581607461, 1.60776424408, 3.5809545517, 3.84385514259, 6.62036991119, 14.5675773621, 14.4574918747, 11.0007991791, 8.12557888031, 5.5048532486, 7.43790578842, 7.8017616272, 9.41017246246, 11.0300159454, 9.24310684204, 7.95833444595, 7.31627655029, 5.31304931641, 9.6194858551, 14.5345916748, 13.1470804214, 19.1851444244, 11.0921583176, 4.04964160919, 4.10841464996, 2.94005990028, 2.46394252777, 3.48898029327, 2.89562654495, 3.83964276314, 2.66876316071, 1.28914105892, 0.84536254406, 0.848106503487, 0.472821205854, 0.15182082355, 0.0362474098802, 0.00596457580104, 0.000898647704162, 6.88659929438e-05], "dmean2": [0.524697244167, 2.66483879089, 5.99742937088, 6.37106657028, 10.8355064392, 23.25481987, 22.5718612671, 17.4389286041, 12.9961214066, 8.61541843414, 11.743185997, 11.9771127701, 14.9278526306, 17.5469932556, 14.5266809464, 12.9537916183, 11.7815570831, 8.64134311676, 16.0346736908, 24.9499988556, 21.9474258423, 29.6166744232, 17.6161880493, 6.54798269272, 6.61231851578, 4.65838241577, 3.6469950676, 5.30617046356, 4.35109996796, 5.73511219025, 3.9266295433, 1.86169314384, 1.20097649097, 1.25273275375, 0.690214037895, 0.213537082076, 0.0506189018488, 0.00851405411959, 0.00128360884264, 9.71757108346e-05], "dvar": [0.31753128767, 6.92375183105, 58.8130226135, 36.6830444336, 118.235740662, 727.148132324, 564.993408203, 376.064971924, 301.696350098, 130.003250122, 183.429534912, 204.482879639, 316.844268799, 323.071136475, 284.567626953, 342.782409668, 170.221069336, 127.127723694, 373.370697021, 1273.49707031, 780.414367676, 2719.62182617, 689.909301758, 62.8644256592, 68.2221450806, 45.1845626831, 19.0622386932, 43.5719451904, 28.874753952, 53.9465332031, 27.7161655426, 5.23878002167, 2.97671175003, 3.32713675499, 1.00969409943, 0.10236351192, 0.0058826287277, 0.000272667472018, 2.57274423348e-05, 2.06729339425e-07], "dvar2": [0.793744206429, 18.3122406006, 160.300888062, 100.513748169, 303.022735596, 1801.73950195, 1349.1385498, 965.29107666, 748.032104492, 338.710876465, 471.006774902, 505.644378662, 792.819030762, 829.527709961, 726.521789551, 897.198120117, 423.767852783, 330.691558838, 1002.25848389, 3388.24462891, 2010.20568848, 6247.13378906, 1560.7644043, 163.413391113, 169.053268433, 118.533706665, 43.6650352478, 102.922798157, 64.932472229, 116.398857117, 57.9882507324, 10.895863533, 6.85390472412, 7.45066165924, 2.26266884804, 0.230236038566, 0.012665392831, 0.000639169476926, 6.35884425719e-05, 5.16120564953e-07], "max": [6.00916957855, 25.7391586304, 88.9077835083, 89.7272109985, 142.974151611, 407.569885254, 406.039855957, 317.059814453, 486.954772949, 207.495330811, 193.308166504, 337.957366943, 390.954193115, 257.627349854, 369.251312256, 310.44229126, 241.116271973, 216.217483521, 297.12991333, 571.831970215, 446.41418457, 1478.13696289, 591.105712891, 139.266555786, 329.415130615, 188.822021484, 75.349861145, 100.577262878, 94.2484512329, 186.4269104, 93.0588684082, 34.0574989319, 53.9375724792, 50.8257293701, 18.3057003021, 8.00758743286, 1.28226399422, 0.852515161037, 0.369257032871, 0.0287286210805], "mean": [0.469558417797, 2.59325146675, 6.46420097351, 7.74149513245, 12.1036281586, 24.6970672607, 27.480424881, 22.1620903015, 15.6160430908, 10.9263954163, 12.6389722824, 15.2251262665, 18.6051044464, 20.4656047821, 18.6090488434, 14.1326150894, 13.1098632812, 8.96373176575, 14.4159450531, 18.5103626251, 26.6625385284, 44.360332489, 24.9361171722, 9.20350170135, 9.83754825592, 6.08910751343, 4.64266824722, 5.43117189407, 4.67182350159, 5.77735948563, 3.96949720383, 2.20066142082, 1.40939128399, 1.23758995533, 0.677854299545, 0.224097594619, 0.051394239068, 0.00744235888124, 0.0010820676107, 0.00011326308595], "median": [0.220422431827, 1.63818669319, 2.77343225479, 5.58935451508, 7.86231803894, 13.9110488892, 14.7906513214, 11.6103515625, 6.79800701141, 4.9302277565, 4.51490974426, 6.388007164, 7.44694232941, 10.6444187164, 7.92057132721, 5.57847499847, 5.42891979218, 3.76523303986, 5.38100624084, 6.05717754364, 6.07750988007, 7.20109033585, 6.33057260513, 4.0776424408, 3.54310703278, 2.39187908173, 1.8561681509, 1.86448574066, 1.58370494843, 1.6828520298, 1.07198822498, 0.723634183407, 0.444607645273, 0.291571319103, 0.138541728258, 0.039268411696, 0.0110327433795, 0.000787859549746, 7.61816845625e-05, 5.45168841199e-05], "min": [1.82925585298e-22, 7.85059176259e-22, 3.38033839863e-21, 9.14132400672e-21, 2.11286776176e-20, 4.71957559703e-20, 4.51089763865e-20, 1.27323594841e-19, 2.10883881057e-19, 2.73317612536e-19, 3.97066210318e-19, 3.76949281218e-19, 4.74016883999e-19, 9.33812672112e-19, 1.12762191681e-18, 1.25323156758e-18, 2.22148473167e-18, 2.34254302791e-18, 2.8153102488e-18, 3.39638291563e-18, 4.36200254345e-18, 5.62278627002e-18, 5.54288889465e-18, 8.06819809929e-18, 7.56081874644e-18, 9.10406479986e-18, 1.0772435983e-17, 1.243891954e-17, 1.26131585186e-17, 1.27568315192e-17, 1.53356605502e-17, 1.27788163255e-17, 1.23633723075e-17, 8.46209406236e-18, 6.62700504035e-18, 3.81948497177e-18, 2.36055074985e-18, 9.47218891698e-19, 2.44690494198e-19, 3.00375355994e-20], "var": [0.502952218056, 9.82958030701, 84.0808944702, 60.5885810852, 190.101211548, 1188.69177246, 1236.83288574, 847.887756348, 667.337402344, 305.949401855, 373.261871338, 533.023803711, 932.319885254, 732.205810547, 745.203491211, 598.09362793, 417.23147583, 222.164962769, 552.862854004, 1361.43518066, 2554.47900391, 10985.859375, 2477.6159668, 163.867736816, 373.059692383, 107.345291138, 47.7895011902, 73.5959625244, 54.0725402832, 101.179603577, 47.5438804626, 11.7780303955, 5.69890403748, 5.83273458481, 1.6421943903, 0.165295168757, 0.00958827976137, 0.000369582034182, 3.2031275623e-05, 2.28023665727e-07]}, "gfcc": {"mean": [-22.964466095, 111.043533325, -91.7087020874, 38.9038848877, -47.7723693848, 12.3260116577, -39.2692184448, 6.05578613281, -22.1535167694, -5.81130886078, -13.7756710052, 5.4679312706, -2.49767351151], "cov": [[20449.1054688, -2549.75219727, -427.644042969, 1324.09521484, -1253.85351562, 1034.1697998, -476.991760254, 752.211364746, -473.322296143, 270.490509033, -614.05645752, 340.686401367, -405.201141357], [-2549.75219727, 2599.64892578, -408.543823242, -344.608886719, 572.594848633, -464.285705566, 192.301605225, -208.39251709, 170.412124634, -286.609771729, 242.318283081, -215.173950195, 195.216522217], [-427.644042969, -408.543823242, 1199.06237793, 255.474594116, -45.359336853, 223.222457886, 87.8354644775, -93.3238067627, -23.2011203766, 114.756988525, -48.2964630127, 7.72465419769, -25.5190200806], [1324.09521484, -344.608886719, 255.474594116, 489.330352783, -79.4254074097, 161.821228027, 56.2187309265, 81.4268035889, -18.1721916199, 52.034072876, -22.1970443726, 12.7072458267, -27.1354026794], [-1253.85351562, 572.594848633, -45.359336853, -79.4254074097, 380.261352539, -93.324508667, 87.5296859741, -23.8636054993, 74.7502975464, -47.2949523926, 87.9101257324, -38.3394050598, 55.3849830627], [1034.1697998, -464.285705566, 223.222457886, 161.821228027, -93.324508667, 291.126861572, 26.6193828583, 68.0517883301, -33.5342063904, 84.6532592773, -43.6977119446, 51.4055671692, -35.8406181335], [-476.991760254, 192.301605225, 87.8354644775, 56.2187309265, 87.5296859741, 26.6193828583, 167.776351929, 3.48197221756, 26.6240520477, -16.1103153229, 45.0609550476, -15.5223836899, 26.1400737762], [752.211364746, -208.39251709, -93.3238067627, 81.4268035889, -23.8636054993, 68.0517883301, 3.48197221756, 212.846374512, 8.22461509705, 7.19665145874, -36.6755943298, 42.9987983704, -10.9347572327], [-473.322296143, 170.412124634, -23.2011203766, -18.1721916199, 74.7502975464, -33.5342063904, 26.6240520477, 8.22461509705, 111.673736572, 20.9171695709, 33.6693725586, -25.5960559845, 23.6083526611], [270.490509033, -286.609771729, 114.756988525, 52.034072876, -47.2949523926, 84.6532592773, -16.1103153229, 7.19665145874, 20.9171695709, 118.040039062, 11.4860334396, 20.5689334869, -32.6577377319], [-614.05645752, 242.318283081, -48.2964630127, -22.1970443726, 87.9101257324, -43.6977119446, 45.0609550476, -36.6755943298, 33.6693725586, 11.4860334396, 111.624771118, -1.37370347977, 22.192937851], [340.686401367, -215.173950195, 7.72465419769, 12.7072458267, -38.3394050598, 51.4055671692, -15.5223836899, 42.9987983704, -25.5960559845, 20.5689334869, -1.37370347977, 84.8636779785, 8.79874610901], [-405.201141357, 195.216522217, -25.5190200806, -27.1354026794, 55.3849830627, -35.8406181335, 26.1400737762, -10.9347572327, 23.6083526611, -32.6577377319, 22.192937851, 8.79874610901, 77.4170455933]], "icov": [[0.000134173591505, -0.000208418729017, 0.000172698870301, -0.000361583661288, 0.000204733805731, -0.00027010080521, 0.000212075261516, -0.000111069537525, 0.000272338395007, -0.000422136014095, 0.00067901116563, -0.000523827970028, 0.000402958132327], [-0.000208418729017, 0.00175586645491, -0.000254749669693, 0.000864143949002, -0.00098100269679, 0.000590400595684, -0.000433444336522, 0.000362162652891, -0.00104127591476, 0.00310511514544, -0.00317664793693, 0.00320332287811, -0.00195294676814], [0.000172698870301, -0.000254749669693, 0.00157335342374, -0.00098095939029, -3.49158399331e-05, -0.000771653081756, -0.000590924057178, 0.00109910988249, 0.000505860196427, -0.00178226293065, 0.00227429484949, -0.000958045828156, 0.00029441236984], [-0.000361583661288, 0.000864143949002, -0.00098095939029, 0.00402155565098, -0.000113390131446, -0.000156066627824, -0.00121689657681, -0.00105620315298, -0.000333983101882, 0.00147254928015, -0.00303581915796, 0.00313203595579, -0.00147742894478], [0.000204733805731, -0.00098100269679, -3.49158399331e-05, -0.000113390131446, 0.00492366822436, -0.000361349637387, -0.000549902906641, -0.000869363953825, -0.000928933208343, -7.27745791664e-05, -0.000667386164423, -0.000821190653369, 0.000404419610277], [-0.00027010080521, 0.000590400595684, -0.000771653081756, -0.000156066627824, -0.000361349637387, 0.00782293826342, -0.00289959204383, -0.000787325901911, 0.00130636419635, -0.00356782507151, 0.00120565947145, -0.00101830251515, -0.000596829631831], [0.000212075261516, -0.000433444336522, -0.000590924057178, -0.00121689657681, -0.000549902906641, -0.00289959204383, 0.0101210270077, -0.00128634797875, -0.000564730202314, 0.00288882525638, -0.00356705253944, 0.00144267175347, -0.000716957380064], [-0.000111069537525, 0.000362162652891, 0.00109910988249, -0.00105620315298, -0.000869363953825, -0.000787325901911, -0.00128634797875, 0.00806105881929, -0.00347274472006, 0.00167055218481, 0.00288301939145, -0.00440194550902, 0.00176544650458], [0.000272338395007, -0.00104127591476, 0.000505860196427, -0.000333983101882, -0.000928933208343, 0.00130636419635, -0.000564730202314, -0.00347274472006, 0.0168575290591, -0.0100698070601, 0.0012923082104, 0.00480457255617, -0.00523475464433], [-0.000422136014095, 0.00310511514544, -0.00178226293065, 0.00147254928015, -7.27745791664e-05, -0.00356782507151, 0.00288882525638, 0.00167055218481, -0.0100698070601, 0.0247029066086, -0.0118253938854, 0.00166389194783, 0.00424247747287], [0.00067901116563, -0.00317664793693, 0.00227429484949, -0.00303581915796, -0.000667386164423, 0.00120565947145, -0.00356705253944, 0.00288301939145, 0.0012923082104, -0.0118253938854, 0.0234652943909, -0.0103493677452, 0.0029640828725], [-0.000523827970028, 0.00320332287811, -0.000958045828156, 0.00313203595579, -0.000821190653369, -0.00101830251515, 0.00144267175347, -0.00440194550902, 0.00480457255617, 0.00166389194783, -0.0103493677452, 0.026472337544, -0.0118352081627], [0.000402958132327, -0.00195294676814, 0.00029441236984, -0.00147742894478, 0.000404419610277, -0.000596829631831, -0.000716957380064, 0.00176544650458, -0.00523475464433, 0.00424247747287, 0.0029640828725, -0.0118352081627, 0.0233371406794]]}, "melbands": {"dmean": [0.00241711339913, 0.00183750549331, 0.000679827586282, 0.00080800143769, 0.000508145487402, 0.000249913311563, 0.000117851406685, 6.51904192637e-05, 5.86130081501e-05, 4.959709986e-05, 5.02043694723e-05, 4.91826795042e-05, 3.66676104022e-05, 2.46805448114e-05, 2.00486028916e-05, 1.22440533232e-05, 1.06859943116e-05, 1.61213501997e-05, 1.94658787223e-05, 1.5890927898e-05, 1.73076841747e-05, 2.29924262385e-05, 1.52802422235e-05, 7.29398516341e-06, 3.28302803609e-06, 3.41749228028e-06, 2.61481091002e-06, 2.01417878998e-06, 1.48922947574e-06, 1.95182906282e-06, 2.13657949644e-06, 1.68750136709e-06, 2.06082359e-06, 2.32339289141e-06, 1.9275428258e-06, 9.51947811245e-07, 7.61809019423e-07, 5.80539335715e-07, 7.00595080616e-07, 7.45852446471e-07], "dmean2": [0.00391762563959, 0.00305080460384, 0.00112498097587, 0.00129151460715, 0.000790471734945, 0.000397485884605, 0.000187949481187, 0.00010241491691, 9.23625630094e-05, 7.59604808991e-05, 7.97795510152e-05, 7.86608943599e-05, 5.75476296945e-05, 4.00629432988e-05, 3.21069273923e-05, 1.99518635782e-05, 1.74408251041e-05, 2.68621715804e-05, 3.28787864419e-05, 2.74814537988e-05, 2.83636163658e-05, 3.51565540768e-05, 2.45176779572e-05, 1.17948093248e-05, 5.35577009941e-06, 5.56366603632e-06, 4.20404739998e-06, 3.22202913594e-06, 2.29019428843e-06, 2.99153293781e-06, 3.30790385306e-06, 2.61189825324e-06, 3.20514823215e-06, 3.51616085936e-06, 2.90758930532e-06, 1.42670546666e-06, 1.11691178972e-06, 8.4221335328e-07, 1.06088964458e-06, 1.10874464099e-06], "dvar": [1.5140951291e-05, 1.22083711176e-05, 1.11824272153e-06, 2.2435306164e-06, 6.34996183635e-07, 1.77623249442e-07, 6.3021168728e-08, 1.58892525803e-08, 1.02558876947e-08, 8.97719143467e-09, 8.67284644102e-09, 6.69184130331e-09, 5.22026999406e-09, 2.54379095566e-09, 1.60341817601e-09, 4.30665197948e-10, 5.40594680132e-10, 1.02783637157e-09, 2.43593811788e-09, 1.40444955665e-09, 1.56207824453e-09, 4.59121718421e-09, 1.30014754518e-09, 2.97409902261e-10, 4.26841686996e-11, 4.17045391277e-11, 2.90211570053e-11, 2.31358560782e-11, 8.05867352016e-12, 1.34797988743e-11, 1.64188090207e-11, 1.07561919441e-11, 1.75967556498e-11, 2.02385486842e-11, 1.58520661875e-11, 3.16619690535e-12, 1.86744933753e-12, 1.34310021872e-12, 2.83441521122e-12, 2.61179923175e-12], "dvar2": [3.87639520341e-05, 3.24809334415e-05, 3.02756120618e-06, 5.53449535801e-06, 1.48257015553e-06, 4.5679678351e-07, 1.57680602797e-07, 4.14358538592e-08, 2.59180552575e-08, 2.22009326478e-08, 2.17359783505e-08, 1.71243836888e-08, 1.31086910216e-08, 6.72094735421e-09, 3.79755826785e-09, 1.09467512832e-09, 1.39417088985e-09, 2.74105027565e-09, 6.34252916853e-09, 3.85748322174e-09, 3.90017440566e-09, 1.03693382769e-08, 3.05260861033e-09, 7.14336867436e-10, 1.13129568213e-10, 1.11101454425e-10, 7.11380884755e-11, 6.23149587486e-11, 1.93070108512e-11, 3.21914786494e-11, 3.92801034754e-11, 2.52944783175e-11, 4.03630809331e-11, 4.4239629321e-11, 3.40662741072e-11, 7.1436224991e-12, 3.97861691509e-12, 3.07980745941e-12, 7.12728617444e-12, 5.75897359315e-12], "max": [0.0456629805267, 0.0381068326533, 0.0134951518849, 0.0231580995023, 0.013189567253, 0.00659654568881, 0.00688123190776, 0.00187413499225, 0.00155523174908, 0.00219848263077, 0.00199080444872, 0.0011917691445, 0.00152461766265, 0.000883827917278, 0.0010544807883, 0.000288650102448, 0.000444237201009, 0.000680218101479, 0.00112720020115, 0.000532962323632, 0.000764416938182, 0.00200192141347, 0.000791205675341, 0.000482737581478, 0.000128158542793, 0.000205455944524, 0.00017562379071, 0.000135586378747, 6.02903091931e-05, 6.15117751295e-05, 8.47042101668e-05, 7.07701037754e-05, 0.000128575993585, 9.29682719288e-05, 7.38081726013e-05, 2.2321835786e-05, 2.29505785683e-05, 3.62234459317e-05, 5.98335209361e-05, 4.15896211052e-05], "mean": [0.00388736347668, 0.00341321830638, 0.00143260322511, 0.00141091214027, 0.000998909235932, 0.0005021149409, 0.000225308627705, 0.000119710006402, 0.000103451013274, 9.57751544775e-05, 9.58524615271e-05, 8.6970780103e-05, 6.79381773807e-05, 4.18210474891e-05, 3.48759494955e-05, 2.10540529224e-05, 1.67961443367e-05, 2.37157619267e-05, 2.4126835342e-05, 2.15183972614e-05, 3.37489582307e-05, 4.96673310408e-05, 3.32083691319e-05, 1.40363872561e-05, 6.43017301627e-06, 7.76181605033e-06, 5.61260640097e-06, 3.68538053408e-06, 2.75730894828e-06, 3.00072974824e-06, 3.19320088238e-06, 2.53447478826e-06, 3.02903595184e-06, 3.33916227646e-06, 2.65632843366e-06, 1.48608467043e-06, 1.27462328692e-06, 9.60030092756e-07, 1.00592603758e-06, 1.05934134353e-06], "median": [0.00219761952758, 0.00192654249258, 0.00108698080294, 0.000796345004346, 0.000596697907895, 0.000265560374828, 9.45029314607e-05, 5.15166248078e-05, 3.87603977288e-05, 3.66703534382e-05, 3.69883418898e-05, 4.31115258834e-05, 2.39634064201e-05, 1.39135881909e-05, 1.27972216433e-05, 9.28375811782e-06, 6.25307984592e-06, 8.3967406681e-06, 7.20982279745e-06, 6.6292423071e-06, 6.66448568154e-06, 6.71830912324e-06, 6.49451521895e-06, 4.09902440879e-06, 2.87539614874e-06, 2.97305223285e-06, 1.86912063782e-06, 1.34163167331e-06, 1.04716013993e-06, 1.04907019249e-06, 1.02942203739e-06, 8.28008012377e-07, 9.29714985887e-07, 8.95451762517e-07, 6.41764984266e-07, 4.9318055062e-07, 4.00883948259e-07, 3.22355333537e-07, 2.54862527527e-07, 2.42202446543e-07], "min": [1.591406575e-24, 1.43719846752e-24, 2.96288543493e-24, 1.83891582553e-24, 1.78571051013e-24, 2.77120229294e-24, 2.93194039377e-24, 3.1765275063e-24, 2.72754002513e-24, 2.31605006101e-24, 1.92241182197e-24, 4.05677636967e-24, 2.76198248111e-24, 2.26803998632e-24, 4.84565581312e-24, 4.62145838841e-24, 3.87596590032e-24, 4.23057820431e-24, 5.69781610067e-24, 3.61098791668e-24, 3.98314645936e-24, 5.12640352068e-24, 3.6785873798e-24, 5.26501427033e-24, 6.03899370901e-24, 5.55426865947e-24, 5.42951701262e-24, 4.87584749211e-24, 6.0416655809e-24, 7.09153768269e-24, 6.38754125036e-24, 6.66177336127e-24, 4.3007327879e-24, 6.07087118376e-24, 7.58654790071e-24, 7.66426568824e-24, 8.04302384124e-24, 7.9106498259e-24, 6.77654315665e-24, 6.20468329253e-24], "var": [2.61108270934e-05, 1.68406550074e-05, 1.87811690466e-06, 3.71896453544e-06, 1.3635464029e-06, 4.05752643928e-07, 1.38654556281e-07, 3.44386315021e-08, 2.33403092409e-08, 2.39427748738e-08, 2.48062566044e-08, 1.44037368699e-08, 1.24617756114e-08, 5.04063946138e-09, 3.97159283239e-09, 9.67261493123e-10, 9.56141055219e-10, 1.72796588149e-09, 2.76194667137e-09, 1.53254475777e-09, 5.23963628041e-09, 1.70192588911e-08, 5.09462116938e-09, 7.10645708946e-10, 9.01751590066e-11, 1.81409165467e-10, 1.31375729739e-10, 4.25137147708e-11, 1.86973093258e-11, 2.33742903505e-11, 2.67346769722e-11, 1.71297802332e-11, 2.97855594356e-11, 3.59087586055e-11, 2.4650117017e-11, 5.49928028462e-12, 4.33571234471e-12, 2.58465969981e-12, 3.92793306561e-12, 4.60991791615e-12]}, "mfcc": {"mean": [-665.105834961, 135.526077271, 19.8177871704, 30.372800827, 15.4810190201, 7.13742542267, -1.43082225323, 9.29302597046, 0.0585554502904, -5.62812709808, -5.1448969841, -4.30286931992, -0.851590812206], "cov": [[11526.4707031, -1808.8371582, -501.16809082, -28.6188049316, -201.48059082, 16.9825782776, -22.8304824829, 335.440246582, 128.384674072, 34.7738265991, 103.831298828, 156.448913574, 118.727935791], [-1808.8371582, 2175.89086914, -428.350372314, 14.6250782013, 197.89414978, -125.934020996, 11.9892482758, -20.5871448517, -22.6098308563, -24.9600257874, -29.2401504517, -20.021232605, -32.3908958435], [-501.16809082, -428.350372314, 1027.75341797, 122.69997406, 3.98270344734, 266.324768066, 67.5880584717, -39.412651062, 18.6937007904, 25.9892692566, 19.9037342072, -41.709777832, -6.30283069611], [-28.6188049316, 14.6250782013, 122.69997406, 284.702880859, 60.0060653687, 40.9198226929, 57.8943939209, 34.6831703186, 14.6263237, 41.1762313843, 22.353269577, 14.0817222595, 7.29521417618], [-201.48059082, 197.89414978, 3.98270344734, 60.0060653687, 176.358947754, 29.2428646088, 17.1658592224, 15.4031095505, 23.4750423431, 18.3290176392, 16.868024826, 5.03950738907, 6.83161401749], [16.9825782776, -125.934020996, 266.324768066, 40.9198226929, 29.2428646088, 228.605697632, 66.7065658569, -22.7398853302, -7.28052759171, 24.0412158966, 29.1603183746, -1.10817813873, -0.831141233444], [-22.8304824829, 11.9892482758, 67.5880584717, 57.8943939209, 17.1658592224, 66.7065658569, 140.100723267, 61.0563774109, 7.35241794586, 8.26685333252, 17.9604511261, 12.0026865005, 5.55018663406], [335.440246582, -20.5871448517, -39.412651062, 34.6831703186, 15.4031095505, -22.7398853302, 61.0563774109, 131.109039307, 57.6381340027, 6.50463962555, 1.15737295151, 12.9264268875, 11.0347166061], [128.384674072, -22.6098308563, 18.6937007904, 14.6263237, 23.4750423431, -7.28052759171, 7.35241794586, 57.6381340027, 96.0664901733, 37.4912757874, -1.67734956741, -0.583740353584, 7.53676080704], [34.7738265991, -24.9600257874, 25.9892692566, 41.1762313843, 18.3290176392, 24.0412158966, 8.26685333252, 6.50463962555, 37.4912757874, 86.9712371826, 41.2580184937, 9.04254817963, 3.02939176559], [103.831298828, -29.2401504517, 19.9037342072, 22.353269577, 16.868024826, 29.1603183746, 17.9604511261, 1.15737295151, -1.67734956741, 41.2580184937, 81.663269043, 36.5236549377, 1.92004299164], [156.448913574, -20.021232605, -41.709777832, 14.0817222595, 5.03950738907, -1.10817813873, 12.0026865005, 12.9264268875, -0.583740353584, 9.04254817963, 36.5236549377, 68.4590530396, 26.481464386], [118.727935791, -32.3908958435, -6.30283069611, 7.29521417618, 6.83161401749, -0.831141233444, 5.55018663406, 11.0347166061, 7.53676080704, 3.02939176559, 1.92004299164, 26.481464386, 56.0120048523]], "icov": [[0.000125673584989, 9.93368521449e-05, 0.000129777967231, -3.63116050721e-05, 0.000102504913229, -0.000217918000999, 0.000261619163211, -0.000416737719206, -5.40366636415e-06, 9.60584075074e-05, -0.000181378607522, -1.07761788968e-05, -0.000142326302011], [9.93368521449e-05, 0.000691219174769, 0.000325974629959, -4.12767694797e-05, -0.000705978716724, 0.000168395970832, -0.000286953145405, 0.00016681602574, 8.51225286169e-06, 0.000135870956001, 8.34353049868e-05, 9.2697700893e-05, 0.000260210537817], [0.000129777967231, 0.000325974629959, 0.00183070986532, -0.000756909314077, 0.000382894126233, -0.00188888446428, 9.1654364951e-05, 0.000460122391814, -0.00125719001517, 0.00110468990169, -0.000936419877689, 0.00144347932655, -0.00049738981761], [-3.63116050721e-05, -4.12767694797e-05, -0.000756909314077, 0.00473313080147, -0.00151998305228, 0.000655289215501, -0.00125703553203, -0.00106122728903, 0.00177182129119, -0.00298507930711, 0.00141334254295, -0.00130990415346, 0.000374093331629], [0.000102504913229, -0.000705978716724, 0.000382894126233, -0.00151998305228, 0.00777516746894, -0.0018070358783, 0.00097865331918, -0.000532233912963, -0.00233266875148, 0.00123209971935, -0.00235743122175, 0.00110581936315, -0.0015464926837], [-0.000217918000999, 0.000168395970832, -0.00188888446428, 0.000655289215501, -0.0018070358783, 0.00882250629365, -0.00492989178747, 0.00377205363475, 0.00035992616904, -0.00148343620822, -0.000333002855768, -0.000108912456199, 0.000452803389635], [0.000261619163211, -0.000286953145405, 9.1654364951e-05, -0.00125703553203, 0.00097865331918, -0.00492989178747, 0.0140310470015, -0.00942975562066, 0.00377967394888, -6.98369840393e-05, -0.0012738595251, -0.000237691871007, -0.000620335806161], [-0.000416737719206, 0.00016681602574, 0.000460122391814, -0.00106122728903, -0.000532233912963, 0.00377205363475, -0.00942975562066, 0.0191268287599, -0.0114807523787, 0.00457686930895, -0.000960760400631, -0.000570004340261, 5.66734270251e-05], [-5.40366636415e-06, 8.51225286169e-06, -0.00125719001517, 0.00177182129119, -0.00233266875148, 0.00035992616904, 0.00377967394888, -0.0114807523787, 0.0225373338908, -0.0123421885073, 0.00670766364783, -0.00108899187762, -0.000258845568169], [9.60584075074e-05, 0.000135870956001, 0.00110468990169, -0.00298507930711, 0.00123209971935, -0.00148343620822, -6.98369840393e-05, 0.00457686930895, -0.0123421885073, 0.0238264352083, -0.0138407927006, 0.00514934072271, -0.00226697931066], [-0.000181378607522, 8.34353049868e-05, -0.000936419877689, 0.00141334254295, -0.00235743122175, -0.000333002855768, -0.0012738595251, -0.000960760400631, 0.00670766364783, -0.0138407927006, 0.0268853195012, -0.0149040762335, 0.00671214330941], [-1.07761788968e-05, 9.2697700893e-05, 0.00144347932655, -0.00130990415346, 0.00110581936315, -0.000108912456199, -0.000237691871007, -0.000570004340261, -0.00108899187762, 0.00514934072271, -0.0149040762335, 0.0279413443059, -0.0124223921448], [-0.000142326302011, 0.000260210537817, -0.00049738981761, 0.000374093331629, -0.0015464926837, 0.000452803389635, -0.000620335806161, 5.66734270251e-05, -0.000258845568169, -0.00226697931066, 0.00671214330941, -0.0124223921448, 0.0242468640208]]}, "spectral_contrast_coeffs": {"dmean": [0.0518660210073, 0.0441066995263, 0.0384712852538, 0.0303635820746, 0.0225627608597, 0.0162512436509], "dmean2": [0.0844580382109, 0.0718606188893, 0.0623919963837, 0.050672326237, 0.0360579155385, 0.0259369835258], "dvar": [0.00211876537651, 0.00134648568928, 0.00102432747371, 0.000685326347593, 0.000464961776743, 0.000273061305052], "dvar2": [0.0053817932494, 0.00347623927519, 0.0025580895599, 0.00182596186642, 0.00103508064058, 0.000683406542521], "max": [-0.332380980253, -0.401163458824, -0.535300195217, -0.548834145069, -0.577329754829, -0.601999521255], "mean": [-0.63662737608, -0.695107221603, -0.763469219208, -0.793201684952, -0.783068299294, -0.778421342373], "median": [-0.644899368286, -0.697392046452, -0.767407298088, -0.799933791161, -0.792838692665, -0.777549624443], "min": [-0.976878941059, -0.972998917103, -0.97616815567, -0.967334985733, -0.966640770435, -0.965302705765], "var": [0.00722440751269, 0.00537071516737, 0.00445131771266, 0.00322752213106, 0.00349197094329, 0.00153852498624]}, "spectral_contrast_valleys": {"dmean": [0.386817634106, 0.380679607391, 0.401184618473, 0.398749500513, 0.332871466875, 0.492529213428], "dmean2": [0.602345108986, 0.581806302071, 0.607544720173, 0.582554757595, 0.433012783527, 0.552742183208], "dvar": [0.184453725815, 0.173311948776, 0.198186814785, 0.221855655313, 0.219572842121, 0.552233755589], "dvar2": [0.325397104025, 0.309496700764, 0.345547288656, 0.381222039461, 0.321662813425, 0.908946692944], "max": [-5.05269527435, -4.66329622269, -5.4683313