{"lowlevel": {"average_loudness": 0.68523144722, "barkbands_crest": {"dmean": 2.27879214287, "dmean2": 3.69258642197, "dvar": 5.33511781693, "dvar2": 13.8167934418, "max": 25.8130187988, "mean": 9.01418876648, "median": 8.136510849, "min": 2.36136007309, "var": 14.0393390656}, "barkbands_flatness_db": {"dmean": 0.0196513868868, "dmean2": 0.0294018052518, "dvar": 0.000386466563214, "dvar2": 0.0008529087645, "max": 0.377003699541, "mean": 0.121676892042, "median": 0.114348493516, "min": 0.0135167092085, "var": 0.0019194612978}, "barkbands_kurtosis": {"dmean": 2.13056111336, "dmean2": 3.37914323807, "dvar": 17.6835575104, "dvar2": 44.4987297058, "max": 173.674865723, "mean": 3.64129257202, "median": 1.75681638718, "min": -1.90780389309, "var": 49.6002807617}, "barkbands_skewness": {"dmean": 0.432513803244, "dmean2": 0.668380737305, "dvar": 0.235942035913, "dvar2": 0.579325735569, "max": 11.7625484467, "mean": 1.35783338547, "median": 1.28543686867, "min": -6.55259895325, "var": 1.09643113613}, "barkbands_spread": {"dmean": 4.88589191437, "dmean2": 7.38205623627, "dvar": 36.4992637634, "dvar2": 80.7108306885, "max": 103.561248779, "mean": 18.7810306549, "median": 17.3379306793, "min": 0.987356066704, "var": 99.1601409912}, "dissonance": {"dmean": 0.0188545100391, "dmean2": 0.0313223041594, "dvar": 0.000352158560418, "dvar2": 0.000963500584476, "max": 0.500000059605, "mean": 0.457885712385, "median": 0.465259790421, "min": 0.213957875967, "var": 0.00101210549474}, "dynamic_complexity": 6.1083111763, "erbbands_crest": {"dmean": 2.65532851219, "dmean2": 4.12884187698, "dvar": 6.66849136353, "dvar2": 14.9243955612, "max": 33.8207702637, "mean": 9.86543369293, "median": 8.5722360611, "min": 2.00770616531, "var": 25.4967880249}, "erbbands_flatness_db": {"dmean": 0.0174091756344, "dmean2": 0.0243415385485, "dvar": 0.000321113766404, "dvar2": 0.000589050352573, "max": 0.439203947783, "mean": 0.162922054529, "median": 0.15639539063, "min": 0.0310468859971, "var": 0.00221801921725}, "erbbands_kurtosis": {"dmean": 1.135658741, "dmean2": 1.70706701279, "dvar": 15.3071451187, "dvar2": 34.1572875977, "max": 272.512817383, "mean": 1.47386777401, "median": 0.248544692993, "min": -1.64350390434, "var": 51.9053268433}, "erbbands_skewness": {"dmean": 0.321049809456, "dmean2": 0.483957618475, "dvar": 0.11899792403, "dvar2": 0.272008210421, "max": 5.35493421555, "mean": 0.561579585075, "median": 0.520635545254, "min": -10.911359787, "var": 0.578967213631}, "erbbands_spread": {"dmean": 7.5618891716, "dmean2": 11.1537790298, "dvar": 70.757484436, "dvar2": 150.658126831, "max": 124.622589111, "mean": 33.801410675, "median": 32.1713562012, "min": 0.743707418442, "var": 273.991271973}, "hfc": {"dmean": 7.26494407654, "dmean2": 9.36808395386, "dvar": 176.235031128, "dvar2": 312.993560791, "max": 241.860168457, "mean": 16.489572525, "median": 9.33504676819, "min": 1.12806114145e-16, "var": 440.966217041}, "melbands_crest": {"dmean": 3.06773400307, "dmean2": 5.07342815399, "dvar": 9.91120624542, "dvar2": 25.9422988892, "max": 36.0231170654, "mean": 12.0598964691, "median": 11.0688724518, "min": 2.07021689415, "var": 21.4992485046}, "melbands_flatness_db": {"dmean": 0.0242917593569, "dmean2": 0.0362793542445, "dvar": 0.000617269659415, "dvar2": 0.00134999409784, "max": 0.52012938261, "mean": 0.176940262318, "median": 0.167206004262, "min": 0.00656324485317, "var": 0.0033416019287}, "melbands_kurtosis": {"dmean": 4.31519556046, "dmean2": 6.9769692421, "dvar": 84.7338562012, "dvar2": 219.763824463, "max": 403.211090088, "mean": 8.74769115448, "median": 5.50340175629, "min": -1.66685378551, "var": 183.582839966}, "melbands_skewness": {"dmean": 0.568261563778, "dmean2": 0.873546183109, "dvar": 0.425329506397, "dvar2": 1.05619609356, "max": 15.7030801773, "mean": 2.01951980591, "median": 1.92563760281, "min": -3.69353866577, "var": 1.76510846615}, "melbands_spread": {"dmean": 5.74300956726, "dmean2": 8.77440357208, "dvar": 51.8366165161, "dvar2": 117.26839447, "max": 180.479202271, "mean": 22.203163147, "median": 20.6209163666, "min": 0.932865560055, "var": 152.059295654}, "pitch_salience": {"dmean": 0.0661419928074, "dmean2": 0.107084974647, "dvar": 0.0040635545738, "dvar2": 0.0108092576265, "max": 0.845905780792, "mean": 0.574817419052, "median": 0.581955254078, "min": 0.0972217395902, "var": 0.0102848056704}, "silence_rate_20dB": {"dmean": 0, "dmean2": 0, "dvar": 0, "dvar2": 0, "max": 1, "mean": 1, "median": 1, "min": 1, "var": 0}, "silence_rate_30dB": {"dmean": 0.015790713951, "dmean2": 0.031585149467, "dvar": 0.0155410375446, "dvar2": 0.0357723012567, "max": 1, "mean": 0.986214220524, "median": 1, "min": 0, "var": 0.01359627489}, "silence_rate_60dB": {"dmean": 0.0256893709302, "dmean2": 0.0513847954571, "dvar": 0.025029424578, "dvar2": 0.0551143214107, "max": 1, "mean": 0.206315547228, "median": 0, "min": 0, "var": 0.163742244244}, "spectral_centroid": {"dmean": 230.531387329, "dmean2": 343.058441162, "dvar": 78743.6640625, "dvar2": 156823.21875, "max": 10943.875, "mean": 1216.41564941, "median": 1166.2454834, "min": 171.45401001, "var": 268430.59375}, "spectral_complexity": {"dmean": 3.86966776848, "dmean2": 5.51797294617, "dvar": 29.5870800018, "dvar2": 52.8310317993, "max": 57, "mean": 16.4420871735, "median": 16, "min": 0, "var": 118.959487915}, "spectral_decrease": {"dmean": 2.19658802258e-09, "dmean2": 3.27085447616e-09, "dvar": 3.23330806289e-17, "dvar2": 8.09063239556e-17, "max": -6.9136142401e-29, "mean": -4.7748103249e-09, "median": -2.92103718991e-09, "min": -9.91637065795e-08, "var": 4.33237797971e-17}, "spectral_energy": {"dmean": 0.0088620679453, "dmean2": 0.013026278466, "dvar": 0.000486321747303, "dvar2": 0.00119970878586, "max": 0.377828896046, "mean": 0.019516909495, "median": 0.0119530707598, "min": 1.04927739533e-20, "var": 0.000687909487169}, "spectral_energyband_high": {"dmean": 0.00051274598809, "dmean2": 0.000702166114934, "dvar": 1.15556895253e-06, "dvar2": 2.15112845581e-06, "max": 0.0166603904217, "mean": 0.00072185107274, "median": 0.000247062242124, "min": 7.7534223754e-21, "var": 1.88291676295e-06}, "spectral_energyband_low": {"dmean": 0.00389969954267, "dmean2": 0.00682082260028, "dvar": 0.000357934797648, "dvar2": 0.000971506524365, "max": 0.3506039083, "mean": 0.00373547407798, "median": 0.000836593913846, "min": 7.86301903553e-23, "var": 0.000257887964835}, "spectral_energyband_middle_high": {"dmean": 0.00246101617813, "dmean2": 0.00327960751019, "dvar": 3.3558717405e-05, "dvar2": 6.27319313935e-05, "max": 0.171501755714, "mean": 0.00579874264076, "median": 0.00275769457221, "min": 1.62405493093e-21, "var": 8.98385478649e-05}, "spectral_energyband_middle_low": {"dmean": 0.00385493226349, "dmean2": 0.00552442250773, "dvar": 4.13472407672e-05, "dvar2": 8.87545393198e-05, "max": 0.138212233782, "mean": 0.0100732343271, "median": 0.00685105659068, "min": 2.6260697383e-22, "var": 0.000119770149468}, "spectral_entropy": {"dmean": 0.185675010085, "dmean2": 0.259024202824, "dvar": 0.0403497219086, "dvar2": 0.0743627473712, "max": 9.79019069672, "mean": 7.49225330353, "median": 7.55642318726, "min": 5.02337121964, "var": 0.220210015774}, "spectral_flux": {"dmean": 0.0223709773272, "dmean2": 0.0334842838347, "dvar": 0.00135491846595, "dvar2": 0.00290074269287, "max": 0.571362674236, "mean": 0.0629042163491, "median": 0.050794057548, "min": 1.02434241644e-10, "var": 0.00325809069909}, "spectral_kurtosis": {"dmean": 1.49333512783, "dmean2": 2.41540813446, "dvar": 3.57144594193, "dvar2": 8.58695220947, "max": 43.5316543579, "mean": 4.62663316727, "median": 3.40097379684, "min": -1.14145052433, "var": 16.0368919373}, "spectral_rms": {"dmean": 0.000756263907533, "dmean2": 0.00103268038947, "dvar": 1.48111837461e-06, "dvar2": 3.14807357427e-06, "max": 0.0191993117332, "mean": 0.00366110634059, "median": 0.00341489864513, "min": 3.19950814974e-12, "var": 5.63718458579e-06}, "spectral_rolloff": {"dmean": 424.981994629, "dmean2": 703.211303711, "dvar": 575367.4375, "dvar2": 1264471.125, "max": 18927.6855469, "mean": 1374.72033691, "median": 1184.32617188, "min": 43.06640625, "var": 1041566.0625}, "spectral_skewness": {"dmean": 0.220520675182, "dmean2": 0.335664778948, "dvar": 0.0528384894133, "dvar2": 0.107606984675, "max": 5.48550224304, "mean": 1.62366497517, "median": 1.49582517147, "min": -0.017143284902, "var": 0.314675152302}, "spectral_spread": {"dmean": 465751.78125, "dmean2": 682149, "dvar": 402395430912, "dvar2": 754045222912, "max": 39067044, "mean": 4568528.5, "median": 4558377.5, "min": 1368070.25, "var": 1306493714430.0}, "spectral_strongpeak": {"dmean": 0.578117549419, "dmean2": 0.926460027695, "dvar": 0.974422395229, "dvar2": 2.07463288307, "max": 19.6986942291, "mean": 1.10021829605, "median": 0.561415612698, "min": 0, "var": 2.34603333473}, "zerocrossingrate": {"dmean": 0.00950721465051, "dmean2": 0.0115130217746, "dvar": 0.000110363434942, "dvar2": 0.000152981083374, "max": 0.49365234375, "mean": 0.0611530393362, "median": 0.05859375, "min": 0.00732421875, "var": 0.000699394498952}, "barkbands": {"dmean": [0.000388516957173, 0.00287411618046, 0.000582525972277, 0.000911015900783, 0.00154214142822, 0.000699235592037, 0.00100991118234, 0.000691704917699, 0.000484671763843, 0.000681120320223, 0.00066873896867, 0.000555864884518, 0.000695644528605, 0.00039629341336, 0.000152433727635, 0.00011362080113, 0.000133291498059, 0.000100949539046, 0.00012344737479, 0.000128920815769, 0.000153472283273, 0.000137871888001, 9.71946719801e-05, 4.27897903137e-05, 3.26725676132e-05, 1.01588011603e-05, 1.44559965065e-06], "dmean2": [0.000632604409475, 0.00519463745877, 0.000974638969637, 0.00153167813551, 0.00242000794969, 0.00101935397834, 0.00154330127407, 0.00101212598383, 0.000705567130353, 0.00102122779936, 0.000984202488326, 0.000812446756754, 0.00105975405313, 0.000582319276873, 0.000231321231695, 0.000174111060915, 0.000195336877368, 0.000148081351654, 0.000180546863703, 0.000187204524991, 0.00022212418844, 0.000199326736038, 0.000138555871672, 6.00434213993e-05, 4.57538262708e-05, 1.45533285831e-05, 2.19106823351e-06], "dvar": [4.15748581872e-06, 0.00028230206226, 1.36172445764e-06, 3.75501281269e-06, 8.72821601661e-06, 1.45992805756e-06, 8.20029435999e-06, 1.87678290331e-06, 1.62089759215e-06, 2.96679581879e-06, 3.41355371347e-06, 2.60802653429e-06, 9.26988559513e-06, 5.64964238947e-06, 1.28749988448e-07, 5.65111406559e-08, 1.694170777e-07, 4.70640131311e-08, 8.86958275714e-08, 8.05994631037e-08, 1.16914456783e-07, 9.39721758186e-08, 4.11570972858e-08, 7.22106285878e-09, 4.55995108339e-09, 5.61700075341e-10, 3.42060720027e-11], "dvar2": [9.88016745396e-06, 0.000783858529758, 3.66691233467e-06, 1.00809866126e-05, 2.03413146664e-05, 3.24438497046e-06, 1.92478928511e-05, 3.96081622966e-06, 3.11929466079e-06, 6.41564292891e-06, 7.32112857804e-06, 4.83261146655e-06, 1.99374189833e-05, 1.24825619423e-05, 2.47885509452e-07, 1.27674084638e-07, 3.42176321055e-07, 9.48274205825e-08, 1.83795847875e-07, 1.65568835087e-07, 2.37738774445e-07, 1.88555674185e-07, 8.13033125269e-08, 1.38299114383e-08, 9.12334474634e-09, 1.25912258397e-09, 9.28323320992e-11], "max": [0.0436360836029, 0.31164380908, 0.0265043899417, 0.0452580489218, 0.0557812340558, 0.0217026453465, 0.109867915511, 0.0289377607405, 0.0316507443786, 0.0338494852185, 0.0583300851285, 0.0485434569418, 0.150502130389, 0.110364228487, 0.0132588930428, 0.00945517793298, 0.0266516003758, 0.00684104254469, 0.0135810282081, 0.00512246973813, 0.00805100798607, 0.0039751296863, 0.00364228873514, 0.00137851806358, 0.0013198585948, 0.000705857004505, 0.000255512830336], "mean": [0.000309525115881, 0.0021070765797, 0.000840743654408, 0.00118963117711, 0.00329863629304, 0.00149420567323, 0.00161350867711, 0.00112855189946, 0.000803382892627, 0.00124404986855, 0.00101264938712, 0.000992410467006, 0.00107116333675, 0.000571308948565, 0.000266006944003, 0.000187390338397, 0.000224642819376, 0.000159921692102, 0.000191074388567, 0.000184164120583, 0.000204932657653, 0.000174174914719, 0.000130158397951, 5.98529222771e-05, 4.34442226833e-05, 1.25433407447e-05, 1.73458693098e-06], "median": [1.38936741223e-06, 6.72578607919e-05, 0.000335366930813, 0.00047277417616, 0.00161272275727, 0.000767583609559, 0.000515654915944, 0.000423082790803, 0.000220935908146, 0.000409551692428, 0.000224038260058, 0.000232741018408, 0.000229016382946, 0.000116458773846, 0.000128065192257, 8.98785656318e-05, 7.88179022493e-05, 5.81312197028e-05, 7.81526759965e-05, 6.79679578752e-05, 6.35909527773e-05, 4.68610123789e-05, 3.94336530007e-05, 1.99728456209e-05, 1.25818005472e-05, 2.88627393275e-06, 3.16054922678e-07], "min": [6.53034897669e-23, 3.23040875716e-23, 1.34342286407e-23, 9.86308766607e-24, 6.52740873432e-23, 2.72568166605e-23, 2.43901434626e-23, 9.9903932501e-24, 1.22950888811e-22, 9.30592009965e-23, 1.02085341163e-22, 8.9466286672e-23, 4.88384733055e-23, 8.84671533148e-23, 1.55063724945e-22, 1.0598021882e-22, 1.74927330891e-22, 2.75831589507e-22, 3.60032986943e-22, 2.62322832443e-22, 4.69478211025e-22, 5.03298861599e-22, 5.87716924416e-22, 7.25928939594e-22, 1.46353544397e-21, 1.84869192156e-21, 2.15651438299e-21], "var": [3.72458180209e-06, 0.000184761098353, 2.11494125324e-06, 4.26247652285e-06, 2.24848899961e-05, 4.11482506024e-06, 1.11994395411e-05, 4.41501197201e-06, 4.84017346025e-06, 7.36164975024e-06, 6.34937850919e-06, 7.91185175331e-06, 1.43425104397e-05, 7.0397250056e-06, 2.7886332532e-07, 1.01589158419e-07, 3.38660214538e-07, 1.12963512322e-07, 1.3908433516e-07, 1.22719555407e-07, 1.68972093206e-07, 1.33009265824e-07, 6.41732569306e-08, 1.21476437798e-08, 7.24850401923e-09, 7.30300209195e-10, 3.05087066721e-11]}, "erbbands": {"dmean": [0.126602008939, 0.485675632954, 0.63259524107, 1.77982068062, 5.01169633865, 5.07564735413, 7.31578063965, 4.94809865952, 14.6751642227, 12.0406246185, 15.4425230026, 12.1437425613, 19.6020965576, 20.4782505035, 27.4662780762, 23.901758194, 33.6221427917, 23.0726909637, 7.78543615341, 8.82472324371, 6.51491641998, 5.81791639328, 5.23920202255, 6.1808795929, 6.3502573967, 6.30663633347, 6.8052072525, 5.38923215866, 5.02103090286, 4.00840377808, 2.59671878815, 1.03172409534, 0.760867357254, 0.497785806656, 0.154691800475, 0.0561017990112, 0.0159673579037, 0.00351355830207, 0.000213207153138, 1.62693049788e-05], "dmean2": [0.226046264172, 0.886322379112, 1.08540117741, 2.97949123383, 8.30982494354, 7.76316738129, 10.6513624191, 7.60326433182, 22.7613658905, 17.9167118073, 22.4974040985, 17.4015407562, 29.4890727997, 30.0080566406, 39.7083320618, 35.3074684143, 50.5977630615, 33.6340408325, 11.1130962372, 13.6628456116, 9.73039150238, 8.34534740448, 7.60297727585, 9.01243400574, 9.2543296814, 9.23679924011, 9.98540019989, 7.72276210785, 7.27647161484, 5.71796751022, 3.72808265686, 1.46391189098, 1.07722437382, 0.707965493202, 0.21478420496, 0.0797077566385, 0.0231794584543, 0.0051730084233, 0.000317540368997, 2.34718463616e-05], "dvar": [0.533958911896, 8.0845489502, 2.84116625786, 11.0573883057, 103.511695862, 160.093063354, 184.270019531, 83.3988723755, 1961.48303223, 705.438720703, 971.455078125, 1246.15441895, 2654.8515625, 4173.13134766, 6172.54736328, 4337.74169922, 18055.2519531, 17284.6425781, 1247.83862305, 328.654754639, 246.716323853, 242.488677979, 114.853027344, 203.056427002, 296.669647217, 189.139846802, 219.750366211, 157.473632812, 130.650039673, 74.8384628296, 28.6733036041, 4.17335176468, 2.39625644684, 1.08862304688, 0.103593789041, 0.0146845858544, 0.00155007257126, 0.000163750402862, 8.74550778462e-07, 2.6054669533e-09], "dvar2": [1.44641625881, 23.2074966431, 8.0716085434, 29.7952346802, 269.2684021, 333.090820312, 417.792175293, 201.040237427, 4675.66552734, 1536.16503906, 2057.71533203, 2396.25366211, 5947.59619141, 7668.09765625, 12868.3212891, 9135.29394531, 39041.2929688, 36636.3476562, 2533.63769531, 726.662414551, 530.867736816, 491.895568848, 240.708572388, 402.716125488, 611.778686523, 386.826416016, 464.097900391, 316.639953613, 267.189971924, 150.137466431, 56.8839416504, 8.10028743744, 4.67609548569, 2.18968129158, 0.205564662814, 0.0307284276932, 0.00359217706136, 0.000441727373982, 2.36083224081e-06, 7.06791780658e-09], "max": [13.2031707764, 53.8781013489, 36.5218315125, 60.580696106, 214.182266235, 314.287536621, 270.189208984, 155.444396973, 1745.56567383, 580.636535645, 677.620361328, 880.948608398, 1147.87915039, 1563.88916016, 1902.02148438, 1500.97570801, 6547.86083984, 5442.765625, 1522.04699707, 863.057250977, 701.299316406, 866.85546875, 250.861282349, 731.475097656, 944.292541504, 282.592773438, 296.390930176, 271.098022461, 160.387023926, 129.697784424, 83.9674606323, 33.1361083984, 26.5568561554, 18.284734726, 7.03776264191, 2.77470350266, 1.2709325552, 0.692702353001, 0.0341690517962, 0.00212759710848], "mean": [0.0882955938578, 0.368286132812, 0.882043123245, 2.67776417732, 8.28599452972, 10.4980278015, 14.2068834305, 10.0281429291, 22.6127586365, 21.3430747986, 25.0842781067, 20.8841133118, 33.5798377991, 36.7926139832, 50.1468963623, 43.0560455322, 54.6208229065, 34.6806678772, 13.4181966782, 15.1617326736, 10.9698085785, 10.6957683563, 9.08835792542, 9.50570487976, 9.76843357086, 9.12720966339, 9.41692352295, 6.79558324814, 6.20071172714, 5.1359744072, 3.48120880127, 1.42747807503, 1.05077111721, 0.670770645142, 0.196485936642, 0.0701629593968, 0.0194464959204, 0.00419951742515, 0.000263589026872, 3.19576720358e-05], "median": [0.000786839809734, 0.026230012998, 0.319699943066, 1.37120878696, 3.51728248596, 3.82393026352, 6.23947811127, 5.17204380035, 8.09632873535, 7.20383501053, 9.85353279114, 6.51865434647, 10.9844007492, 11.692694664, 12.6250162125, 13.5362787247, 12.6610918045, 8.47165870667, 5.12104701996, 7.93388843536, 5.16844081879, 3.92486166954, 3.69509935379, 3.94070863724, 3.76538181305, 3.43581914902, 3.17774319649, 1.87204647064, 1.58892953396, 1.42639029026, 1.1015278101, 0.457793056965, 0.336649507284, 0.196525067091, 0.0534726977348, 0.0176645815372, 0.00427716085687, 0.000859638268594, 5.44144677406e-05, 1.79951039172e-05], "min": [1.96220448722e-21, 4.11248391557e-21, 1.05658041463e-20, 3.32848172709e-20, 6.87969475882e-20, 2.72763375676e-19, 1.96847298146e-19, 3.06270239243e-19, 3.43020865732e-19, 3.05883351361e-19, 5.48491211571e-19, 3.08841116586e-18, 1.77555869448e-18, 5.17655086728e-18, 3.3757422778e-18, 3.28799868074e-18, 2.27241899828e-18, 3.3406538966e-18, 8.30155236754e-18, 6.53943018813e-18, 6.88557177367e-18, 9.56237828032e-18, 1.06275379279e-17, 2.06603164518e-17, 1.62109202087e-17, 1.39450475178e-17, 1.71096254745e-17, 1.7132930461e-17, 1.8892330389e-17, 1.82203321681e-17, 1.52219083267e-17, 1.46404400608e-17, 1.33091201618e-17, 1.53172243487e-17, 1.0268989874e-17, 6.32772199575e-18, 3.66837603106e-18, 1.29419334472e-18, 3.17558902309e-19, 3.16095891224e-20], "var": [0.364984631538, 4.94596195221, 3.06071996689, 14.9279642105, 163.272598267, 454.139068604, 472.534118652, 195.53503418, 2389.73828125, 1839.00244141, 1869.75012207, 3628.44506836, 5247.58203125, 9904.3984375, 19910.203125, 9298.54980469, 30156.0976562, 23208.3730469, 1761.58837891, 650.287719727, 415.418365479, 625.41217041, 280.217987061, 369.427062988, 450.297729492, 294.61807251, 316.353942871, 217.242935181, 178.414596558, 110.02558136, 44.5466194153, 6.90891218185, 3.96900177002, 1.74337255955, 0.157836407423, 0.0210972968489, 0.00192042684648, 0.000136832881253, 8.13808298972e-07, 2.6545527998e-09]}, "gfcc": {"mean": [-47.0106201172, 85.4414901733, -126.12726593, 16.617477417, -73.8516998291, 7.81205463409, -41.1761856079, -5.94403362274, -32.6814880371, -4.77077293396, -18.1846408844, -3.70639228821, -14.5292959213], "cov": [[18004.8203125, -395.987030029, -1772.88464355, 565.055297852, -952.015991211, 384.83215332, -472.382446289, -132.452880859, -611.262145996, -173.480041504, -310.902618408, -77.7862625122, -130.599700928], [-395.987030029, 1052.69470215, 138.86781311, -26.1749286652, 198.169830322, -1.91340637207, 119.422485352, -0.881888985634, 93.4309387207, -67.3524703979, 104.535758972, -15.9055042267, 100.698326111], [-1772.88464355, 138.86781311, 761.398010254, 137.661972046, 210.670684814, 2.9612929821, 105.82723999, 113.836578369, 111.569992065, 58.3546447754, 26.8352012634, 55.8076477051, 23.6809616089], [565.055297852, -26.1749286652, 137.661972046, 355.621337891, 62.4133872986, 62.4758148193, 24.325717926, 54.3491210938, 15.23001194, -13.7890100479, -16.0399265289, 11.3212633133, 8.77364730835], [-952.015991211, 198.169830322, 210.670684814, 62.4133872986, 313.604370117, 73.8024597168, 88.0349502563, 6.01266431808, 40.9926071167, 0.673673272133, 51.1157646179, 15.9662971497, 18.0868263245], [384.83215332, -1.91340637207, 2.9612929821, 62.4758148193, 73.8024597168, 154.877502441, 50.3991088867, -4.28158187866, -20.3552398682, 2.68710541725, 2.39017033577, 5.6707611084, 6.13282394409], [-472.382446289, 119.422485352, 105.82723999, 24.325717926, 88.0349502563, 50.3991088867, 130.475189209, 52.971988678, 43.711315155, 5.65894985199, 34.432800293, 23.842874527, 19.864774704], [-132.452880859, -0.881888985634, 113.836578369, 54.3491210938, 6.01266431808, -4.28158187866, 52.971988678, 133.176437378, 71.8642044067, 18.9597663879, 3.61083197594, 18.0425224304, 9.11063098907], [-611.262145996, 93.4309387207, 111.569992065, 15.23001194, 40.9926071167, -20.3552398682, 43.711315155, 71.8642044067, 128.620529175, 56.4541320801, 30.6298103333, 9.11972999573, 9.49851894379], [-173.480041504, -67.3524703979, 58.3546447754, -13.7890100479, 0.673673272133, 2.68710541725, 5.65894985199, 18.9597663879, 56.4541320801, 111.547821045, 40.9642333984, 12.1492786407, -13.0756921768], [-310.902618408, 104.535758972, 26.8352012634, -16.0399265289, 51.1157646179, 2.39017033577, 34.432800293, 3.61083197594, 30.6298103333, 40.9642333984, 100.828338623, 34.3943977356, 10.2726459503], [-77.7862625122, -15.9055042267, 55.8076477051, 11.3212633133, 15.9662971497, 5.6707611084, 23.842874527, 18.0425224304, 9.11972999573, 12.1492786407, 34.3943977356, 67.1658172607, 23.897901535], [-130.599700928, 100.698326111, 23.6809616089, 8.77364730835, 18.0868263245, 6.13282394409, 19.864774704, 9.11063098907, 9.49851894379, -13.0756921768, 10.2726459503, 23.897901535, 71.9496841431]], "icov": [[0.00017644642503, -0.0003836673568, 0.000408158870414, -0.000406959938118, 0.000341987179127, -0.000515018065926, 0.000554549042135, -0.000630950671621, 0.000952261849307, -0.000698486634064, 0.000633472285699, -0.000749980099499, 0.000563256093301], [-0.0003836673568, 0.00290628778748, -0.00127619400155, 0.00112691405229, -0.000895307632163, 0.00112402823288, -0.00199239002541, 0.00250952062197, -0.00416917633265, 0.00440477440134, -0.00437033595517, 0.004576749634, -0.00366505072452], [0.000408158870414, -0.00127619400155, 0.00330298021436, -0.00155205791816, -0.000820323417429, 7.35840076231e-05, 0.000604169792496, -0.00256961467676, 0.00258083292283, -0.00364765687846, 0.00356677197851, -0.00378055777401, 0.00173048500437], [-0.000406959938118, 0.00112691405229, -0.00155205791816, 0.00458121486008, -0.00104762509, -0.000655812793411, -6.94771588314e-05, 2.89072486339e-05, -0.00267120450735, 0.00300801103003, -0.0015828354517, 0.00179730996024, -0.00150059978478], [0.000341987179127, -0.000895307632163, -0.000820323417429, -0.00104762509, 0.00670407433063, -0.00352050480433, -0.000433271197835, 0.00120634934865, -0.000288294570055, 0.00106947950553, -0.00157305505127, -0.000271487719147, 0.00140040041879], [-0.000515018065926, 0.00112402823288, 7.35840076231e-05, -0.000655812793411, -0.00352050480433, 0.012211592868, -0.00673708925024, 0.00223209359683, 0.00164947018493, -0.00217512226664, 0.000808832119219, 0.00192578486167, -0.00239888834767], [0.000554549042135, -0.00199239002541, 0.000604169792496, -6.94771588314e-05, -0.000433271197835, -0.00673708925024, 0.0171383526176, -0.00705318991095, 0.000960966281127, 0.000318034028169, -0.000760435475968, -0.00432031601667, 0.00192368915305], [-0.000630950671621, 0.00250952062197, -0.00256961467676, 2.89072486339e-05, 0.00120634934865, 0.00223209359683, -0.00705318991095, 0.0175922103226, -0.0119881853461, 0.00539780082181, -0.00160357612185, 0.00159707444254, -0.00232700258493], [0.000952261849307, -0.00416917633265, 0.00258083292283, -0.00267120450735, -0.000288294570055, 0.00164947018493, 0.000960966281127, -0.0119881853461, 0.0254684574902, -0.01508091297, 0.00559959746897, -0.00321847642772, 0.00239096139558], [-0.000698486634064, 0.00440477440134, -0.00364765687846, 0.00300801103003, 0.00106947950553, -0.00217512226664, 0.000318034028169, 0.00539780082181, -0.01508091297, 0.0235047973692, -0.0129523621872, 0.00603180658072, -0.00134524994064], [0.000633472285699, -0.00437033595517, 0.00356677197851, -0.0015828354517, -0.00157305505127, 0.000808832119219, -0.000760435475968, -0.00160357612185, 0.00559959746897, -0.0129523621872, 0.0243564825505, -0.0147913964465, 0.00536729115993], [-0.000749980099499, 0.004576749634, -0.00378055777401, 0.00179730996024, -0.000271487719147, 0.00192578486167, -0.00432031601667, 0.00159707444254, -0.00321847642772, 0.00603180658072, -0.0147913964465, 0.0302292387933, -0.0122546209022], [0.000563256093301, -0.00366505072452, 0.00173048500437, -0.00150059978478, 0.00140040041879, -0.00239888834767, 0.00192368915305, -0.00232700258493, 0.00239096139558, -0.00134524994064, 0.00536729115993, -0.0122546209022, 0.0220237858593]]}, "melbands": {"dmean": [0.000946659536567, 0.000426907849032, 0.000404385849833, 0.000339849822922, 0.000249666103628, 0.000117554278404, 0.000219514011405, 0.00012501195306, 0.000126093582367, 7.13738045306e-05, 9.72546622506e-05, 8.0626050476e-05, 0.000100682889752, 6.20679056738e-05, 7.18401643098e-05, 5.63579196751e-05, 4.52452877653e-05, 1.34659312607e-05, 1.06121688077e-05, 1.02365993371e-05, 8.51891672937e-06, 6.46312355457e-06, 6.2162712311e-06, 5.1097663345e-06, 5.20455159858e-06, 4.84746760776e-06, 4.21113372795e-06, 4.19415709985e-06, 4.4964249355e-06, 3.74123396796e-06, 3.02841112898e-06, 2.85497935693e-06, 2.8394445053e-06, 2.09409040508e-06, 1.63742151926e-06, 1.04565367565e-06, 4.81015888454e-07, 5.34565288035e-07, 5.43029841538e-07, 3.9367441218e-07], "dmean2": [0.00169789697975, 0.000752125284635, 0.000675555202179, 0.000543661706615, 0.000365155807231, 0.000179168608156, 0.000338320358424, 0.000185098790098, 0.000183672120329, 0.000103614271211, 0.000146663151099, 0.000119005388115, 0.000147625614773, 9.04766275198e-05, 0.00010824315541, 8.48656636663e-05, 6.61858794047e-05, 1.93438008864e-05, 1.59492556122e-05, 1.59298560902e-05, 1.29525215016e-05, 9.36656579142e-06, 9.37736240303e-06, 7.65727600083e-06, 7.75075295678e-06, 7.19595573173e-06, 6.17911928202e-06, 6.25028542345e-06, 6.76567924529e-06, 5.47361287317e-06, 4.41521842731e-06, 4.20872129325e-06, 4.14961687056e-06, 3.04159607367e-06, 2.39474002228e-06, 1.51671599724e-06, 6.99414044902e-07, 7.68479878843e-07, 7.89265129697e-07, 5.65846221434e-07], "dvar": [3.03212855215e-05, 3.19051059705e-06, 6.40804614704e-07, 4.33538218658e-07, 2.25395822895e-07, 4.55305695368e-08, 4.33189029536e-07, 7.52750111133e-08, 6.13622646028e-08, 3.94677712734e-08, 6.78964724443e-08, 6.74819489177e-08, 7.91953809198e-08, 3.06397254235e-08, 8.89917401992e-08, 4.33065103778e-08, 8.00453889838e-08, 4.99720753666e-09, 4.31055025008e-10, 4.08106465288e-10, 5.49065459765e-10, 4.29061702834e-10, 2.26209884158e-10, 1.3743506333e-10, 1.54515164552e-10, 1.78243309001e-10, 8.65002930395e-11, 9.01529267905e-11, 9.93962065432e-11, 8.41046329803e-11, 5.09122605186e-11, 4.42204536877e-11, 4.17324057256e-11, 2.05975930756e-11, 1.14371775939e-11, 4.9210965164e-12, 9.08100255149e-13, 1.24670261094e-12, 1.2322428234e-12, 7.28619801212e-13], "dvar2": [8.26635514386e-05, 9.22063827602e-06, 1.68449400917e-06, 1.04532750811e-06, 5.06769424646e-07, 1.08359238027e-07, 1.02758576759e-06, 1.61811541943e-07, 1.28296747448e-07, 7.7250192021e-08, 1.52495132966e-07, 1.25689894048e-07, 1.67475675994e-07, 5.73261296211e-08, 2.08783987432e-07, 8.35507165675e-08, 1.73493006628e-07, 1.04696828984e-08, 8.31571367321e-10, 9.08132791189e-10, 1.15423359759e-09, 8.54978199349e-10, 5.06453268212e-10, 2.8070124003e-10, 3.10781039792e-10, 3.76136261027e-10, 1.80435763553e-10, 1.88640950083e-10, 2.18893320136e-10, 1.71515135428e-10, 1.05616758395e-10, 9.28697813096e-11, 8.79129824494e-11, 4.2442837439e-11, 2.32491508684e-11, 1.00446387319e-11, 1.82210041326e-12, 2.49640694401e-12, 2.55398696983e-12, 1.50585273417e-12], "max": [0.101966254413, 0.0352780967951, 0.0181149430573, 0.0124546717852, 0.00813766755164, 0.00386551488191, 0.0256660841405, 0.00607059616596, 0.00466468511149, 0.00474514439702, 0.00580648891628, 0.0061131012626, 0.00850155390799, 0.00558203877881, 0.0165153834969, 0.00845247786492, 0.0125318001956, 0.0032148566097, 0.000677423086017, 0.000969008309767, 0.00131147238426, 0.00140349776484, 0.000450068357168, 0.00048278059694, 0.0006728626322, 0.000720194191672, 0.00028282191488, 0.000206863274798, 0.000157706483151, 0.00039682694478, 0.000158593291417, 9.61648038356e-05, 9.07653011382e-05, 6.99178635841e-05, 5.19243621966e-05, 3.86006831832e-05, 1.35106693051e-05, 1.88467674889e-05, 1.77147267095e-05, 1.55970337801e-05], "mean": [0.000681360019371, 0.00046543564531, 0.000633591145743, 0.000679770018905, 0.000498603389133, 0.000241078945692, 0.000344349100487, 0.00022230410832, 0.000202061826712, 0.000119878292026, 0.000163351083756, 0.000141346827149, 0.000166162048117, 0.00011685287609, 0.000120508862892, 9.1060930572e-05, 6.39084246359e-05, 2.10495163628e-05, 1.91270246432e-05, 1.72713880602e-05, 1.2599944057e-05, 1.10425744424e-05, 1.05118033389e-05, 7.77982222644e-06, 7.58949636293e-06, 7.2137790994e-06, 6.28617181064e-06, 5.76690990783e-06, 6.10889310337e-06, 4.75468550576e-06, 3.67761572306e-06, 3.42619682669e-06, 3.43636384059e-06, 2.67430846179e-06, 2.16645503315e-06, 1.38410882755e-06, 6.47715637569e-07, 7.1148446068e-07, 7.38927383281e-07, 5.05779155446e-07], "median": [1.26873510453e-05, 0.000120421129395, 0.000324399094097, 0.000290088151814, 0.000210216589039, 0.000124738304294, 0.000120571254229, 8.00197958597e-05, 7.46517180232e-05, 3.50935406459e-05, 5.14224957442e-05, 4.22865559813e-05, 3.69820772903e-05, 2.9751967304e-05, 3.06055080728e-05, 2.55384929915e-05, 1.20176418932e-05, 6.67367248752e-06, 9.04920034372e-06, 9.28861663851e-06, 4.98768849866e-06, 3.72254316972e-06, 3.63367144018e-06, 2.77321646536e-06, 3.0590103961e-06, 2.61623767983e-06, 2.3891238925e-06, 2.02271235139e-06, 1.99961164071e-06, 1.34561298637e-06, 9.24615733311e-07, 8.57640202412e-07, 8.74028444287e-07, 7.38947903756e-07, 6.81104836531e-07, 4.1500211978e-07, 2.04720464581e-07, 2.23818972245e-07, 2.16362366245e-07, 1.36583082622e-07], "min": [1.59395467461e-23, 5.28463679092e-24, 6.14495587238e-24, 1.14759666405e-23, 9.83713729773e-24, 6.10766247309e-24, 5.71880058961e-24, 3.05076158155e-24, 5.2853191556e-24, 2.03669370687e-23, 8.0782133485e-24, 2.08342945566e-23, 1.24629207742e-23, 1.23780843059e-23, 3.72803594236e-24, 5.94407007628e-24, 5.99900674415e-24, 1.31903325703e-23, 1.14632005044e-23, 7.1014449868e-24, 8.37651636665e-24, 1.20239607012e-23, 4.36991943916e-24, 1.62925919779e-23, 1.70141030944e-23, 1.1832642999e-23, 1.01199407768e-23, 9.02554615439e-24, 8.13309440168e-24, 1.47574355241e-23, 8.46774576375e-24, 1.03890598858e-23, 1.03600771361e-23, 1.12788918314e-23, 1.00914857751e-23, 6.77520761514e-24, 9.29710521013e-24, 8.7971654003e-24, 1.11678288934e-23, 1.35912514039e-23], "var": [2.05755495699e-05, 2.22508629122e-06, 8.69065559073e-07, 1.02497131138e-06, 5.99499117016e-07, 1.10061208147e-07, 5.44887598153e-07, 2.0899909714e-07, 1.24704726545e-07, 1.11395543456e-07, 1.32981398338e-07, 1.6000004166e-07, 1.82774385848e-07, 1.09157376471e-07, 1.21689453181e-07, 8.09738196494e-08, 1.01862362101e-07, 6.52714904348e-09, 1.38641198522e-09, 7.50984718856e-10, 8.31562929626e-10, 8.4058343619e-10, 6.60749066572e-10, 3.37864458633e-10, 2.64553240426e-10, 2.68392919001e-10, 1.35589692252e-10, 1.32668584452e-10, 1.34892833015e-10, 1.22308316253e-10, 6.70382846457e-11, 5.70941072198e-11, 5.61443322389e-11, 2.9747107555e-11, 1.72161850748e-11, 7.4004439729e-12, 1.44069847198e-12, 1.93404472125e-12, 1.99535592042e-12, 1.09376179988e-12]}, "mfcc": {"mean": [-683.197814941, 114.815856934, -1.47096443176, 7.19450902939, -11.73960495, 2.76764440536, -4.69206857681, -4.55754375458, -10.3961772919, -7.26870822906, -7.72073221207, -5.99476671219, -1.86133205891], "cov": [[16580.8964844, -325.094787598, -934.658691406, -105.533958435, -587.953308105, 67.8101348877, -77.8422470093, -49.9989585876, -220.369186401, -258.606719971, -250.562225342, -168.073165894, -161.585067749], [-325.094787598, 1052.61950684, 37.6036949158, 17.4748649597, 96.1580276489, 44.5599060059, 76.2487792969, 58.4670143127, 11.4889621735, 28.6134357452, -27.3937835693, -15.0544061661, 61.0434494019], [-934.658691406, 37.6036949158, 440.443939209, 172.136230469, 100.589271545, 6.63213014603, 26.4095191956, 57.8691215515, 83.5084381104, 55.6290740967, 33.1592597961, 31.8251457214, 52.1360626221], [-105.533958435, 17.4748649597, 172.136230469, 260.098754883, 113.01410675, 31.8299217224, 31.4603385925, 69.4908828735, 49.5874786377, 28.2727203369, 10.2403278351, 14.9778633118, 31.4804496765], [-587.953308105, 96.1580276489, 100.589271545, 113.01410675, 203.278869629, 81.9227371216, 66.8685531616, 47.2102088928, 39.1756057739, 30.7743644714, 15.5358753204, 7.99004077911, 31.2179660797], [67.8101348877, 44.5599060059, 6.63213014603, 31.8299217224, 81.9227371216, 167.465438843, 83.0504684448, 24.1640548706, 1.27709174156, 7.90498304367, -2.56463360786, 1.19901907444, 17.186706543], [-77.8422470093, 76.2487792969, 26.4095191956, 31.4603385925, 66.8685531616, 83.0504684448, 130.705825806, 62.4074440002, 13.7910366058, 1.20911562443, -3.34600734711, 9.88497829437, 27.5886688232], [-49.9989585876, 58.4670143127, 57.8691215515, 69.4908828735, 47.2102088928, 24.1640548706, 62.4074440002, 125.53326416, 52.270740509, 14.1168823242, -3.48483014107, 2.73392319679, 25.7191085815], [-220.369186401, 11.4889621735, 83.5084381104, 49.5874786377, 39.1756057739, 1.27709174156, 13.7910366058, 52.270740509, 110.281455994, 47.820514679, 4.76444149017, 3.62165856361, 17.685174942], [-258.606719971, 28.6134357452, 55.6290740967, 28.2727203369, 30.7743644714, 7.90498304367, 1.20911562443, 14.1168823242, 47.820514679, 91.7373199463, 42.3485870361, 12.0595617294, 15.7876996994], [-250.562225342, -27.3937835693, 33.1592597961, 10.2403278351, 15.5358753204, -2.56463360786, -3.34600734711, -3.48483014107, 4.76444149017, 42.3485870361, 107.984436035, 50.6752815247, 11.4309129715], [-168.073165894, -15.0544061661, 31.8251457214, 14.9778633118, 7.99004077911, 1.19901907444, 9.88497829437, 2.73392319679, 3.62165856361, 12.0595617294, 50.6752815247, 96.1075744629, 33.2785835266], [-161.585067749, 61.0434494019, 52.1360626221, 31.4804496765, 31.2179660797, 17.186706543, 27.5886688232, 25.7191085815, 17.685174942, 15.7876996994, 11.4309129715, 33.2785835266, 83.6588897705]], "icov": [[8.33451922517e-05, 1.21352809401e-06, 0.000172720770934, -0.000204854193726, 0.000321354513289, -0.000166937228641, 1.91651870409e-05, -3.88584121538e-05, -6.55628673485e-06, 7.5643947639e-05, 5.3076815675e-05, 5.53929166927e-05, 7.36922311262e-06], [1.21352809401e-06, 0.00109341996722, -1.45825179061e-05, 0.000281775603071, -0.00050961098168, 0.000216661617742, -0.000326845532982, -0.000332826835802, 0.000493095139973, -0.000601015461143, 0.00048031139886, 0.000262119050603, -0.00069738907041], [0.000172720770934, -1.45825179061e-05, 0.00389482430182, -0.00225323298946, 0.000216129643377, 0.00027854857035, -0.000229111232329, 0.000371208996512, -0.00156578770839, -0.000178233109182, -0.000340070662787, -4.65598241135e-05, -0.000981935416348], [-0.000204854193726, 0.000281775603071, -0.00225323298946, 0.00732866721228, -0.00366469169967, 0.000177552181412, 0.00153711810708, -0.00279962737113, 0.000590399489738, -0.000382142170565, 0.000551682722289, -0.000711459375452, -0.000115056092909], [0.000321354513289, -0.00050961098168, 0.000216129643377, -0.00366469169967, 0.0102690448985, -0.00343661312945, -0.00194111349992, 0.000696849892847, -0.00145012384746, 4.91600185342e-05, -0.00115426664706, 0.00117206503637, -0.000474456814118], [-0.000166937228641, 0.000216661617742, 0.00027854857035, 0.000177552181412, -0.00343661312945, 0.010492942296, -0.00609538145363, 0.00168989016674, 0.001085583237, -0.00154800037853, 0.000640356855001, 0.000250401790254, -0.000228050921578], [1.91651870409e-05, -0.000326845532982, -0.000229111232329, 0.00153711810708, -0.00194111349992, -0.00609538145363, 0.0159922800958, -0.00699743069708, 0.00126848835498, 0.00139233761001, 0.000490027479827, -0.00140482687857, -0.00134525564499], [-3.88584121538e-05, -0.000332826835802, 0.000371208996512, -0.00279962737113, 0.000696849892847, 0.00168989016674, -0.00699743069708, 0.0149274533615, -0.00598600972444, 0.00149809895083, -0.000566099130083, 0.00120133103337, -0.0013166111894], [-6.55628673485e-06, 0.000493095139973, -0.00156578770839, 0.000590399489738, -0.00145012384746, 0.001085583237, 0.00126848835498, -0.00598600972444, 0.0165525078773, -0.00824559759349, 0.00349064171314, -0.000796841923147, 1.81828818313e-05], [7.5643947639e-05, -0.000601015461143, -0.000178233109182, -0.000382142170565, 4.91600185342e-05, -0.00154800037853, 0.00139233761001, 0.00149809895083, -0.00824559759349, 0.0194076877087, -0.00820849370211, 0.00277177034877, -0.00168095354456], [5.3076815675e-05, 0.00048031139886, -0.000340070662787, 0.000551682722289, -0.00115426664706, 0.000640356855001, 0.000490027479827, -0.000566099130083, 0.00349064171314, -0.00820849370211, 0.0164366904646, -0.00817225780338, 0.00188411853742], [5.53929166927e-05, 0.000262119050603, -4.65598241135e-05, -0.000711459375452, 0.00117206503637, 0.000250401790254, -0.00140482687857, 0.00120133103337, -0.000796841923147, 0.00277177034877, -0.00817225780338, 0.0167809575796, -0.00609565991908], [7.36922311262e-06, -0.00069738907041, -0.000981935416348, -0.000115056092909, -0.000474456814118, -0.000228050921578, -0.00134525564499, -0.0013166111894, 1.81828818313e-05, -0.00168095354456, 0.00188411853742, -0.00609565991908, 0.0166846532375]]}, "spectral_contrast_coeffs": {"dmean": [0.0503398030996, 0.0401897616684, 0.0368795134127, 0.030485322699, 0.0219001471996, 0.0178203508258], "dmean2": [0.0833703875542, 0.064599879086, 0.057386264205, 0.046870674938, 0.0343409627676, 0.0278286393732], "dvar": [0.00184424768668, 0.00120201869868, 0.00104066473432, 0.000724152254406, 0.000391778972698, 0.000273852609098], "dvar2": [0.0047280616127, 0.00305799790658, 0.00236581871286, 0.00156858668197, 0.000866628601216, 0.000627848028671], "max": [-0.298985660076, -0.451992481947, -0.488465994596, -0.433695346117, -0.53690725565, -0.563303947449], "mean": [-0.578686058521, -0.732442140579, -0.745527863503, -0.757659673691, -0.788255929947, -0.756972074509], "median": [-0.573133111, -0.736367344856, -0.750280618668, -0.761586487293, -0.791980862617, -0.750016093254], "min": [-0.94941341877, -0.965346455574, -0.96190148592, -0.95713031292, -0.961795270443, -0.957924962044], "var": [0.0103370109573, 0.0042896270752, 0.00527336262167, 0.0045860260725, 0.00257432740182, 0.00182949728332]}, "spectral_contrast_valleys": {"dmean": [0.485637307167, 0.346681416035, 0.324424505234, 0.304901480675, 0.362062633038, 0.431192070246], "dmean2": [0.780406236649, 0.529158771038, 0.483972072601, 0.433249205351, 0.465196251869, 0.534910857677], "dvar": [0.195776492357, 0.116223946214, 0.100268423557, 0.0976972952485, 0.14449031651, 0.20055526495], "dvar2": [0.413976699114, 0.21548384428, 0.186388507485, 0.162251546979, 0.225644037127, 0.339924067259], "max": [-4.79843235016, -4.56573438644, -5.10487985611, -5.84322929382, -5.40410804749, -7.83649539948], "mean":