{"lowlevel": {"average_loudness": 0.930733919144, "barkbands_crest": {"dmean": 2.03975701332, "dmean2": 3.08728003502, "dvar": 8.52160263062, "dvar2": 18.5994434357, "max": 26.6659297943, "mean": 17.452413559, "median": 20.0606956482, "min": 2.14297199249, "var": 48.6114006042}, "barkbands_flatness_db": {"dmean": 0.0245679896325, "dmean2": 0.0376749373972, "dvar": 0.00129591557197, "dvar2": 0.00267591304146, "max": 0.703594982624, "mean": 0.196118608117, "median": 0.192029923201, "min": 0.0143277375028, "var": 0.00834867078811}, "barkbands_kurtosis": {"dmean": 18.8060874939, "dmean2": 26.4896907806, "dvar": 5711.25048828, "dvar2": 9542.82324219, "max": 3358.02563477, "mean": 54.7848014832, "median": 25.173412323, "min": -1.80545461178, "var": 28301.3066406}, "barkbands_skewness": {"dmean": 0.976397812366, "dmean2": 1.45033681393, "dvar": 2.60017871857, "dvar2": 4.76460838318, "max": 44.4490890503, "mean": 5.12275314331, "median": 4.85722446442, "min": -3.07338643074, "var": 17.3524208069}, "barkbands_spread": {"dmean": 4.00792312622, "dmean2": 6.45970344543, "dvar": 44.3936042786, "dvar2": 104.942443848, "max": 108.137069702, "mean": 13.8928489685, "median": 9.54548740387, "min": 0.0312286820263, "var": 147.097961426}, "dissonance": {"dmean": 0.0116116283461, "dmean2": 0.0198858566582, "dvar": 0.00033160141902, "dvar2": 0.000923858315218, "max": 0.500000059605, "mean": 0.480117052794, "median": 0.485209733248, "min": 0.0712390691042, "var": 0.000405727361795}, "dynamic_complexity": 2.72527813911, "erbbands_crest": {"dmean": 1.81065428257, "dmean2": 2.98840308189, "dvar": 4.60626316071, "dvar2": 11.5186319351, "max": 28.5842113495, "mean": 6.55089616776, "median": 5.58596420288, "min": 1.86662948132, "var": 12.8270969391}, "erbbands_flatness_db": {"dmean": 0.0105961924419, "dmean2": 0.0168144684285, "dvar": 0.000204453826882, "dvar2": 0.000434900750406, "max": 0.425533890724, "mean": 0.105347178876, "median": 0.0884037539363, "min": 0.0328506752849, "var": 0.00259434012696}, "erbbands_kurtosis": {"dmean": 0.688965201378, "dmean2": 1.06127166748, "dvar": 12.693312645, "dvar2": 22.0701160431, "max": 193.649337769, "mean": -0.166293263435, "median": -1.01958274841, "min": -1.90012669563, "var": 57.2502174377}, "erbbands_skewness": {"dmean": 0.309763580561, "dmean2": 0.483315587044, "dvar": 0.162317693233, "dvar2": 0.352329403162, "max": 11.3706331253, "mean": 0.171321958303, "median": 0.0531047955155, "min": -2.2114379406, "var": 0.692501485348}, "erbbands_spread": {"dmean": 9.4817533493, "dmean2": 14.7495832443, "dvar": 126.72101593, "dvar2": 277.509979248, "max": 195.133743286, "mean": 73.6627502441, "median": 77.6553726196, "min": 1.16629993916, "var": 811.088195801}, "hfc": {"dmean": 7.55643606186, "dmean2": 12.5853176117, "dvar": 252.245651245, "dvar2": 685.72644043, "max": 224.119537354, "mean": 30.5447425842, "median": 32.5068321228, "min": 1.12605089404e-16, "var": 413.985595703}, "melbands_crest": {"dmean": 2.63402462006, "dmean2": 3.80284905434, "dvar": 12.8820781708, "dvar2": 29.5779953003, "max": 39.1589012146, "mean": 25.0698204041, "median": 29.432756424, "min": 1.78220951557, "var": 94.0432739258}, "melbands_flatness_db": {"dmean": 0.0272714253515, "dmean2": 0.0420423708856, "dvar": 0.00163224863354, "dvar2": 0.00343893049285, "max": 0.838995754719, "mean": 0.280041784048, "median": 0.289513409138, "min": 0.00330050149933, "var": 0.0116488644853}, "melbands_kurtosis": {"dmean": 49.8950920105, "dmean2": 73.5286331177, "dvar": 11350.6464844, "dvar2": 21429.2636719, "max": 3179.59643555, "mean": 165.584960938, "median": 103.859565735, "min": -1.83343958855, "var": 57237.8085938}, "melbands_skewness": {"dmean": 1.60233879089, "dmean2": 2.39805173874, "dvar": 5.81806993484, "dvar2": 11.1702833176, "max": 48.2793617249, "mean": 8.96024990082, "median": 8.77293777466, "min": -0.979077637196, "var": 40.7178459167}, "melbands_spread": {"dmean": 3.65344500542, "dmean2": 5.97527694702, "dvar": 62.9891471863, "dvar2": 153.649551392, "max": 258.325592041, "mean": 10.5377597809, "median": 4.46264123917, "min": 0.0521764159203, "var": 221.44303894}, "pitch_salience": {"dmean": 0.0728194862604, "dmean2": 0.115315102041, "dvar": 0.0113021722063, "dvar2": 0.0261677913368, "max": 0.922148525715, "mean": 0.331379890442, "median": 0.24817404151, "min": 0.009272871539, "var": 0.0501922741532}, "silence_rate_20dB": {"dmean": 0.000139606316225, "dmean2": 0.000279232102912, "dvar": 0.000139567579026, "dvar2": 0.000418693263782, "max": 1, "mean": 0.999930202961, "median": 1, "min": 0, "var": 6.97885989211e-05}, "silence_rate_30dB": {"dmean": 0.0360184274614, "dmean2": 0.0720418840647, "dvar": 0.0347318947315, "dvar2": 0.0700606927276, "max": 1, "mean": 0.417463541031, "median": 0, "min": 0, "var": 0.243206888437}, "silence_rate_60dB": {"dmean": 0.0146586624905, "dmean2": 0.0292495638132, "dvar": 0.0144426310435, "dvar2": 0.0288118645549, "max": 1, "mean": 0.054163467139, "median": 0, "min": 0, "var": 0.0512257628143}, "spectral_centroid": {"dmean": 281.514221191, "dmean2": 444.553588867, "dvar": 100125.226562, "dvar2": 237374.21875, "max": 10971.4277344, "mean": 1431.86462402, "median": 1428.62512207, "min": 69.1202926636, "var": 344714.625}, "spectral_complexity": {"dmean": 4.6054725647, "dmean2": 7.32523536682, "dvar": 29.8188381195, "dvar2": 66.0552368164, "max": 57, "mean": 20.6002655029, "median": 22, "min": 0, "var": 134.370529175}, "spectral_decrease": {"dmean": 5.43755440674e-09, "dmean2": 7.50654205461e-09, "dvar": 4.96229553763e-17, "dvar2": 9.38784085496e-17, "max": -5.73638775604e-29, "mean": -3.42757573435e-08, "median": -4.00641404497e-08, "min": -9.52115613018e-08, "var": 5.75655978811e-16}, "spectral_energy": {"dmean": 0.0207877643406, "dmean2": 0.0286943465471, "dvar": 0.000714682333637, "dvar2": 0.00136182585265, "max": 0.361712276936, "mean": 0.132134750485, "median": 0.154250100255, "min": 1.04301142141e-20, "var": 0.00834078714252}, "spectral_energyband_high": {"dmean": 0.000576833146624, "dmean2": 0.000974942580797, "dvar": 1.50883067818e-06, "dvar2": 4.06583922086e-06, "max": 0.019192148, "mean": 0.00181131879799, "median": 0.00183483446017, "min": 7.66968164749e-21, "var": 2.44464354182e-06}, "spectral_energyband_low": {"dmean": 0.0195061005652, "dmean2": 0.0277067013085, "dvar": 0.000860956148244, "dvar2": 0.00165472540539, "max": 0.360812932253, "mean": 0.116298250854, "median": 0.1377697438, "min": 9.33132899386e-23, "var": 0.00864518620074}, "spectral_energyband_middle_high": {"dmean": 0.00148743914906, "dmean2": 0.0026259245351, "dvar": 1.33726507556e-05, "dvar2": 3.82640209864e-05, "max": 0.0437597930431, "mean": 0.00348326819949, "median": 0.00276490976103, "min": 1.45607446063e-21, "var": 1.65061683219e-05}, "spectral_energyband_middle_low": {"dmean": 0.00649719312787, "dmean2": 0.0112329674885, "dvar": 0.000170907907886, "dvar2": 0.000473561231047, "max": 0.162635996938, "mean": 0.01233601477, "median": 0.00911162421107, "min": 3.48953971954e-22, "var": 0.000187714540516}, "spectral_entropy": {"dmean": 0.133053660393, "dmean2": 0.215446531773, "dvar": 0.035245500505, "dvar2": 0.0838763713837, "max": 9.81950473785, "mean": 7.93343687057, "median": 8.08020401001, "min": 4.05182504654, "var": 0.173939213157}, "spectral_flux": {"dmean": 0.0398490577936, "dmean2": 0.0568305775523, "dvar": 0.0035827269312, "dvar2": 0.00617945333943, "max": 0.536007225513, "mean": 0.101601324975, "median": 0.0771301016212, "min": 1.02127931112e-10, "var": 0.00764711480588}, "spectral_kurtosis": {"dmean": 0.839511275291, "dmean2": 1.39448130131, "dvar": 4.68072032928, "dvar2": 11.4109096527, "max": 120.526771545, "mean": 2.69897437096, "median": 1.90226745605, "min": -1.17320132256, "var": 9.81800746918}, "spectral_rms": {"dmean": 0.000942276848946, "dmean2": 0.00126171519514, "dvar": 1.22997550989e-06, "dvar2": 2.0970398964e-06, "max": 0.0187853667885, "mean": 0.0102891614661, "median": 0.0122673511505, "min": 3.18994071609e-12, "var": 2.3044694899e-05}, "spectral_rolloff": {"dmean": 253.976699829, "dmean2": 439.203216553, "dvar": 486193.65625, "dvar2": 1259611.75, "max": 18755.4199219, "mean": 631.732543945, "median": 86.1328125, "min": 43.06640625, "var": 1356939.5}, "spectral_skewness": {"dmean": 0.135199189186, "dmean2": 0.218387305737, "dvar": 0.0410528406501, "dvar2": 0.100043877959, "max": 8.70789527893, "mean": 1.25782132149, "median": 1.15801131725, "min": -0.000938897312153, "var": 0.146049782634}, "spectral_spread": {"dmean": 487035.5625, "dmean2": 768997.625, "dvar": 504981848064, "dvar2": 1014215213060.0, "max": 40176456, "mean": 6194027, "median": 6502752, "min": 764150.8125, "var": 3008759857150.0}, "spectral_strongpeak": {"dmean": 0.204972520471, "dmean2": 0.332026332617, "dvar": 0.122791267931, "dvar2": 0.311543345451, "max": 8.2333984375, "mean": 0.888817667961, "median": 1.0153220892, "min": 0, "var": 0.248407259583}, "zerocrossingrate": {"dmean": 0.00759368343279, "dmean2": 0.00948680192232, "dvar": 8.92017487786e-05, "dvar2": 0.000110960907477, "max": 0.50244140625, "mean": 0.0381236672401, "median": 0.0283203125, "min": 0.00146484375, "var": 0.00101939064916}, "barkbands": {"dmean": [0.00167279213201, 0.0182594321668, 0.00658387551084, 0.00292751588859, 0.00272724754177, 0.00163546949625, 0.000449421058875, 0.000342798884958, 0.000450784922577, 0.000354921619873, 0.000288185721729, 0.000330200185999, 0.000265709240921, 0.000197062108782, 0.000135230613523, 0.00017122697318, 0.000156877256813, 0.000185176948435, 0.000152314838488, 0.000196668770513, 0.000151670858031, 0.000125226724776, 0.000100141660369, 0.000119400938274, 9.99929397949e-05, 5.13250452059e-05, 3.11430922011e-05], "dmean2": [0.0018385082949, 0.0268691722304, 0.0119488313794, 0.00528151541948, 0.00474429409951, 0.00269779469818, 0.000736776913982, 0.000563464418519, 0.000794802268501, 0.000608904694673, 0.000502720416989, 0.000559210544452, 0.000470107217552, 0.000352868111804, 0.000231019817875, 0.000304743443849, 0.00027718974161, 0.000328891503159, 0.000254376704106, 0.000349990848918, 0.000256787141552, 0.000206534197787, 0.000167685197084, 0.000206148746656, 0.000170832950971, 8.69686118676e-05, 5.16723885085e-05], "dvar": [4.93791685585e-06, 0.00105576228816, 0.000394941598643, 5.92081159994e-05, 3.16004552587e-05, 5.18549177286e-06, 9.63620095717e-07, 6.60661157781e-07, 9.67930418483e-07, 5.94130540321e-07, 6.13460258592e-07, 4.98585393416e-07, 5.16692978181e-07, 4.07145421377e-07, 5.85833213052e-08, 1.35968676318e-07, 1.27869157041e-07, 1.80790848958e-07, 5.86331481145e-08, 2.54182168646e-07, 7.80503768283e-08, 3.76207012209e-08, 3.43795925062e-08, 6.94805279977e-08, 3.74398574365e-08, 1.15297336123e-08, 2.45185631798e-08], "dvar2": [8.35714763525e-06, 0.00221696891822, 0.00111295795068, 0.000167986145243, 8.88447393663e-05, 1.30443113449e-05, 2.37167182604e-06, 1.69617555912e-06, 2.64825644081e-06, 1.58803015893e-06, 1.67806445006e-06, 1.30485727823e-06, 1.49004722516e-06, 1.18084233236e-06, 1.59690358714e-07, 3.95622379301e-07, 3.70479142475e-07, 5.22130278569e-07, 1.50590054204e-07, 7.35200671897e-07, 2.10292853353e-07, 9.5305239256e-08, 9.19295359836e-08, 1.92115180653e-07, 9.99764395715e-08, 3.06315719456e-08, 6.19032718419e-08], "max": [0.046697344631, 0.347734063864, 0.158914148808, 0.0946372449398, 0.0748696699739, 0.0310941729695, 0.0256150327623, 0.0268970001489, 0.0168800484389, 0.0177608188242, 0.0221366770566, 0.0246646814048, 0.0249851774424, 0.0109142409638, 0.00464498437941, 0.00586028629914, 0.00464583281428, 0.00656723510474, 0.00595135428011, 0.00741029018536, 0.00538375135511, 0.00402495032176, 0.00396269140765, 0.00419881427661, 0.00259620766155, 0.00163528625853, 0.0046682106331], "mean": [0.00779375247657, 0.101216070354, 0.00559602305293, 0.00291999289766, 0.00358804431744, 0.00379501865245, 0.000771380204242, 0.000540205393918, 0.000521738780662, 0.00048491882626, 0.000386410974897, 0.000567338371184, 0.00038598687388, 0.000224915973376, 0.000220881120185, 0.00027271010913, 0.000253461126704, 0.000302895030472, 0.000321599276504, 0.000317852332955, 0.000345739419572, 0.000335632677888, 0.000249031960266, 0.000271982542472, 0.000259532331256, 0.000131028835312, 6.02718318987e-05], "median": [0.00474210223183, 0.109874725342, 0.000836565857753, 0.000577483442612, 0.00118673802353, 0.0029761469923, 0.000250026816502, 0.000178482514457, 0.000207686694921, 0.000184656149941, 0.000134819754749, 0.00036875178921, 0.000160015886649, 8.38767591631e-05, 0.000145717232954, 0.000183639596798, 0.000191262995941, 0.000219395413296, 0.00025912624551, 0.00022032277775, 0.000293423334369, 0.000319534767186, 0.000232033664361, 0.000231348225498, 0.00021914903482, 0.000114386952191, 1.31156803036e-05], "min": [6.37401583571e-24, 6.11698775562e-23, 2.6188760526e-23, 1.60261542071e-23, 7.53546253067e-23, 3.19828507892e-23, 8.24945296292e-23, 7.49943556867e-23, 5.10943188828e-23, 7.0973462233e-23, 4.44276806163e-23, 6.83933064713e-23, 7.2510636593e-23, 1.12480634628e-22, 1.0402131311e-22, 1.83064260734e-22, 1.92906354445e-22, 1.25065818587e-22, 3.06436994492e-22, 3.68587823739e-22, 4.76069957993e-22, 6.0946843228e-22, 5.49115953461e-22, 8.98383071641e-22, 1.23429655436e-21, 1.69947952505e-21, 2.20499007494e-21], "var": [6.05102468398e-05, 0.00798693671823, 0.000261039560428, 5.12247643201e-05, 3.85455095966e-05, 1.30476200866e-05, 2.07705261346e-06, 1.19854234981e-06, 9.58029886533e-07, 8.58384055391e-07, 9.4234945891e-07, 8.04202784366e-07, 7.60518560128e-07, 3.1045951232e-07, 6.59370797962e-08, 1.22664232549e-07, 9.89923449879e-08, 1.45613299196e-07, 1.00549293336e-07, 1.96733196844e-07, 1.1152247481e-07, 8.04011222044e-08, 5.53695471694e-08, 8.52903596638e-08, 6.8974756573e-08, 2.09204777946e-08, 4.77397819054e-08]}, "erbbands": {"dmean": [0.803026497364, 4.30510044098, 7.23055934906, 9.3550195694, 9.06037330627, 7.83972978592, 13.5293464661, 12.7445411682, 6.49837636948, 6.94382762909, 7.75473403931, 9.68010425568, 11.9755678177, 9.5777759552, 11.5476160049, 13.2716159821, 12.1709890366, 11.5536956787, 5.49896478653, 8.61952018738, 8.45798301697, 8.93526554108, 9.74691677094, 8.32843780518, 8.99967098236, 8.95259284973, 5.7911195755, 6.51316022873, 4.57244157791, 3.86440443993, 2.71832346916, 2.41289591789, 2.17988395691, 1.37395584583, 0.604559838772, 0.273519098759, 0.08675057441, 0.0231858566403, 0.00454078381881, 0.000485681201098], "dmean2": [0.964913129807, 5.95108890533, 11.9117546082, 16.7608070374, 15.7321281433, 13.7205190659, 22.8401622772, 20.9291610718, 10.7723207474, 11.1451406479, 12.9167938232, 17.0541248322, 20.9237442017, 16.7813396454, 20.0403423309, 22.5661907196, 21.3956050873, 20.8322429657, 9.59059143066, 14.8338346481, 15.0702047348, 15.8624315262, 17.4358730316, 14.1207265854, 15.3660783768, 16.0370845795, 10.0428924561, 10.7396030426, 7.68983745575, 6.33913230896, 4.54345846176, 4.20997953415, 3.74243855476, 2.33851456642, 1.03440833092, 0.466033965349, 0.146447986364, 0.0383922494948, 0.0074870986864, 0.000803405244369], "dvar": [1.1729875803, 69.4116210938, 407.740966797, 648.539306641, 479.951721191, 276.192352295, 434.784973145, 356.449279785, 147.933380127, 371.372192383, 291.985626221, 476.173187256, 645.335083008, 455.391204834, 1003.11376953, 865.747741699, 980.472961426, 1504.58862305, 158.742340088, 209.226898193, 373.66293335, 454.05267334, 582.532836914, 211.944122314, 261.345428467, 634.824768066, 113.909584045, 140.583892822, 54.2073516846, 35.951965332, 26.5188484192, 35.6796417236, 19.3625297546, 6.57386350632, 1.47747826576, 0.308600574732, 0.0330354161561, 0.00515160197392, 0.000471403414849, 7.26952566765e-06], "dvar2": [1.97924506664, 144.155822754, 1076.21679688, 1831.49499512, 1355.45251465, 777.159240723, 1149.33691406, 866.606628418, 371.945678711, 909.066833496, 754.723754883, 1298.40515137, 1762.62329102, 1286.80126953, 2672.57275391, 2234.18505859, 2772.01904297, 4380.35205078, 440.095733643, 582.942871094, 1089.91601562, 1315.30493164, 1687.23376465, 561.548278809, 707.41784668, 1845.29150391, 314.500518799, 367.374694824, 141.607162476, 90.3858108521, 70.361076355, 100.231117249, 52.7484512329, 17.4910030365, 4.00162935257, 0.846872210503, 0.0836877673864, 0.0118734901771, 0.00122110394295, 1.9008104573e-05], "max": [13.6226062775, 85.8032150269, 193.316421509, 211.014129639, 288.911346436, 223.395950317, 288.574279785, 287.177703857, 354.553314209, 548.000610352, 484.585876465, 446.910552979, 526.001220703, 495.009063721, 1013.9430542, 1229.65759277, 976.905822754, 690.017333984, 192.19039917, 196.828994751, 307.087249756, 269.621643066, 331.437103271, 421.821136475, 348.879486084, 357.975036621, 159.419952393, 213.095550537, 168.984481812, 117.421028137, 100.628669739, 113.323356628, 74.5587463379, 53.0710830688, 17.9518451691, 8.84240436554, 2.70574712753, 1.55576658249, 0.629871308804, 0.0829683095217], "mean": [4.74506998062, 15.3280878067, 8.27015304565, 9.67391681671, 10.9804611206, 9.98885440826, 23.403383255, 30.2550621033, 12.494556427, 11.7336158752, 12.7522745132, 11.7709445953, 15.51932621, 13.7392120361, 17.4400081635, 23.3595142365, 19.1629695892, 13.8998174667, 7.9845995903, 15.6996908188, 14.6427297592, 14.7169904709, 15.8193969727, 16.6996021271, 17.0709400177, 14.3861408234, 12.5229005814, 15.090886116, 11.9240226746, 9.66437149048, 6.78442573547, 5.24481868744, 4.97888040543, 3.3475997448, 1.53260040283, 0.661775290966, 0.222039148211, 0.0525503493845, 0.00885003712028, 0.000958081160206], "median": [4.88790750504, 12.2862682343, 2.88777351379, 2.24867248535, 2.09491014481, 4.02454614639, 16.0521736145, 20.1506099701, 5.70489788055, 3.83563256264, 4.59935426712, 5.24999856949, 6.12397098541, 4.94556283951, 8.55665969849, 15.1567287445, 8.63213825226, 5.75015926361, 4.78307771683, 11.4453039169, 11.0291862488, 11.2330331802, 12.0533123016, 12.3472270966, 13.2729320526, 10.1255893707, 10.4539136887, 12.8572416306, 11.2727985382, 9.29917144775, 6.28358411789, 4.73561143875, 4.02711963654, 2.76841115952, 1.35179376602, 0.552234053612, 0.184085458517, 0.0296130143106, 0.00248404871672, 0.000276957202004], "min": [2.22986991486e-21, 1.22990892263e-20, 2.70663997744e-20, 3.31953880607e-20, 1.29071776443e-19, 2.71552771e-19, 3.27532451599e-19, 3.634271271e-19, 8.83774035317e-19, 1.664076358e-18, 1.4640294477e-18, 1.06992100261e-18, 1.72186609073e-18, 2.56949471142e-18, 1.7592853635e-18, 3.03758856864e-18, 3.77396522266e-18, 4.62713543647e-18, 6.86829279785e-18, 5.77235293248e-18, 1.16644468761e-17, 9.33125243664e-18, 6.94817735192e-18, 8.60904352537e-18, 1.90496799939e-17, 1.83366800844e-17, 1.92958191657e-17, 1.71663535209e-17, 2.09079280051e-17, 2.07063275462e-17, 1.58175197268e-17, 1.46882163586e-17, 1.64593672144e-17, 1.36577834075e-17, 8.81588086471e-18, 6.39112911201e-18, 3.06085509132e-18, 1.27272118358e-18, 3.37994864631e-19, 3.09949034544e-20], "var": [17.2916202545, 273.342071533, 341.322235107, 519.44909668, 530.809997559, 283.501800537, 694.867248535, 1027.73010254, 316.371154785, 764.556030273, 527.525390625, 479.25894165, 800.156188965, 729.152160645, 1516.12219238, 1499.90942383, 1605.95043945, 1105.0135498, 146.953292847, 252.631622314, 312.98324585, 347.439910889, 427.608581543, 342.721374512, 323.164978027, 455.570678711, 160.463821411, 209.860336304, 105.248344421, 73.8835601807, 41.1645545959, 34.7969245911, 28.8344249725, 12.0881519318, 2.47734117508, 0.505118370056, 0.0656090006232, 0.0125290108845, 0.0008595699328, 1.23747804537e-05]}, "gfcc": {"mean": [29.0980148315, 61.9607658386, -84.9072570801, 48.7359237671, -45.4131507874, 22.0536441803, -27.1825351715, 12.0162096024, -18.363161087, 9.03599071503, -4.31707763672, 12.5356225967, -1.68575680256], "cov": [[8944.04394531, -950.501037598, 1359.93579102, 153.449813843, -285.373565674, 165.494308472, -280.556213379, 259.459777832, -265.404052734, 281.131256104, -220.79750061, 173.806106567, -217.667770386], [-950.501037598, 1381.75634766, -413.853820801, -58.6483039856, -11.2189064026, -157.295913696, -23.7851963043, -173.47644043, 5.85980033875, -232.431472778, -17.7533550262, -211.59312439, 3.92563724518], [1359.93579102, -413.853820801, 1196.47619629, 464.772796631, 357.413757324, 230.921005249, 136.447006226, 201.558822632, 118.349342346, 222.637374878, 87.3169174194, 184.443145752, 71.3387451172], [153.449813843, -58.6483039856, 464.772796631, 617.246154785, 362.906311035, 229.239395142, 195.366363525, 185.144577026, 160.714767456, 113.518760681, 110.642555237, 93.3997802734, 118.200035095], [-285.373565674, -11.2189064026, 357.413757324, 362.906311035, 498.236419678, 186.11038208, 294.439971924, 170.781921387, 232.823852539, 97.0968170166, 135.390823364, 71.5543136597, 121.217636108], [165.494308472, -157.295913696, 230.921005249, 229.239395142, 186.11038208, 225.816299438, 160.08102417, 149.31401062, 101.136985779, 97.7105026245, 61.9876480103, 77.8245010376, 63.9922943115], [-280.556213379, -23.7851963043, 136.447006226, 195.366363525, 294.439971924, 160.08102417, 284.217895508, 153.475006104, 180.076126099, 64.0497512817, 94.9299850464, 38.5712471008, 79.135093689], [259.459777832, -173.47644043, 201.558822632, 185.144577026, 170.781921387, 149.31401062, 153.475006104, 205.704910278, 146.461975098, 132.033935547, 85.1278076172, 87.2801742554, 53.6210212708], [-265.404052734, 5.85980033875, 118.349342346, 160.714767456, 232.823852539, 101.136985779, 180.076126099, 146.461975098, 206.609069824, 107.260566711, 110.774032593, 52.8274078369, 65.8025665283], [281.131256104, -232.431472778, 222.637374878, 113.518760681, 97.0968170166, 97.7105026245, 64.0497512817, 132.033935547, 107.260566711, 173.343383789, 96.7797470093, 118.458900452, 45.9646835327], [-220.79750061, -17.7533550262, 87.3169174194, 110.642555237, 135.390823364, 61.9876480103, 94.9299850464, 85.1278076172, 110.774032593, 96.7797470093, 124.053009033, 84.2212905884, 70.6266326904], [173.806106567, -211.59312439, 184.443145752, 93.3997802734, 71.5543136597, 77.8245010376, 38.5712471008, 87.2801742554, 52.8274078369, 118.458900452, 84.2212905884, 150.312911987, 83.561050415], [-217.667770386, 3.92563724518, 71.3387451172, 118.200035095, 121.217636108, 63.9922943115, 79.135093689, 53.6210212708, 65.8025665283, 45.9646835327, 70.6266326904, 83.561050415, 114.217063904]], "icov": [[0.000210979211261, -9.17452780413e-05, -0.000197057830519, 9.28685312829e-06, 4.086070021e-06, 0.000147034224938, -2.21503232751e-05, -0.00065924070077, 0.000650117755868, -0.000502386246808, 0.000644460495096, -0.000208484736504, 0.000338470359566], [-9.17452780413e-05, 0.00157736404799, -0.000109998858534, -3.78769691451e-05, 0.000538386695553, -0.000302421976812, 0.00113052781671, 0.00060805719113, -0.00197872333229, 0.0026507419534, -0.00273318355903, 0.00300805759616, -0.00202922918834], [-0.000197057830519, -0.000109998858534, 0.00225524324924, -0.000950437330175, -0.00199694908224, 0.000142274220707, -3.15369252348e-05, 0.000883749162313, 0.000988556654193, -0.00229209871031, 0.00191419909243, -0.00228560529649, 0.00169119634666], [9.28685312829e-06, -3.78769691451e-05, -0.000950437330175, 0.00449959468096, -0.00211826129816, -0.00272799213417, 0.00275873579085, -0.00244543980807, 0.000763091142289, 0.00119891110808, -0.00212996825576, 0.00298829749227, -0.00282197399065], [4.086070021e-06, 0.000538386695553, -0.00199694908224, -0.00211826129816, 0.0108304908499, -0.000163208402228, -0.00540792942047, 0.0032060185913, -0.00702909613028, 0.00378853385337, -0.00250165583566, 0.00132174906321, -0.00262754503638], [0.000147034224938, -0.000302421976812, 0.000142274220707, -0.00272799213417, -0.000163208402228, 0.0143728386611, -0.00730610592291, -0.004564053379, 0.00598734850064, -0.00609723059461, 0.00524227274582, -0.00185646256432, -0.000528987613507], [-2.21503232751e-05, 0.00113052781671, -3.15369252348e-05, 0.00275873579085, -0.00540792942047, -0.00730610592291, 0.0190657507628, -0.00579320825636, -0.0068542980589, 0.00938503351063, -0.00612527690828, 0.00505693722516, -0.0033135029953], [-0.00065924070077, 0.00060805719113, 0.000883749162313, -0.00244543980807, 0.0032060185913, -0.004564053379, -0.00579320825636, 0.0239859484136, -0.0115610929206, -0.00498786754906, 0.00311139295809, -0.00495640886948, 0.00297930208035], [0.000650117755868, -0.00197872333229, 0.000988556654193, 0.000763091142289, -0.00702909613028, 0.00598734850064, -0.0068542980589, -0.0115610929206, 0.0330406613648, -0.0178480409086, -0.00291129527614, 0.00890453346074, -0.00238529103808], [-0.000502386246808, 0.0026507419534, -0.00229209871031, 0.00119891110808, 0.00378853385337, -0.00609723059461, 0.00938503351063, -0.00498786754906, -0.0178480409086, 0.0409071259201, -0.016531707719, -0.012814687565, 0.00779484305531], [0.000644460495096, -0.00273318355903, 0.00191419909243, -0.00212996825576, -0.00250165583566, 0.00524227274582, -0.00612527690828, 0.00311139295809, -0.00291129527614, -0.016531707719, 0.0367986522615, -0.0145130623132, 0.00102514238097], [-0.000208484736504, 0.00300805759616, -0.00228560529649, 0.00298829749227, 0.00132174906321, -0.00185646256432, 0.00505693722516, -0.00495640886948, 0.00890453346074, -0.012814687565, -0.0145130623132, 0.0440682508051, -0.0269441865385], [0.000338470359566, -0.00202922918834, 0.00169119634666, -0.00282197399065, -0.00262754503638, -0.000528987613507, -0.0033135029953, 0.00297930208035, -0.00238529103808, 0.00779484305531, 0.00102514238097, -0.0269441865385, 0.0326319001615]]}, "melbands": {"dmean": [0.0056225694716, 0.00402448186651, 0.00157877756283, 0.000592324591707, 0.000432261324022, 0.000284817098873, 9.83856443781e-05, 7.40970936022e-05, 6.53867755318e-05, 6.37791235931e-05, 6.06505382166e-05, 3.96108989662e-05, 3.92606161768e-05, 3.3927095501e-05, 3.79361736123e-05, 2.49941895163e-05, 2.19908524741e-05, 8.54668360262e-06, 1.12091656774e-05, 1.31052765937e-05, 9.71302324615e-06, 1.01192918009e-05, 8.67172821017e-06, 9.38324956223e-06, 7.00499049344e-06, 5.90544232182e-06, 7.94707011664e-06, 6.0508077695e-06, 3.76862544726e-06, 4.16516149926e-06, 3.84911572837e-06, 2.84636780634e-06, 2.65874609795e-06, 2.18842478716e-06, 1.62893854849e-06, 1.77051583705e-06, 1.5979287582e-06, 1.75896934707e-06, 1.48735671246e-06, 1.13490318654e-06], "dmean2": [0.00774481426924, 0.00574715714902, 0.00280763907358, 0.0010296945693, 0.000733739696443, 0.000467407953693, 0.000162393975188, 0.000119693788292, 0.000108999709482, 0.000113271351438, 0.000105876446469, 6.91887980793e-05, 6.82801328367e-05, 5.74425721425e-05, 6.50871297694e-05, 4.46410522272e-05, 3.95361857954e-05, 1.49891902765e-05, 1.90962273336e-05, 2.30128516705e-05, 1.73248281499e-05, 1.78301634151e-05, 1.55157486006e-05, 1.68036713148e-05, 1.17975587273e-05, 9.94024594547e-06, 1.40103320518e-05, 1.08184940473e-05, 6.51856316836e-06, 7.16944214219e-06, 6.30714157523e-06, 4.78984020447e-06, 4.40825715486e-06, 3.61629963663e-06, 2.70050099971e-06, 3.06098581859e-06, 2.78953302768e-06, 3.02492776427e-06, 2.53426469499e-06, 1.93961386685e-06], "dvar": [7.55355795263e-05, 7.75618464104e-05, 1.73338703462e-05, 1.93285836758e-06, 4.441036765e-07, 1.65346150993e-07, 3.42266730513e-08, 4.00264319467e-08, 1.96236431549e-08, 2.10994688388e-08, 1.65044848899e-08, 7.9129547359e-09, 1.23387229323e-08, 6.00373972759e-09, 8.70789307328e-09, 4.27133040048e-09, 5.4408566541e-09, 4.10579237275e-10, 4.27510221668e-10, 6.22148610407e-10, 4.99360719441e-10, 5.70268721134e-10, 3.18797821475e-10, 5.66335645047e-10, 1.50277915112e-10, 9.41680761146e-11, 3.30292571071e-10, 2.79024914285e-10, 4.14589231001e-11, 6.21022677727e-11, 4.71141910208e-11, 2.07809880415e-11, 1.49779216807e-11, 1.08158395434e-11, 8.28861371899e-12, 1.67353700342e-11, 1.49044995096e-11, 1.22504619296e-11, 7.32138568521e-12, 4.391775138e-12], "dvar2": [0.00014409434516, 0.000174332541064, 4.87586767122e-05, 5.45272405361e-06, 1.17672675515e-06, 4.0371426735e-07, 8.64882068186e-08, 9.93722295561e-08, 5.05223241021e-08, 5.79656642685e-08, 4.48985133517e-08, 2.20224656289e-08, 3.30484688504e-08, 1.52718033775e-08, 2.51900065251e-08, 1.19367546958e-08, 1.58610493628e-08, 1.14885312374e-09, 1.15404874546e-09, 1.79487058549e-09, 1.44946044056e-09, 1.64416125159e-09, 9.21542120391e-10, 1.64055691254e-09, 3.9578371136e-10, 2.43170455994e-10, 9.40777011849e-10, 8.10938149964e-10, 1.14332522616e-10, 1.72640859941e-10, 1.21771551176e-10, 5.47860437572e-11, 3.82210547933e-11, 2.78444038659e-11, 2.15192256375e-11, 4.68800311071e-11, 4.20777128418e-11, 3.36104408194e-11, 1.96053624724e-11, 1.18207518426e-11], "max": [0.098349750042, 0.0906405076385, 0.0344030484557, 0.0196203608066, 0.00894084759057, 0.00591519894078, 0.00458751618862, 0.00519179692492, 0.00318579399027, 0.00312515255064, 0.00261050206609, 0.0023212954402, 0.00320735783316, 0.0033466485329, 0.00295656360686, 0.00143087503966, 0.00129660486709, 0.000370666879462, 0.000514801417012, 0.000394570553908, 0.000351755035808, 0.000288124167128, 0.000242740105023, 0.000433045555837, 0.000389823602745, 0.000309606315568, 0.000251514604315, 0.000233881990425, 0.000118797805044, 0.000153016138938, 0.000119837219245, 0.000102062935184, 6.42251034151e-05, 6.76394993206e-05, 5.25815048604e-05, 8.58251660247e-05, 6.99677548255e-05, 6.98656294844e-05, 3.72739923478e-05, 4.28293751611e-05], "mean": [0.0341011211276, 0.00932876393199, 0.00168271420989, 0.000757495581638, 0.000746883859392, 0.000680806988385, 0.00018455812824, 0.000122572659166, 0.000103696649603, 7.29106468498e-05, 7.73107967689e-05, 5.4415762861e-05, 5.55210644961e-05, 5.84153531236e-05, 6.08413283771e-05, 3.36286357197e-05, 2.48702308454e-05, 1.11226818262e-05, 1.83258780453e-05, 2.18766890612e-05, 1.57350004883e-05, 1.55999205163e-05, 1.37622173497e-05, 1.4343419025e-05, 1.33768944579e-05, 1.17491608762e-05, 1.20457871162e-05, 9.08873698791e-06, 7.58950818636e-06, 8.28334941616e-06, 8.67474773258e-06, 6.62721868139e-06, 6.42110080662e-06, 4.9138070608e-06, 3.86866850022e-06, 3.4904135191e-06, 3.13300347443e-06, 3.59810860573e-06, 3.34724154527e-06, 2.60197111857e-06], "median": [0.0392956621945, 0.00617325818166, 0.000435408903286, 0.000189633501577, 0.000513575272635, 0.000488915480673, 7.27657024981e-05, 3.88430671592e-05, 3.74213122996e-05, 3.08526286972e-05, 2.97970273095e-05, 1.83731681318e-05, 2.2527134206e-05, 3.89761116821e-05, 2.9560573239e-05, 1.35730915645e-05, 9.25872245716e-06, 5.42092493561e-06, 1.22039109556e-05, 1.54414519784e-05, 1.1286751942e-05, 1.11239660328e-05, 1.05879298644e-05, 9.474784747e-06, 9.47391708905e-06, 9.34314630285e-06, 7.85508927947e-06, 5.85751149629e-06, 6.05901868767e-06, 6.54490304441e-06, 7.24184837964e-06, 5.62283139516e-06, 5.93674258198e-06, 4.52744734503e-06, 3.38636186825e-06, 3.03817614622e-06, 2.6836237339e-06, 2.74630815511e-06, 2.58633963313e-06, 2.12669510802e-06], "min": [1.90047115472e-23, 1.49111782037e-23, 9.90895992771e-24, 1.30357450208e-23, 1.32181359729e-23, 7.61560953646e-24, 1.37431781256e-23, 1.82566978597e-23, 1.14768122994e-23, 6.56651288494e-24, 8.4481457257e-24, 1.05340256989e-23, 5.77926401698e-24, 7.29283526418e-24, 6.11797682942e-24, 1.00831506708e-23, 7.69394815752e-24, 1.18842849893e-23, 5.63293781324e-24, 1.20026725008e-23, 1.38082260182e-23, 9.41387082359e-24, 9.010127868e-24, 5.72064731299e-24, 6.37412745953e-24, 1.31122503291e-23, 1.35918588268e-23, 1.19401828842e-23, 1.02735501389e-23, 1.31793879141e-23, 9.33362473687e-24, 1.14718408979e-23, 1.32505281794e-23, 1.09699612792e-23, 1.00263739848e-23, 7.18275445802e-24, 9.62433260222e-24, 1.18887286428e-23, 1.18945780464e-23, 1.12690081931e-23], "var": [0.000858735933434, 0.000143932338688, 1.37099978019e-05, 2.28169733418e-06, 7.02335796632e-07, 4.67852117936e-07, 7.69056072158e-08, 8.01441615295e-08, 3.44251240847e-08, 1.96858387369e-08, 2.05001349229e-08, 1.23511991745e-08, 1.91053022291e-08, 1.00386827739e-08, 1.33879414221e-08, 5.13296560811e-09, 3.99859079181e-09, 3.89716398042e-10, 4.87678564198e-10, 6.54621412632e-10, 3.993753106e-10, 4.40497943677e-10, 2.60095667226e-10, 4.22309298642e-10, 2.49010173592e-10, 1.44520700962e-10, 2.72423722469e-10, 2.04970873607e-10, 6.22149207152e-11, 7.5127182253e-11, 7.06150415919e-11, 3.83651860281e-11, 3.07761906237e-11, 2.08271316859e-11, 1.418351981e-11, 1.61487385963e-11, 1.40609034832e-11, 1.67426558728e-11, 1.29413554525e-11, 7.51800705023e-12]}, "mfcc": {"mean": [-621.612854004, 93.4504776001, 22.837518692, 34.270072937, 13.3585929871, 15.44120121, 9.95324897766, 9.65932941437, 3.24218201637, -1.0596036911, 2.66820597649, 6.02350282669, 8.27486419678], "cov": [[7190.25439453, -334.902679443, 821.786743164, -5.35811519623, -16.9103679657, -119.846862793, -57.2453727722, -152.014312744, -73.3163070679, -88.9215164185, -13.3009204865, -49.5685310364, -71.4271392822], [-334.902679443, 1026.77233887, -216.454833984, -54.8768806458, -81.2164230347, -82.9906692505, -105.255836487, -59.6128196716, -79.9218063354, -56.2512207031, -75.166343689, -67.3001022339, -92.5831985474], [821.786743164, -216.454833984, 715.526611328, 267.54675293, 245.426391602, 134.689743042, 107.864929199, 42.2684135437, 75.5972518921, 25.3674926758, 74.1303253174, 41.2391395569, 78.3512420654], [-5.35811519623, -54.8768806458, 267.54675293, 443.999084473, 292.994873047, 185.76373291, 149.903015137, 140.209472656, 136.491775513, 103.501464844, 85.4758758545, 85.9501266479, 76.5395507812], [-16.9103679657, -81.2164230347, 245.426391602, 292.994873047, 291.94128418, 167.197738647, 138.463531494, 120.923187256, 134.46862793, 92.1906585693, 91.8569107056, 91.4594116211, 85.5224380493], [-119.846862793, -82.9906692505, 134.689743042, 185.76373291, 167.197738647, 181.820953369, 134.737884521, 115.962478638, 109.986335754, 78.7667236328, 54.5412216187, 56.5006599426, 52.2228126526], [-57.2453727722, -105.255836487, 107.864929199, 149.903015137, 138.463531494, 134.737884521, 160.821716309, 128.45262146, 113.526901245, 86.2759857178, 63.6940345764, 62.4951896667, 51.1301345825], [-152.014312744, -59.6128196716, 42.2684135437, 140.209472656, 120.923187256, 115.962478638, 128.45262146, 155.420669556, 128.670928955, 99.1397018433, 70.7068405151, 70.6621398926, 47.7981872559], [-73.3163070679, -79.9218063354, 75.5972518921, 136.491775513, 134.46862793, 109.986335754, 113.526901245, 128.670928955, 156.649032593, 107.013336182, 84.9149398804, 87.7477722168, 67.7975692749], [-88.9215164185, -56.2512207031, 25.3674926758, 103.501464844, 92.1906585693, 78.7667236328, 86.2759857178, 99.1397018433, 107.013336182, 125.177154541, 92.8853378296, 76.0854797363, 46.0121879578], [-13.3009204865, -75.166343689, 74.1303253174, 85.4758758545, 91.8569107056, 54.5412216187, 63.6940345764, 70.7068405151, 84.9149398804, 92.8853378296, 132.267593384, 100.862083435, 70.8168487549], [-49.5685310364, -67.3001022339, 41.2391395569, 85.9501266479, 91.4594116211, 56.5006599426, 62.4951896667, 70.6621398926, 87.7477722168, 76.0854797363, 100.862083435, 127.744697571, 93.3640823364], [-71.4271392822, -92.5831985474, 78.3512420654, 76.5395507812, 85.5224380493, 52.2228126526, 51.1301345825, 47.7981872559, 67.7975692749, 46.0121879578, 70.8168487549, 93.3640823364, 120.868927002]], "icov": [[0.000183530035429, 3.43663050444e-05, -0.000310446077492, -1.95269853975e-06, 0.000137098686537, 0.000267952069407, -0.00011108268518, 0.000180509567144, -0.000136846283567, -4.81571441924e-05, 0.000138312025229, -0.000324417836964, 0.000364736362826], [3.43663050444e-05, 0.00116997992154, 0.000259820255451, -0.000240600013058, -0.000309267139528, 0.000126384751638, 0.000886810536031, -0.000376967189368, 0.000160902141943, 0.000105570048618, 0.00023507460719, -0.00029389350675, 0.000797422835603], [-0.000310446077492, 0.000259820255451, 0.0031621910166, -0.00081648863852, -0.00167099246755, -0.000636907992885, -0.00115678191651, 0.00201851991005, -0.000850901473314, 0.00227925856598, -0.00271905516274, 0.00283972732723, -0.00135942408815], [-1.95269853975e-06, -0.000240600013058, -0.00081648863852, 0.00746721075848, -0.00641419831663, -0.00120280100964, 0.00124891509768, -0.00290819676593, 0.00250781490467, -0.00238258438185, 0.00190682010725, -0.000780941452831, 0.000281485874439], [0.000137098686537, -0.000309267139528, -0.00167099246755, -0.00641419831663, 0.0162749961019, -0.00452938908711, -0.00158140866552, 0.0026147721801, -0.00479540741071, 0.00240125670098, -0.0023768490646, -0.00125124689657, -0.000799770816229], [0.000267952069407, 0.000126384751638, -0.000636907992885, -0.00120280100964, -0.00452938908711, 0.0201889760792, -0.00972367450595, -0.00138867192436, -0.00133975897916, -0.00174841936678, 0.00321080628783, 0.000849968753755, -0.000546559866052], [-0.00011108268518, 0.000886810536031, -0.00115678191651, 0.00124891509768, -0.00158140866552, -0.00972367450595, 0.0281132105738, -0.0156467147171, 0.00171050685458, -0.00218408578075, 0.000938229612075, 7.98397450126e-05, -0.00055151496781], [0.000180509567144, -0.000376967189368, 0.00201851991005, -0.00290819676593, 0.0026147721801, -0.00138867192436, -0.0156467147171, 0.0351410359144, -0.0160670969635, -0.00225031282753, -0.000937127450015, -0.000887003319804, 0.00292631820776], [-0.000136846283567, 0.000160902141943, -0.000850901473314, 0.00250781490467, -0.00479540741071, -0.00133975897916, 0.00171050685458, -0.0160670969635, 0.0317992456257, -0.0121139474213, 0.00401595467702, -0.0046130027622, -0.0034068794921], [-4.81571441924e-05, 0.000105570048618, 0.00227925856598, -0.00238258438185, 0.00240125670098, -0.00174841936678, -0.00218408578075, -0.00225031282753, -0.0121139474213, 0.0325004458427, -0.0167106240988, 0.001498755184, 0.00400960305706], [0.000138312025229, 0.00023507460719, -0.00271905516274, 0.00190682010725, -0.0023768490646, 0.00321080628783, 0.000938229612075, -0.000937127450015, 0.00401595467702, -0.0167106240988, 0.0300904791802, -0.0169053580612, 0.000622292689513], [-0.000324417836964, -0.00029389350675, 0.00283972732723, -0.000780941452831, -0.00125124689657, 0.000849968753755, 7.98397450126e-05, -0.000887003319804, -0.0046130027622, 0.001498755184, -0.0169053580612, 0.0360923446715, -0.0168854277581], [0.000364736362826, 0.000797422835603, -0.00135942408815, 0.000281485874439, -0.000799770816229, -0.000546559866052, -0.00055151496781, 0.00292631820776, -0.0034068794921, 0.00400960305706, 0.000622292689513, -0.0168854277581, 0.0227438639849]]}, "spectral_contrast_coeffs": {"dmean": [0.0496264398098, 0.046699360013, 0.0326424576342, 0.0268811825663, 0.0187407080084, 0.01511565689], "dmean2": [0.0808914080262, 0.0766635611653, 0.0555484481156, 0.0449796505272, 0.0313166342676, 0.0246960092336], "dvar": [0.00188354961574, 0.00150460144505, 0.00068985123653, 0.000492990540806, 0.00025269787875, 0.00020088875317], "dvar2": [0.00476675014943, 0.00387576036155, 0.00194987165742, 0.00129782792646, 0.000673866597936, 0.000524757080711], "max": [-0.200564920902, -0.406423330307, -0.564094185829, -0.573293685913, -0.62057030201, -0.63738656044], "mean": [-0.643114566803, -0.708775758743, -0.818826258183, -0.805012583733, -0.810073137283, -0.766126513481], "median": [-0.652430057526, -0.704342365265, -0.822088778019, -0.809944331646, -0.812579631805, -0.768346190453], "min": [-0.962465941906, -0.974807560444, -0.962213695049, -0.965023577213, -0.965820193291, -0.961097657681], "var": [0.00845091696829, 0.00574926706031, 0.0019558982458, 0.00179649051279, 0.000901637249626, 0.000670210574754]}, "spectral_contrast_valleys": {"dmean": [0.45657941699, 0.414219975471, 0.371922075748, 0.313211709261, 0.249567702413, 0.240377351642], "dmean2": [0.72797113657, 0.683314919472, 0.617835342884, 0.511959075928, 0.402398198843, 0.370802730322], "dvar": [0.232844620943, 0.215259939432, 0.209250077605, 0.187370344996, 0.136687934399, 0.172086179256], "dvar2": [0.469996154308, 0.453082114458, 0.45314013958, 0.414728343487, 0.286557585001, 0.322772324085], "max": [-4.57140016556, -4.87591743469, -4.94302225113, -5.29755210876, -5.30805492401, -7.40023899078], "mean": [-7.0