{"lowlevel": {"average_loudness": 0.977372765541, "barkbands_crest": {"dmean": 1.55911672115, "dmean2": 2.34588479996, "dvar": 2.46062707901, "dvar2": 6.44614648819, "max": 21.1256408691, "mean": 9.64973068237, "median": 9.1503238678, "min": 3.37147498131, "var": 7.39827013016}, "barkbands_flatness_db": {"dmean": 0.0351389497519, "dmean2": 0.0441821590066, "dvar": 0.00145244342275, "dvar2": 0.00272562704049, "max": 0.509373545647, "mean": 0.287098884583, "median": 0.293109595776, "min": 0.0584780760109, "var": 0.0058035752736}, "barkbands_kurtosis": {"dmean": 2.29272127151, "dmean2": 3.50018191338, "dvar": 16.5088272095, "dvar2": 39.3635864258, "max": 53.9825248718, "mean": 2.92071413994, "median": 1.22267484665, "min": -1.45974671841, "var": 24.5952262878}, "barkbands_skewness": {"dmean": 0.440401822329, "dmean2": 0.623158872128, "dvar": 0.327013760805, "dvar2": 0.701434254646, "max": 5.801404953, "mean": 0.865733385086, "median": 0.668511092663, "min": -2.42248415947, "var": 0.814452648163}, "barkbands_spread": {"dmean": 1.49356305599, "dmean2": 2.2261030674, "dvar": 9.34952831268, "dvar2": 23.2773075104, "max": 60.3091964722, "mean": 6.14769697189, "median": 5.36669015884, "min": 1.31557571888, "var": 14.144452095}, "dissonance": {"dmean": 0.0485380366445, "dmean2": 0.0799016132951, "dvar": 0.00172402895987, "dvar2": 0.00445091491565, "max": 0.499999910593, "mean": 0.327548503876, "median": 0.336041122675, "min": 0.094976015389, "var": 0.00665165763348}, "dynamic_complexity": 1.99547374249, "erbbands_crest": {"dmean": 2.02736258507, "dmean2": 2.76246833801, "dvar": 4.98759078979, "dvar2": 10.1065626144, "max": 30.1506137848, "mean": 13.0668582916, "median": 11.9861955643, "min": 2.38950610161, "var": 24.0674991608}, "erbbands_flatness_db": {"dmean": 0.0379850901663, "dmean2": 0.0457381308079, "dvar": 0.00170829612762, "dvar2": 0.0029840322677, "max": 0.519035279751, "mean": 0.309260159731, "median": 0.317187637091, "min": 0.0598137490451, "var": 0.00736974505708}, "erbbands_kurtosis": {"dmean": 1.46913969517, "dmean2": 2.22653150558, "dvar": 4.13478040695, "dvar2": 10.6947660446, "max": 21.2648868561, "mean": 2.5308008194, "median": 1.71266222, "min": -1.56365776062, "var": 8.38353252411}, "erbbands_skewness": {"dmean": 0.34748712182, "dmean2": 0.505171954632, "dvar": 0.16877129674, "dvar2": 0.388160765171, "max": 4.11831951141, "mean": 0.674971342087, "median": 0.559384584427, "min": -1.79458975792, "var": 0.504644930363}, "erbbands_spread": {"dmean": 3.46158337593, "dmean2": 5.22828197479, "dvar": 58.8360023499, "dvar2": 144.749191284, "max": 95.9139938354, "mean": 10.8708639145, "median": 8.69274902344, "min": 2.29283094406, "var": 70.3402786255}, "hfc": {"dmean": 4.78918743134, "dmean2": 7.66385602951, "dvar": 85.2280654907, "dvar2": 235.793182373, "max": 106.62688446, "mean": 18.3717842102, "median": 17.5924682617, "min": 1.12641432411e-16, "var": 92.8004837036}, "melbands_crest": {"dmean": 2.05018353462, "dmean2": 3.14883899689, "dvar": 4.46817398071, "dvar2": 11.4224185944, "max": 27.5359134674, "mean": 11.5767669678, "median": 10.7546243668, "min": 1.50830411911, "var": 13.800201416}, "melbands_flatness_db": {"dmean": 0.0382316112518, "dmean2": 0.0501928366721, "dvar": 0.00190110283438, "dvar2": 0.00382981239818, "max": 0.631049990654, "mean": 0.391795605421, "median": 0.39891192317, "min": 0.00434136902913, "var": 0.00699708471075}, "melbands_kurtosis": {"dmean": 2.44784259796, "dmean2": 3.77216172218, "dvar": 29.7902450562, "dvar2": 72.2608947754, "max": 75.8193817139, "mean": 3.168186903, "median": 1.05565071106, "min": -1.52187108994, "var": 49.8877716064}, "melbands_skewness": {"dmean": 0.398797124624, "dmean2": 0.572558701038, "dvar": 0.317497253418, "dvar2": 0.731033563614, "max": 7.18460607529, "mean": 0.95580303669, "median": 0.758931100368, "min": -1.03188061714, "var": 0.840567409992}, "melbands_spread": {"dmean": 1.43505752087, "dmean2": 2.02589821815, "dvar": 10.0590114594, "dvar2": 17.2950439453, "max": 162.072906494, "mean": 8.8092956543, "median": 8.25377559662, "min": 1.55364990234, "var": 30.4669303894}, "pitch_salience": {"dmean": 0.0544935464859, "dmean2": 0.0811956897378, "dvar": 0.00323090073653, "dvar2": 0.00814193673432, "max": 0.93114900589, "mean": 0.588184893131, "median": 0.591447174549, "min": 0.18583124876, "var": 0.0112451091409}, "silence_rate_20dB": {"dmean": 0, "dmean2": 0, "dvar": 0, "dvar2": 0, "max": 1, "mean": 1, "median": 1, "min": 1, "var": 0}, "silence_rate_30dB": {"dmean": 0.000745156488847, "dmean2": 0.00149059062824, "dvar": 0.000744606018998, "dvar2": 0.0022336828988, "max": 1, "mean": 0.99962747097, "median": 1, "min": 0, "var": 0.000372357288143}, "silence_rate_60dB": {"dmean": 0.000372578244423, "dmean2": 0.000745295314118, "dvar": 0.000372419832274, "dvar2": 0.000744772260077, "max": 1, "mean": 0.0374371409416, "median": 0, "min": 0, "var": 0.0360358469188}, "spectral_centroid": {"dmean": 46.3868713379, "dmean2": 72.2247390747, "dvar": 36174.671875, "dvar2": 46846.3164062, "max": 10921.5859375, "mean": 514.393310547, "median": 495.609863281, "min": 255.078933716, "var": 62126.296875}, "spectral_complexity": {"dmean": 1.3595379591, "dmean2": 2.26197123528, "dvar": 2.5115506649, "dvar2": 6.54736042023, "max": 33, "mean": 11.1285152435, "median": 11, "min": 0, "var": 9.62586116791}, "spectral_decrease": {"dmean": 2.39622033327e-09, "dmean2": 3.76510644884e-09, "dvar": 1.32819811931e-17, "dvar2": 3.48039187495e-17, "max": 3.00043289766e-17, "mean": -1.06955901913e-08, "median": -1.03698454268e-08, "min": -3.72143773575e-08, "var": 2.27042483126e-17}, "spectral_energy": {"dmean": 0.00942344032228, "dmean2": 0.0148053783923, "dvar": 0.000205703894608, "dvar2": 0.000539806729648, "max": 0.144252374768, "mean": 0.0420339666307, "median": 0.0406995974481, "min": 1.03512113619e-20, "var": 0.00034779359703}, "spectral_energyband_high": {"dmean": 0.000173641514266, "dmean2": 0.000313525350066, "dvar": 4.93803213431e-07, "dvar2": 1.38290795348e-06, "max": 0.0088841477409, "mean": 0.000118567346362, "median": 1.79355401997e-06, "min": 7.51684387345e-21, "var": 3.06414023044e-07}, "spectral_energyband_low": {"dmean": 0.00429714657366, "dmean2": 0.00667164055631, "dvar": 6.0573569499e-05, "dvar2": 0.000151459782501, "max": 0.0907333791256, "mean": 0.00828126445413, "median": 0.00500069232658, "min": 5.30933618364e-23, "var": 9.42643382587e-05}, "spectral_energyband_middle_high": {"dmean": 0.000704473233782, "dmean2": 0.00102457636967, "dvar": 1.09531822545e-06, "dvar2": 2.49122899731e-06, "max": 0.0185394901782, "mean": 0.00232863402925, "median": 0.00186246889643, "min": 1.46108954602e-21, "var": 3.23929543811e-06}, "spectral_energyband_middle_low": {"dmean": 0.0079389680177, "dmean2": 0.0128778312355, "dvar": 0.000182633899385, "dvar2": 0.000520274683367, "max": 0.132428273559, "mean": 0.0325174815953, "median": 0.0315665975213, "min": 2.18546227131e-22, "var": 0.000227785931202}, "spectral_entropy": {"dmean": 0.303399384022, "dmean2": 0.413114130497, "dvar": 0.154631584883, "dvar2": 0.317736655474, "max": 9.80527305603, "mean": 5.90214729309, "median": 5.76119709015, "min": 4.16879224777, "var": 0.384926497936}, "spectral_flux": {"dmean": 0.0285992398858, "dmean2": 0.0403604470193, "dvar": 0.00132175348699, "dvar2": 0.00226863101125, "max": 0.333754301071, "mean": 0.0705090463161, "median": 0.0534512624145, "min": 1.04452557714e-10, "var": 0.0029948297888}, "spectral_kurtosis": {"dmean": 31.5958042145, "dmean2": 48.8643264771, "dvar": 1170.09082031, "dvar2": 2789.81958008, "max": 459.159698486, "mean": 68.4615936279, "median": 54.338394165, "min": -1.21692848206, "var": 3720.57861328}, "spectral_rms": {"dmean": 0.000678386772051, "dmean2": 0.00104546360672, "dvar": 8.93716446626e-07, "dvar2": 2.28959424931e-06, "max": 0.011863136664, "mean": 0.00618289876729, "median": 0.00630134297535, "min": 3.17785186187e-12, "var": 2.78057996184e-06}, "spectral_rolloff": {"dmean": 64.9157409668, "dmean2": 111.324584961, "dvar": 143963.359375, "dvar2": 240036.984375, "max": 19616.7480469, "mean": 671.781311035, "median": 645.99609375, "min": 193.798828125, "var": 408961.21875}, "spectral_skewness": {"dmean": 1.59980750084, "dmean2": 2.47387218475, "dvar": 2.15336441994, "dvar2": 5.33728027344, "max": 16.5556812286, "mean": 5.68852710724, "median": 5.41171979904, "min": 0.00397230824456, "var": 6.93070411682}, "spectral_spread": {"dmean": 870076, "dmean2": 1205695.75, "dvar": 1779992363010.0, "dvar2": 2886422495230.0, "max": 40980076, "mean": 1904017.125, "median": 1189713.875, "min": 210205.578125, "var": 3494346752000.0}, "spectral_strongpeak": {"dmean": 0.49574136734, "dmean2": 0.831720948219, "dvar": 0.386194616556, "dvar2": 0.886726558208, "max": 8.11784076691, "mean": 1.53666234016, "median": 1.52160966396, "min": 0, "var": 0.964413046837}, "zerocrossingrate": {"dmean": 0.00376735185273, "dmean2": 0.00494722509757, "dvar": 9.52462651185e-05, "dvar2": 0.000108000793261, "max": 0.638671875, "mean": 0.0262061245739, "median": 0.02392578125, "min": 0.0087890625, "var": 0.000472699932288}, "barkbands": {"dmean": [6.38648416498e-05, 0.0020708872471, 0.00258185947314, 0.00242295395583, 0.00344051257707, 0.00160462129861, 0.00176721124444, 0.000632657378446, 0.00203279405832, 0.000116232644359, 0.000350842630723, 0.000318811333273, 0.000114633054181, 3.41283812304e-05, 2.72964571195e-05, 1.51135445776e-05, 2.21177560888e-05, 1.49271108967e-05, 1.50037622006e-05, 1.62968917721e-05, 1.38016248457e-05, 3.27541129082e-05, 2.13594703382e-05, 3.83483602491e-05, 1.84657637874e-05, 3.74667506549e-05, 7.55641804062e-06], "dmean2": [8.70428193593e-05, 0.00283159827814, 0.00452683540061, 0.00426989234984, 0.00609347736463, 0.00239930534735, 0.00210323370993, 0.000953025184572, 0.00276505714282, 0.000202646580874, 0.000496481370647, 0.000453142565675, 0.000170270664967, 5.20556495758e-05, 4.42974669568e-05, 2.42691185122e-05, 3.53105897375e-05, 2.55891427514e-05, 2.61867298832e-05, 2.96728994726e-05, 2.52019199252e-05, 5.94222838117e-05, 3.95756214857e-05, 7.06603459548e-05, 3.32886738761e-05, 6.78532305756e-05, 1.37133019962e-05], "dvar": [1.05887982826e-08, 1.21042749015e-05, 3.87800682802e-05, 2.37050608121e-05, 7.45960278437e-05, 4.8086053539e-06, 6.50680522085e-06, 7.91718889559e-07, 8.03056718723e-06, 7.31169436108e-08, 4.53303783843e-07, 2.5867402087e-07, 9.86871100395e-08, 2.82035350629e-09, 2.79697109917e-09, 1.02312025518e-09, 1.81247827857e-09, 1.63069047154e-09, 1.74206504777e-09, 5.9828932919e-09, 3.19130366577e-09, 1.95486986598e-08, 8.47819592309e-09, 3.47874724582e-08, 3.92546883887e-09, 3.0257027106e-08, 4.68491023753e-10], "dvar2": [2.09947028651e-08, 2.18184923142e-05, 0.00010851767729, 6.2921353674e-05, 0.000218492816202, 1.10439987111e-05, 1.17738618428e-05, 1.95438997252e-06, 1.65097444551e-05, 2.04865500564e-07, 8.96070162071e-07, 5.44862473362e-07, 2.04009879212e-07, 6.24176843544e-09, 7.33682492537e-09, 2.71006350694e-09, 4.5162380502e-09, 4.45947190286e-09, 4.8215729187e-09, 1.71019003403e-08, 9.0788763174e-09, 5.46474652197e-08, 2.45057769632e-08, 9.88677442137e-08, 1.0890627955e-08, 8.48497450079e-08, 1.28654142895e-09], "max": [0.000989030697383, 0.0324658602476, 0.0758450254798, 0.0458537600935, 0.092517837882, 0.0383254177868, 0.0441989786923, 0.0184234511107, 0.0379475168884, 0.00317136151716, 0.015970794484, 0.00913998857141, 0.00621565058827, 0.00124005542602, 0.000874510849826, 0.000464305630885, 0.000728282146156, 0.00101178442128, 0.00139662565198, 0.00210985657759, 0.000847471470479, 0.00178361509461, 0.00149247993249, 0.00272333994508, 0.000782706018072, 0.0025268997997, 0.000242941139732], "mean": [7.45104553062e-05, 0.00332047999837, 0.00368523411453, 0.0028851814568, 0.00745239015669, 0.0055974801071, 0.00715082883835, 0.00222027325071, 0.00707545829937, 0.000174197382876, 0.00100267259404, 0.00077852816321, 0.000296625919873, 5.84740955674e-05, 3.77488140657e-05, 2.03191193577e-05, 3.91465655412e-05, 1.94053827727e-05, 1.46495967783e-05, 1.83180400199e-05, 1.08964450192e-05, 2.27852942771e-05, 1.45326439451e-05, 2.3964619686e-05, 1.18984080473e-05, 2.33275077335e-05, 4.7053858907e-06], "median": [9.70264045463e-06, 0.000749430852011, 0.00195131835062, 0.00115441612434, 0.00564926257357, 0.00447388412431, 0.00523676816374, 0.00186469848268, 0.00548293022439, 0.000103457459772, 0.000575515907258, 0.000469274324132, 9.94411893771e-05, 3.70086308976e-05, 2.11108381336e-05, 1.12007546704e-05, 1.90968621609e-05, 7.70070982981e-06, 2.92800768875e-06, 9.00814200122e-07, 4.04387407116e-07, 2.34637056451e-07, 2.28304017469e-07, 1.10122797992e-07, 9.7405504107e-08, 9.06923105504e-08, 3.63164041062e-08], "min": [1.54565303692e-23, 3.20277559074e-23, 6.58717591306e-24, 7.32261555221e-24, 1.22611419875e-23, 3.80823864173e-23, 3.91910452226e-23, 3.18930026876e-23, 3.67711197325e-23, 3.38624002484e-23, 1.1858572857e-23, 1.86975007117e-23, 6.82996781482e-23, 8.34098165385e-23, 1.6828014909e-22, 4.57550968615e-23, 2.02332245142e-22, 1.79641248116e-22, 2.60815590621e-22, 4.00780946981e-22, 2.99369255165e-22, 4.71151050528e-22, 4.97074408269e-22, 7.5595058751e-22, 1.16348587516e-21, 1.71026760813e-21, 2.22483352392e-21], "var": [1.84575412732e-08, 3.00104729831e-05, 3.47794994013e-05, 2.3643791792e-05, 5.96380377829e-05, 2.30839559663e-05, 4.29579449701e-05, 2.95830682262e-06, 3.27067100443e-05, 6.12596124938e-08, 1.63194249581e-06, 8.41549422148e-07, 3.89277346358e-07, 5.00416641458e-09, 3.0469877732e-09, 9.59258561473e-10, 3.4508154112e-09, 2.29220864512e-09, 2.05059769165e-09, 9.42852196317e-09, 2.27473284653e-09, 1.2532575866e-08, 4.97510033171e-09, 2.03740828653e-08, 2.44081421741e-09, 1.83106614315e-08, 2.95567043063e-10]}, "erbbands": {"dmean": [0.0537530742586, 0.542378544807, 2.46329069138, 5.36521911621, 10.3134355545, 13.7411527634, 8.18140220642, 16.1647777557, 9.07005310059, 44.2377853394, 21.0068206787, 35.9785614014, 24.586807251, 6.58230543137, 11.4693613052, 10.4603862762, 7.38950777054, 1.94236409664, 0.932486474514, 1.41712403297, 0.801754713058, 1.30030691624, 0.759549617767, 0.904982745647, 0.732397794724, 0.698815584183, 0.666287124157, 0.551219820976, 1.25476801395, 0.949316084385, 0.533011615276, 1.10744357109, 0.357247233391, 0.145274266601, 0.174417957664, 0.189492553473, 0.0606793388724, 0.00781670492142, 0.00136180815753, 7.94480729382e-05], "dmean2": [0.0646784976125, 0.759179830551, 4.15799856186, 9.31307315826, 18.8054580688, 22.8626041412, 14.0425863266, 23.5357322693, 13.6097822189, 51.8062400818, 29.4639701843, 49.9454650879, 32.5637588501, 9.35051631927, 16.6319923401, 14.8758869171, 10.5040082932, 2.95656299591, 1.51349174976, 2.23842096329, 1.29110825062, 2.07075977325, 1.25410449505, 1.54552435875, 1.29984509945, 1.25808846951, 1.24046480656, 0.996363937855, 2.28177642822, 1.71519601345, 0.979730367661, 2.04797148705, 0.650847733021, 0.262274593115, 0.314661681652, 0.342303484678, 0.110341623425, 0.0141010517254, 0.00246286625043, 0.000141499520396], "dvar": [0.00791936740279, 0.882960855961, 30.7752628326, 121.025802612, 625.878112793, 994.999328613, 205.578613281, 532.680603027, 216.308746338, 4055.29663086, 925.432006836, 3706.51782227, 1638.04455566, 115.944229126, 451.662994385, 265.147369385, 280.617156982, 9.65640544891, 2.63580393791, 8.75708580017, 2.74628472328, 5.95561742783, 4.17629957199, 5.2144947052, 5.87744235992, 9.60189533234, 16.8418750763, 2.65107584, 29.9627342224, 15.3099107742, 4.90870571136, 32.4947319031, 2.30447745323, 0.207464247942, 0.391218155622, 0.785003781319, 0.0758270844817, 0.000672036781907, 1.45826043081e-05, 4.04162534551e-08], "dvar2": [0.0102846762165, 1.66013073921, 83.1408615112, 320.026580811, 1784.20214844, 2890.4621582, 584.344604492, 1149.18859863, 606.497375488, 6833.71435547, 1947.0201416, 7203.21826172, 3314.15576172, 246.573013306, 920.814331055, 557.150085449, 565.220458984, 21.6531429291, 6.84199523926, 21.3819103241, 7.23527145386, 15.1359539032, 11.1075410843, 13.5123815536, 16.2374153137, 26.8776454926, 48.9719467163, 7.29221105576, 84.095489502, 42.8482055664, 14.0421295166, 92.872215271, 6.51206684113, 0.571835279465, 1.09066975117, 2.19413042068, 0.213301822543, 0.00186201103497, 3.9810918679e-05, 1.10330070413e-07], "max": [0.958118736744, 8.60206127167, 63.8669967651, 105.344573975, 211.860183716, 396.909698486, 207.750198364, 443.942871094, 218.921218872, 1148.21594238, 583.131652832, 1081.7923584, 590.535888672, 198.109909058, 508.178131104, 274.014648438, 320.525360107, 70.9426498413, 23.1145706177, 61.0795326233, 24.0303192139, 43.967250824, 37.2789611816, 86.1383972168, 51.8155822754, 98.2222671509, 64.7040863037, 33.2395172119, 70.4431991577, 59.3934326172, 34.1662445068, 82.6412582397, 20.8415336609, 5.53878831863, 7.92689466476, 12.6653108597, 4.01365709305, 0.410410612822, 0.0385459177196, 0.00224464200437], "mean": [0.0949110984802, 0.786863923073, 3.40327095985, 7.45008325577, 13.1854047775, 36.5788536072, 21.4241485596, 56.6096000671, 35.6995315552, 182.646072388, 73.7213363647, 118.459526062, 72.7713165283, 18.417924881, 33.6145439148, 27.0821914673, 20.0881519318, 3.89755129814, 1.45012128353, 2.03566074371, 1.17248380184, 2.28864049911, 1.16193699837, 1.13067531586, 0.727041900158, 0.819950282574, 0.49287328124, 0.448211401701, 0.866729795933, 0.673550486565, 0.364290356636, 0.682690322399, 0.227721109986, 0.0956327915192, 0.110687941313, 0.118978515267, 0.037549585104, 0.00492669548839, 0.000873083772603, 9.10812013899e-05], "median": [0.0175138413906, 0.234185948968, 1.87500941753, 4.28605794907, 7.74855184555, 28.781293869, 16.7786102295, 41.4849891663, 33.1252250671, 132.291412354, 55.4367637634, 77.6827926636, 50.9706954956, 13.3383998871, 20.9111728668, 17.0195083618, 8.15022468567, 2.67803955078, 0.875050067902, 1.10191309452, 0.657971680164, 1.19414877892, 0.455534994602, 0.401909202337, 0.0933452472091, 0.038138050586, 0.020569358021, 0.0137472478673, 0.00965030118823, 0.00643180543557, 0.006476550363, 0.00235638208687, 0.00170366128441, 0.00122931913938, 0.000671071116813, 0.000422558339778, 0.000178610542207, 3.41215163644e-05, 2.71012286248e-05, 4.86246208311e-05], "min": [1.3963919456e-21, 4.95318699243e-21, 8.78244071197e-21, 1.94239310766e-20, 5.23120102306e-20, 3.13998019019e-20, 6.67963337285e-20, 3.28286581824e-19, 5.71643945218e-19, 5.97735082894e-19, 7.06793728479e-19, 8.45283253464e-19, 1.26565613057e-18, 5.77463264225e-19, 7.04209150956e-19, 9.04672339903e-19, 3.43722413119e-18, 2.81570915665e-18, 6.75082074316e-18, 5.95467966951e-18, 4.08229390086e-18, 1.15575652148e-17, 1.11573214677e-17, 1.32982104767e-17, 1.2842501788e-17, 1.69465120751e-17, 1.65869333541e-17, 1.25569888191e-17, 1.66001947137e-17, 1.41828255479e-17, 1.39461311244e-17, 1.72226415072e-17, 1.30100381221e-17, 1.19339084052e-17, 8.32957228361e-18, 5.25165928049e-18, 3.2599305814e-18, 1.34514198358e-18, 3.13405809399e-19, 2.85597289675e-20], "var": [0.0269714798778, 1.7200524807, 28.6337242126, 112.446792603, 418.510437012, 1188.22094727, 329.962982178, 2742.0690918, 467.173950195, 28213.3222656, 4182.92578125, 16561.7226562, 5578.42675781, 292.422668457, 1561.55554199, 911.963989258, 1182.01745605, 17.5009460449, 3.19584512711, 10.6995677948, 2.71423745155, 10.091137886, 5.49715662003, 10.8456678391, 7.32042741776, 19.7244548798, 9.73351478577, 2.634070158, 19.0510902405, 9.94078445435, 2.93550467491, 18.7719669342, 1.3710654974, 0.13166244328, 0.239990353584, 0.479412555695, 0.0454690270126, 0.00041793694254, 9.33352748689e-06, 2.66828887874e-08]}, "gfcc": {"mean": [-90.9803848267, 195.591049194, -96.2537002563, -36.9305114746, -54.5638504028, -14.9579849243, -25.7016201019, 1.52227783203, -16.1572570801, -11.0895442963, -7.87795305252, -1.42596292496, -13.2352571487], "cov": [[12163.1621094, -2254.92211914, 1732.61657715, 2022.54150391, -492.793670654, 1192.61523438, -217.40057373, 403.685668945, -303.598846436, 184.975387573, -412.85748291, 195.876602173, -522.167785645], [-2254.92211914, 2873.60498047, -494.323120117, -878.780456543, 714.472412109, -485.020721436, 274.234100342, -113.759315491, 259.107788086, -236.711105347, 356.326965332, -77.9412918091, 273.757171631], [1732.61657715, -494.323120117, 1026.57971191, 383.733398438, 25.7150745392, 407.044799805, -74.0431900024, 147.005218506, -75.681137085, 50.4987411499, -170.835952759, 87.2464752197, -111.205207825], [2022.54150391, -878.780456543, 383.733398438, 782.212646484, -161.000488281, 308.7890625, -43.043510437, 106.512794495, -71.3488998413, 81.1417922974, -120.003677368, 18.3303432465, -133.374847412], [-492.793670654, 714.472412109, 25.7150745392, -161.000488281, 381.999359131, -40.7217826843, 74.9920349121, 23.2092704773, 61.0866546631, -48.1865539551, 65.6820373535, -3.31402206421, 43.4008827209], [1192.61523438, -485.020721436, 407.044799805, 308.7890625, -40.7217826843, 333.334625244, -15.395778656, 98.4221420288, -22.3249034882, 60.6893386841, -86.1862564087, 52.1018600464, -91.8252334595], [-217.40057373, 274.234100342, -74.0431900024, -43.043510437, 74.9920349121, -15.395778656, 126.74369812, 19.171043396, 60.4855384827, -5.83653020859, 60.3643188477, 5.26317501068, 40.0510444641], [403.685668945, -113.759315491, 147.005218506, 106.512794495, 23.2092704773, 98.4221420288, 19.171043396, 116.225082397, 23.5462207794, 23.5402755737, -6.45627737045, 36.0831947327, -26.034154892], [-303.598846436, 259.107788086, -75.681137085, -71.3488998413, 61.0866546631, -22.3249034882, 60.4855384827, 23.5462207794, 126.567764282, 18.879152298, 58.64427948, -3.07086730003, 47.0079345703], [184.975387573, -236.711105347, 50.4987411499, 81.1417922974, -48.1865539551, 60.6893386841, -5.83653020859, 23.5402755737, 18.879152298, 86.9194488525, -7.55838108063, 9.13212871552, -6.30657148361], [-412.85748291, 356.326965332, -170.835952759, -120.003677368, 65.6820373535, -86.1862564087, 60.3643188477, -6.45627737045, 58.64427948, -7.55838108063, 130.883621216, 16.5971488953, 43.8064880371], [195.876602173, -77.9412918091, 87.2464752197, 18.3303432465, -3.31402206421, 52.1018600464, 5.26317501068, 36.0831947327, -3.07086730003, 9.13212871552, 16.5971488953, 83.7345352173, 3.65719056129], [-522.167785645, 273.757171631, -111.205207825, -133.374847412, 43.4008827209, -91.8252334595, 40.0510444641, -26.034154892, 47.0079345703, -6.30657148361, 43.8064880371, 3.65719056129, 127.520774841]], "icov": [[0.000193351792404, -0.000221755894017, -1.58764669322e-05, -0.000397416937631, 0.000311725481879, -0.000303204666125, 0.000176577246748, -0.000193484840565, 0.000260121159954, -0.00017430956359, 0.000209549863939, -0.000305849913275, 0.000251174089499], [-0.000221755894017, 0.00259168236516, -0.000790155550931, 0.00118353404105, -0.00264216633514, 0.00102045747917, -0.00125748722348, 0.00141325953882, -0.00214635278098, 0.00401792814955, -0.00370427779853, 0.00250494643115, -0.00141485221684], [-1.58764669322e-05, -0.000790155550931, 0.0027685877867, -0.000326479377691, -0.000135697759106, -0.00241716019809, 0.00129793258384, -0.00130145240109, 0.00110459479038, -0.00115524441935, 0.0029419362545, -0.00194670376368, -8.26661125757e-05], [-0.000397416937631, 0.00118353404105, -0.000326479377691, 0.00352864200249, -0.00063350063283, -0.000733745924663, -0.00113047962077, -0.000428578496212, -3.05459834635e-05, 0.000756178167649, -0.00148539186921, 0.00251108105294, -0.000320457183989], [0.000311725481879, -0.00264216633514, -0.000135697759106, -0.00063350063283, 0.00673280190676, -0.00119020859711, 8.57588092913e-05, -0.00252769538201, 0.00159821705893, -0.00192004512064, 0.00201353081502, -0.000998001080006, 0.00112896261271], [-0.000303204666125, 0.00102045747917, -0.00241716019809, -0.000733745924663, -0.00119020859711, 0.0108625972643, -0.00294573418796, -0.000231642494327, -0.002576158382, -0.00164361170027, 0.00189056969248, -0.00260779540986, 0.00309104681946], [0.000176577246748, -0.00125748722348, 0.00129793258384, -0.00113047962077, 8.57588092913e-05, -0.00294573418796, 0.0139265051112, -0.00254070106894, -0.00174898514524, 0.000262739195023, -0.00233459612355, -0.000166326150065, -0.00220646802336], [-0.000193484840565, 0.00141325953882, -0.00130145240109, -0.000428578496212, -0.00252769538201, -0.000231642494327, -0.00254070106894, 0.0162345953286, -0.00550393527374, 0.00124961684924, -0.00110444042366, -0.00377961038612, 0.00197495473549], [0.000260121159954, -0.00214635278098, 0.00110459479038, -3.05459834635e-05, 0.00159821705893, -0.002576158382, -0.00174898514524, -0.00550393527374, 0.0168495122343, -0.00713607482612, -0.00126357434783, 0.00215584808029, -0.00256106932648], [-0.00017430956359, 0.00401792814955, -0.00115524441935, 0.000756178167649, -0.00192004512064, -0.00164361170027, 0.000262739195023, 0.00124961684924, -0.00713607482612, 0.0227218810469, -0.0072667542845, 0.00444369204342, -0.0037901615724], [0.000209549863939, -0.00370427779853, 0.0029419362545, -0.00148539186921, 0.00201353081502, 0.00189056969248, -0.00233459612355, -0.00110444042366, -0.00126357434783, -0.0072667542845, 0.0224162060767, -0.0110121322796, 0.00372777087614], [-0.000305849913275, 0.00250494643115, -0.00194670376368, 0.00251108105294, -0.000998001080006, -0.00260779540986, -0.000166326150065, -0.00377961038612, 0.00215584808029, 0.00444369204342, -0.0110121322796, 0.0217024162412, -0.00537316221744], [0.000251174089499, -0.00141485221684, -8.26661125757e-05, -0.000320457183989, 0.00112896261271, 0.00309104681946, -0.00220646802336, 0.00197495473549, -0.00256106932648, -0.0037901615724, 0.00372777087614, -0.00537316221744, 0.0140683799982]]}, "melbands": {"dmean": [0.000504039926454, 0.00101186463144, 0.00106511253398, 0.000840434629936, 0.000345762935467, 0.000337497855071, 0.000186858189409, 0.000405472004786, 0.000232977123233, 0.000234956780332, 0.000122759796795, 2.24514078582e-05, 4.87473225803e-05, 2.72575634881e-05, 3.7816738768e-05, 6.72523174217e-06, 3.56941200153e-06, 1.30137050292e-06, 2.51119377026e-06, 1.28334727378e-06, 8.79457786596e-07, 1.48998810801e-06, 9.81304424386e-07, 6.1328398715e-07, 7.6116936043e-07, 5.93301479057e-07, 5.61628439755e-07, 4.44597759497e-07, 4.96471898259e-07, 2.8717187206e-07, 2.97662666071e-07, 6.77341517985e-07, 7.31631701001e-07, 5.16844579579e-07, 2.90664956992e-07, 3.84369030826e-07, 8.48496654271e-07, 2.30800054624e-07, 1.38587935794e-07, 1.10089153793e-07], "dmean2": [0.000666830223054, 0.00159709551372, 0.00182891031727, 0.00151374912821, 0.00057925254805, 0.000494691252243, 0.000259161868598, 0.000481746072182, 0.000323828717228, 0.000322727952152, 0.000161610383657, 3.20917461067e-05, 6.96240313118e-05, 4.05450919061e-05, 5.16510772286e-05, 1.0277986803e-05, 5.41659528608e-06, 2.12902068597e-06, 4.04767615692e-06, 2.03239687835e-06, 1.43884756199e-06, 2.3777804472e-06, 1.60774038704e-06, 1.0322221442e-06, 1.30035562051e-06, 1.06223239982e-06, 1.01801776964e-06, 8.04761782547e-07, 9.33120929858e-07, 5.15078056651e-07, 5.32934620878e-07, 1.24080713704e-06, 1.32392756313e-06, 9.50135074618e-07, 5.38735150712e-07, 7.07017989043e-07, 1.58691557317e-06, 4.26216416827e-07, 2.54057482607e-07, 1.96922428586e-07], "dvar": [7.18770309049e-07, 4.19046864408e-06, 4.30193540524e-06, 4.46014246336e-06, 4.33278188439e-07, 2.27245024575e-07, 7.22165367506e-08, 3.39691411e-07, 1.17669053168e-07, 1.329317314e-07, 4.12022700402e-08, 1.45243894689e-09, 9.51503231761e-09, 3.02442271227e-09, 3.69644070908e-09, 5.1157983405e-10, 3.07095460172e-11, 6.53424406596e-12, 2.46360171846e-11, 8.73671100743e-12, 3.74080280641e-12, 7.83069442623e-12, 7.2026820272e-12, 2.14682460177e-12, 3.79123772307e-12, 3.06177240679e-12, 5.36689442887e-12, 4.10036414544e-12, 1.25227554021e-11, 8.70812753503e-13, 7.02359665653e-13, 8.94390811412e-12, 1.00127883415e-11, 4.75366187386e-12, 1.33550180463e-12, 3.19875571343e-12, 2.12803212551e-11, 1.01295783827e-12, 2.29470576655e-13, 1.0279096503e-13], "dvar2": [1.11481733711e-06, 1.06219504232e-05, 1.1164004718e-05, 1.30128946694e-05, 1.24570033222e-06, 4.98656845593e-07, 1.81064493177e-07, 5.85340274029e-07, 2.39676467118e-07, 2.66031662477e-07, 8.25772517032e-08, 3.11028625077e-09, 1.85993300761e-08, 6.88652024294e-09, 6.96243951381e-09, 1.06464637106e-09, 6.67781871466e-11, 1.65388796408e-11, 6.54672219214e-11, 2.1583335813e-11, 9.96386480268e-12, 2.02871226762e-11, 1.79227240688e-11, 5.64109522982e-12, 9.8194785636e-12, 8.6219816009e-12, 1.52244970103e-11, 1.1427622737e-11, 3.66152663744e-11, 2.42842486571e-12, 1.88677220549e-12, 2.53937496031e-11, 2.77605594762e-11, 1.35902183604e-11, 3.85689483823e-12, 9.1091179738e-12, 6.14375286756e-11, 2.89325204419e-12, 6.43599919452e-13, 2.80743906855e-13], "max": [0.00878652837127, 0.0232474766672, 0.0180201008916, 0.0214012265205, 0.00959171261638, 0.00897127203643, 0.00431958399713, 0.0104307075962, 0.00594988279045, 0.00586825143546, 0.00297512835823, 0.000726020312868, 0.00236583710648, 0.00132640020456, 0.00124638550915, 0.000453412096249, 0.000122179277241, 4.40891599283e-05, 9.23675179365e-05, 5.51272532903e-05, 2.86209742626e-05, 5.63560715818e-05, 4.63830474473e-05, 3.21455045196e-05, 7.43696509744e-05, 4.17981682403e-05, 8.57808990986e-05, 5.5489330407e-05, 5.64019137528e-05, 1.35750360641e-05, 2.13224702748e-05, 3.71800670109e-05, 4.12264816987e-05, 3.5142624256e-05, 1.798242738e-05, 2.559024324e-05, 6.72285241308e-05, 1.36617209137e-05, 7.12652990842e-06, 4.28832254329e-06], "mean": [0.00089037080761, 0.00155705260113, 0.00151479465421, 0.00168670760468, 0.00101180654019, 0.00117917684838, 0.000815634906758, 0.00165800726973, 0.000700069067534, 0.00078798958566, 0.000347888824763, 5.46628943994e-05, 0.000144127523527, 5.64853580727e-05, 9.69847606029e-05, 1.62636497407e-05, 6.23685082246e-06, 1.80857728083e-06, 3.44719455825e-06, 1.69780366832e-06, 1.15390605515e-06, 2.44833086072e-06, 1.73447006091e-06, 7.33568242595e-07, 9.40820427786e-07, 5.08350694872e-07, 6.55513304082e-07, 4.87006445837e-07, 3.33788563012e-07, 2.31394849948e-07, 2.49549401588e-07, 4.55119561593e-07, 5.11131986514e-07, 3.57286182862e-07, 1.96626416482e-07, 2.46049154384e-07, 5.06837807279e-07, 1.45882310676e-07, 8.9700805006e-08, 7.30299589691e-08], "median": [0.00018486524641, 0.000890408584382, 0.000879789236933, 0.00126701698173, 0.000850779702887, 0.000886807043571, 0.000731157837436, 0.00121217709966, 0.000448513193987, 0.00057097437093, 0.000233372906223, 3.60391022696e-05, 8.03278890089e-05, 2.99904913845e-05, 4.66877354484e-05, 4.09524182032e-06, 3.91131789002e-06, 7.42471968351e-07, 1.82980181762e-06, 7.4757127777e-07, 5.59609532047e-07, 1.26629777242e-06, 6.20077344138e-07, 2.84389500393e-07, 3.27497190256e-07, 6.84622492031e-08, 3.26855591481e-08, 2.02877554756e-08, 1.3203728777e-08, 8.26685031541e-09, 7.16749548602e-09, 5.3125788213e-09, 3.91874799277e-09, 3.86840470767e-09, 4.38271374748e-09, 1.68738978346e-09, 1.31525212943e-09, 1.03798847295e-09, 1.05502173664e-09, 9.51263956495e-10], "min": [1.1641182513e-23, 5.20979755684e-24, 4.73922506637e-24, 2.82396564902e-24, 2.25243335939e-24, 8.54544777406e-24, 8.84381232335e-24, 6.67215477078e-24, 6.61256106256e-24, 4.66220660404e-24, 5.99724009016e-24, 2.23929113392e-24, 2.05024061798e-24, 2.58288048727e-24, 3.80367074266e-24, 7.08801384102e-24, 4.91952435385e-24, 8.71414962294e-24, 1.30103373887e-23, 3.66889543472e-24, 5.27654820563e-24, 1.20554086412e-23, 8.27574490803e-24, 8.35465781982e-24, 1.13720736593e-23, 9.41293760114e-24, 1.05930498495e-23, 1.1816933623e-23, 1.08299700229e-23, 5.00585019157e-24, 7.63965559458e-24, 8.9370990697e-24, 9.4662330439e-24, 6.85024643102e-24, 6.7122888582e-24, 1.05557343621e-23, 9.19060662134e-24, 7.39996099738e-24, 1.18262240378e-23, 9.43534677288e-24], "var": [2.16436683331e-06, 4.97289465784e-06, 4.22987204729e-06, 3.31885280502e-06, 6.65303616643e-07, 1.15301986625e-06, 2.70096506938e-07, 2.32190677707e-06, 5.29502017343e-07, 5.57379394195e-07, 1.43524189866e-07, 3.44527273377e-09, 3.54008058423e-08, 5.84960213601e-09, 1.68844014325e-08, 2.00744665335e-09, 5.66880327402e-11, 9.17953820595e-12, 2.69436695177e-11, 9.73776441426e-12, 3.64979791181e-12, 1.2470872425e-11, 1.61794345283e-11, 2.85635274114e-12, 8.03098386404e-12, 2.61538165257e-12, 1.16557683644e-11, 7.1049581149e-12, 6.85138664552e-12, 7.28181241434e-13, 8.66030446141e-13, 5.47331320891e-12, 6.5521880456e-12, 2.93848192306e-12, 7.86531701314e-13, 1.87498475947e-12, 1.1952526642e-11, 5.84671959285e-13, 1.3874764239e-13, 6.71115588232e-14]}, "mfcc": {"mean": [-745.435119629, 238.517807007, 14.8237724304, -8.64353847504, -13.8235635757, -18.9409885406, -8.77029037476, 6.48127126694, -7.22703027725, -8.19293785095, 2.38941335678, 3.64719891548, -1.49939906597], "cov": [[6585.45361328, -827.132385254, 560.514221191, 873.713134766, 230.749298096, 519.159729004, 189.103790283, 282.560882568, 61.3307113647, 96.8140106201, 61.1836929321, -15.4194440842, -5.73442792892], [-827.132385254, 3136.5234375, -342.148620605, -227.55418396, 320.555908203, -171.234542847, 136.165023804, 153.684295654, 2.2561340332, -118.387001038, 53.3152542114, 132.871246338, 4.80446386337], [560.514221191, -342.148620605, 559.995361328, 79.3631362915, 49.5554161072, 162.119827271, 24.8437175751, 81.0874938965, 70.5190811157, 35.0594291687, -6.74868965149, -6.16401004791, 6.16503763199], [873.713134766, -227.55418396, 79.3631362915, 424.597290039, 121.521087646, 122.425354004, 80.172454834, 58.0428466797, 37.7668838501, 50.1074485779, 13.2716426849, -12.373550415, -0.0525983981788], [230.749298096, 320.555908203, 49.5554161072, 121.521087646, 243.835510254, 82.0597839355, 64.0422058105, 69.6683120728, 40.2516937256, 19.9874153137, 10.6299419403, 5.13437795639, -6.23556137085], [519.159729004, -171.234542847, 162.119827271, 122.425354004, 82.0597839355, 178.250564575, 55.9810905457, 47.9613418579, 46.6401290894, 42.9993972778, 9.29117393494, 5.15015983582, 5.82723474503], [189.103790283, 136.165023804, 24.8437175751, 80.172454834, 64.0422058105, 55.9810905457, 105.643791199, 63.0854301453, 17.1300201416, -4.05847930908, 16.9814777374, 21.1436100006, 4.11297655106], [282.560882568, 153.684295654, 81.0874938965, 58.0428466797, 69.6683120728, 47.9613418579, 63.0854301453, 147.827545166, 35.409866333, -15.8332519531, 37.1195755005, 52.4075813293, 1.28846979141], [61.3307113647, 2.2561340332, 70.5190811157, 37.7668838501, 40.2516937256, 46.6401290894, 17.1300201416, 35.409866333, 100.241676331, 42.345489502, -5.24753427505, 5.59634113312, 23.3982181549], [96.8140106201, -118.387001038, 35.0594291687, 50.1074485779, 19.9874153137, 42.9993972778, -4.05847930908, -15.8332519531, 42.345489502, 109.404663086, 9.82043075562, -25.5966453552, 14.3415803909], [61.1836929321, 53.3152542114, -6.74868965149, 13.2716426849, 10.6299419403, 9.29117393494, 16.9814777374, 37.1195755005, -5.24753427505, 9.82043075562, 91.6417007446, 55.4768295288, -6.04350805283], [-15.4194440842, 132.871246338, -6.16401004791, -12.373550415, 5.13437795639, 5.15015983582, 21.1436100006, 52.4075813293, 5.59634113312, -25.5966453552, 55.4768295288, 115.163536072, 21.0215320587], [-5.73442792892, 4.80446386337, 6.16503763199, -0.0525983981788, -6.23556137085, 5.82723474503, 4.11297655106, 1.28846979141, 23.3982181549, 14.3415803909, -6.04350805283, 21.0215320587, 70.5807723999]], "icov": [[0.000258929678239, -1.66094632732e-05, -4.81161077914e-05, -0.000439881230704, 0.000188486490515, -0.000579600571655, 0.000271310098469, -0.000424615864176, 0.000324651569827, 5.62178320251e-05, -6.83978942106e-05, 0.000213972583879, -0.000106145074824], [-1.66094632732e-05, 0.000602249288931, 0.000220024128794, 0.000540236243978, -0.00110569375101, 0.00088602968026, -0.000801564834546, -0.000189409038285, -0.000137790077133, 0.000108142288809, 7.06218415871e-05, -0.000380434910767, -3.87696527469e-05], [-4.81161077914e-05, 0.000220024128794, 0.00285724806599, 0.000420924392529, 3.24091415678e-05, -0.00231081573293, 0.000945538515225, -0.001588890329, -0.000809513381682, 0.000284803973045, 0.000358796562068, 0.000521709385794, -1.47633927554e-05], [-0.000439881230704, 0.000540236243978, 0.000420924392529, 0.00456088315696, -0.00198880233802, 0.000247674121056, -0.00246676965617, 0.000113570567919, -0.000337314908393, -0.000914753589313, -1.48860690388e-05, 0.000110586690425, 0.0001031252541], [0.000188486490515, -0.00110569375101, 3.24091415678e-05, -0.00198880233802, 0.00803747493774, -0.00344444462098, 0.000282295106445, -0.00164101750124, -0.000568798859604, -0.000441393669462, 0.000165981808095, 0.00124371633865, 0.00101627188269], [-0.000579600571655, 0.00088602968026, -0.00231081573293, 0.000247674121056, -0.00344444462098, 0.0141644300893, -0.00558521877974, 0.00152893108316, -0.00171606789809, -0.00292713963427, 0.000812148326077, -0.00246742507443, 0.000886546331458], [0.000271310098469, -0.000801564834546, 0.000945538515225, -0.00246676965617, 0.000282295106445, -0.00558521877974, 0.0174506977201, -0.00520189385861, 0.000853043864481, 0.00202875607647, -0.000946521991864, 0.00130634545349, -0.00160885567311], [-0.000424615864176, -0.000189409038285, -0.001588890329, 0.000113570567919, -0.00164101750124, 0.00152893108316, -0.00520189385861, 0.0145500646904, -0.00470894714817, 0.00336055248044, -0.00312992418185, -0.00336203956977, 0.00149512814824], [0.000324651569827, -0.000137790077133, -0.000809513381682, -0.000337314908393, -0.000568798859604, -0.00171606789809, 0.000853043864481, -0.00470894714817, 0.0169518087059, -0.00681494735181, 0.00432731490582, -0.00163813878316, -0.0031426132191], [5.62178320251e-05, 0.000108142288809, 0.000284803973045, -0.000914753589313, -0.000441393669462, -0.00292713963427, 0.00202875607647, 0.00336055248044, -0.00681494735181, 0.0166455544531, -0.00765443732962, 0.00644256640226, -0.00370254856534], [-6.83978942106e-05, 7.06218415871e-05, 0.000358796562068, -1.48860690388e-05, 0.000165981808095, 0.000812148326077, -0.000946521991864, -0.00312992418185, 0.00432731490582, -0.00765443732962, 0.0205295253545, -0.0112791974097, 0.00525618484244], [0.000213972583879, -0.000380434910767, 0.000521709385794, 0.000110586690425, 0.00124371633865, -0.00246742507443, 0.00130634545349, -0.00336203956977, -0.00163813878316, 0.00644256640226, -0.0112791974097, 0.018762730062, -0.00702340854332], [-0.000106145074824, -3.87696527469e-05, -1.47633927554e-05, 0.0001031252541, 0.00101627188269, 0.000886546331458, -0.00160885567311, 0.00149512814824, -0.0031426132191, -0.00370254856534, 0.00525618484244, -0.00702340854332, 0.0185826290399]]}, "spectral_contrast_coeffs": {"dmean": [0.0485177189112, 0.0415677540004, 0.0517107285559, 0.0459652170539, 0.0333034656942, 0.0250672344118], "dmean2": [0.0767835825682, 0.0657075420022, 0.0742019414902, 0.0686749070883, 0.0494498871267, 0.0423551760614], "dvar": [0.00195052032359, 0.00189414806664, 0.00226696673781, 0.00177529943176, 0.00108284002636, 0.000576233956963], "dvar2": [0.00509705906734, 0.00444696191698, 0.00467638159171, 0.0037389616482, 0.0023614577949, 0.00161583255976], "max": [-0.317375093699, -0.330824255943, -0.360380768776, -0.45129904151, -0.570665001869, -0.665058493614], "mean": [-0.564348876476, -0.604156672955, -0.595365226269, -0.682848453522, -0.765080451965, -0.815116107464], "median": [-0.56178098917, -0.603627502918, -0.590427219868, -0.682040929794, -0.761312127113, -0.81659913063], "min": [-0.997130811214, -0.984467446804, -0.966594338417, -0.968895673752, -0.971883952618, -0.96152061224], "var": [0.00582218915224, 0.00546527374536, 0.00769791891798, 0.00589160341769, 0.00310464133509, 0.00171371968463]}, "spectral_contrast_valleys": {"dmean": [0.424547582865, 0.348854213953, 0.521502077579, 0.548482656479, 0.61742401123, 0.81277436018], "dmean2": [0.672197937965, 0.574453532696, 0.793975174427, 0.829442083836, 0.850461959839, 1.03901004791], "dvar": [0.195510655642, 0.201094508171, 0.290198713541, 0.349388986826, 0.572165548801, 0.635648190975], "dvar2": [0.399323731661, 0.412664979696, 0.570648193359, 0.7