{"lowlevel": {"average_loudness": 0.956765711308, "barkbands_crest": {"dmean": 1.72734868526, "dmean2": 2.78266978264, "dvar": 3.27615213394, "dvar2": 8.94499874115, "max": 25.5708446503, "mean": 13.7588644028, "median": 13.2134857178, "min": 4.05233097076, "var": 16.5138721466}, "barkbands_flatness_db": {"dmean": 0.0227108113468, "dmean2": 0.0320919677615, "dvar": 0.000716965121683, "dvar2": 0.00138282915577, "max": 0.639229774475, "mean": 0.293462723494, "median": 0.276508688927, "min": 0.0420281402767, "var": 0.00983009021729}, "barkbands_kurtosis": {"dmean": 7.68196344376, "dmean2": 12.3337230682, "dvar": 202.198181152, "dvar2": 505.797668457, "max": 354.352539062, "mean": 18.8884410858, "median": 12.9801387787, "min": -1.95699214935, "var": 434.263031006}, "barkbands_skewness": {"dmean": 0.64372164011, "dmean2": 1.01574003696, "dvar": 0.651969671249, "dvar2": 1.53382885456, "max": 16.4988594055, "mean": 2.95007681847, "median": 2.69982838631, "min": -5.75840711594, "var": 2.13115739822}, "barkbands_spread": {"dmean": 2.14504671097, "dmean2": 3.19033408165, "dvar": 34.4392089844, "dvar2": 64.0543060303, "max": 109.779647827, "mean": 6.37195920944, "median": 3.79754114151, "min": 0.199790850282, "var": 102.676620483}, "dissonance": {"dmean": 0.0281074438244, "dmean2": 0.0463578477502, "dvar": 0.000658748904243, "dvar2": 0.0017509078607, "max": 0.500000119209, "mean": 0.413312256336, "median": 0.423045575619, "min": 0.170882984996, "var": 0.00265481206588}, "dynamic_complexity": 2.49134635925, "erbbands_crest": {"dmean": 2.23975753784, "dmean2": 3.59871196747, "dvar": 5.18991565704, "dvar2": 13.7281141281, "max": 30.2265758514, "mean": 10.4964761734, "median": 9.75161361694, "min": 2.41260361671, "var": 16.5815582275}, "erbbands_flatness_db": {"dmean": 0.0195140093565, "dmean2": 0.0277947857976, "dvar": 0.00052815960953, "dvar2": 0.000966282736044, "max": 0.451041221619, "mean": 0.211714595556, "median": 0.202911481261, "min": 0.0224447250366, "var": 0.00502128899097}, "erbbands_kurtosis": {"dmean": 2.22253918648, "dmean2": 3.46033143997, "dvar": 11.057305336, "dvar2": 26.8090763092, "max": 58.086681366, "mean": 4.43958377838, "median": 2.72311282158, "min": -1.9216299057, "var": 35.9113616943}, "erbbands_skewness": {"dmean": 0.415325939655, "dmean2": 0.62935757637, "dvar": 0.222438022494, "dvar2": 0.494646728039, "max": 6.51736831665, "mean": 1.50956130028, "median": 1.45536851883, "min": -4.32327699661, "var": 1.03478729725}, "erbbands_spread": {"dmean": 8.3564825058, "dmean2": 12.7575931549, "dvar": 209.784576416, "dvar2": 460.096282959, "max": 172.335281372, "mean": 30.0993595123, "median": 23.9323005676, "min": 1.24442279339, "var": 576.280456543}, "hfc": {"dmean": 3.56407952309, "dmean2": 5.15189409256, "dvar": 101.104423523, "dvar2": 186.866226196, "max": 266.034454346, "mean": 13.5332098007, "median": 9.96284198761, "min": 1.29122800975e-16, "var": 276.019439697}, "melbands_crest": {"dmean": 2.24646115303, "dmean2": 3.69684457779, "dvar": 5.36919498444, "dvar2": 14.6104412079, "max": 34.8970451355, "mean": 18.817232132, "median": 18.3220329285, "min": 2.32033967972, "var": 28.3254165649}, "melbands_flatness_db": {"dmean": 0.0263119991869, "dmean2": 0.0367632061243, "dvar": 0.000981786753982, "dvar2": 0.00185748445801, "max": 0.80758112669, "mean": 0.410558879375, "median": 0.391883671284, "min": 0.00550690898672, "var": 0.0142494151369}, "melbands_kurtosis": {"dmean": 13.3792514801, "dmean2": 21.0920238495, "dvar": 661.065063477, "dvar2": 1451.44055176, "max": 506.581359863, "mean": 33.4261436462, "median": 22.4412937164, "min": -1.52676606178, "var": 1470.00744629}, "melbands_skewness": {"dmean": 0.787289500237, "dmean2": 1.2195700407, "dvar": 1.12483727932, "dvar2": 2.46787023544, "max": 18.9666481018, "mean": 3.65237402916, "median": 3.26747322083, "min": -0.500914990902, "var": 3.40049672127}, "melbands_spread": {"dmean": 1.61887431145, "dmean2": 2.40502476692, "dvar": 35.6934013367, "dvar2": 65.6608200073, "max": 222.542709351, "mean": 4.97874259949, "median": 3.24990415573, "min": 0.343300819397, "var": 75.0690841675}, "pitch_salience": {"dmean": 0.0576739832759, "dmean2": 0.0953268110752, "dvar": 0.00313941854984, "dvar2": 0.00878019444644, "max": 0.857836961746, "mean": 0.505852162838, "median": 0.514240264893, "min": 0.0648856312037, "var": 0.0141109135002}, "silence_rate_20dB": {"dmean": 0, "dmean2": 0, "dvar": 0, "dvar2": 0, "max": 1, "mean": 1, "median": 1, "min": 1, "var": 0}, "silence_rate_30dB": {"dmean": 0.0424962043762, "dmean2": 0.0850000008941, "dvar": 0.0406869836152, "dvar2": 0.0941974520683, "max": 1, "mean": 0.942331731319, "median": 1, "min": 0, "var": 0.0543402843177}, "silence_rate_60dB": {"dmean": 0.0030354433693, "dmean2": 0.00607142876834, "dvar": 0.00302563840523, "dvar2": 0.00657132221386, "max": 1, "mean": 0.0245491880924, "median": 0, "min": 0, "var": 0.023946641013}, "spectral_centroid": {"dmean": 96.3190689087, "dmean2": 144.95249939, "dvar": 56358.9179688, "dvar2": 92922.78125, "max": 11246.5595703, "mean": 434.525085449, "median": 325.867248535, "min": 114.055809021, "var": 164439.140625}, "spectral_complexity": {"dmean": 1.77519869804, "dmean2": 2.78642868996, "dvar": 6.79324674606, "dvar2": 13.7455234528, "max": 51, "mean": 10.2862882614, "median": 9, "min": 0, "var": 37.8747673035}, "spectral_decrease": {"dmean": 2.58365928651e-09, "dmean2": 4.11648137799e-09, "dvar": 1.49781861767e-17, "dvar2": 3.74385518662e-17, "max": 1.92364041058e-16, "mean": -1.60797686277e-08, "median": -1.65115956463e-08, "min": -7.7530430076e-08, "var": 5.72464835122e-17}, "spectral_energy": {"dmean": 0.00992709770799, "dmean2": 0.0157912615687, "dvar": 0.000217543420149, "dvar2": 0.000543817470316, "max": 0.294653594494, "mean": 0.0619160048664, "median": 0.0633476823568, "min": 1.14767472972e-20, "var": 0.000842274399474}, "spectral_energyband_high": {"dmean": 0.000276304403087, "dmean2": 0.000369655666873, "dvar": 1.64641915035e-06, "dvar2": 2.7659900752e-06, "max": 0.0336534790695, "mean": 0.000431299966294, "median": 2.8516200473e-05, "min": 8.1535362616e-21, "var": 4.03441163144e-06}, "spectral_energyband_low": {"dmean": 0.0075650033541, "dmean2": 0.0124034713954, "dvar": 0.000170216255356, "dvar2": 0.000446544174338, "max": 0.274070322514, "mean": 0.0412442162633, "median": 0.0430869087577, "min": 1.26758764577e-22, "var": 0.000566323345993}, "spectral_energyband_middle_high": {"dmean": 0.00034927771776, "dmean2": 0.000533447484486, "dvar": 6.97127632066e-07, "dvar2": 1.64082177889e-06, "max": 0.0176680255681, "mean": 0.00116333144251, "median": 0.000517667329405, "min": 1.66050096109e-21, "var": 3.049479119e-06}, "spectral_energyband_middle_low": {"dmean": 0.00605633063242, "dmean2": 0.00954606384039, "dvar": 6.45580294076e-05, "dvar2": 0.000166906582308, "max": 0.163552135229, "mean": 0.0234503094107, "median": 0.0191516280174, "min": 3.24210220013e-22, "var": 0.000313224591082}, "spectral_entropy": {"dmean": 0.236028134823, "dmean2": 0.341649204493, "dvar": 0.0841388776898, "dvar2": 0.160208627582, "max": 9.80243492126, "mean": 6.34996700287, "median": 6.37836742401, "min": 3.94696688652, "var": 0.666895449162}, "spectral_flux": {"dmean": 0.0211975127459, "dmean2": 0.0332692489028, "dvar": 0.000775347929448, "dvar2": 0.00186969991773, "max": 0.491248071194, "mean": 0.0695481449366, "median": 0.0592453442514, "min": 1.07129582982e-10, "var": 0.0021481665317}, "spectral_kurtosis": {"dmean": 8.96883106232, "dmean2": 14.6498241425, "dvar": 204.124481201, "dvar2": 529.542663574, "max": 321.664916992, "mean": 24.2984428406, "median": 11.3863525391, "min": -1.13088285923, "var": 1160.3449707}, "spectral_rms": {"dmean": 0.000619314436335, "dmean2": 0.000973511952907, "dvar": 6.6091104145e-07, "dvar2": 1.580840717e-06, "max": 0.0169548485428, "mean": 0.00748003227636, "median": 0.00786146335304, "min": 3.34616600921e-12, "var": 4.45465002485e-06}, "spectral_rolloff": {"dmean": 119.994163513, "dmean2": 202.048751831, "dvar": 421389.5625, "dvar2": 823943.375, "max": 19745.9472656, "mean": 376.858551025, "median": 236.865234375, "min": 64.599609375, "var": 906664.8125}, "spectral_skewness": {"dmean": 0.650799810886, "dmean2": 1.035171628, "dvar": 0.615629732609, "dvar2": 1.53703594208, "max": 14.8170108795, "mean": 3.33357954025, "median": 2.77775931358, "min": -0.271454036236, "var": 4.18518543243}, "spectral_spread": {"dmean": 721625, "dmean2": 1058086.25, "dvar": 1164916817920.0, "dvar2": 2210519580670.0, "max": 38917848, "mean": 3638761, "median": 3111394.5, "min": 343370.6875, "var": 5482133061630.0}, "spectral_strongpeak": {"dmean": 0.151929527521, "dmean2": 0.266610860825, "dvar": 0.076472453773, "dvar2": 0.204145029187, "max": 5.05493068695, "mean": 0.524448096752, "median": 0.461474776268, "min": 0, "var": 0.152535364032}, "zerocrossingrate": {"dmean": 0.00506106298417, "dmean2": 0.00591544015333, "dvar": 0.000116684663226, "dvar2": 0.000118291995022, "max": 0.71728515625, "mean": 0.0194085910916, "median": 0.01318359375, "min": 0.00146484375, "var": 0.000729580002371}, "barkbands": {"dmean": [0.000525539915543, 0.00420530559495, 0.00340118771419, 0.00300182914361, 0.00410343427211, 0.00122066843323, 0.000508525234181, 0.000307626352878, 0.000270711811027, 9.55245413934e-05, 8.51196891745e-05, 7.27752994862e-05, 5.9305853938e-05, 4.84820266138e-05, 3.64943261957e-05, 4.86544086016e-05, 4.06122780987e-05, 1.69893210114e-05, 2.7572237741e-05, 3.82768521376e-05, 5.46423034393e-05, 5.53146965103e-05, 5.26935327798e-05, 5.39312422916e-05, 7.29165112716e-05, 8.15091152617e-06, 2.13605744648e-06], "dmean2": [0.000877376296557, 0.00652260240167, 0.00580719811842, 0.00489602051675, 0.00640690512955, 0.00197256845422, 0.000783419178333, 0.000471222854685, 0.000407955696573, 0.000146356454934, 0.000128711850266, 0.00011840643856, 9.671987209e-05, 7.98255059635e-05, 5.91922034801e-05, 7.72004786995e-05, 6.3797175244e-05, 2.76846276392e-05, 4.4215026719e-05, 5.99619015702e-05, 7.95305240899e-05, 7.60817783885e-05, 7.32694534236e-05, 7.66755983932e-05, 0.000112200686999, 1.29038789964e-05, 3.50070513377e-06], "dvar": [7.88146280684e-06, 8.28492993605e-05, 2.37268395722e-05, 2.73296082014e-05, 3.19772334478e-05, 4.15131762566e-06, 1.36399160056e-06, 8.16098804535e-07, 4.75730217886e-07, 6.73654412253e-08, 5.05634645265e-08, 3.04870546586e-08, 2.13284128137e-08, 1.34529107854e-08, 9.36993149736e-09, 1.77837424786e-08, 1.83025772316e-08, 2.71456879197e-09, 1.00206918319e-08, 2.80250862517e-08, 1.18781322556e-07, 8.73112284694e-08, 7.81126558991e-08, 8.81586927903e-08, 1.73633168288e-07, 1.87388904394e-09, 1.83669496279e-10], "dvar2": [2.05590858968e-05, 0.000206906624953, 7.24735509721e-05, 7.60351977078e-05, 8.41503133415e-05, 1.07113773993e-05, 3.16254568133e-06, 1.76668538643e-06, 1.10553366994e-06, 1.44006619962e-07, 1.05928201322e-07, 8.29938571201e-08, 5.39080282635e-08, 3.46796120709e-08, 2.26625473942e-08, 4.22485761931e-08, 4.38142926384e-08, 7.03176272765e-09, 2.53545806572e-08, 7.39341814437e-08, 2.39511450673e-07, 1.63182988899e-07, 1.42133714576e-07, 1.75829441673e-07, 4.09531224932e-07, 5.11560882543e-09, 4.76346462275e-10], "max": [0.0655295550823, 0.180928558111, 0.0678318738937, 0.127469822764, 0.100398898125, 0.0355706624687, 0.0430134423077, 0.0220024157315, 0.0250013023615, 0.00900598336011, 0.00926646403968, 0.00311897438951, 0.00249586766586, 0.00273743225262, 0.00295948213898, 0.00345584191382, 0.005079255905, 0.000942339829635, 0.00281419488601, 0.00833541247994, 0.014936174266, 0.00905892625451, 0.0109381070361, 0.0118276290596, 0.0130380354822, 0.00181033066474, 0.000434040499385], "mean": [0.0028999412898, 0.0264592897147, 0.00753453932703, 0.00726255448535, 0.0105767240748, 0.00317313545384, 0.00117450638209, 0.000598817248829, 0.000618446792942, 0.000219588240725, 0.000248262251262, 0.000135255439091, 0.000101422701846, 9.36585638556e-05, 7.36381261959e-05, 0.000106189043436, 7.79693218647e-05, 3.25449036609e-05, 5.24390125065e-05, 6.71435773256e-05, 7.15672358638e-05, 8.27396142995e-05, 7.72860148572e-05, 7.88585093687e-05, 8.87611386133e-05, 8.99968290469e-06, 1.84122677638e-06], "median": [0.000328690570313, 0.0275591313839, 0.00516652129591, 0.00346246664412, 0.00766067113727, 0.00203072139993, 0.000477845431305, 0.000143389974255, 0.000221494090511, 7.23947305232e-05, 6.60664445604e-05, 4.4154949137e-05, 3.24543580064e-05, 2.747489998e-05, 1.80361894309e-05, 2.70324144367e-05, 1.59107839863e-05, 7.44525550544e-06, 8.97921199794e-06, 1.07438299892e-05, 2.90935190606e-06, 1.96184873857e-06, 2.7401688385e-06, 3.19964465234e-06, 2.32454976867e-06, 4.41569284249e-07, 7.90803227346e-08], "min": [7.73486479495e-24, 8.41590703154e-23, 1.47221687085e-23, 4.34588458287e-23, 1.77428291328e-23, 2.10660603128e-23, 7.67915259792e-23, 5.62403425575e-23, 8.99123528041e-23, 8.1205758102e-23, 6.93974759166e-23, 1.15365492647e-22, 6.35177800456e-23, 7.40378208184e-23, 2.34273033868e-22, 1.88493845194e-22, 2.52368922432e-22, 2.86960410017e-22, 2.24586175362e-22, 2.49444608746e-22, 5.07026525988e-22, 4.56760965439e-22, 7.25499799262e-22, 9.0198633582e-22, 1.16909660732e-21, 1.83942430791e-21, 2.70510294823e-21], "var": [1.604472709e-05, 0.000341347709764, 5.75107042096e-05, 0.000105501465441, 9.70721812337e-05, 1.35261370815e-05, 3.92268657379e-06, 2.28675799008e-06, 1.4124613017e-06, 2.54154429058e-07, 3.58365099373e-07, 6.15727699937e-08, 3.57832021791e-08, 3.67564219061e-08, 2.52202312367e-08, 5.08736341942e-08, 4.14685530359e-08, 5.09565367679e-09, 1.89769178149e-08, 3.71978963187e-08, 1.88099207321e-07, 2.14037996216e-07, 1.75594649932e-07, 1.62708801099e-07, 2.33689320339e-07, 1.50874601701e-09, 1.4650214375e-10]}, "erbbands": {"dmean": [0.11785505712, 0.979798913002, 3.23364686966, 7.69677019119, 10.9622154236, 17.0414199829, 10.8391799927, 8.85772228241, 6.12749576569, 8.18838214874, 7.41408205032, 5.67120313644, 3.4109210968, 3.15258359909, 2.15738487244, 2.78048753738, 2.62558674812, 2.40487241745, 2.1856918335, 1.73191916943, 3.03089523315, 2.01805949211, 0.966951966286, 1.12744045258, 1.74860751629, 1.64675760269, 1.50923192501, 2.60132694244, 1.97350931168, 1.80840075016, 1.46770608425, 1.03197062016, 1.04892146587, 1.09991335869, 0.326446533203, 0.0564406998456, 0.012039417401, 0.00255767884664, 0.000373141519958, 2.90549814963e-05], "dmean2": [0.173921689391, 1.54950320721, 5.57244539261, 12.7768287659, 17.5220050812, 26.2269916534, 17.0689029694, 14.4421749115, 9.51991081238, 12.54479599, 11.0060482025, 8.59887599945, 5.16232299805, 4.74794864655, 3.32754683495, 4.53617954254, 4.25507164001, 3.88243889809, 3.54471755028, 2.78651165962, 4.73470830917, 3.12023830414, 1.555341959, 1.8123716116, 2.72353243828, 2.58880758286, 2.2251791954, 3.6944694519, 2.74511146545, 2.54533600807, 2.04852175713, 1.46642196178, 1.51482546329, 1.66653287411, 0.523667752743, 0.0908993259072, 0.0188883394003, 0.00401991605759, 0.00061013904633, 4.71665662189e-05], "dvar": [0.134633079171, 3.42686295509, 22.3034877777, 155.591491699, 361.963165283, 568.058166504, 283.516418457, 305.677642822, 200.159118652, 470.878723145, 437.542816162, 249.136230469, 63.8585510254, 65.9380111694, 27.7572574615, 50.5528526306, 41.0028266907, 29.1516208649, 29.060131073, 22.0769844055, 72.5868911743, 38.0073165894, 8.33367156982, 16.0517959595, 39.7631874084, 57.4463844299, 104.363319397, 261.937072754, 119.384719849, 95.1342544556, 61.3124656677, 30.2783851624, 38.1120643616, 37.5222206116, 4.65254020691, 0.0868141427636, 0.00442946376279, 0.000188675199752, 5.84916733715e-06, 2.0556417013e-08], "dvar2": [0.327851951122, 8.93476390839, 69.0601425171, 442.228210449, 954.41583252, 1495.32055664, 685.164794922, 803.960083008, 476.869812012, 1086.83435059, 915.928771973, 580.030029297, 146.8931427, 138.594970703, 66.7902450562, 140.128082275, 108.546974182, 72.261100769, 74.9988479614, 54.8985939026, 169.623779297, 88.267036438, 20.8523693085, 40.9315338135, 101.084228516, 151.720703125, 240.218322754, 493.621520996, 232.550094604, 174.92527771, 114.220214844, 57.1929283142, 81.0111923218, 79.2501144409, 12.5628376007, 0.24216786027, 0.0118851158768, 0.000491243379656, 1.5343504856e-05, 5.41961284739e-08], "max": [8.2823638916, 31.2975502014, 71.943901062, 311.440673828, 364.865447998, 371.003173828, 381.836700439, 297.059844971, 577.824645996, 467.58972168, 624.446655273, 436.954437256, 192.674911499, 346.11114502, 158.912704468, 126.651107788, 104.014938354, 141.341079712, 109.800735474, 107.49181366, 233.276702881, 166.040924072, 50.0469932556, 96.7546463013, 231.54838562, 398.371490479, 474.567687988, 891.825805664, 305.613769531, 298.406616211, 318.10458374, 209.648193359, 263.882659912, 235.724197388, 98.9591522217, 8.31151676178, 2.97221684456, 0.441193908453, 0.0820060819387, 0.00545486435294], "mean": [1.07947194576, 4.65992021561, 8.12494945526, 19.9652709961, 26.7883644104, 41.3619880676, 30.0701389313, 21.9358158112, 15.8024139404, 16.8131752014, 16.1318759918, 12.5551271439, 8.49818229675, 9.66786289215, 5.68487644196, 5.30194473267, 4.87253856659, 4.56781339645, 4.50489425659, 3.89310860634, 6.65602207184, 4.20209217072, 1.90330708027, 2.17517232895, 3.60571813583, 2.7589225769, 1.97322773933, 3.54169249535, 2.94149017334, 2.61189246178, 2.16607880592, 1.52171289921, 1.48025584221, 1.41826820374, 0.35814037919, 0.0631524175406, 0.0131347132847, 0.00251865503378, 0.000346082553733, 8.50614451338e-05], "median": [1.04869902134, 4.0108590126, 6.47301626205, 12.2463464737, 16.2913475037, 29.1432151794, 20.3956298828, 13.3987913132, 7.31777954102, 5.99128341675, 4.82709407806, 4.2686214447, 3.20858240128, 3.03405570984, 1.87854659557, 1.78513622284, 1.69064378738, 1.59251797199, 1.16328084469, 1.17589139938, 1.73532009125, 0.984015107155, 0.48205935955, 0.42978823185, 0.608868122101, 0.462291240692, 0.150022655725, 0.102640964091, 0.063508041203, 0.080254547298, 0.0805575996637, 0.058168888092, 0.056028008461, 0.0363067910075, 0.0102582015097, 0.00287543935701, 0.000605455366895, 9.95473237708e-05, 4.34938119724e-05, 7.20204261597e-05], "min": [3.50922650705e-21, 1.42522282502e-20, 1.74708881801e-20, 9.45071298183e-20, 1.06396313085e-19, 4.57582065386e-20, 1.17805679897e-19, 1.61412496291e-19, 8.7558380988e-19, 1.53577392415e-18, 1.03317794999e-18, 2.65847060081e-18, 1.68614171104e-18, 2.22579372228e-18, 3.97946707891e-18, 4.54280644097e-18, 3.50666925234e-18, 4.62299663827e-18, 1.12503007044e-17, 1.06854480154e-17, 8.50444157382e-18, 1.49467582765e-17, 1.53549520565e-17, 1.08811969987e-17, 1.09004322566e-17, 1.23696274473e-17, 1.6027621948e-17, 2.35792929041e-17, 1.66561452103e-17, 2.0270520823e-17, 1.77018437796e-17, 1.74405010282e-17, 1.67076818712e-17, 1.18198997558e-17, 9.2402270005e-18, 6.89849688433e-18, 3.02565938344e-18, 1.51776072215e-18, 3.04219503408e-19, 4.2221065917e-20], "var": [0.755712628365, 15.0181703568, 49.6981620789, 523.671081543, 962.02355957, 1612.29760742, 966.110900879, 804.473571777, 632.304748535, 1045.26171875, 1343.61352539, 677.406188965, 226.607376099, 464.367553711, 105.29057312, 92.4806747437, 71.3672866821, 66.7270355225, 75.8538284302, 61.2132148743, 195.226760864, 99.0415878296, 16.9142436981, 28.5086956024, 85.4902038574, 64.4332962036, 116.026557922, 513.096069336, 281.786468506, 202.903594971, 138.908630371, 66.0675506592, 61.1218299866, 63.2342605591, 3.93027925491, 0.0677813440561, 0.00359748490155, 0.000157076021424, 4.52564609077e-06, 1.6641177325e-08]}, "gfcc": {"mean": [-73.2080764771, 162.430435181, -61.0190963745, 33.8021354675, -36.4151306152, 3.72771859169, -32.6030387878, 1.06845235825, -18.8003921509, -6.48922300339, -6.59618139267, -8.46293258667, 0.599482119083], "cov": [[10818.0537109, -3042.51147461, -1479.234375, 407.197601318, -1569.35876465, 1264.80639648, -899.16204834, 443.006103516, -330.800292969, 195.173080444, -398.620574951, 90.0455856323, -212.312911987], [-3042.51147461, 2948.79614258, -320.932739258, -652.21484375, 1217.14428711, -906.357666016, 719.777282715, -218.57572937, 222.87387085, -163.804489136, 326.460266113, -135.917022705, 214.809860229], [-1479.234375, -320.932739258, 1339.41931152, 139.184524536, -163.552734375, 318.140228271, -74.0161895752, 38.9833602905, 101.99671936, 43.4618759155, 41.5650749207, 84.9263381958, -29.4306030273], [407.197601318, -652.21484375, 139.184524536, 455.413543701, -174.80897522, 148.113082886, -75.7260665894, 21.2195072174, -12.1477041245, 29.5711574554, -45.758190155, 64.3000488281, 3.67004609108], [-1569.35876465, 1217.14428711, -163.552734375, -174.80897522, 829.852233887, -422.490325928, 373.729827881, -101.446174622, 83.7666244507, -54.9065971375, 131.880615234, -25.4531021118, 93.8607406616], [1264.80639648, -906.357666016, 318.140228271, 148.113082886, -422.490325928, 601.824462891, -231.126083374, 107.203857422, -22.0580787659, 41.7752723694, -60.0822677612, 53.0055122375, -64.6741333008], [-899.16204834, 719.777282715, -74.0161895752, -75.7260665894, 373.729827881, -231.126083374, 392.082977295, -76.6145248413, 50.5364990234, -9.64160633087, 82.3896636963, -0.612523972988, 75.3706893921], [443.006103516, -218.57572937, 38.9833602905, 21.2195072174, -101.446174622, 107.203857422, -76.6145248413, 180.793151855, 34.2377281189, 40.2482070923, 21.7344913483, 15.6635303497, -2.07513523102], [-330.800292969, 222.87387085, 101.99671936, -12.1477041245, 83.7666244507, -22.0580787659, 50.5364990234, 34.2377281189, 138.565979004, 25.6237049103, 48.4385108948, 6.75753498077, 34.8316383362], [195.173080444, -163.804489136, 43.4618759155, 29.5711574554, -54.9065971375, 41.7752723694, -9.64160633087, 40.2482070923, 25.6237049103, 115.438919067, 8.43663597107, 13.1981878281, -4.85310697556], [-398.620574951, 326.460266113, 41.5650749207, -45.758190155, 131.880615234, -60.0822677612, 82.3896636963, 21.7344913483, 48.4385108948, 8.43663597107, 138.230453491, 17.7895107269, 27.2244720459], [90.0455856323, -135.917022705, 84.9263381958, 64.3000488281, -25.4531021118, 53.0055122375, -0.612523972988, 15.6635303497, 6.75753498077, 13.1981878281, 17.7895107269, 97.3163909912, 8.32417964935], [-212.312911987, 214.809860229, -29.4306030273, 3.67004609108, 93.8607406616, -64.6741333008, 75.3706893921, -2.07513523102, 34.8316383362, -4.85310697556, 27.2244720459, 8.32417964935, 99.7925720215]], "icov": [[0.00033845892176, -0.000311201118166, 0.000603261578362, -0.000285680580419, 0.000350199668901, -0.000807353644632, 0.000269139389275, -0.000478354311781, 0.000387875305023, -0.000575929239858, 0.00058887474006, -0.000552018289454, 0.000234548831941], [-0.000311201118166, 0.00477200793102, -0.000686785962898, 0.00367593904957, -0.00220540934242, 0.00284147285856, -0.0024197823368, 0.00239103799686, -0.00398614490405, 0.00424543209374, -0.00510021904483, 0.0034697924275, -0.0027789757587], [0.000603261578362, -0.000686785962898, 0.00207443442196, -0.000748861697502, 0.000718501920346, -0.0020218770951, 0.000561707594898, -0.00051634258125, -0.000100051875052, -0.00110910355579, 0.000799141998868, -0.00152020761743, 0.000869798474014], [-0.000285680580419, 0.00367593904957, -0.000748861697502, 0.00561272166669, -0.00143969454803, 0.00204956717789, -0.00181953236461, 0.00200866814703, -0.00295928516425, 0.00289390515536, -0.00309999333695, 0.00114564073738, -0.00292554055341], [0.000350199668901, -0.00220540934242, 0.000718501920346, -0.00143969454803, 0.00408340245485, -0.000677091768011, -0.000463569769636, -0.000952754169703, 0.00107797211967, -0.00124036043417, 0.00146635842975, -0.00176311063115, 0.00111846765503], [-0.000807353644632, 0.00284147285856, -0.0020218770951, 0.00204956717789, -0.000677091768011, 0.00613019196317, -0.00130979414098, 0.00101471855305, -0.00250016385689, 0.0031535285525, -0.00314882211387, 0.0018586012302, -0.0011556892423], [0.000269139389275, -0.0024197823368, 0.000561707594898, -0.00181953236461, -0.000463569769636, -0.00130979414098, 0.00645632389933, 0.000109582775622, 0.00186289940029, -0.00316612911411, 0.00162511738017, -0.00227014231496, -0.000331129092956], [-0.000478354311781, 0.00239103799686, -0.00051634258125, 0.00200866814703, -0.000952754169703, 0.00101471855305, 0.000109582775622, 0.00937876664102, -0.0040596621111, 0.000756567227654, -0.00484215375036, 0.00183908059262, -0.00210336060263], [0.000387875305023, -0.00398614490405, -0.000100051875052, -0.00295928516425, 0.00107797211967, -0.00250016385689, 0.00186289940029, -0.0040596621111, 0.013878447935, -0.00556982029229, 0.0028316732496, -0.00227165897377, -0.000338686339092], [-0.000575929239858, 0.00424543209374, -0.00110910355579, 0.00289390515536, -0.00124036043417, 0.0031535285525, -0.00316612911411, 0.000756567227654, -0.00556982029229, 0.0143034067005, -0.00508543848991, 0.00282967393287, -0.00138896598946], [0.00058887474006, -0.00510021904483, 0.000799141998868, -0.00309999333695, 0.00146635842975, -0.00314882211387, 0.00162511738017, -0.00484215375036, 0.0028316732496, -0.00508543848991, 0.0163221340626, -0.00614697020501, 0.00265730451792], [-0.000552018289454, 0.0034697924275, -0.00152020761743, 0.00114564073738, -0.00176311063115, 0.0018586012302, -0.00227014231496, 0.00183908059262, -0.00227165897377, 0.00282967393287, -0.00614697020501, 0.0155908837914, -0.00321123655885], [0.000234548831941, -0.0027789757587, 0.000869798474014, -0.00292554055341, 0.00111846765503, -0.0011556892423, -0.000331129092956, -0.00210336060263, -0.000338686339092, -0.00138896598946, 0.00265730451792, -0.00321123655885, 0.0148648079485]]}, "melbands": {"dmean": [0.001099224668, 0.00151092628948, 0.00128704449162, 0.00102173897903, 0.000423912948463, 0.000203926174436, 9.5191593573e-05, 8.32549339975e-05, 6.41042934149e-05, 3.43749379681e-05, 1.75617369678e-05, 1.32456725623e-05, 9.23709194467e-06, 5.32267449671e-06, 1.05012541098e-05, 5.63644834983e-06, 4.50159041065e-06, 3.92495485357e-06, 2.83169083559e-06, 2.78189509118e-06, 3.92619904233e-06, 2.53636403613e-06, 1.04107232346e-06, 7.45439535876e-07, 9.6823646345e-07, 1.16655144211e-06, 1.64967173077e-06, 1.01076159353e-06, 7.64369303852e-07, 1.39217638662e-06, 1.64729067365e-06, 1.1845266954e-06, 1.07505752567e-06, 1.02885542219e-06, 9.10693870537e-07, 7.35535138574e-07, 5.90854938309e-07, 6.40693883724e-07, 9.97577217277e-07, 9.71672989181e-07], "dmean2": [0.00164575013332, 0.00256480555981, 0.00211709109135, 0.00159282307141, 0.000661930767819, 0.000332166469889, 0.000147409446072, 0.000127034203615, 9.49594905251e-05, 5.24366660102e-05, 2.6786021408e-05, 1.99815185624e-05, 1.41118371175e-05, 8.78377522895e-06, 1.6967233023e-05, 9.11437382456e-06, 7.29440716896e-06, 6.42592613076e-06, 4.58027352579e-06, 4.51099458587e-06, 6.18986450718e-06, 3.98796601075e-06, 1.65413064224e-06, 1.20587287711e-06, 1.56834619247e-06, 1.85569535915e-06, 2.58689419752e-06, 1.60841466368e-06, 1.16687215268e-06, 2.08565688808e-06, 2.35583706854e-06, 1.7209778207e-06, 1.56945964136e-06, 1.47646028381e-06, 1.33816888592e-06, 1.02470073671e-06, 8.68358370099e-07, 9.39502228903e-07, 1.4923323306e-06, 1.48695266944e-06], "dvar": [8.2150045273e-06, 5.05457092004e-06, 4.06527078667e-06, 2.07191601476e-06, 3.53284661969e-07, 1.40456052122e-07, 4.590608782e-08, 4.71907490862e-08, 3.11132311026e-08, 8.99076102456e-09, 1.79344672446e-09, 1.12187803492e-09, 5.53849355267e-10, 2.3775867386e-10, 7.01452340657e-10, 1.90865670491e-10, 1.06937986244e-10, 1.01834714272e-10, 6.48373091328e-11, 7.26400051221e-11, 1.45711442912e-10, 6.8648788043e-11, 7.9189137886e-12, 5.93482077718e-12, 1.23290674545e-11, 1.91640227992e-11, 5.76467207303e-11, 2.12076987915e-11, 2.37735491015e-11, 9.05396035922e-11, 1.16071305345e-10, 4.64102679898e-11, 3.77284106734e-11, 3.18468758309e-11, 2.41341009677e-11, 1.81279661421e-11, 9.82998665106e-12, 1.3038504304e-11, 3.64389733665e-11, 3.17564238794e-11], "dvar2": [2.01037237275e-05, 1.50019704961e-05, 1.129274915e-05, 5.5338105085e-06, 8.73050453265e-07, 3.69425976032e-07, 1.06309350656e-07, 1.08228071838e-07, 6.6270786192e-08, 2.11850714749e-08, 4.09911748989e-09, 2.38074537862e-09, 1.25680899021e-09, 6.64682142659e-10, 1.87515669658e-09, 4.5860384934e-10, 2.65957561529e-10, 2.65437782865e-10, 1.50526244247e-10, 1.80337883515e-10, 3.49549278411e-10, 1.65444449807e-10, 1.82537544108e-11, 1.51915546115e-11, 3.16729212302e-11, 4.8134544961e-11, 1.55331664198e-10, 5.47655948369e-11, 5.62714458363e-11, 1.99303032411e-10, 2.30062233153e-10, 9.71782931902e-11, 7.86430295885e-11, 6.14705578106e-11, 4.92947245523e-11, 3.23595351903e-11, 1.9645639282e-11, 2.73490969455e-11, 8.00449775906e-11, 7.03899091792e-11], "max": [0.0631438717246, 0.0354742892087, 0.047978181392, 0.0281262043864, 0.0132204694673, 0.00611211312935, 0.00940671470016, 0.00504898279905, 0.00652958406135, 0.00243849679828, 0.00111008994281, 0.00129599007778, 0.000814970233478, 0.000300709885778, 0.000504031602759, 0.000322134495946, 0.000318727339618, 0.000233687082073, 0.000321279425407, 0.000230187390116, 0.00034051106195, 0.000234345832723, 5.35066137672e-05, 5.7770175772e-05, 8.64129033289e-05, 0.000129921507323, 0.000371607020497, 0.000198970956262, 0.000230174016906, 0.000357761891792, 0.000665458326694, 0.000199967806111, 0.000223496550461, 0.000188945559785, 0.000222639821004, 0.000261449546088, 0.000102936908661, 0.000137177892611, 0.000254403188592, 0.000239488319494], "mean": [0.0084062339738, 0.00493827927858, 0.00352073833346, 0.00254352134652, 0.00120946730021, 0.000520855886862, 0.000239794884692, 0.000166440499015, 0.000136583781568, 7.46996229282e-05, 4.17735427618e-05, 3.90754539694e-05, 2.48194046435e-05, 1.04842611108e-05, 1.85152439371e-05, 8.88314298209e-06, 8.34855109133e-06, 7.55316523282e-06, 5.76629827265e-06, 6.02901218372e-06, 7.87269345892e-06, 4.87862962473e-06, 2.05115156859e-06, 1.37361553243e-06, 1.74528190655e-06, 2.30607679441e-06, 3.09827123601e-06, 1.48379842813e-06, 9.60285888141e-07, 1.69577560882e-06, 2.19251933231e-06, 1.67971268183e-06, 1.50320397552e-06, 1.42209330534e-06, 1.29822240069e-06, 1.05789570171e-06, 8.44798307753e-07, 8.9897645239e-07, 1.29904344703e-06, 1.18927607673e-06], "median": [0.008874328807, 0.0042431326583, 0.00230879243463, 0.00183543935418, 0.000920438731555, 0.000333708361723, 0.000110735578346, 5.35642393515e-05, 4.09928361478e-05, 2.52647405432e-05, 1.44825080497e-05, 1.20776094263e-05, 7.48813090468e-06, 3.82520920539e-06, 4.20737251261e-06, 2.66530787485e-06, 2.73671753348e-06, 1.64246102941e-06, 1.39757776196e-06, 1.49429979501e-06, 1.87155865206e-06, 9.67240339378e-07, 4.54281007478e-07, 3.16516548082e-07, 3.05764160657e-07, 3.44089414739e-07, 4.7116333235e-07, 2.14153487832e-07, 6.83925094336e-08, 7.07053828819e-08, 4.69706940009e-08, 2.98350073535e-08, 3.84068812309e-08, 4.32430873332e-08, 4.73378030108e-08, 3.82202429705e-08, 3.09728491743e-08, 3.61938461424e-08, 3.63868295494e-08, 2.72936784285e-08], "min": [2.62445976786e-23, 1.22008848473e-23, 1.69804376664e-23, 5.0753330601e-24, 3.39815482218e-24, 3.80435665721e-24, 1.4362627996e-23, 1.63601689584e-23, 9.24093358051e-24, 1.53240238253e-23, 8.45652737282e-24, 9.04975629557e-24, 1.22443108513e-23, 1.2757000231e-23, 9.36608162996e-24, 6.63776437962e-24, 8.59039470185e-24, 1.54308860789e-23, 1.54586366278e-23, 1.72949249549e-23, 8.28427091669e-24, 1.49902883307e-23, 1.61868136191e-23, 1.26544680349e-23, 8.11155218808e-24, 7.86355482986e-24, 6.72590538628e-24, 8.8242667167e-24, 1.04913254469e-23, 1.14717943551e-23, 1.35748288976e-23, 1.06962375891e-23, 6.77709930359e-24, 1.40525946162e-23, 9.634650114e-24, 1.04809763807e-23, 1.06970627376e-23, 1.00552644378e-23, 1.38577396617e-23, 8.71825564395e-24], "var": [3.62091523129e-05, 1.42593280543e-05, 1.42654398587e-05, 5.98123642703e-06, 1.16206945222e-06, 3.94032923623e-07, 1.45312739619e-07, 1.07413335115e-07, 9.2093678461e-08, 2.40392061812e-08, 6.18983531098e-09, 7.07050817894e-09, 2.65834465552e-09, 3.66492669546e-10, 1.53635526523e-09, 3.23238241728e-10, 2.45268805266e-10, 2.67993155445e-10, 1.97314595218e-10, 2.25556698319e-10, 3.26369209436e-10, 1.56913732008e-10, 1.96873316261e-11, 1.01959404461e-11, 2.05244293783e-11, 3.78478810792e-11, 8.56687082385e-11, 2.2789331186e-11, 2.51564168802e-11, 1.14346719593e-10, 2.24788201941e-10, 9.88290144166e-11, 7.3364730957e-11, 6.13510908742e-11, 4.85865861433e-11, 4.08333436508e-11, 1.93078851518e-11, 2.08054719286e-11, 5.65130130192e-11, 4.83531721607e-11]}, "mfcc": {"mean": [-729.376708984, 186.46232605, 44.0927658081, 34.5831642151, 23.9753913879, 5.41952800751, 6.19356918335, 1.78437900543, -0.684512853622, 2.98594284058, -6.69130992889, -4.14348840714, 3.06377625465], "cov": [[9113.05664062, -2336.20410156, -896.011047363, -544.084106445, -493.047271729, -167.455154419, -223.240158081, -109.171981812, 1.92411267757, -4.21673822403, 2.89489889145, -42.4915733337, -27.8190002441], [-2336.20410156, 2838.68237305, -799.569885254, 190.166564941, 186.566665649, -184.586090088, 257.911895752, 77.9225311279, -60.8589859009, 155.821640015, -35.0884361267, -36.9438667297, 108.345993042], [-896.011047363, -799.569885254, 1461.68432617, -186.264968872, 51.3217735291, 200.37638855, -135.311447144, 47.754989624, 57.8334007263, -53.0553359985, 105.804489136, 83.0099563599, -48.3788452148], [-544.084106445, 190.166564941, -186.264968872, 435.105804443, 40.4792633057, 29.9017467499, 64.4295349121, 19.9526233673, 19.3898658752, -18.8798789978, -39.2588310242, 17.8298301697, 26.7447490692], [-493.047271729, 186.566665649, 51.3217735291, 40.4792633057, 243.243789673, 14.1226663589, 13.0100650787, 37.500743866, 4.37265634537, 24.3672714233, 10.0986938477, 18.0310077667, 25.5561389923], [-167.455154419, -184.586090088, 200.37638855, 29.9017467499, 14.1226663589, 257.460327148, 35.7290458679, 36.3035430908, 25.5644760132, -39.7649002075, 29.9345321655, 10.5067834854, -13.93085289], [-223.240158081, 257.911895752, -135.311447144, 64.4295349121, 13.0100650787, 35.7290458679, 172.064910889, 41.5731887817, -3.01243543625, 22.6009063721, -3.49397730827, 1.91474223137, 25.4320316315], [-109.171981812, 77.9225311279, 47.754989624, 19.9526233673, 37.500743866, 36.3035430908, 41.5731887817, 129.83026123, 11.4128751755, -1.29362607002, 8.65289020538, 16.2207870483, 16.8670787811], [1.92411267757, -60.8589859009, 57.8334007263, 19.3898658752, 4.37265634537, 25.5644760132, -3.01243543625, 11.4128751755, 111.083351135, 23.1314525604, 1.123062253, 3.68300533295, 2.79463195801], [-4.21673822403, 155.821640015, -53.0553359985, -18.8798789978, 24.3672714233, -39.7649002075, 22.6009063721, -1.29362607002, 23.1314525604, 117.304786682, 28.2740287781, -2.95247149467, 25.7149391174], [2.89489889145, -35.0884361267, 105.804489136, -39.2588310242, 10.0986938477, 29.9345321655, -3.49397730827, 8.65289020538, 1.123062253, 28.2740287781, 113.310142517, 26.6143894196, -8.4023771286], [-42.4915733337, -36.9438667297, 83.0099563599, 17.8298301697, 18.0310077667, 10.5067834854, 1.91474223137, 16.2207870483, 3.68300533295, -2.95247149467, 26.6143894196, 83.1172866821, 27.7567691803], [-27.8190002441, 108.345993042, -48.3788452148, 26.7447490692, 25.5561389923, -13.93085289, 25.4320316315, 16.8670787811, 2.79463195801, 25.7149391174, -8.4023771286, 27.7567691803, 90.7461624146]], "icov": [[0.000243234404479, 0.000267538242042, 0.000345624517649, 0.000300179061014, 0.000230239267694, 3.3627369703e-05, 0.000138725285069, -0.000208801531699, -4.29589126725e-05, -0.000146333302837, -9.98673640424e-05, -0.000106629631773, -0.000142657765537], [0.000267538242042, 0.000833693833556, 0.000554627098609, 0.000242359659751, -0.000103122190922, 0.000328353489749, -0.00039572553942, -0.000436155271018, 0.000200728361961, -0.000532919017132, -0.000156547655934, 0.000105576473288, -0.000319647311699], [0.000345624517649, 0.000554627098609, 0.00160137692001, 0.000822020403575, -6.32059754935e-06, -0.000604139466304, 0.000841710017994, -0.000679822813254, -0.000391413574107, -9.82779092737e-05, -0.000526497722603, -0.00103302299976, 0.000161853022291], [0.000300179061014, 0.000242359659751, 0.000822020403575, 0.00322198634967, -0.000166969446582, -0.000425346574048, -0.000412900233641, -0.000170204250026, -0.000835306709632, 0.000590745941736, 0.000656744465232, -0.00116939831059, -0.000302791013382], [0.000230239267694, -0.000103122190922, -6.32059754935e-06, -0.000166969446582, 0.00507511757314, -0.00033004587749, 0.000754173321184, -0.00120083906222, 0.00025889070821, -0.00110625068191, 1.67801005091e-07, -0.000524419534486, -0.000762619602028], [3.3627369703e-05, 0.000328353489749, -0.000604139466304, -0.000425346574048, -0.00033004587749, 0.00571242021397, -0.0021639931947, -0.000569600379094, -0.00124198873527, 0.00235779955983, -0.00182237266563, 0.00110113294795, -3.1650870369e-05], [0.000138725285069, -0.00039572553942, 0.000841710017994, -0.000412900233641, 0.000754173321184, -0.0021639931947, 0.00872315652668, -0.00224547460675, 0.000762485200539, -0.00182668992784, 0.000385456427466, -0.000459359696833, -0.000816158251837], [-0.000208801531699, -0.000436155271018, -0.000679822813254, -0.000170204250026, -0.00120083906222, -0.000569600379094, -0.00224547460675, 0.00960400886834, -0.000945980485994, 0.00130217242986, -0.000356887263479, -0.000550435157493, -0.000965140119661], [-4.29589126725e-05, 0.000200728361961, -0.000391413574107, -0.000835306709632, 0.00025889070821, -0.00124198873527, 0.000762485200539, -0.000945980485994, 0.0106267808005, -0.00377689721063, 0.00148987036664, -0.000332453113515, 0.000465892226202], [-0.000146333302837, -0.000532919017132, -9.82779092737e-05, 0.000590745941736, -0.00110625068191, 0.00235779955983, -0.00182668992784, 0.00130217242986, -0.00377689721063, 0.0134535161778, -0.00479634478688, 0.00280264741741, -0.00368907419033], [-9.98673640424e-05, -0.000156547655934, -0.000526497722603, 0.000656744465232, 1.67801005091e-07, -0.00182237266563, 0.000385456427466, -0.000356887263479, 0.00148987036664, -0.00479634478688, 0.0125774135813, -0.00481396680698, 0.00331084965728], [-0.000106629631773, 0.000105576473288, -0.00103302299976, -0.00116939831059, -0.000524419534486, 0.00110113294795, -0.000459359696833, -0.000550435157493, -0.000332453113515, 0.00280264741741, -0.00481396680698, 0.0171564593911, -0.00629442837089], [-0.000142657765537, -0.000319647311699, 0.000161853022291, -0.000302791013382, -0.000762619602028, -3.1650870369e-05, -0.000816158251837, -0.000965140119661, 0.000465892226202, -0.00368907419033, 0.00331084965728, -0.00629442837089, 0.0154141057283]]}, "spectral_contrast_coeffs": {"dmean": [0.0412350073457, 0.0389251299202, 0.0308520831168, 0.0266452617943, 0.0207829903811, 0.0197241548449], "dmean2": [0.067856028676, 0.0638388991356, 0.0497969835997, 0.0432335920632, 0.0322957858443, 0.032163862139], "dvar": [0.00142088031862, 0.00114755402319, 0.000677826348692, 0.000491166720167, 0.000416767463321, 0.000454502878711], "dvar2": [0.0038493394386, 0.00303283426911, 0.00166251545306, 0.00119885813911, 0.000872683944181, 0.00117954402231], "max": [-0.19509370625, -0.410612046719, -0.528808474541, -0.535741567612, -0.566931307316, -0.57698148489], "mean": [-0.62187153101, -0.68076223135, -0.766533970833, -0.777872025967, -0.786103844643, -0.814562082291], "median": [-0.63380920887, -0.68427503109, -0.773275136948, -0.782914280891, -0.792844593525, -0.821632266045], "min": [-0.974689900875, -0.957151710987, -0.960713803768, -0.962612211704, -0.960799276829, -0.958894371986], "var": [0.00941754318774, 0.00548870302737, 0.00410394417122, 0.00353938480839, 0.00314137828536, 0.00211532483809]}, "spectral_contrast_valleys": {"dmean": [0.291131615639, 0.304910928011, 0.303170770407, 0.297850340605, 0.298238098621, 0.419518262148], "dmean2": [0.48278221488, 0.486240059137, 0.475207477808, 0.462919145823, 0.430115759373, 0.573306381702], "dvar": [0.102683499455, 0.0911880433559, 0.0941900387406, 0.0997090488672, 0.139149799943, 0.288043051958], "dvar2": [0.230414107442, 0.197056293488, 0.194259703159, 0.197587862611, 0.252671062946, 0.