{"lowlevel": {"average_loudness": 0.974774897099, "barkbands_crest": {"dmean": 1.99409174919, "dmean2": 3.09399461746, "dvar": 4.28451347351, "dvar2": 11.3142976761, "max": 19.4270381927, "mean": 8.70620822906, "median": 8.2034702301, "min": 2.6410138607, "var": 11.0228891373}, "barkbands_flatness_db": {"dmean": 0.0230415929109, "dmean2": 0.0309189409018, "dvar": 0.000674400595017, "dvar2": 0.00137122231536, "max": 0.283153504133, "mean": 0.118323341012, "median": 0.105914577842, "min": 0.0246864669025, "var": 0.00313072488643}, "barkbands_kurtosis": {"dmean": 2.64305186272, "dmean2": 4.34011363983, "dvar": 38.8679542542, "dvar2": 109.324249268, "max": 71.899055481, "mean": 3.8819437027, "median": 2.59741258621, "min": -1.61124277115, "var": 37.3458976746}, "barkbands_skewness": {"dmean": 0.467493921518, "dmean2": 0.721878170967, "dvar": 0.487962961197, "dvar2": 1.28901231289, "max": 7.76318216324, "mean": 1.37649261951, "median": 1.38696038723, "min": -2.6756606102, "var": 1.2290071249}, "barkbands_spread": {"dmean": 5.91153144836, "dmean2": 8.62366390228, "dvar": 50.3245162964, "dvar2": 111.972496033, "max": 70.7438430786, "mean": 23.3769931793, "median": 21.2861595154, "min": 2.31209850311, "var": 193.66305542}, "dissonance": {"dmean": 0.0217451490462, "dmean2": 0.0336311273277, "dvar": 0.000585106899962, "dvar2": 0.00118862802628, "max": 0.49994301796, "mean": 0.444269388914, "median": 0.459131538868, "min": 0.24784642458, "var": 0.00263203331269}, "dynamic_complexity": 4.35997629166, "erbbands_crest": {"dmean": 2.25696468353, "dmean2": 3.34481501579, "dvar": 5.87245512009, "dvar2": 11.4236116409, "max": 24.5576896667, "mean": 9.69904899597, "median": 8.56873035431, "min": 2.52754974365, "var": 25.9952793121}, "erbbands_flatness_db": {"dmean": 0.0230056736618, "dmean2": 0.0295651815832, "dvar": 0.000850233191159, "dvar2": 0.00152831734158, "max": 0.33117377758, "mean": 0.143387660384, "median": 0.126934200525, "min": 0.04569074139, "var": 0.00294368877076}, "erbbands_kurtosis": {"dmean": 1.18434131145, "dmean2": 1.75137758255, "dvar": 2.76305031776, "dvar2": 5.71460914612, "max": 15.3152713776, "mean": 1.58040833473, "median": 0.235358715057, "min": -1.57964742184, "var": 9.97717571259}, "erbbands_skewness": {"dmean": 0.330091893673, "dmean2": 0.468194305897, "dvar": 0.112156897783, "dvar2": 0.221257820725, "max": 3.43454170227, "mean": 0.740986049175, "median": 0.747520565987, "min": -2.30169034004, "var": 1.13051664829}, "erbbands_spread": {"dmean": 9.15959739685, "dmean2": 13.4547567368, "dvar": 150.431716919, "dvar2": 307.377044678, "max": 124.859313965, "mean": 40.1712417603, "median": 42.8156471252, "min": 5.56387472153, "var": 448.264038086}, "hfc": {"dmean": 9.38939571381, "dmean2": 11.7058048248, "dvar": 197.705505371, "dvar2": 373.346160889, "max": 107.953147888, "mean": 22.1902294159, "median": 15.3355007172, "min": 1.21086456417e-08, "var": 456.613067627}, "melbands_crest": {"dmean": 2.81492757797, "dmean2": 4.4110584259, "dvar": 8.72357749939, "dvar2": 23.2354393005, "max": 27.3913669586, "mean": 12.4514007568, "median": 11.3898429871, "min": 3.59673380852, "var": 21.7310943604}, "melbands_flatness_db": {"dmean": 0.0260486137122, "dmean2": 0.0354463718832, "dvar": 0.000923099520151, "dvar2": 0.00189633341506, "max": 0.365609496832, "mean": 0.178411215544, "median": 0.17243348062, "min": 0.0122011872008, "var": 0.00542435375974}, "melbands_kurtosis": {"dmean": 6.98609495163, "dmean2": 11.8433990479, "dvar": 408.285125732, "dvar2": 1175.38745117, "max": 239.524780273, "mean": 12.0175971985, "median": 7.70943450928, "min": -1.57610952854, "var": 336.06842041}, "melbands_skewness": {"dmean": 0.683946430683, "dmean2": 1.06286084652, "dvar": 1.39131700993, "dvar2": 3.6683177948, "max": 11.8838624954, "mean": 2.28363895416, "median": 2.13325715065, "min": -1.52388489246, "var": 2.80066919327}, "melbands_spread": {"dmean": 5.73617887497, "dmean2": 8.3003616333, "dvar": 48.8299827576, "dvar2": 110.423194885, "max": 146.684494019, "mean": 24.2934818268, "median": 17.8338451385, "min": 1.60434401035, "var": 369.285339355}, "pitch_salience": {"dmean": 0.0605959184468, "dmean2": 0.0980898141861, "dvar": 0.00412879930809, "dvar2": 0.0106176873669, "max": 0.824594855309, "mean": 0.59761852026, "median": 0.607526421547, "min": 0.172481477261, "var": 0.0125299990177}, "silence_rate_20dB": {"dmean": 0, "dmean2": 0, "dvar": 0, "dvar2": 0, "max": 1, "mean": 1, "median": 1, "min": 1, "var": 0}, "silence_rate_30dB": {"dmean": 0, "dmean2": 0, "dvar": 0, "dvar2": 0, "max": 1, "mean": 1, "median": 1, "min": 1, "var": 0}, "silence_rate_60dB": {"dmean": 0.00463678501546, "dmean2": 0.00850734766573, "dvar": 0.00461524398997, "dvar2": 0.00998186599463, "max": 1, "mean": 0.0880308896303, "median": 0, "min": 0, "var": 0.0802815258503}, "spectral_centroid": {"dmean": 201.7684021, "dmean2": 287.98840332, "dvar": 52689.578125, "dvar2": 108788.109375, "max": 3819.95581055, "mean": 1399.07287598, "median": 1213.08935547, "min": 285.163299561, "var": 610896.5625}, "spectral_complexity": {"dmean": 4.37403392792, "dmean2": 5.88321733475, "dvar": 36.2435951233, "dvar2": 54.871711731, "max": 57, "mean": 19.0610046387, "median": 15, "min": 0, "var": 176.388168335}, "spectral_decrease": {"dmean": 2.39203856722e-09, "dmean2": 3.73476449766e-09, "dvar": 1.88169030977e-17, "dvar2": 4.99133652545e-17, "max": 4.36238697241e-21, "mean": -5.92790527776e-09, "median": -4.86197926364e-09, "min": -3.35080017067e-08, "var": 2.37664971116e-17}, "spectral_energy": {"dmean": 0.00970663316548, "dmean2": 0.0148133309558, "dvar": 0.000290668045636, "dvar2": 0.000758693204261, "max": 0.129894316196, "mean": 0.0243860110641, "median": 0.0199653953314, "min": 1.08182484238e-12, "var": 0.000389185821405}, "spectral_energyband_high": {"dmean": 0.000747526297346, "dmean2": 0.000935866963118, "dvar": 1.28396334276e-06, "dvar2": 2.27129430641e-06, "max": 0.00834023952484, "mean": 0.00134359824006, "median": 0.000562887289561, "min": 7.47497658389e-13, "var": 3.07967366098e-06}, "spectral_energyband_low": {"dmean": 0.00458816858009, "dmean2": 0.00810238067061, "dvar": 0.000245808041655, "dvar2": 0.000682774290908, "max": 0.118675105274, "mean": 0.00611200649291, "median": 0.0033352971077, "min": 2.6827369807e-14, "var": 0.000179782000487}, "spectral_energyband_middle_high": {"dmean": 0.00141076126602, "dmean2": 0.00200847629458, "dvar": 6.9965349212e-06, "dvar2": 1.5132797671e-05, "max": 0.0283033251762, "mean": 0.00315973442048, "median": 0.00173251773231, "min": 1.56432917835e-13, "var": 1.3911597307e-05}, "spectral_energyband_middle_low": {"dmean": 0.0050844871439, "dmean2": 0.00728937238455, "dvar": 5.72526005271e-05, "dvar2": 0.000132591449074, "max": 0.0712686255574, "mean": 0.0146509883925, "median": 0.0124317388982, "min": 2.14777485754e-14, "var": 0.00012546365906}, "spectral_entropy": {"dmean": 0.201985776424, "dmean2": 0.255622148514, "dvar": 0.077786244452, "dvar2": 0.13450948894, "max": 8.79460906982, "mean": 7.56845521927, "median": 7.72517442703, "min": 5.88446903229, "var": 0.353579878807}, "spectral_flux": {"dmean": 0.0289600118995, "dmean2": 0.0437219962478, "dvar": 0.00184871000238, "dvar2": 0.00401127710938, "max": 0.327438890934, "mean": 0.0718691423535, "median": 0.0556458607316, "min": 1.67076177604e-05, "var": 0.00325861899182}, "spectral_kurtosis": {"dmean": 1.94551718235, "dmean2": 3.07374072075, "dvar": 14.9220514297, "dvar2": 38.3486366272, "max": 46.9702415466, "mean": 4.8731379509, "median": 2.85000419617, "min": 0.772838115692, "var": 26.1208400726}, "spectral_rms": {"dmean": 0.000840887601953, "dmean2": 0.00121596560348, "dvar": 1.60550473538e-06, "dvar2": 3.97069834435e-06, "max": 0.0112572722137, "mean": 0.00445232447237, "median": 0.00441343802959, "min": 3.24875166768e-08, "var": 3.96807854486e-06}, "spectral_rolloff": {"dmean": 503.833953857, "dmean2": 774.913024902, "dvar": 774407.75, "dvar2": 1652818.75, "max": 19336.8164062, "mean": 1652.81774902, "median": 796.728515625, "min": 129.19921875, "var": 2500951.75}, "spectral_skewness": {"dmean": 0.233720988035, "dmean2": 0.354181051254, "dvar": 0.118976444006, "dvar2": 0.269318223, "max": 5.0266661644, "mean": 1.59612393379, "median": 1.36661529541, "min": 0.499713212252, "var": 0.442095935345}, "spectral_spread": {"dmean": 776547.875, "dmean2": 1031235.6875, "dvar": 909151174656, "dvar2": 1629460103170.0, "max": 10734386, "mean": 5214506.5, "median": 5250097, "min": 1243553.875, "var": 2567248281600.0}, "spectral_strongpeak": {"dmean": 0.389793366194, "dmean2": 0.587052941322, "dvar": 0.26176276803, "dvar2": 0.531230926514, "max": 4.1482796669, "mean": 1.04993367195, "median": 0.69304394722, "min": 0, "var": 0.847411990166}, "zerocrossingrate": {"dmean": 0.0132903819904, "dmean2": 0.0146405072883, "dvar": 0.000190331949852, "dvar2": 0.000223582363105, "max": 0.50927734375, "mean": 0.0745663940907, "median": 0.06640625, "min": 0.01611328125, "var": 0.00189200404566}, "barkbands": {"dmean": [1.12360485218e-05, 0.00127794151194, 0.00328227458522, 0.000605628534686, 0.00185879122, 0.00116004480515, 0.001328815124, 0.00194383389316, 0.000758903450333, 0.000451814499684, 0.000210692844121, 0.000217382446863, 0.000180899296538, 0.000204723546631, 0.00019748066552, 0.0001990248129, 0.000164663753822, 0.000108595508209, 0.00012271956075, 0.000139570591273, 0.000146925318404, 0.000156222042278, 0.00013808751828, 0.000122463286971, 8.7692103989e-05, 7.69272955949e-05, 2.33840783039e-05], "dmean2": [1.75548993866e-05, 0.00225196871907, 0.0059347525239, 0.00103898951784, 0.00311208423227, 0.00197301548906, 0.00198701280169, 0.0025593615137, 0.00113711482845, 0.000736027024686, 0.00034104794031, 0.000366192165529, 0.000277289829683, 0.000313599564834, 0.000323229352944, 0.000317046593409, 0.000252012570854, 0.000168987186044, 0.000185603756108, 0.000202736715437, 0.000209297097172, 0.000214528292418, 0.000188308258657, 0.000168331767782, 0.000122326993733, 0.000111585999548, 3.41951381415e-05], "dvar": [8.12793055083e-10, 1.40538477353e-05, 0.000139683557791, 2.10583993976e-06, 1.8800392354e-05, 4.00033786718e-06, 3.88857552025e-06, 7.64692686062e-06, 1.19092658224e-06, 7.91328034211e-07, 2.05483843274e-07, 3.6226177258e-07, 1.14227511006e-07, 1.58282020379e-07, 1.10789613927e-07, 1.7548356368e-07, 6.29148644293e-08, 4.15317060742e-08, 4.63871394629e-08, 5.23491152649e-08, 5.83306167812e-08, 7.31373006602e-08, 4.76334562904e-08, 4.03440729713e-08, 1.96921021711e-08, 2.137879207e-08, 1.8993500106e-09], "dvar2": [1.7595659374e-09, 3.93894151784e-05, 0.000395205221139, 5.22094842381e-06, 5.17333064636e-05, 1.09252305265e-05, 7.89580371929e-06, 1.2616418644e-05, 2.58635009232e-06, 1.92032871382e-06, 5.4079629308e-07, 9.65977505984e-07, 2.74661942967e-07, 3.60477145023e-07, 2.80848297507e-07, 4.26510723628e-07, 1.32759510052e-07, 1.00514611745e-07, 1.0059823552e-07, 1.05550192586e-07, 1.08778664298e-07, 1.44563557569e-07, 9.10687418809e-08, 8.25978290209e-08, 4.04146369704e-08, 4.83390714123e-08, 4.35751079664e-09], "max": [0.000330717943143, 0.0395703017712, 0.0906783640385, 0.0141323646531, 0.0392167940736, 0.0178743805736, 0.0237747896463, 0.0374326817691, 0.0130447940901, 0.00911635998636, 0.00400533806533, 0.0103429537266, 0.00410492066294, 0.00381732801907, 0.0028198454529, 0.00738532235846, 0.00264888675883, 0.00178463058546, 0.0019288022304, 0.00208927015774, 0.00261813215911, 0.00277752708644, 0.00202078488655, 0.00214379257523, 0.00105899828486, 0.0010508724954, 0.00038340484025], "mean": [1.20831255117e-05, 0.00202355301008, 0.00342272617854, 0.00104416569229, 0.00247722817585, 0.00208947970532, 0.00226204935461, 0.00465325638652, 0.00166715448722, 0.000711328582838, 0.000323691871017, 0.000291433127131, 0.000292366894428, 0.000319614715409, 0.000293758697808, 0.000313170166919, 0.000301013904391, 0.000183807394933, 0.000256163650192, 0.0002487906022, 0.000294543977361, 0.000274089135928, 0.000226440941333, 0.000174842760316, 0.000113742498797, 8.96387718967e-05, 2.5888248274e-05], "median": [2.04096340894e-06, 0.00103582430165, 0.00118432275485, 0.000813320628367, 0.00129025592469, 0.00114599696826, 0.00128099927679, 0.00261943018995, 0.00092025619233, 0.000246320531005, 0.000131373148179, 9.02766259969e-05, 0.000123887744849, 0.000109411506855, 0.000140853255289, 0.000118968411698, 0.000146317208419, 7.68875688664e-05, 0.000103095786471, 0.000110508459329, 0.000102342753962, 9.76835071924e-05, 8.59519641381e-05, 6.24911554041e-05, 3.18329039146e-05, 2.71570806945e-05, 6.00707971898e-06], "min": [2.8784320847e-14, 1.18722441817e-14, 1.88420446238e-15, 2.68915861276e-16, 2.35731069166e-15, 4.76468314808e-15, 1.16018865115e-15, 4.73325928453e-16, 1.0931387936e-14, 5.77519684229e-15, 3.51545574877e-14, 5.20937841001e-15, 1.13909812369e-14, 4.2950410718e-15, 1.63216337147e-14, 1.01678377089e-14, 1.21239357868e-14, 2.78046205173e-14, 1.80879938713e-14, 1.8661962031e-14, 4.05664542756e-14, 6.18073775212e-14, 7.77620697869e-14, 6.36287829608e-14, 8.83605254937e-14, 1.36681302127e-13, 2.81835508707e-13], "var": [1.0820283558e-09, 1.30478547362e-05, 8.98854195839e-05, 2.03784520636e-06, 1.57672311616e-05, 6.46349371891e-06, 8.69422547112e-06, 2.76194950857e-05, 3.67766801901e-06, 1.53580185724e-06, 2.55495592683e-07, 3.67654251932e-07, 2.02836460517e-07, 2.60277118969e-07, 1.58599974043e-07, 3.28796147642e-07, 1.43145399534e-07, 6.74838531722e-08, 1.13693765513e-07, 1.09908839363e-07, 1.61874893934e-07, 1.66242074329e-07, 9.71159295204e-08, 6.79397089698e-08, 3.02616136594e-08, 2.48302427508e-08, 2.15991424746e-09]}, "erbbands": {"dmean": [0.0111436070874, 0.417657673359, 3.23347806931, 2.91777968407, 3.79605174065, 7.61724328995, 5.64143037796, 11.3871040344, 14.8308038712, 35.5060577393, 28.0188789368, 20.3673667908, 17.1748523712, 9.58476352692, 7.67152309418, 9.21914768219, 7.97605705261, 10.6445035934, 11.1297674179, 7.34348297119, 10.8387928009, 7.72107505798, 6.3164396286, 6.00854444504, 6.32874107361, 6.80782604218, 6.42938566208, 5.36450529099, 5.74640369415, 4.56472206116, 4.20575237274, 3.32163667679, 1.61702537537, 0.753356516361, 0.786417245865, 0.400065720081, 0.127087086439, 0.0274780727923, 0.00413854466751, 0.0002023276611], "dmean2": [0.0187893938273, 0.745501935482, 5.91880083084, 4.65849065781, 6.53894853592, 12.9567718506, 9.31861495972, 19.2680854797, 22.6287174225, 47.8152046204, 37.3967819214, 28.2464256287, 27.8705024719, 15.5910673141, 12.2278308868, 15.4898328781, 12.3932228088, 15.8881883621, 18.0019168854, 11.5066680908, 16.8614807129, 11.6915025711, 9.6576166153, 9.19243812561, 9.40073013306, 9.91107559204, 9.17531871796, 7.64709711075, 8.0503950119, 6.32278585434, 5.75482749939, 4.5371389389, 2.29128289223, 1.05787074566, 1.1043035984, 0.589814186096, 0.184623479843, 0.0397169180214, 0.00604135775939, 0.000294484663755], "dvar": [0.000769745674916, 1.64973664284, 133.839431763, 77.1942672729, 73.5424880981, 351.738250732, 74.3845367432, 426.655761719, 473.29598999, 2535.40576172, 2175.83666992, 791.40612793, 1128.07739258, 434.758300781, 252.695755005, 628.692871094, 227.895935059, 435.340179443, 320.281524658, 178.210525513, 443.662719727, 165.008178711, 127.972084045, 115.209190369, 114.635879517, 127.929878235, 100.951080322, 85.2125854492, 107.21056366, 61.8979721069, 44.8549423218, 29.7398109436, 7.57234048843, 1.51119422913, 1.6526569128, 0.594327390194, 0.0558684878051, 0.00258805882186, 5.66634116694e-05, 1.32208427317e-07], "dvar2": [0.0018681017682, 4.72328042984, 383.84161377, 191.778793335, 201.488647461, 988.122192383, 205.376693726, 1142.49475098, 1048.39941406, 4433.72802734, 3635.26147461, 1491.37792969, 2790.19287109, 1119.55200195, 633.705810547, 1682.18701172, 546.958312988, 974.51776123, 837.881652832, 407.648529053, 1061.99157715, 349.054748535, 304.511383057, 250.586349487, 259.601348877, 260.672485352, 197.501312256, 155.673873901, 220.854415894, 127.721046448, 88.535484314, 60.6468315125, 16.3708114624, 3.26120734215, 3.41160416603, 1.35108494759, 0.122702173889, 0.00584651809186, 0.000127930645249, 2.90145550252e-07], "max": [0.314175456762, 12.5626535416, 86.8199310303, 83.0317993164, 75.4083251953, 179.955474854, 110.068572998, 183.779846191, 205.519042969, 701.684570312, 501.722473145, 339.757019043, 364.515045166, 208.297729492, 171.093902588, 441.973144531, 192.852905273, 192.271286011, 154.382904053, 204.754364014, 226.954238892, 112.408432007, 110.06578064, 116.692100525, 92.662727356, 108.005935669, 97.9004745483, 92.617515564, 102.072006226, 99.7212600708, 72.3988113403, 48.3834457397, 33.3847465515, 8.83546447754, 9.14012813568, 5.69224452972, 1.83259725571, 0.405802518129, 0.0673964768648, 0.00276552187279], "mean": [0.0214346181601, 0.611596882343, 3.42572546005, 4.23395681381, 4.8154001236, 9.30957984924, 11.1092567444, 20.1929588318, 26.2087078094, 81.6280517578, 67.8475952148, 48.3932991028, 29.7643127441, 13.801484108, 12.1527795792, 13.3592071533, 13.5031986237, 17.5970249176, 16.8321323395, 13.4021053314, 18.3558197021, 14.3727197647, 11.1648321152, 11.5994386673, 12.5794801712, 12.1826171875, 12.5080089569, 10.5668954849, 9.85921859741, 7.96737289429, 6.67340183258, 4.78220033646, 2.19973611832, 1.02931976318, 0.966166913509, 0.45969375968, 0.151423767209, 0.0321776680648, 0.00460544088855, 0.000243095011683], "median": [0.0130014549941, 0.306917786598, 1.48457598686, 2.62185025215, 2.85109591484, 4.30376577377, 6.66366434097, 10.6577262878, 17.0841503143, 43.0828971863, 37.114315033, 27.3783378601, 13.0871953964, 6.36697769165, 4.76537656784, 4.63019657135, 5.97764492035, 6.45743370056, 8.79057216644, 6.10977220535, 8.57138442993, 6.39777755737, 5.22872161865, 4.30076360703, 5.31689786911, 5.40401697159, 4.84813928604, 3.35832643509, 3.59524774551, 2.6890809536, 2.50638341904, 1.72672402859, 0.765953361988, 0.294670462608, 0.267382919788, 0.1287330091, 0.0438286028802, 0.00920076668262, 0.00104659621138, 7.32774860808e-05], "min": [7.12246559474e-13, 1.5118929329e-12, 2.45529551551e-12, 1.35335839757e-12, 2.99163731982e-12, 8.00475050827e-12, 3.00104420481e-11, 3.63600573261e-11, 1.46000746215e-11, 2.31065028222e-11, 2.35269217302e-11, 2.787997333e-10, 2.27764820893e-10, 4.46756825978e-10, 1.37490496765e-09, 2.60825888665e-10, 5.35528510426e-10, 1.90686438861e-10, 7.79434183862e-10, 7.35430660814e-10, 5.49055356736e-10, 6.17465023556e-10, 1.24948029701e-09, 1.14519393968e-09, 1.14595788414e-09, 9.2615515257e-10, 1.80219150714e-09, 1.52613766069e-09, 2.12332973426e-09, 2.47077314164e-09, 2.0209522944e-09, 1.46240297649e-09, 1.14598552869e-09, 9.32621535554e-10, 6.48507914036e-10, 5.06995279093e-10, 2.59299387517e-10, 1.161784835e-10, 4.05041833407e-11, 4.45989165737e-12], "var": [0.00106102926657, 1.35876214504, 85.2569046021, 66.8435592651, 57.459690094, 274.604309082, 178.522705078, 664.854675293, 862.045166016, 8959.05175781, 7157.48583984, 3013.71069336, 2261.35546875, 477.384887695, 351.502410889, 670.159545898, 404.419006348, 738.580810547, 470.320159912, 379.263092041, 713.033813477, 341.079681396, 216.000289917, 273.098754883, 265.323516846, 260.270355225, 271.707519531, 229.586166382, 220.25227356, 137.26802063, 87.5575485229, 50.3765945435, 11.4231452942, 2.4022769928, 2.38396430016, 0.678378343582, 0.0684802606702, 0.00302952295169, 6.6532738856e-05, 1.60395103421e-07]}, "gfcc": {"mean": [-7.83130121231, 69.2207107544, -102.785316467, 22.1151733398, -67.2655487061, -2.29524946213, -36.922416687, 8.06196403503, -14.3577795029, 6.47378730774, -21.0091228485, -5.35899734497, -18.7131271362], "cov": [[19687.0410156, 1074.1817627, 1002.83483887, -795.25402832, -533.73059082, 535.019897461, -143.620452881, -41.3895187378, 88.2127609253, -288.68951416, -399.466918945, -9.42935276031, -267.754058838], [1074.1817627, 2268.54296875, -49.1719017029, -241.410964966, 145.050720215, -146.038986206, 86.591796875, 71.7053604126, 325.095062256, -89.9440307617, 2.74342823029, -180.866912842, 3.63432979584], [1002.83483887, -49.1719017029, 676.808898926, 156.546798706, 167.388290405, 159.228271484, 66.489074707, 108.303199768, 30.053483963, 15.2823219299, -68.794631958, -28.2880058289, -74.1318435669], [-795.25402832, -241.410964966, 156.546798706, 641.748535156, 181.736160278, 135.232086182, 82.9442214966, 19.7174377441, -73.8820114136, 5.08628225327, 23.2953186035, -1.42571353912, -13.0251245499], [-533.73059082, 145.050720215, 167.388290405, 181.736160278, 218.320632935, 71.2074890137, 68.6195144653, 49.0416755676, 19.6795444489, 0.940548539162, -7.58900356293, -22.6218318939, -18.1360645294], [535.019897461, -146.038986206, 159.228271484, 135.232086182, 71.2074890137, 185.129776001, 77.6607208252, 29.9363536835, -23.8005962372, -7.46928119659, -30.4990100861, -1.67505919933, -36.9037475586], [-143.620452881, 86.591796875, 66.489074707, 82.9442214966, 68.6195144653, 77.6607208252, 112.667854309, 55.3164367676, 27.5192451477, 0.463021695614, -4.29788303375, -24.6271190643, -16.6627120972], [-41.3895187378, 71.7053604126, 108.303199768, 19.7174377441, 49.0416755676, 29.9363536835, 55.3164367676, 95.3356704712, 60.6915931702, 18.2794055939, -16.9705867767, -29.1855316162, -24.4933776855], [88.2127609253, 325.095062256, 30.053483963, -73.8820114136, 19.6795444489, -23.8005962372, 27.5192451477, 60.6915931702, 130.534805298, 26.1285381317, -6.13344573975, -48.6255989075, -12.6295480728], [-288.68951416, -89.9440307617, 15.2823219299, 5.08628225327, 0.940548539162, -7.46928119659, 0.463021695614, 18.2794055939, 26.1285381317, 64.6233520508, 17.98371315, 0.920562505722, -6.12138986588], [-399.466918945, 2.74342823029, -68.794631958, 23.2953186035, -7.58900356293, -30.4990100861, -4.29788303375, -16.9705867767, -6.13344573975, 17.98371315, 64.2374038696, 20.8772830963, 17.8594074249], [-9.42935276031, -180.866912842, -28.2880058289, -1.42571353912, -22.6218318939, -1.67505919933, -24.6271190643, -29.1855316162, -48.6255989075, 0.920562505722, 20.8772830963, 69.6281356812, 21.8343334198], [-267.754058838, 3.63432979584, -74.1318435669, -13.0251245499, -18.1360645294, -36.9037475586, -16.6627120972, -24.4933776855, -12.6295480728, -6.12138986588, 17.8594074249, 21.8343334198, 47.0206680298]], "icov": [[0.000125513615785, -0.000176437548362, -0.000203590199817, 2.38835036726e-05, 0.000625322805718, -0.000629566377029, 0.000400922406698, 0.000100107128674, -8.23960945127e-05, 0.000235941872234, 0.000339262100169, -0.000453947635833, 0.000445821497124], [-0.000176437548362, 0.00158095778897, 0.000200746741029, 0.000268219620921, -0.00193107733503, 0.00175240519457, -0.00141100445762, 0.00150277477223, -0.00352203729562, 0.00299287820235, -0.00177662470378, 0.00193852442317, -0.000604528235272], [-0.000203590199817, 0.000200746741029, 0.00304114259779, -0.000172838903381, -0.00232465006411, -0.000492314517032, 0.000992260873318, -0.00253609428182, 0.00038060604129, -0.000992686022073, 0.00100860092789, -7.25130012142e-05, 0.000943012768403], [2.38835036726e-05, 0.000268219620921, -0.000172838903381, 0.00282970676199, -0.00193042983301, -0.00117419334128, -0.000296596728731, -0.000138659423101, 0.0017059823731, 3.78597360395e-05, -0.00217087310739, 0.00197664112784, -0.000847009476274], [0.000625322805718, -0.00193107733503, -0.00232465006411, -0.00193042983301, 0.0119484160095, -0.00370915886015, 0.000306841247948, -0.00108874973375, 0.00104301073588, -0.000374685565475, 0.0023045274429, -0.00288075208664, 0.00144315685611], [-0.000629566377029, 0.00175240519457, -0.000492314517032, -0.00117419334128, -0.00370915886015, 0.0170285329223, -0.0119037330151, 0.00394800957292, -0.00030224348302, 0.000618550169747, 0.00284361140803, -0.00163094874006, 0.0046270173043], [0.000400922406698, -0.00141100445762, 0.000992260873318, -0.000296596728731, 0.000306841247948, -0.0119037330151, 0.0235967840999, -0.0115230605006, 0.00138960778713, 0.0016257148236, -0.00401889765635, 0.00297883618623, -0.00226224260405], [0.000100107128674, 0.00150277477223, -0.00253609428182, -0.000138659423101, -0.00108874973375, 0.00394800957292, -0.0115230605006, 0.0281623639166, -0.0131030650809, 0.000487007579068, 0.00394190847874, -0.0017179553397, 0.0055267913267], [-8.23960945127e-05, -0.00352203729562, 0.00038060604129, 0.0017059823731, 0.00104301073588, -0.00030224348302, 0.00138960778713, -0.0131030650809, 0.0279890745878, -0.0139317810535, 0.00132396526169, 0.00669788802043, -0.00320133985952], [0.000235941872234, 0.00299287820235, -0.000992686022073, 3.78597360395e-05, -0.000374685565475, 0.000618550169747, 0.0016257148236, 0.000487007579068, -0.0139317810535, 0.0297794900835, -0.0101133985445, -0.000573445227928, 0.00497078057379], [0.000339262100169, -0.00177662470378, 0.00100860092789, -0.00217087310739, 0.0023045274429, 0.00284361140803, -0.00401889765635, 0.00394190847874, 0.00132396526169, -0.0101133985445, 0.0284287650138, -0.0106145916507, -2.20376259676e-05], [-0.000453947635833, 0.00193852442317, -7.25130012142e-05, 0.00197664112784, -0.00288075208664, -0.00163094874006, 0.00297883618623, -0.0017179553397, 0.00669788802043, -0.000573445227928, -0.0106145916507, 0.0306529011577, -0.0130098545924], [0.000445821497124, -0.000604528235272, 0.000943012768403, -0.000847009476274, 0.00144315685611, 0.0046270173043, -0.00226224260405, 0.0055267913267, -0.00320133985952, 0.00497078057379, -2.20376259676e-05, -0.0130098545924, 0.0372069627047]]}, "melbands": {"dmean": [0.000217476670514, 0.00129628472496, 0.00049560260959, 0.000464110227767, 0.000203816845897, 0.000243740782025, 0.000248368858593, 0.000414020818425, 0.000204338939511, 0.000122641577036, 8.50883225212e-05, 3.90802051697e-05, 2.53127855103e-05, 2.90214702545e-05, 1.68984915945e-05, 1.89146303455e-05, 2.17010747292e-05, 1.74250944838e-05, 1.23894460557e-05, 1.37905335578e-05, 1.29778318296e-05, 9.59931003308e-06, 6.16036140855e-06, 5.52378014618e-06, 5.13891291121e-06, 4.61114314021e-06, 4.54523114968e-06, 5.00969827044e-06, 4.1056741793e-06, 3.99559075959e-06, 3.14991802952e-06, 3.4795175452e-06, 2.98774330076e-06, 2.40397048401e-06, 2.41748398366e-06, 2.61368222709e-06, 1.88371996046e-06, 1.2469762396e-06, 6.78923413489e-07, 6.4673002953e-07], "dmean2": [0.00037887057988, 0.00236680614762, 0.000807908829302, 0.000797848973889, 0.000332957046339, 0.000411624321714, 0.00037653351319, 0.000551892328076, 0.000275890604826, 0.000178786824108, 0.00013896128803, 6.41913211439e-05, 4.11742657889e-05, 4.92693070555e-05, 2.80356816802e-05, 2.85897385766e-05, 3.25985856762e-05, 2.83083390968e-05, 2.01789280254e-05, 2.16851112782e-05, 2.01279253815e-05, 1.46583388414e-05, 9.55077393883e-06, 8.62722754391e-06, 8.01081750978e-06, 7.19331364962e-06, 6.71336147207e-06, 7.45610896047e-06, 6.06417552262e-06, 5.81773292652e-06, 4.65066841571e-06, 5.10488735017e-06, 4.26470433013e-06, 3.41585450769e-06, 3.37789469995e-06, 3.77383616978e-06, 2.64979098574e-06, 1.82632879842e-06, 9.46009834024e-07, 9.62299054663e-07], "dvar": [3.67125466028e-07, 2.10096350202e-05, 1.94027893485e-06, 1.37802692279e-06, 9.58637471626e-08, 1.91510039826e-07, 1.2862747667e-07, 3.58857988658e-07, 1.23744555935e-07, 2.85020718138e-08, 2.84163963471e-08, 7.59692397878e-09, 2.91797608298e-09, 6.82857681511e-09, 1.07053532705e-09, 1.45700052023e-09, 1.80752424139e-09, 7.91176069104e-10, 5.0641413285e-10, 8.57732773696e-10, 6.10699990578e-10, 2.36433317369e-10, 1.17051507376e-10, 1.19953824651e-10, 8.40055039419e-11, 7.06542532813e-11, 6.16734649461e-11, 7.27023233282e-11, 4.00194009875e-11, 4.8119112861e-11, 3.04954742014e-11, 4.42432895875e-11, 2.63876923784e-11, 1.66430740717e-11, 1.51842271395e-11, 1.91161669827e-11, 1.06657269822e-11, 4.60857263809e-12, 1.36312478232e-12, 1.30344303059e-12], "dvar2": [1.00925319657e-06, 6.01008250669e-05, 4.89548665428e-06, 3.83437736673e-06, 2.52108435461e-07, 5.05771879489e-07, 2.75217217904e-07, 6.10254630828e-07, 2.09203648183e-07, 5.93836126939e-08, 7.0419659437e-08, 1.97621847775e-08, 7.57595319811e-09, 1.82763724155e-08, 2.79252598823e-09, 3.20366755346e-09, 4.07048039719e-09, 2.06168460082e-09, 1.24899934839e-09, 2.0287165281e-09, 1.46926049105e-09, 5.26139853907e-10, 2.72483896557e-10, 3.02823821574e-10, 1.85445506173e-10, 1.65253435935e-10, 1.41780490126e-10, 1.52120205321e-10, 7.94606255794e-11, 9.77667877211e-11, 6.02263308669e-11, 9.77502245814e-11, 5.35655929335e-11, 3.41350628319e-11, 3.06242912973e-11, 4.04561939504e-11, 2.22745415862e-11, 1.0101326893e-11, 2.94666201162e-12, 2.99687379947e-12], "max": [0.0067071900703, 0.0338370911777, 0.0127792349085, 0.00994293671101, 0.00318991742097, 0.00389283755794, 0.00351292290725, 0.0088076852262, 0.00384463951923, 0.00205666781403, 0.00176139792893, 0.000915688520763, 0.00049718603259, 0.00143169378862, 0.000333189847879, 0.000548697542399, 0.000399445911171, 0.000244468625169, 0.000232682476053, 0.000697410199791, 0.000245209230343, 0.000129346110043, 0.000122314988403, 9.85284132184e-05, 0.000106712002889, 7.89389232523e-05, 8.00889756647e-05, 8.35832906887e-05, 6.17611513007e-05, 7.90921621956e-05, 6.62292804918e-05, 7.0259826316e-05, 5.03795963596e-05, 4.6330744226e-05, 3.92213332816e-05, 4.29837673437e-05, 3.67329994333e-05, 2.58933796431e-05, 1.07116429717e-05, 1.04623904917e-05], "mean": [0.000372552633053, 0.0015161705669, 0.000736923131626, 0.000530458055437, 0.000403509271564, 0.000431394932093, 0.000425777601777, 0.000975097820628, 0.000495589280035, 0.000277540064417, 0.000138329502079, 5.24741044501e-05, 3.89455890399e-05, 3.92302172258e-05, 2.69361498795e-05, 3.00514075207e-05, 3.3982028981e-05, 2.62101984845e-05, 1.90172904695e-05, 2.30364639719e-05, 2.14034953387e-05, 1.65518977155e-05, 1.08495105451e-05, 9.07687353902e-06, 9.36078231462e-06, 8.905559298e-06, 8.20971490612e-06, 8.25530605653e-06, 7.69409052737e-06, 7.43394775782e-06, 5.65242453376e-06, 5.71308146391e-06, 4.9724130804e-06, 4.08799178331e-06, 3.82519829145e-06, 3.71034161617e-06, 2.60226556748e-06, 1.63957577115e-06, 9.60334773481e-07, 8.31343811569e-07], "median": [0.000218689034227, 0.000770289683715, 0.000483708019601, 0.000241809713771, 0.000248306692811, 0.000229726472753, 0.000254987215158, 0.000528611475602, 0.000250241457252, 0.000161606745678, 5.49593059986e-05, 2.19972698687e-05, 1.61168591148e-05, 1.27723405967e-05, 1.0095255675e-05, 1.19980977615e-05, 1.10315104394e-05, 1.38864079418e-05, 8.86085308593e-06, 8.75517253007e-06, 9.48624528974e-06, 7.22487266103e-06, 5.15876809004e-06, 3.62654577657e-06, 3.19110290548e-06, 3.44840123034e-06, 3.3532321595e-06, 3.37441974807e-06, 3.16502951136e-06, 2.10157895708e-06, 1.81256120868e-06, 1.92793277165e-06, 1.6079394527e-06, 1.40898760037e-06, 1.39596261306e-06, 1.34953279485e-06, 8.95415553259e-07, 5.68779000787e-07, 2.65907971198e-07, 2.17723126639e-07], "min": [6.22329336501e-15, 1.50163652603e-15, 2.71013114853e-16, 3.77350160447e-16, 8.96368698904e-16, 8.27084209616e-16, 2.29817482175e-16, 2.15692426921e-16, 2.35666032917e-16, 1.861397465e-15, 1.08432266292e-15, 1.42636526081e-15, 5.11974538353e-15, 1.1164060475e-15, 8.18096766529e-16, 1.03250552825e-15, 2.27923066519e-16, 1.23300817951e-15, 1.00415925304e-15, 8.46198196285e-16, 6.48563175075e-16, 5.03732081919e-16, 1.2115470116e-15, 1.18288955765e-15, 8.76885035294e-16, 7.34196088461e-16, 7.87650643696e-16, 5.43776676231e-16, 1.08569898558e-15, 8.54802462842e-16, 9.89868007271e-16, 1.393819608e-15, 9.7711709092e-16, 1.41747141487e-15, 1.16880488205e-15, 9.48372074943e-16, 9.03949855541e-16, 8.3053301014e-16, 8.27081033242e-16, 6.97737302251e-16], "var": [3.77229923743e-07, 1.39957573992e-05, 1.64744528774e-06, 1.02952014913e-06, 2.06659734658e-07, 2.92876080721e-07, 2.61949878677e-07, 1.33695630211e-06, 4.04892119832e-07, 9.68358619957e-08, 5.50430634405e-08, 8.0061752783e-09, 3.61089402823e-09, 6.58549881294e-09, 1.65848534905e-09, 2.55771293034e-09, 3.09614445193e-09, 1.14159104392e-09, 7.36088467956e-10, 2.12422857082e-09, 9.34194277491e-10, 4.70890548776e-10, 2.05750125271e-10, 1.720452808e-10, 1.9588909661e-10, 1.47249226701e-10, 1.211589995e-10, 1.34563332699e-10, 1.01624125781e-10, 1.1890455287e-10, 7.32861271668e-11, 8.36983815589e-11, 5.48127411515e-11, 3.63654523161e-11, 2.96154108181e-11, 3.02710669031e-11, 1.64968056576e-11, 6.57306977944e-12, 2.31197548085e-12, 1.76235707885e-12]}, "mfcc": {"mean": [-654.88067627, 109.093399048, 10.4392004013, 22.6672897339, -7.68840885162, -3.26960968971, -14.8268585205, -1.90272915363, -0.306284844875, 9.60222911835, 0.208471938968, 3.4499373436, -2.82576560974], "cov": [[15077.2041016, 1266.6574707, 465.577941895, -555.593994141, -270.334625244, 194.308074951, -350.948547363, 164.489456177, 66.9287185669, -120.479240417, -48.4826545715, 173.455856323, -23.6693305969], [1266.6574707, 2195.85424805, -112.998138428, -46.3702430725, 3.35032939911, -155.537139893, -247.069259644, 45.7050285339, 156.2240448, 151.668167114, 94.4962234497, 117.233093262, -27.1798534393], [465.577941895, -112.998138428, 395.082641602, 136.544967651, 127.18460083, 105.292900085, 87.8611602783, 77.9901733398, 63.0139350891, 75.8147277832, 25.2730350494, 36.8173408508, 14.5468902588], [-555.593994141, -46.3702430725, 136.544967651, 397.409881592, 163.507827759, 110.370277405, 123.115097046, 55.1136627197, 34.6197242737, 40.5349617004, 20.6812458038, 14.7046871185, 13.0908718109], [-270.334625244, 3.35032939911, 127.18460083, 163.507827759, 170.60055542, 84.5654907227, 78.7705993652, 52.7222595215, 40.4010887146, 40.6420860291, 14.4317598343, 17.2017936707, 11.3362159729], [194.308074951, -155.537139893, 105.292900085, 110.370277405, 84.5654907227, 160.306243896, 112.710540771, 61.5341720581, 23.1967582703, 7.12404298782, 14.5495920181, -1.93893563747, 6.43253850937], [-350.948547363, -247.069259644, 87.8611602783, 123.115097046, 78.7705993652, 112.710540771, 168.480010986, 70.2247848511, 13.4659881592, 4.53713750839, 12.093870163, -10.0544433594, 0.498461902142], [164.489456177, 45.7050285339, 77.9901733398, 55.1136627197, 52.7222595215, 61.5341720581, 70.2247848511, 100.132621765, 57.7461051941, 31.1640357971, 21.5792865753, 12.6613807678, -2.31233406067], [66.9287185669, 156.2240448, 63.0139350891, 34.6197242737, 40.4010887146, 23.1967582703, 13.4659881592, 57.7461051941, 98.4574890137, 74.3017044067, 33.8659858704, 18.8521156311, 1.05573379993], [-120.479240417, 151.668167114, 75.8147277832, 40.5349617004, 40.6420860291, 7.12404298782, 4.53713750839, 31.1640357971, 74.3017044067, 121.151420593, 54.071308136, 25.6330966949, -2.18791246414], [-48.4826545715, 94.4962234497, 25.2730350494, 20.6812458038, 14.4317598343, 14.5495920181, 12.093870163, 21.5792865753, 33.8659858704, 54.071308136, 70.6039733887, 27.684381485, 2.35072922707], [173.455856323, 117.233093262, 36.8173408508, 14.7046871185, 17.2017936707, -1.93893563747, -10.0544433594, 12.6613807678, 18.8521156311, 25.6330966949, 27.684381485, 65.4146728516, 21.9821529388], [-23.6693305969, -27.1798534393, 14.5468902588, 13.0908718109, 11.3362159729, 6.43253850937, 0.498461902142, -2.31233406067, 1.05573379993, -2.18791246414, 2.35072922707, 21.9821529388, 49.0396614075]], "icov": [[0.000120868375234, -6.91877503414e-05, -0.00025840496528, 0.000115137831017, 0.000358592980774, -0.000610118731856, 0.000540639739484, -0.000344224768924, 8.20182394818e-05, 0.000249247503234, 0.000179190712515, -0.000295382516924, 0.000174487853656], [-6.91877503414e-05, 0.000870216463227, 0.000593601202127, -0.000269290641882, -0.000647609820589, 0.000550212629605, 0.00135294278152, -0.000870174495503, -0.000613738724496, -0.000308083981508, -0.000451711704955, -0.000857682956848, 0.000773048494011], [-0.00025840496528, 0.000593601202127, 0.00487833330408, -0.000390185712604, -0.00231397338212, -0.000140403033583, -0.00046291470062, -0.000962188118137, 0.000133893860038, -0.00318985804915, 0.0012864099117, -0.00161337351892, -0.000109653228719], [0.000115137831017, -0.000269290641882, -0.000390185712604, 0.00472055887803, -0.00302959606051, -0.00093320151791, -0.00185454799794, 0.00108763412572, 9.43897757679e-05, -7.39824245102e-05, 0.000167208403582, -0.000399440381443, -0.000179485374247], [0.000358592980774, -0.000647609820589, -0.00231397338212, -0.00302959606051, 0.0141389016062, -0.00452191894874, -0.000138474846608, -0.00121982255951, -0.000402191450121, -0.00135048246011, 0.00327560212463, -0.00192765053362, -0.000766629062127], [-0.000610118731856, 0.000550212629605, -0.000140403033583, -0.00093320151791, -0.00452191894874, 0.0173693727702, -0.00860259402543, -4.56190500699e-05, -0.00196196557954, 0.00215442618355, -0.00397336483002, 0.00339997559786, -0.0020417382475], [0.000540639739484, 0.00135294278152, -0.00046291470062, -0.00185454799794, -0.000138474846608, -0.00860259402543, 0.0214967280626, -0.0126482276246, 0.00532469293103, 0.000121841912915, -0.0018561182078, 0.00105325551704, 0.00149635178968], [-0.000344224768924, -0.000870174495503, -0.000962188118137, 0.00108763412572, -0.00121982255951, -4.56190500699e-05, -0.0126482276246, 0.0288226213306, -0.0160415582359, 0.00526800611988, -0.000904670625459, -0.00244794320315, 0.00284327077679], [8.20182394818e-05, -0.000613738724496, 0.000133893860038, 9.43897757679e-05, -0.000402191450121, -0.00196196557954, 0.00532469293103, -0.0160415582359, 0.0308138541877, -0.0151031743735, 0.0012453092495, 0.00237183691934, -0.00328575610183], [0.000249247503234, -0.000308083981508, -0.00318985804915, -7.39824245102e-05, -0.00135048246011, 0.00215442618355, 0.000121841912915, 0.00526800611988, -0.0151031743735, 0.0243839416653, -0.0114568602294, -0.000344280473655, 0.00330881774426], [0.000179190712515, -0.000451711704955, 0.0012864099117, 0.000167208403582, 0.00327560212463, -0.00397336483002, -0.0018561182078, -0.000904670625459, 0.0012453092495, -0.0114568602294, 0.0268835052848, -0.00925871264189, 0.00147370854393], [-0.000295382516924, -0.000857682956848, -0.00161337351892, -0.000399440381443, -0.00192765053362, 0.00339997559786, 0.00105325551704, -0.00244794320315, 0.00237183691934, -0.000344280473655, -0.00925871264189, 0.0272498242557, -0.0119966296479], [0.000174487853656, 0.000773048494011, -0.000109653228719, -0.000179485374247, -0.000766629062127, -0.0020417382475, 0.00149635178968, 0.00284327077679, -0.00328575610183, 0.00330881774426, 0.00147370854393, -0.0119966296479, 0.0270738974214]]}, "spectral_contrast_coeffs": {"dmean": [0.0484442748129, 0.0477421022952, 0.0383831486106, 0.0287159383297, 0.0211397223175, 0.0155178010464], "dmean2": [0.0808155462146, 0.0755104199052, 0.0612837001681, 0.0457583963871, 0.0331302918494, 0.0240942593664], "dvar": [0.00218442594633, 0.00168543506879, 0.00126633839682, 0.000729122315533, 0.000421044620452, 0.000181881725439], "dvar2": [0.00565576832741, 0.00387942255475, 0.00266485358588, 0.00151394866407, 0.000889287912287, 0.000395209965063], "max": [-0.301786065102, -0.474788606167, -0.520896553993, -0.618089318275, -0.659926056862, -0.684207201004], "mean": [-0.62096041441, -0.702675819397, -0.749602079391, -0.781326115131, -0.78502625227, -0.758036077023], "median": [-0.631081163883, -0.70235222578, -0.758344590664, -0.794586062431, -0.793323874474, -0.757032036781], "min": [-0.951970875263, -0.946411550045, -0.942424416542, -0.943057894707, -0.93709653616, -0.921225607395], "var": [0.00809179618955, 0.0088961282745, 0.00695751607418, 0.00317465467378, 0.00197202339768, 0.000988445826806]}, "spectral_contrast_valleys": {"dmean": [0.471153497696, 0.400317460299, 0.387148827314, 0.342645764351, 0.341140121222, 0.468740284443], "dmean2": [0.741508841515, 0.61443978548, 0.60700905323, 0.496204316616, 0.436483442783, 0.546858906746], "dvar": [0.317580074072, 0.1749445647, 0.210551127791, 0.226429611444, 0.242282703519, 0.353814989328], "dvar2": [0.647368192673, 0.3139731884, 0.344916403294, 0.320010274649, 0.362114667892, 0.597419321537], "max": [-5.64939451218, -4.83090496063, -5.30624294281, -5.80846357346, -5.85939598083, -8.07683753967], "mean": [-7.86167049408, -6.68383741379, -7.69816684723, -8.1134643