{"lowlevel": {"average_loudness": 0.919471085072, "barkbands_crest": {"dmean": 2.05878448486, "dmean2": 3.1552259922, "dvar": 3.76106238365, "dvar2": 9.20363903046, "max": 25.7331924438, "mean": 12.5444059372, "median": 12.1972789764, "min": 2.74977135658, "var": 19.7636489868}, "barkbands_flatness_db": {"dmean": 0.0225708447397, "dmean2": 0.0346240662038, "dvar": 0.000544193899259, "dvar2": 0.00126798124984, "max": 0.76336991787, "mean": 0.21986964345, "median": 0.21078684926, "min": 0.025477103889, "var": 0.00706961099058}, "barkbands_kurtosis": {"dmean": 6.07669973373, "dmean2": 9.98454761505, "dvar": 421.277893066, "dvar2": 1153.56726074, "max": 927.971008301, "mean": 14.0830001831, "median": 5.96582937241, "min": -1.89725279808, "var": 1582.12939453}, "barkbands_skewness": {"dmean": 0.657567203045, "dmean2": 1.02278292179, "dvar": 0.552338123322, "dvar2": 1.36263942719, "max": 25.0966930389, "mean": 2.3065636158, "median": 2.26428699493, "min": -9.26936149597, "var": 4.20106124878}, "barkbands_spread": {"dmean": 7.22959041595, "dmean2": 11.5671701431, "dvar": 129.802642822, "dvar2": 308.195129395, "max": 103.462295532, "mean": 16.4587802887, "median": 12.0778446198, "min": 0.268922477961, "var": 228.591094971}, "dissonance": {"dmean": 0.0231995768845, "dmean2": 0.0389044582844, "dvar": 0.000427160586696, "dvar2": 0.00116953440011, "max": 0.499668836594, "mean": 0.448535442352, "median": 0.453941762447, "min": 0.297533452511, "var": 0.00113541597966}, "dynamic_complexity": 3.13968586922, "erbbands_crest": {"dmean": 3.09003567696, "dmean2": 5.032787323, "dvar": 7.93086624146, "dvar2": 19.6762962341, "max": 27.8871078491, "mean": 10.4591856003, "median": 9.30274200439, "min": 2.59877872467, "var": 24.6090011597}, "erbbands_flatness_db": {"dmean": 0.0164983663708, "dmean2": 0.0252014547586, "dvar": 0.00026394543238, "dvar2": 0.000561544205993, "max": 0.381147861481, "mean": 0.182675987482, "median": 0.186808943748, "min": 0.0534733682871, "var": 0.00192269834224}, "erbbands_kurtosis": {"dmean": 1.75374293327, "dmean2": 3.00565648079, "dvar": 26.1251106262, "dvar2": 85.3511047363, "max": 190.344955444, "mean": 1.94091451168, "median": -0.0566776990891, "min": -1.85705173016, "var": 138.282073975}, "erbbands_skewness": {"dmean": 0.483188420534, "dmean2": 0.775567293167, "dvar": 0.224763900042, "dvar2": 0.558577537537, "max": 10.5273551941, "mean": 0.601807057858, "median": 0.488716155291, "min": -3.42162132263, "var": 1.47333836555}, "erbbands_spread": {"dmean": 13.5475225449, "dmean2": 21.2801837921, "dvar": 239.441192627, "dvar2": 529.173278809, "max": 161.961471558, "mean": 44.1910820007, "median": 37.0471801758, "min": 1.57533597946, "var": 680.09576416}, "hfc": {"dmean": 9.0621843338, "dmean2": 14.7342567444, "dvar": 230.517349243, "dvar2": 584.779296875, "max": 160.755432129, "mean": 19.1861076355, "median": 12.6284332275, "min": 5.58762502934e-09, "var": 362.265472412}, "melbands_crest": {"dmean": 2.78221654892, "dmean2": 4.27304363251, "dvar": 7.54514741898, "dvar2": 17.7190589905, "max": 38.7828140259, "mean": 17.5141124725, "median": 16.6533203125, "min": 1.61984431744, "var": 44.3088531494}, "melbands_flatness_db": {"dmean": 0.0280331689864, "dmean2": 0.0423820838332, "dvar": 0.000806146650575, "dvar2": 0.00183440838009, "max": 0.921322762966, "mean": 0.296577066183, "median": 0.285931825638, "min": 0.00367781403475, "var": 0.0119859836996}, "melbands_kurtosis": {"dmean": 16.8249511719, "dmean2": 28.1386604309, "dvar": 4578.1015625, "dvar2": 12368.4619141, "max": 2673.12402344, "mean": 37.8185768127, "median": 18.9538555145, "min": -1.33882546425, "var": 11884.0507812}, "melbands_skewness": {"dmean": 0.935614347458, "dmean2": 1.46991503239, "dvar": 1.13898086548, "dvar2": 2.49824476242, "max": 29.756811142, "mean": 3.92452025414, "median": 3.69033479691, "min": -0.681425869465, "var": 6.25710678101}, "melbands_spread": {"dmean": 5.36710548401, "dmean2": 8.7097902298, "dvar": 72.3713150024, "dvar2": 176.278961182, "max": 168.834838867, "mean": 15.0479049683, "median": 10.4366188049, "min": 0.0364684611559, "var": 324.992279053}, "pitch_salience": {"dmean": 0.0597742386162, "dmean2": 0.0969356298447, "dvar": 0.00297418213449, "dvar2": 0.00762059306726, "max": 0.892663657665, "mean": 0.482147723436, "median": 0.493280053139, "min": 0.012569651939, "var": 0.0147721488029}, "silence_rate_20dB": {"dmean": 0, "dmean2": 0, "dvar": 0, "dvar2": 0, "max": 1, "mean": 1, "median": 1, "min": 1, "var": 0}, "silence_rate_30dB": {"dmean": 0.0352623946965, "dmean2": 0.0705394223332, "dvar": 0.0340171866119, "dvar2": 0.0854793190956, "max": 1, "mean": 0.959767758846, "median": 1, "min": 0, "var": 0.0386129021645}, "silence_rate_60dB": {"dmean": 0.000414851703681, "dmean2": 0.000622406660113, "dvar": 0.00041468400741, "dvar2": 0.000621994084213, "max": 1, "mean": 0.0387805886567, "median": 0, "min": 0, "var": 0.0372767485678}, "spectral_centroid": {"dmean": 249.279769897, "dmean2": 400.900756836, "dvar": 107658.789062, "dvar2": 267411.78125, "max": 4275.50048828, "mean": 992.519104004, "median": 828.562316895, "min": 68.4219970703, "var": 475771.75}, "spectral_complexity": {"dmean": 2.66085863113, "dmean2": 4.24688816071, "dvar": 18.5397453308, "dvar2": 42.7714614868, "max": 54, "mean": 13.9218168259, "median": 13, "min": 0, "var": 60.0218391418}, "spectral_decrease": {"dmean": 2.4309223523e-09, "dmean2": 3.82868936555e-09, "dvar": 1.7361030478e-17, "dvar2": 4.44304151078e-17, "max": 2.01871946186e-16, "mean": -1.17806342459e-08, "median": -1.00498649402e-08, "min": -4.24452402115e-08, "var": 5.67201981192e-17}, "spectral_energy": {"dmean": 0.00964576657861, "dmean2": 0.0151716284454, "dvar": 0.000267027091468, "dvar2": 0.000681226956658, "max": 0.167506545782, "mean": 0.0462030358613, "median": 0.0396269485354, "min": 4.84280855435e-13, "var": 0.000856262282468}, "spectral_energyband_high": {"dmean": 0.00102846999653, "dmean2": 0.00169768743217, "dvar": 4.13766883867e-06, "dvar2": 1.04519931483e-05, "max": 0.0286213625222, "mean": 0.00115264684428, "median": 0.000188819540199, "min": 3.45247295379e-13, "var": 5.27660540683e-06}, "spectral_energyband_low": {"dmean": 0.00810443423688, "dmean2": 0.0127075947821, "dvar": 0.00019503038493, "dvar2": 0.000502722279634, "max": 0.139754220843, "mean": 0.0304591953754, "median": 0.0207570157945, "min": 1.1995602672e-14, "var": 0.000639070465695}, "spectral_energyband_middle_high": {"dmean": 0.00117608730216, "dmean2": 0.00196976889856, "dvar": 2.57061788034e-06, "dvar2": 7.39544839234e-06, "max": 0.0160997360945, "mean": 0.00272896769457, "median": 0.00211580703035, "min": 6.44797800223e-14, "var": 5.75242938794e-06}, "spectral_energyband_middle_low": {"dmean": 0.00378833175637, "dmean2": 0.00574005395174, "dvar": 3.84418272006e-05, "dvar2": 8.21445719339e-05, "max": 0.082503952086, "mean": 0.0138695603237, "median": 0.00863043405116, "min": 5.45743285564e-15, "var": 0.000180880189873}, "spectral_entropy": {"dmean": 0.21692481637, "dmean2": 0.325708389282, "dvar": 0.055392190814, "dvar2": 0.117259941995, "max": 8.88241291046, "mean": 7.14096355438, "median": 7.13652038574, "min": 4.40321540833, "var": 0.402909934521}, "spectral_flux": {"dmean": 0.0252171382308, "dmean2": 0.0415368117392, "dvar": 0.00108525180258, "dvar2": 0.00230890745297, "max": 0.310849249363, "mean": 0.0790788680315, "median": 0.0703907087445, "min": 1.3448205209e-05, "var": 0.00204173638485}, "spectral_kurtosis": {"dmean": 2.35114693642, "dmean2": 3.91847443581, "dvar": 5.98731040955, "dvar2": 16.3967418671, "max": 61.2285842896, "mean": 4.72129535675, "median": 3.63840532303, "min": -1.36838138103, "var": 27.9665660858}, "spectral_rms": {"dmean": 0.000659369572531, "dmean2": 0.0010200405959, "dvar": 9.43690565691e-07, "dvar2": 2.31513695326e-06, "max": 0.0127836233005, "mean": 0.00632564118132, "median": 0.00621775211766, "min": 2.17363549382e-08, "var": 5.0622084018e-06}, "spectral_rolloff": {"dmean": 534.616027832, "dmean2": 981.380187988, "dvar": 1899596.5, "dvar2": 4902671.5, "max": 19767.4804688, "mean": 1119.78894043, "median": 430.6640625, "min": 43.06640625, "var": 7967272}, "spectral_skewness": {"dmean": 0.352504968643, "dmean2": 0.556953191757, "dvar": 0.120174452662, "dvar2": 0.287802219391, "max": 6.82537412643, "mean": 1.61032032967, "median": 1.58661186695, "min": -0.635609447956, "var": 0.615017950535}, "spectral_spread": {"dmean": 679377.125, "dmean2": 1020301.9375, "dvar": 719169912832, "dvar2": 1341073522690.0, "max": 13355536, "mean": 4363609.5, "median": 3626633.75, "min": 1714506.125, "var": 3324054077440.0}, "spectral_strongpeak": {"dmean": 0.292377471924, "dmean2": 0.497063785791, "dvar": 0.404065281153, "dvar2": 1.0096681118, "max": 7.33470678329, "mean": 0.709296643734, "median": 0.358907580376, "min": 0, "var": 1.11425924301}, "zerocrossingrate": {"dmean": 0.0110217258334, "dmean2": 0.0140861039981, "dvar": 0.000244743656367, "dvar2": 0.000321480358252, "max": 0.82666015625, "mean": 0.0522879138589, "median": 0.03076171875, "min": 0.00146484375, "var": 0.0108912503347}, "barkbands": {"dmean": [0.000685422564857, 0.00593978073448, 0.00318589922972, 0.00159191363491, 0.000810843950603, 0.000926761771552, 0.000615523953456, 0.000735959329177, 0.00104126601946, 0.000768298225012, 2.7432326533e-05, 5.83065411774e-05, 0.000136296002893, 0.000204588664928, 0.00024032330839, 8.06526441011e-05, 0.000267329422059, 8.50238284329e-05, 0.000100825585832, 8.6924774223e-05, 0.000148440522025, 0.000184140109923, 0.000593665405177, 8.87728383532e-05, 7.84595340519e-06, 2.31216540669e-06, 6.75126102578e-07], "dmean2": [0.00111747521441, 0.00925668608397, 0.00520932627842, 0.00259472732432, 0.00131630327087, 0.00139554170892, 0.000944847008213, 0.00106255197898, 0.00142467708793, 0.00126142264344, 4.29773062933e-05, 8.3972387074e-05, 0.000215527747059, 0.000345697306329, 0.000427870487329, 0.000135583570227, 0.00046559254406, 0.000143864890561, 0.000169760489371, 0.000142096920172, 0.00023646846239, 0.000304458924802, 0.00100495456718, 0.000147497237776, 1.19692949738e-05, 3.24868801727e-06, 8.89109401214e-07], "dvar": [8.76927515492e-07, 8.83626125869e-05, 3.66360509361e-05, 1.67145881278e-05, 1.50981691149e-06, 2.45068190452e-06, 1.49221898482e-06, 5.3402022786e-06, 9.565592336e-06, 1.094483423e-06, 2.1279604745e-09, 3.14265236057e-08, 1.01924683804e-07, 1.14977552812e-07, 3.71481064576e-07, 5.95418256921e-08, 1.58351966206e-07, 3.19009600958e-08, 1.26330732542e-07, 7.1694906012e-08, 4.78807521631e-07, 1.92113063235e-07, 1.50322978243e-06, 2.81323000451e-08, 9.37181443561e-10, 7.28204371803e-11, 6.03914878175e-12], "dvar2": [2.07808648156e-06, 0.000235084429733, 0.000102337697172, 3.83471888199e-05, 4.20350261265e-06, 5.34067294211e-06, 3.32439913109e-06, 8.40482243802e-06, 1.72706204467e-05, 2.9195314255e-06, 5.07366015867e-09, 4.52494077763e-08, 2.79596889641e-07, 3.1868194128e-07, 1.09985955987e-06, 1.50754772221e-07, 4.53175573512e-07, 8.42307628091e-08, 3.43534026115e-07, 1.66751505049e-07, 1.3464574522e-06, 4.66385330355e-07, 3.91182493331e-06, 7.22295894207e-08, 2.35142683103e-09, 1.58813726059e-10, 1.10418618693e-11], "max": [0.0123210828751, 0.108037881553, 0.0723025947809, 0.0473349653184, 0.0113617684692, 0.0316844247282, 0.0240327306092, 0.0543713234365, 0.0763151720166, 0.0129720140249, 0.000838987063617, 0.0049732979387, 0.00527093652636, 0.005514876917, 0.0077379308641, 0.00397597812116, 0.00424878671765, 0.00392841175199, 0.00459847738966, 0.0056803394109, 0.0194333884865, 0.00713599473238, 0.00687087606639, 0.00126126827672, 0.000797743326984, 0.000213245133637, 3.66742351616e-05], "mean": [0.00285150390118, 0.020301239565, 0.00573900341988, 0.00235543819144, 0.00205619330518, 0.00266550388187, 0.00181891280226, 0.00198666215874, 0.00234918296337, 0.00111904134974, 5.49805990886e-05, 0.000105755570985, 0.000253094767686, 0.000317558617098, 0.000315270561259, 0.000109977714601, 0.000362257473171, 0.000118608943012, 0.000124360376503, 0.000122482160805, 0.000229874553042, 0.000232256876188, 0.000500631227624, 9.22005128814e-05, 1.49093057189e-05, 4.96733309774e-06, 1.2608745692e-06], "median": [0.00257584499195, 0.0124874822795, 0.00439581694081, 0.00145335157868, 0.00153401540592, 0.00121402938385, 0.000725745339878, 0.000386016792618, 0.00015915822587, 0.000659685698338, 3.070760431e-05, 2.88288247248e-05, 7.85320007708e-05, 0.000157852598932, 2.97996521113e-05, 2.17597571464e-05, 0.000233237238717, 2.84600864688e-05, 3.28514215653e-05, 2.62205649051e-05, 4.32070009992e-05, 4.16743350797e-05, 3.08463277179e-05, 6.3532384047e-06, 7.30055489839e-07, 6.94183484029e-08, 4.96746466183e-09], "min": [1.09143380098e-14, 5.46666255015e-15, 1.11801572774e-15, 7.79355544164e-16, 7.81518654553e-16, 5.03679883514e-16, 1.1266919921e-15, 1.7390778606e-15, 2.67857890655e-16, 1.49571671865e-15, 1.03522249231e-15, 7.12599670569e-15, 3.2590914017e-15, 2.15190731953e-15, 3.69499488515e-15, 3.26933668871e-15, 7.72547410972e-15, 4.22785018326e-15, 2.46279996315e-14, 1.36476667437e-14, 1.41540111811e-14, 1.39029379101e-14, 3.14155812638e-14, 3.48739524129e-14, 6.0567002802e-14, 8.46433518978e-14, 1.08619866302e-13], "var": [3.7379047626e-06, 0.000395720126107, 3.70912239305e-05, 1.77894762601e-05, 3.10515088131e-06, 1.62560627359e-05, 8.40635038912e-06, 2.91256146738e-05, 4.09821805079e-05, 1.80206609457e-06, 5.43609646186e-09, 1.04179108007e-07, 2.29086396075e-07, 1.99007828883e-07, 5.06420747115e-07, 1.02288787218e-07, 1.83018073585e-07, 4.35336779958e-08, 1.25464325151e-07, 1.27101927205e-07, 7.33915385354e-07, 2.93281487984e-07, 1.22194262531e-06, 3.39752830314e-08, 2.89549362265e-09, 3.1651467558e-10, 1.79541173595e-11]}, "erbbands": {"dmean": [0.30260515213, 1.14627254009, 3.1480076313, 4.94304561615, 3.45668578148, 2.39841604233, 4.62207889557, 8.25524806976, 8.93032073975, 13.752696991, 13.2678442001, 29.57670784, 26.1618041992, 10.3227891922, 1.34291303158, 2.9762673378, 5.72115278244, 10.0191850662, 14.9768381119, 4.78703260422, 6.40941429138, 11.1565523148, 5.63544034958, 4.42310476303, 5.10961675644, 4.23542404175, 6.14426517487, 5.26425409317, 6.24928760529, 9.65133476257, 22.0592193604, 4.82240438461, 0.615642607212, 0.141614750028, 0.0383857563138, 0.0135313970968, 0.00388239696622, 0.00085880595725, 0.000119765201816, 1.92320239876e-05], "dmean2": [0.459651768208, 1.8178511858, 5.19516801834, 7.89986467361, 5.59747219086, 4.03756475449, 7.23126935959, 12.9110584259, 13.3939352036, 21.4315834045, 18.4249286652, 41.4718437195, 41.7482185364, 16.8440818787, 2.06228876114, 4.20464515686, 8.96482849121, 16.8839378357, 26.6708774567, 8.28355693817, 10.9053707123, 19.473361969, 9.5821390152, 7.77463054657, 8.58964157104, 7.02906847, 9.99628067017, 8.16709327698, 10.4274501801, 16.3736629486, 37.0592765808, 8.17061519623, 1.0142468214, 0.228291109204, 0.0553670972586, 0.0194394811988, 0.00556686613709, 0.00108619919047, 0.000152205364429, 2.92817676382e-05], "dvar": [0.170371115208, 3.98792600632, 41.1689338684, 117.485931396, 45.8559265137, 15.8608112335, 41.5578765869, 221.045730591, 517.36138916, 988.478942871, 3294.24487305, 7780.35449219, 1588.10058594, 338.157226562, 5.84087562561, 82.1422576904, 125.137908936, 273.877838135, 1115.73278809, 115.222541809, 187.102890015, 341.611602783, 116.167823792, 180.664306641, 443.829742432, 173.076766968, 868.831115723, 397.858886719, 249.316711426, 406.309570312, 2119.22216797, 92.446144104, 1.61153435707, 0.242815092206, 0.0245801862329, 0.0028528070543, 0.000171785868588, 7.30861620468e-06, 1.69836994246e-07, 1.87614834779e-09], "dvar2": [0.431970000267, 11.0011720657, 115.62260437, 276.590911865, 121.920318604, 42.535533905, 105.815803528, 507.243560791, 1176.84179688, 2033.44726562, 4900.47363281, 14883.6748047, 4021.31567383, 821.921875, 12.6808233261, 115.944824219, 324.409973145, 735.025085449, 3319.15112305, 322.854705811, 512.992004395, 971.359863281, 313.929626465, 501.432006836, 1206.26391602, 408.911224365, 2521.10009766, 925.542297363, 626.18939209, 1040.4720459, 5465.58349609, 239.978897095, 4.14475488663, 0.644651770592, 0.057866692543, 0.00645457440987, 0.000352766539436, 1.21983403005e-05, 2.79837394146e-07, 4.39339098435e-09], "max": [4.30102539062, 21.1648254395, 68.5330200195, 106.519035339, 81.3644485474, 36.0666275024, 70.9732589722, 298.631652832, 573.928771973, 587.298156738, 1501.00537109, 2151.65844727, 490.936798096, 247.236755371, 50.7495040894, 254.779602051, 140.17868042, 260.845489502, 426.636077881, 134.690963745, 218.852783203, 209.986083984, 251.359222412, 143.326324463, 282.97088623, 304.270477295, 953.274841309, 537.835510254, 307.065795898, 193.74432373, 260.907989502, 53.8394355774, 15.1894512177, 11.0903863907, 4.28739070892, 1.40929996967, 0.344053149223, 0.0411548502743, 0.00607642857358, 0.00060395715991], "mean": [0.850693583488, 3.48833560944, 5.92711782455, 9.45638656616, 7.47095108032, 5.00308990479, 10.2602910995, 21.981552124, 30.149805069, 35.4881248474, 37.3067893982, 66.6680297852, 46.7910766602, 15.8288526535, 2.99022674561, 6.03958892822, 11.4191589355, 16.9654045105, 21.2355709076, 6.97063589096, 9.35307502747, 15.629904747, 8.75733184814, 5.22906351089, 6.22047901154, 6.29926633835, 9.07285690308, 8.4784412384, 7.85397100449, 9.18859481812, 18.4088897705, 4.34424161911, 0.760214745998, 0.232700020075, 0.0779426544905, 0.0283480640501, 0.00819452572614, 0.00158738798928, 0.000244294758886, 6.6692729888e-05], "median": [0.470627963543, 2.26459169388, 4.33647251129, 6.36973667145, 4.92077350616, 3.59832596779, 5.77400255203, 9.53669929504, 10.8732948303, 10.8385219574, 5.80799484253, 5.5562620163, 21.8574981689, 7.10497951508, 1.52069044113, 2.02039051056, 4.15761232376, 8.73579978943, 6.49160385132, 2.13904261589, 4.8112411499, 9.79094409943, 2.49437737465, 1.44314336777, 1.1552927494, 1.67931437492, 1.81254029274, 1.32501006126, 1.20282280445, 1.03739535809, 1.05784034729, 0.290256738663, 0.0557730160654, 0.0133511321619, 0.0030527622439, 0.000627931207418, 0.000107908075734, 1.35576719913e-05, 2.37703898165e-05, 4.84769625473e-05], "min": [3.10969918435e-13, 7.01097545904e-13, 1.29045851695e-12, 2.11306905133e-12, 2.94028603548e-12, 2.40161081126e-12, 1.88539288348e-12, 5.33761880181e-12, 8.04157868767e-12, 3.84487129634e-11, 2.47884716226e-11, 6.91030782943e-12, 2.83102291609e-11, 5.85814174947e-11, 9.75801661696e-11, 2.84335360812e-10, 1.79263368039e-10, 8.42935860002e-11, 1.96711119616e-10, 1.37538341827e-10, 2.48358333899e-10, 4.49481174503e-10, 1.41567521594e-10, 5.92472904071e-10, 1.57352941788e-09, 7.2997208278e-10, 6.69228228389e-10, 3.86272874797e-10, 4.29136448599e-10, 8.96364815706e-10, 8.93113361045e-10, 9.52531942211e-10, 4.06448152912e-10, 5.49588541343e-10, 4.84634166131e-10, 2.07865641366e-10, 1.59927709964e-10, 6.28936902558e-11, 1.75398758018e-11, 1.76411142638e-12], "var": [0.845470607281, 11.3277425766, 41.0088729858, 145.35484314, 67.0982589722, 23.3502655029, 127.884590149, 1241.9362793, 3819.85742188, 4414.73242188, 17456.6015625, 31375.5527344, 4002.18286133, 605.852111816, 17.0935020447, 280.269989014, 311.680938721, 554.131469727, 1577.61950684, 155.759399414, 227.108200073, 371.511199951, 186.601455688, 173.399734497, 404.422576904, 317.612457275, 1189.09887695, 786.31854248, 389.878326416, 393.475891113, 1735.21337891, 81.2851486206, 3.05095100403, 0.583217680454, 0.0885558053851, 0.0117653850466, 0.00083898025332, 2.67403283942e-05, 5.49259482341e-07, 4.41705561016e-09]}, "gfcc": {"mean": [-52.9660263062, 134.720581055, -105.05242157, 57.7476539612, -57.6609535217, 17.5809001923, -21.5301475525, 0.0521371923387, 11.2056570053, -8.78823947906, -6.72102737427, -7.68763542175, -1.94127142429], "cov": [[27933.6738281, 2623.30053711, -2829.93676758, 1078.80273438, -2351.91723633, 83.9270019531, -940.655700684, -255.179916382, 68.7991867065, 6.93109512329, -46.1844482422, 34.3136901855, -339.393707275], [2623.30053711, 2193.43603516, -541.154663086, -105.965614319, 41.7239227295, -183.31892395, 13.3220529556, -55.2944068909, 219.9271698, -75.0406570435, 67.7514648438, -149.248764038, 179.589874268], [-2829.93676758, -541.154663086, 1086.12817383, 125.883804321, 367.867645264, 60.8290405273, 43.3948020935, 73.0530776978, -94.039390564, -17.492181778, -111.465255737, 49.1310806274, -61.6653060913], [1078.80273438, -105.965614319, 125.883804321, 309.821929932, -13.4318304062, 53.5301055908, -59.85729599, -38.705493927, -32.0635643005, -32.8162307739, -40.6015663147, 29.7919101715, -23.5114517212], [-2351.91723633, 41.7239227295, 367.867645264, -13.4318304062, 506.373474121, -61.3695144653, 118.662788391, 53.5637435913, -78.860168457, 20.8479366302, -78.0185928345, -4.73344707489, 78.7436981201], [83.9270019531, -183.31892395, 60.8290405273, 53.5301055908, -61.3695144653, 193.03868103, -2.77718830109, -18.969499588, 41.7251625061, -54.7484779358, 18.0197715759, 7.93468999863, -39.3771057129], [-940.655700684, 13.3220529556, 43.3948020935, -59.85729599, 118.662788391, -2.77718830109, 173.472702026, 51.7850914001, 2.21341180801, 32.7184143066, 15.7375450134, -21.8037662506, 37.7088012695], [-255.179916382, -55.2944068909, 73.0530776978, -38.705493927, 53.5637435913, -18.969499588, 51.7850914001, 94.368637085, -1.93062233925, 22.2174186707, -26.342168808, 5.20059299469, 2.41944241524], [68.7991867065, 219.9271698, -94.039390564, -32.0635643005, -78.860168457, 41.7251625061, 2.21341180801, -1.93062233925, 173.286346436, -4.84563016891, 87.7750091553, -30.7519245148, 4.02522182465], [6.93109512329, -75.0406570435, -17.492181778, -32.8162307739, 20.8479366302, -54.7484779358, 32.7184143066, 22.2174186707, -4.84563016891, 139.702194214, 48.4771652222, 8.79658126831, -4.39719820023], [-46.1844482422, 67.7514648438, -111.465255737, -40.6015663147, -78.0185928345, 18.0197715759, 15.7375450134, -26.342168808, 87.7750091553, 48.4771652222, 155.115188599, 12.8026075363, -2.09007644653], [34.3136901855, -149.248764038, 49.1310806274, 29.7919101715, -4.73344707489, 7.93468999863, -21.8037662506, 5.20059299469, -30.7519245148, 8.79658126831, 12.8026075363, 61.9589309692, -1.79252958298], [-339.393707275, 179.589874268, -61.6653060913, -23.5114517212, 78.7436981201, -39.3771057129, 37.7088012695, 2.41944241524, 4.02522182465, -4.39719820023, -2.09007644653, -1.79252958298, 91.5635528564]], "icov": [[0.000415824702941, -0.000942290469538, 0.00072914629709, -0.00152907788288, 0.00149455585051, -0.00101852684747, 0.000695740222, -0.00127263425384, 0.00114084966481, -0.00164649845101, 0.00122587406076, -0.00115995190572, 0.00138774770312], [-0.000942290469538, 0.00305361556821, -0.00136914546601, 0.00326436781324, -0.00370563962497, 0.00323425303213, -0.00123722443823, 0.00290595507249, -0.00344807491638, 0.00453678099439, -0.00323464139365, 0.00420901691541, -0.00417739758268], [0.00072914629709, -0.00136914546601, 0.00323805282824, -0.00317691336386, 0.000810569385067, -0.00183068134356, 0.00110127730295, -0.00267458055168, 0.0012370001059, -0.00233070668764, 0.0027305369731, -0.0033164229244, 0.0047169146128], [-0.00152907788288, 0.00326436781324, -0.00317691336386, 0.00998814217746, -0.00521777523682, 0.00273298169486, -0.00236032693647, 0.00716521125287, -0.00464274967089, 0.00543100619689, -0.00229380931705, 0.00150696770288, -0.00475786440074], [0.00149455585051, -0.00370563962497, 0.000810569385067, -0.00521777523682, 0.0100952377543, -0.00346984225325, 0.000826536794193, -0.00437921844423, 0.00542877987027, -0.00696621416137, 0.00533402012661, -0.00340075441636, 0.00109729566611], [-0.00101852684747, 0.00323425303213, -0.00183068134356, 0.00273298169486, -0.00346984225325, 0.0118894735351, -0.00456268712878, 0.00561226904392, -0.00667503289878, 0.00827626045793, -0.00289885583334, 0.000733674503863, -0.000183048206964], [0.000695740222, -0.00123722443823, 0.00110127730295, -0.00236032693647, 0.000826536794193, -0.00456268712878, 0.0134738991037, -0.00998976733536, 0.00605404563248, -0.00349915912375, -0.00418251520023, 0.00739677809179, -0.00320175872184], [-0.00127263425384, 0.00290595507249, -0.00267458055168, 0.00716521125287, -0.00437921844423, 0.00561226904392, -0.00998976733536, 0.0246020965278, -0.0109762148932, 0.0019555054605, 0.00685096392408, -0.00739871105179, -0.000146585283801], [0.00114084966481, -0.00344807491638, 0.0012370001059, -0.00464274967089, 0.00542877987027, -0.00667503289878, 0.00605404563248, -0.0109762148932, 0.0185499675572, -0.00315534626134, -0.0076137050055, 0.00786042772233, -9.68399399426e-05], [-0.00164649845101, 0.00453678099439, -0.00233070668764, 0.00543100619689, -0.00696621416137, 0.00827626045793, -0.00349915912375, 0.0019555054605, -0.00315534626134, 0.018711341545, -0.0111110713333, 0.00606616027653, -0.00333447381854], [0.00122587406076, -0.00323464139365, 0.0027305369731, -0.00229380931705, 0.00533402012661, -0.00289885583334, -0.00418251520023, 0.00685096392408, -0.0076137050055, -0.0111110713333, 0.0235361326486, -0.0176389552653, 0.00783879309893], [-0.00115995190572, 0.00420901691541, -0.0033164229244, 0.00150696770288, -0.00340075441636, 0.000733674503863, 0.00739677809179, -0.00739871105179, 0.00786042772233, 0.00606616027653, -0.0176389552653, 0.0379841402173, -0.0137253776193], [0.00138774770312, -0.00417739758268, 0.0047169146128, -0.00475786440074, 0.00109729566611, -0.000183048206964, -0.00320175872184, -0.000146585283801, -9.68399399426e-05, -0.00333447381854, 0.00783879309893, -0.0137253776193, 0.0262681040913]]}, "melbands": {"dmean": [0.00202405638993, 0.00143050146289, 0.000757228874136, 0.000200327194761, 0.000143638360896, 0.000188725520275, 0.000130213433295, 0.000150005784235, 0.000105446437374, 0.000196543885977, 0.000129673222546, 4.47396123491e-05, 3.83705810236e-06, 6.61530020807e-06, 8.51508866617e-06, 1.35101436172e-05, 2.16019616346e-05, 2.3650316507e-05, 1.27193925437e-05, 6.14351074546e-06, 9.32524199015e-06, 1.33466073748e-05, 1.04640430436e-05, 2.58331397163e-06, 3.84467512049e-06, 3.72711042473e-06, 3.12101997224e-06, 2.89870718007e-06, 3.80054302695e-06, 4.03202102461e-06, 2.97405654237e-06, 3.47487593899e-06, 4.17795899921e-06, 5.23984817846e-06, 1.30009912027e-05, 7.83298764873e-06, 1.46601246342e-06, 4.23157985097e-07, 1.49021801121e-07, 1.01799521701e-07], "dmean2": [0.00309941871092, 0.00233785947785, 0.00121888774447, 0.000328304216964, 0.000226539326832, 0.000289726885967, 0.000194543550606, 0.000235057290411, 0.000149507963215, 0.00027286997647, 0.000207736084121, 7.32355329092e-05, 6.04741308052e-06, 9.46380168898e-06, 1.2483640603e-05, 2.18838704313e-05, 3.63354483852e-05, 4.20323049184e-05, 2.24264167628e-05, 1.02587346191e-05, 1.59941555467e-05, 2.32365746342e-05, 1.81680261448e-05, 4.40675512436e-06, 6.78139849697e-06, 6.27915278528e-06, 5.28180635229e-06, 4.82293535242e-06, 6.0811057665e-06, 6.58316776025e-06, 4.63274682261e-06, 5.84744475418e-06, 6.90592833053e-06, 9.02940701053e-06, 2.17865799641e-05, 1.33653165904e-05, 2.45194905801e-06, 7.03325156337e-07, 2.2263891708e-07, 1.6915022627e-07], "dvar": [8.69017367222e-06, 8.71484371601e-06, 2.83787039734e-06, 1.15401874723e-07, 4.03172464303e-08, 1.27686504925e-07, 9.37285022928e-08, 1.23014260112e-07, 2.28246960887e-07, 3.65033088201e-07, 3.88512368943e-08, 6.52819931446e-09, 4.61646103289e-11, 3.81583126208e-10, 2.50445303385e-10, 1.26687882407e-09, 1.34126210138e-09, 2.21816764956e-09, 9.7679664357e-10, 3.63020780103e-10, 3.141900351e-10, 5.4950738404e-10, 4.58576232543e-10, 6.42458239386e-11, 1.3121757847e-10, 2.18562182241e-10, 1.31537739034e-10, 7.97972868338e-11, 2.31583335841e-10, 5.82048964581e-10, 1.07969480578e-10, 1.01049821288e-10, 7.59015003626e-11, 1.24041221738e-10, 7.30546123595e-10, 2.65250293952e-10, 7.86438362349e-12, 9.71454362265e-13, 1.58014836567e-13, 1.83283374372e-13], "dvar2": [2.28588542086e-05, 2.44491875492e-05, 6.78222113493e-06, 3.19446542107e-07, 1.04105609466e-07, 2.84535616402e-07, 2.09217915881e-07, 2.50245562938e-07, 3.42856395719e-07, 6.87258534526e-07, 1.00024557526e-07, 1.58335922151e-08, 1.08174781632e-10, 5.48458056748e-10, 4.87318019271e-10, 3.49176598746e-09, 3.64331498304e-09, 6.58879617532e-09, 2.81080825282e-09, 9.0566887323e-10, 8.87564077789e-10, 1.56988921862e-09, 1.30410693355e-09, 1.76814979325e-10, 3.64309721279e-10, 5.93947280247e-10, 3.45525802414e-10, 1.8190436657e-10, 6.22376483683e-10, 1.7698261745e-09, 2.3509408309e-10, 2.64703758912e-10, 1.81754944428e-10, 3.22061460833e-10, 1.8766601606e-09, 6.90836388095e-10, 2.02576774799e-11, 2.62722374238e-12, 3.40942524863e-13, 5.04489353938e-13], "max": [0.0339030511677, 0.0300824195147, 0.0164744928479, 0.00325105618685, 0.00221390277147, 0.00779327424243, 0.00760048534721, 0.00703456858173, 0.0119377700612, 0.0147498464212, 0.00240072282031, 0.00108775310218, 0.000124926897115, 0.000549816002604, 0.000310116593027, 0.000604043540079, 0.000603793538176, 0.000599677674472, 0.000407692918088, 0.000321436382364, 0.000245425879257, 0.000265334936557, 0.000338777375873, 0.00016351416707, 0.000115082184493, 0.000194366613869, 0.000157208763994, 0.000235553845414, 0.000505495758262, 0.000656443124171, 0.000225632247748, 0.000209585370612, 8.55576436152e-05, 0.000108556479972, 0.000154433262651, 9.21185128391e-05, 2.08965266211e-05, 1.44019550135e-05, 9.67310097622e-06, 8.88456270332e-06], "mean": [0.00658596167341, 0.00370222213678, 0.00154873111751, 0.000445535144536, 0.000322444364429, 0.00053932913579, 0.000435929832747, 0.000391135079553, 0.000272399891401, 0.000432153785368, 0.000225190349738, 6.58592834952e-05, 7.77091281634e-06, 1.21570856209e-05, 1.80016504601e-05, 2.54971309914e-05, 3.36678349413e-05, 3.40955411957e-05, 1.68330825545e-05, 8.50852393341e-06, 1.30531889226e-05, 1.78441550815e-05, 1.52567481564e-05, 3.36120228894e-06, 4.23547680839e-06, 4.53224674857e-06, 3.81643349101e-06, 4.19435627919e-06, 5.46635601495e-06, 5.73359648115e-06, 4.75092383567e-06, 4.46539570476e-06, 4.52800668427e-06, 4.7233938858e-06, 1.09718903332e-05, 6.35674314253e-06, 1.50306232172e-06, 5.23585470091e-07, 2.57257852354e-07, 1.6243664902e-07], "median": [0.00405867490917, 0.00261825113557, 0.0011107751634, 0.000301750696963, 0.000188978156075, 0.000227586264373, 0.000166012017871, 0.00011166697368, 3.37703386322e-05, 3.17239537253e-05, 0.000104285529233, 2.64896989393e-05, 4.28581552114e-06, 3.35921390615e-06, 7.00497730577e-06, 7.44562657928e-06, 1.59272640303e-05, 1.28427445816e-05, 2.53882490142e-06, 1.33958610604e-06, 7.06512855686e-06, 1.03061174741e-05, 1.93198502529e-06, 7.81043127063e-07, 9.6299947927e-07, 7.2011755492e-07, 9.03203499547e-07, 9.49042600951e-07, 9.12883990623e-07, 8.96047140486e-07, 7.20642901797e-07, 7.71865359184e-07, 5.75716455842e-07, 4.34175007058e-07, 6.30923580047e-07, 3.40064474358e-07, 1.07845224306e-07, 3.96853820916e-08, 1.70124998533e-08, 8.06500999317e-09], "min": [2.67281119451e-15, 7.68824807048e-16, 3.99694413139e-16, 1.99172293364e-16, 7.27127955858e-17, 1.09524814386e-16, 1.54096971855e-16, 4.47364739197e-16, 1.57663668777e-16, 3.99712002308e-17, 1.46573651687e-16, 2.38819986566e-16, 1.94361755029e-16, 7.87059626457e-16, 5.99650039926e-16, 2.44142238681e-16, 1.57592279782e-16, 2.99196865623e-16, 2.95093970376e-16, 1.66981176781e-16, 3.15313255632e-16, 5.57413324347e-16, 1.42330307789e-16, 1.6744127449e-16, 4.72405256579e-16, 9.7853671814e-16, 9.07826831219e-16, 4.43758390545e-16, 3.8899104012e-16, 3.49403843599e-16, 1.86843371475e-16, 1.8880220134e-16, 3.57456850527e-16, 5.87957173606e-16, 5.92371062294e-16, 4.20742255436e-16, 6.12768886214e-16, 2.62512318664e-16, 2.37839969446e-16, 5.84600487915e-16], "var": [4.12445151596e-05, 1.19584392451e-05, 3.46755223291e-06, 1.9144442831e-07, 1.18334121169e-07, 8.47208355026e-07, 6.91635079875e-07, 5.6483128219e-07, 1.07530331661e-06, 1.43594320434e-06, 9.03245478412e-08, 1.15075460272e-08, 1.13684797687e-10, 1.23325916146e-09, 8.48895231886e-10, 2.81261303137e-09, 2.42921815996e-09, 3.3022531376e-09, 1.3357290829e-09, 7.06153469032e-10, 3.48476220102e-10, 5.97249472101e-10, 7.02018221332e-10, 6.76836781066e-11, 1.22133692049e-10, 2.07959441334e-10, 1.38750622103e-10, 1.52586082658e-10, 3.46326328726e-10, 6.8943972753e-10, 2.14764969697e-10, 1.48419748713e-10, 9.7603682081e-11, 1.13278816882e-10, 6.06132533054e-10, 2.11026654484e-10, 9.12909504935e-12, 1.72910991081e-12, 6.00289566319e-13, 3.44069363929e-13]}, "mfcc": {"mean": [-680.516723633, 140.819915771, 24.1558628082, 38.7653236389, 1.49800407887, 22.2151870728, -15.6623487473, 15.1372079849, 5.32599306107, 15.5737733841, 2.00048041344, 7.38976287842, -7.00400686264], "cov": [[11328.4472656, 518.688781738, -193.238571167, 118.522209167, -716.825500488, 123.502952576, -612.847412109, -35.2098121643, -451.238067627, 255.958908081, -30.8400554657, 183.827957153, -96.6926727295], [518.688781738, 1982.07006836, -280.99118042, 99.7728652954, -13.9106855392, -53.1733283997, -81.0487289429, -71.3920593262, 151.506072998, -0.759777843952, 60.3504333496, 16.1951904297, -13.0259313583], [-193.238571167, -280.99118042, 575.841247559, 76.3814620972, 149.756546021, 73.0955276489, -29.6511268616, 118.138977051, -36.6782417297, 15.1000146866, -41.7786407471, -0.132952779531, -0.677049577236], [118.522209167, 99.7728652954, 76.3814620972, 329.81451416, 118.214294434, 15.4063472748, 67.7952804565, -28.0313510895, 84.323425293, -80.3245391846, -5.02571439743, -42.2093467712, -23.3492240906], [-716.825500488, -13.9106855392, 149.756546021, 118.214294434, 217.296508789, 49.1821212769, 53.044128418, 36.2012176514, 51.1348648071, -41.760635376, -16.8386974335, -37.9481277466, -13.0936288834], [123.502952576, -53.1733283997, 73.0955276489, 15.4063472748, 49.1821212769, 128.994293213, 15.6543769836, 45.0930023193, -23.9805793762, 25.2349720001, -26.5459709167, 4.1551823616, -13.2110776901], [-612.847412109, -81.0487289429, -29.6511268616, 67.7952804565, 53.044128418, 15.6543769836, 184.324401855, -1.77613890171, 80.4101486206, -55.9376831055, 26.0326519012, -31.4790210724, 6.58579158783], [-35.2098121643, -71.3920593262, 118.138977051, -28.0313510895, 36.2012176514, 45.0930023193, -1.77613890171, 125.049354553, 0.470608174801, 34.1452064514, -35.8085441589, -0.592523276806, -11.6952238083], [-451.238067627, 151.506072998, -36.6782417297, 84.323425293, 51.1348648071, -23.9805793762, 80.4101486206, 0.470608174801, 151.38319397, -20.9640789032, 26.0592575073, -44.5235023499, -25.3654880524], [255.958908081, -0.759777843952, 15.1000146866, -80.3245391846, -41.760635376, 25.2349720001, -55.9376831055, 34.1452064514, -20.9640789032, 119.622962952, 22.9717845917, 25.8704338074, 2.22728562355], [-30.8400554657, 60.3504333496, -41.7786407471, -5.02571439743, -16.8386974335, -26.5459709167, 26.0326519012, -35.8085441589, 26.0592575073, 22.9717845917, 94.4251403809, 34.7827796936, 25.3086528778], [183.827957153, 16.1951904297, -0.132952779531, -42.2093467712, -37.9481277466, 4.1551823616, -31.4790210724, -0.592523276806, -44.5235023499, 25.8704338074, 34.7827796936, 94.6149368286, 49.992515564], [-96.6926727295, -13.0259313583, -0.677049577236, -23.3492240906, -13.0936288834, -13.2110776901, 6.58579158783, -11.6952238083, -25.3654880524, 2.22728562355, 25.3086528778, 49.992515564, 80.4363708496]], "icov": [[0.000202962561161, -3.56772616215e-05, 5.86633395869e-05, -0.000600145489443, 0.00087396253366, -0.000428209197707, 0.000541697663721, -0.000359150930308, 0.000505365955178, 4.1748968215e-05, -0.000436921720393, 0.000150624051457, 0.00024191942066], [-3.56772616215e-05, 0.000703235797118, 0.000372094189515, -6.44156971248e-05, -0.000198629437364, -0.000299042614643, 0.00100110238418, 6.40299276711e-06, -0.00121121446136, 0.000348862406099, -0.000287026923615, -0.000233410159126, -0.000263291585725], [5.86633395869e-05, 0.000372094189515, 0.00314677506685, -0.00113532505929, -0.00143841654062, -0.000293885008432, 0.00148616230581, -0.00282070692629, 0.00105508556589, 8.30915087136e-05, -0.00100208376534, 0.000380115088774, -0.000577053171583], [-0.000600145489443, -6.44156971248e-05, -0.00113532505929, 0.00700281746686, -0.00383683224209, 5.55417409487e-06, -0.0015932660317, 0.00337799405679, -0.00397675437853, 0.00224928790703, 0.00161021237727, -0.000811306119431, -2.94347337331e-05], [0.00087396253366, -0.000198629437364, -0.00143841654062, -0.00383683224209, 0.0125282583758, -0.00539633119479, 0.00311126187444, -0.00308984518051, -6.32131705061e-05, 0.00348200416192, -0.00370834418572, 0.00379060371779, -0.000963836326264], [-0.000428209197707, -0.000299042614643, -0.000293885008432, 5.55417409487e-06, -0.00539633119479, 0.015222877264, -0.00727934762836, 0.000173972031916, 0.00409925309941, -0.00710627809167, 0.00667955400422, -0.00523476069793, 0.0043203625828], [0.000541697663721, 0.00100110238418, 0.00148616230581, -0.0015932660317, 0.00311126187444, -0.00727934762836, 0.0151656689122, -0.0042126448825, -0.00484361220151, 0.0081333136186, -0.00867442786694, 0.0059200655669, -0.00488273613155], [-0.000359150930308, 6.40299276711e-06, -0.00282070692629, 0.00337799405679, -0.00308984518051, 0.000173972031916, -0.0042126448825, 0.0167072154582, -0.00414208136499, -0.00597442220896, 0.00984155386686, -0.00525892619044, 0.00185700238217], [0.000505365955178, -0.00121121446136, 0.00105508556589, -0.00397675437853, -6.32131705061e-05, 0.00409925309941, -0.00484361220151, -0.00414208136499, 0.0173274055123, -0.00289077241905, -0.00458689685911, 0.00401247851551, 0.00421679252759], [4.1748968215e-05, 0.000348862406099, 8.30915087136e-05, 0.00224928790703, 0.00348200416192, -0.00710627809167, 0.0081333136186, -0.00597442220896, -0.00289077241905, 0.0187900662422, -0.0105552505702, 0.00349963176996, -0.00166047411039], [-0.000436921720393, -0.000287026923615, -0.00100208376534, 0.00161021237727, -0.00370834418572, 0.00667955400422, -0.00867442786694, 0.00984155386686, -0.00458689685911, -0.0105552505702, 0.0257000215352, -0.0121507225558, 0.000833221769426], [0.000150624051457, -0.000233410159126, 0.000380115088774, -0.000811306119431, 0.00379060371779, -0.00523476069793, 0.0059200655669, -0.00525892619044, 0.00401247851551, 0.00349963176996, -0.0121507225558, 0.0256671663374, -0.0125421239063], [0.00024191942066, -0.000263291585725, -0.000577053171583, -2.94347337331e-05, -0.000963836326264, 0.0043203625828, -0.00488273613155, 0.00185700238217, 0.00421679252759, -0.00166047411039, 0.000833221769426, -0.0125421239063, 0.0227981377393]]}, "spectral_contrast_coeffs": {"dmean": [0.0377401858568, 0.0374150983989, 0.0432903580368, 0.034012131393, 0.0252517815679, 0.0189808849245], "dmean2": [0.0630062744021, 0.0593705996871, 0.0714444220066, 0.0556070171297, 0.0419087260962, 0.0303948204964], "dvar": [0.000974434777163, 0.000936960510444, 0.00135748460889, 0.000773819745518, 0.000451848609373, 0.000328197871568], "dvar2": [0.00256592151709, 0.0023773862049, 0.00345397857018, 0.00199871161021, 0.00118562800344, 0.000771320948843], "max": [-0.487225145102, -0.41621941328, -0.468485742807, -0.589587211609, -0.646631062031, -0.437971562147], "mean": [-0.706386983395, -0.705182671547, -0.698627531528, -0.7610861063, -0.779391765594, -0.719595313072], "median": [-0.708040595055, -0.707596540451, -0.696028769016, -0.758091449738, -0.777092158794, -0.715933680534], "min": [-0.973200678825, -0.969443142414, -0.95769071579, -0.957022607327, -0.958883881569, -0.93413734436], "var": [0.00411644298583, 0.00610936479643, 0.0061939926818, 0.00334233022295, 0.00187603267841, 0.00299949711189]}, "spectral_contrast_valleys": {"dmean": [0.308276623487, 0.317680567503, 0.294113010168, 0.298304915428, 0.326357454062, 0.371939480305], "dmean2": [0.516400635242, 0.510767698288, 0.492823332548, 0.489813268185, 0.517073154449, 0.544567704201], "dvar": [0.0968897342682, 0.0896300598979, 0.083210721612, 0.12099018693, 0.189728662372, 0.199111118913], "dvar2": [0.22678655386, 0.203928381205, 0.203651666641, 0.295088917017, 0.444605618715, 0.382059931755], "max": [-4.93186616898, -4.98483181, -6.0459856987