{"lowlevel": {"average_loudness": 0.952169418335, "barkbands_crest": {"dmean": 2.93137693405, "dmean2": 4.78566455841, "dvar": 6.55106306076, "dvar2": 16.7543506622, "max": 24.6598339081, "mean": 10.3218517303, "median": 9.83798122406, "min": 2.20047998428, "var": 14.6295938492}, "barkbands_flatness_db": {"dmean": 0.0231149513274, "dmean2": 0.0350625030696, "dvar": 0.000447794009233, "dvar2": 0.00104635511525, "max": 0.350935161114, "mean": 0.112188868225, "median": 0.109262347221, "min": 0.0170036349446, "var": 0.00192410347518}, "barkbands_kurtosis": {"dmean": 4.75475549698, "dmean2": 7.37736701965, "dvar": 70.0967483521, "dvar2": 154.599121094, "max": 281.939819336, "mean": 7.8126950264, "median": 4.94168758392, "min": -1.9218403101, "var": 141.938491821}, "barkbands_skewness": {"dmean": 0.712307870388, "dmean2": 1.06952106953, "dvar": 0.568256437778, "dvar2": 1.31195509434, "max": 15.0557222366, "mean": 2.28589367867, "median": 2.21745157242, "min": -5.58048820496, "var": 1.85111606121}, "barkbands_spread": {"dmean": 8.28210353851, "dmean2": 12.2997961044, "dvar": 81.1078414917, "dvar2": 167.967376709, "max": 110.927360535, "mean": 28.058303833, "median": 22.651927948, "min": 1.0261259079, "var": 348.698852539}, "dissonance": {"dmean": 0.0203290469944, "dmean2": 0.0332111343741, "dvar": 0.000334653217578, "dvar2": 0.000872339820489, "max": 0.499999940395, "mean": 0.459205806255, "median": 0.465470612049, "min": 0.274198651314, "var": 0.000799218541943}, "dynamic_complexity": 2.79235291481, "erbbands_crest": {"dmean": 2.96453380585, "dmean2": 4.79247617722, "dvar": 8.0687417984, "dvar2": 19.7241744995, "max": 28.9002628326, "mean": 8.732629776, "median": 7.74817085266, "min": 2.06039738655, "var": 18.7211647034}, "erbbands_flatness_db": {"dmean": 0.0174997076392, "dmean2": 0.0250475313514, "dvar": 0.000299667270156, "dvar2": 0.000586081237998, "max": 0.259202361107, "mean": 0.103478036821, "median": 0.0976640731096, "min": 0.0385832339525, "var": 0.0010961801745}, "erbbands_kurtosis": {"dmean": 1.11032915115, "dmean2": 1.71895885468, "dvar": 2.91497421265, "dvar2": 6.10782814026, "max": 43.0943374634, "mean": 0.567856550217, "median": -0.115779399872, "min": -1.82512879372, "var": 6.26309204102}, "erbbands_skewness": {"dmean": 0.41651558876, "dmean2": 0.624160289764, "dvar": 0.161465406418, "dvar2": 0.347249895334, "max": 6.38630437851, "mean": 0.729611814022, "median": 0.703586578369, "min": -4.29092693329, "var": 0.603411078453}, "erbbands_spread": {"dmean": 13.1515083313, "dmean2": 19.6689186096, "dvar": 162.082870483, "dvar2": 350.827575684, "max": 150.453826904, "mean": 59.9518585205, "median": 57.8305664062, "min": 6.4899597168, "var": 598.124450684}, "hfc": {"dmean": 9.45468139648, "dmean2": 12.3633670807, "dvar": 167.544128418, "dvar2": 323.103210449, "max": 242.31552124, "mean": 23.2398586273, "median": 17.1955852509, "min": 1.19701584375e-16, "var": 398.765716553}, "melbands_crest": {"dmean": 3.25267410278, "dmean2": 5.32532978058, "dvar": 7.93096256256, "dvar2": 19.835483551, "max": 33.9905776978, "mean": 13.8188524246, "median": 13.2365608215, "min": 2.35468316078, "var": 19.2542877197}, "melbands_flatness_db": {"dmean": 0.0294278655201, "dmean2": 0.0439957566559, "dvar": 0.0007526036934, "dvar2": 0.00169468624517, "max": 0.473919868469, "mean": 0.194515928626, "median": 0.195411279798, "min": 0.00915108341724, "var": 0.00371052697301}, "melbands_kurtosis": {"dmean": 15.2989034653, "dmean2": 24.2318267822, "dvar": 840.410217285, "dvar2": 1745.84118652, "max": 1171.74304199, "mean": 27.8697566986, "median": 18.7719650269, "min": -1.82311713696, "var": 1608.90283203}, "melbands_skewness": {"dmean": 1.10729658604, "dmean2": 1.70131027699, "dvar": 1.56345117092, "dvar2": 3.592410326, "max": 26.8630924225, "mean": 3.84630823135, "median": 3.53668642044, "min": -1.79078161716, "var": 3.8071668148}, "melbands_spread": {"dmean": 7.7507443428, "dmean2": 11.4784946442, "dvar": 176.444015503, "dvar2": 331.506134033, "max": 233.537765503, "mean": 19.8803939819, "median": 13.3931465149, "min": 0.414374619722, "var": 494.4246521}, "pitch_salience": {"dmean": 0.0782725736499, "dmean2": 0.129139006138, "dvar": 0.00508189247921, "dvar2": 0.0132963499054, "max": 0.948372542858, "mean": 0.574302613735, "median": 0.579760849476, "min": 0.0774129033089, "var": 0.0114329271019}, "silence_rate_20dB": {"dmean": 0, "dmean2": 0, "dvar": 0, "dvar2": 0, "max": 1, "mean": 1, "median": 1, "min": 1, "var": 0}, "silence_rate_30dB": {"dmean": 0.0382308848202, "dmean2": 0.0764713212848, "dvar": 0.0367718189955, "dvar2": 0.093870408833, "max": 1, "mean": 0.972891926765, "median": 1, "min": 0, "var": 0.0263718720526}, "silence_rate_60dB": {"dmean": 0.0222388803959, "dmean2": 0.0444833189249, "dvar": 0.0217443108559, "dvar2": 0.049505379051, "max": 1, "mean": 0.039100561291, "median": 0, "min": 0, "var": 0.0375699922442}, "spectral_centroid": {"dmean": 265.388275146, "dmean2": 392.57623291, "dvar": 107799.476562, "dvar2": 199568.3125, "max": 10925.1601562, "mean": 1038.31860352, "median": 858.033447266, "min": 181.463226318, "var": 406840.625}, "spectral_complexity": {"dmean": 3.55222392082, "dmean2": 5.01761817932, "dvar": 14.4721565247, "dvar2": 25.3154907227, "max": 49, "mean": 14.1927547455, "median": 13, "min": 0, "var": 45.7279510498}, "spectral_decrease": {"dmean": 4.54468374045e-09, "dmean2": 7.36616634356e-09, "dvar": 6.78519315818e-17, "dvar2": 1.77287688395e-16, "max": 1.56576915819e-29, "mean": -7.4083628121e-09, "median": -4.77405803778e-09, "min": -7.49994484295e-08, "var": 7.02684702582e-17}, "spectral_energy": {"dmean": 0.0178306922317, "dmean2": 0.0287069138139, "dvar": 0.00101007299963, "dvar2": 0.00262736622244, "max": 0.28867328167, "mean": 0.0300688128918, "median": 0.0198871325701, "min": 1.07981869685e-20, "var": 0.00106288224924}, "spectral_energyband_high": {"dmean": 0.000711122120265, "dmean2": 0.000877027807292, "dvar": 1.37582992465e-06, "dvar2": 2.36697064793e-06, "max": 0.0255960766226, "mean": 0.00155703350902, "median": 0.000953894515987, "min": 8.14436538123e-21, "var": 3.70869724975e-06}, "spectral_energyband_low": {"dmean": 0.00877570547163, "dmean2": 0.0153499050066, "dvar": 0.000767500023358, "dvar2": 0.00211155973375, "max": 0.265841126442, "mean": 0.009516925551, "median": 0.00405582273379, "min": 4.36268164035e-23, "var": 0.000542774854694}, "spectral_energyband_middle_high": {"dmean": 0.000815234379843, "dmean2": 0.00122101779561, "dvar": 1.3768133158e-06, "dvar2": 3.24450593325e-06, "max": 0.0264649521559, "mean": 0.0020077675581, "median": 0.00155239354353, "min": 1.44981628192e-21, "var": 3.30925331582e-06}, "spectral_energyband_middle_low": {"dmean": 0.0104867536575, "dmean2": 0.0161268804222, "dvar": 0.000264474161668, "dvar2": 0.000622446241323, "max": 0.178326994181, "mean": 0.0180224161595, "median": 0.0112668331712, "min": 3.99834944983e-22, "var": 0.000382677506423}, "spectral_entropy": {"dmean": 0.202217385173, "dmean2": 0.282493442297, "dvar": 0.0371328964829, "dvar2": 0.0722310394049, "max": 9.80733013153, "mean": 7.78467702866, "median": 7.82883453369, "min": 5.49676990509, "var": 0.197855889797}, "spectral_flux": {"dmean": 0.0395466126502, "dmean2": 0.0623139254749, "dvar": 0.00299286679365, "dvar2": 0.00647425372154, "max": 0.497061729431, "mean": 0.0936590284109, "median": 0.0721759721637, "min": 1.03914328531e-10, "var": 0.00468114065006}, "spectral_kurtosis": {"dmean": 0.767135500908, "dmean2": 1.12509298325, "dvar": 0.924589455128, "dvar2": 2.01486039162, "max": 22.6213855743, "mean": 2.74897241592, "median": 2.38407707214, "min": -1.21616137028, "var": 3.28298783302}, "spectral_rms": {"dmean": 0.00133988750167, "dmean2": 0.00202594953589, "dvar": 3.34931405632e-06, "dvar2": 7.95457526692e-06, "max": 0.0167819093913, "mean": 0.00484768860042, "median": 0.00440477952361, "min": 3.24573831353e-12, "var": 5.83533301324e-06}, "spectral_rolloff": {"dmean": 888.541137695, "dmean2": 1436.48730469, "dvar": 2496851.5, "dvar2": 4860441.5, "max": 19810.546875, "mean": 1919.80224609, "median": 732.12890625, "min": 107.666015625, "var": 7153143}, "spectral_skewness": {"dmean": 0.170886322856, "dmean2": 0.241661965847, "dvar": 0.0298620052636, "dvar2": 0.0586955025792, "max": 3.60167717934, "mean": 1.51136672497, "median": 1.4782217741, "min": -0.157231301069, "var": 0.156865775585}, "spectral_spread": {"dmean": 673147, "dmean2": 934052.75, "dvar": 485579292672, "dvar2": 802563620864, "max": 40150284, "mean": 7918078.5, "median": 8126374.5, "min": 2153652.25, "var": 2886106873860.0}, "spectral_strongpeak": {"dmean": 0.409459352493, "dmean2": 0.684586644173, "dvar": 0.259690761566, "dvar2": 0.659478783607, "max": 9.50472354889, "mean": 0.716697216034, "median": 0.514969527721, "min": 5.31845367746e-09, "var": 0.398891150951}, "zerocrossingrate": {"dmean": 0.0183956492692, "dmean2": 0.0201447885484, "dvar": 0.000342851213645, "dvar2": 0.000359387224307, "max": 0.521484375, "mean": 0.0955686271191, "median": 0.0791015625, "min": 0.00927734375, "var": 0.00345643097535}, "barkbands": {"dmean": [0.000106633837277, 0.00510734133422, 0.00336797861382, 0.00260433228686, 0.00626481277868, 0.00190950161777, 0.00148794101551, 0.0005939208786, 0.000552885001525, 0.000155161789735, 0.000137055263622, 0.000206552256714, 0.000194069652935, 0.000228582910495, 0.000105073566374, 8.03710645414e-05, 7.45429424569e-05, 5.20527028129e-05, 5.89638511883e-05, 8.42514709802e-05, 8.07286851341e-05, 0.000123200996313, 0.000120903729112, 0.000105367020296, 0.000173523119884, 0.000141029333463, 2.2532296498e-05], "dmean2": [0.000187979865586, 0.009072416462, 0.00589015195146, 0.00421851314604, 0.0098222931847, 0.00314495316707, 0.00234173750505, 0.00094789621653, 0.000906436063815, 0.000251815537922, 0.000226536460104, 0.000323663844028, 0.00030627020169, 0.000371109257685, 0.000166180543602, 0.000128303188831, 0.000116872943181, 7.99924673629e-05, 8.45486429171e-05, 0.000130535525386, 0.000114397997095, 0.00018262406229, 0.00016666627198, 0.000137952229124, 0.00023259955924, 0.00019374708063, 3.06790498144e-05], "dvar": [9.89374342453e-08, 0.000293137185508, 0.000103628422949, 2.14263181988e-05, 0.000116615185107, 1.6939431589e-05, 1.18328543977e-05, 2.4376086003e-06, 9.63330762715e-07, 1.16118052063e-07, 7.1384441469e-08, 1.72952894673e-07, 2.34674772059e-07, 2.39120936385e-07, 7.16718844274e-08, 6.26761078593e-08, 1.4988431829e-08, 8.5637852365e-09, 2.06405417202e-08, 1.55860995221e-08, 1.47404914941e-08, 5.87800101925e-08, 1.10485565585e-07, 8.47922549951e-08, 8.81299939692e-08, 4.5433424134e-08, 1.10033837597e-09], "dvar2": [2.78007632915e-07, 0.000808647659142, 0.000287967093755, 5.28865784872e-05, 0.000279442610918, 4.45224650321e-05, 2.81888169411e-05, 6.23692403678e-06, 2.40158419729e-06, 2.66413906047e-07, 1.88100344189e-07, 4.36489244748e-07, 6.06004334713e-07, 6.09463825185e-07, 1.82435300644e-07, 1.66473682839e-07, 3.57209906099e-08, 1.94256628561e-08, 4.2060555927e-08, 3.54629143828e-08, 2.95679853934e-08, 1.10260465647e-07, 2.17117687384e-07, 1.46819374436e-07, 1.71918429714e-07, 1.01545218456e-07, 2.13018713779e-09], "max": [0.00362246320583, 0.171521276236, 0.119053997099, 0.0606987066567, 0.123124167323, 0.079204544425, 0.0558091551065, 0.0279367621988, 0.0209786817431, 0.00768313836306, 0.0038321944885, 0.0100507568568, 0.0119268773124, 0.0100509542972, 0.00744213303551, 0.0102401925251, 0.00214897631668, 0.00285858195275, 0.00727988220751, 0.00320348818786, 0.00238722353242, 0.00543388770893, 0.00746363773942, 0.0080534722656, 0.00817819684744, 0.00167506258003, 0.000280634296359], "mean": [8.66336267791e-05, 0.00440400000662, 0.00402691354975, 0.00330924219452, 0.00858074706048, 0.00246080802754, 0.00189014268108, 0.000755670247599, 0.000946266285609, 0.000217747408897, 0.000190783961443, 0.000354409596184, 0.00027487508487, 0.000348214787664, 0.000168601880432, 0.000130516535137, 0.00012378754036, 8.6632098828e-05, 9.48899687501e-05, 0.000161645555636, 0.0001478955528, 0.000219815818127, 0.00021992798429, 0.000189919606782, 0.00035210326314, 0.000285095680738, 4.14562637161e-05], "median": [2.48769465543e-05, 0.000908903661184, 0.00136227929033, 0.00131794484332, 0.00387762929313, 0.000884062144905, 0.000410207314417, 0.000257777835941, 0.000560756016057, 9.47326479945e-05, 8.37856860016e-05, 0.000201345188543, 0.000106895007775, 0.000156723166583, 8.49135394674e-05, 7.83270952525e-05, 6.88439686201e-05, 4.82175055367e-05, 4.33531931776e-05, 0.000103774706076, 8.9756998932e-05, 0.000121041586681, 9.70887922449e-05, 8.8854583737e-05, 0.000219132765778, 0.000187411729712, 2.25044459512e-05], "min": [4.47936868328e-23, 1.27849424732e-23, 6.51234811747e-24, 1.31905518737e-23, 5.40606772778e-24, 5.18420517358e-23, 9.83372736759e-23, 6.92362327476e-23, 1.06544576223e-22, 8.73690147585e-23, 1.30110123381e-22, 8.12527868337e-23, 1.6228964035e-22, 5.85520899739e-23, 6.32618230809e-23, 1.50407615447e-22, 1.30292583753e-22, 1.44062876606e-22, 3.27821915538e-22, 3.29044889755e-22, 4.22955334777e-22, 4.93790979855e-22, 4.83353428689e-22, 9.43078693596e-22, 1.14301779981e-21, 2.06237896746e-21, 2.5864245427e-21], "var": [6.51932623441e-08, 0.000198462730623, 7.89586702012e-05, 2.6155350497e-05, 0.000149535844685, 1.97348053916e-05, 1.73741991603e-05, 2.85918895315e-06, 1.91698336494e-06, 2.03142803912e-07, 1.05564623709e-07, 3.04562377096e-07, 3.05064673967e-07, 3.6438132156e-07, 9.46701206317e-08, 5.79077266138e-08, 2.73326499212e-08, 1.49559085116e-08, 3.94063839337e-08, 3.43952706316e-08, 2.85778742892e-08, 1.18618864065e-07, 2.26972716177e-07, 1.85816105613e-07, 1.92686442801e-07, 8.8096122397e-08, 2.27143703846e-09]}, "erbbands": {"dmean": [0.116765268147, 1.26915764809, 3.57370686531, 5.73529911041, 21.2871837616, 17.5909309387, 19.8303108215, 13.231253624, 18.8118286133, 20.773897171, 9.90540122986, 10.9701147079, 9.30721855164, 4.75848340988, 5.50846290588, 7.85433483124, 7.79834270477, 11.8992052078, 7.27691698074, 3.64278268814, 4.46236610413, 4.04828500748, 2.92036008835, 2.51810646057, 3.33917927742, 3.78666901588, 3.11193203926, 3.77508282661, 4.48238229752, 4.34491157532, 3.19423437119, 2.27571630478, 1.90340769291, 2.02114367485, 1.30053579807, 0.799945831299, 0.21291424334, 0.0347284674644, 0.00418052542955, 0.000136376678711], "dmean2": [0.207408517599, 2.25462865829, 6.27870559692, 9.61634349823, 34.0397567749, 27.994178772, 31.8081665039, 22.1748943329, 29.9124736786, 32.4299812317, 15.756934166, 18.4377155304, 14.6166944504, 7.71997928619, 8.78904724121, 12.3268575668, 12.3203754425, 19.1908226013, 11.4467191696, 5.67735099792, 7.07692098618, 6.35206270218, 4.46116876602, 3.63430213928, 4.78688144684, 5.7329120636, 4.63451576233, 5.40408468246, 6.83115386963, 6.03757238388, 4.45501708984, 2.95467758179, 2.49937677383, 2.67269825935, 1.82989609241, 1.12753033638, 0.294059723616, 0.0471187122166, 0.00573213631287, 0.000185927536222], "dvar": [0.156814470887, 17.9377346039, 126.913208008, 136.144714355, 1709.83947754, 953.291503906, 1702.43273926, 930.495056152, 2401.8425293, 2167.96313477, 490.125091553, 497.894561768, 289.800964355, 83.8735427856, 89.0054168701, 290.783416748, 316.677185059, 735.43927002, 311.1612854, 101.539054871, 132.51411438, 42.6497955322, 24.7597980499, 47.003452301, 41.558506012, 35.4618110657, 20.2180786133, 33.8496704102, 51.3950538635, 138.656417847, 76.6450881958, 36.8224143982, 27.9334259033, 19.3113975525, 3.44698619843, 1.43675911427, 0.0947508811951, 0.00244672782719, 3.65976411558e-05, 4.27142587967e-08], "dvar2": [0.434202253819, 49.4603271484, 354.562255859, 362.92098999, 4126.95996094, 2282.10522461, 4303.31445312, 2445.41064453, 5742.45898438, 5212.67138672, 1206.5501709, 1223.32019043, 684.6015625, 202.058120728, 228.443496704, 721.604797363, 819.647888184, 1901.6673584, 751.431762695, 260.948577881, 348.06741333, 101.668319702, 57.4657325745, 109.270782471, 78.6205749512, 79.7019348145, 45.29271698, 64.8240203857, 98.2827529907, 258.051086426, 150.657806396, 64.7166748047, 49.7946739197, 40.7243804932, 6.50575733185, 3.18371558189, 0.197154000401, 0.00471640145406, 7.57759989938e-05, 9.43279445664e-08], "max": [4.23229932785, 44.2730674744, 123.958648682, 133.693023682, 479.602783203, 454.565826416, 656.560241699, 631.227783203, 759.814453125, 897.661376953, 547.263183594, 630.515319824, 336.101013184, 302.670959473, 175.348266602, 495.026519775, 377.169189453, 664.313964844, 464.325805664, 337.372589111, 439.693145752, 122.530731201, 124.901527405, 322.719726562, 290.744628906, 150.524353027, 89.6603164673, 120.944740295, 178.837127686, 300.473083496, 199.409637451, 175.521850586, 142.970291138, 142.525863647, 41.2931632996, 8.88424682617, 2.94784593582, 0.37954339385, 0.0671066567302, 0.00339400139637], "mean": [0.0982512831688, 1.12624800205, 4.11365222931, 7.77537870407, 25.3034534454, 25.4024562836, 27.4349727631, 16.4918498993, 23.3879261017, 27.2319412231, 13.7627716064, 17.3360042572, 17.5756874084, 7.19270038605, 9.32927703857, 13.7144966125, 12.6244897842, 18.1091518402, 12.7167329788, 6.61407709122, 7.62611293793, 6.99848890305, 5.10923528671, 4.12734174728, 5.59086704254, 7.4323849678, 6.13350868225, 6.81378746033, 8.15146923065, 7.42837142944, 5.91516017914, 4.03557920456, 3.43112492561, 3.70456981659, 2.6264193058, 1.6277936697, 0.432142823935, 0.0678554326296, 0.0076326909475, 0.000249827979133], "median": [0.0188535451889, 0.26937276125, 1.25950455666, 4.31135940552, 8.547082901, 11.7664966583, 10.0673952103, 6.96530580521, 5.73402690887, 6.58176517487, 5.80446815491, 9.1826915741, 11.3681058884, 3.82322502136, 5.4356970787, 7.39575052261, 5.7075586319, 7.99099349976, 6.07639169693, 3.92066788673, 4.82917308807, 4.1333026886, 2.93895244598, 2.18613839149, 2.92700529099, 4.60262680054, 4.30424976349, 3.91056323051, 4.6168422699, 3.44780135155, 2.67657709122, 1.77556490898, 1.60736358166, 1.99626100063, 1.76154279709, 1.10876452923, 0.261482059956, 0.0411019548774, 0.00436540739611, 0.000149663115735], "min": [5.52972208489e-22, 2.2394388355e-21, 6.82101695723e-21, 3.86799509511e-20, 2.01841245998e-20, 1.53433344082e-20, 9.54602939155e-20, 7.10717459715e-19, 1.65860600582e-18, 7.64623837958e-19, 1.75505164633e-18, 3.1045457373e-18, 3.221496875e-18, 2.73836838976e-18, 5.20091712658e-18, 3.41461707826e-18, 6.68780488333e-18, 4.04738067515e-18, 3.74426116686e-18, 4.51023909948e-18, 8.10872250468e-18, 8.24700063332e-18, 8.10146399481e-18, 1.4089822323e-17, 1.63668636065e-17, 1.57427111666e-17, 1.45729040725e-17, 1.86099755957e-17, 1.3757127799e-17, 1.67162862039e-17, 1.56498171294e-17, 1.86813596282e-17, 1.62370938576e-17, 1.35552303823e-17, 8.43937389248e-18, 8.08222046504e-18, 3.27848196779e-18, 1.47958892182e-18, 4.08855886342e-19, 3.3644912256e-20], "var": [0.108079306781, 12.0919981003, 92.0331268311, 131.465866089, 1901.22033691, 1489.04467773, 2258.7578125, 940.870727539, 3548.48632812, 3251.38647461, 664.270385742, 1046.23620605, 531.638793945, 130.880523682, 147.965301514, 531.151245117, 475.823303223, 1032.4395752, 529.622314453, 123.512687683, 146.615631104, 75.4938964844, 45.96925354, 62.1666679382, 88.2807922363, 81.7816467285, 38.9517440796, 69.7572097778, 107.338935852, 281.149017334, 155.693359375, 82.8696594238, 59.6771125793, 35.4135627747, 8.09260845184, 2.81594944, 0.200683623552, 0.00537860672921, 7.12237451808e-05, 7.10562559902e-08]}, "gfcc": {"mean": [21.9849052429, 50.2406158447, -69.7919006348, 16.9237709045, -60.9381027222, 12.0388212204, -44.5918807983, 0.503347933292, -33.8273010254, 6.96916007996, -27.8964138031, 1.5090419054, -14.5164966583], "cov": [[7955.49707031, -493.519073486, 267.843353271, 159.291290283, -79.0835647583, 164.281341553, -22.9185390472, 72.2746810913, -97.4131011963, 133.625778198, -173.175598145, -61.0780220032, -162.834655762], [-493.519073486, 1068.7421875, -20.2649383545, 31.0611820221, 222.237380981, 85.8536224365, 81.3429489136, -9.47492408752, 53.8456077576, -20.1721000671, -3.71120285988, -27.0680999756, 7.07075119019], [267.843353271, -20.2649383545, 455.519989014, 115.931381226, 51.393737793, 60.8246879578, 35.1500930786, 29.2261657715, -26.4864578247, -1.36255168915, -44.800201416, 7.52855014801, -27.8300590515], [159.291290283, 31.0611820221, 115.931381226, 257.575042725, 105.361968994, 52.8863945007, 28.155090332, 29.120059967, 27.1629829407, -23.4875850677, -5.59005308151, -14.6072359085, 7.9349193573], [-79.0835647583, 222.237380981, 51.393737793, 105.361968994, 230.303955078, 92.3802337646, 59.4114456177, 31.5362358093, 25.8583450317, 9.87222099304, -10.5083465576, -9.52619075775, 0.138802573085], [164.281341553, 85.8536224365, 60.8246879578, 52.8863945007, 92.3802337646, 175.863525391, 84.1858596802, 30.0086250305, 11.0037651062, 4.89094400406, -18.0593852997, -12.9165325165, -0.835242331028], [-22.9185390472, 81.3429489136, 35.1500930786, 28.155090332, 59.4114456177, 84.1858596802, 106.5652771, 47.815120697, 15.5108451843, 5.45629930496, -6.84356927872, -8.06733036041, -7.00655317307], [72.2746810913, -9.47492408752, 29.2261657715, 29.120059967, 31.5362358093, 30.0086250305, 47.815120697, 85.0385665894, 46.6315727234, 13.0859775543, -1.89225494862, 3.49661684036, -0.177296444774], [-97.4131011963, 53.8456077576, -26.4864578247, 27.1629829407, 25.8583450317, 11.0037651062, 15.5108451843, 46.6315727234, 92.0867004395, 42.7461776733, 13.0224761963, -7.84861803055, 0.823177337646], [133.625778198, -20.1721000671, -1.36255168915, -23.4875850677, 9.87222099304, 4.89094400406, 5.45629930496, 13.0859775543, 42.7461776733, 95.6430358887, 26.7660522461, -6.56962060928, -19.4954967499], [-173.175598145, -3.71120285988, -44.800201416, -5.59005308151, -10.5083465576, -18.0593852997, -6.84356927872, -1.89225494862, 13.0224761963, 26.7660522461, 72.7051239014, 28.9696178436, -0.671736717224], [-61.0780220032, -27.0680999756, 7.52855014801, -14.6072359085, -9.52619075775, -12.9165325165, -8.06733036041, 3.49661684036, -7.84861803055, -6.56962060928, 28.9696178436, 72.7239303589, 36.249420166], [-162.834655762, 7.07075119019, -27.8300590515, 7.9349193573, 0.138802573085, -0.835242331028, -7.00655317307, -0.177296444774, 0.823177337646, -19.4954967499, -0.671736717224, 36.249420166, 77.6257629395]], "icov": [[0.00020050360763, -6.03642256465e-05, 0.000207506323932, -0.000475729291793, 0.000371347356122, -0.000387380598113, 0.000527692493051, -0.000675046409015, 0.000885892484803, -0.00094868731685, 0.00099070079159, -0.00059970485745, 0.000631338509265], [-6.03642256465e-05, 0.00154595589265, -0.000356536678737, 0.00106931803748, -0.00184716121294, 0.000454865192296, -0.0015276336344, 0.00239893118851, -0.00256752106361, 0.00200137658976, -0.00109610578511, 0.000944685132708, -0.000549545453396], [0.000207506323932, -0.000356536678737, 0.00383162498474, -0.00284115364775, 0.00114741281141, -0.00105255178642, 0.000885409011971, -0.00233178469352, 0.00372198573314, -0.00344846583903, 0.00487589836121, -0.00425819354132, 0.00331822410226], [-0.000475729291793, 0.00106931803748, -0.00284115364775, 0.00848034862429, -0.00444753095508, 0.000740844407119, -0.00118889240548, 0.00260140304454, -0.00634304294363, 0.00735366996378, -0.00663117319345, 0.00588101614267, -0.00395580101758], [0.000371347356122, -0.00184716121294, 0.00114741281141, -0.00444753095508, 0.00936953909695, -0.003215465229, 0.000995128881186, -0.0034344100859, 0.00392836239189, -0.00509900087491, 0.004170473665, -0.00316976103932, 0.00203787838109], [-0.000387380598113, 0.000454865192296, -0.00105255178642, 0.000740844407119, -0.003215465229, 0.0115103563294, -0.00901810638607, 0.00366690265946, -0.00238516042009, 0.00146641593892, -0.000780708622187, 0.00199407944456, -0.00252749258652], [0.000527692493051, -0.0015276336344, 0.000885409011971, -0.00118889240548, 0.000995128881186, -0.00901810638607, 0.0229588188231, -0.0142033966258, 0.00762566318735, -0.00358537794091, 0.00133547850419, -7.09019514034e-05, 0.00268941232935], [-0.000675046409015, 0.00239893118851, -0.00233178469352, 0.00260140304454, -0.0034344100859, 0.00366690265946, -0.0142033966258, 0.0299751926214, -0.0193599816412, 0.0076520787552, -0.00133879482746, -0.00221408484504, -0.000754955108277], [0.000885892484803, -0.00256752106361, 0.00372198573314, -0.00634304294363, 0.00392836239189, -0.00238516042009, 0.00762566318735, -0.0193599816412, 0.0308815296739, -0.0163568872958, 0.00451495870948, -0.000118758551253, 0.000345424137777], [-0.00094868731685, 0.00200137658976, -0.00344846583903, 0.00735366996378, -0.00509900087491, 0.00146641593892, -0.00358537794091, 0.0076520787552, -0.0163568872958, 0.0247779171914, -0.0132634686306, 0.00710149016231, -0.00147626409307], [0.00099070079159, -0.00109610578511, 0.00487589836121, -0.00663117319345, 0.004170473665, -0.000780708622187, 0.00133547850419, -0.00133879482746, 0.00451495870948, -0.0132634686306, 0.0307850018144, -0.0189780816436, 0.0104553326964], [-0.00059970485745, 0.000944685132708, -0.00425819354132, 0.00588101614267, -0.00316976103932, 0.00199407944456, -7.09019514034e-05, -0.00221408484504, -0.000118758551253, 0.00710149016231, -0.0189780816436, 0.0317527465522, -0.0166634041816], [0.000631338509265, -0.000549545453396, 0.00331822410226, -0.00395580101758, 0.00203787838109, -0.00252749258652, 0.00268941232935, -0.000754955108277, 0.000345424137777, -0.00147626409307, 0.0104553326964, -0.0166634041816, 0.0235583856702]]}, "melbands": {"dmean": [0.00127304298803, 0.00182696571574, 0.00147627398837, 0.00139247253537, 0.000707479950506, 0.00031092876452, 0.000289409741526, 0.000207819553907, 7.25775098545e-05, 7.65390359447e-05, 4.66788260383e-05, 1.97545559786e-05, 1.91031213035e-05, 2.17427459575e-05, 2.14950632653e-05, 1.93792911887e-05, 2.31672420341e-05, 1.34624106067e-05, 6.2450662881e-06, 4.83662006445e-06, 5.6825797401e-06, 4.52131371276e-06, 3.73563398171e-06, 2.30361024478e-06, 2.07122729989e-06, 2.5116416964e-06, 2.62817570729e-06, 2.73767909675e-06, 2.28572957894e-06, 1.85226633675e-06, 2.60041292677e-06, 2.68711346507e-06, 2.38077336689e-06, 2.55192685472e-06, 1.87763328086e-06, 1.73244313828e-06, 1.35024026804e-06, 1.33124979129e-06, 1.48970866576e-06, 1.87931084383e-06], "dmean2": [0.00225900765508, 0.00321231153794, 0.00239672651514, 0.00221303827129, 0.00112728832755, 0.000518933462445, 0.000457467773231, 0.000325163156958, 0.00011627234926, 0.000127317878651, 7.30854953872e-05, 3.2119165553e-05, 3.1275623769e-05, 3.35508557328e-05, 3.46901470039e-05, 3.07423906634e-05, 3.78282529709e-05, 2.13762887142e-05, 9.68204130913e-06, 7.72764633439e-06, 9.05206434254e-06, 7.18209730621e-06, 5.80710320719e-06, 3.55330416824e-06, 3.03682054437e-06, 3.69160284208e-06, 3.92777701563e-06, 4.23251594839e-06, 3.55252927875e-06, 2.7111241252e-06, 3.91227194996e-06, 4.17230694438e-06, 3.44138538821e-06, 3.64884886039e-06, 2.74898388852e-06, 2.37085919252e-06, 1.80056872523e-06, 1.83900556294e-06, 2.01025773094e-06, 2.60176511802e-06], "dvar": [1.82659587153e-05, 3.47846071236e-05, 6.78887863614e-06, 6.0831735027e-06, 1.84736370556e-06, 4.69153889071e-07, 5.24421636783e-07, 2.25520025765e-07, 2.64012935958e-08, 2.09508890237e-08, 7.29083593498e-09, 1.53142676318e-09, 1.28767840835e-09, 1.93657823111e-09, 3.10035574991e-09, 2.32503216679e-09, 2.86170931396e-09, 1.02627206733e-09, 1.8810196456e-10, 2.92873447716e-10, 1.63554794708e-10, 5.97270288782e-11, 3.91407080358e-11, 1.93681772009e-11, 3.84313622592e-11, 3.73451304603e-11, 1.8511015637e-11, 1.90211665863e-11, 9.90136271584e-12, 9.37283931024e-12, 1.63429530325e-11, 1.81415438227e-11, 2.99772914825e-11, 5.05345591761e-11, 2.42273024559e-11, 2.74152697072e-11, 1.10526674618e-11, 1.48892877194e-11, 1.57639092752e-11, 1.47133780853e-11], "dvar2": [5.03789779032e-05, 9.66374282143e-05, 1.68467631738e-05, 1.48213912325e-05, 4.65427910967e-06, 1.2292291558e-06, 1.25603116885e-06, 5.53121424218e-07, 6.53442029375e-08, 5.1204089857e-08, 1.7166010835e-08, 3.64462215963e-09, 3.40019812306e-09, 5.04422059677e-09, 7.97098298477e-09, 5.82413228756e-09, 7.36916705435e-09, 2.4490294237e-09, 4.6052248126e-10, 7.74145192395e-10, 4.22849338877e-10, 1.49533038729e-10, 9.40948916006e-11, 4.39162005372e-11, 9.35597432861e-11, 7.01905270017e-11, 4.18695911275e-11, 4.36465828757e-11, 2.31243826171e-11, 2.0127373726e-11, 3.34029505444e-11, 3.69178090875e-11, 5.93115070946e-11, 9.83585018988e-11, 4.99702189349e-11, 5.24172684424e-11, 2.02306105895e-11, 2.72382949529e-11, 3.20747352289e-11, 3.25839424886e-11], "max": [0.0409974493086, 0.0610916167498, 0.0259457118809, 0.0304888188839, 0.0181347150356, 0.0136699257419, 0.0120222289115, 0.00832211878151, 0.00382440676913, 0.00415453920141, 0.0016910682898, 0.00131133885588, 0.00050997629296, 0.00109971105121, 0.00118239235599, 0.00151353445835, 0.00125306542031, 0.000735832902137, 0.000412480992964, 0.000709324202035, 0.000422300538048, 0.000153819535626, 0.000143894358189, 0.000131027234602, 0.000299536710372, 0.000340489466907, 0.000117654322821, 0.00010000441398, 4.81081660837e-05, 6.36009353912e-05, 9.1034999059e-05, 0.00011983524746, 0.00012355063518, 0.000172125146491, 0.000117637915537, 0.000146983744344, 9.48872693698e-05, 9.25334898056e-05, 0.000161636533448, 0.000107478430436], "mean": [0.00108034606092, 0.00197277171537, 0.00198491965421, 0.00184005277697, 0.0010191721376, 0.000392529094825, 0.000362731516361, 0.000272906938335, 9.68497042777e-05, 0.000125618025777, 8.67381168064e-05, 2.73005953204e-05, 2.93786251859e-05, 3.76707430405e-05, 3.30187649524e-05, 2.86487993435e-05, 3.3775337215e-05, 2.1924273824e-05, 1.06801771835e-05, 7.64598644309e-06, 9.21999071579e-06, 7.18673891242e-06, 6.18863668933e-06, 3.710263627e-06, 3.15859824696e-06, 3.90528293792e-06, 4.303692549e-06, 5.21024185218e-06, 4.21069125878e-06, 3.2028615351e-06, 4.2836350076e-06, 4.73329873785e-06, 4.06158824262e-06, 4.12778172176e-06, 3.39656412507e-06, 2.86511749437e-06, 2.35943502958e-06, 2.30587511396e-06, 2.56695102507e-06, 3.35265849571e-06], "median": [0.000229340250371, 0.000625126122031, 0.00092093332205, 0.000823548820335, 0.000424672238296, 0.000155342422659, 8.85715562617e-05, 7.14024572517e-05, 3.66511012544e-05, 7.10517779225e-05, 5.52635756321e-05, 1.30323169287e-05, 1.52235325004e-05, 2.13203165913e-05, 1.42693124872e-05, 1.16727269415e-05, 1.46578540807e-05, 9.35006119107e-06, 6.1583182287e-06, 4.04448610425e-06, 5.64227093491e-06, 3.88395483242e-06, 3.24289703713e-06, 1.88381693533e-06, 1.57595866312e-06, 1.61357866091e-06, 2.59678836301e-06, 3.07442905978e-06, 2.93187258649e-06, 1.89763829894e-06, 2.30018872571e-06, 2.78245079244e-06, 2.01761304197e-06, 1.82463656984e-06, 1.6604802795e-06, 9.91504407466e-07, 1.11354768251e-06, 1.01927503238e-06, 1.27973657982e-06, 1.78343816515e-06], "min": [5.5211798888e-24, 3.60157207292e-24, 5.51198808153e-24, 1.01513875335e-24, 2.64169775914e-24, 1.41782443812e-23, 2.36584765507e-23, 8.7836703568e-24, 1.49657326684e-23, 1.90476240027e-23, 1.54067090699e-23, 9.94333375279e-24, 1.78618966424e-23, 1.01966574998e-23, 1.14283091866e-23, 1.59412696183e-23, 6.39501965174e-24, 5.99446566635e-24, 4.03681976649e-24, 1.02138325795e-23, 8.22728676034e-24, 9.00772973085e-24, 7.43614131394e-24, 6.39599350053e-24, 1.19476178982e-23, 1.18103986992e-23, 1.0336836505e-23, 1.09061716198e-23, 8.28679921589e-24, 9.93417744427e-24, 1.1833204668e-23, 5.37724353917e-24, 1.29067236643e-23, 7.49931408409e-24, 8.06723556014e-24, 1.07918262316e-23, 1.10173378985e-23, 1.07347079689e-23, 1.20035323592e-23, 1.10326291783e-23], "var": [1.24788048197e-05, 2.42472233367e-05, 7.91822367319e-06, 7.37929667594e-06, 2.55340887634e-06, 5.01766407979e-07, 7.68338054513e-07, 3.21757852362e-07, 3.66742547442e-08, 4.43589236454e-08, 1.34211646241e-08, 2.40165332066e-09, 1.98045513322e-09, 3.22439519529e-09, 4.62562965708e-09, 3.40063133208e-09, 3.86314846779e-09, 1.84570891903e-09, 2.85438422898e-10, 2.6445917678e-10, 2.0406687451e-10, 9.64785543123e-11, 7.27951379731e-11, 3.51410567312e-11, 4.48060165359e-11, 8.01704327924e-11, 2.99791302893e-11, 4.45308026564e-11, 1.89410501172e-11, 1.57960502317e-11, 3.04183449262e-11, 3.48664291883e-11, 5.45658587758e-11, 9.8066207932e-11, 4.54245981107e-11, 5.77213450648e-11, 2.3299064067e-11, 3.10522163538e-11, 2.68194390307e-11, 2.60961686288e-11]}, "mfcc": {"mean": [-640.097167969, 100.415489197, 33.8844146729, 13.4526329041, 2.96012496948, 8.60338687897, -2.31467223167, -7.2017326355, -0.864284873009, -5.53136777878, -3.13658237457, -6.10977649689, -5.11673927307], "cov": [[4690.17041016, 96.1133499146, 63.8955955505, 123.858604431, 42.7819747925, 67.2609405518, -1.57431733608, -47.8198509216, -11.5603570938, 25.5003566742, 68.2733306885, -6.43249797821, -27.6455039978], [96.1133499146, 933.69317627, -34.5261650085, 16.4332733154, 86.4073181152, 116.495834351, 59.3115234375, 31.9770965576, 79.6671676636, -18.1011810303, 20.9871902466, 59.9976043701, 35.1607780457], [63.8955955505, -34.5261650085, 338.812774658, 77.5714035034, 25.6725997925, 27.5854167938, 25.3790969849, 33.1964263916, 9.89189815521, -9.24541664124, -1.93612790108, -13.522274971, -1.9319614172], [123.858604431, 16.4332733154, 77.5714035034, 194.659576416, 96.4794006348, 25.4604034424, 17.3402328491, 30.4309043884, 26.6613769531, 17.4750804901, 0.869368374348, -6.40786743164, 12.2779560089], [42.7819747925, 86.4073181152, 25.6725997925, 96.4794006348, 154.34703064, 76.5127029419, 37.3563804626, 37.9383811951, 45.2448883057, 23.5729446411, 4.11922550201, 10.5090866089, 14.2821865082], [67.2609405518, 116.495834351, 27.5854167938, 25.4604034424, 76.5127029419, 144.151062012, 74.9007110596, 32.0813407898, 44.8156967163, 29.3089103699, 12.317905426, 13.9837789536, 5.40074396133], [-1.57431733608, 59.3115234375, 25.3790969849, 17.3402328491, 37.3563804626, 74.9007110596, 109.85774231, 56.0647926331, 25.0820045471, 15.1482753754, 10.5739307404, 2.02040696144, 0.363104879856], [-47.8198509216, 31.9770965576, 33.1964263916, 30.4309043884, 37.9383811951, 32.0813407898, 56.0647926331, 108.610969543, 50.4684371948, 4.73914527893, -3.98294377327, -1.17316699028, 3.70205307007], [-11.5603570938, 79.6671676636, 9.89189815521, 26.6613769531, 45.2448883057, 44.8156967163, 25.0820045471, 50.4684371948, 104.773513794, 45.0357398987, 6.05689096451, 8.10705375671, 7.46155166626], [25.5003566742, -18.1011810303, -9.24541664124, 17.4750804901, 23.5729446411, 29.3089103699, 15.1482753754, 4.73914527893, 45.0357398987, 94.2974777222, 42.5514221191, 8.95672416687, -2.97177529335], [68.2733306885, 20.9871902466, -1.93612790108, 0.869368374348, 4.11922550201, 12.317905426, 10.5739307404, -3.98294377327, 6.05689096451, 42.5514221191, 83.9861831665, 44.6594085693, 5.33447980881], [-6.43249797821, 59.9976043701, -13.522274971, -6.40786743164, 10.5090866089, 13.9837789536, 2.02040696144, -1.17316699028, 8.10705375671, 8.95672416687, 44.6594085693, 87.4296951294, 45.7665977478], [-27.6455039978, 35.1607780457, -1.9319614172, 12.2779560089, 14.2821865082, 5.40074396133, 0.363104879856, 3.70205307007, 7.46155166626, -2.97177529335, 5.33447980881, 45.7665977478, 71.470741272]], "icov": [[0.00022618289222, -1.7611133444e-05, -2.53035682363e-06, -0.000194115476916, 8.72431628522e-05, -0.000194121093955, 9.57519951044e-05, 0.000116201124911, 1.22935707623e-05, 0.000102758873254, -0.000293025252176, 0.000144575795275, 5.24421739101e-05], [-1.7611133444e-05, 0.00141028000508, 0.000263998634182, 1.45622643686e-05, -0.000284584646579, -0.000776333385147, -0.000313465076033, 0.000580419495236, -0.00150066940114, 0.00168217008468, -0.000654962204862, -0.000417969742557, -6.57686614431e-05], [-2.53035682363e-06, 0.000263998634182, 0.00350702367723, -0.00164901337121, 0.000856232712977, -0.00109851651359, 4.58721588075e-05, -0.000635501579382, -0.000281826418359, 0.00132555502933, -0.000908866291866, 0.00071872852277, -0.000116044473543], [-0.000194115476916, 1.45622643686e-05, -0.00164901337121, 0.00902578234673, -0.00615549227223, 0.00231218920089, -0.000136924194521, -0.000587917980738, 0.000281117943814, -0.00107804336585, -0.00050814478891, 0.00213562697172, -0.00199467409402], [8.72431628522e-05, -0.000284584646579, 0.000856232712977, -0.00615549227223, 0.013888980262, -0.00630158977583, 0.00160085060634, -0.00176421878859, -0.000898642116226, -0.000410073524108, 0.000858698098455, -0.000986391678452, -0.000317373254802], [-0.000194121093955, -0.000776333385147, -0.00109851651359, 0.00231218920089, -0.00630158977583, 0.0163648501039, -0.00980157125741, 0.00361617282033, -0.00271293078549, -0.00211057951674, 0.00202809902839, -0.00230930419639, 0.00128792785108], [9.57519951044e-05, -0.000313465076033, 4.58721588075e-05, -0.000136924194521, 0.00160085060634, -0.00980157125741, 0.0197549015284, -0.00966551806778, 0.00426489068195, -0.00126273685601, -0.00251281680539, 0.0024748032447, -0.000857892096974], [0.000116201124911, 0.000580419495236, -0.000635501579382, -0.000587917980738, -0.00176421878859, 0.00361617282033, -0.00966551806778, 0.0181684605777, -0.00950382091105, 0.00480650924146, -0.000402994948672, 4.83448602608e-05, 0.000221702997806], [1.22935707623e-05, -0.00150066940114, -0.000281826418359, 0.000281117943814, -0.000898642116226, -0.00271293078549, 0.00426489068195, -0.00950382091105, 0.0205546524376, -0.0114962421358, 0.0051991334185, -0.00194203655701, -0.000226080097491], [0.000102758873254, 0.00168217008468, 0.00132555502933, -0.00107804336585, -0.000410073524108, -0.00211057951674, -0.00126273685601, 0.00480650924146, -0.0114962421358, 0.0229395851493, -0.0134178558365, 0.00552809052169, -0.000952305796091], [-0.000293025252176, -0.000654962204862, -0.000908866291866, -0.00050814478891, 0.000858698098455, 0.00202809902839, -0.00251281680539, -0.000402994948672, 0.0051991334185, -0.0134178558365, 0.0274346638471, -0.0174305234104, 0.00799370277673], [0.000144575795275, -0.000417969742557, 0.00071872852277, 0.00213562697172, -0.000986391678452, -0.00230930419639, 0.0024748032447, 4.83448602608e-05, -0.00194203655701, 0.00552809052169, -0.0174305234104, 0.0299377348274, -0.0171665214002], [5.24421739101e-05, -6.57686614431e-05, -0.000116044473543, -0.00199467409402, -0.000317373254802, 0.00128792785108, -0.000857892096974, 0.000221702997806, -0.000226080097491, -0.000952305796091, 0.00799370277673, -0.0171665214002, 0.0247229039669]]}, "spectral_contrast_coeffs": {"dmean": [0.0595919676125, 0.0564195103943, 0.0398635081947, 0.0308120176196, 0.0202121194452, 0.0144626991823], "dmean2": [0.0952048301697, 0.091229967773, 0.0626451298594, 0.0489055514336, 0.0327038280666, 0.0237644296139], "dvar": [0.00280974758789, 0.00213007139973, 0.00105641037226, 0.000666862004437, 0.000319290847983, 0.000166687648743], "dvar2": [0.00649287039414, 0.00537965027615, 0.00251412717625, 0.00158766121604, 0.000749689352233, 0.000409990461776], "max": [-0.228230655193, -0.392141282558, -0.516509234905, -0.555043399334, -0.607870340347, -0.636308372021], "mean": [-0.583008944988, -0.711093246937, -0.756066203117, -0.792841911316, -0.813190102577, -0.792257845402], "median": [-0.591868579388, -0.717867493629, -0.75964307785, -0.800230979919, -0.818730890751, -0.793161571026], "min": [-0.952155470848, -0.973568022251, -0.983210384846, -0.979435622692, -0.957539975643, -0.960266470909], "var": [0.00820101331919, 0.00665826490149, 0.00396770378575, 0.00270314584486, 0.00113211630378, 0.000548710289877]}, "spectral_contrast_valleys": {"dmean": [0.457066506147, 0.422718763351, 0.370151132345, 0.342524975538, 0.323050796986, 0.316812217236], "dmean2": [0.715443909168, 0.672592163086, 0.549758851528, 0.489200860262, 0.430983066559, 0.370346665382], "dvar": [0.226772993803, 0.188308283687, 0.13276027143, 0.134369060397, 0.143399223685, 0.118685826659], "dvar2": [0.433447241783, 0.393251746893, 0.231604531407, 0.224896118045, 0.240209341049, 0.186713039875], "max": [-4.76477336884, -4.47986984253, -5.80883646011, -5.65880441666, -5.8837389946, -7.19002628326], "mean": [-7.30699396133, -6.8738179206