{"lowlevel": {"average_loudness": 0.886106789112, "barkbands_crest": {"dmean": 2.7758538723, "dmean2": 4.32414054871, "dvar": 6.9088344574, "dvar2": 15.8627443314, "max": 26.9522075653, "mean": 11.4308443069, "median": 9.98753929138, "min": 2.15597605705, "var": 30.8210163116}, "barkbands_flatness_db": {"dmean": 0.0268201753497, "dmean2": 0.0396075882018, "dvar": 0.000750208564568, "dvar2": 0.00152696471196, "max": 0.73736846447, "mean": 0.17310641706, "median": 0.134630590677, "min": 0.0235119275749, "var": 0.0148212807253}, "barkbands_kurtosis": {"dmean": 10.0688438416, "dmean2": 15.8456506729, "dvar": 2818.64453125, "dvar2": 6991.35351562, "max": 2756.28881836, "mean": 14.9482393265, "median": 1.51552295685, "min": -1.9528195858, "var": 7046.07714844}, "barkbands_skewness": {"dmean": 0.806322455406, "dmean2": 1.18131256104, "dvar": 1.10885095596, "dvar2": 2.31332373619, "max": 33.8709907532, "mean": 1.5649086237, "median": 1.28284752369, "min": -19.0853481293, "var": 5.44512605667}, "barkbands_spread": {"dmean": 9.05573177338, "dmean2": 13.7279825211, "dvar": 132.768569946, "dvar2": 270.965667725, "max": 126.219345093, "mean": 27.8600921631, "median": 24.9693832397, "min": 0.00931113027036, "var": 435.127593994}, "dissonance": {"dmean": 0.0260828100145, "dmean2": 0.044739048928, "dvar": 0.00175647367723, "dvar2": 0.00517676305026, "max": 0.500000119209, "mean": 0.461561918259, "median": 0.474637597799, "min": 0.0637127608061, "var": 0.00234194961376}, "dynamic_complexity": 4.17757511139, "erbbands_crest": {"dmean": 2.79600405693, "dmean2": 4.59499025345, "dvar": 7.11077451706, "dvar2": 17.7861824036, "max": 33.7372169495, "mean": 10.0526199341, "median": 8.3874874115, "min": 2.51013374329, "var": 29.5737915039}, "erbbands_flatness_db": {"dmean": 0.0206166375428, "dmean2": 0.0312356222421, "dvar": 0.000449686631327, "dvar2": 0.000938623677939, "max": 0.735540091991, "mean": 0.190540969372, "median": 0.147524550557, "min": 0.0529529117048, "var": 0.0173835139722}, "erbbands_kurtosis": {"dmean": 1.57166397572, "dmean2": 2.4819085598, "dvar": 12.0387506485, "dvar2": 29.3318138123, "max": 144.143447876, "mean": 1.57474684715, "median": 0.0771111249924, "min": -1.81198298931, "var": 28.9041824341}, "erbbands_skewness": {"dmean": 0.478555470705, "dmean2": 0.71719455719, "dvar": 0.237864345312, "dvar2": 0.510370731354, "max": 10.8552570343, "mean": 0.0377469547093, "median": 0.0344229191542, "min": -5.27663516998, "var": 0.885431289673}, "erbbands_spread": {"dmean": 10.9897346497, "dmean2": 16.7289085388, "dvar": 146.656723022, "dvar2": 338.980224609, "max": 149.811630249, "mean": 40.4679794312, "median": 38.7551879883, "min": 0.258149504662, "var": 570.741760254}, "hfc": {"dmean": 14.2394647598, "dmean2": 21.1236553192, "dvar": 500.174804688, "dvar2": 1140.25366211, "max": 269.69354248, "mean": 29.8502140045, "median": 21.8619861603, "min": 1.23509645983e-16, "var": 958.879333496}, "melbands_crest": {"dmean": 3.47015070915, "dmean2": 5.40231370926, "dvar": 10.1840219498, "dvar2": 23.3905506134, "max": 38.77784729, "mean": 16.809337616, "median": 16.1163597107, "min": 1.54206264019, "var": 36.8950462341}, "melbands_flatness_db": {"dmean": 0.0348046049476, "dmean2": 0.0497444272041, "dvar": 0.00119104830083, "dvar2": 0.00229326635599, "max": 0.800622940063, "mean": 0.233312278986, "median": 0.200403898954, "min": 0.00418276945129, "var": 0.0159408841282}, "melbands_kurtosis": {"dmean": 11.1838207245, "dmean2": 17.5783882141, "dvar": 5189.00048828, "dvar2": 15230.1689453, "max": 5281.29394531, "mean": 17.4035682678, "median": 9.00655555725, "min": -1.88636898994, "var": 3103.02636719}, "melbands_skewness": {"dmean": 0.989097177982, "dmean2": 1.46338057518, "dvar": 1.61246430874, "dvar2": 3.84140276909, "max": 62.3891067505, "mean": 2.74752545357, "median": 2.54150724411, "min": -6.89157390594, "var": 5.22958421707}, "melbands_spread": {"dmean": 11.2749347687, "dmean2": 17.0611991882, "dvar": 267.821136475, "dvar2": 563.071777344, "max": 271.982421875, "mean": 27.4904937744, "median": 21.2256813049, "min": 0.130504816771, "var": 698.32220459}, "pitch_salience": {"dmean": 0.0769674554467, "dmean2": 0.121389403939, "dvar": 0.00571160158142, "dvar2": 0.0135580878705, "max": 0.982582986355, "mean": 0.498100548983, "median": 0.505102932453, "min": 0.0232780855149, "var": 0.0175293385983}, "silence_rate_20dB": {"dmean": 0, "dmean2": 0, "dvar": 0, "dvar2": 0, "max": 1, "mean": 1, "median": 1, "min": 1, "var": 0}, "silence_rate_30dB": {"dmean": 0.0260955635458, "dmean2": 0.0521958246827, "dvar": 0.0254151448607, "dvar2": 0.0528926961124, "max": 1, "mean": 0.96859818697, "median": 1, "min": 0, "var": 0.0304150469601}, "silence_rate_60dB": {"dmean": 0.0176370013505, "dmean2": 0.0352771766484, "dvar": 0.017324719578, "dvar2": 0.0378183424473, "max": 1, "mean": 0.135414794087, "median": 0, "min": 0, "var": 0.117056027055}, "spectral_centroid": {"dmean": 383.245880127, "dmean2": 570.50378418, "dvar": 200480.015625, "dvar2": 400632.53125, "max": 10487.1503906, "mean": 1602.00671387, "median": 1475.33972168, "min": 78.9866867065, "var": 610129.3125}, "spectral_complexity": {"dmean": 4.71483850479, "dmean2": 6.59305238724, "dvar": 28.7424659729, "dvar2": 49.5957069397, "max": 60, "mean": 17.6877803802, "median": 17, "min": 0, "var": 137.614059448}, "spectral_decrease": {"dmean": 2.80180612044e-09, "dmean2": 4.12543377237e-09, "dvar": 2.00255843718e-17, "dvar2": 4.25843862086e-17, "max": 3.15579131333e-17, "mean": -8.02892330398e-09, "median": -6.62884591662e-09, "min": -6.23190459237e-08, "var": 5.67663945021e-17}, "spectral_energy": {"dmean": 0.0113746002316, "dmean2": 0.0167250800878, "dvar": 0.000300813699141, "dvar2": 0.000642078055535, "max": 0.238283321261, "mean": 0.0330105312169, "median": 0.0281929895282, "min": 1.10928070538e-20, "var": 0.000881667714566}, "spectral_energyband_high": {"dmean": 0.00127351749688, "dmean2": 0.00193835794926, "dvar": 6.18181502432e-06, "dvar2": 1.37245970109e-05, "max": 0.0289923399687, "mean": 0.00200332514942, "median": 0.000883575819898, "min": 8.33822856716e-21, "var": 1.01652431113e-05}, "spectral_energyband_low": {"dmean": 0.00731272017583, "dmean2": 0.010874950327, "dvar": 0.000266619870672, "dvar2": 0.000586062378716, "max": 0.224401339889, "mean": 0.0172663312405, "median": 0.010679975152, "min": 9.13452208196e-23, "var": 0.00057699624449}, "spectral_energyband_middle_high": {"dmean": 0.00309729832225, "dmean2": 0.00444290693849, "dvar": 1.91051985894e-05, "dvar2": 4.11512082792e-05, "max": 0.0715299025178, "mean": 0.00640959478915, "median": 0.00436282623559, "min": 1.45985028971e-21, "var": 4.50210645795e-05}, "spectral_energyband_middle_low": {"dmean": 0.00434311758727, "dmean2": 0.00694650970399, "dvar": 5.14775238116e-05, "dvar2": 0.000133255191031, "max": 0.127625226974, "mean": 0.00863029062748, "median": 0.00634479615837, "min": 3.40002331812e-22, "var": 7.61358605814e-05}, "spectral_entropy": {"dmean": 0.21172966063, "dmean2": 0.309486269951, "dvar": 0.0502650886774, "dvar2": 0.0996075421572, "max": 9.81412410736, "mean": 7.44020700455, "median": 7.6760840416, "min": 2.9494035244, "var": 0.947958290577}, "spectral_flux": {"dmean": 0.0293126944453, "dmean2": 0.0442972406745, "dvar": 0.00131046539173, "dvar2": 0.00240126205608, "max": 0.427834004164, "mean": 0.0949762091041, "median": 0.0911614596844, "min": 1.05322396637e-10, "var": 0.00411821668968}, "spectral_kurtosis": {"dmean": 5.47120428085, "dmean2": 8.85280227661, "dvar": 406.963775635, "dvar2": 1082.33752441, "max": 564.532958984, "mean": 16.517824173, "median": 2.88452196121, "min": -1.2874301672, "var": 1997.98217773}, "spectral_rms": {"dmean": 0.00088828150183, "dmean2": 0.00128474878147, "dvar": 1.14272359042e-06, "dvar2": 2.36254936681e-06, "max": 0.0152470171452, "mean": 0.00504056364298, "median": 0.00524455495179, "min": 3.28971897466e-12, "var": 6.79793811287e-06}, "spectral_rolloff": {"dmean": 846.960510254, "dmean2": 1406.79699707, "dvar": 2141769.5, "dvar2": 4463982, "max": 19056.8847656, "mean": 1989.44091797, "median": 1270.45898438, "min": 43.06640625, "var": 5706707}, "spectral_skewness": {"dmean": 0.373827576637, "dmean2": 0.581998467445, "dvar": 0.394458532333, "dvar2": 0.978918492794, "max": 19.9735183716, "mean": 2.17287993431, "median": 1.3814303875, "min": -0.47113275528, "var": 6.51481294632}, "spectral_spread": {"dmean": 804511.4375, "dmean2": 1177907.25, "dvar": 1023881641980.0, "dvar2": 2011321729020.0, "max": 38614608, "mean": 4958321, "median": 4937638, "min": 242461.984375, "var": 5221620121600.0}, "spectral_strongpeak": {"dmean": 0.423900187016, "dmean2": 0.719698548317, "dvar": 0.683187007904, "dvar2": 1.83640909195, "max": 11.1250696182, "mean": 0.69804507494, "median": 0.432852208614, "min": 0, "var": 0.731856286526}, "zerocrossingrate": {"dmean": 0.0149722592905, "dmean2": 0.0167954768986, "dvar": 0.000368923618225, "dvar2": 0.000412876688642, "max": 0.52294921875, "mean": 0.0717816054821, "median": 0.05908203125, "min": 0.0029296875, "var": 0.00307826674543}, "barkbands": {"dmean": [0.000318224338116, 0.00561407813802, 0.00330095435493, 0.00102489429992, 0.00185474404134, 0.000645343738142, 0.00142486090772, 0.00055112951668, 0.000599480117671, 0.000693534268066, 0.000442844786448, 0.000658595527057, 0.000565352325793, 0.000418252835516, 0.00036563683534, 0.000380900688469, 0.000479280133732, 0.000387282314477, 0.000401588622481, 0.000322854612023, 0.000195040585822, 0.000273377459962, 0.000327542540617, 0.000335444696248, 0.000174486413016, 5.28573800693e-05, 1.05887875179e-06], "dmean2": [0.000475980166811, 0.00853594299406, 0.00558987865224, 0.00179039838258, 0.00287844799459, 0.00108230614569, 0.00229951110668, 0.000913933676202, 0.000966808875091, 0.0010663762223, 0.000711856293492, 0.00103548436891, 0.00089856935665, 0.000656656455249, 0.000582647800911, 0.000607948342804, 0.000765780045185, 0.000603590742685, 0.000626138818916, 0.000511590158567, 0.000302702275803, 0.000419303949457, 0.000509948702529, 0.000528046803083, 0.000273887184449, 8.10072742752e-05, 1.76321054823e-06], "dvar": [4.5049387154e-07, 0.000209348698263, 8.9823079179e-05, 1.1530411939e-05, 1.2265713849e-05, 2.94025562653e-06, 1.03291586129e-05, 2.17621595766e-06, 2.14317219616e-06, 3.21189077113e-06, 1.45116837302e-06, 2.42540590989e-06, 1.83335134807e-06, 7.71142822487e-07, 7.26528128325e-07, 8.30296926324e-07, 8.49029106575e-07, 7.96822860138e-07, 9.63472416515e-07, 4.20204571583e-07, 2.68335554665e-07, 4.09884137298e-07, 4.79746518067e-07, 6.74067678119e-07, 2.41708619342e-07, 4.04260092068e-08, 1.85283871579e-11], "dvar2": [1.01456760149e-06, 0.000467448757263, 0.000249174830969, 3.33736061293e-05, 2.75717447948e-05, 7.2222678682e-06, 2.51119327004e-05, 5.44916520084e-06, 5.28599730387e-06, 7.38864810046e-06, 3.54197436536e-06, 5.93913910052e-06, 4.52356152891e-06, 1.87383841421e-06, 1.66190420714e-06, 2.05828837352e-06, 2.04279399441e-06, 1.86413399206e-06, 2.29591978496e-06, 1.00595798358e-06, 6.27387407803e-07, 9.88935994428e-07, 1.08049414393e-06, 1.55707982685e-06, 5.56738484647e-07, 8.27753581234e-08, 4.83635943793e-11], "max": [0.010131421499, 0.183613181114, 0.130328923464, 0.113159909844, 0.0529722347856, 0.0347150713205, 0.0421451888978, 0.0218526553363, 0.0246193539351, 0.0402975380421, 0.0302138645202, 0.0355342924595, 0.0365354940295, 0.0146978311241, 0.0194106660783, 0.0178042333573, 0.0163889285177, 0.0166794098914, 0.0201070010662, 0.0143038341776, 0.0135171897709, 0.0119706895202, 0.0102521069348, 0.0138395195827, 0.0104497121647, 0.00471364101395, 8.75542391441e-05], "mean": [0.00086612085579, 0.0102996258065, 0.00490073766559, 0.00184819335118, 0.0030547992792, 0.000674881157465, 0.00158493535127, 0.000559177307878, 0.000715320522431, 0.00105727871414, 0.000624379841611, 0.000852680532262, 0.000693641079124, 0.00054680404719, 0.000487116310978, 0.000453300250228, 0.000599449151196, 0.000473843479995, 0.000511386489961, 0.000424002762884, 0.000261639448581, 0.000359477911843, 0.000440637522843, 0.000425543956226, 0.000225891344598, 6.84994884068e-05, 1.11658710011e-06], "median": [0.000374532944988, 0.00455832341686, 0.00223344191909, 0.000671178975608, 0.000925783882849, 0.000155930203618, 0.000307689595502, 9.0441579232e-05, 0.000162108655786, 0.000207971635973, 0.00013107979612, 0.000269886484602, 0.000207711040275, 0.000125614926219, 0.000129981403006, 0.000123192730825, 0.000190052203834, 0.000129479449242, 0.000167631631484, 0.000137946684845, 6.43193925498e-05, 0.000109026870632, 0.000126351776998, 9.14514312171e-05, 5.31453624717e-05, 1.05206763692e-05, 5.71132474647e-08], "min": [4.55969239391e-23, 4.5461656382e-23, 1.95036960465e-23, 1.72990775187e-23, 4.74722798137e-23, 1.07617692111e-22, 6.23539703967e-23, 1.91696797174e-23, 5.98830056061e-23, 6.38117537951e-23, 5.71955016524e-23, 5.11683455901e-23, 1.27795390915e-22, 1.05387784281e-22, 7.09477706111e-23, 2.01119229505e-22, 1.1365328583e-22, 2.03100368472e-22, 2.931508098e-22, 3.92391430186e-22, 5.34826135749e-22, 5.41862270153e-22, 6.60692389409e-22, 8.47552257544e-22, 1.26399871992e-21, 1.72538142577e-21, 2.83839676276e-21], "var": [1.29553063744e-06, 0.000362735649105, 7.56373337936e-05, 1.1469473975e-05, 2.49586646532e-05, 3.24029088006e-06, 1.20200675156e-05, 2.25531266551e-06, 2.65542144007e-06, 5.44097702004e-06, 1.89673153272e-06, 3.16243927045e-06, 2.12316763282e-06, 1.15935358735e-06, 1.05008302853e-06, 9.48752642671e-07, 1.14217220926e-06, 1.00172655948e-06, 1.16017884011e-06, 5.60381181458e-07, 3.73410756538e-07, 5.14178339017e-07, 7.125518664e-07, 9.37281924962e-07, 3.44291635201e-07, 6.61791190737e-08, 1.99384762173e-11]}, "erbbands": {"dmean": [0.183738440275, 1.35240125656, 3.6605246067, 3.59104800224, 4.03209161758, 8.05285072327, 4.41493797302, 6.15360403061, 18.7533855438, 17.4537162781, 11.0767822266, 12.8971996307, 18.573469162, 15.9305963516, 21.5500221252, 24.62550354, 25.7131538391, 19.9880275726, 19.4895477295, 18.483291626, 21.2654285431, 25.8274173737, 22.1206684113, 17.4481906891, 20.1954574585, 14.8598709106, 9.75907039642, 6.80329084396, 9.43572425842, 9.67611598969, 9.70836830139, 7.83397626877, 5.20212936401, 2.37718081474, 1.06238019466, 0.373146206141, 0.074181497097, 0.00558985164389, 0.00020864297403, 2.44205821218e-05], "dmean2": [0.258712440729, 2.1177918911, 6.18611192703, 6.28001689911, 6.51307010651, 12.4662122726, 7.24641227722, 10.2379560471, 30.1396903992, 28.4479675293, 17.9075908661, 20.7612266541, 28.1980457306, 24.499786377, 33.6670684814, 38.3607902527, 40.2987976074, 30.6634654999, 30.2441692352, 29.2341156006, 33.3816566467, 40.9143257141, 33.9712486267, 26.969165802, 31.5059452057, 23.4201755524, 15.2041425705, 10.4227762222, 14.5335912704, 15.1539707184, 15.154291153, 12.3698282242, 8.15585708618, 3.74639701843, 1.65452039242, 0.576974451542, 0.111855700612, 0.008400388062, 0.000332628813339, 3.72263020836e-05], "dvar": [0.221976488829, 12.9312095642, 107.916137695, 117.089576721, 83.855430603, 271.970550537, 130.173080444, 265.812255859, 2094.44091797, 1832.93652344, 735.837463379, 1137.20898438, 1817.47717285, 1443.67114258, 2993.10742188, 3372.22607422, 3706.93212891, 1955.93371582, 1481.95202637, 2003.98779297, 2541.76464844, 2404.37744141, 2670.7578125, 1429.59423828, 2933.96191406, 989.26373291, 478.647949219, 410.913269043, 496.516235352, 466.300628662, 472.720916748, 374.090911865, 182.438262939, 45.9452400208, 8.8313999176, 1.52070808411, 0.118892803788, 0.000909160415176, 7.93962669832e-07, 2.93999335987e-09], "dvar2": [0.41023182869, 32.1064033508, 287.71862793, 337.156311035, 213.157897949, 595.658081055, 322.24017334, 663.590698242, 5007.76757812, 4466.11035156, 1787.0144043, 2791.18383789, 4250.15673828, 3350.19555664, 7193.64941406, 8315.09863281, 9086.48144531, 4733.86669922, 3447.88110352, 4778.44921875, 6140.63867188, 5781.03369141, 6208.70361328, 3444.41967773, 6973.12548828, 2387.86889648, 1146.29943848, 935.379943848, 1177.3861084, 1139.32177734, 1058.89343262, 872.176208496, 418.380279541, 106.140480042, 19.8987598419, 3.31572532654, 0.242598488927, 0.00198196084239, 1.93132473214e-06, 7.42939043619e-09], "max": [6.21414804459, 49.7215919495, 139.018997192, 208.601119995, 216.4322052, 254.41796875, 281.914581299, 315.5105896, 685.646911621, 788.913879395, 462.928710938, 779.593200684, 769.671081543, 695.354736328, 1178.37756348, 1256.53308105, 1297.26379395, 851.769958496, 822.511169434, 1037.10900879, 1117.01379395, 966.495605469, 1145.06787109, 773.098815918, 1299.6986084, 822.750610352, 516.866516113, 566.433776855, 414.618591309, 451.944549561, 335.895202637, 437.49822998, 266.112030029, 138.970703125, 58.3610305786, 26.6250190735, 10.6237287521, 1.53218305111, 0.028768857941, 0.00102652981877], "mean": [0.355789750814, 2.08571124077, 5.61735248566, 6.4397559166, 6.87868785858, 12.3109378815, 5.79489803314, 6.6205406189, 21.3601570129, 18.4926357269, 12.5033082962, 15.5994663239, 28.5132312775, 24.0253734589, 33.0429649353, 32.8016967773, 33.3670196533, 25.8971176147, 29.937587738, 23.6328029633, 27.592004776, 33.7419929504, 28.4526805878, 23.2108211517, 25.4065418243, 19.7141532898, 14.5971364975, 8.73777294159, 12.5443639755, 12.9852399826, 12.7310247421, 9.78734493256, 6.56971788406, 2.98711442947, 1.36872267723, 0.474914371967, 0.0973940938711, 0.00774729717523, 0.000268665724434, 5.56047780265e-05], "median": [0.104122057557, 0.97438120842, 2.58960485458, 3.71710586548, 3.1853120327, 2.83632230759, 1.99875462055, 1.66421103477, 3.91230416298, 4.03298282623, 2.97917699814, 3.90468120575, 7.10632038116, 7.18662261963, 8.57185554504, 11.3334941864, 10.6036739349, 7.70005607605, 8.91278839111, 7.17866230011, 8.92512130737, 11.5934333801, 8.41269779205, 7.55686807632, 8.3273525238, 6.84161567688, 4.58558654785, 2.31879591942, 3.85261106491, 4.14442586899, 3.46216344833, 2.08009767532, 1.33474516869, 0.706702530384, 0.292678117752, 0.0924611985683, 0.0115186497569, 0.000738472677767, 5.11504258611e-05, 4.19808129664e-05], "min": [1.55099141644e-21, 9.69281275281e-21, 1.70033614973e-20, 5.36447726809e-20, 1.32428798486e-19, 1.03498447367e-19, 6.84468330541e-19, 8.34793621019e-19, 9.29609560625e-19, 5.21248948675e-19, 8.23762030178e-19, 1.23739829668e-18, 1.9190342057e-18, 1.96136289881e-18, 1.54669570677e-18, 2.39806256345e-18, 5.4425200399e-18, 5.92324101596e-18, 4.39271865473e-18, 7.62150650644e-18, 9.14892776757e-18, 6.4760301029e-18, 1.11652524754e-17, 1.04550931041e-17, 1.74633924245e-17, 1.83250482706e-17, 2.38885161781e-17, 1.62465402602e-17, 1.6695077293e-17, 2.14821832561e-17, 1.91710488964e-17, 1.83344797839e-17, 1.33568948053e-17, 1.14156235032e-17, 1.07881069197e-17, 5.97242972468e-18, 2.95901137354e-18, 1.38313035661e-18, 3.4074004444e-19, 4.71124756847e-20], "var": [0.495238810778, 16.2445755005, 100.296615601, 100.671730042, 120.315055847, 558.878967285, 163.2215271, 289.866119385, 2556.92675781, 1998.23681641, 904.14440918, 1374.74072266, 3105.4465332, 2240.83813477, 4274.51757812, 4283.32470703, 4452.00195312, 2579.73950195, 2530.51220703, 2669.03393555, 3068.04956055, 3328.12817383, 3555.74804688, 1907.20678711, 3246.7421875, 1256.76086426, 697.620849609, 577.632446289, 637.52557373, 598.193969727, 681.133544922, 493.489746094, 258.601776123, 64.9621963501, 12.875992775, 2.28786182404, 0.185844764113, 0.00141945620999, 1.01191142221e-06, 4.23725809995e-09]}, "gfcc": {"mean": [-44.311290741, 76.0880584717, -121.960914612, 28.8629627228, -53.203578949, 32.3100776672, -32.849357605, 11.6823034286, -25.4526634216, -2.79719018936, -11.4571237564, 0.242251336575, -13.2099952698], "cov": [[36326.2109375, -556.257202148, 4014.19555664, 9350.08300781, -849.91998291, 610.308898926, -1958.20568848, 1597.84375, 196.839324951, 1250.0390625, -546.890075684, -95.6441802979, -350.643035889], [-556.257202148, 1798.45263672, -48.5382270813, -230.493133545, 297.496734619, -155.211730957, 213.136749268, -117.880699158, 143.323226929, -134.027481079, 61.4481811523, -104.298851013, 84.7485351562], [4014.19555664, -48.5382270813, 1624.95324707, 1505.90844727, -6.04103565216, 223.782928467, -271.133148193, 229.141342163, 8.11266708374, 231.04083252, -105.304946899, 36.9614639282, -47.0298118591], [9350.08300781, -230.493133545, 1505.90844727, 3298.18701172, -137.935684204, 127.709999084, -601.752868652, 394.526580811, 101.044303894, 338.265197754, -102.589637756, -29.7734375, -86.0851669312], [-849.91998291, 297.496734619, -6.04103565216, -137.935684204, 447.604736328, 81.8064193726, 164.922485352, 2.57336735725, 29.4911117554, 22.4687347412, 12.0019826889, 2.66995620728, 21.5032062531], [610.308898926, -155.211730957, 223.782928467, 127.709999084, 81.8064193726, 351.365936279, 126.295173645, 55.4581184387, -8.36695957184, 71.2427825928, -23.4962921143, 4.59906291962, 13.8221540451], [-1958.20568848, 213.136749268, -271.133148193, -601.752868652, 164.922485352, 126.295173645, 490.51260376, -5.05878973007, 21.0904579163, -19.8802547455, 20.8497276306, -18.2614936829, 48.3625831604], [1597.84375, -117.880699158, 229.141342163, 394.526580811, 2.57336735725, 55.4581184387, -5.05878973007, 255.794570923, 73.1753158569, 97.5567474365, -33.9578857422, -3.64551448822, -23.9191169739], [196.839324951, 143.323226929, 8.11266708374, 101.044303894, 29.4911117554, -8.36695957184, 21.0904579163, 73.1753158569, 180.757247925, 35.146320343, -0.576680004597, -22.9505367279, 5.91745710373], [1250.0390625, -134.027481079, 231.04083252, 338.265197754, 22.4687347412, 71.2427825928, -19.8802547455, 97.5567474365, 35.146320343, 226.477645874, 9.66505622864, -6.71548652649, -32.6844940186], [-546.890075684, 61.4481811523, -105.304946899, -102.589637756, 12.0019826889, -23.4962921143, 20.8497276306, -33.9578857422, -0.576680004597, 9.66505622864, 151.902908325, 32.0179023743, -18.4231872559], [-95.6441802979, -104.298851013, 36.9614639282, -29.7734375, 2.66995620728, 4.59906291962, -18.2614936829, -3.64551448822, -22.9505367279, -6.71548652649, 32.0179023743, 130.617141724, -8.33598518372], [-350.643035889, 84.7485351562, -47.0298118591, -86.0851669312, 21.5032062531, 13.8221540451, 48.3625831604, -23.9191169739, 5.91745710373, -32.6844940186, -18.4231872559, -8.33598518372, 119.033676147]], "icov": [[0.000239192377194, -0.000355088821379, 0.000328837806592, -0.000565895927139, 0.000416423252318, -0.000546828203369, 0.000482287461637, -0.000789801182691, 0.000561876280699, -0.000604145810939, 0.000627431145404, -0.000348284112988, 0.000190594335436], [-0.000355088821379, 0.00152439333033, -0.000841733708512, 0.00079066073522, -0.00119831296615, 0.00153294613119, -0.00123753736261, 0.00173056253698, -0.00163844937924, 0.00159132690169, -0.00152380787767, 0.00134894391522, -0.000626044813544], [0.000328837806592, -0.000841733708512, 0.00186869839672, -0.0012154369615, 0.0006525675999, -0.00156822404824, 0.00111061113421, -0.00144002831075, 0.00129668065347, -0.0015053836396, 0.001660241629, -0.00130878016353, 0.000438386487076], [-0.000565895927139, 0.00079066073522, -0.0012154369615, 0.002081918763, -0.0009392380598, 0.00115902081598, -0.00042079234845, 0.00126954016741, -0.00143635715358, 0.00111449498218, -0.00158160564024, 0.00114924262743, -0.000530209217686], [0.000416423252318, -0.00119831296615, 0.0006525675999, -0.0009392380598, 0.00370802287944, -0.00161305023357, 0.000292696873657, -0.00142370827962, 0.00101325998548, -0.00169003906194, 0.00132721359842, -0.00127893604804, 0.000372291280655], [-0.000546828203369, 0.00153294613119, -0.00156822404824, 0.00115902081598, -0.00161305023357, 0.00582787487656, -0.0029283859767, 0.00209032604471, -0.001208208967, 0.00109569914639, -0.00143543991726, 0.00113780377433, -0.00104070524685], [0.000482287461637, -0.00123753736261, 0.00111061113421, -0.00042079234845, 0.000292696873657, -0.0029283859767, 0.00506815128028, -0.0028243274428, 0.00128402770497, -0.00164557411335, 0.00109256792348, -0.00046317151282, -0.000282263907138], [-0.000789801182691, 0.00173056253698, -0.00144002831075, 0.00126954016741, -0.00142370827962, 0.00209032604471, -0.0028243274428, 0.00923259928823, -0.00432607810944, 0.000984634971246, -0.00103715667501, 0.000875839497894, 0.000193955231225], [0.000561876280699, -0.00163844937924, 0.00129668065347, -0.00143635715358, 0.00101325998548, -0.001208208967, 0.00128402770497, -0.00432607810944, 0.00876583810896, -0.00243666488677, 0.00148447533138, -0.000462479918497, -4.59907496406e-05], [-0.000604145810939, 0.00159132690169, -0.0015053836396, 0.00111449498218, -0.00169003906194, 0.00109569914639, -0.00164557411335, 0.000984634971246, -0.00243666488677, 0.00846175570041, -0.00330924894661, 0.00214698654599, 0.000425854232162], [0.000627431145404, -0.00152380787767, 0.001660241629, -0.00158160564024, 0.00132721359842, -0.00143543991726, 0.00109256792348, -0.00103715667501, 0.00148447533138, -0.00330924894661, 0.0100734997541, -0.00368896871805, 0.00203821738251], [-0.000348284112988, 0.00134894391522, -0.00130878016353, 0.00114924262743, -0.00127893604804, 0.00113780377433, -0.00046317151282, 0.000875839497894, -0.000462479918497, 0.00214698654599, -0.00368896871805, 0.00995954405516, -0.000470200058771], [0.000190594335436, -0.000626044813544, 0.000438386487076, -0.000530209217686, 0.000372291280655, -0.00104070524685, -0.000282263907138, 0.000193955231225, -4.59907496406e-05, 0.000425854232162, 0.00203821738251, -0.000470200058771, 0.00980690959841]]}, "melbands": {"dmean": [0.00152472127229, 0.00175367796328, 0.000605222478043, 0.000446328893304, 0.000199532689294, 0.00014468858717, 0.000285015441477, 0.000174798668013, 9.46038708207e-05, 8.09911143733e-05, 9.95608861558e-05, 7.27929436835e-05, 6.70436857035e-05, 7.05596248736e-05, 7.38592643756e-05, 5.06199794472e-05, 3.80460005545e-05, 3.51083581336e-05, 2.71752796834e-05, 2.44693219429e-05, 2.68283820333e-05, 2.78476672975e-05, 2.64790232904e-05, 1.64372722793e-05, 1.44459363582e-05, 1.66887803061e-05, 1.31932474687e-05, 9.65900017036e-06, 7.15258238415e-06, 4.54779319625e-06, 3.86218380299e-06, 5.09922529091e-06, 6.25248731012e-06, 5.33954289494e-06, 5.70415613765e-06, 5.75306921746e-06, 4.63470632894e-06, 4.02051091442e-06, 2.84241014015e-06, 1.84073360288e-06], "dmean2": [0.00222562998533, 0.00284922448918, 0.0010475392919, 0.000694329792168, 0.000318645732477, 0.00023951959156, 0.000458474562038, 0.000286389549728, 0.000154306602781, 0.000130026004626, 0.000151479922351, 0.000112540968985, 0.000106048304588, 0.000109119391709, 0.000117884686915, 7.98748151283e-05, 5.91325442656e-05, 5.57303901587e-05, 4.34953471995e-05, 3.89761225961e-05, 4.24263853347e-05, 4.47698912467e-05, 4.19727584813e-05, 2.56687308138e-05, 2.26681877393e-05, 2.61639106611e-05, 2.08440269489e-05, 1.53524433699e-05, 1.13167989184e-05, 7.08570996721e-06, 5.95673373027e-06, 7.90011836216e-06, 9.7566335171e-06, 8.44616806717e-06, 8.94599816093e-06, 9.07193407329e-06, 7.36665424483e-06, 6.33745321466e-06, 4.50917150374e-06, 2.90666957881e-06], "dvar": [1.54790523084e-05, 2.12670693145e-05, 3.10821496896e-06, 7.44302383282e-07, 2.0726746186e-07, 1.37593303862e-07, 4.52971988807e-07, 1.87634768167e-07, 5.89152264752e-08, 4.20576000693e-08, 5.46466871754e-08, 3.30410969696e-08, 3.14262571521e-08, 3.30256604286e-08, 2.97851787678e-08, 1.55896788812e-08, 7.36590699546e-09, 5.07919706294e-09, 5.2023771957e-09, 3.58825791302e-09, 4.08941991381e-09, 3.01346614329e-09, 3.67710129012e-09, 1.55278345737e-09, 1.08269160304e-09, 2.15817230753e-09, 9.65687974031e-10, 4.38314690099e-10, 2.44553016726e-10, 1.83745199611e-10, 1.40902303714e-10, 1.47500969772e-10, 2.62868504741e-10, 1.36585159849e-10, 1.68989253146e-10, 1.96923838347e-10, 1.35925382061e-10, 1.15440081105e-10, 6.77787131975e-11, 2.92900738386e-11], "dvar2": [3.13493837893e-05, 5.36978150194e-05, 8.86549969437e-06, 1.67181553934e-06, 4.9703936611e-07, 3.3552981904e-07, 1.09074187549e-06, 4.59515661078e-07, 1.4337578591e-07, 1.02990135531e-07, 1.2760695256e-07, 7.6493407164e-08, 7.5460391713e-08, 7.81164359864e-08, 7.42773806905e-08, 3.80454387994e-08, 1.79908941078e-08, 1.21789982543e-08, 1.20252803271e-08, 8.99598795456e-09, 9.93246285219e-09, 7.40639594099e-09, 8.954557984e-09, 3.75259956442e-09, 2.64161137409e-09, 5.22246379475e-09, 2.27509566741e-09, 1.07003594874e-09, 6.02175143083e-10, 4.35885105787e-10, 3.23659765655e-10, 3.47767425968e-10, 6.53949450147e-10, 3.32600308406e-10, 3.84409004628e-10, 4.57746229809e-10, 3.18063853033e-10, 2.67841970825e-10, 1.61196528348e-10, 6.77837716512e-11], "max": [0.0464005358517, 0.0609048381448, 0.0390528179705, 0.0104010589421, 0.00882914010435, 0.00795930996537, 0.00983881857246, 0.00729699339718, 0.00434144819155, 0.00477932998911, 0.00453178118914, 0.00375198759139, 0.00472053093836, 0.00524953845888, 0.00491495011374, 0.00230079633184, 0.0013435781002, 0.00166833470576, 0.00200332445092, 0.0011757313041, 0.00159706070554, 0.00106990989298, 0.00105715286918, 0.00103476038203, 0.000697399256751, 0.00109376979526, 0.000498727080412, 0.000609880371485, 0.000430410087574, 0.000380221084924, 0.000346879503923, 0.000235512779909, 0.000421175733209, 0.000224915755098, 0.000217508277274, 0.000282197754132, 0.000216531843762, 0.000176838468178, 0.000205003947485, 0.000105299906863], "mean": [0.00299171940424, 0.00290140463039, 0.00109279504977, 0.000736392335966, 0.000276871287497, 0.000155513349455, 0.000324414664647, 0.000180960196303, 0.000104711580207, 9.70054825302e-05, 0.000150506602949, 0.000106523300929, 9.99317198875e-05, 9.57402808126e-05, 8.8207423687e-05, 6.20850914856e-05, 4.61732415715e-05, 5.12960650667e-05, 3.35935401381e-05, 2.94461860904e-05, 3.3170414099e-05, 3.49063593603e-05, 3.25198961946e-05, 1.99265778065e-05, 1.82729618246e-05, 2.05628093681e-05, 1.54170211317e-05, 1.2521402823e-05, 1.05810213427e-05, 5.66653170608e-06, 4.6756890697e-06, 6.63703258397e-06, 7.81669041316e-06, 7.01203816789e-06, 7.2674670264e-06, 7.06386117599e-06, 5.56515669814e-06, 4.95960375702e-06, 3.36353468811e-06, 2.24681730288e-06], "median": [0.00118225044571, 0.00162845547311, 0.000698885414749, 0.000237928514252, 7.8531273175e-05, 3.50679256371e-05, 6.03583175689e-05, 3.47196146322e-05, 2.02878763957e-05, 2.22400994971e-05, 3.39156467817e-05, 2.53352045547e-05, 2.33940754697e-05, 2.78988482023e-05, 2.88178453047e-05, 1.72389554791e-05, 1.02898775367e-05, 1.32122549985e-05, 8.5570718511e-06, 7.64287688071e-06, 9.96600374492e-06, 1.12134739538e-05, 8.4525654529e-06, 5.3149606174e-06, 5.27269639861e-06, 6.5177059696e-06, 3.9101701077e-06, 3.82466987503e-06, 2.88690807793e-06, 1.2483944829e-06, 9.38196080824e-07, 1.92241145669e-06, 2.15046793528e-06, 2.05383639695e-06, 1.9064435719e-06, 1.41838677337e-06, 1.0098472103e-06, 9.05769070414e-07, 6.39556105853e-07, 4.63078805524e-07], "min": [1.57985820355e-23, 1.08985898776e-23, 1.13825702425e-23, 8.2435412393e-24, 1.89377530336e-23, 1.85661490601e-23, 1.41474188525e-23, 4.97411352849e-24, 9.04420350366e-24, 6.98689055044e-24, 9.72211980003e-24, 8.02236436299e-24, 7.16274105685e-24, 4.0525232261e-24, 6.96589659517e-24, 1.4743938114e-23, 1.09433356459e-23, 7.4545265062e-24, 6.68908451467e-24, 1.45775594605e-23, 9.54796534457e-24, 5.79618784441e-24, 9.85441414042e-24, 9.43513220271e-24, 8.1561535948e-24, 1.09362595636e-23, 1.41640259522e-23, 1.15760391683e-23, 1.55159899711e-23, 1.44824954106e-23, 7.03750859929e-24, 7.04791209691e-24, 1.51237067979e-23, 1.15430971258e-23, 1.14215738922e-23, 1.11200736208e-23, 1.10488765575e-23, 8.6660133305e-24, 1.02775204758e-23, 9.2452336613e-24], "var": [3.13578821078e-05, 2.34854960581e-05, 2.67585755864e-06, 1.48190781601e-06, 3.26588235566e-07, 1.59512978826e-07, 5.46571698123e-07, 2.02112559577e-07, 7.14612298225e-08, 5.20611180832e-08, 9.2787665551e-08, 5.19752916261e-08, 4.38970211292e-08, 4.47476331544e-08, 3.3220860729e-08, 1.82879364985e-08, 9.45747835601e-09, 8.25138268823e-09, 6.90164370099e-09, 4.17113366069e-09, 4.79249084862e-09, 3.90068199962e-09, 4.76064210275e-09, 1.82391657333e-09, 1.38330180643e-09, 2.3965709417e-09, 1.11841802486e-09, 5.48269984968e-10, 3.50511758507e-10, 2.41475145435e-10, 1.95671881476e-10, 1.93176669105e-10, 2.88174872853e-10, 1.80810103001e-10, 2.34973429603e-10, 2.57825510941e-10, 1.76941156171e-10, 1.57648227805e-10, 8.84414277924e-11, 4.04806570209e-11]}, "mfcc": {"mean": [-671.802429199, 94.8410110474, 2.12700819969, 9.42392635345, 7.04410123825, 12.8863382339, 10.3881578445, 15.1386346817, -3.35781264305, 1.70341813564, -1.62637901306, 2.6905810833, 2.91079425812], "cov": [[23191.9296875, 449.34588623, 1964.9597168, 4027.70043945, 2337.27319336, 313.218048096, -960.63104248, -170.273178101, 128.916015625, 1094.46582031, 319.885955811, -100.630332947, 152.816360474], [449.34588623, 1642.85339355, -55.4652366638, 283.069793701, 177.422866821, 49.2043113708, -19.738035202, 14.3507108688, 76.8329391479, 110.998672485, 71.3404159546, -47.3769836426, -6.03569078445], [1964.9597168, -55.4652366638, 1003.57659912, 575.445129395, 364.511901855, 130.010131836, -53.3389854431, -7.7305188179, 25.6510696411, 67.8777236938, 20.2803153992, 32.7738037109, 20.7350635529], [4027.70043945, 283.069793701, 575.445129395, 1304.37060547, 660.458984375, 102.638916016, -210.863174438, -22.861125946, 13.5844678879, 205.817672729, 73.1151657104, -0.0780170857906, 53.3462257385], [2337.27319336, 177.422866821, 364.511901855, 660.458984375, 635.147583008, 102.725769043, -124.524124146, -17.4772281647, 29.7717094421, 117.593460083, 41.9949760437, 8.6149225235, 28.2397918701], [313.218048096, 49.2043113708, 130.010131836, 102.638916016, 102.725769043, 310.385040283, 145.218948364, 37.5410041809, 91.2815551758, 46.6978340149, 34.0607719421, 14.7248792648, 2.56238150597], [-960.63104248, -19.738035202, -53.3389854431, -210.863174438, -124.524124146, 145.218948364, 360.988220215, 74.7776794434, 81.0713882446, 4.62033605576, 25.6450843811, 42.3174705505, 9.24015331268], [-170.273178101, 14.3507108688, -7.7305188179, -22.861125946, -17.4772281647, 37.5410041809, 74.7776794434, 200.62071228, 54.5486869812, -7.96034860611, 24.5214328766, 5.41742420197, 15.9356708527], [128.916015625, 76.8329391479, 25.6510696411, 13.5844678879, 29.7717094421, 91.2815551758, 81.0713882446, 54.5486869812, 226.013519287, 102.289558411, 32.2594070435, -13.6601362228, -29.5549716949], [1094.46582031, 110.998672485, 67.8777236938, 205.817672729, 117.593460083, 46.6978340149, 4.62033605576, -7.96034860611, 102.289558411, 254.947982788, 81.8322982788, -13.3383722305, -10.9455833435], [319.885955811, 71.3404159546, 20.2803153992, 73.1151657104, 41.9949760437, 34.0607719421, 25.6450843811, 24.5214328766, 32.2594070435, 81.8322982788, 162.862228394, 27.2241134644, 24.0378437042], [-100.630332947, -47.3769836426, 32.7738037109, -0.0780170857906, 8.6149225235, 14.7248792648, 42.3174705505, 5.41742420197, -13.6601362228, -13.3383722305, 27.2241134644, 163.664855957, 68.2456436157], [152.816360474, -6.03569078445, 20.7350635529, 53.3462257385, 28.2397918701, 2.56238150597, 9.24015331268, 15.9356708527, -29.5549716949, -10.9455833435, 24.0378437042, 68.2456436157, 161.064483643]], "icov": [[0.000113646819955, 3.87474065064e-05, -2.58000909525e-05, -0.000231063939282, -8.72829623404e-05, -4.35714864579e-05, 0.000142463992233, -7.53348149374e-06, 4.26650512964e-05, -0.000285667862045, 1.04494129118e-05, 6.02270592935e-05, -5.66168382647e-05], [3.87474065064e-05, 0.000689053034876, 0.00015885711764, -0.000232894788496, -0.000135928290547, -2.78806164715e-05, 1.44405084939e-05, 6.77490606904e-06, -0.000145824626088, -0.000120343429444, -0.000198657100555, 0.000220777525101, -3.03135493596e-05], [-2.58000909525e-05, 0.00015885711764, 0.00147305056453, -0.000488808902446, -0.000292578100925, -0.000338062236551, -5.850110756e-05, 5.48469906789e-05, -0.000118425348774, 0.00025766924955, 8.07765100035e-05, -0.000273757934337, 0.000157019734615], [-0.000231063939282, -0.000232894788496, -0.000488808902446, 0.00252958689816, -0.00128277647309, -0.000133576904773, 0.00035890986328, -0.0002290042612, 0.000403259997256, -0.000379806704586, -3.07809532387e-05, 1.15959510367e-05, -0.000287422299152], [-8.72829623404e-05, -0.000135928290547, -0.000292578100925, -0.00128277647309, 0.00369964726269, -0.000796573702246, 0.000642280443572, 9.55230061663e-05, -0.00026970054023, 5.8256842749e-05, 2.71043809335e-05, -0.000327592191752, -5.28080890945e-05], [-4.35714864579e-05, -2.78806164715e-05, -0.000338062236551, -0.000133576904773, -0.000796573702246, 0.00511152110994, -0.00233776378445, 0.000171102568856, -0.00123347027693, 0.000503709015902, -0.000373157294234, 0.000174993794644, 9.30269379751e-05], [0.000142463992233, 1.44405084939e-05, -5.850110756e-05, 0.00035890986328, 0.000642280443572, -0.00233776378445, 0.00498226238415, -0.00103017827496, -0.000539822911378, -0.000695919094142, -9.44966814131e-05, -0.000964574632235, -0.000228835182497], [-7.53348149374e-06, 6.77490606904e-06, 5.48469906789e-05, -0.0002290042612, 9.55230061663e-05, 0.000171102568856, -0.00103017827496, 0.0059868437238, -0.00166801584419, 0.00130932894535, -0.000988722895272, 0.00047813882702, -0.000748649705201], [4.26650512964e-05, -0.000145824626088, -0.000118425348774, 0.000403259997256, -0.00026970054023, -0.00123347027693, -0.000539822911378, -0.00166801584419, 0.0070145088248, -0.00299878581427, 0.000412514142226, 0.000161698175361, 0.00105192651972], [-0.000285667862045, -0.000120343429444, 0.00025766924955, -0.000379806704586, 5.8256842749e-05, 0.000503709015902, -0.000695919094142, 0.00130932894535, -0.00299878581427, 0.00751117896289, -0.00277759181336, 0.000472231942695, 0.000425923150033], [1.04494129118e-05, -0.000198657100555, 8.07765100035e-05, -3.07809532387e-05, 2.71043809335e-05, -0.000373157294234, -9.44966814131e-05, -0.000988722895272, 0.000412514142226, -0.00277759181336, 0.00806765444577, -0.00121325091459, -0.000716168433428], [6.02270592935e-05, 0.000220777525101, -0.000273757934337, 1.15959510367e-05, -0.000327592191752, 0.000174993794644, -0.000964574632235, 0.00047813882702, 0.000161698175361, 0.000472231942695, -0.00121325091459, 0.00805834308267, -0.00312640168704], [-5.66168382647e-05, -3.03135493596e-05, 0.000157019734615, -0.000287422299152, -5.28080890945e-05, 9.30269379751e-05, -0.000228835182497, -0.000748649705201, 0.00105192651972, 0.000425923150033, -0.000716168433428, -0.00312640168704, 0.00808479823172]]}, "spectral_contrast_coeffs": {"dmean": [0.0477721244097, 0.0583600662649, 0.0427390635014, 0.0381912924349, 0.0325885042548, 0.025358080864], "dmean2": [0.0773071870208, 0.0927700847387, 0.0669006332755, 0.0601642914116, 0.0498240068555, 0.0383999757469], "dvar": [0.00179177429527, 0.00255707162432, 0.00133445078973, 0.00103915366344, 0.00089298497187, 0.000540354929399], "dvar2": [0.00446753576398, 0.00596411526203, 0.00306687247939, 0.00240286509506, 0.00189800246153, 0.00116290955339], "max": [-0.219141215086, -0.353719651699, -0.48270252347, -0.521785378456, -0.545243918896, -0.544902384281], "mean": [-0.651380896568, -0.735361516476, -0.761896491051, -0.761056423187, -0.770946979523, -0.78261256218], "median": [-0.657329201698, -0.748178362846, -0.772250890732, -0.771804094315, -0.776303768158, -0.777319788933], "min": [-0.981221735477, -0.97771269083, -0.98107534647, -0.980001449585, -0.952631473541, -0.962626039982], "var": [0.0109532456845, 0.00947396922857, 0.00556505843997, 0.00453248387203, 0.00374699314125, 0.00336485123262]}, "spectral_contrast_valleys": {"dmean": [0.367949306965, 0.463134050369, 0.384765446186, 0.368864178658, 0.380292356014, 0.436108916998], "dmean2": [0.596077680588, 0.74191224575, 0.58897292614, 0.532791495323, 0.539045572281, 0.608759105206], "dvar": [0.138526543975, 0.196064502001, 0.146306306124, 0.138417437673, 0.169853702188, 0.238423779607], "dvar2": [0.311242967844, 0.44484692812, 0.29757797718, 0.249399274588, 0.315737217665, 0.436035990715], "max": [-5.25743341446, -4.75349521637, -4.88185882568, -5.51322507858, -5.3810