{"lowlevel": {"average_loudness": 0.921930134296, "barkbands_crest": {"dmean": 2.63052749634, "dmean2": 4.02018594742, "dvar": 7.29696893692, "dvar2": 15.8813343048, "max": 26.86469841, "mean": 12.9180955887, "median": 11.8661155701, "min": 2.34103131294, "var": 31.3378810883}, "barkbands_flatness_db": {"dmean": 0.0284076221287, "dmean2": 0.039880566299, "dvar": 0.0012419243576, "dvar2": 0.00231675920077, "max": 0.878227889538, "mean": 0.149703234434, "median": 0.127477481961, "min": 0.0133303841576, "var": 0.00990835484117}, "barkbands_kurtosis": {"dmean": 11.7773914337, "dmean2": 15.6446609497, "dvar": 4280.39111328, "dvar2": 5399.54589844, "max": 7708.51708984, "mean": 29.8571624756, "median": 3.82646083832, "min": -1.96986556053, "var": 62630.4804688}, "barkbands_skewness": {"dmean": 0.850603640079, "dmean2": 1.18005263805, "dvar": 1.53495514393, "dvar2": 2.60033392906, "max": 76.1168518066, "mean": 2.6810874939, "median": 2.03005981445, "min": -4.85936021805, "var": 15.3338603973}, "barkbands_spread": {"dmean": 8.47674274445, "dmean2": 12.2656993866, "dvar": 108.042602539, "dvar2": 219.60357666, "max": 155.40524292, "mean": 27.8633136749, "median": 24.4558849335, "min": 0.0434236973524, "var": 450.32901001}, "dissonance": {"dmean": 0.0204278491437, "dmean2": 0.0331352539361, "dvar": 0.000539041357115, "dvar2": 0.00128926499747, "max": 0.500000059605, "mean": 0.455770641565, "median": 0.468482375145, "min": 0.04963260144, "var": 0.00252566160634}, "dynamic_complexity": 3.04775500298, "erbbands_crest": {"dmean": 2.78502106667, "dmean2": 4.39108800888, "dvar": 7.23204803467, "dvar2": 16.8971118927, "max": 29.2119007111, "mean": 9.38748645782, "median": 8.35189247131, "min": 2.18248486519, "var": 21.9305553436}, "erbbands_flatness_db": {"dmean": 0.0183667875826, "dmean2": 0.0265124868602, "dvar": 0.000500119989738, "dvar2": 0.000989665277302, "max": 0.618126571178, "mean": 0.124043911695, "median": 0.109704717994, "min": 0.0135747296736, "var": 0.00490293651819}, "erbbands_kurtosis": {"dmean": 1.7810292244, "dmean2": 2.61135315895, "dvar": 70.0447158813, "dvar2": 127.442474365, "max": 594.594360352, "mean": 2.82070684433, "median": -0.0271234512329, "min": -1.91845238209, "var": 582.12689209}, "erbbands_skewness": {"dmean": 0.471923291683, "dmean2": 0.694034814835, "dvar": 0.305221676826, "dvar2": 0.631670594215, "max": 18.9533863068, "mean": 0.457170188427, "median": 0.353092312813, "min": -3.09246993065, "var": 1.61231982708}, "erbbands_spread": {"dmean": 12.0767278671, "dmean2": 18.1622257233, "dvar": 173.321182251, "dvar2": 390.088409424, "max": 190.527893066, "mean": 52.070854187, "median": 49.898223877, "min": 0.35800755024, "var": 650.425720215}, "hfc": {"dmean": 10.1788902283, "dmean2": 14.9204330444, "dvar": 260.124633789, "dvar2": 599.652893066, "max": 144.348068237, "mean": 25.6465759277, "median": 20.5139656067, "min": 1.81964210366e-09, "var": 481.429016113}, "melbands_crest": {"dmean": 3.38656806946, "dmean2": 5.21656608582, "dvar": 12.0945463181, "dvar2": 26.1802616119, "max": 36.5539512634, "mean": 17.997133255, "median": 16.8994007111, "min": 3.04597115517, "var": 49.7315635681}, "melbands_flatness_db": {"dmean": 0.0365978553891, "dmean2": 0.0499602369964, "dvar": 0.00189169542864, "dvar2": 0.00340820942074, "max": 1, "mean": 0.2362639606, "median": 0.213642865419, "min": 0.0155984852463, "var": 0.0151768215001}, "melbands_kurtosis": {"dmean": 17.9866676331, "dmean2": 26.6853027344, "dvar": 1371.37939453, "dvar2": 2839.31958008, "max": 948.794250488, "mean": 35.0480003357, "median": 17.2994441986, "min": -1.84950435162, "var": 3268.29516602}, "melbands_skewness": {"dmean": 1.14650428295, "dmean2": 1.66275560856, "dvar": 1.81742370129, "dvar2": 3.68608736992, "max": 24.1708908081, "mean": 4.08007144928, "median": 3.57574439049, "min": -1.72185456753, "var": 7.35873174667}, "melbands_spread": {"dmean": 8.26033401489, "dmean2": 12.0721130371, "dvar": 209.733978271, "dvar2": 409.704803467, "max": 238.871154785, "mean": 21.5792942047, "median": 15.0370378494, "min": 0.0996826812625, "var": 620.760437012}, "pitch_salience": {"dmean": 0.0817048698664, "dmean2": 0.125152409077, "dvar": 0.00748693756759, "dvar2": 0.015804849565, "max": 0.938142478466, "mean": 0.493747055531, "median": 0.504009723663, "min": 0.00340111902915, "var": 0.0265505723655}, "silence_rate_20dB": {"dmean": 0, "dmean2": 0, "dvar": 0, "dvar2": 0, "max": 1, "mean": 1, "median": 1, "min": 1, "var": 0}, "silence_rate_30dB": {"dmean": 0.0435267873108, "dmean2": 0.0870632901788, "dvar": 0.0416305027902, "dvar2": 0.0821555480361, "max": 1, "mean": 0.88606184721, "median": 1, "min": 0, "var": 0.100961826742}, "silence_rate_60dB": {"dmean": 0.0189732145518, "dmean2": 0.0378390438855, "dvar": 0.0186125338078, "dvar2": 0.0404276065528, "max": 1, "mean": 0.0677379742265, "median": 0, "min": 0, "var": 0.0631517916918}, "spectral_centroid": {"dmean": 331.220581055, "dmean2": 479.005401611, "dvar": 156537.453125, "dvar2": 292350.53125, "max": 5358.61474609, "mean": 1271.7088623, "median": 1113.34228516, "min": 51.9535903931, "var": 621959.5625}, "spectral_complexity": {"dmean": 4.66316986084, "dmean2": 6.70376157761, "dvar": 31.5591869354, "dvar2": 57.9396400452, "max": 55, "mean": 14.9116172791, "median": 13, "min": 0, "var": 97.3117828369}, "spectral_decrease": {"dmean": 3.8525254098e-09, "dmean2": 5.20500353929e-09, "dvar": 3.38996151253e-17, "dvar2": 5.96209484739e-17, "max": 9.28731604358e-16, "mean": -1.05677235851e-08, "median": -5.98270633034e-09, "min": -6.77727811649e-08, "var": 1.43352464798e-16}, "spectral_energy": {"dmean": 0.0151220411062, "dmean2": 0.0204914603382, "dvar": 0.000509501143824, "dvar2": 0.000915374374017, "max": 0.258680611849, "mean": 0.0422113537788, "median": 0.0248135793954, "min": 1.71133709959e-13, "var": 0.00210501276888}, "spectral_energyband_high": {"dmean": 0.000724485144019, "dmean2": 0.00102573400363, "dvar": 1.35445918659e-06, "dvar2": 2.69764313998e-06, "max": 0.0102639570832, "mean": 0.00162635103334, "median": 0.000900388404261, "min": 1.26005990039e-13, "var": 3.41095005751e-06}, "spectral_energyband_low": {"dmean": 0.00929378531873, "dmean2": 0.0126741398126, "dvar": 0.000471400562674, "dvar2": 0.000884449749719, "max": 0.241872027516, "mean": 0.0240283347666, "median": 0.00904633197933, "min": 3.86044794832e-15, "var": 0.00164523883723}, "spectral_energyband_middle_high": {"dmean": 0.00161653314717, "dmean2": 0.00267254468054, "dvar": 8.03304101282e-06, "dvar2": 2.15950403799e-05, "max": 0.0273939371109, "mean": 0.00310230464675, "median": 0.00247824634425, "min": 2.31451549549e-14, "var": 8.94393178896e-06}, "spectral_energyband_middle_low": {"dmean": 0.00934930052608, "dmean2": 0.0154343936592, "dvar": 0.000321160594467, "dvar2": 0.000845120521262, "max": 0.158031210303, "mean": 0.0143548697233, "median": 0.00845272373408, "min": 5.63417813855e-15, "var": 0.000356022967026}, "spectral_entropy": {"dmean": 0.234976142645, "dmean2": 0.33677303791, "dvar": 0.0878691673279, "dvar2": 0.174618244171, "max": 9.23771095276, "mean": 7.64848804474, "median": 7.80672740936, "min": 2.55189299583, "var": 0.735410511494}, "spectral_flux": {"dmean": 0.0386330075562, "dmean2": 0.0587492212653, "dvar": 0.00257065775804, "dvar2": 0.00457858061418, "max": 0.471986562014, "mean": 0.0915067046881, "median": 0.0730695798993, "min": 7.54799475544e-06, "var": 0.00514002982527}, "spectral_kurtosis": {"dmean": 3.58083868027, "dmean2": 5.09337282181, "dvar": 608.460144043, "dvar2": 1100.03881836, "max": 1402.23291016, "mean": 8.83696365356, "median": 3.44550848007, "min": -1.11727416515, "var": 1892.13500977}, "spectral_rms": {"dmean": 0.00107807037421, "dmean2": 0.00146157341078, "dvar": 1.8948816205e-06, "dvar2": 3.43182273355e-06, "max": 0.0158861987293, "mean": 0.00557816307992, "median": 0.0049201999791, "min": 1.29212898159e-08, "var": 1.00658808151e-05}, "spectral_rolloff": {"dmean": 887.381774902, "dmean2": 1421.76464844, "dvar": 3129236, "dvar2": 6503153.5, "max": 19853.6132812, "mean": 2025.29846191, "median": 947.4609375, "min": 43.06640625, "var": 10346840}, "spectral_skewness": {"dmean": 0.306862801313, "dmean2": 0.43913641572, "dvar": 0.57581359148, "dvar2": 1.04072225094, "max": 34.241859436, "mean": 1.88321065903, "median": 1.62502396107, "min": 0.0416195131838, "var": 3.19483947754}, "spectral_spread": {"dmean": 919351.75, "dmean2": 1381899.875, "dvar": 1189474992130.0, "dvar2": 2569331802110.0, "max": 21357884, "mean": 6995139, "median": 6939899.5, "min": 160775.125, "var": 6313609789440.0}, "spectral_strongpeak": {"dmean": 0.326182842255, "dmean2": 0.542914807796, "dvar": 0.211987167597, "dvar2": 0.566976845264, "max": 6.33763647079, "mean": 0.690065145493, "median": 0.537957131863, "min": 0, "var": 0.309895396233}, "zerocrossingrate": {"dmean": 0.0201453622431, "dmean2": 0.0218784231693, "dvar": 0.000634043186437, "dvar2": 0.000701643701177, "max": 0.76220703125, "mean": 0.0897726938128, "median": 0.07275390625, "min": 0.001953125, "var": 0.00772010441869}, "barkbands": {"dmean": [0.000806204974651, 0.00812506955117, 0.00169603608083, 0.00230214535259, 0.00524037098512, 0.00172483315691, 0.00114637042861, 0.000447905971669, 0.000445307407063, 0.000322693231283, 0.000282387656625, 0.000306862377329, 0.00029735462158, 0.000226893404033, 0.000251182878856, 0.000225620475248, 0.000123166086269, 0.000136137285153, 0.000128579122247, 0.000107426196337, 0.000107209118141, 0.000119550990348, 0.000128838248202, 0.000134874426294, 0.000155433779582, 0.000149209328811, 6.97519935784e-05], "dmean2": [0.00122027599718, 0.0111474180594, 0.00285067525692, 0.00401883805171, 0.00835746992379, 0.00294768577442, 0.00201113009825, 0.00072300672764, 0.000749767699745, 0.000530211254954, 0.000481158174807, 0.000503727758769, 0.000493165047374, 0.00037959459587, 0.000414471694967, 0.000389452441595, 0.000198403591639, 0.000219994690269, 0.000204965093872, 0.000164923869306, 0.000162688651471, 0.00017331392155, 0.000187786688912, 0.000200194685021, 0.000235225947108, 0.000228290751693, 0.000107312800537], "dvar": [5.75005560677e-06, 0.000458300317405, 1.44605892274e-05, 3.73431430489e-05, 0.000110103203042, 1.71407682501e-05, 9.31657814363e-06, 8.54617894674e-07, 8.07034439276e-07, 3.77496718329e-07, 3.75501031158e-07, 2.80121923879e-07, 2.893509361e-07, 1.88341573448e-07, 2.04275011129e-07, 2.46815574201e-07, 3.85435718897e-08, 5.79082346519e-08, 4.88841607194e-08, 3.19366151302e-08, 3.78930558043e-08, 4.35174563052e-08, 5.00392651759e-08, 5.88826232217e-08, 5.65040529921e-08, 4.31015543256e-08, 1.41411318211e-08], "dvar2": [1.41277478178e-05, 0.000918516423553, 3.85531820939e-05, 0.000105665625597, 0.000278362073004, 4.68974794785e-05, 2.61981676886e-05, 2.00035128728e-06, 2.03020226763e-06, 9.2220022907e-07, 1.02064620933e-06, 7.16296085557e-07, 7.75995374624e-07, 4.96153745644e-07, 5.50545053102e-07, 7.23603250208e-07, 9.44896214605e-08, 1.41878345516e-07, 1.07946640071e-07, 7.09297651724e-08, 7.14366166221e-08, 9.24463989804e-08, 1.08839209645e-07, 1.21149184906e-07, 1.20621734823e-07, 9.54264010034e-08, 3.02347089587e-08], "max": [0.0248037353158, 0.225071147084, 0.036351274699, 0.0742846950889, 0.130001083016, 0.0458779931068, 0.0291400421411, 0.0104405842721, 0.0102533306926, 0.00728355068713, 0.00586705096066, 0.00896359514445, 0.0128960944712, 0.00576690491289, 0.00877558067441, 0.00957368128002, 0.00410053506494, 0.00473421066999, 0.00303998938762, 0.00559590850025, 0.00262095103972, 0.00204491149634, 0.00285070762038, 0.00256675621495, 0.00337202730589, 0.00285491906106, 0.00110708130524], "mean": [0.00114301592112, 0.0188665706664, 0.00320541393012, 0.00252810586244, 0.00747359078377, 0.00190262973774, 0.00112377887126, 0.000602994929068, 0.000537461251952, 0.000402345322073, 0.000315539859002, 0.000499939895235, 0.000414838432334, 0.000277255981928, 0.00034849383519, 0.000262127898168, 0.000203334391699, 0.000187501835171, 0.000198460751562, 0.00018562025798, 0.000184049044037, 0.00020510822651, 0.000233338301769, 0.000245419243583, 0.000289249059279, 0.000281637039734, 9.33866613195e-05], "median": [5.79209117859e-05, 0.00374316121452, 0.000977333402261, 0.00102650548797, 0.00209697685204, 0.000416964612668, 0.000208528945222, 9.72148263827e-05, 0.000132456334541, 0.000112576897664, 0.000122454279335, 0.00017940167163, 0.00018914656539, 9.65042272583e-05, 0.000140679374454, 9.01205494301e-05, 0.000118080177344, 8.8426626462e-05, 9.72386842477e-05, 9.96902599582e-05, 6.24003805569e-05, 7.39598544897e-05, 7.96132735559e-05, 0.00010002743511, 0.000151259853737, 0.00018645565433, 3.97931908083e-05], "min": [3.08852098898e-15, 1.88908019578e-15, 4.47248748622e-16, 1.16678431142e-16, 1.83503295571e-16, 2.05372508364e-16, 1.32455920621e-15, 4.90170025642e-16, 2.81039009745e-15, 8.21238041153e-16, 2.2818350268e-16, 2.32271617203e-15, 6.90437995828e-16, 2.75482028919e-15, 6.17170228226e-16, 3.65291809998e-15, 2.7382114554e-15, 4.36796002064e-15, 3.84061255428e-15, 2.9679962474e-15, 6.01546790217e-15, 1.23608864775e-14, 8.52964888391e-15, 1.31540235654e-14, 2.2081225669e-14, 2.59848989792e-14, 3.95636790744e-14], "var": [9.50459434534e-06, 0.00135513860732, 2.09540630749e-05, 2.7127118301e-05, 0.000155813075253, 1.48932858792e-05, 6.77366824675e-06, 1.52373218043e-06, 1.13873079499e-06, 5.48638979581e-07, 3.35065806212e-07, 5.27934844285e-07, 3.64892230209e-07, 2.17378669731e-07, 2.97245776437e-07, 2.49465614388e-07, 6.4156687074e-08, 8.21953278773e-08, 8.60100612954e-08, 6.59064198771e-08, 7.68400596485e-08, 8.95129304013e-08, 1.2731648269e-07, 1.31463409048e-07, 1.32554902166e-07, 9.61605763905e-08, 1.97680058989e-08]}, "erbbands": {"dmean": [0.315593183041, 1.72992992401, 2.00482940674, 4.55827045441, 18.2821655273, 14.9730939865, 8.73554611206, 16.1419086456, 21.9038238525, 7.8760933876, 11.0888175964, 10.4286155701, 8.90566921234, 11.1554994583, 10.3268232346, 13.4496669769, 13.7012777328, 10.9401264191, 13.0387353897, 11.9604415894, 10.6053676605, 6.93829488754, 7.71342182159, 6.4402256012, 6.20836257935, 5.16719436646, 4.35638189316, 4.29104375839, 4.04155540466, 4.01878499985, 3.85656952858, 3.29016423225, 2.06896424294, 1.6069341898, 1.16386902332, 0.677709639072, 0.300688445568, 0.0816253721714, 0.0116185564548, 0.000668752123602], "dmean2": [0.4059651196, 2.67333889008, 3.40174913406, 7.74524211884, 29.2086029053, 24.9395599365, 14.8656139374, 27.8537273407, 38.7155990601, 13.1776161194, 17.9108257294, 17.2459545135, 14.3215761185, 19.2661495209, 17.1420097351, 22.0422077179, 22.6051559448, 18.3029689789, 21.6196327209, 20.1136016846, 18.2301921844, 11.1466884613, 12.4511795044, 10.3509979248, 9.72834396362, 7.92233705521, 6.54207992554, 6.48464918137, 5.82923793793, 5.84452629089, 5.60956525803, 4.91744995117, 3.02303862572, 2.39875864983, 1.79049026966, 1.05831301212, 0.4606308043, 0.126065984368, 0.0178074073046, 0.00104635418393], "dvar": [0.683065950871, 21.6665973663, 24.0936985016, 125.850265503, 1524.00720215, 953.927368164, 412.269104004, 1855.34375, 4183.48876953, 253.466094971, 528.811279297, 443.217010498, 319.143371582, 681.871765137, 376.893280029, 526.917114258, 568.244445801, 380.155822754, 480.132598877, 555.953979492, 462.411224365, 124.167663574, 190.709457397, 131.604492188, 97.1909637451, 84.4491882324, 59.5817451477, 59.6383285522, 48.5477905273, 44.3397712708, 47.3281593323, 33.4913520813, 14.477432251, 7.66633558273, 2.90436720848, 0.873288273811, 0.187160924077, 0.0165977757424, 0.000405427766964, 1.46647630572e-06], "dvar2": [1.09707653522, 52.4747047424, 66.3935470581, 347.657073975, 3734.94335938, 2559.71533203, 1095.85253906, 5139.88134766, 11925.640625, 645.695800781, 1246.15454102, 1073.7019043, 728.527099609, 1840.72021484, 990.468566895, 1335.17504883, 1503.51086426, 1001.78125, 1257.25512695, 1559.56066895, 1272.4588623, 307.676147461, 471.063079834, 291.161437988, 221.06300354, 188.843902588, 121.371025085, 117.651802063, 97.637260437, 95.8900604248, 100.380561829, 71.2238006592, 29.5942726135, 15.6307430267, 6.56891679764, 2.01330018044, 0.424019128084, 0.0375592559576, 0.000864599773195, 3.25184396388e-06], "max": [7.96373987198, 48.0038528442, 56.0641593933, 127.87247467, 346.828857422, 407.99508667, 254.267623901, 516.886657715, 602.123657227, 205.562347412, 292.982727051, 250.879043579, 275.984222412, 256.948516846, 248.349258423, 317.540435791, 495.053070068, 273.192199707, 284.854736328, 366.220031738, 318.439086914, 221.052764893, 332.00289917, 154.394119263, 145.66569519, 329.965698242, 87.5560684204, 138.603179932, 65.8203430176, 66.2803039551, 89.0282974243, 72.3899154663, 52.9064254761, 39.7153739929, 18.9957542419, 12.2064285278, 5.65771102905, 1.52233147621, 0.213397532701, 0.0077154817991], "mean": [0.793572127819, 3.20376873016, 3.90064716339, 6.31049966812, 26.2693977356, 18.618555069, 9.51264286041, 17.2766475677, 21.1215381622, 9.39881801605, 15.3687486649, 13.9337835312, 12.4412908554, 11.8247146606, 13.7811613083, 22.9081935883, 20.9539051056, 14.9877910614, 18.3081283569, 15.7241849899, 13.4549674988, 11.3924198151, 11.0347700119, 9.56273555756, 10.1812772751, 8.81977939606, 7.21168136597, 7.4243311882, 6.97264528275, 7.10193872452, 6.83883237839, 5.86895084381, 3.69190049171, 2.84118843079, 2.13585639, 1.24053275585, 0.535272777081, 0.122893661261, 0.0156789068133, 0.000861277338117], "median": [0.0723674371839, 0.900178492069, 1.5619007349, 3.67693591118, 7.58627176285, 4.85307693481, 2.19392991066, 3.84234881401, 4.35913467407, 3.07955384254, 3.14491415024, 3.84741091728, 3.56875491142, 4.20040750504, 6.82464504242, 9.52795696259, 11.3577890396, 7.20240116119, 8.56631755829, 5.95725870132, 5.79107189178, 6.61923122406, 5.61024999619, 4.42295742035, 5.36939668655, 4.50711536407, 2.92694616318, 2.50080752373, 2.39242434502, 2.74400472641, 2.23487401009, 2.35073781013, 1.34325027466, 1.03592038155, 1.21249830723, 0.787106096745, 0.328238904476, 0.0634852275252, 0.00679106870666, 0.000358193268767], "min": [9.89925779153e-14, 2.80624210935e-13, 5.22979717258e-13, 5.02912002407e-13, 3.14557678949e-13, 6.95658428865e-13, 9.24490627281e-13, 2.31637755851e-12, 1.48609874406e-11, 1.86006904324e-11, 1.53352400223e-11, 6.32816715695e-11, 5.07855389686e-11, 1.05080163321e-11, 3.22155115084e-11, 8.88084050743e-11, 3.9876466712e-11, 1.57789684097e-10, 4.64809996048e-11, 3.9187160461e-11, 2.49692100329e-10, 1.79222900409e-10, 2.22731458277e-10, 2.67619149064e-10, 1.23108079286e-10, 1.66948260771e-10, 1.9545642882e-10, 3.39723749132e-10, 3.85323023488e-10, 3.2648322934e-10, 1.8423879089e-10, 3.40337341642e-10, 1.75647024703e-10, 1.63255298169e-10, 2.00213137735e-10, 1.07169453867e-10, 6.02931038429e-11, 1.56770030985e-11, 4.82440476457e-12, 6.34402632423e-13], "var": [2.84553265572, 37.8557167053, 29.5538024902, 102.250648499, 2246.97167969, 1057.4354248, 430.863769531, 1458.61755371, 2765.3527832, 288.647949219, 997.820251465, 743.883911133, 617.143798828, 574.486694336, 429.339233398, 1025.95251465, 785.375671387, 474.348052979, 663.70690918, 738.210693359, 478.616455078, 200.598419189, 269.318267822, 215.892715454, 188.93182373, 166.790283203, 109.314239502, 124.360214233, 105.742958069, 101.650611877, 117.951972961, 74.18309021, 32.8707084656, 18.4674053192, 6.34001398087, 1.89100015163, 0.391252696514, 0.0258583705872, 0.000566794071347, 1.80230733804e-06]}, "gfcc": {"mean": [-5.4809088707, 47.9912147522, -74.2553787231, 17.0229358673, -38.6204681396, 13.4834861755, -37.7975158691, 0.924807071686, -30.1422519684, 1.97226500511, -19.2304706573, 1.74510812759, -16.4321727753], "cov": [[22938.2890625, -1576.05664062, -1095.2142334, 718.642028809, -644.578552246, 807.606140137, -194.172225952, 943.357727051, -123.544921875, 816.171813965, -69.6363830566, 427.205383301, -369.085235596], [-1576.05664062, 2085.00170898, 409.312072754, 66.7595672607, 428.800933838, -138.405303955, 135.821960449, -1.46263301373, 32.7692298889, -108.812049866, 81.949180603, -20.3976993561, 68.1888427734], [-1095.2142334, 409.312072754, 1257.84350586, 241.042495728, 224.355819702, 61.5224342346, 134.927597046, 15.410276413, 167.244949341, 26.5474662781, 103.716941833, 34.6714935303, 38.7133255005], [718.642028809, 66.7595672607, 241.042495728, 742.912536621, 306.380065918, 291.221191406, 187.516998291, 151.109680176, 124.298439026, 101.21938324, 92.1564331055, 50.6421165466, 50.1088371277], [-644.578552246, 428.800933838, 224.355819702, 306.380065918, 572.486633301, 203.454589844, 198.039337158, 134.114746094, 66.106918335, 59.1977958679, 78.5194625854, 38.0095748901, 46.6598777771], [807.606140137, -138.405303955, 61.5224342346, 291.221191406, 203.454589844, 560.999206543, 271.667053223, 187.899581909, 112.948036194, 151.193618774, 58.0890464783, 29.1241550446, 1.86394059658], [-194.172225952, 135.821960449, 134.927597046, 187.516998291, 198.039337158, 271.667053223, 380.449615479, 180.971786499, 113.987800598, 82.676361084, 70.5491714478, 8.17818069458, 10.7008666992], [943.357727051, -1.46263301373, 15.410276413, 151.109680176, 134.114746094, 187.899581909, 180.971786499, 305.335113525, 94.9092254639, 123.291603088, 61.2080497742, 50.4405288696, -18.6476631165], [-123.544921875, 32.7692298889, 167.244949341, 124.298439026, 66.106918335, 112.948036194, 113.987800598, 94.9092254639, 206.425003052, 76.5578918457, 60.0355033875, 8.90382194519, 19.1654624939], [816.171813965, -108.812049866, 26.5474662781, 101.21938324, 59.1977958679, 151.193618774, 82.676361084, 123.291603088, 76.5578918457, 177.48449707, 62.3844032288, 42.2857170105, -9.90163230896], [-69.6363830566, 81.949180603, 103.716941833, 92.1564331055, 78.5194625854, 58.0890464783, 70.5491714478, 61.2080497742, 60.0355033875, 62.3844032288, 142.148757935, 47.1594047546, 12.030008316], [427.205383301, -20.3976993561, 34.6714935303, 50.6421165466, 38.0095748901, 29.1241550446, 8.17818069458, 50.4405288696, 8.90382194519, 42.2857170105, 47.1594047546, 116.833198547, 16.4877300262], [-369.085235596, 68.1888427734, 38.7133255005, 50.1088371277, 46.6598777771, 1.86394059658, 10.7008666992, -18.6476631165, 19.1654624939, -9.90163230896, 12.030008316, 16.4877300262, 97.8240280151]], "icov": [[8.97253776202e-05, -3.20472572639e-05, 3.4293418139e-05, -0.000141902797623, 0.000204878146178, -0.000100686709629, 0.000182466581464, -0.000258951768046, 0.000176467743586, -0.000326545821736, 0.000207100572879, -0.00023208220955, 0.000200880109333], [-3.20472572639e-05, 0.000717300572433, -0.000132304630824, 0.00016829528613, -0.000657700002193, 0.000405670463806, -0.000306004221784, 5.33734237251e-05, -7.98699911684e-05, 0.000585068715736, -0.00042441158439, 0.000318295700708, -0.00023171970679], [3.4293418139e-05, -0.000132304630824, 0.00105374504346, -0.000245885457844, -0.000111412089609, 9.12244868232e-05, -0.000119509073556, 0.000381750782253, -0.000745831988752, -1.10119462988e-05, -0.00016614330525, -0.000412401277572, 0.000302742031636], [-0.000141902797623, 0.00016829528613, -0.000245885457844, 0.00236166478135, -0.0010902431095, -0.000518592307344, -0.000129637730424, 0.000146006670548, -0.000641222170088, 0.0006175119197, -0.000713034416549, 0.000276781385764, -0.000964038772509], [0.000204878146178, -0.000657700002193, -0.000111412089609, -0.0010902431095, 0.00365822319873, -0.000772894825786, -5.80040214118e-05, -0.00113175122533, 0.00108358310536, -0.000866895366926, 0.000258033658611, -0.000690825050697, -0.000320895138429], [-0.000100686709629, 0.000405670463806, 9.12244868232e-05, -0.000518592307344, -0.000772894825786, 0.00389107642695, -0.00219476106577, 0.000327289919369, -0.000344791827956, -0.00132813840173, 0.000409847969422, 0.000271949538728, 7.44287603993e-07], [0.000182466581464, -0.000306004221784, -0.000119509073556, -0.000129637730424, -5.80040214118e-05, -0.00219476106577, 0.00597661687061, -0.00261438637972, -0.000468481157441, 0.000209543533856, -0.000657312164549, 0.000875514291693, -2.09531244764e-05], [-0.000258951768046, 5.33734237251e-05, 0.000381750782253, 0.000146006670548, -0.00113175122533, 0.000327289919369, -0.00261438637972, 0.00731755746529, -0.00178762862924, -0.00144412519876, -0.000165219025803, -0.00138654687908, 0.00143246189691], [0.000176467743586, -7.98699911684e-05, -0.000745831988752, -0.000641222170088, 0.00108358310536, -0.000344791827956, -0.000468481157441, -0.00178762862924, 0.00819155108184, -0.00255463621579, -0.00100824947003, 0.00128444319125, -0.00141064461786], [-0.000326545821736, 0.000585068715736, -1.10119462988e-05, 0.0006175119197, -0.000866895366926, -0.00132813840173, 0.000209543533856, -0.00144412519876, -0.00255463621579, 0.0119042154402, -0.00334102124907, -0.00056811212562, 0.000400815508328], [0.000207100572879, -0.00042441158439, -0.00016614330525, -0.000713034416549, 0.000258033658611, 0.000409847969422, -0.000657312164549, -0.000165219025803, -0.00100824947003, -0.00334102124907, 0.011172327213, -0.00384312891401, 0.000550903379917], [-0.00023208220955, 0.000318295700708, -0.000412401277572, 0.000276781385764, -0.000690825050697, 0.000271949538728, 0.000875514291693, -0.00138654687908, 0.00128444319125, -0.00056811212562, -0.00384312891401, 0.0122441649437, -0.00301205762662], [0.000200880109333, -0.00023171970679, 0.000302742031636, -0.000964038772509, -0.000320895138429, 7.44287603993e-07, -2.09531244764e-05, 0.00143246189691, -0.00141064461786, 0.000400815508328, 0.000550903379917, -0.00301205762662, 0.0127011341974]]}, "melbands": {"dmean": [0.00245561124757, 0.00143282231875, 0.00116931728553, 0.00132167618722, 0.000331143703079, 0.000369400891941, 0.000305775087327, 7.78909961809e-05, 9.33021656238e-05, 6.23047308181e-05, 4.4027929107e-05, 4.55114750366e-05, 3.68225737475e-05, 3.41509112332e-05, 3.08960079565e-05, 3.02014632325e-05, 2.12279555853e-05, 2.14070805669e-05, 1.8690709112e-05, 1.7030059098e-05, 1.18660664157e-05, 7.6482865552e-06, 7.11972415957e-06, 6.43166913505e-06, 5.41063809578e-06, 5.09710844199e-06, 4.0199988689e-06, 3.60448620995e-06, 2.81914617517e-06, 2.6584882562e-06, 2.70517807621e-06, 2.33667333305e-06, 2.53259122474e-06, 2.2142069156e-06, 2.2556496333e-06, 2.38695702137e-06, 2.07337598113e-06, 1.58282102802e-06, 1.3674047068e-06, 1.4384258975e-06], "dmean2": [0.00324469944462, 0.00234637618996, 0.00193277327344, 0.00212684087455, 0.000562558823731, 0.000637018936686, 0.000537465908565, 0.000128187733935, 0.000152133099618, 0.000103751634015, 7.07292783773e-05, 7.85357624409e-05, 6.22314109933e-05, 5.53183381271e-05, 5.15896681463e-05, 5.03091614519e-05, 3.54840631189e-05, 3.57616518158e-05, 3.12353477057e-05, 2.92913045996e-05, 2.04908137675e-05, 1.24092066471e-05, 1.14778640636e-05, 1.03895108623e-05, 8.78631090018e-06, 8.10691562947e-06, 6.36355252936e-06, 5.63915409657e-06, 4.30903855886e-06, 4.02417526857e-06, 4.17741284764e-06, 3.46362685377e-06, 3.70356224266e-06, 3.30347438648e-06, 3.30777834279e-06, 3.59335217581e-06, 3.1349575238e-06, 2.3613617941e-06, 2.0400664198e-06, 2.18504146687e-06], "dvar": [4.20021133323e-05, 1.28533720272e-05, 6.86938028593e-06, 7.37965683584e-06, 5.42844588836e-07, 9.58822624852e-07, 7.64565811551e-07, 2.47699265543e-08, 3.60004221989e-08, 1.60514570524e-08, 7.85875275966e-09, 1.13858060757e-08, 5.96501514849e-09, 3.35171712607e-09, 2.77078426869e-09, 3.51013018651e-09, 1.51496293288e-09, 1.433378638e-09, 1.56275314911e-09, 1.54056578605e-09, 5.7862969971e-10, 1.59134580513e-10, 1.32316810286e-10, 1.45385953276e-10, 9.49678599649e-11, 7.404223068e-11, 4.59453655677e-11, 4.96324578658e-11, 2.31842947618e-11, 2.2254136034e-11, 2.46202259968e-11, 1.67712788102e-11, 1.91019977613e-11, 1.35663546369e-11, 1.57312617793e-11, 1.89257030186e-11, 1.30235631307e-11, 8.3618433358e-12, 6.44147669232e-12, 5.91188426338e-12], "dvar2": [7.56256267778e-05, 3.4545933886e-05, 1.83738520718e-05, 1.88753583643e-05, 1.44698765325e-06, 2.66318488684e-06, 2.16926537178e-06, 6.22420159857e-08, 8.80234551914e-08, 3.94445720531e-08, 1.78726722311e-08, 3.06012530871e-08, 1.60998343546e-08, 8.50855652601e-09, 7.32905380829e-09, 9.52080458916e-09, 3.9312419986e-09, 3.7843199685e-09, 4.42094361119e-09, 4.70393679564e-09, 1.54081170045e-09, 3.99681204799e-10, 3.24688331776e-10, 3.6063863007e-10, 2.12304035463e-10, 1.73416905835e-10, 1.0572556719e-10, 1.17533260902e-10, 4.99009063237e-11, 4.83272900864e-11, 4.98505854651e-11, 3.50304438235e-11, 4.23056450982e-11, 3.05569979042e-11, 3.34164744487e-11, 4.32741134593e-11, 2.79089008848e-11, 1.81076317135e-11, 1.27970507455e-11, 1.2734031711e-11], "max": [0.0673412978649, 0.0385294556618, 0.02801444754, 0.0354888252914, 0.00802574306726, 0.0112648010254, 0.00813450291753, 0.00222631986253, 0.00238364515826, 0.00149565562606, 0.00138120772317, 0.00104825058952, 0.000771555700339, 0.00111446331721, 0.000817583932076, 0.00150998914614, 0.000585378787946, 0.00056209822651, 0.000952206726652, 0.00086399493739, 0.000266848976025, 0.000273740908597, 0.000230574951274, 0.000192463834537, 0.000144608289702, 0.000136206086609, 0.000145668338519, 0.00026214888203, 6.02792897553e-05, 5.24624956597e-05, 8.45935574034e-05, 3.87150103052e-05, 5.41345398233e-05, 4.10404245486e-05, 4.84281626996e-05, 5.66221060581e-05, 3.89025590266e-05, 3.82249163522e-05, 4.89309932163e-05, 3.50960690412e-05], "mean": [0.00597630860284, 0.00277519505471, 0.00168050709181, 0.00186718336772, 0.000360187987098, 0.000393218128011, 0.000301031075651, 9.68907188508e-05, 0.000126886967337, 8.09863195173e-05, 5.97746002313e-05, 4.62811658508e-05, 4.28086714237e-05, 5.5461521697e-05, 5.17924781889e-05, 4.06333529099e-05, 2.66448005277e-05, 2.84671514237e-05, 2.39082164626e-05, 2.04100342671e-05, 1.45282692756e-05, 1.18483058031e-05, 1.08873546196e-05, 8.49441767059e-06, 7.58991154726e-06, 7.58139776735e-06, 6.75981118547e-06, 5.67529514228e-06, 4.35648098573e-06, 4.33220884588e-06, 4.3464956434e-06, 3.82446796721e-06, 4.13511997976e-06, 3.76602406504e-06, 3.81586369258e-06, 3.96491077481e-06, 3.49900460606e-06, 2.63187212113e-06, 2.32445131587e-06, 2.39750170294e-06], "median": [0.000941785168834, 0.00144053308759, 0.000843659159727, 0.00053230515914, 8.21054491098e-05, 8.36274266476e-05, 5.91761418036e-05, 3.01028558169e-05, 2.31574285863e-05, 2.19885132537e-05, 1.56549303938e-05, 1.49312618305e-05, 1.70691509993e-05, 2.46998733928e-05, 2.59319858742e-05, 1.9973014787e-05, 9.95370555756e-06, 1.26623845063e-05, 8.92588013812e-06, 6.85117083776e-06, 6.23177311354e-06, 6.68927123115e-06, 5.91716570852e-06, 3.75754166271e-06, 3.22843243339e-06, 3.59193381883e-06, 3.45588728123e-06, 2.68693338512e-06, 1.879593583e-06, 1.4190437696e-06, 1.32973093514e-06, 1.18065361221e-06, 1.46865090755e-06, 1.38657765092e-06, 1.15959369396e-06, 1.28942065203e-06, 1.40543750149e-06, 9.12663381314e-07, 6.99143129168e-07, 8.29660109503e-07], "min": [8.52597794899e-16, 3.07690012046e-16, 8.11695923835e-17, 3.38358560437e-17, 3.30997215468e-17, 5.52523363438e-17, 2.42871503972e-16, 1.80567320557e-16, 1.50805401822e-16, 4.25957066716e-16, 2.45066775143e-16, 3.89829179221e-17, 5.82104003887e-17, 2.72195837545e-16, 1.18217569417e-16, 1.17195981508e-16, 3.16125851396e-16, 6.73709359818e-17, 4.08939632175e-17, 1.06809948059e-16, 3.2159344907e-16, 1.62107653605e-16, 1.94534099764e-16, 2.25797781445e-16, 2.28316301564e-16, 8.90742560485e-17, 8.83047663206e-17, 1.13722736143e-16, 9.22362432755e-17, 1.43161154466e-16, 2.55359866578e-16, 2.24169228255e-16, 2.09888385113e-16, 1.69898609714e-16, 6.46033683232e-17, 2.01785509121e-16, 2.07366119519e-16, 1.33217570001e-16, 9.20973894291e-17, 1.50680649751e-16], "var": [0.000147383310832, 1.72936179297e-05, 6.82537984176e-06, 9.94962465484e-06, 5.61644299069e-07, 7.43158977912e-07, 5.22391076174e-07, 3.06180574228e-08, 6.32643732956e-08, 2.56449119718e-08, 1.50925689724e-08, 9.59899626451e-09, 5.5300151125e-09, 6.25452001302e-09, 4.42059455708e-09, 3.80421028012e-09, 1.94177096624e-09, 1.815651407e-09, 1.93341342936e-09, 1.66046121297e-09, 5.85511805706e-10, 2.37952046955e-10, 2.15927747904e-10, 1.92006938127e-10, 1.5080318938e-10, 1.24475652008e-10, 9.13082734422e-11, 8.2343638852e-11, 3.92346294342e-11, 4.32832103492e-11, 4.67876327959e-11, 3.3920571213e-11, 3.80432872704e-11, 2.98999644488e-11, 3.85868420549e-11, 4.1427732772e-11, 2.65701488589e-11, 1.75987193568e-11, 1.47383407562e-11, 1.32805025657e-11]}, "mfcc": {"mean": [-662.899291992, 99.603843689, 16.8411197662, 16.8271713257, 15.2880954742, 11.8176412582, 4.49654197693, 1.41999614239, -5.12474584579, -1.57565689087, -4.58142662048, -1.50243270397, -1.23725891113], "cov": [[12752.1015625, -455.791595459, -102.648498535, 23.2540855408, -97.2681045532, 173.741973877, 114.694313049, 187.505401611, 152.38873291, 373.090576172, 432.793304443, 319.178863525, 241.6849823], [-455.791595459, 1723.07458496, 54.799747467, 159.931045532, 170.119979858, -45.3625450134, 112.575111389, 98.9136657715, -4.72435235977, 25.1470050812, 9.93988227844, 39.9802055359, 39.2872810364], [-102.648498535, 54.799747467, 916.174865723, 209.536834717, 125.651618958, 131.980285645, 25.237821579, 67.1719055176, 60.3715057373, 58.6234169006, 78.1888198853, 46.9850730896, 48.9905090332], [23.2540855408, 159.931045532, 209.536834717, 542.33026123, 255.771713257, 110.510658264, 113.997276306, 109.797531128, 66.9546813965, 47.2763748169, 43.6256103516, 46.8272628784, 60.9696350098], [-97.2681045532, 170.119979858, 125.651618958, 255.771713257, 393.441894531, 171.845474243, 130.160995483, 99.4265441895, 70.4292602539, 68.9876098633, 36.0497741699, 57.6686401367, 61.1329727173], [173.741973877, -45.3625450134, 131.980285645, 110.510658264, 171.845474243, 378.678741455, 205.148178101, 127.616027832, 139.195831299, 104.582138062, 95.2386398315, 78.0718078613, 50.3553771973], [114.694313049, 112.575111389, 25.237821579, 113.997276306, 130.160995483, 205.148178101, 329.438049316, 171.449493408, 123.474189758, 112.514282227, 107.956680298, 96.4575500488, 60.264503479], [187.505401611, 98.9136657715, 67.1719055176, 109.797531128, 99.4265441895, 127.616027832, 171.449493408, 238.736297607, 118.682533264, 102.499595642, 102.877876282, 79.0652389526, 63.7112159729], [152.38873291, -4.72435235977, 60.3715057373, 66.9546813965, 70.4292602539, 139.195831299, 123.474189758, 118.682533264, 205.511138916, 118.149040222, 89.3927612305, 55.7507553101, 40.2340126038], [373.090576172, 25.1470050812, 58.6234169006, 47.2763748169, 68.9876098633, 104.582138062, 112.514282227, 102.499595642, 118.149040222, 208.654052734, 121.760017395, 74.475440979, 50.7804946899], [432.793304443, 9.93988227844, 78.1888198853, 43.6256103516, 36.0497741699, 95.2386398315, 107.956680298, 102.877876282, 89.3927612305, 121.760017395, 201.836502075, 103.580062866, 61.5993041992], [319.178863525, 39.9802055359, 46.9850730896, 46.8272628784, 57.6686401367, 78.0718078613, 96.4575500488, 79.0652389526, 55.7507553101, 74.475440979, 103.580062866, 158.95552063, 74.5548400879], [241.6849823, 39.2872810364, 48.9905090332, 60.9696350098, 61.1329727173, 50.3553771973, 60.264503479, 63.7112159729, 40.2340126038, 50.7804946899, 61.5993041992, 74.5548400879, 139.442489624]], "icov": [[9.01509047253e-05, 2.08938363357e-05, 3.26555673382e-05, -2.83309345832e-05, 6.25665561529e-05, -3.49048023054e-05, 6.59390934743e-05, -1.11611479952e-05, 5.66950875509e-05, -0.000117200659588, -0.000113589048851, -8.12686630525e-05, -7.94950319687e-05], [2.08938363357e-05, 0.000663512735628, -3.20334656863e-05, -4.13552770624e-05, -0.00028617909993, 0.000403691316023, -0.000286258757114, -0.000216858461499, 0.000166537516634, -4.92580365972e-05, 6.46069311188e-05, -7.21374599379e-05, -1.14222393677e-05], [3.26555673382e-05, -3.20334656863e-05, 0.00130960776005, -0.000455692352261, 1.52035190695e-05, -0.000501752947457, 0.000597509555519, -9.41148682614e-05, 3.10443319904e-05, -7.47426602175e-05, -0.000435467634816, -1.6496720491e-05, -0.000129687046865], [-2.83309345832e-05, -4.13552770624e-05, -0.000455692352261, 0.0029382079374, -0.00171537837014, 0.000404417485697, -0.000340590660926, -0.000498374341987, -0.000253225909546, 0.000466098223114, -5.67785355088e-05, 0.000259729742538, -0.000293402816169], [6.25665561529e-05, -0.00028617909993, 1.52035190695e-05, -0.00171537837014, 0.0047087483108, -0.00161361787468, -4.480159987e-05, -0.000158668102813, 0.000383468432119, -0.000836891122162, 0.00105733971577, -0.000467438745545, -0.00069595646346], [-3.49048023054e-05, 0.000403691316023, -0.000501752947457, 0.000404417485697, -0.00161361787468, 0.00534852128476, -0.00235925544985, 0.000180847360753, -0.00172767660115, 0.000229421915719, -0.000286455237074, -0.000148312901729, 0.000279971078271], [6.59390934743e-05, -0.000286258757114, 0.000597509555519, -0.000340590660926, -4.480159987e-05, -0.00235925544985, 0.00679436000064, -0.00262811593711, -0.00026808065013, -0.000549966294784, -0.000430812506238, -0.00122100906447, 0.000162134427228], [-1.11611479952e-05, -0.000216858461499, -9.41148682614e-05, -0.000498374341987, -0.000158668102813, 0.000180847360753, -0.00262811593711, 0.00851586647332, -0.00224990327843, -0.00031829404179, -0.00120091065764, -0.00023065811547, -0.00100048037712], [5.66950875509e-05, 0.000166537516634, 3.10443319904e-05, -0.000253225909546, 0.000383468432119, -0.00172767660115, -0.00026808065013, -0.00224990327843, 0.00936005357653, -0.00328506226651, -0.000443565280875, 0.000441721145762, 9.63508682617e-06], [-0.000117200659588, -4.92580365972e-05, -7.47426602175e-05, 0.000466098223114, -0.000836891122162, 0.000229421915719, -0.000549966294784, -0.00031829404179, -0.00328506226651, 0.00952770933509, -0.00348370149732, -0.000129053936689, -0.000207249075174], [-0.000113589048851, 6.46069311188e-05, -0.000435467634816, -5.67785355088e-05, 0.00105733971577, -0.000286455237074, -0.000430812506238, -0.00120091065764, -0.000443565280875, -0.00348370149732, 0.0106299296021, -0.00395263358951, -0.000454576540506], [-8.12686630525e-05, -7.21374599379e-05, -1.6496720491e-05, 0.000259729742538, -0.000467438745545, -0.000148312901729, -0.00122100906447, -0.00023065811547, 0.000441721145762, -0.000129053936689, -0.00395263358951, 0.0116861592978, -0.00363754038699], [-7.94950319687e-05, -1.14222393677e-05, -0.000129687046865, -0.000293402816169, -0.00069595646346, 0.000279971078271, 0.000162134427228, -0.00100048037712, 9.63508682617e-06, -0.000207249075174, -0.000454576540506, -0.00363754038699, 0.0102956900373]]}, "spectral_contrast_coeffs": {"dmean": [0.0574452802539, 0.0602594390512, 0.0420602038503, 0.0370136089623, 0.0240919850767, 0.0202301889658], "dmean2": [0.0914383307099, 0.0953986346722, 0.066558226943, 0.0591535121202, 0.0387204065919, 0.0313776433468], "dvar": [0.0030948384665, 0.00281233340502, 0.00128221558407, 0.00104064692277, 0.000477292109281, 0.000370384048438], "dvar2": [0.00724691385403, 0.00667575746775, 0.00299671827815, 0.0025580348447, 0.00113173853606, 0.000878545106389], "max": [-0.211947232485, -0.3710064888, -0.518203794956, -0.541135966778, -0.607937335968, -0.670056819916], "mean": [-0.57661652565, -0.707145273685, -0.780512034893, -0.776764750481, -0.804576516151, -0.799441695213], "median": [-0.593828678131, -0.713073611259, -0.788095653057, -0.778169870377, -0.80650395155, -0.797839641571], "min": [-0.955406486988, -0.956964075565, -0.966986358166, -0.983027160168, -0.950201630592, -0.960515975952], "var": [0.0145926568657, 0.0100952032954, 0.00489946641028, 0.00363374198787, 0.00195222673938, 0.0015002170112]}, "spectral_contrast_valleys": {"dmean": [0.531078934669, 0.611870527267, 0.518756210804, 0.483808785677, 0.397860318422, 0.369865298271], "dmean2": [0.796463429928, 0.93887680769, 0.807701706886, 0.740520477295, 0.577618598938, 0.503516793251], "dvar": [0.294654399157, 0.395965158939, 0.320554822683, 0.314145237207, 0.245583802462, 0.21895390749], "dvar2": [0.564525842667, 0.878559708595, 0.720158576965, 0.704325079918, 0.497888177633, 0.394451528788], "max": [-4.90716266632, -4.31101417542, -5.14533901215, -5.47926282883, -5.80498