{"lowlevel": {"average_loudness": 0.943269431591, "barkbands_crest": {"dmean": 2.03057312965, "dmean2": 3.38028287888, "dvar": 3.58622574806, "dvar2": 9.86797618866, "max": 24.2630901337, "mean": 11.7811117172, "median": 11.4627771378, "min": 4.70103979111, "var": 8.57516765594}, "barkbands_flatness_db": {"dmean": 0.0288781188428, "dmean2": 0.0393854379654, "dvar": 0.00148276903201, "dvar2": 0.00266967341304, "max": 0.571548402309, "mean": 0.274226546288, "median": 0.236140280962, "min": 0.0709342956543, "var": 0.0140602122992}, "barkbands_kurtosis": {"dmean": 7.18972826004, "dmean2": 10.99360466, "dvar": 131.125427246, "dvar2": 292.175476074, "max": 124.000366211, "mean": 18.2033729553, "median": 14.8679647446, "min": -1.93464148045, "var": 230.027450562}, "barkbands_skewness": {"dmean": 0.668509840965, "dmean2": 1.00832986832, "dvar": 0.859417319298, "dvar2": 1.7886505127, "max": 9.10250854492, "mean": 2.98550724983, "median": 2.86555719376, "min": -7.79363107681, "var": 1.84264481068}, "barkbands_spread": {"dmean": 1.89088988304, "dmean2": 2.78740239143, "dvar": 9.66455364227, "dvar2": 20.8005447388, "max": 130.801635742, "mean": 6.15013599396, "median": 4.38533687592, "min": 0.751152873039, "var": 75.6382675171}, "dissonance": {"dmean": 0.0210799388587, "dmean2": 0.0356090329587, "dvar": 0.000508248631377, "dvar2": 0.00134292885195, "max": 0.5, "mean": 0.438672423363, "median": 0.457896232605, "min": 0.130184426904, "var": 0.00383303710259}, "dynamic_complexity": 4.88737916946, "erbbands_crest": {"dmean": 1.96081399918, "dmean2": 3.16727018356, "dvar": 3.559705019, "dvar2": 9.14743614197, "max": 28.9693717957, "mean": 10.0814247131, "median": 9.95363712311, "min": 2.41888570786, "var": 12.0453262329}, "erbbands_flatness_db": {"dmean": 0.0248569026589, "dmean2": 0.0326464921236, "dvar": 0.000971215369646, "dvar2": 0.00170977099333, "max": 0.431646674871, "mean": 0.194636940956, "median": 0.169293254614, "min": 0.0329761393368, "var": 0.00739460019395}, "erbbands_kurtosis": {"dmean": 2.27922081947, "dmean2": 3.43468976021, "dvar": 14.1149835587, "dvar2": 30.3895244598, "max": 47.7355766296, "mean": 4.61247825623, "median": 1.15366220474, "min": -1.62243163586, "var": 66.0643463135}, "erbbands_skewness": {"dmean": 0.412921637297, "dmean2": 0.606350362301, "dvar": 0.163786157966, "dvar2": 0.378830999136, "max": 5.49745798111, "mean": 1.53771603107, "median": 1.34612810612, "min": -1.36675405502, "var": 1.08439946175}, "erbbands_spread": {"dmean": 7.90108060837, "dmean2": 11.7161207199, "dvar": 114.655578613, "dvar2": 259.446533203, "max": 147.285140991, "mean": 32.420124054, "median": 33.2637062073, "min": 0.944748699665, "var": 378.727905273}, "hfc": {"dmean": 4.44728374481, "dmean2": 7.42243719101, "dvar": 154.010513306, "dvar2": 411.325164795, "max": 127.536956787, "mean": 8.72972106934, "median": 6.37959766388, "min": 1.16774979663e-16, "var": 144.723831177}, "melbands_crest": {"dmean": 2.04724097252, "dmean2": 3.4519109726, "dvar": 3.49594426155, "dvar2": 9.35782432556, "max": 28.367357254, "mean": 13.8315000534, "median": 13.8226709366, "min": 1.69119691849, "var": 8.71461296082}, "melbands_flatness_db": {"dmean": 0.0307960677892, "dmean2": 0.0431185513735, "dvar": 0.00186146178748, "dvar2": 0.0033628330566, "max": 0.752125144005, "mean": 0.386604934931, "median": 0.343581229448, "min": 0.00866914168, "var": 0.0192711874843}, "melbands_kurtosis": {"dmean": 13.7305555344, "dmean2": 21.7417907715, "dvar": 715.719970703, "dvar2": 1791.50366211, "max": 263.658050537, "mean": 32.6671295166, "median": 26.9092502594, "min": -1.37968039513, "var": 843.743041992}, "melbands_skewness": {"dmean": 0.795063495636, "dmean2": 1.2241063118, "dvar": 1.43674826622, "dvar2": 3.49957942963, "max": 12.3434076309, "mean": 3.54051232338, "median": 3.50255918503, "min": -1.64402878284, "var": 2.70813107491}, "melbands_spread": {"dmean": 1.27045917511, "dmean2": 1.84005451202, "dvar": 10.798620224, "dvar2": 17.4370880127, "max": 185.535812378, "mean": 4.47962999344, "median": 3.40894174576, "min": 0.682366788387, "var": 48.0711936951}, "pitch_salience": {"dmean": 0.0598945394158, "dmean2": 0.105540454388, "dvar": 0.00280883722007, "dvar2": 0.00882610771805, "max": 0.882203519344, "mean": 0.584358215332, "median": 0.584465026855, "min": 0.249391689897, "var": 0.00575304403901}, "silence_rate_20dB": {"dmean": 0, "dmean2": 0, "dvar": 0, "dvar2": 0, "max": 1, "mean": 1, "median": 1, "min": 1, "var": 0}, "silence_rate_30dB": {"dmean": 0.0766392275691, "dmean2": 0.15332198143, "dvar": 0.070766620338, "dvar2": 0.156499445438, "max": 1, "mean": 0.936719655991, "median": 1, "min": 0, "var": 0.0592732168734}, "silence_rate_60dB": {"dmean": 0.000567697978113, "dmean2": 0.000851788732689, "dvar": 0.000567355949897, "dvar2": 0.000851052929647, "max": 1, "mean": 0.0751986354589, "median": 0, "min": 0, "var": 0.0695439204574}, "spectral_centroid": {"dmean": 86.2007522583, "dmean2": 123.815376282, "dvar": 50729.4726562, "dvar2": 66896.125, "max": 11360.6123047, "mean": 412.727478027, "median": 358.98638916, "min": 143.954864502, "var": 110456.296875}, "spectral_complexity": {"dmean": 2.20948052406, "dmean2": 3.29727435112, "dvar": 16.2846603394, "dvar2": 28.0788631439, "max": 53, "mean": 9.33853530884, "median": 8, "min": 0, "var": 50.4642219543}, "spectral_decrease": {"dmean": 4.82159379089e-09, "dmean2": 8.68136584842e-09, "dvar": 1.3951503497e-16, "dvar2": 3.97900741464e-16, "max": 3.47269849968e-16, "mean": -9.32496657668e-09, "median": -7.15640569027e-09, "min": -1.0195694955e-07, "var": 1.03023816664e-16}, "spectral_energy": {"dmean": 0.018569001928, "dmean2": 0.0333966352046, "dvar": 0.00207137526013, "dvar2": 0.00590044073761, "max": 0.388454794884, "mean": 0.0359863713384, "median": 0.0275255851448, "min": 1.07665456945e-20, "var": 0.00153787643649}, "spectral_energyband_high": {"dmean": 0.000100147757621, "dmean2": 0.000144577090396, "dvar": 3.93012626887e-08, "dvar2": 7.38342507134e-08, "max": 0.00208582729101, "mean": 0.000142130127642, "median": 3.87298277928e-05, "min": 7.73661946141e-21, "var": 7.79244473392e-08}, "spectral_energyband_low": {"dmean": 0.0112383617088, "dmean2": 0.0207083262503, "dvar": 0.00116707675625, "dvar2": 0.00342068681493, "max": 0.366982340813, "mean": 0.019749538973, "median": 0.0149550586939, "min": 4.72243944737e-23, "var": 0.000735784822609}, "spectral_energyband_middle_high": {"dmean": 0.000547792005818, "dmean2": 0.000839068554342, "dvar": 2.80925087282e-06, "dvar2": 6.79086997479e-06, "max": 0.0191299635917, "mean": 0.000990007072687, "median": 0.000538562890142, "min": 1.55348457031e-21, "var": 3.4106608382e-06}, "spectral_energyband_middle_low": {"dmean": 0.00978549849242, "dmean2": 0.0171202719212, "dvar": 0.000792201142758, "dvar2": 0.00220309430733, "max": 0.287182539701, "mean": 0.0172785893083, "median": 0.0122202942148, "min": 3.60117578075e-22, "var": 0.000621532148216}, "spectral_entropy": {"dmean": 0.25739723444, "dmean2": 0.353708088398, "dvar": 0.12419372052, "dvar2": 0.23105314374, "max": 9.80666923523, "mean": 6.48783683777, "median": 6.74378299713, "min": 4.1713180542, "var": 0.90395283699}, "spectral_flux": {"dmean": 0.0332667008042, "dmean2": 0.0542648583651, "dvar": 0.00448116008192, "dvar2": 0.00847265217453, "max": 0.516998112202, "mean": 0.0740289762616, "median": 0.0537354759872, "min": 1.03761964299e-10, "var": 0.00654130009934}, "spectral_kurtosis": {"dmean": 7.23085641861, "dmean2": 11.8352165222, "dvar": 255.896087646, "dvar2": 653.039123535, "max": 282.643371582, "mean": 22.6030292511, "median": 7.27048969269, "min": -1.21269249916, "var": 1874.83129883}, "spectral_rms": {"dmean": 0.00113960832823, "dmean2": 0.0019759060815, "dvar": 4.700442787e-06, "dvar2": 1.30558501041e-05, "max": 0.0194674171507, "mean": 0.00534488726407, "median": 0.00518210651353, "min": 3.24097931652e-12, "var": 6.54085351925e-06}, "spectral_rolloff": {"dmean": 70.6867294312, "dmean2": 117.319030762, "dvar": 357777.78125, "dvar2": 956094.0625, "max": 19573.6816406, "mean": 404.237731934, "median": 236.865234375, "min": 107.666015625, "var": 2434358}, "spectral_skewness": {"dmean": 0.504574120045, "dmean2": 0.780442416668, "dvar": 0.72917842865, "dvar2": 1.65249574184, "max": 13.9102916718, "mean": 3.03441524506, "median": 2.18264579773, "min": -0.0245372373611, "var": 5.44298934937}, "spectral_spread": {"dmean": 751777.1875, "dmean2": 1060371.125, "dvar": 1340051292160.0, "dvar2": 2204280815620.0, "max": 41169528, "mean": 3675863.25, "median": 3534444.5, "min": 367317.8125, "var": 4534538600450.0}, "spectral_strongpeak": {"dmean": 0.255337387323, "dmean2": 0.455170243979, "dvar": 0.0999127849936, "dvar2": 0.268333464861, "max": 3.07841348648, "mean": 0.453074157238, "median": 0.305652916431, "min": 0, "var": 0.165329948068}, "zerocrossingrate": {"dmean": 0.00545078748837, "dmean2": 0.00664586527273, "dvar": 0.000105867220555, "dvar2": 0.000114454654977, "max": 0.76416015625, "mean": 0.0237566009164, "median": 0.01708984375, "min": 0.0029296875, "var": 0.0020420064684}, "barkbands": {"dmean": [0.00036106625339, 0.00758363399655, 0.00335684604943, 0.0026383146178, 0.00537634268403, 0.0013701521093, 0.00128079380374, 0.000554543803446, 0.000294111523544, 0.000156784852152, 9.1488182079e-05, 7.07770886947e-05, 7.75728112785e-05, 7.53937711124e-05, 6.9897119829e-05, 5.01026224811e-05, 6.22887091595e-05, 3.44070431311e-05, 4.33629938925e-05, 3.41373415722e-05, 2.65878043137e-05, 1.83891934284e-05, 1.05810540845e-05, 9.68306540017e-06, 1.12538609756e-05, 9.72097132035e-06, 7.98972905613e-06], "dmean2": [0.00066642818274, 0.0139282438904, 0.0059632412158, 0.00466820597649, 0.00930601824075, 0.0021733653266, 0.00237708678469, 0.00101617886685, 0.000445596029749, 0.000254315149505, 0.000150132589624, 0.000118681200547, 0.000128304265672, 0.000129244479467, 0.000112860412628, 8.26281975606e-05, 0.00010289925558, 5.56493723707e-05, 7.14734851499e-05, 5.13401682838e-05, 3.88665685023e-05, 2.74204576272e-05, 1.57703907462e-05, 1.3895804841e-05, 1.73485477717e-05, 1.54072913574e-05, 1.37747665576e-05], "dvar": [1.72515342456e-06, 0.00047440250637, 0.000102523168607, 3.53283103323e-05, 0.000172112107975, 1.02314670585e-05, 4.38608003606e-05, 9.34245872486e-06, 1.17145293643e-06, 2.72969799653e-07, 1.47885643287e-07, 3.8415478798e-08, 2.67271342835e-08, 3.46644988269e-08, 2.71197198032e-08, 1.51857779684e-08, 3.65987986584e-08, 7.06551173124e-09, 1.4488423794e-08, 9.05037556009e-09, 4.53938575617e-09, 1.76410686059e-09, 5.36028332832e-10, 4.03853339659e-10, 7.45727646301e-10, 6.53782139537e-10, 3.97607391456e-10], "dvar2": [4.87679562866e-06, 0.0013889321126, 0.000301447813399, 9.58647578955e-05, 0.000484179938212, 2.79497471638e-05, 0.000125327627757, 2.73504210782e-05, 2.81367101707e-06, 7.24883477687e-07, 3.91566317148e-07, 9.3481553165e-08, 6.45886117923e-08, 9.28081789198e-08, 6.53108287452e-08, 3.81551181761e-08, 9.28863244098e-08, 1.59699276026e-08, 3.70960933083e-08, 1.95599589858e-08, 9.04900154808e-09, 3.34276206715e-09, 1.15572218462e-09, 7.99368848892e-10, 1.79105585918e-09, 1.55874557706e-09, 1.0124803218e-09], "max": [0.0116551201791, 0.252737700939, 0.108336120844, 0.0582765489817, 0.136412993073, 0.0390960127115, 0.0678954347968, 0.0421477966011, 0.0118985883892, 0.00800650380552, 0.00697454810143, 0.00285410718061, 0.00251372414641, 0.00207622209564, 0.00285993237048, 0.00166456145234, 0.00272036064416, 0.00143724982627, 0.00161465222482, 0.00123832968529, 0.000848450639751, 0.000590880517848, 0.00038223573938, 0.000292353564873, 0.000386129191611, 0.000380343961297, 0.000157973132445], "mean": [0.000249596458161, 0.0104894591495, 0.0068969167769, 0.00374100566842, 0.00917532853782, 0.00247371732257, 0.000911757408176, 0.000503048766404, 0.000353948038537, 0.000218016924919, 9.59222816164e-05, 8.71987649589e-05, 0.000117605413834, 9.8403688753e-05, 0.000108054817247, 7.91192360339e-05, 9.1366317065e-05, 5.87891918258e-05, 6.89960288582e-05, 5.09886158397e-05, 3.69842127839e-05, 2.61824825429e-05, 1.44116174852e-05, 1.31221931952e-05, 1.19914711831e-05, 8.75262321642e-06, 5.76580714551e-06], "median": [2.87744151137e-05, 0.00783115345985, 0.00478016026318, 0.00243511237204, 0.00558427255601, 0.000949631619733, 0.000105576575152, 9.80481418082e-05, 6.12524672761e-05, 5.48655807506e-05, 2.10300422623e-05, 1.38659488584e-05, 5.20438916283e-05, 3.79463890567e-05, 4.16894545197e-05, 3.9441154513e-05, 2.69826341537e-05, 2.07426164707e-05, 3.01063664665e-05, 1.8275808543e-05, 7.80718892202e-06, 5.59393356525e-06, 3.2754003314e-06, 2.81946677205e-06, 1.88294302461e-06, 7.6174978858e-07, 8.44121785804e-08], "min": [2.35985594095e-23, 1.07953540175e-23, 4.39032411533e-24, 6.07088924867e-23, 4.00235080478e-23, 9.54024712947e-24, 8.04946283949e-23, 3.66814798901e-23, 1.22303555863e-22, 3.87076312599e-23, 6.96443010275e-23, 1.57390523827e-22, 1.80907704346e-22, 1.09389789249e-22, 1.35444829963e-22, 2.0796389159e-22, 1.32698256104e-22, 1.54375989697e-22, 1.92155447216e-22, 2.87224381809e-22, 7.74890367916e-22, 6.97791975045e-22, 5.30608140665e-22, 7.44219052024e-22, 1.27240734609e-21, 1.49108282019e-21, 2.34315932755e-21], "var": [1.07107598524e-06, 0.000289079820504, 7.96190506662e-05, 2.77322469628e-05, 0.000158112656209, 1.52499360411e-05, 2.52596037171e-05, 5.2621312534e-06, 1.19771164009e-06, 2.67171998303e-07, 1.19515547681e-07, 4.69945362624e-08, 4.74390482452e-08, 3.72302650931e-08, 4.64689442481e-08, 1.93717824004e-08, 4.3670326022e-08, 1.45976120081e-08, 1.73522849423e-08, 1.28590018633e-08, 7.54818696436e-09, 3.36948113855e-09, 9.89777815263e-10, 7.68067109913e-10, 8.50769621419e-10, 6.44657771609e-10, 3.02001867958e-10]}, "erbbands": {"dmean": [0.21528981626, 1.74352312088, 3.6958091259, 6.54755306244, 20.5080337524, 13.2677097321, 8.83487701416, 12.6714515686, 8.85081863403, 30.2142753601, 6.12518644333, 8.80116462708, 4.67825126648, 5.04698133469, 2.68077635765, 3.18531632423, 3.73149418831, 3.72666430473, 3.39766931534, 3.37858223915, 2.86759185791, 3.09867501259, 2.22271752357, 2.30448150635, 1.81720876694, 1.55601358414, 1.20068109035, 0.979720473289, 0.675660967827, 0.490667432547, 0.266274422407, 0.195719048381, 0.170182749629, 0.110355630517, 0.0901144221425, 0.0440069064498, 0.0183071698993, 0.00510781211779, 0.00127042585518, 0.000121290293464], "dmean2": [0.381030321121, 3.25317907333, 6.82722330093, 11.5008144379, 34.9958877563, 23.1460056305, 14.5772838593, 19.5878753662, 15.6929254532, 56.7045898438, 10.70266819, 13.6399183273, 7.47028541565, 8.23382568359, 4.41972255707, 5.32911491394, 6.14495277405, 6.3401556015, 5.48758506775, 5.51722192764, 4.76028871536, 5.09220504761, 3.57815790176, 3.88849949837, 2.77120375633, 2.38094568253, 1.81281030178, 1.39507448673, 0.991793811321, 0.744367718697, 0.384535253048, 0.276495277882, 0.251884937286, 0.167073026299, 0.142168194056, 0.0689823403955, 0.0294227562845, 0.00852346327156, 0.00218576192856, 0.00021227329853], "dvar": [0.338356941938, 25.4259700775, 149.957321167, 198.789199829, 2892.00463867, 934.765625, 431.784179688, 837.789245605, 1366.08081055, 29406.2929688, 862.431396484, 1136.57055664, 129.072723389, 448.654144287, 72.5413208008, 66.22605896, 57.6463279724, 76.7014694214, 91.1857070923, 48.3373222351, 64.2536697388, 97.5260162354, 33.2372703552, 35.0123291016, 26.1082191467, 19.4102611542, 8.92965316772, 6.25305175781, 2.6979868412, 1.09989857674, 0.328651458025, 0.147270560265, 0.152028381824, 0.0635731741786, 0.0518778562546, 0.0122942160815, 0.00281333690509, 0.000160965690156, 9.60524084803e-06, 7.86955283161e-08], "dvar2": [0.947085380554, 75.7337722778, 441.041748047, 560.2734375, 8062.75195312, 2663.94921875, 1219.98962402, 2210.03100586, 3863.05615234, 85366.46875, 2452.97949219, 2749.30371094, 341.213256836, 1097.48376465, 188.420974731, 167.990707397, 136.879364014, 209.179412842, 218.412643433, 121.578605652, 168.965072632, 243.422073364, 72.5866699219, 91.9094848633, 57.9388694763, 43.9607772827, 19.2316379547, 11.3761386871, 5.2176656723, 2.45963311195, 0.654965162277, 0.260002613068, 0.328742206097, 0.144016578794, 0.126113936305, 0.0287965368479, 0.00688082026318, 0.000394931645133, 2.43177728407e-05, 2.03849140235e-07], "max": [6.5370926857, 58.39087677, 118.994812012, 127.015075684, 529.324890137, 336.62701416, 242.409011841, 379.649475098, 416.149627686, 2010.62072754, 378.654449463, 369.655212402, 144.640380859, 284.242736816, 134.768768311, 119.892097473, 105.542747498, 102.438072205, 177.260406494, 120.714668274, 105.877555847, 144.600601196, 106.749694824, 84.4218978882, 66.367477417, 59.0169525146, 34.9541091919, 28.8880195618, 26.6934738159, 14.7177400589, 8.64687156677, 6.68774318695, 5.68383836746, 3.69593381882, 3.2770793438, 1.50858330727, 0.863344788551, 0.199511915445, 0.0242520477623, 0.001871011802], "mean": [0.283590942621, 2.4532315731, 6.04425668716, 13.3978042603, 27.5483417511, 25.5602588654, 17.5041484833, 23.6265697479, 9.91860485077, 20.5983428955, 6.46697044373, 10.1304521561, 7.5374121666, 5.32067012787, 3.21068334579, 4.34679841995, 5.7605342865, 5.26580190659, 5.35864639282, 5.23653030396, 4.61270713806, 4.67128038406, 3.90841674805, 3.67849469185, 2.83851909637, 2.34295034409, 1.78812205791, 1.33074331284, 0.95965474844, 0.647008419037, 0.381074786186, 0.287353307009, 0.209664091468, 0.126791507006, 0.0898707434535, 0.0429140627384, 0.0156148420647, 0.0040263524279, 0.000941681151744, 0.000111295252282], "median": [0.194152966142, 1.87207424641, 3.96774721146, 9.7904624939, 12.757982254, 14.4412727356, 10.6555080414, 9.12619018555, 3.19399356842, 2.08602929115, 1.88189864159, 1.92058646679, 2.30853796005, 0.901234745979, 1.10765397549, 1.02131462097, 2.80261850357, 2.67075181007, 2.02550077438, 2.51966905594, 2.04099869728, 1.53094863892, 1.46540176868, 1.56844902039, 1.11400032043, 0.886560201645, 0.498377621174, 0.276283025742, 0.203457474709, 0.125677317381, 0.0906222015619, 0.0723215639591, 0.0391255021095, 0.0222329832613, 0.0124436356127, 0.00470800884068, 0.00110214727465, 0.000160274532391, 3.46497035935e-05, 3.78769545932e-05], "min": [5.29516559121e-22, 1.59714369215e-21, 6.0261678783e-21, 1.02117902312e-19, 1.53633702736e-19, 2.02723149778e-19, 4.49832449334e-20, 7.38563590307e-20, 4.4058307082e-19, 1.58425187793e-18, 1.31321581047e-18, 2.76190291896e-18, 1.63951953697e-18, 2.45043116123e-18, 3.0688857743e-18, 6.83872026378e-18, 8.16388966127e-18, 8.02304644556e-18, 4.62389950591e-18, 1.05784290421e-17, 9.50166322336e-18, 7.99897797127e-18, 7.9330665657e-18, 1.21329867904e-17, 9.22007936232e-18, 1.36672951573e-17, 2.51526384056e-17, 2.98516446704e-17, 2.31015911372e-17, 2.30087169524e-17, 1.44287132568e-17, 1.32316604877e-17, 1.44172386074e-17, 1.30548795831e-17, 8.11090874304e-18, 5.54524305068e-18, 3.12462699424e-18, 1.09296211857e-18, 3.26702117361e-19, 3.6092342587e-20], "var": [0.232872411609, 14.7950706482, 93.8098983765, 191.216522217, 2321.73144531, 1041.74475098, 518.937805176, 1539.43713379, 921.838684082, 16218.7617188, 542.77355957, 1071.55395508, 188.704193115, 423.657165527, 65.8718566895, 89.4854049683, 101.218292236, 82.3871383667, 152.215484619, 78.7178649902, 75.0255661011, 110.116752625, 66.4174575806, 46.2030143738, 35.5318222046, 25.9767589569, 14.4493875504, 10.9797019958, 4.99734592438, 1.90278315544, 0.67862290144, 0.343263089657, 0.232917830348, 0.0847472250462, 0.0546897165477, 0.013373369351, 0.00255223107524, 0.000138893024996, 7.41061876397e-06, 5.81227688201e-08]}, "gfcc": {"mean": [-110.55480957, 145.90246582, -57.8866729736, 43.1429176331, -31.5219173431, -0.583257257938, -31.4992313385, -2.10019993782, -18.8575687408, -5.21336174011, -12.9941587448, -7.61436128616, -6.37917470932], "cov": [[30483.8515625, -3319.83984375, -5033.77539062, 1893.8951416, -986.550476074, 1087.24157715, -1397.19287109, 278.402404785, -1212.3371582, 766.803649902, -339.178161621, 566.170593262, 124.842094421], [-3319.83984375, 2322.14526367, 449.395080566, -71.8847427368, 416.221343994, -269.268341064, 370.248504639, -95.2397613525, 313.484985352, -212.077804565, 170.144805908, -246.834121704, 13.0888738632], [-5033.77539062, 449.395080566, 1620.18664551, -248.530212402, 184.802398682, -198.582809448, 260.12612915, 5.86111879349, 254.622665405, -153.584655762, -33.801776886, -84.6499328613, -26.4323310852], [1893.8951416, -71.8847427368, -248.530212402, 586.512207031, -103.951171875, 95.4391784668, -41.3304481506, -15.3066987991, 4.16955423355, -40.1354103088, -5.81678199768, 1.4141036272, 88.4649658203], [-986.550476074, 416.221343994, 184.802398682, -103.951171875, 298.740112305, -69.0801086426, 85.0512695312, -44.4156188965, 39.5631904602, -15.2224092484, 55.2399482727, -49.7877044678, -27.3581771851], [1087.24157715, -269.268341064, -198.582809448, 95.4391784668, -69.0801086426, 142.818939209, -37.2297592163, 35.7105941772, -58.3601913452, 26.8756351471, -24.5472793579, 30.1116333008, 2.39158463478], [-1397.19287109, 370.248504639, 260.12612915, -41.3304481506, 85.0512695312, -37.2297592163, 190.648880005, 2.42606759071, 103.532226562, -73.3556594849, 15.2372751236, -60.0127906799, -1.36203980446], [278.402404785, -95.2397613525, 5.86111879349, -15.3066987991, -44.4156188965, 35.7105941772, 2.42606759071, 89.1422119141, -1.84416604042, 13.3815059662, -33.3768310547, 5.07725286484, -22.6869297028], [-1212.3371582, 313.484985352, 254.622665405, 4.16955423355, 39.5631904602, -58.3601913452, 103.532226562, -1.84416604042, 147.620285034, -54.1795692444, 16.6914768219, -50.3362197876, 1.65209424496], [766.803649902, -212.077804565, -153.584655762, -40.1354103088, -15.2224092484, 26.8756351471, -73.3556594849, 13.3815059662, -54.1795692444, 85.7787475586, -1.48313951492, 30.6116771698, -25.0960388184], [-339.178161621, 170.144805908, -33.801776886, -5.81678199768, 55.2399482727, -24.5472793579, 15.2372751236, -33.3768310547, 16.6914768219, -1.48313951492, 70.5034103394, -5.14737176895, 1.71580052376], [566.170593262, -246.834121704, -84.6499328613, 1.4141036272, -49.7877044678, 30.1116333008, -60.0127906799, 5.07725286484, -50.3362197876, 30.6116771698, -5.14737176895, 68.7812271118, 14.8361968994], [124.842094421, 13.0888738632, -26.4323310852, 88.4649658203, -27.3581771851, 2.39158463478, -1.36203980446, -22.6869297028, 1.65209424496, -25.0960388184, 1.71580052376, 14.8361968994, 61.7092132568]], "icov": [[0.000166916273884, -0.000133850189741, 0.000308757764287, -0.000488769961521, -9.78658426902e-05, -0.000127451479784, 0.000231284109759, -0.000190020597074, 0.00034722572309, -0.000688148429617, 0.000972570676822, -0.000688521249685, 0.000269785377895], [-0.000133850189741, 0.00148343318142, 4.16647853854e-05, 0.000548898417037, -0.000825449184049, 0.00116174726281, -0.0006187655963, -0.000629496527836, -0.00106292846613, 0.00195508915931, -0.0027039735578, 0.00331011600792, -0.00136604625732], [0.000308757764287, 4.16647853854e-05, 0.00187859404832, -0.000596985570155, -0.000936352123972, 0.000830378499813, -8.39439962874e-05, -0.000473477644846, -0.00107029406354, 0.000436550675659, 0.0031362392474, -0.00211250712164, 0.00103067350574], [-0.000488769961521, 0.000548898417037, -0.000596985570155, 0.00450886785984, 0.000341160484822, -0.00194175669458, 0.000989982159808, 0.000505367934238, -0.0025918839965, 0.00348944053985, -0.00337767461315, 0.00444328831509, -0.00489884382114], [-9.78658426902e-05, -0.000825449184049, -0.000936352123972, 0.000341160484822, 0.00634679198265, 0.000157261863933, -0.00207356107421, 0.00248297350481, 0.00229909666814, -0.00224349857308, -0.00274020549841, 0.00127113901544, 0.00195432896726], [-0.000127451479784, 0.00116174726281, 0.000830378499813, -0.00194175669458, 0.000157261863933, 0.0139682199806, -0.00389931583777, -0.00376393389888, 0.00298455078155, 0.000191119266674, -0.000195009968593, -0.00107847328763, 0.0014718278544], [0.000231284109759, -0.0006187655963, -8.39439962874e-05, 0.000989982159808, -0.00207356107421, -0.00389931583777, 0.0143248923123, -0.00254613347352, -0.00454669259489, 0.00585891818628, 6.72028400004e-05, 0.00301738549024, -0.00140276353341], [-0.000190020597074, -0.000629496527836, -0.000473477644846, 0.000505367934238, 0.00248297350481, -0.00376393389888, -0.00254613347352, 0.0189917124808, -0.00224267807789, -0.00177932507358, 0.00675560953096, -0.00348160369322, 0.00774892698973], [0.00034722572309, -0.00106292846613, -0.00107029406354, -0.0025918839965, 0.00229909666814, 0.00298455078155, -0.00454669259489, -0.00224267807789, 0.0175557825714, -0.00244769942947, -0.00139279500581, 0.00228351866826, 0.000783244380727], [-0.000688148429617, 0.00195508915931, 0.000436550675659, 0.00348944053985, -0.00224349857308, 0.000191119266674, 0.00585891818628, -0.00177932507358, -0.00244769942947, 0.0308184158057, -0.0068467957899, -0.000990615109913, 0.00766258407384], [0.000972570676822, -0.0027039735578, 0.0031362392474, -0.00337767461315, -0.00274020549841, -0.000195009968593, 6.72028400004e-05, 0.00675560953096, -0.00139279500581, -0.0068467957899, 0.0309782270342, -0.0129757914692, 0.00558045739308], [-0.000688521249685, 0.00331011600792, -0.00211250712164, 0.00444328831509, 0.00127113901544, -0.00107847328763, 0.00301738549024, -0.00348160369322, 0.00228351866826, -0.000990615109913, -0.0129757914692, 0.0383810326457, -0.0165226981044], [0.000269785377895, -0.00136604625732, 0.00103067350574, -0.00489884382114, 0.00195432896726, 0.0014718278544, -0.00140276353341, 0.00774892698973, 0.000783244380727, 0.00766258407384, 0.00558045739308, -0.0165226981044, 0.0339531116188]]}, "melbands": {"dmean": [0.00202738703229, 0.00204364024103, 0.00144944025669, 0.00135643885005, 0.000336736091413, 0.000270120217465, 0.000172289248439, 0.000296767073451, 3.56327655027e-05, 5.17790795129e-05, 2.26870852202e-05, 2.10365305975e-05, 1.04252503661e-05, 7.73217379901e-06, 8.41050677991e-06, 6.93207584845e-06, 7.76696560933e-06, 5.705298463e-06, 4.51465575679e-06, 4.19110574512e-06, 3.64220272786e-06, 3.41816553373e-06, 2.76242735708e-06, 1.68829490121e-06, 2.02783621717e-06, 1.51610026933e-06, 1.32300658606e-06, 1.00037766515e-06, 8.00088059805e-07, 6.91215291226e-07, 5.64890228816e-07, 4.16694575733e-07, 3.06547178752e-07, 2.64351484702e-07, 1.57730937644e-07, 1.33079183229e-07, 1.15312893456e-07, 1.1891532381e-07, 1.14457478162e-07, 8.77017143353e-08], "dmean2": [0.00367605430074, 0.0038284403272, 0.00254453113303, 0.00236467760988, 0.000548607553355, 0.000419788586441, 0.00031166896224, 0.000555501610506, 5.86736932746e-05, 7.99849658506e-05, 3.7100911868e-05, 3.46354281646e-05, 1.72756681422e-05, 1.27639714265e-05, 1.41170767165e-05, 1.13070018415e-05, 1.3372412468e-05, 9.3346752692e-06, 7.31004593035e-06, 6.88399541104e-06, 6.10995630268e-06, 5.62582954444e-06, 4.50167362942e-06, 2.7450532798e-06, 3.47352988683e-06, 2.44893749368e-06, 2.02264595828e-06, 1.56090993642e-06, 1.24176517602e-06, 1.03491174741e-06, 8.00455495664e-07, 6.23190942406e-07, 4.48385520713e-07, 4.17833376787e-07, 2.32273080769e-07, 1.96040247147e-07, 1.61477117899e-07, 1.76411276698e-07, 1.75357385501e-07, 1.35336932772e-07], "dvar": [3.20620165439e-05, 4.41178963229e-05, 1.09627062557e-05, 1.13762325782e-05, 5.59866521144e-07, 3.81321541454e-07, 6.16656507191e-07, 2.82684459307e-06, 2.06434584982e-08, 3.92028383089e-08, 3.09704373258e-09, 8.11565836756e-09, 1.51340451282e-09, 3.8811909242e-10, 5.15386400224e-10, 2.08579112315e-10, 3.33069571923e-10, 2.56658444497e-10, 1.10169089129e-10, 6.63060301109e-11, 1.06110752129e-10, 1.04704626913e-10, 7.74191682984e-11, 1.6693446972e-11, 2.5591190625e-11, 2.10844119941e-11, 1.37764218436e-11, 8.0099069738e-12, 4.02483992315e-12, 3.51786568625e-12, 1.99769085822e-12, 1.10430035342e-12, 4.25909524662e-13, 3.5259905347e-13, 1.21920865331e-13, 7.98624133404e-14, 5.0520433106e-14, 7.75211939454e-14, 7.24039019928e-14, 4.47690658417e-14], "dvar2": [9.27097498788e-05, 0.000130589338369, 3.02746520902e-05, 3.22173764289e-05, 1.57990427851e-06, 1.01986165646e-06, 1.74552712906e-06, 8.21595494926e-06, 5.56332224733e-08, 9.52096641527e-08, 8.63360227754e-09, 2.03123420306e-08, 4.06641209594e-09, 9.57902868137e-10, 1.28871724403e-09, 4.92443974487e-10, 9.22508791579e-10, 6.30812513336e-10, 2.73536221451e-10, 1.67289571085e-10, 2.8431454413e-10, 2.63171234804e-10, 1.83850420998e-10, 4.02658462129e-11, 6.79556758088e-11, 5.42189002029e-11, 2.88956636396e-11, 1.91169406694e-11, 9.038250183e-12, 7.53144682036e-12, 3.70807204386e-12, 2.2417230832e-12, 8.18717435427e-13, 8.52401753782e-13, 2.53061298045e-13, 1.5545842337e-13, 9.29015843204e-14, 1.63700121709e-13, 1.67146922388e-13, 1.05703863902e-13], "max": [0.0656160190701, 0.0689290761948, 0.0305790007114, 0.0348976738751, 0.00973696541041, 0.00797447189689, 0.0086516411975, 0.0202581975609, 0.00190416048281, 0.00218483735807, 0.000703728990629, 0.001149850199, 0.000684200786054, 0.000284966634354, 0.000314706470817, 0.000255475548329, 0.00019588926807, 0.000270882068435, 0.000142138072988, 0.000106846782728, 0.000145905782119, 0.000140827163705, 0.000135241178214, 7.08846419002e-05, 7.96161402832e-05, 5.93451004534e-05, 4.08483938372e-05, 3.92232504964e-05, 2.446122744e-05, 2.43552967731e-05, 1.49599527504e-05, 1.74161941686e-05, 8.78692662809e-06, 8.40372013045e-06, 4.90314414492e-06, 5.46761930309e-06, 3.85855128116e-06, 5.67213010072e-06, 3.33687194143e-06, 3.32036552209e-06], "mean": [0.00284011149779, 0.00338440830819, 0.00267125363462, 0.00211144285277, 0.000730456085876, 0.000501980015542, 0.000160236173542, 0.000208076278795, 4.44887264166e-05, 6.07727524766e-05, 3.50947993866e-05, 2.09711815842e-05, 1.13099395094e-05, 1.01237947092e-05, 1.13924779725e-05, 1.11336021291e-05, 1.01306322904e-05, 8.56134465721e-06, 6.95042126608e-06, 6.2830895331e-06, 5.57019529879e-06, 5.02426655657e-06, 4.15278327637e-06, 2.79384425994e-06, 3.07587242787e-06, 2.24648215408e-06, 1.80746906153e-06, 1.49006780248e-06, 1.19792207443e-06, 8.97791267107e-07, 7.30012857275e-07, 5.62975117191e-07, 4.4238865371e-07, 3.2409067785e-07, 2.19545341906e-07, 1.90062749539e-07, 1.66831398474e-07, 1.4783981328e-07, 1.29930370463e-07, 9.77000667035e-08], "median": [0.00206051045097, 0.0024487413466, 0.00186011195183, 0.00121036113705, 0.000473600055557, 0.000195584318135, 3.49746696884e-05, 2.12473805732e-05, 1.40865058711e-05, 1.0897680113e-05, 1.06292018245e-05, 2.92204413199e-06, 2.76516084341e-06, 2.44122156801e-06, 4.71512566946e-06, 4.25977032137e-06, 4.40806525148e-06, 3.00340184367e-06, 2.76617447525e-06, 3.4362255974e-06, 1.97093822862e-06, 1.39988947012e-06, 1.54943506914e-06, 1.01429304777e-06, 1.25137489704e-06, 9.38409073115e-07, 5.35788785783e-07, 6.00509565629e-07, 3.54886935838e-07, 1.76399964857e-07, 1.46948181623e-07, 1.20126969705e-07, 7.71958212908e-08, 6.19760243126e-08, 4.91677241143e-08, 4.75451749082e-08, 4.00959052627e-08, 2.7259885016e-08, 2.13542463712e-08, 1.67504978776e-08], "min": [4.4043173245e-24, 2.39296478813e-24, 2.03346016602e-23, 1.31948101448e-23, 2.61210995317e-24, 1.62386800403e-24, 9.9413158466e-24, 1.49660703009e-23, 1.27608632829e-23, 1.67014948726e-23, 7.4739782384e-24, 9.1651587574e-24, 9.21064447719e-24, 1.90549682978e-23, 1.4942783127e-23, 1.81576816166e-23, 1.47760747296e-23, 5.24186001948e-24, 1.28297860602e-23, 1.48548850895e-23, 1.0043687904e-23, 7.15089946581e-24, 8.60845803886e-24, 7.56738252502e-24, 1.0307311019e-23, 5.35853215293e-24, 9.77153720258e-24, 7.99156250009e-24, 1.18554852554e-23, 2.21811183578e-23, 1.579623123e-23, 1.47796246037e-23, 1.09782474741e-23, 1.23548405193e-23, 8.46481593435e-24, 7.18907796704e-24, 8.62752401808e-24, 9.21750914479e-24, 1.21593844528e-23, 1.1033759616e-23], "var": [2.03226391022e-05, 2.64580794465e-05, 9.25011136133e-06, 9.67051255429e-06, 7.71014754264e-07, 6.5663539317e-07, 3.83967005746e-07, 1.56013209107e-06, 1.59012127909e-08, 3.7769883221e-08, 4.13514866793e-09, 7.28389837334e-09, 1.21832788302e-09, 5.09906672441e-10, 5.58726620525e-10, 5.29848165343e-10, 3.44070300029e-10, 3.98694605108e-10, 1.59513721676e-10, 1.00419075832e-10, 1.27733698618e-10, 1.29774330171e-10, 9.66983507156e-11, 2.91962044818e-11, 3.35908696691e-11, 2.25828349076e-11, 1.87895029397e-11, 1.01315518475e-11, 6.30903749382e-12, 5.04604908205e-12, 3.39021215615e-12, 1.82718922458e-12, 9.36756206459e-13, 5.13666691647e-13, 2.33818552627e-13, 1.67950438171e-13, 1.15341601287e-13, 1.25278951167e-13, 9.35489343325e-14, 5.3496940764e-14]}, "mfcc": {"mean": [-754.382751465, 161.983963013, 38.3022651672, 51.2613449097, 23.6387958527, 11.6989545822, 2.922549963, 1.33342194557, -0.163459450006, 1.86600804329, -1.84858393669, -2.60826921463, -5.06281995773], "cov": [[18387.9648438, -77.0141906738, -3254.50097656, -285.302947998, -313.596557617, 76.6019821167, -98.5360031128, -382.566986084, -463.162445068, -191.628829956, -349.947509766, -301.046905518, -218.856231689], [-77.0141906738, 1460.14978027, 301.500427246, 299.197418213, 218.812484741, 68.4047088623, 45.7301445007, 14.2871608734, -4.02327156067, 5.81464624405, -2.72828102112, 1.32294046879, -24.9468822479], [-3254.50097656, 301.500427246, 1277.06726074, 234.316238403, 107.981575012, -17.7873287201, 16.3727741241, 159.516479492, 200.484222412, 59.4014892578, 71.5195846558, 49.256275177, 52.2238998413], [-285.302947998, 299.197418213, 234.316238403, 257.65032959, 82.9985275269, 36.788772583, -11.5515108109, 38.1640510559, 33.2693557739, 18.767124176, -7.54959249496, 4.89963531494, 11.3406391144], [-313.596557617, 218.812484741, 107.981575012, 82.9985275269, 146.909484863, 27.6246604919, 13.6065807343, -11.738825798, -13.1722688675, -2.06433916092, 12.3372926712, 3.92350578308, 2.05814003944], [76.6019821167, 68.4047088623, -17.7873287201, 36.788772583, 27.6246604919, 82.7933120728, 33.0063743591, 12.3078756332, -3.10397815704, 4.58423471451, -2.59126663208, 1.6324775219, 2.30338358879], [-98.5360031128, 45.7301445007, 16.3727741241, -11.5515108109, 13.6065807343, 33.0063743591, 66.6854705811, 19.1363658905, -3.74153280258, 1.8535733223, 6.84327507019, 2.80534410477, -2.57975721359], [-382.566986084, 14.2871608734, 159.516479492, 38.1640510559, -11.738825798, 12.3078756332, 19.1363658905, 90.319519043, 56.9022789001, 12.8400058746, 6.51320028305, 6.68725395203, 4.75384950638], [-463.162445068, -4.02327156067, 200.484222412, 33.2693557739, -13.1722688675, -3.10397815704, -3.74153280258, 56.9022789001, 92.2408828735, 27.2457790375, 5.31720304489, 3.24961256981, 8.42623615265], [-191.628829956, 5.81464624405, 59.4014892578, 18.767124176, -2.06433916092, 4.58423471451, 1.8535733223, 12.8400058746, 27.2457790375, 46.8318977356, 24.6647148132, 5.0065536499, 1.24720978737], [-349.947509766, -2.72828102112, 71.5195846558, -7.54959249496, 12.3372926712, -2.59126663208, 6.84327507019, 6.51320028305, 5.31720304489, 24.6647148132, 61.2422599792, 31.9581661224, 6.51908016205], [-301.046905518, 1.32294046879, 49.256275177, 4.89963531494, 3.92350578308, 1.6324775219, 2.80534410477, 6.68725395203, 3.24961256981, 5.0065536499, 31.9581661224, 57.8236999512, 22.5873260498], [-218.856231689, -24.9468822479, 52.2238998413, 11.3406391144, 2.05814003944, 2.30338358879, -2.57975721359, 4.75384950638, 8.42623615265, 1.24720978737, 6.51908016205, 22.5873260498, 40.8782501221]], "icov": [[0.000115447146527, -5.1716066082e-05, 0.000305217748974, -0.000154347493662, 0.000175913170096, -3.79086886824e-05, 4.89811973239e-05, 5.94512312091e-05, -0.000109952299681, 0.000168820377439, 1.77272431756e-05, 0.000282881432213, 8.72527816682e-05], [-5.1716066082e-05, 0.00111859862227, -0.000228483957471, -0.000985280727036, -0.00098816328682, 0.00014368785196, -0.000870487943757, 0.000306087255012, 0.000186213641427, -3.81941390515e-05, 0.000362727907486, -0.000609061506111, 0.00116360769607], [0.000305217748974, -0.000228483957471, 0.0026654289104, -0.00149578950368, -0.000510015175678, 0.00146063265856, -0.000897961552255, -0.00057403621031, -0.00376426219009, 0.00173784582876, -0.00214104587212, 0.00125595054124, -0.00117175269406], [-0.000154347493662, -0.000985280727036, -0.00149578950368, 0.00873800832778, -0.00310215516947, -0.00321063958108, 0.00545082287863, -0.00379783287644, 0.00267104175873, -0.00513429753482, 0.00513147888705, -0.00193826667964, -0.000959376629908], [0.000175913170096, -0.00098816328682, -0.000510015175678, -0.00310215516947, 0.0122443586588, -0.0025371548254, -0.00166381977033, 0.00436329096556, 0.000977060408331, 0.00409143837169, -0.00487631093711, 0.00288642849773, -0.000378470344003], [-3.79086886824e-05, 0.00014368785196, 0.00146063265856, -0.00321063958108, -0.0025371548254, 0.0189302470535, -0.00968400575221, -0.00154759734869, -0.000519644585438, -0.00249617150985, 0.00200882507488, -0.000939177407417, -0.00207882281393], [4.89811973239e-05, -0.000870487943757, -0.000897961552255, 0.00545082287863, -0.00166381977033, -0.00968400575221, 0.0247598662972, -0.00821539852768, 0.00629632221535, -0.00247317878529, 0.000382575177355, -0.000151086089318, 0.00131345039699], [5.94512312091e-05, 0.000306087255012, -0.00057403621031, -0.00379783287644, 0.00436329096556, -0.00154759734869, -0.00821539852768, 0.0242660716176, -0.0136149944738, 0.00618638237938, -0.00346776447259, -0.000227059368626, 0.00211534625851], [-0.000109952299681, 0.000186213641427, -0.00376426219009, 0.00267104175873, 0.000977060408331, -0.000519644585438, 0.00629632221535, -0.0136149944738, 0.0304908640683, -0.0155303832144, 0.00906462874264, -0.00139322166797, -0.000933258910663], [0.000168820377439, -3.81941390515e-05, 0.00173784582876, -0.00513429753482, 0.00409143837169, -0.00249617150985, -0.00247317878529, 0.00618638237938, -0.0155303832144, 0.0408142209053, -0.0228135567158, 0.00909086689353, -0.00028506439412], [1.77272431756e-05, 0.000362727907486, -0.00214104587212, 0.00513147888705, -0.00487631093711, 0.00200882507488, 0.000382575177355, -0.00346776447259, 0.00906462874264, -0.0228135567158, 0.0394773632288, -0.0206084307283, 0.00610679853708], [0.000282881432213, -0.000609061506111, 0.00125595054124, -0.00193826667964, 0.00288642849773, -0.000939177407417, -0.000151086089318, -0.000227059368626, -0.00139322166797, 0.00909086689353, -0.0206084307283, 0.0346007831395, -0.0158218815923], [8.72527816682e-05, 0.00116360769607, -0.00117175269406, -0.000959376629908, -0.000378470344003, -0.00207882281393, 0.00131345039699, 0.00211534625851, -0.000933258910663, -0.00028506439412, 0.00610679853708, -0.0158218815923, 0.0353459343314]]}, "spectral_contrast_coeffs": {"dmean": [0.0448513031006, 0.0433125756681, 0.0334018245339, 0.0260598398745, 0.015699531883, 0.0188370198011], "dmean2": [0.0758791938424, 0.0697870776057, 0.0547339059412, 0.0437799915671, 0.0258235204965, 0.0303517282009], "dvar": [0.00180794857442, 0.00140070484485, 0.000792677223217, 0.000458963040728, 0.000168170474353, 0.000489887606818], "dvar2": [0.00491527514532, 0.00367327383719, 0.00207107258029, 0.00123901572078, 0.000421542528784, 0.00110248115379], "max": [-0.366654157639, -0.45745947957, -0.589055895805, -0.625709533691, -0.711569309235, -0.641429007053], "mean": [-0.655483782291, -0.713370978832, -0.771832287312, -0.80852073431, -0.831197082996, -0.796650528908], "median": [-0.66014444828, -0.716892838478, -0.773427426815, -0.804841816425, -0.824915289879, -0.790359556675], "min": [-0.950750231743, -0.966207802296, -0.985066711903, -0.96495360136, -0.953145861626, -0.96173453331], "var": [0.00525840045884, 0.00624803826213, 0.00305681908503, 0.00296446424909, 0.00153210293502, 0.00212364969775]}, "spectral_contrast_valleys": {"dmean": [0.316016614437, 0.375061988831, 0.389363259077, 0.3522798419, 0.323006212711, 0.459598213434], "dmean2": [0.543028235435, 0.613134801388, 0.596974015236, 0.534424364567, 0.457518726587, 0.569130897522], "dvar": [0.182846188545, 0.265747576952, 0.321658074856, 0.372031360865, 0.367360293865, 0.375091642141], "dvar2": [0.294926047325, 0.453676462173, 0.538766860962, 0.64131462574, 0.598644793034, 0.629418075085], "max": [-4.82539