{"lowlevel": {"average_loudness": 0.963105082512, "barkbands_crest": {"dmean": 2.749553442, "dmean2": 4.62656402588, "dvar": 7.74870300293, "dvar2": 18.0997142792, "max": 26.5316886902, "mean": 13.071228981, "median": 11.2784442902, "min": 2.46612143517, "var": 33.2429428101}, "barkbands_flatness_db": {"dmean": 0.0339593887329, "dmean2": 0.050375521183, "dvar": 0.00143561011646, "dvar2": 0.00265745189972, "max": 0.613212645054, "mean": 0.22955712676, "median": 0.217175871134, "min": 0.0184135045856, "var": 0.00960763730109}, "barkbands_kurtosis": {"dmean": 14.0502414703, "dmean2": 22.3788108826, "dvar": 1869.55615234, "dvar2": 4616.79931641, "max": 1479.96728516, "mean": 26.8860149384, "median": 11.8805379868, "min": -1.88351583481, "var": 3751.91552734}, "barkbands_skewness": {"dmean": 0.996729016304, "dmean2": 1.57262480259, "dvar": 1.67287027836, "dvar2": 3.83420085907, "max": 31.2120819092, "mean": 3.54973697662, "median": 2.97750258446, "min": -4.22501993179, "var": 6.13421869278}, "barkbands_spread": {"dmean": 4.94596385956, "dmean2": 7.86964941025, "dvar": 60.8596801758, "dvar2": 138.171905518, "max": 107.634803772, "mean": 11.5110416412, "median": 7.9963760376, "min": 0.0540731102228, "var": 133.0184021}, "dissonance": {"dmean": 0.0184222199023, "dmean2": 0.0308274645358, "dvar": 0.000344029802363, "dvar2": 0.000937757606152, "max": 0.500000059605, "mean": 0.460743099451, "median": 0.46867492795, "min": 0.207215383649, "var": 0.000913331867196}, "dynamic_complexity": 2.90581679344, "erbbands_crest": {"dmean": 2.49164533615, "dmean2": 4.14592266083, "dvar": 5.5800909996, "dvar2": 14.7895927429, "max": 27.2747707367, "mean": 8.7636346817, "median": 7.94014072418, "min": 2.09762358665, "var": 13.2527923584}, "erbbands_flatness_db": {"dmean": 0.0193604137748, "dmean2": 0.0285259541124, "dvar": 0.000478213216411, "dvar2": 0.000937449920457, "max": 0.417619794607, "mean": 0.177205249667, "median": 0.172863677144, "min": 0.0274714827538, "var": 0.00293793156743}, "erbbands_kurtosis": {"dmean": 1.17750906944, "dmean2": 1.91002178192, "dvar": 4.28920221329, "dvar2": 9.95430278778, "max": 52.9203720093, "mean": 0.614481031895, "median": -0.518329143524, "min": -1.88900518417, "var": 13.0569610596}, "erbbands_skewness": {"dmean": 0.483224660158, "dmean2": 0.753412842751, "dvar": 0.279618233442, "dvar2": 0.633317828178, "max": 6.17764282227, "mean": 0.372940778732, "median": 0.224047541618, "min": -3.92122745514, "var": 1.09773552418}, "erbbands_spread": {"dmean": 9.20314788818, "dmean2": 14.8255615234, "dvar": 116.665908813, "dvar2": 295.144897461, "max": 198.505111694, "mean": 43.6931648254, "median": 42.7752571106, "min": 3.85951185226, "var": 310.530395508}, "hfc": {"dmean": 8.09232711792, "dmean2": 13.0553264618, "dvar": 278.274993896, "dvar2": 704.679138184, "max": 176.884231567, "mean": 16.596862793, "median": 13.261387825, "min": 1.10593518503e-16, "var": 289.989379883}, "melbands_crest": {"dmean": 3.21231627464, "dmean2": 5.26068353653, "dvar": 7.81009817123, "dvar2": 20.394613266, "max": 33.702255249, "mean": 18.0167064667, "median": 16.5239334106, "min": 1.99191427231, "var": 38.794708252}, "melbands_flatness_db": {"dmean": 0.0401964709163, "dmean2": 0.0597957186401, "dvar": 0.00204620044678, "dvar2": 0.00375839602202, "max": 0.75734847784, "mean": 0.346232682467, "median": 0.3352894485, "min": 0.00517053576186, "var": 0.0136160617694}, "melbands_kurtosis": {"dmean": 21.3367023468, "dmean2": 33.9890670776, "dvar": 1078.84790039, "dvar2": 2551.25952148, "max": 853.182739258, "mean": 48.0516662598, "median": 29.886882782, "min": -1.68281638622, "var": 2970.70458984}, "melbands_skewness": {"dmean": 1.15572273731, "dmean2": 1.85029864311, "dvar": 1.5291492939, "dvar2": 3.48132348061, "max": 21.0666370392, "mean": 4.92290115356, "median": 4.3899564743, "min": -1.32923650742, "var": 6.09062147141}, "melbands_spread": {"dmean": 4.57760858536, "dmean2": 7.38636255264, "dvar": 67.2445602417, "dvar2": 158.394607544, "max": 163.838912964, "mean": 9.35709953308, "median": 5.66547250748, "min": 0.177438855171, "var": 138.480636597}, "pitch_salience": {"dmean": 0.0775593668222, "dmean2": 0.129688560963, "dvar": 0.00632042717189, "dvar2": 0.0151374740526, "max": 0.946948826313, "mean": 0.514991700649, "median": 0.557897925377, "min": 0.0426057204604, "var": 0.0258653648198}, "silence_rate_20dB": {"dmean": 0.00450694048777, "dmean2": 0.00901469402015, "dvar": 0.00448588794097, "dvar2": 0.0110991802067, "max": 1, "mean": 0.995853960514, "median": 1, "min": 0, "var": 0.00413042958826}, "silence_rate_30dB": {"dmean": 0.0708491057158, "dmean2": 0.141710981727, "dvar": 0.0658219084144, "dvar2": 0.150853857398, "max": 1, "mean": 0.740693986416, "median": 1, "min": 0, "var": 0.192066296935}, "silence_rate_60dB": {"dmean": 0.000180277624168, "dmean2": 0.000360587757314, "dvar": 0.000180245129741, "dvar2": 0.000360450241715, "max": 1, "mean": 0.029202343896, "median": 0, "min": 0, "var": 0.0283493250608}, "spectral_centroid": {"dmean": 212.479690552, "dmean2": 333.177276611, "dvar": 89932.796875, "dvar2": 189052.734375, "max": 11384.7685547, "mean": 721.10723877, "median": 593.662902832, "min": 74.5970001221, "var": 320555.875}, "spectral_complexity": {"dmean": 3.94104909897, "dmean2": 5.88785743713, "dvar": 25.0367088318, "dvar2": 49.5536079407, "max": 59, "mean": 15.6789541245, "median": 15, "min": 0, "var": 76.1779098511}, "spectral_decrease": {"dmean": 5.90633764119e-09, "dmean2": 9.39732469618e-09, "dvar": 8.29770614313e-17, "dvar2": 1.77476867909e-16, "max": 3.14047523711e-17, "mean": -1.93568716611e-08, "median": -1.23243157901e-08, "min": -1.17844663805e-07, "var": 3.42017266313e-16}, "spectral_energy": {"dmean": 0.0227226149291, "dmean2": 0.036140434444, "dvar": 0.00120366469491, "dvar2": 0.00258037494496, "max": 0.448242813349, "mean": 0.0745625123382, "median": 0.0481600314379, "min": 1.02730209836e-20, "var": 0.00493592303246}, "spectral_energyband_high": {"dmean": 0.000376211100956, "dmean2": 0.000616607663687, "dvar": 2.03404033527e-06, "dvar2": 5.33985985385e-06, "max": 0.0178391486406, "mean": 0.000369665649487, "median": 5.68660834688e-05, "min": 6.94616518338e-21, "var": 1.63851734669e-06}, "spectral_energyband_low": {"dmean": 0.0205858461559, "dmean2": 0.0329321995378, "dvar": 0.00119164574426, "dvar2": 0.00256793061271, "max": 0.437034398317, "mean": 0.057790081948, "median": 0.0259549431503, "min": 3.95819415784e-23, "var": 0.00478994101286}, "spectral_energyband_middle_high": {"dmean": 0.00222846516408, "dmean2": 0.00369076966308, "dvar": 2.70259461104e-05, "dvar2": 7.17032453394e-05, "max": 0.0629507750273, "mean": 0.00327253784053, "median": 0.00195798277855, "min": 1.38632229392e-21, "var": 2.3821292416e-05}, "spectral_energyband_middle_low": {"dmean": 0.0065337670967, "dmean2": 0.0111201945692, "dvar": 0.000126650789753, "dvar2": 0.000361487705959, "max": 0.135845556855, "mean": 0.0157304033637, "median": 0.0118494937196, "min": 2.31687059468e-22, "var": 0.000203424016945}, "spectral_entropy": {"dmean": 0.236423701048, "dmean2": 0.35028848052, "dvar": 0.080991730094, "dvar2": 0.157605722547, "max": 9.8195066452, "mean": 6.94179534912, "median": 6.98427772522, "min": 4.51509618759, "var": 0.416498482227}, "spectral_flux": {"dmean": 0.0374463684857, "dmean2": 0.0576147064567, "dvar": 0.00321478256956, "dvar2": 0.00597023731098, "max": 0.633589208126, "mean": 0.104224480689, "median": 0.0855913460255, "min": 6.28424257076e-11, "var": 0.00557656632736}, "spectral_kurtosis": {"dmean": 4.98917579651, "dmean2": 8.17777347565, "dvar": 100.301246643, "dvar2": 247.658233643, "max": 252.343078613, "mean": 13.2277936935, "median": 9.05486965179, "min": -1.22588205338, "var": 309.309143066}, "spectral_rms": {"dmean": 0.00124390923884, "dmean2": 0.00198567821644, "dvar": 2.36309301727e-06, "dvar2": 4.86443377667e-06, "max": 0.0209119599313, "mean": 0.00763949053362, "median": 0.0068545890972, "min": 3.16582675873e-12, "var": 1.43820661833e-05}, "spectral_rolloff": {"dmean": 318.442993164, "dmean2": 553.883300781, "dvar": 636679.5625, "dvar2": 1622289.375, "max": 20047.4121094, "mean": 568.227905273, "median": 236.865234375, "min": 64.599609375, "var": 1743195.375}, "spectral_skewness": {"dmean": 0.431824982166, "dmean2": 0.690080285072, "dvar": 0.357744514942, "dvar2": 0.863098204136, "max": 13.4006309509, "mean": 2.46003508568, "median": 2.24419331551, "min": -0.0376209504902, "var": 1.33419442177}, "spectral_spread": {"dmean": 625595.375, "dmean2": 930582, "dvar": 1007890333700.0, "dvar2": 2122488348670.0, "max": 41639100, "mean": 3720792.25, "median": 3208262.75, "min": 305627.21875, "var": 5166156218370.0}, "spectral_strongpeak": {"dmean": 0.271714240313, "dmean2": 0.463768541813, "dvar": 0.17205311358, "dvar2": 0.490742892027, "max": 8.97200489044, "mean": 0.559241473675, "median": 0.46891567111, "min": 0, "var": 0.218043014407}, "zerocrossingrate": {"dmean": 0.00770603213459, "dmean2": 0.00937726255506, "dvar": 0.000108795553388, "dvar2": 0.000136324466439, "max": 0.6689453125, "mean": 0.0297444034368, "median": 0.02294921875, "min": 0.001953125, "var": 0.00139722297899}, "barkbands": {"dmean": [0.00125180487521, 0.0168199762702, 0.00738226249814, 0.00323362648487, 0.00311771174893, 0.000977274379693, 0.000573745463043, 0.000386317784432, 0.000308678048896, 0.000262441579252, 0.00014045451826, 0.000234691455262, 0.000572082120925, 0.000265848619165, 0.00032689498039, 0.000486670527607, 0.000318138860166, 0.000147228027345, 7.04308768036e-05, 5.00860733155e-05, 4.94363521284e-05, 5.09315177624e-05, 0.000126448445371, 7.41669791751e-05, 3.77313190256e-05, 1.79268408829e-05, 1.40907714012e-05], "dmean2": [0.00203245412558, 0.0253108143806, 0.0137812811881, 0.0053654583171, 0.00536162033677, 0.00166114827152, 0.000912486459129, 0.00068002048647, 0.000528680335265, 0.000439071212895, 0.000236084451899, 0.000406072387705, 0.00102960539516, 0.000447029713541, 0.000556267739739, 0.000839704705868, 0.000525256094988, 0.000240341119934, 0.000112158864795, 8.12540456536e-05, 7.92917562649e-05, 8.14267114038e-05, 0.000226076997933, 0.000122422658023, 5.96922327532e-05, 2.98523500533e-05, 2.24242357945e-05], "dvar": [4.47992806585e-06, 0.00109639042057, 0.000175260807737, 2.11827609746e-05, 3.01901709463e-05, 5.10609561388e-06, 1.75882428266e-06, 1.05050401089e-06, 6.53203983347e-07, 2.43420515744e-07, 9.58069037438e-08, 5.41300266832e-07, 7.18694445823e-06, 3.38695571145e-07, 5.2879283885e-07, 2.34794583776e-06, 4.5362196488e-07, 1.00102241163e-07, 3.95079347015e-08, 3.74302793205e-08, 4.43240750769e-08, 4.13010887712e-08, 3.6104489709e-07, 6.11077481949e-08, 1.14447118449e-08, 3.70811981121e-09, 1.40220435263e-09], "dvar2": [1.21294669952e-05, 0.00234146113507, 0.000522115267813, 5.91218049522e-05, 8.8420449174e-05, 1.44245241245e-05, 4.11247583543e-06, 2.90865000352e-06, 1.83496706541e-06, 6.26732287401e-07, 2.59344744791e-07, 1.51707388341e-06, 2.05566302611e-05, 8.50000901664e-07, 1.41397026709e-06, 6.50210631647e-06, 1.1619487168e-06, 2.48601025987e-07, 9.95110696067e-08, 9.60454826782e-08, 1.12864775303e-07, 1.04601618034e-07, 1.01659441043e-06, 1.59935240163e-07, 2.73977178722e-08, 9.55714707374e-09, 3.48634165981e-09], "max": [0.0330498814583, 0.394371300936, 0.156806826591, 0.065991602838, 0.081107519567, 0.0320427156985, 0.0396283306181, 0.0236850325018, 0.013846995309, 0.00829681102186, 0.00494530750439, 0.015023842454, 0.0447583720088, 0.0104538323358, 0.00921749975532, 0.0233172383159, 0.0117689948529, 0.00773432664573, 0.00394593784586, 0.00288258027285, 0.00284880632535, 0.00269906129688, 0.00879304856062, 0.00324880424887, 0.00229432014748, 0.000793211860582, 0.000421488046413], "mean": [0.0024465743918, 0.0430450551212, 0.00977767631412, 0.00581576861441, 0.00639494601637, 0.00157423294149, 0.000960021512583, 0.000422322569648, 0.000397502619307, 0.000368657521904, 0.000189537546248, 0.000268839125056, 0.000484279735247, 0.000298085826216, 0.000392997928429, 0.000522758346051, 0.000515266612638, 0.000212596918573, 8.20319328341e-05, 4.73275831609e-05, 4.34243083873e-05, 4.59901493741e-05, 9.51008842094e-05, 8.24032977107e-05, 4.91194150527e-05, 1.43971055877e-05, 1.57143040269e-05], "median": [0.00139822391793, 0.0119826681912, 0.00572204869241, 0.00318244029768, 0.00328416889533, 0.000922937353607, 0.000362767430488, 0.000154874913278, 0.000192566119949, 0.000171967010829, 9.25625645323e-05, 0.000119933320093, 0.000104819060653, 7.88154575275e-05, 0.000119107266073, 0.000157425529324, 0.000223125054617, 8.49954958539e-05, 2.22785984079e-05, 7.37982418286e-06, 4.19582556788e-06, 2.93527955364e-06, 5.82495795243e-06, 7.65146887716e-06, 2.93452967526e-06, 4.92380081596e-07, 2.94605138151e-06], "min": [5.56675553873e-24, 8.37781798714e-24, 1.85369414851e-24, 2.79490618264e-24, 2.32100596132e-23, 1.68997040637e-23, 1.49577178416e-23, 2.26148845706e-23, 4.91867080635e-23, 1.29322220153e-23, 4.56001677352e-23, 3.4167478004e-23, 5.83686703471e-23, 7.35702724262e-23, 7.01412770869e-23, 8.96811723826e-23, 9.31321674748e-23, 1.55233298485e-22, 1.95801675916e-22, 2.6522616874e-22, 3.48550024684e-22, 3.67146164658e-22, 4.56477278436e-22, 4.85086448813e-22, 6.86732574294e-22, 1.49101577332e-21, 2.2216584913e-21], "var": [9.84220059763e-06, 0.00426458660513, 0.000157006579684, 4.7802383051e-05, 6.48653294775e-05, 5.10467498316e-06, 3.86731244362e-06, 9.75167495199e-07, 5.70263978261e-07, 3.33925783025e-07, 9.84852661645e-08, 3.79915803705e-07, 4.32466822531e-06, 3.46429516185e-07, 5.63265416531e-07, 1.73274042936e-06, 6.7145816729e-07, 1.36221586899e-07, 3.91974666059e-08, 3.06287617491e-08, 3.65987524731e-08, 3.55585427769e-08, 2.26770097811e-07, 5.84140487092e-08, 1.66187703599e-08, 3.00699753986e-09, 1.38574796082e-09]}, "erbbands": {"dmean": [0.636920750141, 3.61080884933, 7.45192861557, 9.82972240448, 10.6162118912, 10.4273548126, 8.06636142731, 7.71919441223, 8.47906208038, 7.28431987762, 8.4098367691, 7.23532438278, 8.1230134964, 6.14268064499, 6.15402555466, 13.7903699875, 24.807926178, 13.5911006927, 15.5561351776, 23.0098190308, 20.4262695312, 17.6509380341, 9.00058078766, 4.5643863678, 3.07741832733, 2.36722946167, 2.11099362373, 1.91984319687, 1.81158554554, 1.79217350483, 4.29833745956, 2.32425737381, 1.00687718391, 0.533309996128, 0.207566469908, 0.0827784463763, 0.0317603200674, 0.00965297408402, 0.00176779157482, 0.000239493616391], "dmean2": [0.898352265358, 5.55102539062, 13.6233406067, 17.2603054047, 17.884103775, 18.0410728455, 14.1660461426, 13.0400094986, 13.3014383316, 12.1998176575, 14.878531456, 12.221154213, 13.6224250793, 10.3672428131, 10.2389087677, 23.9570960999, 44.4624137878, 22.8333492279, 26.1501369476, 39.9428939819, 34.2988471985, 29.0605392456, 14.587928772, 7.28553199768, 4.9475440979, 3.82427859306, 3.39804005623, 3.09316253662, 2.88595438004, 2.92769765854, 7.79253053665, 4.0298409462, 1.61676049232, 0.841018378735, 0.332432717085, 0.137096643448, 0.0528924837708, 0.0160580929369, 0.00286334869452, 0.000374626804842], "dvar": [1.37579417229, 55.4072303772, 217.938751221, 208.051651001, 261.090240479, 448.972198486, 558.928405762, 220.690124512, 361.482299805, 428.178985596, 494.495666504, 339.295684814, 298.076843262, 163.353271484, 163.316497803, 2972.36791992, 12603.8203125, 905.979187012, 1100.73840332, 4662.95166016, 2488.88964844, 1429.58837891, 357.691986084, 117.281951904, 94.2068939209, 79.5963439941, 83.0893936157, 65.2365951538, 51.4935264587, 54.3012771606, 437.810668945, 91.8483886719, 8.69919013977, 2.22822785378, 0.395706176758, 0.0820703580976, 0.0111959045753, 0.000985347782262, 3.14927165164e-05, 2.99764366218e-07], "dvar2": [2.79185581207, 126.883911133, 624.146972656, 600.883422852, 758.545654297, 1313.46826172, 1606.3795166, 613.723083496, 833.722900391, 1134.39245605, 1394.80566406, 944.578125, 776.873901367, 435.307983398, 430.51461792, 8363.59472656, 36078.1445312, 2283.80688477, 2869.74731445, 12932.6445312, 6652.86230469, 3633.48022461, 889.638793945, 292.546844482, 242.190170288, 202.915786743, 215.069213867, 165.078567505, 130.112045288, 141.936141968, 1244.04541016, 253.618362427, 21.4778060913, 5.24071884155, 0.982240855694, 0.21185259521, 0.0288592856377, 0.00252846279182, 7.89574260125e-05, 7.26798418782e-07], "max": [14.8695077896, 97.2249908447, 172.566482544, 177.90083313, 239.618865967, 377.823852539, 296.776123047, 239.467880249, 586.417358398, 539.16394043, 477.479949951, 348.311431885, 296.368591309, 210.311187744, 291.103851318, 1008.93444824, 1933.10009766, 380.834136963, 434.360656738, 1034.4095459, 612.969116211, 694.382568359, 407.557098389, 205.258911133, 151.333618164, 132.986785889, 140.497436523, 112.418426514, 102.592575073, 160.842483521, 319.948028564, 116.618522644, 67.3198165894, 38.6063804626, 9.10010147095, 3.92341327667, 1.39884710312, 0.366318792105, 0.0867685824633, 0.00881017465144], "mean": [1.62172269821, 8.21823215485, 11.1840429306, 17.1945953369, 21.7107162476, 20.6617965698, 12.2649393082, 13.2554063797, 15.1742525101, 10.4820594788, 9.09813499451, 9.89197158813, 11.1500253677, 8.38231086731, 8.9610490799, 14.6569271088, 22.1599769592, 15.3888282776, 19.1076984406, 24.7841567993, 25.9494876862, 28.6583881378, 14.446554184, 6.32839488983, 3.3262360096, 2.28997302055, 1.82959353924, 1.71191465855, 1.64252448082, 1.55414974689, 3.120449543, 2.03134298325, 1.32615864277, 0.73819065094, 0.243156626821, 0.0703437924385, 0.0253394804895, 0.00779210124165, 0.0016259145923, 0.000388721440686], "median": [0.41481679678, 2.43391919136, 7.16543769836, 10.0264320374, 13.6435585022, 9.38465023041, 6.99814224243, 7.82349443436, 6.38139486313, 4.2969250679, 3.49553442001, 5.13487768173, 4.70513868332, 4.17674827576, 4.79464435577, 5.97291231155, 5.62840795517, 4.51240253448, 5.7021894455, 8.51736164093, 10.1986961365, 12.2615995407, 6.62559652328, 2.33412146568, 0.763954162598, 0.391286343336, 0.171792581677, 0.160598143935, 0.115104548633, 0.0937733799219, 0.182848855853, 0.209460958838, 0.101825810969, 0.0430093742907, 0.0169733595103, 0.00368454167619, 0.000819764740299, 0.000252809928497, 0.0002080432605, 0.000179802576895], "min": [6.51416394905e-22, 9.53636353568e-22, 2.11074964625e-21, 6.59567728718e-21, 2.35896772649e-20, 6.04967782149e-20, 9.51119410177e-20, 1.75872711998e-19, 2.36798053781e-19, 2.74142027263e-19, 6.4336246888e-19, 9.30261172152e-19, 8.21207231157e-19, 5.8060665395e-19, 1.80038590018e-18, 1.83540335064e-18, 2.08261268735e-18, 3.63438842046e-18, 3.5414947969e-18, 3.84132708943e-18, 5.34889187995e-18, 6.26524297613e-18, 8.06782752238e-18, 9.03569170479e-18, 9.85369805717e-18, 1.25684568511e-17, 1.31111171114e-17, 1.44774292318e-17, 1.34430142332e-17, 1.3343469664e-17, 1.31756487797e-17, 9.43081603107e-18, 9.43858822011e-18, 6.62683629551e-18, 5.75946090904e-18, 4.58441734809e-18, 2.76922553533e-18, 1.1378919845e-18, 2.80154777286e-19, 3.10678278265e-20], "var": [6.64030265808, 153.887924194, 196.896957397, 368.506225586, 608.623535156, 882.283813477, 396.80859375, 308.233947754, 849.676452637, 582.032348633, 382.395080566, 317.07598877, 388.050201416, 179.112792969, 191.217956543, 1922.8104248, 7660.12011719, 895.34564209, 1304.73791504, 3378.78393555, 2386.99658203, 2139.54003906, 524.947875977, 139.460784912, 83.7155227661, 66.3425598145, 66.2910079956, 54.5775680542, 44.621673584, 43.3376235962, 265.775878906, 64.026512146, 12.118765831, 3.66861510277, 0.452329218388, 0.0669849961996, 0.00912353023887, 0.000815581821371, 2.81631600956e-05, 3.812727698e-07]}, "gfcc": {"mean": [-47.9665336609, 141.176132202, -83.3153991699, 27.2214756012, -17.0006465912, 14.1677742004, -39.2704658508, 3.64175367355, -8.49299621582, -15.7757940292, -3.8953909874, -5.30836009979, -4.57778930664], "cov": [[18397.71875, -1802.26208496, -1459.20275879, 935.850341797, -435.739013672, 477.711517334, -510.080993652, 663.209960938, -12.7504644394, 88.5191345215, -81.9970779419, -116.393173218, 23.5611553192], [-1802.26208496, 2355.46020508, -242.553512573, -205.415161133, 736.585388184, -371.296875, 425.964355469, -159.287918091, 320.031280518, -165.183380127, 113.397872925, -42.4023246765, 182.188903809], [-1459.20275879, -242.553512573, 948.661682129, -60.9132232666, -219.987792969, 343.226196289, -192.099136353, 29.1496276855, -81.4614715576, 77.5864562988, 81.5303192139, 0.954275667667, -80.0482330322], [935.850341797, -205.415161133, -60.9132232666, 289.819824219, -5.91224908829, 0.407677710056, 36.0933532715, 33.7139968872, 23.6223945618, -4.87276554108, -1.48577463627, 11.1831893921, 25.3742370605], [-435.739013672, 736.585388184, -219.987792969, -5.91224908829, 662.071594238, -275.277557373, 320.391448975, 26.5362224579, 204.604492188, -47.7640571594, 14.2082262039, 53.6353225708, 129.283447266], [477.711517334, -371.296875, 343.226196289, 0.407677710056, -275.277557373, 433.067779541, -223.684066772, 78.3780670166, -74.3901062012, 79.2937927246, 55.9773254395, -65.1909484863, -65.3202438354], [-510.080993652, 425.964355469, -192.099136353, 36.0933532715, 320.391448975, -223.684066772, 435.748596191, -52.8469543457, 143.106887817, -17.6996688843, -17.4590835571, 63.2661399841, 77.380279541], [663.209960938, -159.287918091, 29.1496276855, 33.7139968872, 26.5362224579, 78.3780670166, -52.8469543457, 236.485107422, 28.5820293427, 31.7717380524, 21.3556404114, 1.11345112324, 42.1930084229], [-12.7504644394, 320.031280518, -81.4614715576, 23.6223945618, 204.604492188, -74.3901062012, 143.106887817, 28.5820293427, 202.032943726, -11.8088254929, 13.4426984787, 14.3406925201, 61.513217926], [88.5191345215, -165.183380127, 77.5864562988, -4.87276554108, -47.7640571594, 79.2937927246, -17.6996688843, 31.7717380524, -11.8088254929, 136.417358398, 13.9849567413, -1.50153899193, -9.15699672699], [-81.9970779419, 113.397872925, 81.5303192139, -1.48577463627, 14.2082262039, 55.9773254395, -17.4590835571, 21.3556404114, 13.4426984787, 13.9849567413, 135.642410278, 2.67030239105, 4.00054836273], [-116.393173218, -42.4023246765, 0.954275667667, 11.1831893921, 53.6353225708, -65.1909484863, 63.2661399841, 1.11345112324, 14.3406925201, -1.50153899193, 2.67030239105, 107.73575592, 16.8143596649], [23.5611553192, 182.188903809, -80.0482330322, 25.3742370605, 129.283447266, -65.3202438354, 77.380279541, 42.1930084229, 61.513217926, -9.15699672699, 4.00054836273, 16.8143596649, 100.337303162]], "icov": [[0.000106147032056, 1.23993334e-06, 0.000264191679889, -0.00028430839302, -4.90108186568e-06, -0.00022295951203, 0.000126703438582, -0.000205122414627, -3.37118690368e-05, -3.52998940798e-05, 4.69529659313e-05, -8.05454328656e-05, 0.000134272573632], [1.23993334e-06, 0.0012072235113, -0.000114029702672, 0.000865121837705, -0.000728694256395, 0.000217514592805, -0.000274456804618, 0.000936515280046, -0.00077343248995, 0.000903138134163, -0.00113379349932, 0.00136939366348, -0.00123140250798], [0.000264191679889, -0.000114029702672, 0.00230697193183, -0.000503827701323, -5.33529710083e-05, -0.00188841635827, 0.000484070042148, -0.000388210813981, 7.04415288055e-05, -0.000334803276928, -0.000202461145818, -0.00127184134908, 0.000889678834938], [-0.00028430839302, 0.000865121837705, -0.000503827701323, 0.00514627574012, 4.84858828713e-05, 0.00041158424574, -0.00107171828859, 0.000714254507329, -0.000749731669202, 0.00108137400821, -0.000954842776991, 0.000803359609563, -0.00201408797875], [-4.90108186568e-06, -0.000728694256395, -5.33529710083e-05, 4.84858828713e-05, 0.0039772707969, 0.00119683076628, -0.00118388968986, -0.00126502616331, -0.00115204334725, -0.000165785415447, -5.77322061872e-05, -0.000560046813916, -0.000843784480821], [-0.00022295951203, 0.000217514592805, -0.00188841635827, 0.00041158424574, 0.00119683076628, 0.00619230233133, 0.000477782450616, -0.000831308076158, -0.000600202998612, -0.00126684538554, -0.00154030206613, 0.00274031911977, 0.000371530884877], [0.000126703438582, -0.000274456804618, 0.000484070042148, -0.00107171828859, -0.00118388968986, 0.000477782450616, 0.00500724650919, 0.000978608150035, -0.00146473618224, -0.00123763876036, 0.000735333829653, -0.00173547689337, -0.000264297472313], [-0.000205122414627, 0.000936515280046, -0.000388210813981, 0.000714254507329, -0.00126502616331, -0.000831308076158, 0.000978608150035, 0.00699752289802, -0.00118363334332, -0.000227255310165, -0.000912361661904, 0.000368503475329, -0.00407159607857], [-3.37118690368e-05, -0.00077343248995, 7.04415288055e-05, -0.000749731669202, -0.00115204334725, -0.000600202998612, -0.00146473618224, -0.00118363334332, 0.00872220937163, -0.000276520877378, 0.000138343079016, -0.000198478504899, -0.00096568535082], [-3.52998940798e-05, 0.000903138134163, -0.000334803276928, 0.00108137400821, -0.000165785415447, -0.00126684538554, -0.00123763876036, -0.000227255310165, -0.000276520877378, 0.0092865396291, -0.00106515758671, 0.000565717928112, -0.000768546480685], [4.69529659313e-05, -0.00113379349932, -0.000202461145818, -0.000954842776991, -5.77322061872e-05, -0.00154030206613, 0.000735333829653, -0.000912361661904, 0.000138343079016, -0.00106515758671, 0.009452088736, -0.00201174872927, 0.000794072402641], [-8.05454328656e-05, 0.00136939366348, -0.00127184134908, 0.000803359609563, -0.000560046813916, 0.00274031911977, -0.00173547689337, 0.000368503475329, -0.000198478504899, 0.000565717928112, -0.00201174872927, 0.0129980817437, -0.00192106398754], [0.000134272573632, -0.00123140250798, 0.000889678834938, -0.00201408797875, -0.000843784480821, 0.000371530884877, -0.000264297472313, -0.00407159607857, -0.00096568535082, -0.000768546480685, 0.000794072402641, -0.00192106398754, 0.0174471214414]]}, "melbands": {"dmean": [0.00508968252689, 0.00385289196856, 0.00164306478109, 0.00079132016981, 0.000296316546155, 0.000174339002115, 0.000126006430946, 7.89515397628e-05, 6.9199479185e-05, 4.3151776481e-05, 4.08480118494e-05, 2.61871828116e-05, 1.96001765289e-05, 2.09390618693e-05, 6.98488147464e-05, 3.60760350304e-05, 2.65863745881e-05, 2.44849452429e-05, 2.44422972173e-05, 4.03745725635e-05, 2.05150972761e-05, 1.89203092305e-05, 1.46835700434e-05, 6.1757759795e-06, 3.60303897651e-06, 2.52498671216e-06, 1.8348150661e-06, 1.53168264205e-06, 1.37340043693e-06, 1.1643481912e-06, 1.11976180506e-06, 1.03927129658e-06, 9.6887640666e-07, 9.74318254521e-07, 2.16660600927e-06, 2.68471785603e-06, 1.03753268377e-06, 7.36425647574e-07, 5.87552619891e-07, 4.28883140557e-07], "dmean2": [0.007426653523, 0.00660957349464, 0.00287859444506, 0.00135125289671, 0.000516496540513, 0.000293644086923, 0.000197477507754, 0.000133828783873, 0.000121701872558, 7.30113242753e-05, 6.84341139277e-05, 4.42072960141e-05, 3.27913585352e-05, 3.57292956323e-05, 0.000124774916912, 6.45199979772e-05, 4.46949416073e-05, 4.11860601162e-05, 4.19179923483e-05, 7.05286001903e-05, 3.42604726029e-05, 3.11625590257e-05, 2.43602135015e-05, 1.01594259831e-05, 5.81106814934e-06, 4.08761934523e-06, 3.0059288747e-06, 2.48590799856e-06, 2.23575102609e-06, 1.87157456821e-06, 1.81098891971e-06, 1.66392169376e-06, 1.56740168222e-06, 1.60920956205e-06, 3.89076285501e-06, 4.89197645948e-06, 1.7485394892e-06, 1.18610637401e-06, 9.33367005018e-07, 6.85261056788e-07], "dvar": [9.47513544816e-05, 5.20681605849e-05, 5.68513223698e-06, 1.77393155809e-06, 6.24372603397e-07, 1.22797132462e-07, 8.01598716293e-08, 4.97266725574e-08, 3.24441273847e-08, 1.2549376649e-08, 7.35378158367e-09, 2.91022628218e-09, 1.7834809185e-09, 2.67115973784e-09, 1.28191629756e-07, 1.85753599169e-08, 3.4397915627e-09, 2.63494026598e-09, 3.62478225213e-09, 1.9557047537e-08, 1.99275396184e-09, 1.70399361288e-09, 1.13803100277e-09, 1.91947013839e-10, 8.0473600006e-11, 6.12424416735e-11, 4.48453392476e-11, 3.46572388843e-11, 3.78337396134e-11, 2.62522469041e-11, 2.22968917635e-11, 1.72358655126e-11, 1.59580699349e-11, 1.65734648228e-11, 1.06844422199e-10, 1.65919389339e-10, 1.44515883635e-11, 4.72364248411e-12, 2.76294200192e-12, 1.42498718988e-12], "dvar2": [0.000195474582142, 0.000135813461384, 1.62159340107e-05, 5.23735752722e-06, 1.79548931101e-06, 3.41597285569e-07, 1.8238502264e-07, 1.33201055519e-07, 9.2059828205e-08, 3.4939859006e-08, 1.9135194762e-08, 7.71297781199e-09, 4.80631134891e-09, 7.34993710338e-09, 3.64920111906e-07, 5.30597183968e-08, 8.66531912891e-09, 6.84428158593e-09, 9.83694992129e-09, 5.46795142498e-08, 5.24256815737e-09, 4.41836833787e-09, 2.92331581164e-09, 4.87282436623e-10, 2.04234254508e-10, 1.56446786082e-10, 1.17014425927e-10, 8.85538378737e-11, 9.96378396456e-11, 6.71744812553e-11, 5.67656720241e-11, 4.36938957238e-11, 4.11818287804e-11, 4.36091163181e-11, 3.02192881829e-10, 4.71902794619e-10, 3.85292804606e-11, 1.1692237456e-11, 6.37928381994e-12, 3.44020797093e-12], "max": [0.11836964637, 0.0923178792, 0.030296549201, 0.0220577418804, 0.0102215958759, 0.00464845681563, 0.00899258069694, 0.00619935803115, 0.00350879016332, 0.00190414651297, 0.00149348762352, 0.000947758031543, 0.000743526441511, 0.000990305561572, 0.00598637200892, 0.00253452267498, 0.000846485898364, 0.000659410143271, 0.000785877171438, 0.00221920479089, 0.000687121006195, 0.00100063951686, 0.000819863635115, 0.000262026820565, 0.0002001880639, 0.000150942942128, 0.000132566026878, 9.25752101466e-05, 0.000129914697027, 7.73081046646e-05, 6.63098253426e-05, 5.07991499035e-05, 7.49474493205e-05, 8.68305505719e-05, 0.00017816365289, 0.000158006921993, 4.99928974023e-05, 6.15585086052e-05, 5.56103877898e-05, 3.13378004648e-05], "mean": [0.013227282092, 0.0075062266551, 0.00310009391978, 0.00167319923639, 0.000491476559546, 0.000295910664136, 0.000223741168156, 0.000106197898276, 7.55385190132e-05, 5.84406370763e-05, 5.50230652152e-05, 3.41171034961e-05, 2.71107037406e-05, 2.78496154351e-05, 5.99384075031e-05, 3.39061698469e-05, 2.89199542749e-05, 2.95021018246e-05, 2.75330621662e-05, 4.08642627008e-05, 2.69660013146e-05, 2.94760520774e-05, 2.27328891924e-05, 8.5274950834e-06, 4.67748259325e-06, 2.71771682492e-06, 1.81841858193e-06, 1.43205795666e-06, 1.16558351237e-06, 1.00556451343e-06, 9.95088726086e-07, 9.3675964763e-07, 8.59483463955e-07, 8.31979548366e-07, 1.5767725472e-06, 1.99656665245e-06, 9.85347469395e-07, 9.38419930208e-07, 8.13982637737e-07, 5.66113328659e-07], "median": [0.00355671346188, 0.00413481891155, 0.00195601489395, 0.000889276969247, 0.00029456676566, 0.000171958992723, 9.20835882425e-05, 4.36115333287e-05, 3.05111461785e-05, 2.94589899568e-05, 2.26349711738e-05, 1.61714324349e-05, 1.38256600621e-05, 1.48242424984e-05, 1.58638213179e-05, 8.52496941661e-06, 7.25463223716e-06, 8.40626762511e-06, 8.45384329295e-06, 1.22455830933e-05, 1.03158963611e-05, 1.23254385471e-05, 8.79265189724e-06, 3.20140634358e-06, 1.52961320055e-06, 6.10841311754e-07, 3.44396482888e-07, 2.13660413806e-07, 9.98954305942e-08, 7.41012016192e-08, 9.75810223736e-08, 6.68592790021e-08, 4.35669598176e-08, 4.7785821522e-08, 8.08620441717e-08, 1.3068050464e-07, 9.63096269402e-08, 6.84970586917e-08, 4.9428969362e-08, 3.1900523112e-08], "min": [6.11183594171e-24, 1.02409824108e-24, 1.98878460638e-24, 3.59397455354e-24, 3.70623103807e-24, 3.42213698256e-24, 3.76327238684e-24, 2.62596156181e-24, 4.54937780092e-24, 5.75504993149e-24, 4.13955154445e-24, 1.59221269223e-24, 6.55935081678e-24, 3.84003880811e-24, 3.32459472606e-24, 5.38846745213e-24, 5.85944581154e-24, 4.54664952548e-24, 4.97428905005e-24, 4.16368753271e-24, 5.26290880058e-24, 5.63524680911e-24, 7.52057704093e-24, 6.44000720587e-24, 6.47575562109e-24, 7.81157284051e-24, 6.44595363938e-24, 7.31648846956e-24, 8.2731385116e-24, 6.48732150525e-24, 7.96825008262e-24, 7.70741637975e-24, 5.63210753714e-24, 6.6583970366e-24, 6.9093952217e-24, 5.12671196529e-24, 5.53389632659e-24, 6.72099709373e-24, 6.53087057152e-24, 5.25480956566e-24], "var": [0.000418747426011, 7.80227637733e-05, 1.02600697574e-05, 4.36285608885e-06, 4.95259541822e-07, 1.58890657076e-07, 1.92828892409e-07, 6.30348111486e-08, 2.49856899615e-08, 1.14286518027e-08, 9.63778035157e-09, 3.23697979532e-09, 1.8848176353e-09, 2.22694929164e-09, 7.68186438904e-08, 1.20021761418e-08, 3.49125373056e-09, 3.173045382e-09, 3.17138360018e-09, 1.3359835016e-08, 2.27559016075e-09, 2.33716490605e-09, 1.6492572863e-09, 2.39413350256e-10, 8.86804657485e-11, 5.65796680341e-11, 3.61228234824e-11, 2.85779924031e-11, 2.88979881691e-11, 2.13755818601e-11, 1.8455622447e-11, 1.47760796654e-11, 1.32619271467e-11, 1.29224460993e-11, 6.5984703812e-11, 1.00805558345e-10, 1.17016838927e-11, 6.31623746361e-12, 4.75238815315e-12, 2.1951871744e-12]}, "mfcc": {"mean": [-696.642333984, 172.101776123, 11.1684293747, 24.0110187531, 42.5458030701, 8.69289207458, 0.972018539906, 13.562169075, 0.434379398823, -0.56071472168, -2.00484085083, 4.23512649536, -2.84767198563], "cov": [[9432.66601562, -597.57244873, -661.553466797, 40.3256072998, 169.481887817, -302.844726562, -66.2922973633, 69.5433120728, 79.8809661865, 22.8786277771, 45.4037437439, -34.331577301, -3.50293898582], [-597.57244873, 2362.80541992, -492.792358398, 315.15637207, 239.443756104, 96.5998382568, 52.6801986694, 171.214553833, 217.246032715, 13.1635837555, 75.2377319336, 85.57447052, 28.5752944946], [-661.553466797, -492.792358398, 1196.2076416, -451.481445312, 123.681335449, 60.3671798706, 48.6136779785, -119.784637451, -233.556091309, 68.4490509033, -14.5983762741, 19.7858886719, -15.8476924896], [40.3256072998, 315.15637207, -451.481445312, 506.852935791, -75.6057510376, 32.7372322083, -10.5408916473, 112.136573792, 143.436294556, -47.268409729, 1.71753907204, -4.6043920517, 42.2054405212], [169.481887817, 239.443756104, 123.681335449, -75.6057510376, 364.793945312, -63.5348396301, 39.0707168579, 18.7196464539, 32.0504112244, 8.93939971924, 45.3344306946, 46.3451652527, 15.9179735184], [-302.844726562, 96.5998382568, 60.3671798706, 32.7372322083, -63.5348396301, 211.928222656, 6.64638662338, 0.979799211025, -13.8130235672, 48.4302711487, -8.93169212341, 1.37105047703, -3.03152108192], [-66.2922973633, 52.6801986694, 48.6136779785, -10.5408916473, 39.0707168579, 6.64638662338, 143.286315918, -0.195910587907, 5.20012903214, -3.32939362526, 41.0851821899, 27.2775325775, 3.63089203835], [69.5433120728, 171.214553833, -119.784637451, 112.136573792, 18.7196464539, 0.979799211025, -0.195910587907, 164.699630737, 70.861656189, -4.6366558075, -0.81208717823, 30.8096828461, 16.7882938385], [79.8809661865, 217.246032715, -233.556091309, 143.436294556, 32.0504112244, -13.8130235672, 5.20012903214, 70.861656189, 195.757659912, 28.8805007935, 26.6236820221, -16.3487434387, 29.9019374847], [22.8786277771, 13.1635837555, 68.4490509033, -47.268409729, 8.93939971924, 48.4302711487, -3.32939362526, -4.6366558075, 28.8805007935, 167.35925293, 14.662147522, -36.107170105, 0.039794780314], [45.4037437439, 75.2377319336, -14.5983762741, 1.71753907204, 45.3344306946, -8.93169212341, 41.0851821899, -0.81208717823, 26.6236820221, 14.662147522, 109.696220398, 22.9072914124, 8.45875740051], [-34.331577301, 85.57447052, 19.7858886719, -4.6043920517, 46.3451652527, 1.37105047703, 27.2775325775, 30.8096828461, -16.3487434387, -36.107170105, 22.9072914124, 114.586791992, 21.8813514709], [-3.50293898582, 28.5752944946, -15.8476924896, 42.2054405212, 15.9179735184, -3.03152108192, 3.63089203835, 16.7882938385, 29.9019374847, 0.039794780314, 8.45875740051, 21.8813514709, 68.7559127808]], "icov": [[0.00012408013572, 5.9436661104e-05, 0.00012063459144, 1.91481358343e-05, -0.000117574243632, 0.000103145604953, 2.58353047684e-05, -7.10672393325e-05, 8.56426049722e-05, -9.71982153715e-05, -4.22338416683e-05, 2.07339126064e-05, 6.83463576934e-06], [5.9436661104e-05, 0.000634412630461, 0.00027635807055, -0.000141823518788, -0.000566462811548, -0.000419712421717, -5.35528524779e-05, -0.000214732746826, -0.000186058779946, -8.63884633873e-05, -0.000105041195638, -0.000283803994535, 0.000242227033596], [0.00012063459144, 0.00027635807055, 0.0018051044317, 0.000996352173388, -0.000827239069622, -0.000654552597553, -0.000467293953989, -0.00019583752146, 0.00142672867514, -0.000488794292323, 0.000179227310582, 0.000227800512221, -0.00078384752851], [1.91481358343e-05, -0.000141823518788, 0.000996352173388, 0.00398446014151, 0.000498974521179, -0.00106416514609, -0.000113509071525, -0.00139837013558, -0.00106348108966, 0.00136368139647, -8.53017481859e-05, 0.000952836940996, -0.00180229649413], [-0.000117574243632, -0.000566462811548, -0.000827239069622, 0.000498974521179, 0.00416772207245, 0.00142520922236, -0.000294224824756, -5.02141774632e-05, -0.00119674392045, -7.79392939876e-05, -0.000631644506939, -0.00110058044083, -0.000193306084839], [0.000103145604953, -0.000419712421717, -0.000654552597553, -0.00106416514609, 0.00142520922236, 0.00647134333849, -0.000401612662245, 0.000239215529291, 0.000655157142319, -0.00236628437415, 0.000604994478635, -0.00109380227514, 0.000590334122535], [2.58353047684e-05, -5.35528524779e-05, -0.000467293953989, -0.000113509071525, -0.000294224824756, -0.000401612662245, 0.00831449218094, 0.0002818563662, -0.000623709231149, 0.000537157990038, -0.00275243166834, -0.00128100137226, 0.000545290473383], [-7.10672393325e-05, -0.000214732746826, -0.00019583752146, -0.00139837013558, -5.02141774632e-05, 0.000239215529291, 0.0002818563662, 0.00879971496761, -0.00263082631864, -0.00048938638065, 0.00150134472642, -0.00327363726683, 0.000759056711104], [8.56426049722e-05, -0.000186058779946, 0.00142672867514, -0.00106348108966, -0.00119674392045, 0.000655157142319, -0.000623709231149, -0.00263082631864, 0.0102062830701, -0.00209492701106, -0.00150080875028, 0.00290166703053, -0.00313169276342], [-9.71982153715e-05, -8.63884633873e-05, -0.000488794292323, 0.00136368139647, -7.79392939876e-05, -0.00236628437415, 0.000537157990038, -0.00048938638065, -0.00209492701106, 0.00842217542231, -0.00154613156337, 0.00305291637778, -0.000789117766544], [-4.22338416683e-05, -0.000105041195638, 0.000179227310582, -8.53017481859e-05, -0.000631644506939, 0.000604994478635, -0.00275243166834, 0.00150134472642, -0.00150080875028, -0.00154613156337, 0.0116728255525, -0.00252424296923, 0.000107719672087], [2.07339126064e-05, -0.000283803994535, 0.000227800512221, 0.000952836940996, -0.00110058044083, -0.00109380227514, -0.00128100137226, -0.00327363726683, 0.00290166703053, 0.00305291637778, -0.00252424296923, 0.0133344205096, -0.00453661940992], [6.83463576934e-06, 0.000242227033596, -0.00078384752851, -0.00180229649413, -0.000193306084839, 0.000590334122535, 0.000545290473383, 0.000759056711104, -0.00313169276342, -0.000789117766544, 0.000107719672087, -0.00453661940992, 0.0180191267282]]}, "spectral_contrast_coeffs": {"dmean": [0.0453302897513, 0.0447484478354, 0.0331238247454, 0.0331529937685, 0.0266909860075, 0.0202690474689], "dmean2": [0.0771016329527, 0.0736238732934, 0.0546592921019, 0.0553772523999, 0.0429782904685, 0.0318546071649], "dvar": [0.00136583158746, 0.00137499801349, 0.000679848366417, 0.000803209084552, 0.000593786709942, 0.00055753212655], "dvar2": [0.00390790589154, 0.0037632829044, 0.00179169944022, 0.00214908551425, 0.00140791467857, 0.00135364406742], "max": [-0.334018290043, -0.440932303667, -0.573968589306, -0.58349442482, -0.513623893261, -0.525095403194], "mean": [-0.648911416531, -0.72926646471, -0.798756659031, -0.790070474148, -0.750178158283, -0.80224364996], "median": [-0.651680827141, -0.733900725842, -0.800862073898, -0.792667686939, -0.748998105526, -0.807789981365], "min": [-0.980526685715, -0.971191346645, -0.969872117043, -0.967912197113, -0.967875182629, -0.965290665627], "var": [0.00552478060126, 0.00468413066119, 0.00209212605841, 0.00250315410085, 0.00436464464292, 0.00239798380062]}, "spectral_contrast_valleys": {"dmean": [0.326199740171, 0.413488209248, 0.371073842049, 0.412951886654, 0.380472004414, 0.437053978443], "dmean2": [0.547276198864, 0.680804252625, 0.588551402092, 0.628199100494, 0.52697789669, 0.569515585899], "dvar": [0.11758762598, 0.215358480811, 0.171802610159, 0.244069606066, 0.237734094262, 0.4079