{"lowlevel": {"average_loudness": 0.912941038609, "barkbands_crest": {"dmean": 2.39065885544, "dmean2": 3.75109934807, "dvar": 5.69426727295, "dvar2": 14.3052749634, "max": 26.8416500092, "mean": 12.8927173615, "median": 12.8071718216, "min": 3.67099571228, "var": 15.0994138718}, "barkbands_flatness_db": {"dmean": 0.0309726987034, "dmean2": 0.0466817058623, "dvar": 0.0010509166168, "dvar2": 0.00223936513066, "max": 0.672299087048, "mean": 0.206284180284, "median": 0.184181466699, "min": 0.0303426925093, "var": 0.00898070354015}, "barkbands_kurtosis": {"dmean": 6.64722585678, "dmean2": 10.5363254547, "dvar": 603.801391602, "dvar2": 1430.05090332, "max": 1535.13696289, "mean": 12.8807935715, "median": 7.56537675858, "min": -1.90052568913, "var": 952.232177734}, "barkbands_skewness": {"dmean": 0.666715562344, "dmean2": 1.0150642395, "dvar": 0.79775261879, "dvar2": 1.8597663641, "max": 31.5516395569, "mean": 2.70886254311, "median": 2.50875806808, "min": -2.04747653008, "var": 2.53540611267}, "barkbands_spread": {"dmean": 3.52729439735, "dmean2": 5.30197477341, "dvar": 23.7397251129, "dvar2": 50.3714637756, "max": 103.641166687, "mean": 10.9341192245, "median": 9.86253356934, "min": 0.0327895991504, "var": 53.620475769}, "dissonance": {"dmean": 0.0273792017251, "dmean2": 0.0450103208423, "dvar": 0.000885390152689, "dvar2": 0.00248061656021, "max": 0.499978482723, "mean": 0.425263375044, "median": 0.433399140835, "min": 0.0737692415714, "var": 0.00228342250921}, "dynamic_complexity": 4.28060388565, "erbbands_crest": {"dmean": 1.85494148731, "dmean2": 2.89750862122, "dvar": 3.48563933372, "dvar2": 8.8631029129, "max": 30.6270256042, "mean": 9.92307186127, "median": 8.8397693634, "min": 2.77915120125, "var": 18.7874565125}, "erbbands_flatness_db": {"dmean": 0.0246642772108, "dmean2": 0.0324909612536, "dvar": 0.000640932004899, "dvar2": 0.00135739112739, "max": 0.569592893124, "mean": 0.17701458931, "median": 0.162813708186, "min": 0.0519353188574, "var": 0.00736557878554}, "erbbands_kurtosis": {"dmean": 0.767659723759, "dmean2": 1.15877532959, "dvar": 5.46742153168, "dvar2": 13.9435501099, "max": 129.368881226, "mean": 0.509091317654, "median": -0.00936353206635, "min": -1.90719640255, "var": 12.5097579956}, "erbbands_skewness": {"dmean": 0.260969370604, "dmean2": 0.378819972277, "dvar": 0.0835947245359, "dvar2": 0.180732503533, "max": 7.12097597122, "mean": 0.558241724968, "median": 0.570690870285, "min": -4.19357442856, "var": 0.556660175323}, "erbbands_spread": {"dmean": 7.33733606339, "dmean2": 10.285284996, "dvar": 77.120513916, "dvar2": 156.844314575, "max": 104.840782166, "mean": 34.9491462708, "median": 32.2581634521, "min": 0.459376454353, "var": 233.624603271}, "hfc": {"dmean": 7.62048339844, "dmean2": 11.7585887909, "dvar": 187.554550171, "dvar2": 476.677642822, "max": 149.15612793, "mean": 15.4833087921, "median": 12.1210536957, "min": 5.57013345315e-06, "var": 231.267318726}, "melbands_crest": {"dmean": 2.70114445686, "dmean2": 4.22428703308, "dvar": 7.6079916954, "dvar2": 17.7042713165, "max": 33.0053672791, "mean": 17.2571926117, "median": 17.2989082336, "min": 5.23880529404, "var": 26.021402359}, "melbands_flatness_db": {"dmean": 0.0335403159261, "dmean2": 0.049672331661, "dvar": 0.00142162560951, "dvar2": 0.0028746931348, "max": 0.750581562519, "mean": 0.289330929518, "median": 0.273978471756, "min": 0.0617100149393, "var": 0.009964174591}, "melbands_kurtosis": {"dmean": 11.1412582397, "dmean2": 17.7377090454, "dvar": 346.438201904, "dvar2": 879.470458984, "max": 322.139221191, "mean": 24.0761032104, "median": 15.9895467758, "min": -1.9087010622, "var": 637.289367676}, "melbands_skewness": {"dmean": 0.798847436905, "dmean2": 1.20249974728, "dvar": 0.964091658592, "dvar2": 2.23885607719, "max": 13.5781211853, "mean": 3.51510357857, "median": 3.25091218948, "min": -1.27548575401, "var": 3.25100183487}, "melbands_spread": {"dmean": 2.73839330673, "dmean2": 4.17275762558, "dvar": 12.3791122437, "dvar2": 26.5273628235, "max": 64.1302185059, "mean": 10.3000478745, "median": 8.86705207825, "min": 0.288214862347, "var": 51.4655303955}, "pitch_salience": {"dmean": 0.067585259676, "dmean2": 0.107357442379, "dvar": 0.00471628038213, "dvar2": 0.0117265926674, "max": 0.815502822399, "mean": 0.456688761711, "median": 0.44431245327, "min": 0.0705130249262, "var": 0.0139053715393}, "silence_rate_20dB": {"dmean": 0.00201782421209, "dmean2": 0.00403632689267, "dvar": 0.00201375689358, "dvar2": 0.00603816937655, "max": 1, "mean": 0.998991250992, "median": 1, "min": 0, "var": 0.00100771989673}, "silence_rate_30dB": {"dmean": 0.116361193359, "dmean2": 0.232761517167, "dvar": 0.102825045586, "dvar2": 0.206509530544, "max": 1, "mean": 0.803127110004, "median": 1, "min": 0, "var": 0.158114001155}, "silence_rate_60dB": {"dmean": 0.0131158567965, "dmean2": 0.0260679442436, "dvar": 0.0129469186068, "dvar2": 0.0287584569305, "max": 1, "mean": 0.0840618684888, "median": 0, "min": 0, "var": 0.0769935026765}, "spectral_centroid": {"dmean": 115.775856018, "dmean2": 183.07774353, "dvar": 30302.875, "dvar2": 75406.6875, "max": 2730.18066406, "mean": 647.013366699, "median": 597.276794434, "min": 186.628677368, "var": 82248.25}, "spectral_complexity": {"dmean": 2.52564311028, "dmean2": 4.09838533401, "dvar": 18.5078544617, "dvar2": 42.2182197571, "max": 58, "mean": 11.419301033, "median": 11, "min": 0, "var": 35.5589027405}, "spectral_decrease": {"dmean": 7.73932029574e-09, "dmean2": 1.28833761437e-08, "dvar": 2.9885982592e-16, "dvar2": 8.08156623135e-16, "max": -4.68380261893e-16, "mean": -1.45923735317e-08, "median": -5.75502889788e-09, "min": -1.48250791199e-07, "var": 3.52909580619e-16}, "spectral_energy": {"dmean": 0.0297708623111, "dmean2": 0.049485694617, "dvar": 0.0043779797852, "dvar2": 0.0118305860087, "max": 0.56442117691, "mean": 0.0564793422818, "median": 0.0229281149805, "min": 2.27300467337e-09, "var": 0.00517878262326}, "spectral_energyband_high": {"dmean": 0.000381834019208, "dmean2": 0.000580038293265, "dvar": 6.57563361983e-07, "dvar2": 1.617682301e-06, "max": 0.00759199773893, "mean": 0.000398971693357, "median": 8.94062613952e-05, "min": 3.93371252239e-10, "var": 6.75107855841e-07}, "spectral_energyband_low": {"dmean": 0.0253759510815, "dmean2": 0.0430575534701, "dvar": 0.00375009397976, "dvar2": 0.0102806081995, "max": 0.549302697182, "mean": 0.039702989161, "median": 0.00259407283738, "min": 5.65800357955e-11, "var": 0.00419877236709}, "spectral_energyband_middle_high": {"dmean": 0.000822834728751, "dmean2": 0.00129086279776, "dvar": 1.91256754078e-06, "dvar2": 4.93494508191e-06, "max": 0.0197248961776, "mean": 0.00251557049341, "median": 0.00216902792454, "min": 7.16641135323e-10, "var": 3.15899387715e-06}, "spectral_energyband_middle_low": {"dmean": 0.00642454717308, "dmean2": 0.010121749714, "dvar": 0.000292533019092, "dvar2": 0.00073477870319, "max": 0.203552797437, "mean": 0.0151440082118, "median": 0.0120471687987, "min": 3.75816183729e-10, "var": 0.000296046811854}, "spectral_entropy": {"dmean": 0.303589224815, "dmean2": 0.436355352402, "dvar": 0.113387040794, "dvar2": 0.254578441381, "max": 8.31495189667, "mean": 6.81813001633, "median": 6.91879081726, "min": 3.20783209801, "var": 0.591372549534}, "spectral_flux": {"dmean": 0.0514788031578, "dmean2": 0.0810781419277, "dvar": 0.00760541344061, "dvar2": 0.0170964691788, "max": 0.715106010437, "mean": 0.0872083380818, "median": 0.0506792478263, "min": 2.55029190157e-05, "var": 0.0102878846228}, "spectral_kurtosis": {"dmean": 5.01403665543, "dmean2": 7.57941913605, "dvar": 114.725357056, "dvar2": 264.736785889, "max": 251.368423462, "mean": 12.8805923462, "median": 7.24215364456, "min": 0.32328414917, "var": 463.322601318}, "spectral_rms": {"dmean": 0.00148949108552, "dmean2": 0.00232463958673, "dvar": 6.94990876582e-06, "dvar2": 1.7219754227e-05, "max": 0.0234660357237, "mean": 0.0062038670294, "median": 0.0047295759432, "min": 1.48914921283e-06, "var": 1.66138797795e-05}, "spectral_rolloff": {"dmean": 201.489196777, "dmean2": 333.302764893, "dvar": 280016.25, "dvar2": 677947.5625, "max": 17484.9609375, "mean": 734.68939209, "median": 516.796875, "min": 86.1328125, "var": 605182.5625}, "spectral_skewness": {"dmean": 0.435787886381, "dmean2": 0.65389251709, "dvar": 0.418040066957, "dvar2": 1.02250981331, "max": 12.9824485779, "mean": 2.54704499245, "median": 2.25322318077, "min": 0.999246954918, "var": 1.65964436531}, "spectral_spread": {"dmean": 1033746.4375, "dmean2": 1250492, "dvar": 1118124507140.0, "dvar2": 1921255079940.0, "max": 11454523, "mean": 4724502, "median": 4485565, "min": 450210.75, "var": 4298084974590.0}, "spectral_strongpeak": {"dmean": 0.310196071863, "dmean2": 0.537099480629, "dvar": 0.137641191483, "dvar2": 0.333260834217, "max": 3.73145532608, "mean": 0.829319596291, "median": 0.732474982738, "min": 0, "var": 0.273370504379}, "zerocrossingrate": {"dmean": 0.00946429837495, "dmean2": 0.0111086862162, "dvar": 0.000116301438538, "dvar2": 0.000151969303261, "max": 0.31640625, "mean": 0.0381420068443, "median": 0.0341796875, "min": 0.00341796875, "var": 0.000548286072444}, "barkbands": {"dmean": [0.00024999724701, 0.0157002061605, 0.0105155799538, 0.00220901402645, 0.00314282346517, 0.00157629884779, 0.000561616499908, 0.000304282293655, 0.000343654653989, 0.000358011282515, 4.81513015984e-05, 6.75341798342e-05, 0.00020455471531, 5.20693283761e-05, 0.00028675806243, 7.81723065302e-05, 4.87995312142e-05, 3.83036203857e-05, 5.20392131875e-05, 7.01214230503e-05, 4.68728831038e-05, 4.29921092291e-05, 4.81477400172e-05, 5.0801467296e-05, 7.31889304006e-05, 5.10964346176e-05, 3.16716614179e-05], "dmean2": [0.00036414799979, 0.0268832165748, 0.0176718812436, 0.00362872728147, 0.0052066873759, 0.00226021790877, 0.000912310846616, 0.00046759477118, 0.000473493797472, 0.00052924558986, 8.47135161166e-05, 0.000103793448943, 0.000300526357023, 8.7068117864e-05, 0.000431591557572, 0.000136730392114, 8.58793282532e-05, 6.78238357068e-05, 8.95198827493e-05, 0.000128851970658, 7.14039197192e-05, 6.9610272476e-05, 7.66439698054e-05, 7.72004059399e-05, 0.000109816355689, 7.56673107389e-05, 4.69919068564e-05], "dvar": [2.54368416108e-07, 0.0015981150791, 0.000575904676225, 3.2689076761e-05, 0.000140282718348, 6.46365378998e-06, 7.44269641473e-07, 3.07220716422e-07, 5.61238095997e-07, 1.37552220281e-07, 1.38454252507e-08, 2.75668003979e-08, 8.41680787289e-08, 1.10106501694e-08, 1.81939611821e-07, 1.79356067775e-08, 1.77174115379e-08, 1.46630192432e-08, 2.15939639503e-08, 7.26975102339e-08, 1.25648940141e-08, 1.62780615653e-08, 9.95138460524e-09, 9.94575710678e-09, 2.04123988823e-08, 1.02630455245e-08, 3.87083787246e-09], "dvar2": [5.45619911918e-07, 0.00441506225616, 0.00159143318888, 8.39454223751e-05, 0.000366445223335, 1.59696737683e-05, 1.97580970962e-06, 6.96002302902e-07, 1.13808278002e-06, 2.93553569009e-07, 3.72729900278e-08, 5.62504745005e-08, 1.8282993608e-07, 2.93097723869e-08, 4.35404984955e-07, 4.93942629021e-08, 4.83967070863e-08, 4.14716900821e-08, 5.78292471687e-08, 2.09710478316e-07, 3.09114369657e-08, 4.27229345235e-08, 2.32548433843e-08, 2.3806537186e-08, 4.80314490403e-08, 2.37337793862e-08, 9.04426222803e-09], "max": [0.00595254451036, 0.391279697418, 0.222024649382, 0.119829975069, 0.140008255839, 0.0445102080703, 0.0151378121227, 0.00754584232345, 0.0150654884055, 0.00452249869704, 0.00142777164001, 0.00397762516513, 0.00388365238905, 0.00128301465884, 0.00399787211791, 0.00133653031662, 0.00172164884862, 0.00161152216606, 0.00193189829588, 0.00273850304075, 0.00143719697371, 0.00153638480697, 0.000838302657939, 0.000974913302343, 0.00149992934894, 0.00100787787233, 0.000622562598437], "mean": [0.000356450298568, 0.0203892085701, 0.0176828503609, 0.00253057084046, 0.00445545837283, 0.00538208335638, 0.00116175389849, 0.000719733478036, 0.000877407961525, 0.000575458281673, 4.55151275673e-05, 0.000183986558113, 0.000757096102461, 6.72800524626e-05, 0.000557942432351, 0.000128614963614, 6.75208866596e-05, 5.17909393238e-05, 6.21002691332e-05, 6.3076717197e-05, 6.18386839051e-05, 4.38642746303e-05, 5.1421677199e-05, 5.39000720892e-05, 7.14150301064e-05, 5.03873998241e-05, 3.06525216729e-05], "median": [3.73569564545e-05, 0.000863684690557, 0.00115672510583, 0.000428247643868, 0.00196737097576, 0.00481194537133, 0.00068611651659, 0.000217402994167, 0.000263305904809, 0.000429170322604, 1.42412582136e-05, 4.15185786551e-05, 0.0006316882791, 3.52717215719e-05, 0.000358913122909, 9.99310577754e-05, 4.57617279608e-05, 2.24059767788e-05, 1.96651672013e-05, 2.08637629839e-05, 2.76707814919e-05, 8.27234362077e-06, 1.03618258436e-05, 1.12897014333e-05, 1.11062927317e-05, 5.81598760618e-06, 2.51313440458e-06], "min": [6.57477371158e-12, 1.00431728906e-12, 1.01510840749e-13, 3.31163536264e-13, 6.29455029766e-11, 2.38088845514e-12, 4.26992712022e-11, 7.65699396249e-12, 1.38857458518e-11, 1.80916861353e-11, 2.99590842585e-12, 3.83951481719e-11, 3.2473159578e-11, 1.37319842997e-11, 6.8847413881e-11, 5.40563462048e-11, 2.29384809758e-11, 2.85833110653e-11, 7.01050242163e-12, 2.07356892074e-11, 2.94219509867e-11, 2.16335682007e-11, 1.88798924411e-11, 1.59059709848e-11, 5.91186058441e-11, 3.50738119104e-11, 5.40454746928e-12], "var": [4.12147670659e-07, 0.0015354284551, 0.000811686564703, 3.03848755721e-05, 0.000113078749564, 1.85600256373e-05, 1.83964630196e-06, 1.0121403875e-06, 3.05130174638e-06, 3.02370551708e-07, 1.09429265649e-08, 2.53754905088e-07, 4.45023687234e-07, 1.0889697144e-08, 3.53560579924e-07, 1.88593194395e-08, 1.40173792573e-08, 1.06547624057e-08, 1.86695707782e-08, 4.29848832084e-08, 1.30747164206e-08, 1.46059671025e-08, 1.10845874701e-08, 1.13822213876e-08, 2.24079368394e-08, 1.17900809116e-08, 4.38176828155e-09]}, "erbbands": {"dmean": [0.333700329065, 4.05898141861, 12.5530662537, 8.0800447464, 11.3105516434, 8.16866588593, 12.2325792313, 11.4681034088, 7.57819271088, 6.17226362228, 6.98382377625, 9.21269607544, 3.62834262848, 12.9369907379, 2.52253103256, 2.8122844696, 10.0447731018, 2.42000961304, 16.683008194, 6.46266698837, 4.18741083145, 2.35119867325, 2.17929673195, 2.63967037201, 2.16876220703, 3.13387036324, 2.95046830177, 1.35603737831, 1.63766300678, 1.33176124096, 1.3746752739, 1.05754721165, 0.826949179173, 0.634790360928, 0.612313270569, 0.315704673529, 0.0782241970301, 0.0246743541211, 0.00493362825364, 0.000374464172637], "dmean2": [0.539130330086, 7.0955286026, 21.5890865326, 13.1083917618, 18.9145240784, 13.7113618851, 18.0909900665, 17.4278469086, 12.1171693802, 10.1731491089, 10.4710092545, 12.7587089539, 5.67736196518, 18.9196643829, 4.12660932541, 4.32280254364, 14.7055034637, 3.89205217361, 24.6665019989, 10.6809940338, 7.43745708466, 4.1094918251, 3.86130261421, 4.57984161377, 3.77381300926, 5.67434263229, 4.63811302185, 2.20517015457, 2.70975804329, 2.05448961258, 2.20801949501, 1.66390943527, 1.24306201935, 0.913378417492, 0.9527567029, 0.479107379913, 0.117065154016, 0.0371135435998, 0.00737450784072, 0.00054428569274], "dvar": [0.656952261925, 108.892547607, 880.378234863, 341.124633789, 2092.22045898, 766.799560547, 362.138397217, 481.276763916, 143.158676147, 114.217445374, 159.645507812, 432.647796631, 40.3697547913, 174.94670105, 31.6679058075, 29.4222869873, 198.75869751, 25.1948204041, 520.733825684, 144.544296265, 47.9331855774, 50.5034065247, 38.6199035645, 61.4478149414, 40.1016311646, 128.865112305, 53.3250274658, 18.8714923859, 23.2139358521, 10.5533876419, 8.68817234039, 4.15957546234, 2.92580270767, 1.40714144707, 1.5896781683, 0.355863064528, 0.0346902012825, 0.00248351390474, 0.000111016670417, 4.39425235754e-07], "dvar2": [1.71311271191, 305.539825439, 2490.12939453, 883.282348633, 5387.56445312, 2099.20117188, 923.735961914, 1211.00793457, 380.244628906, 294.707275391, 373.480316162, 878.313476562, 104.882209778, 360.192199707, 80.2917785645, 67.5400314331, 427.249694824, 62.4466819763, 1150.68798828, 409.250427246, 132.985183716, 136.222717285, 107.272964478, 167.297927856, 109.37727356, 368.318664551, 139.619064331, 49.7876243591, 60.8998680115, 23.0973796844, 21.722618103, 10.7496538162, 6.54054832458, 2.99655127525, 3.91322135925, 0.817723453045, 0.0880783721805, 0.00589406536892, 0.000261691369815, 1.01962837107e-06], "max": [7.10601997375, 100.351905823, 268.066925049, 366.332733154, 548.787536621, 394.642608643, 305.654205322, 402.499206543, 240.000518799, 151.291534424, 169.375839233, 428.920410156, 86.1475753784, 169.951843262, 96.4885406494, 95.6529312134, 193.025756836, 54.5518112183, 219.556106567, 148.00088501, 78.6651382446, 90.3041687012, 82.1535873413, 104.347457886, 72.3865356445, 109.585113525, 65.630607605, 60.5846252441, 46.7728652954, 40.0387916565, 25.1647930145, 19.0093383789, 16.3396377563, 13.1863965988, 13.2895965576, 4.86166572571, 2.22049736977, 0.480129003525, 0.11793243885, 0.00632081739604], "mean": [0.452063381672, 5.18703746796, 20.1225967407, 12.8146696091, 11.6433973312, 12.868481636, 36.5873146057, 41.7585144043, 17.1509780884, 13.3609008789, 18.581571579, 24.1785297394, 6.60857105255, 20.9519062042, 5.73996973038, 9.59679317474, 37.3669319153, 5.24427604675, 32.5454788208, 11.1255578995, 6.48994016647, 3.24124217033, 3.12238693237, 3.57192993164, 2.51237106323, 3.11534070969, 3.20377707481, 1.70641326904, 1.65151417255, 1.51726996899, 1.44038236141, 1.11150598526, 0.897725939751, 0.691492557526, 0.557678699493, 0.300395846367, 0.0768489167094, 0.0235525872558, 0.00477827619761, 0.000410626787925], "median": [0.0234862994403, 0.203858688474, 1.3118519783, 1.40880274773, 3.75635623932, 6.89801931381, 28.669916153, 36.825050354, 10.1518745422, 8.1375617981, 8.31665992737, 7.90971469879, 4.55244445801, 15.5785293579, 2.45146155357, 5.94832038879, 31.1452941895, 4.02675199509, 20.8002929688, 7.93950510025, 5.04491519928, 2.06477069855, 1.58158636093, 1.44825792313, 0.996803283691, 1.25522840023, 1.14446640015, 0.662522256374, 0.312872469425, 0.287808299065, 0.319690614939, 0.241647392511, 0.173058405519, 0.123618401587, 0.0755950808525, 0.0329802073538, 0.00845228694379, 0.00244293827564, 0.000449096085504, 0.000111352041131], "min": [1.14761122827e-09, 2.65922728282e-10, 6.02239702552e-10, 1.90766851205e-08, 6.86478074385e-08, 3.55771476279e-07, 1.43128886521e-07, 2.60853425971e-07, 1.20055995012e-06, 1.64810160186e-07, 5.17668240718e-07, 3.27415648371e-07, 6.0223840137e-07, 5.39215932349e-07, 1.55319548867e-06, 1.1428498965e-06, 1.68591759575e-06, 9.78000798568e-07, 2.09806853491e-06, 2.21433924708e-06, 4.83385292682e-06, 1.45574756516e-06, 1.17236641017e-06, 1.3190261825e-06, 6.51450193345e-07, 1.05424885533e-06, 8.56264591675e-07, 1.16020214591e-06, 7.24559413356e-07, 5.93174263486e-07, 5.26433836967e-07, 6.09126914242e-07, 4.78085951272e-07, 5.7183382296e-07, 2.14626126649e-07, 2.70860311957e-07, 2.08919903599e-08, 5.0127013651e-09, 7.58463070127e-10, 7.71630745411e-11], "var": [0.716300785542, 101.344718933, 1070.52441406, 421.565093994, 1604.34411621, 598.978637695, 968.744018555, 1301.79748535, 376.124786377, 247.74559021, 495.539916992, 2326.04663086, 63.083442688, 404.97857666, 127.861778259, 153.774154663, 1083.68640137, 27.8764286041, 1216.50720215, 150.908859253, 50.1565818787, 39.7000770569, 31.4045352936, 51.5551872253, 31.2013587952, 80.1465148926, 45.8118362427, 16.3886909485, 19.9521598816, 13.3211593628, 8.61691474915, 4.23615264893, 3.52475857735, 1.81754684448, 1.57599043846, 0.40131509304, 0.0335761904716, 0.00263724057004, 0.000121699296869, 5.4543488659e-07]}, "gfcc": {"mean": [-38.3825263977, 98.1596832275, -92.6558380127, -1.71472024918, -49.4991378784, 0.412523329258, -46.6390266418, -9.84680747986, -23.0657253265, 7.39581298828, -11.865691185, -3.45271229744, -3.69078660011], "cov": [[16787.6308594, -381.787963867, 2908.10961914, 2690.49194336, 902.874633789, 1427.70153809, 806.888427734, 1492.91210938, 650.02331543, 393.212463379, 40.9315986633, 447.20703125, -188.852722168], [-381.787963867, 1971.99633789, 102.493545532, 140.114181519, 535.650512695, 47.0428581238, 192.459472656, -156.263931274, 87.5430908203, -17.7563400269, 153.063461304, -168.891021729, -72.6791687012], [2908.10961914, 102.493545532, 1330.25939941, 875.986877441, 527.305725098, 546.256469727, 339.464935303, 415.506347656, 240.063659668, 74.0200958252, -34.1600227356, 70.1571655273, -90.0785446167], [2690.49194336, 140.114181519, 875.986877441, 1042.55200195, 438.269134521, 450.979919434, 374.201538086, 484.373931885, 229.817825317, 31.9316329956, -19.700006485, 92.4435195923, -68.5237045288], [902.874633789, 535.650512695, 527.305725098, 438.269134521, 519.906616211, 344.061248779, 203.80241394, 125.451469421, 132.95652771, 41.8500709534, 13.9329996109, -24.6014614105, -60.237071991], [1427.70153809, 47.0428581238, 546.256469727, 450.979919434, 344.061248779, 453.028259277, 220.111206055, 214.085510254, 105.624572754, 42.1315612793, -15.5835046768, 39.7586212158, -45.2417449951], [806.888427734, 192.459472656, 339.464935303, 374.201538086, 203.80241394, 220.111206055, 280.336395264, 253.375930786, 95.2113800049, 1.32743108273, 23.1237983704, 34.3688354492, -41.7850608826], [1492.91210938, -156.263931274, 415.506347656, 484.373931885, 125.451469421, 214.085510254, 253.375930786, 436.089385986, 162.020492554, 30.3570785522, -12.7170181274, 103.720878601, -17.8934402466], [650.02331543, 87.5430908203, 240.063659668, 229.817825317, 132.95652771, 105.624572754, 95.2113800049, 162.020492554, 141.354690552, 49.4706001282, -2.16639685631, 18.2230415344, -9.69512557983], [393.212463379, -17.7563400269, 74.0200958252, 31.9316329956, 41.8500709534, 42.1315612793, 1.32743108273, 30.3570785522, 49.4706001282, 80.3312072754, 30.2584552765, 7.71536016464, -3.3842253685], [40.9315986633, 153.063461304, -34.1600227356, -19.700006485, 13.9329996109, -15.5835046768, 23.1237983704, -12.7170181274, -2.16639685631, 30.2584552765, 87.4228134155, 24.1440563202, -0.476193219423], [447.20703125, -168.891021729, 70.1571655273, 92.4435195923, -24.6014614105, 39.7586212158, 34.3688354492, 103.720878601, 18.2230415344, 7.71536016464, 24.1440563202, 110.666671753, 39.5809059143], [-188.852722168, -72.6791687012, -90.0785446167, -68.5237045288, -60.237071991, -45.2417449951, -41.7850608826, -17.8934402466, -9.69512557983, -3.3842253685, -0.476193219423, 39.5809059143, 71.1396102905]], "icov": [[0.000160017065355, -0.000156043126481, -0.000176074710907, -0.000305036635837, 0.000384122191463, -0.000313761411235, 0.000500595837366, -0.000388657586882, 0.000422599056037, -0.00068523187656, 6.6276974394e-05, -0.000227281998377, 0.000222489659791], [-0.000156043126481, 0.00209637731314, 0.000307944661472, 0.000236845269683, -0.00259391544387, 0.00141192402225, -0.00165351643227, 0.00156805722509, -0.0026800876949, 0.00382444309071, -0.00432646088302, 0.00302512547933, -0.00142511667218], [-0.000176074710907, 0.000307944661472, 0.00256753480062, -0.000633223855402, -0.0012983425986, -0.000363428669516, -0.000831370358355, 0.000909218972083, -0.00141220469959, -6.54891919112e-05, 0.00122185505461, -0.00118970603216, 0.00137273687869], [-0.000305036635837, 0.000236845269683, -0.000633223855402, 0.0044348849915, -0.0019483679207, 0.000283711910015, -0.00118638935965, -0.00149701617192, -0.00161857833154, 0.00287127331831, 8.74918114278e-05, -0.000654283503536, 0.000640102138277], [0.000384122191463, -0.00259391544387, -0.0012983425986, -0.0019483679207, 0.0107087129727, -0.00587822776288, 0.00109552254435, 0.00121681031305, -0.00134063186124, -0.0032059114892, 0.00172205804847, -0.000333990348736, 0.000989868771285], [-0.000313761411235, 0.00141192402225, -0.000363428669516, 0.000283711910015, -0.00587822776288, 0.00990310497582, -0.00636340025812, 0.00253819860518, 0.00194405508228, -0.00347472541034, 0.00445358688012, -0.00307361315936, 0.000483569601784], [0.000500595837366, -0.00165351643227, -0.000831370358355, -0.00118638935965, 0.00109552254435, -0.00636340025812, 0.0209392122924, -0.0130306389183, 0.0030716098845, 0.00739511335269, -0.0109229097143, 0.00640030065551, 0.000482664181618], [-0.000388657586882, 0.00156805722509, 0.000909218972083, -0.00149701617192, 0.00121681031305, 0.00253819860518, -0.0130306389183, 0.017485242337, -0.0107187312096, -0.0011360734934, 0.00634435843676, -0.00903781037778, 0.0032243989408], [0.000422599056037, -0.0026800876949, -0.00141220469959, -0.00161857833154, -0.00134063186124, 0.00194405508228, 0.0030716098845, -0.0107187312096, 0.0278462488204, -0.0175099801272, 0.00838744081557, 0.000410914188251, -0.0029646481853], [-0.00068523187656, 0.00382444309071, -6.54891919112e-05, 0.00287127331831, -0.0032059114892, -0.00347472541034, 0.00739511335269, -0.0011360734934, -0.0175099801272, 0.0382537394762, -0.025170205161, 0.0126423789188, -0.00386457960121], [6.6276974394e-05, -0.00432646088302, 0.00122185505461, 8.74918114278e-05, 0.00172205804847, 0.00445358688012, -0.0109229097143, 0.00634435843676, 0.00838744081557, -0.025170205161, 0.0392051152885, -0.0232453048229, 0.00999912712723], [-0.000227281998377, 0.00302512547933, -0.00118970603216, -0.000654283503536, -0.000333990348736, -0.00307361315936, 0.00640030065551, -0.00903781037778, 0.000410914188251, 0.0126423789188, -0.0232453048229, 0.0342959091067, -0.0189806893468], [0.000222489659791, -0.00142511667218, 0.00137273687869, 0.000640102138277, 0.000989868771285, 0.000483569601784, 0.000482664181618, 0.0032243989408, -0.0029646481853, -0.00386457960121, 0.00999912712723, -0.0189806893468, 0.027826115489]]}, "melbands": {"dmean": [0.0036638432648, 0.0061659780331, 0.00154440326151, 0.000745895260479, 0.000381547375582, 0.000261116947513, 0.000117576528282, 6.47476699669e-05, 6.0149221099e-05, 5.12250553584e-05, 1.88431185961e-05, 5.72597164137e-05, 7.47465355744e-06, 8.53620258567e-06, 1.88245758181e-05, 1.40473439387e-05, 3.73314924218e-06, 2.5310440833e-05, 1.29129875859e-05, 6.51490881864e-06, 4.7498283493e-06, 2.37621611632e-06, 2.83110216515e-06, 1.68351459706e-06, 2.29898796533e-06, 1.80451263532e-06, 1.35371919896e-06, 2.44788657255e-06, 2.18503873839e-06, 1.2980253814e-06, 6.24355436685e-07, 9.47571720644e-07, 8.09715970718e-07, 7.50116498693e-07, 7.4647226711e-07, 8.07057574548e-07, 6.32159924407e-07, 5.71443592889e-07, 5.79095058129e-07, 5.07553806983e-07], "dmean2": [0.00613916711882, 0.0107388617471, 0.002530856058, 0.00124895083718, 0.000575123529416, 0.000386884057662, 0.000188873891602, 0.000104358550743, 8.83193206391e-05, 7.13180343155e-05, 2.95920999633e-05, 8.38007690618e-05, 1.27770390463e-05, 1.30512144096e-05, 2.76129794656e-05, 2.10037233046e-05, 6.19002230451e-06, 3.73341244995e-05, 2.03747731575e-05, 1.09948832687e-05, 8.442849321e-06, 4.12730196331e-06, 5.0527064559e-06, 2.96304278891e-06, 3.98152087655e-06, 3.09871893478e-06, 2.3922186756e-06, 4.50724110124e-06, 3.61665820492e-06, 2.0134452825e-06, 1.03744878288e-06, 1.59901026109e-06, 1.27678401896e-06, 1.17722629511e-06, 1.24119048905e-06, 1.24462883377e-06, 1.04632920284e-06, 8.99004248822e-07, 8.23966217922e-07, 7.50818344386e-07], "dvar": [8.60139334691e-05, 0.000222687565838, 1.27259409055e-05, 9.04735225049e-06, 4.17901986793e-07, 2.22471911115e-07, 3.34111440736e-08, 1.23496723958e-08, 1.11529310232e-08, 1.33676296699e-08, 1.03379926841e-09, 3.43696449079e-09, 2.92352586584e-10, 4.72337280399e-10, 6.93107626848e-10, 4.75905759245e-10, 7.2307965171e-11, 1.1726827287e-09, 5.99174765359e-10, 1.38454581133e-10, 6.57425572315e-11, 6.42850495058e-11, 4.36112708446e-11, 2.52350397523e-11, 4.63650021154e-11, 2.68761211203e-11, 1.45292727502e-11, 9.56941539898e-11, 4.12895134749e-11, 9.28142632195e-12, 5.58718869781e-12, 8.48531488129e-12, 4.95260039576e-12, 2.9770070957e-12, 2.88875802619e-12, 2.27094558436e-12, 1.69996514695e-12, 1.5813433462e-12, 1.26254714149e-12, 9.46770981926e-13], "dvar2": [0.000234371254919, 0.000628576322924, 3.22907944792e-05, 2.39073251578e-05, 1.08128654119e-06, 5.50493837181e-07, 8.82682869019e-08, 3.07796241827e-08, 2.62896033831e-08, 2.76852265557e-08, 2.68423572258e-09, 7.06045977239e-09, 7.84916187602e-10, 9.29592847143e-10, 1.45842626864e-09, 1.12406706165e-09, 1.81639661645e-10, 2.57687005067e-09, 1.61537161425e-09, 3.89217574837e-10, 1.85216342263e-10, 1.74071923542e-10, 1.21370274941e-10, 7.03198957397e-11, 1.26517157861e-10, 7.20537657317e-11, 4.03571655261e-11, 2.75904771252e-10, 1.14552110853e-10, 2.26242705126e-11, 1.51021365552e-11, 2.2892509069e-11, 1.21285004609e-11, 6.11340752327e-12, 7.37929509165e-12, 5.592416287e-12, 4.48419166382e-12, 3.75425428592e-12, 2.39600505235e-12, 2.14224536547e-12], "max": [0.0892808586359, 0.129020869732, 0.0527785345912, 0.0357936732471, 0.00957325752825, 0.00857942551374, 0.00353605719283, 0.00154870504048, 0.00152551603969, 0.00233840080909, 0.000438121263869, 0.00075163069414, 0.00026263014297, 0.000551269331481, 0.000358206685632, 0.000253111822531, 0.000101671656012, 0.000336257711751, 0.000298268336337, 0.000115108930913, 0.000102530248114, 0.000103517748357, 8.7338303274e-05, 6.30892609479e-05, 9.26247012103e-05, 6.84867409291e-05, 3.950278915e-05, 9.91630804492e-05, 6.41692677164e-05, 3.93249792978e-05, 3.38863246725e-05, 2.70241343969e-05, 2.93383764074e-05, 2.11469687201e-05, 1.47066466525e-05, 1.24722373585e-05, 1.26803815874e-05, 1.09727434392e-05, 1.26165850816e-05, 1.03486818261e-05], "mean": [0.00483641773462, 0.00942802149802, 0.00234856596217, 0.000889446935616, 0.00117247179151, 0.000943002989516, 0.000244938273681, 0.000150012725499, 0.000164808705449, 0.000129551117425, 3.00254469039e-05, 9.1975191026e-05, 1.26947725221e-05, 2.43300710281e-05, 7.06535283825e-05, 4.88466539537e-05, 4.95339054396e-06, 4.9398655392e-05, 2.43152899202e-05, 1.01616133179e-05, 6.85284567226e-06, 2.95997278954e-06, 3.8303492147e-06, 2.23663209908e-06, 3.03586011796e-06, 2.2094468477e-06, 1.60217462053e-06, 2.14304213841e-06, 2.11846759157e-06, 1.63775757756e-06, 7.54084055643e-07, 9.0730827651e-07, 8.64549008384e-07, 8.37577317725e-07, 7.69057635353e-07, 8.53790140809e-07, 6.40133407614e-07, 5.86125054269e-07, 6.84047279265e-07, 5.3217382856e-07], "median": [0.00022048248502, 0.000587762915529, 0.000297558784951, 0.000400634860853, 0.000896441168152, 0.000838064064737, 0.000136968446895, 7.81969720265e-05, 7.98925684649e-05, 3.89952838304e-05, 2.0171621145e-05, 6.79518998368e-05, 5.0765920605e-06, 4.77778758068e-06, 5.92917058384e-05, 4.06794933951e-05, 2.8030658541e-06, 3.17443737003e-05, 1.6522972146e-05, 7.08489278622e-06, 5.04624858877e-06, 1.67715552379e-06, 2.1470405045e-06, 1.00648685475e-06, 1.15295779324e-06, 7.57179691391e-07, 6.78555522882e-07, 7.27578765236e-07, 6.95149424246e-07, 7.54431653149e-07, 2.19383878175e-07, 1.72821074784e-07, 1.44306099514e-07, 1.53907421918e-07, 1.93650407709e-07, 1.59013495704e-07, 1.41483411653e-07, 1.09712161134e-07, 1.39334474625e-07, 8.99728860304e-08], "min": [5.55993532464e-12, 6.31814411445e-14, 9.61719592851e-12, 1.47428787928e-11, 1.38113062653e-11, 2.01060609134e-12, 1.62360645761e-11, 1.3488608017e-12, 5.10980971077e-12, 1.83975469407e-12, 3.04405762749e-12, 1.88746544436e-12, 2.10174239124e-12, 4.81457495399e-12, 2.15946813382e-12, 2.36978969434e-12, 1.61096841162e-12, 2.77036228159e-12, 3.08942585056e-12, 3.71725740467e-12, 5.30500209733e-12, 9.96333549518e-13, 6.08441357193e-13, 1.26429086384e-12, 9.88850169283e-13, 3.3067266373e-13, 5.98563895931e-13, 6.28828640634e-13, 2.74931038222e-13, 1.04054807305e-12, 4.57849090672e-13, 3.47609040077e-13, 4.35385966646e-13, 1.39591178785e-13, 2.61905406217e-13, 3.52298783679e-13, 3.00470748543e-13, 9.87068635378e-14, 3.42290215269e-13, 3.74772316045e-13], "var": [8.43040543259e-05, 0.000241597124841, 1.50598652908e-05, 6.69517658025e-06, 1.09581776542e-06, 6.46694843454e-07, 8.68923706321e-08, 3.16665982325e-08, 3.9758337067e-08, 6.83410519287e-08, 1.51743895227e-09, 7.88669929364e-09, 5.29977062236e-10, 4.87844742381e-09, 3.87015575143e-09, 1.81763581963e-09, 7.23190535235e-11, 2.77558753758e-09, 7.26930460271e-10, 1.39111958064e-10, 6.5340365063e-11, 4.76450580378e-11, 3.8205480446e-11, 1.89511115134e-11, 3.91323640159e-11, 2.29228112186e-11, 1.11876471628e-11, 5.61466845239e-11, 2.90358553173e-11, 9.47420180503e-12, 4.7237218477e-12, 6.67525496684e-12, 5.29826486503e-12, 3.94495243763e-12, 2.66561187186e-12, 2.4537327465e-12, 1.58299838082e-12, 1.67599831583e-12, 1.83860804186e-12, 1.11085110294e-12]}, "mfcc": {"mean": [-697.275939941, 142.919006348, 11.4929628372, 7.0466170311, 7.30044698715, 1.1209924221, -10.0757789612, -18.4542922974, -8.72755718231, -0.0835325792432, -6.86997652054, -4.51369142532, -5.21513748169], "cov": [[13176.6972656, 526.560241699, 1387.08862305, 1774.34069824, 1254.5859375, 850.955932617, 914.840026855, 1315.51953125, 1060.69665527, 736.443603516, 440.021789551, 615.796203613, 592.014282227], [526.560241699, 1280.02270508, 49.4055709839, 239.766418457, 230.696609497, 168.984390259, 130.355865479, 39.9554443359, 0.470833271742, 56.8624839783, 138.993545532, 57.2426605225, -19.0924606323], [1387.08862305, 49.4055709839, 715.869689941, 394.001800537, 380.291564941, 326.483428955, 212.715606689, 294.400146484, 216.32321167, 177.348480225, 145.863739014, 103.889396667, 71.9596405029], [1774.34069824, 239.766418457, 394.001800537, 660.848510742, 407.432067871, 266.916778564, 286.508056641, 420.688049316, 317.057434082, 196.623168945, 175.637008667, 157.880050659, 145.1353302], [1254.5859375, 230.696609497, 380.291564941, 407.432067871, 475.370239258, 347.172454834, 232.058288574, 293.609863281, 252.690765381, 177.686813354, 120.648269653, 113.541221619, 98.1224060059], [850.955932617, 168.984390259, 326.483428955, 266.916778564, 347.172454834, 360.660491943, 229.508148193, 224.711639404, 173.159637451, 121.033103943, 93.2851333618, 85.2498168945, 67.4140701294], [914.840026855, 130.355865479, 212.715606689, 286.508056641, 232.058288574, 229.508148193, 298.169616699, 310.424163818, 202.989654541, 111.224006653, 92.5707092285, 130.601364136, 109.579841614], [1315.51953125, 39.9554443359, 294.400146484, 420.688049316, 293.609863281, 224.711639404, 310.424163818, 479.041412354, 338.075897217, 155.872787476, 113.32019043, 162.567779541, 164.635665894], [1060.69665527, 0.470833271742, 216.32321167, 317.057434082, 252.690765381, 173.159637451, 202.989654541, 338.075897217, 315.309326172, 161.771286011, 80.1110305786, 113.826034546, 125.421218872], [736.443603516, 56.8624839783, 177.348480225, 196.623168945, 177.686813354, 121.033103943, 111.224006653, 155.872787476, 161.771286011, 161.833053589, 100.626472473, 66.8590164185, 54.0934944153], [440.021789551, 138.993545532, 145.863739014, 175.637008667, 120.648269653, 93.2851333618, 92.5707092285, 113.32019043, 80.1110305786, 100.626472473, 142.647476196, 78.2595977783, 38.3959312439], [615.796203613, 57.2426605225, 103.889396667, 157.880050659, 113.541221619, 85.2498168945, 130.601364136, 162.567779541, 113.826034546, 66.8590164185, 78.2595977783, 137.33480835, 92.629119873], [592.014282227, -19.0924606323, 71.9596405029, 145.1353302, 98.1224060059, 67.4140701294, 109.579841614, 164.635665894, 125.421218872, 54.0934944153, 38.3959312439, 92.629119873, 115.659545898]], "icov": [[0.000144966019434, -4.1531806346e-05, -0.000109213557153, -0.0002860785753, 9.06056520762e-05, -3.90615423385e-05, 8.52735465742e-05, -5.77615319344e-05, 0.000196325723664, -0.000554855563678, 0.00050630926853, -0.000285120506305, -0.000267740251729], [-4.1531806346e-05, 0.00118907890283, 0.000507481046952, -0.000295160076348, -0.00108179741073, 0.000328081281623, -0.000961138051935, 0.000654546602163, 0.000188179677934, 0.000875897763763, -0.00137334840838, -1.26921459014e-05, 0.0010213193018], [-0.000109213557153, 0.000507481046952, 0.00347007159144, -0.000660722667817, -0.000517801207025, -0.0024460060522, 0.00186335260514, -0.00230844365433, 0.00203379220329, -0.00138511275873, -0.000558222061954, -0.000582651235163, 0.0017927819863], [-0.0002860785753, -0.000295160076348, -0.000660722667817, 0.00665669841692, -0.00425351271406, 0.00329221738502, -0.00155501731206, -0.00191868119873, -0.00138034066185, 0.00268279528245, -0.00466397823766, 0.00258938036859, -0.000915760989301], [9.06056520762e-05, -0.00108179741073, -0.000517801207025, -0.00425351271406, 0.0149499606341, -0.0115948235616, 0.00569672044367, -0.000956887030043, -0.000992620829493, -0.00569750275463, 0.00490184221417, -0.00306584406644, -0.000373587099602], [-3.90615423385e-05, 0.000328081281623, -0.0024460060522, 0.00329221738502, -0.0115948235616, 0.0178073141724, -0.0119821326807, 0.00518989842385, -0.00291659263894, 0.0053309253417, -0.0044193691574, 0.00449550757185, -0.000396881165216], [8.52735465742e-05, -0.000961138051935, 0.00186335260514, -0.00155501731206, 0.00569672044367, -0.0119821326807, 0.021962441504, -0.014286394231, 0.00790044851601, -0.00728051038459, 0.00540286256, -0.00762489298359, 0.00102671422064], [-5.77615319344e-05, 0.000654546602163, -0.00230844365433, -0.00191868119873, -0.000956887030043, 0.00518989842385, -0.014286394231, 0.0240590125322, -0.0187045317143, 0.0113877533004, -0.00609818613157, 0.00259110308252, -0.00377054233104], [0.000196325723664, 0.000188179677934, 0.00203379220329, -0.00138034066185, -0.000992620829493, -0.00291659263894, 0.00790044851601, -0.0187045317143, 0.0293093323708, -0.0197236016393, 0.0109960064292, -0.00263593159616, -0.00292288977653], [-0.000554855563678, 0.000875897763763, -0.00138511275873, 0.00268279528245, -0.00569750275463, 0.0053309253417, -0.00728051038459, 0.0113877533004, -0.0197236016393, 0.0315116681159, -0.0186760760844, 0.00588387157768, 0.00103233114351], [0.00050630926853, -0.00137334840838, -0.000558222061954, -0.00466397823766, 0.00490184221417, -0.0044193691574, 0.00540286256, -0.00609818613157, 0.0109960064292, -0.0186760760844, 0.0259895753115, -0.0122203044593, 0.00333028845489], [-0.000285120506305, -1.26921459014e-05, -0.000582651235163, 0.00258938036859, -0.00306584406644, 0.00449550757185, -0.00762489298359, 0.00259110308252, -0.00263593159616, 0.00588387157768, -0.0122203044593, 0.0261520612985, -0.0146942110732], [-0.000267740251729, 0.0010213193018, 0.0017927819863, -0.000915760989301, -0.000373587099602, -0.000396881165216, 0.00102671422064, -0.00377054233104, -0.00292288977653, 0.00103233114351, 0.00333028845489, -0.0146942110732, 0.0285110101104]]}, "spectral_contrast_coeffs": {"dmean": [0.0480449348688, 0.0467030107975, 0.0494570694864, 0.0372168160975, 0.0263900440186, 0.0216126851737], "dmean2": [0.0790126770735, 0.0733947977424, 0.0761287659407, 0.0607217438519, 0.0433406941593, 0.0341663695872], "dvar": [0.00185321574099, 0.00165111024398, 0.00161433662288, 0.00111768394709, 0.000610687828157, 0.000487553770654], "dvar2": [0.00474166264758, 0.0040546702221, 0.00383931561373, 0.00273284222931, 0.00149010750465, 0.00113489245996], "max": [-0.193269759417, -0.260377079248, -0.415031433105, -0.402956038713, -0.582317233086, -0.609540700912], "mean": [-0.574769616127, -0.645055472851, -0.70689612627, -0.693149030209, -0.78775459528, -0.793237745762], "median": [-0.600957393646, -0.643313705921, -0.704828619957, -0.696443378925, -0.789060950279, -0.798951685429], "min": [-0.85918712616, -0.891793012619, -0.973786532879, -0.958860397339, -0.924806833267, -0.923993289471], "var": [0.0122258793563, 0.00611826498061, 0.00457246042788, 0.00598364882171, 0.00178748683538, 0.00142401177436]}, "spectral_contrast_valleys": {"dmean": [0.557295799255, 0.416953980923, 0.543119192123, 0.487903237343, 0.486970186234, 0.620403766632], "dmean2": [0.870401918888, 0.677058756351, 0.874725401402, 0.778245687485, 0.74447709322, 0.803423702717], "dvar": [0.378987044096, 0.179699912667, 0.285340219736, 0.26566323638, 0.311131805182, 0.398324966431], "dvar2": [0.756400883198, 0.393047720194, 0.668835043907, 0.627110898495, 0.727372467518, 0.943250238895], "max": [-4.59208393097, -4.7781457901, -5.6323184967, -5.85122394562, -5.6397190094, -8.13936042786], "mean": [-7.9756436348, -7.08284044266, -8.