{"lowlevel": {"average_loudness": 0.936559736729, "barkbands_crest": {"dmean": 3.90563225746, "dmean2": 6.42678356171, "dvar": 10.5505428314, "dvar2": 26.3346920013, "max": 26.3783817291, "mean": 11.6831769943, "median": 10.8058872223, "min": 2.54916191101, "var": 25.2487239838}, "barkbands_flatness_db": {"dmean": 0.0323814563453, "dmean2": 0.0513039827347, "dvar": 0.000916447606869, "dvar2": 0.00205962616019, "max": 0.395671516657, "mean": 0.129578053951, "median": 0.122649952769, "min": 0.0175311584026, "var": 0.00341652147472}, "barkbands_kurtosis": {"dmean": 8.4686422348, "dmean2": 13.5557060242, "dvar": 676.113098145, "dvar2": 1533.54870605, "max": 793.61505127, "mean": 11.1687526703, "median": 4.29632854462, "min": -1.89245796204, "var": 1053.74645996}, "barkbands_skewness": {"dmean": 0.966673612595, "dmean2": 1.51358604431, "dvar": 1.37051713467, "dvar2": 3.04560804367, "max": 26.0072956085, "mean": 2.41445970535, "median": 2.19021058083, "min": -2.17628479004, "var": 4.52278995514}, "barkbands_spread": {"dmean": 9.0039806366, "dmean2": 14.2752275467, "dvar": 78.6650466919, "dvar2": 186.466262817, "max": 98.0232315063, "mean": 27.7776756287, "median": 24.219877243, "min": 0.381891995668, "var": 334.570587158}, "dissonance": {"dmean": 0.00939289201051, "dmean2": 0.0160300601274, "dvar": 9.55183350015e-05, "dvar2": 0.000260853237705, "max": 0.500000119209, "mean": 0.485092490911, "median": 0.488586604595, "min": 0.378481954336, "var": 0.000161369156558}, "dynamic_complexity": 3.9161272049, "erbbands_crest": {"dmean": 1.80291163921, "dmean2": 2.9077603817, "dvar": 2.64252638817, "dvar2": 6.1617398262, "max": 24.6585865021, "mean": 6.10977172852, "median": 5.5746383667, "min": 2.00893688202, "var": 6.8376288414}, "erbbands_flatness_db": {"dmean": 0.0176034439355, "dmean2": 0.0234897844493, "dvar": 0.000399363780161, "dvar2": 0.000705347803887, "max": 0.250313788652, "mean": 0.111973278224, "median": 0.107193179429, "min": 0.0376089550555, "var": 0.00193381495774}, "erbbands_kurtosis": {"dmean": 0.601176023483, "dmean2": 0.924139142036, "dvar": 0.630450248718, "dvar2": 1.38839125633, "max": 14.1999511719, "mean": -0.144640296698, "median": -0.610897064209, "min": -1.79142701626, "var": 2.12813448906}, "erbbands_skewness": {"dmean": 0.296718239784, "dmean2": 0.452569454908, "dvar": 0.0869173407555, "dvar2": 0.191126719117, "max": 2.40364050865, "mean": -0.175529256463, "median": -0.082574762404, "min": -3.18465805054, "var": 0.50854408741}, "erbbands_spread": {"dmean": 11.9401073456, "dmean2": 17.7175788879, "dvar": 137.75970459, "dvar2": 270.026153564, "max": 144.011383057, "mean": 57.9770317078, "median": 53.8390617371, "min": 10.6785650253, "var": 682.922851562}, "hfc": {"dmean": 8.3582277298, "dmean2": 9.69485569, "dvar": 152.114059448, "dvar2": 235.596176147, "max": 120.180725098, "mean": 17.3059329987, "median": 9.93155670166, "min": 1.09800483906e-16, "var": 415.857666016}, "melbands_crest": {"dmean": 4.1797709465, "dmean2": 6.95631933212, "dvar": 11.955291748, "dvar2": 32.6882591248, "max": 33.0226669312, "mean": 16.2176208496, "median": 16.0341892242, "min": 1.69171178341, "var": 30.6623516083}, "melbands_flatness_db": {"dmean": 0.0413585081697, "dmean2": 0.0657191649079, "dvar": 0.00141018815339, "dvar2": 0.00316909537651, "max": 0.513412535191, "mean": 0.213867500424, "median": 0.211682081223, "min": 0.00368169485591, "var": 0.00625476660207}, "melbands_kurtosis": {"dmean": 23.5141239166, "dmean2": 37.9311637878, "dvar": 1777.77697754, "dvar2": 4169.20068359, "max": 560.787841797, "mean": 40.4942398071, "median": 20.6401748657, "min": -1.6728028059, "var": 3992.97851562}, "melbands_skewness": {"dmean": 1.41168439388, "dmean2": 2.23806095123, "dvar": 2.25143909454, "dvar2": 5.21506929398, "max": 18.5607910156, "mean": 4.61329078674, "median": 4.03309965134, "min": -0.354661941528, "var": 8.34134578705}, "melbands_spread": {"dmean": 9.85676670074, "dmean2": 15.9204816818, "dvar": 162.367828369, "dvar2": 386.815734863, "max": 153.755386353, "mean": 23.1636314392, "median": 13.5477638245, "min": 0.365705549717, "var": 601.105102539}, "pitch_salience": {"dmean": 0.104165874422, "dmean2": 0.169028043747, "dvar": 0.0080999461934, "dvar2": 0.0212747920305, "max": 0.93849748373, "mean": 0.546765565872, "median": 0.566483795643, "min": 0.0712254196405, "var": 0.0187657158822}, "silence_rate_20dB": {"dmean": 0, "dmean2": 0, "dvar": 0, "dvar2": 0, "max": 1, "mean": 1, "median": 1, "min": 1, "var": 0}, "silence_rate_30dB": {"dmean": 0.0208423789591, "dmean2": 0.0416938103735, "dvar": 0.0204083509743, "dvar2": 0.0525513254106, "max": 1, "mean": 0.985239863396, "median": 1, "min": 0, "var": 0.0145422834903}, "silence_rate_60dB": {"dmean": 0.0512375161052, "dmean2": 0.102497287095, "dvar": 0.0486113838851, "dvar2": 0.112835898995, "max": 1, "mean": 0.0944215357304, "median": 0, "min": 0, "var": 0.0855035334826}, "spectral_centroid": {"dmean": 370.899963379, "dmean2": 586.069030762, "dvar": 159787.125, "dvar2": 345108.46875, "max": 11718.4667969, "mean": 1669.31188965, "median": 1357.30383301, "min": 175.198699951, "var": 1658416.375}, "spectral_complexity": {"dmean": 5.50976991653, "dmean2": 7.09663391113, "dvar": 37.6662521362, "dvar2": 58.2361755371, "max": 63, "mean": 18.7291088104, "median": 16, "min": 0, "var": 190.876358032}, "spectral_decrease": {"dmean": 4.31489333153e-09, "dmean2": 6.73501254767e-09, "dvar": 3.63227017635e-17, "dvar2": 8.109314766e-17, "max": 4.02554682929e-19, "mean": -6.72290845216e-09, "median": -4.24336166205e-09, "min": -5.91039999165e-08, "var": 5.48838505419e-17}, "spectral_energy": {"dmean": 0.0169015545398, "dmean2": 0.0261168275028, "dvar": 0.000552651938051, "dvar2": 0.00121774931904, "max": 0.227371186018, "mean": 0.0269434899092, "median": 0.0169603060931, "min": 9.95229866473e-21, "var": 0.000858170969877}, "spectral_energyband_high": {"dmean": 0.000638954981696, "dmean2": 0.000716941198334, "dvar": 8.75538887612e-07, "dvar2": 1.22359790566e-06, "max": 0.0102304872125, "mean": 0.00117166980635, "median": 0.000530124991201, "min": 7.21933350274e-21, "var": 2.6491720746e-06}, "spectral_energyband_low": {"dmean": 0.0107505153865, "dmean2": 0.0177518799901, "dvar": 0.000262601563009, "dvar2": 0.000645429128781, "max": 0.208029717207, "mean": 0.0149660315365, "median": 0.00880732852966, "min": 2.11324192922e-23, "var": 0.000359559751814}, "spectral_energyband_middle_high": {"dmean": 0.000999515294097, "dmean2": 0.00127888808493, "dvar": 1.93237337953e-06, "dvar2": 3.44563432009e-06, "max": 0.0202033016831, "mean": 0.00255596172065, "median": 0.00171115528792, "min": 1.26399972967e-21, "var": 7.03089290255e-06}, "spectral_energyband_middle_low": {"dmean": 0.0078365765512, "dmean2": 0.012636446394, "dvar": 0.000247156101977, "dvar2": 0.000557586550713, "max": 0.16933222115, "mean": 0.00968686491251, "median": 0.00460127554834, "min": 2.01917910151e-22, "var": 0.000278347171843}, "spectral_entropy": {"dmean": 0.170278176665, "dmean2": 0.251447468996, "dvar": 0.0295232627541, "dvar2": 0.0660887509584, "max": 9.82614326477, "mean": 7.86420822144, "median": 7.85711860657, "min": 6.17686510086, "var": 0.152758181095}, "spectral_flux": {"dmean": 0.0391608066857, "dmean2": 0.062481045723, "dvar": 0.00196248176508, "dvar2": 0.00432961713523, "max": 0.387905716896, "mean": 0.0931966528296, "median": 0.0752030685544, "min": 6.4012115053e-11, "var": 0.00385142257437}, "spectral_kurtosis": {"dmean": 1.15790915489, "dmean2": 1.87285137177, "dvar": 2.32026314735, "dvar2": 6.04678535461, "max": 25.5153617859, "mean": 3.2453417778, "median": 2.79151201248, "min": -1.25721001625, "var": 3.8813354969}, "spectral_rms": {"dmean": 0.00143128633499, "dmean2": 0.00213128514588, "dvar": 2.43591057369e-06, "dvar2": 4.82964378534e-06, "max": 0.0148938093334, "mean": 0.00448060641065, "median": 0.0040677562356, "min": 3.11601655936e-12, "var": 6.21055278316e-06}, "spectral_rolloff": {"dmean": 701.975036621, "dmean2": 1141.45861816, "dvar": 1110459.875, "dvar2": 2365722, "max": 21167.1386719, "mean": 1612.86242676, "median": 602.9296875, "min": 64.599609375, "var": 6258882}, "spectral_skewness": {"dmean": 0.189816236496, "dmean2": 0.29158359766, "dvar": 0.0492769554257, "dvar2": 0.110483311117, "max": 3.9698381424, "mean": 1.25968968868, "median": 1.2606960535, "min": -0.0718720406294, "var": 0.176113307476}, "spectral_spread": {"dmean": 719482.9375, "dmean2": 856221.125, "dvar": 979074351104, "dvar2": 1563379892220.0, "max": 42471344, "mean": 5825582, "median": 5045468.5, "min": 2132141.5, "var": 17867844091900.0}, "spectral_strongpeak": {"dmean": 0.269060134888, "dmean2": 0.45919585228, "dvar": 0.357423990965, "dvar2": 0.983086705208, "max": 11.4242153168, "mean": 0.353079646826, "median": 0.200718775392, "min": 0, "var": 0.315794169903}, "zerocrossingrate": {"dmean": 0.0147672742605, "dmean2": 0.0162037275732, "dvar": 0.000269181997282, "dvar2": 0.000375373783754, "max": 0.52587890625, "mean": 0.0707612484694, "median": 0.05810546875, "min": 0.00341796875, "var": 0.00382793066092}, "barkbands": {"dmean": [0.00039333870518, 0.00760935386643, 0.00408320734277, 0.00342903705314, 0.00409113243222, 0.000719521078281, 0.000181548268301, 0.000241138244746, 0.000223578128498, 0.000194377862499, 0.00012349167082, 0.000149837607751, 0.000121134791698, 0.000116400027764, 0.000130080530653, 0.000175397552084, 0.00014522174024, 9.79274482233e-05, 0.000124226164189, 0.000154619119712, 0.000177227280801, 9.65415529208e-05, 7.24141937098e-05, 6.75411283737e-05, 0.000102584228443, 9.58564560278e-05, 1.13508967843e-05], "dmean2": [0.000686046667397, 0.012732565403, 0.00711637362838, 0.00581403495744, 0.00667028548196, 0.00124296790455, 0.000296043202979, 0.000406803301303, 0.000354066869477, 0.00030451346538, 0.000198683599592, 0.000232290010899, 0.000177025358425, 0.000173321226612, 0.000202316179639, 0.000269912619842, 0.000211111240787, 0.000145541140228, 0.000185034543392, 0.000215506079257, 0.000243221613346, 0.000135687980219, 0.000100966157333, 8.5744955868e-05, 0.000116055976832, 0.000109723594505, 1.29847576318e-05], "dvar": [3.26095289438e-07, 0.00012804515427, 7.46330042602e-05, 3.8021538785e-05, 9.2481415777e-05, 2.68910821433e-06, 1.43812698639e-07, 1.66082728015e-07, 1.25592407585e-07, 1.57262888933e-07, 3.5378921126e-08, 6.07157346622e-08, 4.24919761599e-08, 2.99615479094e-08, 3.74703574835e-08, 7.11790164587e-08, 4.68807606069e-08, 2.07274712949e-08, 3.03238216759e-08, 5.04392829725e-08, 6.52999148087e-08, 2.92584321215e-08, 1.71886203049e-08, 1.74514092066e-08, 3.6376771817e-08, 3.49263302724e-08, 5.81556802715e-10], "dvar2": [8.41991322886e-07, 0.000338297715643, 0.00020533958741, 9.45888023125e-05, 0.000213342995266, 7.51592142478e-06, 3.62426419542e-07, 4.80189669361e-07, 3.15706500942e-07, 3.91380979181e-07, 8.61221209902e-08, 1.4319172692e-07, 8.50600585522e-08, 6.52021583392e-08, 9.04016133063e-08, 1.75014974957e-07, 9.7948905875e-08, 4.74975614395e-08, 6.65691786139e-08, 9.69314655208e-08, 1.18929300186e-07, 4.86925806342e-08, 2.83163679171e-08, 3.29369989061e-08, 5.45724425649e-08, 5.67913502891e-08, 9.06272668022e-10], "max": [0.00408617872745, 0.108124792576, 0.104738637805, 0.0801547765732, 0.094297491014, 0.0224854424596, 0.00541650922969, 0.004872337915, 0.00656757457182, 0.00601382739842, 0.00310234492645, 0.00269591016695, 0.00371307041496, 0.00327461282723, 0.00274807075039, 0.00374882458709, 0.00366465724073, 0.00170009629801, 0.00249516358599, 0.00676758680493, 0.00490365410224, 0.00214578933083, 0.00147733918857, 0.00148582970724, 0.00206207763404, 0.0018029169878, 0.00023531448096], "mean": [0.000344565953128, 0.00905855372548, 0.00416400143877, 0.00350549770519, 0.00412754155695, 0.000952007598244, 0.000247864227276, 0.000367288797861, 0.000436236121459, 0.000262525776634, 0.00021154548449, 0.000224773626542, 0.000196393710212, 0.000201731207198, 0.000231242142036, 0.000353727169568, 0.000314663979225, 0.000177624518983, 0.000218811561354, 0.000327003654093, 0.000343943480402, 0.000148814331624, 0.000109811255243, 9.33290066314e-05, 0.000166595389601, 0.000141804412124, 1.56135738507e-05], "median": [0.000109114720544, 0.00471539748833, 0.00135167944245, 0.00129385781474, 0.00123233138584, 0.000298495433526, 0.000101613499282, 0.000193204497918, 0.000275117956335, 0.000104860700958, 0.000120046250231, 0.000121669625514, 8.35668397485e-05, 0.000110101907921, 0.000116120048915, 0.000170211540535, 0.000148837352754, 9.02557512745e-05, 0.000116478251584, 0.000147779093822, 0.000158814553288, 3.4355383832e-05, 2.03276831598e-05, 1.70101739059e-05, 1.83786014532e-05, 8.02570775704e-06, 6.72631927046e-07], "min": [5.56027672273e-25, 1.56178918674e-24, 5.98821256317e-25, 1.70430361459e-24, 1.23698020552e-23, 1.01138326268e-23, 9.08421610649e-24, 5.98792127628e-24, 2.24568142001e-23, 7.1766912731e-24, 1.16546057702e-23, 1.8849413234e-23, 2.18868195976e-23, 3.1216295715e-23, 4.89083600709e-23, 7.80147084553e-23, 7.86162369836e-23, 8.48912405206e-23, 1.05015580773e-22, 1.93570777276e-22, 2.74755027874e-22, 3.46189424689e-22, 4.03066674609e-22, 6.41981265069e-22, 9.18092022984e-22, 1.18032059601e-21, 2.04843402711e-21], "var": [2.90305251838e-07, 0.000154886889504, 6.64458711981e-05, 3.70350717276e-05, 9.11783936317e-05, 4.19862726631e-06, 1.80362334845e-07, 2.25839585255e-07, 2.66408676453e-07, 2.14432645862e-07, 6.92464112717e-08, 9.21188458847e-08, 8.88753248773e-08, 6.83870666762e-08, 8.44336440764e-08, 2.2500135799e-07, 1.68565335912e-07, 5.2113421134e-08, 7.30950944217e-08, 2.24152131523e-07, 2.34246684272e-07, 6.9910093714e-08, 3.83823675065e-08, 3.29818341527e-08, 9.43748190707e-08, 7.91532244193e-08, 1.22578214246e-09]}, "erbbands": {"dmean": [0.209187597036, 1.80037295818, 4.03209733963, 8.40678691864, 18.680223465, 7.86436414719, 9.13096523285, 3.79371547699, 2.49630427361, 3.18744826317, 5.75592470169, 5.11245298386, 4.25833272934, 6.66783380508, 5.35714817047, 6.00812864304, 5.57073068619, 5.30550050735, 6.47495508194, 6.4917883873, 9.60399150848, 7.64592552185, 4.76551580429, 6.14580869675, 6.71021366119, 7.37280368805, 8.37106704712, 5.87405586243, 3.8921892643, 2.35051584244, 2.01705670357, 1.40433216095, 1.26165485382, 1.05366337299, 0.767296850681, 0.548181295395, 0.144587099552, 0.0214559026062, 0.00191238638945, 0.00010032512364], "dmean2": [0.360955059528, 2.98078536987, 6.79045629501, 14.4748439789, 31.1992263794, 12.5349607468, 14.882522583, 6.49276018143, 4.12370729446, 5.30147981644, 9.50272083282, 8.13269233704, 6.77306699753, 10.4346122742, 8.24736785889, 9.17592144012, 8.15575313568, 7.67932939529, 9.63040733337, 9.67765712738, 14.5216188431, 10.9677886963, 6.78406906128, 8.99066066742, 9.7784318924, 10.3804140091, 11.5371541977, 8.21767902374, 5.45398521423, 3.35221290588, 2.88201141357, 1.85010480881, 1.51318943501, 1.17915594578, 0.896986663342, 0.649712145329, 0.165570482612, 0.0235609002411, 0.00211798446253, 0.000117486641102], "dvar": [0.0837610885501, 7.86007785797, 64.3318252563, 231.439422607, 2068.92700195, 194.781494141, 508.505706787, 57.3717575073, 26.8742408752, 34.7085151672, 80.9583282471, 68.0897064209, 67.9611434937, 173.130630493, 68.9745635986, 90.4029388428, 94.2417068481, 66.6949768066, 89.0711364746, 92.3232116699, 206.668029785, 119.813018799, 46.3996124268, 76.9272232056, 90.0409927368, 118.306892395, 171.663848877, 72.273475647, 46.1573638916, 17.9831962585, 15.0908374786, 6.52371835709, 6.53888511658, 3.66874933243, 2.12878727913, 1.25117623806, 0.0751157328486, 0.00173325964715, 1.54818317242e-05, 4.22526298394e-08], "dvar2": [0.228916436434, 20.2356319427, 167.387420654, 625.958129883, 5000.36083984, 422.853942871, 1332.63061523, 153.868545532, 69.2693786621, 87.3980560303, 221.138153076, 167.413421631, 173.406265259, 424.596435547, 158.509384155, 205.24836731, 191.679382324, 140.933944702, 205.15447998, 215.712814331, 488.44744873, 248.716888428, 104.65146637, 172.99331665, 199.502822876, 234.237319946, 306.137878418, 143.857940674, 79.0037155151, 33.0665550232, 25.4895973206, 12.4137535095, 12.1257705688, 5.23920536041, 3.46828103065, 2.03984498978, 0.12044262886, 0.00265660369769, 2.3961365514e-05, 7.44599404356e-08], "max": [2.76197290421, 29.9381103516, 105.148643494, 193.178817749, 437.755279541, 184.701477051, 340.274536133, 82.7152938843, 71.8550872803, 71.6309967041, 126.972892761, 165.891921997, 130.970275879, 214.677398682, 129.317749023, 116.360237122, 180.176315308, 137.363388062, 176.848297119, 192.972900391, 196.961212158, 179.242538452, 93.9455184937, 100.925437927, 151.457809448, 303.448150635, 310.698242188, 193.992553711, 103.926506042, 48.7643814087, 48.4944496155, 33.7296867371, 26.3399047852, 19.5283184052, 13.9222612381, 11.3677577972, 2.66202425957, 0.401947677135, 0.0414935052395, 0.00194389140233], "mean": [0.235051229596, 2.09723258018, 4.78723716736, 8.50936317444, 17.507516861, 9.32122516632, 11.2792625427, 5.25055980682, 3.59864521027, 4.43305683136, 9.95008277893, 9.95095825195, 6.72697687149, 10.0105199814, 9.14822006226, 9.48124504089, 9.33813381195, 9.84599399567, 12.2172994614, 12.9231033325, 20.940114975, 17.135931015, 9.31979560852, 11.3891649246, 12.8962116241, 15.3904161453, 16.8798789978, 9.71137523651, 6.12729263306, 3.55304884911, 3.10051226616, 1.91487038136, 1.75716269016, 1.72707605362, 1.20720243454, 0.819951713085, 0.212962821126, 0.030871629715, 0.00267580943182, 0.000138861694722], "median": [0.124646656215, 1.00365793705, 1.84476804733, 3.63643074036, 4.45097255707, 3.72157359123, 3.00323796272, 2.03544306755, 1.56112968922, 2.17279338837, 5.747174263, 6.12927770615, 3.56723022461, 4.70097970963, 5.37121725082, 5.24729061127, 4.33815050125, 5.40025472641, 6.67961502075, 7.29667949677, 9.65173244476, 8.82737827301, 5.16550302505, 5.79603338242, 6.90145158768, 6.34757232666, 7.10024785995, 4.94819879532, 1.64109623432, 0.735460162163, 0.615549504757, 0.355371206999, 0.285502940416, 0.219380915165, 0.117918498814, 0.0492852069438, 0.0115094222128, 0.00145674473606, 0.000133668421768, 3.19443934131e-05], "min": [4.85330579175e-23, 2.03320896116e-22, 2.15241058972e-21, 6.05331822398e-21, 7.78826493532e-21, 4.09596057894e-20, 4.30355674018e-20, 8.63472192577e-20, 1.53802680225e-19, 2.77918597898e-19, 4.42913031811e-19, 4.60852407948e-19, 3.54716734304e-19, 4.60188337013e-19, 9.33222478745e-19, 1.15548694331e-18, 1.21566102415e-18, 2.37604942619e-18, 2.86316740352e-18, 3.07963477957e-18, 3.89271278986e-18, 5.03296306629e-18, 6.05851896052e-18, 6.71852388974e-18, 6.19248954612e-18, 9.35725320484e-18, 9.6251745237e-18, 1.02040421338e-17, 1.20780206387e-17, 1.30704189981e-17, 9.73065080515e-18, 1.28537977665e-17, 1.23875011659e-17, 8.69362522454e-18, 6.86263240092e-18, 4.2678627723e-18, 1.9138506784e-18, 9.74142690058e-19, 2.61714620837e-19, 2.8254583332e-20], "var": [0.0938556343317, 9.65995597839, 69.7881164551, 200.304107666, 1815.7010498, 246.815628052, 652.309936523, 84.7841644287, 34.3715286255, 44.1579360962, 150.936904907, 146.264556885, 99.4978713989, 246.753479004, 128.18586731, 156.247375488, 186.119445801, 166.6822052, 225.413757324, 226.475616455, 746.961853027, 443.561065674, 125.228469849, 195.332870483, 270.80569458, 500.739318848, 663.372558594, 173.783035278, 112.938247681, 37.9455757141, 32.3769416809, 12.7799139023, 12.3874664307, 9.84657287598, 5.14750766754, 2.73695254326, 0.175280123949, 0.00406563701108, 3.36277662427e-05, 7.81994202725e-08]}, "gfcc": {"mean": [-26.0687389374, 78.4490966797, -95.7153930664, 48.4313621521, -38.1715698242, 17.0350036621, -27.043970108, 11.4280633926, -27.3083534241, 7.16105318069, -23.2202167511, -1.34457302094, -6.32946777344], "cov": [[23277.984375, -291.772369385, -1113.88952637, 176.242141724, -864.785461426, 107.786079407, -719.851623535, 25.5766067505, -627.949401855, -14.6900444031, -552.640563965, 15.882478714, -268.772125244], [-291.772369385, 1626.92456055, -730.32409668, 185.327682495, 170.374008179, -143.420700073, 213.281311035, -50.6779937744, 104.718765259, -107.290122986, 106.402549744, -167.981185913, 150.755081177], [-1113.88952637, -730.32409668, 1228.69165039, -249.596282959, -89.7992095947, 259.597167969, -125.079994202, 35.7743873596, 11.2417240143, 7.20308256149, -89.173034668, 96.0597763062, -182.193649292], [176.242141724, 185.327682495, -249.596282959, 321.857971191, 103.772483826, -25.6534004211, 76.9013442993, 15.719701767, 21.0698451996, 19.8239707947, 35.7664146423, -42.1612052917, 48.9821739197], [-864.785461426, 170.374008179, -89.7992095947, 103.772483826, 207.612686157, -9.6327791214, 116.097953796, 26.9830417633, 40.8955726624, 19.3728961945, 41.4887733459, -29.919752121, 46.5516204834], [107.786079407, -143.420700073, 259.597167969, -25.6534004211, -9.6327791214, 154.981552124, -9.29340744019, 25.120880127, 2.84648513794, 9.7561378479, -15.7397108078, 32.2475318909, -50.8180580139], [-719.851623535, 213.281311035, -125.079994202, 76.9013442993, 116.097953796, -9.29340744019, 145.023620605, 29.4751815796, 47.4274139404, 12.9830465317, 47.3728065491, -36.289226532, 47.5458145142], [25.5766067505, -50.6779937744, 35.7743873596, 15.719701767, 26.9830417633, 25.120880127, 29.4751815796, 76.2460403442, 20.734544754, 40.4431190491, -3.77127575874, 8.06470489502, 2.87469315529], [-627.949401855, 104.718765259, 11.2417240143, 21.0698451996, 40.8955726624, 2.84648513794, 47.4274139404, 20.734544754, 74.463180542, 14.8614969254, 36.9956970215, -5.81677055359, 21.3196468353], [-14.6900444031, -107.290122986, 7.20308256149, 19.8239707947, 19.3728961945, 9.7561378479, 12.9830465317, 40.4431190491, 14.8614969254, 75.8346939087, 16.1034755707, 22.6061458588, 10.645737648], [-552.640563965, 106.402549744, -89.173034668, 35.7664146423, 41.4887733459, -15.7397108078, 47.3728065491, -3.77127575874, 36.9956970215, 16.1034755707, 74.5916671753, 12.6610536575, 39.9450531006], [15.882478714, -167.981185913, 96.0597763062, -42.1612052917, -29.919752121, 32.2475318909, -36.289226532, 8.06470489502, -5.81677055359, 22.6061458588, 12.6610536575, 67.400932312, 2.01215648651], [-268.772125244, 150.755081177, -182.193649292, 48.9821739197, 46.5516204834, -50.8180580139, 47.5458145142, 2.87469315529, 21.3196468353, 10.645737648, 39.9450531006, 2.01215648651, 74.5944747925]], "icov": [[9.91213455563e-05, -8.60846994328e-05, 0.000213260456803, -0.000138915551361, 0.000249559554504, -0.000262066081632, 0.000270308170002, -0.000231578422245, 0.000409011758165, -0.000204889278393, 0.000530725345016, -0.000223356139031, 0.000279742380371], [-8.60846994328e-05, 0.00164131342899, 0.000375235918909, 0.000409810309066, -0.000289045099635, -0.000841197092086, 1.75663099071e-05, 0.000132133660372, -0.00168623623904, 0.00223029591143, -0.00171814858913, 0.00360114802606, -0.0024022764992], [0.000213260456803, 0.000375235918909, 0.00293682189658, 0.000539314525668, -0.000366342428606, -0.00239904527552, 0.000663360755425, -3.62082369065e-06, -0.00237830821425, 0.000510072393809, 0.0028783630114, -0.0026610379573, 0.00413791043684], [-0.000138915551361, 0.000409810309066, 0.000539314525668, 0.00490775378421, -0.00190400134306, -0.00148784695193, 0.000766704499256, -0.000194697990082, -0.000296835467452, -0.000549793126993, -0.00234267045744, 0.00432385271415, -0.00223957886919], [0.000249559554504, -0.000289045099635, -0.000366342428606, -0.00190400134306, 0.010315656662, -0.000497066590469, -0.00551588321105, -0.000685802137014, 0.00179989030585, -0.0016373655526, 0.00076963135507, 0.00110434659291, -0.00211788457818], [-0.000262066081632, -0.000841197092086, -0.00239904527552, -0.00148784695193, -0.000497066590469, 0.0150726567954, -0.00597296236083, -0.000915677228477, -0.000920928432606, 0.000879775325302, 0.000964526378084, -0.0109452595934, 0.0102105876431], [0.000270308170002, 1.75663099071e-05, 0.000663360755425, 0.000766704499256, -0.00551588321105, -0.00597296236083, 0.0237774774432, -0.00829344335943, 0.000816071464214, 0.000862281245645, -0.00974706374109, 0.0155975855887, -0.00896510016173], [-0.000231578422245, 0.000132133660372, -3.62082369065e-06, -0.000194697990082, -0.000685802137014, -0.000915677228477, -0.00829344335943, 0.0267182830721, -0.00837701931596, -0.0114913498983, 0.0123706310987, -0.00647358829156, 0.000662631471641], [0.000409011758165, -0.00168623623904, -0.00237830821425, -0.000296835467452, 0.00179989030585, -0.000920928432606, 0.000816071464214, -0.00837701931596, 0.0289214644581, -0.00271511473693, -0.0121353790164, 0.00739962607622, -0.00425999704748], [-0.000204889278393, 0.00223029591143, 0.000510072393809, -0.000549793126993, -0.0016373655526, 0.000879775325302, 0.000862281245645, -0.0114913498983, -0.00271511473693, 0.0255315322429, -0.00701877847314, -0.00221666810103, -0.0011738021858], [0.000530725345016, -0.00171814858913, 0.0028783630114, -0.00234267045744, 0.00076963135507, 0.000964526378084, -0.00974706374109, 0.0123706310987, -0.0121353790164, -0.00701877847314, 0.0407429821789, -0.0232632700354, 0.00314582628198], [-0.000223356139031, 0.00360114802606, -0.0026610379573, 0.00432385271415, 0.00110434659291, -0.0109452595934, 0.0155975855887, -0.00647358829156, 0.00739962607622, -0.00221666810103, -0.0232632700354, 0.0517889298499, -0.0259974971414], [0.000279742380371, -0.0024022764992, 0.00413791043684, -0.00223957886919, -0.00211788457818, 0.0102105876431, -0.00896510016173, 0.000662631471641, -0.00425999704748, -0.0011738021858, 0.00314582628198, -0.0259974971414, 0.0452142432332]]}, "melbands": {"dmean": [0.00200717127882, 0.00208568805829, 0.00180299312342, 0.000969738001004, 0.000291531119728, 9.34790223255e-05, 3.70192610717e-05, 3.80224046239e-05, 4.67946520075e-05, 3.22819214489e-05, 2.20016227104e-05, 2.8616446798e-05, 1.72028121597e-05, 1.80464976438e-05, 1.36053340611e-05, 1.08838421511e-05, 1.06115585368e-05, 1.07288260551e-05, 1.01729156086e-05, 1.10378032332e-05, 1.22036426546e-05, 9.24608320929e-06, 4.98833378515e-06, 4.90069351144e-06, 5.2244181461e-06, 5.08083439854e-06, 5.6455082813e-06, 4.82305267724e-06, 5.60905755265e-06, 4.80851713291e-06, 3.08556036543e-06, 2.37637959799e-06, 1.58466366429e-06, 1.31363594846e-06, 1.25218434732e-06, 9.07638252556e-07, 8.72054272349e-07, 8.75011608059e-07, 8.79385595454e-07, 9.15381122013e-07], "dmean2": [0.00344207463786, 0.00340618914925, 0.00306231761351, 0.00159465696197, 0.000466704252176, 0.000160367053468, 6.05360291956e-05, 6.35417382e-05, 7.71845006966e-05, 5.15742976859e-05, 3.51243616024e-05, 4.51292144135e-05, 2.71849439741e-05, 2.8123782613e-05, 1.97310728254e-05, 1.60822182806e-05, 1.5705025362e-05, 1.61323296197e-05, 1.58517377713e-05, 1.71739702637e-05, 1.84865712072e-05, 1.35169384521e-05, 7.3641617746e-06, 7.3881510616e-06, 7.83002815297e-06, 7.64571177569e-06, 8.33221838548e-06, 6.88917225489e-06, 7.95993219072e-06, 6.78190235703e-06, 4.41763722847e-06, 3.42513862961e-06, 2.21492950914e-06, 1.98635871129e-06, 1.83787585684e-06, 1.24950918234e-06, 1.20351216992e-06, 1.12837619781e-06, 1.03308752841e-06, 1.03663387563e-06], "dvar": [8.16268857307e-06, 1.28052770378e-05, 1.03098436739e-05, 4.87637998958e-06, 4.30594582213e-07, 3.72112651803e-08, 5.96190474766e-09, 4.6902370876e-09, 5.07339237288e-09, 2.8492908033e-09, 1.82768178369e-09, 3.39836980778e-09, 6.79717560015e-10, 8.73891736752e-10, 5.30595345438e-10, 3.24932886153e-10, 2.77165068674e-10, 2.51702186871e-10, 2.39068403962e-10, 3.02288444276e-10, 3.4935657145e-10, 1.88141391355e-10, 4.7858224328e-11, 5.53164944406e-11, 5.68236534215e-11, 5.52310523705e-11, 8.66417493306e-11, 4.98560845386e-11, 7.93479795758e-11, 4.928313313e-11, 2.25477483906e-11, 1.79073023771e-11, 8.6073509431e-12, 5.39564747049e-12, 5.35263630294e-12, 2.96334875041e-12, 2.88749644854e-12, 3.44748708747e-12, 3.03600851057e-12, 2.80351002829e-12], "dvar2": [2.24250816245e-05, 3.07661102852e-05, 2.54141705227e-05, 1.14556059998e-05, 1.06672780475e-06, 1.00965479533e-07, 1.52317216617e-08, 1.2377883607e-08, 1.34730813173e-08, 7.08086655976e-09, 4.67802108162e-09, 8.45511305414e-09, 1.61947522059e-09, 2.11969086727e-09, 1.1082730289e-09, 6.75206834888e-10, 6.01874550199e-10, 5.85998471969e-10, 5.62592417097e-10, 7.48778206106e-10, 8.08050348855e-10, 4.04763833561e-10, 1.0197619138e-10, 1.30044558455e-10, 1.29831700946e-10, 1.25451135591e-10, 1.79780662579e-10, 1.01142552666e-10, 1.47394180194e-10, 9.92592605331e-11, 4.69069470765e-11, 3.37102325221e-11, 1.42117819249e-11, 1.06416542245e-11, 9.20469256371e-12, 4.82866524543e-12, 5.95890350952e-12, 6.7187440507e-12, 5.18510364853e-12, 4.06321807797e-12], "max": [0.0249858628958, 0.0497036129236, 0.0336138531566, 0.0207848567516, 0.00991176068783, 0.00244911387563, 0.0010701866122, 0.00068643304985, 0.00105422385968, 0.00106968032196, 0.000645918422379, 0.00094551127404, 0.000382278987672, 0.000323375221342, 0.000356337463018, 0.000386463070754, 0.000304722489091, 0.000294254510663, 0.000257190375123, 0.000298939266941, 0.000265516748186, 0.000222815826419, 8.62138767843e-05, 9.10543822101e-05, 9.33330738917e-05, 0.000117202362162, 0.00031263983692, 0.000146554390085, 0.0001810954127, 0.000146459409734, 8.06407697382e-05, 5.96650461375e-05, 3.21802544931e-05, 2.60410142801e-05, 2.84779889625e-05, 1.93547584786e-05, 2.07183456951e-05, 1.92409770534e-05, 2.19793546421e-05, 1.63736785908e-05], "mean": [0.00234439899214, 0.00270446622744, 0.00185351877008, 0.000984157668427, 0.0003759303072, 0.000129833395476, 5.35966864845e-05, 5.26520889252e-05, 8.45497488626e-05, 6.04507222306e-05, 3.28232417814e-05, 4.10182256019e-05, 2.93139764835e-05, 2.70270829787e-05, 2.19794674194e-05, 1.85501357919e-05, 1.83384781849e-05, 1.88729118236e-05, 1.7714648493e-05, 2.00099857466e-05, 2.55856648437e-05, 1.98411325982e-05, 9.28651297727e-06, 8.68897222972e-06, 9.21899754758e-06, 8.41442033561e-06, 1.14076301543e-05, 9.34792478802e-06, 1.07104524432e-05, 8.65146921569e-06, 4.48435093858e-06, 3.5415050661e-06, 2.46866466114e-06, 1.84755413102e-06, 1.90323498828e-06, 1.26839461245e-06, 1.15319232918e-06, 1.16099067782e-06, 1.3336189113e-06, 1.5121420347e-06], "median": [0.00128430244513, 0.00123653677292, 0.000694617629051, 0.000311980315018, 0.000119998083392, 4.76328314107e-05, 2.30256791838e-05, 2.57773044723e-05, 4.9574773584e-05, 3.7241170503e-05, 1.55809830176e-05, 1.80119895958e-05, 1.72371474036e-05, 1.49413408508e-05, 1.08666508822e-05, 8.91125091584e-06, 9.35607567953e-06, 1.0464490515e-05, 9.03083218873e-06, 1.06260413304e-05, 1.02390467873e-05, 9.439508176e-06, 4.867080861e-06, 4.30743193647e-06, 4.35004812971e-06, 4.16501416112e-06, 4.75482329421e-06, 3.96995301344e-06, 4.42559212388e-06, 3.71760847884e-06, 2.08932306123e-06, 8.65724757659e-07, 5.06972412495e-07, 3.3738714933e-07, 3.91101281139e-07, 1.99526212441e-07, 2.31441902088e-07, 1.89212912005e-07, 1.99280833613e-07, 1.74979788881e-07], "min": [1.29519768673e-24, 1.33040602805e-24, 1.20642529552e-24, 1.25817309179e-24, 1.57813487773e-24, 2.13143609881e-24, 3.03094598725e-24, 2.98061429492e-24, 2.99137317437e-24, 3.0788000647e-24, 1.65988482916e-24, 1.7103447114e-24, 2.2912502463e-24, 2.80268139293e-24, 2.14397957885e-24, 2.13191967054e-24, 3.43318774055e-24, 3.94083038268e-24, 3.80112706067e-24, 5.14954869964e-24, 3.73502564441e-24, 3.95705646264e-24, 4.31652617765e-24, 3.47195552087e-24, 4.67160824831e-24, 3.9366289095e-24, 4.99291681703e-24, 5.59815772479e-24, 4.57525243861e-24, 6.31838339252e-24, 5.56621793003e-24, 5.46563816461e-24, 4.64402572676e-24, 6.1777823468e-24, 5.42617855327e-24, 5.02039639223e-24, 7.26025451993e-24, 7.73799183958e-24, 7.34156162457e-24, 6.24599317712e-24], "var": [9.30190253712e-06, 1.71495230461e-05, 9.93931917037e-06, 4.63423657493e-06, 5.89986768773e-07, 5.94321321046e-08, 7.7725275105e-09, 5.91464432986e-09, 1.08271498434e-08, 5.60634205726e-09, 2.61704968807e-09, 4.60189175655e-09, 1.3110390551e-09, 1.29542765404e-09, 9.93656490422e-10, 6.84952206065e-10, 6.494261795e-10, 5.84724935138e-10, 5.23900034466e-10, 7.02140789954e-10, 1.27053423338e-09, 6.47404296839e-10, 1.29714086694e-10, 1.34935701501e-10, 1.35597116868e-10, 1.2140635719e-10, 3.63995944497e-10, 1.75845463191e-10, 2.71487138326e-10, 1.53766888111e-10, 4.32888065671e-11, 3.94626865907e-11, 2.03123854542e-11, 1.01391941718e-11, 1.15149409105e-11, 6.27762945793e-12, 4.88282417971e-12, 5.87329230389e-12, 6.43750591028e-12, 7.55825263488e-12]}, "mfcc": {"mean": [-667.371765137, 109.74861908, 5.66077375412, 40.1383628845, 12.4205875397, 14.9271659851, 12.28262043, 2.75325465202, 12.1110296249, 2.55798697472, -3.23014974594, 0.80202370882, -0.63741838932], "cov": [[10393.5800781, 151.543045044, -260.76574707, -13.132062912, -173.19303894, -118.450759888, -149.116836548, -142.296020508, -105.972335815, -136.459640503, -185.590087891, -172.923828125, -170.313781738], [151.543045044, 1206.5690918, -346.712524414, 172.570297241, -27.9500522614, 15.9923315048, 65.268699646, 25.2961406708, 59.9383087158, 53.2908477783, -32.5548057556, 33.3571548462, -29.859079361], [-260.76574707, -346.712524414, 942.975891113, -299.5675354, 107.825691223, 79.6670074463, -101.770797729, 97.3797836304, -67.3415908813, -13.6711521149, 100.632316589, -114.065078735, 9.1653842926], [-13.132062912, 172.570297241, -299.5675354, 325.372619629, 25.3763275146, 15.8720283508, 84.9792175293, -24.4977703094, 69.3052597046, 39.7575531006, -31.8437767029, 77.2889862061, 13.1224031448], [-173.19303894, -27.9500522614, 107.825691223, 25.3763275146, 97.0007781982, 46.5147361755, 20.3194141388, 27.9729480743, 15.9888763428, 11.1928129196, 21.3625812531, 0.499920338392, 11.6278877258], [-118.450759888, 15.9923315048, 79.6670074463, 15.8720283508, 46.5147361755, 88.4176177979, 34.640914917, 33.4400100708, 4.06226873398, 9.88213539124, 20.3368530273, 4.92522144318, 4.43575429916], [-149.116836548, 65.268699646, -101.770797729, 84.9792175293, 20.3194141388, 34.640914917, 100.204093933, 14.827495575, 47.4618911743, 22.5942115784, 4.65910387039, 39.1256599426, 16.6891288757], [-142.296020508, 25.2961406708, 97.3797836304, -24.4977703094, 27.9729480743, 33.4400100708, 14.827495575, 64.4105682373, 7.4720287323, 10.2154941559, 19.3163814545, -7.58139610291, 2.0688085556], [-105.972335815, 59.9383087158, -67.3415908813, 69.3052597046, 15.9888763428, 4.06226873398, 47.4618911743, 7.4720287323, 79.4485855103, 33.0291099548, 8.19723415375, 35.7100219727, 16.9936199188], [-136.459640503, 53.2908477783, -13.6711521149, 39.7575531006, 11.1928129196, 9.88213539124, 22.5942115784, 10.2154941559, 33.0291099548, 51.4139595032, 20.6634693146, 17.0049362183, 6.4529838562], [-185.590087891, -32.5548057556, 100.632316589, -31.8437767029, 21.3625812531, 20.3368530273, 4.65910387039, 19.3163814545, 8.19723415375, 20.6634693146, 54.8630447388, 10.1122598648, 10.6763648987], [-172.923828125, 33.3571548462, -114.065078735, 77.2889862061, 0.499920338392, 4.92522144318, 39.1256599426, -7.58139610291, 35.7100219727, 17.0049362183, 10.1122598648, 68.2076339722, 26.2996845245], [-170.313781738, -29.859079361, 9.1653842926, 13.1224031448, 11.6278877258, 4.43575429916, 16.6891288757, 2.0688085556, 16.9936199188, 6.4529838562, 10.6763648987, 26.2996845245, 43.4363937378]], "icov": [[0.000112053057819, -1.00554125311e-05, 1.8973588567e-06, -5.93545191805e-05, 0.00012415459787, -5.68739669689e-05, 6.73921313137e-05, 0.000162096635904, -0.000126057726447, 0.000206494529266, 9.45118372329e-05, 0.000253469130257, 0.000230876656133], [-1.00554125311e-05, 0.00106999615673, 0.000408170890296, -0.00024324360129, 0.000368852342945, -0.000423755438533, 0.000243719259743, -0.00104877131525, -0.000301158579532, -0.000811969162896, 0.000257866166066, 0.000274003221421, 0.000593476870563], [1.8973588567e-06, 0.000408170890296, 0.00325034558773, 0.000963510887232, -0.00172983494122, -0.00180661678314, 0.00251375022344, -0.00189594726544, -0.000441456824774, 0.000377453223336, -0.00374115095474, 0.00428566383198, -0.00247554806992], [-5.93545191805e-05, -0.00024324360129, 0.000963510887232, 0.00768740149215, -0.00398984737694, -0.00108475110028, -0.00150640506763, 0.00223809969611, -0.000617136422079, -0.00464030448347, 0.00625285785645, -0.00604349002242, 0.0017784810625], [0.00012415459787, 0.000368852342945, -0.00172983494122, -0.00398984737694, 0.0184345692396, -0.00608938094229, 0.00019860912289, -0.00198221672326, -0.00359184597619, 0.00257691531442, -0.0034620417282, 0.00460123037919, -0.00289681740105], [-5.68739669689e-05, -0.000423755438533, -0.00180661678314, -0.00108475110028, -0.00608938094229, 0.0216579567641, -0.0083760516718, -0.00491556245834, 0.00625408254564, -0.000151921456563, -0.00185985665303, -0.00309721566737, 0.00297359586693], [6.73921313137e-05, 0.000243719259743, 0.00251375022344, -0.00150640506763, 0.00019860912289, -0.0083760516718, 0.0217942558229, -0.00405486207455, -0.00797012168914, 0.000736566027626, -0.000781073467806, -0.00105448951945, -0.00318282819353], [0.000162096635904, -0.00104877131525, -0.00189594726544, 0.00223809969611, -0.00198221672326, -0.00491556245834, -0.00405486207455, 0.0253534950316, -0.00225994782522, -0.00156929728109, -0.000951392867137, 0.00199766131118, 0.00116318336222], [-0.000126057726447, -0.000301158579532, -0.000441456824774, -0.000617136422079, -0.00359184597619, 0.00625408254564, -0.00797012168914, -0.00225994782522, 0.0261400267482, -0.0114154145122, 0.0024206363596, -0.00675727566704, -0.00196340028197], [0.000206494529266, -0.000811969162896, 0.000377453223336, -0.00464030448347, 0.00257691531442, -0.000151921456563, 0.000736566027626, -0.00156929728109, -0.0114154145122, 0.036145478487, -0.016648484394, 0.00540424138308, 0.000607298337854], [9.45118372329e-05, 0.000257866166066, -0.00374115095474, 0.00625285785645, -0.0034620417282, -0.00185985665303, -0.000781073467806, -0.000951392867137, 0.0024206363596, -0.016648484394, 0.0401044115424, -0.0168646834791, 0.00279042986222], [0.000253469130257, 0.000274003221421, 0.00428566383198, -0.00604349002242, 0.00460123037919, -0.00309721566737, -0.00105448951945, 0.00199766131118, -0.00675727566704, 0.00540424138308, -0.0168646834791, 0.0417547635734, -0.0177972596139], [0.000230876656133, 0.000593476870563, -0.00247554806992, 0.0017784810625, -0.00289681740105, 0.00297359586693, -0.00318282819353, 0.00116318336222, -0.00196340028197, 0.000607298337854, 0.00279042986222, -0.0177972596139, 0.0367276482284]]}, "spectral_contrast_coeffs": {"dmean": [0.0654129236937, 0.0418169386685, 0.032031212002, 0.0251600872725, 0.0183298680931, 0.0203923135996], "dmean2": [0.10679461807, 0.0700617656112, 0.0530466102064, 0.0419664308429, 0.0294814314693, 0.0312449838966], "dvar": [0.00312289479189, 0.00104650703724, 0.000624593812972, 0.000433159002569, 0.000231013938901, 0.000444564298959], "dvar2": [0.00730690732598, 0.0029463453684, 0.00162059476133, 0.00116331817117, 0.000564847199712, 0.000868831470143], "max": [-0.37461656332, -0.532007873058, -0.625722765923, -0.657029688358, -0.673386096954, -0.594202876091], "mean": [-0.681878328323, -0.798356831074, -0.827591717243, -0.82387638092, -0.820098519325, -0.753399550915], "median": [-0.689308166504, -0.803204357624, -0.829652011395, -0.827199578285, -0.822766065598, -0.762510538101], "min": [-0.977393865585, -0.984383225441, -0.978757143021, -0.972020328045, -0.966843664646, -0.963889360428], "var": [0.00720823789015, 0.00341502181254, 0.00206884066574, 0.00178084720392, 0.0014905523276, 0.00290588499047]}, "spectral_contrast_valleys": {"dmean": [0.452796846628, 0.436289876699, 0.389857262373, 0.354223012924, 0.353373080492, 0.511647999287], "dmean2": [0.717987835407, 0.680805385113, 0.573640048504, 0.48630002141, 0.446485131979, 0.581551909447], "dvar": [0.197517514229, 0.230851307511, 0.195387125015, 0.182200342417, 0.204806119204, 0.36409252882], "dvar2": [0.369020372629, 0.439403414726, 0.32587942481, 0.283230781555, 0.332693696022, 0.66986566782], "max": [-5.08969783783, -5.00804185867, -5.44365167618, -5.94843292236, -5.7487244606, -7.89694309235], "mean": [-7.10517978668, -7.