{"lowlevel": {"average_loudness": 0.871460974216, "barkbands_crest": {"dmean": 1.2797242403, "dmean2": 1.98720836639, "dvar": 1.94184219837, "dvar2": 5.02180194855, "max": 25.2035713196, "mean": 12.6186571121, "median": 11.8879346848, "min": 3.81282496452, "var": 14.737903595}, "barkbands_flatness_db": {"dmean": 0.0127402478829, "dmean2": 0.021266952157, "dvar": 0.000186465375009, "dvar2": 0.000436903734226, "max": 0.520366430283, "mean": 0.411008298397, "median": 0.418958604336, "min": 0.0409348681569, "var": 0.00453903852031}, "barkbands_kurtosis": {"dmean": 1.52628779411, "dmean2": 2.39118051529, "dvar": 15.9293136597, "dvar2": 46.0943145752, "max": 142.136154175, "mean": 6.68336105347, "median": 4.48624420166, "min": -1.7931830883, "var": 77.7162780762}, "barkbands_skewness": {"dmean": 0.213412553072, "dmean2": 0.322803139687, "dvar": 0.105371199548, "dvar2": 0.286331921816, "max": 9.96773338318, "mean": 1.41769826412, "median": 1.35115838051, "min": -2.07391476631, "var": 1.19466555119}, "barkbands_spread": {"dmean": 0.67359995842, "dmean2": 1.12287044525, "dvar": 8.60629272461, "dvar2": 25.7813796997, "max": 106.031669617, "mean": 4.06843757629, "median": 2.33231091499, "min": 0.48355692625, "var": 96.3327865601}, "dissonance": {"dmean": 0.0385724827647, "dmean2": 0.0659904927015, "dvar": 0.00128521036822, "dvar2": 0.00326835922897, "max": 0.499406576157, "mean": 0.324865400791, "median": 0.320290774107, "min": 0.0518306493759, "var": 0.00479290867224}, "dynamic_complexity": 6.35809707642, "erbbands_crest": {"dmean": 1.16660892963, "dmean2": 1.71441948414, "dvar": 1.91028857231, "dvar2": 4.01342010498, "max": 30.3962650299, "mean": 14.4081010818, "median": 13.9782733917, "min": 2.70394873619, "var": 25.0427856445}, "erbbands_flatness_db": {"dmean": 0.00947888940573, "dmean2": 0.0159769915044, "dvar": 0.000109181099106, "dvar2": 0.000249767996138, "max": 0.506991147995, "mean": 0.396108567715, "median": 0.416800945997, "min": 0.0414521731436, "var": 0.0056053888984}, "erbbands_kurtosis": {"dmean": 0.626693069935, "dmean2": 0.872674703598, "dvar": 0.711754977703, "dvar2": 1.28351712227, "max": 25.068567276, "mean": 2.38892650604, "median": 1.15892410278, "min": -1.49366140366, "var": 13.3068857193}, "erbbands_skewness": {"dmean": 0.156893208623, "dmean2": 0.229523047805, "dvar": 0.0328889414668, "dvar2": 0.070286616683, "max": 3.87316441536, "mean": 1.04593276978, "median": 0.993231892586, "min": -1.04851865768, "var": 0.48552852869}, "erbbands_spread": {"dmean": 1.02873671055, "dmean2": 1.51570320129, "dvar": 3.56112337112, "dvar2": 8.80053806305, "max": 105.387924194, "mean": 10.2273216248, "median": 8.24900054932, "min": 1.28159403801, "var": 102.453094482}, "hfc": {"dmean": 1.40427815914, "dmean2": 1.88245427608, "dvar": 10.6966342926, "dvar2": 19.8195037842, "max": 69.0687332153, "mean": 8.82151985168, "median": 7.1755490303, "min": 1.22459258954e-16, "var": 74.1029129028}, "melbands_crest": {"dmean": 1.47844421864, "dmean2": 2.31431818008, "dvar": 2.51686835289, "dvar2": 6.31505918503, "max": 31.647518158, "mean": 15.3254480362, "median": 14.8542013168, "min": 1.76141893864, "var": 16.3471031189}, "melbands_flatness_db": {"dmean": 0.0145052503794, "dmean2": 0.0245929714292, "dvar": 0.000257042673184, "dvar2": 0.000571045442484, "max": 0.658659517765, "mean": 0.541508495808, "median": 0.551761806011, "min": 0.00523702381179, "var": 0.00772668374702}, "melbands_kurtosis": {"dmean": 1.81706118584, "dmean2": 2.95590114594, "dvar": 53.3449707031, "dvar2": 162.702651978, "max": 190.961853027, "mean": 7.26672267914, "median": 4.85323143005, "min": -1.34632611275, "var": 139.37348938}, "melbands_skewness": {"dmean": 0.217675805092, "dmean2": 0.328208863735, "dvar": 0.125347465277, "dvar2": 0.364521592855, "max": 10.9909181595, "mean": 1.60694360733, "median": 1.48195970058, "min": -0.779084265232, "var": 1.14473223686}, "melbands_spread": {"dmean": 0.911409556866, "dmean2": 1.49270403385, "dvar": 20.3384113312, "dvar2": 52.4163589478, "max": 181.027984619, "mean": 6.26488637924, "median": 3.58170485497, "min": 0.567741632462, "var": 254.351486206}, "pitch_salience": {"dmean": 0.0359945744276, "dmean2": 0.0553086586297, "dvar": 0.0016805814812, "dvar2": 0.00429462036118, "max": 0.932422935963, "mean": 0.53292787075, "median": 0.538358151913, "min": 0.206031993032, "var": 0.00942391529679}, "silence_rate_20dB": {"dmean": 0, "dmean2": 0, "dvar": 0, "dvar2": 0, "max": 1, "mean": 1, "median": 1, "min": 1, "var": 0}, "silence_rate_30dB": {"dmean": 0.00408997945487, "dmean2": 0.00818414334208, "dvar": 0.00407322961837, "dvar2": 0.0101630697027, "max": 1, "mean": 0.994379162788, "median": 1, "min": 0, "var": 0.00558920251206}, "silence_rate_60dB": {"dmean": 0.00306748459116, "dmean2": 0.00613810727373, "dvar": 0.00305810058489, "dvar2": 0.00814654584974, "max": 1, "mean": 0.168625444174, "median": 0, "min": 0, "var": 0.140190675855}, "spectral_centroid": {"dmean": 24.1426467896, "dmean2": 35.2974777222, "dvar": 33824.0664062, "dvar2": 43297.5117188, "max": 11127.0751953, "mean": 418.636352539, "median": 340.52722168, "min": 175.844329834, "var": 273058.71875}, "spectral_complexity": {"dmean": 0.689161539078, "dmean2": 1.13350379467, "dvar": 0.863516569138, "dvar2": 1.72284936905, "max": 17, "mean": 7.95094537735, "median": 9, "min": 0, "var": 12.547419548}, "spectral_decrease": {"dmean": 1.01984065637e-09, "dmean2": 1.38764699731e-09, "dvar": 3.81391804625e-18, "dvar2": 7.36074609014e-18, "max": 2.20118819452e-21, "mean": -6.43696074221e-09, "median": -5.66543700842e-09, "min": -3.76451225748e-08, "var": 2.86036607366e-17}, "spectral_energy": {"dmean": 0.0039735538885, "dmean2": 0.00540118897334, "dvar": 5.85939305893e-05, "dvar2": 0.000112920781248, "max": 0.147634193301, "mean": 0.0250946637243, "median": 0.0220357887447, "min": 1.1182866343e-20, "var": 0.000437913491623}, "spectral_energyband_high": {"dmean": 1.54348676062e-08, "dmean2": 2.55827430351e-08, "dvar": 3.42463488564e-15, "dvar2": 8.46021420509e-15, "max": 2.14819897337e-06, "mean": 5.33798534263e-08, "median": 3.58943239576e-08, "min": 8.73781900313e-21, "var": 5.13899081912e-15}, "spectral_energyband_low": {"dmean": 0.000773383013438, "dmean2": 0.00110949052032, "dvar": 2.61952504843e-06, "dvar2": 5.14145358466e-06, "max": 0.0439584814012, "mean": 0.00386330345646, "median": 0.00154981971718, "min": 3.85450817372e-23, "var": 3.45503685821e-05}, "spectral_energyband_middle_high": {"dmean": 0.000206475408049, "dmean2": 0.000248809345067, "dvar": 4.29952280001e-07, "dvar2": 7.31284728772e-07, "max": 0.0134717235342, "mean": 0.000964502687566, "median": 0.000468114769319, "min": 1.39022787484e-21, "var": 2.29061424761e-06}, "spectral_energyband_middle_low": {"dmean": 0.00364009290934, "dmean2": 0.00504657207057, "dvar": 5.07869117428e-05, "dvar2": 0.000101577243186, "max": 0.137582555413, "mean": 0.0219902638346, "median": 0.0198269914836, "min": 2.77323558981e-22, "var": 0.000340245460393}, "spectral_entropy": {"dmean": 0.0916812568903, "dmean2": 0.143549755216, "dvar": 0.0176899246871, "dvar2": 0.0390883944929, "max": 9.82062244415, "mean": 5.18151473999, "median": 5.07376241684, "min": 4.07070446014, "var": 0.429505169392}, "spectral_flux": {"dmean": 0.0117763830349, "dmean2": 0.0188909880817, "dvar": 0.000435609807028, "dvar2": 0.000977576128207, "max": 0.251224070787, "mean": 0.0274887830019, "median": 0.0199983064085, "min": 1.05749069224e-10, "var": 0.000818990461994}, "spectral_kurtosis": {"dmean": 41.5094299316, "dmean2": 72.8026275635, "dvar": 1664.30224609, "dvar2": 4948.35253906, "max": 408.36831665, "mean": 190.634918213, "median": 201.227752686, "min": -1.21068334579, "var": 7004.76660156}, "spectral_rms": {"dmean": 0.000338629615726, "dmean2": 0.000458930997411, "dvar": 2.90670016057e-07, "dvar2": 5.10118070451e-07, "max": 0.0120013896376, "mean": 0.00438736751676, "median": 0.00463662901893, "min": 3.30304620461e-12, "var": 5.23360404259e-06}, "spectral_rolloff": {"dmean": 60.977596283, "dmean2": 106.101676941, "dvar": 280772.65625, "dvar2": 733138.25, "max": 17700.2929688, "mean": 766.563293457, "median": 409.130859375, "min": 129.19921875, "var": 5309291.5}, "spectral_skewness": {"dmean": 1.49858295918, "dmean2": 2.63116002083, "dvar": 2.36094379425, "dvar2": 6.66771364212, "max": 16.8868331909, "mean": 10.5703048706, "median": 11.3652582169, "min": 0.00799304433167, "var": 10.3380241394}, "spectral_spread": {"dmean": 321773, "dmean2": 567624, "dvar": 678955122688, "dvar2": 987627782144, "max": 41788080, "mean": 1145576.5, "median": 689300.375, "min": 236063.15625, "var": 3835751825410.0}, "spectral_strongpeak": {"dmean": 0.187094196677, "dmean2": 0.300081044436, "dvar": 0.119050107896, "dvar2": 0.272546112537, "max": 5.62286567688, "mean": 1.16105318069, "median": 0.95761102438, "min": 8.72135696994e-09, "var": 0.874340415001}, "zerocrossingrate": {"dmean": 0.00230610533617, "dmean2": 0.00305956276134, "dvar": 0.000120625540148, "dvar2": 0.000228816803428, "max": 0.4951171875, "mean": 0.0260203760117, "median": 0.01611328125, "min": 0.00537109375, "var": 0.00360395596363}, "barkbands": {"dmean": [3.85199200537e-07, 8.84860419319e-05, 0.00050434313016, 0.000513176957611, 0.00128507637419, 0.00201008236036, 0.000576321093831, 0.000301904452499, 0.00015358334349, 5.70669872104e-05, 7.32096959837e-05, 6.00872845098e-05, 2.7696683901e-05, 2.25057101488e-05, 1.99343503482e-05, 3.77318588107e-06, 1.23934307794e-06, 1.28200895233e-07, 1.94206801751e-08, 1.02435251392e-08, 6.39566932747e-09, 1.70642255881e-09, 1.40173250784e-09, 1.36854316768e-09, 1.45026302079e-09, 1.54886770076e-09, 1.77954839753e-09], "dmean2": [6.84493329572e-07, 0.00013924149971, 0.000754518958274, 0.000678494863678, 0.00186630757526, 0.00301972590387, 0.000759295828175, 0.000359406403732, 0.000170766594238, 7.13406770956e-05, 9.2366411991e-05, 8.09440825833e-05, 3.22317973769e-05, 2.84979159915e-05, 2.61515542661e-05, 5.19098102814e-06, 1.56435180543e-06, 1.78051223543e-07, 2.94200841466e-08, 1.59455204596e-08, 9.18850950882e-09, 3.05413294654e-09, 2.52867060624e-09, 2.46666775894e-09, 2.58135113285e-09, 2.75366018876e-09, 3.12447090423e-09], "dvar": [2.37549888614e-13, 8.8914724472e-08, 1.57549197866e-06, 6.76988975101e-07, 5.73851184527e-06, 2.5865590942e-05, 3.4341742321e-06, 1.6097178559e-06, 4.14405803895e-07, 5.70469893546e-08, 6.96371742492e-08, 6.00562728437e-08, 1.54729438151e-08, 1.02670041358e-08, 1.01383355045e-08, 3.99117683347e-10, 5.1177957705e-11, 3.26824526643e-12, 9.66527103849e-15, 8.0556306119e-15, 1.21430060983e-15, 5.76886305747e-18, 3.05065388642e-18, 2.74347168055e-18, 2.69787624442e-18, 2.54841732223e-18, 2.96812049324e-18], "dvar2": [6.67793619881e-13, 1.66817741842e-07, 3.20711660606e-06, 1.31668514314e-06, 1.06208553916e-05, 6.41472724965e-05, 4.92047456646e-06, 2.53207940659e-06, 5.77924936351e-07, 9.74705400836e-08, 1.09330862585e-07, 1.24759708342e-07, 2.27885319504e-08, 1.78351537983e-08, 1.92352604955e-08, 7.37653937932e-10, 9.23264381614e-11, 7.6856359818e-12, 1.94354894591e-14, 2.03495667582e-14, 2.68150069376e-15, 1.66362415904e-17, 9.66275830201e-18, 8.71819166155e-18, 8.57822773883e-18, 7.97834395089e-18, 9.38345497792e-18], "max": [6.11771520198e-06, 0.0082231592387, 0.0391012318432, 0.0229674037546, 0.0623861216009, 0.0935470014811, 0.0864022374153, 0.0349645614624, 0.0167731717229, 0.0100211752579, 0.00750813633204, 0.00505548296496, 0.00355666852556, 0.00267457426526, 0.0021819700487, 0.000656449527014, 0.000190271457541, 7.54787906772e-05, 3.06738888867e-06, 3.44735667568e-06, 1.24257303469e-06, 3.36638841247e-08, 1.8424810122e-08, 1.84775306167e-08, 1.91265439042e-08, 2.00415009033e-08, 2.28227854393e-08], "mean": [4.18260782453e-07, 0.000253160775173, 0.00193125591613, 0.0025982123334, 0.00553213339299, 0.00832496583462, 0.00289070373401, 0.00198721443303, 0.000555975362659, 0.000263252091827, 0.000208613535506, 0.000298675528029, 0.000101054283732, 7.64723226894e-05, 5.54311009182e-05, 1.22920282593e-05, 4.47030333817e-06, 2.89567253731e-07, 5.08726216708e-08, 2.39268818092e-08, 1.28035617664e-08, 3.44189432511e-09, 3.33892047344e-09, 4.0183669725e-09, 5.38182209908e-09, 7.31267446596e-09, 9.25645782246e-09], "median": [2.45383660058e-07, 3.39460930263e-05, 0.000521266949363, 0.0014688433148, 0.00448151445016, 0.0041945730336, 0.000961457262747, 0.000317667174386, 0.000153755579959, 7.92765204096e-05, 3.89438719139e-05, 8.60025029397e-05, 1.36824874062e-05, 1.33953481054e-05, 4.05010314353e-06, 9.56138592301e-07, 1.07220934353e-07, 3.83754361621e-08, 9.08040842518e-09, 4.78760764366e-09, 3.18448822867e-09, 2.68613309373e-09, 2.881193506e-09, 3.68120689487e-09, 5.04729458228e-09, 7.05581415517e-09, 9.0060368052e-09], "min": [2.23152452221e-23, 2.18063021427e-23, 7.18042574063e-24, 1.40082890323e-23, 4.63643341386e-23, 3.8008104119e-23, 7.88206339996e-23, 4.57231195959e-23, 3.8705078506e-23, 3.28862101217e-23, 1.95503682131e-23, 7.40041017478e-23, 7.921412413e-23, 6.42342866286e-23, 1.75464235934e-22, 1.29348310939e-22, 1.44594947509e-22, 2.96582342116e-22, 2.89232733321e-22, 2.75245737222e-22, 6.06366303035e-22, 5.69624166052e-22, 7.43760881611e-22, 9.16674648196e-22, 1.25573165959e-21, 2.21459211513e-21, 2.40902479552e-21], "var": [2.63364769446e-13, 5.7678983012e-07, 1.71017218236e-05, 1.13917285489e-05, 2.94482615573e-05, 0.000111439469038, 4.83164585603e-05, 1.76311223186e-05, 2.18421860154e-06, 3.70897055291e-07, 3.32443221396e-07, 3.20291889011e-07, 8.91312978979e-08, 3.67751731289e-08, 3.4502683377e-08, 1.6619672305e-09, 2.8941996022e-10, 5.66800122462e-12, 3.35622914009e-14, 9.25422204281e-15, 2.01864002605e-15, 7.02360547044e-18, 2.80691395199e-18, 2.46695161242e-18, 2.54400741559e-18, 2.69165026274e-18, 3.41493409523e-18]}, "erbbands": {"dmean": [0.000850286567584, 0.0307428110391, 0.403264522552, 1.26278102398, 2.30968141556, 5.20124006271, 10.603386879, 15.632396698, 11.8102970123, 7.6833820343, 6.54465579987, 2.7388548851, 3.02560091019, 2.22919631004, 2.35478782654, 2.90209507942, 1.43774676323, 1.21429622173, 0.868577122688, 0.771972239017, 0.181375056505, 0.0496770143509, 0.00727184815332, 0.00345197110437, 0.00102566566784, 0.000491608632728, 0.000343425112078, 0.000146450547618, 6.44778119749e-05, 4.90083220939e-05, 3.96503710363e-05, 3.12014599331e-05, 2.33949212998e-05, 1.76046542038e-05, 1.20287249956e-05, 7.19710260455e-06, 3.60381318387e-06, 1.21221353311e-06, 1.90543971712e-06, 4.40723397332e-06], "dmean2": [0.00133393250871, 0.0470725446939, 0.600405693054, 1.72714626789, 3.47394657135, 7.42227458954, 13.9933767319, 25.0123138428, 17.8149871826, 8.8371629715, 7.30253505707, 3.15087008476, 3.17476320267, 2.73722648621, 2.94661951065, 3.87809586525, 1.67022764683, 1.55900204182, 1.05792200565, 1.03778743744, 0.234437376261, 0.0625514984131, 0.00987171474844, 0.00463594961911, 0.00162003014702, 0.000761456729379, 0.000493025232572, 0.000225296535064, 0.000114131958981, 8.84672699613e-05, 7.11870015948e-05, 5.6027834944e-05, 4.14874230046e-05, 3.07849841192e-05, 2.08868950722e-05, 1.22580258903e-05, 6.06825369687e-06, 2.09740187529e-06, 2.60576962319e-06, 5.98030283072e-06], "dvar": [5.71773807678e-06, 0.00886476784945, 1.04824459553, 4.82659816742, 20.1268177032, 137.894958496, 634.606872559, 2447.16113281, 1120.29553223, 1736.66345215, 935.952758789, 86.3650512695, 177.519165039, 71.8413314819, 66.8531494141, 146.647293091, 38.5670585632, 34.1701965332, 13.3282604218, 17.2253112793, 0.686473071575, 0.0754871666431, 0.00407598633319, 0.00326388049871, 4.22210068791e-05, 1.48951394294e-05, 7.05518959876e-06, 1.97494472332e-07, 8.30682189701e-09, 3.95699117917e-09, 2.30117214173e-09, 1.33005617631e-09, 7.30907112612e-10, 3.64298591293e-10, 1.4605071319e-10, 5.29515251091e-11, 1.28282471451e-11, 1.28799737802e-12, 1.27704964659e-11, 7.30181470843e-11], "dvar2": [9.83094923868e-06, 0.016383394599, 2.12541937828, 9.36749267578, 45.4910011292, 234.096313477, 995.512573242, 6431.71826172, 2580.2265625, 2310.07495117, 1373.33300781, 136.792297363, 232.609222412, 113.335296631, 106.701560974, 303.755371094, 56.4787750244, 61.6357040405, 23.1265525818, 33.7310256958, 1.16984915733, 0.13539044559, 0.00908745359629, 0.00755715370178, 8.26189061627e-05, 3.80666278943e-05, 1.67653106473e-05, 4.10267489315e-07, 2.33321664211e-08, 1.22114087731e-08, 7.16195369677e-09, 4.08385369965e-09, 2.2750179518e-09, 1.11842879402e-09, 4.26157581446e-10, 1.46114426114e-10, 3.31433804013e-11, 3.65691114543e-12, 2.39783436162e-11, 1.40300063234e-10], "max": [0.0943936482072, 2.67752099037, 29.4244594574, 65.1054382324, 104.625457764, 336.497192383, 666.936035156, 948.033447266, 709.797729492, 2258.0222168, 959.909729004, 204.69052124, 380.3409729, 375.847625732, 231.187942505, 261.706207275, 183.722839355, 139.348495483, 102.555717468, 90.1310119629, 22.655418396, 6.77932786942, 2.53264260292, 2.41548061371, 0.18463255465, 0.147006526589, 0.100444257259, 0.00845990981907, 0.00125438498799, 0.0006947562797, 0.000542741385289, 0.000432673259638, 0.000337712815963, 0.000248471420491, 0.000174562155735, 0.000124842539662, 6.94028858561e-05, 1.74313790922e-05, 7.06915743649e-05, 0.000165060249856], "mean": [0.00216742162593, 0.0988158509135, 1.51731181145, 7.10590648651, 11.3370504379, 18.5886001587, 49.8887176514, 61.181640625, 47.3778076172, 40.840713501, 46.5142974854, 12.3783740997, 13.3563585281, 9.12409305573, 8.15091896057, 14.7373247147, 5.87505435944, 3.90382504463, 2.97875094414, 2.12673068047, 0.719104588032, 0.176877677441, 0.0217899698764, 0.00742887007073, 0.00266911508515, 0.00113331491593, 0.00068434048444, 0.000299285864457, 0.000139637340908, 0.000116375114885, 0.000106972176582, 9.56637522904e-05, 8.24594972073e-05, 6.93873953423e-05, 5.48004354641e-05, 3.77719188691e-05, 2.10691123357e-05, 6.66694086249e-06, 1.30753132908e-05, 2.79757896351e-05], "median": [0.000706112245098, 0.0191729534417, 0.410066962242, 3.58312225342, 7.49477767944, 12.3800420761, 27.9027633667, 17.7512874603, 16.5583190918, 11.8097906113, 6.59046840668, 4.84619188309, 2.93961000443, 3.94315052032, 3.10840821266, 4.08050060272, 1.50306749344, 0.779624164104, 0.375300467014, 0.0946794301271, 0.0457864068449, 0.00926505867392, 0.00351443351246, 0.00098804733716, 0.000550715194549, 0.000270671298495, 0.000161752148415, 0.000119566364447, 0.000106278137537, 9.73847927526e-05, 9.40522368182e-05, 8.71592201293e-05, 7.58725363994e-05, 6.47432461847e-05, 5.15480896865e-05, 3.57044118573e-05, 1.98490015464e-05, 6.35071501165e-06, 1.16536784844e-05, 2.45944938797e-05], "min": [8.54750102122e-22, 3.72800204658e-21, 9.59874438415e-21, 2.21781032431e-20, 1.05009325068e-19, 1.67507305216e-19, 2.64766400309e-19, 3.10571552579e-19, 1.21749777871e-18, 6.61018018669e-19, 1.3279682665e-18, 8.97745426056e-19, 9.81429427472e-19, 8.02804220287e-19, 1.74261891492e-18, 2.97855971936e-18, 3.04915772349e-18, 3.45304313323e-18, 5.05370916964e-18, 1.1963896184e-17, 5.18276340727e-18, 1.01804741038e-17, 1.75290722195e-17, 1.367996591e-17, 1.24544754986e-17, 1.44484448232e-17, 2.31557813935e-17, 2.09567233894e-17, 2.12455798224e-17, 2.36697384866e-17, 2.07581107069e-17, 1.85065234252e-17, 1.61277306545e-17, 1.411592318e-17, 9.4955089996e-18, 8.26785385656e-18, 4.34085236237e-18, 1.41764488126e-18, 3.93473945863e-19, 3.03623429304e-20], "var": [2.80563835986e-05, 0.0592532642186, 9.87430477142, 94.4048538208, 161.983062744, 578.917236328, 3988.55810547, 8149.87841797, 7983.58642578, 25298.4980469, 11545.8925781, 457.930389404, 1087.75219727, 485.358917236, 323.081695557, 803.384521484, 231.426864624, 100.386955261, 64.4124832153, 55.1865844727, 4.0811882019, 0.33812686801, 0.00885711424053, 0.00568101461977, 0.000121107426821, 1.73121970874e-05, 9.09858499654e-06, 4.23779113135e-07, 1.16767564506e-08, 4.33032676384e-09, 2.66500532753e-09, 1.64164315475e-09, 1.01354624693e-09, 6.28084029231e-10, 3.55143053854e-10, 1.79235765119e-10, 5.79033036796e-11, 3.0874198597e-12, 9.77350561593e-11, 5.44451372875e-10]}, "gfcc": {"mean": [-247.739608765, 238.307403564, -56.8174705505, -68.0035324097, -38.327545166, -12.2416410446, -42.318321228, -27.5885276794, -20.1830482483, -14.4623479843, -13.1124801636, -12.5899295807, -6.57929897308], "cov": [[11605.7158203, 5703.44628906, -2858.46826172, -2809.92407227, 1079.91088867, -749.277893066, -961.687988281, -1013.01385498, 390.135223389, -110.75743103, 345.508209229, -304.637176514, 387.714874268], [5703.44628906, 3477.30224609, -754.460327148, -1411.50866699, 340.435333252, -310.97088623, -408.903076172, -521.614379883, 156.525146484, -107.361289978, 170.08354187, -158.027175903, 131.929550171], [-2858.46826172, -754.460327148, 1695.73120117, 921.433044434, -514.998535156, 256.442260742, 368.205444336, 276.898071289, -168.45111084, -44.458782196, -100.50705719, 89.7732391357, -151.100326538], [-2809.92407227, -1411.50866699, 921.433044434, 1015.53625488, -194.946731567, 180.713500977, 294.028289795, 335.286895752, -96.573059082, 23.1881484985, -105.937477112, 112.569084167, -49.3497772217], [1079.91088867, 340.435333252, -514.998535156, -194.946731567, 340.127655029, -52.963218689, -121.552696228, -67.2144775391, 82.7015609741, -20.0165500641, 22.3637142181, 3.3473637104, 102.081726074], [-749.277893066, -310.97088623, 256.442260742, 180.713500977, -52.963218689, 153.811599731, 119.72795105, 54.4062805176, -35.4391098022, 8.42286300659, -33.9750595093, 3.28051710129, -43.1779594421], [-961.687988281, -408.903076172, 368.205444336, 294.028289795, -121.552696228, 119.72795105, 204.734588623, 144.28465271, -40.9631614685, 25.3632640839, -32.8802146912, -18.6478061676, -74.9233398438], [-1013.01385498, -521.614379883, 276.898071289, 335.286895752, -67.2144775391, 54.4062805176, 144.28465271, 236.718063354, 28.0761909485, 1.61976230145, -49.6752853394, 17.2475967407, -55.1383476257], [390.135223389, 156.525146484, -168.45111084, -96.573059082, 82.7015609741, -35.4391098022, -40.9631614685, 28.0761909485, 94.4609832764, 16.1471557617, 1.99270558357, -12.8151941299, 15.5124788284], [-110.75743103, -107.361289978, -44.458782196, 23.1881484985, -20.0165500641, 8.42286300659, 25.3632640839, 1.61976230145, 16.1471557617, 90.1305084229, 28.3425598145, -22.5863380432, -15.9549646378], [345.508209229, 170.08354187, -100.50705719, -105.937477112, 22.3637142181, -33.9750595093, -32.8802146912, -49.6752853394, 1.99270558357, 28.3425598145, 68.9952774048, 6.77299404144, -0.212072357535], [-304.637176514, -158.027175903, 89.7732391357, 112.569084167, 3.3473637104, 3.28051710129, -18.6478061676, 17.2475967407, -12.8151941299, -22.5863380432, 6.77299404144, 88.7714233398, 39.8521232605], [387.714874268, 131.929550171, -151.100326538, -49.3497772217, 102.081726074, -43.1779594421, -74.9233398438, -55.1383476257, 15.5124788284, -15.9549646378, -0.212072357535, 39.8521232605, 98.7523345947]], "icov": [[0.00293701747432, -0.00515873823315, 0.005640598014, -0.00524229509756, 0.00322689302266, -0.00125345424749, -0.00010582307732, 0.00223478814587, -0.00299227703363, 0.00475756172091, -0.00409332662821, 0.00299144699238, -0.001321882708], [-0.00515873823315, 0.011377020739, -0.0134468544275, 0.014187194407, -0.0101384520531, 0.00680219754577, -0.00259271264076, -0.00236295908689, 0.00454093655571, -0.00942686852068, 0.00789790879935, -0.00479465862736, 0.00145295041148], [0.005640598014, -0.0134468544275, 0.0211373642087, -0.0240416005254, 0.0208723451942, -0.0133393481374, 0.00154745008331, 0.00825845450163, -0.0146440947428, 0.0228237472475, -0.0177690275013, 0.00951712206006, -0.00336773949675], [-0.00524229509756, 0.014187194407, -0.0240416005254, 0.0346230566502, -0.0274276062846, 0.0183897521347, -0.0051100901328, -0.0152757335454, 0.0258123818785, -0.034250240773, 0.0291577409953, -0.0192544199526, 0.00437595136464], [0.00322689302266, -0.0101384520531, 0.0208723451942, -0.0274276062846, 0.0334211848676, -0.0233359020203, 0.00775186577812, 0.00687502650544, -0.0237028282136, 0.0332644544542, -0.0316371954978, 0.0209374800324, -0.0153453238308], [-0.00125345424749, 0.00680219754577, -0.0133393481374, 0.0183897521347, -0.0233359020203, 0.0380497947335, -0.026790773496, 0.0126401651651, 0.00443672621623, -0.0201212707907, 0.0316859222949, -0.0259159561247, 0.0186828430742], [-0.00010582307732, -0.00259271264076, 0.00154745008331, -0.0051100901328, 0.00775186577812, -0.026790773496, 0.0449542328715, -0.030509179458, 0.0204659476876, -0.00344794476405, -0.0166016500443, 0.0251485295594, -0.0129182646051], [0.00223478814587, -0.00236295908689, 0.00825845450163, -0.0152757335454, 0.00687502650544, 0.0126401651651, -0.030509179458, 0.0465389639139, -0.0421673133969, 0.024810358882, -0.0019919835031, -0.00778939761221, 0.0144143216312], [-0.00299227703363, 0.00454093655571, -0.0146440947428, 0.0258123818785, -0.0237028282136, 0.00443672621623, 0.0204659476876, -0.0421673133969, 0.0648187249899, -0.0466101206839, 0.0298679471016, -0.0125761199743, 0.00202595023438], [0.00475756172091, -0.00942686852068, 0.0228237472475, -0.034250240773, 0.0332644544542, -0.0201212707907, -0.00344794476405, 0.024810358882, -0.0466101206839, 0.0669552758336, -0.0541152432561, 0.0357394702733, -0.0166248381138], [-0.00409332662821, 0.00789790879935, -0.0177690275013, 0.0291577409953, -0.0316371954978, 0.0316859222949, -0.0166016500443, -0.0019919835031, 0.0298679471016, -0.0541152432561, 0.0775512680411, -0.052573684603, 0.0337005928159], [0.00299144699238, -0.00479465862736, 0.00951712206006, -0.0192544199526, 0.0209374800324, -0.0259159561247, 0.0251485295594, -0.00778939761221, -0.0125761199743, 0.0357394702733, -0.052573684603, 0.062261197716, -0.0361320972443], [-0.001321882708, 0.00145295041148, -0.00336773949675, 0.00437595136464, -0.0153453238308, 0.0186828430742, -0.0129182646051, 0.0144143216312, 0.00202595023438, -0.0166248381138, 0.0337005928159, -0.0361320972443, 0.0443370789289]]}, "melbands": {"dmean": [1.52041493493e-05, 0.000154961599037, 0.000224918374442, 0.000268116709776, 0.000328983966028, 0.000361725018593, 0.000175005188794, 7.50423423597e-05, 4.86762983201e-05, 1.81332488864e-05, 1.53097098519e-05, 8.75160276337e-06, 1.03651527752e-05, 6.54894938634e-06, 5.20898174727e-06, 2.3549805519e-06, 2.35614561461e-06, 1.2650654071e-06, 1.63782851814e-06, 4.57076907878e-07, 1.97709383087e-07, 6.28521306112e-08, 8.44328251759e-09, 6.25176133084e-09, 2.4884783123e-09, 8.56039406028e-10, 5.38352251667e-10, 2.94186092153e-10, 2.41404674028e-10, 1.45137110663e-10, 6.60575968925e-11, 3.86129080099e-11, 3.13633147231e-11, 2.71066294411e-11, 2.4039754562e-11, 2.18126922774e-11, 1.96424040227e-11, 1.75395462043e-11, 1.6584353682e-11, 1.54518307871e-11], "dmean2": [2.41515426751e-05, 0.000228974036872, 0.000311022769893, 0.000397054653149, 0.00043726657168, 0.000567490176763, 0.000262231886154, 8.61435109982e-05, 5.48831267224e-05, 2.04727421078e-05, 1.60801791935e-05, 1.09455550046e-05, 1.29797454065e-05, 8.92056868906e-06, 6.58350109006e-06, 2.81681650449e-06, 3.02475336866e-06, 1.48300068759e-06, 2.20754759539e-06, 6.18904437033e-07, 2.58272308429e-07, 7.92659591298e-08, 1.17330971605e-08, 8.72748362468e-09, 3.38492789353e-09, 1.31215593946e-09, 8.20987333672e-10, 4.61774674054e-10, 3.43562289729e-10, 2.11678091722e-10, 1.06621093898e-10, 6.88710616314e-11, 5.63667931774e-11, 4.89626256206e-11, 4.3189438137e-11, 3.93576837787e-11, 3.51294514311e-11, 3.14186766881e-11, 2.93869512058e-11, 2.73366086712e-11], "dvar": [2.42491227098e-09, 1.52763178107e-07, 1.44329405316e-07, 2.5074422183e-07, 5.21179629231e-07, 1.15785667276e-06, 2.3625995027e-07, 1.55753227205e-07, 5.52637260398e-08, 5.58061685751e-09, 4.59801974273e-09, 1.33915833977e-09, 1.49806234084e-09, 7.07353564611e-10, 3.36719513383e-10, 1.05114389415e-10, 1.39719361081e-10, 2.68159643796e-11, 9.46596273588e-11, 8.47143362404e-12, 9.44750029076e-13, 1.53147446439e-13, 2.23107038351e-15, 1.23565267989e-14, 1.65619960424e-15, 2.48491838892e-17, 1.55521750756e-17, 4.50590136435e-18, 3.41340505186e-18, 4.05067838576e-19, 3.67537090296e-20, 3.07483167941e-21, 1.57015470323e-21, 1.12262868628e-21, 8.11746454279e-22, 6.16244861052e-22, 4.71220217852e-22, 3.74245761344e-22, 3.15600125088e-22, 2.55535675163e-22], "dvar2": [4.53377024812e-09, 3.04161119402e-07, 2.95244404924e-07, 4.92937203944e-07, 8.31230408949e-07, 3.01567843053e-06, 5.42490624866e-07, 2.18061373403e-07, 8.33112849818e-08, 8.35194935433e-09, 6.08740879926e-09, 2.15939599535e-09, 2.35037567187e-09, 1.44908907096e-09, 6.33450347731e-10, 1.73000003212e-10, 2.49677556408e-10, 4.32085409119e-11, 1.83881881943e-10, 1.624949654e-11, 1.63830635256e-12, 2.75399386455e-13, 3.63546159797e-15, 2.94136493861e-14, 3.81194133604e-15, 5.05967752591e-17, 3.64556363053e-17, 1.19248433329e-17, 8.0888991213e-18, 8.60374543354e-19, 8.21876446122e-20, 8.71679294437e-21, 4.8443473106e-21, 3.50954316213e-21, 2.55602868442e-21, 1.9240976335e-21, 1.47433483616e-21, 1.19028442674e-21, 9.97839120474e-22, 8.16269744844e-22], "max": [0.0012564805802, 0.0110177816823, 0.00994676165283, 0.0138319097459, 0.0189146101475, 0.0204554796219, 0.00956072751433, 0.0205143298954, 0.0072720986791, 0.00195262359921, 0.00193619856145, 0.00166380906012, 0.00110804103315, 0.000553660094738, 0.000335427699611, 0.000252291793004, 0.000306677480694, 0.000146255915752, 0.000242572525167, 9.44483763305e-05, 2.87418715743e-05, 1.07185860543e-05, 1.65895903592e-06, 4.64719778392e-06, 1.72381635366e-06, 1.60119284942e-07, 1.52756001626e-07, 7.81338016509e-08, 6.80324632185e-08, 2.16567634936e-08, 4.13286826983e-09, 9.05774732995e-10, 4.46182923941e-10, 3.44005879338e-10, 2.98134544829e-10, 2.648254116e-10, 2.32682789703e-10, 2.08141781588e-10, 1.96875502012e-10, 1.71271677396e-10], "mean": [4.07355546486e-05, 0.000578099745326, 0.00129648053553, 0.00100723921787, 0.00157240731642, 0.0014562360011, 0.000698979070876, 0.000406096456572, 0.000336787779815, 6.97239520377e-05, 6.62574966555e-05, 3.54110088665e-05, 3.12548909278e-05, 3.28230380546e-05, 2.39589226112e-05, 8.31002489576e-06, 7.46415935282e-06, 4.6434597607e-06, 4.44569559477e-06, 1.25898861825e-06, 8.05872048204e-07, 2.13153640516e-07, 2.43944242584e-08, 1.22263612568e-08, 5.05438135789e-09, 1.99270155932e-09, 1.28025201551e-09, 5.88998072537e-10, 4.27806595704e-10, 3.07206760031e-10, 1.13220557929e-10, 7.20882312177e-11, 6.19716569727e-11, 5.68899788389e-11, 5.42497158307e-11, 5.30411235766e-11, 4.94290684772e-11, 4.75622909113e-11, 4.67738903165e-11, 4.61555065001e-11], "median": [6.61926833345e-06, 0.000145824582432, 0.000814472266939, 0.000684317026753, 0.000983239966445, 0.000482700270368, 0.000236893334659, 0.000105452199932, 3.87061663787e-05, 2.64313621301e-05, 1.34517431434e-05, 1.25670376292e-05, 6.5970129981e-06, 9.44214843912e-06, 7.50498429625e-06, 1.26274630929e-06, 1.22932181057e-06, 5.11594123509e-07, 1.75547526737e-07, 7.24813205011e-08, 3.73745052684e-08, 6.20917894878e-09, 3.2217628565e-09, 1.41168265966e-09, 5.58861346089e-10, 3.26010496376e-10, 2.74265332667e-10, 1.31938293624e-10, 9.0918099438e-11, 7.58698937009e-11, 6.04098854273e-11, 5.5181772346e-11, 5.09776734714e-11, 4.81829784404e-11, 4.6996715547e-11, 4.74700487252e-11, 4.46892176043e-11, 4.33852051507e-11, 4.31287193459e-11, 4.32969701758e-11], "min": [6.95813025956e-24, 5.3956504251e-24, 6.8763190728e-24, 9.67458540847e-24, 9.01610506708e-24, 8.39329228266e-24, 1.69344502311e-23, 5.97068505993e-24, 1.20804423532e-23, 4.85817858556e-24, 4.75439249499e-24, 3.09604200029e-24, 4.36367126636e-24, 7.88591272564e-24, 9.6052121916e-24, 5.84110006233e-24, 6.34158339731e-24, 6.58381852105e-24, 1.48508476994e-23, 1.30285774306e-23, 4.78656184828e-24, 9.17173154646e-24, 1.70404810254e-23, 1.18255345734e-23, 1.11692409544e-23, 1.03434511037e-23, 6.99716546374e-24, 1.04728574243e-23, 1.28378142976e-23, 1.42027464009e-23, 1.09580250248e-23, 1.21914279828e-23, 1.13018981709e-23, 1.28028062284e-23, 1.16098978672e-23, 1.14883904109e-23, 1.11810754457e-23, 1.17194051715e-23, 1.01101707345e-23, 1.22520464213e-23], "var": [1.4204252885e-08, 1.45080707625e-06, 2.20575566345e-06, 1.18672153349e-06, 3.34685023518e-06, 4.35728316006e-06, 1.71892497747e-06, 2.13989301301e-06, 6.56773408991e-07, 2.72862479278e-08, 2.78842211543e-08, 9.00817198612e-09, 7.23978965667e-09, 3.85956466786e-09, 1.72330172354e-09, 4.95808505363e-10, 4.1545364371e-10, 1.67512448357e-10, 2.83689072234e-10, 3.02665982554e-11, 5.77054680082e-12, 7.3742693809e-13, 9.35629035999e-15, 2.02213191938e-14, 2.92994053939e-15, 8.03490225984e-17, 2.31970163471e-17, 4.8359832383e-18, 4.38866092023e-18, 9.51922137263e-19, 4.74020696785e-20, 3.73136246782e-21, 1.58124126604e-21, 1.05369804563e-21, 7.88880595189e-22, 5.96437510355e-22, 4.6198143234e-22, 3.63240861415e-22, 3.09510800476e-22, 2.57993614282e-22]}, "mfcc": {"mean": [-874.436767578, 252.163848877, 48.6516151428, -26.0656433105, -1.5308637619, 4.88081407547, -14.6353244781, -18.9771461487, -11.342581749, -11.5286436081, -13.3201293945, -7.25887441635, -3.17631292343], "cov": [[6466.41552734, 4802.16210938, -1443.23217773, -1962.7590332, 101.650177002, 177.679031372, -708.98059082, -698.625549316, -250.487380981, -238.931533813, -336.678405762, -87.7576751709, 86.1498031616], [4802.16210938, 3852.62841797, -616.797119141, -1386.00817871, -72.4220428467, 135.570861816, -438.88458252, -504.460998535, -232.309432983, -197.443664551, -231.305435181, -64.0303649902, 46.951007843], [-1443.23217773, -616.797119141, 1118.98254395, 696.915649414, -202.554656982, -66.2930984497, 305.807250977, 226.909378052, 18.1234512329, 34.4012184143, 97.8974990845, 13.5927257538, -37.9463653564], [-1962.7590332, -1386.00817871, 696.915649414, 923.881408691, 91.0019302368, -105.322349548, 232.681137085, 321.045532227, 154.454177856, 82.8609161377, 78.7432632446, 13.3734197617, -5.11527013779], [101.650177002, -72.4220428467, -202.554656982, 91.0019302368, 236.012329102, 37.7533836365, -74.1058654785, 26.4501457214, 84.7294998169, -0.111393339932, -56.8846244812, -3.36290574074, 38.2418136597], [177.679031372, 135.570861816, -66.2930984497, -105.322349548, 37.7533836365, 120.345085144, 26.8268127441, -51.2358474731, -16.4173030853, -4.67723894119, -25.3842697144, 1.50213503838, 12.5169849396], [-708.98059082, -438.88458252, 305.807250977, 232.681137085, -74.1058654785, 26.8268127441, 194.419006348, 115.418609619, 12.7341156006, 39.7220420837, 55.8565483093, 6.10475492477, -14.1874389648], [-698.625549316, -504.460998535, 226.909378052, 321.045532227, 26.4501457214, -51.2358474731, 115.418609619, 195.655380249, 103.356460571, 33.8489875793, 32.0237960815, 8.18720912933, 4.0023727417], [-250.487380981, -232.309432983, 18.1234512329, 154.454177856, 84.7294998169, -16.4173030853, 12.7341156006, 103.356460571, 120.851593018, 62.036190033, 8.33854007721, 0.747681558132, 20.6734809875], [-238.931533813, -197.443664551, 34.4012184143, 82.8609161377, -0.111393339932, -4.67723894119, 39.7220420837, 33.8489875793, 62.036190033, 126.309509277, 91.2547302246, 6.17980384827, -3.99607634544], [-336.678405762, -231.305435181, 97.8974990845, 78.7432632446, -56.8846244812, -25.3842697144, 55.8565483093, 32.0237960815, 8.33854007721, 91.2547302246, 138.009918213, 54.5044441223, -18.5149326324], [-87.7576751709, -64.0303649902, 13.5927257538, 13.3734197617, -3.36290574074, 1.50213503838, 6.10475492477, 8.18720912933, 0.747681558132, 6.17980384827, 54.5044441223, 76.4934921265, 26.4874076843], [86.1498031616, 46.951007843, -37.9463653564, -5.11527013779, 38.2418136597, 12.5169849396, -14.1874389648, 4.0023727417, 20.6734809875, -3.99607634544, -18.5149326324, 26.4874076843, 64.1996612549]], "icov": [[370.641601562, -501.178985596, 436.903991699, -344.181549072, 240.477630615, -143.019195557, 65.0603103638, -13.1161718369, -13.3493232727, 20.4780254364, -16.6433506012, 9.28781700134, -3.24697422981], [-501.178985596, 678.507202148, -593.796936035, 471.338989258, -333.878479004, 203.95010376, -98.9981079102, 27.7893466949, 10.0418376923, -22.1780338287, 19.3138198853, -11.1038398743, 3.94816279411], [436.903991699, -593.796936035, 526.179870605, -427.685668945, 315.688018799, -207.674514771, 117.504615784, -52.6914634705, 13.9331455231, 3.71057510376, -7.78392267227, 5.54934215546, -2.18554353714], [-344.181549072, 471.338989258, -427.685668945, 362.853942871, -286.729492188, 209.771331787, -140.807388306, 85.5402603149, -46.0960044861, 21.2869968414, -7.91464614868, 2.04879951477, -0.236359477043], [240.477630615, -333.878479004, 315.688018799, -286.729492188, 249.076263428, -205.755645752, 160.277328491, -116.325836182, 77.368347168, -46.0627326965, 23.6706314087, -9.74789333344, 2.71146702766], [-143.019195557, 203.95010376, -207.674514771, 209.771331787, -205.755645752, 192.421188354, -168.644424438, 136.270065308, -99.6669235229, 64.5121765137, -35.7119979858, 15.7465438843, -4.67567014694], [65.0603103638, -98.9981079102, 117.504615784, -140.807388306, 160.277328491, -168.644424438, 161.741210938, -139.909164429, 107.783218384, -72.6727523804, 41.600151062, -18.8841400146, 5.75975942612], [-13.1161718369, 27.7893466949, -52.6914634705, 85.5402603149, -116.325836182, 136.270065308, -139.909164429, 126.697654724, -100.789077759, 69.6246490479, -40.6566314697, 18.785943985, -5.83106946945], [-13.3493232727, 10.0418376923, 13.9331455231, -46.0960044861, 77.368347168, -99.6669235229, 107.783218384, -100.789077759, 81.9590835571, -57.5596885681, 34.0876274109, -15.9603300095, 5.02117872238], [20.4780254364, -22.1780338287, 3.71057510376, 21.2869968414, -46.0627326965, 64.5121765137, -72.6727523804, 69.6246490479, -57.5596885681, 40.9939613342, -24.5921211243, 11.6693658829, -3.73091363907], [-16.6433506012, 19.3138198853, -7.78392267227, -7.91464614868, 23.6706314087, -35.7119979858, 41.600151062, -40.6566314697, 34.0876274109, -24.5921211243, 14.9600410461, -7.20591259003, 2.34814763069], [9.28781700134, -11.1038398743, 5.54934215546, 2.04879951477, -9.74789333344, 15.7465438843, -18.8841400146, 18.785943985, -15.9603300095, 11.6693658829, -7.20591259003, 3.54543566704, -1.18251013756], [-3.24697422981, 3.94816279411, -2.18554353714, -0.236359477043, 2.71146702766, -4.67567014694, 5.75975942612, -5.83106946945, 5.02117872238, -3.73091363907, 2.34814763069, -1.18251013756, 0.42344263196]]}, "spectral_contrast_coeffs": {"dmean": [0.0362335033715, 0.0306494496763, 0.0238259136677, 0.0204152297229, 0.0152311585844, 0.0179578475654], "dmean2": [0.0583463385701, 0.0503428354859, 0.0375698618591, 0.0325869433582, 0.0244909524918, 0.0318423658609], "dvar": [0.000886369729415, 0.00122929119971, 0.000819927430712, 0.000666950771119, 0.000263177178567, 0.000269542564638], "dvar2": [0.00235222955234, 0.00308298598975, 0.00199000025168, 0.0014657919528, 0.000509134843014, 0.000831472105347], "max": [-0.283871054649, -0.321407496929, -0.474884867668, -0.519004583359, -0.581700742245, -0.805301308632], "mean": [-0.498138606548, -0.598792493343, -0.691429913044, -0.69651979208, -0.795275270939, -0.896604955196], "median": [-0.469471871853, -0.574726879597, -0.685647428036, -0.680679440498, -0.801140487194, -0.895168244839], "min": [-0.969595432281, -0.967396318913, -0.948568284512, -0.956546783447, -0.957958102226, -0.964099049568], "var": [0.0132972039282, 0.0173088796437, 0.00651848129928, 0.00961900688708, 0.00654533598572, 0.000372336391592]}, "spectral_contrast_valleys": {"dmean": [0.416325211525, 0.279305368662, 0.258460223675, 0.271595656872, 0.214210361242, 0.412397712469], "dmean2": [0.655754446983, 0.445120960474, 0.406704992056, 0.427140533924, 0.349126040936, 0.73966884613], "dvar": [0.19537974894, 0.20776116848, 0.213222071528, 0.242041885853, 0.159261107445, 0.234297320247], "dvar2": [0.376299053431, 0.312929749489, 0.320746958256, 0.390595585108, 0.223708331585, 0.549926698208], "max": [-6.11276197433, -4.96184253693, -6.39503002167, -7.04364299774, -9.96510887146, -12.0614461899], "mean": [-8.60635852814, -7.66311216354, -9.06216526031, -10.94903278