{"lowlevel": {"average_loudness": 0.285234421492, "barkbands_crest": {"dmean": 1.96903336048, "dmean2": 3.0295996666, "dvar": 3.99201250076, "dvar2": 10.1329069138, "max": 26.6311607361, "mean": 12.9302768707, "median": 12.0977296829, "min": 3.24646902084, "var": 22.2053222656}, "barkbands_flatness_db": {"dmean": 0.015543856658, "dmean2": 0.0232788696885, "dvar": 0.000233523242059, "dvar2": 0.000563465815503, "max": 0.528499782085, "mean": 0.264791220427, "median": 0.263240396976, "min": 0.0595231465995, "var": 0.00375297432765}, "barkbands_kurtosis": {"dmean": 1.80499303341, "dmean2": 2.81785535812, "dvar": 8.5098695755, "dvar2": 21.9711818695, "max": 96.0834121704, "mean": 3.57387161255, "median": 1.67081642151, "min": -1.82989454269, "var": 37.979133606}, "barkbands_skewness": {"dmean": 0.361320763826, "dmean2": 0.543916404247, "dvar": 0.134082332253, "dvar2": 0.337614059448, "max": 8.74944877625, "mean": 1.26724362373, "median": 1.1097407341, "min": -3.78762102127, "var": 1.36143302917}, "barkbands_spread": {"dmean": 1.70615255833, "dmean2": 2.59802794456, "dvar": 5.94300270081, "dvar2": 12.0181751251, "max": 130.037826538, "mean": 14.7774648666, "median": 8.03831195831, "min": 0.523844480515, "var": 672.470397949}, "dissonance": {"dmean": 0.0297760795802, "dmean2": 0.0501611381769, "dvar": 0.000795274914708, "dvar2": 0.0022143330425, "max": 0.499999970198, "mean": 0.423663049936, "median": 0.430624544621, "min": 0.151138365269, "var": 0.00231904303655}, "dynamic_complexity": 4.48753976822, "erbbands_crest": {"dmean": 2.34858489037, "dmean2": 3.57567763329, "dvar": 5.47038221359, "dvar2": 12.3315238953, "max": 32.1105003357, "mean": 12.1813926697, "median": 11.3200435638, "min": 2.19744038582, "var": 31.234172821}, "erbbands_flatness_db": {"dmean": 0.0127177461982, "dmean2": 0.0184146706015, "dvar": 0.000195109125343, "dvar2": 0.000380069570383, "max": 0.504717409611, "mean": 0.288237690926, "median": 0.299892246723, "min": 0.0373207107186, "var": 0.0053049325943}, "erbbands_kurtosis": {"dmean": 0.86770427227, "dmean2": 1.30825316906, "dvar": 2.15859389305, "dvar2": 4.49106264114, "max": 48.1656150818, "mean": 0.529420733452, "median": -0.244497060776, "min": -1.83127403259, "var": 6.71366024017}, "erbbands_skewness": {"dmean": 0.316383838654, "dmean2": 0.469504415989, "dvar": 0.090121537447, "dvar2": 0.193992465734, "max": 6.35996198654, "mean": 0.329769402742, "median": 0.313111513853, "min": -3.62326860428, "var": 0.641913831234}, "erbbands_spread": {"dmean": 3.00052189827, "dmean2": 4.53428506851, "dvar": 9.16872024536, "dvar2": 20.7502593994, "max": 74.6188430786, "mean": 20.7898387909, "median": 19.7980003357, "min": 1.41369283199, "var": 121.618309021}, "hfc": {"dmean": 2.16316390038, "dmean2": 3.1448559761, "dvar": 29.2440128326, "dvar2": 59.8037223816, "max": 135.518508911, "mean": 9.60190677643, "median": 4.59512615204, "min": 1.28198780674e-16, "var": 173.032592773}, "melbands_crest": {"dmean": 2.23168849945, "dmean2": 3.39153814316, "dvar": 4.98749542236, "dvar2": 12.2488193512, "max": 35.714225769, "mean": 16.2781772614, "median": 15.1587781906, "min": 2.1784529686, "var": 38.537109375}, "melbands_flatness_db": {"dmean": 0.0157297272235, "dmean2": 0.0236666165292, "dvar": 0.000249259115662, "dvar2": 0.00062294153031, "max": 0.676112234592, "mean": 0.32331803441, "median": 0.324593245983, "min": 0.0046887868084, "var": 0.00656977202743}, "melbands_kurtosis": {"dmean": 2.82006168365, "dmean2": 4.40709924698, "dvar": 21.4600219727, "dvar2": 58.1307296753, "max": 119.41558075, "mean": 7.15179824829, "median": 3.53830718994, "min": -1.74011421204, "var": 112.447311401}, "melbands_skewness": {"dmean": 0.409639060497, "dmean2": 0.614307880402, "dvar": 0.175831004977, "dvar2": 0.443446934223, "max": 8.69592571259, "mean": 1.78348982334, "median": 1.67009758949, "min": -2.88484573364, "var": 2.03128051758}, "melbands_spread": {"dmean": 2.51825642586, "dmean2": 3.86845445633, "dvar": 9.78448486328, "dvar2": 23.139629364, "max": 151.633911133, "mean": 16.9019317627, "median": 11.2617034912, "min": 0.711476385593, "var": 441.732421875}, "pitch_salience": {"dmean": 0.0513062849641, "dmean2": 0.0786012634635, "dvar": 0.0024606178049, "dvar2": 0.00615742010996, "max": 0.85644775629, "mean": 0.476153343916, "median": 0.478635072708, "min": 0.082179531455, "var": 0.0147608052939}, "silence_rate_20dB": {"dmean": 0, "dmean2": 0, "dvar": 0, "dvar2": 0, "max": 1, "mean": 1, "median": 1, "min": 1, "var": 0}, "silence_rate_30dB": {"dmean": 0.00117966264952, "dmean2": 0.00235960353166, "dvar": 0.001178221195, "dvar2": 0.00282609299757, "max": 1, "mean": 0.998466610909, "median": 1, "min": 0, "var": 0.00153097207658}, "silence_rate_60dB": {"dmean": 0.0266603752971, "dmean2": 0.0533270426095, "dvar": 0.0259505882859, "dvar2": 0.0575585700572, "max": 1, "mean": 0.188723757863, "median": 0, "min": 0, "var": 0.153122544289}, "spectral_centroid": {"dmean": 78.9413070679, "dmean2": 120.63924408, "dvar": 15836.84375, "dvar2": 28249.9609375, "max": 10776.9970703, "mean": 911.273010254, "median": 722.422485352, "min": 160.838119507, "var": 592232.9375}, "spectral_complexity": {"dmean": 1.37996935844, "dmean2": 2.31099581718, "dvar": 1.87630474567, "dvar2": 4.80185747147, "max": 28, "mean": 9.66702079773, "median": 10, "min": 0, "var": 21.1916980743}, "spectral_decrease": {"dmean": 8.51591408502e-10, "dmean2": 1.28170618563e-09, "dvar": 3.06684408575e-18, "dvar2": 6.98160868356e-18, "max": 1.61478789704e-28, "mean": -3.81585163467e-09, "median": -2.37692887595e-09, "min": -4.576305912e-08, "var": 1.89438339627e-17}, "spectral_energy": {"dmean": 0.00339785730466, "dmean2": 0.00510516716167, "dvar": 4.95613494422e-05, "dvar2": 0.000111899353215, "max": 0.184784427285, "mean": 0.0152728259563, "median": 0.00952884927392, "min": 1.1018551438e-20, "var": 0.000306556758005}, "spectral_energyband_high": {"dmean": 3.3487476685e-06, "dmean2": 5.38984795639e-06, "dvar": 2.20958834563e-10, "dvar2": 5.1735837836e-10, "max": 0.000562606146559, "mean": 8.3911800175e-06, "median": 2.25261760534e-06, "min": 8.26397375911e-21, "var": 5.7147014898e-10}, "spectral_energyband_low": {"dmean": 0.000576206715778, "dmean2": 0.000939381250646, "dvar": 2.42807345785e-06, "dvar2": 8.50843389344e-06, "max": 0.0296777766198, "mean": 0.0017728866078, "median": 0.000381431891583, "min": 1.05008121304e-22, "var": 9.58896089287e-06}, "spectral_energyband_middle_high": {"dmean": 0.000937310687732, "dmean2": 0.00130768970121, "dvar": 4.70554505227e-06, "dvar2": 9.03862019186e-06, "max": 0.0540600158274, "mean": 0.00348601862788, "median": 0.00133854406886, "min": 1.36100584159e-21, "var": 2.89975578198e-05}, "spectral_energyband_middle_low": {"dmean": 0.00265518366359, "dmean2": 0.00393349165097, "dvar": 3.74527189706e-05, "dvar2": 8.47163246362e-05, "max": 0.181161031127, "mean": 0.0103975832462, "median": 0.00514447223395, "min": 3.48039675854e-22, "var": 0.000201921255211}, "spectral_entropy": {"dmean": 0.119755037129, "dmean2": 0.183418184519, "dvar": 0.0186532735825, "dvar2": 0.0409946590662, "max": 9.79284095764, "mean": 6.47348165512, "median": 6.38767814636, "min": 4.58537435532, "var": 0.406841009855}, "spectral_flux": {"dmean": 0.0115242581815, "dmean2": 0.0193128548563, "dvar": 0.000462427502498, "dvar2": 0.00123179797083, "max": 0.340842545033, "mean": 0.0342358648777, "median": 0.0288887396455, "min": 1.04969290204e-10, "var": 0.00076379039092}, "spectral_kurtosis": {"dmean": 9.07742595673, "dmean2": 15.9197015762, "dvar": 93.8600540161, "dvar2": 283.544586182, "max": 169.818145752, "mean": 22.2183380127, "median": 18.6372566223, "min": -1.22105681896, "var": 294.212249756}, "spectral_rms": {"dmean": 0.000375043979147, "dmean2": 0.000553334655706, "dvar": 3.09776623908e-07, "dvar2": 7.01135945747e-07, "max": 0.0134267453104, "mean": 0.00331604783423, "median": 0.00304900621995, "min": 3.2786896028e-12, "var": 3.90386367144e-06}, "spectral_rolloff": {"dmean": 142.364578247, "dmean2": 247.611526489, "dvar": 86652.2109375, "dvar2": 181850.84375, "max": 19164.5507812, "mean": 1699.24804688, "median": 925.927734375, "min": 21.533203125, "var": 11401464}, "spectral_skewness": {"dmean": 0.624756574631, "dmean2": 1.09194350243, "dvar": 0.355255275965, "dvar2": 1.08809494972, "max": 10.1103429794, "mean": 2.95980668068, "median": 2.84194326401, "min": 0.00684003438801, "var": 1.38870441914}, "spectral_spread": {"dmean": 202921.609375, "dmean2": 343597.15625, "dvar": 164343676928, "dvar2": 243165560832, "max": 41061028, "mean": 2267692.25, "median": 1758459.5, "min": 436804.25, "var": 3881174302720.0}, "spectral_strongpeak": {"dmean": 0.417390197515, "dmean2": 0.658633828163, "dvar": 0.549688279629, "dvar2": 1.18948447704, "max": 17.219499588, "mean": 1.3664059639, "median": 0.760407805443, "min": 0, "var": 2.38387918472}, "zerocrossingrate": {"dmean": 0.00367918796837, "dmean2": 0.0048322333023, "dvar": 2.93170542136e-05, "dvar2": 5.6050146668e-05, "max": 0.50537109375, "mean": 0.0471013449132, "median": 0.0322265625, "min": 0.00390625, "var": 0.00382280093618}, "barkbands": {"dmean": [1.78828736352e-06, 0.000145484154928, 0.000397984316805, 0.000239365646848, 0.000422667333623, 0.000745373312384, 0.00092554197181, 0.000772722007241, 0.000428783503594, 0.000203819523449, 0.00033359695226, 0.000174965083716, 0.000195402186364, 0.000224285962759, 8.12834405224e-05, 9.96847738861e-05, 9.55726864049e-05, 3.87654617953e-05, 2.05457927223e-05, 7.27474980522e-06, 2.04638899959e-06, 3.11197283054e-07, 3.05422332758e-07, 3.25833042325e-07, 2.06262953384e-07, 8.818395969e-08, 2.87714705394e-08], "dmean2": [1.63199149483e-06, 0.000203994452022, 0.000683768244926, 0.000320478080539, 0.000591670221183, 0.00112090515904, 0.00138492020778, 0.00116470025387, 0.000574220262934, 0.000299659819575, 0.000462915922981, 0.00024612780544, 0.000269504846074, 0.000321048690239, 0.000121882345411, 0.000148930092109, 0.00014192769595, 5.81317835895e-05, 3.13335112878e-05, 1.14369950097e-05, 3.35270487994e-06, 5.15376143539e-07, 4.86729447857e-07, 5.28927500909e-07, 3.37268403428e-07, 1.48724311089e-07, 5.22881293819e-08], "dvar": [5.92437973679e-11, 2.390480347e-07, 1.58993964305e-06, 2.91366944793e-07, 4.71861767437e-07, 9.94491165329e-06, 1.01531732071e-05, 1.0041774658e-05, 8.41476685309e-06, 4.42571291615e-07, 8.17309398826e-07, 2.62459110445e-07, 5.86626867971e-07, 7.91288584878e-07, 1.03413370312e-07, 4.66314219238e-07, 2.30838793414e-07, 3.56288829551e-08, 6.9701324712e-09, 1.91824778284e-09, 1.23690058196e-10, 1.3194761039e-12, 2.19849377418e-12, 4.97436770594e-12, 4.32395308794e-12, 1.41171850685e-12, 5.55412480059e-14], "dvar2": [5.19742547611e-11, 7.53810866172e-07, 5.69512531001e-06, 7.99972326604e-07, 1.2500235016e-06, 2.51198507613e-05, 2.06045297091e-05, 2.44324255618e-05, 1.53167547978e-05, 8.35155049117e-07, 1.37363451813e-06, 4.08045707445e-07, 1.09120753677e-06, 1.42692999816e-06, 1.89147627339e-07, 9.51506535785e-07, 4.59196570546e-07, 6.91077062243e-08, 1.44635716737e-08, 4.12120870763e-09, 2.81206335995e-10, 3.26911132713e-12, 4.95548871035e-12, 1.27479997045e-11, 1.14244187027e-11, 3.9730718715e-12, 1.61231840596e-13], "max": [0.00115810020361, 0.0190388560295, 0.0211408361793, 0.0130470022559, 0.0177699495107, 0.0885509699583, 0.0780818164349, 0.115054666996, 0.178869202733, 0.0238455086946, 0.0411823131144, 0.0239713452756, 0.0365088395774, 0.0318995192647, 0.0185376219451, 0.0434363819659, 0.0268956553191, 0.00713616376743, 0.00294605223462, 0.00216784258373, 0.000519397202879, 5.46479059267e-05, 3.78131735488e-05, 7.93036451796e-05, 8.27346229926e-05, 7.3164665082e-05, 6.29016130915e-06], "mean": [1.38741979754e-05, 0.000681678182445, 0.000784488336649, 0.000786857155617, 0.00147590402048, 0.00218280218542, 0.0026628205087, 0.00185396161396, 0.00120272056665, 0.00052148103714, 0.000870009767823, 0.0004121993843, 0.000462168914964, 0.000615012191702, 0.00018445616297, 0.000208664394449, 0.00021903666493, 6.95422422723e-05, 4.64557633677e-05, 1.19599144455e-05, 4.03950662076e-06, 7.46352611714e-07, 7.15216060598e-07, 7.39763322599e-07, 3.32652689394e-07, 1.2775359437e-07, 5.10936892795e-08], "median": [7.33478415782e-08, 5.70263318878e-06, 7.6264339441e-05, 0.000164400305948, 0.000811482896097, 0.000221635069465, 0.000304901623167, 0.000220620830078, 0.000122324519907, 0.000128824496642, 0.000206396507565, 8.76903504832e-05, 7.15622300049e-05, 5.80869236728e-05, 4.34992580267e-05, 2.80576769001e-05, 3.13180134981e-05, 1.56338519446e-05, 9.44822204474e-06, 1.85377871276e-06, 5.85246539231e-07, 2.43300519287e-07, 1.880634386e-07, 1.09635479362e-07, 4.24484696282e-08, 2.81880243591e-08, 4.13343670402e-08], "min": [3.71954188256e-24, 5.17202453012e-23, 4.33941403018e-23, 2.197999827e-23, 9.31500967055e-23, 3.58608342013e-23, 5.95841030536e-23, 5.63005736653e-23, 6.91433427983e-23, 7.2890772886e-23, 3.50644948947e-23, 5.88565082418e-23, 1.63907183859e-22, 9.38641420424e-23, 9.28070116315e-23, 2.10966157356e-22, 1.13441770133e-22, 1.86044981131e-22, 2.18102167861e-22, 2.58841115952e-22, 5.26626728122e-22, 3.88717761749e-22, 4.67374565115e-22, 8.17400403403e-22, 1.35634870972e-21, 1.72587236231e-21, 3.09512506939e-21], "var": [4.89090723477e-09, 2.74456874649e-06, 3.55325801138e-06, 1.78566915565e-06, 3.60157105206e-06, 4.63045835204e-05, 5.53381905775e-05, 3.67136053683e-05, 3.27607558575e-05, 2.49477920988e-06, 6.3169400164e-06, 1.56771181992e-06, 2.68841245088e-06, 5.18754859513e-06, 3.18098756225e-07, 1.55586451456e-06, 9.32870591441e-07, 6.69285356025e-08, 2.89563644174e-08, 3.2075102574e-09, 3.205397614e-10, 2.80406795873e-12, 6.18190307972e-12, 1.05870989059e-11, 3.9023263787e-12, 9.81158080129e-13, 3.15882675648e-14]}, "erbbands": {"dmean": [0.00227588252164, 0.0423090867698, 0.348456591368, 0.652497708797, 0.735294759274, 1.8120251894, 3.26934933662, 7.36762285233, 11.1272087097, 17.6913356781, 10.2311191559, 11.1594543457, 7.768430233, 6.19905805588, 13.4032325745, 7.09999275208, 9.33607006073, 10.8134851456, 6.45515918732, 3.30628490448, 7.17981767654, 3.67392086983, 2.37773156166, 1.64678454399, 0.546966135502, 0.265424311161, 0.106839649379, 0.0394333153963, 0.0141352787614, 0.00847596675158, 0.00816751457751, 0.00868241861463, 0.00528701674193, 0.00303997285664, 0.00113590119872, 0.000506187963765, 0.00014383996313, 2.83647659671e-05, 5.75981766815e-06, 4.08419236919e-06], "dmean2": [0.00187884597108, 0.0640202313662, 0.593397855759, 1.00861465931, 0.950702905655, 2.52412176132, 5.06231164932, 10.7696475983, 16.5458469391, 26.2689361572, 15.257815361, 15.3611364365, 11.0863876343, 9.12349891663, 18.6319160461, 9.93851947784, 12.7629451752, 14.9077215195, 9.67537689209, 5.06502819061, 10.2978630066, 5.65741729736, 3.53368711472, 2.52109909058, 0.841885626316, 0.417577654123, 0.175094440579, 0.0628280937672, 0.0230774208903, 0.0135394120589, 0.0129266334698, 0.013598298654, 0.0085882442072, 0.00481743132696, 0.00193072983529, 0.000846872571856, 0.000242031397647, 5.09217752551e-05, 1.00887364169e-05, 6.19842421656e-06], "dvar": [6.65709085297e-05, 0.0209253020585, 1.25633919239, 2.11442160606, 1.72711288929, 9.55727577209, 173.107772827, 879.697570801, 1281.6484375, 3340.01611328, 1742.6986084, 7256.99072266, 755.551696777, 324.941741943, 1701.32312012, 377.97744751, 1103.57714844, 1522.12438965, 847.160949707, 99.2448806763, 2366.20410156, 269.389221191, 141.413497925, 55.5427131653, 5.46443939209, 2.89568543434, 0.317216813564, 0.0384623259306, 0.00315122352913, 0.000901619321667, 0.00144597201142, 0.00238613877445, 0.00213553197682, 0.000772675208282, 0.000179205700988, 8.73412063811e-05, 1.7443909428e-06, 7.94929775338e-08, 1.4639203183e-09, 7.32232191547e-11], "dvar2": [6.43408784526e-05, 0.0716637521982, 4.47274541855, 6.72612714767, 4.33136701584, 25.3986644745, 507.740142822, 1957.2512207, 2663.98730469, 7309.17626953, 4181.46875, 13749.4384766, 1382.71435547, 603.020202637, 2814.69140625, 612.950195312, 2036.47070312, 2376.00683594, 1751.93127441, 229.941802979, 4684.47460938, 639.44909668, 270.56237793, 116.986740112, 11.255487442, 6.29495668411, 0.753467559814, 0.0816186368465, 0.0076899365522, 0.00207888125442, 0.00325720850378, 0.00548807810992, 0.00549520924687, 0.00194606243167, 0.000494507316034, 0.000245886272751, 4.85103419123e-06, 2.31479091894e-07, 4.23328172516e-09, 1.68626043684e-10], "max": [0.75512611866, 3.99578142166, 19.6853504181, 25.4382324219, 33.484462738, 79.2962875366, 423.312957764, 1097.98596191, 945.614074707, 1294.71887207, 1552.27832031, 5235.45605469, 1119.83178711, 738.765258789, 1986.9597168, 845.607543945, 1577.34802246, 1769.80444336, 1159.70153809, 303.973815918, 3022.84545898, 628.953430176, 473.901306152, 307.835906982, 93.6519699097, 94.4610366821, 22.3068027496, 11.6726531982, 2.47476673126, 0.724935472012, 0.936184644699, 1.39638543129, 1.89711737633, 1.30745112896, 0.589026808739, 0.620718061924, 0.0641353651881, 0.00978248845786, 0.000947203545365, 0.000213891311432], "mean": [0.0178181789815, 0.166522219777, 0.779968202114, 1.74759411812, 2.98950886726, 5.73938322067, 8.96883869171, 22.6631355286, 33.7346343994, 47.0566749573, 27.9169692993, 30.7285366058, 21.5543727875, 16.0702400208, 35.6557159424, 17.6646900177, 23.5048999786, 30.0683765411, 17.9640483856, 7.84850025177, 17.1254882812, 8.67937374115, 4.6214838028, 3.69514417648, 1.17322194576, 0.493161588907, 0.203914940357, 0.0899413824081, 0.0336105190217, 0.0212711822242, 0.0193599853665, 0.0199825782329, 0.00950165465474, 0.00501128006727, 0.00177003862336, 0.000716831767932, 0.000224293078645, 4.18804993387e-05, 1.54141835083e-05, 1.82625008165e-05], "median": [0.000138636212796, 0.0054900883697, 0.0947362333536, 0.472965985537, 1.13738512993, 2.52450084686, 2.75450372696, 2.50718283653, 4.66793823242, 7.64698696136, 4.41854476929, 4.10185146332, 5.39548110962, 4.93144226074, 8.1336479187, 4.63139724731, 4.75169563293, 4.42555809021, 3.58196258545, 2.50340795517, 2.005879879, 1.54538822174, 1.04793906212, 0.733616828918, 0.302177071571, 0.0952785685658, 0.0344652496278, 0.0146179655567, 0.00896446034312, 0.00762708391994, 0.0052791852504, 0.00327001139522, 0.00123029551469, 0.000610956165474, 0.000261892564595, 0.000121030185255, 5.86436799495e-05, 2.59932530753e-05, 1.27312869154e-05, 1.17028939712e-05], "min": [1.79475675678e-21, 1.05808226443e-20, 3.95628596263e-20, 6.93502409451e-20, 3.0008680567e-19, 2.43813863694e-19, 1.6234651245e-19, 3.55014596873e-19, 9.6207329774e-19, 1.02478609928e-18, 1.05855367983e-18, 1.12553680129e-18, 2.43440825918e-18, 2.10177411945e-18, 1.39199442406e-18, 2.75881691489e-18, 6.49328384971e-18, 5.17671713058e-18, 5.30632516563e-18, 6.22729317039e-18, 1.3096166649e-17, 7.99047372739e-18, 9.90363660511e-18, 1.05981391018e-17, 1.19877529e-17, 1.31794761444e-17, 1.88336005655e-17, 1.82760113495e-17, 1.38629887195e-17, 1.47690335588e-17, 1.53345488195e-17, 1.62526498162e-17, 1.46593973861e-17, 1.60651296257e-17, 8.59099113568e-18, 5.85425994314e-18, 3.43327268941e-18, 1.29387880929e-18, 4.36781762316e-19, 4.69173386084e-20], "var": [0.00358499656431, 0.129041329026, 3.21791672707, 7.96701860428, 19.1314945221, 65.7044448853, 523.777587891, 4847.4140625, 7905.08935547, 14345.4882812, 6980.56689453, 26125.4296875, 4369.66845703, 1445.67028809, 13670.7226562, 2137.17675781, 5195.40771484, 11161.1201172, 3379.87866211, 278.984863281, 8779.93945312, 811.920593262, 272.468322754, 240.391860962, 13.506606102, 5.2532286644, 0.668522894382, 0.140328809619, 0.00754135707393, 0.0022853971459, 0.00395868625492, 0.00678845960647, 0.00278041278943, 0.000874270976055, 0.000130365107907, 5.82826833124e-05, 1.47716934862e-06, 4.54576785103e-08, 9.33165988926e-10, 4.21084167535e-10]}, "gfcc": {"mean": [-187.794952393, 154.095687866, -153.489868164, -20.5658054352, -42.1989097595, -18.8014717102, -36.6895866394, -10.3182010651, -19.2708854675, -15.5757827759, -4.02228116989, -9.47810554504, -10.1843328476], "cov": [[41664.9453125, 10158.3701172, -4048.25244141, -592.703796387, -649.109863281, -1989.984375, -1612.60339355, -496.271484375, -196.35067749, -481.730651855, -235.454208374, -856.782226562, -420.205627441], [10158.3701172, 4737.50976562, -292.512115479, 26.5794944763, 730.61315918, -639.258300781, -123.472831726, -311.299072266, -22.5625305176, -227.252670288, -153.413085938, -300.584960938, -19.5680751801], [-4048.25244141, -292.512115479, 1817.71057129, 650.281799316, 769.497375488, 477.472717285, 382.56930542, 280.872253418, 30.1579761505, 205.701217651, -95.3129730225, 153.530349731, 54.5875091553], [-592.703796387, 26.5794944763, 650.281799316, 991.99432373, 531.497680664, 15.5498132706, 183.426025391, 17.7518749237, 29.6071491241, 66.7772521973, -184.046539307, 12.721323967, 143.95211792], [-649.109863281, 730.61315918, 769.497375488, 531.497680664, 1022.05767822, 32.4419708252, 258.464477539, 76.4049911499, 146.017990112, 176.06489563, -139.4974823, 52.166053772, 119.444862366], [-1989.984375, -639.258300781, 477.472717285, 15.5498132706, 32.4419708252, 433.681274414, 108.212661743, 150.29838562, 0.522209703922, 54.9991416931, 58.3540153503, 79.2395324707, -35.9669342041], [-1612.60339355, -123.472831726, 382.56930542, 183.426025391, 258.464477539, 108.212661743, 312.933685303, 121.416702271, 55.6974983215, 75.6782608032, 1.86423659325, 38.3721656799, 14.5666761398], [-496.271484375, -311.299072266, 280.872253418, 17.7518749237, 76.4049911499, 150.29838562, 121.416702271, 280.660552979, 82.3502883911, 126.461174011, 32.5503730774, 57.7342681885, -28.083070755], [-196.35067749, -22.5625305176, 30.1579761505, 29.6071491241, 146.017990112, 0.522209703922, 55.6974983215, 82.3502883911, 167.973327637, 130.95880127, 25.7545585632, 19.8427047729, 18.5305423737], [-481.730651855, -227.252670288, 205.701217651, 66.7772521973, 176.06489563, 54.9991416931, 75.6782608032, 126.461174011, 130.95880127, 236.551345825, 50.6937065125, 60.3543052673, 11.9610700607], [-235.454208374, -153.413085938, -95.3129730225, -184.046539307, -139.4974823, 58.3540153503, 1.86423659325, 32.5503730774, 25.7545585632, 50.6937065125, 162.47064209, 60.5214042664, -9.86442470551], [-856.782226562, -300.584960938, 153.530349731, 12.721323967, 52.166053772, 79.2395324707, 38.3721656799, 57.7342681885, 19.8427047729, 60.3543052673, 60.5214042664, 151.09185791, 69.4118804932], [-420.205627441, -19.5680751801, 54.5875091553, 143.95211792, 119.444862366, -35.9669342041, 14.5666761398, -28.083070755, 18.5305423737, 11.9610700607, -9.86442470551, 69.4118804932, 171.054275513]], "icov": [[0.000278874445939, -0.000797220505774, 0.000777145323809, -0.000597449718043, 0.000522016140167, -0.000413436617237, 0.000827033421956, -0.00101078127045, 0.00076797575457, -0.00115476269275, 0.000745246652514, -0.000690551649313, 0.000481579394545], [-0.000797220505774, 0.00277303555049, -0.00232720072381, 0.00184319436084, -0.00229912740178, 0.00190651137382, -0.00197383575141, 0.00273179472424, -0.00212034699507, 0.00414735684171, -0.00310893682763, 0.0028940399643, -0.00124073936604], [0.000777145323809, -0.00232720072381, 0.00402434682474, -0.00219248561189, 0.000729729712475, -0.00275650457479, 0.00171551899984, -0.0033330717124, 0.00371980876662, -0.00425999145955, 0.0029583228752, -0.00281647220254, 0.00162966316566], [-0.000597449718043, 0.00184319436084, -0.00219248561189, 0.00336377462372, -0.00146556517575, 0.00122433702927, -0.0022249291651, 0.00247411499731, -0.00146984821185, 0.00210857298225, -0.000175207445864, 0.00223916396499, -0.00241841538809], [0.000522016140167, -0.00229912740178, 0.000729729712475, -0.00146556517575, 0.00487738708034, -0.00138724071439, -8.01721180324e-05, -0.000649929279462, -0.000531429424882, -0.004235541448, 0.00474074250087, -0.00310771772638, 0.000110669199785], [-0.000413436617237, 0.00190651137382, -0.00275650457479, 0.00122433702927, -0.00138724071439, 0.00622805487365, -0.00072333967546, 0.000259778753389, -0.0013045767555, 0.00390989053994, -0.00402108486742, 0.0014404640533, 0.000485781871248], [0.000827033421956, -0.00197383575141, 0.00171551899984, -0.0022249291651, -8.01721180324e-05, -0.00072333967546, 0.00817068573087, -0.00479692406952, 0.00175786355976, -0.00164804561064, -0.000465578254079, -0.00083558546612, 0.00178838055581], [-0.00101078127045, 0.00273179472424, -0.0033330717124, 0.00247411499731, -0.000649929279462, 0.000259778753389, -0.00479692406952, 0.0107081411406, -0.00513341603801, 0.00190112669952, -0.000749067869037, 0.000457916234154, -0.000319849525113], [0.00076797575457, -0.00212034699507, 0.00371980876662, -0.00146984821185, -0.000531429424882, -0.0013045767555, 0.00175786355976, -0.00513341603801, 0.0157289877534, -0.00938711501658, 0.000946558197029, 0.000316732795909, -0.000323281215969], [-0.00115476269275, 0.00414735684171, -0.00425999145955, 0.00210857298225, -0.004235541448, 0.00390989053994, -0.00164804561064, 0.00190112669952, -0.00938711501658, 0.0169611014426, -0.00815082807094, 0.00283381366171, -0.000334191630827], [0.000745246652514, -0.00310893682763, 0.0029583228752, -0.000175207445864, 0.00474074250087, -0.00402108486742, -0.000465578254079, -0.000749067869037, 0.000946558197029, -0.00815082807094, 0.0171033162624, -0.00838901847601, 0.0012971413089], [-0.000690551649313, 0.0028940399643, -0.00281647220254, 0.00223916396499, -0.00310771772638, 0.0014404640533, -0.00083558546612, 0.000457916234154, 0.000316732795909, 0.00283381366171, -0.00838901847601, 0.0170613080263, -0.00737113831565], [0.000481579394545, -0.00124073936604, 0.00162966316566, -0.00241841538809, 0.000110669199785, 0.000485781871248, 0.00178838055581, -0.000319849525113, -0.000323281215969, -0.000334191630827, 0.0012971413089, -0.00737113831565, 0.0113467397168]]}, "melbands": {"dmean": [2.89593735943e-05, 0.000138534378493, 0.000115672759421, 7.467631076e-05, 0.000118093877973, 0.000164429089637, 0.000178750502528, 0.000203434596187, 7.14406560292e-05, 7.31778200134e-05, 3.793381984e-05, 2.42352180067e-05, 3.94987946493e-05, 2.42212390731e-05, 1.67308371601e-05, 2.50030225288e-05, 2.19771154661e-05, 1.22166647998e-05, 6.58136150378e-06, 5.11757434651e-06, 9.56852454692e-06, 4.67480640509e-06, 2.75714342024e-06, 1.54401470809e-06, 1.48331798755e-06, 4.60788129431e-07, 4.42186689043e-07, 1.25385668071e-07, 5.49213865497e-08, 6.94546073987e-08, 1.796705007e-08, 8.73457928208e-09, 5.66564128945e-09, 5.67272895324e-09, 4.24785051578e-09, 7.75698882904e-09, 5.34734745372e-09, 4.21940971052e-09, 2.85003598499e-09, 2.56738386106e-09], "dmean2": [3.44078835042e-05, 0.00023356868769, 0.000173109263415, 0.00010327322525, 0.000178281174158, 0.000242778914981, 0.000264022557531, 0.000302636966808, 0.000105112558231, 0.00010050254059, 5.48611678823e-05, 3.60229605576e-05, 5.51305820409e-05, 3.39943217114e-05, 2.33218124777e-05, 3.41936065524e-05, 3.06975853164e-05, 1.86475972441e-05, 9.84825874184e-06, 8.08036020317e-06, 1.3603646039e-05, 7.12426390237e-06, 4.15779277319e-06, 2.32890761254e-06, 2.28295016313e-06, 7.23874109099e-07, 6.81313906625e-07, 2.02474950584e-07, 9.16982827448e-08, 1.11908065037e-07, 2.83114953703e-08, 1.44593057527e-08, 9.3083754038e-09, 9.13648889878e-09, 6.80115253004e-09, 1.22676526715e-08, 8.48298853384e-09, 6.82850931355e-09, 4.57555415778e-09, 4.07432620975e-09], "dvar": [8.53152926084e-09, 1.93836200424e-07, 5.7706216694e-08, 1.37075932827e-08, 1.44755858855e-07, 4.12787670712e-07, 3.44878344549e-07, 4.75627160768e-07, 7.79967379572e-08, 3.23685355852e-07, 1.79500450059e-08, 5.13345810305e-09, 1.29259039028e-08, 3.45250250611e-09, 4.12022949092e-09, 1.12840474742e-08, 7.87410225911e-09, 3.80502696018e-09, 4.64409927181e-10, 5.8535576386e-10, 3.85989284979e-09, 5.02751507092e-10, 1.63532742903e-10, 5.5613194605e-11, 4.59776557105e-11, 3.20681133557e-12, 5.69622344085e-12, 6.28144346433e-13, 5.96957718175e-14, 1.69318552234e-13, 8.79877412114e-15, 1.03699829688e-15, 5.43757776808e-16, 5.24132235179e-16, 3.43958162902e-16, 1.88875599392e-15, 1.082727594e-15, 1.3291652655e-15, 6.37729094285e-16, 7.25421727099e-16], "dvar2": [1.93033304896e-08, 6.92332548624e-07, 1.81302539204e-07, 3.55111815509e-08, 4.2532113298e-07, 9.53402604864e-07, 7.03378589151e-07, 1.08973915758e-06, 1.8328317708e-07, 6.05353989158e-07, 3.39150822981e-08, 9.56997769919e-09, 2.15752358201e-08, 6.10966965908e-09, 5.63647706286e-09, 2.08600390295e-08, 1.21938716902e-08, 8.06555089383e-09, 8.99216812122e-10, 1.29139166027e-09, 7.54720463902e-09, 1.12427644972e-09, 3.42042977275e-10, 1.11455830676e-10, 9.73306088503e-11, 6.76024167201e-12, 1.16061891001e-11, 1.44778915419e-12, 1.48275177401e-13, 3.73069576533e-13, 1.94989423913e-14, 2.583235131e-15, 1.32043150878e-15, 1.20097476987e-15, 7.68138075086e-16, 4.69344344205e-15, 2.50869707867e-15, 3.40925149677e-15, 1.64395171958e-15, 1.84737356401e-15], "max": [0.00606317771599, 0.00830704998225, 0.00486227404326, 0.00302306422964, 0.0119522204623, 0.021312545985, 0.0130221806467, 0.0190893672407, 0.0101399170235, 0.0353345945477, 0.00544961402193, 0.00273671816103, 0.00552042992786, 0.00208726059645, 0.00353821925819, 0.00506260665134, 0.00406489567831, 0.00224913447164, 0.00070109666558, 0.00125640584156, 0.0035479394719, 0.0010297576664, 0.000399432028644, 0.000245875329711, 0.000283187109744, 5.6098375353e-05, 0.000105545957922, 4.30795225839e-05, 9.44717885432e-06, 1.95860702661e-05, 5.48249909116e-06, 1.13943838187e-06, 1.37109793741e-06, 5.82876566568e-07, 5.62003833693e-07, 1.14520298666e-06, 1.14724662126e-06, 1.35504672016e-06, 1.01716534573e-06, 1.49943673478e-06], "mean": [0.000171796549694, 0.000347291846992, 0.00036708949483, 0.000281630782411, 0.000338053534506, 0.000497057160828, 0.00053579575615, 0.000526173855178, 0.000196009947103, 0.000198275811272, 0.00010143059626, 5.9238383983e-05, 0.000104635590105, 6.16478719166e-05, 4.08987179981e-05, 5.8773530327e-05, 5.97944745095e-05, 3.26227709593e-05, 1.47451264638e-05, 9.77567378868e-06, 2.27083801292e-05, 1.03899292299e-05, 5.37986034033e-06, 2.82684163722e-06, 3.17693707075e-06, 9.09801030957e-07, 7.38729397654e-07, 2.09539109619e-07, 1.01907176031e-07, 1.204622464e-07, 3.58691529811e-08, 1.82703399076e-08, 1.30253239305e-08, 1.17187219928e-08, 9.46732026108e-09, 1.45759537773e-08, 1.15938902923e-08, 6.98493929363e-09, 4.68942396026e-09, 3.92114474224e-09], "median": [8.7005378191e-07, 3.33125753968e-05, 0.000119229567645, 0.000164977056556, 0.000118828793347, 5.0582071708e-05, 6.84201804688e-05, 7.6448704931e-05, 2.26972751989e-05, 2.04311472771e-05, 2.23964398174e-05, 1.43554998431e-05, 2.49703552981e-05, 1.41893833643e-05, 9.14966949495e-06, 6.386961104e-06, 6.74480088492e-06, 4.81060669699e-06, 3.15156012221e-06, 1.95852089746e-06, 1.95103757505e-06, 1.56770988724e-06, 1.04997729977e-06, 7.21751234778e-07, 5.63180662994e-07, 2.49663798968e-07, 1.04308782056e-07, 4.29599751328e-08, 2.24379199665e-08, 1.23154766385e-08, 6.37899910672e-09, 4.08319555945e-09, 4.138359877e-09, 3.688988226e-09, 2.85145995704e-09, 2.53675835893e-09, 1.64858682261e-09, 8.12339973066e-10, 6.34982955106e-10, 4.47835740713e-10], "min": [1.48392751099e-23, 1.91737802164e-23, 1.86209291391e-23, 2.2693243702e-23, 5.64247632487e-24, 8.59551835343e-24, 1.34052001371e-23, 1.1542063718e-23, 9.18004692926e-24, 7.81607013653e-24, 1.22847944041e-23, 9.00601316952e-24, 4.37126247485e-24, 5.94072609491e-24, 8.78842166603e-24, 1.7886643209e-23, 8.37426259104e-24, 9.4251562677e-24, 6.11865722195e-24, 9.05208974613e-24, 1.69724512386e-23, 7.21576276488e-24, 8.48324214737e-24, 8.1055789333e-24, 8.79906892167e-24, 7.58383343034e-24, 9.16182424235e-24, 8.15735976312e-24, 1.07280357833e-23, 1.05678646763e-23, 1.10998693153e-23, 7.25723870469e-24, 8.87153841759e-24, 7.33092935729e-24, 8.78633434007e-24, 7.89665701117e-24, 1.07918704078e-23, 8.43533699118e-24, 1.47293883635e-23, 1.29547045511e-23], "var": [2.35759969769e-07, 5.26299800185e-07, 3.11449696255e-07, 1.15462547967e-07, 4.69186602459e-07, 2.21494747166e-06, 2.04495449907e-06, 1.93573305296e-06, 3.5268712395e-07, 1.19026049106e-06, 1.00497068445e-07, 2.35512214175e-08, 1.04582717597e-07, 2.24678196048e-08, 2.83303549509e-08, 5.17704066283e-08, 5.85208823622e-08, 1.59958126744e-08, 1.59178281667e-09, 1.64337510267e-09, 1.49553471829e-08, 1.69355796054e-09, 3.84286630295e-10, 1.02763283993e-10, 2.00270522388e-10, 8.14196973731e-12, 1.094251946e-11, 1.03999816571e-12, 1.14557506276e-13, 3.89875523359e-13, 2.77299511749e-14, 2.19807739142e-15, 1.06696134624e-15, 1.05774160437e-15, 8.38594593276e-16, 3.70348554341e-15, 2.71923516453e-15, 1.67727103111e-15, 7.16045760588e-16, 6.98895990384e-16]}, "mfcc": {"mean": [-797.911560059, 186.269958496, -44.0142478943, -4.97954845428, -2.52221846581, -18.1342506409, -9.73430156708, -5.67477941513, -17.9036884308, -9.6618938446, -6.53269910812, -5.28141975403, -5.98564481735], "cov": [[10806.7910156, 4581.85351562, -1365.25634766, 838.457641602, 268.359771729, -351.94140625, -240.784957886, -149.411758423, -37.2375869751, 47.3650817871, -48.6392784119, 100.50818634, -80.7298126221], [4581.85351562, 3530.98217773, -148.86289978, 447.423553467, 508.157196045, 43.4421539307, 152.095397949, 75.8448028564, 79.283203125, 66.1956863403, 45.1989517212, 77.6769561768, 23.4435825348], [-1365.25634766, -148.86289978, 1022.70379639, 211.822509766, 326.558319092, 373.148895264, 264.231719971, 215.630111694, 174.305633545, 111.012275696, 38.1930046082, 42.7224655151, 46.9433937073], [838.457641602, 447.423553467, 211.822509766, 1118.08459473, 582.404418945, 346.024169922, 182.121276855, -34.3437347412, 425.955932617, 139.491256714, -41.7203636169, 56.0555076599, 8.1018781662], [268.359771729, 508.157196045, 326.558319092, 582.404418945, 715.506958008, 383.606018066, 151.927490234, 40.7592048645, 322.096282959, 127.547744751, -29.4689674377, 38.3167037964, 61.4482498169], [-351.94140625, 43.4421539307, 373.148895264, 346.024169922, 383.606018066, 395.905181885, 159.847564697, 59.7293357849, 211.854675293, 87.7929229736, 13.6812362671, 31.6119861603, 41.6837310791], [-240.784957886, 152.095397949, 264.231719971, 182.121276855, 151.927490234, 159.847564697, 242.223480225, 135.201553345, 118.262237549, 72.7089691162, 53.7132072449, 68.1620407104, 44.9616127014], [-149.411758423, 75.8448028564, 215.630111694, -34.3437347412, 40.7592048645, 59.7293357849, 135.201553345, 216.587493896, 50.4543991089, 51.9941482544, 74.3712997437, 68.6680679321, 58.8742866516], [-37.2375869751, 79.283203125, 174.305633545, 425.955932617, 322.096282959, 211.854675293, 118.262237549, 50.4543991089, 317.549591064, 134.726989746, 18.973487854, 64.387840271, 49.8312187195], [47.3650817871, 66.1956863403, 111.012275696, 139.491256714, 127.547744751, 87.7929229736, 72.7089691162, 51.9941482544, 134.726989746, 181.289657593, 107.683128357, 76.9632568359, 45.8152656555], [-48.6392784119, 45.1989517212, 38.1930046082, -41.7203636169, -29.4689674377, 13.6812362671, 53.7132072449, 74.3712997437, 18.973487854, 107.683128357, 205.85345459, 124.30065155, 50.165813446], [100.50818634, 77.6769561768, 42.7224655151, 56.0555076599, 38.3167037964, 31.6119861603, 68.1620407104, 68.6680679321, 64.387840271, 76.9632568359, 124.30065155, 174.328857422, 103.542221069], [-80.7298126221, 23.4435825348, 46.9433937073, 8.1018781662, 61.4482498169, 41.6837310791, 44.9616127014, 58.8742866516, 49.8312187195, 45.8152656555, 50.165813446, 103.542221069, 164.016571045]], "icov": [[0.000451919651823, -0.000559885695111, 0.000528028409462, -0.000569418421946, 0.00035558489617, -0.000358833203791, 0.000978626077995, -0.000814982049633, 0.00072593067307, -0.000874761724845, 0.000908194517251, -0.000810789060779, 0.000419575662818], [-0.000559885695111, 0.00110163132194, -0.00046044687042, 0.000549257209059, -0.00108425645158, 0.00084647879703, -0.00152479158714, 0.000763681018725, -0.000342608516803, 0.00104975316208, -0.00125677383039, 0.000940236321185, -0.000391745415982], [0.000528028409462, -0.00046044687042, 0.00266934698448, -0.000637487566564, 0.000123397505376, -0.00192755961325, 0.000388534070225, -0.00244143721648, 0.00168504891917, -0.00178268831223, 0.00167993176728, -0.000984088052064, 0.000900144863408], [-0.000569418421946, 0.000549257209059, -0.000637487566564, 0.00339106866159, -0.00115799612831, 0.00036647808156, -0.00245851255022, 0.00278920843266, -0.0036853060592, 0.00150055380072, -0.000571408541873, -2.79531777778e-05, 0.00056254939409], [0.00035558489617, -0.00108425645158, 0.000123397505376, -0.00115799612831, 0.00552257383242, -0.00365903857164, 0.00195498974063, -0.000706234655809, -0.00121604965534, -0.00165546010248, 0.00226154667325, -0.000474841886899, -0.0006296907668], [-0.000358833203791, 0.00084647879703, -0.00192755961325, 0.00036647808156, -0.00365903857164, 0.00877253245562, -0.00330408057198, 0.00230552535504, -0.00208560982719, 0.0023444192484, -0.00314350915141, 0.00243677943945, -0.00114256946836], [0.000978626077995, -0.00152479158714, 0.000388534070225, -0.00245851255022, 0.00195498974063, -0.00330408057198, 0.0121657121927, -0.00659697968513, 0.0016822401667, -0.00249326252379, 0.00251040887088, -0.00328598031774, 0.0013421260519], [-0.000814982049633, 0.000763681018725, -0.00244143721648, 0.00278920843266, -0.000706234655809, 0.00230552535504, -0.00659697968513, 0.0118741421029, -0.00395853724331, 0.00296863354743, -0.00381860509515, 0.00167556444649, -0.00224087294191], [0.00072593067307, -0.000342608516803, 0.00168504891917, -0.0036853060592, -0.00121604965534, -0.00208560982719, 0.0016822401667, -0.00395853724331, 0.0133950933814, -0.00739989010617, 0.00464141136035, -0.00339588522911, 0.000772992440034], [-0.000874761724845, 0.00104975316208, -0.00178268831223, 0.00150055380072, -0.00165546010248, 0.0023444192484, -0.00249326252379, 0.00296863354743, -0.00739989010617, 0.0158175677061, -0.0100389551371, 0.00385046307929, -0.00203265389428], [0.000908194517251, -0.00125677383039, 0.00167993176728, -0.000571408541873, 0.00226154667325, -0.00314350915141, 0.00251040887088, -0.00381860509515, 0.00464141136035, -0.0100389551371, 0.0168704390526, -0.0114401644096, 0.00426439289004], [-0.000810789060779, 0.000940236321185, -0.000984088052064, -2.79531777778e-05, -0.000474841886899, 0.00243677943945, -0.00328598031774, 0.00167556444649, -0.00339588522911, 0.00385046307929, -0.0114401644096, 0.0195419080555, -0.00927388761193], [0.000419575662818, -0.000391745415982, 0.000900144863408, 0.00056254939409, -0.0006296907668, -0.00114256946836, 0.0013421260519, -0.00224087294191, 0.000772992440034, -0.00203265389428, 0.00426439289004, -0.00927388761193, 0.0119199408218]]}, "spectral_contrast_coeffs": {"dmean": [0.0340136773884, 0.0378181301057, 0.0315777175128, 0.0261264406145, 0.0178809687495, 0.0128019200638], "dmean2": [0.0542772300541, 0.0585807971656, 0.049605678767, 0.0421979576349, 0.0291108284146, 0.0216301400214], "dvar": [0.000847640680149, 0.00115463347174, 0.000732065062039, 0.000512182712555, 0.000258703890722, 0.000180830757017], "dvar2": [0.00234477664344, 0.00261846394278, 0.00171968573704, 0.00125568651129, 0.000591803807765, 0.00048875779612], "max": [-0.197256058455, -0.321057379246, -0.311083614826, -0.372920930386, -0.491103023291, -0.586123585701], "mean": [-0.542997300625, -0.644316732883, -0.719994068146, -0.703741312027, -0.735072612762, -0.793493211269], "median": [-0.546302616596, -0.645663142204, -0.724129080772, -0.714452385902, -0.737166047096, -0.793481051922], "min": [-0.957750797272, -0.969621002674, -0.955166637897, -0.962287664413, -0.958559811115, -0.959214031696], "var": [0.0210952162743, 0.0151830706745, 0.00861600786448, 0.0108233233914, 0.00439412426203, 0.00309683871455]}, "spectral_contrast_valleys": {"dmean": [0.373013287783, 0.298878848553, 0.253129690886, 0.21108019352, 0.165781036019, 0.136017069221], "dmean2": [0.612689971924, 0.487803220749, 0.419603466988, 0.355884224176, 0.280483514071, 0.22875636816], "dvar": [0.125564038754, 0.0798772871494, 0.0583141930401, 0.0482536889613, 0