{"lowlevel": {"average_loudness": 0.00568569125608, "barkbands_crest": {"dmean": 1.35024082661, "dmean2": 2.10859513283, "dvar": 3.14094686508, "dvar2": 8.18686294556, "max": 26.5602779388, "mean": 15.6494350433, "median": 15.2705278397, "min": 3.75350832939, "var": 23.7443161011}, "barkbands_flatness_db": {"dmean": 0.0140595957637, "dmean2": 0.023274295032, "dvar": 0.000276360020507, "dvar2": 0.000672707275953, "max": 0.567919850349, "mean": 0.421146929264, "median": 0.43214738369, "min": 0.0519720241427, "var": 0.00467500789091}, "barkbands_kurtosis": {"dmean": 2.16687107086, "dmean2": 3.23667883873, "dvar": 30.7147769928, "dvar2": 59.3752441406, "max": 403.905731201, "mean": 10.4441833496, "median": 4.10749578476, "min": -1.81961917877, "var": 888.844665527}, "barkbands_skewness": {"dmean": 0.318802893162, "dmean2": 0.485545217991, "dvar": 0.219147309661, "dvar2": 0.515798509121, "max": 11.5463905334, "mean": 1.66691923141, "median": 1.48981785774, "min": -6.58401298523, "var": 3.10183405876}, "barkbands_spread": {"dmean": 0.601878643036, "dmean2": 0.928954899311, "dvar": 4.04458761215, "dvar2": 7.8014626503, "max": 88.4176559448, "mean": 3.65106153488, "median": 2.84377384186, "min": 0.153845116496, "var": 19.6640071869}, "dissonance": {"dmean": 0.0380265563726, "dmean2": 0.0645689144731, "dvar": 0.00156147056259, "dvar2": 0.00424384558573, "max": 0.496219396591, "mean": 0.326598197222, "median": 0.331605404615, "min": 0.0611225068569, "var": 0.00736919138581}, "dynamic_complexity": 10.4955339432, "erbbands_crest": {"dmean": 1.5023214817, "dmean2": 2.30148053169, "dvar": 4.66946220398, "dvar2": 11.7969636917, "max": 33.6328315735, "mean": 15.4523153305, "median": 14.1484861374, "min": 3.05091905594, "var": 41.5655975342}, "erbbands_flatness_db": {"dmean": 0.0111905671656, "dmean2": 0.018309591338, "dvar": 0.000217279201024, "dvar2": 0.000478504109196, "max": 0.555330216885, "mean": 0.405413240194, "median": 0.416194140911, "min": 0.0489699058235, "var": 0.00340590300038}, "erbbands_kurtosis": {"dmean": 1.0971583128, "dmean2": 1.63360404968, "dvar": 9.1107339859, "dvar2": 22.9135093689, "max": 90.39503479, "mean": 3.14968800545, "median": 0.381844520569, "min": -1.74420714378, "var": 81.381729126}, "erbbands_skewness": {"dmean": 0.216795057058, "dmean2": 0.328031539917, "dvar": 0.137377336621, "dvar2": 0.340685456991, "max": 6.14260959625, "mean": 0.756452441216, "median": 0.688313782215, "min": -5.06747531891, "var": 0.977148473263}, "erbbands_spread": {"dmean": 1.02643990517, "dmean2": 1.48505520821, "dvar": 4.95919322968, "dvar2": 8.16255760193, "max": 140.269317627, "mean": 10.3310031891, "median": 8.89984512329, "min": 0.331411898136, "var": 82.0334243774}, "hfc": {"dmean": 1.47553551197, "dmean2": 2.00953364372, "dvar": 41.0202713013, "dvar2": 85.702545166, "max": 238.858352661, "mean": 6.79430770874, "median": 0.876898348331, "min": 1.22041737885e-16, "var": 323.127929688}, "melbands_crest": {"dmean": 1.72541320324, "dmean2": 2.71519112587, "dvar": 5.64461803436, "dvar2": 14.8917655945, "max": 33.9882125854, "mean": 19.0945224762, "median": 17.8603134155, "min": 2.75830626488, "var": 43.6585235596}, "melbands_flatness_db": {"dmean": 0.0155649352819, "dmean2": 0.0258681327105, "dvar": 0.000347821187461, "dvar2": 0.00082858838141, "max": 0.708277821541, "mean": 0.531961560249, "median": 0.545219063759, "min": 0.00675613386557, "var": 0.00676303263754}, "melbands_kurtosis": {"dmean": 2.0527946949, "dmean2": 3.1319000721, "dvar": 28.7253761292, "dvar2": 68.4953689575, "max": 294.795806885, "mean": 9.77437973022, "median": 4.92697906494, "min": -1.873493433, "var": 331.290466309}, "melbands_skewness": {"dmean": 0.309246152639, "dmean2": 0.46595698595, "dvar": 0.213717207313, "dvar2": 0.484069943428, "max": 13.5297136307, "mean": 1.82268774509, "median": 1.70910012722, "min": -3.85592317581, "var": 2.9169986248}, "melbands_spread": {"dmean": 0.863822579384, "dmean2": 1.32385182381, "dvar": 4.83513498306, "dvar2": 7.8444647789, "max": 141.207885742, "mean": 5.31782531738, "median": 4.36074924469, "min": 0.228208526969, "var": 23.6505336761}, "pitch_salience": {"dmean": 0.0353834629059, "dmean2": 0.056902512908, "dvar": 0.00258619757369, "dvar2": 0.00671472819522, "max": 0.914315164089, "mean": 0.434087991714, "median": 0.45058619976, "min": 0.0518117286265, "var": 0.0166694354266}, "silence_rate_20dB": {"dmean": 0.000320512830513, "dmean2": 0.000641128397547, "dvar": 0.00032041137456, "dvar2": 0.000961286656093, "max": 1, "mean": 0.999839782715, "median": 1, "min": 0, "var": 0.000160203067935}, "silence_rate_30dB": {"dmean": 0.00673076929525, "dmean2": 0.0134636964649, "dvar": 0.00668550096452, "dvar2": 0.0136030968279, "max": 1, "mean": 0.974042594433, "median": 1, "min": 0, "var": 0.0252834614366}, "silence_rate_60dB": {"dmean": 0.0250000003725, "dmean2": 0.0500080138445, "dvar": 0.0243754833937, "dvar2": 0.0535992793739, "max": 1, "mean": 0.526678442955, "median": 1, "min": 0, "var": 0.249279588461}, "spectral_centroid": {"dmean": 25.7617721558, "dmean2": 38.6098251343, "dvar": 14083.765625, "dvar2": 17989.0683594, "max": 11052.2685547, "mean": 412.178527832, "median": 368.687835693, "min": 145.045761108, "var": 53305.2070312}, "spectral_complexity": {"dmean": 0.627564132214, "dmean2": 1.01170063019, "dvar": 1.09592425823, "dvar2": 2.17690515518, "max": 29, "mean": 6.20685768127, "median": 5, "min": 0, "var": 31.465303421}, "spectral_decrease": {"dmean": 6.83714529437e-10, "dmean2": 9.43847999757e-10, "dvar": 4.4836746077e-18, "dvar2": 8.77009310909e-18, "max": 7.31712244313e-29, "mean": -3.60023255652e-09, "median": -6.88226253764e-10, "min": -8.2402870305e-08, "var": 5.46031286031e-17}, "spectral_energy": {"dmean": 0.00270729837939, "dmean2": 0.00373218907043, "dvar": 7.26161233615e-05, "dvar2": 0.000142535674968, "max": 0.332525372505, "mean": 0.0142043912783, "median": 0.00267214421183, "min": 1.07933814046e-20, "var": 0.000867257069331}, "spectral_energyband_high": {"dmean": 2.7295864129e-06, "dmean2": 4.00403405365e-06, "dvar": 2.08265227286e-09, "dvar2": 5.24474774721e-09, "max": 0.00219594105147, "mean": 4.14264650317e-06, "median": 4.86046580761e-09, "min": 7.64416183312e-21, "var": 2.59160759519e-09}, "spectral_energyband_low": {"dmean": 0.000601279723924, "dmean2": 0.000946058193222, "dvar": 7.08391053195e-06, "dvar2": 1.56843270815e-05, "max": 0.102226860821, "mean": 0.00147763907444, "median": 0.00014916966029, "min": 7.00407067878e-23, "var": 3.00895935652e-05}, "spectral_energyband_middle_high": {"dmean": 0.000487649580464, "dmean2": 0.000749899074435, "dvar": 1.3142052012e-05, "dvar2": 3.46405759046e-05, "max": 0.149665117264, "mean": 0.00138183357194, "median": 7.67946912674e-05, "min": 1.60642938017e-21, "var": 2.43485883402e-05}, "spectral_energyband_middle_low": {"dmean": 0.00219612661749, "dmean2": 0.00298846466467, "dvar": 4.68685175292e-05, "dvar2": 9.05094129848e-05, "max": 0.311971396208, "mean": 0.0115455407649, "median": 0.00246038404293, "min": 4.05176681893e-22, "var": 0.000563829089515}, "spectral_entropy": {"dmean": 0.102473407984, "dmean2": 0.160496979952, "dvar": 0.0270482450724, "dvar2": 0.0605990476906, "max": 9.80383014679, "mean": 5.10542535782, "median": 5.05374097824, "min": 3.67587900162, "var": 0.389569252729}, "spectral_flux": {"dmean": 0.00939357746392, "dmean2": 0.014641049318, "dvar": 0.000470541417599, "dvar2": 0.0010162522085, "max": 0.35153850913, "mean": 0.0204453151673, "median": 0.00775653403252, "min": 1.03891201197e-10, "var": 0.00108492467552}, "spectral_kurtosis": {"dmean": 37.0726776123, "dmean2": 65.3945007324, "dvar": 1585.92736816, "dvar2": 4661.47119141, "max": 524.167602539, "mean": 160.931167603, "median": 163.487091064, "min": -1.20667386055, "var": 7527.63037109}, "spectral_rms": {"dmean": 0.000253759062616, "dmean2": 0.000347990979208, "dvar": 2.69360043603e-07, "dvar2": 5.18963872764e-07, "max": 0.0180115234107, "mean": 0.00260444264859, "median": 0.00161461136304, "min": 3.24501580121e-12, "var": 7.07482422513e-06}, "spectral_rolloff": {"dmean": 48.6391792297, "dmean2": 82.2596282959, "dvar": 108204.101562, "dvar2": 167501.328125, "max": 18755.4199219, "mean": 528.677490234, "median": 538.330078125, "min": 129.19921875, "var": 260440.109375}, "spectral_skewness": {"dmean": 1.39513504505, "dmean2": 2.46698403358, "dvar": 2.12617468834, "dvar2": 5.99838018417, "max": 18.4850215912, "mean": 9.57308673859, "median": 10.2355003357, "min": 0.00621743919328, "var": 11.6380548477}, "spectral_spread": {"dmean": 316949.65625, "dmean2": 565228.8125, "dvar": 261572247552, "dvar2": 448989659136, "max": 40946728, "mean": 1012130.625, "median": 805576.125, "min": 188609.9375, "var": 1125966675970.0}, "spectral_strongpeak": {"dmean": 0.174901634455, "dmean2": 0.276020944118, "dvar": 0.248389840126, "dvar2": 0.59343367815, "max": 14.1630458832, "mean": 0.763296186924, "median": 0.342954576015, "min": 0, "var": 1.44050574303}, "zerocrossingrate": {"dmean": 0.00174552726094, "dmean2": 0.00223291432485, "dvar": 5.99984232394e-05, "dvar2": 7.95326413936e-05, "max": 0.48974609375, "mean": 0.0199078861624, "median": 0.017578125, "min": 0.00634765625, "var": 0.000244697846938}, "barkbands": {"dmean": [6.40047730371e-08, 0.000193474348634, 0.000400952470955, 0.000164238823345, 0.000922331470065, 0.000406167207984, 0.000337225210387, 0.000601993117016, 0.00062274170341, 0.000260390748736, 4.71408202429e-05, 9.5405295724e-05, 5.46959781786e-05, 7.01451717759e-05, 3.9363399992e-05, 2.9281107345e-05, 2.36960349866e-05, 1.53600412887e-05, 6.73977365295e-06, 2.47932553066e-06, 1.06385652998e-06, 1.90522129628e-07, 3.21753148569e-08, 2.04860128861e-08, 1.87561588483e-09, 5.74835068434e-10, 6.01506566777e-10], "dmean2": [1.13545766567e-07, 0.000337804609444, 0.000618541613221, 0.000281971384538, 0.00124313950073, 0.000539558648597, 0.000487790704938, 0.000822004280053, 0.000833179045003, 0.000448630657047, 7.64905635151e-05, 0.000121591278003, 8.19030610728e-05, 0.000105494968011, 5.61956621823e-05, 3.49413458025e-05, 3.23006388498e-05, 2.05069063668e-05, 8.06694333733e-06, 3.42289672517e-06, 1.59560022439e-06, 2.9948540714e-07, 5.19366274432e-08, 3.66514250061e-08, 3.11507486472e-09, 1.0127984007e-09, 1.07401243454e-09], "dvar": [2.40914439006e-13, 7.69203040818e-07, 3.65788309864e-06, 5.24359450083e-07, 6.12884105067e-06, 1.80340020961e-06, 4.94709547638e-06, 1.403468832e-05, 1.72274849319e-05, 8.38420874061e-06, 2.39705713057e-07, 2.29064099244e-07, 1.68495176922e-07, 2.23186972903e-07, 2.85548338752e-07, 4.36477982646e-08, 4.50806076913e-08, 2.64936836913e-08, 4.26317114943e-09, 1.20315757357e-09, 5.30731791848e-10, 7.01915912546e-12, 3.84582204407e-13, 4.3611661049e-13, 1.57409977116e-15, 2.42888951692e-18, 2.27600131071e-18], "dvar2": [7.17962148067e-13, 2.1148828182e-06, 7.62914805819e-06, 1.47068408296e-06, 1.10785367724e-05, 2.89048261948e-06, 9.56893381954e-06, 2.74129779427e-05, 3.19497121382e-05, 2.40063527599e-05, 7.02508259565e-07, 4.10095623238e-07, 4.27929876423e-07, 4.59078052018e-07, 5.37646599241e-07, 6.125705454e-08, 9.03062584712e-08, 3.87349530229e-08, 6.57619025901e-09, 2.87605161908e-09, 1.40791722725e-09, 1.5410991927e-11, 7.30672792236e-13, 1.22094955674e-12, 4.09397789649e-15, 6.98137541863e-18, 6.8521718749e-18], "max": [1.80613315024e-05, 0.021321631968, 0.0802685543895, 0.0210532806814, 0.10405805707, 0.0457919873297, 0.110622778535, 0.158529803157, 0.294957488775, 0.110295750201, 0.0197248198092, 0.02405372262, 0.0180769506842, 0.0311398766935, 0.0367852114141, 0.00912880990654, 0.0132894963026, 0.00814229529351, 0.00393590703607, 0.00182557397056, 0.00147644849494, 0.000148137696669, 4.2079758714e-05, 2.91150172416e-05, 2.03080321626e-06, 4.58752467125e-08, 2.92999953189e-08], "mean": [6.75513120996e-08, 0.000241905159783, 0.00104403740261, 0.000432993110735, 0.00428536906838, 0.00164972757921, 0.000890586466994, 0.00163117516786, 0.00262446794659, 0.000366644846508, 0.000120081553177, 0.000300819956465, 0.000118664334877, 0.000163254459039, 0.000107408639451, 0.000102725025499, 6.22897350695e-05, 3.88323132938e-05, 1.74773504114e-05, 3.98599422624e-06, 1.50139896959e-06, 3.16097271025e-07, 5.17578016002e-08, 1.63038862411e-08, 2.66961142081e-09, 1.38781108827e-09, 1.31781996426e-09], "median": [2.67046584845e-09, 5.02032798977e-06, 2.66273655143e-05, 9.30430251174e-05, 0.000789765268564, 0.000116921764857, 5.34398604941e-05, 0.000110885026515, 3.77719188691e-05, 1.73491243913e-05, 7.57079487812e-06, 1.23933104987e-05, 1.65197104707e-06, 1.5428477127e-06, 4.17085431081e-07, 7.74166295514e-08, 1.10619380322e-08, 7.54588480589e-09, 1.68191505168e-09, 6.65582589043e-10, 5.50323842052e-10, 4.83570683496e-10, 4.70526506646e-10, 5.21028498124e-10, 6.23871510008e-10, 8.0086981491e-10, 9.74638925122e-10], "min": [6.0405828693e-24, 2.17951744708e-23, 4.30397871386e-23, 8.35142270125e-24, 7.78566775279e-23, 4.46819083979e-23, 3.06835053705e-23, 5.23768205435e-23, 1.80594015385e-22, 3.26190418658e-23, 5.49864197496e-23, 1.21652108217e-22, 9.72995681758e-23, 6.46697189156e-23, 3.20384206758e-22, 1.08454301189e-22, 6.10719704515e-23, 1.84999254493e-22, 3.45594383753e-22, 3.53738280816e-22, 4.1404370566e-22, 3.21796608566e-22, 6.27867243432e-22, 6.47039718872e-22, 1.27080044273e-21, 1.90704591909e-21, 2.46204917304e-21], "var": [1.51298827525e-13, 1.03795491668e-06, 2.00266622414e-05, 8.00063219231e-07, 8.85889094207e-05, 1.5885270841e-05, 1.96466044144e-05, 4.78954934806e-05, 0.000162244410603, 5.65716209167e-06, 2.79967849792e-07, 1.50510209096e-06, 2.64991768972e-07, 6.72831674819e-07, 6.73819442909e-07, 3.67815857771e-07, 2.10413517721e-07, 1.05366908087e-07, 1.77824244219e-08, 1.77450432126e-09, 5.91891147206e-10, 1.37207259443e-11, 8.26924900083e-13, 2.80644946301e-13, 1.63444695112e-15, 4.85816450001e-18, 1.91444438728e-18]}, "erbbands": {"dmean": [0.000982470810413, 0.0632514432073, 0.449166238308, 0.421590715647, 1.7635986805, 3.70581078529, 3.9089179039, 2.75190377235, 3.3798084259, 8.05157661438, 13.6169157028, 15.4324941635, 7.48794651031, 6.33633708954, 2.51273941994, 3.67823290825, 2.69617915154, 2.54014635086, 3.07454657555, 2.34276175499, 1.20017886162, 1.32745349407, 1.15377438068, 0.320078521967, 0.22677731514, 0.143122583628, 0.0734346807003, 0.0228142794222, 0.00854485202581, 0.00339773995802, 0.000930934154894, 0.000601244915742, 0.000266767048743, 3.73905750166e-05, 8.62781143951e-06, 3.23196104546e-06, 1.57613760621e-06, 4.82778204969e-07, 1.32545699216e-06, 3.06621518575e-06], "dmean2": [0.00165989866946, 0.108694449067, 0.699443995953, 0.680868566036, 2.44334578514, 5.1582493782, 4.81862926483, 3.8180873394, 5.42139673233, 10.8062105179, 18.4841327667, 19.2944526672, 12.8272438049, 10.7067861557, 3.73528933525, 4.6774930954, 3.96305274963, 3.83050513268, 4.48632192612, 2.92848467827, 1.43571281433, 1.79457938671, 1.46129393578, 0.389156937599, 0.271844416857, 0.191162601113, 0.111745208502, 0.0333980284631, 0.0133779067546, 0.00468290084973, 0.00155014672782, 0.00109328830149, 0.000469905295176, 6.07875626883e-05, 1.44164241647e-05, 5.2000591495e-06, 2.48688047577e-06, 7.90810474882e-07, 1.81992027137e-06, 4.21650429416e-06], "dvar": [1.88108970178e-05, 0.0847577229142, 4.74824428558, 2.98164415359, 25.4912166595, 121.353538513, 121.944831848, 107.131347656, 387.289916992, 3640.38745117, 6282.26464844, 10420.0732422, 5004.75048828, 5020.52978516, 279.411895752, 432.749084473, 420.128448486, 153.730499268, 1175.7902832, 434.238891602, 110.321838379, 188.509735107, 133.502731323, 8.00325107574, 4.04528141022, 2.92042589188, 2.7358045578, 0.118247926235, 0.0131072988734, 0.00290541700087, 0.000239059823798, 0.000346586311935, 9.14026895771e-05, 8.65180538767e-07, 2.01940490996e-08, 1.72281966471e-10, 2.23509752373e-11, 2.05542093762e-12, 1.88870429713e-11, 9.71595651156e-11], "dvar2": [4.94229279866e-05, 0.225438654423, 10.5221824646, 7.65331220627, 44.1945457458, 263.524505615, 160.34513855, 195.105361938, 988.832641602, 6859.54785156, 12782.2851562, 16808.4082031, 14164.0996094, 14165.7304688, 782.06237793, 727.673156738, 1050.43774414, 326.730072021, 2189.40429688, 775.19744873, 136.569793701, 375.453155518, 186.95425415, 13.0370073318, 5.764793396, 6.45374774933, 7.29557085037, 0.288212776184, 0.0293363127857, 0.00523578096181, 0.000666183826979, 0.00100346771069, 0.000253069156315, 2.30263299272e-06, 5.55208217179e-08, 4.41302050458e-10, 5.19130884113e-11, 4.92937851995e-12, 3.72303854412e-11, 1.91409235684e-10], "max": [0.100845083594, 8.23676395416, 87.7391738892, 55.9301719666, 179.901657104, 412.417022705, 485.597869873, 342.716796875, 781.18737793, 3196.19018555, 3154.57128906, 8220.5390625, 2642.68066406, 3095.43798828, 714.313476562, 1185.24414062, 914.724365234, 430.356872559, 2146.50830078, 1125.80908203, 602.880249023, 937.922180176, 577.398803711, 143.209594727, 97.3740921021, 56.7873077393, 98.8188858032, 16.3394889832, 5.9312787056, 2.21804904938, 0.678799152374, 1.04415047169, 0.577153027058, 0.0526482090354, 0.00899438466877, 0.000722680997569, 0.000189127997146, 5.48865755263e-05, 0.000171642634086, 0.0003849878849], "mean": [0.00141349597834, 0.0956453680992, 1.1012045145, 1.31930398941, 7.02478837967, 15.3274774551, 17.6765346527, 11.1556520462, 7.4402885437, 25.3054790497, 43.4290885925, 71.9540100098, 12.2902078629, 10.8500289917, 7.46704816818, 11.9037399292, 6.27200746536, 7.35122537613, 6.44055557251, 8.55459403992, 3.89043974876, 3.68964838982, 3.13643217087, 0.958210110664, 0.558816492558, 0.257463485003, 0.101786740124, 0.0349064655602, 0.013443143107, 0.00492613343522, 0.00145327742212, 0.000593622564338, 0.000243921036599, 5.46646188013e-05, 2.14410774788e-05, 1.27441217046e-05, 7.01527687852e-06, 1.82652388503e-06, 7.02276020093e-06, 1.60285217135e-05], "median": [6.64657636662e-05, 0.00226143770851, 0.0389888137579, 0.40636074543, 0.992288768291, 2.68146371841, 3.10432624817, 0.666276395321, 0.743023872375, 2.24052405357, 2.87909626961, 1.10719811916, 0.651789963245, 0.858088433743, 0.930046737194, 0.482944488525, 0.138278827071, 0.0876159891486, 0.0433066189289, 0.0180086251348, 0.0043390346691, 0.0011327349348, 0.000568398972973, 0.000192124687601, 7.20515381545e-05, 3.5952674807e-05, 2.55898157775e-05, 2.17722845264e-05, 1.87883397302e-05, 1.69554605236e-05, 1.48715562318e-05, 1.29029640448e-05, 1.05782819446e-05, 8.48711079016e-06, 6.29711576039e-06, 4.24003064836e-06, 2.29310512623e-06, 7.28325289856e-07, 1.39740825489e-06, 2.97789233628e-06], "min": [8.4358634454e-22, 5.48197431591e-21, 4.45375561419e-20, 3.03733030735e-20, 1.64864669954e-19, 2.37206706853e-19, 3.2663131587e-19, 3.35854121206e-19, 4.11691435632e-19, 1.00092297258e-18, 1.82997994096e-18, 3.91852661523e-18, 1.65931221126e-18, 1.51373276615e-18, 4.07950712937e-18, 3.68473187331e-18, 3.72572777165e-18, 3.01159317712e-18, 8.14020086289e-18, 1.59722471691e-17, 5.63803782615e-18, 3.92341856137e-18, 1.12058306475e-17, 1.43965574377e-17, 1.7260534651e-17, 1.86042415797e-17, 1.33299948918e-17, 1.58776706466e-17, 1.20264599896e-17, 1.41897457409e-17, 1.93941031117e-17, 1.15694518002e-17, 1.20306604128e-17, 1.30301932049e-17, 9.55240744522e-18, 6.29708612099e-18, 4.11530585192e-18, 1.33909601709e-18, 3.62126152943e-19, 3.53759815583e-20], "var": [2.89880081255e-05, 0.159033700824, 22.1071643829, 7.41932249069, 327.339660645, 1317.27001953, 1663.12780762, 663.483154297, 779.604797363, 14960.4912109, 23797.5996094, 124954.921875, 3898.63232422, 3639.3190918, 525.67767334, 3270.00073242, 724.909973145, 631.736999512, 2528.99536133, 3376.9909668, 646.016113281, 845.328735352, 562.125549316, 41.297618866, 16.5981521606, 5.7154378891, 2.8986928463, 0.16048052907, 0.0234828162938, 0.00514134531841, 0.000451645464636, 0.000236972846324, 6.05203858868e-05, 8.19486956516e-07, 1.78170065368e-08, 7.14099501753e-10, 1.79111211973e-10, 1.24348144628e-11, 2.16089382499e-10, 1.13248632694e-09]}, "gfcc": {"mean": [-325.185028076, 233.179290771, -78.5933227539, -71.353767395, -43.6978492737, -16.0976581573, -34.5616455078, -24.0766773224, -22.9221858978, -19.7437992096, -16.7235431671, -17.8691253662, -9.49145793915], "cov": [[18955.4453125, 3633.65258789, -5356.14404297, 498.686462402, 2779.18969727, -1783.80224609, 321.011169434, 413.803436279, 739.931274414, -159.404983521, 626.752502441, -204.599563599, 480.899353027], [3633.65258789, 1690.33032227, -457.694671631, -471.526397705, 537.662597656, -211.468795776, -40.6574020386, -126.860099792, 79.4936065674, -148.467391968, 155.528320312, -70.701210022, 115.6171875], [-5356.14404297, -457.694671631, 2321.15405273, -131.105194092, -842.022521973, 681.436828613, -15.2443141937, -323.647521973, -357.808166504, -78.9094085693, -206.764648438, -8.96318626404, -164.118286133], [498.686462402, -471.526397705, -131.105194092, 797.704711914, 174.517150879, -26.3710594177, 225.107406616, 129.229019165, -5.58811807632, 54.3430557251, -15.9258680344, -8.74594020844, -42.7577285767], [2779.18969727, 537.662597656, -842.022521973, 174.517150879, 667.693847656, -200.7940979, 55.9759063721, 132.67640686, 148.291732788, -10.013007164, 118.23626709, -34.4199638367, 55.7376747131], [-1783.80224609, -211.468795776, 681.436828613, -26.3710594177, -200.7940979, 347.454956055, 38.9160652161, -77.7856826782, -73.179473877, 3.48872041702, -68.6929016113, -0.886256039143, -59.1387863159], [321.011169434, -40.6574020386, -15.2443141937, 225.107406616, 55.9759063721, 38.9160652161, 171.135864258, 62.2497558594, 3.49592733383, 14.6923189163, -8.95631790161, -26.7236633301, -19.8014831543], [413.803436279, -126.860099792, -323.647521973, 129.229019165, 132.67640686, -77.7856826782, 62.2497558594, 215.320495605, 143.457839966, 56.4804191589, 13.3255405426, -9.61057853699, -17.0076389313], [739.931274414, 79.4936065674, -357.808166504, -5.58811807632, 148.291732788, -73.179473877, 3.49592733383, 143.457839966, 195.649887085, 64.7152252197, 30.6361122131, -2.02950811386, 12.7938842773], [-159.404983521, -148.467391968, -78.9094085693, 54.3430557251, -10.013007164, 3.48872041702, 14.6923189163, 56.4804191589, 64.7152252197, 105.072235107, 39.3050537109, 22.4695644379, -6.96636486053], [626.752502441, 155.528320312, -206.764648438, -15.9258680344, 118.23626709, -68.6929016113, -8.95631790161, 13.3255405426, 30.6361122131, 39.3050537109, 113.303512573, 41.946811676, 14.9078273773], [-204.599563599, -70.701210022, -8.96318626404, -8.74594020844, -34.4199638367, -0.886256039143, -26.7236633301, -9.61057853699, -2.02950811386, 22.4695644379, 41.946811676, 74.6580505371, 26.3074703217], [480.899353027, 115.6171875, -164.118286133, -42.7577285767, 55.7376747131, -59.1387863159, -19.8014831543, -17.0076389313, 12.7938842773, -6.96636486053, 14.9078273773, 26.3074703217, 85.3393630981]], "icov": [[0.00198670406826, -0.00325491791591, 0.00366100482643, -0.0031376092229, 0.00110782159027, 0.000871949305292, -0.00164440670051, 0.00299055594951, -0.00282524572685, 0.0035019244533, -0.00308173615485, 0.00375058036298, -0.00113036914263], [-0.00325491791591, 0.0101904422045, -0.00843027606606, 0.00900857429951, -0.00649249833077, 0.003501720028, -0.00377104524523, 0.00185461284127, -0.00179997226223, -0.00103935040534, 0.000313157448545, -0.00324720027857, 0.000130082218675], [0.00366100482643, -0.00843027606606, 0.0102806435898, -0.00851307716221, 0.00664438772947, -0.00460627209395, 0.00161238631699, 0.0021269088611, -0.00127726164646, 0.00630592554808, -0.00551115395501, 0.0077136750333, -0.00114596972708], [-0.0031376092229, 0.00900857429951, -0.00851307716221, 0.0117675000802, -0.00850623752922, 0.00553518440574, -0.00710795586929, 0.000755450804718, 0.00168174714781, -0.00647520134225, 0.00753300869837, -0.00957231409848, 0.00374725367874], [0.00110782159027, -0.00649249833077, 0.00664438772947, -0.00850623752922, 0.012615069747, -0.00912258960307, 0.00845922715962, -0.0064082541503, 0.00183057656977, 0.00561774242669, -0.00895691290498, 0.00938274804503, -0.00394963053986], [0.000871949305292, 0.003501720028, -0.00460627209395, 0.00553518440574, -0.00912258960307, 0.0175744686276, -0.0137455528602, 0.01186290849, -0.00865478813648, -0.000960315868724, 0.00463735824451, -0.00542754214257, 0.00365121453069], [-0.00164440670051, -0.00377104524523, 0.00161238631699, -0.00710795586929, 0.00845922715962, -0.0137455528602, 0.0245502665639, -0.0167690329254, 0.012651341036, -0.00496757170185, -2.33354221564e-05, 0.0043544746004, -0.00242141704075], [0.00299055594951, 0.00185461284127, 0.0021269088611, 0.000755450804718, -0.0064082541503, 0.01186290849, -0.0167690329254, 0.0289269350469, -0.0222096554935, 0.00911409594119, -0.00479360437021, 0.0034064326901, 0.00324514135718], [-0.00282524572685, -0.00179997226223, -0.00127726164646, 0.00168174714781, 0.00183057656977, -0.00865478813648, 0.012651341036, -0.0222096554935, 0.0296391174197, -0.0195131599903, 0.0143030071631, -0.00918088108301, 0.00235684611835], [0.0035019244533, -0.00103935040534, 0.00630592554808, -0.00647520134225, 0.00561774242669, -0.000960315868724, -0.00496757170185, 0.00911409594119, -0.0195131599903, 0.0359941907227, -0.0279922056943, 0.0177036784589, -0.00781772471964], [-0.00308173615485, 0.000313157448545, -0.00551115395501, 0.00753300869837, -0.00895691290498, 0.00463735824451, -2.33354221564e-05, -0.00479360437021, 0.0143030071631, -0.0279922056943, 0.0459619127214, -0.0355277732015, 0.01671404019], [0.00375058036298, -0.00324720027857, 0.0077136750333, -0.00957231409848, 0.00938274804503, -0.00542754214257, 0.0043544746004, 0.0034064326901, -0.00918088108301, 0.0177036784589, -0.0355277732015, 0.0483667142689, -0.0207796227187], [-0.00113036914263, 0.000130082218675, -0.00114596972708, 0.00374725367874, -0.00394963053986, 0.00365121453069, -0.00242141704075, 0.00324514135718, 0.00235684611835, -0.00781772471964, 0.01671404019, -0.0207796227187, 0.0252743232995]]}, "melbands": {"dmean": [2.85055921267e-05, 0.000180520015419, 8.89233197086e-05, 0.000228214834351, 0.000129414518597, 6.40795187792e-05, 5.42489433428e-05, 0.000103661281173, 0.000112512752821, 8.79361177795e-05, 3.84049089917e-05, 2.9329170502e-05, 7.6854676081e-06, 1.20372706078e-05, 6.62904858473e-06, 5.39244138054e-06, 4.74696798847e-06, 5.84877761867e-06, 2.63719448412e-06, 2.39613700614e-06, 1.44362013543e-06, 1.20776007861e-06, 1.70440432612e-06, 5.4130589433e-07, 2.57230965417e-07, 2.81099147514e-07, 6.42330135747e-08, 1.05401568362e-07, 5.0679101804e-08, 2.93299819987e-08, 1.00720463081e-08, 6.51598508483e-09, 1.72999903292e-09, 1.66579205985e-09, 5.25089027814e-10, 4.3239994918e-10, 4.06975730893e-10, 2.46734049858e-10, 3.89582428817e-11, 2.25598793119e-11], "dmean2": [4.95135245728e-05, 0.000286773458356, 0.000142160497489, 0.000301744439639, 0.000168549406226, 8.77709608176e-05, 8.48319032229e-05, 0.000139647905598, 0.000149659215822, 0.000113467896881, 6.69408618705e-05, 4.96594730066e-05, 1.18679954539e-05, 1.55351535795e-05, 9.30553596845e-06, 7.95752657723e-06, 7.22837785361e-06, 8.56274891703e-06, 3.60361559615e-06, 2.89675404019e-06, 1.76134835783e-06, 1.61618652328e-06, 2.28803514801e-06, 6.66974017349e-07, 3.20505165519e-07, 3.40326664627e-07, 8.09763136544e-08, 1.44041479189e-07, 7.85907161571e-08, 4.1292182118e-08, 1.59176103409e-08, 1.02613810782e-08, 2.63995136862e-09, 2.15061191078e-09, 9.24336773789e-10, 7.28301363662e-10, 7.39753369672e-10, 4.34882241329e-10, 6.70283481496e-11, 3.4999180637e-11], "dvar": [1.63746349813e-08, 7.44619114812e-07, 9.2100080451e-08, 4.62736807094e-07, 1.0751276136e-07, 5.49124230531e-08, 9.43646085716e-08, 4.49942973546e-07, 3.78669369638e-07, 3.35925278705e-07, 1.45502696114e-07, 1.10282194044e-07, 4.88594587011e-09, 3.41555161931e-09, 1.64156954696e-09, 9.85754256e-10, 5.95295646111e-10, 3.49964413004e-09, 8.52495130044e-10, 4.6573372936e-10, 2.05398961728e-10, 2.20003348872e-10, 1.73962066974e-10, 4.27307425555e-11, 6.11047150378e-12, 8.03076789097e-12, 4.38056844488e-13, 1.82989279111e-12, 1.69402740533e-12, 2.29500554845e-13, 4.47502650984e-14, 8.40092020471e-15, 8.34363716644e-16, 8.26263964085e-16, 9.20474541899e-17, 8.42106855096e-17, 2.48574576806e-16, 1.08320082072e-16, 9.50985148424e-19, 2.62236365008e-19], "dvar2": [4.47829968664e-08, 1.71118381331e-06, 2.35094745449e-07, 7.75804323894e-07, 1.62669294923e-07, 9.77802514512e-08, 2.21758568841e-07, 8.42171743898e-07, 7.63261937209e-07, 5.8053609564e-07, 4.13439153135e-07, 3.12112376832e-07, 1.41961979949e-08, 6.47745590499e-09, 3.63360852518e-09, 2.42411579698e-09, 1.26186117111e-09, 6.68578215013e-09, 1.6583148188e-09, 7.88987430944e-10, 2.54644888509e-10, 4.2016609636e-10, 3.1132124656e-10, 5.74621634997e-11, 1.01070688277e-11, 1.23420995646e-11, 6.81489099093e-13, 4.24592305759e-12, 4.49360253868e-12, 5.15841384365e-13, 1.18537775082e-13, 1.83663644731e-14, 1.85122502282e-15, 1.4548739546e-15, 2.65081687231e-16, 2.55910755631e-16, 7.09270449922e-16, 2.97962156284e-16, 2.67961416444e-18, 6.05259324541e-19], "max": [0.00295236357488, 0.0331639833748, 0.00901737902313, 0.028010495007, 0.0136105390266, 0.00775269046426, 0.0110423862934, 0.0300721861422, 0.0239328667521, 0.0442770645022, 0.0146840633824, 0.0138732111081, 0.00305558345281, 0.00259767961688, 0.00184582534712, 0.00126159796491, 0.00107447046321, 0.00309299910441, 0.00179946771823, 0.00118587492034, 0.000806755851954, 0.00101800914854, 0.000675891409628, 0.000330602197209, 0.000132598768687, 0.000172124200617, 3.06377041852e-05, 5.71143100387e-05, 6.58911158098e-05, 2.45667561103e-05, 1.31842989504e-05, 4.93120796818e-06, 1.44710202221e-06, 1.68557778579e-06, 3.8008579395e-07, 4.30433487963e-07, 9.20490094813e-07, 6.46133628379e-07, 4.61437892341e-08, 3.01393754398e-08], "mean": [3.51909475285e-05, 0.000409717700677, 0.000306927162455, 0.00094460422406, 0.000609789101873, 0.000256350293057, 0.000127644903841, 0.00031555609894, 0.000409245141782, 0.000387761887396, 4.77791290905e-05, 4.75310262118e-05, 2.22692633542e-05, 3.69150729966e-05, 1.75348995981e-05, 1.20088589028e-05, 1.40206839205e-05, 1.09206066554e-05, 8.18042553874e-06, 9.04774151422e-06, 3.95766028305e-06, 3.20778167406e-06, 4.30072577728e-06, 1.5262036186e-06, 6.98298151747e-07, 6.82377276462e-07, 1.34339344982e-07, 1.74787473384e-07, 6.025514665e-08, 4.62229934328e-08, 1.2085190626e-08, 9.85879289317e-09, 2.32536367939e-09, 2.16260187536e-09, 7.06942171469e-10, 5.93867288678e-10, 2.94017837854e-10, 2.12115269793e-10, 4.2800981509e-11, 3.1234511505e-11], "median": [8.59679516907e-07, 9.50756566453e-06, 9.13832554943e-05, 0.000115814575111, 0.000143790894072, 1.38294326462e-05, 1.07804507934e-05, 2.7602096452e-05, 2.15836371353e-05, 5.14966268383e-06, 2.60456181422e-06, 3.30246234626e-06, 2.70739519692e-06, 1.49579568642e-06, 4.07616539633e-07, 2.13556802464e-07, 1.40198935128e-07, 6.26526315273e-08, 2.35541932625e-08, 1.089050361e-08, 2.35962072104e-09, 6.00963057096e-10, 5.31125976533e-10, 2.54353205165e-10, 1.1493241775e-10, 5.33375774103e-11, 2.74038118586e-11, 1.96714953354e-11, 1.48895531321e-11, 1.29600887314e-11, 1.12969321397e-11, 9.9751535157e-12, 8.89649291735e-12, 8.22795824529e-12, 7.53820530303e-12, 7.10504701948e-12, 6.56168609031e-12, 6.11935805847e-12, 5.87223238785e-12, 5.52418917901e-12], "min": [7.37424018757e-24, 1.66841809535e-23, 8.26979926339e-24, 1.75310799332e-23, 1.00276905937e-23, 7.49546680946e-24, 6.48024068976e-24, 1.1682691585e-23, 1.95831516946e-23, 2.36739334913e-23, 7.70176971339e-24, 5.63520539391e-24, 1.11714395098e-23, 1.35974676278e-23, 1.01699837461e-23, 6.65405909048e-24, 5.46229733868e-24, 8.90842476465e-24, 2.89185269138e-23, 1.13362664739e-23, 6.17815271699e-24, 3.36760381704e-24, 7.22119801651e-24, 1.02228216495e-23, 1.22262088601e-23, 1.05300466845e-23, 1.50261420588e-23, 1.10419992682e-23, 6.49044539443e-24, 1.09592856245e-23, 9.01222466028e-24, 6.22650594618e-24, 6.96391497658e-24, 8.7476138914e-24, 1.32843655791e-23, 7.35834227375e-24, 6.88403965448e-24, 7.61868609399e-24, 9.60933241211e-24, 1.20395517481e-23], "var": [2.11093524882e-08, 3.05792104882e-06, 3.17292546015e-07, 6.26044857199e-06, 1.48027481828e-06, 3.61056009979e-07, 2.48226626809e-07, 1.90713126358e-06, 2.06993172469e-06, 3.64158199773e-06, 1.00533291914e-07, 7.82590774406e-08, 6.99720903441e-09, 1.98689384945e-08, 6.61584564909e-09, 1.85101345362e-09, 2.56452992176e-09, 8.16664780245e-09, 2.98326785497e-09, 3.86359433335e-09, 1.03155517461e-09, 9.35794663981e-10, 8.6077267536e-10, 1.94172497525e-10, 2.88040234026e-11, 3.16208829954e-11, 1.40999115595e-12, 3.03142060065e-12, 1.72292150165e-12, 3.86533199111e-13, 4.19837674012e-14, 1.51200446342e-14, 1.23506445786e-15, 1.34691907608e-15, 1.66349991651e-16, 1.25062535308e-16, 1.52389485782e-16, 7.15879225969e-17, 7.72970555628e-19, 3.40279925224e-19]}, "mfcc": {"mean": [-910.67578125, 206.584197998, 35.3064575195, -19.8717899323, -14.6267433167, -8.92708683014, -9.13080883026, -12.0065956116, -12.5296039581, -10.8494958878, -10.4349765778, -12.0015630722, -12.0791025162], "cov": [[10963.0830078, 5636.37353516, -3391.57495117, -467.801757812, 1017.37432861, 110.375694275, -72.3575897217, 13.6749010086, 190.896453857, 408.254486084, 492.90411377, 236.457305908, 16.4816665649], [5636.37353516, 3784.52661133, -1149.44018555, -717.985717773, 441.976898193, 228.217300415, -13.7611856461, -56.7566070557, 13.9312238693, 152.13861084, 183.39982605, 42.3750915527, -45.9652175903], [-3391.57495117, -1149.44018555, 1727.86694336, 13.8147087097, -469.66394043, 111.592918396, 123.062339783, -21.771478653, -132.548660278, -205.27784729, -235.417160034, -160.249511719, -77.4475784302], [-467.801757812, -717.985717773, 13.8147087097, 577.431396484, 59.2510757446, -91.3747177124, 99.0779953003, 97.6718978882, 29.707036972, -13.594171524, 1.89665436745, 21.0103816986, 11.3815307617], [1017.37432861, 441.976898193, -469.66394043, 59.2510757446, 345.38949585, 81.0317840576, 10.8987779617, 57.9826507568, 75.5303649902, 98.4928512573, 98.6685333252, 63.4303131104, 37.9466362], [110.375694275, 228.217300415, 111.592918396, -91.3747177124, 81.0317840576, 224.016601562, 95.5168457031, 14.1273050308, 30.4108181, 40.1115951538, 27.4613304138, 1.19276177883, -2.39393615723], [-72.3575897217, -13.7611856461, 123.062339783, 99.0779953003, 10.8987779617, 95.5168457031, 167.402130127, 69.577255249, -6.88973855972, -6.2679438591, 6.8543753624, 0.612981677055, -24.2984771729], [13.6749010086, -56.7566070557, -21.771478653, 97.6718978882, 57.9826507568, 14.1273050308, 69.577255249, 100.750022888, 51.0344810486, 24.0621261597, 34.3274078369, 23.0399589539, -10.982000351], [190.896453857, 13.9312238693, -132.548660278, 29.707036972, 75.5303649902, 30.4108181, -6.88973855972, 51.0344810486, 130.672561646, 118.194404602, 78.5385055542, 44.6835098267, 22.4171180725], [408.254486084, 152.13861084, -205.27784729, -13.594171524, 98.4928512573, 40.1115951538, -6.2679438591, 24.0621261597, 118.194404602, 174.021194458, 125.812309265, 60.8731231689, 46.8659591675], [492.90411377, 183.39982605, -235.417160034, 1.89665436745, 98.6685333252, 27.4613304138, 6.8543753624, 34.3274078369, 78.5385055542, 125.812309265, 141.244110107, 89.2649307251, 50.5936660767], [236.457305908, 42.3750915527, -160.249511719, 21.0103816986, 63.4303131104, 1.19276177883, 0.612981677055, 23.0399589539, 44.6835098267, 60.8731231689, 89.2649307251, 113.115074158, 82.4069366455], [16.4816665649, -45.9652175903, -77.4475784302, 11.3815307617, 37.9466362, -2.39393615723, -24.2984771729, -10.982000351, 22.4171180725, 46.8659591675, 50.5936660767, 82.4069366455, 128.774017334]], "icov": [[0.0382881872356, -0.0544757731259, 0.0562492199242, -0.0575587041676, 0.0594207346439, -0.0600362457335, 0.05708643049, -0.0514857508242, 0.0446949228644, -0.0386104695499, 0.0295211784542, -0.0182644426823, 0.00868733040988], [-0.0544757731259, 0.0781268626451, -0.0798219740391, 0.0829234048724, -0.0854654535651, 0.0860136598349, -0.0826135203242, 0.0743892937899, -0.0642045065761, 0.0557993613183, -0.0430450551212, 0.0266239158809, -0.0121938027442], [0.0562492199242, -0.0798219740391, 0.0845597162843, -0.0853037089109, 0.0904699042439, -0.0920675620437, 0.0864835977554, -0.079638466239, 0.0693712756038, -0.05950204283, 0.0464475229383, -0.0273188240826, 0.0126729067415], [-0.0575587041676, 0.0829234048724, -0.0853037089109, 0.0925189331174, -0.094665646553, 0.0984167605639, -0.0962142497301, 0.0846354737878, -0.0763943195343, 0.0657593160868, -0.0498157702386, 0.0315784439445, -0.014996169135], [0.0594207346439, -0.0854654535651, 0.0904699042439, -0.094665646553, 0.105718895793, -0.10688521713, 0.103229440749, -0.096832126379, 0.0840708240867, -0.0722920820117, 0.0547085888684, -0.0332781337202, 0.0142228389159], [-0.0600362457335, 0.0860136598349, -0.0920675620437, 0.0984167605639, -0.10688521713, 0.119855329394, -0.116182714701, 0.106134079397, -0.0964771360159, 0.0798595696688, -0.0613620914519, 0.0387855358422, -0.0178115703166], [0.05708643049, -0.0826135203242, 0.0864835977554, -0.0962142497301, 0.103229440749, -0.116182714701, 0.125910431147, -0.114535532892, 0.103968337178, -0.085631325841, 0.0631221458316, -0.0412146858871, 0.0197738651186], [-0.0514857508242, 0.0743892937899, -0.079638466239, 0.0846354737878, -0.096832126379, 0.106134079397, -0.114535532892, 0.125535786152, -0.107358150184, 0.0893904939294, -0.0667207613587, 0.0361732281744, -0.0134115349501], [0.0446949228644, -0.0642045065761, 0.0693712756038, -0.0763943195343, 0.0840708240867, -0.0964771360159, 0.103968337178, -0.107358150184, 0.119407594204, -0.100658103824, 0.0689184740186, -0.0443176105618, 0.0208606142551], [-0.0386104695499, 0.0557993613183, -0.05950204283, 0.0657593160868, -0.0722920820117, 0.0798595696688, -0.085631325841, 0.0893904939294, -0.100658103824, 0.105753943324, -0.0813204944134, 0.0488662607968, -0.022772859782], [0.0295211784542, -0.0430450551212, 0.0464475229383, -0.0498157702386, 0.0547085888684, -0.0613620914519, 0.0631221458316, -0.0667207613587, 0.0689184740186, -0.0813204944134, 0.0849254727364, -0.0522234104574, 0.0198046527803], [-0.0182644426823, 0.0266239158809, -0.0273188240826, 0.0315784439445, -0.0332781337202, 0.0387855358422, -0.0412146858871, 0.0361732281744, -0.0443176105618, 0.0488662607968, -0.0522234104574, 0.0553049333394, -0.0264880228788], [0.00868733040988, -0.0121938027442, 0.0126729067415, -0.014996169135, 0.0142228389159, -0.0178115703166, 0.0197738651186, -0.0134115349501, 0.0208606142551, -0.022772859782, 0.0198046527803, -0.0264880228788, 0.0231395848095]]}, "spectral_contrast_coeffs": {"dmean": [0.0390781760216, 0.0257062353194, 0.0209272354841, 0.0207848232239, 0.0132779367268, 0.020430630073], "dmean2": [0.064654506743, 0.041569467634, 0.0319626256824, 0.0333187691867, 0.0209564827383, 0.0361195206642], "dvar": [0.00110163958743, 0.000992068671621, 0.000875898986124, 0.000627854722552, 0.000258970685536, 0.000540610402822], "dvar2": [0.00286761089228, 0.00243913591839, 0.00206679431722, 0.00139195716474, 0.000536894891411, 0.00155460741371], "max": [-0.239512905478, -0.380854189396, -0.406988322735, -0.497063308954, -0.5247579813, -0.578238904476], "mean": [-0.494212955236, -0.63572460413, -0.681299448013, -0.699809074402, -0.811616122723, -0.887210547924], "median": [-0.477720797062, -0.634923100471, -0.691151797771, -0.701856195927, -0.83663892746, -0.899297297001], "min": [-0.981078147888, -0.963737010956, -0.976899385452, -0.951334476471, -0.956768274307, -0.962277173996], "var": [0.0109822209924, 0.00596918724477, 0.00695035140961, 0.00606702873483, 0.00953167211264, 0.00226246216334]}, "spectral_contrast_valleys": {"dmean": [0.509153306484, 0.276812046766, 0.244736641645, 0.291466981173, 0.198084846139, 0.420723468065], "dmean2": [0.818032324314, 0.441270887852, 0.365178108215, 0.453621387482, 0.313468784094, 0.75314438343], "dvar": [0.215274572372, 0.19159924984, 0.183875724673, 0.199476659298, 0.107383139431, 0.218608662486], "dvar2": [0.437206506729, 0.344370782375, 0.316933095