{"lowlevel": {"average_loudness": 0.93763756752, "barkbands_crest": {"dmean": 1.99747157097, "dmean2": 3.08928751945, "dvar": 4.61206626892, "dvar2": 11.3626708984, "max": 24.5487136841, "mean": 12.3923254013, "median": 11.9141626358, "min": 2.05265879631, "var": 15.5776157379}, "barkbands_flatness_db": {"dmean": 0.0306966919452, "dmean2": 0.0431471802294, "dvar": 0.00185182574205, "dvar2": 0.00386030157097, "max": 0.888438045979, "mean": 0.224381476641, "median": 0.183591425419, "min": 0.0232979524881, "var": 0.0184522029012}, "barkbands_kurtosis": {"dmean": 7.72501516342, "dmean2": 11.1347093582, "dvar": 279.854919434, "dvar2": 565.921569824, "max": 324.250854492, "mean": 16.2957420349, "median": 7.50021839142, "min": -1.96009457111, "var": 705.036071777}, "barkbands_skewness": {"dmean": 0.661572277546, "dmean2": 0.960069298744, "dvar": 0.770485460758, "dvar2": 1.6141974926, "max": 14.6118507385, "mean": 2.66553592682, "median": 2.36238002777, "min": -4.55443906784, "var": 3.45834326744}, "barkbands_spread": {"dmean": 3.28175139427, "dmean2": 4.8719291687, "dvar": 28.1375236511, "dvar2": 54.3302307129, "max": 115.112197876, "mean": 11.9262294769, "median": 8.98801422119, "min": 0.301740497351, "var": 148.814422607}, "dissonance": {"dmean": 0.0278692897409, "dmean2": 0.045294649899, "dvar": 0.00118548213504, "dvar2": 0.00298272981308, "max": 0.5, "mean": 0.443141877651, "median": 0.459336042404, "min": 0.019278312102, "var": 0.00316457473673}, "dynamic_complexity": 3.21027803421, "erbbands_crest": {"dmean": 2.62734603882, "dmean2": 4.0627617836, "dvar": 7.17149448395, "dvar2": 15.9513044357, "max": 27.1476955414, "mean": 9.39084911346, "median": 8.40117835999, "min": 2.34352064133, "var": 19.3018665314}, "erbbands_flatness_db": {"dmean": 0.0201009418815, "dmean2": 0.0293055605143, "dvar": 0.000765736331232, "dvar2": 0.00157929968555, "max": 0.61029869318, "mean": 0.175803676248, "median": 0.148320928216, "min": 0.0428009144962, "var": 0.00806509517133}, "erbbands_kurtosis": {"dmean": 2.2973177433, "dmean2": 3.29270410538, "dvar": 40.9454994202, "dvar2": 84.2932891846, "max": 157.95098877, "mean": 3.32517790794, "median": 0.553017139435, "min": -1.92868053913, "var": 90.5548019409}, "erbbands_skewness": {"dmean": 0.449149996042, "dmean2": 0.622787117958, "dvar": 0.394190996885, "dvar2": 0.755831360817, "max": 10.583902359, "mean": 0.808868646622, "median": 0.555738031864, "min": -3.51724123955, "var": 1.60890722275}, "erbbands_spread": {"dmean": 8.05801868439, "dmean2": 11.9004449844, "dvar": 114.364753723, "dvar2": 237.758880615, "max": 218.931228638, "mean": 34.4793243408, "median": 32.0409240723, "min": 0.648103296757, "var": 492.041809082}, "hfc": {"dmean": 4.48721027374, "dmean2": 6.46897220612, "dvar": 127.448173523, "dvar2": 216.363082886, "max": 356.904266357, "mean": 18.7768917084, "median": 12.3230953217, "min": 1.08600919816e-16, "var": 553.424560547}, "melbands_crest": {"dmean": 2.26836323738, "dmean2": 3.65454769135, "dvar": 6.6556429863, "dvar2": 18.3168964386, "max": 31.3920516968, "mean": 16.7608776093, "median": 16.848285675, "min": 1.77726244926, "var": 20.0839443207}, "melbands_flatness_db": {"dmean": 0.0344604216516, "dmean2": 0.0488478131592, "dvar": 0.00232563703321, "dvar2": 0.00493111647666, "max": 1, "mean": 0.326777547598, "median": 0.288303643465, "min": 0.00481851166114, "var": 0.0266310479492}, "melbands_kurtosis": {"dmean": 13.4463644028, "dmean2": 19.3706607819, "dvar": 781.775695801, "dvar2": 1552.30932617, "max": 645.762756348, "mean": 30.5418224335, "median": 16.1431026459, "min": -1.89252972603, "var": 2038.28295898}, "melbands_skewness": {"dmean": 0.819220781326, "dmean2": 1.20035457611, "dvar": 1.08743810654, "dvar2": 2.31042122841, "max": 19.5364513397, "mean": 3.51681041718, "median": 3.20479798317, "min": -3.11970949173, "var": 4.81017303467}, "melbands_spread": {"dmean": 3.12710022926, "dmean2": 4.77109098434, "dvar": 34.9903717041, "dvar2": 83.9115600586, "max": 244.338058472, "mean": 11.2116680145, "median": 7.31000709534, "min": 0.326767802238, "var": 220.239242554}, "pitch_salience": {"dmean": 0.0636589378119, "dmean2": 0.0989775657654, "dvar": 0.00467634759843, "dvar2": 0.0112649658695, "max": 0.827134370804, "mean": 0.496131837368, "median": 0.492818027735, "min": 0.188967525959, "var": 0.0114284167066}, "silence_rate_20dB": {"dmean": 0, "dmean2": 0, "dvar": 0, "dvar2": 0, "max": 1, "mean": 1, "median": 1, "min": 1, "var": 0}, "silence_rate_30dB": {"dmean": 0.0296208523214, "dmean2": 0.0592475570738, "dvar": 0.0287464167923, "dvar2": 0.0725304409862, "max": 1, "mean": 0.97413367033, "median": 1, "min": 0, "var": 0.0251979529858}, "silence_rate_60dB": {"dmean": 0.00770142162219, "dmean2": 0.0153056187555, "dvar": 0.00764308590442, "dvar2": 0.0184258315712, "max": 1, "mean": 0.0615065656602, "median": 0, "min": 0, "var": 0.0577244237065}, "spectral_centroid": {"dmean": 150.366836548, "dmean2": 230.498443604, "dvar": 58639.4882812, "dvar2": 116646.992188, "max": 11678.7441406, "mean": 852.689025879, "median": 698.907104492, "min": 115.850914001, "var": 679075.25}, "spectral_complexity": {"dmean": 3.08984994888, "dmean2": 4.68450689316, "dvar": 12.221157074, "dvar2": 26.0681438446, "max": 57, "mean": 14.9144039154, "median": 14, "min": 0, "var": 89.1388549805}, "spectral_decrease": {"dmean": 3.07885050788e-09, "dmean2": 4.70574379463e-09, "dvar": 1.3590067921e-17, "dvar2": 3.75851448143e-17, "max": 4.73899947803e-20, "mean": -1.49453303067e-08, "median": -1.54025734389e-08, "min": -4.82627164899e-08, "var": 4.90227001843e-17}, "spectral_energy": {"dmean": 0.0118100224063, "dmean2": 0.0180431902409, "dvar": 0.000197110042791, "dvar2": 0.000544075039215, "max": 0.18693035841, "mean": 0.0581104233861, "median": 0.0597939491272, "min": 1.024526762e-20, "var": 0.000735922832973}, "spectral_energyband_high": {"dmean": 0.000302955362713, "dmean2": 0.000419139396399, "dvar": 1.40462418585e-06, "dvar2": 2.29530155593e-06, "max": 0.0394177138805, "mean": 0.000679987075273, "median": 0.000141628828715, "min": 7.27462939578e-21, "var": 5.00842952533e-06}, "spectral_energyband_low": {"dmean": 0.0104463743046, "dmean2": 0.0156883839518, "dvar": 0.000184615142643, "dvar2": 0.000515308172908, "max": 0.15935601294, "mean": 0.042226601392, "median": 0.0425054728985, "min": 4.24940689416e-23, "var": 0.000518685148563}, "spectral_energyband_middle_high": {"dmean": 0.00118830881547, "dmean2": 0.00183374981862, "dvar": 2.75551087725e-06, "dvar2": 6.40734106128e-06, "max": 0.038803614676, "mean": 0.00356428720988, "median": 0.00235767941922, "min": 1.21229750826e-21, "var": 1.75931199919e-05}, "spectral_energyband_middle_low": {"dmean": 0.00453052483499, "dmean2": 0.00680280569941, "dvar": 3.74610390281e-05, "dvar2": 9.68556196312e-05, "max": 0.0881676152349, "mean": 0.013949951157, "median": 0.0120116472244, "min": 2.36332402593e-22, "var": 0.000109323227662}, "spectral_entropy": {"dmean": 0.237117961049, "dmean2": 0.33986929059, "dvar": 0.123488105834, "dvar2": 0.266390442848, "max": 9.82371330261, "mean": 7.02507781982, "median": 7.3462100029, "min": 3.11046099663, "var": 0.993600547314}, "spectral_flux": {"dmean": 0.0278065297753, "dmean2": 0.0446461550891, "dvar": 0.00100595923141, "dvar2": 0.00203277822584, "max": 0.306922525167, "mean": 0.082733169198, "median": 0.0711715295911, "min": 6.55922399728e-11, "var": 0.00252178148367}, "spectral_kurtosis": {"dmean": 18.0729389191, "dmean2": 30.5145988464, "dvar": 14622.5429688, "dvar2": 43736.9414062, "max": 3728.47070312, "mean": 30.1722412109, "median": 5.53698539734, "min": -1.22532272339, "var": 19592.7421875}, "spectral_rms": {"dmean": 0.00074283813592, "dmean2": 0.00112863362301, "dvar": 6.65106767883e-07, "dvar2": 1.79370874775e-06, "max": 0.0135044837371, "mean": 0.00715233338997, "median": 0.00763777224347, "min": 3.1615476296e-12, "var": 5.53740892428e-06}, "spectral_rolloff": {"dmean": 247.843460083, "dmean2": 414.077941895, "dvar": 598776.4375, "dvar2": 1195286.125, "max": 20025.8789062, "mean": 897.482177734, "median": 344.53125, "min": 64.599609375, "var": 3767168.75}, "spectral_skewness": {"dmean": 0.613384544849, "dmean2": 0.956469655037, "dvar": 3.60001635551, "dvar2": 9.31572818756, "max": 52.2506103516, "mean": 2.81096363068, "median": 1.9022629261, "min": -0.0962027832866, "var": 13.3212804794}, "spectral_spread": {"dmean": 595132, "dmean2": 832463.875, "dvar": 883416039424, "dvar2": 1380664737790.0, "max": 41966132, "mean": 4439255, "median": 4232881.5, "min": 29876.1621094, "var": 6226129190910.0}, "spectral_strongpeak": {"dmean": 0.326251387596, "dmean2": 0.581031620502, "dvar": 0.221818178892, "dvar2": 0.542868971825, "max": 12.8706512451, "mean": 0.633679270744, "median": 0.544096589088, "min": 0, "var": 0.293060064316}, "zerocrossingrate": {"dmean": 0.00665996735916, "dmean2": 0.00790401361883, "dvar": 0.000127480816445, "dvar2": 0.000130193890072, "max": 0.517578125, "mean": 0.0401226989925, "median": 0.02392578125, "min": 0.001953125, "var": 0.00319243152626}, "barkbands": {"dmean": [0.00112818565685, 0.00786160957068, 0.00445205671713, 0.00168651691638, 0.00191058474593, 0.00103396840859, 0.000899547361769, 0.000718823226634, 0.000679773336742, 0.00044809904648, 0.000469147460535, 0.000226708711125, 0.000256979226833, 0.00013502749789, 0.000149541534483, 0.000133950568852, 0.000121628363559, 8.90046212589e-05, 5.83785076742e-05, 7.05642814864e-05, 6.9271758548e-05, 5.70643678657e-05, 2.43188605964e-05, 7.13721456123e-05, 8.5330568254e-05, 2.57669798884e-05, 8.34362344904e-06], "dmean2": [0.00199287501164, 0.0121739767492, 0.00644575804472, 0.0028226505965, 0.00264487648383, 0.00147792394273, 0.00134704320226, 0.00107333459891, 0.00100999500137, 0.000698882329743, 0.000753316504415, 0.000364570791135, 0.000414546550019, 0.000220791713218, 0.0002329058334, 0.00020205740293, 0.000187161800568, 0.000140569187352, 9.14708289201e-05, 0.000112591005745, 0.000104787577584, 8.61614680616e-05, 3.74921837647e-05, 0.000100396893686, 0.000120862277981, 3.43488391081e-05, 1.14971335279e-05], "dvar": [7.05531283529e-06, 0.00015666395484, 5.44288996025e-05, 1.35442551255e-05, 5.94560788159e-06, 5.0078338063e-06, 3.20421645483e-06, 3.15723355016e-06, 3.05053708871e-06, 6.72046837735e-07, 8.71996178375e-07, 2.03699613621e-07, 3.75721498358e-07, 6.737965208e-08, 1.81894563411e-07, 1.65386097706e-07, 9.89309540955e-08, 6.76237021935e-08, 2.09714592359e-08, 3.5130572229e-08, 4.28191846424e-08, 3.37063177369e-08, 5.04413888436e-09, 1.85437727396e-07, 2.83334458118e-07, 2.34601191806e-08, 1.7233816596e-09], "dvar2": [1.99752048502e-05, 0.000423343240982, 0.000153744796989, 3.92890287912e-05, 1.43103488881e-05, 1.2250528016e-05, 7.36097445042e-06, 6.5672038545e-06, 6.47558454148e-06, 1.61886657679e-06, 2.1490952804e-06, 4.78999254483e-07, 9.47583714606e-07, 1.6335209807e-07, 3.28250848725e-07, 3.5069462001e-07, 2.10399576872e-07, 1.45443678434e-07, 4.22140260525e-08, 7.91595979877e-08, 8.22607049145e-08, 6.93576893696e-08, 1.02034505289e-08, 3.20045018043e-07, 5.54100893169e-07, 3.79524500715e-08, 2.71265410134e-09], "max": [0.0295704007149, 0.148097813129, 0.0819180160761, 0.044618152082, 0.0440740138292, 0.0575433298945, 0.0438841506839, 0.0563231147826, 0.055208966136, 0.0258512347937, 0.0153938783333, 0.0139039540663, 0.0154552068561, 0.00758965499699, 0.030914703384, 0.0120049752295, 0.012770710513, 0.0100294724107, 0.010669246316, 0.00649505807087, 0.00648907152936, 0.00786022190005, 0.00324966502376, 0.0186864249408, 0.0183481071144, 0.0083956066519, 0.00207471731119], "mean": [0.00153810565826, 0.0225405208766, 0.015940386802, 0.00355548318475, 0.00405434286222, 0.00189594784752, 0.00167250260711, 0.00127692276146, 0.00128099764697, 0.000733516120818, 0.00073026685277, 0.000402685720474, 0.000446997291874, 0.000213723556953, 0.000256630242802, 0.000257178384345, 0.000278304156382, 0.000163273129147, 0.000124397338368, 0.000126330618514, 0.000138170915307, 0.000117698677059, 3.94311755372e-05, 0.000124682526803, 0.00014194897085, 4.511127554e-05, 1.50469968503e-05], "median": [0.000467215548269, 0.0172958765179, 0.0148354750127, 0.00245595048182, 0.00283598969691, 0.000814955448732, 0.000719207688235, 0.000334087002557, 0.000341571547324, 0.000275537837297, 0.000236441468587, 0.000149251922267, 0.000123939578771, 9.98304749373e-05, 9.00370650925e-05, 7.00535529177e-05, 8.3554572484e-05, 5.82030734222e-05, 4.38894967374e-05, 3.08752605633e-05, 2.81984230242e-05, 2.39433793467e-05, 1.17867339213e-05, 1.26313125293e-05, 1.1446042663e-05, 5.55706583327e-06, 2.24180075747e-06], "min": [6.31433653608e-25, 9.06147009115e-24, 2.04604762506e-24, 3.32449059642e-24, 2.50615177355e-23, 1.36805047044e-23, 2.81256270407e-23, 1.00717965958e-23, 7.44739914792e-23, 2.47837550776e-23, 3.39117892519e-23, 5.82161551351e-23, 5.42715476864e-23, 7.94132578661e-23, 1.02032279223e-22, 7.38957753683e-23, 9.0618673615e-23, 1.83643044825e-22, 1.72309006883e-22, 1.46830023957e-22, 3.47526701696e-22, 3.4977527082e-22, 5.16278488633e-22, 5.27665298214e-22, 8.08644476495e-22, 1.54993785168e-21, 2.14048876837e-21], "var": [6.83257303535e-06, 0.0003465852933, 0.000143891302287, 1.46029524331e-05, 1.61738134921e-05, 1.21155753732e-05, 9.55359791988e-06, 9.75457442109e-06, 1.13715877887e-05, 1.47102787196e-06, 1.70059774973e-06, 7.09347489192e-07, 1.023964046e-06, 1.43556221133e-07, 6.49197545499e-07, 5.29025044216e-07, 5.29290673512e-07, 1.96185936829e-07, 8.86466295924e-08, 8.36412397121e-08, 1.30313352997e-07, 9.68646176602e-08, 1.27644508296e-08, 4.9879412245e-07, 6.81832091232e-07, 6.08107697531e-08, 4.56917259584e-09]}, "erbbands": {"dmean": [0.27964296937, 1.7463760376, 4.21251249313, 6.10101079941, 4.22908878326, 8.1578540802, 7.03277254105, 8.93231964111, 10.1254119873, 17.5837955475, 14.1394338608, 16.3254337311, 10.6437511444, 14.1788854599, 18.7139987946, 9.81077194214, 11.2544603348, 7.00753164291, 7.08094453812, 7.37321043015, 6.37356853485, 6.15812969208, 5.01527070999, 2.68440818787, 3.32280087471, 3.24170851707, 2.72303080559, 2.75698518753, 2.21481704712, 1.13835597038, 0.701809465885, 1.36077749729, 1.26931750774, 1.22107040882, 0.440022021532, 0.140189632773, 0.043484505266, 0.0103366402909, 0.00136954942718, 8.10005876701e-05], "dmean2": [0.435925841331, 2.68830800056, 6.24354124069, 9.62724304199, 6.61237192154, 11.0402870178, 10.0189447403, 12.6694774628, 14.9390153885, 26.5682086945, 20.9224853516, 24.2035617828, 16.320930481, 22.2961444855, 30.4199008942, 15.6956710815, 18.1433753967, 11.2732019424, 11.0925226212, 11.3607196808, 9.35999298096, 9.36030864716, 7.74936532974, 4.33116674423, 5.12813472748, 5.16381025314, 4.12369775772, 4.15639019012, 3.33618116379, 1.72723543644, 1.07050204277, 1.917065382, 1.80323529243, 1.77305829525, 0.620584905148, 0.190806046128, 0.0578015036881, 0.0139708621427, 0.00190133030992, 0.000113595378934], "dvar": [0.23912255466, 7.05043888092, 41.2821769714, 149.671081543, 50.7622756958, 115.955764771, 161.323318481, 494.253265381, 334.911193848, 1531.95373535, 1390.74255371, 1842.12463379, 304.350128174, 738.054077148, 1432.85449219, 384.69934082, 694.395080566, 207.614089966, 289.847717285, 510.707885742, 327.321990967, 232.121765137, 195.840805054, 34.0784988403, 75.2138519287, 71.0712661743, 71.5030822754, 73.0086364746, 45.8770179749, 13.531788826, 5.24306058884, 80.4516525269, 57.4140052795, 64.0381240845, 7.2354054451, 0.796830713749, 0.0695957913995, 0.00279287016019, 5.16504806001e-05, 1.3218303252e-07], "dvar2": [0.618857383728, 18.407453537, 111.089416504, 434.555541992, 140.235061646, 267.895202637, 396.004486084, 1212.14318848, 773.291320801, 3505.0234375, 2723.89624023, 3757.72363281, 695.533630371, 1800.11572266, 3601.03613281, 915.924377441, 1762.34753418, 503.845214844, 544.335266113, 1073.41992188, 614.910400391, 469.580169678, 412.541656494, 74.0210037231, 148.270126343, 161.733856201, 148.505386353, 134.836364746, 96.5273284912, 27.6923484802, 10.8500547409, 138.546813965, 112.799499512, 138.884552002, 12.3503417969, 1.17618083954, 0.118596591055, 0.0046236035414, 8.29626587802e-05, 1.97661009338e-07], "max": [5.25591754913, 33.2016067505, 72.0862426758, 152.980209351, 115.118774414, 189.013870239, 266.948791504, 678.276428223, 453.689575195, 1313.89453125, 1529.85009766, 1440.15209961, 347.959197998, 982.326538086, 737.993469238, 669.881164551, 644.066772461, 451.707489014, 842.507446289, 1511.98364258, 701.633361816, 583.130310059, 519.321655273, 391.996582031, 509.294189453, 263.425170898, 271.855743408, 384.26184082, 241.652175903, 166.444717407, 99.5025253296, 508.652160645, 280.495788574, 286.913208008, 120.907356262, 54.9528007507, 16.7301425934, 2.3990983963, 0.387535393238, 0.0178987160325], "mean": [0.732019305229, 4.84224796295, 15.744512558, 17.6123657227, 9.28148174286, 17.0701198578, 13.9498643875, 16.1915245056, 19.143201828, 32.0306968689, 28.4869403839, 32.1420440674, 18.5965442657, 24.467546463, 29.9118347168, 19.3000106812, 20.6244926453, 12.1865615845, 12.4966411591, 13.5164346695, 14.0493679047, 15.3085336685, 10.9098758698, 5.66130685806, 7.28719186783, 5.89777517319, 5.29889822006, 5.52002811432, 4.68431854248, 2.015209198, 1.15242624283, 2.28753328323, 2.18712735176, 2.01611495018, 0.712951898575, 0.243528857827, 0.0743391960859, 0.0186002403498, 0.00244524725713, 0.000192676860024], "median": [0.56431555748, 3.97566223145, 14.5840501785, 14.1282167435, 7.21447610855, 11.5360336304, 7.12018823624, 7.21957874298, 9.12442970276, 11.3105258942, 9.09574794769, 8.63708591461, 8.55899906158, 11.3326911926, 10.9435958862, 7.60612773895, 6.42262744904, 5.9423995018, 5.15710067749, 4.77851867676, 4.22404241562, 4.73959302902, 3.75267386436, 2.45175790787, 2.08764600754, 1.53476583958, 1.13733196259, 1.08796656132, 0.889684200287, 0.54612326622, 0.343407213688, 0.265764981508, 0.197378247976, 0.13728953898, 0.0699685811996, 0.0295043699443, 0.00913969706744, 0.0021370628383, 0.00039222324267, 9.37597797019e-05], "min": [2.01749333731e-22, 8.63896445758e-22, 3.37550961064e-21, 9.98829475387e-21, 4.44518137015e-20, 7.58840953672e-20, 1.06559041483e-19, 9.36557735599e-20, 2.12740707661e-19, 4.27766475916e-19, 6.48902769526e-19, 1.51717507827e-18, 8.05319728228e-19, 1.57274858734e-18, 1.48185208797e-18, 2.95569934236e-18, 2.58530233972e-18, 2.55573187359e-18, 5.54240499399e-18, 4.6700814131e-18, 3.73458977114e-18, 6.48693937441e-18, 8.83091487235e-18, 7.13168488927e-18, 8.21074365271e-18, 7.74167020685e-18, 1.41753594157e-17, 1.56352273178e-17, 1.33766288532e-17, 1.36870747001e-17, 1.44758790954e-17, 1.22670057661e-17, 1.11387553988e-17, 7.90346673466e-18, 7.28880122918e-18, 5.33004498328e-18, 2.99954156919e-18, 1.03638068992e-18, 2.63516737199e-19, 2.94540792307e-20], "var": [0.43698322773, 15.1915588379, 110.104377747, 240.867538452, 72.4405288696, 325.238525391, 433.702392578, 1031.22644043, 976.251281738, 4561.65966797, 5058.85693359, 7379.60888672, 783.624145508, 1550.41992188, 2649.68164062, 1442.75109863, 1985.37524414, 468.438995361, 923.744018555, 1516.3170166, 1532.38806152, 1552.61669922, 755.153564453, 124.491104126, 370.02142334, 166.622406006, 200.664703369, 214.854309082, 144.18069458, 30.1336174011, 12.3214330673, 207.71862793, 140.846878052, 148.81338501, 16.4890003204, 2.12810540199, 0.161255329847, 0.00761618372053, 0.000129045904032, 3.15678335028e-07]}, "gfcc": {"mean": [-40.272895813, 113.598304749, -73.5302886963, 29.6991043091, -39.4914932251, 14.7088985443, -24.2839679718, 6.92312526703, -17.7678871155, 0.297366112471, -12.8648462296, -1.31681489944, -7.58396625519], "cov": [[22614.0546875, 461.914825439, -1617.25830078, 457.729156494, -282.930847168, 767.80255127, 112.785240173, 842.672119141, -135.89151001, 393.247558594, -163.147491455, 82.208946228, -412.425170898], [461.914825439, 4143.88525391, 1488.94909668, 260.274597168, 980.309020996, -117.098464966, 344.439086914, -303.133178711, 274.060058594, -344.246948242, 334.104827881, -211.956039429, 82.0057601929], [-1617.25830078, 1488.94909668, 2469.23657227, 528.928222656, 503.932159424, -27.127746582, 13.859292984, -258.647155762, 1.34090042114, -175.539230347, 124.244422913, -118.568611145, 75.9732666016], [457.729156494, 260.274597168, 528.928222656, 1007.76245117, 303.605529785, 77.8776702881, 21.7031097412, -52.0172157288, 0.329935848713, -37.1943283081, 16.3710174561, -46.16639328, 18.8040390015], [-282.930847168, 980.309020996, 503.932159424, 303.605529785, 730.28717041, 77.4928588867, 111.079879761, -85.4555282593, 63.3693351746, -123.238494873, 73.2654647827, -65.1351089478, 35.2491607666], [767.80255127, -117.098464966, -27.127746582, 77.8776702881, 77.4928588867, 284.39364624, 104.370803833, 57.4243354797, -46.491481781, 6.86140203476, -21.3418235779, -3.43214201927, -31.5262184143], [112.785240173, 344.439086914, 13.859292984, 21.7031097412, 111.079879761, 104.370803833, 252.13583374, 11.4823551178, 10.9007320404, -43.2004089355, 15.5598020554, -11.6626987457, -11.8493404388], [842.672119141, -303.133178711, -258.647155762, -52.0172157288, -85.4555282593, 57.4243354797, 11.4823551178, 199.210922241, 8.13689422607, 59.218120575, -32.427646637, 21.5603733063, -32.5722541809], [-135.89151001, 274.060058594, 1.34090042114, 0.329935848713, 63.3693351746, -46.491481781, 10.9007320404, 8.13689422607, 126.56855011, 1.55526030064, 16.4921398163, -22.1402263641, 4.36124897003], [393.247558594, -344.246948242, -175.539230347, -37.1943283081, -123.238494873, 6.86140203476, -43.2004089355, 59.218120575, 1.55526030064, 120.920516968, -19.887594223, 16.5582027435, -22.199464798], [-163.147491455, 334.104827881, 124.244422913, 16.3710174561, 73.2654647827, -21.3418235779, 15.5598020554, -32.427646637, 16.4921398163, -19.887594223, 92.2804260254, -7.64654684067, 11.938044548], [82.208946228, -211.956039429, -118.568611145, -46.16639328, -65.1351089478, -3.43214201927, -11.6626987457, 21.5603733063, -22.1402263641, 16.5582027435, -7.64654684067, 85.9025878906, 8.50735759735], [-412.425170898, 82.0057601929, 75.9732666016, 18.8040390015, 35.2491607666, -31.5262184143, -11.8493404388, -32.5722541809, 4.36124897003, -22.199464798, 11.938044548, 8.50735759735, 79.6859207153]], "icov": [[8.69497453095e-05, -0.000172796892002, 8.09684061096e-05, -9.2137583124e-05, 8.16038009361e-05, -0.000207615012187, 0.000192529798369, -0.000292726996122, 0.00027983970358, -0.000266140530584, 0.000284849404125, -0.000170033265022, 0.000249151693424], [-0.000172796892002, 0.00114133872557, -0.000382805184927, 0.00030847088783, -0.000581822241656, 0.000734415662009, -0.00109936192166, 0.000776357657742, -0.00158915692009, 0.00139516801573, -0.00216736993752, 0.00102962285746, -0.000384498183848], [8.09684061096e-05, -0.000382805184927, 0.00073106889613, -0.000321044470184, 1.88072081073e-05, -0.000267354538664, 0.000499863410369, 5.99324448558e-05, 0.000737630180083, -0.000178519170731, 0.000297579972539, 0.000119045143947, 2.91035776172e-05], [-9.2137583124e-05, 0.00030847088783, -0.000321044470184, 0.00135948869865, -0.000584104680456, 7.32084708943e-06, -0.000187887737411, 0.000378385157092, -0.000347660825355, 0.000104145488876, -0.000285214511678, 0.000476393499412, -0.000381128280424], [8.16038009361e-05, -0.000581822241656, 1.88072081073e-05, -0.000584104680456, 0.00266744126566, -0.00122295587789, 0.000290878553642, -0.000141039970913, -0.000470249011414, 0.00086175929755, 0.000137450057082, 8.09088305687e-07, -0.000292032695143], [-0.000207615012187, 0.000734415662009, -0.000267354538664, 7.32084708943e-06, -0.00122295587789, 0.00616903742775, -0.00286810332909, -0.000602056446951, 0.00155559007544, -5.29943026777e-05, -0.000271820958005, 0.00105810910463, 0.000559745472856], [0.000192529798369, -0.00109936192166, 0.000499863410369, -0.000187887737411, 0.000290878553642, -0.00286810332909, 0.00651642354205, -0.00107589899562, 0.000507687684149, 0.000754475477152, 0.00115303916391, -0.00106652476825, 0.00108494947199], [-0.000292726996122, 0.000776357657742, 5.99324448558e-05, 0.000378385157092, -0.000141039970913, -0.000602056446951, -0.00107589899562, 0.0083009172231, -0.00263536325656, -0.00104556279257, -0.000264577945927, -0.000432973058196, 0.000535655301064], [0.00027983970358, -0.00158915692009, 0.000737630180083, -0.000347660825355, -0.000470249011414, 0.00155559007544, 0.000507687684149, -0.00263536325656, 0.0125308390707, -0.00350359082222, 0.00211579422466, 0.00115362380166, 0.000182257193956], [-0.000266140530584, 0.00139516801573, -0.000178519170731, 0.000104145488876, 0.00086175929755, -5.29943026777e-05, 0.000754475477152, -0.00104556279257, -0.00350359082222, 0.0142555115744, -0.00290125049651, 0.000498938781675, 0.00115957157686], [0.000284849404125, -0.00216736993752, 0.000297579972539, -0.000285214511678, 0.000137450057082, -0.000271820958005, 0.00115303916391, -0.000264577945927, 0.00211579422466, -0.00290125049651, 0.0171537604183, -0.00242986087687, 0.000148795821588], [-0.000170033265022, 0.00102962285746, 0.000119045143947, 0.000476393499412, 8.09088305687e-07, 0.00105810910463, -0.00106652476825, -0.000432973058196, 0.00115362380166, 0.000498938781675, -0.00242986087687, 0.0150784105062, -0.00325275724754], [0.000249151693424, -0.000384498183848, 2.91035776172e-05, -0.000381128280424, -0.000292032695143, 0.000559745472856, 0.00108494947199, 0.000535655301064, 0.000182257193956, 0.00115957157686, 0.000148795821588, -0.00325275724754, 0.0156656298786]]}, "melbands": {"dmean": [0.00224807811901, 0.0020376930479, 0.000965156243183, 0.00043117190944, 0.000278282823274, 0.000199745642021, 0.000162418626132, 0.000186807257705, 0.000123325051391, 9.36670985539e-05, 5.36811021448e-05, 5.94404664298e-05, 6.62975944579e-05, 3.16725818266e-05, 2.9514560083e-05, 1.97730769287e-05, 1.35036098072e-05, 1.19186634038e-05, 1.08015001388e-05, 1.05974895632e-05, 7.80119444244e-06, 6.70754934617e-06, 7.29238172426e-06, 3.57388421435e-06, 2.22913877224e-06, 2.39132486968e-06, 2.60191427515e-06, 2.19904745791e-06, 1.81839357083e-06, 1.69721386101e-06, 1.70545354194e-06, 1.38443454034e-06, 1.03308548205e-06, 5.09443907504e-07, 3.65407146319e-07, 5.87061379065e-07, 9.81689709079e-07, 8.94312051969e-07, 1.11452970941e-06, 1.04320224636e-06], "dmean2": [0.00348179391585, 0.00311126979068, 0.00151219638065, 0.0006021799054, 0.000385427410947, 0.000284093723167, 0.00024049152853, 0.000282086723018, 0.000181776165846, 0.000139206429594, 8.2758233475e-05, 9.40004829317e-05, 0.000106729581603, 5.13871782459e-05, 4.70044396934e-05, 3.17560625263e-05, 2.18870500248e-05, 1.89605198102e-05, 1.65987567016e-05, 1.62956202985e-05, 1.17555837278e-05, 1.02676322058e-05, 1.11347953862e-05, 5.72805083721e-06, 3.6836900108e-06, 3.77670426133e-06, 4.04791080655e-06, 3.55801853402e-06, 2.81863776763e-06, 2.56565408563e-06, 2.60262163465e-06, 2.11331416722e-06, 1.56116777816e-06, 7.90829517427e-07, 5.86394264701e-07, 8.71838324201e-07, 1.38738187161e-06, 1.29022191686e-06, 1.65406902397e-06, 1.531058615e-06], "dvar": [1.44757332237e-05, 7.30219790057e-06, 3.50115465153e-06, 3.16053359484e-07, 1.85977896194e-07, 2.12987075088e-07, 8.98012970652e-08, 1.70325890281e-07, 9.97898936816e-08, 5.72219427397e-08, 7.87720200179e-09, 1.40610456612e-08, 1.80949601969e-08, 3.81681708461e-09, 4.25481383459e-09, 1.91202942368e-09, 7.77424291609e-10, 7.57928886319e-10, 1.46193646078e-09, 1.0982637022e-09, 5.63962654354e-10, 3.103318158e-10, 4.60196630803e-10, 7.07395322874e-11, 2.76240124525e-11, 3.96130281355e-11, 4.45696361762e-11, 3.98890712128e-11, 3.77379134886e-11, 2.34452787046e-11, 3.23051932427e-11, 1.78563691611e-11, 1.48951736362e-11, 2.14072054354e-12, 1.64538066331e-12, 7.12719553514e-12, 4.90776135009e-11, 3.10619203969e-11, 5.39269150168e-11, 4.70544540832e-11], "dvar2": [3.87185027648e-05, 1.86322686204e-05, 1.01660070868e-05, 7.76035392391e-07, 4.49244510037e-07, 5.21113122431e-07, 2.07625348025e-07, 3.92054261056e-07, 2.05126582387e-07, 1.1717113324e-07, 1.81360899631e-08, 3.44678774411e-08, 4.45271481908e-08, 9.2229957005e-09, 1.06718420767e-08, 4.44971526292e-09, 1.91206939171e-09, 1.45914524907e-09, 2.42757058899e-09, 2.55112797554e-09, 1.09034192786e-09, 6.67991828518e-10, 9.28975063541e-10, 1.62880736676e-10, 6.27815854859e-11, 8.18302023364e-11, 9.411396662e-11, 9.13430026062e-11, 8.20330539608e-11, 4.61984756006e-11, 6.04105723778e-11, 3.82552739486e-11, 3.26925639338e-11, 4.54000682534e-12, 4.31839026344e-12, 1.25922215363e-11, 8.56653636916e-11, 5.85737292003e-11, 1.30135208165e-10, 9.94019033751e-11], "max": [0.0426019616425, 0.0326128266752, 0.0234961751848, 0.00792957749218, 0.00896817538887, 0.0134922498837, 0.00767202535644, 0.0136183705181, 0.0113783357665, 0.00773135665804, 0.00171323178802, 0.00429987348616, 0.00231550098397, 0.00164391263388, 0.00175253546331, 0.00131457659882, 0.00087788811652, 0.00132299098186, 0.0032827113755, 0.00113798247185, 0.00103163847234, 0.00054647232173, 0.00105914566666, 0.000271224009339, 0.000363547034794, 0.000428842846304, 0.000267699069809, 0.00021474721143, 0.000193640036741, 0.000173463762621, 0.000287786213448, 0.000116692586744, 0.00021200129413, 5.24522401975e-05, 5.50653130631e-05, 9.62712438195e-05, 0.000419155112468, 0.000197748318897, 0.000312819844112, 0.000223656257731], "mean": [0.00640343222767, 0.00780745176598, 0.00286058918573, 0.000929371395614, 0.00058042886667, 0.000363498576917, 0.000308936199872, 0.000336677650921, 0.000246518029599, 0.00017985967861, 8.8799984951e-05, 9.82067358564e-05, 0.000104071805254, 5.44443864783e-05, 5.40674154763e-05, 3.45691187249e-05, 2.13684197661e-05, 1.94533804461e-05, 1.80185088539e-05, 1.83701104106e-05, 1.60361996677e-05, 1.51733993334e-05, 1.53876953846e-05, 6.36287586531e-06, 4.17878436565e-06, 4.97263772559e-06, 5.19145805811e-06, 3.58424085789e-06, 3.19219452649e-06, 3.28903934133e-06, 3.19686114381e-06, 2.87709622171e-06, 1.84159227956e-06, 8.1763766957e-07, 5.56237637284e-07, 9.09270966076e-07, 1.61028583534e-06, 1.47445075527e-06, 1.73956755134e-06, 1.69415602613e-06], "median": [0.005004579667, 0.0077252574265, 0.00245086452924, 0.000662337697577, 0.00033483831794, 0.000161276824656, 0.000145098965731, 0.000115994596854, 6.99840893503e-05, 4.89836966153e-05, 3.65347077604e-05, 3.99776363338e-05, 3.48513640347e-05, 2.01001876121e-05, 1.55295601871e-05, 1.15945986181e-05, 9.61559453572e-06, 7.95493633632e-06, 6.15981434748e-06, 5.51519633518e-06, 4.43055932919e-06, 4.59265083919e-06, 4.06092021876e-06, 2.39380051426e-06, 1.70061684912e-06, 1.52226596128e-06, 1.20477261589e-06, 8.85265592387e-07, 6.56012332456e-07, 6.27323572644e-07, 5.89660317019e-07, 4.91236903599e-07, 4.06606574188e-07, 2.32009966794e-07, 1.84032671768e-07, 1.64935883618e-07, 1.44861857621e-07, 1.31602163833e-07, 1.21188705293e-07, 1.04084058705e-07], "min": [3.43793944421e-24, 2.71467173161e-24, 2.12281187696e-24, 4.05552050311e-24, 4.80524917426e-24, 2.13807613826e-24, 4.13949277431e-24, 4.73667270691e-24, 7.17142404884e-24, 9.54909420452e-24, 3.75420206415e-24, 6.11499532963e-24, 4.93737469842e-24, 4.47685347917e-24, 5.9364362693e-24, 4.62953159092e-24, 5.09087993082e-24, 9.01799044464e-24, 7.15471597486e-24, 6.83059038385e-24, 3.3045866497e-24, 5.85141086879e-24, 6.90080373758e-24, 8.85973548072e-24, 4.15791228202e-24, 5.9520139056e-24, 4.77604909343e-24, 4.83694244999e-24, 8.1030324903e-24, 4.92730528339e-24, 9.22433752478e-24, 6.44734045685e-24, 7.91179525194e-24, 6.61676095802e-24, 6.25269810039e-24, 8.03818339073e-24, 5.89234486116e-24, 6.86906076361e-24, 8.88264163483e-24, 5.69047180564e-24], "var": [2.8845775887e-05, 1.97486951947e-05, 5.24253164258e-06, 8.27275925985e-07, 5.4215615819e-07, 4.72424943609e-07, 2.64078039436e-07, 4.90075365178e-07, 3.67712715388e-07, 2.25241265639e-07, 1.9751414726e-08, 2.83057257633e-08, 3.49216584539e-08, 1.11059090813e-08, 1.33935182944e-08, 5.50723777692e-09, 1.55732970963e-09, 2.1401715955e-09, 4.87071627475e-09, 2.33951569228e-09, 2.53685872309e-09, 1.53335166786e-09, 2.2013246781e-09, 1.81429718471e-10, 8.04871724824e-11, 1.64691302262e-10, 2.0048047944e-10, 7.58142715274e-11, 8.68375926721e-11, 7.30503157964e-11, 8.31017477054e-11, 5.66692179294e-11, 2.99419239402e-11, 4.64708740239e-12, 2.37310648563e-12, 1.79519767107e-11, 1.26359325781e-10, 6.97308322195e-11, 1.14536533036e-10, 1.07838134256e-10]}, "mfcc": {"mean": [-692.780700684, 148.258621216, 27.6394786835, 29.0333271027, 13.0127515793, 12.8198957443, 8.07520008087, 7.06795930862, 6.65278911591, -0.688495874405, 2.87517380714, 2.89707612991, -0.0565748475492], "cov": [[16598.0683594, 27.1173458099, -1956.3848877, -365.255950928, -493.295715332, -242.227264404, 123.365730286, 156.775283813, 409.538238525, 135.430114746, 260.324493408, 319.367950439, 210.049545288], [27.1173458099, 2921.61987305, 670.800842285, 392.447113037, 415.159790039, 221.536682129, 155.13269043, 188.63381958, -62.6046180725, 30.7406177521, 45.5889930725, 14.4355792999, 12.9014511108], [-1956.3848877, 670.800842285, 1778.55859375, 617.391784668, 389.121063232, 211.19921875, 112.198806763, -36.8362846375, -74.453086853, -68.210723877, -49.1068305969, -13.6689624786, -81.8797607422], [-365.255950928, 392.447113037, 617.391784668, 906.432678223, 445.635772705, 247.858169556, 92.7403793335, 50.3779067993, -4.55699062347, -24.0157375336, -16.2538642883, 15.1774501801, -22.8813648224], [-493.295715332, 415.159790039, 389.121063232, 445.635772705, 587.896362305, 201.553237915, 107.613845825, 40.8283500671, 2.41981744766, 5.21570444107, -17.3036499023, -11.610502243, -26.6191368103], [-242.227264404, 221.536682129, 211.19921875, 247.858169556, 201.553237915, 323.802032471, 151.976593018, 84.2225723267, 12.9623985291, -8.27837276459, 5.43256044388, -3.23640179634, -38.6506919861], [123.365730286, 155.13269043, 112.198806763, 92.7403793335, 107.613845825, 151.976593018, 243.29019165, 97.7315216064, 29.1992721558, 5.60167598724, 6.79222679138, 3.47622704506, -13.9859733582], [156.775283813, 188.63381958, -36.8362846375, 50.3779067993, 40.8283500671, 84.2225723267, 97.7315216064, 172.716674805, 37.1551628113, 12.8737440109, 7.30201244354, 4.5536532402, 6.49495267868], [409.538238525, -62.6046180725, -74.453086853, -4.55699062347, 2.41981744766, 12.9623985291, 29.1992721558, 37.1551628113, 123.573005676, 25.9345626831, 17.6901912689, 14.9063167572, -0.13714376092], [135.430114746, 30.7406177521, -68.210723877, -24.0157375336, 5.21570444107, -8.27837276459, 5.60167598724, 12.8737440109, 25.9345626831, 99.6621322632, 28.205247879, -4.63630247116, -4.68075275421], [260.324493408, 45.5889930725, -49.1068305969, -16.2538642883, -17.3036499023, 5.43256044388, 6.79222679138, 7.30201244354, 17.6901912689, 28.205247879, 97.0154037476, 33.8844223022, -6.34106349945], [319.367950439, 14.4355792999, -13.6689624786, 15.1774501801, -11.610502243, -3.23640179634, 3.47622704506, 4.5536532402, 14.9063167572, -4.63630247116, 33.8844223022, 77.0207977295, 21.7827682495], [210.049545288, 12.9014511108, -81.8797607422, -22.8813648224, -26.6191368103, -38.6506919861, -13.9859733582, 6.49495267868, -0.13714376092, -4.68075275421, -6.34106349945, 21.7827682495, 83.0307312012]], "icov": [[8.42082372401e-05, -2.90259304165e-05, 9.81093980954e-05, -5.68242285226e-05, 5.59539876122e-05, 6.45453255856e-05, -0.000112861787784, 6.54521209071e-05, -0.000203622708796, 2.63304809778e-06, -5.01111753692e-05, -0.000227596101467, -4.78807633044e-05], [-2.90259304165e-05, 0.000468401325634, -0.000196101813344, 6.28862544545e-05, -0.000254271144513, -5.00738169649e-05, 0.000101033270766, -0.00058004190214, 0.000450289720902, -0.000181706054718, -0.000317174883094, 9.42638362176e-05, -0.000276293023489], [9.81093980954e-05, -0.000196101813344, 0.00101776048541, -0.000541233399417, -4.0504332901e-06, 9.82880737865e-05, -0.000489243888296, 0.000673894770443, -1.54305368483e-07, 0.000367411965271, 0.00031270517502, -0.000409921660321, 0.000698240997735], [-5.68242285226e-05, 6.28862544545e-05, -0.000541233399417, 0.00224298611283, -0.00122755963821, -0.000922715000343, 0.000643975450657, -0.000420328986365, 8.6737665697e-05, 0.000127037375933, 0.000158372422447, -0.000535214785486, -0.000303540320601], [5.59539876122e-05, -0.000254271144513, -4.0504332901e-06, -0.00122755963821, 0.00320023298264, -0.000732098531444, -0.00055001641158, 0.000591656193137, -0.000379326520488, -0.000598889251705, 0.000505497271661, 0.000305979978293, 2.58762465819e-05], [6.45453255856e-05, -5.00738169649e-05, 9.82880737865e-05, -0.000922715000343, -0.000732098531444, 0.00603534700349, -0.00257893651724, -0.00114086805843, 2.2279262339e-05, 0.000860049796756, -0.000599737802986, 3.94972521462e-05, 0.00190907623619], [-0.000112861787784, 0.000101033270766, -0.000489243888296, 0.000643975450657, -0.00055001641158, -0.00257893651724, 0.00713416794315, -0.00286081293598, -0.000344261090504, -0.000193401705474, 2.26952161029e-05, -7.00676027918e-05, 2.21260725084e-05], [6.54521209071e-05, -0.00058004190214, 0.000673894770443, -0.000420328986365, 0.000591656193137, -0.00114086805843, -0.00286081293598, 0.00916181597859, -0.0021082398016, -0.000297962978948, 0.000372910144506, 0.000209357371205, -0.0011134010274], [-0.000203622708796, 0.000450289720902, -1.54305368483e-07, 8.6737665697e-05, -0.000379326520488, 2.2279262339e-05, -0.000344261090504, -0.0021082398016, 0.0103850299492, -0.00218926626258, -0.000258628948359, -0.00140082696453, 0.000706077087671], [2.63304809778e-06, -0.000181706054718, 0.000367411965271, 0.000127037375933, -0.000598889251705, 0.000860049796756, -0.000193401705474, -0.000297962978948, -0.00218926626258, 0.0123787056655, -0.00403414899483, 0.00291115208529, 0.000240383436903], [-5.01111753692e-05, -0.000317174883094, 0.00031270517502, 0.000158372422447, 0.000505497271661, -0.000599737802986, 2.26952161029e-05, 0.000372910144506, -0.000258628948359, -0.00403414899483, 0.0148557135835, -0.0073173311539, 0.00321195879951], [-0.000227596101467, 9.42638362176e-05, -0.000409921660321, -0.000535214785486, 0.000305979978293, 3.94972521462e-05, -7.00676027918e-05, 0.000209357371205, -0.00140082696453, 0.00291115208529, -0.0073173311539, 0.019152039662, -0.00532379373908], [-4.78807633044e-05, -0.000276293023489, 0.000698240997735, -0.000303540320601, 2.58762465819e-05, 0.00190907623619, 2.21260725084e-05, -0.0011134010274, 0.000706077087671, 0.000240383436903, 0.00321195879951, -0.00532379373908, 0.0154571849853]]}, "spectral_contrast_coeffs": {"dmean": [0.0431093908846, 0.0537027902901, 0.0430277399719, 0.0348931066692, 0.0245019327849, 0.019973019138], "dmean2": [0.0715131163597, 0.0838686600327, 0.069184049964, 0.0577473081648, 0.0393017269671, 0.0316691808403], "dvar": [0.00150071666576, 0.00199852674268, 0.00137681805063, 0.00120742630679, 0.000567960494664, 0.000438599498011], "dvar2": [0.00407669553533, 0.00453678332269, 0.00331788812764, 0.00318805058487, 0.00133538781665, 0.00103304348886], "max": [-0.313655674458, -0.415605157614, -0.423301398754, -0.519966483116, -0.550338029861, -0.564823448658], "mean": [-0.657874703407, -0.722463607788, -0.774424016476, -0.801656603813, -0.802954554558, -0.779238760471], "median": [-0.658875107765, -0.729113936424, -0.77799397707, -0.808500111103, -0.812287926674, -0.774666726589], "min": [-0.977054059505, -0.983857929707, -0.97908616066, -0.982616066933, -0.973211050034, -0.966841042042], "var": [0.00464658392593, 0.00765698356554, 0.00602112524211, 0.00412452500314, 0.00335558014922, 0.00295770005323]}, "spectral_contrast_valleys": {"dmean": [0.354362994432, 0.491715610027, 0.480157703161, 0.469780027866, 0.359794259071, 0.358952015638], "dmean2": [0.576959729195, 0.708398520947, 0.708779275417, 0.731667160988, 0.574290513992, 0.516669809818], "dvar": [0.146855473518, 0.318269371986, 0.381802588701, 0.47487527132, 0.292187452316, 0.257726430893], "dvar2": [0.312418550253, 0.46969974041, 0.584442079067, 0.984525799751, 0.665563702583, 0.570083558559], "max": [-5.0547208786, -4.83034276962, -5.31903648376, -6.07