{"lowlevel": {"average_loudness": 0.978474617004, "barkbands_crest": {"dmean": 2.9625992775, "dmean2": 4.94494628906, "dvar": 8.30528831482, "dvar2": 23.3149032593, "max": 26.3661727905, "mean": 12.4331197739, "median": 11.739320755, "min": 2.92951774597, "var": 20.2943496704}, "barkbands_flatness_db": {"dmean": 0.0341803357005, "dmean2": 0.051356445998, "dvar": 0.00105844950303, "dvar2": 0.00242829020135, "max": 0.667386651039, "mean": 0.184616968036, "median": 0.170946210623, "min": 0.0216418262571, "var": 0.0073294043541}, "barkbands_kurtosis": {"dmean": 5.23308563232, "dmean2": 8.23642730713, "dvar": 58.2662734985, "dvar2": 142.198486328, "max": 187.041503906, "mean": 9.68514823914, "median": 6.21488761902, "min": -1.8590785265, "var": 171.31137085}, "barkbands_skewness": {"dmean": 0.708209514618, "dmean2": 1.10697352886, "dvar": 0.529088199139, "dvar2": 1.34279334545, "max": 12.2996892929, "mean": 2.37128567696, "median": 2.2389960289, "min": -3.8619966507, "var": 2.07632350922}, "barkbands_spread": {"dmean": 6.60037279129, "dmean2": 10.6309051514, "dvar": 99.1912078857, "dvar2": 249.900024414, "max": 89.79246521, "mean": 15.7383737564, "median": 11.4774284363, "min": 0.324937224388, "var": 170.069381714}, "dissonance": {"dmean": 0.0233747549355, "dmean2": 0.0370979718864, "dvar": 0.000512800354045, "dvar2": 0.00123177713249, "max": 0.499629467726, "mean": 0.443344444036, "median": 0.454536855221, "min": 0.186767846346, "var": 0.00181799894199}, "dynamic_complexity": 1.63332736492, "erbbands_crest": {"dmean": 2.17764520645, "dmean2": 3.37120652199, "dvar": 4.78143835068, "dvar2": 11.0130119324, "max": 30.8862628937, "mean": 9.4700422287, "median": 8.32174873352, "min": 2.42742180824, "var": 20.7953453064}, "erbbands_flatness_db": {"dmean": 0.0278132669628, "dmean2": 0.0345704071224, "dvar": 0.000741532654501, "dvar2": 0.00140668533277, "max": 0.449828088284, "mean": 0.16460044682, "median": 0.153487458825, "min": 0.0343592390418, "var": 0.00474688690156}, "erbbands_kurtosis": {"dmean": 1.13912403584, "dmean2": 1.70008790493, "dvar": 3.21564745903, "dvar2": 6.72938776016, "max": 41.1335220337, "mean": 0.937766194344, "median": 0.0257608890533, "min": -1.84234893322, "var": 8.90508079529}, "erbbands_skewness": {"dmean": 0.395895510912, "dmean2": 0.589064359665, "dvar": 0.177842915058, "dvar2": 0.400128304958, "max": 5.27263784409, "mean": 0.491926193237, "median": 0.494396269321, "min": -4.20927667618, "var": 0.91162532568}, "erbbands_spread": {"dmean": 11.1709098816, "dmean2": 16.1619968414, "dvar": 169.585037231, "dvar2": 366.657196045, "max": 128.324554443, "mean": 41.3465843201, "median": 35.3640441895, "min": 2.92686581612, "var": 558.847290039}, "hfc": {"dmean": 7.98405981064, "dmean2": 13.0807819366, "dvar": 155.441207886, "dvar2": 405.209136963, "max": 131.952514648, "mean": 21.8571014404, "median": 18.0164165497, "min": 1.28647059627e-16, "var": 249.39743042}, "melbands_crest": {"dmean": 3.57078886032, "dmean2": 5.83661794662, "dvar": 11.3037748337, "dvar2": 28.8166542053, "max": 32.666431427, "mean": 17.1773223877, "median": 16.8395576477, "min": 2.11918091774, "var": 32.8119773865}, "melbands_flatness_db": {"dmean": 0.0393632762134, "dmean2": 0.0610425844789, "dvar": 0.00152716389857, "dvar2": 0.00366314989515, "max": 0.84577524662, "mean": 0.268970608711, "median": 0.256341606379, "min": 0.00696886982769, "var": 0.0104914046824}, "melbands_kurtosis": {"dmean": 12.1815004349, "dmean2": 19.4555873871, "dvar": 312.692810059, "dvar2": 805.270935059, "max": 327.660919189, "mean": 24.3001689911, "median": 16.2649688721, "min": -1.81158161163, "var": 669.962890625}, "melbands_skewness": {"dmean": 0.961412370205, "dmean2": 1.49708271027, "dvar": 1.02638685703, "dvar2": 2.52351784706, "max": 13.6304035187, "mean": 3.54615712166, "median": 3.23509168625, "min": -2.06426692009, "var": 3.48562669754}, "melbands_spread": {"dmean": 5.7754983902, "dmean2": 9.65676498413, "dvar": 93.7534255981, "dvar2": 254.961532593, "max": 145.589691162, "mean": 14.0949869156, "median": 9.18795108795, "min": 0.299151867628, "var": 213.682571411}, "pitch_salience": {"dmean": 0.0822248831391, "dmean2": 0.13547052443, "dvar": 0.00651681562886, "dvar2": 0.0171404890716, "max": 0.869033932686, "mean": 0.476829260588, "median": 0.485262215137, "min": 0.0654056146741, "var": 0.01759243384}, "silence_rate_20dB": {"dmean": 0, "dmean2": 0, "dvar": 0, "dvar2": 0, "max": 1, "mean": 1, "median": 1, "min": 1, "var": 0}, "silence_rate_30dB": {"dmean": 0.00217912392691, "dmean2": 0.00435872282833, "dvar": 0.00217430922203, "dvar2": 0.00651916163042, "max": 1, "mean": 0.998910546303, "median": 1, "min": 0, "var": 0.00108811922837}, "silence_rate_60dB": {"dmean": 0.00305077363737, "dmean2": 0.00610221223906, "dvar": 0.00304169324227, "dvar2": 0.00737348012626, "max": 1, "mean": 0.0107854884118, "median": 0, "min": 0, "var": 0.0106691867113}, "spectral_centroid": {"dmean": 236.101730347, "dmean2": 375.736602783, "dvar": 114190.726562, "dvar2": 276539.1875, "max": 10807.2128906, "mean": 874.078979492, "median": 697.603637695, "min": 107.176971436, "var": 314495.90625}, "spectral_complexity": {"dmean": 3.51100468636, "dmean2": 5.80189609528, "dvar": 19.3907299042, "dvar2": 48.6078567505, "max": 54, "mean": 15.8746051788, "median": 15, "min": 0, "var": 44.927822113}, "spectral_decrease": {"dmean": 3.71534980559e-09, "dmean2": 6.07792616236e-09, "dvar": 1.63957470991e-17, "dvar2": 4.37052887305e-17, "max": 9.32400764903e-29, "mean": -1.16169553976e-08, "median": -1.14688178954e-08, "min": -4.39595204682e-08, "var": 2.52612521831e-17}, "spectral_energy": {"dmean": 0.0142240207642, "dmean2": 0.0232168622315, "dvar": 0.000237088359427, "dvar2": 0.000630708120298, "max": 0.167729988694, "mean": 0.0458275228739, "median": 0.0452832616866, "min": 1.13167540878e-20, "var": 0.000364751787856}, "spectral_energyband_high": {"dmean": 0.000799985893536, "dmean2": 0.00132759916596, "dvar": 3.12973315886e-06, "dvar2": 8.42054760142e-06, "max": 0.0169636383653, "mean": 0.000903007690795, "median": 0.000297977210721, "min": 8.32314625347e-21, "var": 2.77784533864e-06}, "spectral_energyband_low": {"dmean": 0.0122221140191, "dmean2": 0.0201913323253, "dvar": 0.000271834665909, "dvar2": 0.000713314453606, "max": 0.162262305617, "mean": 0.0216247644275, "median": 0.0161173548549, "min": 1.22258773807e-22, "var": 0.000430645741289}, "spectral_energyband_middle_high": {"dmean": 0.00154953810852, "dmean2": 0.00237940088846, "dvar": 4.64583627036e-06, "dvar2": 1.05704002635e-05, "max": 0.0438678115606, "mean": 0.00476587656885, "median": 0.00304402550682, "min": 1.4567593686e-21, "var": 2.4966437195e-05}, "spectral_energyband_middle_low": {"dmean": 0.00631039356813, "dmean2": 0.00947123672813, "dvar": 5.67089991819e-05, "dvar2": 0.000126806102344, "max": 0.0954212620854, "mean": 0.0197878330946, "median": 0.0156602263451, "min": 3.18851847605e-22, "var": 0.000223831637413}, "spectral_entropy": {"dmean": 0.311761379242, "dmean2": 0.424651324749, "dvar": 0.109028615057, "dvar2": 0.227176487446, "max": 9.79308986664, "mean": 7.18432855606, "median": 7.2662358284, "min": 3.79650902748, "var": 0.517348229885}, "spectral_flux": {"dmean": 0.0369362644851, "dmean2": 0.0560054257512, "dvar": 0.00148430000991, "dvar2": 0.00300843105651, "max": 0.35912412405, "mean": 0.0948950946331, "median": 0.0806504562497, "min": 1.06380231013e-10, "var": 0.00283408490941}, "spectral_kurtosis": {"dmean": 5.01230621338, "dmean2": 8.01481246948, "dvar": 162.347366333, "dvar2": 435.923309326, "max": 482.283508301, "mean": 10.6963319778, "median": 4.32003641129, "min": -1.20461297035, "var": 731.848327637}, "spectral_rms": {"dmean": 0.0010318037821, "dmean2": 0.00165823183488, "dvar": 1.08935103071e-06, "dvar2": 2.82530368167e-06, "max": 0.0127921467647, "mean": 0.0065139005892, "median": 0.00664671277627, "min": 3.32276025271e-12, "var": 2.27873397307e-06}, "spectral_rolloff": {"dmean": 492.326873779, "dmean2": 903.491088867, "dvar": 1408703, "dvar2": 3851584.25, "max": 18927.6855469, "mean": 871.159851074, "median": 452.197265625, "min": 64.599609375, "var": 1379421}, "spectral_skewness": {"dmean": 0.475757628679, "dmean2": 0.723492383957, "dvar": 0.408529669046, "dvar2": 1.00129139423, "max": 18.2402706146, "mean": 2.12789201736, "median": 1.77143239975, "min": 0.0401757135987, "var": 2.19970631599}, "spectral_spread": {"dmean": 911966.0625, "dmean2": 1237792.375, "dvar": 1104773382140.0, "dvar2": 2125629489150.0, "max": 40500424, "mean": 4820711.5, "median": 4785425.5, "min": 194645.828125, "var": 4503612948480.0}, "spectral_strongpeak": {"dmean": 0.50454133749, "dmean2": 0.86510270834, "dvar": 1.34303343296, "dvar2": 3.47760415077, "max": 14.889503479, "mean": 1.06298041344, "median": 0.609018206596, "min": 0, "var": 2.37228298187}, "zerocrossingrate": {"dmean": 0.00998114328831, "dmean2": 0.0123155741021, "dvar": 0.000154168752488, "dvar2": 0.000216487518628, "max": 0.52392578125, "mean": 0.0411893613636, "median": 0.03369140625, "min": 0.0029296875, "var": 0.00084535748465}, "barkbands": {"dmean": [0.000348615256371, 0.00847683940083, 0.0049108248204, 0.00117275281809, 0.00397241022438, 0.00165832263883, 0.0010683221044, 0.000450893945526, 0.000211843900615, 0.000366221618606, 0.00041753120604, 0.000355741969543, 0.000285295885988, 0.000211999766179, 0.000145639874972, 0.000248167663813, 0.000242045542109, 0.000108736981929, 0.000129423293401, 9.95873633656e-05, 9.3541413662e-05, 0.000217367371079, 0.000289251212962, 9.71728295553e-05, 6.68391076033e-05, 4.04900274589e-05, 1.65634610312e-05], "dmean2": [0.000524508533999, 0.0139612350613, 0.00848802737892, 0.00193231832236, 0.00611988035962, 0.00242555444129, 0.00163579592481, 0.000702839810401, 0.000322062027408, 0.000509846489877, 0.000651432084851, 0.000542085268535, 0.000433369306847, 0.000331506220391, 0.000230440244195, 0.00039631567779, 0.000378199329134, 0.000182315401617, 0.000216259679291, 0.00016419334861, 0.000150156760355, 0.000380115292501, 0.000524688395672, 0.000160948548, 0.000100583922176, 6.03368971497e-05, 2.65112448687e-05], "dvar": [3.70224455537e-07, 0.000149927524035, 7.73119172663e-05, 5.31181694896e-06, 3.13998061756e-05, 6.94506888976e-06, 2.78955394606e-06, 9.34501827032e-07, 1.80973700026e-07, 2.87209019234e-07, 5.55285168957e-07, 8.37949357901e-07, 5.50920219666e-07, 3.07876803163e-07, 1.03266657447e-07, 5.62605009691e-07, 7.89075272678e-07, 2.88335968435e-08, 3.0177585586e-07, 4.21891392932e-08, 3.60962886248e-08, 3.28686468265e-07, 7.48932336592e-07, 4.6068137749e-08, 2.12391313426e-08, 1.00545767268e-08, 5.31744293042e-09], "dvar2": [8.37031905121e-07, 0.000397103169234, 0.000213560371776, 1.20862969197e-05, 7.35007051844e-05, 1.43211009345e-05, 6.49705043543e-06, 2.07923517337e-06, 4.54001025219e-07, 5.83804762755e-07, 1.32209322601e-06, 1.71435851826e-06, 1.19901687867e-06, 6.54367340758e-07, 2.387986342e-07, 1.27059320221e-06, 1.70409157363e-06, 7.8063024489e-08, 5.5422611922e-07, 1.07066348676e-07, 8.67354401635e-08, 9.13196117835e-07, 2.13604243982e-06, 1.20006561133e-07, 4.81786948114e-08, 2.44328468568e-08, 1.49385872561e-08], "max": [0.0136755928397, 0.114946104586, 0.12554551661, 0.0498974509537, 0.0828404352069, 0.0557763241231, 0.0356168374419, 0.0242201667279, 0.0125926015899, 0.0115567883477, 0.0133199868724, 0.038491666317, 0.0368114225566, 0.0135552650318, 0.00610393146053, 0.0193137191236, 0.0255060605705, 0.00309289665893, 0.0262753367424, 0.00303411833011, 0.00263338652439, 0.00535523192957, 0.0106764929369, 0.00308526540175, 0.00282106082886, 0.00154449837282, 0.00257554883137], "mean": [0.000460227660369, 0.0136693501845, 0.00651012873277, 0.00196142401546, 0.00939892698079, 0.00406035641208, 0.00237815803848, 0.0010120292427, 0.000453953456599, 0.000863232242409, 0.000798895955086, 0.000786154821981, 0.000591560499743, 0.000389590160921, 0.00024476024555, 0.000442679331172, 0.000430263520684, 0.000191060185898, 0.000227621538215, 0.000125195569126, 0.000123857491417, 0.000205313204788, 0.000240110763116, 0.000111006731458, 9.29466041271e-05, 4.42582168034e-05, 1.45123021866e-05], "median": [7.96797321527e-05, 0.00778153445572, 0.00234630634077, 0.000799632514827, 0.00573421781883, 0.00198886077851, 0.00136099744122, 0.0002463790006, 0.000191948391148, 0.000510788871907, 0.000379345670808, 0.000278097606497, 0.0001824816718, 9.05301130842e-05, 7.87642056821e-05, 7.58624591981e-05, 7.13226618245e-05, 0.000114540598588, 8.52615485201e-05, 4.6476649004e-05, 4.0379793063e-05, 5.45132934349e-05, 5.04181080032e-05, 3.61549718946e-05, 2.92152235488e-05, 6.24992890152e-06, 2.97361651747e-07], "min": [1.91381521025e-23, 5.84665837626e-23, 4.33688020896e-23, 5.37163631585e-24, 4.74347521227e-23, 5.81114827593e-23, 4.25163053528e-23, 2.99065878194e-23, 1.14281623007e-22, 6.53980899666e-23, 8.41294091454e-23, 4.53954425531e-23, 4.19655857777e-23, 4.23980298596e-23, 9.77502791208e-23, 2.61974799633e-22, 1.19679312243e-22, 3.18705233072e-22, 1.58733682581e-22, 3.9594059744e-22, 5.35204284113e-22, 5.6563194927e-22, 7.02578858748e-22, 7.21722152646e-22, 1.18062008548e-21, 1.94216757169e-21, 2.80160883398e-21], "var": [7.640156241e-07, 0.000249136297498, 9.20153397601e-05, 1.18099633255e-05, 0.000103755039163, 3.21321931551e-05, 9.10229391593e-06, 4.38013603343e-06, 4.42724768845e-07, 1.13970008897e-06, 1.50830078383e-06, 4.14992291553e-06, 2.45207934313e-06, 1.09010682081e-06, 2.87521942255e-07, 1.72396585185e-06, 2.77761546386e-06, 5.872626474e-08, 1.42277144732e-06, 4.60543994052e-08, 4.99177339464e-08, 2.34759568229e-07, 4.69471046927e-07, 4.36644036483e-08, 3.02714546763e-08, 1.17473302197e-08, 4.11043332704e-09]}, "erbbands": {"dmean": [0.242897197604, 2.01508712769, 5.5080575943, 4.31813430786, 8.58288669586, 13.7114715576, 17.9475860596, 12.617389679, 17.3585014343, 12.9240026474, 5.95607089996, 5.1428694725, 11.2385311127, 10.0752496719, 16.6714458466, 15.061457634, 14.739397049, 11.302022934, 5.63362789154, 13.5780658722, 10.7324562073, 9.2643289566, 7.64511966705, 7.58925151825, 4.86125135422, 4.53905963898, 3.73386597633, 5.66066598892, 7.4396238327, 10.2574357986, 6.206802845, 2.32668375969, 1.46576011181, 0.849391281605, 0.434311836958, 0.209025517106, 0.0700556635857, 0.0177218616009, 0.00270915077999, 0.000161526288139], "dmean2": [0.402855098248, 3.37386631966, 9.34194564819, 7.35957336426, 13.3572874069, 21.2804088593, 26.2409667969, 19.2102928162, 25.7492408752, 20.3045196533, 9.41717147827, 7.56042528152, 15.6030988693, 15.025510788, 25.9823150635, 22.8593502045, 22.0921611786, 17.5932941437, 9.13119888306, 21.3552303314, 16.9614315033, 14.6896400452, 12.5578660965, 12.6031980515, 8.33068180084, 7.52811479568, 5.9789981842, 9.60312747955, 12.9573888779, 18.6055965424, 11.0164661407, 3.87609815598, 2.4136595726, 1.31907606125, 0.640101611614, 0.310588985682, 0.105959810317, 0.0279047880322, 0.0043293745257, 0.000263180583715], "dvar": [0.140006706119, 9.4104757309, 89.6128845215, 54.5711097717, 204.968811035, 571.473876953, 952.493591309, 406.592834473, 761.883728027, 580.581298828, 147.193206787, 84.3115310669, 375.359649658, 218.809661865, 904.737121582, 1367.94934082, 1467.20471191, 779.958251953, 99.7589263916, 1505.12609863, 1042.05322266, 758.786743164, 239.843841553, 1465.44055176, 103.001014709, 89.8285903931, 60.2675018311, 198.676925659, 411.008392334, 953.421020508, 252.974334717, 26.4930324554, 9.9838809967, 3.15637350082, 1.02781844139, 0.258301705122, 0.0344964377582, 0.00409772526473, 0.000119938064017, 5.69083852042e-07], "dvar2": [0.379757404327, 25.3689804077, 238.859893799, 143.276870728, 442.582214355, 1338.7442627, 1863.99475098, 947.565979004, 1739.00939941, 1476.86096191, 359.421691895, 198.6040802, 762.547302246, 505.158721924, 1982.11218262, 2803.72900391, 3167.37280273, 1651.11730957, 243.710250854, 3480.49902344, 2365.26586914, 1641.30297852, 570.073852539, 2625.81323242, 278.633728027, 228.383209229, 148.943634033, 539.229125977, 1144.63134766, 2719.83203125, 708.043151855, 68.9178619385, 25.7249355316, 7.65326881409, 2.27417016029, 0.627319455147, 0.084870994091, 0.0113373929635, 0.00032739440212, 1.61098080298e-06], "max": [4.46811962128, 28.3383426666, 122.514457703, 132.590957642, 257.250244141, 466.337127686, 734.506408691, 332.645690918, 535.590698242, 491.957885742, 320.88885498, 219.337997437, 461.045837402, 221.668869019, 725.169128418, 1384.59313965, 1875.79748535, 674.402893066, 160.564239502, 1058.86560059, 765.151794434, 736.156005859, 432.845581055, 1870.66992188, 137.007354736, 161.431838989, 142.169265747, 151.48765564, 191.251480103, 362.227355957, 190.285263062, 70.849105835, 46.1489257812, 31.5843639374, 21.9122619629, 10.4187145233, 3.2748131752, 2.39623308182, 0.326640218496, 0.0233810283244], "mean": [0.346314966679, 3.23218393326, 7.9073009491, 7.01789093018, 16.2779560089, 31.9344387054, 43.3773040771, 28.147562027, 40.1057014465, 29.3917293549, 13.9923725128, 12.3353347778, 25.9480247498, 22.2453460693, 34.6666526794, 35.2805099487, 32.7497215271, 22.2471237183, 10.458322525, 25.1567211151, 19.8630332947, 16.8685569763, 14.1888418198, 14.3435487747, 7.33731794357, 5.72666931152, 5.26996994019, 5.87351894379, 6.90158939362, 8.32378673553, 5.88112974167, 2.64158320427, 1.74547767639, 1.15122914314, 0.605481386185, 0.242547392845, 0.0726922079921, 0.0164885595441, 0.00242763874121, 0.000181432653335], "median": [0.111932188272, 1.77411770821, 3.3583085537, 3.6410343647, 6.46327924728, 16.9458427429, 18.1999893188, 15.7894239426, 22.1296615601, 12.8327093124, 5.98172044754, 6.15736961365, 12.9888982773, 11.7695102692, 18.0991001129, 14.2656726837, 10.0599918365, 6.66179847717, 4.74766492844, 4.96346712112, 4.07203102112, 4.06576108932, 6.36718606949, 4.69036388397, 4.2478427887, 2.10934638977, 1.87747728825, 1.56651413441, 1.64516043663, 1.79390859604, 1.49012768269, 0.834913611412, 0.587182581425, 0.388423442841, 0.172941535711, 0.0444902442396, 0.00871355924755, 0.00118405011017, 6.65576517349e-05, 6.26034816378e-05], "min": [2.47636650622e-21, 1.06979882545e-20, 5.20962647248e-20, 2.47900504274e-20, 3.72324688897e-20, 2.05930555528e-19, 2.60377095635e-19, 6.00284039952e-19, 7.75578345906e-19, 6.09056859034e-19, 5.41752222819e-19, 2.2188212101e-18, 2.79741585061e-18, 3.1793476801e-18, 2.29357352206e-18, 1.71451524682e-18, 2.07931140953e-18, 2.2811302441e-18, 4.02746464754e-18, 7.59422443548e-18, 1.4601837196e-17, 7.28298614948e-18, 1.6066527561e-17, 1.13153253724e-17, 1.0414061637e-17, 2.02226138307e-17, 1.55360632516e-17, 2.39213800638e-17, 2.06093968677e-17, 1.75432500952e-17, 1.94304113775e-17, 1.6346806131e-17, 1.28991140292e-17, 1.29916548602e-17, 7.86596236569e-18, 6.88113105455e-18, 3.92628929169e-18, 1.49583805777e-18, 3.78421042323e-19, 4.0308831136e-20], "var": [0.224657058716, 14.0375528336, 125.50579834, 92.9763641357, 602.725708008, 1764.96459961, 5046.30322266, 1253.31542969, 2668.57006836, 1940.83435059, 544.637329102, 267.345245361, 1424.87060547, 700.710754395, 3175.43359375, 6388.81103516, 6801.74365234, 2823.08911133, 278.594696045, 4972.80078125, 3225.04272461, 2820.2265625, 817.799072266, 7200.07275391, 120.968635559, 97.4423217773, 81.8597106934, 162.419937134, 291.979125977, 588.530029297, 181.725280762, 24.7883892059, 10.2331123352, 4.07063531876, 1.49737739563, 0.308326482773, 0.0373774319887, 0.0032667061314, 0.000101153513242, 4.38440110884e-07]}, "gfcc": {"mean": [4.0224480629, 112.488937378, -92.8605804443, 27.8981380463, -56.319732666, 15.4307336807, -37.2540054321, 1.61340737343, -25.0120429993, -3.31103992462, -5.09471797943, 6.20277404785, -7.01349878311], "cov": [[6334.87646484, -3063.59375, -367.381744385, 687.086425781, -653.403747559, 208.819534302, -529.833312988, 169.389312744, -275.598266602, 328.037536621, -344.45602417, 276.7421875, -241.476516724], [-3063.59375, 2971.5637207, -172.306976318, -555.801391602, 559.165283203, -122.6770401, 433.272186279, -115.755065918, 230.848709106, -271.803894043, 276.257232666, -277.435424805, 200.215133667], [-367.381744385, -172.306976318, 946.604187012, 120.328735352, -6.96251392365, 160.859436035, 260.841308594, 135.643615723, -1.50461244583, 63.8893699646, 7.67078876495, 60.8483314514, -29.3194084167], [687.086425781, -555.801391602, 120.328735352, 448.982421875, -72.4663696289, 96.3067932129, -3.27789616585, 102.213317871, -15.7533502579, 66.5278167725, -17.1540164948, 64.0113296509, -24.6581802368], [-653.403747559, 559.165283203, -6.96251392365, -72.4663696289, 543.409362793, 37.3509178162, 166.761230469, 46.6865348816, 119.729408264, -17.6532211304, 57.267665863, -2.49052476883, 46.6915588379], [208.819534302, -122.6770401, 160.859436035, 96.3067932129, 37.3509178162, 229.26071167, 123.70880127, 85.3327636719, -8.161444664, 36.9861564636, -6.01216220856, 37.8465156555, -4.28265476227], [-529.833312988, 433.272186279, 260.841308594, -3.27789616585, 166.761230469, 123.70880127, 390.3984375, 78.1192550659, 46.8655014038, -32.4865150452, 28.1360588074, -19.1367530823, 33.8174934387], [169.389312744, -115.755065918, 135.643615723, 102.213317871, 46.6865348816, 85.3327636719, 78.1192550659, 195.088546753, 41.5699043274, 41.2950325012, -4.61729621887, 40.2284317017, 1.98932266235], [-275.598266602, 230.848709106, -1.50461244583, -15.7533502579, 119.729408264, -8.161444664, 46.8655014038, 41.5699043274, 154.649307251, 12.9375638962, 50.764957428, 5.38860559464, 46.2242431641], [328.037536621, -271.803894043, 63.8893699646, 66.5278167725, -17.6532211304, 36.9861564636, -32.4865150452, 41.2950325012, 12.9375638962, 142.640319824, 18.0662651062, 56.1365127563, -13.4341602325], [-344.45602417, 276.257232666, 7.67078876495, -17.1540164948, 57.267665863, -6.01216220856, 28.1360588074, -4.61729621887, 50.764957428, 18.0662651062, 148.531143188, 22.4456138611, 31.7554512024], [276.7421875, -277.435424805, 60.8483314514, 64.0113296509, -2.49052476883, 37.8465156555, -19.1367530823, 40.2284317017, 5.38860559464, 56.1365127563, 22.4456138611, 118.63848114, 9.80934810638], [-241.476516724, 200.215133667, -29.3194084167, -24.6581802368, 46.6915588379, -4.28265476227, 33.8174934387, 1.98932266235, 46.2242431641, -13.4341602325, 31.7554512024, 9.80934810638, 80.1039581299]], "icov": [[0.000409245840274, 0.000241609028308, 0.00034566866816, -0.000175054345164, 0.000161121264682, -0.000253190286458, -9.95413847704e-06, -0.000165714358445, 6.08849040873e-05, -0.000323380663758, 0.000360872742021, -0.000285306829028, 0.000405810191296], [0.000241609028308, 0.00163372128736, 0.000281692045974, 0.000812597398181, -0.000552921090275, 7.36012589186e-05, -0.000917518103961, -0.000122626443044, -0.000198864465347, 0.000897875637747, -0.00213340343907, 0.00264409906231, -0.00149789941497], [0.00034566866816, 0.000281692045974, 0.00187839299906, -0.00015398672258, 0.00044080830412, -0.000347171735484, -0.00127837527543, -0.000531359750312, 6.08484624536e-05, -0.000636062992271, 0.000128281244542, -0.000755531538744, 0.00115534674842], [-0.000175054345164, 0.000812597398181, -0.00015398672258, 0.0035610680934, -8.68751230882e-05, -0.00051037222147, -0.000322280626278, -0.00106920558028, -0.000100986602774, 0.000413809670135, -0.00147671229206, 0.00108819338493, -0.000753126863856], [0.000161121264682, -0.000552921090275, 0.00044080830412, -8.68751230882e-05, 0.00296029099263, -0.000430318817962, -0.000645975582302, -0.000231240977882, -0.00150566315278, -0.000380740122637, 0.000887300760951, -0.00169236876536, 0.00119272049051], [-0.000253190286458, 7.36012589186e-05, -0.000347171735484, -0.00051037222147, -0.000430318817962, 0.00712701724842, -0.00221666600555, -0.00135688693263, 0.00139483925886, -0.000823642825708, -0.000125632199342, -0.000576338439714, -0.000452667474747], [-9.95413847704e-06, -0.000917518103961, -0.00127837527543, -0.000322280626278, -0.000645975582302, -0.00221666600555, 0.00561211304739, -0.000775031512603, 5.33752827323e-05, 0.000796128821094, 0.000787241267972, 9.16791104828e-05, -0.000616431178059], [-0.000165714358445, -0.000122626443044, -0.000531359750312, -0.00106920558028, -0.000231240977882, -0.00135688693263, -0.000775031512603, 0.00805166084319, -0.00248626037501, -0.000663113896735, 0.00120628857985, -0.00131917884573, 0.000479640351841], [6.08849040873e-05, -0.000198864465347, 6.08484624536e-05, -0.000100986602774, -0.00150566315278, 0.00139483925886, 5.33752827323e-05, -0.00248626037501, 0.0106744263321, -0.00180385378189, -0.00159385753796, 0.000814347469714, -0.00426691677421], [-0.000323380663758, 0.000897875637747, -0.000636062992271, 0.000413809670135, -0.000380740122637, -0.000823642825708, 0.000796128821094, -0.000663113896735, -0.00180385378189, 0.0111767379567, -0.0031501611229, -0.00111460906919, 0.000834465026855], [0.000360872742021, -0.00213340343907, 0.000128281244542, -0.00147671229206, 0.000887300760951, -0.000125632199342, 0.000787241267972, 0.00120628857985, -0.00159385753796, -0.0031501611229, 0.012486689724, -0.00623260065913, 0.001330928877], [-0.000285306829028, 0.00264409906231, -0.000755531538744, 0.00108819338493, -0.00169236876536, -0.000576338439714, 9.16791104828e-05, -0.00131917884573, 0.000814347469714, -0.00111460906919, -0.00623260065913, 0.0179237686098, -0.00684167584404], [0.000405810191296, -0.00149789941497, 0.00115534674842, -0.000753126863856, 0.00119272049051, -0.000452667474747, -0.000616431178059, 0.000479640351841, -0.00426691677421, 0.000834465026855, 0.001330928877, -0.00684167584404, 0.0200833510607]]}, "melbands": {"dmean": [0.00222080596723, 0.00272928597406, 0.000814392988104, 0.000792447652202, 0.000654054339975, 0.000290600233711, 0.000252796919085, 0.000134287387482, 4.39590476162e-05, 3.1375191611e-05, 5.58741594432e-05, 3.96204122808e-05, 5.76122656639e-05, 3.63904800906e-05, 4.57253081549e-05, 2.1645328161e-05, 2.37585136347e-05, 9.63321235758e-06, 1.16788860396e-05, 2.39053206315e-05, 1.21520879475e-05, 1.07435416794e-05, 1.16535829875e-05, 5.5425557548e-06, 6.70806548442e-06, 3.75589957002e-06, 3.33028287969e-06, 3.1054921692e-06, 2.57276951743e-06, 2.08906840271e-06, 4.26516817242e-06, 4.94263395012e-06, 2.98242321151e-06, 7.50888557377e-06, 4.4769658416e-06, 1.53484313614e-06, 1.36111839311e-06, 1.06735080863e-06, 9.28265706079e-07, 6.66288428874e-07], "dmean2": [0.00364718982019, 0.00462511088699, 0.00134329893626, 0.00124863779638, 0.000963366648648, 0.000434161629528, 0.000373480375856, 0.00021025526803, 6.80029697833e-05, 4.68763573735e-05, 7.79063338996e-05, 5.9467904066e-05, 9.14898919291e-05, 5.55774895474e-05, 6.94203117746e-05, 3.29376634909e-05, 3.68909641111e-05, 1.56582937052e-05, 1.85122898984e-05, 3.77573087462e-05, 1.90208647837e-05, 1.68276474142e-05, 1.91147883015e-05, 9.15530472412e-06, 1.11256513264e-05, 6.49774301564e-06, 5.66260632695e-06, 5.15335432283e-06, 4.20884498453e-06, 3.25185123984e-06, 7.51870584281e-06, 8.68283586897e-06, 5.14201838087e-06, 1.38305122164e-05, 8.06195384939e-06, 2.54687256529e-06, 2.27732380154e-06, 1.76515470685e-06, 1.52835184508e-06, 1.02021476778e-06], "dvar": [1.03925958683e-05, 1.88265494216e-05, 1.59754654305e-06, 1.53012376813e-06, 1.12105840344e-06, 2.05085029847e-07, 1.58371605607e-07, 6.86733514499e-08, 7.57378781913e-09, 3.2829383656e-09, 9.11101150081e-09, 3.57816776209e-09, 1.09104671964e-08, 4.60916727008e-09, 1.75542655967e-08, 2.71223044024e-09, 3.9562491061e-09, 3.28231997138e-10, 8.61614557479e-10, 5.22431653494e-09, 1.93714533303e-09, 1.48974854675e-09, 1.38807831895e-09, 1.06852186821e-10, 1.4345106214e-09, 5.40570192775e-11, 5.82080703082e-11, 4.50014470132e-11, 3.11058678815e-11, 2.07201599628e-11, 1.5020779065e-10, 2.01806293898e-10, 4.11040472492e-11, 6.15839490514e-10, 1.5850626367e-10, 1.02312958453e-11, 1.01322726251e-11, 5.75341987594e-12, 3.9541681561e-12, 2.02067724532e-12], "dvar2": [2.73993100564e-05, 5.02181101183e-05, 4.01564602726e-06, 3.72602221432e-06, 2.30270075008e-06, 4.56444780639e-07, 3.55687888032e-07, 1.70423547274e-07, 1.86969817406e-08, 8.04128941212e-09, 1.84920310176e-08, 8.18111445255e-09, 2.60661945362e-08, 1.02387618384e-08, 3.70297676966e-08, 5.98700022891e-09, 8.27219093225e-09, 7.99333044199e-10, 1.95332439112e-09, 1.19244889518e-08, 4.30356461578e-09, 3.15425685571e-09, 3.08553893547e-09, 2.52242227106e-10, 2.5621840205e-09, 1.50628925999e-10, 1.56473903279e-10, 1.14886898606e-10, 7.98969571059e-11, 4.74266667605e-11, 4.21506551884e-10, 5.66063862451e-10, 1.10324964442e-10, 1.77110914823e-09, 4.48431680677e-10, 2.58501622885e-11, 2.68475710413e-11, 1.50669754451e-11, 1.01677815473e-11, 4.85934209538e-12], "max": [0.0360380075872, 0.0475474707782, 0.018987800926, 0.018720023334, 0.0205746255815, 0.00800273753703, 0.00810869596899, 0.00520841125399, 0.00216922722757, 0.0014570930507, 0.00225745001808, 0.000973231508397, 0.00184425769839, 0.00247930525802, 0.00505488505587, 0.00243885070086, 0.00155254290439, 0.000350936927134, 0.000749215658288, 0.00171561655588, 0.00139239698183, 0.00122433085926, 0.00118716619909, 0.0002768659906, 0.00185363693163, 0.000109319837065, 0.000121017365018, 0.000139941897942, 9.86045633908e-05, 7.60379771236e-05, 0.000119184456707, 0.000137163879117, 7.03426339896e-05, 0.000303227949189, 0.000156209003762, 4.50049010396e-05, 4.78112779092e-05, 4.34957510151e-05, 2.2470831027e-05, 3.0918919947e-05], "mean": [0.00351565470919, 0.00429998431355, 0.00146523001604, 0.00171458616387, 0.00160494167358, 0.00067288056016, 0.000586092704907, 0.000303262582747, 0.000103272934211, 7.19236923032e-05, 0.000126990125864, 8.29165510368e-05, 0.000108508567791, 8.59496576595e-05, 0.000101606012322, 4.53578541055e-05, 4.40476906078e-05, 1.67238595168e-05, 1.97058052436e-05, 4.33416753367e-05, 2.03988456633e-05, 1.77837064257e-05, 1.95475276996e-05, 9.91957222141e-06, 1.21819994092e-05, 5.60812895856e-06, 3.99815053242e-06, 3.78397248824e-06, 3.46729348166e-06, 2.89660215458e-06, 3.79792186322e-06, 4.26811948273e-06, 3.24952634401e-06, 5.45709690414e-06, 3.88813168684e-06, 1.95342431653e-06, 1.45647152294e-06, 1.25586507238e-06, 1.0832558246e-06, 9.19715887449e-07], "median": [0.00173572613858, 0.00255120964721, 0.000818284519482, 0.000912400020752, 0.000720337149687, 0.000360637815902, 0.0003272969916, 0.000115277842269, 4.55105400761e-05, 3.50898517354e-05, 6.39128193143e-05, 4.10181164625e-05, 5.47537456441e-05, 4.14850037487e-05, 2.94488363579e-05, 1.53608707478e-05, 1.04278224171e-05, 7.037938758e-06, 5.45823104403e-06, 6.0180886976e-06, 4.08688720199e-06, 3.2205905427e-06, 6.14426471657e-06, 4.83550365971e-06, 3.28337023348e-06, 3.56993950845e-06, 1.61232071605e-06, 1.26813006318e-06, 1.20508366308e-06, 9.73681039795e-07, 8.09907987787e-07, 8.15103021523e-07, 1.06041625259e-06, 8.66028074142e-07, 8.69456926011e-07, 6.83638404553e-07, 4.07835415217e-07, 4.1145054297e-07, 3.54650580903e-07, 3.11204757963e-07], "min": [1.95573890751e-23, 2.21598064916e-23, 4.98439790812e-24, 7.23962107409e-24, 1.03211247623e-23, 1.39409234665e-23, 1.05094613591e-23, 6.76537919712e-24, 4.4411172913e-24, 1.63089939738e-23, 1.38021028798e-23, 1.24967210974e-23, 1.05810993957e-23, 3.44508494629e-24, 5.54491513571e-24, 4.162820969e-24, 4.10707769086e-24, 5.61667781226e-24, 8.85242195127e-24, 1.33887350323e-23, 1.59718064239e-23, 6.18519448387e-24, 9.89033649946e-24, 1.84688761996e-23, 8.0392554527e-24, 6.35095664259e-24, 1.15628651912e-23, 1.35059250529e-23, 6.56845466606e-24, 1.61283053835e-23, 1.29144734338e-23, 1.17298496899e-23, 1.14644729371e-23, 9.20176979201e-24, 9.80457233071e-24, 1.33536938309e-23, 9.06521244729e-24, 8.156345288e-24, 1.01221771975e-23, 1.15607084455e-23], "var": [1.86185588973e-05, 2.61891127593e-05, 3.03599813378e-06, 4.40649273514e-06, 5.14310795552e-06, 7.4116178439e-07, 5.65740663205e-07, 2.5046688279e-07, 2.62537529494e-08, 9.06469654893e-09, 3.44087780491e-08, 1.12363203186e-08, 2.81794427792e-08, 2.13645403591e-08, 7.48084616475e-08, 1.18086331824e-08, 1.41994700442e-08, 9.01931807018e-10, 2.5325717079e-09, 1.62530060521e-08, 5.69673108686e-09, 4.73455852301e-09, 4.69316052687e-09, 3.45712625194e-10, 7.05582703375e-09, 5.99031657611e-11, 5.21893916972e-11, 4.79390173391e-11, 3.70883844469e-11, 3.08117316383e-11, 1.01653629958e-10, 1.36620756375e-10, 3.76575333416e-11, 3.59975799169e-10, 1.04763947517e-10, 1.15338598047e-11, 8.76039431968e-12, 5.70725411375e-12, 3.99359842071e-12, 2.71923542711e-12]}, "mfcc": {"mean": [-645.176452637, 141.936065674, 22.4413394928, 18.9720439911, 7.40037298203, 8.28798007965, 2.39418101311, 6.59460020065, -9.36843681335, -7.4449338913, -2.76653027534, -0.396448522806, 3.31615185738], "cov": [[5529.86865234, -2580.75244141, -338.949035645, 107.919677734, -181.313308716, -34.1800727844, -279.118743896, -194.754516602, -141.231536865, -30.5588779449, -43.4871292114, -79.3471450806, -35.8824653625], [-2580.75244141, 2580.57910156, -289.700836182, -195.43321228, 119.62387085, 19.2290382385, 205.154983521, 125.940605164, 92.1891174316, 42.7558746338, 63.4693756104, 51.0392723083, -53.8718795776], [-338.949035645, -289.700836182, 817.062438965, 114.752380371, -123.943763733, 50.6226387024, 139.482284546, 95.9455337524, 33.6234397888, 60.7825698853, 41.2650146484, 0.377797842026, 54.480304718], [107.919677734, -195.43321228, 114.752380371, 258.04385376, 44.4967079163, 28.3728351593, 59.5248947144, 44.9134025574, 44.7819442749, 25.4571857452, 18.9485607147, 36.9284324646, 27.8021354675], [-181.313308716, 119.62387085, -123.943763733, 44.4967079163, 282.137176514, 27.5882205963, -10.3365879059, 37.2419548035, 35.6435127258, 21.0480422974, 23.6617832184, 47.3822937012, 34.9873847961], [-34.1800727844, 19.2290382385, 50.6226387024, 28.3728351593, 27.5882205963, 167.271942139, 106.636459351, 56.0968093872, 50.8495979309, 18.0112895966, 14.9084882736, 20.3999977112, 24.7823123932], [-279.118743896, 205.154983521, 139.482284546, 59.5248947144, -10.3365879059, 106.636459351, 257.18182373, 130.297103882, 77.9855499268, 45.8355522156, 37.0729408264, 34.479801178, 1.95421159267], [-194.754516602, 125.940605164, 95.9455337524, 44.9134025574, 37.2419548035, 56.0968093872, 130.297103882, 196.166946411, 106.07888031, 38.6402778625, 31.3589286804, 19.2421112061, 13.9767427444], [-141.231536865, 92.1891174316, 33.6234397888, 44.7819442749, 35.6435127258, 50.8495979309, 77.9855499268, 106.07888031, 175.734588623, 62.9107246399, 8.29999256134, 26.7827033997, -0.753460407257], [-30.5588779449, 42.7558746338, 60.7825698853, 25.4571857452, 21.0480422974, 18.0112895966, 45.8355522156, 38.6402778625, 62.9107246399, 102.869857788, 37.1778335571, 4.98875045776, 4.45172262192], [-43.4871292114, 63.4693756104, 41.2650146484, 18.9485607147, 23.6617832184, 14.9084882736, 37.0729408264, 31.3589286804, 8.29999256134, 37.1778335571, 85.7107467651, 32.5206604004, 8.91150760651], [-79.3471450806, 51.0392723083, 0.377797842026, 36.9284324646, 47.3822937012, 20.3999977112, 34.479801178, 19.2421112061, 26.7827033997, 4.98875045776, 32.5206604004, 94.3969955444, 45.3658981323], [-35.8824653625, -53.8718795776, 54.480304718, 27.8021354675, 34.9873847961, 24.7823123932, 1.95421159267, 13.9767427444, -0.753460407257, 4.45172262192, 8.91150760651, 45.3658981323, 101.636611938]], "icov": [[0.000452203297755, 0.000499562243931, 0.000457861315226, -3.58609831892e-05, 0.000328982656356, -0.000165548670338, 5.52076198801e-05, -0.000165650460985, 0.000249344942858, -0.000414768350311, -0.00021889146592, -6.61631856929e-05, 0.000206396376598], [0.000499562243931, 0.00108165782876, 0.000690404500347, 0.000493775471114, 0.000123092730064, 0.000163427946973, -0.000633540679701, -0.000204035153729, 0.00011426088895, -0.000423705583671, -0.000492946885061, -0.000194280641153, 0.000351909984602], [0.000457861315226, 0.000690404500347, 0.00229351618327, -0.000527282070834, 0.00125869747717, -6.17543764747e-06, -0.000708400912117, -0.000665889820084, 0.000468858721433, -0.00105023232754, -0.000801725778729, 0.000685849052388, -0.0010705239838], [-3.58609831892e-05, 0.000493775471114, -0.000527282070834, 0.00522258179262, -0.001108032302, 0.000600697821938, -0.00135646096896, 0.000234414226725, -0.000852923491038, 5.40626715519e-05, -8.26200266602e-05, -0.00111355702393, -0.000172508720425], [0.000328982656356, 0.000123092730064, 0.00125869747717, -0.001108032302, 0.00528838858008, -0.00128612387925, 0.00183230324183, -0.00171818851959, 0.000614008342382, -0.00159641716164, -0.00032919930527, -0.00173687143251, -0.000617440557107], [-0.000165548670338, 0.000163427946973, -6.17543764747e-06, 0.000600697821938, -0.00128612387925, 0.00952330697328, -0.00491059850901, 0.00163499929477, -0.00267828465439, 0.00201586470939, -0.00121861789376, 0.00215013721026, -0.00310363247991], [5.52076198801e-05, -0.000633540679701, -0.000708400912117, -0.00135646096896, 0.00183230324183, -0.00491059850901, 0.0100500015542, -0.00511502008885, 0.00205497187562, -0.00265441741794, 0.00113371701445, -0.00399667723104, 0.00332726701163], [-0.000165650460985, -0.000204035153729, -0.000665889820084, 0.000234414226725, -0.00171818851959, 0.00163499929477, -0.00511502008885, 0.0120114590973, -0.00692398101091, 0.0038004394155, -0.00399554893374, 0.00443131197244, -0.00307983462699], [0.000249344942858, 0.00011426088895, 0.000468858721433, -0.000852923491038, 0.000614008342382, -0.00267828465439, 0.00205497187562, -0.00692398101091, 0.0135399410501, -0.00840150658041, 0.00616176938638, -0.00609616842121, 0.00413407105953], [-0.000414768350311, -0.000423705583671, -0.00105023232754, 5.40626715519e-05, -0.00159641716164, 0.00201586470939, -0.00265441741794, 0.0038004394155, -0.00840150658041, 0.0182359423488, -0.00874355528504, 0.00638485699892, -0.00318071106449], [-0.00021889146592, -0.000492946885061, -0.000801725778729, -8.26200266602e-05, -0.00032919930527, -0.00121861789376, 0.00113371701445, -0.00399554893374, 0.00616176938638, -0.00874355528504, 0.0198067687452, -0.00896216835827, 0.00374419568107], [-6.61631856929e-05, -0.000194280641153, 0.000685849052388, -0.00111355702393, -0.00173687143251, 0.00215013721026, -0.00399667723104, 0.00443131197244, -0.00609616842121, 0.00638485699892, -0.00896216835827, 0.0211452525109, -0.00962558481842], [0.000206396376598, 0.000351909984602, -0.0010705239838, -0.000172508720425, -0.000617440557107, -0.00310363247991, 0.00332726701163, -0.00307983462699, 0.00413407105953, -0.00318071106449, 0.00374419568107, -0.00962558481842, 0.0161863490939]]}, "spectral_contrast_coeffs": {"dmean": [0.0556145571172, 0.0459172464907, 0.0401419252157, 0.0356067121029, 0.0246279295534, 0.022259324789], "dmean2": [0.0870210379362, 0.07363922894, 0.0619389899075, 0.0548661388457, 0.0378810502589, 0.0358361378312], "dvar": [0.00224294839427, 0.00164314114954, 0.00121420877986, 0.00100853864569, 0.000504692143295, 0.000598261598498], "dvar2": [0.00501976953819, 0.00410946132615, 0.00280632264912, 0.00220109266229, 0.00105333083775, 0.00148035818711], "max": [-0.242831647396, -0.387543559074, -0.512032687664, -0.494918882847, -0.518260538578, -0.599184632301], "mean": [-0.592341721058, -0.663741230965, -0.743197202682, -0.756649374962, -0.782799899578, -0.783834934235], "median": [-0.602563261986, -0.664064407349, -0.747996330261, -0.771724462509, -0.790886282921, -0.788431167603], "min": [-0.96125048399, -0.96084177494, -0.960469007492, -0.957685470581, -0.956020832062, -0.961532592773], "var": [0.0110753104091, 0.00582321314141, 0.00447621475905, 0.00542347831652, 0.00310751446523, 0.00140196841676]}, "spectral_contrast_valleys": {"dmean": [0.444446086884, 0.369540125132, 0.364015758038, 0.410433679819, 0.427029401064, 0.5061429739], "dmean2": [0.711821138859, 0.596962809563, 0.571040391922, 0.629098415375, 0.617643296719, 0.685225307941], "dvar": [0.15960881114, 0.126430511475, 0.123998396099, 0.169871687889, 0.211484894156, 0.310465991497], "dvar2": [0.356736958027, 0.297748982906, 0.272203832865, 0.369384378195, 0.430048942566, 0.63061106205], "max": [-5.03904533386, -4.79755735397, -5.43218564987, -6.06890010834, -5.