{"lowlevel": {"average_loudness": 0.890962481499, "barkbands_crest": {"dmean": 2.42392897606, "dmean2": 3.95887732506, "dvar": 5.07956600189, "dvar2": 13.0361995697, "max": 25.6880302429, "mean": 12.3316574097, "median": 11.83497715, "min": 3.82817029953, "var": 15.511297226}, "barkbands_flatness_db": {"dmean": 0.0221851523966, "dmean2": 0.033709783107, "dvar": 0.000500281399582, "dvar2": 0.00105518172495, "max": 0.466717839241, "mean": 0.21729503572, "median": 0.211159065366, "min": 0.0630726963282, "var": 0.0031457291916}, "barkbands_kurtosis": {"dmean": 7.59589338303, "dmean2": 12.0120725632, "dvar": 319.007843018, "dvar2": 637.957397461, "max": 997.50994873, "mean": 18.9340343475, "median": 15.5098171234, "min": -1.93751347065, "var": 497.278594971}, "barkbands_skewness": {"dmean": 0.654426574707, "dmean2": 1.00233268738, "dvar": 0.52109336853, "dvar2": 1.17896020412, "max": 20.6565437317, "mean": 3.10428571701, "median": 3.05294442177, "min": -1.89755642414, "var": 1.6988120079}, "barkbands_spread": {"dmean": 2.47298145294, "dmean2": 3.73709344864, "dvar": 31.8308048248, "dvar2": 64.0126647949, "max": 104.129920959, "mean": 7.20143318176, "median": 5.32797861099, "min": 0.16565515101, "var": 61.564743042}, "dissonance": {"dmean": 0.0240387022495, "dmean2": 0.0389209277928, "dvar": 0.000467726145871, "dvar2": 0.00117272359785, "max": 0.496975749731, "mean": 0.425244659185, "median": 0.431930154562, "min": 0.207987472415, "var": 0.0015137263108}, "dynamic_complexity": 2.50021481514, "erbbands_crest": {"dmean": 2.41710710526, "dmean2": 3.87416577339, "dvar": 5.47981834412, "dvar2": 13.7348299026, "max": 30.7875404358, "mean": 10.5938262939, "median": 9.70884513855, "min": 2.86957907677, "var": 16.3027534485}, "erbbands_flatness_db": {"dmean": 0.0180184431374, "dmean2": 0.0262179151177, "dvar": 0.000368937209714, "dvar2": 0.0007456849562, "max": 0.363292992115, "mean": 0.177360609174, "median": 0.168670982122, "min": 0.0607858039439, "var": 0.00219404837117}, "erbbands_kurtosis": {"dmean": 1.59407067299, "dmean2": 2.52361059189, "dvar": 6.35363101959, "dvar2": 15.5028972626, "max": 48.6071472168, "mean": 2.40938973427, "median": 1.50500917435, "min": -1.91522371769, "var": 14.1454267502}, "erbbands_skewness": {"dmean": 0.399788707495, "dmean2": 0.612818062305, "dvar": 0.182876706123, "dvar2": 0.405399084091, "max": 6.40523386002, "mean": 1.27268910408, "median": 1.21808767319, "min": -5.11778497696, "var": 0.623294234276}, "erbbands_spread": {"dmean": 7.88598012924, "dmean2": 11.7310848236, "dvar": 145.744598389, "dvar2": 299.824066162, "max": 159.871139526, "mean": 33.8353767395, "median": 30.0232944489, "min": 2.59824466705, "var": 427.815429688}, "hfc": {"dmean": 3.71625065804, "dmean2": 5.38390159607, "dvar": 35.5773696899, "dvar2": 75.5109481812, "max": 107.05443573, "mean": 10.5007371902, "median": 8.08650302887, "min": 1.20351285116e-16, "var": 78.9850006104}, "melbands_crest": {"dmean": 2.98583126068, "dmean2": 4.93047142029, "dvar": 7.63549184799, "dvar2": 19.9780712128, "max": 34.9234809875, "mean": 17.4007587433, "median": 16.6367473602, "min": 1.58591794968, "var": 27.0815868378}, "melbands_flatness_db": {"dmean": 0.0256379470229, "dmean2": 0.0379475802183, "dvar": 0.000693033565767, "dvar2": 0.00136801367626, "max": 0.599890887737, "mean": 0.317045480013, "median": 0.311098098755, "min": 0.00505876215175, "var": 0.00436031864956}, "melbands_kurtosis": {"dmean": 13.7238683701, "dmean2": 21.4365768433, "dvar": 412.288391113, "dvar2": 936.990112305, "max": 673.203674316, "mean": 34.0107574463, "median": 26.7320804596, "min": -1.28050506115, "var": 932.63104248}, "melbands_skewness": {"dmean": 0.824706494808, "dmean2": 1.26150751114, "dvar": 0.805484235287, "dvar2": 1.80866909027, "max": 12.8932685852, "mean": 3.90437078476, "median": 3.73184299469, "min": -0.496700227261, "var": 3.02680850029}, "melbands_spread": {"dmean": 2.17285656929, "dmean2": 3.27636265755, "dvar": 40.5587501526, "dvar2": 80.4891586304, "max": 216.280975342, "mean": 6.47652339935, "median": 4.6309056282, "min": 0.157408103347, "var": 68.0635375977}, "pitch_salience": {"dmean": 0.0662187486887, "dmean2": 0.107530944049, "dvar": 0.00368441687897, "dvar2": 0.00957421585917, "max": 0.931347846985, "mean": 0.526490032673, "median": 0.538353323936, "min": 0.0429144836962, "var": 0.0123900575563}, "silence_rate_20dB": {"dmean": 0, "dmean2": 0, "dvar": 0, "dvar2": 0, "max": 1, "mean": 1, "median": 1, "min": 1, "var": 0}, "silence_rate_30dB": {"dmean": 0.0353012792766, "dmean2": 0.0706133022904, "dvar": 0.0340572409332, "dvar2": 0.0823642909527, "max": 1, "mean": 0.966986179352, "median": 1, "min": 0, "var": 0.0319208912551}, "silence_rate_60dB": {"dmean": 0.00517346337438, "dmean2": 0.0103485006839, "dvar": 0.00514663849026, "dvar2": 0.0132848564535, "max": 1, "mean": 0.0266240686178, "median": 0, "min": 0, "var": 0.0259154681116}, "spectral_centroid": {"dmean": 95.0495300293, "dmean2": 141.461959839, "dvar": 42776.1015625, "dvar2": 68224.875, "max": 11118.9609375, "mean": 464.011016846, "median": 386.596008301, "min": 149.099136353, "var": 96689.8515625}, "spectral_complexity": {"dmean": 1.59860014915, "dmean2": 2.46172571182, "dvar": 2.75027394295, "dvar2": 5.29437065125, "max": 37, "mean": 10.1510725021, "median": 10, "min": 0, "var": 12.6212453842}, "spectral_decrease": {"dmean": 3.79479825341e-09, "dmean2": 5.78418246633e-09, "dvar": 3.77276945037e-17, "dvar2": 8.82643535846e-17, "max": 6.92205041511e-29, "mean": -9.62820045913e-09, "median": -7.42890104988e-09, "min": -9.90240991428e-08, "var": 7.05777431631e-17}, "spectral_energy": {"dmean": 0.014605678618, "dmean2": 0.022249115631, "dvar": 0.000554864935111, "dvar2": 0.00129620952066, "max": 0.381586134434, "mean": 0.037291392684, "median": 0.0288570653647, "min": 1.06549603223e-20, "var": 0.0010429630056}, "spectral_energyband_high": {"dmean": 0.000120971570141, "dmean2": 0.000173138309037, "dvar": 2.33939417171e-07, "dvar2": 4.74012836094e-07, "max": 0.011473220773, "mean": 0.000196845678147, "median": 8.67729831953e-05, "min": 7.79646969458e-21, "var": 3.58329401706e-07}, "spectral_energyband_low": {"dmean": 0.00864173192531, "dmean2": 0.0136879337952, "dvar": 0.000268479227088, "dvar2": 0.000672555936035, "max": 0.267153263092, "mean": 0.0171459577978, "median": 0.0103865880519, "min": 3.88589915795e-23, "var": 0.000417197443312}, "spectral_energyband_middle_high": {"dmean": 0.000502569426317, "dmean2": 0.000670644629281, "dvar": 1.39098324325e-06, "dvar2": 2.46789113589e-06, "max": 0.0342101566494, "mean": 0.00145231944043, "median": 0.000812508340459, "min": 1.45487317063e-21, "var": 5.25699579157e-06}, "spectral_energyband_middle_low": {"dmean": 0.00882004480809, "dmean2": 0.0139135206118, "dvar": 0.000235500090639, "dvar2": 0.000540236535016, "max": 0.367627084255, "mean": 0.0212256386876, "median": 0.0154653294012, "min": 2.78455984588e-22, "var": 0.000466628407594}, "spectral_entropy": {"dmean": 0.243265047669, "dmean2": 0.361897110939, "dvar": 0.0637296363711, "dvar2": 0.125510618091, "max": 9.81379127502, "mean": 6.58608913422, "median": 6.61933374405, "min": 4.49211406708, "var": 0.294596582651}, "spectral_flux": {"dmean": 0.0324849188328, "dmean2": 0.0490340106189, "dvar": 0.00143541942816, "dvar2": 0.00309039792046, "max": 0.38058385253, "mean": 0.0772213116288, "median": 0.0605304613709, "min": 1.03222867753e-10, "var": 0.00317096547224}, "spectral_kurtosis": {"dmean": 3.79933857918, "dmean2": 6.0614027977, "dvar": 27.2528362274, "dvar2": 64.4614715576, "max": 103.893180847, "mean": 10.5759429932, "median": 7.92766952515, "min": -1.23352348804, "var": 103.310348511}, "spectral_rms": {"dmean": 0.00103860558011, "dmean2": 0.00153776817024, "dvar": 1.65696269505e-06, "dvar2": 3.62794435205e-06, "max": 0.0192945357412, "mean": 0.00557981431484, "median": 0.00530596217141, "min": 3.22414078942e-12, "var": 5.24758524989e-06}, "spectral_rolloff": {"dmean": 137.058746338, "dmean2": 231.448471069, "dvar": 423929.625, "dvar2": 877628.4375, "max": 18949.21875, "mean": 438.020507812, "median": 301.46484375, "min": 64.599609375, "var": 538915.875}, "spectral_skewness": {"dmean": 0.384138226509, "dmean2": 0.581970632076, "dvar": 0.176178902388, "dvar2": 0.371242105961, "max": 8.7422990799, "mean": 2.47973108292, "median": 2.32859277725, "min": -0.390264570713, "var": 0.864825427532}, "spectral_spread": {"dmean": 633592.625, "dmean2": 894057.5625, "dvar": 929281867776, "dvar2": 1372419391490.0, "max": 42396448, "mean": 3930614.5, "median": 3738557.25, "min": 957039.875, "var": 2891671928830.0}, "spectral_strongpeak": {"dmean": 0.335263073444, "dmean2": 0.560259580612, "dvar": 0.217518523335, "dvar2": 0.530641317368, "max": 5.66319322586, "mean": 0.75998455286, "median": 0.587918400764, "min": 0, "var": 0.366538763046}, "zerocrossingrate": {"dmean": 0.00576932681724, "dmean2": 0.00713941361755, "dvar": 0.000137881885166, "dvar2": 0.000156546127982, "max": 0.5087890625, "mean": 0.0250226128846, "median": 0.02099609375, "min": 0.0048828125, "var": 0.000437136564869}, "barkbands": {"dmean": [4.49766121164e-05, 0.0036949403584, 0.00507463561371, 0.0022582418751, 0.00664831837639, 0.000797709799372, 0.00094312831061, 0.000473885593237, 0.000332236872055, 0.000214520012378, 0.000102480138594, 0.000147487953654, 0.000112937901577, 8.35051978356e-05, 5.56474988116e-05, 3.52409479092e-05, 3.51241105818e-05, 2.62363610091e-05, 2.2246989829e-05, 1.5789475583e-05, 1.99045280169e-05, 2.70092114079e-05, 3.57696517312e-05, 2.77989802271e-05, 1.37401248139e-05, 5.00022315464e-06, 5.42295879313e-07], "dmean2": [7.53240456106e-05, 0.00585635332391, 0.00835571810603, 0.0037487980444, 0.0108344964683, 0.00119442027062, 0.0014223465696, 0.000698662712239, 0.000487751327455, 0.000299648148939, 0.000148629478645, 0.00020929260063, 0.000172007916262, 0.000129183201352, 8.43759480631e-05, 5.55103033548e-05, 5.31531368324e-05, 3.905646372e-05, 3.22082232742e-05, 2.32631646213e-05, 2.9330369216e-05, 3.95330971514e-05, 5.33815800736e-05, 4.26370315836e-05, 1.97151985049e-05, 7.45514762457e-06, 7.48051377286e-07], "dvar": [1.00173993545e-08, 6.07563524682e-05, 0.000106078972749, 1.44575942613e-05, 0.000181268638698, 4.09824860981e-06, 7.46441537558e-06, 5.81173071623e-06, 4.12921326642e-06, 4.60667621383e-07, 3.02511665495e-07, 2.59430947835e-07, 1.92214045569e-07, 7.17366646086e-08, 4.13485636841e-08, 6.49821751963e-09, 6.23420515211e-09, 5.43030509448e-09, 2.42474462731e-09, 2.64860333665e-09, 3.8275840275e-09, 1.76636412164e-08, 3.24828270948e-08, 1.9052420086e-08, 5.06678654588e-09, 5.18314446918e-10, 1.0227492464e-11], "dvar2": [2.49841409783e-08, 0.000151520114741, 0.000278614228591, 3.86232750316e-05, 0.000432511849795, 9.3394655778e-06, 1.63881213666e-05, 1.22796009236e-05, 9.85603765002e-06, 9.13947644676e-07, 6.35167793916e-07, 5.43357600691e-07, 4.40311936245e-07, 1.60054824505e-07, 8.9695767258e-08, 1.50346366468e-08, 1.34493811643e-08, 1.14063043455e-08, 4.83338569168e-09, 5.73406122584e-09, 9.2429566223e-09, 3.88407030982e-08, 6.99064557352e-08, 4.24453183712e-08, 1.11089226706e-08, 1.07719744236e-09, 2.1014327431e-11], "max": [0.00132907147054, 0.109080478549, 0.149426907301, 0.0579998120666, 0.33828663826, 0.0596977807581, 0.0713055282831, 0.0633647739887, 0.0685187205672, 0.0211127158254, 0.0178142376244, 0.0191179756075, 0.010626505129, 0.00668028369546, 0.00449577672407, 0.00190479273442, 0.00181903364137, 0.00221796589904, 0.00122337054927, 0.00229318882339, 0.00248475163244, 0.00393019104376, 0.00462793651968, 0.00357571872883, 0.00245087547228, 0.00114077085163, 0.000180348128197], "mean": [7.30914107407e-05, 0.00509818457067, 0.00939014740288, 0.00466379662976, 0.0111574418843, 0.00209333887324, 0.00178766564932, 0.000687040272169, 0.00056239584228, 0.00046545904479, 0.00020572039648, 0.0002743480145, 0.000200600756216, 0.000133710374939, 8.16981628304e-05, 5.91475545662e-05, 6.00346538704e-05, 4.16602633777e-05, 3.86556239391e-05, 2.99819839711e-05, 3.69986955775e-05, 3.96043906221e-05, 4.322163295e-05, 3.61290622095e-05, 2.2960932256e-05, 7.58318174121e-06, 8.82800350155e-07], "median": [3.97615258407e-05, 0.00206810748205, 0.00450805015862, 0.00303856865503, 0.00594841642305, 0.00125027366448, 0.000817109073978, 0.000129498032038, 8.46239709063e-05, 0.000132413697429, 3.54328403773e-05, 0.000109092361527, 7.12285909685e-05, 4.86904973513e-05, 2.42165751843e-05, 2.96688231174e-05, 2.62290595856e-05, 1.36944272526e-05, 1.58073180501e-05, 1.32020595629e-05, 2.26263910008e-05, 1.57730228239e-05, 7.02876741343e-06, 9.53180824581e-06, 7.40101677366e-06, 2.53776761383e-06, 2.20220229608e-07], "min": [5.24393709024e-24, 2.36534751726e-23, 6.08371502259e-24, 9.74388762785e-24, 5.42713709816e-23, 7.11677365859e-23, 8.74070252324e-23, 1.74658805794e-23, 3.42033364653e-23, 5.07269084939e-23, 8.78534195305e-23, 5.25539766147e-23, 1.47336321196e-22, 8.39699519575e-23, 5.98469388855e-23, 2.41128979819e-22, 1.9682483482e-22, 2.34555382963e-22, 2.06979229097e-22, 2.17390956112e-22, 5.35956592359e-22, 4.13458837873e-22, 6.94549946051e-22, 8.99527614151e-22, 1.18647568007e-21, 1.81916423941e-21, 2.47920509282e-21], "var": [1.1740930006e-08, 7.60033508413e-05, 0.000163857795997, 2.9099663152e-05, 0.000294618541375, 8.08839740785e-06, 1.23559748317e-05, 8.21427511255e-06, 5.03801038576e-06, 1.24009500269e-06, 7.22461777514e-07, 4.5290005346e-07, 2.9065694207e-07, 1.1079514195e-07, 6.36272972088e-08, 1.07673550076e-08, 1.16340315159e-08, 9.21893317241e-09, 5.26740295825e-09, 4.24719415193e-09, 4.62172167204e-09, 2.13507522773e-08, 4.75719872384e-08, 2.41448177007e-08, 6.3419669516e-09, 7.09172554014e-10, 1.46339121376e-11]}, "erbbands": {"dmean": [0.0586566515267, 1.06148266792, 5.42938613892, 6.42754793167, 19.8714466095, 20.5814876556, 5.69027090073, 7.32701539993, 14.595952034, 12.1307487488, 6.94716691971, 8.48119354248, 7.33742523193, 4.19336700439, 4.35617113113, 6.90189123154, 5.12191820145, 4.4442949295, 2.94884061813, 1.9735956192, 2.07732629776, 1.63532280922, 1.62410604954, 0.945065736771, 1.19200658798, 0.687293827534, 0.655848026276, 0.804040968418, 0.797124803066, 1.13386976719, 1.10322678089, 0.758614778519, 0.335904926062, 0.180175021291, 0.0877351984382, 0.032500565052, 0.00796691793948, 0.0013736608671, 7.92459686636e-05, 1.76026660483e-05], "dmean2": [0.0896704867482, 1.70727515221, 8.94746017456, 10.6116094589, 32.1674537659, 33.9519119263, 8.63414669037, 11.2403888702, 22.0849132538, 17.8456058502, 10.1710987091, 12.6681432724, 10.1254463196, 5.70404338837, 6.28638505936, 9.62739944458, 7.6092672348, 6.68538475037, 4.27092456818, 2.95689225197, 3.26226067543, 2.39984536171, 2.39011907578, 1.35666942596, 1.71334958076, 0.996420502663, 0.97207146883, 1.18005359173, 1.14697885513, 1.69403874874, 1.67114627361, 1.18468940258, 0.498417019844, 0.259867101908, 0.128172144294, 0.048865493387, 0.0117715764791, 0.00192038156092, 0.000112231515232, 2.63896872639e-05], "dvar": [0.0176904052496, 5.10313272476, 128.818771362, 117.978507996, 1625.2479248, 1718.02770996, 81.9545135498, 493.727172852, 1725.60290527, 2337.30737305, 825.758972168, 3200.57910156, 496.527496338, 329.617248535, 517.957275391, 521.955932617, 420.125732422, 170.919036865, 99.5874557495, 50.1648521423, 15.7095088959, 14.931178093, 17.7806777954, 6.88617181778, 8.64576148987, 5.82306575775, 3.63609027863, 6.23427057266, 12.4725170135, 38.4121780396, 32.8726539612, 15.4767417908, 2.54378604889, 0.782393276691, 0.200045049191, 0.0231618694961, 0.00128490407951, 0.00011723467469, 2.33415974549e-07, 8.76678896145e-10], "dvar2": [0.0414411462843, 12.9524688721, 331.658508301, 328.079772949, 3753.25439453, 4199.57275391, 183.156829834, 1154.14953613, 3839.49291992, 4641.92138672, 1815.1751709, 7930.20556641, 974.437194824, 677.383605957, 1146.93127441, 1173.14538574, 1005.50457764, 355.218048096, 197.021102905, 112.350090027, 38.07995224, 30.5542469025, 36.7696800232, 13.691699028, 16.4156761169, 13.2453212738, 8.1953754425, 14.8304824829, 27.5585289001, 82.6444396973, 74.1446762085, 35.2163352966, 5.31918907166, 1.66044723988, 0.449177950621, 0.0502410791814, 0.00262254523113, 0.000246765528573, 4.82800373902e-07, 1.99688843239e-09], "max": [1.40735268593, 34.8760299683, 196.756988525, 163.146652222, 823.846801758, 1287.07336426, 212.548446655, 635.250488281, 1224.10913086, 1374.65258789, 682.859680176, 1599.62878418, 701.024719238, 772.895385742, 918.477050781, 884.710144043, 578.92175293, 384.284240723, 235.991760254, 220.963348389, 84.044593811, 97.0037841797, 117.444015503, 72.4744186401, 84.1782302856, 141.595626831, 77.8464202881, 97.2272262573, 118.150749207, 190.760848999, 141.943969727, 110.314216614, 40.3065490723, 24.1564617157, 17.3802433014, 5.3879108429, 2.03770828247, 0.7542963624, 0.0330536328256, 0.00100637378637], "mean": [0.0897979587317, 1.46757912636, 9.83361816406, 14.1887979507, 32.8337745667, 34.8484382629, 15.2311811447, 17.5019226074, 30.2245903015, 19.8599662781, 11.7671985626, 13.6714420319, 16.7073822021, 8.86456871033, 9.44895553589, 13.0262327194, 9.94776725769, 7.75296783447, 4.88250303268, 3.17441225052, 3.71430778503, 3.00156259537, 2.75896072388, 1.71461558342, 2.18464636803, 1.42182958126, 1.19779419899, 1.53413188457, 1.30084145069, 1.35786831379, 1.32615172863, 0.869033634663, 0.504893302917, 0.301165223122, 0.143376246095, 0.0489080138505, 0.0129776140675, 0.00219344580546, 0.00013187219156, 4.55414228782e-05], "median": [0.0418488867581, 0.589070260525, 4.38684844971, 10.5218744278, 15.6064805984, 18.7385807037, 10.1621217728, 9.76206111908, 13.9506540298, 5.9549369812, 3.24652194977, 2.2740213871, 4.54643392563, 2.86040329933, 2.72083234787, 5.54651880264, 4.03819704056, 2.92259716988, 1.53644990921, 1.23898482323, 1.97227334976, 1.35553729534, 1.01583397388, 0.765521943569, 0.879796028137, 0.651877045631, 0.742380201817, 0.826557099819, 0.60254240036, 0.291941523552, 0.223278179765, 0.15907548368, 0.178116440773, 0.0938886553049, 0.041914716363, 0.016509000212, 0.00438631791621, 0.000525834679138, 5.17867702001e-05, 3.55566953658e-05], "min": [7.8762730347e-22, 4.87620345771e-21, 6.05479123555e-21, 2.34389623723e-20, 5.98828615664e-20, 2.19900201432e-19, 4.12598542571e-19, 6.26063020344e-19, 1.00625291086e-18, 1.05986331354e-18, 6.33043804329e-19, 6.9243237378e-19, 9.04169207295e-19, 2.00186042083e-18, 3.60740123938e-18, 2.93729023103e-18, 6.7889239909e-18, 5.17748392701e-18, 3.52226202047e-18, 6.56654806374e-18, 1.25909958684e-17, 1.28398060064e-17, 1.24419627375e-17, 9.49745204686e-18, 1.19898886804e-17, 9.52486398518e-18, 2.01311226918e-17, 1.99823211715e-17, 1.4540865713e-17, 1.67240898258e-17, 2.10101394047e-17, 1.77592120639e-17, 1.58050044841e-17, 1.32388362796e-17, 8.91198684418e-18, 6.58281787921e-18, 3.17221242013e-18, 1.29228079974e-18, 3.24934561639e-19, 3.95608950723e-20], "var": [0.0227740835398, 6.23084115982, 196.895278931, 193.387969971, 2984.23583984, 2946.58789062, 298.204925537, 749.163879395, 3013.26953125, 3909.453125, 1222.29174805, 3410.73608398, 1376.65026855, 835.721435547, 1032.97290039, 846.880126953, 597.300231934, 331.909637451, 184.453277588, 71.7868041992, 28.9260540009, 29.9997901917, 32.8251075745, 11.88667202, 21.7612056732, 8.70760726929, 4.98479938507, 7.93041563034, 15.3892698288, 48.0586357117, 45.6462059021, 20.0984992981, 3.39395833015, 1.04665982723, 0.246574357152, 0.0292863342911, 0.00189253792632, 0.00014570793428, 3.03930960399e-07, 1.61565028023e-09]}, "gfcc": {"mean": [-44.5738067627, 129.194961548, -76.8241653442, 30.9304447174, -53.7635307312, 9.36786556244, -40.3286437988, -6.597468853, -30.7627124786, -2.56850552559, -15.937002182, -3.28349947929, -12.0952730179], "cov": [[5238.17480469, -1001.13415527, -373.662231445, 369.093017578, -242.368988037, 516.747924805, -50.6577758789, 368.43145752, -83.3153152466, 209.708740234, -92.0842056274, 83.9734191895, 15.2387142181], [-1001.13415527, 956.388549805, -130.227111816, -210.416152954, 194.196166992, -274.586242676, 168.171890259, -124.92300415, 31.2375106812, -109.080299377, 116.588302612, -66.7111740112, 57.6648864746], [-373.662231445, -130.227111816, 558.073425293, 102.720802307, 8.2606420517, 135.187896729, -44.483757019, -37.4361228943, -26.0283584595, 4.46038675308, -0.2480789572, 54.2495155334, -0.906993329525], [369.093017578, -210.416152954, 102.720802307, 306.14465332, 75.0544052124, 63.5879096985, -39.7431869507, 19.6632003784, 32.1263046265, 4.93533086777, -1.50927197933, 41.8287811279, 16.6754665375], [-242.368988037, 194.196166992, 8.2606420517, 75.0544052124, 257.524902344, -40.8096084595, 18.639213562, -3.86129164696, 36.3821411133, -23.6503410339, 32.399936676, 14.9976091385, 25.3888759613], [516.747924805, -274.586242676, 135.187896729, 63.5879096985, -40.8096084595, 262.83807373, 15.5102853775, 22.0889873505, -28.0547084808, 40.6791725159, -15.5774288177, 33.040512085, -3.61710357666], [-50.6577758789, 168.171890259, -44.483757019, -39.7431869507, 18.639213562, 15.5102853775, 184.80140686, 15.97797966, -20.892496109, -10.3686447144, 22.1995105743, -25.5127639771, 11.2864427567], [368.43145752, -124.92300415, -37.4361228943, 19.6632003784, -3.86129164696, 22.0889873505, 15.97797966, 152.726486206, 18.4683094025, 38.7206687927, -21.0022697449, 1.62767851353, 0.655308783054], [-83.3153152466, 31.2375106812, -26.0283584595, 32.1263046265, 36.3821411133, -28.0547084808, -20.892496109, 18.4683094025, 111.039520264, 15.7564172745, -2.16101884842, 0.158234849572, -17.5432796478], [209.708740234, -109.080299377, 4.46038675308, 4.93533086777, -23.6503410339, 40.6791725159, -10.3686447144, 38.7206687927, 15.7564172745, 114.860496521, 2.28937602043, -6.96943759918, -13.5299339294], [-92.0842056274, 116.588302612, -0.2480789572, -1.50927197933, 32.399936676, -15.5774288177, 22.1995105743, -21.0022697449, -2.16101884842, 2.28937602043, 85.3237915039, 18.7283725739, -1.76346623898], [83.9734191895, -66.7111740112, 54.2495155334, 41.8287811279, 14.9976091385, 33.040512085, -25.5127639771, 1.62767851353, 0.158234849572, -6.96943759918, 18.7283725739, 84.7095794678, 11.7481040955], [15.2387142181, 57.6648864746, -0.906993329525, 16.6754665375, 25.3888759613, -3.61710357666, 11.2864427567, 0.655308783054, -17.5432796478, -13.5299339294, -1.76346623898, 11.7481040955, 75.8054046631]], "icov": [[0.000519006222021, -0.000668251828756, 0.00081117550144, -0.00110812683124, 0.00070701178629, -0.00137920270208, 0.000747659651097, -0.00120049365796, 0.00102366320789, -0.000591691990849, 0.000631824950688, -0.000610926828813, 0.000494602601975], [-0.000668251828756, 0.00757200038061, -0.00189916742966, 0.00560283567756, -0.00424864329398, 0.00593049172312, -0.00540956249461, 0.00497220922261, -0.00521902460605, 0.0035409105476, -0.00696945283562, 0.00444121193141, -0.00583874667063], [0.00081117550144, -0.00189916742966, 0.00368400663137, -0.00273220753297, 0.00133491202723, -0.00370142026804, 0.00214414135553, -0.00161359959748, 0.00259918859228, -0.00130917527713, 0.00191633729264, -0.00220499932766, 0.00175189017318], [-0.00110812683124, 0.00560283567756, -0.00273220753297, 0.00933096371591, -0.00478283222765, 0.00446149380878, -0.00347403110936, 0.00415703793988, -0.00576946279034, 0.00322401407175, -0.00507779791951, 0.00274389609694, -0.00513166189194], [0.00070701178629, -0.00424864329398, 0.00133491202723, -0.00478283222765, 0.00773591548204, -0.00314881769009, 0.00250059063546, -0.0033847107552, 0.00162644893862, -0.0013294685632, 0.00219453079626, -0.00269404728897, 0.00168134842534], [-0.00137920270208, 0.00593049172312, -0.00370142026804, 0.00446149380878, -0.00314881769009, 0.011940613389, -0.00629448657855, 0.00518283154815, -0.0036859032698, 0.00114692549687, -0.00377879757434, 0.00156263227109, -0.00372142181732], [0.000747659651097, -0.00540956249461, 0.00214414135553, -0.00347403110936, 0.00250059063546, -0.00629448657855, 0.0110749080777, -0.00544186541811, 0.004858141765, -0.00122438289691, 0.00208398443647, -0.000193028012291, 0.00299904332496], [-0.00120049365796, 0.00497220922261, -0.00161359959748, 0.00415703793988, -0.0033847107552, 0.00518283154815, -0.00544186541811, 0.0127249425277, -0.00524619175121, -0.000118385352835, -0.00183271605056, 0.00173239968717, -0.0039399843663], [0.00102366320789, -0.00521902460605, 0.00259918859228, -0.00576946279034, 0.00162644893862, -0.0036859032698, 0.004858141765, -0.00524619175121, 0.0157448481768, -0.00449062138796, 0.00582519732416, -0.00391927501187, 0.00725115649402], [-0.000591691990849, 0.0035409105476, -0.00130917527713, 0.00322401407175, -0.0013294685632, 0.00114692549687, -0.00122438289691, -0.000118385352835, -0.00449062138796, 0.0130756152794, -0.00597325060517, 0.00475260615349, -0.00219715083949], [0.000631824950688, -0.00696945283562, 0.00191633729264, -0.00507779791951, 0.00219453079626, -0.00377879757434, 0.00208398443647, -0.00183271605056, 0.00582519732416, -0.00597325060517, 0.0218567047268, -0.0094417668879, 0.00735850306228], [-0.000610926828813, 0.00444121193141, -0.00220499932766, 0.00274389609694, -0.00269404728897, 0.00156263227109, -0.000193028012291, 0.00173239968717, -0.00391927501187, 0.00475260615349, -0.0094417668879, 0.0190774556249, -0.00612993491814], [0.000494602601975, -0.00583874667063, 0.00175189017318, -0.00513166189194, 0.00168134842534, -0.00372142181732, 0.00299904332496, -0.0039399843663, 0.00725115649402, -0.00219715083949, 0.00735850306228, -0.00612993491814, 0.0199375469238]]}, "melbands": {"dmean": [0.000743254553527, 0.00230996217579, 0.00130548188463, 0.00176766002551, 0.000251145189395, 0.000166133162566, 0.000212688406464, 0.000129720705445, 5.53221580049e-05, 5.22360751347e-05, 3.63850740541e-05, 1.72224590642e-05, 1.43785437103e-05, 1.77497331606e-05, 1.42945973494e-05, 9.74591603153e-06, 8.54307654663e-06, 4.9231371122e-06, 3.71222608919e-06, 2.24782183977e-06, 2.61649597633e-06, 1.7458792172e-06, 2.03985268854e-06, 1.19073081351e-06, 7.61027934004e-07, 8.58745579535e-07, 8.50439562328e-07, 3.92647649505e-07, 3.72597327214e-07, 5.55127314783e-07, 4.77015134948e-07, 4.29142232861e-07, 6.317009138e-07, 6.12298606484e-07, 6.6909456109e-07, 5.46295950699e-07, 4.56525157233e-07, 2.41234658915e-07, 2.14101007145e-07, 1.35673374757e-07], "dmean2": [0.00116750167217, 0.00376326125115, 0.00212037097663, 0.00288576469757, 0.000394577335101, 0.000251781835686, 0.000320022983942, 0.000190224789549, 8.1740290625e-05, 7.71826817072e-05, 4.99884044984e-05, 2.38234970311e-05, 2.0945120923e-05, 2.53085399891e-05, 2.06233253266e-05, 1.51210197146e-05, 1.3027285604e-05, 7.32686748961e-06, 5.58571809961e-06, 3.46587967215e-06, 4.17491810367e-06, 2.59871058006e-06, 3.12904171551e-06, 1.77090805664e-06, 1.11770839339e-06, 1.2488487755e-06, 1.234419301e-06, 5.83883888794e-07, 5.60503963243e-07, 8.55419898471e-07, 6.98705946434e-07, 6.32422541003e-07, 9.59573526416e-07, 9.14036888844e-07, 1.02587148376e-06, 8.41222231429e-07, 7.25801044155e-07, 3.62835919532e-07, 3.10384820068e-07, 1.99956573965e-07], "dvar": [2.50976381722e-06, 2.27965847444e-05, 4.57381975139e-06, 1.32216073325e-05, 1.48770254782e-07, 2.17960362647e-07, 3.62105794238e-07, 3.23812713532e-07, 5.69693696661e-08, 1.13554257553e-07, 1.24396875023e-08, 5.8953855131e-09, 5.696955796e-09, 4.82895945453e-09, 1.93440308216e-09, 1.62402447046e-09, 7.33296090516e-10, 3.04271552398e-10, 2.10080355889e-10, 4.60420764015e-11, 2.6024262606e-11, 1.79219503821e-11, 2.6815234061e-11, 1.34789965647e-11, 4.93940348692e-12, 3.62764093938e-12, 7.06574208864e-12, 2.00212719667e-12, 8.10449309659e-13, 4.66498541185e-12, 1.90145685655e-12, 3.30515671255e-12, 1.16721771137e-11, 1.12071974964e-11, 1.22306643979e-11, 8.08978058153e-12, 5.7799433642e-12, 1.34906680011e-12, 1.15246126444e-12, 4.4566859426e-13], "dvar2": [5.99490658715e-06, 5.79905427003e-05, 1.16171404443e-05, 3.18034981319e-05, 3.51416872491e-07, 4.981385473e-07, 7.98098369614e-07, 6.53633833281e-07, 1.28184865389e-07, 2.78678783161e-07, 2.38533086616e-08, 1.25064918421e-08, 1.21464935887e-08, 1.03782404892e-08, 4.2631147501e-09, 3.6372849177e-09, 1.58141244544e-09, 6.24998774956e-10, 4.73416361668e-10, 9.82597475607e-11, 6.29225560544e-11, 3.79202572121e-11, 6.05125671793e-11, 2.69508478035e-11, 1.01174893116e-11, 7.23475229378e-12, 1.37929372784e-11, 4.67299072701e-12, 1.65775303641e-12, 1.2129908189e-11, 4.27416695786e-12, 7.61087633888e-12, 2.57511494767e-11, 2.43406163281e-11, 2.82973991461e-11, 1.75692394661e-11, 1.35468363957e-11, 2.83929130207e-12, 2.42727712929e-12, 9.62101709065e-13], "max": [0.0169870425016, 0.0834871083498, 0.0343759395182, 0.0929430797696, 0.0105236275122, 0.0135793518275, 0.0168498009443, 0.0143808228895, 0.00926680769771, 0.00967648811638, 0.00353415450081, 0.00293739209883, 0.0026045604609, 0.0024727138225, 0.00115127675235, 0.00122915301472, 0.000710803142283, 0.000364978797734, 0.000333747913828, 0.000164245750057, 0.00014030750026, 0.000115408511192, 0.000131549910293, 0.000164104931173, 5.95226047153e-05, 4.10906322941e-05, 0.0001061676885, 8.5526771727e-05, 3.94115741074e-05, 8.94865006558e-05, 4.47007587354e-05, 6.23422019999e-05, 8.90735973371e-05, 0.000101799996628, 7.99143017503e-05, 9.00032682694e-05, 5.65407608519e-05, 3.41879385815e-05, 2.78719162452e-05, 1.77543352038e-05], "mean": [0.00106224510819, 0.00404638238251, 0.00288453698158, 0.00284632388502, 0.000625951797701, 0.000402964506065, 0.000444219069323, 0.000199590416742, 9.3068658316e-05, 8.33843296277e-05, 8.17594846012e-05, 3.44621403201e-05, 3.03408160107e-05, 3.20743092743e-05, 2.87849470624e-05, 1.77565452759e-05, 1.39462981679e-05, 7.71214126871e-06, 5.50539607502e-06, 3.51627136297e-06, 4.56838188256e-06, 2.99294129036e-06, 3.18211255035e-06, 1.96595283342e-06, 1.27990278997e-06, 1.48902881847e-06, 1.53195207986e-06, 7.71445684222e-07, 6.77573098073e-07, 8.07904257272e-07, 9.73479927779e-07, 7.13306803846e-07, 7.77889624715e-07, 6.99088218425e-07, 7.96568031092e-07, 6.34144726064e-07, 4.98408780913e-07, 3.38768444408e-07, 3.54007738679e-07, 2.17616488385e-07], "median": [0.000453715096228, 0.00190039933659, 0.00210331077687, 0.00145868293475, 0.000431528751506, 0.000220635440201, 0.000207900971873, 4.66116034659e-05, 2.09684421861e-05, 1.42955486808e-05, 2.13070798054e-05, 1.0073876183e-05, 6.86661269356e-06, 1.31908382173e-05, 1.24033431348e-05, 8.00564339443e-06, 4.95548556501e-06, 2.23962297241e-06, 1.79242897502e-06, 1.57477006724e-06, 2.39885162046e-06, 1.22413564441e-06, 1.20771369438e-06, 6.29810585906e-07, 5.27951442564e-07, 5.86162173022e-07, 5.79770812692e-07, 3.24614177316e-07, 3.97332570401e-07, 3.46124380712e-07, 4.41191843947e-07, 3.30438524543e-07, 2.23565265856e-07, 1.13212813346e-07, 1.25316717003e-07, 1.00545904047e-07, 7.37476071322e-08, 1.05335331568e-07, 1.00179072149e-07, 6.39511910094e-08], "min": [7.44507358597e-24, 4.57619670511e-24, 4.43776305473e-24, 1.0166654753e-23, 1.42732500555e-23, 1.53244498101e-23, 1.54301114175e-23, 9.63811242451e-24, 6.0055456122e-24, 3.8352890766e-24, 4.90750645239e-24, 7.90821697887e-24, 1.23749935488e-23, 4.86683081197e-24, 1.32662075788e-23, 1.46881640703e-23, 8.95428282679e-24, 5.28452950584e-24, 5.28357458971e-24, 1.28434049549e-23, 1.49955516107e-23, 1.39720093193e-23, 9.5736333007e-24, 1.22582452903e-23, 6.81438402541e-24, 8.19866530898e-24, 7.52451819001e-24, 5.86353644976e-24, 1.1915677709e-23, 1.21424231545e-23, 1.13859820659e-23, 7.62667173294e-24, 8.80383364153e-24, 9.26534567008e-24, 1.22086969368e-23, 1.13273752226e-23, 1.03438092465e-23, 1.04203965964e-23, 1.28547116982e-23, 1.01723597951e-23], "var": [3.19762716572e-06, 3.3542408346e-05, 8.77733054949e-06, 2.06079093914e-05, 4.73915491739e-07, 3.79620786362e-07, 6.44478461709e-07, 5.15169460868e-07, 8.27024067007e-08, 1.23602418967e-07, 3.47205464379e-08, 1.44138034841e-08, 1.29687487416e-08, 7.00444857671e-09, 3.77326569989e-09, 2.26815011217e-09, 1.2519230097e-09, 5.1447246463e-10, 3.01458913388e-10, 7.08137645744e-11, 4.59776765271e-11, 3.36892874708e-11, 4.33104420383e-11, 2.33478288786e-11, 7.99722874728e-12, 8.46659894971e-12, 1.4698518444e-11, 2.82301482538e-12, 1.40383267077e-12, 4.27011681223e-12, 3.18413871658e-12, 3.91532552907e-12, 1.37457311158e-11, 1.394116593e-11, 1.61973073842e-11, 1.20227256969e-11, 6.82456348378e-12, 1.73140039632e-12, 1.55507139284e-12, 5.81872169805e-13]}, "mfcc": {"mean": [-701.640441895, 160.5703125, 31.6700992584, 28.1329498291, 9.71221446991, 11.9561452866, 1.49737477303, -4.12058782578, -6.46938514709, -10.5802173615, -3.93420219421, -0.411675959826, -4.17462587357], "cov": [[4710.79931641, -889.316040039, -244.267684937, -93.1070098877, -32.8121070862, 93.445022583, 146.929626465, 112.451904297, 175.20401001, 127.762611389, 148.270858765, 27.3869895935, -32.3568916321], [-889.316040039, 962.300842285, -262.72354126, 24.104259491, -78.0990447998, -100.856590271, 60.0344467163, -34.3741073608, -30.1138725281, -51.0705184937, -28.8828811646, 11.0805883408, 35.767791748], [-244.267684937, -262.72354126, 554.315856934, -33.8845710754, 60.5447349548, 117.604278564, 24.1803894043, 13.606086731, -12.3833141327, -38.5296516418, -18.2067012787, 23.7384643555, -7.56952619553], [-93.1070098877, 24.104259491, -33.8845710754, 274.121520996, 104.235557556, -8.5516872406, -17.0689544678, 22.4479637146, 18.338848114, -1.07848775387, -30.5638465881, 39.0503234863, 23.9710350037], [-32.8121070862, -78.0990447998, 60.5447349548, 104.235557556, 266.106872559, 50.6354904175, -35.8861656189, 23.3984165192, 13.7256317139, -18.3737392426, -8.09329509735, 35.4140357971, -2.66174316406], [93.445022583, -100.856590271, 117.604278564, -8.5516872406, 50.6354904175, 174.173049927, 35.427532196, 21.2877578735, -10.478972435, 4.61690855026, 1.83813583851, 8.45078372955, -3.99099493027], [146.929626465, 60.0344467163, 24.1803894043, -17.0689544678, -35.8861656189, 35.427532196, 196.933868408, 13.6418209076, 22.1607227325, 0.703990161419, -3.33447623253, -2.75860333443, 10.1101016998], [112.451904297, -34.3741073608, 13.606086731, 22.4479637146, 23.3984165192, 21.2877578735, 13.6418209076, 129.330078125, 6.64760494232, 5.3380408287, -1.85125422478, 1.39706850052, 2.32857704163], [175.20401001, -30.1138725281, -12.3833141327, 18.338848114, 13.7256317139, -10.478972435, 22.1607227325, 6.64760494232, 113.946372986, 28.8536968231, 5.74883079529, 4.64210224152, -13.8349628448], [127.762611389, -51.0705184937, -38.5296516418, -1.07848775387, -18.3737392426, 4.61690855026, 0.703990161419, 5.3380408287, 28.8536968231, 121.955566406, 27.1760692596, -17.0298633575, -6.50800037384], [148.270858765, -28.8828811646, -18.2067012787, -30.5638465881, -8.09329509735, 1.83813583851, -3.33447623253, -1.85125422478, 5.74883079529, 27.1760692596, 117.138694763, 6.31570863724, 0.571924865246], [27.3869895935, 11.0805883408, 23.7384643555, 39.0503234863, 35.4140357971, 8.45078372955, -2.75860333443, 1.39706850052, 4.64210224152, -17.0298633575, 6.31570863724, 106.513206482, 23.160823822], [-32.3568916321, 35.767791748, -7.56952619553, 23.9710350037, -2.66174316406, -3.99099493027, 10.1101016998, 2.32857704163, -13.8349628448, -6.50800037384, 0.571924865246, 23.160823822, 75.1005477905]], "icov": [[0.000357796612661, 0.000434436282376, 0.000415280490415, 0.000128015948576, 7.43800337659e-05, -0.000146056278027, -0.000356028234819, -0.000199445712497, -0.000343668361893, 6.59679062665e-05, -0.000238119464484, -0.000261592736933, 2.21264472202e-05], [0.000434436282376, 0.00190737622324, 0.00112786213867, 6.58390999888e-05, 0.00026296908618, 0.000247828691499, -0.00102955044713, 4.01858642363e-06, -3.33320494974e-05, 0.000658287550323, -2.18695422518e-05, -0.000558310362976, -0.000244359252974], [0.000415280490415, 0.00112786213867, 0.00299614411779, 0.000544399314094, -0.000145397905726, -0.00135639484506, -0.000732101732865, -0.000159457020345, -0.000262194516836, 0.000939615478273, 0.000186714431038, -0.000819301058073, 8.06205061963e-05], [0.000128015948576, 6.58390999888e-05, 0.000544399314094, 0.00503097288311, -0.00189932819922, 0.000466146855615, 1.95619122678e-05, -0.000645589083433, -0.000664848950692, -0.00055273732869, 0.00133802019991, -0.00124768342357, -0.00134809070732], [7.43800337659e-05, 0.00026296908618, -0.000145397905726, -0.00189932819922, 0.00533845182508, -0.00161036953796, 0.0010533350287, -0.00046728271991, -0.000853471108712, 0.0010304908501, -0.000284920708509, -0.000859206425957, 0.000673924805596], [-0.000146056278027, 0.000247828691499, -0.00135639484506, 0.000466146855615, -0.00161036953796, 0.00794188492, -0.00165278557688, -0.000632230832707, 0.00169885728974, -0.00111072172876, 5.43197384104e-05, -0.00034138103365, 0.000462191150291], [-0.000356028234819, -0.00102955044713, -0.000732101732865, 1.95619122678e-05, 0.0010533350287, -0.00165278557688, 0.00651501584798, -0.000406559149269, -0.00156942941248, 0.000232336955378, 0.000360031495802, 0.000638830533717, -0.0011267804075], [-0.000199445712497, 4.01858642363e-06, -0.000159457020345, -0.000645589083433, -0.00046728271991, -0.000632230832707, -0.000406559149269, 0.00828161649406, -1.28724486785e-05, -0.000249266362516, 0.000194182721316, 0.000425342994276, -0.000306688423734], [-0.000343668361893, -3.33320494974e-05, -0.000262194516836, -0.000664848950692, -0.000853471108712, 0.00169885728974, -0.00156942941248, -1.28724486785e-05, 0.0109020303935, -0.00254350993782, 0.000174484754098, -0.000909877824597, 0.00239252345636], [6.59679062665e-05, 0.000658287550323, 0.000939615478273, -0.00055273732869, 0.0010304908501, -0.00111072172876, 0.000232336955378, -0.000249266362516, -0.00254350993782, 0.0101979020983, -0.00215245247819, 0.00155504792929, -0.000108040629129], [-0.000238119464484, -2.18695422518e-05, 0.000186714431038, 0.00133802019991, -0.000284920708509, 5.43197384104e-05, 0.000360031495802, 0.000194182721316, 0.000174484754098, -0.00215245247819, 0.00976196862757, -0.00121130992193, -0.000417294417275], [-0.000261592736933, -0.000558310362976, -0.000819301058073, -0.00124768342357, -0.000859206425957, -0.00034138103365, 0.000638830533717, 0.000425342994276, -0.000909877824597, 0.00155504792929, -0.00121130992193, 0.0115473968908, -0.0032637459226], [2.21264472202e-05, -0.000244359252974, 8.06205061963e-05, -0.00134809070732, 0.000673924805596, 0.000462191150291, -0.0011267804075, -0.000306688423734, 0.00239252345636, -0.000108040629129, -0.000417294417275, -0.0032637459226, 0.0155305527151]]}, "spectral_contrast_coeffs": {"dmean": [0.0476990267634, 0.0405642986298, 0.0351248905063, 0.0315006263554, 0.0272821523249, 0.0199800059199], "dmean2": [0.0783129185438, 0.0641867592931, 0.0522419139743, 0.0478846356273, 0.0412766337395, 0.0295696351677], "dvar": [0.00162142748013, 0.00137603585608, 0.00094124278985, 0.000704723701347, 0.000588016526308, 0.000322931242408], "dvar2": [0.00429368717596, 0.0035179015249, 0.00205894815736, 0.00153029419016, 0.00121907342691, 0.000702260411344], "max": [-0.305836290121, -0.344695478678, -0.473397791386, -0.553853750229, -0.553011119366, -0.616980731487], "mean": [-0.552331745625, -0.645493924618, -0.726615071297, -0.754698872566, -0.768521726131, -0.748754799366], "median": [-0.55619096756, -0.647635877132, -0.728312134743, -0.754529893398, -0.768317162991, -0.742643594742], "min": [-0.988046646118, -0.974350750446, -0.980525970459, -0.952439308167, -0.957407057285, -0.959552109241], "var": [0.00539624830708, 0.00488381227478, 0.00448071351275, 0.00277141854167, 0.00242206105031, 0.00167988473549]}, "spectral_contrast_valleys": {"dmean": [0.395725488663, 0.331372380257, 0.308144897223, 0.328683406115, 0.376841247082, 0.450618058443], "dmean2": [0.611826956272, 0.513676166534, 0.4596324265, 0.480891376734, 0.523980975151, 0.600604832172], "dvar": [0.167454794049, 0.131374016404, 0.1013712883, 0.116561897099, 0.150186344981, 0.23471827805], "dvar2": [0.297235548496, 0.236547589302, 0.164278864861, 0.184464454651, 0.243289172649, 0.361823648214], "max": [-5.04086112976, -5