{"lowlevel": {"average_loudness": 0.950310528278, "barkbands_crest": {"dmean": 3.9814260006, "dmean2": 6.29328203201, "dvar": 14.1477613449, "dvar2": 31.859588623, "max": 26.5184078217, "mean": 13.9107122421, "median": 13.7503929138, "min": 1.97444307804, "var": 42.1339950562}, "barkbands_flatness_db": {"dmean": 0.0489566326141, "dmean2": 0.0687533691525, "dvar": 0.00280951731838, "dvar2": 0.00497586838901, "max": 0.978551626205, "mean": 0.170496731997, "median": 0.152477890253, "min": 0.0102780051529, "var": 0.0123212169856}, "barkbands_kurtosis": {"dmean": 16.1405735016, "dmean2": 24.5495090485, "dvar": 1842.67260742, "dvar2": 4234.08447266, "max": 1310.30529785, "mean": 20.3374538422, "median": 4.04962778091, "min": -1.96874880791, "var": 2562.99536133}, "barkbands_skewness": {"dmean": 1.4352530241, "dmean2": 2.10473942757, "dvar": 2.70804142952, "dvar2": 5.82489871979, "max": 25.9072494507, "mean": 2.64540815353, "median": 1.84240531921, "min": -14.5645856857, "var": 8.1699924469}, "barkbands_spread": {"dmean": 13.2150430679, "dmean2": 20.5192584991, "dvar": 347.083496094, "dvar2": 775.762451172, "max": 151.971954346, "mean": 26.7055892944, "median": 15.3628559113, "min": 0.109266445041, "var": 759.848205566}, "dissonance": {"dmean": 0.0181958060712, "dmean2": 0.0302841030061, "dvar": 0.000467004691018, "dvar2": 0.00122119591106, "max": 0.500000059605, "mean": 0.47096580267, "median": 0.479214727879, "min": 0.177160203457, "var": 0.000818788423203}, "dynamic_complexity": 4.23169517517, "erbbands_crest": {"dmean": 2.40328836441, "dmean2": 3.79207205772, "dvar": 7.73084115982, "dvar2": 17.6913337708, "max": 34.2380561829, "mean": 7.63734960556, "median": 5.99868965149, "min": 2.03981184959, "var": 25.4103469849}, "erbbands_flatness_db": {"dmean": 0.0273281019181, "dmean2": 0.0369232222438, "dvar": 0.00109209981747, "dvar2": 0.00195898162201, "max": 0.536491394043, "mean": 0.138296931982, "median": 0.111383542418, "min": 0.0124512529001, "var": 0.00696655409411}, "erbbands_kurtosis": {"dmean": 1.54955387115, "dmean2": 2.52227091789, "dvar": 48.1422119141, "dvar2": 103.749664307, "max": 372.950836182, "mean": 1.05205059052, "median": -0.280139327049, "min": -1.82939839363, "var": 90.9105758667}, "erbbands_skewness": {"dmean": 0.434926837683, "dmean2": 0.668818175793, "dvar": 0.334185957909, "dvar2": 0.792825579643, "max": 15.7720870972, "mean": 0.179503127933, "median": 0.102004632354, "min": -8.94026851654, "var": 0.891335368156}, "erbbands_spread": {"dmean": 12.6803436279, "dmean2": 18.8073005676, "dvar": 216.073379517, "dvar2": 479.008239746, "max": 190.636199951, "mean": 46.3305282593, "median": 43.649559021, "min": 0.421895563602, "var": 692.763366699}, "hfc": {"dmean": 35.8898429871, "dmean2": 57.1857337952, "dvar": 5042.46972656, "dvar2": 12745.0498047, "max": 541.447387695, "mean": 45.6171569824, "median": 12.2561120987, "min": 1.18546482898e-16, "var": 6279.89892578}, "melbands_crest": {"dmean": 4.91277647018, "dmean2": 7.84696817398, "dvar": 21.7801704407, "dvar2": 47.7545661926, "max": 38.7253074646, "mean": 19.8652591705, "median": 19.6892814636, "min": 1.94086480141, "var": 72.7346725464}, "melbands_flatness_db": {"dmean": 0.0586373880506, "dmean2": 0.0821264907718, "dvar": 0.00373097974807, "dvar2": 0.00658246036619, "max": 1, "mean": 0.250583529472, "median": 0.238017469645, "min": 0.00545828137547, "var": 0.0179444085807}, "melbands_kurtosis": {"dmean": 34.8066635132, "dmean2": 51.9968452454, "dvar": 5241.15039062, "dvar2": 10936.2158203, "max": 1347.3046875, "mean": 51.7135658264, "median": 17.2287330627, "min": -1.91025614738, "var": 9835.35742188}, "melbands_skewness": {"dmean": 1.80532050133, "dmean2": 2.68378806114, "dvar": 4.67769765854, "dvar2": 9.82775592804, "max": 28.5927658081, "mean": 4.58636045456, "median": 3.69113969803, "min": -4.94776821136, "var": 14.6926422119}, "melbands_spread": {"dmean": 13.0463762283, "dmean2": 20.8809642792, "dvar": 428.740966797, "dvar2": 1045.51184082, "max": 348.324035645, "mean": 22.178155899, "median": 11.9900407791, "min": 0.0521219745278, "var": 760.442626953}, "pitch_salience": {"dmean": 0.110425695777, "dmean2": 0.172475248575, "dvar": 0.0126862432808, "dvar2": 0.0268555786461, "max": 0.940794527531, "mean": 0.439100205898, "median": 0.447099149227, "min": 0.00682640029117, "var": 0.0402943827212}, "silence_rate_20dB": {"dmean": 0, "dmean2": 0, "dvar": 0, "dvar2": 0, "max": 1, "mean": 1, "median": 1, "min": 1, "var": 0}, "silence_rate_30dB": {"dmean": 0.0603196658194, "dmean2": 0.120656102896, "dvar": 0.0566769950092, "dvar2": 0.120842956007, "max": 1, "mean": 0.90730959177, "median": 1, "min": 0, "var": 0.084105655551}, "silence_rate_60dB": {"dmean": 0.0466990955174, "dmean2": 0.0934111773968, "dvar": 0.0445156693459, "dvar2": 0.0988657623529, "max": 1, "mean": 0.12909950316, "median": 0, "min": 0, "var": 0.112429477274}, "spectral_centroid": {"dmean": 416.938568115, "dmean2": 627.838867188, "dvar": 306483.09375, "dvar2": 652949.5, "max": 10797.5683594, "mean": 1563.13879395, "median": 1442.56677246, "min": 41.586856842, "var": 891334}, "spectral_complexity": {"dmean": 5.79513549805, "dmean2": 8.06144046783, "dvar": 54.8576774597, "dvar2": 101.879722595, "max": 64, "mean": 17.5429401398, "median": 13, "min": 0, "var": 217.337738037}, "spectral_decrease": {"dmean": 4.74163286412e-09, "dmean2": 6.91697898958e-09, "dvar": 3.25314385398e-17, "dvar2": 7.03818734115e-17, "max": 2.38550645904e-09, "mean": -1.1166256364e-08, "median": -8.71074945508e-09, "min": -5.5502034968e-08, "var": 1.06790764086e-16}, "spectral_energy": {"dmean": 0.0190182775259, "dmean2": 0.028162477538, "dvar": 0.000513643259183, "dvar2": 0.00109417608473, "max": 0.217682152987, "mean": 0.046281632036, "median": 0.0372765250504, "min": 1.04956222334e-20, "var": 0.00166306633037}, "spectral_energyband_high": {"dmean": 0.00298440712504, "dmean2": 0.00479763559997, "dvar": 3.89798478864e-05, "dvar2": 9.81375123956e-05, "max": 0.0472296774387, "mean": 0.00335695687681, "median": 0.000260658969637, "min": 7.36891182974e-21, "var": 4.5661432523e-05}, "spectral_energyband_low": {"dmean": 0.0164561495185, "dmean2": 0.0245429147035, "dvar": 0.000472176732728, "dvar2": 0.00102613994386, "max": 0.204537600279, "mean": 0.0331414714456, "median": 0.0204148925841, "min": 7.84358781372e-23, "var": 0.00141173100565}, "spectral_energyband_middle_high": {"dmean": 0.00340126687661, "dmean2": 0.00523109501228, "dvar": 0.000103015452623, "dvar2": 0.000236668813159, "max": 0.215598553419, "mean": 0.00538620864972, "median": 0.00174356554635, "min": 1.49286148065e-21, "var": 0.000205651595024}, "spectral_energyband_middle_low": {"dmean": 0.00283859064803, "dmean2": 0.00456151831895, "dvar": 1.93737869267e-05, "dvar2": 4.9115591537e-05, "max": 0.0407084003091, "mean": 0.00504717929289, "median": 0.00336437858641, "min": 3.54780107325e-22, "var": 3.1212806789e-05}, "spectral_entropy": {"dmean": 0.27080065012, "dmean2": 0.364803493023, "dvar": 0.112494543195, "dvar2": 0.196386069059, "max": 9.80877494812, "mean": 7.7213306427, "median": 7.78467082977, "min": 2.48045778275, "var": 0.487888514996}, "spectral_flux": {"dmean": 0.0433422252536, "dmean2": 0.0677920430899, "dvar": 0.00212203152478, "dvar2": 0.0046932590194, "max": 0.431669563055, "mean": 0.105656981468, "median": 0.0932708084583, "min": 1.02448147188e-10, "var": 0.00479547306895}, "spectral_kurtosis": {"dmean": 3.19170665741, "dmean2": 5.0806646347, "dvar": 64.1425094604, "dvar2": 145.009674072, "max": 351.257415771, "mean": 6.15526390076, "median": 3.61123299599, "min": -1.57546043396, "var": 106.639633179}, "spectral_rms": {"dmean": 0.00139853544533, "dmean2": 0.00202079117298, "dvar": 2.1784155706e-06, "dvar2": 4.15316753788e-06, "max": 0.0145730171353, "mean": 0.00588468974456, "median": 0.00603053392842, "min": 3.19994248113e-12, "var": 1.05232720671e-05}, "spectral_rolloff": {"dmean": 1592.46582031, "dmean2": 2755.97363281, "dvar": 8003715.5, "dvar2": 19483398, "max": 19186.0839844, "mean": 2369.9296875, "median": 732.12890625, "min": 43.06640625, "var": 12343416}, "spectral_skewness": {"dmean": 0.348497986794, "dmean2": 0.536583960056, "dvar": 0.2852832973, "dvar2": 0.649903893471, "max": 17.5848026276, "mean": 1.66663122177, "median": 1.48469781876, "min": -1.37894904613, "var": 0.666715085506}, "spectral_spread": {"dmean": 1220212.125, "dmean2": 1695048.625, "dvar": 3929524666370.0, "dvar2": 8611381116930.0, "max": 40092740, "mean": 5626920, "median": 5024597.5, "min": 264928.59375, "var": 9677681197060.0}, "spectral_strongpeak": {"dmean": 0.467184901237, "dmean2": 0.753158092499, "dvar": 1.92337429523, "dvar2": 4.49788570404, "max": 36.4820785522, "mean": 0.810134708881, "median": 0.355861842632, "min": 0, "var": 4.43648147583}, "zerocrossingrate": {"dmean": 0.0249455049634, "dmean2": 0.0292972140014, "dvar": 0.00103497132659, "dvar2": 0.0014134083176, "max": 0.6640625, "mean": 0.0751595497131, "median": 0.052734375, "min": 0.00146484375, "var": 0.00557122053578}, "barkbands": {"dmean": [0.0015187675599, 0.0145670743659, 0.00353317335248, 0.000801104994025, 0.000880523642991, 0.000403197162086, 0.000370114081306, 0.000431367079727, 0.000667766318657, 0.000442143587861, 0.000410409586038, 0.000399432523409, 0.000972989248112, 0.000533419719432, 0.000399461423513, 0.000380916142603, 0.000270487740636, 0.000236791005591, 0.0002463660785, 0.000207759076147, 0.000290315598249, 0.000383783539291, 0.000293335469905, 0.000457214948256, 0.000626853550784, 0.000753291067667, 0.000257830368355], "dmean2": [0.00186275725719, 0.0217233356088, 0.00560535350814, 0.00135397934355, 0.00146014243364, 0.000636080105323, 0.000602737651207, 0.000710766355041, 0.00107467826456, 0.000741423049476, 0.000641171645839, 0.000646047934424, 0.0014356126776, 0.000858334475197, 0.00067596352892, 0.000630052294582, 0.000435374502558, 0.000376445212169, 0.000408904656069, 0.000336577126291, 0.0004750037333, 0.000616046541836, 0.000469956896268, 0.000774398387875, 0.00101621239446, 0.00128161523025, 0.000434136600234], "dvar": [9.09727077669e-06, 0.000410817941884, 5.56255072297e-05, 1.82202188626e-06, 2.41351767727e-06, 4.25460939368e-07, 5.40786061265e-07, 8.90489218364e-07, 2.498407639e-06, 1.14423119157e-06, 2.15591853703e-06, 3.05442449644e-06, 3.5357370507e-05, 2.02704723051e-05, 2.24252780754e-05, 6.80969196765e-06, 5.89850742472e-07, 4.62112495825e-07, 5.49335254618e-07, 2.72014091252e-07, 4.07613811149e-07, 7.28337568034e-07, 3.97725358425e-07, 1.09634015644e-06, 1.95459756469e-06, 3.43413512383e-06, 6.0406330249e-07], "dvar2": [1.18702655527e-05, 0.000916757679079, 0.000134017594974, 4.93826155434e-06, 6.22231573288e-06, 1.03174033939e-06, 1.30705063839e-06, 1.97346025743e-06, 6.03136459176e-06, 2.99644875668e-06, 3.55966108145e-06, 5.11283542437e-06, 7.20929383533e-05, 4.41556949227e-05, 6.13490701653e-05, 1.02455087472e-05, 1.52803215769e-06, 1.03468448742e-06, 1.43045622281e-06, 7.37328718969e-07, 1.03844456589e-06, 1.74878414327e-06, 9.61706859925e-07, 2.89986564894e-06, 5.06540345668e-06, 9.56602070801e-06, 1.78368827619e-06], "max": [0.0600845068693, 0.199715688825, 0.0842134058475, 0.0155123034492, 0.0141653120518, 0.0110940635204, 0.0144616318867, 0.0256799124181, 0.0283576659858, 0.0235032122582, 0.0938434228301, 0.119869269431, 0.164850562811, 0.144094586372, 0.190503716469, 0.204548582435, 0.00990816950798, 0.0259766764939, 0.0103890867904, 0.00705990940332, 0.00551602477208, 0.00783315766603, 0.00838251598179, 0.0104086408392, 0.0147488415241, 0.0234420280904, 0.0215750467032], "mean": [0.00247725751251, 0.0256339516491, 0.00451233610511, 0.0010402376065, 0.00113264180254, 0.000684033089783, 0.000506156473421, 0.000585096946452, 0.000836153049022, 0.000515908468515, 0.000515773543157, 0.00053263240261, 0.00140173197724, 0.000588514434639, 0.000405685103033, 0.000463229778688, 0.000327203946654, 0.000335501099471, 0.000299482460832, 0.000284079666017, 0.0003598073381, 0.000443038938101, 0.000356655509677, 0.00045787851559, 0.000629770103842, 0.000668178661726, 0.000288606388494], "median": [0.000374148483388, 0.0118391523138, 0.000912159972358, 0.000310124712996, 0.000426317332312, 0.000320112274494, 0.000191365805222, 0.000207410543226, 0.000245031726081, 0.000148035731399, 0.000137524708407, 0.000148049497511, 0.000109959175461, 0.000127745501231, 9.82588680927e-05, 8.00766938482e-05, 9.99303010758e-05, 7.5975942309e-05, 7.20703683328e-05, 6.49003923172e-05, 4.31090993516e-05, 3.58074139513e-05, 1.8425826056e-05, 1.63060321938e-05, 1.44096493386e-05, 1.37442420964e-05, 1.13987271106e-05], "min": [2.21221683601e-24, 1.87494992672e-23, 5.50885740814e-23, 5.82001420476e-24, 3.05558014117e-23, 6.35947034502e-23, 8.91347757652e-23, 4.10913575007e-23, 1.11434567202e-22, 3.94504731753e-23, 1.42594774907e-22, 1.18791850036e-22, 9.05356791369e-23, 1.31827341043e-22, 1.4049833603e-22, 1.27869026347e-22, 1.03866399761e-22, 1.46544431065e-22, 2.22239131153e-22, 3.2746620869e-22, 5.77407105608e-22, 4.29548268192e-22, 5.749594911e-22, 7.04737182185e-22, 1.20989644286e-21, 1.7124316871e-21, 2.19705168561e-21], "var": [2.5011404432e-05, 0.00107141013723, 6.18774138275e-05, 2.57374676949e-06, 3.18526531373e-06, 8.07212245491e-07, 9.20774652968e-07, 1.74347530901e-06, 3.45240050592e-06, 1.05489482394e-06, 4.1611888264e-06, 6.4032174123e-06, 8.41692235554e-05, 2.46778508881e-05, 1.50437526827e-05, 1.84614054888e-05, 5.56460861389e-07, 9.37928689382e-07, 4.90763000016e-07, 2.91389085305e-07, 4.96122879667e-07, 8.7732252041e-07, 5.34102014171e-07, 1.02488627363e-06, 1.97288045456e-06, 2.85782766696e-06, 1.33493301746e-06]}, "erbbands": {"dmean": [0.642623841763, 2.74262404442, 4.10054159164, 3.24121975899, 2.89849662781, 2.95219779015, 3.34819555283, 3.03875136375, 4.59701919556, 7.84436130524, 10.2968053818, 14.7743625641, 16.6913890839, 12.2247209549, 16.2849903107, 17.8559551239, 32.5943984985, 37.0717048645, 14.1417293549, 26.5356960297, 18.7074317932, 14.70033741, 13.3086099625, 12.76704216, 11.5727338791, 9.42828178406, 12.4892463684, 11.96089077, 14.6082706451, 8.0808506012, 8.62922286987, 8.54565429688, 8.47445583344, 5.6160607338, 5.37539815903, 3.23205757141, 1.34330022335, 0.305734634399, 0.0430555678904, 0.00292110652663], "dmean2": [0.951480686665, 4.07477521896, 6.30884742737, 5.19280815125, 4.70676517487, 5.00550556183, 5.40542411804, 4.85314893723, 7.54187440872, 12.5353622437, 16.5886592865, 24.0174694061, 28.123714447, 19.3413829803, 25.8663139343, 27.5268135071, 48.4184494019, 56.2339172363, 23.7238903046, 43.9031829834, 31.1005496979, 23.5468158722, 20.8866024017, 20.7496337891, 19.2940311432, 15.3806381226, 19.9657249451, 19.1147079468, 23.5022659302, 13.2171049118, 13.7271823883, 14.3910799026, 14.234249115, 8.89704608917, 8.99013900757, 5.42357492447, 2.2932446003, 0.526109695435, 0.072616353631, 0.00494590494782], "dvar": [0.820901036263, 17.8607540131, 76.7945251465, 30.4991588593, 39.6321487427, 33.9945831299, 38.393283844, 26.6573600769, 68.2044067383, 405.451202393, 363.396240234, 1343.55065918, 1741.77270508, 1438.83032227, 2678.60205078, 7951.41699219, 29981.0976562, 60283.7421875, 6299.73486328, 94526.3671875, 10213.1328125, 1644.13671875, 1508.57495117, 1187.56433105, 1361.45153809, 584.821533203, 808.929992676, 609.329406738, 1054.45361328, 308.362030029, 345.114807129, 395.9425354, 388.134796143, 153.159210205, 160.136917114, 69.4319992065, 11.8694295883, 0.664202988148, 0.0162093322724, 0.000109221342427], "dvar2": [1.99786317348, 35.4550094604, 181.003097534, 76.3013381958, 98.5819625854, 90.2565994263, 100.397926331, 61.6775779724, 179.302764893, 857.744384766, 866.901489258, 3343.35693359, 4651.6484375, 2520.25244141, 5434.07177734, 13350.4033203, 55232.0273438, 123985.578125, 15609.2539062, 245647.671875, 18722.9863281, 4170.94824219, 3320.61694336, 2861.88623047, 3685.63671875, 1573.5, 2028.75244141, 1507.45776367, 2572.03198242, 730.352905273, 847.45123291, 1024.72143555, 1034.7890625, 401.066894531, 426.875488281, 192.741195679, 33.9558830261, 1.93407797813, 0.0471616797149, 0.000324952910887], "max": [8.41103553772, 44.5174674988, 110.280845642, 57.2344017029, 63.9270706177, 81.9802322388, 64.7485122681, 122.186775208, 111.647079468, 546.705688477, 371.937225342, 611.954528809, 819.164367676, 2184.35668945, 2079.88500977, 5461.59765625, 6909.90966797, 8451.27636719, 3711.85620117, 13831.9199219, 6687.24902344, 557.372619629, 1830.86853027, 884.053222656, 492.342376709, 327.998138428, 278.551574707, 232.851608276, 317.927215576, 325.832397461, 207.489852905, 272.709228516, 269.180389404, 208.14453125, 180.230621338, 193.055419922, 45.4921226501, 16.287311554, 3.19117641449, 0.358566433191], "mean": [1.002191782, 4.66280889511, 5.76696681976, 4.67857217789, 3.64613604546, 3.58165407181, 4.8826007843, 5.11058568954, 6.75263404846, 10.7279920578, 14.5860233307, 18.2122097015, 19.2279491425, 14.7713413239, 21.6124229431, 24.5556869507, 47.7481575012, 49.8821640015, 17.223279953, 28.3305397034, 22.6488990784, 18.2441959381, 19.446346283, 16.6902580261, 14.0715360641, 12.5062456131, 15.4428367615, 14.8300056458, 16.7896022797, 10.533996582, 10.1634178162, 9.05199050903, 8.29131221771, 6.1909160614, 5.00853538513, 2.88273763657, 1.2095386982, 0.291103184223, 0.047350384295, 0.00332039524801], "median": [0.419226408005, 2.02347588539, 2.07894778252, 1.53979158401, 1.28430092335, 1.34159755707, 1.93055641651, 2.64126682281, 2.76857662201, 3.43752908707, 5.41995763779, 5.7329044342, 5.45236301422, 4.54821252823, 5.83740854263, 6.88823604584, 5.86135005951, 7.38447284698, 5.32370567322, 5.63894414902, 5.04712915421, 5.85910320282, 4.76888275146, 4.07111644745, 3.38478946686, 2.84624838829, 2.47015404701, 1.49071407318, 1.37554752827, 0.752662241459, 0.514124751091, 0.381754696369, 0.245716273785, 0.162482112646, 0.106629535556, 0.0564153566957, 0.0245178937912, 0.0146136526018, 0.00206446601078, 0.000129276770167], "min": [8.15322505913e-22, 4.05768925844e-21, 4.42118537757e-20, 5.00655330898e-20, 2.63310976021e-20, 9.70554471034e-20, 3.16640059745e-19, 6.41278852616e-19, 1.22291922384e-18, 9.59994799656e-19, 1.03189106375e-18, 2.07237901561e-18, 2.48205034694e-18, 3.49014507883e-18, 5.41082578755e-18, 4.12901430262e-18, 4.73347901679e-18, 3.68443656983e-18, 7.77548204157e-18, 9.93260529734e-18, 6.15994743364e-18, 6.13374441979e-18, 8.22675538783e-18, 6.66333688081e-18, 1.71604821929e-17, 1.44834014759e-17, 2.49536783073e-17, 1.7324158075e-17, 1.51938123101e-17, 1.58921711227e-17, 1.76080712767e-17, 1.52839584532e-17, 1.11326491515e-17, 1.1961642944e-17, 9.43254814728e-18, 5.16062805408e-18, 3.05720308892e-18, 1.46029048793e-18, 3.01283477522e-19, 3.37879111044e-20], "var": [1.78575432301, 44.1953468323, 95.1460342407, 45.3004798889, 52.5446891785, 35.977104187, 52.1263465881, 50.2488327026, 102.52016449, 877.499389648, 657.20715332, 1653.94873047, 1538.35009766, 2538.77685547, 5622.51464844, 15530.0234375, 74799.234375, 107267.101562, 6882.05566406, 75802.6875, 22921.9296875, 1640.30456543, 3593.63574219, 1343.98583984, 1118.09729004, 603.730407715, 967.281616211, 804.568908691, 1270.70275879, 442.251556396, 432.26675415, 398.98236084, 349.700256348, 175.747436523, 140.767974854, 55.1167144775, 10.0636014938, 0.661113381386, 0.0311967357993, 0.000281959859421]}, "gfcc": {"mean": [-23.2112216949, 70.7803115845, -98.3659286499, 23.0888500214, -36.5450515747, 15.1317739487, -17.6009597778, 11.4905958176, -12.7072753906, 6.47866106033, -9.94588279724, 2.73382806778, -8.97791290283], "cov": [[17065.3574219, -5085.56152344, 2931.38842773, 1091.37475586, -66.6763534546, 1155.37878418, -564.891662598, 642.244750977, -595.70880127, 360.187744141, -836.14263916, 122.13419342, -521.435913086], [-5085.56152344, 5173.76611328, -487.740722656, 122.641189575, 561.628662109, -551.779968262, 685.09588623, -109.804000854, 619.586425781, -234.734558105, 550.6328125, -149.826477051, 382.262023926], [2931.38842773, -487.740722656, 2210.26147461, 536.658935547, 350.38269043, 412.580047607, 132.152633667, 386.515808105, 41.0956001282, 185.82850647, -161.361236572, 70.2082901001, -59.1415061951], [1091.37475586, 122.641189575, 536.658935547, 561.861755371, 179.353729248, 165.838150024, 100.079879761, 97.5882110596, 78.7145004272, 43.636844635, 7.411257267, -2.28108549118, 31.3220157623], [-66.6763534546, 561.628662109, 350.38269043, 179.353729248, 498.565429688, 92.1835098267, 210.227035522, 60.5531311035, 109.492599487, 27.3646697998, 71.490486145, 14.6350193024, 31.9788646698], [1155.37878418, -551.779968262, 412.580047607, 165.838150024, 92.1835098267, 305.264648438, 30.250421524, 118.957687378, -47.6068000793, 74.9493942261, -71.9492111206, 42.8686027527, -38.4626998901], [-564.891662598, 685.09588623, 132.152633667, 100.079879761, 210.227035522, 30.250421524, 277.171020508, 59.0016059875, 151.580032349, -3.96544528008, 103.879180908, -2.86502933502, 68.9613876343], [642.244750977, -109.804000854, 386.515808105, 97.5882110596, 60.5531311035, 118.957687378, 59.0016059875, 174.708297729, 44.6166114807, 75.7050018311, -25.8330841064, 37.0063362122, 11.9281997681], [-595.70880127, 619.586425781, 41.0956001282, 78.7145004272, 109.492599487, -47.6068000793, 151.580032349, 44.6166114807, 193.271484375, 24.2989501953, 111.150001526, -10.5047578812, 80.5250015259], [360.187744141, -234.734558105, 185.82850647, 43.636844635, 27.3646697998, 74.9493942261, -3.96544528008, 75.7050018311, 24.2989501953, 134.255828857, 14.680680275, 51.9653892517, -0.53426104784], [-836.14263916, 550.6328125, -161.361236572, 7.411257267, 71.490486145, -71.9492111206, 103.879180908, -25.8330841064, 111.150001526, 14.680680275, 171.212554932, 16.7511024475, 73.5818710327], [122.13419342, -149.826477051, 70.2082901001, -2.28108549118, 14.6350193024, 42.8686027527, -2.86502933502, 37.0063362122, -10.5047578812, 51.9653892517, 16.7511024475, 88.8463745117, 25.2540016174], [-521.435913086, 382.262023926, -59.1415061951, 31.3220157623, 31.9788646698, -38.4626998901, 68.9613876343, 11.9281997681, 80.5250015259, -0.53426104784, 73.5818710327, 25.2540016174, 122.900695801]], "icov": [[0.000132339249831, 7.21240139683e-05, -5.65088885196e-05, -0.000206589291338, -1.54520930664e-05, -5.25947434653e-05, 0.000145167738083, -0.000264748581685, 8.16627725726e-05, 7.09211017238e-05, 8.53525853017e-05, 2.12148479477e-05, 0.000185751428944], [7.21240139683e-05, 0.000670380599331, -6.16056422587e-05, -0.000170773360878, -0.000372569396859, 0.000824168440886, -0.000530866964255, -0.000341309350915, -0.000340236729244, 0.000804551003966, -0.000767006946262, 0.000647967041004, -0.000526859657839], [-5.65088885196e-05, -6.16056422587e-05, 0.00107350444887, -0.000520997040439, -0.000408406252973, 2.91459782602e-05, -0.000133834211738, -0.00143370463047, 3.23528765875e-05, -0.000378328986699, 0.000845898583066, -0.000308361748466, 0.000464933196781], [-0.000206589291338, -0.000170773360878, -0.000520997040439, 0.00328247784637, -0.000263228372205, -0.00169103685766, 0.000468872225611, 0.00109938508831, -0.0013109985739, 0.000147502680193, -0.000513486331329, 0.00114228832535, -0.00133081630338], [-1.54520930664e-05, -0.000372569396859, -0.000408406252973, -0.000263228372205, 0.00368811329827, -0.000978886266239, -0.0020026944112, 0.00139706477057, -0.000166038575117, -0.000582935579587, 6.86309576849e-05, -0.00103853526525, 0.000964524748269], [-5.25947434653e-05, 0.000824168440886, 2.91459782602e-05, -0.00169103685766, -0.000978886266239, 0.00892448425293, -0.00358249526471, -0.00303040351719, 0.00394473783672, -0.00178034091368, 0.000650409900118, -0.000239501532633, 7.78730973252e-05], [0.000145167738083, -0.000530866964255, -0.000133834211738, 0.000468872225611, -0.0020026944112, -0.00358249526471, 0.0114092389122, -0.00241489312612, -0.00529677607119, 0.00418370869011, -0.00281407637522, -0.000240547407884, 0.000538503983989], [-0.000264748581685, -0.000341309350915, -0.00143370463047, 0.00109938508831, 0.00139706477057, -0.00303040351719, -0.00241489312612, 0.0162886120379, -0.00519900629297, -0.00452700024471, 0.00527030508965, -0.00316142197698, -0.0016885882942], [8.16627725726e-05, -0.000340236729244, 3.23528765875e-05, -0.0013109985739, -0.000166038575117, 0.00394473783672, -0.00529677607119, -0.00519900629297, 0.0194577630609, -0.00561723858118, -0.00510376878083, 0.00725772790611, -0.00470004230738], [7.09211017238e-05, 0.000804551003966, -0.000378328986699, 0.000147502680193, -0.000582935579587, -0.00178034091368, 0.00418370869011, -0.00452700024471, -0.00561723858118, 0.0167879182845, -0.00490762433037, -0.00592253869399, 0.00317380856723], [8.53525853017e-05, -0.000767006946262, 0.000845898583066, -0.000513486331329, 6.86309576849e-05, 0.000650409900118, -0.00281407637522, 0.00527030508965, -0.00510376878083, -0.00490762433037, 0.0170957483351, -0.00529420515522, -0.00128595298156], [2.12148479477e-05, 0.000647967041004, -0.000308361748466, 0.00114228832535, -0.00103853526525, -0.000239501532633, -0.000240547407884, -0.00316142197698, 0.00725772790611, -0.00592253869399, -0.00529420515522, 0.0217260047793, -0.00780347641557], [0.000185751428944, -0.000526859657839, 0.000464933196781, -0.00133081630338, 0.000964524748269, 7.78730973252e-05, 0.000538503983989, -0.0016885882942, -0.00470004230738, 0.00317380856723, -0.00128595298156, -0.00780347641557, 0.0162281561643]]}, "melbands": {"dmean": [0.00472332118079, 0.00240121269599, 0.000539046362974, 0.000197215238586, 0.00011796894978, 7.19031595509e-05, 7.06880528014e-05, 8.69689101819e-05, 9.25849017221e-05, 9.49723398662e-05, 8.23993977974e-05, 4.81118077005e-05, 5.43224668945e-05, 3.94833223254e-05, 7.32942207833e-05, 8.43451707624e-05, 6.84218539391e-05, 2.17143151531e-05, 3.21524348692e-05, 3.4642049286e-05, 2.08566470974e-05, 1.62767137226e-05, 1.38758596222e-05, 1.02792819234e-05, 1.08252725113e-05, 9.27775909076e-06, 8.01730493549e-06, 5.85973157285e-06, 7.35140247343e-06, 7.98063229013e-06, 7.26990629119e-06, 9.05718843569e-06, 6.23996902505e-06, 4.20183914684e-06, 5.0660787565e-06, 4.96872507938e-06, 5.28499776919e-06, 6.24328231424e-06, 5.20049616171e-06, 4.60810406366e-06], "dmean2": [0.0069297910668, 0.00352235673927, 0.000870003423188, 0.000330016599037, 0.000191614642972, 0.000114125992695, 0.000115365292004, 0.000139343348565, 0.000147787941387, 0.00015482865274, 0.000139114214107, 7.62713025324e-05, 8.59977590153e-05, 6.37343982817e-05, 0.000106935949589, 0.000125207254314, 0.000105297694972, 3.67136235582e-05, 5.44024042028e-05, 5.55263650313e-05, 3.52274473698e-05, 2.68223575404e-05, 2.2060057745e-05, 1.60192412295e-05, 1.77478323167e-05, 1.55803245434e-05, 1.34907559186e-05, 9.56289659371e-06, 1.1734439795e-05, 1.29103309519e-05, 1.16580686154e-05, 1.4407532035e-05, 1.03640140878e-05, 6.89217267791e-06, 8.18694024929e-06, 8.07582637208e-06, 9.08796391741e-06, 1.0672112694e-05, 8.46937473398e-06, 7.35079265723e-06], "dvar": [4.17308074248e-05, 1.72681156982e-05, 7.55580572331e-07, 1.2922969006e-07, 4.63239615556e-08, 1.36152840113e-08, 1.67020459685e-08, 5.07093922408e-08, 3.1104999465e-08, 6.09861672274e-08, 4.25675814597e-08, 2.09690718123e-08, 3.13513126571e-08, 2.03743724114e-08, 2.36667048625e-07, 2.67072010729e-07, 2.33847060827e-07, 2.80351866166e-08, 1.52318534674e-07, 1.01525465368e-07, 8.27873058995e-09, 2.31677543816e-09, 1.08396436271e-09, 1.16652287829e-09, 8.88054629833e-10, 8.22862999961e-10, 6.9795663693e-10, 1.93475693799e-10, 2.7016638926e-10, 3.42192163494e-10, 2.26196519848e-10, 4.11107398124e-10, 1.73793646141e-10, 8.89727180819e-11, 1.21740145742e-10, 1.43889927751e-10, 1.54264337415e-10, 2.1754829882e-10, 1.64324984175e-10, 1.08559397582e-10], "dvar2": [9.77327654255e-05, 3.65059568139e-05, 1.87957289199e-06, 3.34762688681e-07, 1.17729321403e-07, 3.18547961342e-08, 4.22840216174e-08, 1.05029542397e-07, 6.944215869e-08, 1.52329903358e-07, 1.13435312699e-07, 3.74325317409e-08, 5.75133434211e-08, 3.56959262149e-08, 3.93915087216e-07, 5.51459265807e-07, 4.90861054914e-07, 6.64762325187e-08, 4.19176188871e-07, 2.0095357911e-07, 1.84408719406e-08, 6.17216722176e-09, 2.50960652259e-09, 2.48611509157e-09, 2.13887751954e-09, 2.20607065948e-09, 1.95959493077e-09, 5.04724761985e-10, 6.77344846878e-10, 8.81074047054e-10, 5.62217661315e-10, 9.97167126648e-10, 4.20978973903e-10, 2.15746184806e-10, 3.01950353609e-10, 3.75040720701e-10, 4.03774041979e-10, 5.79265913014e-10, 4.51068765672e-10, 2.89795215602e-10], "max": [0.0619691312313, 0.0504219979048, 0.00870544929057, 0.00372294569388, 0.00226307474077, 0.00255236634985, 0.00234326743521, 0.00654723681509, 0.00429509812966, 0.00467898743227, 0.00419428991154, 0.00813552550972, 0.00961978640407, 0.00917323492467, 0.019765753299, 0.0166812743992, 0.0169438365847, 0.00965250656009, 0.0187242403626, 0.0187328997999, 0.00533883832395, 0.000617152196355, 0.000802160066087, 0.00148843752686, 0.000738591013942, 0.000343708408764, 0.000337552482961, 0.00032030112925, 0.000165755074704, 0.000167602061993, 0.000147118713357, 0.000198549430934, 0.000115413764433, 0.00017192181258, 9.70667897491e-05, 0.000320172519423, 0.000111796085548, 0.000150684441905, 0.000291912525427, 0.000126131955767], "mean": [0.00803388562053, 0.00415177457035, 0.000805867661256, 0.000246292212978, 0.000171045452589, 0.00012300441449, 0.000103019512608, 0.000117715157103, 0.000129753141664, 0.000114153059258, 9.39470919548e-05, 5.65985828871e-05, 6.87521896907e-05, 5.27995289303e-05, 9.46949294303e-05, 0.00013155171473, 8.66139453137e-05, 2.53990638157e-05, 3.26437293552e-05, 4.14033129346e-05, 2.29220095207e-05, 1.91282269952e-05, 1.74199340108e-05, 1.61375883181e-05, 1.33267176352e-05, 1.0821712749e-05, 9.35454772844e-06, 7.97602024249e-06, 9.3837015811e-06, 9.20967522688e-06, 8.67235212354e-06, 1.01876439658e-05, 7.19651870895e-06, 5.48688467461e-06, 5.82771963309e-06, 5.69946450923e-06, 5.33822458237e-06, 5.87980957789e-06, 5.37526238986e-06, 5.16251975569e-06], "median": [0.00361518748105, 0.00198690360412, 0.000313615659252, 9.23383195186e-05, 7.25284480723e-05, 6.19153724983e-05, 4.25828984589e-05, 3.58186443918e-05, 4.48953614978e-05, 3.43297251675e-05, 2.58263680735e-05, 1.59377741511e-05, 1.78427253559e-05, 1.74455963133e-05, 1.6145495465e-05, 9.46559521253e-06, 1.34791725941e-05, 6.817484973e-06, 7.769855074e-06, 6.62099091642e-06, 5.10831159772e-06, 5.785893336e-06, 4.89272497362e-06, 3.50207687916e-06, 2.93364155368e-06, 2.46103445534e-06, 1.98853012989e-06, 1.7597965325e-06, 1.62015589922e-06, 9.92669015432e-07, 7.1072861374e-07, 8.10283040664e-07, 5.15572594395e-07, 3.61829194162e-07, 2.98335805837e-07, 2.46558556682e-07, 2.16518031948e-07, 1.67631867498e-07, 1.44558072179e-07, 1.25999548573e-07], "min": [6.01631474684e-24, 1.75970728811e-23, 8.60082817618e-24, 3.30152133344e-24, 9.98881552829e-24, 1.4003226123e-23, 1.93498918358e-23, 1.02771907319e-23, 7.8250158192e-24, 1.53573626648e-23, 1.15961401331e-23, 1.25976124629e-23, 2.01790240902e-23, 1.38633169083e-23, 8.30919576586e-24, 9.93109852015e-24, 5.93152561017e-24, 1.37016761534e-23, 1.15594273354e-23, 1.16567096622e-23, 6.50938594477e-24, 5.18663502294e-24, 9.76649085937e-24, 5.63815612813e-24, 4.79162436314e-24, 8.83134358788e-24, 1.79532846006e-23, 6.87506636169e-24, 1.23960111699e-23, 1.46828613473e-23, 1.00825890018e-23, 7.23490763019e-24, 9.59664989533e-24, 9.04895796834e-24, 1.0912635546e-23, 8.71532739227e-24, 9.60144143647e-24, 7.93537272667e-24, 6.3770892378e-24, 1.20981562248e-23], "var": [0.000103604972537, 3.49009533238e-05, 1.18760181067e-06, 1.6838590966e-07, 6.19749229713e-08, 2.6582052115e-08, 2.68925521851e-08, 1.1231978192e-07, 6.29399110608e-08, 7.25888327224e-08, 3.77473199364e-08, 3.60647405273e-08, 6.15475244103e-08, 4.8974818867e-08, 4.39149687281e-07, 8.04141222943e-07, 3.5908630025e-07, 3.42913502038e-08, 1.00860447105e-07, 1.82101175028e-07, 1.32032083044e-08, 2.03486671957e-09, 1.52017620714e-09, 2.80243206419e-09, 9.71851932263e-10, 6.89634849227e-10, 5.22044518725e-10, 2.27962732025e-10, 3.50209833355e-10, 3.54342249986e-10, 2.92621565867e-10, 4.86920392895e-10, 2.16405546261e-10, 1.268939398e-10, 1.45107217908e-10, 1.55500889942e-10, 1.4576527485e-10, 1.88777757315e-10, 1.48938097966e-10, 1.26668453504e-10]}, "mfcc": {"mean": [-674.891052246, 112.841697693, 2.84982895851, 20.6139144897, 7.60710000992, 10.9855251312, 8.56696224213, 9.44493484497, 7.41519594193, 6.23101043701, 6.58226394653, 6.08795881271, 2.44065880775], "cov": [[13383.7822266, -3266.70947266, 1237.4152832, 398.285247803, 381.991210938, 385.424499512, 105.799163818, 95.9374847412, 213.821105957, 8.24251461029, -45.2673072815, -134.764129639, -225.654693604], [-3266.70947266, 3426.7265625, -181.338928223, 436.217468262, 87.3422851562, -89.3000488281, 87.4553527832, 151.712966919, 86.0954666138, 168.53187561, 87.6515884399, 98.0149230957, 155.080490112], [1237.4152832, -181.338928223, 1311.25231934, 293.802825928, 318.899841309, 146.573242188, 173.793502808, 142.719482422, 237.760665894, 117.146194458, 96.8778076172, 38.2713890076, 29.6521186829], [398.285247803, 436.217468262, 293.802825928, 453.094573975, 202.185272217, 121.397529602, 90.1433792114, 90.9835586548, 105.895248413, 101.845909119, 55.5174674988, 38.7637672424, 39.8576278687], [381.991210938, 87.3422851562, 318.899841309, 202.185272217, 298.096069336, 138.042053223, 120.798210144, 76.2732086182, 96.0735931396, 55.6932106018, 52.6169052124, 25.426530838, 30.4332065582], [385.424499512, -89.3000488281, 146.573242188, 121.397529602, 138.042053223, 195.138809204, 116.518730164, 76.4108200073, 63.7130508423, 35.6067657471, 34.0768814087, 28.2349433899, 25.2891540527], [105.799163818, 87.4553527832, 173.793502808, 90.1433792114, 120.798210144, 116.518730164, 165.314865112, 95.8283462524, 78.9606552124, 35.1905822754, 40.4835700989, 40.0542907715, 37.0587997437], [95.9374847412, 151.712966919, 142.719482422, 90.9835586548, 76.2732086182, 76.4108200073, 95.8283462524, 128.275222778, 82.2967147827, 44.3982849121, 23.5738983154, 29.498090744, 32.7486877441], [213.821105957, 86.0954666138, 237.760665894, 105.895248413, 96.0735931396, 63.7130508423, 78.9606552124, 82.2967147827, 153.426513672, 71.5798034668, 35.1541900635, 21.6137104034, 37.7984008789], [8.24251461029, 168.53187561, 117.146194458, 101.845909119, 55.6932106018, 35.6067657471, 35.1905822754, 44.3982849121, 71.5798034668, 112.297576904, 43.4593429565, 24.8335418701, 25.656003952], [-45.2673072815, 87.6515884399, 96.8778076172, 55.5174674988, 52.6169052124, 34.0768814087, 40.4835700989, 23.5738983154, 35.1541900635, 43.4593429565, 106.39604187, 52.6851158142, 16.1909294128], [-134.764129639, 98.0149230957, 38.2713890076, 38.7637672424, 25.426530838, 28.2349433899, 40.0542907715, 29.498090744, 21.6137104034, 24.8335418701, 52.6851158142, 85.7116165161, 43.2083511353], [-225.654693604, 155.080490112, 29.6521186829, 39.8576278687, 30.4332065582, 25.2891540527, 37.0587997437, 32.7486877441, 37.7984008789, 25.656003952, 16.1909294128, 43.2083511353, 94.1666107178]], "icov": [[0.000124001089716, 0.000133429843117, -4.16399452661e-05, -0.000203564573894, -1.2087959476e-05, -3.43368046742e-05, 6.1568847741e-05, -0.000113160342153, -7.42363044992e-05, 2.84053348878e-05, 6.29805290373e-05, 5.32294070581e-05, 0.000191738494323], [0.000133429843117, 0.000615428143647, 0.00018047222693, -0.000768739497289, -0.00010070829012, 0.000933247793, -0.000323912507156, -0.00065623462433, 0.000147506638314, -0.000309833034407, -0.00015846847964, 0.000183824144187, -0.000319519196637], [-4.16399452661e-05, 0.00018047222693, 0.0013870758703, -0.000387517182389, -0.000882785418071, 0.000808073498774, -0.000430986227002, -0.000221725684241, -0.00132613733876, -3.5677672372e-07, -0.00046311004553, 6.10558563494e-05, 0.000229279190535], [-0.000203564573894, -0.000768739497289, -0.000387517182389, 0.00478177238256, -0.00170664000325, -0.00187256094068, 0.0014164756285, -0.000180018774699, 6.84279757479e-06, -0.00172931270208, 0.000391495006625, -0.000737018708605, 0.000175153458258], [-1.2087959476e-05, -0.00010070829012, -0.000882785418071, -0.00170664000325, 0.00753658637404, -0.00262365187518, -0.00227167643607, 0.00130620889831, -0.000596812809817, 0.000561535765883, -0.00124972779304, 0.00154091150034, -0.000559736508876], [-3.43368046742e-05, 0.000933247793, 0.000808073498774, -0.00187256094068, -0.00262365187518, 0.0123986089602, -0.00591197889298, -0.00212109764107, 0.000805480347481, -0.000712452805601, -0.000446914957138, 0.000139673080412, -0.000615063821897], [6.1568847741e-05, -0.000323912507156, -0.000430986227002, 0.0014164756285, -0.00227167643607, -0.00591197889298, 0.0168588422239, -0.00671266019344, -0.00173870613798, 0.00214417558163, -0.00110487919301, -0.00220719003119, -0.000444730685558], [-0.000113160342153, -0.00065623462433, -0.000221725684241, -0.000180018774699, 0.00130620889831, -0.00212109764107, -0.00671266019344, 0.0180801749229, -0.00508574442938, -0.000934102979954, 0.00243453495204, -0.00211928295903, 0.000306745932903], [-7.42363044992e-05, 0.000147506638314, -0.00132613733876, 6.84279757479e-06, -0.000596812809817, 0.000805480347481, -0.00173870613798, -0.00508574442938, 0.0155160455033, -0.00566804362461, -0.000737235706765, 0.00264935335144, -0.00334936450236], [2.84053348878e-05, -0.000309833034407, -3.5677672372e-07, -0.00172931270208, 0.000561535765883, -0.000712452805601, 0.00214417558163, -0.000934102979954, -0.00566804362461, 0.0158879812807, -0.0041406438686, 0.000276310107438, -0.000667151005473], [6.29805290373e-05, -0.00015846847964, -0.00046311004553, 0.000391495006625, -0.00124972779304, -0.000446914957138, -0.00110487919301, 0.00243453495204, -0.000737235706765, -0.0041406438686, 0.0169411338866, -0.0104398354888, 0.0038056212943], [5.32294070581e-05, 0.000183824144187, 6.10558563494e-05, -0.000737018708605, 0.00154091150034, 0.000139673080412, -0.00220719003119, -0.00211928295903, 0.00264935335144, 0.000276310107438, -0.0104398354888, 0.0232131872326, -0.00880738347769], [0.000191738494323, -0.000319519196637, 0.000229279190535, 0.000175153458258, -0.000559736508876, -0.000615063821897, -0.000444730685558, 0.000306745932903, -0.00334936450236, -0.000667151005473, 0.0038056212943, -0.00880738347769, 0.0167863722891]]}, "spectral_contrast_coeffs": {"dmean": [0.0539422444999, 0.0445827618241, 0.0378419905901, 0.0320113971829, 0.0243529900908, 0.0227505639195], "dmean2": [0.0853571146727, 0.0717574283481, 0.0596489124, 0.0499396920204, 0.0380134880543, 0.0359468087554], "dvar": [0.00193004251923, 0.00137458066456, 0.00102548918221, 0.000877172802575, 0.000532348523848, 0.000483274081489], "dvar2": [0.00480631319806, 0.00333147728816, 0.00236575980671, 0.00186173222028, 0.00120743107982, 0.0011458642548], "max": [-0.371133893728, -0.401712864637, -0.435632169247, -0.37265458703, -0.587315440178, -0.512523710728], "mean": [-0.692612290382, -0.776514589787, -0.790973067284, -0.794268786907, -0.806892752647, -0.770258903503], "median": [-0.694130539894, -0.782925248146, -0.802039027214, -0.81244635582, -0.814851522446, -0.772046864033], "min": [-0.973511755466, -0.973511874676, -0.95922344923, -0.959666013718, -0.96123957634, -0.962791502476], "var": [0.00579789560288, 0.00433579646051, 0.00401719193906, 0.00490616541356, 0.00187182961963, 0.00138566747773]}, "spectral_contrast_valleys": {"dmean": [0.512547373772, 0.486457437277, 0.49200963974, 0.464767843485, 0.491934537888, 0.732619285583], "dmean2": [0.782384037971, 0.742519080639, 0.735557973385, 0.676786601543, 0.663062095642, 0.878349006176], "dvar": [0.277993708849, 0.27076280117, 0.311883300543, 0.306907564402, 0.406836956739, 0.890003621578], "dvar2": [0.493137657642, 0.499088764191, 0.589087307453, 0.574060320854, 0.738856732845, 1.46268045902], "max": [-5.08584117889, -4.73905467987, -4.87437438965, -5.34519767761, -5.06383752823, -7.08151817322], "mean": [-7.49237728119, -7.08416748047, -7.54109239578, -7.8862953186, -7.83728742599, -10.3967561722], "median": 