{"lowlevel": {"average_loudness": 0.917040944099, "barkbands_crest": {"dmean": 2.45256352425, "dmean2": 3.84062981606, "dvar": 6.4624376297, "dvar2": 14.2211990356, "max": 26.7929058075, "mean": 9.30683231354, "median": 8.12321949005, "min": 2.38668966293, "var": 21.4539413452}, "barkbands_flatness_db": {"dmean": 0.0396731086075, "dmean2": 0.0551572814584, "dvar": 0.00168830377515, "dvar2": 0.00349211832508, "max": 0.725557386875, "mean": 0.199124604464, "median": 0.17012360692, "min": 0.0230139382184, "var": 0.0117894113064}, "barkbands_kurtosis": {"dmean": 6.57697296143, "dmean2": 9.80553340912, "dvar": 10131.1435547, "dvar2": 24536.3828125, "max": 5817.39111328, "mean": 7.62398433685, "median": 0.400682687759, "min": -1.7135078907, "var": 9246.53320312}, "barkbands_skewness": {"dmean": 0.615442216396, "dmean2": 0.912375748158, "dvar": 1.11471843719, "dvar2": 2.23610877991, "max": 43.7378921509, "mean": 0.714888393879, "median": 0.644724965096, "min": -9.89569187164, "var": 4.53556156158}, "barkbands_spread": {"dmean": 4.44322633743, "dmean2": 6.61563634872, "dvar": 29.1907577515, "dvar2": 63.2943725586, "max": 73.320274353, "mean": 14.7419166565, "median": 13.327671051, "min": 0.014092775993, "var": 84.4600753784}, "dissonance": {"dmean": 0.0287277456373, "dmean2": 0.0452207475901, "dvar": 0.00118510448374, "dvar2": 0.00261274119839, "max": 0.500000119209, "mean": 0.44166919589, "median": 0.464913070202, "min": 0.127904579043, "var": 0.00375171750784}, "dynamic_complexity": 3.15159392357, "erbbands_crest": {"dmean": 2.60080838203, "dmean2": 4.16944026947, "dvar": 6.53795051575, "dvar2": 15.7761316299, "max": 29.3049259186, "mean": 9.30326843262, "median": 8.52275276184, "min": 2.70116734505, "var": 15.9749536514}, "erbbands_flatness_db": {"dmean": 0.0331926979125, "dmean2": 0.0458261035383, "dvar": 0.00109972513746, "dvar2": 0.00227436423302, "max": 0.581576704979, "mean": 0.236879736185, "median": 0.212333723903, "min": 0.0490119792521, "var": 0.0101137887686}, "erbbands_kurtosis": {"dmean": 1.24252080917, "dmean2": 1.94844019413, "dvar": 11.2179927826, "dvar2": 22.6917476654, "max": 140.884384155, "mean": 1.01868927479, "median": 0.190114498138, "min": -1.72817122936, "var": 15.9526491165}, "erbbands_skewness": {"dmean": 0.410244047642, "dmean2": 0.629146814346, "dvar": 0.213415578008, "dvar2": 0.460436731577, "max": 10.9560775757, "mean": 0.0476599894464, "median": -0.0479245632887, "min": -2.84779191017, "var": 0.659245193005}, "erbbands_spread": {"dmean": 6.29883384705, "dmean2": 9.94883060455, "dvar": 63.5752105713, "dvar2": 147.55619812, "max": 147.459457397, "mean": 22.3143730164, "median": 19.0047836304, "min": 2.07575082779, "var": 186.055892944}, "hfc": {"dmean": 6.6645116806, "dmean2": 9.58188247681, "dvar": 86.915725708, "dvar2": 189.915908813, "max": 110.19593811, "mean": 19.2787475586, "median": 14.0406293869, "min": 1.15681155726e-16, "var": 321.443634033}, "melbands_crest": {"dmean": 3.07007884979, "dmean2": 4.84389162064, "dvar": 9.87878799438, "dvar2": 22.1512680054, "max": 36.2758674622, "mean": 11.4547052383, "median": 10.2859649658, "min": 1.89467167854, "var": 30.468585968}, "melbands_flatness_db": {"dmean": 0.0444355867803, "dmean2": 0.0619246065617, "dvar": 0.00239330274053, "dvar2": 0.00493525760248, "max": 0.881146788597, "mean": 0.255563557148, "median": 0.225071310997, "min": 0.011320755817, "var": 0.0174025632441}, "melbands_kurtosis": {"dmean": 5.51850318909, "dmean2": 8.421043396, "dvar": 543.729858398, "dvar2": 1145.29174805, "max": 946.198669434, "mean": 6.70608139038, "median": 1.18830299377, "min": -1.67423772812, "var": 813.836181641}, "melbands_skewness": {"dmean": 0.667025506496, "dmean2": 1.00849175453, "dvar": 0.901975989342, "dvar2": 1.83663332462, "max": 22.551525116, "mean": 1.41746211052, "median": 1.0292224884, "min": -2.01726341248, "var": 2.699426651}, "melbands_spread": {"dmean": 6.52924823761, "dmean2": 9.80765914917, "dvar": 66.7243347168, "dvar2": 148.795135498, "max": 187.647567749, "mean": 24.3808937073, "median": 19.8939495087, "min": 0.16832613945, "var": 426.746520996}, "pitch_salience": {"dmean": 0.0713825747371, "dmean2": 0.113400168717, "dvar": 0.00553002720699, "dvar2": 0.0126864397898, "max": 0.872779488564, "mean": 0.615843057632, "median": 0.637304782867, "min": 0.0191970299929, "var": 0.0165074449033}, "silence_rate_20dB": {"dmean": 0, "dmean2": 0, "dvar": 0, "dvar2": 0, "max": 1, "mean": 1, "median": 1, "min": 1, "var": 0}, "silence_rate_30dB": {"dmean": 0, "dmean2": 0, "dvar": 0, "dvar2": 0, "max": 1, "mean": 1, "median": 1, "min": 1, "var": 0}, "silence_rate_60dB": {"dmean": 0.0282574575394, "dmean2": 0.056524772197, "dvar": 0.0274576283991, "dvar2": 0.0582173652947, "max": 1, "mean": 0.101674221456, "median": 0, "min": 0, "var": 0.0913407504559}, "spectral_centroid": {"dmean": 236.669952393, "dmean2": 343.05770874, "dvar": 99718.7421875, "dvar2": 198531.5, "max": 11016.7050781, "mean": 1231.12854004, "median": 1091.5447998, "min": 67.346031189, "var": 562246.75}, "spectral_complexity": {"dmean": 4.71097135544, "dmean2": 6.83879995346, "dvar": 32.9683189392, "dvar2": 62.0265464783, "max": 54, "mean": 19.7476463318, "median": 17, "min": 0, "var": 154.202255249}, "spectral_decrease": {"dmean": 1.74562764244e-09, "dmean2": 2.69242539375e-09, "dvar": 4.86785947038e-18, "dvar2": 1.19025202097e-17, "max": 1.35549716402e-16, "mean": -5.64644819789e-09, "median": -5.31563859596e-09, "min": -2.6868786307e-08, "var": 1.62665663029e-17}, "spectral_energy": {"dmean": 0.00707532744855, "dmean2": 0.0108412206173, "dvar": 7.81931303209e-05, "dvar2": 0.000188919351785, "max": 0.102806456387, "mean": 0.0230595823377, "median": 0.0217105560005, "min": 1.0778208618e-20, "var": 0.000269647396635}, "spectral_energyband_high": {"dmean": 0.000122238037875, "dmean2": 0.000195424407138, "dvar": 6.7932013792e-08, "dvar2": 1.7766861049e-07, "max": 0.00237241061404, "mean": 0.000165120320162, "median": 5.22335321875e-05, "min": 8.01898127936e-21, "var": 7.21559416661e-08}, "spectral_energyband_low": {"dmean": 0.00316618569195, "dmean2": 0.00501781515777, "dvar": 4.50461448054e-05, "dvar2": 0.000113072732347, "max": 0.0950599461794, "mean": 0.00463459081948, "median": 0.000961520592682, "min": 1.09131825422e-22, "var": 7.58440874051e-05}, "spectral_energyband_middle_high": {"dmean": 0.00355942361057, "dmean2": 0.00519769219682, "dvar": 2.69584670605e-05, "dvar2": 6.07118527114e-05, "max": 0.0760128721595, "mean": 0.00891347229481, "median": 0.005420983769, "min": 1.46945485425e-21, "var": 9.6675248642e-05}, "spectral_energyband_middle_low": {"dmean": 0.00349836144596, "dmean2": 0.00514970812947, "dvar": 2.13783587242e-05, "dvar2": 4.98837216583e-05, "max": 0.0703020468354, "mean": 0.0100398510695, "median": 0.00826391018927, "min": 2.4481006986e-22, "var": 6.89750595484e-05}, "spectral_entropy": {"dmean": 0.294222086668, "dmean2": 0.407960683107, "dvar": 0.130474850535, "dvar2": 0.269127577543, "max": 9.80105876923, "mean": 7.13368463516, "median": 7.3104724884, "min": 4.27002096176, "var": 0.651345968246}, "spectral_flux": {"dmean": 0.0243490859866, "dmean2": 0.0368622988462, "dvar": 0.000772600877099, "dvar2": 0.00161430728622, "max": 0.240169152617, "mean": 0.0762233659625, "median": 0.0737806558609, "min": 1.03818148522e-10, "var": 0.00198884611018}, "spectral_kurtosis": {"dmean": 16.1482963562, "dmean2": 24.9736614227, "dvar": 2009.39013672, "dvar2": 4241.38134766, "max": 1018.04876709, "mean": 31.4648475647, "median": 9.21849441528, "min": -1.25766527653, "var": 5686.47119141}, "spectral_rms": {"dmean": 0.000714088557288, "dmean2": 0.00105395540595, "dvar": 6.47314493563e-07, "dvar2": 1.43697388921e-06, "max": 0.0100149381906, "mean": 0.00432956777513, "median": 0.00460228510201, "min": 3.24273420615e-12, "var": 3.75184777113e-06}, "spectral_rolloff": {"dmean": 327.366516113, "dmean2": 529.036071777, "dvar": 416597.5625, "dvar2": 898476.5, "max": 19853.6132812, "mean": 1860.85632324, "median": 1270.45898438, "min": 64.599609375, "var": 9241612}, "spectral_skewness": {"dmean": 0.864949643612, "dmean2": 1.33692491055, "dvar": 2.31564354897, "dvar2": 4.65559434891, "max": 24.3043231964, "mean": 2.94936490059, "median": 1.98263335228, "min": -0.308608055115, "var": 8.68023681641}, "spectral_spread": {"dmean": 611793.1875, "dmean2": 923872, "dvar": 695312056320, "dvar2": 1434986741760.0, "max": 42173596, "mean": 3067002.75, "median": 2518858, "min": 126514.617188, "var": 6179778985980.0}, "spectral_strongpeak": {"dmean": 0.603293716908, "dmean2": 1.01079130173, "dvar": 0.747360765934, "dvar2": 1.91281163692, "max": 9.18691444397, "mean": 1.06195807457, "median": 0.665997803211, "min": 0, "var": 1.30874824524}, "zerocrossingrate": {"dmean": 0.00872109644115, "dmean2": 0.0104528134689, "dvar": 0.000148654755321, "dvar2": 0.000155702844495, "max": 0.77734375, "mean": 0.0676407516003, "median": 0.0478515625, "min": 0.00244140625, "var": 0.0133708128706}, "barkbands": {"dmean": [2.07148987101e-05, 0.00209051789716, 0.00123246456496, 0.000689504260663, 0.00176861858927, 0.000518085609656, 0.000719582429156, 0.000572393881157, 0.000982506433502, 0.000996883027256, 0.00110530678649, 0.000505227711983, 0.000548091658857, 0.000414704700233, 0.000700917793438, 0.000486268894747, 0.000344691070495, 0.000199391855858, 0.00019737824914, 7.43526325095e-05, 3.49748697772e-05, 2.00931517611e-05, 1.44902132888e-05, 1.06512270577e-05, 7.73819101596e-06, 8.79036088008e-06, 8.75131445355e-06], "dmean2": [2.88872925012e-05, 0.00335582275875, 0.0019727263134, 0.00107011932414, 0.00268712569959, 0.000815464067273, 0.00103667506482, 0.000900692481082, 0.00146414362825, 0.00154763075989, 0.00173386593815, 0.000775768479798, 0.000881680403836, 0.000669792527333, 0.00109297200106, 0.000777306733653, 0.00052326178411, 0.0003207004047, 0.000312701711664, 0.000121934550407, 5.72191856918e-05, 3.33698299073e-05, 2.37686799665e-05, 1.76250923687e-05, 1.23285881273e-05, 1.42833223435e-05, 1.43028100865e-05], "dvar": [2.69517985707e-09, 2.66491788352e-05, 8.65683887241e-06, 2.34105732488e-06, 8.14389750303e-06, 9.68581616689e-07, 1.20045797303e-06, 7.24801907381e-07, 2.44566740548e-06, 3.27971361003e-06, 4.07025436289e-06, 1.00488693988e-06, 8.0097333921e-07, 8.07579624507e-07, 3.48218895851e-06, 9.27234850678e-07, 8.16072770249e-07, 2.05895659633e-07, 1.69268659533e-07, 2.57755683464e-08, 5.41613109917e-09, 2.1156154606e-09, 1.31016975047e-09, 6.43582298565e-10, 3.12535081148e-10, 4.98741936639e-10, 5.40615607836e-10], "dvar2": [5.56561552401e-09, 6.59077559249e-05, 1.99111018446e-05, 5.12308861289e-06, 1.86632605619e-05, 2.44420107265e-06, 2.30438081417e-06, 1.74013268861e-06, 5.40337805433e-06, 7.32892567612e-06, 1.02399553725e-05, 2.04329126063e-06, 1.9748088107e-06, 2.08958408621e-06, 8.33065678307e-06, 2.23692541113e-06, 1.86968804883e-06, 4.71469832064e-07, 4.01801173666e-07, 6.66381652081e-08, 1.40074378763e-08, 5.54462120661e-09, 3.45462081164e-09, 1.73034175877e-09, 8.02459043658e-10, 1.29432209395e-09, 1.42050138319e-09], "max": [0.00059557124041, 0.0520600378513, 0.0797061994672, 0.0354200676084, 0.0557295084, 0.0176227502525, 0.020394846797, 0.015791490674, 0.0361398421228, 0.053002577275, 0.0407626703382, 0.0352398492396, 0.0125901382416, 0.0173830036074, 0.0385497584939, 0.0202083531767, 0.02596039325, 0.0120897293091, 0.00809265952557, 0.00226934393868, 0.000759983551688, 0.000432019762229, 0.000419021467678, 0.00030694049201, 0.000222109767492, 0.000230991936405, 0.000287208007649], "mean": [2.31239719142e-05, 0.00231679948047, 0.00182798539754, 0.00115211005323, 0.00312880892307, 0.00087698752759, 0.00150438933633, 0.001001918572, 0.00185310724191, 0.00177762715612, 0.00177134596743, 0.000827147916425, 0.000845034606755, 0.000712981680408, 0.00112034589984, 0.000876566919032, 0.000601828913204, 0.000296559563139, 0.000314832199365, 0.000100509743788, 5.22282280144e-05, 2.63783895207e-05, 1.66815025295e-05, 1.15872780952e-05, 8.19355318527e-06, 7.60615603212e-06, 6.92375624567e-06], "median": [4.10217211311e-07, 0.000191286235349, 0.000299544917652, 0.000261136854533, 0.00169042497873, 0.000427068473073, 0.000856842612848, 0.000519732479006, 0.000966246647295, 0.000784847419709, 0.000852703698911, 0.00027850054903, 0.000433745793998, 0.000218727815081, 0.000226516014664, 0.000192535357201, 0.000116013703519, 7.39584429539e-05, 6.97051509633e-05, 2.32273123402e-05, 1.28550882437e-05, 6.40273583485e-06, 4.01326269639e-06, 2.51627875514e-06, 1.57319800564e-06, 1.14110412142e-06, 4.17473160041e-07], "min": [4.5098537002e-25, 5.9123742762e-23, 2.74453260179e-23, 3.31277687972e-23, 2.49622111916e-23, 1.31297007212e-23, 2.27228606959e-23, 1.11704042087e-22, 1.79930526565e-23, 4.31429733005e-23, 6.62656665684e-23, 1.24862276696e-23, 1.16140242409e-22, 1.62219122496e-22, 2.01341196031e-22, 1.97256461642e-22, 1.2047515299e-22, 1.40958601659e-22, 2.44786618603e-22, 6.70396918399e-22, 4.21470408253e-22, 5.15252186906e-22, 5.52593201844e-22, 1.30489326925e-21, 1.27435099838e-21, 1.3621472539e-21, 2.24980807763e-21], "var": [4.02071087535e-09, 3.09787501465e-05, 2.33969949477e-05, 7.09733012627e-06, 1.7765800294e-05, 1.56812416208e-06, 3.78000731871e-06, 1.80356346391e-06, 6.74661123412e-06, 9.41602138482e-06, 7.2114712566e-06, 3.0518742733e-06, 1.48504432218e-06, 1.69017403095e-06, 7.61884166423e-06, 2.62969820142e-06, 2.20875040213e-06, 4.49034672556e-07, 3.25107919252e-07, 3.12199510688e-08, 7.46271844321e-09, 2.30697816406e-09, 1.20425369676e-09, 5.65689495247e-10, 2.88837787021e-10, 3.9725103762e-10, 4.22876650363e-10]}, "erbbands": {"dmean": [0.0451251864433, 0.542368173599, 1.40612304211, 1.61521935463, 3.54061532021, 8.10363864899, 3.92372345924, 5.00413703918, 7.85704278946, 15.5774869919, 10.8390731812, 25.7990550995, 22.7937412262, 35.9586982727, 41.7742500305, 18.5834617615, 26.9541778564, 19.0516643524, 30.2556037903, 33.2767028809, 22.6608295441, 18.24360466, 11.2550001144, 10.8707990646, 8.07668972015, 3.42909741402, 1.50538015366, 1.37435722351, 0.737595200539, 0.545439004898, 0.399003714323, 0.24411958456, 0.17088034749, 0.0928111970425, 0.0532016567886, 0.0362817756832, 0.0148534392938, 0.00706180557609, 0.00155948090833, 9.30994428927e-05], "dmean2": [0.0667288601398, 0.887460052967, 2.29009318352, 2.50568819046, 5.4630613327, 12.2189912796, 6.07041454315, 7.86227655411, 11.6149749756, 23.1799030304, 17.1929721832, 37.7993812561, 35.4683494568, 56.4186325073, 65.5395202637, 28.7930259705, 43.1490020752, 30.1796607971, 47.7432518005, 52.3394203186, 34.8491172791, 27.0345668793, 17.5280418396, 17.1365280151, 12.9823169708, 5.5873503685, 2.43702030182, 2.26687097549, 1.214376688, 0.901854276657, 0.655647814274, 0.403922408819, 0.280690938234, 0.149203628302, 0.0847270265222, 0.0596823580563, 0.0238515734673, 0.0116466218606, 0.00253927358426, 0.000151463755174], "dvar": [0.013750039041, 1.74749481678, 11.3773212433, 11.2044410706, 38.5415992737, 190.699890137, 44.8644676208, 92.5585098267, 144.64352417, 611.387207031, 316.946411133, 1611.01135254, 1773.93505859, 5696.83642578, 4788.46679688, 1074.42016602, 2051.57104492, 1319.93566895, 5872.54345703, 5239.98535156, 2389.39746094, 2277.32519531, 655.112976074, 629.515869141, 240.666366577, 53.1315956116, 9.55804729462, 8.83749485016, 2.69568943977, 1.6947286129, 1.15298998356, 0.339564740658, 0.173102781177, 0.0481559298933, 0.0137100284919, 0.00949347298592, 0.00119565380737, 0.000374173891032, 1.67668404174e-05, 5.38086766255e-08], "dvar2": [0.0296504255384, 4.53435850143, 27.729473114, 25.976556778, 87.3506011963, 438.555511475, 112.952537537, 235.601104736, 293.127471924, 1243.43273926, 781.676391602, 3378.34228516, 4217.52294922, 14262.5488281, 11222.7998047, 2577.89501953, 4970.41259766, 3372.53515625, 14189.6484375, 12639.2099609, 5293.31054688, 5045.50683594, 1448.12133789, 1412.01452637, 594.438537598, 134.417953491, 23.8676567078, 23.6797428131, 7.02647686005, 4.50114917755, 3.07425928116, 0.921146929264, 0.464011281729, 0.126546785235, 0.0348613671958, 0.0250572562218, 0.00308594107628, 0.000980622251518, 4.36251248175e-05, 1.40849863328e-07], "max": [1.4026850462, 12.713224411, 83.8610839844, 61.2674865723, 128.021087646, 272.192932129, 89.3776702881, 172.105285645, 264.305114746, 448.780700684, 431.005004883, 849.431884766, 942.86895752, 1572.31347656, 1690.05981445, 818.775085449, 689.533813477, 628.04675293, 2243.57763672, 1389.28088379, 996.818725586, 1185.5838623, 526.299682617, 622.66986084, 230.00970459, 94.4842300415, 31.8856601715, 35.9214324951, 17.0373191833, 12.5232601166, 14.0909290314, 6.28237533569, 5.89992380142, 2.52580785751, 1.5023649931, 1.01079022884, 0.372041404247, 0.206474930048, 0.053123999387, 0.00332937319763], "mean": [0.0547244772315, 0.580483913422, 2.0028591156, 2.90901374817, 6.18910455704, 13.2181930542, 7.10214281082, 8.61941146851, 16.0095272064, 30.1268119812, 20.4727020264, 47.5722122192, 44.4653968811, 61.1018218994, 71.7318725586, 33.6266441345, 43.5640296936, 34.8514099121, 48.4181785583, 58.5965232849, 44.0298919678, 32.7661018372, 18.3301067352, 16.9785709381, 12.8916225433, 4.82273101807, 2.19098687172, 1.99910342693, 1.00173807144, 0.656215250492, 0.450114071369, 0.263598978519, 0.185595706105, 0.10088698566, 0.0538572221994, 0.0320832952857, 0.0129128908738, 0.00558250723407, 0.00124949216843, 9.77919189609e-05], "median": [0.00280613824725, 0.058837749064, 0.373106122017, 0.813155412674, 2.64735603333, 6.42103385925, 4.13147830963, 4.36105203629, 9.31998062134, 15.859251976, 11.6892127991, 23.9970817566, 21.9906196594, 29.2752227783, 35.707901001, 15.4733409882, 23.1154670715, 13.9616622925, 11.4147510529, 13.9231567383, 8.43725967407, 6.67432689667, 5.11257743835, 4.16107320786, 2.73243808746, 1.15344810486, 0.593385756016, 0.457981169224, 0.24795114994, 0.165479958057, 0.111587911844, 0.0589440986514, 0.0391376540065, 0.0196232534945, 0.0100329555571, 0.00508523359895, 0.0019923648797, 0.000676184659824, 7.83563300502e-05, 3.83380829589e-05], "min": [4.11906813996e-22, 1.67817320231e-20, 4.76606637863e-20, 7.44987617116e-20, 8.22135909416e-20, 8.50984091772e-20, 9.94134611488e-20, 1.03828259787e-19, 1.72253073035e-19, 7.96813726592e-19, 2.78837352574e-18, 7.01353671783e-19, 1.2729039905e-18, 1.36547284227e-18, 2.42436463218e-18, 9.50743508288e-19, 4.3190528445e-18, 8.43818771548e-18, 8.05457691615e-18, 1.13992105855e-17, 1.10287469948e-17, 8.00850791911e-18, 8.09242456507e-18, 1.12522958641e-17, 1.42570484643e-17, 2.79750100885e-17, 2.11222703541e-17, 1.98657648057e-17, 1.96726230958e-17, 1.66086269928e-17, 1.65262282233e-17, 2.37851748498e-17, 2.32335198275e-17, 1.57069736554e-17, 7.81395503904e-18, 4.97377374396e-18, 2.24407854972e-18, 1.14502414254e-18, 3.50906171716e-19, 3.23520903509e-20], "var": [0.0204883012921, 1.83630979061, 26.340719223, 33.1804466248, 98.2977981567, 376.257629395, 79.9941329956, 146.082427979, 436.428009033, 1688.6105957, 719.535522461, 4572.36669922, 5146.1640625, 10371.8242188, 11350.1699219, 2746.34838867, 3874.58007812, 3036.23901367, 13199.8398438, 13399.7958984, 8238.97558594, 5948.734375, 1477.13745117, 1282.20898438, 477.1328125, 68.2506561279, 13.0148553848, 11.6499919891, 3.10169696808, 1.71533834934, 0.975944280624, 0.295288264751, 0.150037750602, 0.0442163050175, 0.0125301815569, 0.00723499245942, 0.000989581923932, 0.000284624809865, 1.34467791213e-05, 4.4403201116e-08]}, "gfcc": {"mean": [-82.7931365967, 128.718780518, -135.121170044, -14.1205883026, -42.454624176, -6.02229309082, -27.2623519897, -3.66446781158, -23.0024147034, -8.46706962585, -14.8396654129, -5.40993833542, -9.44761276245], "cov": [[36333.4648438, 247.359054565, -3224.96533203, 2966.09570312, -996.351806641, 449.329620361, -808.408691406, 882.299499512, -498.544250488, 241.14616394, -767.877990723, 319.85357666, -498.202514648], [247.359054565, 4869.11083984, -773.034362793, -1529.84985352, 314.8253479, -728.500976562, -6.33416891098, -501.135955811, -6.18482637405, -266.733459473, 129.387313843, -366.411315918, 218.289993286], [-3224.96533203, -773.034362793, 2235.0625, -105.955795288, -337.453186035, 513.21875, 59.2687988281, -29.9990272522, -55.7848358154, 32.8098144531, -29.05651474, 43.0524368286, -107.74697876], [2966.09570312, -1529.84985352, -105.955795288, 1874.42858887, 251.301254272, 246.189361572, 133.510620117, 356.899780273, 28.9313869476, 141.097854614, -78.8366317749, 121.348670959, -97.1099319458], [-996.351806641, 314.8253479, -337.453186035, 251.301254272, 914.39630127, -67.1424789429, 157.239135742, 88.4515762329, 170.838180542, -3.63739395142, 57.0886192322, -54.3996658325, 65.5089645386], [449.329620361, -728.500976562, 513.21875, 246.189361572, -67.1424789429, 473.548370361, 42.8212013245, 142.866455078, 43.905582428, 90.1881332397, -27.1781654358, 97.1568908691, -56.7921943665], [-808.408691406, -6.33416891098, 59.2687988281, 133.510620117, 157.239135742, 42.8212013245, 285.787322998, 82.5977783203, 90.926651001, 33.992816925, 78.9735946655, 16.4103469849, 23.5558204651], [882.299499512, -501.135955811, -29.9990272522, 356.899780273, 88.4515762329, 142.866455078, 82.5977783203, 255.673187256, 90.5864639282, 66.0874328613, -0.509190499783, 71.8699264526, -25.4187850952], [-498.544250488, -6.18482637405, -55.7848358154, 28.9313869476, 170.838180542, 43.905582428, 90.926651001, 90.5864639282, 175.539550781, 55.3551101685, 42.0549049377, 9.40544605255, 25.3072071075], [241.14616394, -266.733459473, 32.8098144531, 141.097854614, -3.63739395142, 90.1881332397, 33.992816925, 66.0874328613, 55.3551101685, 112.551399231, 30.9278907776, 41.8319587708, -0.8112398386], [-767.877990723, 129.387313843, -29.05651474, -78.8366317749, 57.0886192322, -27.1781654358, 78.9735946655, -0.509190499783, 42.0549049377, 30.9278907776, 107.115722656, 27.2690296173, 33.9485702515], [319.85357666, -366.411315918, 43.0524368286, 121.348670959, -54.3996658325, 97.1568908691, 16.4103469849, 71.8699264526, 9.40544605255, 41.8319587708, 27.2690296173, 109.59072113, 15.2855997086], [-498.202514648, 218.289993286, -107.74697876, -97.1099319458, 65.5089645386, -56.7921943665, 23.5558204651, -25.4187850952, 25.3072071075, -0.8112398386, 33.9485702515, 15.2855997086, 88.457901001]], "icov": [[0.000111260793346, -0.000206359080039, 0.000193868836504, -0.00013045941887, 9.18678051676e-05, -0.000125191683765, 8.67583075888e-05, -0.000275157246506, 0.000320891966112, -0.000480038754176, 0.000848350813612, -0.000773996405769, 0.000690168992151], [-0.000206359080039, 0.000847772695124, -0.000267565570539, 0.000424088415457, -0.000181978655746, 0.000229296245379, -0.000181597919436, 0.000600372499321, -0.000551949546207, 0.00133283226751, -0.00218913960271, 0.00278600119054, -0.00208292505704], [0.000193868836504, -0.000267565570539, 0.00108042580541, -0.000122875921079, 0.00031262007542, -0.00117177085485, -0.000193055690033, 8.77172078617e-06, 0.000700765056536, -0.000549064483494, 0.00123722758144, -0.000896193843801, 0.00147791870404], [-0.00013045941887, 0.000424088415457, -0.000122875921079, 0.00126026198268, -0.000585612026043, 0.000340704689734, -0.000735050765797, -0.000428702769568, 0.000611300696619, -0.000597102916799, 0.000275881844573, 0.00038110621972, -0.000174559143488], [9.18678051676e-05, -0.000181978655746, 0.00031262007542, -0.000585612026043, 0.00195210136008, -0.000448207661975, 1.69276772795e-05, -0.000547398463823, -0.00119278219063, 0.000972519861534, -0.000516379950568, 0.00135375466198, -0.000876433041412], [-0.000125191683765, 0.000229296245379, -0.00117177085485, 0.000340704689734, -0.000448207661975, 0.00518468534574, -0.000647511100397, -0.000357297132723, -0.00105732504744, -0.00190536654554, 0.00210958905518, -0.00317902280949, 0.00143092917278], [8.67583075888e-05, -0.000181597919436, -0.000193055690033, -0.000735050765797, 1.69276772795e-05, -0.000647511100397, 0.00617233477533, -0.00183805986308, -0.0010416212026, 0.00119011302013, -0.00457610050216, 0.00179941789247, -0.000951220223214], [-0.000275157246506, 0.000600372499321, 8.77172078617e-06, -0.000428702769568, -0.000547398463823, -0.000357297132723, -0.00183805986308, 0.0103156631812, -0.00494861090556, 0.000911354843993, 0.000543237081729, -0.00349456188269, 0.00195799511857], [0.000320891966112, -0.000551949546207, 0.000700765056536, 0.000611300696619, -0.00119278219063, -0.00105732504744, -0.0010416212026, -0.00494861090556, 0.0128302965313, -0.0059820455499, 0.00137892435305, 0.000944181461819, -0.000663989514578], [-0.000480038754176, 0.00133283226751, -0.000549064483494, -0.000597102916799, 0.000972519861534, -0.00190536654554, 0.00119011302013, 0.000911354843993, -0.0059820455499, 0.0186680164188, -0.0104048503563, 0.00469989236444, -0.00425185495988], [0.000848350813612, -0.00218913960271, 0.00123722758144, 0.000275881844573, -0.000516379950568, 0.00210958905518, -0.00457610050216, 0.000543237081729, 0.00137892435305, -0.0104048503563, 0.0271749962121, -0.0162684116513, 0.00699357222766], [-0.000773996405769, 0.00278600119054, -0.000896193843801, 0.00038110621972, 0.00135375466198, -0.00317902280949, 0.00179941789247, -0.00349456188269, 0.000944181461819, 0.00469989236444, -0.0162684116513, 0.0305026546121, -0.0156888309866], [0.000690168992151, -0.00208292505704, 0.00147791870404, -0.000174559143488, -0.000876433041412, 0.00143092917278, -0.000951220223214, 0.00195799511857, -0.000663989514578, -0.00425185495988, 0.00699357222766, -0.0156888309866, 0.0245022531599]]}, "melbands": {"dmean": [0.000506240932737, 0.000716709706467, 0.000313839729642, 0.000423801597208, 0.000189538259292, 0.000107794228825, 0.000124762387713, 0.000164473560289, 0.000101161633211, 0.00015366981097, 0.000115434799227, 0.000149074068759, 0.000156234164024, 6.74131442793e-05, 5.39810753253e-05, 4.89855046908e-05, 3.81831232517e-05, 4.7463876399e-05, 5.4588112107e-05, 4.02332625526e-05, 2.57543815678e-05, 2.04395109904e-05, 1.54706485773e-05, 8.70494386618e-06, 9.27736891754e-06, 7.64278502174e-06, 4.00317867388e-06, 1.96031669475e-06, 9.41982250424e-07, 9.03098907656e-07, 7.8857368635e-07, 4.24793938691e-07, 3.89396689116e-07, 2.84790957039e-07, 2.572177209e-07, 1.74498040906e-07, 1.42601507491e-07, 1.22552108905e-07, 1.02581978467e-07, 7.09590111114e-08], "dmean2": [0.000795672938693, 0.00116418115795, 0.000482070929138, 0.000643045234028, 0.000288072507828, 0.000169195307535, 0.000181876122952, 0.000246333656833, 0.000157598682563, 0.000226916978136, 0.000180442773853, 0.000232802063692, 0.000244053357164, 0.000103662394395, 8.58329949551e-05, 7.93999279267e-05, 6.11315335846e-05, 7.6290074503e-05, 8.58301864355e-05, 6.4713487518e-05, 3.97505100409e-05, 3.07765403704e-05, 2.42050282395e-05, 1.39996873258e-05, 1.47809032569e-05, 1.24457656057e-05, 6.55143321637e-06, 3.22002370012e-06, 1.5456669189e-06, 1.48273556988e-06, 1.32136199227e-06, 7.01842054696e-07, 6.65140248657e-07, 4.71328377216e-07, 4.22173712877e-07, 2.96492061125e-07, 2.35680985838e-07, 2.02490255674e-07, 1.67120646211e-07, 1.14471475854e-07], "dvar": [1.649954811e-06, 2.64578852693e-06, 3.84923481533e-07, 5.05826847075e-07, 1.03288279263e-07, 4.2051659932e-08, 3.55009603936e-08, 6.12023853819e-08, 2.62532537931e-08, 5.88494124543e-08, 4.61561775467e-08, 9.72635092467e-08, 7.13675234465e-08, 1.83074391202e-08, 6.8799739239e-09, 6.1256502093e-09, 6.13589090648e-09, 1.46419605329e-08, 2.25139196175e-08, 6.01712413228e-09, 3.68924624183e-09, 3.05956038282e-09, 1.39319866754e-09, 4.50243509142e-10, 4.83400819373e-10, 2.20879523005e-10, 6.96832036517e-11, 1.73421346727e-11, 3.92194133073e-12, 3.55766067647e-12, 2.93970707152e-12, 8.09958382916e-13, 9.66600063879e-13, 4.40235819804e-13, 5.02427851927e-13, 2.02226432757e-13, 1.05819236566e-13, 8.58422287788e-14, 6.73965820219e-14, 2.71366909927e-14], "dvar2": [3.89167644244e-06, 6.77024127071e-06, 8.48676222631e-07, 1.09713039365e-06, 2.48125701319e-07, 1.05702646636e-07, 7.03521365608e-08, 1.27693127183e-07, 6.12259114519e-08, 1.27083453094e-07, 1.09467720222e-07, 2.38983943746e-07, 1.71969617213e-07, 3.65152601489e-08, 1.67473022117e-08, 1.56820973984e-08, 1.59414792478e-08, 3.59471563627e-08, 5.31996526831e-08, 1.55483981246e-08, 8.16980527674e-09, 7.04496061488e-09, 3.15885828606e-09, 1.05728736877e-09, 1.0826252117e-09, 5.56560075804e-10, 1.80247122783e-10, 4.39420340392e-11, 9.77055155532e-12, 9.15184594774e-12, 7.97971411171e-12, 2.08167706163e-12, 2.61706671958e-12, 1.1679921353e-12, 1.34391543033e-12, 5.47693021578e-13, 2.8523052518e-13, 2.2968034267e-13, 1.83209594414e-13, 7.02644865035e-14], "max": [0.0144243407995, 0.0308514907956, 0.0134284915403, 0.0158106293529, 0.00442293472588, 0.00364001025446, 0.0040670465678, 0.00419334741309, 0.00449305633083, 0.00471772253513, 0.00463619362563, 0.0071418127045, 0.00662555592135, 0.00470730382949, 0.00136330979876, 0.00102122523822, 0.00136867363472, 0.00352819799446, 0.00299449637532, 0.00140010681935, 0.00141135056037, 0.00150392239448, 0.000773229403421, 0.000555902544875, 0.000526465650182, 0.000216474873014, 0.000122695724713, 4.94196901855e-05, 2.54874739767e-05, 2.46832059929e-05, 2.05658780033e-05, 9.29238103708e-06, 1.01440391518e-05, 7.71645591158e-06, 9.22693925531e-06, 4.47738875664e-06, 3.94164908357e-06, 5.71340342503e-06, 3.26288522956e-06, 2.10055100069e-06], "mean": [0.000577509519644, 0.000961761514191, 0.000596120546106, 0.000743737677112, 0.000341335573466, 0.000184600343346, 0.000259179301793, 0.000314311968395, 0.000186292440048, 0.00028661658871, 0.000216056796489, 0.000243132773903, 0.000259008200374, 0.000111855275463, 8.95779448911e-05, 7.65128206694e-05, 6.47536217002e-05, 7.15295318514e-05, 8.72720193001e-05, 6.87090650899e-05, 4.74708431284e-05, 3.49748479493e-05, 2.37255626416e-05, 1.27163866637e-05, 1.39208923429e-05, 1.15314587674e-05, 5.89899855186e-06, 2.5249923965e-06, 1.28917292841e-06, 1.30123385134e-06, 1.09351549327e-06, 5.7255192587e-07, 4.5024580686e-07, 3.32274453285e-07, 2.80933363683e-07, 1.86889977272e-07, 1.52717461788e-07, 1.33655944978e-07, 1.06713940795e-07, 7.75199282543e-08], "median": [4.03837111662e-05, 0.000172521409695, 0.000189397498616, 0.000375620264094, 0.000188467922271, 9.06351633603e-05, 0.000154083361849, 0.000165453500813, 9.96984599624e-05, 0.000146480539115, 0.000102802856418, 0.000104907980131, 0.000124038298964, 4.40980365966e-05, 4.72617175546e-05, 4.10236643802e-05, 2.08171841223e-05, 1.69413433468e-05, 1.70897892531e-05, 1.64025586855e-05, 7.36271431379e-06, 5.99400573265e-06, 5.75358535571e-06, 2.90168031825e-06, 3.05484127239e-06, 2.29939996643e-06, 1.21597645375e-06, 5.99398958911e-07, 3.18240154229e-07, 3.04376584381e-07, 2.3212928113e-07, 1.38346536005e-07, 1.03955471786e-07, 7.73215447225e-08, 6.72771136578e-08, 4.39091181192e-08, 3.39067938171e-08, 2.91533446273e-08, 1.99088887598e-08, 1.52038204249e-08], "min": [9.52126792495e-24, 2.53665244936e-23, 1.23609534024e-23, 6.56274252424e-24, 3.1119876402e-24, 2.36253270378e-24, 2.98725610931e-24, 1.03956208419e-23, 2.10759352736e-23, 3.04995990165e-24, 6.33596828539e-24, 4.85578833702e-24, 9.84527360911e-24, 1.54321920382e-24, 4.91286794554e-24, 1.30989990436e-23, 1.52930799674e-23, 1.20018970505e-23, 1.64371002516e-23, 1.34520300759e-23, 1.24336548235e-23, 7.93333194351e-24, 8.55370399229e-24, 5.68153085614e-24, 9.78094910204e-24, 7.8033505433e-24, 1.20716173662e-23, 2.23722057126e-23, 1.6207945625e-23, 1.01159333634e-23, 1.16905328624e-23, 1.17140338176e-23, 9.57540823774e-24, 8.84182833817e-24, 9.67347548117e-24, 1.07001148404e-23, 1.48956897087e-23, 1.68552643734e-23, 1.59847011443e-23, 1.18755862201e-23], "var": [2.0964637315e-06, 4.63653668703e-06, 1.29010504679e-06, 1.15380601073e-06, 2.03168497137e-07, 6.88580783503e-08, 1.11108427348e-07, 1.71675381466e-07, 6.53602754142e-08, 1.63432659406e-07, 1.29071452193e-07, 1.8238951327e-07, 1.55392328338e-07, 5.36526165718e-08, 1.3928116438e-08, 1.09164579598e-08, 1.26675256951e-08, 2.96350233242e-08, 4.83274220642e-08, 1.47328931277e-08, 1.2497261892e-08, 7.9546218501e-09, 2.83549317359e-09, 8.64643856513e-10, 9.46635769772e-10, 4.02769623209e-10, 1.06610484329e-10, 2.047918779e-11, 5.23493271301e-12, 4.9062481508e-12, 3.69581362042e-12, 9.97090431054e-13, 8.79091938133e-13, 4.49523610609e-13, 4.12003872859e-13, 1.66305405319e-13, 9.49672062994e-14, 7.58582039957e-14, 5.51145805697e-14, 2.59799811059e-14]}, "mfcc": {"mean": [-703.770263672, 163.276275635, -27.6676177979, -0.199928566813, -7.3694729805, -3.81069779396, -2.25750279427, 0.26525747776, -4.88831329346, -2.83059716225, -5.5340089798, -6.85169124603, -4.30384349823], "cov": [[14804.2041016, 289.929168701, -2265.47900391, 1565.34155273, 669.017272949, 271.285461426, 202.373626709, 480.395355225, 480.292419434, 289.681915283, 75.6277999878, 62.7373428345, 225.89239502], [289.929168701, 2672.48144531, -220.994155884, -524.52355957, -47.5922012329, -130.876449585, -94.4018325806, -78.5568618774, -59.2660980225, -24.5597820282, -45.2547988892, -66.7660598755, -70.0071792603], [-2265.47900391, -220.994155884, 1960.34240723, -340.229888916, -366.491271973, 115.148666382, 3.79751110077, -42.0333633423, -165.73928833, -73.4044570923, -47.5841636658, -32.3669929504, -69.645401001], [1565.34155273, -524.52355957, -340.229888916, 1103.51611328, 410.551544189, 161.850311279, 208.877655029, 167.201416016, 196.901855469, 123.906539917, 79.8435287476, 53.8360366821, 74.2760391235], [669.017272949, -47.5922012329, -366.491271973, 410.551544189, 586.671142578, 185.346801758, 97.8754119873, 144.590240479, 161.520324707, 132.495315552, 58.5573616028, 44.0946922302, 66.351776123], [271.285461426, -130.876449585, 115.148666382, 161.850311279, 185.346801758, 255.942718506, 112.444313049, 77.1989059448, 80.8528671265, 67.05859375, 43.8128204346, 36.3612136841, 43.1977539062], [202.373626709, -94.4018325806, 3.79751110077, 208.877655029, 97.8754119873, 112.444313049, 183.332351685, 109.895202637, 60.8651733398, 49.7559242249, 46.1186065674, 46.4337882996, 45.4302024841], [480.395355225, -78.5568618774, -42.0333633423, 167.201416016, 144.590240479, 77.1989059448, 109.895202637, 197.720825195, 123.554359436, 73.0396728516, 48.3416519165, 66.502166748, 71.2692489624], [480.292419434, -59.2660980225, -165.73928833, 196.901855469, 161.520324707, 80.8528671265, 60.8651733398, 123.554359436, 177.605422974, 104.498649597, 51.7998428345, 56.0927429199, 62.2004013062], [289.681915283, -24.5597820282, -73.4044570923, 123.906539917, 132.495315552, 67.05859375, 49.7559242249, 73.0396728516, 104.498649597, 142.827163696, 80.7565994263, 41.2020759583, 43.5580825806], [75.6277999878, -45.2547988892, -47.5841636658, 79.8435287476, 58.5573616028, 43.8128204346, 46.1186065674, 48.3416519165, 51.7998428345, 80.7565994263, 97.3622665405, 55.8754425049, 30.0341835022], [62.7373428345, -66.7660598755, -32.3669929504, 53.8360366821, 44.0946922302, 36.3612136841, 46.4337882996, 66.502166748, 56.0927429199, 41.2020759583, 55.8754425049, 89.0543060303, 58.0915985107], [225.89239502, -70.0071792603, -69.645401001, 74.2760391235, 66.351776123, 43.1977539062, 45.4302024841, 71.2692489624, 62.2004013062, 43.5580825806, 30.0341835022, 58.0915985107, 93.0759429932]], "icov": [[0.000117979099741, -4.47541642643e-05, 0.000169716964592, -0.000210822443478, 0.000240940236836, -0.000344359956216, 0.000359270605259, -0.000484778458485, 0.000297386955936, -0.000312503369059, 0.00030304005486, 5.02689290443e-05, -2.25097155635e-05], [-4.47541642643e-05, 0.000464768090751, -7.02831675881e-06, 0.000387256353861, -0.000262490619207, 0.000349234731402, -0.000389587279642, 0.000263975263806, -0.000258297484834, 1.64738121384e-05, -6.98840158293e-05, 0.000187136698514, 0.000227621887461], [0.000169716964592, -7.02831675881e-06, 0.0010711280629, -0.000287387782009, 0.00110367534216, -0.00167136150412, 0.000917634228244, -0.00162303156685, 0.00176213460509, -0.00143828790169, 0.00139658211265, -0.000508613476995, 0.000759724644013], [-0.000210822443478, 0.000387256353861, -0.000287387782009, 0.00219365302473, -0.00146211369429, 0.0013157177018, -0.00260417931713, 0.00167173764203, -0.00226199813187, 0.00144466292113, -0.00146799825598, 0.00102985894773, -7.34891218599e-05], [0.000240940236836, -0.000262490619207, 0.00110367534216, -0.00146211369429, 0.00457779271528, -0.00362465344369, 0.00255047739483, -0.00322442757897, 0.00196693255566, -0.00342329521663, 0.00256163976155, -0.000434486340964, 0.000585549743846], [-0.000344359956216, 0.000349234731402, -0.00167136150412, 0.0013157177018, -0.00362465344369, 0.00962969753891, -0.00592156220227, 0.00451673567295, -0.00466397358105, 0.00254300516099, -0.00296357367188, 0.00135562790092, -0.00161875213962], [0.000359270605259, -0.000389587279642, 0.000917634228244, -0.00260417931713, 0.00255047739483, -0.00592156220227, 0.0140471160412, -0.00833020173013, 0.00559907360002, -0.00220858072862, 0.000345926702721, -0.00136152410414, 8.20888453745e-05], [-0.000484778458485, 0.000263975263806, -0.00162303156685, 0.00167173764203, -0.00322442757897, 0.00451673567295, -0.00833020173013, 0.0168313104659, -0.00995003245771, 0.00387635547668, -0.00219298549928, -0.00153838773258, -0.0032899575308], [0.000297386955936, -0.000258297484834, 0.00176213460509, -0.00226199813187, 0.00196693255566, -0.00466397358105, 0.00559907360002, -0.00995003245771, 0.0209030415863, -0.0127420593053, 0.00813719723374, -0.0059369886294, 0.000929798814468], [-0.000312503369059, 1.64738121384e-05, -0.00143828790169, 0.00144466292113, -0.00342329521663, 0.00254300516099, -0.00220858072862, 0.00387635547668, -0.0127420593053, 0.0261899549514, -0.020741218701, 0.0103045720607, -0.00556807871908], [0.00030304005486, -6.98840158293e-05, 0.00139658211265, -0.00146799825598, 0.00256163976155, -0.00296357367188, 0.000345926702721, -0.00219298549928, 0.00813719723374, -0.020741218701, 0.0343695543706, -0.0197997819632, 0.00802391394973], [5.02689290443e-05, 0.000187136698514, -0.000508613476995, 0.00102985894773, -0.000434486340964, 0.00135562790092, -0.00136152410414, -0.00153838773258, -0.0059369886294, 0.0103045720607, -0.0197997819632, 0.0330771245062, -0.0147707890719], [-2.25097155635e-05, 0.000227621887461, 0.000759724644013, -7.34891218599e-05, 0.000585549743846, -0.00161875213962, 8.20888453745e-05, -0.0032899575308, 0.000929798814468, -0.00556807871908, 0.00802391394973, -0.0147707890719, 0.0230239462107]]}, "spectral_contrast_coeffs": {"dmean": [0.0617407858372, 0.0480516664684, 0.0489355735481, 0.0396864078939, 0.0298448801041, 0.02891645208], "dmean2": [0.0967075526714, 0.0742186158895, 0.0743883252144, 0.0614364519715, 0.0456788390875, 0.0445661321282], "dvar": [0.00294728437439, 0.00193885015324, 0.00209850957617, 0.00156001583673, 0.000943896186072, 0.00115359399933], "dvar2": [0.00729043222964, 0.00413623591885, 0.00444580707699, 0.00346982176416, 0.00185927678831, 0.00250018108636], "max": [-0.207507506013, -0.406485080719, -0.356854081154, -0.397925674915, -0.496782124043, -0.497536271811], "mean": [-0.589193999767, -0.743042647839, -0.740808129311, -0.766111671925, -0.781729578972, -0.781740427017], "median": [-0.589386940002, -0.745413780212, -0.749396681786, -0.776928901672, -0.788200259209, -0.785591542721], "min": [-0.953590393066, -0.968598425388, -0.965521037579, -0.958914935589, -0.972468912601, -0.964102387428], "var": [0.0131203383207, 0.00622094841674, 0.00809173285961, 0.00637537240982, 0.00564168905839, 0.00568696437404]}, "spectral_contrast_valleys": {"dmean": [0.55473023653, 0.432392239571, 0.497781693935, 0.556155979633, 0.548585832119, 0.580892086029], "dmean2": [0.863298296928, 0.665358960629, 0.696552813053, 0.756656289101, 0.766018033028, 0.814996540546], "dvar": [0.285481929779, 0.233408674598, 0.29614418745, 0.448184520006, 0.493978619576, 0.314478427172], "dvar2": [0.574965775013, 0.441181480885, 0.520887732506, 0.812481284142, 0.957560658455, 0.804712772369], "max": [-5.46200466156, -4.77119636536, -4.77493810654, -5.36885738373, -5.72880744934, -8.68532