{"lowlevel": {"average_loudness": 0.965992093086, "barkbands_crest": {"dmean": 3.06546592712, "dmean2": 5.10315227509, "dvar": 7.70577096939, "dvar2": 19.6612758636, "max": 25.2800331116, "mean": 12.5210361481, "median": 11.97793293, "min": 3.35051512718, "var": 19.62758255}, "barkbands_flatness_db": {"dmean": 0.0252360366285, "dmean2": 0.0412557460368, "dvar": 0.000589606643189, "dvar2": 0.00154244608711, "max": 0.456118404865, "mean": 0.133848667145, "median": 0.121760755777, "min": 0.0218609664589, "var": 0.003638953669}, "barkbands_kurtosis": {"dmean": 5.16391038895, "dmean2": 8.65734004974, "dvar": 68.1756439209, "dvar2": 180.691299438, "max": 223.699310303, "mean": 9.21920013428, "median": 5.10810279846, "min": -1.63897359371, "var": 185.011764526}, "barkbands_skewness": {"dmean": 0.692091405392, "dmean2": 1.14207315445, "dvar": 0.501449763775, "dvar2": 1.33176410198, "max": 13.102189064, "mean": 2.54059767723, "median": 2.27488708496, "min": -3.22844910622, "var": 1.85060787201}, "barkbands_spread": {"dmean": 5.2598028183, "dmean2": 8.74792385101, "dvar": 28.0543346405, "dvar2": 73.8180465698, "max": 72.4381256104, "mean": 18.9848518372, "median": 18.6257648468, "min": 0.670295238495, "var": 81.5689620972}, "dissonance": {"dmean": 0.0162719432265, "dmean2": 0.0279026478529, "dvar": 0.000253330828855, "dvar2": 0.000718753552064, "max": 0.5, "mean": 0.472259700298, "median": 0.477610737085, "min": 0.272645711899, "var": 0.000460447743535}, "dynamic_complexity": 2.29537057877, "erbbands_crest": {"dmean": 2.11442136765, "dmean2": 3.46012163162, "dvar": 4.15933132172, "dvar2": 10.8190975189, "max": 26.7570571899, "mean": 7.34731817245, "median": 6.41800689697, "min": 2.02673697472, "var": 13.4230709076}, "erbbands_flatness_db": {"dmean": 0.0143908169121, "dmean2": 0.0208773482591, "dvar": 0.00019136237097, "dvar2": 0.000386155908927, "max": 0.38410833478, "mean": 0.111058615148, "median": 0.101984411478, "min": 0.0418786630034, "var": 0.00153466628399}, "erbbands_kurtosis": {"dmean": 0.528063714504, "dmean2": 0.842130362988, "dvar": 0.445123225451, "dvar2": 1.07200205326, "max": 13.6883411407, "mean": -0.0845714733005, "median": -0.463510036469, "min": -1.69701433182, "var": 1.67064166069}, "erbbands_skewness": {"dmean": 0.278020203114, "dmean2": 0.447463989258, "dvar": 0.0623488985002, "dvar2": 0.158174619079, "max": 3.40215778351, "mean": 0.235251903534, "median": 0.212049722672, "min": -1.68907117844, "var": 0.204039886594}, "erbbands_spread": {"dmean": 8.17670154572, "dmean2": 12.9429645538, "dvar": 58.6957817078, "dvar2": 143.664077759, "max": 122.842147827, "mean": 48.9313659668, "median": 47.2149543762, "min": 7.68248128891, "var": 319.791473389}, "hfc": {"dmean": 6.44937610626, "dmean2": 10.1251373291, "dvar": 64.7884063721, "dvar2": 162.805053711, "max": 86.185218811, "mean": 25.9272918701, "median": 24.8926944733, "min": 1.19134072301e-16, "var": 204.89932251}, "melbands_crest": {"dmean": 3.6201543808, "dmean2": 5.58970403671, "dvar": 10.0688962936, "dvar2": 23.4939460754, "max": 34.3944778442, "mean": 18.0065155029, "median": 17.1745071411, "min": 1.88153839111, "var": 30.1724491119}, "melbands_flatness_db": {"dmean": 0.0303269568831, "dmean2": 0.049811296165, "dvar": 0.00085635407595, "dvar2": 0.00225802115165, "max": 0.595555603504, "mean": 0.230845719576, "median": 0.220031097531, "min": 0.00574810011312, "var": 0.00470142392442}, "melbands_kurtosis": {"dmean": 13.5390720367, "dmean2": 22.6804847717, "dvar": 363.432678223, "dvar2": 992.21697998, "max": 378.703460693, "mean": 28.034072876, "median": 18.8717002869, "min": -1.16820287704, "var": 862.23651123}, "melbands_skewness": {"dmean": 1.00804662704, "dmean2": 1.66507780552, "dvar": 1.00193881989, "dvar2": 2.7141122818, "max": 15.0099782944, "mean": 4.12037706375, "median": 3.78014135361, "min": -0.192820623517, "var": 3.57660794258}, "melbands_spread": {"dmean": 4.79955005646, "dmean2": 8.02706813812, "dvar": 29.0185470581, "dvar2": 74.7109069824, "max": 142.664825439, "mean": 14.2530355453, "median": 12.911781311, "min": 0.507431685925, "var": 81.4601287842}, "pitch_salience": {"dmean": 0.0866348221898, "dmean2": 0.143879309297, "dvar": 0.0063072652556, "dvar2": 0.0165779367089, "max": 0.885082304478, "mean": 0.487540960312, "median": 0.491241425276, "min": 0.0723252594471, "var": 0.0150588070974}, "silence_rate_20dB": {"dmean": 0, "dmean2": 0, "dvar": 0, "dvar2": 0, "max": 1, "mean": 1, "median": 1, "min": 1, "var": 0}, "silence_rate_30dB": {"dmean": 0.117763973773, "dmean2": 0.235557213426, "dvar": 0.103888437152, "dvar2": 0.227043658495, "max": 1, "mean": 0.874922394753, "median": 1, "min": 0, "var": 0.109429962933}, "silence_rate_60dB": {"dmean": 0.00322981365025, "dmean2": 0.0064604296349, "dvar": 0.00321855163202, "dvar2": 0.00641891779378, "max": 1, "mean": 0.0224816799164, "median": 0, "min": 0, "var": 0.0219745524228}, "spectral_centroid": {"dmean": 232.332870483, "dmean2": 387.578399658, "dvar": 66586.03125, "dvar2": 158024.765625, "max": 10963.6396484, "mean": 1171.40124512, "median": 1162.50378418, "min": 164.66003418, "var": 176695.765625}, "spectral_complexity": {"dmean": 4.07304334641, "dmean2": 6.44353342056, "dvar": 15.4583492279, "dvar2": 35.7932434082, "max": 53, "mean": 23.9218730927, "median": 24, "min": 0, "var": 94.3538360596}, "spectral_decrease": {"dmean": 6.45783426734e-09, "dmean2": 1.09309290508e-08, "dvar": 6.36243504374e-17, "dvar2": 1.75447562256e-16, "max": 1.84417882704e-17, "mean": -1.60062256782e-08, "median": -1.36645565973e-08, "min": -6.45878301953e-08, "var": 8.81534385906e-17}, "spectral_energy": {"dmean": 0.0247161649168, "dmean2": 0.0417631603777, "dvar": 0.000928291410673, "dvar2": 0.00255358847789, "max": 0.24738059938, "mean": 0.0627629160881, "median": 0.0540144219995, "min": 1.04312863226e-20, "var": 0.00130818702746}, "spectral_energyband_high": {"dmean": 0.000375680421712, "dmean2": 0.00058898498537, "dvar": 2.57682273741e-07, "dvar2": 6.21122069333e-07, "max": 0.00823853630573, "mean": 0.00111028959509, "median": 0.00102185225114, "min": 7.39348329446e-21, "var": 7.60910324971e-07}, "spectral_energyband_low": {"dmean": 0.0213867239654, "dmean2": 0.0364519618452, "dvar": 0.000825690862257, "dvar2": 0.00232235970907, "max": 0.228105902672, "mean": 0.0420322306454, "median": 0.032518170774, "min": 5.67902795826e-23, "var": 0.00100487761665}, "spectral_energyband_middle_high": {"dmean": 0.00178386736661, "dmean2": 0.00282783992589, "dvar": 4.85129248773e-06, "dvar2": 1.17187837532e-05, "max": 0.0420644208789, "mean": 0.00640042824671, "median": 0.00523210735992, "min": 1.48134648432e-21, "var": 2.62677003775e-05}, "spectral_energyband_middle_low": {"dmean": 0.00779957231134, "dmean2": 0.0136543521658, "dvar": 0.000206874261494, "dvar2": 0.000573984405492, "max": 0.139270931482, "mean": 0.0151245491579, "median": 0.011645546183, "min": 1.64418529808e-22, "var": 0.00019172905013}, "spectral_entropy": {"dmean": 0.135130777955, "dmean2": 0.215045705438, "dvar": 0.0187132079154, "dvar2": 0.0456736311316, "max": 9.81853866577, "mean": 7.78298902512, "median": 7.86011886597, "min": 5.08667755127, "var": 0.1058530882}, "spectral_flux": {"dmean": 0.0434806980193, "dmean2": 0.0702929496765, "dvar": 0.00257857982069, "dvar2": 0.00485024088994, "max": 0.41494590044, "mean": 0.121293693781, "median": 0.105689279735, "min": 1.02133669577e-10, "var": 0.00483102165163}, "spectral_kurtosis": {"dmean": 1.02264261246, "dmean2": 1.72641015053, "dvar": 4.68574857712, "dvar2": 11.5658073425, "max": 77.872177124, "mean": 3.82533884048, "median": 3.30547332764, "min": -1.23604738712, "var": 11.9867992401}, "spectral_rms": {"dmean": 0.00142147589941, "dmean2": 0.00234833732247, "dvar": 2.33972627939e-06, "dvar2": 6.21227809461e-06, "max": 0.0155353443697, "mean": 0.00748572265729, "median": 0.00725926971063, "min": 3.19011982629e-12, "var": 5.1959918892e-06}, "spectral_rolloff": {"dmean": 283.918731689, "dmean2": 490.514526367, "dvar": 217864.375, "dvar2": 505890.21875, "max": 19509.0820312, "mean": 685.528076172, "median": 559.86328125, "min": 64.599609375, "var": 650267.5625}, "spectral_skewness": {"dmean": 0.156563952565, "dmean2": 0.253208011389, "dvar": 0.0397528260946, "dvar2": 0.0943312346935, "max": 6.61526679993, "mean": 1.48659729958, "median": 1.45478332043, "min": 0.00212422502227, "var": 0.137786895037}, "spectral_spread": {"dmean": 511836.4375, "dmean2": 726796.4375, "dvar": 544194691072, "dvar2": 812135284736, "max": 41791504, "mean": 5182782.5, "median": 5223976.5, "min": 812925.125, "var": 1753640337410.0}, "spectral_strongpeak": {"dmean": 0.294325381517, "dmean2": 0.523330330849, "dvar": 0.318818837404, "dvar2": 0.855882704258, "max": 8.60222816467, "mean": 0.482541769743, "median": 0.350892961025, "min": 0, "var": 0.284112155437}, "zerocrossingrate": {"dmean": 0.00859678257257, "dmean2": 0.0109347943217, "dvar": 7.47857557144e-05, "dvar2": 0.000101011632069, "max": 0.6044921875, "mean": 0.0459791012108, "median": 0.04443359375, "min": 0.001953125, "var": 0.000644840183668}, "barkbands": {"dmean": [0.00131118530408, 0.0169195458293, 0.00699344789609, 0.00234465347603, 0.00451309140772, 0.00151070638094, 0.000632662849966, 0.000676982919686, 0.000948777596932, 0.000726161699276, 0.000610040558968, 0.000291077914881, 0.000244789262069, 0.000435811816715, 0.000200563474209, 0.000255754712271, 0.000225516661885, 0.000159562958288, 0.000148755352711, 8.47811243148e-05, 8.95031480468e-05, 0.000139013209264, 7.65258810134e-05, 4.95916101499e-05, 3.89083870687e-05, 3.71302121493e-05, 1.41059745147e-05], "dmean2": [0.00183926790487, 0.0287529397756, 0.0123825641349, 0.00401882082224, 0.00818823836744, 0.00256835948676, 0.00104151701089, 0.00113867083564, 0.00154297566041, 0.00115127325989, 0.000962098769378, 0.000485477183247, 0.00040206083213, 0.000699153693859, 0.000319980434142, 0.000419139774749, 0.000376060168492, 0.000265694223344, 0.000251252466114, 0.000143393466715, 0.000148486593389, 0.000232083853916, 0.000124541678815, 7.93931030785e-05, 5.74960868107e-05, 5.50091826881e-05, 2.13634211832e-05], "dvar": [2.8499630389e-06, 0.000484107702505, 0.000159593968419, 1.54162189574e-05, 0.000114186215797, 6.92072262609e-06, 8.14940904093e-07, 1.13597968721e-06, 2.07525818041e-06, 1.76581772848e-06, 1.6116811139e-06, 2.82013274955e-07, 1.37332889949e-07, 9.23792470076e-07, 1.30259977027e-07, 1.23910623984e-07, 1.00940290793e-07, 4.62246774191e-08, 3.84125264929e-08, 1.32020279153e-08, 1.52050212421e-08, 3.07758476481e-08, 1.28911370467e-08, 6.42662767447e-09, 4.78337813803e-09, 2.24987184438e-09, 3.72985003994e-10], "dvar2": [5.23424887433e-06, 0.00131665053777, 0.000455537432572, 4.02052100981e-05, 0.000324261898641, 1.87882578757e-05, 2.11605220102e-06, 3.00458009406e-06, 5.17155922353e-06, 4.06949175158e-06, 3.51418998434e-06, 7.11435006906e-07, 3.37679892937e-07, 2.33261744143e-06, 3.13437709565e-07, 3.21998783193e-07, 2.70279855386e-07, 1.23042411815e-07, 1.04624461983e-07, 3.56036338189e-08, 3.92792429693e-08, 8.17400618303e-08, 3.36637491216e-08, 1.47990766308e-08, 8.71263861058e-09, 4.70150629539e-09, 8.41295810794e-10], "max": [0.0193278193474, 0.16962942481, 0.119345128536, 0.072054669261, 0.106425911188, 0.0499681197107, 0.0152745982632, 0.0179516877979, 0.0318429246545, 0.0393227338791, 0.035176884383, 0.014886402525, 0.00769624812528, 0.0220369063318, 0.0086769387126, 0.00896822568029, 0.00599957536906, 0.00293890270405, 0.00253365468234, 0.00139787083026, 0.00218923180364, 0.0022911245469, 0.00167029572185, 0.00253204233013, 0.00265093520284, 0.000950849149376, 0.000181972165592], "mean": [0.00205725617707, 0.0278886985034, 0.0103046353906, 0.00363324512728, 0.00477571832016, 0.00239459914155, 0.00117531430442, 0.00106299493928, 0.00178907730151, 0.00145409617107, 0.00112612172961, 0.000504487077706, 0.00047484957031, 0.000925016182009, 0.000416402617702, 0.000529703567736, 0.000426054320997, 0.000293335411698, 0.000324578926666, 0.000183338837815, 0.000211812977795, 0.00033751031151, 0.000176457571797, 0.00011619648285, 8.90078445082e-05, 7.23500197637e-05, 2.00666399905e-05], "median": [0.00115636666305, 0.0200333688408, 0.00720351934433, 0.0022807600908, 0.00253677880391, 0.00104864872992, 0.000730110972654, 0.000632333918475, 0.000925238768104, 0.000515240943059, 0.000393316091504, 0.000298704428133, 0.000315026962198, 0.000326686858898, 0.000223436480155, 0.000372205715394, 0.000313089811243, 0.00022508764232, 0.000251400779234, 0.000154246561578, 0.000170577462995, 0.000297585764201, 0.000141027674545, 8.85840781848e-05, 6.56819684082e-05, 4.94746527693e-05, 1.09429511213e-05], "min": [5.94749057717e-24, 2.33562244949e-23, 8.12477507457e-24, 2.28447428612e-23, 4.28580304306e-23, 1.44683306241e-23, 7.59245094687e-24, 2.30581691791e-23, 3.03942553201e-23, 3.68625676441e-23, 4.84905604028e-23, 6.27850355498e-23, 1.10048002166e-22, 1.0912903601e-22, 1.34394508999e-22, 1.09500002584e-22, 1.45477247411e-22, 2.39270953641e-22, 2.69573991397e-22, 2.00115116858e-22, 3.16315905919e-22, 3.48581326685e-22, 5.00820803371e-22, 8.31444803332e-22, 1.08538384927e-21, 1.63765262102e-21, 2.54122021275e-21], "var": [5.71236751057e-06, 0.000619865197223, 0.000130932952743, 2.07589109777e-05, 7.50579420128e-05, 1.51982230818e-05, 1.84367740985e-06, 1.88932892797e-06, 5.47102945347e-06, 7.66477478464e-06, 4.86955605083e-06, 5.47213403479e-07, 3.28483650947e-07, 3.2182558698e-06, 4.09687459069e-07, 3.25102973875e-07, 1.89879287404e-07, 6.87442494041e-08, 8.68142677746e-08, 2.35349464361e-08, 3.55075400194e-08, 7.05538170109e-08, 2.64793857951e-08, 1.77885066677e-08, 1.71556582274e-08, 6.1466853829e-09, 6.02256411408e-10]}, "erbbands": {"dmean": [0.620194256306, 3.7526512146, 7.80706787109, 7.73537826538, 10.4171638489, 18.957824707, 12.6278924942, 10.9728908539, 9.06438350677, 10.2659854889, 16.872051239, 19.6866912842, 22.6746273041, 24.5020313263, 14.3015575409, 11.2998075485, 10.8903474808, 17.0464553833, 13.8699598312, 10.7482042313, 15.3236665726, 11.4942808151, 8.82255268097, 7.36032009125, 6.43570947647, 3.8064095974, 3.48175311089, 4.2647819519, 5.66149950027, 3.02847886086, 2.17317295074, 1.27879393101, 0.719121217728, 0.473676800728, 0.280078887939, 0.159824043512, 0.0730472058058, 0.016757555306, 0.00244769873098, 0.000134268426336], "dmean2": [0.951041519642, 6.64803791046, 13.9340229034, 13.4271278381, 18.7044448853, 34.46849823, 21.6491336823, 18.6898136139, 14.9559412003, 16.9661312103, 28.0816497803, 32.3243255615, 36.2145462036, 38.4692268372, 23.2709522247, 18.8460597992, 17.9706344604, 27.2771816254, 22.3214206696, 17.2206363678, 25.2215042114, 19.0274925232, 14.6845188141, 12.2931566238, 10.8986024857, 6.42091178894, 5.76133966446, 7.13463068008, 9.48491573334, 4.92035579681, 3.54827904701, 2.06160974503, 1.14001274109, 0.716807126999, 0.413469672203, 0.235112756491, 0.110425889492, 0.025547420606, 0.00370324635878, 0.000203542673262], "dvar": [0.61322337389, 30.2089881897, 203.37071228, 165.658920288, 415.328582764, 2289.60522461, 475.410064697, 410.96194458, 173.559890747, 312.321380615, 647.672302246, 945.039428711, 1386.52416992, 2016.00061035, 499.632019043, 434.961486816, 303.525115967, 1326.93188477, 818.915893555, 325.295776367, 469.369903564, 243.389938354, 133.83241272, 96.8954925537, 77.4478225708, 27.6159210205, 25.3289833069, 30.6647071838, 53.3563117981, 20.5405521393, 9.38751792908, 3.96533489227, 1.42287623882, 0.764727175236, 0.230239719152, 0.0502502284944, 0.0085605122149, 0.000504075549543, 1.1120405361e-05, 3.09385868036e-08], "dvar2": [1.26076924801, 88.5399169922, 584.380432129, 455.393829346, 1169.78759766, 6490.61083984, 1302.99780273, 1111.50476074, 456.579345703, 738.966918945, 1682.40014648, 2441.15795898, 3345.70483398, 4555.51269531, 1190.04821777, 1050.87902832, 760.219177246, 3341.19360352, 2074.34960938, 784.751037598, 1211.41662598, 643.379272461, 359.593597412, 256.702575684, 211.186187744, 74.2449417114, 65.4130477905, 81.9116668701, 144.006820679, 53.6407966614, 24.6780586243, 9.75936031342, 3.12563180923, 1.48999047279, 0.447070449591, 0.098218716681, 0.0189570393413, 0.00113405042794, 2.5325029128e-05, 6.89502854812e-08], "max": [6.80497026443, 45.2277412415, 128.665924072, 140.625518799, 199.470092773, 442.971557617, 358.304138184, 398.902099609, 195.203277588, 454.704193115, 440.338897705, 549.288513184, 812.784240723, 1079.22521973, 563.61315918, 679.956115723, 380.838592529, 1144.03869629, 766.211425781, 502.446075439, 617.693603516, 230.631271362, 192.994628906, 121.873497009, 115.925888062, 87.2359542847, 102.053108215, 82.9608383179, 99.7076339722, 64.0955734253, 48.6836929321, 47.3909759521, 44.8324775696, 34.3995132446, 17.1234893799, 6.74275255203, 0.994576394558, 0.239699155092, 0.032764904201, 0.0015848968178], "mean": [1.02803373337, 5.3123884201, 11.8090629578, 12.4575510025, 13.0364227295, 18.2861003876, 19.3600158691, 16.9164066315, 17.0052318573, 17.7828159332, 28.9957942963, 36.2851448059, 45.8564720154, 51.0787582397, 28.8544807434, 21.2382850647, 22.8293056488, 38.1688575745, 31.083990097, 24.4596843719, 32.5092849731, 23.9838161469, 17.3878726959, 15.3493900299, 14.4339885712, 8.67451667786, 7.51271343231, 10.3022174835, 13.2224559784, 6.8034734726, 5.08783245087, 2.99104881287, 1.63679885864, 1.05081009865, 0.609630942345, 0.33603489399, 0.130354762077, 0.0266737379134, 0.00351697881706, 0.000239270884776], "median": [0.655129730701, 3.90441727638, 8.79245376587, 8.87528991699, 7.89662647247, 8.16342639923, 9.48311901093, 7.89364767075, 10.6131772995, 11.2072038651, 17.5201148987, 20.1585273743, 21.8715209961, 20.0230464935, 17.1902656555, 14.241309166, 15.4958896637, 15.09329319, 15.4320831299, 15.7405452728, 23.590013504, 18.1419582367, 13.614897728, 12.0268507004, 11.3294172287, 7.44424915314, 5.80567932129, 8.93468475342, 11.5095357895, 5.17196178436, 4.21485948563, 2.31503844261, 1.24099457264, 0.764530897141, 0.42966786027, 0.241215065122, 0.0849358960986, 0.0157006047666, 0.00193554500584, 0.000162642390933], "min": [5.53951052343e-22, 3.64902649292e-21, 9.93034687455e-21, 7.05198097077e-20, 6.393467655e-20, 1.31230278402e-19, 1.08895174017e-19, 1.81862003696e-19, 1.17409796426e-19, 2.42122150095e-19, 6.5296184819e-19, 6.4152612792e-19, 1.18891941232e-18, 1.86485490956e-18, 1.99442261955e-18, 2.38417358057e-18, 5.00837388181e-18, 6.35729287546e-18, 5.47104908563e-18, 5.35006606283e-18, 5.47156814147e-18, 9.09358359432e-18, 1.32793830188e-17, 1.13721477174e-17, 1.44279770661e-17, 1.01653317355e-17, 1.18652838473e-17, 1.31620962526e-17, 1.04305341117e-17, 1.62865509865e-17, 1.52698947284e-17, 1.84802356253e-17, 1.23169997351e-17, 1.19118764496e-17, 7.92460781676e-18, 4.99216486411e-18, 3.26350813754e-18, 1.14253587986e-18, 3.65839832001e-19, 3.94009454837e-20], "var": [1.12981581688, 26.14610672, 154.840270996, 166.528442383, 320.858581543, 1485.71130371, 860.917419434, 628.576416016, 388.855682373, 626.724609375, 1282.67504883, 2237.73242188, 4592.515625, 6874.61035156, 1389.05712891, 779.756652832, 746.104248047, 4715.46386719, 2705.68115234, 882.514526367, 1256.9050293, 520.422546387, 227.077911377, 180.028701782, 166.525848389, 52.7772903442, 50.4775085449, 71.3621368408, 110.767700195, 41.6293067932, 20.7355575562, 9.9487991333, 4.12118864059, 2.32095003128, 0.838824570179, 0.165736466646, 0.0196311175823, 0.000923926883843, 1.7954624127e-05, 5.04187873673e-08]}, "gfcc": {"mean": [44.1885147095, 89.0563201904, -92.4275588989, 37.2357978821, -41.665271759, 20.1935424805, -23.4196109772, 11.441822052, -12.9996805191, 2.34455013275, -19.0767288208, 5.68895292282, -11.3080120087], "cov": [[12352.3798828, -1205.90478516, 640.623291016, 630.673278809, -610.383789062, 737.102416992, -65.6069488525, -52.9387054443, -499.223937988, -23.3036327362, -618.694580078, -19.0214118958, -282.725280762], [-1205.90478516, 930.254760742, -245.386474609, 94.1517562866, 170.703048706, -115.835876465, 145.03024292, -38.7097434998, 124.335380554, -65.544670105, 119.090858459, -54.9033660889, 90.2277450562], [640.623291016, -245.386474609, 383.598114014, 28.3540611267, -3.22910141945, 61.9628753662, -5.17911815643, 13.1324987411, -22.797208786, 11.9784202576, -55.5806846619, 17.3483753204, -37.8686103821], [630.673278809, 94.1517562866, 28.3540611267, 359.9894104, -38.4819526672, 23.0799980164, 22.3447437286, -21.5318641663, -1.95686304569, -14.9518098831, 2.6332988739, -43.4524078369, -1.36597311497], [-610.383789062, 170.703048706, -3.22910141945, -38.4819526672, 183.18762207, -27.6277599335, 69.2459030151, 11.5928544998, 48.9187240601, 5.24467945099, 35.9324607849, 2.0536365509, 8.95417881012], [737.102416992, -115.835876465, 61.9628753662, 23.0799980164, -27.6277599335, 190.021713257, 28.1566848755, 17.09217453, -28.5655288696, -2.22279953957, -42.9523887634, -18.1222190857, -21.6691207886], [-65.6069488525, 145.03024292, -5.17911815643, 22.3447437286, 69.2459030151, 28.1566848755, 120.421691895, 16.4922180176, 29.9037036896, -13.5094890594, 8.92641067505, -15.0101919174, -0.876757204533], [-52.9387054443, -38.7097434998, 13.1324987411, -21.5318641663, 11.5928544998, 17.09217453, 16.4922180176, 76.8540649414, 25.3406410217, 10.9995594025, -6.62858009338, 9.55048370361, -4.38604545593], [-499.223937988, 124.335380554, -22.797208786, -1.95686304569, 48.9187240601, -28.5655288696, 29.9037036896, 25.3406410217, 91.784072876, 20.2960529327, 36.3066444397, -3.81931471825, 22.2834968567], [-23.3036327362, -65.544670105, 11.9784202576, -14.9518098831, 5.24467945099, -2.22279953957, -13.5094890594, 10.9995594025, 20.2960529327, 65.870475769, 25.9671916962, 16.6162242889, -1.39893627167], [-618.694580078, 119.090858459, -55.5806846619, 2.6332988739, 35.9324607849, -42.9523887634, 8.92641067505, -6.62858009338, 36.3066444397, 25.9671916962, 90.9140014648, 15.9475660324, 29.3859195709], [-19.0214118958, -54.9033660889, 17.3483753204, -43.4524078369, 2.0536365509, -18.1222190857, -15.0101919174, 9.55048370361, -3.81931471825, 16.6162242889, 15.9475660324, 63.383644104, 20.5077934265], [-282.725280762, 90.2277450562, -37.8686103821, -1.36597311497, 8.95417881012, -21.6691207886, -0.876757204533, -4.38604545593, 22.2834968567, -1.39893627167, 29.3859195709, 20.5077934265, 60.5787963867]], "icov": [[0.000255584367551, -0.000211944614421, -5.79445768381e-05, -0.000432660832303, 0.000454435677966, -0.000564391433727, -0.000185701079317, 0.000257001898717, 0.000641002319753, -0.000927878776565, 0.001597590046, -0.000925190630369, 0.000490415026434], [-0.000211944614421, 0.00350948725827, 0.00110111420508, -0.000183418072993, -0.00171244714875, 0.00138322298881, -0.00205172551796, 0.0012543812627, -0.00269732112065, 0.00409403583035, -0.00337547203526, 0.00290357507765, -0.0029819002375], [-5.79445768381e-05, 0.00110111420508, 0.00374269089662, -0.000719934643712, -0.00123206584249, -0.000428440514952, -0.000240559806116, 0.000772586732637, -0.00142466078978, 0.000545109156519, 0.0012204349041, -0.00170168466866, 0.0010149218142], [-0.000432660832303, -0.000183418072993, -0.000719934643712, 0.00421832827851, 0.000707499799319, 0.000825624272693, -0.000402315665269, -0.000149540544953, -0.000534333637916, 0.00120519392658, -0.00351699488238, 0.00390376872383, -0.00131800991949], [0.000454435677966, -0.00171244714875, -0.00123206584249, 0.000707499799319, 0.0100509310141, -0.000102304824395, -0.00431572599337, 0.000349633628502, -0.000272059405688, -0.00274939904921, 0.00150739576202, -0.00243394821882, 0.00248718005605], [-0.000564391433727, 0.00138322298881, -0.000428440514952, 0.000825624272693, -0.000102304824395, 0.00885136891156, -0.00331176701002, -0.00206757965498, 0.00110159313772, 0.000484031188535, -0.00202208012342, 0.00523975305259, -0.00314680160955], [-0.000185701079317, -0.00205172551796, -0.000240559806116, -0.000402315665269, -0.00431572599337, -0.00331176701002, 0.0153098814189, -0.00267509510741, -0.002266921103, 0.00299998535775, -0.00115003006067, -0.000467795325676, 0.00313032767735], [0.000257001898717, 0.0012543812627, 0.000772586732637, -0.000149540544953, 0.000349633628502, -0.00206757965498, -0.00267509510741, 0.0184649340808, -0.00772576313466, -0.000416104128817, 0.00430422928184, -0.00556060299277, 0.0029444238171], [0.000641002319753, -0.00269732112065, -0.00142466078978, -0.000534333637916, -0.000272059405688, 0.00110159313772, -0.002266921103, -0.00772576313466, 0.0242922957987, -0.0108720911667, 0.00175491929986, 0.00452139787376, -0.00562021648511], [-0.000927878776565, 0.00409403583035, 0.000545109156519, 0.00120519392658, -0.00274939904921, 0.000484031188535, 0.00299998535775, -0.000416104128817, -0.0108720911667, 0.0296061430126, -0.0153242070228, -0.000530574645381, 0.00282859476283], [0.001597590046, -0.00337547203526, 0.0012204349041, -0.00351699488238, 0.00150739576202, -0.00202208012342, -0.00115003006067, 0.00430422928184, 0.00175491929986, -0.0153242070228, 0.0316197685897, -0.0104815848172, -0.000273307639873], [-0.000925190630369, 0.00290357507765, -0.00170168466866, 0.00390376872383, -0.00243394821882, 0.00523975305259, -0.000467795325676, -0.00556060299277, 0.00452139787376, -0.000530574645381, -0.0104815848172, 0.0313630439341, -0.0150019619614], [0.000490415026434, -0.0029819002375, 0.0010149218142, -0.00131800991949, 0.00248718005605, -0.00314680160955, 0.00313032767735, 0.0029444238171, -0.00562021648511, 0.00282859476283, -0.000273307639873, -0.0150019619614, 0.0299513973296]]}, "melbands": {"dmean": [0.00485941907391, 0.00417925650254, 0.00132816086989, 0.00111712503713, 0.000499045592733, 0.000254525279161, 0.000132059722091, 0.000120311939099, 0.000147401558934, 0.000125299411593, 0.000118657546409, 0.000104633327282, 6.47606357234e-05, 3.20688486681e-05, 3.6108885979e-05, 2.04091502383e-05, 3.72601498384e-05, 2.79838077404e-05, 1.7137701434e-05, 1.43116021718e-05, 2.10902253457e-05, 1.39984231282e-05, 8.46690454637e-06, 7.88123998063e-06, 6.33597346678e-06, 6.38180381429e-06, 3.90039576814e-06, 2.55952295447e-06, 2.37401559389e-06, 2.16073226511e-06, 3.01845875583e-06, 3.65259984392e-06, 2.53989560406e-06, 1.61733692039e-06, 1.40952079164e-06, 1.04885475594e-06, 7.78189587436e-07, 5.22218954302e-07, 5.22472589637e-07, 4.07453825346e-07], "dmean2": [0.00795011594892, 0.00748457666487, 0.00230657402426, 0.00203616754152, 0.000868216680828, 0.000432941509644, 0.000218565124669, 0.000199482979951, 0.000243712871452, 0.000205586577067, 0.00018891687796, 0.000163616976351, 0.000103650025267, 5.31516270712e-05, 5.97143916821e-05, 3.35436852765e-05, 5.95287892793e-05, 4.50985899079e-05, 2.71832759609e-05, 2.340759238e-05, 3.48542416759e-05, 2.334355122e-05, 1.42689114e-05, 1.31419819809e-05, 1.06637426143e-05, 1.08363883555e-05, 6.58298222334e-06, 4.33047625847e-06, 3.97745498049e-06, 3.6112962789e-06, 5.07963477503e-06, 6.17364321442e-06, 4.25165490014e-06, 2.63843594439e-06, 2.31189847e-06, 1.72238685536e-06, 1.26490590446e-06, 8.44776877784e-07, 8.27943324566e-07, 6.23617268047e-07], "dvar": [3.71186688426e-05, 5.2349329053e-05, 4.86726003146e-06, 7.24705159882e-06, 9.07158550945e-07, 2.0821001101e-07, 3.55757947545e-08, 3.86595644386e-08, 4.92315948009e-08, 3.59982053055e-08, 3.84299241318e-08, 3.44723076751e-08, 1.39969085211e-08, 3.86979515099e-09, 3.27370530684e-09, 1.0993195243e-09, 7.02603308866e-09, 4.38166436467e-09, 1.23019772147e-09, 4.36723435193e-10, 9.7913088748e-10, 3.86670528929e-10, 1.40866651677e-10, 1.20022394801e-10, 7.0738706559e-11, 7.59305535114e-11, 2.75383171128e-11, 1.31106809437e-11, 1.18780003194e-11, 1.0947221428e-11, 1.40083188105e-11, 2.17651261597e-11, 1.17394991297e-11, 7.03400402161e-12, 4.05217873145e-12, 2.2484785301e-12, 1.54645827394e-12, 7.28306195734e-13, 8.68866339553e-13, 5.845545944e-13], "dvar2": [8.99977603694e-05, 0.00015142664779, 1.33040775836e-05, 2.06495587918e-05, 2.51581923294e-06, 5.64536094316e-07, 9.48967624481e-08, 9.45463156654e-08, 1.24413588765e-07, 9.27036936105e-08, 9.16923355021e-08, 7.83291227435e-08, 3.16112185317e-08, 9.80377912185e-09, 8.1430959753e-09, 2.68696909167e-09, 1.7553460907e-08, 1.10685052235e-08, 2.98724711634e-09, 1.07437736485e-09, 2.56973331503e-09, 1.03218944503e-09, 3.89300952586e-10, 3.17650544757e-10, 1.88384932653e-10, 2.09430403575e-10, 7.62364477103e-11, 3.54504967048e-11, 3.11560048594e-11, 2.85684271378e-11, 3.82850175173e-11, 5.9089441673e-11, 3.16129483702e-11, 1.85485706655e-11, 1.0831735682e-11, 5.95154004204e-12, 3.78609990581e-12, 1.68545364297e-12, 1.8973401409e-12, 1.16643207679e-12], "max": [0.0493206717074, 0.0568702593446, 0.0259428471327, 0.0256430245936, 0.00951824802905, 0.00874119997025, 0.00268522952683, 0.0044211698696, 0.0053630634211, 0.0031301076524, 0.0042441659607, 0.00397323118523, 0.0031926908996, 0.0015699735377, 0.00149259821046, 0.00106957659591, 0.00261093932204, 0.00172890967224, 0.000881273415871, 0.000508122844622, 0.000736406364013, 0.000327575602569, 0.000436563568655, 0.000132523622597, 0.000124215555843, 0.000121283446788, 7.07908402546e-05, 6.36055483483e-05, 7.26085563656e-05, 3.80341807613e-05, 5.65642076253e-05, 5.547130786e-05, 4.74915577797e-05, 3.36207194778e-05, 3.2077969081e-05, 2.1142694095e-05, 3.67149441445e-05, 2.91950582323e-05, 3.22618398059e-05, 3.48901558027e-05], "mean": [0.00826222542673, 0.00658652326092, 0.00223800912499, 0.00115584360901, 0.000702361285221, 0.000405152619351, 0.000246739626164, 0.000201091606868, 0.000251967983786, 0.000230537785683, 0.000236034131376, 0.000216098051169, 0.00012229551794, 5.57537568966e-05, 6.23587984592e-05, 4.18700255977e-05, 7.8678043792e-05, 5.66908347537e-05, 3.50812370016e-05, 2.95312929666e-05, 4.06399994972e-05, 2.60617725871e-05, 1.68342121469e-05, 1.35060672619e-05, 1.23076615637e-05, 1.26419135995e-05, 7.93507388153e-06, 5.13984286954e-06, 4.60363708044e-06, 4.38587176177e-06, 6.74088778396e-06, 8.06483149063e-06, 5.46452565686e-06, 3.17972626362e-06, 3.05813364321e-06, 2.36276650867e-06, 1.62377750712e-06, 1.09366237666e-06, 1.08689869194e-06, 8.19281012809e-07], "median": [0.00571543723345, 0.00531976204365, 0.00164203112945, 0.000588680733927, 0.000369004555978, 0.000194384061615, 0.000156993817654, 0.000123751000501, 0.000143991506775, 0.000125197635498, 0.000100922407, 7.67658784753e-05, 5.45628645341e-05, 3.26399313053e-05, 3.76914395019e-05, 2.70943601208e-05, 2.57274696196e-05, 2.43656813836e-05, 1.69825270859e-05, 2.13540024561e-05, 2.7827140002e-05, 1.89033817151e-05, 1.30294693008e-05, 9.88657484413e-06, 9.35863045015e-06, 9.33027149586e-06, 6.37220955468e-06, 4.16995999331e-06, 3.45264538737e-06, 3.14212798003e-06, 5.80620962864e-06, 6.89032685841e-06, 4.31317403127e-06, 2.17193110075e-06, 2.47378534368e-06, 1.8737374603e-06, 1.16042872378e-06, 8.07707522199e-07, 7.66963978549e-07, 5.65094865124e-07], "min": [6.89398561278e-24, 5.48295602806e-24, 1.17477662988e-23, 6.26840905417e-24, 5.38430384427e-24, 3.58785141519e-24, 1.57072165598e-24, 2.92534295281e-24, 6.14813419297e-24, 3.74282471775e-24, 5.55212492996e-24, 7.14804536705e-24, 6.32892060206e-24, 7.60066535547e-24, 6.71697074767e-24, 1.2884351569e-23, 1.17448451469e-23, 6.99127030619e-24, 9.32296722604e-24, 7.47953655234e-24, 6.13229347156e-24, 9.07980006315e-24, 1.10444983795e-23, 1.09346258326e-23, 8.83934105974e-24, 1.0416666862e-23, 6.45125991226e-24, 6.59597644532e-24, 5.56424341118e-24, 8.65463164536e-24, 6.37243022529e-24, 5.05148461165e-24, 8.34936771859e-24, 8.8972450279e-24, 8.12643404906e-24, 1.10017807726e-23, 1.02563924142e-23, 7.83300619131e-24, 9.27730637913e-24, 1.04213952943e-23], "var": [5.9076170146e-05, 3.91815920011e-05, 5.01788736074e-06, 4.71389148515e-06, 1.03858985767e-06, 3.6101613432e-07, 7.66466285995e-08, 7.3327122152e-08, 1.07058383492e-07, 8.81374973005e-08, 1.36406001161e-07, 1.27109501591e-07, 4.06325497693e-08, 8.15396816733e-09, 6.2999374606e-09, 3.29792482212e-09, 2.45829436807e-08, 1.38420492846e-08, 3.83392517733e-09, 9.31437482699e-10, 2.3155062312e-09, 7.08591074705e-10, 2.51379778105e-10, 1.6381142276e-10, 1.26473498341e-10, 1.50241569186e-10, 4.85476797651e-11, 2.20234316894e-11, 2.04932720099e-11, 2.07054564466e-11, 3.09713539537e-11, 4.23238215308e-11, 2.45023532713e-11, 1.15934284742e-11, 7.98260849783e-12, 5.03636845769e-12, 3.623720898e-12, 1.87359394492e-12, 2.3393075671e-12, 1.59447281767e-12]}, "mfcc": {"mean": [-603.84564209, 121.089889526, 13.2752885818, 29.1616802216, 9.02530097961, 16.7387580872, 1.48990988731, 15.7317209244, 8.67122459412, 3.95667552948, 5.02337026596, -0.797080039978, 0.295678704977], "cov": [[6872.4375, -32.1228523254, -17.4428062439, -71.4595108032, -153.616470337, 86.4218292236, 1.81736218929, 44.8962898254, -36.8443832397, -20.924495697, -77.0081558228, -156.554000854, -164.743011475], [-32.1228523254, 644.391174316, -130.28137207, 82.9281463623, 9.11874961853, 42.5726165771, 26.8141136169, 65.4117126465, 37.0952339172, 22.1483249664, 28.6221351624, -19.4188251495, -17.7776889801], [-17.4428062439, -130.28137207, 239.816085815, -17.5905685425, 35.9567642212, -5.29704809189, -13.9426822662, -6.70536565781, -2.49370574951, 0.436728060246, -8.53078365326, 8.93360996246, 11.377705574], [-71.4595108032, 82.9281463623, -17.5905685425, 245.803436279, 16.9348869324, -6.33497571945, -8.73829269409, -12.2093935013, 6.05160856247, -36.3085479736, 8.92811584473, 51.7578201294, 41.0622444153], [-153.616470337, 9.11874961853, 35.9567642212, 16.9348869324, 82.3007354736, 17.4817142487, 1.23404526711, 6.14178752899, 8.55181694031, 11.1884126663, 6.82838773727, 7.33295059204, 13.232884407], [86.4218292236, 42.5726165771, -5.29704809189, -6.33497571945, 17.4817142487, 75.0582122803, 34.7014160156, 12.436794281, 3.11455893517, 16.4157314301, 9.07612514496, -2.28605604172, -5.68608665466], [1.81736218929, 26.8141136169, -13.9426822662, -8.73829269409, 1.23404526711, 34.7014160156, 71.5066452026, 28.0039997101, 4.98151540756, 4.29864597321, 11.1570634842, 2.35866451263, -3.18509149551], [44.8962898254, 65.4117126465, -6.70536565781, -12.2093935013, 6.14178752899, 12.436794281, 28.0039997101, 77.5463256836, 33.2892189026, 15.482000351, 5.9755654335, -7.53021335602, -3.97316074371], [-36.8443832397, 37.0952339172, -2.49370574951, 6.05160856247, 8.55181694031, 3.11455893517, 4.98151540756, 33.2892189026, 60.513961792, 27.1412944794, 10.6379804611, 1.25277101994, 7.21666097641], [-20.924495697, 22.1483249664, 0.436728060246, -36.3085479736, 11.1884126663, 16.4157314301, 4.29864597321, 15.482000351, 27.1412944794, 61.8857421875, 22.4139308929, -4.77383947372, -6.59346389771], [-77.0081558228, 28.6221351624, -8.53078365326, 8.92811584473, 6.82838773727, 9.07612514496, 11.1570634842, 5.9755654335, 10.6379804611, 22.4139308929, 48.5560569763, 23.7099933624, 8.0097284317], [-156.554000854, -19.4188251495, 8.93360996246, 51.7578201294, 7.33295059204, -2.28605604172, 2.35866451263, -7.53021335602, 1.25277101994, -4.77383947372, 23.7099933624, 67.5366439819, 36.1697692871], [-164.743011475, -17.7776889801, 11.377705574, 41.0622444153, 13.232884407, -5.68608665466, -3.18509149551, -3.97316074371, 7.21666097641, -6.59346389771, 8.0097284317, 36.1697692871, 59.0866699219]], "icov": [[0.000172504922375, 5.41820845683e-05, -4.3647181883e-05, -0.000107393636426, 0.000360716017894, -0.00037281063851, 0.000203393297852, -0.000217164633796, 8.10796846054e-05, 5.06042779307e-05, 4.10681786889e-05, 0.000248429627391, 0.000298111815937], [5.41820845683e-05, 0.00224269693717, 0.000993678462692, -0.00110991031397, -9.47883163462e-05, -0.00106308527756, 0.000609901093412, -0.00175919116009, -2.71694389085e-05, -9.98476389213e-05, -0.00129046232905, 0.00139804685023, 0.000550635741092], [-4.3647181883e-05, 0.000993678462692, 0.00520762149245, 0.000345490378095, -0.00249140406959, 6.45283726044e-05, 0.000809902849142, -0.000578532868531, 7.15111455065e-05, -0.000114660455438, 0.000890391878784, -0.000846586714033, -0.000120658434753], [-0.000107393636426, -0.00110991031397, 0.000345490378095, 0.00650794059038, -0.00146075151861, -6.28639245406e-05, 0.000690000655595, 0.00165618467145, -0.00263230921701, 0.00475567020476, -0.000187205863767, -0.00410321541131, -0.00136359641328], [0.000360716017894, -9.47883163462e-05, -0.00249140406959, -0.00146075151861, 0.0158920828253, -0.00463131256402, 0.00191291631199, -0.00141052377876, 0.000314544449793, -0.00219463277608, -0.000595276302192, 0.00167302694172, -0.00275121675804], [-0.00037281063851, -0.00106308527756, 6.45283726044e-05, -6.28639245406e-05, -0.00463131256402, 0.0209250487387, -0.0104081314057, 0.00202770088799, 0.0019764364697, -0.00556859234348, 0.00122603180353, -0.000497409433592, 0.00057363556698], [0.000203393297852, 0.000609901093412, 0.000809902849142, 0.000690000655595, 0.00191291631199, -0.0104081314057, 0.0226701535285, -0.00830863788724, 0.00155165558681, 0.00413371575996, -0.00450284173712, -0.000813079939689, 0.000728347804397], [-0.000217164633796, -0.00175919116009, -0.000578532868531, 0.00165618467145, -0.00141052377876, 0.00202770088799, -0.00830863788724, 0.0221638642251, -0.0113327242434, 0.000962579157203, 0.00102834298741, 0.000456477224361, 0.00045188787044], [8.10796846054e-05, -2.71694389085e-05, 7.15111455065e-05, -0.00263230921701, 0.000314544449793, 0.0019764364697, 0.00155165558681, -0.0113327242434, 0.0288751199841, -0.0126419831067, 0.000710964552127, 0.00168146390934, -0.00458832317963], [5.06042779307e-05, -9.98476389213e-05, -0.000114660455438, 0.00475567020476, -0.00219463277608, -0.00556859234348, 0.00413371575996, 0.000962579157203, -0.0126419831067, 0.0313271805644, -0.0137551156804, 0.00241088867188, 0.00250000995584], [4.10681786889e-05, -0.00129046232905, 0.000890391878784, -0.000187205863767, -0.000595276302192, 0.00122603180353, -0.00450284173712, 0.00102834298741, 0.000710964552127, -0.0137551156804, 0.035237133503, -0.0143929207698, 0.00217472366057], [0.000248429627391, 0.00139804685023, -0.000846586714033, -0.00410321541131, 0.00167302694172, -0.000497409433592, -0.000813079939689, 0.000456477224361, 0.00168146390934, 0.00241088867188, -0.0143929207698, 0.0313284732401, -0.0134707475081], [0.000298111815937, 0.000550635741092, -0.000120658434753, -0.00136359641328, -0.00275121675804, 0.00057363556698, 0.000728347804397, 0.00045188787044, -0.00458832317963, 0.00250000995584, 0.00217472366057, -0.0134707475081, 0.0284236781299]]}, "spectral_contrast_coeffs": {"dmean": [0.0551160611212, 0.0468053407967, 0.0381611920893, 0.0269923042506, 0.0188548341393, 0.0170346405357], "dmean2": [0.0920041054487, 0.0781931951642, 0.0634049400687, 0.0452487505972, 0.0316109880805, 0.0276089906693], "dvar": [0.00225410982966, 0.00134372978937, 0.000895242206752, 0.000453662767541, 0.000218618195504, 0.000257210253039], "dvar2": [0.00617636414245, 0.00367652392015, 0.00246076495387, 0.00123420334421, 0.000603858265094, 0.000608054746408], "max": [-0.392819017172, -0.476058453321, -0.514391839504, -0.618087410927, -0.695735573769, -0.575446128845], "mean": [-0.684327185154, -0.753641188145, -0.769445121288, -0.793570578098, -0.801972389221, -0.743236660957], "median": [-0.689435839653, -0.759047031403, -0.776396274567, -0.79852449894, -0.802647233009, -0.744064211845], "min": [-0.957665920258, -0.969224870205, -0.962303936481, -0.964077234268, -0.96178984642, -0.962722420692], "var": [0.00440435064957, 0.00405282899737, 0.00365858874284, 0.00192508276086, 0.000688103900757, 0.00130992603954]}, "spectral_contrast_valleys": {"dmean": [0.345207065344, 0.358241796494, 0.315155148506, 0.244386658072, 0.240287318826, 0.283374577761], "dmean2": [0.570794761181, 0.599573612213, 0.523162007332, 0.394077807665, 0.367985367775, 0.401080936193], "dvar": [0.109437175095, 0.123730406165, 0.096762470901, 0.0660151466727, 0.0868038535118, 0.139451310039], "dvar2": [0.248459219933, 0.298030763865, 0.219352960587, 0.127841368318, 0.16092929244, 0.265455573797], "max": [-4.84474182129, -4.23595094681, -5.43701076508, -6.09932565689, -5.88441848755, -7.8120303154], "mean": [-6.265776