{"lowlevel": {"average_loudness": 0.345152109861, "barkbands_crest": {"dmean": 1.70052099228, "dmean2": 2.72281289101, "dvar": 2.65445590019, "dvar2": 6.92164564133, "max": 25.3346977234, "mean": 10.0569858551, "median": 9.22163009644, "min": 3.4682674408, "var": 13.7893743515}, "barkbands_flatness_db": {"dmean": 0.0139580210671, "dmean2": 0.0221541412175, "dvar": 0.000223564100452, "dvar2": 0.000530191173311, "max": 0.476629734039, "mean": 0.2136785537, "median": 0.210846662521, "min": 0.0655060708523, "var": 0.00171063002199}, "barkbands_kurtosis": {"dmean": 1.47927308083, "dmean2": 2.37053108215, "dvar": 4.72293138504, "dvar2": 11.6193065643, "max": 76.9821166992, "mean": 3.3096203804, "median": 2.25679659843, "min": -1.55206286907, "var": 23.0058021545}, "barkbands_skewness": {"dmean": 0.309346586466, "dmean2": 0.484669178724, "dvar": 0.097909078002, "dvar2": 0.235388427973, "max": 8.01350975037, "mean": 1.35205376148, "median": 1.26544260979, "min": -1.29302704334, "var": 0.642312049866}, "barkbands_spread": {"dmean": 1.86722278595, "dmean2": 3.02038693428, "dvar": 3.30571293831, "dvar2": 8.54376125336, "max": 32.9684562683, "mean": 10.6949872971, "median": 10.2410507202, "min": 0.986329138279, "var": 14.4668865204}, "dissonance": {"dmean": 0.0229597426951, "dmean2": 0.0383379310369, "dvar": 0.000417405943153, "dvar2": 0.00112340133637, "max": 0.499728083611, "mean": 0.43411231041, "median": 0.438694775105, "min": 0.237181574106, "var": 0.0011544120498}, "dynamic_complexity": 4.2832775116, "erbbands_crest": {"dmean": 2.30837988853, "dmean2": 3.70181536674, "dvar": 5.3279709816, "dvar2": 13.6308507919, "max": 32.8792533875, "mean": 10.7909040451, "median": 9.51686859131, "min": 3.31033229828, "var": 22.2997245789}, "erbbands_flatness_db": {"dmean": 0.0122204497457, "dmean2": 0.0189375765622, "dvar": 0.000147714614286, "dvar2": 0.000346597196767, "max": 0.430875778198, "mean": 0.241915911436, "median": 0.239250540733, "min": 0.134649142623, "var": 0.00111421919428}, "erbbands_kurtosis": {"dmean": 0.754427731037, "dmean2": 1.18741595745, "dvar": 1.06865310669, "dvar2": 2.22614693642, "max": 28.2617988586, "mean": 0.623473227024, "median": 0.0753337144852, "min": -1.55781459808, "var": 4.55537796021}, "erbbands_skewness": {"dmean": 0.279126167297, "dmean2": 0.442921191454, "dvar": 0.0670311227441, "dvar2": 0.165672659874, "max": 4.65965795517, "mean": 0.747047305107, "median": 0.679147362709, "min": -1.5591583252, "var": 0.346479952335}, "erbbands_spread": {"dmean": 3.50118517876, "dmean2": 5.48184299469, "dvar": 10.4839687347, "dvar2": 25.5547103882, "max": 46.0605545044, "mean": 22.8024330139, "median": 22.8953857422, "min": 3.20795559883, "var": 46.1407394409}, "hfc": {"dmean": 1.92521560192, "dmean2": 2.69294667244, "dvar": 11.6491346359, "dvar2": 20.7944355011, "max": 95.5556030273, "mean": 8.93779754639, "median": 5.14520645142, "min": 1.58109542099e-05, "var": 108.999351501}, "melbands_crest": {"dmean": 2.24721455574, "dmean2": 3.64012217522, "dvar": 4.96888875961, "dvar2": 13.4718914032, "max": 33.1812324524, "mean": 13.0383014679, "median": 11.993183136, "min": 4.44314146042, "var": 21.2681007385}, "melbands_flatness_db": {"dmean": 0.0166194997728, "dmean2": 0.0257951263338, "dvar": 0.000365016050637, "dvar2": 0.000812620040961, "max": 0.629693746567, "mean": 0.286681979895, "median": 0.283553183079, "min": 0.0546602010727, "var": 0.00273697753437}, "melbands_kurtosis": {"dmean": 2.4960205555, "dmean2": 3.97219228745, "dvar": 14.2460031509, "dvar2": 36.0791778564, "max": 114.916564941, "mean": 6.80305194855, "median": 4.85612773895, "min": -1.39780628681, "var": 67.5176925659}, "melbands_skewness": {"dmean": 0.367413133383, "dmean2": 0.567935705185, "dvar": 0.142273336649, "dvar2": 0.341490507126, "max": 9.21105384827, "mean": 1.85593414307, "median": 1.75676202774, "min": -1.00092208385, "var": 0.957327604294}, "melbands_spread": {"dmean": 2.40640664101, "dmean2": 3.89243149757, "dvar": 6.45123291016, "dvar2": 16.0815830231, "max": 65.5321960449, "mean": 12.8197317123, "median": 12.1051082611, "min": 0.939103662968, "var": 26.2637653351}, "pitch_salience": {"dmean": 0.0469155535102, "dmean2": 0.0759510546923, "dvar": 0.00178621755913, "dvar2": 0.00457652332261, "max": 0.845919549465, "mean": 0.535565376282, "median": 0.545340836048, "min": 0.084784373641, "var": 0.010170605965}, "silence_rate_20dB": {"dmean": 0, "dmean2": 0, "dvar": 0, "dvar2": 0, "max": 1, "mean": 1, "median": 1, "min": 1, "var": 0}, "silence_rate_30dB": {"dmean": 0.00456394487992, "dmean2": 0.00912879500538, "dvar": 0.00454289000481, "dvar2": 0.0108316903934, "max": 1, "mean": 0.994146823883, "median": 1, "min": 0, "var": 0.00581893324852}, "silence_rate_60dB": {"dmean": 0.0327413417399, "dmean2": 0.0654891878366, "dvar": 0.0316666141152, "dvar2": 0.0705233886838, "max": 1, "mean": 0.121626980603, "median": 0, "min": 0, "var": 0.106823571026}, "spectral_centroid": {"dmean": 86.3594512939, "dmean2": 138.973083496, "dvar": 8677.79785156, "dvar2": 20598.6640625, "max": 2972.23413086, "mean": 697.79309082, "median": 661.94128418, "min": 210.734390259, "var": 39459.1328125}, "spectral_complexity": {"dmean": 1.7745808363, "dmean2": 2.78527474403, "dvar": 3.28518986702, "dvar2": 6.65291023254, "max": 38, "mean": 12.8540678024, "median": 12, "min": 0, "var": 40.8459739685}, "spectral_decrease": {"dmean": 1.07948516792e-09, "dmean2": 1.63120983387e-09, "dvar": 3.71543309533e-18, "dvar2": 8.2716795669e-18, "max": -1.06806619484e-15, "mean": -4.77659201081e-09, "median": -2.87585044667e-09, "min": -4.81122768292e-08, "var": 2.64740031859e-17}, "spectral_energy": {"dmean": 0.00422718282789, "dmean2": 0.00636444333941, "dvar": 5.68258365092e-05, "dvar2": 0.00012532020628, "max": 0.187801033258, "mean": 0.0188386235386, "median": 0.0113604618236, "min": 5.4652340431e-09, "var": 0.000412885769038}, "spectral_energyband_high": {"dmean": 1.65404362633e-05, "dmean2": 2.49585136771e-05, "dvar": 1.47611378676e-09, "dvar2": 3.45036155203e-09, "max": 0.000802192778792, "mean": 4.06301733165e-05, "median": 1.46389711517e-05, "min": 7.48804518391e-10, "var": 4.88477791549e-09}, "spectral_energyband_low": {"dmean": 0.00147168862168, "dmean2": 0.00240073329769, "dvar": 9.32240436669e-06, "dvar2": 2.5368977731e-05, "max": 0.0586143471301, "mean": 0.00403995765373, "median": 0.00206119916402, "min": 7.78117570377e-11, "var": 2.39648798015e-05}, "spectral_energyband_middle_high": {"dmean": 0.000757227651775, "dmean2": 0.0011122378055, "dvar": 1.74587466972e-06, "dvar2": 3.52317510988e-06, "max": 0.0346073918045, "mean": 0.00251064170152, "median": 0.00129527389072, "min": 3.96984001227e-09, "var": 1.06238148874e-05}, "spectral_energyband_middle_low": {"dmean": 0.00337600638159, "dmean2": 0.00510320626199, "dvar": 4.04203201469e-05, "dvar2": 9.39724923228e-05, "max": 0.153322502971, "mean": 0.0127246128395, "median": 0.00725323799998, "min": 7.0523525908e-10, "var": 0.000229740689974}, "spectral_entropy": {"dmean": 0.12970508635, "dmean2": 0.207842424512, "dvar": 0.0236088298261, "dvar2": 0.0575240775943, "max": 7.91852283478, "mean": 6.77066993713, "median": 6.80503988266, "min": 4.64261484146, "var": 0.105277918279}, "spectral_flux": {"dmean": 0.0127667402849, "dmean2": 0.0206005517393, "dvar": 0.000300422456348, "dvar2": 0.000742747331969, "max": 0.277012974024, "mean": 0.0434977374971, "median": 0.0349206477404, "min": 7.39272218198e-05, "var": 0.00102833961137}, "spectral_kurtosis": {"dmean": 6.02801513672, "dmean2": 10.7168340683, "dvar": 28.6889705658, "dvar2": 88.0763778687, "max": 92.3052749634, "mean": 11.862244606, "median": 10.1037445068, "min": 0.976530075073, "var": 58.2966575623}, "spectral_rms": {"dmean": 0.000424403202487, "dmean2": 0.000627693661954, "dvar": 2.98351096717e-07, "dvar2": 6.24601682375e-07, "max": 0.0135358972475, "mean": 0.00378384394571, "median": 0.00332917063497, "min": 2.30909859056e-06, "var": 4.06163371736e-06}, "spectral_rolloff": {"dmean": 131.049499512, "dmean2": 230.547622681, "dvar": 34579.3710938, "dvar2": 85002.7421875, "max": 3962.109375, "mean": 712.301513672, "median": 689.0625, "min": 64.599609375, "var": 75598.9921875}, "spectral_skewness": {"dmean": 0.49084186554, "dmean2": 0.865573704243, "dvar": 0.175670206547, "dvar2": 0.530534863472, "max": 7.35195827484, "mean": 2.21209096909, "median": 2.10788965225, "min": 0.914233565331, "var": 0.385008007288}, "spectral_spread": {"dmean": 204450.109375, "dmean2": 344893, "dvar": 36965498880, "dvar2": 94809489408, "max": 5404723.5, "mean": 2279404.25, "median": 2235896.5, "min": 872404.125, "var": 171926994944}, "spectral_strongpeak": {"dmean": 0.318703711033, "dmean2": 0.534687697887, "dvar": 0.208714604378, "dvar2": 0.499153345823, "max": 5.73662233353, "mean": 0.763639032841, "median": 0.534105181694, "min": 0.000406577630201, "var": 0.600104391575}, "zerocrossingrate": {"dmean": 0.00318320235237, "dmean2": 0.00421923818067, "dvar": 7.8836492321e-06, "dvar2": 1.30993948915e-05, "max": 0.10888671875, "mean": 0.0294374972582, "median": 0.02880859375, "min": 0.00341796875, "var": 6.82065074216e-05}, "barkbands": {"dmean": [3.11706753564e-05, 0.000696721370332, 0.000830334494822, 0.000255481631029, 0.00125795265194, 0.00165524007753, 0.000694422866218, 0.000501947943121, 0.0004366596404, 0.000362659920938, 0.000299350213027, 0.000179198832484, 0.000104497790744, 0.000147914368426, 7.70680198912e-05, 8.79916551639e-05, 8.49640127853e-05, 4.05831269745e-05, 3.46327215084e-05, 1.74037886609e-05, 7.30874444343e-06, 3.11806275022e-06, 1.62806804838e-06, 6.41734061446e-07, 1.70285176182e-07, 5.59137873779e-08, 1.75409180514e-08], "dmean2": [5.590595174e-05, 0.00113157369196, 0.00134714203887, 0.00043260253733, 0.00196687038988, 0.00262838439085, 0.00113313377369, 0.000603118329309, 0.00057875958737, 0.000519419438206, 0.000456964946352, 0.000277308252407, 0.000163435790455, 0.000238430235186, 0.000123502119095, 0.000142892153235, 0.000134284229716, 6.23904415988e-05, 5.36298030056e-05, 2.82851869997e-05, 1.1326827007e-05, 4.89982130603e-06, 2.52666836786e-06, 1.02079832232e-06, 2.78304526091e-07, 8.60652633605e-08, 2.76856813031e-08], "dvar": [6.66671606808e-09, 2.30327282225e-06, 4.42168084192e-06, 8.80424806837e-07, 8.12779944681e-06, 1.68576862052e-05, 2.19723551709e-06, 1.71455224063e-06, 1.14185900202e-06, 7.9947579934e-07, 4.63390080085e-07, 1.72516351427e-07, 6.34490788798e-08, 1.82600516041e-07, 2.38830768495e-08, 5.59347448359e-08, 4.58718965035e-08, 1.17087646245e-08, 5.20135445825e-09, 1.67186875455e-09, 3.20302090406e-10, 6.18381110207e-11, 2.05314740903e-11, 3.34375322569e-12, 5.02388441178e-13, 6.30970089003e-14, 6.48189760601e-15], "dvar2": [2.10378523491e-08, 6.4965056481e-06, 1.17139989015e-05, 2.97238352687e-06, 2.13912317122e-05, 4.24303507316e-05, 6.03657372267e-06, 1.97655845113e-06, 1.80081156032e-06, 1.66822269421e-06, 1.0700761095e-06, 3.78439864335e-07, 1.57468790007e-07, 4.94336632073e-07, 6.38455759372e-08, 1.53541691361e-07, 1.30113534169e-07, 2.36353443483e-08, 1.13690434844e-08, 4.35285496536e-09, 7.57270024465e-10, 1.51320234121e-10, 4.97145345724e-11, 8.42616688229e-12, 1.32585977787e-12, 1.44680125627e-13, 1.49775059298e-14], "max": [0.00228872825392, 0.0241804812104, 0.0409050248563, 0.0398381054401, 0.0686730742455, 0.095161691308, 0.0389091931283, 0.0467269048095, 0.0375871956348, 0.0246947742999, 0.016778614372, 0.0100104985759, 0.00784596987069, 0.0107580674812, 0.00404173927382, 0.00581881357357, 0.00800647027791, 0.00371120404452, 0.00152493512724, 0.000781517708674, 0.000326063862303, 0.000195653046831, 0.000128572588437, 4.09232197853e-05, 2.50021003012e-05, 6.38152050669e-06, 2.05437436307e-06], "mean": [5.21153160662e-05, 0.00221829931252, 0.00152913969941, 0.000521182606462, 0.00303669204004, 0.00427680183202, 0.00174119789153, 0.00147553021088, 0.00116744323168, 0.000734775909223, 0.000604375789408, 0.00036639321479, 0.000190825667232, 0.000244468013989, 0.000161965668667, 0.00015569475363, 0.000159300165251, 7.50035105739e-05, 6.80293378537e-05, 3.33682910423e-05, 1.43493598443e-05, 6.33771514913e-06, 3.21141533277e-06, 1.45627336678e-06, 4.5534014248e-07, 1.87341839819e-07, 5.18610221434e-08], "median": [4.48337141279e-06, 0.00133730866946, 0.00035353549174, 0.000145198704558, 0.00116980890743, 0.00177495810203, 0.000657933822367, 0.000411011540564, 0.000353515119059, 0.000213866325794, 0.000183071184438, 0.000129520281916, 7.96440581325e-05, 6.78472351865e-05, 7.68250611145e-05, 4.89753001602e-05, 6.66623818688e-05, 2.90739062621e-05, 2.49178283411e-05, 1.090720707e-05, 5.25825726072e-06, 1.78561049324e-06, 6.57476505239e-07, 2.38974109834e-07, 4.57741293758e-08, 1.12344640257e-08, 6.12318595827e-09], "min": [2.51937446599e-12, 4.9329831886e-11, 4.41511280661e-12, 8.59646663749e-13, 7.09556155151e-12, 1.75358935706e-10, 6.07097982996e-11, 2.2279611489e-10, 1.90870499961e-10, 6.91590604229e-11, 2.95369943781e-11, 8.0859208218e-11, 3.27079863194e-10, 2.49511494799e-10, 1.02892083742e-10, 8.30512270067e-10, 6.81567247085e-10, 4.82131279345e-10, 7.79733166922e-10, 4.95821994573e-10, 6.81923545409e-11, 1.06641154241e-10, 6.76399353194e-11, 8.41165123666e-11, 5.85831799738e-11, 3.54612936238e-11, 1.81285177842e-11], "var": [1.6670373526e-08, 6.29337546343e-06, 9.57718384598e-06, 1.55026589255e-06, 2.43657814281e-05, 4.66558922199e-05, 8.39231506689e-06, 1.32836576086e-05, 7.68348309066e-06, 2.28202566177e-06, 1.34386766604e-06, 5.48577702375e-07, 1.23380829109e-07, 3.28576248876e-07, 5.75993510665e-08, 1.17553248913e-07, 8.90838833811e-08, 2.45370355145e-08, 1.41024845135e-08, 3.89273369095e-09, 6.76197431382e-10, 1.59583943282e-10, 5.87304094246e-11, 1.2869711373e-11, 2.28469630367e-12, 4.93238100103e-13, 3.76879449415e-14]}, "erbbands": {"dmean": [0.0121675161645, 0.191680774093, 0.888462781906, 0.820782005787, 1.9566706419, 5.00752735138, 15.7271738052, 8.00162696838, 10.1054773331, 8.44700813293, 12.1677427292, 10.2826061249, 13.2813138962, 8.48937320709, 9.24814224243, 7.76531744003, 5.23077869415, 8.00087451935, 3.80152583122, 3.74458146095, 4.21933746338, 3.71530389786, 2.56694245338, 2.11133980751, 1.33960175514, 0.708358883858, 0.413474231958, 0.212127640843, 0.128044784069, 0.0787993967533, 0.0391433984041, 0.0192438419908, 0.00790286809206, 0.00299288611859, 0.00109627773054, 0.000333985750331, 0.000105456565507, 2.51523797488e-05, 4.28104067396e-06, 4.75208889839e-06], "dmean2": [0.0198560785502, 0.31147685647, 1.4366966486, 1.37808978558, 3.11720609665, 7.88904523849, 25.4182720184, 12.1853485107, 17.0783500671, 12.1474523544, 14.2094774246, 13.7121572495, 18.8350639343, 12.7575931549, 14.1682901382, 11.6271657944, 8.28457355499, 12.8863811493, 6.08846282959, 6.03283548355, 6.80772256851, 5.7095785141, 3.8734459877, 3.39501857758, 2.02574110031, 1.13560414314, 0.640547454357, 0.332703143358, 0.199063271284, 0.12439545989, 0.059991709888, 0.0303848069161, 0.0125727187842, 0.00491444766521, 0.00178093160503, 0.000511383579578, 0.000168962898897, 3.95015631511e-05, 6.48820423521e-06, 7.10551921657e-06], "dvar": [0.000793217273895, 0.179505929351, 4.55490875244, 5.02900505066, 29.2977638245, 142.67024231, 1862.36120605, 263.369934082, 549.98046875, 339.073883057, 1198.8770752, 649.492980957, 1149.24804688, 406.652374268, 617.02557373, 346.074249268, 132.872650146, 502.574127197, 47.8642616272, 60.9412994385, 90.7672271729, 71.7731246948, 55.1889648438, 19.9507884979, 8.65797805786, 2.72516608238, 0.976301789284, 0.254303127527, 0.124416209757, 0.0429427698255, 0.0109700746834, 0.00269559700973, 0.000578087521717, 0.000127654449898, 2.36369978666e-05, 2.32776324083e-06, 2.62045404043e-07, 1.30017010491e-08, 1.84088244648e-10, 7.17597092859e-11], "dvar2": [0.00188699562568, 0.510620057583, 11.986741066, 15.2180185318, 86.2763061523, 386.63394165, 4838.77001953, 609.148620605, 1718.6036377, 684.207885742, 1261.49853516, 1131.18444824, 2399.70361328, 896.084228516, 1499.00646973, 684.82611084, 332.68737793, 1356.99353027, 125.014892578, 161.722732544, 249.236328125, 173.0262146, 108.881210327, 49.2332496643, 18.0797348022, 6.94949483871, 2.25072360039, 0.595838308334, 0.314231008291, 0.110952839255, 0.0246706157923, 0.00665002781898, 0.00149460963439, 0.000346258719219, 6.29833448329e-05, 5.6260346355e-06, 6.58902251871e-07, 3.1531008915e-08, 3.96845944994e-10, 1.54733545421e-10], "max": [0.77222943306, 6.53428268433, 43.5214004517, 67.8839492798, 181.715942383, 316.594390869, 937.349060059, 363.113372803, 644.735778809, 836.688842773, 1284.4732666, 740.567687988, 1004.17126465, 440.806365967, 759.932495117, 500.085174561, 331.767974854, 598.221252441, 126.216720581, 177.688766479, 229.840713501, 262.932647705, 267.637512207, 94.5389099121, 68.4956359863, 34.0174942017, 17.3588638306, 13.7096166611, 10.5720930099, 5.04407453537, 2.72751617432, 1.24078154564, 0.562164306641, 0.295789152384, 0.151974752545, 0.0456165671349, 0.0136266667396, 0.0026097712107, 0.000407071347581, 0.000209304169402], "mean": [0.0546447262168, 0.535259306431, 1.72035062313, 1.76872420311, 4.29292440414, 11.7790746689, 35.2684135437, 24.5214309692, 25.3308238983, 25.3327770233, 34.4613189697, 28.4602394104, 28.3471221924, 17.3434352875, 19.9608745575, 17.317905426, 10.3885812759, 13.9794130325, 8.38861179352, 8.36427211761, 8.7849187851, 7.4841299057, 5.02949047089, 4.11661958694, 2.59432888031, 1.41542232037, 0.821045100689, 0.444130688906, 0.25453415513, 0.15392562747, 0.0778083130717, 0.0398549996316, 0.0184856336564, 0.00750070996583, 0.00290960352868, 0.000996035756543, 0.00033102944144, 7.7861797763e-05, 1.75467921508e-05, 2.16092157643e-05], "median": [0.0284707322717, 0.304469048977, 0.550111174583, 0.576195240021, 1.45865774155, 4.36661434174, 11.3778953552, 11.6193981171, 10.0932025909, 10.2408981323, 8.90690612793, 9.44205093384, 8.99493503571, 5.60693359375, 6.19525575638, 6.20888853073, 4.78859043121, 4.6364774704, 3.97635507584, 3.90890979767, 3.68237638474, 3.32184076309, 1.99519586563, 1.57947671413, 0.903081417084, 0.507353365421, 0.305122494698, 0.160806879401, 0.0712738856673, 0.0400473847985, 0.0164831131697, 0.00804198533297, 0.0027879322879, 0.000845516682602, 0.000235574305407, 6.08177360846e-05, 2.13771018025e-05, 1.01408677438e-05, 6.69001929055e-06, 1.28941419462e-05], "min": [2.22535478933e-09, 1.3356230788e-08, 1.10149080967e-08, 2.76990075321e-09, 5.19800957832e-09, 3.16024646452e-08, 4.83446626731e-07, 1.74764170424e-06, 7.29176178993e-07, 2.68867961495e-06, 5.05545540364e-06, 4.39711311628e-06, 3.50493564838e-06, 7.03444470673e-07, 3.16992009175e-06, 2.38070310843e-06, 1.34329411594e-05, 1.41896753121e-05, 7.23305447536e-06, 3.98996817239e-05, 2.35888310272e-05, 3.49956608261e-05, 2.89074723696e-05, 4.07306433772e-05, 3.17024678225e-05, 2.5648603696e-05, 5.55648739464e-06, 1.82794212833e-06, 3.40051474268e-06, 3.15779152515e-06, 1.71579324615e-06, 1.71458145815e-06, 1.48021115365e-06, 9.9156682154e-07, 2.79183979046e-07, 1.03289323761e-07, 7.70380026438e-08, 2.32025065827e-08, 2.09750727898e-09, 2.48516235368e-10], "var": [0.00516447937116, 0.420821607113, 10.2472524643, 10.5017414093, 65.0128936768, 407.495941162, 4076.43774414, 1212.76123047, 1814.27734375, 1768.5637207, 9682.29882812, 3646.16870117, 3326.67553711, 1225.54150391, 1640.57763672, 1289.2878418, 279.507568359, 917.452270508, 135.867279053, 163.516479492, 231.669342041, 173.568344116, 115.785873413, 47.3653182983, 23.5441608429, 6.37900257111, 2.13278412819, 0.616591989994, 0.293627530336, 0.105359241366, 0.0316582135856, 0.00814560893923, 0.00232652714476, 0.000574839010369, 0.000111082408694, 1.35938307722e-05, 1.57274678259e-06, 7.46629638115e-08, 1.29255406378e-09, 5.48616596596e-10]}, "gfcc": {"mean": [-98.8875656128, 179.041473389, -146.388946533, 18.1815567017, -46.0106925964, -15.7542829514, -21.8900032043, -8.31115150452, -5.54818344116, -8.14254951477, -0.892259120941, -4.16909646988, -0.534381270409], "cov": [[6169.81542969, -664.397277832, -123.150436401, 462.43447876, -538.068664551, 419.96875, -271.218811035, 113.627967834, -184.242019653, -53.4712333679, 51.3308639526, 44.9782714844, 63.7895889282], [-664.397277832, 643.324035645, 144.641220093, 26.6498527527, 285.869842529, -89.0627288818, 146.966598511, -64.1669464111, 95.745880127, -21.263633728, 28.9754524231, -30.269071579, -8.9226102829], [-123.150436401, 144.641220093, 310.377502441, 27.0197715759, 143.058959961, 77.7303009033, 45.3809700012, 81.1876220703, 2.39873099327, 65.2401428223, -12.9647083282, 20.2806720734, 13.6437072754], [462.43447876, 26.6498527527, 27.0197715759, 204.247741699, 15.0049314499, 58.7564849854, 15.5978145599, -5.76831007004, 30.2233905792, -7.31874370575, 39.0135917664, 0.488553851843, 29.8502140045], [-538.068664551, 285.869842529, 143.058959961, 15.0049314499, 240.412841797, -1.95208787918, 98.3782043457, 9.24318504333, 51.2638549805, 32.6166610718, 9.37261772156, 12.7423009872, 2.31976127625], [419.96875, -89.0627288818, 77.7303009033, 58.7564849854, -1.95208787918, 202.45753479, 45.020362854, 120.646972656, 3.5565598011, 35.7846450806, 17.5507164001, 8.14044857025, 18.0984573364], [-271.218811035, 146.966598511, 45.3809700012, 15.5978145599, 98.3782043457, 45.020362854, 162.454055786, 82.529800415, 96.9881591797, 26.3534755707, 14.2665958405, -10.9486894608, -4.05370378494], [113.627967834, -64.1669464111, 81.1876220703, -5.76831007004, 9.24318504333, 120.646972656, 82.529800415, 196.695648193, 72.0172805786, 57.6373825073, 5.47690296173, 1.60402178764, 5.18403148651], [-184.242019653, 95.745880127, 2.39873099327, 30.2233905792, 51.2638549805, 3.5565598011, 96.9881591797, 72.0172805786, 159.274612427, 46.5568161011, 26.8351421356, -16.1786766052, -11.9521465302], [-53.4712333679, -21.263633728, 65.2401428223, -7.31874370575, 32.6166610718, 35.7846450806, 26.3534755707, 57.6373825073, 46.5568161011, 96.0153884888, 32.4371910095, 25.7486934662, 10.6799688339], [51.3308639526, 28.9754524231, -12.9647083282, 39.0135917664, 9.37261772156, 17.5507164001, 14.2665958405, 5.47690296173, 26.8351421356, 32.4371910095, 88.8548965454, 38.8756217957, 29.273065567], [44.9782714844, -30.269071579, 20.2806720734, 0.488553851843, 12.7423009872, 8.14044857025, -10.9486894608, 1.60402178764, -16.1786766052, 25.7486934662, 38.8756217957, 92.9509124756, 46.1974601746], [63.7895889282, -8.9226102829, 13.6437072754, 29.8502140045, 2.31976127625, 18.0984573364, -4.05370378494, 5.18403148651, -11.9521465302, 10.6799688339, 29.273065567, 46.1974601746, 92.4596099854]], "icov": [[0.000368112174328, -0.000604104192462, 0.000416781374952, -0.0010645231232, 0.00108833098784, -0.000625608081464, 0.000636120967101, -0.000596505531576, 0.000552550249267, -0.000603501335718, 0.000679586722981, -0.000686848303303, 0.000395559880417], [-0.000604104192462, 0.00858812779188, -0.00487946905196, 0.00380765390582, -0.00741880340502, 0.00280788261443, -0.00428123120219, 0.00519929127768, -0.00469578290358, 0.008315987885, -0.00754167651758, 0.00530718173832, -0.00193800614215], [0.000416781374952, -0.00487946905196, 0.0102680828422, -0.00441407226026, -0.000579255633056, -0.00182489107829, 0.00375832803547, -0.00636138860136, 0.00607732217759, -0.00924815796316, 0.00762599660084, -0.00336519931443, 0.00116549327504], [-0.0010645231232, 0.00380765390582, -0.00441407226026, 0.0119432825595, -0.00408365158364, -0.0021559803281, -0.00154902006034, 0.00687368074432, -0.00745307793841, 0.00789828877896, -0.00717192143202, 0.00456410227343, -0.00391700444743], [0.00108833098784, -0.00741880340502, -0.000579255633056, -0.00408365158364, 0.0171860549599, -0.00241855392233, -0.00188991345931, -0.000683105376083, 0.00302804959938, -0.00706354342401, 0.00620658276603, -0.00645595462993, 0.00240277405828], [-0.000625608081464, 0.00280788261443, -0.00182489107829, -0.0021559803281, -0.00241855392233, 0.0135184992105, -0.00443821493536, -0.00608495622873, 0.00481326738372, 0.000237904518144, -0.00390172679909, 0.00297182472423, -0.000425825011916], [0.000636120967101, -0.00428123120219, 0.00375832803547, -0.00154902006034, -0.00188991345931, -0.00443821493536, 0.018202194944, -0.00653059221804, -0.00433702860028, -0.000514302868396, 0.00286023248918, -0.00173247710336, 0.000632683804724], [-0.000596505531576, 0.00519929127768, -0.00636138860136, 0.00687368074432, -0.000683105376083, -0.00608495622873, -0.00653059221804, 0.0190776940435, -0.0099130589515, 0.00387436081655, -0.00282102567144, 0.00254660495557, -0.0026231163647], [0.000552550249267, -0.00469578290358, 0.00607732217759, -0.00745307793841, 0.00302804959938, 0.00481326738372, -0.00433702860028, -0.0099130589515, 0.0205003544688, -0.0123032005504, 0.00263713602908, -8.02201066108e-06, 0.0032628220506], [-0.000603501335718, 0.008315987885, -0.00924815796316, 0.00789828877896, -0.00706354342401, 0.000237904518144, -0.000514302868396, 0.00387436081655, -0.0123032005504, 0.0292124915868, -0.014014349319, 0.00229340465739, -0.0017491239123], [0.000679586722981, -0.00754167651758, 0.00762599660084, -0.00717192143202, 0.00620658276603, -0.00390172679909, 0.00286023248918, -0.00282102567144, 0.00263713602908, -0.014014349319, 0.0266915373504, -0.0114020314068, 9.11188253667e-05], [-0.000686848303303, 0.00530718173832, -0.00336519931443, 0.00456410227343, -0.00645595462993, 0.00297182472423, -0.00173247710336, 0.00254660495557, -8.02201066108e-06, 0.00229340465739, -0.0114020314068, 0.0222024042159, -0.00837883073837], [0.000395559880417, -0.00193800614215, 0.00116549327504, -0.00391700444743, 0.00240277405828, -0.000425825011916, 0.000632683804724, -0.0026231163647, 0.0032628220506, -0.0017491239123, 9.11188253667e-05, -0.00837883073837, 0.0164275486022]]}, "melbands": {"dmean": [0.000146960635902, 0.000388565735193, 0.000154788474902, 0.000245174480369, 0.000444788107416, 0.000219270979869, 0.000146264093928, 9.08726942725e-05, 0.000104013844975, 6.45137552056e-05, 6.54721006867e-05, 3.25290275214e-05, 3.08161470457e-05, 1.91334020201e-05, 1.91764629562e-05, 1.16093924589e-05, 1.73038406501e-05, 6.10214101471e-06, 6.48770082989e-06, 7.77091008786e-06, 4.92253957418e-06, 4.89006879434e-06, 2.30597174777e-06, 1.93737400878e-06, 1.98063889911e-06, 1.04186165117e-06, 8.65506194714e-07, 4.58697542172e-07, 2.87482606609e-07, 2.26839830475e-07, 1.06783929255e-07, 9.08746358164e-08, 4.53286297386e-08, 4.64833291858e-08, 2.44963640483e-08, 1.90391098442e-08, 1.13809646152e-08, 6.57748744359e-09, 4.76048001019e-09, 2.60185761825e-09], "dmean2": [0.00023947005684, 0.000628562818747, 0.000254070997471, 0.000392487156205, 0.000713408808224, 0.000343330175383, 0.000242405643803, 0.00012576818699, 0.000122780416859, 8.73261960805e-05, 9.32276598178e-05, 4.88414225401e-05, 4.73134605272e-05, 2.82477903966e-05, 3.09937058773e-05, 1.81499981409e-05, 2.7995023629e-05, 9.86029044725e-06, 1.04412883957e-05, 1.26981340145e-05, 8.00757425168e-06, 7.68481731939e-06, 3.41290819961e-06, 2.99474822896e-06, 3.23056997331e-06, 1.56346197855e-06, 1.39357530315e-06, 7.53001927478e-07, 4.50091761195e-07, 3.64550004406e-07, 1.70185188608e-07, 1.4448741581e-07, 7.15266565976e-08, 7.48229354031e-08, 3.74968536221e-08, 3.08985477204e-08, 1.83212804927e-08, 1.04777431176e-08, 7.87620635379e-09, 4.34238955904e-09], "dvar": [1.01953936849e-07, 7.68315828736e-07, 1.78912827664e-07, 3.70123075299e-07, 1.37655536037e-06, 2.11787806847e-07, 1.02134812607e-07, 3.98059931683e-08, 8.38101428258e-08, 2.67884754379e-08, 2.83616241603e-08, 5.95210947196e-09, 5.4837423491e-09, 1.79452919191e-09, 2.55516963144e-09, 1.05423514363e-09, 2.62379584726e-09, 1.43499864769e-10, 2.21251864052e-10, 4.6730419534e-10, 1.39678490996e-10, 1.36554503816e-10, 2.52350328134e-11, 2.94241922494e-11, 1.82374063767e-11, 5.49989567777e-12, 4.42859767955e-12, 1.40610277328e-12, 4.63629514554e-13, 3.56083950303e-13, 6.30309403304e-14, 7.62157399909e-14, 1.28960664576e-14, 1.83192084549e-14, 4.91355892944e-15, 2.86615175868e-15, 1.1213021097e-15, 3.99680913552e-16, 3.62848003478e-16, 1.13358684029e-16], "dvar2": [2.76689434031e-07, 2.05918036045e-06, 5.59058435101e-07, 1.07521657355e-06, 3.48596199728e-06, 5.12637768679e-07, 3.0466171097e-07, 7.43589794183e-08, 9.21663740883e-08, 4.83139288576e-08, 5.9280015563e-08, 1.31318671492e-08, 1.31429613859e-08, 3.52245144164e-09, 6.66258026527e-09, 2.6451114632e-09, 7.10018310812e-09, 3.79775627612e-10, 6.0275751057e-10, 1.28889643403e-09, 4.06609607095e-10, 3.64596797198e-10, 5.12002176767e-11, 5.89991042133e-11, 4.64988950122e-11, 1.10279042842e-11, 1.13639011395e-11, 3.92614326467e-12, 1.09443563153e-12, 8.96880931068e-13, 1.50500299072e-13, 2.0086216761e-13, 3.05890363495e-14, 4.91504521815e-14, 1.0633552517e-14, 7.23363341746e-15, 2.85969863817e-15, 1.04789039943e-15, 9.84441914211e-16, 3.27756804902e-16], "max": [0.00538679724559, 0.0174994152039, 0.0161132458597, 0.0153641998768, 0.0248947981745, 0.00952740479261, 0.00839849747717, 0.0100171994418, 0.0096567068249, 0.00461639091372, 0.00494755990803, 0.00163667986635, 0.00221247645095, 0.00105608510785, 0.0017692737747, 0.0010596702341, 0.00136754999403, 0.000253464619163, 0.000449779327027, 0.00056917447364, 0.00041357227019, 0.000417530478444, 0.000162301003002, 0.000190694874618, 9.31940885494e-05, 4.71455496154e-05, 4.61890958832e-05, 2.57736301137e-05, 1.30784974317e-05, 1.30186508613e-05, 6.4244609348e-06, 8.92113803275e-06, 3.31369278683e-06, 3.5807806853e-06, 1.79524931809e-06, 1.08390293008e-06, 7.48594572997e-07, 4.82563393689e-07, 6.22793322691e-07, 2.94977695603e-07], "mean": [0.000552621786483, 0.000855377817061, 0.000363598635886, 0.000555992533918, 0.00105866999365, 0.000634200056084, 0.000372466456611, 0.000273807381745, 0.000282036082353, 0.0001725719776, 0.000135169495479, 6.37512275716e-05, 6.45559775876e-05, 4.50290135632e-05, 3.61044512829e-05, 1.99892510864e-05, 2.82095388684e-05, 1.22975461636e-05, 1.2812807654e-05, 1.35924137794e-05, 9.62507783697e-06, 9.10616654437e-06, 4.61384342998e-06, 3.51628045792e-06, 3.52948518412e-06, 1.85074031833e-06, 1.52223628902e-06, 8.3225461367e-07, 5.47831348285e-07, 3.94176652208e-07, 2.07259205354e-07, 1.61157018397e-07, 8.75191474847e-08, 8.24205628192e-08, 4.4415795486e-08, 3.44112507378e-08, 2.1761179525e-08, 1.39852422976e-08, 9.31467969423e-09, 5.53171597417e-09], "median": [0.00032139319228, 0.000379470264306, 0.000136643764563, 0.000191826169612, 0.000384556304198, 0.000299300212646, 0.000149251733092, 0.00010478925833, 6.52594462736e-05, 5.60403786949e-05, 3.95541719627e-05, 1.8309268853e-05, 2.02053415705e-05, 1.57581143867e-05, 1.30608896143e-05, 7.2978245953e-06, 7.64721698943e-06, 5.36440620635e-06, 5.9557332861e-06, 4.29806550528e-06, 4.00716271542e-06, 3.76245702682e-06, 2.00498607228e-06, 1.32409559228e-06, 1.22204073705e-06, 6.06933497238e-07, 4.71632631616e-07, 2.72364019338e-07, 2.00805544637e-07, 1.27744002043e-07, 6.95855106869e-08, 3.93838277546e-08, 2.64196255984e-08, 1.82790973469e-08, 8.86193696203e-09, 6.64199539813e-09, 3.55124551987e-09, 2.00209404611e-09, 1.05236486192e-09, 5.11745090748e-10], "min": [1.39625620094e-11, 1.02859396348e-11, 4.38361505298e-13, 9.21539862649e-13, 1.36626239836e-11, 3.65164738725e-11, 1.21214227891e-11, 3.52207187027e-11, 4.17584126999e-11, 2.61093178328e-11, 1.67004014784e-11, 2.43538739522e-12, 7.31715903146e-12, 1.06086727944e-11, 7.39010675571e-12, 4.17106696404e-11, 2.35390942849e-11, 1.28339292318e-11, 1.57699409087e-11, 8.21867712775e-11, 1.66986615507e-11, 3.45451132977e-11, 3.8697690885e-11, 1.94617655325e-11, 3.57621883496e-11, 2.32855991433e-11, 2.44290664086e-11, 1.47135671702e-11, 3.59742487535e-12, 1.325466863e-12, 8.89202340232e-13, 9.91703789401e-13, 1.91295698899e-12, 1.65472551026e-12, 7.04769304982e-13, 1.05731276599e-12, 9.96809839532e-13, 9.56973107528e-13, 7.23071017124e-13, 6.84667654603e-13], "var": [3.8843043626e-07, 1.75843979378e-06, 4.04684499244e-07, 9.28705105707e-07, 3.33913408213e-06, 8.22952358703e-07, 3.68321678934e-07, 2.27467850777e-07, 6.75951412177e-07, 1.37827029789e-07, 8.04024935519e-08, 1.77210122132e-08, 1.51752228561e-08, 7.51019602063e-09, 5.10372277773e-09, 1.87881443736e-09, 4.61200633239e-09, 3.4386277159e-10, 4.44822262358e-10, 9.50970857616e-10, 2.93355117975e-10, 2.84590601085e-10, 6.25660565023e-11, 5.98247909545e-11, 3.83821203986e-11, 1.32372082046e-11, 9.46548308484e-12, 2.67645931459e-12, 9.93526550093e-13, 6.17209517002e-13, 1.46753499652e-13, 1.47233665689e-13, 3.00115970487e-14, 3.86267928721e-14, 1.20738583519e-14, 6.66194038818e-15, 2.92999644356e-15, 1.32579058036e-15, 9.23176974048e-16, 3.73296790157e-16]}, "mfcc": {"mean": [-729.138122559, 195.960037231, -27.2959518433, 28.357831955, -3.51791405678, -2.6497426033, -7.91649389267, -0.918453156948, -3.05273127556, -0.656365931034, -3.055727005, 2.0240008831, 0.641353607178], "cov": [[5537.04394531, -191.680130005, -366.452453613, 350.981994629, -367.404144287, 217.276000977, -151.462554932, 166.152862549, -221.953323364, 2.5202600956, -143.949157715, -19.6461830139, -27.8040351868], [-191.680130005, 521.767211914, 17.2197723389, 104.055969238, 103.775154114, 54.5574836731, 71.0717926025, 20.8038272858, 48.0442123413, -0.112953081727, 50.0588340759, 24.7737598419, 0.212444245815], [-366.452453613, 17.2197723389, 230.615097046, -13.0625419617, 88.4936141968, 22.3845596313, 52.6905822754, 28.1712226868, 61.7470588684, 49.8414726257, 33.8239059448, 18.2242126465, 20.7341651917], [350.981994629, 104.055969238, -13.0625419617, 188.004470825, 23.9757518768, 65.6869659424, -3.3367433548, 14.8137741089, -4.53571081161, 11.1635541916, 10.0792284012, 14.809504509, -4.85816526413], [-367.404144287, 103.775154114, 88.4936141968, 23.9757518768, 142.430221558, 31.8488903046, 48.0204429626, -0.923498511314, 32.8265533447, 2.1350543499, 15.7169532776, 16.4162940979, 15.7603139877], [217.276000977, 54.5574836731, 22.3845596313, 65.6869659424, 31.8488903046, 109.117034912, 34.1567878723, 30.7487411499, 2.81628036499, 19.5546417236, 14.0276813507, 1.66104197502, -9.66241264343], [-151.462554932, 71.0717926025, 52.6905822754, -3.3367433548, 48.0204429626, 34.1567878723, 112.879974365, 39.8316802979, 40.4963989258, 15.4868679047, 11.7788085938, 15.4679613113, 8.86119174957], [166.152862549, 20.8038272858, 28.1712226868, 14.8137741089, -0.923498511314, 30.7487411499, 39.8316802979, 121.617706299, 56.6146011353, 51.5431594849, 43.5397377014, 14.8410634995, 14.4616651535], [-221.953323364, 48.0442123413, 61.7470588684, -4.53571081161, 32.8265533447, 2.81628036499, 40.4963989258, 56.6146011353, 121.160148621, 76.231918335, 55.8073234558, 20.8478488922, 16.9366111755], [2.5202600956, -0.112953081727, 49.8414726257, 11.1635541916, 2.1350543499, 19.5546417236, 15.4868679047, 51.5431594849, 76.231918335, 138.172546387, 79.2763824463, 17.0165195465, 11.7678546906], [-143.949157715, 50.0588340759, 33.8239059448, 10.0792284012, 15.7169532776, 14.0276813507, 11.7788085938, 43.5397377014, 55.8073234558, 79.2763824463, 132.659576416, 36.9059944153, 6.52042293549], [-19.6461830139, 24.7737598419, 18.2242126465, 14.809504509, 16.4162940979, 1.66104197502, 15.4679613113, 14.8410634995, 20.8478488922, 17.0165195465, 36.9059944153, 87.3524398804, 52.5441246033], [-27.8040351868, 0.212444245815, 20.7341651917, -4.85816526413, 15.7603139877, -9.66241264343, 8.86119174957, 14.4616651535, 16.9366111755, 11.7678546906, 6.52042293549, 52.5441246033, 104.444229126]], "icov": [[0.000370230496628, 2.65851958829e-05, 0.000203014089493, -0.00047645936138, 0.000755958957598, -0.000643105537165, 0.000316559220664, -0.000740212097298, 0.000592885480728, -0.000365716521628, 0.000612187839579, -0.000260433764197, -2.40273475356e-05], [2.65851958829e-05, 0.00286717270501, 0.000758262933232, -0.00149435887579, -0.0014538501855, -4.11006567447e-07, -0.00136091350578, 0.000318692967994, -0.00103037641384, 0.00117913237773, -0.00129735528026, 0.000286564812995, 4.29430438089e-05], [0.000203014089493, 0.000758262933232, 0.0070356503129, 0.000537908344995, -0.00381525512785, -0.000720640935469, -0.000861702254042, -0.00059173675254, -0.000851372838952, -0.00183501257561, 0.000428671191912, -0.000232724953094, -0.000219975117943], [-0.00047645936138, -0.00149435887579, 0.000537908344995, 0.0088878935203, -0.00185751286335, -0.00386639474891, 0.00250727054663, 0.000135276437504, -0.000106022351247, -0.000795590167399, 0.000626706052572, -0.00200200942345, 0.000948868168052], [0.000755958957598, -0.0014538501855, -0.00381525512785, -0.00185751286335, 0.0146551225334, -0.00367165100761, -0.00175384152681, 0.00189300475176, -0.00154963659588, 0.0022713674698, 5.87819558859e-05, -2.63883630396e-05, -0.00178422383033], [-0.000643105537165, -4.11006567447e-07, -0.000720640935469, -0.00386639474891, -0.00367165100761, 0.0164748653769, -0.00452747894451, -0.00185323064215, 0.00337743177079, -0.00196364079602, -0.00119408185128, 0.00125717197079, 0.00162656139582], [0.000316559220664, -0.00136091350578, -0.000861702254042, 0.00250727054663, -0.00175384152681, -0.00452747894451, 0.0148516446352, -0.00405790470541, -0.00206794869155, 0.000290712108836, 0.00299977348186, -0.00276088435203, 0.00102662551217], [-0.000740212097298, 0.000318692967994, -0.00059173675254, 0.000135276437504, 0.00189300475176, -0.00185323064215, -0.00405790470541, 0.0149619113654, -0.00608106935397, 0.000706174469087, -0.0036123264581, 0.00174534076359, -0.00200442387722], [0.000592885480728, -0.00103037641384, -0.000851372838952, -0.000106022351247, -0.00154963659588, 0.00337743177079, -0.00206794869155, -0.00608106935397, 0.0193091630936, -0.00846682675183, 0.000477788824355, -0.0010343400063, 0.000201087488676], [-0.000365716521628, 0.00117913237773, -0.00183501257561, -0.000795590167399, 0.0022713674698, -0.00196364079602, 0.000290712108836, 0.000706174469087, -0.00846682675183, 0.0169033650309, -0.00782203301787, 0.0026541610714, -0.00179780763574], [0.000612187839579, -0.00129735528026, 0.000428671191912, 0.000626706052572, 5.87819558859e-05, -0.00119408185128, 0.00299977348186, -0.0036123264581, 0.000477788824355, -0.00782203301787, 0.015826838091, -0.00703202141449, 0.00358945759945], [-0.000260433764197, 0.000286564812995, -0.000232724953094, -0.00200200942345, -2.63883630396e-05, 0.00125717197079, -0.00276088435203, 0.00174534076359, -0.0010343400063, 0.0026541610714, -0.00703202141449, 0.0206306595355, -0.0100752254948], [-2.40273475356e-05, 4.29430438089e-05, -0.000219975117943, 0.000948868168052, -0.00178422383033, 0.00162656139582, 0.00102662551217, -0.00200442387722, 0.000201087488676, -0.00179780763574, 0.00358945759945, -0.0100752254948, 0.0152804981917]]}, "spectral_contrast_coeffs": {"dmean": [0.0409297868609, 0.0366858951747, 0.0328953266144, 0.028190381825, 0.0217903200537, 0.0151849836111], "dmean2": [0.0678124725819, 0.0596087686718, 0.0518972165883, 0.0461098849773, 0.0350829586387, 0.0245747771114], "dvar": [0.00113630946726, 0.00101983197965, 0.000808494980447, 0.000592408352531, 0.000415295304265, 0.000209043020732], "dvar2": [0.00305845565163, 0.00261574471369, 0.00196808599867, 0.00159379513934, 0.000970844412223, 0.000475645880215], "max": [-0.328334212303, -0.416555196047, -0.475551903248, -0.581966459751, -0.592834949493, -0.614745855331], "mean": [-0.634485661983, -0.674062430859, -0.709105312824, -0.732501208782, -0.758488476276, -0.722218096256], "median": [-0.638721227646, -0.676472067833, -0.712363004684, -0.733994007111, -0.761085391045, -0.720323741436], "min": [-0.896306812763, -0.945339918137, -0.893973350525, -0.893751442432, -0.90750926733, -0.893075466156], "var": [0.00749406451359, 0.00466250022873, 0.00386250740848, 0.0018628508551, 0.00140066887252, 0.00122943555471]}, "spectral_contrast_valleys": {"dmean": [0.346992075443, 0.278475314379, 0.267416149378, 0.242487043142, 0.220417752862, 0.204069375992], "dmean2": [0.580689609051, 0.448328524828, 0.430473417044, 0.393881976604, 0.355732738972, 0.317737817764], "dvar": [0.0992972478271, 0.0677729099989, 0.0718754008412, 0.07296