{"lowlevel": {"average_loudness": 0.934791684151, "barkbands_crest": {"dmean": 2.8815639019, "dmean2": 4.66244888306, "dvar": 6.72929668427, "dvar2": 17.571521759, "max": 25.4680519104, "mean": 12.4439821243, "median": 11.8294782639, "min": 3.22393751144, "var": 17.7914848328}, "barkbands_flatness_db": {"dmean": 0.0304298475385, "dmean2": 0.0437260754406, "dvar": 0.000968346896116, "dvar2": 0.0019001889741, "max": 0.587916970253, "mean": 0.173745825887, "median": 0.171469971538, "min": 0.0265623666346, "var": 0.00459888391197}, "barkbands_kurtosis": {"dmean": 7.7455868721, "dmean2": 11.9831476212, "dvar": 393.817657471, "dvar2": 950.761413574, "max": 607.463562012, "mean": 13.9892206192, "median": 7.63851642609, "min": -1.9494304657, "var": 857.709106445}, "barkbands_skewness": {"dmean": 0.784357428551, "dmean2": 1.17373108864, "dvar": 0.837400794029, "dvar2": 1.82320988178, "max": 19.1965618134, "mean": 2.56482315063, "median": 2.38798928261, "min": -4.27332162857, "var": 3.29252457619}, "barkbands_spread": {"dmean": 6.60276317596, "dmean2": 9.94174671173, "dvar": 121.01096344, "dvar2": 268.426147461, "max": 130.290588379, "mean": 15.8279180527, "median": 10.2381515503, "min": 0.206597849727, "var": 306.33807373}, "dissonance": {"dmean": 0.0239570718259, "dmean2": 0.0390520468354, "dvar": 0.000556620303541, "dvar2": 0.00144888751674, "max": 0.500000059605, "mean": 0.443099677563, "median": 0.450104683638, "min": 0.0579348914325, "var": 0.00142663205042}, "dynamic_complexity": 3.56465053558, "erbbands_crest": {"dmean": 2.49654650688, "dmean2": 3.86625385284, "dvar": 5.65169811249, "dvar2": 12.6933088303, "max": 29.9727745056, "mean": 9.77390480042, "median": 8.61675262451, "min": 2.00060462952, "var": 22.1621322632}, "erbbands_flatness_db": {"dmean": 0.0259527433664, "dmean2": 0.0343582592905, "dvar": 0.000667906424496, "dvar2": 0.00120401231106, "max": 0.465531647205, "mean": 0.145477369428, "median": 0.137731567025, "min": 0.0277743469924, "var": 0.00350909610279}, "erbbands_kurtosis": {"dmean": 1.28225874901, "dmean2": 1.97963702679, "dvar": 3.97268080711, "dvar2": 9.39645576477, "max": 36.4475784302, "mean": 1.25405108929, "median": 0.28473675251, "min": -1.8727504015, "var": 10.2101106644}, "erbbands_skewness": {"dmean": 0.407855182886, "dmean2": 0.607278287411, "dvar": 0.192080467939, "dvar2": 0.42196777463, "max": 5.05229902267, "mean": 0.728644073009, "median": 0.686947703362, "min": -3.07351875305, "var": 0.705226659775}, "erbbands_spread": {"dmean": 11.278834343, "dmean2": 15.9165744781, "dvar": 186.935577393, "dvar2": 388.390197754, "max": 175.10357666, "mean": 41.8565559387, "median": 35.680770874, "min": 1.67473506927, "var": 657.279541016}, "hfc": {"dmean": 6.81208992004, "dmean2": 9.65803146362, "dvar": 105.216514587, "dvar2": 235.37008667, "max": 177.613708496, "mean": 17.668264389, "median": 12.1552972794, "min": 1.08124735099e-16, "var": 292.593994141}, "melbands_crest": {"dmean": 3.49958395958, "dmean2": 5.53406047821, "dvar": 9.95529270172, "dvar2": 23.6733779907, "max": 37.553817749, "mean": 16.4726390839, "median": 15.7383432388, "min": 1.865442276, "var": 31.7022342682}, "melbands_flatness_db": {"dmean": 0.0351411402225, "dmean2": 0.0506113357842, "dvar": 0.00137655937579, "dvar2": 0.00275104911998, "max": 0.780805826187, "mean": 0.270915925503, "median": 0.271040260792, "min": 0.00341938203201, "var": 0.00725312484428}, "melbands_kurtosis": {"dmean": 17.4300613403, "dmean2": 26.2360191345, "dvar": 3477.25463867, "dvar2": 6712.93603516, "max": 2460.06738281, "mean": 32.7665710449, "median": 18.2454891205, "min": -1.66785013676, "var": 6921.36181641}, "melbands_skewness": {"dmean": 0.995492517948, "dmean2": 1.4791097641, "dvar": 1.78356862068, "dvar2": 3.73632216454, "max": 38.6619644165, "mean": 3.66718673706, "median": 3.3505616188, "min": -2.51075959206, "var": 5.92345952988}, "melbands_spread": {"dmean": 4.72651290894, "dmean2": 7.18309354782, "dvar": 91.1049118042, "dvar2": 202.851119995, "max": 230.996002197, "mean": 12.8304977417, "median": 8.69559955597, "min": 0.109892241657, "var": 266.482757568}, "pitch_salience": {"dmean": 0.0771180465817, "dmean2": 0.124473765492, "dvar": 0.00555943325162, "dvar2": 0.0137991886586, "max": 0.895731687546, "mean": 0.521522283554, "median": 0.524681210518, "min": 0.0627369955182, "var": 0.0157969631255}, "silence_rate_20dB": {"dmean": 0, "dmean2": 0, "dvar": 0, "dvar2": 0, "max": 1, "mean": 1, "median": 1, "min": 1, "var": 0}, "silence_rate_30dB": {"dmean": 0.0610101372004, "dmean2": 0.122031420469, "dvar": 0.0572891011834, "dvar2": 0.121938675642, "max": 1, "mean": 0.94173514843, "median": 1, "min": 0, "var": 0.0548682026565}, "silence_rate_60dB": {"dmean": 0.0208238195628, "dmean2": 0.041651442647, "dvar": 0.0203882306814, "dvar2": 0.0463138818741, "max": 1, "mean": 0.0706849321723, "median": 0, "min": 0, "var": 0.0656924247742}, "spectral_centroid": {"dmean": 180.874328613, "dmean2": 273.162567139, "dvar": 89878.609375, "dvar2": 188873.828125, "max": 11497.5722656, "mean": 733.754089355, "median": 590.194946289, "min": 97.8860702515, "var": 405807.5}, "spectral_complexity": {"dmean": 2.38469266891, "dmean2": 3.61782979965, "dvar": 7.28397703171, "dvar2": 13.5031995773, "max": 39, "mean": 12.8451137543, "median": 13, "min": 0, "var": 36.6950569153}, "spectral_decrease": {"dmean": 3.81977161013e-09, "dmean2": 5.62476198951e-09, "dvar": 3.19456027602e-17, "dvar2": 5.97007019198e-17, "max": 2.5591202768e-11, "mean": -1.08071400717e-08, "median": -8.76622152646e-09, "min": -5.74900091976e-08, "var": 8.42738357863e-17}, "spectral_energy": {"dmean": 0.0147546371445, "dmean2": 0.021657070145, "dvar": 0.000467498262879, "dvar2": 0.000872474978678, "max": 0.219109117985, "mean": 0.0423912219703, "median": 0.0348781943321, "min": 9.82042232596e-21, "var": 0.00125031801872}, "spectral_energyband_high": {"dmean": 0.000420255120844, "dmean2": 0.000605440349318, "dvar": 7.03718569639e-07, "dvar2": 1.61550758548e-06, "max": 0.0166564546525, "mean": 0.000562231813092, "median": 0.000138498609886, "min": 7.12638554376e-21, "var": 1.25508631754e-06}, "spectral_energyband_low": {"dmean": 0.0106671955436, "dmean2": 0.0158472433686, "dvar": 0.000418385636294, "dvar2": 0.000771603605244, "max": 0.209196954966, "mean": 0.021098703146, "median": 0.00837492477149, "min": 2.27656153792e-23, "var": 0.000899768027011}, "spectral_energyband_middle_high": {"dmean": 0.00151077914052, "dmean2": 0.00208246707916, "dvar": 1.11945810204e-05, "dvar2": 2.01915154321e-05, "max": 0.0934823676944, "mean": 0.00454425858334, "median": 0.00166243966669, "min": 1.21401083841e-21, "var": 6.68495922582e-05}, "spectral_energyband_middle_low": {"dmean": 0.00687248259783, "dmean2": 0.0107091246173, "dvar": 9.30026508286e-05, "dvar2": 0.000229193188716, "max": 0.120725400746, "mean": 0.0178096480668, "median": 0.0137579329312, "min": 1.66537283982e-22, "var": 0.000231780446484}, "spectral_entropy": {"dmean": 0.291720330715, "dmean2": 0.400106787682, "dvar": 0.0947113409638, "dvar2": 0.184842243791, "max": 9.81994628906, "mean": 7.2321434021, "median": 7.18924236298, "min": 4.20191287994, "var": 0.424435734749}, "spectral_flux": {"dmean": 0.0345187187195, "dmean2": 0.0550794787705, "dvar": 0.0019498950569, "dvar2": 0.00449109496549, "max": 0.403602331877, "mean": 0.0908262133598, "median": 0.0719612687826, "min": 6.47981668322e-11, "var": 0.00432955194265}, "spectral_kurtosis": {"dmean": 3.01715064049, "dmean2": 4.51149940491, "dvar": 55.032245636, "dvar2": 159.732315063, "max": 422.092834473, "mean": 8.08100032806, "median": 6.01395177841, "min": -1.3014973402, "var": 168.061737061}, "spectral_rms": {"dmean": 0.00105342082679, "dmean2": 0.00151989061851, "dvar": 1.81631469331e-06, "dvar2": 3.19668060911e-06, "max": 0.0146207036451, "mean": 0.00580110400915, "median": 0.0058333100751, "min": 3.09530287686e-12, "var": 7.70440874476e-06}, "spectral_rolloff": {"dmean": 555.824462891, "dmean2": 952.063232422, "dvar": 2901351.75, "dvar2": 6772222, "max": 20198.1445312, "mean": 1155.1887207, "median": 430.6640625, "min": 43.06640625, "var": 7075652.5}, "spectral_skewness": {"dmean": 0.344018220901, "dmean2": 0.489999592304, "dvar": 0.168804228306, "dvar2": 0.367925137281, "max": 16.4440956116, "mean": 2.1971282959, "median": 2.13033509254, "min": -0.0795276835561, "var": 0.899694621563}, "spectral_spread": {"dmean": 1233192.125, "dmean2": 1635281.625, "dvar": 1836889931780.0, "dvar2": 3581761028100.0, "max": 41939632, "mean": 5726333.5, "median": 5182250, "min": 362605.15625, "var": 8932415242240.0}, "spectral_strongpeak": {"dmean": 0.425152033567, "dmean2": 0.713476717472, "dvar": 0.618858218193, "dvar2": 1.45814657211, "max": 10.5283498764, "mean": 0.920081615448, "median": 0.488883912563, "min": 0, "var": 1.77991390228}, "zerocrossingrate": {"dmean": 0.01488903258, "dmean2": 0.0173218529671, "dvar": 0.000464877084596, "dvar2": 0.000577397760935, "max": 0.66796875, "mean": 0.0532169044018, "median": 0.0341796875, "min": 0.00146484375, "var": 0.00439822347835}, "barkbands": {"dmean": [0.000917666999158, 0.00780410459265, 0.00383753282949, 0.00270319194533, 0.00393082294613, 0.00115935236681, 0.000646894332021, 0.000425977166742, 0.000595612043981, 0.000485728640342, 0.000767420395277, 0.000434267247329, 0.000196029039216, 0.000154462570208, 0.000131784487166, 9.16485878406e-05, 6.51620721328e-05, 4.78610636492e-05, 3.71025089407e-05, 3.06621732307e-05, 3.42375969922e-05, 3.421978181e-05, 4.97975779581e-05, 9.75684088189e-05, 0.000111142187961, 7.21949691069e-05, 4.73911895824e-05], "dmean2": [0.00130199536216, 0.0125550245866, 0.00631306320429, 0.00459013786167, 0.00607243413106, 0.00179512379691, 0.00100649392698, 0.000663491897285, 0.000871080206707, 0.000728851358872, 0.00109155743849, 0.000613387557678, 0.000294776255032, 0.000235562867601, 0.000206022508792, 0.000142385382787, 0.000101579193142, 7.257003017e-05, 5.71803684579e-05, 4.52553613286e-05, 5.11083089805e-05, 5.07376971655e-05, 7.23419725546e-05, 0.000136172326165, 0.000183393043699, 0.000111819645099, 7.49280443415e-05], "dvar": [4.01490251534e-06, 0.00024247141846, 9.6847601526e-05, 4.2521256546e-05, 3.67357242794e-05, 8.12567031971e-06, 1.97699387172e-06, 9.50825835844e-07, 4.61816216557e-06, 2.05006449505e-06, 7.59303793529e-06, 2.38816051024e-06, 3.68821474694e-07, 9.99586688977e-08, 1.13046780825e-07, 5.28315737824e-08, 3.47904212106e-08, 1.92823534917e-08, 6.80062006708e-09, 6.48544817849e-09, 6.1334164414e-09, 7.58369367304e-09, 1.27869537181e-08, 4.80188049323e-08, 1.14502526571e-07, 2.89640560425e-08, 1.86525106471e-08], "dvar2": [6.99319070918e-06, 0.00055542064365, 0.000208580124308, 0.000115041410027, 9.11555034691e-05, 1.9224562493e-05, 4.94339064971e-06, 2.25434155254e-06, 9.15858163353e-06, 4.44072429673e-06, 1.43818033393e-05, 4.31438502346e-06, 8.81132734776e-07, 2.23606207328e-07, 2.86253708737e-07, 1.14169942833e-07, 7.9100828998e-08, 4.37982841106e-08, 1.58237760672e-08, 1.29116211056e-08, 1.50340628835e-08, 1.92473006422e-08, 2.88687083128e-08, 8.05133311133e-08, 3.08357897438e-07, 6.88079424549e-08, 4.49218262588e-08], "max": [0.0211981795728, 0.131674736738, 0.11631397903, 0.0723335295916, 0.0927376002073, 0.0776459872723, 0.0443501956761, 0.0320569686592, 0.0693147778511, 0.0386785306036, 0.0670260116458, 0.0505958013237, 0.0280042439699, 0.00913537573069, 0.00909566879272, 0.0104974210262, 0.0108232367784, 0.0042817061767, 0.00251596304588, 0.00426439521834, 0.0017478808295, 0.00216540624388, 0.00366553524509, 0.00705873314291, 0.00894571002573, 0.00218004407361, 0.00200472073629], "mean": [0.00153279060032, 0.0134011926129, 0.00465590506792, 0.00333265541121, 0.00898185372353, 0.00236410088837, 0.00111786241177, 0.00070347887231, 0.00109842454549, 0.000871328753419, 0.00148824322969, 0.000994417234324, 0.000350591843016, 0.000289371469989, 0.000213136852835, 0.000147458165884, 0.000112360081403, 8.98724902072e-05, 6.13406446064e-05, 4.96441898576e-05, 4.94212108606e-05, 4.5723583753e-05, 6.74334805808e-05, 0.000137595270644, 0.000114396607387, 7.49311075197e-05, 4.56493798993e-05], "median": [0.000137858238304, 0.00480130501091, 0.00106410274748, 0.00139698362909, 0.00513653643429, 0.00092041795142, 0.000563677400351, 0.000267174560577, 0.000213585182792, 0.000217201799387, 0.000176642613951, 0.000134484551381, 0.00012612278806, 0.000127958934172, 9.09358423087e-05, 5.50992153876e-05, 5.19495442859e-05, 3.464515612e-05, 2.57018728007e-05, 2.16781481868e-05, 1.63507484103e-05, 1.08119802462e-05, 1.4380484572e-05, 2.3958269594e-05, 2.37817948801e-05, 1.04233413367e-05, 3.19401669913e-06], "min": [2.73476303279e-24, 3.26719385393e-24, 3.32379797654e-24, 1.57145046485e-24, 1.94228094047e-23, 1.43323231155e-23, 6.17945630964e-24, 1.54662586019e-23, 2.4846262838e-23, 1.98234529258e-23, 2.74372196832e-23, 2.44926748699e-23, 1.96545751609e-23, 5.20759553051e-23, 7.78108163103e-23, 4.65710567166e-23, 1.0007861786e-22, 1.2382619625e-22, 1.38145208126e-22, 2.32744713683e-22, 2.63414843128e-22, 3.70416819836e-22, 5.29347326368e-22, 6.54264624535e-22, 9.42753758634e-22, 1.25046827865e-21, 2.05549979744e-21], "var": [9.38536322792e-06, 0.000402820354793, 0.000105843195342, 3.62087630492e-05, 0.000109645436169, 1.95581760636e-05, 2.98975851365e-06, 1.6394458271e-06, 1.11254339572e-05, 5.16937052453e-06, 2.62596131506e-05, 1.46816109918e-05, 7.13923839157e-07, 2.56492000972e-07, 1.65885694514e-07, 9.13110085321e-08, 5.74784486673e-08, 4.12619236556e-08, 1.20657359659e-08, 1.09871223231e-08, 7.66775798411e-09, 9.5164525149e-09, 2.46740174958e-08, 1.19640432672e-07, 1.13328489704e-07, 3.36550911584e-08, 1.99269329926e-08]}, "erbbands": {"dmean": [0.297078549862, 1.67960381508, 4.31039237976, 7.18244886398, 9.60602760315, 15.1644325256, 14.4968643188, 8.95654964447, 8.78033733368, 10.1635084152, 6.73319959641, 13.1852712631, 15.7976922989, 16.5590820312, 31.2399158478, 12.0695457458, 8.87596035004, 7.23925256729, 7.17989206314, 5.86193037033, 4.11703157425, 3.4930434227, 2.64652657509, 2.23628258705, 1.50090920925, 1.47270596027, 1.32158470154, 1.34048509598, 1.1378210783, 1.35451579094, 1.54529452324, 1.40161335468, 2.06340789795, 1.01069200039, 0.997753441334, 0.287746816874, 0.165856838226, 0.0455214381218, 0.00726917339489, 0.000397118303226], "dmean2": [0.465363025665, 2.67056083679, 6.79169845581, 11.7249708176, 15.3928260803, 23.5268650055, 21.9994735718, 13.7339067459, 13.7428283691, 15.7343082428, 10.226184845, 19.2312908173, 23.0515098572, 23.4760684967, 44.6452217102, 16.7110652924, 13.2526073456, 10.9583911896, 11.1641178131, 8.85633563995, 6.31921291351, 5.38871240616, 4.00894021988, 3.35926270485, 2.304510355, 2.1523168087, 1.92337942123, 2.050137043, 1.71558558941, 1.9244543314, 2.29951047897, 2.02145242691, 2.87828779221, 1.5317915678, 1.70211184025, 0.446674495935, 0.261271357536, 0.0716813281178, 0.0114738522097, 0.00062455155421], "dvar": [0.365889877081, 13.0171089172, 111.764953613, 334.983917236, 300.237457275, 651.295898438, 677.442443848, 653.993835449, 484.893188477, 547.170043945, 308.348907471, 2761.26025391, 2435.59155273, 2866.70507812, 10048.8457031, 1440.09484863, 796.032165527, 166.405090332, 310.269042969, 213.187774658, 126.173942566, 74.179901123, 51.8628578186, 27.566072464, 9.18039131165, 17.7962722778, 6.7860455513, 11.5917129517, 10.1296434402, 7.90613889694, 15.0850486755, 8.17692565918, 28.2545871735, 4.93623399734, 14.0617694855, 0.382920563221, 0.164246201515, 0.0106600252911, 0.00048001963296, 2.50126890933e-06], "dvar2": [0.88409358263, 29.9223594666, 251.195999146, 865.469848633, 758.383239746, 1629.31298828, 1579.7064209, 1558.85534668, 1244.31225586, 1338.16271973, 716.423461914, 5481.63623047, 5109.65966797, 5310.70751953, 19738.5351562, 2583.96728516, 1915.04919434, 370.90725708, 751.90625, 485.319824219, 270.948577881, 160.124252319, 117.070655823, 58.0557403564, 21.9444255829, 34.9245567322, 14.5303668976, 29.8543834686, 26.7383708954, 16.5139045715, 36.492351532, 18.2592716217, 43.0623435974, 11.2712202072, 39.3389854431, 0.921221137047, 0.390673965216, 0.0253193713725, 0.00116727058776, 6.2229314608e-06], "max": [6.20918083191, 33.6383399963, 106.62021637, 200.750183105, 292.210357666, 407.199890137, 662.925170898, 841.434753418, 744.834106445, 581.241516113, 670.12878418, 2169.02587891, 1628.21813965, 1801.75756836, 2549.90551758, 1269.19934082, 1462.32324219, 324.350158691, 565.784118652, 500.340637207, 720.404174805, 364.010253906, 210.982650757, 222.359466553, 69.3679428101, 247.877532959, 58.4646759033, 80.8628005981, 85.6332931519, 98.5551376343, 73.9810562134, 82.5993423462, 141.430648804, 92.1306686401, 62.298992157, 12.6537952423, 5.41771268845, 1.42414343357, 0.305016845465, 0.0273257680237], "mean": [0.484256058931, 2.55117201805, 5.58849382401, 8.68761539459, 16.5714130402, 33.0235786438, 32.3334732056, 18.7559814453, 15.7672786713, 18.1610240936, 12.8246631622, 23.3617172241, 30.5090522766, 34.2834663391, 68.8230743408, 27.5344944, 17.2983856201, 14.6455068588, 12.7500696182, 9.95337963104, 7.35104227066, 6.35685348511, 5.13571357727, 4.34886550903, 2.51269841194, 2.37718105316, 2.10133838654, 1.80400025845, 1.54909479618, 1.83581769466, 2.0151424408, 1.96404194832, 2.8324201107, 1.23100972176, 0.926819324493, 0.306432157755, 0.163587108254, 0.0449835397303, 0.00715370289981, 0.000413697387557], "median": [0.113813906908, 0.96255916357, 1.55911779404, 3.66916418076, 8.87102890015, 16.9422245026, 16.0421295166, 6.57722473145, 8.39225006104, 8.3050069809, 5.15262985229, 5.17746829987, 7.72276639938, 7.58525466919, 10.5654459, 5.84972476959, 6.61980962753, 7.20573997498, 5.92625713348, 4.03451251984, 3.05746793747, 3.14683818817, 2.20339679718, 1.75225400925, 1.23649179935, 1.02764117718, 0.758332133293, 0.536871552467, 0.37325873971, 0.421735465527, 0.411097466946, 0.439962029457, 0.417554080486, 0.283331245184, 0.156066477299, 0.050405152142, 0.0202425532043, 0.00458742119372, 0.000540308188647, 8.29566561151e-05], "min": [2.01895178335e-22, 6.53517718408e-22, 3.37652117013e-21, 1.38946745837e-20, 4.52723607133e-20, 6.04956020675e-20, 5.39959399315e-20, 8.56840530509e-20, 8.79255574146e-20, 2.19839946495e-19, 5.08976225023e-19, 6.11897242161e-19, 7.6217047196e-19, 8.74620454659e-19, 1.21930764989e-18, 1.94583837307e-18, 1.27286811154e-18, 2.72036273578e-18, 4.2971226321e-18, 4.07877755607e-18, 4.40345918139e-18, 5.66954389491e-18, 6.86155665254e-18, 6.78480752658e-18, 6.92116535543e-18, 1.18349155654e-17, 1.04698723401e-17, 7.96919367896e-18, 1.31532594821e-17, 1.39966850947e-17, 1.42396330037e-17, 1.14653387124e-17, 1.10154186336e-17, 9.05451833553e-18, 6.92111986049e-18, 4.41733927207e-18, 2.22036514271e-18, 1.05155500807e-18, 2.7479495711e-19, 3.00158608824e-20], "var": [0.635112226009, 17.0869140625, 122.334579468, 288.801605225, 541.39074707, 1839.74169922, 2032.9263916, 1539.26208496, 617.01385498, 1018.87988281, 542.723022461, 5569.69921875, 6409.68994141, 8045.11474609, 38405.0976562, 7561.0703125, 1508.34179688, 474.281219482, 564.932983398, 361.320556641, 235.224685669, 152.142425537, 111.096801758, 72.3931427002, 13.4565525055, 29.8621006012, 12.1193132401, 12.146645546, 11.3930988312, 16.1135940552, 24.2250747681, 17.6020908356, 66.4477081299, 9.01313686371, 10.8438777924, 0.498026221991, 0.178882196546, 0.0127525683492, 0.000509058358148, 2.29238344218e-06]}, "gfcc": {"mean": [-23.7650547028, 96.2273406982, -74.5850143433, 13.3826255798, -43.1855926514, 14.6859788895, -39.4000396729, 4.82591629028, -26.4484214783, -0.411558747292, -12.7517719269, 0.924014985561, -6.45644760132], "cov": [[19328.6484375, 221.563446045, -1268.05432129, -204.405807495, -615.15814209, 303.948272705, -474.048828125, -57.2009544373, -541.583007812, -110.862472534, -6.43481302261, 198.204284668, 77.8360900879], [221.563446045, 2365.90087891, -506.91519165, -93.4223022461, 304.695465088, -15.4552354813, 154.705230713, -1.50743377209, -61.2256202698, -85.2984008789, 151.993759155, -15.5175886154, 200.278335571], [-1268.05432129, -506.91519165, 941.991210938, 298.869750977, 112.015609741, 142.665252686, 70.2220840454, 48.2599563599, 142.610427856, 58.9859008789, -32.4740409851, -8.11323547363, -97.7143478394], [-204.405807495, -93.4223022461, 298.869750977, 450.504608154, 109.838798523, 83.1152496338, 47.7579536438, 53.6476516724, 111.008369446, 56.8424339294, -3.09885001183, -3.10891985893, -26.6688175201], [-615.15814209, 304.695465088, 112.015609741, 109.838798523, 263.134063721, 90.1360015869, 126.888404846, 54.3715858459, 41.7674674988, 15.0901412964, 36.4469871521, 2.74624896049, 19.7577018738], [303.948272705, -15.4552354813, 142.665252686, 83.1152496338, 90.1360015869, 252.717987061, 121.77519989, 32.7423744202, 6.42609786987, 14.8116378784, 24.3204288483, 20.0608005524, -9.01889038086], [-474.048828125, 154.705230713, 70.2220840454, 47.7579536438, 126.888404846, 121.77519989, 225.088607788, 45.7617607117, 8.58367443085, 2.23417544365, 35.5714073181, 15.1720705032, 16.7756652832], [-57.2009544373, -1.50743377209, 48.2599563599, 53.6476516724, 54.3715858459, 32.7423744202, 45.7617607117, 141.284927368, 79.1593170166, 36.3646278381, -0.0476964786649, 3.2060675621, -3.97788619995], [-541.583007812, -61.2256202698, 142.610427856, 111.008369446, 41.7674674988, 6.42609786987, 8.58367443085, 79.1593170166, 228.950637817, 103.360488892, -5.74210739136, -17.2576599121, -23.3833274841], [-110.862472534, -85.2984008789, 58.9859008789, 56.8424339294, 15.0901412964, 14.8116378784, 2.23417544365, 36.3646278381, 103.360488892, 126.705307007, 21.9716014862, 7.42922496796, -24.1174983978], [-6.43481302261, 151.993759155, -32.4740409851, -3.09885001183, 36.4469871521, 24.3204288483, 35.5714073181, -0.0476964786649, -5.74210739136, 21.9716014862, 100.22731781, 30.936372757, 27.9419670105], [198.204284668, -15.5175886154, -8.11323547363, -3.10891985893, 2.74624896049, 20.0608005524, 15.1720705032, 3.2060675621, -17.2576599121, 7.42922496796, 30.936372757, 75.2500305176, 21.5486412048], [77.8360900879, 200.278335571, -97.7143478394, -26.6688175201, 19.7577018738, -9.01889038086, 16.7756652832, -3.97788619995, -23.3833274841, -24.1174983978, 27.9419670105, 21.5486412048, 88.4701538086]], "icov": [[8.18416156108e-05, -3.8980942918e-05, 0.000104139158793, -8.02263166406e-05, 0.00019787272322, -0.000301246502204, 0.000255373626715, -0.000147303697304, 0.00019743469602, -7.78503526817e-05, 8.1658072304e-05, -0.000175601919182, 2.50721623161e-05], [-3.8980942918e-05, 0.000798912369646, 0.000330784299877, 7.68562822486e-05, -0.00103736144956, 0.000287453673081, -0.000217620821786, 0.000249302014709, -0.000302611791994, 0.000500940601341, -0.000827538431622, 0.000793463725131, -0.000947635970078], [0.000104139158793, 0.000330784299877, 0.00198683165945, -0.000813052873127, -0.00052784854779, -0.000851807650179, 0.000194403575733, 0.000277781451587, -0.000683680642396, 0.000627368339337, 7.60497277952e-05, -0.000419186340878, 0.00118397315964], [-8.02263166406e-05, 7.68562822486e-05, -0.000813052873127, 0.0032888292335, -0.00113587232772, -0.000144765610457, 6.31144503132e-05, 3.75678173441e-05, -0.000939245219342, -0.000281363754766, 0.000159551418619, 0.000142709657666, -0.00019148249703], [0.00019787272322, -0.00103736144956, -0.00052784854779, -0.00113587232772, 0.00781850423664, -0.00132143544033, -0.00177443621214, -0.00160292407963, 0.000458732713014, -0.000423499179306, -0.000324690248817, 9.43273062148e-06, -0.00026146278833], [-0.000301246502204, 0.000287453673081, -0.000851807650179, -0.000144765610457, -0.00132143544033, 0.00717954570428, -0.00363523489796, 0.000217712309677, 0.000166558587807, -0.000152222986799, -0.000785432697739, -0.000198584079044, 0.000654925301205], [0.000255373626715, -0.000217620821786, 0.000194403575733, 6.31144503132e-05, -0.00177443621214, -0.00363523489796, 0.00855820905417, -0.00179600517731, 0.000832628342323, 0.000377499847673, -0.000797282205895, -0.000704560428858, -0.000429753592471], [-0.000147303697304, 0.000249302014709, 0.000277781451587, 3.75678173441e-05, -0.00160292407963, 0.000217712309677, -0.00179600517731, 0.0101295718923, -0.00370782148093, 0.0001081870505, 0.000888239825144, -0.000833302736282, 3.14606913889e-05], [0.00019743469602, -0.000302611791994, -0.000683680642396, -0.000939245219342, 0.000458732713014, 0.000166558587807, 0.000832628342323, -0.00370782148093, 0.0101019116119, -0.00717805325985, 0.00160426099319, 0.00194468593691, -0.0012040825095], [-7.78503526817e-05, 0.000500940601341, 0.000627368339337, -0.000281363754766, -0.000423499179306, -0.000152222986799, 0.000377499847673, 0.0001081870505, -0.00717805325985, 0.0155771328136, -0.00481649907306, -0.00198349519633, 0.00390846049413], [8.1658072304e-05, -0.000827538431622, 7.60497277952e-05, 0.000159551418619, -0.000324690248817, -0.000785432697739, -0.000797282205895, 0.000888239825144, 0.00160426099319, -0.00481649907306, 0.0151324812323, -0.00471660587937, -0.00240234541707], [-0.000175601919182, 0.000793463725131, -0.000419186340878, 0.000142709657666, 9.43273062148e-06, -0.000198584079044, -0.000704560428858, -0.000833302736282, 0.00194468593691, -0.00198349519633, -0.00471660587937, 0.0180996768177, -0.00493351276964], [2.50721623161e-05, -0.000947635970078, 0.00118397315964, -0.00019148249703, -0.00026146278833, 0.000654925301205, -0.000429753592471, 3.14606913889e-05, -0.0012040825095, 0.00390846049413, -0.00240234541707, -0.00493351276964, 0.017592087388]]}, "melbands": {"dmean": [0.00231726909988, 0.00216215546243, 0.00126026850194, 0.000847821589559, 0.000566053437069, 0.000197961286176, 0.000133293375256, 0.000110580942419, 5.30331999471e-05, 8.80946608959e-05, 8.13356164144e-05, 6.79727163515e-05, 0.000117292118375, 5.75750382268e-05, 2.18757377297e-05, 1.64357334143e-05, 1.4654977349e-05, 1.2485786101e-05, 9.06335662876e-06, 7.51658990339e-06, 4.60271394331e-06, 3.79750281354e-06, 3.34297806148e-06, 2.34009053202e-06, 1.91314643416e-06, 1.29495833789e-06, 1.02719559436e-06, 1.03057425349e-06, 8.03343425559e-07, 9.48268905177e-07, 7.58945816415e-07, 6.19972411187e-07, 7.54905897793e-07, 7.73964586642e-07, 8.87335318112e-07, 8.60520003698e-07, 8.83836776211e-07, 1.56464273005e-06, 1.08256779185e-06, 8.23104301162e-07], "dmean2": [0.00371816009283, 0.00323592079803, 0.0020332315471, 0.00131902040448, 0.000861738400999, 0.000304878136376, 0.000206938610063, 0.000170791347045, 7.97599277576e-05, 0.000129077307065, 0.000119042953884, 9.70815308392e-05, 0.000166505516972, 8.07063042885e-05, 3.20474355249e-05, 2.4377122827e-05, 2.2480444386e-05, 1.95300635824e-05, 1.40297279358e-05, 1.15502307381e-05, 7.1498707257e-06, 5.92049764236e-06, 5.25875429958e-06, 3.58889701602e-06, 2.92466620522e-06, 2.05125070352e-06, 1.58667478445e-06, 1.53196560859e-06, 1.19074081795e-06, 1.45055844314e-06, 1.19005619581e-06, 9.53877361098e-07, 1.13548242098e-06, 1.0980756997e-06, 1.34973720378e-06, 1.29349507461e-06, 1.31663057346e-06, 2.1899463718e-06, 1.54805070451e-06, 1.29210786781e-06], "dvar": [2.09164409171e-05, 2.37599560933e-05, 8.08954246168e-06, 2.03824720302e-06, 9.06027480596e-07, 2.9994728834e-07, 9.99447209438e-08, 6.10575270343e-08, 1.96560900889e-08, 1.16374280879e-07, 6.26471887699e-08, 4.75484185358e-08, 1.70648078779e-07, 3.98447035366e-08, 4.7317767482e-09, 1.97972749305e-09, 7.1490463549e-10, 1.03170838539e-09, 7.49460493665e-10, 3.18631121488e-10, 2.13577142083e-10, 1.11761794264e-10, 7.78858783024e-11, 5.12178841006e-11, 2.2031671626e-11, 7.48214858126e-12, 6.19084037506e-12, 9.26943070911e-12, 2.34272280394e-12, 5.93091504728e-12, 3.31833714153e-12, 2.76524983467e-12, 4.29345361347e-12, 2.76469168739e-12, 5.62309704008e-12, 3.50083959218e-12, 3.91637286837e-12, 1.68005141049e-11, 6.29501485661e-12, 3.71034409793e-12], "dvar2": [4.96528591611e-05, 4.9629703426e-05, 2.0480601961e-05, 4.92521621709e-06, 2.20324932343e-06, 7.17833643193e-07, 2.53425213259e-07, 1.49275294348e-07, 4.37802789577e-08, 2.32663737165e-07, 1.30635086748e-07, 8.96761775948e-08, 3.3763240026e-07, 7.10950729399e-08, 1.02072403863e-08, 4.67643701541e-09, 1.63919555707e-09, 2.43322673121e-09, 1.87170390298e-09, 6.93141988251e-10, 4.69645489165e-10, 2.42096148684e-10, 1.83031964585e-10, 1.15009987645e-10, 4.64486331342e-11, 1.85751934667e-11, 1.44625275297e-11, 1.82185429937e-11, 4.81574719338e-12, 1.52507555196e-11, 8.49209071119e-12, 7.30254311881e-12, 1.10770056322e-11, 5.50218768117e-12, 1.36943486065e-11, 8.67111157182e-12, 8.85292013308e-12, 2.56784246644e-11, 1.17026501337e-11, 9.07183269477e-12], "max": [0.0439410731196, 0.0504353232682, 0.0303977765143, 0.0256785135716, 0.0176983512938, 0.0171430688351, 0.0104990359396, 0.00736838858575, 0.0046541034244, 0.0128679778427, 0.00819467566907, 0.00705371145159, 0.0106192175299, 0.00726724835113, 0.00234639551491, 0.00200474122539, 0.000672763271723, 0.000942938204389, 0.000736796238925, 0.000694817863405, 0.000852613360621, 0.000530195480678, 0.000315876852255, 0.000276565027889, 0.000193935455172, 5.43075620953e-05, 9.40482495935e-05, 0.00018630149134, 4.06914004998e-05, 6.25384273008e-05, 4.04143647756e-05, 4.35423826275e-05, 5.67947718082e-05, 8.63517561811e-05, 5.75706581003e-05, 3.3267573599e-05, 7.69120597397e-05, 0.000119988610095, 9.51354159042e-05, 8.0730074842e-05], "mean": [0.00395542988554, 0.00317134568468, 0.00169943738729, 0.00182626955211, 0.0012863232987, 0.000407070358051, 0.000240005989326, 0.000197104323888, 0.000100697361631, 0.000155876623467, 0.000153976725414, 0.000132256609504, 0.000241880959948, 0.000135414855322, 3.83382684959e-05, 3.07038826577e-05, 2.74399371847e-05, 2.10226662603e-05, 1.42337785292e-05, 1.20850281746e-05, 7.72769908508e-06, 6.35182004771e-06, 5.65918571738e-06, 4.38789538748e-06, 3.48617936652e-06, 1.99125383915e-06, 1.58798923167e-06, 1.58228317559e-06, 1.29583543185e-06, 1.26143186208e-06, 9.72067255134e-07, 8.24521805498e-07, 9.48453475758e-07, 1.0405968851e-06, 1.14158433462e-06, 1.08739118332e-06, 1.21113350815e-06, 2.12333065974e-06, 1.40382405789e-06, 9.3351019359e-07], "median": [0.0012464215979, 0.00103843887337, 0.000855770194903, 0.000909207039513, 0.000734610948712, 0.000140163931064, 0.000125820864923, 8.71961165103e-05, 3.38621503033e-05, 2.99939201795e-05, 3.65672967746e-05, 2.91140277113e-05, 3.17388403346e-05, 1.89337879419e-05, 1.22317942441e-05, 1.27813127619e-05, 1.28724504975e-05, 8.66965092428e-06, 5.66484368392e-06, 4.25769485446e-06, 2.85213627649e-06, 3.03225897369e-06, 2.27586019719e-06, 1.62280264249e-06, 1.32009404297e-06, 8.97232553143e-07, 7.79617607805e-07, 6.19661022938e-07, 4.38685560766e-07, 3.86921897189e-07, 2.67581015123e-07, 2.05823255328e-07, 1.94291331468e-07, 2.34457573356e-07, 2.18377977035e-07, 2.40382831862e-07, 2.72164015769e-07, 2.87717625724e-07, 2.59793637269e-07, 2.26053003871e-07], "min": [2.79607882437e-24, 1.31857114232e-24, 3.42674550796e-24, 4.43655136438e-24, 1.67664023479e-24, 1.94019412728e-24, 1.28236577942e-24, 2.78798392819e-24, 4.73275049049e-24, 3.29292945489e-24, 3.56581458581e-24, 2.06575849807e-24, 3.71113814734e-24, 2.93993411854e-24, 3.99184996172e-24, 3.30892755405e-24, 4.4970400353e-24, 6.40205905203e-24, 5.1476002132e-24, 2.90709521956e-24, 4.65202911507e-24, 5.20963584036e-24, 4.83466698071e-24, 4.48887611379e-24, 4.72830289271e-24, 4.54155979492e-24, 4.84448869341e-24, 7.7673950521e-24, 5.14850306451e-24, 5.20869630702e-24, 3.94752268417e-24, 6.75350368505e-24, 6.36677054272e-24, 7.23512535579e-24, 7.29230672737e-24, 6.11034775561e-24, 7.20234424088e-24, 7.08431802768e-24, 6.55261710009e-24, 7.44692977568e-24], "var": [3.66155545635e-05, 3.09409624606e-05, 7.74515865487e-06, 6.21203571427e-06, 2.68342910204e-06, 7.1209581165e-07, 1.36398796258e-07, 1.12372276817e-07, 3.93513595043e-08, 2.47479675863e-07, 1.68508620391e-07, 1.22763424315e-07, 5.81726055771e-07, 2.67104525165e-07, 1.1220556928e-08, 3.79215547852e-09, 1.82093484735e-09, 1.96399074781e-09, 9.57165791071e-10, 5.6596449749e-10, 3.66617930458e-10, 1.84831192018e-10, 1.39013009437e-10, 1.06845685077e-10, 5.3289626184e-11, 1.02626128082e-11, 8.25516998509e-12, 1.5606725981e-11, 4.72325390605e-12, 6.17719460652e-12, 3.53767752939e-12, 3.15188218407e-12, 4.92400781607e-12, 5.92890667117e-12, 8.68490088873e-12, 5.52563333631e-12, 7.9745229517e-12, 3.88856030709e-11, 1.32800151084e-11, 5.91950880674e-12]}, "mfcc": {"mean": [-678.96081543, 140.752990723, 23.6113204956, 12.02617836, 16.8779067993, 5.10577058792, 6.0082321167, 0.851094007492, -1.82207596302, -1.70704495907, -5.28736877441, -1.98976421356, -2.97554087639], "cov": [[8929.32617188, 700.347412109, -245.519287109, -359.952270508, -135.755828857, -43.5743713379, 146.748062134, 11.9794740677, -205.003509521, -265.002838135, -184.268051147, -122.603294373, -232.665679932], [700.347412109, 1988.4263916, -467.587463379, 7.50969314575, 60.8908958435, -6.59600496292, 222.173049927, 33.9247970581, -26.5975208282, -61.3012733459, -39.0253829956, -45.5472831726, -40.5503883362], [-245.519287109, -467.587463379, 694.277160645, 154.113876343, 147.374237061, 136.949157715, -30.9128742218, 55.4430770874, 63.3964614868, 81.9289550781, 83.0575408936, 51.4956665039, 31.8959159851], [-359.952270508, 7.50969314575, 154.113876343, 329.408325195, 120.672981262, 57.6393165588, 3.41003751755, 33.8250274658, 69.9126586914, 44.0169715881, 49.1228637695, 49.2719192505, 38.1229400635], [-135.755828857, 60.8908958435, 147.374237061, 120.672981262, 197.768890381, 59.7639350891, 18.3372097015, 38.8297958374, 51.9738998413, 47.1325531006, 42.2220687866, 39.6910667419, 27.4368038177], [-43.5743713379, -6.59600496292, 136.949157715, 57.6393165588, 59.7639350891, 221.03578186, 100.04650116, 64.0895309448, 32.6536026001, 31.0430355072, 49.3386497498, 22.6697540283, 12.5960664749], [146.748062134, 222.173049927, -30.9128742218, 3.41003751755, 18.3372097015, 100.04650116, 245.927841187, 97.7726821899, -5.51997661591, -19.8018093109, 15.2400178909, -16.0551948547, -37.6134338379], [11.9794740677, 33.9247970581, 55.4430770874, 33.8250274658, 38.8297958374, 64.0895309448, 97.7726821899, 132.80229187, 49.5912361145, 16.5134677887, 22.5327262878, 10.5079145432, 4.35008716583], [-205.003509521, -26.5975208282, 63.3964614868, 69.9126586914, 51.9738998413, 32.6536026001, -5.51997661591, 49.5912361145, 129.577819824, 70.7414398193, 25.2912273407, 36.6048240662, 43.2223968506], [-265.002838135, -61.3012733459, 81.9289550781, 44.0169715881, 47.1325531006, 31.0430355072, -19.8018093109, 16.5134677887, 70.7414398193, 121.589195251, 58.0168914795, 35.1464042664, 48.9626464844], [-184.268051147, -39.0253829956, 83.0575408936, 49.1228637695, 42.2220687866, 49.3386497498, 15.2400178909, 22.5327262878, 25.2912273407, 58.0168914795, 101.362327576, 50.5405464172, 32.0210418701], [-122.603294373, -45.5472831726, 51.4956665039, 49.2719192505, 39.6910667419, 22.6697540283, -16.0551948547, 10.5079145432, 36.6048240662, 35.1464042664, 50.5405464172, 95.0257720947, 56.7231178284], [-232.665679932, -40.5503883362, 31.8959159851, 38.1229400635, 27.4368038177, 12.5960664749, -37.6134338379, 4.35008716583, 43.2223968506, 48.9626464844, 32.0210418701, 56.7231178284, 99.5769271851]], "icov": [[0.000130756612634, -4.91856517328e-05, -3.54711046384e-05, 0.000117914947623, 7.48834600017e-06, -3.09555434796e-05, 3.19241225952e-05, -8.43901289045e-05, 7.09178275429e-05, 0.000105892657302, 0.000144670979353, -0.000158741953783, 0.000230357967666], [-4.91856517328e-05, 0.000750811595935, 0.00058249628637, -0.000153442902956, -0.000642779399641, 8.23047594167e-05, -0.000660482677631, 0.000247800751822, -6.30532449577e-05, 7.2325929068e-05, -5.03192859469e-05, 0.000315137964208, -0.000202153620194], [-3.54711046384e-05, 0.00058249628637, 0.00260513927788, -0.000510562967975, -0.00137938186526, -0.0011381120421, 0.000793912273366, -0.0007397813024, 0.00037525917287, -0.000487578712637, -0.000640761456452, 0.000205945747439, 0.000537166080903], [0.000117914947623, -0.000153442902956, -0.000510562967975, 0.00445978948846, -0.00178666436113, -0.00014208733046, 7.09440064384e-05, 0.000299789942801, -0.00165229476988, 0.00114693958312, -0.000819397566374, -0.000480640068417, -0.000116373019409], [7.48834600017e-06, -0.000642779399641, -0.00137938186526, -0.00178666436113, 0.00827705021948, -0.000432490342064, 8.8387496362e-05, -0.000660239427816, -0.00049110094551, -0.00119562388863, 0.000118091295008, -0.00153378187679, 0.000354724208592], [-3.09555434796e-05, 8.23047594167e-05, -0.0011381120421, -0.00014208733046, -0.000432490342064, 0.00729887373745, -0.00315327243879, -7.10348613211e-05, -0.000626897672191, 4.35724032286e-05, -0.00159565219656, 0.000279939442407, -0.00100762525108], [3.19241225952e-05, -0.000660482677631, 0.000793912273366, 7.09440064384e-05, 8.8387496362e-05, -0.00315327243879, 0.00898241531104, -0.00598776945844, 0.00190307223238, 0.000494091480505, -0.00112517969683, 0.000206730765058, 0.00272828130983], [-8.43901289045e-05, 0.000247800751822, -0.0007397813024, 0.000299789942801, -0.000660239427816, -7.10348613211e-05, -0.00598776945844, 0.0146032525226, -0.00621886784211, 0.00211079837754, -0.00141345418524, 0.000949439359829, -0.0011077496456], [7.09178275429e-05, -6.30532449577e-05, 0.00037525917287, -0.00165229476988, -0.00049110094551, -0.000626897672191, 0.00190307223238, -0.00621886784211, 0.0162033531815, -0.0085714571178, 0.00486597651616, -0.00314135919325, -0.000736352405511], [0.000105892657302, 7.2325929068e-05, -0.000487578712637, 0.00114693958312, -0.00119562388863, 4.35724032286e-05, 0.000494091480505, 0.00211079837754, -0.0085714571178, 0.0185975115746, -0.00916496198624, 0.00410630414262, -0.0044036321342], [0.000144670979353, -5.03192859469e-05, -0.000640761456452, -0.000819397566374, 0.000118091295008, -0.00159565219656, -0.00112517969683, -0.00141345418524, 0.00486597651616, -0.00916496198624, 0.0202415287495, -0.0090088006109, 0.00165956909768], [-0.000158741953783, 0.000315137964208, 0.000205945747439, -0.000480640068417, -0.00153378187679, 0.000279939442407, 0.000206730765058, 0.000949439359829, -0.00314135919325, 0.00410630414262, -0.0090088006109, 0.0213302280754, -0.00960988551378], [0.000230357967666, -0.000202153620194, 0.000537166080903, -0.000116373019409, 0.000354724208592, -0.00100762525108, 0.00272828130983, -0.0011077496456, -0.000736352405511, -0.0044036321342, 0.00165956909768, -0.00960988551378, 0.0189050063491]]}, "spectral_contrast_coeffs": {"dmean": [0.054616484791, 0.0445238687098, 0.0378161668777, 0.0291116181761, 0.0205364543945, 0.0161526724696], "dmean2": [0.0861934870481, 0.0706036239862, 0.0584912970662, 0.0460908263922, 0.0328207202256, 0.0256791319698], "dvar": [0.00223680282943, 0.00141120015178, 0.00104090408422, 0.000632742769085, 0.00030644092476, 0.000221589420107], "dvar2": [0.00543856155127, 0.00350301503204, 0.00224106851965, 0.00143785495311, 0.000713255023584, 0.00050840259064], "max": [-0.260442882776, -0.39397585392, -0.417262762785, -0.556020200253, -0.552315354347, -0.713222503662], "mean": [-0.616951584816, -0.698071777821, -0.744847655296, -0.770039856434, -0.80775642395, -0.823754429817], "median": [-0.627571821213, -0.699898958206, -0.755516886711, -0.773453295231, -0.80996799469, -0.824678361416], "min": [-0.975957393646, -0.978864133358, -0.969244062901, -0.979753792286, -0.971851527691, -0.963406443596], "var": [0.0115132350475, 0.00705271121114, 0.0081177437678, 0.00348071055487, 0.001683079754, 0.000881529529579]}, "spectral_contrast_valleys": {"dmean": [0.422421336174, 0.36456272006, 0.345230281353, 0.324774116278, 0.333196014166, 0.527858436108], "dmean2": [0.653559207916, 0.570276677608, 0.519879102707, 0.46310415864, 0.443490415812, 0.638318002224], "dvar": [0.185062378645, 0.142193645239, 0.130126312375, 0.133888393641, 0.154895633459, 0.286615103483], "dvar2": [0.361217200756, 0.280033409595, 0.233545467257, 0.234052523971, 0.269604146481, 0.551518261433], "max": [-4.80685424805, -4.75964069366, -5.2709240