{"lowlevel": {"average_loudness": 0.889437258244, "barkbands_crest": {"dmean": 2.13861918449, "dmean2": 3.54316830635, "dvar": 3.86265325546, "dvar2": 10.3327302933, "max": 24.1311855316, "mean": 9.90486240387, "median": 9.4252910614, "min": 2.77229332924, "var": 10.770403862}, "barkbands_flatness_db": {"dmean": 0.0277817565948, "dmean2": 0.0371704734862, "dvar": 0.00082974327961, "dvar2": 0.00156723137479, "max": 0.412396520376, "mean": 0.167063221335, "median": 0.153706073761, "min": 0.018466392532, "var": 0.00572666805238}, "barkbands_kurtosis": {"dmean": 4.33175802231, "dmean2": 6.74162483215, "dvar": 35.6388969421, "dvar2": 83.1664733887, "max": 96.1895599365, "mean": 9.2723608017, "median": 6.69057655334, "min": -1.78952944279, "var": 102.682502747}, "barkbands_skewness": {"dmean": 0.553096950054, "dmean2": 0.856671988964, "dvar": 0.300667226315, "dvar2": 0.716846883297, "max": 7.43605709076, "mean": 2.22532725334, "median": 2.25444364548, "min": -2.49735426903, "var": 1.77998352051}, "barkbands_spread": {"dmean": 5.48921775818, "dmean2": 8.3116645813, "dvar": 66.4603805542, "dvar2": 157.907592773, "max": 113.980377197, "mean": 15.7109222412, "median": 10.6787128448, "min": 0.673896610737, "var": 205.816070557}, "dissonance": {"dmean": 0.021474422887, "dmean2": 0.0358764268458, "dvar": 0.000478673580801, "dvar2": 0.00123676483054, "max": 0.5, "mean": 0.446587473154, "median": 0.454942584038, "min": 0.247974231839, "var": 0.00150371599011}, "dynamic_complexity": 5.70554304123, "erbbands_crest": {"dmean": 2.22129297256, "dmean2": 3.64303636551, "dvar": 4.94060707092, "dvar2": 12.2445192337, "max": 29.731508255, "mean": 8.93370342255, "median": 7.99671840668, "min": 2.389970541, "var": 17.4359550476}, "erbbands_flatness_db": {"dmean": 0.0258326269686, "dmean2": 0.035039909184, "dvar": 0.000906192464754, "dvar2": 0.00185099977534, "max": 0.4577870965, "mean": 0.154222726822, "median": 0.139694392681, "min": 0.0328242704272, "var": 0.00468613114208}, "erbbands_kurtosis": {"dmean": 1.06075203419, "dmean2": 1.61011576653, "dvar": 2.39530014992, "dvar2": 4.54033517838, "max": 31.024143219, "mean": 0.807273507118, "median": 0.114748716354, "min": -1.71306753159, "var": 7.47928714752}, "erbbands_skewness": {"dmean": 0.343554079533, "dmean2": 0.531329095364, "dvar": 0.114960417151, "dvar2": 0.257262825966, "max": 4.74790096283, "mean": 0.777807295322, "median": 0.816949248314, "min": -2.18877649307, "var": 0.574225604534}, "erbbands_spread": {"dmean": 9.59895706177, "dmean2": 13.9920501709, "dvar": 156.806167603, "dvar2": 315.786499023, "max": 136.902297974, "mean": 40.976650238, "median": 36.3545188904, "min": 2.36863899231, "var": 460.493499756}, "hfc": {"dmean": 4.41777658463, "dmean2": 5.92931222916, "dvar": 52.7115516663, "dvar2": 106.810562134, "max": 88.5985565186, "mean": 10.7948579788, "median": 6.62386512756, "min": 1.2650523094e-16, "var": 158.017074585}, "melbands_crest": {"dmean": 2.64883971214, "dmean2": 4.40116167068, "dvar": 5.8903427124, "dvar2": 16.0852279663, "max": 27.798286438, "mean": 12.878074646, "median": 12.6137638092, "min": 1.6433391571, "var": 15.8020887375}, "melbands_flatness_db": {"dmean": 0.0306167621166, "dmean2": 0.0407946556807, "dvar": 0.0010539846262, "dvar2": 0.00204547471367, "max": 0.545174062252, "mean": 0.257157683372, "median": 0.252296984196, "min": 0.00416168663651, "var": 0.00932179391384}, "melbands_kurtosis": {"dmean": 8.11336135864, "dmean2": 12.6210689545, "dvar": 144.269714355, "dvar2": 285.413726807, "max": 210.759857178, "mean": 20.9604129791, "median": 15.105711937, "min": -1.69505679607, "var": 505.636535645}, "melbands_skewness": {"dmean": 0.688511610031, "dmean2": 1.05856359005, "dvar": 0.534505724907, "dvar2": 1.07100319862, "max": 11.077755928, "mean": 3.14629030228, "median": 3.03217411041, "min": -1.09104192257, "var": 2.64318418503}, "melbands_spread": {"dmean": 3.94614720345, "dmean2": 6.20699977875, "dvar": 50.2009735107, "dvar2": 110.574775696, "max": 178.154006958, "mean": 16.0042552948, "median": 9.17704868317, "min": 0.626926362514, "var": 605.200317383}, "pitch_salience": {"dmean": 0.0604668669403, "dmean2": 0.100239060819, "dvar": 0.00301472633146, "dvar2": 0.00782310497016, "max": 0.929713249207, "mean": 0.590064406395, "median": 0.592343986034, "min": 0.212583303452, "var": 0.00974498875439}, "silence_rate_20dB": {"dmean": 0, "dmean2": 0, "dvar": 0, "dvar2": 0, "max": 1, "mean": 1, "median": 1, "min": 1, "var": 0}, "silence_rate_30dB": {"dmean": 0.0079984003678, "dmean2": 0.01600000076, "dvar": 0.0079347062856, "dvar2": 0.0217446349561, "max": 1, "mean": 0.994802057743, "median": 1, "min": 0, "var": 0.00517078582197}, "silence_rate_60dB": {"dmean": 0.0363927222788, "dmean2": 0.0728000029922, "dvar": 0.0350710302591, "dvar2": 0.0755082964897, "max": 1, "mean": 0.202718913555, "median": 0, "min": 0, "var": 0.161622405052}, "spectral_centroid": {"dmean": 168.380569458, "dmean2": 260.108398438, "dvar": 65558.2109375, "dvar2": 132516.1875, "max": 10793.8574219, "mean": 860.229980469, "median": 616.385803223, "min": 148.535736084, "var": 560310.0625}, "spectral_complexity": {"dmean": 2.66226744652, "dmean2": 3.60039997101, "dvar": 10.5804862976, "dvar2": 18.4197807312, "max": 51, "mean": 11.3092765808, "median": 10, "min": 0, "var": 66.9711837769}, "spectral_decrease": {"dmean": 2.11031192521e-09, "dmean2": 3.27550653267e-09, "dvar": 1.71219223414e-17, "dvar2": 4.30986940262e-17, "max": 2.28258670237e-18, "mean": -5.69018299146e-09, "median": -4.16904022416e-09, "min": -5.07751742873e-08, "var": 3.5584320644e-17}, "spectral_energy": {"dmean": 0.00827208627015, "dmean2": 0.0127690164372, "dvar": 0.000260828179307, "dvar2": 0.000651412177831, "max": 0.198321357369, "mean": 0.0224552061409, "median": 0.016404312104, "min": 1.1467403549e-20, "var": 0.000551541626919}, "spectral_energyband_high": {"dmean": 0.000234599472606, "dmean2": 0.000324974069372, "dvar": 1.77858780148e-07, "dvar2": 3.62402317933e-07, "max": 0.00651091709733, "mean": 0.00038211629726, "median": 7.77607492637e-05, "min": 8.12988729713e-21, "var": 4.94689572861e-07}, "spectral_energyband_low": {"dmean": 0.00308704865165, "dmean2": 0.00527295423672, "dvar": 5.46716437384e-05, "dvar2": 0.00015173428983, "max": 0.0957170277834, "mean": 0.00743354996666, "median": 0.00539344642311, "min": 6.27557845874e-23, "var": 8.27018520795e-05}, "spectral_energyband_middle_high": {"dmean": 0.000630654045381, "dmean2": 0.000831888755783, "dvar": 1.33319906581e-06, "dvar2": 2.82123801298e-06, "max": 0.0218854881823, "mean": 0.00154066865798, "median": 0.00077199738007, "min": 1.95135602157e-21, "var": 3.74361729882e-06}, "spectral_energyband_middle_low": {"dmean": 0.00671635242179, "dmean2": 0.0104788150638, "dvar": 0.000178738584509, "dvar2": 0.000454294058727, "max": 0.181294456124, "mean": 0.0148073108867, "median": 0.0087769748643, "min": 2.542172046e-22, "var": 0.000318522332236}, "spectral_entropy": {"dmean": 0.254542708397, "dmean2": 0.355328589678, "dvar": 0.0853688344359, "dvar2": 0.174494192004, "max": 9.80732727051, "mean": 7.15097141266, "median": 7.20010757446, "min": 5.1632566452, "var": 0.45032197237}, "spectral_flux": {"dmean": 0.0210928525776, "dmean2": 0.0311311651021, "dvar": 0.000828270800412, "dvar2": 0.0015927804634, "max": 0.368274897337, "mean": 0.0596296228468, "median": 0.0481672883034, "min": 1.07085965095e-10, "var": 0.00256809289567}, "spectral_kurtosis": {"dmean": 4.71068811417, "dmean2": 7.21882820129, "dvar": 96.1201400757, "dvar2": 228.082122803, "max": 176.471801758, "mean": 11.7964506149, "median": 6.28300714493, "min": -1.19008719921, "var": 393.854431152}, "spectral_rms": {"dmean": 0.0007142383256, "dmean2": 0.00103398051579, "dvar": 1.04359423858e-06, "dvar2": 2.33530226978e-06, "max": 0.0139098614454, "mean": 0.00400987872854, "median": 0.00400052592158, "min": 3.34480360076e-12, "var": 5.82830216445e-06}, "spectral_rolloff": {"dmean": 320.174987793, "dmean2": 553.01953125, "dvar": 941460.6875, "dvar2": 2341919.5, "max": 19573.6816406, "mean": 1289.42272949, "median": 473.73046875, "min": 107.666015625, "var": 8706735}, "spectral_skewness": {"dmean": 0.421008378267, "dmean2": 0.63103801012, "dvar": 0.374832093716, "dvar2": 0.900952041149, "max": 10.0612535477, "mean": 2.31835722923, "median": 2.05460882187, "min": 0.0127549916506, "var": 1.56857538223}, "spectral_spread": {"dmean": 1011514.4375, "dmean2": 1345675.375, "dvar": 1857702330370.0, "dvar2": 3488799260670.0, "max": 40710300, "mean": 4828981.5, "median": 4606253, "min": 448396.375, "var": 5472446840830.0}, "spectral_strongpeak": {"dmean": 0.283774465322, "dmean2": 0.484617084265, "dvar": 0.169351413846, "dvar2": 0.427463233471, "max": 8.17337226868, "mean": 0.545221149921, "median": 0.362519085407, "min": 0, "var": 0.303865462542}, "zerocrossingrate": {"dmean": 0.012613395229, "dmean2": 0.0145036131144, "dvar": 0.000221989073907, "dvar2": 0.000285737303784, "max": 0.51708984375, "mean": 0.0619849711657, "median": 0.0400390625, "min": 0.0029296875, "var": 0.00576242106035}, "barkbands": {"dmean": [0.000108801505121, 0.000994606525637, 0.00152387749404, 0.00242407526821, 0.00307953660376, 0.00221890164539, 0.000682029116433, 0.000113024223538, 0.000535317289177, 0.000184767486644, 8.36841500131e-05, 0.000127568768221, 6.4147359808e-05, 8.6091888079e-05, 6.44904066576e-05, 9.97527313302e-05, 0.00010859327449, 5.61264896533e-05, 3.98886550101e-05, 5.09829878865e-05, 3.88513253711e-05, 4.38412171206e-05, 3.3214011637e-05, 3.43324027199e-05, 2.54554379353e-05, 5.37269734195e-05, 1.83767624549e-05], "dmean2": [0.00018069568614, 0.0016073260922, 0.00268736411817, 0.00413584336638, 0.0050028138794, 0.00355182122439, 0.00106519798283, 0.00018400157569, 0.000790227612015, 0.000274859776255, 0.000137284718221, 0.000203915886232, 0.000104466249468, 0.000135029113153, 0.000101740552054, 0.00014910241589, 0.000163231932675, 8.62929155119e-05, 6.01701030973e-05, 7.57309244364e-05, 5.8591573179e-05, 6.6870226874e-05, 4.99296365888e-05, 5.11386642756e-05, 3.52843962901e-05, 7.82859351602e-05, 2.90798307105e-05], "dvar": [1.87449174405e-07, 5.71668806515e-06, 1.30712096507e-05, 3.70736670448e-05, 6.29037313047e-05, 1.60182698892e-05, 1.7713696252e-06, 7.61025589213e-08, 1.30893147343e-06, 1.60502352742e-07, 2.95969986297e-08, 9.3187331629e-08, 4.42659846556e-08, 2.56597658677e-08, 2.22167795272e-08, 3.74341162512e-08, 6.76503404407e-08, 1.81771149244e-08, 7.56466622676e-09, 1.51499381928e-08, 8.11718070537e-09, 1.75314074369e-08, 5.00861396802e-09, 3.91014598478e-09, 3.2676199524e-09, 1.03259987227e-08, 1.32651589713e-09], "dvar2": [4.83219935177e-07, 1.42990929817e-05, 3.97742151108e-05, 0.000102497186163, 0.000163961318322, 4.36381051259e-05, 4.52075801149e-06, 1.98180060806e-07, 2.57311489804e-06, 3.46158941511e-07, 7.62910659091e-08, 2.41659989797e-07, 1.22933002444e-07, 6.15771185153e-08, 5.29537089733e-08, 8.91269849035e-08, 1.38703867947e-07, 4.64782559106e-08, 1.83320683078e-08, 3.45741035801e-08, 1.98738288049e-08, 4.36712781493e-08, 1.09241478086e-08, 9.04067576357e-09, 6.25264862109e-09, 2.35596093745e-08, 3.14501202858e-09], "max": [0.00641765724868, 0.0502902008593, 0.0434740781784, 0.0788985788822, 0.10432305187, 0.0482845231891, 0.0323612503707, 0.0057469191961, 0.0225988645107, 0.00621054740623, 0.00351509428583, 0.00613805325702, 0.00654782028869, 0.0021483800374, 0.00347408885136, 0.00345267378725, 0.00680644530803, 0.00329963793047, 0.00205086031929, 0.00359887792729, 0.00180759211071, 0.00334985856898, 0.00182628689799, 0.000881225336343, 0.000888895301614, 0.00151872588322, 0.000421063101385], "mean": [0.000134861460538, 0.00294281728566, 0.00268386490643, 0.00327873183414, 0.00479367095977, 0.00408446462825, 0.00130322971381, 0.000184549455298, 0.00109980010893, 0.000299590814393, 0.000134977686685, 0.000205973439733, 9.54431889113e-05, 0.000140995834954, 0.000106224797491, 0.000172715284862, 0.000189072088688, 9.83788559097e-05, 6.52076632832e-05, 9.51008041739e-05, 6.03908192716e-05, 6.71238158247e-05, 5.69114890823e-05, 4.59741058876e-05, 3.72460162907e-05, 6.07591064181e-05, 1.71157989826e-05], "median": [2.03427880479e-05, 0.00200711702928, 0.00136048032437, 0.00148846686352, 0.00176652031951, 0.00113946851343, 0.000464167969767, 5.65199334233e-05, 0.000334649172146, 9.09881346161e-05, 5.52168748982e-05, 7.7161093941e-05, 3.61202655768e-05, 4.53211941931e-05, 3.24493339576e-05, 4.95760177728e-05, 4.63616670459e-05, 2.5218936571e-05, 2.00554586627e-05, 2.20388064918e-05, 1.15178645501e-05, 8.25898132462e-06, 8.68473762239e-06, 7.2106386142e-06, 4.99199177284e-06, 7.46568366594e-06, 7.9160201949e-07], "min": [7.17732788385e-24, 4.53748974596e-23, 9.89330261646e-24, 1.10188335788e-23, 4.68425353085e-23, 8.0667622436e-23, 2.65652380821e-23, 1.23818519055e-23, 6.89797141139e-23, 5.01732922215e-23, 9.6571354897e-23, 1.54534544428e-22, 8.5360227795e-23, 3.65921928264e-22, 1.65635331977e-22, 1.40050401876e-22, 1.60655953591e-22, 2.16128299037e-22, 2.97100667907e-22, 4.34865771294e-22, 3.97617980782e-22, 4.68800017839e-22, 5.96608156746e-22, 8.39464375916e-22, 1.39162808402e-21, 1.79928625726e-21, 2.79398952311e-21], "var": [1.61644877039e-07, 1.36497810672e-05, 1.44307259689e-05, 3.44041036442e-05, 7.66259909142e-05, 3.59419827873e-05, 4.58249724034e-06, 1.30073729565e-07, 4.39674568042e-06, 3.01718131368e-07, 4.43200001143e-08, 1.20554645378e-07, 4.10984277721e-08, 5.19558689405e-08, 3.83248561775e-08, 7.68184591493e-08, 1.48129373656e-07, 3.89927770073e-08, 1.54295332067e-08, 5.30745829508e-08, 1.91012130557e-08, 3.06966114749e-08, 1.55509187749e-08, 6.95863144884e-09, 6.38828945299e-09, 1.35326176931e-08, 1.43593248403e-09]}, "erbbands": {"dmean": [0.0361977405846, 0.225961059332, 1.23174118996, 5.47768163681, 9.7994146347, 10.5677719116, 15.3162145615, 15.8882675171, 11.5972681046, 4.59586286545, 4.29888534546, 13.0770730972, 6.08870172501, 3.87940526009, 2.98921871185, 4.75498962402, 3.59058380127, 2.89536142349, 4.1172709465, 3.70425200462, 7.58854627609, 4.16767311096, 2.5850019455, 3.09014296532, 1.948579669, 2.24998569489, 1.52253007889, 1.59838294983, 1.59271764755, 1.25902020931, 1.0088609457, 0.703218221664, 0.574362516403, 0.246892273426, 0.207130745053, 0.186737075448, 0.095764875412, 0.035492323339, 0.00307673402131, 9.34184572543e-05], "dmean2": [0.056672282517, 0.380256384611, 2.17948198318, 9.50542545319, 16.8650856018, 16.9685592651, 24.7038116455, 25.3149585724, 18.1417446136, 7.23160219193, 6.52082443237, 19.4720573425, 9.02734851837, 5.94190216064, 4.88019037247, 7.50502967834, 5.60462713242, 4.45698261261, 6.37446069717, 5.63856506348, 11.4144353867, 6.12490606308, 3.84344887733, 4.76122999191, 2.88423752785, 3.33654403687, 2.33299350739, 2.41125321388, 2.45260167122, 1.90387988091, 1.49771225452, 1.0622266531, 0.8631721735, 0.34823307395, 0.287326604128, 0.271908372641, 0.140956565738, 0.0531485639513, 0.00494087580591, 0.000151220141561], "dvar": [0.0116746248677, 0.245163813233, 8.33864212036, 192.527236938, 736.455383301, 644.826965332, 842.591308594, 840.003112793, 509.171813965, 111.1668396, 65.4245452881, 951.636291504, 144.884262085, 64.4236984253, 48.4402542114, 134.669265747, 115.686653137, 32.105758667, 78.2683486938, 64.2961502075, 259.587860107, 63.8303909302, 25.4689826965, 62.336730957, 16.2913455963, 31.0904998779, 15.0917053223, 12.2853908539, 26.3974208832, 10.3346405029, 4.61601161957, 2.14202451706, 1.03258240223, 0.250906229019, 0.228144288063, 0.196682348847, 0.0311333145946, 0.00414755335078, 3.91921275877e-05, 3.62464049886e-08], "dvar2": [0.0272496342659, 0.674327850342, 25.4193382263, 550.372497559, 2044.33520508, 1634.67089844, 2265.78051758, 2113.74755859, 1277.21362305, 282.19821167, 149.676452637, 1861.78845215, 334.227539062, 148.153717041, 128.088241577, 351.478424072, 316.819732666, 73.686378479, 181.878387451, 154.970809937, 551.455322266, 132.591903687, 58.4506568909, 160.490219116, 37.8594818115, 70.6516952515, 37.9540176392, 28.7481880188, 68.0562973022, 25.314163208, 9.56849861145, 5.20963096619, 2.22860789299, 0.479521721601, 0.451320201159, 0.437621235847, 0.0719507113099, 0.00959917437285, 9.31907998165e-05, 8.90490809979e-08], "max": [1.97278296947, 9.17083454132, 33.2958946228, 178.057830811, 388.224090576, 424.877624512, 554.13067627, 338.611785889, 492.970001221, 272.204498291, 135.683624268, 629.179931641, 213.01260376, 126.365188599, 169.452804565, 232.698532104, 328.693206787, 116.356895447, 228.384155273, 194.08102417, 345.934356689, 170.43536377, 77.309715271, 208.058425903, 83.2771072388, 173.522628784, 83.8884735107, 90.0736312866, 129.614944458, 85.5052108765, 30.7255210876, 30.9421062469, 11.288318634, 9.29961109161, 7.21341228485, 8.4917755127, 1.89454185963, 0.579714655876, 0.0726200193167, 0.00214663916267], "mean": [0.0896421670914, 0.658235967159, 2.47971272469, 8.07507419586, 12.8382034302, 17.4582366943, 27.5946865082, 30.4604187012, 22.8600521088, 8.14095020294, 8.65963459015, 26.3975028992, 11.2275886536, 7.08390331268, 5.08165359497, 7.93996477127, 5.88181734085, 5.20784473419, 7.09684801102, 6.45616197586, 13.463350296, 7.82373762131, 4.89192724228, 5.26161766052, 3.39478421211, 4.31996107101, 2.50663280487, 2.45504808426, 2.416877985, 1.95689535141, 1.66815340519, 1.02714598179, 0.742629766464, 0.371579527855, 0.289213418961, 0.225077614188, 0.10437386483, 0.036461148411, 0.00278201140463, 0.000101208199339], "median": [0.040757548064, 0.491841375828, 1.48389172554, 4.37394571304, 5.84432220459, 5.76833438873, 9.34331703186, 8.28651332855, 8.21284866333, 3.15429019928, 3.58577990532, 7.5994682312, 4.25221395493, 3.12638902664, 2.59473705292, 3.10757613182, 2.19466924667, 1.92389059067, 2.58001422882, 2.33339881897, 3.12153196335, 2.68692755699, 1.59704971313, 1.4879283905, 1.12029528618, 0.937726318836, 0.433054745197, 0.499984502792, 0.271422058344, 0.291339695454, 0.290429353714, 0.172593146563, 0.0988047868013, 0.0445019751787, 0.0383322536945, 0.0313751399517, 0.00984205491841, 0.00287648290396, 0.000114592068712, 3.12902848236e-05], "min": [2.74586219213e-21, 4.5308385883e-21, 1.12856265705e-20, 2.11202846425e-20, 1.36872089619e-19, 1.16183100502e-19, 2.25329995919e-19, 8.92676256467e-19, 5.053804709e-19, 2.0722323203e-19, 5.77369741117e-19, 1.54993422226e-18, 1.22398194413e-18, 2.52095409872e-18, 4.6529128659e-18, 6.77605430134e-18, 5.70835851798e-18, 2.16319707758e-17, 5.67833144815e-18, 8.79691361327e-18, 1.05091510115e-17, 8.41354517785e-18, 1.16427309034e-17, 1.44881346033e-17, 1.71607501994e-17, 1.76649713767e-17, 2.06205803495e-17, 1.41215132666e-17, 1.55760226926e-17, 1.49719045671e-17, 1.63099767414e-17, 1.91424466452e-17, 1.41462641649e-17, 1.31432994003e-17, 1.0818816e-17, 6.6385483458e-18, 3.34851521435e-18, 1.33962768743e-18, 4.30456544816e-19, 3.69814098803e-20], "var": [0.0218672212213, 0.564796507359, 10.2201890945, 174.174102783, 617.430358887, 1010.30535889, 1716.79443359, 2125.03881836, 1390.69152832, 202.617538452, 166.7605896, 3155.7824707, 295.017547607, 122.512245178, 60.4043121338, 171.092956543, 119.396202087, 73.249206543, 152.544692993, 109.437835693, 582.265319824, 156.681396484, 59.4400939941, 123.218399048, 38.7035102844, 114.959892273, 32.7953491211, 27.0868625641, 46.3597717285, 21.3676757812, 11.9686098099, 4.20403623581, 1.88268911839, 0.592805027962, 0.406913399696, 0.256223350763, 0.0400289669633, 0.00510114198551, 4.13007473981e-05, 3.74900501754e-08]}, "gfcc": {"mean": [-91.669883728, 102.266769409, -84.9595031738, 16.1912403107, -47.5224113464, 0.228732481599, -39.6863746643, 1.16394031048, -25.6223163605, -2.77326798439, -22.2843074799, 1.8133636713, -14.0197982788], "cov": [[40548.9023438, 2282.41992188, 1037.7253418, 1587.56713867, -705.06048584, 40.4351387024, -948.520690918, -48.5587615967, -384.372711182, -11.1180963516, -178.518341064, 631.830810547, 69.793006897], [2282.41992188, 3688.13720703, -585.524902344, -512.054077148, 486.210510254, -302.84085083, 31.155418396, -252.511154175, 64.7420578003, -353.487731934, 67.6220016479, -196.828887939, 94.3104553223], [1037.7253418, -585.524902344, 873.378601074, 185.05909729, 80.9351348877, 279.085693359, 115.587432861, 26.0417404175, 3.40471673012, 56.206489563, -8.1915845871, 66.1051254272, -40.7993888855], [1587.56713867, -512.054077148, 185.05909729, 707.669616699, -27.2758731842, 173.015213013, 2.92532777786, 117.833755493, 8.19724845886, 119.817825317, 45.6503257751, 99.1884689331, 33.3857192993], [-705.06048584, 486.210510254, 80.9351348877, -27.2758731842, 441.639465332, -4.68810081482, 97.6748733521, 46.6404266357, 66.3702011108, -35.5720443726, 97.6677627563, -8.85329723358, 64.4504852295], [40.4351387024, -302.84085083, 279.085693359, 173.015213013, -4.68810081482, 257.36730957, 81.2341690063, 24.1072292328, 7.35508823395, 50.1698417664, -23.9658527374, 24.7959251404, -38.6935157776], [-948.520690918, 31.155418396, 115.587432861, 2.92532777786, 97.6748733521, 81.2341690063, 164.107116699, 22.8489074707, 33.6390914917, -8.09633731842, 17.3422241211, -39.5133018494, -4.13474273682], [-48.5587615967, -252.511154175, 26.0417404175, 117.833755493, 46.6404266357, 24.1072292328, 22.8489074707, 146.87713623, 46.8625831604, 56.5168151855, 30.2133159637, 33.4732589722, 19.5193862915], [-384.372711182, 64.7420578003, 3.40471673012, 8.19724845886, 66.3702011108, 7.35508823395, 33.6390914917, 46.8625831604, 89.6358108521, 23.4534664154, 31.1209011078, 6.7269654274, 22.9964122772], [-11.1180963516, -353.487731934, 56.206489563, 119.817825317, -35.5720443726, 50.1698417664, -8.09633731842, 56.5168151855, 23.4534664154, 107.602203369, 19.5684261322, 43.7337989807, -5.47245025635], [-178.518341064, 67.6220016479, -8.1915845871, 45.6503257751, 97.6677627563, -23.9658527374, 17.3422241211, 30.2133159637, 31.1209011078, 19.5684261322, 108.464134216, 26.7621822357, 41.5783920288], [631.830810547, -196.828887939, 66.1051254272, 99.1884689331, -8.85329723358, 24.7959251404, -39.5133018494, 33.4732589722, 6.7269654274, 43.7337989807, 26.7621822357, 118.213943481, 39.4294967651], [69.793006897, 94.3104553223, -40.7993888855, 33.3857192993, 64.4504852295, -38.6935157776, -4.13474273682, 19.5193862915, 22.9964122772, -5.47245025635, 41.5783920288, 39.4294967651, 84.0502319336]], "icov": [[5.62716049899e-05, -0.000132499830215, -0.00018265536346, -0.000134014728246, 0.000162458047271, 9.37660006457e-05, 0.000265338894678, -0.000217526117922, 0.000223657916649, -2.12197919609e-05, 8.49687930895e-05, -0.000200898357434, 3.83155165764e-05], [-0.000132499830215, 0.000935160089284, 0.000771700695623, 0.000251433637459, -0.00100469810423, -0.000262821064098, -0.000396107585402, 0.00147001992445, -0.00145531259477, 0.0014657350257, -0.000352790637407, 0.000684006663505, -2.87745788228e-05], [-0.00018265536346, 0.000771700695623, 0.00274790660478, 0.00036259443732, -0.00140685983934, -0.00189937208779, -0.00150939659216, 0.001542051672, -0.000849923642818, 0.000728616199922, -0.000134280970087, -0.000731173669919, 0.000937059987336], [-0.000134014728246, 0.000251433637459, 0.00036259443732, 0.00274431798607, -3.28316423293e-06, -0.00206015282311, 3.37928649969e-05, -0.000974220165517, 0.000805931864306, -0.0012871568324, -0.0011430218583, 0.000654270639643, -0.00184870371595], [0.000162458047271, -0.00100469810423, -0.00140685983934, -3.28316423293e-06, 0.00507158134133, 0.000123595440527, -0.000387203821447, -0.00264265434816, 0.000393414695282, 0.000663691491354, -0.00252599571832, 0.00012547323422, -0.00180025037844], [9.37660006457e-05, -0.000262821064098, -0.00189937208779, -0.00206015282311, 0.000123595440527, 0.00980026833713, -0.00410184357315, 0.000954659713898, -0.000399174081394, -0.00191206717864, 0.00319414655678, -0.00316112441942, 0.00399434473366], [0.000265338894678, -0.000396107585402, -0.00150939659216, 3.37928649969e-05, -0.000387203821447, -0.00410184357315, 0.0131043381989, -0.00247396389022, -0.0013022342464, 0.00206561200321, -0.00195836951025, 0.0049965698272, -0.00177862704732], [-0.000217526117922, 0.00147001992445, 0.001542051672, -0.000974220165517, -0.00264265434816, 0.000954659713898, -0.00247396389022, 0.0134924678132, -0.0059254351072, -0.00203059474006, 0.00055428565247, -0.000649728695862, 0.000397054711357], [0.000223657916649, -0.00145531259477, -0.000849923642818, 0.000805931864306, 0.000393414695282, -0.000399174081394, -0.0013022342464, -0.0059254351072, 0.0193115454167, -0.00625046016648, -0.000676411087625, 0.000207817953196, -0.00391239812598], [-2.12197919609e-05, 0.0014657350257, 0.000728616199922, -0.0012871568324, 0.000663691491354, -0.00191206717864, 0.00206561200321, -0.00203059474006, -0.00625046016648, 0.0212678518146, -0.00436725653708, -0.00332844699733, 0.00523866992444], [8.49687930895e-05, -0.000352790637407, -0.000134280970087, -0.0011430218583, -0.00252599571832, 0.00319414655678, -0.00195836951025, 0.00055428565247, -0.000676411087625, -0.00436725653708, 0.0159132946283, -0.00268793897703, -0.00281389290467], [-0.000200898357434, 0.000684006663505, -0.000731173669919, 0.000654270639643, 0.00012547323422, -0.00316112441942, 0.0049965698272, -0.000649728695862, 0.000207817953196, -0.00332844699733, -0.00268793897703, 0.0181674156338, -0.00983683299273], [3.83155165764e-05, -2.87745788228e-05, 0.000937059987336, -0.00184870371595, -0.00180025037844, 0.00399434473366, -0.00177862704732, 0.000397054711357, -0.00391239812598, 0.00523866992444, -0.00281389290467, -0.00983683299273, 0.0235450528562]]}, "melbands": {"dmean": [0.000289390882244, 0.000505695526954, 0.00103065290023, 0.000724715238903, 0.000504801864736, 0.000374975177692, 0.000159229079145, 4.12857261836e-05, 5.38645290362e-05, 7.44893768569e-05, 3.0985527701e-05, 1.77286092367e-05, 1.11582567115e-05, 9.39687924983e-06, 1.6423928173e-05, 4.7960406846e-06, 6.24745234745e-06, 8.0757199612e-06, 4.40304347649e-06, 5.53624477106e-06, 1.06605084511e-05, 5.46240016774e-06, 2.18801574192e-06, 3.08055155074e-06, 2.62839012066e-06, 1.23903635085e-06, 2.19112098421e-06, 1.40470001497e-06, 9.18158434615e-07, 1.06370475805e-06, 9.164004382e-07, 1.03016361663e-06, 8.07358617294e-07, 6.56665463339e-07, 6.19840079708e-07, 6.28542920822e-07, 3.55410634256e-07, 4.30156092079e-07, 2.89994773084e-07, 1.9276440355e-07], "dmean2": [0.00045858611702, 0.000881742453203, 0.00177906278986, 0.00119253899902, 0.000809982302599, 0.000594104581978, 0.000250718236202, 6.58437929815e-05, 8.04426163086e-05, 0.000111592220492, 4.61089803139e-05, 2.70068703685e-05, 1.82818366739e-05, 1.5617293684e-05, 2.5199376978e-05, 7.83060932008e-06, 9.69851589616e-06, 1.27178491311e-05, 6.95383687344e-06, 8.32791556604e-06, 1.62974592968e-05, 8.19449905975e-06, 3.35561026077e-06, 4.76006471217e-06, 4.14072928834e-06, 1.86275838132e-06, 3.35894628734e-06, 2.14149395106e-06, 1.42903172673e-06, 1.66151744452e-06, 1.40340819144e-06, 1.61853120062e-06, 1.2667626379e-06, 1.01041337075e-06, 9.35970831506e-07, 9.64136461334e-07, 5.47052707134e-07, 6.54679524814e-07, 4.28427767929e-07, 2.75894365132e-07], "dvar": [6.01660701705e-07, 1.33610035391e-06, 6.4236878643e-06, 3.57576459464e-06, 9.18091473068e-07, 4.48082460025e-07, 9.78288738906e-08, 1.00838324357e-08, 1.13914548905e-08, 2.92735613527e-08, 3.93117716158e-09, 1.37330891103e-09, 5.56732215884e-10, 6.68029742634e-10, 1.48548728873e-09, 2.9554592107e-10, 1.4219619926e-10, 2.74693379154e-10, 9.85502998652e-11, 1.35993133421e-10, 6.00312743959e-10, 1.26128607558e-10, 1.9250890812e-11, 4.49633663635e-11, 4.95537083589e-11, 7.09159510628e-12, 3.20804008358e-11, 1.30922122102e-11, 6.54349317786e-12, 8.39908437938e-12, 4.16279857807e-12, 1.1880001323e-11, 8.05614689542e-12, 2.25625616281e-12, 1.93208209848e-12, 2.30961799165e-12, 4.91558779358e-13, 5.8229430392e-13, 3.02510024409e-13, 1.75146423515e-13], "dvar2": [1.45121646256e-06, 4.01994157073e-06, 1.8062952222e-05, 9.43690247368e-06, 2.37994890995e-06, 1.15328930406e-06, 2.51056775369e-07, 2.57011407712e-08, 2.38227322313e-08, 5.84719010988e-08, 9.04138452995e-09, 3.05132696887e-09, 1.43955525278e-09, 1.82266135518e-09, 3.7620582205e-09, 8.31209101548e-10, 3.24876292535e-10, 6.56022958179e-10, 2.38483233161e-10, 3.32106092626e-10, 1.26164922953e-09, 2.63548460833e-10, 4.61869778534e-11, 1.12684639397e-10, 1.28419538892e-10, 1.64504278255e-11, 7.5569300817e-11, 3.18249211706e-11, 1.67809308116e-11, 2.22048577442e-11, 9.59201988671e-12, 3.10901131229e-11, 2.17407394171e-11, 5.32891092364e-12, 4.10184863506e-12, 5.62942314292e-12, 1.18874300594e-12, 1.28050152946e-12, 6.42574318407e-13, 3.39303509334e-13], "max": [0.0155799649656, 0.0129592251033, 0.0292922463268, 0.0263070017099, 0.0180380195379, 0.00718280905858, 0.00690935831517, 0.00231470610015, 0.00179567129817, 0.00339935556985, 0.00107240700163, 0.000571717624553, 0.000486209697556, 0.000538414111361, 0.000772443425376, 0.000571714306716, 0.000267063704086, 0.00035839327029, 0.000178714690264, 0.000313796306727, 0.000575951300561, 0.000266618706519, 5.43863607163e-05, 0.000149275234435, 0.000182231306098, 4.43826938863e-05, 0.000163182106917, 0.000107997875602, 5.97262987867e-05, 8.20723507786e-05, 4.75166889373e-05, 8.68972056196e-05, 9.92353016045e-05, 3.11509647872e-05, 1.95452121261e-05, 4.46955709776e-05, 1.37666702358e-05, 1.03033071355e-05, 8.27676103654e-06, 7.85388147051e-06], "mean": [0.000809691904578, 0.00117321498692, 0.00154367787763, 0.00109441729728, 0.000948405824602, 0.000727964681573, 0.00030566327041, 6.79901786498e-05, 0.000106653649709, 0.000150630250573, 5.33929269295e-05, 3.12319134537e-05, 1.80833176273e-05, 1.49444513227e-05, 2.61500954366e-05, 7.18232149666e-06, 1.06455572677e-05, 1.30155331135e-05, 7.03829709892e-06, 9.54232473305e-06, 1.80622264452e-05, 9.65977051237e-06, 3.63853791896e-06, 5.43312808077e-06, 4.2062074499e-06, 2.01786701837e-06, 3.56450891559e-06, 2.59499006461e-06, 1.41248119689e-06, 1.63674633313e-06, 1.29999648379e-06, 1.4843203644e-06, 1.11795816338e-06, 1.01698287835e-06, 9.81605467132e-07, 8.57813063249e-07, 5.22554557847e-07, 5.52858580249e-07, 3.79928252414e-07, 2.90843189532e-07], "median": [0.000498586799949, 0.00082494597882, 0.000856562051922, 0.000434546382166, 0.000353828363586, 0.000205982534681, 0.000109573062218, 2.03529834835e-05, 3.69358858734e-05, 4.43425160483e-05, 1.68322185345e-05, 1.25528058561e-05, 8.31476609164e-06, 7.47699004933e-06, 7.96197309683e-06, 2.52546260526e-06, 3.6345695662e-06, 4.21847744292e-06, 2.29217403103e-06, 3.05757112073e-06, 3.455004844e-06, 2.8161289265e-06, 1.10967880573e-06, 1.44867351537e-06, 1.08239316887e-06, 6.20930791229e-07, 8.34008176298e-07, 5.19813568189e-07, 2.47123608688e-07, 2.45948228894e-07, 2.72822830993e-07, 1.37520089538e-07, 1.38038956266e-07, 1.54245938688e-07, 1.5355232108e-07, 1.50459101178e-07, 7.89624223785e-08, 7.16816259683e-08, 4.71748009545e-08, 3.29588303316e-08], "min": [1.67113887661e-23, 5.1587870497e-24, 6.95939717018e-24, 1.04350228664e-23, 7.20353778743e-24, 1.85652450255e-23, 7.37830361009e-24, 1.96659059646e-24, 5.99630450112e-24, 1.00751295331e-23, 6.38857071384e-24, 9.8104564442e-24, 1.24721299364e-23, 2.14973258365e-23, 8.93408562104e-24, 1.64606808818e-23, 4.31136402966e-23, 5.14489875903e-24, 1.37447542697e-23, 1.03522469028e-23, 1.2263533025e-23, 8.99242977359e-24, 8.65810894423e-24, 9.86760468362e-24, 1.21424736416e-23, 1.13557631712e-23, 1.48639380572e-23, 1.12052658654e-23, 1.38309105023e-23, 1.03090480907e-23, 7.76539055654e-24, 9.37116347191e-24, 8.04908544844e-24, 8.79073302848e-24, 7.94448722557e-24, 1.25819157086e-23, 1.16606271455e-23, 9.00590194013e-24, 1.13955722479e-23, 1.07125165227e-23], "var": [1.28112901621e-06, 1.94141739485e-06, 6.02774071012e-06, 3.9484507397e-06, 1.99832948056e-06, 1.14398380902e-06, 2.51596134149e-07, 1.71811862515e-08, 3.41917392177e-08, 9.43294296007e-08, 7.72192798593e-09, 2.63990984628e-09, 7.66948615727e-10, 6.51532050533e-10, 2.18068163527e-09, 2.60042903877e-10, 3.30046073804e-10, 5.14534914675e-10, 1.54464996349e-10, 2.34499281104e-10, 1.28752719597e-09, 2.89017365596e-10, 3.65472305197e-11, 1.05372731374e-10, 9.06038993831e-11, 1.31366705708e-11, 8.58012202953e-11, 4.15878165239e-11, 1.10040787246e-11, 2.11919336246e-11, 7.14139468047e-12, 1.98305625393e-11, 9.57167765187e-12, 5.72815579691e-12, 4.42744105267e-12, 3.98611438995e-12, 1.07299672619e-12, 1.07939373585e-12, 5.55417962057e-13, 3.96524338971e-13]}, "mfcc": {"mean": [-732.416748047, 141.192504883, 17.4918460846, 21.3775062561, 7.30609083176, 2.81783485413, -5.94412374496, 1.56348896027, -4.21841478348, -2.58900022507, -8.70317077637, -4.44825458527, -4.60668992996], "cov": [[19493.0273438, 1613.94311523, 326.725738525, 1383.85021973, 523.772521973, -127.098983765, -202.020690918, 98.9271469116, -101.238197327, -35.156665802, -249.526275635, -31.1277675629, 94.0485992432], [1613.94311523, 2966.35083008, -316.380767822, -10.7747325897, 208.886779785, -15.913526535, -50.0502433777, 55.1873435974, -22.0212497711, -76.3768386841, -118.713806152, -78.9757461548, -46.8748397827], [326.725738525, -316.380767822, 586.205383301, -8.31862640381, 10.8050222397, 171.344848633, 98.5618896484, 38.1587181091, 29.29728508, 35.5229949951, 34.1582107544, 22.8103885651, -19.6436328888], [1383.85021973, -10.7747325897, -8.31862640381, 458.009460449, 163.294586182, 51.3156013489, 52.2465400696, 67.9119338989, 30.9708652496, 44.8193283081, 10.8473377228, 36.6727294922, 74.2300491333], [523.772521973, 208.886779785, 10.8050222397, 163.294586182, 265.456970215, 36.3577537537, 86.9868240356, 62.8391571045, 40.9850273132, 27.4270496368, 9.52914619446, 26.1041545868, 59.2854690552], [-127.098983765, -15.913526535, 171.344848633, 51.3156013489, 36.3577537537, 208.3802948, 74.3503265381, 52.9357376099, 22.863527298, 19.6908454895, 42.8807945251, 8.94927215576, 0.134996920824], [-202.020690918, -50.0502433777, 98.5618896484, 52.2465400696, 86.9868240356, 74.3503265381, 154.658935547, 52.0475578308, 41.4598731995, 35.5591392517, 23.4609298706, 25.4518871307, 18.2217922211], [98.9271469116, 55.1873435974, 38.1587181091, 67.9119338989, 62.8391571045, 52.9357376099, 52.0475578308, 95.7480621338, 41.7732048035, 22.1946620941, 16.0151023865, 10.1951522827, 19.4683380127], [-101.238197327, -22.0212497711, 29.29728508, 30.9708652496, 40.9850273132, 22.863527298, 41.4598731995, 41.7732048035, 71.6290588379, 39.8589782715, 20.256029129, 14.9864807129, 8.82312965393], [-35.156665802, -76.3768386841, 35.5229949951, 44.8193283081, 27.4270496368, 19.6908454895, 35.5591392517, 22.1946620941, 39.8589782715, 84.7422409058, 45.060333252, 14.62403965, 2.50811290741], [-249.526275635, -118.713806152, 34.1582107544, 10.8473377228, 9.52914619446, 42.8807945251, 23.4609298706, 16.0151023865, 20.256029129, 45.060333252, 81.0049362183, 26.9762763977, 10.6028270721], [-31.1277675629, -78.9757461548, 22.8103885651, 36.6727294922, 26.1041545868, 8.94927215576, 25.4518871307, 10.1951522827, 14.9864807129, 14.62403965, 26.9762763977, 64.0516281128, 36.0333137512], [94.0485992432, -46.8748397827, -19.6436328888, 74.2300491333, 59.2854690552, 0.134996920824, 18.2217922211, 19.4683380127, 8.82312965393, 2.50811290741, 10.6028270721, 36.0333137512, 84.082069397]], "icov": [[8.77657148521e-05, -4.99583547935e-05, -0.000175053341081, -0.000308803020744, -6.574242434e-05, 0.00017336817109, 0.000213735795114, -4.6940138418e-05, 0.000160387848155, -1.79509479494e-05, 0.000131047956529, 1.27949715534e-05, 7.80248010415e-05], [-4.99583547935e-05, 0.000488299643621, 0.000396720221033, 0.000361361424439, -0.000589765608311, -0.000409693515394, 0.000206757104024, -0.000388270767871, 0.000126132697915, -7.30327883502e-06, 0.000570111558773, -3.98627962568e-05, 0.000495527754538], [-0.000175053341081, 0.000396720221033, 0.00300122634508, 0.00102690735366, -8.51193617564e-05, -0.0025121960789, -0.000951025052927, -1.31838687594e-05, -7.30109386495e-05, -0.000828555726912, 0.00102498044726, -0.00122625858057, 0.00091338873608], [-0.000308803020744, 0.000361361424439, 0.00102690735366, 0.00452201999724, -0.00143560895231, -0.00170857005287, 6.42780141789e-05, -0.00117960048374, 0.000612485455349, -0.00236935424618, 0.00153655919712, -0.000963126076385, -0.00170583336148], [-6.574242434e-05, -0.000589765608311, -8.51193617564e-05, -0.00143560895231, 0.00727720791474, 0.000582985929213, -0.00321612111293, -0.000589377246797, -0.00146761198994, 0.000166745638126, -0.000525910407305, 0.000900425366126, -0.00347685418092], [0.00017336817109, -0.000409693515394, -0.0025121960789, -0.00170857005287, 0.000582985929213, 0.00932514108717, -0.00217866175808, -0.00252975872718, 0.000580728868954, 0.0030292624142, -0.0053033111617, 0.00218546786346, 0.000711875327397], [0.000213735795114, 0.000206757104024, -0.000951025052927, 6.42780141789e-05, -0.00321612111293, -0.00217866175808, 0.0119072962552, -0.0024243153166, -0.00102815439459, -0.00249757710844, 0.00236568716355, -0.00277420715429, 0.000922221923247], [-4.6940138418e-05, -0.000388270767871, -1.31838687594e-05, -0.00117960048374, -0.000589377246797, -0.00252975872718, -0.0024243153166, 0.0185288749635, -0.00866289809346, 0.00164153706282, -0.00131985964254, 0.0023807331454, -0.00246456149034], [0.000160387848155, 0.000126132697915, -7.30109386495e-05, 0.000612485455349, -0.00146761198994, 0.000580728868954, -0.00102815439459, -0.00866289809346, 0.0256485398859, -0.00996898952872, 0.00257311016321, -0.00332896295004, 0.00130372820422], [-1.79509479494e-05, -7.30327883502e-06, -0.000828555726912, -0.00236935424618, 0.000166745638126, 0.0030292624142, -0.00249757710844, 0.00164153706282, -0.00996898952872, 0.0242349840701, -0.0128064872697, 0.0024743466638, 0.00283062527888], [0.000131047956529, 0.000570111558773, 0.00102498044726, 0.00153655919712, -0.000525910407305, -0.0053033111617, 0.00236568716355, -0.00131985964254, 0.00257311016321, -0.0128064872697, 0.0246200412512, -0.00814490672201, -0.000275673024589], [1.27949715534e-05, -3.98627962568e-05, -0.00122625858057, -0.000963126076385, 0.000900425366126, 0.00218546786346, -0.00277420715429, 0.0023807331454, -0.00332896295004, 0.0024743466638, -0.00814490672201, 0.0257666576654, -0.0098008448258], [7.80248010415e-05, 0.000495527754538, 0.00091338873608, -0.00170583336148, -0.00347685418092, 0.000711875327397, 0.000922221923247, -0.00246456149034, 0.00130372820422, 0.00283062527888, -0.000275673024589, -0.0098008448258, 0.020636273548]]}, "spectral_contrast_coeffs": {"dmean": [0.0480074957013, 0.0490464419127, 0.0362003594637, 0.0277051124722, 0.0222660508007, 0.0183005724102], "dmean2": [0.0789851546288, 0.078379496932, 0.0581503473222, 0.0438126325607, 0.0350086838007, 0.0299610812217], "dvar": [0.00185696524568, 0.00189042941201, 0.00108989921864, 0.000587067508604, 0.000411240238464, 0.000396134157199], "dvar2": [0.00486745499074, 0.00445512589067, 0.00256078178063, 0.00132794538513, 0.000931072165258, 0.000916785502341], "max": [-0.251831352711, -0.377623260021, -0.520685195923, -0.58217972517, -0.639096796513, -0.661902308464], "mean": [-0.611502528191, -0.69047164917, -0.767224669456, -0.792723357677, -0.796828866005, -0.794185578823], "median": [-0.618088960648, -0.686625659466, -0.767738461494, -0.794239401817, -0.799053668976, -0.791002631187], "min": [-0.95777708292, -0.990922689438, -0.968705773354, -0.959066450596, -0.956412613392, -0.95992821455], "var": [0.0114399343729, 0.0103096049279, 0.00506321107969, 0.00303746410646, 0.00263632694259, 0.00210414058529]}, "spectral_contrast_valleys": {"dmean": [0.377483278513, 0.390970289707, 0.374207496643, 0.34493419528, 0.384537398815, 0.573804914951], "dmean2": [0.627569198608, 0.584732174873, 0.548335433006, 0.472936093807, 0.48407587409, 0.677726149559], "dvar": [0.156837552786, 0.16148211062, 0.153661549091, 0.129200354218, 0.194434031844, 0.502235114574], "dvar2": [0.327209889889, 0.302338272333, 0.285416096449, 0.207762524486, 0.331106156111, 1.04958677292], "max": [-5.31162261963, -4.77206659317, -5.58949756622, -5.97