{"lowlevel": {"average_loudness": 0.984511077404, "barkbands_crest": {"dmean": 1.8992484808, "dmean2": 2.84574174881, "dvar": 7.5211224556, "dvar2": 17.278131485, "max": 26.4886474609, "mean": 19.5847377777, "median": 21.0272693634, "min": 3.49250984192, "var": 27.767457962}, "barkbands_flatness_db": {"dmean": 0.039694596082, "dmean2": 0.0561500526965, "dvar": 0.00166475470178, "dvar2": 0.00368930143304, "max": 0.688393890858, "mean": 0.377931922674, "median": 0.365696877241, "min": 0.0266964677721, "var": 0.0077449879609}, "barkbands_kurtosis": {"dmean": 16.4883937836, "dmean2": 22.657207489, "dvar": 1778.30102539, "dvar2": 3650.67382812, "max": 1092.97143555, "mean": 31.3305263519, "median": 12.873831749, "min": -1.81597018242, "var": 3420.47924805}, "barkbands_skewness": {"dmean": 0.985277950764, "dmean2": 1.32895040512, "dvar": 1.89442753792, "dvar2": 3.78981351852, "max": 26.4335670471, "mean": 3.96528434753, "median": 3.3237953186, "min": -1.96542429924, "var": 7.70697593689}, "barkbands_spread": {"dmean": 1.24256503582, "dmean2": 1.75617802143, "dvar": 6.20746803284, "dvar2": 14.9372520447, "max": 96.9608840942, "mean": 4.16162347794, "median": 3.30146932602, "min": 0.110896788538, "var": 14.7390470505}, "dissonance": {"dmean": 0.041113846004, "dmean2": 0.0704331174493, "dvar": 0.00167075474747, "dvar2": 0.00480523565784, "max": 0.497519284487, "mean": 0.367871105671, "median": 0.372267752886, "min": 0.101414084435, "var": 0.00421482603997}, "dynamic_complexity": 3.09635090828, "erbbands_crest": {"dmean": 1.91862940788, "dmean2": 2.82544565201, "dvar": 5.43272066116, "dvar2": 11.7782669067, "max": 31.714466095, "mean": 12.3949747086, "median": 11.1353549957, "min": 3.40242624283, "var": 26.5388660431}, "erbbands_flatness_db": {"dmean": 0.0235040709376, "dmean2": 0.0350984148681, "dvar": 0.000650057452731, "dvar2": 0.00159774906933, "max": 0.471604496241, "mean": 0.260826021433, "median": 0.25144097209, "min": 0.0437343679368, "var": 0.00402945978567}, "erbbands_kurtosis": {"dmean": 0.987884819508, "dmean2": 1.41687464714, "dvar": 1.77918815613, "dvar2": 4.12479782104, "max": 18.75507164, "mean": 1.15328109264, "median": 0.507691144943, "min": -1.79773187637, "var": 5.2629237175}, "erbbands_skewness": {"dmean": 0.316156536341, "dmean2": 0.428960740566, "dvar": 0.109795838594, "dvar2": 0.214326873422, "max": 3.35464215279, "mean": 0.121880955994, "median": 0.150363847613, "min": -3.29554772377, "var": 0.738643884659}, "erbbands_spread": {"dmean": 4.22128486633, "dmean2": 6.71936511993, "dvar": 35.8071060181, "dvar2": 96.1200790405, "max": 98.4293212891, "mean": 21.0387325287, "median": 18.5575580597, "min": 2.53229761124, "var": 110.545227051}, "hfc": {"dmean": 4.96162509918, "dmean2": 6.555768013, "dvar": 72.0516586304, "dvar2": 126.765205383, "max": 207.150238037, "mean": 18.1891822815, "median": 12.6538009644, "min": 1.16550370349e-16, "var": 265.533203125}, "melbands_crest": {"dmean": 2.1720597744, "dmean2": 2.92095351219, "dvar": 7.44666576385, "dvar2": 13.648478508, "max": 35.7444229126, "mean": 23.6236934662, "median": 23.7804718018, "min": 1.93610680103, "var": 42.2122192383}, "melbands_flatness_db": {"dmean": 0.044740434736, "dmean2": 0.0628549233079, "dvar": 0.00210066349246, "dvar2": 0.00467269355431, "max": 0.875986993313, "mean": 0.505976378918, "median": 0.490992665291, "min": 0.00679464126006, "var": 0.0110478606075}, "melbands_kurtosis": {"dmean": 13.3714485168, "dmean2": 18.6357803345, "dvar": 364.012115479, "dvar2": 743.173522949, "max": 242.726135254, "mean": 36.1281852722, "median": 22.5674247742, "min": -1.64637327194, "var": 1490.56787109}, "melbands_skewness": {"dmean": 0.78080201149, "dmean2": 1.07724046707, "dvar": 0.807667791843, "dvar2": 1.7981235981, "max": 11.8372592926, "mean": 4.38491773605, "median": 4.15622234344, "min": -0.165570899844, "var": 4.97610521317}, "melbands_spread": {"dmean": 1.30159962177, "dmean2": 1.81806862354, "dvar": 14.6949920654, "dvar2": 22.8444690704, "max": 151.103179932, "mean": 4.29036045074, "median": 3.08140301704, "min": 0.241860806942, "var": 35.8376197815}, "pitch_salience": {"dmean": 0.0542155392468, "dmean2": 0.081113986671, "dvar": 0.0062510385178, "dvar2": 0.0144908102229, "max": 0.839196264744, "mean": 0.293195724487, "median": 0.259844303131, "min": 0.0458527170122, "var": 0.0243349242955}, "silence_rate_20dB": {"dmean": 0.090487241745, "dmean2": 0.181044489145, "dvar": 0.0823009237647, "dvar2": 0.148265987635, "max": 1, "mean": 0.820255100727, "median": 1, "min": 0, "var": 0.147438660264}, "silence_rate_30dB": {"dmean": 0.105955146253, "dmean2": 0.211992263794, "dvar": 0.0947296768427, "dvar2": 0.18330141902, "max": 1, "mean": 0.634325444698, "median": 1, "min": 0, "var": 0.231959849596}, "silence_rate_60dB": {"dmean": 0.00077339517884, "dmean2": 0.00116054154932, "dvar": 0.000772794999648, "dvar2": 0.00115920009557, "max": 1, "mean": 0.0166215691715, "median": 0, "min": 0, "var": 0.0163453426212}, "spectral_centroid": {"dmean": 63.3668060303, "dmean2": 89.2357025146, "dvar": 73183.1796875, "dvar2": 71994.234375, "max": 11432.0869141, "mean": 415.999328613, "median": 380.0418396, "min": 105.975753784, "var": 119791.351562}, "spectral_complexity": {"dmean": 1.13457071781, "dmean2": 1.87234044075, "dvar": 2.61528348923, "dvar2": 5.71368074417, "max": 24, "mean": 9.58755302429, "median": 9, "min": 0, "var": 8.19905757904}, "spectral_decrease": {"dmean": 1.56640922455e-08, "dmean2": 2.0603165396e-08, "dvar": 6.49583902716e-16, "dvar2": 1.12367740184e-15, "max": 1.58171134423e-29, "mean": -4.29901341192e-08, "median": -2.14685975664e-08, "min": -2.07382981898e-07, "var": 2.11466921007e-15}, "spectral_energy": {"dmean": 0.0595174096525, "dmean2": 0.0782601982355, "dvar": 0.00934822577983, "dvar2": 0.0161692965776, "max": 0.786988794804, "mean": 0.163904234767, "median": 0.0820078030229, "min": 1.05117643723e-20, "var": 0.0305010415614}, "spectral_energyband_high": {"dmean": 1.83212378033e-05, "dmean2": 2.72143715847e-05, "dvar": 9.14290976262e-10, "dvar2": 2.17674012148e-09, "max": 0.000560558866709, "mean": 2.67152845481e-05, "median": 9.31431895879e-06, "min": 7.61403678763e-21, "var": 2.35315189556e-09}, "spectral_energyband_low": {"dmean": 0.0587124973536, "dmean2": 0.0777611359954, "dvar": 0.00946714449674, "dvar2": 0.0165260992944, "max": 0.783485352993, "mean": 0.147499665618, "median": 0.0692830309272, "min": 7.5255153102e-23, "var": 0.0298262555152}, "spectral_energyband_middle_high": {"dmean": 0.00103174196556, "dmean2": 0.00134433794301, "dvar": 1.95312604774e-05, "dvar2": 3.93896771129e-05, "max": 0.154958561063, "mean": 0.00264861714095, "median": 0.000853965058923, "min": 1.4689874447e-21, "var": 5.71045493416e-05}, "spectral_energyband_middle_low": {"dmean": 0.00324613926932, "dmean2": 0.00476523302495, "dvar": 4.46653211839e-05, "dvar2": 9.25751010072e-05, "max": 0.0952848866582, "mean": 0.0154181905091, "median": 0.0110043566674, "min": 2.16858342473e-22, "var": 0.00020697824948}, "spectral_entropy": {"dmean": 0.258064836264, "dmean2": 0.391426712275, "dvar": 0.111630491912, "dvar2": 0.280835419893, "max": 9.81443595886, "mean": 5.98157787323, "median": 5.93828487396, "min": 4.60600471497, "var": 0.286950081587}, "spectral_flux": {"dmean": 0.0621265918016, "dmean2": 0.0902227163315, "dvar": 0.00678108073771, "dvar2": 0.0155276758596, "max": 0.678694427013, "mean": 0.111761339009, "median": 0.0492409579456, "min": 1.02526896695e-10, "var": 0.0151793500409}, "spectral_kurtosis": {"dmean": 20.0296554565, "dmean2": 31.2614994049, "dvar": 1226.32531738, "dvar2": 2789.44726562, "max": 482.191955566, "mean": 52.7739181519, "median": 23.3126182556, "min": -1.22004115582, "var": 6077.73730469}, "spectral_rms": {"dmean": 0.0019021196058, "dmean2": 0.00243173190393, "dvar": 7.3316664384e-06, "dvar2": 1.18641910376e-05, "max": 0.0277090948075, "mean": 0.0112748481333, "median": 0.00894469767809, "min": 3.20240210218e-12, "var": 3.27845446009e-05}, "spectral_rolloff": {"dmean": 70.5196151733, "dmean2": 110.289421082, "dvar": 232563.1875, "dvar2": 306055.15625, "max": 18820.0195312, "mean": 250.930221558, "median": 107.666015625, "min": 64.599609375, "var": 530423.6875}, "spectral_skewness": {"dmean": 1.08026611805, "dmean2": 1.68688380718, "dvar": 1.95135903358, "dvar2": 4.56081199646, "max": 18.0678958893, "mean": 4.88897943497, "median": 3.93450760841, "min": -0.0305945985019, "var": 9.97355175018}, "spectral_spread": {"dmean": 558426.6875, "dmean2": 811450.4375, "dvar": 1267095437310.0, "dvar2": 1617400823810.0, "max": 41248328, "mean": 2292326.25, "median": 2180485.25, "min": 202586.21875, "var": 2479278784510.0}, "spectral_strongpeak": {"dmean": 0.223479911685, "dmean2": 0.338249266148, "dvar": 0.524556875229, "dvar2": 1.41879200935, "max": 16.339099884, "mean": 0.827490329742, "median": 0.688077628613, "min": 0, "var": 0.503841161728}, "zerocrossingrate": {"dmean": 0.00240741926245, "dmean2": 0.00305492174812, "dvar": 0.000126602681121, "dvar2": 0.000147144877701, "max": 0.50830078125, "mean": 0.00981809571385, "median": 0.00732421875, "min": 0.001953125, "var": 0.000379877892556}, "barkbands": {"dmean": [0.00238885823637, 0.0585207007825, 0.00573831703514, 0.00105109007563, 0.000881028536242, 0.00106534769293, 0.000372760434402, 0.000427548831794, 0.000747345329728, 0.000192619641894, 0.000101716257632, 0.000554831174668, 0.000188684469322, 7.09006635589e-05, 6.71113521094e-05, 3.22853557009e-05, 1.99241349037e-05, 9.29730686039e-06, 5.71752707401e-06, 4.28274597652e-06, 1.09056654765e-05, 3.47615650753e-06, 1.34834931487e-06, 1.77679351054e-06, 9.66156676441e-07, 6.36583138203e-07, 1.159623082e-07], "dmean2": [0.00257081678137, 0.0788463577628, 0.00964282359928, 0.00186415377539, 0.00136939412914, 0.00153951498214, 0.000514500658028, 0.000648503948469, 0.000977381016128, 0.000264200905804, 0.000130333181005, 0.000726053956896, 0.000253070611507, 0.000102393423731, 0.000110705135739, 5.30017350684e-05, 3.30626207869e-05, 1.66259178513e-05, 1.02227295429e-05, 7.63002390158e-06, 1.71379433596e-05, 5.41973895452e-06, 2.05019068744e-06, 2.72363672593e-06, 1.66731979334e-06, 1.06744403183e-06, 2.20718490596e-07], "dvar": [1.38124187288e-05, 0.010153981857, 0.000227472410188, 8.1012794908e-06, 4.35793799625e-06, 5.21949459653e-06, 1.08663687115e-06, 1.34496679038e-06, 5.19664263265e-06, 9.53838593887e-07, 1.54582039613e-07, 1.76910234586e-05, 4.05675251614e-07, 6.22150437835e-08, 7.98624952836e-08, 1.03915631655e-08, 4.77162132029e-09, 6.72107369759e-10, 2.23411122935e-10, 1.0490464053e-10, 5.10082753813e-10, 3.3619853429e-11, 5.07526702956e-12, 7.03546335773e-12, 4.9636779062e-12, 1.7612960786e-12, 9.74302629135e-14], "dvar2": [1.83519041457e-05, 0.0182987190783, 0.000575892394409, 2.29028064496e-05, 1.04252776509e-05, 1.17255403893e-05, 2.21320874516e-06, 3.14220710607e-06, 1.10653390948e-05, 2.14207784666e-06, 2.56391842868e-07, 3.60377307516e-05, 8.11222378161e-07, 1.20073693211e-07, 2.1068866829e-07, 2.57121897107e-08, 1.20543024451e-08, 1.83788118058e-09, 6.25735907533e-10, 2.97208424538e-10, 1.22851717688e-09, 8.05520927738e-11, 1.21422117152e-11, 1.62106751633e-11, 1.39240164537e-11, 4.92978617997e-12, 2.76116748823e-13], "max": [0.0374099873006, 0.76696062088, 0.137260526419, 0.0228762123734, 0.0316296629608, 0.0502880699933, 0.0185745768249, 0.016619740054, 0.0343866311014, 0.022142117843, 0.0142752099782, 0.153390064836, 0.0122666619718, 0.00716607784852, 0.00585070392117, 0.00156864337623, 0.000868728733622, 0.000217367400182, 0.00016126203991, 0.000134250542033, 0.000508721626829, 4.75870474475e-05, 3.95820570702e-05, 2.65028356807e-05, 1.82789335668e-05, 1.13653513836e-05, 2.58433055933e-06], "mean": [0.00432845624164, 0.133416801691, 0.00814746692777, 0.00205780682154, 0.00374340824783, 0.00444314163178, 0.00147710600868, 0.00117289973423, 0.00232978980057, 0.00044979332597, 0.000231072190218, 0.00141451950185, 0.000331037066644, 0.000116245661047, 0.000145693018567, 3.38933168678e-05, 2.2192572942e-05, 7.60782450016e-06, 5.67284087083e-06, 4.70605482406e-06, 1.44910900417e-05, 4.14401119997e-06, 2.2859467208e-06, 2.66776078206e-06, 9.52554728428e-07, 6.28801558378e-07, 7.65343841636e-08], "median": [0.00165976874996, 0.0585741810501, 0.00322237983346, 0.000599795021117, 0.00212243432179, 0.00246188649908, 0.000515507534146, 0.000472615647595, 0.000984790967777, 7.47149751987e-05, 1.56781643454e-05, 8.02536014817e-05, 3.09213501168e-05, 1.54233912326e-05, 1.16486426123e-05, 3.71015744349e-06, 2.31906892623e-06, 6.57611849419e-07, 1.03986144495e-06, 5.66992980566e-07, 3.79301650355e-06, 1.4282580878e-06, 8.77885611317e-07, 1.34293918563e-06, 3.16016325996e-07, 1.98742441171e-07, 1.48877568051e-08], "min": [1.59972740094e-23, 2.01460954583e-23, 1.97775396434e-23, 3.12451806459e-23, 1.8654611922e-23, 3.26062370755e-23, 1.78423944231e-23, 3.3000759036e-23, 5.6594648389e-23, 2.78066653332e-23, 2.46307507718e-23, 1.10624261902e-22, 8.04558227493e-23, 1.2043439728e-22, 7.64959934406e-23, 1.08978559214e-22, 2.6000335419e-22, 1.96031190263e-22, 1.28058517048e-22, 1.38403967125e-22, 4.09853528966e-22, 5.52228533536e-22, 4.6532059851e-22, 7.48577603189e-22, 1.09376066856e-21, 1.73819343564e-21, 2.30530571711e-21], "var": [4.56843918073e-05, 0.0281219091266, 0.000198312205612, 1.23726931633e-05, 2.04255829885e-05, 2.8053909773e-05, 5.52564915779e-06, 3.40819701705e-06, 1.39598532769e-05, 2.10943312595e-06, 9.47144087604e-07, 5.24289207533e-05, 8.93037793048e-07, 1.32785601181e-07, 2.00254362426e-07, 1.0616219015e-08, 5.0352717551e-09, 4.77728245851e-10, 1.91330867816e-10, 1.52209370108e-10, 1.30264843357e-09, 4.00460255234e-11, 1.71561081314e-11, 1.12840414096e-11, 3.69279780366e-12, 1.3717892924e-12, 5.56819164616e-14]}, "erbbands": {"dmean": [2.34146595001, 11.8524303436, 8.26562690735, 4.58348226547, 2.46668243408, 3.14066720009, 7.26655483246, 8.24189853668, 5.58288383484, 7.08568763733, 11.4943847656, 16.9112567902, 9.15096473694, 5.70277261734, 5.61415243149, 28.0896663666, 9.9226064682, 4.81797742844, 3.84010124207, 1.83736586571, 1.84881842136, 1.0707116127, 0.574972569942, 0.348739892244, 0.263677090406, 0.232157602906, 0.203666344285, 0.497151792049, 0.14243555069, 0.0633901283145, 0.0395047627389, 0.0417095310986, 0.0236957799643, 0.00887716654688, 0.00819605402648, 0.00336854741909, 0.00116113072727, 0.000175253095222, 3.88294429285e-05, 6.45118707325e-05], "dmean2": [2.89143133163, 16.5194091797, 12.4755926132, 7.88504076004, 4.137570858, 4.80946445465, 9.81581783295, 12.2679405212, 9.08511257172, 9.18334197998, 17.2210903168, 22.3667545319, 12.200340271, 7.32796764374, 7.33420705795, 36.4416351318, 12.7323255539, 6.90119457245, 6.25729608536, 3.00954508781, 2.9460413456, 1.82720458508, 1.02380251884, 0.625865638256, 0.468787401915, 0.413210511208, 0.329872190952, 0.776184201241, 0.215151265264, 0.105341024697, 0.0595329552889, 0.0628342032433, 0.0383097268641, 0.016113711521, 0.0135838408023, 0.00560888228938, 0.00190604885574, 0.000325244182022, 6.01063911745e-05, 8.48510026117e-05], "dvar": [16.0209465027, 441.888061523, 312.988311768, 149.161575317, 36.1383399963, 57.8717689514, 196.394454956, 464.927734375, 254.058609009, 439.712982178, 750.599975586, 3521.53662109, 1351.45446777, 637.975769043, 434.643890381, 45312.8398438, 1018.12005615, 412.358459473, 226.420440674, 51.9188117981, 37.4285926819, 14.055015564, 2.63381457329, 1.06988656521, 0.397590756416, 0.331349700689, 0.307410418987, 0.72789055109, 0.0472399294376, 0.0194480698556, 0.00433762883767, 0.00350732984953, 0.00151947909035, 0.000580036954489, 0.000287955976091, 4.9577702157e-05, 5.33464617547e-06, 2.36194978243e-07, 3.58423601909e-09, 1.07509103842e-08], "dvar2": [22.1055374146, 941.658691406, 707.857055664, 408.998413086, 93.2644424438, 138.444976807, 397.035766602, 1135.71179199, 653.373168945, 811.9609375, 1757.44482422, 7513.16503906, 3060.06445312, 1339.9732666, 856.856506348, 92157.0390625, 1947.70849609, 856.225036621, 611.047119141, 117.708351135, 89.6736450195, 37.8693695068, 7.2553563118, 2.94775891304, 1.12016105652, 0.952007234097, 0.734411418438, 1.73633658886, 0.0980046838522, 0.0544199086726, 0.00986665207893, 0.00817582476884, 0.00368537637405, 0.00166721804999, 0.000788746110629, 0.000139355150168, 1.47029841173e-05, 6.74841260206e-07, 8.6820293177e-09, 1.85474213765e-08], "max": [32.9267196655, 153.925186157, 161.717575073, 116.558425903, 82.4024734497, 133.120529175, 233.922058105, 564.454162598, 303.023864746, 427.04498291, 390.653015137, 970.364257812, 900.869262695, 570.822875977, 627.475830078, 7732.27246094, 623.942260742, 613.460998535, 278.531829834, 191.921798706, 108.052490234, 50.5351409912, 14.4747076035, 12.5871181488, 7.08306598663, 7.02527761459, 15.0373926163, 14.2853899002, 1.6353597641, 1.49732851982, 0.953155040741, 0.696722388268, 0.367728799582, 0.248039856553, 0.127585187554, 0.058384783566, 0.0175085198134, 0.00426656287163, 0.000510868499987, 0.000848703028169], "mean": [5.18487739563, 24.3942108154, 14.4528226852, 9.13002967834, 6.83211898804, 13.4396257401, 27.888879776, 35.159412384, 19.7370662689, 28.5035667419, 34.0774536133, 54.4962425232, 26.5115776062, 13.0459280014, 13.8051147461, 72.7188339233, 20.0056934357, 8.28733253479, 8.80420970917, 2.51248931885, 2.16627335548, 1.10859966278, 0.521166861057, 0.293496459723, 0.314238369465, 0.253279477358, 0.336649894714, 0.60052716732, 0.181985959411, 0.0746275857091, 0.0638970956206, 0.0694572329521, 0.0310231354088, 0.00784288067371, 0.00906592514366, 0.00355612440035, 0.00115121761337, 0.000126948027173, 8.53687015478e-05, 0.000178363188752], "median": [2.16863298416, 12.6765804291, 8.40035533905, 3.99969172478, 3.29782390594, 8.40511226654, 13.1066951752, 16.2788658142, 9.51498985291, 7.3640165329, 16.9565105438, 21.9479789734, 8.54357528687, 2.90937662125, 2.98072171211, 4.54177284241, 3.17369318008, 1.58520936966, 0.900317251682, 0.429806500673, 0.256516128778, 0.125966414809, 0.0519624911249, 0.0518167316914, 0.0524794980884, 0.0317079797387, 0.0846662148833, 0.162682533264, 0.0582514852285, 0.0193886347115, 0.0284792594612, 0.0378251746297, 0.0136053729802, 0.0018721006345, 0.00347249908373, 0.00115672126412, 0.000397418858483, 2.91400647257e-05, 4.11431065004e-05, 8.93974429346e-05], "min": [1.25966430159e-21, 2.19043262513e-21, 1.74246953127e-20, 7.75788462706e-20, 4.55827343888e-20, 5.17391165706e-20, 1.07924639126e-19, 3.00382832932e-19, 2.75274489221e-19, 4.82990966465e-19, 4.90265089374e-19, 1.25997825945e-18, 1.45801646503e-18, 1.23481801015e-18, 1.80709764367e-18, 4.66484784137e-18, 3.87530890977e-18, 5.8052982955e-18, 4.44101855787e-18, 5.76410263305e-18, 8.17676390033e-18, 1.42123261173e-17, 1.15722592512e-17, 8.5668498695e-18, 7.33060528298e-18, 6.45092723926e-18, 1.08664483683e-17, 2.00412164311e-17, 2.15854302858e-17, 1.55281636767e-17, 1.39954509412e-17, 1.20464091044e-17, 1.3980844586e-17, 1.07760730962e-17, 7.41176824469e-18, 6.04094798995e-18, 3.32872843371e-18, 1.26015599988e-18, 2.97876837567e-19, 3.39731930993e-20], "var": [50.6043739319, 947.127197266, 391.042510986, 164.217224121, 81.3998565674, 267.640289307, 1198.30102539, 2232.73803711, 660.751403809, 2893.63037109, 2105.89404297, 9634.98925781, 2988.05175781, 1515.82617188, 1653.70739746, 134868.40625, 2574.0534668, 722.685668945, 639.489196777, 75.9816741943, 42.5842247009, 11.5144710541, 1.92333757877, 0.74463814497, 0.521108984947, 0.470064222813, 1.12296593189, 1.35855269432, 0.072299644351, 0.026802174747, 0.009048842825, 0.00686310790479, 0.00196178862825, 0.000390942092054, 0.000240350607783, 3.95869137719e-05, 4.25681582783e-06, 1.37954515367e-07, 7.09535363796e-09, 3.54665274926e-08]}, "gfcc": {"mean": [-92.3296432495, 192.177581787, -51.571559906, 4.89474201202, -41.3876342773, 22.6343841553, -7.14550971985, -2.54142999649, 1.42921710014, 8.12520885468, -1.55001866817, -3.77388191223, 2.56736540794], "cov": [[7055.98535156, -882.447387695, -1153.59838867, 1240.07824707, -184.013519287, 245.380340576, -50.8466682434, 152.376464844, -11.9107351303, 225.341308594, -11.8477926254, 88.0425796509, -21.0511112213], [-882.447387695, 1441.16516113, 274.25680542, -902.108093262, 337.056854248, -251.188293457, -46.9163894653, -79.7426757812, 130.103286743, -179.671127319, 99.2285308838, -39.4861030579, 60.0912590027], [-1153.59838867, 274.25680542, 1003.08074951, -194.889083862, -177.453109741, 50.8346939087, 195.56098938, 40.7903251648, 85.0680084229, 29.4447383881, 52.1317253113, 10.3742675781, 61.3505477905], [1240.07824707, -902.108093262, -194.889083862, 868.532287598, -184.90562439, 84.0435409546, 71.2392654419, 91.6659088135, -40.7093200684, 90.7941665649, -43.3739624023, 9.55453586578, -3.7994017601], [-184.013519287, 337.056854248, -177.453109741, -184.90562439, 590.209838867, -12.5110559464, -34.4366340637, 18.2197475433, 84.9459991455, -62.7094573975, 77.3704605103, -8.07415866852, -6.8278298378], [245.380340576, -251.188293457, 50.8346939087, 84.0435409546, -12.5110559464, 294.68927002, 82.8406829834, -21.9854240417, 15.1333150864, 92.58644104, 37.8667755127, 38.0005569458, -3.96761107445], [-50.8466682434, -46.9163894653, 195.56098938, 71.2392654419, -34.4366340637, 82.8406829834, 184.087646484, 47.6823234558, 35.3800239563, 21.3055229187, 51.8397445679, 22.8694114685, 30.6881103516], [152.376464844, -79.7426757812, 40.7903251648, 91.6659088135, 18.2197475433, -21.9854240417, 47.6823234558, 136.897399902, 44.5627212524, -10.6300106049, -14.4943370819, 6.38915205002, 9.29284667969], [-11.9107351303, 130.103286743, 85.0680084229, -40.7093200684, 84.9459991455, 15.1333150864, 35.3800239563, 44.5627212524, 148.092880249, 33.5536689758, 20.3755092621, -27.4505577087, 26.8148555756], [225.341308594, -179.671127319, 29.4447383881, 90.7941665649, -62.7094573975, 92.58644104, 21.3055229187, -10.6300106049, 33.5536689758, 119.620429993, 25.7338695526, -9.16697692871, -16.6003189087], [-11.8477926254, 99.2285308838, 52.1317253113, -43.3739624023, 77.3704605103, 37.8667755127, 51.8397445679, -14.4943370819, 20.3755092621, 25.7338695526, 136.837509155, 40.3657264709, -7.66340446472], [88.0425796509, -39.4861030579, 10.3742675781, 9.55453586578, -8.07415866852, 38.0005569458, 22.8694114685, 6.38915205002, -27.4505577087, -9.16697692871, 40.3657264709, 97.2336425781, 8.01189231873], [-21.0511112213, 60.0912590027, 61.3505477905, -3.7994017601, -6.8278298378, -3.96761107445, 30.6881103516, 9.29284667969, 26.8148555756, -16.6003189087, -7.66340446472, 8.01189231873, 72.6850738525]], "icov": [[0.000476406043163, -0.00142720679287, 0.00069226155756, -0.00148563820403, 0.000372581882402, -0.000988978543319, 0.000409647764172, -0.00124089687597, 0.000822947942652, -0.00169257307425, 0.00051899603568, -0.000684049795382, 6.25972461421e-05], [-0.00142720679287, 0.00921205617487, -0.0025149048306, 0.00809353962541, -0.00153776851948, 0.00544009776786, -0.00154854380526, 0.00614981958643, -0.00624782545492, 0.00957055669278, -0.0046655908227, 0.0034398753196, -0.00184377923142], [0.00069226155756, -0.0025149048306, 0.00270258891396, -0.00182500015944, 0.0012812926434, -0.00158562150318, -0.000964995473623, -0.0023302945774, 0.00101784418803, -0.00306404335424, 0.000804918527137, -0.000966727558989, -0.000241589790676], [-0.00148563820403, 0.00809353962541, -0.00182500015944, 0.00921783037484, -0.00111692596693, 0.00486127240583, -0.00249299989082, 0.00404762756079, -0.00419989647344, 0.00675466377288, -0.00345431896858, 0.0033018917311, -0.00203979178332], [0.000372581882402, -0.00153776851948, 0.0012812926434, -0.00111692596693, 0.00340197212063, -0.00206291279756, 0.00130174891092, -0.00195175013505, -0.00120629963931, 0.00137327378616, -0.00192399125081, 0.000455928966403, 0.000651808630209], [-0.000988978543319, 0.00544009776786, -0.00158562150318, 0.00486127240583, -0.00206291279756, 0.00959176197648, -0.00447555398569, 0.00605590548366, -0.00341054890305, 0.000441004580352, -0.000254744460108, -0.00126186513808, -0.000275159458397], [0.000409647764172, -0.00154854380526, -0.000964995473623, -0.00249299989082, 0.00130174891092, -0.00447555398569, 0.0121641717851, -0.00507213966921, 0.000847533461638, 0.000995976966806, -0.00477503985167, 0.00126123987138, -0.00325393257663], [-0.00124089687597, 0.00614981958643, -0.0023302945774, 0.00404762756079, -0.00195175013505, 0.00605590548366, -0.00507213966921, 0.0169016830623, -0.00916828308254, 0.00833228509873, 0.0011000377126, -0.001433579484, 0.00242198468186], [0.000822947942652, -0.00624782545492, 0.00101784418803, -0.00419989647344, -0.00120629963931, -0.00341054890305, 0.000847533461638, -0.00916828308254, 0.0180702023208, -0.0129817454144, 0.00208987947553, 0.00206296169199, -0.00479851290584], [-0.00169257307425, 0.00957055669278, -0.00306404335424, 0.00675466377288, 0.00137327378616, 0.000441004580352, 0.000995976966806, 0.00833228509873, -0.0129817454144, 0.0291503164917, -0.00965505465865, 0.00709886476398, 0.00285038212314], [0.00051899603568, -0.0046655908227, 0.000804918527137, -0.00345431896858, -0.00192399125081, -0.000254744460108, -0.00477503985167, 0.0011000377126, 0.00208987947553, -0.00965505465865, 0.0167701859027, -0.00878077372909, 0.00458825612441], [-0.000684049795382, 0.0034398753196, -0.000966727558989, 0.0033018917311, 0.000455928966403, -0.00126186513808, 0.00126123987138, -0.001433579484, 0.00206296169199, 0.00709886476398, -0.00878077372909, 0.0176710281521, -0.0044420696795], [6.25972461421e-05, -0.00184377923142, -0.000241589790676, -0.00203979178332, 0.000651808630209, -0.000275159458397, -0.00325393257663, 0.00242198468186, -0.00479851290584, 0.00285038212314, 0.00458825612441, -0.0044420696795, 0.0199027489871]]}, "melbands": {"dmean": [0.0183026846498, 0.00735556101426, 0.000727795821149, 0.000205094183912, 0.000207098637475, 0.000185817581951, 8.5480081907e-05, 7.77377354098e-05, 0.000103762366052, 0.000102685422462, 4.40694420831e-05, 2.30635887419e-05, 1.53914133989e-05, 6.28782581771e-05, 4.1581417463e-05, 1.59780865943e-05, 7.82702318247e-06, 5.76352158532e-06, 3.70110251424e-06, 2.16868943426e-06, 2.15890918298e-06, 1.17096726626e-06, 7.07527760824e-07, 4.30243517258e-07, 2.70188536433e-07, 2.14864599002e-07, 1.67786424754e-07, 1.48254940768e-07, 7.61490497325e-08, 2.86019570694e-07, 3.38668996847e-07, 9.52573628865e-08, 3.77071991409e-08, 3.30405640625e-08, 2.72957585423e-08, 1.80402732752e-08, 3.20300372891e-08, 2.26648886326e-08, 7.37880734292e-09, 7.16630621511e-09], "dmean2": [0.0240326803178, 0.0102724339813, 0.00124778645113, 0.000322879757732, 0.000282901892206, 0.000275582366157, 0.00013566686539, 0.000103260332253, 0.000153196888277, 0.000134534857352, 5.8896956034e-05, 2.96857760986e-05, 1.97065783141e-05, 8.24883754831e-05, 5.34732171218e-05, 2.16921034735e-05, 1.12957222882e-05, 9.38754783419e-06, 6.24161430096e-06, 3.49606852978e-06, 3.45151829606e-06, 1.9658778001e-06, 1.26955637825e-06, 7.6573047636e-07, 4.87556235385e-07, 3.83417585681e-07, 2.9458826134e-07, 2.66898439349e-07, 1.27431505348e-07, 4.59320943946e-07, 5.29585747699e-07, 1.45769021742e-07, 6.52558682646e-08, 5.57180399596e-08, 4.20081676111e-08, 2.87506889407e-08, 4.8680249165e-08, 3.59077532153e-08, 1.35515714206e-08, 1.33210775743e-08], "dvar": [0.000988221727312, 0.000162762080436, 3.6777898913e-06, 2.60148709685e-07, 1.62939841175e-07, 2.13586503151e-07, 5.46324763206e-08, 4.96872374356e-08, 6.49559908084e-08, 1.0932254213e-07, 3.38718777471e-08, 1.207011735e-08, 3.2788145532e-09, 2.26902329814e-07, 5.48514123011e-08, 2.64483990264e-09, 1.14641107718e-09, 4.84570494841e-10, 2.74334610584e-10, 4.92738731761e-11, 5.3925496013e-11, 1.83900984718e-11, 4.91827845811e-12, 1.39801787768e-12, 6.54005875064e-13, 3.00324028884e-13, 1.50214693115e-13, 1.39017269918e-13, 2.86170623331e-14, 1.02051819686e-12, 3.1938910067e-13, 2.1738321321e-14, 8.38996213947e-15, 5.25577718079e-15, 2.41591986589e-15, 8.41981666273e-16, 2.19440973876e-15, 1.29134386798e-15, 4.63728145188e-16, 3.9880314919e-16], "dvar2": [0.00161688402295, 0.000350385787897, 9.88047850115e-06, 6.210204333e-07, 3.34823738513e-07, 5.18683009432e-07, 1.35972143767e-07, 9.85065113923e-08, 1.48812432599e-07, 2.3336595234e-07, 7.64123626595e-08, 2.53026364305e-08, 5.4716462472e-09, 4.59863940705e-07, 1.12235660765e-07, 5.48258638489e-09, 2.35870811771e-09, 1.29530419724e-09, 7.42655881236e-10, 1.12713727241e-10, 1.27808041928e-10, 4.7820841037e-11, 1.3965726145e-11, 3.80301172498e-12, 1.79851890759e-12, 8.46715872329e-13, 4.29981896442e-13, 3.98276762048e-13, 7.6547566842e-14, 2.43289177866e-12, 7.4804729468e-13, 4.65520363143e-14, 2.36705610218e-14, 1.46264006088e-14, 5.50293292447e-15, 2.18155791961e-15, 5.20566967625e-15, 2.98985626194e-15, 1.32921174643e-15, 1.14501352651e-15], "max": [0.246458485723, 0.104461401701, 0.0176402591169, 0.00860998220742, 0.00700826523826, 0.011750806123, 0.00428445311263, 0.00402124319226, 0.00360887497663, 0.00517919333652, 0.00447279820219, 0.00249834288843, 0.00206655589864, 0.0174734313041, 0.0082551445812, 0.0010752993403, 0.00102390255779, 0.000395308365114, 0.000338946847478, 0.000166173791513, 0.000134524932946, 5.75715930609e-05, 2.68055373454e-05, 1.2304599295e-05, 9.96598373604e-06, 6.59443639961e-06, 6.07465744906e-06, 4.43939188699e-06, 3.40266001331e-06, 2.2688502213e-05, 3.91548519474e-06, 9.58355485636e-07, 8.95735865925e-07, 1.10748192128e-06, 6.15574890617e-07, 5.73450051888e-07, 4.51622327091e-07, 3.27458366201e-07, 2.29647042715e-07, 1.78049901933e-07], "mean": [0.0414543971419, 0.0158850029111, 0.00141120154876, 0.000768103578594, 0.000852637807839, 0.000780272588599, 0.000320306688081, 0.000289263465675, 0.000310626841383, 0.000323160405969, 0.000123488804093, 5.05039934069e-05, 3.56823511538e-05, 0.000160859097377, 0.000101186276879, 2.7679345294e-05, 1.26776440084e-05, 1.2957508261e-05, 6.42623945168e-06, 2.24360269385e-06, 2.52027666647e-06, 1.17829597457e-06, 6.88696218276e-07, 3.69425237068e-07, 2.129044816e-07, 2.3440610164e-07, 2.08766337551e-07, 1.4441442886e-07, 1.19754275829e-07, 3.92587480746e-07, 3.63517528967e-07, 1.16760979552e-07, 3.50603741595e-08, 4.14346210675e-08, 3.81390243831e-08, 3.34301333282e-08, 4.77305164281e-08, 2.87811960931e-08, 5.87846793465e-09, 5.78243408711e-09], "median": [0.017718737945, 0.0092387702316, 0.000643406470772, 0.000376803713152, 0.000431002001278, 0.000388341490179, 0.000149456202053, 7.86369782872e-05, 0.000152150081703, 0.000139885349199, 2.71553035418e-05, 8.01362602942e-06, 4.32854267274e-06, 9.8891032394e-06, 8.77365164342e-06, 3.67983284377e-06, 1.41338455251e-06, 1.18485127132e-06, 6.20673745289e-07, 3.2181452525e-07, 2.3219361367e-07, 1.1484250706e-07, 4.95222423069e-08, 2.91880688508e-08, 3.55926204065e-08, 4.43251089166e-08, 2.52102729803e-08, 1.62464761644e-08, 2.67336073279e-08, 7.35413578923e-08, 1.01004708597e-07, 3.87992074025e-08, 9.74144764854e-09, 9.50084899642e-09, 1.52684389576e-08, 1.79462489314e-08, 2.54293848201e-08, 1.27562644892e-08, 8.76781314219e-10, 1.08190756354e-09], "min": [9.2968898511e-24, 6.9491198903e-24, 1.25216325359e-23, 2.96043720511e-24, 3.09474925448e-24, 7.19537702136e-24, 4.59177079154e-24, 5.91683070923e-24, 3.75200271995e-24, 8.8674197748e-24, 6.90663815283e-24, 4.2408337905e-24, 4.00357756237e-24, 1.11035880056e-23, 9.3879780421e-24, 7.21633863334e-24, 9.55362778815e-24, 6.89173420375e-24, 5.60669872181e-24, 6.66005522222e-24, 1.09019417476e-23, 1.55056842922e-23, 1.27322465647e-23, 7.70348785244e-24, 5.78123143608e-24, 5.2953246729e-24, 5.65942263484e-24, 3.64803913568e-24, 4.64539440043e-24, 1.07191942303e-23, 1.03120315627e-23, 1.37732479256e-23, 8.76269848963e-24, 8.32823807925e-24, 8.56466284798e-24, 6.78374466785e-24, 7.17153685595e-24, 8.50405703122e-24, 1.14258952722e-23, 8.36444521707e-24], "var": [0.00289849354886, 0.000340891885571, 3.79882544621e-06, 1.12078487291e-06, 1.00838224171e-06, 1.01260184238e-06, 1.6147713211e-07, 2.66476718025e-07, 1.82964924988e-07, 2.92424942927e-07, 7.5793302301e-08, 2.83956094194e-08, 2.02423589002e-08, 6.74752811847e-07, 1.60102857194e-07, 5.09209296951e-09, 2.06567896122e-09, 1.42082623444e-09, 4.0763858955e-10, 5.98570776278e-11, 6.37117580915e-11, 1.67713794241e-11, 3.52653583419e-12, 1.02621828136e-12, 4.47679355609e-13, 2.99824780888e-13, 3.03057790451e-13, 1.5358473228e-13, 1.13900222262e-13, 2.25936457043e-12, 3.64021367303e-13, 2.98984673282e-14, 6.14495467585e-15, 1.1043401267e-14, 3.70768555628e-15, 2.22153109846e-15, 3.40998227444e-15, 1.7566003253e-15, 3.03536612459e-16, 2.64056168559e-16]}, "mfcc": {"mean": [-760.381103516, 226.636642456, 52.2269020081, 17.1297264099, -0.755673646927, 27.1270694733, 3.00140810013, 5.87093544006, 7.53826522827, 13.2854700089, 6.41418647766, 18.0015697479, -5.00257730484], "cov": [[4555.5703125, -518.322509766, -1164.67431641, 486.57144165, 126.329040527, 91.2083435059, -90.1082077026, 61.3591499329, 22.7157535553, -33.9276199341, -28.0760669708, 163.355010986, -71.8224945068], [-518.322509766, 1497.12341309, 164.132949829, -431.819030762, 116.690315247, -102.779785156, -51.4705619812, -32.488735199, -2.82501077652, -27.8388881683, 18.4658546448, -5.35629415512, 85.3500976562], [-1164.67431641, 164.132949829, 1014.60400391, -73.4248962402, -297.203948975, 54.4622840881, 43.2778320312, 10.0740394592, 34.0012512207, 71.6052398682, 36.7662734985, -21.4484958649, -46.5223426819], [486.57144165, -431.819030762, -73.4248962402, 419.841888428, 26.9324855804, -21.760635376, 36.7361183167, 61.4647026062, 32.9611854553, 48.6829414368, 9.84064769745, 10.9633073807, -48.9227104187], [126.329040527, 116.690315247, -297.203948975, 26.9324855804, 289.828948975, 15.6080265045, 16.6696491241, 19.6856651306, 8.74379825592, 13.6253900528, 40.2937850952, 11.4646434784, 51.8005065918], [91.2083435059, -102.779785156, 54.4622840881, -21.760635376, 15.6080265045, 231.655929565, 53.1417121887, 13.2179584503, 3.60845422745, 39.2714042664, 37.204246521, 81.6551055908, -2.88723468781], [-90.1082077026, -51.4705619812, 43.2778320312, 36.7361183167, 16.6696491241, 53.1417121887, 132.157104492, 62.537109375, -6.10772752762, -0.0876506865025, 15.7214584351, 32.0202484131, 51.3938140869], [61.3591499329, -32.488735199, 10.0740394592, 61.4647026062, 19.6856651306, 13.2179584503, 62.537109375, 140.971893311, 46.038444519, -19.9867420197, -6.25378847122, 55.1116752625, 26.1538391113], [22.7157535553, -2.82501077652, 34.0012512207, 32.9611854553, 8.74379825592, 3.60845422745, -6.10772752762, 46.038444519, 113.9815979, 40.5262069702, -11.7471857071, -20.518995285, 1.30264925957], [-33.9276199341, -27.8388881683, 71.6052398682, 48.6829414368, 13.6253900528, 39.2714042664, -0.0876506865025, -19.9867420197, 40.5262069702, 168.628829956, 59.8307952881, -35.8021736145, -41.334312439], [-28.0760669708, 18.4658546448, 36.7662734985, 9.84064769745, 40.2937850952, 37.204246521, 15.7214584351, -6.25378847122, -11.7471857071, 59.8307952881, 123.658378601, 41.2758216858, -15.4542989731], [163.355010986, -5.35629415512, -21.4484958649, 10.9633073807, 11.4646434784, 81.6551055908, 32.0202484131, 55.1116752625, -20.518995285, -35.8021736145, 41.2758216858, 185.38092041, 47.7221260071], [-71.8224945068, 85.3500976562, -46.5223426819, -48.9227104187, 51.8005065918, -2.88723468781, 51.3938140869, 26.1538391113, 1.30264925957, -41.334312439, -15.4542989731, 47.7221260071, 152.253631592]], "icov": [[0.000483499403344, -0.00023912708275, 0.000809403136373, -0.00078180199489, 0.000863270135596, -0.000719950767234, 0.000537752173841, -0.000238491265918, -9.46865402511e-05, 0.000113466718176, -0.000269743788522, 4.58546965092e-05, -9.98112955131e-05], [-0.00023912708275, 0.00145053584129, -0.000963544822298, 0.00190877832938, -0.00180523528252, 0.00163748778868, -0.000339965481544, 0.00023238491849, -0.000166858764715, -0.000419672258431, 0.000543774629477, -0.000899226928595, 0.000337592035066], [0.000809403136373, -0.000963544822298, 0.00333156320266, -0.00161808019038, 0.0040634139441, -0.00207345560193, 0.000393218157114, -0.000870817282703, -0.000565679627471, -2.15284853766e-05, -0.00178475922439, 0.00105151557364, -0.000496669264976], [-0.00078180199489, 0.00190877832938, -0.00161808019038, 0.00622277660295, -0.00320757832378, 0.003899036441, -0.00283513753675, 8.93515152711e-06, -0.00075097871013, -0.00188517267816, 0.00169950386044, -0.00233442755416, 0.00258584134281], [0.000863270135596, -0.00180523528252, 0.0040634139441, -0.00320757832378, 0.00959448795766, -0.00388365518302, 0.0019066715613, -0.00226272526197, -9.99671246973e-05, 0.000442264718004, -0.00452253315598, 0.00324286799878, -0.00331727671437], [-0.000719950767234, 0.00163748778868, -0.00207345560193, 0.003899036441, -0.00388365518302, 0.00981241930276, -0.00570226227865, 0.0034195529297, -0.00199252157472, -0.00255870306864, 0.00268731196411, -0.00617765029892, 0.0037380263675], [0.000537752173841, -0.000339965481544, 0.000393218157114, -0.00283513753675, 0.0019066715613, -0.00570226227865, 0.0171649605036, -0.00924009736627, 0.00603056838736, -0.000225083553232, -0.00322906160727, 0.00514381378889, -0.00736301299185], [-0.000238491265918, 0.00023238491849, -0.000870817282703, 8.93515152711e-06, -0.00226272526197, 0.0034195529297, -0.00924009736627, 0.0165625214577, -0.00860270299017, 0.00234127114527, 0.00259649171494, -0.00659432122484, 0.0036423325073], [-9.46865402511e-05, -0.000166858764715, -0.000565679627471, -0.00075097871013, -9.99671246973e-05, -0.00199252157472, 0.00603056838736, -0.00860270299017, 0.0155024649575, -0.00442115589976, 0.00158892769832, 0.00381345604546, -0.00329385115765], [0.000113466718176, -0.000419672258431, -2.15284853766e-05, -0.00188517267816, 0.000442264718004, -0.00255870306864, -0.000225083553232, 0.00234127114527, -0.00442115589976, 0.0112671665847, -0.00586736761034, 0.00327101512812, 0.000627116125543], [-0.000269743788522, 0.000543774629477, -0.00178475922439, 0.00169950386044, -0.00452253315598, 0.00268731196411, -0.00322906160727, 0.00259649171494, 0.00158892769832, -0.00586736761034, 0.0151685988531, -0.00647564232349, 0.00376516696997], [4.58546965092e-05, -0.000899226928595, 0.00105151557364, -0.00233442755416, 0.00324286799878, -0.00617765029892, 0.00514381378889, -0.00659432122484, 0.00381345604546, 0.00327101512812, -0.00647564232349, 0.0131286755204, -0.00564403133467], [-9.98112955131e-05, 0.000337592035066, -0.000496669264976, 0.00258584134281, -0.00331727671437, 0.0037380263675, -0.00736301299185, 0.0036423325073, -0.00329385115765, 0.000627116125543, 0.00376516696997, -0.00564403133467, 0.0124197024852]]}, "spectral_contrast_coeffs": {"dmean": [0.0370595306158, 0.0300013609231, 0.0328402221203, 0.0364975072443, 0.0217713788152, 0.0245407670736], "dmean2": [0.0594902411103, 0.0499070957303, 0.0524213947356, 0.0575231201947, 0.033323597163, 0.0396960191429], "dvar": [0.00117885624059, 0.000847393937875, 0.00115248770453, 0.00159326766152, 0.000396274088416, 0.000694891961757], "dvar2": [0.00318815233186, 0.00219875364564, 0.0027650098782, 0.00370629574172, 0.000846412323881, 0.00177603354678], "max": [-0.374600410461, -0.496277928352, -0.411305218935, -0.525752127171, -0.605396568775, -0.658510625362], "mean": [-0.654198408127, -0.661626458168, -0.648109316826, -0.732350587845, -0.820411384106, -0.766873180866], "median": [-0.658806741238, -0.657731950283, -0.649482131004, -0.733392357826, -0.828884601593, -0.751638114452], "min": [-0.974665522575, -0.970124483109, -0.959858357906, -0.964290678501, -0.957887291908, -0.962972044945], "var": [0.00424191914499, 0.00307263829745, 0.00418551499024, 0.00504476670176, 0.00208890554495, 0.00351400114596]}, "spectral_contrast_valleys": {"dmean": [0.294282674789, 0.279939502478, 0.354547142982, 0.500510156155, 0.555790603161, 0.449760943651], "dmean2": [0.465385258198, 0.442083507776, 0.548289656639, 0.765158414841, 0.804949402809, 0.647387385368], "dvar": [0.268197268248, 0.281522214413, 0.308823078871, 0.559542953968, 0.595679759979, 