{"lowlevel": {"average_loudness": 0.856912732124, "barkbands_crest": {"dmean": 1.79564702511, "dmean2": 2.79066991806, "dvar": 3.29981184006, "dvar2": 8.10559272766, "max": 25.4240684509, "mean": 11.7588281631, "median": 11.2660427094, "min": 3.2939684391, "var": 13.5236539841}, "barkbands_flatness_db": {"dmean": 0.0201317183673, "dmean2": 0.0288372822106, "dvar": 0.000557507446501, "dvar2": 0.00105417449959, "max": 0.682971954346, "mean": 0.267647564411, "median": 0.261305719614, "min": 0.0420596860349, "var": 0.00880680419505}, "barkbands_kurtosis": {"dmean": 4.08897018433, "dmean2": 6.11340999603, "dvar": 50.9179840088, "dvar2": 109.147331238, "max": 151.468994141, "mean": 11.3949184418, "median": 6.93108272552, "min": -1.7673381567, "var": 190.034011841}, "barkbands_skewness": {"dmean": 0.47712123394, "dmean2": 0.70613527298, "dvar": 0.416057050228, "dvar2": 0.808000326157, "max": 10.208065033, "mean": 1.90920293331, "median": 1.71107459068, "min": -2.08269619942, "var": 2.25881886482}, "barkbands_spread": {"dmean": 1.91520321369, "dmean2": 2.87658667564, "dvar": 13.4528207779, "dvar2": 27.5641059875, "max": 81.6702651978, "mean": 8.18600749969, "median": 5.3575797081, "min": 0.577901601791, "var": 93.128944397}, "dissonance": {"dmean": 0.0326049253345, "dmean2": 0.0543567501009, "dvar": 0.00101977318991, "dvar2": 0.00267102965154, "max": 0.499999731779, "mean": 0.396726191044, "median": 0.405760794878, "min": 0.176502034068, "var": 0.00393874431029}, "dynamic_complexity": 2.33871054649, "erbbands_crest": {"dmean": 2.20514345169, "dmean2": 3.25650644302, "dvar": 5.0997877121, "dvar2": 10.8548727036, "max": 32.0412254333, "mean": 16.0063438416, "median": 15.40903759, "min": 2.70261502266, "var": 36.2819290161}, "erbbands_flatness_db": {"dmean": 0.0181225258857, "dmean2": 0.0250956080854, "dvar": 0.000592264463194, "dvar2": 0.00109348550905, "max": 0.511512577534, "mean": 0.255285561085, "median": 0.249125495553, "min": 0.0565046705306, "var": 0.00903335306793}, "erbbands_kurtosis": {"dmean": 2.58588075638, "dmean2": 3.67709112167, "dvar": 38.1450958252, "dvar2": 67.3335723877, "max": 240.450881958, "mean": 7.76563930511, "median": 3.43333292007, "min": -1.84482562542, "var": 308.308135986}, "erbbands_skewness": {"dmean": 0.373269200325, "dmean2": 0.538970112801, "dvar": 0.190546646714, "dvar2": 0.386154025793, "max": 12.859910965, "mean": 1.74149811268, "median": 1.5002528429, "min": -2.1681189537, "var": 2.28597521782}, "erbbands_spread": {"dmean": 4.68554115295, "dmean2": 6.97492027283, "dvar": 62.4911651611, "dvar2": 127.297920227, "max": 116.361755371, "mean": 22.8652248383, "median": 13.2581148148, "min": 0.747858464718, "var": 490.842987061}, "hfc": {"dmean": 2.30008721352, "dmean2": 3.36570262909, "dvar": 22.7425041199, "dvar2": 53.0798225403, "max": 143.801574707, "mean": 11.4331598282, "median": 8.32953834534, "min": 1.0856685321e-16, "var": 119.167457581}, "melbands_crest": {"dmean": 2.54843640327, "dmean2": 3.94202637672, "dvar": 6.76595211029, "dvar2": 15.6305027008, "max": 34.0094223022, "mean": 17.1799125671, "median": 16.05286026, "min": 1.64306950569, "var": 36.7078781128}, "melbands_flatness_db": {"dmean": 0.021040501073, "dmean2": 0.0299818012863, "dvar": 0.000643188890535, "dvar2": 0.00118377595209, "max": 0.855471670628, "mean": 0.35585296154, "median": 0.351184159517, "min": 0.00350835500285, "var": 0.0119145615026}, "melbands_kurtosis": {"dmean": 6.57565307617, "dmean2": 9.93361759186, "dvar": 167.714477539, "dvar2": 363.727416992, "max": 294.843444824, "mean": 18.1426963806, "median": 9.84468460083, "min": -1.63127422333, "var": 527.135803223}, "melbands_skewness": {"dmean": 0.540913581848, "dmean2": 0.800830185413, "dvar": 0.592383027077, "dvar2": 1.25267148018, "max": 11.4146308899, "mean": 2.28657317162, "median": 1.8008055687, "min": -1.88021826744, "var": 3.17749881744}, "melbands_spread": {"dmean": 1.698153615, "dmean2": 2.5402007103, "dvar": 15.9459629059, "dvar2": 27.6261024475, "max": 175.628829956, "mean": 8.44443035126, "median": 5.92420387268, "min": 0.443067640066, "var": 172.539505005}, "pitch_salience": {"dmean": 0.0485498979688, "dmean2": 0.0770213454962, "dvar": 0.00267810467631, "dvar2": 0.00665663788095, "max": 0.818027734756, "mean": 0.463183104992, "median": 0.46286791563, "min": 0.106889024377, "var": 0.0127872573212}, "silence_rate_20dB": {"dmean": 0, "dmean2": 0, "dvar": 0, "dvar2": 0, "max": 1, "mean": 1, "median": 1, "min": 1, "var": 0}, "silence_rate_30dB": {"dmean": 0.014453231357, "dmean2": 0.0289104059339, "dvar": 0.0142438011244, "dvar2": 0.0313491858542, "max": 1, "mean": 0.979959070683, "median": 1, "min": 0, "var": 0.0196397379041}, "silence_rate_60dB": {"dmean": 0.00190891732927, "dmean2": 0.00381835526787, "dvar": 0.00190541357733, "dvar2": 0.00462208781391, "max": 1, "mean": 0.0130879348144, "median": 0, "min": 0, "var": 0.0129169533029}, "spectral_centroid": {"dmean": 77.8112487793, "dmean2": 117.48765564, "dvar": 44871.671875, "dvar2": 70016.25, "max": 11632.6435547, "mean": 598.309631348, "median": 429.76574707, "min": 129.561630249, "var": 629577.9375}, "spectral_complexity": {"dmean": 1.46277606487, "dmean2": 2.45438432693, "dvar": 5.07428073883, "dvar2": 11.9360055923, "max": 48, "mean": 8.56632614136, "median": 8, "min": 0, "var": 22.8615283966}, "spectral_decrease": {"dmean": 1.94272420373e-09, "dmean2": 3.04608493984e-09, "dvar": 1.89966527535e-17, "dvar2": 4.89934080644e-17, "max": 1.70263822849e-28, "mean": -7.73783437324e-09, "median": -6.09959194264e-09, "min": -9.0012250098e-08, "var": 4.1688777907e-17}, "spectral_energy": {"dmean": 0.0074947969988, "dmean2": 0.0117428824306, "dvar": 0.000280455860775, "dvar2": 0.000722647353541, "max": 0.35277056694, "mean": 0.0302413403988, "median": 0.0238128397614, "min": 9.72064770354e-21, "var": 0.000623833097052}, "spectral_energyband_high": {"dmean": 0.00011026905122, "dmean2": 0.000157121045049, "dvar": 1.45174553268e-07, "dvar2": 2.98175450553e-07, "max": 0.013491245918, "mean": 0.000347414141288, "median": 2.06724434975e-05, "min": 6.79079820768e-21, "var": 1.26946247292e-06}, "spectral_energyband_low": {"dmean": 0.00402273191139, "dmean2": 0.00669061159715, "dvar": 0.000219619760173, "dvar2": 0.000575608457439, "max": 0.295611679554, "mean": 0.00875110644847, "median": 0.00433414103463, "min": 2.34461167728e-23, "var": 0.000267761643045}, "spectral_energyband_middle_high": {"dmean": 0.000208630925044, "dmean2": 0.000327877904056, "dvar": 4.85977238895e-07, "dvar2": 1.30223770611e-06, "max": 0.0252765342593, "mean": 0.000623100844678, "median": 0.000319723039865, "min": 1.31475249071e-21, "var": 8.08388620044e-07}, "spectral_energyband_middle_low": {"dmean": 0.00474807387218, "dmean2": 0.00707508670166, "dvar": 4.32222186646e-05, "dvar2": 0.000102510464785, "max": 0.120031557977, "mean": 0.0218842588365, "median": 0.0175354033709, "min": 1.76871475436e-22, "var": 0.000257658277405}, "spectral_entropy": {"dmean": 0.197493001819, "dmean2": 0.278987824917, "dvar": 0.0613531060517, "dvar2": 0.115283198655, "max": 9.81962490082, "mean": 6.3571472168, "median": 6.23585700989, "min": 3.75218486786, "var": 0.863030493259}, "spectral_flux": {"dmean": 0.021101122722, "dmean2": 0.0344182439148, "dvar": 0.00107306183781, "dvar2": 0.00232418999076, "max": 0.458971589804, "mean": 0.0523745790124, "median": 0.0406503565609, "min": 6.53153225949e-11, "var": 0.00198382651433}, "spectral_kurtosis": {"dmean": 9.57562923431, "dmean2": 16.328163147, "dvar": 238.308273315, "dvar2": 662.292114258, "max": 185.513275146, "mean": 26.0228595734, "median": 11.9470367432, "min": -1.26968741417, "var": 1026.5904541}, "spectral_rms": {"dmean": 0.00059945177054, "dmean2": 0.000906897417735, "dvar": 8.75293551417e-07, "dvar2": 2.05821197596e-06, "max": 0.0185517221689, "mean": 0.00507350591943, "median": 0.00481996266171, "min": 3.07953879411e-12, "var": 3.76330126528e-06}, "spectral_rolloff": {"dmean": 103.415008545, "dmean2": 173.617385864, "dvar": 190780.4375, "dvar2": 335222.8125, "max": 19466.015625, "mean": 678.172912598, "median": 452.197265625, "min": 64.599609375, "var": 2075163.125}, "spectral_skewness": {"dmean": 0.670998096466, "dmean2": 1.11519885063, "dvar": 0.781971514225, "dvar2": 2.15905356407, "max": 12.3397350311, "mean": 3.25198531151, "median": 2.86566638947, "min": -0.050781454891, "var": 4.12875461578}, "spectral_spread": {"dmean": 526263.5625, "dmean2": 788081.75, "dvar": 900955832320, "dvar2": 1670383140860.0, "max": 42499132, "mean": 3681017, "median": 3283557.75, "min": 437984.78125, "var": 10460197814300.0}, "spectral_strongpeak": {"dmean": 0.297273188829, "dmean2": 0.487899750471, "dvar": 0.164425268769, "dvar2": 0.359123110771, "max": 5.33180093765, "mean": 1.14389073849, "median": 0.979548037052, "min": 0, "var": 0.60219347477}, "zerocrossingrate": {"dmean": 0.0048473929055, "dmean2": 0.00595918856561, "dvar": 0.00010374077101, "dvar2": 0.00012932640675, "max": 0.52099609375, "mean": 0.0312168486416, "median": 0.02099609375, "min": 0.00439453125, "var": 0.00162670691498}, "barkbands": {"dmean": [0.00024970373488, 0.00297862268053, 0.000990132335573, 0.00117762282025, 0.00221507996321, 0.00213965424336, 0.000366250431398, 0.000418548239395, 0.000519421766512, 8.21871508379e-05, 3.51869712176e-05, 2.11212900467e-05, 2.01980838028e-05, 2.10399866774e-05, 2.76054124697e-05, 2.58566706179e-05, 2.52742647717e-05, 3.19921855407e-05, 3.14569842885e-05, 2.47547523031e-05, 3.67129505321e-05, 2.36883934122e-05, 2.76851587842e-05, 1.42307480928e-05, 1.22646533782e-05, 1.21980992844e-05, 4.14703072238e-06], "dmean2": [0.000353937532054, 0.00499970605597, 0.00167645222973, 0.00196153135039, 0.00345257064328, 0.0029630123172, 0.00051494728541, 0.000565712281968, 0.000721569755115, 0.000118865908007, 5.92032774875e-05, 3.4531683923e-05, 3.31014707626e-05, 3.30947877956e-05, 4.34448811575e-05, 4.33173809142e-05, 4.2303254304e-05, 5.57244020456e-05, 5.31543046236e-05, 4.09286476497e-05, 5.85324305575e-05, 3.6802750401e-05, 4.14887435909e-05, 2.11593051063e-05, 1.74707038241e-05, 1.74415017682e-05, 6.52039852866e-06], "dvar": [1.03527827378e-06, 0.000155173998792, 1.17654863061e-05, 6.79343747834e-06, 1.36519884109e-05, 8.03391776572e-06, 1.70785324372e-06, 2.84406564788e-06, 1.1420621604e-06, 7.49888471319e-08, 1.42663143521e-08, 2.7137341263e-09, 3.69689057145e-09, 8.57944293386e-09, 5.41790967645e-09, 4.55548176959e-09, 7.88144394193e-09, 9.25377179328e-08, 1.22168852812e-08, 1.08119824205e-08, 2.27969714217e-08, 8.55342374706e-09, 1.87063751156e-08, 2.29820473763e-09, 1.21045695689e-09, 1.82557868822e-09, 7.36967153969e-10], "dvar2": [2.23394681598e-06, 0.00041174661601, 3.46478627762e-05, 1.83364099939e-05, 3.20126491715e-05, 1.5444788005e-05, 2.77192680187e-06, 4.78369247503e-06, 2.1656694571e-06, 1.32801176278e-07, 3.77084674597e-08, 7.41679562211e-09, 1.01413304421e-08, 2.01298320235e-08, 1.16537739459e-08, 1.2272693084e-08, 2.24484768552e-08, 2.6852384849e-07, 3.24563025345e-08, 3.02114955275e-08, 6.1330659662e-08, 2.13727098242e-08, 3.51375000207e-08, 5.23787679896e-09, 2.2523962695e-09, 3.17366488645e-09, 1.52675694309e-09], "max": [0.014613029547, 0.257180154324, 0.115448340774, 0.056488879025, 0.0600510016084, 0.0718811303377, 0.0525304377079, 0.0626272931695, 0.0257511716336, 0.0115401605144, 0.00237503810786, 0.00105279358104, 0.00200976780616, 0.00317513244227, 0.00171758770011, 0.00174387078732, 0.00354641373269, 0.0143303414807, 0.00248946226202, 0.00309199956246, 0.00420931633562, 0.00300950161181, 0.00634377636015, 0.00177147029899, 0.000898547761608, 0.00141848507337, 0.000969701097347], "mean": [0.000519039633218, 0.00469281291589, 0.00224504480138, 0.00242699799128, 0.00679191900417, 0.00821691006422, 0.00104890682269, 0.00137609301601, 0.0018965320196, 0.00021254789317, 6.12580915913e-05, 3.855590694e-05, 3.97820003855e-05, 3.76724310627e-05, 5.47405361431e-05, 4.97231812915e-05, 5.25768227817e-05, 4.62998177682e-05, 6.6796412284e-05, 5.08101766172e-05, 9.07369685592e-05, 5.98488586547e-05, 7.8056640632e-05, 3.58965698979e-05, 2.69559368462e-05, 1.93935084098e-05, 5.43601254321e-06], "median": [6.36454842606e-06, 0.00168641773053, 0.000740313786082, 0.000963903323282, 0.00407174322754, 0.00595976039767, 0.000225095704081, 0.000455335248262, 0.000939798192121, 4.92644539918e-05, 1.54172539624e-05, 1.30595362862e-05, 1.16250303108e-05, 9.95868686005e-06, 1.690681529e-05, 2.52843346971e-05, 2.92825607175e-05, 8.39350923343e-06, 7.33767501515e-06, 3.22418213727e-06, 4.22565290137e-06, 3.06042147713e-06, 2.81744860331e-06, 1.74981710188e-06, 2.68320923169e-06, 1.82616773259e-07, 1.68831526537e-08], "min": [1.38010771634e-24, 5.48517864366e-24, 2.73465200062e-24, 1.5558111988e-24, 1.66747982419e-23, 1.09278282182e-23, 1.62443326231e-23, 1.31149308784e-23, 2.26397163342e-23, 2.11409011246e-23, 2.42286462803e-23, 2.91715840259e-23, 4.94199900104e-23, 3.77632259168e-23, 3.52223617391e-23, 6.34397017487e-23, 7.2790701147e-23, 1.30517478531e-22, 1.4619187966e-22, 1.96142413339e-22, 2.61425146598e-22, 3.00546286123e-22, 4.22815056376e-22, 6.59731468474e-22, 9.24655850586e-22, 1.32801565329e-21, 2.04290326651e-21], "var": [2.63240735876e-06, 0.000160721276188, 1.47443024616e-05, 1.58240327437e-05, 6.19293787167e-05, 7.22217155271e-05, 1.085149961e-05, 1.55249963427e-05, 6.66836922392e-06, 3.57155869324e-07, 2.67797961584e-08, 5.16848164267e-09, 6.64856836252e-09, 1.40641347457e-08, 1.60806603589e-08, 6.31966834419e-09, 7.93155585654e-09, 5.62651436553e-08, 3.73391628727e-08, 1.85734556624e-08, 8.7973020868e-08, 4.00186159766e-08, 1.40522416814e-07, 1.6722662366e-08, 6.02570837671e-09, 6.06801853209e-09, 1.57798507594e-09]}, "erbbands": {"dmean": [0.109997749329, 0.620243966579, 1.08005023003, 2.56290030479, 4.15480327606, 6.06281423569, 26.2813949585, 12.0600748062, 5.81349802017, 6.23833560944, 7.85145616531, 14.4781656265, 4.1385974884, 1.74374091625, 1.74870371819, 0.935679614544, 0.87766033411, 1.04633772373, 1.47315680981, 1.26956343651, 1.23041057587, 1.25701713562, 1.84203600883, 1.46547400951, 1.51100552082, 1.23022282124, 1.65832710266, 1.21472454071, 0.858166694641, 0.864158630371, 0.88062608242, 0.367155015469, 0.213032647967, 0.147561922669, 0.0868119895458, 0.0538152344525, 0.0213705208153, 0.00558313820511, 0.000841761589982, 4.0656170313e-05], "dmean2": [0.174774304032, 1.08345854282, 1.87943673134, 4.29129219055, 7.25872182846, 9.29435253143, 36.5278663635, 18.1154632568, 8.1388053894, 8.27658176422, 11.2953910828, 19.9058151245, 5.91255092621, 2.62723302841, 2.91219711304, 1.51417183876, 1.4287186861, 1.65452241898, 2.32041668892, 2.02472639084, 2.08018708229, 2.12977385521, 3.20777249336, 2.51640796661, 2.5032813549, 2.03045368195, 2.68200397491, 1.91695690155, 1.33081912994, 1.34121584892, 1.33806979656, 0.557000339031, 0.318341851234, 0.219312682748, 0.121796756983, 0.0759907141328, 0.0320021882653, 0.0082356184721, 0.00131553469691, 6.57713389955e-05], "dvar": [0.189629077911, 7.63669109344, 19.1044178009, 26.8233070374, 148.331298828, 145.83921814, 1270.46276855, 565.504638672, 402.085174561, 959.700500488, 291.223236084, 906.119018555, 126.583175659, 19.7127666473, 39.1707344055, 4.96888208389, 6.20277118683, 20.2933158875, 16.5610027313, 13.7048749924, 13.2109584808, 37.9337120056, 362.384399414, 34.8088150024, 32.6009254456, 27.4060173035, 51.5778770447, 24.0232810974, 11.6177921295, 16.2555770874, 19.8931407928, 2.03799891472, 0.424222290516, 0.159067898989, 0.0698804035783, 0.0312941595912, 0.005520792678, 0.000750301405787, 3.37607743859e-05, 5.95394880065e-08], "dvar2": [0.435989886522, 22.1316108704, 56.4642524719, 76.2843704224, 418.238006592, 308.001068115, 2400.08154297, 1157.8013916, 643.46862793, 1641.81811523, 571.557373047, 1725.96203613, 229.428878784, 39.3979759216, 104.145431519, 13.3694219589, 16.5944519043, 47.5711326599, 35.6390113831, 31.4703102112, 37.0209655762, 109.734092712, 1055.92749023, 98.1982650757, 85.7792358398, 77.1287536621, 143.846328735, 60.7018432617, 29.6466617584, 41.6919021606, 39.6936569214, 4.76292991638, 0.902809917927, 0.308990120888, 0.139608412981, 0.0547024793923, 0.0110890520737, 0.00144308467861, 6.96327188052e-05, 1.34461217272e-07], "max": [8.58378982544, 52.3575286865, 130.851608276, 106.232849121, 270.691986084, 258.115325928, 1077.09509277, 569.110473633, 788.212890625, 1155.54968262, 475.738037109, 749.780883789, 434.376373291, 155.939437866, 134.620880127, 39.371799469, 77.2328491211, 150.673233032, 100.513259888, 109.314201355, 111.528327942, 270.320739746, 920.649108887, 206.908004761, 137.725341797, 167.397796631, 225.734619141, 144.723449707, 121.12789917, 154.030838013, 185.901016235, 55.0873336792, 22.2563400269, 10.3945331573, 8.46301746368, 5.46234846115, 2.36132144928, 1.01580238342, 0.187767446041, 0.00990301929414], "mean": [0.173177585006, 0.899030089378, 2.10569524765, 6.38041400909, 7.36840057373, 20.2350902557, 99.7800292969, 37.9524879456, 17.3589363098, 22.709072113, 24.8347625732, 54.5425643921, 15.0441207886, 3.99627375603, 3.19702625275, 1.86506783962, 1.86486077309, 2.0630300045, 3.05505657196, 2.52803230286, 2.69522094727, 2.54328227043, 2.76950621605, 2.73002481461, 3.22993993759, 2.60289263725, 3.83472752571, 2.94247221947, 2.11878657341, 2.23743796349, 2.23307466507, 0.943221926689, 0.539827227592, 0.33343192935, 0.17306086421, 0.0904472470284, 0.0317933820188, 0.00827184226364, 0.00107667478733, 7.24290803191e-05], "median": [0.0371415652335, 0.395404458046, 0.9259532094, 3.02148580551, 2.48436808586, 9.30178451538, 64.9699020386, 22.6869735718, 6.2000336647, 3.36930418015, 15.2843065262, 27.8752880096, 5.11773252487, 1.78797161579, 0.824338197708, 0.669280469418, 0.576204419136, 0.66111856699, 0.995171487331, 0.948658466339, 1.55860173702, 1.34612631798, 0.678101181984, 0.353136837482, 0.352886766195, 0.173129335046, 0.201013714075, 0.11441218853, 0.111075252295, 0.0769133791327, 0.084811553359, 0.0444508343935, 0.0345123186707, 0.0372610501945, 0.0115184010938, 0.00159089069348, 0.000280794367427, 6.45322943456e-05, 1.68744554685e-05, 2.89572635666e-05], "min": [1.55734988777e-22, 6.71174571169e-22, 3.63597860733e-21, 4.75032539007e-21, 1.92917049632e-20, 4.79533080086e-20, 7.13537047004e-20, 1.67230148012e-19, 1.65496687641e-19, 3.24962685779e-19, 3.60575137595e-19, 6.58141187897e-19, 2.94711579254e-19, 1.16798688314e-18, 8.7139527745e-19, 1.63731768557e-18, 1.60504533737e-18, 2.46423846002e-18, 2.66250641501e-18, 3.14508399797e-18, 3.00185994965e-18, 5.39461676985e-18, 7.19601224397e-18, 6.02738595022e-18, 8.12120548731e-18, 7.63228466982e-18, 9.07327713746e-18, 1.25375418029e-17, 1.02846508845e-17, 1.37560458468e-17, 1.22313766156e-17, 9.81904497977e-18, 1.01384491928e-17, 8.83388610511e-18, 6.95983398111e-18, 4.54840149063e-18, 2.58239190474e-18, 9.00163791974e-19, 2.52099783589e-19, 2.96978648669e-20], "var": [0.2804056108, 5.64699697495, 15.5340232849, 71.6441879272, 225.63973999, 839.374572754, 14162.0039062, 2502.84399414, 2469.19165039, 5293.20751953, 1257.92907715, 5177.42285156, 681.408508301, 50.8068733215, 71.861869812, 10.3122644424, 13.3827648163, 34.7369117737, 50.5179138184, 29.9212474823, 15.9905519485, 29.7398281097, 213.958190918, 48.6661567688, 102.31477356, 49.5953674316, 149.987319946, 99.7143630981, 48.3713989258, 86.9369812012, 116.916618347, 13.8531141281, 3.23865056038, 0.860369920731, 0.288150906563, 0.108843155205, 0.015424542129, 0.00204630941153, 7.00135205989e-05, 1.04562495551e-07]}, "gfcc": {"mean": [-91.4881210327, 153.253631592, -84.5150146484, 18.8799591064, -56.9503860474, -19.3564929962, -39.3974189758, 7.01235055923, -12.7454853058, -6.31315040588, -16.5448665619, -4.19878768921, 4.3406252861], "cov": [[13279.3251953, -3899.19946289, 488.397064209, 1991.30322266, -1818.17944336, 1577.17602539, -583.185119629, 207.569488525, -633.765136719, 772.403747559, -246.866363525, 228.639892578, -720.20690918], [-3899.19946289, 4602.13574219, -760.995117188, -1514.95788574, 1505.20654297, -996.797180176, 474.35748291, -144.526473999, 470.859100342, -647.459350586, 197.160110474, -282.887878418, 451.659454346], [488.397064209, -760.995117188, 753.430847168, 321.480499268, -162.931945801, 358.057434082, -78.9388961792, 34.1071624756, -78.65965271, 168.277694702, 6.00750207901, 71.8298110962, -97.6159896851], [1991.30322266, -1514.95788574, 321.480499268, 941.838684082, -534.802978516, 478.460418701, -107.648208618, 64.3872146606, -137.921066284, 242.931808472, -24.617855072, 63.1511802673, -175.679244995], [-1818.17944336, 1505.20654297, -162.931945801, -534.802978516, 765.786132812, -343.883178711, 245.512283325, -25.4993457794, 174.222595215, -193.428207397, 77.762008667, -55.8149833679, 133.72088623], [1577.17602539, -996.797180176, 358.057434082, 478.460418701, -343.883178711, 574.631713867, -78.8593597412, 63.2729454041, -105.854827881, 207.458602905, -14.6434202194, 45.4323120117, -176.628250122], [-583.185119629, 474.35748291, -78.9388961792, -107.648208618, 245.512283325, -78.8593597412, 223.006347656, 54.6165390015, 74.180809021, -74.9191207886, 25.489107132, -10.721452713, 48.2498283386], [207.569488525, -144.526473999, 34.1071624756, 64.3872146606, -25.4993457794, 63.2729454041, 54.6165390015, 164.547164917, 30.2703475952, 11.8613348007, -33.1017723083, 44.0326652527, 24.6949062347], [-633.765136719, 470.859100342, -78.65965271, -137.921066284, 174.222595215, -105.854827881, 74.180809021, 30.2703475952, 144.356201172, -35.7226676941, 43.1084251404, -21.5974712372, 88.6263275146], [772.403747559, -647.459350586, 168.277694702, 242.931808472, -193.428207397, 207.458602905, -74.9191207886, 11.8613348007, -35.7226676941, 209.744796753, 31.3530845642, 46.1076011658, -89.0207824707], [-246.866363525, 197.160110474, 6.00750207901, -24.617855072, 77.762008667, -14.6434202194, 25.489107132, -33.1017723083, 43.1084251404, 31.3530845642, 120.228797913, 12.395986557, 25.7168731689], [228.639892578, -282.887878418, 71.8298110962, 63.1511802673, -55.8149833679, 45.4323120117, -10.721452713, 44.0326652527, -21.5974712372, 46.1076011658, 12.395986557, 95.0747680664, 13.7272510529], [-720.20690918, 451.659454346, -97.6159896851, -175.679244995, 133.72088623, -176.628250122, 48.2498283386, 24.6949062347, 88.6263275146, -89.0207824707, 25.7168731689, 13.7272510529, 176.144607544]], "icov": [[0.000205036223633, -0.000306698260829, 0.000186072749784, -0.000305484427372, 0.000324207532685, -0.000247766351094, 0.000196699460503, -0.000193407598999, 0.000474319676869, -0.000569672789425, 0.00048720050836, -0.000653599388897, 0.000355109397788], [-0.000306698260829, 0.0021949193906, -3.09726237901e-05, 0.00132668332662, -0.00206982600503, 5.4092361097e-05, -0.000251630845014, 0.000284812471364, -0.0016070274869, 0.00300717144273, -0.00275713927113, 0.00375958066434, -0.0014836222399], [0.000186072749784, -3.09726237901e-05, 0.00234518386424, -0.000402534758905, -0.000711579050403, -0.00153161492199, 0.000865304493345, -0.000106479863462, 0.000846542709041, -0.000853834906593, 0.000382048950996, -0.000980808865279, -0.00031610779115], [-0.000305484427372, 0.00132668332662, -0.000402534758905, 0.00343683711253, 0.000108277701656, -0.000620828766841, -0.00130554183852, 8.10295605334e-05, -0.000835678831208, 0.00109980104025, -0.00201669917442, 0.00252408534288, -0.000730620929971], [0.000324207532685, -0.00206982600503, -0.000711579050403, 0.000108277701656, 0.00625554053113, 0.000709962565452, -0.00293553224765, 0.000750533130486, -0.000903334177565, -0.00150272762403, 0.00150828587357, -0.00389354070649, 0.00278671970591], [-0.000247766351094, 5.4092361097e-05, -0.00153161492199, -0.000620828766841, 0.000709962565452, 0.00541778001934, -0.000704821781255, -0.00158808077686, -5.8089633967e-05, -0.000934360607062, -0.00107605545782, 0.00105522049125, 0.00232154875994], [0.000196699460503, -0.000251630845014, 0.000865304493345, -0.00130554183852, -0.00293553224765, -0.000704821781255, 0.00974167138338, -0.00408151326701, -0.000153106724611, 0.00185382273048, -0.00154679408297, -0.000328400230501, 0.00131778442301], [-0.000193407598999, 0.000284812471364, -0.000106479863462, 8.10295605334e-05, 0.000750533130486, -0.00158808077686, -0.00408151326701, 0.0126820188016, -0.0060031991452, 0.000476579501992, 0.0057844822295, -0.00593592273071, -0.00144205032848], [0.000474319676869, -0.0016070274869, 0.000846542709041, -0.000835678831208, -0.000903334177565, -5.8089633967e-05, -0.000153106724611, -0.0060031991452, 0.0200621318072, -0.00722857844085, -0.00210223440081, 0.00555331725627, -0.006666473113], [-0.000569672789425, 0.00300717144273, -0.000853834906593, 0.00109980104025, -0.00150272762403, -0.000934360607062, 0.00185382273048, 0.000476579501992, -0.00722857844085, 0.017173230648, -0.00794012565166, 0.000320679420838, 0.00366329960525], [0.00048720050836, -0.00275713927113, 0.000382048950996, -0.00201669917442, 0.00150828587357, -0.00107605545782, -0.00154679408297, 0.0057844822295, -0.00210223440081, -0.00794012565166, 0.0179981384426, -0.00871518999338, -0.000252825324424], [-0.000653599388897, 0.00375958066434, -0.000980808865279, 0.00252408534288, -0.00389354070649, 0.00105522049125, -0.000328400230501, -0.00593592273071, 0.00555331725627, 0.000320679420838, -0.00871518999338, 0.0257713701576, -0.0087706008926], [0.000355109397788, -0.0014836222399, -0.00031610779115, -0.000730620929971, 0.00278671970591, 0.00232154875994, 0.00131778442301, -0.00144205032848, -0.006666473113, 0.00366329960525, -0.000252825324424, -0.0087706008926, 0.0160090159625]]}, "melbands": {"dmean": [0.000880314211827, 0.00063457491342, 0.00049430335639, 0.000278914143564, 0.000787303608377, 0.000287947768811, 8.57847917359e-05, 7.26723810658e-05, 6.33213130641e-05, 9.11106544663e-05, 1.86511679203e-05, 7.30152260076e-06, 4.8385691116e-06, 3.41171403306e-06, 1.89208014945e-06, 1.95245274881e-06, 2.13929547499e-06, 2.35902052736e-06, 1.64054301877e-06, 2.27577424994e-06, 1.42815315485e-06, 1.36140408813e-06, 1.88955050362e-06, 1.3835141317e-06, 1.25874134937e-06, 1.37338031436e-06, 8.33316619264e-07, 9.06328182282e-07, 1.06585821413e-06, 1.14047520583e-06, 6.72280123126e-07, 5.44170461581e-07, 5.0237662208e-07, 5.33205479769e-07, 6.22120410299e-07, 3.37708570441e-07, 2.09769538628e-07, 1.64694498039e-07, 1.49961039142e-07, 1.26626389374e-07], "dmean2": [0.00143505132291, 0.00111655169167, 0.000832972698845, 0.000461619521957, 0.00111227587331, 0.000420729571488, 0.000119227464893, 9.57130614552e-05, 9.12352916203e-05, 0.000124834361486, 2.71799472102e-05, 1.10050859803e-05, 8.11330937722e-06, 5.59554700885e-06, 3.03476986119e-06, 3.25046312355e-06, 3.37268670592e-06, 3.72499721379e-06, 2.59134503722e-06, 3.75433000954e-06, 2.42131955019e-06, 2.30955129155e-06, 3.23965514326e-06, 2.45145406552e-06, 2.17072192754e-06, 2.30327600548e-06, 1.39662915899e-06, 1.5214936866e-06, 1.74610522663e-06, 1.89174295429e-06, 1.07819198547e-06, 8.67820460826e-07, 7.76882473019e-07, 8.54219194935e-07, 9.59118779065e-07, 5.26701342096e-07, 3.25723732431e-07, 2.56531279774e-07, 2.28718917583e-07, 1.90468526284e-07], "dvar": [1.26855766212e-05, 7.47221747588e-06, 1.19238518437e-06, 4.94061794143e-07, 1.12922111839e-06, 2.33371352465e-07, 9.11238373646e-08, 1.479397298e-07, 1.3902300644e-08, 3.80379603371e-08, 2.9023317083e-09, 3.69561575786e-10, 2.72596667461e-10, 9.92544171852e-11, 1.78935685713e-11, 4.52202893186e-11, 1.00949325288e-10, 4.28667552843e-11, 1.86294018406e-11, 3.21659712754e-11, 1.75822793824e-11, 2.77500800117e-11, 2.35581887331e-10, 1.68502961584e-10, 1.91007435563e-11, 2.71970588411e-11, 9.47321388001e-12, 1.52518102314e-11, 2.17639413436e-11, 1.99516601157e-11, 7.84928112091e-12, 5.11582920124e-12, 3.48217548546e-12, 8.33699168729e-12, 1.08405992516e-11, 2.19200829363e-12, 6.86587505599e-13, 2.75437550372e-13, 2.10183256975e-13, 1.26838128759e-13], "dvar2": [3.159852713e-05, 2.19969660975e-05, 3.31637852469e-06, 1.27912312564e-06, 2.2329472813e-06, 4.80711491946e-07, 1.43744586012e-07, 2.49809801289e-07, 2.82206418234e-08, 7.01393290115e-08, 5.27540144901e-09, 7.35615068859e-10, 7.23606397024e-10, 2.68687933014e-10, 4.74947060847e-11, 1.26496285668e-10, 2.34112645936e-10, 9.67930527396e-11, 4.29052418593e-11, 8.15972567292e-11, 4.96234199565e-11, 7.95804949716e-11, 6.86707579689e-10, 4.88272755561e-10, 5.4049695275e-11, 7.02711777656e-11, 2.66348627181e-11, 4.34819923123e-11, 6.13730663512e-11, 5.29512093894e-11, 2.01842501046e-11, 1.35990264188e-11, 9.39037562986e-12, 2.20557200975e-11, 2.26988271929e-11, 5.34348737133e-12, 1.70024367849e-12, 6.56647642077e-13, 4.4820383841e-13, 2.73657968031e-13], "max": [0.075590968132, 0.065335854888, 0.0210754238069, 0.0133077949286, 0.0296623967588, 0.0109781417996, 0.0121439127252, 0.0145478500053, 0.00269168429077, 0.00497883791104, 0.00218065176159, 0.00068828946678, 0.000338242447469, 0.000231967773288, 8.52225566632e-05, 0.000224240066018, 0.000347816763679, 0.000143065190059, 9.18455552892e-05, 0.000139886455145, 0.000144652207382, 0.000204659168958, 0.000724529963918, 0.000622299441602, 0.000126782804728, 0.000140619376907, 7.52295381972e-05, 0.000132292800117, 0.000141167678521, 0.000140619726153, 9.50744797592e-05, 7.3960305599e-05, 5.28231357748e-05, 0.000111251843919, 0.000136171482154, 6.46767875878e-05, 2.8762180591e-05, 1.63276763487e-05, 1.34211268232e-05, 8.79165054357e-06], "mean": [0.00142822694033, 0.00117521546781, 0.00114753027447, 0.00069758889731, 0.00293216411956, 0.000961700454354, 0.000249276054092, 0.000263111491222, 0.00019659071404, 0.0003418874403, 6.29710339126e-05, 1.48328517753e-05, 8.69047198648e-06, 6.43973999104e-06, 3.83763335776e-06, 3.81472955269e-06, 3.90126615457e-06, 4.74331636724e-06, 3.17531521432e-06, 4.10967686548e-06, 3.06408787765e-06, 2.74631474895e-06, 2.88390970127e-06, 1.9333747332e-06, 2.18259333451e-06, 2.72567217507e-06, 1.67046891875e-06, 1.70850887571e-06, 2.21549180424e-06, 2.49462982538e-06, 1.47067328271e-06, 1.2015223092e-06, 1.11806878067e-06, 1.30421108224e-06, 1.43929435126e-06, 8.07543813153e-07, 4.88818386657e-07, 3.75825379706e-07, 3.45015109815e-07, 2.57116568037e-07], "median": [0.000432726868894, 0.000601964129601, 0.000503557501361, 0.000202355891815, 0.00193373917136, 0.000636139360722, 7.53309723223e-05, 3.80316487281e-05, 0.000134504080052, 0.000157980102813, 1.74219112523e-05, 5.53634890821e-06, 2.26403676606e-06, 2.00139265871e-06, 1.28529188714e-06, 1.20763615996e-06, 1.00038596429e-06, 1.48008155065e-06, 1.08817550881e-06, 1.72943759935e-06, 1.65284336617e-06, 1.54840074629e-06, 7.36109086574e-07, 3.59841067166e-07, 2.51899024306e-07, 2.95531918937e-07, 1.58694135166e-07, 9.99885969577e-08, 1.11965313465e-07, 1.22266783364e-07, 4.51112853739e-08, 5.46075717978e-08, 6.61664145696e-08, 2.98546751765e-08, 5.1814694757e-08, 3.56143807778e-08, 2.51586147471e-08, 2.16751363524e-08, 3.51300357693e-08, 2.6534815234e-08], "min": [2.17971024469e-24, 1.33931029551e-24, 1.1926592783e-24, 3.44098129186e-24, 3.18892484985e-24, 3.77354730013e-24, 2.67997190976e-24, 3.14472950928e-24, 1.94050158581e-24, 3.97447056712e-24, 1.20027444844e-24, 4.29479069313e-24, 3.36785270265e-24, 1.55981249853e-24, 2.63412646939e-24, 5.20786958079e-24, 3.70878063652e-24, 3.19684363284e-24, 2.63524270757e-24, 4.02159553988e-24, 2.76062445706e-24, 4.47678287612e-24, 5.89328005576e-24, 4.89537968813e-24, 3.50560241063e-24, 5.13797256028e-24, 5.27632416913e-24, 4.24454183119e-24, 4.79647861872e-24, 5.88560010042e-24, 6.14314859205e-24, 5.29296361221e-24, 5.87681100664e-24, 6.74955070306e-24, 7.50143375334e-24, 5.23618534855e-24, 5.96257359768e-24, 6.82770709724e-24, 6.62089537802e-24, 6.75216972126e-24], "var": [1.58600141731e-05, 5.55210226594e-06, 2.66754886979e-06, 1.51107451529e-06, 1.09945194708e-05, 1.14865042633e-06, 5.75273134018e-07, 8.11483630514e-07, 5.68121798494e-08, 2.37711276441e-07, 1.52195998027e-08, 9.30359345119e-10, 5.14272679997e-10, 1.89637597292e-10, 4.21009997698e-11, 7.10178166274e-11, 1.694481222e-10, 1.17488213602e-10, 4.4602741639e-11, 5.54967738431e-11, 2.13490770201e-11, 2.60944998248e-11, 1.45761236414e-10, 1.01656780216e-10, 2.84243444754e-11, 8.31031632398e-11, 2.05817515808e-11, 2.29639484511e-11, 4.9914229e-11, 7.43357458921e-11, 2.54464886662e-11, 1.66529203621e-11, 1.33076379777e-11, 3.7456333174e-11, 5.34854244227e-11, 1.20723613398e-11, 3.49164772616e-12, 1.58620057193e-12, 1.1861584848e-12, 5.07825498233e-13]}, "mfcc": {"mean": [-737.744689941, 173.417129517, 29.921043396, 30.7507038116, 6.74333143234, -15.5006961823, -16.6694335938, -2.12964773178, 4.28523206711, 0.995846033096, -6.00758075714, -5.87923955917, -4.66852855682], "cov": [[7279.31152344, -3014.11816406, 675.301818848, 726.374633789, -537.733032227, 809.522399902, 347.677764893, -193.066314697, -256.33895874, 126.874267578, 319.587768555, 126.485313416, -109.261428833], [-3014.11816406, 3774.03442383, -693.878356934, -582.628845215, 550.16998291, -393.218933105, -69.1518554688, 220.05607605, 205.571624756, -78.2202072144, -170.266662598, 9.72243785858, 143.893844604], [675.301818848, -693.878356934, 620.099609375, 145.4271698, -23.8367938995, 195.607910156, 60.5323562622, -41.3848686218, -28.2570228577, 16.935962677, 82.138092041, 15.1046667099, -0.223842859268], [726.374633789, -582.628845215, 145.4271698, 369.421386719, -57.1553344727, 113.389038086, 67.8829650879, -5.99719381332, -18.0145740509, 52.6881332397, 48.4584732056, 24.0165729523, -21.6743774414], [-537.733032227, 550.16998291, -23.8367938995, -57.1553344727, 231.316192627, -3.68482160568, 7.57244443893, 49.9478034973, 47.5352668762, -2.14504623413, -2.86910653114, 27.713060379, 43.1545639038], [809.522399902, -393.218933105, 195.607910156, 113.389038086, -3.68482160568, 277.857025146, 124.272155762, -36.1991577148, -53.1882400513, 38.1049766541, 96.1228179932, 53.4264907837, 7.64779615402], [347.677764893, -69.1518554688, 60.5323562622, 67.8829650879, 7.57244443893, 124.272155762, 159.502639771, 49.3089027405, -1.80741465092, 17.1621685028, 52.1755256653, 49.8580703735, 13.5972957611], [-193.066314697, 220.05607605, -41.3848686218, -5.99719381332, 49.9478034973, -36.1991577148, 49.3089027405, 167.106155396, 97.7474060059, 6.41779184341, -24.2211513519, 13.7351636887, 13.7679643631], [-256.33895874, 205.571624756, -28.2570228577, -18.0145740509, 47.5352668762, -53.1882400513, -1.80741465092, 97.7474060059, 136.213806152, 38.4319190979, -26.1158161163, -10.216252327, 15.8806753159], [126.874267578, -78.2202072144, 16.935962677, 52.6881332397, -2.14504623413, 38.1049766541, 17.1621685028, 6.41779184341, 38.4319190979, 88.7958679199, 38.9383506775, 6.08369922638, 6.17186403275], [319.587768555, -170.266662598, 82.138092041, 48.4584732056, -2.86910653114, 96.1228179932, 52.1755256653, -24.2211513519, -26.1158161163, 38.9383506775, 103.83605957, 59.2086029053, 14.0946788788], [126.485313416, 9.72243785858, 15.1046667099, 24.0165729523, 27.713060379, 53.4264907837, 49.8580703735, 13.7351636887, -10.216252327, 6.08369922638, 59.2086029053, 96.2409210205, 44.3032188416], [-109.261428833, 143.893844604, -0.223842859268, -21.6743774414, 43.1545639038, 7.64779615402, 13.5972957611, 13.7679643631, 15.8806753159, 6.17186403275, 14.0946788788, 44.3032188416, 73.3668289185]], "icov": [[0.00029822671786, 7.32799453544e-05, 5.12517435709e-05, -0.000200284150196, 0.00047243773588, -0.000702172634192, 3.46982415067e-05, -3.78342774638e-05, -6.52965318295e-05, 0.000140374264447, -0.000130804255605, -0.000112746616651, 0.000132909830427], [7.32799453544e-05, 0.000757228408474, 0.000469280290417, 0.000564806628972, -0.00132273323834, 0.000453968212241, -0.000618172751274, 2.75587754004e-05, -0.000131508990307, 3.0268674891e-05, 0.000176185218152, 0.000147361657582, -0.00046452897368], [5.12517435709e-05, 0.000469280290417, 0.00273414584808, -0.000407647865359, -0.000645637570415, -0.00150600785855, 0.000337457517162, 0.000155225468916, -0.00129224278498, 0.00209593563341, -0.00222909916192, 0.00204295944422, -0.00121310120448], [-0.000200284150196, 0.000564806628972, -0.000407647865359, 0.00449124677107, -0.000877244689036, 0.000570288451854, -0.00127529539168, -0.000242744281422, 0.000917483936064, -0.00307102617808, 0.00204082299024, -0.00184653513134, 0.00144074542914], [0.00047243773588, -0.00132273323834, -0.000645637570415, -0.000877244689036, 0.0090296221897, -0.0033141260501, 0.00198857649229, -0.000977201154456, -0.0015122134937, 0.00121611682698, -0.000632504292298, -0.00118091958575, -0.00105458998587], [-0.000702172634192, 0.000453968212241, -0.00150600785855, 0.000570288451854, -0.0033141260501, 0.0118347611278, -0.00691042095423, 0.00239728135057, 0.00230836914852, -0.00298458058387, -0.00147394184023, 3.01387390209e-05, -0.000209242192796], [3.46982415067e-05, -0.000618172751274, 0.000337457517162, -0.00127529539168, 0.00198857649229, -0.00691042095423, 0.0150030339137, -0.00696077663451, 0.00173348526005, 0.00127240619622, -0.00274211051874, -0.00136648060288, -0.000165582387126], [-3.78342774638e-05, 2.75587754004e-05, 0.000155225468916, -0.000242744281422, -0.000977201154456, 0.00239728135057, -0.00696077663451, 0.0156976208091, -0.0109352590516, 0.00275669200346, 0.00327522819862, -0.00408229557797, 0.00245853886008], [-6.52965318295e-05, -0.000131508990307, -0.00129224278498, 0.000917483936064, -0.0015122134937, 0.00230836914852, 0.00173348526005, -0.0109352590516, 0.0211103409529, -0.0118316458538, 0.00428058067337, 0.00135233032051, -0.00240562483668], [0.000140374264447, 3.0268674891e-05, 0.00209593563341, -0.00307102617808, 0.00121611682698, -0.00298458058387, 0.00127240619622, 0.00275669200346, -0.0118316458538, 0.0242975894362, -0.0139086348936, 0.00786584988236, -0.00346933165565], [-0.000130804255605, 0.000176185218152, -0.00222909916192, 0.00204082299024, -0.000632504292298, -0.00147394184023, -0.00274211051874, 0.00327522819862, 0.00428058067337, -0.0139086348936, 0.0304691679776, -0.0181426592171, 0.00582060636953], [-0.000112746616651, 0.000147361657582, 0.00204295944422, -0.00184653513134, -0.00118091958575, 3.01387390209e-05, -0.00136648060288, -0.00408229557797, 0.00135233032051, 0.00786584988236, -0.0181426592171, 0.0299045443535, -0.0148125123233], [0.000132909830427, -0.00046452897368, -0.00121310120448, 0.00144074542914, -0.00105458998587, -0.000209242192796, -0.000165582387126, 0.00245853886008, -0.00240562483668, -0.00346933165565, 0.00582060636953, -0.0148125123233, 0.0240115467459]]}, "spectral_contrast_coeffs": {"dmean": [0.0421778075397, 0.0402082689106, 0.0327452793717, 0.024770565331, 0.0169005580246, 0.0187399815768], "dmean2": [0.069564960897, 0.0641955658793, 0.052157998085, 0.0406727269292, 0.0279450304806, 0.0316483750939], "dvar": [0.00150705187116, 0.00130335683934, 0.000912674237043, 0.000445181678515, 0.00022941660427, 0.000406792183639], "dvar2": [0.0037026500795, 0.00313545018435, 0.00204282766208, 0.0010691335192, 0.000547379022464, 0.00112794549204], "max": [-0.258527487516, -0.338948130608, -0.443168103695, -0.598683834076, -0.632867991924, -0.644081830978], "mean": [-0.584679722786, -0.598549485207, -0.676291704178, -0.791082441807, -0.800628602505, -0.79441088438], "median": [-0.589748382568, -0.593346834183, -0.676465570927, -0.797221958637, -0.807821273804, -0.79704874754], "min": [-0.9789275527, -0.970910191536, -0.973375201225, -0.969621419907, -0.965014219284, -0.963011026382], "var": [0.00844304356724, 0.00826683826745, 0.007404464297, 0.00272910483181, 0.00191706989426, 0.00198828103021]}, "spectral_contrast_valleys": {"dmean": [0.361515402794, 0.329449206591, 0.310602933168, 0.275614112616, 0.221346214414, 0.374469786882], "dmean2": [0.59997355938, 0.541978657246, 0.508601725101, 0.443542480469, 0.341360896826, 0.550277531147], "dvar": [0.159555390477, 0.123525507748, 0.114765271544, 0.107518061996, 0.112597696483, 0.27551779151], "dvar2": [0.325458288193, 0.25957942009, 0.239276111126, 0.211843088269, 0.201376974583, 0.589450061321],