{"lowlevel": {"average_loudness": 0.632334291935, "barkbands_crest": {"dmean": 2.1316049099, "dmean2": 3.30294537544, "dvar": 5.43580341339, "dvar2": 12.0722236633, "max": 26.4170589447, "mean": 13.2308092117, "median": 12.0001430511, "min": 3.56275105476, "var": 30.9447536469}, "barkbands_flatness_db": {"dmean": 0.0180826094002, "dmean2": 0.0270516816527, "dvar": 0.000427319522714, "dvar2": 0.000994857982732, "max": 0.506972908974, "mean": 0.264677792788, "median": 0.240507185459, "min": 0.0296939834952, "var": 0.0074950447306}, "barkbands_kurtosis": {"dmean": 2.82382655144, "dmean2": 4.19564580917, "dvar": 23.786945343, "dvar2": 46.2425308228, "max": 142.851623535, "mean": 7.65746641159, "median": 4.34375095367, "min": -1.57319784164, "var": 115.755325317}, "barkbands_skewness": {"dmean": 0.442896217108, "dmean2": 0.68309789896, "dvar": 0.251717686653, "dvar2": 0.579751133919, "max": 6.78274011612, "mean": 1.54247415066, "median": 1.40607333183, "min": -2.9628238678, "var": 1.23040986061}, "barkbands_spread": {"dmean": 1.47257947922, "dmean2": 2.28300976753, "dvar": 4.39668369293, "dvar2": 10.0928230286, "max": 96.3527297974, "mean": 6.91025209427, "median": 6.01859378815, "min": 0.238736823201, "var": 42.2278900146}, "dissonance": {"dmean": 0.0349619463086, "dmean2": 0.0592380911112, "dvar": 0.00110264145769, "dvar2": 0.00309243262745, "max": 0.499759197235, "mean": 0.40633687377, "median": 0.418410867453, "min": 0.172521993518, "var": 0.00395825458691}, "dynamic_complexity": 4.71927070618, "erbbands_crest": {"dmean": 2.6870405674, "dmean2": 4.0822429657, "dvar": 8.54181289673, "dvar2": 17.4013080597, "max": 34.2916030884, "mean": 15.4354324341, "median": 13.9720983505, "min": 3.21899914742, "var": 53.296836853}, "erbbands_flatness_db": {"dmean": 0.0152749596164, "dmean2": 0.0225299708545, "dvar": 0.000301112333545, "dvar2": 0.000676541763823, "max": 0.552865743637, "mean": 0.314382821321, "median": 0.292125761509, "min": 0.057206261903, "var": 0.00716075766832}, "erbbands_kurtosis": {"dmean": 1.93417453766, "dmean2": 2.85340380669, "dvar": 14.3293409348, "dvar2": 27.2190818787, "max": 109.112182617, "mean": 4.12725353241, "median": 1.68838191032, "min": -1.36464238167, "var": 68.1015090942}, "erbbands_skewness": {"dmean": 0.362051844597, "dmean2": 0.530699312687, "dvar": 0.154137164354, "dvar2": 0.308479368687, "max": 7.55123472214, "mean": 1.29082095623, "median": 1.14045786858, "min": -1.17306149006, "var": 0.937859773636}, "erbbands_spread": {"dmean": 2.64281272888, "dmean2": 4.04077672958, "dvar": 9.36333847046, "dvar2": 21.3888835907, "max": 63.7050666809, "mean": 13.8677167892, "median": 12.5447387695, "min": 0.42834058404, "var": 66.6700592041}, "hfc": {"dmean": 3.28747320175, "dmean2": 4.61035346985, "dvar": 48.1619873047, "dvar2": 97.6976318359, "max": 88.4096374512, "mean": 11.3626308441, "median": 7.63775110245, "min": 1.16277374277e-16, "var": 153.878631592}, "melbands_crest": {"dmean": 2.69778490067, "dmean2": 4.20351219177, "dvar": 8.84868049622, "dvar2": 19.9178352356, "max": 34.7180099487, "mean": 17.0749645233, "median": 15.8870506287, "min": 2.09334731102, "var": 45.1807136536}, "melbands_flatness_db": {"dmean": 0.0200609527528, "dmean2": 0.0292452964932, "dvar": 0.000661892350763, "dvar2": 0.00145216297824, "max": 0.61649954319, "mean": 0.338855117559, "median": 0.321540772915, "min": 0.00727735413238, "var": 0.00774679146707}, "melbands_kurtosis": {"dmean": 3.24977898598, "dmean2": 4.87349128723, "dvar": 22.5608787537, "dvar2": 46.8474082947, "max": 113.426048279, "mean": 9.07589435577, "median": 6.23250102997, "min": -1.15283918381, "var": 99.9403686523}, "melbands_skewness": {"dmean": 0.476999253035, "dmean2": 0.720609486103, "dvar": 0.265348434448, "dvar2": 0.576475679874, "max": 7.18816804886, "mean": 1.64298546314, "median": 1.62418079376, "min": -3.90939950943, "var": 1.33466601372}, "melbands_spread": {"dmean": 1.89208459854, "dmean2": 2.88546204567, "dvar": 9.00584125519, "dvar2": 15.7375297546, "max": 109.224891663, "mean": 8.71612930298, "median": 7.88350009918, "min": 0.503684639931, "var": 34.293598175}, "pitch_salience": {"dmean": 0.0598870292306, "dmean2": 0.0937086120248, "dvar": 0.00445186672732, "dvar2": 0.0100233694538, "max": 0.82995223999, "mean": 0.503572523594, "median": 0.519469022751, "min": 0.0770573243499, "var": 0.0188197046518}, "silence_rate_20dB": {"dmean": 0, "dmean2": 0, "dvar": 0, "dvar2": 0, "max": 1, "mean": 1, "median": 1, "min": 1, "var": 0}, "silence_rate_30dB": {"dmean": 0.00550964195281, "dmean2": 0.0110226580873, "dvar": 0.00547933578491, "dvar2": 0.0133508779109, "max": 1, "mean": 0.992044091225, "median": 1, "min": 0, "var": 0.00789253506809}, "silence_rate_60dB": {"dmean": 0.0330578498542, "dmean2": 0.0661359429359, "dvar": 0.0319635011256, "dvar2": 0.0672768503428, "max": 1, "mean": 0.1331089288, "median": 0, "min": 0, "var": 0.115388803184}, "spectral_centroid": {"dmean": 74.9925613403, "dmean2": 110.232780457, "dvar": 43052.6289062, "dvar2": 51219.9921875, "max": 11371.2119141, "mean": 684.593383789, "median": 640.090820312, "min": 309.479980469, "var": 81612.265625}, "spectral_complexity": {"dmean": 1.79981637001, "dmean2": 2.73790574074, "dvar": 4.07131671906, "dvar2": 7.88721513748, "max": 41, "mean": 11.5795593262, "median": 11, "min": 0, "var": 47.3595237732}, "spectral_decrease": {"dmean": 1.36798594674e-09, "dmean2": 1.97158400717e-09, "dvar": 6.41636887404e-18, "dvar2": 1.32747408812e-17, "max": -6.8719654032e-29, "mean": -5.35670707791e-09, "median": -3.5318512559e-09, "min": -4.49290418203e-08, "var": 3.0277176156e-17}, "spectral_energy": {"dmean": 0.00544432969764, "dmean2": 0.00783676840365, "dvar": 0.00010301668226, "dvar2": 0.000212714177906, "max": 0.17759129405, "mean": 0.0212480928749, "median": 0.0140075460076, "min": 1.08060726493e-20, "var": 0.000473859632621}, "spectral_energyband_high": {"dmean": 1.80406786967e-05, "dmean2": 2.56077873928e-05, "dvar": 7.93992249726e-09, "dvar2": 1.75634280453e-08, "max": 0.00193778879475, "mean": 3.14497556246e-05, "median": 7.11772099748e-06, "min": 7.8082586339e-21, "var": 1.08210658212e-08}, "spectral_energyband_low": {"dmean": 0.000974685244728, "dmean2": 0.00157231814228, "dvar": 8.60056661622e-06, "dvar2": 2.19171506615e-05, "max": 0.109578564763, "mean": 0.00407245615497, "median": 0.000214932108065, "min": 2.74312811383e-23, "var": 8.14230443211e-05}, "spectral_energyband_middle_high": {"dmean": 0.00139462260995, "dmean2": 0.00194957107306, "dvar": 1.83703450602e-05, "dvar2": 3.79973826057e-05, "max": 0.0881759747863, "mean": 0.00373653764836, "median": 0.00169523537625, "min": 1.78129003023e-21, "var": 4.56528032373e-05}, "spectral_energyband_middle_low": {"dmean": 0.00440881540999, "dmean2": 0.00645877653733, "dvar": 7.41431795177e-05, "dvar2": 0.000160746465554, "max": 0.144293412566, "mean": 0.0146393161267, "median": 0.0100852288306, "min": 3.66054330678e-22, "var": 0.000233347891481}, "spectral_entropy": {"dmean": 0.172159954906, "dmean2": 0.255204051733, "dvar": 0.0565261989832, "dvar2": 0.130598038435, "max": 9.80693531036, "mean": 6.34647941589, "median": 6.60298585892, "min": 4.31882143021, "var": 0.550400674343}, "spectral_flux": {"dmean": 0.0188194643706, "dmean2": 0.0305921230465, "dvar": 0.000883840373717, "dvar2": 0.00215760967694, "max": 0.325830757618, "mean": 0.0471349470317, "median": 0.0397292226553, "min": 1.03952263464e-10, "var": 0.00146464630961}, "spectral_kurtosis": {"dmean": 12.1754007339, "dmean2": 21.1567077637, "dvar": 262.381591797, "dvar2": 692.752624512, "max": 177.737808228, "mean": 29.8673820496, "median": 16.4676055908, "min": -1.16431224346, "var": 1003.97271729}, "spectral_rms": {"dmean": 0.000532090372872, "dmean2": 0.00074302230496, "dvar": 6.13140286987e-07, "dvar2": 1.15858415484e-06, "max": 0.0131628187373, "mean": 0.00400160672143, "median": 0.00369674153626, "min": 3.24692312967e-12, "var": 4.71700604976e-06}, "spectral_rolloff": {"dmean": 104.66002655, "dmean2": 172.297897339, "dvar": 148870.53125, "dvar2": 179877.375, "max": 19293.75, "mean": 785.605712891, "median": 689.0625, "min": 258.3984375, "var": 1184367.875}, "spectral_skewness": {"dmean": 0.836580872536, "dmean2": 1.44291329384, "dvar": 0.897865355015, "dvar2": 2.47427892685, "max": 10.2860565186, "mean": 3.36293292046, "median": 2.65329742432, "min": -0.0238056108356, "var": 3.57206439972}, "spectral_spread": {"dmean": 260795.703125, "dmean2": 432056.875, "dvar": 490668654592, "dvar2": 588032507904, "max": 39674544, "mean": 1879706.375, "median": 1892109, "min": 414827.96875, "var": 938397073408}, "spectral_strongpeak": {"dmean": 0.449895858765, "dmean2": 0.666694462299, "dvar": 0.520762979984, "dvar2": 1.01079964638, "max": 8.42922210693, "mean": 1.49647426605, "median": 1.00034320354, "min": 0, "var": 1.85889446735}, "zerocrossingrate": {"dmean": 0.00320005812682, "dmean2": 0.00387500366196, "dvar": 9.33112532948e-05, "dvar2": 0.000102545993286, "max": 0.51171875, "mean": 0.031455591321, "median": 0.02880859375, "min": 0.00830078125, "var": 0.000484511809191}, "barkbands": {"dmean": [8.74951729202e-05, 0.000370864989236, 0.000611265015323, 0.000423061661422, 0.000577953178436, 0.000936627213378, 0.00123875157442, 0.00173094752245, 0.000722136872355, 0.00137915764935, 0.000317253055982, 0.000135504596983, 0.000101445053588, 7.35964858904e-05, 0.000154657653184, 8.40267384774e-05, 7.5963762356e-05, 3.92565380025e-05, 2.80221265712e-05, 2.03926920221e-05, 5.16073896506e-06, 2.25067037718e-06, 8.44030182634e-07, 3.48397605876e-07, 1.40075528066e-07, 4.83306266119e-08, 6.2407372603e-09], "dmean2": [0.000156040143338, 0.000625163957011, 0.000938722572755, 0.000731738866307, 0.000893513206393, 0.0013554203324, 0.00180469464976, 0.00245475280099, 0.00112307118252, 0.00200410746038, 0.000472527812235, 0.000219970781473, 0.000154182038386, 0.000117923198559, 0.000251877732808, 0.000132960194605, 0.000124407670228, 6.30669674138e-05, 4.4184827857e-05, 2.92027143587e-05, 7.67849178374e-06, 3.29852787218e-06, 1.17978470371e-06, 4.89433034545e-07, 1.80512898851e-07, 6.48178328788e-08, 9.16541331719e-09], "dvar": [2.85027201841e-08, 2.15460704567e-06, 3.29523641085e-06, 2.41722773353e-06, 1.01831312804e-06, 2.83295480585e-06, 1.62859923876e-05, 2.34342332988e-05, 7.72535167926e-06, 2.91579854093e-05, 6.50069125641e-07, 1.34988425771e-07, 7.34261504931e-08, 2.35282371364e-08, 1.26051020288e-07, 3.08806349381e-08, 2.70509481481e-08, 8.06826960797e-09, 5.35198951823e-09, 5.96367222272e-09, 4.42602343664e-10, 7.26268559181e-11, 1.06156021473e-11, 1.66770449447e-12, 2.35969718158e-13, 4.81298587953e-14, 8.08429050106e-16], "dvar2": [8.52661585782e-08, 6.59859688312e-06, 7.85993324826e-06, 7.29208295525e-06, 2.41911106968e-06, 6.62019238007e-06, 3.56527598342e-05, 4.84843621962e-05, 1.55195357365e-05, 6.51875234325e-05, 1.1995642808e-06, 3.23427485682e-07, 1.60531399729e-07, 6.02842789021e-08, 3.37993270705e-07, 6.93758082093e-08, 7.18979009662e-08, 2.11644977099e-08, 1.30120758612e-08, 1.30813297972e-08, 9.52693590683e-10, 1.64128530211e-10, 2.27716855788e-11, 3.79761326552e-12, 4.12557547803e-13, 1.02626505113e-13, 1.73641595368e-15], "max": [0.00197179196402, 0.0537544488907, 0.0535945557058, 0.0397557616234, 0.017692476511, 0.0307909958065, 0.119561485946, 0.0974382832646, 0.0515797920525, 0.0838172361255, 0.0254996586591, 0.00718944333494, 0.00671516591683, 0.00268671754748, 0.0074780122377, 0.00294925528578, 0.00274027138948, 0.00221843319014, 0.00178933120333, 0.00141078478191, 0.000431144842878, 0.000137638708111, 8.55246325955e-05, 2.92710719805e-05, 1.13697487905e-05, 4.99342013427e-06, 9.61124555943e-07], "mean": [8.10044002719e-05, 0.00137984962203, 0.0021470093634, 0.0010752917733, 0.00158076663502, 0.00237282388844, 0.00263777538203, 0.00383639149368, 0.00159429945052, 0.00268178246915, 0.00065639661625, 0.000218932982534, 0.000179540060344, 0.000122436351376, 0.000242875044933, 0.00014235607523, 0.000128860454424, 7.07015424268e-05, 5.0884373195e-05, 3.32367053488e-05, 8.70390431373e-06, 3.72012664229e-06, 1.48941796851e-06, 6.26477230981e-07, 2.80201732039e-07, 8.41620959591e-08, 1.13944711444e-08], "median": [2.36141131609e-05, 3.32071758748e-05, 6.3786006649e-05, 0.000112190900836, 0.000668121967465, 0.00115226744674, 0.000904183252715, 0.00113862589933, 0.000256618688582, 0.000446360500064, 0.000278154213447, 7.1108181146e-05, 5.95843084739e-05, 5.72649696551e-05, 8.43689485919e-05, 5.24502902408e-05, 4.54372639069e-05, 2.00131253223e-05, 1.93381856661e-05, 9.70285691437e-06, 2.01409193323e-06, 7.04799390405e-07, 2.36588405755e-07, 9.90978890059e-08, 3.96312316298e-08, 1.44098457611e-08, 5.10097830642e-09], "min": [4.09379366764e-24, 1.53901556127e-23, 4.43738952909e-24, 6.13544260429e-24, 2.72885982887e-23, 4.26324950978e-23, 6.34231672241e-23, 4.48497969312e-23, 1.13480998608e-22, 1.1579306788e-22, 1.32472616642e-22, 9.13803030418e-23, 1.53386404712e-22, 1.85700318335e-22, 8.87668762826e-23, 1.75801666453e-22, 1.37631072765e-22, 1.12672069081e-22, 4.23060575133e-22, 4.43312111317e-22, 5.5235929512e-22, 5.83214636483e-22, 7.09807298508e-22, 6.80091501432e-22, 9.99678466426e-22, 1.69413516281e-21, 2.59262334859e-21], "var": [2.55996308596e-08, 1.55729976541e-05, 2.45166102104e-05, 5.54186635782e-06, 5.06839296577e-06, 9.46212185227e-06, 4.16979346483e-05, 6.27396075288e-05, 2.62581252173e-05, 5.81663589401e-05, 1.78530433459e-06, 2.44699492669e-07, 1.5947132681e-07, 4.14113721092e-08, 2.18642995264e-07, 6.52324558814e-08, 5.36625570646e-08, 1.86675972458e-08, 9.97435822825e-09, 8.60403570613e-09, 6.94472257479e-10, 1.16006884654e-10, 2.31770991288e-11, 3.1599028949e-12, 7.24980893461e-13, 8.96240885868e-14, 1.4514341538e-15]}, "erbbands": {"dmean": [0.00341809960082, 0.109558582306, 0.611867845058, 1.00245535374, 1.34622991085, 2.13836503029, 5.1127614975, 8.66303443909, 16.7836380005, 27.5844364166, 29.8323001862, 19.1781406403, 38.5104293823, 27.167974472, 12.572385788, 6.44753217697, 4.72837781906, 4.20873880386, 7.4444475174, 5.61483573914, 3.8601732254, 2.97071170807, 2.38009405136, 1.58116269112, 1.39067029953, 0.947732031345, 0.315970122814, 0.139681905508, 0.0895160213113, 0.0479875504971, 0.0196336526424, 0.00989398080856, 0.00473593734205, 0.00204028119333, 0.000849061878398, 0.000296955258818, 7.21737305867e-05, 1.23394856928e-05, 3.2347738852e-06, 6.20447372057e-06], "dmean2": [0.0057440623641, 0.183033689857, 0.953731298447, 1.70887482166, 2.21175336838, 3.26694417, 7.05489873886, 13.145731926, 24.8165035248, 40.3177108765, 42.0985565186, 27.1766872406, 57.6510124207, 39.0742874146, 18.4758777618, 10.3375835419, 7.13459682465, 6.67680692673, 12.1308917999, 8.79587745667, 6.01966714859, 4.76608181, 3.87053465843, 2.48224210739, 2.11020827293, 1.36845457554, 0.470977813005, 0.197508364916, 0.133076369762, 0.069237023592, 0.0279102288187, 0.0144386328757, 0.00656724115834, 0.00262913457118, 0.00114399474114, 0.00040351584903, 9.46416475927e-05, 1.58954080689e-05, 4.50413699582e-06, 8.90703358891e-06], "dvar": [0.000138180825161, 0.175716966391, 3.38817858696, 12.621052742, 11.0403356552, 15.568570137, 108.839324951, 280.459503174, 3539.76806641, 5668.76513672, 11422.296875, 5043.78857422, 30165.3046875, 17505.8261719, 953.484985352, 319.730682373, 159.901657104, 68.9214477539, 379.099090576, 192.613265991, 60.6821289062, 34.1328048706, 29.4186534882, 11.7549257278, 15.0770874023, 20.1852035522, 1.24657917023, 0.336160600185, 0.120855264366, 0.0407068580389, 0.00457537546754, 0.0013846734073, 0.000289097457426, 4.65020821139e-05, 1.20159784274e-05, 1.56570229137e-06, 1.27728696953e-07, 3.90449717003e-09, 5.31794122627e-11, 1.36073013968e-10], "dvar2": [0.000430962565588, 0.518731236458, 7.77354288101, 36.6397972107, 30.8018798828, 36.895072937, 176.701873779, 684.751586914, 8210.8515625, 11904.5576172, 23652.8164062, 8781.84667969, 70542.40625, 37743.1757812, 1811.11791992, 759.766540527, 338.869689941, 176.928146362, 1061.27893066, 416.947875977, 141.832321167, 84.7140426636, 76.9524002075, 29.3253517151, 34.6549110413, 45.9497146606, 2.77938294411, 0.7068759799, 0.279898732901, 0.0898308753967, 0.0100670456886, 0.00320772104897, 0.000600432278588, 7.76685265009e-05, 2.44140028371e-05, 3.36278139912e-06, 2.64253088744e-07, 8.41139868868e-09, 9.48768494324e-11, 2.79229694922e-10], "max": [0.422125011683, 16.2782440186, 70.7086410522, 95.1501464844, 92.6251220703, 69.627281189, 283.736480713, 277.411621094, 1858.40075684, 1342.44091797, 2819.3684082, 1522.04394531, 3104.25732422, 3187.21630859, 884.254943848, 357.102172852, 313.595214844, 149.199050903, 454.924255371, 406.425201416, 150.759109497, 82.7630081177, 142.569473267, 58.715965271, 92.0436172485, 96.2301025391, 21.6395130157, 11.9264993668, 6.57859659195, 4.10894727707, 1.4601982832, 0.852808892727, 0.450153499842, 0.171052232385, 0.10449808836, 0.0318213663995, 0.0101120043546, 0.00205025286414, 0.000184622214874, 0.000201001632377], "mean": [0.010935742408, 0.423614114523, 2.29406023026, 3.10581064224, 3.71224188805, 5.20580434799, 13.1467828751, 20.2252578735, 35.4706916809, 62.202457428, 69.6041564941, 49.1558151245, 76.5932159424, 51.3521652222, 27.6858558655, 11.5210409164, 9.04690361023, 7.52337121964, 11.7396345139, 10.3752841949, 7.30135536194, 5.46723651886, 4.40255641937, 3.1133108139, 2.41365242004, 1.52708292007, 0.572641074657, 0.24584107101, 0.150365144014, 0.0768594443798, 0.0355314724147, 0.0172027051449, 0.00885975547135, 0.00409615039825, 0.00163023825735, 0.000527349300683, 0.000132675515488, 2.31853719015e-05, 1.19422948046e-05, 2.42575897573e-05], "median": [0.00118449446745, 0.0096323788166, 0.069587662816, 0.29191172123, 0.909836292267, 2.12679576874, 5.84020137787, 9.39766311646, 15.3133087158, 22.4431228638, 16.2642803192, 9.89814376831, 14.2731132507, 11.1412591934, 13.2577590942, 4.57507753372, 3.26108717918, 4.03147745132, 4.03647327423, 3.98132419586, 2.98419952393, 2.0860824585, 1.45859360695, 1.22666835785, 0.726011753082, 0.419942140579, 0.169857680798, 0.056152716279, 0.027743011713, 0.0135412402451, 0.00615581963211, 0.00292283389717, 0.00129125569947, 0.000577715109102, 0.000236802501604, 9.15846248972e-05, 2.88697992801e-05, 5.65169739275e-06, 7.58923260946e-06, 1.61054049386e-05], "min": [6.46081120344e-22, 2.46817487361e-21, 7.17370528311e-21, 1.37508146274e-20, 5.42539815085e-20, 9.4771394637e-20, 1.19996480674e-19, 5.53980330417e-19, 7.41714709002e-19, 9.86589276735e-19, 1.17437395824e-18, 2.92075633816e-18, 4.62686701636e-18, 3.08251295451e-18, 4.74392878947e-18, 3.92318943234e-18, 6.42226129513e-18, 9.82925652443e-18, 6.35283064965e-18, 5.88076405074e-18, 1.01979036265e-17, 7.77271760396e-18, 6.77736331466e-18, 1.57437352162e-17, 2.18716662106e-17, 2.13960323953e-17, 2.04255129631e-17, 2.28523963603e-17, 2.21528282095e-17, 2.38614524828e-17, 1.82692880255e-17, 1.26691619548e-17, 1.24372899942e-17, 9.57762156465e-18, 7.98335335668e-18, 6.3111866553e-18, 2.96209448247e-18, 1.27501702337e-18, 4.02166218234e-19, 3.68837993368e-20], "var": [0.000961009471212, 1.43040144444, 34.5241508484, 38.973575592, 49.4118499756, 61.0440254211, 437.852905273, 773.083862305, 7314.60693359, 15463.7929688, 32491.4863281, 20315.4296875, 57477.3125, 33648.1796875, 2634.96166992, 593.389099121, 381.157501221, 126.549034119, 575.172485352, 469.007507324, 143.032958984, 77.1889801025, 65.1086807251, 27.076133728, 27.2971954346, 25.2451095581, 2.00909781456, 0.546924889088, 0.196536362171, 0.0644708573818, 0.00953398179263, 0.00239383499138, 0.000660072546452, 0.000150266321725, 2.82056880678e-05, 3.013516789e-06, 2.3679614003e-07, 7.31375404683e-09, 2.00231262126e-10, 6.11603989675e-10]}, "gfcc": {"mean": [-143.68598938, 178.607315063, -159.517700195, -16.6527042389, -50.7593917847, -28.6592521667, -22.191488266, -2.66256141663, -10.3136692047, -9.32036018372, -4.80321264267, -9.83752346039, -2.25459384918], "cov": [[16866.6523438, 73.0169143677, -103.641647339, 3283.31103516, -320.231750488, 1079.87805176, -317.23147583, 252.450897217, -204.398300171, -31.168170929, -354.012512207, -226.977600098, -147.584014893], [73.0169143677, 897.121887207, 135.172271729, -124.755264282, 195.092269897, -228.383300781, 43.5600700378, -157.428100586, -16.6018180847, 15.8360490799, 107.346229553, -28.8642940521, -17.7174835205], [-103.641647339, 135.172271729, 575.982543945, 317.5128479, 147.835021973, 136.361816406, -126.14780426, -75.3075180054, -70.9759597778, -33.5123252869, -29.5611038208, -5.40085697174, -3.86354732513], [3283.31103516, -124.755264282, 317.5128479, 1084.20361328, 50.4958229065, 400.71496582, -133.42036438, 34.7620506287, -97.8947753906, -37.5169143677, -125.553489685, -59.4892539978, -47.0633659363], [-320.231750488, 195.092269897, 147.835021973, 50.4958229065, 225.09324646, 80.9613952637, 47.3794708252, 0.925508737564, -17.2754917145, -38.0650482178, -28.2480392456, -22.6958389282, -5.91264009476], [1079.87805176, -228.383300781, 136.361816406, 400.71496582, 80.9613952637, 382.972900391, 41.4658241272, 110.545265198, -26.4220542908, -79.2624511719, -129.204971313, -36.7158699036, -3.7378783226], [-317.23147583, 43.5600700378, -126.14780426, -133.42036438, 47.3794708252, 41.4658241272, 286.741973877, 124.553482056, 75.0248641968, -7.60838270187, -12.4292383194, -76.4344406128, -40.9309463501], [252.450897217, -157.428100586, -75.3075180054, 34.7620506287, 0.925508737564, 110.545265198, 124.553482056, 187.953811646, 56.8657073975, 1.33228206635, -44.7340698242, -56.6282730103, -35.1078605652], [-204.398300171, -16.6018180847, -70.9759597778, -97.8947753906, -17.2754917145, -26.4220542908, 75.0248641968, 56.8657073975, 127.557342529, 44.3672294617, 9.29421138763, -35.1525497437, -25.9033203125], [-31.168170929, 15.8360490799, -33.5123252869, -37.5169143677, -38.0650482178, -79.2624511719, -7.60838270187, 1.33228206635, 44.3672294617, 121.253929138, 84.7867126465, 3.90111041069, -32.5852432251], [-354.012512207, 107.346229553, -29.5611038208, -125.553489685, -28.2480392456, -129.204971313, -12.4292383194, -44.7340698242, 9.29421138763, 84.7867126465, 143.975067139, 56.2978668213, -5.61340904236], [-226.977600098, -28.8642940521, -5.40085697174, -59.4892539978, -22.6958389282, -36.7158699036, -76.4344406128, -56.6282730103, -35.1525497437, 3.90111041069, 56.2978668213, 112.251022339, 59.2176437378], [-147.584014893, -17.7174835205, -3.86354732513, -47.0633659363, -5.91264009476, -3.7378783226, -40.9309463501, -35.1078605652, -25.9033203125, -32.5852432251, -5.61340904236, 59.2176437378, 87.4403610229]], "icov": [[0.000531283614691, -0.00143772899173, 0.00118192227092, -0.00157332513481, 0.00183738896158, -0.00122863589786, 0.000744803634007, -0.000892175827175, 0.000106821396912, -0.000573680270463, 0.000772401399445, -0.000377614051104, -3.86935153074e-06], [-0.00143772899173, 0.00693834247068, -0.00338539248332, 0.00350829213858, -0.00784685648978, 0.00576765043661, -0.00303261401132, 0.00426063733175, -0.000512294762302, 0.00324255460873, -0.00505842920393, 0.00381664372981, -0.00112790684216], [0.00118192227092, -0.00338539248332, 0.00573377683759, -0.00378931313753, 0.00240373983979, -0.00392748322338, 0.00332440948114, -0.00110336265061, 0.000195684522623, -0.00084002915537, 0.000475814915262, 0.000518313725479, 5.49808137293e-05], [-0.00157332513481, 0.00350829213858, -0.00378931313753, 0.00713003892452, -0.00426355423406, 0.000366816966562, -0.000728211074602, 0.0026227904018, 0.000857533712406, 0.000235208339291, -0.00171903765295, 0.00196139910258, 0.00106813991442], [0.00183738896158, -0.00784685648978, 0.00240373983979, -0.00426355423406, 0.0156472250819, -0.00768940942362, 0.00157512596343, -0.00377916940488, 0.00115361553617, -0.00275848130696, 0.0052307206206, -0.00346809858456, 0.00127024983522], [-0.00122863589786, 0.00576765043661, -0.00392748322338, 0.000366816966562, -0.00768940942362, 0.0136662777513, -0.00473581394181, -0.000374313473003, -0.000307005131617, 0.00333374342881, 0.00124898843933, -0.00202643102966, -0.000580095045734], [0.000744803634007, -0.00303261401132, 0.00332440948114, -0.000728211074602, 0.00157512596343, -0.00473581394181, 0.0100947199389, -0.00491407327354, -0.00161741382908, 0.00233170343563, -0.00370775652118, 0.00504920491949, -0.000213797902688], [-0.000892175827175, 0.00426063733175, -0.00110336265061, 0.0026227904018, -0.00377916940488, -0.000374313473003, -0.00491407327354, 0.014122129418, -0.00226481561549, -0.000371767382603, -0.00114499882329, 0.00287731690332, 0.000987093197182], [0.000106821396912, -0.000512294762302, 0.000195684522623, 0.000857533712406, 0.00115361553617, -0.000307005131617, -0.00161741382908, -0.00226481561549, 0.0131613146514, -0.00651506474242, 0.00288898753934, 0.00158512208145, -0.000471888168249], [-0.000573680270463, 0.00324255460873, -0.00084002915537, 0.000235208339291, -0.00275848130696, 0.00333374342881, 0.00233170343563, -0.000371767382603, -0.00651506474242, 0.0238197222352, -0.0172253008932, 0.00626049097627, 0.00227734167129], [0.000772401399445, -0.00505842920393, 0.000475814915262, -0.00171903765295, 0.0052307206206, 0.00124898843933, -0.00370775652118, -0.00114499882329, 0.00288898753934, -0.0172253008932, 0.0309233535081, -0.0203944463283, 0.0078199794516], [-0.000377614051104, 0.00381664372981, 0.000518313725479, 0.00196139910258, -0.00346809858456, -0.00202643102966, 0.00504920491949, 0.00287731690332, 0.00158512208145, 0.00626049097627, -0.0203944463283, 0.0328419469297, -0.0163361225277], [-3.86935153074e-06, -0.00112790684216, 5.49808137293e-05, 0.00106813991442, 0.00127024983522, -0.000580095045734, -0.000213797902688, 0.000987093197182, -0.000471888168249, 0.00227734167129, 0.0078199794516, -0.0163361225277, 0.0244102552533]]}, "melbands": {"dmean": [6.66211199132e-05, 0.000257728563156, 0.000181654671906, 0.000103055186628, 0.000164115481311, 0.000194746404304, 0.000257149687968, 0.000320957013173, 0.000225913478062, 0.000115373011795, 0.000192241728655, 0.000114135407784, 4.10031534557e-05, 2.14187111851e-05, 1.13864189188e-05, 9.84808866633e-06, 8.51484855957e-06, 1.11076069516e-05, 8.70147505339e-06, 8.17815634946e-06, 4.62682146463e-06, 3.73043712898e-06, 2.77268009086e-06, 2.0817276436e-06, 1.34605045332e-06, 1.06970412617e-06, 8.18437456473e-07, 6.85757015617e-07, 1.82003432769e-07, 1.86459075735e-07, 5.53855237229e-08, 6.14144752831e-08, 3.26493321268e-08, 2.51913991889e-08, 1.25355148484e-08, 9.69787183891e-09, 5.0343786917e-09, 3.77213238423e-09, 2.51105891635e-09, 1.56239998717e-09], "dmean2": [0.0001126941861, 0.000403477810323, 0.000307227513986, 0.000162550437381, 0.000231426573009, 0.000293245248031, 0.000374059076421, 0.000466346711619, 0.000322258129017, 0.000168532831594, 0.000288522336632, 0.000164299824974, 6.07949441473e-05, 3.3239772165e-05, 1.77836809598e-05, 1.49448560478e-05, 1.37626302603e-05, 1.82312833203e-05, 1.3983946701e-05, 1.29387717607e-05, 7.36581705496e-06, 6.13935526417e-06, 4.51264304502e-06, 3.38192853633e-06, 2.15918635149e-06, 1.67158930253e-06, 1.19355308925e-06, 1.02370222521e-06, 2.82727938838e-07, 2.75053167798e-07, 8.23113452952e-08, 9.28296728375e-08, 4.91512821554e-08, 3.65780294942e-08, 1.81932051646e-08, 1.45640077776e-08, 7.37099625781e-09, 5.46180700667e-09, 3.39507155722e-09, 2.06668460123e-09], "dvar": [6.45460573878e-08, 6.17662408331e-07, 3.46377333926e-07, 4.03213178402e-08, 9.5828355029e-08, 1.38615362744e-07, 7.86388795859e-07, 7.61999558563e-07, 7.31247382646e-07, 1.76561798071e-07, 7.43336443065e-07, 3.37809694884e-07, 1.24002976776e-08, 2.44754527756e-09, 7.93480392502e-10, 6.20416606978e-10, 3.30541649607e-10, 8.4342832718e-10, 3.63591767805e-10, 3.19638704394e-10, 1.20824725225e-10, 6.44433673092e-11, 3.94129590076e-11, 2.71844734223e-11, 9.05864532691e-12, 1.11999992614e-11, 6.57119237496e-12, 1.52611309007e-11, 2.00401747605e-13, 1.08111089525e-12, 3.01666413475e-14, 5.81473888137e-14, 1.74477555478e-14, 1.09021187125e-14, 1.87189283849e-15, 1.21171895929e-15, 4.34011397132e-16, 1.91490855968e-16, 7.0163828602e-17, 2.77713085909e-17], "dvar2": [2.03212209726e-07, 1.47249386373e-06, 9.90320813798e-07, 1.03271503349e-07, 1.69923964677e-07, 3.32426310479e-07, 1.78628613412e-06, 1.61352659234e-06, 1.55239615651e-06, 3.15803674766e-07, 1.73366208855e-06, 7.30059014131e-07, 2.21955289703e-08, 5.54802426223e-09, 1.79206172124e-09, 1.37675426615e-09, 8.59630644445e-10, 2.38084219006e-09, 9.04381514122e-10, 7.13507974925e-10, 3.07395137122e-10, 1.68332126016e-10, 9.58272072804e-11, 7.52379963886e-11, 2.30622968639e-11, 2.67086110173e-11, 1.29786294559e-11, 3.52514059609e-11, 4.80018423014e-13, 2.29385954675e-12, 6.4525045463e-14, 1.28278057664e-13, 4.30472274309e-14, 2.38388020939e-14, 4.31322348104e-15, 2.94499655002e-15, 1.04358122519e-15, 4.15145352889e-16, 1.33087709262e-16, 4.80429709232e-17], "max": [0.00864075683057, 0.0326965115964, 0.0143120884895, 0.00376991461962, 0.00796895008534, 0.007109625265, 0.0278367493302, 0.0162183362991, 0.0229462105781, 0.00836451537907, 0.0153507562354, 0.0140101537108, 0.00400276435539, 0.00101849751081, 0.000671413377859, 0.000499657704495, 0.000337895849952, 0.0006880799192, 0.000332303665346, 0.000401675410103, 0.000240702342126, 0.000126506201923, 0.000126685437863, 0.000100641125755, 5.47934614588e-05, 9.49985842453e-05, 4.44960132882e-05, 8.59457504703e-05, 7.1087752076e-06, 2.35417628573e-05, 3.84573922929e-06, 3.71488090423e-06, 2.68321218755e-06, 2.61799004875e-06, 9.6775795555e-07, 7.41208907584e-07, 5.72592284698e-07, 3.50495525936e-07, 2.02365939117e-07, 1.304025119e-07], "mean": [0.00023589299235, 0.00101812416688, 0.000591447984334, 0.000278603605693, 0.00043394084787, 0.000461092597106, 0.000545216258615, 0.000714474183042, 0.000524157192558, 0.00028062768979, 0.00037367438199, 0.000207020086236, 8.8150780357e-05, 4.11094551964e-05, 1.99877467821e-05, 1.70298408193e-05, 1.36049566208e-05, 1.72221989487e-05, 1.46091188071e-05, 1.36862818181e-05, 8.04350656836e-06, 6.33176978226e-06, 4.46622561867e-06, 3.6645030832e-06, 2.37364474742e-06, 1.74951230747e-06, 1.38384336879e-06, 9.87011617326e-07, 3.55190479695e-07, 2.58768835693e-07, 1.03306440735e-07, 9.65230881889e-08, 5.1506141574e-08, 3.78503024479e-08, 2.08051194051e-08, 1.51900714229e-08, 8.28714430412e-09, 6.53877307855e-09, 4.68481742288e-09, 2.97820768047e-09], "median": [1.48495828398e-05, 2.91828710033e-05, 7.90231788415e-05, 0.000102368037915, 0.000210061058169, 0.000214428175241, 0.000220831556362, 0.000276217993814, 0.000102535559563, 4.98470071761e-05, 6.22868028586e-05, 3.74709270545e-05, 3.88807675336e-05, 1.85449389392e-05, 6.6306847657e-06, 5.59805630473e-06, 6.46993112241e-06, 5.80587493459e-06, 5.09338769916e-06, 5.01334397995e-06, 2.67129416898e-06, 2.11472251976e-06, 1.70659768628e-06, 9.05884462554e-07, 1.00363286037e-06, 4.71244902656e-07, 4.16177556417e-07, 2.12697003121e-07, 1.15995824501e-07, 4.81771778027e-08, 2.26334329056e-08, 1.62349920174e-08, 9.61540447264e-09, 6.02250072035e-09, 3.54098217414e-09, 2.54110688047e-09, 1.36440991838e-09, 9.22455112295e-10, 5.91246274162e-10, 4.17257339791e-10], "min": [4.83998153663e-24, 3.64226901259e-24, 3.09785993025e-24, 5.84703939608e-24, 3.7778651303e-24, 1.11153333556e-23, 1.16867652627e-23, 9.81503578175e-24, 9.76371249126e-24, 1.87906920059e-23, 2.29074036606e-23, 1.12985888994e-23, 1.87113783528e-23, 1.31346169023e-23, 6.23498580648e-24, 1.83701202806e-23, 1.87586263878e-23, 1.08990426838e-23, 6.82394580844e-24, 9.32331432484e-24, 1.24454759041e-23, 8.09670898129e-24, 6.46444769444e-24, 5.64254850565e-24, 1.35944699564e-23, 1.46274612237e-23, 1.6657664183e-23, 1.36751720047e-23, 1.49163263099e-23, 9.24031984672e-24, 1.3505612664e-23, 1.21737290995e-23, 1.205162132e-23, 1.37872644062e-23, 1.09928201016e-23, 9.54640339998e-24, 6.52401970899e-24, 8.35843251925e-24, 8.1146390008e-24, 8.4644940791e-24], "var": [4.1922240257e-07, 6.62727279632e-06, 1.28095791752e-06, 1.82878110877e-07, 3.99429382014e-07, 3.83135386528e-07, 1.75721004325e-06, 1.93863343156e-06, 1.99580222215e-06, 6.74882699059e-07, 1.42234432587e-06, 6.45128352517e-07, 3.60555283407e-08, 5.47294964903e-09, 1.65703739619e-09, 1.2346362821e-09, 5.37985156424e-10, 1.23670207408e-09, 7.66531393914e-10, 7.2270645024e-10, 2.37575625839e-10, 1.27381077908e-10, 6.69412372756e-11, 6.1894336878e-11, 1.65954021358e-11, 1.82489891254e-11, 1.22071753747e-11, 1.76429409277e-11, 4.45748228909e-13, 1.43321812751e-12, 7.05375902544e-14, 9.41406037868e-14, 2.48504304835e-14, 1.83078920947e-14, 3.39230406156e-15, 1.90752920864e-15, 6.42248173877e-16, 3.8328272627e-16, 1.97695504656e-16, 8.41309055939e-17]}, "mfcc": {"mean": [-765.215270996, 196.906555176, -35.7888374329, 5.02705574036, -13.9376049042, -19.6220169067, -10.5563755035, -3.54716730118, -2.76716542244, 1.17973816395, -4.65997552872, -3.19510149956, 3.15640091896], "cov": [[10767.3349609, 1692.30529785, -927.904296875, 2188.6862793, 328.826751709, 730.8046875, 289.941711426, 275.819061279, 108.104125977, 140.34727478, -55.1937065125, 26.4222640991, -107.440887451], [1692.30529785, 1357.92150879, -79.3347396851, 293.857940674, 122.93221283, 36.4784927368, 39.2599067688, -89.9231033325, -86.8173599243, -38.136680603, -6.88009309769, 20.4946727753, 20.4564552307], [-927.904296875, -79.3347396851, 310.231384277, -76.9864501953, 66.053894043, 23.9985866547, -2.40466237068, -27.4440231323, -33.5464057922, -41.9892196655, -3.30989074707, 5.83765888214, -7.04462814331], [2188.6862793, 293.857940674, -76.9864501953, 867.209228516, 241.624099731, 288.714385986, 129.946884155, 30.839138031, -4.164955616, 5.94766664505, -23.9685649872, 23.2474575043, -40.9944839478], [328.826751709, 122.93221283, 66.053894043, 241.624099731, 213.647155762, 138.408569336, 32.7046661377, 2.5704164505, -15.7297554016, -43.3667297363, -38.8847618103, -8.53574466705, -17.9192657471], [730.8046875, 36.4784927368, 23.9985866547, 288.714385986, 138.408569336, 264.866912842, 100.515556335, 77.436378479, 56.2524375916, -8.30973625183, -33.7819023132, -29.2570858002, -40.5429115295], [289.941711426, 39.2599067688, -2.40466237068, 129.946884155, 32.7046661377, 100.515556335, 171.365722656, 106.777679443, 69.9689254761, 56.0879707336, 2.23942017555, -6.94340467453, -4.99953269958], [275.819061279, -89.9231033325, -27.4440231323, 30.839138031, 2.5704164505, 77.436378479, 106.777679443, 186.653823853, 143.992507935, 73.6192779541, -10.5201778412, -42.9949836731, -26.6330032349], [108.104125977, -86.8173599243, -33.5464057922, -4.164955616, -15.7297554016, 56.2524375916, 69.9689254761, 143.992507935, 194.982406616, 111.693275452, 7.17167425156, -45.2460823059, -42.9193687439], [140.34727478, -38.136680603, -41.9892196655, 5.94766664505, -43.3667297363, -8.30973625183, 56.0879707336, 73.6192779541, 111.693275452, 164.946243286, 77.7956085205, 18.3948554993, 2.63589143753], [-55.1937065125, -6.88009309769, -3.30989074707, -23.9685649872, -38.8847618103, -33.7819023132, 2.23942017555, -10.5201778412, 7.17167425156, 77.7956085205, 114.745315552, 69.2516021729, 22.561756134], [26.4222640991, 20.4946727753, 5.83765888214, 23.2474575043, -8.53574466705, -29.2570858002, -6.94340467453, -42.9949836731, -45.2460823059, 18.3948554993, 69.2516021729, 109.451660156, 59.4695396423], [-107.440887451, 20.4564552307, -7.04462814331, -40.9944839478, -17.9192657471, -40.5429115295, -4.99953269958, -26.6330032349, -42.9193687439, 2.63589143753, 22.561756134, 59.4695396423, 102.423301697]], "icov": [[0.00052576395683, -0.000510662328452, 0.000978484866209, -0.00105526740663, 0.000870610529091, -0.000940524565522, 0.00121136032976, -0.00159754813649, 0.00105443201028, -0.000740305404179, 0.00063229072839, -0.000667796412017, 0.000431547465269], [-0.000510662328452, 0.00140818394721, -0.000610846502241, 0.000805147050414, -0.00142855697777, 0.00132941466291, -0.00186766055413, 0.00236989068799, -0.00118596910033, 0.00100513512734, -0.00100201147143, 0.00112882442772, -0.00069284561323], [0.000978484866209, -0.000610846502241, 0.00624823896214, -0.00064437330002, -0.000879416940734, -0.00222102995031, 0.00107559736352, -0.00202282052487, 0.00230434839614, -0.000785960059147, 0.000522645015735, -0.00193531962577, 0.00180815928616], [-0.00105526740663, 0.000805147050414, -0.00064437330002, 0.00511486455798, -0.00371963367797, -0.00043068715604, -0.00317372800782, 0.00350716430694, -0.000364980049198, -0.000634440511931, 0.000508916622493, -0.00112858193461, 0.00107748038135], [0.000870610529091, -0.00142855697777, -0.000879416940734, -0.00371963367797, 0.011808716692, -0.00487660802901, 0.0034880687017, -0.00303236744367, 0.00202033109963, -0.00076082139276, 0.00302694994025, -0.00155726564117, 0.000270303688012], [-0.000940524565522, 0.00132941466291, -0.00222102995031, -0.00043068715604, -0.00487660802901, 0.0118841677904, -0.00544989295304, 0.00246575148776, -0.00565880723298, 0.00584118068218, -0.00361894676462, 0.00302954204381, -0.000834535516333], [0.00121136032976, -0.00186766055413, 0.00107559736352, -0.00317372800782, 0.0034880687017, -0.00544989295304, 0.015659738332, -0.0114478515461, 0.00604613684118, -0.00604870822281, 0.00342577905394, -0.00280118524097, 0.000249071628787], [-0.00159754813649, 0.00236989068799, -0.00202282052487, 0.00350716430694, -0.00303236744367, 0.00246575148776, -0.0114478515461, 0.0236952770501, -0.0148613816127, 0.00448556244373, -0.00204386585392, 0.00453048199415, -0.00335959438235], [0.00105443201028, -0.00118596910033, 0.00230434839614, -0.000364980049198, 0.00202033109963, -0.00565880723298, 0.00604613684118, -0.0148613816127, 0.024567624554, -0.0154812885448, 0.00676815444604, -0.00172940688208, 0.00610606605187], [-0.000740305404179, 0.00100513512734, -0.000785960059147, -0.000634440511931, -0.00076082139276, 0.00584118068218, -0.00604870822281, 0.00448556244373, -0.0154812885448, 0.0247376151383, -0.0168210696429, 0.00588979432359, -0.00507346307859], [0.00063229072839, -0.00100201147143, 0.000522645015735, 0.000508916622493, 0.00302694994025, -0.00361894676462, 0.00342577905394, -0.00204386585392, 0.00676815444604, -0.0168210696429, 0.029420202598, -0.0183679964393, 0.00728911720216], [-0.000667796412017, 0.00112882442772, -0.00193531962577, -0.00112858193461, -0.00155726564117, 0.00302954204381, -0.00280118524097, 0.00453048199415, -0.00172940688208, 0.00588979432359, -0.0183679964393, 0.0287290811539, -0.0130537040532], [0.000431547465269, -0.00069284561323, 0.00180815928616, 0.00107748038135, 0.000270303688012, -0.000834535516333, 0.000249071628787, -0.00335959438235, 0.00610606605187, -0.00507346307859, 0.00728911720216, -0.0130537040532, 0.0184285212308]]}, "spectral_contrast_coeffs": {"dmean": [0.0436016060412, 0.0475373379886, 0.0359013304114, 0.0300705730915, 0.0209563616663, 0.0224931184202], "dmean2": [0.0704571455717, 0.0758200362325, 0.0581916645169, 0.049054376781, 0.0343061760068, 0.038219422102], "dvar": [0.00132992246654, 0.00193930999376, 0.0011510058539, 0.000687673047651, 0.000429440027801, 0.000754644919652], "dvar2": [0.00342131685466, 0.00437200441957, 0.00268372264691, 0.00174045120366, 0.0010179572273, 0.00208983453922], "max": [-0.340591400862, -0.392519026995, -0.429066866636, -0.546990931034, -0.605817079544, -0.590167999268], "mean": [-0.622323095798, -0.650153458118, -0.692095994949, -0.750080764294, -0.760423064232, -0.775463819504], "median": [-0.612707555294, -0.647839784622, -0.703441262245, -0.755079865456, -0.767972111702, -0.761281371117], "min": [-0.951535403728, -0.959422588348, -0.958965599537, -0.95809930563, -0.96007168293, -0.964042305946], "var": [0.00908949133009, 0.00812087580562, 0.00736891850829, 0.0032997855451, 0.00246309791692, 0.00252758944407]}, "spectral_contrast_valleys": {"dmean": [0.418719917536, 0.395795583725, 0.332807719707, 0.319297194481, 0.295556098223, 0.377991557121], "dmean2": [0.673781991005, 0.633545458317, 0.52899980545, 0.491824030876, 0.413854628801, 0.561099290848], "dvar": [0.203580573201, 0.293664693832, 0.2432965