{"lowlevel": {"average_loudness": 0.92990219593, "barkbands_crest": {"dmean": 2.88051486015, "dmean2": 4.70781421661, "dvar": 8.50399971008, "dvar2": 21.0595760345, "max": 26.7142105103, "mean": 12.4283103943, "median": 11.359295845, "min": 3.12362098694, "var": 23.0950489044}, "barkbands_flatness_db": {"dmean": 0.0362783558667, "dmean2": 0.0504733584821, "dvar": 0.0012220335193, "dvar2": 0.00249436614104, "max": 0.678103387356, "mean": 0.179409340024, "median": 0.17305572331, "min": 0.016115501523, "var": 0.00543051585555}, "barkbands_kurtosis": {"dmean": 14.8691797256, "dmean2": 23.6502628326, "dvar": 10832.6845703, "dvar2": 24293.0683594, "max": 4012.09765625, "mean": 20.5274486542, "median": 8.12786102295, "min": -1.91057443619, "var": 13043.7128906}, "barkbands_skewness": {"dmean": 0.910651266575, "dmean2": 1.39349544048, "dvar": 3.01550865173, "dvar2": 6.26367473602, "max": 52.5538101196, "mean": 2.76063370705, "median": 2.35902643204, "min": -5.20749664307, "var": 6.79579782486}, "barkbands_spread": {"dmean": 6.95458078384, "dmean2": 10.7068042755, "dvar": 115.579086304, "dvar2": 268.933929443, "max": 115.089500427, "mean": 13.9273948669, "median": 9.57847976685, "min": 0.0699910894036, "var": 189.85043335}, "dissonance": {"dmean": 0.0276301261038, "dmean2": 0.0447414964437, "dvar": 0.000613418640569, "dvar2": 0.00156069605146, "max": 0.499999970198, "mean": 0.432335734367, "median": 0.439600259066, "min": 0.16191521287, "var": 0.00200816779397}, "dynamic_complexity": 4.9563293457, "erbbands_crest": {"dmean": 2.39209914207, "dmean2": 3.65466356277, "dvar": 5.61681556702, "dvar2": 12.2218971252, "max": 32.2528991699, "mean": 9.61058044434, "median": 8.70296764374, "min": 2.26703619957, "var": 19.5985374451}, "erbbands_flatness_db": {"dmean": 0.0301093868911, "dmean2": 0.0392967090011, "dvar": 0.000766610435676, "dvar2": 0.00140982249286, "max": 0.440735220909, "mean": 0.15307995677, "median": 0.146927252412, "min": 0.0314005054533, "var": 0.0041158455424}, "erbbands_kurtosis": {"dmean": 1.72183918953, "dmean2": 2.63047909737, "dvar": 23.7613162994, "dvar2": 47.6547088623, "max": 251.510192871, "mean": 1.89372169971, "median": 1.15113639832, "min": -1.93177056313, "var": 31.5656051636}, "erbbands_skewness": {"dmean": 0.452647536993, "dmean2": 0.688680529594, "dvar": 0.263330459595, "dvar2": 0.564362168312, "max": 13.8055381775, "mean": 0.933801591396, "median": 0.975635766983, "min": -3.20517659187, "var": 0.781188011169}, "erbbands_spread": {"dmean": 15.8105039597, "dmean2": 23.3001670837, "dvar": 421.879089355, "dvar2": 897.40222168, "max": 205.061691284, "mean": 40.578037262, "median": 30.8411426544, "min": 1.49736475945, "var": 837.546813965}, "hfc": {"dmean": 10.1370210648, "dmean2": 15.8128032684, "dvar": 339.714752197, "dvar2": 859.753356934, "max": 281.530090332, "mean": 16.7235336304, "median": 9.94661235809, "min": 1.12020835193e-16, "var": 413.034851074}, "melbands_crest": {"dmean": 3.46041989326, "dmean2": 5.49558544159, "dvar": 11.1767807007, "dvar2": 27.9326629639, "max": 35.9568977356, "mean": 16.1722507477, "median": 14.6720485687, "min": 1.98269402981, "var": 40.4977798462}, "melbands_flatness_db": {"dmean": 0.0422779731452, "dmean2": 0.0586948394775, "dvar": 0.00168809224851, "dvar2": 0.00350532005541, "max": 0.849554240704, "mean": 0.278333216906, "median": 0.273103237152, "min": 0.00681526819244, "var": 0.00749341631308}, "melbands_kurtosis": {"dmean": 24.2840366364, "dmean2": 37.1165008545, "dvar": 8235.14355469, "dvar2": 18113.125, "max": 2595.6784668, "mean": 38.1552505493, "median": 15.6872062683, "min": -1.86807870865, "var": 14919.3496094}, "melbands_skewness": {"dmean": 1.22411668301, "dmean2": 1.8338586092, "dvar": 3.54321026802, "dvar2": 7.77914857864, "max": 40.4432487488, "mean": 3.66696047783, "median": 2.96615171432, "min": -1.335308671, "var": 9.70735645294}, "melbands_spread": {"dmean": 4.49044561386, "dmean2": 7.10747051239, "dvar": 105.584533691, "dvar2": 239.732040405, "max": 266.17364502, "mean": 11.2154369354, "median": 8.26347637177, "min": 0.0963699519634, "var": 232.291915894}, "pitch_salience": {"dmean": 0.0817613601685, "dmean2": 0.132310375571, "dvar": 0.00754958437756, "dvar2": 0.0189851671457, "max": 0.893365979195, "mean": 0.501146197319, "median": 0.51115489006, "min": 0.030395289883, "var": 0.0188778992742}, "silence_rate_20dB": {"dmean": 0, "dmean2": 0, "dvar": 0, "dvar2": 0, "max": 1, "mean": 1, "median": 1, "min": 1, "var": 0}, "silence_rate_30dB": {"dmean": 0.0557142868638, "dmean2": 0.111441835761, "dvar": 0.0526116527617, "dvar2": 0.121871568263, "max": 1, "mean": 0.937388420105, "median": 1, "min": 0, "var": 0.0586855858564}, "silence_rate_60dB": {"dmean": 0.010714286007, "dmean2": 0.0214311219752, "dvar": 0.0105991363525, "dvar2": 0.0266852974892, "max": 1, "mean": 0.0840376168489, "median": 0, "min": 0, "var": 0.0769776925445}, "spectral_centroid": {"dmean": 208.777404785, "dmean2": 316.165893555, "dvar": 96637.46875, "dvar2": 214052.875, "max": 10695.9853516, "mean": 742.901123047, "median": 586.603027344, "min": 55.7857246399, "var": 291359.375}, "spectral_complexity": {"dmean": 2.92857146263, "dmean2": 4.51839494705, "dvar": 15.4416294098, "dvar2": 35.5985221863, "max": 50, "mean": 11.894774437, "median": 11, "min": 0, "var": 45.5156974792}, "spectral_decrease": {"dmean": 3.9454204348e-09, "dmean2": 6.19604634267e-09, "dvar": 4.11266722849e-17, "dvar2": 1.00687878466e-16, "max": 5.10533015332e-15, "mean": -9.95272664284e-09, "median": -6.93671520224e-09, "min": -5.97455667162e-08, "var": 9.14671108896e-17}, "spectral_energy": {"dmean": 0.0155587568879, "dmean2": 0.0243722088635, "dvar": 0.000628527312074, "dvar2": 0.00154059566557, "max": 0.22932510078, "mean": 0.0390806533396, "median": 0.0274479333311, "min": 1.04150577498e-20, "var": 0.00137831561733}, "spectral_energyband_high": {"dmean": 0.000827721494716, "dmean2": 0.00133686326444, "dvar": 2.98615100291e-06, "dvar2": 7.54688380766e-06, "max": 0.0215520840138, "mean": 0.000776133849286, "median": 0.000137796610943, "min": 7.73299650727e-21, "var": 2.66360530077e-06}, "spectral_energyband_low": {"dmean": 0.0118527058512, "dmean2": 0.0193862821907, "dvar": 0.000460403505713, "dvar2": 0.00116835022345, "max": 0.203282162547, "mean": 0.021950757131, "median": 0.00889184512198, "min": 6.37970178734e-23, "var": 0.000982316210866}, "spectral_energyband_middle_high": {"dmean": 0.00104727549478, "dmean2": 0.00158631277736, "dvar": 5.11576172357e-06, "dvar2": 1.23097797768e-05, "max": 0.0623601153493, "mean": 0.00242247804999, "median": 0.00119905429892, "min": 1.68989232807e-21, "var": 1.79500566446e-05}, "spectral_energyband_middle_low": {"dmean": 0.00652683246881, "dmean2": 0.010618022643, "dvar": 0.000158310125698, "dvar2": 0.000425533304224, "max": 0.141559526324, "mean": 0.0160156674683, "median": 0.0121290879324, "min": 1.53406738391e-22, "var": 0.000233102327911}, "spectral_entropy": {"dmean": 0.337392359972, "dmean2": 0.449194133282, "dvar": 0.111413039267, "dvar2": 0.209838196635, "max": 9.80078220367, "mean": 7.18166399002, "median": 7.19079875946, "min": 4.33249664307, "var": 0.457733571529}, "spectral_flux": {"dmean": 0.0384479798377, "dmean2": 0.0604115538299, "dvar": 0.00272586825304, "dvar2": 0.00465274835005, "max": 0.457703948021, "mean": 0.0849003940821, "median": 0.0659790039062, "min": 1.02054191486e-10, "var": 0.00545411556959}, "spectral_kurtosis": {"dmean": 3.30603575706, "dmean2": 4.95593690872, "dvar": 18.4701347351, "dvar2": 47.9246330261, "max": 119.397087097, "mean": 7.63579654694, "median": 5.2969493866, "min": -1.22466409206, "var": 79.3991775513}, "spectral_rms": {"dmean": 0.00109513290226, "dmean2": 0.00166350987274, "dvar": 2.03872605198e-06, "dvar2": 4.65285575046e-06, "max": 0.0149576673284, "mean": 0.00547865172848, "median": 0.00517479190603, "min": 3.18763743699e-12, "var": 8.11177324067e-06}, "spectral_rolloff": {"dmean": 425.477416992, "dmean2": 762.567687988, "dvar": 1522876.25, "dvar2": 3951248, "max": 18798.4863281, "mean": 781.709228516, "median": 430.6640625, "min": 64.599609375, "var": 1964188.375}, "spectral_skewness": {"dmean": 0.408987045288, "dmean2": 0.575553238392, "dvar": 0.161314964294, "dvar2": 0.357924133539, "max": 8.62539482117, "mean": 2.08142995834, "median": 1.96865689754, "min": -0.00434453878552, "var": 0.726931035519}, "spectral_spread": {"dmean": 1244474.25, "dmean2": 1694103.625, "dvar": 1881877905410.0, "dvar2": 3669597093890.0, "max": 41530812, "mean": 5240549.5, "median": 4932657, "min": 755730.6875, "var": 5733175263230.0}, "spectral_strongpeak": {"dmean": 0.301767498255, "dmean2": 0.501603186131, "dvar": 0.238812640309, "dvar2": 0.574116110802, "max": 7.57160997391, "mean": 0.693438351154, "median": 0.496383160353, "min": 0, "var": 0.457666397095}, "zerocrossingrate": {"dmean": 0.0129247466102, "dmean2": 0.015569829382, "dvar": 0.000260378146777, "dvar2": 0.000334261712851, "max": 0.640625, "mean": 0.0417941659689, "median": 0.03173828125, "min": 0.001953125, "var": 0.00140830711462}, "barkbands": {"dmean": [0.000375082658138, 0.00892283022404, 0.00418635690585, 0.00246604648419, 0.00245198514313, 0.00171903613955, 0.000791104161181, 0.000578902137931, 0.000442619639216, 0.000440544186858, 0.000261577195488, 0.000214015948586, 7.66544544604e-05, 0.000133523790282, 0.000122633180581, 6.58968056086e-05, 5.23930611962e-05, 6.82521131239e-05, 9.93351641227e-05, 7.98904511612e-05, 9.63584025158e-05, 0.000118822361401, 0.000155629721121, 0.000182286414201, 0.000143676341395, 8.28838019515e-05, 4.01065262849e-05], "dmean2": [0.000486147560878, 0.014215500094, 0.00766388420016, 0.00449333619326, 0.00411307113245, 0.00256520672701, 0.00122352328617, 0.000878139398992, 0.000654916395433, 0.000675239774864, 0.000409189000493, 0.00033178270678, 0.000122428842587, 0.000227099910262, 0.00017133570509, 0.000110329769086, 7.94456209405e-05, 0.000115042377729, 0.000162576005096, 0.000123342382722, 0.000155392815941, 0.000198423105758, 0.000254012207733, 0.000301017746096, 0.000236481660977, 0.000138417453854, 6.77039060974e-05], "dvar": [7.84689405009e-07, 0.000273921148619, 0.000134850604809, 4.34226858488e-05, 3.00074971165e-05, 7.92746868683e-06, 4.41072597823e-06, 1.83100792128e-06, 1.67123835126e-06, 1.27037878883e-06, 5.66851610984e-07, 8.16377450974e-07, 3.12943058134e-08, 3.37453883503e-07, 1.00131153147e-07, 2.40002915319e-08, 1.54948462949e-08, 3.4131357296e-08, 4.74316053101e-08, 4.80176076678e-08, 4.61036933075e-08, 1.186461418e-07, 1.01605841962e-07, 1.57005203505e-07, 8.44851584247e-08, 6.38737560621e-08, 3.42356258898e-08], "dvar2": [1.07004996153e-06, 0.000638665747829, 0.000387855747249, 0.00012423597218, 7.96817694209e-05, 1.6270465494e-05, 8.26274481369e-06, 3.72205022359e-06, 3.056216201e-06, 2.59045532403e-06, 1.11721737994e-06, 2.1304870188e-06, 7.46998836121e-08, 1.04426840153e-06, 1.63374139106e-07, 6.40142729935e-08, 3.37608838663e-08, 9.42198639109e-08, 1.22675032799e-07, 1.14203267287e-07, 1.15686908941e-07, 3.20836875289e-07, 2.56348130279e-07, 3.9991979861e-07, 2.15338943121e-07, 1.78571809784e-07, 9.89829231912e-08], "max": [0.013448423706, 0.17272618413, 0.108826354146, 0.0789106115699, 0.063984811306, 0.0520056225359, 0.0678048580885, 0.0355363860726, 0.051272097975, 0.0208987481892, 0.0262634493411, 0.0384351573884, 0.00628708302975, 0.0229586884379, 0.00975276902318, 0.00233220332302, 0.00340078375302, 0.00248422287405, 0.00256533478387, 0.0106119988486, 0.0045247185044, 0.00416600750759, 0.00291699543595, 0.00412361230701, 0.00342491921037, 0.00591328088194, 0.00571835273877], "mean": [0.000660279125441, 0.0143737979233, 0.00507962889969, 0.00287361443043, 0.0045301374048, 0.00437117833644, 0.00163551711012, 0.00122461281717, 0.000934799667448, 0.000736455142032, 0.000505711126607, 0.000396055605961, 0.00013002497144, 0.000199353016797, 0.000220282468945, 8.32434161566e-05, 8.27407566248e-05, 8.22860602057e-05, 0.0001167982482, 0.000122349549201, 9.63103229878e-05, 0.000111180226668, 0.000133533205371, 0.00015097927826, 0.000125778751681, 6.95162889315e-05, 3.44844083884e-05], "median": [6.19740094407e-05, 0.00155423476826, 0.0017817246262, 0.00117510312703, 0.00250322627835, 0.00259766587988, 0.000524383329321, 0.00049208413111, 0.000237498388742, 0.000245646748226, 0.000157328337082, 0.000123965379316, 4.90514066769e-05, 6.08181508142e-05, 5.27484444319e-05, 2.82211585727e-05, 2.78409897874e-05, 2.1366367946e-05, 2.77815888694e-05, 2.4289056455e-05, 1.93410578504e-05, 2.47095340455e-05, 2.32592192333e-05, 1.88986505236e-05, 1.06204915937e-05, 6.50306628813e-06, 3.74642013412e-06], "min": [2.42774089283e-23, 2.53992322444e-23, 1.07946385207e-23, 1.48046141394e-23, 3.74289508414e-23, 1.21082362894e-23, 3.34908215185e-23, 8.98456167492e-24, 3.58316968349e-23, 8.42820631969e-23, 7.16618411916e-23, 6.81885244912e-23, 9.03769855663e-23, 9.33106456769e-23, 1.40069801543e-22, 2.01778250217e-22, 2.27970502241e-22, 2.15906837381e-22, 3.97370997899e-22, 4.86039241325e-22, 4.35509582767e-22, 3.14950431868e-22, 9.13198510529e-22, 9.41781074205e-22, 8.77339241428e-22, 1.80913023162e-21, 2.28318752145e-21], "var": [2.34777394326e-06, 0.000663816113956, 9.72025009105e-05, 3.22408632201e-05, 4.38448441855e-05, 2.88645478577e-05, 1.66530626302e-05, 5.30448369318e-06, 5.15296369485e-06, 2.9015598102e-06, 2.20778770199e-06, 2.44058651333e-06, 7.10074843369e-08, 6.5791596171e-07, 3.75719224621e-07, 2.44189273246e-08, 2.92262321011e-08, 3.36661614142e-08, 5.965784311e-08, 2.39550900005e-07, 4.50954367182e-08, 8.8005009502e-08, 8.57489226291e-08, 1.26490391494e-07, 7.39279997219e-08, 4.39800906804e-08, 2.05703578615e-08]}, "erbbands": {"dmean": [0.340521305799, 1.99299478531, 4.31731748581, 7.29425048828, 8.42331314087, 7.73642349243, 10.2149505615, 14.7441616058, 15.2071018219, 10.2574615479, 12.1808519363, 9.90220832825, 14.6902179718, 10.0122804642, 8.97710990906, 9.09126281738, 3.6756696701, 5.58391857147, 7.86079311371, 4.87191057205, 2.93951272964, 2.67955470085, 3.7751083374, 4.2021188736, 4.96085500717, 3.63726949692, 3.34108567238, 4.60905408859, 4.21512699127, 3.90168237686, 4.78213691711, 4.23062324524, 2.72448086739, 1.62910223007, 1.0872181654, 0.35991102457, 0.153080180287, 0.0451080948114, 0.00591872446239, 0.000483350246213], "dmean2": [0.489910334349, 3.34406304359, 7.81834125519, 13.1604976654, 14.9042949677, 12.9564905167, 16.2258529663, 21.8234043121, 22.7720050812, 16.1477336884, 18.0767631531, 14.5605754852, 22.2622661591, 15.858206749, 14.1397943497, 13.933514595, 5.8488445282, 9.13020801544, 11.6090497971, 7.53260946274, 4.67799520493, 4.04095077515, 6.32216501236, 6.86106109619, 8.09862804413, 5.54251432419, 5.21714496613, 7.72688961029, 7.09642505646, 6.34618091583, 7.85086297989, 6.98411083221, 4.50296878815, 2.71735858917, 1.78584504128, 0.586949050426, 0.256905525923, 0.0761105567217, 0.00993659347296, 0.000834369158838], "dvar": [0.409877687693, 15.108341217, 138.884399414, 372.289550781, 475.344085693, 319.097015381, 328.415802002, 758.942932129, 1159.71740723, 712.505859375, 988.163574219, 960.407348633, 1567.38391113, 706.772216797, 718.517211914, 1088.36169434, 66.4025497437, 252.304199219, 877.465270996, 188.963851929, 38.8151359558, 30.7956638336, 95.8677062988, 94.8297271729, 114.871994019, 130.015823364, 53.102355957, 130.878936768, 144.873138428, 82.5657196045, 100.265090942, 81.7096481323, 35.3498725891, 11.5260438919, 4.85934066772, 0.915864348412, 0.238103985786, 0.0207870006561, 0.000770113780163, 7.20069147064e-06], "dvar2": [0.703307330608, 40.8866996765, 397.500030518, 1059.89172363, 1320.88647461, 824.9765625, 794.263305664, 1416.59472656, 2211.26538086, 1454.19604492, 1907.07263184, 1696.06201172, 3176.01538086, 1473.60046387, 1702.89575195, 2968.69213867, 163.805160522, 778.197814941, 2226.81030273, 364.752502441, 96.8378677368, 67.6256942749, 259.476745605, 248.714950562, 292.670837402, 296.463684082, 128.151824951, 349.028656006, 392.02633667, 213.39201355, 254.17326355, 207.489837646, 90.1504135132, 29.4785575867, 12.4590291977, 2.47843551636, 0.667674124241, 0.0581942647696, 0.00222228514031, 2.10510825127e-05], "max": [8.2294549942, 40.2595367432, 114.988388062, 210.142318726, 256.28213501, 298.625274658, 366.634643555, 644.97479248, 1223.08447266, 607.013244629, 989.06237793, 1206.30163574, 770.020080566, 897.476318359, 914.936218262, 1527.25744629, 260.49017334, 470.826843262, 1092.82421875, 691.145385742, 92.4312515259, 129.202850342, 176.355529785, 131.192596436, 181.661407471, 566.458496094, 206.705841064, 127.441955566, 171.50390625, 94.6413040161, 90.5120773315, 84.3012008667, 62.0126876831, 34.7194900513, 25.6002750397, 18.3339176178, 11.8345680237, 4.1487159729, 0.811939299107, 0.0838207378983], "mean": [0.5637114048, 2.65258336067, 4.89821863174, 9.76552391052, 12.247625351, 14.2967481613, 24.1174545288, 34.1495552063, 33.3032493591, 20.6625080109, 27.9425373077, 21.4510917664, 25.7595272064, 19.8157482147, 15.5940103531, 17.2176036835, 7.12275409698, 9.37922763824, 13.467373848, 7.78662490845, 4.41311597824, 4.24911832809, 4.82494211197, 5.3291478157, 6.06222629547, 5.6120557785, 3.86755156517, 4.13700199127, 3.74503946304, 3.87245941162, 4.05187988281, 3.46406292915, 2.27724456787, 1.36248791218, 0.960183978081, 0.325672984123, 0.126074433327, 0.0359814278781, 0.00522974319756, 0.000438451679656], "median": [0.0505808964372, 0.375018745661, 2.07433986664, 4.47512722015, 5.57841682434, 6.96585035324, 13.7278165817, 17.8211174011, 12.9315576553, 6.3030371666, 12.7730665207, 6.57344007492, 8.35828590393, 6.2255115509, 5.85508012772, 5.94907855988, 3.18375062943, 4.01591587067, 2.95123529434, 2.65171098709, 1.74451959133, 1.52749729156, 1.3414721489, 1.4063501358, 1.24883663654, 1.05414354801, 0.884526014328, 0.782294511795, 0.662731707096, 0.929705560207, 0.640337407589, 0.432407766581, 0.276307523251, 0.130210116506, 0.0723951458931, 0.0312571264803, 0.0111126285046, 0.00313100288622, 0.00063119083643, 8.49229691084e-05], "min": [1.24592252133e-21, 3.78173485907e-21, 9.72051037863e-21, 4.30060958613e-20, 4.22379455714e-20, 1.92040086317e-19, 1.1889459855e-19, 1.1588497944e-19, 3.84179951296e-19, 4.5614032189e-19, 3.3421516622e-19, 6.95645867062e-19, 1.11839513067e-18, 3.66699546661e-18, 3.4653404138e-18, 2.60661320064e-18, 3.87476834724e-18, 4.87614657935e-18, 8.03185343754e-18, 6.92103921039e-18, 1.12835616368e-17, 1.24916787738e-17, 1.35470983697e-17, 1.43344097039e-17, 1.87552764877e-17, 2.43739173421e-17, 2.55433472418e-17, 1.19304061225e-17, 1.30221174406e-17, 1.76759927311e-17, 2.68819901707e-17, 1.57282834823e-17, 1.7229629529e-17, 9.41521375036e-18, 6.95573943708e-18, 5.28635413051e-18, 3.88843088941e-18, 1.28438380983e-18, 3.13591485597e-19, 3.32246495749e-20], "var": [1.25597155094, 22.7318000793, 95.7670440674, 283.878692627, 489.883758545, 562.04309082, 1054.03295898, 2618.04931641, 3968.46240234, 2479.11450195, 2795.8684082, 2947.57543945, 3639.23974609, 2650.38500977, 1505.61572266, 3242.19140625, 192.951324463, 629.949768066, 2264.38964844, 509.147064209, 53.8258285522, 59.9535522461, 107.533332825, 124.333839417, 200.080612183, 582.695800781, 70.4106292725, 100.237625122, 103.994064331, 74.2515563965, 82.9044494629, 66.0315475464, 28.6545448303, 9.51899623871, 4.2920923233, 0.734840631485, 0.158971741796, 0.0136310989037, 0.000460755749373, 4.19542038799e-06]}, "gfcc": {"mean": [-45.9123497009, 103.271003723, -75.7917785645, 18.9287376404, -53.6459693909, 7.26666688919, -29.0539340973, 0.855514883995, -19.8457431793, -1.56926822662, -11.6205797195, 0.950414538383, -9.1463060379], "cov": [[26951.7480469, -1741.60400391, -507.759521484, 503.331481934, -1017.30297852, 353.667663574, -713.142150879, 148.718200684, 232.1144104, 751.729003906, 35.1775665283, -98.4933547974, -195.773742676], [-1741.60400391, 2827.55834961, -719.813049316, -503.717254639, 92.2526779175, -376.639343262, 235.232513428, -340.943756104, 154.814620972, -231.489074707, 114.160491943, -68.4477767944, 82.621055603], [-507.759521484, -719.813049316, 834.818969727, 262.47354126, 55.8504714966, 253.451660156, -21.1539211273, 216.626922607, -39.5576324463, 77.1052246094, -19.616153717, 49.5992965698, 2.58658599854], [503.331481934, -503.717254639, 262.47354126, 580.092590332, 133.511886597, 217.820922852, 41.0259971619, 119.185081482, 46.3243293762, 85.612663269, 20.6198768616, -6.73951196671, -7.9111123085], [-1017.30297852, 92.2526779175, 55.8504714966, 133.511886597, 316.101226807, 55.9755096436, 130.097793579, 68.4845657349, 59.4484863281, 19.6671295166, 28.1492671967, 8.01029872894, 17.6037540436], [353.667663574, -376.639343262, 253.451660156, 217.820922852, 55.9755096436, 292.25680542, 17.334985733, 144.113327026, 53.4149436951, 55.7283172607, 43.7701339722, 28.3499927521, 7.75561285019], [-713.142150879, 235.232513428, -21.1539211273, 41.0259971619, 130.097793579, 17.334985733, 198.681289673, 36.7987785339, 52.4293136597, -0.66447609663, 29.6381053925, 27.7085227966, 24.5097770691], [148.718200684, -340.943756104, 216.626922607, 119.185081482, 68.4845657349, 144.113327026, 36.7987785339, 280.895324707, 26.5519256592, 75.2754440308, 38.9539375305, 46.1894989014, 25.4758052826], [232.1144104, 154.814620972, -39.5576324463, 46.3243293762, 59.4484863281, 53.4149436951, 52.4293136597, 26.5519256592, 171.974273682, 35.3923110962, 65.0521469116, 5.43440771103, 20.5402107239], [751.729003906, -231.489074707, 77.1052246094, 85.612663269, 19.6671295166, 55.7283172607, -0.66447609663, 75.2754440308, 35.3923110962, 155.451461792, 41.0881500244, 34.263671875, 11.5422096252], [35.1775665283, 114.160491943, -19.616153717, 20.6198768616, 28.1492671967, 43.7701339722, 29.6381053925, 38.9539375305, 65.0521469116, 41.0881500244, 131.707687378, 35.3174858093, 40.7831535339], [-98.4933547974, -68.4477767944, 49.5992965698, -6.73951196671, 8.01029872894, 28.3499927521, 27.7085227966, 46.1894989014, 5.43440771103, 34.263671875, 35.3174858093, 96.395980835, 29.2627429962], [-195.773742676, 82.621055603, 2.58658599854, -7.9111123085, 17.6037540436, 7.75561285019, 24.5097770691, 25.4758052826, 20.5402107239, 11.5422096252, 40.7831535339, 29.2627429962, 87.0034866333]], "icov": [[6.37280900264e-05, -1.04308401205e-05, 0.000110027744086, -7.10454769433e-05, 0.000214628496906, -9.83429490589e-05, 0.000135555019369, -5.47274757992e-05, -9.0252571681e-05, -0.00032745997305, 9.71399131231e-05, 5.36793704669e-05, 8.7911823357e-05], [-1.04308401205e-05, 0.000817892258056, 0.000111660774564, 0.000430014391895, -0.000187170066056, 0.000501204398461, -0.000857483129948, 0.0005252067931, -0.000530122721102, 0.000810441211797, -0.000853229546919, 0.000602295796853, -0.000468402111437], [0.000110027744086, 0.000111660774564, 0.00224888673984, -0.000398877484258, 0.000162719195941, -0.00136244180612, 0.000552894663997, -0.000816684507299, 0.000514087209012, -0.000640606391244, 0.000909212976694, -0.000480638322188, -9.05968190636e-05], [-7.10454769433e-05, 0.000430014391895, -0.000398877484258, 0.00314064300619, -0.00110843358561, -0.00135389610659, -0.00082651124103, 0.000542072230019, -6.22095249128e-05, -0.000377954886062, -0.000403813261073, 0.00143594143447, -8.05620802566e-05], [0.000214628496906, -0.000187170066056, 0.000162719195941, -0.00110843358561, 0.00564860831946, -0.000122028817714, -0.00227611605078, -0.000823270936962, -0.000835735641886, -0.0011736266315, 0.000392816087697, 0.000798338267487, 0.00020566819876], [-9.83429490589e-05, 0.000501204398461, -0.00136244180612, -0.00135389610659, -0.000122028817714, 0.00747746927664, -0.000311283976771, -0.00144665397238, -0.0018640946364, 0.00168903206941, -0.00196563219652, -0.000432734232163, 0.000372532522306], [0.000135555019369, -0.000857483129948, 0.000552894663997, -0.00082651124103, -0.00227611605078, -0.000311283976771, 0.00900479312986, -0.00120129913557, -0.00105836533476, -0.000172611442395, 0.00117658206727, -0.00285896728747, 1.38430368679e-05], [-5.47274757992e-05, 0.0005252067931, -0.000816684507299, 0.000542072230019, -0.000823270936962, -0.00144665397238, -0.00120129913557, 0.00624111900106, 5.46169903828e-05, -0.000858394487295, -0.000874557008501, -0.000423309422331, -0.00108855206054], [-9.0252571681e-05, -0.000530122721102, 0.000514087209012, -6.22095249128e-05, -0.000835735641886, -0.0018640946364, -0.00105836533476, 5.46169903828e-05, 0.00902484450489, -0.00142551120371, -0.00268540321849, 0.00119725801051, -0.000188590202015], [-0.00032745997305, 0.000810441211797, -0.000640606391244, -0.000377954886062, -0.0011736266315, 0.00168903206941, -0.000172611442395, -0.000858394487295, -0.00142551120371, 0.0112834656611, -0.00281878537498, -0.00222310074605, -0.000226241114433], [9.71399131231e-05, -0.000853229546919, 0.000909212976694, -0.000403813261073, 0.000392816087697, -0.00196563219652, 0.00117658206727, -0.000874557008501, -0.00268540321849, -0.00281878537498, 0.0130541604012, -0.00306643405929, -0.00309442868456], [5.36793704669e-05, 0.000602295796853, -0.000480638322188, 0.00143594143447, 0.000798338267487, -0.000432734232163, -0.00285896728747, -0.000423309422331, 0.00119725801051, -0.00222310074605, -0.00306643405929, 0.0150840580463, -0.00312361656688], [8.7911823357e-05, -0.000468402111437, -9.05968190636e-05, -8.05620802566e-05, 0.00020566819876, 0.000372532522306, 1.38430368679e-05, -0.00108855206054, -0.000188590202015, -0.000226241114433, -0.00309442868456, -0.00312361656688, 0.0149474646896]]}, "melbands": {"dmean": [0.00264682597481, 0.00226534903049, 0.0012629700359, 0.000574688485358, 0.000345931359334, 0.000341127626598, 0.000213754901779, 0.000113640613563, 0.000102945959952, 6.10995994066e-05, 7.39118913771e-05, 4.05204009439e-05, 3.00223764498e-05, 2.72058223345e-05, 1.4223765902e-05, 7.94046991359e-06, 1.1801816072e-05, 1.3798477994e-05, 6.86142630002e-06, 6.53731649436e-06, 3.04686409436e-06, 3.03675051327e-06, 2.78521429209e-06, 3.66123708773e-06, 3.40408359989e-06, 4.2456454139e-06, 2.84645693682e-06, 2.37359768107e-06, 2.29008719543e-06, 1.89616230273e-06, 3.06525976157e-06, 2.24668428928e-06, 2.43795966526e-06, 2.02459727916e-06, 2.95277413898e-06, 2.33226387536e-06, 2.88577393803e-06, 1.89837760445e-06, 1.63750519278e-06, 1.25579640553e-06], "dmean2": [0.00405605742708, 0.00395570741966, 0.00226881029084, 0.000989193562418, 0.000549337477423, 0.000503381364979, 0.000320656778058, 0.000179198454134, 0.000151923435624, 8.99262740859e-05, 0.000112355097372, 6.45654727123e-05, 4.75577289762e-05, 4.23478668381e-05, 2.20281835936e-05, 1.27678385979e-05, 1.94660133275e-05, 2.10043035622e-05, 1.01091982287e-05, 1.06575380414e-05, 4.79829895994e-06, 4.58458907815e-06, 4.53622487839e-06, 6.23133973932e-06, 5.56744862479e-06, 7.10768790668e-06, 4.5012134251e-06, 3.63024014405e-06, 3.64562220057e-06, 2.95752397506e-06, 5.28646614839e-06, 3.78025106329e-06, 4.12032841268e-06, 3.27455927618e-06, 4.85319105792e-06, 3.84049644708e-06, 4.77925414089e-06, 3.0903379411e-06, 2.76279365607e-06, 2.10105554288e-06], "dvar": [2.39627916017e-05, 2.76127902907e-05, 1.10551700345e-05, 2.00433214559e-06, 3.43023572213e-07, 3.49445713255e-07, 2.25882459404e-07, 8.05826303463e-08, 7.1684297609e-08, 4.54763551261e-08, 4.02131732358e-08, 1.12491731485e-08, 6.3183427379e-09, 1.71137504168e-08, 1.56167978549e-09, 4.16880807652e-10, 1.24942267643e-09, 3.67739927398e-09, 2.51411835794e-10, 2.75862110932e-10, 4.45976276742e-11, 5.11098004197e-11, 3.39043515485e-11, 1.11541956227e-10, 6.19632470333e-11, 9.29627902435e-11, 5.76417247267e-11, 5.03644001504e-11, 2.75938698974e-11, 1.73335581999e-11, 6.52239998122e-11, 4.36128667902e-11, 4.85086588953e-11, 1.97100044619e-11, 3.88997757617e-11, 2.42645261522e-11, 3.91803360589e-11, 1.67071391444e-11, 1.27206049513e-11, 7.04037609461e-12], "dvar2": [4.86361059302e-05, 7.80594709795e-05, 3.15519282594e-05, 5.37891446584e-06, 8.47490127853e-07, 6.66971573082e-07, 4.27617692367e-07, 1.68333542661e-07, 1.3655679254e-07, 8.05423354677e-08, 8.15958784983e-08, 2.37644517398e-08, 1.41112170837e-08, 4.46802168597e-08, 4.29983249006e-09, 9.99298310767e-10, 3.83874532162e-09, 1.01012611609e-08, 4.7525405833e-10, 6.42517428151e-10, 1.0340148876e-10, 1.11583645102e-10, 8.37139316201e-11, 3.10141273774e-10, 1.60109703273e-10, 2.46439230134e-10, 1.42305903172e-10, 1.13692208425e-10, 6.88680917849e-11, 3.94548005378e-11, 1.76388847972e-10, 1.18380624747e-10, 1.30641650276e-10, 5.03119143569e-11, 9.82797732085e-11, 6.17891571242e-11, 1.00501121314e-10, 4.19795240236e-11, 3.27976361347e-11, 1.82575066177e-11], "max": [0.0564206764102, 0.0519342310727, 0.0338633470237, 0.0154302120209, 0.0100842360407, 0.0125452904031, 0.0157487280667, 0.00565938511863, 0.00782978814095, 0.00892451778054, 0.00389286899008, 0.00329890241846, 0.00241031707264, 0.00565549870953, 0.00153802020941, 0.000804204551969, 0.00106158806011, 0.00243953755125, 0.000629103218671, 0.00059227750171, 0.000140513351653, 0.00020261190366, 0.000104382917925, 0.000139664873132, 0.00012603464711, 0.00012370100012, 0.000359681725968, 0.000325482484186, 0.000151338477735, 0.00011533749057, 9.3720453151e-05, 0.000108118212665, 7.42643605918e-05, 5.08602570335e-05, 6.21812359896e-05, 4.40564799646e-05, 6.47988927085e-05, 4.40290095867e-05, 3.35975855705e-05, 3.15041324939e-05], "mean": [0.00444251066074, 0.00292182597332, 0.00173750834074, 0.000951642112341, 0.000797719112597, 0.000821438559797, 0.000469192600576, 0.000222207250772, 0.000232854814385, 0.000128730884171, 0.00012580533803, 7.61368282838e-05, 5.38632084499e-05, 4.9114034482e-05, 2.75055554084e-05, 1.2936404346e-05, 1.81638297363e-05, 2.22953567572e-05, 1.18937878142e-05, 8.94790991879e-06, 4.48009268439e-06, 4.70412305731e-06, 3.91434150515e-06, 4.17116370954e-06, 4.30971749665e-06, 4.44973420599e-06, 4.43467115474e-06, 3.48260846295e-06, 2.56219391304e-06, 2.09005611396e-06, 2.53139364759e-06, 1.96729820345e-06, 2.27255077334e-06, 2.00105910153e-06, 2.51073515756e-06, 1.89483444046e-06, 2.3292750484e-06, 1.64294226579e-06, 1.32347497583e-06, 1.04126092992e-06], "median": [0.000432115717558, 0.00134333013557, 0.000945747364312, 0.000481535797007, 0.000487388781039, 0.000455839151982, 0.000172121159267, 5.86313326494e-05, 9.58933451329e-05, 3.45800508512e-05, 3.79894954676e-05, 2.11968181247e-05, 1.95105221792e-05, 1.56143341883e-05, 1.09707680167e-05, 4.11674864154e-06, 6.63483069729e-06, 4.29134297519e-06, 3.65417827197e-06, 2.7290361686e-06, 1.69002169059e-06, 1.61875004778e-06, 1.28358021811e-06, 9.75104057943e-07, 1.10555242827e-06, 8.7920398073e-07, 7.72268663241e-07, 6.76811339417e-07, 5.56071597657e-07, 4.83674455154e-07, 4.05148881555e-07, 3.14604506002e-07, 4.90406819154e-07, 4.88806790599e-07, 3.90761726976e-07, 2.44303208774e-07, 2.48460736429e-07, 2.07726216672e-07, 1.37896265073e-07, 9.16468749779e-08], "min": [1.04514461616e-23, 5.43650119265e-24, 6.31405530716e-24, 8.74590364096e-24, 4.95688914506e-24, 2.74778830963e-24, 6.09273367489e-24, 4.27942644371e-24, 3.76432117741e-24, 4.46481506732e-24, 5.70694834894e-24, 1.48805656674e-23, 1.07231085581e-23, 7.90161657968e-24, 7.84657223229e-24, 9.11995781639e-24, 8.07461298733e-24, 1.31391291867e-23, 9.32938776495e-24, 1.17176523226e-23, 1.28730558697e-23, 1.18157022111e-23, 1.62211558897e-23, 8.89468675199e-24, 1.15346034604e-23, 1.64255529057e-23, 8.38229713936e-24, 1.92399230479e-23, 1.78228780043e-23, 9.87946205188e-24, 5.84346546175e-24, 6.13416228305e-24, 7.44951408401e-24, 1.23539167632e-23, 1.83426410999e-23, 1.07154155866e-23, 9.02536944955e-24, 1.1727858605e-23, 1.04181625423e-23, 7.36391794262e-24], "var": [6.77834468661e-05, 2.42940968747e-05, 8.15958810563e-06, 2.64930827143e-06, 9.8218220046e-07, 1.25076132917e-06, 8.1096033e-07, 2.62361282921e-07, 2.05820711585e-07, 1.39019761036e-07, 9.28648589138e-08, 3.90251813087e-08, 1.69595253396e-08, 4.47067876053e-08, 3.95463928271e-09, 8.99481600314e-10, 2.9332940521e-09, 8.04364930218e-09, 7.84141751531e-10, 4.97958785317e-10, 7.16551054603e-11, 9.37861593941e-11, 5.72225253292e-11, 1.02918978895e-10, 8.73033034754e-11, 9.75465472286e-11, 3.20046628088e-10, 2.0126621203e-10, 3.58154617075e-11, 2.086035511e-11, 4.59102547645e-11, 3.09731372494e-11, 3.75155115306e-11, 1.80498914426e-11, 3.23019215542e-11, 1.97344328379e-11, 3.09440147117e-11, 1.41302160944e-11, 1.00016583557e-11, 5.71169890898e-12]}, "mfcc": {"mean": [-694.573242188, 138.389785767, 28.7424697876, 20.7957496643, 1.94568228722, 6.70446109772, -0.0714840069413, 3.25956010818, -3.31170630455, 1.08657193184, -3.44167637825, -2.4871673584, -0.400371223688], "cov": [[15185.375, 604.814208984, 536.512268066, -94.1928863525, -120.300254822, -74.2376937866, -295.489135742, -249.394607544, -228.92074585, 129.426116943, -75.4336471558, 16.6969203949, 104.556640625], [604.814208984, 2675.51098633, -461.698150635, -50.6158828735, -291.452575684, -22.6443271637, -194.703079224, -122.36264801, -94.8482818604, -146.437988281, -45.8420295715, -25.7457027435, -23.9296207428], [536.512268066, -461.698150635, 660.825317383, 46.9915275574, 167.798065186, 50.3597412109, 101.226699829, 98.7603759766, 55.6298522949, 95.2286758423, 17.4046363831, 48.8981056213, 14.9539175034], [-94.1928863525, -50.6158828735, 46.9915275574, 310.52722168, 97.1231155396, 82.9033737183, 88.5898590088, 39.8287315369, 54.0289421082, 34.1039085388, 54.5379371643, 8.44783687592, 27.3984985352], [-120.300254822, -291.452575684, 167.798065186, 97.1231155396, 257.921630859, 66.815574646, 88.3922271729, 77.5275344849, 55.1642341614, 102.051963806, 41.7148513794, 40.6140213013, 24.7900867462], [-74.2376937866, -22.6443271637, 50.3597412109, 82.9033737183, 66.815574646, 188.001434326, 32.9030227661, 49.9118118286, 18.1054153442, 29.9363193512, 40.5500717163, 9.1204624176, 21.1247367859], [-295.489135742, -194.703079224, 101.226699829, 88.5898590088, 88.3922271729, 32.9030227661, 178.566467285, 69.5256347656, 66.0537490845, 40.3017425537, 33.9075050354, 29.0702075958, 24.7038784027], [-249.394607544, -122.36264801, 98.7603759766, 39.8287315369, 77.5275344849, 49.9118118286, 69.5256347656, 163.829467773, 61.6088562012, 53.2287101746, 34.9097633362, 28.741601944, 24.7042350769], [-228.92074585, -94.8482818604, 55.6298522949, 54.0289421082, 55.1642341614, 18.1054153442, 66.0537490845, 61.6088562012, 130.01701355, 41.7310943604, 35.4315757751, 27.0426177979, 16.6265506744], [129.426116943, -146.437988281, 95.2286758423, 34.1039085388, 102.051963806, 29.9363193512, 40.3017425537, 53.2287101746, 41.7310943604, 137.676193237, 41.0754852295, 27.1280822754, 28.3694877625], [-75.4336471558, -45.8420295715, 17.4046363831, 54.5379371643, 41.7148513794, 40.5500717163, 33.9075050354, 34.9097633362, 35.4315757751, 41.0754852295, 106.260772705, 41.766166687, 30.2041358948], [16.6969203949, -25.7457027435, 48.8981056213, 8.44783687592, 40.6140213013, 9.1204624176, 29.0702075958, 28.741601944, 27.0426177979, 27.1280822754, 41.766166687, 100.231582642, 51.3136787415], [104.556640625, -23.9296207428, 14.9539175034, 27.3984985352, 24.7900867462, 21.1247367859, 24.7038784027, 24.7042350769, 16.6265506744, 28.3694877625, 30.2041358948, 51.3136787415, 99.3781738281]], "icov": [[7.93431245256e-05, -2.33741811826e-05, -0.000116212366265, -2.92439235636e-05, 6.35513642919e-05, 2.0869758373e-05, 0.000113635862363, 0.000121802586364, 9.48430024437e-05, -0.000158130147611, 3.17265403282e-05, 1.52651755343e-05, -0.000130623651785], [-2.33741811826e-05, 0.000481862574816, 0.000255581806414, -0.000145799655002, 0.000366930908058, -0.000160566632985, 0.000272334553301, -5.65746777283e-05, 2.42954229179e-06, 9.78263051366e-05, 0.000125967591885, -0.00033047926263, 0.000135349022457], [-0.000116212366265, 0.000255581806414, 0.00225080596283, 8.29789714771e-05, -0.000676094554365, -0.000258446030784, -0.000562517321669, -0.000681552570313, -5.86312053201e-05, -0.000372042733943, 0.000698387681041, -0.000912123068701, 0.000729820400011], [-2.92439235636e-05, -0.000145799655002, 8.29789714771e-05, 0.00468092737719, -0.00133790122345, -0.00119239988271, -0.00160906312522, 0.000625611341093, -0.000918182020541, 0.000749072700273, -0.00158193090465, 0.00163486879319, -0.000899259292055], [6.35513642919e-05, 0.000366930908058, -0.000676094554365, -0.00133790122345, 0.00764301372692, -0.00115676410496, -0.000985712045804, -0.000539353000931, 0.000195191343664, -0.00393586419523, 0.000840942491777, -0.00188429653645, 0.0010187998414], [2.0869758373e-05, -0.000160566632985, -0.000258446030784, -0.00119239988271, -0.00115676410496, 0.00695530837402, 0.000357653509127, -0.00146884843707, 0.000815694220364, 0.000344017811585, -0.00187505350914, 0.00128087669145, -0.000932850409299], [0.000113635862363, 0.000272334553301, -0.000562517321669, -0.00160906312522, -0.000985712045804, 0.000357653509127, 0.00911051407456, -0.00152718101162, -0.00215640454553, 0.000479851965792, -9.79743563221e-05, -0.000514140352607, -0.000721902411897], [0.000121802586364, -5.65746777283e-05, -0.000681552570313, 0.000625611341093, -0.000539353000931, -0.00146884843707, -0.00152718101162, 0.00939994957298, -0.00239121355116, -0.00129828113131, -0.000422260607593, -8.3677128714e-05, -0.000779775204137], [9.48430024437e-05, 2.42954229179e-06, -5.86312053201e-05, -0.000918182020541, 0.000195191343664, 0.000815694220364, -0.00215640454553, -0.00239121355116, 0.0112975761294, -0.00152916857041, -0.00125139334705, -0.00117321149446, 0.00060366204707], [-0.000158130147611, 9.78263051366e-05, -0.000372042733943, 0.000749072700273, -0.00393586419523, 0.000344017811585, 0.000479851965792, -0.00129828113131, -0.00152916857041, 0.0122577231377, -0.00288604013622, 0.00120423361659, -0.00183649326209], [3.17265403282e-05, 0.000125967591885, 0.000698387681041, -0.00158193090465, 0.000840942491777, -0.00187505350914, -9.79743563221e-05, -0.000422260607593, -0.00125139334705, -0.00288604013622, 0.0142540792003, -0.00498014921322, -8.14019149402e-05], [1.52651755343e-05, -0.00033047926263, -0.000912123068701, 0.00163486879319, -0.00188429653645, 0.00128087669145, -0.000514140352607, -8.3677128714e-05, -0.00117321149446, 0.00120423361659, -0.00498014921322, 0.0168764851987, -0.0074107395485], [-0.000130623651785, 0.000135349022457, 0.000729820400011, -0.000899259292055, 0.0010187998414, -0.000932850409299, -0.000721902411897, -0.000779775204137, 0.00060366204707, -0.00183649326209, -8.14019149402e-05, -0.0074107395485, 0.0149626741186]]}, "spectral_contrast_coeffs": {"dmean": [0.0529273562133, 0.0508432425559, 0.0390394106507, 0.0294385235757, 0.0227840282023, 0.0201108772308], "dmean2": [0.0849994271994, 0.0815641880035, 0.0625148639083, 0.0465332083404, 0.03670424968, 0.0318863466382], "dvar": [0.00215134490281, 0.00200612307526, 0.00110213377047, 0.00060649192892, 0.000401850527851, 0.000379740115022], "dvar2": [0.00522690825164, 0.00475278543308, 0.00261629535817, 0.00144266779535, 0.00098511914257, 0.000882357126102], "max": [-0.295837014914, -0.373738527298, -0.487816989422, -0.592704296112, -0.619047045708, -0.580150842667], "mean": [-0.624313652515, -0.686248838902, -0.75973200798, -0.794845879078, -0.813276231289, -0.788729310036], "median": [-0.623837292194, -0.678901791573, -0.765055298805, -0.79845303297, -0.817001402378, -0.793903887272], "min": [-0.956738710403, -0.967524707317, -0.972675383091, -0.964618325233, -0.962074279785, -0.956846415997], "var": [0.0100002959371, 0.00848864205182, 0.00458247633651, 0.0028533176519, 0.00167210504878, 0.00224254233763]}, "spectral_contrast_valleys": {"dmean": [0.46053647995, 0.432194530964, 0.395347118378, 0.380530506372, 0.449442893267, 0.695428013802], "dmean2": [0.740557432175, 0.715785205364, 0.626504957676, 0.563969433308, 0.59811514616, 0.861492216587], "dvar": [0.198700383306, 0.241296112537, 0.175662279129, 0.176724538207, 0.219220578671, 0.50285577774], "dvar2": [0.425485759974, 0.569881856441, 0.364263981581, 0.347532123327, 0.401200473309, 0.966526687145], "max": [-5.02476787567, -4.53398370743, -5.20663309097, 