{"lowlevel": {"average_loudness": 0.954440534115, "barkbands_crest": {"dmean": 1.61933374405, "dmean2": 2.53930068016, "dvar": 2.0688431263, "dvar2": 4.96856021881, "max": 22.1980781555, "mean": 7.60763406754, "median": 6.98889160156, "min": 2.74117994308, "var": 7.84346818924}, "barkbands_flatness_db": {"dmean": 0.0105222733691, "dmean2": 0.015669953078, "dvar": 8.10062119854e-05, "dvar2": 0.000170012601302, "max": 0.388528198004, "mean": 0.220555827022, "median": 0.223041281104, "min": 0.0602737031877, "var": 0.00156578270253}, "barkbands_kurtosis": {"dmean": 0.518524587154, "dmean2": 0.805839121342, "dvar": 0.38639575243, "dvar2": 0.922304391861, "max": 19.0876941681, "mean": -0.159292519093, "median": -0.447415590286, "min": -1.8997797966, "var": 1.5025806427}, "barkbands_skewness": {"dmean": 0.255943000317, "dmean2": 0.385560512543, "dvar": 0.0473483018577, "dvar2": 0.113016493618, "max": 3.58789205551, "mean": 0.325575858355, "median": 0.303807258606, "min": -2.01526999474, "var": 0.273548126221}, "barkbands_spread": {"dmean": 1.92071139812, "dmean2": 2.95358514786, "dvar": 5.41312074661, "dvar2": 12.086356163, "max": 150.616424561, "mean": 14.2873163223, "median": 12.3231801987, "min": 1.00069904327, "var": 222.685195923}, "dissonance": {"dmean": 0.0233189184219, "dmean2": 0.0387407243252, "dvar": 0.00041541500832, "dvar2": 0.00112377619371, "max": 0.499987959862, "mean": 0.44538217783, "median": 0.450760662556, "min": 0.253368079662, "var": 0.00110998004675}, "dynamic_complexity": 1.61101078987, "erbbands_crest": {"dmean": 2.27358078957, "dmean2": 3.61203050613, "dvar": 4.1177816391, "dvar2": 9.93500804901, "max": 30.5890598297, "mean": 9.69891357422, "median": 8.99328804016, "min": 2.44003582001, "var": 11.5859222412}, "erbbands_flatness_db": {"dmean": 0.0110317869112, "dmean2": 0.0161409042776, "dvar": 9.29262168938e-05, "dvar2": 0.000187240715604, "max": 0.448693096638, "mean": 0.291258215904, "median": 0.298977464437, "min": 0.0380886532366, "var": 0.00213030958548}, "erbbands_kurtosis": {"dmean": 0.617624282837, "dmean2": 0.946208000183, "dvar": 0.499248147011, "dvar2": 1.17729747295, "max": 18.5397644043, "mean": 0.315525740385, "median": 0.0316128730774, "min": -1.69542729855, "var": 1.64187407494}, "erbbands_skewness": {"dmean": 0.267697781324, "dmean2": 0.401755690575, "dvar": 0.0492125637829, "dvar2": 0.112060777843, "max": 2.75602912903, "mean": -0.192171275616, "median": -0.200542151928, "min": -2.17452907562, "var": 0.269284963608}, "erbbands_spread": {"dmean": 2.31825351715, "dmean2": 3.49899148941, "dvar": 4.35258626938, "dvar2": 10.2288312912, "max": 91.0832138062, "mean": 15.3952560425, "median": 14.5088863373, "min": 1.73510038853, "var": 39.6600914001}, "hfc": {"dmean": 4.78524827957, "dmean2": 7.29171895981, "dvar": 23.8057918549, "dvar2": 54.2341880798, "max": 92.348815918, "mean": 28.2790660858, "median": 27.0660877228, "min": 1.16267236351e-16, "var": 146.027404785}, "melbands_crest": {"dmean": 2.03938436508, "dmean2": 3.15852427483, "dvar": 3.34737992287, "dvar2": 8.14857006073, "max": 34.350605011, "mean": 10.1350040436, "median": 9.22901058197, "min": 1.92115592957, "var": 17.0346450806}, "melbands_flatness_db": {"dmean": 0.011304683052, "dmean2": 0.0167182274163, "dvar": 0.000107005420432, "dvar2": 0.000228877688642, "max": 0.48300498724, "mean": 0.273812204599, "median": 0.273925453424, "min": 0.00632740044966, "var": 0.00283669726923}, "melbands_kurtosis": {"dmean": 0.746724426746, "dmean2": 1.14388561249, "dvar": 0.862308502197, "dvar2": 2.07577562332, "max": 30.4052619934, "mean": 0.529802501202, "median": 0.0312082767487, "min": -1.62872350216, "var": 3.39816021919}, "melbands_skewness": {"dmean": 0.271435528994, "dmean2": 0.407741069794, "dvar": 0.055978987366, "dvar2": 0.132406651974, "max": 3.81100392342, "mean": 0.739899456501, "median": 0.67523008585, "min": -1.74780869484, "var": 0.355775386095}, "melbands_spread": {"dmean": 3.1459479332, "dmean2": 4.7806391716, "dvar": 8.39406394958, "dvar2": 19.5851287842, "max": 149.339508057, "mean": 21.4282474518, "median": 20.4828720093, "min": 2.63650560379, "var": 80.28565979}, "pitch_salience": {"dmean": 0.0486420914531, "dmean2": 0.0766486078501, "dvar": 0.00159270153381, "dvar2": 0.0039177662693, "max": 0.848396837711, "mean": 0.597147464752, "median": 0.600872576237, "min": 0.270281344652, "var": 0.0060504944995}, "silence_rate_20dB": {"dmean": 0, "dmean2": 0, "dvar": 0, "dvar2": 0, "max": 1, "mean": 1, "median": 1, "min": 1, "var": 0}, "silence_rate_30dB": {"dmean": 0, "dmean2": 0, "dvar": 0, "dvar2": 0, "max": 1, "mean": 1, "median": 1, "min": 1, "var": 0}, "silence_rate_60dB": {"dmean": 0.000384270533687, "dmean2": 0.000768590252846, "dvar": 0.000384091690648, "dvar2": 0.000896034704056, "max": 1, "mean": 0.0261287223548, "median": 0, "min": 0, "var": 0.0254461299628}, "spectral_centroid": {"dmean": 85.6879119873, "dmean2": 131.472686768, "dvar": 9915.07421875, "dvar2": 18709.8359375, "max": 11134.8203125, "mean": 949.327392578, "median": 908.194274902, "min": 343.636505127, "var": 141661.6875}, "spectral_complexity": {"dmean": 1.89739978313, "dmean2": 3.20117855072, "dvar": 2.64823150635, "dvar2": 7.06552505493, "max": 46, "mean": 20.7706050873, "median": 21, "min": 0, "var": 23.9563426971}, "spectral_decrease": {"dmean": 1.37813760404e-09, "dmean2": 2.09706563226e-09, "dvar": 1.71023603471e-18, "dvar2": 4.03865681482e-18, "max": 3.50880301436e-16, "mean": -9.11313602359e-09, "median": -9.03499230986e-09, "min": -2.35402541904e-08, "var": 1.22491775424e-17}, "spectral_energy": {"dmean": 0.0055556348525, "dmean2": 0.00844806060195, "dvar": 2.74708399957e-05, "dvar2": 6.4374115027e-05, "max": 0.0958964079618, "mean": 0.0369599461555, "median": 0.0366863198578, "min": 1.06979131297e-20, "var": 0.00019872757548}, "spectral_energyband_high": {"dmean": 1.6784591935e-05, "dmean2": 2.52290810749e-05, "dvar": 1.60921975745e-09, "dvar2": 3.57349905222e-09, "max": 0.00122674321756, "mean": 5.4294232541e-05, "median": 1.43208690133e-05, "min": 8.21956611556e-21, "var": 1.36139499674e-08}, "spectral_energyband_low": {"dmean": 0.00172476225998, "dmean2": 0.0028680076357, "dvar": 9.78646949079e-06, "dvar2": 2.77467770502e-05, "max": 0.0578293353319, "mean": 0.00447439821437, "median": 0.00266241421923, "min": 3.0515373868e-23, "var": 2.89502495434e-05}, "spectral_energyband_middle_high": {"dmean": 0.00358316325583, "dmean2": 0.00532795814797, "dvar": 1.31940951178e-05, "dvar2": 2.90047046292e-05, "max": 0.0826538801193, "mean": 0.0153221730143, "median": 0.0139747420326, "min": 1.27758974571e-21, "var": 7.11461543688e-05}, "spectral_energyband_middle_low": {"dmean": 0.00380096770823, "dmean2": 0.00550104444847, "dvar": 1.36119988383e-05, "dvar2": 3.10758623527e-05, "max": 0.0793581902981, "mean": 0.0184037424624, "median": 0.0170785672963, "min": 3.39141223869e-22, "var": 8.65053225425e-05}, "spectral_entropy": {"dmean": 0.0790394246578, "dmean2": 0.119439266622, "dvar": 0.00534045696259, "dvar2": 0.0122034084052, "max": 9.78577136993, "mean": 6.76783418655, "median": 6.74752521515, "min": 5.43847417831, "var": 0.125826463103}, "spectral_flux": {"dmean": 0.0142092723399, "dmean2": 0.0237405896187, "dvar": 0.000190102786291, "dvar2": 0.000500742695294, "max": 0.212667956948, "mean": 0.0731730461121, "median": 0.0719363763928, "min": 1.03430715381e-10, "var": 0.000683030113578}, "spectral_kurtosis": {"dmean": 11.4100627899, "dmean2": 20.2753658295, "dvar": 128.829986572, "dvar2": 390.990539551, "max": 169.850524902, "mean": 24.4528713226, "median": 19.8483486176, "min": -1.141690135, "var": 301.9347229}, "spectral_rms": {"dmean": 0.000442462594947, "dmean2": 0.000669927278068, "dvar": 1.52974493517e-07, "dvar2": 3.55750501058e-07, "max": 0.00967251136899, "mean": 0.00583878392354, "median": 0.0059826024808, "min": 3.23063277519e-12, "var": 1.96707856048e-06}, "spectral_rolloff": {"dmean": 152.753753662, "dmean2": 264.340118408, "dvar": 68139.9765625, "dvar2": 145545.28125, "max": 19767.4804688, "mean": 1566.0378418, "median": 1313.52539062, "min": 301.46484375, "var": 4748169}, "spectral_skewness": {"dmean": 0.735008656979, "dmean2": 1.30483841896, "dvar": 0.456024855375, "dvar2": 1.40734708309, "max": 9.80768680573, "mean": 3.00206422806, "median": 2.79058003426, "min": 0.0163128338754, "var": 1.04784572124}, "spectral_spread": {"dmean": 163169.78125, "dmean2": 274048.28125, "dvar": 79594381312, "dvar2": 120848572416, "max": 39724512, "mean": 1712735.75, "median": 1467853.125, "min": 422504.875, "var": 1826999631870.0}, "spectral_strongpeak": {"dmean": 0.895860731602, "dmean2": 1.50519740582, "dvar": 1.19664025307, "dvar2": 2.92798352242, "max": 11.3371992111, "mean": 2.00422739983, "median": 1.73612093925, "min": 0, "var": 2.31164383888}, "zerocrossingrate": {"dmean": 0.00352713931352, "dmean2": 0.0044643660076, "dvar": 2.45257342613e-05, "dvar2": 3.5884015233e-05, "max": 0.7080078125, "mean": 0.0506498217583, "median": 0.04248046875, "min": 0.015625, "var": 0.00468290504068}, "barkbands": {"dmean": [1.39424037116e-05, 0.000322865409544, 0.00117589323781, 0.000608321046457, 0.00123996264301, 0.00143511069473, 0.00137152441312, 0.00128963252064, 0.00112636981066, 0.00169556681067, 0.00138032133691, 0.000848826137371, 0.00133377173916, 0.000721921387594, 0.000988453044556, 0.000388922402635, 0.000145415280713, 4.63210635644e-05, 3.40600381605e-05, 1.85655990208e-05, 9.90317494143e-06, 2.9832524433e-06, 1.09985955987e-06, 5.93459560605e-07, 3.04516532879e-07, 3.5730528225e-07, 6.58796750486e-08], "dmean2": [2.24610048463e-05, 0.000529776152689, 0.00199345964938, 0.00099703297019, 0.00189436099026, 0.00211548455991, 0.00167787901592, 0.00179300457239, 0.00154914811719, 0.00233390252106, 0.00202658213675, 0.0012933651451, 0.00203152978793, 0.00116360897664, 0.00163803482428, 0.00063646316994, 0.000241229368839, 7.73127685534e-05, 5.73590950808e-05, 3.14768258249e-05, 1.54825629579e-05, 4.79636128148e-06, 1.73246951363e-06, 9.06239506548e-07, 3.90698659203e-07, 3.96793126356e-07, 9.65194146829e-08], "dvar": [2.93954371955e-09, 7.84427584222e-07, 5.20148932992e-06, 1.07621610823e-06, 3.44624686477e-06, 4.38546567239e-06, 3.16997352456e-06, 3.19273908644e-06, 1.96717360268e-06, 5.12812039233e-06, 3.94521066482e-06, 2.10927532862e-06, 2.88831415673e-06, 1.2383846979e-06, 2.05277001442e-06, 4.28612565884e-07, 5.40402957938e-08, 9.02496122279e-09, 5.42325961916e-09, 2.61107491184e-09, 6.5899474766e-10, 8.20683451752e-11, 1.17031991737e-11, 7.23683439563e-12, 7.21503152362e-12, 3.25457924499e-11, 1.59087716958e-12], "dvar2": [7.36912131316e-09, 2.22268340622e-06, 1.51480480781e-05, 3.30494526679e-06, 9.09920436243e-06, 1.09096636152e-05, 4.67688687422e-06, 6.11925725025e-06, 3.86572855859e-06, 9.16506542126e-06, 8.44427813718e-06, 4.48079617854e-06, 6.55363191981e-06, 3.08712515107e-06, 5.34993841939e-06, 1.04061302864e-06, 1.4227062195e-07, 2.60799488672e-08, 1.52719117352e-08, 7.51165973867e-09, 1.63647850826e-09, 2.1079739343e-10, 2.5585500732e-11, 1.43105440692e-11, 9.96752506921e-12, 3.6896163208e-11, 2.54031518043e-12], "max": [0.00169451767579, 0.0200126096606, 0.0403789356351, 0.0195849202573, 0.0568462647498, 0.0337624847889, 0.0601114109159, 0.0367711260915, 0.0324782207608, 0.075298383832, 0.0518618114293, 0.0533760301769, 0.0333118848503, 0.0233191922307, 0.0281050354242, 0.0187735613436, 0.00605369266123, 0.00169954122975, 0.00203881319612, 0.00144201086368, 0.000795866362751, 0.000263853755314, 0.000133993657073, 0.000132509332616, 0.000181205119588, 0.000278950174106, 5.39413085789e-05], "mean": [2.03138715733e-05, 0.000619826780166, 0.0028319277335, 0.0013992539607, 0.00329985027201, 0.00356873287819, 0.00375924236141, 0.00301925465465, 0.00277125625871, 0.00396048603579, 0.00287001952529, 0.00178483931813, 0.00272037019022, 0.00145237485413, 0.00167416082695, 0.000704446516465, 0.000274540157989, 8.63516615937e-05, 6.77878488204e-05, 3.8342532207e-05, 2.25966723519e-05, 7.70720907894e-06, 2.96741450256e-06, 1.79931714683e-06, 9.07037247089e-07, 6.76191405091e-07, 1.06805750022e-07], "median": [1.0791677596e-06, 0.000170509316376, 0.00127974047791, 0.00069208588684, 0.00191535463091, 0.00209400104359, 0.00248111761175, 0.00176551647019, 0.00197732308879, 0.00236899824813, 0.00180014502257, 0.00102470535785, 0.00187206314877, 0.000929124013055, 0.0010814369889, 0.000428770261351, 0.000175395951374, 4.25649559475e-05, 2.83566787402e-05, 1.18372536235e-05, 5.76679258302e-06, 1.84495070243e-06, 6.26347002708e-07, 2.99812228377e-07, 9.89820350128e-08, 2.23137686106e-08, 3.29979021885e-09], "min": [9.89079009448e-24, 8.84208314025e-24, 1.50071699541e-23, 2.64216575088e-24, 1.6005380344e-23, 6.22660471157e-23, 1.06616091197e-22, 5.20800794699e-23, 9.29670304884e-23, 5.26900235664e-23, 5.38138001021e-23, 5.78816591786e-23, 9.33611643293e-23, 1.176041663e-22, 4.82690861259e-23, 1.71674384062e-22, 1.23597312991e-22, 1.89377419895e-22, 2.63293674093e-22, 3.66326329918e-22, 4.86330602367e-22, 5.84921958674e-22, 7.79161222992e-22, 1.10377316884e-21, 1.13029797938e-21, 1.91939001454e-21, 2.15271876297e-21], "var": [4.99301533452e-09, 1.46950264934e-06, 1.65154160641e-05, 3.35141612595e-06, 1.57947888511e-05, 1.83858865057e-05, 1.67363141372e-05, 1.2854094166e-05, 7.05917136656e-06, 2.63208785327e-05, 1.08444828584e-05, 6.30527074463e-06, 7.62390664022e-06, 2.96269240607e-06, 3.67718803318e-06, 8.17301270217e-07, 1.04388867328e-07, 1.90076558937e-08, 1.40161775519e-08, 6.65517596588e-09, 2.68487343469e-09, 3.67585878402e-10, 6.53919488003e-11, 4.77278876143e-11, 3.9516234035e-11, 9.47856376721e-11, 3.09386132165e-12]}, "erbbands": {"dmean": [0.00421427888796, 0.10532347858, 1.0304980278, 1.99856317043, 1.99004757404, 5.38067007065, 6.31661653519, 14.0747432709, 20.8479061127, 19.3610725403, 28.3110351562, 28.9641933441, 22.3505496979, 63.8155136108, 53.2019004822, 37.5642280579, 63.2783622742, 39.5728225708, 55.3234901428, 28.5213127136, 14.4693832397, 5.56906795502, 3.3551261425, 1.52245354652, 1.44200766087, 1.01881837845, 0.516396045685, 0.268333375454, 0.105427272618, 0.0477353669703, 0.0335192345083, 0.0148182203993, 0.00886282324791, 0.00343967997469, 0.00216922024265, 0.00168826954905, 0.000606800196692, 0.000132877263241, 1.26579916468e-05, 6.60737623548e-06], "dmean2": [0.00702060712501, 0.172648414969, 1.71268987656, 3.33409118652, 3.24553322792, 8.217420578, 9.27126979828, 21.4323291779, 24.5922203064, 28.0527858734, 38.1096153259, 40.0118026733, 31.8616428375, 87.6025695801, 79.5855789185, 57.1809959412, 96.5742492676, 63.0441970825, 91.5554428101, 46.8120803833, 23.7479038239, 9.17780780792, 5.63177442551, 2.55489563942, 2.44969892502, 1.72524046898, 0.833884656429, 0.435886144638, 0.169244408607, 0.0778876543045, 0.0537100806832, 0.0225744135678, 0.0137958806008, 0.00490797823295, 0.00266204192303, 0.00187517702579, 0.000732178974431, 0.000191279308638, 1.78208683792e-05, 9.94496349449e-06], "dvar": [0.000322736654198, 0.0668813064694, 3.82403063774, 13.6177663803, 8.13446235657, 80.6134338379, 64.1769256592, 473.406921387, 731.461486816, 1031.7677002, 1852.0144043, 1379.55078125, 840.563964844, 6754.92333984, 4531.26025391, 4877.33984375, 6856.46533203, 3495.87109375, 7009.921875, 2305.4284668, 525.586914062, 65.5039138794, 42.5272407532, 13.358663559, 9.39937019348, 8.61081027985, 1.79556262493, 0.596762120724, 0.0894966647029, 0.0148902563378, 0.0118205053732, 0.00300017232075, 0.00249875290319, 0.00060679577291, 0.000447578611784, 0.000620240636636, 0.000102915568277, 6.75128967487e-06, 3.64055026125e-08, 5.10838385481e-11], "dvar2": [0.000811454316135, 0.191613465548, 10.979973793, 40.8343696594, 25.141746521, 217.303894043, 147.980484009, 1252.2479248, 982.92755127, 2221.43603516, 3327.10009766, 2716.30566406, 1650.19177246, 12110.9501953, 10160.4882812, 10301.2578125, 15708.6826172, 8817.77734375, 18261.7402344, 6114.33154297, 1327.16784668, 165.642684937, 123.41179657, 36.35987854, 27.8052539825, 24.9481830597, 4.78324794769, 1.51620697975, 0.230421051383, 0.0393578931689, 0.0260699056089, 0.00579176656902, 0.00550979236141, 0.000946443527937, 0.000543649017345, 0.000702045857906, 0.000127141291159, 1.06701700133e-05, 5.28581480808e-08, 9.98566923593e-11], "max": [0.60637909174, 5.52924966812, 33.7697105408, 61.5989151001, 57.8957252502, 247.521942139, 218.139602661, 398.687255859, 847.955444336, 1060.76696777, 997.059265137, 907.944091797, 1035.78979492, 2687.07666016, 1579.99401855, 2756.63525391, 1563.54284668, 1132.93811035, 1664.36242676, 953.835571289, 617.327270508, 174.792770386, 115.485244751, 102.473182678, 62.0486068726, 84.0310897827, 37.1160011292, 18.2387561798, 8.62396144867, 3.05175304413, 4.02360582352, 2.4561047554, 2.51241540909, 1.64127790928, 1.32651019096, 1.2984752655, 0.497480303049, 0.111753046513, 0.0084648700431, 0.000251993362326], "mean": [0.00687990570441, 0.219457671046, 2.51009678841, 4.99687099457, 5.02015352249, 13.4926452637, 16.4520168304, 33.2748374939, 58.8362770081, 48.9295501709, 69.1064147949, 74.5165176392, 61.2504348755, 151.366516113, 126.161315918, 87.1374130249, 130.791687012, 89.5665893555, 97.4421005249, 56.4332199097, 29.4501819611, 12.2566404343, 6.66869258881, 3.36867141724, 2.9604549408, 2.12485742569, 1.22497737408, 0.607154428959, 0.279534101486, 0.134668678045, 0.0896289497614, 0.044833380729, 0.0252128001302, 0.0111779579893, 0.00603394955397, 0.00348931690678, 0.00113700784277, 0.000226923104492, 3.59977129847e-05, 4.36318114225e-05], "median": [0.00224849884398, 0.0848263204098, 1.15669345856, 2.70680975914, 3.44584751129, 7.00047540665, 12.0568208694, 18.3764457703, 36.5110435486, 30.1246948242, 39.8707504272, 55.2427253723, 44.8790168762, 99.128578186, 94.8103713989, 56.0257720947, 90.2502822876, 62.7907562256, 62.9059715271, 36.848197937, 20.6165084839, 8.44202327728, 3.76739311218, 1.76342833042, 1.20930624008, 0.658085107803, 0.33905723691, 0.15625962615, 0.0716499611735, 0.0301989391446, 0.0183402020484, 0.00805801246315, 0.00388888455927, 0.00176106498111, 0.000512165192049, 0.000131891007186, 6.38592755422e-05, 9.1791680461e-06, 2.00492540898e-05, 4.29169667768e-05], "min": [3.72332148871e-22, 1.97466066403e-21, 1.47482668147e-20, 1.24941657182e-20, 2.38214267769e-20, 6.57177806826e-20, 2.29171190039e-19, 5.87401063803e-19, 1.07063775461e-18, 1.65930528363e-18, 1.45248634905e-18, 2.24950919724e-18, 1.46300353694e-18, 2.02867306679e-18, 2.02507379715e-18, 2.65440190617e-18, 4.63031594592e-18, 5.33959561064e-18, 4.05859062681e-18, 5.55008164367e-18, 8.99116291806e-18, 7.52250291329e-18, 8.88083025923e-18, 1.05584402226e-17, 1.52381111406e-17, 1.71620455642e-17, 1.95549186033e-17, 1.88513948749e-17, 1.68048954455e-17, 2.71926395041e-17, 2.17919425432e-17, 1.70304014241e-17, 2.14566796235e-17, 1.07057362743e-17, 9.85457900452e-18, 7.31635047949e-18, 3.72169402539e-18, 1.18187441844e-18, 2.82008850931e-19, 3.35107409757e-20], "var": [0.000452748354292, 0.129750236869, 11.3772583008, 44.3419799805, 26.8069057465, 316.578186035, 255.866104126, 1847.00537109, 4438.85253906, 3607.14233398, 7071.38330078, 4734.37451172, 3607.45922852, 32967.4335938, 12561.2919922, 13685.2412109, 17307.0957031, 8309.21386719, 12554.0175781, 4606.09814453, 989.988098145, 159.241134644, 89.7954788208, 31.2509479523, 26.6481323242, 20.4652729034, 7.04141283035, 2.13754320145, 0.450529456139, 0.0874321833253, 0.0650150179863, 0.0209221225232, 0.0134986666963, 0.00392332812771, 0.00231423671357, 0.00202399515547, 0.000278556108242, 1.38909008456e-05, 7.45631609789e-08, 3.20577453472e-10]}, "gfcc": {"mean": [-57.9888725281, 183.953567505, -171.326705933, -18.2841949463, -41.5063476562, -4.65384578705, -28.8473758698, -17.4366989136, -13.0480718613, -12.0939750671, -9.82230472565, -16.9216098785, -3.49396729469], "cov": [[14534.5927734, 2439.16503906, -1729.12841797, 311.198913574, -615.571716309, 60.383556366, -316.424957275, -71.7398681641, -335.285949707, -40.9187393188, -84.3981933594, -88.4487686157, -116.282073975], [2439.16503906, 1789.73059082, -318.332275391, -356.774627686, 269.518463135, -114.621948242, -83.6061782837, -190.198974609, 66.4759140015, -121.100769043, 18.0239620209, -86.4337310791, 20.9827365875], [-1729.12841797, -318.332275391, 516.799987793, 50.2386016846, 65.943572998, 44.1906433105, 57.2058296204, 33.6699981689, 9.68305683136, 59.9439277649, 36.207359314, 70.3572616577, 24.9611492157], [311.198913574, -356.774627686, 50.2386016846, 293.822235107, -110.12348175, 50.2774124146, 23.6804771423, 54.6600112915, -48.2877807617, 38.5543632507, 2.72135448456, 20.6983203888, -7.82466459274], [-615.571716309, 269.518463135, 65.943572998, -110.12348175, 254.114883423, 8.93981361389, 4.48428535461, -27.4186782837, 64.4449462891, -23.6391830444, 6.91715145111, -12.1200971603, 2.41687273979], [60.383556366, -114.621948242, 44.1906433105, 50.2774124146, 8.93981361389, 103.92842865, 43.1298484802, 18.2863349915, -11.8236579895, 29.830537796, 0.161700129509, 16.1544342041, 0.307515084743], [-316.424957275, -83.6061782837, 57.2058296204, 23.6804771423, 4.48428535461, 43.1298484802, 91.6487426758, 26.1108055115, 2.53255844116, 13.6552429199, 10.6721019745, 11.7312917709, 4.25154685974], [-71.7398681641, -190.198974609, 33.6699981689, 54.6600112915, -27.4186782837, 18.2863349915, 26.1108055115, 98.3179626465, 13.1768712997, 8.80414581299, -6.63775205612, 11.6593122482, -14.4375972748], [-335.285949707, 66.4759140015, 9.68305683136, -48.2877807617, 64.4449462891, -11.8236579895, 2.53255844116, 13.1768712997, 88.6564712524, 17.1008243561, 13.5038204193, -1.20505261421, 3.23132514954], [-40.9187393188, -121.100769043, 59.9439277649, 38.5543632507, -23.6391830444, 29.830537796, 13.6552429199, 8.80414581299, 17.1008243561, 98.2402801514, 43.8170890808, 21.9214992523, 2.14214348793], [-84.3981933594, 18.0239620209, 36.207359314, 2.72135448456, 6.91715145111, 0.161700129509, 10.6721019745, -6.63775205612, 13.5038204193, 43.8170890808, 88.7855300903, 31.6936740875, 8.45236778259], [-88.4487686157, -86.4337310791, 70.3572616577, 20.6983203888, -12.1200971603, 16.1544342041, 11.7312917709, 11.6593122482, -1.20505261421, 21.9214992523, 31.6936740875, 85.0681228638, 20.2164020538], [-116.282073975, 20.9827365875, 24.9611492157, -7.82466459274, 2.41687273979, 0.307515084743, 4.25154685974, -14.4375972748, 3.23132514954, 2.14214348793, 8.45236778259, 20.2164020538, 68.8466567993]], "icov": [[0.000974689901341, -0.00237426534295, 0.00220363470726, -0.00169016281143, 0.00213849521242, -0.00263407966122, 0.0026272025425, -0.00303158443421, 0.00303504895419, -0.00269267451949, 0.00132595386822, -0.0019131799927, 0.000857869512402], [-0.00237426534295, 0.00690976763144, -0.00478518335149, 0.00464179785922, -0.00606867903844, 0.00673891138285, -0.00637147622183, 0.00859709456563, -0.00753643270582, 0.00725824804977, -0.00397856300697, 0.00499384198338, -0.00232438300736], [0.00220363470726, -0.00478518335149, 0.00800468027592, -0.00392982363701, 0.00287053058855, -0.00503213936463, 0.0047388067469, -0.00700401933864, 0.00791586749256, -0.00763165671378, 0.00318959029391, -0.00596281234175, 0.00121707480866], [-0.00169016281143, 0.00464179785922, -0.00392982363701, 0.00840136222541, -0.00256694154814, 0.00298727164045, -0.00415143975988, 0.0034742243588, -0.00321051198989, 0.00390260550193, -0.00286645093001, 0.00371027784422, -0.00153636466712], [0.00213849521242, -0.00606867903844, 0.00287053058855, -0.00256694154814, 0.0126845436171, -0.00956428982317, 0.00640694005415, -0.00515316752717, 0.00101249990985, -0.00215469556861, 0.00175769336056, -0.00303081492893, 0.00294384476729], [-0.00263407966122, 0.00673891138285, -0.00503213936463, 0.00298727164045, -0.00956428982317, 0.0233264360577, -0.0135372178629, 0.00751740531996, -0.00359570351429, 0.000833583704662, 0.000359986152034, 0.00275962846354, -0.0024065671023], [0.0026272025425, -0.00637147622183, 0.0047388067469, -0.00415143975988, 0.00640694005415, -0.0135372178629, 0.0224746614695, -0.0112343207002, 0.00731276767328, -0.00524701178074, 0.000695613271091, -0.00379975605756, 0.00113142875489], [-0.00303158443421, 0.00859709456563, -0.00700401933864, 0.0034742243588, -0.00515316752717, 0.00751740531996, -0.0112343207002, 0.0257788226008, -0.0156887248158, 0.0110241072252, -0.00283961929381, 0.0041506155394, 0.000963953323662], [0.00303504895419, -0.00753643270582, 0.00791586749256, -0.00321051198989, 0.00101249990985, -0.00359570351429, 0.00731276767328, -0.0156887248158, 0.028941264376, -0.0156367756426, 0.00443689245731, -0.00567300245166, 0.000676431402098], [-0.00269267451949, 0.00725824804977, -0.00763165671378, 0.00390260550193, -0.00215469556861, 0.000833583704662, -0.00524701178074, 0.0110241072252, -0.0156367756426, 0.0270032230765, -0.0125616425648, 0.0064969882369, -0.00131368392613], [0.00132595386822, -0.00397856300697, 0.00318959029391, -0.00286645093001, 0.00175769336056, 0.000359986152034, 0.000695613271091, -0.00283961929381, 0.00443689245731, -0.0125616425648, 0.0201722700149, -0.00870859343559, 0.00153140618932], [-0.0019131799927, 0.00499384198338, -0.00596281234175, 0.00371027784422, -0.00303081492893, 0.00275962846354, -0.00379975605756, 0.0041506155394, -0.00567300245166, 0.0064969882369, -0.00870859343559, 0.0207688845694, -0.00593604007736], [0.000857869512402, -0.00232438300736, 0.00121707480866, -0.00153636466712, 0.00294384476729, -0.0024065671023, 0.00113142875489, 0.000963953323662, 0.000676431402098, -0.00131368392613, 0.00153140618932, -0.00593604007736, 0.0176703911275]]}, "melbands": {"dmean": [5.71269265492e-05, 0.00040283126873, 0.000313071184792, 0.000257870909991, 0.000233170212596, 0.000307099224301, 0.00031395201222, 0.000210560392588, 0.000232065693126, 0.000177293884917, 0.000117223433335, 0.00027467723703, 0.00019974829047, 0.000107492094685, 0.000127186925965, 0.000109417844214, 7.9831086623e-05, 8.66416739882e-05, 4.59716502519e-05, 4.27132945333e-05, 1.39076082633e-05, 7.3589699241e-06, 4.59709008283e-06, 2.17572733163e-06, 1.31330091335e-06, 1.52414452259e-06, 6.63723710659e-07, 7.07323636107e-07, 4.34667754234e-07, 2.07597125268e-07, 1.84692567018e-07, 7.94209853439e-08, 4.02801596522e-08, 2.68245532453e-08, 2.60243346872e-08, 1.26788535226e-08, 8.6258129528e-09, 7.63579777185e-09, 4.77571271418e-09, 2.6352131588e-09], "dmean2": [9.51331749093e-05, 0.000667334301397, 0.000523090013303, 0.000397332623834, 0.000347829773091, 0.000456705543911, 0.000372442184016, 0.000308479036903, 0.000313040829496, 0.000244757626206, 0.000166739002452, 0.000376430194592, 0.000293877412332, 0.000163766293554, 0.000191863378859, 0.000168217520695, 0.000128136773128, 0.000143337048939, 7.53536151024e-05, 6.99757802067e-05, 2.29793167819e-05, 1.20983722809e-05, 7.78974754212e-06, 3.6245071442e-06, 2.21583195525e-06, 2.58178533841e-06, 1.14111219318e-06, 1.19883941352e-06, 7.05427737557e-07, 3.3562392332e-07, 3.07022503421e-07, 1.28658214749e-07, 6.57119230141e-08, 4.41335856749e-08, 4.25646788926e-08, 2.0408574386e-08, 1.34377780014e-08, 1.23032686261e-08, 7.14725345574e-09, 3.82190901149e-09], "dvar": [3.21748814258e-08, 5.80231414915e-07, 2.77070455468e-07, 1.58139528139e-07, 1.0063249789e-07, 2.16954646248e-07, 1.63583393942e-07, 1.15080915464e-07, 1.12617584591e-07, 5.06363768693e-08, 2.22731664223e-08, 1.33329407959e-07, 8.24141608291e-08, 2.67351580874e-08, 2.64298947172e-08, 1.98750349512e-08, 1.50102863472e-08, 1.63503415251e-08, 4.23529389337e-09, 4.81254902596e-09, 4.83075912605e-10, 1.3309041369e-10, 7.12599701469e-11, 1.59634510472e-11, 1.17082272696e-11, 1.14676879104e-11, 2.932540712e-12, 3.54786989717e-12, 1.44787415564e-12, 3.70516307522e-13, 4.09233654993e-13, 5.92768428743e-14, 1.02175263557e-14, 5.25001820378e-15, 7.53216679159e-15, 1.82380127236e-15, 1.1377526542e-15, 1.63846241669e-15, 1.02225505316e-15, 3.01454870172e-16], "dvar2": [8.61211049141e-08, 1.64868868069e-06, 8.28066902159e-07, 4.35776684071e-07, 2.41385095023e-07, 5.41199369763e-07, 2.22967386776e-07, 2.52201004969e-07, 2.04802859116e-07, 1.01161241162e-07, 4.37081268956e-08, 2.37164329064e-07, 1.77042721816e-07, 5.82041828068e-08, 5.81108885456e-08, 4.61118503381e-08, 3.81121019188e-08, 4.25891961697e-08, 1.07734932087e-08, 1.19991074854e-08, 1.27786725646e-09, 3.35601962886e-10, 2.0306765991e-10, 4.60468989327e-11, 3.20314781643e-11, 3.38247485576e-11, 8.51307479371e-12, 1.01988036072e-11, 3.930225069e-12, 9.19462856547e-13, 1.04829057761e-12, 1.56559390018e-13, 2.74910523084e-14, 1.36750758829e-14, 1.75474648782e-14, 4.23701931491e-15, 2.34210814432e-15, 4.02237650739e-15, 2.00816138146e-15, 4.35993057182e-16], "max": [0.00530732981861, 0.0128090567887, 0.0089854747057, 0.00908474437892, 0.0107660647482, 0.0080455224961, 0.0130504444242, 0.00974828563631, 0.00767050217837, 0.00490828230977, 0.0051257009618, 0.0120909195393, 0.00766597269103, 0.00527554145083, 0.00368099333718, 0.00235035340302, 0.00237192679197, 0.00240916805342, 0.0011937773088, 0.00174285320099, 0.000504233117681, 0.000281338230707, 0.000142507036799, 6.8720379204e-05, 9.09193404368e-05, 7.40800896892e-05, 4.98555928061e-05, 4.774694753e-05, 3.14456774504e-05, 2.19491412281e-05, 1.4802093574e-05, 6.80318817103e-06, 2.72536817647e-06, 1.90847708836e-06, 2.93373864224e-06, 1.44111743339e-06, 1.63811068887e-06, 1.67428549958e-06, 1.98053203349e-06, 1.15249815735e-06], "mean": [0.000109191183583, 0.000980786513537, 0.000805940886494, 0.000686951272655, 0.000616380304564, 0.000742459495086, 0.000879559200257, 0.000525564828422, 0.000561085704248, 0.000439505442046, 0.000305396068143, 0.000630496244412, 0.000433260865975, 0.00024506112095, 0.000254862155998, 0.000239401488216, 0.000160135197802, 0.000150726540596, 8.45420290716e-05, 7.46646765037e-05, 2.64972513833e-05, 1.45011335917e-05, 7.85898009781e-06, 4.02215709983e-06, 2.46044714913e-06, 2.79438950201e-06, 1.29569127694e-06, 1.39395115184e-06, 9.05416811747e-07, 4.29557871939e-07, 3.5016839206e-07, 1.80243318937e-07, 9.55859533747e-08, 6.17831616978e-08, 5.88952708824e-08, 3.26155813468e-08, 2.34262920173e-08, 1.91309688091e-08, 1.27131851713e-08, 8.19481460468e-09], "median": [3.23817694152e-05, 0.000459645438241, 0.000500675232615, 0.000386200466892, 0.000432662287494, 0.000398926931666, 0.000561868364457, 0.000331968680257, 0.00034862163011, 0.000311429641442, 0.000218384186155, 0.000389323511627, 0.000287892471533, 0.000160981566296, 0.000172232015757, 0.000164340817719, 0.00010327934433, 9.54497809289e-05, 5.5515942222e-05, 4.34376815974e-05, 1.78795417014e-05, 8.97698191693e-06, 4.08919549955e-06, 1.96070345737e-06, 1.03452259737e-06, 1.01242619621e-06, 5.27230724856e-07, 3.80117313625e-07, 2.26633687817e-07, 1.13669457846e-07, 8.1416956732e-08, 4.39559180165e-08, 2.32233183795e-08, 1.32278632492e-08, 1.21105321327e-08, 5.9239235739e-09, 4.15109324692e-09, 2.54862309035e-09, 2.57915999669e-09, 1.19020826528e-09], "min": [3.53779266873e-24, 5.85145386171e-24, 2.51907465624e-24, 3.16489358288e-24, 7.16578763767e-24, 1.23580432946e-23, 1.88454783958e-23, 1.7189561537e-23, 1.26091219435e-23, 1.33346365291e-23, 6.81433117173e-24, 8.25734314969e-24, 6.96745065116e-24, 7.01265159217e-24, 8.11389826041e-24, 8.54827662926e-24, 1.10842569691e-23, 7.77375563758e-24, 3.90442760735e-24, 1.12367635036e-23, 9.59001873056e-24, 8.58600311319e-24, 5.40136138362e-24, 1.00423026642e-23, 8.02455108542e-24, 1.18272558679e-23, 8.43188335814e-24, 1.28460239731e-23, 1.39381861191e-23, 9.88775771316e-24, 1.04212422553e-23, 8.28635903151e-24, 1.31317762142e-23, 1.57358865262e-23, 1.38545889513e-23, 1.02107836321e-23, 1.01386975226e-23, 1.58875497683e-23, 1.17727850224e-23, 8.0738911796e-24], "var": [5.83956882849e-08, 1.718007411e-06, 8.95316418337e-07, 7.1500909371e-07, 4.41629453007e-07, 9.27276346374e-07, 9.6645078429e-07, 4.06767981076e-07, 4.19033057142e-07, 1.81106074137e-07, 9.76961160859e-08, 6.53667768802e-07, 2.20255131467e-07, 8.14289222717e-08, 7.11719465585e-08, 5.90888546981e-08, 3.37505809966e-08, 3.05674028311e-08, 8.58939941395e-09, 9.23860810076e-09, 8.50591597157e-10, 3.12731784913e-10, 1.28015778533e-10, 3.44591820356e-11, 2.457118016e-11, 2.78555182393e-11, 6.71913956765e-12, 8.8329734152e-12, 4.61625095788e-12, 1.17919855738e-12, 1.01734484552e-12, 2.09958827125e-13, 4.69533808535e-14, 2.04592134792e-14, 3.08045621888e-14, 8.86902533972e-15, 7.09580252222e-15, 7.6134040275e-15, 4.50352425572e-15, 2.29463491224e-15]}, "mfcc": {"mean": [-682.19934082, 218.281280518, -59.3304176331, -7.5322060585, -6.54926013947, 4.29448127747, -8.55412578583, -8.39961719513, -3.22150588036, -1.37422943115, -8.55650043488, -4.22906112671, -3.0785317421], "cov": [[5994.01220703, 945.646179199, -528.439819336, 242.703186035, -347.492828369, 97.6717529297, -28.4234809875, -13.012134552, -107.538909912, 71.3489074707, -73.3408508301, 31.6349391937, 19.3650741577], [945.646179199, 1951.51013184, -371.287017822, -225.84034729, 231.245269775, -4.95834255219, -49.5827178955, -72.9805145264, 25.2983055115, -81.1189804077, -16.9869499207, -0.618406653404, 10.5798654556], [-528.439819336, -371.287017822, 388.824066162, 71.9091796875, -15.4752950668, 40.3337783813, 57.4768791199, 17.0891551971, -9.37471485138, 5.57958841324, 4.31291007996, 15.8821668625, 29.2949695587], [242.703186035, -225.84034729, 71.9091796875, 181.947341919, -36.5162887573, 5.25231266022, 18.2740688324, 16.4779129028, -17.3622741699, 11.9527082443, -4.47165346146, 5.23979759216, 11.1526355743], [-347.492828369, 231.245269775, -15.4752950668, -36.5162887573, 182.029968262, 16.1755905151, -8.20872497559, -4.82155799866, 23.6055850983, -15.2911119461, 10.6292219162, 4.86868429184, 4.40333271027], [97.6717529297, -4.95834255219, 40.3337783813, 5.25231266022, 16.1755905151, 110.417701721, 39.742805481, -6.98363733292, -1.23849499226, 11.7859983444, 5.48746776581, 8.15183448792, 13.0984687805], [-28.4234809875, -49.5827178955, 57.4768791199, 18.2740688324, -8.20872497559, 39.742805481, 92.8614349365, 19.9143543243, -7.27471923828, 11.5345487595, 7.28595495224, 6.67585468292, 9.97978782654], [-13.012134552, -72.9805145264, 17.0891551971, 16.4779129028, -4.82155799866, -6.98363733292, 19.9143543243, 88.3006744385, 27.8257331848, -11.3639955521, 5.81123590469, 2.44412899017, -2.0390791893], [-107.538909912, 25.2983055115, -9.37471485138, -17.3622741699, 23.6055850983, -1.23849499226, -7.27471923828, 27.8257331848, 82.9769287109, 17.5044307709, -9.56470012665, -6.30598068237, -2.29455757141], [71.3489074707, -81.1189804077, 5.57958841324, 11.9527082443, -15.2911119461, 11.7859983444, 11.5345487595, -11.3639955521, 17.5044307709, 78.0756454468, 19.934469223, -1.66890203953, 7.23481035233], [-73.3408508301, -16.9869499207, 4.31291007996, -4.47165346146, 10.6292219162, 5.48746776581, 7.28595495224, 5.81123590469, -9.56470012665, 19.934469223, 71.4423904419, 32.5257606506, 4.90261697769], [31.6349391937, -0.618406653404, 15.8821668625, 5.23979759216, 4.86868429184, 8.15183448792, 6.67585468292, 2.44412899017, -6.30598068237, -1.66890203953, 32.5257606506, 69.4256362915, 27.9235305786], [19.3650741577, 10.5798654556, 29.2949695587, 11.1526355743, 4.40333271027, 13.0984687805, 9.97978782654, -2.0390791893, -2.29455757141, 7.23481035233, 4.90261697769, 27.9235305786, 60.3754844666]], "icov": [[0.000411098299082, -0.000387746520573, 0.000446714228019, -0.000803620030638, 0.0010084315436, -0.000796535343397, 0.000525749230292, -0.000726750062313, 0.000783405790571, -0.000981200486422, 0.000840927066747, -0.000681346165948, 0.000249782548053], [-0.000387746520573, 0.0012443192536, 0.000335064425599, 0.001307188184, -0.00176202843431, 0.000772470026277, -0.000918365549296, 0.00141795480158, -0.00106211064849, 0.00184543407522, -0.000804038951173, 0.000765130156651, -0.000887196627446], [0.000446714228019, 0.000335064425599, 0.00423620361835, -0.00142327614594, 0.000525841198396, -0.00135745934676, -0.00121504999697, -0.000191805418581, 0.000417789909989, 0.000146256745211, 0.00072921346873, -0.000578405160923, -0.00133738352451], [-0.000803620030638, 0.001307188184, -0.00142327614594, 0.00859255343676, -0.00186977593694, 0.00156341330148, -0.00100970163476, -0.000392898014979, 0.000783944502473, 0.000244152848609, 0.000275400583632, 0.00053943839157, -0.00118844467215], [0.0010084315436, -0.00176202843431, 0.000525841198396, -0.00186977593694, 0.00984109472483, -0.00315010221675, 0.00183808163274, -0.000824886548799, -0.000996981398202, -0.00013092494919, -0.000634807627648, -0.0007538588834, 8.7560940301e-05], [-0.000796535343397, 0.000772470026277, -0.00135745934676, 0.00156341330148, -0.00315010221675, 0.0131297297776, -0.00607842998579, 0.00362874451093, -0.00218273885548, 0.00128082826268, -0.00162698328495, 0.000906522385776, -0.00152506574523], [0.000525749230292, -0.000918365549296, -0.00121504999697, -0.00100970163476, 0.00183808163274, -0.00607842998579, 0.016481699422, -0.00661240145564, 0.00484711118042, -0.00497561739758, 0.00204007397406, -0.00140440324321, 0.000269676937023], [-0.000726750062313, 0.00141795480158, -0.000191805418581, -0.000392898014979, -0.000824886548799, 0.00362874451093, -0.00661240145564, 0.019238660112, -0.0108566163108, 0.00964566599578, -0.00688008544967, 0.00296552572399, -0.00121539190877], [0.000783405790571, -0.00106211064849, 0.000417789909989, 0.000783944502473, -0.000996981398202, -0.00218273885548, 0.00484711118042, -0.0108566163108, 0.0211133994162, -0.011371197179, 0.00876486301422, -0.00357416574843, 0.00207204883918], [-0.000981200486422, 0.00184543407522, 0.000146256745211, 0.000244152848609, -0.00013092494919, 0.00128082826268, -0.00497561739758, 0.00964566599578, -0.011371197179, 0.023815555498, -0.0122648375109, 0.00775492796674, -0.00512154120952], [0.000840927066747, -0.000804038951173, 0.00072921346873, 0.000275400583632, -0.000634807627648, -0.00162698328495, 0.00204007397406, -0.00688008544967, 0.00876486301422, -0.0122648375109, 0.0258675422519, -0.0141417877749, 0.00553902378306], [-0.000681346165948, 0.000765130156651, -0.000578405160923, 0.00053943839157, -0.0007538588834, 0.000906522385776, -0.00140440324321, 0.00296552572399, -0.00357416574843, 0.00775492796674, -0.0141417877749, 0.0258730202913, -0.0114269116893], [0.000249782548053, -0.000887196627446, -0.00133738352451, -0.00118844467215, 8.7560940301e-05, -0.00152506574523, 0.000269676937023, -0.00121539190877, 0.00207204883918, -0.00512154120952, 0.00553902378306, -0.0114269116893, 0.0232732705772]]}, "spectral_contrast_coeffs": {"dmean": [0.042014349252, 0.0386262685061, 0.0334119275212, 0.0311809945852, 0.0199908521026, 0.0137634361163], "dmean2": [0.0706362873316, 0.0610907562077, 0.0534363351762, 0.0514096729457, 0.0328417159617, 0.0232041794807], "dvar": [0.00119532563258, 0.000949827954173, 0.000715522503015, 0.000625348999165, 0.000259652239038, 0.000135763810249], "dvar2": [0.00346052553505, 0.00242985179648, 0.00184630625881, 0.00168861215934, 0.000681060017087, 0.000375620962586], "max": [-0.262320965528, -0.428499251604, -0.496437221766, -0.554794728756, -0.555764079094, -0.606757164001], "mean": [-0.545252799988, -0.691626906395, -0.701442182064, -0.700258970261, -0.726904451847, -0.744566380978], "median": [-0.540156841278, -0.692791879177, -0.699587225914, -0.696157693863, -0.72274017334, -0.743035256863], "min": [-0.966275453568, -0.963949263096, -0.965182185173, -0.965698897839, -0.960678517818, -0.958152115345], "var": [0.0078879063949, 0.0045842602849, 0.00348037295043, 0.00295639550313, 0.00288866809569, 0.00150021386798]}, "spectral_contrast_valleys": {"dmean": [0.393843412399, 0.268693596125, 0.240651890635, 0.222244590521, 0.160779744387, 0.138353168964], "dmean2": [0.671301186085, 0.443980693817, 0.400500446558, 0.372674584389, 0.258543998003, 0.223218142986], "dvar": [0.118494741619, 0.055254701525, 0.0454329662025, 0.0475064739585, 0.0343983210623, 0.0302099436522], "dvar2": [0.330761820078, 0.132326066494, 0.107084773481, 0.109097152948, 0.0659982860088, 0.