{"lowlevel": {"average_loudness": 0.940524995327, "barkbands_crest": {"dmean": 1.68869829178, "dmean2": 2.2220697403, "dvar": 2.53910374641, "dvar2": 5.54198026657, "max": 25.5219745636, "mean": 12.6075773239, "median": 12.151391983, "min": 3.98721933365, "var": 17.7302780151}, "barkbands_flatness_db": {"dmean": 0.022872608155, "dmean2": 0.0350658595562, "dvar": 0.000541730201803, "dvar2": 0.00122980156448, "max": 0.638099014759, "mean": 0.433928966522, "median": 0.433915138245, "min": 0.0410281419754, "var": 0.00640971120447}, "barkbands_kurtosis": {"dmean": 1.52147221565, "dmean2": 1.86992764473, "dvar": 5.09985876083, "dvar2": 8.52117443085, "max": 57.4520950317, "mean": 3.25726604462, "median": 1.54094171524, "min": -1.8829638958, "var": 28.2844009399}, "barkbands_skewness": {"dmean": 0.323909521103, "dmean2": 0.388893097639, "dvar": 0.106073744595, "dvar2": 0.196715220809, "max": 6.91947937012, "mean": 1.35772299767, "median": 1.26826786995, "min": -2.24712276459, "var": 1.20937788486}, "barkbands_spread": {"dmean": 1.08297550678, "dmean2": 1.45813238621, "dvar": 2.11076998711, "dvar2": 4.17894792557, "max": 48.9734687805, "mean": 7.41028022766, "median": 6.36300611496, "min": 0.508847057819, "var": 24.4849472046}, "dissonance": {"dmean": 0.0389494970441, "dmean2": 0.0656418427825, "dvar": 0.00130690587685, "dvar2": 0.00354123511352, "max": 0.499818980694, "mean": 0.349672317505, "median": 0.35337126255, "min": 0.118115194142, "var": 0.00442958856001}, "dynamic_complexity": 2.42723822594, "erbbands_crest": {"dmean": 1.99933755398, "dmean2": 2.86090874672, "dvar": 4.41287708282, "dvar2": 9.26290416718, "max": 31.6604728699, "mean": 12.7567873001, "median": 11.9460296631, "min": 2.79742884636, "var": 18.9193058014}, "erbbands_flatness_db": {"dmean": 0.0148333469406, "dmean2": 0.0222599059343, "dvar": 0.000262790970737, "dvar2": 0.000549671938643, "max": 0.541300415993, "mean": 0.411235064268, "median": 0.413248002529, "min": 0.0843970030546, "var": 0.00295684090815}, "erbbands_kurtosis": {"dmean": 0.681370973587, "dmean2": 0.908244729042, "dvar": 1.48599410057, "dvar2": 2.42823696136, "max": 36.5537872314, "mean": 0.35878315568, "median": -0.27937746048, "min": -1.84914183617, "var": 5.94674777985}, "erbbands_skewness": {"dmean": 0.254150986671, "dmean2": 0.328168004751, "dvar": 0.0670987889171, "dvar2": 0.122974045575, "max": 3.84818792343, "mean": 0.209728330374, "median": 0.157275229692, "min": -2.13404679298, "var": 0.508089184761}, "erbbands_spread": {"dmean": 2.15325450897, "dmean2": 2.77690792084, "dvar": 4.44875907898, "dvar2": 8.16881465912, "max": 44.8140335083, "mean": 17.6167907715, "median": 16.6948165894, "min": 0.721608221531, "var": 74.3672103882}, "hfc": {"dmean": 1.89238154888, "dmean2": 2.48899936676, "dvar": 8.24613952637, "dvar2": 14.2483577728, "max": 60.6005554199, "mean": 12.3532180786, "median": 11.6053762436, "min": 1.51971959322e-11, "var": 47.8041114807}, "melbands_crest": {"dmean": 2.22996115685, "dmean2": 2.94588327408, "dvar": 4.40644979477, "dvar2": 10.9975385666, "max": 34.1184539795, "mean": 17.4325008392, "median": 17.358165741, "min": 1.59234499931, "var": 31.157377243}, "melbands_flatness_db": {"dmean": 0.0253121685237, "dmean2": 0.0382778011262, "dvar": 0.000794576015323, "dvar2": 0.00173572229687, "max": 0.775621652603, "mean": 0.522984087467, "median": 0.528002619743, "min": 0.00447876937687, "var": 0.0117460126057}, "melbands_kurtosis": {"dmean": 2.20044064522, "dmean2": 2.65530586243, "dvar": 9.10980796814, "dvar2": 14.8784809113, "max": 74.9582748413, "mean": 6.09779548645, "median": 3.45050191879, "min": -1.52090060711, "var": 60.4364013672}, "melbands_skewness": {"dmean": 0.365396142006, "dmean2": 0.436715036631, "dvar": 0.122934296727, "dvar2": 0.220995426178, "max": 7.18798589706, "mean": 1.88502013683, "median": 1.75534939766, "min": -2.91665387154, "var": 1.57878398895}, "melbands_spread": {"dmean": 1.83240032196, "dmean2": 2.38260245323, "dvar": 8.04006099701, "dvar2": 15.165605545, "max": 158.318206787, "mean": 11.7346315384, "median": 9.51194953918, "min": 0.93301153183, "var": 179.2890625}, "pitch_salience": {"dmean": 0.0363234691322, "dmean2": 0.0511338934302, "dvar": 0.00127236975823, "dvar2": 0.00299047934823, "max": 0.953747808933, "mean": 0.411165714264, "median": 0.411369383335, "min": 0.142156079412, "var": 0.00764693692327}, "silence_rate_20dB": {"dmean": 0, "dmean2": 0, "dvar": 0, "dvar2": 0, "max": 1, "mean": 1, "median": 1, "min": 1, "var": 0}, "silence_rate_30dB": {"dmean": 0, "dmean2": 0, "dvar": 0, "dvar2": 0, "max": 1, "mean": 1, "median": 1, "min": 1, "var": 0}, "silence_rate_60dB": {"dmean": 0.00337362941355, "dmean2": 0.00646794168279, "dvar": 0.00336229475215, "dvar2": 0.00755106844008, "max": 1, "mean": 0.0604272074997, "median": 0, "min": 0, "var": 0.0567756481469}, "spectral_centroid": {"dmean": 47.2320213318, "dmean2": 61.5743713379, "dvar": 4599.78027344, "dvar2": 8803.53125, "max": 4023.55078125, "mean": 579.842651367, "median": 479.966064453, "min": 200.87677002, "var": 184276.171875}, "spectral_complexity": {"dmean": 0.936744451523, "dmean2": 1.57311582565, "dvar": 1.22538471222, "dvar2": 2.84025454521, "max": 19, "mean": 9.00196743011, "median": 9, "min": 0, "var": 9.37014961243}, "spectral_decrease": {"dmean": 1.11867248798e-09, "dmean2": 1.39067135585e-09, "dvar": 1.87632749106e-18, "dvar2": 3.83769659372e-18, "max": 1.98374371784e-18, "mean": -7.69987806848e-09, "median": -6.79133993486e-09, "min": -2.68930211433e-08, "var": 2.18915747936e-17}, "spectral_energy": {"dmean": 0.00437139812857, "dmean2": 0.00545288436115, "dvar": 2.89047675324e-05, "dvar2": 5.86280584685e-05, "max": 0.105663977563, "mean": 0.0301816817373, "median": 0.0268089026213, "min": 1.3782284843e-15, "var": 0.000329437287292}, "spectral_energyband_high": {"dmean": 9.77787976808e-07, "dmean2": 1.67618179603e-06, "dvar": 9.7799346746e-12, "dvar2": 2.82871816248e-11, "max": 6.19206039119e-05, "mean": 1.43639488215e-06, "median": 6.16018382971e-08, "min": 1.01816144881e-15, "var": 1.74983690732e-11}, "spectral_energyband_low": {"dmean": 0.000751416955609, "dmean2": 0.000774116895627, "dvar": 1.54366125571e-06, "dvar2": 2.08942083191e-06, "max": 0.0341036953032, "mean": 0.00360021158122, "median": 0.00179685279727, "min": 2.66459194413e-17, "var": 2.55780978478e-05}, "spectral_energyband_middle_high": {"dmean": 0.000726153259166, "dmean2": 0.000993487425148, "dvar": 1.42192925523e-06, "dvar2": 2.6160194011e-06, "max": 0.0226343218237, "mean": 0.00345810502768, "median": 0.00288338027894, "min": 1.69795629037e-16, "var": 9.47666467255e-06}, "spectral_energyband_middle_low": {"dmean": 0.00413688085973, "dmean2": 0.00508767878637, "dvar": 2.70930631814e-05, "dvar2": 5.49890428374e-05, "max": 0.0963476896286, "mean": 0.0260881893337, "median": 0.022238496691, "min": 4.40763751882e-17, "var": 0.000299447681755}, "spectral_entropy": {"dmean": 0.146135419607, "dmean2": 0.210491254926, "dvar": 0.0426011607051, "dvar2": 0.0981428027153, "max": 8.80640697479, "mean": 5.36714267731, "median": 5.3407831192, "min": 3.82909822464, "var": 0.448759019375}, "spectral_flux": {"dmean": 0.0123494202271, "dmean2": 0.0202921871096, "dvar": 0.000281965360045, "dvar2": 0.000705852173269, "max": 0.191267684102, "mean": 0.0365398153663, "median": 0.0331233888865, "min": 5.90137733525e-06, "var": 0.000501907547005}, "spectral_kurtosis": {"dmean": 40.7105636597, "dmean2": 69.8928146362, "dvar": 1952.13439941, "dvar2": 5250.13232422, "max": 649.10546875, "mean": 114.737808228, "median": 95.0894165039, "min": 1.66692304611, "var": 7889.36865234}, "spectral_rms": {"dmean": 0.000385196442949, "dmean2": 0.000477483292343, "dvar": 1.77091806108e-07, "dvar2": 3.62158715461e-07, "max": 0.0101531669497, "mean": 0.00510663120076, "median": 0.00511419866234, "min": 1.15957454749e-09, "var": 3.36775315191e-06}, "spectral_rolloff": {"dmean": 104.602500916, "dmean2": 175.631958008, "dvar": 86271.40625, "dvar2": 129182.039062, "max": 19638.28125, "mean": 975.100524902, "median": 689.0625, "min": 172.265625, "var": 3607559}, "spectral_skewness": {"dmean": 1.89031422138, "dmean2": 3.25331020355, "dvar": 3.05607485771, "dvar2": 8.12854957581, "max": 21.651556015, "mean": 6.88151073456, "median": 6.29570627213, "min": 0.868848741055, "var": 13.2518415451}, "spectral_spread": {"dmean": 254855.046875, "dmean2": 434343.84375, "dvar": 51916611584, "dvar2": 135730266112, "max": 12192518, "mean": 1002282.4375, "median": 861232, "min": 136543.21875, "var": 1037673627650.0}, "spectral_strongpeak": {"dmean": 0.349672347307, "dmean2": 0.539668142796, "dvar": 0.438084304333, "dvar2": 0.915866136551, "max": 7.68115282059, "mean": 1.31927871704, "median": 1.09468984604, "min": 0, "var": 1.00457310677}, "zerocrossingrate": {"dmean": 0.00279666972347, "dmean2": 0.00321364868432, "dvar": 1.67350917764e-05, "dvar2": 2.08740930248e-05, "max": 0.53515625, "mean": 0.0320845246315, "median": 0.0244140625, "min": 0.0078125, "var": 0.00260285055265}, "barkbands": {"dmean": [2.15941199144e-07, 1.20438699014e-06, 0.000188863865333, 0.00130808260292, 0.0025568944402, 0.000366568914615, 0.000689270731527, 0.00106695655268, 0.000700905628037, 0.000305767200189, 0.000303641078062, 4.96306602145e-05, 0.00013566033158, 0.000173402426299, 7.56571535021e-05, 3.10749819619e-05, 1.36174612635e-05, 6.93878155289e-06, 1.80035294761e-06, 1.35584934924e-06, 1.43626891713e-07, 2.16532765052e-08, 5.4474047495e-09, 2.22607487999e-09, 1.68779357157e-09, 1.43855760637e-09, 1.38474054445e-09], "dmean2": [3.87058577189e-07, 2.13688235817e-06, 0.000201012429898, 0.00138769706246, 0.00275488081388, 0.000536104373168, 0.000957805721555, 0.00110693671741, 0.000851690478157, 0.000387885811506, 0.000424902158557, 7.71967388573e-05, 0.000204197043786, 0.000255884719081, 0.000116747520224, 4.98173758388e-05, 2.28052831517e-05, 1.1688511222e-05, 3.1126801332e-06, 2.33947775996e-06, 2.54672272604e-07, 3.88336935941e-08, 9.40944122618e-09, 3.8251188883e-09, 2.92090795995e-09, 2.47272713416e-09, 2.37381669876e-09], "dvar": [2.41282970166e-12, 2.46834584022e-11, 2.07622107951e-07, 3.21217294186e-06, 1.49556835822e-05, 3.30832835971e-06, 2.71546082331e-06, 2.86600106847e-06, 6.89085436534e-06, 4.34097415791e-07, 3.33060341973e-07, 3.3900441565e-08, 8.67487770506e-08, 3.18044442338e-07, 2.17685652615e-07, 6.90090073974e-09, 1.7407878472e-09, 4.43836190023e-10, 2.8043926556e-11, 1.34311606975e-11, 1.94339661551e-13, 6.5339524393e-15, 6.14712456251e-16, 4.7542805247e-16, 3.29330168601e-16, 2.73334752752e-16, 2.49990551196e-16], "dvar2": [6.75204163414e-12, 6.49298323441e-11, 2.77382952163e-07, 5.58528745387e-06, 3.42412095051e-05, 4.89698095407e-06, 4.13762927565e-06, 4.59661941932e-06, 9.05667820916e-06, 6.30264196388e-07, 6.44112162718e-07, 6.4309183756e-08, 1.84813558235e-07, 5.53521772417e-07, 5.05160073772e-07, 1.73046945662e-08, 4.61981608524e-09, 1.1546971157e-09, 7.70697117236e-11, 3.84007721455e-11, 5.56210188584e-13, 1.83350767701e-14, 1.58305386232e-15, 1.19605986119e-15, 8.27436257684e-16, 6.84123894602e-16, 6.25514667427e-16], "max": [5.18361812283e-05, 0.000122491896036, 0.0154191078618, 0.0445917248726, 0.0689799934626, 0.0524866841733, 0.0568899549544, 0.0360928438604, 0.0736294239759, 0.0180884655565, 0.0094993263483, 0.00389482593164, 0.00565181626007, 0.0114200199023, 0.010753441602, 0.00223879073747, 0.00119378382806, 0.000397282041376, 6.15105236648e-05, 6.13423180766e-05, 5.31210935151e-06, 1.25475855839e-06, 9.07981018372e-07, 8.98924554349e-07, 7.5380319231e-07, 6.95422045283e-07, 6.66277514938e-07], "mean": [1.70212032913e-07, 9.79234528131e-07, 0.0007567681605, 0.00751975737512, 0.0110688535497, 0.000631532398984, 0.0019606302958, 0.00295762042515, 0.00171670073178, 0.00083632406313, 0.000870736432262, 9.55554278335e-05, 0.000288665381959, 0.00104573823046, 0.000249128061114, 0.000140815071063, 2.10920006793e-05, 1.6190138922e-05, 2.29300371757e-06, 1.89080583368e-06, 1.92568464286e-07, 2.38833521848e-08, 6.87738177518e-09, 2.25480589755e-09, 1.60533586424e-09, 1.41478906368e-09, 1.25041488275e-09], "median": [2.44184050757e-08, 1.30894107997e-07, 5.38251988473e-05, 0.00390388537198, 0.00628993380815, 0.000175656794454, 0.000830767676234, 0.00201716693118, 0.000725551042706, 9.5061637694e-05, 0.000240651570493, 3.51704729837e-05, 7.46833829908e-05, 0.000176082656253, 3.0421624615e-06, 8.10054007161e-06, 1.66303107108e-06, 1.60684862749e-06, 2.32234569353e-07, 7.30010043526e-08, 1.7627264981e-08, 3.44665496144e-09, 1.88999260686e-09, 1.15493747899e-09, 7.56977036609e-10, 6.9078742726e-10, 5.56428347842e-10], "min": [9.93660967869e-18, 1.30569599424e-17, 6.30433346393e-18, 4.09360807727e-18, 3.53221879351e-18, 3.89090912253e-18, 1.00926399305e-17, 1.10181185511e-17, 9.28503123838e-18, 8.32147749413e-18, 7.99513075424e-18, 1.12023085125e-17, 1.95443637787e-17, 5.94991593636e-18, 3.70947449979e-18, 1.59550567016e-17, 6.82568886041e-18, 1.08757450512e-17, 6.15754902346e-17, 8.69326854426e-17, 2.69882100875e-17, 3.27668706858e-17, 1.41065409666e-16, 5.87297771692e-17, 2.07457149091e-16, 2.0815813503e-16, 2.85539624019e-16], "var": [1.7426116973e-12, 1.98564220621e-11, 2.30274736168e-06, 6.93019537721e-05, 0.000154489185661, 9.24270443647e-06, 1.29204290715e-05, 9.91213710222e-06, 1.74376455107e-05, 3.52849588126e-06, 1.61791570008e-06, 4.86373252784e-08, 2.60841886757e-07, 3.96573432226e-06, 8.40468317165e-07, 1.48382085285e-07, 2.45668929644e-09, 1.41123224218e-09, 2.885394354e-11, 2.11471118394e-11, 2.14715466002e-13, 5.15766577803e-15, 4.4198864755e-16, 2.41661252709e-16, 1.66530793481e-16, 1.37749725664e-16, 1.2605192273e-16]}, "erbbands": {"dmean": [7.35135254217e-05, 0.0024099224247, 0.145306825638, 2.36340808868, 6.2468791008, 10.7387599945, 2.81931638718, 4.00576400757, 10.3146619797, 22.1823787689, 8.92684555054, 20.0806331635, 10.9278755188, 6.16424417496, 12.0964412689, 2.46021795273, 6.51756286621, 5.90874576569, 6.59589910507, 3.31455278397, 1.11200761795, 0.712708830833, 0.427331387997, 0.177414208651, 0.0641139596701, 0.0691918060184, 0.0151451602578, 0.0047623552382, 0.00109640380833, 0.000286197377136, 0.00015901014558, 5.69683834328e-05, 3.3013686334e-05, 2.03254094231e-05, 1.237120523e-05, 6.66024970997e-06, 3.17372678182e-06, 1.00395470781e-06, 2.10380062526e-06, 4.86967564939e-06], "dmean2": [8.69750001584e-05, 0.00285991840065, 0.155250683427, 2.42121958733, 6.59241580963, 11.7048749924, 2.99119281769, 5.78950166702, 15.1104021072, 23.3898277283, 10.241818428, 24.1713409424, 13.6495199203, 7.85651445389, 17.1466217041, 3.6526799202, 9.75410842896, 8.77689933777, 9.75696754456, 5.16111516953, 1.79999804497, 1.19358992577, 0.715133845806, 0.308548241854, 0.11046449095, 0.119116619229, 0.0261898748577, 0.00838369317353, 0.00195350521244, 0.000505216768943, 0.000273805228062, 9.71970657702e-05, 5.6302655139e-05, 3.45161788573e-05, 2.06841559702e-05, 1.07833866423e-05, 4.98249255543e-06, 1.65334847679e-06, 2.64990080723e-06, 6.09837388765e-06], "dvar": [3.07434682156e-08, 2.59133848886e-05, 0.0863553360105, 11.4221553802, 64.1429977417, 319.036834717, 28.4345855713, 424.743774414, 767.625793457, 1254.30957031, 303.736083984, 5952.81201172, 478.727325439, 257.2734375, 606.842651367, 50.8811950684, 189.092971802, 178.959518433, 558.38269043, 245.083724976, 6.97557926178, 5.91048383713, 1.82404756546, 0.261746525764, 0.0495780073106, 0.0345108322799, 0.00203964510001, 0.000242297974182, 1.50066362039e-05, 1.60097715707e-06, 4.73444941917e-07, 2.37370670675e-07, 1.11710441786e-07, 4.32503100001e-08, 1.6196041841e-08, 4.31619140429e-09, 9.81753234264e-10, 1.21180981916e-10, 1.18368613522e-11, 3.62903283813e-11], "dvar2": [7.07006506673e-08, 4.87709185109e-05, 0.124582707882, 18.0723514557, 117.765510559, 671.230407715, 48.4732437134, 702.798461914, 1337.92443848, 1894.83728027, 624.58380127, 7543.09472656, 709.153137207, 386.277282715, 1238.81738281, 97.6312332153, 404.509063721, 331.167755127, 1049.21508789, 573.121276855, 17.5071640015, 15.7203617096, 4.71621417999, 0.725953698158, 0.134367987514, 0.0996381267905, 0.0058208014816, 0.000704455189407, 4.23579112976e-05, 4.26192309533e-06, 1.22571304928e-06, 5.9762572846e-07, 2.80942231257e-07, 1.08741147642e-07, 4.06296649658e-08, 1.08014823752e-08, 2.45269604626e-09, 3.02770281069e-10, 2.60538361718e-11, 7.28560198282e-11], "max": [0.007311782334, 0.15641926229, 9.45981311798, 96.1616821289, 211.544296265, 385.236053467, 141.892028809, 659.77355957, 619.737182617, 786.315368652, 391.842681885, 2216.85205078, 493.00302124, 481.194854736, 349.305450439, 156.570449829, 243.759643555, 219.862716675, 450.770019531, 361.012145996, 63.522983551, 69.4194412231, 27.1663570404, 8.52162742615, 3.58684921265, 3.38521814346, 0.753196179867, 0.243490621448, 0.0523265972733, 0.0351068750024, 0.0245539080352, 0.019944857806, 0.0137970065698, 0.00861057359725, 0.00530659174547, 0.00275837304071, 0.00132079306059, 0.000464462704258, 0.000102261903521, 0.000118445830594], "mean": [0.000353719398845, 0.0104357749224, 0.654172241688, 13.0441141129, 34.2690544128, 40.9668579102, 10.9102296829, 7.74646997452, 26.2888889313, 65.5301513672, 26.7314586639, 48.9008369446, 32.1768913269, 16.6712017059, 36.7258491516, 6.177775383, 14.1210985184, 23.8303699493, 43.0152397156, 13.2998371124, 4.66338634491, 1.31145381927, 1.06059968472, 0.267286866903, 0.0833381041884, 0.0993491113186, 0.0215755067766, 0.00699304090813, 0.00140103301965, 0.000362488819519, 0.000218787419726, 7.97926622909e-05, 5.03974515595e-05, 3.76646748919e-05, 2.87126295007e-05, 2.03392773983e-05, 1.16367818919e-05, 2.56264979726e-06, 1.4463658772e-05, 3.37802921422e-05], "median": [0.000250695768045, 0.00630354369059, 0.336549669504, 7.43207931519, 25.6079177856, 19.855890274, 4.69386577606, 3.05063819885, 9.7702999115, 46.5512771606, 20.0939807892, 20.2444591522, 11.1254501343, 5.20083332062, 8.52216625214, 2.67782688141, 4.5501203537, 10.4700069427, 5.20794677734, 2.61100101471, 0.650797426701, 0.254600167274, 0.12079590559, 0.0514083504677, 0.0125835314393, 0.00410160794854, 0.0014562032884, 0.000572902965359, 0.000194192689378, 0.000107529922388, 7.40213290555e-05, 5.00832247781e-05, 3.55459524144e-05, 2.91074138659e-05, 2.37169624597e-05, 1.75758359546e-05, 1.02601825347e-05, 2.17811725634e-06, 1.30700664158e-05, 3.02652915707e-05], "min": [5.07989957726e-16, 2.51408166712e-15, 6.86511182849e-15, 1.16932593437e-14, 1.34386706814e-14, 1.07537109168e-14, 1.25985562992e-14, 4.0815658145e-14, 1.12607162093e-13, 2.02921474112e-13, 2.42116873425e-13, 2.12994024002e-13, 2.2585352913e-13, 3.12016607213e-13, 3.31517826429e-13, 5.19304976625e-13, 8.73459182586e-13, 5.00134005391e-13, 1.22609848706e-13, 4.98089687984e-13, 8.00690839586e-13, 4.12238683944e-13, 5.78209030135e-13, 2.46084186015e-12, 2.46573659927e-12, 3.8953601629e-12, 2.78293859311e-12, 7.91251721262e-13, 1.42334841829e-12, 1.57754679545e-12, 3.90662502348e-12, 2.37975871648e-12, 6.20768627474e-13, 1.84902765842e-12, 1.88342787547e-12, 5.06870424539e-13, 4.32937323144e-13, 1.73237861773e-13, 3.95954800794e-14, 4.53847071754e-15], "var": [1.56356875891e-07, 0.000211915074033, 0.970503747463, 208.976272583, 1058.95324707, 3441.99462891, 227.402099609, 1028.24389648, 2492.44433594, 5311.05175781, 733.178039551, 15098.9091797, 3296.10961914, 1284.75817871, 3154.49365234, 95.1498031616, 524.336608887, 1130.47521973, 6248.26855469, 988.851379395, 121.175987244, 7.57529354095, 6.3871679306, 0.295141071081, 0.0446579158306, 0.0600731410086, 0.00301978108473, 0.000351836002665, 1.38378618431e-05, 1.05850710952e-06, 3.67382085642e-07, 1.2230810853e-07, 5.68880409446e-08, 2.20724611921e-08, 8.31001933932e-09, 2.25766294548e-09, 5.23513343786e-10, 6.21047102634e-11, 7.31470231607e-11, 4.02380906372e-10]}, "gfcc": {"mean": [-201.964874268, 238.996734619, -133.678710938, -65.9422531128, -19.3661079407, -33.6260795593, -38.5246620178, -29.8189868927, -18.4055347443, -20.8066139221, -24.5315380096, -35.5622825623, -15.8222074509], "cov": [[11230.1650391, 4134.92675781, -371.490264893, 158.097198486, 550.305236816, -1032.39245605, -353.526489258, -445.468902588, -375.02822876, -698.227600098, -467.914428711, -558.692382812, 45.7426109314], [4134.92675781, 2931.69458008, 1556.42004395, -469.340209961, 428.349945068, -63.7045440674, -632.590820312, -409.814025879, -48.9729652405, -305.778503418, -236.652694702, -411.055023193, -98.4983215332], [-371.490264893, 1556.42004395, 2789.80444336, -304.469177246, 238.463470459, 486.381072998, -662.546386719, -392.82598877, 140.780914307, 47.8376159668, -100.375473022, -357.243041992, -170.669143677], [158.097198486, -469.340209961, -304.469177246, 691.107910156, 41.451171875, -191.87852478, 239.342041016, 78.30493927, -110.725906372, -33.5193557739, -26.4336681366, 20.507774353, 37.9660415649], [550.305236816, 428.349945068, 238.463470459, 41.451171875, 357.828063965, 2.8907186985, -263.850769043, -39.4390716553, 38.9448623657, -89.1671905518, -87.4496841431, -45.500453949, 35.7891654968], [-1032.39245605, -63.7045440674, 486.381072998, -191.87852478, 2.8907186985, 349.831726074, -60.1900482178, -73.2543716431, 82.3556900024, 85.1684494019, 17.8486995697, -30.3034267426, -84.1931381226], [-353.526489258, -632.590820312, -662.546386719, 239.342041016, -263.850769043, -60.1900482178, 571.777770996, 213.056365967, -184.302505493, -59.689781189, 65.8449172974, 114.378211975, -18.4357376099], [-445.468902588, -409.814025879, -392.82598877, 78.30493927, -39.4390716553, -73.2543716431, 213.056365967, 276.7840271, -34.8858146667, -108.855628967, 17.5168132782, 134.309112549, 32.1889648438], [-375.02822876, -48.9729652405, 140.780914307, -110.725906372, 38.9448623657, 82.3556900024, -184.302505493, -34.8858146667, 204.923248291, 157.7290802, -6.42780828476, -63.4781646729, -29.9272842407], [-698.227600098, -305.778503418, 47.8376159668, -33.5193557739, -89.1671905518, 85.1684494019, -59.689781189, -108.855628967, 157.7290802, 333.473571777, 74.2857208252, -108.374221802, -50.9203033447], [-467.914428711, -236.652694702, -100.375473022, -26.4336681366, -87.4496841431, 17.8486995697, 65.8449172974, 17.5168132782, -6.42780828476, 74.2857208252, 89.8634719849, 48.9958381653, -23.5200996399], [-558.692382812, -411.055023193, -357.243041992, 20.507774353, -45.500453949, -30.3034267426, 114.378211975, 134.309112549, -63.4781646729, -108.374221802, 48.9958381653, 203.815704346, 62.1182785034], [45.7426109314, -98.4983215332, -170.669143677, 37.9660415649, 35.7891654968, -84.1931381226, -18.4357376099, 32.1889648438, -29.9272842407, -50.9203033447, -23.5200996399, 62.1182785034, 106.25453186]], "icov": [[0.00131936301477, -0.00330732041039, 0.0022635741625, -0.00268096989021, 0.00249433214776, -0.0015674874885, 0.00187760894187, -0.000728146987967, -5.89491974097e-05, 0.00107046659105, -0.00115658016875, 0.00226905848831, -0.00166209845338], [-0.00330732041039, 0.0125346863642, -0.00779570592567, 0.0112285288051, -0.0113433627412, 0.010947891511, -0.00977370887995, 0.00857630651444, -0.00407109735534, 0.00476493407041, 0.000152264576172, -0.000261323410086, 0.00603465922177], [0.0022635741625, -0.00779570592567, 0.00652686040848, -0.00817889068276, 0.00891700852662, -0.00948918610811, 0.00935614388436, -0.00610776478425, 0.00309625221416, 0.0010729546193, -0.00433986773714, 0.00621793512255, -0.0050533618778], [-0.00268096989021, 0.0112285288051, -0.00817889068276, 0.0144043425098, -0.0144651345909, 0.0153687261045, -0.0139792729169, 0.0102482261136, -0.00283112702891, -0.000833602622151, 0.00823718961328, -0.00644867867231, 0.00919536594301], [0.00249433214776, -0.0113433627412, 0.00891700852662, -0.0144651345909, 0.0214236024767, -0.0177614800632, 0.0201718788594, -0.0147755946964, 0.00829156208783, -0.00113315170165, -0.00309010082856, 0.00686006015167, -0.00831363536417], [-0.0015674874885, 0.010947891511, -0.00948918610811, 0.0153687261045, -0.0177614800632, 0.0260500945151, -0.0194228868932, 0.0168890990317, -0.00820898637176, 0.000569362076931, 0.0114042116329, -0.0101827429608, 0.0146659230813], [0.00187760894187, -0.00977370887995, 0.00935614388436, -0.0139792729169, 0.0201718788594, -0.0194228868932, 0.0294558517635, -0.0222921464592, 0.0229447986931, -0.0102443955839, 0.00507345702499, 0.00332249235362, 0.000567727198359], [-0.000728146987967, 0.00857630651444, -0.00610776478425, 0.0102482261136, -0.0147755946964, 0.0168890990317, -0.0222921464592, 0.0268249064684, -0.0233492758125, 0.0195128228515, -0.0117578431964, 0.00381425372325, -0.000901421532035], [-5.89491974097e-05, -0.00407109735534, 0.00309625221416, -0.00283112702891, 0.00829156208783, -0.00820898637176, 0.0229447986931, -0.0233492758125, 0.0460747145116, -0.039194047451, 0.0424603261054, -0.0225468017161, 0.0207679085433], [0.00107046659105, 0.00476493407041, 0.0010729546193, -0.000833602622151, -0.00113315170165, 0.000569362076931, -0.0102443955839, 0.0195128228515, -0.039194047451, 0.0578217320144, -0.0627641603351, 0.0490114465356, -0.0267539285123], [-0.00115658016875, 0.000152264576172, -0.00433986773714, 0.00823718961328, -0.00309010082856, 0.0114042116329, 0.00507345702499, -0.0117578431964, 0.0424603261054, -0.0627641603351, 0.0974318310618, -0.0628025308251, 0.0454078093171], [0.00226905848831, -0.000261323410086, 0.00621793512255, -0.00644867867231, 0.00686006015167, -0.0101827429608, 0.00332249235362, 0.00381425372325, -0.0225468017161, 0.0490114465356, -0.0628025308251, 0.0619367621839, -0.0328594259918], [-0.00166209845338, 0.00603465922177, -0.0050533618778, 0.00919536594301, -0.00831363536417, 0.0146659230813, 0.000567727198359, -0.000901421532035, 0.0207679085433, -0.0267539285123, 0.0454078093171, -0.0328594259918, 0.0414009131491]]}, "melbands": {"dmean": [2.30258876854e-07, 4.41304728156e-05, 0.000500827096403, 0.000646527216304, 0.000176464876859, 0.000100799028587, 0.000144170495332, 0.000265430717263, 5.63088869967e-05, 0.000133144509164, 5.25049290445e-05, 2.64402005996e-05, 3.6884965084e-05, 1.2775119103e-05, 6.39448717266e-06, 1.8043381715e-05, 1.26389231809e-05, 1.27564999275e-05, 7.7961540228e-06, 3.08888661493e-06, 8.64057938088e-07, 9.07235573777e-07, 4.88156786105e-07, 2.26415707516e-07, 1.48311201542e-07, 6.13688229123e-08, 3.61223442269e-08, 5.41078115646e-08, 1.19813465815e-08, 4.62603511053e-09, 2.02722350018e-09, 7.44774186767e-10, 1.93621202405e-10, 1.32636776562e-10, 1.16754286794e-10, 4.01155289542e-11, 3.20476249704e-11, 2.32474005324e-11, 1.93583517272e-11, 1.56798064116e-11], "dmean2": [4.0407539359e-07, 4.79652044305e-05, 0.000506974407472, 0.000706581166014, 0.000184332675417, 0.000151169166202, 0.00020449841395, 0.000276208011201, 6.82978861732e-05, 0.00015951108071, 6.63613391225e-05, 3.31787159666e-05, 5.21488946106e-05, 1.84573218576e-05, 9.50795583776e-06, 2.7126950954e-05, 1.88214635273e-05, 1.8760400053e-05, 1.19825144793e-05, 4.9928748922e-06, 1.43338206726e-06, 1.52372410867e-06, 8.15438454538e-07, 3.78322113193e-07, 2.59233615907e-07, 1.04847856619e-07, 6.37484234289e-08, 9.29471610789e-08, 2.0846023574e-08, 8.2378228683e-09, 3.51430240464e-09, 1.33544442171e-09, 3.45086126341e-10, 2.31947266949e-10, 2.01880109851e-10, 6.89085247196e-11, 5.49843989783e-11, 3.99835477227e-11, 3.3410274547e-11, 2.71171557431e-11], "dvar": [1.44365856075e-12, 1.17704210822e-08, 3.79117409466e-07, 1.09930692815e-06, 8.49026804417e-08, 1.93926894099e-07, 1.46929522771e-07, 1.77416765723e-07, 2.35440378304e-08, 2.61827295844e-07, 1.10980478141e-08, 4.38699387928e-09, 5.25874810364e-09, 5.97105143108e-10, 5.55364809696e-10, 1.57406698786e-09, 9.9315922153e-10, 2.54284748813e-09, 2.44774600588e-09, 6.70970848327e-11, 5.18198027891e-12, 1.01919818071e-11, 1.84954287129e-12, 4.85198361523e-13, 1.95149872282e-13, 4.65109619926e-14, 1.55344148461e-14, 2.61839483336e-14, 1.59737136611e-15, 2.02723796633e-16, 4.36093457056e-17, 7.24652237372e-18, 7.25678933948e-19, 3.36903503211e-19, 1.99368079364e-19, 9.51709681093e-20, 8.77536654059e-20, 5.60920543778e-20, 4.32785904808e-20, 2.69526204349e-20], "dvar2": [3.71878959918e-12, 1.66032751991e-08, 6.44954354811e-07, 2.69498264061e-06, 1.36906052717e-07, 3.09671946752e-07, 2.33689647189e-07, 2.72347278951e-07, 5.35186615025e-08, 3.29402780608e-07, 1.68709437531e-08, 6.41250030853e-09, 1.0605705647e-08, 1.25014365526e-09, 9.976383053e-10, 3.34325345186e-09, 1.81323489556e-09, 4.4375050301e-09, 5.64277158333e-09, 1.69906810843e-10, 1.34267822555e-11, 2.7093405644e-11, 4.77997979739e-12, 1.25925951524e-12, 5.43382938471e-13, 1.24516214939e-13, 4.34472607631e-14, 7.61875981682e-14, 4.52438583018e-15, 5.83522797309e-16, 1.27078354608e-16, 2.07962123003e-17, 1.95435068196e-18, 8.79978413679e-19, 5.29445274569e-19, 2.40019586224e-19, 2.20914118068e-19, 1.41133439792e-19, 1.0886516287e-19, 6.77989024803e-20], "max": [4.82692048536e-05, 0.003662340343, 0.0152268027887, 0.0183805264533, 0.0074786003679, 0.0127438344061, 0.00923293363303, 0.00894262827933, 0.00439865607768, 0.0146529087797, 0.00266010500491, 0.00181726214942, 0.00105353724211, 0.000349724374246, 0.000526440679096, 0.000782280578278, 0.000537527084816, 0.00106030900497, 0.00113956001587, 0.000217702894588, 5.06260075781e-05, 9.26115098991e-05, 2.29225806834e-05, 1.39853000292e-05, 7.3635865192e-06, 4.01676970796e-06, 1.77570916549e-06, 3.23333460983e-06, 7.07495019014e-07, 1.63660246244e-07, 1.04218692343e-07, 3.86825931287e-08, 2.18901181626e-08, 1.85373298933e-08, 1.42595633079e-08, 1.24604699892e-08, 1.21765504346e-08, 9.76282521492e-09, 8.60058335661e-09, 6.79628398004e-09], "mean": [1.9146953889e-07, 0.000174035332748, 0.00296852877364, 0.00289955781773, 0.000670414825436, 0.000184298623935, 0.000382160127629, 0.000766607874539, 0.000162869284395, 0.000318759499351, 0.000152143969899, 6.84578117216e-05, 0.000107080784801, 4.00701974286e-05, 1.09158909254e-05, 3.87178479286e-05, 5.32960366399e-05, 9.04261105461e-05, 2.67385603365e-05, 1.3672388377e-05, 2.74627836916e-06, 1.44279317738e-06, 1.011528866e-06, 5.46725686945e-07, 1.92162119106e-07, 7.581780892e-08, 4.1405034068e-08, 7.75549651166e-08, 1.54369885763e-08, 5.95434368478e-09, 2.84404566564e-09, 8.24295409707e-10, 1.94658053565e-10, 1.60578939035e-10, 1.48802040134e-10, 4.08747688474e-11, 3.28849690534e-11, 2.19918076805e-11, 1.81140484556e-11, 1.49142660028e-11], "median": [2.89492128047e-08, 1.24461912492e-05, 0.0020846137777, 0.00169833563268, 0.000284297100734, 6.28707639407e-05, 0.000135515234433, 0.000539973611012, 0.000118487900181, 0.000126925326185, 4.56314519397e-05, 8.36040999275e-06, 2.68852636509e-05, 9.16952922125e-06, 4.03439753427e-06, 9.32122384256e-06, 1.5655241441e-05, 8.37050083646e-06, 2.35842804841e-07, 8.26502400741e-07, 1.99105954835e-07, 1.00413345194e-07, 1.4003934723e-07, 5.58875612455e-08, 1.68980278659e-08, 5.39019406887e-09, 2.22346407952e-09, 2.3306971908e-09, 7.25920434874e-10, 4.66064409288e-10, 1.91099108759e-10, 8.39992658763e-11, 5.07168335107e-11, 4.11643705234e-11, 3.13860951118e-11, 1.94230881378e-11, 1.60173679875e-11, 1.03085638983e-11, 8.43013419488e-12, 7.06852848822e-12], "min": [4.56191762184e-18, 3.56858827068e-18, 2.11334099954e-18, 8.80983851714e-19, 4.30399960492e-19, 9.14842939125e-19, 1.82864445786e-18, 2.29859864428e-18, 1.94049912901e-18, 1.29447231138e-18, 1.12055541624e-18, 1.2500517819e-18, 1.09852573537e-18, 1.1164737969e-18, 1.7881783687e-18, 1.86049939004e-18, 7.92989929114e-19, 1.4145691911e-19, 3.61139610815e-19, 1.01015420482e-18, 8.84912029045e-19, 3.6805295373e-19, 5.0233923798e-19, 4.87564603168e-19, 2.16252081607e-18, 2.45743882859e-18, 1.1848759467e-18, 3.1432904636e-18, 2.50408002781e-18, 4.81859641881e-19, 4.19132338832e-19, 1.04403934842e-18, 3.11673693197e-19, 1.30695322605e-18, 2.2127796897e-18, 2.987338794e-18, 7.45808529251e-19, 3.41470263975e-19, 5.6422341134e-19, 1.80984533087e-18], "var": [1.27770905835e-12, 1.2396660054e-07, 8.01745500212e-06, 1.08088906927e-05, 8.43809857543e-07, 5.09959420469e-07, 5.59527791211e-07, 7.04648471128e-07, 4.19044461353e-08, 6.65177594783e-07, 8.42551060032e-08, 2.56490437778e-08, 2.52880418827e-08, 3.66480001901e-09, 8.4511359022e-10, 4.89102225387e-09, 7.70861241506e-09, 3.31687779465e-08, 9.82862857768e-09, 1.38864408861e-09, 3.95002364151e-11, 1.32098542174e-11, 4.70175504433e-12, 1.65108963827e-12, 2.16104423852e-13, 4.78669872023e-14, 1.55240708797e-14, 4.6639900736e-14, 2.11245972463e-15, 2.14948824637e-16, 7.20946534402e-17, 6.39721881568e-18, 4.3923228488e-19, 2.27296566126e-19, 1.95321666904e-19, 4.93867958543e-20, 4.47788666986e-20, 2.84708425946e-20, 2.1905375979e-20, 1.36509471087e-20]}, "mfcc": {"mean": [-829.453918457, 240.591262817, -14.4149427414, -38.4902763367, -8.45557308197, -15.9380683899, -22.7913398743, -27.9826431274, -20.4185085297, -11.5278806686, -12.5371694565, -19.0375671387, -28.9126968384], "cov": [[3929.85839844, 1862.76733398, -1128.62182617, 430.637390137, 197.142776489, -590.039306641, -49.7904777527, 34.3539352417, -30.7775421143, -185.45690918, -409.674346924, -256.043792725, -243.058685303], [1862.76733398, 2210.07617188, 817.621520996, -78.8964920044, 264.076263428, 116.473991394, -392.3878479, -378.102874756, -195.150619507, -58.0412483215, -165.390441895, -284.816711426, -209.531204224], [-1128.62182617, 817.621520996, 1917.32434082, -161.712005615, 90.4010925293, 597.795654297, -279.055969238, -468.355987549, -190.279724121, 144.67124939, 182.181427002, -93.2892532349, -60.0131263733], [430.637390137, -78.8964920044, -161.712005615, 515.556213379, 102.688606262, -159.637313843, 95.8389816284, 46.2495269775, 40.3378372192, 25.5759849548, -67.0475006104, -22.9526405334, -19.5806312561], [197.142776489, 264.076263428, 90.4010925293, 102.688606262, 310.428649902, 65.6185379028, -199.317337036, -84.2902145386, 12.4328546524, -3.30475759506, -74.8025131226, -91.6733551025, 2.21955275536], [-590.039306641, 116.473991394, 597.795654297, -159.637313843, 65.6185379028, 409.23425293, -44.3340568542, -253.845977783, -70.0068054199, 143.574478149, 155.589080811, -30.8885269165, -41.2547149658], [-49.7904777527, -392.3878479, -279.055969238, 95.8389816284, -199.317337036, -44.3340568542, 366.116149902, 204.12651062, 28.4968013763, 23.2738304138, 75.4618606567, 100.477722168, -15.2618322372], [34.3539352417, -378.102874756, -468.355987549, 46.2495269775, -84.2902145386, -253.845977783, 204.12651062, 463.105957031, 148.897064209, -182.076965332, -89.5327606201, 124.126556396, 67.0714111328], [-30.7775421143, -195.150619507, -190.279724121, 40.3378372192, 12.4328546524, -70.0068054199, 28.4968013763, 148.897064209, 141.087814331, 19.3792896271, -24.7124729156, 28.8257312775, 41.5586853027], [-185.45690918, -58.0412483215, 144.67124939, 25.5759849548, -3.30475759506, 143.574478149, 23.2738304138, -182.076965332, 19.3792896271, 295.427124023, 178.709793091, -31.8561306, -15.6608581543], [-409.674346924, -165.390441895, 182.181427002, -67.0475006104, -74.8025131226, 155.589080811, 75.4618606567, -89.5327606201, -24.7124729156, 178.709793091, 245.089630127, 88.0467147827, -15.8851966858], [-256.043792725, -284.816711426, -93.2892532349, -22.9526405334, -91.6733551025, -30.8885269165, 100.477722168, 124.126556396, 28.8257312775, -31.8561306, 88.0467147827, 175.805862427, 70.5690689087], [-243.058685303, -209.531204224, -60.0131263733, -19.5806312561, 2.21955275536, -41.2547149658, -15.2618322372, 67.0714111328, 41.5586853027, -15.6608581543, -15.8851966858, 70.5690689087, 143.118499756]], "icov": [[0.251468032598, -0.352158516645, 0.34686717391, -0.332439690828, 0.312457382679, -0.287038981915, 0.251073569059, -0.209856212139, 0.163984790444, -0.118000350893, 0.0750241652131, -0.0386598333716, 0.0158571396023], [-0.352158516645, 0.494928479195, -0.489812582731, 0.472958475351, -0.449316680431, 0.417247027159, -0.367726117373, 0.310499817133, -0.243815824389, 0.17626953125, -0.111807443202, 0.057613696903, -0.0223755650222], [0.34686717391, -0.489812582731, 0.497461676598, -0.493352383375, 0.486855566502, -0.471420437098, 0.431014925241, -0.376496881247, 0.307677179575, -0.228757768869, 0.150449052453, -0.0788530781865, 0.0332506075501], [-0.332439690828, 0.472958475351, -0.493352383375, 0.509083867073, -0.521930038929, 0.523838639259, -0.495747566223, 0.44554489851, -0.37277418375, 0.281779527664, -0.188335314393, 0.0989563763142, -0.0425688698888], [0.312457382679, -0.449316680431, 0.486855566502, -0.521930038929, 0.56673848629, -0.589234888554, 0.577440083027, -0.532997190952, 0.456820189953, -0.354720383883, 0.243494048715, -0.128440544009, 0.0571867004037], [-0.287038981915, 0.417247027159, -0.471420437098, 0.523838639259, -0.589234888554, 0.644040822983, -0.642233252525, 0.609731316566, -0.534846127033, 0.422525912523, -0.297323644161, 0.161059185863, -0.0729411542416], [0.251073569059, -0.367726117373, 0.431014925241, -0.495747566223, 0.577440083027, -0.642233252525, 0.663826882839, -0.637293577194, 0.568148374557, -0.455239444971, 0.320767372847, -0.177532464266, 0.0846600085497], [-0.209856212139, 0.310499817133, -0.376496881247, 0.44554489851, -0.532997190952, 0.609731316566, -0.637293577194, 0.629220962524, -0.569066643715, 0.460843294859, -0.327117651701, 0.180605575442, -0.0872354507446], [0.163984790444, -0.243815824389, 0.307677179575, -0.37277418375, 0.456820189953, -0.534846127033, 0.568148374557, -0.569066643715, 0.5333943367, -0.434443891048, 0.315601229668, -0.17924490571, 0.0865593850613], [-0.118000350893, 0.17626953125, -0.228757768869, 0.281779527664, -0.354720383883, 0.422525912523, -0.455239444971, 0.460843294859, -0.434443891048, 0.37374907732, -0.280389487743, 0.165780290961, -0.0827400833368], [0.0750241652131, -0.111807443202, 0.150449052453, -0.188335314393, 0.243494048715, -0.297323644161, 0.320767372847, -0.327117651701, 0.315601229668, -0.280389487743, 0.225839808583, -0.137950599194, 0.0698306187987], [-0.0386598333716, 0.057613696903, -0.0788530781865, 0.0989563763142, -0.128440544009, 0.161059185863, -0.177532464266, 0.180605575442, -0.17924490571, 0.165780290961, -0.137950599194, 0.0972886607051, -0.0490798987448], [0.0158571396023, -0.0223755650222, 0.0332506075501, -0.0425688698888, 0.0571867004037, -0.0729411542416, 0.0846600085497, -0.0872354507446, 0.0865593850613, -0.0827400833368, 0.0698306187987, -0.0490798987448, 0.0350372679532]]}, "spectral_contrast_coeffs": {"dmean": [0.0337105952203, 0.0368266813457, 0.0384687706828, 0.0305519141257, 0.0200495589525, 0.040248118341], "dmean2": [0.0546439178288, 0.0551491938531, 0.0596444271505, 0.0494726411998, 0.0330397561193, 0.0691045746207], "dvar": [0.000773840933107, 0.00113451620564, 0.00144275289495, 0.00106082460843, 0.000359897967428, 0.00109810440335], "dvar2": [0.00200013420545, 0.002636392368, 0.00350633892231, 0.00264401547611, 0.000861604523379, 0.00290780700743], "max": [-0.133997783065, -0.311835050583, -0.389841228724, -0.449724286795, -0.541034936905, -0.60826843977], "mean": [-0.309854149818, -0.58747947216, -0.617283642292, -0.621998906136, -0.759584486485, -0.842990159988], "median": [-0.277049958706, -0.581735253334, -0.615141868591, -0.620020866394, -0.750807464123, -0.858935534954], "min": [-0.93865531683, -0.984899461269, -0.975209355354, -0.972991347313, -0.950239419937, -0.959048449993], "var": [0.0183043628931, 0.0112829385325, 0.00928185600787, 0.00627547223121, 0.00546171003953, 0.00610712869093]}, "spectral_contrast_valleys": {"dmean": [0.540728628635, 0.308061093092, 0.36387309432, 0.344837993383, 0.327560812235, 0.729333221912], "dmean2": [0.896917998791, 0.490628153086, 0.591162025928, 0.546267032623, 0.501802265644, 1.2724853754], "dvar": [0.201197087765, 0.116918221116, 0.174466401339, 0.206852927804, 0.208526521921, 0.310604602098], "dvar2": [0.503824412823, 0.249611854553, 0.408844828606, 0.441104084253, 0.440327972174, 0.882720708847], "max": [-7.7934513092, -5.75524759293, -5.9162902832, -6.65674304962, -8.17264652252, -11.1515340805], "mean": [-10.6957979202, -7.9571557045, -8.825586