{"lowlevel": {"average_loudness": 0.887252748013, "barkbands_crest": {"dmean": 2.4447619915, "dmean2": 3.95238399506, "dvar": 5.83541154861, "dvar2": 14.472360611, "max": 25.1343002319, "mean": 14.8261079788, "median": 14.7520704269, "min": 2.99838399887, "var": 22.3364982605}, "barkbands_flatness_db": {"dmean": 0.0570477955043, "dmean2": 0.0760329738259, "dvar": 0.0041999029927, "dvar2": 0.00767508009449, "max": 0.713478088379, "mean": 0.319142192602, "median": 0.310382783413, "min": 0.0219175424427, "var": 0.0176738295704}, "barkbands_kurtosis": {"dmean": 19.1133804321, "dmean2": 31.050693512, "dvar": 1558.41711426, "dvar2": 4080.3581543, "max": 603.651367188, "mean": 27.027135849, "median": 11.993309021, "min": -1.94614112377, "var": 2055.21191406}, "barkbands_skewness": {"dmean": 1.27004206181, "dmean2": 1.95249450207, "dvar": 2.60510897636, "dvar2": 5.88700675964, "max": 19.4753875732, "mean": 3.03675055504, "median": 2.5589466095, "min": -2.93538403511, "var": 5.92750406265}, "barkbands_spread": {"dmean": 4.2327466011, "dmean2": 6.82086992264, "dvar": 64.6220779419, "dvar2": 148.068710327, "max": 148.982620239, "mean": 8.32097053528, "median": 3.31969404221, "min": 0.110693559051, "var": 220.980285645}, "dissonance": {"dmean": 0.0480003096163, "dmean2": 0.0745000317693, "dvar": 0.00255435798317, "dvar2": 0.00517029454932, "max": 0.499995976686, "mean": 0.381339609623, "median": 0.404558569193, "min": 0.0860168263316, "var": 0.00786633137614}, "dynamic_complexity": 5.26349592209, "erbbands_crest": {"dmean": 3.2879152298, "dmean2": 5.09187412262, "dvar": 11.544549942, "dvar2": 23.7675800323, "max": 30.2536716461, "mean": 14.8620080948, "median": 14.0432157516, "min": 2.65530848503, "var": 44.769695282}, "erbbands_flatness_db": {"dmean": 0.048150062561, "dmean2": 0.0636294409633, "dvar": 0.00301606114954, "dvar2": 0.00515649281442, "max": 0.53052175045, "mean": 0.250000119209, "median": 0.243126213551, "min": 0.029548060149, "var": 0.0104273771867}, "erbbands_kurtosis": {"dmean": 5.24011087418, "dmean2": 8.06820964813, "dvar": 99.3450698853, "dvar2": 237.158172607, "max": 159.932220459, "mean": 7.15155649185, "median": 1.88230276108, "min": -1.80331861973, "var": 218.007019043}, "erbbands_skewness": {"dmean": 0.776954829693, "dmean2": 1.18769955635, "dvar": 0.737099826336, "dvar2": 1.80032169819, "max": 10.5099449158, "mean": 1.34644186497, "median": 1.06889677048, "min": -4.35709571838, "var": 2.88336396217}, "erbbands_spread": {"dmean": 10.9723052979, "dmean2": 17.0264530182, "dvar": 240.127609253, "dvar2": 501.481414795, "max": 132.234054565, "mean": 25.2144031525, "median": 20.1042518616, "min": 0.572398245335, "var": 458.217346191}, "hfc": {"dmean": 4.74412107468, "dmean2": 7.52384138107, "dvar": 54.2158927917, "dvar2": 134.347671509, "max": 89.2802200317, "mean": 10.3461370468, "median": 7.48864459991, "min": 1.29531150265e-16, "var": 100.686965942}, "melbands_crest": {"dmean": 2.9250690937, "dmean2": 4.66309118271, "dvar": 8.81157970428, "dvar2": 20.4169311523, "max": 37.1429100037, "mean": 21.8756389618, "median": 22.284324646, "min": 2.25312185287, "var": 40.893535614}, "melbands_flatness_db": {"dmean": 0.0638712719083, "dmean2": 0.0859384387732, "dvar": 0.00553687196225, "dvar2": 0.0105778388679, "max": 0.865349471569, "mean": 0.427740544081, "median": 0.42386752367, "min": 0.00567629747093, "var": 0.0235713645816}, "melbands_kurtosis": {"dmean": 30.2203388214, "dmean2": 47.1114273071, "dvar": 4078.57446289, "dvar2": 8715.95410156, "max": 989.500854492, "mean": 46.4956359863, "median": 21.0259170532, "min": -1.86923491955, "var": 6478.29638672}, "melbands_skewness": {"dmean": 1.44625711441, "dmean2": 2.18692445755, "dvar": 3.85377764702, "dvar2": 7.52373981476, "max": 22.5361061096, "mean": 3.9658601284, "median": 3.3690340519, "min": -2.28229022026, "var": 8.56218910217}, "melbands_spread": {"dmean": 3.72673177719, "dmean2": 6.12512016296, "dvar": 76.5623626709, "dvar2": 187.608703613, "max": 219.791595459, "mean": 8.51217269897, "median": 3.18566250801, "min": 0.15542255342, "var": 438.558044434}, "pitch_salience": {"dmean": 0.0753245204687, "dmean2": 0.117523506284, "dvar": 0.00607816968113, "dvar2": 0.0139985485002, "max": 0.947914838791, "mean": 0.363998234272, "median": 0.361993402243, "min": 0.0383358336985, "var": 0.028238851577}, "silence_rate_20dB": {"dmean": 0, "dmean2": 0, "dvar": 0, "dvar2": 0, "max": 1, "mean": 1, "median": 1, "min": 1, "var": 0}, "silence_rate_30dB": {"dmean": 0.0735167637467, "dmean2": 0.147049337626, "dvar": 0.0681153163314, "dvar2": 0.140683621168, "max": 1, "mean": 0.856528759003, "median": 1, "min": 0, "var": 0.122883662581}, "silence_rate_60dB": {"dmean": 0.022785898298, "dmean2": 0.0454692021012, "dvar": 0.0222662687302, "dvar2": 0.0474874787033, "max": 1, "mean": 0.105749599636, "median": 0, "min": 0, "var": 0.094556748867}, "spectral_centroid": {"dmean": 174.374313354, "dmean2": 281.455963135, "dvar": 115378.875, "dvar2": 263429.1875, "max": 11062.4384766, "mean": 536.117919922, "median": 306.896362305, "min": 113.752105713, "var": 460944.59375}, "spectral_complexity": {"dmean": 2.07652616501, "dmean2": 3.51553273201, "dvar": 15.7021942139, "dvar2": 39.9401473999, "max": 37, "mean": 7.15593767166, "median": 6, "min": 0, "var": 24.9949245453}, "spectral_decrease": {"dmean": 4.38107505829e-09, "dmean2": 6.63490373753e-09, "dvar": 3.99067231564e-17, "dvar2": 9.25879273847e-17, "max": 4.61098969809e-18, "mean": -1.22728991414e-08, "median": -8.40822345083e-09, "min": -7.57597362622e-08, "var": 1.44054522763e-16}, "spectral_energy": {"dmean": 0.0168366078287, "dmean2": 0.0254994519055, "dvar": 0.000583662709687, "dvar2": 0.00135478354059, "max": 0.288534015417, "mean": 0.0472592152655, "median": 0.0327629968524, "min": 1.15627958914e-20, "var": 0.00210998998955}, "spectral_energyband_high": {"dmean": 0.000168418817339, "dmean2": 0.000291740958346, "dvar": 2.06018299309e-07, "dvar2": 5.59305874503e-07, "max": 0.00632392335683, "mean": 0.000125725375256, "median": 4.53680604551e-06, "min": 8.33758717907e-21, "var": 1.4878568777e-07}, "spectral_energyband_low": {"dmean": 0.0144489584491, "dmean2": 0.0224192719907, "dvar": 0.000502587412484, "dvar2": 0.00119620782789, "max": 0.272748529911, "mean": 0.035481531173, "median": 0.01847804524, "min": 1.00129584585e-22, "var": 0.00166967220139}, "spectral_energyband_middle_high": {"dmean": 0.000981181277893, "dmean2": 0.00164432404563, "dvar": 6.39164045424e-06, "dvar2": 1.61589323397e-05, "max": 0.0320051722229, "mean": 0.00132056500297, "median": 0.000243159141974, "min": 1.48432067926e-21, "var": 9.79114338406e-06}, "spectral_energyband_middle_low": {"dmean": 0.00591203803197, "dmean2": 0.0079252384603, "dvar": 0.000126002982142, "dvar2": 0.000266582588665, "max": 0.197714239359, "mean": 0.0166392624378, "median": 0.0115018310025, "min": 3.3547124099e-22, "var": 0.000331730145263}, "spectral_entropy": {"dmean": 0.521343231201, "dmean2": 0.710966587067, "dvar": 0.423226088285, "dvar2": 0.774284660816, "max": 9.79923629761, "mean": 6.07187461853, "median": 6.14238643646, "min": 2.98756742477, "var": 1.47762799263}, "spectral_flux": {"dmean": 0.0309228319675, "dmean2": 0.0505426600575, "dvar": 0.00148697802797, "dvar2": 0.00366816949099, "max": 0.432979911566, "mean": 0.0709400996566, "median": 0.0587405711412, "min": 1.07530442883e-10, "var": 0.00315895234235}, "spectral_kurtosis": {"dmean": 19.8828258514, "dmean2": 30.2611427307, "dvar": 998.758605957, "dvar2": 2117.15356445, "max": 379.123657227, "mean": 35.1929473877, "median": 16.2085285187, "min": -1.16699039936, "var": 2198.41845703}, "spectral_rms": {"dmean": 0.00110304402187, "dmean2": 0.00161160575226, "dvar": 1.61267246312e-06, "dvar2": 3.43338547282e-06, "max": 0.0167778600007, "mean": 0.00590407242998, "median": 0.00565366260707, "min": 3.35868680958e-12, "var": 1.12485149657e-05}, "spectral_rolloff": {"dmean": 256.658294678, "dmean2": 450.667541504, "dvar": 971687.8125, "dvar2": 2298697, "max": 19379.8828125, "mean": 655.446228027, "median": 215.33203125, "min": 43.06640625, "var": 3454011.25}, "spectral_skewness": {"dmean": 1.25823879242, "dmean2": 1.86273407936, "dvar": 2.65355563164, "dvar2": 5.17658567429, "max": 16.6666126251, "mean": 3.93948912621, "median": 3.0880753994, "min": -0.00831620767713, "var": 7.4081902504}, "spectral_spread": {"dmean": 1177092.75, "dmean2": 1669131.5, "dvar": 2101640036350.0, "dvar2": 3565369688060.0, "max": 40163856, "mean": 3259907.5, "median": 2425039.5, "min": 249039.671875, "var": 5362110955520.0}, "spectral_strongpeak": {"dmean": 0.356130540371, "dmean2": 0.595501065254, "dvar": 0.480563014746, "dvar2": 1.27005195618, "max": 8.28742313385, "mean": 0.874837219715, "median": 0.735300064087, "min": 0, "var": 0.585625112057}, "zerocrossingrate": {"dmean": 0.00713019724935, "dmean2": 0.00905732065439, "dvar": 0.000176777248271, "dvar2": 0.000225384210353, "max": 0.62548828125, "mean": 0.0266858693212, "median": 0.01318359375, "min": 0.00146484375, "var": 0.00312061468139}, "barkbands": {"dmean": [6.55229960103e-05, 0.004653098993, 0.00960531644523, 0.00261013093404, 0.0012259867508, 0.00258104153909, 0.000486682634801, 0.000419914606027, 0.000361541926395, 0.000111468652904, 8.82756357896e-05, 0.000163370510563, 0.000446180318249, 0.000320464692777, 3.12502816087e-05, 6.79624645272e-05, 3.69485460396e-05, 1.43426386785e-05, 5.95579222136e-05, 2.44265302172e-05, 4.5410815801e-05, 2.73534260486e-05, 1.50668183778e-05, 1.80035713129e-05, 1.66541976796e-05, 3.08024573314e-05, 8.63636978465e-06], "dmean2": [9.3843198556e-05, 0.00713999709114, 0.0154638551176, 0.00341382529587, 0.0017921339022, 0.00366564025171, 0.000730712199584, 0.000654065108392, 0.000578550039791, 0.000192353705643, 0.000149184998008, 0.000292213546345, 0.000771526654717, 0.000567484647036, 5.39441571163e-05, 0.000117963725643, 6.58411518089e-05, 2.37660351559e-05, 0.000106585153844, 4.17521223426e-05, 8.14038648969e-05, 4.87504548801e-05, 2.66168244707e-05, 3.16604127875e-05, 2.78459374385e-05, 5.22663249285e-05, 1.49099869304e-05], "dvar": [7.45733572671e-08, 0.000119574338896, 0.000239487897488, 1.82083094842e-05, 5.27677320861e-06, 0.000103814425529, 2.2046833692e-06, 2.26854012908e-06, 2.32155230151e-06, 8.20884693553e-08, 1.46931583345e-07, 1.65054075296e-07, 1.92762922779e-06, 2.33365790336e-06, 6.4314007453e-09, 4.72323549161e-08, 1.1518387133e-08, 1.09580966523e-09, 3.24711066924e-08, 3.90661458738e-09, 1.69134199979e-08, 6.14350792461e-09, 4.09387590494e-09, 5.87057868984e-09, 1.9768693349e-09, 1.13884155439e-08, 1.13554410319e-09], "dvar2": [1.27116891235e-07, 0.00025334773818, 0.000608410919085, 3.15032957587e-05, 1.16179398901e-05, 0.000223447743338, 3.97569465349e-06, 5.15761212228e-06, 6.04596380072e-06, 2.29670874319e-07, 4.17113540152e-07, 5.17910791586e-07, 5.09933079229e-06, 6.82033987687e-06, 1.77458332473e-08, 1.24694153669e-07, 3.22362510019e-08, 2.79385337087e-09, 9.11081201593e-08, 1.05160742336e-08, 4.75134491751e-08, 1.72798273468e-08, 1.1778290343e-08, 1.6856521512e-08, 4.94063678858e-09, 2.93260242756e-08, 2.96629654173e-09], "max": [0.00891070626676, 0.202736914158, 0.196192294359, 0.0639093741775, 0.0599981956184, 0.182750359178, 0.0430635623634, 0.0296888593584, 0.0247747637331, 0.00458477763459, 0.00572743359953, 0.00403217598796, 0.0176607482135, 0.0251775700599, 0.0017196884146, 0.00178304791916, 0.00119624473155, 0.000558649131563, 0.00162740494125, 0.00088990671793, 0.00135467399377, 0.0010833813576, 0.00109141075518, 0.00130372063722, 0.000634798430838, 0.00150442565791, 0.000430411048001], "mean": [8.99877268239e-05, 0.00836691446602, 0.0207222718745, 0.00802158750594, 0.00311385164969, 0.00365754519589, 0.000724333047401, 0.000629776972346, 0.000468658254249, 0.000131855311338, 0.000102062556834, 0.000166898433235, 0.000433683977462, 0.000314366683597, 3.35119111696e-05, 5.50134463992e-05, 3.24960565194e-05, 1.47098389789e-05, 4.29789506597e-05, 1.99016994884e-05, 3.19973114529e-05, 1.99559926841e-05, 1.13730966405e-05, 1.29961972561e-05, 1.27284956761e-05, 2.19286011998e-05, 5.89929777561e-06], "median": [8.11689915281e-06, 0.0013493092265, 0.00732346018776, 0.00221616402268, 0.00104940345045, 0.000361328042345, 0.000251250603469, 9.62070771493e-05, 7.18334922567e-05, 2.20274232561e-05, 1.21555567603e-05, 2.12195518543e-05, 1.4366922187e-05, 8.28614520287e-06, 8.95540051715e-06, 7.37052550903e-06, 5.58878127777e-06, 3.04677973872e-06, 3.30633474732e-06, 1.89610966572e-06, 1.74374599737e-06, 6.61140347802e-07, 2.6220115501e-07, 1.99958805069e-07, 1.50722385683e-07, 8.31287323422e-08, 1.27565709107e-08], "min": [3.07496600349e-25, 6.35747421139e-23, 3.50022474584e-23, 5.85327021394e-24, 7.26585637899e-23, 2.72690124501e-23, 3.50644380967e-23, 1.16367106183e-22, 5.08896788976e-23, 1.18635024488e-22, 2.98701266683e-23, 6.59542621484e-23, 1.01537278472e-22, 5.60704850273e-23, 1.72415976422e-22, 1.40714786841e-22, 1.12195483499e-22, 2.10679478992e-22, 3.880175057e-22, 4.06026834135e-22, 4.25602701488e-22, 5.81247255251e-22, 7.51862748165e-22, 9.5078878027e-22, 1.49947498755e-21, 1.54726970953e-21, 2.53671292659e-21], "var": [1.58245811122e-07, 0.000355304160621, 0.000763274496421, 0.000159638890182, 2.27722284762e-05, 0.000155950154294, 4.2459978431e-06, 3.7121603782e-06, 2.52698964687e-06, 9.0857255941e-08, 1.49745616795e-07, 1.45209426705e-07, 2.06591039387e-06, 2.22944981942e-06, 6.06747674325e-09, 3.39993810883e-08, 7.94264298776e-09, 1.20720922148e-09, 2.05185202162e-08, 3.08452263731e-09, 1.09445403851e-08, 4.11769818243e-09, 2.49975706801e-09, 3.48929241056e-09, 1.68349179042e-09, 8.72663807883e-09, 8.15388756514e-10]}, "erbbands": {"dmean": [0.0508726984262, 1.40787780285, 9.4776506424, 10.4152040482, 5.14428424835, 3.81026721001, 6.62644481659, 26.7398548126, 12.178027153, 5.08272600174, 9.20852279663, 6.13585805893, 5.77662658691, 3.92747449875, 3.92737627029, 7.72327184677, 15.2574748993, 20.6526126862, 2.4652428627, 1.45674800873, 4.43488168716, 2.07408452034, 0.971661090851, 1.62635695934, 3.08808255196, 1.22888743877, 1.80925500393, 1.36684644222, 0.958311975002, 0.785064697266, 0.409906327724, 0.372626364231, 0.278496921062, 0.160336449742, 0.135635763407, 0.103888943791, 0.0617930106819, 0.0168751440942, 0.00148830737453, 5.17068219779e-05], "dmean2": [0.0782075747848, 2.1881775856, 15.3491363525, 15.0957889557, 7.41129207611, 5.51155662537, 9.84456825256, 37.6352920532, 17.5138339996, 7.61265420914, 14.0897159576, 9.81871318817, 9.28975296021, 6.73147392273, 6.68537950516, 13.9201793671, 25.5313339233, 35.206237793, 4.21849012375, 2.54173660278, 7.66574048996, 3.69480657578, 1.62586438656, 2.81555318832, 5.53955316544, 2.0995516777, 3.20042991638, 2.43701887131, 1.69585967064, 1.42125558853, 0.718683838844, 0.650731980801, 0.488516718149, 0.268509894609, 0.227808892727, 0.173705622554, 0.105222545564, 0.0292192213237, 0.00256946636364, 8.58115163282e-05], "dvar": [0.0219216179103, 9.84229946136, 244.723449707, 278.751556396, 95.6079025269, 44.8540496826, 414.327667236, 12598.1611328, 1843.11694336, 190.859649658, 1031.70251465, 566.402038574, 679.06036377, 103.670333862, 151.686676025, 403.386810303, 2318.28393555, 8078.89257812, 40.7101364136, 15.3106441498, 205.349716187, 38.5637397766, 4.75076198578, 19.7569046021, 82.5322647095, 8.3775396347, 21.2599811554, 19.0808429718, 6.69597005844, 8.4719285965, 3.27518486977, 2.82615828514, 0.950618624687, 0.200618594885, 0.129277050495, 0.0938993543386, 0.0560545660555, 0.00404081260785, 3.9015278162e-05, 2.77300191698e-08], "dvar2": [0.0497960597277, 21.4106998444, 610.619567871, 569.620422363, 217.878036499, 92.1606063843, 881.326538086, 27517.0898438, 3737.90551758, 414.348358154, 2359.79345703, 1487.32910156, 1682.34301758, 289.079193115, 434.033203125, 1265.52563477, 5469.30175781, 20546.2167969, 110.151191711, 41.8110809326, 539.963439941, 107.194908142, 12.5924882889, 54.1874313354, 229.907958984, 22.0815219879, 58.471862793, 54.439414978, 18.6725330353, 24.420463562, 9.41342067719, 8.12752819061, 2.69028162956, 0.510069608688, 0.321237266064, 0.233198985457, 0.146268248558, 0.0105561763048, 0.000102975318441, 7.39307211006e-08], "max": [3.88097906113, 54.1867446899, 184.601867676, 285.216552734, 168.026824951, 175.757446289, 478.234466553, 2127.4909668, 751.781738281, 272.827392578, 526.342285156, 412.837310791, 463.408111572, 163.016204834, 166.192932129, 208.669937134, 860.772888184, 1478.39111328, 106.346534729, 36.3919372559, 120.460136414, 64.6663513184, 31.0280456543, 44.5258750916, 82.3956451416, 55.0874176025, 47.7112464905, 62.9781455994, 34.6901283264, 47.0271835327, 32.1230964661, 28.8031806946, 15.6687440872, 4.95644807816, 5.50273990631, 4.13792324066, 3.85109829903, 0.766336381435, 0.0855871737003, 0.00266886060126], "mean": [0.0877682566643, 2.66556119919, 20.0164470673, 31.0183296204, 13.5914020538, 10.2043895721, 12.5337562561, 36.5155525208, 17.9663333893, 8.66215419769, 14.1121473312, 8.13318824768, 7.47999477386, 5.01313066483, 4.88992500305, 7.8253326416, 16.6555118561, 23.852350235, 2.76213574409, 1.44120490551, 3.58949708939, 1.79741632938, 1.01464366913, 1.31258201599, 2.23121619225, 1.00370895863, 1.31433069706, 0.979473531246, 0.716604411602, 0.546797811985, 0.314989745617, 0.276221454144, 0.200168401003, 0.124880097806, 0.101275153458, 0.0766578167677, 0.0435038246214, 0.0115460343659, 0.00103269843385, 7.6515134424e-05], "median": [0.0187183637172, 0.596049427986, 6.85034036636, 15.2979440689, 7.40403747559, 3.50016212463, 3.99126029015, 3.27721858025, 4.3010187149, 3.16965651512, 2.39125990868, 2.0605661869, 1.05684483051, 0.812309086323, 0.719314277172, 0.924094378948, 0.779164493084, 0.590696513653, 0.48725092411, 0.476590782404, 0.456848233938, 0.345377713442, 0.253242850304, 0.191866770387, 0.165975168347, 0.114669650793, 0.0697321221232, 0.0487487837672, 0.0276880320162, 0.0135326636955, 0.00710925133899, 0.00457699783146, 0.0029293554835, 0.00170852895826, 0.00106155546382, 0.000471764389658, 0.000144278077642, 3.16178848152e-05, 3.06300498778e-05, 4.19721982325e-05], "min": [1.0164540164e-21, 1.71293546756e-20, 4.92286266427e-20, 1.91766557722e-20, 9.65442042484e-20, 3.97998236073e-19, 1.62292383819e-19, 2.74535351644e-19, 5.39750859327e-19, 9.9585907627e-19, 2.57037400441e-18, 1.03935822994e-18, 2.26433123984e-18, 3.27381336041e-18, 1.89885885697e-18, 2.72438758984e-18, 5.25495973113e-18, 2.73437228022e-18, 7.33493970939e-18, 7.31463821562e-18, 7.98957623643e-18, 7.13291821557e-18, 9.88553458459e-18, 1.47677861704e-17, 2.12262899705e-17, 1.75332610621e-17, 1.88228323283e-17, 2.09735829847e-17, 1.79389418673e-17, 2.72345097324e-17, 1.88190686565e-17, 1.99233779354e-17, 1.49701029677e-17, 1.72458852824e-17, 9.80399939161e-18, 6.23652616039e-18, 2.72325786792e-18, 1.19004086244e-18, 3.35036634116e-19, 3.98491642846e-20], "var": [0.0496287718415, 28.6819248199, 757.726623535, 1930.57910156, 284.669799805, 257.981567383, 908.558166504, 17933.2167969, 2842.68115234, 325.426818848, 1619.53601074, 574.927124023, 775.947814941, 127.390205383, 161.120620728, 362.977416992, 2935.13232422, 10891.1425781, 43.5260848999, 11.0422906876, 149.348739624, 26.2051372528, 4.49091529846, 13.7503242493, 53.383518219, 7.22367429733, 15.1306123734, 11.9083623886, 4.78970813751, 5.03716468811, 2.0017118454, 1.68346810341, 0.594364464283, 0.173301577568, 0.107980959117, 0.077761888504, 0.0415722765028, 0.00291326642036, 2.74737158179e-05, 2.19719620276e-08]}, "gfcc": {"mean": [-142.308868408, 154.91078186, -63.5292778015, 25.9923820496, -36.0670547485, -4.64622831345, -23.8273391724, -6.04299974442, -20.4410743713, -4.41224956512, -14.911939621, -12.3400030136, -14.8721351624], "cov": [[22200.5292969, -448.020507812, -1470.94665527, 200.685958862, -638.036437988, 938.000549316, -816.419921875, -9.68241024017, -668.146057129, 420.848205566, -232.032348633, 444.706420898, -363.646240234], [-448.020507812, 4486.82568359, 235.784713745, -683.080505371, 451.956054688, -655.14630127, 304.385375977, -529.020812988, 385.001831055, -593.240600586, 236.905197144, -465.439605713, 264.734588623], [-1470.94665527, 235.784713745, 1720.54492188, 99.8330612183, -33.3159713745, -133.102172852, 60.0145301819, -31.3601741791, 2.906447649, -123.773406982, -99.6005554199, -106.393836975, -8.91254138947], [200.685958862, -683.080505371, 99.8330612183, 547.401245117, -43.4856338501, 28.1227111816, -33.0900382996, 77.4865264893, -42.045539856, 62.8213729858, -41.7148017883, 24.9128475189, -39.8427658081], [-638.036437988, 451.956054688, -33.3159713745, -43.4856338501, 340.338470459, -37.7440299988, 74.8993911743, -66.5239715576, 79.9349899292, -25.533208847, 98.3659896851, 2.86290788651, 72.803817749], [938.000549316, -655.14630127, -133.102172852, 28.1227111816, -37.7440299988, 362.996582031, -60.835811615, 40.3328170776, -108.09576416, 127.227416992, -12.1625833511, 116.936668396, -41.8794174194], [-816.419921875, 304.385375977, 60.0145301819, -33.0900382996, 74.8993911743, -60.835811615, 150.165908813, 23.8488006592, 79.3087615967, -61.9138870239, 21.9929332733, -53.4508132935, 28.8705940247], [-9.68241024017, -529.020812988, -31.3601741791, 77.4865264893, -66.5239715576, 40.3328170776, 23.8488006592, 215.205078125, 15.63834095, 81.413482666, -36.3978042603, 79.1066055298, -14.8375415802], [-668.146057129, 385.001831055, 2.906447649, -42.045539856, 79.9349899292, -108.09576416, 79.3087615967, 15.63834095, 148.024108887, -29.3397521973, 53.4230957031, -25.2578048706, 59.0297584534], [420.848205566, -593.240600586, -123.773406982, 62.8213729858, -25.533208847, 127.227416992, -61.9138870239, 81.413482666, -29.3397521973, 181.046356201, 30.7237415314, 123.537643433, -5.34771442413], [-232.032348633, 236.905197144, -99.6005554199, -41.7148017883, 98.3659896851, -12.1625833511, 21.9929332733, -36.3978042603, 53.4230957031, 30.7237415314, 129.549713135, 50.7321968079, 61.4546356201], [444.706420898, -465.439605713, -106.393836975, 24.9128475189, 2.86290788651, 116.936668396, -53.4508132935, 79.1066055298, -25.2578048706, 123.537643433, 50.7321968079, 198.74772644, 58.7193946838], [-363.646240234, 264.734588623, -8.91254138947, -39.8427658081, 72.803817749, -41.8794174194, 28.8705940247, -14.8375415802, 59.0297584534, -5.34771442413, 61.4546356201, 58.7193946838, 142.871856689]], "icov": [[0.000114552749437, -0.000312770542223, 9.14723786991e-05, -0.0002125146857, 0.000132949498948, -0.000207507488085, 0.000291697331704, -0.000107565014332, 0.000288806040771, -0.000419086107286, 0.000580562045798, -0.000673715723678, 0.000511028454639], [-0.000312770542223, 0.00196500052698, -0.000290030322503, 0.00128208531532, -0.000585111323744, 0.000764154247008, -0.000402729201596, 0.000951710098889, -0.0017324690707, 0.00317790056579, -0.00328770698979, 0.0034598922357, -0.0025683993008], [9.14723786991e-05, -0.000290030322503, 0.000735407695174, -0.000346380955307, 0.000155372254085, 3.20346371154e-05, -0.000194218271645, 0.000202244409593, 0.000291524425847, -0.000295856007142, 0.00120123301167, -0.00080190267181, 0.000391338515328], [-0.0002125146857, 0.00128208531532, -0.000346380955307, 0.00293177342974, -0.000612832955085, 0.000756651337724, -2.93800699325e-08, -0.000152966968017, -0.000513257691637, 0.00127241248265, -0.00192245480139, 0.00265947473235, -0.00160878989846], [0.000132949498948, -0.000585111323744, 0.000155372254085, -0.000612832955085, 0.00473856786266, -0.000515168125276, -0.00180192897096, 0.00156292319298, -0.000646557542495, -0.000865150126629, -0.000712831155397, -0.00190326408483, 0.000545736344066], [-0.000207507488085, 0.000764154247008, 3.20346371154e-05, 0.000756651337724, -0.000515168125276, 0.00570568954572, -0.00277588097379, 0.00185224867892, 0.00209255935624, -0.00178822455928, 0.00033211268601, -0.00151376111899, 0.000504981144331], [0.000291697331704, -0.000402729201596, -0.000194218271645, -2.93800699325e-08, -0.00180192897096, -0.00277588097379, 0.0163379255682, -0.00729079730809, -0.0026736294385, 0.00499970372766, -0.00398320006207, 0.00531383929774, -0.00165636476595], [-0.000107565014332, 0.000951710098889, 0.000202244409593, -0.000152966968017, 0.00156292319298, 0.00185224867892, -0.00729079730809, 0.0134719507769, -0.00528030656278, -0.00320584513247, 0.00660132663324, -0.00698283500969, 0.00264365063049], [0.000288806040771, -0.0017324690707, 0.000291524425847, -0.000513257691637, -0.000646557542495, 0.00209255935624, -0.0026736294385, -0.00528030656278, 0.017597714439, -0.00407536886632, -0.00247524864972, 0.00176754046697, -0.00232999166474], [-0.000419086107286, 0.00317790056579, -0.000295856007142, 0.00127241248265, -0.000865150126629, -0.00178822455928, 0.00499970372766, -0.00320584513247, -0.00407536886632, 0.0204657595605, -0.0106807677075, 0.00174195447471, -0.00171724020038], [0.000580562045798, -0.00328770698979, 0.00120123301167, -0.00192245480139, -0.000712831155397, 0.00033211268601, -0.00398320006207, 0.00660132663324, -0.00247524864972, -0.0106807677075, 0.0248280484229, -0.0133362207562, 0.00448402622715], [-0.000673715723678, 0.0034598922357, -0.00080190267181, 0.00265947473235, -0.00190326408483, -0.00151376111899, 0.00531383929774, -0.00698283500969, 0.00176754046697, 0.00174195447471, -0.0133362207562, 0.0257526934147, -0.0142198605463], [0.000511028454639, -0.0025683993008, 0.000391338515328, -0.00160878989846, 0.000545736344066, 0.000504981144331, -0.00165636476595, 0.00264365063049, -0.00232999166474, -0.00171724020038, 0.00448402622715, -0.0142198605463, 0.0179279670119]]}, "melbands": {"dmean": [0.000829226570204, 0.00391523772851, 0.00161027919967, 0.000318048085319, 0.000205574193387, 0.0005581654259, 0.000176127170562, 6.48304412607e-05, 7.01773751643e-05, 4.37310882262e-05, 2.95487079711e-05, 1.61887783179e-05, 1.4317921341e-05, 1.83489046321e-05, 2.55950108112e-05, 4.46057820227e-05, 3.47001223417e-05, 2.95851350529e-06, 2.07877496905e-06, 2.35681909544e-06, 5.84400413572e-06, 2.25457097258e-06, 1.16980015719e-06, 7.44470355585e-07, 1.26326403915e-06, 2.8616864256e-06, 1.32854984258e-06, 6.78433480061e-07, 8.77716161085e-07, 1.49739003064e-06, 5.5532012766e-07, 5.14094153914e-07, 5.8254124724e-07, 3.68305933307e-07, 2.45032254043e-07, 1.98965963705e-07, 2.48662814784e-07, 2.26727294717e-07, 1.27807950889e-07, 1.39992820891e-07], "dmean2": [0.00125343271066, 0.00628455355763, 0.00235297391191, 0.000461429357529, 0.000306247122353, 0.000787709490396, 0.000253000325756, 9.8643336969e-05, 0.000107229985588, 7.08305815351e-05, 4.79270784126e-05, 2.79535506706e-05, 2.43344129558e-05, 3.28210080625e-05, 4.34187095379e-05, 7.56159133743e-05, 5.92436590523e-05, 5.06717515236e-06, 3.60413127964e-06, 4.10957181884e-06, 1.01087571238e-05, 4.10145867136e-06, 2.00569797926e-06, 1.24107793908e-06, 2.18418813347e-06, 5.19853711012e-06, 2.31907529269e-06, 1.15550642477e-06, 1.52760412675e-06, 2.74229159913e-06, 9.7030545021e-07, 9.07705441477e-07, 1.05540379991e-06, 6.64614105972e-07, 4.30078415548e-07, 3.46391317407e-07, 4.36436636164e-07, 4.0161535253e-07, 2.17649571255e-07, 2.34453054304e-07], "dvar": [4.08453252021e-06, 4.27912054874e-05, 6.04152137385e-06, 3.67146213875e-07, 3.78316372007e-07, 5.33546062798e-06, 3.89337969864e-07, 4.3703444419e-08, 6.41159871861e-08, 3.63965106942e-08, 1.7740166669e-08, 1.92831905999e-09, 3.17709170083e-09, 2.06640482503e-09, 7.03258695722e-09, 2.08481196751e-08, 2.38950157438e-08, 6.69546709742e-11, 2.72121040978e-11, 4.61271541796e-11, 3.70544983586e-10, 5.36914332439e-11, 7.36860746031e-12, 3.30183450026e-12, 1.19483633057e-11, 8.17969372791e-11, 1.2930123118e-11, 2.48127581849e-12, 3.85683152082e-12, 2.27514049267e-11, 3.4763056149e-12, 1.97535737767e-12, 3.08473190568e-12, 2.22458054581e-12, 1.51354926856e-12, 5.97874126509e-13, 1.35112461584e-12, 8.36490219539e-13, 1.14675630103e-13, 1.69117514047e-13], "dvar2": [8.55382950249e-06, 0.000104998878669, 1.29552281578e-05, 7.98870985363e-07, 7.92132652805e-07, 1.15852380986e-05, 7.81223945978e-07, 9.69285522956e-08, 1.48517386833e-07, 9.73578906382e-08, 4.44358789764e-08, 5.41015188205e-09, 9.10962860701e-09, 6.51547704678e-09, 1.66425948578e-08, 5.0906393767e-08, 6.12351627183e-08, 1.83908235862e-10, 7.41752215205e-11, 1.24711310723e-10, 9.74278768773e-10, 1.52037632484e-10, 2.02429496776e-11, 8.4624009189e-12, 3.2667275135e-11, 2.30185190353e-10, 3.50501988544e-11, 6.56368015495e-12, 1.0322731385e-11, 6.48221407107e-11, 9.94535703791e-12, 5.50664505314e-12, 8.75876801643e-12, 6.43888675017e-12, 4.37598438388e-12, 1.6972760003e-12, 3.89950268256e-12, 2.40348517998e-12, 3.02280769859e-13, 4.32347408742e-13], "max": [0.0422878116369, 0.0796761512756, 0.0402041599154, 0.0161470677704, 0.0146863218397, 0.0431733317673, 0.0108301928267, 0.00452504586428, 0.00507551897317, 0.00336756999604, 0.00237475614995, 0.00073317985516, 0.000806659343652, 0.000471171631943, 0.00165777804796, 0.00184837647248, 0.00256631476805, 0.000162636570167, 6.28691414022e-05, 5.89292867517e-05, 0.00016121873341, 8.15596722532e-05, 6.37513949187e-05, 3.51188100467e-05, 3.57089775207e-05, 8.5402491095e-05, 3.87546679121e-05, 3.91206522181e-05, 2.72840934485e-05, 4.29118626926e-05, 3.02692169498e-05, 1.94953299797e-05, 2.1426967578e-05, 2.53115886153e-05, 2.17031956709e-05, 1.49732959471e-05, 2.07232933462e-05, 1.54670015036e-05, 5.44554086446e-06, 5.39535813004e-06], "mean": [0.00150071596727, 0.00828134268522, 0.00477895466611, 0.000820060493425, 0.000421502481913, 0.000770999176893, 0.000259346939856, 0.000107944426418, 0.000107039420982, 5.47452982573e-05, 3.73250040866e-05, 2.01784241654e-05, 1.64775992744e-05, 1.86915094673e-05, 2.61953227891e-05, 4.99122288602e-05, 3.98290831072e-05, 3.07798791255e-06, 2.13784460357e-06, 2.08637675314e-06, 4.60651972389e-06, 1.78705954568e-06, 1.26022030145e-06, 7.66967332311e-07, 9.88889041764e-07, 2.02622618417e-06, 9.91548631646e-07, 5.66533060464e-07, 6.84068368173e-07, 9.70698692981e-07, 4.26934946063e-07, 3.90804217432e-07, 4.00128016054e-07, 2.59307199713e-07, 1.88293483916e-07, 1.50562414092e-07, 1.80899192515e-07, 1.57897616759e-07, 9.93862983023e-08, 1.0785475979e-07], "median": [0.000268123054411, 0.00292808609083, 0.0027277553454, 0.000306022469886, 0.000151586005813, 7.23185876268e-05, 6.29077185295e-05, 3.05927314912e-05, 1.71413557837e-05, 1.0168029803e-05, 4.33105742559e-06, 2.61770128418e-06, 2.18674949792e-06, 1.98136490326e-06, 1.83663360076e-06, 1.41551186061e-06, 7.85883173648e-07, 6.47338765702e-07, 6.57670511828e-07, 4.62808969814e-07, 4.99425993894e-07, 3.04808963847e-07, 2.54196066862e-07, 1.30061408754e-07, 1.1949890677e-07, 1.18853364484e-07, 9.821251723e-08, 5.43331530878e-08, 4.17833874167e-08, 2.57203058851e-08, 2.78079319571e-08, 1.6189620311e-08, 1.02106962885e-08, 6.12726624993e-09, 4.29064161978e-09, 3.00469538139e-09, 2.6316568924e-09, 2.09141770569e-09, 1.51509949031e-09, 1.37954858648e-09], "min": [1.36207469131e-23, 2.53241721293e-23, 4.64935448217e-24, 1.91446349614e-23, 7.41467009782e-24, 6.03065071608e-24, 7.35267351928e-24, 1.60301915972e-23, 1.90677999093e-23, 6.32724151162e-24, 1.18485077807e-23, 1.42076531157e-23, 4.9963941159e-24, 7.03466160028e-24, 9.59806274521e-24, 9.63534667818e-24, 4.33634551903e-24, 9.95603835767e-24, 1.36850848308e-23, 6.44073926879e-24, 1.04867232324e-23, 6.51326359055e-24, 8.89911936141e-24, 9.0169239047e-24, 1.16904168998e-23, 1.73251257058e-23, 1.03905618769e-23, 1.26498129667e-23, 1.39947095807e-23, 9.86850950707e-24, 1.29390298849e-23, 1.1135022535e-23, 1.01101786231e-23, 1.66905375947e-23, 1.23569199566e-23, 7.41595515224e-24, 1.40126514331e-23, 1.12343969209e-23, 1.00698039331e-23, 1.60830878764e-23], "var": [1.21259199659e-05, 0.000126143801026, 3.72711947421e-05, 1.50187986492e-06, 8.54971347053e-07, 7.70413225837e-06, 6.08383118106e-07, 7.54603206587e-08, 9.87405215369e-08, 3.42207258086e-08, 1.98235827753e-08, 2.31310637311e-09, 3.04005465246e-09, 1.83027160094e-09, 8.63118287953e-09, 2.91092820959e-08, 3.17206634293e-08, 6.04344005395e-11, 2.17043518574e-11, 3.27590038429e-11, 2.677305877e-10, 3.36473487961e-11, 7.24567194438e-12, 4.04898076872e-12, 8.33863533778e-12, 5.14087002135e-11, 8.86849621518e-12, 2.46577671476e-12, 3.28398506305e-12, 1.35338563273e-11, 2.2205696483e-12, 1.43254060957e-12, 1.93563307743e-12, 1.31530062449e-12, 9.04711798099e-13, 3.75201660106e-13, 7.92952997101e-13, 4.91480445751e-13, 9.33377385256e-14, 1.42343764813e-13]}, "mfcc": {"mean": [-793.837585449, 181.338241577, 37.5343437195, 37.2804794312, 11.7536211014, 8.44553661346, 4.31073856354, -1.40668189526, -0.649472773075, -0.547307789326, 0.602832555771, 0.796799778938, -2.26799178123], "cov": [[13856.2568359, 299.166687012, -1714.59204102, -291.312011719, -195.087753296, 550.665405273, 129.675872803, -160.030380249, -236.595718384, -211.303649902, 64.9870758057, 219.794662476, 89.2033157349], [299.166687012, 3755.65209961, 62.478302002, -89.922203064, 199.338317871, -100.664390564, -41.2915039062, 0.347115844488, -14.2370271683, -89.4518432617, -52.639995575, -37.1953811646, -16.017824173], [-1714.59204102, 62.478302002, 1458.77062988, 286.976501465, 41.3855667114, -47.3973884583, -39.2315788269, 41.004032135, 46.9832878113, 25.5206108093, -83.132232666, -68.4257965088, -69.4624786377], [-291.312011719, -89.922203064, 286.976501465, 436.107971191, 75.7396469116, -32.8655319214, -20.4683189392, 5.9787774086, 46.2200202942, 30.0591773987, -16.0591259003, -15.9890155792, 27.1966400146], [-195.087753296, 199.338317871, 41.3855667114, 75.7396469116, 178.769958496, 66.898399353, 25.8160152435, -2.49348855019, -6.02773618698, -21.9393825531, -20.0021476746, 2.60713505745, 31.9887142181], [550.665405273, -100.664390564, -47.3973884583, -32.8655319214, 66.898399353, 209.523666382, 74.4373626709, -7.47167873383, -38.6487693787, -35.5940551758, 3.98188662529, 18.777557373, 4.22525548935], [129.675872803, -41.2915039062, -39.2315788269, -20.4683189392, 25.8160152435, 74.4373626709, 95.3871536255, 28.7143440247, -3.84849500656, -1.15575802326, 8.15949249268, 8.46065807343, 4.79693937302], [-160.030380249, 0.347115844488, 41.004032135, 5.9787774086, -2.49348855019, -7.47167873383, 28.7143440247, 93.5309066772, 51.625957489, 12.6322727203, 6.47885942459, 16.9809741974, 7.11362791061], [-236.595718384, -14.2370271683, 46.9832878113, 46.2200202942, -6.02773618698, -38.6487693787, -3.84849500656, 51.625957489, 100.951675415, 44.485294342, -3.64466381073, -2.37601542473, 13.0610685349], [-211.303649902, -89.4518432617, 25.5206108093, 30.0591773987, -21.9393825531, -35.5940551758, -1.15575802326, 12.6322727203, 44.485294342, 84.989364624, 33.5619239807, -19.9738368988, -13.7553901672], [64.9870758057, -52.639995575, -83.132232666, -16.0591259003, -20.0021476746, 3.98188662529, 8.15949249268, 6.47885942459, -3.64466381073, 33.5619239807, 84.4398803711, 37.4552192688, -17.7141265869], [219.794662476, -37.1953811646, -68.4257965088, -15.9890155792, 2.60713505745, 18.777557373, 8.46065807343, 16.9809741974, -2.37601542473, -19.9738368988, 37.4552192688, 102.551956177, 47.1125831604], [89.2033157349, -16.017824173, -69.4624786377, 27.1966400146, 31.9887142181, 4.22525548935, 4.79693937302, 7.11362791061, 13.0610685349, -13.7553901672, -17.7141265869, 47.1125831604, 118.42124176]], "icov": [[0.00011256851576, -4.3350206397e-05, 0.000136190225021, -0.00012515533308, 0.000357810989954, -0.000412146386225, 6.14952659816e-05, 7.92626524344e-05, 9.32378388825e-05, -4.52097447123e-05, 0.000232018399402, -0.000250757933827, 4.7701960284e-05], [-4.3350206397e-05, 0.000340962171322, -7.85110823927e-05, 0.000235278042965, -0.000708242529072, 0.000566165836062, -2.00465547096e-05, -2.90877251246e-05, -0.000206760654692, 0.000586220354307, -0.000355374882929, 0.000334705371642, 5.69406074646e-05], [0.000136190225021, -7.85110823927e-05, 0.00113036751281, -0.000777703535277, 0.000378958269721, -0.000636429002043, 0.000548100681044, -0.000696763047017, 0.00067480787402, -0.00109419133514, 0.00209558522329, -0.00101771857589, 0.00118526804727], [-0.00012515533308, 0.000235278042965, -0.000777703535277, 0.00342225516215, -0.00211787084118, 0.0011460458627, 0.000195971297217, 0.000617235724349, -0.00139539095107, 0.000116406787129, -0.00129019084852, 0.00104807701427, -0.00107238418423], [0.000357810989954, -0.000708242529072, 0.000378958269721, -0.00211787084118, 0.0098315468058, -0.00430550100282, -0.000540321518201, 0.000533340440597, 0.000268792995485, 0.000454951426946, 0.0012652677251, -9.16539356695e-05, -0.00192001345567], [-0.000412146386225, 0.000566165836062, -0.000636429002043, 0.0011460458627, -0.00430550100282, 0.0105238417163, -0.00671637430787, 0.00202283193357, -0.000347205874277, 0.0035500312224, -0.00227031833492, 0.000476733286632, 0.000610000628512], [6.14952659816e-05, -2.00465547096e-05, 0.000548100681044, 0.000195971297217, -0.000540321518201, -0.00671637430787, 0.0185129735619, -0.00814626179636, 0.00393811706454, -0.00395213766024, 0.000862166052684, 0.000633994641248, -0.000664183055051], [7.92626524344e-05, -2.90877251246e-05, -0.000696763047017, 0.000617235724349, 0.000533340440597, 0.00202283193357, -0.00814626179636, 0.020339095965, -0.0121586881578, 0.00507799256593, -0.00282187596895, -0.00219374964945, 0.00065937358886], [9.32378388825e-05, -0.000206760654692, 0.00067480787402, -0.00139539095107, 0.000268792995485, -0.000347205874277, 0.00393811706454, -0.0121586881578, 0.0235695131123, -0.015048859641, 0.00964095443487, -0.00414437567815, -0.000127913430333], [-4.52097447123e-05, 0.000586220354307, -0.00109419133514, 0.000116406787129, 0.000454951426946, 0.0035500312224, -0.00395213766024, 0.00507799256593, -0.015048859641, 0.0323394797742, -0.0214650128037, 0.0142359863967, -0.00440797489136], [0.000232018399402, -0.000355374882929, 0.00209558522329, -0.00129019084852, 0.0012652677251, -0.00227031833492, 0.000862166052684, -0.00282187596895, 0.00964095443487, -0.0214650128037, 0.0337194129825, -0.0197568126023, 0.0105238240212], [-0.000250757933827, 0.000334705371642, -0.00101771857589, 0.00104807701427, -9.16539356695e-05, 0.000476733286632, 0.000633994641248, -0.00219374964945, -0.00414437567815, 0.0142359863967, -0.0197568126023, 0.0252386257052, -0.01137520466], [4.7701960284e-05, 5.69406074646e-05, 0.00118526804727, -0.00107238418423, -0.00192001345567, 0.000610000628512, -0.000664183055051, 0.00065937358886, -0.000127913430333, -0.00440797489136, 0.0105238240212, -0.01137520466, 0.0154437124729]]}, "spectral_contrast_coeffs": {"dmean": [0.0477574728429, 0.0489401891828, 0.0400232560933, 0.0286331083626, 0.0232248026878, 0.021482013166], "dmean2": [0.0780887827277, 0.0772465392947, 0.0648000836372, 0.0465917177498, 0.0375390537083, 0.0355177000165], "dvar": [0.00162415194791, 0.00212775822729, 0.00128914928064, 0.000647984619718, 0.000462277588667, 0.000548275827896], "dvar2": [0.0041765444912, 0.00470235385001, 0.00317484745756, 0.00153833685908, 0.00113732449245, 0.00135089806281], "max": [-0.279418021441, -0.326300114393, -0.476726621389, -0.514688253403, -0.66803330183, -0.686740875244], "mean": [-0.544871509075, -0.689760446548, -0.760401129723, -0.81142616272, -0.82837921381, -0.798287451267], "median": [-0.54045689106, -0.69090795517, -0.759881317616, -0.825199723244, -0.830519914627, -0.798503935337], "min": [-0.9783436656, -0.980059146881, -0.964136064053, -0.972836792469, -0.956077933311, -0.960759699345], "var": [0.0131152169779, 0.00975442584604, 0.00503171654418, 0.0044474247843, 0.00169898290187, 0.00155978661496]}, "spectral_contrast_valleys": {"dmean": [0.475221186876, 0.448455631733, 0.479546964169, 0.556687176228, 0.643693506718, 0.895080506802], "dmean2": [0.752637326717, 0.691021442413, 0.713468551636, 0.786955177784, 0.831736326218, 1.10393095016], "dvar": [0.23951792717, 0.270308792591, 0.377022892237, 0.555033564568, 0.604674577713, 0.901894748211], "dvar2": [0.442278265953, 0.502343773842, 0.723708927631, 1.09310793877, 1.11405003071, 1.77186775208], "