{"lowlevel": {"average_loudness": 0.801074385643, "barkbands_crest": {"dmean": 2.92566728592, "dmean2": 4.62766647339, "dvar": 8.18113517761, "dvar2": 18.9304504395, "max": 26.6049423218, "mean": 12.6003837585, "median": 12.2261714935, "min": 2.77118754387, "var": 23.0034217834}, "barkbands_flatness_db": {"dmean": 0.0293199233711, "dmean2": 0.0427321232855, "dvar": 0.00101163634099, "dvar2": 0.00210337666795, "max": 0.704021811485, "mean": 0.157195016742, "median": 0.149128258228, "min": 0.0254850424826, "var": 0.00366896693595}, "barkbands_kurtosis": {"dmean": 6.30782938004, "dmean2": 9.73704719543, "dvar": 368.933288574, "dvar2": 840.176757812, "max": 934.803161621, "mean": 10.1303434372, "median": 4.68633556366, "min": -1.88462758064, "var": 607.151306152}, "barkbands_skewness": {"dmean": 0.742165505886, "dmean2": 1.10703074932, "dvar": 0.878129065037, "dvar2": 1.88326275349, "max": 17.555973053, "mean": 2.27520918846, "median": 2.01968336105, "min": -2.9183909893, "var": 3.02070260048}, "barkbands_spread": {"dmean": 6.5988073349, "dmean2": 9.90154361725, "dvar": 84.214630127, "dvar2": 172.935913086, "max": 114.116104126, "mean": 20.0124969482, "median": 14.6526813507, "min": 0.146386250854, "var": 279.605285645}, "dissonance": {"dmean": 0.0234973374754, "dmean2": 0.0388343967497, "dvar": 0.000507291697431, "dvar2": 0.00135765306186, "max": 0.500000178814, "mean": 0.445494502783, "median": 0.452939271927, "min": 0.24375666678, "var": 0.00121144019067}, "dynamic_complexity": 4.13781690598, "erbbands_crest": {"dmean": 2.93685460091, "dmean2": 4.70043420792, "dvar": 8.24769496918, "dvar2": 19.4103927612, "max": 33.2699279785, "mean": 9.68096542358, "median": 8.46858978271, "min": 2.22719502449, "var": 23.9526634216}, "erbbands_flatness_db": {"dmean": 0.0210448428988, "dmean2": 0.0292750969529, "dvar": 0.000531898404006, "dvar2": 0.000994351459667, "max": 0.396551549435, "mean": 0.145529091358, "median": 0.142451331019, "min": 0.0229034777731, "var": 0.00396051583812}, "erbbands_kurtosis": {"dmean": 1.27055513859, "dmean2": 1.9463095665, "dvar": 15.2684612274, "dvar2": 34.6753540039, "max": 201.40296936, "mean": 0.844828188419, "median": 0.14994931221, "min": -1.89801979065, "var": 19.708404541}, "erbbands_skewness": {"dmean": 0.399079561234, "dmean2": 0.59125328064, "dvar": 0.199372425675, "dvar2": 0.420625716448, "max": 13.3366537094, "mean": 0.630905747414, "median": 0.631238400936, "min": -3.18351387978, "var": 0.597546756268}, "erbbands_spread": {"dmean": 10.1591615677, "dmean2": 14.510392189, "dvar": 124.892189026, "dvar2": 243.907333374, "max": 151.928695679, "mean": 45.5145874023, "median": 36.718662262, "min": 1.73409867287, "var": 782.195068359}, "hfc": {"dmean": 7.86306142807, "dmean2": 11.9199457169, "dvar": 162.697967529, "dvar2": 406.47277832, "max": 152.022537231, "mean": 18.1623821259, "median": 10.5075435638, "min": 1.178413015e-16, "var": 378.078582764}, "melbands_crest": {"dmean": 3.91141462326, "dmean2": 6.22139549255, "dvar": 14.7244977951, "dvar2": 32.857963562, "max": 37.3595733643, "mean": 18.0741939545, "median": 16.965921402, "min": 2.22158050537, "var": 49.8071327209}, "melbands_flatness_db": {"dmean": 0.0340547151864, "dmean2": 0.0478537939489, "dvar": 0.00139596988447, "dvar2": 0.00273436121643, "max": 0.871054112911, "mean": 0.232003882527, "median": 0.226498842239, "min": 0.00808803085238, "var": 0.00668374542147}, "melbands_kurtosis": {"dmean": 16.5626869202, "dmean2": 25.8350296021, "dvar": 1874.7130127, "dvar2": 4413.73583984, "max": 1378.35241699, "mean": 30.3471870422, "median": 12.0328655243, "min": -1.88346683979, "var": 3159.76489258}, "melbands_skewness": {"dmean": 1.03239798546, "dmean2": 1.5656235218, "dvar": 1.75872898102, "dvar2": 3.87818288803, "max": 23.3528785706, "mean": 3.59544944763, "median": 2.87034225464, "min": -1.19665896893, "var": 7.0104598999}, "melbands_spread": {"dmean": 6.46983480453, "dmean2": 9.54489040375, "dvar": 141.245376587, "dvar2": 266.229187012, "max": 216.251663208, "mean": 17.8540401459, "median": 12.4868249893, "min": 0.104742750525, "var": 461.505004883}, "pitch_salience": {"dmean": 0.0849013775587, "dmean2": 0.133365124464, "dvar": 0.00726751564071, "dvar2": 0.0156464595348, "max": 0.916271626949, "mean": 0.476225346327, "median": 0.480982899666, "min": 0.0285489056259, "var": 0.0179783515632}, "silence_rate_20dB": {"dmean": 0, "dmean2": 0, "dvar": 0, "dvar2": 0, "max": 1, "mean": 1, "median": 1, "min": 1, "var": 0}, "silence_rate_30dB": {"dmean": 0.0605757571757, "dmean2": 0.121160164475, "dvar": 0.0568999350071, "dvar2": 0.114614546299, "max": 1, "mean": 0.911214292049, "median": 1, "min": 0, "var": 0.0809087604284}, "silence_rate_60dB": {"dmean": 0.0608614906669, "dmean2": 0.121731676161, "dvar": 0.0571597442031, "dvar2": 0.12447912991, "max": 1, "mean": 0.152642861009, "median": 0, "min": 0, "var": 0.129350423813}, "spectral_centroid": {"dmean": 228.887039185, "dmean2": 329.991790771, "dvar": 82246.7734375, "dvar2": 152198.75, "max": 10864.1328125, "mean": 1065.06604004, "median": 942.470336914, "min": 73.2696151733, "var": 375936.34375}, "spectral_complexity": {"dmean": 3.1907992363, "dmean2": 4.72867536545, "dvar": 15.0938529968, "dvar2": 28.1138839722, "max": 49, "mean": 12.8230714798, "median": 12, "min": 0, "var": 55.7435417175}, "spectral_decrease": {"dmean": 3.99431998588e-09, "dmean2": 6.49399911623e-09, "dvar": 5.60430283651e-17, "dvar2": 1.24456231771e-16, "max": 3.64408330811e-17, "mean": -9.66705560046e-09, "median": -4.03700450846e-09, "min": -6.90863899422e-08, "var": 1.3746435497e-16}, "spectral_energy": {"dmean": 0.0156025132164, "dmean2": 0.0253831129521, "dvar": 0.000838003761601, "dvar2": 0.00186526135076, "max": 0.26873755455, "mean": 0.0381330288947, "median": 0.0164125412703, "min": 1.05616585498e-20, "var": 0.00205977470614}, "spectral_energyband_high": {"dmean": 0.000464322220068, "dmean2": 0.000672327238135, "dvar": 7.21723949937e-07, "dvar2": 1.66849520156e-06, "max": 0.0124304471537, "mean": 0.000940569327213, "median": 0.000204169598874, "min": 7.5556131179e-21, "var": 2.05791957342e-06}, "spectral_energyband_low": {"dmean": 0.0104857413098, "dmean2": 0.0166573487222, "dvar": 0.000591164047364, "dvar2": 0.00125622993801, "max": 0.238818094134, "mean": 0.0226366557181, "median": 0.00134538323618, "min": 4.98768730032e-23, "var": 0.00117782189045}, "spectral_energyband_middle_high": {"dmean": 0.00139506149571, "dmean2": 0.00223255692981, "dvar": 5.744909231e-06, "dvar2": 1.42676071846e-05, "max": 0.0357566736639, "mean": 0.00269863847643, "median": 0.00159548455849, "min": 1.76242138614e-21, "var": 9.92756667983e-06}, "spectral_energyband_middle_low": {"dmean": 0.00967004615813, "dmean2": 0.0158665087074, "dvar": 0.000607246998698, "dvar2": 0.00159450236242, "max": 0.247237160802, "mean": 0.0127060273662, "median": 0.00612679868937, "min": 2.03849533896e-22, "var": 0.000503748189658}, "spectral_entropy": {"dmean": 0.244193419814, "dmean2": 0.342327713966, "dvar": 0.0729555338621, "dvar2": 0.144999593496, "max": 9.79145145416, "mean": 7.41469478607, "median": 7.40281867981, "min": 4.22021150589, "var": 0.320290565491}, "spectral_flux": {"dmean": 0.039776802063, "dmean2": 0.0650919750333, "dvar": 0.00326189608313, "dvar2": 0.00721874972805, "max": 0.45504668355, "mean": 0.0877035930753, "median": 0.0577959306538, "min": 1.02769931454e-10, "var": 0.00677596824244}, "spectral_kurtosis": {"dmean": 1.99099993706, "dmean2": 2.99282312393, "dvar": 10.6109466553, "dvar2": 25.0005531311, "max": 66.3664245605, "mean": 5.29713582993, "median": 4.13513755798, "min": -1.16371548176, "var": 23.6096687317}, "spectral_rms": {"dmean": 0.00112190190703, "dmean2": 0.00174259475898, "dvar": 2.70685313808e-06, "dvar2": 5.33905176781e-06, "max": 0.0161920655519, "mean": 0.00505025917664, "median": 0.004001528956, "min": 3.20999325211e-12, "var": 1.16978590086e-05}, "spectral_rolloff": {"dmean": 749.596374512, "dmean2": 1239.17028809, "dvar": 4118803.25, "dvar2": 8541119, "max": 19724.4140625, "mean": 1649.95861816, "median": 775.1953125, "min": 43.06640625, "var": 9238468}, "spectral_skewness": {"dmean": 0.271490633488, "dmean2": 0.38769158721, "dvar": 0.100301735103, "dvar2": 0.211851418018, "max": 7.12290763855, "mean": 1.79657161236, "median": 1.75775122643, "min": 0.0402821563184, "var": 0.402107477188}, "spectral_spread": {"dmean": 891990.125, "dmean2": 1188453, "dvar": 1236514635780.0, "dvar2": 2087863582720.0, "max": 38879532, "mean": 6056410.5, "median": 5556428, "min": 1078879.625, "var": 7140648943620.0}, "spectral_strongpeak": {"dmean": 0.337356746197, "dmean2": 0.580859303474, "dvar": 0.274763315916, "dvar2": 0.720659434795, "max": 9.98329162598, "mean": 0.615269184113, "median": 0.38879519701, "min": 0, "var": 0.385009109974}, "zerocrossingrate": {"dmean": 0.0154878525063, "dmean2": 0.0166807100177, "dvar": 0.000438441435108, "dvar2": 0.000469490798423, "max": 0.66796875, "mean": 0.0671116411686, "median": 0.0478515625, "min": 0.001953125, "var": 0.00405757734552}, "barkbands": {"dmean": [0.000778022571467, 0.00772227533162, 0.00348742981441, 0.00229676975869, 0.00601193215698, 0.00105394539423, 0.00097257422749, 0.000529292097781, 0.000335501652444, 0.000741330266465, 0.000354437332135, 0.000151750617079, 0.00011872703908, 0.000160307972692, 0.000203375937417, 8.03353759693e-05, 7.4182782555e-05, 6.21531289653e-05, 6.45166073809e-05, 5.35324361408e-05, 7.53463828005e-05, 6.50000874884e-05, 8.30398785183e-05, 8.67415728862e-05, 0.000104004990135, 5.96322352067e-05, 4.35642396042e-05], "dmean2": [0.00124668469653, 0.0123859262094, 0.0056672161445, 0.00370586686768, 0.0106254899874, 0.00168355403002, 0.00156142713968, 0.000812957645394, 0.000554030993953, 0.00115731463302, 0.000561392051168, 0.000253031495959, 0.000197078872588, 0.000259036954958, 0.0003390632628, 0.000138409275678, 0.000122820172692, 9.98345785774e-05, 0.000101146542875, 8.25073148008e-05, 0.000119868753245, 9.89378022496e-05, 0.000120159878861, 0.000132679371745, 0.000156236244948, 8.60610161908e-05, 6.56891861581e-05], "dvar": [3.13265013574e-06, 0.000297392427456, 0.000116318478831, 4.29099709436e-05, 0.000357158511179, 4.8966335271e-06, 4.76420200357e-06, 7.23699258742e-07, 5.4026656926e-07, 2.52811264545e-06, 1.08702704438e-06, 1.2878277289e-07, 4.20417798352e-08, 1.15469028117e-07, 1.4289560113e-07, 7.25391373635e-08, 1.44304710403e-08, 1.30195774162e-08, 1.24935626289e-08, 1.0433794273e-08, 3.18463975191e-08, 1.91227886859e-08, 3.90624101954e-08, 2.84644610105e-08, 3.92202892385e-08, 1.72911338581e-08, 1.36389841643e-08], "dvar2": [6.77372963764e-06, 0.000682296406012, 0.000286928581772, 0.000102505029645, 0.00101855630055, 1.23560030261e-05, 1.27116709336e-05, 1.72315128566e-06, 1.43078841575e-06, 5.84665667702e-06, 2.72980241789e-06, 3.30230335521e-07, 1.13016184855e-07, 2.61640479948e-07, 3.73044002799e-07, 2.07841935662e-07, 3.62946401822e-08, 3.2479313461e-08, 3.02265839025e-08, 2.46389308955e-08, 8.06824118627e-08, 4.54831052821e-08, 7.79917925797e-08, 6.70107169753e-08, 9.26432548454e-08, 3.80303823988e-08, 3.10560217542e-08], "max": [0.0264315865934, 0.18226647377, 0.120327480137, 0.0767835155129, 0.199200689793, 0.0281356759369, 0.0338495373726, 0.0128913018852, 0.0238681603223, 0.03316931054, 0.0167914815247, 0.00831158738583, 0.00381037942134, 0.00800400879234, 0.00659624673426, 0.00967489089817, 0.00188216252718, 0.00228471728042, 0.00306730740704, 0.00329349841923, 0.00555742811412, 0.00433841533959, 0.00403983797878, 0.00265105790459, 0.00338450819254, 0.00225603184663, 0.00266085192561], "mean": [0.00229701213539, 0.0160735044628, 0.0036014651414, 0.00226811645553, 0.0058257621713, 0.00154639733955, 0.0012963002082, 0.000953159411438, 0.000443873024778, 0.00105415820144, 0.000499483663589, 0.000202919793082, 0.000160280804266, 0.000219608322368, 0.000270722783171, 0.000102772610262, 0.000117981115181, 9.78593161562e-05, 0.000116717157653, 8.7260195869e-05, 0.000116326053103, 0.000103725251392, 0.000132746528834, 0.000133517038194, 0.00015043168969, 0.000118590927741, 0.000142045901157], "median": [2.12039922189e-05, 0.000381942867534, 0.000196637673071, 0.000354074523784, 0.0015017609112, 0.00062203546986, 0.000573302502744, 0.000474724773085, 0.00014195262338, 0.000342396378983, 0.000142004573718, 7.78342509875e-05, 8.45470276545e-05, 6.90405722708e-05, 0.00013598339865, 5.38385211257e-05, 6.84294864186e-05, 4.72431856906e-05, 5.57619496249e-05, 2.69780484814e-05, 3.10272153001e-05, 1.92488187167e-05, 2.23155057029e-05, 2.9909386285e-05, 2.41617635766e-05, 1.16140545288e-05, 1.9995841285e-06], "min": [2.84147402238e-24, 3.42797360662e-23, 9.92688126976e-24, 4.60718907793e-24, 2.88699362375e-23, 8.76909015623e-23, 1.1036963969e-23, 1.99864804982e-23, 4.9723417469e-23, 2.17325310263e-23, 9.50445998119e-23, 9.45218185346e-23, 1.75807459847e-22, 1.19628534844e-22, 2.86149612468e-22, 1.73535275383e-22, 2.07990157503e-22, 1.07163118903e-22, 3.34439789579e-22, 2.92232474732e-22, 4.3317485741e-22, 7.19622747653e-22, 4.93636438848e-22, 8.01982653435e-22, 1.0609757608e-21, 1.45330382967e-21, 2.677939072e-21], "var": [1.30937032736e-05, 0.000575495301746, 0.000119152726256, 3.98441734433e-05, 0.000226431817282, 5.99237955612e-06, 4.64688901047e-06, 1.74879596671e-06, 6.24834854079e-07, 4.05173796025e-06, 1.56846306254e-06, 1.87441074218e-07, 5.18222940116e-08, 2.10466637895e-07, 1.73281591742e-07, 4.92854717038e-08, 2.31184298372e-08, 1.99606180473e-08, 2.74104472453e-08, 2.26043965768e-08, 5.55678276726e-08, 4.31493489828e-08, 8.43591223543e-08, 5.94970828161e-08, 7.83442288821e-08, 5.35929522982e-08, 1.32120220542e-07]}, "erbbands": {"dmean": [0.320340633392, 1.4248291254, 3.92781591415, 4.49517059326, 19.218214035, 17.7716445923, 10.0142049789, 8.53120517731, 14.5132074356, 11.3626852036, 10.7042627335, 6.83621263504, 17.3503246307, 20.5603294373, 11.8829278946, 6.16059017181, 5.69096231461, 7.70216798782, 11.9652910233, 6.0413312912, 4.47868108749, 3.59865498543, 3.13842725754, 3.48420190811, 3.06017684937, 2.49604845047, 2.8333003521, 2.90921068192, 2.19081640244, 2.51516795158, 2.44811439514, 1.69278872013, 1.61695754528, 1.31447637081, 0.658411860466, 0.292907327414, 0.109735749662, 0.0388907380402, 0.00774915888906, 0.000468900747364], "dmean2": [0.518177688122, 2.28133940697, 6.13955545425, 6.71568155289, 33.174659729, 31.5647754669, 16.4214076996, 13.7682952881, 23.5451545715, 17.5515651703, 17.0737705231, 11.1763687134, 27.3522529602, 32.5320587158, 18.9268569946, 10.0873498917, 9.40680599213, 12.0763483047, 20.2269611359, 10.1328735352, 7.63213729858, 5.9547419548, 5.05640459061, 5.37121248245, 4.84313201904, 3.82421731949, 4.4865193367, 4.56450176239, 3.27647161484, 3.75623250008, 3.57091641426, 2.51235079765, 2.52370786667, 2.03433632851, 0.954654812813, 0.419712752104, 0.161598056555, 0.060485702008, 0.0117262052372, 0.000696303206496], "dvar": [0.458459079266, 11.7209224701, 143.04637146, 130.691101074, 4060.79711914, 2880.07836914, 465.227905273, 361.652954102, 1122.33886719, 483.265960693, 384.423858643, 250.912536621, 1982.15356445, 1814.44348145, 1082.80004883, 193.391525269, 91.5720062256, 264.438293457, 640.030334473, 161.71182251, 145.889663696, 38.8809013367, 33.6322479248, 29.8130817413, 34.0749435425, 23.2395744324, 42.7285385132, 42.8778991699, 20.7802391052, 29.2949409485, 38.1567649841, 10.6177368164, 10.5643863678, 6.72188138962, 1.51176476479, 0.396991848946, 0.0630004256964, 0.00946938805282, 0.000428521976573, 1.92142647393e-06], "dvar2": [1.02781140804, 26.5818004608, 345.873565674, 295.455871582, 11172.6591797, 8316.26074219, 1217.08435059, 946.417358398, 3028.640625, 1165.52539062, 958.476013184, 659.396789551, 4598.60791016, 4340.06591797, 2753.38745117, 469.278015137, 241.395126343, 582.624145508, 1717.85107422, 399.363861084, 412.643096924, 98.6269607544, 85.5855941772, 68.0861282349, 82.8695297241, 54.0596122742, 107.762458801, 103.743331909, 47.4670639038, 67.6922531128, 75.1194839478, 21.6400089264, 26.2067050934, 16.6429080963, 3.32443523407, 0.83586704731, 0.136258617043, 0.0227621085942, 0.000968082400504, 4.07492234444e-06], "max": [8.88795852661, 31.6325359344, 133.570083618, 133.995178223, 674.551879883, 600.700866699, 316.936584473, 216.901123047, 509.431182861, 413, 387.778503418, 708.255004883, 924.08416748, 1170.23303223, 535.503601074, 343.169372559, 170.035369873, 383.745544434, 415.345001221, 307.66885376, 358.353118896, 98.0355224609, 96.8078842163, 109.865814209, 128.381408691, 128.070602417, 223.616516113, 160.045761108, 163.495697021, 107.919372559, 125.587760925, 79.47681427, 49.7519721985, 41.9455604553, 24.55311203, 11.7966423035, 5.59614276886, 1.79253542423, 0.501857817173, 0.0377793423831], "mean": [0.768072903156, 2.36662387848, 4.17689752579, 5.65595245361, 16.4827728271, 18.5542793274, 14.8458824158, 11.6394491196, 18.4296512604, 19.5993232727, 19.8583908081, 10.2348690033, 22.8820266724, 31.169216156, 17.9138278961, 9.03499507904, 8.20072841644, 11.6991186142, 14.9554052353, 8.33227825165, 6.40107870102, 5.87499952316, 5.35467195511, 6.0982670784, 5.34773302078, 4.27335977554, 4.46305847168, 4.47367858887, 3.57222819328, 3.98813605309, 3.82693529129, 2.81619668007, 2.25306010246, 1.78347563744, 1.01559150219, 0.501313149929, 0.213713750243, 0.0891527608037, 0.0253136623651, 0.00161180854775], "median": [0.00905388221145, 0.0833503752947, 0.24172885716, 1.03747344017, 2.49009418488, 5.08690261841, 6.2688832283, 4.21367931366, 8.26093101501, 8.83030223846, 8.11570930481, 4.28919029236, 6.31133365631, 10.825129509, 6.19025850296, 4.16521263123, 4.77194881439, 4.52678537369, 6.98589420319, 4.05028820038, 3.67130088806, 3.32109260559, 2.89188861847, 3.08735895157, 2.4436416626, 1.42596054077, 1.30445146561, 1.07760047913, 0.645191669464, 0.744639933109, 0.635370373726, 0.702404260635, 0.415733218193, 0.299137353897, 0.155917912722, 0.0642953291535, 0.0165956392884, 0.0026694831904, 0.000370951427612, 6.7155706347e-05], "min": [1.37502388725e-21, 6.05047357893e-21, 1.32054941929e-20, 1.37740144586e-20, 5.24765222373e-20, 1.18253468952e-19, 5.18749105466e-19, 5.37852996809e-19, 1.83241792657e-19, 2.1193843294e-19, 5.64598227555e-19, 1.21726254922e-18, 7.84015071166e-19, 1.16575608043e-18, 4.7444093814e-18, 4.5938546517e-18, 8.03968931948e-18, 5.53941845839e-18, 1.07626735974e-17, 1.30086476315e-17, 1.2878453539e-17, 1.10485364638e-17, 7.20741906462e-18, 1.1388514313e-17, 1.70736083762e-17, 1.41268386554e-17, 1.94131100678e-17, 1.67358457167e-17, 2.38197708518e-17, 1.96337042479e-17, 1.27746622245e-17, 1.46950654141e-17, 1.42901174908e-17, 9.72475714329e-18, 9.03606807197e-18, 4.75612019093e-18, 3.02705566431e-18, 1.27207960162e-18, 3.54469536548e-19, 4.1318023795e-20], "var": [1.28175032139, 18.1916599274, 152.169387817, 163.9012146, 2739.91748047, 1849.49645996, 549.96673584, 382.712127686, 974.137939453, 836.980651855, 1011.9786377, 291.489959717, 2905.45117188, 2904.11767578, 1531.28283691, 316.940185547, 119.232589722, 496.332855225, 668.811706543, 206.750015259, 113.160804749, 58.7777824402, 51.6845054626, 63.9190177917, 68.0149536133, 51.9557647705, 79.5502853394, 81.8024368286, 50.6148796082, 61.2757377625, 79.9934997559, 27.2873020172, 18.3290805817, 11.3117418289, 3.68924832344, 0.987192034721, 0.189439281821, 0.0386477224529, 0.00440220348537, 2.18037021114e-05]}, "gfcc": {"mean": [-29.8265171051, 70.5616531372, -96.9247970581, 8.29244709015, -58.4218139648, 5.06943225861, -40.4690284729, 3.97337412834, -24.7398262024, -0.732206761837, -14.2572412491, -0.121888652444, -8.38660526276], "cov": [[14242.4277344, -470.615844727, 2110.4753418, 1263.43457031, 528.60546875, 705.809570312, 341.643615723, 424.100036621, 235.046585083, 432.116760254, 163.959640503, 311.233825684, 85.5180206299], [-470.615844727, 2568.87231445, -463.651947021, 206.997680664, 432.43460083, 120.949913025, 184.929412842, 79.9550628662, 97.1399765015, -92.0143203735, 116.625724792, -89.2528839111, 152.169616699], [2110.4753418, -463.651947021, 1847.19726562, 629.748413086, 566.370056152, 432.190917969, 316.005950928, 167.656951904, 218.210754395, 196.74861145, 120.503410339, 166.678344727, 8.42894363403], [1263.43457031, 206.997680664, 629.748413086, 769.181884766, 337.396026611, 296.934753418, 274.460876465, 129.87348938, 136.596511841, 100.425773621, 118.060951233, 99.1850585938, 63.340461731], [528.60546875, 432.43460083, 566.370056152, 337.396026611, 565.766601562, 195.214385986, 289.086761475, 104.719032288, 134.333221436, 78.6396942139, 107.43863678, 31.8684444427, 50.2478942871], [705.809570312, 120.949913025, 432.190917969, 296.934753418, 195.214385986, 428.569763184, 178.792831421, 155.859436035, 119.58127594, 94.5935516357, 69.5557022095, 86.3069152832, 52.0925598145], [341.643615723, 184.929412842, 316.005950928, 274.460876465, 289.086761475, 178.792831421, 340.908935547, 110.018440247, 120.906349182, 66.5481262207, 87.300567627, 46.2727355957, 54.3101615906], [424.100036621, 79.9550628662, 167.656951904, 129.87348938, 104.719032288, 155.859436035, 110.018440247, 220.718551636, 105.270118713, 84.7083816528, 38.6783561707, 31.0900402069, 37.2550125122], [235.046585083, 97.1399765015, 218.210754395, 136.596511841, 134.333221436, 119.58127594, 120.906349182, 105.270118713, 178.328659058, 78.5466384888, 60.0969810486, 38.0072479248, 25.8348026276], [432.116760254, -92.0143203735, 196.74861145, 100.425773621, 78.6396942139, 94.5935516357, 66.5481262207, 84.7083816528, 78.5466384888, 153.206893921, 65.1482086182, 41.5733261108, 18.9734458923], [163.959640503, 116.625724792, 120.503410339, 118.060951233, 107.43863678, 69.5557022095, 87.300567627, 38.6783561707, 60.0969810486, 65.1482086182, 142.261535645, 78.0261383057, 64.9440689087], [311.233825684, -89.2528839111, 166.678344727, 99.1850585938, 31.8684444427, 86.3069152832, 46.2727355957, 31.0900402069, 38.0072479248, 41.5733261108, 78.0261383057, 164.091690063, 79.9584579468], [85.5180206299, 152.169616699, 8.42894363403, 63.340461731, 50.2478942871, 52.0925598145, 54.3101615906, 37.2550125122, 25.8348026276, 18.9734458923, 64.9440689087, 79.9584579468, 140.682540894]], "icov": [[9.56044677878e-05, -1.57918530022e-05, -8.71009760885e-05, -0.000109767643153, 5.04352137796e-05, 9.44330076891e-06, 4.31619082519e-05, -9.40976751735e-05, 0.000115137416287, -0.000173369684489, 9.41410544328e-05, -7.1639289672e-05, -1.53106114453e-07], [-1.57918530022e-05, 0.00079298397759, 0.000522968533915, -0.000180214527063, -0.000972687266767, -0.000364695559256, 0.000420093536377, -6.14007440163e-05, -0.000448140723165, 0.000896114623174, -0.000608631758951, 0.000810396159068, -0.00067997770384], [-8.71009760885e-05, 0.000522968533915, 0.00157121859957, -0.000426664017141, -0.00161346886307, -0.000662793579977, 0.000476450193673, 0.000281217362499, -0.000624401029199, 2.59849257418e-05, 0.000236269945162, -0.000638700614218, 0.000513644365128], [-0.000109767643153, -0.000180214527063, -0.000426664017141, 0.00257353065535, -8.94671902643e-05, -0.000622486229986, -0.000986105529591, 9.71990739345e-05, 5.52719684492e-05, 0.000123725665617, -0.000544736336451, -0.000246643612627, 0.000110731780296], [5.04352137796e-05, -0.000972687266767, -0.00161346886307, -8.94671902643e-05, 0.00551911862567, 0.000510408426635, -0.00278344540857, 0.000102620630059, 0.000179199152626, -0.000574630510528, -0.000917445577215, 0.00108352932148, -0.000102221674751], [9.44330076891e-06, -0.000364695559256, -0.000662793579977, -0.000622486229986, 0.000510408426635, 0.00457161013037, -0.000839821877889, -0.00174156669527, -6.42723534838e-05, -0.000680699828081, 0.000743039941881, -0.00133779959287, 0.000139963405672], [4.31619082519e-05, 0.000420093536377, 0.000476450193673, -0.000986105529591, -0.00278344540857, -0.000839821877889, 0.00680606719106, -0.000802905240562, -0.00159852975048, 0.000821170164272, -0.00104570540134, 0.000527657219209, -0.000809260469396], [-9.40976751735e-05, -6.14007440163e-05, 0.000281217362499, 9.71990739345e-05, 0.000102620630059, -0.00174156669527, -0.000802905240562, 0.00825996138155, -0.00280248769559, -0.00260322447866, 0.0015374799259, 0.000618901918642, -0.00140196690336], [0.000115137416287, -0.000448140723165, -0.000624401029199, 5.52719684492e-05, 0.000179199152626, -6.42723534838e-05, -0.00159852975048, -0.00280248769559, 0.0105289332569, -0.00254329433665, -0.0010121014202, -0.000687710416969, 0.00101388839539], [-0.000173369684489, 0.000896114623174, 2.59849257418e-05, 0.000123725665617, -0.000574630510528, -0.000680699828081, 0.000821170164272, -0.00260322447866, -0.00254329433665, 0.0123427547514, -0.00506895594299, 0.00111549498979, 0.000416923634475], [9.41410544328e-05, -0.000608631758951, 0.000236269945162, -0.000544736336451, -0.000917445577215, 0.000743039941881, -0.00104570540134, 0.0015374799259, -0.0010121014202, -0.00506895594299, 0.0147438710555, -0.00505918916315, -0.00218005524948], [-7.1639289672e-05, 0.000810396159068, -0.000638700614218, -0.000246643612627, 0.00108352932148, -0.00133779959287, 0.000527657219209, 0.000618901918642, -0.000687710416969, 0.00111549498979, -0.00505918916315, 0.012877902016, -0.00595088722184], [-1.53106114453e-07, -0.00067997770384, 0.000513644365128, 0.000110731780296, -0.000102221674751, 0.000139963405672, -0.000809260469396, -0.00140196690336, 0.00101388839539, 0.000416923634475, -0.00218005524948, -0.00595088722184, 0.0125777497888]]}, "melbands": {"dmean": [0.00236004800536, 0.00189743342344, 0.0011773314327, 0.00146256026346, 0.000407042709412, 0.000194654567167, 0.000215379885049, 0.000116985887871, 8.89845105121e-05, 4.27381492045e-05, 8.88093418325e-05, 8.79400467966e-05, 4.86800054205e-05, 1.82365110959e-05, 1.46007459989e-05, 1.04029604699e-05, 1.55007273861e-05, 1.97706867766e-05, 1.0364929949e-05, 6.94916843713e-06, 5.18429760632e-06, 3.95146662413e-06, 3.98952988689e-06, 2.94231540465e-06, 3.01499176203e-06, 2.55925010606e-06, 1.8904645458e-06, 1.69497650404e-06, 1.78468724243e-06, 1.98568454834e-06, 1.70236080521e-06, 1.2992225038e-06, 1.29091802137e-06, 1.47422804275e-06, 1.44900377563e-06, 1.35244761168e-06, 9.70872974904e-07, 1.01634100247e-06, 1.36827156894e-06, 1.08228573481e-06], "dmean2": [0.00385487638414, 0.00289743859321, 0.00180168205407, 0.00256023555994, 0.00067812326597, 0.000313131982693, 0.000347820896422, 0.000179947484867, 0.000142523931572, 7.01831886545e-05, 0.00014000092051, 0.000139248004416, 7.72307175794e-05, 3.02033513435e-05, 2.42892820097e-05, 1.71778519871e-05, 2.41894595092e-05, 3.36516022799e-05, 1.72280251718e-05, 1.17307745313e-05, 8.83740267454e-06, 6.51730215395e-06, 6.76497484164e-06, 4.61861100121e-06, 4.70995291835e-06, 4.09577614846e-06, 2.9931049994e-06, 2.64414984485e-06, 2.85126020572e-06, 3.20685603583e-06, 2.69483666671e-06, 1.98785915018e-06, 1.96913197215e-06, 2.24387667913e-06, 2.14251053876e-06, 2.02108913072e-06, 1.47660364291e-06, 1.56478108693e-06, 2.2472386263e-06, 1.66483050634e-06], "dvar": [2.64506670646e-05, 2.66523966275e-05, 9.90332318906e-06, 2.24397044803e-05, 8.77694333212e-07, 1.76642132033e-07, 2.41201377094e-07, 4.69852032836e-08, 2.80990146706e-08, 1.11813482917e-08, 5.07616242373e-08, 3.50149953476e-08, 2.21028777503e-08, 1.85915594031e-09, 7.08118508275e-10, 3.64145907872e-10, 1.15673870482e-09, 1.89704452147e-09, 3.35204419777e-10, 4.74320194233e-10, 1.49925988291e-10, 5.64685624649e-11, 5.11179605589e-11, 3.03178315786e-11, 2.21860290556e-11, 2.39508152894e-11, 1.20940115561e-11, 1.11657636262e-11, 1.44892422713e-11, 2.75318309817e-11, 1.4912878224e-11, 8.10714603089e-12, 7.42010446142e-12, 1.00491663602e-11, 1.34017397874e-11, 1.28983247694e-11, 3.4704500558e-12, 4.15679426644e-12, 7.93694363704e-12, 4.55844780325e-12], "dvar2": [6.0327751271e-05, 6.04684428254e-05, 2.30902787735e-05, 6.37234334135e-05, 2.38713823819e-06, 4.57246443375e-07, 6.49521325613e-07, 1.12411086661e-07, 7.0723956469e-08, 2.94874382689e-08, 1.1745277817e-07, 8.32908781945e-08, 5.58069821466e-08, 4.72162176024e-09, 1.85152948529e-09, 9.73853220287e-10, 2.48434250949e-09, 5.11205788811e-09, 8.69888105992e-10, 1.32205135728e-09, 4.18149931347e-10, 1.40259831527e-10, 1.39728367765e-10, 7.07904568298e-11, 5.14995962542e-11, 5.71442095032e-11, 2.98656585573e-11, 2.67595997444e-11, 3.45679387892e-11, 7.18303194702e-11, 3.78788944655e-11, 1.9184870706e-11, 1.74923877466e-11, 2.29149928199e-11, 2.86568373198e-11, 2.56656865899e-11, 7.45494811716e-12, 9.95734744658e-12, 2.1023347993e-11, 1.08653962563e-11], "max": [0.0611825659871, 0.0578134804964, 0.0346488654613, 0.0504017993808, 0.0140071762726, 0.00468134740368, 0.0076495455578, 0.00391215551645, 0.00337826833129, 0.00465183984488, 0.00466305715963, 0.00527327600867, 0.00243624672294, 0.00110068439972, 0.000733034976292, 0.000426641578088, 0.000856266589835, 0.000667757471092, 0.000258759362623, 0.000804188894108, 0.000292994664051, 0.00013977837807, 0.000107470710645, 0.00017712439876, 9.63824859355e-05, 0.00010442364146, 8.74759425642e-05, 7.97349130153e-05, 0.000128166255308, 0.000188348974916, 9.9732336821e-05, 0.000123362435261, 7.58328824304e-05, 7.39291790524e-05, 9.79937249213e-05, 6.25549510005e-05, 5.47724957869e-05, 3.64906081813e-05, 3.69127592421e-05, 3.9738653868e-05], "mean": [0.00543136941269, 0.00248201237991, 0.00134447065648, 0.00135244091507, 0.000581363798119, 0.000268610165222, 0.000278558669379, 0.000203306481126, 0.000162060532602, 5.71961136302e-05, 0.000115116337838, 0.000128798666992, 6.82577010593e-05, 2.62554513029e-05, 2.07154680538e-05, 1.44322075357e-05, 2.28350018006e-05, 2.32888633036e-05, 1.43897214002e-05, 9.06796958589e-06, 7.13996905688e-06, 6.16907664153e-06, 5.73008173888e-06, 4.68825055577e-06, 4.9079285418e-06, 4.26914039053e-06, 3.08229073198e-06, 2.70950226877e-06, 2.74248532151e-06, 2.81961001747e-06, 2.48744072451e-06, 2.00439285436e-06, 2.00060890165e-06, 2.2569581688e-06, 2.20013771468e-06, 2.03619197237e-06, 1.57584338467e-06, 1.46209288232e-06, 1.6497795059e-06, 1.48558297042e-06], "median": [8.87192873051e-05, 0.000163059594342, 0.00022098221234, 0.000293885590509, 0.000255602091784, 9.83119971352e-05, 0.000124220328871, 9.28448862396e-05, 5.38208223588e-05, 2.30026053032e-05, 3.03413216898e-05, 4.24906393164e-05, 2.00730555662e-05, 1.08807225843e-05, 1.14633094199e-05, 7.75444823375e-06, 7.67977689975e-06, 9.77715899353e-06, 8.01977694209e-06, 4.12970939578e-06, 3.93502523366e-06, 3.11703206535e-06, 3.16315299642e-06, 2.22903190661e-06, 2.33384616877e-06, 1.88218109543e-06, 1.06844197489e-06, 8.06174057288e-07, 7.77349669079e-07, 7.23223138266e-07, 5.59749878448e-07, 3.36223791919e-07, 3.84117441854e-07, 3.95534470954e-07, 3.39590030762e-07, 4.31134196788e-07, 3.85138037018e-07, 2.74740955319e-07, 2.69795009444e-07, 2.46046113261e-07], "min": [1.04395982597e-23, 7.22353777796e-24, 2.801467336e-24, 6.86430866552e-24, 1.46273113401e-23, 1.35833044191e-23, 2.71533319148e-24, 2.91979745786e-24, 4.72010386689e-24, 7.65993878617e-24, 3.84388016629e-24, 3.82138382542e-24, 1.4432516339e-23, 1.1158025719e-23, 1.67068969921e-23, 1.48653296079e-23, 9.79063000307e-24, 1.55105089655e-23, 2.23617895932e-23, 1.13778702092e-23, 1.65398115192e-23, 1.17660528834e-23, 8.53927809292e-24, 4.75763313559e-24, 9.34296484999e-24, 1.3450963536e-23, 1.12587656231e-23, 8.75260422549e-24, 1.14488329808e-23, 1.10567517559e-23, 9.67840901727e-24, 1.50551610961e-23, 1.19728377814e-23, 9.96973377185e-24, 6.14484227641e-24, 1.03244789989e-23, 8.20491150963e-24, 1.05906998329e-23, 7.97407424268e-24, 8.37615822379e-24], "var": [6.17592013441e-05, 3.43731626344e-05, 1.07500954982e-05, 1.42507187775e-05, 8.5565864083e-07, 1.93916463331e-07, 2.15422446104e-07, 8.50989678725e-08, 7.66325527479e-08, 1.12726246115e-08, 7.52458007014e-08, 5.42934337489e-08, 3.0279014851e-08, 3.10273629012e-09, 9.24913423628e-10, 4.25877916266e-10, 2.26890595201e-09, 1.92808724542e-09, 4.19340895341e-10, 3.78641423771e-10, 1.28538776845e-10, 8.50232592664e-11, 6.01074259809e-11, 5.34086663784e-11, 4.49332862584e-11, 4.58215861088e-11, 2.46480509614e-11, 2.30676016483e-11, 3.00328928393e-11, 4.09123325495e-11, 2.60954348408e-11, 1.76152269854e-11, 1.67047486954e-11, 2.00585850013e-11, 2.7391243787e-11, 2.30150586089e-11, 8.67986498648e-12, 8.08423380322e-12, 1.03029113019e-11, 8.20907664761e-12]}, "mfcc": {"mean": [-682.921569824, 115.682189941, 10.437661171, 8.1726064682, 2.73410248756, -3.66388702393, -3.89311122894, -2.3143517971, -4.74106216431, -1.4817378521, -5.21425962448, -4.69347763062, -3.91817569733], "cov": [[9363.00976562, -17.6255531311, 1236.5567627, 730.171630859, 491.938293457, 581.906494141, 426.21697998, 365.372619629, 331.175018311, 244.329391479, 297.962554932, 166.074310303, 208.010238647], [-17.6255531311, 1884.36743164, -298.522918701, 110.583190918, 248.498199463, 72.4941558838, 172.620529175, 102.337982178, 100.112327576, 89.894744873, 28.6890964508, 2.47697544098, -12.0714559555], [1236.5567627, -298.522918701, 1099.55310059, 347.233734131, 372.403717041, 395.343200684, 206.442474365, 225.1849823, 154.374420166, 98.3613739014, 189.833862305, 108.006439209, 116.314666748], [730.171630859, 110.583190918, 347.233734131, 567.960327148, 246.299301147, 248.78578186, 228.73526001, 144.438644409, 122.047683716, 74.7532806396, 126.031745911, 90.8714447021, 69.7121734619], [491.938293457, 248.498199463, 372.403717041, 246.299301147, 364.960754395, 227.312179565, 173.38949585, 142.090957642, 117.727256775, 87.3276062012, 113.220077515, 72.0110321045, 63.1006202698], [581.906494141, 72.4941558838, 395.343200684, 248.78578186, 227.312179565, 376.581542969, 201.787185669, 174.868469238, 114.997550964, 73.1755065918, 121.295333862, 65.5285720825, 84.1999435425], [426.21697998, 172.620529175, 206.442474365, 228.73526001, 173.38949585, 201.787185669, 276.182159424, 134.163909912, 113.189369202, 77.5873184204, 85.2532501221, 61.268196106, 60.1705169678], [365.372619629, 102.337982178, 225.1849823, 144.438644409, 142.090957642, 174.868469238, 134.163909912, 221.141052246, 121.833709717, 69.1147460938, 75.9379425049, 55.0565605164, 55.3751525879], [331.175018311, 100.112327576, 154.374420166, 122.047683716, 117.727256775, 114.997550964, 113.189369202, 121.833709717, 180.451049805, 98.8823242188, 74.0946655273, 50.6636199951, 50.3546867371], [244.329391479, 89.894744873, 98.3613739014, 74.7532806396, 87.3276062012, 73.1755065918, 77.5873184204, 69.1147460938, 98.8823242188, 161.501480103, 78.5105133057, 53.1702003479, 43.09116745], [297.962554932, 28.6890964508, 189.833862305, 126.031745911, 113.220077515, 121.295333862, 85.2532501221, 75.9379425049, 74.0946655273, 78.5105133057, 134.841918945, 76.0265655518, 54.2828445435], [166.074310303, 2.47697544098, 108.006439209, 90.8714447021, 72.0110321045, 65.5285720825, 61.268196106, 55.0565605164, 50.6636199951, 53.1702003479, 76.0265655518, 110.79120636, 63.7214813232], [208.010238647, -12.0714559555, 116.314666748, 69.7121734619, 63.1006202698, 84.1999435425, 60.1705169678, 55.3751525879, 50.3546867371, 43.09116745, 54.2828445435, 63.7214813232, 100.536109924]], "icov": [[0.00013244645379, -1.50110099639e-05, -0.000126895611174, -8.90093724593e-05, 6.82805039105e-05, 1.50425179868e-07, -2.54808419413e-05, 3.47937111655e-06, -5.5442462326e-05, -6.21399303782e-05, -1.59055398399e-05, 8.18741318653e-05, -8.58549537952e-05], [-1.50110099639e-05, 0.000819736160338, 0.00065800541779, 5.85079360462e-05, -0.00103786226828, -5.57888233743e-06, -0.00028574449243, -0.000261769193457, -2.50379907811e-05, -0.000155950285261, -6.33965901216e-05, 0.000272607547231, 0.000239745728322], [-0.000126895611174, 0.00065800541779, 0.00240181107074, -6.85492050252e-05, -0.00182205322199, -0.00103074882645, 0.00037445090129, -0.000566288945265, 3.50974842149e-05, 0.000275588536169, -0.000958016840741, 0.00034285109723, -0.000130751141114], [-8.90093724593e-05, 5.85079360462e-05, -6.85492050252e-05, 0.00326414243318, -0.000865920679644, -0.000518340501003, -0.00150613952428, 0.00021757860668, -0.000297718972433, 0.000615947879851, -0.000653576047625, -0.000940389872994, 0.000600338564254], [6.82805039105e-05, -0.00103786226828, -0.00182205322199, -0.000865920679644, 0.00722779193893, -0.000994603266008, -0.000588747207075, 1.41598939081e-05, -0.000547222502064, -0.000450717983767, -0.000502400449477, -0.000739822397009, 0.000291090895189], [1.50425179868e-07, -5.57888233743e-06, -0.00103074882645, -0.000518340501003, -0.000994603266008, 0.00752955116332, -0.00230333697982, -0.00229269848205, 0.000681821606122, 0.000685346662067, -0.00245321402326, 0.00242181564681, -0.00233516609296], [-2.54808419413e-05, -0.00028574449243, 0.00037445090129, -0.00150613952428, -0.000588747207075, -0.00230333697982, 0.00806859601289, -0.000977666000836, -0.00125255365856, -0.000636476324871, 0.000569442519918, -0.000607581809163, -0.000384593120543], [3.47937111655e-06, -0.000261769193457, -0.000566288945265, 0.00021757860668, 1.41598939081e-05, -0.00229269848205, -0.000977666000836, 0.00973883457482, -0.00412345910445, 0.000375093513867, 0.000597089063376, -0.00127533904742, -1.16171040645e-05], [-5.5442462326e-05, -2.50379907811e-05, 3.50974842149e-05, -0.000297718972433, -0.000547222502064, 0.000681821606122, -0.00125255365856, -0.00412345910445, 0.0121925659478, -0.00447480613366, -0.000709506450221, 0.000738661095966, -0.00120310427155], [-6.21399303782e-05, -0.000155950285261, 0.000275588536169, 0.000615947879851, -0.000450717983767, 0.000685346662067, -0.000636476324871, 0.000375093513867, -0.00447480613366, 0.0111984191462, -0.00428845593706, -0.000686814833898, -0.000560606771614], [-1.59055398399e-05, -6.33965901216e-05, -0.000958016840741, -0.000653576047625, -0.000502400449477, -0.00245321402326, 0.000569442519918, 0.000597089063376, -0.000709506450221, -0.00428845593706, 0.0185255147517, -0.00797524489462, 0.000532842357643], [8.18741318653e-05, 0.000272607547231, 0.00034285109723, -0.000940389872994, -0.000739822397009, 0.00242181564681, -0.000607581809163, -0.00127533904742, 0.000738661095966, -0.000686814833898, -0.00797524489462, 0.0198311116546, -0.00871789269149], [-8.58549537952e-05, 0.000239745728322, -0.000130751141114, 0.000600338564254, 0.000291090895189, -0.00233516609296, -0.000384593120543, -1.16171040645e-05, -0.00120310427155, -0.000560606771614, 0.000532842357643, -0.00871789269149, 0.0179784111679]]}, "spectral_contrast_coeffs": {"dmean": [0.0583872720599, 0.0516087859869, 0.0468911267817, 0.0381143726408, 0.0278553050011, 0.0190717726946], "dmean2": [0.0931228250265, 0.0831375271082, 0.0740572810173, 0.0603093765676, 0.0435726717114, 0.0291677843779], "dvar": [0.0035646064207, 0.00227532535791, 0.00174638465978, 0.00118693697732, 0.000735650770366, 0.000326592591591], "dvar2": [0.00851055048406, 0.00565310101956, 0.00408934988081, 0.00275260140188, 0.0015822565183, 0.000703810423147], "max": [-0.290237903595, -0.346960842609, -0.453149914742, -0.535808205605, -0.460468381643, -0.590481102467], "mean": [-0.596274197102, -0.679485142231, -0.721112847328, -0.744533061981, -0.77215141058, -0.794594049454], "median": [-0.594969272614, -0.681028962135, -0.719948470592, -0.742853879929, -0.777546644211, -0.796765506268], "min": [-0.984452307224, -0.978875041008, -0.963164806366, -0.958747327328, -0.968217730522, -0.958635449409], "var": [0.0151608167216, 0.00675779394805, 0.00532421050593, 0.00416970346123, 0.00300963106565, 0.00180293351877]}, "spectral_contrast_valleys": {"dmean": [0.590157747269, 0.536924123764, 0.532060563564, 0.508392214775, 0.45715251565, 0.509564876556], "dmean2": [0.834890604019, 0.833486258984, 0.819826304913, 0.778076827526, 0.647156119347, 0.635863900185], "dvar": [0.47729408741, 0.393026649952, 0.373146951199, 0.361055076122, 0.315703362226, 0.356888204813], "dvar2": [0.814351081848, 0.850150108337, 0.785298705101, 0.770121335983, 0.653046488762, 0.688318908215], "max": [-4.89224624634, -4.31587839127, -5.27201890945, -5.97369623184, -6.04899454117, -7.79976