{"lowlevel": {"average_loudness": 0.948902010918, "barkbands_crest": {"dmean": 3.12006402016, "dmean2": 4.42589950562, "dvar": 7.36019277573, "dvar2": 14.4653320312, "max": 25.7974834442, "mean": 12.919968605, "median": 12.7117176056, "min": 2.22698044777, "var": 27.4171886444}, "barkbands_flatness_db": {"dmean": 0.0258463453501, "dmean2": 0.035273373127, "dvar": 0.000512086495291, "dvar2": 0.000944659521338, "max": 0.326293081045, "mean": 0.127936646342, "median": 0.123749047518, "min": 0.023752193898, "var": 0.00257822498679}, "barkbands_kurtosis": {"dmean": 3.65180826187, "dmean2": 5.12213754654, "dvar": 22.9862747192, "dvar2": 43.0564193726, "max": 116.103813171, "mean": 5.86000728607, "median": 3.69295692444, "min": -1.69709849358, "var": 58.4185523987}, "barkbands_skewness": {"dmean": 0.63661557436, "dmean2": 0.887222230434, "dvar": 0.332372814417, "dvar2": 0.631481707096, "max": 10.2085018158, "mean": 2.07318854332, "median": 1.92546641827, "min": -1.78943550587, "var": 1.30776762962}, "barkbands_spread": {"dmean": 9.13777065277, "dmean2": 12.743227005, "dvar": 108.675765991, "dvar2": 205.893112183, "max": 83.8359375, "mean": 24.6608886719, "median": 19.5939083099, "min": 1.43843054771, "var": 271.334564209}, "dissonance": {"dmean": 0.0152140036225, "dmean2": 0.024476563558, "dvar": 0.000221054666326, "dvar2": 0.000534786318894, "max": 0.500000059605, "mean": 0.470932424068, "median": 0.476250290871, "min": 0.301172614098, "var": 0.000474770902656}, "dynamic_complexity": 2.39017868042, "erbbands_crest": {"dmean": 2.38207983971, "dmean2": 3.70809841156, "dvar": 5.10598421097, "dvar2": 11.5188302994, "max": 26.9575061798, "mean": 7.16930961609, "median": 6.22990608215, "min": 2.36884593964, "var": 12.4426336288}, "erbbands_flatness_db": {"dmean": 0.0142353652045, "dmean2": 0.0192756596953, "dvar": 0.00018681086658, "dvar2": 0.000329162663547, "max": 0.304696083069, "mean": 0.121436998248, "median": 0.11419595778, "min": 0.0666381195188, "var": 0.00159477163106}, "erbbands_kurtosis": {"dmean": 0.599578857422, "dmean2": 0.899646937847, "dvar": 0.593537926674, "dvar2": 1.30818235874, "max": 15.8755474091, "mean": -0.258145481348, "median": -0.523682117462, "min": -1.59109866619, "var": 1.22075116634}, "erbbands_skewness": {"dmean": 0.350286960602, "dmean2": 0.487697720528, "dvar": 0.0906453207135, "dvar2": 0.192900121212, "max": 3.65831875801, "mean": 0.327850699425, "median": 0.312354207039, "min": -1.16922497749, "var": 0.305306971073}, "erbbands_spread": {"dmean": 10.3447713852, "dmean2": 14.2176904678, "dvar": 78.7427062988, "dvar2": 138.905960083, "max": 122.97202301, "mean": 50.6385879517, "median": 47.3703041077, "min": 8.15016269684, "var": 365.812255859}, "hfc": {"dmean": 14.0608530045, "dmean2": 19.8712654114, "dvar": 532.356323242, "dvar2": 1067.72009277, "max": 182.111907959, "mean": 27.8539276123, "median": 16.814666748, "min": 1.18271805995e-16, "var": 885.586303711}, "melbands_crest": {"dmean": 3.59343528748, "dmean2": 5.37827968597, "dvar": 10.3894720078, "dvar2": 24.2593383789, "max": 31.3704223633, "mean": 17.341796875, "median": 17.929479599, "min": 2.3470697403, "var": 33.1090621948}, "melbands_flatness_db": {"dmean": 0.0344316773117, "dmean2": 0.0459674373269, "dvar": 0.000851024291478, "dvar2": 0.00166518811602, "max": 0.420439332724, "mean": 0.200621798635, "median": 0.201699733734, "min": 0.00564631307498, "var": 0.00396054191515}, "melbands_kurtosis": {"dmean": 10.6745233536, "dmean2": 15.4741411209, "dvar": 249.256057739, "dvar2": 453.4112854, "max": 340.784179688, "mean": 21.6640262604, "median": 13.8810863495, "min": -1.27585315704, "var": 645.247497559}, "melbands_skewness": {"dmean": 0.897747457027, "dmean2": 1.29225444794, "dvar": 0.778351545334, "dvar2": 1.44266963005, "max": 14.8802051544, "mean": 3.57674455643, "median": 3.22054839134, "min": -0.0342331342399, "var": 3.21052289009}, "melbands_spread": {"dmean": 8.59326171875, "dmean2": 12.5766000748, "dvar": 118.202377319, "dvar2": 258.515197754, "max": 140.655471802, "mean": 20.0420379639, "median": 15.6285486221, "min": 1.20440840721, "var": 253.472167969}, "pitch_salience": {"dmean": 0.0815260410309, "dmean2": 0.121328353882, "dvar": 0.00573877897114, "dvar2": 0.0113112321123, "max": 0.858285903931, "mean": 0.497177690268, "median": 0.507610499859, "min": 0.0789252370596, "var": 0.0195521377027}, "silence_rate_20dB": {"dmean": 0, "dmean2": 0, "dvar": 0, "dvar2": 0, "max": 1, "mean": 1, "median": 1, "min": 1, "var": 0}, "silence_rate_30dB": {"dmean": 0.0725474059582, "dmean2": 0.145154640079, "dvar": 0.0672848597169, "dvar2": 0.129857465625, "max": 1, "mean": 0.911825299263, "median": 1, "min": 0, "var": 0.080401211977}, "silence_rate_60dB": {"dmean": 0.0049464139156, "dmean2": 0.0094845360145, "dvar": 0.00492226611823, "dvar2": 0.0110437590629, "max": 1, "mean": 0.023073753342, "median": 0, "min": 0, "var": 0.022542970255}, "spectral_centroid": {"dmean": 352.932617188, "dmean2": 499.030456543, "dvar": 144370.96875, "dvar2": 285693.8125, "max": 10693.5351562, "mean": 1412.88989258, "median": 1312.0592041, "min": 246.969070435, "var": 394926.40625}, "spectral_complexity": {"dmean": 5.61912631989, "dmean2": 7.85484552383, "dvar": 35.9085884094, "dvar2": 62.7591094971, "max": 63, "mean": 22.6386489868, "median": 20, "min": 0, "var": 127.383728027}, "spectral_decrease": {"dmean": 3.28086824375e-09, "dmean2": 4.62456206662e-09, "dvar": 1.67326511452e-17, "dvar2": 3.50318897263e-17, "max": -4.3286759068e-29, "mean": -1.15544507295e-08, "median": -9.40869782085e-09, "min": -4.17184793378e-08, "var": 7.92978282411e-17}, "spectral_energy": {"dmean": 0.0130342189223, "dmean2": 0.0184848383069, "dvar": 0.000251151272096, "dvar2": 0.000520078814588, "max": 0.161892101169, "mean": 0.0461355857551, "median": 0.0379652529955, "min": 1.08909741766e-20, "var": 0.00121584045701}, "spectral_energyband_high": {"dmean": 0.00155079527758, "dmean2": 0.00222883466631, "dvar": 8.00461566541e-06, "dvar2": 1.63961631188e-05, "max": 0.0219114366919, "mean": 0.0021220240742, "median": 0.000760109513067, "min": 7.76803697661e-21, "var": 1.12980969789e-05}, "spectral_energyband_low": {"dmean": 0.0108841657639, "dmean2": 0.0157121960074, "dvar": 0.000272194592981, "dvar2": 0.000546934141312, "max": 0.15168826282, "mean": 0.0294391773641, "median": 0.023427631706, "min": 7.91166398548e-23, "var": 0.000873168522958}, "spectral_energyband_middle_high": {"dmean": 0.00156334368512, "dmean2": 0.00241359090433, "dvar": 4.0965082917e-06, "dvar2": 9.82758956525e-06, "max": 0.0215736236423, "mean": 0.00408447999507, "median": 0.00340392952785, "min": 1.57262190673e-21, "var": 9.60875695455e-06}, "spectral_energyband_middle_low": {"dmean": 0.005212248303, "dmean2": 0.00826703291386, "dvar": 7.46480145608e-05, "dvar2": 0.000197194007342, "max": 0.0700205862522, "mean": 0.011804619804, "median": 0.00944121927023, "min": 4.12877706133e-22, "var": 9.26441643969e-05}, "spectral_entropy": {"dmean": 0.162556290627, "dmean2": 0.216070190072, "dvar": 0.0266327690333, "dvar2": 0.047511678189, "max": 9.80777549744, "mean": 7.88289546967, "median": 7.8928694725, "min": 5.97388601303, "var": 0.135919943452}, "spectral_flux": {"dmean": 0.0328745320439, "dmean2": 0.0457491800189, "dvar": 0.00111876416486, "dvar2": 0.00232562539168, "max": 0.345307856798, "mean": 0.0984597727656, "median": 0.0769378840923, "min": 1.04359833275e-10, "var": 0.00369403418154}, "spectral_kurtosis": {"dmean": 1.06636655331, "dmean2": 1.66099131107, "dvar": 2.98847317696, "dvar2": 8.18287467957, "max": 31.1392631531, "mean": 2.61859869957, "median": 2.17033910751, "min": -1.23061859608, "var": 5.6326622963}, "spectral_rms": {"dmean": 0.000913910393137, "dmean2": 0.00129134813324, "dvar": 8.7430134954e-07, "dvar2": 1.6341640503e-06, "max": 0.0125675583258, "mean": 0.00619487091899, "median": 0.00608598953113, "min": 3.2596533979e-12, "var": 6.63394075673e-06}, "spectral_rolloff": {"dmean": 850.552307129, "dmean2": 1362.04443359, "dvar": 2123251.25, "dvar2": 4152604.5, "max": 18669.2871094, "mean": 1300.875, "median": 667.529296875, "min": 64.599609375, "var": 2939295.5}, "spectral_skewness": {"dmean": 0.18796159327, "dmean2": 0.277065753937, "dvar": 0.0445404797792, "dvar2": 0.102553375065, "max": 3.96112513542, "mean": 1.24356496334, "median": 1.18978989124, "min": 0.0284845065325, "var": 0.139370858669}, "spectral_spread": {"dmean": 681951.3125, "dmean2": 891237.75, "dvar": 1115075641340.0, "dvar2": 1398397075460.0, "max": 41851376, "mean": 5372211.5, "median": 5229393.5, "min": 1674995.125, "var": 2714112622590.0}, "spectral_strongpeak": {"dmean": 0.216263264418, "dmean2": 0.363621711731, "dvar": 0.127824991941, "dvar2": 0.343398034573, "max": 3.74603557587, "mean": 0.492642581463, "median": 0.40093433857, "min": 0, "var": 0.135947078466}, "zerocrossingrate": {"dmean": 0.0165429934859, "dmean2": 0.0174754355103, "dvar": 0.000322228734149, "dvar2": 0.000369081710232, "max": 0.5107421875, "mean": 0.0570574849844, "median": 0.04736328125, "min": 0.0048828125, "var": 0.00130712613463}, "barkbands": {"dmean": [0.000195784392417, 0.00902751274407, 0.00423229718581, 0.00188531796448, 0.00231899693608, 0.000935023126658, 0.000941621896345, 0.000850797165185, 0.00047199241817, 0.000361756567145, 0.000494982872624, 0.000258551997831, 0.0001805460779, 0.000171537976712, 0.000279219733784, 0.000217109496589, 0.000219312540139, 0.000149339641212, 0.000176177170943, 0.000188431396964, 0.000294286553981, 0.000337294215569, 0.000332588591846, 0.000332805735525, 0.000215692751226, 3.05031317112e-05, 3.73139960175e-06], "dmean2": [0.000272708421107, 0.0137206511572, 0.00706641143188, 0.00331369345076, 0.00399127695709, 0.00139158091042, 0.00138557783794, 0.00129090144765, 0.000754048873205, 0.00056216790108, 0.000781644543167, 0.000420463940827, 0.00029508039006, 0.000293198681902, 0.000466425699415, 0.000363412022125, 0.000354177027475, 0.000243285830948, 0.000270126707619, 0.000287387898425, 0.000441670825239, 0.00053562381072, 0.000487503013574, 0.000480871211039, 0.000314408564009, 4.2246607336e-05, 5.54844564249e-06], "dvar": [1.09396573578e-07, 0.000205703967367, 0.000132456189021, 2.68588246399e-05, 2.18195455091e-05, 2.53241773862e-06, 2.02669161808e-06, 2.0616346319e-06, 3.48207265688e-07, 3.75389220153e-07, 7.34687318982e-07, 9.84139774118e-08, 6.09694268405e-08, 6.4143534928e-08, 1.40918714919e-07, 1.23498580251e-07, 1.29015290895e-07, 6.4878605599e-08, 8.68239453666e-08, 9.73312168639e-08, 3.09511278829e-07, 4.52584345112e-07, 5.81421318202e-07, 4.68398354769e-07, 2.00855325261e-07, 2.97167868091e-09, 8.53414422464e-11], "dvar2": [1.55039955985e-07, 0.000438002898591, 0.000326366687659, 7.40212781238e-05, 6.2390579842e-05, 5.25955556441e-06, 3.93883510696e-06, 4.21538152295e-06, 8.31930265122e-07, 8.25015831651e-07, 1.68550127455e-06, 2.55986662978e-07, 1.55277675162e-07, 1.66278240954e-07, 3.66308370303e-07, 3.2543675843e-07, 3.19787233138e-07, 1.65423202247e-07, 1.91135157479e-07, 2.22565716967e-07, 7.59112424475e-07, 1.18380307867e-06, 1.20332106235e-06, 9.3337916951e-07, 3.70119465742e-07, 5.94460392023e-09, 1.82304824015e-10], "max": [0.0038239066489, 0.129496440291, 0.0927433818579, 0.0383256189525, 0.0384005494416, 0.0333045311272, 0.0251158829778, 0.0281766746193, 0.00717081874609, 0.0129942931235, 0.0139625286683, 0.00269073923118, 0.00366346747614, 0.00405403366312, 0.00451274169609, 0.0029011843726, 0.00545070227236, 0.00239402824081, 0.00314865354449, 0.0029669618234, 0.00607799505815, 0.00618560099974, 0.00852829869837, 0.00635903934017, 0.0026267725043, 0.000431403459515, 0.000132093162392], "mean": [0.000598647166044, 0.0238289739937, 0.00378777040169, 0.0019998063799, 0.00331777706742, 0.00201305863447, 0.00189456483349, 0.00153712031897, 0.000858897576109, 0.000689257809427, 0.000792994804215, 0.000412824039813, 0.000291671196464, 0.000273862679023, 0.00043358313269, 0.000304515619064, 0.000329046742991, 0.000228796663578, 0.000273253943305, 0.000307695270749, 0.000441551062977, 0.000428960862337, 0.000410099426517, 0.000394001748646, 0.000241284127696, 3.9577123971e-05, 6.01449073656e-06], "median": [0.000147921644384, 0.0186499133706, 0.00102194596548, 0.000650713278446, 0.00214172527194, 0.00132938253228, 0.00110857037362, 0.000796566018835, 0.00056192104239, 0.000360146543244, 0.000370974012185, 0.000280634092633, 0.000187565601664, 0.000179005786777, 0.000266801478574, 0.000172020576429, 0.000200950191356, 0.000149453364429, 0.000154996290803, 0.000186530480278, 0.000220030386117, 0.000156236972543, 0.000115825954708, 8.02263966762e-05, 4.4084394176e-05, 9.00325721886e-06, 9.57839120019e-07], "min": [6.50022569193e-24, 6.15603321498e-23, 9.93650063963e-24, 1.37598404457e-23, 1.05098259707e-22, 6.45507713129e-23, 5.82464789483e-23, 8.46219297184e-23, 6.6782616586e-23, 3.14439956821e-23, 1.73717899838e-22, 1.01208733682e-22, 3.43778072539e-23, 1.46717601811e-22, 1.1447611193e-22, 1.71168465475e-22, 1.56854426578e-22, 2.29944295335e-22, 2.88936777953e-22, 3.29326405813e-22, 4.88269660337e-22, 6.30955842135e-22, 4.60572135488e-22, 7.57568799973e-22, 1.7667846831e-21, 1.37310578142e-21, 2.27211388334e-21], "var": [7.37645279969e-07, 0.000572371587623, 0.000108259118861, 1.88068534044e-05, 1.73644384631e-05, 7.5425518844e-06, 6.16544957666e-06, 5.46636556464e-06, 7.83781160862e-07, 1.04238733911e-06, 1.4582442418e-06, 1.67269050166e-07, 1.07102742675e-07, 1.0159914865e-07, 2.19005784174e-07, 1.45023420828e-07, 1.6234453426e-07, 7.4693929264e-08, 1.30050608504e-07, 1.35461974082e-07, 3.72279913563e-07, 4.82439645566e-07, 7.07009746748e-07, 6.16579711732e-07, 2.58385199459e-07, 4.58794779945e-09, 2.31488911373e-10]}, "erbbands": {"dmean": [0.233325660229, 2.35302877426, 5.08413362503, 4.89610147476, 7.82684230804, 7.23622751236, 8.55181026459, 6.9286031723, 9.02669525146, 20.9723052979, 15.9628458023, 9.40012454987, 11.1626901627, 13.6197652817, 18.7809658051, 10.6024799347, 8.51229953766, 8.95606517792, 10.9784460068, 16.8779582977, 10.4219083786, 11.891749382, 7.74308252335, 8.70658493042, 8.9175195694, 8.9338388443, 11.8188838959, 11.9044065475, 13.127161026, 9.66942310333, 9.67310810089, 7.61037731171, 4.97422838211, 3.60738897324, 0.957424044609, 0.200827553868, 0.0490446388721, 0.00643421057612, 0.000693668029271, 4.35447764175e-05], "dmean2": [0.311096638441, 3.62744879723, 8.08637905121, 7.96849727631, 13.8424530029, 12.4559144974, 13.0770196915, 10.2871246338, 13.3880157471, 30.9995613098, 24.1226558685, 15.1185064316, 17.4710159302, 20.8550243378, 29.6178703308, 17.1414337158, 13.7098360062, 14.9626512527, 18.0838603973, 28.4193878174, 17.2194805145, 19.0037231445, 12.4273633957, 13.6377353668, 13.8462142944, 13.5844602585, 18.3864860535, 17.9282627106, 20.7921485901, 14.6219825745, 14.350148201, 11.2381353378, 7.17065620422, 5.38998651505, 1.34458971024, 0.278844028711, 0.0665556266904, 0.00919598247856, 0.00107783067506, 6.21910148766e-05], "dvar": [0.0908152982593, 15.8829126358, 155.638183594, 161.761474609, 375.219909668, 186.25668335, 198.16456604, 183.112640381, 236.156326294, 1430.40563965, 671.453674316, 145.638244629, 271.515014648, 511.732055664, 944.012390137, 184.407287598, 133.394668579, 178.730331421, 266.316467285, 634.904785156, 231.652542114, 398.757873535, 154.246612549, 227.016845703, 227.443572998, 203.448989868, 550.188537598, 537.831604004, 632.712890625, 307.591644287, 654.974365234, 276.347290039, 103.66204071, 63.6190223694, 3.32018828392, 0.133308187127, 0.00697396881878, 0.000122021214338, 3.00441774925e-06, 8.95709284521e-09], "dvar2": [0.17052385211, 34.2472953796, 359.433105469, 411.029571533, 1065.25219727, 525.30456543, 426.117950439, 390.218780518, 455.812103271, 2829.86889648, 1450.77526855, 349.201660156, 652.539306641, 1088.18029785, 2195.29931641, 473.015930176, 338.620117188, 450.387268066, 687.911499023, 1726.4720459, 594.369934082, 977.825256348, 377.491668701, 523.028015137, 512.192932129, 464.88659668, 1423.05297852, 1334.21960449, 1633.88427734, 698.525756836, 1424.33215332, 507.80581665, 218.716308594, 119.280036926, 6.01348209381, 0.269469797611, 0.0133716240525, 0.000223886032472, 6.85125678501e-06, 1.73404792747e-08], "max": [2.5510597229, 35.5198326111, 93.8384170532, 106.793037415, 157.19694519, 119.565513611, 276.909515381, 296.487091064, 252.585403442, 691.295593262, 468.286621094, 195.703384399, 269.313232422, 506.216827393, 418.497009277, 138.721435547, 174.805160522, 227.713241577, 272.168273926, 297.233032227, 116.684753418, 307.635131836, 140.458404541, 152.524673462, 146.853927612, 119.635421753, 210.767959595, 265.456817627, 218.254959106, 141.314804077, 289.412475586, 163.133102417, 87.5425949097, 44.3321800232, 13.6171770096, 2.630838871, 0.64686870575, 0.0848749279976, 0.0246238913387, 0.00153253122699], "mean": [0.697704493999, 5.17288970947, 5.85325527191, 6.01892185211, 9.09112548828, 10.1223430634, 16.0324573517, 14.9938030243, 19.6671047211, 38.8979988098, 29.496011734, 18.496673584, 21.1783332825, 26.9985713959, 31.7060642242, 18.1093158722, 14.7761354446, 15.2436103821, 17.0367698669, 24.0821723938, 16.0852966309, 18.3359737396, 12.8745536804, 13.3078298569, 14.4882411957, 14.5868616104, 16.3161735535, 17.8499279022, 16.4426898956, 12.5729084015, 11.55838871, 9.54675960541, 5.53780794144, 3.84966254234, 1.14654970169, 0.254910856485, 0.0653383433819, 0.00949413329363, 0.00112132565118, 0.000111500543426], "median": [0.635116577148, 2.62976980209, 1.8584703207, 2.24277544022, 4.10965871811, 6.33299827576, 9.08972930908, 8.21304321289, 11.7449474335, 18.9097366333, 15.172504425, 13.0190057755, 13.3888931274, 15.2562932968, 16.7113361359, 12.2344932556, 10.155667305, 10.1478538513, 10.652756691, 13.6480083466, 10.3124752045, 11.2489595413, 8.79176807404, 7.71914148331, 8.73474216461, 8.82190418243, 8.18567943573, 8.54426956177, 6.15083456039, 4.06865406036, 3.17524433136, 1.97654247284, 1.09610021114, 0.577971100807, 0.233432978392, 0.0676717236638, 0.0143328495324, 0.00200174073689, 0.000185382697964, 6.25720858807e-05], "min": [2.3928531722e-21, 1.10660012321e-20, 1.54994485929e-20, 2.26628537002e-20, 1.77594578916e-19, 3.1615432378e-19, 8.54481605273e-19, 2.6991696964e-19, 8.51923187337e-19, 8.87314678532e-19, 2.08116553487e-18, 1.71292819741e-18, 1.4086619066e-18, 4.18296343576e-18, 4.92178502888e-18, 3.30659018539e-18, 1.8353200122e-18, 3.28370271822e-18, 1.01353853158e-17, 4.95018420726e-18, 1.06169996469e-17, 9.15843703589e-18, 1.17691679416e-17, 1.46856736054e-17, 1.34381297317e-17, 1.47649638302e-17, 1.72221948297e-17, 2.01693235469e-17, 2.48242129609e-17, 1.60674043724e-17, 1.37982237862e-17, 1.74280172184e-17, 1.22036759912e-17, 1.51662655413e-17, 1.50453532424e-17, 5.31422308612e-18, 2.80430750588e-18, 1.01934159649e-18, 3.44294672177e-19, 3.45384579569e-20], "var": [0.359868824482, 38.378868103, 158.560943604, 140.094558716, 264.960723877, 156.023086548, 566.916564941, 514.033813477, 798.15234375, 3713.33374023, 1647.14807129, 337.293731689, 569.964416504, 1441.79467773, 1920.56616211, 329.815216064, 247.772476196, 315.567749023, 376.2840271, 825.746704102, 302.324981689, 499.64364624, 201.418151855, 301.996459961, 333.565704346, 294.842498779, 568.624572754, 631.447998047, 697.923278809, 411.572479248, 712.603820801, 391.040405273, 125.102401733, 77.4156341553, 4.75016880035, 0.19637028873, 0.0116227800027, 0.000245541450568, 7.47323247197e-06, 3.08240117874e-08]}, "gfcc": {"mean": [32.7818984985, 88.7212219238, -105.627929688, 42.788482666, -62.6093635559, 22.1429405212, -30.3455944061, 12.4377651215, -15.3768529892, 6.50646877289, -11.18841362, 1.80748844147, -3.35535478592], "cov": [[5517.78125, -1679.66040039, 837.301330566, 438.277923584, -44.047290802, 750.299072266, 35.8089599609, 455.681884766, 17.1342906952, 391.280059814, -23.9151248932, 327.660125732, -194.684204102], [-1679.66040039, 1092.32312012, -324.944458008, -176.86756897, 104.836753845, -318.88458252, 71.2949142456, -110.664352417, 19.9086914062, -128.199539185, 41.407661438, -102.159957886, 91.9465332031], [837.301330566, -324.944458008, 610.241882324, 161.794250488, 60.6009750366, 302.459564209, 29.5302944183, 86.9573669434, 30.5070075989, 117.868843079, -15.3276081085, 87.2117156982, -69.6955718994], [438.277923584, -176.86756897, 161.794250488, 198.056335449, 39.1826553345, 130.055664062, 41.6405258179, 54.4437675476, 16.0553340912, 53.3527908325, -5.26765680313, 30.9675197601, -28.6044921875], [-44.047290802, 104.836753845, 60.6009750366, 39.1826553345, 184.417297363, 23.8688983917, 95.4209976196, 32.1827964783, 36.2989768982, 21.3536739349, 8.1344871521, 13.5635290146, 4.8136177063], [750.299072266, -318.88458252, 302.459564209, 130.055664062, 23.8688983917, 298.132598877, 39.1882781982, 109.631889343, 16.514339447, 110.48374176, 7.1987323761, 62.1491966248, -50.1909675598], [35.8089599609, 71.2949142456, 29.5302944183, 41.6405258179, 95.4209976196, 39.1882781982, 151.38734436, 83.4767303467, 54.0991134644, 38.4800567627, 16.2522563934, 23.53383255, 4.2959561348], [455.681884766, -110.664352417, 86.9573669434, 54.4437675476, 32.1827964783, 109.631889343, 83.4767303467, 165.783370972, 42.2335243225, 83.6868591309, 21.6071376801, 47.235244751, -5.05125045776], [17.1342906952, 19.9086914062, 30.5070075989, 16.0553340912, 36.2989768982, 16.514339447, 54.0991134644, 42.2335243225, 89.3362350464, 37.0674705505, 15.1495771408, 11.1054477692, 2.43469929695], [391.280059814, -128.199539185, 117.868843079, 53.3527908325, 21.3536739349, 110.48374176, 38.4800567627, 83.6868591309, 37.0674705505, 127.751159668, 31.470041275, 51.7201728821, -13.7528514862], [-23.9151248932, 41.407661438, -15.3276081085, -5.26765680313, 8.1344871521, 7.1987323761, 16.2522563934, 21.6071376801, 15.1495771408, 31.470041275, 61.3876304626, 21.3947429657, 12.1200819016], [327.660125732, -102.159957886, 87.2117156982, 30.9675197601, 13.5635290146, 62.1491966248, 23.53383255, 47.235244751, 11.1054477692, 51.7201728821, 21.3947429657, 72.4623184204, 5.42972230911], [-194.684204102, 91.9465332031, -69.6955718994, -28.6044921875, 4.8136177063, -50.1909675598, 4.2959561348, -5.05125045776, 2.43469929695, -13.7528514862, 12.1200819016, 5.42972230911, 55.1670074463]], "icov": [[0.000515739782713, 0.000407336599892, 3.6681718484e-05, -0.000216386411921, -7.74394648033e-05, -8.86467605596e-05, 0.000382830447052, -0.000853970879689, 0.000164834302268, -9.70810360741e-05, 0.000434813118773, -0.00133825268131, 0.00089809630299], [0.000407336599892, 0.00242360890843, -0.000452119857073, 0.000596616882831, -0.000854015175719, 0.00143277493771, -0.00134707870893, -5.23200797033e-05, 0.000381178717362, 0.000238807901042, -0.00178942305502, 0.00164956750814, -0.00111211009789], [3.6681718484e-05, -0.000452119857073, 0.00430772453547, -0.000685787817929, -0.00106806121767, -0.00373266078532, 0.00158554757945, 0.000740187591873, -0.00136983534321, -0.000213230669033, 0.00254727317952, -0.00386357586831, 0.00243905419484], [-0.000216386411921, 0.000596616882831, -0.000685787817929, 0.00801858399063, -0.00089022249449, -0.00169186736457, -0.00186540116556, 0.000730613304768, 9.33955525397e-05, -0.000295868783724, 0.00033662802889, 0.00106082519051, 2.7622192647e-05], [-7.74394648033e-05, -0.000854015175719, -0.00106806121767, -0.00089022249449, 0.00916159618646, 0.000164738914464, -0.00569070968777, 0.00167507177684, -0.000219564550207, -0.000448217091616, 0.000334986747475, 3.37253768521e-05, -0.000892791897058], [-8.86467605596e-05, 0.00143277493771, -0.00373266078532, -0.00169186736457, 0.000164738914464, 0.0116100730374, -0.00130787771195, -0.00278773880564, 0.00242267805152, -0.0027789156884, -0.00234882067889, 0.00207450496964, 0.00161347340327], [0.000382830447052, -0.00134707870893, 0.00158554757945, -0.00186540116556, -0.00569070968777, -0.00130787771195, 0.0169864390045, -0.00718003511429, -0.00474242912605, 0.00149913062342, 0.00165733089671, -0.00441904040053, 0.0026123591233], [-0.000853970879689, -5.23200797033e-05, 0.000740187591873, 0.000730613304768, 0.00167507177684, -0.00278773880564, -0.00718003511429, 0.0150219183415, -0.00133817701135, -0.00411258125678, -0.000500140071381, 0.000736362999305, -0.00328916544095], [0.000164834302268, 0.000381178717362, -0.00136983534321, 9.33955525397e-05, -0.000219564550207, 0.00242267805152, -0.00474242912605, -0.00133817701135, 0.0164000205696, -0.0042493394576, -0.00174086948391, 0.00288125709631, -0.000949928187765], [-9.70810360741e-05, 0.000238807901042, -0.000213230669033, -0.000295868783724, -0.000448217091616, -0.0027789156884, 0.00149913062342, -0.00411258125678, -0.0042493394576, 0.0184385869652, -0.00594520289451, -0.00511745596305, 0.00244814436883], [0.000434813118773, -0.00178942305502, 0.00254727317952, 0.00033662802889, 0.000334986747475, -0.00234882067889, 0.00165733089671, -0.000500140071381, -0.00174086948391, -0.00594520289451, 0.0249234214425, -0.00877384562045, -0.000448861741461], [-0.00133825268131, 0.00164956750814, -0.00386357586831, 0.00106082519051, 3.37253768521e-05, 0.00207450496964, -0.00441904040053, 0.000736362999305, 0.00288125709631, -0.00511745596305, -0.00877384562045, 0.0322559401393, -0.0121571114287], [0.00089809630299, -0.00111211009789, 0.00243905419484, 2.7622192647e-05, -0.000892791897058, 0.00161347340327, 0.0026123591233, -0.00328916544095, -0.000949928187765, 0.00244814436883, -0.000448861741461, -0.0121571114287, 0.0292340554297]]}, "melbands": {"dmean": [0.00224207248539, 0.0026760881301, 0.000873547222, 0.000555399572477, 0.000289804011118, 0.000157042159117, 0.000150575622683, 0.00021581495821, 0.000118578675028, 6.33438612567e-05, 5.62143613934e-05, 5.52503661311e-05, 7.25588397472e-05, 3.13941709464e-05, 2.50164102908e-05, 1.66005884239e-05, 1.71972424141e-05, 1.72513191501e-05, 1.8624104996e-05, 2.15423951886e-05, 1.18096913866e-05, 1.40350202855e-05, 8.57554005051e-06, 7.48843922338e-06, 7.36762058295e-06, 7.12896189725e-06, 6.31760258329e-06, 6.16189117864e-06, 6.83595135342e-06, 8.48117633723e-06, 6.90089200361e-06, 8.44925671117e-06, 5.22370100953e-06, 5.68608265894e-06, 5.65536083741e-06, 5.2081281865e-06, 4.58704835182e-06, 3.56827149517e-06, 3.28525993609e-06, 3.02468151858e-06], "dmean2": [0.00320430845022, 0.00412965705618, 0.0013892572606, 0.000973028130829, 0.000452647567727, 0.000232785809203, 0.000221969050472, 0.000320670573274, 0.000180662900675, 0.000101548030216, 8.81974192453e-05, 8.47036499181e-05, 0.000114868918899, 5.11247490067e-05, 4.00233366236e-05, 2.70664440905e-05, 2.89639883704e-05, 2.87169241346e-05, 3.11393050652e-05, 3.67207212548e-05, 1.94444364752e-05, 2.28487951972e-05, 1.41551090564e-05, 1.23534209706e-05, 1.17927602332e-05, 1.12035186248e-05, 9.91167416942e-06, 9.61062050919e-06, 1.10454793685e-05, 1.30711632664e-05, 1.07717150968e-05, 1.35398959173e-05, 8.32499335957e-06, 8.69848463481e-06, 8.63798231876e-06, 7.58960004532e-06, 6.77395746607e-06, 5.18893557455e-06, 4.80736343889e-06, 4.55922281617e-06], "dvar": [9.99430631055e-06, 2.93137018161e-05, 4.3933937377e-06, 1.4326424207e-06, 2.05998759384e-07, 8.50502317462e-08, 5.49832535057e-08, 1.51874189669e-07, 3.65761430032e-08, 6.31264596151e-09, 6.79887257604e-09, 9.18722253829e-09, 1.60553899065e-08, 1.6738049835e-09, 9.43304767631e-10, 4.80372630562e-10, 6.84792500483e-10, 6.60031251876e-10, 6.39076180864e-10, 1.06072350903e-09, 2.89195944969e-10, 5.80750336709e-10, 2.07865211155e-10, 1.60128410531e-10, 1.63782168383e-10, 1.65312957767e-10, 9.95755075617e-11, 1.01280282772e-10, 2.2510432407e-10, 2.17612233788e-10, 2.23692050993e-10, 2.72113831468e-10, 9.80272529816e-11, 1.1440533243e-10, 2.33513236525e-10, 1.68254535304e-10, 9.17876399886e-11, 5.63994857761e-11, 4.79673557818e-11, 4.67640058621e-11], "dvar2": [1.88030171557e-05, 6.3681472966e-05, 1.05733861346e-05, 4.10597613154e-06, 4.83232497572e-07, 1.78114035521e-07, 1.05238527226e-07, 3.00545991649e-07, 7.97179922074e-08, 1.52224082228e-08, 1.63879327886e-08, 1.93844762464e-08, 3.68618842117e-08, 4.27693258587e-09, 2.34104158281e-09, 1.18755971723e-09, 1.70823877266e-09, 1.73354586241e-09, 1.66866154228e-09, 2.88614288024e-09, 7.38977989911e-10, 1.42734490893e-09, 5.28869503746e-10, 4.14359185852e-10, 3.74526992752e-10, 3.9131164975e-10, 2.24062851606e-10, 2.38342234837e-10, 6.0146426728e-10, 5.09076725219e-10, 5.84830905925e-10, 7.04532820972e-10, 2.54882726036e-10, 2.57469767728e-10, 5.37112188059e-10, 3.12851078377e-10, 1.7633691729e-10, 1.21503002104e-10, 1.03305621002e-10, 8.55500045804e-11], "max": [0.0269132573158, 0.0401884093881, 0.015999076888, 0.00989823509008, 0.00751152588055, 0.00648436835036, 0.00381534127519, 0.00671566650271, 0.00351755716838, 0.00113303121179, 0.00133599131368, 0.00220495229587, 0.0020468540024, 0.000546428607777, 0.000356787291821, 0.000268801610218, 0.000485845346702, 0.000405668164603, 0.000280505191768, 0.000311432464514, 0.000136131959152, 0.000408690102631, 0.000210212529055, 0.000125681835925, 0.000132400324219, 0.000141939337482, 0.000114355643746, 8.36594845168e-05, 0.000145663652802, 0.000151375628775, 0.000180255694431, 0.000139916373882, 9.25623899093e-05, 8.71430383995e-05, 0.000171789317392, 0.000141839685966, 9.17830548133e-05, 7.44149510865e-05, 4.22277917096e-05, 4.11483706557e-05], "mean": [0.00656217476353, 0.00453359261155, 0.0011100070551, 0.000707030761987, 0.000529475626536, 0.000340392522048, 0.000324690889101, 0.000405329890782, 0.000213929539314, 0.00011723498028, 0.000104027109046, 0.00010555832705, 0.000117647279694, 5.0171132898e-05, 4.24386344093e-05, 2.75492930086e-05, 2.75468992186e-05, 2.5076635211e-05, 2.86282593152e-05, 2.93983848678e-05, 1.71713618329e-05, 2.04137122637e-05, 1.29641821331e-05, 1.12345514935e-05, 1.06000143205e-05, 1.04268010546e-05, 1.04958699012e-05, 9.34719628276e-06, 8.99885344552e-06, 1.18466550703e-05, 9.84034159046e-06, 1.00224606285e-05, 7.00587952451e-06, 7.06033370079e-06, 6.55605754218e-06, 6.46476155453e-06, 5.52593974135e-06, 3.94967901229e-06, 3.38485210705e-06, 3.21633478961e-06], "median": [0.00624745152891, 0.00175159610808, 0.000460051000118, 0.000394462724216, 0.000328582507791, 0.000207574878004, 0.000196764623979, 0.000206641576369, 0.000111953369924, 7.90687336121e-05, 6.46927510388e-05, 5.58269966859e-05, 5.70201300434e-05, 3.11878684442e-05, 2.81370521407e-05, 1.79681119334e-05, 1.75129734998e-05, 1.4923888557e-05, 1.81460745807e-05, 1.53608743858e-05, 9.98916584649e-06, 1.19880842249e-05, 8.29227428767e-06, 7.2183802331e-06, 5.81209360462e-06, 5.97185635343e-06, 6.53630422676e-06, 5.39940401723e-06, 4.43407952844e-06, 5.87520844419e-06, 4.5572091949e-06, 3.47443301507e-06, 2.54544329437e-06, 2.10142775359e-06, 1.90609523543e-06, 1.50022958678e-06, 1.08771769192e-06, 8.04577723557e-07, 5.91881359924e-07, 4.36880640109e-07], "min": [1.89039251002e-23, 1.04216784953e-23, 8.43923317519e-24, 1.71549210769e-23, 2.67915906748e-23, 7.75453030845e-24, 1.25119137696e-23, 1.02504144262e-23, 1.75437616611e-23, 9.98628959567e-24, 6.27269690762e-24, 1.54521711239e-23, 2.12962120596e-23, 1.14172114914e-23, 5.51328615215e-24, 2.92449630784e-24, 6.78990961583e-24, 1.87232018e-23, 8.50833423505e-24, 9.00783228276e-24, 1.25701411707e-23, 1.00362118692e-23, 7.18576317351e-24, 1.3015451574e-23, 1.20017716217e-23, 9.94865619732e-24, 9.33247615539e-24, 9.91983279757e-24, 9.39598813573e-24, 1.58693759908e-23, 8.74467222909e-24, 1.35812723134e-23, 1.18538341695e-23, 7.43725439668e-24, 6.59802156722e-24, 1.07291165228e-23, 1.10932704938e-23, 9.0286250785e-24, 9.26256887969e-24, 1.3328529168e-23], "var": [3.515737626e-05, 4.64718577859e-05, 4.19818024966e-06, 1.06039408365e-06, 4.78360107081e-07, 2.49243441885e-07, 1.91052436094e-07, 4.00885369345e-07, 8.8002614973e-08, 1.42057272612e-08, 1.42249021451e-08, 2.6077922044e-08, 3.17663868543e-08, 3.07520364728e-09, 1.86884374642e-09, 9.17191045335e-10, 1.17221388152e-09, 8.84642692434e-10, 9.31922095049e-10, 1.2822372053e-09, 3.90215360024e-10, 7.03870517427e-10, 2.44423425944e-10, 1.80720063914e-10, 2.13080678102e-10, 2.08732475748e-10, 1.53077536758e-10, 1.34063510293e-10, 2.03017061495e-10, 2.71993011447e-10, 2.2825616397e-10, 2.85194895477e-10, 1.14991169364e-10, 1.4502979373e-10, 2.32087460361e-10, 2.29038898958e-10, 1.25460294931e-10, 6.60090662685e-11, 5.36893515757e-11, 5.72451287761e-11]}, "mfcc": {"mean": [-607.938720703, 111.204177856, 16.2671890259, 24.1261615753, 1.42991387844, 9.72088813782, 1.3105019331, 5.62002038956, 6.30785036087, 5.03586912155, -0.375666439533, 5.5339717865, 2.67504143715], "cov": [[4382.3046875, -1373.6652832, 583.064025879, 21.4997806549, 117.809913635, 312.457275391, 150.432144165, 251.906433105, 113.583847046, 167.853042603, 208.895309448, 114.070320129, 209.156280518], [-1373.6652832, 968.44342041, -306.39553833, 62.3567733765, -52.879901886, -142.713195801, -14.5422649384, -47.4625473022, -7.86032962799, -36.8405685425, -55.827545166, -5.06414079666, -29.8679599762], [583.064025879, -306.39553833, 508.75289917, -25.5004196167, 101.843727112, 183.789321899, 33.0909347534, 68.2187423706, 10.7656555176, 53.2928543091, 72.6837234497, 21.644733429, 29.3756828308], [21.4997806549, 62.3567733765, -25.5004196167, 151.683898926, 18.7271385193, 28.0089912415, 32.7642288208, 41.2263259888, 36.387676239, 20.1163520813, 20.3971862793, 22.2158222198, 18.6770572662], [117.809913635, -52.879901886, 101.843727112, 18.7271385193, 103.080459595, 74.0843582153, 26.5346260071, 22.3813610077, 9.62380695343, 19.0025100708, 15.6426734924, 5.86704874039, 8.82933521271], [312.457275391, -142.713195801, 183.789321899, 28.0089912415, 74.0843582153, 179.270904541, 51.6559104919, 55.1917266846, 21.5995121002, 48.0469398499, 57.2013549805, 21.0994529724, 27.0121173859], [150.432144165, -14.5422649384, 33.0909347534, 32.7642288208, 26.5346260071, 51.6559104919, 108.137336731, 54.7514381409, 35.8667373657, 32.2180595398, 31.2678050995, 34.396068573, 33.0984611511], [251.906433105, -47.4625473022, 68.2187423706, 41.2263259888, 22.3813610077, 55.1917266846, 54.7514381409, 110.733024597, 51.6315116882, 51.4531669617, 35.2963905334, 27.058429718, 36.1067581177], [113.583847046, -7.86032962799, 10.7656555176, 36.387676239, 9.62380695343, 21.5995121002, 35.8667373657, 51.6315116882, 90.0820617676, 46.0369148254, 29.7083740234, 24.8280162811, 29.9163303375], [167.853042603, -36.8405685425, 53.2928543091, 20.1163520813, 19.0025100708, 48.0469398499, 32.2180595398, 51.4531669617, 46.0369148254, 86.6078414917, 50.7339477539, 27.0993862152, 28.8308200836], [208.895309448, -55.827545166, 72.6837234497, 20.3971862793, 15.6426734924, 57.2013549805, 31.2678050995, 35.2963905334, 29.7083740234, 50.7339477539, 81.8670883179, 43.3295021057, 31.4411849976], [114.070320129, -5.06414079666, 21.644733429, 22.2158222198, 5.86704874039, 21.0994529724, 34.396068573, 27.058429718, 24.8280162811, 27.0993862152, 43.3295021057, 72.9082260132, 43.5003929138], [209.156280518, -29.8679599762, 29.3756828308, 18.6770572662, 8.82933521271, 27.0121173859, 33.0984611511, 36.1067581177, 29.9163303375, 28.8308200836, 31.4411849976, 43.5003929138, 69.7887954712]], "icov": [[0.000534953025635, 0.000680947676301, -7.35515641281e-05, -0.000122277488117, -8.22334914119e-06, 0.000142158154631, -9.34499112191e-05, -0.000532229722012, 0.00014267116785, 6.28141788184e-05, -0.000494104111567, 0.000314588105539, -0.00104302947875], [0.000680947676301, 0.00222438573837, 0.000468504236778, -0.000747955811676, -0.000217003544094, 0.000780363625381, -0.000337007746566, -0.000463161646621, 0.000293365068501, -0.000168798913364, -0.000261461158516, -7.13642439223e-05, -0.000854721467476], [-7.35515641281e-05, 0.000468504236778, 0.00399656314403, 0.00136856304016, -0.00185800762847, -0.00262897601351, 0.00106802454684, -0.00148999679368, 0.000589778239373, 0.000426803424489, -0.00144884444308, -9.91636115941e-05, 0.000174822445842], [-0.000122277488117, -0.000747955811676, 0.00136856304016, 0.00878684595227, -0.00142595451325, -0.00162756512873, 3.12715492328e-05, -0.00241730012931, -0.00202477630228, 0.0014895653585, -0.000988304964267, -0.00106851954479, 0.0005287854583], [-8.22334914119e-06, -0.000217003544094, -0.00185800762847, -0.00142595451325, 0.0151029573753, -0.00496546784416, -0.00160349963699, 0.00140574842226, -0.000350536167389, -0.00122500199359, 0.00329372077249, -0.000205037431442, 0.000440067204181], [0.000142158154631, 0.000780363625381, -0.00262897601351, -0.00162756512873, -0.00496546784416, 0.0136983832344, -0.00287019507959, -0.00118096440565, 0.00176725012716, -0.00117963121738, -0.00512894708663, 0.00278606754728, -0.000947641732637], [-9.34499112191e-05, -0.000337007746566, 0.00106802454684, 3.12715492328e-05, -0.00160349963699, -0.00287019507959, 0.0148515161127, -0.00463682226837, -0.00151573913172, 0.000795995350927, 0.000146435471834, -0.00377191486768, -0.00104687456042], [-0.000532229722012, -0.000463161646621, -0.00148999679368, -0.00241730012931, 0.00140574842226, -0.00118096440565, -0.00463682226837, 0.0187583528459, -0.00463089393452, -0.00540750287473, 0.00266625522636, 0.000563253939617, -0.00188898248598], [0.00014267116785, 0.000293365068501, 0.000589778239373, -0.00202477630228, -0.000350536167389, 0.00176725012716, -0.00151573913172, -0.00463089393452, 0.0189595632255, -0.00642557442188, -0.000709099287633, 0.000232269390835, -0.00283152121119], [6.28141788184e-05, -0.000168798913364, 0.000426803424489, 0.0014895653585, -0.00122500199359, -0.00117963121738, 0.000795995350927, -0.00540750287473, -0.00642557442188, 0.0244264788926, -0.0112940231338, 0.0019660142716, -0.00128082546871], [-0.000494104111567, -0.000261461158516, -0.00144884444308, -0.000988304964267, 0.00329372077249, -0.00512894708663, 0.000146435471834, 0.00266625522636, -0.000709099287633, -0.0112940231338, 0.0298917368054, -0.0127663426101, 0.00182321108878], [0.000314588105539, -7.13642439223e-05, -9.91636115941e-05, -0.00106851954479, -0.000205037431442, 0.00278606754728, -0.00377191486768, 0.000563253939617, 0.000232269390835, 0.0019660142716, -0.0127663426101, 0.0292368419468, -0.0135846352205], [-0.00104302947875, -0.000854721467476, 0.000174822445842, 0.0005287854583, 0.000440067204181, -0.000947641732637, -0.00104687456042, -0.00188898248598, -0.00283152121119, -0.00128082546871, 0.00182321108878, -0.0135846352205, 0.0280479397625]]}, "spectral_contrast_coeffs": {"dmean": [0.050169095397, 0.0463553108275, 0.0383607298136, 0.0294015016407, 0.0180505272001, 0.0212796721607], "dmean2": [0.0816302523017, 0.0742060914636, 0.0630619823933, 0.048600666225, 0.0297417417169, 0.0339345857501], "dvar": [0.00189587916248, 0.00131079717539, 0.000945948704612, 0.000539909757208, 0.000199698100914, 0.000503119139466], "dvar2": [0.00450005382299, 0.00332844769582, 0.00225683161989, 0.00145581376273, 0.000519146211445, 0.00112411775626], "max": [-0.303642749786, -0.472592592239, -0.574304401875, -0.662932097912, -0.730629324913, -0.568247616291], "mean": [-0.677284598351, -0.739271819592, -0.779455840588, -0.803151845932, -0.814874649048, -0.747875273228], "median": [-0.690438866615, -0.743526101112, -0.784008562565, -0.807259738445, -0.81515032053, -0.75057810545], "min": [-0.964393138885, -0.960741579533, -0.964775323868, -0.964761078358, -0.962091743946, -0.960737109184], "var": [0.00674613751471, 0.00405663345009, 0.00279147969559, 0.00153792533092, 0.000568328832742, 0.00116783170961]}, "spectral_contrast_valleys": {"dmean": [0.347262203693, 0.333045989275, 0.313776403666, 0.312958419323, 0.297020375729, 0.425345599651], "dmean2": [0.545874357224, 0.528670787811, 0.492504924536, 0.474088519812, 0.402493983507, 0.522498846054], "dvar": [0.17761862278, 0.221311986446, 0.188931852579, 0.200181052089, 0.218141376972, 0.31277102232], "dvar2": [0.292474865913, 0.317156404257, 0.242733791471, 0.276222348213, 0.274400174618, 0.492823272943], "max": [-5.27648258209, -5.00703048706, -5.72075366974, -5.92607307434, -5.65405273438, -7.31357383728], "mean": [-6.70937156677,