{"lowlevel": {"average_loudness": 0.934365868568, "barkbands_crest": {"dmean": 2.33782887459, "dmean2": 3.81537151337, "dvar": 5.17061567307, "dvar2": 13.0360813141, "max": 25.3643016815, "mean": 13.8728971481, "median": 13.4953546524, "min": 2.74960398674, "var": 18.1568412781}, "barkbands_flatness_db": {"dmean": 0.0253427401185, "dmean2": 0.0374219678342, "dvar": 0.000660609453917, "dvar2": 0.00135988520924, "max": 0.541505515575, "mean": 0.182075217366, "median": 0.176620602608, "min": 0.0212292671204, "var": 0.00392735144123}, "barkbands_kurtosis": {"dmean": 6.94284915924, "dmean2": 11.2348089218, "dvar": 99.2834472656, "dvar2": 245.476486206, "max": 215.295700073, "mean": 18.7841491699, "median": 12.1917924881, "min": -1.7261275053, "var": 446.710083008}, "barkbands_skewness": {"dmean": 0.683223962784, "dmean2": 1.07629585266, "dvar": 0.621440052986, "dvar2": 1.48736381531, "max": 12.0056629181, "mean": 3.41069698334, "median": 3.04973244667, "min": -6.83105564117, "var": 2.62966799736}, "barkbands_spread": {"dmean": 3.80400919914, "dmean2": 5.75215816498, "dvar": 29.5695571899, "dvar2": 58.5764274597, "max": 89.415687561, "mean": 11.9333763123, "median": 9.39562225342, "min": 0.302556753159, "var": 84.0985946655}, "dissonance": {"dmean": 0.0137472553179, "dmean2": 0.0225393716246, "dvar": 0.000162309981533, "dvar2": 0.000413603935158, "max": 0.499799817801, "mean": 0.459465295076, "median": 0.463009417057, "min": 0.356120765209, "var": 0.000489474798087}, "dynamic_complexity": 4.39582109451, "erbbands_crest": {"dmean": 2.01048231125, "dmean2": 3.15304398537, "dvar": 5.53916168213, "dvar2": 11.4732322693, "max": 28.7761459351, "mean": 9.89224720001, "median": 8.37982749939, "min": 2.40518188477, "var": 27.3673477173}, "erbbands_flatness_db": {"dmean": 0.0175797361881, "dmean2": 0.0238187406212, "dvar": 0.000347245222656, "dvar2": 0.000629714748356, "max": 0.33714312315, "mean": 0.135753139853, "median": 0.132057368755, "min": 0.0416978262365, "var": 0.00160616962239}, "erbbands_kurtosis": {"dmean": 0.712015390396, "dmean2": 1.11623811722, "dvar": 1.43948698044, "dvar2": 3.19849038124, "max": 20.2274589539, "mean": 0.345605552197, "median": -0.561100006104, "min": -1.76821613312, "var": 5.79475355148}, "erbbands_skewness": {"dmean": 0.285705298185, "dmean2": 0.438468158245, "dvar": 0.0993593856692, "dvar2": 0.200614273548, "max": 3.9301199913, "mean": 0.778301358223, "median": 0.675312519073, "min": -1.39776396751, "var": 0.611585140228}, "erbbands_spread": {"dmean": 8.36622905731, "dmean2": 12.7639837265, "dvar": 85.3443450928, "dvar2": 188.834564209, "max": 125.167068481, "mean": 52.5419845581, "median": 52.7532501221, "min": 7.68736028671, "var": 367.528137207}, "hfc": {"dmean": 4.58104515076, "dmean2": 6.2635011673, "dvar": 56.2720870972, "dvar2": 101.508506775, "max": 187.23336792, "mean": 13.5391483307, "median": 10.475774765, "min": 1.12993202547e-16, "var": 171.042724609}, "melbands_crest": {"dmean": 2.90340614319, "dmean2": 4.72299575806, "dvar": 7.48037385941, "dvar2": 19.9430809021, "max": 35.6821365356, "mean": 18.3801422119, "median": 18.7394943237, "min": 1.85649371147, "var": 25.3098068237}, "melbands_flatness_db": {"dmean": 0.028462305665, "dmean2": 0.0428906716406, "dvar": 0.000897634716239, "dvar2": 0.00183134805411, "max": 0.703996598721, "mean": 0.276482641697, "median": 0.272660553455, "min": 0.00571587355807, "var": 0.00531273474917}, "melbands_kurtosis": {"dmean": 16.0753078461, "dmean2": 25.7256832123, "dvar": 514.047119141, "dvar2": 1268.14282227, "max": 451.888793945, "mean": 45.8241271973, "median": 29.3820476532, "min": -1.18079149723, "var": 2228.22607422}, "melbands_skewness": {"dmean": 0.95884090662, "dmean2": 1.50190746784, "dvar": 1.23833191395, "dvar2": 2.91370630264, "max": 16.991109848, "mean": 4.83505630493, "median": 4.31419467926, "min": -0.0542805083096, "var": 5.46029233932}, "melbands_spread": {"dmean": 2.84333586693, "dmean2": 4.30097341537, "dvar": 22.7810974121, "dvar2": 44.6846313477, "max": 129.550003052, "mean": 8.58666229248, "median": 6.7055516243, "min": 0.428660035133, "var": 62.8246574402}, "pitch_salience": {"dmean": 0.0695983171463, "dmean2": 0.113774679601, "dvar": 0.00423408439383, "dvar2": 0.0108369626105, "max": 0.849259436131, "mean": 0.454759418964, "median": 0.457008033991, "min": 0.0762876272202, "var": 0.015522792004}, "silence_rate_20dB": {"dmean": 0, "dmean2": 0, "dvar": 0, "dvar2": 0, "max": 1, "mean": 1, "median": 1, "min": 1, "var": 0}, "silence_rate_30dB": {"dmean": 0.0470209345222, "dmean2": 0.094072163105, "dvar": 0.0448111109436, "dvar2": 0.103908732533, "max": 1, "mean": 0.94913071394, "median": 1, "min": 0, "var": 0.0482821725309}, "silence_rate_60dB": {"dmean": 0.0122383255512, "dmean2": 0.0244845356792, "dvar": 0.0120892692357, "dvar2": 0.026462091133, "max": 1, "mean": 0.091435931623, "median": 0, "min": 0, "var": 0.0830763578415}, "spectral_centroid": {"dmean": 192.232696533, "dmean2": 288.3309021, "dvar": 72210.5078125, "dvar2": 124153.0625, "max": 11050.2275391, "mean": 891.502746582, "median": 779.460083008, "min": 118.075737, "var": 243896.703125}, "spectral_complexity": {"dmean": 2.62028980255, "dmean2": 4.10373687744, "dvar": 9.38518810272, "dvar2": 21.0478725433, "max": 43, "mean": 12.0653572083, "median": 12, "min": 0, "var": 41.4846076965}, "spectral_decrease": {"dmean": 4.44709469249e-09, "dmean2": 7.34288496673e-09, "dvar": 5.87375725192e-17, "dvar2": 1.52429799257e-16, "max": 3.28217484946e-16, "mean": -1.16892238111e-08, "median": -1.01457189317e-08, "min": -8.72005756491e-08, "var": 9.52881757763e-17}, "spectral_energy": {"dmean": 0.0170563645661, "dmean2": 0.0281064808369, "dvar": 0.000857116188854, "dvar2": 0.00221205549315, "max": 0.340512663126, "mean": 0.0453458689153, "median": 0.0396467596292, "min": 1.03733667161e-20, "var": 0.00141822837759}, "spectral_energyband_high": {"dmean": 0.000245434610406, "dmean2": 0.000348471075995, "dvar": 2.35741595134e-07, "dvar2": 4.72018143682e-07, "max": 0.0133944312111, "mean": 0.000469428719953, "median": 0.00022970023565, "min": 7.43211844518e-21, "var": 5.37946220902e-07}, "spectral_energyband_low": {"dmean": 0.0144313992932, "dmean2": 0.0246227066964, "dvar": 0.00073386344593, "dvar2": 0.00199334090576, "max": 0.305134922266, "mean": 0.030394770205, "median": 0.0261748731136, "min": 5.68070917862e-23, "var": 0.00087553774938}, "spectral_energyband_middle_high": {"dmean": 0.000729473307729, "dmean2": 0.00104631425347, "dvar": 2.72968281934e-06, "dvar2": 4.62770594822e-06, "max": 0.0311684068292, "mean": 0.00191817653831, "median": 0.00135613011662, "min": 1.54399006765e-21, "var": 6.50214406051e-06}, "spectral_energyband_middle_low": {"dmean": 0.00504702702165, "dmean2": 0.00758562702686, "dvar": 9.72308189375e-05, "dvar2": 0.000190316859516, "max": 0.227250471711, "mean": 0.0138701228425, "median": 0.00884575117379, "min": 2.89254266068e-22, "var": 0.00030668778345}, "spectral_entropy": {"dmean": 0.178954958916, "dmean2": 0.255698621273, "dvar": 0.0400715768337, "dvar2": 0.0742623955011, "max": 9.79535865784, "mean": 7.33708620071, "median": 7.37842130661, "min": 4.96106910706, "var": 0.190326869488}, "spectral_flux": {"dmean": 0.0351054854691, "dmean2": 0.056359063834, "dvar": 0.0025433183182, "dvar2": 0.00613245321438, "max": 0.518276751041, "mean": 0.0783768221736, "median": 0.0617478899658, "min": 1.018497231e-10, "var": 0.00402070209384}, "spectral_kurtosis": {"dmean": 1.32948184013, "dmean2": 2.23261499405, "dvar": 8.69678878784, "dvar2": 19.4717273712, "max": 116.92742157, "mean": 4.20410633087, "median": 3.35941982269, "min": -1.1875180006, "var": 30.2338085175}, "spectral_rms": {"dmean": 0.00114107725676, "dmean2": 0.00182510272134, "dvar": 2.50287803283e-06, "dvar2": 6.01840611125e-06, "max": 0.0182265602052, "mean": 0.00602955138311, "median": 0.00621930602938, "min": 3.18125105252e-12, "var": 7.88436591392e-06}, "spectral_rolloff": {"dmean": 177.091873169, "dmean2": 289.31262207, "dvar": 378835.40625, "dvar2": 686472.125, "max": 19745.9472656, "mean": 476.826263428, "median": 344.53125, "min": 64.599609375, "var": 807521.6875}, "spectral_skewness": {"dmean": 0.191555768251, "dmean2": 0.309823662043, "dvar": 0.0622727908194, "dvar2": 0.139897286892, "max": 8.90915203094, "mean": 1.5140222311, "median": 1.4516453743, "min": 0.0348559506238, "var": 0.269185721874}, "spectral_spread": {"dmean": 570045.6875, "dmean2": 798706.0625, "dvar": 671006064640, "dvar2": 964919689216, "max": 39503576, "mean": 4823835, "median": 4660217, "min": 761809.6875, "var": 1715675856900.0}, "spectral_strongpeak": {"dmean": 0.270242154598, "dmean2": 0.456247389317, "dvar": 0.197792217135, "dvar2": 0.460482537746, "max": 6.88216781616, "mean": 0.693158209324, "median": 0.560635566711, "min": 1.51357348877e-09, "var": 0.381999522448}, "zerocrossingrate": {"dmean": 0.00765304174274, "dmean2": 0.00880652386695, "dvar": 0.000116812356282, "dvar2": 0.000140445772558, "max": 0.642578125, "mean": 0.0330149494112, "median": 0.02880859375, "min": 0.0029296875, "var": 0.000696792325471}, "barkbands": {"dmean": [0.000346273271134, 0.00953613780439, 0.00547658465803, 0.00161483755801, 0.0020271835383, 0.00232929154299, 0.000552314100787, 0.00017389410641, 6.74132970744e-05, 7.4884868809e-05, 0.000133581546834, 0.000141023905599, 0.00013052050781, 4.64986878796e-05, 0.00012227660045, 8.1038378994e-05, 9.14191914489e-05, 7.83938303357e-05, 0.000106079874968, 9.82476121862e-05, 6.94959599059e-05, 4.83563999296e-05, 3.41860177286e-05, 3.5235316318e-05, 3.09253337036e-05, 2.19008798013e-05, 7.84259282227e-06], "dmean2": [0.000562410510611, 0.0163000039756, 0.00944386981428, 0.00263111758977, 0.00316767999902, 0.00353347230703, 0.000849929463584, 0.000264704314759, 0.000112325942609, 0.000123538746266, 0.000204425261472, 0.000218523680815, 0.000202722236281, 7.35056019039e-05, 0.000184791948413, 0.000119124473713, 0.000134906746098, 0.000121761804621, 0.000157353977556, 0.000155123881996, 0.00010032922728, 7.78909670771e-05, 5.23480812262e-05, 5.24346614839e-05, 4.47341917607e-05, 3.15053257509e-05, 1.17457429951e-05], "dvar": [3.72281789396e-07, 0.000298891129205, 0.00014973639918, 9.71959343588e-06, 2.95809386444e-05, 5.23100534338e-05, 1.19422315947e-06, 2.29393592122e-07, 1.18396421556e-08, 3.22484936532e-08, 8.01008468443e-08, 6.652024922e-07, 1.81887273243e-07, 9.93492133006e-09, 8.63495301928e-08, 5.12161300037e-08, 3.8017251569e-08, 2.13285211714e-08, 9.46724156847e-08, 4.2680529333e-08, 2.11623838453e-08, 9.29943855255e-09, 5.43257039354e-09, 1.56386228412e-08, 7.86170240019e-09, 3.66989039158e-09, 6.40012431941e-10], "dvar2": [9.37768447784e-07, 0.000798611377832, 0.000422577810241, 2.34460694628e-05, 6.02474865445e-05, 9.81010452961e-05, 2.69741076409e-06, 3.76826761794e-07, 3.22229816163e-08, 8.24889170303e-08, 1.8254146994e-07, 1.10001940357e-06, 3.41394468251e-07, 2.07364063698e-08, 1.60976298957e-07, 8.90661340236e-08, 6.56585257275e-08, 4.27393906932e-08, 1.78571369247e-07, 9.27330532363e-08, 4.07382678702e-08, 2.36478019389e-08, 1.29255397496e-08, 3.72989532593e-08, 1.61003548271e-08, 6.47522213626e-09, 1.23553833831e-09], "max": [0.0111259622499, 0.17811152339, 0.171989396214, 0.0506302118301, 0.209132224321, 0.13910728693, 0.016354592517, 0.0100635755807, 0.00119390769396, 0.00304215797223, 0.00647649820894, 0.0175036732107, 0.00686897337437, 0.00224859314039, 0.0054694483988, 0.00512323295698, 0.00284747453406, 0.00413637561724, 0.00578250782564, 0.00300102354959, 0.00246148905717, 0.00113146472722, 0.00183560571168, 0.00236753141508, 0.00250192941166, 0.00257341354154, 0.000937533099204], "mean": [0.000476456654724, 0.0179245080799, 0.0107164820656, 0.00251212320291, 0.00367657816969, 0.00575680565089, 0.0013831575634, 0.000385070336051, 0.000106986852188, 0.000144238612847, 0.000314269447699, 0.000204218042199, 0.000219380293856, 6.98229850968e-05, 0.000233346407185, 0.000144347126479, 0.000171967069036, 0.000161599557032, 0.000178890462848, 0.000174572836841, 0.000135914262501, 7.87081662565e-05, 5.52476958546e-05, 4.91126156703e-05, 4.05422324548e-05, 2.4217993996e-05, 7.33584874979e-06], "median": [0.000189822341781, 0.0120787732303, 0.00631634611636, 0.00106672989205, 0.00193763803691, 0.0016941325739, 0.000359557074262, 0.000147010548972, 6.49039429845e-05, 7.09635642124e-05, 0.000143499797559, 6.8599023507e-05, 9.50767353061e-05, 3.32703712047e-05, 9.5298193628e-05, 5.81343847443e-05, 8.8860761025e-05, 0.000103484904685, 9.22562248888e-05, 8.96155615919e-05, 6.89401495038e-05, 3.74425071641e-05, 2.42632431764e-05, 1.89282291103e-05, 1.27511566461e-05, 2.94005872092e-06, 3.50492797452e-07], "min": [6.14821465678e-24, 1.98795614466e-23, 2.87408912152e-23, 7.45818208763e-24, 9.05650500062e-23, 1.5983109223e-23, 5.62295446294e-23, 3.8975853434e-23, 5.52737670675e-23, 8.61836849841e-23, 1.2978903806e-22, 5.28825782025e-23, 8.11497552886e-23, 1.54730989726e-22, 1.62483435075e-22, 1.17308274041e-22, 2.14388690347e-22, 2.16261913141e-22, 2.17731592562e-22, 3.93087445318e-22, 4.14251460068e-22, 7.12103704157e-22, 7.02016937348e-22, 7.52841036661e-22, 9.96644999634e-22, 1.57063867255e-21, 2.322089446e-21], "var": [7.3293585956e-07, 0.000433814071584, 0.000202076480491, 1.62329488376e-05, 7.52555788495e-05, 0.000139107592986, 4.67908921564e-06, 6.91755815296e-07, 1.58109703108e-08, 6.02531642357e-08, 2.20285770069e-07, 9.68900621956e-07, 2.79614766896e-07, 1.62993494257e-08, 2.30533686363e-07, 1.11637497469e-07, 8.67927383297e-08, 4.5327197995e-08, 1.40828745998e-07, 7.42151442523e-08, 4.95493921449e-08, 1.5176297552e-08, 9.84259074244e-09, 1.69814438067e-08, 1.09027986639e-08, 6.29226404314e-09, 8.69529004355e-10]}, "erbbands": {"dmean": [0.202512234449, 2.48205304146, 6.83944606781, 4.80741071701, 6.81879091263, 7.03478384018, 9.53214168549, 24.7423152924, 9.61285686493, 6.16743659973, 1.91298592091, 1.76356709003, 1.84879541397, 2.94918346405, 5.3922290802, 5.51784992218, 6.28962373734, 2.85338759422, 5.62233161926, 4.29464292526, 4.18866729736, 4.32957220078, 4.71721220016, 5.52369737625, 5.29568719864, 4.05203104019, 3.05050039291, 2.52911520004, 1.74089670181, 1.20334374905, 0.900405704975, 0.670814096928, 0.66995036602, 0.385209798813, 0.223243504763, 0.109015621245, 0.0375145673752, 0.00827469304204, 0.00141326175071, 8.83534012246e-05], "dmean2": [0.352072089911, 4.24784326553, 11.7742052078, 8.03026390076, 10.9429826736, 10.9647331238, 14.5755300522, 36.645740509, 14.5900554657, 9.43940639496, 3.07200360298, 2.94243168831, 2.97253608704, 4.50352907181, 8.3250207901, 8.40031909943, 9.45581531525, 4.33760690689, 8.35488891602, 6.77903270721, 6.09940052032, 6.23698759079, 7.07817840576, 8.44439220428, 7.79996442795, 6.36861944199, 4.44220399857, 3.9135081768, 2.7428355217, 1.88828039169, 1.35846924782, 1.01065516472, 1.00055551529, 0.578235566616, 0.320052593946, 0.153585121036, 0.0551237314939, 0.0123555930331, 0.00212568277493, 0.000134681540658], "dvar": [0.129374995828, 20.7973518372, 225.847732544, 86.4090805054, 269.198364258, 563.238342285, 884.956115723, 7085.10986328, 371.531066895, 179.956283569, 17.3029994965, 8.40215015411, 14.0424404144, 57.2185592651, 152.165023804, 859.623840332, 476.801940918, 38.8768997192, 269.439666748, 60.0344161987, 97.9471893311, 91.2459030151, 93.0744857788, 203.710601807, 143.522506714, 54.495098114, 51.4253730774, 26.1285305023, 11.8713226318, 5.57622337341, 3.40183806419, 1.71051096916, 10.9101982117, 1.72045218945, 0.411949574947, 0.0948553457856, 0.0100288614631, 0.000495007785503, 2.36683245021e-05, 5.41404467924e-08], "dvar2": [0.35820376873, 55.5313911438, 631.741882324, 230.782821655, 600.413818359, 967.230651855, 1690.88317871, 12473.8779297, 803.992614746, 349.723144531, 36.1569900513, 22.9384784698, 32.6674385071, 117.120483398, 372.650726318, 1419.94995117, 806.990905762, 74.7771759033, 473.650054932, 126.692352295, 165.680358887, 145.388259888, 173.971817017, 393.099304199, 291.51965332, 122.075363159, 97.7805786133, 55.5715827942, 29.6743545532, 13.7773246765, 7.71802520752, 3.35694622993, 26.7520465851, 4.06416893005, 0.744126439095, 0.167866244912, 0.0182584524155, 0.000936598109547, 4.44330835307e-05, 1.19714812286e-07], "max": [3.83161830902, 45.6215438843, 207.518157959, 119.398834229, 431.860137939, 1239.09643555, 779.315429688, 1737.12841797, 367.899688721, 327.981719971, 86.0121688843, 34.526763916, 57.1389160156, 234.373443604, 285.406311035, 626.841308594, 328.779632568, 125.783401489, 328.501922607, 133.02885437, 160.009521484, 179.392410278, 291.946289062, 271.083648682, 150.658889771, 120.3957901, 133.414260864, 110.8279953, 51.0051689148, 36.8707542419, 43.8221931458, 41.8550453186, 63.5732536316, 26.0510044098, 22.2065258026, 13.3808422089, 3.89478492737, 0.854638159275, 0.169095352292, 0.00626717461273], "mean": [0.344595849514, 4.58662939072, 12.8866901398, 10.1501026154, 9.99419307709, 12.8941287994, 20.9180469513, 59.2022628784, 28.1184406281, 15.4959897995, 4.47980546951, 2.95547842979, 3.44923329353, 7.05177402496, 12.5094823837, 9.0550775528, 10.9533367157, 5.08244419098, 10.8179912567, 8.59935760498, 8.27671718597, 8.6103181839, 9.73746776581, 10.3799648285, 9.14518928528, 7.5441570282, 5.9897313118, 4.56856966019, 2.84989523888, 2.02813458443, 1.5110925436, 1.089874506, 0.83693754673, 0.493479013443, 0.280929982662, 0.124698117375, 0.0409501306713, 0.00829319190234, 0.00135607004631, 0.000116723320389], "median": [0.134633511305, 3.00656890869, 8.56348991394, 5.82658195496, 4.38608026505, 5.84793567657, 7.59386634827, 18.5878410339, 10.0205974579, 6.46164226532, 2.65895962715, 1.93312430382, 1.99361860752, 2.68370485306, 6.23590183258, 3.49957370758, 4.75965309143, 2.54725813866, 4.02443313599, 4.87769412994, 4.02828598022, 4.80227661133, 6.2515873909, 5.78366327286, 4.60523700714, 3.80561971664, 2.86590862274, 2.43197536469, 1.39786171913, 0.982426702976, 0.67609333992, 0.480635434389, 0.280824184418, 0.155310034752, 0.0759627521038, 0.0202875286341, 0.00446586869657, 0.000669075525366, 8.86361522134e-05, 5.70966003579e-05], "min": [6.24995789737e-22, 4.62329298542e-21, 2.74351995429e-20, 3.24481434684e-20, 5.75693149412e-20, 3.32020759452e-19, 4.53468218319e-19, 1.23856338057e-19, 5.45687120993e-19, 9.38468561588e-19, 8.09568179553e-19, 1.00066241069e-18, 2.40142443225e-18, 5.13784625924e-18, 3.18137737452e-18, 2.47522238457e-18, 4.0429457463e-18, 6.62403298041e-18, 8.30240270921e-18, 6.258874099e-18, 8.79815769291e-18, 1.38810882585e-17, 1.11125445267e-17, 1.19795911089e-17, 1.19458760543e-17, 1.76264628104e-17, 2.13648245252e-17, 1.70282474458e-17, 2.43285448311e-17, 2.37162128022e-17, 1.65840100978e-17, 1.65515498762e-17, 1.24500914413e-17, 9.20716790013e-18, 7.85974279466e-18, 5.59906769313e-18, 2.81597075252e-18, 1.33352898817e-18, 2.75165094585e-19, 3.70103547394e-20], "var": [0.21691532433, 28.5535888672, 259.855133057, 166.139587402, 375.399658203, 1949.14257812, 2478.87402344, 17177.1210938, 2273.26196289, 590.973266602, 44.538608551, 11.3546037674, 25.0079231262, 202.483779907, 371.152526855, 1328.3215332, 796.889465332, 73.8864974976, 692.539978027, 158.887298584, 229.206192017, 214.365905762, 184.343978882, 338.427856445, 244.667480469, 127.039451599, 112.636154175, 52.6606674194, 20.2457752228, 10.9563493729, 6.85810375214, 3.75165700912, 9.85313606262, 1.81931638718, 0.641115903854, 0.163118347526, 0.0167077444494, 0.000716637645382, 3.27177294821e-05, 6.39532800051e-08]}, "gfcc": {"mean": [-30.8352565765, 103.473609924, -88.1063537598, 52.7870597839, -45.6033592224, 6.97834205627, -33.9610671997, 3.75443124771, -21.1363697052, 5.25470495224, -3.39077615738, 2.10153889656, -7.93735361099], "cov": [[15007.2128906, -620.58190918, -536.362976074, 789.666564941, -37.7832794189, 659.739685059, -361.198150635, -75.9499435425, -666.0703125, -153.045761108, -299.233428955, 578.067199707, 110.469665527], [-620.58190918, 1009.25982666, -163.7290802, 164.382873535, 105.679321289, -39.6142272949, 97.592590332, -99.8573303223, 99.7655258179, -119.473190308, 120.559135437, -73.4753646851, 123.237586975], [-536.362976074, -163.7290802, 460.581695557, -81.9667358398, 138.153671265, 19.5068798065, 55.1684989929, 52.7516746521, 19.8576107025, 24.4755306244, -19.592546463, -7.98804473877, -44.4195747375], [789.666564941, 164.382873535, -81.9667358398, 339.657714844, 31.4364509583, 101.074928284, 72.4855651855, 11.8706712723, 41.3018379211, -45.1321563721, 26.3234920502, -10.9085845947, 43.224822998], [-37.7832794189, 105.679321289, 138.153671265, 31.4364509583, 203.98739624, 49.9726448059, 93.058013916, 27.9559364319, 30.2960338593, -7.35709810257, 3.66054034233, -27.2357845306, -4.3320555687], [659.739685059, -39.6142272949, 19.5068798065, 101.074928284, 49.9726448059, 155.864364624, 53.2435035706, 37.7861671448, -15.7811050415, -20.7918357849, -3.20683717728, 19.3184223175, 4.63417291641], [-361.198150635, 97.592590332, 55.1684989929, 72.4855651855, 93.058013916, 53.2435035706, 161.085540771, 56.2350883484, 75.7223815918, -14.8514871597, 20.2090950012, -34.3750495911, 2.17454218864], [-75.9499435425, -99.8573303223, 52.7516746521, 11.8706712723, 27.9559364319, 37.7861671448, 56.2350883484, 98.0820465088, 41.4371261597, 32.1287574768, 2.16199040413, -6.83476161957, -23.3216934204], [-666.0703125, 99.7655258179, 19.8576107025, 41.3018379211, 30.2960338593, -15.7811050415, 75.7223815918, 41.4371261597, 125.995407104, 31.1548709869, 52.8097457886, -28.9436264038, 8.64535236359], [-153.045761108, -119.473190308, 24.4755306244, -45.1321563721, -7.35709810257, -20.7918357849, -14.8514871597, 32.1287574768, 31.1548709869, 93.8880615234, 30.6739406586, 23.8773822784, -4.95445156097], [-299.233428955, 120.559135437, -19.592546463, 26.3234920502, 3.66054034233, -3.20683717728, 20.2090950012, 2.16199040413, 52.8097457886, 30.6739406586, 106.717689514, 23.8761730194, 36.8920936584], [578.067199707, -73.4753646851, -7.98804473877, -10.9085845947, -27.2357845306, 19.3184223175, -34.3750495911, -6.83476161957, -28.9436264038, 23.8773822784, 23.8761730194, 99.3768234253, 33.3198928833], [110.469665527, 123.237586975, -44.4195747375, 43.224822998, -4.3320555687, 4.63417291641, 2.17454218864, -23.3216934204, 8.64535236359, -4.95445156097, 36.8920936584, 33.3198928833, 83.2540664673]], "icov": [[0.000214104249608, -6.80173397996e-05, 0.000231556798099, -0.000585812202189, -0.000347677792888, -0.000340527127264, 0.000425273319706, -0.000221576585318, 0.000613743148278, -0.000126054321299, 0.000707106373738, -0.00130305276252, 0.000308904185658], [-6.80173397996e-05, 0.00304730585776, 0.000878483464476, 8.48692652653e-05, -0.00200123037212, 0.00125000474509, -6.47461929475e-05, 0.00168510072399, -0.00173993338831, 0.00404053274542, -0.00327020417899, 0.00225326861255, -0.00272743892856], [0.000231556798099, 0.000878483464476, 0.00377940875478, 0.000189992249943, -0.00331123895012, -3.75525196432e-05, 0.000558259664103, -0.000520703324582, -0.000389156659367, 0.0010951460572, 0.00038132967893, -0.00179677107371, 0.000635254080407], [-0.000585812202189, 8.48692652653e-05, 0.000189992249943, 0.00655460450798, 0.000943850027397, -0.00253953761421, -0.00110850832425, 0.000874918594491, -0.00407332694158, 0.00204972899519, -0.00189653318375, 0.004249564372, -0.00250091846101], [-0.000347677792888, -0.00200123037212, -0.00331123895012, 0.000943850027397, 0.010740022175, -0.00192779279314, -0.00521788839251, 0.00108729302883, 0.00126119307242, -0.0039612040855, 0.000691062770784, 0.00298514962196, 0.000406328996178], [-0.000340527127264, 0.00125000474509, -3.75525196432e-05, -0.00253953761421, -0.00192779279314, 0.0136667601764, -0.003709431272, -0.00425734184682, 0.00420827325433, 0.00336951669306, -0.00315860612318, -0.000766009034123, -0.000587012385949], [0.000425273319706, -6.47461929475e-05, 0.000558259664103, -0.00110850832425, -0.00521788839251, -0.003709431272, 0.0174663215876, -0.00618276791647, -0.00715254014358, 0.00594439404085, 0.000848873285577, -0.00118749507237, -0.000652675284073], [-0.000221576585318, 0.00168510072399, -0.000520703324582, 0.000874918594491, 0.00108729302883, -0.00425734184682, -0.00618276791647, 0.0218420121819, -0.00579336984083, -0.00556002324447, 0.00083539984189, 0.00154597649816, 0.00292293727398], [0.000613743148278, -0.00173993338831, -0.000389156659367, -0.00407332694158, 0.00126119307242, 0.00420827325433, -0.00715254014358, -0.00579336984083, 0.0243067443371, -0.00830309279263, -0.00382845033891, 0.00123061984777, 0.000249473116128], [-0.000126054321299, 0.00404053274542, 0.0010951460572, 0.00204972899519, -0.0039612040855, 0.00336951669306, 0.00594439404085, -0.00556002324447, -0.00830309279263, 0.025444349274, -0.00820008385926, -0.00207145814784, -0.00156099465676], [0.000707106373738, -0.00327020417899, 0.00038132967893, -0.00189653318375, 0.000691062770784, -0.00315860612318, 0.000848873285577, 0.00083539984189, -0.00382845033891, -0.00820008385926, 0.0218535363674, -0.00984166562557, -0.000321254628943], [-0.00130305276252, 0.00225326861255, -0.00179677107371, 0.004249564372, 0.00298514962196, -0.000766009034123, -0.00118749507237, 0.00154597649816, 0.00123061984777, -0.00207145814784, -0.00984166562557, 0.0271578151733, -0.0108683854342], [0.000308904185658, -0.00272743892856, 0.000635254080407, -0.00250091846101, 0.000406328996178, -0.000587012385949, -0.000652675284073, 0.00292293727398, 0.000249473116128, -0.00156099465676, -0.000321254628943, -0.0108683854342, 0.0225392002612]]}, "melbands": {"dmean": [0.00218656263314, 0.00351567729376, 0.000895984936506, 0.000506985350512, 0.000319169135764, 0.000503225659486, 0.000142397009768, 6.24867243459e-05, 1.32414888867e-05, 1.07875657704e-05, 9.2934424174e-06, 1.17317540571e-05, 1.69942795765e-05, 1.17859963211e-05, 1.75765544554e-05, 1.45941767187e-05, 4.436342806e-06, 8.53005167301e-06, 8.15409748611e-06, 6.30043268757e-06, 4.63650349047e-06, 4.36970458395e-06, 5.90848185311e-06, 3.50916616298e-06, 4.92545768793e-06, 3.83644055546e-06, 4.10392476624e-06, 2.58577233581e-06, 2.36466689785e-06, 1.39712778946e-06, 1.75986122031e-06, 1.16589399113e-06, 7.60110992815e-07, 6.77365449064e-07, 5.24188749296e-07, 5.72063413529e-07, 3.56552959602e-07, 4.5586287456e-07, 3.95168825662e-07, 3.4178967212e-07], "dmean2": [0.00376730272546, 0.00600912282243, 0.00148692633957, 0.000787546567153, 0.000492388673592, 0.000751483661588, 0.000215520441998, 9.5413030067e-05, 2.1715522962e-05, 1.79391081474e-05, 1.4968596588e-05, 1.79753642442e-05, 2.62240810116e-05, 1.79729086085e-05, 2.67942014034e-05, 2.25678068091e-05, 7.08246716385e-06, 1.26139893837e-05, 1.2617106222e-05, 9.61654859566e-06, 6.8480067057e-06, 6.44781630399e-06, 8.92875596037e-06, 5.36054130862e-06, 7.615017239e-06, 5.64718129681e-06, 6.41769474896e-06, 4.17989531343e-06, 3.4033475913e-06, 2.18426885112e-06, 2.7630085242e-06, 1.87870170976e-06, 1.19663388887e-06, 1.08738322524e-06, 8.04906619578e-07, 8.66469065386e-07, 5.52128540221e-07, 6.8714120971e-07, 5.92673472966e-07, 5.25413383912e-07], "dvar": [1.53105538629e-05, 4.99960224261e-05, 2.84720272248e-06, 1.99793112188e-06, 7.60389468724e-07, 2.68674034487e-06, 7.84558551459e-08, 1.9483293201e-08, 6.93672952412e-10, 3.16843801196e-10, 3.93485299899e-10, 9.26552112812e-10, 1.26863408667e-09, 9.24967769045e-10, 1.49991983278e-08, 3.01482017129e-09, 9.20764159362e-11, 5.77873748853e-10, 3.11984771351e-10, 3.63009899917e-10, 1.04815697788e-10, 1.29314031705e-10, 1.74961919952e-10, 3.49917247955e-11, 1.80122278204e-10, 1.30246979868e-10, 9.23230519811e-11, 2.67088851036e-11, 4.01552818774e-11, 7.48481745333e-12, 1.71442686436e-11, 5.88526796741e-12, 2.50835420143e-12, 2.13068278299e-12, 1.37417551296e-12, 1.37496654687e-12, 4.60177414837e-13, 4.4334475327e-12, 3.34939367908e-12, 1.91968272875e-12], "dvar2": [4.16685543314e-05, 0.000136963892146, 7.2856441875e-06, 4.02955765821e-06, 1.45602177781e-06, 4.84580323246e-06, 1.70683691181e-07, 3.5998795056e-08, 1.56847768107e-09, 8.58102144896e-10, 9.05540697982e-10, 1.99140193224e-09, 3.12714432127e-09, 1.77220038644e-09, 2.5389276459e-08, 5.19689979939e-09, 1.99323668681e-10, 1.00908381651e-09, 6.2622468322e-10, 6.77064904142e-10, 1.81491807694e-10, 2.04950098559e-10, 3.30996147158e-10, 6.94910518018e-11, 3.49880513451e-10, 2.51476534041e-10, 1.94154886612e-10, 6.09065853308e-11, 7.3738827544e-11, 1.71106861319e-11, 3.57185704625e-11, 1.51873617849e-11, 6.0211280406e-12, 5.53535472667e-12, 3.25880923809e-12, 2.82915964961e-12, 9.4687799268e-13, 1.07948806144e-11, 8.16210293797e-12, 4.77368188381e-12], "max": [0.0407523661852, 0.0906023308635, 0.0227294526994, 0.054639428854, 0.0218057259917, 0.0336281396449, 0.00522490078583, 0.00293467473239, 0.000514765153639, 0.000211799968383, 0.000309304305119, 0.000863565655891, 0.000796545122284, 0.000491997809149, 0.00265358178876, 0.000947488180827, 0.000216476051719, 0.000476314045954, 0.000289227755275, 0.000477149733342, 0.000167035163031, 0.000227986922255, 0.000215684645809, 0.000171473686351, 0.000254827580648, 0.000205739939702, 0.000168856087839, 8.93844699021e-05, 0.000122992132674, 6.52272501611e-05, 9.34565832722e-05, 3.19953760481e-05, 2.29880806728e-05, 2.39829405473e-05, 2.57096708083e-05, 4.05294522352e-05, 1.91350391106e-05, 4.06223298342e-05, 3.56911878043e-05, 3.09895003738e-05], "mean": [0.00410080282018, 0.00683677569032, 0.00184212776367, 0.000817619380541, 0.000726432714146, 0.00123990513384, 0.000401855329983, 0.000152178923599, 2.84310790448e-05, 1.72811760422e-05, 1.64651573868e-05, 2.61814002442e-05, 3.88555890822e-05, 2.41626639763e-05, 2.57568317465e-05, 2.36364194279e-05, 6.77817160977e-06, 1.54304962052e-05, 1.51207841554e-05, 1.10255386971e-05, 8.71456904861e-06, 8.1040443547e-06, 1.08049589471e-05, 7.49012269807e-06, 8.63274362928e-06, 6.2955168687e-06, 6.74974307913e-06, 4.57643227492e-06, 4.17468709202e-06, 2.82891005554e-06, 2.70617897513e-06, 1.70702776359e-06, 1.28014141865e-06, 1.03139427665e-06, 8.35274761357e-07, 9.06274067347e-07, 5.53058896458e-07, 5.71417956508e-07, 4.95088784191e-07, 4.07937733371e-07], "median": [0.00240762578323, 0.00531975924969, 0.00116998935118, 0.000384677376132, 0.000311665877234, 0.000385100283893, 0.000124499580124, 5.46080846107e-05, 1.67090001923e-05, 1.04741466203e-05, 8.98070720723e-06, 7.65458389651e-06, 1.91004164662e-05, 1.19574015116e-05, 7.18109049558e-06, 9.09814662009e-06, 3.13723830914e-06, 5.4091151469e-06, 6.17373552814e-06, 5.04259332956e-06, 4.13233647123e-06, 4.29841384175e-06, 5.57765270059e-06, 5.02309967487e-06, 4.57221995021e-06, 3.00839883494e-06, 3.51481389771e-06, 2.09150152841e-06, 1.68966016645e-06, 1.70067050931e-06, 1.17488286833e-06, 7.84745395777e-07, 6.21414756097e-07, 4.66134707722e-07, 3.64081074622e-07, 3.84779013984e-07, 2.43413524004e-07, 1.9187338296e-07, 1.59940810818e-07, 1.21814508702e-07], "min": [5.80204395334e-24, 1.1791820236e-23, 6.44958003296e-24, 1.10298926198e-23, 1.89583691245e-23, 2.45796258799e-24, 9.82804962011e-24, 1.03399343618e-23, 5.51958796749e-24, 7.77322157874e-24, 1.14655205444e-23, 1.93481863185e-23, 1.48076386321e-23, 3.18986103053e-24, 1.04129544826e-23, 7.6567541547e-24, 1.33824067901e-23, 1.27227210693e-23, 1.35122864273e-23, 4.08902421461e-24, 1.16368082793e-23, 1.47803109127e-23, 9.38499614788e-24, 1.167277797e-23, 9.4896235586e-24, 7.92685618434e-24, 8.5796993257e-24, 1.31780066187e-23, 1.50575702773e-23, 8.39436986665e-24, 1.05905680931e-23, 1.43582924165e-23, 1.2815750647e-23, 1.45653131838e-23, 8.90046673584e-24, 1.07182239314e-23, 1.0057129305e-23, 9.0795468388e-24, 6.94664838909e-24, 8.20509610308e-24], "var": [2.36770138144e-05, 5.73599863856e-05, 4.82876203023e-06, 4.94773712489e-06, 2.29298393606e-06, 6.89158150635e-06, 4.47149517413e-07, 6.38545856191e-08, 1.60260360538e-09, 4.29119545453e-10, 6.75118905225e-10, 3.13313308631e-09, 3.10729686426e-09, 1.7028413124e-09, 2.2988791315e-08, 4.55959536794e-09, 1.52197490721e-10, 1.49800660765e-09, 9.00731877973e-10, 7.44937667108e-10, 2.38395692076e-10, 2.58776500228e-10, 3.34352157072e-10, 8.18093370825e-11, 2.80565765065e-10, 2.00827784957e-10, 1.3501255669e-10, 6.00237151649e-11, 8.02557117985e-11, 1.73827705702e-11, 2.96472985051e-11, 8.32440713583e-12, 4.61147049366e-12, 3.36996619846e-12, 2.39636522431e-12, 2.96446222604e-12, 9.02849951918e-13, 4.13560592022e-12, 3.13750891587e-12, 1.70614260567e-12]}, "mfcc": {"mean": [-677.169189453, 124.975906372, 21.4189968109, 47.4942054749, 14.3144264221, 10.5273113251, 4.75299692154, 0.925959050655, -5.71521043777, -2.21073126793, -0.593381762505, 5.60156011581, 5.43033409119], "cov": [[11613.3115234, 194.490707397, -456.780273438, 345.554626465, 192.760772705, 324.630523682, 205.234542847, 145.240280151, -131.083953857, -391.724517822, -401.632293701, -118.082389832, 22.3627109528], [194.490707397, 752.675109863, -73.6341018677, 106.464752197, 70.5363006592, 53.411693573, 37.9030418396, 15.2157316208, -23.0405750275, -31.9746170044, -29.9403076172, -32.502746582, -36.1490707397], [-456.780273438, -73.6341018677, 231.555236816, -2.38793110847, 38.3041954041, 8.80996990204, 16.3507270813, 22.9391345978, 20.1981964111, 23.691778183, 31.9941577911, 8.14795875549, 6.06734704971], [345.554626465, 106.464752197, -2.38793110847, 198.732131958, 40.4338607788, 64.0210266113, 25.6845226288, 49.7340621948, 29.13788414, 33.5986175537, 4.93356895447, 2.17967963219, 7.52668714523], [192.760772705, 70.5363006592, 38.3041954041, 40.4338607788, 109.233512878, 46.3637084961, 47.9463157654, 26.7728996277, 13.5684556961, 8.32100296021, 11.1776895523, -0.134388104081, -1.3012291193], [324.630523682, 53.411693573, 8.80996990204, 64.0210266113, 46.3637084961, 105.656364441, 56.5813560486, 55.2453193665, 22.6383495331, 8.71972942352, 4.25502920151, -4.77788925171, -5.05786418915], [205.234542847, 37.9030418396, 16.3507270813, 25.6845226288, 47.9463157654, 56.5813560486, 106.313545227, 63.1797370911, 32.8930473328, 21.8991603851, 20.2208919525, 11.3510904312, -8.37850189209], [145.240280151, 15.2157316208, 22.9391345978, 49.7340621948, 26.7728996277, 55.2453193665, 63.1797370911, 113.504348755, 50.9455375671, 30.1766700745, 22.5456790924, 12.6633415222, 5.0209441185], [-131.083953857, -23.0405750275, 20.1981964111, 29.13788414, 13.5684556961, 22.6383495331, 32.8930473328, 50.9455375671, 84.509147644, 50.5749702454, 25.1621074677, 15.071600914, -0.385348916054], [-391.724517822, -31.9746170044, 23.691778183, 33.5986175537, 8.32100296021, 8.71972942352, 21.8991603851, 30.1766700745, 50.5749702454, 97.0165328979, 49.6034889221, 17.4396133423, 5.45451116562], [-401.632293701, -29.9403076172, 31.9941577911, 4.93356895447, 11.1776895523, 4.25502920151, 20.2208919525, 22.5456790924, 25.1621074677, 49.6034889221, 77.491027832, 40.788356781, 13.2284622192], [-118.082389832, -32.502746582, 8.14795875549, 2.17967963219, -0.134388104081, -4.77788925171, 11.3510904312, 12.6633415222, 15.071600914, 17.4396133423, 40.788356781, 76.9351425171, 35.2031860352], [22.3627109528, -36.1490707397, 6.06734704971, 7.52668714523, -1.3012291193, -5.05786418915, -8.37850189209, 5.0209441185, -0.385348916054, 5.45451116562, 13.2284622192, 35.2031860352, 63.34815979]], "icov": [[0.000158992173965, 0.000115643444587, 0.000286178023089, -0.000263462454313, -0.000234596300288, -0.000167286983924, -0.000313419586746, -0.000148243852891, 0.000127585837618, 0.000472767744213, 0.000659110606648, -7.35587673262e-05, -0.000170810715645], [0.000115643444587, 0.00178251869511, 0.000797381333541, -0.00109571497887, -0.00115124695003, 2.82058445009e-05, -0.000526636256836, -0.000183420866961, 0.000678836076986, 0.00088179204613, 0.000427540508099, 8.39212007122e-05, 0.000745947589166], [0.000286178023089, 0.000797381333541, 0.00568474223837, -0.000189490398043, -0.00270623783581, 9.29521920625e-05, -5.57443308935e-06, -0.00108723854646, -5.78944200242e-05, 0.00097065162845, -0.000773031730205, 0.000785458018072, -0.000489683880005], [-0.000263462454313, -0.00109571497887, -0.000189490398043, 0.00823568366468, -0.000959045137279, -0.00368752330542, 0.00307093607262, -0.00165303819813, -0.000194054504391, -0.00428594648838, 0.00110322551336, -0.000736940593924, -0.000722557480913], [-0.000234596300288, -0.00115124695003, -0.00270623783581, -0.000959045137279, 0.0145970676094, -0.00290170009248, -0.00474572600797, 0.00268319505267, -0.000841253669932, 0.000481700611999, -0.00264559686184, 0.00166713702492, -0.00139375275467], [-0.000167286983924, 2.82058445009e-05, 9.29521920625e-05, -0.00368752330542, -0.00290170009248, 0.0184642486274, -0.00530159333721, -0.00398953864351, -0.000250823184615, 0.00191287067719, -0.00127517443616, 0.00264729559422, 0.000162942757015], [-0.000313419586746, -0.000526636256836, -5.57443308935e-06, 0.00307093607262, -0.00474572600797, -0.00530159333721, 0.0203721020371, -0.00713783176616, -0.000433404464275, -0.00273882364854, -0.00120635097846, -0.00380149902776, 0.00478281686082], [-0.000148243852891, -0.000183420866961, -0.00108723854646, -0.00165303819813, 0.00268319505267, -0.00398953864351, -0.00713783176616, 0.018836773932, -0.00766793033108, 0.00135952979326, -0.0027777433861, 0.00156187743414, -0.00290386984125], [0.000127585837618, 0.000678836076986, -5.78944200242e-05, -0.000194054504391, -0.000841253669932, -0.000250823184615, -0.000433404464275, -0.00766793033108, 0.022817492485, -0.00999499764293, 0.00397980865091, -0.0040129176341, 0.00328241451643], [0.000472767744213, 0.00088179204613, 0.00097065162845, -0.00428594648838, 0.000481700611999, 0.00191287067719, -0.00273882364854, 0.00135952979326, -0.00999499764293, 0.0241399407387, -0.0117061752826, 0.00504957791418, -0.00205574859865], [0.000659110606648, 0.000427540508099, -0.000773031730205, 0.00110322551336, -0.00264559686184, -0.00127517443616, -0.00120635097846, -0.0027777433861, 0.00397980865091, -0.0117061752826, 0.0315231196582, -0.0139996930957, 0.0020879234653], [-7.35587673262e-05, 8.39212007122e-05, 0.000785458018072, -0.000736940593924, 0.00166713702492, 0.00264729559422, -0.00380149902776, 0.00156187743414, -0.0040129176341, 0.00504957791418, -0.0139996930957, 0.0260153785348, -0.0122875450179], [-0.000170810715645, 0.000745947589166, -0.000489683880005, -0.000722557480913, -0.00139375275467, 0.000162942757015, 0.00478281686082, -0.00290386984125, 0.00328241451643, -0.00205574859865, 0.0020879234653, -0.0122875450179, 0.0238408967853]]}, "spectral_contrast_coeffs": {"dmean": [0.0471841916442, 0.0428384542465, 0.0328455492854, 0.0273000076413, 0.0217916574329, 0.0200799312443], "dmean2": [0.0773241221905, 0.0680584535003, 0.0519125573337, 0.0431525893509, 0.03466681391, 0.0318086408079], "dvar": [0.00162193051074, 0.00164963630959, 0.000818543659989, 0.000648252724204, 0.00044492885354, 0.0003722802212], "dvar2": [0.00416991114616, 0.00382979190908, 0.00192241661716, 0.00148099754006, 0.00087667995831, 0.000820926157758], "max": [-0.294372200966, -0.375788986683, -0.585271239281, -0.549956142902, -0.562728762627, -0.639590382576], "mean": [-0.637389719486, -0.665303587914, -0.787352442741, -0.793101489544, -0.787572026253, -0.757184207439], "median": [-0.633475124836, -0.671344995499, -0.790341854095, -0.798279881477, -0.793019771576, -0.755755066872], "min": [-0.967842698097, -0.954042315483, -0.968731284142, -0.950330555439, -0.957460165024, -0.962207496166], "var": [0.00737857120112, 0.00913299340755, 0.00276716426015, 0.00252926396206, 0.00210478086956, 0.00165873591322]}, "spectral_contrast_valleys": {"dmean": [0.416210770607, 0.327823251486, 0.346018999815, 0.310647398233, 0.266796886921, 0.368574380875], "dmean2": [0.669261395931, 0.515404462814, 0.531595647335, 0.464966356754, 0.390061169863, 0.481860160828], "dvar": [0.173067390919, 0.127228662372, 0.134605377913, 0.139173209667, 0.131118729711, 0.197137773037], "dvar2": [0.354468822479, 0.209973096848, 0.228734835982, 0.209473624825, 0.18924613297, 0.336506098509], "max": [-5.00944137573, -5.51683807373, -6.14069414139, -6.3