{"lowlevel": {"average_loudness": 0.535278975964, "barkbands_crest": {"dmean": 2.24742674828, "dmean2": 3.36807107925, "dvar": 7.71514797211, "dvar2": 15.864066124, "max": 26.4621772766, "mean": 12.8477859497, "median": 12.1215267181, "min": 2.79259943962, "var": 26.4667053223}, "barkbands_flatness_db": {"dmean": 0.0279677174985, "dmean2": 0.0386826656759, "dvar": 0.00126742641442, "dvar2": 0.00228672870435, "max": 0.56257879734, "mean": 0.215551525354, "median": 0.192991927266, "min": 0.0246810317039, "var": 0.0122043406591}, "barkbands_kurtosis": {"dmean": 8.31430244446, "dmean2": 12.957983017, "dvar": 2253.22387695, "dvar2": 5855.33496094, "max": 1871.10510254, "mean": 12.3828201294, "median": 4.49300146103, "min": -1.81234431267, "var": 1826.85449219}, "barkbands_skewness": {"dmean": 0.682532131672, "dmean2": 0.98374414444, "dvar": 1.61621570587, "dvar2": 3.52494740486, "max": 34.968120575, "mean": 2.22828221321, "median": 1.88467144966, "min": -4.77417516708, "var": 4.75279283524}, "barkbands_spread": {"dmean": 4.58541965485, "dmean2": 6.75527667999, "dvar": 66.5666046143, "dvar2": 152.118484497, "max": 94.7883682251, "mean": 14.2889165878, "median": 9.33520126343, "min": 0.127367794514, "var": 198.649917603}, "dissonance": {"dmean": 0.0229244194925, "dmean2": 0.0386466011405, "dvar": 0.000798215158284, "dvar2": 0.00216622720473, "max": 0.5, "mean": 0.438810050488, "median": 0.457912117243, "min": 0.176871478558, "var": 0.00328026106581}, "dynamic_complexity": 6.86309242249, "erbbands_crest": {"dmean": 2.07075452805, "dmean2": 3.30766797066, "dvar": 4.84379339218, "dvar2": 12.3129816055, "max": 32.307346344, "mean": 9.33878898621, "median": 8.07813453674, "min": 2.6300508976, "var": 24.0750331879}, "erbbands_flatness_db": {"dmean": 0.0205423906446, "dmean2": 0.0291428938508, "dvar": 0.000697234820109, "dvar2": 0.00116333470214, "max": 0.52040797472, "mean": 0.197599366307, "median": 0.1438678056, "min": 0.0311977528036, "var": 0.013534992002}, "erbbands_kurtosis": {"dmean": 1.02805793285, "dmean2": 1.63216161728, "dvar": 5.5749297142, "dvar2": 13.1525850296, "max": 79.6238174438, "mean": 0.947389662266, "median": -0.121041297913, "min": -1.75963330269, "var": 15.909283638}, "erbbands_skewness": {"dmean": 0.3402351439, "dmean2": 0.503535211086, "dvar": 0.151254311204, "dvar2": 0.351648002863, "max": 6.79127979279, "mean": 0.253060609102, "median": 0.184455871582, "min": -3.90800046921, "var": 0.596475243568}, "erbbands_spread": {"dmean": 7.46333169937, "dmean2": 10.8837366104, "dvar": 120.553657532, "dvar2": 262.829772949, "max": 180.119232178, "mean": 34.380153656, "median": 32.231803894, "min": 0.87397736311, "var": 572.348388672}, "hfc": {"dmean": 8.55916309357, "dmean2": 13.2016935349, "dvar": 815.293334961, "dvar2": 2063.82080078, "max": 593.42767334, "mean": 15.6026535034, "median": 8.16167831421, "min": 2.17939145841e-06, "var": 996.393920898}, "melbands_crest": {"dmean": 2.82447147369, "dmean2": 4.17646074295, "dvar": 11.2931432724, "dvar2": 23.8594036102, "max": 36.007900238, "mean": 18.2832622528, "median": 17.6708068848, "min": 3.89550757408, "var": 55.1600723267}, "melbands_flatness_db": {"dmean": 0.0317889451981, "dmean2": 0.0430685319006, "dvar": 0.00164019095246, "dvar2": 0.00306417886168, "max": 0.724564611912, "mean": 0.30727404356, "median": 0.283754050732, "min": 0.0332257375121, "var": 0.0166123770177}, "melbands_kurtosis": {"dmean": 12.6149158478, "dmean2": 18.369764328, "dvar": 946.485351562, "dvar2": 2112.78759766, "max": 899.929260254, "mean": 26.5626068115, "median": 12.72884655, "min": -1.85640799999, "var": 1818.95837402}, "melbands_skewness": {"dmean": 0.801684856415, "dmean2": 1.16381347179, "dvar": 1.28953111172, "dvar2": 2.8091609478, "max": 19.2507896423, "mean": 3.27734708786, "median": 2.92585611343, "min": -6.53233575821, "var": 7.73183202744}, "melbands_spread": {"dmean": 4.22223472595, "dmean2": 6.43754768372, "dvar": 88.0952911377, "dvar2": 210.759277344, "max": 239.055633545, "mean": 13.7149333954, "median": 9.22293567657, "min": 0.215065762401, "var": 250.063247681}, "pitch_salience": {"dmean": 0.0712985992432, "dmean2": 0.10784394294, "dvar": 0.00777166429907, "dvar2": 0.0179854296148, "max": 0.893965363503, "mean": 0.487569540739, "median": 0.497087299824, "min": 0.043702300638, "var": 0.0229830089957}, "silence_rate_20dB": {"dmean": 0.00282921805046, "dmean2": 0.00565916392952, "dvar": 0.00282097584568, "dvar2": 0.00845578499138, "max": 1, "mean": 0.998585581779, "median": 1, "min": 0, "var": 0.00141236558557}, "silence_rate_30dB": {"dmean": 0.0516975298524, "dmean2": 0.103408358991, "dvar": 0.049029931426, "dvar2": 0.095024138689, "max": 1, "mean": 0.885945737362, "median": 1, "min": 0, "var": 0.101042814553}, "silence_rate_60dB": {"dmean": 0.0169753078371, "dmean2": 0.0339549854398, "dvar": 0.0166888386011, "dvar2": 0.0371812395751, "max": 1, "mean": 0.242638543248, "median": 0, "min": 0, "var": 0.183758601546}, "spectral_centroid": {"dmean": 187.934921265, "dmean2": 284.292022705, "dvar": 92529.578125, "dvar2": 228392.890625, "max": 5114.89697266, "mean": 1096.41491699, "median": 886.366027832, "min": 108.420402527, "var": 534302}, "spectral_complexity": {"dmean": 2.89634776115, "dmean2": 4.31112527847, "dvar": 23.7812213898, "dvar2": 46.5199737549, "max": 59, "mean": 13.6537227631, "median": 13, "min": 0, "var": 117.544448853}, "spectral_decrease": {"dmean": 3.65716545936e-09, "dmean2": 5.4569411212e-09, "dvar": 8.03356222725e-17, "dvar2": 1.85148485017e-16, "max": -1.01897666508e-16, "mean": -1.099838709e-08, "median": -5.10740871817e-09, "min": -1.08996104586e-07, "var": 2.02343227377e-16}, "spectral_energy": {"dmean": 0.0143725443631, "dmean2": 0.0215164218098, "dvar": 0.00120402500033, "dvar2": 0.00279823178425, "max": 0.421693921089, "mean": 0.0429255068302, "median": 0.0205795373768, "min": 5.82262682514e-10, "var": 0.00302211893722}, "spectral_energyband_high": {"dmean": 0.000688079162501, "dmean2": 0.00105786323547, "dvar": 7.28543773221e-06, "dvar2": 1.86565885087e-05, "max": 0.0705915912986, "mean": 0.000800111040007, "median": 7.05643033143e-05, "min": 5.04301982118e-11, "var": 7.60511193221e-06}, "spectral_energyband_low": {"dmean": 0.00993243418634, "dmean2": 0.014806159772, "dvar": 0.000665188534185, "dvar2": 0.00158479216043, "max": 0.269763082266, "mean": 0.0310044549406, "median": 0.00903420243412, "min": 7.23065650323e-13, "var": 0.00178067071829}, "spectral_energyband_middle_high": {"dmean": 0.00107800506521, "dmean2": 0.00173816760071, "dvar": 7.90563717601e-06, "dvar2": 2.10166290344e-05, "max": 0.0565912649035, "mean": 0.00252500385977, "median": 0.00166599138174, "min": 5.26762133912e-10, "var": 1.17718063848e-05}, "spectral_energyband_middle_low": {"dmean": 0.0064961258322, "dmean2": 0.00941414851695, "dvar": 0.000558176368941, "dvar2": 0.00106852990575, "max": 0.304608434439, "mean": 0.0113729741424, "median": 0.0050632217899, "min": 1.31966508034e-12, "var": 0.000906378496438}, "spectral_entropy": {"dmean": 0.195388004184, "dmean2": 0.284135907888, "dvar": 0.0644656643271, "dvar2": 0.129602015018, "max": 8.62114715576, "mean": 6.98324298859, "median": 7.19738006592, "min": 4.05831193924, "var": 0.695591628551}, "spectral_flux": {"dmean": 0.0271946229041, "dmean2": 0.0448281504214, "dvar": 0.00284640071914, "dvar2": 0.00711381435394, "max": 0.511125743389, "mean": 0.0610066391528, "median": 0.0330586135387, "min": 7.02969773556e-05, "var": 0.00593085447326}, "spectral_kurtosis": {"dmean": 10.3944063187, "dmean2": 17.1536655426, "dvar": 563.205932617, "dvar2": 1449.57519531, "max": 447.017028809, "mean": 32.9360694885, "median": 5.84263706207, "min": -0.8996052742, "var": 4513.31201172}, "spectral_rms": {"dmean": 0.00083408417413, "dmean2": 0.0012225639075, "dvar": 2.65416679213e-06, "dvar2": 6.18886224402e-06, "max": 0.0202832128853, "mean": 0.00514873024076, "median": 0.00448080338538, "min": 7.53698316203e-07, "var": 1.53693963512e-05}, "spectral_rolloff": {"dmean": 383.133575439, "dmean2": 656.442077637, "dvar": 1332082.625, "dvar2": 3328439.75, "max": 15568.5058594, "mean": 1100.86279297, "median": 538.330078125, "min": 43.06640625, "var": 3560155.5}, "spectral_skewness": {"dmean": 0.590324878693, "dmean2": 0.95356464386, "dvar": 0.842610061169, "dvar2": 2.17812037468, "max": 17.5964622498, "mean": 3.23655200005, "median": 1.90527141094, "min": 0.51639354229, "var": 9.8893327713}, "spectral_spread": {"dmean": 753183.5, "dmean2": 1065130.375, "dvar": 1523068698620.0, "dvar2": 2870464217090.0, "max": 17394832, "mean": 3904399, "median": 3676218, "min": 239989.09375, "var": 6158097055740.0}, "spectral_strongpeak": {"dmean": 0.279873907566, "dmean2": 0.468755334616, "dvar": 3.51171112061, "dvar2": 8.74896526337, "max": 43.442527771, "mean": 0.524305105209, "median": 0.275484979153, "min": 0, "var": 3.27081108093}, "zerocrossingrate": {"dmean": 0.00949178356677, "dmean2": 0.0108811045066, "dvar": 0.000215451669646, "dvar2": 0.000273076584563, "max": 0.3955078125, "mean": 0.0463268198073, "median": 0.02880859375, "min": 0.001953125, "var": 0.00263875070959}, "barkbands": {"dmean": [0.000620210368652, 0.0078297778964, 0.00157557986677, 0.00457078777254, 0.00170768483076, 0.000719968345948, 0.000412660418078, 0.000286022084765, 0.000212997285416, 0.000230620309594, 0.000210000638617, 0.000114142589155, 0.000170312894625, 0.000130068176077, 0.00016114936443, 0.00013514632883, 0.000133730878588, 0.000134753412567, 0.000131346445414, 0.000124181693536, 0.000131441585836, 0.00011211437959, 8.83273387444e-05, 0.000114158792712, 6.59546058159e-05, 0.000109763241198, 4.51811029052e-05], "dmean2": [0.00104612787254, 0.0114765595645, 0.00250223604962, 0.00657098414376, 0.00312724802643, 0.00120745203458, 0.000663274317048, 0.000452803302323, 0.000322240870446, 0.000372930255253, 0.000332926458213, 0.000186200748431, 0.00026626518229, 0.000195424960111, 0.000266500457656, 0.000218605258851, 0.000201283357455, 0.000216831016587, 0.000212875253055, 0.000207429562579, 0.00021492340602, 0.000164138356922, 0.000143638200825, 0.000183154188562, 0.000100041361293, 0.00017665764608, 7.1959271736e-05], "dvar": [1.97820691028e-06, 0.00058428948978, 2.29010474868e-05, 0.000360883277608, 6.38526398689e-05, 3.69425583813e-06, 1.40651525271e-06, 4.92558342557e-07, 2.97891801893e-07, 5.07687900608e-07, 3.39690387818e-07, 1.42187616348e-07, 3.74234332412e-07, 1.22658676105e-07, 2.59584993501e-07, 2.87445658387e-07, 1.31635076173e-07, 2.06443104389e-07, 1.55051282036e-07, 1.92221804696e-07, 2.33115585502e-07, 3.59985335763e-07, 8.80332322595e-08, 9.79906303655e-07, 5.50859695636e-08, 7.54776237955e-07, 2.61747530317e-08], "dvar2": [5.40349947187e-06, 0.00132335652597, 6.30407812423e-05, 0.000668174703605, 0.000184996708413, 9.77675608738e-06, 3.80920073439e-06, 1.29194415877e-06, 6.85290899582e-07, 1.3409857047e-06, 8.43425539188e-07, 3.74093218625e-07, 1.03780598693e-06, 2.53046124499e-07, 7.12942153314e-07, 7.27579561044e-07, 2.98892757655e-07, 5.32871865744e-07, 4.02573590463e-07, 5.24770143784e-07, 6.44054068744e-07, 8.63288789787e-07, 2.23311232617e-07, 2.58773434325e-06, 1.13287946135e-07, 2.0415805011e-06, 6.3361710545e-08], "max": [0.0246463902295, 0.261482566595, 0.0540356040001, 0.263044327497, 0.111912027001, 0.048192948103, 0.0202537234873, 0.0147768892348, 0.014736215584, 0.0160871353, 0.0147647466511, 0.010540834628, 0.014560688287, 0.0135922422633, 0.00868603494018, 0.00980004947633, 0.00541768781841, 0.0109467273578, 0.00507431058213, 0.00392494071275, 0.00389373674989, 0.0230900496244, 0.00460880668834, 0.0377811007202, 0.00563571928069, 0.0247629880905, 0.00146424525883], "mean": [0.00358664384112, 0.0213443487883, 0.00336132012308, 0.00577426655218, 0.00203376822174, 0.00156137999147, 0.000833112280816, 0.00056761840824, 0.000476490356959, 0.000368171546143, 0.000429994164733, 0.000194692620425, 0.000330845621647, 0.00023699713347, 0.000228050615988, 0.000172500775079, 0.000202701339731, 0.000162998243468, 0.000193088315427, 0.000146317848703, 0.000136198243126, 0.00013771308295, 0.00010096978076, 0.000128027575556, 7.96479143901e-05, 9.96877352009e-05, 3.81154459319e-05], "median": [6.43985622446e-05, 0.00673788739368, 0.000949435576331, 0.000637980410829, 0.000639445031993, 0.00066380307544, 0.000344265252352, 0.000276626844425, 0.000239537344896, 0.000168001861311, 0.000173970925971, 5.85358138778e-05, 0.000120183991385, 6.60017467453e-05, 6.15385069977e-05, 3.39657817676e-05, 3.49946931237e-05, 2.07711618714e-05, 2.91027081403e-05, 1.5577130398e-05, 1.22667652249e-05, 8.00833367975e-06, 5.12796214025e-06, 4.38642791778e-06, 2.03948752642e-06, 1.98431666831e-06, 1.08140488919e-06], "min": [5.59714926317e-13, 3.17090022859e-13, 1.29838739586e-13, 1.30193748035e-13, 1.8664881923e-13, 2.14890415575e-13, 3.31234876767e-13, 1.63976295107e-13, 2.3295666611e-13, 3.10167229357e-13, 2.93202013233e-13, 1.73261491959e-12, 7.68152631347e-13, 1.07714282372e-12, 1.99633148554e-12, 2.74216517548e-11, 1.03877201979e-11, 7.51811720517e-12, 6.45988297576e-12, 8.99269894661e-12, 4.38268085018e-12, 5.56354485051e-12, 8.60148237358e-12, 5.45977152377e-12, 6.98891682374e-12, 7.46019912512e-12, 7.93265193116e-12], "var": [3.04408713419e-05, 0.00108423247002, 3.2327046938e-05, 0.000556764891371, 4.15420399804e-05, 5.6058725022e-06, 1.81702262125e-06, 7.66800610563e-07, 6.00730459155e-07, 6.11930829564e-07, 5.48770742625e-07, 1.96824970544e-07, 4.31880522456e-07, 3.42997225289e-07, 2.55333674204e-07, 2.62859430222e-07, 2.35177907371e-07, 2.02845086505e-07, 2.06772369893e-07, 1.77212797325e-07, 1.89974770137e-07, 4.22884397722e-07, 9.5389168564e-08, 9.13190945084e-07, 9.10704045509e-08, 5.92528806465e-07, 2.2385110654e-08]}, "erbbands": {"dmean": [0.320486426353, 1.4756513834, 1.61543679237, 9.41511535645, 9.33819580078, 4.51906776428, 4.69929695129, 6.9095044136, 5.98326778412, 6.99480628967, 4.44602584839, 5.64434862137, 4.78053569794, 7.16391515732, 9.16227436066, 5.30787134171, 7.97961854935, 6.54839277267, 7.4478468895, 7.81388759613, 7.43585252762, 6.73874330521, 6.81888580322, 7.27561855316, 6.37467384338, 6.01367330551, 5.68253564835, 4.59587526321, 4.08648109436, 2.56924009323, 2.62010335922, 1.76238417625, 2.20355772972, 0.760827064514, 0.564369857311, 0.413978993893, 0.206453308463, 0.0615742877126, 0.00757653685287, 0.00026229955256], "dmean2": [0.471261918545, 2.18365740776, 2.4252717495, 13.7523651123, 14.469127655, 8.10257720947, 8.19754695892, 11.5395059586, 9.66917419434, 11.0392713547, 7.17387247086, 8.57352828979, 7.41025972366, 11.6188697815, 14.7629785538, 8.47832775116, 12.5170516968, 10.0413255692, 11.9461612701, 12.5814094543, 11.726647377, 10.0641012192, 11.0439949036, 11.6973819733, 10.9095811844, 9.85463047028, 9.53005123138, 7.19312429428, 5.94255542755, 3.90432810783, 4.24464607239, 2.84832525253, 3.55074048042, 1.22140789032, 0.845610320568, 0.64691734314, 0.332062333822, 0.101736798882, 0.0118016889319, 0.000404377438826], "dvar": [0.78945183754, 23.5019950867, 14.5576705933, 1358.38647461, 1646.50024414, 387.419647217, 335.552246094, 271.74798584, 258.242492676, 397.598754883, 122.289176941, 209.586532593, 300.632843018, 487.497741699, 740.764404297, 231.874343872, 829.669799805, 319.480224609, 364.036743164, 775.259277344, 804.203125, 362.151306152, 513.641174316, 442.923156738, 435.846099854, 444.845703125, 444.611999512, 272.87689209, 569.755310059, 57.0795173645, 76.2142333984, 132.851318359, 380.229095459, 11.2448711395, 5.93618488312, 9.22189617157, 2.64295387268, 0.0794543996453, 0.000735508801881, 6.88323495979e-07], "dvar2": [1.73828458786, 55.2815628052, 37.2067337036, 2736.80688477, 3508.24682617, 1114.37573242, 963.627441406, 697.43157959, 720.705078125, 1030.9395752, 316.774261475, 479.682403564, 733.836791992, 1231.38220215, 2013.18151855, 598.523803711, 2288.74389648, 694.905334473, 942.825134277, 2091.66113281, 1993.89758301, 833.832885742, 1301.83410645, 1145.46582031, 1196.05981445, 1197.72473145, 1245.12878418, 704.662231445, 1381.97058105, 116.745376587, 191.461105347, 375.583587646, 939.867919922, 28.3188095093, 11.1980495453, 23.4903011322, 7.05172109604, 0.213882520795, 0.0017297337763, 1.61468494753e-06], "max": [9.14771938324, 52.1701278687, 48.7418785095, 522.691589355, 539.179992676, 281.75012207, 402.800872803, 327.622680664, 318.657897949, 385.842071533, 215.715988159, 399.749633789, 625.907104492, 397.626037598, 709.411743164, 414.203277588, 666.333557129, 731.437316895, 362.321044922, 510.934448242, 461.852813721, 262.067321777, 591.397460938, 312.367950439, 176.205993652, 191.853118896, 170.137710571, 323.453369141, 936.188903809, 75.9655075073, 130.102828979, 534.455383301, 559.358276367, 79.4194641113, 68.3867874146, 80.4369125366, 47.7344398499, 6.04462814331, 0.255828768015, 0.00882302597165], "mean": [0.926418066025, 3.45050477982, 4.58990907669, 12.4630651474, 12.0308103561, 6.4710893631, 7.92170572281, 15.9910840988, 13.2741451263, 13.9795475006, 8.9244184494, 12.6442098618, 9.20968151093, 11.5916557312, 19.1277942657, 10.8473711014, 15.9549160004, 12.5965185165, 11.9859724045, 11.3577518463, 10.4925527573, 10.3022327423, 9.09316062927, 10.8881397247, 7.77278804779, 7.39285564423, 5.81360769272, 5.22663021088, 4.94915628433, 3.40684771538, 2.93825554848, 2.05434131622, 2.32581591606, 0.853871762753, 0.689714848995, 0.427725225687, 0.179478615522, 0.0495729111135, 0.00650853384286, 0.000281925225863], "median": [0.0890002995729, 1.79988479614, 1.91379249096, 1.65203404427, 1.99081158638, 1.79793822765, 3.81845664978, 6.17404794693, 6.05221557617, 7.06609678268, 5.20683670044, 6.11529970169, 4.63761091232, 5.39129495621, 8.54286193848, 4.82739114761, 6.23022842407, 4.93926620483, 3.60020971298, 3.14992928505, 2.09989881516, 1.94266581535, 1.72742629051, 1.70476603508, 1.10350215435, 0.865002274513, 0.611626088619, 0.439505010843, 0.311157405376, 0.208785682917, 0.147367820144, 0.105976738036, 0.0604986511171, 0.0271026082337, 0.0127272699028, 0.00764646008611, 0.00393014866859, 0.000953369948547, 0.000191793951672, 7.61038754717e-05], "min": [6.73883344959e-12, 8.57338436355e-11, 1.39244712982e-10, 4.16829848415e-10, 3.6734637554e-10, 4.49192183449e-10, 2.14037232382e-09, 1.36744537915e-09, 4.61156490772e-09, 4.93842122751e-09, 2.30254904032e-09, 5.22804599612e-09, 8.95358898134e-09, 1.0647282167e-08, 3.03622940123e-08, 6.70210411613e-08, 3.95225292493e-08, 5.17402760636e-08, 9.64954480764e-08, 6.82760969539e-07, 2.26682413995e-06, 9.3495236797e-07, 5.22181778706e-07, 4.54908700931e-07, 4.57471344362e-07, 4.21059695555e-07, 2.68262624559e-07, 1.24468314766e-07, 1.98257183115e-07, 3.16393709454e-07, 2.00103158932e-07, 1.32858033908e-07, 7.58858291761e-08, 5.43692557642e-08, 6.34373975572e-08, 3.08196312915e-08, 1.4561247319e-08, 5.56620660674e-09, 1.1267957678e-09, 1.05398335892e-10], "var": [2.01475143433, 33.1715431213, 41.4486923218, 1953.59338379, 2185.03051758, 286.600341797, 259.578094482, 562.658508301, 388.450775146, 496.201141357, 179.095489502, 422.71975708, 454.523925781, 577.447265625, 1000.05053711, 407.871856689, 974.173461914, 811.324401855, 595.116821289, 731.207336426, 841.601318359, 602.670837402, 551.903503418, 629.691711426, 423.945800781, 430.564056396, 347.65423584, 283.441894531, 651.213378906, 92.657119751, 82.6953582764, 116.272575378, 371.679260254, 12.3198165894, 11.1374816895, 9.3384180069, 2.00491738319, 0.0567108392715, 0.000654907897115, 6.70381893997e-07]}, "gfcc": {"mean": [-104.834342957, 115.727561951, -94.5905075073, 5.53578472137, -43.9179954529, 4.40660619736, -26.1714019775, 2.97665691376, -16.5115585327, 1.28502476215, -8.27488040924, 0.731888353825, -9.85355758667], "cov": [[34881.53125, -3398.30151367, 933.680786133, 5233.15087891, 2196.95043945, 1993.68115234, 426.535369873, 1028.89697266, 448.349029541, 1555.79614258, 96.9409332275, 720.330322266, -149.389251709], [-3398.30151367, 6643.51806641, 117.151603699, -2424.81396484, -105.497306824, -529.998168945, 431.223388672, -935.147277832, 265.717712402, -270.350494385, 144.591705322, -409.772155762, 351.756103516], [933.680786133, 117.151603699, 1042.67419434, 29.5613117218, 77.8009796143, 106.740768433, 52.7307472229, 122.953521729, 57.5193214417, 86.8402633667, -1.21539163589, 29.9233055115, -24.3237915039], [5233.15087891, -2424.81396484, 29.5613117218, 2503.53662109, 765.362426758, 386.063018799, 272.362518311, 690.213928223, 145.770111084, 241.89793396, 56.2351760864, 258.047149658, -73.2035980225], [2196.95043945, -105.497306824, 77.8009796143, 765.362426758, 969.974914551, 284.01159668, 262.380615234, 308.355621338, 257.550842285, 144.763870239, 123.744827271, 104.32434845, 84.4668960571], [1993.68115234, -529.998168945, 106.740768433, 386.063018799, 284.01159668, 406.2996521, 64.4741821289, 148.53036499, 80.5808639526, 143.48274231, 19.7277870178, 90.704208374, 2.82073926926], [426.535369873, 431.223388672, 52.7307472229, 272.362518311, 262.380615234, 64.4741821289, 342.777893066, 98.830619812, 95.2060317993, 27.1243267059, 61.9934539795, 6.23899459839, 59.8953742981], [1028.89697266, -935.147277832, 122.953521729, 690.213928223, 308.355621338, 148.53036499, 98.830619812, 378.27633667, 83.7890777588, 88.4630661011, 48.6861228943, 113.872360229, -30.1587696075], [448.349029541, 265.717712402, 57.5193214417, 145.770111084, 257.550842285, 80.5808639526, 95.2060317993, 83.7890777588, 199.811279297, 55.4249839783, 42.8400421143, 24.5436668396, 55.1684074402], [1555.79614258, -270.350494385, 86.8402633667, 241.89793396, 144.763870239, 143.48274231, 27.1243267059, 88.4630661011, 55.4249839783, 169.173171997, 39.4828529358, 51.4074478149, 0.71480256319], [96.9409332275, 144.591705322, -1.21539163589, 56.2351760864, 123.744827271, 19.7277870178, 61.9934539795, 48.6861228943, 42.8400421143, 39.4828529358, 109.568717957, 33.8665542603, 24.1179351807], [720.330322266, -409.772155762, 29.9233055115, 258.047149658, 104.32434845, 90.704208374, 6.23899459839, 113.872360229, 24.5436668396, 51.4074478149, 33.8665542603, 107.346969604, 6.45456695557], [-149.389251709, 351.756103516, -24.3237915039, -73.2035980225, 84.4668960571, 2.82073926926, 59.8953742981, -30.1587696075, 55.1684074402, 0.71480256319, 24.1179351807, 6.45456695557, 91.737449646]], "icov": [[9.5686482382e-05, -0.000123692429042, -8.01682017482e-06, -0.00024515032419, -6.41625956632e-05, -0.000184741656994, 0.000166300058481, 0.000137837661896, 0.000239843517193, -0.000675969407894, 0.000352801231202, -0.000316053279676, 0.000224367409828], [-0.000123692429042, 0.000948769855313, -0.000250108772889, 0.000724089681171, -0.000136494607432, 0.000690392043907, -0.00135989114642, 0.00149510218762, -0.00150738586672, 0.00121630355716, -0.00141949555837, 0.00107221829239, -0.000649274501484], [-8.01682017482e-06, -0.000250108772889, 0.00120031670667, 0.00014769952395, 0.000111538734927, -0.000183404918062, 5.59441796213e-05, -0.00111100787763, 0.0001513549214, -0.000643243081868, 0.00080007314682, -0.000384604791179, 0.000613956013694], [-0.00024515032419, 0.000724089681171, 0.00014769952395, 0.00192304712255, -0.00037932721898, 0.000843709800392, -0.00163303222507, -0.000697117357049, -0.000965528131928, 0.0012228655396, -0.000310314819217, -4.45266268798e-05, 0.000214225132368], [-6.41625956632e-05, -0.000136494607432, 0.000111538734927, -0.00037932721898, 0.00269736652263, -0.00097967882175, -8.93492251635e-05, -0.00136449979618, -0.00147134775762, 0.000612500472926, -0.00140902004205, 0.00102828256786, -0.00151980051305], [-0.000184741656994, 0.000690392043907, -0.000183404918062, 0.000843709800392, -0.00097967882175, 0.0051849768497, -0.00151510478463, 0.000949258625042, -0.00126633769833, -0.00136687012855, 0.000887332716957, -0.00180895102676, 0.000386634812457], [0.000166300058481, -0.00135989114642, 5.59441796213e-05, -0.00163303222507, -8.93492251635e-05, -0.00151510478463, 0.00684313988313, -0.00294705340639, 0.0020003549289, -0.000726245401893, -0.000262542249402, 0.00181409250945, -0.00236692046747], [0.000137837661896, 0.00149510218762, -0.00111100787763, -0.000697117357049, -0.00136449979618, 0.000949258625042, -0.00294705340639, 0.0114923864603, -0.00368099170737, 0.000294408411719, -0.00217958842404, -0.00355646084063, 0.00360485143028], [0.000239843517193, -0.00150738586672, 0.0001513549214, -0.000965528131928, -0.00147134775762, -0.00126633769833, 0.0020003549289, -0.00368099170737, 0.0115550626069, -0.00359506998211, 0.00221215677448, -0.000223941315198, -0.00316906836815], [-0.000675969407894, 0.00121630355716, -0.000643243081868, 0.0012228655396, 0.000612500472926, -0.00136687012855, -0.000726245401893, 0.000294408411719, -0.00359506998211, 0.0151979271322, -0.00629253359511, 0.00231998017989, -0.0013756233966], [0.000352801231202, -0.00141949555837, 0.00080007314682, -0.000310314819217, -0.00140902004205, 0.000887332716957, -0.000262542249402, -0.00217958842404, 0.00221215677448, -0.00629253359511, 0.0166815891862, -0.00716415280476, 0.00154399697203], [-0.000316053279676, 0.00107221829239, -0.000384604791179, -4.45266268798e-05, 0.00102828256786, -0.00180895102676, 0.00181409250945, -0.00355646084063, -0.000223941315198, 0.00231998017989, -0.00716415280476, 0.0215929653496, -0.00752744777128], [0.000224367409828, -0.000649274501484, 0.000613956013694, 0.000214225132368, -0.00151980051305, 0.000386634812457, -0.00236692046747, 0.00360485143028, -0.00316906836815, -0.0013756233966, 0.00154399697203, -0.00752744777128, 0.0202474780381]]}, "melbands": {"dmean": [0.00247692782432, 0.00108663691208, 0.00165725545958, 0.000456607114756, 0.000167462116224, 0.000146163845784, 9.03780746739e-05, 7.6707896369e-05, 3.55400625267e-05, 3.34146461682e-05, 2.44004240813e-05, 3.03009928757e-05, 2.96861362585e-05, 1.68340538949e-05, 1.7141133867e-05, 1.34513356898e-05, 1.3381341887e-05, 1.18005746117e-05, 1.09727061499e-05, 1.06654451884e-05, 8.77012189449e-06, 7.48262800698e-06, 7.6299693319e-06, 5.34444825462e-06, 6.14639884589e-06, 5.33191177965e-06, 4.1573780436e-06, 4.02171735914e-06, 3.59699583896e-06, 3.49173888026e-06, 2.43859699367e-06, 2.65571793534e-06, 1.69812483364e-06, 1.26272016132e-06, 1.55581699346e-06, 1.43736917835e-06, 1.06342383788e-06, 1.66543952673e-06, 1.12305542643e-06, 5.59691443414e-07], "dmean2": [0.00363258318976, 0.00165870587807, 0.00242490856908, 0.000767030578572, 0.000293234130368, 0.000245118513703, 0.000145739031723, 0.000121372759168, 5.64933616261e-05, 5.0858285249e-05, 3.82578473364e-05, 4.96215179737e-05, 4.76821223856e-05, 2.71272183454e-05, 2.70839973382e-05, 2.09340505535e-05, 2.05890646612e-05, 1.86013530765e-05, 1.81858413271e-05, 1.68373462657e-05, 1.38763980431e-05, 1.13775176942e-05, 1.25269561977e-05, 8.44028272695e-06, 9.94153469946e-06, 9.15809869184e-06, 7.19156332707e-06, 6.56984093439e-06, 6.08003529123e-06, 5.8616201386e-06, 3.71991040993e-06, 3.9220758481e-06, 2.44867510446e-06, 1.95101165446e-06, 2.5381548312e-06, 2.40979875343e-06, 1.71095780388e-06, 2.7457356282e-06, 1.74923570739e-06, 9.33817204896e-07], "dvar": [5.4228999943e-05, 7.85318570706e-06, 4.28517269029e-05, 4.01321267418e-06, 4.2797904598e-07, 1.27057887767e-07, 6.14210478034e-08, 4.61515519135e-08, 7.0309416067e-09, 7.35959382325e-09, 7.94795784742e-09, 9.00089780487e-09, 8.07244937562e-09, 2.6421953514e-09, 3.29523874854e-09, 1.95831395544e-09, 1.50117485109e-09, 8.17923506702e-10, 1.6991436036e-09, 1.36113031957e-09, 1.12873510538e-09, 5.09882858157e-10, 6.87679080347e-10, 2.47269621445e-10, 3.11693781896e-10, 2.98644026175e-10, 2.11617418033e-10, 1.8444179517e-10, 1.77866651963e-10, 1.82970569251e-10, 9.4296764841e-11, 4.33677316281e-10, 2.50761928583e-11, 1.36905382864e-11, 2.59399637187e-11, 3.12044695638e-11, 1.46948356261e-10, 2.63755878249e-10, 1.30883096028e-10, 4.02140733907e-12], "dvar2": [0.000120786855405, 1.98792313313e-05, 8.18958287709e-05, 1.03590209619e-05, 1.23462552892e-06, 3.29182910264e-07, 1.68317825455e-07, 1.20495926126e-07, 1.79568839798e-08, 1.72095120377e-08, 1.96163973953e-08, 2.34745858307e-08, 2.15049418273e-08, 7.08995173682e-09, 9.06804942247e-09, 5.35882005437e-09, 3.17917736581e-09, 1.93534388515e-09, 4.68935512643e-09, 3.51342799298e-09, 2.76322542625e-09, 1.22187493456e-09, 1.77146952662e-09, 6.23774754072e-10, 7.87229892385e-10, 8.28691282262e-10, 5.86333259722e-10, 4.89111640078e-10, 5.01681640674e-10, 5.12775044648e-10, 2.29659749551e-10, 1.0719194421e-09, 5.23273195607e-11, 2.81544180331e-11, 6.32515845256e-11, 8.53750958818e-11, 4.21152390739e-10, 7.14062753371e-10, 3.04569702791e-10, 1.11264721395e-11], "max": [0.0783289596438, 0.0302980355918, 0.0921801552176, 0.0279949177057, 0.0128550771624, 0.00764200696722, 0.0047526108101, 0.00397260673344, 0.00161757774185, 0.00216647516936, 0.00309231854044, 0.00152635516133, 0.00238343793899, 0.00139227183536, 0.00156450166833, 0.0011127582984, 0.00167730858084, 0.000510600395501, 0.000753525644541, 0.000757110014092, 0.000543616130017, 0.000328397320118, 0.000744397053495, 0.000232933321968, 0.0003067223588, 0.000146364880493, 0.000126068189275, 0.000121737350128, 0.000117405441415, 0.000112373483717, 0.000311268959194, 0.000858579063788, 4.63198521174e-05, 5.49336036784e-05, 8.03349685157e-05, 6.96367933415e-05, 0.000598943675868, 0.000681412697304, 0.000335314776748, 2.65174476226e-05], "mean": [0.00699515920132, 0.00317806121893, 0.00224995729513, 0.0005850076559, 0.000295785081107, 0.000332087191055, 0.000196392647922, 0.000151186977746, 7.36183210392e-05, 7.3562063335e-05, 4.42393575213e-05, 4.54732726212e-05, 6.04808083153e-05, 3.29704162141e-05, 3.24078901031e-05, 2.72645902442e-05, 2.38639058807e-05, 1.94886633835e-05, 1.38688346851e-05, 1.56819860422e-05, 1.17802492241e-05, 1.08572330646e-05, 9.97714323603e-06, 7.02198440194e-06, 9.1752726803e-06, 6.28179350315e-06, 4.82766154164e-06, 4.91778291689e-06, 3.59420550922e-06, 3.40265910381e-06, 3.00567512568e-06, 3.21495622302e-06, 2.02474211619e-06, 1.73652983904e-06, 1.75266586666e-06, 1.41517739394e-06, 1.3024036889e-06, 1.78441314347e-06, 1.14602914891e-06, 6.08377831668e-07], "median": [0.00135014182888, 0.00174755393527, 0.000350668065948, 0.000133105597342, 0.000147046419443, 0.00013583402324, 8.6345935415e-05, 7.39193856134e-05, 4.27659288107e-05, 3.66835884051e-05, 2.03411982511e-05, 1.69443683262e-05, 2.5325200113e-05, 1.42729331856e-05, 1.2063770555e-05, 1.13365795187e-05, 7.44313638279e-06, 5.34707260158e-06, 3.27399789057e-06, 4.10724987887e-06, 1.79226651653e-06, 1.76675621333e-06, 1.76411822395e-06, 9.66198967944e-07, 1.16788112337e-06, 7.74798252223e-07, 5.04887054831e-07, 4.90634931793e-07, 3.32700807348e-07, 2.32706526049e-07, 2.34429450074e-07, 1.64296380945e-07, 1.11772379796e-07, 9.93737785393e-08, 7.70119896742e-08, 6.05315406688e-08, 5.6498556944e-08, 4.30601154733e-08, 2.73841163079e-08, 1.93136919791e-08], "min": [1.08040746488e-13, 9.19285128706e-14, 6.31141121895e-14, 2.95491170595e-14, 5.92559042199e-14, 3.61378034973e-14, 6.64786287e-14, 5.0914316979e-14, 1.54172193675e-14, 3.5115820977e-14, 4.59826980366e-14, 4.250593272e-14, 7.09529413305e-14, 1.83627879612e-13, 1.10020479326e-13, 8.60534720196e-14, 9.70176630005e-14, 1.26708309101e-13, 2.42617557988e-13, 2.09403024434e-12, 2.59065533782e-12, 5.94097850342e-13, 3.21314833464e-13, 3.1436580227e-13, 2.62352422772e-13, 2.5851074211e-13, 2.94659506213e-13, 2.62959494674e-13, 1.83578927884e-13, 1.00381942342e-13, 6.31123300322e-14, 8.02416604841e-14, 1.59912610497e-13, 2.00778372335e-13, 1.30663573494e-13, 6.1581700839e-14, 8.78240216011e-14, 5.00887885042e-14, 4.65685534568e-14, 4.46694479908e-14], "var": [0.000113928683277, 1.84179225471e-05, 6.52264716337e-05, 3.87799900636e-06, 3.30571594986e-07, 2.39519692968e-07, 8.91509586154e-08, 5.88246251709e-08, 1.16969660624e-08, 1.41673286436e-08, 1.14933067508e-08, 1.01150483545e-08, 1.12555245124e-08, 3.4033060814e-09, 3.76717856909e-09, 2.4386312969e-09, 3.80721720816e-09, 1.73983527585e-09, 1.40144595928e-09, 1.36728028899e-09, 1.25041144106e-09, 7.53091533578e-10, 7.16976256143e-10, 2.87505630414e-10, 4.90862905878e-10, 2.73628897318e-10, 1.94719809721e-10, 1.88781323907e-10, 1.35710845339e-10, 1.35980726679e-10, 1.14601446388e-10, 4.7050979779e-10, 3.84010219456e-11, 2.33910928821e-11, 3.02540215102e-11, 2.50491814791e-11, 1.24481452923e-10, 2.42177639054e-10, 1.30448207791e-10, 3.7703724691e-12]}, "mfcc": {"mean": [-743.052062988, 145.4559021, 10.727355957, 13.0863323212, 1.3970695734, 2.4584441185, 0.550111591816, 1.85163640976, -2.54198479652, -0.0196763314307, 0.948874235153, 2.7846133709, 1.96980059147], "cov": [[23894.5097656, 247.130981445, -482.743225098, 2514.16992188, 2087.15405273, 2166.43652344, 896.256530762, 740.103759766, 729.855957031, 885.862121582, 670.331542969, 539.08215332, 428.348205566], [247.130981445, 4059.47143555, -28.4924125671, -636.083862305, -99.4075927734, 218.000823975, 39.1566352844, -124.266098022, 62.7702865601, -19.2010555267, -31.399143219, 45.9261474609, 59.2262153625], [-482.743225098, -28.4924125671, 852.444458008, -18.2151870728, -142.841873169, -160.553512573, -77.0967254639, -34.9072189331, -23.8547019958, -44.0540122986, -8.64206600189, -24.6984062195, -33.3618621826], [2514.16992188, -636.083862305, -18.2151870728, 1160.63183594, 512.712280273, 300.108551025, 307.557220459, 365.702056885, 261.724517822, 258.248840332, 178.61126709, 158.064987183, 90.1372375488], [2087.15405273, -99.4075927734, -142.841873169, 512.712280273, 760.935424805, 382.896057129, 208.668838501, 256.784729004, 235.726425171, 226.316299438, 197.811233521, 149.358276367, 131.54624939], [2166.43652344, 218.000823975, -160.553512573, 300.108551025, 382.896057129, 441.203308105, 194.893676758, 153.85345459, 170.355941772, 157.026641846, 112.46459198, 111.378639221, 90.0777206421], [896.256530762, 39.1566352844, -77.0967254639, 307.557220459, 208.668838501, 194.893676758, 274.194122314, 170.346343994, 107.49356842, 123.11907196, 91.3553695679, 73.653793335, 62.2536735535], [740.103759766, -124.266098022, -34.9072189331, 365.702056885, 256.784729004, 153.85345459, 170.346343994, 253.25012207, 153.780899048, 117.028625488, 98.0325622559, 85.310043335, 59.0207595825], [729.855957031, 62.7702865601, -23.8547019958, 261.724517822, 235.726425171, 170.355941772, 107.49356842, 153.780899048, 202.613220215, 122.470603943, 77.0212936401, 80.5004577637, 55.4331092834], [885.862121582, -19.2010555267, -44.0540122986, 258.248840332, 226.316299438, 157.026641846, 123.11907196, 117.028625488, 122.470603943, 169.219741821, 97.6096572876, 59.3771781921, 59.1287231445], [670.331542969, -31.399143219, -8.64206600189, 178.61126709, 197.811233521, 112.46459198, 91.3553695679, 98.0325622559, 77.0212936401, 97.6096572876, 135.192871094, 71.3522338867, 41.8987617493], [539.08215332, 45.9261474609, -24.6984062195, 158.064987183, 149.358276367, 111.378639221, 73.653793335, 85.310043335, 80.5004577637, 59.3771781921, 71.3522338867, 118.41153717, 55.9639930725], [428.348205566, 59.2262153625, -33.3618621826, 90.1372375488, 131.54624939, 90.0777206421, 62.2536735535, 59.0207595825, 55.4331092834, 59.1287231445, 41.8987617493, 55.9639930725, 104.220680237]], "icov": [[9.26727443584e-05, -1.02615322248e-05, -2.23501265282e-05, -0.000175785811734, -1.93354958355e-06, -0.00047589559108, 0.000129018953885, 0.000103824961116, 0.000190718637896, -3.78813965654e-05, -0.00010625156574, 7.43654527469e-05, -2.94496621791e-05], [-1.02615322248e-05, 0.000327627378283, -4.18472882302e-05, 0.000316397257848, 9.18279401958e-05, -0.000197320317966, -0.000252010242548, 0.000193707790459, -0.000385931198252, 2.89770323434e-05, 9.21800237847e-05, -0.000194719134015, -7.92409846326e-05], [-2.23501265282e-05, -4.18472882302e-05, 0.00133343343623, -0.000180780116352, 0.000226524643949, 0.000625915941782, 0.000215433698031, 9.66053266893e-05, -0.000483785639517, 0.000328798836563, -0.000667390821036, 0.000150732579641, -5.33131606062e-05], [-0.000175785811734, 0.000316397257848, -0.000180780116352, 0.00254258397035, -0.000432053755503, 0.000868480885401, -0.00100424024276, -0.00170639005955, -0.000461362535134, -0.0014844450634, 0.00108105817344, -0.00121562508866, 0.00095244590193], [-1.93354958355e-06, 9.18279401958e-05, 0.000226524643949, -0.000432053755503, 0.00377333909273, -0.00182928575668, 0.00107172783464, -0.00094520393759, -0.000718802330084, -0.000412121240515, -0.00250478321686, 0.000500543159433, -0.00153024750762], [-0.00047589559108, -0.000197320317966, 0.000625915941782, 0.000868480885401, -0.00182928575668, 0.00823817029595, -0.00287832436152, 0.000917294586543, -0.00265325140208, -0.000601723091677, 0.00113060034346, -0.00173834827729, 0.000137333408929], [0.000129018953885, -0.000252010242548, 0.000215433698031, -0.00100424024276, 0.00107172783464, -0.00287832436152, 0.00890090875328, -0.00431776652113, 0.0027122029569, -0.00252584088594, -0.00100028177258, 0.00030307288398, -0.000956285221037], [0.000103824961116, 0.000193707790459, 9.66053266893e-05, -0.00170639005955, -0.00094520393759, 0.000917294586543, -0.00431776652113, 0.0130434446037, -0.00590070942417, 0.00255018705502, -0.00229150755331, -0.000172472689883, -0.000731827749405], [0.000190718637896, -0.000385931198252, -0.000483785639517, -0.000461362535134, -0.000718802330084, -0.00265325140208, 0.0027122029569, -0.00590070942417, 0.0149560691789, -0.00666468776762, 0.0029892094899, -0.00334803201258, 0.00102399708703], [-3.78813965654e-05, 2.89770323434e-05, 0.000328798836563, -0.0014844450634, -0.000412121240515, -0.000601723091677, -0.00252584088594, 0.00255018705502, -0.00666468776762, 0.0186735298485, -0.00786979310215, 0.00473351962864, -0.00379428174347], [-0.00010625156574, 9.21800237847e-05, -0.000667390821036, 0.00108105817344, -0.00250478321686, 0.00113060034346, -0.00100028177258, -0.00229150755331, 0.0029892094899, -0.00786979310215, 0.0185314677656, -0.00726650841534, 0.00264210323803], [7.43654527469e-05, -0.000194719134015, 0.000150732579641, -0.00121562508866, 0.000500543159433, -0.00173834827729, 0.00030307288398, -0.000172472689883, -0.00334803201258, 0.00473351962864, -0.00726650841534, 0.0178289208561, -0.00586525769904], [-2.94496621791e-05, -7.92409846326e-05, -5.33131606062e-05, 0.00095244590193, -0.00153024750762, 0.000137333408929, -0.000956285221037, -0.000731827749405, 0.00102399708703, -0.00379428174347, 0.00264210323803, -0.00586525769904, 0.0154140368104]]}, "spectral_contrast_coeffs": {"dmean": [0.0432574301958, 0.0350887924433, 0.0337747894228, 0.0306585542858, 0.0262720175087, 0.02147144638], "dmean2": [0.068224683404, 0.0577277094126, 0.0544375143945, 0.0482167713344, 0.0409578420222, 0.0332304947078], "dvar": [0.00239575770684, 0.00115641974844, 0.00104939530138, 0.000810292374808, 0.000751411076635, 0.000472014711704], "dvar2": [0.00558463996276, 0.0029551605694, 0.002479466144, 0.00191665615421, 0.00164256466087, 0.00109043996781], "max": [-0.311770170927, -0.46451446414, -0.525569498539, -0.548885464668, -0.569442391396, -0.578399956226], "mean": [-0.659045398235, -0.741533815861, -0.74148774147, -0.756657123566, -0.778217434883, -0.77780097723], "median": [-0.68552428484, -0.741910099983, -0.738249778748, -0.758702814579, -0.776447057724, -0.767691075802], "min": [-0.942509293556, -0.96664339304, -0.943460047245, -0.934114575386, -0.942129552364, -0.950660824776], "var": [0.0143863894045, 0.0049457536079, 0.00449015619233, 0.00359246064909, 0.00473276805133, 0.00430066045374]}, "spectral_contrast_valleys": {"dmean": [0.36573946476, 0.334116756916, 0.334459871054, 0.323889255524, 0.422116190195, 0.474481016397], "dmean2": [0.605319917202, 0.553910434246, 0.554358065128, 0.520793735981, 0.64275175333, 0.662408173084], "dvar": [0.195627912879, 0.15245051682, 0.136374264956, 0.157797396183, 0.353917986155, 0.408086776733], "dvar2": [0.494747430086, 0.378577679396, 0.348765790462, 0.37955224514, 0.771666944027, 0.769027769566], "max": [-4.72165155411, -4.22478675842, -5.09355258942, -5.60873842239, -5.2100