{"lowlevel": {"average_loudness": 0.623726904392, "barkbands_crest": {"dmean": 1.75591611862, "dmean2": 2.91254329681, "dvar": 2.75960922241, "dvar2": 7.96868181229, "max": 26.4206008911, "mean": 13.3233652115, "median": 12.6938362122, "min": 5.55255365372, "var": 15.7370462418}, "barkbands_flatness_db": {"dmean": 0.0157171394676, "dmean2": 0.0262230467051, "dvar": 0.000223966941121, "dvar2": 0.000604349013884, "max": 0.540688276291, "mean": 0.402725279331, "median": 0.407207965851, "min": 0.0626337006688, "var": 0.00256429240108}, "barkbands_kurtosis": {"dmean": 1.44913458824, "dmean2": 2.26575636864, "dvar": 5.57206106186, "dvar2": 12.6843385696, "max": 103.497520447, "mean": 4.80612897873, "median": 3.43467998505, "min": -1.72491896152, "var": 27.4714031219}, "barkbands_skewness": {"dmean": 0.276998192072, "dmean2": 0.431994825602, "dvar": 0.0869378969073, "dvar2": 0.223849266768, "max": 5.62570762634, "mean": 0.992260098457, "median": 1.08667469025, "min": -3.54362988472, "var": 1.12250125408}, "barkbands_spread": {"dmean": 0.422479510307, "dmean2": 0.652497112751, "dvar": 0.742169141769, "dvar2": 0.949326455593, "max": 95.1745071411, "mean": 2.89353680611, "median": 2.55390644073, "min": 0.249348223209, "var": 8.14279174805}, "dissonance": {"dmean": 0.0379996336997, "dmean2": 0.0648622140288, "dvar": 0.00139889051206, "dvar2": 0.00375605165027, "max": 0.5, "mean": 0.361344784498, "median": 0.363273322582, "min": 0.124845258892, "var": 0.00429269811139}, "dynamic_complexity": 4.47714948654, "erbbands_crest": {"dmean": 1.84830236435, "dmean2": 2.92129302025, "dvar": 3.39221739769, "dvar2": 8.52666473389, "max": 32.5290222168, "mean": 14.6477575302, "median": 13.6364908218, "min": 2.3310842514, "var": 29.4666061401}, "erbbands_flatness_db": {"dmean": 0.0115713104606, "dmean2": 0.0188671536744, "dvar": 0.000137062132126, "dvar2": 0.000350067799445, "max": 0.547109365463, "mean": 0.428009420633, "median": 0.433743178844, "min": 0.0491983033717, "var": 0.0025858876761}, "erbbands_kurtosis": {"dmean": 0.958190023899, "dmean2": 1.45035147667, "dvar": 3.44310069084, "dvar2": 6.80459403992, "max": 85.9304428101, "mean": 2.76087522507, "median": 1.50240564346, "min": -1.41660284996, "var": 20.6270637512}, "erbbands_skewness": {"dmean": 0.223908960819, "dmean2": 0.347046464682, "dvar": 0.0559694506228, "dvar2": 0.124694354832, "max": 5.54560756683, "mean": 0.932440280914, "median": 0.940026402473, "min": -3.05488038063, "var": 0.647978127003}, "erbbands_spread": {"dmean": 0.804035246372, "dmean2": 1.20644700527, "dvar": 1.22996771336, "dvar2": 2.10695981979, "max": 109.116859436, "mean": 6.88871335983, "median": 6.26331424713, "min": 0.528819918633, "var": 27.2417049408}, "hfc": {"dmean": 1.84480547905, "dmean2": 2.65106606483, "dvar": 12.3533506393, "dvar2": 22.923915863, "max": 105.70337677, "mean": 9.5484457016, "median": 6.84857749939, "min": 1.14189318948e-16, "var": 101.600891113}, "melbands_crest": {"dmean": 2.00899839401, "dmean2": 3.29288363457, "dvar": 3.94064235687, "dvar2": 10.8393650055, "max": 30.9987716675, "mean": 15.4764280319, "median": 14.7542762756, "min": 1.79981052876, "var": 25.9041099548}, "melbands_flatness_db": {"dmean": 0.0173082854599, "dmean2": 0.0290447678417, "dvar": 0.000290631665848, "dvar2": 0.000745331752114, "max": 0.692922055721, "mean": 0.512878537178, "median": 0.522514104843, "min": 0.00275923963636, "var": 0.00626674806699}, "melbands_kurtosis": {"dmean": 1.33566629887, "dmean2": 2.11860823631, "dvar": 4.10493707657, "dvar2": 10.3976259232, "max": 69.2243499756, "mean": 4.54533338547, "median": 3.54633378983, "min": -1.44124031067, "var": 19.4389362335}, "melbands_skewness": {"dmean": 0.251730650663, "dmean2": 0.393709242344, "dvar": 0.0656010806561, "dvar2": 0.168763771653, "max": 6.08311080933, "mean": 1.00658094883, "median": 1.08249020576, "min": -2.37135338783, "var": 0.71344769001}, "melbands_spread": {"dmean": 0.804163813591, "dmean2": 1.27418649197, "dvar": 5.03075885773, "dvar2": 10.579164505, "max": 158.27494812, "mean": 6.38870382309, "median": 4.05558013916, "min": 0.703389942646, "var": 251.102813721}, "pitch_salience": {"dmean": 0.0428192168474, "dmean2": 0.0687656626105, "dvar": 0.00173239712603, "dvar2": 0.00463386112824, "max": 0.928734302521, "mean": 0.598353207111, "median": 0.608857750893, "min": 0.108128428459, "var": 0.0144158601761}, "silence_rate_20dB": {"dmean": 0, "dmean2": 0, "dvar": 0, "dvar2": 0, "max": 1, "mean": 1, "median": 1, "min": 1, "var": 0}, "silence_rate_30dB": {"dmean": 0.00349294138141, "dmean2": 0.00698689976707, "dvar": 0.00348075618967, "dvar2": 0.00781163619831, "max": 1, "mean": 0.995488941669, "median": 1, "min": 0, "var": 0.00449071964249}, "silence_rate_60dB": {"dmean": 0.0104788243771, "dmean2": 0.0209606979042, "dvar": 0.010368457064, "dvar2": 0.0222701206803, "max": 1, "mean": 0.153376013041, "median": 0, "min": 0, "var": 0.129849493504}, "spectral_centroid": {"dmean": 21.251953125, "dmean2": 33.3164863586, "dvar": 10920.2373047, "dvar2": 13807.7285156, "max": 11497.6318359, "mean": 515.409362793, "median": 433.428527832, "min": 205.951568604, "var": 264038.5625}, "spectral_complexity": {"dmean": 0.93203318119, "dmean2": 1.58165943623, "dvar": 0.913272082806, "dvar2": 2.18739438057, "max": 19, "mean": 9.22438907623, "median": 10, "min": 0, "var": 12.371222496}, "spectral_decrease": {"dmean": 1.03513042582e-09, "dmean2": 1.58005597495e-09, "dvar": 2.86148140264e-18, "dvar2": 6.78301502619e-18, "max": 7.54074787062e-17, "mean": -5.10920061814e-09, "median": -3.91608701023e-09, "min": -4.73095127518e-08, "var": 2.31670691002e-17}, "spectral_energy": {"dmean": 0.00407206406817, "dmean2": 0.0062007335946, "dvar": 4.46922167612e-05, "dvar2": 0.00010477554315, "max": 0.187630102038, "mean": 0.0201493073255, "median": 0.0153968688101, "min": 1.0729106886e-20, "var": 0.000362881779438}, "spectral_energyband_high": {"dmean": 1.07310150099e-07, "dmean2": 1.293949623e-07, "dvar": 7.92555908055e-13, "dvar2": 1.13559183758e-12, "max": 4.70209488412e-05, "mean": 2.6831983746e-07, "median": 1.73993512931e-08, "min": 7.76198498721e-21, "var": 3.81190608592e-12}, "spectral_energyband_low": {"dmean": 7.49446335249e-05, "dmean2": 0.000105077808257, "dvar": 2.03349550532e-08, "dvar2": 3.8325321583e-08, "max": 0.00329853408039, "mean": 0.000273092504358, "median": 0.000159226212418, "min": 1.15125817772e-22, "var": 1.05731515987e-07}, "spectral_energyband_middle_high": {"dmean": 0.000291294942144, "dmean2": 0.00039509680937, "dvar": 1.600924179e-06, "dvar2": 2.82325663647e-06, "max": 0.0556880459189, "mean": 0.0014273080742, "median": 0.000584068824537, "min": 1.66183755652e-21, "var": 1.14665217552e-05}, "spectral_energyband_middle_low": {"dmean": 0.0039887051098, "dmean2": 0.00611363444477, "dvar": 4.32981360063e-05, "dvar2": 0.000103558515548, "max": 0.182826176286, "mean": 0.018915059045, "median": 0.0142472907901, "min": 3.76093235718e-22, "var": 0.000328818394337}, "spectral_entropy": {"dmean": 0.0923147723079, "dmean2": 0.150135055184, "dvar": 0.00975010637194, "dvar2": 0.0240130778402, "max": 9.80180454254, "mean": 5.46845722198, "median": 5.41991949081, "min": 4.30213212967, "var": 0.275002479553}, "spectral_flux": {"dmean": 0.0103496629745, "dmean2": 0.0166613124311, "dvar": 0.000214193438296, "dvar2": 0.000495636428241, "max": 0.235967636108, "mean": 0.0314035750926, "median": 0.0247422158718, "min": 1.03581400401e-10, "var": 0.000660930236336}, "spectral_kurtosis": {"dmean": 43.5772628784, "dmean2": 76.5343170166, "dvar": 1719.59179688, "dvar2": 4780.82324219, "max": 456.665496826, "mean": 190.303421021, "median": 192.806854248, "min": -1.21712887287, "var": 4993.15576172}, "spectral_rms": {"dmean": 0.0003860857978, "dmean2": 0.000588594935834, "dvar": 2.43872136707e-07, "dvar2": 5.7103392237e-07, "max": 0.0135297356173, "mean": 0.00393020082265, "median": 0.00387573661283, "min": 3.23533951366e-12, "var": 4.21154572905e-06}, "spectral_rolloff": {"dmean": 38.1456336975, "dmean2": 66.7422561646, "dvar": 69995.6953125, "dvar2": 119752.007812, "max": 19186.0839844, "mean": 905.70501709, "median": 538.330078125, "min": 236.865234375, "var": 5988427}, "spectral_skewness": {"dmean": 1.84976708889, "dmean2": 3.3087220192, "dvar": 3.1499414444, "dvar2": 8.46378040314, "max": 17.0974693298, "mean": 10.1299762726, "median": 10.640707016, "min": -0.044478289783, "var": 7.43537521362}, "spectral_spread": {"dmean": 258104.21875, "dmean2": 443230.71875, "dvar": 217179799552, "dvar2": 372705984512, "max": 41515548, "mean": 861625.4375, "median": 605933.5625, "min": 194057.265625, "var": 2608072491010.0}, "spectral_strongpeak": {"dmean": 0.319332122803, "dmean2": 0.506988346577, "dvar": 0.237599402666, "dvar2": 0.528917253017, "max": 8.90082740784, "mean": 1.30760741234, "median": 0.974410414696, "min": 4.50788650852e-09, "var": 1.34461128712}, "zerocrossingrate": {"dmean": 0.00153626315296, "dmean2": 0.0019417530857, "dvar": 2.53230991802e-05, "dvar2": 1.82376588782e-05, "max": 0.5986328125, "mean": 0.0317662060261, "median": 0.02099609375, "min": 0.0078125, "var": 0.00554269040003}, "barkbands": {"dmean": [1.7077529435e-07, 2.90291736746e-05, 2.60342585534e-05, 0.000146283273352, 0.00064235040918, 0.00219619600102, 0.000872481788974, 0.000822977919597, 0.000797236454673, 0.000324306107359, 5.65929149161e-05, 3.05332978314e-05, 2.81546599581e-05, 7.40651421438e-06, 1.0646973351e-05, 3.39335156241e-06, 1.30893545247e-06, 2.96095862495e-07, 2.76349624073e-07, 1.36772172254e-07, 3.73481299221e-08, 5.69921487781e-09, 4.98836749685e-09, 8.88718254544e-09, 1.32201816161e-09, 1.47769663172e-09, 1.27842059161e-09], "dmean2": [2.7882126119e-07, 3.90340537706e-05, 3.83421065635e-05, 0.000217375592911, 0.000968100503087, 0.00389620335773, 0.00119913415983, 0.00112701021135, 0.000930098351091, 0.000418694660766, 8.21708963485e-05, 4.07043116866e-05, 3.76003627025e-05, 9.75624607236e-06, 1.74050837813e-05, 4.73452382721e-06, 1.89990817034e-06, 4.48206549208e-07, 3.97647596628e-07, 1.49170816144e-07, 5.59761943464e-08, 9.04427288617e-09, 7.9137860709e-09, 1.11179927487e-08, 2.30570118553e-09, 2.62092569869e-09, 2.1317219101e-09], "dvar": [2.80391080363e-13, 3.31560046085e-09, 1.91683069417e-09, 1.07416092021e-07, 1.61124773967e-06, 1.87875793927e-05, 3.35462505063e-06, 6.94904247212e-06, 1.16578012239e-05, 2.66090023615e-06, 7.98083021891e-09, 4.13892431439e-09, 3.31178617863e-09, 2.31389699068e-10, 7.81791631432e-10, 5.97868143881e-11, 1.85672206776e-11, 5.6501147077e-13, 1.47905429224e-12, 1.45008863858e-12, 1.93720785398e-13, 6.74358769391e-16, 2.20488901862e-15, 9.14011569339e-15, 2.50182331366e-17, 9.78907639161e-17, 9.6535898321e-18], "dvar2": [7.14013104284e-13, 5.36096367298e-09, 3.98301613913e-09, 2.1500656544e-07, 3.8831931306e-06, 6.55730036669e-05, 7.01763838151e-06, 1.09005595732e-05, 1.81066334335e-05, 4.76212244394e-06, 1.45499488013e-08, 5.90277560164e-09, 6.0319851336e-09, 3.54137663638e-10, 2.46581488561e-09, 1.45676096186e-10, 3.13670964203e-11, 1.35288579384e-12, 2.91528758599e-12, 1.85256606063e-12, 5.11260955446e-13, 1.78267676398e-15, 5.30880652549e-15, 1.24638975424e-14, 6.95877667886e-17, 2.80798860023e-16, 2.40112218045e-17], "max": [1.29321360873e-05, 0.00157702178694, 0.00102480582427, 0.0077461716719, 0.0380549058318, 0.0749741867185, 0.0492652244866, 0.115232735872, 0.119521938264, 0.066627971828, 0.00396842230111, 0.00216201995499, 0.0016272328794, 0.000477425230201, 0.000600190891419, 0.000204720432521, 0.000169101869687, 2.16419593926e-05, 4.62688367406e-05, 5.7990422647e-05, 1.82200019481e-05, 1.32089553517e-06, 1.92492666429e-06, 5.41214649274e-06, 1.3726456416e-07, 3.91281588463e-07, 1.16082887303e-07], "mean": [1.99613239715e-07, 0.000103206031781, 7.6985823398e-05, 0.000399003038183, 0.00244721164927, 0.0063514825888, 0.00334555073641, 0.00291164848022, 0.00267574121244, 0.00135445978958, 0.000235153274843, 0.00011023748084, 6.99146403349e-05, 2.30349396588e-05, 2.98901832139e-05, 9.94564015855e-06, 3.72612748833e-06, 8.19082629278e-07, 7.46464309032e-07, 2.53306893683e-07, 9.49139504769e-08, 9.70609281836e-09, 8.52675174912e-09, 1.20727943198e-08, 2.03674943577e-09, 3.46031781007e-09, 4.33598668081e-09], "median": [2.87841288582e-08, 3.01461295749e-05, 4.58295908174e-05, 0.000209009143873, 0.00119108997751, 0.00354701280594, 0.000973574875388, 0.000661172787659, 0.000475141801871, 0.000199456088012, 0.000127672465169, 5.17525186297e-05, 3.25904547935e-05, 7.44256703911e-06, 6.88094132784e-06, 3.15641295856e-06, 1.19069909488e-06, 3.89129866107e-07, 6.6148281519e-08, 7.1956804959e-09, 3.20989057556e-09, 1.313393172e-09, 9.02784680346e-10, 9.83894299367e-10, 1.07886966028e-09, 1.75960701565e-09, 1.80436299235e-09], "min": [7.89564316713e-23, 4.21179716165e-23, 2.55129875647e-23, 1.11096464574e-23, 3.53214048035e-23, 6.58933936409e-23, 7.55946599029e-23, 2.64783434757e-23, 1.21494272927e-22, 7.90177166973e-23, 9.1349285031e-23, 8.68839536542e-23, 8.38613037227e-23, 2.31252264581e-22, 1.37251927281e-22, 1.46989537942e-22, 1.42387929267e-22, 2.51811873037e-22, 2.76275774994e-22, 2.50387379569e-22, 3.71942918589e-22, 6.22713873884e-22, 7.20040780824e-22, 9.40091472986e-22, 1.17976523794e-21, 1.62557964129e-21, 2.42383144965e-21], "var": [3.51935847001e-13, 3.0149163166e-08, 8.27674195847e-09, 3.4328687093e-07, 1.19787500807e-05, 6.20113714831e-05, 3.06216352328e-05, 4.34107641922e-05, 4.87584329676e-05, 1.81484083441e-05, 9.81166721203e-08, 3.31333716019e-08, 1.06923341292e-08, 1.61496582773e-09, 2.90475821174e-09, 3.22181392676e-10, 8.78213057831e-11, 1.7874051848e-12, 8.43546153068e-12, 4.41542288843e-12, 3.79887636105e-13, 1.62900063515e-15, 3.25783652239e-15, 2.23819308356e-14, 2.20958106499e-17, 7.47166770156e-17, 5.88908259257e-17]}, "erbbands": {"dmean": [0.000195675514988, 0.0084340814501, 0.0310963597149, 0.210311055183, 0.710133135319, 2.33740782738, 7.18642616272, 23.9924297333, 13.292640686, 15.9491348267, 14.5601978302, 22.9014339447, 9.66033172607, 6.35471487045, 2.58903264999, 1.47934508324, 1.42859768867, 0.412840425968, 0.415910214186, 0.520811796188, 0.122644223273, 0.0480909012258, 0.0229493621737, 0.0126944053918, 0.0141439028084, 0.00472573935986, 0.00255664112046, 0.000714928959496, 0.000158644616022, 0.000187335783266, 0.000214933679672, 0.00028480347828, 5.10763784405e-05, 1.57073645823e-05, 1.01295936474e-05, 5.86464693697e-06, 3.27636303155e-06, 1.35818038416e-06, 1.92572338165e-06, 4.56106363345e-06], "dmean2": [0.000265379843768, 0.0114015853032, 0.0451071411371, 0.313380390406, 1.15652871132, 3.4850165844, 12.1349573135, 42.3506813049, 17.7553462982, 24.3428783417, 18.380109787, 26.4186820984, 12.4129981995, 8.36856269836, 3.52484416962, 1.89349162579, 1.8986312151, 0.546782612801, 0.61202442646, 0.88856613636, 0.166359305382, 0.0706072673202, 0.0349301695824, 0.0173331741244, 0.0191768314689, 0.00518252886832, 0.00322465971112, 0.00105933926534, 0.00024838821264, 0.000294022087473, 0.000325248693116, 0.000341701845173, 8.07943506516e-05, 2.64275677182e-05, 1.72339696292e-05, 1.01158038888e-05, 5.48626212549e-06, 2.04372668122e-06, 2.8900885809e-06, 6.92300682203e-06], "dvar": [1.40765408219e-07, 0.000275657628663, 0.00280859554186, 0.210016205907, 3.31344461441, 22.9666347504, 191.157424927, 2162.13818359, 679.678283691, 1995.46813965, 3713.82641602, 9180.18554688, 2615.7890625, 1696.01525879, 20.2397556305, 10.8785486221, 8.23917007446, 0.618398308754, 1.45473873615, 2.98091101646, 0.0782245099545, 0.0212231352925, 0.00347301387228, 0.00196495396085, 0.00761543819681, 0.00138101831544, 0.000498117587995, 6.75271148793e-05, 4.95868391681e-07, 1.39178484915e-06, 3.95110509999e-06, 1.1466050637e-05, 4.40018865788e-08, 2.72001488e-09, 1.55483925735e-09, 9.9265873299e-10, 4.52447440624e-10, 1.6591956975e-11, 1.02635443547e-11, 5.66722849205e-11], "dvar2": [2.40576980559e-07, 0.000451459811302, 0.00552371377125, 0.416685312986, 10.9971504211, 55.2630805969, 577.239685059, 7549.03417969, 1277.79675293, 4914.31591797, 4618.609375, 14096.5625, 4888.83447266, 2936.50268555, 30.9285449982, 14.9851837158, 15.0218639374, 0.937859773636, 3.95299005508, 10.4645404816, 0.161047115922, 0.0372222289443, 0.00870543159544, 0.00412916205823, 0.0134291891009, 0.00157526996918, 0.00101642427035, 0.000172654312337, 1.1644613096e-06, 3.71959094991e-06, 9.32508373808e-06, 1.56834339577e-05, 8.21884711399e-08, 7.31337701509e-09, 4.32744107215e-09, 2.86346124589e-09, 1.28594346283e-09, 3.19251708403e-11, 2.27787649854e-11, 1.31109248458e-10], "max": [0.0118516031653, 0.443253129721, 1.08097720146, 11.2094697952, 51.8800506592, 160.269744873, 240.670425415, 865.477111816, 795.86932373, 1236.05029297, 3137.31811523, 3229.07714844, 2408.84741211, 2037.74841309, 199.822967529, 112.654472351, 84.0704650879, 24.8227882385, 37.0054626465, 39.7077445984, 7.52658987045, 5.70077466965, 1.62188434601, 1.98629271984, 3.12115716934, 1.9447029829, 0.9308847785, 0.373409599066, 0.0321570076048, 0.0611980035901, 0.0786826387048, 0.190499708056, 0.00796739570796, 0.00157869979739, 0.00117432430852, 0.00119030976202, 0.000869038805831, 0.000185853947187, 9.29917077883e-05, 0.000212161568925], "mean": [0.000791911617853, 0.0298360455781, 0.0971272811294, 0.60107088089, 1.97648465633, 10.0279273987, 20.2580184937, 69.7318267822, 60.5305862427, 50.5524673462, 56.7496948242, 79.4438018799, 42.6438903809, 25.2673816681, 10.8344621658, 5.95566606522, 3.81680750847, 1.54802370071, 1.357640028, 1.29214429855, 0.431678891182, 0.153526842594, 0.0646837130189, 0.0349360741675, 0.0360798500478, 0.0105349915102, 0.00651558022946, 0.00191309605725, 0.000367244123481, 0.000336444441928, 0.000369105575373, 0.000397839670768, 8.38420892251e-05, 3.68315304513e-05, 2.66697443294e-05, 1.76842713699e-05, 1.30159969558e-05, 7.43798909753e-06, 1.0009250218e-05, 2.26678293984e-05], "median": [0.00026566721499, 0.0094546303153, 0.0546113327146, 0.350605130196, 1.00763702393, 4.88792610168, 10.9846811295, 40.4006385803, 22.5834941864, 18.9280738831, 12.6788749695, 16.1884765625, 10.3424062729, 5.14565086365, 5.37642002106, 2.9685177803, 2.00143408775, 0.784378409386, 0.446295022964, 0.345071941614, 0.134366005659, 0.0648949742317, 0.0294586513191, 0.00681219669059, 0.00146252010018, 0.000537173706107, 0.000215938067413, 0.000100412726169, 6.07202819083e-05, 4.04016827815e-05, 3.60430931323e-05, 3.05564535665e-05, 2.73073892458e-05, 2.22507314902e-05, 1.78066838998e-05, 1.2846021491e-05, 8.90211958904e-06, 3.12295105687e-06, 7.63534990256e-06, 1.73159605765e-05], "min": [1.92570817192e-21, 7.01758544381e-21, 2.7191287891e-20, 4.48261840146e-20, 4.39741007419e-20, 1.74210440858e-19, 4.7672657259e-19, 3.37821311799e-19, 4.74425718017e-19, 1.40075530072e-18, 9.66294090213e-19, 3.21550022915e-18, 2.95988797819e-18, 2.50412945185e-18, 2.60414406651e-18, 4.39271162369e-18, 4.43372489282e-18, 7.26579237327e-18, 1.10771246529e-17, 9.53913533229e-18, 7.56958603375e-18, 7.39054113581e-18, 1.04407911513e-17, 1.32975197809e-17, 1.59354161252e-17, 1.13195721176e-17, 1.17584245198e-17, 1.8918128498e-17, 2.27996470526e-17, 1.81527994886e-17, 2.1428950875e-17, 1.66519977267e-17, 1.88263445372e-17, 1.16305200632e-17, 9.84879370332e-18, 5.46937445848e-18, 2.94747385835e-18, 1.55085508108e-18, 3.08972198864e-19, 3.40757441082e-20], "var": [1.61408900112e-06, 0.00240310188383, 0.0136162936687, 0.669546127319, 8.85249042511, 209.607025146, 643.060852051, 7266.29931641, 7603.75537109, 7608.14746094, 26252.7167969, 39516.4296875, 15155.0712891, 11335.6083984, 249.855560303, 91.1819229126, 28.3036422729, 4.87959003448, 6.83112812042, 7.11334276199, 0.535697817802, 0.104493901134, 0.0111610954627, 0.00752582633868, 0.0384607091546, 0.00595750892535, 0.00204376247711, 0.0001481770596, 1.65850542544e-06, 3.31528826791e-06, 6.08648588241e-06, 2.79167688859e-05, 8.70365397532e-08, 3.8370666644e-09, 1.62888547095e-09, 8.35485347572e-10, 4.30220609138e-10, 1.66487837405e-10, 8.94800067375e-11, 4.62543447988e-10]}, "gfcc": {"mean": [-246.599899292, 246.786560059, -100.838806152, -86.5276565552, -40.0746498108, -33.2250480652, -39.4248275757, -15.7304506302, -11.7452001572, -15.7024183273, -3.70587682724, -5.39605712891, -2.31824827194], "cov": [[13434.6699219, 4219.54052734, -2166.38549805, -1075.79211426, 255.322021484, -1143.55444336, -72.5732421875, -164.133575439, 382.719116211, -301.04989624, -120.183654785, -402.938110352, 134.053161621], [4219.54052734, 2672.03930664, -154.233917236, -708.439147949, 205.883270264, -274.30065918, -299.554718018, -228.113998413, 16.0627918243, -189.00479126, 43.2854881287, -62.1113815308, 35.7531242371], [-2166.38549805, -154.233917236, 865.331787109, 117.757095337, -173.86026001, 279.532409668, -45.4637832642, -83.2476730347, -147.986160278, 28.7741088867, 72.8676376343, 95.7765884399, -33.5597000122], [-1075.79211426, -708.439147949, 117.757095337, 339.024627686, -69.9220809937, 108.069160461, 155.180450439, 84.6391525269, -14.9322910309, 50.9501838684, -9.19332122803, 22.4128456116, -13.1813783646], [255.322021484, 205.883270264, -173.86026001, -69.9220809937, 288.189178467, -28.6254463196, -84.5994796753, 35.3407516479, 66.7351989746, -8.7110786438, 18.6366500854, 17.8139209747, 9.94493579865], [-1143.55444336, -274.30065918, 279.532409668, 108.069160461, -28.6254463196, 214.818893433, 30.953294754, -15.4548997879, -34.3196487427, 37.6178474426, 9.51159286499, 43.0162506104, 2.25541520119], [-72.5732421875, -299.554718018, -45.4637832642, 155.180450439, -84.5994796753, 30.953294754, 190.385299683, 69.3294906616, -1.16890847683, 35.8748245239, -21.366563797, -23.4891223907, -1.94623267651], [-164.133575439, -228.113998413, -83.2476730347, 84.6391525269, 35.3407516479, -15.4548997879, 69.3294906616, 117.093826294, 46.4852905273, 21.0774154663, 11.1845769882, -8.68035697937, -32.6146812439], [382.719116211, 16.0627918243, -147.986160278, -14.9322910309, 66.7351989746, -34.3196487427, -1.16890847683, 46.4852905273, 93.8337478638, 23.5110797882, 0.502974927425, -8.68897724152, -6.30641412735], [-301.04989624, -189.00479126, 28.7741088867, 50.9501838684, -8.7110786438, 37.6178474426, 35.8748245239, 21.0774154663, 23.5110797882, 68.4326400757, 21.2728042603, 9.68071651459, -2.78909802437], [-120.183654785, 43.2854881287, 72.8676376343, -9.19332122803, 18.6366500854, 9.51159286499, -21.366563797, 11.1845769882, 0.502974927425, 21.2728042603, 74.3736495972, 36.6520690918, -23.6488380432], [-402.938110352, -62.1113815308, 95.7765884399, 22.4128456116, 17.8139209747, 43.0162506104, -23.4891223907, -8.68035697937, -8.68897724152, 9.68071651459, 36.6520690918, 86.488822937, 24.632850647], [134.053161621, 35.7531242371, -33.5597000122, -13.1813783646, 9.94493579865, 2.25541520119, -1.94623267651, -32.6146812439, -6.30641412735, -2.78909802437, -23.6488380432, 24.632850647, 93.1503601074]], "icov": [[0.00103625841439, -0.00168888026383, 0.00195694342256, -0.0014184047468, 0.00137718464248, 0.00123505108058, -0.00116803066339, 0.0019918277394, -0.00274180271663, 0.000879412749782, -0.00176004867535, 0.00140583934262, -0.000820567598566], [-0.00168888026383, 0.00436642253771, -0.00451538618654, 0.00488636223599, -0.00380800850689, -0.000434826739365, -0.00103992351796, 0.000109675922431, 0.00159216229804, 0.00265991105698, 0.000250645534834, -0.000710369145963, 0.000691894209012], [0.00195694342256, -0.00451538618654, 0.00905247032642, -0.00541605381295, 0.00618805130944, -0.00346332625486, 0.00356922927313, 0.000177805515705, 0.0011238277657, -0.00224440777674, -0.00351916602813, 0.000561409222428, -6.11583527643e-05], [-0.0014184047468, 0.00488636223599, -0.00541605381295, 0.0133300814778, -0.00435439357534, -0.000449252635008, -0.00681493990123, -0.00175616436172, 0.00137575750705, 0.00266678049229, 0.00247558671981, -0.00308071938343, 0.00143541570287], [0.00137718464248, -0.00380800850689, 0.00618805130944, -0.00435439357534, 0.0103721823543, -0.00323928985745, 0.00646092090756, -0.0047556576319, -0.00176764116623, -0.0014831838198, -0.00218476401642, 0.000265981361736, -0.002255206462], [0.00123505108058, -0.000434826739365, -0.00346332625486, -0.000449252635008, -0.00323928985745, 0.0153715405613, -0.00821327418089, 0.00932690873742, -0.00756661733612, 0.00109079328831, 0.000156032125233, 0.000277000275673, -0.000367371016182], [-0.00116803066339, -0.00103992351796, 0.00356922927313, -0.00681493990123, 0.00646092090756, -0.00821327418089, 0.0230598319322, -0.0170158166438, 0.013574892655, -0.0125696854666, 0.00645340420306, -0.000687445339281, -0.00120240019169], [0.0019918277394, 0.000109675922431, 0.000177805515705, -0.00175616436172, -0.0047556576319, 0.00932690873742, -0.0170158166438, 0.0340770035982, -0.0210311338305, 0.0135229360312, -0.0128600588068, 0.00573515007272, 0.00296430499293], [-0.00274180271663, 0.00159216229804, 0.0011238277657, 0.00137575750705, -0.00176764116623, -0.00756661733612, 0.013574892655, -0.0210311338305, 0.0375229008496, -0.0216743927449, 0.0139795606956, -0.00866875890642, 0.00495900306851], [0.000879412749782, 0.00265991105698, -0.00224440777674, 0.00266678049229, -0.0014831838198, 0.00109079328831, -0.0125696854666, 0.0135229360312, -0.0216743927449, 0.0386642441154, -0.0205318201333, 0.00945115555078, -0.0061352122575], [-0.00176004867535, 0.000250645534834, -0.00351916602813, 0.00247558671981, -0.00218476401642, 0.000156032125233, 0.00645340420306, -0.0128600588068, 0.0139795606956, -0.0205318201333, 0.0382289104164, -0.0200507249683, 0.0127201676369], [0.00140583934262, -0.000710369145963, 0.000561409222428, -0.00308071938343, 0.000265981361736, 0.000277000275673, -0.000687445339281, 0.00573515007272, -0.00866875890642, 0.00945115555078, -0.0200507249683, 0.0282113198191, -0.0128801930696], [-0.000820567598566, 0.000691894209012, -6.11583527643e-05, 0.00143541570287, -0.002255206462, -0.000367371016182, -0.00120240019169, 0.00296430499293, 0.00495900306851, -0.0061352122575, 0.0127201676369, -0.0128801930696, 0.019881637767]]}, "melbands": {"dmean": [4.71980092698e-06, 1.46962847793e-05, 5.64009023947e-05, 8.08558615972e-05, 0.00024992285762, 0.00049002643209, 0.000192036764929, 0.000175667330041, 0.000128288811538, 0.000129683772684, 4.5479824621e-05, 2.71499811788e-05, 7.8595994637e-06, 4.63509331894e-06, 3.65784762835e-06, 1.94503240891e-06, 8.56191093135e-07, 6.44790475235e-07, 5.93139645844e-07, 5.57758994546e-07, 1.04416223223e-07, 6.73606166401e-08, 3.87295280291e-08, 1.02071151531e-08, 1.20115135616e-08, 8.50636627803e-09, 7.83757148071e-09, 2.89234702855e-09, 1.72657277364e-09, 1.43193035207e-09, 2.37470987319e-10, 6.91705581701e-11, 1.34003752539e-10, 7.77392802909e-11, 1.52408488607e-10, 1.50744333682e-10, 1.44674952574e-10, 3.27765384278e-11, 1.96539676894e-11, 1.22226621185e-11], "dmean2": [6.31154125585e-06, 2.07411685551e-05, 8.57728591654e-05, 0.000126166414702, 0.000416540948208, 0.000865242385771, 0.000252910482232, 0.000264927482931, 0.000155977584654, 0.000151430940605, 5.89867631788e-05, 3.56670534529e-05, 1.15009315778e-05, 5.92434344071e-06, 4.90762249683e-06, 2.59536204794e-06, 1.13423061521e-06, 9.34184299695e-07, 9.9434043932e-07, 8.99229348761e-07, 1.33699629146e-07, 9.76314566969e-08, 6.13432646901e-08, 1.44986440631e-08, 1.66883200592e-08, 1.19291536649e-08, 1.00628234634e-08, 3.00997093916e-09, 1.95463689678e-09, 2.17938556091e-09, 3.56784879418e-10, 1.11844034034e-10, 2.07500808203e-10, 1.23817983644e-10, 2.41077130481e-10, 1.80566464558e-10, 1.75949574355e-10, 5.45926151507e-11, 3.3493201268e-11, 2.11549857493e-11], "dvar": [8.69394833902e-11, 6.62043975197e-10, 1.55668100632e-08, 3.38898509256e-08, 2.10955789726e-07, 9.03272677988e-07, 1.4567487483e-07, 2.40123114281e-07, 2.5764535394e-07, 2.98190485637e-07, 6.32662775502e-08, 3.33925065377e-08, 1.55646814881e-10, 6.89590676228e-11, 4.32460386945e-11, 1.40034451049e-11, 3.03700315764e-12, 3.17073732721e-12, 2.52294582795e-12, 2.81893171999e-12, 6.73217178618e-14, 5.4681882259e-14, 8.00640783327e-15, 1.16432714825e-15, 1.9673369345e-15, 3.2014575859e-15, 4.05643527869e-15, 1.03998758203e-15, 2.48425393128e-16, 3.24722229959e-16, 4.57794796852e-18, 5.62425237011e-20, 5.04774457704e-19, 2.18421977979e-19, 2.98126956305e-18, 3.32977357642e-18, 2.76397728114e-18, 1.46068980937e-20, 4.48748592315e-21, 2.18892669597e-21], "dvar2": [1.38919209469e-10, 1.21583054735e-09, 3.69713220039e-08, 9.75426104333e-08, 6.31641967175e-07, 3.14576050187e-06, 2.71840633559e-07, 5.72690964873e-07, 3.29876769456e-07, 4.63661393724e-07, 1.18596666709e-07, 5.7319677893e-08, 2.91569518529e-10, 9.84856224351e-11, 7.31300367485e-11, 2.52744162405e-11, 4.59541042372e-12, 8.46670216575e-12, 8.45511854974e-12, 9.62075211164e-12, 1.04752815309e-13, 9.41490876688e-14, 2.10895533757e-14, 2.7323190707e-15, 4.21079686893e-15, 5.97053703949e-15, 5.97242676999e-15, 1.12194236073e-15, 3.05861850248e-16, 8.59728435886e-16, 9.55708349722e-18, 1.37183536044e-19, 1.31079268826e-18, 5.84341529512e-19, 7.27118641804e-18, 4.6217835779e-18, 3.74156952115e-18, 3.43548917156e-20, 1.14942546072e-20, 6.06424767094e-21], "max": [0.000272712146398, 0.000584982393775, 0.00261753238738, 0.00706529989839, 0.00844508688897, 0.0170559566468, 0.0116549152881, 0.0139877125621, 0.0234782136977, 0.017300914973, 0.011810824275, 0.00905953720212, 0.000526889809407, 0.000242266134592, 0.000172547908733, 0.000108182757685, 5.68601390114e-05, 5.50635777472e-05, 3.44473628502e-05, 3.60038102372e-05, 8.1797461462e-06, 9.02170904737e-06, 1.81971756774e-06, 9.58298755904e-07, 1.98377688321e-06, 2.25653388952e-06, 3.56032160198e-06, 1.88956516922e-06, 9.18956061469e-07, 7.05781246779e-07, 1.07684087425e-07, 9.18329590149e-09, 3.48090551938e-08, 2.44566518148e-08, 7.06015654828e-08, 1.0424965069e-07, 9.28702803549e-08, 2.61498778187e-09, 1.79867132299e-09, 1.34760480552e-09], "mean": [1.77947931661e-05, 4.83163566969e-05, 0.000156233902089, 0.000356499047484, 0.000769911974203, 0.00144511088729, 0.000869601091836, 0.000560060841963, 0.000472975138109, 0.000453906599432, 0.000194665437448, 0.000102200916444, 3.08300441247e-05, 1.90953833226e-05, 1.14956046673e-05, 5.54446432943e-06, 2.69762904281e-06, 2.08945698432e-06, 1.57706233495e-06, 1.45962394527e-06, 3.56738581786e-07, 1.9117757688e-07, 9.02656083213e-08, 2.75345684031e-08, 2.89519590524e-08, 2.33819861251e-08, 1.6285312654e-08, 6.18018436427e-09, 4.18822621029e-09, 3.070597554e-09, 6.91224355531e-10, 1.40446654306e-10, 2.10432712922e-10, 1.33313263206e-10, 2.53466719835e-10, 2.05430714106e-10, 1.93906682378e-10, 4.32568737774e-11, 2.82556356784e-11, 1.84335428866e-11], "median": [5.25682617081e-06, 2.41335856117e-05, 8.71864904184e-05, 0.000176065601408, 0.00043769608601, 0.000826605479233, 0.000301952415612, 0.000202456198167, 8.51549702929e-05, 9.12570103537e-05, 4.03522462875e-05, 1.66206336871e-05, 1.60290692293e-05, 8.93431842997e-06, 6.10006009083e-06, 2.83186045635e-06, 9.70933797362e-07, 6.90656463576e-07, 4.68157054456e-07, 3.35998379342e-07, 1.03876345747e-07, 6.6593187853e-08, 3.28001235061e-08, 1.17004947953e-08, 4.18985468542e-09, 9.71411284745e-10, 4.31607166673e-10, 2.20867366063e-10, 1.1340323125e-10, 6.32867647177e-11, 4.44090250684e-11, 3.05556274727e-11, 1.81625357115e-11, 1.57732108624e-11, 1.49980097786e-11, 1.19825573075e-11, 1.20107456966e-11, 1.15891862079e-11, 1.05363009983e-11, 9.46910952426e-12], "min": [1.78854551845e-23, 1.34505091521e-23, 6.6905186638e-24, 7.91668145638e-24, 1.37469835906e-23, 8.87516875547e-24, 1.0233594334e-23, 1.28961063854e-23, 9.59364275756e-24, 1.97992112302e-23, 1.4620183193e-23, 9.91686115854e-24, 1.06713640159e-23, 7.62683976031e-24, 1.26717590771e-23, 8.70178343939e-24, 1.41041230105e-23, 2.0755034546e-23, 1.14426380561e-23, 1.15606161488e-23, 9.2190040362e-24, 7.58819425342e-24, 8.21440781721e-24, 1.19882836779e-23, 1.018500208e-23, 1.1906592398e-23, 1.10824662549e-23, 6.49196119066e-24, 6.5671613286e-24, 8.35496626444e-24, 1.19271800899e-23, 1.39055209668e-23, 1.03824484425e-23, 9.86532329788e-24, 1.32064900194e-23, 1.09132137811e-23, 9.57705064614e-24, 1.39667192181e-23, 1.07572252145e-23, 9.48143044924e-24], "var": [8.8452534186e-10, 4.09225453524e-09, 4.68766110373e-08, 2.66582816266e-07, 8.52420953379e-07, 3.14467229146e-06, 1.68162989667e-06, 9.66495463217e-07, 1.69987833942e-06, 1.31804870307e-06, 3.61861481224e-07, 2.20330903744e-07, 1.77160808246e-09, 7.32339910936e-10, 2.44104569891e-10, 5.73418881822e-11, 2.09421889552e-11, 1.57363618664e-11, 7.56015562653e-12, 7.55389761159e-12, 4.37046964374e-13, 2.49817473565e-13, 2.83529218848e-14, 3.0696126725e-15, 6.63758819094e-15, 1.86540371908e-14, 1.11032754849e-14, 4.77408055512e-15, 1.3214004086e-15, 4.98713835223e-16, 2.00625841606e-17, 1.64190789174e-19, 1.14419344641e-18, 5.34055617412e-19, 4.308356572e-18, 8.05990230493e-18, 6.77396897902e-18, 1.84259958287e-20, 6.1225299768e-21, 2.08551054015e-21]}, "mfcc": {"mean": [-850.039123535, 253.785293579, 20.1222305298, -39.3236808777, -10.7775745392, -15.656665802, -24.3196258545, -13.485121727, -10.1599960327, -12.9188251495, -8.71656703949, -3.4905230999, -2.55047988892], "cov": [[4138.72509766, 2712.12573242, -974.414978027, -610.644104004, 163.547119141, -320.424499512, -380.128814697, 16.4707336426, 110.161437988, 105.981155396, 47.4938430786, -61.1138954163, -63.5685577393], [2712.12573242, 2087.18579102, -334.475708008, -473.005432129, 109.377075195, -108.510818481, -270.960083008, -47.0140037537, 13.3604478836, -26.50740242, 15.5586357117, -4.96327257156, -19.9294376373], [-974.414978027, -334.475708008, 664.605163574, 174.857223511, -115.867599487, 173.484222412, 138.026229858, -59.0141143799, -82.4256820679, -102.745803833, -53.1308898926, 47.4174804688, 25.1531581879], [-610.644104004, -473.005432129, 174.857223511, 242.007629395, -30.0805721283, 2.06212067604, 111.026603699, 35.9882011414, -6.74675559998, 20.5714550018, 2.12068724632, 5.50208950043, 15.109744072], [163.547119141, 109.377075195, -115.867599487, -30.0805721283, 159.25668335, 24.1537094116, -67.2115325928, 26.4133548737, 15.6123304367, -17.908826828, 28.955575943, 17.38854599, 24.630449295], [-320.424499512, -108.510818481, 173.484222412, 2.06212067604, 24.1537094116, 156.764419556, 52.6848602295, -25.2087459564, 0.310172617435, -38.5688171387, -34.6555671692, 19.6477718353, 11.3041572571], [-380.128814697, -270.960083008, 138.026229858, 111.026603699, -67.2115325928, 52.6848602295, 138.880615234, 28.1837100983, -2.74094080925, 26.5074272156, -1.74997389317, -0.551766037941, 6.28826951981], [16.4707336426, -47.0140037537, -59.0141143799, 35.9882011414, 26.4133548737, -25.2087459564, 28.1837100983, 74.9243240356, 33.5421638489, 16.7476444244, 28.5172958374, 10.0714874268, 7.04309225082], [110.161437988, 13.3604478836, -82.4256820679, -6.74675559998, 15.6123304367, 0.310172617435, -2.74094080925, 33.5421638489, 77.4745407104, 43.0400505066, -10.248919487, -6.04320526123, -9.10526657104], [105.981155396, -26.50740242, -102.745803833, 20.5714550018, -17.908826828, -38.5688171387, 26.5074272156, 16.7476444244, 43.0400505066, 114.416625977, 45.3866653442, -25.4644050598, -2.23953008652], [47.4938430786, 15.5586357117, -53.1308898926, 2.12068724632, 28.955575943, -34.6555671692, -1.74997389317, 28.5172958374, -10.248919487, 45.3866653442, 101.347000122, 33.1645202637, 13.7024307251], [-61.1138954163, -4.96327257156, 47.4174804688, 5.50208950043, 17.38854599, 19.6477718353, -0.551766037941, 10.0714874268, -6.04320526123, -25.4644050598, 33.1645202637, 71.1883850098, 25.3962173462], [-63.5685577393, -19.9294376373, 25.1531581879, 15.109744072, 24.630449295, 11.3041572571, 6.28826951981, 7.04309225082, -9.10526657104, -2.23953008652, 13.7024307251, 25.3962173462, 63.795665741]], "icov": [[0.344266653061, -0.484640389681, 0.478691458702, -0.467626154423, 0.45131239295, -0.436114788055, 0.413639873266, -0.391187131405, 0.327271789312, -0.263041555882, 0.199013486505, -0.135470330715, 0.0677675902843], [-0.484640389681, 0.683790564537, -0.676737129688, 0.664904534817, -0.642274618149, 0.622116804123, -0.588415443897, 0.553608715534, -0.461852610111, 0.368027091026, -0.276632577181, 0.188062861562, -0.0937903001904], [0.478691458702, -0.676737129688, 0.680109500885, -0.672863602638, 0.657004058361, -0.640617907047, 0.601434767246, -0.555973768234, 0.462094724178, -0.356117039919, 0.263437598944, -0.179545983672, 0.0870870426297], [-0.467626154423, 0.664904534817, -0.672863602638, 0.685036838055, -0.670311927795, 0.660375475883, -0.624772489071, 0.56271147728, -0.460992872715, 0.346584796906, -0.24701435864, 0.165814623237, -0.0805426463485], [0.45131239295, -0.642274618149, 0.657004058361, -0.670311927795, 0.685013592243, -0.675143003464, 0.644987046719, -0.582414925098, 0.467848002911, -0.3439848423, 0.236717671156, -0.155461832881, 0.0704052895308], [-0.436114788055, 0.622116804123, -0.640617907047, 0.660375475883, -0.675143003464, 0.688429713249, -0.658026456833, 0.59900957346, -0.489068090916, 0.359608769417, -0.244290336967, 0.156967237592, -0.0738311633468], [0.413639873266, -0.588415443897, 0.601434767246, -0.624772489071, 0.644987046719, -0.658026456833, 0.657947719097, -0.603664577007, 0.494869470596, -0.375324457884, 0.258082598448, -0.163083940744, 0.0755070373416], [-0.391187131405, 0.553608715534, -0.555973768234, 0.56271147728, -0.582414925098, 0.59900957346, -0.603664577007, 0.603212177753, -0.502933144569, 0.394743442535, -0.288817167282, 0.180651828647, -0.0870956778526], [0.327271789312, -0.461852610111, 0.462094724178, -0.460992872715, 0.467848002911, -0.489068090916, 0.494869470596, -0.502933144569, 0.454932808876, -0.361723035574, 0.272624313831, -0.175924867392, 0.0853037387133], [-0.263041555882, 0.368027091026, -0.356117039919, 0.346584796906, -0.3439848423, 0.359608769417, -0.375324457884, 0.394743442535, -0.361723035574, 0.320696234703, -0.24643625319, 0.163167193532, -0.0787046328187], [0.199013486505, -0.276632577181, 0.263437598944, -0.24701435864, 0.236717671156, -0.244290336967, 0.258082598448, -0.288817167282, 0.272624313831, -0.24643625319, 0.211571827531, -0.139140933752, 0.0650707557797], [-0.135470330715, 0.188062861562, -0.179545983672, 0.165814623237, -0.155461832881, 0.156967237592, -0.163083940744, 0.180651828647, -0.175924867392, 0.163167193532, -0.139140933752, 0.111675262451, -0.0503331795335], [0.0677675902843, -0.0937903001904, 0.0870870426297, -0.0805426463485, 0.0704052895308, -0.0738311633468, 0.0755070373416, -0.0870956778526, 0.0853037387133, -0.0787046328187, 0.0650707557797, -0.0503331795335, 0.0421872064471]]}, "spectral_contrast_coeffs": {"dmean": [0.0296333990991, 0.0315265022218, 0.0219711475074, 0.0189158506691, 0.0141037078574, 0.028625940904], "dmean2": [0.0475615672767, 0.0537294223905, 0.0347799137235, 0.0300632510334, 0.0231238435954, 0.0496538542211], "dvar": [0.000616234261543, 0.000712645240128, 0.000390877015889, 0.000273917714367, 0.000150915948325, 0.000650092901196], "dvar2": [0.00156625767704, 0.00199631392024, 0.000864647561684, 0.000676950672641, 0.000371349800844, 0.00185907655396], "max": [-0.278115004301, -0.346737921238, -0.362831026316, -0.611852824688, -0.620326757431, -0.662003934383], "mean": [-0.550835371017, -0.644382297993, -0.715057432652, -0.730969369411, -0.736890912056, -0.88966345787], "median": [-0.547795116901, -0.640754342079, -0.724721431732, -0.727169632912, -0.726863503456, -0.899946331978], "min": [-0.976114571095, -0.961143434048, -0.96802687645, -0.959588110447, -0.954318523407, -0.960869908333], "var": [0.00665697595105, 0.00768121471629, 0.00670015858486, 0.002086362103, 0.00326205301099, 0.0019746676553]}, "spectral_contrast_valleys": {"dmean": [0.292462229729, 0.225935220718, 0.197476789355, 0.179306998849, 0.181992769241, 0.618136048317], "dmean2": [0.470019221306, 0.379277825356, 0.32181429863, 0.295080065727, 0.295468747616, 1.07386004925], "dvar": [0.0843880102038, 0.0586623325944, 0.0472499839962, 0.0515319593251, 0.0659909173846, 0.278016448021], "dva