{"lowlevel": {"average_loudness": 0.87746077776, "barkbands_crest": {"dmean": 2.84993815422, "dmean2": 4.67981243134, "dvar": 6.98145055771, "dvar2": 18.0181922913, "max": 25.2049713135, "mean": 11.5871591568, "median": 10.9023094177, "min": 3.46964168549, "var": 17.3753013611}, "barkbands_flatness_db": {"dmean": 0.0251197982579, "dmean2": 0.037145331502, "dvar": 0.00069319299655, "dvar2": 0.00147003238089, "max": 0.487894803286, "mean": 0.1928832829, "median": 0.184602946043, "min": 0.0291247200221, "var": 0.00415770849213}, "barkbands_kurtosis": {"dmean": 4.84518241882, "dmean2": 7.49765205383, "dvar": 130.636322021, "dvar2": 333.23638916, "max": 438.570037842, "mean": 9.53523540497, "median": 5.67983818054, "min": -1.96463286877, "var": 248.059906006}, "barkbands_skewness": {"dmean": 0.597469449043, "dmean2": 0.896303772926, "dvar": 0.460429489613, "dvar2": 1.01938617229, "max": 17.845413208, "mean": 2.20422196388, "median": 2.00559735298, "min": -2.742603302, "var": 1.97987103462}, "barkbands_spread": {"dmean": 3.88940763474, "dmean2": 5.6520781517, "dvar": 41.1927337646, "dvar2": 70.8132400513, "max": 105.782310486, "mean": 14.1323394775, "median": 10.9738893509, "min": 0.189279705286, "var": 176.72517395}, "dissonance": {"dmean": 0.0217626020312, "dmean2": 0.0358238629997, "dvar": 0.000427043938544, "dvar2": 0.00108363153413, "max": 0.500000059605, "mean": 0.445565164089, "median": 0.45306712389, "min": 0.238673910499, "var": 0.00133632693905}, "dynamic_complexity": 3.3427696228, "erbbands_crest": {"dmean": 2.22821640968, "dmean2": 3.42261457443, "dvar": 4.48381710052, "dvar2": 10.4804601669, "max": 30.9722003937, "mean": 10.2757987976, "median": 8.73780727386, "min": 2.1871240139, "var": 27.9496593475}, "erbbands_flatness_db": {"dmean": 0.0184161923826, "dmean2": 0.0258656330407, "dvar": 0.000369771791156, "dvar2": 0.000735213747248, "max": 0.343558609486, "mean": 0.174094200134, "median": 0.173934012651, "min": 0.0589805692434, "var": 0.00206985580735}, "erbbands_kurtosis": {"dmean": 1.10555946827, "dmean2": 1.59371221066, "dvar": 5.68600845337, "dvar2": 10.006980896, "max": 76.2641906738, "mean": 1.14177906513, "median": -0.0457043647766, "min": -1.75399839878, "var": 19.8223552704}, "erbbands_skewness": {"dmean": 0.353081047535, "dmean2": 0.503380477428, "dvar": 0.138434320688, "dvar2": 0.256430000067, "max": 7.36483049393, "mean": 0.512792646885, "median": 0.473715782166, "min": -5.29979610443, "var": 1.08864963055}, "erbbands_spread": {"dmean": 6.77896738052, "dmean2": 9.82576274872, "dvar": 61.9856796265, "dvar2": 137.20401001, "max": 129.510559082, "mean": 35.8416519165, "median": 33.9912910461, "min": 2.35976099968, "var": 294.736175537}, "hfc": {"dmean": 4.23170137405, "dmean2": 5.70786190033, "dvar": 55.4417037964, "dvar2": 88.3067321777, "max": 197.80291748, "mean": 16.0731086731, "median": 12.0889263153, "min": 1.20081888934e-16, "var": 279.38104248}, "melbands_crest": {"dmean": 3.38331627846, "dmean2": 5.56909132004, "dvar": 9.07653713226, "dvar2": 24.0273723602, "max": 32.9205055237, "mean": 15.5705404282, "median": 15.110121727, "min": 2.65567922592, "var": 23.7049655914}, "melbands_flatness_db": {"dmean": 0.030472882092, "dmean2": 0.0443932674825, "dvar": 0.000972205772996, "dvar2": 0.00198591127992, "max": 0.630647599697, "mean": 0.28755903244, "median": 0.281638681889, "min": 0.0063662934117, "var": 0.0069594536908}, "melbands_kurtosis": {"dmean": 9.02621078491, "dmean2": 13.6166324615, "dvar": 224.981216431, "dvar2": 500.353973389, "max": 513.809997559, "mean": 21.1960010529, "median": 13.5440750122, "min": -1.88076579571, "var": 675.819946289}, "melbands_skewness": {"dmean": 0.744479179382, "dmean2": 1.1203609705, "dvar": 0.585296571255, "dvar2": 1.29942071438, "max": 14.9754657745, "mean": 3.21652126312, "median": 2.97580504417, "min": -1.29613089561, "var": 2.92897152901}, "melbands_spread": {"dmean": 4.42527627945, "dmean2": 6.47249746323, "dvar": 90.4203796387, "dvar2": 169.245040894, "max": 220.590545654, "mean": 13.7134656906, "median": 9.06201076508, "min": 0.230967670679, "var": 277.182189941}, "pitch_salience": {"dmean": 0.0707209482789, "dmean2": 0.114695459604, "dvar": 0.00412499625236, "dvar2": 0.010839403607, "max": 0.942867279053, "mean": 0.509279072285, "median": 0.507287144661, "min": 0.125251695514, "var": 0.0115518104285}, "silence_rate_20dB": {"dmean": 0, "dmean2": 0, "dvar": 0, "dvar2": 0, "max": 1, "mean": 1, "median": 1, "min": 1, "var": 0}, "silence_rate_30dB": {"dmean": 0.029247911647, "dmean2": 0.0585026107728, "dvar": 0.0283915642649, "dvar2": 0.0657557174563, "max": 1, "mean": 0.971103608608, "median": 1, "min": 0, "var": 0.0280627403408}, "silence_rate_60dB": {"dmean": 0.0032497679349, "dmean2": 0.00650029024109, "dvar": 0.00324007123709, "dvar2": 0.00738636124879, "max": 1, "mean": 0.0360914468765, "median": 0, "min": 0, "var": 0.0347852297127}, "spectral_centroid": {"dmean": 183.812133789, "dmean2": 257.973114014, "dvar": 81521.171875, "dvar2": 128383.6875, "max": 10786.1806641, "mean": 914.097839355, "median": 735.251037598, "min": 119.942604065, "var": 481387.21875}, "spectral_complexity": {"dmean": 2.66689872742, "dmean2": 3.89483451843, "dvar": 8.33075523376, "dvar2": 15.73179245, "max": 50, "mean": 14.627248764, "median": 14, "min": 0, "var": 50.393611908}, "spectral_decrease": {"dmean": 3.35605121471e-09, "dmean2": 5.09735853527e-09, "dvar": 1.71276398138e-17, "dvar2": 3.67962990601e-17, "max": 1.03972144987e-22, "mean": -1.0544276563e-08, "median": -9.23110476947e-09, "min": -5.82023140794e-08, "var": 5.50948014505e-17}, "spectral_energy": {"dmean": 0.0129033559933, "dmean2": 0.0195581000298, "dvar": 0.000249799661105, "dvar2": 0.000536691281013, "max": 0.222000673413, "mean": 0.0412543453276, "median": 0.036267567426, "min": 1.09746357407e-20, "var": 0.00082212802954}, "spectral_energyband_high": {"dmean": 0.00023390284332, "dmean2": 0.000299061677651, "dvar": 1.11438691874e-06, "dvar2": 1.56160649567e-06, "max": 0.0296560954303, "mean": 0.000477444467833, "median": 6.92280955263e-05, "min": 7.83865752141e-21, "var": 4.40082430941e-06}, "spectral_energyband_low": {"dmean": 0.0100079122931, "dmean2": 0.0156991463155, "dvar": 0.000199371832423, "dvar2": 0.00043073980487, "max": 0.2160769701, "mean": 0.0223112758249, "median": 0.0160135291517, "min": 1.48387285871e-22, "var": 0.000450443214504}, "spectral_energyband_middle_high": {"dmean": 0.00100586167537, "dmean2": 0.00136501307134, "dvar": 2.05227593142e-06, "dvar2": 3.66751078218e-06, "max": 0.0280594546348, "mean": 0.00351724168286, "median": 0.00203838595189, "min": 1.62713252345e-21, "var": 1.62886044563e-05}, "spectral_energyband_middle_low": {"dmean": 0.00579479383305, "dmean2": 0.00896318722516, "dvar": 6.26789915259e-05, "dvar2": 0.000156677182531, "max": 0.129801914096, "mean": 0.0167422872037, "median": 0.0121503369883, "min": 3.86723799059e-22, "var": 0.000230950041441}, "spectral_entropy": {"dmean": 0.207572594285, "dmean2": 0.292678713799, "dvar": 0.0510390438139, "dvar2": 0.100071534514, "max": 9.81534767151, "mean": 7.03082895279, "median": 7.03999757767, "min": 4.95843839645, "var": 0.340376824141}, "spectral_flux": {"dmean": 0.029079483822, "dmean2": 0.0466171354055, "dvar": 0.000866963644512, "dvar2": 0.00224021379836, "max": 0.345039099455, "mean": 0.0847245156765, "median": 0.0789491683245, "min": 1.04759895203e-10, "var": 0.00214142235927}, "spectral_kurtosis": {"dmean": 3.48429536819, "dmean2": 5.77488136292, "dvar": 20.0902614594, "dvar2": 53.1678009033, "max": 68.1649475098, "mean": 8.86247158051, "median": 6.78108406067, "min": -1.17168617249, "var": 55.1592216492}, "spectral_rms": {"dmean": 0.000957806478254, "dmean2": 0.00143629335798, "dvar": 9.93856019704e-07, "dvar2": 2.09710765375e-06, "max": 0.0147168617696, "mean": 0.00591886695474, "median": 0.0059483605437, "min": 3.27214926162e-12, "var": 5.21518450114e-06}, "spectral_rolloff": {"dmean": 296.030517578, "dmean2": 472.151031494, "dvar": 592007.875, "dvar2": 1060715, "max": 18970.7519531, "mean": 867.127319336, "median": 409.130859375, "min": 64.599609375, "var": 2670950.5}, "spectral_skewness": {"dmean": 0.3534694314, "dmean2": 0.549667477608, "dvar": 0.136509135365, "dvar2": 0.333376854658, "max": 6.44085884094, "mean": 2.0648355484, "median": 1.91304826736, "min": -0.27997303009, "var": 0.706128001213}, "spectral_spread": {"dmean": 482264.34375, "dmean2": 682961.5625, "dvar": 432060137472, "dvar2": 717378224128, "max": 39133960, "mean": 3573118.75, "median": 3292856.5, "min": 1091241.75, "var": 1795068395520.0}, "spectral_strongpeak": {"dmean": 0.32282948494, "dmean2": 0.561185240746, "dvar": 0.362870484591, "dvar2": 0.868239045143, "max": 10.1939744949, "mean": 0.647743344307, "median": 0.36706879735, "min": 0, "var": 0.619570612907}, "zerocrossingrate": {"dmean": 0.00720600225031, "dmean2": 0.00816877838224, "dvar": 0.000135966212838, "dvar2": 0.000132781089633, "max": 0.50634765625, "mean": 0.0357331000268, "median": 0.02734375, "min": 0.00244140625, "var": 0.00172702351119}, "barkbands": {"dmean": [0.000450631370768, 0.00859696324915, 0.00189397111535, 0.0017951708287, 0.00339192408137, 0.00130911893211, 0.000983137171715, 0.000503050687257, 0.000410094566178, 0.000276875594864, 0.000216254979023, 0.000165635836311, 0.000209769888897, 0.000199414935196, 0.000186942037544, 0.000127346167574, 0.000140214295243, 0.000140792195452, 8.21806752356e-05, 5.33970705874e-05, 3.95215793105e-05, 0.000100330602436, 7.41107141948e-05, 2.70847522188e-05, 8.94357617653e-06, 6.24815083938e-06, 1.20156585126e-06], "dmean2": [0.00077509356197, 0.0136740654707, 0.00304532120936, 0.00302134966478, 0.00553878908977, 0.00184889230877, 0.00149535317905, 0.000728229933884, 0.000594952027313, 0.000399394077249, 0.000308098678943, 0.000244761089562, 0.000306463480229, 0.000292701966828, 0.000273691199254, 0.000185287441127, 0.000204162395676, 0.000200908616534, 0.000115229428047, 7.68467580201e-05, 5.52500678168e-05, 0.000132305372972, 9.9976961792e-05, 3.91612738895e-05, 1.27251441882e-05, 8.82026961335e-06, 1.86154011317e-06], "dvar": [6.88499028456e-07, 0.000164726850926, 7.90391095506e-06, 8.34551428852e-06, 3.35495169566e-05, 8.11175959825e-06, 3.73352486349e-06, 1.53080782184e-06, 7.48110664972e-07, 3.90355836544e-07, 3.79036265485e-07, 2.08106982313e-07, 2.45241409402e-07, 2.75651643733e-07, 2.57233949696e-07, 8.81654287355e-08, 9.59758210684e-08, 7.80656890242e-08, 3.31546701204e-08, 2.0777276788e-08, 2.69329838432e-08, 3.19670391491e-07, 1.73439090645e-07, 1.71422982476e-08, 1.48626932983e-09, 1.79034220782e-09, 2.43739681216e-11], "dvar2": [1.93026244233e-06, 0.000364017207175, 1.99071200768e-05, 2.22909602599e-05, 8.91899398994e-05, 1.61794578162e-05, 8.70431176736e-06, 3.22074629366e-06, 1.58581804044e-06, 7.62564411616e-07, 7.21175297258e-07, 4.69176370643e-07, 5.03784917782e-07, 5.73344948407e-07, 5.51337791421e-07, 1.71831658236e-07, 1.98095719384e-07, 1.54438680511e-07, 6.09709118748e-08, 4.18640695443e-08, 5.50174945602e-08, 5.10049687819e-07, 2.78400904108e-07, 3.3649548925e-08, 3.16643911091e-09, 3.56479956665e-09, 4.96573719644e-11], "max": [0.0123814232647, 0.175090685487, 0.0407171957195, 0.0448866412044, 0.0743962973356, 0.0814546570182, 0.0394079424441, 0.0434831529856, 0.0200923718512, 0.0197670720518, 0.0193417351693, 0.0172290168703, 0.0124642867595, 0.0122208436951, 0.0123227145523, 0.00585320731625, 0.0081867557019, 0.00593113387004, 0.00448374403641, 0.00424632057548, 0.00639863032848, 0.0201540756971, 0.0135029032826, 0.00314987124875, 0.00122376333456, 0.00151194934733, 0.000140630130772], "mean": [0.000546959228814, 0.0156720150262, 0.00440725451335, 0.00282088876702, 0.00588448811322, 0.00391721352935, 0.00186098879203, 0.00107386917807, 0.000939694233239, 0.000601793173701, 0.000458237132989, 0.000330260168994, 0.000398031465011, 0.000390893837903, 0.000347113469616, 0.00024559913436, 0.000314147939207, 0.000313289230689, 0.000188193531358, 0.000101792611531, 7.01862372807e-05, 0.000179374008439, 0.000126212544274, 4.0541497583e-05, 1.51145177369e-05, 8.83586926648e-06, 1.40233976254e-06], "median": [0.000286742666503, 0.0107220355421, 0.0026101176627, 0.0016869304236, 0.00331920688041, 0.0012780027464, 0.000645001186058, 0.000281359738437, 0.000322419044096, 0.000188625432202, 0.00011380941578, 0.000115565191663, 9.69032334979e-05, 9.90599364741e-05, 9.66647057794e-05, 7.36168803996e-05, 9.7803575045e-05, 0.000112902002002, 4.95951935591e-05, 2.97106944345e-05, 1.16931687444e-05, 1.6304116798e-05, 7.75457374402e-06, 7.44515318729e-06, 2.92162917503e-06, 1.69646284576e-06, 1.49770272628e-07], "min": [1.58377142695e-23, 9.99341237855e-23, 3.18764050541e-23, 2.11584422357e-23, 1.33458945209e-22, 5.15934027785e-23, 5.10811480611e-23, 2.09157570668e-23, 1.01422546541e-22, 5.459663411e-23, 1.17367104132e-22, 4.91967234416e-23, 1.39729266068e-22, 1.21768380003e-22, 8.87058184485e-23, 1.33341739411e-22, 1.37801454098e-22, 2.24463315009e-22, 3.45685008094e-22, 4.03873483677e-22, 4.03168986713e-22, 4.10057219163e-22, 6.21883563072e-22, 7.82461413122e-22, 1.51291424913e-21, 1.67614246987e-21, 2.40428203754e-21], "var": [6.83502150878e-07, 0.000285256333882, 2.4940345611e-05, 1.32858694997e-05, 5.41954723303e-05, 4.99570269312e-05, 1.04319215097e-05, 7.49140099288e-06, 2.75874185718e-06, 1.73917896973e-06, 1.74082845206e-06, 5.30215345407e-07, 8.00231816811e-07, 8.2840892901e-07, 7.03963507931e-07, 3.02940975416e-07, 3.86267657859e-07, 2.81525927903e-07, 1.65512432204e-07, 6.2058830963e-08, 5.97077942643e-08, 1.06211462025e-06, 5.39634754659e-07, 3.06170804265e-08, 2.53842880049e-09, 2.64740518396e-09, 3.65287765314e-11]}, "erbbands": {"dmean": [0.310141175985, 1.76085293293, 2.02130246162, 4.4453086853, 8.2695980072, 12.0844087601, 13.1493635178, 8.85912322998, 13.0880651474, 13.6824493408, 9.90008068085, 9.51747322083, 8.54236125946, 8.76900005341, 7.6900806427, 6.87241029739, 9.46714878082, 9.09883594513, 10.0303506851, 7.67755317688, 6.87368535995, 6.45000171661, 7.99506092072, 4.29168844223, 4.30062007904, 2.31925535202, 1.29503619671, 2.07386207581, 3.55425620079, 3.07935833931, 2.06410479546, 0.772753059864, 0.390237420797, 0.125455796719, 0.0579211525619, 0.0348679497838, 0.00963891297579, 0.00177353445906, 0.000199987203814, 2.10465041164e-05], "dmean2": [0.492483645678, 2.79378080368, 3.23024368286, 7.33680915833, 13.5334253311, 20.1494960785, 19.5110664368, 12.7536716461, 20.0736026764, 20.5292510986, 14.1120414734, 13.7210512161, 12.2327213287, 12.8144197464, 10.7786369324, 10.0692367554, 13.6267147064, 13.1847028732, 14.0940742493, 10.9842758179, 9.93807220459, 9.12784385681, 11.2262763977, 6.11915779114, 5.96861791611, 3.28078722954, 1.82410860062, 2.90753626823, 4.5930519104, 4.14591407776, 2.83298897743, 1.13057863712, 0.559876978397, 0.180086478591, 0.0818866565824, 0.049355275929, 0.0135479317978, 0.00260774535127, 0.000305994966766, 3.19478021993e-05], "dvar": [0.204348668456, 7.32924413681, 7.6924943924, 44.6909637451, 186.765975952, 549.442932129, 786.041992188, 471.736358643, 749.383850098, 731.320983887, 757.346740723, 495.519195557, 320.055969238, 515.86315918, 507.947540283, 365.550354004, 484.144165039, 499.360198975, 801.107055664, 384.940063477, 235.601577759, 187.514892578, 270.215789795, 66.6715545654, 104.899307251, 45.2044143677, 16.7700748444, 100.546463013, 393.737823486, 319.952575684, 150.320556641, 15.3973493576, 4.03070402145, 0.295954465866, 0.0827426016331, 0.0601209960878, 0.00360527052544, 7.85630909377e-05, 6.6276305688e-07, 1.38748257328e-09], "dvar2": [0.462367713451, 16.4015407562, 18.4354343414, 117.378829956, 480.101928711, 1520.7220459, 1808.75610352, 860.752319336, 1783.68359375, 1597.9284668, 1530.01818848, 1059.82678223, 608.693115234, 1036.27246094, 970.078735352, 860.641357422, 961.68359375, 993.712036133, 1535.34106445, 786.811767578, 485.928466797, 370.243652344, 525.74407959, 136.635803223, 182.453765869, 89.2051391602, 31.584985733, 196.940567017, 620.575073242, 547.363464355, 253.291229248, 29.9016132355, 8.08284282684, 0.646868169308, 0.154024764895, 0.118746459484, 0.0068770502694, 0.000138729767059, 1.38404641348e-06, 3.15931858452e-09], "max": [7.49670982361, 31.0136070251, 38.1674804688, 99.6822052002, 208.701950073, 348.53012085, 594.670043945, 708.691162109, 678.046630859, 777.399841309, 1195.40722656, 565.132385254, 752.454406738, 707.130981445, 923.574523926, 777.672302246, 610.851379395, 714.516235352, 590.123901367, 525.343444824, 400.795257568, 574.012939453, 412.294921875, 217.604782104, 302.177032471, 213.624725342, 121.373336792, 381.090698242, 777.398010254, 612.414733887, 423.339447021, 92.6483764648, 59.4646034241, 18.6396942139, 9.37723922729, 9.25044631958, 2.00022578239, 0.296513795853, 0.0255911909044, 0.000814856553916], "mean": [0.494229137897, 3.32999396324, 5.1632027626, 8.53340148926, 12.2354812622, 19.1449775696, 41.8474884033, 21.2129421234, 24.5445957184, 27.3718757629, 22.8593921661, 22.0510826111, 20.8309345245, 19.1417732239, 17.464214325, 14.8228588104, 18.4924468994, 19.5689601898, 20.7523708344, 15.5518884659, 14.6985931396, 16.0254306793, 18.934671402, 10.057390213, 9.93476772308, 4.72900056839, 2.50450849533, 3.63290667534, 6.23289489746, 5.45998859406, 3.42372441292, 1.19277381897, 0.583396553993, 0.207299947739, 0.0941036194563, 0.0488660819829, 0.013823132962, 0.00239484966733, 0.000257240666542, 5.72022145207e-05], "median": [0.283329218626, 2.39805364609, 3.7075946331, 5.58944511414, 7.42198228836, 9.15182590485, 9.55577087402, 9.61379146576, 9.61684989929, 10.5962734222, 7.07361412048, 7.44817876816, 7.39426660538, 6.76246833801, 5.91383695602, 5.73602342606, 5.19617700577, 5.44549512863, 5.07900571823, 4.98878383636, 5.10483598709, 5.52304697037, 6.91330862045, 4.218064785, 2.38491535187, 1.41660583019, 0.562033832073, 0.510378420353, 0.588643074036, 0.448229461908, 0.201793193817, 0.136419191957, 0.11875641346, 0.0430038049817, 0.0164329838008, 0.00858460646123, 0.00245222239755, 0.000297675578622, 5.2494197007e-05, 4.6428420319e-05], "min": [2.27123237861e-21, 2.45689654061e-20, 3.51628888465e-20, 6.72582624018e-20, 1.08401437664e-19, 7.85147998413e-19, 3.59676302462e-19, 4.34699593617e-19, 8.51312986539e-19, 3.08534852965e-19, 9.19546908473e-19, 2.14307400666e-18, 1.49146423688e-18, 3.66565708838e-18, 3.79244733268e-18, 2.81014553985e-18, 5.6486807455e-18, 4.76990432865e-18, 5.6477038452e-18, 6.77200773378e-18, 7.5834801865e-18, 8.07171030817e-18, 9.63540013043e-18, 1.69772368718e-17, 1.98476611308e-17, 1.60702730348e-17, 1.418243181e-17, 1.79322483218e-17, 1.27238493466e-17, 2.05165954747e-17, 1.75410117444e-17, 1.7201715492e-17, 1.34644712983e-17, 1.91346132448e-17, 9.7808234452e-18, 6.75286925595e-18, 2.74300328953e-18, 1.21184017351e-18, 3.23536523006e-19, 3.72045773934e-20], "var": [0.387127608061, 12.1671686172, 25.1940631866, 92.2227172852, 229.332336426, 715.094604492, 7228.52294922, 1769.34912109, 1882.01635742, 2325.69580078, 4216.12304688, 1662.17382812, 1745.00622559, 1827.18762207, 2045.07922363, 923.282836914, 1543.81103516, 1814.71203613, 2522.91455078, 1367.10107422, 802.141418457, 1080.03771973, 978.785644531, 256.091674805, 533.109863281, 136.659851074, 50.7420158386, 230.608657837, 1258.69970703, 1048.98205566, 437.446228027, 32.5906410217, 6.17966508865, 0.461163848639, 0.152843862772, 0.0874917730689, 0.00586184719577, 0.000150462728925, 9.79577635007e-07, 2.64802824113e-09]}, "gfcc": {"mean": [-40.6429672241, 135.193084717, -99.5521316528, 36.006072998, -40.095451355, 8.20339107513, -30.8870105743, 7.40652132034, -14.4057378769, -3.29035615921, -7.67590427399, 1.40417957306, -8.49299812317], "cov": [[19023.3027344, 736.776794434, -841.419616699, 619.662963867, -629.851806641, 444.235229492, -380.550415039, 115.354988098, -62.5077552795, 44.9150543213, -337.034942627, -135.75894165, -443.118103027], [736.776794434, 1968.0592041, -192.15284729, -336.085449219, 431.671142578, -153.956115723, 120.586326599, -36.9518508911, 128.658630371, -173.735641479, 165.673202515, -70.1048049927, 140.845962524], [-841.419616699, -192.15284729, 725.863769531, 80.4111022949, -115.244789124, 148.59475708, -22.2394313812, -70.9112167358, -23.0984649658, 14.8253698349, 0.62759488821, 55.286315918, 31.3916873932], [619.662963867, -336.085449219, 80.4111022949, 363.306549072, -35.2919464111, 24.78099823, -0.389309257269, 18.5985908508, 32.3820381165, 15.198392868, -40.7622795105, -3.11541819572, -25.503786087], [-629.851806641, 431.671142578, -115.244789124, -35.2919464111, 341.051300049, -85.3050918579, 77.2695617676, 34.4908752441, 64.9933395386, -47.1367263794, 48.8846206665, -26.20063591, 47.9814872742], [444.235229492, -153.956115723, 148.59475708, 24.78099823, -85.3050918579, 220.094528198, 41.5002708435, -28.899225235, -25.2242851257, 40.8740501404, -38.5771446228, -9.45267009735, -23.4331455231], [-380.550415039, 120.586326599, -22.2394313812, -0.389309257269, 77.2695617676, 41.5002708435, 193.493560791, 21.9459953308, 18.8922100067, 9.02265453339, 11.521569252, -32.8452339172, -4.03856611252], [115.354988098, -36.9518508911, -70.9112167358, 18.5985908508, 34.4908752441, -28.899225235, 21.9459953308, 127.733764648, 22.8657512665, -9.30856227875, 9.21911716461, -5.13591575623, -20.0173015594], [-62.5077552795, 128.658630371, -23.0984649658, 32.3820381165, 64.9933395386, -25.2242851257, 18.8922100067, 22.8657512665, 119.189277649, 3.74744486809, -0.230526149273, -9.38911914825, 9.87557411194], [44.9150543213, -173.735641479, 14.8253698349, 15.198392868, -47.1367263794, 40.8740501404, 9.02265453339, -9.30856227875, 3.74744486809, 93.5527114868, -9.3303976059, -13.691740036, -29.1959381104], [-337.034942627, 165.673202515, 0.62759488821, -40.7622795105, 48.8846206665, -38.5771446228, 11.521569252, 9.21911716461, -0.230526149273, -9.3303976059, 113.545463562, 18.4351577759, 18.801897049], [-135.75894165, -70.1048049927, 55.286315918, -3.11541819572, -26.20063591, -9.45267009735, -32.8452339172, -5.13591575623, -9.38911914825, -13.691740036, 18.4351577759, 89.7214584351, 27.8270645142], [-443.118103027, 140.845962524, 31.3916873932, -25.503786087, 47.9814872742, -23.4331455231, -4.03856611252, -20.0173015594, 9.87557411194, -29.1959381104, 18.801897049, 27.8270645142, 115.747756958]], "icov": [[0.000165336139617, -0.000465615419671, 0.000318134902045, -0.000613560259808, 0.000410790700698, -0.000556630722713, 0.000549820775632, -0.000423320656409, 0.000411603512475, -0.000400590739446, 0.000504352268763, -0.000373327318812, 0.000512724916916], [-0.000465615419671, 0.00264866044745, -0.00082657020539, 0.00270034302957, -0.00186040415429, 0.00148178928066, -0.00184378179256, 0.00218169461004, -0.0025546271354, 0.0032311542891, -0.00277584372088, 0.00241599348374, -0.00189912854694], [0.000318134902045, -0.00082657020539, 0.00250535598025, -0.00156825617887, 0.00106122810394, -0.00237721344456, 0.00122736825142, -9.11230526981e-05, 0.000574040517677, -0.000452130305348, 0.000321375991916, -0.00147157791071, 0.000443138909759], [-0.000613560259808, 0.00270034302957, -0.00156825617887, 0.00611943984404, -0.0018369219033, 0.00211453810334, -0.0023096522782, 0.00174008123577, -0.0034981619101, 0.00287775602192, -0.00181437027641, 0.00226688291878, -0.00167711568065], [0.000410790700698, -0.00186040415429, 0.00106122810394, -0.0018369219033, 0.00624270550907, -0.000266695715254, -0.000172666448634, -0.00181381416041, -0.000157585236593, -0.000363202416338, 0.000641518330667, -0.000135762398713, 3.26272274833e-05], [-0.000556630722713, 0.00148178928066, -0.00237721344456, 0.00211453810334, -0.000266695715254, 0.00904696527869, -0.00406720489264, 0.00199853326194, -0.000365940650227, -0.000549128046259, 0.000299789448036, 0.00154458393808, -0.00120490556583], [0.000549820775632, -0.00184378179256, 0.00122736825142, -0.0023096522782, -0.000172666448634, -0.00406720489264, 0.00874909292907, -0.00261673051864, 0.00144311180338, -0.00232367264107, 0.00100422068499, 0.000195410088054, 0.00168823753484], [-0.000423320656409, 0.00218169461004, -9.11230526981e-05, 0.00174008123577, -0.00181381416041, 0.00199853326194, -0.00261673051864, 0.0111763011664, -0.00346239632927, 0.00375795993023, -0.00298288231716, 0.00118990801275, 0.000572544580791], [0.000411603512475, -0.0025546271354, 0.000574040517677, -0.0034981619101, -0.000157585236593, -0.000365940650227, 0.00144311180338, -0.00346239632927, 0.0128189418465, -0.00509127695113, 0.0035809923429, -0.00199794140644, 0.000721362652257], [-0.000400590739446, 0.0032311542891, -0.000452130305348, 0.00287775602192, -0.000363202416338, -0.000549128046259, -0.00232367264107, 0.00375795993023, -0.00509127695113, 0.0176975447685, -0.00431296974421, 0.0044162562117, 0.000436795526184], [0.000504352268763, -0.00277584372088, 0.000321375991916, -0.00181437027641, 0.000641518330667, 0.000299789448036, 0.00100422068499, -0.00298288231716, 0.0035809923429, -0.00431296974421, 0.0138381756842, -0.00489617837593, 0.00167138699908], [-0.000373327318812, 0.00241599348374, -0.00147157791071, 0.00226688291878, -0.000135762398713, 0.00154458393808, 0.000195410088054, 0.00118990801275, -0.00199794140644, 0.0044162562117, -0.00489617837593, 0.0166824553162, -0.00481982482597], [0.000512724916916, -0.00189912854694, 0.000443138909759, -0.00167711568065, 3.26272274833e-05, -0.00120490556583, 0.00168823753484, 0.000572544580791, 0.000721362652257, 0.000436795526184, 0.00167138699908, -0.00481982482597, 0.0132598886266]]}, "melbands": {"dmean": [0.00257163541391, 0.00140229822136, 0.000791456899606, 0.000769538339227, 0.000455423025414, 0.000210692320252, 0.000201123824809, 0.000139113908517, 7.88010074757e-05, 5.9503428929e-05, 4.33016102761e-05, 3.62705832231e-05, 2.90904881695e-05, 1.90619521163e-05, 1.95314296434e-05, 2.08569399547e-05, 1.77047477337e-05, 1.81641808013e-05, 1.24862444864e-05, 9.47682019614e-06, 8.66896243679e-06, 6.6797620093e-06, 9.1438068921e-06, 6.93243146088e-06, 3.32870013153e-06, 3.45573016602e-06, 2.74147146229e-06, 1.38063080612e-06, 8.28830707178e-07, 9.57866291174e-07, 1.33438516059e-06, 1.99737564799e-06, 2.2933204491e-06, 1.66299207649e-06, 1.40343342991e-06, 8.16783483515e-07, 3.72691147277e-07, 3.12561155624e-07, 1.78044913923e-07, 8.72220908832e-08], "dmean2": [0.00408249860629, 0.00221344665624, 0.00130516022909, 0.00126988138072, 0.000695834110957, 0.000302174536046, 0.00030694284942, 0.000207371122087, 0.000111868437671, 8.58337516547e-05, 6.20978898951e-05, 5.31385921931e-05, 4.07683073718e-05, 2.79370651697e-05, 2.86685099127e-05, 3.00332903862e-05, 2.61291588686e-05, 2.54292590398e-05, 1.81308969331e-05, 1.3668356587e-05, 1.28448555188e-05, 9.69014581642e-06, 1.30743619593e-05, 9.85072711046e-06, 4.87037050334e-06, 4.8462588893e-06, 3.91427101931e-06, 2.00221347768e-06, 1.20937306747e-06, 1.38211134981e-06, 1.89531465367e-06, 2.68303233497e-06, 3.22254300045e-06, 2.24035647989e-06, 1.93144092009e-06, 1.19246556096e-06, 5.57847499749e-07, 4.61171595134e-07, 2.57274137994e-07, 1.29926974068e-07], "dvar": [1.46540469359e-05, 3.66279095942e-06, 1.33357764298e-06, 2.13395878745e-06, 7.67457834172e-07, 2.39281405356e-07, 1.64120962154e-07, 7.52168887175e-08, 4.35671054788e-08, 1.80026358265e-08, 8.24560775214e-09, 8.97306584591e-09, 6.99759450384e-09, 3.09482306449e-09, 2.19438067717e-09, 2.77949774308e-09, 2.19748796937e-09, 2.99045188612e-09, 1.57540536172e-09, 5.21976961654e-10, 3.88144988372e-10, 2.23728993665e-10, 4.27788943158e-10, 1.93221771916e-10, 4.73772895915e-11, 7.45704747951e-11, 4.65379748626e-11, 1.96637844896e-11, 7.03098039859e-12, 1.54213083275e-11, 4.38943603687e-11, 1.21542595433e-10, 2.18081733228e-10, 8.90152326849e-11, 7.71153627066e-11, 2.19688902486e-11, 3.59487613288e-12, 2.80153266037e-12, 6.87494928608e-13, 1.37235492068e-13], "dvar2": [3.24169777741e-05, 8.28450538393e-06, 3.46551519215e-06, 5.74117939323e-06, 1.84684301985e-06, 4.50778458116e-07, 3.90769343994e-07, 1.63903195016e-07, 8.64870628448e-08, 3.78252416056e-08, 1.56475881141e-08, 1.81556139012e-08, 1.30166464274e-08, 7.04882907598e-09, 4.41452874256e-09, 5.63877700088e-09, 4.43094494429e-09, 5.71520164527e-09, 3.48803541605e-09, 1.01749042525e-09, 8.18241363554e-10, 4.47168135853e-10, 9.0781993034e-10, 3.84371756645e-10, 1.03451872069e-10, 1.31125776903e-10, 9.22526291469e-11, 4.05009671633e-11, 1.48358270113e-11, 3.29715039993e-11, 8.55445575487e-11, 2.05902850325e-10, 4.241721141e-10, 1.57375862342e-10, 1.35179964444e-10, 4.44684566947e-11, 7.35516682282e-12, 5.74872311213e-12, 1.37887162625e-12, 3.31465567884e-13], "max": [0.0572568178177, 0.0243485569954, 0.0166186913848, 0.0191857609898, 0.0174840912223, 0.0150198154151, 0.00936383474618, 0.00693287840113, 0.00930616445839, 0.00330994441174, 0.00378521787934, 0.00306546967477, 0.00272573414259, 0.00234134169295, 0.0010946696857, 0.00155941420235, 0.00159606884699, 0.00123978976626, 0.00117594492622, 0.000519090623129, 0.000480899791, 0.000647300155833, 0.00050321460003, 0.000371707923478, 0.000193886109628, 0.000257693900494, 0.000169012695551, 0.000147491329699, 9.52649133978e-05, 0.000157217422384, 0.000225611525821, 0.000410396489315, 0.000647567387205, 0.000295358680887, 0.000333072413923, 0.000157652728376, 4.45049263362e-05, 4.5615957788e-05, 3.20270191878e-05, 1.38895229611e-05], "mean": [0.00446552503854, 0.00336117227562, 0.00153240619693, 0.00112036429346, 0.0013108914718, 0.000531849625986, 0.000381962163374, 0.000280529988231, 0.000178933274583, 0.000136122456752, 0.000101158817415, 7.5623007433e-05, 6.36366894469e-05, 3.89791312045e-05, 3.84676604881e-05, 4.0164188249e-05, 3.49913279933e-05, 3.46958986484e-05, 2.31805970543e-05, 1.77598940354e-05, 1.73304488271e-05, 1.53025084728e-05, 2.05277920031e-05, 1.47651244333e-05, 7.01914132151e-06, 7.86312375567e-06, 5.37173900739e-06, 2.58031354861e-06, 1.48201797856e-06, 1.61198875048e-06, 2.22150720219e-06, 3.36586140293e-06, 3.81862219001e-06, 2.72530428447e-06, 2.20240985982e-06, 1.19082926631e-06, 5.30883028205e-07, 4.36973977003e-07, 2.72641841548e-07, 1.39834199331e-07], "median": [0.00286700902507, 0.00268039642833, 0.00109255884308, 0.000656924268696, 0.000369950314052, 0.000224724644795, 0.000144331701449, 0.000103549878986, 5.02191032865e-05, 4.6429955546e-05, 3.39065154549e-05, 2.3484661142e-05, 1.78031059477e-05, 1.39581297844e-05, 1.35696018333e-05, 9.27427117858e-06, 9.72620819084e-06, 7.18090359442e-06, 6.73904969517e-06, 5.43065652892e-06, 5.72445151192e-06, 4.98559711559e-06, 5.77905939281e-06, 5.43816486243e-06, 2.73047407973e-06, 1.64523589774e-06, 1.34748620439e-06, 6.75034584674e-07, 3.04518493977e-07, 2.8237815286e-07, 2.60961400045e-07, 3.06553658902e-07, 3.2198843769e-07, 1.882210654e-07, 1.06894319174e-07, 8.3181419086e-08, 7.34294829385e-08, 8.30775093164e-08, 5.71639340308e-08, 2.37458444019e-08], "min": [2.62506024878e-23, 2.48158049184e-23, 1.10149918262e-23, 3.15891587104e-23, 1.90540705741e-23, 9.74233436073e-24, 1.25661361239e-23, 2.80329847938e-24, 9.95701575633e-24, 1.35782730643e-23, 7.34760272138e-24, 1.40443068435e-23, 1.39265314881e-23, 6.33673939692e-24, 1.17362260526e-23, 1.24114073682e-23, 8.8875475608e-24, 1.00275249329e-23, 7.80324010277e-24, 9.70085842091e-24, 8.93761104042e-24, 8.11063868715e-24, 9.63779214698e-24, 8.8818874838e-24, 1.47045581777e-23, 1.09871450363e-23, 1.63657777595e-23, 9.6616646557e-24, 9.20094937667e-24, 1.01418316669e-23, 1.00486916487e-23, 5.52499915887e-24, 9.76390024015e-24, 1.23795436985e-23, 1.11568597825e-23, 8.28016410682e-24, 1.1361356195e-23, 8.05021194181e-24, 1.19450604112e-23, 1.70634337223e-23], "var": [2.62315406871e-05, 8.95946504897e-06, 2.46505737778e-06, 2.27354075832e-06, 5.90356830799e-06, 9.63267211773e-07, 4.36663924575e-07, 2.47002589049e-07, 2.47555391297e-07, 6.26119032177e-08, 4.3555253626e-08, 3.19603508103e-08, 3.23647135758e-08, 7.6046031694e-09, 6.59641319345e-09, 8.55937098976e-09, 6.70581501439e-09, 8.84779982613e-09, 4.01553856832e-09, 1.63340885262e-09, 1.19218379613e-09, 1.29659094572e-09, 1.46298717585e-09, 6.71495470339e-10, 1.52235363204e-10, 3.8252906398e-10, 1.4501122525e-10, 5.48376830056e-11, 1.9080325861e-11, 3.14138541568e-11, 9.76465922009e-11, 3.57894575087e-10, 5.93367077695e-10, 2.63109922738e-10, 2.10620187957e-10, 4.4636586094e-11, 6.25669915183e-12, 4.03117296488e-12, 1.03688412023e-12, 1.92577385787e-13]}, "mfcc": {"mean": [-681.956237793, 161.150024414, 7.07971715927, 33.6719741821, 14.8612155914, 6.95941209793, -0.244393527508, 10.7479524612, -1.92089653015, 0.905688047409, 4.82670640945, -0.417636424303, -0.517137348652], "cov": [[10145.1933594, 194.240402222, -440.039642334, 278.938751221, -179.951019287, -6.89546966553, -179.009292603, 61.3085174561, -127.111709595, 80.7070236206, 144.650543213, -76.7725372314, -45.2408752441], [194.240402222, 2175.15795898, -450.216217041, -29.8897838593, 221.879806519, -130.62663269, 104.260948181, 87.6457672119, 1.98128211498, -31.0272274017, 22.6971244812, 15.9650630951, 6.16512489319], [-440.039642334, -450.216217041, 775.832763672, -32.3528213501, -34.2743606567, 152.314834595, -4.88560533524, -20.6617927551, -21.0692119598, -10.4840803146, -60.9789924622, 8.63900661469, 0.940519034863], [278.938751221, -29.8897838593, -32.3528213501, 300.398406982, 71.6714096069, -17.1737957001, -20.4005718231, 44.9715385437, 26.4402389526, 23.5281352997, -10.6484031677, 17.2132263184, 40.3667640686], [-179.951019287, 221.879806519, -34.2743606567, 71.6714096069, 204.960510254, -43.6783180237, -16.9389209747, 22.7691574097, 11.6376180649, -12.2040891647, -31.2820472717, 18.6209907532, 18.0277423859], [-6.89546966553, -130.62663269, 152.314834595, -17.1737957001, -43.6783180237, 216.972549438, 34.1394462585, -26.0738124847, 36.3746795654, 13.3928089142, 25.9746646881, -13.6995782852, -35.5694274902], [-179.009292603, 104.260948181, -4.88560533524, -20.4005718231, -16.9389209747, 34.1394462585, 162.756652832, 19.5326862335, 2.5205411911, 14.9944133759, 20.232673645, 1.01866912842, -3.83571529388], [61.3085174561, 87.6457672119, -20.6617927551, 44.9715385437, 22.7691574097, -26.0738124847, 19.5326862335, 117.64150238, 14.6847505569, -0.951311290264, 15.501742363, 11.0873126984, 14.6818647385], [-127.111709595, 1.98128211498, -21.0692119598, 26.4402389526, 11.6376180649, 36.3746795654, 2.5205411911, 14.6847505569, 135.724502563, 14.8084506989, -3.66621589661, 0.928692877293, -10.8789520264], [80.7070236206, -31.0272274017, -10.4840803146, 23.5281352997, -12.2040891647, 13.3928089142, 14.9944133759, -0.951311290264, 14.8084506989, 102.818962097, 39.0356254578, -2.32061195374, 4.74366426468], [144.650543213, 22.6971244812, -60.9789924622, -10.6484031677, -31.2820472717, 25.9746646881, 20.232673645, 15.501742363, -3.66621589661, 39.0356254578, 120.665039062, 5.20339298248, -17.6433773041], [-76.7725372314, 15.9650630951, 8.63900661469, 17.2132263184, 18.6209907532, -13.6995782852, 1.01866912842, 11.0873126984, 0.928692877293, -2.32061195374, 5.20339298248, 70.508102417, 18.1007061005], [-45.2408752441, 6.16512489319, 0.940519034863, 40.3667640686, 18.0277423859, -35.5694274902, -3.83571529388, 14.6818647385, -10.8789520264, 4.74366426468, -17.6433773041, 18.1007061005, 87.378288269]], "icov": [[0.000117211231554, -2.80080039374e-05, 6.48934365017e-05, -0.000152301188791, 0.000170213636011, -7.63005809858e-05, 0.000183903117431, -8.78335122252e-05, 0.000174828150193, -6.91821987857e-05, -3.82028410968e-05, 9.01963649085e-05, 8.81018349901e-05], [-2.80080039374e-05, 0.000652162998449, 0.000315365527058, 0.000309531373205, -0.000777150213253, 7.00170567143e-05, -0.000470455735922, -0.000282005203189, 2.02088904189e-05, 0.000163370423252, -5.65762602491e-05, -1.13618607429e-05, -6.75526553096e-06], [6.48934365017e-05, 0.000315365527058, 0.0019585522823, 0.000270389951766, -0.000106881612737, -0.0016477619065, 0.00021597284649, -0.00063074339414, 0.000886829337105, -0.000312444230076, 0.00138147338293, -0.000590779643971, -0.000139189942274], [-0.000152301188791, 0.000309531373205, 0.000270389951766, 0.00453117256984, -0.00167541077826, -0.000392966030631, 0.000291974196443, -0.00141890067607, -0.000581509317271, -0.00106776796747, 0.000562930654269, -0.000457230198663, -0.00156602042262], [0.000170213636011, -0.000777150213253, -0.000106881612737, -0.00167541077826, 0.00696924654767, 0.000522260263097, 0.000969612970948, -0.000372470181901, -0.000177924637683, 8.63709356054e-05, 0.0013726435136, -0.00107688189019, 0.00027138038422], [-7.63005809858e-05, 7.00170567143e-05, -0.0016477619065, -0.000392966030631, 0.000522260263097, 0.00735395215452, -0.0016477064928, 0.00195782748051, -0.00244144466706, 0.000520733417943, -0.00225727981888, 0.000999521114863, 0.00164430250879], [0.000183903117431, -0.000470455735922, 0.00021597284649, 0.000291974196443, 0.000969612970948, -0.0016477064928, 0.00743890320882, -0.00166722165886, 0.000681799370795, -0.00119496358093, -1.77805977728e-05, -0.000239710469032, -7.70707119955e-05], [-8.78335122252e-05, -0.000282005203189, -0.00063074339414, -0.00141890067607, -0.000372470181901, 0.00195782748051, -0.00166722165886, 0.010731222108, -0.00186175538693, 0.00160750176292, -0.00264133489691, -0.000219294568524, -0.00117275398225], [0.000174828150193, 2.02088904189e-05, 0.000886829337105, -0.000581509317271, -0.000177924637683, -0.00244144466706, 0.000681799370795, -0.00186175538693, 0.00901269633323, -0.00182588817552, 0.00189334410243, -0.00062021514168, 0.0014658307191], [-6.91821987857e-05, 0.000163370423252, -0.000312444230076, -0.00106776796747, 8.63709356054e-05, 0.000520733417943, -0.00119496358093, 0.00160750176292, -0.00182588817552, 0.0123110767454, -0.00464746728539, 0.00125702144578, -0.00177359580994], [-3.82028410968e-05, -5.65762602491e-05, 0.00138147338293, 0.000562930654269, 0.0013726435136, -0.00225727981888, -1.77805977728e-05, -0.00264133489691, 0.00189334410243, -0.00464746728539, 0.0122959138826, -0.00242861453444, 0.00242414791137], [9.01963649085e-05, -1.13618607429e-05, -0.000590779643971, -0.000457230198663, -0.00107688189019, 0.000999521114863, -0.000239710469032, -0.000219294568524, -0.00062021514168, 0.00125702144578, -0.00242861453444, 0.0159901697189, -0.00302778906189], [8.81018349901e-05, -6.75526553096e-06, -0.000139189942274, -0.00156602042262, 0.00027138038422, 0.00164430250879, -7.70707119955e-05, -0.00117275398225, 0.0014658307191, -0.00177359580994, 0.00242414791137, -0.00302778906189, 0.0144180664793]]}, "spectral_contrast_coeffs": {"dmean": [0.0493323728442, 0.0437364131212, 0.0366327464581, 0.0313975177705, 0.0274369250983, 0.0166991446167], "dmean2": [0.0817828550935, 0.0695421621203, 0.0563967339694, 0.0478615239263, 0.0403343513608, 0.0249699726701], "dvar": [0.00181784364395, 0.00133143842686, 0.000992816640064, 0.000728821207304, 0.000719669100363, 0.00026991640334], "dvar2": [0.00493539962918, 0.00326110888273, 0.00222266511992, 0.00157324492466, 0.00140528811608, 0.00050738628488], "max": [-0.348496794701, -0.39762711525, -0.485844671726, -0.534868896008, -0.506758272648, -0.550733208656], "mean": [-0.665738403797, -0.691226840019, -0.747778594494, -0.76436650753, -0.753717184067, -0.766054868698], "median": [-0.669093608856, -0.693301141262, -0.753459811211, -0.770477414131, -0.760868668556, -0.771872699261], "min": [-0.968253016472, -0.972042262554, -0.97437274456, -0.966369867325, -0.963204920292, -0.961829304695], "var": [0.00495499372482, 0.00708986259997, 0.00622232677415, 0.00513242930174, 0.00581289362162, 0.00238930853084]}, "spectral_contrast_valleys": {"dmean": [0.368787556887, 0.344600349665, 0.342091172934, 0.346910864115, 0.354876846075, 0.372889727354], "dmean2": [0.59993070364, 0.539336681366, 0.509451210499, 0.49762660265, 0.476905614138, 0.480595439672], "dvar": [0.121824927628, 0.11056227237, 0.111713580787, 0.139234900475, 0.170337259769, 0.225365951657], "dvar2": [0.267893195152, 0.220872789621, 0.208123371005, 0.246524989605, 0.283733278513