{"lowlevel": {"average_loudness": 0.0555426217616, "barkbands_crest": {"dmean": 1.7372225523, "dmean2": 2.76415228844, "dvar": 3.53737688065, "dvar2": 8.78537845612, "max": 26.6956539154, "mean": 13.1517114639, "median": 12.1664476395, "min": 2.15200853348, "var": 36.8936653137}, "barkbands_flatness_db": {"dmean": 0.0143097592518, "dmean2": 0.0222779102623, "dvar": 0.000297880527796, "dvar2": 0.000633542949799, "max": 0.431156337261, "mean": 0.173526346684, "median": 0.172321587801, "min": 0.021065602079, "var": 0.0058898772113}, "barkbands_kurtosis": {"dmean": 5.59960031509, "dmean2": 8.88771820068, "dvar": 259.965118408, "dvar2": 634.12701416, "max": 816.930725098, "mean": 14.217124939, "median": 5.74688863754, "min": -1.80720734596, "var": 809.692932129}, "barkbands_skewness": {"dmean": 0.533841788769, "dmean2": 0.827504396439, "dvar": 0.554250001907, "dvar2": 1.27180290222, "max": 22.4880027771, "mean": 1.97549462318, "median": 1.77870810032, "min": -4.29900312424, "var": 5.24301099777}, "barkbands_spread": {"dmean": 2.42707157135, "dmean2": 3.87549519539, "dvar": 16.4305076599, "dvar2": 39.5176239014, "max": 119.447143555, "mean": 12.5657196045, "median": 8.91641998291, "min": 0.247998818755, "var": 124.677406311}, "dissonance": {"dmean": 0.0246566478163, "dmean2": 0.0418786853552, "dvar": 0.000754371110816, "dvar2": 0.00209621200338, "max": 0.500000119209, "mean": 0.447072774172, "median": 0.458310842514, "min": 0.163608908653, "var": 0.00207327585667}, "dynamic_complexity": 6.18649578094, "erbbands_crest": {"dmean": 2.20727443695, "dmean2": 3.4578063488, "dvar": 5.5063495636, "dvar2": 12.7681188583, "max": 33.6553955078, "mean": 11.8590841293, "median": 10.2255249023, "min": 2.12890529633, "var": 47.970867157}, "erbbands_flatness_db": {"dmean": 0.0134589122608, "dmean2": 0.0207755565643, "dvar": 0.000238102962612, "dvar2": 0.000522606365848, "max": 0.413122355938, "mean": 0.170371800661, "median": 0.159069418907, "min": 0.0283324606717, "var": 0.00338227511384}, "erbbands_kurtosis": {"dmean": 2.18791913986, "dmean2": 3.47731542587, "dvar": 24.7336044312, "dvar2": 62.4789581299, "max": 124.206100464, "mean": 5.49138355255, "median": 1.84905099869, "min": -1.6206278801, "var": 123.535560608}, "erbbands_skewness": {"dmean": 0.353109717369, "dmean2": 0.554781496525, "dvar": 0.184028819203, "dvar2": 0.462962448597, "max": 9.5451374054, "mean": 1.23030257225, "median": 1.01245236397, "min": -2.52667140961, "var": 2.03414368629}, "erbbands_spread": {"dmean": 4.64879751205, "dmean2": 7.34787321091, "dvar": 34.9745597839, "dvar2": 83.0661315918, "max": 155.55291748, "mean": 27.7753658295, "median": 25.6156024933, "min": 0.761156857014, "var": 280.103118896}, "hfc": {"dmean": 2.88273906708, "dmean2": 4.48654127121, "dvar": 108.815864563, "dvar2": 272.338928223, "max": 404.880523682, "mean": 11.5926055908, "median": 8.01027774811, "min": 1.01988914456e-16, "var": 211.792984009}, "melbands_crest": {"dmean": 2.14548921585, "dmean2": 3.48427939415, "dvar": 5.40516471863, "dvar2": 13.9298295975, "max": 37.8313026428, "mean": 16.297088623, "median": 15.4707164764, "min": 1.43547093868, "var": 68.4769744873}, "melbands_flatness_db": {"dmean": 0.015234448947, "dmean2": 0.0236313287169, "dvar": 0.00039341597585, "dvar2": 0.000836219987832, "max": 0.567599594593, "mean": 0.244496703148, "median": 0.258261919022, "min": 0.00211528828368, "var": 0.0130593897775}, "melbands_kurtosis": {"dmean": 8.32692146301, "dmean2": 13.1048278809, "dvar": 460.214904785, "dvar2": 1073.26965332, "max": 1172.32507324, "mean": 21.7867832184, "median": 9.86939525604, "min": -1.70924949646, "var": 1863.62109375}, "melbands_skewness": {"dmean": 0.608010053635, "dmean2": 0.943842589855, "dvar": 0.613997161388, "dvar2": 1.43785917759, "max": 28.8858680725, "mean": 2.537140131, "median": 2.2414829731, "min": -2.87436771393, "var": 5.38340234756}, "melbands_spread": {"dmean": 3.58417320251, "dmean2": 5.88538455963, "dvar": 35.5590057373, "dvar2": 101.31791687, "max": 173.767440796, "mean": 22.3164596558, "median": 9.57036972046, "min": 0.214577063918, "var": 1216.31896973}, "pitch_salience": {"dmean": 0.0505986660719, "dmean2": 0.0817191526294, "dvar": 0.00284098368138, "dvar2": 0.00723934546113, "max": 0.89069801569, "mean": 0.503640472889, "median": 0.509456038475, "min": 0.0273564569652, "var": 0.0345656126738}, "silence_rate_20dB": {"dmean": 0.00172312161885, "dmean2": 0.00344639946707, "dvar": 0.00172042462509, "dvar2": 0.00443287054077, "max": 1, "mean": 0.998639702797, "median": 1, "min": 0, "var": 0.00135847006459}, "silence_rate_30dB": {"dmean": 0.030562736094, "dmean2": 0.061128243804, "dvar": 0.0296262372285, "dvar2": 0.0684629529715, "max": 1, "mean": 0.82556450367, "median": 1, "min": 0, "var": 0.144031882286}, "silence_rate_60dB": {"dmean": 0.0151453316212, "dmean2": 0.0302920378745, "dvar": 0.0149216512218, "dvar2": 0.0343606881797, "max": 1, "mean": 0.252516537905, "median": 0, "min": 0, "var": 0.188732430339}, "spectral_centroid": {"dmean": 111.895332336, "dmean2": 179.002349854, "dvar": 35035.3671875, "dvar2": 87201.8984375, "max": 11944.6083984, "mean": 1586.82141113, "median": 654.756835938, "min": 122.512512207, "var": 7285732.5}, "spectral_complexity": {"dmean": 1.45005214214, "dmean2": 2.46181750298, "dvar": 3.35510730743, "dvar2": 8.9723405838, "max": 54, "mean": 9.25532817841, "median": 9, "min": 0, "var": 40.2574806213}, "spectral_decrease": {"dmean": 2.17633844279e-09, "dmean2": 3.38356409557e-09, "dvar": 2.30336299781e-17, "dvar2": 5.57043806224e-17, "max": 5.04004886085e-17, "mean": -1.17423120116e-08, "median": -5.12931030983e-09, "min": -1.25660349681e-07, "var": 2.19086951162e-16}, "spectral_energy": {"dmean": 0.00841689389199, "dmean2": 0.0131059270352, "dvar": 0.000337563396897, "dvar2": 0.000817927357275, "max": 0.478764653206, "mean": 0.0453697182238, "median": 0.0202147550881, "min": 9.77096758821e-21, "var": 0.00320139341056}, "spectral_energyband_high": {"dmean": 8.04805240477e-05, "dmean2": 0.000134327710839, "dvar": 6.83670009494e-07, "dvar2": 1.75963373295e-06, "max": 0.0285568851978, "mean": 0.000152705193614, "median": 6.87115534674e-05, "min": 6.68606050159e-21, "var": 5.58839531095e-07}, "spectral_energyband_low": {"dmean": 0.00564934220165, "dmean2": 0.00876332446933, "dvar": 0.000295600126265, "dvar2": 0.000697838375345, "max": 0.474512577057, "mean": 0.0290661342442, "median": 0.00310135190375, "min": 8.37661970742e-24, "var": 0.00259679392911}, "spectral_energyband_middle_high": {"dmean": 0.000693544920068, "dmean2": 0.00104037031997, "dvar": 2.94033088721e-06, "dvar2": 6.66554251438e-06, "max": 0.0561960153282, "mean": 0.00213205069304, "median": 0.000779714784585, "min": 1.03922965505e-21, "var": 1.17729277918e-05}, "spectral_energyband_middle_low": {"dmean": 0.00411897944286, "dmean2": 0.006342750974, "dvar": 5.91695716139e-05, "dvar2": 0.000141263793921, "max": 0.212760463357, "mean": 0.0146220708266, "median": 0.00880120880902, "min": 1.26550063536e-22, "var": 0.000331405375618}, "spectral_entropy": {"dmean": 0.121136114001, "dmean2": 0.186953336, "dvar": 0.0223258323967, "dvar2": 0.0483943708241, "max": 9.82712650299, "mean": 7.45244646072, "median": 7.30777692795, "min": 4.89075279236, "var": 0.719403088093}, "spectral_flux": {"dmean": 0.0139379296452, "dmean2": 0.0230071526021, "dvar": 0.000769606500398, "dvar2": 0.00193791522179, "max": 0.603980600834, "mean": 0.0513106361032, "median": 0.0478008985519, "min": 6.23000331879e-11, "var": 0.0020670783706}, "spectral_kurtosis": {"dmean": 1.34467077255, "dmean2": 2.3056614399, "dvar": 2.93719506264, "dvar2": 8.28872013092, "max": 39.2760009766, "mean": 5.49982452393, "median": 4.75846481323, "min": -1.29412794113, "var": 17.4205722809}, "spectral_rms": {"dmean": 0.000530115095899, "dmean2": 0.000815059291199, "dvar": 7.35806224839e-07, "dvar2": 1.67014297858e-06, "max": 0.0216122064739, "mean": 0.00521840387955, "median": 0.00444091344252, "min": 3.0874992233e-12, "var": 1.70320290636e-05}, "spectral_rolloff": {"dmean": 182.737854004, "dmean2": 314.051300049, "dvar": 284898.5625, "dvar2": 765138.375, "max": 19853.6132812, "mean": 2280.66625977, "median": 602.9296875, "min": 43.06640625, "var": 24344714}, "spectral_skewness": {"dmean": 0.164338350296, "dmean2": 0.273831188679, "dvar": 0.0337244533002, "dvar2": 0.0844776928425, "max": 5.00000762939, "mean": 1.84285163879, "median": 1.88983893394, "min": -0.102045483887, "var": 0.592848300934}, "spectral_spread": {"dmean": 371641.4375, "dmean2": 614592.4375, "dvar": 400168910848, "dvar2": 857243516928, "max": 43292188, "mean": 7158823, "median": 4666137.5, "min": 1704862.625, "var": 87119963881500.0}, "spectral_strongpeak": {"dmean": 0.290551364422, "dmean2": 0.474553227425, "dvar": 0.32034933567, "dvar2": 0.747146844864, "max": 10.7424325943, "mean": 0.928092181683, "median": 0.570142626762, "min": 0, "var": 1.26911604404}, "zerocrossingrate": {"dmean": 0.00533639825881, "dmean2": 0.00742970453575, "dvar": 5.47708114027e-05, "dvar2": 0.000100108278275, "max": 0.6572265625, "mean": 0.0765492767096, "median": 0.03125, "min": 0.001953125, "var": 0.0170912388712}, "barkbands": {"dmean": [0.000612391042523, 0.00468518259004, 0.00121586036403, 0.000345798500348, 0.00103649310768, 0.00180454482324, 0.000973493151832, 0.000972116191406, 0.000714878900908, 0.000582680630032, 0.000185746175703, 0.000130172993522, 7.35067078494e-05, 5.89165938436e-05, 7.06965583959e-05, 3.6998430005e-05, 2.6456100386e-05, 1.4792465663e-05, 1.48911112774e-05, 1.01671721495e-05, 1.44192808875e-05, 1.41748942042e-05, 8.28389602248e-06, 1.28634919747e-05, 2.18610603042e-05, 1.86482702702e-05, 1.47264813677e-06], "dmean2": [0.00101902673487, 0.00705550005659, 0.00199223589152, 0.000596829399001, 0.00169727893081, 0.00265409378335, 0.00158306956291, 0.0014523731079, 0.00103929277975, 0.000887992151547, 0.000278707273537, 0.000204904921702, 0.000124024882098, 9.73975547822e-05, 0.000110712790047, 6.22909574304e-05, 4.55014851468e-05, 2.55398445006e-05, 2.5540462957e-05, 1.75428340299e-05, 2.58036725427e-05, 2.5735638701e-05, 1.43441675391e-05, 2.1880494387e-05, 3.85525781894e-05, 3.18215388688e-05, 2.58459454017e-06], "dvar": [4.35643732999e-06, 0.00022730937053, 3.49736292264e-05, 6.48846253171e-07, 3.59154614671e-06, 1.57892918651e-05, 1.45162457557e-05, 1.29621921587e-05, 4.87076704303e-06, 3.40849214808e-06, 2.80006133835e-07, 1.12849683376e-07, 8.65112284032e-08, 2.08602770613e-08, 9.8648961e-08, 1.72141820798e-08, 3.95298656031e-08, 5.6602273979e-09, 6.71718680678e-09, 3.81726250609e-09, 1.24394707868e-08, 1.03618829073e-08, 4.45487247092e-09, 1.28494068719e-08, 1.17168987401e-07, 1.39911364272e-07, 6.32623675667e-10], "dvar2": [1.04518394437e-05, 0.00052981794579, 9.45905267145e-05, 1.84252724011e-06, 9.97286861093e-06, 3.96346840716e-05, 3.64250590792e-05, 2.70568816632e-05, 8.78663922776e-06, 8.07147534942e-06, 5.30030604295e-07, 2.55534473581e-07, 2.2585096815e-07, 4.6719677016e-08, 2.20913989324e-07, 4.54388562332e-08, 1.18621080958e-07, 1.64205804509e-08, 2.02610195288e-08, 1.11290079374e-08, 3.70088599766e-08, 3.16779811271e-08, 1.23864039026e-08, 3.18323998272e-08, 3.30500427026e-07, 3.78692277536e-07, 1.78405723528e-09], "max": [0.0905116721988, 0.427169501781, 0.189201936126, 0.0217687822878, 0.0475185774267, 0.158176079392, 0.143720448017, 0.204952538013, 0.100710615516, 0.0759393423796, 0.0239177737385, 0.0123852947727, 0.0149598307908, 0.0126660969108, 0.0142152728513, 0.00504688778892, 0.010256444104, 0.00404168851674, 0.00315915769897, 0.00278785335831, 0.00406262651086, 0.00379345403053, 0.0024022012949, 0.0038315881975, 0.0162607040256, 0.0216042771935, 0.00114848511294], "mean": [0.00151528266724, 0.0248717367649, 0.00237210420892, 0.000579174084123, 0.00246213353239, 0.00451599014923, 0.00208176905289, 0.00248662591912, 0.00183173001278, 0.00129897519946, 0.000399594049668, 0.000260441942373, 0.000128817526274, 0.000112566820462, 0.00012119661551, 6.62246893626e-05, 4.41946212959e-05, 2.9701499443e-05, 2.89617473754e-05, 2.11323258554e-05, 2.82894689008e-05, 2.88336177618e-05, 1.36630487759e-05, 2.60181677731e-05, 2.81184202322e-05, 1.50416717588e-05, 1.36849052979e-06], "median": [0.000117147086712, 0.00094227923546, 0.000745492288843, 0.000242386653554, 0.000841390574351, 0.00148430652916, 0.000288077600999, 0.000306412170175, 0.000331824820023, 0.000154394496349, 7.87569370004e-05, 8.16113897599e-05, 4.08777559642e-05, 4.28753810411e-05, 3.3036172681e-05, 2.61897603195e-05, 1.96307046281e-05, 1.9382488972e-05, 1.45917747432e-05, 1.15756702144e-05, 1.21543444038e-05, 1.874890404e-05, 7.14111138223e-06, 5.82721622777e-06, 4.72648571304e-06, 1.26754844132e-06, 4.12137694639e-07], "min": [5.51699303419e-26, 8.18698582885e-25, 1.80405167409e-25, 1.91442638024e-25, 4.43863908477e-24, 1.90440133864e-24, 3.38345361035e-24, 1.75874172236e-24, 9.94078809865e-24, 9.17219381895e-24, 3.39067405421e-24, 1.26003119449e-23, 1.41171597259e-23, 1.66263337833e-23, 2.88975369028e-23, 4.0260854206e-23, 4.72608966455e-23, 6.2220804365e-23, 8.33542302437e-23, 1.43084790058e-22, 1.98226192576e-22, 2.5686641409e-22, 3.25152788888e-22, 4.74982263955e-22, 8.13484169703e-22, 1.1494204726e-21, 1.7741671085e-21], "var": [1.90052887774e-05, 0.00214165472426, 3.64785519196e-05, 8.85045380983e-07, 1.80720144272e-05, 7.29188031983e-05, 3.51086964656e-05, 5.77627179155e-05, 2.64536738541e-05, 1.27155472001e-05, 1.36653022764e-06, 3.36788644972e-07, 1.28360511553e-07, 8.28857125157e-08, 1.4472783505e-07, 2.53985881216e-08, 2.85438446213e-08, 4.26438884205e-09, 7.1614789654e-09, 3.30637872636e-09, 8.85758932867e-09, 6.46253628389e-09, 3.10255843239e-09, 1.32091670935e-08, 7.35320853096e-08, 9.41608462313e-08, 3.82646081487e-10]}, "erbbands": {"dmean": [0.194041103125, 0.934270739555, 1.47774755955, 1.20889484882, 2.14058375359, 4.25813579559, 9.21022796631, 15.0028781891, 13.9058437347, 15.4948167801, 22.3422298431, 15.8777303696, 19.5658740997, 10.3248548508, 5.88998031616, 5.58320569992, 3.38052535057, 3.17602610588, 2.59143996239, 3.91948270798, 1.46341753006, 1.37087619305, 0.939562857151, 0.763204753399, 0.702921628952, 0.43755698204, 0.495362967253, 0.623687326908, 0.550738692284, 0.343681812286, 0.227814108133, 0.283549934626, 0.242246925831, 0.306419044733, 0.112886793911, 0.0523030981421, 0.0564349219203, 0.00403651967645, 0.00021373888012, 1.51783488036e-05], "dmean2": [0.301387488842, 1.35253095627, 2.36602020264, 1.98370027542, 3.60994577408, 7.04591417313, 13.5144586563, 21.6895198822, 22.6068325043, 24.0054607391, 33.1513137817, 23.0266494751, 30.0213832855, 15.6298837662, 8.87947368622, 8.70283412933, 5.59201669693, 5.22399616241, 4.3087143898, 5.94276618958, 2.42603397369, 2.37616991997, 1.61338341236, 1.30586433411, 1.21944773197, 0.757655084133, 0.866148233414, 1.13319587708, 0.993857741356, 0.620254576206, 0.390557199717, 0.487392455339, 0.41477021575, 0.556612372398, 0.189206168056, 0.088025264442, 0.099851116538, 0.00693512242287, 0.000371258502128, 2.45434348471e-05], "dvar": [0.402593463659, 11.417131424, 55.8935470581, 13.1322145462, 19.0944080353, 70.548500061, 323.754577637, 1499.70629883, 2883.59838867, 3486.54614258, 5899.61621094, 2551.16772461, 5334.53417969, 725.048400879, 427.501525879, 209.746673584, 168.061401367, 88.8065872192, 55.1915550232, 346.725189209, 53.0651321411, 143.741897583, 27.4136447906, 15.452123642, 18.6498966217, 6.8166103363, 9.98741912842, 33.5627555847, 14.2219896317, 9.81283569336, 3.07379388809, 5.39776420593, 6.70672798157, 31.6675281525, 1.45084607601, 0.464751243591, 1.82489323616, 0.00505835656077, 1.19570331663e-05, 1.25707959597e-08], "dvar2": [0.983115792274, 24.7616348267, 138.433944702, 36.5061912537, 58.3542137146, 192.490585327, 755.870605469, 3560.52905273, 7303.01708984, 7529.99462891, 12200.0332031, 4461.95751953, 13556.2822266, 1423.43383789, 800.536010742, 459.372131348, 436.427276611, 208.881210327, 148.361999512, 703.983642578, 143.757537842, 432.834075928, 79.1317138672, 44.4756584167, 57.9766159058, 19.9855747223, 29.2728443146, 100.016967773, 43.5102043152, 28.8973484039, 8.39912509918, 14.1852893829, 18.1003131866, 91.6183624268, 3.8367934227, 1.16458177567, 5.04987764359, 0.0137700708583, 3.35286094924e-05, 3.37113696958e-08], "max": [18.8733348846, 105.965583801, 244.814682007, 104.192779541, 116.675827026, 227.120071411, 365.529449463, 1525.25512695, 2300.23925781, 2082.48901367, 5592.7578125, 2287.1015625, 3151.28271484, 1321.84069824, 1206.08251953, 529.505004883, 668.810302734, 633.297790527, 287.499023438, 701.303894043, 329.738739014, 640.381408691, 283.891540527, 158.450424194, 153.682861328, 117.468009949, 167.14944458, 209.344345093, 146.43006897, 126.960418701, 57.0084381104, 96.7863998413, 108.164413452, 268.87890625, 52.6283683777, 31.0336799622, 79.1505203247, 3.5919342041, 0.161747202277, 0.00645534368232], "mean": [0.982408165932, 4.48412370682, 3.56109118462, 2.53967237473, 4.22254371643, 9.26917552948, 22.10978508, 37.036403656, 34.3521957397, 35.3572921753, 60.292842865, 43.4620399475, 43.9616241455, 24.2766475677, 13.4470500946, 11.9269323349, 6.56192111969, 6.48604917526, 5.23145389557, 6.74027872086, 2.8303463459, 2.38214874268, 1.91060686111, 1.5546708107, 1.34222972393, 0.949381887913, 1.1041367054, 1.11788272858, 1.07722508907, 0.62984597683, 0.391183763742, 0.569965839386, 0.397086679935, 0.352328062057, 0.172104284167, 0.0540190376341, 0.0408408604562, 0.00364105287008, 0.000204996773391, 5.62294517295e-05], "median": [0.0268546193838, 0.209106713533, 1.0486805439, 1.13010513783, 1.46425068378, 2.90132403374, 7.26499223709, 10.0592575073, 5.92700529099, 5.66193580627, 9.43271827698, 9.98075866699, 6.48698091507, 5.20789337158, 2.9909889698, 3.80912971497, 2.53677749634, 2.33483982086, 2.07284998894, 1.82014131546, 1.33955335617, 1.16344308853, 1.13397800922, 0.881355643272, 0.666759371758, 0.548918366432, 0.497548699379, 0.543816924095, 0.721567034721, 0.420320481062, 0.193043857813, 0.12981235981, 0.0926753357053, 0.053334325552, 0.0324411541224, 0.00837746169418, 0.00210014823824, 0.000880727660842, 4.90354941576e-05, 2.53763282672e-05], "min": [1.6967606055e-23, 1.73392535735e-22, 2.74117451558e-22, 8.88987220767e-22, 3.13658931513e-21, 7.62361641154e-21, 2.08184703476e-20, 2.69175767344e-20, 5.78869329094e-20, 9.69875019709e-20, 1.51982546835e-19, 2.72542259959e-19, 3.11625432378e-19, 4.61678451187e-19, 6.0551750829e-19, 9.27262332239e-19, 7.60406819496e-19, 1.27020634772e-18, 1.52640424256e-18, 1.7897059645e-18, 2.5928338192e-18, 3.73854162652e-18, 3.73643107518e-18, 4.88476993723e-18, 4.4883506597e-18, 6.59140939064e-18, 7.19631333771e-18, 8.06452128147e-18, 9.09724552289e-18, 8.66687420353e-18, 8.96969261808e-18, 9.09956824605e-18, 8.48085948174e-18, 6.96760699733e-18, 6.02992208598e-18, 3.7445324821e-18, 2.06024200128e-18, 8.66490613406e-19, 2.073535776e-19, 2.49421724964e-20], "var": [3.8090364933, 81.5334777832, 79.0521850586, 17.8208198547, 55.3580741882, 308.191436768, 1284.89440918, 6762.05664062, 9555.88769531, 9680.91796875, 34721.984375, 12905.3867188, 15991.8583984, 3661.59692383, 2046.16833496, 739.858642578, 203.081069946, 319.463989258, 111.000694275, 542.835510254, 51.3758087158, 94.2065505981, 21.8904972076, 15.7436885834, 17.2959461212, 5.84557914734, 9.74042797089, 19.9198570251, 8.7006072998, 5.9037938118, 2.2747232914, 5.28973293304, 5.04767465591, 18.0443477631, 1.20274543762, 0.391386926174, 1.15126359463, 0.00335014145821, 7.3221999628e-06, 1.26053159022e-08]}, "gfcc": {"mean": [-139.589675903, 95.8009796143, -87.5968093872, 18.6165103912, -60.7172622681, 11.9233598709, -28.6158599854, 9.85575962067, -12.7458524704, 5.93327951431, -12.3757963181, 2.27927684784, -6.11189985275], "cov": [[90678.8984375, 11292.7304688, -5944.67871094, 1299.3059082, -4640.68164062, 1423.01635742, -2135.80273438, 844.122436523, -828.944091797, 410.338989258, -650.906433105, 126.87902832, 173.589035034], [11292.7304688, 2632.17749023, -70.3881530762, 93.5468521118, -315.95993042, 220.137878418, -97.3970184326, 10.784702301, 11.2711086273, -38.4539031982, 56.3529396057, 3.02578139305, 209.925765991], [-5944.67871094, -70.3881530762, 1135.53198242, 21.7394676208, 574.83581543, 5.84366464615, 255.082489014, -63.8449630737, 124.697341919, -42.8356437683, 155.472686768, -0.217923551798, 163.597000122], [1299.3059082, 93.5468521118, 21.7394676208, 356.239013672, 83.3684005737, 66.4506454468, -45.9648017883, 8.79280757904, -39.1922492981, -3.43634724617, -42.0766563416, 28.2048301697, 25.2574481964], [-4640.68164062, -315.95993042, 574.83581543, 83.3684005737, 599.504699707, 120.543182373, 211.552276611, -31.5189800262, 85.0908966064, -50.6043624878, 85.6093902588, 29.7538394928, 134.653167725], [1423.01635742, 220.137878418, 5.84366464615, 66.4506454468, 120.543182373, 256.943786621, 78.6661148071, 62.3158760071, -2.23159527779, -7.39706754684, 13.6187562943, 4.00686216354, 91.7350463867], [-2135.80273438, -97.3970184326, 255.082489014, -45.9648017883, 211.552276611, 78.6661148071, 226.570663452, 39.4196586609, 75.2039108276, -25.6726016998, 39.1016120911, -30.3592624664, 21.7289123535], [844.122436523, 10.784702301, -63.8449630737, 8.79280757904, -31.5189800262, 62.3158760071, 39.4196586609, 120.680984497, 41.7269706726, 29.8662033081, -9.17764949799, -23.9717502594, -1.33899629116], [-828.944091797, 11.2711086273, 124.697341919, -39.1922492981, 85.0908966064, -2.23159527779, 75.2039108276, 41.7269706726, 117.076248169, 36.1342277527, 56.5467338562, -7.63687562943, 16.2931118011], [410.338989258, -38.4539031982, -42.8356437683, -3.43634724617, -50.6043624878, -7.39706754684, -25.6726016998, 29.8662033081, 36.1342277527, 87.7287139893, 52.8460655212, 13.4196109772, -1.65686690807], [-650.906433105, 56.3529396057, 155.472686768, -42.0766563416, 85.6093902588, 13.6187562943, 39.1016120911, -9.17764949799, 56.5467338562, 52.8460655212, 137.055007935, 37.31590271, 75.2789535522], [126.87902832, 3.02578139305, -0.217923551798, 28.2048301697, 29.7538394928, 4.00686216354, -30.3592624664, -23.9717502594, -7.63687562943, 13.4196109772, 37.31590271, 89.2672576904, 45.0085067749], [173.589035034, 209.925765991, 163.597000122, 25.2574481964, 134.653167725, 91.7350463867, 21.7289123535, -1.33899629116, 16.2931118011, -1.65686690807, 75.2789535522, 45.0085067749, 192.629364014]], "icov": [[0.000255751452642, -0.00089803931769, 0.000579088577069, -0.000507707183715, 0.000717838178389, -0.000903390638996, 0.000715791655239, -0.00100021180697, 0.000533358077519, -0.000755879911594, 0.0002653420961, -0.000397875555791, 0.00010135302], [-0.00089803931769, 0.00401620101184, -0.00241473200731, 0.00119543180335, -0.00070671812864, 0.00167138071265, -0.00198230613023, 0.00448059756309, -0.00393298221752, 0.00490686390549, -0.00182931974996, 0.00164924957789, -0.00101627758704], [0.000579088577069, -0.00241473200731, 0.00394171848893, -0.00135486631189, -0.000838312262204, 0.00024853402283, 5.73085089854e-05, -0.00214389595203, 0.00212018284947, -0.00223526125774, -0.000569284544326, 0.00052303384291, -0.000712297100108], [-0.000507707183715, 0.00119543180335, -0.00135486631189, 0.00549353146926, -0.00395821826532, 0.0018111942336, 7.3707633419e-05, 0.000363636383554, 0.00151144596748, -0.00189203547779, 0.00264245038852, -0.000615298689809, 0.000450677034678], [0.000717838178389, -0.00070671812864, -0.000838312262204, -0.00395821826532, 0.0113989179954, -0.00756006361917, 0.000580819905736, 0.00191178463865, -0.00570149067789, 0.00433020479977, -0.000675442279316, -0.00249660178088, -0.00169903680217], [-0.000903390638996, 0.00167138071265, 0.00024853402283, 0.0018111942336, -0.00756006361917, 0.0142328348011, -0.00685199163854, -0.00206563482061, 0.0059382901527, -0.00212105968967, -3.08445778501e-05, 0.00209976406768, -0.00318979588337], [0.000715791655239, -0.00198230613023, 5.73085089854e-05, 7.3707633419e-05, 0.000580819905736, -0.00685199163854, 0.0153861837462, -0.00642451131716, -0.0034674142953, 0.00581285497174, -0.00363681837916, 0.000941664562561, 0.00407828018069], [-0.00100021180697, 0.00448059756309, -0.00214389595203, 0.000363636383554, 0.00191178463865, -0.00206563482061, -0.00642451131716, 0.0228474922478, -0.01154602319, -0.00177738664206, 0.00464822910726, 0.00359225249849, -0.00337219145149], [0.000533358077519, -0.00393298221752, 0.00212018284947, 0.00151144596748, -0.00570149067789, 0.0059382901527, -0.0034674142953, -0.01154602319, 0.0259021967649, -0.0130363693461, -0.001052060863, 0.000198326233658, 0.00133687152993], [-0.000755879911594, 0.00490686390549, -0.00223526125774, -0.00189203547779, 0.00433020479977, -0.00212105968967, 0.00581285497174, -0.00177738664206, -0.0130363693461, 0.0373262502253, -0.0191435348243, 0.00120401370805, 0.00341889751144], [0.0002653420961, -0.00182931974996, -0.000569284544326, 0.00264245038852, -0.000675442279316, -3.08445778501e-05, -0.00363681837916, 0.00464822910726, -0.001052060863, -0.0191435348243, 0.025046441704, -0.00571836298332, -0.00570676848292], [-0.000397875555791, 0.00164924957789, 0.00052303384291, -0.000615298689809, -0.00249660178088, 0.00209976406768, 0.000941664562561, 0.00359225249849, 0.000198326233658, 0.00120401370805, -0.00571836298332, 0.0176914427429, -0.00304370257072], [0.00010135302, -0.00101627758704, -0.000712297100108, 0.000450677034678, -0.00169903680217, -0.00318979588337, 0.00407828018069, -0.00337219145149, 0.00133687152993, 0.00341889751144, -0.00570676848292, -0.00304370257072, 0.0118343094364]]}, "melbands": {"dmean": [0.00145578454249, 0.000878390215803, 0.000212342682062, 0.000224300631089, 0.000276026257779, 0.000339626334608, 0.000217430992052, 0.000173192442162, 0.000187141398783, 9.93420253508e-05, 9.75126822595e-05, 4.49682411272e-05, 1.99219648493e-05, 1.41965128932e-05, 1.38436998895e-05, 6.57415466776e-06, 6.46727221465e-06, 4.50957486464e-06, 4.67335485155e-06, 4.71835528515e-06, 1.35776610932e-06, 1.46841512105e-06, 1.29281977479e-06, 7.20915977581e-07, 6.75756950841e-07, 5.92212927586e-07, 4.38088676447e-07, 3.0566960163e-07, 3.13757908543e-07, 3.75398968799e-07, 3.93431150769e-07, 3.21037305184e-07, 3.10557368266e-07, 1.6345168774e-07, 1.28395356569e-07, 1.59377194109e-07, 1.99715884719e-07, 1.64111568779e-07, 2.17024151539e-07, 2.87929111664e-07], "dmean2": [0.00223339884542, 0.00132873270195, 0.000352559291059, 0.00037574605085, 0.00041133351624, 0.000497038592584, 0.000354440795491, 0.000266569957603, 0.000277074752375, 0.000144134100992, 0.000149496278027, 6.78446012898e-05, 3.0271237847e-05, 2.20091187657e-05, 2.21486861847e-05, 1.10699365905e-05, 1.06192483145e-05, 7.56218196329e-06, 7.27823271518e-06, 7.40415680411e-06, 2.31641979553e-06, 2.55761983681e-06, 2.21325376515e-06, 1.24184214201e-06, 1.15288241886e-06, 1.02088608855e-06, 7.73861074777e-07, 5.24640256572e-07, 5.410353765e-07, 6.6357193873e-07, 7.2003126661e-07, 5.75734532049e-07, 5.63428898204e-07, 2.91953313081e-07, 2.24969554097e-07, 2.76195521565e-07, 3.4230774304e-07, 2.77205771226e-07, 3.95372097728e-07, 5.22649202139e-07], "dvar": [2.11200767808e-05, 1.40157335409e-05, 3.65018308912e-07, 1.90883056916e-07, 2.63063526518e-07, 7.23115022083e-07, 6.80177208778e-07, 4.62218025632e-07, 4.06217338877e-07, 1.05879273349e-07, 1.30406050403e-07, 1.41647165108e-08, 3.85499232536e-09, 1.52689427768e-09, 1.57325752426e-09, 8.58481230548e-10, 3.22562948574e-10, 1.36807801199e-10, 5.51169443419e-10, 2.75218570156e-10, 6.4663517596e-11, 1.60189486675e-10, 6.95918045412e-11, 1.19051790995e-11, 1.10229369035e-11, 1.03738875129e-11, 8.18087785015e-12, 2.4806623769e-12, 3.34842873914e-12, 4.71886809142e-12, 1.80177921194e-11, 4.22287422044e-12, 4.86627448407e-12, 2.35036122509e-12, 9.01784885914e-13, 1.34011280805e-12, 3.03744312688e-12, 1.87318888699e-12, 1.37143803258e-11, 2.8202277319e-11], "dvar2": [5.12528531544e-05, 3.06266665575e-05, 1.0167319715e-06, 5.64086292343e-07, 6.1280582031e-07, 1.78074640189e-06, 1.73330602138e-06, 9.78709636001e-07, 8.32559237551e-07, 1.80968029895e-07, 3.29579506797e-07, 2.7572873762e-08, 7.458471174e-09, 3.36677152823e-09, 3.57987683941e-09, 2.25537832854e-09, 7.26962157138e-10, 3.60579427428e-10, 1.30371069496e-09, 5.8670490688e-10, 1.78782766369e-10, 4.86411966261e-10, 1.9997685452e-10, 3.45437983773e-11, 3.1305374959e-11, 3.11559458788e-11, 2.55630516754e-11, 7.04634180865e-12, 9.66146954107e-12, 1.39649793465e-11, 5.36209028568e-11, 1.28829611909e-11, 1.48190053978e-11, 6.84328201744e-12, 2.54931861211e-12, 3.4852689311e-12, 8.19545646624e-12, 4.77730442011e-12, 3.97783021799e-11, 8.16212097909e-11], "max": [0.129383087158, 0.136471644044, 0.0171418283135, 0.00920023303479, 0.0102002611384, 0.0353596024215, 0.03009904176, 0.0263029932976, 0.0422473885119, 0.0156066687778, 0.0157742425799, 0.00589169980958, 0.00320547237061, 0.00152733456343, 0.00223832181655, 0.00155086175073, 0.00145716406405, 0.000334453070536, 0.00124831963331, 0.000552514044102, 0.000326545676216, 0.00068417127477, 0.000414658803493, 0.00015519792214, 0.000138511895784, 0.000117889816465, 0.000127271196106, 7.12868277333e-05, 9.89910986391e-05, 0.000101961442851, 0.000164737793966, 7.132034807e-05, 0.000101267665741, 7.00790915289e-05, 2.79995892924e-05, 4.64640143036e-05, 7.74251457187e-05, 5.10900827067e-05, 0.000173598047695, 0.000255319813732], "mean": [0.00780607853085, 0.00325261428952, 0.000468337646453, 0.000478930742247, 0.000693845620845, 0.000851808988955, 0.000516053638421, 0.000398832780775, 0.000493110972457, 0.000260302826064, 0.000214636893361, 0.000100444209238, 4.37376183982e-05, 3.1098985346e-05, 2.57100764429e-05, 1.15267894216e-05, 1.22195860968e-05, 8.31439683679e-06, 8.05732724984e-06, 8.07598462416e-06, 2.34941535382e-06, 2.34532376453e-06, 2.34592312154e-06, 1.36110691074e-06, 1.24828943626e-06, 1.0556431107e-06, 7.61574824537e-07, 6.05089724104e-07, 6.49529567909e-07, 7.45455849938e-07, 6.01125293542e-07, 6.06232447353e-07, 5.51664072646e-07, 2.66389434955e-07, 1.98895349968e-07, 2.73933380868e-07, 3.86942019759e-07, 2.91154719889e-07, 2.42991092136e-07, 3.21766748357e-07], "median": [0.000271316384897, 0.000540334032848, 0.000225131501793, 0.000151221756823, 0.000239911139943, 0.000241596921114, 7.90789490566e-05, 5.22083719261e-05, 6.81349047227e-05, 5.22595764778e-05, 2.67493051069e-05, 1.79505277629e-05, 9.25144377106e-06, 9.13051735552e-06, 7.74023283157e-06, 3.55370548277e-06, 3.98380143452e-06, 3.15322131428e-06, 2.42762553171e-06, 2.08818528336e-06, 1.27146381601e-06, 1.15325201477e-06, 1.05658682514e-06, 8.81692244548e-07, 6.62409888719e-07, 5.00365217704e-07, 3.99628788728e-07, 3.42845567047e-07, 3.03061938212e-07, 2.89311486767e-07, 2.95755711477e-07, 3.91209425743e-07, 3.59018315521e-07, 1.65426286003e-07, 1.05318378019e-07, 8.66815739187e-08, 7.50084936385e-08, 6.62416113073e-08, 5.52792513986e-08, 4.03749780276e-08], "min": [2.43148821879e-25, 4.78908087836e-25, 2.89431167929e-25, 7.77251781621e-25, 5.59483425379e-25, 5.73596344189e-25, 8.26393575889e-25, 9.50856055906e-25, 9.70138873266e-25, 1.48040211132e-24, 1.21677692554e-24, 1.42488395436e-24, 1.72445408033e-24, 1.1433085345e-24, 1.85321037956e-24, 2.00488861011e-24, 1.57271540331e-24, 1.92113682553e-24, 2.01441509162e-24, 2.62204112032e-24, 2.21587202301e-24, 2.63459426391e-24, 2.59287693266e-24, 2.97642820452e-24, 2.70603488799e-24, 3.42590694882e-24, 3.22693315434e-24, 3.61719309656e-24, 3.33609710691e-24, 3.68158623453e-24, 4.09265060819e-24, 3.88493445995e-24, 4.0867534785e-24, 4.53023135789e-24, 4.68311339018e-24, 4.79955438739e-24, 4.57708930123e-24, 5.14723378731e-24, 5.06521789115e-24, 5.139289958e-24], "var": [0.000212939936318, 4.48696046078e-05, 5.20293554018e-07, 7.20437412838e-07, 1.20189099562e-06, 3.38605377692e-06, 2.09748486668e-06, 1.33284004278e-06, 2.37290055338e-06, 5.29564260887e-07, 4.00050680582e-07, 7.04423257503e-08, 1.80641315239e-08, 5.67821745179e-09, 3.43788264523e-09, 1.28197508165e-09, 1.2903195179e-09, 2.88987195285e-10, 6.89227674933e-10, 5.06303443615e-10, 5.03485968195e-11, 9.96009386078e-11, 6.50041756534e-11, 9.07850791071e-12, 1.16955039403e-11, 1.15210297899e-11, 6.22065333272e-12, 2.29615133331e-12, 3.47279583562e-12, 4.48727209904e-12, 9.94667716248e-12, 2.63164880512e-12, 2.91383887505e-12, 1.41866845962e-12, 6.11752510628e-13, 1.16813882785e-12, 2.80437587215e-12, 1.79469004762e-12, 7.69315427335e-12, 1.61255245268e-11]}, "mfcc": {"mean": [-740.359436035, 127.161499023, 19.3158302307, 14.1305913925, -3.45596170425, 3.41129946709, -4.20469856262, 2.58677148819, 4.49490022659, 1.67738437653, 4.78211307526, 0.997376561165, 0.0821393355727], "cov": [[20941.3554688, 7052.55859375, 1377.38452148, 350.182006836, 202.706634521, 378.003509521, 145.884597778, 197.428756714, 333.338623047, 177.145019531, 24.8541812897, -21.0919818878, -84.6613616943], [7052.55859375, 3044.61694336, 687.893554688, 160.197891235, 86.0488510132, 175.688049316, 46.3563079834, 103.973770142, 107.176055908, 28.1548366547, 29.7455673218, -7.96338272095, 3.81449246407], [1377.38452148, 687.893554688, 425.464569092, 135.513473511, 84.6385726929, 57.2265014648, 54.6537322998, 13.6134805679, 31.3726024628, 22.6370868683, 3.97417616844, 7.26037836075, -16.1442928314], [350.182006836, 160.197891235, 135.513473511, 285.924987793, 95.6584701538, 56.7005844116, -8.76267814636, 26.7045211792, 8.69223976135, -18.1564731598, 25.1989440918, -28.4298114777, -16.4648723602], [202.706634521, 86.0488510132, 84.6385726929, 95.6584701538, 238.061721802, 129.68107605, 93.8844299316, 52.2375411987, 49.1151161194, 12.5382165909, -31.8502216339, -33.8185577393, -19.5079689026], [378.003509521, 175.688049316, 57.2265014648, 56.7005844116, 129.68107605, 172.85496521, 104.009864807, 76.3069915771, 34.6664619446, 10.6429576874, -14.4574279785, -32.954460144, -22.1479568481], [145.884597778, 46.3563079834, 54.6537322998, -8.76267814636, 93.8844299316, 104.009864807, 161.538146973, 70.838722229, 56.7001647949, 46.7882614136, -17.22174263, -5.43891191483, -34.4727058411], [197.428756714, 103.973770142, 13.6134805679, 26.7045211792, 52.2375411987, 76.3069915771, 70.838722229, 118.751449585, 65.2809677124, 20.843044281, 17.137008667, -20.1661472321, -17.8030757904], [333.338623047, 107.176055908, 31.3726024628, 8.69223976135, 49.1151161194, 34.6664619446, 56.7001647949, 65.2809677124, 101.065406799, 61.319770813, 12.1241369247, -6.82798480988, -21.3398284912], [177.145019531, 28.1548366547, 22.6370868683, -18.1564731598, 12.5382165909, 10.6429576874, 46.7882614136, 20.843044281, 61.319770813, 107.480613708, 25.5848445892, 27.293800354, -18.8798866272], [24.8541812897, 29.7455673218, 3.97417616844, 25.1989440918, -31.8502216339, -14.4574279785, -17.22174263, 17.137008667, 12.1241369247, 25.5848445892, 94.4337844849, 52.1029663086, 30.8601131439], [-21.0919818878, -7.96338272095, 7.26037836075, -28.4298114777, -33.8185577393, -32.954460144, -5.43891191483, -20.1661472321, -6.82798480988, 27.293800354, 52.1029663086, 101.66104126, 61.3336296082], [-84.6613616943, 3.81449246407, -16.1442928314, -16.4648723602, -19.5079689026, -22.1479568481, -34.4727058411, -17.8030757904, -21.3398284912, -18.8798866272, 30.8601131439, 61.3336296082, 95.0031433105]], "icov": [[0.000255278428085, -0.000666368112434, 0.000353082257789, -0.000181869982043, -1.57225451858e-06, 5.71558666707e-05, -0.000136764749186, 0.00036914087832, -0.000326165463775, -9.15991040529e-05, 0.000216540429392, -0.000314960692776, 0.000356807198841], [-0.000666368112434, 0.00237486045808, -0.00207227468491, 0.000787616008893, 0.000441782380221, -0.00115160015412, 0.00123589124996, -0.00120395619888, 0.000139241688885, 0.000432410539361, -0.000517862848938, 0.000855290098116, -0.00112649251241], [0.000353082257789, -0.00207227468491, 0.00568910455331, -0.00247254990973, -0.000765323813539, 0.00153487746138, -0.0027955500409, 0.00212423689663, -0.000253926904406, -0.000243809743552, 0.000714794441592, -0.00180225318763, 0.00134631292894], [-0.000181869982043, 0.000787616008893, -0.00247254990973, 0.00636708503589, -0.00248217163607, -0.00135020597372, 0.0032461413648, -0.00104489992373, 0.000512916303705, 0.00133814418223, -0.00373157858849, 0.00150706770364, 0.00126754678786], [-1.57225451858e-06, 0.000441782380221, -0.000765323813539, -0.00248217163607, 0.00989157892764, -0.00588789908215, -0.00175401766319, 0.00247256364673, -0.00471361679956, 0.000775340362452, 0.00313059636392, 0.00042612553807, -0.00229071546346], [5.71558666707e-05, -0.00115160015412, 0.00153487746138, -0.00135020597372, -0.00588789908215, 0.0179667063057, -0.00827999878675, -0.00581335648894, 0.00698774121702, -0.00212672282942, -0.00125200976618, 0.00498904939741, -0.00265758507885], [-0.000136764749186, 0.00123589124996, -0.0027955500409, 0.0032461413648, -0.00175401766319, -0.00827999878675, 0.0189735088497, -0.00633571483195, -0.00177897361573, -0.00193245825358, 0.00488816713914, -0.0082118306309, 0.00625302642584], [0.00036914087832, -0.00120395619888, 0.00212423689663, -0.00104489992373, 0.00247256364673, -0.00581335648894, -0.00633571483195, 0.0235894601792, -0.0141198765486, 0.00614159507677, -0.00696588680148, 0.0040899310261, -0.000497608096339], [-0.000326165463775, 0.000139241688885, -0.000253926904406, 0.000512916303705, -0.00471361679956, 0.00698774121702, -0.00177897361573, -0.0141198765486, 0.0296840611845, -0.0147322956473, -0.000458815193269, 0.00570312933996, -0.00267377588898], [-9.15991040529e-05, 0.000432410539361, -0.000243809743552, 0.00133814418223, 0.000775340362452, -0.00212672282942, -0.00193245825358, 0.00614159507677, -0.0147322956473, 0.0225324630737, -0.00400036433712, -0.00902742799371, 0.00850076321512], [0.000216540429392, -0.000517862848938, 0.000714794441592, -0.00373157858849, 0.00313059636392, -0.00125200976618, 0.00488816713914, -0.00696588680148, -0.000458815193269, -0.00400036433712, 0.0224727168679, -0.0121372696012, 0.000145667523611], [-0.000314960692776, 0.000855290098116, -0.00180225318763, 0.00150706770364, 0.00042612553807, 0.00498904939741, -0.0082118306309, 0.0040899310261, 0.00570312933996, -0.00902742799371, -0.0121372696012, 0.0332113355398, -0.0193342845887], [0.000356807198841, -0.00112649251241, 0.00134631292894, 0.00126754678786, -0.00229071546346, -0.00265758507885, 0.00625302642584, -0.000497608096339, -0.00267377588898, 0.00850076321512, 0.000145667523611, -0.0193342845887, 0.0259469784796]]}, "spectral_contrast_coeffs": {"dmean": [0.041260369122, 0.0406750328839, 0.0329961664975, 0.0226210001856, 0.0141174402088, 0.0111021129414], "dmean2": [0.0699833184481, 0.066408842802, 0.0545155666769, 0.0381216816604, 0.0241010878235, 0.0188756641001], "dvar": [0.00119551178068, 0.00123022252228, 0.000824186310638, 0.000369835237507, 0.000139434268931, 0.00011486884614], "dvar2": [0.00337767088786, 0.00318938144483, 0.00212798197754, 0.00102127494756, 0.000394694681745, 0.000321490573697], "max": [-0.335056364536, -0.31205701828, -0.438785225153, -0.620617091656, -0.676531076431, -0.635085821152], "mean": [-0.708292365074, -0.701366662979, -0.778399765491, -0.834446907043, -0.851102352142, -0.799632430077], "median": [-0.703845024109, -0.689145207405, -0.778608322144, -0.834265708923, -0.848847150803, -0.788070321083], "min": [-0.984695017338, -0.982382535934, -0.982057213783, -0.976786851883, -0.969111502171, -0.967524528503], "var": [0.0107239000499, 0.0150069864467, 0.00895027816296, 0.0030933143571, 0.00164681277238, 0.00252096913755]}, "spectral_contrast_valleys": {"dmean": [0.356747597456, 0.320479482412, 0.266092300415, 0.199317902327, 0.141448616982, 0.111368879676], "dmean2": [0.60288631916, 0.539734959602, 0.452288210392, 0.338533103466, 0.238254308701, 0.18027433753], "dvar": [0.0932239592075, 0.0841100290418, 0.0526853166521, 0.0308886654675, 0.0269216541201, 0.0303066466004], "dvar2": [0.247683480382, 0.215043112636, 0.134792044759, 0.0732042491436, 0.0576567649841, 0.0604058392346], "max": [-4.92095041275, -4.35268115997, -5.179