{"lowlevel": {"average_loudness": 0.654349446297, "barkbands_crest": {"dmean": 2.23046326637, "dmean2": 3.57763314247, "dvar": 5.92364263535, "dvar2": 15.7962999344, "max": 26.3592948914, "mean": 13.9651317596, "median": 13.2995977402, "min": 3.43334507942, "var": 21.2008056641}, "barkbands_flatness_db": {"dmean": 0.0363736264408, "dmean2": 0.0517334714532, "dvar": 0.00186531804502, "dvar2": 0.00396756874397, "max": 0.588051974773, "mean": 0.274094432592, "median": 0.262047916651, "min": 0.0213188063353, "var": 0.0122342025861}, "barkbands_kurtosis": {"dmean": 11.199215889, "dmean2": 17.7687244415, "dvar": 925.232421875, "dvar2": 2528.30419922, "max": 773.513916016, "mean": 20.1499786377, "median": 8.02265071869, "min": -1.98489391804, "var": 1733.41552734}, "barkbands_skewness": {"dmean": 0.841700851917, "dmean2": 1.27871155739, "dvar": 1.387352705, "dvar2": 3.36068439484, "max": 21.3178863525, "mean": 2.78845071793, "median": 2.26243400574, "min": -10.9077224731, "var": 5.05345678329}, "barkbands_spread": {"dmean": 6.17640590668, "dmean2": 9.38224887848, "dvar": 149.096679688, "dvar2": 335.93258667, "max": 133.696731567, "mean": 11.4148378372, "median": 5.19476795197, "min": 0.185307130218, "var": 279.744445801}, "dissonance": {"dmean": 0.0311923660338, "dmean2": 0.0510853119195, "dvar": 0.000888605718501, "dvar2": 0.00230649439618, "max": 0.499999940395, "mean": 0.408898085356, "median": 0.419362396002, "min": 0.163110584021, "var": 0.0035760467872}, "dynamic_complexity": 4.84979057312, "erbbands_crest": {"dmean": 2.6067545414, "dmean2": 4.1052236557, "dvar": 7.90276002884, "dvar2": 19.3446350098, "max": 31.9025630951, "mean": 12.4245939255, "median": 11.7045669556, "min": 2.3645966053, "var": 27.3508300781}, "erbbands_flatness_db": {"dmean": 0.0228875670582, "dmean2": 0.0326645821333, "dvar": 0.000844924943522, "dvar2": 0.00164172542281, "max": 0.508187413216, "mean": 0.229262977839, "median": 0.210844367743, "min": 0.0320810489357, "var": 0.0115008288994}, "erbbands_kurtosis": {"dmean": 1.89450645447, "dmean2": 2.8671245575, "dvar": 14.5514945984, "dvar2": 33.5578613281, "max": 121.260429382, "mean": 3.30144786835, "median": 0.85931634903, "min": -1.90939593315, "var": 68.008895874}, "erbbands_skewness": {"dmean": 0.469545632601, "dmean2": 0.710708022118, "dvar": 0.298152804375, "dvar2": 0.696123361588, "max": 9.67424106598, "mean": 1.09147024155, "median": 0.98044782877, "min": -8.88757991791, "var": 1.37147367001}, "erbbands_spread": {"dmean": 11.103802681, "dmean2": 16.5952186584, "dvar": 349.468292236, "dvar2": 715.113708496, "max": 172.060928345, "mean": 34.2250404358, "median": 22.6846809387, "min": 1.44908034801, "var": 991.461120605}, "hfc": {"dmean": 6.29361772537, "dmean2": 9.98408699036, "dvar": 160.496139526, "dvar2": 404.044372559, "max": 108.010978699, "mean": 11.5839366913, "median": 6.01610612869, "min": 1.18117659234e-16, "var": 204.918411255}, "melbands_crest": {"dmean": 2.97838711739, "dmean2": 4.7428188324, "dvar": 11.3023090363, "dvar2": 28.7381649017, "max": 38.6539039612, "mean": 20.3999900818, "median": 19.3709106445, "min": 2.31687021255, "var": 46.0171470642}, "melbands_flatness_db": {"dmean": 0.0411684177816, "dmean2": 0.0584939830005, "dvar": 0.00241596903652, "dvar2": 0.00512403901666, "max": 0.71463239193, "mean": 0.377831727266, "median": 0.362009197474, "min": 0.0055326577276, "var": 0.0171081833541}, "melbands_kurtosis": {"dmean": 21.2902107239, "dmean2": 33.3120613098, "dvar": 3993.51733398, "dvar2": 9525.05078125, "max": 2952.98706055, "mean": 39.616569519, "median": 14.4940166473, "min": -1.4120619297, "var": 7740.86083984}, "melbands_skewness": {"dmean": 1.04539644718, "dmean2": 1.60975694656, "dvar": 2.45090484619, "dvar2": 5.69186067581, "max": 39.0830726624, "mean": 3.77673602104, "median": 2.96870994568, "min": -1.06308090687, "var": 8.65040016174}, "melbands_spread": {"dmean": 4.14401245117, "dmean2": 6.42177295685, "dvar": 72.1742706299, "dvar2": 160.355728149, "max": 177.88571167, "mean": 8.40879821777, "median": 5.06275177002, "min": 0.0637263655663, "var": 135.260620117}, "pitch_salience": {"dmean": 0.0609417483211, "dmean2": 0.0974750518799, "dvar": 0.00458408147097, "dvar2": 0.0118506187573, "max": 0.910134017467, "mean": 0.462984740734, "median": 0.474935889244, "min": 0.0289577078074, "var": 0.0174241773784}, "silence_rate_20dB": {"dmean": 0, "dmean2": 0, "dvar": 0, "dvar2": 0, "max": 1, "mean": 1, "median": 1, "min": 1, "var": 0}, "silence_rate_30dB": {"dmean": 0.0497848801315, "dmean2": 0.0995799601078, "dvar": 0.0473016239703, "dvar2": 0.110954686999, "max": 1, "mean": 0.919389545918, "median": 1, "min": 0, "var": 0.0740996226668}, "silence_rate_60dB": {"dmean": 0.00635115755722, "dmean2": 0.0127036161721, "dvar": 0.00631074979901, "dvar2": 0.0133617501706, "max": 1, "mean": 0.0743623897433, "median": 0, "min": 0, "var": 0.0688340142369}, "spectral_centroid": {"dmean": 165.26789856, "dmean2": 247.549453735, "dvar": 114872.523438, "dvar2": 242479.734375, "max": 10951.8125, "mean": 589.472229004, "median": 382.812438965, "min": 78.6646652222, "var": 329655}, "spectral_complexity": {"dmean": 2.45257115364, "dmean2": 3.97049474716, "dvar": 19.0059165955, "dvar2": 44.0853004456, "max": 38, "mean": 9.27819347382, "median": 9, "min": 0, "var": 33.3192939758}, "spectral_decrease": {"dmean": 3.94111498991e-09, "dmean2": 6.49647757811e-09, "dvar": 7.69941567049e-17, "dvar2": 2.04739801222e-16, "max": 4.67002721623e-16, "mean": -9.59716217608e-09, "median": -5.76429082244e-09, "min": -8.81593109625e-08, "var": 1.36569147024e-16}, "spectral_energy": {"dmean": 0.0152500392869, "dmean2": 0.025137912482, "dvar": 0.001115245861, "dvar2": 0.00297395070083, "max": 0.33490857482, "mean": 0.0372725687921, "median": 0.0225933492184, "min": 1.03251834454e-20, "var": 0.00200020940974}, "spectral_energyband_high": {"dmean": 0.000516839325428, "dmean2": 0.000803642731626, "dvar": 1.40782594826e-06, "dvar2": 3.40409405908e-06, "max": 0.00755710666999, "mean": 0.0005091901985, "median": 2.07507127925e-05, "min": 7.69853037915e-21, "var": 1.44671298585e-06}, "spectral_energyband_low": {"dmean": 0.0127017498016, "dmean2": 0.0210500173271, "dvar": 0.00107843487058, "dvar2": 0.00286075356416, "max": 0.325850814581, "mean": 0.0202314518392, "median": 0.00708541786298, "min": 1.4249720859e-22, "var": 0.0014987377217}, "spectral_energyband_middle_high": {"dmean": 0.000667498621624, "dmean2": 0.00109544757288, "dvar": 2.12328291127e-06, "dvar2": 5.90358331465e-06, "max": 0.0182259622961, "mean": 0.0012842186261, "median": 0.000737582799047, "min": 1.26221995849e-21, "var": 2.94596907224e-06}, "spectral_energyband_middle_low": {"dmean": 0.00374395819381, "dmean2": 0.00581632554531, "dvar": 5.32578596903e-05, "dvar2": 0.000135804250021, "max": 0.144144192338, "mean": 0.0155808348209, "median": 0.00959767587483, "min": 3.16918923817e-22, "var": 0.000301350373775}, "spectral_entropy": {"dmean": 0.303552359343, "dmean2": 0.425198614597, "dvar": 0.191501319408, "dvar2": 0.388179242611, "max": 9.81005382538, "mean": 6.47886991501, "median": 6.45156764984, "min": 3.79753851891, "var": 1.1453615427}, "spectral_flux": {"dmean": 0.0283895004541, "dmean2": 0.0470275580883, "dvar": 0.00211291899905, "dvar2": 0.00512620899826, "max": 0.427629679441, "mean": 0.0676001384854, "median": 0.0452647954226, "min": 1.01612912529e-10, "var": 0.00481327483431}, "spectral_kurtosis": {"dmean": 13.3528795242, "dmean2": 22.0133495331, "dvar": 887.149963379, "dvar2": 2452.0559082, "max": 621.015380859, "mean": 42.9354820251, "median": 10.3570384979, "min": -1.48723089695, "var": 6087.84082031}, "spectral_rms": {"dmean": 0.000960014294833, "dmean2": 0.00152540265117, "dvar": 2.55655368164e-06, "dvar2": 6.37667517367e-06, "max": 0.0180759523064, "mean": 0.0052260030061, "median": 0.00469492189586, "min": 3.17385419162e-12, "var": 9.05246906768e-06}, "spectral_rolloff": {"dmean": 425.347595215, "dmean2": 758.656982422, "dvar": 1841469.875, "dvar2": 4692025, "max": 19702.8808594, "mean": 689.31451416, "median": 322.998046875, "min": 43.06640625, "var": 2977961.5}, "spectral_skewness": {"dmean": 0.740631699562, "dmean2": 1.16979444027, "dvar": 1.18409729004, "dvar2": 3.01908135414, "max": 19.7600822449, "mean": 3.88926744461, "median": 2.68823504448, "min": -0.802547335625, "var": 12.1484003067}, "spectral_spread": {"dmean": 954500.1875, "dmean2": 1346633.375, "dvar": 2583268950020.0, "dvar2": 4582424444930.0, "max": 38966280, "mean": 4364175.5, "median": 3383282, "min": 186835.703125, "var": 11502231748600.0}, "spectral_strongpeak": {"dmean": 0.233097329736, "dmean2": 0.396304756403, "dvar": 0.136798784137, "dvar2": 0.347355693579, "max": 4.75189113617, "mean": 0.743596017361, "median": 0.530271112919, "min": 0, "var": 0.485684365034}, "zerocrossingrate": {"dmean": 0.0101424148306, "dmean2": 0.011921745725, "dvar": 0.00027054635575, "dvar2": 0.000343140593031, "max": 0.8095703125, "mean": 0.0325465500355, "median": 0.0185546875, "min": 0.00146484375, "var": 0.00212407927029}, "barkbands": {"dmean": [0.00209574424662, 0.0109859053046, 0.000906535307877, 0.000622619583737, 0.00215245387517, 0.00128054677043, 0.000226899705012, 0.000287842005491, 0.000135349924676, 0.000122594719869, 0.000146403297549, 0.000194649561308, 9.83883801382e-05, 8.96612764336e-05, 5.94783596171e-05, 5.79434927204e-05, 4.40254516434e-05, 4.69883925689e-05, 4.05790415243e-05, 2.85361638817e-05, 2.09291338251e-05, 3.31024784828e-05, 0.000102284022432, 0.000257820211118, 5.85329398746e-05, 3.57136232196e-05, 5.06235983266e-06], "dmean2": [0.00337633467279, 0.0185897052288, 0.00160394655541, 0.0010660586413, 0.00337288482115, 0.00189879385289, 0.000322682812111, 0.00043694829219, 0.000210948099266, 0.000189752594451, 0.000236479041632, 0.000332154566422, 0.000168936894624, 0.00015740658273, 0.000100405406556, 9.70401015365e-05, 7.08988445695e-05, 7.85083102528e-05, 7.03248661011e-05, 4.61799936602e-05, 3.14930293825e-05, 4.81685237901e-05, 0.000173340318725, 0.000401824858272, 9.62002377491e-05, 5.94556731812e-05, 8.02616523288e-06], "dvar": [1.56211663125e-05, 0.000905138615053, 8.0718236859e-06, 2.4651046715e-06, 2.59886910499e-05, 1.46096563185e-05, 1.32482932713e-06, 7.24938900021e-07, 1.12199003865e-07, 7.15571175647e-08, 7.66861276702e-08, 1.57327477268e-07, 5.31529273928e-08, 7.57854365929e-08, 2.25527490016e-08, 2.47530600461e-08, 1.19361738271e-08, 2.35048691621e-08, 1.85460855562e-08, 6.83139322888e-09, 2.80436673883e-09, 6.36864161407e-09, 6.60248602458e-08, 3.62992722103e-07, 2.02129957216e-08, 8.57317061786e-09, 1.5864415337e-10], "dvar2": [4.18090785388e-05, 0.00242700218223, 2.46946819971e-05, 6.88257796355e-06, 6.92761532264e-05, 3.48817848135e-05, 2.04445200325e-06, 1.94783297047e-06, 2.6037790235e-07, 1.67007797813e-07, 1.94012471866e-07, 4.35662030895e-07, 1.50879088778e-07, 2.16893852212e-07, 6.02112848469e-08, 6.71779147865e-08, 2.97185529519e-08, 6.47946123422e-08, 5.2207560941e-08, 1.76217884729e-08, 5.94342486337e-09, 1.23991314993e-08, 1.72566885226e-07, 8.57825853018e-07, 5.18646885439e-08, 2.17097895217e-08, 3.71103481278e-10], "max": [0.0337700024247, 0.300358474255, 0.0355451405048, 0.0522843450308, 0.095479413867, 0.114899031818, 0.0775391682982, 0.021696055308, 0.0117165744305, 0.00672575645149, 0.0064915092662, 0.00486989412457, 0.00338472006842, 0.00360968941823, 0.0020078450907, 0.00198568403721, 0.00232920330018, 0.0017659405712, 0.00171136646532, 0.000903335632756, 0.000473585620057, 0.000748475373257, 0.00162096892018, 0.00383646064438, 0.000841692322865, 0.000733736495022, 0.000107331339677], "mean": [0.00380116677843, 0.0146771604195, 0.00149560079444, 0.00188775698189, 0.00743037695065, 0.00442676153034, 0.000649550464004, 0.000730201136321, 0.000323991640471, 0.00028859890881, 0.000278736726614, 0.00027075651451, 0.00012427722686, 9.56003350439e-05, 6.51997834211e-05, 6.43435050733e-05, 5.68557843508e-05, 4.61614181404e-05, 3.9352078602e-05, 2.79529213003e-05, 2.46218842221e-05, 3.67596185242e-05, 8.82235835888e-05, 0.000258921529166, 5.22115624335e-05, 2.7178268283e-05, 4.14520400227e-06], "median": [0.000680056400597, 0.00268681859598, 0.000418623501901, 0.000638080295175, 0.00377578707412, 0.000583537737839, 0.000178278642124, 0.000243369970121, 7.7170188888e-05, 9.34200943448e-05, 0.000101516881841, 6.97740179021e-05, 3.93806185457e-05, 2.63478523266e-05, 1.38546593007e-05, 1.28075880639e-05, 9.44142084336e-06, 4.35947140431e-06, 4.09489348385e-06, 2.82424525722e-06, 2.35611491917e-06, 2.30120758715e-06, 2.06674849323e-06, 4.11053724747e-06, 8.86705549874e-07, 4.462172285e-07, 5.70170008984e-08], "min": [1.52338680678e-23, 1.00869965255e-22, 2.64479076442e-23, 2.60476703865e-24, 4.98430056268e-23, 7.13314094465e-23, 6.7337766404e-23, 4.93119349991e-23, 5.41979816738e-23, 6.42424087405e-23, 6.33211075556e-23, 8.9603971299e-23, 7.9300823099e-23, 3.81915773883e-23, 1.85346959137e-22, 1.50545457846e-22, 1.1123496646e-22, 1.87597194335e-22, 1.80320665615e-22, 2.83547330736e-22, 2.70071365042e-22, 5.74892747157e-22, 5.58945236071e-22, 7.33261938134e-22, 1.27426294888e-21, 1.77920652867e-21, 2.51573351792e-21], "var": [2.73290188488e-05, 0.00114684377331, 9.81635730568e-06, 1.20252152556e-05, 9.43345658015e-05, 0.000105167513539, 9.45784813666e-06, 1.94799531528e-06, 5.51335915588e-07, 3.60296752433e-07, 2.22074930889e-07, 2.2426031876e-07, 6.17047106743e-08, 5.56800188178e-08, 2.11607709133e-08, 2.19541895774e-08, 1.59114268428e-08, 1.83652542063e-08, 1.29816335459e-08, 5.98271920893e-09, 4.05302724715e-09, 1.00079882159e-08, 5.604891129e-08, 3.85764082012e-07, 1.76400103413e-08, 6.80458933644e-09, 1.48341575135e-10]}, "erbbands": {"dmean": [0.570494949818, 1.75317621231, 1.23204064369, 1.56913340092, 3.20823168755, 8.14005565643, 13.5250282288, 9.09807109833, 3.53494691849, 5.11771059036, 4.63418149948, 3.79350614548, 3.12232494354, 3.62813425064, 6.70712614059, 8.96098804474, 4.81521511078, 4.91119623184, 2.63925433159, 3.45948290825, 2.85060477257, 2.40241241455, 2.76862668991, 2.07797622681, 1.77984309196, 1.33276462555, 0.968582451344, 0.901956379414, 1.08847677708, 1.71222102642, 2.77015995979, 6.58583259583, 3.08759856224, 0.877436578274, 0.343227535486, 0.182712867856, 0.0608368963003, 0.00840742047876, 0.000944102124777, 6.01439132879e-05], "dmean2": [0.916435420513, 3.02772760391, 2.1662478447, 2.71766662598, 5.28537082672, 12.8056755066, 19.645898819, 14.1696128845, 4.67223978043, 8.16725921631, 6.85825920105, 5.90228462219, 4.84148406982, 5.63012313843, 10.9868278503, 15.3223400116, 8.21354961395, 8.62232971191, 4.33574151993, 5.79639577866, 4.78002405167, 3.8543715477, 4.66623592377, 3.60230755806, 2.98387479782, 2.15991234779, 1.53860533237, 1.35084497929, 1.68007004261, 2.60808467865, 4.55411243439, 10.6416788101, 4.73795843124, 1.42462480068, 0.563301444054, 0.304500877857, 0.101038850844, 0.0136868851259, 0.0015152693959, 9.71460176515e-05], "dvar": [2.06029129028, 26.6965122223, 17.0762290955, 16.4192123413, 58.5491752625, 476.009674072, 1380.8482666, 1061.26672363, 287.801055908, 458.015380859, 161.311386108, 87.6713562012, 63.5199317932, 55.5120162964, 156.846054077, 360.824401855, 113.33543396, 253.737319946, 40.5515632629, 80.9180145264, 69.6941452026, 38.5153312683, 80.4648666382, 53.5159225464, 30.8078899384, 14.8399372101, 7.19434642792, 5.34106445312, 7.44767999649, 18.0970458984, 44.3393249512, 248.688339233, 51.4585075378, 4.39703321457, 0.719068646431, 0.231060341001, 0.0238759107888, 0.000425086123869, 5.539689937e-06, 1.68161857772e-08], "dvar2": [5.71417379379, 69.7157592773, 50.3419113159, 47.3417472839, 160.594741821, 1292.75415039, 3045.94360352, 2905.9675293, 341.951477051, 1319.30334473, 354.26171875, 205.319992065, 149.380142212, 133.684661865, 413.379577637, 1002.29779053, 321.428375244, 728.260009766, 107.760017395, 214.686645508, 194.619750977, 95.5929489136, 222.052429199, 152.099945068, 82.5077590942, 38.3300552368, 17.3928947449, 10.0779533386, 13.2465772629, 38.4691390991, 113.977935791, 616.942871094, 119.822723389, 11.2504701614, 1.82194626331, 0.593296349049, 0.0597872510552, 0.00103161553852, 1.30779408209e-05, 4.00174009485e-08], "max": [13.2987375259, 49.6472396851, 44.3058013916, 68.6790084839, 183.707397461, 462.664428711, 1281.16430664, 986.009521484, 1183.92822266, 826.958068848, 512.741882324, 331.809112549, 250.472305298, 228.948959351, 215.102905273, 247.732330322, 169.47618103, 167.316665649, 100.257804871, 130.591201782, 93.2397460938, 106.07119751, 83.0659561157, 106.432929993, 77.5819168091, 38.5022735596, 26.295331955, 21.5719089508, 25.6713447571, 35.4306869507, 43.0512924194, 95.4336013794, 56.0642280579, 12.4973754883, 5.97299957275, 4.07960271835, 1.03183710575, 0.141987398267, 0.020956588909, 0.00141138292383], "mean": [0.745282828808, 2.02239012718, 1.7987139225, 4.21862459183, 12.8637933731, 25.5551967621, 46.2276268005, 28.7361469269, 11.9771709442, 12.0258626938, 13.0081768036, 9.54241847992, 7.97172021866, 8.28080844879, 12.8882169724, 12.4286460876, 6.81715583801, 5.19320487976, 3.5778028965, 3.75800013542, 3.11022233963, 2.93523168564, 2.77011084557, 2.04423880577, 1.77500033379, 1.3012291193, 1.07776153088, 1.04772567749, 1.26490283012, 1.82250022888, 2.42896103859, 5.96100854874, 3.37449741364, 0.813217401505, 0.29923170805, 0.14177775383, 0.0460675321519, 0.00658987695351, 0.000779248657636, 8.00544294179e-05], "median": [0.125148534775, 0.263470888138, 0.557742357254, 1.83615648746, 4.73535251617, 11.3318490982, 8.60050868988, 4.96645259857, 3.26634383202, 4.64273405075, 3.91033506393, 2.56884169579, 2.74975657463, 3.56189036369, 5.17627620697, 3.6482231617, 2.67735648155, 1.68424832821, 1.04527175426, 0.957684934139, 0.671094834805, 0.468234837055, 0.355709135532, 0.307890444994, 0.160164326429, 0.137956500053, 0.108168631792, 0.0965338051319, 0.0767143592238, 0.0606941208243, 0.0676807761192, 0.105993703008, 0.0470092408359, 0.0149714974687, 0.00475258240476, 0.00228893617168, 0.00072398269549, 0.00010462453065, 3.30866751028e-05, 3.22095074807e-05], "min": [3.52239596557e-21, 1.91965856551e-20, 4.19222663078e-20, 1.1489485394e-20, 1.16729504996e-19, 1.34502643679e-19, 4.41979713586e-19, 4.55634552644e-19, 1.06094536918e-18, 7.19207176233e-19, 1.16317072742e-18, 1.50352132489e-18, 1.86000018654e-18, 2.43021528065e-18, 2.25741084004e-18, 3.69383623672e-18, 3.36551439632e-18, 2.79193846739e-18, 5.38587223001e-18, 1.02959526532e-17, 7.32037471317e-18, 6.62526134362e-18, 7.63838595402e-18, 1.23736500266e-17, 9.10715514663e-18, 1.53880045394e-17, 1.1189748602e-17, 1.36074428498e-17, 2.26214673856e-17, 1.61637824943e-17, 1.52586781593e-17, 1.25697174743e-17, 1.35071902139e-17, 1.18086625071e-17, 1.00740217492e-17, 7.63526252003e-18, 3.11290481098e-18, 1.28244065917e-18, 3.5950998746e-19, 3.7250088483e-20], "var": [2.44397234917, 31.9959602356, 15.8967037201, 38.7626571655, 401.017150879, 1482.06347656, 9111.71191406, 5952.69775391, 2746.51513672, 725.986450195, 891.807556152, 435.10748291, 349.985473633, 210.757904053, 423.842834473, 493.188934326, 153.372070312, 167.66293335, 50.2464141846, 73.0383453369, 55.3917732239, 43.4063606262, 60.5913391113, 36.0585899353, 25.2560691833, 13.0363645554, 7.7840795517, 8.23144340515, 12.4203329086, 24.5573215485, 39.2876586914, 228.567749023, 61.0311889648, 3.97197890282, 0.63062775135, 0.180701345205, 0.0192318297923, 0.000365744373994, 5.07004733663e-06, 1.79272241496e-08]}, "gfcc": {"mean": [-118.590507507, 146.28805542, -74.0681152344, 7.84573602676, -46.5179901123, 10.0757799149, -35.7047424316, -5.13005876541, -20.4738578796, -10.9245176315, -3.41014313698, -4.18654537201, -3.48257851601], "cov": [[27470.5507812, -5973.35107422, -2236.04394531, 3549.14941406, -989.356872559, 3400.68164062, -729.415893555, 1876.33374023, 433.169342041, 1066.60864258, 349.585662842, 960.982971191, -59.1574859619], [-5973.35107422, 5671.47509766, -692.553771973, -2100.02709961, 637.422424316, -1935.99511719, 465.098236084, -895.013305664, -150.919342041, -424.606445312, 39.7041969299, -396.216064453, 282.762481689], [-2236.04394531, -692.553771973, 1466.63769531, 20.6053085327, -118.551307678, 341.613067627, -134.427307129, 122.814125061, 75.6823883057, -22.2598075867, -21.6745357513, 7.32398509979, -25.3685054779], [3549.14941406, -2100.02709961, 20.6053085327, 1287.9720459, -94.7716751099, 902.514831543, -77.0196914673, 455.54498291, 149.750518799, 217.781417847, 33.7186203003, 121.335716248, -109.297096252], [-989.356872559, 637.422424316, -118.551307678, -94.7716751099, 452.459960938, -205.33706665, 169.822616577, -51.4514427185, 4.89832687378, -33.1970329285, -20.0352554321, -116.878829956, -29.775384903], [3400.68164062, -1935.99511719, 341.613067627, 902.514831543, -205.33706665, 1114.72814941, -125.49030304, 482.612213135, 147.296051025, 205.040878296, 86.3862609863, 179.51965332, -71.888923645], [-729.415893555, 465.098236084, -134.427307129, -77.0196914673, 169.822616577, -125.49030304, 217.330764771, -42.0842971802, 6.96605157852, -11.1212396622, 15.2279901505, -54.6274452209, -4.05913257599], [1876.33374023, -895.013305664, 122.814125061, 455.54498291, -51.4514427185, 482.612213135, -42.0842971802, 359.664642334, 142.118164062, 133.391113281, 55.7892723083, 82.5755767822, -25.6231594086], [433.169342041, -150.919342041, 75.6823883057, 149.750518799, 4.89832687378, 147.296051025, 6.96605157852, 142.118164062, 154.197921753, 77.4521713257, 49.9597434998, 20.7133655548, 29.1277561188], [1066.60864258, -424.606445312, -22.2598075867, 217.781417847, -33.1970329285, 205.040878296, -11.1212396622, 133.391113281, 77.4521713257, 134.159439087, 55.9503250122, 59.213142395, -5.65521478653], [349.585662842, 39.7041969299, -21.6745357513, 33.7186203003, -20.0352554321, 86.3862609863, 15.2279901505, 55.7892723083, 49.9597434998, 55.9503250122, 123.309967041, 67.1751174927, 54.3885154724], [960.982971191, -396.216064453, 7.32398509979, 121.335716248, -116.878829956, 179.51965332, -54.6274452209, 82.5755767822, 20.7133655548, 59.213142395, 67.1751174927, 155.247497559, 60.8857688904], [-59.1574859619, 282.762481689, -25.3685054779, -109.297096252, -29.775384903, -71.888923645, -4.05913257599, -25.6231594086, 29.1277561188, -5.65521478653, 54.3885154724, 60.8857688904, 140.145996094]], "icov": [[0.000228191187489, -0.000297662307275, 0.000450270716101, -0.00029443425592, 0.000178170113941, -0.000554498110432, 0.000698451884091, -0.000735896639526, 0.000597796577495, -0.000927690591197, 0.000792201666627, -0.000613785465248, -1.45838748722e-05], [-0.000297662307275, 0.00163063139189, -0.000237479776843, 0.00154985813424, -0.000768985482864, 0.00108949968126, -0.00155353255104, 0.00149598892312, -0.00173521123361, 0.00248588481918, -0.00283500831574, 0.00260166591033, -0.00119503424503], [0.000450270716101, -0.000237479776843, 0.00191477220505, 0.000157047368702, 0.000196154287551, -0.00166131427977, 0.00164278503507, -0.00117277528625, 1.58773073053e-05, -0.000664763851091, 0.00128588930238, -0.00059825804783, -0.000108305059257], [-0.00029443425592, 0.00154985813424, 0.000157047368702, 0.00377378100529, -0.00097850698512, -0.000535459024832, -0.0014170439681, 0.000913016381674, -0.00210143998265, 0.00151511479635, -0.00154196738731, 0.00230080168694, -0.00053973152535], [0.000178170113941, -0.000768985482864, 0.000196154287551, -0.00097850698512, 0.00406365515664, 3.01323252643e-05, -0.00142794044223, -0.00154539791401, 0.000968860287685, -0.00115060049575, 0.00110808585305, 0.0006747735315, 0.000483057257952], [-0.000554498110432, 0.00108949968126, -0.00166131427977, -0.000535459024832, 3.01323252643e-05, 0.00546522764489, -0.00186444527935, -0.000861468608491, -0.000695683760568, 0.00252131279558, -0.00370463356376, 0.000608989852481, 0.000867212715093], [0.000698451884091, -0.00155353255104, 0.00164278503507, -0.0014170439681, -0.00142794044223, -0.00186444527935, 0.00975584890693, -0.00200292654335, 0.00159877422266, -0.00330272037536, 0.0012253865134, -0.00156120106112, 0.00101526849903], [-0.000735896639526, 0.00149598892312, -0.00117277528625, 0.000913016381674, -0.00154539791401, -0.000861468608491, -0.00200292654335, 0.0131502291188, -0.00865623727441, 0.002551054582, -0.00287858210504, 0.000702973338775, 0.00146058283281], [0.000597796577495, -0.00173521123361, 1.58773073053e-05, -0.00210143998265, 0.000968860287685, -0.000695683760568, 0.00159877422266, -0.00865623727441, 0.0188552308828, -0.0099436827004, 0.00156404497102, 0.00310658407398, -0.00584671040997], [-0.000927690591197, 0.00248588481918, -0.000664763851091, 0.00151511479635, -0.00115060049575, 0.00252131279558, -0.00330272037536, 0.002551054582, -0.0099436827004, 0.0231416691095, -0.00940584670752, -0.000310255389195, 0.00385927571915], [0.000792201666627, -0.00283500831574, 0.00128588930238, -0.00154196738731, 0.00110808585305, -0.00370463356376, 0.0012253865134, -0.00287858210504, 0.00156404497102, -0.00940584670752, 0.0205841120332, -0.00865647941828, -0.0020033235196], [-0.000613785465248, 0.00260166591033, -0.00059825804783, 0.00230080168694, 0.0006747735315, 0.000608989852481, -0.00156120106112, 0.000702973338775, 0.00310658407398, -0.000310255389195, -0.00865647941828, 0.0212975088507, -0.00983451213688], [-1.45838748722e-05, -0.00119503424503, -0.000108305059257, -0.00053973152535, 0.000483057257952, 0.000867212715093, 0.00101526849903, 0.00146058283281, -0.00584671040997, 0.00385927571915, -0.0020033235196, -0.00983451213688, 0.0163647029549]]}, "melbands": {"dmean": [0.0038535988424, 0.00111951923463, 0.000298712984659, 0.000381773075787, 0.000473313877592, 0.000205940988963, 5.04848576384e-05, 5.9027934185e-05, 3.60521371476e-05, 2.13424500544e-05, 1.53476084961e-05, 1.46003521877e-05, 2.20134807023e-05, 2.22758499149e-05, 1.57982849487e-05, 8.97175414138e-06, 9.74718750513e-06, 3.99244072469e-06, 4.88376053909e-06, 4.29558031101e-06, 3.31125420416e-06, 2.39678547587e-06, 2.86516888082e-06, 2.23047641157e-06, 1.66719985373e-06, 1.56213434366e-06, 9.07112109871e-07, 9.64175910667e-07, 7.33559602395e-07, 4.70219021054e-07, 5.5712592939e-07, 5.80521145821e-07, 7.08862785359e-07, 1.07904440938e-06, 1.2447866311e-06, 2.94008327728e-06, 4.65879656986e-06, 2.64322966359e-06, 1.04432888293e-06, 6.10097288245e-07], "dmean2": [0.00628798129037, 0.00195060251281, 0.000507513468619, 0.000617709418293, 0.000698509335052, 0.000315257202601, 6.72748210491e-05, 9.38068915275e-05, 5.29698190803e-05, 3.35768454534e-05, 2.37781896431e-05, 2.26724441745e-05, 3.56265663868e-05, 3.79960001737e-05, 2.68409348791e-05, 1.54373592522e-05, 1.72053751157e-05, 6.52124163025e-06, 8.28765496408e-06, 7.07069875716e-06, 5.6522731029e-06, 3.81958898288e-06, 4.76090644952e-06, 3.78592039851e-06, 2.92333425023e-06, 2.72578540716e-06, 1.48132164668e-06, 1.61283026046e-06, 1.1754782463e-06, 7.37609525459e-07, 8.48442311963e-07, 9.00161296613e-07, 1.06014158519e-06, 1.65004996688e-06, 1.98901420845e-06, 5.17927537658e-06, 7.34649393053e-06, 4.03951207772e-06, 1.67292625974e-06, 1.02290141513e-06], "dvar": [0.000102006903035, 1.15188076961e-05, 5.21446168023e-07, 8.78533910509e-07, 1.5138245999e-06, 4.78343054056e-07, 6.49242863915e-08, 5.43430580535e-08, 8.5998017596e-09, 2.8156965648e-09, 1.60662827486e-09, 9.96055238289e-10, 1.74148073739e-09, 1.88483251229e-09, 8.74387506844e-10, 5.85088533178e-10, 9.4601559919e-10, 9.04301772353e-11, 1.66694463788e-10, 1.14937649676e-10, 1.02855529649e-10, 3.6004504933e-11, 6.9318571716e-11, 5.39808510391e-11, 3.51401026333e-11, 2.66949223143e-11, 7.14406181782e-12, 8.26370048779e-12, 4.59124318425e-12, 1.35522550213e-12, 2.0901253818e-12, 2.08563917005e-12, 3.1884113405e-12, 7.28960121432e-12, 8.73294145332e-12, 5.78443161425e-11, 1.1946144074e-10, 3.83692279338e-11, 5.89575784027e-12, 2.21519113816e-12], "dvar2": [0.000275794591289, 3.044377263e-05, 1.47310595366e-06, 2.47577395385e-06, 3.57049634658e-06, 1.27405644434e-06, 7.95675276777e-08, 1.57183492888e-07, 1.81646715447e-08, 6.70076927278e-09, 3.77568243337e-09, 2.37344588427e-09, 4.42009273627e-09, 5.23384446893e-09, 2.42159492458e-09, 1.67015945518e-09, 2.70917155376e-09, 2.40677505703e-10, 4.46023468159e-10, 2.98729541104e-10, 2.90828139349e-10, 8.69085983735e-11, 1.8304560645e-10, 1.49542281336e-10, 1.00457815677e-10, 7.43698852501e-11, 1.78846781135e-11, 2.19347456865e-11, 1.18496627441e-11, 2.90693467561e-12, 3.81836142566e-12, 3.66825840536e-12, 6.6404611844e-12, 1.53141613973e-11, 2.13467854504e-11, 1.57932222855e-10, 2.82935758156e-10, 8.84020287528e-11, 1.43337485978e-11, 5.82694049261e-12], "max": [0.0983812734485, 0.0310871023685, 0.0185558237135, 0.0167376808822, 0.0345715135336, 0.0202485471964, 0.0179957337677, 0.0085797291249, 0.00389960384928, 0.00179084506817, 0.0012508907821, 0.000989781110547, 0.000970718858298, 0.00052293628687, 0.00040941053885, 0.000273242272669, 0.000317286176141, 0.000198441251996, 0.00013551034499, 0.000164313591085, 0.000137115042889, 0.00013011462579, 0.000145683879964, 7.10084932507e-05, 9.64605787885e-05, 6.53729221085e-05, 3.57051758328e-05, 3.29895265168e-05, 2.54082351603e-05, 1.10831306301e-05, 1.57685808517e-05, 1.45950343722e-05, 1.6320933355e-05, 2.24563245865e-05, 2.13219318539e-05, 4.36398659076e-05, 6.54982213746e-05, 5.42655288882e-05, 1.46811698869e-05, 9.35505886446e-06], "mean": [0.00537312310189, 0.0014933886705, 0.000982244266197, 0.00133932812605, 0.00160325970501, 0.000674345355947, 0.000163011267432, 0.000137245166115, 0.000100568278867, 5.18474080309e-05, 3.78941949748e-05, 3.1708561437e-05, 4.24166282755e-05, 3.29786016664e-05, 2.30560435739e-05, 1.07943997136e-05, 9.8389273262e-06, 5.61147044209e-06, 5.09203437105e-06, 5.03417959408e-06, 3.45635976373e-06, 2.9423883916e-06, 3.27879843098e-06, 2.02311412068e-06, 1.61378579833e-06, 1.44363889376e-06, 9.27416920149e-07, 8.89524073955e-07, 7.37359698633e-07, 5.67026177123e-07, 6.18801266228e-07, 6.70957319926e-07, 7.75133230491e-07, 1.13148564651e-06, 1.14401655082e-06, 2.25237226914e-06, 4.42388636657e-06, 2.97850237985e-06, 1.00837689843e-06, 5.39828988622e-07], "median": [0.00106905167922, 0.000319531216519, 0.000424185593147, 0.00065757741686, 0.000398468167987, 0.000100268298411, 4.20659162046e-05, 5.16601830896e-05, 2.93382418022e-05, 1.33110270326e-05, 1.18985572044e-05, 1.19412561617e-05, 1.46341053551e-05, 9.96615290205e-06, 8.17505406303e-06, 3.46588694811e-06, 2.78555057776e-06, 1.67857422184e-06, 1.03101194782e-06, 1.11743236175e-06, 5.51556297523e-07, 3.97126143525e-07, 3.26687484176e-07, 1.87406357099e-07, 2.31864532907e-07, 1.12436644883e-07, 8.54889563584e-08, 8.69492495781e-08, 6.53862386457e-08, 5.84102402001e-08, 5.29234434055e-08, 4.55657378495e-08, 3.60631133844e-08, 2.95950250973e-08, 3.40447208202e-08, 5.59647190812e-08, 6.7838307416e-08, 3.88525442929e-08, 1.74891461313e-08, 9.50177092562e-09], "min": [2.91092387708e-23, 2.39971566254e-23, 4.71413573971e-24, 9.94796988833e-24, 1.23607411989e-23, 1.18731809832e-23, 1.60318024512e-23, 8.14461729292e-24, 1.04292704927e-23, 8.60805414208e-24, 9.15880684939e-24, 9.59282786425e-24, 8.23599578474e-24, 8.91925976919e-24, 8.68144029437e-24, 7.58896891483e-24, 4.65962190128e-24, 6.02539690245e-24, 1.63659055549e-23, 1.0737769538e-23, 8.11353696212e-24, 6.29404821689e-24, 6.62400980088e-24, 7.95951187037e-24, 1.03541591016e-23, 6.60997714866e-24, 6.44776249743e-24, 1.12270897023e-23, 6.88816145271e-24, 5.62893000541e-24, 8.89715352004e-24, 1.32671400124e-23, 1.07705719522e-23, 9.02860851242e-24, 8.21569918251e-24, 8.9502612139e-24, 7.39567669381e-24, 8.92999379952e-24, 1.04908978843e-23, 9.80764573279e-24], "var": [0.000129330059281, 1.3699082956e-05, 2.04994353226e-06, 3.09096367346e-06, 8.60377713252e-06, 2.98359645967e-06, 5.95607900777e-07, 8.06901354622e-08, 5.12930924401e-08, 1.3604176452e-08, 8.92218832149e-09, 3.72158925899e-09, 5.17106313325e-09, 2.86149393069e-09, 1.34107169814e-09, 5.37761335462e-10, 6.33689212215e-10, 1.32487076865e-10, 1.44653275469e-10, 1.25096252801e-10, 8.16135978243e-11, 4.54901116775e-11, 7.35112040684e-11, 3.85990649165e-11, 2.36622440392e-11, 1.91629403318e-11, 6.89142883384e-12, 6.63121684299e-12, 4.1743453312e-12, 1.99911333147e-12, 3.13877114404e-12, 3.46735834489e-12, 4.66404042124e-12, 9.83190525522e-12, 8.81955706383e-12, 4.0747065444e-11, 1.20605428422e-10, 4.74009373419e-11, 5.89496333692e-12, 1.85849946543e-12]}, "mfcc": {"mean": [-754.702453613, 163.672409058, 37.935836792, 7.24907970428, 14.5602531433, 8.22360801697, 2.07084465027, 3.63228440285, -8.32022476196, -1.46656620502, -8.27005386353, 2.68551540375, -4.86805486679], "cov": [[13187.4990234, -1562.51586914, -528.639099121, 46.4853439331, 584.175170898, 493.638244629, 382.0909729, 627.752868652, 157.730606079, 413.094055176, 203.041351318, 700.5234375, 271.799133301], [-1562.51586914, 4078.04663086, -392.258270264, -371.415802002, -558.302307129, -331.654327393, -210.304977417, -331.027954102, -179.403091431, -275.564727783, -154.249282837, -287.317047119, -28.9576797485], [-528.639099121, -392.258270264, 1130.0645752, -177.880966187, 205.529251099, 20.9588832855, -32.1511955261, 93.8176422119, 54.4026374817, 107.351463318, 8.68877601624, 62.323135376, -66.2291870117], [46.4853439331, -371.415802002, -177.880966187, 398.494140625, 86.8384628296, 82.6816711426, 68.6340942383, 34.8415298462, 57.8245162964, 59.6074905396, 53.0851898193, 38.4882659912, 14.6774311066], [584.175170898, -558.302307129, 205.529251099, 86.8384628296, 375.086639404, 134.503417969, 107.627090454, 155.925842285, 100.530075073, 163.296768188, 66.2114562988, 140.000396729, 1.71684968472], [493.638244629, -331.654327393, 20.9588832855, 82.6816711426, 134.503417969, 209.062042236, 131.038452148, 104.790466309, 56.556968689, 68.6749954224, 44.8428115845, 89.5001373291, 36.1078872681], [382.0909729, -210.304977417, -32.1511955261, 68.6340942383, 107.627090454, 131.038452148, 183.30267334, 116.014350891, 44.5935783386, 76.0607223511, 43.8447380066, 83.4213943481, 42.5923728943], [627.752868652, -331.027954102, 93.8176422119, 34.8415298462, 155.925842285, 104.790466309, 116.014350891, 181.687393188, 88.7358474731, 95.787979126, 51.5606002808, 119.316352844, 26.8105297089], [157.730606079, -179.403091431, 54.4026374817, 57.8245162964, 100.530075073, 56.556968689, 44.5935783386, 88.7358474731, 113.666702271, 94.3908691406, 43.041759491, 68.435256958, 2.61246156693], [413.094055176, -275.564727783, 107.351463318, 59.6074905396, 163.296768188, 68.6749954224, 76.0607223511, 95.787979126, 94.3908691406, 187.027816772, 83.9070205688, 93.0751495361, 14.2016839981], [203.041351318, -154.249282837, 8.68877601624, 53.0851898193, 66.2114562988, 44.8428115845, 43.8447380066, 51.5606002808, 43.041759491, 83.9070205688, 102.26335907, 74.8625564575, 18.7184181213], [700.5234375, -287.317047119, 62.323135376, 38.4882659912, 140.000396729, 89.5001373291, 83.4213943481, 119.316352844, 68.435256958, 93.0751495361, 74.8625564575, 184.056335449, 53.5363235474], [271.799133301, -28.9576797485, -66.2291870117, 14.6774311066, 1.71684968472, 36.1078872681, 42.5923728943, 26.8105297089, 2.61246156693, 14.2016839981, 18.7184181213, 53.5363235474, 87.1190414429]], "icov": [[0.000127570645418, 1.36285689223e-05, 0.000161242860486, 7.04323756509e-05, 4.90999482281e-05, -0.000226323536481, 0.00036674173316, -0.000524805334862, 0.000555865757633, -0.000434654095443, 0.000307367095957, -0.000407822604757, 3.10436480504e-05], [1.36285689223e-05, 0.000352828414179, 9.30299502215e-05, 0.000297819788102, 0.000236947642406, 0.000254802725976, -0.000250373006565, 0.000370343768736, -0.000269280892098, 4.99799352838e-05, 4.7137895308e-05, 4.25405669375e-05, -4.28783605457e-05], [0.000161242860486, 9.30299502215e-05, 0.00149985123426, 0.000778603076469, -0.00036753405584, -0.000557500112336, 0.00135816913098, -0.00126317178365, 0.00107081141323, -0.00132924038917, 0.000819305074401, -0.000721230113413, 0.000951686582994], [7.04323756509e-05, 0.000297819788102, 0.000778603076469, 0.00373238907196, -0.000695616821758, -0.000572625373024, -0.000693392008543, 0.00136098219082, -0.00182945746928, 0.000290594325634, -0.00113157113083, 0.000376204930944, 3.2980722608e-05], [4.90999482281e-05, 0.000236947642406, -0.00036753405584, -0.000695616821758, 0.00682806083933, -0.00184349331539, 0.000684986123815, -0.00242394651286, 0.00166765926406, -0.00441473163664, 0.00238922261633, -0.00270578102209, 0.00262300344184], [-0.000226323536481, 0.000254802725976, -0.000557500112336, -0.000572625373024, -0.00184349331539, 0.0109765212983, -0.00693028233945, 0.00172188016586, -0.0035221115686, 0.00329957623035, -0.00155891990289, 0.000374013587134, -0.00151846650988], [0.00036674173316, -0.000250373006565, 0.00135816913098, -0.000693392008543, 0.000684986123815, -0.00693028233945, 0.01643714495, -0.0100156618282, 0.00708048790693, -0.00541103677824, 0.00174291850999, -0.000327424844727, -0.00167655479163], [-0.000524805334862, 0.000370343768736, -0.00126317178365, 0.00136098219082, -0.00242394651286, 0.00172188016586, -0.0100156618282, 0.0217275936157, -0.0119585404173, 0.00461120670661, -0.0012586589437, -0.00317814201117, -5.46095980098e-05], [0.000555865757633, -0.000269280892098, 0.00107081141323, -0.00182945746928, 0.00166765926406, -0.0035221115686, 0.00708048790693, -0.0119585404173, 0.0248847790062, -0.0111935446039, 0.00347666162997, -0.00353844184428, 0.00344994897023], [-0.000434654095443, 4.99799352838e-05, -0.00132924038917, 0.000290594325634, -0.00441473163664, 0.00329957623035, -0.00541103677824, 0.00461120670661, -0.0111935446039, 0.0182850193232, -0.009635431692, 0.00275772297755, -0.00201045325957], [0.000307367095957, 4.7137895308e-05, 0.000819305074401, -0.00113157113083, 0.00238922261633, -0.00155891990289, 0.00174291850999, -0.0012586589437, 0.00347666162997, -0.009635431692, 0.0202777646482, -0.00730444910005, 0.00160278845578], [-0.000407822604757, 4.25405669375e-05, -0.000721230113413, 0.000376204930944, -0.00270578102209, 0.000374013587134, -0.000327424844727, -0.00317814201117, -0.00353844184428, 0.00275772297755, -0.00730444910005, 0.0162433180958, -0.00704457331449], [3.10436480504e-05, -4.28783605457e-05, 0.000951686582994, 3.2980722608e-05, 0.00262300344184, -0.00151846650988, -0.00167655479163, -5.46095980098e-05, 0.00344994897023, -0.00201045325957, 0.00160278845578, -0.00704457331449, 0.017708433792]]}, "spectral_contrast_coeffs": {"dmean": [0.0384122654796, 0.0388827286661, 0.0339672677219, 0.0287385433912, 0.0204847212881, 0.0203124638647], "dmean2": [0.0635968148708, 0.0636995211244, 0.0546422973275, 0.0455491580069, 0.0327149033546, 0.0335210300982], "dvar": [0.00115590076894, 0.00136256706901, 0.00100630393717, 0.000702232471667, 0.00039821799146, 0.000650287489407], "dvar2": [0.00304938224144, 0.00362974638119, 0.00253699300811, 0.0017007853603, 0.000920554797631, 0.00175077700987], "max": [-0.260153084993, -0.336463779211, -0.491914540529, -0.560677886009, -0.610204041004, -0.622049808502], "mean": [-0.590903818607, -0.687651216984, -0.75215536356, -0.780558586121, -0.808935105801, -0.828358948231], "median": [-0.589259684086, -0.696088194847, -0.752855598927, -0.77959638834, -0.813882291317, -0.831942439079], "min": [-0.967038035393, -0.966788113117, -0.96770709753, -0.950993359089, -0.957852721214, -0.965272784233], "var": [0.0118647404015, 0.00930494721979, 0.00499864807352, 0.00368579546921, 0.00275617069565, 0.00260657141916]}, "spectral_contrast_valleys": {"dmean": [0.371283918619, 0.346483975649, 0.347680747509, 0.401602357626, 0.423937767744, 0.589164793491], "dmean2": [0.612599730492, 0.556659162045, 0.550007760525, 0.605983614922, 0.610273897648, 0.823566257954], "dvar": [0.13904863596, 0.159710481763, 0.194060832262, 0.293790608644, 0.385764807463, 0.565543234348], "dvar2": [0.313850224018, 0.350613296032, 0.417767435312, 0.624204397202, 0.795477569103, 1.32409071922], "max": [-4.63490247726, -5.06650114059, -5.57402324677, -5.68407535553, -5.79133367538,