{"lowlevel": {"average_loudness": 0.764797389507, "barkbands_crest": {"dmean": 2.9888677597, "dmean2": 4.52489233017, "dvar": 12.5146970749, "dvar2": 24.5739688873, "max": 26.7089099884, "mean": 15.317150116, "median": 13.9934530258, "min": 2.39817333221, "var": 46.9050750732}, "barkbands_flatness_db": {"dmean": 0.0620323419571, "dmean2": 0.0890840813518, "dvar": 0.00658928463235, "dvar2": 0.0132514713332, "max": 0.670780181885, "mean": 0.309277027845, "median": 0.285438030958, "min": 0.0149511434138, "var": 0.0238637179136}, "barkbands_kurtosis": {"dmean": 77.5570755005, "dmean2": 118.99597168, "dvar": 39528.8398438, "dvar2": 96275.484375, "max": 2209.05688477, "mean": 104.743347168, "median": 9.89382457733, "min": -1.94952368736, "var": 60508.2695312}, "barkbands_skewness": {"dmean": 2.10768580437, "dmean2": 3.11883020401, "dvar": 11.3799238205, "dvar2": 25.2821006775, "max": 40.1549453735, "mean": 4.72208166122, "median": 2.57723855972, "min": -4.95313549042, "var": 36.0311965942}, "barkbands_spread": {"dmean": 7.24023342133, "dmean2": 11.7747077942, "dvar": 191.279434204, "dvar2": 442.304748535, "max": 115.439437866, "mean": 11.4975442886, "median": 4.26851844788, "min": 0.0225036405027, "var": 292.170349121}, "dissonance": {"dmean": 0.0352627709508, "dmean2": 0.0567707754672, "dvar": 0.00123115605675, "dvar2": 0.00317769078538, "max": 0.500000178814, "mean": 0.421091198921, "median": 0.433232665062, "min": 0.145359262824, "var": 0.00360731408}, "dynamic_complexity": 6.13130760193, "erbbands_crest": {"dmean": 3.18411564827, "dmean2": 4.61574888229, "dvar": 9.16583251953, "dvar2": 18.4789543152, "max": 30.0525150299, "mean": 12.6158838272, "median": 12.2976093292, "min": 2.17702317238, "var": 36.5550079346}, "erbbands_flatness_db": {"dmean": 0.0420381315053, "dmean2": 0.0622719936073, "dvar": 0.00247633876279, "dvar2": 0.00502968020737, "max": 0.55725479126, "mean": 0.238453745842, "median": 0.235727593303, "min": 0.0461597107351, "var": 0.00934782810509}, "erbbands_kurtosis": {"dmean": 4.40549707413, "dmean2": 6.93615102768, "dvar": 97.4364395142, "dvar2": 239.361343384, "max": 139.857513428, "mean": 4.77041482925, "median": 1.62236046791, "min": -1.83519530296, "var": 107.877388}, "erbbands_skewness": {"dmean": 0.754339277744, "dmean2": 1.09683668613, "dvar": 0.780881941319, "dvar2": 1.70649194717, "max": 9.56274318695, "mean": 1.25288271904, "median": 1.0647521019, "min": -3.07339501381, "var": 1.82952952385}, "erbbands_spread": {"dmean": 15.0021057129, "dmean2": 23.206817627, "dvar": 573.505310059, "dvar2": 1196.37023926, "max": 187.632537842, "mean": 31.1236171722, "median": 17.8585929871, "min": 1.2696826458, "var": 1136.49035645}, "hfc": {"dmean": 13.6223020554, "dmean2": 20.7629451752, "dvar": 1703.04663086, "dvar2": 4153.44970703, "max": 601.034423828, "mean": 15.7784194946, "median": 5.3876748085, "min": 1.15158973149e-16, "var": 1605.40344238}, "melbands_crest": {"dmean": 3.63777279854, "dmean2": 5.3547668457, "dvar": 15.9604263306, "dvar2": 31.7904434204, "max": 35.5687141418, "mean": 20.1753978729, "median": 19.3414039612, "min": 1.74284017086, "var": 72.3404006958}, "melbands_flatness_db": {"dmean": 0.0693698227406, "dmean2": 0.0977022796869, "dvar": 0.00874310731888, "dvar2": 0.017587505281, "max": 0.811788797379, "mean": 0.384390175343, "median": 0.366096794605, "min": 0.00361518189311, "var": 0.0383773520589}, "melbands_kurtosis": {"dmean": 61.6207389832, "dmean2": 96.9234695435, "dvar": 28454.8085938, "dvar2": 66078.28125, "max": 1384.33068848, "mean": 80.0758895874, "median": 15.7911128998, "min": -1.81733930111, "var": 39460.5664062}, "melbands_skewness": {"dmean": 1.84891176224, "dmean2": 2.7363910675, "dvar": 8.74142551422, "dvar2": 18.7387485504, "max": 28.7010135651, "mean": 4.33325004578, "median": 2.91791439056, "min": -0.819657325745, "var": 21.3979759216}, "melbands_spread": {"dmean": 7.88535642624, "dmean2": 12.6558351517, "dvar": 400.212005615, "dvar2": 917.715576172, "max": 213.080307007, "mean": 13.4148845673, "median": 5.00870704651, "min": 0.153008177876, "var": 708.673156738}, "pitch_salience": {"dmean": 0.0981194525957, "dmean2": 0.153604820371, "dvar": 0.0172276906669, "dvar2": 0.0389652438462, "max": 0.928506553173, "mean": 0.436420053244, "median": 0.474915295839, "min": 0.0190051812679, "var": 0.0598379038274}, "silence_rate_20dB": {"dmean": 0, "dmean2": 0, "dvar": 0, "dvar2": 0, "max": 1, "mean": 1, "median": 1, "min": 1, "var": 0}, "silence_rate_30dB": {"dmean": 0.0658135265112, "dmean2": 0.131653800607, "dvar": 0.0614837445319, "dvar2": 0.126106187701, "max": 1, "mean": 0.761779069901, "median": 1, "min": 0, "var": 0.181481301785}, "silence_rate_60dB": {"dmean": 0.0560633763671, "dmean2": 0.112149529159, "dvar": 0.0529205985367, "dvar2": 0.116227954626, "max": 1, "mean": 0.287367999554, "median": 0, "min": 0, "var": 0.204791679978}, "spectral_centroid": {"dmean": 317.586212158, "dmean2": 496.860839844, "dvar": 351782.0625, "dvar2": 783367.375, "max": 11180.9794922, "mean": 806.280944824, "median": 516.181274414, "min": 70.520866394, "var": 766804.0625}, "spectral_complexity": {"dmean": 3.75218367577, "dmean2": 5.94311237335, "dvar": 48.2606925964, "dvar2": 93.3682022095, "max": 59, "mean": 7.212225914, "median": 5, "min": 0, "var": 79.5713119507}, "spectral_decrease": {"dmean": 4.71389460799e-09, "dmean2": 5.91921800464e-09, "dvar": 9.74244987484e-17, "dvar2": 1.84610486747e-16, "max": 4.56949816967e-16, "mean": -1.39899078988e-08, "median": -3.30107718938e-09, "min": -9.54227346028e-08, "var": 3.95357789738e-16}, "spectral_energy": {"dmean": 0.0182482432574, "dmean2": 0.0229485407472, "dvar": 0.00140224245843, "dvar2": 0.00263851252384, "max": 0.36361387372, "mean": 0.0542321763933, "median": 0.0142477285117, "min": 1.08113338088e-20, "var": 0.00573016982526}, "spectral_energyband_high": {"dmean": 0.0011433577165, "dmean2": 0.00180918979459, "dvar": 1.54882036441e-05, "dvar2": 3.64455772797e-05, "max": 0.0546856112778, "mean": 0.00101293914486, "median": 5.31548357685e-06, "min": 7.67965385907e-21, "var": 1.49366615005e-05}, "spectral_energyband_low": {"dmean": 0.0163083616644, "dmean2": 0.0203085504472, "dvar": 0.00136441458017, "dvar2": 0.00267620221712, "max": 0.352476507425, "mean": 0.0462954938412, "median": 0.000996668357402, "min": 1.11753834988e-22, "var": 0.00539428228512}, "spectral_energyband_middle_high": {"dmean": 0.000911837909371, "dmean2": 0.00142033188604, "dvar": 4.84564179715e-06, "dvar2": 1.08447957246e-05, "max": 0.0254425704479, "mean": 0.000915313430596, "median": 0.000138619419886, "min": 1.65011223094e-21, "var": 5.69906615056e-06}, "spectral_energyband_middle_low": {"dmean": 0.00697024911642, "dmean2": 0.0124137792736, "dvar": 0.000451659987448, "dvar2": 0.00129150005523, "max": 0.164247304201, "mean": 0.00718478998169, "median": 0.00144485605415, "min": 3.768332756e-22, "var": 0.000287422793917}, "spectral_entropy": {"dmean": 0.501722633839, "dmean2": 0.741237282753, "dvar": 0.395524531603, "dvar2": 0.839056253433, "max": 9.80058193207, "mean": 6.75684547424, "median": 6.67325687408, "min": 4.01026582718, "var": 1.35237061977}, "spectral_flux": {"dmean": 0.0436800532043, "dmean2": 0.0607570372522, "dvar": 0.00509431725368, "dvar2": 0.00711087603122, "max": 0.609075546265, "mean": 0.0808202847838, "median": 0.0361467301846, "min": 1.03977562671e-10, "var": 0.0118950363249}, "spectral_kurtosis": {"dmean": 12.2255868912, "dmean2": 19.9536132812, "dvar": 476.855285645, "dvar2": 1045.17834473, "max": 225.806152344, "mean": 22.7333717346, "median": 8.63178634644, "min": -1.33258271217, "var": 990.069763184}, "spectral_rms": {"dmean": 0.00110954954289, "dmean2": 0.00141881837044, "dvar": 2.84572251985e-06, "dvar2": 4.91579385198e-06, "max": 0.0188346821815, "mean": 0.00545897288248, "median": 0.00372830033302, "min": 3.24771351305e-12, "var": 2.31090907619e-05}, "spectral_rolloff": {"dmean": 828.857177734, "dmean2": 1413.08630371, "dvar": 5501272.5, "dvar2": 11662319, "max": 18992.2851562, "mean": 1633.29663086, "median": 559.86328125, "min": 64.599609375, "var": 11930782}, "spectral_skewness": {"dmean": 0.936574041843, "dmean2": 1.46516335011, "dvar": 1.63340675831, "dvar2": 3.38402271271, "max": 12.8877458572, "mean": 3.2328979969, "median": 2.57986783981, "min": 0.004767565988, "var": 4.87952232361}, "spectral_spread": {"dmean": 1495908.25, "dmean2": 2232307.5, "dvar": 5085306814460.0, "dvar2": 8951099817980.0, "max": 38738240, "mean": 5049870.5, "median": 4346051, "min": 393999.25, "var": 13579253186600.0}, "spectral_strongpeak": {"dmean": 0.30035930872, "dmean2": 0.481120407581, "dvar": 0.427321732044, "dvar2": 1.19262945652, "max": 9.8981628418, "mean": 0.639234602451, "median": 0.566523730755, "min": 0, "var": 0.393561780453}, "zerocrossingrate": {"dmean": 0.0186718236655, "dmean2": 0.0215244535357, "dvar": 0.00115272088442, "dvar2": 0.0014830918517, "max": 0.5986328125, "mean": 0.0556106120348, "median": 0.025390625, "min": 0.001953125, "var": 0.00750232487917}, "barkbands": {"dmean": [0.000495732587297, 0.0145679684356, 0.00723415613174, 0.00321709457785, 0.00238032429479, 0.000959700031672, 0.000530234421603, 0.000278980500298, 0.000326526002027, 0.000127928651636, 0.00012462316954, 0.000155174566316, 0.000100153200037, 5.34045502718e-05, 5.49470314581e-05, 8.58156709e-05, 7.16355280019e-05, 8.504527068e-05, 0.000131632346893, 9.26946595428e-05, 9.41273610806e-05, 0.000136296031997, 0.000217480308493, 0.000215825857595, 0.000205438656849, 0.000279658212094, 2.71122098638e-05], "dmean2": [0.000624529551715, 0.0184610430151, 0.013217757456, 0.00615984061733, 0.0042415629141, 0.00159824162256, 0.00083566311514, 0.00041797265294, 0.000485920230858, 0.000203758245334, 0.000194800377358, 0.00025837024441, 0.000171938430867, 8.80322913872e-05, 8.42957815621e-05, 0.000148067279952, 0.000120328251796, 0.000138833216624, 0.000223846363951, 0.000145638812683, 0.000140211472171, 0.000200758513529, 0.000347984838299, 0.000326561363181, 0.000312535354169, 0.000500643800478, 4.82844297949e-05], "dvar": [1.35967206916e-06, 0.00118479819503, 0.000656036718283, 0.000167774007423, 5.79482293688e-05, 4.71966313853e-06, 1.16583225918e-06, 4.26433700795e-07, 4.1529008854e-07, 9.98562086352e-08, 1.25042689092e-07, 1.69524710714e-07, 7.97334607228e-08, 1.90140365675e-08, 2.76645408803e-08, 5.5298428947e-08, 3.8623600318e-08, 6.35158912132e-08, 1.67986556221e-07, 6.90710493245e-08, 9.34981727596e-08, 2.09181266086e-07, 9.23371715089e-07, 4.04510217322e-07, 3.90900936509e-07, 3.27626389662e-06, 2.55304950514e-08], "dvar2": [2.77617164102e-06, 0.00249725114554, 0.00187210587319, 0.000491023412906, 0.000163110089488, 1.23920417536e-05, 2.54688279711e-06, 8.73993656114e-07, 8.49468904107e-07, 2.24158199558e-07, 2.59771610445e-07, 4.16240510503e-07, 2.12934381238e-07, 4.76400323635e-08, 5.8556807403e-08, 1.38193286148e-07, 9.31187429387e-08, 1.40530204362e-07, 4.35082000649e-07, 1.47921696225e-07, 1.87210034142e-07, 4.32868915823e-07, 2.49116146733e-06, 8.25989843634e-07, 8.14463817278e-07, 9.43427494349e-06, 6.88411461169e-08], "max": [0.0178283415735, 0.295551717281, 0.196766555309, 0.100877285004, 0.0566047877073, 0.0193322021514, 0.0145963728428, 0.0108053702861, 0.0087707284838, 0.00400888128206, 0.00545239634812, 0.00492647849023, 0.00269536557607, 0.00158760289196, 0.00272890646011, 0.00181907962542, 0.00201761792414, 0.00337619846687, 0.00339748361148, 0.00397324329242, 0.00391928944737, 0.00622389279306, 0.0150281563401, 0.00683469418436, 0.00753473490477, 0.030497206375, 0.00267793796957], "mean": [0.00129089073744, 0.0384243652225, 0.0054219183512, 0.00199206685647, 0.00201388145797, 0.00146243849304, 0.00069979345426, 0.000439523340901, 0.000534894003067, 0.000169943334186, 0.000125046091853, 0.000136424874654, 8.21853973321e-05, 4.94902997161e-05, 5.52129895368e-05, 7.23005141481e-05, 5.92027972743e-05, 6.85659178998e-05, 9.5103183412e-05, 7.62782583479e-05, 8.44052992761e-05, 0.000120250944747, 0.000180993694812, 0.000190808030311, 0.000183104071766, 0.000182732183021, 2.0418116037e-05], "median": [3.6435886841e-07, 0.000165817706147, 2.90876732834e-06, 2.59752960119e-06, 9.7745039966e-05, 0.000299255654681, 0.000135538255563, 8.01577261882e-05, 0.000123338919366, 3.21160514432e-05, 1.82180083357e-05, 1.62275937328e-05, 9.44589191931e-06, 6.63106675347e-06, 2.94174424198e-06, 1.83733664016e-06, 1.11368137823e-06, 1.04682112578e-06, 7.39722281651e-07, 7.70698363795e-07, 6.92321862061e-07, 8.60879026732e-07, 7.81489404744e-07, 7.41079475119e-07, 5.71276245864e-07, 4.63470541945e-07, 2.46823105954e-07], "min": [3.92351614799e-23, 2.63127663048e-23, 5.49867731593e-23, 2.58465952638e-23, 4.79231232873e-23, 6.71292736221e-23, 3.6259739073e-23, 7.69258847686e-23, 3.83523503963e-23, 1.19219690325e-22, 1.03724354311e-22, 3.88861694154e-23, 1.02435361902e-22, 6.95190425375e-23, 2.82591357536e-22, 2.5622368809e-22, 1.83793685703e-22, 2.28323911926e-22, 2.3012991115e-22, 2.62511351267e-22, 5.94164126822e-22, 5.08473031831e-22, 6.75951963298e-22, 8.20908095506e-22, 1.27208372379e-21, 1.69943105743e-21, 2.20992347221e-21], "var": [4.45813293481e-06, 0.0041161198169, 0.000417550880229, 9.09339942154e-05, 3.94669987145e-05, 6.53743563817e-06, 2.07905623029e-06, 8.97424229152e-07, 1.01008663478e-06, 1.75929883994e-07, 1.45562779608e-07, 1.58390790261e-07, 6.05965837508e-08, 1.85061566071e-08, 3.6490554578e-08, 5.32020507649e-08, 3.94395662795e-08, 6.58226824157e-08, 1.32639826234e-07, 7.81155620189e-08, 1.13847541172e-07, 2.43729374461e-07, 6.80147820731e-07, 4.86568922042e-07, 4.56920304259e-07, 1.85558474186e-06, 1.68468119455e-08]}, "erbbands": {"dmean": [0.450847536325, 3.5459010601, 7.86678028107, 10.2218465805, 8.5314912796, 7.79499292374, 7.5763001442, 8.9432554245, 9.36133003235, 4.68653440475, 5.69880151749, 6.23644971848, 6.61186647415, 4.07803869247, 5.28971099854, 6.11464881897, 4.81246566772, 3.21266674995, 2.62650251389, 3.23144745827, 4.73044681549, 4.10817956924, 4.28212690353, 6.84533596039, 4.95469284058, 4.53615093231, 4.16998195648, 4.0521197319, 4.59402751923, 5.72579717636, 6.74019813538, 4.32585334778, 3.72055435181, 2.70944309235, 1.20038700104, 1.72686183453, 0.353100508451, 0.0543627291918, 0.00454484019428, 0.000208956917049], "dmean2": [0.502393424511, 4.75823688507, 13.5166692734, 19.3672771454, 15.8182621002, 14.132317543, 12.9858083725, 14.5002098083, 14.7818021774, 7.50904798508, 8.42530536652, 9.30191230774, 10.0225791931, 6.3277797699, 8.31310081482, 10.1873407364, 8.22560214996, 5.4138507843, 4.17861032486, 5.21312570572, 8.33939647675, 6.84976959229, 6.79544067383, 11.8655509949, 7.97938919067, 7.116147995, 6.54410362244, 6.0972533226, 6.72823238373, 8.61568832397, 11.0429983139, 6.76536130905, 5.60940647125, 4.14500522614, 1.88575434685, 3.11735129356, 0.620060682297, 0.0963256433606, 0.0080777714029, 0.000362237798981], "dvar": [0.909148812294, 80.0322113037, 656.282043457, 1573.45617676, 1056.53771973, 656.42364502, 407.162475586, 372.458984375, 323.285888672, 104.360046387, 155.852005005, 150.237686157, 171.19367981, 112.4504776, 205.467071533, 261.365264893, 187.354690552, 74.2190475464, 54.1784172058, 76.9503479004, 190.264266968, 125.223190308, 154.260543823, 460.341552734, 218.920852661, 180.996566772, 195.329391479, 175.055801392, 231.606536865, 288.094909668, 1423.63903809, 196.276062012, 107.927787781, 67.0706710815, 15.6754741669, 169.197433472, 3.24958992004, 0.0530540309846, 0.000676710216794, 1.36920027671e-06], "dvar2": [1.18686008453, 183.898391724, 1778.69604492, 4566.40771484, 3051.38647461, 1851.04492188, 1107.44042969, 911.014526367, 720.281921387, 252.169525146, 314.51651001, 306.848022461, 346.390991211, 231.69519043, 470.077758789, 644.515075684, 499.842224121, 193.050216675, 117.199905396, 162.543045044, 474.415283203, 296.789123535, 334.838745117, 1212.6418457, 488.353973389, 399.442840576, 432.859008789, 363.790496826, 466.507019043, 606.362792969, 4002.64599609, 420.841491699, 217.541854858, 133.633453369, 35.9544792175, 492.411254883, 9.15467739105, 0.140863627195, 0.00183536950499, 3.77793094231e-06], "max": [8.23657894135, 77.2700195312, 212.142944336, 293.591003418, 254.617752075, 223.078109741, 181.998138428, 180.334671021, 254.336288452, 194.247207642, 171.245635986, 186.982208252, 156.537643433, 135.851028442, 234.452194214, 202.08996582, 130.099822998, 95.8617172241, 112.227859497, 98.0863113403, 110.984901428, 115.363937378, 176.372817993, 182.442871094, 189.39805603, 211.046783447, 199.500427246, 143.740356445, 201.054412842, 190.368423462, 631.996826172, 152.192276001, 107.664230347, 100.867736816, 44.0344848633, 225.017456055, 27.1734104156, 2.85899233818, 0.440582275391, 0.0167887005955], "mean": [1.45803630352, 7.1626701355, 7.50383090973, 6.64547491074, 5.62059783936, 6.14770698547, 9.65945053101, 14.4619960785, 13.9208831787, 6.36157369614, 9.50276660919, 10.5871238708, 10.2308015823, 5.02008914948, 5.20180797577, 5.31674480438, 3.96798276901, 2.84217166901, 2.7607178688, 3.086581707, 4.04084777832, 3.47083640099, 3.46745657921, 4.89376115799, 4.03463220596, 3.66772627831, 3.45725607872, 3.63137578964, 4.05810499191, 5.09138679504, 5.37414312363, 3.77518868446, 3.32088971138, 2.43746328354, 1.04056298733, 1.1054983139, 0.241213291883, 0.038340549916, 0.00348215852864, 0.000213149018236], "median": [0.0029739565216, 0.0381619408727, 0.053946044296, 0.0290015377104, 0.0422486588359, 0.293424487114, 1.37208604813, 3.17834854126, 3.26316809654, 1.87575793266, 2.2169919014, 2.69409036636, 2.4469408989, 1.03329586983, 0.874215006828, 0.669622659683, 0.507985234261, 0.377839744091, 0.240621849895, 0.130296349525, 0.0930486768484, 0.0669349953532, 0.055362381041, 0.0452312752604, 0.0363691300154, 0.0364639237523, 0.0323115698993, 0.0268051680177, 0.0298233889043, 0.0263253971934, 0.0211517997086, 0.0161615908146, 0.011865275912, 0.00736133754253, 0.00350927608088, 0.00198986334726, 0.000820561661385, 0.000301087158732, 8.30609351397e-05, 4.18216150138e-05], "min": [9.04572486925e-22, 6.39790034142e-21, 5.1230865783e-20, 8.71081090989e-20, 5.40014587771e-20, 1.80060714515e-19, 6.85699020196e-19, 3.19881289427e-19, 3.24543873895e-19, 1.6595367908e-18, 8.65958219284e-19, 1.06170937387e-18, 4.11901617056e-18, 2.18246538141e-18, 3.67954958677e-18, 2.20901353637e-18, 6.02843771037e-18, 3.86350876474e-18, 6.43879415404e-18, 1.80599418473e-17, 1.50027186993e-17, 9.89833851329e-18, 1.08733627711e-17, 1.17841903687e-17, 1.17339159855e-17, 1.28033414035e-17, 2.7500428447e-17, 1.84035907241e-17, 1.76370639572e-17, 1.86228614152e-17, 1.81164846053e-17, 1.6670424002e-17, 1.52606402317e-17, 1.21158211384e-17, 9.85581646672e-18, 5.86669329493e-18, 3.62972394898e-18, 1.06316190303e-18, 3.34378379294e-19, 3.13458219046e-20], "var": [5.91647720337, 173.076507568, 527.338806152, 883.330505371, 607.436828613, 429.771026611, 449.483093262, 693.090270996, 621.093200684, 137.771774292, 327.941192627, 415.00604248, 364.794830322, 148.539367676, 219.496109009, 238.713272095, 142.761138916, 63.0748825073, 75.3971557617, 96.9235153198, 176.456222534, 134.080963135, 166.877197266, 344.684356689, 232.349716187, 194.519714355, 202.970718384, 205.145950317, 277.72467041, 350.816589355, 905.494140625, 215.424301147, 134.812759399, 81.8607406616, 15.6079454422, 92.8449554443, 1.9715898037, 0.0362573042512, 0.000442289136117, 8.80257005065e-07]}, "gfcc": {"mean": [-174.622772217, 82.5199737549, -81.910369873, -18.624628067, -74.7238388062, -5.39452457428, -31.672454834, 4.68272256851, -11.3355646133, 7.1951007843, -3.71976256371, 5.79091310501, -1.23393154144], "cov": [[34570.4257812, 175.662368774, 447.978210449, 4785.65087891, 1030.16345215, 2007.68859863, -372.468475342, 337.824493408, -633.837463379, -227.832183838, -409.270629883, -227.526077271, -750.340759277], [175.662368774, 6855.3515625, 2417.6159668, 530.931396484, 1641.62011719, 254.051727295, 1187.77783203, 78.664894104, 766.508789062, -339.047790527, 216.875915527, -492.189208984, 156.33140564], [447.978210449, 2417.6159668, 4374.8828125, 2648.85302734, 2004.82080078, 1219.80834961, 1404.4276123, 887.50994873, 765.083251953, 81.3801651001, 126.569023132, -159.036911011, 132.578018188], [4785.65087891, 530.931396484, 2648.85302734, 3642.23510742, 1711.4263916, 1348.80419922, 995.15032959, 789.629333496, 413.651611328, 60.4097366333, 45.4295082092, -150.13494873, -19.9462680817], [1030.16345215, 1641.62011719, 2004.82080078, 1711.4263916, 1552.6015625, 769.630432129, 886.884033203, 453.148956299, 468.619232178, 20.553396225, 111.736404419, -119.344223022, 62.2144966125], [2007.68859863, 254.051727295, 1219.80834961, 1348.80419922, 769.630432129, 843.90838623, 443.812927246, 392.475250244, 187.813766479, 65.2875137329, 24.8222007751, -19.9502620697, -8.77346992493], [-372.468475342, 1187.77783203, 1404.4276123, 995.15032959, 886.884033203, 443.812927246, 785.015869141, 365.242218018, 411.613952637, 56.4920921326, 124.511543274, -62.9781265259, 107.177848816], [337.824493408, 78.664894104, 887.50994873, 789.629333496, 453.148956299, 392.475250244, 365.242218018, 362.144805908, 209.53956604, 89.0218048096, 42.4813804626, 6.31415605545, 40.6796569824], [-633.837463379, 766.508789062, 765.083251953, 413.651611328, 468.619232178, 187.813766479, 411.613952637, 209.53956604, 329.745452881, 66.3321990967, 100.282859802, -33.0991744995, 106.86541748], [-227.832183838, -339.047790527, 81.3801651001, 60.4097366333, 20.553396225, 65.2875137329, 56.4920921326, 89.0218048096, 66.3321990967, 123.887237549, 37.9164237976, 55.3208656311, 27.248418808], [-409.270629883, 216.875915527, 126.569023132, 45.4295082092, 111.736404419, 24.8222007751, 124.511543274, 42.4813804626, 100.282859802, 37.9164237976, 99.642616272, 13.4974594116, 51.4175758362], [-227.526077271, -492.189208984, -159.036911011, -150.13494873, -119.344223022, -19.9502620697, -62.9781265259, 6.31415605545, -33.0991744995, 55.3208656311, 13.4974594116, 97.6661300659, 25.6169567108], [-750.340759277, 156.33140564, 132.578018188, -19.9462680817, 62.2144966125, -8.77346992493, 107.177848816, 40.6796569824, 106.86541748, 27.248418808, 51.4175758362, 25.6169567108, 115.74004364]], "icov": [[6.21342624072e-05, -9.19763187994e-05, 7.0322137617e-05, -0.000172852422111, 5.93698059674e-05, -9.3414382718e-05, 0.000162301934324, 9.53072230914e-06, 4.58887052446e-06, -8.63456516527e-05, 0.000138063522172, -0.00034819560824, 0.000255890918197], [-9.19763187994e-05, 0.000757461297326, -0.000311046547722, 0.000629498274066, -0.000380564451916, -8.73763347045e-05, -0.00057807128178, 0.000666490232106, -0.000765787845012, 0.00143556564581, -0.000919447862543, 0.00232266029343, -0.000392128626117], [7.0322137617e-05, -0.000311046547722, 0.000960691715591, -0.000364749983419, -0.000218843240873, -0.000161092306371, -0.000112817288027, -0.000977400108241, -0.000175390145159, -0.000174275613972, 0.00100447796285, -0.000865720794536, 0.000214487474295], [-0.000172852422111, 0.000629498274066, -0.000364749983419, 0.00175457645673, -0.000965549901593, -0.000527114549186, -0.000694359128829, -0.000895574688911, 0.000781472423114, 0.000754587876145, -0.000949699140619, 0.00344028463587, -0.00105259520933], [5.93698059674e-05, -0.000380564451916, -0.000218843240873, -0.000965549901593, 0.00354747101665, -0.00104803091381, -0.00134574866388, 0.00150982232299, -0.00195929734036, 0.000668399850838, 0.000216874759644, -0.00198511988856, 0.00170712475665], [-9.3414382718e-05, -8.73763347045e-05, -0.000161092306371, -0.000527114549186, -0.00104803091381, 0.00424735015258, 8.81662126631e-05, -0.00242022774182, 0.00152503349818, -0.000866591464728, 0.000100302801002, -0.000997454742901, 0.0002325555688], [0.000162301934324, -0.00057807128178, -0.000112817288027, -0.000694359128829, -0.00134574866388, 8.81662126631e-05, 0.00761998258531, -0.00241258135065, -0.00312364334241, 0.000277525483398, -0.00146886648145, -0.00139366928488, 0.000144136109157], [9.53072230914e-06, 0.000666490232106, -0.000977400108241, -0.000895574688911, 0.00150982232299, -0.00242022774182, -0.00241258135065, 0.0132174547762, -0.00535167567432, -0.00151866883971, 0.00194462970831, -0.00230604270473, 0.00166562490631], [4.58887052446e-06, -0.000765787845012, -0.000175390145159, 0.000781472423114, -0.00195929734036, 0.00152503349818, -0.00312364334241, -0.00535167567432, 0.0202451553196, -0.00884559936821, -0.00369265512563, 0.0081733269617, -0.00943684019148], [-8.63456516527e-05, 0.00143556564581, -0.000174275613972, 0.000754587876145, 0.000668399850838, -0.000866591464728, 0.000277525483398, -0.00151866883971, -0.00884559936821, 0.0209084320813, -0.00418824749067, -0.00654704030603, 0.00423727650195], [0.000138063522172, -0.000919447862543, 0.00100447796285, -0.000949699140619, 0.000216874759644, 0.000100302801002, -0.00146886648145, 0.00194462970831, -0.00369265512563, -0.00418824749067, 0.0194008704275, -0.00609463592991, -0.00148393318523], [-0.00034819560824, 0.00232266029343, -0.000865720794536, 0.00344028463587, -0.00198511988856, -0.000997454742901, -0.00139366928488, -0.00230604270473, 0.0081733269617, -0.00654704030603, -0.00609463592991, 0.0318556986749, -0.0110658872873], [0.000255890918197, -0.000392128626117, 0.000214487474295, -0.00105259520933, 0.00170712475665, 0.0002325555688, 0.000144136109157, 0.00166562490631, -0.00943684019148, 0.00423727650195, -0.00148393318523, -0.0110658872873, 0.0196067858487]]}, "melbands": {"dmean": [0.00386412045918, 0.0038994688075, 0.00173560110852, 0.00054788205307, 0.00029075430939, 0.000191344413906, 0.000134854781209, 5.44557733519e-05, 4.28396997449e-05, 4.36166919826e-05, 3.35410768457e-05, 1.66742611327e-05, 1.71345673152e-05, 1.79078251676e-05, 1.30825856104e-05, 9.70864130068e-06, 5.48169873582e-06, 3.98992187911e-06, 4.43079306933e-06, 5.09848314323e-06, 5.64521451452e-06, 4.36515665569e-06, 3.66623726222e-06, 3.98873726226e-06, 5.86460873819e-06, 4.62774642074e-06, 2.35237894231e-06, 3.34548917635e-06, 2.99575003737e-06, 1.98537554752e-06, 2.4248211048e-06, 2.53454641097e-06, 2.66725373876e-06, 3.31229603034e-06, 3.99879672841e-06, 2.97092901747e-06, 2.80242329609e-06, 2.64749519374e-06, 2.72690567726e-06, 2.21113259613e-06], "dmean2": [0.00478088576347, 0.00589594338089, 0.00327160581946, 0.0010027626995, 0.000503167451825, 0.000312391348416, 0.000212020066101, 8.50149663165e-05, 6.25993416179e-05, 6.55602561892e-05, 5.08141456521e-05, 2.58464915532e-05, 2.66242095677e-05, 2.93676494039e-05, 2.22854123422e-05, 1.69901541085e-05, 9.16553290153e-06, 6.42713030174e-06, 6.86626799506e-06, 8.53614346852e-06, 1.00999595816e-05, 7.3317278293e-06, 5.92609922023e-06, 6.43645489617e-06, 1.03216498246e-05, 7.85651445767e-06, 3.47032209902e-06, 5.41438930668e-06, 4.87614761369e-06, 2.94574033433e-06, 3.62295418199e-06, 3.78574895876e-06, 3.82325924875e-06, 5.02530838276e-06, 6.56177871861e-06, 4.75538126921e-06, 4.36219352196e-06, 4.16267175751e-06, 4.3196923798e-06, 3.39508278557e-06], "dvar": [7.74049767642e-05, 0.000118602176371, 4.47590973636e-05, 3.74877890863e-06, 6.46958710604e-07, 1.72566686274e-07, 6.62039454369e-08, 1.4244848856e-08, 7.39371053271e-09, 7.46383133077e-09, 4.52083614988e-09, 1.99448946248e-09, 2.33588348664e-09, 2.15863993347e-09, 1.27112309567e-09, 8.92820095633e-10, 2.07918265938e-10, 1.1784311027e-10, 1.82783219116e-10, 1.82065723608e-10, 2.86063339683e-10, 1.47544795825e-10, 1.12775185024e-10, 1.38098130154e-10, 3.5664152187e-10, 2.03549802014e-10, 5.84977413731e-11, 9.99222649067e-11, 9.73221711553e-11, 4.60906243727e-11, 6.09440969912e-11, 7.62810994925e-11, 7.15493705949e-11, 9.10918493413e-11, 5.23548149278e-10, 1.54498941418e-10, 8.91834314731e-11, 5.68515373667e-11, 6.95087667979e-11, 4.92252801021e-11], "dvar2": [0.000133494118927, 0.000289927207632, 0.00012950769451, 1.06021907413e-05, 1.78644449988e-06, 4.30961961229e-07, 1.45407497598e-07, 3.24458149237e-08, 1.4691462269e-08, 1.57891637542e-08, 9.15850417726e-09, 4.29627000642e-09, 5.11156139638e-09, 5.13760634036e-09, 3.29206040206e-09, 2.41455122563e-09, 5.4161297669e-10, 2.56701854218e-10, 3.99852539967e-10, 4.06501915462e-10, 7.36232741438e-10, 3.5971620127e-10, 2.51332843426e-10, 3.01411673398e-10, 9.57199874918e-10, 5.17809350953e-10, 1.08315779956e-10, 2.33304542352e-10, 2.31205263268e-10, 9.29925442206e-11, 1.25093144177e-10, 1.59259869181e-10, 1.38384900761e-10, 1.93137283944e-10, 1.47532985828e-09, 4.04732247716e-10, 1.96222815774e-10, 1.2559285556e-10, 1.41234468565e-10, 1.04419729807e-10], "max": [0.0719110071659, 0.0969558507204, 0.0480076745152, 0.0144746201113, 0.00834644958377, 0.00373474042863, 0.00356815266423, 0.00237869773991, 0.00110967736691, 0.00112674140837, 0.000789966259617, 0.000596882076934, 0.00078340707114, 0.000529562472366, 0.000351449009031, 0.00033177176374, 0.000155914007337, 0.000156725815032, 0.0002035216894, 0.00014009491133, 0.000137197668664, 0.00014298100723, 0.000120656572108, 0.000164497338119, 0.000163384116604, 0.000125995473354, 0.000143377357745, 0.000139905969263, 0.000137558556162, 9.57086595008e-05, 9.18338482734e-05, 0.000123289020848, 0.000110984568892, 0.000110819280962, 0.000391229637899, 0.000178481233888, 0.000106754938315, 8.129071648e-05, 8.05287781986e-05, 9.27471264731e-05], "mean": [0.0117043619975, 0.00581572344527, 0.00115173729137, 0.000385771680158, 0.000344961357769, 0.000308119138936, 0.000199218819034, 7.82473216532e-05, 7.34479253879e-05, 7.09286759957e-05, 5.11937250849e-05, 2.0329036488e-05, 1.69399518199e-05, 1.63843487826e-05, 1.08227577584e-05, 7.73509600549e-06, 4.90256479679e-06, 4.19936804974e-06, 4.25831422035e-06, 4.60493220089e-06, 4.62483694719e-06, 3.60823196388e-06, 3.04258423967e-06, 3.24303550769e-06, 4.0933659875e-06, 3.43293777405e-06, 2.16907642425e-06, 2.58698810285e-06, 2.33518335335e-06, 1.81377038189e-06, 2.19122352973e-06, 2.17836350203e-06, 2.45746809924e-06, 2.96416419587e-06, 3.20024264511e-06, 2.40711733568e-06, 2.38602069658e-06, 2.22169660447e-06, 2.49056984103e-06, 1.93416576622e-06], "median": [4.02775185648e-05, 6.17268306087e-05, 1.78706591214e-06, 8.20961577119e-06, 4.16596267314e-05, 6.77200878272e-05, 4.38069182565e-05, 1.84506789083e-05, 1.70910461748e-05, 1.60739436978e-05, 1.08294589154e-05, 3.35499612447e-06, 2.58709519585e-06, 1.98575799004e-06, 1.34116714889e-06, 9.01676003195e-07, 6.44552983431e-07, 3.78792151423e-07, 2.05488220217e-07, 1.27492796764e-07, 1.00928218671e-07, 6.77919018699e-08, 4.78347317312e-08, 4.99841945611e-08, 3.42291386346e-08, 2.77271858806e-08, 2.57451446828e-08, 2.36386661356e-08, 2.1463986144e-08, 1.53463126651e-08, 1.54245611839e-08, 1.72489258432e-08, 1.45263321372e-08, 1.4773535284e-08, 1.25998580458e-08, 9.97027171934e-09, 9.69154712038e-09, 8.39560065913e-09, 7.15182491007e-09, 5.75680481063e-09], "min": [9.09196508717e-24, 2.07150219432e-23, 1.42713126131e-23, 6.22894944283e-24, 2.04644718311e-23, 8.58632891275e-24, 5.40696860694e-24, 1.9750177214e-23, 6.17931628683e-24, 6.39632837198e-24, 2.066881836e-23, 7.8798156197e-24, 1.54863713996e-23, 3.59183516277e-24, 9.06988723701e-24, 1.13529011838e-23, 6.38796092436e-24, 7.90633081245e-24, 2.27011118007e-23, 1.64543652614e-23, 1.95152528587e-23, 8.5702921594e-24, 1.23076327161e-23, 9.84249760758e-24, 9.42568559337e-24, 9.03746505381e-24, 6.18890173569e-24, 8.88301634376e-24, 2.04342458366e-23, 1.18386959288e-23, 1.00942215447e-23, 1.00218419789e-23, 9.57752869585e-24, 9.80145711899e-24, 1.00687279268e-23, 1.18082593084e-23, 9.34539217499e-24, 1.18448774428e-23, 8.19874498393e-24, 1.10996902439e-23], "var": [0.000374694907805, 0.000157132337335, 2.54073365795e-05, 2.31661215366e-06, 6.42917825644e-07, 3.00531553421e-07, 1.24010753666e-07, 2.36379733565e-08, 1.66295368587e-08, 1.78703363218e-08, 9.741230933e-09, 2.66951261096e-09, 2.58109777995e-09, 2.20235518711e-09, 1.02520181233e-09, 6.38779029671e-10, 1.77803202717e-10, 1.65342434189e-10, 2.22451737586e-10, 2.12075107475e-10, 2.42531300598e-10, 1.49865092558e-10, 1.20471688181e-10, 1.46988976546e-10, 2.52931314781e-10, 1.69605912648e-10, 7.96575028161e-11, 9.68550101232e-11, 9.00877566989e-11, 5.61680181532e-11, 7.3084156782e-11, 8.56459694831e-11, 9.31760224532e-11, 1.12488740545e-10, 3.30226929135e-10, 1.19721246805e-10, 9.32047078406e-11, 6.16527454089e-11, 8.44760372765e-11, 5.51565008944e-11]}, "mfcc": {"mean": [-816.483642578, 129.550643921, 25.030412674, -7.20945310593, -17.1122684479, -13.1223697662, -11.8334493637, -6.45973825455, -4.40714740753, 1.56146657467, 1.87652075291, 2.40541505814, 3.17735791206], "cov": [[17911.0292969, -1892.90307617, 177.993484497, 956.020507812, 921.739562988, 897.587158203, 522.077697754, 403.882110596, -182.64251709, -202.229385376, -124.173545837, -33.88722229, 53.5380973816], [-1892.90307617, 6048.38671875, 1490.59399414, 480.670776367, 479.242797852, 384.425567627, 388.744445801, 391.821746826, 413.530273438, 418.629577637, 273.046234131, 123.51990509, -21.2725811005], [177.993484497, 1490.59399414, 2663.36669922, 1906.71704102, 1387.18395996, 1019.11962891, 968.405944824, 932.170959473, 826.849243164, 660.664978027, 474.189605713, 290.586456299, 129.962966919], [956.020507812, 480.670776367, 1906.71704102, 2251.73583984, 1431.3581543, 1070.76025391, 1006.72058105, 927.112121582, 760.293762207, 597.085327148, 425.743347168, 284.021362305, 134.787902832], [921.739562988, 479.242797852, 1387.18395996, 1431.3581543, 1251.88342285, 887.694824219, 774.823547363, 701.958129883, 566.562194824, 434.577301025, 310.760345459, 211.920959473, 129.655548096], [897.587158203, 384.425567627, 1019.11962891, 1070.76025391, 887.694824219, 782.309875488, 644.356933594, 561.707824707, 445.011779785, 337.558105469, 241.524368286, 175.298400879, 108.278427124], [522.077697754, 388.744445801, 968.405944824, 1006.72058105, 774.823547363, 644.356933594, 636.092102051, 549.225769043, 425.789306641, 335.438476562, 240.906433105, 176.664245605, 111.164611816], [403.882110596, 391.821746826, 932.170959473, 927.112121582, 701.958129883, 561.707824707, 549.225769043, 540.719482422, 426.336975098, 326.71661377, 228.666824341, 158.708297729, 100.321159363], [-182.64251709, 413.530273438, 826.849243164, 760.293762207, 566.562194824, 445.011779785, 425.789306641, 426.336975098, 434.362426758, 328.702453613, 226.816543579, 151.618377686, 97.3998718262], [-202.229385376, 418.629577637, 660.664978027, 597.085327148, 434.577301025, 337.558105469, 335.438476562, 326.71661377, 328.702453613, 292.089263916, 206.357757568, 141.042938232, 90.3210296631], [-124.173545837, 273.046234131, 474.189605713, 425.743347168, 310.760345459, 241.524368286, 240.906433105, 228.666824341, 226.816543579, 206.357757568, 176.366470337, 125.016479492, 78.198135376], [-33.88722229, 123.51990509, 290.586456299, 284.021362305, 211.920959473, 175.298400879, 176.664245605, 158.708297729, 151.618377686, 141.042938232, 125.016479492, 122.270233154, 83.0018157959], [53.5380973816, -21.2725811005, 129.962966919, 134.787902832, 129.655548096, 108.278427124, 111.164611816, 100.321159363, 97.3998718262, 90.3210296631, 78.198135376, 83.0018157959, 92.6391906738]], "icov": [[7.73712163209e-05, 1.58046750585e-05, -3.34542824021e-06, -3.514227501e-05, -7.35640105631e-06, -0.000227530661505, 0.000170126571902, -0.000258480897173, 0.000360564619768, 6.85021586833e-05, 5.80439973419e-06, 0.000124315061839, -0.00019541902293], [1.58046750585e-05, 0.000235682047787, -0.000177673544385, 0.00021530817321, 8.15645398689e-06, -9.42132683122e-05, -2.95224199363e-05, -6.48541317787e-05, 0.000330812734319, -0.00071041128831, 9.4915558293e-05, -0.000145746918861, 0.000580621242989], [-3.34542824021e-06, -0.000177673544385, 0.00147533335257, -0.000463239499368, -0.000529344251845, 0.000271979748504, 3.47066707036e-05, -0.000454116932815, -0.000693416688591, 1.61283496709e-05, -0.00116777478252, 0.000199677291675, 0.000958647986408], [-3.514227501e-05, 0.00021530817321, -0.000463239499368, 0.00256384676322, -0.00127845501993, 0.000319115439197, -0.00121711601969, -0.00059051590506, -3.34272044711e-06, -0.00117012916598, 0.000123116871691, -0.00158234278206, 0.00296375295147], [-7.35640105631e-06, 8.15645398689e-06, -0.000529344251845, -0.00127845501993, 0.00585718033835, -0.00394889665768, 0.000202766837901, -0.000792740087491, -5.52543497179e-06, 0.000559256994165, -0.000987255945802, 0.00224082102068, -0.00207179994322], [-0.000227530661505, -9.42132683122e-05, 0.000271979748504, 0.000319115439197, -0.00394889665768, 0.0116110397503, -0.00815963931382, 0.0019318528939, -0.00339136179537, 0.00212542363442, 0.000722788041458, -0.00185567780863, 0.00146479555406], [0.000170126571902, -2.95224199363e-05, 3.47066707036e-05, -0.00121711601969, 0.000202766837901, -0.00815963931382, 0.0223805364221, -0.0146507080644, 0.00571031821892, -0.00290190940723, 0.0010435009608, -0.00285214674659, -0.00161989952903], [-0.000258480897173, -6.48541317787e-05, -0.000454116932815, -0.00059051590506, -0.000792740087491, 0.0019318528939, -0.0146507080644, 0.0252371840179, -0.0112607628107, 0.00122172152624, 0.000713080109563, 0.00192864309065, -0.000948833476286], [0.000360564619768, 0.000330812734319, -0.000693416688591, -3.34272044711e-06, -5.52543497179e-06, -0.00339136179537, 0.00571031821892, -0.0112607628107, 0.0262379460037, -0.0205383207649, 0.00213291705586, 0.00279072974809, -0.00170358235482], [6.85021586833e-05, -0.00071041128831, 1.61283496709e-05, -0.00117012916598, 0.000559256994165, 0.00212542363442, -0.00290190940723, 0.00122172152624, -0.0205383207649, 0.0480124428868, -0.0281494427472, 0.00411004992202, -0.00476894341409], [5.80439973419e-06, 9.4915558293e-05, -0.00116777478252, 0.000123116871691, -0.000987255945802, 0.000722788041458, 0.0010435009608, 0.000713080109563, 0.00213291705586, -0.0281494427472, 0.0565301887691, -0.0307459551841, 0.00502206617966], [0.000124315061839, -0.000145746918861, 0.000199677291675, -0.00158234278206, 0.00224082102068, -0.00185567780863, -0.00285214674659, 0.00192864309065, 0.00279072974809, 0.00411004992202, -0.0307459551841, 0.0529233030975, -0.026122327894], [-0.00019541902293, 0.000580621242989, 0.000958647986408, 0.00296375295147, -0.00207179994322, 0.00146479555406, -0.00161989952903, -0.000948833476286, -0.00170358235482, -0.00476894341409, 0.00502206617966, -0.026122327894, 0.0351489894092]]}, "spectral_contrast_coeffs": {"dmean": [0.0586395524442, 0.0530583150685, 0.0443822704256, 0.0237326622009, 0.019140727818, 0.0190161727369], "dmean2": [0.095533259213, 0.0876757875085, 0.071094147861, 0.0390102043748, 0.0302592292428, 0.0286207906902], "dvar": [0.00267182826065, 0.00225838692859, 0.00140683481004, 0.000390502886148, 0.000306775502395, 0.000357113050995], "dvar2": [0.00672056572512, 0.0058195637539, 0.00346188922413, 0.000989262247458, 0.000727612525225, 0.000758212583605], "max": [-0.199491754174, -0.472767680883, -0.535696327686, -0.717925906181, -0.71409958601, -0.666925311089], "mean": [-0.608627974987, -0.713699579239, -0.782583475113, -0.847295403481, -0.86337429285, -0.831815361977], "median": [-0.612136185169, -0.707608222961, -0.789486646652, -0.849705994129, -0.866628170013, -0.830364704132], "min": [-0.96055150032, -0.950025260448, -0.954569101334, -0.963618278503, -0.966911077499, -0.960704565048], "var": [0.0127572715282, 0.00578435137868, 0.00459672184661, 0.00155389681458, 0.000975816918071, 0.00149085558951]}, "spectral_contrast_valleys": {"dmean": [0.656995117664, 0.55671274662, 0.592504382133, 0.589195728302, 0.654612064362, 0.814238369465], "dmean2": [1.01279044151, 0.863100528717, 0.899650454521, 0.895477175713, 0.95337241888, 1.1357178688], "dvar": [0.457383155823, 0.328441739082, 0.448413074017, 0.594364643097, 0.838563084602, 1.11706268787], "dvar2": [0.925977766514, 0.601760745049, 0.804316520691, 1.15695023537, 1.63832199574, 2.09224438667], "max": [-4.82959461212, -4.80020999908, -5.47143793106, -5.93348312378, -5.52136230469, -7.04842805862], "mean": [-9.77408695221, -7.79652357101, -8.55116081238, 