{"lowlevel": {"average_loudness": 0.469016313553, "barkbands_crest": {"dmean": 1.77788603306, "dmean2": 2.749563694, "dvar": 2.97470569611, "dvar2": 7.26509952545, "max": 24.8073310852, "mean": 10.5668087006, "median": 9.8066444397, "min": 3.29466724396, "var": 14.0378217697}, "barkbands_flatness_db": {"dmean": 0.0170185212046, "dmean2": 0.0255513768643, "dvar": 0.000333276198944, "dvar2": 0.00078071601456, "max": 0.487843602896, "mean": 0.258867651224, "median": 0.253900021315, "min": 0.0276094023138, "var": 0.00695008924231}, "barkbands_kurtosis": {"dmean": 1.81136238575, "dmean2": 2.76249814034, "dvar": 6.29713821411, "dvar2": 14.7625617981, "max": 60.9327583313, "mean": 4.26033067703, "median": 3.11407208443, "min": -1.75334310532, "var": 21.0333938599}, "barkbands_skewness": {"dmean": 0.33238941431, "dmean2": 0.496109366417, "dvar": 0.108762465417, "dvar2": 0.251395791769, "max": 6.47698497772, "mean": 1.36887145042, "median": 1.38217449188, "min": -3.19600272179, "var": 0.829892396927}, "barkbands_spread": {"dmean": 1.4206840992, "dmean2": 2.16418600082, "dvar": 3.55859279633, "dvar2": 7.669901371, "max": 85.592918396, "mean": 8.0604133606, "median": 6.70045423508, "min": 1.00399470329, "var": 25.4858131409}, "dissonance": {"dmean": 0.0263638477772, "dmean2": 0.0439025275409, "dvar": 0.000620083650574, "dvar2": 0.00163945101667, "max": 0.499999910593, "mean": 0.434971451759, "median": 0.443793386221, "min": 0.198587745428, "var": 0.00169976637699}, "dynamic_complexity": 6.10030460358, "erbbands_crest": {"dmean": 2.06700825691, "dmean2": 3.10827994347, "dvar": 4.10974550247, "dvar2": 8.74022483826, "max": 33.1573104858, "mean": 11.2137460709, "median": 9.86900138855, "min": 2.68873596191, "var": 26.4901332855}, "erbbands_flatness_db": {"dmean": 0.0137615948915, "dmean2": 0.019748846069, "dvar": 0.000272205274086, "dvar2": 0.000568349903915, "max": 0.468895316124, "mean": 0.276164919138, "median": 0.270378857851, "min": 0.0599934235215, "var": 0.0066260159947}, "erbbands_kurtosis": {"dmean": 0.905288279057, "dmean2": 1.34102189541, "dvar": 1.87874674797, "dvar2": 3.31284451485, "max": 42.373249054, "mean": 1.67554914951, "median": 0.71858561039, "min": -1.55195736885, "var": 12.2744140625}, "erbbands_skewness": {"dmean": 0.266123831272, "dmean2": 0.393556892872, "dvar": 0.0702052563429, "dvar2": 0.136534020305, "max": 5.29068994522, "mean": 0.614470660686, "median": 0.612611651421, "min": -3.27156805992, "var": 0.579792439938}, "erbbands_spread": {"dmean": 2.84300112724, "dmean2": 4.25817775726, "dvar": 10.6844568253, "dvar2": 23.9763774872, "max": 93.5266036987, "mean": 18.5248947144, "median": 16.8511352539, "min": 1.12874090672, "var": 93.6507415771}, "hfc": {"dmean": 1.83847415447, "dmean2": 2.58648109436, "dvar": 18.3813095093, "dvar2": 36.6003723145, "max": 95.5405807495, "mean": 8.28373813629, "median": 4.08853340149, "min": 1.24891090545e-16, "var": 116.099128723}, "melbands_crest": {"dmean": 2.12514400482, "dmean2": 3.3029923439, "dvar": 4.16989803314, "dvar2": 10.6421527863, "max": 29.4176445007, "mean": 13.3241233826, "median": 12.6955871582, "min": 2.97226786613, "var": 16.9792995453}, "melbands_flatness_db": {"dmean": 0.0191936157644, "dmean2": 0.0290393941104, "dvar": 0.000457483925857, "dvar2": 0.00106223055627, "max": 0.626716017723, "mean": 0.358943969011, "median": 0.355346381664, "min": 0.00469462387264, "var": 0.00924318935722}, "melbands_kurtosis": {"dmean": 2.69733452797, "dmean2": 4.16325569153, "dvar": 16.9399585724, "dvar2": 41.537815094, "max": 106.370956421, "mean": 6.94638156891, "median": 5.06785345078, "min": -1.75597512722, "var": 53.1324272156}, "melbands_skewness": {"dmean": 0.385096907616, "dmean2": 0.577752590179, "dvar": 0.153805583715, "dvar2": 0.370031148195, "max": 8.16301631927, "mean": 1.79493606091, "median": 1.76437520981, "min": -2.62865972519, "var": 1.14286220074}, "melbands_spread": {"dmean": 1.79544103146, "dmean2": 2.71980714798, "dvar": 5.91589975357, "dvar2": 11.9191274643, "max": 165.150405884, "mean": 9.99623012543, "median": 8.52568531036, "min": 1.51545035839, "var": 43.8285522461}, "pitch_salience": {"dmean": 0.0524437986314, "dmean2": 0.0827310681343, "dvar": 0.00251548364758, "dvar2": 0.00641450658441, "max": 0.901801109314, "mean": 0.566878557205, "median": 0.576008498669, "min": 0.181757107377, "var": 0.0104638123885}, "silence_rate_20dB": {"dmean": 0, "dmean2": 0, "dvar": 0, "dvar2": 0, "max": 1, "mean": 1, "median": 1, "min": 1, "var": 0}, "silence_rate_30dB": {"dmean": 0.00416178954765, "dmean2": 0.00832466222346, "dvar": 0.00414438080043, "dvar2": 0.0098159853369, "max": 1, "mean": 0.99362808466, "median": 1, "min": 0, "var": 0.00633119046688}, "silence_rate_60dB": {"dmean": 0.0200286116451, "dmean2": 0.0400624349713, "dvar": 0.0196251552552, "dvar2": 0.0439275056124, "max": 1, "mean": 0.223537057638, "median": 0, "min": 0, "var": 0.173556745052}, "spectral_centroid": {"dmean": 64.9581832886, "dmean2": 98.8055419922, "dvar": 15396.0898438, "dvar2": 26014.8183594, "max": 11059.5380859, "mean": 573.599060059, "median": 509.979858398, "min": 196.554244995, "var": 77085.9453125}, "spectral_complexity": {"dmean": 1.62283778191, "dmean2": 2.61576485634, "dvar": 3.5916595459, "dvar2": 7.90811157227, "max": 41, "mean": 11.3737325668, "median": 11, "min": 0, "var": 41.7217330933}, "spectral_decrease": {"dmean": 1.24836563309e-09, "dmean2": 1.9007020402e-09, "dvar": 6.11916412072e-18, "dvar2": 1.4469886999e-17, "max": 8.89407628901e-29, "mean": -4.90370055672e-09, "median": -3.0478335411e-09, "min": -4.11208667117e-08, "var": 3.0441652749e-17}, "spectral_energy": {"dmean": 0.00485772080719, "dmean2": 0.00737923616543, "dvar": 9.29593443288e-05, "dvar2": 0.000218279456021, "max": 0.161721423268, "mean": 0.0192590188235, "median": 0.0119284419343, "min": 1.09923086484e-20, "var": 0.000471492385259}, "spectral_energyband_high": {"dmean": 2.18436762225e-05, "dmean2": 3.27066627506e-05, "dvar": 1.04126449685e-08, "dvar2": 2.38753870008e-08, "max": 0.00280072866008, "mean": 4.53508073406e-05, "median": 2.41159705183e-06, "min": 8.02402191122e-21, "var": 1.98988825417e-08}, "spectral_energyband_low": {"dmean": 0.00204426399432, "dmean2": 0.00330805568956, "dvar": 3.45082044078e-05, "dvar2": 9.39521705732e-05, "max": 0.121713221073, "mean": 0.00506934244186, "median": 0.00222955364734, "min": 3.67184175132e-23, "var": 6.81403616909e-05}, "spectral_energyband_middle_high": {"dmean": 0.000606663175859, "dmean2": 0.000840727123432, "dvar": 2.46669242188e-06, "dvar2": 4.37780090579e-06, "max": 0.0590564161539, "mean": 0.00224351324141, "median": 0.000714616675396, "min": 1.5500140872e-21, "var": 1.37789320434e-05}, "spectral_energyband_middle_low": {"dmean": 0.00351298018359, "dmean2": 0.00524217169732, "dvar": 4.70458580821e-05, "dvar2": 0.000104348910099, "max": 0.138739153743, "mean": 0.012591640465, "median": 0.00671260198578, "min": 3.76201050916e-22, "var": 0.000266293791356}, "spectral_entropy": {"dmean": 0.134217098355, "dmean2": 0.203219592571, "dvar": 0.0258097536862, "dvar2": 0.0596342869103, "max": 9.80745887756, "mean": 6.43694067001, "median": 6.43016862869, "min": 5.0955915451, "var": 0.288743078709}, "spectral_flux": {"dmean": 0.0148497810587, "dmean2": 0.0244090054184, "dvar": 0.000621399434749, "dvar2": 0.00150564440992, "max": 0.326560646296, "mean": 0.0434271804988, "median": 0.0332939364016, "min": 1.04844209703e-10, "var": 0.00151313084643}, "spectral_kurtosis": {"dmean": 15.9418430328, "dmean2": 28.060256958, "dvar": 440.638458252, "dvar2": 1293.21948242, "max": 248.643936157, "mean": 39.3287124634, "median": 21.5543079376, "min": -1.20231091976, "var": 1669.93701172}, "spectral_rms": {"dmean": 0.000460848212242, "dmean2": 0.000683409394696, "dvar": 5.00990040564e-07, "dvar2": 1.11228735022e-06, "max": 0.0125609319657, "mean": 0.0036827782169, "median": 0.00341137847863, "min": 3.27478300553e-12, "var": 5.22645859746e-06}, "spectral_rolloff": {"dmean": 91.4457397461, "dmean2": 150.829147339, "dvar": 57602.2890625, "dvar2": 78644.96875, "max": 18863.0859375, "mean": 647.423217773, "median": 602.9296875, "min": 129.19921875, "var": 347882.59375}, "spectral_skewness": {"dmean": 0.970972955227, "dmean2": 1.713758111, "dvar": 1.2220698595, "dvar2": 3.67160105705, "max": 12.0155153275, "mean": 3.8385822773, "median": 3.14512515068, "min": -0.00245609739795, "var": 4.25556850433}, "spectral_spread": {"dmean": 294637.5, "dmean2": 466361.09375, "dvar": 290981445632, "dvar2": 453637865472, "max": 41338216, "mean": 1932842.5, "median": 1609372.625, "min": 302429.1875, "var": 1545736945660.0}, "spectral_strongpeak": {"dmean": 0.282425493002, "dmean2": 0.45292147994, "dvar": 0.298935353756, "dvar2": 0.659537911415, "max": 9.78579616547, "mean": 0.788232862949, "median": 0.356049537659, "min": 0, "var": 1.21464169025}, "zerocrossingrate": {"dmean": 0.00296353502199, "dmean2": 0.00378557690419, "dvar": 3.60252088285e-05, "dvar2": 4.47165548394e-05, "max": 0.5107421875, "mean": 0.0255887955427, "median": 0.02392578125, "min": 0.005859375, "var": 0.000280681764707}, "barkbands": {"dmean": [0.000185449622222, 0.00119238975458, 0.00087499350775, 0.000852888275404, 0.00146290101111, 0.000883224536665, 0.000778760411777, 0.000509947771206, 0.000526117451955, 0.000327541551087, 0.000223723123781, 0.000125140781165, 0.000118038675282, 7.11472093826e-05, 7.84637450124e-05, 4.67732315883e-05, 2.8868258596e-05, 2.64877580776e-05, 2.13176463149e-05, 1.33598623506e-05, 7.18098135621e-06, 5.36539528184e-06, 3.05788967125e-06, 1.99921350941e-06, 1.37283609547e-06, 1.54233862304e-06, 5.78950221097e-07], "dmean2": [0.000310471747071, 0.00192912400234, 0.00141804944724, 0.00140175421257, 0.00237089139409, 0.0013320830185, 0.00111307424959, 0.000762085488532, 0.000683219870552, 0.000448021484772, 0.000308773422148, 0.000190778810065, 0.000172446321812, 0.000112037079816, 0.000125436519738, 6.83080797899e-05, 4.49028993899e-05, 4.27349150414e-05, 3.2597421523e-05, 2.04348561965e-05, 1.12346469905e-05, 8.50359447213e-06, 4.62252319267e-06, 3.05536150336e-06, 1.98783095584e-06, 2.37650033341e-06, 9.00134409676e-07], "dvar": [8.25090353374e-07, 1.24592406792e-05, 5.97817233938e-06, 3.38277823175e-06, 1.03284128272e-05, 7.43434884498e-06, 8.20256536826e-06, 3.78471372642e-06, 4.37408561993e-06, 2.70298187388e-06, 4.55404745026e-07, 1.75873566377e-07, 1.47300482922e-07, 4.19270342888e-08, 5.54470673819e-08, 3.90185874721e-08, 9.56804768748e-09, 8.98625351908e-09, 6.11445072352e-09, 2.5508639645e-09, 1.00229369249e-09, 1.01118069473e-09, 2.19144008495e-10, 8.55259474353e-11, 3.95770707873e-11, 7.41977729257e-11, 1.4271982901e-11], "dvar2": [1.9349665763e-06, 3.40794686053e-05, 1.65501132869e-05, 9.51591118792e-06, 2.81034008367e-05, 1.67707476066e-05, 1.44804689626e-05, 7.75911121309e-06, 6.74614284435e-06, 4.13317138737e-06, 7.54595191665e-07, 2.98627725215e-07, 2.73070611456e-07, 9.60826156415e-08, 1.23990020029e-07, 6.82999115043e-08, 2.17749800413e-08, 2.18047730982e-08, 1.28464288096e-08, 5.48979484094e-09, 2.31824026642e-09, 2.58521382079e-09, 4.75347261553e-10, 2.0327743655e-10, 8.38372912759e-11, 1.7489430737e-10, 3.35152426645e-11], "max": [0.026955075562, 0.0695569068193, 0.0493409484625, 0.0386945456266, 0.0599451698363, 0.0765401497483, 0.097721144557, 0.080217525363, 0.0822174698114, 0.10750810802, 0.0250651985407, 0.0305273011327, 0.0116633949801, 0.00609015487134, 0.0081181647256, 0.0119001846761, 0.00444114860147, 0.00301994103938, 0.00264505995438, 0.00177452259231, 0.00114212126937, 0.000916203483939, 0.000386075233109, 0.000230683886912, 0.000132953893626, 0.000165275181644, 8.15848979983e-05], "mean": [0.000278717227047, 0.00228533009067, 0.00203952402808, 0.0015870204661, 0.00334967509843, 0.00241337460466, 0.00219196872786, 0.00109228328802, 0.00149739428889, 0.000838738400489, 0.000514857762028, 0.000261320237769, 0.000285759277176, 0.000147916260175, 0.000156754467753, 9.35387361096e-05, 6.34219541098e-05, 5.04441522935e-05, 4.62963726022e-05, 2.67094055744e-05, 1.51210842887e-05, 9.36625019676e-06, 5.68443283555e-06, 3.40302335644e-06, 2.24538553084e-06, 1.65604490121e-06, 5.61126057619e-07], "median": [5.93578988628e-06, 0.000692136236466, 0.000625222921371, 0.000637864111923, 0.00152705807704, 0.000621018814854, 0.000453325221315, 0.000350237562088, 0.000330915994709, 0.000165209727129, 9.53982089413e-05, 6.1538812588e-05, 3.8973390474e-05, 3.44493346347e-05, 2.85322385025e-05, 1.5284445908e-05, 1.08788372017e-05, 6.08499613008e-06, 4.66806022814e-06, 1.39508142638e-06, 7.6192486631e-07, 3.68219104985e-07, 1.23026282495e-07, 6.54686260759e-08, 2.74266405142e-08, 9.12092978922e-09, 2.35576003149e-09], "min": [3.22115790366e-24, 4.97125311885e-24, 2.24379698908e-23, 1.00423144972e-23, 4.41329590267e-23, 1.65068525951e-22, 4.82674989378e-23, 1.17119812015e-23, 7.31041566054e-23, 4.09453677462e-23, 8.86337102509e-23, 5.47942406113e-23, 6.0977528024e-23, 1.19474233651e-22, 1.6507144158e-22, 1.31901266776e-22, 2.14897474076e-22, 3.19925077089e-22, 1.8617507376e-22, 3.51089349005e-22, 5.44343660529e-22, 4.39510382356e-22, 5.11799222817e-22, 8.33864851884e-22, 1.24450262219e-21, 1.75213292338e-21, 2.75889129652e-21], "var": [9.52640903051e-07, 2.06659751711e-05, 1.53235559992e-05, 7.02687566445e-06, 2.78214156424e-05, 3.31299888785e-05, 4.78363035654e-05, 1.21407592815e-05, 2.36132054852e-05, 9.64563059824e-06, 2.61856803263e-06, 6.38228470962e-07, 6.92623245868e-07, 1.5580818058e-07, 1.71166377072e-07, 1.13330663964e-07, 2.86449299836e-08, 2.222815354e-08, 2.0163327008e-08, 7.9854567403e-09, 2.2221766649e-09, 1.29602073518e-09, 4.05115552216e-10, 1.34127001172e-10, 6.55224069446e-11, 7.56079851505e-11, 1.34944130523e-11]}, "erbbands": {"dmean": [0.0328842140734, 0.280382573605, 0.919176340103, 1.6524875164, 5.48019456863, 4.46717119217, 4.94985294342, 7.0193195343, 10.135011673, 10.669342041, 12.451628685, 13.0527467728, 11.4992084503, 7.36365175247, 7.00341272354, 5.68344259262, 5.58128881454, 4.05903053284, 3.27684545517, 3.82107830048, 2.4776058197, 1.47510313988, 1.46908783913, 1.10176563263, 0.984649717808, 0.647132635117, 0.312679648399, 0.264751285315, 0.187561780214, 0.146491482854, 0.085706114769, 0.0508343800902, 0.0303266793489, 0.0172713585198, 0.00899654161185, 0.00626115314662, 0.00296204723418, 0.000673179689329, 0.000100568970083, 1.04712389657e-05], "dmean2": [0.0562975294888, 0.448486447334, 1.47621893883, 2.71050882339, 8.75068759918, 7.40650606155, 7.69640207291, 10.7089509964, 14.9210882187, 15.23254776, 18.470085144, 17.1084423065, 14.9647903442, 10.4253320694, 9.76155662537, 8.64988040924, 8.04716491699, 6.35023784637, 5.22750377655, 6.02947950363, 3.69209480286, 2.28384137154, 2.39439225197, 1.70510447025, 1.48881876469, 0.998867213726, 0.477276146412, 0.42084929347, 0.300938338041, 0.22591342032, 0.132194787264, 0.0784575790167, 0.0464662127197, 0.0249503608793, 0.0131844114512, 0.0094732940197, 0.00464624492452, 0.00105054082815, 0.000154427398229, 1.6086278265e-05], "dvar": [0.0239130388945, 0.493561804295, 6.30046367645, 14.9971990585, 138.872329712, 113.108825684, 282.369598389, 492.72567749, 1335.65820312, 1912.47155762, 2276.04199219, 2959.07885742, 4167.41796875, 418.221588135, 531.729553223, 432.716033936, 333.015075684, 150.293533325, 130.395523071, 122.052597046, 137.94140625, 24.7786369324, 28.0806865692, 16.7422485352, 13.9761886597, 5.78705263138, 1.46141421795, 1.82536554337, 1.25120067596, 0.664617538452, 0.179003864527, 0.0594590939581, 0.0179826561362, 0.00628371443599, 0.00164153729565, 0.00106484966818, 0.000297279795632, 1.63872664416e-05, 3.92752724565e-07, 1.56574875287e-09], "dvar2": [0.0678529664874, 1.3194873333, 17.6121406555, 43.4550590515, 365.146942139, 306.175750732, 696.558410645, 1099.36291504, 2421.4284668, 3404.35766602, 4416.10351562, 4592.21582031, 6393.75244141, 781.135864258, 942.01159668, 721.510681152, 593.59387207, 339.098297119, 274.308380127, 291.389923096, 246.601043701, 58.8135986328, 67.3428039551, 37.2026252747, 28.0066165924, 13.1663265228, 3.24765014648, 4.45705986023, 3.27312731743, 1.57048249245, 0.404838293791, 0.140716299415, 0.0423476696014, 0.0129536585882, 0.00360374082811, 0.00252482341602, 0.000708019128069, 3.79871016776e-05, 9.12226141736e-07, 3.72939856774e-09], "max": [2.97902774811, 14.0929021835, 47.5375099182, 89.640007019, 248.401489258, 240.754714966, 774.832336426, 598.49206543, 1217.87841797, 2702.83740234, 2228.25610352, 2353.3762207, 4196.70556641, 927.428039551, 968.131225586, 1563.8894043, 600.020996094, 350.5496521, 497.151123047, 297.007659912, 820.289672852, 203.567901611, 180.234527588, 168.808563232, 126.903770447, 73.0506057739, 35.8756866455, 45.7087249756, 34.6815986633, 24.5618591309, 12.1633758545, 6.0503692627, 2.92638206482, 1.90701663494, 0.746129512787, 0.632271647453, 0.378285050392, 0.082140520215, 0.0130403144285, 0.00086877704598], "mean": [0.0498263649642, 0.580434441566, 2.20711970329, 3.84757947922, 10.7356519699, 9.85234642029, 12.4226808548, 19.6917076111, 29.3911132812, 28.4440097809, 29.295167923, 38.1535377502, 29.6377086639, 21.1753501892, 17.1373176575, 13.0752658844, 14.3136548996, 9.27748394012, 7.0006570816, 7.24572610855, 5.37895488739, 3.40368914604, 3.01098823547, 2.39014029503, 2.22532224655, 1.32577681541, 0.672793209553, 0.513292968273, 0.335077494383, 0.252343982458, 0.151887640357, 0.0847485363483, 0.050698954612, 0.0293612983078, 0.0138680469245, 0.00744924228638, 0.00304642575793, 0.00067208323162, 0.000105015191366, 2.69319662038e-05], "median": [0.0103260036558, 0.194931387901, 0.807388186455, 1.90462422371, 4.79351329803, 4.16654443741, 3.97570323944, 5.06432723999, 4.87700748444, 9.15382766724, 10.2205238342, 8.77305984497, 5.58786773682, 5.45246124268, 4.13365077972, 3.17137956619, 2.25279140472, 2.19581842422, 1.29823207855, 1.36963129044, 0.915011763573, 0.677315831184, 0.413681149483, 0.328834623098, 0.184508681297, 0.0734002590179, 0.0393715463579, 0.0253942981362, 0.0140379555523, 0.00750141497701, 0.00351210706867, 0.00173190166242, 0.000872763572261, 0.000392826099414, 0.000170169980265, 6.59717916278e-05, 2.15897634916e-05, 4.58762679045e-06, 7.20313528291e-06, 1.36529106385e-05], "min": [1.83221616397e-22, 1.26479025665e-21, 1.44286616744e-20, 4.60469798141e-20, 3.57598353678e-20, 2.21364492062e-19, 4.95940892545e-19, 1.67390801997e-18, 8.15485002475e-19, 6.72197468046e-19, 2.67646074515e-19, 1.80300806272e-18, 1.78957630394e-18, 1.99088745641e-18, 3.1443358131e-18, 2.26224136802e-18, 3.68927599e-18, 6.19018998402e-18, 9.33981706471e-18, 5.22492811181e-18, 1.00109657711e-17, 1.17018147602e-17, 1.889904875e-17, 8.9075490202e-18, 1.07625974968e-17, 1.79165782123e-17, 1.99935939888e-17, 2.19941269916e-17, 1.51131820527e-17, 1.46064032329e-17, 1.44882355194e-17, 1.1739831154e-17, 1.68576017398e-17, 1.39527485693e-17, 9.39186575039e-18, 5.72584801126e-18, 3.23718394173e-18, 1.48189530816e-18, 3.97161180992e-19, 3.992663815e-20], "var": [0.0195946507156, 1.19078207016, 14.9834575653, 34.7876968384, 318.858795166, 298.91217041, 983.34197998, 2299.36547852, 8711.43554688, 9445.69335938, 8786.90234375, 16832.0253906, 14524.8798828, 2697.83618164, 2480.86547852, 1592.64685059, 1648.83203125, 585.272277832, 423.666015625, 303.051269531, 423.848571777, 71.929649353, 74.2333526611, 46.671661377, 53.4734191895, 19.0326251984, 3.98666715622, 3.07957720757, 1.59781646729, 0.998145163059, 0.297922432423, 0.0929934158921, 0.027829984203, 0.0112367952242, 0.00256195338443, 0.00118432787713, 0.000288570532575, 1.602395605e-05, 3.81625284263e-07, 2.16364814953e-09]}, "gfcc": {"mean": [-154.651626587, 201.390090942, -122.308433533, -10.2922067642, -34.0715522766, -17.6958045959, -25.2000694275, -2.61383128166, -17.3856086731, -12.2280912399, -10.8398218155, -12.5652751923, -7.56025409698], "cov": [[19595.9726562, -4246.421875, 69.4770202637, 3022.53930664, -1642.35583496, 2081.62524414, 2.48469781876, 287.120605469, 170.973709106, 775.264099121, 85.6609191895, 470.757446289, -90.1990280151], [-4246.421875, 2907.76660156, -275.74307251, -1319.23901367, 997.92010498, -874.265197754, 167.542388916, -198.527832031, 16.5529632568, -402.472045898, 31.4954071045, -349.805999756, 110.8983078], [69.4770202637, -275.74307251, 572.567443848, 128.887008667, -44.0900306702, 246.691192627, -48.8496551514, 27.1059265137, -8.73225212097, 86.9077758789, 3.07952404022, 68.9657897949, -54.365272522], [3022.53930664, -1319.23901367, 128.887008667, 1070.54553223, -438.771881104, 570.229736328, 51.1597633362, 112.212242126, 53.6718635559, 207.360183716, 30.7364425659, 156.938720703, -17.943113327], [-1642.35583496, 997.92010498, -44.0900306702, -438.771881104, 551.563476562, -270.865478516, 66.6061172485, -28.7544746399, 3.93969869614, -109.359214783, 6.02064180374, -118.594062805, 22.2501468658], [2081.62524414, -874.265197754, 246.691192627, 570.229736328, -270.865478516, 602.13092041, 43.6596450806, 72.1242523193, 45.0594139099, 145.203430176, 9.19627094269, 102.226135254, -33.3606910706], [2.48469781876, 167.542388916, -48.8496551514, 51.1597633362, 66.6061172485, 43.6596450806, 216.130233765, 35.4120101929, 48.485874176, -24.8354225159, -14.846414566, -43.6962547302, 21.8981533051], [287.120605469, -198.527832031, 27.1059265137, 112.212242126, -28.7544746399, 72.1242523193, 35.4120101929, 118.453666687, 25.494808197, 36.2701148987, 2.40999174118, 28.5905094147, 0.752062916756], [170.973709106, 16.5529632568, -8.73225212097, 53.6718635559, 3.93969869614, 45.0594139099, 48.485874176, 25.494808197, 87.3771820068, 23.5624885559, 0.708134174347, -3.11234855652, 7.48478937149], [775.264099121, -402.472045898, 86.9077758789, 207.360183716, -109.359214783, 145.203430176, -24.8354225159, 36.2701148987, 23.5624885559, 150.569396973, 32.6433143616, 60.6815376282, -18.27759552], [85.6609191895, 31.4954071045, 3.07952404022, 30.7364425659, 6.02064180374, 9.19627094269, -14.846414566, 2.40999174118, 0.708134174347, 32.6433143616, 81.9215774536, 28.3670215607, 3.6116361618], [470.757446289, -349.805999756, 68.9657897949, 156.938720703, -118.594062805, 102.226135254, -43.6962547302, 28.5905094147, -3.11234855652, 60.6815376282, 28.3670215607, 117.398925781, 6.7038359642], [-90.1990280151, 110.8983078, -54.365272522, -17.943113327, 22.2501468658, -33.3606910706, 21.8981533051, 0.752062916756, 7.48478937149, -18.27759552, 3.6116361618, 6.7038359642, 72.6469116211]], "icov": [[0.000118205425679, -0.000161115618539, 0.000213916529901, -0.000230059900787, 0.00019188344595, -0.00033359171357, 0.000164003053214, -9.3832044513e-05, 0.000144228994031, -0.00036303451634, 0.000236982101342, -7.68805257394e-05, 0.000124666024931], [-0.000161115618539, 0.00444319890812, -0.00137524132151, 0.00206247833557, -0.00348129868507, 0.00215092999861, -0.00201525748707, 0.00309270643629, -0.0034483759664, 0.00470465095714, -0.00582520430908, 0.0041229352355, -0.003424980212], [0.000213916529901, -0.00137524132151, 0.00330858072266, -0.000407740619266, 0.000509332632646, -0.00246183620766, 0.00119586393703, -0.00100716284942, 0.00165453425143, -0.00247696787119, 0.00252665928565, -0.00242937426083, 0.00240857596509], [-0.000230059900787, 0.00206247833557, -0.000407740619266, 0.00377539708279, -0.000779435504228, -0.000368145381799, -0.00174103525933, 0.000830446544569, -0.00149071135093, 0.00128351943567, -0.00298534124158, 0.00105857371818, -0.00169362255838], [0.00019188344595, -0.00348129868507, 0.000509332632646, -0.000779435504228, 0.00626439694315, -0.00118669262156, 0.000658336444758, -0.00291208154522, 0.00227931072004, -0.00329103437252, 0.00288475630805, -0.0011341588106, 0.00200773286633], [-0.00033359171357, 0.00215092999861, -0.00246183620766, -0.000368145381799, -0.00118669262156, 0.00615921337157, -0.00225040107034, 0.00157299579587, -0.00251636700705, 0.00209778710268, -0.00257102935575, 0.00142932275776, -0.000994002795778], [0.000164003053214, -0.00201525748707, 0.00119586393703, -0.00174103525933, 0.000658336444758, -0.00225040107034, 0.00824711471796, -0.00322163267992, -0.00103917415254, -0.000670771580189, 0.00292239966802, 0.00106851290911, -0.000248340220423], [-9.3832044513e-05, 0.00309270643629, -0.00100716284942, 0.000830446544569, -0.00291208154522, 0.00157299579587, -0.00322163267992, 0.0129080042243, -0.00398505479097, 0.00188376300503, -0.00298103527166, 0.000169319260749, -0.00191740319133], [0.000144228994031, -0.0034483759664, 0.00165453425143, -0.00149071135093, 0.00227931072004, -0.00251636700705, -0.00103917415254, -0.00398505479097, 0.0174526963383, -0.00682397652417, 0.00493162451312, -0.0020276454743, 0.00124087848235], [-0.00036303451634, 0.00470465095714, -0.00247696787119, 0.00128351943567, -0.00329103437252, 0.00209778710268, -0.000670771580189, 0.00188376300503, -0.00682397652417, 0.0177893470973, -0.009790902026, 0.00243326812051, -0.00157420092728], [0.000236982101342, -0.00582520430908, 0.00252665928565, -0.00298534124158, 0.00288475630805, -0.00257102935575, 0.00292239966802, -0.00298103527166, 0.00493162451312, -0.009790902026, 0.0228475201875, -0.00940234400332, 0.00418620370328], [-7.68805257394e-05, 0.0041229352355, -0.00242937426083, 0.00105857371818, -0.0011341588106, 0.00142932275776, 0.00106851290911, 0.000169319260749, -0.0020276454743, 0.00243326812051, -0.00940234400332, 0.0204990506172, -0.00786904152483], [0.000124666024931, -0.003424980212, 0.00240857596509, -0.00169362255838, 0.00200773286633, -0.000994002795778, -0.000248340220423, -0.00191740319133, 0.00124087848235, -0.00157420092728, 0.00418620370328, -0.00786904152483, 0.0195499565452]]}, "melbands": {"dmean": [0.000312082964228, 0.000430594722275, 0.000404640799388, 0.000369321380276, 0.000163285105373, 0.000164877114003, 0.000160139636137, 0.000109213775431, 0.00010397486767, 7.52664564061e-05, 5.70401680307e-05, 2.94581550406e-05, 3.09265888063e-05, 1.48563040057e-05, 1.36880580612e-05, 1.00882671177e-05, 7.7559861893e-06, 5.15281089974e-06, 5.08643461217e-06, 4.022041594e-06, 2.99318389807e-06, 1.68098279119e-06, 1.51019366967e-06, 1.3872946738e-06, 9.02193676211e-07, 8.85363078851e-07, 5.5796755305e-07, 4.0453645056e-07, 2.10211382523e-07, 1.96824359477e-07, 1.56840314958e-07, 1.13442233385e-07, 1.05794214278e-07, 7.44355972415e-08, 5.61659767584e-08, 4.1632773673e-08, 2.83332735052e-08, 2.31818297891e-08, 1.82009518568e-08, 1.39499460872e-08], "dmean2": [0.000514559505973, 0.000688677129801, 0.000651678536087, 0.000602981541306, 0.000256211962551, 0.00024956514244, 0.000234506806009, 0.000156496302225, 0.000152495922521, 9.80891782092e-05, 7.45828219806e-05, 4.22984303441e-05, 4.2913674406e-05, 2.28067401622e-05, 1.97463941731e-05, 1.49258994497e-05, 1.227696157e-05, 8.23053142085e-06, 7.99552526587e-06, 6.13969996266e-06, 4.48402852271e-06, 2.64712980425e-06, 2.39049836637e-06, 2.21847267312e-06, 1.40319571074e-06, 1.34458730372e-06, 8.63213756475e-07, 6.34176558378e-07, 3.2570227404e-07, 3.12162171667e-07, 2.51835899689e-07, 1.82814829941e-07, 1.69999893274e-07, 1.13911802657e-07, 8.71927809953e-08, 6.55586376297e-08, 4.37284377597e-08, 3.62569494428e-08, 2.75616613976e-08, 2.02379322189e-08], "dvar": [1.2828202216e-06, 1.2368274156e-06, 6.55739086142e-07, 6.82573954691e-07, 2.3324058418e-07, 2.72084861308e-07, 3.27200609718e-07, 1.77813888058e-07, 1.47852418309e-07, 9.35842479066e-08, 1.04583385507e-07, 6.87499612795e-09, 8.12951483908e-09, 2.3898560908e-09, 1.84835780015e-09, 8.85288342634e-10, 5.63922797348e-10, 3.07684044909e-10, 2.31087760039e-10, 1.68462105377e-10, 2.04583197605e-10, 3.05107814014e-11, 3.50443528363e-11, 2.78961419936e-11, 1.19819917876e-11, 1.12971819399e-11, 4.59829266677e-12, 2.44729605504e-12, 6.50037857743e-13, 7.44734677573e-13, 6.85837834007e-13, 4.47759396834e-13, 3.67334689142e-13, 1.51886492207e-13, 7.30184413367e-14, 3.8435055106e-14, 1.86239522746e-14, 1.03203044865e-14, 6.80563571603e-15, 3.87562466115e-15], "dvar2": [3.52396477865e-06, 3.42957491739e-06, 1.77593165063e-06, 1.88207309293e-06, 5.81804727062e-07, 5.8881721543e-07, 5.9574728084e-07, 3.34118283263e-07, 2.90757498078e-07, 1.46027005599e-07, 1.60499396884e-07, 1.33894548782e-08, 1.40291991357e-08, 4.32825197905e-09, 3.16554715774e-09, 1.6811854131e-09, 1.30631105932e-09, 6.62524701767e-10, 5.13683040548e-10, 3.28604976563e-10, 3.81488479695e-10, 7.42327033176e-11, 8.66021837576e-11, 6.60873578084e-11, 2.71659725964e-11, 2.23693823881e-11, 9.57041043637e-12, 5.78754058567e-12, 1.43795381418e-12, 1.74619075709e-12, 1.74134730073e-12, 1.17602466394e-12, 9.43078406167e-13, 3.35196172034e-13, 1.65994767844e-13, 9.43784641909e-14, 4.47077440444e-14, 2.51421435483e-14, 1.47616107841e-14, 7.95090684643e-15], "max": [0.0228653978556, 0.0234679486603, 0.0154852662235, 0.0153170442209, 0.0212537050247, 0.0142995640635, 0.0187897905707, 0.0249296594411, 0.0176229234785, 0.0128201181069, 0.0208568070084, 0.00340461870655, 0.00284102000296, 0.00307718105614, 0.00207951292396, 0.000792763428763, 0.000714199908543, 0.000742237549275, 0.000521259498782, 0.000397552445065, 0.000990189961158, 0.000171164429048, 0.000279011845123, 0.000215105188545, 0.000129173582536, 0.000119825344882, 8.9890039817e-05, 4.95787353429e-05, 2.46979780059e-05, 3.03210381389e-05, 3.04343539028e-05, 1.99862843147e-05, 1.69007453223e-05, 1.14081494758e-05, 7.9230458141e-06, 5.25080440639e-06, 3.59793125426e-06, 2.00798604055e-06, 1.91347044165e-06, 1.40736290177e-06], "mean": [0.000553268531803, 0.00104968051892, 0.000900085549802, 0.000790865509771, 0.000426147104008, 0.00045680909534, 0.00046033525723, 0.000284694135189, 0.000258973159362, 0.000216314700083, 0.000141290263855, 8.25118768262e-05, 7.04232952558e-05, 3.03075539705e-05, 3.43492283719e-05, 2.49799268204e-05, 1.62855249073e-05, 1.02625626823e-05, 1.00723145806e-05, 7.50632671043e-06, 6.08359778198e-06, 3.46969159182e-06, 3.03850447381e-06, 2.47906973527e-06, 1.8271788349e-06, 1.87587397704e-06, 1.23771235394e-06, 7.44219391891e-07, 4.00735132189e-07, 3.84021376476e-07, 2.71199354529e-07, 1.92639760144e-07, 1.65996127066e-07, 1.28400756694e-07, 9.40851876408e-08, 6.48890505772e-08, 4.47553674121e-08, 3.6498793321e-08, 3.04061913425e-08, 2.24689760131e-08], "median": [0.000149226019857, 0.000407431012718, 0.000472756044473, 0.000367227301467, 0.000151171640027, 0.000113937610877, 8.03912262199e-05, 9.70550536294e-05, 8.20626883069e-05, 4.89861668029e-05, 2.50678494922e-05, 2.00472077267e-05, 1.46744087033e-05, 6.93910988048e-06, 5.76866023039e-06, 4.16430202677e-06, 3.6500407532e-06, 1.68208805462e-06, 1.96085738935e-06, 1.24718815186e-06, 8.74419242791e-07, 6.03890953244e-07, 4.30494765169e-07, 2.6544796583e-07, 2.27733522706e-07, 1.68802785083e-07, 6.12873876094e-08, 3.44295614241e-08, 1.83302155676e-08, 1.74109509032e-08, 1.10054587665e-08, 7.85267939563e-09, 5.0187969336e-09, 3.26487015201e-09, 1.81143566813e-09, 1.20113829993e-09, 8.1225381976e-10, 6.27624840988e-10, 3.96500554611e-10, 2.75756834034e-10], "min": [1.64953231168e-24, 6.08075284989e-24, 6.75338614478e-24, 8.80461382497e-24, 1.64026301855e-23, 3.4984867275e-23, 1.28918347036e-23, 6.49154112223e-24, 2.58692063839e-24, 1.19683901836e-23, 8.20875247338e-24, 7.08944641243e-24, 1.09321440762e-23, 6.16742736413e-24, 8.36309863151e-24, 8.31256420192e-24, 1.03957084055e-23, 1.51312861735e-23, 7.67767632362e-24, 7.1769011101e-24, 1.32283296336e-23, 1.01666902518e-23, 2.04913751434e-23, 1.18369225694e-23, 6.46659497382e-24, 7.69654193217e-24, 8.75491401022e-24, 1.19319881971e-23, 1.03312813465e-23, 1.66176831346e-23, 1.06500411056e-23, 8.41234879554e-24, 8.60798235573e-24, 7.82884100573e-24, 8.77171753636e-24, 6.91254198785e-24, 7.5459980836e-24, 1.03689013342e-23, 1.38807602007e-23, 1.17203486492e-23], "var": [1.49019433593e-06, 3.19112814395e-06, 1.66356744558e-06, 1.63511083429e-06, 8.7308927732e-07, 1.29410375393e-06, 2.08476672015e-06, 8.02471276984e-07, 6.26842847851e-07, 5.17181831583e-07, 3.57812922402e-07, 4.30526796436e-08, 4.20613304186e-08, 8.69144134441e-09, 8.50507397843e-09, 4.10384481953e-09, 2.03554773037e-09, 9.62147916894e-10, 6.67644328711e-10, 4.19051654488e-10, 6.10401562628e-10, 8.00882762886e-11, 8.75911287945e-11, 6.02952757167e-11, 3.02237158911e-11, 4.02142590061e-11, 1.68625634289e-11, 6.68876239118e-12, 1.56995683814e-12, 1.60666098481e-12, 9.95224952796e-13, 5.61803424962e-13, 4.49329050529e-13, 2.59043085376e-13, 1.17702451518e-13, 5.76727589839e-14, 2.69624258223e-14, 1.44032667195e-14, 1.1839370833e-14, 6.79682022063e-15]}, "mfcc": {"mean": [-775.339599609, 207.013381958, -0.254647254944, 5.82768249512, 2.21055626869, -6.0296216011, -5.76886081696, 2.13719463348, -3.22581648827, -1.2621666193, -1.44193220139, -5.77577018738, -3.69962501526], "cov": [[11727.4296875, -297.08380127, -1186.27185059, 1350.42651367, -202.333480835, 623.413696289, 391.443054199, 105.856559753, 57.3159141541, 313.065307617, 242.728805542, 315.615020752, 328.285797119], [-297.08380127, 1855.15844727, -258.070922852, -306.410888672, 266.338043213, -103.286437988, -5.8799071312, 53.7687644958, 28.7040290833, -7.23149204254, -5.3225479126, -90.8379211426, -80.4882125854], [-1186.27185059, -258.070922852, 589.931030273, -136.457427979, -26.3637142181, 58.4173126221, -31.9643669128, -8.42371463776, -10.1196842194, -45.7516975403, -10.8357839584, 18.7868900299, -17.2470970154], [1350.42651367, -306.410888672, -136.457427979, 498.576965332, -19.2564334869, 138.606338501, 129.364501953, 42.365436554, 31.219335556, 67.4225082397, 58.2716445923, 75.0654678345, 82.3782196045], [-202.333480835, 266.338043213, -26.3637142181, -19.2564334869, 196.745559692, 14.1088933945, 7.87462186813, 18.6616153717, 0.957168698311, -9.69725036621, 13.8956136703, 7.42859458923, -0.680323302746], [623.413696289, -103.286437988, 58.4173126221, 138.606338501, 14.1088933945, 256.349945068, 109.752883911, 32.2302093506, 42.592590332, 46.263835907, 43.4483184814, 66.4614257812, 34.2280502319], [391.443054199, -5.8799071312, -31.9643669128, 129.364501953, 7.87462186813, 109.752883911, 160.629745483, 67.682182312, 45.7272491455, 59.4852104187, 32.66147995, 29.3938922882, 22.3886756897], [105.856559753, 53.7687644958, -8.42371463776, 42.365436554, 18.6616153717, 32.2302093506, 67.682182312, 109.36038208, 56.1735992432, 31.5587825775, 18.626241684, 6.33306217194, 5.04606723785], [57.3159141541, 28.7040290833, -10.1196842194, 31.219335556, 0.957168698311, 42.592590332, 45.7272491455, 56.1735992432, 114.28993988, 62.497089386, 3.38239336014, 9.76737785339, 0.685321390629], [313.065307617, -7.23149204254, -45.7516975403, 67.4225082397, -9.69725036621, 46.263835907, 59.4852104187, 31.5587825775, 62.497089386, 111.148880005, 43.3575401306, 4.37049818039, 7.35988759995], [242.728805542, -5.3225479126, -10.8357839584, 58.2716445923, 13.8956136703, 43.4483184814, 32.66147995, 18.626241684, 3.38239336014, 43.3575401306, 80.4898910522, 34.0753936768, 10.4550533295], [315.615020752, -90.8379211426, 18.7868900299, 75.0654678345, 7.42859458923, 66.4614257812, 29.3938922882, 6.33306217194, 9.76737785339, 4.37049818039, 34.0753936768, 102.167633057, 49.5194358826], [328.285797119, -80.4882125854, -17.2470970154, 82.3782196045, -0.680323302746, 34.2280502319, 22.3886756897, 5.04606723785, 0.685321390629, 7.35988759995, 10.4550533295, 49.5194358826, 84.4100418091]], "icov": [[0.000192935593077, -6.43453386147e-05, 0.000347141380189, -0.000313421129249, 0.000326081295498, -0.000453879096312, 0.000293388700811, -0.000211868566112, 0.000395757640945, -0.000338864658261, 0.00010836590809, -0.00027995716664, -0.000136238639243], [-6.43453386147e-05, 0.000929725065362, 0.000361403246643, 0.000782853923738, -0.00115670252126, 0.000214618368773, -0.000477916764794, -7.85677548265e-05, -0.000480928545585, 0.000405010505347, -0.000422191485995, 0.000554001948331, 0.000177597670699], [0.000347141380189, 0.000361403246643, 0.00298142270185, 0.000532933918294, 0.000557219376788, -0.0018859578995, 0.000812931684777, -0.00083425786579, 0.000492753926665, 0.000387617590604, -0.000146610371303, -0.000754977052566, 0.000110356639198], [-0.000313421129249, 0.000782853923738, 0.000532933918294, 0.00437465542927, -0.000705529819243, -9.46861109696e-05, -0.00222182739526, 0.000251668941928, -0.000690749671776, 0.000595313962549, -0.0013196450891, 0.000394362257794, -0.00170225580223], [0.000326081295498, -0.00115670252126, 0.000557219376788, -0.000705529819243, 0.00731415720657, -0.00142322329339, 0.000883969129063, -0.00114301801659, 0.00068620510865, 0.000863275083248, -0.00111284584273, -0.000888295588084, -0.00052069866797], [-0.000453879096312, 0.000214618368773, -0.0018859578995, -9.46861109696e-05, -0.00142322329339, 0.00829468574375, -0.00493214605376, 0.00246982229874, -0.00268393661827, 0.00104192108847, -0.00145785883069, -0.00155440357048, 0.000485929689603], [0.000293388700811, -0.000477916764794, 0.000812931684777, -0.00222182739526, 0.000883969129063, -0.00493214605376, 0.0147713283077, -0.00744321430102, 0.00344455288723, -0.00576762156561, 0.00264817499556, -0.0016440883046, 0.000383277161745], [-0.000211868566112, -7.85677548265e-05, -0.00083425786579, 0.000251668941928, -0.00114301801659, 0.00246982229874, -0.00744321430102, 0.0175299029797, -0.00977223366499, 0.00566102331504, -0.00571607984602, 0.00338163413107, -0.00144154834561], [0.000395757640945, -0.000480928545585, 0.000492753926665, -0.000690749671776, 0.00068620510865, -0.00268393661827, 0.00344455288723, -0.00977223366499, 0.0216356031597, -0.014807138592, 0.0109600275755, -0.00653009582311, 0.00313027063385], [-0.000338864658261, 0.000405010505347, 0.000387617590604, 0.000595313962549, 0.000863275083248, 0.00104192108847, -0.00576762156561, 0.00566102331504, -0.014807138592, 0.024922626093, -0.014922353439, 0.00829018373042, -0.00308986962773], [0.00010836590809, -0.000422191485995, -0.000146610371303, -0.0013196450891, -0.00111284584273, -0.00145785883069, 0.00264817499556, -0.00571607984602, 0.0109600275755, -0.014922353439, 0.0255676116794, -0.0103387804702, 0.00476599298418], [-0.00027995716664, 0.000554001948331, -0.000754977052566, 0.000394362257794, -0.000888295588084, -0.00155440357048, -0.0016440883046, 0.00338163413107, -0.00653009582311, 0.00829018373042, -0.0103387804702, 0.0207047145814, -0.00960074737668], [-0.000136238639243, 0.000177597670699, 0.000110356639198, -0.00170225580223, -0.00052069866797, 0.000485929689603, 0.000383277161745, -0.00144154834561, 0.00313027063385, -0.00308986962773, 0.00476599298418, -0.00960074737668, 0.0192992314696]]}, "spectral_contrast_coeffs": {"dmean": [0.0392255634069, 0.0352233350277, 0.0295022502542, 0.0254898034036, 0.0216093212366, 0.0238458365202], "dmean2": [0.0641557276249, 0.0569889768958, 0.0465678013861, 0.0413346625865, 0.0346843451262, 0.0404590405524], "dvar": [0.00123782607261, 0.000900951155927, 0.000634521828033, 0.000548191659618, 0.00050299637951, 0.000685485021677], "dvar2": [0.0033313347958, 0.00222564954311, 0.00153854244854, 0.00134944124147, 0.00113270268776, 0.00194923218805], "max": [-0.276558429003, -0.436720132828, -0.424298226833, -0.552290022373, -0.522110104561, -0.589012265205], "mean": [-0.608734309673, -0.730061590672, -0.737748861313, -0.76177495718, -0.745000660419, -0.798249065876], "median": [-0.609885215759, -0.735910177231, -0.747412919998, -0.766381859779, -0.74363553524, -0.793081641197], "min": [-0.975775361061, -0.981844246387, -0.961427211761, -0.968009471893, -0.955396771431, -0.963293075562], "var": [0.00707041332498, 0.00483200047165, 0.00505273370072, 0.00327869947068, 0.00300414231606, 0.00396763999015]}, "spectral_contrast_valleys": {"dmean": [0.332206845284, 0.278161287308, 0.257620990276, 0.247763425112, 0.25908356905, 0.436591655016], "dmean2": [0.54597401619, 0.456623852253, 0.418827265501, 0.40255767107, 0.409020036459, 0.718193113804], "dvar": [0.120438680053, 0.0788853988051, 0.0720700621605, 0.0921866744757, 0.143006771803, 0.293956100941], "dvar2": [0.273473262787, 0.165977582335, 0.1