{"lowlevel": {"average_loudness": 0.942920029163, "barkbands_crest": {"dmean": 1.68661177158, "dmean2": 2.4708712101, "dvar": 2.62175655365, "dvar2": 6.16983699799, "max": 26.3256435394, "mean": 12.6902351379, "median": 12.1488180161, "min": 3.59930610657, "var": 17.3217830658}, "barkbands_flatness_db": {"dmean": 0.0215659122914, "dmean2": 0.0302930809557, "dvar": 0.000720742798876, "dvar2": 0.00154840631876, "max": 0.566845238209, "mean": 0.273099899292, "median": 0.252080023289, "min": 0.0525671392679, "var": 0.00634102988988}, "barkbands_kurtosis": {"dmean": 2.39963650703, "dmean2": 3.40813994408, "dvar": 70.1636581421, "dvar2": 143.520065308, "max": 565.223144531, "mean": 6.51207208633, "median": 2.60931873322, "min": -1.87967276573, "var": 617.480102539}, "barkbands_skewness": {"dmean": 0.355098724365, "dmean2": 0.527220010757, "dvar": 0.17113776505, "dvar2": 0.397510498762, "max": 18.2458248138, "mean": 0.729479253292, "median": 0.467330783606, "min": -2.14064955711, "var": 1.8436614275}, "barkbands_spread": {"dmean": 1.06921970844, "dmean2": 1.53825187683, "dvar": 1.67182838917, "dvar2": 3.73961925507, "max": 68.0772399902, "mean": 6.44280481339, "median": 5.46459579468, "min": 0.0752119645476, "var": 20.2440299988}, "dissonance": {"dmean": 0.039266359061, "dmean2": 0.0664651691914, "dvar": 0.00132128805853, "dvar2": 0.00372622348368, "max": 0.4999525249, "mean": 0.389366835356, "median": 0.397244125605, "min": 0.106447413564, "var": 0.00411588605493}, "dynamic_complexity": 2.84985017776, "erbbands_crest": {"dmean": 2.20160269737, "dmean2": 2.99163603783, "dvar": 4.18232345581, "dvar2": 7.48498821259, "max": 33.9098243713, "mean": 17.3604068756, "median": 16.2116012573, "min": 2.67343091965, "var": 38.2818527222}, "erbbands_flatness_db": {"dmean": 0.0195280723274, "dmean2": 0.0271574761719, "dvar": 0.000581371306907, "dvar2": 0.00124427455012, "max": 0.601211249828, "mean": 0.316040128469, "median": 0.298806816339, "min": 0.0780714303255, "var": 0.00566344801337}, "erbbands_kurtosis": {"dmean": 2.54159641266, "dmean2": 3.38475465775, "dvar": 18.7025623322, "dvar2": 32.2913551331, "max": 279.970855713, "mean": 7.34552669525, "median": 3.82934761047, "min": -1.7484805584, "var": 185.071548462}, "erbbands_skewness": {"dmean": 0.355895012617, "dmean2": 0.478666990995, "dvar": 0.105706483126, "dvar2": 0.20615182817, "max": 13.1888217926, "mean": 1.56599414349, "median": 1.43340873718, "min": -1.78465247154, "var": 1.84896218777}, "erbbands_spread": {"dmean": 1.50944757462, "dmean2": 2.16985535622, "dvar": 3.08387708664, "dvar2": 7.26938915253, "max": 61.8342857361, "mean": 8.5712928772, "median": 7.77761983871, "min": 0.270133405924, "var": 23.5484638214}, "hfc": {"dmean": 2.19552993774, "dmean2": 2.80284285545, "dvar": 5.31998252869, "dvar2": 8.96592617035, "max": 47.1967735291, "mean": 13.7095050812, "median": 11.806974411, "min": 1.07116898241e-16, "var": 74.802947998}, "melbands_crest": {"dmean": 1.82848536968, "dmean2": 2.60438299179, "dvar": 3.16659116745, "dvar2": 7.13623189926, "max": 33.1063079834, "mean": 15.1453151703, "median": 13.8825416565, "min": 1.72486305237, "var": 34.7414665222}, "melbands_flatness_db": {"dmean": 0.0220182836056, "dmean2": 0.0308860484511, "dvar": 0.000794300809503, "dvar2": 0.00168642180506, "max": 0.660088181496, "mean": 0.340073764324, "median": 0.326151549816, "min": 0.00359042780474, "var": 0.00584705732763}, "melbands_kurtosis": {"dmean": 2.17379689217, "dmean2": 3.14907956123, "dvar": 25.3833179474, "dvar2": 58.1393737793, "max": 459.441467285, "mean": 5.82436990738, "median": 2.20037174225, "min": -1.81185781956, "var": 357.872650146}, "melbands_skewness": {"dmean": 0.32274544239, "dmean2": 0.475679039955, "dvar": 0.125543579459, "dvar2": 0.296559661627, "max": 15.5015268326, "mean": 0.605840921402, "median": 0.413815885782, "min": -1.82224428654, "var": 1.28559374809}, "melbands_spread": {"dmean": 1.50566089153, "dmean2": 2.13117098808, "dvar": 4.81821966171, "dvar2": 8.66104698181, "max": 150.970489502, "mean": 10.1877670288, "median": 8.787981987, "min": 0.24654084444, "var": 87.6203613281}, "pitch_salience": {"dmean": 0.0415783859789, "dmean2": 0.0630207806826, "dvar": 0.00163344491739, "dvar2": 0.00366383953951, "max": 0.967719972134, "mean": 0.456195801497, "median": 0.456907004118, "min": 0.0659677237272, "var": 0.0117839127779}, "silence_rate_20dB": {"dmean": 0, "dmean2": 0, "dvar": 0, "dvar2": 0, "max": 1, "mean": 1, "median": 1, "min": 1, "var": 0}, "silence_rate_30dB": {"dmean": 0, "dmean2": 0, "dvar": 0, "dvar2": 0, "max": 1, "mean": 1, "median": 1, "min": 1, "var": 0}, "silence_rate_60dB": {"dmean": 0.0115729803219, "dmean2": 0.023148695007, "dvar": 0.0114399315789, "dvar2": 0.0263904873282, "max": 1, "mean": 0.0432164371014, "median": 0, "min": 0, "var": 0.0413479954004}, "spectral_centroid": {"dmean": 44.8045425415, "dmean2": 67.3299255371, "dvar": 25335.4316406, "dvar2": 38331.8554688, "max": 11505.5, "mean": 697.381408691, "median": 629.866394043, "min": 425.602874756, "var": 311036.03125}, "spectral_complexity": {"dmean": 1.13769483566, "dmean2": 1.8899255991, "dvar": 1.26275205612, "dvar2": 3.07014346123, "max": 19, "mean": 9.69134521484, "median": 10, "min": 0, "var": 10.2404317856}, "spectral_decrease": {"dmean": 9.74054836789e-10, "dmean2": 1.25270316342e-09, "dvar": 1.01131504941e-18, "dvar2": 1.76553409264e-18, "max": 2.84514096663e-19, "mean": -6.37070618481e-09, "median": -5.57421842018e-09, "min": -2.43105606756e-08, "var": 1.89730350927e-17}, "spectral_energy": {"dmean": 0.00386408111081, "dmean2": 0.00496629904956, "dvar": 1.58992988872e-05, "dvar2": 2.76219634543e-05, "max": 0.0959242060781, "mean": 0.0252879355103, "median": 0.0221555586904, "min": 1.02149737457e-20, "var": 0.000295804085908}, "spectral_energyband_high": {"dmean": 1.75746317836e-05, "dmean2": 2.80305375782e-05, "dvar": 1.61035507151e-09, "dvar2": 4.02349975559e-09, "max": 0.000569303636439, "mean": 2.57748888544e-05, "median": 1.45194026118e-05, "min": 7.02673612934e-21, "var": 1.7442206568e-09}, "spectral_energyband_low": {"dmean": 0.000611966417637, "dmean2": 0.000880534877069, "dvar": 1.58426496455e-06, "dvar2": 3.46160504705e-06, "max": 0.050024908036, "mean": 0.00263332482427, "median": 0.00153972185217, "min": 7.94360370136e-24, "var": 1.26054510474e-05}, "spectral_energyband_middle_high": {"dmean": 0.000471790204756, "dmean2": 0.000632533046883, "dvar": 6.88710258601e-07, "dvar2": 1.07868299892e-06, "max": 0.0241639781743, "mean": 0.0023273602128, "median": 0.00198943936266, "min": 1.25033781999e-21, "var": 2.91016954179e-06}, "spectral_energyband_middle_low": {"dmean": 0.0036079112906, "dmean2": 0.00459640752524, "dvar": 1.44496925714e-05, "dvar2": 2.49130716838e-05, "max": 0.0913773030043, "mean": 0.020523743704, "median": 0.0169705171138, "min": 1.66779874487e-22, "var": 0.000271566706942}, "spectral_entropy": {"dmean": 0.193965569139, "dmean2": 0.284959435463, "dvar": 0.0696821138263, "dvar2": 0.165617227554, "max": 9.82043552399, "mean": 6.0509428978, "median": 6.15817546844, "min": 3.60212898254, "var": 0.408815771341}, "spectral_flux": {"dmean": 0.0123445214704, "dmean2": 0.0206482391804, "dvar": 0.000205060918233, "dvar2": 0.000533233513124, "max": 0.142522722483, "mean": 0.038131531328, "median": 0.0359484553337, "min": 6.47898193429e-11, "var": 0.000411422777688}, "spectral_kurtosis": {"dmean": 8.93589115143, "dmean2": 15.0464696884, "dvar": 123.746452332, "dvar2": 303.006591797, "max": 259.68661499, "mean": 23.0876121521, "median": 17.0165843964, "min": -1.25689005852, "var": 474.903747559}, "spectral_rms": {"dmean": 0.000377347518224, "dmean2": 0.000492686056532, "dvar": 1.26729091221e-07, "dvar2": 2.482929915e-07, "max": 0.00967391300946, "mean": 0.00465188082308, "median": 0.0046492125839, "min": 3.15686994774e-12, "var": 3.03126262224e-06}, "spectral_rolloff": {"dmean": 71.2051315308, "dmean2": 122.342155457, "dvar": 78329, "dvar2": 128937.226562, "max": 19961.2792969, "mean": 895.12298584, "median": 667.529296875, "min": 129.19921875, "var": 1867014.875}, "spectral_skewness": {"dmean": 0.603869915009, "dmean2": 1.00851631165, "dvar": 0.400630652905, "dvar2": 0.986771047115, "max": 13.8410997391, "mean": 3.42776989937, "median": 3.10432624817, "min": -0.0668111741543, "var": 1.81043934822}, "spectral_spread": {"dmean": 373068.0625, "dmean2": 596807.9375, "dvar": 567803248640, "dvar2": 1036816744450.0, "max": 41955028, "mean": 2265335.5, "median": 2073792.125, "min": 381254.4375, "var": 4536372559870.0}, "spectral_strongpeak": {"dmean": 0.43336686492, "dmean2": 0.674134612083, "dvar": 0.254082739353, "dvar2": 0.629929900169, "max": 5.58799791336, "mean": 1.84772646427, "median": 1.74595713615, "min": 0, "var": 1.00143063068}, "zerocrossingrate": {"dmean": 0.00237451842986, "dmean2": 0.00298337708227, "dvar": 2.14940773731e-05, "dvar2": 1.77800720849e-05, "max": 0.517578125, "mean": 0.0331504866481, "median": 0.02880859375, "min": 0.013671875, "var": 0.00122439791448}, "barkbands": {"dmean": [2.58127711277e-05, 0.000425526988693, 0.000224458955927, 0.000141658238135, 0.000257497973507, 0.000773380859755, 0.00154918723274, 0.00163657963276, 0.00119689188432, 0.000203300733119, 0.000133666835609, 0.000139278927236, 0.000143684897921, 4.78746769659e-05, 2.06908716791e-05, 2.05169417313e-05, 1.89639995369e-05, 1.58825459948e-05, 8.76726335264e-06, 8.08068216429e-06, 7.3774399425e-06, 2.81641541733e-06, 1.71527813109e-06, 1.78076811608e-06, 9.16919418614e-07, 9.69405050455e-07, 2.8617029102e-07], "dmean2": [4.17179180658e-05, 0.000581006868742, 0.000336713681463, 0.000240785564529, 0.000403822516091, 0.00136930099688, 0.00119069393259, 0.00227677985094, 0.00161694281269, 0.000288245355478, 0.000194189342437, 0.000189958213014, 0.000160012292326, 7.01458702679e-05, 3.37320125254e-05, 3.36472257914e-05, 3.18251004501e-05, 2.6476003768e-05, 1.46713327922e-05, 1.37183014886e-05, 1.11964272946e-05, 4.73638510812e-06, 2.94069491247e-06, 3.16703790304e-06, 1.61534751442e-06, 1.77799267931e-06, 5.31489547484e-07], "dvar": [4.352972649e-09, 5.13185170803e-07, 4.94973505738e-07, 1.23301475696e-07, 1.25057084688e-07, 2.34776985053e-06, 5.42620318811e-06, 4.89623926114e-06, 4.06942672271e-06, 5.40447217645e-07, 1.50568595814e-07, 4.30243396465e-08, 6.01263394628e-08, 8.28003887676e-09, 1.15113274468e-09, 3.15790260608e-09, 1.96828331411e-09, 8.69358640632e-10, 1.67193592304e-10, 1.51708826057e-10, 3.3005406741e-10, 4.45230692592e-11, 1.81125132254e-11, 2.48759120941e-11, 9.1207041919e-12, 3.5259347525e-11, 4.06667798394e-12], "dvar2": [1.00393489078e-08, 1.1039680885e-06, 9.90044213722e-07, 4.39517066297e-07, 3.22168290268e-07, 8.99962469703e-06, 3.64203151548e-06, 9.41793496168e-06, 6.28376983514e-06, 7.73514216235e-07, 3.01753004806e-07, 8.54773674064e-08, 6.13301338603e-08, 1.51407206772e-08, 2.700401458e-09, 8.24063128846e-09, 5.2957909169e-09, 2.31959029762e-09, 4.22653800847e-10, 4.3089265489e-10, 7.24423243614e-10, 1.15994165661e-10, 4.90405042963e-11, 6.82783482531e-11, 2.54068432959e-11, 1.01089754623e-10, 1.17523595022e-11], "max": [0.00303594581783, 0.0176405347884, 0.0339393876493, 0.00427044276148, 0.0081163905561, 0.0161416288465, 0.0706962198019, 0.0477444641292, 0.0375517904758, 0.02201680094, 0.00497336219996, 0.00401674490422, 0.00514476234093, 0.00173206394538, 0.000705012178514, 0.00117236957885, 0.000939043529797, 0.000410427805036, 0.000259111198829, 0.000166395431734, 0.000277590268524, 7.8591532656e-05, 4.37968046754e-05, 5.5750082538e-05, 4.36864065705e-05, 0.000102516205516, 4.24384634243e-05], "mean": [3.50506452378e-05, 0.0017459904775, 0.000711864850018, 0.000293287826935, 0.000632445618976, 0.00182210234925, 0.00842549465597, 0.00601001689211, 0.00315832672641, 0.000488232384669, 0.000279019353911, 0.000585443980526, 0.000828661199193, 0.000102761972812, 3.59001096513e-05, 3.21919651469e-05, 2.76278824458e-05, 2.45923329203e-05, 1.60838135344e-05, 1.27766879814e-05, 1.15472685138e-05, 3.28629107571e-06, 2.02536284633e-06, 1.65321307577e-06, 8.05553781902e-07, 6.75944590967e-07, 1.83266536169e-07], "median": [8.33464309835e-06, 0.000970095279627, 0.000216403437662, 8.73401804711e-05, 0.00044028510456, 0.000912203104235, 0.00262035615742, 0.0043375887908, 0.00175952049904, 7.33550186851e-05, 8.53063465911e-05, 0.000199204514502, 0.000169848906808, 2.39371674979e-05, 1.65618876053e-05, 9.40338213695e-06, 1.41441996675e-05, 1.31311417135e-05, 1.18388697956e-05, 7.92813261796e-06, 6.59283978166e-06, 1.66831853221e-06, 1.04197749806e-06, 6.07026095167e-07, 2.45515821007e-07, 9.07125397021e-08, 1.38793740945e-08], "min": [9.9634966431e-25, 2.79062010412e-24, 2.54588527739e-24, 2.04445136502e-24, 1.02375843925e-23, 1.13745072952e-23, 1.59422320286e-23, 1.24032024259e-23, 2.64407053442e-23, 3.48112642333e-23, 2.23599547027e-23, 3.02254517081e-23, 4.61563967149e-23, 3.79518583365e-23, 4.32694718798e-23, 6.57249371278e-23, 7.01508633246e-23, 9.19198334139e-23, 1.5112270208e-22, 2.40134762643e-22, 2.61194874945e-22, 4.27094494258e-22, 3.91152754482e-22, 6.6739419825e-22, 1.01379445706e-21, 1.30344772266e-21, 2.04827771906e-21], "var": [1.34021602705e-08, 4.48008586318e-06, 4.56211955679e-06, 3.20983275515e-07, 5.6033582041e-07, 5.84644703849e-06, 0.000172648360603, 3.49665860995e-05, 1.81045834324e-05, 1.72332852344e-06, 2.62151530706e-07, 5.17527155353e-07, 1.32461468638e-06, 2.77979061991e-08, 2.79325274022e-09, 5.39757794016e-09, 2.41494468867e-09, 1.39788514097e-09, 3.0616376101e-10, 2.29536098462e-10, 4.72623606917e-10, 3.59559951257e-11, 1.38885361545e-11, 1.67950185009e-11, 5.93089509796e-12, 2.04925226094e-11, 2.29658804994e-12]}, "erbbands": {"dmean": [0.00790408998728, 0.112484693527, 0.277241557837, 0.355878770351, 0.460844308138, 0.893605649471, 2.42884922028, 7.00408697128, 8.18969345093, 42.0681381226, 36.2975158691, 27.1507167816, 13.4428596497, 3.94244647026, 5.34066581726, 5.35541391373, 7.18426895142, 2.53486418724, 1.42266786098, 0.83631080389, 1.43392312527, 1.03429269791, 0.849684000015, 0.506154000759, 0.449151307344, 0.351735830307, 0.274886518717, 0.252613633871, 0.10733152926, 0.077634871006, 0.0443229861557, 0.0477304495871, 0.0220170412213, 0.0124787567183, 0.00699447933584, 0.00429047318175, 0.00163974706084, 0.000332267867634, 4.13821071561e-05, 6.09700373388e-06], "dmean2": [0.0102829085663, 0.155887886882, 0.41382458806, 0.599610745907, 0.72988396883, 1.38575851917, 3.74146819115, 12.4678478241, 12.0746421814, 34.4069595337, 51.1493034363, 35.2833976746, 19.3863887787, 5.40074777603, 7.59084129333, 7.30405712128, 7.87754201889, 3.68942594528, 2.19763350487, 1.39245223999, 2.35215377808, 1.73711979389, 1.42381072044, 0.840588986874, 0.765336275101, 0.591073453426, 0.441195696592, 0.382321685553, 0.174630776048, 0.13099232316, 0.0747473612428, 0.085222877562, 0.0391327664256, 0.0218282863498, 0.0127358622849, 0.00787480082363, 0.00300342496485, 0.000612470321357, 7.57785601309e-05, 8.85923145688e-06], "dvar": [0.000234922437812, 0.0386668294668, 0.739451169968, 0.606037199497, 0.603439748287, 1.34162521362, 10.9020786285, 214.359100342, 175.780319214, 3775.28125, 2695.15209961, 2382.4362793, 922.322509766, 113.575820923, 145.589370728, 47.4233322144, 159.733505249, 17.7664718628, 9.03710079193, 2.750872612, 14.8254308701, 7.65594625473, 2.24423074722, 0.656121492386, 0.480659335852, 0.270783483982, 0.480877816677, 0.480659097433, 0.0498004630208, 0.0378169827163, 0.0103894937783, 0.0181715041399, 0.00470161624253, 0.00196850532666, 0.000897616613656, 0.000494042702485, 0.000118035910418, 4.06088929594e-06, 7.34045428885e-08, 3.03121777678e-10], "dvar2": [0.00044297426939, 0.0869552642107, 1.51415276527, 2.12388157845, 1.64058244228, 3.2432975769, 28.7897911072, 823.991943359, 576.544921875, 2566.25024414, 5298.01074219, 3070.26123047, 1767.70483398, 168.244384766, 300.268157959, 102.175933838, 166.091018677, 32.4997634888, 18.5164394379, 6.91143655777, 38.7355613708, 20.2273387909, 6.0503487587, 1.68599569798, 1.35484600067, 0.745021939278, 1.18536400795, 0.951847612858, 0.126824438572, 0.0982719585299, 0.0273866746575, 0.0501445755363, 0.0129263717681, 0.00546878855675, 0.00253886077553, 0.00141135579906, 0.000340450904332, 1.16688743219e-05, 2.1226935587e-07, 8.6647167219e-10], "max": [0.345516771078, 5.07696294785, 40.021446228, 12.0745573044, 22.0299091339, 21.8323383331, 54.5089836121, 157.880386353, 170.879226685, 1877.65124512, 922.175170898, 996.129333496, 525.447143555, 293.60446167, 161.239624023, 128.611190796, 265.076385498, 59.6351699829, 65.277305603, 53.2795677185, 80.3856735229, 65.3705215454, 16.241765976, 13.3382320404, 11.0594749451, 6.10511350632, 13.5681743622, 13.0549554825, 2.21614336967, 2.72091960907, 0.841022908688, 1.57597529888, 1.15827703476, 0.708754956722, 0.526146948338, 0.415435016155, 0.205170705914, 0.0398814044893, 0.00501609919593, 0.00041015795432], "mean": [0.0392008200288, 0.434487223625, 0.913356542587, 0.864609360695, 1.07764720917, 2.07001614571, 5.98556089401, 16.6488513947, 34.8839569092, 229.852722168, 121.294013977, 81.5952835083, 30.2115535736, 9.99223327637, 15.4550151825, 26.4281654358, 43.8171653748, 7.11162614822, 2.72550940514, 1.46961569786, 2.26503252983, 1.55156469345, 1.40319943428, 0.969813644886, 0.827575922012, 0.594544708729, 0.423500031233, 0.392783045769, 0.142113372684, 0.0887249931693, 0.0517537891865, 0.043012727052, 0.0210864227265, 0.0113586802036, 0.00547974510118, 0.00308853178285, 0.00115201692097, 0.000224463350605, 3.8745944039e-05, 3.00263382087e-05], "median": [0.0120885055512, 0.265240967274, 0.379216194153, 0.372885107994, 0.480253815651, 1.48584902287, 3.62642359734, 8.21585273743, 15.0062904358, 76.3285903931, 85.0837020874, 41.5782356262, 14.7370548248, 4.64739465714, 9.51780319214, 17.6666812897, 9.66226673126, 3.9368917942, 1.06184101105, 0.924247860909, 0.789423763752, 0.879285693169, 0.832336783409, 0.68229162693, 0.583881855011, 0.421052634716, 0.257881730795, 0.196661412716, 0.0790697038174, 0.0440373718739, 0.0248599983752, 0.0154372155666, 0.00817092508078, 0.00354872341268, 0.00143303081859, 0.000540647364687, 0.000160232855706, 2.88926639769e-05, 1.45301974044e-05, 2.57954143308e-05], "min": [5.45258575096e-23, 7.62696522075e-22, 2.29573417113e-21, 7.78553378527e-21, 2.37240117195e-20, 1.68678266615e-20, 3.85219917659e-20, 1.07484611352e-19, 2.38069197738e-19, 1.90996352405e-19, 4.39000002224e-19, 5.88249234123e-19, 1.13751127463e-18, 1.35665571732e-18, 1.53009512245e-18, 1.6750415676e-18, 1.78792897375e-18, 2.48187022836e-18, 2.55936009456e-18, 3.50001623867e-18, 5.29732006389e-18, 4.33773306428e-18, 4.8433000644e-18, 6.03488475606e-18, 6.81729918104e-18, 1.12307138947e-17, 1.05767912245e-17, 1.03235622877e-17, 1.2471422775e-17, 1.22396327053e-17, 1.16056856197e-17, 1.16777247793e-17, 1.08353571307e-17, 9.45887068873e-18, 7.91308932673e-18, 4.0963758236e-18, 2.22187805605e-18, 1.03622259503e-18, 2.650249201e-19, 2.99084372627e-20], "var": [0.00375583255664, 0.261685013771, 5.97177457809, 1.67932093143, 2.77567672729, 5.20048856735, 54.2143516541, 489.757720947, 1572.22509766, 116474.117188, 13925.2363281, 12998.9638672, 1964.27490234, 344.18371582, 307.946807861, 644.012084961, 3500.26538086, 70.6515045166, 20.0934867859, 5.44668054581, 25.0649032593, 9.25898456573, 3.40292477608, 1.27781486511, 0.782817661762, 0.406479358673, 0.628027319908, 0.683610498905, 0.0457169823349, 0.0305651575327, 0.0085919694975, 0.0120904780924, 0.00313137355261, 0.00128927989863, 0.000546370982192, 0.000290516123641, 6.76496201777e-05, 2.32298339142e-06, 4.192031966e-08, 5.55480439424e-10]}, "gfcc": {"mean": [-113.85559082, 152.701721191, -132.460754395, -16.7651100159, -73.9304199219, -5.54993438721, -10.6626281738, 5.97071647644, -5.25691747665, 8.80456638336, 2.80165743828, -10.6921701431, -15.8428440094], "cov": [[17775.3183594, 2289.05517578, 126.338478088, 2104.8605957, 301.544433594, -159.640106201, -672.304626465, 340.428771973, -208.835342407, -81.580619812, -145.606887817, 319.301635742, 163.995529175], [2289.05517578, 1115.21350098, 154.840866089, 476.654327393, 299.283660889, -156.74420166, -99.4303359985, 4.84537935257, 59.5994529724, -82.4086837769, 63.4417304993, 24.375371933, 100.022079468], [126.338478088, 154.840866089, 639.166442871, 475.209320068, 248.467758179, -14.7807178497, -92.7147827148, 149.273574829, 25.7313842773, 0.341908127069, -41.8332214355, 90.9921722412, 65.1828155518], [2104.8605957, 476.654327393, 475.209320068, 906.593566895, 414.40826416, -44.5048713684, -177.942596436, 190.421875, 9.08787441254, -61.7540206909, -59.7633628845, 126.222747803, 141.765823364], [301.544433594, 299.283660889, 248.467758179, 414.40826416, 456.505645752, 133.883529663, -9.30161476135, 80.9808654785, 18.8019351959, -20.6533603668, -47.8250350952, -9.20536899567, 1.54868865013], [-159.640106201, -156.74420166, -14.7807178497, -44.5048713684, 133.883529663, 419.436553955, 207.776641846, 44.7792663574, -14.7840051651, 77.2002487183, -21.7449302673, -89.515586853, -113.030189514], [-672.304626465, -99.4303359985, -92.7147827148, -177.942596436, -9.30161476135, 207.776641846, 250.746139526, 9.23142814636, 26.4738998413, 63.9496917725, 31.5972080231, -69.3957214355, -61.4460144043], [340.428771973, 4.84537935257, 149.273574829, 190.421875, 80.9808654785, 44.7792663574, 9.23142814636, 151.05355835, 28.2608013153, 7.42014837265, -21.852148056, 32.9439582825, 34.6797180176], [-208.835342407, 59.5994529724, 25.7313842773, 9.08787441254, 18.8019351959, -14.7840051651, 26.4738998413, 28.2608013153, 115.289108276, 34.2673835754, 32.8321304321, -2.43432211876, 13.6478319168], [-81.580619812, -82.4086837769, 0.341908127069, -61.7540206909, -20.6533603668, 77.2002487183, 63.9496917725, 7.42014837265, 34.2673835754, 107.79094696, 48.8626060486, -5.27258634567, -45.2093009949], [-145.606887817, 63.4417304993, -41.8332214355, -59.7633628845, -47.8250350952, -21.7449302673, 31.5972080231, -21.852148056, 32.8321304321, 48.8626060486, 131.447341919, 34.2197608948, -6.09372329712], [319.301635742, 24.375371933, 90.9921722412, 126.222747803, -9.20536899567, -89.515586853, -69.3957214355, 32.9439582825, -2.43432211876, -5.27258634567, 34.2197608948, 141.983795166, 68.7208023071], [163.995529175, 100.022079468, 65.1828155518, 141.765823364, 1.54868865013, -113.030189514, -61.4460144043, 34.6797180176, 13.6478319168, -45.2093009949, -6.09372329712, 68.7208023071, 142.676223755]], "icov": [[0.000306832022034, -0.000875556841493, 0.000687292485964, -0.000998410396278, 0.00122300442308, -0.000612602452748, 0.000705621845555, -0.000550330034457, 0.000522540707607, -0.00104737875517, 0.00106955820229, -0.000622026389465, 0.000841653905809], [-0.000875556841493, 0.00435948558152, -0.00178696913645, 0.00173987261951, -0.00431104470044, 0.00256172870286, -0.0025045403745, 0.00255365786143, -0.00207911385223, 0.00423428881913, -0.00491216219962, 0.00293483119458, -0.00266806804575], [0.000687292485964, -0.00178696913645, 0.0045361276716, -0.00317591056228, 0.00191422214266, -0.000826154544484, 0.00171663996298, -0.00245658564381, 0.00104506209027, -0.00348027865402, 0.00307913706638, -0.00223436392844, 0.00221212627366], [-0.000998410396278, 0.00173987261951, -0.00317591056228, 0.00810048915446, -0.00643369928002, 0.00149470916949, -6.14883610979e-05, -0.00137477554381, -0.000432365457527, 0.00251925806515, -0.00278838630766, 0.000621595594566, -0.00468720216304], [0.00122300442308, -0.00431104470044, 0.00191422214266, -0.00643369928002, 0.0110498694703, -0.00502752093598, 0.00292257778347, -0.000905486231204, 0.000300198735204, -0.0024424076546, 0.00503367790952, -0.00199464242905, 0.00488361436874], [-0.000612602452748, 0.00256172870286, -0.000826154544484, 0.00149470916949, -0.00502752093598, 0.00890910625458, -0.00647171819583, -0.000401845842134, 0.00168571982067, -0.000788910139818, -0.00105912063736, 0.00229394459166, 0.000662181177177], [0.000705621845555, -0.0025045403745, 0.00171663996298, -6.14883610979e-05, 0.00292257778347, -0.00647171819583, 0.0119619946927, -0.00337516400032, -9.42295228015e-05, -0.00317790708505, 0.000138062809128, 0.000473323016195, -0.000185159151442], [-0.000550330034457, 0.00255365786143, -0.00245658564381, -0.00137477554381, -0.000905486231204, -0.000401845842134, -0.00337516400032, 0.0141051476821, -0.00460537429899, 0.00242205290124, -0.000260438537225, -0.000359989790013, -0.00248965108767], [0.000522540707607, -0.00207911385223, 0.00104506209027, -0.000432365457527, 0.000300198735204, 0.00168571982067, -9.42295228015e-05, -0.00460537429899, 0.0140730617568, -0.00710450997576, 4.85635391669e-05, 0.00149768637493, -0.0010965395486], [-0.00104737875517, 0.00423428881913, -0.00348027865402, 0.00251925806515, -0.0024424076546, -0.000788910139818, -0.00317790708505, 0.00242205290124, -0.00710450997576, 0.0224091764539, -0.00980420876294, 0.00116267916746, 0.00156801717822], [0.00106955820229, -0.00491216219962, 0.00307913706638, -0.00278838630766, 0.00503367790952, -0.00105912063736, 0.000138062809128, -0.000260438537225, 4.85635391669e-05, -0.00980420876294, 0.0184357613325, -0.0082285925746, 0.00444666808471], [-0.000622026389465, 0.00293483119458, -0.00223436392844, 0.000621595594566, -0.00199464242905, 0.00229394459166, 0.000473323016195, -0.000359989790013, 0.00149768637493, 0.00116267916746, -0.0082285925746, 0.0156295206398, -0.00646335631609], [0.000841653905809, -0.00266806804575, 0.00221212627366, -0.00468720216304, 0.00488361436874, 0.000662181177177, -0.000185159151442, -0.00248965108767, -0.0010965395486, 0.00156801717822, 0.00444666808471, -0.00646335631609, 0.0164603125304]]}, "melbands": {"dmean": [9.60842589848e-05, 0.000144827645272, 6.18302074145e-05, 4.20327742177e-05, 7.48589154682e-05, 0.000157771661179, 0.00017139420379, 0.000435135385487, 0.000279316183878, 0.000161497926456, 6.63431856083e-05, 1.67564248841e-05, 2.08007331821e-05, 1.75705372385e-05, 1.44215400724e-05, 1.12005564006e-05, 4.22289440394e-06, 2.56496059592e-06, 1.1445462178e-06, 1.07930111426e-06, 1.79004553047e-06, 1.22418066439e-06, 6.3211092538e-07, 1.09658208203e-06, 3.62515237384e-07, 3.76583869865e-07, 3.15385506156e-07, 2.56304275581e-07, 1.88708668247e-07, 1.50570116375e-07, 1.60611293154e-07, 4.81273652042e-08, 7.79796138772e-08, 3.36127001788e-08, 2.85257293342e-08, 2.42637021586e-08, 3.09806296173e-08, 1.4381152269e-08, 1.46884762131e-08, 8.86550299839e-09], "dmean2": [0.000126378974528, 0.000211699094507, 0.000102130681626, 6.56001429888e-05, 0.000114609618322, 0.000280658190604, 0.000211212725844, 0.000401451485232, 0.000398081174353, 0.000213388862903, 9.6104311524e-05, 2.24956038437e-05, 3.01213658531e-05, 2.36148844124e-05, 1.67998332472e-05, 1.33944331537e-05, 6.24380845693e-06, 3.94245535063e-06, 1.88753449493e-06, 1.77990546035e-06, 2.93862854051e-06, 2.06958793569e-06, 1.05094318315e-06, 1.81976463409e-06, 6.05646562235e-07, 6.32482397123e-07, 5.44024601368e-07, 4.35931724496e-07, 3.06085354396e-07, 2.37602179709e-07, 2.45468754656e-07, 8.01448578613e-08, 1.30215852323e-07, 5.79552512647e-08, 4.74643435666e-08, 4.30163460408e-08, 5.53561712024e-08, 2.56784247199e-08, 2.5979376872e-08, 1.55865311768e-08], "dvar": [2.55958294559e-08, 1.3686320699e-07, 1.52436623324e-08, 4.57657245434e-09, 1.02567510041e-08, 1.09890898159e-07, 5.69031932685e-08, 3.2654722304e-07, 1.5291767852e-07, 7.82553897238e-08, 2.51225742431e-08, 3.23480842113e-09, 3.24865689905e-09, 7.68742125512e-10, 4.72671068952e-10, 2.90555191018e-10, 5.55941889746e-11, 4.09791992007e-11, 3.10294324957e-12, 3.76578108974e-12, 2.21881263363e-11, 1.27585884566e-11, 2.54535411845e-12, 4.41187321051e-12, 3.94584511549e-13, 2.68483802898e-13, 4.22236871118e-13, 1.97808674822e-13, 3.56697283472e-13, 1.60488687769e-13, 1.48389438757e-13, 1.17812635258e-14, 5.03977386896e-14, 8.50147741511e-15, 5.00891959271e-15, 6.13690532175e-15, 9.12973953978e-15, 2.019390709e-15, 1.91875451278e-15, 1.27703155227e-15], "dvar2": [4.90854432655e-08, 2.97669089377e-07, 5.22549790105e-08, 1.12377476214e-08, 2.73438534037e-08, 4.21307106535e-07, 1.34059860102e-07, 2.72861882422e-07, 2.97851272535e-07, 1.08707844504e-07, 4.72145558206e-08, 4.49395232138e-09, 6.62439569865e-09, 1.42055656127e-09, 5.57705437387e-10, 3.38465810934e-10, 1.01507927064e-10, 8.15622361316e-11, 7.64104664958e-12, 9.48160820691e-12, 5.83695383694e-11, 3.38735255123e-11, 7.17017851343e-12, 1.17400551086e-11, 1.01349809621e-12, 7.00053730263e-13, 1.2190445051e-12, 5.52220378799e-13, 8.62204079834e-13, 3.37770610093e-13, 3.09118995592e-13, 3.0812280353e-14, 1.30895782494e-13, 2.27005304203e-14, 1.30235305166e-14, 1.71021779637e-14, 2.52352985378e-14, 5.58693148778e-15, 5.29808139431e-15, 3.56091719289e-15], "max": [0.00353689235635, 0.0157934743911, 0.00209583132528, 0.00213051401079, 0.00193334347568, 0.00363741116598, 0.00540635362267, 0.0171565450728, 0.00604342482984, 0.00535070616752, 0.00288459216245, 0.0016958292108, 0.000745646480937, 0.000569708354305, 0.000471182982437, 0.000349101173924, 9.78671087069e-05, 0.000151085914695, 4.62647840322e-05, 4.79425216326e-05, 9.68589738477e-05, 8.41411965666e-05, 2.78379266092e-05, 2.97168098768e-05, 1.0895613741e-05, 9.40618429013e-06, 1.14446065709e-05, 5.38227141078e-06, 1.26610902953e-05, 7.54906250222e-06, 5.85227917327e-06, 1.34002846153e-06, 3.0699582112e-06, 1.62127571457e-06, 7.31945476673e-07, 8.47752005484e-07, 1.22043752526e-06, 7.08266441052e-07, 5.90223294239e-07, 6.19464628926e-07], "mean": [0.000439368246589, 0.000522924819961, 0.000160767565831, 9.99639887596e-05, 0.000190968596144, 0.000383322854759, 0.000815384613816, 0.00233198911883, 0.000863973167725, 0.000445696321549, 0.000138629344292, 4.05520186177e-05, 4.92626822961e-05, 7.30271422071e-05, 8.88417998794e-05, 6.08580667176e-05, 8.9760778792e-06, 4.48107130069e-06, 1.98217185243e-06, 1.73136140802e-06, 2.69371480499e-06, 1.6369918967e-06, 1.0020304444e-06, 1.63275285558e-06, 6.36309493984e-07, 6.79282265992e-07, 5.0257597195e-07, 3.77885214675e-07, 2.82172123889e-07, 2.02928220006e-07, 2.44177954301e-07, 6.2864863537e-08, 7.83918778779e-08, 4.02763582485e-08, 3.33098171268e-08, 2.34591794879e-08, 2.66499959878e-08, 1.38784974624e-08, 1.34092772441e-08, 7.78161712844e-09], "median": [0.000201930612093, 0.000291289470624, 8.11683494248e-05, 6.83484831825e-05, 0.000119345466373, 0.000183603551704, 0.000320874329191, 0.00103097234387, 0.000608667207416, 0.000230664518313, 4.03855774493e-05, 1.32081777338e-05, 2.50327248068e-05, 2.2856902433e-05, 4.26234255428e-05, 2.46026447712e-05, 2.23795905185e-06, 1.07280959583e-06, 1.07032769847e-06, 9.62267222349e-07, 7.41613575883e-07, 7.15700593901e-07, 4.60406454295e-07, 7.61147418871e-07, 3.63522474345e-07, 5.35331821538e-07, 2.42831561081e-07, 2.18396877472e-07, 1.57120624067e-07, 8.6317825776e-08, 1.05807160367e-07, 3.45834472171e-08, 2.92473938401e-08, 2.12953015222e-08, 1.3650536701e-08, 9.39823063817e-09, 8.50300185817e-09, 5.34924904372e-09, 4.36249170122e-09, 2.26734409026e-09], "min": [8.47538351504e-25, 1.15900666929e-24, 1.95084808823e-24, 1.11294537686e-24, 1.00770097831e-24, 2.96873621905e-24, 3.78650749594e-24, 1.80024191965e-24, 3.14095106276e-24, 4.00030891721e-24, 5.66812771493e-24, 5.07916850183e-24, 3.82037487233e-24, 3.32137341255e-24, 4.00592245141e-24, 3.24601372749e-24, 3.86610080027e-24, 3.11020974493e-24, 3.10105619742e-24, 3.74086715941e-24, 4.77603726051e-24, 4.00823696931e-24, 2.63461201328e-24, 3.73590837976e-24, 4.51428887342e-24, 4.14433993015e-24, 6.32898962739e-24, 6.7213568143e-24, 6.21268549755e-24, 6.44705922794e-24, 5.74093997091e-24, 6.9890685954e-24, 6.85875350703e-24, 5.48725768658e-24, 4.79181053431e-24, 6.01880715288e-24, 7.40055264306e-24, 7.03982311718e-24, 6.16157243849e-24, 7.43587310123e-24], "var": [3.45269654645e-07, 9.28712267978e-07, 5.54512702422e-08, 1.82877410992e-08, 5.38635234193e-08, 2.82304512211e-07, 1.08611266114e-06, 9.58930741035e-06, 7.41570090668e-07, 3.8474320263e-07, 5.59161463798e-08, 1.04843929094e-08, 5.55610402131e-09, 9.24442389305e-09, 1.07225117674e-08, 5.94035798329e-09, 2.15474887932e-10, 8.9915616619e-11, 7.03342939445e-12, 7.1895180781e-12, 3.71942060484e-11, 1.46057090034e-11, 3.37584192371e-12, 7.36791270356e-12, 7.32383934315e-13, 4.57036155883e-13, 6.24509992331e-13, 2.67561553425e-13, 4.7138801109e-13, 2.05592704319e-13, 2.15922223677e-13, 1.03384453911e-14, 3.91416533788e-14, 6.68369092371e-15, 4.36595975234e-15, 4.08880167815e-15, 6.00662445469e-15, 1.32683401907e-15, 1.27833333603e-15, 8.23553458654e-16]}, "mfcc": {"mean": [-754.100524902, 186.884231567, -7.11780834198, -0.0851747840643, -34.334072113, -12.0084123611, -1.86386024952, -2.01008892059, -4.09223222733, 7.32267951965, 16.8545017242, 20.0504817963, 5.6831817627], "cov": [[7580.51171875, 2042.35046387, 254.487960815, 1758.71325684, 936.796386719, 55.3451957703, -428.197296143, -0.748331189156, 97.5062408447, 19.3977966309, -300.45413208, -169.674224854, -21.7265071869], [2042.35046387, 1232.10192871, 69.6221084595, 525.883178711, 248.371429443, 21.7289237976, -101.44342804, -20.8579502106, -37.3240470886, 27.3343524933, -33.9176025391, -19.3207149506, 42.3862991333], [254.487960815, 69.6221084595, 244.613342285, 147.294921875, 56.9711341858, 10.4770069122, 1.69482290745, 30.151889801, 26.7275848389, 12.1044864655, -19.6648330688, 23.5230369568, 21.8744735718], [1758.71325684, 525.883178711, 147.294921875, 911.551574707, 570.186584473, 41.7883872986, -175.148406982, 16.7606086731, 57.5333747864, 23.3534965515, -188.090270996, -148.729537964, 19.6577072144], [936.796386719, 248.371429443, 56.9711341858, 570.186584473, 533.579345703, 145.59147644, -57.2672195435, 46.2919502258, 31.869966507, 54.9754219055, -95.1249465942, -126.612304688, -32.7526016235], [55.3451957703, 21.7289237976, 10.4770069122, 41.7883872986, 145.59147644, 256.611846924, 170.001144409, 84.4353408813, 36.1680450439, 68.8505020142, 78.9906234741, 34.7775115967, -34.2662086487], [-428.197296143, -101.44342804, 1.69482290745, -175.148406982, -57.2672195435, 170.001144409, 294.282012939, 119.389526367, 50.5240058899, 59.7082595825, 100.200813293, 71.6577758789, 8.77223205566], [-0.748331189156, -20.8579502106, 30.151889801, 16.7606086731, 46.2919502258, 84.4353408813, 119.389526367, 146.885162354, 65.0781402588, 45.5440101624, 27.2066383362, 7.31271696091, 9.13528728485], [97.5062408447, -37.3240470886, 26.7275848389, 57.5333747864, 31.869966507, 36.1680450439, 50.5240058899, 65.0781402588, 141.966201782, 55.7175064087, -21.7530517578, -14.3104925156, -18.2986946106], [19.3977966309, 27.3343524933, 12.1044864655, 23.3534965515, 54.9754219055, 68.8505020142, 59.7082595825, 45.5440101624, 55.7175064087, 165.137039185, 37.7430953979, -23.3044452667, -56.9627380371], [-300.45413208, -33.9176025391, -19.6648330688, -188.090270996, -95.1249465942, 78.9906234741, 100.200813293, 27.2066383362, -21.7530517578, 37.7430953979, 172.841156006, 115.716583252, -2.71158409119], [-169.674224854, -19.3207149506, 23.5230369568, -148.729537964, -126.612304688, 34.7775115967, 71.6577758789, 7.31271696091, -14.3104925156, -23.3044452667, 115.716583252, 216.53012085, 88.2556915283], [-21.7265071869, 42.3862991333, 21.8744735718, 19.6577072144, -32.7526016235, -34.2662086487, 8.77223205566, 9.13528728485, -18.2986946106, -56.9627380371, -2.71158409119, 88.2556915283, 210.216827393]], "icov": [[0.000361266866094, -0.000405642582336, 7.94709849288e-05, -0.000551108561922, 0.000216451662709, -0.000196402746951, 0.000304944609525, -0.000214791391045, -0.00017425675469, 0.000141394921229, 0.00016735837562, -0.000286397698801, 0.000306255300529], [-0.000405642582336, 0.00173403113149, 0.00014475142234, -0.000897023186553, 0.000726147321984, -6.76415656926e-05, -0.000336664845236, 0.000264879199676, 0.00102253141813, -0.000581029744353, -0.000677493459079, 0.000277942046523, -0.000411953020375], [7.94709849288e-05, 0.00014475142234, 0.00520983617753, -0.0020183250308, 0.00131003349088, -4.16352995671e-05, -0.000164167009643, -0.00119256798644, 0.00040774178342, -0.000589087489061, 0.000955566531047, -0.00176518235821, 0.000510914600454], [-0.000551108561922, -0.000897023186553, -0.0020183250308, 0.0080185374245, -0.00709459278733, 0.00180473760702, 0.000784059462603, 0.000569749448914, -0.00214521260932, 0.000249845994404, 0.00172075722367, 3.21628867823e-05, -0.00139489944559], [0.000216451662709, 0.000726147321984, 0.00131003349088, -0.00709459278733, 0.011565990746, -0.00713123008609, 0.00262292427942, -0.00207829941064, 0.00271474197507, -0.0012465812033, 0.000672347901855, 0.00197387998924, 0.000102031517599], [-0.000196402746951, -6.76415656926e-05, -4.16352995671e-05, 0.00180473760702, -0.00713123008609, 0.0138990599662, -0.00736986566335, 0.000966941704974, -0.000926553213503, 0.00026496857754, -0.00338277267292, -0.00195963261649, 0.00201918650419], [0.000304944609525, -0.000336664845236, -0.000164167009643, 0.000784059462603, 0.00262292427942, -0.00736986566335, 0.011257735081, -0.00530866254121, -0.000651428359561, -0.000792533333879, 0.000408217107179, 0.000122238110634, -0.00130608910695], [-0.000214791391045, 0.000264879199676, -0.00119256798644, 0.000569749448914, -0.00207829941064, 0.000966941704974, -0.00530866254121, 0.0138850398362, -0.00452685123309, 0.000159030649229, -0.00260775350034, 0.00215618894435, -0.00184267899022], [-0.00017425675469, 0.00102253141813, 0.00040774178342, -0.00214521260932, 0.00271474197507, -0.000926553213503, -0.000651428359561, -0.00452685123309, 0.0123087074608, -0.00385930505581, 0.00429117353633, -0.00188420864288, 0.00130190432537], [0.000141394921229, -0.000581029744353, -0.000589087489061, 0.000249845994404, -0.0012465812033, 0.00026496857754, -0.000792533333879, 0.000159030649229, -0.00385930505581, 0.0097092948854, -0.00409621419385, 0.00220396998338, 0.00136169954203], [0.00016735837562, -0.000677493459079, 0.000955566531047, 0.00172075722367, 0.000672347901855, -0.00338277267292, 0.000408217107179, -0.00260775350034, 0.00429117353633, -0.00409621419385, 0.0169754382223, -0.0081963473931, 0.00246682320721], [-0.000286397698801, 0.000277942046523, -0.00176518235821, 3.21628867823e-05, 0.00197387998924, -0.00195963261649, 0.000122238110634, 0.00215618894435, -0.00188420864288, 0.00220396998338, -0.0081963473931, 0.0124915651977, -0.00493254279718], [0.000306255300529, -0.000411953020375, 0.000510914600454, -0.00139489944559, 0.000102031517599, 0.00201918650419, -0.00130608910695, -0.00184267899022, 0.00130190432537, 0.00136169954203, 0.00246682320721, -0.00493254279718, 0.00801356043667]]}, "spectral_contrast_coeffs": {"dmean": [0.0384393557906, 0.0352716632187, 0.0341477170587, 0.0263179559261, 0.0203253626823, 0.0156562123448], "dmean2": [0.0653009712696, 0.0565745048225, 0.0544545575976, 0.0416329652071, 0.0345046855509, 0.0252810642123], "dvar": [0.000953909941018, 0.000880107982084, 0.00102948932908, 0.000576553109568, 0.000316375255352, 0.000233571263379], "dvar2": [0.00273876730353, 0.00225738552399, 0.00249878386967, 0.00138637027703, 0.000910285569262, 0.000576969468966], "max": [-0.356219828129, -0.35350972414, -0.444839596748, -0.435454189777, -0.667294442654, -0.608977079391], "mean": [-0.680702209473, -0.589282274246, -0.641986489296, -0.691709816456, -0.771687686443, -0.751320779324], "median": [-0.684254288673, -0.590365886688, -0.640892803669, -0.696878373623, -0.76746237278, -0.750425577164], "min": [-0.97629326582, -0.974150002003, -0.976858735085, -0.966346561909, -0.96847397089, -0.963369846344], "var": [0.00734940217808, 0.00750382337719, 0.004603208974, 0.0061615514569, 0.00141100236215, 0.0012716841884]}, "spectral_contrast_valleys": {"dmean": [0.337664663792, 0.292837351561, 0.336995840073, 0.297576993704, 0.251473844051, 0.320951908827], "dmean2": [0.563017070293, 0.484663963318, 0.546922028065, 0.487199664116, 0.40304812789, 0.480590224266], "dvar": [0.118464581668, 0.117563411593, 0.167235016823, 0.165257886052, 0.153823