{"lowlevel": {"average_loudness": 0.224953040481, "barkbands_crest": {"dmean": 2.03693461418, "dmean2": 3.28754472733, "dvar": 4.36605978012, "dvar2": 11.1269359589, "max": 25.905046463, "mean": 11.6673316956, "median": 10.9874191284, "min": 3.3132019043, "var": 16.948141098}, "barkbands_flatness_db": {"dmean": 0.0249523036182, "dmean2": 0.0359570942819, "dvar": 0.000792227045167, "dvar2": 0.00172874308191, "max": 0.538662731647, "mean": 0.212991699576, "median": 0.199443429708, "min": 0.0300299506634, "var": 0.00687421485782}, "barkbands_kurtosis": {"dmean": 6.03182888031, "dmean2": 9.55952453613, "dvar": 207.192474365, "dvar2": 531.94128418, "max": 293.698577881, "mean": 12.6351165771, "median": 6.08385848999, "min": -1.8780939579, "var": 389.214996338}, "barkbands_skewness": {"dmean": 0.616514861584, "dmean2": 0.937936425209, "dvar": 0.721294522285, "dvar2": 1.68468511105, "max": 13.4454526901, "mean": 2.15396475792, "median": 1.8996295929, "min": -6.06991481781, "var": 3.59867453575}, "barkbands_spread": {"dmean": 3.22079348564, "dmean2": 5.00956010818, "dvar": 33.3395271301, "dvar2": 78.3552017212, "max": 111.153373718, "mean": 11.0058727264, "median": 8.34799194336, "min": 0.320368885994, "var": 110.837036133}, "dissonance": {"dmean": 0.024250626564, "dmean2": 0.039510525763, "dvar": 0.000599833088927, "dvar2": 0.00153171317652, "max": 0.500000119209, "mean": 0.428470492363, "median": 0.44182240963, "min": 0.155965998769, "var": 0.0026691542007}, "dynamic_complexity": 8.6863861084, "erbbands_crest": {"dmean": 2.30716276169, "dmean2": 3.52799034119, "dvar": 6.12880849838, "dvar2": 13.9716587067, "max": 32.8058929443, "mean": 11.5429010391, "median": 10.4861316681, "min": 2.35918569565, "var": 28.1400718689}, "erbbands_flatness_db": {"dmean": 0.020767012611, "dmean2": 0.0275288932025, "dvar": 0.000494370353408, "dvar2": 0.000893563847058, "max": 0.387379199266, "mean": 0.191019892693, "median": 0.19132553041, "min": 0.0412682779133, "var": 0.00384360831231}, "erbbands_kurtosis": {"dmean": 1.45614254475, "dmean2": 2.2116792202, "dvar": 7.7993721962, "dvar2": 16.666633606, "max": 89.6120910645, "mean": 2.39478516579, "median": 0.469200372696, "min": -1.82572507858, "var": 33.573184967}, "erbbands_skewness": {"dmean": 0.383499145508, "dmean2": 0.568026125431, "dvar": 0.193398758769, "dvar2": 0.417293012142, "max": 7.49730348587, "mean": 0.812643706799, "median": 0.648403942585, "min": -6.04943943024, "var": 1.26158392429}, "erbbands_spread": {"dmean": 7.21213197708, "dmean2": 10.5748882294, "dvar": 105.51373291, "dvar2": 215.17515564, "max": 176.663208008, "mean": 32.4107894897, "median": 28.5163860321, "min": 1.97948753834, "var": 460.489776611}, "hfc": {"dmean": 3.25113892555, "dmean2": 4.80641937256, "dvar": 81.3819961548, "dvar2": 193.639404297, "max": 152.48135376, "mean": 8.68056106567, "median": 1.80623626709, "min": 1.32283491183e-16, "var": 226.570266724}, "melbands_crest": {"dmean": 2.59828424454, "dmean2": 4.20465612411, "dvar": 7.16844367981, "dvar2": 18.4619731903, "max": 33.2982826233, "mean": 15.2945756912, "median": 14.8037042618, "min": 2.42990493774, "var": 25.0430221558}, "melbands_flatness_db": {"dmean": 0.0278362091631, "dmean2": 0.0404876172543, "dvar": 0.00107517046854, "dvar2": 0.00235982821323, "max": 0.696179270744, "mean": 0.303729206324, "median": 0.289105206728, "min": 0.00710581382737, "var": 0.0107930954546}, "melbands_kurtosis": {"dmean": 12.1316709518, "dmean2": 19.0482082367, "dvar": 850.620727539, "dvar2": 2040.81652832, "max": 496.89239502, "mean": 26.8156337738, "median": 11.9372644424, "min": -1.89312160015, "var": 1835.62512207}, "melbands_skewness": {"dmean": 0.766333281994, "dmean2": 1.16313767433, "dvar": 1.14155757427, "dvar2": 2.56496119499, "max": 18.1223487854, "mean": 3.1133658886, "median": 2.68090224266, "min": -1.64512729645, "var": 5.43026685715}, "melbands_spread": {"dmean": 3.6051056385, "dmean2": 5.65943527222, "dvar": 71.2089157104, "dvar2": 157.707519531, "max": 240.31918335, "mean": 13.0000915527, "median": 8.79682254791, "min": 0.318501144648, "var": 424.964416504}, "pitch_salience": {"dmean": 0.0589932352304, "dmean2": 0.0947341546416, "dvar": 0.00367372320034, "dvar2": 0.00940951984376, "max": 0.871332883835, "mean": 0.52341991663, "median": 0.528731226921, "min": 0.080699659884, "var": 0.0118308570236}, "silence_rate_20dB": {"dmean": 0, "dmean2": 0, "dvar": 0, "dvar2": 0, "max": 1, "mean": 1, "median": 1, "min": 1, "var": 0}, "silence_rate_30dB": {"dmean": 0.0298400577158, "dmean2": 0.0596872381866, "dvar": 0.0289471819997, "dvar2": 0.0687717571855, "max": 1, "mean": 0.970521569252, "median": 1, "min": 0, "var": 0.0286098960787}, "silence_rate_60dB": {"dmean": 0.0300787780434, "dmean2": 0.0601647384465, "dvar": 0.0291733182967, "dvar2": 0.0625161975622, "max": 1, "mean": 0.32927557826, "median": 0, "min": 0, "var": 0.220834925771}, "spectral_centroid": {"dmean": 140.06338501, "dmean2": 218.739700317, "dvar": 65588.671875, "dvar2": 136883.265625, "max": 10755.9082031, "mean": 723.218811035, "median": 591.027282715, "min": 103.840301514, "var": 423291.71875}, "spectral_complexity": {"dmean": 1.57054185867, "dmean2": 2.4330906868, "dvar": 9.52844619751, "dvar2": 19.3297805786, "max": 51, "mean": 7.73517131805, "median": 5, "min": 0, "var": 61.7233963013}, "spectral_decrease": {"dmean": 2.37376318601e-09, "dmean2": 3.91399046507e-09, "dvar": 4.66187644317e-17, "dvar2": 1.2355681513e-16, "max": 2.36522647925e-16, "mean": -5.13516118517e-09, "median": -1.79567449798e-09, "min": -8.26076060889e-08, "var": 6.99651993759e-17}, "spectral_energy": {"dmean": 0.00920377392322, "dmean2": 0.0151298493147, "dvar": 0.000688367290422, "dvar2": 0.00181913934648, "max": 0.316528022289, "mean": 0.020168621093, "median": 0.00694266520441, "min": 1.16110243985e-20, "var": 0.00106502510607}, "spectral_energyband_high": {"dmean": 0.000172805725015, "dmean2": 0.000257743435213, "dvar": 4.55349891126e-07, "dvar2": 1.09535551474e-06, "max": 0.0116182863712, "mean": 0.000206060212804, "median": 1.04628034023e-05, "min": 8.14537593099e-21, "var": 5.39610596206e-07}, "spectral_energyband_low": {"dmean": 0.00687280204147, "dmean2": 0.0115894787014, "dvar": 0.000590114796069, "dvar2": 0.0015723729739, "max": 0.295777380466, "mean": 0.00910721905529, "median": 0.00271713058464, "min": 5.16482759431e-23, "var": 0.000516183848958}, "spectral_energyband_middle_high": {"dmean": 0.000606240646448, "dmean2": 0.000830807199236, "dvar": 2.50863899964e-06, "dvar2": 4.99556153954e-06, "max": 0.053802959621, "mean": 0.00192237633746, "median": 0.000229736207984, "min": 1.91669319571e-21, "var": 1.46943748405e-05}, "spectral_energyband_middle_low": {"dmean": 0.00348694971763, "dmean2": 0.00545133184642, "dvar": 7.65520017012e-05, "dvar2": 0.000191393482964, "max": 0.143441066146, "mean": 0.00972506590188, "median": 0.00299903587438, "min": 3.66023785984e-22, "var": 0.000267233350314}, "spectral_entropy": {"dmean": 0.223459035158, "dmean2": 0.310796737671, "dvar": 0.0667844638228, "dvar2": 0.12587736547, "max": 9.80827617645, "mean": 6.7696518898, "median": 6.80290985107, "min": 4.21575689316, "var": 0.598972380161}, "spectral_flux": {"dmean": 0.0212664995342, "dmean2": 0.0327469110489, "dvar": 0.00192199798767, "dvar2": 0.00414919899777, "max": 0.510983347893, "mean": 0.0484456829727, "median": 0.0227572340518, "min": 1.07754465073e-10, "var": 0.00413733255118}, "spectral_kurtosis": {"dmean": 4.09626054764, "dmean2": 6.60015726089, "dvar": 35.5091896057, "dvar2": 83.7503662109, "max": 157.361526489, "mean": 11.5854930878, "median": 8.08027935028, "min": -1.14652681351, "var": 169.800964355}, "spectral_rms": {"dmean": 0.000680689001456, "dmean2": 0.00105489278212, "dvar": 2.11844076148e-06, "dvar2": 5.20307958141e-06, "max": 0.01757292822, "mean": 0.00338399922475, "median": 0.00260256254114, "min": 3.36568403356e-12, "var": 8.22528909339e-06}, "spectral_rolloff": {"dmean": 206.392318726, "dmean2": 345.187438965, "dvar": 371755.78125, "dvar2": 801667.8125, "max": 19745.9472656, "mean": 1017.43798828, "median": 495.263671875, "min": 86.1328125, "var": 6482356.5}, "spectral_skewness": {"dmean": 0.383134007454, "dmean2": 0.59229439497, "dvar": 0.171846941113, "dvar2": 0.384969174862, "max": 10.3784923553, "mean": 2.43382835388, "median": 2.22050595284, "min": -0.138341799378, "var": 1.17615389824}, "spectral_spread": {"dmean": 690991.75, "dmean2": 919797.6875, "dvar": 826424754176, "dvar2": 1418068885500.0, "max": 39772552, "mean": 4013787.75, "median": 3369970.25, "min": 565274.5, "var": 5098991255550.0}, "spectral_strongpeak": {"dmean": 0.252595871687, "dmean2": 0.416284441948, "dvar": 0.292329788208, "dvar2": 0.706518471241, "max": 8.74343490601, "mean": 0.657237052917, "median": 0.267325341702, "min": 0, "var": 1.17988562584}, "zerocrossingrate": {"dmean": 0.0068559278734, "dmean2": 0.00821352377534, "dvar": 0.000135399357532, "dvar2": 0.000145707526826, "max": 0.7373046875, "mean": 0.0437063872814, "median": 0.02978515625, "min": 0.0029296875, "var": 0.00713680591434}, "barkbands": {"dmean": [0.000138096598675, 0.00356263061985, 0.00340758357197, 0.00123936112504, 0.00143882189877, 0.000578104460146, 0.000475212262245, 0.000590304611251, 0.000351185328327, 0.000184397911653, 0.000154245921294, 0.000110969071102, 0.000133538836963, 8.0187797721e-05, 0.000166784870089, 3.75951749447e-05, 6.67947970214e-05, 2.67498908215e-05, 3.00204264931e-05, 2.90815132757e-05, 2.67753712251e-05, 2.89378840534e-05, 2.93000139209e-05, 2.45614301093e-05, 3.63345352525e-05, 2.06316508411e-05, 6.70253939461e-06], "dmean2": [0.000234636579989, 0.00619541760534, 0.00575463380665, 0.00197656452656, 0.00237606395967, 0.000971402507275, 0.000712737848517, 0.000816313142423, 0.000442752876552, 0.000242107504164, 0.000206634882488, 0.000163526943652, 0.000193494415726, 0.000122088982607, 0.000245666189585, 5.5446591432e-05, 0.000102722879092, 4.16245602537e-05, 4.55213557871e-05, 4.84232077724e-05, 4.35515357822e-05, 4.52477797808e-05, 4.30514774052e-05, 3.70472225768e-05, 5.42209236301e-05, 3.20392864523e-05, 1.05443086795e-05], "dvar": [3.23239163436e-07, 0.000162517098943, 0.000164340919582, 1.11227154775e-05, 1.22683750305e-05, 6.41628503217e-06, 3.94866674469e-06, 1.0333422324e-05, 5.38190624866e-06, 3.16520385013e-07, 2.45959768108e-07, 3.72192346276e-07, 2.62946741714e-07, 2.47635711048e-07, 4.15063851733e-07, 2.37393020797e-08, 5.7964367528e-08, 6.11337558354e-09, 1.02345341091e-08, 1.40648470648e-08, 1.69197864608e-08, 1.40645513014e-08, 1.2777385372e-08, 1.17948166789e-08, 1.94169356149e-08, 8.61637694527e-09, 7.54637574651e-10], "dvar2": [8.41480186864e-07, 0.000448139093351, 0.000440496311057, 2.79963078356e-05, 3.3944947063e-05, 1.81186078407e-05, 8.86064390215e-06, 1.74221640918e-05, 7.92155515228e-06, 4.70842479672e-07, 5.15483861818e-07, 7.87444662365e-07, 5.03950218445e-07, 5.7909841189e-07, 9.19476235595e-07, 5.01382153573e-08, 1.37116614951e-07, 1.49183598808e-08, 2.30513297339e-08, 3.8815393566e-08, 4.62124027933e-08, 3.60060319338e-08, 3.04826741626e-08, 2.84726944244e-08, 4.5213564448e-08, 2.1491619151e-08, 1.86410087366e-09], "max": [0.0109005663544, 0.157362923026, 0.202685952187, 0.0616091117263, 0.0615661330521, 0.0443798899651, 0.0654539763927, 0.118471421301, 0.126398056746, 0.0356634147465, 0.0225204825401, 0.0337166599929, 0.0170312821865, 0.0338753126562, 0.0160675812513, 0.00372091354802, 0.00375855481252, 0.00127429084387, 0.00206618569791, 0.00303728552535, 0.00282263429835, 0.00273814145476, 0.00215340941213, 0.00239506899379, 0.00404086057097, 0.00185486464761, 0.000434034474893], "mean": [0.000174725064426, 0.00449059065431, 0.00374912330881, 0.00201322115026, 0.00283859344199, 0.00103210867383, 0.0010776235722, 0.00162663077936, 0.000914212840144, 0.000482156581711, 0.000369715446141, 0.000226822274271, 0.000230908743106, 0.000148255348904, 0.00029968272429, 6.50253641652e-05, 0.000113261143269, 4.3101645133e-05, 4.88627847517e-05, 3.35763397743e-05, 2.74907961284e-05, 3.37895398843e-05, 3.60099547834e-05, 2.63663750957e-05, 4.07066945627e-05, 1.97545632545e-05, 6.33038871456e-06], "median": [1.05065930711e-06, 0.000825221592095, 0.000698754738551, 0.000386863830499, 0.000867007416673, 6.20634746156e-05, 0.000102123914985, 2.0972236598e-05, 3.32129493472e-05, 2.50896337093e-05, 1.70252860698e-05, 1.5259554857e-05, 1.41508789966e-05, 1.66335630638e-05, 1.89940110431e-05, 6.03925309406e-06, 6.71184852763e-06, 4.39400446339e-06, 3.61758816325e-06, 2.96212647299e-06, 1.50031507928e-06, 1.83187762559e-06, 1.16635931136e-06, 6.56435247492e-07, 4.62152371483e-07, 2.42507752546e-07, 5.80072097023e-08], "min": [1.13909085022e-23, 2.9275902992e-23, 9.11275078316e-24, 8.48825299184e-24, 5.29767366401e-23, 5.58528793244e-23, 3.7731674636e-23, 9.6810114694e-23, 1.07761024982e-22, 1.02255028299e-22, 2.05319528862e-22, 1.6079144834e-22, 1.13565501388e-22, 5.67196291999e-23, 2.78681157045e-22, 8.38838903881e-23, 2.07062457078e-22, 3.12934583022e-22, 2.66139101689e-22, 2.21109103683e-22, 3.09191116171e-22, 5.11538507443e-22, 6.38576566646e-22, 9.59941182358e-22, 1.12417692363e-21, 1.67859139704e-21, 3.17070748618e-21], "var": [3.30170593088e-07, 0.000133177934913, 0.000130160609842, 2.04716234293e-05, 2.46923882514e-05, 8.25836104923e-06, 1.01142604763e-05, 6.07389047218e-05, 2.94582005154e-05, 1.92359630091e-06, 1.19980143154e-06, 9.55187033469e-07, 6.13059967236e-07, 5.50523793663e-07, 1.27885118673e-06, 4.8740044889e-08, 1.0731482547e-07, 1.13151550352e-08, 2.12933866095e-08, 1.30335866544e-08, 1.31178614637e-08, 1.58760098401e-08, 1.56905617388e-08, 1.33229391963e-08, 2.66107669233e-08, 8.98902108304e-09, 7.0603090041e-10]}, "erbbands": {"dmean": [0.0644032880664, 0.971054852009, 3.75130605698, 3.44214653969, 6.15019035339, 4.10331344604, 2.85266470909, 5.58874320984, 7.0966796875, 9.83703517914, 10.3177604675, 6.70216178894, 6.44885349274, 4.88004970551, 6.86352109909, 4.50619459152, 6.27319526672, 4.54021453857, 5.96161031723, 6.29492378235, 2.09100365639, 3.13746762276, 2.04640889168, 1.25918161869, 1.55590319633, 1.45180010796, 1.17068171501, 0.997945249081, 1.07011961937, 0.911560058594, 0.819162964821, 0.580447733402, 0.401015073061, 0.440671533346, 0.24379491806, 0.0928240269423, 0.0366805717349, 0.0112561266869, 0.00107464031316, 4.23434576078e-05], "dmean2": [0.112214237452, 1.68292450905, 6.3715763092, 5.55208969116, 10.08314991, 6.77256345749, 4.53497505188, 9.50324821472, 10.964717865, 14.1556587219, 14.7131090164, 8.63263225555, 8.01163768768, 6.50511217117, 8.80508232117, 6.48835468292, 8.89636516571, 6.7545671463, 8.72273254395, 9.00831413269, 3.07852101326, 4.73530721664, 3.09446263313, 1.99260652065, 2.36366391182, 2.42208266258, 1.8961366415, 1.64002919197, 1.6780115366, 1.38428878784, 1.19717848301, 0.858405470848, 0.605714321136, 0.661926150322, 0.367812901735, 0.145534574986, 0.0573294721544, 0.0174683127552, 0.00168514647521, 6.60831792629e-05], "dvar": [0.0440854355693, 12.5377397537, 201.388137817, 101.712188721, 267.900726318, 87.9873962402, 76.4476928711, 731.692687988, 852.835449219, 2695.26855469, 3844.27563477, 1628.08117676, 950.559936523, 163.114974976, 526.393859863, 668.333435059, 531.986755371, 822.104309082, 519.186401367, 564.221984863, 80.5926818848, 108.380470276, 39.0867118835, 23.1389026642, 27.8715190887, 36.5912361145, 27.760477066, 28.1436901093, 20.0757217407, 13.9473323822, 9.5530834198, 6.18559122086, 2.98068928719, 3.11288356781, 0.891150295734, 0.191902339458, 0.0271939989179, 0.00207321206108, 2.12200229726e-05, 2.75800289273e-08], "dvar2": [0.124658346176, 34.406036377, 548.56463623, 262.689666748, 698.877685547, 243.778045654, 194.021438599, 2073.71606445, 2154.30493164, 5007.75439453, 6752.84179688, 2292.06103516, 1399.3380127, 307.96307373, 1063.74475098, 1371.96105957, 994.310302734, 1776.97973633, 1251.80688477, 1167.92370605, 176.912506104, 248.755447388, 88.5031585693, 60.4998016357, 61.4361152649, 102.229766846, 75.1575317383, 77.6724624634, 52.1471405029, 34.4054374695, 22.7082233429, 14.9950256348, 7.10003042221, 7.40369033813, 2.09633970261, 0.485706478357, 0.0676209330559, 0.00505490740761, 5.32194826519e-05, 6.93998103429e-08], "max": [2.90593481064, 44.0195083618, 203.447052002, 154.61756897, 286.391906738, 157.240493774, 326.351196289, 483.876159668, 1134.88513184, 1810.40454102, 2629.64282227, 2742.42163086, 2074.75512695, 343.634338379, 1064.98034668, 1679.65026855, 524.366760254, 2198.7253418, 908.456604004, 499.550476074, 240.555847168, 159.097869873, 104.796051025, 168.509567261, 102.195350647, 155.356430054, 120.635848999, 137.586425781, 92.3723831177, 93.2884750366, 67.4664459229, 45.9114189148, 40.3173904419, 45.7932395935, 26.8629589081, 10.3376083374, 2.65848827362, 0.785344779491, 0.0789972171187, 0.00287914229557], "mean": [0.101473130286, 1.12529587746, 4.17970228195, 5.16642522812, 10.1104631424, 8.58267784119, 6.41981506348, 8.93988513947, 15.752822876, 30.9230384827, 24.0861148834, 17.9748897552, 19.707660675, 12.0964899063, 17.8999252319, 10.7382078171, 11.6861658096, 8.22784042358, 11.9509401321, 10.6595373154, 3.89137363434, 5.83674478531, 3.4163711071, 1.99977231026, 2.47229099274, 1.72205042839, 1.25493383408, 1.00150585175, 1.19738590717, 1.14979660511, 0.99004393816, 0.640900850296, 0.432210028172, 0.486169785261, 0.26867094636, 0.0891772657633, 0.0351039022207, 0.0110196936876, 0.00100948871113, 5.42833513464e-05], "median": [0.00623619090766, 0.274918675423, 0.997815966606, 1.53333818913, 2.64597821236, 2.41055440903, 0.834003925323, 0.703917920589, 1.43022584915, 1.7252933979, 0.714612722397, 0.925557255745, 0.798064649105, 0.841795146465, 0.911735832691, 0.703498661518, 0.777375757694, 0.905890166759, 1.02498424053, 0.674219667912, 0.371394097805, 0.387705922127, 0.312684118748, 0.184375584126, 0.20998981595, 0.138228699565, 0.0903704762459, 0.0484976544976, 0.0622720308602, 0.0514450408518, 0.031465459615, 0.0175986308604, 0.00879584625363, 0.00494173308834, 0.00316045177169, 0.00118373287842, 0.000407546875067, 8.08369513834e-05, 1.36207227115e-05, 8.68558163347e-06], "min": [1.60082157626e-21, 3.28966195515e-21, 1.18318743519e-20, 1.83286292389e-20, 3.46755017511e-20, 1.77531532244e-19, 5.57821912278e-19, 4.37314208136e-19, 6.48919778428e-19, 7.04285871958e-19, 2.38398332903e-18, 1.8542806462e-18, 2.55278876497e-18, 8.15413637467e-18, 6.77451698617e-18, 4.93083934786e-18, 5.8866109769e-18, 3.21957822957e-18, 7.4971589265e-18, 1.2235734203e-17, 6.15648609637e-18, 1.21859015342e-17, 1.50789069968e-17, 1.59631564542e-17, 1.35326235362e-17, 1.22625381636e-17, 1.26415978152e-17, 1.4038793551e-17, 1.3553236877e-17, 2.4810776239e-17, 1.64429360987e-17, 1.92712287404e-17, 1.59944553142e-17, 1.06403302761e-17, 8.07959416659e-18, 5.61608817501e-18, 3.29696180306e-18, 1.41631001855e-18, 4.12083932833e-19, 5.26352730602e-20], "var": [0.0513537041843, 9.73910808563, 154.288162231, 122.918945312, 443.319824219, 220.931610107, 206.806335449, 813.252868652, 1977.51025391, 16136.7363281, 15763.1513672, 9163.515625, 7702.77832031, 736.447631836, 2796.14672852, 1879.1953125, 1414.79846191, 1356.18383789, 1778.62219238, 1557.00964355, 159.730560303, 233.223098755, 81.0046386719, 31.5806999207, 55.2482376099, 35.1368179321, 22.7778720856, 20.6661090851, 20.6505584717, 18.0511875153, 11.5175676346, 6.75916147232, 3.60980796814, 3.88438773155, 1.21006727219, 0.212497189641, 0.0275515988469, 0.00205711671151, 1.91370927496e-05, 2.64364281577e-08]}, "gfcc": {"mean": [-149.657608032, 125.963760376, -91.5323028564, 19.7585945129, -40.2271728516, 7.03214359283, -30.9795627594, -4.1997590065, -21.4940490723, -5.07471513748, -16.6821708679, -5.01257991791, -14.5088996887], "cov": [[30999.6132812, -207.901184082, 74.4240722656, 304.810302734, -1184.06628418, 1350.91564941, -1141.48950195, 873.492980957, -332.349090576, 317.432739258, -408.787994385, 251.898010254, -269.44708252], [-207.901184082, 2773.21240234, -423.600921631, -64.1695785522, 381.487701416, -354.023071289, 273.467376709, -296.966278076, 53.7820625305, -189.002731323, 27.7173271179, -205.853134155, 1.65751183033], [74.4240722656, -423.600921631, 1427.03405762, 270.211761475, 145.064224243, 315.422729492, -8.63562870026, 65.9861831665, 115.252845764, 131.012069702, -8.25033664703, 54.1218299866, -36.0224304199], [304.810302734, -64.1695785522, 270.211761475, 620.198852539, 281.31918335, 44.4945373535, 21.9077510834, -69.1342544556, 26.9532909393, 62.441783905, -57.4159240723, -16.0794277191, 47.2141342163], [-1184.06628418, 381.487701416, 145.064224243, 281.31918335, 494.008575439, -29.5925636292, 124.646141052, -108.946578979, 27.0753173828, -8.37404727936, -19.2456264496, -46.0062217712, 66.5098190308], [1350.91564941, -354.023071289, 315.422729492, 44.4945373535, -29.5925636292, 348.147583008, -16.4442520142, 109.596061707, -0.607945024967, 37.3687477112, -6.71287965775, 37.6615257263, -18.803604126], [-1141.48950195, 273.467376709, -8.63562870026, 21.9077510834, 124.646141052, -16.4442520142, 285.452453613, -36.2474975586, 20.9611186981, -19.6814403534, 32.5456466675, -41.428943634, -8.07438659668], [873.492980957, -296.966278076, 65.9861831665, -69.1342544556, -108.946578979, 109.596061707, -36.2474975586, 202.961380005, 24.2450866699, 19.2848987579, 22.0362930298, 26.8655109406, -16.0433044434], [-332.349090576, 53.7820625305, 115.252845764, 26.9532909393, 27.0753173828, -0.607945024967, 20.9611186981, 24.2450866699, 155.76651001, 50.2036361694, -3.25121831894, -23.71367836, -8.42021274567], [317.432739258, -189.002731323, 131.012069702, 62.441783905, -8.37404727936, 37.3687477112, -19.6814403534, 19.2848987579, 50.2036361694, 135.020614624, -2.18282079697, -0.814730882645, -11.0593738556], [-408.787994385, 27.7173271179, -8.25033664703, -57.4159240723, -19.2456264496, -6.71287965775, 32.5456466675, 22.0362930298, -3.25121831894, -2.18282079697, 112.038024902, 32.9329376221, 0.266746461391], [251.898010254, -205.853134155, 54.1218299866, -16.0794277191, -46.0062217712, 37.6615257263, -41.428943634, 26.8655109406, -23.71367836, -0.814730882645, 32.9329376221, 120.401947021, 24.9900226593], [-269.44708252, 1.65751183033, -36.0224304199, 47.2141342163, 66.5098190308, -18.803604126, -8.07438659668, -16.0433044434, -8.42021274567, -11.0593738556, 0.266746461391, 24.9900226593, 90.3743515015]], "icov": [[9.4781658845e-05, -0.000188200108823, 7.8751516412e-05, -0.000190229446162, 0.000212654602365, -0.000355976691935, 0.000279716186924, -0.000410359964008, 0.000321236468153, -0.000361628917744, 0.000403019133955, -0.000292136304779, 0.000203654519282], [-0.000188200108823, 0.00101871683728, -8.66139671416e-05, 0.000554995029233, -0.000803232716862, 0.000895909208339, -0.000695416936651, 0.00141352438368, -0.00108443736099, 0.00146932632197, -0.00119773449842, 0.00127377209719, -0.000207845543628], [7.8751516412e-05, -8.66139671416e-05, 0.0011907821754, -0.000386304658605, -0.000251154880971, -0.00116511562373, 0.000356634962372, -0.000146878592204, -0.000461524061393, -0.000653775874525, 0.000227607015404, -0.000834238599055, 0.000968044158071], [-0.000190229446162, 0.000554995029233, -0.000386304658605, 0.00302525027655, -0.00184566958342, 0.000572471180931, -0.000440172065282, 0.00132791686337, -0.00054538808763, -0.000192175953998, 6.56349147903e-05, 0.000651047274005, -0.000892531883437], [0.000212654602365, -0.000803232716862, -0.000251154880971, -0.00184566958342, 0.00466288579628, -0.000859745778143, -0.000542398949619, -0.000103899918031, 0.000597100588493, -0.000454217399238, 0.000869931594934, 0.000277691462543, -0.00224380730651], [-0.000355976691935, 0.000895909208339, -0.00116511562373, 0.000572471180931, -0.000859745778143, 0.0060073165223, -0.00148868281394, -0.00065828487277, -0.000147889106302, 0.00114697299432, -0.000670577283017, 0.000511753547471, -0.000221431488171], [0.000279716186924, -0.000695416936651, 0.000356634962372, -0.000440172065282, -0.000542398949619, -0.00148868281394, 0.00547714438289, -0.000835425162222, 0.000407871440984, -0.000511918507982, -0.000700899923686, 0.000283381261397, 0.00154836568981], [-0.000410359964008, 0.00141352438368, -0.000146878592204, 0.00132791686337, -0.000103899918031, -0.00065828487277, -0.000835425162222, 0.00968346185982, -0.00347189162858, 0.00231285300106, -0.00345058157109, 0.00170309154782, -0.000919004145544], [0.000321236468153, -0.00108443736099, -0.000461524061393, -0.00054538808763, 0.000597100588493, -0.000147889106302, 0.000407871440984, -0.00347189162858, 0.00983279012144, -0.00453448761255, 0.00195307494141, 9.54105053097e-05, 0.0003575970768], [-0.000361628917744, 0.00146932632197, -0.000653775874525, -0.000192175953998, -0.000454217399238, 0.00114697299432, -0.000511918507982, 0.00231285300106, -0.00453448761255, 0.0119505533949, -0.00269517628476, 0.00221496704035, 0.000107864711026], [0.000403019133955, -0.00119773449842, 0.000227607015404, 6.56349147903e-05, 0.000869931594934, -0.000670577283017, -0.000700899923686, -0.00345058157109, 0.00195307494141, -0.00269517628476, 0.0133319115266, -0.00543025834486, 0.00113943510223], [-0.000292136304779, 0.00127377209719, -0.000834238599055, 0.000651047274005, 0.000277691462543, 0.000511753547471, 0.000283381261397, 0.00170309154782, 9.54105053097e-05, 0.00221496704035, -0.00543025834486, 0.0137439733371, -0.00484170252457], [0.000203654519282, -0.000207845543628, 0.000968044158071, -0.000892531883437, -0.00224380730651, -0.000221431488171, 0.00154836568981, -0.000919004145544, 0.0003575970768, 0.000107864711026, 0.00113943510223, -0.00484170252457, 0.0154906129465]]}, "melbands": {"dmean": [0.000781713577453, 0.00174266903196, 0.000698278425261, 0.000366210471839, 0.00010853461572, 0.000124979444081, 0.000105568142317, 0.000115466631541, 8.13195074443e-05, 4.3022675527e-05, 3.2284471672e-05, 2.09966983675e-05, 2.10645666812e-05, 1.47924829434e-05, 1.53683649842e-05, 1.07860541902e-05, 8.54719201016e-06, 7.93197978055e-06, 1.30996186272e-05, 4.79461050418e-06, 2.29590159506e-06, 3.0943422189e-06, 3.97321036871e-06, 1.14317515454e-06, 1.05089702629e-06, 1.30667763187e-06, 1.03527793271e-06, 9.76215346782e-07, 7.28765314761e-07, 6.66301218644e-07, 5.81984465953e-07, 6.38764731775e-07, 5.43653072782e-07, 5.1415361213e-07, 4.88410648813e-07, 4.68222822292e-07, 3.09339753812e-07, 2.79294738448e-07, 2.91945553954e-07, 4.05849675644e-07], "dmean2": [0.00135402625892, 0.00296452525072, 0.00112239399459, 0.00060170434881, 0.000173367458046, 0.000211510938243, 0.000163126343978, 0.000162688127602, 0.000115160830319, 5.41221597814e-05, 3.9848342567e-05, 2.7571022656e-05, 2.81251741399e-05, 2.02600112971e-05, 2.1268873752e-05, 1.59093233378e-05, 1.28485653477e-05, 1.15191842269e-05, 1.9381470338e-05, 6.98267649568e-06, 3.46925980921e-06, 4.67939753435e-06, 6.20840410193e-06, 1.84365762834e-06, 1.71000158389e-06, 1.9240826532e-06, 1.66930635714e-06, 1.64202936048e-06, 1.1969264051e-06, 1.09302061446e-06, 9.64980472418e-07, 1.01347609416e-06, 8.46018565426e-07, 7.91538695921e-07, 7.22312165635e-07, 7.03075727415e-07, 4.68381443852e-07, 4.30144154961e-07, 4.32071857404e-07, 6.2215252683e-07], "dvar": [7.25433756088e-06, 4.25075995736e-05, 3.4212225728e-06, 8.03609339073e-07, 8.54273949358e-08, 3.48940631056e-07, 1.79084437946e-07, 3.74324400809e-07, 2.48446923479e-07, 6.62508625737e-08, 2.40078001923e-08, 3.19558579598e-09, 4.52190773714e-09, 3.59680751849e-09, 4.94635621351e-09, 2.57716692431e-09, 2.51162624032e-09, 8.93430718296e-10, 3.10284464788e-09, 3.3935068644e-10, 1.05629560654e-10, 1.00840176487e-10, 2.25433116618e-10, 1.22217279699e-11, 1.80320168519e-11, 1.9841342111e-11, 1.37240167147e-11, 1.77571412435e-11, 1.07860309226e-11, 1.05579694293e-11, 1.07349632655e-11, 7.38287642826e-12, 4.92287460796e-12, 4.64167723355e-12, 3.29249019541e-12, 3.42978249968e-12, 2.01765427282e-12, 1.59462482281e-12, 1.2803816167e-12, 3.00626732709e-12], "dvar2": [1.99955302378e-05, 0.000115401642688, 8.65389483806e-06, 2.19258390644e-06, 2.22636955982e-07, 9.91163915387e-07, 4.49623513532e-07, 6.65553898216e-07, 4.32253699501e-07, 8.94391902762e-08, 3.47848221338e-08, 5.71468561361e-09, 9.50292999846e-09, 8.19887446823e-09, 9.14400200003e-09, 5.29454258213e-09, 5.38851896437e-09, 2.11355088986e-09, 6.87940016064e-09, 7.65088381538e-10, 2.45393122489e-10, 2.30410579505e-10, 5.42679956528e-10, 3.19156021056e-11, 4.86667928179e-11, 4.25286472705e-11, 3.55441717725e-11, 5.02869725028e-11, 2.93836448229e-11, 2.87180192821e-11, 2.99061192477e-11, 1.9483624783e-11, 1.24802919735e-11, 1.14622469502e-11, 7.81461874377e-12, 8.33276676826e-12, 4.94263180731e-12, 3.86026453858e-12, 2.92449506452e-12, 7.43002881443e-12], "max": [0.0326046124101, 0.0848908275366, 0.026862885803, 0.0149875450879, 0.00868680980057, 0.0106397205964, 0.0152235813439, 0.0245990287513, 0.0206746328622, 0.0147684346884, 0.0103236380965, 0.00196910114028, 0.00317287025973, 0.0026779929176, 0.00317564234138, 0.0031902953051, 0.00371586624533, 0.00128207425587, 0.00132101518102, 0.000337730540195, 0.000357956945663, 0.000212670012843, 0.000260283326497, 6.84963379172e-05, 0.000157610702445, 8.53799501783e-05, 9.26064967643e-05, 0.000108063934022, 7.56632507546e-05, 8.52324737934e-05, 9.56881049206e-05, 5.92210344621e-05, 6.31916991551e-05, 4.70511076855e-05, 4.13689813286e-05, 3.90121567762e-05, 2.80193726212e-05, 2.81871853076e-05, 2.79895084532e-05, 4.31122425653e-05], "mean": [0.00108099950012, 0.00199203030206, 0.00112105824519, 0.000708391075023, 0.000246848911047, 0.000205257034395, 0.000234125036513, 0.000360588892363, 0.000187587545952, 0.000114003618364, 9.67823143583e-05, 4.68322832603e-05, 5.21813599335e-05, 3.44660511473e-05, 3.00844494632e-05, 1.91952240129e-05, 1.48033414007e-05, 1.66032114066e-05, 2.19088087761e-05, 7.54232723921e-06, 3.9051751628e-06, 6.05313834967e-06, 5.61841034141e-06, 1.72655927599e-06, 1.51289543737e-06, 2.01866896532e-06, 1.4071778196e-06, 1.06385130039e-06, 7.78695891768e-07, 6.54676284739e-07, 5.63368701023e-07, 6.6867573878e-07, 6.73315469157e-07, 6.35214291833e-07, 5.86321334595e-07, 5.33853722118e-07, 3.24929885664e-07, 2.87823979761e-07, 3.34895304377e-07, 4.32159907859e-07], "median": [0.000134732021252, 0.000573961879127, 0.000345075852238, 0.000238488486502, 4.13827146986e-05, 1.35289374157e-05, 2.11569094972e-05, 1.45979311128e-05, 4.87337729282e-06, 5.25853101863e-06, 3.3832977806e-06, 3.00193573821e-06, 2.98579197988e-06, 1.81013706424e-06, 1.71683859662e-06, 1.38423160934e-06, 1.56115686423e-06, 1.62447963703e-06, 1.05947242446e-06, 5.83749965699e-07, 3.35998294076e-07, 3.71355412199e-07, 3.37059219646e-07, 2.00400450012e-07, 1.15728440164e-07, 1.40131973581e-07, 1.2070832156e-07, 7.31752507477e-08, 6.07599304203e-08, 2.87367001306e-08, 2.51892053882e-08, 3.05735738948e-08, 3.8288170856e-08, 2.22738840705e-08, 1.65592926038e-08, 1.39410927247e-08, 8.12205858125e-09, 5.59043433768e-09, 4.76304151675e-09, 3.58509444354e-09], "min": [1.05334782294e-23, 5.66089188828e-24, 3.76569813412e-24, 5.50758978755e-24, 1.76892670551e-23, 9.9363862548e-24, 9.01464646326e-24, 1.15250117007e-23, 1.80114520483e-23, 1.32332095271e-23, 1.24182389037e-23, 3.15249391219e-23, 2.67139478291e-23, 1.55295930885e-23, 1.31768588261e-23, 1.11651144231e-23, 5.16561345754e-24, 8.7715069105e-24, 2.40974082247e-23, 6.60621743759e-24, 7.58997629021e-24, 1.14368604388e-23, 1.45855869091e-23, 1.4534732202e-23, 1.29338731012e-23, 8.49575348133e-24, 9.12558160578e-24, 7.37310896103e-24, 8.12876434417e-24, 7.25342377335e-24, 8.72553130808e-24, 7.34811705869e-24, 9.6858582308e-24, 1.51024675069e-23, 9.84908380728e-24, 8.17344937015e-24, 1.31826869304e-23, 1.22426100672e-23, 8.71852622324e-24, 9.30645794502e-24], "var": [6.67478980176e-06, 3.29819522449e-05, 5.14782368555e-06, 1.60303193297e-06, 2.41361618691e-07, 3.9199713342e-07, 4.32607862422e-07, 2.53564121522e-06, 1.16826379326e-06, 3.61369416169e-07, 1.93953866301e-07, 1.31812116777e-08, 2.30371686172e-08, 1.07145936568e-08, 1.51987560315e-08, 4.77873474125e-09, 4.73904337994e-09, 3.92877064215e-09, 8.73173267024e-09, 6.32073837714e-10, 1.76439224342e-10, 2.41483610885e-10, 3.38621297669e-10, 1.84210043053e-11, 2.0668052339e-11, 4.03989168507e-11, 1.89370064768e-11, 1.52117537316e-11, 8.62439286653e-12, 8.25320541076e-12, 7.5196784563e-12, 6.97443405112e-12, 6.3706093352e-12, 5.68335916523e-12, 3.94864219447e-12, 3.84280194471e-12, 2.11993356897e-12, 1.8121076471e-12, 1.77651632554e-12, 3.39191630512e-12]}, "mfcc": {"mean": [-788.497558594, 152.818695068, 16.8450679779, 19.1000328064, 13.3437919617, 11.148396492, 1.6171708107, 3.15868091583, -3.25723552704, 0.0446673296392, -0.741648137569, -5.93495082855, -1.45039486885], "cov": [[17671.765625, 705.439331055, -319.618530273, -195.33631897, -118.776245117, -14.1063756943, -261.7706604, 259.492034912, 71.9029769897, 174.223373413, 33.35887146, 31.8786525726, 367.220550537], [705.439331055, 1904.20300293, -40.1948661804, 64.4437866211, 73.5810394287, 72.288772583, 66.9256744385, 45.2630004883, 19.3326148987, 73.1097564697, 68.8033218384, -21.6478672028, 14.8284883499], [-319.618530273, -40.1948661804, 931.856933594, 112.505691528, 182.177749634, 190.241622925, 58.5548973083, 64.4763793945, 38.1628112793, 9.36201953888, 72.3880081177, 42.8479957581, 46.588394165], [-195.33631897, 64.4437866211, 112.505691528, 551.186584473, 234.229721069, 178.097763062, 49.403503418, -72.6089477539, 97.4540176392, 35.8020820618, -13.7485618591, -3.61844229698, -22.9758911133], [-118.776245117, 73.5810394287, 182.177749634, 234.229721069, 364.560302734, 156.929901123, 37.6734809875, -14.2470035553, 70.7848129272, 6.4869389534, -21.3900661469, -12.8727045059, 0.880898535252], [-14.1063756943, 72.288772583, 190.241622925, 178.097763062, 156.929901123, 268.518463135, 82.2433776855, -8.62628269196, 73.73828125, 29.38139534, 13.0617103577, 2.79610419273, -7.44014024734], [-261.7706604, 66.9256744385, 58.5548973083, 49.403503418, 37.6734809875, 82.2433776855, 204.326797485, 55.1174354553, 2.81586360931, 11.4817304611, 9.53455066681, -0.498422801495, -17.8300933838], [259.492034912, 45.2630004883, 64.4763793945, -72.6089477539, -14.2470035553, -8.62628269196, 55.1174354553, 153.850982666, 5.98031187057, 0.209069058299, 21.7717590332, 3.20704674721, 25.1489105225], [71.9029769897, 19.3326148987, 38.1628112793, 97.4540176392, 70.7848129272, 73.73828125, 2.81586360931, 5.98031187057, 131.491821289, 42.0043525696, -2.35880637169, 5.74748945236, 0.495587587357], [174.223373413, 73.1097564697, 9.36201953888, 35.8020820618, 6.4869389534, 29.38139534, 11.4817304611, 0.209069058299, 42.0043525696, 137.984848022, 50.2502708435, 10.2764186859, -5.08851242065], [33.35887146, 68.8033218384, 72.3880081177, -13.7485618591, -21.3900661469, 13.0617103577, 9.53455066681, 21.7717590332, -2.35880637169, 50.2502708435, 113.614524841, 37.2346343994, 0.126073360443], [31.8786525726, -21.6478672028, 42.8479957581, -3.61844229698, -12.8727045059, 2.79610419273, -0.498422801495, 3.20704674721, 5.74748945236, 10.2764186859, 37.2346343994, 88.2396697998, 20.138458252], [367.220550537, 14.8284883499, 46.588394165, -22.9758911133, 0.880898535252, -7.44014024734, -17.8300933838, 25.1489105225, 0.495587587357, -5.08851242065, 0.126073360443, 20.138458252, 93.801109314]], "icov": [[6.81424789946e-05, -1.85552053154e-05, 4.671800707e-05, -3.73128045794e-06, 2.12508712139e-05, -8.57581908349e-05, 0.000134906542371, -0.00014952289348, 2.94782803394e-05, -0.000103621881863, 3.59336518159e-05, 9.07877802092e-06, -0.000236998384935], [-1.85552053154e-05, 0.000575970974751, 0.000106645522465, -2.7935977414e-05, -0.00013517649495, -8.12684957054e-05, -0.000143000972457, -8.04526425782e-05, 6.08463633398e-05, -0.000131106295157, -0.000448120146757, 0.000317896046909, -0.000164091354236], [4.671800707e-05, 0.000106645522465, 0.00153757247608, -6.98078156347e-06, -0.000524392235093, -0.000972134177573, 0.000220739078941, -0.000688547559548, 0.000288214272587, 0.000247663265327, -0.000960101024248, -0.000228715653066, -0.000748445978388], [-3.73128045794e-06, -2.7935977414e-05, -6.98078156347e-06, 0.00308700045571, -0.00132969755214, -0.000681889243424, -0.000588494585827, 0.00152471847832, -0.00117787369527, -0.000176035609911, 6.36830300209e-05, -8.9268272859e-05, 0.000232129357755], [2.12508712139e-05, -0.00013517649495, -0.000524392235093, -0.00132969755214, 0.00468012411147, -0.00143793481402, 0.000242176829488, -0.00022015448485, -0.000655005627777, 0.000274824327789, 0.00100246199872, 0.000548689684365, -0.000280798849417], [-8.57581908349e-05, -8.12684957054e-05, -0.000972134177573, -0.000681889243424, -0.00143793481402, 0.00734348734841, -0.00269608548842, 0.00167725014035, -0.00261967489496, 0.000217094682739, -0.000880155246705, 0.000398588948883, 0.000239423185121], [0.000134906542371, -0.000143000972457, 0.000220739078941, -0.000588494585827, 0.000242176829488, -0.00269608548842, 0.00735627021641, -0.0037649187725, 0.00202823197469, -0.00085226946976, 0.000939191551879, -0.000692692992743, 0.00152277923189], [-0.00014952289348, -8.04526425782e-05, -0.000688547559548, 0.00152471847832, -0.00022015448485, 0.00167725014035, -0.0037649187725, 0.00992496777326, -0.00249972636811, 0.00118948542513, -0.00213114265352, 0.00137654389255, -0.0021429208573], [2.94782803394e-05, 6.08463633398e-05, 0.000288214272587, -0.00117787369527, -0.000655005627777, -0.00261967489496, 0.00202823197469, -0.00249972636811, 0.011535635218, -0.00364302354865, 0.00247293640859, -0.00154882122297, 0.000368038192391], [-0.000103621881863, -0.000131106295157, 0.000247663265327, -0.000176035609911, 0.000274824327789, 0.000217094682739, -0.00085226946976, 0.00118948542513, -0.00364302354865, 0.010428362526, -0.00523379677907, 0.0010580184171, 0.000158841081429], [3.59336518159e-05, -0.000448120146757, -0.000960101024248, 6.36830300209e-05, 0.00100246199872, -0.000880155246705, 0.000939191551879, -0.00213114265352, 0.00247293640859, -0.00523379677907, 0.0144681828097, -0.00550073524937, 0.00195783213712], [9.07877802092e-06, 0.000317896046909, -0.000228715653066, -8.9268272859e-05, 0.000548689684365, 0.000398588948883, -0.000692692992743, 0.00137654389255, -0.00154882122297, 0.0010580184171, -0.00550073524937, 0.0146344676614, -0.00353728537448], [-0.000236998384935, -0.000164091354236, -0.000748445978388, 0.000232129357755, -0.000280798849417, 0.000239423185121, 0.00152277923189, -0.0021429208573, 0.000368038192391, 0.000158841081429, 0.00195783213712, -0.00353728537448, 0.0136922989041]]}, "spectral_contrast_coeffs": {"dmean": [0.0439961701632, 0.0375240854919, 0.030699852854, 0.0271617490798, 0.0205826535821, 0.0180931668729], "dmean2": [0.0723726823926, 0.0592484548688, 0.0469365268946, 0.0417609736323, 0.0314780026674, 0.0270196739584], "dvar": [0.00145665591117, 0.00122122175526, 0.000765207107179, 0.000598745595198, 0.000349590554833, 0.000304253044305], "dvar2": [0.00397845963016, 0.00279310927726, 0.00162962952163, 0.0013313224772, 0.000740151212085, 0.000626176944934], "max": [-0.350533217192, -0.349241167307, -0.370344370604, -0.532135426998, -0.583658456802, -0.647918879986], "mean": [-0.632096707821, -0.701327502728, -0.752171158791, -0.766314268112, -0.794278085232, -0.795046567917], "median": [-0.633029639721, -0.709373831749, -0.763852119446, -0.767054915428, -0.793975889683, -0.796377778053], "min": [-0.965871930122, -0.96828776598, -0.964011788368, -0.959952652454, -0.958595573902, -0.95995926857], "var": [0.00766232050955, 0.00929650757462, 0.00746042234823, 0.00379116996191, 0.00265700090677, 0.00203581596725]}, "spectral_contrast_valleys": {"dmean": [0.404410392046, 0.356306642294, 0.320503413677, 0.303000718355, 0.337865322828, 0.432430624962], "dmean2": [0.649563193321, 0.548151731491, 0.492499291897, 0.444148540497, 0.453602224588, 0.531899988651], "dvar": [0.152627959847, 0.136070728302, 0.113930590451, 0.110599055886, 0.167737498879, 0.237316191196], "dvar2": [0.33362683653