{"lowlevel": {"average_loudness": 0.911930203438, "barkbands_crest": {"dmean": 1.844835639, "dmean2": 2.92730402946, "dvar": 3.14686989784, "dvar2": 9.27980518341, "max": 26.4128837585, "mean": 10.5149526596, "median": 10.0010595322, "min": 4.05965614319, "var": 9.96436214447}, "barkbands_flatness_db": {"dmean": 0.0228537525982, "dmean2": 0.0390551760793, "dvar": 0.000376069190679, "dvar2": 0.00111952715088, "max": 0.658652305603, "mean": 0.420304745436, "median": 0.421410828829, "min": 0.0453880168498, "var": 0.00749994534999}, "barkbands_kurtosis": {"dmean": 1.27709388733, "dmean2": 2.00570249557, "dvar": 8.23718547821, "dvar2": 22.6661968231, "max": 185.988998413, "mean": 2.20691156387, "median": 1.39164209366, "min": -1.71624624729, "var": 17.6844902039}, "barkbands_skewness": {"dmean": 0.307296097279, "dmean2": 0.468332469463, "dvar": 0.0997963324189, "dvar2": 0.254762560129, "max": 13.5840997696, "mean": 1.04113638401, "median": 1.03286015987, "min": -2.35786581039, "var": 0.597486436367}, "barkbands_spread": {"dmean": 0.953030943871, "dmean2": 1.50127089024, "dvar": 3.76997613907, "dvar2": 10.0909776688, "max": 116.953712463, "mean": 5.00257968903, "median": 3.78487920761, "min": 0.579208850861, "var": 21.4771461487}, "dissonance": {"dmean": 0.0352258197963, "dmean2": 0.0590960420668, "dvar": 0.00102396297734, "dvar2": 0.00275534321554, "max": 0.499999433756, "mean": 0.410076230764, "median": 0.416593343019, "min": 0.00373445544392, "var": 0.00233889045194}, "dynamic_complexity": 3.10732960701, "erbbands_crest": {"dmean": 2.07260656357, "dmean2": 3.22609210014, "dvar": 3.82817173004, "dvar2": 10.8232374191, "max": 28.2045707703, "mean": 11.1677885056, "median": 10.6224536896, "min": 2.01884031296, "var": 12.4093084335}, "erbbands_flatness_db": {"dmean": 0.0133559582755, "dmean2": 0.0217304434627, "dvar": 0.000142908509588, "dvar2": 0.000378572236514, "max": 0.574012219906, "mean": 0.417546540499, "median": 0.423479884863, "min": 0.0493350252509, "var": 0.0050528687425}, "erbbands_kurtosis": {"dmean": 0.850842535496, "dmean2": 1.31457281113, "dvar": 1.20071029663, "dvar2": 2.94232034683, "max": 44.0404624939, "mean": 0.962502241135, "median": 0.496740341187, "min": -1.67116999626, "var": 4.4877743721}, "erbbands_skewness": {"dmean": 0.28020837903, "dmean2": 0.431461960077, "dvar": 0.0627448782325, "dvar2": 0.162445142865, "max": 4.49324083328, "mean": 0.514238059521, "median": 0.511187911034, "min": -1.9523485899, "var": 0.36326238513}, "erbbands_spread": {"dmean": 1.83131027222, "dmean2": 2.83259701729, "dvar": 5.20047807693, "dvar2": 13.0522470474, "max": 96.1369781494, "mean": 10.4985370636, "median": 8.33858108521, "min": 1.19369077682, "var": 51.2428855896}, "hfc": {"dmean": 3.34983682632, "dmean2": 5.32553005219, "dvar": 17.9159870148, "dvar2": 49.8925285339, "max": 77.9969787598, "mean": 17.3078117371, "median": 16.256023407, "min": 1.09887787856e-16, "var": 93.8426361084}, "melbands_crest": {"dmean": 1.94784963131, "dmean2": 3.04073762894, "dvar": 3.79989099503, "dvar2": 10.7400341034, "max": 39.8492698669, "mean": 11.7866096497, "median": 11.1458396912, "min": 1.53562009335, "var": 14.0021343231}, "melbands_flatness_db": {"dmean": 0.0218954253942, "dmean2": 0.0367458760738, "dvar": 0.000413386704167, "dvar2": 0.00118715770077, "max": 0.76578605175, "mean": 0.473945200443, "median": 0.478603541851, "min": 0.0035039850045, "var": 0.0132395764813}, "melbands_kurtosis": {"dmean": 1.45029854774, "dmean2": 2.32132697105, "dvar": 59.2229499817, "dvar2": 188.457885742, "max": 517.943054199, "mean": 2.59278869629, "median": 1.68210554123, "min": -1.60061144829, "var": 47.2662010193}, "melbands_skewness": {"dmean": 0.302854597569, "dmean2": 0.460823237896, "dvar": 0.147816926241, "dvar2": 0.419168293476, "max": 22.111328125, "mean": 1.03679251671, "median": 1.00082397461, "min": -1.91724157333, "var": 0.580672025681}, "melbands_spread": {"dmean": 1.51844930649, "dmean2": 2.39825415611, "dvar": 9.36087989807, "dvar2": 20.0103302002, "max": 159.512283325, "mean": 8.87476348877, "median": 6.65901994705, "min": 1.40718960762, "var": 155.558654785}, "pitch_salience": {"dmean": 0.0450695082545, "dmean2": 0.0711395293474, "dvar": 0.00160767952912, "dvar2": 0.00430136127397, "max": 0.966214537621, "mean": 0.572023332119, "median": 0.578760921955, "min": 0.0124650746584, "var": 0.00879843626171}, "silence_rate_20dB": {"dmean": 0, "dmean2": 0, "dvar": 0, "dvar2": 0, "max": 1, "mean": 1, "median": 1, "min": 1, "var": 0}, "silence_rate_30dB": {"dmean": 0, "dmean2": 0, "dvar": 0, "dvar2": 0, "max": 1, "mean": 1, "median": 1, "min": 1, "var": 0}, "silence_rate_60dB": {"dmean": 0.000715478206985, "dmean2": 0.00143112696242, "dvar": 0.000714949739631, "dvar2": 0.00166764657479, "max": 1, "mean": 0.0667700022459, "median": 0, "min": 0, "var": 0.0623089112341}, "spectral_centroid": {"dmean": 56.5525054932, "dmean2": 89.2617340088, "dvar": 26773.0996094, "dvar2": 46045.6445312, "max": 11606.6748047, "mean": 684.531555176, "median": 542.613342285, "min": 299.231536865, "var": 667891.375}, "spectral_complexity": {"dmean": 1.10708320141, "dmean2": 1.87740015984, "dvar": 1.06146967411, "dvar2": 2.69719839096, "max": 24, "mean": 11.767616272, "median": 12, "min": 0, "var": 14.999165535}, "spectral_decrease": {"dmean": 1.45644862837e-09, "dmean2": 2.33042518616e-09, "dvar": 3.02742665482e-18, "dvar2": 8.78005401802e-18, "max": 3.93802698458e-19, "mean": -7.78181163952e-09, "median": -7.58606866214e-09, "min": -2.59519445933e-08, "var": 1.4518781645e-17}, "spectral_energy": {"dmean": 0.00577878532931, "dmean2": 0.00924806576222, "dvar": 4.75854176329e-05, "dvar2": 0.000137594717671, "max": 0.102501347661, "mean": 0.0309401769191, "median": 0.0301176961511, "min": 1.0251325264e-20, "var": 0.000229147990467}, "spectral_energyband_high": {"dmean": 4.76833838547e-06, "dmean2": 8.42966801429e-06, "dvar": 3.8206107722e-10, "dvar2": 1.12037801259e-09, "max": 0.000878179096617, "mean": 1.03689526441e-05, "median": 2.13686973893e-07, "min": 7.28863895961e-21, "var": 8.75442940362e-10}, "spectral_energyband_low": {"dmean": 2.57371411863e-05, "dmean2": 3.24524626194e-05, "dvar": 1.32457955715e-07, "dvar2": 2.57262684045e-07, "max": 0.0229718089104, "mean": 3.91012399632e-05, "median": 5.35479784958e-07, "min": 2.1886335237e-23, "var": 2.60473200342e-07}, "spectral_energyband_middle_high": {"dmean": 0.00175235106144, "dmean2": 0.00274160178378, "dvar": 1.32523728098e-05, "dvar2": 3.77903488697e-05, "max": 0.0844794511795, "mean": 0.00468033785, "median": 0.0031186833512, "min": 1.14171967555e-21, "var": 3.05964822473e-05}, "spectral_energyband_middle_low": {"dmean": 0.00510930456221, "dmean2": 0.00801579188555, "dvar": 3.82849793823e-05, "dvar2": 0.000112248737423, "max": 0.0961174741387, "mean": 0.0262929573655, "median": 0.0251933131367, "min": 2.02455951154e-22, "var": 0.000189554688404}, "spectral_entropy": {"dmean": 0.100322641432, "dmean2": 0.162928774953, "dvar": 0.00952674914151, "dvar2": 0.0246416982263, "max": 9.82124233246, "mean": 5.68608760834, "median": 5.64500379562, "min": 4.42643690109, "var": 0.330097079277}, "spectral_flux": {"dmean": 0.0130678974092, "dmean2": 0.0213775709271, "dvar": 0.00019694303046, "dvar2": 0.000537679996341, "max": 0.213385075331, "mean": 0.0523640327156, "median": 0.0498539432883, "min": 6.35372102153e-11, "var": 0.000813080521766}, "spectral_kurtosis": {"dmean": 49.4940109253, "dmean2": 86.3945922852, "dvar": 4176.38720703, "dvar2": 12714.9355469, "max": 1030.16003418, "mean": 147.552230835, "median": 103.47076416, "min": -1.25573408604, "var": 19656.6914062}, "spectral_rms": {"dmean": 0.00047534465557, "dmean2": 0.000752606487367, "dvar": 2.57817248439e-07, "dvar2": 7.45358363474e-07, "max": 0.0100000659004, "mean": 0.00522452499717, "median": 0.00542061962187, "min": 3.16248199503e-12, "var": 2.8899166864e-06}, "spectral_rolloff": {"dmean": 104.250473022, "dmean2": 180.448486328, "dvar": 128063.1875, "dvar2": 213266.953125, "max": 19595.2148438, "mean": 977.04510498, "median": 753.662109375, "min": 21.533203125, "var": 3065898.5}, "spectral_skewness": {"dmean": 1.76380217075, "dmean2": 3.09679174423, "dvar": 3.3165102005, "dvar2": 9.54656219482, "max": 24.1955833435, "mean": 7.92932224274, "median": 6.93169260025, "min": -0.100671269, "var": 23.4867973328}, "spectral_spread": {"dmean": 254226.8125, "dmean2": 452331.59375, "dvar": 303643328512, "dvar2": 509500456960, "max": 42065516, "mean": 1229625.75, "median": 839719.8125, "min": 79128.84375, "var": 8997350408190.0}, "spectral_strongpeak": {"dmean": 0.583497643471, "dmean2": 0.967793524265, "dvar": 0.516261458397, "dvar2": 1.29591858387, "max": 10.0648622513, "mean": 1.58658194542, "median": 1.35011148453, "min": 0, "var": 1.26183998585}, "zerocrossingrate": {"dmean": 0.00232018018141, "dmean2": 0.00307096005417, "dvar": 4.11102919315e-05, "dvar2": 4.7788311349e-05, "max": 0.52294921875, "mean": 0.033734139055, "median": 0.02685546875, "min": 0.0078125, "var": 0.00213200855069}, "barkbands": {"dmean": [1.77808949786e-08, 3.18961696166e-07, 1.40810207085e-05, 3.60718913726e-05, 0.00105059926864, 0.00222298549488, 0.00193299620878, 0.00122990063392, 0.00172266503796, 0.00110233109444, 0.00017380596546, 0.000595686840825, 0.000260634318693, 0.000156938476721, 7.21895266906e-05, 4.54904584331e-05, 4.66730271e-05, 5.50024633412e-05, 5.09099372721e-05, 6.72202986607e-06, 2.87267926069e-06, 5.53664619929e-07, 1.44130410717e-07, 1.89505371395e-08, 4.67996130737e-09, 1.38587208376e-09, 1.2959436857e-09], "dmean2": [3.21771480571e-08, 6.02314855769e-07, 1.7486858269e-05, 6.00614148425e-05, 0.00144636514597, 0.00355615653098, 0.00336326239631, 0.00154604890849, 0.0022443078924, 0.0016337572597, 0.000263420632109, 0.000899409176782, 0.000442616204964, 0.000258556567132, 0.000118526935694, 7.55444343667e-05, 8.15063031041e-05, 9.76945739239e-05, 8.34942402435e-05, 1.19323167382e-05, 4.93550714964e-06, 9.61605451266e-07, 2.59533663893e-07, 3.24136379959e-08, 7.96628807365e-09, 2.53503307235e-09, 2.40785968941e-09], "dvar": [2.76336875745e-15, 1.52551304922e-11, 4.08187936785e-08, 4.44251959664e-08, 4.24332392868e-06, 1.63870863616e-05, 1.26323375298e-05, 4.24256677434e-06, 9.04300031834e-06, 1.07827936517e-05, 9.48930392042e-07, 1.61592402037e-06, 6.83236692112e-07, 1.9155466191e-07, 9.47868414869e-08, 1.22072263409e-08, 4.30185593814e-08, 4.12958627294e-08, 6.12938748645e-08, 8.69750882426e-10, 2.11378789472e-10, 7.14051474199e-12, 1.7440945064e-13, 3.44043014428e-15, 2.33960002683e-16, 4.5039794102e-18, 3.15608694768e-18], "dvar2": [7.56451159172e-15, 4.53574400261e-11, 7.89071350482e-08, 1.07818905803e-07, 1.01460746009e-05, 5.34710270585e-05, 4.40978146798e-05, 7.44052977097e-06, 2.12884497159e-05, 3.05468020088e-05, 2.4623373065e-06, 4.70373197459e-06, 2.06773643185e-06, 5.78270203277e-07, 2.57786268776e-07, 3.10667793713e-08, 1.31321314711e-07, 1.24780754618e-07, 1.62600684916e-07, 2.31208163726e-09, 5.97432492366e-10, 1.96721684081e-11, 5.50054088649e-13, 9.72113963762e-15, 6.41974688114e-16, 1.39959836455e-17, 1.03781156763e-17], "max": [1.6547036239e-06, 0.000202703289688, 0.0129856141284, 0.0106064835563, 0.0493931472301, 0.0833055973053, 0.0512924045324, 0.0539291091263, 0.0631882548332, 0.0823026448488, 0.0378911569715, 0.0337872207165, 0.0167491957545, 0.00885427929461, 0.00828075315803, 0.00258217402734, 0.00435632094741, 0.00410510413349, 0.00511503173038, 0.00123191182502, 0.000663657148834, 8.77948405105e-05, 7.67032543081e-06, 1.51019355599e-06, 6.06407127179e-07, 7.81279041462e-08, 3.0555629138e-08], "mean": [1.58306630027e-08, 2.39678854541e-07, 2.1184750949e-05, 7.77969835326e-05, 0.00523329619318, 0.0066750110127, 0.00476093776524, 0.00386079889722, 0.00552062364295, 0.00214004190639, 0.000308889371809, 0.00113432609942, 0.000432243949035, 0.000304481072817, 0.000121629505884, 7.354162517e-05, 6.97600335116e-05, 8.55799808051e-05, 0.000100701210613, 1.18357274914e-05, 5.66486187381e-06, 1.24888003938e-06, 3.09578211954e-07, 5.15960394409e-08, 1.2095579649e-08, 1.78535619622e-09, 1.07760866896e-09], "median": [6.14769923857e-09, 5.64926061486e-08, 2.00285342089e-07, 4.21766162617e-05, 0.00401849951595, 0.00495747802779, 0.00274628237821, 0.00252121314406, 0.00373744801618, 0.000987388542853, 4.5136497647e-05, 0.000626563094556, 7.5132920756e-05, 6.46826956654e-05, 6.24444601272e-06, 7.4021600085e-06, 1.6902426978e-06, 1.14036845389e-06, 7.91362197106e-07, 2.93807204343e-07, 1.18774899249e-07, 1.50646002339e-08, 3.87134280189e-09, 2.01981587011e-09, 1.18244769531e-09, 6.75361155889e-10, 4.67195948595e-10], "min": [2.81034064068e-25, 4.85155885927e-24, 2.85286418777e-24, 2.2708063243e-24, 3.0519681443e-24, 9.65095902435e-24, 1.20923691412e-23, 1.98365637941e-23, 3.13658858307e-23, 2.07220601602e-23, 2.05832348403e-23, 2.2966973703e-23, 2.10678084286e-23, 4.27672704058e-23, 4.63307381304e-23, 6.25395294143e-23, 7.05260266385e-23, 8.01287862615e-23, 1.6017198427e-22, 1.86370446208e-22, 2.34487705008e-22, 3.61475201382e-22, 4.4628590236e-22, 6.12669415263e-22, 1.02157179255e-21, 1.28498650946e-21, 2.00385068846e-21], "var": [2.21735099086e-15, 7.91013955725e-12, 8.06322049129e-08, 7.6617972411e-08, 2.29460147239e-05, 4.50218576589e-05, 3.57661083399e-05, 1.93175765162e-05, 3.91279791074e-05, 1.95808770513e-05, 1.62410424309e-06, 2.93068455903e-06, 1.12343309411e-06, 4.3540822503e-07, 2.21124267341e-07, 2.69702216116e-08, 8.56044550801e-08, 8.27201631637e-08, 1.72645414409e-07, 1.92247440189e-09, 3.86708942646e-10, 3.12488229737e-11, 6.01279768163e-13, 1.60496632938e-14, 1.26156504829e-15, 1.3139757413e-17, 2.58278874464e-18]}, "erbbands": {"dmean": [7.93193157733e-06, 0.000235190454987, 0.00943054165691, 0.0911795422435, 1.17451941967, 3.42195057869, 16.1010570526, 15.8066329956, 33.5110206604, 13.8948640823, 31.7084770203, 29.4446144104, 36.5026130676, 17.7390594482, 13.3156442642, 17.4908847809, 12.5745601654, 7.15379619598, 4.82683515549, 2.99925136566, 2.98008084297, 2.86701631546, 2.335293293, 2.58049559593, 1.92837786674, 0.391199320555, 0.147801294923, 0.0752399638295, 0.0204963721335, 0.00697200326249, 0.00293648825027, 0.000590443611145, 0.000295829871902, 8.15032763057e-05, 2.2855008865e-05, 7.59053091315e-06, 3.10343375531e-06, 9.6617145573e-07, 2.79732967101e-06, 6.54628320262e-06], "dmean2": [1.22026813187e-05, 0.000355077150743, 0.0121738025919, 0.132668688893, 1.71381676197, 5.1398525238, 25.5675640106, 22.9404773712, 58.1711616516, 18.9667949677, 40.9582176208, 39.9140319824, 49.2558708191, 26.370672226, 19.9757099152, 27.1909561157, 20.8976917267, 11.7412080765, 8.0375957489, 4.7816286087, 4.92070627213, 4.99992799759, 4.11791801453, 4.32512760162, 3.15603327751, 0.686955153942, 0.255635529757, 0.128932207823, 0.0350654348731, 0.0124609582126, 0.00526022352278, 0.00103113346267, 0.000514229875989, 0.000137769500725, 3.89720989915e-05, 1.31119595608e-05, 5.3033727454e-06, 1.70135581357e-06, 4.46590502179e-06, 1.04776217995e-05], "dvar": [2.41916575661e-09, 6.72554597259e-06, 0.0156842656434, 0.448073089123, 10.895075798, 57.3015098572, 980.930480957, 564.716491699, 3651.47460938, 591.367492676, 2717.25708008, 4012.47973633, 5845.58251953, 2235.19165039, 1414.14294434, 1431.44384766, 1389.62084961, 480.093566895, 274.398742676, 176.877578735, 53.1377182007, 125.468414307, 62.5402832031, 107.959953308, 125.774993896, 3.62642121315, 0.754217326641, 0.0966705679893, 0.00620272941887, 0.00046835836838, 0.000118132877105, 3.18908178087e-06, 1.14013016628e-06, 8.90333708981e-08, 4.72696592979e-09, 1.67662481121e-10, 1.25498960182e-11, 1.34285941741e-12, 1.09987774097e-11, 6.0916709177e-11], "dvar2": [5.35037569804e-09, 1.50774430949e-05, 0.0306065510958, 0.927036345005, 39.5646858215, 135.671432495, 2669.99243164, 1707.26794434, 13039.5234375, 1067.04663086, 5650.40185547, 9508.96875, 15417.4238281, 6524.37304688, 3807.48828125, 4233.62646484, 4105.11767578, 1472.82580566, 800.015197754, 434.358276367, 133.231399536, 388.395202637, 194.92767334, 286.472961426, 326.324981689, 9.18272304535, 2.10228586197, 0.280644804239, 0.0169141013175, 0.00144714035559, 0.000365623331163, 9.26935263124e-06, 3.28383703163e-06, 2.45030264523e-07, 1.27518759996e-08, 4.8262577268e-10, 3.74715918017e-11, 4.16674333925e-12, 3.1305506798e-11, 1.7550093323e-10], "max": [0.00239830138162, 0.121021173894, 7.78095436096, 40.5795288086, 86.9111175537, 181.920959473, 606.455505371, 488.021911621, 885.997009277, 1031.03771973, 1011.2902832, 1481.4074707, 1892.04663086, 1151.78393555, 1361.74694824, 877.750183105, 665.54296875, 492.984649658, 497.308502197, 416.126617432, 177.478637695, 227.636734009, 172.691314697, 267.762023926, 363.027954102, 79.9688873291, 42.0717506409, 8.74679088593, 2.89175415039, 0.704502284527, 0.347787231207, 0.0498349182308, 0.0414220392704, 0.0123111121356, 0.00348026165739, 0.00054565561004, 7.50020408304e-05, 2.33215232583e-05, 5.23603703186e-05, 0.000118829972052], "mean": [2.83419667539e-05, 0.000477679510368, 0.0175992362201, 0.321850597858, 8.32366275787, 14.2833890915, 36.7951812744, 62.9967346191, 81.1834945679, 55.5673789978, 104.520195007, 93.0454025269, 101.247924805, 38.2152633667, 27.2358970642, 34.2215499878, 23.1447715759, 13.8773326874, 9.08602237701, 5.34073114395, 4.9616394043, 4.65373563766, 4.01644086838, 4.91433429718, 4.01583862305, 0.763680636883, 0.28788626194, 0.168523147702, 0.0474064052105, 0.0146761294454, 0.00710938638076, 0.00167004263494, 0.000801925372798, 0.000241214671405, 7.56529916544e-05, 2.81812936009e-05, 1.27184957819e-05, 3.04313084598e-06, 1.52774355229e-05, 3.51803028025e-05], "median": [2.14060837607e-05, 0.000221864363994, 0.00417256029323, 0.211119666696, 6.92684173584, 10.3174304962, 19.4939823151, 49.902973175, 55.1502037048, 32.1840324402, 70.075012207, 56.3095703125, 73.4519348145, 20.245470047, 14.2566833496, 19.1672801971, 5.79758262634, 3.72417330742, 1.2226498127, 0.765693306923, 0.641850948334, 0.27935808897, 0.151803776622, 0.0768727660179, 0.0403492823243, 0.0158909447491, 0.00746139511466, 0.00228764698841, 0.000701698823832, 0.000249044445809, 0.000120199438243, 7.09240193828e-05, 5.31123732799e-05, 3.79607226932e-05, 2.90644366032e-05, 2.09950958379e-05, 1.18471052701e-05, 2.68637245426e-06, 1.49792240336e-05, 3.43434949173e-05], "min": [1.28570822252e-22, 9.84612308609e-22, 4.59298860976e-21, 7.36662011939e-21, 1.49588812158e-20, 1.42809146154e-20, 5.328193766e-20, 9.80088567699e-20, 1.56830975523e-19, 1.70155459324e-19, 3.64653189714e-19, 7.23393485614e-19, 5.08360492454e-19, 9.89364157497e-19, 8.347347361e-19, 1.00878573789e-18, 1.24781580931e-18, 2.6720771015e-18, 2.43317203775e-18, 2.47811234684e-18, 3.27850740359e-18, 4.97421711277e-18, 5.27952699532e-18, 7.92491635513e-18, 9.36049658002e-18, 9.21521057723e-18, 8.94638928586e-18, 1.08933151946e-17, 1.17693813542e-17, 1.30562196157e-17, 1.07228597402e-17, 1.22111810009e-17, 1.0533055704e-17, 8.3448511367e-18, 7.47849855906e-18, 4.74309416423e-18, 2.18560411824e-18, 1.02898538506e-18, 2.55228542557e-19, 2.6040190136e-20], "var": [4.17273948727e-09, 1.04048349385e-05, 0.0306285396218, 0.901465296745, 55.0769233704, 229.416992188, 2713.6328125, 3239.96459961, 7746.74609375, 5016.22070312, 12224.8876953, 16229.9101562, 13657.3847656, 4219.53320312, 2605.07080078, 2494.13671875, 2599.55932617, 1019.80041504, 623.88659668, 439.67376709, 119.517570496, 273.895629883, 138.175323486, 281.769287109, 400.74621582, 8.96709918976, 1.43979036808, 0.294520527124, 0.0255508087575, 0.00123597471975, 0.000445346493507, 1.3900362319e-05, 4.91658329338e-06, 4.50210620784e-07, 2.95519360094e-08, 9.97604110431e-10, 5.37710327653e-11, 3.9757580908e-12, 5.59560731084e-11, 2.96266122746e-10]}, "gfcc": {"mean": [-191.429397583, 211.824188232, -158.076797485, -81.0111312866, -72.478477478, -58.7240905762, -35.7412910461, -31.2818717957, -27.2709197998, -24.5048427582, -9.53565502167, -15.7304573059, -2.72130179405], "cov": [[18702.1953125, 1352.73388672, -3858.81469727, 1467.10876465, -755.171203613, -1030.01159668, 28.8161506653, -811.235839844, -27.5619239807, -449.153411865, 125.740623474, -329.391174316, 1.86344611645], [1352.73388672, 2127.14526367, 969.907836914, -1262.26159668, 225.201858521, -173.98500061, -168.194412231, -73.585319519, -186.75958252, -143.873916626, -100.242683411, -71.4888076782, 55.8071289062], [-3858.81469727, 969.907836914, 2253.20507812, -1069.50463867, 183.709197998, 306.756195068, -127.484992981, 151.395751953, -121.562171936, -41.9790725708, -54.7491149902, 64.6057510376, 74.0629730225], [1467.10876465, -1262.26159668, -1069.50463867, 1304.56530762, -183.272842407, -27.7407016754, 151.889205933, -97.4673614502, 120.587760925, 12.6515769958, 61.9533653259, -9.80435943604, -53.2747650146], [-755.171203613, 225.201858521, 183.709197998, -183.272842407, 300.107910156, -16.5256595612, -22.4752006531, 42.6883964539, -20.6213817596, 39.3247299194, -43.8459014893, -9.18343734741, 5.77299022675], [-1030.01159668, -173.98500061, 306.756195068, -27.7407016754, -16.5256595612, 214.301239014, 8.9516620636, 20.2217693329, -9.4929189682, -10.7162895203, 10.6482801437, 18.8977909088, 3.32400369644], [28.8161506653, -168.194412231, -127.484992981, 151.889205933, -22.4752006531, 8.9516620636, 99.2146606445, -9.58586120605, 9.62449264526, 1.63782691956, -6.29466438293, -1.15292882919, -18.8004417419], [-811.235839844, -73.585319519, 151.395751953, -97.4673614502, 42.6883964539, 20.2217693329, -9.58586120605, 106.38394165, 12.231171608, 16.7528076172, -13.3509778976, 3.38348197937, -0.523398697376], [-27.5619239807, -186.75958252, -121.562171936, 120.587760925, -20.6213817596, -9.4929189682, 9.62449264526, 12.231171608, 79.4327163696, 18.6744823456, -6.14086532593, -2.93971943855, -18.1174278259], [-449.153411865, -143.873916626, -41.9790725708, 12.6515769958, 39.3247299194, -10.7162895203, 1.63782691956, 16.7528076172, 18.6744823456, 89.4073867798, 11.8090000153, -8.86684703827, -14.5861730576], [125.740623474, -100.242683411, -54.7491149902, 61.9533653259, -43.8459014893, 10.6482801437, -6.29466438293, -13.3509778976, -6.14086532593, 11.8090000153, 75.5982284546, 17.5972118378, -13.544342041], [-329.391174316, -71.4888076782, 64.6057510376, -9.80435943604, -9.18343734741, 18.8977909088, -1.15292882919, 3.38348197937, -2.93971943855, -8.86684703827, 17.5972118378, 80.7255325317, 22.7064285278], [1.86344611645, 55.8071289062, 74.0629730225, -53.2747650146, 5.77299022675, 3.32400369644, -18.8004417419, -0.523398697376, -18.1174278259, -14.5861730576, -13.544342041, 22.7064285278, 76.1889724731]], "icov": [[0.000446542660939, -0.00150239490904, 0.000848905649036, -0.00112782325596, 0.000927014742047, -0.000328468275256, 0.000172757980181, -0.00026331609115, -0.000425029284088, 8.06170937722e-05, -0.0009222808294, 0.000313706230372, -0.000882461608853], [-0.00150239490904, 0.011821269989, -0.00455194758251, 0.00925186369568, -0.00584588991478, 0.00858702417463, -0.000106214596599, 0.0106590641662, 0.00312787061557, 0.00979699753225, 0.00270163058303, 0.00550017924979, 0.00384792219847], [0.000848905649036, -0.00455194758251, 0.00311591709033, -0.00281933299266, 0.00226175435819, -0.00387096405029, 0.000517381296959, -0.00351511314511, -0.000871921074577, -0.00212106271647, -0.00135023589246, -0.00149472523481, -0.00199386198074], [-0.00112782325596, 0.00925186369568, -0.00281933299266, 0.00902463961393, -0.00446233246475, 0.00610634125769, -0.00171326182317, 0.00915958266705, 0.000581174041145, 0.00826473068446, 0.000859158288222, 0.00463513471186, 0.00250551314093], [0.000927014742047, -0.00584588991478, 0.00226175435819, -0.00446233246475, 0.00763766048476, -0.00317897158675, 0.000895131553989, -0.00543188350275, 0.000348997389665, -0.00653760926798, 0.00134761538357, -0.00246747443452, -0.0015096955467], [-0.000328468275256, 0.00858702417463, -0.00387096405029, 0.00610634125769, -0.00317897158675, 0.0152863534167, -0.000821657071356, 0.0104551836848, 0.00226790527813, 0.0113778244704, -0.000953450391535, 0.00676873140037, 0.00172477541491], [0.000172757980181, -0.000106214596599, 0.000517381296959, -0.00171326182317, 0.000895131553989, -0.000821657071356, 0.0141519643366, 0.000380516750738, 0.00278218882158, -0.000366656982806, 0.00451889866963, -0.00148830306716, 0.00367371644825], [-0.00026331609115, 0.0106590641662, -0.00351511314511, 0.00915958266705, -0.00543188350275, 0.0104551836848, 0.000380516750738, 0.0262849591672, -0.000724303012248, 0.0128397578374, 0.000843354442623, 0.00874380208552, 0.0020805161912], [-0.000425029284088, 0.00312787061557, -0.000871921074577, 0.000581174041145, 0.000348997389665, 0.00226790527813, 0.00278218882158, -0.000724303012248, 0.0198418498039, -0.0016549093416, 0.00684326002374, -0.00110881391447, 0.00547791458666], [8.06170937722e-05, 0.00979699753225, -0.00212106271647, 0.00826473068446, -0.00653760926798, 0.0113778244704, -0.000366656982806, 0.0128397578374, -0.0016549093416, 0.0295457039028, -0.00587415415794, 0.011841644533, 0.00134905218147], [-0.0009222808294, 0.00270163058303, -0.00135023589246, 0.000859158288222, 0.00134761538357, -0.000953450391535, 0.00451889866963, 0.000843354442623, 0.00684326002374, -0.00587415415794, 0.0226557403803, -0.00728599866852, 0.0077190627344], [0.000313706230372, 0.00550017924979, -0.00149472523481, 0.00463513471186, -0.00246747443452, 0.00676873140037, -0.00148830306716, 0.00874380208552, -0.00110881391447, 0.011841644533, -0.00728599866852, 0.0225132871419, -0.00575933884829], [-0.000882461608853, 0.00384792219847, -0.00199386198074, 0.00250551314093, -0.0015096955467, 0.00172477541491, 0.00367371644825, 0.0020805161912, 0.00547791458666, 0.00134905218147, 0.0077190627344, -0.00575933884829, 0.0196280442178]]}, "melbands": {"dmean": [5.72845557656e-08, 3.42426392308e-06, 3.96403011109e-05, 0.000139198440593, 0.000474600907182, 0.000375102827093, 0.000464595330413, 0.000182531017344, 0.000281254644506, 0.000192462088307, 0.000196646418772, 9.55930445343e-05, 3.55393967766e-05, 7.36567162676e-05, 4.40210387751e-05, 1.85985736607e-05, 1.23291956697e-05, 8.93981632544e-06, 5.28492410012e-06, 2.49323284152e-06, 3.56616055797e-06, 2.33705350183e-06, 3.69503277398e-06, 2.01795501198e-06, 2.1710072815e-06, 2.14522174247e-06, 6.1413709318e-07, 1.8684937686e-07, 8.98775809333e-08, 5.3120999155e-08, 4.54838975372e-08, 1.29126220827e-08, 6.51899556559e-09, 3.54625973031e-09, 2.21302398629e-09, 7.56316398398e-10, 2.69699651501e-10, 2.80597961533e-10, 9.3579304028e-11, 6.46460385223e-11], "dmean2": [1.07428100193e-07, 4.32595243183e-06, 6.16721154074e-05, 0.000200982249225, 0.000746452889871, 0.000563087465707, 0.00081028760178, 0.000227563417866, 0.000371833419194, 0.000252248370089, 0.000267811061349, 0.000142186574521, 5.36051193194e-05, 0.000110211411084, 7.12969704182e-05, 3.09392125928e-05, 2.01886614377e-05, 1.47555274452e-05, 8.57945269672e-06, 3.96212635678e-06, 5.93286904405e-06, 4.07889774579e-06, 6.59922852719e-06, 3.40929204867e-06, 3.62723494618e-06, 3.54779490408e-06, 1.02420005987e-06, 3.38805278943e-07, 1.55502533516e-07, 9.09793484993e-08, 7.79045166155e-08, 2.22564828789e-08, 1.1362171648e-08, 6.38482422488e-09, 3.94773058687e-09, 1.34547994968e-09, 4.59999427438e-10, 4.85255891025e-10, 1.6013990134e-10, 1.09444356355e-10], "dvar": [3.56279160904e-13, 2.32024688351e-09, 2.2501994934e-08, 8.57919246755e-08, 8.00290933967e-07, 3.53541736331e-07, 7.14864825113e-07, 8.6653862752e-08, 2.45390964437e-07, 1.25441928844e-07, 1.844417028e-07, 7.04942664242e-08, 2.26935323866e-08, 2.999177795e-08, 2.05269934384e-08, 2.56867371817e-09, 1.51280099558e-09, 9.26827892211e-10, 5.39294053858e-10, 1.04711704585e-10, 8.49768796995e-11, 1.04400169065e-10, 2.54508608633e-10, 8.12798578442e-11, 8.73164873738e-11, 1.26877813811e-10, 1.75857332169e-11, 1.26536530819e-12, 2.05526310489e-13, 1.46463218073e-13, 3.38380311184e-14, 3.99452182892e-15, 9.42983463091e-16, 1.22381755439e-16, 6.69160131147e-17, 8.63997180847e-18, 8.87061871457e-19, 1.23325712034e-18, 1.08128274191e-19, 6.53187112735e-20], "dvar2": [1.05631508315e-12, 4.48504833273e-09, 7.11145631271e-08, 2.31643582538e-07, 2.14885062633e-06, 1.13030807825e-06, 2.56185012404e-06, 1.40017206718e-07, 5.58240117243e-07, 2.91880581926e-07, 4.95843892168e-07, 2.06523353086e-07, 5.92324198578e-08, 8.86431834601e-08, 6.07601791103e-08, 7.57464135859e-09, 4.64747440532e-09, 2.67412003652e-09, 1.41433775802e-09, 2.55285931283e-10, 2.18385379225e-10, 3.21234178147e-10, 7.94810495197e-10, 2.29370383797e-10, 2.2949959988e-10, 3.44475697966e-10, 4.50171531996e-11, 3.30192448904e-12, 5.97741149112e-13, 4.04437686683e-13, 9.85446804453e-14, 1.11493625476e-14, 2.70882322378e-15, 3.97368857713e-16, 2.08458514088e-16, 2.68109270843e-17, 2.51267278001e-18, 3.53767777196e-18, 3.19529117281e-19, 1.81729202434e-19], "max": [3.02508415189e-05, 0.0030451612547, 0.0056449114345, 0.00866807997227, 0.0167836844921, 0.0122302258387, 0.0121755897999, 0.00942593347281, 0.00890079606324, 0.00808319915086, 0.0107298875228, 0.00652435328811, 0.0060330950655, 0.00487949000672, 0.00396443950012, 0.00100239936728, 0.000889139075298, 0.000744676159229, 0.000558294530492, 0.000352182018105, 0.000212525905226, 0.000237609216128, 0.000423925026553, 0.000225955460337, 0.000251855119132, 0.000273368641501, 0.000147334561916, 5.09694691573e-05, 1.9088090994e-05, 1.79545568244e-05, 4.54507335235e-06, 2.39599330598e-06, 1.18844752706e-06, 2.07627849136e-07, 2.28521898293e-07, 6.9081863785e-08, 3.72157131778e-08, 4.53812951662e-08, 1.01304689082e-08, 9.62913571101e-09], "mean": [4.61884539504e-08, 5.10479003424e-06, 0.000199138623429, 0.000891437695827, 0.00114546646364, 0.00140698044561, 0.00115056033246, 0.000673594186082, 0.000893608492333, 0.000608884205576, 0.000526377989445, 0.000188482372323, 6.91030290909e-05, 0.000134641726618, 7.49469691073e-05, 3.38509926223e-05, 2.31654685194e-05, 1.58984985319e-05, 9.08376659936e-06, 4.17078581449e-06, 5.68129735257e-06, 3.57871317647e-06, 5.61059732718e-06, 3.61958086614e-06, 3.99516557081e-06, 4.26406586485e-06, 1.21283528642e-06, 3.32945944592e-07, 1.64201651387e-07, 9.49429974639e-08, 1.01523170315e-07, 2.86172188169e-08, 1.20685346161e-08, 6.89736134873e-09, 5.01272667819e-09, 1.69241487491e-09, 6.87259360532e-10, 6.59780119427e-10, 2.34570002311e-10, 1.53132811986e-10], "median": [1.32705508804e-08, 7.36347800512e-08, 0.000157737595146, 0.000729213934392, 0.000614079646766, 0.00112425955012, 0.000783451658208, 0.000418220588472, 0.000576017715503, 0.000396618706873, 0.000371755711967, 8.98212529137e-05, 2.74776757578e-05, 6.73995527904e-05, 1.64713001141e-05, 7.76163778937e-06, 5.06424521518e-06, 1.32523666707e-06, 4.86302042191e-07, 6.57919997593e-07, 2.73927696526e-07, 1.06640676734e-07, 1.04276729473e-07, 5.31823936001e-08, 4.59685018939e-08, 2.91803630148e-08, 1.21093055583e-08, 4.50785231365e-09, 4.181887725e-09, 1.44834444438e-09, 1.06599173932e-09, 3.33850558309e-10, 2.08071157526e-10, 9.16186293498e-11, 5.84755507904e-11, 3.55140986064e-11, 2.69458830249e-11, 2.11092913982e-11, 1.50950727612e-11, 1.07633745666e-11], "min": [1.24936605143e-24, 2.58820845382e-24, 1.92236804018e-24, 9.24997392648e-25, 1.52457704012e-24, 2.39144366709e-24, 2.54537212337e-24, 2.10271426489e-24, 3.41395886155e-24, 4.43569978903e-24, 2.33568185071e-24, 3.58015568263e-24, 2.25706693113e-24, 2.37100112559e-24, 1.78029458559e-24, 3.6326650255e-24, 4.58230406624e-24, 3.37069970166e-24, 3.58943860334e-24, 3.03704072661e-24, 3.30089103358e-24, 4.53847219333e-24, 3.87372119661e-24, 4.75051761023e-24, 5.85101328289e-24, 7.05397528182e-24, 3.80466983499e-24, 5.41661953125e-24, 5.11562846957e-24, 4.74497586237e-24, 6.10806124227e-24, 5.40978050163e-24, 5.63236904453e-24, 6.16659038271e-24, 5.21157959363e-24, 6.98231121289e-24, 6.93367872694e-24, 5.78243405453e-24, 6.47328372544e-24, 5.80046938697e-24], "var": [1.86929708908e-13, 4.58239224344e-09, 5.08981585767e-08, 5.9259872387e-07, 2.48056039709e-06, 1.54985389145e-06, 1.57145530011e-06, 6.00881264745e-07, 1.07122184545e-06, 5.38046037946e-07, 4.13565061308e-07, 1.27883737377e-07, 3.91426269175e-08, 5.23381658013e-08, 3.27519167342e-08, 5.42649480906e-09, 3.25466542606e-09, 2.1327837274e-09, 1.27249200066e-09, 2.56400928267e-10, 1.87358809023e-10, 2.35199970611e-10, 5.10569031498e-10, 2.16551832022e-10, 2.22271687167e-10, 3.44385409079e-10, 5.45902767435e-11, 2.93359282179e-12, 3.98504715554e-13, 2.17491267509e-13, 1.18618195778e-13, 1.88547789171e-14, 2.20045861279e-15, 3.43973488905e-16, 2.50246725723e-16, 2.60633956929e-17, 3.39431537769e-18, 4.60277744897e-18, 4.77408117716e-19, 2.78720963092e-19]}, "mfcc": {"mean": [-809.468444824, 227.09979248, -27.2823638916, -48.1667289734, -51.80809021, -45.5333099365, -32.5495491028, -29.0647544861, -31.5318946838, -25.9780960083, -19.8666954041, -20.0982570648, -19.7723026276], "cov": [[6986.82128906, 1449.37402344, -2515.95361328, 847.516174316, -326.35244751, -240.887435913, -20.0603027344, -239.6065979, -390.623840332, -83.2338027954, 77.975440979, -134.860092163, -191.269485474], [1449.37402344, 2046.39611816, 352.108612061, -651.258972168, -119.79536438, -286.431762695, -248.574203491, -181.767837524, -192.289031982, -264.348144531, -264.626922607, -161.232330322, -101.610771179], [-2515.95361328, 352.108612061, 1690.04284668, -609.536987305, -61.4159240723, 41.4187278748, -107.682868958, 38.2258415222, 82.429473877, -110.171516418, -186.405944824, -57.2959365845, 15.5674381256], [847.516174316, -651.258972168, -609.536987305, 673.136352539, 5.02185440063, 83.9107208252, 147.755615234, 31.9760723114, 10.0580463409, 112.684402466, 140.078994751, 26.8209266663, -1.5860325098], [-326.35244751, -119.79536438, -61.4159240723, 5.02185440063, 227.873397827, 30.4061279297, 14.0774364471, 26.8097896576, 29.4091644287, 39.1640815735, 19.4278125763, 38.9239273071, 34.6345977783], [-240.887435913, -286.431762695, 41.4187278748, 83.9107208252, 30.4061279297, 171.612792969, 71.1358947754, 34.7428207397, 35.1716880798, 42.3304138184, 44.0928459167, 10.4656190872, 18.2788124084], [-20.0603027344, -248.574203491, -107.682868958, 147.755615234, 14.0774364471, 71.1358947754, 131.796646118, 38.4963760376, 10.2366800308, 44.9439239502, 44.4247016907, 13.0834331512, 16.4049987793], [-239.6065979, -181.767837524, 38.2258415222, 31.9760723114, 26.8097896576, 34.7428207397, 38.4963760376, 106.012718201, 54.9104499817, -1.21960377693, 19.5943145752, 46.5846977234, 32.3986434937], [-390.623840332, -192.289031982, 82.429473877, 10.0580463409, 29.4091644287, 35.1716880798, 10.2366800308, 54.9104499817, 110.607894897, 37.1981430054, -0.977439820766, 22.6236572266, 27.2470550537], [-83.2338027954, -264.348144531, -110.171516418, 112.684402466, 39.1640815735, 42.3304138184, 44.9439239502, -1.21960377693, 37.1981430054, 161.616577148, 89.9713745117, -21.8220424652, -3.32805132866], [77.975440979, -264.626922607, -186.405944824, 140.078994751, 19.4278125763, 44.0928459167, 44.4247016907, 19.5943145752, -0.977439820766, 89.9713745117, 150.06880188, 49.9736633301, -11.1239347458], [-134.860092163, -161.232330322, -57.2959365845, 26.8209266663, 38.9239273071, 10.4656190872, 13.0834331512, 46.5846977234, 22.6236572266, -21.8220424652, 49.9736633301, 149.193908691, 56.7858390808], [-191.269485474, -101.610771179, 15.5674381256, -1.5860325098, 34.6345977783, 18.2788124084, 16.4049987793, 32.3986434937, 27.2470550537, -3.32805132866, -11.1239347458, 56.7858390808, 113.896034241]], "icov": [[0.00986381899565, -0.0137655558065, 0.013975978829, -0.0134968943894, 0.0131380595267, -0.0120061030611, 0.00995544716716, -0.0103514427319, 0.00942807644606, -0.00810869783163, 0.00724294269457, -0.00416525779292, 0.00191969645675], [-0.0137655558065, 0.0204963423312, -0.0193947013468, 0.019699037075, -0.0183396190405, 0.0176212210208, -0.0136066824198, 0.0149770239368, -0.0121893137693, 0.0122713018209, -0.0097321299836, 0.00661084195599, -0.00242975261062], [0.013975978829, -0.0193947013468, 0.0209061875939, -0.0181043725461, 0.0190397575498, -0.0177929699421, 0.0143558727577, -0.0151826152578, 0.0129513656721, -0.0115376440808, 0.0110172368586, -0.00571218458936, 0.00286337989382], [-0.0134968943894, 0.019699037075, -0.0181043725461, 0.0221378579736, -0.0174416191876, 0.016457863152, -0.0154472570866, 0.0144601846114, -0.0130372783169, 0.0116104921326, -0.0107043674216, 0.00656334217638, -0.00239425781183], [0.0131380595267, -0.0183396190405, 0.0190397575498, -0.0174416191876, 0.0228517577052, -0.0170706491917, 0.013850084506, -0.0150220477954, 0.0130449794233, -0.0134814968333, 0.0114936949685, -0.00743772089481, 0.00224156118929], [-0.0120061030611, 0.0176212210208, -0.0177929699421, 0.016457863152, -0.0170706491917, 0.0244380775839, -0.016354072839, 0.0140536716208, -0.0136946840212, 0.0124818263575, -0.0124847944826, 0.00761049427092, -0.00352659635246], [0.00995544716716, -0.0136066824198, 0.0143558727577, -0.0154472570866, 0.013850084506, -0.016354072839, 0.0244336295873, -0.0159935858101, 0.0141347516328, -0.0119586009532, 0.00992588046938, -0.00481230951846, 0.00148326635826], [-0.0103514427319, 0.0149770239368, -0.0151826152578, 0.0144601846114, -0.0150220477954, 0.0140536716208, -0.0159935858101, 0.0299996826798, -0.0199519153684, 0.0162012837827, -0.0137523878366, 0.00498431641608, -0.00424461765215], [0.00942807644606, -0.0121893137693, 0.0129513656721, -0.0130372783169, 0.0130449794233, -0.0136946840212, 0.0141347516328, -0.0199519153684, 0.0293487776071, -0.0180386267602, 0.0167942941189, -0.0087720612064, 0.00334283942357], [-0.00810869783163, 0.0122713018209, -0.0115376440808, 0.0116104921326, -0.0134814968333, 0.0124818263575, -0.0119586009532, 0.0162012837827, -0.0180386267602, 0.0275951251388, -0.0216714832932, 0.0143009265885, -0.00584563054144], [0.00724294269457, -0.0097321299836, 0.0110172368586, -0.0107043674216, 0.0114936949685, -0.0124847944826, 0.00992588046938, -0.0137523878366, 0.0167942941189, -0.0216714832932, 0.0293120723218, -0.0153542971238, 0.00868408381939], [-0.00416525779292, 0.00661084195599, -0.00571218458936, 0.00656334217638, -0.00743772089481, 0.00761049427092, -0.00481230951846, 0.00498431641608, -0.0087720612064, 0.0143009265885, -0.0153542971238, 0.0186662599444, -0.00819905754179], [0.00191969645675, -0.00242975261062, 0.00286337989382, -0.00239425781183, 0.00224156118929, -0.00352659635246, 0.00148326635826, -0.00424461765215, 0.00334283942357, -0.00584563054144, 0.00868408381939, -0.00819905754179, 0.0142549751326]]}, "spectral_contrast_coeffs": {"dmean": [0.0420862026513, 0.0351094231009, 0.0343303643167, 0.0352812297642, 0.0300688352436, 0.0398795008659], "dmean2": [0.0738668367267, 0.0575698576868, 0.054027736187, 0.0579937361181, 0.0508137531579, 0.0711535140872], "dvar": [0.00101903825998, 0.000873254204635, 0.000945718609728, 0.00098008022178, 0.000772346160375, 0.0013856383739], "dvar2": [0.00309211364947, 0.0024271805305, 0.00246865605004, 0.00267664156854, 0.00210083043203, 0.00414521899074], "max": [-0.151575535536, -0.41357716918, -0.397212535143, -0.441056311131, -0.477574676275, -0.506026089191], "mean": [-0.353597581387, -0.689155936241, -0.624934136868, -0.659399926662, -0.706974565983, -0.819554626942], "median": [-0.334854125977, -0.688275277615, -0.623090267181, -0.658497273922, -0.707741618156, -0.828489422798], "min": [-0.985506415367, -0.972893476486, -0.977284312248, -0.990816175938, -0.974722206593, -0.965134739876], "var": [0.0101619139314, 0.0062909591943, 0.00595405511558, 0.00584907596931, 0.00626521464437, 0.00961292628199]}, "spectral_contrast_valleys": {"dmean": [0.674586653709, 0.234039962292, 0.296584278345, 0.350211709738, 0.351808726788, 0.746885180473], "dmean2": [1.19542980194, 0.384149074554, 0.488215595484, 0.596804559231, 0.605209410191, 1.33752095699], "dvar": [0.303661316633, 0.0776998400688, 0.114975832403, 0.154701575637, 0.192634254694, 0.518520236015], "dvar2": [0.864001631737, 0.149924427271, 0.25999