{"lowlevel": {"average_loudness": 0.299313694239, "barkbands_crest": {"dmean": 1.85588562489, "dmean2": 2.96599769592, "dvar": 2.76574873924, "dvar2": 7.18757343292, "max": 25.2944869995, "mean": 11.8070449829, "median": 11.1237955093, "min": 3.55430579185, "var": 13.5702400208}, "barkbands_flatness_db": {"dmean": 0.0226586051285, "dmean2": 0.0370721668005, "dvar": 0.000655056268442, "dvar2": 0.00161914573982, "max": 0.729152262211, "mean": 0.405393481255, "median": 0.412485599518, "min": 0.0438856333494, "var": 0.0110402246937}, "barkbands_kurtosis": {"dmean": 2.63171696663, "dmean2": 4.17551469803, "dvar": 22.0874214172, "dvar2": 54.8485984802, "max": 155.59538269, "mean": 5.88546323776, "median": 2.74819302559, "min": -1.880838871, "var": 118.512374878}, "barkbands_skewness": {"dmean": 0.425163656473, "dmean2": 0.66511297226, "dvar": 0.19451507926, "dvar2": 0.457918733358, "max": 9.67365932465, "mean": 1.47325992584, "median": 1.34613108635, "min": -4.08953619003, "var": 1.3862080574}, "barkbands_spread": {"dmean": 1.08863806725, "dmean2": 1.73836731911, "dvar": 4.25862407684, "dvar2": 10.6860294342, "max": 62.3885803223, "mean": 4.47830343246, "median": 3.48543262482, "min": 0.281071007252, "var": 12.0208454132}, "dissonance": {"dmean": 0.0477855280042, "dmean2": 0.0824334099889, "dvar": 0.00203675846569, "dvar2": 0.00578007381409, "max": 0.499999850988, "mean": 0.345416307449, "median": 0.353992640972, "min": 0.10078714788, "var": 0.00545059144497}, "dynamic_complexity": 4.82784366608, "erbbands_crest": {"dmean": 2.55608224869, "dmean2": 4.01886177063, "dvar": 5.88538217545, "dvar2": 13.6943635941, "max": 33.6698226929, "mean": 14.198592186, "median": 12.8599653244, "min": 3.77449774742, "var": 30.4470767975}, "erbbands_flatness_db": {"dmean": 0.01694557257, "dmean2": 0.0261775236577, "dvar": 0.000469320861157, "dvar2": 0.000987470033579, "max": 0.593854606152, "mean": 0.363390982151, "median": 0.38212198019, "min": 0.084207072854, "var": 0.00828289613128}, "erbbands_kurtosis": {"dmean": 1.45392417908, "dmean2": 2.31373739243, "dvar": 8.70725440979, "dvar2": 20.562379837, "max": 111.652008057, "mean": 2.33244132996, "median": 0.822915792465, "min": -1.85563182831, "var": 23.1112709045}, "erbbands_skewness": {"dmean": 0.354471117258, "dmean2": 0.551994562149, "dvar": 0.150568976998, "dvar2": 0.328456789255, "max": 7.58461380005, "mean": 0.483670413494, "median": 0.424571096897, "min": -8.31846523285, "var": 1.10264742374}, "erbbands_spread": {"dmean": 2.50523090363, "dmean2": 3.92996287346, "dvar": 19.7653121948, "dvar2": 50.2731704712, "max": 115.704803467, "mean": 12.0510463715, "median": 9.9359292984, "min": 0.533200323582, "var": 57.5548171997}, "hfc": {"dmean": 1.8621686697, "dmean2": 2.72331166267, "dvar": 19.6868419647, "dvar2": 39.7800827026, "max": 114.386650085, "mean": 6.89561986923, "median": 3.51824831963, "min": 3.51090934103e-09, "var": 88.9637527466}, "melbands_crest": {"dmean": 2.67709445953, "dmean2": 4.40988254547, "dvar": 5.82529401779, "dvar2": 16.7444438934, "max": 33.5630722046, "mean": 15.632900238, "median": 15.2493591309, "min": 2.83552455902, "var": 19.9718341827}, "melbands_flatness_db": {"dmean": 0.0251569766551, "dmean2": 0.0414607487619, "dvar": 0.000821898924187, "dvar2": 0.00205037323758, "max": 0.910985827446, "mean": 0.530714333057, "median": 0.538146078587, "min": 0.0145191038027, "var": 0.0172006860375}, "melbands_kurtosis": {"dmean": 3.6845831871, "dmean2": 5.92551136017, "dvar": 52.5811195374, "dvar2": 134.089309692, "max": 247.870178223, "mean": 8.61932945251, "median": 4.49095726013, "min": -1.93085813522, "var": 222.871109009}, "melbands_skewness": {"dmean": 0.465800255537, "dmean2": 0.737122297287, "dvar": 0.239206761122, "dvar2": 0.592884004116, "max": 10.492058754, "mean": 1.86659049988, "median": 1.76803064346, "min": -2.86095547676, "var": 1.46133863926}, "melbands_spread": {"dmean": 1.3763961792, "dmean2": 2.17652821541, "dvar": 6.19629859924, "dvar2": 12.7199573517, "max": 144.904083252, "mean": 5.75778388977, "median": 4.47101306915, "min": 0.352955788374, "var": 21.4528961182}, "pitch_salience": {"dmean": 0.0582340508699, "dmean2": 0.0959669053555, "dvar": 0.00300520495512, "dvar2": 0.00841730833054, "max": 0.852525353432, "mean": 0.482453763485, "median": 0.489758014679, "min": 0.0678253918886, "var": 0.011990535073}, "silence_rate_20dB": {"dmean": 0, "dmean2": 0, "dvar": 0, "dvar2": 0, "max": 1, "mean": 1, "median": 1, "min": 1, "var": 0}, "silence_rate_30dB": {"dmean": 0.0109256450087, "dmean2": 0.0218526162207, "dvar": 0.0108078503981, "dvar2": 0.0244094859809, "max": 1, "mean": 0.979788780212, "median": 1, "min": 0, "var": 0.0198041107506}, "silence_rate_60dB": {"dmean": 0.0259787552059, "dmean2": 0.0518999621272, "dvar": 0.0253010485321, "dvar2": 0.0567285567522, "max": 1, "mean": 0.132374361157, "median": 0, "min": 0, "var": 0.114870250225}, "spectral_centroid": {"dmean": 43.2821846008, "dmean2": 69.1209716797, "dvar": 3996.26342773, "dvar2": 9262.6640625, "max": 2628.84326172, "mean": 351.82598877, "median": 322.004364014, "min": 127.601226807, "var": 19390.3925781}, "spectral_complexity": {"dmean": 0.883763253689, "dmean2": 1.5250698328, "dvar": 0.893977820873, "dvar2": 2.0391266346, "max": 17, "mean": 7.03143978119, "median": 7, "min": 0, "var": 7.46002531052}, "spectral_decrease": {"dmean": 1.82185411202e-09, "dmean2": 2.9198583551e-09, "dvar": 2.55738817869e-17, "dvar2": 6.4394594554e-17, "max": 2.63930876805e-21, "mean": -5.76631498106e-09, "median": -3.52694407013e-09, "min": -1.21400773878e-07, "var": 5.61755228469e-17}, "spectral_energy": {"dmean": 0.00702739460394, "dmean2": 0.0112388404086, "dvar": 0.00037696401705, "dvar2": 0.000945931766182, "max": 0.465254038572, "mean": 0.0223887227476, "median": 0.0136714782566, "min": 3.08488721764e-13, "var": 0.000844394147862}, "spectral_energyband_high": {"dmean": 9.71105873759e-06, "dmean2": 1.48421413542e-05, "dvar": 3.97407573516e-09, "dvar2": 9.80782122184e-09, "max": 0.00124593928922, "mean": 1.50406831381e-05, "median": 8.4958550417e-08, "min": 2.19559572888e-13, "var": 4.96616436862e-09}, "spectral_energyband_low": {"dmean": 0.00448114797473, "dmean2": 0.00763419037685, "dvar": 0.000251255492913, "dvar2": 0.000696182774846, "max": 0.373459070921, "mean": 0.00919272284955, "median": 0.00482675433159, "min": 4.32702461237e-15, "var": 0.000258602201939}, "spectral_energyband_middle_high": {"dmean": 0.00055617740145, "dmean2": 0.000786154414527, "dvar": 3.72076624444e-06, "dvar2": 6.73427666698e-06, "max": 0.0613822489977, "mean": 0.00115367933176, "median": 0.000170297687873, "min": 4.02376259211e-14, "var": 1.08176463982e-05}, "spectral_energyband_middle_low": {"dmean": 0.00456774234772, "dmean2": 0.00714785093442, "dvar": 7.76991655584e-05, "dvar2": 0.000171076651895, "max": 0.189747005701, "mean": 0.0150024266914, "median": 0.00737442728132, "min": 6.59163284191e-15, "var": 0.000405769475037}, "spectral_entropy": {"dmean": 0.141882017255, "dmean2": 0.227641761303, "dvar": 0.0412797257304, "dvar2": 0.101211823523, "max": 8.40652275085, "mean": 5.33567523956, "median": 5.23819732666, "min": 3.63825941086, "var": 0.313015967607}, "spectral_flux": {"dmean": 0.0174622926861, "dmean2": 0.0281590316445, "dvar": 0.000848196039442, "dvar2": 0.00178918475285, "max": 0.541079103947, "mean": 0.0446541644633, "median": 0.0326118245721, "min": 0.000122126119095, "var": 0.00192474981304}, "spectral_kurtosis": {"dmean": 53.5630683899, "dmean2": 92.7482681274, "dvar": 5242.26806641, "dvar2": 15399.9970703, "max": 1037.09924316, "mean": 183.883911133, "median": 136.072418213, "min": 0.557955503464, "var": 27861.4140625}, "spectral_rms": {"dmean": 0.000594976183493, "dmean2": 0.000922316277865, "dvar": 8.97933659871e-07, "dvar2": 2.06667823477e-06, "max": 0.0213050786406, "mean": 0.00405490817502, "median": 0.00365212652832, "min": 1.73483307719e-08, "var": 5.40037217434e-06}, "spectral_rolloff": {"dmean": 73.6963729858, "dmean2": 130.929641724, "dvar": 47639.3398438, "dvar2": 86613.4765625, "max": 19207.6171875, "mean": 448.641235352, "median": 452.197265625, "min": 86.1328125, "var": 82781.5546875}, "spectral_skewness": {"dmean": 1.55692732334, "dmean2": 2.70084643364, "dvar": 3.22045254707, "dvar2": 8.90324211121, "max": 25.9107818604, "mean": 9.44303035736, "median": 8.75301742554, "min": 1.0891661644, "var": 27.2414340973}, "spectral_spread": {"dmean": 365518.03125, "dmean2": 604223.5, "dvar": 486357729280, "dvar2": 988726296576, "max": 31607196, "mean": 1388637, "median": 825048.5625, "min": 86698.5859375, "var": 2399455150080.0}, "spectral_strongpeak": {"dmean": 0.300715744495, "dmean2": 0.507660031319, "dvar": 0.31199669838, "dvar2": 0.69052362442, "max": 8.87160491943, "mean": 0.748818159103, "median": 0.427485018969, "min": 1.53194905579e-05, "var": 0.868557155132}, "zerocrossingrate": {"dmean": 0.00231639435515, "dmean2": 0.00305775972083, "dvar": 2.50787416007e-05, "dvar2": 3.15824472636e-05, "max": 0.4873046875, "mean": 0.0167730059475, "median": 0.0146484375, "min": 0.0029296875, "var": 9.90722255665e-05}, "barkbands": {"dmean": [9.19785179576e-06, 0.00091589713702, 0.00216776551679, 0.00264126178809, 0.00198559183627, 0.000403189624194, 0.0004660814011, 0.000587674963754, 0.000354235293344, 0.000297348829918, 0.000259178312263, 5.68153809581e-05, 8.00452544354e-05, 4.79022201034e-05, 2.57161882473e-05, 4.8627821343e-06, 3.53772884409e-06, 1.0721464605e-06, 1.24092218812e-06, 9.56837311605e-07, 5.32391368324e-07, 9.33429362249e-07, 9.92593754745e-07, 1.06321249405e-06, 3.83444012186e-06, 1.70921646259e-06, 1.06909567421e-06], "dmean2": [1.52792144945e-05, 0.00154603773262, 0.00369999022223, 0.00451510353014, 0.00315168476664, 0.0006395317032, 0.000614106480498, 0.000749802624341, 0.000447112543043, 0.000408197520301, 0.000357884069672, 9.27778382902e-05, 0.000123469188111, 7.93371291365e-05, 4.4184649596e-05, 8.20124023448e-06, 6.13131805949e-06, 1.85303258604e-06, 2.09700692722e-06, 1.63778520346e-06, 8.84566929926e-07, 1.59133094257e-06, 1.60646811764e-06, 1.68628139363e-06, 5.47849367649e-06, 2.91192827717e-06, 1.84933730907e-06], "dvar": [2.08762185316e-09, 5.31778969162e-05, 8.38076593936e-05, 2.03474100999e-05, 1.90844020835e-05, 1.26989982618e-06, 2.28435601457e-06, 2.28973658523e-06, 4.14658279624e-06, 2.80062977254e-06, 2.15146860683e-06, 5.59474102602e-08, 3.3002265809e-07, 4.39673755182e-08, 2.71186575418e-08, 4.93693752546e-09, 2.76547951206e-10, 1.8700877652e-11, 2.25130487169e-11, 1.58814090351e-11, 4.69077337736e-12, 1.86888386711e-11, 3.19823299788e-11, 3.177411112e-11, 6.62037313859e-10, 1.7493696769e-10, 7.3082782881e-11], "dvar2": [5.60739055189e-09, 0.000147199520143, 0.000242568989052, 6.30998183624e-05, 4.5055308874e-05, 3.15971442433e-06, 3.21239940604e-06, 3.34974924954e-06, 7.22051845514e-06, 5.30454144609e-06, 3.78988079319e-06, 1.54200122893e-07, 7.18900480479e-07, 1.18369740676e-07, 7.74135315851e-08, 1.41324854042e-08, 8.22948653667e-10, 5.49550439877e-11, 6.26583437913e-11, 4.41830426412e-11, 1.18063440968e-11, 5.01981615997e-11, 8.04202121563e-11, 7.40200956084e-11, 1.50405787824e-09, 4.75785855159e-10, 1.93592100683e-10], "max": [0.00108441407792, 0.145805239677, 0.198459863663, 0.075038395822, 0.0813855007291, 0.0239843055606, 0.0585247576237, 0.0406427644193, 0.0904612913728, 0.0611579790711, 0.058647364378, 0.00501733226702, 0.0223586373031, 0.00472243223339, 0.00468917237595, 0.00440738443285, 0.000501384900417, 9.88476313069e-05, 0.000123960460769, 0.000110744607809, 5.75227350055e-05, 0.000105827741208, 0.000132900109747, 0.000117089068226, 0.000489144178573, 0.000243103364483, 0.000152521926793], "mean": [2.69773518085e-05, 0.00179262761958, 0.00460271630436, 0.00418429682031, 0.00445390539244, 0.0012943521142, 0.00157610408496, 0.00215792353265, 0.000908213609364, 0.000572746619582, 0.00048753010924, 8.51478689583e-05, 0.000110435365059, 6.82814934407e-05, 3.65749219782e-05, 6.42387749394e-06, 5.33992533747e-06, 1.54019812726e-06, 1.94458471015e-06, 1.61256434694e-06, 9.7457677839e-07, 1.81582458936e-06, 1.93693722395e-06, 2.49970844379e-06, 4.82367613586e-06, 1.34019398956e-06, 7.46167927446e-07], "median": [8.42102167553e-07, 0.000335241405992, 0.00175321474671, 0.00193412043154, 0.00158059084788, 0.000246115378104, 0.000320543942507, 0.000351804163074, 9.44187922869e-05, 2.10105608858e-05, 3.26541630784e-05, 6.1756636569e-06, 5.12830683874e-06, 3.05497451336e-06, 8.90676290055e-07, 2.35660877479e-07, 2.98830286738e-07, 8.74623538039e-08, 4.59912428141e-08, 3.27750839801e-08, 1.38121425408e-08, 1.10246283214e-08, 1.2065303423e-08, 3.72422004347e-09, 9.12465436542e-10, 5.77209280372e-10, 7.13882175596e-10], "min": [1.45877475308e-15, 2.20915277072e-15, 1.04528714955e-15, 5.86237167328e-16, 6.53676024764e-16, 5.12745677148e-16, 2.29668896714e-15, 1.44222224698e-15, 6.78962022882e-16, 7.15987103556e-16, 5.27798405533e-16, 4.00047477648e-15, 5.11906309849e-15, 1.6176212769e-15, 1.76474687643e-15, 1.07938153858e-14, 9.87157607719e-16, 3.8891975171e-15, 6.14045481332e-15, 1.01279102699e-14, 1.8647665809e-14, 1.16694263776e-14, 1.59565913136e-14, 2.28730473147e-14, 3.76809891069e-14, 4.38497335502e-14, 6.91220558981e-14], "var": [1.23589583012e-08, 3.87652326026e-05, 8.77935672179e-05, 3.81518730137e-05, 5.70532210986e-05, 5.49820151718e-06, 1.99790865736e-05, 2.10451416933e-05, 1.46118090925e-05, 7.97709799372e-06, 5.86446503803e-06, 9.061756856e-08, 5.07447055043e-07, 6.78907383644e-08, 4.03761859502e-08, 3.173234564e-09, 4.35785629804e-10, 3.07845693381e-11, 4.12879556932e-11, 2.85924096899e-11, 9.74721692248e-12, 3.64718429069e-11, 5.4381346648e-11, 8.06562872047e-11, 8.30318369616e-10, 1.24590074368e-10, 5.07659643489e-11]}, "erbbands": {"dmean": [0.0128153115511, 0.263311505318, 1.80633270741, 7.13302850723, 5.53065872192, 8.30323886871, 6.07887411118, 2.56431770325, 3.8910806179, 13.2177228928, 9.37014770508, 9.76125717163, 10.6783790588, 7.48055458069, 7.43940639496, 3.30210113525, 4.05341434479, 2.78558945656, 1.02154791355, 0.985178411007, 0.2385815382, 0.1341843009, 0.0372294634581, 0.101269707084, 0.0261543709785, 0.0532830543816, 0.0186305548996, 0.0253685042262, 0.0300054159015, 0.0385094620287, 0.0316352285445, 0.0280056577176, 0.0168835800141, 0.0298476610333, 0.0358326807618, 0.0131396958604, 0.00206482666545, 0.00048224060447, 0.000183562442544, 2.20770889428e-05], "dmean2": [0.0207540448755, 0.444130331278, 3.07464027405, 12.2272224426, 8.8923625946, 13.3029441833, 9.43474292755, 4.23101854324, 5.34910345078, 17.1441402435, 12.0258750916, 12.1647109985, 14.6233482361, 10.2301902771, 10.5590028763, 5.23860502243, 6.21458911896, 4.58623600006, 1.7153031826, 1.7040258646, 0.405716300011, 0.236859202385, 0.0631911531091, 0.170243397355, 0.0445867180824, 0.09070379287, 0.0300031173974, 0.0432633794844, 0.0515287294984, 0.0634484440088, 0.053172070533, 0.0462903119624, 0.0274045951664, 0.0479129478335, 0.056267991662, 0.0222951211035, 0.0033891396597, 0.000805028772447, 0.000315272976877, 3.68835753761e-05], "dvar": [0.00762860057876, 4.31460237503, 90.8394088745, 194.179504395, 139.553649902, 385.230712891, 332.32244873, 41.0511131287, 164.533706665, 1056.74682617, 833.925048828, 3081.5012207, 3937.03149414, 2078.26220703, 1370.97241211, 154.419876099, 788.476318359, 133.750289917, 15.4390926361, 35.9201507568, 6.39995479584, 0.24365721643, 0.017399193719, 0.189671128988, 0.00949842762202, 0.0460956804454, 0.00462821405381, 0.0122349224985, 0.0222457163036, 0.0248613208532, 0.0438793376088, 0.0261311363429, 0.00650392333046, 0.0320201776922, 0.0688037276268, 0.010411397554, 0.000231625628658, 1.33202620418e-05, 2.0752349883e-06, 1.53461972019e-08], "dvar2": [0.0207170154899, 11.8846216202, 257.091674805, 623.554748535, 327.871276855, 944.771728516, 789.697692871, 111.728469849, 271.708221436, 1575.4822998, 1344.78503418, 5389.31201172, 7587.16601562, 3937.47680664, 2456.50537109, 415.343231201, 1689.81896973, 359.757995605, 42.1215553284, 104.152046204, 18.3053569794, 0.732552051544, 0.047329865396, 0.52620780468, 0.0260379612446, 0.127958282828, 0.0115283122286, 0.0324805304408, 0.061282787472, 0.0600942485034, 0.122470706701, 0.0675575062633, 0.0130955828354, 0.05898739025, 0.176077321172, 0.0282902698964, 0.000602381071076, 3.40129081451e-05, 5.47440959053e-06, 4.00553190616e-08], "max": [1.9364746809, 42.8427658081, 223.186141968, 289.310974121, 245.288116455, 362.693023682, 417.767456055, 147.085067749, 457.426055908, 1476.31396484, 821.82623291, 2497.17773438, 2380.87841797, 2059.09912109, 1810.06884766, 251.137008667, 1119.40612793, 249.610473633, 92.850189209, 168.74848938, 154.68460083, 13.0390253067, 4.0037689209, 12.2435693741, 1.9547842741, 6.91265869141, 1.6553030014, 2.73354792595, 3.06681656837, 3.95980191231, 4.88935804367, 3.37345337868, 1.62516629696, 3.29366517067, 4.78379774094, 1.87026953697, 0.277475297451, 0.0633428096771, 0.0262320507318, 0.0021638344042], "mean": [0.0361602343619, 0.499540537596, 3.60475897789, 12.6733779907, 10.6201648712, 17.5469017029, 15.450044632, 9.02334785461, 15.3401994705, 46.4399681091, 33.1262741089, 26.4086360931, 21.7265071869, 15.2562303543, 13.2266998291, 5.15470075607, 5.6876001358, 4.07851219177, 1.51380085945, 1.40152931213, 0.337633579969, 0.218589529395, 0.0675059109926, 0.173513934016, 0.0503064841032, 0.0885498523712, 0.0359146408737, 0.0465667769313, 0.0567236170173, 0.0793946385384, 0.0498461984098, 0.0611710473895, 0.0378062985837, 0.0534748733044, 0.0340330898762, 0.0103898812085, 0.00172410788946, 0.000377529242542, 0.000137771945447, 3.5031560401e-05], "median": [0.00598488748074, 0.158630371094, 1.52962064743, 6.09085035324, 4.61938476562, 5.53177022934, 3.92649936676, 2.07713460922, 2.58041667938, 10.8762741089, 5.49046707153, 2.75381684303, 1.88240814209, 0.944289267063, 1.35619032383, 0.426622360945, 0.383607715368, 0.293725013733, 0.121255792677, 0.0443994477391, 0.0253406912088, 0.0200963318348, 0.00705800391734, 0.00282737519592, 0.00227009668015, 0.00193873234093, 0.00111004756764, 0.000446343037765, 0.000503026938532, 0.00047443684889, 0.000173986481968, 0.000140449439641, 5.49508658878e-05, 2.6795805752e-05, 1.70829007402e-05, 1.14859885798e-05, 6.32788851362e-06, 1.12832481136e-06, 7.72006205807e-06, 1.5589839677e-05], "min": [8.2291493769e-14, 4.3574749386e-13, 1.15906036938e-12, 1.75162803099e-12, 2.05419405444e-12, 2.22971272522e-12, 1.34954211434e-12, 6.06003875553e-12, 2.7712438247e-11, 3.5356308159e-11, 2.65022587209e-11, 1.24344978758e-11, 3.06025725594e-11, 1.72372827817e-11, 4.23518928261e-11, 1.88017809655e-10, 2.55911070113e-10, 8.42698133496e-11, 8.13842673808e-11, 2.10538295131e-10, 5.73417369143e-10, 1.09715916907e-10, 2.01259467425e-10, 4.03314853736e-10, 2.74879063955e-10, 3.87383208844e-10, 6.53401777129e-10, 7.08147596118e-10, 4.5385764591e-10, 4.34354718859e-10, 5.3575149872e-10, 3.96243315937e-10, 4.21470164325e-10, 3.40701966639e-10, 3.10111963886e-10, 1.35189887063e-10, 8.43828756869e-11, 4.09141227842e-11, 1.17269969777e-11, 8.83330084425e-13], "var": [0.00963131058961, 3.04835343361, 73.076210022, 324.277618408, 336.541473389, 1074.43310547, 861.307312012, 228.078659058, 1523.72570801, 10161.0527344, 5734.53759766, 11046.4775391, 11094.2333984, 5950.59570312, 3350.92114258, 257.516052246, 1239.22302246, 203.492797852, 24.3155078888, 49.3531799316, 4.36133241653, 0.428081125021, 0.0307801384479, 0.437495917082, 0.0170518625528, 0.0871591195464, 0.0109043000266, 0.0238500405103, 0.033256880939, 0.0720127746463, 0.0470416359603, 0.0506891794503, 0.0199223738164, 0.0677988007665, 0.0618324019015, 0.00749526266009, 0.000183387193829, 1.02977819552e-05, 1.46121101352e-06, 1.19643548402e-08]}, "gfcc": {"mean": [-223.138931274, 234.259765625, -54.4064865112, -32.7919616699, -44.1095542908, -1.68816483021, -26.6591110229, -18.0496387482, -10.996181488, -16.4129562378, -11.8190040588, -21.3082427979, -11.3885498047], "cov": [[12928.7314453, -4941.15234375, -2163.55761719, 2251.57739258, -1743.05322266, 634.989379883, -494.005615234, 818.467041016, -535.862670898, 6.90782880783, -88.9549713135, 198.09046936, -193.260360718], [-4941.15234375, 3318.22119141, 915.560913086, -1852.29553223, 1084.0546875, -347.833953857, 204.447799683, -490.441497803, 258.4637146, -8.88214015961, 37.9609489441, -111.79649353, 130.868530273], [-2163.55761719, 915.560913086, 1188.9161377, -398.522857666, 325.198730469, 44.275806427, 133.430145264, -67.1906585693, 94.4515457153, 112.647468567, 22.2202682495, -25.3523826599, 55.4848251343], [2251.57739258, -1852.29553223, -398.522857666, 1945.76293945, -515.848449707, 191.90435791, 201.396759033, 310.469451904, 46.6557502747, -34.3674201965, 133.841186523, 78.4792861938, -35.7264862061], [-1743.05322266, 1084.0546875, 325.198730469, -515.848449707, 648.362182617, -42.2642478943, 56.1158103943, -130.554626465, 132.001312256, 37.075428009, -11.0130195618, -21.8420009613, 61.3213920593], [634.989379883, -347.833953857, 44.275806427, 191.90435791, -42.2642478943, 221.278594971, 13.6979541779, 98.5431213379, -13.8416290283, 41.3316192627, 4.814453125, 18.7531833649, 9.29289245605], [-494.005615234, 204.447799683, 133.430145264, 201.396759033, 56.1158103943, 13.6979541779, 291.741363525, 43.6071662903, 82.741859436, -11.1899433136, 74.260925293, 10.6091823578, 5.59393024445], [818.467041016, -490.441497803, -67.1906585693, 310.469451904, -130.554626465, 98.5431213379, 43.6071662903, 209.925247192, 21.8401012421, 13.9029302597, -17.2047405243, 23.7406692505, -8.66928577423], [-535.862670898, 258.4637146, 94.4515457153, 46.6557502747, 132.001312256, -13.8416290283, 82.741859436, 21.8401012421, 156.735031128, 19.2921390533, 9.38677597046, -18.5863113403, 28.9618396759], [6.90782880783, -8.88214015961, 112.647468567, -34.3674201965, 37.075428009, 41.3316192627, -11.1899433136, 13.9029302597, 19.2921390533, 111.072799683, 19.3671588898, 5.34164428711, -17.7391700745], [-88.9549713135, 37.9609489441, 22.2202682495, 133.841186523, -11.0130195618, 4.814453125, 74.260925293, -17.2047405243, 9.38677597046, 19.3671588898, 137.455993652, 29.9145011902, -26.6335697174], [198.09046936, -111.79649353, -25.3523826599, 78.4792861938, -21.8420009613, 18.7531833649, 10.6091823578, 23.7406692505, -18.5863113403, 5.34164428711, 29.9145011902, 75.6153793335, 26.5234336853], [-193.260360718, 130.868530273, 55.4848251343, -35.7264862061, 61.3213920593, 9.29289245605, 5.59393024445, -8.66928577423, 28.9618396759, -17.7391700745, -26.6335697174, 26.5234336853, 109.755149841]], "icov": [[0.000264882226475, -6.62969177938e-05, 0.000345799722709, -0.000149652914843, 0.000276610255241, -0.000411189015722, 0.000299369043205, -0.000563816691283, 0.000530573655851, -0.000366640015272, 0.000118131101772, -9.21192695387e-05, -5.92256765231e-06], [-6.62969177938e-05, 0.00633631786332, -0.00143575237598, 0.00464368937537, -0.00374992890283, 0.00297446502373, -0.00426664901897, 0.0043031424284, -0.0053487662226, 0.00376248336397, -0.00507645308971, 0.00315037788823, -0.00300759915262], [0.000345799722709, -0.00143575237598, 0.00198365771212, -0.000967029016465, 0.000920457590837, -0.00144319329411, 0.000540640146937, -0.001435425831, 0.00191499083303, -0.00252906349488, 0.00111183268018, -9.91272609099e-05, -0.000150078281877], [-0.000149652914843, 0.00464368937537, -0.000967029016465, 0.00448045972735, -0.00213406956755, 0.00172726018354, -0.00357868126594, 0.00271949893795, -0.00497492169961, 0.00333326356485, -0.00451169768348, 0.00195933855139, -0.00212672632188], [0.000276610255241, -0.00374992890283, 0.000920457590837, -0.00213406956755, 0.00558705721051, -0.00293175759725, 0.00224997964688, -0.00117561395746, 0.000636434124317, -0.00263262074441, 0.00366907333955, -0.00307674380019, 0.00175796018448], [-0.000411189015722, 0.00297446502373, -0.00144319329411, 0.00172726018354, -0.00293175759725, 0.00919010303915, -0.00224606995471, -0.000923993764445, 5.72328099224e-06, -0.000467745121568, -0.00340403709561, 0.00339166400954, -0.00380026549101], [0.000299369043205, -0.00426664901897, 0.000540640146937, -0.00357868126594, 0.00224997964688, -0.00224606995471, 0.00887294113636, -0.00486616557464, 0.00203532050364, -0.000388251792174, 0.000461481249658, -0.00217221002094, 0.00230992818251], [-0.000563816691283, 0.0043031424284, -0.001435425831, 0.00271949893795, -0.00117561395746, -0.000923993764445, -0.00486616557464, 0.014431877993, -0.00847836025059, 0.00267264223658, 0.00144859706052, -0.00272123282775, 0.00128852413036], [0.000530573655851, -0.0053487662226, 0.00191499083303, -0.00497492169961, 0.000636434124317, 5.72328099224e-06, 0.00203532050364, -0.00847836025059, 0.0186903867871, -0.00724179530516, 0.00251037417911, 0.00420060101897, -0.00291337491944], [-0.000366640015272, 0.00376248336397, -0.00252906349488, 0.00333326356485, -0.00263262074441, -0.000467745121568, -0.000388251792174, 0.00267264223658, -0.00724179530516, 0.0161683019251, -0.00478802388534, -0.00115862837993, 0.00261531071737], [0.000118131101772, -0.00507645308971, 0.00111183268018, -0.00451169768348, 0.00366907333955, -0.00340403709561, 0.000461481249658, 0.00144859706052, 0.00251037417911, -0.00478802388534, 0.0175265520811, -0.0100950980559, 0.00781584531069], [-9.21192695387e-05, 0.00315037788823, -9.91272609099e-05, 0.00195933855139, -0.00307674380019, 0.00339166400954, -0.00217221002094, -0.00272123282775, 0.00420060101897, -0.00115862837993, -0.0100950980559, 0.0246667712927, -0.0116094993427], [-5.92256765231e-06, -0.00300759915262, -0.000150078281877, -0.00212672632188, 0.00175796018448, -0.00380026549101, 0.00230992818251, 0.00128852413036, -0.00291337491944, 0.00261531071737, 0.00781584531069, -0.0116094993427, 0.0172877889127]]}, "melbands": {"dmean": [0.00018673845625, 0.000743188662454, 0.00111646822188, 0.000446819583885, 0.000260846223682, 6.09926610196e-05, 6.94385453244e-05, 0.000144488993101, 7.60928814998e-05, 5.57860257686e-05, 5.17329717695e-05, 2.73044770438e-05, 2.78796378552e-05, 1.06309689727e-05, 9.21968421608e-06, 5.66997414353e-06, 5.90145509705e-06, 1.27897499169e-06, 2.67110044661e-06, 4.95066217354e-07, 2.39709862626e-07, 1.82780411251e-07, 5.01905397243e-08, 4.18218526477e-08, 9.25761369786e-08, 2.07438155542e-08, 2.47315607993e-08, 3.99594064504e-08, 1.12708553601e-08, 1.26235075726e-08, 1.88193176598e-08, 1.83735799908e-08, 1.8794573009e-08, 2.17967350835e-08, 1.87154061138e-08, 1.78357169034e-08, 1.87635524895e-08, 1.23342021041e-08, 1.5407218612e-08, 2.85187624627e-08], "dmean2": [0.000310340197757, 0.00125930714421, 0.00190144905355, 0.000711037719157, 0.000410273758462, 9.90514890873e-05, 9.17769648368e-05, 0.000186030389159, 9.79276155704e-05, 7.00942764524e-05, 7.09652667865e-05, 3.73847469746e-05, 3.86219071515e-05, 1.67039979715e-05, 1.43866982398e-05, 8.71628162713e-06, 9.77408853942e-06, 2.11043061427e-06, 4.62878460894e-06, 8.34595653032e-07, 4.094621886e-07, 3.22602659253e-07, 8.60620446019e-08, 7.10309322471e-08, 1.55785869538e-07, 3.5127669662e-08, 4.38109566403e-08, 6.8144899501e-08, 1.84688371263e-08, 2.00139567141e-08, 3.27601199501e-08, 3.13312042977e-08, 3.14232906362e-08, 3.52011326754e-08, 3.22958157994e-08, 3.0490411973e-08, 3.05949541257e-08, 2.05895993588e-08, 2.39398598723e-08, 4.54685213924e-08], "dvar": [2.02781211556e-06, 1.7069894966e-05, 4.44356874141e-06, 9.64473656495e-07, 4.8918354878e-07, 2.37722499463e-08, 5.95098228473e-08, 1.27423618324e-07, 6.86382932713e-08, 1.05528904726e-07, 9.67082485204e-08, 2.96989686177e-08, 2.87011499012e-08, 1.20337650955e-09, 2.61224131215e-09, 1.88319981831e-09, 6.65578370196e-10, 1.81669609911e-11, 3.23071652764e-10, 3.73623111616e-11, 4.01464755537e-12, 5.78396813951e-13, 7.56490681729e-14, 2.56626791757e-14, 1.62515915439e-13, 7.02117044924e-15, 1.37704399343e-14, 2.87569684591e-14, 1.74019859107e-15, 2.48290577246e-15, 6.74914920636e-15, 7.71553671918e-15, 7.43786830764e-15, 7.35681657195e-15, 1.59942554806e-14, 1.13465958634e-14, 1.08822210615e-14, 3.18150445428e-15, 6.08774310598e-15, 2.90116272206e-14], "dvar2": [5.60783655601e-06, 4.71479506814e-05, 1.3666124687e-05, 2.28937824431e-06, 1.16349451673e-06, 6.23512335096e-08, 8.66691678425e-08, 1.83549289545e-07, 1.12894355198e-07, 1.8910093047e-07, 1.86138777281e-07, 5.62622517464e-08, 4.92741563107e-08, 3.07359315777e-09, 5.7589915059e-09, 4.18602352781e-09, 1.80258930005e-09, 4.7639843459e-11, 9.31085597511e-10, 1.07049279163e-10, 1.15246310758e-11, 1.74363420837e-12, 2.0505155191e-13, 7.21548607538e-14, 4.50838531004e-13, 1.9063504776e-14, 3.98008042539e-14, 7.97584451284e-14, 4.60432244699e-15, 5.52308595587e-15, 1.85757916753e-14, 2.12382669502e-14, 1.96744459239e-14, 1.78505823946e-14, 4.48651092135e-14, 3.20248961085e-14, 2.73295214313e-14, 6.79506262727e-15, 1.17111893371e-14, 5.33161737687e-14], "max": [0.0284498184919, 0.0959127545357, 0.0435544997454, 0.0222954079509, 0.0148134222254, 0.00329761509784, 0.00923683401197, 0.0157594494522, 0.00755144655704, 0.0136567996815, 0.0118286563084, 0.00761951459572, 0.00871402211487, 0.000600150495302, 0.00206215656362, 0.00179980718531, 0.000573378929403, 8.07933756732e-05, 0.00051628658548, 0.000382633996196, 0.000109597778646, 2.12821250898e-05, 1.07761952677e-05, 3.54882354259e-06, 1.14112872325e-05, 1.53627354393e-06, 2.18239597416e-06, 6.43583780402e-06, 8.7946767735e-07, 1.09512711788e-06, 1.88851186067e-06, 1.74668855379e-06, 2.33884975387e-06, 1.8224033056e-06, 2.77390472547e-06, 2.349491524e-06, 2.20346419155e-06, 1.06771733499e-06, 1.60233878432e-06, 3.33789876095e-06], "mean": [0.000414566515246, 0.00154860201292, 0.00208501378074, 0.000959031400271, 0.00064411823405, 0.000217117762077, 0.000262174144154, 0.000523129361682, 0.000249762146268, 0.000147049795487, 0.000101457851997, 5.52111087018e-05, 5.15255742357e-05, 1.65145975188e-05, 1.2919407709e-05, 8.14847135189e-06, 8.37884908833e-06, 1.73891692157e-06, 3.72174895347e-06, 6.66291214202e-07, 3.15792391348e-07, 2.86932277049e-07, 7.85775640111e-08, 6.63419612579e-08, 1.56498884962e-07, 3.5280624644e-08, 3.76165303351e-08, 6.47085727223e-08, 1.94482225879e-08, 2.13362927326e-08, 3.18179260717e-08, 3.2428985719e-08, 3.45204931307e-08, 4.43083365553e-08, 2.47238425288e-08, 3.26812070739e-08, 3.87794329981e-08, 2.54497773966e-08, 3.00036546719e-08, 4.92149112574e-08], "median": [7.42084957892e-05, 0.000686944462359, 0.00105866161175, 0.000356173375621, 0.000192879815586, 4.55348672403e-05, 4.6414341341e-05, 0.000119476433611, 3.16718615068e-05, 1.32491431941e-05, 7.56841109251e-06, 2.06372146749e-06, 4.24117615694e-06, 1.00371084955e-06, 7.06930450178e-07, 6.01738520345e-07, 3.71086684936e-07, 1.61170902402e-07, 5.65057050039e-08, 2.38151027787e-08, 1.78026429154e-08, 1.71485865508e-08, 6.36325747649e-09, 3.05151637292e-09, 1.53299628547e-09, 1.49885903689e-09, 1.3238758978e-09, 1.07596787036e-09, 6.7889854849e-10, 2.53707527209e-10, 2.10781669896e-10, 2.55143184358e-10, 1.77684950087e-10, 2.80311607259e-10, 5.773323139e-11, 9.2205271196e-11, 4.83097485626e-11, 2.727049489e-11, 1.21866319119e-11, 8.99917727143e-12], "min": [7.44480762506e-16, 6.09802312134e-16, 3.15598573386e-16, 1.57756577704e-16, 5.66147028126e-17, 1.41541799525e-16, 4.3980163495e-16, 3.79671665997e-16, 1.85709882573e-16, 8.66518741683e-17, 1.51470203572e-16, 6.29783488488e-17, 9.73257797054e-17, 2.85710486447e-16, 8.16109891932e-16, 3.50790330655e-16, 1.31717024665e-16, 1.16253617649e-16, 1.64980074678e-16, 5.73732949323e-16, 6.08233395358e-16, 7.90370148852e-17, 1.18730937557e-16, 1.88958836261e-16, 3.65657267657e-16, 1.49655938408e-16, 2.79758968261e-16, 2.54519583425e-16, 3.4945180684e-16, 4.74472652245e-16, 4.15661963577e-16, 2.4800838822e-16, 2.07791607991e-16, 2.48221628764e-16, 3.37829667771e-16, 1.67855050085e-16, 2.84643463161e-16, 2.90685693281e-16, 2.5385844774e-16, 3.20916960913e-16], "var": [1.63103004525e-06, 1.37546976475e-05, 8.05814670457e-06, 2.81271422864e-06, 1.35985612815e-06, 1.37773369602e-07, 5.48686330148e-07, 1.28471560856e-06, 3.76708129579e-07, 3.67112050981e-07, 2.70653174539e-07, 8.60579305595e-08, 7.27348705709e-08, 2.19293760928e-09, 4.11569356373e-09, 2.70798317104e-09, 1.02355879328e-09, 2.53030651987e-11, 4.64081384433e-10, 2.45734751991e-11, 3.29512762562e-12, 9.65406140446e-13, 1.07370635007e-13, 5.30523907682e-14, 3.72327060676e-13, 1.21595425108e-14, 1.40175211391e-14, 5.78248793249e-14, 3.52684105743e-15, 5.16434971501e-15, 1.17067068387e-14, 1.0977355567e-14, 1.53806156857e-14, 2.15563701736e-14, 1.44451169234e-14, 1.6453630247e-14, 2.0764346934e-14, 9.02733579756e-15, 1.55963905527e-14, 6.05504145088e-14]}, "mfcc": {"mean": [-850.636657715, 229.065460205, 63.6252365112, -3.17797541618, -4.27091169357, 4.23624992371, -2.23720741272, -6.45130205154, -6.33785867691, -1.12258732319, -2.54557204247, -4.11841678619, -6.17635822296], "cov": [[6081.31103516, -648.151367188, -1176.75683594, -321.635345459, -12.5294551849, -191.545883179, -221.179412842, 113.796905518, -7.22092580795, 14.0324306488, -67.2524719238, -109.965209961, 15.8192996979], [-648.151367188, 1865.25830078, -87.6375427246, -585.447631836, -30.4093608856, 146.299118042, -14.2840099335, -169.256439209, -25.4939994812, 61.2656860352, -53.733001709, -114.749389648, -10.9967346191], [-1176.75683594, -87.6375427246, 702.169250488, 252.622802734, -14.7657775879, 46.6316795349, 140.396957397, 37.4885215759, 31.841506958, 5.66732597351, 81.4196395874, 86.8695220947, 21.7765655518], [-321.635345459, -585.447631836, 252.622802734, 623.663818359, 173.946960449, 28.0655498505, 133.024093628, 190.954162598, 92.6986999512, 51.213596344, 99.6981658936, 154.384643555, 67.2112579346], [-12.5294551849, -30.4093608856, -14.7657775879, 173.946960449, 217.410705566, 104.441719055, 33.4178123474, 52.6489028931, 71.1869506836, 52.154964447, 31.3835277557, 44.3717575073, 42.8652496338], [-191.545883179, 146.299118042, 46.6316795349, 28.0655498505, 104.441719055, 149.883865356, 68.4054870605, 3.51763868332, 23.1407718658, 29.7340373993, 15.7534570694, 21.7910709381, 27.1237182617], [-221.179412842, -14.2840099335, 140.396957397, 133.024093628, 33.4178123474, 68.4054870605, 156.452713013, 94.4703598022, 15.0183563232, 12.6809196472, 53.049331665, 70.2657318115, 27.7323856354], [113.796905518, -169.256439209, 37.4885215759, 190.954162598, 52.6489028931, 3.51763868332, 94.4703598022, 177.7890625, 96.4164276123, 31.4235172272, 40.7311935425, 73.7145996094, 39.8643188477], [-7.22092580795, -25.4939994812, 31.841506958, 92.6986999512, 71.1869506836, 23.1407718658, 15.0183563232, 96.4164276123, 161.758407593, 89.6092758179, -2.09591317177, 0.550247013569, 29.3332042694], [14.0324306488, 61.2656860352, 5.66732597351, 51.213596344, 52.154964447, 29.7340373993, 12.6809196472, 31.4235172272, 89.6092758179, 125.169464111, 45.2519607544, -22.472700119, -9.34380435944], [-67.2524719238, -53.733001709, 81.4196395874, 99.6981658936, 31.3835277557, 15.7534570694, 53.049331665, 40.7311935425, -2.09591317177, 45.2519607544, 139.75769043, 92.3609313965, -7.5148100853], [-109.965209961, -114.749389648, 86.8695220947, 154.384643555, 44.3717575073, 21.7910709381, 70.2657318115, 73.7145996094, 0.550247013569, -22.472700119, 92.3609313965, 206.759414673, 113.27822876], [15.8192996979, -10.9967346191, 21.7765655518, 67.2112579346, 42.8652496338, 27.1237182617, 27.7323856354, 39.8643188477, 29.3332042694, -9.34380435944, -7.5148100853, 113.27822876, 168.363296509]], "icov": [[0.000307154812617, 0.000187526500667, 0.000355197116733, 0.000356308330083, -0.000129945736262, 1.02869598777e-05, 0.000342799728969, -0.000877890037373, 0.000584870227613, -0.000370508932974, -0.000190493738046, 0.000320724997437, -0.000368723442079], [0.000187526500667, 0.00114961538929, -0.00016453799617, 0.00173769285902, -0.000803961127531, -0.000303170556435, -0.000179448325071, -0.000829102937132, 0.00125729339197, -0.00197474192828, 0.000897182559129, -0.000500390888192, -8.74728139024e-05], [0.000355197116733, -0.00016453799617, 0.00391384819523, -0.00233646342531, 0.00266965455376, -4.56453635707e-05, -0.00394901400432, 0.00536090461537, -0.00612934678793, 0.00522006582469, -0.00472761318088, 0.00257489131764, -0.00149468472227], [0.000356308330083, 0.00173769285902, -0.00233646342531, 0.00769226532429, -0.00634235050529, 0.0027359907981, 0.000330793816829, -0.00680771283805, 0.00675741489977, -0.00751027092338, 0.0049508381635, -0.00401933724061, 0.00137399265077], [-0.000129945736262, -0.000803961127531, 0.00266965455376, -0.00634235050529, 0.0155220059678, -0.0114130973816, 0.00438305735588, 0.00190572137944, -0.00641566189006, 0.00532558141276, -0.00585664156824, 0.00317910988815, -0.00212717498653], [1.02869598777e-05, -0.000303170556435, -4.56453635707e-05, 0.0027359907981, -0.0114130973816, 0.0218565426767, -0.0152123384178, 0.0103475563228, -0.00428077625111, -0.00033175694989, 0.00186656904407, -0.00150396523532, 0.000155860485393], [0.000342799728969, -0.000179448325071, -0.00394901400432, 0.000330793816829, 0.00438305735588, -0.0152123384178, 0.029393594712, -0.0247623305768, 0.0179995000362, -0.00935317482799, 0.00353754521348, -0.00191077729687, 0.000479535694467], [-0.000877890037373, -0.000829102937132, 0.00536090461537, -0.00680771283805, 0.00190572137944, 0.0103475563228, -0.0247623305768, 0.039382789284, -0.0315078347921, 0.0193021763116, -0.010990453884, 0.00233314023353, -0.000845336355269], [0.000584870227613, 0.00125729339197, -0.00612934678793, 0.00675741489977, -0.00641566189006, -0.00428077625111, 0.0179995000362, -0.0315078347921, 0.0422865897417, -0.0329696051776, 0.0216203387827, -0.00961084850132, 0.00317512499169], [-0.000370508932974, -0.00197474192828, 0.00522006582469, -0.00751027092338, 0.00532558141276, -0.00033175694989, -0.00935317482799, 0.0193021763116, -0.0329696051776, 0.0438297614455, -0.0312664918602, 0.021486883983, -0.00977907981724], [-0.000190493738046, 0.000897182559129, -0.00472761318088, 0.0049508381635, -0.00585664156824, 0.00186656904407, 0.00353754521348, -0.010990453884, 0.0216203387827, -0.0312664918602, 0.0393402539194, -0.0278238225728, 0.0168958753347], [0.000320724997437, -0.000500390888192, 0.00257489131764, -0.00401933724061, 0.00317910988815, -0.00150396523532, -0.00191077729687, 0.00233314023353, -0.00961084850132, 0.021486883983, -0.0278238225728, 0.031076528132, -0.0188800133765], [-0.000368723442079, -8.74728139024e-05, -0.00149468472227, 0.00137399265077, -0.00212717498653, 0.000155860485393, 0.000479535694467, -0.000845336355269, 0.00317512499169, -0.00977907981724, 0.0168958753347, -0.0188800133765, 0.0186120141298]]}, "spectral_contrast_coeffs": {"dmean": [0.0394451096654, 0.0301250331104, 0.0293720792979, 0.0255401525646, 0.0163483284414, 0.022239215672], "dmean2": [0.0661290287971, 0.0498533919454, 0.0460171438754, 0.041193395853, 0.0270073413849, 0.0387837551534], "dvar": [0.00118299538735, 0.000820479355752, 0.000819417298771, 0.000647565408144, 0.000251649849815, 0.000446821533842], "dvar2": [0.00315015995875, 0.00211233855225, 0.00189450441394, 0.00162346940488, 0.000582982611377, 0.00132083380595], "max": [-0.189016610384, -0.361479759216, -0.378313750029, -0.46095430851, -0.58846950531, -0.713371396065], "mean": [-0.533259928226, -0.67307639122, -0.686200618744, -0.728616595268, -0.815414726734, -0.85419178009], "median": [-0.537824571133, -0.675339221954, -0.688878536224, -0.734552025795, -0.813637018204, -0.854326248169], "min": [-0.938284873962, -0.96603500843, -0.976886749268, -0.976952075958, -0.977487385273, -0.973456203938], "var": [0.012682730332, 0.00508836098015, 0.00641931407154, 0.00375057454221, 0.00250177108683, 0.00440641026944]}, "spectral_contrast_valleys": {"dmean": [0.323774218559, 0.262382626534, 0.281822234392, 0.246662870049, 0.206956610084, 0.543729126453], "dmean2": [0.54097533226, 0.440129309893, 0.457472503185, 0.405440151691, 0.340572744608, 0.920530200005], "dvar": [0.107150144875, 0.089200489223, 0.107147216797, 0.102308824658, 0.1