{"lowlevel": {"average_loudness": 0.837517619133, "barkbands_crest": {"dmean": 2.28051328659, "dmean2": 3.77949762344, "dvar": 4.54599905014, "dvar2": 12.5825681686, "max": 25.7649269104, "mean": 12.0461063385, "median": 11.2507886887, "min": 3.00635671616, "var": 18.9217720032}, "barkbands_flatness_db": {"dmean": 0.0242451578379, "dmean2": 0.0379683673382, "dvar": 0.000478865113109, "dvar2": 0.00117050600238, "max": 0.55715405941, "mean": 0.249076530337, "median": 0.220727652311, "min": 0.0477801449597, "var": 0.00977579783648}, "barkbands_kurtosis": {"dmean": 2.92258358002, "dmean2": 4.5774512291, "dvar": 15.3834495544, "dvar2": 35.1434593201, "max": 412.568054199, "mean": 11.3517932892, "median": 6.51089859009, "min": -1.66840231419, "var": 774.918334961}, "barkbands_skewness": {"dmean": 0.408274918795, "dmean2": 0.645776569843, "dvar": 0.150374278426, "dvar2": 0.376679629087, "max": 17.049654007, "mean": 2.27959060669, "median": 2.0504784584, "min": -2.26021933556, "var": 2.04766917229}, "barkbands_spread": {"dmean": 1.79940497875, "dmean2": 2.8878223896, "dvar": 4.80033636093, "dvar2": 11.5692644119, "max": 88.5536422729, "mean": 8.11937236786, "median": 7.36405897141, "min": 0.290557831526, "var": 25.5830860138}, "dissonance": {"dmean": 0.0240723267198, "dmean2": 0.0406776145101, "dvar": 0.000474358763313, "dvar2": 0.00129103846848, "max": 0.500000119209, "mean": 0.437509149313, "median": 0.446842998266, "min": 0.140546962619, "var": 0.00199098954909}, "dynamic_complexity": 3.60073113441, "erbbands_crest": {"dmean": 2.04928016663, "dmean2": 3.24272108078, "dvar": 3.86519908905, "dvar2": 9.36166858673, "max": 29.9404621124, "mean": 10.7143697739, "median": 9.60517024994, "min": 2.64751458168, "var": 22.6931304932}, "erbbands_flatness_db": {"dmean": 0.0164511930197, "dmean2": 0.024275066331, "dvar": 0.000284110137727, "dvar2": 0.000628744717687, "max": 0.497291773558, "mean": 0.236919164658, "median": 0.208011880517, "min": 0.061798915267, "var": 0.00775273749605}, "erbbands_kurtosis": {"dmean": 0.976512670517, "dmean2": 1.47923529148, "dvar": 1.35703480244, "dvar2": 3.05675268173, "max": 58.717414856, "mean": 2.17457771301, "median": 1.17036151886, "min": -1.78049170971, "var": 19.8883514404}, "erbbands_skewness": {"dmean": 0.26182565093, "dmean2": 0.404876798391, "dvar": 0.055043745786, "dvar2": 0.133403971791, "max": 6.92141914368, "mean": 1.16559135914, "median": 1.06614851952, "min": -1.21384549141, "var": 0.523926198483}, "erbbands_spread": {"dmean": 4.26293325424, "dmean2": 6.50590324402, "dvar": 20.2072315216, "dvar2": 45.0775413513, "max": 125.360527039, "mean": 24.8123836517, "median": 23.311000824, "min": 2.89636564255, "var": 142.979858398}, "hfc": {"dmean": 2.83943009377, "dmean2": 4.33021593094, "dvar": 13.9720907211, "dvar2": 30.7887744904, "max": 59.0841178894, "mean": 13.7427816391, "median": 13.276345253, "min": 1.18562682403e-16, "var": 78.9332275391}, "melbands_crest": {"dmean": 2.80023622513, "dmean2": 4.6818819046, "dvar": 6.42764616013, "dvar2": 18.1361618042, "max": 29.3491897583, "mean": 14.5585975647, "median": 13.773935318, "min": 2.83116984367, "var": 21.6235332489}, "melbands_flatness_db": {"dmean": 0.0255044046789, "dmean2": 0.0398336797953, "dvar": 0.000618965656031, "dvar2": 0.00145644776057, "max": 0.647894501686, "mean": 0.330337494612, "median": 0.318005263805, "min": 0.0110996244475, "var": 0.00782805588096}, "melbands_kurtosis": {"dmean": 4.3594288826, "dmean2": 6.92906904221, "dvar": 32.6635742188, "dvar2": 80.7585754395, "max": 446.004974365, "mean": 15.898973465, "median": 10.0225963593, "min": -1.2746553421, "var": 951.509338379}, "melbands_skewness": {"dmean": 0.479987412691, "dmean2": 0.764223992825, "dvar": 0.20624358952, "dvar2": 0.528142094612, "max": 15.9892282486, "mean": 2.59147238731, "median": 2.36457705498, "min": -0.707067430019, "var": 2.15362501144}, "melbands_spread": {"dmean": 1.87023293972, "dmean2": 3.04307484627, "dvar": 5.63639974594, "dvar2": 12.2645158768, "max": 159.34161377, "mean": 8.63495254517, "median": 8.11803817749, "min": 0.51286906004, "var": 20.7578239441}, "pitch_salience": {"dmean": 0.0611390918493, "dmean2": 0.101481191814, "dvar": 0.00318730273284, "dvar2": 0.00882675871253, "max": 0.955795526505, "mean": 0.537654697895, "median": 0.552070021629, "min": 0.0889111310244, "var": 0.0147597482428}, "silence_rate_20dB": {"dmean": 0, "dmean2": 0, "dvar": 0, "dvar2": 0, "max": 1, "mean": 1, "median": 1, "min": 1, "var": 0}, "silence_rate_30dB": {"dmean": 0.0037842951715, "dmean2": 0.00756910163909, "dvar": 0.00377043965273, "dvar2": 0.00940576009452, "max": 1, "mean": 0.996351122856, "median": 1, "min": 0, "var": 0.0036348674912}, "silence_rate_60dB": {"dmean": 0.00878497119993, "dmean2": 0.0175035484135, "dvar": 0.00870694965124, "dvar2": 0.0209806319326, "max": 1, "mean": 0.065680116415, "median": 0, "min": 0, "var": 0.0613636411726}, "spectral_centroid": {"dmean": 95.4073867798, "dmean2": 152.414810181, "dvar": 22659.7089844, "dvar2": 42312.7773438, "max": 11211.5205078, "mean": 606.967651367, "median": 557.364562988, "min": 178.434112549, "var": 68832.3359375}, "spectral_complexity": {"dmean": 2.24597907066, "dmean2": 3.54213690758, "dvar": 6.04695940018, "dvar2": 13.3529958725, "max": 38, "mean": 14.7597808838, "median": 15, "min": 0, "var": 37.6615219116}, "spectral_decrease": {"dmean": 2.23638374486e-09, "dmean2": 3.63931462743e-09, "dvar": 6.3672322777e-18, "dvar2": 1.64324275962e-17, "max": 7.96192420702e-24, "mean": -9.84581749464e-09, "median": -9.62057633558e-09, "min": -3.53139419929e-08, "var": 4.05942624467e-17}, "spectral_energy": {"dmean": 0.00862352456897, "dmean2": 0.0140181388706, "dvar": 9.43994527915e-05, "dvar2": 0.000242420617724, "max": 0.135003983974, "mean": 0.0384067557752, "median": 0.0376790799201, "min": 1.08565233965e-20, "var": 0.000609338690992}, "spectral_energyband_high": {"dmean": 6.57647033222e-05, "dmean2": 0.000103609636426, "dvar": 1.7210121328e-08, "dvar2": 4.37401155295e-08, "max": 0.00205431738868, "mean": 0.000113783091365, "median": 4.34960275015e-05, "min": 7.54525558879e-21, "var": 3.5027014178e-08}, "spectral_energyband_low": {"dmean": 0.00586512451991, "dmean2": 0.00967802945524, "dvar": 7.29805469746e-05, "dvar2": 0.000194914886379, "max": 0.12676435709, "mean": 0.0147329363972, "median": 0.00853580981493, "min": 2.46140442756e-23, "var": 0.000312895339448}, "spectral_energyband_middle_high": {"dmean": 0.0007802292821, "dmean2": 0.00116035586689, "dvar": 1.19227024697e-06, "dvar2": 2.60260185314e-06, "max": 0.0185806639493, "mean": 0.00253095920198, "median": 0.0020941067487, "min": 1.72291442422e-21, "var": 4.43385170001e-06}, "spectral_energyband_middle_low": {"dmean": 0.00575175881386, "dmean2": 0.00923400744796, "dvar": 4.09314889112e-05, "dvar2": 0.000103960490378, "max": 0.0879793092608, "mean": 0.0224210042506, "median": 0.0207194648683, "min": 4.59445768333e-22, "var": 0.000214932835661}, "spectral_entropy": {"dmean": 0.185692995787, "dmean2": 0.284712970257, "dvar": 0.03858795017, "dvar2": 0.0898920819163, "max": 9.79630184174, "mean": 6.66910362244, "median": 6.76898670197, "min": 3.91864109039, "var": 0.395545452833}, "spectral_flux": {"dmean": 0.0207340717316, "dmean2": 0.0326707214117, "dvar": 0.000465979654109, "dvar2": 0.00112877821084, "max": 0.240364313126, "mean": 0.0728938505054, "median": 0.0732613652945, "min": 1.04194639028e-10, "var": 0.00178061204497}, "spectral_kurtosis": {"dmean": 6.44940900803, "dmean2": 11.0750007629, "dvar": 79.3300247192, "dvar2": 226.693222046, "max": 176.112701416, "mean": 14.0582084656, "median": 9.26489639282, "min": -1.17994010448, "var": 265.208465576}, "spectral_rms": {"dmean": 0.000659272365738, "dmean2": 0.00106373568997, "dvar": 4.64059979777e-07, "dvar2": 1.16132412131e-06, "max": 0.0114765502512, "mean": 0.00566307595, "median": 0.00606300868094, "min": 3.2544938966e-12, "var": 5.39951679457e-06}, "spectral_rolloff": {"dmean": 91.2048187256, "dmean2": 158.344360352, "dvar": 45680.09375, "dvar2": 80215.890625, "max": 18820.0195312, "mean": 553.065063477, "median": 538.330078125, "min": 107.666015625, "var": 226912.4375}, "spectral_skewness": {"dmean": 0.513287127018, "dmean2": 0.869643867016, "dvar": 0.334049373865, "dvar2": 0.932742893696, "max": 11.0147380829, "mean": 2.50891900063, "median": 2.32209587097, "min": -0.0470729656518, "var": 1.10801208019}, "spectral_spread": {"dmean": 431103.6875, "dmean2": 657682.8125, "dvar": 337699307520, "dvar2": 640675872768, "max": 39528840, "mean": 2968938.75, "median": 2795777.5, "min": 422282.46875, "var": 1979699560450.0}, "spectral_strongpeak": {"dmean": 0.351627469063, "dmean2": 0.59779804945, "dvar": 0.234153464437, "dvar2": 0.580899894238, "max": 5.99051046371, "mean": 0.951488792896, "median": 0.732127428055, "min": 3.48713946607e-09, "var": 0.680007994175}, "zerocrossingrate": {"dmean": 0.00397828128189, "dmean2": 0.00521718803793, "dvar": 2.62335288426e-05, "dvar2": 3.08063754346e-05, "max": 0.52294921875, "mean": 0.0264994613826, "median": 0.02490234375, "min": 0.00439453125, "var": 0.000194612832274}, "barkbands": {"dmean": [0.000176773362909, 0.00357246166095, 0.00301493913867, 0.00138282147236, 0.00295302597806, 0.0022935452871, 0.00144245533738, 0.000943980878219, 0.000538970867638, 0.000406454055337, 0.000221112291911, 0.000170795974554, 0.000105076280306, 6.36827317066e-05, 6.9442037784e-05, 7.21991164028e-05, 6.70912777423e-05, 5.81320564379e-05, 7.8881465015e-05, 4.12031986343e-05, 1.43130055221e-05, 1.11157132778e-05, 9.64240825851e-06, 6.74948341839e-06, 8.7845564849e-06, 8.30936278362e-06, 1.05602430267e-06], "dmean2": [0.000234157399973, 0.00601386278868, 0.00471886992455, 0.00227531208657, 0.00497640809044, 0.0037884383928, 0.00226656440645, 0.00137060135603, 0.000805339543149, 0.000630291644484, 0.000347188528394, 0.00025377687416, 0.000158598661073, 0.00010144643602, 0.000111253953946, 0.000116180592158, 0.000107740663225, 8.78638311406e-05, 0.00012181114289, 6.65535408189e-05, 2.3175158276e-05, 1.82551884791e-05, 1.60019390023e-05, 1.07607047539e-05, 1.39253388625e-05, 1.33470466608e-05, 1.74678325493e-06], "dvar": [1.2976056496e-07, 3.42574458045e-05, 3.48569119524e-05, 5.18061324328e-06, 1.35590335049e-05, 1.20390177472e-05, 7.1361373557e-06, 4.0407526285e-06, 9.28698739244e-07, 3.92496190216e-07, 1.08138806354e-07, 8.2853112815e-08, 4.23440873476e-08, 1.74028471633e-08, 1.70466396554e-08, 1.78012644625e-08, 1.44199194807e-08, 1.3669607668e-08, 4.50103492255e-08, 1.53426800154e-08, 1.07704012375e-09, 8.27278912041e-10, 4.79324413494e-10, 2.25492499673e-10, 3.10447306751e-10, 3.48231443681e-10, 6.51799491116e-12], "dvar2": [2.25969728262e-07, 9.816250531e-05, 8.09997727629e-05, 1.38179648275e-05, 3.7796318793e-05, 3.29207396135e-05, 1.7100281184e-05, 7.34363129595e-06, 1.91982394426e-06, 8.86415705281e-07, 2.65472209549e-07, 1.69099919844e-07, 8.08613336289e-08, 4.37178293566e-08, 4.2043222237e-08, 4.14959373529e-08, 3.42333983383e-08, 3.18049941939e-08, 9.69021343167e-08, 3.87414580416e-08, 2.84247470006e-09, 2.12543893596e-09, 1.23782883943e-09, 5.74995662195e-10, 7.66722796364e-10, 8.80043760088e-10, 1.68230446934e-11], "max": [0.00599998096004, 0.0837849602103, 0.112192101777, 0.037285849452, 0.0636134892702, 0.0592445209622, 0.0708094760776, 0.0659945085645, 0.025380326435, 0.0114389955997, 0.00843680370599, 0.00846111401916, 0.00792521797121, 0.00269629782997, 0.00235935999081, 0.0034592372831, 0.00260691531003, 0.00302933482453, 0.00585028436035, 0.00365006923676, 0.00056710280478, 0.000753951317165, 0.000772794883233, 0.000360379810445, 0.000211928418139, 0.00015145126963, 1.687969052e-05], "mean": [0.000261487992248, 0.00581985712051, 0.00743094272912, 0.00228239339776, 0.00712889945135, 0.00511215161532, 0.0033649217803, 0.00269444240257, 0.00154204387218, 0.000885258777998, 0.00042698578909, 0.000325465633068, 0.000205524935154, 0.00010258104885, 0.000113896101539, 0.000136622955324, 0.00014588754857, 0.000128542684251, 0.00013855243742, 6.90921151545e-05, 2.59060107055e-05, 1.75952518475e-05, 1.47630762513e-05, 1.08736658149e-05, 1.29049149109e-05, 8.37654079078e-06, 8.77465083704e-07], "median": [4.8971051001e-05, 0.00231741648167, 0.00129875272978, 0.00126588379499, 0.00505763432011, 0.00334739801474, 0.00143541826401, 0.000875198282301, 0.0007270174101, 0.000502415467054, 0.000272707547992, 0.00018739560619, 9.32987895794e-05, 4.10329012084e-05, 5.26619405719e-05, 8.35897808429e-05, 9.9072829471e-05, 6.92679386702e-05, 5.19066816196e-05, 2.1634852601e-05, 1.11027902676e-05, 4.92207118441e-06, 3.08960738948e-06, 1.64848324857e-06, 2.09567224374e-06, 7.8088379496e-07, 1.87686701736e-08], "min": [5.77058536373e-24, 1.57584511035e-23, 2.08266240676e-24, 3.34860725758e-24, 4.15458455118e-23, 1.09040633101e-22, 8.7779121455e-23, 1.8253559771e-23, 1.93106990172e-22, 1.59678431867e-23, 9.83720435091e-24, 1.55077318596e-22, 5.8664745622e-23, 1.48663033778e-22, 1.39002087774e-22, 1.95450954668e-22, 1.70874819892e-22, 4.01150436807e-22, 3.0894357793e-22, 3.65897341047e-22, 5.22717411155e-22, 5.62635237085e-22, 5.46523794392e-22, 5.97627440766e-22, 1.33581651576e-21, 1.46832727541e-21, 2.52539634456e-21], "var": [2.9400433732e-07, 7.00071614119e-05, 0.000181370909559, 9.13623262022e-06, 4.72710635222e-05, 3.23843123624e-05, 3.21198749589e-05, 3.37871497322e-05, 4.79382788399e-06, 1.23126710605e-06, 2.57364206391e-07, 1.93804197579e-07, 1.4723775621e-07, 3.07192031812e-08, 2.96576239123e-08, 3.17075539158e-08, 3.00180857948e-08, 3.27281384216e-08, 9.36576043387e-08, 2.65313602199e-08, 1.81591119919e-09, 1.37273536982e-09, 1.06961417501e-09, 5.65904378913e-10, 5.1645521193e-10, 3.38045036408e-10, 5.36928357678e-12]}, "erbbands": {"dmean": [0.124677456915, 0.775991559029, 2.79714751244, 4.39197444916, 7.80879211426, 10.2049455643, 13.4116287231, 22.2800331116, 20.943063736, 19.5871047974, 18.2852191925, 15.0735530853, 8.38871002197, 11.8521547318, 8.61856174469, 8.06889152527, 4.98962450027, 3.15596222878, 3.42103600502, 3.81995534897, 3.75463294983, 2.65871787071, 2.91140246391, 2.79070305824, 4.78968000412, 2.23239088058, 0.670049309731, 0.505408108234, 0.397166401148, 0.377718150616, 0.255560487509, 0.164061844349, 0.100855469704, 0.0870865508914, 0.0680231601, 0.0440561920404, 0.0139134656638, 0.00228355033323, 0.000209536388866, 1.19153537526e-05], "dmean2": [0.19427588582, 1.34835863113, 4.48402500153, 6.9763507843, 13.295750618, 17.1129398346, 21.3526000977, 37.5631713867, 32.6467781067, 30.3790588379, 26.2326259613, 22.0521621704, 13.1718273163, 18.3432598114, 13.5496225357, 11.8269929886, 7.53373432159, 4.8970708847, 5.46366930008, 6.06574869156, 6.0167927742, 4.25968503952, 4.31108045578, 4.27982759476, 7.47174835205, 3.58920192719, 1.09192943573, 0.811160385609, 0.64629483223, 0.619767129421, 0.424812823534, 0.267570257187, 0.160900965333, 0.137356162071, 0.108020864427, 0.071102462709, 0.0224076565355, 0.00377166131511, 0.000349122012267, 1.92373754544e-05], "dvar": [0.0483371391892, 1.60771763325, 29.9153556824, 54.4441452026, 136.995956421, 208.505218506, 388.255645752, 1353.67980957, 1547.65808105, 1546.41662598, 1957.55493164, 720.920166016, 167.485397339, 408.958618164, 153.641647339, 196.792816162, 81.3226165771, 34.2054290771, 52.4245223999, 44.5008888245, 37.6191368103, 19.1803627014, 34.5863761902, 24.4909820557, 210.792510986, 36.4447441101, 2.73578906059, 1.26690924168, 1.32326734066, 0.695847034454, 0.373070299625, 0.143881306052, 0.0498979575932, 0.0300898272544, 0.0198908280581, 0.00989628955722, 0.000995097565465, 2.84814359475e-05, 2.60648960193e-07, 2.07903236293e-10], "dvar2": [0.112877294421, 4.84417676926, 74.7673034668, 135.257293701, 388.983093262, 566.095947266, 938.326843262, 3753.23339844, 3704.87451172, 3581.31787109, 3031.62768555, 1464.79821777, 394.949310303, 904.056030273, 388.905761719, 385.906097412, 161.679595947, 78.4645309448, 135.052581787, 106.09172821, 87.7417144775, 45.5871315002, 73.6319198608, 56.2859191895, 456.279724121, 89.4413757324, 7.23641204834, 3.32527470589, 3.33158183098, 1.82485294342, 0.982235431671, 0.380502998829, 0.126233384013, 0.072001285851, 0.0499150790274, 0.0253423694521, 0.00250054011121, 7.27455189917e-05, 6.78646017604e-07, 5.3241522302e-10], "max": [2.38155245781, 22.9584274292, 104.219482422, 119.622451782, 209.625091553, 308.269836426, 427.576965332, 669.080078125, 960.190917969, 1367.08825684, 1674.40588379, 711.990539551, 345.289764404, 407.930999756, 273.370574951, 433.712921143, 325.92276001, 115.885047913, 133.970428467, 93.1256866455, 115.971923828, 82.1947250366, 198.072219849, 83.6255645752, 381.645629883, 159.41645813, 25.6005249023, 26.2280044556, 33.8419075012, 22.1864051819, 18.1755714417, 7.45061683655, 6.19713258743, 3.23824453354, 1.57251536846, 0.765600085258, 0.257564127445, 0.0386397279799, 0.0033907473553, 0.000171993015101], "mean": [0.179771021008, 1.34966278076, 6.89730405807, 9.34335327148, 15.8332834244, 23.3326091766, 31.6200466156, 47.7722244263, 51.2383499146, 49.8072395325, 52.9632339478, 45.9840927124, 21.975692749, 24.6512756348, 17.4326496124, 16.1533946991, 10.3071403503, 6.05673933029, 5.76385641098, 6.7606139183, 8.18741416931, 6.30698156357, 7.56803131104, 5.52416849136, 8.07962226868, 3.88102030754, 1.17723584175, 0.919816434383, 0.637671291828, 0.586386263371, 0.381980627775, 0.244547948241, 0.167401626706, 0.141774132848, 0.0900211110711, 0.0467656999826, 0.0134249255061, 0.00199786503799, 0.000188836478628, 4.66852470709e-05], "median": [0.0551215671003, 0.679896295071, 1.74916923046, 4.92045450211, 8.64222335815, 15.8384542465, 21.5874290466, 28.1006221771, 22.973241806, 19.5590572357, 23.1380329132, 22.7306251526, 15.0159301758, 13.4755992889, 12.1469068527, 9.66091442108, 5.51096725464, 2.82952451706, 2.50795125961, 3.71372056007, 5.60105800629, 4.61850500107, 4.2338514328, 3.34754872322, 2.0510725975, 1.23793745041, 0.515635788441, 0.374137997627, 0.180258065462, 0.137647882104, 0.082817338407, 0.0373745262623, 0.0272939633578, 0.0234946664423, 0.0142526216805, 0.00512247020379, 0.00103255012073, 0.000102864731161, 2.88854862447e-05, 4.4571395847e-05], "min": [7.334577271e-22, 2.38825319174e-21, 2.3091116365e-21, 7.52725390915e-21, 2.24973432607e-20, 1.67764661784e-19, 6.62120030041e-19, 7.25679089044e-19, 1.2717988772e-18, 1.01524291655e-18, 5.68411426781e-19, 4.41097163571e-18, 2.37494968956e-18, 5.11023703834e-19, 2.6296373594e-18, 4.67606234252e-18, 3.42315296179e-18, 6.93843936816e-18, 7.15919195336e-18, 7.94401347393e-18, 1.16478652135e-17, 1.12116159487e-17, 2.17491409096e-17, 1.52804528618e-17, 1.66867227688e-17, 1.88586724099e-17, 1.97079635602e-17, 2.0507001834e-17, 1.78425438931e-17, 1.76064764725e-17, 1.58130033207e-17, 1.28332994037e-17, 1.09441925926e-17, 1.23645369778e-17, 1.08516798857e-17, 4.66809866117e-18, 3.19082212276e-18, 1.1513105084e-18, 3.70292390142e-19, 3.73707599172e-20], "var": [0.0976100489497, 3.40263223648, 147.820327759, 142.745223999, 397.045776367, 578.616027832, 1200.41540527, 3580.52441406, 6063.01269531, 8418.77929688, 13510.5009766, 3816.69897461, 583.131286621, 1278.07556152, 310.825469971, 471.73626709, 276.193237305, 84.6353988647, 84.2886734009, 77.5198516846, 79.1506500244, 41.4757041931, 112.733978271, 46.4145889282, 439.284729004, 72.2579879761, 3.9801876545, 2.4543428421, 2.24203419685, 1.42229676247, 0.721951425076, 0.275704950094, 0.130852043629, 0.0643238797784, 0.0269382484257, 0.00973029062152, 0.000943391874898, 2.45366500167e-05, 2.12994549997e-07, 9.72753544382e-10]}, "gfcc": {"mean": [-75.7373657227, 166.964187622, -123.078285217, 12.7228155136, -52.3832969666, -28.5938301086, -24.511598587, -4.26941537857, -24.0038318634, -11.2001905441, -14.8986282349, -0.655810832977, -7.1363120079], "cov": [[22792.7382812, -1911.71716309, 1257.33178711, 1228.59631348, 277.429016113, 3115.07470703, -762.784606934, 2180.51269531, 311.109680176, 1481.03894043, 694.057373047, 443.474487305, -234.040664673], [-1911.71716309, 2379.40332031, -1533.22741699, -413.039825439, 303.425964355, -1373.52624512, 692.529174805, -720.774841309, 149.2734375, -458.629547119, 49.4885864258, -100.555847168, 235.605926514], [1257.33178711, -1533.22741699, 2011.96740723, 412.035522461, -61.0323219299, 1448.80761719, -544.337524414, 717.257873535, -22.2810134888, 417.309906006, 9.02019309998, 37.457447052, -172.259658813], [1228.59631348, -413.039825439, 412.035522461, 398.556945801, 75.3306808472, 503.808502197, -55.528968811, 255.852981567, 47.6875648499, 164.319656372, 63.661781311, 12.4261789322, -40.0720901489], [277.429016113, 303.425964355, -61.0323219299, 75.3306808472, 272.104003906, 36.3653717041, 115.727905273, 11.3221731186, 58.6460075378, 25.0897636414, 55.3054466248, 0.286931544542, 32.8500213623], [3115.07470703, -1373.52624512, 1448.80761719, 503.808502197, 36.3653717041, 1552.38659668, -430.69934082, 773.43951416, 56.214099884, 473.992980957, 121.447296143, 87.1056900024, -108.589401245], [-762.784606934, 692.529174805, -544.337524414, -55.528968811, 115.727905273, -430.69934082, 331.649841309, -214.685852051, 59.9078559875, -131.056793213, 21.7980155945, -36.3167533875, 65.9660873413], [2180.51269531, -720.774841309, 717.257873535, 255.852981567, 11.3221731186, 773.43951416, -214.685852051, 534.513916016, 66.70287323, 289.664306641, 84.6993103027, 50.0937957764, -59.6608848572], [311.109680176, 149.2734375, -22.2810134888, 47.6875648499, 58.6460075378, 56.214099884, 59.9078559875, 66.70287323, 131.736099243, 48.9887809753, 41.2507553101, 1.16795265675, 22.4837169647], [1481.03894043, -458.629547119, 417.309906006, 164.319656372, 25.0897636414, 473.992980957, -131.056793213, 289.664306641, 48.9887809753, 260.034240723, 79.3601531982, 14.6860437393, -46.7702102661], [694.057373047, 49.4885864258, 9.02019309998, 63.661781311, 55.3054466248, 121.447296143, 21.7980155945, 84.6993103027, 41.2507553101, 79.3601531982, 129.398040771, 43.4195671082, 19.924955368], [443.474487305, -100.555847168, 37.457447052, 12.4261789322, 0.286931544542, 87.1056900024, -36.3167533875, 50.0937957764, 1.16795265675, 14.6860437393, 43.4195671082, 104.276809692, 28.6786251068], [-234.040664673, 235.605926514, -172.259658813, -40.0720901489, 32.8500213623, -108.589401245, 65.9660873413, -59.6608848572, 22.4837169647, -46.7702102661, 19.924955368, 28.6786251068, 104.13924408]], "icov": [[0.000217365639401, -0.00075666536577, 0.000596521887928, -0.000454102060758, 0.000373752176529, -0.000494294858072, 0.000606480403803, -0.000863313791342, 0.000894557801075, -0.00131543772295, 0.000861675827764, -0.00120275956579, 0.00088275357848], [-0.00075666536577, 0.00604684418067, -0.00218628183939, 0.00309675466269, -0.00358618842438, 0.0026668116916, -0.0037649651058, 0.00369717995636, -0.00620341859758, 0.00793282873929, -0.00696522602811, 0.00744454329833, -0.00520618446171], [0.000596521887928, -0.00218628183939, 0.00363921187818, -0.0011991369538, 0.00100579066202, -0.00303785339929, 0.00267858500592, -0.00264485413209, 0.00279203150421, -0.00342056388035, 0.00336535414681, -0.00289161480032, 0.00316169974394], [-0.000454102060758, 0.00309675466269, -0.0011991369538, 0.00674132583663, -0.00220636371523, -0.000646234955639, -0.00385016854852, 0.00201658997685, -0.0031828219071, 0.00412258086726, -0.00379150314257, 0.00428693788126, -0.00171636894811], [0.000373752176529, -0.00358618842438, 0.00100579066202, -0.00220636371523, 0.00751292379573, -0.00223697768524, -0.000382331490982, -0.00125768687576, 0.0030915485695, -0.00510750198737, 0.00336331757717, -0.00412554759532, 0.00211861589924], [-0.000494294858072, 0.0026668116916, -0.00303785339929, -0.000646234955639, -0.00223697768524, 0.00659118872136, -0.000141938391607, -0.000597969978116, -0.00279346248135, 0.00247333431616, -0.00366956042126, 0.00273420661688, -0.00342909409665], [0.000606480403803, -0.0037649651058, 0.00267858500592, -0.00385016854852, -0.000382331490982, -0.000141938391607, 0.0123509829864, -0.00259324978106, 0.00071298860712, -0.00257385405712, 0.00144161446951, -0.00196566572413, 0.00244903028943], [-0.000863313791342, 0.00369717995636, -0.00264485413209, 0.00201658997685, -0.00125768687576, -0.000597969978116, -0.00259324978106, 0.0122907897457, -0.00655824504793, 0.00235715135932, -0.0043219756335, 0.00408216286451, -0.00326918438077], [0.000894557801075, -0.00620341859758, 0.00279203150421, -0.0031828219071, 0.0030915485695, -0.00279346248135, 0.00071298860712, -0.00655824504793, 0.0181897729635, -0.0106302648783, 0.00706237461418, -0.00723625533283, 0.00328205153346], [-0.00131543772295, 0.00793282873929, -0.00342056388035, 0.00412258086726, -0.00510750198737, 0.00247333431616, -0.00257385405712, 0.00235715135932, -0.0106302648783, 0.0250925999135, -0.0149566726759, 0.0141656035557, -0.00527928583324], [0.000861675827764, -0.00696522602811, 0.00336535414681, -0.00379150314257, 0.00336331757717, -0.00366956042126, 0.00144161446951, -0.0043219756335, 0.00706237461418, -0.0149566726759, 0.022995794192, -0.0143843982369, 0.0048454888165], [-0.00120275956579, 0.00744454329833, -0.00289161480032, 0.00428693788126, -0.00412554759532, 0.00273420661688, -0.00196566572413, 0.00408216286451, -0.00723625533283, 0.0141656035557, -0.0143843982369, 0.0246060416102, -0.0110427644104], [0.00088275357848, -0.00520618446171, 0.00316169974394, -0.00171636894811, 0.00211861589924, -0.00342909409665, 0.00244903028943, -0.00326918438077, 0.00328205153346, -0.00527928583324, 0.0048454888165, -0.0110427644104, 0.0193005707115]]}, "melbands": {"dmean": [0.00103302753996, 0.00122540281154, 0.000771700986661, 0.000650234636851, 0.000462904863525, 0.000469115562737, 0.000315785640851, 0.000206605967833, 0.000144976467709, 8.55011094245e-05, 4.2959170969e-05, 5.21023939655e-05, 3.01441668853e-05, 2.10789276025e-05, 1.31027782118e-05, 1.09899729068e-05, 5.97766438659e-06, 5.77187847739e-06, 4.81531105834e-06, 6.06159801464e-06, 4.42030386694e-06, 3.19139007843e-06, 3.07315644932e-06, 2.97691030937e-06, 2.18482682612e-06, 3.85970588468e-06, 2.25788107855e-06, 1.34517961214e-06, 3.99048190047e-07, 4.42514220822e-07, 2.53858075894e-07, 2.50152766057e-07, 2.08555860581e-07, 2.2207261452e-07, 1.72209666971e-07, 1.15331530992e-07, 9.58831876119e-08, 7.16052710459e-08, 7.40706838087e-08, 7.68590453504e-08], "dmean2": [0.00168871262576, 0.00200658920221, 0.0012435358949, 0.00110368442256, 0.000745551427826, 0.000786793592852, 0.000492212944664, 0.000317703030305, 0.000207308868994, 0.000126222250401, 6.80271696183e-05, 8.09191988083e-05, 4.69660917588e-05, 3.16483674396e-05, 1.97722129087e-05, 1.6428228264e-05, 9.4515762612e-06, 9.26156189962e-06, 7.70200676925e-06, 9.67147025221e-06, 7.12046585249e-06, 5.18774595548e-06, 4.65523362436e-06, 4.5693118409e-06, 3.39719213116e-06, 6.00782777838e-06, 3.57346129931e-06, 2.19158482651e-06, 6.7028884132e-07, 7.12456653673e-07, 4.14639288238e-07, 4.14215492128e-07, 3.42239644624e-07, 3.68230388403e-07, 2.8768729976e-07, 1.93768059376e-07, 1.54944004294e-07, 1.15895424813e-07, 1.18127751136e-07, 1.20752233101e-07], "dvar": [3.01563477478e-06, 4.56001498605e-06, 1.37690381052e-06, 7.70366796132e-07, 4.18425031512e-07, 5.7208620774e-07, 3.44643780181e-07, 1.79971394232e-07, 1.10658703534e-07, 2.31351382496e-08, 4.48359394056e-09, 8.02609978479e-09, 1.82714032793e-09, 1.12287079634e-09, 3.76010639291e-10, 6.73433142584e-10, 1.37899733299e-10, 1.60949018002e-10, 8.68115579422e-11, 1.38557554319e-10, 5.56484962277e-11, 3.26239001092e-11, 2.66027217616e-11, 5.21905713091e-11, 1.45675260049e-11, 1.51456291952e-10, 5.0381497585e-11, 1.35766788437e-11, 1.15858527199e-12, 9.77118993356e-13, 3.90023788006e-13, 5.64534259184e-13, 2.55503002653e-13, 2.39620497923e-13, 1.8060863406e-13, 7.01923735065e-14, 5.18780676783e-14, 3.00596475337e-14, 2.73076645931e-14, 2.29017566494e-14], "dvar2": [8.20985951577e-06, 1.17964600577e-05, 3.50945447281e-06, 2.19432217818e-06, 1.05005767637e-06, 1.58199054567e-06, 8.24329845273e-07, 4.04925799558e-07, 1.71964273932e-07, 4.75258907784e-08, 1.06608961659e-08, 1.77111161292e-08, 4.51126069834e-09, 2.33323516063e-09, 8.1157347509e-10, 1.19873477811e-09, 3.27216004292e-10, 4.23409418637e-10, 2.13084813683e-10, 3.2205527134e-10, 1.31808064463e-10, 7.97073379522e-11, 5.52277598653e-11, 1.32350741477e-10, 3.45557332748e-11, 3.2778343928e-10, 1.21233426076e-10, 3.35410935137e-11, 3.15692957886e-12, 2.44323918736e-12, 1.05059071252e-12, 1.45858184471e-12, 6.37203777156e-13, 6.17918531013e-13, 4.66962839923e-13, 1.9230947943e-13, 1.3549850532e-13, 7.78865090912e-14, 6.7142607663e-14, 5.50555999716e-14], "max": [0.0216517224908, 0.0380069576204, 0.0165800545365, 0.0135844936594, 0.0121897114441, 0.0134183121845, 0.0131429322064, 0.0162455141544, 0.0124549111351, 0.00391326472163, 0.00172606797423, 0.00182908435818, 0.000758901587687, 0.000934613344725, 0.000486125121824, 0.00108213501517, 0.000263012712821, 0.000253458332736, 0.000250784039963, 0.000308312271954, 0.000161599687999, 0.000117179683002, 0.000141878350405, 0.000230507095694, 6.45813342999e-05, 0.000344364292687, 0.000226948672207, 9.56474905252e-05, 2.01895727514e-05, 1.50718769873e-05, 1.99235601031e-05, 1.76284465851e-05, 1.71844712895e-05, 1.69757968251e-05, 1.46989432324e-05, 4.68858661407e-06, 4.84159954794e-06, 5.5042069107e-06, 5.63333878745e-06, 2.04202478926e-06], "mean": [0.00159580225591, 0.00303815049119, 0.00181292381603, 0.00144306593575, 0.00115673418622, 0.00101997854654, 0.000766739365645, 0.000541874556802, 0.000419808668084, 0.000249318080023, 0.000102819394669, 0.000102603378764, 5.92293290538e-05, 4.18990166509e-05, 2.70341697615e-05, 2.12017257581e-05, 1.01194964373e-05, 9.23871357372e-06, 7.78639969212e-06, 1.08214671855e-05, 9.41731923376e-06, 6.61073818264e-06, 7.55576729716e-06, 6.24411040917e-06, 3.90435616282e-06, 6.21680874247e-06, 3.99431155529e-06, 2.17625301957e-06, 6.0221145759e-07, 7.68447705468e-07, 4.30704574228e-07, 3.7017744603e-07, 3.21786075119e-07, 3.32009818749e-07, 2.49204475722e-07, 1.54874413738e-07, 1.44292357618e-07, 1.12325970747e-07, 1.22420388493e-07, 1.19087445682e-07], "median": [0.000582398148254, 0.00124543777201, 0.00104343716521, 0.00100682920311, 0.000778225890826, 0.000617546145804, 0.000330205541104, 0.000198305264348, 0.00019471613632, 0.000123211546452, 6.42166414764e-05, 5.17144944752e-05, 3.9021964767e-05, 2.68323165074e-05, 1.78985847015e-05, 8.18738590169e-06, 4.25398229709e-06, 3.77682272301e-06, 3.55907286576e-06, 6.01155306867e-06, 6.3365623646e-06, 4.51789264844e-06, 4.20262040279e-06, 3.48512821802e-06, 2.30022465075e-06, 1.58053910582e-06, 1.08999404347e-06, 6.69939595355e-07, 2.36481852767e-07, 3.04455880951e-07, 1.62838205142e-07, 8.95659155731e-08, 1.00397755887e-07, 7.05759362063e-08, 5.53740271414e-08, 2.53820573448e-08, 2.07198791458e-08, 1.81922867881e-08, 1.79744716888e-08, 1.98519476413e-08], "min": [5.78380982794e-24, 2.02866862489e-24, 1.45113694946e-24, 5.60337367309e-24, 1.91872113622e-23, 1.95418532485e-23, 1.87300885557e-23, 9.02784962823e-24, 4.65455070896e-24, 3.11642529833e-23, 1.11713693012e-23, 1.67309075515e-24, 5.07048984858e-24, 1.63616362397e-23, 1.03526011013e-23, 6.84895822117e-24, 1.28368510985e-23, 1.08176125168e-23, 1.09880119944e-23, 1.07314704837e-23, 1.45703855595e-23, 1.16613134545e-23, 1.30414745175e-23, 2.11128618526e-23, 1.10271568502e-23, 1.21365942612e-23, 1.00870334442e-23, 1.31401523393e-23, 1.08893633605e-23, 1.44746115347e-23, 1.18741110502e-23, 1.03268400596e-23, 1.08003680174e-23, 9.01502669422e-24, 8.69281724634e-24, 9.52405812597e-24, 7.28126188584e-24, 7.16962307939e-24, 9.82362332157e-24, 9.62857115186e-24], "var": [5.8711298152e-06, 2.1175315851e-05, 4.19798288931e-06, 2.15710019802e-06, 1.45205092394e-06, 1.53548432991e-06, 1.45494232129e-06, 1.08667029508e-06, 7.38021583402e-07, 1.15802428979e-07, 1.49837369179e-08, 2.46620697197e-08, 4.13010159406e-09, 2.65543809164e-09, 9.15473141738e-10, 2.39884800912e-09, 2.89483159666e-10, 2.40366643256e-10, 1.51748724697e-10, 2.39612885089e-10, 1.19355095252e-10, 6.27848328882e-11, 9.45511585693e-11, 8.88280629607e-11, 2.39715920725e-11, 3.05087205499e-10, 9.51877882072e-11, 2.42094174568e-11, 1.39593002955e-12, 1.68842034538e-12, 7.10069644142e-13, 8.92139552337e-13, 4.43884648005e-13, 5.08395246474e-13, 3.46921303533e-13, 9.71102877474e-14, 1.09121926447e-13, 7.00366210881e-14, 6.41725713367e-14, 4.39631207686e-14]}, "mfcc": {"mean": [-705.594360352, 180.544342041, -9.26299667358, 25.9684314728, -8.54538440704, -20.6113376617, -6.18448162079, -2.44985055923, -7.336789608, -13.3444986343, -9.14338970184, -6.6769657135, -1.42645132542], "cov": [[11994.4853516, 1064.62280273, 963.436401367, 737.938781738, 974.429138184, 1253.93554688, 701.39453125, 749.964111328, 583.755004883, 1074.33312988, 990.83380127, 627.980407715, 696.379638672], [1064.62280273, 1749.60693359, -683.429992676, 283.266479492, -157.724014282, -219.069534302, 41.3246612549, -39.2409820557, 42.1267242432, -149.795410156, -23.8310604095, 62.972984314, 42.0511474609], [963.436401367, -683.429992676, 1177.87084961, -70.6205749512, 539.83404541, 574.47869873, 181.052185059, 303.573028564, 174.296310425, 405.934295654, 278.1824646, 159.00340271, 150.509399414], [737.938781738, 283.266479492, -70.6205749512, 353.26071167, 76.2976608276, 146.531387329, 149.420593262, 75.5784454346, 105.900840759, 98.4661178589, 134.69078064, 72.8504638672, 73.9814682007], [974.429138184, -157.724014282, 539.83404541, 76.2976608276, 463.610931396, 441.428619385, 186.098968506, 237.041610718, 170.473648071, 284.370697021, 229.198410034, 157.080444336, 128.250015259], [1253.93554688, -219.069534302, 574.47869873, 146.531387329, 441.428619385, 613.833679199, 265.950622559, 261.959106445, 214.985748291, 351.60760498, 292.548126221, 184.064819336, 167.841064453], [701.39453125, 41.3246612549, 181.052185059, 149.420593262, 186.098968506, 265.950622559, 223.685836792, 147.790145874, 101.538604736, 173.090377808, 155.027618408, 95.1038818359, 102.391609192], [749.964111328, -39.2409820557, 303.573028564, 75.5784454346, 237.041610718, 261.959106445, 147.790145874, 236.016799927, 133.392730713, 166.447616577, 167.627349854, 105.673919678, 98.2998046875], [583.755004883, 42.1267242432, 174.296310425, 105.900840759, 170.473648071, 214.985748291, 101.538604736, 133.392730713, 191.375854492, 179.028045654, 134.582687378, 102.8878479, 70.3850326538], [1074.33312988, -149.795410156, 405.934295654, 98.4661178589, 284.370697021, 351.60760498, 173.090377808, 166.447616577, 179.028045654, 367.946716309, 248.423416138, 126.818412781, 131.32951355], [990.83380127, -23.8310604095, 278.1824646, 134.69078064, 229.198410034, 292.548126221, 155.027618408, 167.627349854, 134.582687378, 248.423416138, 267.055297852, 143.030853271, 117.333755493], [627.980407715, 62.972984314, 159.00340271, 72.8504638672, 157.080444336, 184.064819336, 95.1038818359, 105.673919678, 102.8878479, 126.818412781, 143.030853271, 156.782119751, 93.2747192383], [696.379638672, 42.0511474609, 150.509399414, 73.9814682007, 128.250015259, 167.841064453, 102.391609192, 98.2998046875, 70.3850326538, 131.32951355, 117.333755493, 93.2747192383, 146.06741333]], "icov": [[0.000157689311891, -0.000135058435262, 9.93305638985e-06, -0.000122580328025, 7.73718129494e-05, -0.000179319555173, 0.000274971214822, -0.000288640265353, 0.00033315908513, -0.000406190985814, -3.32532035827e-05, -9.17532088351e-05, -0.000231471160077], [-0.000135058435262, 0.00111987919081, 0.000560390821192, -0.000325110013364, -0.000587703369092, 0.000882907945197, -0.000647356209811, 0.000288015551632, -0.000882768188603, 0.000820166489575, -1.80572315003e-05, -0.000434898218373, -0.000349634297891], [9.93305638985e-06, 0.000560390821192, 0.00315202469938, 0.000747010170016, -0.00167834677268, -0.0011388331186, 0.00130974140484, -0.0019350880757, 0.00145619758405, -0.00191061897203, 0.000734014320187, -0.000348530040355, -1.9462144337e-05], [-0.000122580328025, -0.000325110013364, 0.000747010170016, 0.00639315228909, -0.000388090847991, 7.08852021489e-05, -0.0041229929775, 0.00267112487927, -0.00393172120675, 0.00291717937216, -0.00434825429693, 0.00261077913456, -0.000880478823092], [7.73718129494e-05, -0.000587703369092, -0.00167834677268, -0.000388090847991, 0.0101351160556, -0.00449245935306, 0.00151001906488, -0.00405365135521, 0.0018412345089, -0.00267760572024, 0.00203029043041, -0.00303388340399, 0.00148574169725], [-0.000179319555173, 0.000882907945197, -0.0011388331186, 7.08852021489e-05, -0.00449245935306, 0.00982551649213, -0.00571812549606, 0.00250476901419, -0.0040335492231, 0.00170095032081, -0.00262528308667, 0.00056592276087, -0.00112293858547], [0.000274971214822, -0.000647356209811, 0.00130974140484, -0.0041229929775, 0.00151001906488, -0.00571812549606, 0.0164023265243, -0.00748465675861, 0.00655910046771, -0.00601662881672, 0.00362627394497, -0.00218700431287, -0.000869483861607], [-0.000288640265353, 0.000288015551632, -0.0019350880757, 0.00267112487927, -0.00405365135521, 0.00250476901419, -0.00748465675861, 0.0174009129405, -0.00989161431789, 0.00871081091464, -0.00821985770017, 0.00455325376242, -0.00321863172576], [0.00033315908513, -0.000882768188603, 0.00145619758405, -0.00393172120675, 0.0018412345089, -0.0040335492231, 0.00655910046771, -0.00989161431789, 0.019872199744, -0.0116306180134, 0.00780990626663, -0.00825634226203, 0.00411387719214], [-0.000406190985814, 0.000820166489575, -0.00191061897203, 0.00291717937216, -0.00267760572024, 0.00170095032081, -0.00601662881672, 0.00871081091464, -0.0116306180134, 0.0177589375526, -0.0120375994593, 0.00716727459803, -0.00432637194172], [-3.32532035827e-05, -1.80572315003e-05, 0.000734014320187, -0.00434825429693, 0.00203029043041, -0.00262528308667, 0.00362627394497, -0.00821985770017, 0.00780990626663, -0.0120375994593, 0.0212423782796, -0.0104519762099, 0.00250387797132], [-9.17532088351e-05, -0.000434898218373, -0.000348530040355, 0.00261077913456, -0.00303388340399, 0.00056592276087, -0.00218700431287, 0.00455325376242, -0.00825634226203, 0.00716727459803, -0.0104519762099, 0.0197920743376, -0.00662662601098], [-0.000231471160077, -0.000349634297891, -1.9462144337e-05, -0.000880478823092, 0.00148574169725, -0.00112293858547, -0.000869483861607, -0.00321863172576, 0.00411387719214, -0.00432637194172, 0.00250387797132, -0.00662662601098, 0.0154055058956]]}, "spectral_contrast_coeffs": {"dmean": [0.0500598885119, 0.0433029457927, 0.0336328372359, 0.0264908783138, 0.0238217469305, 0.0308624003083], "dmean2": [0.0833340808749, 0.0712223649025, 0.0537001341581, 0.0430071167648, 0.0381568670273, 0.0521807447076], "dvar": [0.00163632421754, 0.00136917666532, 0.000785090203863, 0.000475243869005, 0.000510213489179, 0.00114864308853], "dvar2": [0.00447764713317, 0.00360639789142, 0.00197581201792, 0.00121402123477, 0.00117135758046, 0.00329757947475], "max": [-0.150562345982, -0.406656205654, -0.467771172523, -0.588344275951, -0.547910511494, -0.465358138084], "mean": [-0.528755426407, -0.687637805939, -0.738339602947, -0.786249160767, -0.750391721725, -0.743018805981], "median": [-0.557181894779, -0.693704485893, -0.742950558662, -0.789884328842, -0.750199794769, -0.766015648842], "min": [-0.95558232069, -0.978652834892, -0.966631829739, -0.953043043613, -0.96020168066, -0.958147823811], "var": [0.018184222281, 0.00587313808501, 0.00450805714354, 0.00255894986913, 0.00352770229802, 0.00571909826249]}, "spectral_contrast_valleys": {"dmean": [0.467398107052, 0.298826158047, 0.289858788252, 0.305585473776, 0.316159665585, 0.565471589565], "dmean2": [0.786265492439, 0.494348615408, 0.468427956104, 0.482823163271, 0.479222148657, 0.908735394478], "dvar": [0.208357602358, 0.0921940803528, 0.0922064632177, 0.108136668801, 0.128239810467, 0.320605993271], "dvar2": [0.541469871998, 0.194286435843, 0.188767597079, 0.217504411936, 0.26387450099, 0.942627310753], "max": [-5.15132474899, -4.41223669052, -5.51829624176, -6.01953