{"lowlevel": {"average_loudness": 0.947265684605, "barkbands_crest": {"dmean": 2.39646673203, "dmean2": 3.93322348595, "dvar": 5.40942573547, "dvar2": 14.0622053146, "max": 24.4286346436, "mean": 14.5273828506, "median": 14.7238292694, "min": 2.55976986885, "var": 20.6902580261}, "barkbands_flatness_db": {"dmean": 0.0204420890659, "dmean2": 0.029184943065, "dvar": 0.000430378306191, "dvar2": 0.000919285579585, "max": 0.430519640446, "mean": 0.177225962281, "median": 0.168992877007, "min": 0.0439767502248, "var": 0.00357973598875}, "barkbands_kurtosis": {"dmean": 6.96366405487, "dmean2": 10.933675766, "dvar": 158.907394409, "dvar2": 399.007171631, "max": 384.557769775, "mean": 19.3404064178, "median": 9.16880226135, "min": -1.73510944843, "var": 656.355895996}, "barkbands_skewness": {"dmean": 0.645915925503, "dmean2": 1.01742219925, "dvar": 0.56013739109, "dvar2": 1.34531843662, "max": 15.9410257339, "mean": 3.1557431221, "median": 2.80026626587, "min": -2.45829582214, "var": 4.9197306633}, "barkbands_spread": {"dmean": 3.37402439117, "dmean2": 5.28390216827, "dvar": 19.4386692047, "dvar2": 46.242313385, "max": 70.6767807007, "mean": 14.9978370667, "median": 12.6010074615, "min": 0.56350928545, "var": 124.046180725}, "dissonance": {"dmean": 0.0171477589756, "dmean2": 0.0290799476206, "dvar": 0.000274698919384, "dvar2": 0.000770242069848, "max": 0.499982059002, "mean": 0.462171077728, "median": 0.467062413692, "min": 0.25976639986, "var": 0.000636935408693}, "dynamic_complexity": 3.17561650276, "erbbands_crest": {"dmean": 2.52531147003, "dmean2": 4.12902641296, "dvar": 6.05942773819, "dvar2": 15.6094818115, "max": 29.5315361023, "mean": 8.84883213043, "median": 7.90400505066, "min": 2.39759683609, "var": 16.8702373505}, "erbbands_flatness_db": {"dmean": 0.0179225374013, "dmean2": 0.0254594348371, "dvar": 0.000265936367214, "dvar2": 0.00049070949899, "max": 0.290497392416, "mean": 0.13057346642, "median": 0.130559563637, "min": 0.0348935350776, "var": 0.00155196001288}, "erbbands_kurtosis": {"dmean": 0.830959618092, "dmean2": 1.3462446928, "dvar": 1.12178981304, "dvar2": 2.7564022541, "max": 16.7612285614, "mean": 0.500067591667, "median": -0.0680119991302, "min": -1.78395235538, "var": 3.51410627365}, "erbbands_skewness": {"dmean": 0.329631119967, "dmean2": 0.519257366657, "dvar": 0.0922204479575, "dvar2": 0.22727547586, "max": 3.2025244236, "mean": 0.515742003918, "median": 0.499347776175, "min": -2.24154663086, "var": 0.577289879322}, "erbbands_spread": {"dmean": 9.66725349426, "dmean2": 14.8259887695, "dvar": 146.446090698, "dvar2": 310.520050049, "max": 156.122772217, "mean": 48.1689147949, "median": 42.8425254822, "min": 5.30367612839, "var": 609.591064453}, "hfc": {"dmean": 3.98404669762, "dmean2": 6.05886507034, "dvar": 26.4598312378, "dvar2": 63.7145576477, "max": 101.181518555, "mean": 19.266254425, "median": 13.0707187653, "min": 1.21451302981e-16, "var": 275.290924072}, "melbands_crest": {"dmean": 3.13273835182, "dmean2": 5.3033208847, "dvar": 10.1323871613, "dvar2": 28.4126586914, "max": 35.4566001892, "mean": 18.7476100922, "median": 18.7511520386, "min": 1.7039244175, "var": 32.1825294495}, "melbands_flatness_db": {"dmean": 0.0221793912351, "dmean2": 0.0323144011199, "dvar": 0.000584457418881, "dvar2": 0.0012810662156, "max": 0.575067698956, "mean": 0.274146318436, "median": 0.272153735161, "min": 0.00642543565482, "var": 0.00668615754694}, "melbands_kurtosis": {"dmean": 17.8785839081, "dmean2": 27.8743667603, "dvar": 933.827392578, "dvar2": 2159.74829102, "max": 567.287536621, "mean": 50.356426239, "median": 26.4490909576, "min": -1.41698729992, "var": 4287.05419922}, "melbands_skewness": {"dmean": 0.980228483677, "dmean2": 1.5279083252, "dvar": 1.25533330441, "dvar2": 2.88443779945, "max": 18.9466247559, "mean": 4.72228813171, "median": 4.24668121338, "min": -0.708768129349, "var": 8.65394020081}, "melbands_spread": {"dmean": 2.9587469101, "dmean2": 4.75405693054, "dvar": 23.5922050476, "dvar2": 60.0840988159, "max": 140.749420166, "mean": 14.4156608582, "median": 8.44305038452, "min": 0.389020621777, "var": 378.917999268}, "pitch_salience": {"dmean": 0.0694237574935, "dmean2": 0.115143835545, "dvar": 0.00422720378265, "dvar2": 0.0115771386772, "max": 0.963708460331, "mean": 0.448886781931, "median": 0.433800250292, "min": 0.115103833377, "var": 0.013807175681}, "silence_rate_20dB": {"dmean": 0, "dmean2": 0, "dvar": 0, "dvar2": 0, "max": 1, "mean": 1, "median": 1, "min": 1, "var": 0}, "silence_rate_30dB": {"dmean": 0.0134632419795, "dmean2": 0.0269312541932, "dvar": 0.013282851316, "dvar2": 0.0325865522027, "max": 1, "mean": 0.98724758625, "median": 1, "min": 0, "var": 0.0125893130898}, "silence_rate_60dB": {"dmean": 0.00106288748793, "dmean2": 0.00212615169585, "dvar": 0.00106178387068, "dvar2": 0.0024758731015, "max": 1, "mean": 0.0364860072732, "median": 0, "min": 0, "var": 0.0351512245834}, "spectral_centroid": {"dmean": 164.386276245, "dmean2": 261.774108887, "dvar": 40624.671875, "dvar2": 90268.7734375, "max": 10472.9755859, "mean": 1067.90136719, "median": 981.260864258, "min": 193.299804688, "var": 460401.25}, "spectral_complexity": {"dmean": 2.26536750793, "dmean2": 3.63075828552, "dvar": 4.83702898026, "dvar2": 11.2128715515, "max": 48, "mean": 16.1087493896, "median": 15, "min": 0, "var": 86.9539718628}, "spectral_decrease": {"dmean": 2.61977550764e-09, "dmean2": 4.1987617827e-09, "dvar": 1.03976288669e-17, "dvar2": 2.55354096166e-17, "max": 5.91663680595e-19, "mean": -1.38926834481e-08, "median": -1.46259022671e-08, "min": -4.06550064724e-08, "var": 4.75277763679e-17}, "spectral_energy": {"dmean": 0.0100622558966, "dmean2": 0.01611443609, "dvar": 0.000150858249981, "dvar2": 0.000368753477233, "max": 0.155428692698, "mean": 0.054181650281, "median": 0.0570123568177, "min": 1.07840231161e-20, "var": 0.00072279968299}, "spectral_energyband_high": {"dmean": 0.000203926989343, "dmean2": 0.000303023349261, "dvar": 1.41397848097e-07, "dvar2": 3.29418270439e-07, "max": 0.00502018723637, "mean": 0.000440949748736, "median": 0.000255489721894, "min": 7.70691285299e-21, "var": 3.01749366827e-07}, "spectral_energyband_low": {"dmean": 0.00878968089819, "dmean2": 0.014286163263, "dvar": 0.000147822138388, "dvar2": 0.000366631895304, "max": 0.137022584677, "mean": 0.0372195467353, "median": 0.0380462706089, "min": 9.68521010268e-23, "var": 0.000523846247233}, "spectral_energyband_middle_high": {"dmean": 0.0013880757615, "dmean2": 0.00221819290891, "dvar": 7.29825023882e-06, "dvar2": 1.88921567315e-05, "max": 0.0683437436819, "mean": 0.00510110612959, "median": 0.00187879242003, "min": 1.51714850106e-21, "var": 5.53372483409e-05}, "spectral_energyband_middle_low": {"dmean": 0.00443616695702, "dmean2": 0.00695530418307, "dvar": 3.23693457176e-05, "dvar2": 8.39792119223e-05, "max": 0.0738028138876, "mean": 0.0123358536512, "median": 0.00953495129943, "min": 2.92266831202e-22, "var": 9.52963091549e-05}, "spectral_entropy": {"dmean": 0.181009054184, "dmean2": 0.259354144335, "dvar": 0.0376680493355, "dvar2": 0.0697441548109, "max": 9.8021068573, "mean": 7.43468427658, "median": 7.45403575897, "min": 5.45787715912, "var": 0.212785735726}, "spectral_flux": {"dmean": 0.0235963780433, "dmean2": 0.0380090326071, "dvar": 0.00069894612534, "dvar2": 0.00173292867839, "max": 0.294968426228, "mean": 0.083479821682, "median": 0.0770145133138, "min": 1.03846153898e-10, "var": 0.00193977437448}, "spectral_kurtosis": {"dmean": 1.44749677181, "dmean2": 2.32653737068, "dvar": 3.33720755577, "dvar2": 8.1454744339, "max": 35.3470039368, "mean": 4.73080396652, "median": 4.32847642899, "min": -1.18478918076, "var": 8.42527103424}, "spectral_rms": {"dmean": 0.000696282077115, "dmean2": 0.00110274949111, "dvar": 7.04235958437e-07, "dvar2": 1.66833353887e-06, "max": 0.0123141277581, "mean": 0.00690726423636, "median": 0.00745800323784, "min": 3.24360894047e-12, "var": 5.14999055667e-06}, "spectral_rolloff": {"dmean": 172.358047485, "dmean2": 298.352508545, "dvar": 213605.78125, "dvar2": 473379.78125, "max": 20219.6777344, "mean": 957.30090332, "median": 301.46484375, "min": 64.599609375, "var": 6626607}, "spectral_skewness": {"dmean": 0.196582049131, "dmean2": 0.309997141361, "dvar": 0.0456996448338, "dvar2": 0.101709417999, "max": 4.51064586639, "mean": 1.7007124424, "median": 1.65276873112, "min": 0.0472808405757, "var": 0.18232396245}, "spectral_spread": {"dmean": 841136.8125, "dmean2": 1177879.375, "dvar": 1205307834370.0, "dvar2": 1997513031680.0, "max": 40774092, "mean": 5181008, "median": 4639972, "min": 1113862, "var": 3732810760190.0}, "spectral_strongpeak": {"dmean": 0.259821385145, "dmean2": 0.464919358492, "dvar": 0.541619360447, "dvar2": 1.45602524281, "max": 11.5519685745, "mean": 0.533868014812, "median": 0.381106853485, "min": 0, "var": 0.629193663597}, "zerocrossingrate": {"dmean": 0.00655689509585, "dmean2": 0.00868913996965, "dvar": 0.000106943414721, "dvar2": 0.000193412895896, "max": 0.5283203125, "mean": 0.0402328707278, "median": 0.02783203125, "min": 0.001953125, "var": 0.00443205889314}, "barkbands": {"dmean": [0.00118650565855, 0.00736956577748, 0.00283268163912, 0.00137096934486, 0.00190288608428, 0.000677193631418, 0.000890449271537, 0.000879490049556, 0.00100122520234, 0.000370566616766, 0.000287794799078, 0.000359802361345, 0.000553962774575, 0.000294023804599, 0.000243679547566, 0.000172908781678, 0.000130364744109, 0.00020849329303, 9.53080889303e-05, 9.09683149075e-05, 2.18634741032e-05, 2.8863807529e-05, 5.14441890118e-05, 4.76653185615e-05, 4.0852206439e-05, 2.76782975561e-05, 1.12660736704e-05], "dmean2": [0.00212580128573, 0.011574300006, 0.00497563090175, 0.00226908852346, 0.00295378710143, 0.00114858627785, 0.00138539844193, 0.00137024349533, 0.00164992618375, 0.000583928078413, 0.000463573174784, 0.000586237059906, 0.000923274492379, 0.000466223427793, 0.000411045126384, 0.000286852475256, 0.000210121812415, 0.000345842534443, 0.000157593225595, 0.000150648789713, 3.40256156051e-05, 4.56112356915e-05, 8.10301935417e-05, 7.33347187634e-05, 6.40119542368e-05, 4.32936394645e-05, 1.81263130798e-05], "dvar": [7.07762546881e-06, 0.000113333524496, 1.25538099383e-05, 3.50381833414e-06, 6.77878779243e-06, 3.33024718202e-06, 3.3036737932e-06, 4.52451649835e-06, 7.71052327764e-06, 1.47714843024e-06, 8.68629228989e-07, 1.08012193323e-06, 4.01744227929e-06, 1.02423791759e-06, 4.82296968585e-07, 1.9616781799e-07, 6.93888324577e-08, 1.98263890638e-07, 3.34490231069e-08, 3.33891492232e-08, 1.60733737431e-09, 3.46148065766e-09, 9.4382954785e-09, 8.14451528441e-09, 7.92847387743e-09, 4.11255385302e-09, 7.21652626545e-10], "dvar2": [2.01995317184e-05, 0.00028816392296, 3.72592912754e-05, 9.49650075199e-06, 1.61840107467e-05, 9.57625979936e-06, 8.20608693175e-06, 1.07281948658e-05, 2.10799771594e-05, 3.68700216313e-06, 2.18311606659e-06, 2.73265959549e-06, 1.07996647785e-05, 2.40455869971e-06, 1.40333179388e-06, 5.38303936537e-07, 1.83145942856e-07, 5.39184838999e-07, 9.46094473875e-08, 8.87550726247e-08, 3.84320086866e-09, 8.62375237887e-09, 2.25145750932e-08, 1.89976869791e-08, 1.97473362107e-08, 1.02651318556e-08, 1.79869963368e-09], "max": [0.044366043061, 0.124314397573, 0.0413908474147, 0.0217925813049, 0.032788656652, 0.0338476896286, 0.0289844982326, 0.0397217310965, 0.0557662770152, 0.0259067006409, 0.0268210694194, 0.0289316680282, 0.0543506853282, 0.0419742353261, 0.0133496876806, 0.0111470334232, 0.00549409259111, 0.0124338651076, 0.0035209718626, 0.00580724095926, 0.000607303809375, 0.00158666947391, 0.00211091036908, 0.00132431800012, 0.00130675826222, 0.000691177265253, 0.000297120568575], "mean": [0.00206404877827, 0.0294802132994, 0.0048407218419, 0.00212035980076, 0.00378092075698, 0.00107613089494, 0.00166760664433, 0.0017418951029, 0.00177858024836, 0.000602465122938, 0.000498052337207, 0.000677515869029, 0.000931969261728, 0.000537451356649, 0.00044057899504, 0.000349061825546, 0.00029482122045, 0.000458722701296, 0.000231829064433, 0.000209653822822, 5.19069217262e-05, 6.32439987385e-05, 0.000112308378448, 7.81028575148e-05, 5.06757351104e-05, 3.16668192681e-05, 1.13114674605e-05], "median": [0.000915141426958, 0.0306131187826, 0.00341717945412, 0.00132477947045, 0.00275442702696, 0.000637360848486, 0.00051039038226, 0.000284508889308, 0.000167171587236, 9.79932228802e-05, 9.9687546026e-05, 0.000178215123015, 7.57725138101e-05, 5.62836830795e-05, 5.97625548835e-05, 6.24879903626e-05, 7.51612096792e-05, 0.000117674324429, 0.000111499597551, 8.32881341921e-05, 3.10143514071e-05, 2.87593284156e-05, 5.33256315975e-05, 3.79328048439e-05, 1.88545855053e-05, 9.28270947043e-06, 2.11816040974e-06], "min": [1.66536015494e-23, 3.11215251213e-23, 4.34469277182e-23, 1.33591290825e-23, 2.62872987194e-23, 3.9057147128e-23, 3.34287381652e-23, 9.46330542331e-23, 7.8077634312e-23, 2.24163629906e-23, 6.69212541569e-23, 7.81104509257e-23, 8.26511216743e-23, 1.59021080386e-22, 6.86795556949e-23, 2.22108016159e-22, 2.15376394687e-22, 2.27906535088e-22, 1.76152652758e-22, 3.04219777856e-22, 3.1273298804e-22, 6.32502362919e-22, 6.04216764353e-22, 1.14314563314e-21, 1.14239347636e-21, 1.59971308153e-21, 2.47213467768e-21], "var": [8.99745009519e-06, 0.000374162191292, 2.18084951484e-05, 5.62460309084e-06, 1.35853724714e-05, 2.99977750728e-06, 8.22359743324e-06, 1.43929264595e-05, 2.00580234377e-05, 3.27924954036e-06, 2.32916841014e-06, 3.03175579575e-06, 8.75949081092e-06, 2.69144629783e-06, 1.0987045016e-06, 5.64794845559e-07, 2.54379983744e-07, 6.62919660499e-07, 1.01803877328e-07, 1.05762794078e-07, 3.94132326775e-09, 8.51991188711e-09, 2.44515163672e-08, 1.36556375097e-08, 8.46932923793e-09, 4.24493640239e-09, 6.71648514583e-10]}, "erbbands": {"dmean": [0.309008091688, 1.48331558704, 3.1806409359, 3.23115730286, 8.27879238129, 4.74953365326, 3.43696069717, 6.32792758942, 7.11572551727, 20.1706829071, 22.0124893188, 24.2891864777, 9.73948001862, 12.8344316483, 10.7575407028, 15.2608003616, 23.6369438171, 15.0805673599, 9.61940002441, 14.175488472, 8.02350521088, 6.43117856979, 11.9764451981, 4.33759689331, 5.91149520874, 3.57844614983, 0.998155772686, 0.820137023926, 0.94865334034, 1.46700167656, 1.37789356709, 0.835185408592, 0.986462891102, 0.489219754934, 0.284092158079, 0.120080910623, 0.0509395748377, 0.0157688893378, 0.00176328548696, 9.4657043519e-05], "dmean2": [0.515383124352, 2.21461510658, 5.42918157578, 5.47144794464, 12.8892354965, 7.69606542587, 5.72481441498, 10.8432798386, 11.3953046799, 30.8214511871, 34.5952796936, 39.7271957397, 15.6504554749, 20.6585235596, 17.2564659119, 25.2980880737, 39.2693367004, 24.0451583862, 15.7562999725, 23.914226532, 13.284453392, 10.4300432205, 19.8807678223, 7.05177211761, 9.82717418671, 5.86964607239, 1.56980228424, 1.27024173737, 1.50054454803, 2.3248770237, 2.17687988281, 1.32502615452, 1.511256814, 0.774046182632, 0.447910070419, 0.189776137471, 0.0800242200494, 0.0246400944889, 0.00284478045069, 0.000152944339789], "dvar": [0.247018396854, 4.28025722504, 14.9039239883, 13.8098783493, 157.931594849, 34.7746582031, 50.6297721863, 311.400146484, 182.085601807, 2077.93579102, 3099.20996094, 5248.85839844, 874.905029297, 2097.55175781, 818.519287109, 1759.79077148, 7634.02148438, 3105.12353516, 647.61138916, 2018.23937988, 440.525726318, 155.286331177, 708.830810547, 80.1671447754, 122.150230408, 47.2148628235, 3.48906731606, 2.08486294746, 3.92749118805, 7.91258049011, 7.33728122711, 2.28020739555, 4.31792545319, 1.19150280952, 0.369809478521, 0.0818499699235, 0.0142040327191, 0.00126533885486, 1.90606515389e-05, 5.50003065314e-08], "dvar2": [0.682074487209, 9.97479534149, 41.3564224243, 38.9374237061, 376.56842041, 90.0987319946, 142.178146362, 904.20489502, 449.413879395, 5173.39746094, 7481.91162109, 14057.6806641, 2371.82714844, 5288.96240234, 2069.16992188, 4635.13916016, 20619.03125, 7703.01367188, 1710.48278809, 5864.08007812, 1198.97009277, 421.558410645, 1911.93261719, 217.116210938, 338.974121094, 124.167823792, 8.63767433167, 4.92056465149, 9.63517093658, 20.0055103302, 17.5830173492, 5.58964252472, 10.1816291809, 2.99970626831, 0.926133275032, 0.205506458879, 0.0357490442693, 0.00307679059915, 4.81246570416e-05, 1.38682892725e-07], "max": [5.76016902924, 31.6809921265, 48.312828064, 53.5253372192, 162.604049683, 92.8076248169, 133.78855896, 310.6171875, 332.514190674, 767.414367676, 1066.52587891, 1660.5604248, 850.680847168, 1295.42346191, 793.805053711, 1363.52868652, 2521.96362305, 2449.22509766, 527.652832031, 1101.90942383, 683.593261719, 316.092285156, 823.778564453, 300.636962891, 270.174591064, 135.232131958, 30.7924633026, 29.4320220947, 39.5377388, 82.7614440918, 67.7756729126, 31.0580863953, 35.5354232788, 14.224155426, 9.22833156586, 3.80955791473, 1.55873978138, 0.445597797632, 0.0585111267865, 0.00273677334189], "mean": [1.10561549664, 5.50822019577, 6.84995174408, 6.17305326462, 13.2102031708, 10.3872766495, 6.54292631149, 9.60752677917, 14.7124681473, 37.7343635559, 45.6093902588, 44.7730636597, 17.8716259003, 21.7955741882, 21.8145828247, 31.1480560303, 42.0020599365, 30.1301364899, 19.825012207, 26.8466053009, 17.9253063202, 16.8055057526, 27.4297447205, 12.0917949677, 15.1799888611, 8.96155929565, 2.39711713791, 2.01518940926, 2.00056314468, 3.45337128639, 2.92115139961, 1.50883162022, 1.4532520771, 0.617984235287, 0.341667741537, 0.138035908341, 0.0570887029171, 0.0174315292388, 0.0017370544374, 0.000140233561979], "median": [0.922660171986, 5.22009181976, 5.51249599457, 4.82791900635, 8.18566989899, 7.73800182343, 4.5502872467, 5.36242294312, 5.86556720734, 9.19758605957, 7.32958126068, 4.57792568207, 3.95987486839, 3.31588840485, 6.10049676895, 8.13963890076, 4.16083526611, 3.29856300354, 3.36759853363, 3.5493991375, 3.88188123703, 4.74860954285, 7.09384632111, 4.91221761703, 7.25392723083, 3.60150527954, 1.37795233727, 1.25366389751, 0.959326386452, 1.63007605076, 1.35395169258, 0.748700857162, 0.608253359795, 0.243757307529, 0.122762583196, 0.0428583435714, 0.0145996231586, 0.00330599583685, 0.000349034846295, 8.59521096572e-05], "min": [6.8910854761e-22, 8.24213586782e-21, 5.17861753926e-20, 4.85793803347e-20, 2.07073244152e-20, 8.85443208245e-20, 3.46620393866e-19, 2.71406127387e-19, 2.86188465319e-19, 1.5384557471e-18, 1.8686630423e-18, 1.82223194695e-18, 8.18725896115e-19, 1.40522186923e-18, 2.78182742517e-18, 3.05359782222e-18, 3.66088260189e-18, 5.99592413562e-18, 7.43133023899e-18, 6.44152674519e-18, 1.35127993256e-17, 1.02871423525e-17, 1.15097144707e-17, 1.10748515606e-17, 9.23404961568e-18, 1.70577877198e-17, 9.29468030022e-18, 1.76372078866e-17, 2.24776355663e-17, 2.00617040405e-17, 1.62264678955e-17, 2.50508223984e-17, 1.67048446417e-17, 1.22020315562e-17, 8.3557649577e-18, 4.51647438694e-18, 3.26996200748e-18, 1.49280354569e-18, 3.24164456488e-19, 3.72287271899e-20], "var": [0.747499585152, 16.10704422, 33.2815933228, 26.8113460541, 251.201309204, 87.8966522217, 55.3802452087, 271.498168945, 506.918212891, 5367.95751953, 10100.3085938, 13695.859375, 1987.30505371, 4452.28466797, 2640.31835938, 5171.68945312, 17150.3515625, 9331.71972656, 1725.8013916, 4603.85351562, 1368.09240723, 697.327514648, 2453.1809082, 319.37197876, 409.261505127, 187.58416748, 8.57958316803, 5.76922607422, 9.52930355072, 21.4308433533, 17.3651351929, 4.01967668533, 6.43808174133, 1.20042026043, 0.409431695938, 0.0810493975878, 0.0145158516243, 0.00140238413587, 1.68574370036e-05, 4.83825601805e-08]}, "gfcc": {"mean": [-12.5360002518, 95.7568969727, -81.0793533325, 39.7171669006, -41.1566200256, 18.5288181305, -27.5604152679, 14.8978300095, -16.748167038, 1.61689054966, -5.7918510437, 1.10353267193, -15.6022796631], "cov": [[25725.25, 2705.66577148, -1199.97961426, 429.984405518, -54.6228790283, 337.677734375, -289.857543945, 625.899047852, 84.3270797729, 73.9548568726, -68.9848632812, -44.7134475708, -440.522491455], [2705.66577148, 1475.0447998, -183.375335693, 203.055267334, 125.33556366, -25.6889038086, 78.5317611694, -50.3860435486, -45.9012718201, -85.9822540283, 80.9792175293, -58.0700683594, 63.8588180542], [-1199.97961426, -183.375335693, 1000.07928467, 164.317825317, 84.3715438843, 98.7060470581, 24.5106182098, -155.464004517, -93.1702728271, 15.722026825, -49.4222145081, 84.2920761108, 118.826148987], [429.984405518, 203.055267334, 164.317825317, 290.817657471, 125.374000549, -12.5795507431, -32.7732009888, -36.1991653442, 25.9903392792, -15.4538803101, -14.3739652634, 24.2348098755, 79.494354248], [-54.6228790283, 125.33556366, 84.3715438843, 125.374000549, 271.002960205, 32.4982376099, 3.42443227768, -2.45300626755, 26.5758934021, 4.07251167297, 8.04695987701, -13.1748628616, 56.1618728638], [337.677734375, -25.6889038086, 98.7060470581, -12.5795507431, 32.4982376099, 192.242538452, 103.122909546, -9.34284210205, -43.1095733643, 2.49855971336, 28.8605117798, 18.6446399689, -3.03395628929], [-289.857543945, 78.5317611694, 24.5106182098, -32.7732009888, 3.42443227768, 103.122909546, 197.804779053, 31.8215312958, -35.9867210388, -17.2312030792, 63.0193519592, 9.68032741547, 6.22619104385], [625.899047852, -50.3860435486, -155.464004517, -36.1991653442, -2.45300626755, -9.34284210205, 31.8215312958, 183.887451172, 100.045822144, 22.4541568756, 19.2105770111, -9.19280052185, -42.4125442505], [84.3270797729, -45.9012718201, -93.1702728271, 25.9903392792, 26.5758934021, -43.1095733643, -35.9867210388, 100.045822144, 204.420059204, 61.5774536133, -5.35150289536, -9.60377407074, -18.8372154236], [73.9548568726, -85.9822540283, 15.722026825, -15.4538803101, 4.07251167297, 2.49855971336, -17.2312030792, 22.4541568756, 61.5774536133, 92.2033462524, 4.75549077988, -6.7018289566, -11.2129993439], [-68.9848632812, 80.9792175293, -49.4222145081, -14.3739652634, 8.04695987701, 28.8605117798, 63.0193519592, 19.2105770111, -5.35150289536, 4.75549077988, 97.5319747925, 23.3116092682, -10.3574934006], [-44.7134475708, -58.0700683594, 84.2920761108, 24.2348098755, -13.1748628616, 18.6446399689, 9.68032741547, -9.19280052185, -9.60377407074, -6.7018289566, 23.3116092682, 77.2837753296, 18.8394050598], [-440.522491455, 63.8588180542, 118.826148987, 79.494354248, 56.1618728638, -3.03395628929, 6.22619104385, -42.4125442505, -18.8372154236, -11.2129993439, -10.3574934006, 18.8394050598, 102.780769348]], "icov": [[0.000139227180625, -0.000389208347769, 0.000111204542918, -0.000304685818264, 0.000157263784786, -0.000691722962074, 0.000640810409095, -0.00085302622756, 0.000524693925399, -0.000550068332814, 0.000637175748125, -0.000559151987545, 0.00065132486634], [-0.000389208347769, 0.00213049841113, -5.59453874303e-05, -4.35975307482e-05, -0.000458024558611, 0.00216229818761, -0.00219863187522, 0.00280004297383, -0.00143085455056, 0.00222547305748, -0.00291151111014, 0.00287167564966, -0.00212995521724], [0.000111204542918, -5.59453874303e-05, 0.00182623381261, -0.00102592655458, -0.000144569334225, -0.000879626837559, -0.000260201370111, 0.000300947518554, 0.000983942532912, -0.00162026658654, 0.0018755083438, -0.00196083961055, -6.14939854131e-05], [-0.000304685818264, -4.35975307482e-05, -0.00102592655458, 0.00721248751506, -0.00223039789125, 0.00151809910312, -0.00010273620137, 0.00205979961902, -0.00285485270433, 0.00255398149602, -0.000711833185051, -0.000854291487485, -0.00371110276319], [0.000157263784786, -0.000458024558611, -0.000144569334225, -0.00223039789125, 0.00586415175349, -0.00261813844554, 0.00191500084475, -0.00167760741897, -0.000131425535074, -0.000206562137464, -0.00135573267471, 0.00263495673425, -0.00190526782535], [-0.000691722962074, 0.00216229818761, -0.000879626837559, 0.00151809910312, -0.00261813844554, 0.0123485736549, -0.00829877890646, 0.00520611042157, -0.00119968142826, 0.000822499336209, -0.0018895638641, 0.00054038799135, -0.000438875053078], [0.000640810409095, -0.00219863187522, -0.000260201370111, -0.00010273620137, 0.00191500084475, -0.00829877890646, 0.0138504588977, -0.00721110589802, 0.00297224964015, 8.18759581307e-05, -0.00301869260147, 0.000153160290211, -0.000391810142901], [-0.00085302622756, 0.00280004297383, 0.000300947518554, 0.00205979961902, -0.00167760741897, 0.00520611042157, -0.00721110589802, 0.0152231818065, -0.00782254058868, 0.00389665854163, -0.00360249564983, 0.0026011148002, -0.00139618746471], [0.000524693925399, -0.00143085455056, 0.000983942532912, -0.00285485270433, -0.000131425535074, -0.00119968142826, 0.00297224964015, -0.00782254058868, 0.011895111762, -0.00788541510701, 0.00372209330089, -0.0030678245239, 0.00309395976365], [-0.000550068332814, 0.00222547305748, -0.00162026658654, 0.00255398149602, -0.000206562137464, 0.000822499336209, 8.18759581307e-05, 0.00389665854163, -0.00788541510701, 0.0187798831612, -0.00687795318663, 0.00606860546395, -0.00330416485667], [0.000637175748125, -0.00291151111014, 0.0018755083438, -0.000711833185051, -0.00135573267471, -0.0018895638641, -0.00301869260147, -0.00360249564983, 0.00372209330089, -0.00687795318663, 0.0213047061116, -0.0116144511849, 0.00651112897322], [-0.000559151987545, 0.00287167564966, -0.00196083961055, -0.000854291487485, 0.00263495673425, 0.00054038799135, 0.000153160290211, 0.0026011148002, -0.0030678245239, 0.00606860546395, -0.0116144511849, 0.0231249276549, -0.00692218262702], [0.00065132486634, -0.00212995521724, -6.14939854131e-05, -0.00371110276319, -0.00190526782535, -0.000438875053078, -0.000391810142901, -0.00139618746471, 0.00309395976365, -0.00330416485667, 0.00651112897322, -0.00692218262702, 0.0193930715322]]}, "melbands": {"dmean": [0.00231100758538, 0.00158616772387, 0.000671186309773, 0.000475329026813, 0.000128900821437, 0.000139783005579, 0.000124389393022, 0.000205456424737, 0.000198441848624, 0.000136590577313, 4.7861954954e-05, 5.3929459682e-05, 4.03075646318e-05, 4.35038928117e-05, 5.60477164981e-05, 4.16798502556e-05, 2.93591619993e-05, 1.74009946932e-05, 1.75118257175e-05, 1.63188524311e-05, 9.59089811658e-06, 6.40181451672e-06, 1.21379116536e-05, 1.10449118438e-05, 3.39278608408e-06, 3.74717023988e-06, 5.55245514988e-06, 1.93087521438e-06, 6.57863893139e-07, 6.04966714945e-07, 5.03791397932e-07, 5.9011540543e-07, 6.15445799212e-07, 1.03541879071e-06, 9.65143158282e-07, 5.87143063058e-07, 5.2034761211e-07, 8.0248833001e-07, 4.88641546781e-07, 4.0936077994e-07], "dmean2": [0.00375886936672, 0.00256146350875, 0.00109771627467, 0.000739843177143, 0.00021252395527, 0.000237755579292, 0.000197117929929, 0.000313307944452, 0.000316224613925, 0.000223769879085, 7.69877515268e-05, 8.66927730385e-05, 6.48741479381e-05, 7.01954777469e-05, 9.35513380682e-05, 6.90105953254e-05, 4.72240972158e-05, 2.85605474346e-05, 2.95251938951e-05, 2.7606385629e-05, 1.5808007447e-05, 1.05318040369e-05, 1.99882997549e-05, 1.84608215932e-05, 5.51437415197e-06, 6.25033726465e-06, 9.25740823732e-06, 3.17140256811e-06, 1.07054881937e-06, 9.50865228333e-07, 7.98116218448e-07, 9.34893989779e-07, 1.00028762517e-06, 1.65035362443e-06, 1.53638802658e-06, 9.52464290549e-07, 8.46267596444e-07, 1.2347501297e-06, 7.65193533425e-07, 6.63713819904e-07], "dvar": [1.24728130686e-05, 3.621257747e-06, 6.83117207245e-07, 4.23527609428e-07, 5.10520692387e-08, 1.42884985621e-07, 4.90687277477e-08, 1.94689434352e-07, 2.24924676218e-07, 1.60422132467e-07, 2.26839951267e-08, 3.75938427055e-08, 1.43231790872e-08, 1.69564451369e-08, 4.29372626343e-08, 2.2100412167e-08, 1.07916982017e-08, 2.60733723501e-09, 2.60096300053e-09, 2.01657690546e-09, 6.15114237323e-10, 1.78536449513e-10, 6.46515951885e-10, 7.26609827861e-10, 6.21607001983e-11, 4.75596159677e-11, 1.22956353432e-10, 1.53702311295e-11, 1.59756702225e-12, 1.36855208156e-12, 7.68859639583e-13, 1.54144362205e-12, 1.87429737529e-12, 3.7208769052e-12, 3.95348684346e-12, 1.09403827143e-12, 8.74112089135e-13, 3.39642853772e-12, 1.08176391022e-12, 9.40865332692e-13], "dvar2": [3.34820761054e-05, 8.58803650772e-06, 1.79752635177e-06, 1.01859188817e-06, 1.41841525192e-07, 4.11436815284e-07, 1.2138002603e-07, 4.85249984195e-07, 5.63526157293e-07, 4.30124487139e-07, 6.1120800865e-08, 9.47073104385e-08, 3.58323291039e-08, 4.23600354793e-08, 1.15497158504e-07, 5.8611067999e-08, 2.68527333702e-08, 6.6419016953e-09, 7.60139240441e-09, 5.72271030563e-09, 1.66001024038e-09, 4.93343255137e-10, 1.74704750666e-09, 1.9325350209e-09, 1.69291122787e-10, 1.35413430469e-10, 3.36194821982e-10, 4.12222790624e-11, 4.19692969614e-12, 3.29758876455e-12, 1.87838958797e-12, 3.77536673798e-12, 4.90846252532e-12, 9.28445167969e-12, 9.45101549105e-12, 2.74528490218e-12, 2.20257579536e-12, 7.97915119394e-12, 2.68414283855e-12, 2.44234190164e-12], "max": [0.0373972840607, 0.0306768864393, 0.0100263627246, 0.00843626447022, 0.0042564929463, 0.00668775709346, 0.00430708006024, 0.00741486437619, 0.00800092052668, 0.00912427157164, 0.00425599748269, 0.00526924384758, 0.0038260880392, 0.0030015911907, 0.00558845186606, 0.0038306817878, 0.00419134506956, 0.00117528066039, 0.000979245873168, 0.00103835214395, 0.00072499900125, 0.000374634459149, 0.000511176825967, 0.000806811731309, 0.000291139382171, 0.00013538802159, 0.000319542275975, 7.60183611419e-05, 2.36273444898e-05, 2.46133931796e-05, 2.07626599149e-05, 2.67545383394e-05, 4.43610988441e-05, 4.10130087403e-05, 4.52315471193e-05, 2.57205883827e-05, 1.63700624398e-05, 3.47985333065e-05, 1.78574391612e-05, 1.4805947103e-05], "mean": [0.00895211473107, 0.00490257004276, 0.00131523807067, 0.000903212348931, 0.000268130941549, 0.000216390326386, 0.000256378843915, 0.000390591361793, 0.000397214724217, 0.000245091941906, 8.14708109829e-05, 8.75097830431e-05, 7.39145980333e-05, 7.97056418378e-05, 9.78674797807e-05, 7.61952978792e-05, 5.44774629816e-05, 3.17778722092e-05, 3.23813183059e-05, 3.06644942611e-05, 1.91991184693e-05, 1.46268921526e-05, 2.56270250247e-05, 2.25771254918e-05, 7.84970143286e-06, 9.12911673367e-06, 1.25885080706e-05, 4.19925117967e-06, 1.32376851525e-06, 1.28558190227e-06, 1.10613405013e-06, 1.09442544272e-06, 1.29314651076e-06, 2.26736756304e-06, 1.93264190784e-06, 1.02388537471e-06, 8.63282991759e-07, 1.17626541396e-06, 6.20174262167e-07, 4.88782177399e-07], "median": [0.00890191085637, 0.00456090178341, 0.00102072628215, 0.000641223858111, 0.000193234533072, 0.00012147162488, 9.76567534963e-05, 9.33212431846e-05, 5.34742866876e-05, 2.4164775823e-05, 1.59567935043e-05, 1.1859310689e-05, 1.77028377948e-05, 2.19636804104e-05, 1.22692181321e-05, 7.44789304008e-06, 5.36539937457e-06, 4.83021494802e-06, 4.28174644185e-06, 4.0431123125e-06, 4.41752672486e-06, 3.97382791562e-06, 6.31569218967e-06, 4.86062208438e-06, 3.21281459037e-06, 4.50677634944e-06, 4.67934160042e-06, 1.52815289312e-06, 6.66039227326e-07, 7.19446290987e-07, 6.6164841428e-07, 4.79685695609e-07, 5.53015638616e-07, 1.06350466922e-06, 8.27542180559e-07, 4.81536631014e-07, 4.0188569983e-07, 4.56021439277e-07, 2.4361730766e-07, 1.80784653026e-07], "min": [8.06571542518e-24, 2.14738635355e-23, 7.31050180415e-24, 2.80096404274e-24, 1.09463514611e-23, 6.55883845162e-24, 4.5404936494e-24, 1.94331103504e-23, 1.51677741458e-23, 1.04649577712e-23, 3.8265630917e-24, 4.93864042574e-24, 9.59648817885e-24, 7.46390211806e-24, 9.02249168496e-24, 7.36487798635e-24, 1.21113617563e-23, 1.39307203395e-23, 5.11184627596e-24, 1.44761450803e-23, 1.69246084025e-23, 1.10901395049e-23, 1.03144147115e-23, 1.01101833563e-23, 8.92923491533e-24, 6.4126834307e-24, 9.06169886082e-24, 1.12835689877e-23, 4.1854770542e-24, 8.78953869307e-24, 1.0410434072e-23, 1.37807957468e-23, 9.9144890538e-24, 1.14787386977e-23, 8.7992416822e-24, 9.97383032653e-24, 1.79250970227e-23, 1.19650714458e-23, 1.06513230046e-23, 1.01156959163e-23], "var": [3.66647436749e-05, 1.21459761431e-05, 1.24097994103e-06, 8.11155643987e-07, 7.35233243176e-08, 1.32662307806e-07, 1.47092748648e-07, 5.26531096057e-07, 7.20721175185e-07, 4.16174685824e-07, 5.02506800615e-08, 7.82952724876e-08, 4.17720436019e-08, 4.5268507165e-08, 9.25888343772e-08, 5.64598110486e-08, 3.03242089217e-08, 5.70949243439e-09, 6.20263218565e-09, 4.94096186188e-09, 1.66689506642e-09, 5.93503746149e-10, 1.96970284527e-09, 2.10130934875e-09, 1.65398805763e-10, 1.5104666129e-10, 3.7142014464e-10, 4.8260149349e-11, 3.27471730288e-12, 3.13349671731e-12, 1.95472067352e-12, 3.68699645467e-12, 3.64686796386e-12, 9.8160464132e-12, 8.73002364843e-12, 1.99463167337e-12, 1.42835667339e-12, 4.99416263552e-12, 1.16481086929e-12, 8.58740324943e-13]}, "mfcc": {"mean": [-657.87310791, 129.516845703, 22.6549758911, 31.2692966461, 16.9392681122, 8.66241645813, 8.24541378021, 13.9900608063, -3.67595005035, 7.84906625748, 5.36844587326, 5.06989479065, 7.51003074646], "cov": [[10184.0527344, 1159.59350586, -593.152526855, 128.725891113, 301.578552246, -122.50112915, -24.6261348724, 394.254638672, -52.8513908386, 566.59979248, 384.378356934, 123.991264343, 49.220161438], [1159.59350586, 1087.38098145, -25.3324604034, 179.186630249, 24.5332756042, 53.9528236389, 128.9400177, 51.4381523132, -49.188041687, -6.48000860214, 10.9177732468, -0.942826211452, 20.6798057556], [-593.152526855, -25.3324604034, 719.423217773, 95.7765808105, 18.2958049774, 166.914489746, 89.6977310181, -46.6555900574, 54.6013221741, -163.560852051, -96.6423187256, 16.0715999603, 19.7109336853], [128.725891113, 179.186630249, 95.7765808105, 289.180023193, 136.380401611, 27.1373786926, -50.2403717041, -17.2858581543, 45.4156951904, -33.6155014038, -69.7158355713, -13.7836122513, 66.2672271729], [301.578552246, 24.5332756042, 18.2958049774, 136.380401611, 249.854187012, 35.9849472046, -62.440776825, -32.8115882874, 53.5841217041, 12.758143425, -26.8140907288, -11.8962621689, 38.341758728], [-122.50112915, 53.9528236389, 166.914489746, 27.1373786926, 35.9849472046, 206.030075073, 96.2724761963, -22.1698589325, 9.33201885223, -67.2865600586, -28.0320777893, -5.52661752701, -28.5506744385], [-24.6261348724, 128.9400177, 89.6977310181, -50.2403717041, -62.440776825, 96.2724761963, 271.193878174, 62.3287811279, -39.4273414612, -54.4102249146, -7.348341465, -6.27987384796, -40.9471969604], [394.254638672, 51.4381523132, -46.6555900574, -17.2858581543, -32.8115882874, -22.1698589325, 62.3287811279, 153.292572021, -13.7050857544, 31.2602443695, 35.9627113342, 8.70167446136, 6.67739057541], [-52.8513908386, -49.188041687, 54.6013221741, 45.4156951904, 53.5841217041, 9.33201885223, -39.4273414612, -13.7050857544, 116.912124634, 29.1398563385, -23.5932044983, 2.8293671608, 16.6362762451], [566.59979248, -6.48000860214, -163.560852051, -33.6155014038, 12.758143425, -67.2865600586, -54.4102249146, 31.2602443695, 29.1398563385, 175.890792847, 79.1948623657, 15.9977293015, 8.07007694244], [384.378356934, 10.9177732468, -96.6423187256, -69.7158355713, -26.8140907288, -28.0320777893, -7.348341465, 35.9627113342, -23.5932044983, 79.1948623657, 131.561599731, 42.5473556519, -14.6556110382], [123.991264343, -0.942826211452, 16.0715999603, -13.7836122513, -11.8962621689, -5.52661752701, -6.27987384796, 8.70167446136, 2.8293671608, 15.9977293015, 42.5473556519, 78.4204406738, 22.0117340088], [49.220161438, 20.6798057556, 19.7109336853, 66.2672271729, 38.341758728, -28.5506744385, -40.9471969604, 6.67739057541, 16.6362762451, 8.07007694244, -14.6556110382, 22.0117340088, 92.7668762207]], "icov": [[0.000167119840626, -0.000162573371199, -1.76055837073e-05, 1.56173446157e-05, -0.000272256875178, -2.63414931396e-05, 8.07633405202e-05, -0.000344376079738, 0.000213677223655, -0.000465772114694, -4.70577651868e-05, -0.000185859244084, 0.000143878700328], [-0.000162573371199, 0.00141798495315, 0.000209874619031, -0.0013105958933, 0.000518830842339, -0.000133768495289, -0.000863771885633, 0.000381556164939, 0.000349570502294, 0.000211835111259, -0.000399763550377, 0.000172249710886, -0.00018771039322], [-1.76055837073e-05, 0.000209874619031, 0.00234500761144, -0.000528744189069, 0.000491391052492, -0.0011955142254, -0.000481676368508, 0.00033351892489, -0.0013551475713, 0.00172088108957, 0.000111089349957, -0.000804546521977, -0.000663888349663], [1.56173446157e-05, -0.0013105958933, -0.000528744189069, 0.00739088375121, -0.00272874720395, -0.000308730668621, 0.00150836480316, -0.000814708357211, -0.000850602984428, 0.000767079298384, 0.00212789513171, 0.000665521831252, -0.00286208209582], [-0.000272256875178, 0.000518830842339, 0.000491391052492, -0.00272874720395, 0.00690976344049, -0.00180845265277, 0.000533488870133, 0.00133549049497, -0.00173444859684, 9.23014886212e-05, -0.000678298412822, 0.00152268470265, -0.00156493065879], [-2.63414931396e-05, -0.000133768495289, -0.0011955142254, -0.000308730668621, -0.00180845265277, 0.00844426918775, -0.0027923877351, 0.00136924628168, -0.000908623624127, 0.00156945781782, -0.000740791670978, -0.000423370482167, 0.00254341308028], [8.07633405202e-05, -0.000863771885633, -0.000481676368508, 0.00150836480316, 0.000533488870133, -0.0027923877351, 0.00690077291802, -0.00330614647828, 0.00122748652939, 0.000314940960379, 0.00133066438138, -0.000190302380361, 0.00138647598214], [-0.000344376079738, 0.000381556164939, 0.00033351892489, -0.000814708357211, 0.00133549049497, 0.00136924628168, -0.00330614647828, 0.00959085579962, -0.00075660267612, 0.000126375292893, -0.00228546536528, 0.00116206193343, -0.00218358053826], [0.000213677223655, 0.000349570502294, -0.0013551475713, -0.000850602984428, -0.00173444859684, -0.000908623624127, 0.00122748652939, -0.00075660267612, 0.0131694115698, -0.00578490179032, 0.00434618303552, -0.00231651752256, 0.0011155649554], [-0.000465772114694, 0.000211835111259, 0.00172088108957, 0.000767079298384, 9.23014886212e-05, 0.00156945781782, 0.000314940960379, 0.000126375292893, -0.00578490179032, 0.0134914023802, -0.00676923897117, 0.00231786887161, -0.00189454073552], [-4.70577651868e-05, -0.000399763550377, 0.000111089349957, 0.00212789513171, -0.000678298412822, -0.000740791670978, 0.00133066438138, -0.00228546536528, 0.00434618303552, -0.00676923897117, 0.0175332855433, -0.00879714637995, 0.00404146686196], [-0.000185859244084, 0.000172249710886, -0.000804546521977, 0.000665521831252, 0.00152268470265, -0.000423370482167, -0.000190302380361, 0.00116206193343, -0.00231651752256, 0.00231786887161, -0.00879714637995, 0.0197441317141, -0.00703243538737], [0.000143878700328, -0.00018771039322, -0.000663888349663, -0.00286208209582, -0.00156493065879, 0.00254341308028, 0.00138647598214, -0.00218358053826, 0.0011155649554, -0.00189454073552, 0.00404146686196, -0.00703243538737, 0.0174014270306]]}, "spectral_contrast_coeffs": {"dmean": [0.0467753335834, 0.0433370769024, 0.0325702615082, 0.0282503273338, 0.021778287366, 0.0197922829539], "dmean2": [0.0781479552388, 0.0725867599249, 0.0536914616823, 0.0466335304081, 0.0342169888318, 0.0287160966545], "dvar": [0.00153502088506, 0.0012253728928, 0.000724260753486, 0.000540980661754, 0.000328924244968, 0.000354822142981], "dvar2": [0.00413353927433, 0.00342853856273, 0.00191193062346, 0.00144702137914, 0.000777042121626, 0.000664765713736], "max": [-0.411440640688, -0.481913983822, -0.491377443075, -0.498394668102, -0.59592461586, -0.652992367744], "mean": [-0.699987649918, -0.732917308807, -0.769076347351, -0.769439399242, -0.765677571297, -0.792180716991], "median": [-0.708909273148, -0.739123344421, -0.781586170197, -0.784658432007, -0.764646947384, -0.790591359138], "min": [-0.961700618267, -0.964553296566, -0.974774539471, -0.967049598694, -0.955004274845, -0.961777448654], "var": [0.00505725294352, 0.00525690522045, 0.00498247379437, 0.00530763482675, 0.00331890932284, 0.00149888196029]}, "spectral_contrast_valleys": {"dmean": [0.324652433395, 0.315257489681, 0.276980012655, 0.247956097126, 0.231333941221, 0.386091023684], "dmean2": [0.540607690811, 0.523731350899, 0.441371113062, 0.375125408173, 0.312324345112, 0.479678541422], "dvar": [0.0998024716973, 0.0955215319991, 0.0796139538288, 0.0721202194691, 0.0800679475069, 0.174722075462], "dvar2": [0.233173638582, 0.203305333853, 0.159853190184, 0.130054458976, 0.111672207713, 0.242393061519], "max": [-5.16579818726, -4.75429