{"lowlevel": {"average_loudness": 0.703177511692, "barkbands_crest": {"dmean": 1.42548799515, "dmean2": 2.11615753174, "dvar": 2.13646459579, "dvar2": 4.85224199295, "max": 26.340133667, "mean": 14.8910455704, "median": 14.0804920197, "min": 4.39053487778, "var": 23.3206729889}, "barkbands_flatness_db": {"dmean": 0.0113583002239, "dmean2": 0.017200704664, "dvar": 0.000134256857564, "dvar2": 0.000291554810246, "max": 0.681747376919, "mean": 0.281685292721, "median": 0.280318588018, "min": 0.0580665320158, "var": 0.00661280518398}, "barkbands_kurtosis": {"dmean": 3.78780937195, "dmean2": 4.97204732895, "dvar": 368.852416992, "dvar2": 492.402496338, "max": 3229.58447266, "mean": 19.6171760559, "median": 2.05752539635, "min": -1.98584854603, "var": 18575.9199219}, "barkbands_skewness": {"dmean": 0.381366044283, "dmean2": 0.520577311516, "dvar": 0.232712760568, "dvar2": 0.471177130938, "max": 43.4153900146, "mean": 1.7397736311, "median": 1.24909543991, "min": -10.6744346619, "var": 9.26323604584}, "barkbands_spread": {"dmean": 1.2720220089, "dmean2": 1.83769643307, "dvar": 5.00237846375, "dvar2": 11.2414331436, "max": 153.055725098, "mean": 11.3705997467, "median": 9.96258926392, "min": 0.0887809842825, "var": 88.7851257324}, "dissonance": {"dmean": 0.0292578674853, "dmean2": 0.0491358153522, "dvar": 0.000932273338549, "dvar2": 0.00256988708861, "max": 0.499659836292, "mean": 0.412314474583, "median": 0.421867698431, "min": 0.162624135613, "var": 0.00257780286483}, "dynamic_complexity": 5.19843292236, "erbbands_crest": {"dmean": 2.17261791229, "dmean2": 3.07157087326, "dvar": 5.34904289246, "dvar2": 10.951921463, "max": 33.9126548767, "mean": 17.0609550476, "median": 16.1632404327, "min": 2.91172432899, "var": 65.4568328857}, "erbbands_flatness_db": {"dmean": 0.0132275205106, "dmean2": 0.0180673282593, "dvar": 0.000172733198269, "dvar2": 0.000333318137564, "max": 0.430369973183, "mean": 0.258501499891, "median": 0.25341129303, "min": 0.0545665100217, "var": 0.00270977430046}, "erbbands_kurtosis": {"dmean": 1.99018204212, "dmean2": 2.64562654495, "dvar": 9.9384765625, "dvar2": 18.0516223907, "max": 278.208129883, "mean": 5.67423677444, "median": 1.9752137661, "min": -1.79666423798, "var": 196.353881836}, "erbbands_skewness": {"dmean": 0.308616697788, "dmean2": 0.444899171591, "dvar": 0.0836911946535, "dvar2": 0.184852838516, "max": 13.8904247284, "mean": 0.181452855468, "median": 0.250093221664, "min": -5.24896097183, "var": 2.2755112648}, "erbbands_spread": {"dmean": 3.10958909988, "dmean2": 4.37504053116, "dvar": 10.1581754684, "dvar2": 20.5249824524, "max": 222.45602417, "mean": 18.7593650818, "median": 17.6311721802, "min": 1.00337779522, "var": 194.38923645}, "hfc": {"dmean": 3.29032897949, "dmean2": 4.12888860703, "dvar": 25.8261222839, "dvar2": 43.1501693726, "max": 101.931732178, "mean": 16.1397724152, "median": 8.32473945618, "min": 1.1494447529e-16, "var": 272.63269043}, "melbands_crest": {"dmean": 1.36530804634, "dmean2": 2.11354660988, "dvar": 2.1251282692, "dvar2": 5.83448982239, "max": 32.5023231506, "mean": 15.7098846436, "median": 15.4694347382, "min": 2.82489275932, "var": 15.3488998413}, "melbands_flatness_db": {"dmean": 0.011579811573, "dmean2": 0.0180203150958, "dvar": 0.000145348356455, "dvar2": 0.000327041459968, "max": 0.857698559761, "mean": 0.372390031815, "median": 0.36669665575, "min": 0.0067457803525, "var": 0.00974387209862}, "melbands_kurtosis": {"dmean": 3.61797857285, "dmean2": 5.02826929092, "dvar": 60.4084129333, "dvar2": 91.8337402344, "max": 1032.70214844, "mean": 15.4726715088, "median": 5.15439462662, "min": -1.88284099102, "var": 2148.93261719}, "melbands_skewness": {"dmean": 0.3947237432, "dmean2": 0.545747816563, "dvar": 0.162672027946, "dvar2": 0.347191542387, "max": 24.7978496552, "mean": 2.2538819313, "median": 1.95639443398, "min": -1.72625422478, "var": 3.84076476097}, "melbands_spread": {"dmean": 1.9353659153, "dmean2": 2.713296175, "dvar": 8.86962985992, "dvar2": 17.4590988159, "max": 212.085006714, "mean": 14.3079919815, "median": 11.1904773712, "min": 0.261308521032, "var": 189.805587769}, "pitch_salience": {"dmean": 0.0325773507357, "dmean2": 0.0492154471576, "dvar": 0.00119644869119, "dvar2": 0.00300402776338, "max": 0.92213845253, "mean": 0.408016890287, "median": 0.417316228151, "min": 0.0215544160455, "var": 0.0110737821087}, "silence_rate_20dB": {"dmean": 0, "dmean2": 0, "dvar": 0, "dvar2": 0, "max": 1, "mean": 1, "median": 1, "min": 1, "var": 0}, "silence_rate_30dB": {"dmean": 0.00618585711345, "dmean2": 0.0123734530061, "dvar": 0.00614752061665, "dvar2": 0.0153133822605, "max": 1, "mean": 0.991706490517, "median": 1, "min": 0, "var": 0.00822465308011}, "silence_rate_60dB": {"dmean": 0.00421762978658, "dmean2": 0.0084364451468, "dvar": 0.00419980892912, "dvar2": 0.0094899982214, "max": 1, "mean": 0.0424515046179, "median": 0, "min": 0, "var": 0.0406495369971}, "spectral_centroid": {"dmean": 56.835899353, "dmean2": 85.6726455688, "dvar": 12652.4443359, "dvar2": 23067.3222656, "max": 10601.1494141, "mean": 684.077514648, "median": 646.668823242, "min": 77.9576034546, "var": 174229.640625}, "spectral_complexity": {"dmean": 1.35779559612, "dmean2": 2.26771664619, "dvar": 1.6216006279, "dvar2": 4.22395801544, "max": 29, "mean": 11.1450662613, "median": 11, "min": 0, "var": 30.8719825745}, "spectral_decrease": {"dmean": 1.21860099789e-09, "dmean2": 1.68887381857e-09, "dvar": 2.47712634755e-18, "dvar2": 4.90358622822e-18, "max": 1.00354102486e-15, "mean": -8.84134720991e-09, "median": -7.81260034444e-09, "min": -3.81320468534e-08, "var": 3.81184711686e-17}, "spectral_energy": {"dmean": 0.00485840439796, "dmean2": 0.00668634381145, "dvar": 3.9498150727e-05, "dvar2": 7.64948854339e-05, "max": 0.151268705726, "mean": 0.034833136946, "median": 0.0305879227817, "min": 1.08056364408e-20, "var": 0.00060612015659}, "spectral_energyband_high": {"dmean": 1.42857661558e-05, "dmean2": 2.40456647589e-05, "dvar": 1.89700855024e-09, "dvar2": 5.33605870601e-09, "max": 0.00103415444028, "mean": 4.99453381053e-05, "median": 9.14542579267e-06, "min": 7.90902280344e-21, "var": 1.24926984313e-08}, "spectral_energyband_low": {"dmean": 0.00213989662006, "dmean2": 0.00354410219006, "dvar": 1.53747623699e-05, "dvar2": 4.01761790272e-05, "max": 0.0916406139731, "mean": 0.0151724433526, "median": 0.0126626919955, "min": 1.11940056648e-22, "var": 0.000117552641314}, "spectral_energyband_middle_high": {"dmean": 0.00254113948904, "dmean2": 0.00309705315158, "dvar": 1.92893967323e-05, "dvar2": 2.96731614071e-05, "max": 0.0874811112881, "mean": 0.00956410728395, "median": 0.00163513817824, "min": 1.35901281291e-21, "var": 0.000168121739989}, "spectral_energyband_middle_low": {"dmean": 0.00209867628291, "dmean2": 0.00274152541533, "dvar": 1.3058272998e-05, "dvar2": 2.04060888791e-05, "max": 0.119447574019, "mean": 0.0112000033259, "median": 0.00695855310187, "min": 5.3106646254e-22, "var": 0.000168327678693}, "spectral_entropy": {"dmean": 0.0995840653777, "dmean2": 0.143676042557, "dvar": 0.00888006482273, "dvar2": 0.0198192149401, "max": 9.7887134552, "mean": 6.44416666031, "median": 6.51102542877, "min": 3.70460414886, "var": 0.264371991158}, "spectral_flux": {"dmean": 0.01080832351, "dmean2": 0.0182345602661, "dvar": 0.000162619602634, "dvar2": 0.000462763244286, "max": 0.185775652528, "mean": 0.0389632806182, "median": 0.0359038114548, "min": 1.03950160979e-10, "var": 0.000602999702096}, "spectral_kurtosis": {"dmean": 6.91363191605, "dmean2": 12.2291250229, "dvar": 44.106918335, "dvar2": 132.402984619, "max": 167.623809814, "mean": 16.5140838623, "median": 12.8672924042, "min": -1.23821485043, "var": 183.054351807}, "spectral_rms": {"dmean": 0.000377205462428, "dmean2": 0.000526653311681, "dvar": 1.83863335224e-07, "dvar2": 3.76306729777e-07, "max": 0.0121482191607, "mean": 0.00540303112939, "median": 0.00546277174726, "min": 3.24685764386e-12, "var": 4.79080154037e-06}, "spectral_rolloff": {"dmean": 58.877494812, "dmean2": 102.2108078, "dvar": 84448.2265625, "dvar2": 153883.984375, "max": 19875.1464844, "mean": 764.625610352, "median": 602.9296875, "min": 64.599609375, "var": 2327965.75}, "spectral_skewness": {"dmean": 0.518703222275, "dmean2": 0.914421200752, "dvar": 0.208578646183, "dvar2": 0.637600660324, "max": 10.6170158386, "mean": 2.65298986435, "median": 2.40420675278, "min": 0.0469077453017, "var": 1.06893634796}, "spectral_spread": {"dmean": 206002.890625, "dmean2": 348555.46875, "dvar": 158776475648, "dvar2": 242366906368, "max": 41863484, "mean": 2311869.5, "median": 2056680.375, "min": 571949.5625, "var": 2561437335550.0}, "spectral_strongpeak": {"dmean": 0.587976455688, "dmean2": 0.994468688965, "dvar": 2.09025931358, "dvar2": 4.76301240921, "max": 12.7382221222, "mean": 1.64348077774, "median": 0.43947660923, "min": 0, "var": 5.96383619308}, "zerocrossingrate": {"dmean": 0.00266931205988, "dmean2": 0.00326843606308, "dvar": 4.4332100515e-05, "dvar2": 3.47957211488e-05, "max": 0.76513671875, "mean": 0.0280603170395, "median": 0.0234375, "min": 0.00244140625, "var": 0.00247228401713}, "barkbands": {"dmean": [1.71008232428e-05, 0.0019102570368, 0.000356917094905, 0.000462082098238, 0.000945719075389, 0.000331957999151, 0.000282510707621, 0.000226553805987, 0.000423578050686, 0.0013527040137, 0.000661019235849, 0.000386229308788, 0.000614683493041, 0.000247101997957, 6.5834596171e-05, 4.45670557383e-05, 0.00011891961185, 2.99848961731e-05, 3.84762352041e-05, 2.0608664272e-05, 7.24841765987e-06, 3.84768418371e-06, 2.40978670263e-06, 8.39595145408e-07, 4.34212978462e-07, 2.31884712321e-07, 2.15406899429e-07], "dmean2": [2.80534677586e-05, 0.00314916530624, 0.000625414191745, 0.000714086287189, 0.001309150015, 0.000437174312538, 0.000359292636858, 0.000282415159745, 0.000499937857967, 0.00148351781536, 0.000847195682582, 0.000553914229386, 0.000829778495245, 0.000336723431246, 0.000111066561658, 7.69684338593e-05, 0.000204321593628, 5.09119236085e-05, 6.56301708659e-05, 3.45857151842e-05, 1.25197120724e-05, 6.58659246255e-06, 4.1369853534e-06, 1.40220436151e-06, 7.14276609415e-07, 3.67113926814e-07, 3.39202074429e-07], "dvar": [3.09247094599e-09, 1.3324005522e-05, 4.27941415637e-07, 8.00604937012e-07, 2.22454332288e-06, 2.90745305165e-07, 1.66534093182e-07, 4.53446574511e-07, 5.48735670236e-06, 1.19298965728e-05, 5.7072979871e-06, 2.54629708252e-06, 4.96155007568e-06, 8.24026813007e-07, 2.60630983462e-08, 1.54285277887e-08, 1.49489380874e-07, 8.05881672505e-09, 1.442461528e-08, 4.65769911528e-09, 6.58873622328e-10, 1.72760264427e-10, 7.88493992321e-11, 7.8334378914e-12, 2.22169439963e-12, 7.20211813365e-13, 7.62283031835e-13], "dvar2": [6.43390807298e-09, 3.48253088305e-05, 1.37281290336e-06, 2.03992135539e-06, 4.49385424872e-06, 4.8113088269e-07, 3.05458200955e-07, 6.43472901629e-07, 6.83027428749e-06, 1.37334945975e-05, 9.322178812e-06, 5.04954732605e-06, 8.89374223334e-06, 1.48177218762e-06, 7.47016741798e-08, 4.67012810645e-08, 4.38236639866e-07, 2.25844232205e-08, 4.14929566261e-08, 1.28664856547e-08, 1.91277615968e-09, 5.03394492757e-10, 2.28288193904e-10, 2.23237175273e-11, 5.55869196159e-12, 1.69464258164e-12, 1.72236227017e-12], "max": [0.00182055949699, 0.079382866621, 0.018014959991, 0.0190395638347, 0.0646378099918, 0.0173349250108, 0.0132264522836, 0.040834646672, 0.110408820212, 0.0864998400211, 0.0773029848933, 0.0488600321114, 0.0640848204494, 0.0235125850886, 0.00456391833723, 0.00323887425475, 0.00996931176633, 0.00160647300072, 0.00274234684184, 0.00156815454829, 0.000691173947416, 0.000307595037157, 0.000188597943634, 7.16713839211e-05, 4.07151819672e-05, 2.99228868244e-05, 3.16824916808e-05], "mean": [0.000127508988953, 0.0135193634778, 0.00105608161539, 0.00114762131125, 0.00468535767868, 0.00102159474045, 0.000952555099502, 0.00063504150603, 0.00126591010485, 0.00456527341157, 0.00229068356566, 0.000951088324655, 0.00126970885321, 0.000731898879167, 0.000114190872409, 8.15191233414e-05, 0.000206276541576, 5.43981768715e-05, 7.82288407208e-05, 4.33524874097e-05, 1.56652131409e-05, 8.40659049572e-06, 5.56119402972e-06, 2.63552669821e-06, 1.43805073094e-06, 9.42702683915e-07, 9.14265626761e-07], "median": [1.2193371731e-05, 0.0109308455139, 0.000751672429033, 0.000582554494031, 0.00269304635003, 0.000534778402653, 0.000523301307112, 0.000167113161297, 0.000135870446684, 0.000337414501701, 0.000110501016025, 6.94275659043e-05, 3.59550213034e-05, 5.21798137925e-05, 5.99257255089e-05, 3.345314326e-05, 4.966645065e-05, 1.82647454494e-05, 1.97104454855e-05, 1.01894402178e-05, 3.02247417494e-06, 9.07858350274e-07, 4.11098994846e-07, 1.5799739117e-07, 8.29370421229e-08, 1.94133633613e-08, 7.54831486205e-09], "min": [5.83408235571e-24, 3.04553163096e-23, 6.55378319428e-23, 2.06925346742e-23, 1.22724744478e-22, 1.0880639821e-22, 9.02242305407e-23, 1.10656346453e-22, 6.60966042101e-23, 4.36791652132e-23, 8.02861293023e-23, 4.92198212889e-23, 1.06418207017e-22, 8.22487079494e-23, 1.24324970912e-22, 1.66531541074e-22, 1.04173550643e-22, 2.16903427451e-22, 2.05441127037e-22, 4.57577998145e-22, 6.73564781846e-22, 4.44557628023e-22, 5.88528100618e-22, 9.33170802575e-22, 1.29549903396e-21, 1.62048024245e-21, 2.19936621613e-21], "var": [5.26171000104e-08, 0.000102513142338, 1.18440868846e-06, 2.58338513959e-06, 3.72372305719e-05, 2.22810763262e-06, 1.5778720126e-06, 4.74002854389e-06, 4.68074867968e-05, 0.000109474975034, 6.40388243482e-05, 1.07822606878e-05, 1.76051908056e-05, 7.48045158616e-06, 4.75033061775e-08, 2.8363892568e-08, 3.03158401493e-07, 1.64952087545e-08, 3.82712421754e-08, 1.37434605918e-08, 1.62860314123e-09, 4.75546546586e-10, 2.84735152123e-10, 5.15873212203e-11, 1.42167553771e-11, 7.46761246589e-12, 7.95744459908e-12]}, "erbbands": {"dmean": [0.0433851145208, 0.462961018085, 0.542204320431, 0.840681791306, 2.82699656487, 3.32532048225, 2.53202080727, 2.76341342926, 4.62339353561, 5.35251140594, 4.71368789673, 9.95300865173, 26.1911373138, 40.7559585571, 23.8883514404, 21.7245578766, 31.3348579407, 13.6636257172, 3.6841211319, 4.10509538651, 3.46340942383, 4.21298599243, 2.2447822094, 1.67141139507, 1.77279734612, 1.25520157814, 0.323097079992, 0.208300724626, 0.128716424108, 0.0906491056085, 0.0634195953608, 0.0243214778602, 0.0099439015612, 0.00507561210543, 0.00251154485159, 0.00116873194929, 0.000468340731459, 0.000189848942682, 4.96877037222e-05, 7.04732337908e-06], "dmean2": [0.0754958316684, 0.749616742134, 0.90986520052, 1.35037922859, 3.99351620674, 4.64900875092, 3.54797434807, 3.77331423759, 5.97906064987, 6.39583349228, 5.95528936386, 11.3563947678, 30.7988910675, 44.2346382141, 30.7536640167, 30.4862594604, 42.1266136169, 18.7797164917, 5.37993335724, 7.10956716537, 5.94426679611, 7.19968986511, 3.77914738655, 2.79861497879, 3.05502939224, 2.12158226967, 0.552501559258, 0.35609292984, 0.220514848828, 0.156869769096, 0.108717903495, 0.0410557836294, 0.0167736019939, 0.00834807474166, 0.00425890181214, 0.00190347677562, 0.000794654537458, 0.000304620480165, 7.70739352447e-05, 1.00205252238e-05], "dvar": [0.00746322236955, 0.831635773182, 0.908618569374, 2.33280706406, 33.4442405701, 26.7569236755, 20.5388412476, 22.2729969025, 54.3054428101, 106.226089478, 321.666534424, 3944.19116211, 7121.3046875, 12274.4375, 7475.24707031, 6162.32080078, 12653.5595703, 2252.47387695, 77.8076324463, 163.636123657, 87.2073287964, 217.340042114, 61.2150802612, 18.8624324799, 49.3218574524, 18.3197536469, 1.32781887054, 0.44428524375, 0.231278538704, 0.11444670707, 0.0562811084092, 0.00787188671529, 0.0010092316661, 0.00029021705268, 6.7448381742e-05, 1.53741784743e-05, 3.13503846883e-06, 6.82629263338e-07, 3.9749973979e-08, 1.27233876213e-10], "dvar2": [0.0229406580329, 2.08627176285, 2.5567305088, 6.30039310455, 72.5044403076, 55.8280754089, 43.9659461975, 39.2302360535, 104.585952759, 147.877700806, 474.247192383, 4701.52197266, 9401.40917969, 13594.2666016, 12482.4511719, 12306.3984375, 22501.0605469, 4104.49853516, 144.188644409, 487.994903564, 264.763153076, 634.588867188, 175.754501343, 51.2768630981, 144.926391602, 50.4491348267, 3.83438825607, 1.28795003891, 0.685356378555, 0.339682340622, 0.161707088351, 0.0223138015717, 0.00285394350067, 0.000692690780852, 0.000193339888938, 4.00977733079e-05, 8.63814057084e-06, 1.64054836205e-06, 8.93975027338e-08, 2.75982015019e-10], "max": [1.4307076931, 21.1591453552, 22.0751399994, 40.3805770874, 240.60836792, 164.808853149, 152.055374146, 152.501266479, 213.872421265, 404.822875977, 1104.47229004, 3196.90673828, 3323.52050781, 3247.21582031, 3200.50805664, 2461.63256836, 3281.65136719, 1243.8729248, 221.24597168, 351.105407715, 220.472808838, 443.852874756, 208.232543945, 117.879508972, 156.053070068, 97.8621368408, 35.4196281433, 13.3742294312, 14.2640199661, 7.32398986816, 6.71139383316, 2.20170211792, 0.75035238266, 0.496230483055, 0.213892355561, 0.118577547371, 0.0520226284862, 0.0331595130265, 0.00759840803221, 0.000377830496291], "mean": [0.293539732695, 3.2732000351, 2.63506054878, 2.65902733803, 12.3743171692, 14.7694501877, 7.77020835876, 8.4485244751, 15.4571714401, 15.2733564377, 14.6579685211, 31.9253387451, 86.1207733154, 140.999649048, 83.0688018799, 57.3802185059, 67.1895828247, 41.6781845093, 9.87882614136, 7.01073694229, 6.81940793991, 8.10271930695, 4.50005197525, 3.53738188744, 3.71106410027, 2.64410305023, 0.792329490185, 0.487292766571, 0.310473352671, 0.22184227407, 0.148776307702, 0.0655542090535, 0.0304973926395, 0.0167454816401, 0.00879314728081, 0.00426823133603, 0.00180708279368, 0.000707425875589, 0.000181373907253, 4.85049095005e-05], "median": [0.266680598259, 2.57779240608, 2.01575183868, 1.59859645367, 5.41204357147, 8.97738838196, 3.97336411476, 4.22156333923, 8.35984611511, 6.176820755, 4.03428173065, 3.87587666512, 9.84283924103, 8.5672712326, 6.46851158142, 4.89063692093, 2.60666060448, 3.22746992111, 2.55720639229, 3.06717538834, 2.78475761414, 2.35478210449, 1.36278104782, 1.00904369354, 0.853559672832, 0.541965842247, 0.204989105463, 0.0867902711034, 0.0375546514988, 0.0169291384518, 0.0107960663736, 0.00462185498327, 0.0022049327381, 0.00122816185467, 0.000452917651273, 0.000133998546517, 4.45626210421e-05, 9.05091837922e-06, 1.62370361068e-05, 3.45307853422e-05], "min": [5.93691618072e-22, 8.91582439354e-21, 6.05039061853e-20, 8.65612134671e-20, 1.51313745461e-19, 3.6171455304e-19, 1.31505514996e-18, 4.78769450209e-19, 9.87130459651e-19, 2.04064112948e-18, 2.14308724155e-18, 1.08641932672e-18, 1.6933921559e-18, 2.63607282456e-18, 2.48062097884e-18, 2.60571839801e-18, 5.03192784975e-18, 4.60995613592e-18, 4.62561052901e-18, 8.25569595592e-18, 7.9111876385e-18, 6.97722131759e-18, 1.03201352784e-17, 1.21751506678e-17, 1.08691863362e-17, 1.82733544454e-17, 2.60722332906e-17, 2.8665371719e-17, 1.79347794945e-17, 1.93748380752e-17, 1.48920899098e-17, 2.14236784257e-17, 1.25498965725e-17, 1.3277020591e-17, 1.00844690404e-17, 5.83204931651e-18, 3.17436867319e-18, 1.20729522963e-18, 3.06852574394e-19, 3.27073514993e-20], "var": [0.0405981391668, 7.37359189987, 5.29816198349, 10.1489219666, 439.523651123, 337.255523682, 114.936340332, 161.888549805, 471.490905762, 757.078430176, 3505.5402832, 32469.1074219, 60401.4335938, 111265.875, 66531.1953125, 27822.4121094, 44847.1289062, 21207.421875, 644.535705566, 273.668334961, 176.000732422, 484.57220459, 150.152114868, 49.3458709717, 131.030776978, 52.4079551697, 3.53949260712, 1.41435444355, 0.685988426208, 0.417367458344, 0.187195852399, 0.035831399262, 0.00602227589116, 0.00182906177361, 0.000506766140461, 0.000141125565278, 2.7209511245e-05, 5.7326528804e-06, 2.80112089968e-07, 2.17900941735e-09]}, "gfcc": {"mean": [-107.109794617, 186.199630737, -114.358200073, 24.2416496277, -21.0761165619, -1.4502607584, -7.53805494308, -1.58485972881, -11.4705104828, -10.026968956, -0.286221444607, -3.84022760391, 4.9017572403], "cov": [[16727.109375, -309.239440918, -2945.86791992, -426.588775635, -1372.20373535, 460.695068359, -231.00402832, 222.743743896, -709.101806641, 116.721534729, -42.2464485168, 358.570526123, -183.656692505], [-309.239440918, 1751.25854492, -244.447250366, 82.5423431396, 186.616119385, -370.666259766, 102.101600647, -136.181655884, 190.896499634, -161.401428223, 41.6459884644, -199.29838562, 234.978118896], [-2945.86791992, -244.447250366, 975.721069336, 88.763381958, 252.012481689, -12.4533071518, -2.35686588287, 12.9857702255, 80.1356201172, 1.49137592316, -44.705116272, 10.8652448654, -29.3818378448], [-426.588775635, 82.5423431396, 88.763381958, 133.48866272, 100.06060791, -41.4554214478, -37.4641036987, -61.7828826904, 30.4879932404, 13.5066823959, 15.3570489883, -29.6002502441, -7.03788709641], [-1372.20373535, 186.616119385, 252.012481689, 100.06060791, 268.810394287, -33.471988678, -5.85480642319, -92.5747909546, 61.2399291992, 23.9880199432, 33.4042663574, -52.6352996826, -7.76019859314], [460.695068359, -370.666259766, -12.4533071518, -41.4554214478, -33.471988678, 204.235031128, 13.1698408127, 39.2227706909, -90.2080688477, 24.5439605713, 8.55009174347, 55.7401313782, -51.4041366577], [-231.00402832, 102.101600647, -2.35686588287, -37.4641036987, -5.85480642319, 13.1698408127, 162.313217163, 83.2594528198, 29.6271705627, -91.9483337402, -40.2833137512, -3.15538644791, 70.5082168579], [222.743743896, -136.181655884, 12.9857702255, -61.7828826904, -92.5747909546, 39.2227706909, 83.2594528198, 162.951004028, 32.1746177673, -35.7688102722, -59.8000793457, 15.338054657, 20.8447246552], [-709.101806641, 190.896499634, 80.1356201172, 30.4879932404, 61.2399291992, -90.2080688477, 29.6271705627, 32.1746177673, 155.210418701, 27.362241745, -11.3216619492, -73.2623901367, 13.7829742432], [116.721534729, -161.401428223, 1.49137592316, 13.5066823959, 23.9880199432, 24.5439605713, -91.9483337402, -35.7688102722, 27.362241745, 182.19984436, 67.6151428223, -8.94179439545, -101.585388184], [-42.2464485168, 41.6459884644, -44.705116272, 15.3570489883, 33.4042663574, 8.55009174347, -40.2833137512, -59.8000793457, -11.3216619492, 67.6151428223, 102.85848999, 19.2617855072, -26.5323352814], [358.570526123, -199.29838562, 10.8652448654, -29.6002502441, -52.6352996826, 55.7401313782, -3.15538644791, 15.338054657, -73.2623901367, -8.94179439545, 19.2617855072, 126.084579468, 12.8472747803], [-183.656692505, 234.978118896, -29.3818378448, -7.03788709641, -7.76019859314, -51.4041366577, 70.5082168579, 20.8447246552, 13.7829742432, -101.585388184, -26.5323352814, 12.8472747803, 131.832443237]], "icov": [[0.000459807022708, -0.000827894720715, 0.00102404272184, -0.000786684220657, 0.00108135445043, -0.000835429236759, 0.000551400298718, -0.000954075832851, 0.00135535525624, -0.00117555086035, 0.00207525468431, -0.00169734435622, 0.00143181474414], [-0.000827894720715, 0.00351876928471, -0.00122695916798, 0.00201550521888, -0.00310689467005, 0.00370550132357, -0.00136672682129, 0.0022379795555, -0.00283399783075, 0.00338825490326, -0.00587179465219, 0.00522692687809, -0.00473593827337], [0.00102404272184, -0.00122695916798, 0.00434571923688, -0.00161616911646, -0.000485911557917, -0.000967008701991, 0.00198290683329, -0.00327726057731, 0.0022258667741, -0.00166924158111, 0.0053495792672, -0.00494040129706, 0.00358692370355], [-0.000786684220657, 0.00201550521888, -0.00161616911646, 0.0137568162754, -0.00558705069125, 0.00224530044943, 0.00201604235917, 0.00381030584686, -0.00476191751659, 0.00429220171645, -0.00397869711742, 0.00348279206082, -0.00278313830495], [0.00108135445043, -0.00310689467005, -0.000485911557917, -0.00558705069125, 0.0143235092983, -0.0058407834731, -0.00212883064523, 0.00502036837861, -0.000270007090876, -0.00373876024969, 0.00418045464903, -0.00280731008388, 0.00381028023548], [-0.000835429236759, 0.00370550132357, -0.000967008701991, 0.00224530044943, -0.0058407834731, 0.0151761192828, -0.00465900544077, -0.00319834519178, 0.00622162455693, 0.000230520512559, -0.00639057066292, 0.00473046163097, -0.00151300418656], [0.000551400298718, -0.00136672682129, 0.00198290683329, 0.00201604235917, -0.00212883064523, -0.00465900544077, 0.0166850108653, -0.00763704907149, -0.00241780490614, 0.00549951987341, 0.000712992215995, -0.00192190753296, -0.00108301942237], [-0.000954075832851, 0.0022379795555, -0.00327726057731, 0.00381030584686, 0.00502036837861, -0.00319834519178, -0.00763704907149, 0.0225000176579, -0.0130191743374, 0.0026471063029, 0.00145224819425, 0.000679523451254, -0.00264277379028], [0.00135535525624, -0.00283399783075, 0.0022258667741, -0.00476191751659, -0.000270007090876, 0.00622162455693, -0.00241780490614, -0.0130191743374, 0.0266551505774, -0.0130816986784, 0.0057352357544, 0.00260095275007, 0.000976764131337], [-0.00117555086035, 0.00338825490326, -0.00166924158111, 0.00429220171645, -0.00373876024969, 0.000230520512559, 0.00549951987341, 0.0026471063029, -0.0130816986784, 0.0223546233028, -0.0141138900071, 0.00372789404355, 0.00407969253138], [0.00207525468431, -0.00587179465219, 0.0053495792672, -0.00397869711742, 0.00418045464903, -0.00639057066292, 0.000712992215995, 0.00145224819425, 0.0057352357544, -0.0141138900071, 0.0309454593807, -0.0153501583263, 0.00772876339033], [-0.00169734435622, 0.00522692687809, -0.00494040129706, 0.00348279206082, -0.00280731008388, 0.00473046163097, -0.00192190753296, 0.000679523451254, 0.00260095275007, 0.00372789404355, -0.0153501583263, 0.024300083518, -0.0128532666713], [0.00143181474414, -0.00473593827337, 0.00358692370355, -0.00278313830495, 0.00381028023548, -0.00151300418656, -0.00108301942237, -0.00264277379028, 0.000976764131337, 0.00407969253138, 0.00772876339033, -0.0128532666713, 0.0251532681286]]}, "melbands": {"dmean": [0.000481199123897, 0.000400760472985, 0.000204403535463, 0.000214133280679, 0.000105016202724, 6.73123358865e-05, 6.64526742185e-05, 5.67039496673e-05, 4.49185681646e-05, 6.27923436696e-05, 0.000131846652948, 0.000170590268681, 9.45641368162e-05, 4.98132358189e-05, 7.23160483176e-05, 3.99894670409e-05, 2.94444434985e-05, 6.63768423692e-06, 4.27636996392e-06, 4.6576042223e-06, 5.13217310072e-06, 4.52865697298e-06, 4.94525784234e-06, 1.36489086344e-06, 1.40004556215e-06, 1.72269790255e-06, 8.38609707898e-07, 8.12266137018e-07, 1.60387614301e-07, 2.44387251769e-07, 1.15737783801e-07, 6.90570374218e-08, 7.78853603833e-08, 5.56905099813e-08, 5.12188229607e-08, 1.19516094799e-08, 1.72126366493e-08, 5.77802516943e-09, 1.06784625586e-08, 4.44379866238e-09], "dmean2": [0.00080955773592, 0.000653006427456, 0.000312725926051, 0.000297541322652, 0.000146661841427, 9.04708213056e-05, 8.42125882627e-05, 6.76260824548e-05, 5.52541423531e-05, 7.27443912183e-05, 0.000154927271069, 0.000184057003935, 0.000120477423479, 6.99657466612e-05, 9.84669241006e-05, 5.40642467968e-05, 4.03253616241e-05, 9.53618564381e-06, 7.27589213056e-06, 8.11836434877e-06, 8.78972878127e-06, 7.72528710513e-06, 8.37574043544e-06, 2.32100319408e-06, 2.33838545682e-06, 2.95398217531e-06, 1.42028011396e-06, 1.37333415751e-06, 2.75227165503e-07, 4.19590918455e-07, 1.96129164465e-07, 1.17527399368e-07, 1.35382563826e-07, 9.58670440809e-08, 8.62381313027e-08, 2.03193888382e-08, 2.90937247627e-08, 9.70916413934e-09, 1.77006267421e-08, 7.35360883297e-09], "dvar": [8.330744663e-07, 5.74977320866e-07, 1.48368940245e-07, 1.23557512666e-07, 3.28474456524e-08, 1.33703528249e-08, 1.04452704264e-08, 1.35001698709e-08, 4.17718979406e-08, 1.22657638713e-07, 1.77219902753e-07, 2.34455157511e-07, 1.13297780047e-07, 3.82982179303e-08, 4.76340460409e-08, 2.09522372785e-08, 1.18638485702e-08, 3.12201098307e-10, 1.37828026769e-10, 2.06851771822e-10, 2.37028591199e-10, 1.86067550256e-10, 4.97034746694e-10, 2.54964070689e-11, 1.5344137419e-11, 5.14093455306e-11, 6.13080940182e-12, 7.5503587757e-12, 2.33173127074e-13, 1.10287896437e-12, 2.06777737294e-13, 5.68041334727e-14, 1.13313790859e-13, 7.54385567686e-14, 3.89455245939e-14, 1.4864025326e-15, 4.12970616972e-15, 3.62036069458e-16, 1.58715731343e-15, 1.96031283438e-16], "dvar2": [2.33028754337e-06, 1.42861711083e-06, 3.66627176618e-07, 2.58060737224e-07, 6.91611603543e-08, 2.2940579214e-08, 1.8961655357e-08, 1.7684119058e-08, 5.3801983313e-08, 1.50446467728e-07, 2.33362470681e-07, 2.56228219087e-07, 1.82497487344e-07, 7.40696322055e-08, 8.85148878638e-08, 3.68983386068e-08, 2.14827355904e-08, 5.59733814853e-10, 4.02481076245e-10, 6.27649210383e-10, 7.17986115006e-10, 5.46647838107e-10, 1.4337698806e-09, 7.46562672793e-11, 4.15233264439e-11, 1.47106771209e-10, 1.69394723942e-11, 2.08097358789e-11, 6.6137546828e-13, 3.20246932271e-12, 6.016028062e-13, 1.62116698646e-13, 3.44282653601e-13, 2.21072482152e-13, 1.1059366991e-13, 4.21290555745e-15, 1.21331235532e-14, 1.01310593266e-15, 4.11789980099e-15, 5.19946886568e-16], "max": [0.0171031598002, 0.0191006474197, 0.0117104705423, 0.0144709730521, 0.00700591132045, 0.00386311905459, 0.00309471576475, 0.00483298161998, 0.00862944964319, 0.0173635240644, 0.0165190007538, 0.0143886553124, 0.0113664520904, 0.00552780274302, 0.00568338483572, 0.00428106309846, 0.00284733204171, 0.000420385069447, 0.000342437444488, 0.000331979274051, 0.000381053308956, 0.000320023478707, 0.000661595084239, 0.00012125728972, 0.000111342720629, 0.0001904109522, 4.92536455567e-05, 5.9365927882e-05, 1.38447740028e-05, 2.67944815278e-05, 1.19226951938e-05, 5.94464154346e-06, 8.79859908309e-06, 6.55352550893e-06, 5.35516937816e-06, 1.03786885575e-06, 1.47927119087e-06, 6.24755443823e-07, 9.98147811515e-07, 2.77634086387e-07], "mean": [0.0033852388151, 0.00259172101505, 0.000721032964066, 0.00104436301626, 0.000366085441783, 0.000203519812203, 0.000230733538046, 0.000159060888109, 0.00013878455502, 0.000196859342395, 0.000435306079453, 0.000586809648667, 0.000332827243255, 0.000124284706544, 0.00016623600095, 8.19381748443e-05, 8.7900320068e-05, 1.68014903466e-05, 7.48004276829e-06, 7.90636477177e-06, 9.01115890883e-06, 8.22575657367e-06, 8.58471321408e-06, 2.48696983363e-06, 2.65024345936e-06, 3.23958784065e-06, 1.73729392827e-06, 1.62989147157e-06, 3.78092039455e-07, 4.67554201578e-07, 2.59432482608e-07, 1.55738092644e-07, 1.66199114915e-07, 1.23231615135e-07, 1.08707006063e-07, 2.85824537372e-08, 4.09174241156e-08, 1.56238293414e-08, 2.503880836e-08, 1.21351080296e-08], "median": [0.00272402120754, 0.00198351358995, 0.000400289776735, 0.000601507432293, 0.000181306735612, 9.70445689745e-05, 0.000127067425638, 5.72017743252e-05, 2.80436779576e-05, 2.14888368646e-05, 4.55931658507e-05, 2.89937124762e-05, 1.98909801838e-05, 9.30192436499e-06, 7.17688453733e-06, 3.681509952e-06, 5.63975345358e-06, 3.62968967238e-06, 3.77412584385e-06, 3.37545407092e-06, 3.20239678331e-06, 2.50355969911e-06, 1.44058469687e-06, 7.82216147854e-07, 6.83226062392e-07, 7.16456440841e-07, 4.06168226164e-07, 3.25267279777e-07, 1.38834735708e-07, 5.9114217521e-08, 4.2762223984e-08, 2.19229399079e-08, 1.15003597756e-08, 7.67848895578e-09, 6.14640782715e-09, 4.05012201554e-09, 2.08183337236e-09, 1.47087964031e-09, 1.28489041629e-09, 8.48856207547e-10], "min": [7.40805786572e-24, 2.53586974157e-23, 1.63422428832e-23, 1.59659783195e-23, 3.99148787457e-23, 1.28267789224e-23, 1.67495002142e-23, 2.47848026849e-23, 1.55117269668e-23, 7.32429503708e-24, 8.35435489724e-24, 1.00485954077e-23, 8.83494947108e-24, 6.66293456452e-24, 1.13289884432e-23, 7.67598973901e-24, 9.14042244599e-24, 5.92318656154e-24, 1.05348177152e-23, 1.14137562806e-23, 8.5834322155e-24, 6.04890061869e-24, 1.05554882375e-23, 9.24061330298e-24, 1.00280763467e-23, 6.52002807281e-24, 1.04614094748e-23, 1.22961327019e-23, 1.82130564967e-23, 1.30777210984e-23, 1.72450941893e-23, 1.00511631499e-23, 8.01117989308e-24, 1.25147773347e-23, 7.57339837828e-24, 1.15082373624e-23, 1.30785083816e-23, 8.08483268036e-24, 9.62526345809e-24, 1.21962226794e-23], "var": [5.82550455874e-06, 4.62947036795e-06, 9.35026150728e-07, 1.89513048099e-06, 2.63952614432e-07, 1.01775214034e-07, 9.9915212104e-08, 1.02132091229e-07, 4.15122713093e-07, 9.99086751108e-07, 1.50079438299e-06, 2.16014518628e-06, 1.32084596771e-06, 1.64989600648e-07, 1.8444336547e-07, 7.22054736002e-08, 1.10008436138e-07, 2.29888530434e-09, 2.53840171105e-10, 3.45152406656e-10, 4.35306735103e-10, 3.89562049286e-10, 1.14174658616e-09, 5.14737280577e-11, 3.65104300959e-11, 1.27101940084e-10, 1.63442835655e-11, 2.14883961319e-11, 6.56456280394e-13, 2.50618059291e-12, 7.21680907308e-13, 1.64791154355e-13, 2.93433761447e-13, 2.62354293021e-13, 1.17787236128e-13, 5.74701732668e-15, 1.47341381175e-14, 1.73860786319e-15, 5.72518251137e-15, 9.50624759066e-16]}, "mfcc": {"mean": [-743.924499512, 205.275146484, -9.97335147858, 35.2458343506, 13.0789203644, 7.66640377045, 13.7147884369, 9.74979400635, 5.28254747391, 2.47924208641, -3.83662939072, -0.475202471018, 4.71571350098], "cov": [[9845.72460938, 293.651947021, -1653.11865234, -328.640472412, -1087.48632812, -12.9716854095, 18.3583698273, 99.4873504639, -254.900634766, -184.788665771, -38.0887718201, 85.0769348145, 27.9303207397], [293.651947021, 1173.79858398, -165.210845947, 155.953475952, 32.002948761, -112.215438843, 7.37211370468, -34.6643028259, 100.863349915, 24.7062397003, -66.6959762573, -79.0243682861, -50.9294509888], [-1653.11865234, -165.210845947, 605.802185059, 45.5098991394, 243.258239746, 7.69843101501, -23.8372764587, 29.4007930756, 26.8729324341, 11.2293701172, -13.6863603592, -16.6172409058, 9.06167888641], [-328.640472412, 155.953475952, 45.5098991394, 132.446685791, 87.9069213867, -11.7869510651, -15.2136764526, -37.7040061951, 19.3022651672, 21.3120956421, 6.56859397888, -17.7668933868, -25.0165214539], [-1087.48632812, 32.002948761, 243.258239746, 87.9069213867, 311.880218506, 71.9805755615, -9.43109703064, -94.244972229, -47.7306251526, 18.3863449097, 49.5944786072, 18.5810070038, -19.4692173004], [-12.9716854095, -112.215438843, 7.69843101501, -11.7869510651, 71.9805755615, 131.964859009, 40.7396354675, -34.7424087524, -69.7139892578, -18.69414711, 40.1575126648, 33.6247024536, 0.224402695894], [18.3583698273, 7.37211370468, -23.8372764587, -15.2136764526, -9.43109703064, 40.7396354675, 98.8251800537, 51.2029418945, 0.768112421036, -36.0629730225, -34.7964553833, -2.98340606689, 18.0560417175], [99.4873504639, -34.6643028259, 29.4007930756, -37.7040061951, -94.244972229, -34.7424087524, 51.2029418945, 183.461074829, 100.838745117, -19.7931060791, -81.2439651489, -46.5808601379, 13.539056778], [-254.900634766, 100.863349915, 26.8729324341, 19.3022651672, -47.7306251526, -69.7139892578, 0.768112421036, 100.838745117, 172.88899231, 60.2083053589, -46.6655502319, -55.1196022034, -16.4101047516], [-184.788665771, 24.7062397003, 11.2293701172, 21.3120956421, 18.3863449097, -18.69414711, -36.0629730225, -19.7931060791, 60.2083053589, 127.914115906, 76.0053100586, -2.99073600769, -41.3379173279], [-38.0887718201, -66.6959762573, -13.6863603592, 6.56859397888, 49.5944786072, 40.1575126648, -34.7964553833, -81.2439651489, -46.6655502319, 76.0053100586, 160.687438965, 70.4444122314, -35.3002281189], [85.0769348145, -79.0243682861, -16.6172409058, -17.7668933868, 18.5810070038, 33.6247024536, -2.98340606689, -46.5808601379, -55.1196022034, -2.99073600769, 70.4444122314, 105.850830078, 35.4879150391], [27.9303207397, -50.9294509888, 9.06167888641, -25.0165214539, -19.4692173004, 0.224402695894, 18.0560417175, 13.539056778, -16.4101047516, -41.3379173279, -35.3002281189, 35.4879150391, 104.173614502]], "icov": [[0.000301522057271, -0.000168101163581, 0.000500728667248, -7.43650434742e-06, 0.000746949808672, -0.000477339461213, 0.000664553430397, -0.000683201826178, 0.000966494786553, -0.000267314870143, 0.000319941726048, -0.000326663954183, 0.000171738705831], [-0.000168101163581, 0.00145741563756, 0.000381360383471, -0.00102926115505, -0.0010743169114, 0.00162504520267, -0.00131263665389, 0.00111396890134, -0.00126965378877, 0.000389593886212, 0.000169024031493, 0.000395134207793, 0.000232960184803], [0.000500728667248, 0.000381360383471, 0.00443430524319, 0.000173655425897, -0.00276186945848, 0.000516596774105, 0.00243820343167, -0.00341755268164, 0.00154310732614, -0.000477665220387, 0.000795491447207, -0.000102294827229, -0.000429610983701], [-7.43650434742e-06, -0.00102926115505, 0.000173655425897, 0.0124351680279, -0.00357250822708, 0.00141696934588, -3.2049309084e-05, 0.00236501963809, -0.00275092595257, 0.001277244417, -0.000880238250829, 0.00150336173829, 0.000760437571444], [0.000746949808672, -0.0010743169114, -0.00276186945848, -0.00357250822708, 0.0115584312007, -0.00569706363603, 0.000608325120993, 0.00228505418636, 0.00245743175037, -0.0012240371434, 0.000924117863178, -0.001374044572, 0.0011094964575], [-0.000477339461213, 0.00162504520267, 0.000516596774105, 0.00141696934588, -0.00569706363603, 0.0171428583562, -0.00893735233694, 0.00149531662464, 0.0014493757626, 0.00150674546603, -0.0036491365172, 0.000842902169097, 0.00077339168638], [0.000664553430397, -0.00131263665389, 0.00243820343167, -3.2049309084e-05, 0.000608325120993, -0.00893735233694, 0.0202138442546, -0.00856010150164, 0.00286506954581, 0.000390196655644, 0.00317889801227, -0.00188876292668, -0.000971033470705], [-0.000683201826178, 0.00111396890134, -0.00341755268164, 0.00236501963809, 0.00228505418636, 0.00149531662464, -0.00856010150164, 0.0184126980603, -0.0121160112321, 0.00535814417526, -0.000872415548656, 0.00260132853873, 0.000143320125062], [0.000966494786553, -0.00126965378877, 0.00154310732614, -0.00275092595257, 0.00245743175037, 0.0014493757626, 0.00286506954581, -0.0121160112321, 0.0230079945177, -0.0146442987025, 0.00832815654576, -0.00251548714004, 0.00135179667268], [-0.000267314870143, 0.000389593886212, -0.000477665220387, 0.001277244417, -0.0012240371434, 0.00150674546603, 0.000390196655644, 0.00535814417526, -0.0146442987025, 0.0252993777394, -0.0168041549623, 0.00730264000595, -0.000835211132653], [0.000319941726048, 0.000169024031493, 0.000795491447207, -0.000880238250829, 0.000924117863178, -0.0036491365172, 0.00317889801227, -0.000872415548656, 0.00832815654576, -0.0168041549623, 0.0268222745508, -0.0163806509227, 0.00877220276743], [-0.000326663954183, 0.000395134207793, -0.000102294827229, 0.00150336173829, -0.001374044572, 0.000842902169097, -0.00188876292668, 0.00260132853873, -0.00251548714004, 0.00730264000595, -0.0163806509227, 0.0248347371817, -0.0111280605197], [0.000171738705831, 0.000232960184803, -0.000429610983701, 0.000760437571444, 0.0011094964575, 0.00077339168638, -0.000971033470705, 0.000143320125062, 0.00135179667268, -0.000835211132653, 0.00877220276743, -0.0111280605197, 0.0168875195086]]}, "spectral_contrast_coeffs": {"dmean": [0.0307802446187, 0.0315370932221, 0.0285451263189, 0.0244001764804, 0.0176248960197, 0.0128851253539], "dmean2": [0.0508255325258, 0.048867482692, 0.0431635640562, 0.0395828858018, 0.0295574981719, 0.0219207033515], "dvar": [0.000666599371471, 0.000675122835673, 0.000559189356863, 0.00037099342444, 0.000191258499399, 0.00011107212049], "dvar2": [0.00182181736454, 0.00160538067576, 0.00126335653476, 0.000949105597101, 0.000547152594663, 0.000321704108501], "max": [-0.399889349937, -0.388495981693, -0.361731022596, -0.484347075224, -0.587198376656, -0.609992623329], "mean": [-0.657554447651, -0.69039452076, -0.667577207088, -0.734995722771, -0.761033833027, -0.750200271606], "median": [-0.659692466259, -0.692789793015, -0.687933981419, -0.746536552906, -0.76381701231, -0.747763574123], "min": [-0.961841583252, -0.98369294405, -0.980079948902, -0.962646245956, -0.957949399948, -0.960969150066], "var": [0.00434753438458, 0.00477400142699, 0.0114329475909, 0.00582500500605, 0.00268374243751, 0.00199550297111]}, "spectral_contrast_valleys": {"dmean": [0.239793524146, 0.261554628611, 0.22257514298, 0.183274626732, 0.131063610315, 0.132115229964], "dmean2": [0.396490156651, 0.422385841608, 0.360739976168, 0.306082099676, 0.220116183162, 0.217861130834], "dvar": [0.0551503486931, 0.0638486966491, 0.0465565994382, 0.0376477427781, 0.0309153664857, 0.0413272716105], "dvar2"