{"lowlevel": {"average_loudness": 0.761987745762, "barkbands_crest": {"dmean": 1.50026321411, "dmean2": 2.2833378315, "dvar": 2.32149887085, "dvar2": 5.77807807922, "max": 26.2889556885, "mean": 15.6142187119, "median": 15.0404920578, "min": 5.32960319519, "var": 18.1796340942}, "barkbands_flatness_db": {"dmean": 0.0224892776459, "dmean2": 0.0364912487566, "dvar": 0.000764289870858, "dvar2": 0.00217356043868, "max": 0.818590223789, "mean": 0.417148023844, "median": 0.400455802679, "min": 0.065351113677, "var": 0.0184799693525}, "barkbands_kurtosis": {"dmean": 7.19361352921, "dmean2": 11.9480981827, "dvar": 346.512207031, "dvar2": 1090.01171875, "max": 555.716125488, "mean": 26.6562595367, "median": 6.96343326569, "min": -1.75368309021, "var": 5283.75585938}, "barkbands_skewness": {"dmean": 0.572014927864, "dmean2": 0.897612929344, "dvar": 0.472664684057, "dvar2": 1.24076342583, "max": 19.5523223877, "mean": 2.63567662239, "median": 2.03101563454, "min": -8.91350364685, "var": 8.06014537811}, "barkbands_spread": {"dmean": 0.950272679329, "dmean2": 1.44606649876, "dvar": 3.11211371422, "dvar2": 6.66185045242, "max": 42.14894104, "mean": 4.82040929794, "median": 3.16123247147, "min": 0.052694439888, "var": 24.9408607483}, "dissonance": {"dmean": 0.0419581308961, "dmean2": 0.0711055994034, "dvar": 0.00182262493763, "dvar2": 0.0053168698214, "max": 0.499999910593, "mean": 0.345819026232, "median": 0.359618484974, "min": 0.0327437072992, "var": 0.00699005369097}, "dynamic_complexity": 5.77886772156, "erbbands_crest": {"dmean": 2.29561829567, "dmean2": 3.76378083229, "dvar": 5.28578186035, "dvar2": 14.1816167831, "max": 27.737985611, "mean": 14.175535202, "median": 13.6299371719, "min": 3.01010632515, "var": 22.8494110107}, "erbbands_flatness_db": {"dmean": 0.0199948810041, "dmean2": 0.0328589864075, "dvar": 0.000439641822595, "dvar2": 0.0012149263639, "max": 0.563027262688, "mean": 0.312210977077, "median": 0.294045001268, "min": 0.0519528053701, "var": 0.0104397116229}, "erbbands_kurtosis": {"dmean": 2.15181303024, "dmean2": 3.39410853386, "dvar": 11.0696992874, "dvar2": 26.5249614716, "max": 230.070800781, "mean": 10.9250154495, "median": 2.07971954346, "min": -1.74568343163, "var": 1075.61938477}, "erbbands_skewness": {"dmean": 0.373741567135, "dmean2": 0.577320992947, "dvar": 0.139167457819, "dvar2": 0.312194317579, "max": 13.3342494965, "mean": 1.50993359089, "median": 1.15763294697, "min": -2.5373544693, "var": 3.98965501785}, "erbbands_spread": {"dmean": 4.26987123489, "dmean2": 6.56800508499, "dvar": 47.9907875061, "dvar2": 106.098266602, "max": 166.733398438, "mean": 18.6673851013, "median": 13.4169015884, "min": 0.685020983219, "var": 273.629364014}, "hfc": {"dmean": 1.70814085007, "dmean2": 2.65788412094, "dvar": 8.03496646881, "dvar2": 19.6064052582, "max": 80.8330688477, "mean": 7.90006065369, "median": 5.26233482361, "min": 1.18742240153e-16, "var": 67.1086959839}, "melbands_crest": {"dmean": 2.02588367462, "dmean2": 3.14102506638, "dvar": 4.68915843964, "dvar2": 11.1740531921, "max": 36.7490386963, "mean": 22.5680465698, "median": 22.275478363, "min": 1.85564494133, "var": 35.5281867981}, "melbands_flatness_db": {"dmean": 0.0267606452107, "dmean2": 0.0430970303714, "dvar": 0.00113850005437, "dvar2": 0.00322797312401, "max": 1, "mean": 0.553483843803, "median": 0.535559654236, "min": 0.00446282187477, "var": 0.0284426826984}, "melbands_kurtosis": {"dmean": 7.8692574501, "dmean2": 12.2785396576, "dvar": 559.804260254, "dvar2": 941.229309082, "max": 1703.14831543, "mean": 33.2614822388, "median": 10.6590452194, "min": -1.37542831898, "var": 16570.5136719}, "melbands_skewness": {"dmean": 0.598788917065, "dmean2": 0.929783642292, "dvar": 0.473967522383, "dvar2": 1.02513337135, "max": 28.1680698395, "mean": 2.81459927559, "median": 2.39158511162, "min": -0.483370035887, "var": 5.54974031448}, "melbands_spread": {"dmean": 0.930247426033, "dmean2": 1.37986409664, "dvar": 10.2673377991, "dvar2": 15.4549160004, "max": 154.192993164, "mean": 4.58874988556, "median": 2.99214673042, "min": 0.187926515937, "var": 48.7224998474}, "pitch_salience": {"dmean": 0.0445333234966, "dmean2": 0.0695006847382, "dvar": 0.00216848542914, "dvar2": 0.00548195838928, "max": 0.93614000082, "mean": 0.416886270046, "median": 0.425695359707, "min": 0.032829657197, "var": 0.013524719514}, "silence_rate_20dB": {"dmean": 0, "dmean2": 0, "dvar": 0, "dvar2": 0, "max": 1, "mean": 1, "median": 1, "min": 1, "var": 0}, "silence_rate_30dB": {"dmean": 0.0205607470125, "dmean2": 0.041131105274, "dvar": 0.0201366152614, "dvar2": 0.0506578832865, "max": 1, "mean": 0.938098549843, "median": 1, "min": 0, "var": 0.0580687336624}, "silence_rate_60dB": {"dmean": 0.000934579467867, "dmean2": 0.00186959572602, "dvar": 0.000933709321544, "dvar2": 0.00186609453522, "max": 1, "mean": 0.100443825126, "median": 0, "min": 0, "var": 0.0903557389975}, "spectral_centroid": {"dmean": 66.5450286865, "dmean2": 101.567893982, "dvar": 31048.8027344, "dvar2": 50798.4960938, "max": 11333.0009766, "mean": 443.150878906, "median": 307.705352783, "min": 80.1571121216, "var": 183456.359375}, "spectral_complexity": {"dmean": 0.923831760883, "dmean2": 1.54241645336, "dvar": 1.06759977341, "dvar2": 2.61787009239, "max": 23, "mean": 6.93996715546, "median": 7, "min": 0, "var": 15.136092186}, "spectral_decrease": {"dmean": 1.8591369555e-09, "dmean2": 2.74438960446e-09, "dvar": 9.37658441575e-18, "dvar2": 2.18819414482e-17, "max": 1.16315347822e-15, "mean": -1.1613671802e-08, "median": -9.85030546019e-09, "min": -8.64987086402e-08, "var": 8.49234372649e-17}, "spectral_energy": {"dmean": 0.00714329769835, "dmean2": 0.0105620296672, "dvar": 0.000137573515531, "dvar2": 0.000321473984513, "max": 0.330332994461, "mean": 0.0445491485298, "median": 0.0376947708428, "min": 1.06705951668e-20, "var": 0.00125279370695}, "spectral_energyband_high": {"dmean": 2.77663384622e-05, "dmean2": 4.205125515e-05, "dvar": 8.37358360428e-09, "dvar2": 1.7900076088e-08, "max": 0.0028427336365, "mean": 6.66170744807e-05, "median": 2.11550013773e-06, "min": 7.74949326749e-21, "var": 3.2837796482e-08}, "spectral_energyband_low": {"dmean": 0.00435822270811, "dmean2": 0.00559767801315, "dvar": 7.49783866922e-05, "dvar2": 0.000153362503625, "max": 0.317780852318, "mean": 0.0295583195984, "median": 0.027405122295, "min": 7.29125833123e-23, "var": 0.000558545289095}, "spectral_energyband_middle_high": {"dmean": 0.000438756425865, "dmean2": 0.000658784992993, "dvar": 2.12916324926e-06, "dvar2": 4.84124029754e-06, "max": 0.0433246977627, "mean": 0.00113033084199, "median": 0.000211493141251, "min": 1.57939505384e-21, "var": 7.32275566406e-06}, "spectral_energyband_middle_low": {"dmean": 0.00472574867308, "dmean2": 0.00762734329328, "dvar": 6.26861074124e-05, "dvar2": 0.000170311541297, "max": 0.163714468479, "mean": 0.0155847603455, "median": 0.00912950467318, "min": 2.9170937791e-22, "var": 0.000340266036801}, "spectral_entropy": {"dmean": 0.136951953173, "dmean2": 0.21768464148, "dvar": 0.027324879542, "dvar2": 0.0638079941273, "max": 9.79811954498, "mean": 5.31336688995, "median": 5.37575626373, "min": 3.24562168121, "var": 0.733099579811}, "spectral_flux": {"dmean": 0.0154148619622, "dmean2": 0.0257501713932, "dvar": 0.00037988985423, "dvar2": 0.000968713604379, "max": 0.285189241171, "mean": 0.0478104092181, "median": 0.0413031168282, "min": 1.03298571086e-10, "var": 0.0012451101793}, "spectral_kurtosis": {"dmean": 47.0490341187, "dmean2": 80.489616394, "dvar": 8013.34033203, "dvar2": 22876.5878906, "max": 1213, "mean": 126.264556885, "median": 37.1331291199, "min": -1.18744957447, "var": 28224.5527344}, "spectral_rms": {"dmean": 0.000472323910799, "dmean2": 0.000681859557517, "dvar": 3.48004533635e-07, "dvar2": 7.66802202179e-07, "max": 0.0179520491511, "mean": 0.00599017506465, "median": 0.00606427108869, "min": 3.22650543436e-12, "var": 7.58036958359e-06}, "spectral_rolloff": {"dmean": 60.116268158, "dmean2": 102.602180481, "dvar": 191569.703125, "dvar2": 290773.375, "max": 20133.5449219, "mean": 305.663421631, "median": 215.33203125, "min": 21.533203125, "var": 831078.4375}, "spectral_skewness": {"dmean": 1.30443227291, "dmean2": 2.19802927971, "dvar": 3.08013987541, "dvar2": 8.31925582886, "max": 27.5461368561, "mean": 7.40262413025, "median": 4.79930400848, "min": -0.0339867211878, "var": 35.6333656311}, "spectral_spread": {"dmean": 355444.96875, "dmean2": 596370.4375, "dvar": 443570782208, "dvar2": 889891586048, "max": 39816328, "mean": 1961014.625, "median": 1720885.375, "min": 102686.953125, "var": 2756714168320.0}, "spectral_strongpeak": {"dmean": 0.136446326971, "dmean2": 0.242432788014, "dvar": 0.149990096688, "dvar2": 0.377551972866, "max": 5.61608982086, "mean": 0.429226607084, "median": 0.291040211916, "min": 0, "var": 0.235265314579}, "zerocrossingrate": {"dmean": 0.00245783431455, "dmean2": 0.00311374873854, "dvar": 0.000106787119876, "dvar2": 9.72292837105e-05, "max": 0.732421875, "mean": 0.0144926346838, "median": 0.01025390625, "min": 0.00048828125, "var": 0.00107092352118}, "barkbands": {"dmean": [0.000408941006754, 0.0032563500572, 0.00109754828736, 0.00122852553613, 0.0032072623726, 0.00107520190068, 0.000631981063634, 9.12627801881e-05, 0.0001495420438, 7.6401658589e-05, 0.000190647566342, 0.000127196355606, 1.91515973711e-05, 9.97550796455e-06, 8.40457323648e-06, 3.11564399453e-05, 7.24455676391e-05, 3.39749130944e-05, 2.50205721386e-05, 3.35306795023e-05, 1.34316524054e-05, 3.97477060687e-06, 1.58171349085e-06, 9.86543113868e-07, 2.10632856579e-06, 5.85165423672e-07, 9.12540301101e-08], "dmean2": [0.000593578035478, 0.00400049285963, 0.00152300158516, 0.00183031579945, 0.00532334065065, 0.00181320554111, 0.000877363432664, 0.0001493965392, 0.000229049852351, 0.000116233633889, 0.000291664939141, 0.000203483607038, 2.91053820547e-05, 1.44431014633e-05, 1.31184151542e-05, 5.10875470354e-05, 0.000106284540379, 5.50925324205e-05, 3.96023860958e-05, 5.21284491697e-05, 2.01259372261e-05, 6.45504860586e-06, 2.44171201302e-06, 1.52345296556e-06, 3.01233649225e-06, 9.49593470523e-07, 1.45253935102e-07], "dvar": [8.07021876881e-07, 3.11772964778e-05, 2.26125248446e-05, 1.07465457404e-05, 4.44447941845e-05, 7.29813200451e-06, 3.32225658894e-06, 4.84377231658e-08, 1.89550689811e-07, 8.5130167804e-08, 5.87258625728e-07, 1.04850801108e-06, 6.25641494167e-09, 1.79211323559e-09, 1.77301084925e-09, 1.0983776555e-08, 9.84828574246e-08, 2.37989716823e-08, 2.48137652648e-08, 1.4690083816e-08, 3.77232778348e-09, 4.08189648748e-10, 3.57760765457e-11, 2.55492311335e-11, 3.53141266229e-10, 2.92281338021e-11, 6.53580434131e-13], "dvar2": [2.19582352656e-06, 6.63696773699e-05, 4.19845928263e-05, 2.54218866758e-05, 0.000125158461742, 2.07224366022e-05, 5.71872806177e-06, 1.35106688504e-07, 4.43677834028e-07, 1.69279644524e-07, 1.21203231629e-06, 2.51964638665e-06, 1.41531550923e-08, 3.44569683897e-09, 3.24705307087e-09, 2.75613842859e-08, 2.07395672192e-07, 5.77302614602e-08, 5.7925220176e-08, 3.62570311552e-08, 7.98183297235e-09, 1.05422537366e-09, 8.44329259286e-11, 5.61854555936e-11, 7.71223418461e-10, 7.69043717597e-11, 1.66325514559e-12], "max": [0.0130706457421, 0.187075212598, 0.123803719878, 0.105531983078, 0.154372498393, 0.050859529525, 0.0443974770606, 0.00438811490312, 0.00789245963097, 0.0106568494812, 0.0140700954944, 0.0375057905912, 0.00336838513613, 0.00097266130615, 0.00210108142346, 0.00263554183766, 0.00737578514963, 0.00404698122293, 0.00453366711736, 0.00321878190152, 0.00173412950244, 0.000540895736776, 0.000146652047988, 0.000178634276381, 0.00074709818, 0.000156125272042, 2.62631092482e-05], "mean": [0.00288060936145, 0.0219284575433, 0.00296692131087, 0.00316205993295, 0.00805889908224, 0.00193503743503, 0.00176847190596, 0.000266715331236, 0.000381670048228, 0.000174208704266, 0.000419043499278, 0.000189006706933, 2.79268060694e-05, 1.74751694431e-05, 1.29303380163e-05, 5.02853581565e-05, 0.000110535256681, 5.93500808463e-05, 3.68923792848e-05, 6.26332184765e-05, 2.34886465478e-05, 7.25042718841e-06, 3.1688909985e-06, 1.88289038761e-06, 3.41598979503e-06, 8.00436509962e-07, 1.23903518556e-07], "median": [0.00187048187945, 0.0206066183746, 0.000920815567952, 0.000882158288732, 0.00286631844938, 0.000442212709459, 0.000211117512663, 5.59999316465e-05, 4.77380417578e-05, 1.07393807411e-05, 2.6535240977e-05, 2.14733699977e-06, 2.96335065286e-06, 3.8601760366e-07, 8.77356740148e-07, 1.02272827007e-06, 4.7744214271e-07, 8.1458006207e-07, 4.039904411e-07, 1.29986574393e-06, 3.26740831724e-07, 1.20672638104e-07, 7.06508203052e-08, 4.17101801986e-08, 1.75246945844e-08, 7.38411465306e-09, 8.68603677873e-09], "min": [4.60142092699e-24, 3.23405266346e-23, 3.83500563888e-23, 2.2074251371e-23, 2.56712314846e-23, 8.72481865114e-23, 4.18303150651e-23, 4.80093236962e-23, 4.19044648347e-23, 7.70022149498e-23, 1.19733951905e-22, 1.55453144553e-22, 3.71978934823e-23, 9.72386428704e-23, 1.42335750851e-22, 1.34270739878e-22, 1.24841062649e-22, 1.43848445279e-22, 3.64411228076e-22, 3.28652478786e-22, 4.69841516182e-22, 5.24421047787e-22, 7.77361761847e-22, 1.09136727719e-21, 8.2492323343e-22, 1.42933447408e-21, 2.69461899942e-21], "var": [6.52147900837e-06, 0.000272042118013, 7.85098382039e-05, 5.25516625203e-05, 0.000172951011336, 1.79260259756e-05, 1.76723133336e-05, 3.08009362016e-07, 7.10729295861e-07, 3.30254039227e-07, 1.8874475245e-06, 1.96624432647e-06, 1.04648334442e-08, 4.9239137212e-09, 3.63504359946e-09, 2.46482052546e-08, 2.03091204298e-07, 6.31592058653e-08, 4.317407587e-08, 3.66975143606e-08, 9.28312626769e-09, 1.16925802374e-09, 1.07657105453e-10, 5.90172632986e-11, 5.98154359377e-10, 2.9528990364e-11, 7.3079980652e-13]}, "erbbands": {"dmean": [0.122649379075, 0.660717666149, 1.21457397938, 2.64389944077, 6.36150741577, 15.0460138321, 6.80256032944, 10.3228740692, 7.76982164383, 7.64291620255, 2.47778725624, 2.59143567085, 2.48843550682, 7.32619190216, 4.90194654465, 2.7938888073, 0.902988493443, 0.579359054565, 0.337566792965, 0.803026616573, 2.49286270142, 3.89640259743, 1.94999086857, 1.03208875656, 1.45043206215, 1.26308321953, 0.782004833221, 0.222438812256, 0.143163591623, 0.0769335180521, 0.0448674187064, 0.0273626912385, 0.0137528460473, 0.0185176692903, 0.0192043371499, 0.00430348794907, 0.000992731540464, 0.000157385904458, 1.78060490725e-05, 8.3223949332e-06], "dmean2": [0.149963527918, 0.823768794537, 1.71395683289, 3.75965380669, 10.1755142212, 25.2679786682, 10.700958252, 18.0003814697, 10.7430896759, 11.4315423965, 3.89156484604, 4.03750944138, 3.68049478531, 11.1729049683, 7.55029201508, 4.5837187767, 1.48120772839, 0.912231206894, 0.499158084393, 1.25139164925, 3.96878385544, 5.67728185654, 3.13184046745, 1.74608755112, 2.29519462585, 1.98282921314, 1.20937490463, 0.330300539732, 0.231904014945, 0.122941575944, 0.0690761059523, 0.0422959066927, 0.021008009091, 0.0291005913168, 0.0260940436274, 0.00668208347633, 0.00157194735948, 0.000253521255217, 2.90054322249e-05, 1.24104617498e-05], "dvar": [0.0393950380385, 1.66696453094, 28.0549354553, 41.2590179443, 211.891403198, 1076.21765137, 289.895874023, 878.905395508, 378.25100708, 501.416015625, 51.513256073, 58.0568237305, 69.7544326782, 800.414245605, 764.08770752, 408.812561035, 15.8539247513, 3.92486810684, 2.88991165161, 7.24061775208, 48.9387664795, 392.733520508, 78.2482452393, 45.9843864441, 47.1128578186, 29.8293972015, 12.4410514832, 1.5085862875, 0.641947925091, 0.140228390694, 0.0302129592746, 0.0217697583139, 0.00637295469642, 0.0210354365408, 0.050430174917, 0.00136134075001, 0.000104550352262, 2.35260290538e-06, 1.6480138143e-08, 2.13116399528e-10], "dvar2": [0.0752781331539, 3.75385093689, 55.4654273987, 85.3344421387, 551.703735352, 3073.57446289, 669.126708984, 2776.4921875, 636.614624023, 1017.22869873, 123.954498291, 142.590682983, 141.001449585, 1562.97937012, 1685.11645508, 1071.34802246, 46.1761512756, 8.91484069824, 5.49246120453, 16.5623455048, 118.949111938, 828.650756836, 180.370391846, 124.458328247, 108.530090332, 72.2795639038, 27.8304195404, 2.35781669617, 1.72009646893, 0.362480431795, 0.0661434084177, 0.0492204762995, 0.0134660545737, 0.0551032796502, 0.103389404714, 0.00339855183847, 0.000257204810623, 6.43739349471e-06, 4.40005543112e-08, 5.0927301265e-10], "max": [3.9772837162, 47.1996650696, 151.892547607, 205.63230896, 345.50201416, 603.347045898, 358.685241699, 544.659851074, 444.757995605, 544.243835449, 196.060653687, 141.767379761, 257.416046143, 568.33203125, 942.436096191, 698.161193848, 148.41986084, 47.1781654358, 63.9430351257, 51.0780410767, 151.560577393, 504.178375244, 239.316574097, 217.693984985, 175.807174683, 212.910964966, 117.767845154, 66.1922454834, 24.6185398102, 8.80537796021, 5.07008123398, 6.31958389282, 2.26627826691, 5.01310300827, 10.0952415466, 1.02954673767, 0.328780651093, 0.0521484054625, 0.00308031355962, 0.00046693359036], "mean": [1.0240020752, 3.31276202202, 3.96925234795, 8.00343799591, 16.1040210724, 33.2921295166, 17.0586414337, 18.4312591553, 20.2242908478, 21.7710475922, 6.87733411789, 6.45707464218, 6.29131650925, 17.018239975, 9.11443042755, 4.31492567062, 1.49903690815, 1.06905448437, 0.615930020809, 1.29260587692, 4.34028816223, 5.97418785095, 3.50826144218, 1.66298258305, 2.72216248512, 2.6428592205, 1.66109263897, 0.488341480494, 0.29469192028, 0.144102424383, 0.0859735310078, 0.052283719182, 0.0259959790856, 0.0278262291104, 0.0303500555456, 0.00631272979081, 0.00156543578487, 0.000211752412724, 3.99680029659e-05, 4.96558386658e-05], "median": [1.02932476997, 2.67664551735, 1.64634013176, 2.71569013596, 5.09191703796, 11.2752046585, 5.08781290054, 3.82401037216, 2.93846559525, 3.63813376427, 2.78426146507, 1.17408978939, 0.488431841135, 1.52953231335, 0.571414232254, 0.159770175815, 0.217097938061, 0.0915190801024, 0.0731781944633, 0.144264906645, 0.193196445704, 0.159949481487, 0.0944360494614, 0.0365012139082, 0.0609458610415, 0.0445009730756, 0.0215249527246, 0.0100825019181, 0.00691366475075, 0.00434345053509, 0.00212958361953, 0.00117162417155, 0.000630652299151, 0.000303851178614, 0.000114286900498, 5.934739238e-05, 2.63997280854e-05, 5.32425247002e-06, 1.90772043425e-05, 4.16287257394e-05], "min": [4.22457759183e-22, 9.16493742827e-21, 4.33871740921e-20, 4.24952472095e-20, 1.04349797163e-19, 5.33358885767e-20, 3.48525571763e-19, 8.61765137361e-19, 7.16381475562e-19, 7.20612400997e-19, 1.06241899144e-18, 1.16102078161e-18, 1.83980436509e-18, 3.65455508379e-18, 4.18777762693e-18, 6.83022677325e-18, 2.00639626571e-18, 4.02809289122e-18, 6.75881875251e-18, 8.60365361649e-18, 6.3188922563e-18, 7.73922836968e-18, 8.30818883759e-18, 1.5118995478e-17, 1.66616873204e-17, 1.49338509502e-17, 1.78243128324e-17, 1.9198823967e-17, 1.83679226961e-17, 2.46625223122e-17, 2.00123610626e-17, 1.58887598299e-17, 2.06847215886e-17, 9.30422348295e-18, 6.70838555056e-18, 6.22929701543e-18, 2.27619073508e-18, 1.02172449704e-18, 3.35506498554e-19, 4.69833741169e-20], "var": [0.406479775906, 12.5196962357, 96.0271759033, 255.473571777, 914.633789062, 3069.99633789, 1090.37780762, 1970.25439453, 1988.09667969, 2668.33642578, 156.590026855, 195.739746094, 290.982421875, 2770.26367188, 1820.4387207, 690.310852051, 27.6477565765, 10.9009895325, 6.52506446838, 13.4916563034, 122.697731018, 776.057983398, 204.150665283, 68.4509811401, 125.467018127, 88.9055480957, 34.6120414734, 6.53455018997, 2.26280164719, 0.324652522802, 0.0821657925844, 0.0475846454501, 0.0152018871158, 0.0258923452348, 0.0893264189363, 0.00177741621155, 0.000146870588651, 2.16763282879e-06, 1.62436339934e-08, 1.61486923833e-09]}, "gfcc": {"mean": [-206.864578247, 196.291793823, -32.1510887146, 27.7370262146, -30.6066379547, -14.0459680557, -14.5831899643, 0.0225569009781, -7.81936359406, -9.24884128571, -2.6848423481, -3.20867824554, 5.50407266617], "cov": [[34634.3164062, -451.350006104, -10763.9365234, 2063.2668457, -1430.18994141, 834.192749023, 925.892883301, 1878.3260498, -54.001701355, 493.306030273, 524.95135498, 1028.31921387, 1407.30664062], [-451.350006104, 3039.1472168, 850.382080078, -1424.09924316, 345.985046387, -41.1468772888, 352.447967529, -147.034683228, 401.187683105, -74.3639450073, 141.631240845, -66.4780349731, 249.584518433], [-10763.9365234, 850.382080078, 4461.35498047, -992.244750977, 417.662994385, -127.105888367, -255.481918335, -553.886657715, -55.7054672241, -134.209106445, -202.777709961, -370.945648193, -476.92098999], [2063.2668457, -1424.09924316, -992.244750977, 1206.33312988, -226.907806396, -127.715187073, -141.723693848, 155.569595337, -94.0830383301, 33.7161369324, -13.2800836563, 23.5869255066, -94.919921875], [-1430.18994141, 345.985046387, 417.662994385, -226.907806396, 284.241760254, 0.817245781422, 11.4253835678, -105.543296814, 49.6324195862, -59.0887680054, -20.1905498505, -45.3638458252, -37.5757598877], [834.192749023, -41.1468772888, -127.105888367, -127.715187073, 0.817245781422, 245.290939331, 77.4314727783, 43.3796653748, -73.6246566772, 3.2806634903, -11.2370796204, 31.5349082947, 31.2938709259], [925.892883301, 352.447967529, -255.481918335, -141.723693848, 11.4253835678, 77.4314727783, 218.043136597, 82.6092529297, 38.9552383423, -0.395465672016, 44.4742012024, 24.3247947693, 91.4984054565], [1878.3260498, -147.034683228, -553.886657715, 155.569595337, -105.543296814, 43.3796653748, 82.6092529297, 252.194717407, 27.7503261566, 56.5583724976, 12.5254297256, 50.1854438782, 68.2091522217], [-54.001701355, 401.187683105, -55.7054672241, -94.0830383301, 49.6324195862, -73.6246566772, 38.9552383423, 27.7503261566, 242.949783325, 33.8250427246, 41.1281585693, -24.6201400757, 11.2396917343], [493.306030273, -74.3639450073, -134.209106445, 33.7161369324, -59.0887680054, 3.2806634903, -0.395465672016, 56.5583724976, 33.8250427246, 128.938110352, 33.5499649048, -4.31622505188, -19.1153430939], [524.95135498, 141.631240845, -202.777709961, -13.2800836563, -20.1905498505, -11.2370796204, 44.4742012024, 12.5254297256, 41.1281585693, 33.5499649048, 99.3609390259, 41.6457824707, 36.7373161316], [1028.31921387, -66.4780349731, -370.945648193, 23.5869255066, -45.3638458252, 31.5349082947, 24.3247947693, 50.1854438782, -24.6201400757, -4.31622505188, 41.6457824707, 162.947296143, 111.461936951], [1407.30664062, 249.584518433, -476.92098999, -94.919921875, -37.5757598877, 31.2938709259, 91.4984054565, 68.2091522217, 11.2396917343, -19.1153430939, 36.7373161316, 111.461936951, 223.963302612]], "icov": [[0.000703426252585, -0.0017989652697, 0.0013566132402, -0.0016189746093, 0.00115905620623, -0.002257052809, 0.00123945320956, -0.00172608857974, 0.00175002659671, -0.00122757989448, 0.00101367046591, -0.0011258488521, 0.000517976179253], [-0.0017989652697, 0.00622595474124, -0.00355059932917, 0.00561144016683, -0.00324375764467, 0.00663583818823, -0.00428937049583, 0.00451221317053, -0.00578292924911, 0.00400044256821, -0.00414418708533, 0.00418741349131, -0.00268257362768], [0.0013566132402, -0.00355059932917, 0.00322294980288, -0.00257643079385, 0.0021790585015, -0.00392167503014, 0.00261246552691, -0.0030142958276, 0.0037601403892, -0.00217770994641, 0.00256040855311, -0.00203523668461, 0.0021861186251], [-0.0016189746093, 0.00561144016683, -0.00257643079385, 0.00709366519004, -0.00233995681629, 0.00728052062914, -0.00299517717212, 0.00306094950065, -0.00427469564602, 0.00441500730813, -0.00359172350727, 0.00366905634291, -0.000324249267578], [0.00115905620623, -0.00324375764467, 0.0021790585015, -0.00233995681629, 0.00752534950152, -0.00423448486254, 0.00145414541475, -0.00132256408688, 0.00153758679517, -0.000142837045132, 0.00272292317823, -0.00221138983034, 0.00220776395872], [-0.002257052809, 0.00663583818823, -0.00392167503014, 0.00728052062914, -0.00423448486254, 0.0143644353375, -0.0066911210306, 0.0047756889835, -0.00358315440826, 0.00358133250847, -0.00219666026533, 0.00305918673985, -0.000592966680415], [0.00123945320956, -0.00428937049583, 0.00261246552691, -0.00299517717212, 0.00145414541475, -0.0066911210306, 0.0119251683354, -0.00633761193603, 0.00365751283243, -0.000666820560582, -0.00160060555208, -9.72291600192e-05, -0.000406889012083], [-0.00172608857974, 0.00451221317053, -0.0030142958276, 0.00306094950065, -0.00132256408688, 0.0047756889835, -0.00633761193603, 0.0124820815399, -0.00599157204852, 9.52428963501e-05, 0.00106511625927, 0.00141399924178, -0.0019749130588], [0.00175002659671, -0.00578292924911, 0.0037601403892, -0.00427469564602, 0.00153758679517, -0.00358315440826, 0.00365751283243, -0.00599157204852, 0.0119640100747, -0.00488088279963, 0.00185722031165, -0.00237293774262, 0.00259177898988], [-0.00122757989448, 0.00400044256821, -0.00217770994641, 0.00441500730813, -0.000142837045132, 0.00358133250847, -0.000666820560582, 9.52428963501e-05, -0.00488088279963, 0.0145953428, -0.00733732478693, 0.00403089402243, 0.00089658430079], [0.00101367046591, -0.00414418708533, 0.00256040855311, -0.00359172350727, 0.00272292317823, -0.00219666026533, -0.00160060555208, 0.00106511625927, 0.00185722031165, -0.00733732478693, 0.0200789775699, -0.00785920489579, 0.00317038805224], [-0.0011258488521, 0.00418741349131, -0.00203523668461, 0.00366905634291, -0.00221138983034, 0.00305918673985, -9.72291600192e-05, 0.00141399924178, -0.00237293774262, 0.00403089402243, -0.00785920489579, 0.0148322656751, -0.0071897637099], [0.000517976179253, -0.00268257362768, 0.0021861186251, -0.000324249267578, 0.00220776395872, -0.000592966680415, -0.000406889012083, -0.0019749130588, 0.00259177898988, 0.00089658430079, 0.00317038805224, -0.0071897637099, 0.0129430945963]]}, "melbands": {"dmean": [0.000988415558822, 0.000666014908347, 0.000517679611221, 0.000785805110354, 0.000309536902932, 0.000216365369852, 0.000129320440465, 6.98393560015e-05, 2.1722911697e-05, 1.73705884663e-05, 1.24817361211e-05, 2.81782522507e-05, 1.96101391339e-05, 1.47869168359e-05, 3.49670472133e-06, 1.80668325811e-06, 9.334258948e-07, 4.84909946863e-07, 8.64210505824e-07, 1.70692578649e-06, 3.29856493408e-06, 5.23204926139e-06, 1.63289291777e-06, 1.64699588368e-06, 7.97427333055e-07, 8.82277220171e-07, 1.40417751027e-06, 8.43771829295e-07, 6.82704296651e-07, 2.13656932146e-07, 1.16632499214e-07, 1.02510426814e-07, 6.32685370761e-08, 3.97707822231e-08, 2.98105788943e-08, 2.75089924173e-08, 1.51319685671e-08, 1.10449924762e-08, 9.01836827438e-09, 1.72890111116e-08], "dmean2": [0.00120887008961, 0.000918203615583, 0.00076167890802, 0.00130985747091, 0.000503060175106, 0.00037324722507, 0.000179782146006, 0.00010483321239, 3.35371114488e-05, 2.71765111393e-05, 1.85376538866e-05, 4.2968771595e-05, 2.98560935335e-05, 2.37992317125e-05, 5.85051247981e-06, 2.84534257844e-06, 1.45058618273e-06, 7.07263495769e-07, 1.34526555939e-06, 2.69113843387e-06, 5.17391345056e-06, 7.63302978157e-06, 2.46354807132e-06, 2.74347098639e-06, 1.33750700115e-06, 1.3811259123e-06, 2.24737527788e-06, 1.2847248172e-06, 1.06052982574e-06, 3.14708529459e-07, 1.69905717939e-07, 1.66367996712e-07, 1.00426333915e-07, 6.36434904777e-08, 4.47908625745e-08, 4.3623472834e-08, 2.32404175904e-08, 1.6478395537e-08, 1.43076022141e-08, 2.80098522154e-08], "dvar": [2.513942718e-06, 4.91198215968e-06, 1.53900009536e-06, 2.79988853435e-06, 4.82691064008e-07, 3.48068681433e-07, 1.09061481623e-07, 3.96804935576e-08, 5.5127333809e-09, 2.74310507642e-09, 1.99432359516e-09, 1.12266969055e-08, 6.64716415244e-09, 1.72178165059e-08, 7.45223993626e-10, 2.57940405146e-11, 1.29193565568e-11, 9.41435644719e-12, 1.61731010528e-11, 4.64989262372e-11, 9.5449537163e-11, 7.41577577124e-10, 6.98302526914e-11, 6.25999460602e-11, 3.99995071787e-11, 2.45521988157e-11, 4.12122523608e-11, 1.40401735377e-11, 8.86038898501e-12, 1.29305724114e-12, 4.05655625193e-13, 4.14383750837e-13, 1.85135964176e-13, 3.05373334584e-14, 1.75896267902e-14, 1.62105741428e-14, 5.92520722428e-15, 4.96307605202e-15, 2.86751442293e-15, 2.61651780835e-14], "dvar2": [5.06099695485e-06, 1.02114627225e-05, 3.54917597178e-06, 8.01125679573e-06, 1.20812717341e-06, 1.0729099813e-06, 1.7909148653e-07, 8.01158250852e-08, 1.25967796194e-08, 6.89869539272e-09, 4.02412103639e-09, 2.19528342171e-08, 1.47683421048e-08, 4.26706598944e-08, 2.31095476089e-09, 6.43866418515e-11, 2.87643676239e-11, 1.88991530758e-11, 2.99956795513e-11, 1.11132859859e-10, 2.23578114356e-10, 1.57643675891e-09, 1.37461708682e-10, 1.72730219017e-10, 1.07259964799e-10, 5.58711965581e-11, 1.05678542306e-10, 3.20031258438e-11, 1.99525899275e-11, 2.93800812672e-12, 6.21609534679e-13, 1.08035509792e-12, 3.71699307618e-13, 8.29226552874e-14, 3.25256552106e-14, 3.91503981469e-14, 1.34879366587e-14, 8.83914794657e-15, 7.52621977327e-15, 7.16899887436e-14], "max": [0.0442956872284, 0.0757161304355, 0.0375087037683, 0.0414905548096, 0.0139364693314, 0.0109715322033, 0.00822588056326, 0.00500154495239, 0.00208474975079, 0.00109649030492, 0.00143314001616, 0.00214664870873, 0.00179979437962, 0.00480102468282, 0.000982924830168, 0.00011361745419, 9.59604731179e-05, 9.43529594224e-05, 0.000194807726075, 0.000134614674607, 0.00018278475909, 0.000689091917593, 0.00028250424657, 0.000278813269688, 0.000208260913496, 0.000146478341776, 0.000160378927831, 0.000137562747113, 9.01431631064e-05, 3.31484588969e-05, 3.00807823805e-05, 2.21526970563e-05, 1.76323501364e-05, 3.69738768313e-06, 4.52485255664e-06, 3.49217680196e-06, 3.03671822621e-06, 2.53967573371e-06, 1.88490912478e-06, 6.7005926212e-06], "mean": [0.00737958075479, 0.00279506552033, 0.00148950645234, 0.0019039894687, 0.000800580601208, 0.000393910653656, 0.000340078084264, 0.000199111091206, 5.72940116399e-05, 4.21265249315e-05, 3.04201585095e-05, 6.5495754825e-05, 3.95910101361e-05, 2.17002434511e-05, 5.08527045895e-06, 3.04555737785e-06, 1.68497990671e-06, 8.74545605711e-07, 1.29302532059e-06, 2.67317568614e-06, 5.58968804398e-06, 7.75032549427e-06, 2.66232336799e-06, 2.82411724584e-06, 1.13609235086e-06, 1.43658019169e-06, 2.62489470515e-06, 1.56660610173e-06, 1.34289700782e-06, 4.22859073979e-07, 1.93544707372e-07, 1.9212045288e-07, 1.03945566821e-07, 6.81391654211e-08, 5.17281755208e-08, 4.36191811559e-08, 2.59764316723e-08, 1.94445952673e-08, 1.50363774765e-08, 2.34151666945e-08], "median": [0.0073344130069, 0.00172109436244, 0.000530799792614, 0.000692028319463, 0.000270443357294, 8.06335010566e-05, 4.85187629238e-05, 3.25149558194e-05, 1.47094742715e-05, 5.71336386201e-06, 1.16303897357e-06, 5.16920590599e-06, 2.54810129263e-06, 2.15188393327e-07, 2.36949873056e-07, 2.14698161471e-07, 7.607701491e-08, 3.24046176559e-08, 1.02826305692e-07, 3.84171521262e-08, 1.40787449254e-07, 2.89261947728e-08, 4.81593218637e-08, 4.08398257434e-08, 1.14149401043e-08, 2.10226858144e-08, 4.50994797063e-08, 1.39521798559e-08, 1.2951173467e-08, 5.66474156471e-09, 2.95311064491e-09, 2.29030105992e-09, 2.63179567028e-09, 1.5372755291e-09, 8.18828727045e-10, 7.46606332314e-10, 5.75595238139e-10, 3.43071654418e-10, 2.90257207158e-10, 1.61883104144e-10], "min": [6.17551476613e-24, 1.98115505925e-23, 1.15018830878e-23, 4.98241865611e-24, 9.77838293751e-24, 1.81486349597e-23, 1.05003397605e-23, 8.33597286042e-24, 8.82243498168e-24, 6.68759514528e-24, 9.16984459117e-24, 1.41959653526e-23, 1.58804610643e-23, 1.71452212432e-23, 9.22831969463e-24, 4.89708402211e-24, 7.65030758338e-24, 1.03655423645e-23, 1.19007358946e-23, 1.09685176637e-23, 6.6661049965e-24, 7.40843651895e-24, 8.97915718886e-24, 5.35629376011e-24, 1.32093764615e-23, 1.46358783695e-23, 1.16055922644e-23, 8.85807098421e-24, 1.23192210828e-23, 8.59647445285e-24, 1.16913248787e-23, 1.12683605383e-23, 8.73971739374e-24, 1.66479911706e-23, 1.39552097375e-23, 6.88791059494e-24, 1.05302825539e-23, 1.75112448146e-23, 8.15597846768e-24, 7.88542363187e-24], "var": [2.36830401263e-05, 2.15947020479e-05, 7.38726885174e-06, 1.02271633295e-05, 2.14054989556e-06, 8.23997481803e-07, 5.55520443868e-07, 2.18624492732e-07, 1.77582197836e-08, 9.01758401284e-09, 8.22912848975e-09, 3.91154308943e-08, 1.84045436669e-08, 3.00442515311e-08, 1.25030630294e-09, 5.61519025721e-11, 3.50913846592e-11, 2.16643890327e-11, 3.19217430267e-11, 8.75896369323e-11, 2.46541592697e-10, 1.44788403489e-09, 1.7314687184e-10, 1.63002208953e-10, 5.63540290821e-11, 4.85180992604e-11, 1.16604420564e-10, 3.80796782995e-11, 2.59682015474e-11, 4.79855955318e-12, 1.18558223135e-12, 1.34642253943e-12, 4.72466521202e-13, 6.69790354364e-14, 4.72247295522e-14, 2.95190846593e-14, 1.16659806476e-14, 1.41382648387e-14, 4.25618343534e-15, 2.75851559748e-14]}, "mfcc": {"mean": [-839.224731445, 198.040039062, 63.3180923462, 52.9870185852, 10.6595535278, 2.75189232826, 6.11998081207, 7.59612417221, 5.54130792618, 0.305779963732, -7.49240207672, 3.81392168999, 6.99198150635], "cov": [[15251.9238281, 1480.80688477, -3390.34594727, 801.915405273, -1289.97729492, -689.703918457, 137.758056641, 384.051940918, 215.061279297, 51.5953445435, -515.237976074, 588.534912109, 593.667053223], [1480.80688477, 3088.64916992, 604.645324707, -555.839233398, -121.52495575, -85.7326507568, -89.5313720703, 60.7482147217, 159.034927368, 99.6189422607, 72.8601608276, 61.3828353882, 111.365188599], [-3390.34594727, 604.645324707, 1827.8894043, -263.817718506, 254.792175293, 153.203964233, 37.7254219055, -41.213886261, -19.353849411, 82.4472503662, 217.85585022, -185.94178772, -123.759902954], [801.915405273, -555.839233398, -263.817718506, 651.67199707, 16.2858219147, -110.883026123, -30.0318489075, -21.9356231689, -19.2841701508, 6.16270923615, -3.76283740997, 157.304107666, 103.106529236], [-1289.97729492, -121.52495575, 254.792175293, 16.2858219147, 278.665924072, 96.1453704834, -39.4345436096, -40.2097320557, -34.7032737732, -47.7255783081, 44.6511421204, -9.43112754822, -38.4680252075], [-689.703918457, -85.7326507568, 153.203964233, -110.883026123, 96.1453704834, 180.356628418, 37.3253517151, -16.5934314728, -40.2962608337, -23.1854286194, 3.50529670715, -56.2749938965, -39.6011810303], [137.758056641, -89.5313720703, 37.7254219055, -30.0318489075, -39.4345436096, 37.3253517151, 157.843856812, 42.1059875488, -12.2211856842, 0.470583945513, -12.0830097198, -45.7367935181, -32.1139831543], [384.051940918, 60.7482147217, -41.213886261, -21.9356231689, -40.2097320557, -16.5934314728, 42.1059875488, 124.93548584, 39.4650535583, -12.6167430878, -24.7548522949, -3.91196608543, 1.41590607166], [215.061279297, 159.034927368, -19.353849411, -19.2841701508, -34.7032737732, -40.2962608337, -12.2211856842, 39.4650535583, 116.200897217, 25.4813175201, -10.4810371399, 5.7035150528, 23.6713581085], [51.5953445435, 99.6189422607, 82.4472503662, 6.16270923615, -47.7255783081, -23.1854286194, 0.470583945513, -12.6167430878, 25.4813175201, 165.462127686, 67.1286239624, -28.1855010986, -26.0474338531], [-515.237976074, 72.8601608276, 217.85585022, -3.76283740997, 44.6511421204, 3.50529670715, -12.0830097198, -24.7548522949, -10.4810371399, 67.1286239624, 184.826782227, 29.8890132904, -17.2293434143], [588.534912109, 61.3828353882, -185.94178772, 157.304107666, -9.43112754822, -56.2749938965, -45.7367935181, -3.91196608543, 5.7035150528, -28.1855010986, 29.8890132904, 258.772460938, 115.169586182], [593.667053223, 111.365188599, -123.759902954, 103.106529236, -38.4680252075, -39.6011810303, -32.1139831543, 1.41590607166, 23.6713581085, -26.0474338531, -17.2293434143, 115.169586182, 210.705230713]], "icov": [[0.000318504462484, -0.000315370009048, 0.000487209646963, -0.000480588321807, 0.000781020033173, -2.38082702708e-05, -0.000351058144588, -0.000428141094744, 0.000241226836806, -8.7533648184e-05, 0.000199184636585, -3.51037015207e-05, -0.000124331301777], [-0.000315370009048, 0.000850239710417, -0.000704106176272, 0.00105954741593, -0.000653635594063, 0.000391628360376, 0.000607058464084, 0.000264235481154, -0.000499778718222, -0.000219564550207, -4.62028365291e-05, -0.000371711998014, -0.000219442430534], [0.000487209646963, -0.000704106176272, 0.0016833927948, -0.000738611386623, 0.000409648666391, -0.000209885285585, -0.000947306631133, -0.000542303023394, 0.000360699865269, -0.000217877372052, -0.000620878650807, 0.000654333212879, -0.000231662546867], [-0.000480588321807, 0.00105954741593, -0.000738611386623, 0.00363859697245, -0.00227593071759, 0.00210280786268, 0.000140676856972, 0.000702730321791, 0.000254412094364, -0.00109222624451, 0.000336074648658, -0.00126882828772, -0.000866453279741], [0.000781020033173, -0.000653635594063, 0.000409648666391, -0.00227593071759, 0.00881646573544, -0.00366563419811, 0.00170063506812, -0.000521605135873, 3.00617084577e-05, 0.00249748374335, -0.000888469221536, -0.000211339836824, 0.00103083672002], [-2.38082702708e-05, 0.000391628360376, -0.000209885285585, 0.00210280786268, -0.00366563419811, 0.00993314757943, -0.00262957368977, 0.000705215206835, 0.00202494673431, -0.000564748130273, 0.000879746745341, 0.000290338968625, -0.000884089851752], [-0.000351058144588, 0.000607058464084, -0.000947306631133, 0.000140676856972, 0.00170063506812, -0.00262957368977, 0.00944859720767, -0.00279647554271, 0.000914881937206, 0.000329234171659, -0.0003126928641, 0.00067425717134, 0.000861955166329], [-0.000428141094744, 0.000264235481154, -0.000542303023394, 0.000702730321791, -0.000521605135873, 0.000705215206835, -0.00279647554271, 0.0114960223436, -0.00417380407453, 0.00177114421967, 2.929466973e-05, -0.000118985153676, 0.000693365407642], [0.000241226836806, -0.000499778718222, 0.000360699865269, 0.000254412094364, 3.00617084577e-05, 0.00202494673431, 0.000914881937206, -0.00417380407453, 0.0121572623029, -0.0026321192272, 0.00139585521538, 0.000132407847559, -0.00142399629112], [-8.7533648184e-05, -0.000219564550207, -0.000217877372052, -0.00109222624451, 0.00249748374335, -0.000564748130273, 0.000329234171659, 0.00177114421967, -0.0026321192272, 0.00971557106823, -0.00410362938419, 0.00181052880362, 0.00132883992046], [0.000199184636585, -4.62028365291e-05, -0.000620878650807, 0.000336074648658, -0.000888469221536, 0.000879746745341, -0.0003126928641, 2.929466973e-05, 0.00139585521538, -0.00410362938419, 0.00894844066352, -0.00268979929388, 0.000427188002504], [-3.51037015207e-05, -0.000371711998014, 0.000654333212879, -0.00126882828772, -0.000211339836824, 0.000290338968625, 0.00067425717134, -0.000118985153676, 0.000132407847559, 0.00181052880362, -0.00268979929388, 0.00703617511317, -0.00243677664548], [-0.000124331301777, -0.000219442430534, -0.000231662546867, -0.000866453279741, 0.00103083672002, -0.000884089851752, 0.000861955166329, 0.000693365407642, -0.00142399629112, 0.00132883992046, 0.000427188002504, -0.00243677664548, 0.00734002655372]]}, "spectral_contrast_coeffs": {"dmean": [0.0327836610377, 0.0363620184362, 0.0305821467191, 0.0259681772441, 0.021487666294, 0.0213896874338], "dmean2": [0.0522513054311, 0.060445792973, 0.0489499419928, 0.0422838516533, 0.0343938805163, 0.0364125519991], "dvar": [0.000963492842857, 0.00105681864079, 0.000758472131565, 0.000542846275494, 0.000422263576183, 0.000496891792864], "dvar2": [0.0024775234051, 0.00288609438576, 0.00188783695921, 0.00132699916139, 0.000984377460554, 0.00138626806438], "max": [-0.339312016964, -0.36564424634, -0.447531759739, -0.451755911112, -0.436389654875, -0.574245452881], "mean": [-0.66652238369, -0.652518093586, -0.713708460331, -0.762589395046, -0.751245141029, -0.805340528488], "median": [-0.668516337872, -0.665978312492, -0.712129712105, -0.764228224754, -0.743884086609, -0.782665967941], "min": [-0.974752306938, -0.963251113892, -0.963489472866, -0.969804167747, -0.969635784626, -0.964571416378], "var": [0.00564362620935, 0.00823856890202, 0.00940032303333, 0.0095994444564, 0.0142241464928, 0.00864533800632]}, "spectral_contrast_valleys": {"dmean": [0.206313282251, 0.260295003653, 0.284564733505, 0.29608181119, 0.258844465017, 0.394602656364], "dmean2": [0.318541318178, 0.420964509249, 0.452265590429, 0.469975858927, 0.404750704765, 0.678630411625], "dvar": [0.0754836648703, 0.0981460362673, 0.119009673595, 0.141342073679, 0.1368