{"lowlevel": {"average_loudness": 0.949077069759, "barkbands_crest": {"dmean": 3.5077521801, "dmean2": 5.78699207306, "dvar": 8.93926715851, "dvar2": 22.5366477966, "max": 25.7379932404, "mean": 15.6764392853, "median": 16.0013828278, "min": 2.32788801193, "var": 24.3139705658}, "barkbands_flatness_db": {"dmean": 0.0412979274988, "dmean2": 0.0609892196953, "dvar": 0.00128075259272, "dvar2": 0.00260341400281, "max": 0.564082801342, "mean": 0.230026304722, "median": 0.233880519867, "min": 0.0417409390211, "var": 0.00622207857668}, "barkbands_kurtosis": {"dmean": 18.6246585846, "dmean2": 29.1605739594, "dvar": 1288.15002441, "dvar2": 2795.13793945, "max": 893.773193359, "mean": 27.3104839325, "median": 12.2828922272, "min": -1.98662006855, "var": 2659.57958984}, "barkbands_skewness": {"dmean": 1.36189472675, "dmean2": 2.13746929169, "dvar": 1.97150433064, "dvar2": 4.73518657684, "max": 23.8978824615, "mean": 3.67899131775, "median": 3.15427565575, "min": -2.07751083374, "var": 6.9997420311}, "barkbands_spread": {"dmean": 7.85802459717, "dmean2": 13.2002487183, "dvar": 111.531227112, "dvar2": 302.334014893, "max": 127.424415588, "mean": 15.4712219238, "median": 9.16379070282, "min": 0.188709840178, "var": 314.500274658}, "dissonance": {"dmean": 0.0186716709286, "dmean2": 0.0308725293726, "dvar": 0.000374392984668, "dvar2": 0.000973146932665, "max": 0.500000059605, "mean": 0.462558746338, "median": 0.46982845664, "min": 0.242713421583, "var": 0.000894846220035}, "dynamic_complexity": 2.8829472065, "erbbands_crest": {"dmean": 2.89098310471, "dmean2": 4.83482885361, "dvar": 7.50583600998, "dvar2": 19.4357681274, "max": 32.0040016174, "mean": 9.86789703369, "median": 8.42151165009, "min": 2.28250074387, "var": 28.6153850555}, "erbbands_flatness_db": {"dmean": 0.022003153339, "dmean2": 0.0335255675018, "dvar": 0.000458455411717, "dvar2": 0.00101322482806, "max": 0.39781743288, "mean": 0.170997768641, "median": 0.16698974371, "min": 0.0315561778843, "var": 0.00215078098699}, "erbbands_kurtosis": {"dmean": 2.19239616394, "dmean2": 3.66427326202, "dvar": 31.4992179871, "dvar2": 89.3970489502, "max": 271.956634521, "mean": 1.58079195023, "median": -0.0952985286713, "min": -1.97854018211, "var": 37.0733375549}, "erbbands_skewness": {"dmean": 0.636168420315, "dmean2": 1.03804576397, "dvar": 0.440202772617, "dvar2": 1.14994561672, "max": 5.76558446884, "mean": 0.433084160089, "median": 0.43172326684, "min": -14.7853517532, "var": 1.6050876379}, "erbbands_spread": {"dmean": 16.8285655975, "dmean2": 27.7201538086, "dvar": 287.999023438, "dvar2": 732.368103027, "max": 159.846755981, "mean": 52.6764144897, "median": 46.8963890076, "min": 1.77100348473, "var": 838.503479004}, "hfc": {"dmean": 8.04776191711, "dmean2": 12.7552061081, "dvar": 129.552337646, "dvar2": 295.812286377, "max": 125.721969604, "mean": 17.1488285065, "median": 12.9666042328, "min": 1.31886590073e-16, "var": 259.977081299}, "melbands_crest": {"dmean": 3.62812447548, "dmean2": 5.91860151291, "dvar": 10.0709514618, "dvar2": 26.3069248199, "max": 37.3458633423, "mean": 20.4884700775, "median": 20.1976127625, "min": 1.76417279243, "var": 33.6529541016}, "melbands_flatness_db": {"dmean": 0.0485662333667, "dmean2": 0.0719844251871, "dvar": 0.00178623304237, "dvar2": 0.00357363070361, "max": 0.695584952831, "mean": 0.324783891439, "median": 0.334769517183, "min": 0.00598913244903, "var": 0.00920876767486}, "melbands_kurtosis": {"dmean": 36.99559021, "dmean2": 60.2437210083, "dvar": 3390.02441406, "dvar2": 9002.44238281, "max": 1106.11889648, "mean": 65.501739502, "median": 35.4293212891, "min": -1.93021190166, "var": 7406.14648438}, "melbands_skewness": {"dmean": 1.73878180981, "dmean2": 2.77124714851, "dvar": 3.18180274963, "dvar2": 7.7420630455, "max": 25.9200592041, "mean": 5.51714038849, "median": 4.83968019485, "min": -1.20990228653, "var": 12.0660524368}, "melbands_spread": {"dmean": 6.60437440872, "dmean2": 10.9735498428, "dvar": 146.689819336, "dvar2": 395.658843994, "max": 215.050750732, "mean": 11.6983041763, "median": 6.37528800964, "min": 0.216337636113, "var": 254.910217285}, "pitch_salience": {"dmean": 0.100915431976, "dmean2": 0.165213748813, "dvar": 0.00776066305116, "dvar2": 0.0193725917488, "max": 0.88888657093, "mean": 0.391682058573, "median": 0.390129566193, "min": 0.0643386766315, "var": 0.0201150793582}, "silence_rate_20dB": {"dmean": 0, "dmean2": 0, "dvar": 0, "dvar2": 0, "max": 1, "mean": 1, "median": 1, "min": 1, "var": 0}, "silence_rate_30dB": {"dmean": 0.146288216114, "dmean2": 0.292603045702, "dvar": 0.12488438189, "dvar2": 0.257948935032, "max": 1, "mean": 0.769580662251, "median": 1, "min": 0, "var": 0.177332550287}, "silence_rate_60dB": {"dmean": 0.0110989809036, "dmean2": 0.0221999809146, "dvar": 0.0109748300165, "dvar2": 0.0237107593566, "max": 1, "mean": 0.0321113429964, "median": 0, "min": 0, "var": 0.0310793723911}, "spectral_centroid": {"dmean": 450.499359131, "dmean2": 758.30255127, "dvar": 273759.875, "dvar2": 698555.125, "max": 10967.2050781, "mean": 1205.33520508, "median": 888.172363281, "min": 115.450653076, "var": 887416.5625}, "spectral_complexity": {"dmean": 4.58115005493, "dmean2": 6.71567630768, "dvar": 41.6026344299, "dvar2": 71.2320098877, "max": 64, "mean": 14.1268987656, "median": 11, "min": 0, "var": 142.426651001}, "spectral_decrease": {"dmean": 8.50798809182e-09, "dmean2": 1.3629783524e-08, "dvar": 1.07904149191e-16, "dvar2": 2.8255745924e-16, "max": 5.14526616627e-21, "mean": -1.80908958924e-08, "median": -1.51348835686e-08, "min": -9.77709504468e-08, "var": 2.25015387699e-16}, "spectral_energy": {"dmean": 0.0325562246144, "dmean2": 0.0520143993199, "dvar": 0.00156169733964, "dvar2": 0.004097643774, "max": 0.372022867203, "mean": 0.0698346421123, "median": 0.0584345683455, "min": 1.15280995421e-20, "var": 0.00327835115604}, "spectral_energyband_high": {"dmean": 0.000740648771171, "dmean2": 0.00128633202985, "dvar": 1.15085174457e-06, "dvar2": 3.29843214786e-06, "max": 0.0147113967687, "mean": 0.00090564211132, "median": 0.000416085444158, "min": 7.99824844967e-21, "var": 1.39868097904e-06}, "spectral_energyband_low": {"dmean": 0.0309940371662, "dmean2": 0.0500220395625, "dvar": 0.00153401517309, "dvar2": 0.00401462754235, "max": 0.365938961506, "mean": 0.0553974285722, "median": 0.043497428298, "min": 3.94669319693e-23, "var": 0.00292401411571}, "spectral_energyband_middle_high": {"dmean": 0.0015456629917, "dmean2": 0.00232883053832, "dvar": 1.41880991578e-05, "dvar2": 3.04677778331e-05, "max": 0.0413511246443, "mean": 0.00237147579901, "median": 0.000912231684197, "min": 1.7323532901e-21, "var": 2.15809104702e-05}, "spectral_energyband_middle_low": {"dmean": 0.00452853506431, "dmean2": 0.00739251868799, "dvar": 5.33958918822e-05, "dvar2": 0.000133550376631, "max": 0.113625705242, "mean": 0.0122161367908, "median": 0.00816531199962, "min": 3.39944195918e-22, "var": 0.000155620800797}, "spectral_entropy": {"dmean": 0.242517203093, "dmean2": 0.363235712051, "dvar": 0.0635514706373, "dvar2": 0.130428686738, "max": 9.80073261261, "mean": 7.27496337891, "median": 7.26315069199, "min": 4.73623180389, "var": 0.272356599569}, "spectral_flux": {"dmean": 0.0480860695243, "dmean2": 0.0813476592302, "dvar": 0.00226247147657, "dvar2": 0.00588858406991, "max": 0.455481410027, "mean": 0.121304668486, "median": 0.107360437512, "min": 1.073689887e-10, "var": 0.00476392405108}, "spectral_kurtosis": {"dmean": 2.1872651577, "dmean2": 3.64912843704, "dvar": 7.78590393066, "dvar2": 19.5709095001, "max": 82.2009963989, "mean": 3.82113218307, "median": 2.63995265961, "min": -1.26020228863, "var": 19.4262390137}, "spectral_rms": {"dmean": 0.00180539314169, "dmean2": 0.00282011204399, "dvar": 3.10592190544e-06, "dvar2": 7.74032469053e-06, "max": 0.0190512239933, "mean": 0.00751329772174, "median": 0.00755045283586, "min": 3.35364375159e-12, "var": 1.16816918307e-05}, "spectral_rolloff": {"dmean": 416.111541748, "dmean2": 743.310180664, "dvar": 1019235.125, "dvar2": 2883417.75, "max": 19207.6171875, "mean": 725.233581543, "median": 258.3984375, "min": 43.06640625, "var": 2413978.5}, "spectral_skewness": {"dmean": 0.368368208408, "dmean2": 0.59172976017, "dvar": 0.114573314786, "dvar2": 0.263303607702, "max": 7.18201446533, "mean": 1.35355353355, "median": 1.24709606171, "min": -1.18438637257, "var": 0.484053492546}, "spectral_spread": {"dmean": 584272.6875, "dmean2": 932630.125, "dvar": 472310906880, "dvar2": 1007782199300.0, "max": 41824648, "mean": 4216067, "median": 4076944.25, "min": 1160610.125, "var": 1569425850370.0}, "spectral_strongpeak": {"dmean": 0.287644267082, "dmean2": 0.495109826326, "dvar": 0.235579416156, "dvar2": 0.621612846851, "max": 6.46468639374, "mean": 0.553099095821, "median": 0.451733291149, "min": 0, "var": 0.293463587761}, "zerocrossingrate": {"dmean": 0.00935103930533, "dmean2": 0.0116327861324, "dvar": 0.00011086872837, "dvar2": 0.000169967810507, "max": 0.49658203125, "mean": 0.0343216918409, "median": 0.025390625, "min": 0.001953125, "var": 0.00110326625872}, "barkbands": {"dmean": [0.00185547838919, 0.027392424643, 0.00543133588508, 0.00189150799997, 0.00184971210547, 0.000899292412214, 0.000645236228593, 0.000693684502039, 0.000400377641199, 0.000341510487488, 0.000268956559012, 0.000220861431444, 0.000148090999573, 0.000129776410176, 0.00023498738301, 0.000192523264559, 0.000138367162435, 0.000180123839527, 0.000125364269479, 0.000131309148856, 0.000246366806095, 0.000406923732953, 7.41556723369e-05, 2.19616376853e-05, 1.06836005216e-05, 4.00095314035e-06, 1.07524272153e-06], "dmean2": [0.00275601493195, 0.0448153875768, 0.00928491912782, 0.00332201062702, 0.00304667116143, 0.001558167045, 0.00104469317012, 0.0010848933598, 0.000620200822596, 0.000554540136363, 0.000463042058982, 0.000357862736564, 0.000245648378041, 0.000206133714528, 0.000378226541216, 0.000308624905301, 0.000232295904425, 0.00029702266329, 0.000191938641365, 0.000192432664335, 0.000409760687035, 0.000753980770241, 0.000128069601487, 3.6840170651e-05, 1.72794661921e-05, 6.46751959721e-06, 1.88613250884e-06], "dvar": [1.01772966445e-05, 0.00123760756105, 9.10616581677e-05, 1.73626795004e-05, 9.21478113014e-06, 3.10265158987e-06, 2.63034257841e-06, 3.71589840142e-06, 2.12677537093e-06, 1.27982298181e-06, 7.06844787146e-07, 1.85098883776e-07, 1.60131534699e-07, 1.08519216724e-07, 4.65717135967e-07, 2.50478251473e-07, 9.45444398326e-08, 1.99655303845e-07, 8.48275121257e-08, 7.87831524462e-08, 1.05092986757e-07, 2.87045963887e-07, 1.62925687164e-07, 6.40756869785e-09, 1.12091991245e-09, 2.02594871435e-10, 3.04869671175e-11], "dvar2": [1.93831456272e-05, 0.0032249786891, 0.000252981582889, 4.78239999211e-05, 2.40854878939e-05, 8.1384268924e-06, 6.10203096585e-06, 8.07663127489e-06, 4.38112101619e-06, 2.84932070826e-06, 1.95631923816e-06, 4.37982350832e-07, 4.18610227371e-07, 2.33737452504e-07, 9.91778847492e-07, 5.52276446797e-07, 2.20817256036e-07, 4.66342186201e-07, 1.82961201745e-07, 1.60266196758e-07, 2.80065279412e-07, 9.28018948798e-07, 4.7615824883e-07, 1.78617014512e-08, 3.02039460109e-09, 5.55151091763e-10, 8.81174855305e-11], "max": [0.039208393544, 0.308737665415, 0.0998796224594, 0.0547735542059, 0.051210347563, 0.049119386822, 0.0456377118826, 0.0577351301908, 0.0503062047064, 0.0362293571234, 0.0100671779364, 0.00669699255377, 0.00570042943582, 0.00350701459683, 0.00957147777081, 0.00588777381927, 0.00285585736856, 0.00385454157367, 0.00305053312331, 0.00337906298228, 0.00377333723009, 0.00486168637872, 0.00751270912588, 0.00147737842053, 0.000489146506879, 0.000366326305084, 0.000147114667925], "mean": [0.0037022291217, 0.0435601063073, 0.00720322085544, 0.00192457460798, 0.0039951861836, 0.00232271547429, 0.00143296900205, 0.00160208821762, 0.000677268253639, 0.000453168642707, 0.000282385357423, 0.000284919515252, 0.000194860069314, 0.000152429463924, 0.000286963651888, 0.000245081231697, 0.000164473283803, 0.00019918482576, 0.000158908587764, 0.000172312022187, 0.000291097880108, 0.000431125256, 6.22306251898e-05, 2.08154579013e-05, 1.00565885077e-05, 3.49827359969e-06, 8.1745145053e-07], "median": [0.000552418117877, 0.0329327583313, 0.00271033123136, 0.000605999783147, 0.00148026680108, 0.000692184781656, 0.000474117230624, 0.000441093521658, 0.000192656865693, 0.000111768349598, 8.35683313198e-05, 8.5420513642e-05, 5.8833611547e-05, 4.09050553571e-05, 8.36773906485e-05, 5.6357250287e-05, 2.62271332758e-05, 2.31976810028e-05, 1.42201033668e-05, 1.53548207891e-05, 0.000114108916023, 0.000141003605677, 3.86066994906e-06, 2.18786726691e-06, 1.04321645722e-06, 2.96702410196e-07, 4.69590197838e-08], "min": [2.44443950048e-23, 6.50905856749e-24, 1.86725490413e-23, 1.80747297369e-23, 6.3169747236e-23, 6.9659775323e-23, 7.2565932587e-23, 1.3217409432e-23, 8.33540850933e-23, 7.74195160578e-23, 5.65252033858e-23, 5.3268564688e-23, 5.6138339687e-23, 1.97150274654e-22, 1.48084476879e-22, 2.65411835043e-22, 2.25321721891e-22, 2.50099476893e-22, 2.17955502841e-22, 4.2658820964e-22, 3.66305731182e-22, 5.49909206744e-22, 6.13882670714e-22, 7.08821992305e-22, 1.29543794458e-21, 1.79611465777e-21, 2.73042182394e-21], "var": [3.58536490239e-05, 0.00204297737218, 0.000137211362016, 1.36629778353e-05, 3.92346119042e-05, 1.9220444301e-05, 1.00308579931e-05, 2.07331650017e-05, 7.21223204891e-06, 2.80813947029e-06, 5.51280606942e-07, 2.86258369897e-07, 1.94964187017e-07, 1.38410769068e-07, 5.50877075511e-07, 3.57431815701e-07, 1.40237631285e-07, 2.61468244389e-07, 1.53030228489e-07, 1.59747898465e-07, 1.68853375726e-07, 2.97690462503e-07, 9.15721258821e-08, 4.61354643377e-09, 8.83317918809e-10, 1.46106446386e-10, 1.78585063404e-11]}, "erbbands": {"dmean": [0.790140628815, 6.32141923904, 8.25860118866, 5.81763601303, 5.688123703, 6.78137874603, 8.04579925537, 6.88332796097, 8.96745014191, 12.583729744, 12.6345682144, 10.8189668655, 11.2776279449, 9.48459815979, 9.17182922363, 8.84209918976, 7.15582418442, 6.12628412247, 10.2662830353, 11.1663217545, 9.83058738708, 7.76209068298, 10.2376232147, 6.49100065231, 6.96807813644, 6.28878545761, 6.13752126694, 18.5787143707, 11.6923885345, 3.47500324249, 1.87594747543, 0.623157441616, 0.318896949291, 0.150805696845, 0.0636562854052, 0.023149849847, 0.00583952618763, 0.00120521662757, 0.000186849865713, 4.44943616458e-05], "dmean2": [1.24941885471, 10.6295862198, 14.2046985626, 10.1117515564, 9.87592601776, 11.2096157074, 13.6254034042, 11.3848419189, 14.2275829315, 20.5097198486, 19.6625518799, 16.5640640259, 18.2252235413, 16.314912796, 15.3589754105, 14.0662250519, 11.8097162247, 9.34294319153, 16.4369831085, 17.4640731812, 15.5976753235, 12.7048025131, 17.0801181793, 10.0717811584, 10.4798002243, 9.26013374329, 9.25803279877, 33.7059440613, 21.3062953949, 5.98503828049, 3.24218773842, 1.04998922348, 0.545108437538, 0.243217930198, 0.103945873678, 0.0368505418301, 0.00959968194366, 0.00205277325585, 0.00032827956602, 7.16843060218e-05], "dvar": [1.01330697536, 79.4667816162, 181.295333862, 121.428504944, 160.057479858, 140.549636841, 201.486557007, 287.998779297, 487.660339355, 1239.63549805, 1459.6574707, 1709.01306152, 1512.68774414, 861.012451172, 640.341918945, 303.204956055, 393.392333984, 230.88671875, 705.551757812, 1070.47766113, 663.761657715, 297.40637207, 649.630310059, 216.125061035, 291.335235596, 186.054702759, 135.021087646, 474.535247803, 191.916732788, 367.907196045, 76.2427597046, 4.99266815186, 1.68706560135, 0.193384185433, 0.0492226146162, 0.00641836551949, 0.00045733017032, 3.03933684336e-05, 9.38130767736e-07, 5.550910398e-09], "dvar2": [2.34059762955, 209.765579224, 521.576477051, 339.376068115, 437.624542236, 366.432922363, 570.559143066, 680.574401855, 1089.46887207, 2764.03393555, 3146.02416992, 3431.45849609, 3207.74047852, 2371.55810547, 1670.63330078, 689.389892578, 1019.52606201, 487.361846924, 1512.15039062, 2250.40478516, 1461.43383789, 638.358337402, 1577.4362793, 473.125183105, 601.215820312, 378.568572998, 305.785705566, 1477.8293457, 626.768615723, 1081.07470703, 221.51965332, 13.9235620499, 4.84560346603, 0.51882314682, 0.135762840509, 0.0173609219491, 0.00127363891806, 8.67785420269e-05, 2.73575324172e-06, 1.59124322607e-08], "max": [10.9446344376, 82.2062301636, 116.269195557, 124.477104187, 165.767913818, 273.457275391, 427.014099121, 613.443054199, 566.792175293, 923.106567383, 1275.35314941, 1490.20129395, 1480.4519043, 343.16897583, 292.404846191, 340.098388672, 285.675750732, 173.270019531, 407.375640869, 359.208709717, 319.093658447, 172.097885132, 212.749450684, 176.266418457, 184.908782959, 179.041870117, 124.298942566, 160.017654419, 109.479171753, 308.845733643, 176.308258057, 46.2238082886, 33.0124053955, 7.77778911591, 4.05336904526, 2.22581911087, 0.546088457108, 0.132275417447, 0.0357634834945, 0.00200453423895], "mean": [1.3455286026, 9.14886379242, 11.3916339874, 7.21796751022, 6.86761474609, 15.2875385284, 19.0847225189, 18.1510295868, 23.6327629089, 27.936422348, 27.4841823578, 18.9558086395, 17.1262836456, 11.108877182, 10.6618518829, 12.1663656235, 9.37845134735, 8.06324386597, 13.2560834885, 13.6246500015, 12.6326951981, 9.66790962219, 10.9912538528, 7.77611160278, 9.14173412323, 8.11349391937, 7.54001283646, 21.4596042633, 13.260761261, 3.12724423409, 1.58171129227, 0.578874528408, 0.290845245123, 0.145408570766, 0.0577706880867, 0.0208338405937, 0.0050270780921, 0.000996219576336, 0.000164275203133, 8.58662242536e-05], "median": [0.836501896381, 6.20867013931, 5.49766492844, 3.37858629227, 2.99063849449, 4.9877243042, 6.04835700989, 5.6517906189, 8.14418983459, 7.68802165985, 9.52005577087, 5.92351150513, 4.24723339081, 3.48382234573, 3.4991440773, 3.69728112221, 2.96314311028, 2.505610466, 3.90437602997, 3.87371945381, 2.85932159424, 1.55070745945, 1.38044989109, 0.784395098686, 0.721851408482, 0.784864127636, 1.38360190392, 9.25663757324, 5.93283891678, 0.56798106432, 0.116566255689, 0.0541556924582, 0.0363849513233, 0.016288144514, 0.00595560669899, 0.00193891930394, 0.000448355916888, 7.82462448115e-05, 4.70103004773e-05, 6.86041021254e-05], "min": [1.37109982805e-22, 1.92078931494e-21, 1.27333800505e-20, 5.40485240615e-20, 1.2184816325e-19, 2.75524944e-19, 2.97186891388e-19, 6.47970743771e-19, 1.31733351556e-18, 5.15806462136e-19, 5.07664678463e-19, 1.68519314167e-18, 2.84531498475e-18, 2.8391477329e-18, 1.22474398427e-18, 2.53315749429e-18, 2.19682957954e-18, 8.64621123183e-18, 1.06662036585e-17, 8.62741686113e-18, 1.49968407539e-17, 1.38371542146e-17, 1.3568854047e-17, 1.06527718997e-17, 1.37773606368e-17, 2.06100999712e-17, 1.29180804534e-17, 1.95088926197e-17, 1.57017624175e-17, 2.03567924522e-17, 1.84927756834e-17, 1.44450616545e-17, 1.44671440681e-17, 1.30356385349e-17, 8.13802703224e-18, 7.82080078579e-18, 3.1249016182e-18, 1.31798895279e-18, 3.69363466315e-19, 4.16499073976e-20], "var": [2.36466836929, 113.587944031, 272.181182861, 121.361503601, 148.125061035, 706.249267578, 1089.20581055, 1821.08288574, 2396.19799805, 6120.34082031, 6180.59716797, 5332.75146484, 4840.23535156, 719.176025391, 599.344360352, 552.819702148, 457.494812012, 334.078063965, 915.138549805, 1306.26867676, 964.005249023, 490.911621094, 786.985656738, 363.243438721, 534.121826172, 364.273620605, 236.266372681, 632.088439941, 229.995697021, 204.695083618, 44.0478134155, 3.57950973511, 1.06028330326, 0.158966526389, 0.0356289371848, 0.004817629233, 0.000311787065584, 1.88080121006e-05, 5.32607202786e-07, 6.68452670993e-09]}, "gfcc": {"mean": [-40.3412818909, 128.125823975, -96.9423141479, 57.5415611267, -48.556804657, 15.6810216904, -10.5069522858, -2.63128590584, -0.180635645986, 9.30178928375, -15.4148397446, 1.76616621017, 0.828016996384], "cov": [[12011.5136719, 1069.10949707, -790.280822754, 237.135482788, -448.674621582, -169.357910156, -325.458831787, 69.1858291626, -244.06842041, 18.0813484192, 35.6079978943, 43.3883934021, -87.1416244507], [1069.10949707, 1530.4387207, 65.7386245728, -338.152801514, -2.55375027657, -215.350692749, 49.5277252197, -183.51499939, 216.464355469, -22.1060256958, 142.597488403, -8.36611175537, 98.8367233276], [-790.280822754, 65.7386245728, 640.929931641, 176.691253662, 47.6941947937, -24.1583709717, 56.5881652832, -98.1395645142, 41.2421836853, 10.0411510468, 9.20304012299, -9.77488613129, 27.8342456818], [237.135482788, -338.152801514, 176.691253662, 487.703369141, 96.147605896, 97.3298339844, 74.7627105713, -34.9167823792, -37.3656082153, -22.0848026276, -106.534500122, -15.8282880783, 4.0622677803], [-448.674621582, -2.55375027657, 47.6941947937, 96.147605896, 325.093688965, 79.8161392212, 42.5995368958, 41.0599632263, 4.13147735596, -69.1950149536, 11.9030771255, -50.9426383972, -11.0488348007], [-169.357910156, -215.350692749, -24.1583709717, 97.3298339844, 79.8161392212, 189.81803894, 78.6132278442, 12.4065914154, -18.429523468, -25.4696178436, -53.3309288025, -24.1312885284, -21.5945148468], [-325.458831787, 49.5277252197, 56.5881652832, 74.7627105713, 42.5995368958, 78.6132278442, 193.859237671, -25.2412700653, 46.0226249695, -11.8306407928, -49.8709793091, 1.49324584007, 17.005941391], [69.1858291626, -183.51499939, -98.1395645142, -34.9167823792, 41.0599632263, 12.4065914154, -25.2412700653, 199.804626465, -7.6462059021, -23.5677604675, 18.9564189911, -47.9313430786, -49.6414909363], [-244.06842041, 216.464355469, 41.2421836853, -37.3656082153, 4.13147735596, -18.429523468, 46.0226249695, -7.6462059021, 196.149658203, 49.6922988892, 8.73132228851, -14.1203546524, 14.9958524704], [18.0813484192, -22.1060256958, 10.0411510468, -22.0848026276, -69.1950149536, -25.4696178436, -11.8306407928, -23.5677604675, 49.6922988892, 101.530952454, 16.8782272339, 22.5568618774, 4.15448045731], [35.6079978943, 142.597488403, 9.20304012299, -106.534500122, 11.9030771255, -53.3309288025, -49.8709793091, 18.9564189911, 8.73132228851, 16.8782272339, 122.138023376, 9.41491508484, -0.0973737388849], [43.3883934021, -8.36611175537, -9.77488613129, -15.8282880783, -50.9426383972, -24.1312885284, 1.49324584007, -47.9313430786, -14.1203546524, 22.5568618774, 9.41491508484, 80.1282272339, 36.4283866882], [-87.1416244507, 98.8367233276, 27.8342456818, 4.0622677803, -11.0488348007, -21.5945148468, 17.005941391, -49.6414909363, 14.9958524704, 4.15448045731, -0.0973737388849, 36.4283866882, 73.4458618164]], "icov": [[0.000225117211812, -0.000678751908708, 0.000264332804363, -0.000756637484301, 0.000398272270104, -0.00047428777907, 0.000601847539656, -0.000755604822189, 0.000631341768894, -0.000548006326426, 0.000250978075201, -0.00072419596836, 0.000654194154777], [-0.000678751908708, 0.00408275565132, -0.000463713804493, 0.00317084812559, -0.00122334226035, 0.00343250320293, -0.00313306530006, 0.00484647462144, -0.00365213002078, 0.00388870062307, -0.00281896395609, 0.00465101376176, -0.00325771793723], [0.000264332804363, -0.000463713804493, 0.00250668707304, -0.00171902461443, 0.000405142753152, 0.000534389342647, -0.000160312978551, 0.000621693208814, 0.000240088644205, -0.000312326941639, -0.00121665722691, 0.000660498335492, 0.000397570169298], [-0.000756637484301, 0.00317084812559, -0.00171902461443, 0.00634212559089, -0.00238759303465, 0.00179019966163, -0.00264308229089, 0.00356558267958, -0.00193556188606, 0.001841334044, 0.00118276453577, 0.00337920733728, -0.0030584090855], [0.000398272270104, -0.00122334226035, 0.000405142753152, -0.00238759303465, 0.0056163710542, -0.00254509784281, 0.000817525549792, -0.00166580325458, 0.000263990892563, 0.00210167048499, -0.00221828743815, 0.000545950373635, 0.000432205124525], [-0.00047428777907, 0.00343250320293, 0.000534389342647, 0.00179019966163, -0.00254509784281, 0.0116016957909, -0.00569259934127, 0.00433535501361, -0.0017540466506, 0.00259650917724, -0.00063665752532, 0.00482007768005, -0.0003871343215], [0.000601847539656, -0.00313306530006, -0.000160312978551, -0.00264308229089, 0.000817525549792, -0.00569259934127, 0.0104999775067, -0.00360905379057, 0.000283923873212, -0.001509749447, 0.00407661404461, -0.00539560476318, 0.00142492214218], [-0.000755604822189, 0.00484647462144, 0.000621693208814, 0.00356558267958, -0.00166580325458, 0.00433535501361, -0.00360905379057, 0.0130474288017, -0.00450521940365, 0.00566670484841, -0.0049214605242, 0.00832557957619, -0.000709480955265], [0.000631341768894, -0.00365213002078, 0.000240088644205, -0.00193556188606, 0.000263990892563, -0.0017540466506, 0.000283923873212, -0.00450521940365, 0.0110239721835, -0.00842174328864, 0.00280292448588, -0.000386418803828, 0.000513973878697], [-0.000548006326426, 0.00388870062307, -0.000312326941639, 0.001841334044, 0.00210167048499, 0.00259650917724, -0.001509749447, 0.00566670484841, -0.00842174328864, 0.0194054935127, -0.00542245665565, 0.000324485212332, -0.000153779139509], [0.000250978075201, -0.00281896395609, -0.00121665722691, 0.00118276453577, -0.00221828743815, -0.00063665752532, 0.00407661404461, -0.0049214605242, 0.00280292448588, -0.00542245665565, 0.0159005951136, -0.00589452357963, 0.00237489584833], [-0.00072419596836, 0.00465101376176, 0.000660498335492, 0.00337920733728, 0.000545950373635, 0.00482007768005, -0.00539560476318, 0.00832557957619, -0.000386418803828, 0.000324485212332, -0.00589452357963, 0.0272707678378, -0.0126528143883], [0.000654194154777, -0.00325771793723, 0.000397570169298, -0.0030584090855, 0.000432205124525, -0.0003871343215, 0.00142492214218, -0.000709480955265, 0.000513973878697, -0.000153779139509, 0.00237489584833, -0.0126528143883, 0.0241183843464]]}, "melbands": {"dmean": [0.00725658098236, 0.00574840744957, 0.000978464609943, 0.000432775734225, 0.00027555928682, 0.000157545844559, 0.000137255527079, 0.000143170836964, 9.50649700826e-05, 6.76604104228e-05, 5.58328902116e-05, 3.75103700208e-05, 3.26900735672e-05, 2.73559853667e-05, 1.60628696904e-05, 1.56162423082e-05, 1.11124199975e-05, 1.53393411892e-05, 1.86116540135e-05, 1.46414658957e-05, 1.05174240161e-05, 8.17373347672e-06, 9.27566179598e-06, 8.35526498122e-06, 4.99693487654e-06, 5.22299251315e-06, 4.79791378893e-06, 4.31801345258e-06, 3.48705202668e-06, 4.68823873234e-06, 1.59116298164e-05, 9.97063671093e-06, 1.85918133866e-06, 1.90012372059e-06, 1.27456530663e-06, 5.20175888141e-07, 3.22419424492e-07, 2.25738347126e-07, 1.70399317767e-07, 1.18736977583e-07], "dmean2": [0.0115857524797, 0.00972413178533, 0.00169723143335, 0.000725576886907, 0.000456027162727, 0.000263244088273, 0.000219264460611, 0.00023121353297, 0.000145942874951, 0.000103214879346, 9.03312393348e-05, 6.45220716251e-05, 5.56814484298e-05, 4.49023209512e-05, 2.58344207396e-05, 2.53637390415e-05, 1.68812875927e-05, 2.49199747486e-05, 3.00022365991e-05, 2.35646166402e-05, 1.67489179148e-05, 1.37044216899e-05, 1.51924559759e-05, 1.38362165671e-05, 7.91248203313e-06, 7.8229322753e-06, 7.39240977055e-06, 6.67805807097e-06, 5.26605390405e-06, 7.54817619963e-06, 2.92882268695e-05, 1.83614392881e-05, 3.20316053148e-06, 3.28851456288e-06, 2.21761479224e-06, 8.72847635947e-07, 5.49525736915e-07, 3.8483713638e-07, 2.85372522058e-07, 1.92911230101e-07], "dvar": [7.94843581389e-05, 7.59265822126e-05, 3.59680348083e-06, 5.92478443195e-07, 2.08633608167e-07, 1.27960305463e-07, 1.11520506607e-07, 1.62434261597e-07, 8.17610086301e-08, 6.86974885866e-08, 3.73196584746e-08, 1.29796902115e-08, 9.58903711989e-09, 2.97169244767e-09, 1.58482038604e-09, 1.41208000848e-09, 8.14728506882e-10, 1.45321388256e-09, 3.28615357148e-09, 1.51767987067e-09, 7.52521545078e-10, 3.29989230385e-10, 4.91303497885e-10, 4.6130288478e-10, 1.32572716693e-10, 1.54994447832e-10, 1.47839657183e-10, 9.53035358964e-11, 4.61198301771e-11, 8.37846736434e-11, 3.82982451308e-10, 1.38668410088e-10, 8.42079808661e-11, 1.36088404434e-10, 3.61230247103e-11, 3.74415169008e-12, 1.32283062542e-12, 9.16145089479e-13, 3.16727004866e-13, 1.2049940852e-13], "dvar2": [0.000196992157726, 0.000214054205571, 9.93972935248e-06, 1.57655836119e-06, 5.55095766686e-07, 3.07379281139e-07, 2.47418057597e-07, 3.50937142457e-07, 1.68831377323e-07, 1.32380336026e-07, 7.89070710994e-08, 3.57193599143e-08, 2.57152272809e-08, 7.25402360402e-09, 3.77580411381e-09, 3.61254581804e-09, 1.7557154619e-09, 3.1955087465e-09, 7.13805459185e-09, 3.39776562441e-09, 1.65438862609e-09, 7.38870964412e-10, 1.14520026795e-09, 1.12129894259e-09, 2.99051311492e-10, 3.33885363801e-10, 2.94690882807e-10, 2.16219639415e-10, 9.75040950757e-11, 2.19986084904e-10, 1.23854326795e-09, 4.61417959396e-10, 2.47023568267e-10, 3.99415223118e-10, 1.04879133156e-10, 1.07004387989e-11, 3.67092467535e-12, 2.64689377187e-12, 8.80994550315e-13, 3.20613300448e-13], "max": [0.0724322199821, 0.0835989043117, 0.0238454714417, 0.0130750956014, 0.0128803020343, 0.0118592372164, 0.00828380323946, 0.0102887582034, 0.00931708887219, 0.00999948754907, 0.00724647846073, 0.00134452257771, 0.00113466568291, 0.000769033911638, 0.000628541747574, 0.000550567812752, 0.000298921018839, 0.000563063658774, 0.000660985009745, 0.000456145731732, 0.000334455136908, 0.000194918233319, 0.000213933366467, 0.000212208426092, 0.000143438010127, 0.00014170067152, 0.000133784022182, 0.000138315954246, 8.90500741662e-05, 0.00010713863594, 0.000131785112899, 7.99170447863e-05, 0.000146025122376, 0.000189129190403, 0.000118459996884, 4.3537143938e-05, 2.36345040321e-05, 2.35091429204e-05, 1.35582477014e-05, 6.92388130119e-06], "mean": [0.0123602617532, 0.00844286102802, 0.00122444774024, 0.000778405577876, 0.000703415193129, 0.000423134973971, 0.000351805676473, 0.000320756982546, 0.000199584508664, 0.000113800997497, 8.16170140752e-05, 4.28030143667e-05, 3.50836817233e-05, 3.59135920007e-05, 2.12430077227e-05, 2.13635812543e-05, 1.33686780828e-05, 1.95049833565e-05, 2.11125388887e-05, 1.84353502846e-05, 1.32248069349e-05, 9.61557179835e-06, 1.06429279185e-05, 8.69356790645e-06, 5.80386267757e-06, 6.4588348323e-06, 6.47664046483e-06, 5.16996078659e-06, 4.42551117885e-06, 4.98824965689e-06, 1.74400429387e-05, 1.07299129013e-05, 1.63859317581e-06, 1.57535623657e-06, 1.03304171262e-06, 4.79287280086e-07, 2.92420963888e-07, 2.02634879543e-07, 1.58505699233e-07, 1.12709791722e-07], "median": [0.00946822948754, 0.00523257488385, 0.000579424144235, 0.000277503248071, 0.000222364978981, 0.000126571394503, 0.000125709411805, 8.19460692583e-05, 6.92113608238e-05, 3.23077947542e-05, 2.00549020519e-05, 1.29681975523e-05, 1.06810175566e-05, 1.14420690807e-05, 6.38632081973e-06, 6.18059448243e-06, 3.72379736291e-06, 5.68111590837e-06, 5.89130377193e-06, 4.44512897957e-06, 2.92750019071e-06, 1.51059714426e-06, 1.41602686199e-06, 9.76354044724e-07, 5.56925215278e-07, 5.39077404937e-07, 4.48535246278e-07, 4.85433986341e-07, 3.61926709047e-07, 1.07630921775e-06, 6.28655925539e-06, 4.35310812463e-06, 1.82281652883e-07, 7.9202067127e-08, 6.03239698194e-08, 4.47047341368e-08, 2.51943408358e-08, 2.20353530977e-08, 2.30090506648e-08, 1.13975291427e-08], "min": [2.32131511591e-24, 5.84880802223e-24, 1.12523963602e-23, 1.34873647336e-23, 1.08580424271e-23, 1.49899727863e-23, 1.832907427e-23, 4.18888887762e-24, 4.97070643825e-24, 1.15971885292e-23, 1.37512071519e-23, 1.15343171039e-23, 4.74121891231e-24, 5.58124454698e-24, 4.75583966032e-24, 7.64949663437e-24, 1.59855452254e-23, 1.86925040668e-23, 9.05954132624e-24, 1.37833153685e-23, 1.75908992557e-23, 1.34480573724e-23, 1.15574078515e-23, 1.42663349008e-23, 7.53951838013e-24, 8.72996786181e-24, 1.16599408365e-23, 1.46652208398e-23, 8.12400909063e-24, 9.46098633002e-24, 1.15039159823e-23, 9.41037774751e-24, 9.75444495334e-24, 1.07456502585e-23, 1.09499660218e-23, 9.46462376765e-24, 8.70109081952e-24, 9.44781156404e-24, 1.35017062248e-23, 9.92489807344e-24], "var": [0.00015621590137, 0.000111933673907, 3.50937807525e-06, 1.75870593466e-06, 1.28176702674e-06, 8.35530215682e-07, 5.36346078661e-07, 8.74514114457e-07, 3.46183981037e-07, 2.24735728693e-07, 1.14778949012e-07, 1.07293356422e-08, 7.94946242166e-09, 4.41329373047e-09, 2.07820671783e-09, 2.08185735318e-09, 1.09322584319e-09, 1.8668588897e-09, 3.63592667085e-09, 1.99852090432e-09, 1.10113895779e-09, 5.01581831625e-10, 6.73421096664e-10, 5.34763788806e-10, 2.10515410659e-10, 2.64490485069e-10, 2.8185007106e-10, 1.54688956089e-10, 8.8415948174e-11, 1.01381222861e-10, 4.60923771373e-10, 1.6189787011e-10, 4.80229467303e-11, 7.5034443936e-11, 2.07595954316e-11, 2.434118445e-12, 9.71113272262e-13, 5.61450517154e-13, 2.29814539794e-13, 9.94070074195e-14]}, "mfcc": {"mean": [-683.040222168, 148.408096313, 15.2259616852, 47.6099853516, -0.696419835091, 28.8911437988, -1.49278092384, 4.56505060196, 19.5977630615, -0.706074953079, 10.171377182, 6.77318716049, -0.10362546891], "cov": [[6952.94189453, 4.39583206177, -360.156066895, -1.25578939915, -153.447616577, -271.28503418, -77.3668060303, 24.2157535553, -336.193725586, 137.051345825, -192.773925781, -6.00315856934, 136.293319702], [4.39583206177, 1639.73181152, 45.8911781311, -110.520927429, -78.9741134644, -30.3399295807, -170.08744812, -92.5417480469, -8.52775764465, -86.0628662109, 110.081504822, 77.7966766357, 15.0286540985], [-360.156066895, 45.8911781311, 531.18371582, 168.548248291, -18.0066051483, 88.9097595215, -27.9942684174, -57.6075668335, 19.3298416138, -27.0365180969, -6.56720352173, 19.7987499237, 7.81510210037], [-1.25578939915, -110.520927429, 168.548248291, 327.1980896, 104.825019836, 87.8489303589, 60.0750656128, 10.7383003235, 68.3296737671, -32.9042930603, 11.4679861069, -20.1713314056, -29.4187641144], [-153.447616577, -78.9741134644, -18.0066051483, 104.825019836, 239.139358521, 42.7753868103, 56.2372245789, 57.388874054, -0.105721697211, 56.4363975525, -8.13165378571, -16.935295105, 9.62496566772], [-271.28503418, -30.3399295807, 88.9097595215, 87.8489303589, 42.7753868103, 238.777862549, 68.841178894, 15.2498426437, 98.2858200073, -65.1633605957, 36.2337913513, -6.11967802048, -53.1309547424], [-77.3668060303, -170.08744812, -27.9942684174, 60.0750656128, 56.2372245789, 68.841178894, 174.608642578, 78.5118560791, 17.2436084747, 2.48228216171, -19.6024799347, -25.9636554718, -25.7244129181], [24.2157535553, -92.5417480469, -57.6075668335, 10.7383003235, 57.388874054, 15.2498426437, 78.5118560791, 138.330322266, 35.3666610718, 42.2749404907, -4.43129587173, -13.1271905899, -7.7340965271], [-336.193725586, -8.52775764465, 19.3298416138, 68.3296737671, -0.105721697211, 98.2858200073, 17.2436084747, 35.3666610718, 190.343643188, -26.6513938904, 70.6508560181, 11.4602079391, -61.1813430786], [137.051345825, -86.0628662109, -27.0365180969, -32.9042930603, 56.4363975525, -65.1633605957, 2.48228216171, 42.2749404907, -26.6513938904, 156.830154419, -12.3213825226, 7.73819589615, 51.4058799744], [-192.773925781, 110.081504822, -6.56720352173, 11.4679861069, -8.13165378571, 36.2337913513, -19.6024799347, -4.43129587173, 70.6508560181, -12.3213825226, 108.635063171, 39.5061149597, -22.0527877808], [-6.00315856934, 77.7966766357, 19.7987499237, -20.1713314056, -16.935295105, -6.11967802048, -25.9636554718, -13.1271905899, 11.4602079391, 7.73819589615, 39.5061149597, 80.8536834717, 21.5302658081], [136.293319702, 15.0286540985, 7.81510210037, -29.4187641144, 9.62496566772, -53.1309547424, -25.7244129181, -7.7340965271, -61.1813430786, 51.4058799744, -22.0527877808, 21.5302658081, 82.5221176147]], "icov": [[0.000201313334401, -3.35088334396e-05, 0.000289112416795, -0.000435686582932, 0.000421719247242, -0.000175648528966, 0.000270006188657, -0.000242167006945, 0.00045759731438, -0.000307847076328, 0.000353889277903, -0.000238975335378, 7.80583868618e-05], [-3.35088334396e-05, 0.00077946356032, -0.000191870945855, 0.000372297683498, -0.000251957098953, 0.00012659735512, 0.000467116682557, -4.57083333458e-05, 0.000119763077237, 0.000681354722474, -0.000890569353942, -9.8654491012e-05, -0.000231392201385], [0.000289112416795, -0.000191870945855, 0.00337925576605, -0.00267440173775, 0.00181603152305, -0.00187895842828, 0.00135997426696, 0.00017233757535, 0.00109984481242, -0.00138824526221, 0.00184308190364, -0.00147186440881, -0.000140706004458], [-0.000435686582932, 0.000372297683498, -0.00267440173775, 0.00686213979498, -0.00398198561743, 0.00149967474863, -0.00238831504248, 0.00158110505436, -0.00316762714647, 0.0027385938447, -0.0017347416142, 0.00200818292797, -0.000856905244291], [0.000421719247242, -0.000251957098953, 0.00181603152305, -0.00398198561743, 0.00797886494547, -0.00269138556905, 0.000957445066888, -0.00227843178436, 0.00284548522905, -0.0038502716925, 0.000903996813577, -0.00023314433929, -1.01799296317e-05], [-0.000175648528966, 0.00012659735512, -0.00187895842828, 0.00149967474863, -0.00269138556905, 0.00840565748513, -0.00356705463491, 0.00136172783095, -0.00385139533319, 0.00354262604378, -0.00174142001197, 0.000917448254768, -4.58662834717e-05], [0.000270006188657, 0.000467116682557, 0.00135997426696, -0.00238831504248, 0.000957445066888, -0.00356705463491, 0.0112444451079, -0.00577811244875, 0.00311703421175, -0.000827475334518, 0.00213126162998, -0.000869148701895, 0.00266688223928], [-0.000242167006945, -4.57083333458e-05, 0.00017233757535, 0.00158110505436, -0.00227843178436, 0.00136172783095, -0.00577811244875, 0.0130786178634, -0.00429973006248, -0.00207575177774, 0.000408020219766, 0.00102181441616, -0.000529638666194], [0.00045759731438, 0.000119763077237, 0.00109984481242, -0.00316762714647, 0.00284548522905, -0.00385139533319, 0.00311703421175, -0.00429973006248, 0.0127129293978, -0.00238705426455, -0.0035584885627, -0.00202903337777, 0.00623683305457], [-0.000307847076328, 0.000681354722474, -0.00138824526221, 0.0027385938447, -0.0038502716925, 0.00354262604378, -0.000827475334518, -0.00207575177774, -0.00238705426455, 0.0122932177037, -0.00209761667065, 0.00112442765385, -0.00651195039973], [0.000353889277903, -0.000890569353942, 0.00184308190364, -0.0017347416142, 0.000903996813577, -0.00174142001197, 0.00213126162998, 0.000408020219766, -0.0035584885627, -0.00209761667065, 0.0179672781378, -0.00830444786698, 0.00389728997834], [-0.000238975335378, -9.8654491012e-05, -0.00147186440881, 0.00200818292797, -0.00023314433929, 0.000917448254768, -0.000869148701895, 0.00102181441616, -0.00202903337777, 0.00112442765385, -0.00830444786698, 0.019531108439, -0.00780905270949], [7.80583868618e-05, -0.000231392201385, -0.000140706004458, -0.000856905244291, -1.01799296317e-05, -4.58662834717e-05, 0.00266688223928, -0.000529638666194, 0.00623683305457, -0.00651195039973, 0.00389728997834, -0.00780905270949, 0.0242517460138]]}, "spectral_contrast_coeffs": {"dmean": [0.0527346543968, 0.0422422066331, 0.0332474000752, 0.0262674503028, 0.023197857663, 0.0349747985601], "dmean2": [0.0882290005684, 0.071121506393, 0.055748231709, 0.0438151024282, 0.0378824286163, 0.0567431598902], "dvar": [0.0017665065825, 0.00115495792124, 0.000698748917785, 0.000576223246753, 0.00054285209626, 0.00108085141983], "dvar2": [0.0049173780717, 0.00314677786082, 0.00189375854097, 0.00150187592953, 0.00134894938674, 0.00251924758777], "max": [-0.344671100378, -0.389381289482, -0.49056750536, -0.518468558788, -0.65714097023, -0.515830993652], "mean": [-0.688155710697, -0.74588483572, -0.812072455883, -0.825044453144, -0.827193200588, -0.67626273632], "median": [-0.690708458424, -0.75405228138, -0.815397977829, -0.830015182495, -0.831628978252, -0.681735038757], "min": [-0.96923905611, -0.96086204052, -0.969150722027, -0.971095204353, -0.958920359612, -0.956900537014], "var": [0.00531373731792, 0.00616209255531, 0.00254903477617, 0.0016128300922, 0.00115256279241, 0.00423569278792]}, "spectral_contrast_valleys": {"dmean": [0.395670443773, 0.379200309515, 0.395290136337, 0.356465339661, 0.387184143066, 0.440166443586], "dmean2": [0.639809072018, 0.607083857059, 0.616680622101, 0.531185388565, 0.528253436089, 0.589588284492], "dvar": [0.117534086108, 0.137456029654, 0.164263054729, 0.155756443739, 0.219558626413, 0.264020830393], "dvar2": [0.263781696558, 0.287955313921, 0.335610330105, 0.269939869642, 0.379049420357, 0.518468618393], "max": [-4.63110303879, -4.64429