{"lowlevel": {"average_loudness": 0.977057814598, "barkbands_crest": {"dmean": 4.07409000397, "dmean2": 6.5939540863, "dvar": 13.9456195831, "dvar2": 34.0543251038, "max": 26.5323867798, "mean": 16.5905914307, "median": 16.4475975037, "min": 2.51849985123, "var": 37.5572929382}, "barkbands_flatness_db": {"dmean": 0.0721298083663, "dmean2": 0.101411253214, "dvar": 0.00467453617603, "dvar2": 0.00925458129495, "max": 0.755730867386, "mean": 0.242208942771, "median": 0.220166742802, "min": 0.0237372405827, "var": 0.0168507155031}, "barkbands_kurtosis": {"dmean": 51.6928787231, "dmean2": 84.2546539307, "dvar": 13892.5654297, "dvar2": 37316.875, "max": 2393.45458984, "mean": 59.4510955811, "median": 15.3438768387, "min": -1.94380867481, "var": 16416.6816406}, "barkbands_skewness": {"dmean": 2.37772965431, "dmean2": 3.72946977615, "dvar": 8.87728977203, "dvar2": 22.3524494171, "max": 40.7505607605, "mean": 4.7517323494, "median": 3.52458953857, "min": -2.10099101067, "var": 19.1245956421}, "barkbands_spread": {"dmean": 11.0953874588, "dmean2": 18.5447711945, "dvar": 227.735992432, "dvar2": 573.083557129, "max": 105.034362793, "mean": 14.8734836578, "median": 7.66663837433, "min": 0.0651493743062, "var": 294.507476807}, "dissonance": {"dmean": 0.0305656027049, "dmean2": 0.0504522137344, "dvar": 0.00126029271632, "dvar2": 0.00306924805045, "max": 0.500000119209, "mean": 0.449648350477, "median": 0.466003626585, "min": 0.103368878365, "var": 0.00248557212763}, "dynamic_complexity": 2.97247195244, "erbbands_crest": {"dmean": 4.14371204376, "dmean2": 6.66010856628, "dvar": 14.6534948349, "dvar2": 32.9946861267, "max": 32.9036407471, "mean": 11.1601324081, "median": 9.79935836792, "min": 2.11911606789, "var": 35.0324783325}, "erbbands_flatness_db": {"dmean": 0.0393536873162, "dmean2": 0.0569073781371, "dvar": 0.00170100515243, "dvar2": 0.00318736420013, "max": 0.586313188076, "mean": 0.167714983225, "median": 0.157842129469, "min": 0.0254488959908, "var": 0.00530023733154}, "erbbands_kurtosis": {"dmean": 4.56594228745, "dmean2": 7.52463912964, "dvar": 188.597640991, "dvar2": 483.790222168, "max": 250.187759399, "mean": 3.39222931862, "median": 0.0431691408157, "min": -1.93156683445, "var": 190.192092896}, "erbbands_skewness": {"dmean": 0.920722424984, "dmean2": 1.3951458931, "dvar": 1.205529809, "dvar2": 2.78567147255, "max": 14.4916305542, "mean": 0.856358468533, "median": 0.530175089836, "min": -4.58504343033, "var": 2.29110145569}, "erbbands_spread": {"dmean": 22.8728160858, "dmean2": 35.8129348755, "dvar": 579.886474609, "dvar2": 1314.38537598, "max": 203.971420288, "mean": 50.5687828064, "median": 44.8499221802, "min": 0.357423663139, "var": 988.55859375}, "hfc": {"dmean": 8.21780204773, "dmean2": 13.6985712051, "dvar": 102.486625671, "dvar2": 260.05947876, "max": 89.8426513672, "mean": 11.393196106, "median": 7.77395343781, "min": 1.23857247128e-16, "var": 130.344543457}, "melbands_crest": {"dmean": 4.30083990097, "dmean2": 7.05493307114, "dvar": 14.8758573532, "dvar2": 36.5977096558, "max": 38.7103157043, "mean": 21.2011203766, "median": 21.706653595, "min": 3.53595709801, "var": 41.7973747253}, "melbands_flatness_db": {"dmean": 0.0865893140435, "dmean2": 0.120476648211, "dvar": 0.00677573680878, "dvar2": 0.013840845786, "max": 0.924127042294, "mean": 0.336618006229, "median": 0.316564142704, "min": 0.00803163554519, "var": 0.0231645088643}, "melbands_kurtosis": {"dmean": 70.1332092285, "dmean2": 110.377578735, "dvar": 15171.3740234, "dvar2": 33673.9335938, "max": 1656.08959961, "mean": 100.973976135, "median": 44.3676071167, "min": -1.3656539917, "var": 27816.8730469}, "melbands_skewness": {"dmean": 2.51746678352, "dmean2": 3.9042737484, "dvar": 7.36415815353, "dvar2": 17.0920848846, "max": 31.1672229767, "mean": 6.10376691818, "median": 5.20271873474, "min": -0.937789320946, "var": 17.7875118256}, "melbands_spread": {"dmean": 9.1952123642, "dmean2": 15.5731658936, "dvar": 256.924621582, "dvar2": 679.764221191, "max": 200.030029297, "mean": 11.7851696014, "median": 5.1563076973, "min": 0.164856046438, "var": 269.483886719}, "pitch_salience": {"dmean": 0.123470902443, "dmean2": 0.188866734505, "dvar": 0.0129531798884, "dvar2": 0.0294272191823, "max": 0.845806121826, "mean": 0.354774266481, "median": 0.363140612841, "min": 0.0250388085842, "var": 0.0349363349378}, "silence_rate_20dB": {"dmean": 0, "dmean2": 0, "dvar": 0, "dvar2": 0, "max": 1, "mean": 1, "median": 1, "min": 1, "var": 0}, "silence_rate_30dB": {"dmean": 0.0966402441263, "dmean2": 0.193304806948, "dvar": 0.0872999504209, "dvar2": 0.16524258256, "max": 1, "mean": 0.885254144669, "median": 1, "min": 0, "var": 0.101581439376}, "silence_rate_60dB": {"dmean": 0.0382534302771, "dmean2": 0.0763906389475, "dvar": 0.0367915220559, "dvar2": 0.080870822072, "max": 1, "mean": 0.0451685972512, "median": 0, "min": 0, "var": 0.043131776154}, "spectral_centroid": {"dmean": 448.130767822, "dmean2": 723.977233887, "dvar": 323523.65625, "dvar2": 767313.875, "max": 10883.9863281, "mean": 900.133300781, "median": 698.863586426, "min": 76.0343704224, "var": 527649.625}, "spectral_complexity": {"dmean": 4.419277668, "dmean2": 7.07576131821, "dvar": 32.8448104858, "dvar2": 80.5495300293, "max": 46, "mean": 9.44954681396, "median": 7, "min": 0, "var": 60.0634765625}, "spectral_decrease": {"dmean": 5.68348434982e-09, "dmean2": 8.15132672471e-09, "dvar": 4.756775897e-17, "dvar2": 9.05275462103e-17, "max": 1.23216881167e-28, "mean": -1.02709414307e-08, "median": -5.23264676033e-09, "min": -4.85567959174e-08, "var": 1.27588294912e-16}, "spectral_energy": {"dmean": 0.0218741055578, "dmean2": 0.0315637551248, "dvar": 0.000693774432875, "dvar2": 0.00132174929604, "max": 0.184893161058, "mean": 0.0397982113063, "median": 0.0208242665976, "min": 1.07691556755e-20, "var": 0.00185259594582}, "spectral_energyband_high": {"dmean": 0.000611852796283, "dmean2": 0.00110186543316, "dvar": 8.68010602062e-07, "dvar2": 2.27124883168e-06, "max": 0.00763180945069, "mean": 0.000525428855326, "median": 0.000115649309009, "min": 8.13205541507e-21, "var": 7.66998368817e-07}, "spectral_energyband_low": {"dmean": 0.019209748134, "dmean2": 0.0264697037637, "dvar": 0.000762780022342, "dvar2": 0.00129106431268, "max": 0.180881306529, "mean": 0.0285721458495, "median": 0.00982701499015, "min": 6.8229785072e-23, "var": 0.0016419084277}, "spectral_energyband_middle_high": {"dmean": 0.00140185724013, "dmean2": 0.00229016877711, "dvar": 8.16501233203e-06, "dvar2": 1.9364120817e-05, "max": 0.0457540377975, "mean": 0.00181076710578, "median": 0.000559594889637, "min": 1.24107919305e-21, "var": 1.2234827409e-05}, "spectral_energyband_middle_low": {"dmean": 0.0117241041735, "dmean2": 0.0191697943956, "dvar": 0.000596323050559, "dvar2": 0.00147244054824, "max": 0.129541635513, "mean": 0.0109889432788, "median": 0.00334711605683, "min": 4.22882027511e-22, "var": 0.000489046622533}, "spectral_entropy": {"dmean": 0.59462928772, "dmean2": 0.854755759239, "dvar": 0.403639137745, "dvar2": 0.785894453526, "max": 9.80975914001, "mean": 7.14908123016, "median": 7.34698677063, "min": 2.60837173462, "var": 0.96599394083}, "spectral_flux": {"dmean": 0.0517648421228, "dmean2": 0.0730689316988, "dvar": 0.00284464750439, "dvar2": 0.0045711142011, "max": 0.450250685215, "mean": 0.120148099959, "median": 0.086755476892, "min": 1.03774544513e-10, "var": 0.00915783829987}, "spectral_kurtosis": {"dmean": 6.97247838974, "dmean2": 10.522808075, "dvar": 223.468353271, "dvar2": 451.556365967, "max": 320.608428955, "mean": 8.66534900665, "median": 3.86535477638, "min": -1.22453188896, "var": 277.554931641}, "spectral_rms": {"dmean": 0.0016770910006, "dmean2": 0.00238440232351, "dvar": 2.80592439594e-06, "dvar2": 5.19187233294e-06, "max": 0.0134306950495, "mean": 0.00541041232646, "median": 0.00450736703351, "min": 3.24137223139e-12, "var": 9.55485120357e-06}, "spectral_rolloff": {"dmean": 778.823791504, "dmean2": 1416.71044922, "dvar": 2463753.5, "dvar2": 6447298.5, "max": 18798.4863281, "mean": 795.079528809, "median": 215.33203125, "min": 21.533203125, "var": 2031374}, "spectral_skewness": {"dmean": 0.825142383575, "dmean2": 1.20622253418, "dvar": 1.22279942036, "dvar2": 2.29048252106, "max": 16.3122444153, "mean": 2.02027893066, "median": 1.6303075552, "min": 0.00795157719404, "var": 2.02072095871}, "spectral_spread": {"dmean": 1522789.375, "dmean2": 2300640.25, "dvar": 2908001927170.0, "dvar2": 5397564882940.0, "max": 40402640, "mean": 5320820.5, "median": 4999534.5, "min": 407921, "var": 5834532192260.0}, "spectral_strongpeak": {"dmean": 0.317135810852, "dmean2": 0.503072500229, "dvar": 0.240663170815, "dvar2": 0.63971143961, "max": 6.64126873016, "mean": 0.556074917316, "median": 0.410742998123, "min": 0, "var": 0.272843152285}, "zerocrossingrate": {"dmean": 0.0135134765878, "dmean2": 0.0181705020368, "dvar": 0.000224716408411, "dvar2": 0.000295385223581, "max": 0.515625, "mean": 0.034898839891, "median": 0.0244140625, "min": 0.001953125, "var": 0.00100213615224}, "barkbands": {"dmean": [0.000122053657833, 0.0147976437584, 0.00772696966305, 0.00568200927228, 0.00712787499651, 0.00072014820762, 0.0002921471023, 0.000370750320144, 0.000251735909842, 0.00036333501339, 0.000267258496024, 0.000370286172256, 0.000119398486277, 0.000126400773297, 0.000120926226373, 0.000104885526525, 0.000117830066301, 0.000124686877825, 0.000104682207166, 9.43315899349e-05, 8.42820081743e-05, 0.000161000556545, 0.000179834198207, 8.92094249139e-05, 5.83241562708e-05, 1.4825438484e-05, 2.29884471992e-06], "dmean2": [0.000166853526025, 0.0219431277364, 0.0126374838874, 0.0102661857381, 0.0129077015445, 0.00119769317098, 0.000496073975228, 0.000629882502835, 0.000414551002905, 0.000599471095484, 0.000446146266768, 0.000593465578277, 0.000204265204957, 0.0002113776427, 0.000197118861252, 0.000190518898307, 0.000203750125365, 0.000229402226978, 0.000186295830645, 0.000170014347532, 0.000152682565385, 0.000297790305922, 0.000332770840032, 0.000152298278408, 0.000102729798527, 2.56591974903e-05, 3.67366783394e-06], "dvar": [3.8247261358e-08, 0.000475290493341, 0.000368845125195, 0.000214442799916, 0.000330679205945, 1.30544412968e-06, 3.31705592771e-07, 7.18995693205e-07, 2.77378831015e-07, 2.1347486836e-06, 8.11024563063e-07, 2.40213375946e-06, 2.37290151972e-07, 8.47457997111e-08, 4.86787996579e-08, 4.47983907748e-08, 4.06381097662e-08, 5.97261760049e-08, 4.56549855699e-08, 4.34136744332e-08, 2.10125445932e-08, 7.23602511243e-08, 1.09816888028e-07, 2.95340161216e-08, 1.06458406535e-08, 8.1044515543e-10, 3.65780392086e-11], "dvar2": [9.11403503778e-08, 0.00096207956085, 0.000895485456567, 0.000599701481406, 0.000935116957407, 3.06979200104e-06, 8.81785013007e-07, 1.93494952327e-06, 6.97190159826e-07, 5.36938705409e-06, 2.07072821468e-06, 5.62745299248e-06, 6.81855453877e-07, 2.34645398223e-07, 1.11921515611e-07, 1.23312304368e-07, 1.04973558734e-07, 1.6491048882e-07, 1.20151867122e-07, 1.15149745739e-07, 5.58889183822e-08, 1.9468375001e-07, 3.00397573483e-07, 7.40101171459e-08, 2.76052940507e-08, 1.91693594331e-09, 8.71967081872e-11], "max": [0.00387247186154, 0.141753479838, 0.117463804781, 0.0811654180288, 0.0980151817203, 0.0144645050168, 0.0104046175256, 0.00981959886849, 0.00934834964573, 0.0278176702559, 0.0120703633875, 0.0215429719537, 0.0128814522177, 0.00442256918177, 0.00331626064144, 0.00220672623254, 0.00256095267832, 0.00171634950675, 0.00349400308914, 0.00290946220048, 0.00140335911419, 0.0014110035263, 0.00239913421683, 0.00286277732812, 0.00096196855884, 0.000431054359069, 0.000123642093968], "mean": [0.000203563060495, 0.0199898909777, 0.00635145930573, 0.00403536437079, 0.00508963083848, 0.000804874114692, 0.000306053552777, 0.00034725732985, 0.000276398786809, 0.000350038229953, 0.000287713046419, 0.000348737987224, 0.000119100011943, 0.000146329810377, 0.000139302879688, 9.89549735095e-05, 0.000136276372359, 0.000101577250462, 9.2500980827e-05, 9.0969086159e-05, 7.36136207706e-05, 0.000115275593998, 0.000128801184474, 8.68313145475e-05, 5.49802280148e-05, 1.77947240445e-05, 4.98684175909e-06], "median": [9.80682816589e-05, 0.00664017908275, 0.000491103273816, 0.000425529957283, 0.000580880907364, 0.000320375838783, 0.000121312245028, 0.000114866910735, 7.31565232854e-05, 7.01093522366e-05, 4.80991548102e-05, 4.47616293968e-05, 2.30063997151e-05, 2.96164253086e-05, 2.64833488473e-05, 1.91954059119e-05, 2.68517578661e-05, 1.91602302948e-05, 1.73349581019e-05, 1.79007656698e-05, 1.43920206028e-05, 1.1335745512e-05, 1.16378050734e-05, 1.51167669173e-05, 1.04597347672e-05, 1.00842589745e-06, 8.05866449127e-08], "min": [2.46263473503e-23, 3.82045620388e-23, 9.59744191168e-24, 2.44332499779e-23, 5.76142984406e-23, 3.48841991571e-23, 1.1614160556e-22, 1.2630369912e-22, 3.71547869669e-23, 4.64850298571e-23, 2.26933083886e-23, 4.45274557436e-23, 7.34824185649e-23, 9.49410192196e-23, 1.28832926021e-22, 6.73140122244e-23, 1.57629996755e-22, 2.55909532123e-22, 2.43069729107e-22, 3.28771653581e-22, 2.65130621908e-22, 4.859184257e-22, 6.24062182322e-22, 9.41487037347e-22, 1.14426503308e-21, 1.86427324972e-21, 2.89937689718e-21], "var": [8.34308764297e-08, 0.000862162793055, 0.000310348696075, 0.000129510241095, 0.000200268390472, 1.79924154509e-06, 3.25434626802e-07, 5.54429220756e-07, 3.25918193766e-07, 1.87942328012e-06, 8.94207971669e-07, 2.45947990152e-06, 1.66754247743e-07, 1.21472496062e-07, 7.72135777538e-08, 4.60279530046e-08, 6.54754117591e-08, 4.15643484075e-08, 4.17132568487e-08, 4.08839149202e-08, 1.81167933988e-08, 5.15378673072e-08, 7.67996226614e-08, 3.26552331842e-08, 1.03191197809e-08, 1.20692933425e-09, 1.36418765173e-10]}, "erbbands": {"dmean": [0.284486144781, 3.84402132034, 9.48015499115, 12.6722192764, 25.4697093964, 21.2412719727, 8.44669151306, 5.62559938431, 4.90388202667, 5.67070770264, 7.38579130173, 5.11607885361, 8.75139427185, 9.68395423889, 13.2060279846, 15.1830377579, 6.04327249527, 6.77561950684, 4.35134458542, 6.81479072571, 6.04350233078, 6.45686817169, 6.26852273941, 6.64409780502, 4.9132976532, 3.9677054882, 3.15642786026, 4.18352031708, 5.72705841064, 6.87575531006, 4.55823278427, 2.10934782028, 1.36350309849, 0.774412453175, 0.361472249031, 0.113004162908, 0.0168815199286, 0.00221208436415, 0.000446547346655, 4.56774723716e-05], "dmean2": [0.395638138056, 5.68439626694, 14.2974538803, 20.93009758, 44.3566970825, 39.9475326538, 15.2226762772, 9.37926292419, 8.15977478027, 9.4869594574, 12.4891109467, 8.47781467438, 13.7146120071, 16.2091388702, 21.1112594604, 23.7411746979, 10.0092735291, 11.2966375351, 7.12211418152, 11.3870239258, 10.8031864166, 11.3675823212, 11.3404436111, 12.0989980698, 8.71048545837, 7.0750374794, 5.68457317352, 7.68919038773, 10.6407022476, 12.7828626633, 8.3960647583, 3.71743059158, 2.31440734863, 1.35547101498, 0.646247804165, 0.198682904243, 0.0283528659493, 0.00367508037016, 0.000731230073143, 6.95289782016e-05], "dvar": [0.142365440726, 36.7505264282, 469.184204102, 880.143432617, 3600.63623047, 3619.3605957, 327.890136719, 74.0985641479, 80.0637664795, 133.955703735, 287.71673584, 103.618309021, 696.160583496, 1773.03808594, 1862.87939453, 4580.47167969, 481.379699707, 237.51399231, 56.9803085327, 173.799362183, 146.575134277, 123.638198853, 122.503570557, 215.402816772, 108.285041809, 63.9278945923, 37.1455497742, 49.2991790771, 92.3342895508, 163.67288208, 66.9377212524, 14.3987092972, 8.05651950836, 1.81866455078, 0.478330433369, 0.048042871058, 0.00112190609798, 1.98531743081e-05, 1.32866944114e-06, 7.3282713231e-09], "dvar2": [0.288137763739, 72.0081253052, 1057.91796875, 2247.03613281, 9828.10644531, 10396.5371094, 907.783996582, 183.135391235, 212.606063843, 354.822845459, 768.880859375, 270.393127441, 1533.12475586, 4677.69384766, 4448.71337891, 10603.4658203, 1284.48278809, 666.582458496, 138.853485107, 423.553466797, 404.097442627, 327.633056641, 329.928955078, 597.601989746, 271.093414307, 163.08140564, 100.29258728, 133.22668457, 248.948303223, 446.890838623, 182.988143921, 37.232585907, 19.8839988708, 4.69377613068, 1.21934485435, 0.113820791245, 0.00271311961114, 4.83066505694e-05, 3.23870085595e-06, 1.71693308459e-08], "max": [4.41815519333, 37.4006156921, 134.896316528, 201.982666016, 315.962982178, 351.598175049, 171.585205078, 96.0108566284, 172.845291138, 127.176017761, 255.004943848, 169.722503662, 551.468811035, 935.606872559, 601.307189941, 1066.14221191, 504.035919189, 251.593399048, 122.467727661, 181.895309448, 166.122634888, 98.8951187134, 78.5618286133, 218.621429443, 178.585952759, 115.561439514, 73.8059463501, 52.1070671082, 53.9888725281, 74.1747817993, 54.7937202454, 57.4388160706, 46.5446281433, 15.9763326645, 6.24415445328, 3.21608519554, 0.451608747244, 0.0942244306207, 0.0237310305238, 0.00187059643213], "mean": [0.459633618593, 4.78819608688, 8.80132770538, 10.525147438, 19.7902755737, 13.6012639999, 7.34557723999, 5.96435403824, 5.26551818848, 5.81451225281, 7.28628873825, 5.55799484253, 9.661277771, 9.65293216705, 14.5978679657, 14.6470661163, 6.48958921432, 7.87977075577, 5.25749874115, 7.5541176796, 5.96465110779, 6.91521263123, 5.97321224213, 5.36578607559, 4.72344255447, 4.05845737457, 2.88889074326, 3.36263990402, 4.07795619965, 4.6130566597, 3.4055390358, 1.99600052834, 1.33758711815, 0.751133799553, 0.320730924606, 0.111135058105, 0.025055244565, 0.00506864022464, 0.00091868871823, 9.30045862333e-05], "median": [0.18833565712, 1.38855338097, 1.26892113686, 1.58950734138, 2.1780424118, 1.37188458443, 1.52557456493, 2.47313809395, 2.15495181084, 2.16117882729, 2.25473880768, 1.67273390293, 2.47178316116, 1.90777516365, 2.27779817581, 2.14686346054, 1.40701115131, 1.67911028862, 1.27473807335, 1.45207202435, 1.27282583714, 1.36090648174, 1.27816176414, 0.944239497185, 0.873735547066, 0.833187460899, 0.628367841244, 0.583583414555, 0.398445367813, 0.373161941767, 0.323084324598, 0.266940295696, 0.247319981456, 0.144675254822, 0.0441604033113, 0.00953231751919, 0.00108272233047, 0.000119769058074, 5.53570789634e-05, 4.21162512794e-05], "min": [1.38229968391e-21, 7.84113179311e-21, 8.85724401186e-21, 5.13690889558e-20, 1.17476940227e-19, 1.2983370026e-19, 4.58723606943e-19, 2.4197643706e-19, 6.18806526722e-19, 4.1146114338e-18, 1.42400745113e-18, 6.85190045626e-19, 1.87639283833e-18, 9.30319798578e-19, 1.1181422202e-18, 2.20021998608e-18, 2.82062860655e-18, 4.83922537271e-18, 7.10721026931e-18, 5.02064717415e-18, 5.69052036807e-18, 8.18791181344e-18, 1.40066939801e-17, 1.1531479247e-17, 1.20701161008e-17, 1.35281931568e-17, 1.24494445861e-17, 1.23353573545e-17, 1.92973610303e-17, 1.53941405652e-17, 1.95333060283e-17, 2.11628435632e-17, 1.33425787904e-17, 1.17277510083e-17, 9.34544354723e-18, 6.60918881073e-18, 3.17646247412e-18, 1.54607335676e-18, 3.7358500842e-19, 4.37771154339e-20], "var": [0.391534417868, 60.4319229126, 478.320739746, 682.827880859, 2422.21411133, 2049.05761719, 265.269378662, 82.0866317749, 78.1224060059, 119.728004456, 236.473815918, 116.976531982, 816.885437012, 1588.17456055, 2230.3125, 4538.24072266, 409.051971436, 341.525512695, 86.6651916504, 245.513168335, 142.145141602, 154.089935303, 107.987892151, 147.695083618, 136.552536011, 71.4678421021, 31.4995365143, 37.7244148254, 65.1813735962, 106.328666687, 50.5868644714, 16.8488006592, 8.22122097015, 1.84653663635, 0.447463691235, 0.055122628808, 0.00237748818472, 0.000125477672555, 4.59196417069e-06, 1.66527645007e-08]}, "gfcc": {"mean": [-76.0464859009, 106.85344696, -75.7052078247, 40.2428245544, -46.0557937622, 26.1523456573, -28.1509990692, 10.2101554871, -16.3327980042, -3.8108792305, -5.5627655983, -4.83571243286, -3.33300995827], "cov": [[13007.9990234, -3451.89013672, -2163.57104492, 666.812255859, -744.327697754, -337.208496094, -474.611694336, 61.4805831909, -159.381362915, 458.947387695, -838.750854492, 683.644897461, -541.6328125], [-3451.89013672, 2662.86499023, 276.681060791, -358.069335938, 665.594970703, -52.1954040527, 270.937835693, -113.402198792, 106.250724792, -298.566772461, 376.750946045, -402.444946289, 328.031158447], [-2163.57104492, 276.681060791, 1739.27185059, 2.45545697212, 78.6699523926, 383.021118164, 31.6766586304, 91.0625991821, 41.7864646912, -47.5466957092, 160.475387573, -178.16494751, 104.481719971], [666.812255859, -358.069335938, 2.45545697212, 491.775787354, -13.3540410995, -26.7995357513, -32.0379486084, -25.6797828674, 20.3885803223, 16.5337677002, -130.854675293, 50.2019004822, -38.6713829041], [-744.327697754, 665.594970703, 78.6699523926, -13.3540410995, 739.081359863, 119.464790344, 215.789352417, 97.1325073242, 84.706741333, -54.5391693115, 120.22467041, -120.217010498, 124.295829773], [-337.208496094, -52.1954040527, 383.021118164, -26.7995357513, 119.464790344, 495.897827148, 120.464149475, 168.313095093, 51.6247673035, 20.7684955597, 139.522247314, -6.01786661148, 48.3723945618], [-474.611694336, 270.937835693, 31.6766586304, -32.0379486084, 215.789352417, 120.464149475, 421.036468506, 46.0612373352, 102.234649658, 35.8969306946, 77.5, 43.5476989746, 24.2495117188], [61.4805831909, -113.402198792, 91.0625991821, -25.6797828674, 97.1325073242, 168.313095093, 46.0612373352, 267.199859619, 124.679840088, 84.9155044556, 74.6297531128, 2.36618518829, 56.8346862793], [-159.381362915, 106.250724792, 41.7864646912, 20.3885803223, 84.706741333, 51.6247673035, 102.234649658, 124.679840088, 271.339996338, 121.813262939, 64.0142364502, 39.8374404907, 25.5701770782], [458.947387695, -298.566772461, -47.5466957092, 16.5337677002, -54.5391693115, 20.7684955597, 35.8969306946, 84.9155044556, 121.813262939, 216.53527832, 13.8357286453, 106.504020691, -29.1214885712], [-838.750854492, 376.750946045, 160.475387573, -130.854675293, 120.22467041, 139.522247314, 77.5, 74.6297531128, 64.0142364502, 13.8357286453, 228.56854248, -29.8960571289, 112.673118591], [683.644897461, -402.444946289, -178.16494751, 50.2019004822, -120.217010498, -6.01786661148, 43.5476989746, 2.36618518829, 39.8374404907, 106.504020691, -29.8960571289, 229.039764404, -48.9836463928], [-541.6328125, 328.031158447, 104.481719971, -38.6713829041, 124.295829773, 48.3723945618, 24.2495117188, 56.8346862793, 25.5701770782, -29.1214885712, 112.673118591, -48.9836463928, 163.648376465]], "icov": [[0.000169969760464, 9.58363671089e-05, 0.000170482817339, -5.30784054718e-05, -4.08721716667e-05, -0.00010434428259, 0.000114372400276, -7.81419730629e-05, 8.19045599201e-05, -0.000186365359696, 0.00036684909719, -0.000122533136164, -1.40755646498e-05], [9.58363671089e-05, 0.00154573563486, 0.00012675418111, 0.000490811886266, -0.000528476783074, 0.000490322418045, -0.000519118038937, 0.00144766806625, -0.00136080093216, 0.00120122253429, -0.00122903799638, 0.00150273414329, -0.00119315693155], [0.000170482817339, 0.00012675418111, 0.000977242132649, -0.000188150705071, 0.000126893399283, -0.000761742528994, 0.000119825046568, 0.000217548527871, -0.0001221671846, -0.000252969184658, 0.000181828989298, 0.000639009231236, -0.000282584369415], [-5.30784054718e-05, 0.000490811886266, -0.000188150705071, 0.00289536872879, -0.000450343824923, -0.000194873879082, 5.22146146977e-05, 0.00105648383033, -0.00121376977768, 0.000446992082288, 0.00170012749732, -6.48366840323e-05, -0.0012509401422], [-4.08721716667e-05, -0.000528476783074, 0.000126893399283, -0.000450343824923, 0.00232265889645, -0.000271285534836, -0.000878051039763, -0.000855692080222, 0.000137059032568, 3.91408430005e-05, 0.000161732910783, 0.000661908241455, -0.000447716913186], [-0.00010434428259, 0.000490322418045, -0.000761742528994, -0.000194873879082, -0.000271285534836, 0.00413522683084, -0.000958203629125, -0.00187984842341, 0.000420941680204, 0.00128796393983, -0.00293619534932, -3.66409622075e-05, 0.00106471916661], [0.000114372400276, -0.000519118038937, 0.000119825046568, 5.22146146977e-05, -0.000878051039763, -0.000958203629125, 0.00375273474492, 5.70395241084e-05, -0.000444308359874, -0.000476896675536, 0.000478388508782, -0.00183160195593, 0.0008361361688], [-7.81419730629e-05, 0.00144766806625, 0.000217548527871, 0.00105648383033, -0.000855692080222, -0.00187984842341, 5.70395241084e-05, 0.00869939941913, -0.00365372863598, -0.000880751642399, -0.000374899624148, 0.00236425199546, -0.00349388900213], [8.19045599201e-05, -0.00136080093216, -0.0001221671846, -0.00121376977768, 0.000137059032568, 0.000420941680204, -0.000444308359874, -0.00365372863598, 0.00799368694425, -0.00408319523558, 5.25441391801e-05, -0.00143282068893, 0.00145552656613], [-0.000186365359696, 0.00120122253429, -0.000252969184658, 0.000446992082288, 3.91408430005e-05, 0.00128796393983, -0.000476896675536, -0.000880751642399, -0.00408319523558, 0.0103672109544, -0.00286266417243, -0.00171195284929, 0.0011499990942], [0.00036684909719, -0.00122903799638, 0.000181828989298, 0.00170012749732, 0.000161732910783, -0.00293619534932, 0.000478388508782, -0.000374899624148, 5.25441391801e-05, -0.00286266417243, 0.0126419486478, -0.00165116216522, -0.00494812661782], [-0.000122533136164, 0.00150273414329, 0.000639009231236, -6.48366840323e-05, 0.000661908241455, -3.66409622075e-05, -0.00183160195593, 0.00236425199546, -0.00143282068893, -0.00171195284929, -0.00165116216522, 0.00915097724646, -0.00108749663923], [-1.40755646498e-05, -0.00119315693155, -0.000282584369415, -0.0012509401422, -0.000447716913186, 0.00106471916661, 0.0008361361688, -0.00349388900213, 0.00145552656613, 0.0011499990942, -0.00494812661782, -0.00108749663923, 0.0125139374286]]}, "melbands": {"dmean": [0.00333522097208, 0.00486758630723, 0.00243080453947, 0.00181111996062, 0.000386500003515, 0.000127547435113, 7.1787260822e-05, 6.79890508763e-05, 5.91337266087e-05, 3.27509696945e-05, 4.5673121349e-05, 4.14941896452e-05, 3.82477992389e-05, 4.50844345323e-05, 2.72476700047e-05, 9.26477150642e-06, 1.37166180139e-05, 6.44446390652e-06, 9.84172675089e-06, 7.59737895351e-06, 7.57876478019e-06, 6.95369317327e-06, 6.23194728178e-06, 5.48629623154e-06, 5.62250579605e-06, 3.83114502256e-06, 3.48266462424e-06, 2.55779923464e-06, 2.18137165575e-06, 1.97776944333e-06, 2.43251884058e-06, 3.2557115901e-06, 3.51844482793e-06, 3.95034157918e-06, 2.76151627077e-06, 1.61815080446e-06, 1.1887710798e-06, 1.00890235899e-06, 8.35621676742e-07, 6.09572111898e-07], "dmean2": [0.00490686250851, 0.00693962210789, 0.00387080525979, 0.00324669945985, 0.00071357114939, 0.000212077226024, 0.000119681957585, 0.00011456059292, 9.95542941382e-05, 5.38739150215e-05, 7.16986178304e-05, 6.99138399796e-05, 6.23713422101e-05, 7.16901486157e-05, 4.37994131062e-05, 1.55003144755e-05, 2.29799079534e-05, 1.06956995296e-05, 1.60944709933e-05, 1.336065543e-05, 1.36324406412e-05, 1.22589708553e-05, 1.10476667032e-05, 1.00705656223e-05, 1.02526073533e-05, 6.80824223309e-06, 6.16605757386e-06, 4.58250224256e-06, 3.9711089812e-06, 3.55165025212e-06, 4.48466835223e-06, 6.06656249147e-06, 6.52457856631e-06, 7.37640311854e-06, 5.10222753292e-06, 2.94399342238e-06, 2.06307549888e-06, 1.72524278241e-06, 1.43234319694e-06, 1.08642711893e-06], "dvar": [2.0241141101e-05, 8.7819978944e-05, 2.79705564026e-05, 2.13075327338e-05, 8.40868153773e-07, 3.82894356221e-08, 1.71979817054e-08, 2.15657358638e-08, 1.77209908969e-08, 4.75397943234e-09, 2.04469063902e-08, 3.66773704741e-08, 1.59500217478e-08, 3.14431751747e-08, 1.83496968731e-08, 4.8088122373e-10, 1.07663722382e-09, 1.42950082327e-10, 3.29810373456e-10, 2.22076981804e-10, 2.73245703841e-10, 1.50843740276e-10, 1.09163005024e-10, 1.16845880194e-10, 1.59825347401e-10, 6.2477592544e-11, 6.83099965482e-11, 2.66329076848e-11, 2.07438476119e-11, 1.14850151958e-11, 1.68437520875e-11, 3.04824360198e-11, 3.85679994885e-11, 5.89885085223e-11, 2.51708775351e-11, 8.57235723378e-12, 5.17235820147e-12, 5.48722742591e-12, 2.55156616322e-12, 1.21395135697e-12], "dvar2": [4.25427861046e-05, 0.000174334811163, 6.92741305102e-05, 5.95568817516e-05, 2.41633347287e-06, 9.29368511038e-08, 4.56396094251e-08, 5.76467904523e-08, 4.67056828768e-08, 1.19236576168e-08, 4.58694202621e-08, 9.71503268943e-08, 3.88040923838e-08, 7.29750766482e-08, 4.5820446104e-08, 1.29912858249e-09, 3.04105651772e-09, 3.5327726855e-10, 7.3374084586e-10, 6.01218852481e-10, 7.67471364238e-10, 4.01288002827e-10, 2.84404444439e-10, 3.23518600798e-10, 4.42992614813e-10, 1.60090107837e-10, 1.69173258735e-10, 6.97421911888e-11, 5.7383237051e-11, 3.02959775322e-11, 4.56790716363e-11, 8.23334525557e-11, 1.04573960602e-10, 1.62241192703e-10, 6.88095691537e-11, 2.4159813039e-11, 1.30763325515e-11, 1.37131009673e-11, 6.54916312154e-12, 3.20461712722e-12], "max": [0.0407980382442, 0.0561127327383, 0.0327322781086, 0.0248807724565, 0.00588835589588, 0.00222501251847, 0.00250970362686, 0.00144808925688, 0.00186955637764, 0.00137680547778, 0.00317184021696, 0.00403737835586, 0.00168324389961, 0.0026124031283, 0.00267856940627, 0.000406416977057, 0.000475481036119, 0.000169755789102, 0.000245142931817, 0.000197771951207, 0.000262196117546, 0.000129895837745, 0.000129232881591, 8.04925439297e-05, 0.000204115553061, 9.73230489762e-05, 0.000152613225509, 6.51186637697e-05, 4.30737309216e-05, 4.06094441132e-05, 3.05527210003e-05, 3.3310323488e-05, 4.04288803111e-05, 4.52870772278e-05, 3.24482753058e-05, 4.38647621195e-05, 3.83552796848e-05, 4.25829275628e-05, 2.33332411881e-05, 1.32246013891e-05], "mean": [0.00492084678262, 0.00543972663581, 0.00214571761899, 0.00128778081853, 0.000295407749945, 0.000139523093821, 7.72618004703e-05, 6.67795029585e-05, 5.98445403739e-05, 3.50743066519e-05, 4.94679334224e-05, 3.8535818021e-05, 4.22770099249e-05, 4.41325901193e-05, 2.6147279641e-05, 9.81128869171e-06, 1.57737467816e-05, 7.3680157584e-06, 1.15488237498e-05, 8.01698934083e-06, 7.06685113983e-06, 7.25844802218e-06, 6.60334853819e-06, 4.6274089982e-06, 4.35432775703e-06, 3.34059814122e-06, 3.45649414157e-06, 2.52257723332e-06, 1.87752732472e-06, 1.74949718712e-06, 1.90138325706e-06, 2.292436875e-06, 2.44505872615e-06, 2.58841168943e-06, 2.00779550141e-06, 1.40674796967e-06, 1.14401825613e-06, 9.56519784268e-07, 8.37819072785e-07, 5.59146769774e-07], "median": [0.00184603384696, 0.00108589080628, 0.000335744523909, 0.000128669620608, 4.9721551477e-05, 5.82289067097e-05, 3.20534818457e-05, 2.30190253205e-05, 1.68787901202e-05, 9.61693331192e-06, 1.1947890016e-05, 6.50184756523e-06, 6.7184719228e-06, 6.32662477074e-06, 4.03358808398e-06, 2.10767939279e-06, 3.13925102091e-06, 1.77441597771e-06, 2.04358275369e-06, 1.52270013132e-06, 1.3774533727e-06, 1.36346488944e-06, 1.32153786581e-06, 9.03759996618e-07, 6.94125844802e-07, 5.67607571611e-07, 5.89358251091e-07, 5.18810395533e-07, 3.56572684268e-07, 3.57041813004e-07, 2.74277397239e-07, 2.17925190782e-07, 2.0885379115e-07, 1.8761585352e-07, 1.69098655078e-07, 1.68607243722e-07, 1.4344993815e-07, 1.55902654342e-07, 1.50702348378e-07, 1.06051949444e-07], "min": [1.32268063432e-23, 6.65173983942e-24, 1.11876624343e-23, 7.89140950842e-24, 1.44319767582e-23, 5.4208852966e-24, 1.22976678252e-23, 4.35435000702e-23, 8.40365475951e-24, 4.79077752096e-24, 9.15459196557e-24, 3.44030997123e-24, 3.56064557472e-24, 5.40888829995e-24, 4.79756724677e-24, 6.78136230792e-24, 9.53649215156e-24, 1.19971252309e-23, 8.05142915419e-24, 5.04558787638e-24, 7.73508252056e-24, 8.088742275e-24, 1.14070935614e-23, 1.29348654882e-23, 8.99215130569e-24, 8.02981278766e-24, 9.39082582997e-24, 9.55120914061e-24, 9.14423737733e-24, 6.27879677457e-24, 7.06363725019e-24, 1.18919172186e-23, 8.18339453958e-24, 9.27286351451e-24, 1.0134991454e-23, 1.31032281269e-23, 1.31377258032e-23, 9.708724153e-24, 6.80846046888e-24, 1.15450479788e-23], "var": [4.46827871201e-05, 0.000117768213386, 2.35693441937e-05, 1.31890237753e-05, 5.49113167381e-07, 4.60390374712e-08, 1.70504765862e-08, 1.78553118957e-08, 1.56188626477e-08, 5.68802738243e-09, 2.33131185468e-08, 3.13514263439e-08, 1.91878211098e-08, 3.3328067417e-08, 1.5215469773e-08, 5.23476761938e-10, 1.48483447759e-09, 1.86651791245e-10, 5.62703328377e-10, 3.16220938323e-10, 2.316647707e-10, 1.80283690754e-10, 1.38301620156e-10, 8.30156152154e-11, 1.08990809433e-10, 6.19616857822e-11, 8.75415295809e-11, 2.63216323737e-11, 1.55407336305e-11, 1.04493297695e-11, 1.27349381041e-11, 2.12948599726e-11, 2.64231587999e-11, 3.74744194009e-11, 1.86380511719e-11, 8.60910908534e-12, 6.11915986631e-12, 5.2047741117e-12, 2.5950977478e-12, 1.12591663423e-12]}, "mfcc": {"mean": [-726.641784668, 132.062042236, 35.1840171814, 25.8445472717, 17.3253574371, 12.8298101425, 10.8627567291, 10.6829175949, 5.06389856339, 2.88896608353, 1.62555670738, 2.93343734741, 1.3408472538], "cov": [[12093.9316406, -2780.05395508, -1999.36193848, 242.362426758, -611.414123535, -159.614746094, -966.701171875, -22.3150577545, -220.817077637, 98.4584732056, -239.557113647, -76.2344665527, -169.052429199], [-2780.05395508, 2244.56884766, -18.5144481659, -71.5880432129, 356.178344727, -0.820212304592, 424.269989014, -22.8020172119, 150.4737854, 7.31362342834, 8.28715419769, 100.30091095, 1.22497880459], [-1999.36193848, -18.5144481659, 1530.35266113, -121.364395142, 119.827033997, 119.085128784, 167.335906982, 12.9759197235, 46.3369407654, -44.006439209, 143.797821045, -47.9417381287, 109.521972656], [242.362426758, -71.5880432129, -121.364395142, 471.372619629, 35.3174057007, 35.1838302612, -103.434509277, -23.1977863312, 14.3451757431, 11.1812486649, -38.2539825439, -64.8164215088, -66.559928894], [-611.414123535, 356.178344727, 119.827033997, 35.3174057007, 528.594726562, 23.6517715454, 202.642410278, 23.060880661, 147.03427124, 46.8773994446, 19.2965393066, 70.4168014526, -41.8962478638], [-159.614746094, -0.820212304592, 119.085128784, 35.1838302612, 23.6517715454, 276.247802734, 106.327461243, 121.500068665, 27.1263389587, 26.0279636383, 57.5292549133, 18.2419815063, 61.7293701172], [-966.701171875, 424.269989014, 167.335906982, -103.434509277, 202.642410278, 106.327461243, 424.664093018, 93.1196899414, 102.057357788, 25.4631538391, 6.27077388763, 38.2226676941, 37.1176338196], [-22.3150577545, -22.8020172119, 12.9759197235, -23.1977863312, 23.060880661, 121.500068665, 93.1196899414, 217.183624268, 68.3812637329, 56.5930976868, 36.4280128479, 44.4037361145, 53.963886261], [-220.817077637, 150.4737854, 46.3369407654, 14.3451757431, 147.03427124, 27.1263389587, 102.057357788, 68.3812637329, 184.889297485, 100.330116272, 65.6645965576, 68.8248596191, 18.0413455963], [98.4584732056, 7.31362342834, -44.006439209, 11.1812486649, 46.8773994446, 26.0279636383, 25.4631538391, 56.5930976868, 100.330116272, 180.125686646, 59.2834091187, 77.3336410522, 26.5879364014], [-239.557113647, 8.28715419769, 143.797821045, -38.2539825439, 19.2965393066, 57.5292549133, 6.27077388763, 36.4280128479, 65.6645965576, 59.2834091187, 164.075088501, 73.1122055054, 73.2368850708], [-76.2344665527, 100.30091095, -47.9417381287, -64.8164215088, 70.4168014526, 18.2419815063, 38.2226676941, 44.4037361145, 68.8248596191, 77.3336410522, 73.1122055054, 161.36541748, 67.7551040649], [-169.052429199, 1.22497880459, 109.521972656, -66.559928894, -41.8962478638, 61.7293701172, 37.1176338196, 53.963886261, 18.0413455963, 26.5879364014, 73.2368850708, 67.7551040649, 139.051483154]], "icov": [[0.000177154739504, 0.000196406865143, 0.000217500477447, 7.23374760128e-05, -2.92354907288e-05, -0.000103236729046, 0.000202996234293, 3.89210545109e-05, -0.000133295397973, -7.34326895326e-05, 0.00017313582066, 5.14057428518e-05, -4.02104706154e-05], [0.000196406865143, 0.000834178528748, 0.000325840024743, 3.12560696329e-05, -0.000157941598445, -1.1966096281e-05, -0.000416129420046, 0.000397763506044, -0.000372157868696, 0.000184018135769, 0.000113952861284, -0.000223941649892, -3.3609529055e-05], [0.000217500477447, 0.000325840024743, 0.00119912426453, 0.000303369248286, -0.000396570016164, -0.000269892858341, -4.51735877505e-06, 0.000355050258804, -0.000327939516865, 0.000192215084098, -0.000701269193087, 0.00122733507305, -0.000896852405276], [7.23374760128e-05, 3.12560696329e-05, 0.000303369248286, 0.00297321123071, -0.000521769048646, -0.0013246514136, 0.00134484481532, 0.000521093606949, -0.00116998609155, -0.000444246135885, 0.000740419724025, 0.00147862080485, 0.0002678380406], [-2.92354907288e-05, -0.000157941598445, -0.000396570016164, -0.000521769048646, 0.00345523841679, -7.95959422248e-05, -0.00120513350703, 0.00037186240661, -0.00182084587868, 0.000662291538902, 0.000182297240826, -0.00217019952834, 0.0023532838095], [-0.000103236729046, -1.1966096281e-05, -0.000269892858341, -0.0013246514136, -7.95959422248e-05, 0.00631554890424, -0.00171908480115, -0.00299648242071, 0.0019850123208, -8.83786196937e-05, -0.00221880339086, 0.000561077031307, -0.00109820300713], [0.000202996234293, -0.000416129420046, -4.51735877505e-06, 0.00134484481532, -0.00120513350703, -0.00171908480115, 0.00516472896561, -0.000658258621115, -0.00191919086501, -8.83135271579e-06, 0.00223509245552, 0.000876565754879, -0.0011790022254], [3.89210545109e-05, 0.000397763506044, 0.000355050258804, 0.000521093606949, 0.00037186240661, -0.00299648242071, -0.000658258621115, 0.00780353462324, -0.00264534517191, -0.000602971122134, 0.00117183465045, -0.000238298525801, -0.00143941713031], [-0.000133295397973, -0.000372157868696, -0.000327939516865, -0.00116998609155, -0.00182084587868, 0.0019850123208, -0.00191919086501, -0.00264534517191, 0.012785657309, -0.00435537751764, -0.00367236835882, -0.000837471219711, 0.00116474088281], [-7.34326895326e-05, 0.000184018135769, 0.000192215084098, -0.000444246135885, 0.000662291538902, -8.83786196937e-05, -8.83135271579e-06, -0.000602971122134, -0.00435537751764, 0.00962764862925, -0.00104197976179, -0.00297824153677, 0.000744396122172], [0.00017313582066, 0.000113952861284, -0.000701269193087, 0.000740419724025, 0.000182297240826, -0.00221880339086, 0.00223509245552, 0.00117183465045, -0.00367236835882, -0.00104197976179, 0.0119989039376, -0.00257160933688, -0.00328614446335], [5.14057428518e-05, -0.000223941649892, 0.00122733507305, 0.00147862080485, -0.00217019952834, 0.000561077031307, 0.000876565754879, -0.000238298525801, -0.000837471219711, -0.00297824153677, -0.00257160933688, 0.0134235369042, -0.00574719067663], [-4.02104706154e-05, -3.3609529055e-05, -0.000896852405276, 0.0002678380406, 0.0023532838095, -0.00109820300713, -0.0011790022254, -0.00143941713031, 0.00116474088281, 0.000744396122172, -0.00328614446335, -0.00574719067663, 0.0142852291465]]}, "spectral_contrast_coeffs": {"dmean": [0.0717292055488, 0.0544601194561, 0.0423531495035, 0.0320057421923, 0.027018032968, 0.0339707098901], "dmean2": [0.108765877783, 0.0886952504516, 0.0680252760649, 0.0511204302311, 0.0436413921416, 0.0536393895745], "dvar": [0.00424913549796, 0.00200857897289, 0.00138224521652, 0.000748904654756, 0.000549585092813, 0.001121117617], "dvar2": [0.00937007460743, 0.00501871015877, 0.00322790094651, 0.00171783217229, 0.00131597707514, 0.00262508075684], "max": [-0.284780085087, -0.438018262386, -0.521097302437, -0.580707669258, -0.608230292797, -0.607849895954], "mean": [-0.622258782387, -0.776032030582, -0.800932884216, -0.814445853233, -0.821645259857, -0.789039552212], "median": [-0.639735221863, -0.781077206135, -0.811954140663, -0.823791742325, -0.827148318291, -0.791359901428], "min": [-0.963953435421, -0.969575226307, -0.971478521824, -0.967321455479, -0.9620911479, -0.957751274109], "var": [0.0144496317953, 0.00378085882403, 0.00415037991479, 0.00288224988617, 0.00189394934569, 0.00193486444186]}, "spectral_contrast_valleys": {"dmean": [0.525533854961, 0.64853823185, 0.605584681034, 0.713266074657, 0.88590246439, 1.00070655346], "dmean2": [0.779989600182, 0.960621237755, 0.897403597832, 1.03188061714, 1.27446115017, 1.40294611454], "dvar": [0.278141051531, 0.437755465508, 0.402982294559, 0.657945275307, 1.04295527935, 1.06429123878], "dvar2": [0.448847919703, 0.856807112694, 0.777387738228, 1.3332490921, 2.03438591957, 1.99130356312], "max": [-5.62537956238, -4.69958400726, -5.66671705246, -6.12516450882, -5.