{"lowlevel": {"average_loudness": 0.95328015089, "barkbands_crest": {"dmean": 3.10497808456, "dmean2": 4.76232337952, "dvar": 9.67289924622, "dvar2": 21.2275943756, "max": 26.0929164886, "mean": 12.4624633789, "median": 11.7871608734, "min": 2.46272373199, "var": 23.1510028839}, "barkbands_flatness_db": {"dmean": 0.0285208169371, "dmean2": 0.0421815402806, "dvar": 0.00105112232268, "dvar2": 0.00228598341346, "max": 0.496995896101, "mean": 0.174966171384, "median": 0.154532343149, "min": 0.0194526705891, "var": 0.0076167951338}, "barkbands_kurtosis": {"dmean": 10.9064559937, "dmean2": 17.15026474, "dvar": 827.582397461, "dvar2": 2115.19116211, "max": 714.346984863, "mean": 14.9993238449, "median": 6.60451412201, "min": -1.86855041981, "var": 886.26385498}, "barkbands_skewness": {"dmean": 0.993912220001, "dmean2": 1.48503875732, "dvar": 2.1168191433, "dvar2": 4.99051904678, "max": 23.6823596954, "mean": 2.90479660034, "median": 2.59711527824, "min": -3.24674749374, "var": 4.46926546097}, "barkbands_spread": {"dmean": 6.89949417114, "dmean2": 10.358923912, "dvar": 65.7277679443, "dvar2": 141.540908813, "max": 105.134979248, "mean": 21.6942901611, "median": 18.5299091339, "min": 0.266402184963, "var": 254.159881592}, "dissonance": {"dmean": 0.00875386502594, "dmean2": 0.0143059566617, "dvar": 7.72614730522e-05, "dvar2": 0.000194610838662, "max": 0.500000059605, "mean": 0.480188548565, "median": 0.483106970787, "min": 0.358738571405, "var": 0.000200295413379}, "dynamic_complexity": 2.88076138496, "erbbands_crest": {"dmean": 1.83870613575, "dmean2": 3.02628302574, "dvar": 3.59410309792, "dvar2": 9.83768463135, "max": 25.7113933563, "mean": 6.93023109436, "median": 6.2370672226, "min": 2.51847934723, "var": 7.80421352386}, "erbbands_flatness_db": {"dmean": 0.0127453897148, "dmean2": 0.0192535035312, "dvar": 0.000241929781623, "dvar2": 0.000489092431962, "max": 0.381308764219, "mean": 0.133536741138, "median": 0.109882988036, "min": 0.0439543575048, "var": 0.00358742196113}, "erbbands_kurtosis": {"dmean": 0.64827978611, "dmean2": 1.05985558033, "dvar": 1.27498209476, "dvar2": 3.2191092968, "max": 23.3552131653, "mean": -0.488178521395, "median": -0.997867822647, "min": -1.83761417866, "var": 2.35778737068}, "erbbands_skewness": {"dmean": 0.383386790752, "dmean2": 0.602458357811, "dvar": 0.19193251431, "dvar2": 0.454259365797, "max": 4.59010410309, "mean": -0.0717664957047, "median": -0.144630625844, "min": -3.49589753151, "var": 0.597808003426}, "erbbands_spread": {"dmean": 10.5700244904, "dmean2": 16.2912940979, "dvar": 125.813087463, "dvar2": 301.726959229, "max": 138.306884766, "mean": 63.5828933716, "median": 63.169921875, "min": 5.70966100693, "var": 441.927642822}, "hfc": {"dmean": 6.16005373001, "dmean2": 9.14928722382, "dvar": 95.7183380127, "dvar2": 240.811584473, "max": 102.376647949, "mean": 16.0852012634, "median": 13.0022239685, "min": 1.2117760546e-16, "var": 179.519760132}, "melbands_crest": {"dmean": 3.50417160988, "dmean2": 5.04977989197, "dvar": 10.466711998, "dvar2": 20.4853725433, "max": 37.196182251, "mean": 17.3667430878, "median": 16.3591403961, "min": 1.76569271088, "var": 41.2611618042}, "melbands_flatness_db": {"dmean": 0.0339653305709, "dmean2": 0.0492950677872, "dvar": 0.00144981499761, "dvar2": 0.00297814677469, "max": 0.631023108959, "mean": 0.254410982132, "median": 0.237209022045, "min": 0.00598894059658, "var": 0.0108878342435}, "melbands_kurtosis": {"dmean": 26.5857791901, "dmean2": 40.0495147705, "dvar": 2289.484375, "dvar2": 5153.79589844, "max": 639.383300781, "mean": 48.1149711609, "median": 30.0550079346, "min": -1.69598376751, "var": 3644.59570312}, "melbands_skewness": {"dmean": 1.32837593555, "dmean2": 1.95451843739, "dvar": 2.77042269707, "dvar2": 5.97725152969, "max": 18.6296443939, "mean": 5.22256803513, "median": 4.7507853508, "min": -1.96073901653, "var": 7.25132989883}, "melbands_spread": {"dmean": 6.15222740173, "dmean2": 9.40712451935, "dvar": 83.1053314209, "dvar2": 180.877838135, "max": 185.55291748, "mean": 17.0388088226, "median": 10.9402627945, "min": 0.318170845509, "var": 445.701080322}, "pitch_salience": {"dmean": 0.0870427787304, "dmean2": 0.135005280375, "dvar": 0.0079603632912, "dvar2": 0.0183660592884, "max": 0.930889308453, "mean": 0.492842823267, "median": 0.516517996788, "min": 0.0572506412864, "var": 0.0206428114325}, "silence_rate_20dB": {"dmean": 0, "dmean2": 0, "dvar": 0, "dvar2": 0, "max": 1, "mean": 1, "median": 1, "min": 1, "var": 0}, "silence_rate_30dB": {"dmean": 0.0923462957144, "dmean2": 0.184715777636, "dvar": 0.083818398416, "dvar2": 0.161647126079, "max": 1, "mean": 0.905281662941, "median": 1, "min": 0, "var": 0.0857474133372}, "silence_rate_60dB": {"dmean": 0.00903387740254, "dmean2": 0.0180700216442, "dvar": 0.00895257946104, "dvar2": 0.0205031018704, "max": 1, "mean": 0.0445364452899, "median": 0, "min": 0, "var": 0.0425531230867}, "spectral_centroid": {"dmean": 345.619842529, "dmean2": 553.802978516, "dvar": 159641.296875, "dvar2": 382780.15625, "max": 10960.3046875, "mean": 1412.89355469, "median": 1274.86047363, "min": 153.013046265, "var": 654430.625}, "spectral_complexity": {"dmean": 4.64742803574, "dmean2": 7.12410593033, "dvar": 35.520565033, "dvar2": 81.9784393311, "max": 52, "mean": 16.3291931152, "median": 15, "min": 0, "var": 95.2568511963}, "spectral_decrease": {"dmean": 6.02592864496e-09, "dmean2": 9.38306410347e-09, "dvar": 1.22530277372e-16, "dvar2": 3.06052406191e-16, "max": 7.5125992906e-24, "mean": -1.06429967062e-08, "median": -6.66598376498e-09, "min": -7.66722436651e-08, "var": 1.48322192388e-16}, "spectral_energy": {"dmean": 0.0231248047203, "dmean2": 0.0359355546534, "dvar": 0.00178475060966, "dvar2": 0.00445415824652, "max": 0.293047189713, "mean": 0.0416281037033, "median": 0.0265764705837, "min": 1.10645746687e-20, "var": 0.00217149127275}, "spectral_energyband_high": {"dmean": 0.000441217795014, "dmean2": 0.000721292570233, "dvar": 9.38711707477e-07, "dvar2": 2.65343078354e-06, "max": 0.0128082688898, "mean": 0.000892323208973, "median": 0.00052554969443, "min": 7.96139529156e-21, "var": 1.18663740523e-06}, "spectral_energyband_low": {"dmean": 0.0180578473955, "dmean2": 0.0275969207287, "dvar": 0.00161430961452, "dvar2": 0.00397224212065, "max": 0.280577450991, "mean": 0.0277838818729, "median": 0.0125164175406, "min": 9.08285737247e-23, "var": 0.00191478873603}, "spectral_energyband_middle_high": {"dmean": 0.00091316178441, "dmean2": 0.0013652134221, "dvar": 1.90382854726e-06, "dvar2": 4.37212247562e-06, "max": 0.0192834176123, "mean": 0.00225228932686, "median": 0.00177905347664, "min": 1.61924462122e-21, "var": 4.15312842961e-06}, "spectral_energyband_middle_low": {"dmean": 0.00716599170119, "dmean2": 0.0120521830395, "dvar": 0.000372415524907, "dvar2": 0.00102898001205, "max": 0.190740257502, "mean": 0.0119114713743, "median": 0.00732573121786, "min": 3.8473730846e-22, "var": 0.000345580570865}, "spectral_entropy": {"dmean": 0.168233573437, "dmean2": 0.252830445766, "dvar": 0.0391145907342, "dvar2": 0.0870272517204, "max": 9.80334091187, "mean": 7.5226020813, "median": 7.6572804451, "min": 5.12853765488, "var": 0.318640947342}, "spectral_flux": {"dmean": 0.0448606312275, "dmean2": 0.0696112364531, "dvar": 0.00426150998101, "dvar2": 0.00856435392052, "max": 0.471067667007, "mean": 0.0957217290998, "median": 0.0686486586928, "min": 1.05188281696e-10, "var": 0.00749046634883}, "spectral_kurtosis": {"dmean": 1.68377828598, "dmean2": 2.80200171471, "dvar": 13.0372123718, "dvar2": 33.5922012329, "max": 96.6121826172, "mean": 3.94964170456, "median": 2.91855192184, "min": -1.20849525928, "var": 29.4398841858}, "spectral_rms": {"dmean": 0.00140753819142, "dmean2": 0.00205247011036, "dvar": 4.20163360104e-06, "dvar2": 9.56990061241e-06, "max": 0.0169085692614, "mean": 0.0056281411089, "median": 0.00509198056534, "min": 3.28553005115e-12, "var": 8.93674314284e-06}, "spectral_rolloff": {"dmean": 500.603393555, "dmean2": 819.903991699, "dvar": 781875.75, "dvar2": 1597746.5, "max": 18604.6875, "mean": 1206.44177246, "median": 322.998046875, "min": 43.06640625, "var": 4976777.5}, "spectral_skewness": {"dmean": 0.245017200708, "dmean2": 0.397509127855, "dvar": 0.124827556312, "dvar2": 0.304960280657, "max": 7.59253549576, "mean": 1.3186109066, "median": 1.30104291439, "min": -0.52106410265, "var": 0.304074406624}, "spectral_spread": {"dmean": 519159.625, "dmean2": 765896.75, "dvar": 571610562560, "dvar2": 965246255104, "max": 41505884, "mean": 5203088, "median": 5289574, "min": 644160.375, "var": 3615841583100.0}, "spectral_strongpeak": {"dmean": 0.241814136505, "dmean2": 0.391851514578, "dvar": 0.113931663334, "dvar2": 0.271303862333, "max": 5.50327730179, "mean": 0.463791429996, "median": 0.334936380386, "min": 0, "var": 0.174462348223}, "zerocrossingrate": {"dmean": 0.0114193484187, "dmean2": 0.0126037709415, "dvar": 0.000156998226885, "dvar2": 0.000168822094565, "max": 0.5107421875, "mean": 0.0613302923739, "median": 0.0478515625, "min": 0.00146484375, "var": 0.0035849402193}, "barkbands": {"dmean": [0.00153092807159, 0.0156605634838, 0.00354882585816, 0.00218945997767, 0.0048429579474, 0.000981191755272, 0.000169068298419, 5.12103106303e-05, 7.07880462869e-05, 6.55451440252e-05, 3.84907689295e-05, 6.72217793181e-05, 9.36377400649e-05, 0.000129548905534, 9.76330702542e-05, 0.000179398339242, 0.000173225358594, 0.000131241424242, 0.000158214170369, 0.000283108878648, 0.000207654869882, 8.04223309387e-05, 4.59226321254e-05, 3.30046459567e-05, 2.92394688586e-05, 2.28352382692e-05, 7.00945429344e-06], "dmean2": [0.00197574985214, 0.0241963639855, 0.0061092893593, 0.00373304402456, 0.00821250677109, 0.00156179780606, 0.000252094701864, 8.31304860185e-05, 0.000117153511383, 0.000104531609395, 6.16431061644e-05, 0.000104535909486, 0.000145500351209, 0.000202787763556, 0.000149292609422, 0.000285061687464, 0.000280925829429, 0.000220573012484, 0.000259862223174, 0.000465655262815, 0.000369701738236, 0.00013583272812, 7.43308264646e-05, 5.00756104884e-05, 4.35223046225e-05, 3.43865031027e-05, 9.34610579861e-06], "dvar": [1.01786044979e-05, 0.00136545824353, 7.14394336683e-05, 2.93192479148e-05, 0.000225934258197, 2.28917338063e-06, 2.47280752319e-07, 1.16619993662e-08, 1.61587596637e-08, 1.56165231857e-08, 5.50920820075e-09, 1.49519987502e-08, 2.8942986674e-08, 4.95872320982e-08, 1.73970065021e-08, 8.9514770707e-08, 8.59395044017e-08, 5.70021967405e-08, 7.95200563175e-08, 2.53056498423e-07, 3.12254684331e-07, 3.65700678628e-08, 7.28960358742e-09, 2.45908338137e-09, 1.91069182698e-09, 1.83237125473e-09, 1.82104178958e-10], "dvar2": [1.73968892341e-05, 0.00335554755293, 0.000198775262106, 7.89406549302e-05, 0.000629630521871, 5.85762836636e-06, 5.21577874224e-07, 3.04629494963e-08, 4.13988345827e-08, 4.00451476423e-08, 1.37352618168e-08, 3.39705295005e-08, 6.71054891654e-08, 1.23567360788e-07, 4.2467927841e-08, 2.10253631394e-07, 2.14412509081e-07, 1.48497633745e-07, 2.07596784207e-07, 6.44461920274e-07, 8.99929034404e-07, 1.02603181062e-07, 1.7011164033e-08, 4.93559904058e-09, 3.89823773261e-09, 3.69824304514e-09, 3.24190618795e-10], "max": [0.0237299054861, 0.264032393694, 0.0663477107882, 0.105757310987, 0.15104803443, 0.0237360559404, 0.0052326885052, 0.00204692571424, 0.00156520283781, 0.00200650305487, 0.00116411747877, 0.00200155004859, 0.00364393088967, 0.00393883790821, 0.00190469087102, 0.00551360147074, 0.00801126565784, 0.00305381184444, 0.00333042209968, 0.00764372572303, 0.00606186687946, 0.00389293162152, 0.00225203880109, 0.00136746896897, 0.000617540674284, 0.00066226196941, 0.000182249568752], "mean": [0.00230338820256, 0.0198977515101, 0.00440423982218, 0.00283295125701, 0.00663202768192, 0.0019966783002, 0.000218357745325, 8.71644951985e-05, 0.000111446403025, 0.000122537734569, 5.21329457115e-05, 0.000104740014649, 0.000160757772392, 0.000239104600041, 0.000205220276257, 0.000322441133903, 0.000310783419991, 0.000186548189959, 0.000252881960478, 0.000421814824222, 0.000257884181337, 0.000131102962769, 0.000108420368633, 0.000104542312329, 9.17197176022e-05, 5.61935194128e-05, 1.53255805344e-05], "median": [3.87740037695e-05, 0.00724650686607, 0.00252779223956, 0.00124514498748, 0.00316041498445, 0.00117544585373, 7.92081918917e-05, 4.62444986624e-05, 5.66805210838e-05, 6.18322737864e-05, 2.25140029215e-05, 4.87378856633e-05, 8.39789863676e-05, 0.000141516808071, 0.000142020231578, 0.00020156581013, 0.000205367614399, 9.50163375819e-05, 0.000145894795423, 0.000245744100539, 0.000139892159496, 5.69059957343e-05, 4.26290353062e-05, 6.39545251033e-05, 5.69198200537e-05, 2.45797054959e-05, 4.41075189883e-06], "min": [6.64162585375e-24, 3.64871866046e-23, 1.39653450224e-23, 7.75638208054e-23, 7.38305397269e-23, 7.04239354156e-23, 2.41233570153e-23, 6.07673249917e-23, 7.17545986123e-23, 1.97294333277e-23, 5.21084153537e-23, 2.2212601481e-22, 8.59521259094e-23, 6.48499136791e-23, 1.47866776513e-22, 2.10998191419e-22, 3.03051430679e-22, 2.32572275e-22, 1.81803345463e-22, 2.85824879454e-22, 4.00826511586e-22, 5.57794079751e-22, 7.40477402709e-22, 8.52632471286e-22, 1.11752676309e-21, 1.9924696849e-21, 2.43734401849e-21], "var": [2.18844197661e-05, 0.00144417048432, 5.19769455423e-05, 3.7369227357e-05, 0.000193773812498, 5.78661183681e-06, 2.91608927228e-07, 1.60662523285e-08, 2.3328855292e-08, 2.58878074533e-08, 6.86131018668e-09, 2.69163251687e-08, 5.67640867644e-08, 9.24998246887e-08, 4.52806325768e-08, 1.67457741895e-07, 1.43244065498e-07, 6.88215635591e-08, 1.02232291965e-07, 3.15344806268e-07, 2.12204540162e-07, 4.36051053043e-08, 3.00756219929e-08, 1.54000705521e-08, 1.03453068334e-08, 6.15336182008e-09, 5.6582949437e-10]}, "erbbands": {"dmean": [0.402092427015, 3.87034511566, 5.30461597443, 5.21432876587, 17.5909099579, 12.5779504776, 7.64032077789, 7.41450071335, 3.79516339302, 0.968847453594, 1.37991189957, 1.65140509605, 1.75682890415, 2.03583931923, 1.79042887688, 2.91211986542, 4.45078229904, 6.66229581833, 4.88353872299, 6.8503241539, 10.2868824005, 7.68006849289, 6.16196632385, 7.85253095627, 11.3457632065, 12.5327253342, 9.60063457489, 6.08842325211, 3.14367079735, 2.33385753632, 1.24979138374, 0.832449495792, 0.480494886637, 0.31400680542, 0.246014490724, 0.133117541671, 0.0442830808461, 0.00738626113161, 0.00119659409393, 7.44032440707e-05], "dmean2": [0.541327238083, 6.44019317627, 9.15054512024, 8.79124164581, 30.8140621185, 20.4077396393, 12.0623493195, 11.7471609116, 5.82406425476, 1.55168104172, 2.2121181488, 2.7295768261, 2.90606927872, 3.20911884308, 2.82876777649, 4.42974615097, 6.75952529907, 10.4382553101, 7.48399543762, 10.7872486115, 16.1845283508, 12.3235855103, 10.2016868591, 13.1963634491, 18.1234169006, 20.8156452179, 17.0051441193, 10.7659482956, 5.29440307617, 3.96423578262, 1.99174141884, 1.27325236797, 0.715639710426, 0.463987737894, 0.37049099803, 0.201723247766, 0.0697131752968, 0.0102088879794, 0.00161877297796, 0.000110616223537], "dvar": [0.676027357578, 96.9972686768, 175.599212646, 127.106384277, 3140.76074219, 1172.9309082, 169.225463867, 149.075561523, 88.5996170044, 6.12892484665, 8.25443744659, 8.41359710693, 12.0551671982, 17.9063644409, 12.1686267853, 24.6975593567, 64.8610610962, 140.683197021, 51.1891326904, 93.2191390991, 306.094787598, 161.274627686, 107.230621338, 202.368148804, 370.691131592, 489.500213623, 667.473266602, 219.919036865, 59.3900222778, 20.3650722504, 4.50304841995, 1.51461839676, 0.575017988682, 0.188852265477, 0.141483902931, 0.0542459376156, 0.00731708016247, 0.000212545070099, 5.18237175129e-06, 1.55358517162e-08], "dvar2": [1.14206874371, 250.625579834, 482.718963623, 331.952148438, 9056.91210938, 3132.18457031, 429.146148682, 374.874298096, 196.307342529, 15.2880849838, 21.0571250916, 21.3933753967, 31.6376075745, 45.0734939575, 30.1578826904, 52.3190040588, 141.210968018, 349.77154541, 123.278404236, 224.597290039, 721.364746094, 404.839569092, 280.203704834, 541.408813477, 926.376464844, 1270.6282959, 1927.64331055, 625.699401855, 167.777572632, 54.6736946106, 10.1855688095, 3.23910331726, 1.23103189468, 0.377021074295, 0.314008265734, 0.113863572478, 0.0167743004858, 0.00035976266372, 9.72596262727e-06, 3.28056195542e-08], "max": [6.71271276474, 62.853225708, 86.7502670288, 246.451385498, 572.252258301, 344.921417236, 225.221191406, 162.993530273, 105.564613342, 30.5109291077, 49.6827659607, 43.4382324219, 47.7678756714, 65.2905426025, 69.3072662354, 76.5387115479, 177.68208313, 224.40562439, 123.996002197, 179.015945435, 330.976287842, 343.052581787, 136.60017395, 180.84854126, 277.560241699, 262.812347412, 263.279968262, 171.844726562, 179.868850708, 89.1368103027, 60.7046966553, 35.5939331055, 19.2149085999, 8.31583023071, 4.83369350433, 3.18691420555, 1.18911981583, 0.226419493556, 0.0286552701145, 0.00151098659262], "mean": [0.611521184444, 4.17280817032, 6.25739002228, 7.77123451233, 19.184337616, 20.5626106262, 16.327671051, 14.8135623932, 5.66933917999, 1.60687828064, 2.31534004211, 2.72765469551, 2.87451100349, 3.75305986404, 2.76058554649, 5.01151609421, 8.25925254822, 12.6235647202, 10.7548866272, 13.3872852325, 18.8723449707, 14.3618631363, 10.027680397, 11.922085762, 18.7771015167, 18.1359596252, 11.4467411041, 8.0126543045, 4.88693380356, 4.4924530983, 3.0314848423, 2.33591151237, 1.47906887531, 0.955792725086, 0.678998589516, 0.315812498331, 0.0963503047824, 0.0177957061678, 0.00262652267702, 0.000171074163518], "median": [0.122524403036, 1.51100218296, 3.34265112877, 4.2700009346, 6.62925004959, 10.3086433411, 10.6739587784, 7.55939674377, 2.11621427536, 0.842959821224, 1.15557730198, 1.4596875906, 1.68583595753, 1.4731169939, 1.37689912319, 2.59692621231, 4.54299402237, 7.33191823959, 7.58266496658, 9.66707897186, 12.3574733734, 9.86198234558, 6.30166578293, 6.94479465485, 11.4141044617, 10.2336330414, 6.20151662827, 4.09095859528, 1.95437717438, 1.94647741318, 1.32097971439, 1.29363405704, 0.931969344616, 0.593963205814, 0.407112151384, 0.144430875778, 0.0378329046071, 0.00672507984564, 0.000862313958351, 8.82759995875e-05], "min": [1.25235023571e-21, 7.16035811001e-21, 1.32847767082e-20, 1.52833767384e-19, 2.92289025734e-19, 1.79466049202e-19, 4.19728632657e-19, 6.46900061866e-19, 3.322256676e-19, 7.78605775249e-19, 1.35364095418e-18, 1.5073862229e-18, 1.20704025121e-18, 9.44002503283e-19, 5.9507588334e-18, 6.35011129339e-18, 3.64993858879e-18, 3.71297967764e-18, 4.80952462563e-18, 1.15180996006e-17, 1.11835687357e-17, 1.65136749303e-17, 1.48253331257e-17, 1.09901639823e-17, 8.23069359473e-18, 1.51221354556e-17, 1.50145755062e-17, 1.76548119444e-17, 2.11806709597e-17, 1.90219247756e-17, 1.96869664076e-17, 1.69605658737e-17, 1.47785726056e-17, 1.13801267016e-17, 9.51300800546e-18, 6.89752908302e-18, 3.99782138952e-18, 1.26708973797e-18, 3.4048361845e-19, 3.52229693008e-20], "var": [1.37123382092, 78.031211853, 124.334274292, 185.358200073, 2448.98364258, 1178.65844727, 380.395324707, 390.661987305, 124.097579956, 6.7112455368, 12.0171365738, 12.9353904724, 14.2617912292, 31.3137760162, 16.6131343842, 52.7722244263, 140.383499146, 268.491271973, 127.12550354, 202.681945801, 531.409362793, 257.282592773, 143.545501709, 233.37840271, 531.575622559, 555.869567871, 441.660766602, 171.108230591, 64.6247329712, 47.774143219, 19.4761924744, 8.51194667816, 3.04038023949, 1.13288140297, 0.610104203224, 0.173787012696, 0.0213706046343, 0.00071575131733, 1.57885988301e-05, 4.11413942913e-08]}, "gfcc": {"mean": [-27.2312221527, 83.3301696777, -94.1648712158, 62.0147209167, -28.4347572327, 6.97777223587, -38.3633155823, -3.42557120323, -26.8024616241, 2.47157549858, -12.0388336182, -2.95156335831, -0.415428221226], "cov": [[19954.5507812, -789.584594727, 1459.82800293, 391.993774414, -413.572296143, 637.294250488, -891.884643555, 204.021942139, -640.922119141, 192.916488647, -467.857910156, 319.222381592, -408.083190918], [-789.584594727, 3905.22607422, -968.561523438, 408.361541748, 798.422607422, -683.229125977, 449.555358887, -437.556396484, 273.990692139, -240.994613647, 379.183380127, -390.695922852, 399.643798828], [1459.82800293, -968.561523438, 1041.73291016, -92.3163375854, -83.2360229492, 403.076477051, -154.879135132, 166.965606689, -17.8182907104, 100.49899292, -104.247558594, 193.271484375, -132.440368652], [391.993774414, 408.361541748, -92.3163375854, 380.340057373, 94.6458740234, 7.55403661728, 108.262184143, -4.66944122314, 45.9115333557, -12.0415010452, 46.0840148926, -35.618347168, 57.040851593], [-413.572296143, 798.422607422, -83.2360229492, 94.6458740234, 462.956420898, -176.419845581, 242.551071167, -51.6610374451, 74.5737380981, 27.2083435059, 60.9321746826, -43.5373268127, 61.9627113342], [637.294250488, -683.229125977, 403.076477051, 7.55403661728, -176.419845581, 384.83883667, -118.032707214, 138.278610229, -7.29953956604, 27.3749389648, -43.4000053406, 82.5065307617, -51.7976989746], [-891.884643555, 449.555358887, -154.879135132, 108.262184143, 242.551071167, -118.032707214, 290.686248779, -22.0107078552, 78.9406738281, 4.42047786713, 34.0671844482, -41.017780304, 41.8112449646], [204.021942139, -437.556396484, 166.965606689, -4.66944122314, -51.6610374451, 138.278610229, -22.0107078552, 148.809448242, -2.25576376915, 56.091178894, -32.0960922241, 51.6527442932, -29.474937439], [-640.922119141, 273.990692139, -17.8182907104, 45.9115333557, 74.5737380981, -7.29953956604, 78.9406738281, -2.25576376915, 123.156517029, 4.30827283859, 68.303817749, -21.7561302185, 49.8103141785], [192.916488647, -240.994613647, 100.49899292, -12.0415010452, 27.2083435059, 27.3749389648, 4.42047786713, 56.091178894, 4.30827283859, 110.082176208, -1.44685637951, 55.3310585022, -29.6814937592], [-467.857910156, 379.183380127, -104.247558594, 46.0840148926, 60.9321746826, -43.4000053406, 34.0671844482, -32.0960922241, 68.303817749, -1.44685637951, 122.088310242, -23.1557102203, 73.4778900146], [319.222381592, -390.695922852, 193.271484375, -35.618347168, -43.5373268127, 82.5065307617, -41.017780304, 51.6527442932, -21.7561302185, 55.3310585022, -23.1557102203, 110.142982483, -32.649394989], [-408.083190918, 399.643798828, -132.440368652, 57.040851593, 61.9627113342, -51.7976989746, 41.8112449646, -29.474937439, 49.8103141785, -29.6814937592, 73.4778900146, -32.649394989, 110.318069458]], "icov": [[0.000113468391646, -0.000236094580032, -0.000100737997855, -0.000200545880944, 0.000136221759021, -0.000103408689029, 0.000306755682686, -0.000162895565154, 0.000510143348947, -0.000386926374631, 0.000412715278799, -0.00026613616501, 0.000284831388853], [-0.000236094580032, 0.0020205504261, 0.000124252590467, -0.000232601523749, -0.00201861700043, 0.000924266234506, -0.000130611515488, 0.00184849498328, -0.00165093957912, 0.00219625304453, -0.00242738588713, 0.0025925852824, -0.0020920985844], [-0.000100737997855, 0.000124252590467, 0.00283194053918, 0.000454429566162, -0.00157292315271, -0.00223735370673, 0.00110337906517, 0.000268383417279, -0.00209998106584, 0.000570175703615, 0.00102244515438, -0.00281707732938, 0.00141542614438], [-0.000200545880944, -0.000232601523749, 0.000454429566162, 0.00396745698527, 0.000274903664831, -0.00131721631624, -0.00196299143136, -0.000111559595098, -0.000199207657715, -0.000170842264197, -0.000459401169792, 0.000304904795485, -0.00102355913259], [0.000136221759021, -0.00201861700043, -0.00157292315271, 0.000274903664831, 0.00750213628635, 0.00107380270492, -0.00412301206961, -0.00118582358118, 0.00228572031483, -0.00428624404594, 0.00133487081621, -0.000619991275016, 6.45578184049e-05], [-0.000103408689029, 0.000924266234506, -0.00223735370673, -0.00131721631624, 0.00107380270492, 0.0079891141504, 0.000437449052697, -0.00376168824732, -0.00151109613944, 0.00314960349351, -0.00208921800368, 0.000961331475992, -0.000552854966372], [0.000306755682686, -0.000130611515488, 0.00110337906517, -0.00196299143136, -0.00412301206961, 0.000437449052697, 0.00956079270691, -0.00121566571761, -0.00359991402365, 0.000518885324709, 0.00319346645847, -0.00154639349785, 0.00170063029509], [-0.000162895565154, 0.00184849498328, 0.000268383417279, -0.000111559595098, -0.00118582358118, -0.00376168824732, -0.00121566571761, 0.015431093052, -0.00191500480287, -0.00465666130185, 0.00150175427552, 0.00222364277579, -0.00416606292129], [0.000510143348947, -0.00165093957912, -0.00209998106584, -0.000199207657715, 0.00228572031483, -0.00151109613944, -0.00359991402365, -0.00191500480287, 0.0189585443586, -0.003827115288, -0.00544449454173, 0.00209486042149, -0.00103427108843], [-0.000386926374631, 0.00219625304453, 0.000570175703615, -0.000170842264197, -0.00428624404594, 0.00314960349351, 0.000518885324709, -0.00465666130185, -0.003827115288, 0.0203750636429, -0.00695100659505, -0.00503399595618, 0.00418065860868], [0.000412715278799, -0.00242738588713, 0.00102244515438, -0.000459401169792, 0.00133487081621, -0.00208921800368, 0.00319346645847, 0.00150175427552, -0.00544449454173, -0.00695100659505, 0.0224539265037, -0.00389448576607, -0.00627460330725], [-0.00026613616501, 0.0025925852824, -0.00281707732938, 0.000304904795485, -0.000619991275016, 0.000961331475992, -0.00154639349785, 0.00222364277579, 0.00209486042149, -0.00503399595618, -0.00389448576607, 0.0221178047359, -0.00509675545618], [0.000284831388853, -0.0020920985844, 0.00141542614438, -0.00102355913259, 6.45578184049e-05, -0.000552854966372, 0.00170063029509, -0.00416606292129, -0.00103427108843, 0.00418065860868, -0.00627460330725, -0.00509675545618, 0.0221349131316]]}, "melbands": {"dmean": [0.00396892149001, 0.00366239482537, 0.00122770061716, 0.00124072073959, 0.000266637129243, 0.000168674116139, 5.22101727256e-05, 9.1993215392e-06, 1.16289793368e-05, 1.03987322291e-05, 8.81503547134e-06, 8.6337349785e-06, 5.63267030884e-06, 7.27932410882e-06, 9.51325091592e-06, 9.61195564742e-06, 1.31435990625e-05, 8.01809983386e-06, 6.57309237795e-06, 1.2351039004e-05, 1.34993706524e-05, 9.16125554795e-06, 6.83930011292e-06, 6.6678821895e-06, 6.58312001178e-06, 6.37799439573e-06, 1.20619315567e-05, 7.46639716454e-06, 5.81630229135e-06, 6.23237474429e-06, 2.72659917755e-06, 1.89211357338e-06, 1.45016656461e-06, 1.3231478988e-06, 8.64379671839e-07, 5.77992125272e-07, 4.80510948364e-07, 3.71163025648e-07, 3.23895307019e-07, 3.03633441945e-07], "dmean2": [0.00581909669563, 0.0061668320559, 0.00211444729939, 0.0021010923665, 0.000418285664637, 0.000267366762273, 8.0412333773e-05, 1.53445162141e-05, 1.86768575077e-05, 1.73118387465e-05, 1.45672447616e-05, 1.36628505061e-05, 8.93639298738e-06, 1.14453850983e-05, 1.42359149322e-05, 1.50140740516e-05, 2.05747892323e-05, 1.23941763377e-05, 1.01909508885e-05, 1.97671542992e-05, 2.14280316868e-05, 1.47890714288e-05, 1.11928038677e-05, 1.12799079943e-05, 1.11614817797e-05, 1.03224210761e-05, 1.93948308151e-05, 1.26272489069e-05, 1.03983338704e-05, 1.11525641842e-05, 4.75406022815e-06, 3.20479648508e-06, 2.43304953074e-06, 2.27148780141e-06, 1.41110581353e-06, 8.9984700935e-07, 7.35757737402e-07, 5.77135210733e-07, 4.91820117077e-07, 4.59553689325e-07], "dvar": [7.78931498644e-05, 8.37891930132e-05, 7.53401627662e-06, 1.58359798661e-05, 1.95889285237e-07, 7.15473831292e-08, 1.70559424362e-08, 5.45733402912e-10, 5.16373388493e-10, 3.6000452619e-10, 3.05340058793e-10, 3.26733029521e-10, 1.09519955604e-10, 1.75862324703e-10, 2.85135359768e-10, 2.72562722392e-10, 5.2706627951e-10, 1.39514080844e-10, 8.5609616618e-11, 4.34583230513e-10, 6.1913890681e-10, 2.50745396668e-10, 1.11629032407e-10, 1.54016632781e-10, 1.43049017076e-10, 1.20486745581e-10, 5.35546773595e-10, 1.84458573416e-10, 2.33798785887e-10, 2.93968099863e-10, 3.69153353719e-11, 2.35290172762e-11, 9.12089501148e-12, 6.82921774686e-12, 2.51962426617e-12, 8.38863971776e-13, 5.76449424219e-13, 3.79387141277e-13, 2.36076132601e-13, 1.76704774402e-13], "dvar2": [0.000176378787728, 0.000221986061661, 2.13104030991e-05, 4.36679038103e-05, 5.10151437538e-07, 1.80570268071e-07, 3.80634865849e-08, 1.46804435275e-09, 1.31324895403e-09, 9.28787546872e-10, 8.00194965844e-10, 8.25567503249e-10, 2.68539884773e-10, 4.23051038645e-10, 5.9779770023e-10, 6.4088467866e-10, 1.31778177259e-09, 3.47622014507e-10, 2.11721057353e-10, 1.04106268051e-09, 1.46967649162e-09, 6.33722629928e-10, 2.88479379273e-10, 4.03253680448e-10, 3.85271814451e-10, 3.10767245271e-10, 1.31286803651e-09, 4.93034502114e-10, 6.74847844273e-10, 8.4948992285e-10, 1.0327865646e-10, 6.67162436407e-11, 2.49822749293e-11, 1.84765449468e-11, 6.08348701275e-12, 1.83824396677e-12, 1.28737417861e-12, 8.67604111384e-13, 5.11579114574e-13, 3.87368251625e-13], "max": [0.0709492564201, 0.059101279825, 0.037993054837, 0.0400720648468, 0.00707194628194, 0.00375332031399, 0.00147507491056, 0.000304833636619, 0.000357440876542, 0.00029164145235, 0.000243371192482, 0.000295941019431, 0.000165868434124, 0.000237128624576, 0.00035011980799, 0.000271529279416, 0.000425723963417, 0.000190224774997, 0.000150277439388, 0.000550973520149, 0.00056536361808, 0.000468583923066, 0.00013175503409, 0.000181197116035, 0.000162857686519, 0.000155573099619, 0.000432697124779, 0.000158731330885, 0.00015889799397, 0.000208333367482, 0.000104960774479, 0.000108560161607, 6.31258808426e-05, 5.72062563151e-05, 4.40750009147e-05, 3.11212097586e-05, 1.88902431546e-05, 1.3671110537e-05, 1.11317876872e-05, 8.08831282484e-06], "mean": [0.00563394417986, 0.00426088878885, 0.00164063996635, 0.00159111060202, 0.000615593395196, 0.000340852391673, 7.49578539398e-05, 1.48914787133e-05, 1.96724886337e-05, 1.63849035744e-05, 1.4226597159e-05, 1.56610585691e-05, 8.13194947114e-06, 1.12432508104e-05, 1.61874650075e-05, 1.78499667527e-05, 2.38900502154e-05, 1.6559546566e-05, 1.32625682454e-05, 2.24547620746e-05, 2.28080716624e-05, 1.6112544472e-05, 1.10511191451e-05, 8.95402808965e-06, 9.5461437013e-06, 1.00639654192e-05, 1.90733117051e-05, 9.80168533715e-06, 6.58166663925e-06, 7.14505313226e-06, 3.70355928681e-06, 2.68676876658e-06, 2.46707668339e-06, 2.44861303145e-06, 1.81945154054e-06, 1.50667619891e-06, 1.30766761686e-06, 1.01669047581e-06, 9.49154298269e-07, 7.67460448969e-07], "median": [0.00180906499736, 0.00199940474704, 0.000870817457326, 0.000647562730592, 0.000429597304901, 0.000183588839718, 2.50702069025e-05, 8.11979953141e-06, 1.02288067865e-05, 8.16454576125e-06, 8.24704329716e-06, 5.68555924474e-06, 3.79425978281e-06, 5.13928716828e-06, 7.9969449871e-06, 9.75590592134e-06, 1.35017862704e-05, 1.18304715215e-05, 9.29887301027e-06, 1.44826053656e-05, 1.37779370561e-05, 1.04950022433e-05, 6.88863974574e-06, 4.36698019257e-06, 5.36298921361e-06, 5.64628589927e-06, 1.09339916889e-05, 5.08594439452e-06, 3.34191531692e-06, 3.71071655536e-06, 1.69333202393e-06, 1.03305819721e-06, 9.85721612778e-07, 1.01161049315e-06, 6.87031160851e-07, 8.3834953557e-07, 7.06863374944e-07, 6.17458567831e-07, 5.80389325933e-07, 4.57293964473e-07], "min": [1.08878479587e-23, 7.88180749349e-24, 3.24580321996e-23, 1.49140733232e-23, 1.36665765763e-23, 1.38395153971e-23, 4.75939426756e-24, 1.00416597426e-23, 9.80031563726e-24, 1.03047117223e-23, 6.13088890472e-24, 3.08781792814e-24, 1.3341261383e-23, 2.85492832122e-23, 7.86084509265e-24, 8.56107668631e-24, 6.37293312412e-24, 7.56339641087e-24, 1.11638348907e-23, 1.58569167217e-23, 1.24363976928e-23, 1.63908887798e-23, 1.72707337464e-23, 1.13970497844e-23, 8.81040327515e-24, 5.78307973718e-24, 6.45469342935e-24, 1.08609541127e-23, 8.700742143e-24, 1.12982820325e-23, 9.25268997458e-24, 1.36055376749e-23, 8.28678659412e-24, 1.20123273694e-23, 1.11258236279e-23, 1.20594255209e-23, 9.36878347856e-24, 9.82027776247e-24, 1.03125632549e-23, 9.27061052776e-24], "var": [0.00010792214016, 6.39800709905e-05, 7.71637951402e-06, 1.36025937536e-05, 4.15438165646e-07, 1.8969882376e-07, 2.40663631246e-08, 5.27823562635e-10, 7.79548536833e-10, 5.1028659076e-10, 3.64447222401e-10, 5.78542491692e-10, 1.48993456461e-10, 3.05159786329e-10, 5.98383786965e-10, 5.68759983555e-10, 9.74351044292e-10, 2.98864349935e-10, 1.87223167525e-10, 9.20747644795e-10, 1.00519548241e-09, 3.84150850019e-10, 1.69069105938e-10, 1.77217962527e-10, 1.60778612646e-10, 1.64438074268e-10, 7.40784822373e-10, 1.81254081189e-10, 1.55420426529e-10, 1.89458324029e-10, 3.54802055791e-11, 2.25985948704e-11, 1.54322457591e-11, 1.63242874079e-11, 8.44325824534e-12, 3.90261087335e-12, 2.77572084241e-12, 1.55735461419e-12, 1.20825452508e-12, 7.82238477551e-13]}, "mfcc": {"mean": [-669.138916016, 107.973129272, 8.22413158417, 53.693069458, 29.4569129944, 17.6445884705, 7.81243562698, -4.31438398361, -2.12263846397, 1.09167706966, -8.44219589233, -3.87408447266, -2.37565231323], "cov": [[10526.8691406, -882.031677246, 678.130065918, 244.151901245, -12.9103603363, 204.284591675, -35.7379722595, 18.5892696381, -45.6865348816, -75.7659454346, -113.52734375, -4.90755605698, 30.0979137421], [-882.031677246, 2009.25512695, -560.135620117, 468.694061279, 221.542053223, 8.80101680756, 139.429718018, -97.6357803345, 5.84737157822, 42.310585022, -27.2741203308, 3.92644000053, -16.3552207947], [678.130065918, -560.135620117, 737.961914062, -250.313278198, 87.1823959351, 122.227272034, -80.8265914917, 120.857154846, 7.14612150192, 9.08209705353, 35.3033256531, -0.324325621128, 50.2750930786], [244.151901245, 468.694061279, -250.313278198, 437.032897949, 45.2152519226, 47.8951034546, 114.993530273, -13.9502592087, 53.031414032, 32.0218696594, 8.33308506012, 28.0380992889, -2.85093188286], [-12.9103603363, 221.542053223, 87.1823959351, 45.2152519226, 197.472305298, 48.4422950745, 38.0851745605, 20.3125228882, 14.3309831619, 33.3553466797, 13.0658979416, 19.6481342316, 26.4173641205], [204.284591675, 8.80101680756, 122.227272034, 47.8951034546, 48.4422950745, 136.308410645, 37.216835022, 56.7935523987, 32.5258178711, 15.2204971313, 24.4659900665, 15.5232992172, 18.9777927399], [-35.7379722595, 139.429718018, -80.8265914917, 114.993530273, 38.0851745605, 37.216835022, 122.28011322, 28.4712429047, 43.1851501465, 25.9926738739, 10.9448165894, 24.9470081329, 4.12442493439], [18.5892696381, -97.6357803345, 120.857154846, -13.9502592087, 20.3125228882, 56.7935523987, 28.4712429047, 106.0389328, 45.2033004761, 13.3696250916, 22.3644828796, 6.01671028137, 13.601190567], [-45.6865348816, 5.84737157822, 7.14612150192, 53.031414032, 14.3309831619, 32.5258178711, 43.1851501465, 45.2033004761, 83.6790084839, 36.1602973938, 19.0391216278, 15.87961483, 7.29106616974], [-75.7659454346, 42.310585022, 9.08209705353, 32.0218696594, 33.3553466797, 15.2204971313, 25.9926738739, 13.3696250916, 36.1602973938, 66.9455947876, 28.1464233398, 11.2257509232, 9.45056629181], [-113.52734375, -27.2741203308, 35.3033256531, 8.33308506012, 13.0658979416, 24.4659900665, 10.9448165894, 22.3644828796, 19.0391216278, 28.1464233398, 63.7460327148, 32.2900238037, 10.4093370438], [-4.90755605698, 3.92644000053, -0.324325621128, 28.0380992889, 19.6481342316, 15.5232992172, 24.9470081329, 6.01671028137, 15.87961483, 11.2257509232, 32.2900238037, 64.1197509766, 26.9290981293], [30.0979137421, -16.3552207947, 50.2750930786, -2.85093188286, 26.4173641205, 18.9777927399, 4.12442493439, 13.601190567, 7.29106616974, 9.45056629181, 10.4093370438, 26.9290981293, 56.6562576294]], "icov": [[0.00012481372687, 7.01928438502e-05, -0.000177110734512, -0.000253747304669, 5.01532194903e-05, -0.000108978616481, 1.58532475325e-05, 0.000111235960503, 0.000143743338413, -1.81690520549e-05, 0.00040627605631, -0.00015562432236, 6.74697512295e-05], [7.01928438502e-05, 0.0010255855741, 0.00065801985329, -0.000693363312166, -0.00131569476798, -0.000395630515413, 0.000181949973921, 0.000258935033344, 0.000396878604079, -0.000122041128634, 0.000314791017445, 0.000405133585446, 2.94485034829e-05], [-0.000177110734512, 0.00065801985329, 0.00393529050052, 0.00138738995884, -0.00224342360161, -0.00251514092088, 0.00245784875005, -0.00242332858033, 0.000363946077414, -0.000510386016686, -0.000586662441492, 0.000644479237963, -0.0010070821736], [-0.000253747304669, -0.000693363312166, 0.00138738995884, 0.00496879266575, -7.12508699507e-05, -0.00179185019806, -0.00190697191283, 0.00100706750527, -0.00200672307983, 3.29523791152e-05, -0.000846430251841, -9.60863617365e-05, -6.20376376901e-05], [5.01532194903e-05, -0.00131569476798, -0.00224342360161, -7.12508699507e-05, 0.00873156636953, -0.00043769745389, -0.00213860650547, 0.000183530079084, 0.00151097320486, -0.00319485506043, 0.00146592676174, -0.00161817518529, -0.00139408546966], [-0.000108978616481, -0.000395630515413, -0.00251514092088, -0.00179185019806, -0.00043769745389, 0.0132073005661, -0.00273017794825, -0.00305404141545, -0.00094169616932, 0.00204370566644, -0.00312925712205, 0.0010986168636, -0.00136954244226], [1.58532475325e-05, 0.000181949973921, 0.00245784875005, -0.00190697191283, -0.00213860650547, -0.00273017794825, 0.0160701964051, -0.00491907680407, -0.00191187986638, -0.00305434921756, 0.00378105975688, -0.00553401140496, 0.00238102767617], [0.000111235960503, 0.000258935033344, -0.00242332858033, 0.00100706750527, 0.000183530079084, -0.00305404141545, -0.00491907680407, 0.019873553887, -0.0091861654073, 0.00496748974547, -0.00523087615147, 0.00535776093602, -0.00249067484401], [0.000143743338413, 0.000396878604079, 0.000363946077414, -0.00200672307983, 0.00151097320486, -0.00094169616932, -0.00191187986638, -0.0091861654073, 0.0239454209805, -0.0111874174327, 0.00381512194872, -0.00438588205725, 0.00173792860005], [-1.81690520549e-05, -0.000122041128634, -0.000510386016686, 3.29523791152e-05, -0.00319485506043, 0.00204370566644, -0.00305434921756, 0.00496748974547, -0.0111874174327, 0.0271529629827, -0.0128856031224, 0.00736380927265, -0.00395825738087], [0.00040627605631, 0.000314791017445, -0.000586662441492, -0.000846430251841, 0.00146592676174, -0.00312925712205, 0.00378105975688, -0.00523087615147, 0.00381512194872, -0.0128856031224, 0.0313959904015, -0.0172163192183, 0.00577133428305], [-0.00015562432236, 0.000405133585446, 0.000644479237963, -9.60863617365e-05, -0.00161817518529, 0.0010986168636, -0.00553401140496, 0.00535776093602, -0.00438588205725, 0.00736380927265, -0.0172163192183, 0.0315712019801, -0.0133807249367], [6.74697512295e-05, 2.94485034829e-05, -0.0010070821736, -6.20376376901e-05, -0.00139408546966, -0.00136954244226, 0.00238102767617, -0.00249067484401, 0.00173792860005, -0.00395825738087, 0.00577133428305, -0.0133807249367, 0.0257830563933]]}, "spectral_contrast_coeffs": {"dmean": [0.0542124584317, 0.0468701533973, 0.0326873026788, 0.0298009850085, 0.024596421048, 0.0248420163989], "dmean2": [0.0862056463957, 0.0752858743072, 0.0527525581419, 0.047281190753, 0.0377066098154, 0.0404747612774], "dvar": [0.00255304179154, 0.00164035661146, 0.00071363162715, 0.000632363546174, 0.000504193420056, 0.00100232416298], "dvar2": [0.00611034687608, 0.00422899518162, 0.00178739638068, 0.00151404866483, 0.00102262338623, 0.00245118909515], "max": [-0.200195387006, -0.415516197681, -0.643926024437, -0.599669873714, -0.547266066074, -0.455982834101], "mean": [-0.65214329958, -0.670412123203, -0.801844954491, -0.769123017788, -0.771617650986, -0.748062908649], "median": [-0.661954879761, -0.665505409241, -0.803194880486, -0.769252538681, -0.773609995842, -0.762158751488], "min": [-0.974577188492, -0.975158512592, -0.974070847034, -0.963252663612, -0.961157619953, -0.957832276821], "var": [0.00786209385842, 0.00745539274067, 0.00227667624131, 0.00262955902144, 0.00260085822083, 0.00314714130946]}, "spectral_contrast_valleys": {"dmean": [0.373089075089, 0.374929755926, 0.392348110676, 0.336870878935, 0.378966361284, 0.28313228488], "dmean2": [0.588679730892, 0.583166897297, 0.59671241045, 0.499270409346, 0.544379115105, 0.419661641121], "dvar": [0.136130869389, 0.128339201212, 0.146018445492, 0.120738916099, 0.22134681046, 0.221094176173], "dvar2": [0.29170769453, 0.271907389164, 0.299889415503, 0.223882973194, 0.442744761705, 0.471981585026], "max": [-4.96988296509, -5.30122470856, -5.80792331696, -6.21447134018, -5.53045