{"lowlevel": {"average_loudness": 0.900945007801, "barkbands_crest": {"dmean": 2.08116078377, "dmean2": 3.17732024193, "dvar": 5.4936003685, "dvar2": 14.2851057053, "max": 26.5779399872, "mean": 13.665148735, "median": 13.038640976, "min": 3.88873314857, "var": 20.5482978821}, "barkbands_flatness_db": {"dmean": 0.0393697917461, "dmean2": 0.0491652749479, "dvar": 0.00127605593298, "dvar2": 0.00245639053173, "max": 0.754702448845, "mean": 0.286295056343, "median": 0.277945935726, "min": 0.0565105825663, "var": 0.014628238976}, "barkbands_kurtosis": {"dmean": 15.2874631882, "dmean2": 22.166229248, "dvar": 1128.05664062, "dvar2": 2434.76342773, "max": 667.502990723, "mean": 24.8087368011, "median": 10.0560417175, "min": -1.87754547596, "var": 2213.24560547}, "barkbands_skewness": {"dmean": 1.12637674809, "dmean2": 1.5537468195, "dvar": 2.22955298424, "dvar2": 4.78406715393, "max": 24.0067062378, "mean": 2.82352018356, "median": 2.30709004402, "min": -2.2998855114, "var": 7.77649688721}, "barkbands_spread": {"dmean": 3.32866454124, "dmean2": 5.04482364655, "dvar": 57.3127441406, "dvar2": 138.492599487, "max": 122.867744446, "mean": 7.53794336319, "median": 4.66868114471, "min": 0.179276496172, "var": 97.083732605}, "dissonance": {"dmean": 0.0415361225605, "dmean2": 0.0652265176177, "dvar": 0.00192301138304, "dvar2": 0.00437398906797, "max": 0.499971836805, "mean": 0.355121850967, "median": 0.351719409227, "min": 0.120771199465, "var": 0.00649419194087}, "dynamic_complexity": 4.38669776917, "erbbands_crest": {"dmean": 2.66428303719, "dmean2": 3.94337725639, "dvar": 10.5370178223, "dvar2": 22.8613185883, "max": 32.8149108887, "mean": 15.005941391, "median": 14.0076141357, "min": 2.57735061646, "var": 47.4229927063}, "erbbands_flatness_db": {"dmean": 0.0385971479118, "dmean2": 0.0466638021171, "dvar": 0.00132807774935, "dvar2": 0.00219671311788, "max": 0.521315157413, "mean": 0.240027800202, "median": 0.237576827407, "min": 0.0373328402638, "var": 0.00978302955627}, "erbbands_kurtosis": {"dmean": 7.93467521667, "dmean2": 11.4336795807, "dvar": 197.518417358, "dvar2": 410.574584961, "max": 373.006317139, "mean": 15.4028558731, "median": 6.29467582703, "min": -1.85008180141, "var": 890.609191895}, "erbbands_skewness": {"dmean": 0.801073670387, "dmean2": 1.09095156193, "dvar": 0.886325836182, "dvar2": 1.81766271591, "max": 13.9071378708, "mean": 2.17698454857, "median": 1.813798666, "min": -2.57379007339, "var": 3.68373584747}, "erbbands_spread": {"dmean": 8.87790107727, "dmean2": 12.9490966797, "dvar": 217.39491272, "dvar2": 452.974151611, "max": 140.660568237, "mean": 19.2483062744, "median": 12.6542263031, "min": 0.584732711315, "var": 376.118621826}, "hfc": {"dmean": 7.38744449615, "dmean2": 11.0154047012, "dvar": 300.808990479, "dvar2": 721.030273438, "max": 143.73425293, "mean": 10.8442440033, "median": 5.17298221588, "min": 1.16990033388e-16, "var": 331.337677002}, "melbands_crest": {"dmean": 2.29547834396, "dmean2": 3.41247010231, "dvar": 7.58273267746, "dvar2": 17.5569820404, "max": 37.2025108337, "mean": 17.4739227295, "median": 17.1070518494, "min": 1.51415479183, "var": 40.2354011536}, "melbands_flatness_db": {"dmean": 0.0418708473444, "dmean2": 0.0515634939075, "dvar": 0.00145177659579, "dvar2": 0.00287261116318, "max": 0.931889355183, "mean": 0.381844520569, "median": 0.37924093008, "min": 0.00296522304416, "var": 0.0234453361481}, "melbands_kurtosis": {"dmean": 22.9186553955, "dmean2": 33.7615699768, "dvar": 2456.51611328, "dvar2": 5405.33251953, "max": 639.053344727, "mean": 34.6252250671, "median": 12.4239902496, "min": -1.75996375084, "var": 4043.19995117}, "melbands_skewness": {"dmean": 1.16534209251, "dmean2": 1.63770902157, "dvar": 2.75352191925, "dvar2": 5.80028533936, "max": 19.4630641937, "mean": 3.07349681854, "median": 2.40818405151, "min": -1.94191873074, "var": 8.0154542923}, "melbands_spread": {"dmean": 2.58183336258, "dmean2": 4.05748128891, "dvar": 65.6557235718, "dvar2": 172.188354492, "max": 179.016540527, "mean": 11.1226787567, "median": 4.69161081314, "min": 0.306749790907, "var": 687.736022949}, "pitch_salience": {"dmean": 0.0588133856654, "dmean2": 0.0904671624303, "dvar": 0.00523831462488, "dvar2": 0.0127252992243, "max": 0.875987589359, "mean": 0.473134696484, "median": 0.467515826225, "min": 0.0896398350596, "var": 0.0209064427763}, "silence_rate_20dB": {"dmean": 0, "dmean2": 0, "dvar": 0, "dvar2": 0, "max": 1, "mean": 1, "median": 1, "min": 1, "var": 0}, "silence_rate_30dB": {"dmean": 0.048192769289, "dmean2": 0.0964320152998, "dvar": 0.0458695180714, "dvar2": 0.0967747718096, "max": 1, "mean": 0.944604992867, "median": 1, "min": 0, "var": 0.0523256026208}, "silence_rate_60dB": {"dmean": 0.0337349399924, "dmean2": 0.0675024092197, "dvar": 0.0325958766043, "dvar2": 0.0706615298986, "max": 1, "mean": 0.160886317492, "median": 0, "min": 0, "var": 0.134998261929}, "spectral_centroid": {"dmean": 78.7409057617, "dmean2": 113.293968201, "dvar": 59376.7890625, "dvar2": 98520.3515625, "max": 11399.6337891, "mean": 623.771972656, "median": 439.160461426, "min": 99.6733169556, "var": 671151.4375}, "spectral_complexity": {"dmean": 1.19807231426, "dmean2": 1.86306655407, "dvar": 4.03836584091, "dvar2": 7.52609062195, "max": 26, "mean": 6.64450883865, "median": 6, "min": 0, "var": 15.9431695938}, "spectral_decrease": {"dmean": 4.92287588472e-09, "dmean2": 7.87087817145e-09, "dvar": 2.18237363881e-16, "dvar2": 5.83975324661e-16, "max": 5.53072024066e-18, "mean": -8.87033468899e-09, "median": -5.99996230477e-09, "min": -1.39773263186e-07, "var": 1.94185294243e-16}, "spectral_energy": {"dmean": 0.0192031636834, "dmean2": 0.0305556152016, "dvar": 0.00322938594036, "dvar2": 0.00862813275307, "max": 0.531685352325, "mean": 0.0344623066485, "median": 0.0232792086899, "min": 1.01189577867e-20, "var": 0.00289379060268}, "spectral_energyband_high": {"dmean": 0.000333687290549, "dmean2": 0.000535026425496, "dvar": 1.00310091966e-06, "dvar2": 2.39206110564e-06, "max": 0.00853742100298, "mean": 0.000271651457297, "median": 1.422495734e-05, "min": 7.72126976806e-21, "var": 9.21669425225e-07}, "spectral_energyband_low": {"dmean": 0.0129011282697, "dmean2": 0.0217782016844, "dvar": 0.00287247472443, "dvar2": 0.00784227717668, "max": 0.514821946621, "mean": 0.0202673636377, "median": 0.0108647607267, "min": 6.86624090142e-23, "var": 0.00219806935638}, "spectral_energyband_middle_high": {"dmean": 0.000240267982008, "dmean2": 0.000333609175868, "dvar": 3.88733127465e-07, "dvar2": 8.91854597285e-07, "max": 0.00976119283587, "mean": 0.000429979583714, "median": 0.000139358744491, "min": 1.35682722644e-21, "var": 6.41805740997e-07}, "spectral_energyband_middle_low": {"dmean": 0.00740556698292, "dmean2": 0.0105997780338, "dvar": 0.000266085815383, "dvar2": 0.000656081596389, "max": 0.23572576046, "mean": 0.0140197640285, "median": 0.00814368389547, "min": 1.7290633236e-22, "var": 0.000353070179699}, "spectral_entropy": {"dmean": 0.421210467815, "dmean2": 0.512378633022, "dvar": 0.191505566239, "dvar2": 0.31650236249, "max": 9.80638408661, "mean": 6.21470022202, "median": 6.07179069519, "min": 3.23463344574, "var": 1.26157915592}, "spectral_flux": {"dmean": 0.0391060002148, "dmean2": 0.0595981478691, "dvar": 0.00529582845047, "dvar2": 0.0118761043996, "max": 0.668222725391, "mean": 0.0632056966424, "median": 0.0350097864866, "min": 1.00593033903e-10, "var": 0.00774628017098}, "spectral_kurtosis": {"dmean": 12.3367300034, "dmean2": 17.2734050751, "dvar": 496.923278809, "dvar2": 1438.83203125, "max": 514.513427734, "mean": 29.1473655701, "median": 10.7970066071, "min": -1.20759510994, "var": 3787.90112305}, "spectral_rms": {"dmean": 0.00112662930042, "dmean2": 0.00160114711616, "dvar": 5.31284103999e-06, "dvar2": 1.290961427e-05, "max": 0.022775368765, "mean": 0.00480426754802, "median": 0.00476565025747, "min": 3.14199838022e-12, "var": 1.05408726085e-05}, "spectral_rolloff": {"dmean": 196.14302063, "dmean2": 352.62298584, "dvar": 1137071.875, "dvar2": 2760699, "max": 19229.1503906, "mean": 1292.20019531, "median": 452.197265625, "min": 21.533203125, "var": 14656914}, "spectral_skewness": {"dmean": 0.853539824486, "dmean2": 1.05371379852, "dvar": 0.67151427269, "dvar2": 1.33013522625, "max": 19.6957397461, "mean": 3.67675042152, "median": 2.92039132118, "min": -0.0698240995407, "var": 8.31090164185}, "spectral_spread": {"dmean": 1542262.875, "dmean2": 1858076.375, "dvar": 3152446750720.0, "dvar2": 5228752535550.0, "max": 41534744, "mean": 4721561, "median": 4048646.5, "min": 235978.859375, "var": 9183848038400.0}, "spectral_strongpeak": {"dmean": 0.382580816746, "dmean2": 0.611786842346, "dvar": 0.426645994186, "dvar2": 0.899809241295, "max": 5.55701780319, "mean": 0.800187289715, "median": 0.44461107254, "min": 0, "var": 0.871295273304}, "zerocrossingrate": {"dmean": 0.00955360475928, "dmean2": 0.0118538867682, "dvar": 0.000301698688418, "dvar2": 0.00037718997919, "max": 0.52099609375, "mean": 0.0485621094704, "median": 0.02197265625, "min": 0.0029296875, "var": 0.0100305778906}, "barkbands": {"dmean": [0.00094899116084, 0.00956883188337, 0.0028736887034, 0.00118033844046, 0.00126953714062, 0.00103429553565, 0.00401031691581, 0.000785770011134, 0.000323557673255, 5.8520497987e-05, 2.43421418418e-05, 6.98261792422e-05, 2.61908535322e-05, 2.80940203083e-05, 2.48116048169e-05, 1.4389754142e-05, 1.42969302033e-05, 2.39729852183e-05, 1.57987051352e-05, 1.00880097307e-05, 1.13714386316e-05, 2.22979033424e-05, 3.24536522385e-05, 3.02670778183e-05, 7.51689512981e-05, 0.000124794663861, 4.08708729083e-05], "dmean2": [0.00145227764733, 0.0165158007294, 0.00482095358893, 0.00208822707646, 0.00202028988861, 0.00147059361916, 0.0056270705536, 0.00110785651486, 0.000443764030933, 8.57155246194e-05, 4.12365916418e-05, 9.9046221294e-05, 4.22560733568e-05, 4.17246628786e-05, 3.7153797166e-05, 2.0434088583e-05, 2.18776713155e-05, 3.59915138688e-05, 2.3605507522e-05, 1.54060817295e-05, 1.62524556799e-05, 3.39267789968e-05, 5.04432864545e-05, 4.75904198538e-05, 0.000124292768305, 0.000207049786695, 6.8057946919e-05], "dvar": [1.4430099327e-05, 0.00175256817602, 0.000115230039228, 2.92421664199e-05, 2.66420374828e-05, 7.5419679888e-06, 7.74623695179e-05, 5.387211786e-06, 1.73323735453e-06, 4.6467555137e-08, 9.07765773661e-09, 4.65516798442e-08, 1.29909052404e-08, 8.17318923652e-09, 6.34032648605e-09, 1.48969325764e-09, 1.72873615423e-09, 8.82633877097e-09, 1.82009385341e-09, 8.67532379267e-10, 9.21804965692e-10, 3.1503162301e-09, 7.50367146196e-09, 7.24626891824e-09, 5.22809955328e-08, 1.862910608e-07, 2.1175862841e-08], "dvar2": [3.1337949622e-05, 0.00489831669256, 0.000316085963277, 8.56815386214e-05, 6.8078545155e-05, 1.89230031538e-05, 0.00015477303532, 1.17640993267e-05, 2.89332024295e-06, 9.89733734968e-08, 2.49798688401e-08, 1.03681038865e-07, 3.44369688321e-08, 1.92322868742e-08, 1.45487017988e-08, 2.62062682665e-09, 4.15482226401e-09, 1.89911251169e-08, 3.80711151493e-09, 1.83626680528e-09, 1.89709292719e-09, 7.7226616213e-09, 1.85182607026e-08, 1.81343509098e-08, 1.27242984149e-07, 4.59196172642e-07, 5.19584020253e-08], "max": [0.0391180180013, 0.433087706566, 0.120867043734, 0.0703115165234, 0.0824034959078, 0.0533282570541, 0.11293964833, 0.0414852835238, 0.03534501791, 0.0047851363197, 0.00167329842225, 0.00447416258976, 0.00178610684816, 0.00193619634956, 0.0011756522581, 0.000741752213798, 0.000725655816495, 0.00193961185869, 0.000702776655089, 0.00031534221489, 0.000314932549372, 0.00048004015116, 0.000847530085593, 0.000766140117776, 0.00206485833041, 0.00376253365539, 0.0014694040874], "mean": [0.00104776478838, 0.0124857928604, 0.00621504755691, 0.0013773702085, 0.00197297311388, 0.00273409276269, 0.0056396597065, 0.00155569403432, 0.000699615688063, 9.45102510741e-05, 2.53387424891e-05, 0.000136810267577, 2.78075531241e-05, 4.39516697952e-05, 3.41709710483e-05, 2.19410558202e-05, 1.55545731104e-05, 3.58168799721e-05, 1.99396035896e-05, 1.08243666546e-05, 1.22649071272e-05, 2.08455094253e-05, 2.88100527541e-05, 2.60853958025e-05, 5.7481272961e-05, 9.20824240893e-05, 3.0051003705e-05], "median": [0.000192963547306, 0.00575246522203, 0.00265789916739, 9.49534078245e-05, 0.000559125212021, 0.0014311830746, 0.00150608201511, 0.000347496330505, 9.61388286669e-05, 1.8650185666e-05, 4.86398494104e-06, 3.98976480938e-05, 3.91585217585e-06, 9.48500201048e-06, 4.7275725592e-06, 2.42202054324e-06, 1.95139455172e-06, 3.42483485838e-06, 1.87983937394e-06, 1.01356749838e-06, 1.08161509615e-06, 2.88523642666e-06, 3.42198336512e-06, 2.20902438741e-06, 1.42852536555e-06, 7.30410420147e-07, 2.18379298644e-07], "min": [9.28863994375e-24, 4.59583232079e-23, 7.37030219393e-24, 1.22824609535e-23, 7.2996912543e-24, 2.20261071899e-23, 7.15652341297e-23, 4.33309872532e-23, 1.08959582376e-23, 2.25297664789e-23, 6.24256431431e-23, 9.41787019061e-23, 7.5570255702e-23, 8.53041681837e-23, 1.08115494897e-22, 9.11817057312e-23, 1.94773190622e-22, 1.07681419451e-22, 3.55148259243e-22, 2.3738957718e-22, 5.04161080257e-22, 3.71933704694e-22, 4.71625629249e-22, 7.63718078014e-22, 1.31505268699e-21, 1.93295428216e-21, 2.43129243298e-21], "var": [1.44788800753e-05, 0.00120207981672, 0.000118857744383, 1.88510039152e-05, 2.66209808615e-05, 1.46157381096e-05, 0.000128921383293, 1.1582778825e-05, 7.10657150194e-06, 9.20181761899e-08, 7.19601578325e-09, 9.47830258724e-08, 1.06742952255e-08, 1.26394423816e-08, 8.80821726668e-09, 4.2579659798e-09, 2.00520822169e-09, 1.69127396532e-08, 3.5459435388e-09, 1.13418519021e-09, 1.31783639556e-09, 3.08025338569e-09, 7.0122192497e-09, 6.46230668977e-09, 4.48358967731e-08, 1.53669930114e-07, 1.74297394295e-08]}, "erbbands": {"dmean": [0.281495153904, 2.09269356728, 3.77367019653, 3.20824956894, 5.35291290283, 2.60122919083, 6.11494016647, 10.0828132629, 54.2562980652, 34.9098472595, 16.2994422913, 6.09235954285, 5.56649923325, 1.66951048374, 1.3662198782, 2.56613254547, 1.25964224339, 1.08026492596, 1.66445064545, 0.868180096149, 0.878370821476, 0.805526256561, 1.30516278744, 0.883114337921, 0.692293524742, 0.451789230108, 0.438118338585, 0.434334218502, 0.758540630341, 1.14270544052, 0.853625655174, 0.624530434608, 0.552475452423, 0.603597223759, 0.677408277988, 0.502948224545, 0.23456223309, 0.0532147660851, 0.00715044280514, 0.000355348864105], "dmean2": [0.499053925276, 3.56358933449, 6.41896390915, 5.46210193634, 9.14283561707, 4.1072473526, 10.2737417221, 13.8819952011, 77.6984558105, 46.6007041931, 22.9454879761, 8.70967197418, 7.32370138168, 2.39851593971, 2.05692148209, 3.63524127007, 1.96211600304, 1.6290422678, 2.4096186161, 1.34333825111, 1.2129445076, 1.22748672962, 1.94934546947, 1.27851390839, 1.05247330666, 0.678558349609, 0.6246727705, 0.640132963657, 1.14959597588, 1.77729606628, 1.34487009048, 0.984716832638, 0.879207134247, 0.990087926388, 1.1287214756, 0.836005926132, 0.388222366571, 0.0876796916127, 0.0119570754468, 0.00058966508368], "dvar": [1.72575414181, 79.6322021484, 217.39263916, 111.701774597, 630.221740723, 91.9507217407, 451.736358643, 581.787475586, 15250.8330078, 8276.65820312, 2246.50732422, 466.143707275, 761.095947266, 46.2506790161, 18.3138904572, 57.104095459, 24.9853153229, 8.86460018158, 30.5186386108, 5.82585144043, 5.94480323792, 5.0740032196, 23.1868839264, 5.97054958344, 3.04741835594, 1.60132813454, 1.21751916409, 1.45199644566, 3.84745573997, 9.33850193024, 5.41914081573, 3.00905537605, 2.60299277306, 3.27301430702, 4.53844070435, 2.89300537109, 0.662754416466, 0.0377351008356, 0.00064005330205, 1.40131896842e-06], "dvar2": [4.88702058792, 221.343109131, 600.723205566, 309.861175537, 1745.57739258, 229.690124512, 1255.12365723, 1392.47570801, 31627.9121094, 14991.640625, 4684.96240234, 890.826843262, 1125.40429688, 98.5752334595, 45.6274185181, 124.501480103, 64.239074707, 21.7463188171, 70.937538147, 13.655667305, 9.99530792236, 12.1370563507, 49.9937477112, 12.4705114365, 6.62764358521, 3.27745938301, 2.38243246078, 3.1623404026, 9.48109722137, 22.6122398376, 13.845492363, 7.59558391571, 6.4777007103, 8.01835918427, 11.1011991501, 7.19469499588, 1.62084710598, 0.0917410477996, 0.00158525828738, 3.44796103491e-06], "max": [13.9642162323, 89.4068908691, 152.475997925, 109.75012207, 393.189086914, 132.517944336, 372.257751465, 411.973449707, 1699.61425781, 1715.17224121, 712.272827148, 401.292297363, 862.625915527, 182.947280884, 75.2930679321, 119.922035217, 83.445350647, 36.3848342896, 95.9770812988, 28.4549503326, 51.1877746582, 32.8640670776, 82.9144134521, 39.2190704346, 18.1338806152, 13.9075717926, 11.8830442429, 12.9314823151, 16.9085330963, 31.8635406494, 24.1749515533, 17.0680389404, 15.6088466644, 16.4099445343, 19.3180770874, 14.1664457321, 7.33925485611, 1.99552893639, 0.23723462224, 0.00994413159788], "mean": [0.356604546309, 2.82047986984, 7.37045478821, 5.59060335159, 6.65574550629, 4.79403734207, 11.2980556488, 25.8134803772, 74.6786346436, 61.6584739685, 32.7601852417, 12.9999074936, 12.9025478363, 2.87225604057, 2.41642737389, 4.97822999954, 1.55965125561, 1.66216874123, 2.58469700813, 1.13861095905, 1.37055230141, 0.965900123119, 1.98443686962, 1.20706307888, 0.818995177746, 0.50988817215, 0.479645878077, 0.459444254637, 0.711847543716, 1.02850723267, 0.749125659466, 0.549331367016, 0.463613420725, 0.470383614302, 0.510094940662, 0.368162691593, 0.174466356635, 0.0397779010236, 0.00523351272568, 0.000284135516267], "median": [0.161178022623, 1.38005638123, 3.50351977348, 1.40122997761, 1.31750786304, 1.11975502968, 4.52997875214, 13.542678833, 23.6370239258, 15.894777298, 7.54562616348, 2.82119464874, 1.36249828339, 0.600131392479, 0.814138293266, 1.43398940563, 0.382619738579, 0.422546058893, 0.451728582382, 0.176734983921, 0.163118183613, 0.134408056736, 0.183606863022, 0.12349241972, 0.0954746976495, 0.0571510642767, 0.0519898161292, 0.0383061990142, 0.102389350533, 0.116419158876, 0.0902843475342, 0.0556816570461, 0.0341410413384, 0.0149945430458, 0.0103908330202, 0.00452017225325, 0.00107013387606, 0.000199882721063, 5.30771139893e-05, 3.27887100866e-05], "min": [2.80242975419e-21, 4.1058878772e-21, 5.54592450533e-21, 3.68027065562e-20, 2.45908113753e-20, 1.92471099115e-20, 5.78886066577e-20, 2.74911227685e-19, 5.34678536112e-19, 1.46830080159e-18, 7.87947125907e-19, 2.68434584434e-19, 4.73434548848e-19, 2.00621573355e-18, 2.013936017e-18, 4.20530434334e-18, 3.50530399074e-18, 4.18093394813e-18, 5.06413081818e-18, 4.68991844496e-18, 6.4632389955e-18, 1.00736917042e-17, 7.34110634086e-18, 1.45696615245e-17, 1.48301307732e-17, 1.1020092204e-17, 1.55638829899e-17, 2.11168771365e-17, 1.33362624393e-17, 1.56127892165e-17, 1.24659038259e-17, 1.58328473836e-17, 1.26262776031e-17, 1.29724493807e-17, 1.00862400341e-17, 5.88988371699e-18, 3.92965550319e-18, 1.57337197133e-18, 3.49019993125e-19, 3.45294720612e-20], "var": [1.13275074959, 56.0263595581, 187.373458862, 116.24647522, 465.304138184, 127.555938721, 474.728515625, 1226.56225586, 21738.0371094, 23476.6015625, 5078.32666016, 1514.03967285, 3517.85375977, 98.8096466064, 28.7910919189, 119.442047119, 22.21068573, 12.9663476944, 43.5544815063, 7.16031837463, 18.4920215607, 6.12978410721, 47.8280677795, 11.3484830856, 4.50654220581, 2.26087665558, 1.85735440254, 1.902374506, 3.69006609917, 9.05773258209, 4.68505001068, 2.65245962143, 2.30081582069, 2.81692838669, 3.81889486313, 2.3560397625, 0.55460703373, 0.0316563285887, 0.000518390152138, 1.15542047752e-06]}, "gfcc": {"mean": [-164.029693604, 110.972671509, -57.0734558105, 2.1541891098, -66.5789260864, -1.12370502949, -37.3227653503, 6.08375835419, -3.2958407402, 8.6690826416, 0.438448548317, 5.1212272644, -13.1558866501], "cov": [[50665.4960938, 5950.37646484, -617.513061523, -91.2700195312, -1944.5045166, -342.376464844, -1353.10461426, 416.061126709, 51.5932540894, 532.039001465, 12.8265066147, 101.582572937, -1134.22705078], [5950.37646484, 5391.27197266, 1282.4284668, 618.279052734, 944.400268555, 294.90725708, 496.104125977, -11.8366994858, 306.628936768, -423.319458008, 25.1620254517, -412.22543335, 0.587388217449], [-617.513061523, 1282.4284668, 2417.60791016, 1199.58276367, 1150.9197998, 672.12121582, 704.269226074, 172.778640747, -0.378078699112, -192.409057617, -322.469421387, -283.148529053, -50.5728607178], [-91.2700195312, 618.279052734, 1199.58276367, 1132.61645508, 914.742248535, 518.181396484, 487.293395996, 224.315734863, -0.68495452404, -87.8979187012, -184.403564453, -182.135696411, -131.311035156], [-1944.5045166, 944.400268555, 1150.9197998, 914.742248535, 1243.71191406, 504.195465088, 585.532348633, 199.596878052, 18.5726947784, -176.818008423, -201.026245117, -235.142822266, -44.3434181213], [-342.376464844, 294.90725708, 672.12121582, 518.181396484, 504.195465088, 416.063659668, 296.546783447, 111.002449036, -3.88756513596, -55.7690238953, -126.969474792, -92.6097412109, -51.9998779297], [-1353.10461426, 496.104125977, 704.269226074, 487.293395996, 585.532348633, 296.546783447, 426.436798096, 149.284927368, 19.6105728149, -113.07963562, -119.300552368, -128.616363525, -3.24769210815], [416.061126709, -11.8366994858, 172.778640747, 224.315734863, 199.596878052, 111.002449036, 149.284927368, 201.664932251, 53.0607872009, 18.9903945923, -66.1902770996, -38.5310821533, -62.9911384583], [51.5932540894, 306.628936768, -0.378078699112, -0.68495452404, 18.5726947784, -3.88756513596, 19.6105728149, 53.0607872009, 154.742675781, 38.2775421143, 32.8896484375, -36.7236633301, -11.3407945633], [532.039001465, -423.319458008, -192.409057617, -87.8979187012, -176.818008423, -55.7690238953, -113.07963562, 18.9903945923, 38.2775421143, 164.158813477, 50.2431945801, 38.5561485291, -52.0511360168], [12.8265066147, 25.1620254517, -322.469421387, -184.403564453, -201.026245117, -126.969474792, -119.300552368, -66.1902770996, 32.8896484375, 50.2431945801, 159.561279297, 66.7778930664, -0.722206830978], [101.582572937, -412.22543335, -283.148529053, -182.135696411, -235.142822266, -92.6097412109, -128.616363525, -38.5310821533, -36.7236633301, 38.5561485291, 66.7778930664, 123.537246704, 19.5797042847], [-1134.22705078, 0.587388217449, -50.5728607178, -131.311035156, -44.3434181213, -51.9998779297, -3.24769210815, -62.9911384583, -11.3407945633, -52.0511360168, -0.722206830978, 19.5797042847, 123.396362305]], "icov": [[0.000110881279397, -0.000347571331076, 2.02282353712e-05, -8.19649285404e-05, 0.000294544850476, -3.42200473824e-05, 0.000486048986204, -0.00057445425773, 0.000637942866888, -0.000603728636634, 0.000778090266977, -0.000610462913755, 0.00065827020444], [-0.000347571331076, 0.0015651244903, -0.000287437142106, 0.000330318260239, -0.000973679940216, -1.68030601344e-05, -0.00112741359044, 0.00176836724859, -0.00277604418807, 0.00339552946389, -0.00361288222484, 0.00320242578164, -0.00180458719842], [2.02282353712e-05, -0.000287437142106, 0.00142773229163, -0.000949952285737, 0.00018044465105, -6.9803725637e-05, -0.00154141907115, 0.001592742512, -0.000241580724833, -0.00105655461084, 0.00228932895698, -0.000942309736274, 0.000264520174824], [-8.19649285404e-05, 0.000330318260239, -0.000949952285737, 0.00406605703756, -0.00158309738617, -0.00160085991956, -5.00457681483e-05, -0.00115306302905, 0.000500371155795, 0.000706755614374, -0.00179595022928, 0.00101985922083, 0.00152088934556], [0.000294544850476, -0.000973679940216, 0.00018044465105, -0.00158309738617, 0.00418893015012, -0.000840277643874, -0.000736757821869, -0.001610682928, 0.00197672168724, -0.000931385904551, 0.0017798190238, 0.00039668023237, 0.00114721502177], [-3.42200473824e-05, -1.68030601344e-05, -6.9803725637e-05, -0.00160085991956, -0.000840277643874, 0.00794852990657, -0.00393433123827, 0.00313429464586, -0.00150357792154, -0.00134006759617, 0.00400985078886, -0.00388952996582, 0.00243460084312], [0.000486048986204, -0.00112741359044, -0.00154141907115, -5.00457681483e-05, -0.000736757821869, -0.00393433123827, 0.0161861758679, -0.0113613149151, 0.00484511721879, 0.00192147656344, -0.00305555853993, 0.00414429046214, -0.00292805349454], [-0.00057445425773, 0.00176836724859, 0.001592742512, -0.00115306302905, -0.001610682928, 0.00313429464586, -0.0113613149151, 0.0196807030588, -0.0106703722849, 0.000230773977819, 0.00620144605637, -0.00541385868564, 0.00463865278289], [0.000637942866888, -0.00277604418807, -0.000241580724833, 0.000500371155795, 0.00197672168724, -0.00150357792154, 0.00484511721879, -0.0106703722849, 0.0175525471568, -0.00783553160727, -0.0016507031396, 0.00349166826345, -0.00118797388859], [-0.000603728636634, 0.00339552946389, -0.00105655461084, 0.000706755614374, -0.000931385904551, -0.00134006759617, 0.00192147656344, 0.000230773977819, -0.00783553160727, 0.0190902426839, -0.0096935397014, 0.00665633799508, 0.000242167894612], [0.000778090266977, -0.00361288222484, 0.00228932895698, -0.00179595022928, 0.0017798190238, 0.00400985078886, -0.00305555853993, 0.00620144605637, -0.0016507031396, -0.0096935397014, 0.0260890219361, -0.0181662905961, 0.0104055162519], [-0.000610462913755, 0.00320242578164, -0.000942309736274, 0.00101985922083, 0.00039668023237, -0.00388952996582, 0.00414429046214, -0.00541385868564, 0.00349166826345, 0.00665633799508, -0.0181662905961, 0.0295758247375, -0.0107490140945], [0.00065827020444, -0.00180458719842, 0.000264520174824, 0.00152088934556, 0.00114721502177, 0.00243460084312, -0.00292805349454, 0.00463865278289, -0.00118797388859, 0.000242167894612, 0.0104055162519, -0.0107490140945, 0.0213785879314]]}, "melbands": {"dmean": [0.00261980271898, 0.00229623285122, 0.000649930152576, 0.000285893649561, 0.000185857672477, 0.000214886837057, 0.00084632349899, 0.000321354455082, 0.000115060312964, 3.94786438846e-05, 2.7416190278e-05, 6.58539556753e-06, 3.82505913876e-06, 8.26859377412e-06, 4.58005843029e-06, 2.24388668357e-06, 2.0108100216e-06, 2.87624084194e-06, 1.62687433658e-06, 9.19503690966e-07, 1.04561888747e-06, 7.73444355673e-07, 1.08550523237e-06, 1.27278781292e-06, 6.56776364849e-07, 6.5848075792e-07, 4.54970631836e-07, 2.53241779546e-07, 2.71526772622e-07, 2.83499161924e-07, 2.3578492403e-07, 3.71080403738e-07, 5.54808934794e-07, 6.70841245665e-07, 5.16897955549e-07, 3.90594578903e-07, 3.75899645633e-07, 3.73877696802e-07, 4.2336205297e-07, 5.23202913882e-07], "dmean2": [0.00451577082276, 0.00390290515497, 0.00111841713078, 0.000473261083243, 0.000310342322337, 0.000297202816, 0.00120335421525, 0.000426793820225, 0.000166128607816, 5.49195101485e-05, 3.6049677874e-05, 9.5411833172e-06, 6.14569489699e-06, 1.15264028864e-05, 6.98126541465e-06, 3.47589548255e-06, 3.03155707115e-06, 4.18117269874e-06, 2.46499439527e-06, 1.43447334722e-06, 1.44397222357e-06, 1.20304798656e-06, 1.62748096955e-06, 1.91646563508e-06, 9.51536605953e-07, 9.80626282399e-07, 7.2446238164e-07, 3.77393860163e-07, 3.90662222571e-07, 4.20277473268e-07, 3.48278973661e-07, 5.76747652303e-07, 8.62659248924e-07, 1.05129447547e-06, 8.16632848455e-07, 6.25332461368e-07, 5.95747906118e-07, 5.93607239807e-07, 6.90997524089e-07, 8.61092928517e-07], "dvar": [0.000137855080538, 8.58592393342e-05, 5.81962012802e-06, 1.43262036545e-06, 4.52476371038e-07, 2.79428007843e-07, 3.65046116713e-06, 7.13030033239e-07, 1.16827834518e-07, 2.39041817451e-08, 1.89880520196e-08, 8.30362334447e-10, 1.59229740504e-10, 7.46007366992e-10, 2.89933105302e-10, 5.98388422146e-11, 2.9590205286e-11, 1.05556230423e-10, 2.92120078127e-11, 5.39344914216e-12, 9.09310300667e-12, 5.20286634956e-12, 1.19882289859e-11, 3.99992435007e-11, 2.84455922359e-12, 3.23932439032e-12, 1.91021851115e-12, 4.82274810365e-13, 4.60986012817e-13, 6.82010871389e-13, 4.22037025553e-13, 9.81879616675e-13, 1.99771210858e-12, 3.35075673805e-12, 2.02494141247e-12, 1.16421130548e-12, 1.19302614662e-12, 1.23141460136e-12, 1.64969394482e-12, 2.48222059226e-12], "dvar2": [0.00038288423093, 0.000237320025917, 1.64722114278e-05, 3.78278491553e-06, 1.23532936414e-06, 6.71983912071e-07, 7.48482898416e-06, 1.31898798372e-06, 2.45782132424e-07, 4.06454425672e-08, 2.79294116723e-08, 1.75287184767e-09, 4.32051061594e-10, 1.64044555717e-09, 7.20585813241e-10, 1.51166260065e-10, 7.28723262289e-11, 2.46930031977e-10, 6.70494562649e-11, 1.2258373136e-11, 1.50875492655e-11, 1.25864891426e-11, 2.67244108787e-11, 8.58580914698e-11, 5.8147540602e-12, 7.05525264946e-12, 4.29531236967e-12, 9.76183218461e-13, 9.48967575527e-13, 1.51178971685e-12, 9.06894947594e-13, 2.41863235169e-12, 4.9832594648e-12, 8.0551294801e-12, 5.19382583816e-12, 3.02499041441e-12, 3.03100079757e-12, 3.10388412021e-12, 4.08291889881e-12, 6.13100455821e-12], "max": [0.124822944403, 0.0906629413366, 0.0311434976757, 0.0184444002807, 0.0116297220811, 0.0094037707895, 0.0260715615004, 0.0156843401492, 0.00460690353066, 0.00377183314413, 0.00431458791718, 0.000804132898338, 0.000179295617272, 0.000658062519506, 0.000293467077427, 9.5980023616e-05, 6.70615845593e-05, 0.000206167329452, 6.65746192681e-05, 2.30717832892e-05, 6.62133825244e-05, 2.59044136328e-05, 5.87693903071e-05, 0.000151760468725, 2.96176567645e-05, 2.62230678345e-05, 1.48139233715e-05, 8.08982531453e-06, 7.68898189563e-06, 1.02505291579e-05, 6.62190950607e-06, 8.67401286087e-06, 1.30104890559e-05, 2.19134362851e-05, 1.82029652933e-05, 1.0575991837e-05, 1.16871906357e-05, 1.14559297799e-05, 1.17317522381e-05, 1.5426414393e-05], "mean": [0.0033956693951, 0.00389313744381, 0.00105521571822, 0.000421387812821, 0.000332993484335, 0.000562651141081, 0.00118690752424, 0.000591747579165, 0.000220195070142, 8.58906714711e-05, 6.30766517133e-05, 1.02390295069e-05, 5.44045406059e-06, 1.68846836459e-05, 6.19222646492e-06, 2.73179307442e-06, 3.07327650262e-06, 4.44860916105e-06, 2.17692695514e-06, 1.179542096e-06, 1.62172466389e-06, 8.22658535071e-07, 1.51996778186e-06, 1.83446593383e-06, 8.72197517765e-07, 8.12214238977e-07, 4.57163963574e-07, 2.86625947865e-07, 2.91681516273e-07, 2.9494023579e-07, 2.46060949394e-07, 3.49259295263e-07, 5.07736785949e-07, 5.97600774199e-07, 4.50588458989e-07, 3.38390947263e-07, 3.27786040089e-07, 3.14356924491e-07, 3.40390613474e-07, 4.01414752105e-07], "median": [0.00144778541289, 0.00214444589801, 0.000300507992506, 7.83916766522e-05, 0.000122245357488, 0.000286375870928, 0.000383468257496, 0.000159301125677, 3.95195784222e-05, 1.3462795323e-05, 5.96794188823e-06, 1.64721745932e-06, 1.77296647053e-06, 4.87032093588e-06, 1.30967441692e-06, 5.53574636797e-07, 6.85582563165e-07, 6.35932281057e-07, 2.74702813385e-07, 1.54572859401e-07, 1.51470175069e-07, 8.51017105674e-08, 1.38504049119e-07, 1.47219367364e-07, 8.04020601208e-08, 8.71548238024e-08, 3.68692312236e-08, 2.96726234694e-08, 3.47245006083e-08, 1.96944949238e-08, 1.73837939599e-08, 5.02668697777e-08, 6.91885588822e-08, 6.3269666839e-08, 5.45635217009e-08, 3.89962480085e-08, 2.99020470607e-08, 2.44467823762e-08, 1.41502098927e-08, 1.14876570478e-08], "min": [1.68336906054e-23, 3.59293680702e-24, 5.62095462166e-24, 1.28973305003e-24, 2.03716110696e-24, 5.57751875692e-24, 1.00903016949e-23, 1.50995771205e-23, 5.44962034393e-24, 1.52879488216e-24, 2.22008099037e-24, 7.58247658958e-24, 6.65302331611e-24, 9.17787125088e-24, 1.18214159306e-23, 6.34538807346e-24, 8.24001187561e-24, 7.80001208394e-24, 7.97954893736e-24, 5.1056063862e-24, 7.87728416505e-24, 9.89173672757e-24, 9.84475690522e-24, 5.23016239554e-24, 1.24482747826e-23, 1.48682925694e-23, 9.59519050266e-24, 5.93402551038e-24, 7.9844091094e-24, 1.26886115126e-23, 1.1752960159e-23, 7.07013746405e-24, 7.68391621338e-24, 9.27224583642e-24, 6.6737506364e-24, 7.47938824649e-24, 1.03623514221e-23, 8.80600064244e-24, 8.78536483002e-24, 1.16753875219e-23], "var": [9.55433060881e-05, 6.64101244183e-05, 4.94290179631e-06, 1.34769459237e-06, 4.70901710514e-07, 6.1517158656e-07, 5.34774244443e-06, 2.01484135687e-06, 2.54753928175e-07, 9.53494421196e-08, 8.84141897473e-08, 1.77652748068e-09, 1.57630491993e-10, 1.6164610761e-09, 3.13692016807e-10, 6.04362324075e-11, 4.45779212155e-11, 1.49233306268e-10, 3.63279926974e-11, 7.97610068271e-12, 2.9015600686e-11, 5.65780929052e-12, 2.42437458997e-11, 7.18700793323e-11, 5.72054036085e-12, 5.82917568381e-12, 2.18064520434e-12, 7.12045819442e-13, 6.57516955379e-13, 8.69343171669e-13, 5.6661836681e-13, 9.26808976787e-13, 1.88038603785e-12, 3.24625699585e-12, 1.74139869191e-12, 9.56931040484e-13, 1.03145888098e-12, 1.06834712518e-12, 1.42392890014e-12, 2.09560147013e-12]}, "mfcc": {"mean": [-800.070007324, 151.303985596, 47.6087379456, 10.641500473, -1.1880531311, -6.29639339447, -17.0759124756, -1.5863827467, -12.1460132599, 4.3822145462, 11.8562965393, 6.76204061508, 9.96662044525], "cov": [[17126.3339844, 3110.86694336, 961.743286133, 512.514709473, 121.968399048, -104.049423218, -186.092330933, 146.232574463, -121.521385193, 182.664505005, 453.953186035, 225.099304199, 202.889083862], [3110.86694336, 3804.77832031, 681.534423828, 521.738769531, 468.327911377, 309.048492432, 153.422775269, 310.860015869, 130.672393799, 179.371292114, 168.727416992, 71.7671279907, 12.467912674], [961.743286133, 681.534423828, 1231.07617188, 694.231872559, 487.667816162, 506.405426025, 408.464630127, 336.941314697, 320.714202881, 183.418899536, 35.0395584106, -28.1531009674, -41.0979003906], [512.514709473, 521.738769531, 694.231872559, 951.031738281, 679.618469238, 522.31854248, 558.409973145, 397.258361816, 397.884368896, 175.19694519, 50.463432312, 20.3392620087, -69.3816680908], [121.968399048, 468.327911377, 487.667816162, 679.618469238, 659.289428711, 493.134399414, 461.917480469, 320.226531982, 317.864593506, 136.621841431, 33.5132369995, -7.18542861938, -68.2465591431], [-104.049423218, 309.048492432, 506.405426025, 522.31854248, 493.134399414, 510.201873779, 423.106567383, 272.069946289, 259.636749268, 100.803871155, 4.48266506195, -14.5429992676, -68.4335098267], [-186.092330933, 153.422775269, 408.464630127, 558.409973145, 461.917480469, 423.106567383, 509.551696777, 309.041809082, 301.724182129, 89.3544006348, -2.42190074921, -21.176820755, -92.2041625977], [146.232574463, 310.860015869, 336.941314697, 397.258361816, 320.226531982, 272.069946289, 309.041809082, 306.623168945, 239.535766602, 87.4599075317, 16.066947937, -16.0921783447, -61.3347206116], [-121.521385193, 130.672393799, 320.714202881, 397.884368896, 317.864593506, 259.636749268, 301.724182129, 239.535766602, 345.698425293, 142.414154053, -8.86125469208, -40.8839988708, -75.302520752], [182.664505005, 179.371292114, 183.418899536, 175.19694519, 136.621841431, 100.803871155, 89.3544006348, 87.4599075317, 142.414154053, 150.737731934, 50.8625793457, -7.81394481659, -10.4652004242], [453.953186035, 168.727416992, 35.0395584106, 50.463432312, 33.5132369995, 4.48266506195, -2.42190074921, 16.066947937, -8.86125469208, 50.8625793457, 124.919807434, 64.8887634277, 22.5048465729], [225.099304199, 71.7671279907, -28.1531009674, 20.3392620087, -7.18542861938, -14.5429992676, -21.176820755, -16.0921783447, -40.8839988708, -7.81394481659, 64.8887634277, 116.392669678, 68.8081817627], [202.889083862, 12.467912674, -41.0979003906, -69.3816680908, -68.2465591431, -68.4335098267, -92.2041625977, -61.3347206116, -75.302520752, -10.4652004242, 22.5048465729, 68.8081817627, 137.49105835]], "icov": [[8.05521485745e-05, -5.08700250066e-05, -6.25003231107e-05, -0.000100374862086, 4.22255288868e-05, 0.000103427417343, 4.89245430799e-05, -1.36940461744e-05, 2.41353700403e-05, 8.87519490789e-05, -0.000250102195423, 9.70313922153e-05, -7.20972166164e-05], [-5.08700250066e-05, 0.000389937980799, -9.70081164269e-05, 6.07357214903e-05, -0.000380856188713, -1.33082294269e-05, 0.000414704059949, -0.00052127748495, 0.000347892520949, -0.000300528074149, 7.93427461758e-05, -0.000237572516198, 0.000164825163665], [-6.25003231107e-05, -9.70081164269e-05, 0.00208814325742, -0.00157105643302, 0.00169116293546, -0.00250049913302, 0.000955041556153, -0.000496995286085, -0.000124737620354, -0.000419269665144, -0.000317824451486, 0.00145276426338, -0.000829221215099], [-0.000100374862086, 6.07357214903e-05, -0.00157105643302, 0.0070398519747, -0.00517608737573, 0.00284953555092, -0.00337444990873, -0.000477402820252, -0.00049191492144, -0.00128847593442, 0.0013768839417, -0.00360169284977, 0.000808226526715], [4.22255288868e-05, -0.000380856188713, 0.00169116293546, -0.00517608737573, 0.0111527834088, -0.00705922394991, 0.000765519507695, -0.000146624355693, -0.00130778411403, 0.000784314877819, -0.00260745570995, 0.00337478588335, -0.00158266513608], [0.000103427417343, -1.33082294269e-05, -0.00250049913302, 0.00284953555092, -0.00705922394991, 0.0127738872543, -0.00606986228377, 0.000179507318535, 0.00188269314822, -0.00174332782626, 0.00259984843433, -0.00290477694944, 0.00132917810697], [4.89245430799e-05, 0.000414704059949, 0.000955041556153, -0.00337444990873, 0.000765519507695, -0.00606986228377, 0.0128343859687, -0.00381780369207, -0.00292895152234, 0.00340879126452, -0.00101886643097, 0.000587546441238, 0.0012635596795], [-1.36940461744e-05, -0.00052127748495, -0.000496995286085, -0.000477402820252, -0.000146624355693, 0.000179507318535, -0.00381780369207, 0.0119324624538, -0.00469888467342, 0.00247009028681, -0.00245179980993, 0.00125270849094, -0.000153779808898], [2.41353700403e-05, 0.000347892520949, -0.000124737620354, -0.00049191492144, -0.00130778411403, 0.00188269314822, -0.00292895152234, -0.00469888467342, 0.013929547742, -0.0106261232868, 0.00654178066179, -0.00235925731249, 0.00280505931005], [8.87519490789e-05, -0.000300528074149, -0.000419269665144, -0.00128847593442, 0.000784314877819, -0.00174332782626, 0.00340879126452, 0.00247009028681, -0.0106261232868, 0.019995642826, -0.0117333456874, 0.00750707928091, -0.00410399446264], [-0.000250102195423, 7.93427461758e-05, -0.000317824451486, 0.0013768839417, -0.00260745570995, 0.00259984843433, -0.00101886643097, -0.00245179980993, 0.00654178066179, -0.0117333456874, 0.020371157676, -0.0131034394726, 0.00509749399498], [9.70313922153e-05, -0.000237572516198, 0.00145276426338, -0.00360169284977, 0.00337478588335, -0.00290477694944, 0.000587546441238, 0.00125270849094, -0.00235925731249, 0.00750707928091, -0.0131034394726, 0.0227027852088, -0.0102603742853], [-7.20972166164e-05, 0.000164825163665, -0.000829221215099, 0.000808226526715, -0.00158266513608, 0.00132917810697, 0.0012635596795, -0.000153779808898, 0.00280505931005, -0.00410399446264, 0.00509749399498, -0.0102603742853, 0.0137038007379]]}, "spectral_contrast_coeffs": {"dmean": [0.040567651391, 0.0454021841288, 0.0430633239448, 0.0372167304158, 0.0246567502618, 0.0126630961895], "dmean2": [0.0657736584544, 0.0699449405074, 0.0620055831969, 0.0522058457136, 0.0344857871532, 0.0195494201034], "dvar": [0.00168245763052, 0.00238336226903, 0.00214340374805, 0.00126658857334, 0.00058327044826, 0.000113773734483], "dvar2": [0.00433614943177, 0.00550809968263, 0.00403264909983, 0.00228499644436, 0.000971974630374, 0.000257101288298], "max": [-0.351203471422, -0.343711107969, -0.411859601736, -0.561031997204, -0.559448003769, -0.754514992237], "mean": [-0.649213075638, -0.636816620827, -0.709041118622, -0.770183980465, -0.812006473541, -0.83923625946], "median": [-0.647778511047, -0.623702406883, -0.708710074425, -0.770807206631, -0.818882763386, -0.834005594254], "min": [-0.948605835438, -0.971832036972, -0.968541562557, -0.966347455978, -0.955748081207, -0.960531711578], "var": [0.00984925497323, 0.0129383262247, 0.0117409564555, 0.00714365579188, 0.00415493641049, 0.000917140452657]}, "spectral_contrast_valleys": {"dmean": [0.455499529839, 0.410344004631, 0.544390320778, 0.587426185608, 0.597964406013, 0.70726454258], "dmean2": [0.690168857574, 0.591228663921, 0.745871961117, 0.757061302662, 0.6490406394, 0.71638917923], "dvar": [0.277299135923, 0.251553654671, 0.369631677866, 0.408770531416, 0.366308867931, 0.400314509869], "dvar2": [0.50680321455, 0.459810376167, 0.6024710536, 0.635325372219, 0.510705530643, 0.605029940605], "max": [-5.13680124283, -4.27255439758, -6.05247211456, -6.67663669586, -6.80527544022, -8.160948