{"lowlevel": {"average_loudness": 0.431025058031, "barkbands_crest": {"dmean": 1.93245017529, "dmean2": 3.10905742645, "dvar": 3.76572537422, "dvar2": 9.71073436737, "max": 25.4208030701, "mean": 13.5710363388, "median": 12.8337459564, "min": 4.32856941223, "var": 17.6047477722}, "barkbands_flatness_db": {"dmean": 0.0237420592457, "dmean2": 0.0402879230678, "dvar": 0.000380042969482, "dvar2": 0.00105339183938, "max": 0.508549392223, "mean": 0.375650256872, "median": 0.376657605171, "min": 0.0562587492168, "var": 0.00169234885834}, "barkbands_kurtosis": {"dmean": 2.04906320572, "dmean2": 3.23668241501, "dvar": 20.0773601532, "dvar2": 50.6017570496, "max": 180.164505005, "mean": 5.11629629135, "median": 3.34652328491, "min": -1.744114995, "var": 67.3394927979}, "barkbands_skewness": {"dmean": 0.369328558445, "dmean2": 0.580128312111, "dvar": 0.154293328524, "dvar2": 0.377790302038, "max": 10.3946390152, "mean": 1.37081468105, "median": 1.36200869083, "min": -3.78573155403, "var": 1.05531561375}, "barkbands_spread": {"dmean": 0.946187257767, "dmean2": 1.43400251865, "dvar": 2.14066553116, "dvar2": 4.00694847107, "max": 108.390670776, "mean": 5.19764947891, "median": 4.4455165863, "min": 0.54825335741, "var": 12.4304389954}, "dissonance": {"dmean": 0.03940564394, "dmean2": 0.0674407407641, "dvar": 0.00115311064292, "dvar2": 0.00323506328277, "max": 0.499333590269, "mean": 0.384388595819, "median": 0.388614863157, "min": 0.181927204132, "var": 0.00289670354687}, "dynamic_complexity": 4.20892190933, "erbbands_crest": {"dmean": 2.16515374184, "dmean2": 3.42511439323, "dvar": 4.54046487808, "dvar2": 10.7312583923, "max": 32.6801757812, "mean": 13.5723772049, "median": 12.9960756302, "min": 2.7979054451, "var": 23.5594539642}, "erbbands_flatness_db": {"dmean": 0.0138493692502, "dmean2": 0.0229145586491, "dvar": 0.000152749213157, "dvar2": 0.000391403387766, "max": 0.54895222187, "mean": 0.398227900267, "median": 0.400917887688, "min": 0.038106624037, "var": 0.00131936534308}, "erbbands_kurtosis": {"dmean": 0.834573805332, "dmean2": 1.32131528854, "dvar": 1.94354665279, "dvar2": 4.60510540009, "max": 37.2979431152, "mean": 1.00317823887, "median": 0.168922424316, "min": -1.75904905796, "var": 8.09043598175}, "erbbands_skewness": {"dmean": 0.280976325274, "dmean2": 0.42761644721, "dvar": 0.0833685025573, "dvar2": 0.193040430546, "max": 4.83835506439, "mean": 0.733094155788, "median": 0.734788060188, "min": -3.67752957344, "var": 0.67924284935}, "erbbands_spread": {"dmean": 1.60219597816, "dmean2": 2.50684952736, "dvar": 3.34803104401, "dvar2": 7.09426736832, "max": 118.375808716, "mean": 12.4298782349, "median": 12.0551156998, "min": 0.733716487885, "var": 27.854473114}, "hfc": {"dmean": 2.93520092964, "dmean2": 3.77841281891, "dvar": 84.2634277344, "dvar2": 136.392654419, "max": 318.176696777, "mean": 10.5959043503, "median": 5.18932008743, "min": 1.13707529254e-16, "var": 360.064849854}, "melbands_crest": {"dmean": 2.16866350174, "dmean2": 3.51392459869, "dvar": 4.7093667984, "dvar2": 11.7115678787, "max": 31.5785140991, "mean": 15.3728923798, "median": 14.9065313339, "min": 2.09318614006, "var": 20.7007217407}, "melbands_flatness_db": {"dmean": 0.0260736066848, "dmean2": 0.0438209883869, "dvar": 0.000542910420336, "dvar2": 0.00140699301846, "max": 0.671034634113, "mean": 0.496233910322, "median": 0.49952557683, "min": 0.0076684714295, "var": 0.00319392280653}, "melbands_kurtosis": {"dmean": 2.39408802986, "dmean2": 3.8084154129, "dvar": 26.5256958008, "dvar2": 59.233921051, "max": 279.442230225, "mean": 6.58505964279, "median": 4.95906972885, "min": -1.75946521759, "var": 96.4936218262}, "melbands_skewness": {"dmean": 0.359630376101, "dmean2": 0.566211342812, "dvar": 0.146396920085, "dvar2": 0.347916573286, "max": 12.15143013, "mean": 1.63485920429, "median": 1.63613259792, "min": -3.42874908447, "var": 0.98629128933}, "melbands_spread": {"dmean": 1.45881640911, "dmean2": 2.19228696823, "dvar": 6.46909379959, "dvar2": 9.25656604767, "max": 169.422241211, "mean": 7.69237422943, "median": 6.16341257095, "min": 0.500943362713, "var": 30.745923996}, "pitch_salience": {"dmean": 0.0542525500059, "dmean2": 0.0884268283844, "dvar": 0.00269974884577, "dvar2": 0.0068918550387, "max": 0.874040842056, "mean": 0.520615398884, "median": 0.519528388977, "min": 0.116542980075, "var": 0.0102589195594}, "silence_rate_20dB": {"dmean": 0.00024183797359, "dmean2": 0.000483734416775, "dvar": 0.000241774221649, "dvar2": 0.000725346675608, "max": 1, "mean": 0.99987912178, "median": 1, "min": 0, "var": 0.000120888427773}, "silence_rate_30dB": {"dmean": 0.00362756941468, "dmean2": 0.00725601660088, "dvar": 0.00361454603262, "dvar2": 0.00768761662766, "max": 1, "mean": 0.990690350533, "median": 1, "min": 0, "var": 0.00922288093716}, "silence_rate_60dB": {"dmean": 0.00846432894468, "dmean2": 0.0169307049364, "dvar": 0.0083932178095, "dvar2": 0.0193068590015, "max": 1, "mean": 0.0592431388795, "median": 0, "min": 0, "var": 0.0557328313589}, "spectral_centroid": {"dmean": 37.9382286072, "dmean2": 56.540145874, "dvar": 16824.1816406, "dvar2": 19531.1289062, "max": 11218.0341797, "mean": 482.632965088, "median": 428.838531494, "min": 132.384674072, "var": 42285.6484375}, "spectral_complexity": {"dmean": 1.31656587124, "dmean2": 2.13907361031, "dvar": 1.97215151787, "dvar2": 4.10341978073, "max": 27, "mean": 10.8749847412, "median": 11, "min": 0, "var": 14.9131565094}, "spectral_decrease": {"dmean": 1.17987286608e-09, "dmean2": 1.60369750812e-09, "dvar": 7.12607495036e-18, "dvar2": 1.18949953477e-17, "max": -7.67984847774e-29, "mean": -4.9323798379e-09, "median": -3.2088458557e-09, "min": -9.16335878287e-08, "var": 3.58093468579e-17}, "spectral_energy": {"dmean": 0.00471029011533, "dmean2": 0.00637685274705, "dvar": 0.000118116098747, "dvar2": 0.000196313048946, "max": 0.374706029892, "mean": 0.019577074796, "median": 0.012583761476, "min": 1.06034707526e-20, "var": 0.000587925664149}, "spectral_energyband_high": {"dmean": 1.1370084394e-06, "dmean2": 1.68904784914e-06, "dvar": 4.37109272389e-11, "dvar2": 1.01041244815e-10, "max": 0.000267535127932, "mean": 1.79310836756e-06, "median": 4.38811547099e-08, "min": 7.74380720857e-21, "var": 1.16433043762e-10}, "spectral_energyband_low": {"dmean": 0.000651821377687, "dmean2": 0.00106254161801, "dvar": 1.29074999222e-06, "dvar2": 3.19427590512e-06, "max": 0.0390881709754, "mean": 0.00147070828825, "median": 0.000525624433067, "min": 3.52247157e-23, "var": 5.72802264287e-06}, "spectral_energyband_middle_high": {"dmean": 0.00172391731758, "dmean2": 0.00226739700884, "dvar": 8.23538866825e-05, "dvar2": 0.000133745299536, "max": 0.345530927181, "mean": 0.00422458443791, "median": 0.000960473844316, "min": 1.72896722141e-21, "var": 0.000293929624604}, "spectral_energyband_middle_low": {"dmean": 0.00331216375344, "dmean2": 0.00472906325012, "dvar": 3.12099873554e-05, "dvar2": 6.09926719335e-05, "max": 0.107607021928, "mean": 0.0141746839508, "median": 0.0100681753829, "min": 3.40940634527e-22, "var": 0.000166475540027}, "spectral_entropy": {"dmean": 0.129623219371, "dmean2": 0.210009664297, "dvar": 0.0302742514759, "dvar2": 0.0745933055878, "max": 9.79465484619, "mean": 5.66696834564, "median": 5.64771652222, "min": 4.67434597015, "var": 0.120019242167}, "spectral_flux": {"dmean": 0.0146366273984, "dmean2": 0.0237227436155, "dvar": 0.00068005459616, "dvar2": 0.00162711821031, "max": 0.446323543787, "mean": 0.0386396422982, "median": 0.0295794364065, "min": 1.02973157778e-10, "var": 0.00106062472332}, "spectral_kurtosis": {"dmean": 36.6654090881, "dmean2": 64.1268844604, "dvar": 1206.3861084, "dvar2": 3305.86572266, "max": 309.164215088, "mean": 116.985992432, "median": 114.576126099, "min": -1.22162914276, "var": 3675.11279297}, "spectral_rms": {"dmean": 0.000460036244476, "dmean2": 0.000632507377304, "dvar": 4.80619917198e-07, "dvar2": 7.83213636169e-07, "max": 0.0191198028624, "mean": 0.00390378339216, "median": 0.0035038322676, "min": 3.21634103899e-12, "var": 3.86003193853e-06}, "spectral_rolloff": {"dmean": 85.1962966919, "dmean2": 147.270736694, "dvar": 81401.84375, "dvar2": 121264.367188, "max": 18475.4882812, "mean": 656.040405273, "median": 538.330078125, "min": 129.19921875, "var": 215451.265625}, "spectral_skewness": {"dmean": 1.9824924469, "dmean2": 3.5184636116, "dvar": 3.04524803162, "dvar2": 8.42548274994, "max": 14.354180336, "mean": 7.25998067856, "median": 7.30737018585, "min": -0.0382082127035, "var": 7.56836414337}, "spectral_spread": {"dmean": 273115.09375, "dmean2": 480514.4375, "dvar": 231193378816, "dvar2": 327297499136, "max": 40612716, "mean": 866425.375, "median": 790156.875, "min": 234596.0625, "var": 582255771648}, "spectral_strongpeak": {"dmean": 0.378402888775, "dmean2": 0.574433803558, "dvar": 0.656871855259, "dvar2": 1.17854750156, "max": 17.6447753906, "mean": 1.36915528774, "median": 0.9058573246, "min": 5.07852604414e-09, "var": 2.53903484344}, "zerocrossingrate": {"dmean": 0.00226693577133, "dmean2": 0.00275767594576, "dvar": 3.94242015318e-05, "dvar2": 4.01834768127e-05, "max": 0.49462890625, "mean": 0.0235402211547, "median": 0.021484375, "min": 0.00439453125, "var": 0.000157158370712}, "barkbands": {"dmean": [2.48575033766e-05, 0.000169659295352, 0.000469753722427, 0.000168748752913, 0.00109045649879, 0.0012484267354, 0.00053162954282, 0.000844726513606, 0.000540726236068, 0.000949995417614, 0.000283666246105, 0.00022238411475, 0.000328410009388, 0.00019446456281, 3.9879589167e-05, 1.16814862849e-05, 2.68681560556e-05, 5.58140709472e-06, 3.90485274693e-06, 1.31372269152e-06, 2.3183432063e-07, 5.38945883477e-08, 5.61564750257e-09, 9.3048763139e-10, 7.30551286132e-10, 7.08518577142e-10, 7.54497464506e-10], "dmean2": [4.09659296565e-05, 0.000284291047137, 0.000764221535064, 0.00028126424877, 0.00172472128179, 0.00194163771812, 0.000780342845246, 0.00126327783801, 0.000645609456114, 0.00123550905846, 0.00043817498954, 0.000334406562615, 0.000442948978161, 0.000248856376857, 5.86281239521e-05, 1.81625910045e-05, 3.58005454473e-05, 8.68835468282e-06, 5.23662811247e-06, 1.89317074728e-06, 3.76554936565e-07, 8.52544914665e-08, 9.12390074603e-09, 1.61338331583e-09, 1.33252930912e-09, 1.29515509428e-09, 1.37860101113e-09], "dvar": [9.21788256836e-10, 1.21675256537e-07, 7.6987129205e-07, 4.96077241507e-08, 3.61764364243e-06, 6.16491388428e-06, 2.65569610747e-06, 8.27836538519e-06, 5.42513862456e-06, 7.40023388062e-05, 1.49777827119e-06, 7.70247595483e-07, 2.88181672659e-06, 2.04182720154e-06, 7.64438894407e-08, 1.81868697879e-09, 1.0926370031e-08, 6.89398649278e-10, 3.04314462518e-10, 5.38216797519e-11, 4.16152529104e-12, 2.13747720695e-13, 2.76927194182e-15, 1.02170346597e-17, 1.55803014911e-18, 1.44778941073e-18, 1.64166193475e-18], "dvar2": [2.2644799369e-09, 3.05633250264e-07, 1.9412536858e-06, 1.27755811263e-07, 8.89543025551e-06, 1.56738969963e-05, 4.9883515203e-06, 1.67431189766e-05, 7.05419370206e-06, 0.000118466741696, 3.28245050696e-06, 1.4246451201e-06, 5.49601190869e-06, 3.12803331326e-06, 1.80538691552e-07, 4.3697605534e-09, 1.85468547187e-08, 1.68502134468e-09, 6.04862659959e-10, 1.19153770184e-10, 1.08465805781e-11, 5.42547994378e-13, 6.84987243522e-15, 2.41816259738e-17, 4.89384286778e-18, 4.58063299679e-18, 5.19830861252e-18], "max": [0.000442318414571, 0.00644827494398, 0.0327405706048, 0.00404982129112, 0.0371343716979, 0.0784799084067, 0.0579577982426, 0.0557714179158, 0.0800898224115, 0.343317776918, 0.0284244716167, 0.0231143478304, 0.0459738820791, 0.0520602799952, 0.0182977318764, 0.00114287051838, 0.00310066482052, 0.000748167280108, 0.000578220060561, 0.000260125583736, 7.23253979231e-05, 2.40620829572e-05, 2.38188476942e-06, 1.48611462691e-07, 2.03752303918e-08, 1.97889615805e-08, 2.10521093891e-08], "mean": [3.14838071063e-05, 0.000266348535661, 0.00105127715506, 0.000235834799241, 0.00291648460552, 0.00520117022097, 0.00173749227542, 0.0020180051215, 0.00169257924426, 0.00216947193258, 0.000600751955062, 0.000459845061414, 0.000627043598797, 0.000371448433725, 0.000105394596176, 2.3692880859e-05, 4.86711178382e-05, 9.73535952653e-06, 7.86969940236e-06, 2.08827395909e-06, 2.69116185336e-07, 6.78788580899e-08, 5.50969092572e-09, 9.21330289838e-10, 6.56991794301e-10, 6.52371934251e-10, 7.02063129854e-10], "median": [1.88619178516e-05, 9.11864844966e-05, 0.000271713855909, 0.000142175675137, 0.00200146250427, 0.00364799564704, 0.000668075168505, 0.000442313437816, 0.000191613886273, 0.00016747196787, 0.000127208710182, 0.000116849943879, 4.47464408353e-05, 3.64942170563e-05, 3.09502174787e-05, 5.04936406287e-06, 3.23866856888e-06, 7.04979072452e-07, 3.41078248312e-07, 6.6392807696e-08, 4.16721990248e-09, 1.23674315233e-09, 4.37808039822e-10, 2.93170432375e-10, 2.7324589813e-10, 2.84436113551e-10, 3.11747655468e-10], "min": [5.54844686598e-24, 3.33729183676e-24, 1.22862025208e-23, 3.98030151139e-23, 9.14972627151e-23, 6.52438834369e-23, 3.21885857133e-23, 2.97893757106e-23, 6.81617537076e-23, 5.12168731576e-23, 4.61358358443e-23, 8.98911356012e-23, 8.63728916945e-23, 1.75461964014e-22, 2.39125878965e-22, 1.75206070158e-22, 1.69824360089e-22, 1.76660414123e-22, 3.88337063787e-22, 3.83687303041e-22, 4.13371621412e-22, 5.55117910151e-22, 7.37520120948e-22, 7.71487688977e-22, 1.08424859638e-21, 1.681189867e-21, 2.48720487446e-21], "var": [1.39886924266e-09, 2.28575501637e-07, 3.85949442716e-06, 8.35135693933e-08, 1.04830569398e-05, 3.19606988342e-05, 1.7652162569e-05, 2.91656160698e-05, 3.12632946589e-05, 0.000263827329036, 4.80696280647e-06, 2.13322914533e-06, 6.22308743914e-06, 5.03481260239e-06, 1.64231366284e-07, 3.54704376981e-09, 2.77394249792e-08, 1.55815627068e-09, 8.65459925947e-10, 1.22847051975e-10, 3.97047672518e-12, 2.52316640888e-13, 2.47787058511e-15, 1.28380755446e-17, 1.31207130269e-18, 1.1729037481e-18, 1.31628299618e-18]}, "erbbands": {"dmean": [0.00300370948389, 0.0526737235487, 0.460639297962, 0.533018529415, 0.896586120129, 4.70652246475, 8.88346481323, 10.1115074158, 5.09547376633, 17.3251342773, 14.3544740677, 15.0532693863, 12.8010549545, 31.3307170868, 13.5062131882, 11.2393016815, 14.9006547928, 11.4989757538, 4.12734556198, 1.1960824728, 0.739615142345, 0.934917926788, 0.639943480492, 0.239422470331, 0.126876369119, 0.0687620416284, 0.0188953708857, 0.00637264922261, 0.00204894249327, 0.000641443766654, 0.000129168867716, 2.80175554508e-05, 1.58524180733e-05, 9.69400571194e-06, 6.53259394312e-06, 4.16203147324e-06, 2.21360551222e-06, 6.84813414864e-07, 2.32764296015e-06, 5.37861842531e-06], "dmean2": [0.00526076415554, 0.0871360227466, 0.743948340416, 0.891590297222, 1.49936151505, 7.57698774338, 13.1265859604, 17.022813797, 6.82681798935, 28.2835273743, 19.2629108429, 17.6467437744, 17.7476482391, 40.0771102905, 20.9048194885, 16.2764434814, 19.8272666931, 14.8527812958, 5.34715461731, 1.80814993382, 1.05241441727, 1.27067935467, 0.907505095005, 0.320717155933, 0.16924880445, 0.0978736951947, 0.0302843526006, 0.0105298068374, 0.00322850397788, 0.000915146491025, 0.000209637655644, 4.58584399894e-05, 2.62376561295e-05, 1.6259824406e-05, 1.05983272078e-05, 6.45207592243e-06, 3.31932255904e-06, 1.05638127934e-06, 3.11019402943e-06, 7.24762412574e-06], "dvar": [1.80342212843e-05, 0.0122828520834, 0.779066681862, 0.603683292866, 3.06673574448, 75.6194763184, 277.413024902, 492.92086792, 331.929077148, 3039.38818359, 3216.22143555, 4051.52172852, 3582.89306641, 104528.421875, 3139.89746094, 1816.48413086, 4833.5625, 5636.54833984, 536.628479004, 12.2012786865, 5.91813611984, 12.2443265915, 8.06140422821, 1.37245583534, 0.332804530859, 0.178863942623, 0.0148261291906, 0.00283972150646, 0.000234269595239, 4.55023437098e-05, 1.7837858195e-06, 1.35178481742e-08, 3.39532202354e-09, 3.00534458431e-10, 1.36728989242e-10, 6.24333362786e-11, 1.97022346354e-11, 2.03146223801e-12, 3.14031960158e-11, 1.60837759777e-10], "dvar2": [5.02375878568e-05, 0.0301311369985, 1.85657334328, 1.66443490982, 7.48100280762, 197.49319458, 571.461547852, 1428.33728027, 432.051727295, 7881.01611328, 4741.99169922, 5165.18505859, 5803.12353516, 167019.3125, 7155.0390625, 3133.42480469, 9282.38085938, 9020.26953125, 1039.4630127, 26.4418964386, 11.3420753479, 21.6781520844, 16.2127609253, 2.71744585037, 0.690461695194, 0.389837503433, 0.038148202002, 0.00740076601505, 0.000590299954638, 9.43615596043e-05, 4.56782117908e-06, 3.2313689502e-08, 7.67904762e-09, 7.57522489181e-10, 3.12975367844e-10, 1.25526977701e-10, 3.64614761994e-11, 3.93299932552e-12, 5.14685238873e-11, 2.66046296105e-10], "max": [0.0689982622862, 2.63016462326, 34.957611084, 14.4072694778, 63.3271102905, 216.693359375, 339.359985352, 650.34173584, 855.513183594, 1833.7265625, 1508.30786133, 2179.98999023, 1970.64978027, 12768.1328125, 1446.83081055, 1113.69665527, 1797.50598145, 2610.38378906, 1120.19458008, 142.428024292, 45.1257667542, 116.636131287, 95.2548828125, 41.7370223999, 21.154548645, 18.3441238403, 3.26922225952, 1.55114805698, 0.740964531898, 0.361619621515, 0.0786099508405, 0.00461629359052, 0.00289666838944, 0.000427901919466, 0.000321453757351, 0.000229972676607, 0.000138541625347, 4.20927535743e-05, 0.000194119187654, 0.000438583316281], "mean": [0.00414764368907, 0.0931373909116, 1.04546308517, 1.00614523888, 1.81201529503, 12.5892744064, 32.8868942261, 39.9239692688, 20.2620563507, 40.9485015869, 43.2275428772, 48.9611320496, 30.7008056641, 71.0018386841, 30.6952610016, 24.9601554871, 30.4971885681, 22.7725944519, 9.25178527832, 3.04115605354, 1.58543527126, 1.79858410358, 1.13684177399, 0.519459009171, 0.241523146629, 0.119647242129, 0.025708803907, 0.00735008297488, 0.0026198066771, 0.000896562938578, 0.000146582126035, 4.15580616391e-05, 2.79499417957e-05, 2.10289290408e-05, 1.69266877492e-05, 1.26561562865e-05, 7.40676705391e-06, 1.81674010946e-06, 9.61410569289e-06, 2.22085818677e-05], "median": [0.00241821096279, 0.0272018015385, 0.276476085186, 0.539759814739, 1.00494778156, 7.89635324478, 24.4509830475, 25.7914237976, 7.70503759384, 16.1169013977, 7.75830888748, 5.95422792435, 6.37828397751, 3.8797929287, 7.24078655243, 6.56089353561, 3.323741436, 2.91828489304, 2.16166830063, 1.10153877735, 0.321955889463, 0.165368244052, 0.0700776278973, 0.0286834649742, 0.0130397835746, 0.00417291326448, 0.000723680132069, 0.000148490071297, 6.21915169177e-05, 3.06029760395e-05, 2.01306993404e-05, 1.6046962628e-05, 1.39614649015e-05, 1.23072313727e-05, 1.03586826299e-05, 7.92293212726e-06, 4.65178027298e-06, 9.64290393313e-07, 6.05740342507e-06, 1.40876127261e-05], "min": [2.50389399053e-22, 4.6373086077e-22, 1.1457135685e-20, 7.78999151329e-20, 2.26228675956e-19, 2.49718304756e-19, 6.1063139733e-19, 4.04331802927e-19, 3.24337802525e-19, 6.71076121328e-19, 1.28485995567e-18, 1.21047687646e-18, 1.22613157975e-18, 2.19044622675e-18, 2.97152434146e-18, 2.38806091586e-18, 3.37548316348e-18, 1.03240974736e-17, 5.7664683696e-18, 1.65788964673e-17, 9.17732570518e-18, 7.92012863374e-18, 1.06215383869e-17, 1.78198725269e-17, 1.83519514928e-17, 1.97718136317e-17, 1.57801940288e-17, 1.69291181212e-17, 1.89160969424e-17, 2.36307121053e-17, 2.00199181847e-17, 1.55261519735e-17, 1.35220687116e-17, 8.87332111363e-18, 8.90621312351e-18, 6.61835149038e-18, 3.27321882435e-18, 1.28296519508e-18, 3.270780451e-19, 3.58711428589e-20], "var": [2.64587069978e-05, 0.0311199333519, 4.13151407242, 1.43556010723, 6.52598905563, 236.959197998, 1006.68896484, 2194.21264648, 2831.98095703, 8652.79003906, 16881.09375, 23687.71875, 14505.0771484, 361613.78125, 11195.2753906, 5400.72167969, 11337.6152344, 13417.2109375, 1249.94030762, 35.1883163452, 16.3461856842, 31.7916069031, 18.2934741974, 4.07536649704, 0.814561903477, 0.489586502314, 0.0172369349748, 0.00260460213758, 0.000269662356004, 7.22521654097e-05, 1.59834485203e-06, 1.67352194325e-08, 5.29814148109e-09, 8.16941236881e-10, 4.80105621925e-10, 2.63354227314e-10, 9.01221736127e-11, 8.04536038485e-12, 1.54254956031e-10, 7.92284404749e-10]}, "gfcc": {"mean": [-215.659500122, 264.483032227, -125.203956604, -60.6871795654, -9.81945419312, -36.2681274414, -29.6233406067, -16.7298316956, -17.641992569, -8.43969154358, 2.7464363575, -11.5419979095, 1.01662409306], "cov": [[9093.7109375, 451.19342041, -2828.79199219, 147.30317688, 253.236984253, -818.429138184, 566.049865723, -24.3530673981, -21.0265426636, 75.6729354858, 127.19418335, -34.4667434692, -97.8531112671], [451.19342041, 611.414001465, 32.3425102234, -350.641662598, 161.71232605, -14.2428798676, -141.387786865, -38.1846809387, -19.5541782379, -66.4999847412, 54.8714828491, -35.4390411377, 46.1760597229], [-2828.79199219, 32.3425102234, 1130.52185059, -160.85987854, -76.8408508301, 337.516235352, -264.249816895, -24.1067390442, 29.9941558838, -58.7251358032, -45.1376876831, 7.27253580093, 43.6881370544], [147.30317688, -350.641662598, -160.85987854, 413.591461182, -39.4558830261, -35.1205940247, 195.336868286, 44.9565811157, 21.053899765, 78.1297836304, -44.6894073486, -5.81731939316, -74.6316986084], [253.236984253, 161.71232605, -76.8408508301, -39.4558830261, 136.725341797, -1.73497319221, -11.0833044052, 5.5076956749, -16.0612335205, -6.1425075531, 23.1728096008, -22.175573349, -1.52326011658], [-818.429138184, -14.2428798676, 337.516235352, -35.1205940247, -1.73497319221, 223.076705933, -30.9325008392, -25.2292175293, 20.0999641418, -24.7250080109, -48.2102241516, -8.15438938141, -5.44508934021], [566.049865723, -141.387786865, -264.249816895, 195.336868286, -11.0833044052, -30.9325008392, 213.748260498, 53.8001441956, 4.92110204697, 46.2078704834, -22.1660327911, -7.63110542297, -43.0043296814], [-24.3530673981, -38.1846809387, -24.1067390442, 44.9565811157, 5.5076956749, -25.2292175293, 53.8001441956, 79.7329788208, 13.435336113, 8.22559547424, 12.9542703629, 2.58613729477, -16.4573478699], [-21.0265426636, -19.5541782379, 29.9941558838, 21.053899765, -16.0612335205, 20.0999641418, 4.92110204697, 13.435336113, 55.7133789062, 18.3966941833, -15.8286304474, 1.12150812149, -12.9330444336], [75.6729354858, -66.4999847412, -58.7251358032, 78.1297836304, -6.1425075531, -24.7250080109, 46.2078704834, 8.22559547424, 18.3966941833, 66.2396392822, 16.468744278, -8.36799621582, -14.039349556], [127.19418335, 54.8714828491, -45.1376876831, -44.6894073486, 23.1728096008, -48.2102241516, -22.1660327911, 12.9542703629, -15.8286304474, 16.468744278, 77.8841705322, 28.2789783478, 4.32770109177], [-34.4667434692, -35.4390411377, 7.27253580093, -5.81731939316, -22.175573349, -8.15438938141, -7.63110542297, 2.58613729477, 1.12150812149, -8.36799621582, 28.2789783478, 73.2632446289, 32.5426940918], [-97.8531112671, 46.1760597229, 43.6881370544, -74.6316986084, -1.52326011658, -5.44508934021, -43.0043296814, -16.4573478699, -12.9330444336, -14.039349556, 4.32770109177, 32.5426940918, 89.6068267822]], "icov": [[0.000829032738693, -0.000839640793856, 0.00201164023019, -0.000484373187646, 0.000583034241572, 2.95104382531e-05, -0.000836880586576, 0.00162298430223, -0.00236970931292, 0.00214866898023, -0.00178886333015, 0.000928275228944, -0.000394154019887], [-0.000839640793856, 0.0115204202011, -0.00733219925314, 0.00855411682278, -0.0131177511066, 0.0103230839595, -0.0130169680342, 0.0129019794986, -0.0125715462491, 0.0125788692385, -0.00973312929273, 0.00822032894939, -0.00198639719747], [0.00201164023019, -0.00733219925314, 0.0124335410073, -0.00656543066725, 0.0109591754153, -0.0127151599154, 0.0136414738372, -0.010375186801, 0.00549391563982, -0.00556219695136, 0.00289572239853, -0.00207545934245, -0.000964710547123], [-0.000484373187646, 0.00855411682278, -0.00656543066725, 0.0146983787417, -0.0117261577398, 0.0112715568393, -0.0138915041462, 0.00888873729855, -0.00444837054238, -0.0012813617941, 0.00446395482868, -0.00274717947468, 0.00589651428163], [0.000583034241572, -0.0131177511066, 0.0109591754153, -0.0117261577398, 0.0270829685032, -0.0184336677194, 0.0202446393669, -0.0200041942298, 0.0167325269431, -0.0125598432496, 0.00434696581215, -0.00186947186012, -0.00141487910878], [2.95104382531e-05, 0.0103230839595, -0.0127151599154, 0.0112715568393, -0.0184336677194, 0.0279404204339, -0.0263147056103, 0.0256903618574, -0.0208706334233, 0.018407901749, -0.00742461904883, 0.00543278967962, 0.00203088647686], [-0.000836880586576, -0.0130169680342, 0.0136414738372, -0.0138915041462, 0.0202446393669, -0.0263147056103, 0.0462518893182, -0.0408630222082, 0.0367664508522, -0.0375772789121, 0.0300025567412, -0.0186856389046, 0.00576664507389], [0.00162298430223, 0.0129019794986, -0.010375186801, 0.00888873729855, -0.0200041942298, 0.0256903618574, -0.0408630222082, 0.0551837570965, -0.0446496903896, 0.0440679639578, -0.0378344655037, 0.022585876286, -0.00658463407308], [-0.00236970931292, -0.0125715462491, 0.00549391563982, -0.00444837054238, 0.0167325269431, -0.0208706334233, 0.0367664508522, -0.0446496903896, 0.070465169847, -0.0595507323742, 0.0522512160242, -0.0356501340866, 0.0172314848751], [0.00214866898023, 0.0125788692385, -0.00556219695136, -0.0012813617941, -0.0125598432496, 0.018407901749, -0.0375772789121, 0.0440679639578, -0.0595507323742, 0.0819162651896, -0.0635363981128, 0.0441045723855, -0.020236140117], [-0.00178886333015, -0.00973312929273, 0.00289572239853, 0.00446395482868, 0.00434696581215, -0.00742461904883, 0.0300025567412, -0.0378344655037, 0.0522512160242, -0.0635363981128, 0.0761910378933, -0.0486697070301, 0.0240236520767], [0.000928275228944, 0.00822032894939, -0.00207545934245, -0.00274717947468, -0.00186947186012, 0.00543278967962, -0.0186856389046, 0.022585876286, -0.0356501340866, 0.0441045723855, -0.0486697070301, 0.0499514564872, -0.0230453331023], [-0.000394154019887, -0.00198639719747, -0.000964710547123, 0.00589651428163, -0.00141487910878, 0.00203088647686, 0.00576664507389, -0.00658463407308, 0.0172314848751, -0.020236140117, 0.0240236520767, -0.0230453331023, 0.025317709893]]}, "melbands": {"dmean": [3.39005819114e-05, 0.000180125629413, 9.18842633837e-05, 0.000178780552233, 0.000301572319586, 0.000224539966439, 8.03981820354e-05, 0.000191306709894, 0.000114825292258, 8.53277015267e-05, 6.51742520859e-05, 0.000136195274536, 4.07653387811e-05, 3.14381322823e-05, 2.72558045253e-05, 3.09837014356e-05, 2.27252221521e-05, 7.69260441302e-06, 2.35131074078e-06, 1.24135601709e-06, 9.56531607699e-07, 9.87980229183e-07, 1.26404950151e-06, 2.199170126e-07, 2.13286739381e-07, 8.38350970866e-08, 6.28552498938e-08, 4.67369751789e-08, 1.29559412088e-08, 9.74984804003e-09, 1.5859641378e-09, 1.53338908238e-09, 4.9187176554e-10, 2.69364752725e-10, 8.42648728572e-11, 2.38010479381e-11, 1.20356676014e-11, 1.1195651177e-11, 7.78236416282e-12, 6.78579718458e-12], "dmean2": [5.72308636038e-05, 0.000292843935313, 0.000152337408508, 0.000292622455163, 0.00045205448987, 0.000367101485608, 0.000109119922854, 0.000311794865411, 0.000149885308929, 9.91644119495e-05, 9.12563482416e-05, 0.000173839507625, 6.24451422482e-05, 4.84224074171e-05, 3.91479479731e-05, 3.98972370022e-05, 2.97303122352e-05, 9.71358258539e-06, 3.49423703483e-06, 1.96152154786e-06, 1.32452009893e-06, 1.33915352762e-06, 1.74198476088e-06, 3.17492066415e-07, 2.8349410286e-07, 1.1332793548e-07, 8.56739177379e-08, 6.68150903493e-08, 2.09161594711e-08, 1.59549298218e-08, 2.6088231575e-09, 2.4314659175e-09, 7.20324466741e-10, 3.88155646514e-10, 1.40286574024e-10, 3.91146837142e-11, 2.09039851401e-11, 1.91458515708e-11, 1.41983855229e-11, 1.23584909667e-11], "dvar": [3.47085093999e-09, 1.18367537993e-07, 1.57327928463e-08, 1.09599085363e-07, 2.77168993534e-07, 2.29367614679e-07, 7.67386296729e-08, 3.80048163606e-07, 1.89496688563e-07, 1.3924643838e-07, 1.03470355839e-07, 2.04544107874e-06, 3.07656726761e-08, 1.34953248576e-08, 1.18625322898e-08, 3.89691656721e-08, 2.76519322995e-08, 1.93372673429e-09, 1.38650840809e-10, 1.63465525838e-11, 1.39876131511e-11, 1.51075055244e-11, 4.26501611805e-11, 1.356437857e-12, 1.37970722087e-12, 1.68205889755e-13, 8.69178996355e-14, 9.45333966814e-14, 1.17539119849e-14, 9.50957537135e-15, 1.12264118938e-16, 1.64850478637e-16, 2.20801901712e-17, 7.7140886965e-18, 1.27238886377e-18, 3.42685062715e-20, 1.11270373062e-21, 3.64285696955e-21, 2.01658621038e-22, 1.38502555806e-22], "dvar2": [8.90587603664e-09, 2.84008450535e-07, 4.12852436682e-08, 2.79025726968e-07, 6.06038952355e-07, 6.36609399862e-07, 1.03270956231e-07, 9.84680696092e-07, 2.69286914545e-07, 1.73659330471e-07, 1.68775741827e-07, 3.26091685565e-06, 6.88920707148e-08, 2.7756911436e-08, 2.74451643634e-08, 6.70741329145e-08, 4.3905522773e-08, 3.45479378439e-09, 3.15932169315e-10, 3.83377704583e-11, 2.36098050832e-11, 2.56243810892e-11, 7.67958543979e-11, 3.02501188161e-12, 2.6912959708e-12, 3.69662389891e-13, 1.78313201878e-13, 1.99290182881e-13, 2.93393950899e-14, 2.49007798159e-14, 2.86391580346e-16, 4.16474215234e-16, 4.64895488938e-17, 1.6567747727e-17, 3.23848861235e-18, 8.40712447269e-20, 2.72398391116e-21, 8.06082498613e-21, 6.24834432972e-22, 4.26875582201e-22], "max": [0.00108481210191, 0.0127599742264, 0.00250225723721, 0.00941885635257, 0.00936024915427, 0.014998418279, 0.012347958982, 0.0196083262563, 0.0111179128289, 0.0133250774816, 0.0111221093684, 0.0565136447549, 0.00388501957059, 0.00268106884323, 0.00212518451735, 0.00634925113991, 0.0060132718645, 0.00164663989563, 0.000748321472201, 9.53922426561e-05, 8.43638481456e-05, 8.56858387124e-05, 0.000254058366409, 3.58808902092e-05, 4.2924151785e-05, 1.27065186462e-05, 9.60955821938e-06, 1.41217751661e-05, 3.77006040253e-06, 3.54286476068e-06, 4.09344721675e-07, 6.20521177552e-07, 2.30476729257e-07, 1.33891532528e-07, 6.54960885527e-08, 1.12966569432e-08, 1.33651134604e-09, 3.15997361611e-09, 3.56304930005e-10, 1.88070808926e-10], "mean": [5.37226624147e-05, 0.000396414456191, 0.000184303833521, 0.000445420591859, 0.00112131773494, 0.000920415273868, 0.000307572889142, 0.000441225245595, 0.000358127348591, 0.000269323703833, 0.000148703809828, 0.00030468852492, 8.82263193489e-05, 6.93376641721e-05, 5.61592642043e-05, 6.08830123383e-05, 4.29374267696e-05, 1.57200302056e-05, 6.52969174553e-06, 2.45995443038e-06, 1.87720661415e-06, 1.89698755548e-06, 2.1055805064e-06, 4.27976118544e-07, 4.48033631528e-07, 1.62471948784e-07, 1.08328237047e-07, 7.66987398038e-08, 1.44821754589e-08, 1.07153956819e-08, 1.65344504754e-09, 1.85491022542e-09, 6.29491625492e-10, 3.49204665184e-10, 7.53303669443e-11, 2.3531333132e-11, 1.16874244657e-11, 1.0894628949e-11, 6.94543684718e-12, 6.11977612683e-12], "median": [2.48721280514e-05, 0.000108371306851, 0.000108545573312, 0.000262237736024, 0.000859800726175, 0.00060433667386, 0.000109087748569, 0.000168232043507, 5.36176485184e-05, 3.10453833663e-05, 2.79052255792e-05, 1.19257856568e-05, 1.92925854208e-05, 1.84807286132e-05, 8.57535087562e-06, 4.40531039203e-06, 4.4308244469e-06, 2.69745942205e-06, 2.10936764233e-06, 5.39306711289e-07, 2.28880381314e-07, 1.46224522268e-07, 8.6338211247e-08, 2.47275036003e-08, 1.6959830873e-08, 8.61292726029e-09, 4.68155825217e-09, 1.66093716558e-09, 2.90926283064e-10, 1.03908485982e-10, 4.2277178286e-11, 2.89797717073e-11, 1.37109924109e-11, 1.02485832321e-11, 6.60239007563e-12, 4.79817487825e-12, 3.81920536863e-12, 3.2765053691e-12, 2.82170489231e-12, 2.50189712697e-12], "min": [1.6896806972e-24, 3.6724311093e-24, 1.82849816786e-23, 1.63925974525e-23, 1.93444834054e-23, 9.80451947702e-24, 5.83751942268e-24, 6.99447387033e-24, 1.29076332209e-23, 6.78610493968e-24, 5.87436435455e-24, 8.65257508498e-24, 8.64793973831e-24, 1.08263878055e-23, 3.18459400348e-24, 1.21688933822e-23, 1.95631998246e-23, 6.39161611136e-24, 2.23329488385e-23, 1.67513587705e-23, 9.29538154905e-24, 7.62628755768e-24, 1.113954823e-23, 8.15254140071e-24, 1.6093576571e-23, 1.16881512913e-23, 1.23142118161e-23, 1.40465661412e-23, 9.961617182e-24, 1.00773809421e-23, 8.32690490432e-24, 9.71647313367e-24, 1.30294956647e-23, 1.40057236567e-23, 1.13231690163e-23, 1.00471896575e-23, 9.22082078287e-24, 9.01913508181e-24, 8.41591208025e-24, 7.16589097845e-24], "var": [6.34609120809e-09, 5.69874600842e-07, 4.17009857756e-08, 3.22593166402e-07, 9.62996750786e-07, 1.14751583169e-06, 6.54946290979e-07, 9.5193092875e-07, 1.04947855561e-06, 7.78297476245e-07, 4.15213492033e-07, 7.08470406607e-06, 9.46584322037e-08, 4.01512387782e-08, 2.5414216509e-08, 8.49383212653e-08, 6.60778809447e-08, 4.52011228447e-09, 3.42746692139e-10, 3.33665560459e-11, 3.94276833404e-11, 4.26766295913e-11, 9.4123708827e-11, 3.70748137052e-12, 4.03654843925e-12, 4.11422604969e-13, 1.88026623351e-13, 2.74964648489e-13, 1.02974168092e-14, 8.71215568492e-15, 9.93408446172e-17, 1.75473317352e-16, 3.26296480396e-17, 1.13706182604e-17, 9.95675338776e-19, 3.24893667897e-20, 1.30704987613e-21, 4.6600871746e-21, 1.67039794689e-22, 1.22454764721e-22]}, "mfcc": {"mean": [-819.024353027, 256.090270996, -0.446552634239, -23.4573249817, 8.20477390289, -5.85229635239, -11.2279958725, -12.5882987976, -13.7657346725, -7.13712263107, -4.73344039917, -4.68644952774, -1.29313087463], "cov": [[4264.40234375, 1671.08129883, -1775.54187012, 57.9692878723, -1.44089913368, -476.798309326, 151.167510986, -0.979883790016, -132.192428589, 111.522651672, 149.313400269, 106.428688049, 50.7290077209], [1671.08129883, 1123.05432129, -383.196380615, -282.966033936, 16.7469463348, -89.5696258545, -68.9473495483, -53.5756912231, -80.1890411377, -30.0772972107, -12.3659906387, -8.34892559052, 20.5782833099], [-1775.54187012, -383.196380615, 1032.18371582, -167.088668823, -23.3687133789, 286.594024658, -137.90322876, -49.0708007812, 60.445438385, -83.6919784546, -106.738578796, -73.0423126221, -22.7979717255], [57.9692878723, -282.966033936, -167.088668823, 312.837127686, 18.5057296753, -88.9476776123, 104.422195435, 39.0401039124, 16.0604610443, 76.3342895508, 64.8366546631, 46.2054405212, 18.103685379], [-1.44089913368, 16.7469463348, -23.3687133789, 18.5057296753, 102.001525879, 14.9521894455, -5.57024145126, 14.4766025543, -18.5322742462, 1.64084887505, 14.6118488312, 0.750912904739, 0.1112363711], [-476.798309326, -89.5696258545, 286.594024658, -88.9476776123, 14.9521894455, 189.342910767, -13.9131593704, -23.2051124573, 40.179561615, -23.9719581604, -30.7358932495, -32.8550376892, -45.5019378662], [151.167510986, -68.9473495483, -137.90322876, 104.422195435, -5.57024145126, -13.9131593704, 118.558502197, 47.1608772278, 7.9873509407, 51.3298225403, 40.3441162109, 17.9231452942, -8.45722484589], [-0.979883790016, -53.5756912231, -49.0708007812, 39.0401039124, 14.4766025543, -23.2051124573, 47.1608772278, 74.6727600098, 21.7015533447, 4.41032457352, 22.1796150208, 22.6086387634, 0.232635468245], [-132.192428589, -80.1890411377, 60.445438385, 16.0604610443, -18.5322742462, 40.179561615, 7.9873509407, 21.7015533447, 78.547492981, 21.2866859436, -20.2693424225, -8.98818683624, -14.4312133789], [111.522651672, -30.0772972107, -83.6919784546, 76.3342895508, 1.64084887505, -23.9719581604, 51.3298225403, 4.41032457352, 21.2866859436, 99.0020370483, 49.5669212341, -25.6643753052, -30.1655921936], [149.313400269, -12.3659906387, -106.738578796, 64.8366546631, 14.6118488312, -30.7358932495, 40.3441162109, 22.1796150208, -20.2693424225, 49.5669212341, 123.001243591, 56.0669059753, -54.0171508789], [106.428688049, -8.34892559052, -73.0423126221, 46.2054405212, 0.750912904739, -32.8550376892, 17.9231452942, 22.6086387634, -8.98818683624, -25.6643753052, 56.0669059753, 135.421417236, 39.1054229736], [50.7290077209, 20.5782833099, -22.7979717255, 18.103685379, 0.1112363711, -45.5019378662, -8.45722484589, 0.232635468245, -14.4312133789, -30.1655921936, -54.0171508789, 39.1054229736, 139.725128174]], "icov": [[8.9824886322, -12.5129299164, 11.9804611206, -11.1139354706, 9.98494911194, -8.65870857239, 7.24780035019, -5.73502063751, 4.27937698364, -2.96149039268, 1.86925947666, -0.893390893936, 0.372281163931], [-12.5129299164, 17.4331588745, -16.6892642975, 15.4867744446, -13.913526535, 12.0673961639, -10.1027708054, 7.99709224701, -5.96815824509, 4.13093185425, -2.60896110535, 1.24705529213, -0.5203089118], [11.9804611206, -16.6892642975, 15.9851989746, -14.830783844, 13.3313961029, -11.5703296661, 9.69336032867, -7.67642354965, 5.73467493057, -3.9737303257, 2.51237821579, -1.20199155807, 0.501091957092], [-11.1139354706, 15.4867744446, -14.830783844, 13.7783689499, -12.3862094879, 10.7586565018, -9.02550125122, 7.1582069397, -5.35684919357, 3.71451997757, -2.35723185539, 1.12845778465, -0.474049925804], [9.98494911194, -13.913526535, 13.3313961029, -12.3862094879, 11.1594495773, -9.69766426086, 8.1486530304, -6.47847890854, 4.86039447784, -3.38063311577, 2.14859676361, -1.03251314163, 0.432803869247], [-8.65870857239, 12.0673961639, -11.5703296661, 10.7586565018, -9.69766426086, 8.45718288422, -7.11826467514, 5.6740322113, -4.27200651169, 2.98306298256, -1.90455806255, 0.919206082821, -0.38463306427], [7.24780035019, -10.1027708054, 9.69336032867, -9.02550125122, 8.1486530304, -7.11826467514, 6.02957487106, -4.81948471069, 3.64177179337, -2.5615272522, 1.64589333534, -0.79984331131, 0.339173197746], [-5.73502063751, 7.99709224701, -7.67642354965, 7.1582069397, -6.47847890854, 5.6740322113, -4.81948471069, 3.8893661499, -2.9504032135, 2.08510780334, -1.35401976109, 0.660321950912, -0.283681005239], [4.27937698364, -5.96815824509, 5.73467493057, -5.35684919357, 4.86039447784, -4.27200651169, 3.64177179337, -2.9504032135, 2.27591013908, -1.61594748497, 1.06509709358, -0.525800168514, 0.230433002114], [-2.96149039268, 4.13093185425, -3.9737303257, 3.71451997757, -3.38063311577, 2.98306298256, -2.5615272522, 2.08510780334, -1.61594748497, 1.18067073822, -0.782777667046, 0.395203560591, -0.172433331609], [1.86925947666, -2.60896110535, 2.51237821579, -2.35723185539, 2.14859676361, -1.90455806255, 1.64589333534, -1.35401976109, 1.06509709358, -0.782777667046, 0.549140095711, -0.279538094997, 0.132407814264], [-0.893390893936, 1.24705529213, -1.20199155807, 1.12845778465, -1.03251314163, 0.919206082821, -0.79984331131, 0.660321950912, -0.525800168514, 0.395203560591, -0.279538094997, 0.153645917773, -0.071038171649], [0.372281163931, -0.5203089118, 0.501091957092, -0.474049925804, 0.432803869247, -0.38463306427, 0.339173197746, -0.283681005239, 0.230433002114, -0.172433331609, 0.132407814264, -0.071038171649, 0.0448484160006]]}, "spectral_contrast_coeffs": {"dmean": [0.0425856970251, 0.0320572815835, 0.027429189533, 0.0226982086897, 0.0191255453974, 0.0474440008402], "dmean2": [0.0716233178973, 0.0529554821551, 0.0443300940096, 0.0357764214277, 0.0304190237075, 0.0840364545584], "dvar": [0.00116572785191, 0.00093872420257, 0.000761509931181, 0.000554284313694, 0.000472663465189, 0.00187577237375], "dvar2": [0.00318794837222, 0.0023657369893, 0.00189937721007, 0.00124520948157, 0.00112135068048, 0.00513271754608], "max": [-0.313255131245, -0.401179552078, -0.367189645767, -0.503830015659, -0.551387667656, -0.542901217937], "mean": [-0.575021922588, -0.651913583279, -0.712836384773, -0.708502590656, -0.716526150703, -0.879677057266], "median": [-0.570983171463, -0.655069410801, -0.71973490715, -0.706974804401, -0.716711163521, -0.898523569107], "min": [-0.954925298691, -0.957223415375, -0.966731250286, -0.946147143841, -0.96270608902, -0.964309632778], "var": [0.00569841917604, 0.00668877130374, 0.00386214652099, 0.00325802271254, 0.0028728262987, 0.00483083212748]}, "spectral_contrast_valleys": {"dmean": [0.399345248938, 0.246951028705, 0.255561381578, 0.26249179244, 0.262428939342, 0.98101067543], "dmean2": [0.67567974329, 0.403465151787, 0.411921560764, 0.423219054937, 0.41750857234, 1.74423313141], "dvar": [0.1342972368, 0.101633131504, 0.126177757978, 0.166497990489, 0.22829605639, 0.579333782196], "dvar2": [0.310919046402, 0.17279458046, 0.228841990232, 0.32251060009, 0.470375657082, 1.70249474049], "max": [-6.13373470306, -4.61814689636, -5.17000389099, -6.39720153809, -7.55104923248, -12.1605472565], "mean": [-8.19243049622, -6.88690328598, -7.95427179337, -9.40716934204, -1