{"lowlevel": {"average_loudness": 0.963973104954, "barkbands_crest": {"dmean": 3.04115104675, "dmean2": 5.02367258072, "dvar": 7.35762739182, "dvar2": 19.4813976288, "max": 24.6328811646, "mean": 11.0088853836, "median": 10.4727115631, "min": 3.03047180176, "var": 15.9371232986}, "barkbands_flatness_db": {"dmean": 0.0234121996909, "dmean2": 0.0348786376417, "dvar": 0.000505063217133, "dvar2": 0.00109669100493, "max": 0.373965471983, "mean": 0.140285894275, "median": 0.13086886704, "min": 0.0298011321574, "var": 0.00269224192016}, "barkbands_kurtosis": {"dmean": 3.77139997482, "dmean2": 6.02176237106, "dvar": 46.4530067444, "dvar2": 122.604537964, "max": 227.985549927, "mean": 5.42895889282, "median": 1.88454651833, "min": -1.9427075386, "var": 197.031448364}, "barkbands_skewness": {"dmean": 0.666140854359, "dmean2": 1.01906263828, "dvar": 0.458537518978, "dvar2": 1.07369840145, "max": 13.9021968842, "mean": 1.79176342487, "median": 1.58182215691, "min": -7.04714822769, "var": 2.03791952133}, "barkbands_spread": {"dmean": 6.7849445343, "dmean2": 10.0492458344, "dvar": 70.1496124268, "dvar2": 132.240814209, "max": 110.124725342, "mean": 24.839756012, "median": 22.0585861206, "min": 0.623373687267, "var": 248.272323608}, "dissonance": {"dmean": 0.0186898000538, "dmean2": 0.0311934016645, "dvar": 0.000312467367621, "dvar2": 0.000818545639049, "max": 0.499999940395, "mean": 0.463724732399, "median": 0.469666987658, "min": 0.261919349432, "var": 0.000691463181283}, "dynamic_complexity": 2.21774578094, "erbbands_crest": {"dmean": 3.1123020649, "dmean2": 5.03179979324, "dvar": 8.24745082855, "dvar2": 20.2713623047, "max": 32.6600418091, "mean": 9.55710887909, "median": 8.44178009033, "min": 2.37226104736, "var": 20.7279548645}, "erbbands_flatness_db": {"dmean": 0.0191373862326, "dmean2": 0.0270684082061, "dvar": 0.000395143928472, "dvar2": 0.000714993104339, "max": 0.375183433294, "mean": 0.145780399442, "median": 0.141106113791, "min": 0.0443105362356, "var": 0.00210482208058}, "erbbands_kurtosis": {"dmean": 0.866674780846, "dmean2": 1.37243688107, "dvar": 2.12880635262, "dvar2": 5.10327625275, "max": 46.0776748657, "mean": 0.184522166848, "median": -0.33845949173, "min": -1.84514415264, "var": 3.92284560204}, "erbbands_skewness": {"dmean": 0.382757455111, "dmean2": 0.575534999371, "dvar": 0.138785347342, "dvar2": 0.312195330858, "max": 5.62697315216, "mean": 0.076403953135, "median": 0.07288582623, "min": -5.9606719017, "var": 0.482235997915}, "erbbands_spread": {"dmean": 10.5046100616, "dmean2": 15.895690918, "dvar": 120.686798096, "dvar2": 256.360900879, "max": 157.087600708, "mean": 45.7475662231, "median": 42.037563324, "min": 4.84310913086, "var": 459.432556152}, "hfc": {"dmean": 7.85260105133, "dmean2": 10.63904953, "dvar": 99.484161377, "dvar2": 166.560958862, "max": 231.397506714, "mean": 28.4225921631, "median": 25.0626335144, "min": 1.12795883575e-16, "var": 413.568054199}, "melbands_crest": {"dmean": 4.03091812134, "dmean2": 6.55049943924, "dvar": 14.4188528061, "dvar2": 34.2442741394, "max": 34.061920166, "mean": 16.9800930023, "median": 16.6438026428, "min": 1.54853379726, "var": 33.9551239014}, "melbands_flatness_db": {"dmean": 0.0294100847095, "dmean2": 0.0440047085285, "dvar": 0.000790633202996, "dvar2": 0.00175150251016, "max": 0.488914340734, "mean": 0.21053275466, "median": 0.200778841972, "min": 0.00153141678311, "var": 0.00446273991838}, "melbands_kurtosis": {"dmean": 10.3952569962, "dmean2": 16.725528717, "dvar": 252.923141479, "dvar2": 644.645507812, "max": 489.173706055, "mean": 19.2200870514, "median": 10.6455831528, "min": -1.91589438915, "var": 998.168334961}, "melbands_skewness": {"dmean": 0.987785041332, "dmean2": 1.54048442841, "dvar": 0.984185874462, "dvar2": 2.29091596603, "max": 16.7169628143, "mean": 3.28147339821, "median": 2.98344373703, "min": -3.74822974205, "var": 3.81841444969}, "melbands_spread": {"dmean": 8.02627277374, "dmean2": 12.4348249435, "dvar": 153.602096558, "dvar2": 367.572814941, "max": 256.695343018, "mean": 23.2115306854, "median": 19.3646697998, "min": 0.564967393875, "var": 394.782745361}, "pitch_salience": {"dmean": 0.0803216397762, "dmean2": 0.132678046823, "dvar": 0.00535535998642, "dvar2": 0.0142050022259, "max": 0.977248132229, "mean": 0.482492804527, "median": 0.480574965477, "min": 0.125364974141, "var": 0.0122508481145}, "silence_rate_20dB": {"dmean": 0, "dmean2": 0, "dvar": 0, "dvar2": 0, "max": 1, "mean": 1, "median": 1, "min": 1, "var": 0}, "silence_rate_30dB": {"dmean": 0.00676290784031, "dmean2": 0.0135275758803, "dvar": 0.00671720737591, "dvar2": 0.0201084837317, "max": 1, "mean": 0.99661898613, "median": 1, "min": 0, "var": 0.00336959632114}, "silence_rate_60dB": {"dmean": 0.00312134227715, "dmean2": 0.00624349620193, "dvar": 0.00311139598489, "dvar2": 0.00698413699865, "max": 1, "mean": 0.0305591672659, "median": 0, "min": 0, "var": 0.0296229515225}, "spectral_centroid": {"dmean": 279.05557251, "dmean2": 415.176300049, "dvar": 98611.3984375, "dvar2": 187806.046875, "max": 11415.9765625, "mean": 1362.55126953, "median": 1292.0637207, "min": 146.852600098, "var": 456890.125}, "spectral_complexity": {"dmean": 4.04525947571, "dmean2": 5.80645179749, "dvar": 19.4799842834, "dvar2": 34.7831001282, "max": 54, "mean": 19.6838760376, "median": 19, "min": 0, "var": 86.925819397}, "spectral_decrease": {"dmean": 3.76915831879e-09, "dmean2": 5.97430283023e-09, "dvar": 2.30966197818e-17, "dvar2": 5.57138038639e-17, "max": 7.75019146082e-11, "mean": -1.05024229313e-08, "median": -9.94688598155e-09, "min": -3.82976317326e-08, "var": 3.90307289616e-17}, "spectral_energy": {"dmean": 0.0145709263161, "dmean2": 0.0230203215033, "dvar": 0.000336555880494, "dvar2": 0.000809312274214, "max": 0.146431326866, "mean": 0.042216591537, "median": 0.0402853190899, "min": 9.98915020726e-21, "var": 0.000583350425586}, "spectral_energyband_high": {"dmean": 0.000588631082792, "dmean2": 0.000760757538956, "dvar": 1.1718634596e-06, "dvar2": 1.83832389666e-06, "max": 0.0309888664633, "mean": 0.00144895841368, "median": 0.0008394321776, "min": 7.35723032697e-21, "var": 4.12925919591e-06}, "spectral_energyband_low": {"dmean": 0.0115901967511, "dmean2": 0.0189679693431, "dvar": 0.000304085260723, "dvar2": 0.000751962536015, "max": 0.134979397058, "mean": 0.0220506936312, "median": 0.018528226763, "min": 4.71945187335e-23, "var": 0.000428240833571}, "spectral_energyband_middle_high": {"dmean": 0.00238358951174, "dmean2": 0.0034599499777, "dvar": 8.86480211193e-06, "dvar2": 1.87627028936e-05, "max": 0.0525450408459, "mean": 0.00713660754263, "median": 0.00552842067555, "min": 1.49649392637e-21, "var": 3.80425080948e-05}, "spectral_energyband_middle_low": {"dmean": 0.00685334345326, "dmean2": 0.0105198845267, "dvar": 9.4258444733e-05, "dvar2": 0.000211616817978, "max": 0.0936170965433, "mean": 0.0158151481301, "median": 0.0121459718794, "min": 1.20844996226e-22, "var": 0.000177398687811}, "spectral_entropy": {"dmean": 0.186682254076, "dmean2": 0.258451253176, "dvar": 0.0404012314975, "dvar2": 0.0704806149006, "max": 9.80180740356, "mean": 7.55049562454, "median": 7.61592054367, "min": 5.49064874649, "var": 0.244542047381}, "spectral_flux": {"dmean": 0.03452225402, "dmean2": 0.0535157993436, "dvar": 0.00138168246485, "dvar2": 0.00304543366656, "max": 0.340942829847, "mean": 0.108484447002, "median": 0.0974859595299, "min": 6.62167265464e-11, "var": 0.00302986451425}, "spectral_kurtosis": {"dmean": 1.41500031948, "dmean2": 2.26038169861, "dvar": 4.58998250961, "dvar2": 11.2527856827, "max": 50.4951820374, "mean": 3.53874802589, "median": 2.86438894272, "min": -1.24863529205, "var": 9.70736503601}, "spectral_rms": {"dmean": 0.00106538750697, "dmean2": 0.00164969044272, "dvar": 1.42159365168e-06, "dvar2": 3.20554545397e-06, "max": 0.0119523983449, "mean": 0.00609540054575, "median": 0.00626919046044, "min": 3.12178039495e-12, "var": 4.03305557484e-06}, "spectral_rolloff": {"dmean": 622.704345703, "dmean2": 1041.61865234, "dvar": 1450001.375, "dvar2": 2845880.75, "max": 19186.0839844, "mean": 1575.38806152, "median": 990.52734375, "min": 64.599609375, "var": 5012948.5}, "spectral_skewness": {"dmean": 0.217529967427, "dmean2": 0.326931744814, "dvar": 0.0634536892176, "dvar2": 0.133643269539, "max": 4.99277067184, "mean": 1.36443710327, "median": 1.29581713676, "min": -0.412835538387, "var": 0.223124042153}, "spectral_spread": {"dmean": 665522.625, "dmean2": 872089.4375, "dvar": 1127668252670.0, "dvar2": 1613675364350.0, "max": 40646064, "mean": 5198304.5, "median": 4762525, "min": 1240272.25, "var": 5426356682750.0}, "spectral_strongpeak": {"dmean": 0.534116387367, "dmean2": 0.920309007168, "dvar": 1.02407133579, "dvar2": 2.57628083229, "max": 19.3456573486, "mean": 0.909680485725, "median": 0.596785902977, "min": 0, "var": 1.3457556963}, "zerocrossingrate": {"dmean": 0.0126101542264, "dmean2": 0.0142023917288, "dvar": 0.000284865440335, "dvar2": 0.000292452488793, "max": 0.5205078125, "mean": 0.061308696866, "median": 0.05029296875, "min": 0.0048828125, "var": 0.00279315747321}, "barkbands": {"dmean": [0.000629019166809, 0.00623056152835, 0.00529205892235, 0.00450975680724, 0.00187210435979, 0.00135134067386, 0.000736774178222, 0.000519831897691, 0.00110433669761, 0.000861046311911, 0.000770439510234, 0.000395956652937, 0.000417730829213, 0.000434205896454, 0.000664691440761, 0.000358929246431, 0.000198878755327, 0.000189377402421, 0.000266550632659, 0.000150963387568, 0.000149496787344, 0.0001099359215, 0.000133178473334, 0.000147560509504, 7.77017048676e-05, 5.15034807904e-05, 9.42808492255e-06], "dmean2": [0.000995304202661, 0.0102230459452, 0.00926760863513, 0.00709559163079, 0.00310308975168, 0.00221785204485, 0.00119049788918, 0.000841016939376, 0.00173478957731, 0.00133884290699, 0.00116666813847, 0.000619840750005, 0.000661619124003, 0.000686281127855, 0.00104221364018, 0.000568324758206, 0.000305304769427, 0.00029487957363, 0.00041017314652, 0.000230061021284, 0.000222437476623, 0.000165821387782, 0.000191800267203, 0.000195389831788, 0.000100197466963, 6.58573699184e-05, 1.29414902403e-05], "dvar": [3.58984721061e-06, 0.00017092267808, 6.33578383713e-05, 7.43963464629e-05, 7.25191011952e-06, 5.05736397827e-06, 2.17221327148e-06, 1.52854045155e-06, 5.77995524509e-06, 4.03914373237e-06, 3.56517671207e-06, 9.59373551268e-07, 5.84930319292e-07, 7.96725089458e-07, 1.43461272728e-06, 5.51561470274e-07, 1.85946930742e-07, 1.19929410403e-07, 1.74080469151e-07, 4.72995651535e-08, 5.03238091198e-08, 4.41814336227e-08, 1.9411595531e-07, 1.64277906833e-07, 5.64535618253e-08, 4.37807905485e-08, 1.07036179919e-09], "dvar2": [8.84348082764e-06, 0.000414827314671, 0.000186899807886, 0.000170500119566, 1.81054056156e-05, 1.19852174976e-05, 5.32173362444e-06, 3.82312100555e-06, 1.34934980451e-05, 9.57532938628e-06, 7.37763548386e-06, 2.24580958275e-06, 1.31060244257e-06, 1.68349276919e-06, 3.32341414833e-06, 1.3156480918e-06, 3.72554154637e-07, 2.76656606957e-07, 4.23354975965e-07, 1.08449853542e-07, 1.08557244971e-07, 9.06007358026e-08, 3.4878689803e-07, 2.75569902897e-07, 9.15944085023e-08, 7.14442975891e-08, 2.32019226054e-09], "max": [0.0223276596516, 0.104795314372, 0.095074608922, 0.0768642276525, 0.0508551448584, 0.0399211719632, 0.0310817528516, 0.0288095213473, 0.0358432717621, 0.0370216481388, 0.0392005816102, 0.0340824909508, 0.0176068432629, 0.0195989869535, 0.0257262848318, 0.0181068163365, 0.0181215982884, 0.00651666149497, 0.00629408145323, 0.00393151678145, 0.00436150841415, 0.00783180911094, 0.0208682641387, 0.00891035050154, 0.00652566365898, 0.0093587776646, 0.00126872898545], "mean": [0.000582131498959, 0.00882478244603, 0.00848469417542, 0.00694084912539, 0.00322655728087, 0.00202873931266, 0.00125467765611, 0.000686491082888, 0.00153166800737, 0.00128602946643, 0.00113708979916, 0.000603012216743, 0.000619142956566, 0.000686950574163, 0.0010400658939, 0.000556372047868, 0.00033945433097, 0.000303204753436, 0.000487463694299, 0.000302302301861, 0.000328636757331, 0.00021630145784, 0.000243317233981, 0.000266331626335, 0.000140093659866, 8.69155919645e-05, 1.33912635647e-05], "median": [2.3069242161e-05, 0.00358968344517, 0.00442723883316, 0.00269361515529, 0.00211574370041, 0.0010344175389, 0.000675001880154, 0.000236492007389, 0.000489068799652, 0.000320386781823, 0.00022297038231, 0.000196937602595, 0.00031490001129, 0.000267056253506, 0.000553203281015, 0.000253844773397, 0.000153268338181, 0.000163790449733, 0.000245989795076, 0.000181572904694, 0.000185152515769, 0.000104279315565, 9.88924221019e-05, 6.94574628142e-05, 3.13679483952e-05, 1.02805934148e-05, 8.61477019498e-07], "min": [2.05294463595e-24, 7.37715345089e-24, 1.42681382368e-23, 4.71394365208e-24, 3.3527625824e-24, 2.44823818128e-23, 3.3432051381e-23, 1.44786457693e-23, 2.44903682406e-23, 2.65129839358e-23, 2.19288611507e-23, 4.05591950895e-23, 6.32761551058e-23, 9.64023240931e-23, 5.09112305776e-23, 5.69398791647e-23, 1.61049879173e-22, 1.6645177146e-22, 2.11211575139e-22, 2.44902385519e-22, 3.12682198019e-22, 3.72137293916e-22, 4.5165737617e-22, 7.48398525453e-22, 1.08727348037e-21, 1.45998428247e-21, 2.12422000788e-21], "var": [3.52571851181e-06, 0.000198349909624, 0.000109108681499, 0.000112859735964, 1.40721040225e-05, 9.46937416302e-06, 3.78315007765e-06, 1.90367984487e-06, 9.22004619497e-06, 7.75668286224e-06, 7.78863613959e-06, 1.98545149033e-06, 9.71053282228e-07, 1.92254606191e-06, 2.84992052002e-06, 9.75876218945e-07, 5.28216503426e-07, 2.05536068165e-07, 4.04582493729e-07, 1.19744271387e-07, 1.50805774979e-07, 1.09035234175e-07, 4.30193068723e-07, 4.63396418127e-07, 1.77917868882e-07, 1.29362902612e-07, 2.04743000332e-09]}, "erbbands": {"dmean": [0.217852547765, 1.40130901337, 5.1512131691, 11.2627515793, 8.38617801666, 6.58442592621, 9.25605964661, 11.4518184662, 10.8223781586, 9.6248254776, 14.7075471878, 26.2298183441, 15.4227199554, 35.0588607788, 25.4211730957, 16.4286575317, 18.6375255585, 19.6804771423, 27.399225235, 31.8804168701, 18.124294281, 9.20222091675, 7.78522443771, 11.8552618027, 13.7436466217, 7.4339799881, 6.80051088333, 5.09056854248, 4.099650383, 3.3190882206, 3.97690105438, 3.23464941978, 2.54580187798, 1.25000500679, 0.370076626539, 0.255804866552, 0.0924691855907, 0.0144679006189, 0.00166710058693, 8.267773228e-05], "dmean2": [0.375796884298, 2.36265873909, 9.02282905579, 18.1803874969, 13.5378570557, 10.935997963, 15.1425685883, 19.0005626678, 17.5341854095, 15.5060787201, 23.3514575958, 41.0553436279, 24.3213272095, 53.430267334, 38.5876502991, 25.8256435394, 29.3461894989, 30.7058429718, 42.543422699, 49.8487205505, 28.4702148438, 13.9225282669, 11.7969989777, 18.5453701019, 21.0846405029, 11.3112783432, 10.1967935562, 7.5553984642, 6.21786308289, 4.85874986649, 5.68929338455, 4.44144439697, 3.39481639862, 1.63155603409, 0.478695392609, 0.330981612206, 0.120493777096, 0.0191055107862, 0.00226229475811, 0.000113304166007], "dvar": [0.376900136471, 7.77130746841, 62.7053031921, 341.042388916, 201.866455078, 113.771881104, 294.16192627, 446.664459229, 395.588897705, 532.347229004, 1304.10888672, 3935.27319336, 909.549316406, 6205.23632812, 3737.77954102, 1294.93530273, 1139.92285156, 1432.43066406, 3865.25317383, 4118.54882812, 1547.27722168, 538.714660645, 173.712158203, 466.716644287, 525.101013184, 115.860214233, 110.67805481, 59.6595077515, 59.7214050293, 88.0340270996, 210.613052368, 85.3853912354, 55.3859901428, 15.8382520676, 1.23738658428, 1.17719292641, 0.132671520114, 0.00293703889474, 3.30339607899e-05, 4.47625723154e-08], "dvar2": [0.996795773506, 20.3954181671, 184.002410889, 811.843200684, 473.534240723, 284.289550781, 726.264770508, 1070.84753418, 968.460144043, 1280.4005127, 3228.98242188, 9265.06347656, 2156.01049805, 14383.2539062, 7982.37451172, 3039.57641602, 2592.47729492, 3140.84399414, 8671.67089844, 9431.82128906, 3863.25390625, 1007.01898193, 366.163513184, 1136.82861328, 1251.71972656, 266.971252441, 251.892807007, 122.968406677, 131.54901123, 147.957138062, 405.284515381, 152.839035034, 96.8687515259, 26.814414978, 1.99628388882, 1.96970295906, 0.233683988452, 0.00583666237071, 7.20541283954e-05, 9.34077206693e-08], "max": [5.224401474, 26.1183242798, 83.5976028442, 169.474639893, 158.00213623, 216.850692749, 439.694763184, 386.078765869, 393.824493408, 618.649047852, 834.082946777, 1055.68566895, 636.601928711, 1367.02832031, 1349.0201416, 1072.03894043, 741.948303223, 686.776672363, 1555.27380371, 1687.61401367, 1069.48071289, 1205.48864746, 272.131195068, 386.986724854, 446.263946533, 203.331634521, 198.339187622, 112.268310547, 158.367202759, 421.348327637, 775.934875488, 248.782791138, 187.151397705, 97.6527175903, 33.4685897827, 50.1002807617, 13.7702894211, 1.9746285677, 0.226029500365, 0.00638841604814], "mean": [0.225368574262, 2.13780975342, 8.6367559433, 19.0602684021, 14.4837627411, 10.9007663727, 13.5359725952, 16.6559352875, 18.397108078, 15.3583574295, 20.8433265686, 36.6332855225, 24.1307964325, 55.094493866, 40.8494529724, 26.9879951477, 29.9814720154, 33.0108451843, 45.9548187256, 52.8433799744, 30.2320842743, 17.3230476379, 14.5627641678, 21.3388881683, 25.4239654541, 15.6060333252, 14.5456724167, 11.2258939743, 8.34582710266, 6.11072063446, 7.06020355225, 5.79585981369, 4.43641424179, 2.19959044456, 0.670767843723, 0.431283771992, 0.148348167539, 0.0224427413195, 0.00239093368873, 0.000150550127728], "median": [0.052345700562, 1.03188252449, 5.01474618912, 10.4531126022, 8.76745796204, 6.35472679138, 6.67196273804, 8.10635566711, 10.3336524963, 7.36937904358, 8.51257228851, 11.825214386, 10.9298019409, 17.0561714172, 12.9995546341, 12.3412189484, 17.0448169708, 15.8800601959, 20.6009197235, 21.7417526245, 15.0404567719, 8.58922576904, 8.53467750549, 11.9169836044, 13.5686187744, 9.84621238708, 8.55598449707, 6.20753955841, 4.0155544281, 2.76320648193, 2.75103139877, 1.73537874222, 1.05249142647, 0.482809215784, 0.14820754528, 0.0592137202621, 0.0166561696678, 0.0019757822156, 0.000183702781214, 6.37884586467e-05], "min": [2.92495790191e-22, 2.39690183356e-21, 1.1052575703e-20, 2.42311283649e-20, 8.41954349099e-21, 1.37872073431e-20, 6.21298783133e-20, 2.43381765222e-19, 5.9883771465e-19, 2.9152504689e-19, 4.47426129233e-19, 6.11860432624e-19, 9.87252778984e-19, 1.2390486254e-18, 8.15759626438e-19, 1.82570465796e-18, 2.60648064495e-18, 5.99196276767e-18, 2.02006873406e-18, 3.48700096532e-18, 4.22468353073e-18, 8.92713748428e-18, 1.08469972162e-17, 1.10512975927e-17, 9.9608179465e-18, 1.00032564478e-17, 1.36528360402e-17, 1.24040489141e-17, 1.55286202804e-17, 1.2032690314e-17, 1.46810777899e-17, 1.38767736844e-17, 1.16192373197e-17, 9.58672716883e-18, 8.82455468062e-18, 4.61258739744e-18, 2.88491811773e-18, 1.15201516289e-18, 3.21583678826e-19, 2.99343512804e-20], "var": [0.308277130127, 8.92690086365, 98.708694458, 562.702636719, 312.560455322, 213.710235596, 463.207977295, 780.935974121, 712.291015625, 888.043762207, 1619.66223145, 6180.38671875, 1445.89770508, 12301.5, 8377.67285156, 2375.74804688, 1938.26379395, 2954.54321289, 8522.97460938, 9622.41894531, 2256.06274414, 1718.5625, 386.79006958, 916.856018066, 1148.98864746, 302.817779541, 296.191162109, 184.048416138, 144.5887146, 213.478378296, 409.498901367, 194.78062439, 156.740219116, 46.8097801208, 3.9486978054, 3.31064891815, 0.369690090418, 0.00692826043814, 6.28974667052e-05, 9.22965242012e-08]}, "gfcc": {"mean": [17.1638355255, 86.4031448364, -108.779548645, 41.520690918, -50.0333213806, 17.7119255066, -34.0173950195, 2.22563242912, -23.9601287842, -1.22805607319, -18.1156826019, -8.00266551971, -11.6600408554], "cov": [[15060.2851562, 320.620910645, -756.451599121, 151.289794922, -716.349060059, 485.768920898, -47.2021217346, 192.596618652, -220.852920532, 185.842788696, -152.998519897, -32.7382125854, -50.0181465149], [320.620910645, 1688.19592285, -461.280914307, 66.7859954834, 154.581115723, -187.649047852, 180.722610474, -119.831672668, 103.448661804, -57.4502754211, 74.5578460693, -91.346496582, 107.627380371], [-756.451599121, -461.280914307, 999.548095703, -21.6711597443, 119.936439514, 105.387443542, -135.101501465, 77.7502212524, 48.7871055603, 42.1971359253, -20.1393947601, 80.2332382202, -86.1948471069], [151.289794922, 66.7859954834, -21.6711597443, 362.619995117, 71.4337158203, 21.4790115356, -1.71431779861, -32.5254135132, 37.6638145447, 4.76795578003, -16.7214183807, -22.2259693146, 2.17438411713], [-716.349060059, 154.581115723, 119.936439514, 71.4337158203, 383.962432861, -9.41522598267, 56.4078788757, -30.2539043427, 62.7619361877, 17.7954425812, -31.7599163055, -5.22374820709, 10.5592546463], [485.768920898, -187.649047852, 105.387443542, 21.4790115356, -9.41522598267, 265.015472412, 57.0188179016, 48.5193977356, -16.8587913513, 31.9828739166, 13.5693950653, 14.9486227036, -8.78172969818], [-47.2021217346, 180.722610474, -135.101501465, -1.71431779861, 56.4078788757, 57.0188179016, 263.297088623, 46.6370010376, -15.3078460693, 13.4377794266, 29.3257675171, -3.82427191734, 26.9908351898], [192.596618652, -119.831672668, 77.7502212524, -32.5254135132, -30.2539043427, 48.5193977356, 46.6370010376, 163.541534424, 37.0363388062, 6.56295776367, 10.4894075394, 21.2685527802, 1.76943051815], [-220.852920532, 103.448661804, 48.7871055603, 37.6638145447, 62.7619361877, -16.8587913513, -15.3078460693, 37.0363388062, 149.21875, 31.6521987915, 4.75832223892, -0.482616096735, 19.3592014313], [185.842788696, -57.4502754211, 42.1971359253, 4.76795578003, 17.7954425812, 31.9828739166, 13.4377794266, 6.56295776367, 31.6521987915, 120.246192932, 16.8480453491, 7.93980169296, -4.96182823181], [-152.998519897, 74.5578460693, -20.1393947601, -16.7214183807, -31.7599163055, 13.5693950653, 29.3257675171, 10.4894075394, 4.75832223892, 16.8480453491, 103.833656311, 27.5329380035, 14.6176805496], [-32.7382125854, -91.346496582, 80.2332382202, -22.2259693146, -5.22374820709, 14.9486227036, -3.82427191734, 21.2685527802, -0.482616096735, 7.93980169296, 27.5329380035, 87.5081710815, 13.9592075348], [-50.0181465149, 107.627380371, -86.1948471069, 2.17438411713, 10.5592546463, -8.78172969818, 26.9908351898, 1.76943051815, 19.3592014313, -4.96182823181, 14.6176805496, 13.9592075348, 82.3523864746]], "icov": [[0.000111232940981, -0.000149363448145, 0.000115474867926, -7.73958890932e-05, 0.000178510541446, -0.000278705963865, 0.000229301876971, -0.000311694544507, 0.000287952512736, -0.000356537435437, 0.000421540986281, -0.000216382977669, 0.000137286580866], [-0.000149363448145, 0.00128326541744, 2.46910144597e-06, 0.00011145278404, -0.000447195430752, 0.000904904911295, -0.00110212212894, 0.00130809226539, -0.00137603131589, 0.00117705611046, -0.00154633144848, 0.00126641872339, -0.000827040988952], [0.000115474867926, 2.46910144597e-06, 0.00180838350207, 7.83204450272e-05, -0.000649927125778, -0.000862365995999, 0.00122193980496, -0.00100835831836, -4.00121789426e-05, -0.000448096223408, 0.000446619989816, -0.00156273529865, 0.00173817772884], [-7.73958890932e-05, 0.00011145278404, 7.83204450272e-05, 0.00314158201218, -0.000543445814401, -0.000402326375479, -8.42167719384e-05, 0.000980510376394, -0.00117753969971, 0.000444314122433, -3.72062277165e-05, 0.000564040266909, 5.42521302123e-05], [0.000178510541446, -0.000447195430752, -0.000649927125778, -0.000543445814401, 0.00408742623404, -0.000186538600246, -0.00128900562413, 0.00105730665382, -0.00111064885277, -0.000700816977769, 0.00225380132906, -0.000599873019382, -0.000196775436052], [-0.000278705963865, 0.000904904911295, -0.000862365995999, -0.000402326375479, -0.000186538600246, 0.00569604104385, -0.00205557700247, 0.000167418154888, -3.64307779819e-05, 5.95378696744e-05, -0.00170954479836, 0.00107548036613, -0.000809155404568], [0.000229301876971, -0.00110212212894, 0.00122193980496, -8.42167719384e-05, -0.00128900562413, -0.00205557700247, 0.00691372528672, -0.00384088722058, 0.00312378653325, -0.00192557414994, -2.23113092943e-05, -0.000474889006, -0.000142424352816], [-0.000311694544507, 0.00130809226539, -0.00100835831836, 0.000980510376394, 0.00105730665382, 0.000167418154888, -0.00384088722058, 0.010514177382, -0.00516615156084, 0.00259115849622, -0.00121024798136, -7.46760124457e-05, -0.000466906232759], [0.000287952512736, -0.00137603131589, -4.00121789426e-05, -0.00117753969971, -0.00111064885277, -3.64307779819e-05, 0.00312378653325, -0.00516615156084, 0.0115790944546, -0.00420414516702, 0.000891443400178, 0.000222161717829, -0.00198301463388], [-0.000356537435437, 0.00117705611046, -0.000448096223408, 0.000444314122433, -0.000700816977769, 5.95378696744e-05, -0.00192557414994, 0.00259115849622, -0.00420414516702, 0.0112648736686, -0.00323439994827, 0.000737355090678, 0.000552190758754], [0.000421540986281, -0.00154633144848, 0.000446619989816, -3.72062277165e-05, 0.00225380132906, -0.00170954479836, -2.23113092943e-05, -0.00121024798136, 0.000891443400178, -0.00323439994827, 0.0143674472347, -0.005421070382, 0.000271648488706], [-0.000216382977669, 0.00126641872339, -0.00156273529865, 0.000564040266909, -0.000599873019382, 0.00107548036613, -0.000474889006, -7.46760124457e-05, 0.000222161717829, 0.000737355090678, -0.005421070382, 0.0164475422353, -0.0049217203632], [0.000137286580866, -0.000827040988952, 0.00173817772884, 5.42521302123e-05, -0.000196775436052, -0.000809155404568, -0.000142424352816, -0.000466906232759, -0.00198301463388, 0.000552190758754, 0.000271648488706, -0.0049217203632, 0.0164061710238]]}, "melbands": {"dmean": [0.00178990268614, 0.00235193572007, 0.00181262288243, 0.000474203028716, 0.000305816589389, 0.000253541191341, 0.000160731200594, 9.927830979e-05, 0.000142713950481, 0.000158387672855, 7.86655509728e-05, 0.000147728525917, 0.000107310144813, 4.39494469902e-05, 4.81206225231e-05, 3.56621858373e-05, 3.95172464778e-05, 4.58305767097e-05, 4.02970144933e-05, 3.40370970662e-05, 2.14544998016e-05, 1.05830895336e-05, 8.97758309293e-06, 9.25457061385e-06, 1.03527945612e-05, 1.1973474102e-05, 6.97989344189e-06, 5.10412974108e-06, 4.60688852399e-06, 4.26672704634e-06, 3.0342143873e-06, 2.75121237792e-06, 1.89210072676e-06, 2.02173941943e-06, 2.28418775805e-06, 2.56869338955e-06, 1.92892684936e-06, 2.08582127925e-06, 1.22261769775e-06, 1.06870595573e-06], "dmean2": [0.00296720070764, 0.00410809926689, 0.00291448435746, 0.000784360454418, 0.000497354427353, 0.000418946234277, 0.000259624619503, 0.000159864575835, 0.000225386902457, 0.000248231284786, 0.000124403391965, 0.000225685289479, 0.000161420859513, 6.82536701788e-05, 7.66339289839e-05, 5.59219879506e-05, 6.23175947112e-05, 7.13589470251e-05, 6.38334677205e-05, 5.30735924258e-05, 3.38482022926e-05, 1.61835505423e-05, 1.4014507542e-05, 1.43580200529e-05, 1.64300709002e-05, 1.87664772966e-05, 1.0555980225e-05, 7.96291351435e-06, 7.1065433076e-06, 6.47664091957e-06, 4.62112802779e-06, 4.28702333011e-06, 2.82967471321e-06, 3.0252920169e-06, 3.31836895384e-06, 3.77151764042e-06, 2.67429595624e-06, 2.86830595542e-06, 1.64906725786e-06, 1.43331703839e-06], "dvar": [1.84378222912e-05, 1.44257473949e-05, 8.90382216312e-06, 4.74132406225e-07, 2.85251815058e-07, 1.98810653274e-07, 8.75066277217e-08, 5.07660509186e-08, 1.14869443735e-07, 1.38827417118e-07, 2.465702309e-08, 1.1499805197e-07, 7.04858109657e-08, 1.35869351325e-08, 8.05580313568e-09, 4.11674472289e-09, 6.15881745603e-09, 1.11030669103e-08, 5.14808506935e-09, 4.53305748493e-09, 2.40928166306e-09, 1.02565012039e-09, 2.22865004229e-10, 3.40281997024e-10, 4.01912170211e-10, 3.95789373497e-10, 1.31575458862e-10, 5.97403654323e-11, 5.18484907785e-11, 4.83833875742e-11, 2.30286970049e-11, 2.56281142141e-11, 2.11266022038e-11, 3.70284150564e-11, 6.8504445172e-11, 7.81604503342e-11, 2.88585075975e-11, 4.05067195064e-11, 1.23354815945e-11, 1.36635095599e-11], "dvar2": [4.59438633698e-05, 4.15931972384e-05, 2.10547605093e-05, 1.17610420602e-06, 6.90270383075e-07, 4.71523833312e-07, 2.13996798948e-07, 1.22676127035e-07, 2.79086918908e-07, 3.32724567897e-07, 5.80863535049e-08, 2.67600000825e-07, 1.49731093302e-07, 3.14249710698e-08, 1.87043625033e-08, 9.05597907774e-09, 1.36236000259e-08, 2.41858515437e-08, 1.22999246344e-08, 1.02904174071e-08, 6.01560046221e-09, 1.91080529177e-09, 5.30157973078e-10, 7.58179241611e-10, 9.89950343921e-10, 9.85672321541e-10, 3.02728148105e-10, 1.43026340771e-10, 1.21050322544e-10, 1.09856596042e-10, 5.04317178296e-11, 5.93358487344e-11, 4.37653246976e-11, 6.31388552552e-11, 1.25703406018e-10, 1.6368476019e-10, 5.13581295547e-11, 7.61041160646e-11, 2.10642458337e-11, 2.51981196325e-11], "max": [0.0368789546192, 0.0315643884242, 0.0265418831259, 0.00834275595844, 0.0130307739601, 0.00774897262454, 0.00560028292239, 0.00573659781367, 0.00784691609442, 0.00597030762583, 0.00333651341498, 0.00608198484406, 0.00593270920217, 0.00499399611726, 0.00200179242529, 0.00150817888789, 0.00157723831944, 0.00228451611474, 0.00138102984056, 0.00170196499676, 0.00136818282772, 0.00170119456016, 0.000300717714708, 0.000475718232337, 0.000393892405555, 0.000361831887858, 0.000202201394131, 0.000135140566272, 0.000153111192049, 0.000163678996614, 8.42006702442e-05, 0.000107860243588, 0.000246197014349, 0.000222587099415, 0.000449706945801, 0.000358639663318, 0.00010186763393, 0.000146092977957, 0.000101810896012, 9.64760765783e-05], "mean": [0.00225804443471, 0.0040116016753, 0.00320010120049, 0.000860992178787, 0.000468951417133, 0.000377906661015, 0.000275554397376, 0.000152224703925, 0.00019905611407, 0.000217126013013, 0.000118222596939, 0.000226531774388, 0.000162242649822, 6.85220147716e-05, 7.36398942536e-05, 5.58446809009e-05, 6.14795135334e-05, 7.29910825612e-05, 6.43774255877e-05, 5.53723693884e-05, 3.24366083078e-05, 1.79677153938e-05, 1.45460762724e-05, 1.4490002286e-05, 1.67329399119e-05, 2.08574983844e-05, 1.26591330627e-05, 9.71997633314e-06, 9.00400937098e-06, 8.32725982036e-06, 5.90647414356e-06, 5.13768145538e-06, 3.39573216479e-06, 3.3804051327e-06, 3.8847210817e-06, 4.25728148912e-06, 3.27112184095e-06, 3.45105627275e-06, 2.16169291889e-06, 1.7767403051e-06], "median": [0.000752201885916, 0.00270746508613, 0.00192432757467, 0.000564519898035, 0.000256612547673, 0.000190035993, 0.000157343587489, 6.92243411322e-05, 7.2366965469e-05, 6.79599470459e-05, 4.38920833403e-05, 6.14205855527e-05, 3.79993580282e-05, 2.18858622247e-05, 3.96287650801e-05, 2.81240536424e-05, 2.49911645369e-05, 2.81447610178e-05, 3.22694286297e-05, 2.50866469287e-05, 1.39962930916e-05, 6.95095422998e-06, 8.09042012406e-06, 7.10674157745e-06, 8.36560411699e-06, 1.08065341919e-05, 6.56351539874e-06, 5.83255223319e-06, 5.07735330757e-06, 4.52771928394e-06, 2.95946847473e-06, 2.36208711613e-06, 1.4846373233e-06, 1.4082229427e-06, 1.50811865751e-06, 1.4162790194e-06, 8.75090677255e-07, 7.46262344364e-07, 5.73425154471e-07, 3.04026627873e-07], "min": [3.92913670305e-24, 5.5308552678e-24, 3.60986063445e-24, 7.16883559899e-25, 1.74202970409e-24, 5.06788463544e-24, 8.92890990464e-24, 2.74708937887e-24, 3.45622050683e-24, 4.12026271203e-24, 5.18698724934e-24, 5.26702231577e-24, 2.8486564037e-24, 4.42357184148e-24, 5.038018756e-24, 7.7251499729e-24, 1.06338962783e-23, 2.57543679576e-24, 3.87037405979e-24, 5.33913721871e-24, 4.94170948909e-24, 8.51235505908e-24, 9.91915989922e-24, 8.6159332848e-24, 7.19070854253e-24, 8.20482079062e-24, 7.02527809981e-24, 5.89500371684e-24, 7.96253320764e-24, 7.72710871453e-24, 6.82162103536e-24, 9.449569935e-24, 5.593080616e-24, 6.5045111788e-24, 8.14213080335e-24, 7.58270535924e-24, 9.13282019345e-24, 8.43966704869e-24, 5.69459360387e-24, 8.04236908669e-24], "var": [1.82973453775e-05, 1.91046547116e-05, 1.42808812598e-05, 8.8999053105e-07, 4.83584926769e-07, 3.64367650718e-07, 1.57251577093e-07, 8.28274622222e-08, 1.51578149143e-07, 2.06028673233e-07, 4.00342443641e-08, 2.26756910138e-07, 1.52407963583e-07, 3.3116979381e-08, 1.28518689024e-08, 7.62617702321e-09, 1.19455441094e-08, 2.62826098663e-08, 1.07020827755e-08, 1.07953601614e-08, 3.32390848179e-09, 3.24928461914e-09, 4.13848150194e-10, 5.82548398409e-10, 7.32372495982e-10, 7.93460352977e-10, 2.93178009647e-10, 1.35749189667e-10, 1.22467980201e-10, 1.21705298617e-10, 5.88692428138e-11, 5.62818888716e-11, 4.46932386933e-11, 8.341858454e-11, 1.39046760217e-10, 1.31041094642e-10, 6.82539025298e-11, 1.03123308504e-10, 3.67259833656e-11, 3.5626480932e-11]}, "mfcc": {"mean": [-622.973327637, 111.758003235, 6.50828695297, 27.8708515167, 8.43829536438, 13.7719182968, 3.87787270546, 1.41311860085, -0.122035615146, 6.61205148697, -5.86729669571, -3.91870164871, -3.8959479332], "cov": [[8378.82226562, 243.629516602, -154.246582031, -9.73616504669, -243.895431519, 60.7996177673, 191.649658203, 72.1720428467, 30.3602027893, 91.1787338257, 17.6012992859, -11.1717758179, -13.8445320129], [243.629516602, 1403.33532715, -285.389892578, 181.744720459, -21.4550495148, 37.1818389893, 12.8163833618, -7.03161764145, 21.578414917, 27.9876708984, -11.4561262131, 4.65837812424, 35.5940666199], [-154.246582031, -285.389892578, 719.309326172, -105.454704285, 155.003051758, -9.61141967773, -45.5983467102, 46.230430603, -26.9215221405, -10.618812561, 47.6985397339, 33.261680603, 4.3620929718], [-9.73616504669, 181.744720459, -105.454704285, 367.560638428, 71.2847137451, 67.8029632568, -32.2241783142, -17.9230670929, 40.8682670593, -5.82969141006, 8.07315540314, 1.39906215668, 0.498971819878], [-243.895431519, -21.4550495148, 155.003051758, 71.2847137451, 287.859771729, 49.2145271301, -60.25340271, 2.26681399345, 34.4742889404, 8.25892162323, 2.82245922089, 10.9543552399, 11.959197998], [60.7996177673, 37.1818389893, -9.61141967773, 67.8029632568, 49.2145271301, 222.143218994, 59.9281349182, -2.61104226112, 26.2256183624, 20.7883434296, 22.3692703247, -7.9311876297, 12.8395624161], [191.649658203, 12.8163833618, -45.5983467102, -32.2241783142, -60.25340271, 59.9281349182, 198.797668457, 53.9706916809, 17.9083251953, 23.5292510986, 18.2334289551, -3.6080300808, 2.8573012352], [72.1720428467, -7.03161764145, 46.230430603, -17.9230670929, 2.26681399345, -2.61104226112, 53.9706916809, 141.875656128, 38.2462501526, 13.9275188446, 11.5592813492, 12.6707782745, 0.812492847443], [30.3602027893, 21.578414917, -26.9215221405, 40.8682670593, 34.4742889404, 26.2256183624, 17.9083251953, 38.2462501526, 127.013519287, 42.3327636719, 21.5286617279, 1.43745291233, 5.89349365234], [91.1787338257, 27.9876708984, -10.618812561, -5.82969141006, 8.25892162323, 20.7883434296, 23.5292510986, 13.9275188446, 42.3327636719, 129.857498169, 19.1767845154, 3.48567700386, 8.99420833588], [17.6012992859, -11.4561262131, 47.6985397339, 8.07315540314, 2.82245922089, 22.3692703247, 18.2334289551, 11.5592813492, 21.5286617279, 19.1767845154, 103.59312439, 29.7117824554, 2.45714068413], [-11.1717758179, 4.65837812424, 33.261680603, 1.39906215668, 10.9543552399, -7.9311876297, -3.6080300808, 12.6707782745, 1.43745291233, 3.48567700386, 29.7117824554, 88.0468215942, 22.705286026], [-13.8445320129, 35.5940666199, 4.3620929718, 0.498971819878, 11.959197998, 12.8395624161, 2.8573012352, 0.812492847443, 5.89349365234, 8.99420833588, 2.45714068413, 22.705286026, 79.4651870728]], "icov": [[0.00012566591613, -1.83275697054e-05, -1.07535961433e-05, -1.42298003993e-05, 0.000107335341454, -2.91788201139e-05, -6.74527909723e-05, -3.14103308483e-05, -8.36606159282e-06, -7.42878182791e-05, 1.73112657649e-05, -3.96642826672e-06, 3.17168742185e-05], [-1.83275697054e-05, 0.000829816388432, 0.000291529664537, -0.000347044318914, -1.82557796506e-05, 1.79597168426e-06, 8.1803982539e-06, -0.000109202992462, 0.000143837110954, -0.000170094193891, 2.04453608603e-05, -4.05198625231e-05, -0.000365899031749], [-1.07535961433e-05, 0.000291529664537, 0.00205383473076, 0.000608787173405, -0.00123735808302, -1.3801991372e-06, 0.000423705758294, -0.00086067605298, 0.000874713587109, 0.000115106755402, -0.00106215290725, -0.00014929388999, -7.14150955901e-05], [-1.42298003993e-05, -0.000347044318914, 0.000608787173405, 0.00360525702126, -0.000848149182275, -0.000985060469247, 0.000781299895607, 0.000164180310094, -0.000865487207193, 0.000667883956339, -0.000405148835853, -0.000229609853704, 0.00042067290633], [0.000107335341454, -1.82557796506e-05, -0.00123735808302, -0.000848149182275, 0.00517027266324, -0.00128016527742, 0.00151725090109, -8.11615536804e-05, -0.00139852322172, -0.00025347204064, 0.000952228554524, -0.000398230942665, -0.000308112503262], [-2.91788201139e-05, 1.79597168426e-06, -1.3801991372e-06, -0.000985060469247, -0.00128016527742, 0.00601376080886, -0.00242644711398, 0.00103179144207, -0.000226598844165, -0.000312360876705, -0.0010504887905, 0.00107435218524, -0.000924269843381], [-6.74527909723e-05, 8.1803982539e-06, 0.000423705758294, 0.000781299895607, 0.00151725090109, -0.00242644711398, 0.00742094637826, -0.00283667701297, 6.63686514599e-05, -0.000538582215086, -0.000790885125753, 0.000453659245977, -0.000166827390785], [-3.14103308483e-05, -0.000109202992462, -0.00086067605298, 0.000164180310094, -8.11615536804e-05, 0.00103179144207, -0.00283667701297, 0.00930929556489, -0.00298217637464, 0.000229013647186, 0.000556279032025, -0.00130368338432, 0.000492520281114], [-8.36606159282e-06, 0.000143837110954, 0.000874713587109, -0.000865487207193, -0.00139852322172, -0.000226598844165, 6.63686514599e-05, -0.00298217637464, 0.0109099885449, -0.00282051996328, -0.00192418845836, 0.000983434729278, -0.000544667011127], [-7.42878182791e-05, -0.000170094193891, 0.000115106755402, 0.000667883956339, -0.00025347204064, -0.000312360876705, -0.000538582215086, 0.000229013647186, -0.00282051996328, 0.00908998958766, -0.00108162383549, 0.00011544382869, -0.000660827790853], [1.73112657649e-05, 2.04453608603e-05, -0.00106215290725, -0.000405148835853, 0.000952228554524, -0.0010504887905, -0.000790885125753, 0.000556279032025, -0.00192418845836, -0.00108162383549, 0.0122531056404, -0.00429101381451, 0.00121618900448], [-3.96642826672e-06, -4.05198625231e-05, -0.00014929388999, -0.000229609853704, -0.000398230942665, 0.00107435218524, 0.000453659245977, -0.00130368338432, 0.000983434729278, 0.00011544382869, -0.00429101381451, 0.0142610426992, -0.00411761645228], [3.17168742185e-05, -0.000365899031749, -7.14150955901e-05, 0.00042067290633, -0.000308112503262, -0.000924269843381, -0.000166827390785, 0.000492520281114, -0.000544667011127, -0.000660827790853, 0.00121618900448, -0.00411761645228, 0.0142055917531]]}, "spectral_contrast_coeffs": {"dmean": [0.0556540153921, 0.0543023645878, 0.0461133569479, 0.0393901355565, 0.0291947647929, 0.0209608543664], "dmean2": [0.0903227925301, 0.0881649553776, 0.072270989418, 0.0610626414418, 0.0442659817636, 0.0311301611364], "dvar": [0.00230645900592, 0.00198254454881, 0.00151634414215, 0.00108984415419, 0.000675113929901, 0.000401554745622], "dvar2": [0.0055924654007, 0.0050697834231, 0.00347031815909, 0.00249201827683, 0.00144972046837, 0.000795995176304], "max": [-0.308424055576, -0.321306914091, -0.386705845594, -0.443026095629, -0.478984117508, -0.507240891457], "mean": [-0.600739896297, -0.721386611462, -0.736056804657, -0.733993530273, -0.766117751598, -0.750310361385], "median": [-0.608580350876, -0.725941777229, -0.74026632309, -0.737473726273, -0.772810161114, -0.747618794441], "min": [-0.956571877003, -0.979045033455, -0.987463593483, -0.982251524925, -0.973744630814, -0.960439741611], "var": [0.00911059975624, 0.00650028046221, 0.0078028854914, 0.00552988378331, 0.00364802754484, 0.0025437893346]}, "spectral_contrast_valleys": {"dmean": [0.430003106594, 0.411054521799, 0.374912977219, 0.36109110713, 0.327143102884, 0.342302054167], "dmean2": [0.703378081322, 0.66125869751, 0.576197266579, 0.546176373959, 0.467339426279, 0.424949735403], "dvar": [0.151635557413, 0.139930903912, 0.130650490522, 0.128456681967, 0.122431404889, 0.167348861694], "dvar2": [0.356284916401, 0.316221654415, 0.262375026941, 0.247184351087, 0.224235162139, 0.272482931614], "max": [-5.20746707916,