{"lowlevel": {"average_loudness": 0.370000243187, "barkbands_crest": {"dmean": 2.36913847923, "dmean2": 3.96102929115, "dvar": 4.75299453735, "dvar2": 12.5015726089, "max": 26.3419647217, "mean": 9.72151756287, "median": 8.99972057343, "min": 3.60566997528, "var": 12.2701339722}, "barkbands_flatness_db": {"dmean": 0.0192202217877, "dmean2": 0.0312434099615, "dvar": 0.000371917354641, "dvar2": 0.000839367741719, "max": 0.529058277607, "mean": 0.215040996671, "median": 0.209967911243, "min": 0.0188420321792, "var": 0.00173120363615}, "barkbands_kurtosis": {"dmean": 3.80048537254, "dmean2": 6.05437231064, "dvar": 211.783279419, "dvar2": 460.796600342, "max": 536.538635254, "mean": 6.03732299805, "median": 2.4558172226, "min": -1.92841267586, "var": 381.839935303}, "barkbands_skewness": {"dmean": 0.501933813095, "dmean2": 0.813901782036, "dvar": 0.409221738577, "dvar2": 0.895415127277, "max": 15.6243095398, "mean": 1.14026939869, "median": 1.03927922249, "min": -14.3607997894, "var": 1.21336746216}, "barkbands_spread": {"dmean": 1.97386860847, "dmean2": 3.10299301147, "dvar": 5.09927225113, "dvar2": 11.2073726654, "max": 145.3724823, "mean": 9.66756439209, "median": 8.02119064331, "min": 0.17802760005, "var": 45.2435760498}, "dissonance": {"dmean": 0.043224401772, "dmean2": 0.0730690732598, "dvar": 0.00165379187092, "dvar2": 0.0043416232802, "max": 0.500000059605, "mean": 0.411478996277, "median": 0.419795036316, "min": 0.0850808992982, "var": 0.00285602593794}, "dynamic_complexity": 4.27653217316, "erbbands_crest": {"dmean": 2.71175956726, "dmean2": 4.13888025284, "dvar": 6.37144804001, "dvar2": 14.7679843903, "max": 33.2291030884, "mean": 14.2411994934, "median": 12.5428104401, "min": 2.85780549049, "var": 39.2598762512}, "erbbands_flatness_db": {"dmean": 0.014911448583, "dmean2": 0.0217409282923, "dvar": 0.00024569244124, "dvar2": 0.000490025966428, "max": 0.481853693724, "mean": 0.222045063972, "median": 0.220029368997, "min": 0.0222121067345, "var": 0.00171517999843}, "erbbands_kurtosis": {"dmean": 2.75651288033, "dmean2": 4.21159696579, "dvar": 53.6555557251, "dvar2": 112.905776978, "max": 225.073318481, "mean": 4.82247114182, "median": 2.1763958931, "min": -1.55780541897, "var": 120.805999756}, "erbbands_skewness": {"dmean": 0.445202350616, "dmean2": 0.641642510891, "dvar": 0.23863902688, "dvar2": 0.476869285107, "max": 9.08861351013, "mean": 0.406479746103, "median": 0.506579458714, "min": -4.15642881393, "var": 2.12635803223}, "erbbands_spread": {"dmean": 3.53592061996, "dmean2": 5.42175579071, "dvar": 21.4074935913, "dvar2": 46.430973053, "max": 138.926147461, "mean": 15.7099132538, "median": 14.4577636719, "min": 0.471328854561, "var": 67.2907333374}, "hfc": {"dmean": 2.24913430214, "dmean2": 3.07803654671, "dvar": 10.1493816376, "dvar2": 19.0392208099, "max": 70.1589508057, "mean": 10.6647291183, "median": 6.65621089935, "min": 1.18598363666e-16, "var": 122.553718567}, "melbands_crest": {"dmean": 3.4402782917, "dmean2": 5.90076828003, "dvar": 9.04133987427, "dvar2": 26.0548152924, "max": 36.3866462708, "mean": 13.6559448242, "median": 12.6889925003, "min": 2.09512686729, "var": 21.8338565826}, "melbands_flatness_db": {"dmean": 0.0228358078748, "dmean2": 0.0373150482774, "dvar": 0.000499308051076, "dvar2": 0.00115377188195, "max": 0.690942943096, "mean": 0.324342429638, "median": 0.320523411036, "min": 0.00617544027045, "var": 0.00239235791378}, "melbands_kurtosis": {"dmean": 3.78634500504, "dmean2": 6.04895830154, "dvar": 59.9346542358, "dvar2": 137.799591064, "max": 265.202514648, "mean": 6.37705373764, "median": 4.13545799255, "min": -1.85457396507, "var": 110.509513855}, "melbands_skewness": {"dmean": 0.54155087471, "dmean2": 0.880259275436, "dvar": 0.302711993456, "dvar2": 0.733680665493, "max": 10.1646518707, "mean": 1.59857809544, "median": 1.56084430218, "min": -3.54268836975, "var": 1.02107846737}, "melbands_spread": {"dmean": 2.74652600288, "dmean2": 4.27685880661, "dvar": 10.6617708206, "dvar2": 24.6851806641, "max": 168.374954224, "mean": 11.7856788635, "median": 9.12207794189, "min": 0.332649320364, "var": 74.2760925293}, "pitch_salience": {"dmean": 0.0646495819092, "dmean2": 0.107200548053, "dvar": 0.0035605491139, "dvar2": 0.00937473028898, "max": 0.875591099262, "mean": 0.550901055336, "median": 0.558227241039, "min": 0.067681171, "var": 0.0156648848206}, "silence_rate_20dB": {"dmean": 0.00058038305724, "dmean2": 0.00116087845527, "dvar": 0.000580150284804, "dvar2": 0.00135271681938, "max": 1, "mean": 0.999516367912, "median": 1, "min": 0, "var": 0.000483195472043}, "silence_rate_30dB": {"dmean": 0.0193461012095, "dmean2": 0.0386959463358, "dvar": 0.018974725157, "dvar2": 0.0466774106026, "max": 1, "mean": 0.969145953655, "median": 1, "min": 0, "var": 0.0298987012357}, "silence_rate_60dB": {"dmean": 0.0195395629853, "dmean2": 0.0390829071403, "dvar": 0.0191574767232, "dvar2": 0.043164908886, "max": 1, "mean": 0.113937519491, "median": 0, "min": 0, "var": 0.100944943726}, "spectral_centroid": {"dmean": 78.0986099243, "dmean2": 120.164710999, "dvar": 14439.140625, "dvar2": 26203.6972656, "max": 10928.8886719, "mean": 543.332641602, "median": 481.425109863, "min": 112.619178772, "var": 60871.484375}, "spectral_complexity": {"dmean": 1.43412649632, "dmean2": 2.38212251663, "dvar": 2.58771443367, "dvar2": 5.7886929512, "max": 37, "mean": 9.81613349915, "median": 10, "min": 0, "var": 14.5075378418}, "spectral_decrease": {"dmean": 2.25777774254e-09, "dmean2": 3.90674692596e-09, "dvar": 3.25347207925e-17, "dvar2": 9.48271714774e-17, "max": 2.31931914639e-15, "mean": -7.47421324832e-09, "median": -4.98708185859e-09, "min": -1.81306546665e-07, "var": 7.08660983246e-17}, "spectral_energy": {"dmean": 0.0086776856333, "dmean2": 0.014963677153, "dvar": 0.000471055565868, "dvar2": 0.00137176120188, "max": 0.689393222332, "mean": 0.0291767623276, "median": 0.0195165574551, "min": 1.10983751749e-20, "var": 0.00105916301254}, "spectral_energyband_high": {"dmean": 1.62300839293e-05, "dmean2": 2.4540204322e-05, "dvar": 3.25955440417e-09, "dvar2": 7.95518850794e-09, "max": 0.00121870858129, "mean": 3.61808743037e-05, "median": 1.82090152521e-05, "min": 7.85775537692e-21, "var": 4.00763111585e-09}, "spectral_energyband_low": {"dmean": 0.00633167056367, "dmean2": 0.0114725995809, "dvar": 0.00043781317072, "dvar2": 0.00127514533233, "max": 0.679702222347, "mean": 0.0123272594064, "median": 0.00543555989861, "min": 1.00446138689e-22, "var": 0.000523793394677}, "spectral_energyband_middle_high": {"dmean": 0.00112754118163, "dmean2": 0.00132092356216, "dvar": 3.61871889254e-06, "dvar2": 4.73710679216e-06, "max": 0.0450776554644, "mean": 0.00436707306653, "median": 0.00113516254351, "min": 1.95278521034e-21, "var": 3.97875264753e-05}, "spectral_energyband_middle_low": {"dmean": 0.0040852217935, "dmean2": 0.0069400020875, "dvar": 3.60614976671e-05, "dvar2": 0.00011338465265, "max": 0.137490063906, "mean": 0.0135617572814, "median": 0.00936056859791, "min": 3.52743659743e-22, "var": 0.000193424450117}, "spectral_entropy": {"dmean": 0.168602913618, "dmean2": 0.260405778885, "dvar": 0.0341162718832, "dvar2": 0.0689795836806, "max": 9.79229831696, "mean": 6.452729702, "median": 6.43785810471, "min": 4.30817747116, "var": 0.152949988842}, "spectral_flux": {"dmean": 0.0183181874454, "dmean2": 0.0304234474897, "dvar": 0.000855462916661, "dvar2": 0.00219123763964, "max": 0.787536978722, "mean": 0.0643582642078, "median": 0.0582487359643, "min": 1.05348826884e-10, "var": 0.00192174327094}, "spectral_kurtosis": {"dmean": 3.82934951782, "dmean2": 6.35513734818, "dvar": 14.7026185989, "dvar2": 37.7745323181, "max": 71.9083938599, "mean": 16.3313121796, "median": 14.9316310883, "min": -1.13171303272, "var": 59.0045394897}, "spectral_rms": {"dmean": 0.000686504936311, "dmean2": 0.00115798215847, "dvar": 9.57345605457e-07, "dvar2": 2.6276418339e-06, "max": 0.0259341225028, "mean": 0.00468964548782, "median": 0.00436354707927, "min": 3.2905444862e-12, "var": 6.47237447993e-06}, "spectral_rolloff": {"dmean": 110.440834045, "dmean2": 192.856491089, "dvar": 76797.2890625, "dvar2": 138749.765625, "max": 19918.2128906, "mean": 751.468994141, "median": 581.396484375, "min": 43.06640625, "var": 924520}, "spectral_skewness": {"dmean": 0.34665825963, "dmean2": 0.549931168556, "dvar": 0.124992325902, "dvar2": 0.265616863966, "max": 7.21557712555, "mean": 3.23273682594, "median": 3.23695874214, "min": 0.00628114677966, "var": 0.582224011421}, "spectral_spread": {"dmean": 289728.96875, "dmean2": 462843.28125, "dvar": 163708043264, "dvar2": 282381287424, "max": 38614920, "mean": 3019326.25, "median": 2822452.5, "min": 1357453.25, "var": 1142659088380.0}, "spectral_strongpeak": {"dmean": 0.594138383865, "dmean2": 1.01874017715, "dvar": 1.22191667557, "dvar2": 3.04196763039, "max": 12.2870988846, "mean": 0.943126559258, "median": 0.382559597492, "min": 0, "var": 2.71374249458}, "zerocrossingrate": {"dmean": 0.00362248206511, "dmean2": 0.00467105256394, "dvar": 3.58759425581e-05, "dvar2": 6.78199940012e-05, "max": 0.806640625, "mean": 0.0271382182837, "median": 0.02392578125, "min": 0.00244140625, "var": 0.000844897062052}, "barkbands": {"dmean": [0.00179826817475, 0.00339395366609, 0.00214505405165, 0.00228849146515, 0.00152849487495, 0.00119618978351, 0.000436390691902, 0.000525785959326, 0.000354836491169, 0.000358085962944, 6.50141300866e-05, 0.000588211172726, 0.000418580224505, 1.47217924678e-05, 5.21598522027e-05, 1.75762197614e-05, 2.5415673008e-05, 1.29941336127e-05, 1.18295192806e-05, 7.25011341274e-06, 6.29462647339e-06, 4.84422298541e-06, 1.90322475646e-06, 8.13578537873e-07, 5.24739675711e-07, 4.0742429519e-07, 2.7161769367e-07], "dmean2": [0.00303658121265, 0.00597447343171, 0.00371682457626, 0.00424731755629, 0.00244540837593, 0.00181854504626, 0.00060365133686, 0.000695147784427, 0.000495162734296, 0.000489425263368, 9.39257079153e-05, 0.00073924951721, 0.000407626939705, 2.32568327192e-05, 8.75970727066e-05, 2.92594249913e-05, 4.19962598244e-05, 2.11438709812e-05, 1.86468714674e-05, 1.11396066131e-05, 1.00305496744e-05, 7.73068040871e-06, 2.94975052384e-06, 1.22677306535e-06, 8.07653236734e-07, 5.96607549141e-07, 3.78808010737e-07], "dvar": [3.0812312616e-05, 0.000274409278063, 2.14934589167e-05, 2.83682802547e-05, 4.07657989854e-06, 2.10185771721e-06, 4.20893087494e-07, 1.37810968681e-06, 7.03523028278e-07, 5.76113279749e-07, 5.49256853333e-08, 1.90898072105e-06, 1.67567145581e-06, 2.26731833308e-09, 1.78914660864e-08, 1.90077997786e-09, 5.27781507387e-09, 1.05962194574e-09, 2.01490713003e-09, 5.90123117039e-10, 4.85536832961e-10, 5.03945218888e-10, 3.56004704882e-11, 1.75830736689e-12, 6.28066825978e-13, 4.20431593186e-13, 1.72739210089e-13], "dvar2": [7.58707683417e-05, 0.000768416153733, 6.29163696431e-05, 0.000100580786238, 9.95508162305e-06, 4.87547913508e-06, 6.66887387979e-07, 2.18658306039e-06, 1.27772204905e-06, 1.04015271063e-06, 1.01651963291e-07, 3.02843477584e-06, 1.34574668209e-06, 4.79707829015e-09, 4.83141313623e-08, 4.95497687325e-09, 1.39677931443e-08, 2.57658427927e-09, 4.87114615311e-09, 1.30750621441e-09, 1.22933396796e-09, 1.28858401727e-09, 8.3583917565e-11, 3.98672371157e-12, 1.57476082955e-12, 9.74528617526e-13, 3.5590519247e-13], "max": [0.129811704159, 0.5383862257, 0.129744455218, 0.0739940479398, 0.0453445501626, 0.032606638968, 0.0204688720405, 0.0254003442824, 0.0179937407374, 0.0147650456056, 0.00750301778316, 0.0379094369709, 0.0446920655668, 0.00195888220333, 0.00260719889775, 0.00155705900397, 0.00174223189242, 0.000728523707949, 0.00104152201675, 0.000453032436781, 0.000424152734922, 0.000588750117458, 0.000179756083526, 2.72585948551e-05, 2.34150793403e-05, 2.84534798993e-05, 1.467360471e-05], "mean": [0.00208283402026, 0.00512330466881, 0.00405435683206, 0.00305811478756, 0.00428161816671, 0.00324054597877, 0.00105472677387, 0.00114773283713, 0.000670321984217, 0.000704832200427, 0.000101972771517, 0.00217571668327, 0.00124322203919, 2.28750832321e-05, 6.94924747222e-05, 2.78406332654e-05, 3.78102668037e-05, 2.28596327361e-05, 1.59134579008e-05, 1.06020179373e-05, 1.0372743418e-05, 6.76927083987e-06, 4.06593426305e-06, 3.02873445435e-06, 2.4664054763e-06, 2.10101757148e-06, 1.28481542561e-06], "median": [0.000718085444532, 0.00152030598838, 0.00179150397889, 0.000663203943986, 0.00277164019644, 0.00204732152633, 0.000584691588301, 0.000388509855838, 0.000372837268515, 0.000219273497351, 2.62135290541e-05, 9.6266012406e-05, 7.65323202359e-05, 1.16682631415e-05, 1.67760863405e-05, 7.50605795474e-06, 8.31286342873e-06, 5.67950883124e-06, 3.34625656251e-06, 2.46127206083e-06, 2.97095084534e-06, 2.28973021876e-06, 2.31149761021e-06, 2.14024157685e-06, 1.47795913108e-06, 1.18731873044e-06, 7.35772744065e-07], "min": [3.43527348878e-24, 2.27095920554e-23, 3.66168059177e-23, 4.69862405219e-23, 2.88722807321e-23, 4.29611313955e-23, 4.27847452525e-23, 3.83121153347e-23, 1.29871521356e-22, 8.71937803525e-23, 1.2224158295e-22, 1.865758151e-22, 1.53075113888e-22, 1.89902498336e-22, 2.18059304315e-22, 1.61652076655e-22, 1.53471298767e-22, 1.77668136598e-22, 3.63883536928e-22, 3.8053064773e-22, 3.27150462379e-22, 5.98469767508e-22, 5.77119834021e-22, 1.00453583012e-21, 1.19967745034e-21, 1.62134135039e-21, 2.43331434028e-21], "var": [3.86131832784e-05, 0.000246728246566, 3.80808596674e-05, 4.33039276686e-05, 2.27282525884e-05, 1.26746863316e-05, 2.08454184758e-06, 5.54420103072e-06, 1.19646881558e-06, 1.6212003402e-06, 8.66544880296e-08, 2.04377047339e-05, 1.39830872286e-05, 3.19634341217e-09, 2.48381422097e-08, 3.30973870533e-09, 7.52264384118e-09, 2.10395945111e-09, 2.2355874929e-09, 7.7703860013e-10, 5.51647394431e-10, 4.27554824878e-10, 4.96107703529e-11, 9.96240329815e-12, 9.2365837201e-12, 7.90013367225e-12, 2.25439653924e-12]}, "erbbands": {"dmean": [0.105244211853, 0.807267189026, 2.41007018089, 5.31073141098, 6.14185428619, 4.92483139038, 8.00632095337, 9.51659584045, 7.46381425858, 3.70372009277, 13.7407503128, 8.43363189697, 8.38585186005, 10.6675882339, 3.70932936668, 29.3375644684, 19.3294181824, 5.1201415062, 3.0887556076, 0.881118953228, 1.22647190094, 0.964535355568, 0.694250226021, 0.588457763195, 0.575244784355, 0.355204761028, 0.268213331699, 0.241850689054, 0.187552273273, 0.10245423764, 0.0438469983637, 0.0217630267143, 0.0143848629668, 0.00758563820273, 0.00363344419748, 0.00205407990143, 0.000834219157696, 0.000207123055588, 4.920502397e-05, 1.13739943117e-05], "dmean2": [0.184677794576, 1.3932299614, 4.26046276093, 9.862616539, 10.0980319977, 8.16886711121, 11.0815401077, 15.658364296, 10.7515726089, 5.07500219345, 17.9545860291, 11.6360006332, 12.1202707291, 14.0670070648, 4.96180152893, 36.5306892395, 19.2607517242, 5.08525705338, 5.0756726265, 1.46118938923, 2.02853059769, 1.59825253487, 1.13306093216, 0.934791862965, 0.893788158894, 0.549359440804, 0.411589503288, 0.386274218559, 0.302779346704, 0.160906001925, 0.067076228559, 0.0338443666697, 0.021701078862, 0.0117024024948, 0.00568087119609, 0.00313165527768, 0.00123349635396, 0.000302662170725, 6.94330374245e-05, 1.85290300578e-05], "dvar": [0.164401382208, 17.2840175629, 50.552116394, 129.768722534, 106.951164246, 66.2332839966, 128.380584717, 161.198883057, 112.704391479, 35.8790893555, 942.932495117, 414.925384521, 417.779510498, 617.060852051, 41.8022270203, 4887.37597656, 3144.44946289, 228.119613647, 67.0591049194, 3.80876874924, 9.49632453918, 9.86756134033, 3.06099867821, 7.7740187645, 2.80497503281, 1.29670548439, 0.787035226822, 0.759573698044, 0.855597853661, 0.147386610508, 0.0164206195623, 0.00210355082527, 0.000438160088379, 0.000144698438817, 3.30225993821e-05, 1.18521984405e-05, 1.93128289538e-06, 1.09490493116e-07, 5.82738834964e-09, 5.88886550634e-10], "dvar2": [0.466775000095, 46.8188209534, 146.469650269, 462.488922119, 288.089233398, 177.361099243, 207.360336304, 492.347686768, 203.998168945, 66.0558776855, 1465.6151123, 738.541259766, 831.602600098, 1060.71911621, 71.7248382568, 7664.76855469, 2580.2512207, 180.378753662, 180.982391357, 9.8426990509, 25.2662906647, 26.4911575317, 7.39829826355, 19.3521957397, 6.26196908951, 2.90322732925, 1.82423079014, 1.98734331131, 2.19646763802, 0.355072826147, 0.0366741083562, 0.00478123268113, 0.00102746719494, 0.00036549338256, 8.57453924255e-05, 3.06287620333e-05, 4.63262949779e-06, 2.58860580971e-07, 1.18800231874e-08, 1.66332003726e-09], "max": [9.70131587982, 136.777954102, 229.554870605, 173.188278198, 186.631744385, 206.572952271, 357.832275391, 270.70111084, 322.388244629, 129.406082153, 695.018005371, 538.874511719, 468.548309326, 552.383544922, 157.766067505, 1926.69677734, 1934.08654785, 521.524902344, 161.336746216, 61.5812492371, 72.0327148438, 93.102684021, 42.0729789734, 74.3543624878, 34.6766281128, 20.6058273315, 19.6227359772, 19.7273406982, 24.9490070343, 10.4829769135, 3.56405353546, 0.83240032196, 0.489462196827, 0.314912378788, 0.215507239103, 0.129458665848, 0.058634608984, 0.014715725556, 0.00241326494142, 0.000749461411033], "mean": [0.150461420417, 1.16966366768, 4.53928852081, 8.49265670776, 12.7325963974, 13.2628364563, 22.3121166229, 24.2624549866, 18.7806930542, 10.514966011, 30.7146644592, 17.5921669006, 13.9380111694, 22.9596366882, 12.1572380066, 111.079193115, 61.6604957581, 15.2288045883, 4.45415401459, 1.47222054005, 2.30453872681, 1.55535542965, 1.26058781147, 0.856838822365, 0.849914193153, 0.543697237968, 0.421978771687, 0.413666158915, 0.252079695463, 0.172406032681, 0.0970130488276, 0.0615615919232, 0.05397317186, 0.0300774183124, 0.0168882478029, 0.00957460422069, 0.00373009755276, 0.00100282509811, 0.00022402437753, 4.76688001072e-05], "median": [0.027782317251, 0.389945626259, 1.99384582043, 2.73715615273, 5.52760410309, 8.66711902618, 11.7126913071, 14.2127351761, 10.3963012695, 6.07433843613, 9.87331867218, 11.0548763275, 6.97901773453, 5.23704862595, 3.18300104141, 6.61066436768, 5.64696025848, 1.87154591084, 1.20963728428, 0.661057591438, 0.519976913929, 0.450352370739, 0.306156396866, 0.204876318574, 0.178546115756, 0.118652276695, 0.11636198312, 0.126817703247, 0.0810700282454, 0.0782570913434, 0.0534291751683, 0.0392758585513, 0.0369504503906, 0.0189237762243, 0.00961400195956, 0.00534027442336, 0.00201220577583, 0.000588257156778, 0.000126150480355, 3.25687724398e-05], "min": [1.62694256574e-22, 6.94239682639e-21, 4.07304735285e-20, 1.33794331505e-19, 7.25667198323e-20, 1.03589844363e-19, 1.41051096546e-19, 4.67530495527e-19, 6.47736806754e-19, 8.61681023433e-19, 7.78506720371e-19, 3.81074704937e-18, 2.03642829862e-18, 5.10965966627e-18, 4.49527209348e-18, 8.23564178915e-18, 5.86149405119e-18, 7.4111445505e-18, 1.49639570158e-17, 7.78742404807e-18, 9.83797583527e-18, 8.16050070231e-18, 7.21503739806e-18, 1.77004309552e-17, 1.81382874319e-17, 1.58383200105e-17, 1.78876086929e-17, 1.41080500749e-17, 2.20377491884e-17, 1.35209933768e-17, 1.96412878398e-17, 1.70026859105e-17, 1.81573820691e-17, 1.0511690456e-17, 1.06158614464e-17, 5.99155289967e-18, 3.39907435455e-18, 1.11435166504e-18, 3.55032329558e-19, 3.77703721636e-20], "var": [0.217367187142, 14.0320234299, 63.1700592041, 261.079925537, 372.38671875, 271.75100708, 934.795227051, 833.577331543, 598.554748535, 159.607955933, 4040.6730957, 730.450012207, 571.835693359, 1959.63305664, 385.149169922, 52965.2148438, 26255.0566406, 1857.88623047, 93.2954864502, 5.77951526642, 23.467956543, 11.9859828949, 6.03101491928, 7.83037757874, 4.24416780472, 1.81930863857, 1.02670240402, 0.792396843433, 0.695852458477, 0.159194588661, 0.0268407613039, 0.00578418606892, 0.00315921241418, 0.00126708275639, 0.000475134962471, 0.000159778588568, 2.63643469225e-05, 1.69726172317e-06, 6.8835660727e-08, 2.2079917894e-09]}, "gfcc": {"mean": [-82.3101577759, 145.678359985, -76.6033859253, -3.58646821976, -53.1430015564, 7.75403499603, -27.2732887268, -4.78593111038, -24.6567630768, -0.421317100525, -9.79420566559, -1.46572935581, -12.1713190079], "cov": [[10068.1425781, 566.996643066, -718.22064209, 606.455871582, 643.87878418, 446.997375488, -120.691947937, -353.348022461, -394.675415039, 89.8138275146, 35.3971099854, 217.291473389, -260.086090088], [566.996643066, 431.791931152, -37.5371284485, 35.4147911072, 82.5723190308, -50.4132080078, -25.259469986, -13.7140769958, 10.3744955063, -15.393655777, 20.846206665, 5.70709896088, 37.5477104187], [-718.22064209, -37.5371284485, 488.025146484, -5.88306283951, -135.802230835, 23.1810436249, -84.3216629028, 40.4293632507, 52.0701522827, 29.2564697266, 35.1418762207, 29.1487770081, 82.3790740967], [606.455871582, 35.4147911072, -5.88306283951, 299.044219971, 101.197914124, -35.8514099121, -43.1343688965, -54.5209197998, 9.29767799377, 35.7023887634, 34.7919311523, 30.6505126953, 12.2815608978], [643.87878418, 82.5723190308, -135.802230835, 101.197914124, 311.289337158, 95.600692749, 17.7429466248, -56.3647956848, -19.9677829742, 39.7189483643, 38.6289596558, 0.482448279858, -59.543636322], [446.997375488, -50.4132080078, 23.1810436249, -35.8514099121, 95.600692749, 215.033248901, 33.3222198486, -34.8102493286, -39.3255195618, 23.3027553558, 18.6534938812, 11.7791404724, -56.8753128052], [-120.691947937, -25.259469986, -84.3216629028, -43.1343688965, 17.7429466248, 33.3222198486, 157.505447388, 59.7045860291, -4.53201150894, -29.9382457733, -25.195274353, -16.4002952576, -18.0451450348], [-353.348022461, -13.7140769958, 40.4293632507, -54.5209197998, -56.3647956848, -34.8102493286, 59.7045860291, 142.224105835, 59.3505630493, -6.62008619308, -11.9403877258, -6.51385116577, 38.3826141357], [-394.675415039, 10.3744955063, 52.0701522827, 9.29767799377, -19.9677829742, -39.3255195618, -4.53201150894, 59.3505630493, 103.830360413, 44.6729927063, 14.8229799271, -9.37381649017, 33.4826202393], [89.8138275146, -15.393655777, 29.2564697266, 35.7023887634, 39.7189483643, 23.3027553558, -29.9382457733, -6.62008619308, 44.6729927063, 92.4211425781, 43.8850708008, 1.63582384586, -2.39472746849], [35.3971099854, 20.846206665, 35.1418762207, 34.7919311523, 38.6289596558, 18.6534938812, -25.195274353, -11.9403877258, 14.8229799271, 43.8850708008, 74.1920547485, 25.4331111908, 9.44703578949], [217.291473389, 5.70709896088, 29.1487770081, 30.6505126953, 0.482448279858, 11.7791404724, -16.4002952576, -6.51385116577, -9.37381649017, 1.63582384586, 25.4331111908, 62.7732887268, 31.0816764832], [-260.086090088, 37.5477104187, 82.3790740967, 12.2815608978, -59.543636322, -56.8753128052, -18.0451450348, 38.3826141357, 33.4826202393, -2.39472746849, 9.44703578949, 31.0816764832, 95.7497253418]], "icov": [[0.000306088099023, -0.000592191470787, 0.000480735470774, -0.000704025442246, 0.00026034572511, -0.000753925938625, 0.000557440915145, -0.000762717914768, 0.00128523167223, -0.00111294933595, 0.000964694016147, -0.00118448049761, 0.000677276635543], [-0.000592191470787, 0.004132269416, -0.000775897060521, 0.00167759298347, -0.00193287082948, 0.00209739105776, -0.000614061020315, 0.00203649606556, -0.00314688682556, 0.00395662151277, -0.00308178295381, 0.00313765578903, -0.00317995576188], [0.000480735470774, -0.000775897060521, 0.00449059717357, -0.00179068697616, 0.00222685537301, -0.00394142838195, 0.00324826990254, -0.00240719481371, 0.00123316782992, -0.00102865160443, -3.06955007545e-05, -0.000405385508202, -0.0017253421247], [-0.000704025442246, 0.00167759298347, -0.00179068697616, 0.0067749414593, -0.00296226376668, 0.00434902729467, -0.0018215237651, 0.00406226050109, -0.00373265775852, 0.00143167562783, -0.00184375443496, -0.000109787477413, -0.00157047109678], [0.00026034572511, -0.00193287082948, 0.00222685537301, -0.00296226376668, 0.00704271206632, -0.00401171902195, 0.000319533573929, -0.000784008239862, 0.00101818621624, -0.00194227404427, -0.00127230631188, 0.000125094462419, 0.00198068423197], [-0.000753925938625, 0.00209739105776, -0.00394142838195, 0.00434902729467, -0.00401171902195, 0.0120868701488, -0.00492499442771, 0.00368646928109, -0.000682105426677, -0.000847213086672, -0.00148512900341, -0.00212548836134, 0.00329554732889], [0.000557440915145, -0.000614061020315, 0.00324826990254, -0.0018215237651, 0.000319533573929, -0.00492499442771, 0.0126633485779, -0.00786441657692, 0.00280956714414, 0.00153571402188, 0.00168185017537, 0.000209328820347, 0.000828372954857], [-0.000762717914768, 0.00203649606556, -0.00240719481371, 0.00406226050109, -0.000784008239862, 0.00368646928109, -0.00786441657692, 0.0176662597805, -0.0116943251342, 0.00478488206863, -0.00184631312732, 0.00171122665051, -0.00434635579586], [0.00128523167223, -0.00314688682556, 0.00123316782992, -0.00373265775852, 0.00101818621624, -0.000682105426677, 0.00280956714414, -0.0116943251342, 0.02825666219, -0.0167507641017, 0.00451497035101, 0.000152031658217, -0.00120652862824], [-0.00111294933595, 0.00395662151277, -0.00102865160443, 0.00143167562783, -0.00194227404427, -0.000847213086672, 0.00153571402188, 0.00478488206863, -0.0167507641017, 0.0290420092642, -0.0145468795672, 0.00783956795931, -0.00173873186577], [0.000964694016147, -0.00308178295381, -3.06955007545e-05, -0.00184375443496, -0.00127230631188, -0.00148512900341, 0.00168185017537, -0.00184631312732, 0.00451497035101, -0.0145468795672, 0.0279859006405, -0.0134468954057, 0.00313672213815], [-0.00118448049761, 0.00313765578903, -0.000405385508202, -0.000109787477413, 0.000125094462419, -0.00212548836134, 0.000209328820347, 0.00171122665051, 0.000152031658217, 0.00783956795931, -0.0134468954057, 0.0334640853107, -0.0153095126152], [0.000677276635543, -0.00317995576188, -0.0017253421247, -0.00157047109678, 0.00198068423197, 0.00329554732889, 0.000828372954857, -0.00434635579586, -0.00120652862824, -0.00173873186577, 0.00313672213815, -0.0153095126152, 0.0253427550197]]}, "melbands": {"dmean": [0.000947486667428, 0.0011873638723, 0.000893714313861, 0.00039557623677, 0.000247118907282, 0.000211610735278, 0.000107225205284, 4.59969560325e-05, 0.000106663326733, 5.40370310773e-05, 4.27040540671e-05, 4.68504185847e-05, 7.3846158557e-06, 6.48585919407e-05, 3.72900285583e-05, 5.54849939363e-05, 2.45513933805e-06, 4.66659867016e-06, 2.42410533247e-06, 1.11413999093e-06, 1.61689365541e-06, 1.32315437895e-06, 5.64380798096e-07, 8.03378497949e-07, 4.74512461324e-07, 4.77903256524e-07, 2.90006227033e-07, 2.45420466172e-07, 1.67491094771e-07, 1.66537034829e-07, 1.43396775343e-07, 1.16721878385e-07, 7.98093608978e-08, 5.15815656854e-08, 2.77131526616e-08, 2.02966177199e-08, 1.26552777147e-08, 1.11602744823e-08, 8.26572499335e-09, 7.28613347434e-09], "dmean2": [0.00168892450165, 0.0020789692644, 0.00163419835735, 0.000642522179987, 0.000353638199158, 0.000340657948982, 0.000152530235937, 6.34279494989e-05, 0.000139994779602, 7.51858824515e-05, 6.18068079348e-05, 6.19634083705e-05, 1.05819317469e-05, 8.19683482405e-05, 4.63996948383e-05, 5.20959256392e-05, 3.23116910295e-06, 7.76594515628e-06, 4.09533504353e-06, 1.85252179108e-06, 2.66785036729e-06, 2.20052515942e-06, 9.16962960673e-07, 1.32479874537e-06, 7.63839125284e-07, 7.65273910019e-07, 4.40890772779e-07, 3.88543810459e-07, 2.55651599446e-07, 2.67922246167e-07, 2.30570364579e-07, 1.90216582041e-07, 1.27427483676e-07, 8.14268332761e-08, 4.21521981764e-08, 3.24930411466e-08, 1.9972254961e-08, 1.7200697755e-08, 1.28575132763e-08, 1.14159313114e-08], "dvar": [1.65403744177e-05, 2.0336065063e-05, 3.4173210679e-06, 2.8706978128e-07, 1.0619901758e-07, 7.21919377611e-08, 2.37769768319e-08, 7.83462006382e-09, 5.3095252639e-08, 2.01594154703e-08, 1.0548194318e-08, 1.18049516828e-08, 3.95233512585e-10, 2.54649030751e-08, 5.55016210768e-09, 3.23823599047e-08, 2.96059843308e-11, 1.58956209306e-10, 3.16717624349e-11, 8.12292941244e-12, 1.80788682635e-11, 1.60640684782e-11, 2.60345976548e-12, 4.21011836504e-12, 6.68500714854e-12, 1.72148894532e-12, 1.25334822815e-12, 5.35481652509e-13, 3.1767714544e-13, 3.108399497e-13, 2.58805238525e-13, 3.35848265431e-13, 1.24646969721e-13, 2.98807948328e-14, 5.94956111558e-15, 2.78949739453e-15, 4.99407343448e-16, 2.52991456579e-16, 1.69265915807e-16, 1.29973883799e-16], "dvar2": [4.71335188195e-05, 5.69586118218e-05, 1.17784493341e-05, 7.19302875041e-07, 1.88845817206e-07, 2.0686958635e-07, 4.03710096464e-08, 1.44144776115e-08, 8.28285209309e-08, 3.62899363893e-08, 2.10034443171e-08, 2.03041032876e-08, 6.98412161437e-10, 4.12058795973e-08, 8.61206039815e-09, 2.57152716898e-08, 4.48464945735e-11, 4.28225344073e-10, 8.58563428685e-11, 2.11054750066e-11, 4.86505592756e-11, 4.33993223303e-11, 6.26335355108e-12, 1.11463503358e-11, 1.69790466409e-11, 3.98675840604e-12, 2.80581721052e-12, 1.26334565639e-12, 7.14161368931e-13, 7.87555892896e-13, 6.90685952442e-13, 8.73735979401e-13, 3.06353277165e-13, 7.18652432485e-14, 1.33605462915e-14, 6.69197617649e-15, 1.15914838881e-15, 6.18784090688e-16, 4.28653913741e-16, 3.31366806383e-16], "max": [0.12230681628, 0.150426253676, 0.0287979803979, 0.0117831984535, 0.00996041484177, 0.00584744103253, 0.00481052231044, 0.00247605796903, 0.00520759820938, 0.00358671694994, 0.00231833779253, 0.00245149899274, 0.000481779803522, 0.00434715300798, 0.0020236321725, 0.00620826659724, 0.000190985098016, 0.000245860224823, 0.000112222558528, 0.000129158317577, 7.51805346226e-05, 0.000117585572298, 3.90221721318e-05, 3.8601399865e-05, 7.16160575394e-05, 2.64851951215e-05, 2.35440220422e-05, 1.38410105137e-05, 1.39651992868e-05, 1.15079410534e-05, 1.16830769912e-05, 1.60640465765e-05, 9.16999215406e-06, 4.92322078571e-06, 2.05299488698e-06, 1.14248155114e-06, 4.58066125475e-07, 3.49940677324e-07, 2.95494089642e-07, 3.03983256345e-07], "mean": [0.00148763996549, 0.00211286125705, 0.00155677518342, 0.000961779034697, 0.000708677282091, 0.000557632301934, 0.00026955769863, 0.000122322831885, 0.000235750660067, 0.00010379026935, 6.94384580129e-05, 9.93276116787e-05, 1.32276691147e-05, 0.000244047463639, 0.000134995818371, 0.000168117127032, 5.23403878105e-06, 6.18115200268e-06, 3.26721260535e-06, 1.74475587755e-06, 2.94280789603e-06, 1.90300181657e-06, 9.59396629696e-07, 1.27962312035e-06, 5.74983346269e-07, 7.04700653387e-07, 3.88125187101e-07, 3.65684400094e-07, 2.53099273095e-07, 2.47958780619e-07, 2.42133864958e-07, 1.49003781758e-07, 1.0690647656e-07, 9.13330069352e-08, 5.68772122733e-08, 4.375400664e-08, 3.48771322933e-08, 3.83912777124e-08, 2.90129271718e-08, 2.54911380893e-08], "median": [0.000385978055419, 0.000948144705035, 0.000584841880482, 0.000599996885285, 0.000421900535002, 0.00034056804725, 0.000149036204675, 6.78597498336e-05, 8.14397426439e-05, 5.8241737861e-05, 3.3460353734e-05, 2.1672962248e-05, 4.46629155704e-06, 9.03293948795e-06, 1.82705225598e-05, 6.49070898362e-06, 1.78354662239e-06, 1.37513245591e-06, 9.84967186923e-07, 6.12927408383e-07, 4.60153245285e-07, 4.90619527227e-07, 2.73471357559e-07, 2.7602436603e-07, 1.25120024563e-07, 1.37083475238e-07, 8.25287713724e-08, 7.57818554575e-08, 7.04388440909e-08, 6.51606484325e-08, 7.15951671282e-08, 4.53875976802e-08, 3.58951588453e-08, 4.36801208537e-08, 2.967128232e-08, 2.49456597601e-08, 2.23621476891e-08, 2.58815067156e-08, 1.89245454862e-08, 1.52770507356e-08], "min": [3.68771371162e-24, 1.72520503647e-23, 1.96406612323e-23, 5.1935872541e-24, 5.75535600952e-24, 1.02268077636e-23, 9.73125086501e-24, 9.68016028848e-24, 8.55457331701e-24, 2.24250515046e-23, 9.07364537036e-24, 1.9974668095e-23, 1.43858867709e-23, 2.08317654685e-23, 1.9631696617e-23, 1.04622369899e-23, 1.39344106308e-23, 2.50750261896e-23, 1.43231344637e-23, 1.02586627559e-23, 1.14201760307e-23, 8.91169222652e-24, 4.93124406589e-24, 9.48707474902e-24, 1.47822246892e-23, 1.48505857975e-23, 1.05212958504e-23, 1.09922016347e-23, 1.34303584891e-23, 6.32444815516e-24, 8.92069155173e-24, 1.3931879965e-23, 9.23362793966e-24, 6.64543368534e-24, 1.12406794092e-23, 1.08682849971e-23, 1.01916679546e-23, 1.39176252485e-23, 9.25498950412e-24, 8.77593715334e-24], "var": [1.92829957086e-05, 1.91858307517e-05, 7.32905527911e-06, 1.26062707295e-06, 7.5025809565e-07, 4.0921744926e-07, 1.26706055426e-07, 2.67182684865e-08, 2.26817746807e-07, 3.38495631524e-08, 1.46777958676e-08, 3.7859532398e-08, 8.69936733761e-10, 2.68575746531e-07, 5.97324572027e-08, 2.70150934512e-07, 1.18005646921e-10, 2.16914639029e-10, 4.19979537258e-11, 1.12096555996e-11, 4.37137062659e-11, 1.91758293272e-11, 3.9036933408e-12, 7.71388335152e-12, 5.95114495877e-12, 2.70683519002e-12, 1.49462657962e-12, 7.55164377211e-13, 4.16923711267e-13, 3.45330182635e-13, 2.64091537267e-13, 2.64455612357e-13, 1.13693668195e-13, 3.54755490934e-14, 9.70004174097e-15, 4.82800775474e-15, 1.65533965404e-15, 1.62460315772e-15, 1.09739269894e-15, 9.70424048329e-16]}, "mfcc": {"mean": [-744.836425781, 189.510742188, 28.6068286896, 9.32419490814, -2.71015191078, 5.91077184677, 2.51440000534, -0.899108588696, -5.16627454758, -4.32679271698, 0.891190946102, 4.1347618103, -3.8737859726], "cov": [[7500.78369141, 753.013366699, -770.948852539, 441.654327393, 350.700775146, 582.489257812, 257.324768066, -0.0242925006896, -186.541946411, -394.529418945, 46.9869308472, 209.920684814, 146.708435059], [753.013366699, 651.807128906, -28.6117019653, 13.8696870804, 77.8013305664, 19.8489933014, 15.7772855759, -13.6652040482, -15.260187149, -9.95880222321, -50.3920249939, 23.8609600067, 36.5495185852], [-770.948852539, -28.6117019653, 517.370422363, -96.7223205566, -34.7393112183, -60.5355415344, -60.4375114441, -21.6084384918, -23.4203052521, 54.8949127197, -31.7690944672, -59.0959701538, -25.4479503632], [441.654327393, 13.8696870804, -96.7223205566, 292.20123291, 68.1384429932, 28.7334747314, -19.599445343, -35.457824707, -26.4945011139, 1.77918124199, -20.953622818, -5.21077346802, 52.5299339294], [350.700775146, 77.8013305664, -34.7393112183, 68.1384429932, 203.172012329, 101.119018555, 29.56549263, -33.8815727234, -37.899848938, -34.5570983887, 40.2830162048, 40.6304931641, 28.3685741425], [582.489257812, 19.8489933014, -60.5355415344, 28.7334747314, 101.119018555, 182.291564941, 70.2797775269, -8.39331626892, -39.2079238892, -67.5348739624, 56.1109428406, 43.7744636536, 2.82149124146], [257.324768066, 15.7772855759, -60.4375114441, -19.599445343, 29.56549263, 70.2797775269, 111.014404297, 42.2596931458, 5.84241485596, -31.3846797943, 27.0771217346, 39.1459541321, 2.73657894135], [-0.0242925006896, -13.6652040482, -21.6084384918, -35.457824707, -33.8815727234, -8.39331626892, 42.2596931458, 94.4627456665, 47.1385803223, 4.2534661293, -10.5315761566, 5.78772735596, 7.0349612236], [-186.541946411, -15.260187149, -23.4203052521, -26.4945011139, -37.899848938, -39.2079238892, 5.84241485596, 47.1385803223, 93.6998138428, 42.2389526367, 0.228093937039, -5.17519760132, 0.487162321806], [-394.529418945, -9.95880222321, 54.8949127197, 1.77918124199, -34.5570983887, -67.5348739624, -31.3846797943, 4.2534661293, 42.2389526367, 117.700813293, 9.98170185089, -24.2351112366, -12.1726484299], [46.9869308472, -50.3920249939, -31.7690944672, -20.953622818, 40.2830162048, 56.1109428406, 27.0771217346, -10.5315761566, 0.228093937039, 9.98170185089, 142.240921021, 43.4135246277, -43.4548072815], [209.920684814, 23.8609600067, -59.0959701538, -5.21077346802, 40.6304931641, 43.7744636536, 39.1459541321, 5.78772735596, -5.17519760132, -24.2351112366, 43.4135246277, 89.7773895264, 19.6243457794], [146.708435059, 36.5495185852, -25.4479503632, 52.5299339294, 28.3685741425, 2.82149124146, 2.73657894135, 7.0349612236, 0.487162321806, -12.1726484299, -43.4548072815, 19.6243457794, 95.5219345093]], "icov": [[0.000271411670838, -0.000295550184092, 0.000216843895032, -0.000312592863338, 0.000185430471902, -0.000612633477431, 5.21311631019e-05, -0.000238437918597, 0.000196304899873, 0.000431672495324, -6.27255722065e-05, -5.30533689016e-05, -5.8627272665e-05], [-0.000295550184092, 0.00208317581564, -9.75756629487e-05, 0.00059762300225, -0.00104489002842, 0.000653034891002, -0.00032417033799, 0.000619177182671, -0.000135726950248, -0.000991643755697, 0.00135432207026, -0.000604137661867, 0.000171457708348], [0.000216843895032, -9.75756629487e-05, 0.0027867204044, 0.0009788867319, -0.000233900223975, -0.000609260052443, 0.000858586397953, -0.000364528852515, 0.0017959746765, -0.00126714410726, 0.000509009987582, 0.00100990524516, -0.000148457605974], [-0.000312592863338, 0.00059762300225, 0.0009788867319, 0.00535912718624, -0.00143787334673, -0.000232683960348, 0.000887504545972, 0.00113918585703, 0.00104595976882, -0.00228117196821, 0.00073310843436, 0.00143896543887, -0.00236848019995], [0.000185430471902, -0.00104489002842, -0.000233900223975, -0.00143787334673, 0.00883257202804, -0.0038778888993, -0.000400737830205, 0.00201508658938, 0.000476083019748, 0.0004262397415, -0.00198535667732, -0.000808754004538, -0.00248723849654], [-0.000612633477431, 0.000653034891002, -0.000609260052443, -0.000232683960348, -0.0038778888993, 0.0142036322504, -0.00591797661036, 0.00115770020057, 0.00119443447329, 0.00376159441657, -0.00354007817805, 0.000944803643506, 0.000141813914524], [5.21311631019e-05, -0.00032417033799, 0.000858586397953, 0.000887504545972, -0.000400737830205, -0.00591797661036, 0.0179852787405, -0.00837638508528, 0.000553899502847, 0.000457412796095, 2.24484824685e-06, -0.00371873448603, 0.00100058224052], [-0.000238437918597, 0.000619177182671, -0.000364528852515, 0.00113918585703, 0.00201508658938, 0.00115770020057, -0.00837638508528, 0.0202500093728, -0.00874183420092, 0.000541222747415, 0.00192255107686, 0.000133836016175, -0.00151766347699], [0.000196304899873, -0.000135726950248, 0.0017959746765, 0.00104595976882, 0.000476083019748, 0.00119443447329, 0.000553899502847, -0.00874183420092, 0.0195106770843, -0.00579657964408, -0.00124092050828, 0.000824869144708, -0.00146718590986], [0.000431672495324, -0.000991643755697, -0.00126714410726, -0.00228117196821, 0.0004262397415, 0.00376159441657, 0.000457412796095, 0.000541222747415, -0.00579657964408, 0.0157761890441, -0.00458023743704, 0.00219920114614, -0.000152802560478], [-6.27255722065e-05, 0.00135432207026, 0.000509009987582, 0.00073310843436, -0.00198535667732, -0.00354007817805, 2.24484824685e-06, 0.00192255107686, -0.00124092050828, -0.00458023743704, 0.0147324930876, -0.00740974349901, 0.00751015357673], [-5.30533689016e-05, -0.000604137661867, 0.00100990524516, 0.00143896543887, -0.000808754004538, 0.000944803643506, -0.00371873448603, 0.000133836016175, 0.000824869144708, 0.00219920114614, -0.00740974349901, 0.0194419808686, -0.00698969047517], [-5.8627272665e-05, 0.000171457708348, -0.000148457605974, -0.00236848019995, -0.00248723849654, 0.000141813914524, 0.00100058224052, -0.00151766347699, -0.00146718590986, -0.000152802560478, 0.00751015357673, -0.00698969047517, 0.0174142774194]]}, "spectral_contrast_coeffs": {"dmean": [0.0479678474367, 0.0421909838915, 0.034614931792, 0.026479370892, 0.0166577454656, 0.0130456890911], "dmean2": [0.0820390358567, 0.0697381347418, 0.0534351766109, 0.0418078973889, 0.0278978403658, 0.0200352333486], "dvar": [0.00142965465784, 0.00118071958423, 0.000905445136596, 0.000450456835097, 0.000182584495633, 0.000203541116207], "dvar2": [0.00427484884858, 0.00324862869456, 0.0020388069097, 0.0011041025864, 0.000484479387524, 0.000397073570639], "max": [-0.365081965923, -0.458452522755, -0.434641540051, -0.457480251789, -0.67215269804, -0.626940310001], "mean": [-0.62408977747, -0.701711416245, -0.679000914097, -0.741149008274, -0.82333022356, -0.803928494453], "median": [-0.627833724022, -0.704193949699, -0.686587035656, -0.748985111713, -0.829470574856, -0.808489918709], "min": [-0.961685955524, -0.982911229134, -0.967954754829, -0.962179422379, -0.95724594593, -0.957708656788], "var": [0.00714267604053, 0.00419279001653, 0.00610890192911, 0.00637312047184, 0.00160284526646, 0.00181894795969]}, "spectral_contrast_valleys": {"dmean": [0.348864942789, 0.283208996058, 0.279918909073, 0.23029923439, 0.19279371202, 0.131651729345], "dmean2": [0.597498238087, 0.4613750875, 0.456516504288, 0.378205537796, 0.289497554302, 0.19648793339