{"lowlevel": {"average_loudness": 0.954994320869, "barkbands_crest": {"dmean": 2.77649021149, "dmean2": 4.41485595703, "dvar": 8.33184909821, "dvar2": 20.3000564575, "max": 26.4757652283, "mean": 12.6770582199, "median": 12.2846488953, "min": 2.56265163422, "var": 23.3640804291}, "barkbands_flatness_db": {"dmean": 0.0221165176481, "dmean2": 0.0335234962404, "dvar": 0.000530411489308, "dvar2": 0.00125648418907, "max": 0.398567587137, "mean": 0.123040877283, "median": 0.115161538124, "min": 0.0268190335482, "var": 0.00253542745486}, "barkbands_kurtosis": {"dmean": 3.90638041496, "dmean2": 6.24862289429, "dvar": 72.228553772, "dvar2": 148.281494141, "max": 349.915100098, "mean": 5.53454637527, "median": 1.72359418869, "min": -1.9114998579, "var": 188.754501343}, "barkbands_skewness": {"dmean": 0.720688045025, "dmean2": 1.13003695011, "dvar": 0.756891429424, "dvar2": 1.73413431644, "max": 15.2187509537, "mean": 1.6660425663, "median": 1.58483505249, "min": -9.92132854462, "var": 3.10526537895}, "barkbands_spread": {"dmean": 13.5487661362, "dmean2": 21.0515098572, "dvar": 294.189178467, "dvar2": 609.982910156, "max": 137.648391724, "mean": 38.364906311, "median": 31.4924488068, "min": 0.723623275757, "var": 601.650634766}, "dissonance": {"dmean": 0.00960136111826, "dmean2": 0.0157301835716, "dvar": 0.000137738243211, "dvar2": 0.000333556119585, "max": 0.499946892262, "mean": 0.471067160368, "median": 0.476827591658, "min": 0.264370143414, "var": 0.00061868596822}, "dynamic_complexity": 3.3703494072, "erbbands_crest": {"dmean": 1.53381156921, "dmean2": 2.4187271595, "dvar": 3.27357172966, "dvar2": 7.63470935822, "max": 32.8631095886, "mean": 6.97906351089, "median": 5.49874448776, "min": 2.45982170105, "var": 22.7535953522}, "erbbands_flatness_db": {"dmean": 0.013615260832, "dmean2": 0.0181073397398, "dvar": 0.00020637268608, "dvar2": 0.000335248681949, "max": 0.441374748945, "mean": 0.106267809868, "median": 0.0967236682773, "min": 0.0360472351313, "var": 0.0021485183388}, "erbbands_kurtosis": {"dmean": 0.724942862988, "dmean2": 1.14743053913, "dvar": 5.07347631454, "dvar2": 8.77160835266, "max": 126.43019104, "mean": 0.431431531906, "median": -0.718417644501, "min": -1.84079515934, "var": 52.2571640015}, "erbbands_skewness": {"dmean": 0.325685143471, "dmean2": 0.506578326225, "dvar": 0.174440011382, "dvar2": 0.414621025324, "max": 8.69678688049, "mean": -0.149028688669, "median": -0.120573796332, "min": -3.14938259125, "var": 0.882318496704}, "erbbands_spread": {"dmean": 11.4516859055, "dmean2": 17.9626235962, "dvar": 172.905456543, "dvar2": 462.729125977, "max": 174.815673828, "mean": 64.6209030151, "median": 64.7952804565, "min": 0.962428689003, "var": 578.750061035}, "hfc": {"dmean": 24.1655139923, "dmean2": 36.0187187195, "dvar": 1625.31958008, "dvar2": 4049.39160156, "max": 318.924285889, "mean": 39.5425262451, "median": 21.7337169647, "min": 1.21963387338e-16, "var": 1978.31152344}, "melbands_crest": {"dmean": 3.17993783951, "dmean2": 5.16302585602, "dvar": 10.5316877365, "dvar2": 26.1629829407, "max": 32.3031730652, "mean": 17.2368049622, "median": 17.1436424255, "min": 1.61849498749, "var": 31.6575317383}, "melbands_flatness_db": {"dmean": 0.0297957360744, "dmean2": 0.0458434708416, "dvar": 0.00108512095176, "dvar2": 0.00251049408689, "max": 0.489863812923, "mean": 0.185197278857, "median": 0.180005729198, "min": 0.00291098305024, "var": 0.00473131425679}, "melbands_kurtosis": {"dmean": 13.9232997894, "dmean2": 23.3613739014, "dvar": 742.388061523, "dvar2": 1949.6015625, "max": 577.958496094, "mean": 26.6014690399, "median": 17.0203552246, "min": -1.78231167793, "var": 1270.13903809}, "melbands_skewness": {"dmean": 1.01379394531, "dmean2": 1.65083265305, "dvar": 1.83813405037, "dvar2": 4.82288980484, "max": 20.346578598, "mean": 4.04685974121, "median": 3.8534860611, "min": -2.74706459045, "var": 5.05966091156}, "melbands_spread": {"dmean": 13.0587387085, "dmean2": 21.5296554565, "dvar": 446.229034424, "dvar2": 1073.8996582, "max": 234.012542725, "mean": 30.6879959106, "median": 21.8055114746, "min": 0.42978349328, "var": 940.10748291}, "pitch_salience": {"dmean": 0.0795901492238, "dmean2": 0.130987092853, "dvar": 0.00781433843076, "dvar2": 0.0208443626761, "max": 0.918479382992, "mean": 0.489279747009, "median": 0.484461098909, "min": 0.0582034774125, "var": 0.0175930391997}, "silence_rate_20dB": {"dmean": 0, "dmean2": 0, "dvar": 0, "dvar2": 0, "max": 1, "mean": 1, "median": 1, "min": 1, "var": 0}, "silence_rate_30dB": {"dmean": 0.04582843557, "dmean2": 0.0916748270392, "dvar": 0.0437298640609, "dvar2": 0.0860094800591, "max": 1, "mean": 0.931074976921, "median": 1, "min": 0, "var": 0.0641747042537}, "silence_rate_60dB": {"dmean": 0.0121425772086, "dmean2": 0.0242899116129, "dvar": 0.0119955362752, "dvar2": 0.0256584901363, "max": 1, "mean": 0.0873311161995, "median": 0, "min": 0, "var": 0.0797068625689}, "spectral_centroid": {"dmean": 395.393951416, "dmean2": 639.83984375, "dvar": 229879.484375, "dvar2": 559655.1875, "max": 11135.0537109, "mean": 1839.78564453, "median": 1690.55224609, "min": 162.326965332, "var": 653042.125}, "spectral_complexity": {"dmean": 3.90285944939, "dmean2": 6.03290891647, "dvar": 24.9826927185, "dvar2": 53.8830566406, "max": 56, "mean": 18.9291172028, "median": 19, "min": 0, "var": 104.616874695}, "spectral_decrease": {"dmean": 3.7176954848e-09, "dmean2": 5.88692650183e-09, "dvar": 4.85586882566e-17, "dvar2": 1.17890522055e-16, "max": 9.15856407098e-14, "mean": -8.85161988151e-09, "median": -6.72701627735e-09, "min": -6.12175199421e-08, "var": 8.77121807472e-17}, "spectral_energy": {"dmean": 0.0149725191295, "dmean2": 0.0232682563365, "dvar": 0.000726735568605, "dvar2": 0.00173171446659, "max": 0.236312523484, "mean": 0.0369945578277, "median": 0.0283691864461, "min": 1.08280414032e-20, "var": 0.00136601820122}, "spectral_energyband_high": {"dmean": 0.00263138255104, "dmean2": 0.00408132327721, "dvar": 2.38990978687e-05, "dvar2": 6.28254856565e-05, "max": 0.0398530364037, "mean": 0.0036148824729, "median": 0.00152482965495, "min": 7.88559032765e-21, "var": 2.54059523286e-05}, "spectral_energyband_low": {"dmean": 0.0113260792568, "dmean2": 0.017858048901, "dvar": 0.000668282154948, "dvar2": 0.00169783714227, "max": 0.225994318724, "mean": 0.0203613340855, "median": 0.0113210119307, "min": 5.99664986443e-23, "var": 0.00100430822931}, "spectral_energyband_middle_high": {"dmean": 0.000989020685665, "dmean2": 0.00152873597108, "dvar": 3.32300373884e-06, "dvar2": 7.84895291872e-06, "max": 0.0362486168742, "mean": 0.00364761427045, "median": 0.0023041551467, "min": 1.56262859154e-21, "var": 1.38804298331e-05}, "spectral_energyband_middle_low": {"dmean": 0.00512091908604, "dmean2": 0.00821268558502, "dvar": 9.51340043684e-05, "dvar2": 0.00024733110331, "max": 0.107414960861, "mean": 0.0102877747267, "median": 0.00714693637565, "min": 3.17354501254e-22, "var": 0.000126259401441}, "spectral_entropy": {"dmean": 0.188170969486, "dmean2": 0.261825829744, "dvar": 0.0485749281943, "dvar2": 0.0850226506591, "max": 9.80265426636, "mean": 7.95325565338, "median": 7.98094654083, "min": 5.59665393829, "var": 0.257180094719}, "spectral_flux": {"dmean": 0.0345322601497, "dmean2": 0.0506503805518, "dvar": 0.00235517858528, "dvar2": 0.00469791842625, "max": 0.430545777082, "mean": 0.0834435373545, "median": 0.0622151233256, "min": 1.04057873429e-10, "var": 0.00508444570005}, "spectral_kurtosis": {"dmean": 0.67009305954, "dmean2": 1.06158721447, "dvar": 0.780401408672, "dvar2": 1.8996822834, "max": 30.6872062683, "mean": 1.88802576065, "median": 1.54147338867, "min": -1.22722256184, "var": 3.94174814224}, "spectral_rms": {"dmean": 0.00101776618976, "dmean2": 0.00150446360931, "dvar": 2.1564646886e-06, "dvar2": 4.54116070614e-06, "max": 0.0151838334277, "mean": 0.00535202678293, "median": 0.00526091782376, "min": 3.2502219232e-12, "var": 7.4480612966e-06}, "spectral_rolloff": {"dmean": 1643.24475098, "dmean2": 2794.58520508, "dvar": 6486921.5, "dvar2": 12937501, "max": 19982.8125, "mean": 3135.49169922, "median": 1184.32617188, "min": 64.599609375, "var": 16413940}, "spectral_skewness": {"dmean": 0.148445919156, "dmean2": 0.23955245316, "dvar": 0.025908023119, "dvar2": 0.0595573522151, "max": 3.85974860191, "mean": 1.08132815361, "median": 1.04962217808, "min": -0.00618353346363, "var": 0.130060642958}, "spectral_spread": {"dmean": 957479.625, "dmean2": 1256553.75, "dvar": 1561297420290.0, "dvar2": 2251336974340.0, "max": 41657184, "mean": 7039157.5, "median": 6770951.5, "min": 1724169.75, "var": 4514421669890.0}, "spectral_strongpeak": {"dmean": 0.252098113298, "dmean2": 0.429865688086, "dvar": 0.23552544415, "dvar2": 0.606136381626, "max": 7.26565933228, "mean": 0.645356059074, "median": 0.400822639465, "min": 0, "var": 0.646032214165}, "zerocrossingrate": {"dmean": 0.0237193182111, "dmean2": 0.0277150534093, "dvar": 0.000711872649845, "dvar2": 0.00090036081383, "max": 0.8486328125, "mean": 0.108841307461, "median": 0.083984375, "min": 0.0087890625, "var": 0.0117062320933}, "barkbands": {"dmean": [0.000300660351058, 0.00858933664858, 0.00332103809342, 0.00173615815584, 0.00343602849171, 0.000492582388688, 0.000112761947094, 0.000132333967485, 0.000172717045643, 0.000177028457983, 6.95299604558e-05, 0.000226981253945, 8.46439797897e-05, 0.000182933916221, 0.000134113317472, 0.000145646801684, 0.000100204757473, 0.000154100504005, 0.000197106492124, 0.000227729222388, 0.000501058937516, 0.000363639643183, 0.000539752072655, 0.000486551289214, 0.00047151139006, 0.000258494401351, 0.00013102372759], "dmean2": [0.000371633010218, 0.0136665124446, 0.00558681366965, 0.0029286663048, 0.00555846933275, 0.000786004471593, 0.000192316292669, 0.000194801090402, 0.000210586309549, 0.000262523855781, 9.52118862187e-05, 0.000295605481369, 0.00013149442384, 0.000287313945591, 0.000219643785385, 0.000237102678511, 0.000171594248968, 0.000253384554526, 0.000328297668602, 0.000386394560337, 0.000837673142087, 0.000609953072853, 0.000933898438234, 0.000781618000474, 0.000692900503054, 0.000383968261303, 0.000206041688216], "dvar": [5.48522564259e-07, 0.000449229351943, 6.61266531097e-05, 2.16118169192e-05, 4.04740931117e-05, 1.84675991477e-06, 1.20753597344e-07, 8.40114608991e-08, 1.36005695595e-07, 2.98028709267e-07, 2.64984940657e-08, 1.69933841221e-07, 3.0414312846e-08, 1.9003866214e-07, 8.7073381394e-08, 1.10685391519e-07, 1.51056383402e-07, 8.48881285265e-08, 1.51840609419e-07, 2.63080664809e-07, 2.45040450864e-06, 5.94988932789e-07, 2.04953266802e-06, 7.43591044738e-07, 5.53020981897e-07, 1.78018737529e-07, 7.03319500417e-08], "dvar2": [8.21264620754e-07, 0.00109198375139, 0.000181356794201, 5.67040187889e-05, 0.000102284699096, 5.07673348693e-06, 3.37073203127e-07, 1.65774011407e-07, 1.89693196262e-07, 5.92665514887e-07, 4.9340474817e-08, 2.4510586627e-07, 7.00950977262e-08, 4.06005597142e-07, 2.03972277291e-07, 2.55066566979e-07, 4.24589103432e-07, 2.19672358526e-07, 3.95658076968e-07, 7.27526696664e-07, 6.72755459163e-06, 1.66009010627e-06, 5.86439136896e-06, 1.89811203199e-06, 1.19726269077e-06, 3.76157714754e-07, 1.63631014516e-07], "max": [0.00929662026465, 0.185024529696, 0.0738169029355, 0.0476545393467, 0.0928265377879, 0.0156877301633, 0.0038245304022, 0.0066461795941, 0.0106483055279, 0.0228914860636, 0.00755429035053, 0.0102652935311, 0.00370106240734, 0.00976926088333, 0.0073523405008, 0.00525676412508, 0.0134146688506, 0.00462523009628, 0.00535127473995, 0.00733276829123, 0.0161880515516, 0.00773439276963, 0.0134413465858, 0.00655025988817, 0.00552969193086, 0.00322331557982, 0.0025816927664], "mean": [0.000525712210219, 0.014751618728, 0.00419435324147, 0.0019008605741, 0.00595942279324, 0.00100464513525, 0.000266518531134, 0.000542257505003, 0.00056896021124, 0.000799919886049, 0.000210242069443, 0.000611193885561, 0.000190875580302, 0.0003090131504, 0.000258507934632, 0.0002974033996, 0.000172432439285, 0.000277210463537, 0.000344932079315, 0.000377774296794, 0.000654769421089, 0.000560460030101, 0.00061825721059, 0.000612910836935, 0.000607398047578, 0.000267733965302, 0.000109319051262], "median": [8.06206662674e-05, 0.00702961813658, 0.00174897606485, 0.000491318991408, 0.00308861164376, 0.000606754620094, 5.78525650781e-05, 9.67030209722e-05, 0.000190729799215, 0.000195155706024, 9.21881583054e-05, 0.000228545191931, 0.000101538178569, 0.000124084937852, 0.000136148271849, 0.000163033604622, 0.000107920503069, 0.000187713856576, 0.00019835056446, 0.000228801596677, 0.000334992917487, 0.000264164758846, 0.000205352160265, 0.000202462877496, 0.00016884766228, 5.47286581423e-05, 4.63269134343e-06], "min": [9.78846142444e-24, 2.85134531499e-23, 1.59451807906e-23, 1.363727986e-23, 9.72048165148e-23, 4.93543031406e-23, 3.27984004366e-23, 5.24431605902e-23, 6.35967229341e-23, 4.32318211265e-23, 3.57832860189e-23, 7.42583295295e-23, 6.28997990342e-23, 1.46482117365e-22, 1.3268328668e-22, 1.58639978527e-22, 1.3691192192e-22, 4.11566000841e-22, 2.42106056625e-22, 2.7715048921e-22, 2.90598257859e-22, 5.33119621352e-22, 7.71320778631e-22, 9.44978018221e-22, 1.16246876208e-21, 1.53812447661e-21, 2.62892135057e-21], "var": [1.17720207982e-06, 0.000666142557748, 5.83242544963e-05, 2.11898368434e-05, 5.94631128479e-05, 2.02879709832e-06, 2.36118381736e-07, 1.04463072148e-06, 1.0156894632e-06, 5.26810890733e-06, 3.10010477733e-07, 8.6596469373e-07, 8.79561312672e-08, 4.78091578771e-07, 1.75033235905e-07, 2.46007175519e-07, 1.578547284e-07, 1.08189269099e-07, 2.01781105602e-07, 2.46828903983e-07, 1.9337478534e-06, 6.76337663208e-07, 1.41109728702e-06, 8.11847030491e-07, 7.80766470143e-07, 2.05744015602e-07, 6.55950458395e-08]}, "erbbands": {"dmean": [0.268581390381, 2.05563855171, 4.3298201561, 4.15014743805, 13.3509368896, 7.9306344986, 3.52885508537, 4.3669962883, 2.21261167526, 1.96284592152, 2.79963135719, 2.75878286362, 5.3364276886, 4.64295434952, 4.68412590027, 6.82523918152, 3.92544198036, 6.41022539139, 6.55283308029, 8.88546657562, 8.18232727051, 6.42080783844, 7.88122749329, 7.20572280884, 11.827340126, 11.0292453766, 15.1780977249, 21.8838977814, 13.137635231, 13.9476270676, 15.4667778015, 10.3044042587, 8.39137935638, 5.91782855988, 3.02645778656, 1.23881614208, 0.456702560186, 0.119729243219, 0.0223409477621, 0.00139831006527], "dmean2": [0.35308098793, 3.38040065765, 7.34552907944, 6.80790662766, 21.8788204193, 12.703868866, 5.55022716522, 6.98369455338, 3.81660628319, 3.17022037506, 3.98151636124, 3.5933303833, 7.1934299469, 6.50853872299, 6.06884717941, 9.03457069397, 5.92225503922, 9.89103603363, 10.4316778183, 14.4996557236, 13.133395195, 11.0033416748, 13.0285453796, 11.7262239456, 19.8178005219, 18.6973762512, 24.4566287994, 37.8144416809, 22.233757019, 23.1767463684, 27.3158416748, 17.1651630402, 13.1643133163, 8.77114868164, 4.42462015152, 1.83933162689, 0.678983330727, 0.18167412281, 0.0352277904749, 0.00224485760555], "dvar": [0.436569660902, 28.810377121, 141.258255005, 85.2174682617, 687.696899414, 185.424850464, 40.2876243591, 169.340606689, 65.3758544922, 16.0090465546, 38.2630577087, 25.1547527313, 169.810821533, 175.726531982, 72.2293395996, 134.703460693, 50.9701118469, 461.532470703, 138.136138916, 610.592651367, 391.117584229, 723.626464844, 264.589904785, 184.872009277, 624.129333496, 573.551513672, 1460.0057373, 5854.76318359, 800.638549805, 1251.10949707, 1572.79443359, 377.724578857, 212.363891602, 89.4101333618, 23.8757286072, 3.96732783318, 0.575636565685, 0.0454381778836, 0.00208124588244, 9.76078081294e-06], "dvar2": [0.756317019463, 78.3667755127, 396.805511475, 212.516815186, 1793.2545166, 472.332214355, 108.25390625, 474.002838135, 189.210449219, 42.9252586365, 69.5533676147, 43.5251922607, 338.50994873, 311.573608398, 116.246925354, 203.511489868, 111.832527161, 848.091491699, 358.855743408, 1348.97399902, 892.953857422, 2036.91247559, 692.292358398, 464.125610352, 1667.12890625, 1578.63891602, 3638.64648438, 16618.2167969, 2234.62084961, 3480.63183594, 4505.41601562, 1036.84729004, 522.619873047, 200.136901855, 49.4617843628, 8.50662136078, 1.21754133701, 0.1008567065, 0.00486708665267, 2.33036644204e-05], "max": [7.25721883774, 45.407913208, 104.653289795, 87.4813079834, 352.083557129, 169.407150269, 82.0300827026, 168.833343506, 89.5256958008, 105.185264587, 146.873764038, 119.177947998, 519.857910156, 657.860656738, 227.973968506, 254.649353027, 135.523040771, 591.00189209, 394.896942139, 717.509643555, 351.09197998, 933.740478516, 281.047546387, 249.077941895, 351.672302246, 291.107727051, 700.830688477, 777.212524414, 271.946289062, 356.658782959, 349.559234619, 149.692062378, 112.113693237, 78.8852615356, 47.3284721375, 15.0454912186, 5.91421794891, 2.04507517815, 0.485200166702, 0.0312361624092], "mean": [0.45574888587, 3.12504863739, 5.5336689949, 5.64316940308, 18.107793808, 16.242181778, 9.00253391266, 8.36113643646, 3.4767138958, 8.08681201935, 11.1559429169, 9.2181558609, 19.3175258636, 25.5358333588, 15.4453554153, 19.2867355347, 10.0086994171, 12.6035614014, 12.7464437485, 17.3179359436, 16.7940063477, 11.4022455215, 14.0183925629, 13.8818826675, 20.5841083527, 18.8345489502, 23.7609863281, 26.0630989075, 20.8186035156, 17.8303031921, 17.4374885559, 12.660405159, 10.3762798309, 7.53437519073, 3.86411237717, 1.35128891468, 0.463036239147, 0.111055083573, 0.0185129735619, 0.0011514617363], "median": [0.143027380109, 1.54292106628, 2.54288816452, 2.40593028069, 6.93183088303, 9.00274848938, 6.00635910034, 4.44568347931, 1.50426054001, 2.41113257408, 2.37971687317, 4.35060310364, 8.01204013824, 6.90223073959, 7.1608080864, 7.94796085358, 6.01272392273, 5.14226198196, 7.67460107803, 9.34386253357, 8.68711662292, 7.3353471756, 9.55782032013, 9.23225402832, 11.9591970444, 11.4956254959, 13.4755678177, 12.4318180084, 9.79083251953, 6.70743703842, 6.03655147552, 4.63622331619, 3.1140267849, 2.08574008942, 1.04698550701, 0.333410710096, 0.0888769701123, 0.014101613313, 0.000746321165934, 7.56580120651e-05], "min": [8.16184674084e-22, 6.19493776486e-21, 1.7175809268e-20, 4.31992813084e-20, 2.45710899032e-19, 3.12015551434e-19, 3.24447429806e-19, 3.10641216696e-19, 2.18673544283e-19, 1.02284139766e-18, 8.911132987e-19, 1.04958352648e-18, 1.68193735878e-18, 2.18569510811e-18, 1.53786607072e-18, 2.78393508137e-18, 3.22685224908e-18, 4.17551426076e-18, 8.97412299744e-18, 7.33597782106e-18, 7.68313146208e-18, 9.38185521062e-18, 2.57127273615e-17, 1.43877330749e-17, 1.01569358523e-17, 1.33106123957e-17, 1.05059961446e-17, 1.30821219494e-17, 1.64195880987e-17, 2.04885060755e-17, 2.21583802458e-17, 1.91147030075e-17, 1.77605355528e-17, 1.34254399539e-17, 7.36974333366e-18, 4.60613704303e-18, 2.88965310635e-18, 1.57204879254e-18, 4.07568922556e-19, 3.45423870648e-20], "var": [0.814758718014, 31.5170688629, 112.209846497, 102.450805664, 794.286071777, 357.896087646, 93.7264633179, 180.176025391, 47.8416252136, 147.159759521, 429.211730957, 172.158737183, 1299.35266113, 5447.75439453, 524.366516113, 749.75567627, 170.986175537, 1437.25048828, 296.740234375, 1221.12634277, 915.198242188, 736.34161377, 300.120666504, 257.308380127, 776.392089844, 574.817077637, 1619.92272949, 4021.89941406, 948.780700684, 1011.80712891, 1059.09814453, 352.352294922, 242.02746582, 121.22480011, 35.6153030396, 4.65127754211, 0.657796323299, 0.0475429147482, 0.00192309054546, 8.53764868225e-06]}, "gfcc": {"mean": [1.38404667377, 40.1153869629, -84.1324996948, 46.8423309326, -51.9144325256, 23.6678905487, -31.6570205688, 6.38518857956, -30.8188610077, -0.512756764889, -19.1211032867, 2.18865990639, -5.06070804596], "cov": [[35808.09375, 1200.3581543, -697.578369141, 1359.74328613, -1070.94677734, 963.807800293, -1193.69628906, 194.689529419, -1021.5748291, -188.499588013, -1087.68432617, -196.533569336, -794.385498047], [1200.3581543, 1894.43737793, -515.362182617, 125.724357605, -6.1800160408, 81.8905258179, 155.678665161, 148.061706543, 119.679779053, 120.464782715, 71.159362793, 50.4292488098, 142.462356567], [-697.578369141, -515.362182617, 837.263793945, -23.9699745178, 192.317764282, -35.647819519, 3.52677083015, -31.8090877533, 30.6810283661, -18.5091953278, 29.7161827087, -13.2571220398, -45.1487731934], [1359.74328613, 125.724357605, -23.9699745178, 402.200683594, -28.1221237183, 136.548980713, -44.3839302063, 34.5244445801, -36.1968269348, 6.49191808701, -55.889175415, -33.0333633423, -59.9761734009], [-1070.94677734, -6.1800160408, 192.317764282, -28.1221237183, 260.189788818, 10.3387527466, 103.275192261, 15.4100694656, 73.4316329956, 14.0830163956, 37.6471633911, 3.28368782997, 33.8461685181], [963.807800293, 81.8905258179, -35.647819519, 136.548980713, 10.3387527466, 305.110137939, 96.5437698364, 150.126068115, 55.8775634766, 29.4896564484, -34.0362663269, -5.12710762024, -1.643227458], [-1193.69628906, 155.678665161, 3.52677083015, -44.3839302063, 103.275192261, 96.5437698364, 233.490188599, 113.156860352, 125.818031311, 37.1667900085, 60.0436820984, 8.99626731873, 86.1910705566], [194.689529419, 148.061706543, -31.8090877533, 34.5244445801, 15.4100694656, 150.126068115, 113.156860352, 175.648208618, 105.172935486, 64.9045257568, 20.1712207794, 9.05839443207, 13.4263153076], [-1021.5748291, 119.679779053, 30.6810283661, -36.1968269348, 73.4316329956, 55.8775634766, 125.818031311, 105.172935486, 182.287963867, 88.883354187, 87.9666595459, 15.7080192566, 41.9578361511], [-188.499588013, 120.464782715, -18.5091953278, 6.49191808701, 14.0830163956, 29.4896564484, 37.1667900085, 64.9045257568, 88.883354187, 119.728294373, 73.1835632324, 17.5869731903, 2.65193605423], [-1087.68432617, 71.159362793, 29.7161827087, -55.889175415, 37.6471633911, -34.0362663269, 60.0436820984, 20.1712207794, 87.9666595459, 73.1835632324, 132.656677246, 39.3923072815, 41.4564933777], [-196.533569336, 50.4292488098, -13.2571220398, -33.0333633423, 3.28368782997, -5.12710762024, 8.99626731873, 9.05839443207, 15.7080192566, 17.5869731903, 39.3923072815, 62.1556243896, 38.4590644836], [-794.385498047, 142.462356567, -45.1487731934, -59.9761734009, 33.8461685181, -1.643227458, 86.1910705566, 13.4263153076, 41.9578361511, 2.65193605423, 41.4564933777, 38.4590644836, 126.107620239]], "icov": [[6.73396498314e-05, -8.40015927679e-05, -5.17385051353e-05, 1.79323797056e-06, 8.8452899945e-05, -0.000200166818104, 0.000281405315036, -0.000182282092283, 0.000280266307527, -0.000161687406944, 0.000317276950227, -7.06677164999e-05, 0.00012954340491], [-8.40015927679e-05, 0.000907883222681, 0.00053248606855, -0.000431823107647, -0.00031959041371, 0.000629722955637, -0.000481059076265, -0.00028997976915, -0.000292448792607, -0.000328614667524, -0.000298072118312, -2.00743397727e-05, -0.000907540263142], [-5.17385051353e-05, 0.00053248606855, 0.00193336175289, -0.000179854381713, -0.00153802812565, 0.000299486069707, 0.00022068877297, -0.000182079675142, -0.000528864387888, 0.000845085305627, -0.00106547365431, 0.00012192162103, 0.000435697991634], [1.79323797056e-06, -0.000431823107647, -0.000179854381713, 0.00373863894492, -0.000179389171535, -0.00219712057151, 0.00122809223831, 0.000245930947131, 0.0008918454987, -0.000511637015734, -0.000230289588217, 0.00156414904632, 0.000679491495248], [8.8452899945e-05, -0.00031959041371, -0.00153802812565, -0.000179389171535, 0.00654294760898, -0.000258541491348, -0.003066632431, 0.00253727287054, -0.00155104033183, -0.000686918152496, 0.00178532616701, -0.00111337564886, 0.000631791132037], [-0.000200166818104, 0.000629722955637, 0.000299486069707, -0.00219712057151, -0.000258541491348, 0.00848825648427, -0.00301793986, -0.00501310778782, -0.000421988981543, -6.19601951257e-06, 0.00221942435019, -0.00150060420856, -0.000265048234724], [0.000281405315036, -0.000481059076265, 0.00022068877297, 0.00122809223831, -0.003066632431, -0.00301793986, 0.0157315861434, -0.007344677113, -0.00130406208336, 0.00363923772238, -0.0039040890988, 0.00651547452435, -0.0065534748137], [-0.000182282092283, -0.00028997976915, -0.000182079675142, 0.000245930947131, 0.00253727287054, -0.00501310778782, -0.007344677113, 0.0204604156315, -0.007477927953, -0.00465957541019, 0.00480602867901, -0.00492597231641, 0.00383468484506], [0.000280266307527, -0.000292448792607, -0.000528864387888, 0.0008918454987, -0.00155104033183, -0.000421988981543, -0.00130406208336, -0.007477927953, 0.0187317300588, -0.00619778735563, -0.00466411979869, 0.00354073662311, -0.00121963198762], [-0.000161687406944, -0.000328614667524, 0.000845085305627, -0.000511637015734, -0.000686918152496, -6.19601951257e-06, 0.00363923772238, -0.00465957541019, -0.00619778735563, 0.0211534295231, -0.0108832214028, 0.000736709742341, 0.00257531902753], [0.000317276950227, -0.000298072118312, -0.00106547365431, -0.000230289588217, 0.00178532616701, 0.00221942435019, -0.0039040890988, 0.00480602867901, -0.00466411979869, -0.0108832214028, 0.0234361644834, -0.0102032739669, 0.000738762901165], [-7.06677164999e-05, -2.00743397727e-05, 0.00012192162103, 0.00156414904632, -0.00111337564886, -0.00150060420856, 0.00651547452435, -0.00492597231641, 0.00354073662311, 0.000736709742341, -0.0102032739669, 0.0277422107756, -0.00958423130214], [0.00012954340491, -0.000907540263142, 0.000435697991634, 0.000679491495248, 0.000631791132037, -0.000265048234724, -0.0065534748137, 0.00383468484506, -0.00121963198762, 0.00257531902753, 0.000738762901165, -0.00958423130214, 0.0171796586365]]}, "melbands": {"dmean": [0.00228872010484, 0.00241019087844, 0.000924578285776, 0.000883815693669, 0.000133127658046, 9.5650953881e-05, 3.20011422446e-05, 2.27170512517e-05, 2.09659447137e-05, 2.12195591303e-05, 2.80858293991e-05, 2.09869740502e-05, 1.25655515149e-05, 2.87591938104e-05, 1.12452144094e-05, 1.14070935524e-05, 1.22150095194e-05, 1.27538969537e-05, 1.13403521027e-05, 1.05331700979e-05, 9.76153023657e-06, 6.62907586957e-06, 6.87448482495e-06, 8.01522946858e-06, 5.75065951125e-06, 8.79473464011e-06, 8.92987645784e-06, 7.25043264538e-06, 8.62026172399e-06, 1.33731546157e-05, 1.26211025417e-05, 8.20976492832e-06, 6.14961982137e-06, 9.02299962036e-06, 9.44395196711e-06, 7.55690007281e-06, 6.34811885902e-06, 6.17895875621e-06, 5.74373916606e-06, 4.82045288663e-06], "dmean2": [0.00338821415789, 0.00403533410281, 0.00152805587277, 0.0014308335958, 0.000211132355616, 0.000153103217599, 5.46765477338e-05, 3.59497462341e-05, 3.00207848341e-05, 2.64169884758e-05, 3.78473632736e-05, 2.94240198855e-05, 1.66098252521e-05, 3.65758569387e-05, 1.65624078363e-05, 1.77127749339e-05, 1.90123118955e-05, 2.05859869311e-05, 1.86531451618e-05, 1.71555093402e-05, 1.56680180226e-05, 1.14587110147e-05, 1.17135405162e-05, 1.30334383357e-05, 9.45472947933e-06, 1.50064279296e-05, 1.51167569129e-05, 1.23691688714e-05, 1.37893130159e-05, 2.28345052165e-05, 2.18391851377e-05, 1.40940201163e-05, 1.01794767033e-05, 1.52584780153e-05, 1.68324659171e-05, 1.30939333758e-05, 1.05120952867e-05, 9.98356699711e-06, 9.15007785807e-06, 7.16808608558e-06], "dvar": [3.04880086333e-05, 4.27819650213e-05, 3.49463903149e-06, 2.76315336123e-06, 5.42737517151e-08, 8.11878564377e-08, 1.26033432579e-08, 1.94234250905e-09, 2.03666217224e-09, 1.80368275871e-09, 4.84282836055e-09, 3.82431508683e-09, 6.47480402627e-10, 3.43529404923e-09, 3.55945661834e-10, 1.0233667247e-09, 1.38288924756e-09, 6.98428259671e-10, 6.00631711034e-10, 7.23487936227e-10, 5.54308321465e-10, 9.23379983586e-10, 2.29716676237e-10, 2.38030956057e-10, 1.21994608859e-10, 3.23494592225e-10, 3.93564986156e-10, 2.46296177897e-10, 4.80216255649e-10, 1.85048720791e-09, 1.90542182033e-09, 3.59570928588e-10, 1.39113595643e-10, 6.24059692811e-10, 6.90992540964e-10, 2.54207571659e-10, 1.49616666278e-10, 1.25377250249e-10, 9.32153867983e-11, 5.86374074296e-11], "dvar2": [6.28102279734e-05, 0.000120825396152, 9.12366704142e-06, 7.05536649548e-06, 1.47335086353e-07, 2.26617373755e-07, 3.63693715144e-08, 5.19038190205e-09, 3.78004649804e-09, 2.66269672977e-09, 9.6278354178e-09, 6.78214506777e-09, 1.15636289433e-09, 4.83713114008e-09, 7.35739413837e-10, 1.99348315633e-09, 2.58882715265e-09, 1.83183790359e-09, 1.43632039595e-09, 1.60851010289e-09, 1.27952970441e-09, 2.62927457584e-09, 6.17960349558e-10, 6.03372574126e-10, 3.05041270021e-10, 8.72213412606e-10, 1.06903863539e-09, 6.82151168885e-10, 1.04834363412e-09, 5.26189891659e-09, 5.36725730527e-09, 1.03011443819e-09, 3.53776452577e-10, 1.76435399624e-09, 1.99265004497e-09, 7.1806149915e-10, 4.13218820272e-10, 3.18686854683e-10, 2.16784853957e-10, 1.27808000294e-10], "max": [0.0567204579711, 0.0595745183527, 0.0193584747612, 0.0233695339411, 0.00302692735568, 0.00354191451333, 0.0012956407154, 0.00102446647361, 0.00110107881483, 0.00118351157289, 0.00294848158956, 0.00299279391766, 0.00111102929804, 0.00146783690434, 0.000361846090527, 0.000853571284097, 0.00100010214373, 0.000900713668671, 0.000587441842072, 0.000740660354495, 0.000417045957875, 0.00106530473568, 0.000277564016869, 0.000279944622889, 0.000226709526032, 0.000320938561345, 0.00037199727376, 0.000180642629857, 0.000614137097728, 0.000448346458143, 0.0004381070612, 0.000190798702533, 0.000121796816529, 0.000258674641373, 0.000255334511166, 0.000129875217681, 9.85544975265e-05, 8.99186343304e-05, 7.27673977963e-05, 7.02484903741e-05], "mean": [0.00407499074936, 0.00340719101951, 0.00129357655533, 0.00146031600889, 0.00034850728116, 0.000182810632396, 5.50206132175e-05, 0.000103566519101, 7.94876759755e-05, 6.88569853082e-05, 0.000102042635262, 0.000112493435154, 4.11595392507e-05, 7.58607857279e-05, 2.78393235931e-05, 2.31055582844e-05, 2.26028168981e-05, 2.17714514292e-05, 2.02545434149e-05, 2.12155282497e-05, 1.84721920959e-05, 1.09112706923e-05, 1.05097624328e-05, 1.46510483319e-05, 1.02981875898e-05, 1.44539817484e-05, 1.43078441397e-05, 1.15543489301e-05, 1.42932813105e-05, 1.60287509061e-05, 1.4475680473e-05, 1.26218055811e-05, 9.10907692742e-06, 1.03130914795e-05, 1.02281228465e-05, 8.60998079588e-06, 7.66122775531e-06, 7.32008948034e-06, 7.05494539943e-06, 6.11201494394e-06], "median": [0.00171323574614, 0.00179187883623, 0.000627913104836, 0.00066345121013, 0.000241182293394, 9.99506373773e-05, 2.24770628847e-05, 3.09367133013e-05, 1.79741600732e-05, 2.56933326455e-05, 3.92136025766e-05, 2.67616414931e-05, 1.91808958334e-05, 2.07988887269e-05, 1.4091149751e-05, 1.11933477456e-05, 8.87558144314e-06, 1.12527923193e-05, 1.09240072561e-05, 1.13911783046e-05, 8.80596417119e-06, 6.60383375362e-06, 6.47308388579e-06, 9.96265407593e-06, 6.36064942228e-06, 7.94082461653e-06, 8.04523733677e-06, 6.74483362673e-06, 8.12275175122e-06, 7.66076118452e-06, 6.29355918136e-06, 5.63215735383e-06, 4.10316124544e-06, 3.36996049555e-06, 3.55975475941e-06, 2.85174382952e-06, 2.85172745862e-06, 2.2245699256e-06, 1.92945390154e-06, 1.69362135694e-06], "min": [8.1466517652e-24, 9.40786759211e-24, 1.03624784287e-23, 2.60570949077e-23, 9.73893594795e-24, 7.4847714333e-24, 4.36505098408e-24, 1.26964322796e-23, 5.79031240839e-24, 8.52006301899e-24, 8.56203988547e-24, 8.72187336006e-24, 4.74321670255e-24, 6.70016091064e-24, 9.56727902611e-24, 4.77157664652e-24, 8.99186337146e-24, 1.57256975987e-23, 9.82358861169e-24, 1.09536839232e-23, 8.29529288126e-24, 6.47331922418e-24, 2.26174657235e-23, 1.76024150472e-23, 1.15516531112e-23, 7.4735262211e-24, 8.26943323193e-24, 9.24349974503e-24, 5.37478623745e-24, 9.38409684645e-24, 6.64189406646e-24, 8.10439721967e-24, 1.20903299357e-23, 1.09001297341e-23, 1.24007877227e-23, 1.40059950248e-23, 1.07900047517e-23, 1.05867318625e-23, 1.56028120023e-23, 9.9434102723e-24], "var": [5.42138332094e-05, 3.74431328964e-05, 3.97203530156e-06, 4.0488457671e-06, 1.26418697732e-07, 8.40699385662e-08, 1.02466080065e-08, 2.43402773492e-08, 2.08512496158e-08, 1.32182567114e-08, 3.90636856196e-08, 1.11691186078e-07, 7.2267578588e-09, 1.65802731544e-08, 1.51708501317e-09, 3.13702663846e-09, 4.20578505356e-09, 1.32767408179e-09, 1.09540609916e-09, 1.48942813638e-09, 1.26759258645e-09, 9.16412334906e-10, 2.26579463525e-10, 3.33564953436e-10, 1.6083040455e-10, 3.96251670365e-10, 3.99370925219e-10, 2.41767661446e-10, 6.60432597499e-10, 1.32505029171e-09, 1.3088626849e-09, 3.78977155213e-10, 1.71591130194e-10, 4.49557641113e-10, 4.36919694868e-10, 2.03282432554e-10, 1.36781530546e-10, 1.30287169942e-10, 1.15231039988e-10, 8.03440439179e-11]}, "mfcc": {"mean": [-636.33972168, 71.7943496704, 25.765422821, 28.821723938, 9.55127048492, 15.6444234848, 11.0102348328, 6.44112730026, 3.09413480759, -0.519477307796, -6.8297624588, -5.38264656067, -3.67029738426], "cov": [[15460.6328125, 898.412536621, 646.944335938, 354.742553711, 196.547302246, 209.764099121, 35.0642204285, 85.5696487427, 33.7156333923, -64.3138275146, 39.170879364, 9.10771656036, -169.208877563], [898.412536621, 1260.67016602, -202.933059692, 56.8743400574, -38.4633636475, 33.338092804, 53.2142524719, 69.8291320801, 99.4381027222, 93.3746490479, 32.5366859436, 29.7219390869, 34.3524589539], [646.944335938, -202.933059692, 442.089508057, 71.3304748535, 127.579429626, 42.9464302063, 39.5783348083, 22.9134483337, 3.45739245415, 2.72427582741, 22.7417964935, 10.0072574615, -28.2793960571], [354.742553711, 56.8743400574, 71.3304748535, 207.235778809, 74.7983703613, 48.1315460205, 21.0657253265, -4.99179601669, -17.2894306183, -18.1558132172, -11.1593647003, 1.17616248131, -29.4345436096], [196.547302246, -38.4633636475, 127.579429626, 74.7983703613, 156.379226685, 64.3597488403, 33.8187904358, 19.7485332489, 1.09672033787, 6.15595674515, 25.5490264893, 9.38986492157, -25.8895931244], [209.764099121, 33.338092804, 42.9464302063, 48.1315460205, 64.3597488403, 120.417709351, 60.6741142273, 52.0746116638, 45.9496841431, 39.2156524658, 21.667175293, -14.9030294418, -17.5565052032], [35.0642204285, 53.2142524719, 39.5783348083, 21.0657253265, 33.8187904358, 60.6741142273, 98.719871521, 64.1017074585, 52.2713356018, 49.4610939026, 12.7458410263, -10.4212970734, -0.767075240612], [85.5696487427, 69.8291320801, 22.9134483337, -4.99179601669, 19.7485332489, 52.0746116638, 64.1017074585, 128.829116821, 94.6096343994, 69.2902984619, 31.052444458, -5.8680524826, 11.1731424332], [33.7156333923, 99.4381027222, 3.45739245415, -17.2894306183, 1.09672033787, 45.9496841431, 52.2713356018, 94.6096343994, 132.230163574, 90.4883880615, 33.1930198669, -3.15161848068, 6.47688674927], [-64.3138275146, 93.3746490479, 2.72427582741, -18.1558132172, 6.15595674515, 39.2156524658, 49.4610939026, 69.2902984619, 90.4883880615, 148.894897461, 84.7850265503, 23.2984542847, 28.7183589935], [39.170879364, 32.5366859436, 22.7417964935, -11.1593647003, 25.5490264893, 21.667175293, 12.7458410263, 31.052444458, 33.1930198669, 84.7850265503, 137.718414307, 71.8993301392, 21.2836990356], [9.10771656036, 29.7219390869, 10.0072574615, 1.17616248131, 9.38986492157, -14.9030294418, -10.4212970734, -5.8680524826, -3.15161848068, 23.2984542847, 71.8993301392, 107.569145203, 54.0006065369], [-169.208877563, 34.3524589539, -28.2793960571, -29.4345436096, -25.8895931244, -17.5565052032, -0.767075240612, 11.1731424332, 6.47688674927, 28.7183589935, 21.2836990356, 54.0006065369, 125.40713501]], "icov": [[8.00522320787e-05, -8.62956512719e-05, -0.000162832002388, -5.13006089022e-05, 9.49532914092e-05, -0.000155165456817, 0.00014380972425, -7.79093898018e-05, 2.7808955565e-05, 0.000105500432255, -4.12123372371e-05, -2.16291082324e-05, 7.93047511252e-05], [-8.62956512719e-05, 0.00108669383917, 0.00071684201248, -0.000497476023156, 1.30659018396e-05, 0.000274364952929, -0.000490633188747, 4.52510175819e-05, -0.000593820062932, -0.000403973826906, 0.000206902986974, -0.000391090579797, -7.86834571045e-05], [-0.000162832002388, 0.00071684201248, 0.00365549093112, -0.000430856598541, -0.00254177930765, 0.00115381949581, -0.001267930842, -2.28723201872e-05, -0.000463616248453, -5.56195154786e-05, -8.41005676193e-05, -0.000257549254457, 0.000100052900962], [-5.13006089022e-05, -0.000497476023156, -0.000430856598541, 0.00690747983754, -0.00210696388967, -0.00215653446503, -0.000296153622912, 0.000327803601976, 0.00154722773004, -0.000347927300027, 0.00211380398832, -0.00197052373551, 0.00131279870402], [9.49532914092e-05, 1.30659018396e-05, -0.00254177930765, -0.00210696388967, 0.0121905468404, -0.00500879064202, -0.000354658113793, -0.00122101779561, 0.00213305116631, 0.000691704975907, -0.00126310857013, -0.00168206030503, 0.0016490155831], [-0.000155165456817, 0.000274364952929, 0.00115381949581, -0.00215653446503, -0.00500879064202, 0.0170194469392, -0.00647947564721, -0.000301632477203, -0.00307597429492, 0.000615261204075, -0.00319181894884, 0.00411989772692, -0.000408997322666], [0.00014380972425, -0.000490633188747, -0.001267930842, -0.000296153622912, -0.000354658113793, -0.00647947564721, 0.0202570017427, -0.00656288070604, 0.00139184424188, -0.00447108596563, 0.00362291419879, -0.000573271827307, 0.000285295274807], [-7.79093898018e-05, 4.52510175819e-05, -2.28723201872e-05, 0.000327803601976, -0.00122101779561, -0.000301632477203, -0.00656288070604, 0.0205271914601, -0.0124165825546, 0.00231877434999, -0.00352753768675, 0.00355465919711, -0.00303073297255], [2.7808955565e-05, -0.000593820062932, -0.000463616248453, 0.00154722773004, 0.00213305116631, -0.00307597429492, 0.00139184424188, -0.0124165825546, 0.0233696866781, -0.010620704852, 0.00505924783647, -0.00298828375526, 0.0032365960069], [0.000105500432255, -0.000403973826906, -5.56195154786e-05, -0.000347927300027, 0.000691704975907, 0.000615261204075, -0.00447108596563, 0.00231877434999, -0.010620704852, 0.0210253670812, -0.0130898598582, 0.00594939384609, -0.00445275986567], [-4.12123372371e-05, 0.000206902986974, -8.41005676193e-05, 0.00211380398832, -0.00126310857013, -0.00319181894884, 0.00362291419879, -0.00352753768675, 0.00505924783647, -0.0130898598582, 0.0224097650498, -0.0149252293631, 0.00535355089232], [-2.16291082324e-05, -0.000391090579797, -0.000257549254457, -0.00197052373551, -0.00168206030503, 0.00411989772692, -0.000573271827307, 0.00355465919711, -0.00298828375526, 0.00594939384609, -0.0149252293631, 0.0236149728298, -0.00937700923532], [7.93047511252e-05, -7.86834571045e-05, 0.000100052900962, 0.00131279870402, 0.0016490155831, -0.000408997322666, 0.000285295274807, -0.00303073297255, 0.0032365960069, -0.00445275986567, 0.00535355089232, -0.00937700923532, 0.0129699185491]]}, "spectral_contrast_coeffs": {"dmean": [0.0519363470376, 0.0339598469436, 0.030259385705, 0.0279176197946, 0.0204413868487, 0.0222720373422], "dmean2": [0.0826043263078, 0.0547011904418, 0.0457428880036, 0.0444041974843, 0.0333237089217, 0.0315732620656], "dvar": [0.00230115232989, 0.000979180214927, 0.000759802816901, 0.000561186869163, 0.000298496539472, 0.000461141229607], "dvar2": [0.00550351664424, 0.00236172950827, 0.00169781583827, 0.00134023907594, 0.000721762829926, 0.000806250958703], "max": [-0.314502477646, -0.440432369709, -0.382422566414, -0.527142524719, -0.536018848419, -0.606763839722], "mean": [-0.636382222176, -0.712014377117, -0.733636677265, -0.768235862255, -0.781142950058, -0.766702651978], "median": [-0.641697585583, -0.709416091442, -0.738390207291, -0.768072545528, -0.7807264328, -0.763401985168], "min": [-0.972569823265, -0.992660224438, -0.973195195198, -0.974282026291, -0.955774784088, -0.959554970264], "var": [0.0105414567515, 0.00526159396395, 0.00741545995697, 0.00339570199139, 0.00204461836256, 0.0024974392727]}, "spectral_contrast_valleys": {"dmean": [0.400431215763, 0.349477618933, 0.300806045532, 0.28842613101, 0.284472346306, 0.464016228914], "dmean2": [0.615319907665, 0.546948432922, 0.45554497838, 0.437021762133, 0.407676905394, 0.566660940647], "dvar": [0.170047000051, 0.16823412478, 0.116637453437, 0.117172710598, 0.144170463085, 0.281251579523], "dvar2": [0.333475708961, 0.340438872576, 0.211096063256, 0.216473519802, 0.2665181458, 0.482673078775], "max": [-5.03083848953, -5.17296648026, -5.81196594238, -6.10019540787, -5.61869096756, -7.15131521225], "mean": [-7.37374925613, -7.85