{"lowlevel": {"average_loudness": 0.969901740551, "barkbands_crest": {"dmean": 2.38978004456, "dmean2": 4.07217741013, "dvar": 5.29560756683, "dvar2": 15.6918535233, "max": 22.67436409, "mean": 10.7227935791, "median": 10.2884273529, "min": 2.50382757187, "var": 9.03446674347}, "barkbands_flatness_db": {"dmean": 0.0226949434727, "dmean2": 0.0346190966666, "dvar": 0.000587393995374, "dvar2": 0.00125648779795, "max": 0.448386281729, "mean": 0.19987295568, "median": 0.188788428903, "min": 0.0219048988074, "var": 0.00489477999508}, "barkbands_kurtosis": {"dmean": 3.4090051651, "dmean2": 5.670109272, "dvar": 38.6814002991, "dvar2": 112.473762512, "max": 203.021133423, "mean": 8.09296226501, "median": 5.64041233063, "min": -1.65428030491, "var": 100.308685303}, "barkbands_skewness": {"dmean": 0.449288070202, "dmean2": 0.738061308861, "dvar": 0.228189691901, "dvar2": 0.591828942299, "max": 10.6635017395, "mean": 2.17715573311, "median": 2.13462114334, "min": -5.43698263168, "var": 1.43734896183}, "barkbands_spread": {"dmean": 3.65812158585, "dmean2": 5.9396905899, "dvar": 23.863237381, "dvar2": 57.8176002502, "max": 85.1569595337, "mean": 13.5449867249, "median": 11.9323749542, "min": 0.647901713848, "var": 77.7210159302}, "dissonance": {"dmean": 0.0167134180665, "dmean2": 0.0277818106115, "dvar": 0.000256622413872, "dvar2": 0.000678782060277, "max": 0.5, "mean": 0.454925060272, "median": 0.461922943592, "min": 0.283320069313, "var": 0.000951366964728}, "dynamic_complexity": 2.63713860512, "erbbands_crest": {"dmean": 1.81735265255, "dmean2": 2.92351412773, "dvar": 2.81191110611, "dvar2": 7.32047700882, "max": 23.3264484406, "mean": 8.06468677521, "median": 7.49310684204, "min": 2.37946867943, "var": 9.90288066864}, "erbbands_flatness_db": {"dmean": 0.0151720466092, "dmean2": 0.0206897556782, "dvar": 0.000291878823191, "dvar2": 0.000493654748425, "max": 0.376977354288, "mean": 0.171342164278, "median": 0.162301972508, "min": 0.0391362570226, "var": 0.00336622004397}, "erbbands_kurtosis": {"dmean": 0.748271644115, "dmean2": 1.20270729065, "dvar": 1.80938160419, "dvar2": 4.52175712585, "max": 25.7888088226, "mean": 0.342074692249, "median": -0.475493192673, "min": -1.83371853828, "var": 6.30226039886}, "erbbands_skewness": {"dmean": 0.312409996986, "dmean2": 0.502008318901, "dvar": 0.0990552455187, "dvar2": 0.24953506887, "max": 4.00103759766, "mean": 0.344007998705, "median": 0.216235086322, "min": -2.12340569496, "var": 0.726895689964}, "erbbands_spread": {"dmean": 6.65676498413, "dmean2": 10.1749544144, "dvar": 61.9979972839, "dvar2": 127.340583801, "max": 128.19972229, "mean": 40.6716575623, "median": 38.0270996094, "min": 4.89562654495, "var": 369.502716064}, "hfc": {"dmean": 5.91601848602, "dmean2": 8.35956764221, "dvar": 98.6046676636, "dvar2": 197.077346802, "max": 115.376838684, "mean": 19.5450286865, "median": 16.0616035461, "min": 1.17097937444e-16, "var": 223.193572998}, "melbands_crest": {"dmean": 2.24596309662, "dmean2": 3.81481814384, "dvar": 5.40221977234, "dvar2": 15.3837461472, "max": 27.3803577423, "mean": 13.2013454437, "median": 12.8708181381, "min": 2.42713427544, "var": 11.5946359634}, "melbands_flatness_db": {"dmean": 0.0261853262782, "dmean2": 0.0405315570533, "dvar": 0.000856645870954, "dvar2": 0.00188544974662, "max": 0.568106234074, "mean": 0.286726027727, "median": 0.277639657259, "min": 0.0052584502846, "var": 0.00777124706656}, "melbands_kurtosis": {"dmean": 7.44246435165, "dmean2": 12.1621894836, "dvar": 116.508392334, "dvar2": 295.893280029, "max": 256.346252441, "mean": 21.19115448, "median": 15.2483215332, "min": -1.65878558159, "var": 428.421691895}, "melbands_skewness": {"dmean": 0.596768975258, "dmean2": 0.970372259617, "dvar": 0.392545312643, "dvar2": 0.938026726246, "max": 11.6412982941, "mean": 3.40994024277, "median": 3.24984908104, "min": -2.35449671745, "var": 2.24356269836}, "melbands_spread": {"dmean": 3.34139108658, "dmean2": 5.50769662857, "dvar": 22.8832454681, "dvar2": 55.1477203369, "max": 208.808029175, "mean": 12.5094079971, "median": 9.43272209167, "min": 0.552515983582, "var": 241.620117188}, "pitch_salience": {"dmean": 0.0615503787994, "dmean2": 0.10153863579, "dvar": 0.00281725684181, "dvar2": 0.00808504689485, "max": 0.876381158829, "mean": 0.580670893192, "median": 0.590094268322, "min": 0.182461544871, "var": 0.00867166090757}, "silence_rate_20dB": {"dmean": 0, "dmean2": 0, "dvar": 0, "dvar2": 0, "max": 1, "mean": 1, "median": 1, "min": 1, "var": 0}, "silence_rate_30dB": {"dmean": 0.0415647923946, "dmean2": 0.0831499174237, "dvar": 0.039834715426, "dvar2": 0.105098180473, "max": 1, "mean": 0.97188949585, "median": 1, "min": 0, "var": 0.0273215249181}, "silence_rate_60dB": {"dmean": 0.000488997553475, "dmean2": 0.000978234340437, "dvar": 0.000488757737912, "dvar2": 0.000977274146862, "max": 1, "mean": 0.0608653128147, "median": 0, "min": 0, "var": 0.0571637898684}, "spectral_centroid": {"dmean": 167.129898071, "dmean2": 268.729736328, "dvar": 67308, "dvar2": 139953.296875, "max": 11661.7529297, "mean": 847.690856934, "median": 723.279418945, "min": 133.570617676, "var": 463437.21875}, "spectral_complexity": {"dmean": 3.5970659256, "dmean2": 5.24480295181, "dvar": 27.5111618042, "dvar2": 50.5164489746, "max": 60, "mean": 17.4067459106, "median": 16, "min": 0, "var": 92.7922821045}, "spectral_decrease": {"dmean": 3.52073925569e-09, "dmean2": 6.00940763817e-09, "dvar": 2.18355961728e-17, "dvar2": 5.82767799785e-17, "max": 9.69513271748e-12, "mean": -1.36267388484e-08, "median": -1.31181803198e-08, "min": -4.47778205626e-08, "var": 4.31775044863e-17}, "spectral_energy": {"dmean": 0.0136455791071, "dmean2": 0.0231450535357, "dvar": 0.000326999113895, "dvar2": 0.000862482818775, "max": 0.173906460404, "mean": 0.0532031543553, "median": 0.0511778928339, "min": 1.05883480492e-20, "var": 0.000660856312606}, "spectral_energyband_high": {"dmean": 0.000370014138753, "dmean2": 0.000513644423336, "dvar": 7.15055364253e-07, "dvar2": 1.35637776566e-06, "max": 0.00820519775152, "mean": 0.000597211939748, "median": 0.000168032915099, "min": 7.93184135612e-21, "var": 1.32977413614e-06}, "spectral_energyband_low": {"dmean": 0.0106574809179, "dmean2": 0.0188145190477, "dvar": 0.000250859739026, "dvar2": 0.000704080448486, "max": 0.136028066278, "mean": 0.0298161134124, "median": 0.0259430129081, "min": 2.7753395134e-23, "var": 0.000347195775248}, "spectral_energyband_middle_high": {"dmean": 0.00156911567319, "dmean2": 0.00236165337265, "dvar": 5.77320497541e-06, "dvar2": 1.30847556647e-05, "max": 0.0338829606771, "mean": 0.00469374470413, "median": 0.00336815859191, "min": 1.46888313835e-21, "var": 2.13220228034e-05}, "spectral_energyband_middle_low": {"dmean": 0.00600141938776, "dmean2": 0.0099580604583, "dvar": 6.58041972201e-05, "dvar2": 0.000177446505404, "max": 0.0940732806921, "mean": 0.0218910612166, "median": 0.0206988453865, "min": 3.36174324316e-22, "var": 0.000151073094457}, "spectral_entropy": {"dmean": 0.182040721178, "dmean2": 0.255405753851, "dvar": 0.0494691766798, "dvar2": 0.0903096944094, "max": 9.79591941833, "mean": 7.10648441315, "median": 7.14582443237, "min": 5.21831035614, "var": 0.428847461939}, "spectral_flux": {"dmean": 0.0263617727906, "dmean2": 0.0411128588021, "dvar": 0.000968519074377, "dvar2": 0.00208123167977, "max": 0.283914417028, "mean": 0.0847758948803, "median": 0.0732203200459, "min": 1.02899695709e-10, "var": 0.00256006675772}, "spectral_kurtosis": {"dmean": 4.03267478943, "dmean2": 6.77522134781, "dvar": 50.4113006592, "dvar2": 145.269927979, "max": 138.534240723, "mean": 10.4487705231, "median": 5.84652614594, "min": -1.187322855, "var": 221.353530884}, "spectral_rms": {"dmean": 0.000849022355396, "dmean2": 0.00142590026371, "dvar": 1.00843556083e-06, "dvar2": 2.62941262008e-06, "max": 0.0130255455151, "mean": 0.00688040722162, "median": 0.00706609152257, "min": 3.21404665035e-12, "var": 4.56535144622e-06}, "spectral_rolloff": {"dmean": 216.408752441, "dmean2": 379.874816895, "dvar": 158105.265625, "dvar2": 406275.59375, "max": 19487.5488281, "mean": 824.158752441, "median": 387.59765625, "min": 107.666015625, "var": 3708718.5}, "spectral_skewness": {"dmean": 0.370435744524, "dmean2": 0.600311338902, "dvar": 0.238774061203, "dvar2": 0.668593287468, "max": 9.11633396149, "mean": 2.15754389763, "median": 1.91560554504, "min": -0.0477060638368, "var": 1.29186701775}, "spectral_spread": {"dmean": 538755.0625, "dmean2": 730464.1875, "dvar": 631994449920, "dvar2": 1031023493120.0, "max": 40115872, "mean": 4005125.5, "median": 3741183.5, "min": 550391, "var": 3861345206270.0}, "spectral_strongpeak": {"dmean": 0.166015401483, "dmean2": 0.294964820147, "dvar": 0.0824564695358, "dvar2": 0.229373440146, "max": 7.59819602966, "mean": 0.469905346632, "median": 0.427120387554, "min": 2.26869456554e-09, "var": 0.123182184994}, "zerocrossingrate": {"dmean": 0.00616428209469, "dmean2": 0.00734917633235, "dvar": 5.05018142576e-05, "dvar2": 6.18201156612e-05, "max": 0.6865234375, "mean": 0.0387437045574, "median": 0.02783203125, "min": 0.00341796875, "var": 0.0039985193871}, "barkbands": {"dmean": [0.000344082392985, 0.00909859500825, 0.00228513847105, 0.00332856085151, 0.00329614873044, 0.00120642944239, 0.000857942271978, 0.000282893161057, 0.000279678293737, 0.000334876327543, 0.000227194279432, 0.000254422688158, 0.000160272582434, 0.000204977448448, 0.000392840913264, 0.000399492419092, 0.000235252126004, 9.96339367703e-05, 8.62143788254e-05, 0.000107687308628, 0.000115312628623, 9.07748180907e-05, 6.05380118941e-05, 4.86295430164e-05, 2.98452778225e-05, 6.91723880664e-06, 8.90781677754e-07], "dmean2": [0.000529295939486, 0.0160827301443, 0.00393546558917, 0.00569787947461, 0.00556180858985, 0.00182132364716, 0.00136467569973, 0.000403371144785, 0.000436661910499, 0.000488716934342, 0.000344533502357, 0.000390134751797, 0.000252538477071, 0.000332541356329, 0.000646866799798, 0.000644411018584, 0.000385063933209, 0.000158932933118, 0.000137525275932, 0.000173913489562, 0.000178153262823, 0.000129936466692, 8.13428850961e-05, 6.55879703118e-05, 3.97624098696e-05, 9.51172296482e-06, 1.25741371448e-06], "dvar": [5.25516895777e-07, 0.000205418866244, 9.41531561693e-06, 3.42880775861e-05, 1.38587784022e-05, 1.72021520939e-06, 1.00494435173e-06, 1.83395457043e-07, 4.68116269303e-07, 5.00692124206e-07, 1.89704863374e-07, 2.11196564237e-07, 9.47636920046e-08, 1.6560397853e-07, 4.08646741334e-07, 5.16124600836e-07, 1.54964112653e-07, 4.73430681325e-08, 3.97292083676e-08, 5.52708527835e-08, 1.11717803009e-07, 4.65546641237e-08, 1.95399501024e-08, 9.07040842435e-09, 3.35203709234e-09, 2.06602651653e-10, 4.59710915168e-12], "dvar2": [1.26942370571e-06, 0.00058878940763, 2.51394722e-05, 9.59044700721e-05, 4.12388253608e-05, 4.03796548198e-06, 2.91543688036e-06, 3.84756305039e-07, 1.20136326132e-06, 8.86034058567e-07, 4.51471578344e-07, 5.0117552064e-07, 2.34868323901e-07, 4.31884558338e-07, 1.10675216547e-06, 1.23819825149e-06, 3.77765530857e-07, 1.17225816609e-07, 1.0147154228e-07, 1.3822274525e-07, 2.7464801633e-07, 8.44560972268e-08, 3.60294301061e-08, 1.58596993316e-08, 5.86607917796e-09, 3.92367943691e-10, 9.79401108825e-12], "max": [0.00734957307577, 0.117680236697, 0.0335584431887, 0.0556714646518, 0.0424220822752, 0.0230553280562, 0.0124634224921, 0.00784062966704, 0.00988408643752, 0.020416200161, 0.00843101553619, 0.0100776441395, 0.00412612222135, 0.00387475686148, 0.01033810433, 0.0120420698076, 0.00491026556119, 0.00301276007667, 0.0031980513595, 0.00232751737349, 0.00420553423464, 0.00200683483854, 0.0014666254865, 0.000992746674456, 0.000488534860779, 0.000146799837239, 8.50424257806e-05], "mean": [0.000601794105023, 0.0204480215907, 0.00506161013618, 0.00655653839931, 0.00866282079369, 0.00346511951648, 0.00186745682731, 0.00063150934875, 0.000533105281647, 0.000840460124891, 0.000469830119982, 0.000543892034329, 0.000269646552624, 0.000330521550495, 0.000785663200077, 0.000780771719292, 0.000422525394242, 0.000149832994794, 0.000130332511617, 0.000149158178829, 0.000142410659464, 0.000136845308589, 9.26936700125e-05, 7.474153972e-05, 4.45735022367e-05, 9.58007603913e-06, 1.7745637706e-06], "median": [7.8220051364e-05, 0.0177174713463, 0.00319035584107, 0.00531968846917, 0.00779679324478, 0.00261980318464, 0.00144370447379, 0.000292168173473, 0.000176666697371, 0.000293808203423, 0.000139057461638, 0.000215609194129, 9.43314589676e-05, 0.000143113080412, 0.000409504020354, 0.000254123442573, 0.000192922409042, 6.50616566418e-05, 5.19546047144e-05, 4.74902044516e-05, 3.02842418023e-05, 2.43351023528e-05, 1.91151320905e-05, 1.83182728506e-05, 9.08721904125e-06, 1.31719491492e-06, 8.91371314538e-08], "min": [2.06110122105e-23, 8.53468928903e-24, 5.0338831527e-24, 2.00567064737e-23, 3.99879777526e-23, 3.62100282142e-23, 5.95431769499e-23, 9.56535625654e-23, 2.19210246065e-23, 1.03136009226e-22, 5.80253328376e-23, 1.69557586263e-22, 4.90039826343e-23, 1.78861676837e-22, 1.07540850748e-22, 9.81673151715e-23, 2.28025962318e-22, 1.70772053404e-22, 2.40924734264e-22, 2.00540155114e-22, 5.32933828831e-22, 4.47555047028e-22, 7.25873656222e-22, 8.15362188772e-22, 1.39649039545e-21, 1.72717957425e-21, 2.31001899062e-21], "var": [9.96296648736e-07, 0.000215261650737, 2.2690552214e-05, 3.97822404921e-05, 3.38528516295e-05, 9.91887281998e-06, 2.77277035821e-06, 7.27664371425e-07, 1.03808361018e-06, 3.51624021278e-06, 6.82676443375e-07, 7.54976156259e-07, 1.77737049967e-07, 2.32158413382e-07, 1.03088063952e-06, 1.56570604304e-06, 3.4587461073e-07, 6.28677767622e-08, 5.17619831442e-08, 6.95905129078e-08, 1.27680721107e-07, 8.93659972689e-08, 4.06770794825e-08, 1.8358781162e-08, 6.62014976172e-09, 4.04588640368e-10, 3.9576796701e-11]}, "erbbands": {"dmean": [0.262173444033, 2.14683246613, 2.91259098053, 6.98041439056, 11.732216835, 13.602645874, 5.25672531128, 11.4219074249, 15.7576198578, 8.79463100433, 6.37692070007, 6.60753631592, 7.22031927109, 11.3049325943, 8.39486598969, 10.3206691742, 8.38068962097, 10.9050703049, 16.7226848602, 27.7386608124, 18.1372394562, 11.6920013428, 6.01248884201, 4.37709474564, 4.76255321503, 5.04043197632, 4.77936315536, 4.70355224609, 3.05715370178, 2.71895265579, 1.52244949341, 1.04382193089, 0.800703823566, 0.445289850235, 0.163091778755, 0.0459158755839, 0.0105788009241, 0.00160831946414, 0.000158911789185, 1.84115324373e-05], "dmean2": [0.457742482424, 3.76733756065, 5.03630161285, 12.1084861755, 19.9710121155, 23.4513568878, 7.10665035248, 17.6186313629, 27.0024051666, 11.4841737747, 8.75818824768, 10.1535415649, 11.454375267, 16.3738193512, 12.9338092804, 15.7688121796, 12.9272432327, 17.6082630157, 27.4313602448, 45.4776039124, 29.9082431793, 18.944890976, 9.54442405701, 7.0025305748, 7.73031234741, 7.93976974487, 7.48228597641, 7.41738605499, 4.2618021965, 3.7843003273, 2.06447505951, 1.38747894764, 1.09737277031, 0.590326488018, 0.22327619791, 0.0632470473647, 0.0149719463661, 0.00226000952534, 0.000226203133934, 2.92512286251e-05], "dvar": [0.239002242684, 10.3421468735, 13.6642189026, 113.710693359, 436.724853516, 221.619644165, 37.9447937012, 161.203536987, 333.535369873, 134.081451416, 107.67325592, 253.893371582, 214.841522217, 679.977294922, 266.754852295, 346.602600098, 210.519836426, 436.915344238, 769.608825684, 2739.95556641, 949.274841309, 392.604675293, 162.413162231, 106.916000366, 139.643203735, 118.062866211, 169.953918457, 174.261367798, 55.1647567749, 41.087387085, 12.3874406815, 4.44859838486, 2.55480623245, 0.725352525711, 0.10780031234, 0.00846934597939, 0.000569658528548, 1.3097676856e-05, 1.42710007367e-07, 6.58927967745e-10], "dvar2": [0.663451075554, 30.2580013275, 36.7367134094, 322.388885498, 1193.0970459, 688.577026367, 78.2942504883, 400.109863281, 1074.80310059, 248.17288208, 194.964309692, 631.515686035, 575.491821289, 1165.00976562, 670.839050293, 808.105712891, 505.965667725, 1135.49279785, 1953.11181641, 7236.56835938, 2356.88867188, 945.427978516, 401.009735107, 271.062133789, 368.373474121, 282.307250977, 413.763092041, 429.613739014, 96.5120849609, 72.8722457886, 23.0748538971, 8.40821456909, 4.58361101151, 1.27397477627, 0.201328143477, 0.0162737593055, 0.00119267927948, 2.67488376267e-05, 2.8996129231e-07, 1.4996640596e-09], "max": [4.05631971359, 27.103509903, 43.9290084839, 104.805900574, 229.301925659, 197.412628174, 122.198982239, 200.859436035, 206.080200195, 225.515350342, 214.032852173, 281.677886963, 242.346343994, 773.906616211, 332.659484863, 369.387878418, 213.58795166, 208.145080566, 491.780731201, 994.127685547, 449.109283447, 307.1534729, 205.032073975, 229.495544434, 110.625114441, 135.100799561, 167.280288696, 144.791549683, 68.4242019653, 69.3595733643, 38.2704963684, 29.566368103, 16.5800151825, 7.84749555588, 3.2342274189, 0.87671995163, 0.304634302855, 0.115573316813, 0.0120986169204, 0.000625822169241], "mean": [0.46541595459, 4.82155990601, 7.87983369827, 15.1537036896, 22.4703903198, 36.3901863098, 20.4749279022, 29.9633522034, 30.3313083649, 20.7430915833, 14.9998836517, 13.6386079788, 15.2531681061, 30.7499675751, 18.7786827087, 22.6999988556, 16.8346557617, 19.0308933258, 31.2252178192, 51.8345108032, 34.9058418274, 21.8857154846, 9.95149326324, 6.44263362885, 6.84142923355, 7.42940378189, 6.43969964981, 5.43327283859, 4.61263179779, 4.19594764709, 2.2980029583, 1.63334083557, 1.19733679295, 0.668958842754, 0.229824662209, 0.0631023943424, 0.0147031573579, 0.00271011935547, 0.000326192151988, 6.99575612089e-05], "median": [0.265484750271, 4.29279375076, 6.33636140823, 12.4502305984, 17.401140213, 31.1884784698, 15.9553079605, 21.5649642944, 22.7859535217, 13.727142334, 6.88330316544, 4.96402740479, 8.14584159851, 9.73368930817, 8.71754360199, 9.86028957367, 7.06444787979, 9.06036567688, 15.3978261948, 19.8387184143, 16.0473003387, 11.2776222229, 4.65242528915, 2.70459699631, 2.66493105888, 2.39772891998, 1.71837770939, 1.01068890095, 0.837151348591, 0.723486721516, 0.491849929094, 0.39987501502, 0.279638648033, 0.142138540745, 0.0453938879073, 0.0105915581807, 0.00171204528306, 0.000229475292144, 4.43813587481e-05, 5.99414815952e-05], "min": [5.84569558731e-22, 6.32569207837e-22, 4.00044092835e-21, 4.37486132456e-20, 9.10736258802e-20, 8.21500143567e-20, 2.74858365674e-19, 3.61955960532e-19, 2.22349974365e-19, 2.72405010015e-18, 1.18882821566e-18, 5.87753287647e-19, 3.47853187662e-18, 1.13744344582e-18, 3.78358202446e-18, 6.80546718956e-18, 3.77592564071e-18, 9.9866135739e-18, 5.26128145896e-18, 4.83666400794e-18, 6.70125318573e-18, 1.34189432774e-17, 1.04387182367e-17, 1.05719712431e-17, 1.13675519019e-17, 9.90507424502e-18, 2.6441028458e-17, 1.41018892337e-17, 1.67513967122e-17, 1.89343031877e-17, 1.84385126352e-17, 1.42639107547e-17, 1.57965027218e-17, 1.21661228186e-17, 1.22913604449e-17, 5.73742812624e-18, 3.21616176685e-18, 1.28723747955e-18, 3.3352353983e-19, 3.71378051772e-20], "var": [0.263637632132, 10.6131734848, 33.3684005737, 166.58883667, 500.500244141, 798.842529297, 287.300628662, 804.457885742, 730.503356934, 501.81427002, 464.008300781, 720.503051758, 403.412597656, 5138.72753906, 807.332763672, 1236.92895508, 544.773132324, 665.903747559, 1745.72924805, 7202.85009766, 2519.10107422, 872.03918457, 239.202285767, 144.522003174, 151.522171021, 171.312133789, 204.951934814, 192.637359619, 109.035858154, 86.1102828979, 24.6438312531, 8.81935310364, 4.91033887863, 1.47339463234, 0.189055874944, 0.0150577211753, 0.00114738347474, 5.77934843022e-05, 1.10830137601e-06, 2.62687405161e-09]}, "gfcc": {"mean": [-19.3783607483, 136.432662964, -97.1930541992, 41.2198257446, -39.6021385193, 14.5885810852, -41.0723075867, -0.298187792301, -13.8003911972, -1.03505563736, -10.9328689575, -4.27733755112, 0.935002446175], "cov": [[17294.4941406, -835.974731445, -1223.78308105, 1271.17456055, -738.141296387, 599.661499023, -458.379089355, 412.882415771, -213.777694702, 98.2591552734, -286.90045166, 173.595321655, -14.8356847763], [-835.974731445, 3620.48583984, -319.391723633, -552.423461914, 754.56439209, -488.545257568, 335.948272705, -232.11579895, 301.793548584, -199.838134766, 316.929168701, -46.7592697144, 292.9480896], [-1223.78308105, -319.391723633, 765.906188965, 113.151733398, -214.31741333, 106.611717224, -112.585266113, 15.6126079559, -9.81503105164, 73.0030212402, 13.3404817581, -25.9102458954, -66.3935623169], [1271.17456055, -552.423461914, 113.151733398, 460.295288086, -246.013381958, 159.913894653, -99.2386245728, 53.6304779053, -52.2810249329, 40.4439735413, -43.0228614807, -5.75608205795, -29.7993469238], [-738.141296387, 754.56439209, -214.31741333, -246.013381958, 442.579345703, -180.242034912, 119.226425171, -35.848323822, 73.6584014893, -83.4822692871, 29.1121768951, 26.462053299, 75.4075393677], [599.661499023, -488.545257568, 106.611717224, 159.913894653, -180.242034912, 276.420837402, -50.7941932678, 66.2678604126, -62.619102478, 39.6117401123, -41.1076545715, -1.55615210533, -57.1009407043], [-458.379089355, 335.948272705, -112.585266113, -99.2386245728, 119.226425171, -50.7941932678, 179.314285278, -36.0818214417, 11.265625, -20.7730979919, 27.0442008972, -21.5470924377, 12.4103822708], [412.882415771, -232.11579895, 15.6126079559, 53.6304779053, -35.848323822, 66.2678604126, -36.0818214417, 134.773498535, 0.577586293221, -10.4096403122, -44.5425224304, 27.1305999756, -23.7349224091], [-213.777694702, 301.793548584, -9.81503105164, -52.2810249329, 73.6584014893, -62.619102478, 11.265625, 0.577586293221, 99.4706573486, -12.0171842575, 18.3227996826, -6.74469041824, 27.7921504974], [98.2591552734, -199.838134766, 73.0030212402, 40.4439735413, -83.4822692871, 39.6117401123, -20.7730979919, -10.4096403122, -12.0171842575, 91.9495391846, -4.18838596344, -23.0438995361, -27.0469818115], [-286.90045166, 316.929168701, 13.3404817581, -43.0228614807, 29.1121768951, -41.1076545715, 27.0442008972, -44.5425224304, 18.3227996826, -4.18838596344, 107.117996216, -16.7628650665, 8.98254776001], [173.595321655, -46.7592697144, -25.9102458954, -5.75608205795, 26.462053299, -1.55615210533, -21.5470924377, 27.1305999756, -6.74469041824, -23.0438995361, -16.7628650665, 85.9978713989, 16.177986145], [-14.8356847763, 292.9480896, -66.3935623169, -29.7993469238, 75.4075393677, -57.1009407043, 12.4103822708, -23.7349224091, 27.7921504974, -27.0469818115, 8.98254776001, 16.177986145, 95.0843811035]], "icov": [[0.000150105668581, -0.000214134939597, 0.000404102989705, -0.000354606483597, 0.000257011008216, -9.93856083369e-05, 0.000409940810641, -0.000320410093991, 0.000324013701174, -0.000386006606277, 0.000365876214346, -0.000254384765867, 0.000261406850768], [-0.000214134939597, 0.00126779661514, -0.000664770428557, 0.000658713688608, -0.00102729699574, 0.000134335306939, -0.00123181613162, 0.00081531482283, -0.00185654859524, 0.00133771484252, -0.00233256653883, 0.00084063585382, -0.00193697540089], [0.000404102989705, -0.000664770428557, 0.00277660158463, -0.000923332292587, 0.0011978847906, -0.000528667645995, 0.00191599596292, -0.000779971596785, 0.000469582795631, -0.00164092460182, 0.000630480004475, -0.000614603050053, 0.00148932274897], [-0.000354606483597, 0.000658713688608, -0.000923332292587, 0.00431423773989, 0.000701520359144, -0.000691582972649, -0.000377512507839, 0.000320633611409, -0.000627484696452, 0.00115544779692, -0.000799879722763, 0.00110739516094, -0.00182055367623], [0.000257011008216, -0.00102729699574, 0.0011978847906, 0.000701520359144, 0.00597755704075, 0.00100056105293, -0.000618941092398, -0.00084716710262, -9.2357819085e-05, 0.000716465583537, 0.00215246714652, -0.0018365024589, 0.000330964714522], [-9.93856083369e-05, 0.000134335306939, -0.000528667645995, -0.000691582972649, 0.00100056105293, 0.00644953781739, -0.000739971525036, -0.00211943127215, 0.00206078751944, -0.000574088073336, 0.000232201840845, 0.000262786139501, 0.000799593573902], [0.000409940810641, -0.00123181613162, 0.00191599596292, -0.000377512507839, -0.000618941092398, -0.000739971525036, 0.00960659328848, -0.000224572024308, 0.00257752463222, -0.00112043623812, 0.00125322735403, 0.00140707357787, 0.00238533411175], [-0.000320410093991, 0.00081531482283, -0.000779971596785, 0.000320633611409, -0.00084716710262, -0.00211943127215, -0.000224572024308, 0.0122528923675, -0.00444864295423, 0.00361500680447, 0.00191294052638, -0.00220733997412, 0.00200433027931], [0.000324013701174, -0.00185654859524, 0.000469582795631, -0.000627484696452, -9.2357819085e-05, 0.00206078751944, 0.00257752463222, -0.00444864295423, 0.0167496614158, -0.00283453240991, 0.00165228673723, 0.0014922991395, -0.000346425746102], [-0.000386006606277, 0.00133771484252, -0.00164092460182, 0.00115544779692, 0.000716465583537, -0.000574088073336, -0.00112043623812, 0.00361500680447, -0.00283453240991, 0.0165251065046, -0.00132045464125, 0.00333758047782, 0.000256339262705], [0.000365876214346, -0.00233256653883, 0.000630480004475, -0.000799879722763, 0.00215246714652, 0.000232201840845, 0.00125322735403, 0.00191294052638, 0.00165228673723, -0.00132045464125, 0.0160351470113, -0.000653597235214, 0.00391728337854], [-0.000254384765867, 0.00084063585382, -0.000614603050053, 0.00110739516094, -0.0018365024589, 0.000262786139501, 0.00140707357787, -0.00220733997412, 0.0014922991395, 0.00333758047782, -0.000653597235214, 0.0157304592431, -0.00393359549344], [0.000261406850768, -0.00193697540089, 0.00148932274897, -0.00182055367623, 0.000330964714522, 0.000799593573902, 0.00238533411175, 0.00200433027931, -0.000346425746102, 0.000256339262705, 0.00391728337854, -0.00393359549344, 0.017874892801]]}, "melbands": {"dmean": [0.00246628350578, 0.00189487321768, 0.00130299804732, 0.000887286791112, 0.000238794600591, 0.000261793495156, 0.000217941633309, 8.35790415294e-05, 5.03689407196e-05, 4.1294402763e-05, 3.63170656783e-05, 4.76594250358e-05, 3.32743184117e-05, 2.22862036026e-05, 2.87486654997e-05, 1.57844242494e-05, 2.16820953938e-05, 2.55007344094e-05, 2.71067165158e-05, 3.51440176019e-05, 2.22656562983e-05, 1.43052429848e-05, 7.14578754923e-06, 4.85951386509e-06, 3.53030054612e-06, 3.275576546e-06, 3.55313636646e-06, 3.51105381924e-06, 3.24865936818e-06, 2.63929086941e-06, 2.80751737591e-06, 1.87126966011e-06, 1.61297543855e-06, 1.48312551573e-06, 9.79729293249e-07, 6.49365574645e-07, 6.5639363811e-07, 6.08923244272e-07, 4.60057464124e-07, 3.65215925058e-07], "dmean2": [0.00435806205496, 0.00329877110198, 0.00221255328506, 0.00151247147005, 0.000359752652002, 0.000410533626564, 0.000369232322555, 0.000111339693831, 6.91920649842e-05, 6.46665721433e-05, 5.74766236241e-05, 6.85720951878e-05, 5.03355477122e-05, 3.51862872776e-05, 4.36376431026e-05, 2.54172318819e-05, 3.51050912286e-05, 4.22902558057e-05, 4.39873801952e-05, 5.80566338613e-05, 3.66200802091e-05, 2.34579583775e-05, 1.15843076856e-05, 7.81621110946e-06, 5.72659473619e-06, 5.41499366591e-06, 5.80152527618e-06, 5.53643394596e-06, 5.23614517078e-06, 4.10116626881e-06, 4.53214215668e-06, 2.73070713774e-06, 2.23215715778e-06, 2.09699851439e-06, 1.36377775561e-06, 8.64167134296e-07, 9.0796618224e-07, 8.61389196416e-07, 6.26730980002e-07, 5.04915249167e-07], "dvar": [1.7086369553e-05, 6.29891474091e-06, 4.75342449135e-06, 1.08166580048e-06, 7.04413096742e-08, 8.10120894812e-08, 6.08421046877e-08, 1.26557271329e-08, 6.58547705257e-09, 1.0716108001e-08, 5.25816190589e-09, 1.3027800172e-08, 4.24862856008e-09, 1.33835553751e-09, 3.69651775856e-09, 1.04793407285e-09, 1.7195520563e-09, 1.8197249263e-09, 2.19146034652e-09, 4.1426404529e-09, 1.42790423929e-09, 5.8195581687e-10, 2.3727964038e-10, 1.2506991276e-10, 7.8267330117e-11, 6.36659058806e-11, 7.46914266547e-11, 5.80189819799e-11, 8.53967868641e-11, 5.9583553369e-11, 6.03805130894e-11, 2.2400994254e-11, 1.30098527437e-11, 1.31681748838e-11, 5.54625269322e-12, 1.51314290958e-12, 1.98101647933e-12, 1.59767099724e-12, 7.74313393351e-13, 5.10944476832e-13], "dvar2": [4.80678063468e-05, 1.8071872546e-05, 1.29846357595e-05, 3.23752328768e-06, 1.7225886495e-07, 2.07643736871e-07, 1.88384760236e-07, 2.53868179811e-08, 1.20357857014e-08, 2.73169575848e-08, 1.40069804644e-08, 2.20667715212e-08, 1.01425809973e-08, 3.12230197252e-09, 9.11635567036e-09, 2.58602161907e-09, 4.4574290925e-09, 4.68993377467e-09, 5.62299007356e-09, 1.0758819613e-08, 3.56529428203e-09, 1.39650346842e-09, 6.00008875917e-10, 3.06429825958e-10, 2.01289068746e-10, 1.7090698301e-10, 1.92030016888e-10, 1.40445460817e-10, 2.20447743393e-10, 1.43671630148e-10, 1.50856840908e-10, 4.27330427988e-11, 2.19111135485e-11, 2.4234879728e-11, 1.09231035675e-11, 3.00229350929e-12, 3.95892997204e-12, 2.98828128041e-12, 1.32393174115e-12, 9.66690161079e-13], "max": [0.0331309363246, 0.0252691898495, 0.0198682714254, 0.0119104031473, 0.00555363157764, 0.00453826785088, 0.00281158951111, 0.00206157658249, 0.00162948807701, 0.00152215617709, 0.00117485655937, 0.0034174262546, 0.00132043438498, 0.000664186663926, 0.00162755127531, 0.000540326000191, 0.000399932439905, 0.000695038004778, 0.000999614479952, 0.00117109669372, 0.000600537692662, 0.000410309410654, 0.000287089991616, 0.000159690840519, 0.000232407895965, 7.73957654019e-05, 7.99904737505e-05, 0.000113347086881, 0.000128040002892, 8.63780514919e-05, 7.6409392932e-05, 4.09513959312e-05, 5.34799692105e-05, 3.91705871152e-05, 2.61364366452e-05, 1.29268410092e-05, 2.05017331609e-05, 1.36976514113e-05, 7.8630664575e-06, 6.87956435286e-06], "mean": [0.00498344423249, 0.00519364187494, 0.00276684062555, 0.00217798445374, 0.000922642939258, 0.000682573998347, 0.000446492282208, 0.00019348920614, 0.000116774506751, 7.87536700955e-05, 7.51888655941e-05, 0.000127146064187, 7.04690319253e-05, 4.55389854324e-05, 6.20896898909e-05, 2.68422136287e-05, 3.51799171767e-05, 4.38910465164e-05, 5.48804346181e-05, 6.35837277514e-05, 3.88679472962e-05, 2.51859037235e-05, 1.17125800898e-05, 6.84924862071e-06, 4.96555639984e-06, 4.62332718598e-06, 4.7234111662e-06, 5.18671140526e-06, 4.09628182751e-06, 3.37685673912e-06, 3.10569953399e-06, 2.65651874543e-06, 2.51300025411e-06, 2.22963035412e-06, 1.37817130508e-06, 1.0141563962e-06, 9.77234094535e-07, 8.70394615049e-07, 6.98441283475e-07, 5.25918892436e-07], "median": [0.00384484324604, 0.00486840680242, 0.00232230057009, 0.00195224641357, 0.000661942525767, 0.000500677910168, 0.000336932367645, 0.000125147067592, 4.88555306219e-05, 2.73288351309e-05, 3.90536115447e-05, 3.63047001883e-05, 2.68040002993e-05, 2.09339195862e-05, 2.26666106755e-05, 9.1250612968e-06, 1.46379925354e-05, 2.02418814297e-05, 2.83545869024e-05, 2.43627109739e-05, 1.58309230756e-05, 1.11640865725e-05, 5.22832533534e-06, 2.57566443906e-06, 1.86824638604e-06, 1.7983941234e-06, 1.6180018747e-06, 1.42067744946e-06, 1.05190270006e-06, 6.69603537062e-07, 5.38316157872e-07, 4.97065855143e-07, 3.59967515351e-07, 4.00279475343e-07, 2.56725655845e-07, 2.46168212925e-07, 2.20241759052e-07, 1.96615232539e-07, 1.6437910233e-07, 1.00962864735e-07], "min": [3.61671425799e-24, 1.48122962641e-24, 8.98663322366e-24, 5.38581530176e-24, 9.31074067087e-24, 7.49497061595e-24, 4.87699607359e-24, 2.9489027965e-23, 8.12805200277e-24, 3.04021115858e-24, 1.77625790545e-23, 4.3873627315e-24, 8.95614611625e-24, 1.93373805018e-23, 1.21148138117e-23, 9.88717237837e-24, 1.85287680973e-23, 6.61103856101e-24, 8.82028612457e-24, 4.9863858376e-24, 8.62794684752e-24, 1.41419078702e-23, 1.15256743438e-23, 6.88352847262e-24, 8.68613007245e-24, 9.59585393468e-24, 6.37440908287e-24, 5.84318738828e-24, 1.8906529919e-23, 9.69326011267e-24, 7.90038753439e-24, 9.96471267219e-24, 7.85926973742e-24, 1.26724201425e-23, 9.95446536903e-24, 1.13289008796e-23, 7.80556724244e-24, 1.05690558562e-23, 1.11225104121e-23, 9.75805399199e-24], "var": [1.7498523448e-05, 9.83311929303e-06, 5.96819108978e-06, 2.21067489292e-06, 6.4251639742e-07, 4.06518182672e-07, 1.54365324079e-07, 4.4085552986e-08, 2.85486088103e-08, 2.38101289796e-08, 1.03430410903e-08, 9.86332935327e-08, 1.43800535923e-08, 4.29513180578e-09, 1.24413572777e-08, 2.00969374475e-09, 2.60806154451e-09, 3.70252428716e-09, 5.88888493525e-09, 1.06677520151e-08, 3.57384033478e-09, 1.32274136089e-09, 3.82127940401e-10, 1.58637922243e-10, 1.0720525162e-10, 6.64147764562e-11, 7.92417242934e-11, 9.35163405047e-11, 8.90385473684e-11, 7.32952865068e-11, 6.29121338358e-11, 3.8271368713e-11, 3.07408785927e-11, 2.55276841332e-11, 1.00810054748e-11, 3.39626482319e-12, 3.43062731001e-12, 2.83829687184e-12, 1.59427440867e-12, 9.48314885819e-13]}, "mfcc": {"mean": [-660.58215332, 154.69770813, 15.1109352112, 31.3793334961, 24.2728462219, 13.872546196, -3.54275822639, -0.489863187075, 4.23902416229, 1.07175636292, -7.31935071945, -0.494155287743, 4.73356628418], "cov": [[11547.828125, -150.168640137, -549.733886719, 277.748077393, -34.3429985046, 216.531936646, -74.5003738403, 178.476364136, 222.241455078, -27.9559593201, -147.256454468, -30.4995269775, 36.4048042297], [-150.168640137, 3398.16479492, -620.621398926, -0.341424167156, 246.996871948, -124.682182312, -2.30036449432, 15.236371994, 17.2733516693, -63.1791763306, -74.2716217041, 59.3720970154, 92.5495529175], [-549.733886719, -620.621398926, 954.912658691, 63.5263214111, -52.0432472229, 82.3559494019, -57.5437049866, -80.2408599854, -93.0458374023, 61.2593650818, 82.4162216187, 16.2008285522, -52.2869377136], [277.748077393, -0.341424167156, 63.5263214111, 214.944030762, 27.7778015137, 0.207901984453, -10.2005186081, -2.8880405426, 13.4863872528, -1.40906739235, -11.5124092102, -7.0209569931, -5.98166894913], [-34.3429985046, 246.996871948, -52.0432472229, 27.7778015137, 175.514862061, -29.2821483612, -41.4987754822, 34.8248214722, 26.8061885834, -23.3850841522, -38.6405982971, 2.05332708359, 32.9303131104], [216.531936646, -124.682182312, 82.3559494019, 0.207901984453, -29.2821483612, 119.452209473, 35.8522033691, -21.438533783, -13.1051893234, 9.01299476624, 15.2979841232, 1.09654521942, -12.061920166], [-74.5003738403, -2.30036449432, -57.5437049866, -10.2005186081, -41.4987754822, 35.8522033691, 121.716018677, 18.0965766907, -23.5945606232, 10.4717950821, 15.6453552246, -2.72141075134, -12.2728013992], [178.476364136, 15.236371994, -80.2408599854, -2.8880405426, 34.8248214722, -21.438533783, 18.0965766907, 131.448776245, 42.8494758606, -41.6207084656, -3.17629981041, 11.4113788605, 11.5832509995], [222.241455078, 17.2733516693, -93.0458374023, 13.4863872528, 26.8061885834, -13.1051893234, -23.5945606232, 42.8494758606, 115.011573792, -2.6580016613, -39.6627082825, -10.0192584991, 19.4933261871], [-27.9559593201, -63.1791763306, 61.2593650818, -1.40906739235, -23.3850841522, 9.01299476624, 10.4717950821, -41.6207084656, -2.6580016613, 104.187576294, 17.7078781128, -27.4082984924, -14.3298139572], [-147.256454468, -74.2716217041, 82.4162216187, -11.5124092102, -38.6405982971, 15.2979841232, 15.6453552246, -3.17629981041, -39.6627082825, 17.7078781128, 99.7462921143, 28.8056812286, -31.2542991638], [-30.4995269775, 59.3720970154, 16.2008285522, -7.0209569931, 2.05332708359, 1.09654521942, -2.72141075134, 11.4113788605, -10.0192584991, -27.4082984924, 28.8056812286, 75.1743240356, 15.3274478912], [36.4048042297, 92.5495529175, -52.2869377136, -5.98166894913, 32.9303131104, -12.061920166, -12.2728013992, 11.5832509995, 19.4933261871, -14.3298139572, -31.2542991638, 15.3274478912, 68.969581604]], "icov": [[0.00011201518646, 3.35690083375e-06, 0.000117665360449, -0.000183667289093, 0.000158220369485, -0.000394302216591, 0.000322142412188, -0.000293380435323, 4.33267523476e-05, -0.000166263795109, 0.000187908808584, -7.43673663237e-05, 2.66271454166e-05], [3.35690083375e-06, 0.000391588924685, 0.000239481261815, -3.1292966014e-05, -0.000529220094904, 0.00021374723292, -0.000157917558681, 0.000281059998088, 0.000133877183544, -2.86486283585e-05, 4.02096702601e-05, -0.000392837624531, -7.19076779205e-05], [0.000117665360449, 0.000239481261815, 0.0017835033359, -0.000726299767848, 0.000131651657284, -0.00147706095595, 0.00181959883776, -0.000443210999947, 0.00139758142177, -0.0011584124295, -0.000111827641376, -0.000729189196136, 0.000458376278402], [-0.000183667289093, -3.1292966014e-05, -0.000726299767848, 0.00534490682185, -0.00123489706311, 0.000883867207449, -0.00105024082586, 0.0010550157167, -0.00114465062506, 0.000770709535573, 9.24765627133e-05, 0.000341835431755, 0.000881588144694], [0.000158220369485, -0.000529220094904, 0.000131651657284, -0.00123489706311, 0.00868357345462, -0.000769706326537, 0.003484089626, -0.00330392946489, 0.000962445745245, -0.000604836503044, 0.00226772297174, 0.00016496545868, -0.00189318251796], [-0.000394302216591, 0.00021374723292, -0.00147706095595, 0.000883867207449, -0.000769706326537, 0.0123697277158, -0.00572733581066, 0.0039078486152, -0.00207070657052, 0.00204108585604, -0.00148879992776, 0.000143392913742, 3.63302569895e-05], [0.000322142412188, -0.000157917558681, 0.00181959883776, -0.00105024082586, 0.003484089626, -0.00572733581066, 0.0140768568963, -0.00588983297348, 0.00488770753145, -0.00366835179739, 0.00145676604006, -0.00023544501164, 0.000728035112843], [-0.000293380435323, 0.000281059998088, -0.000443210999947, 0.0010550157167, -0.00330392946489, 0.0039078486152, -0.00588983297348, 0.0139208724722, -0.00628780247644, 0.00609278818592, -0.00422009266913, 0.000685434555635, -0.000613550422713], [4.33267523476e-05, 0.000133877183544, 0.00139758142177, -0.00114465062506, 0.000962445745245, -0.00207070657052, 0.00488770753145, -0.00628780247644, 0.0144422249869, -0.00414327671751, 0.00512461783364, -0.000791536935139, -0.000582739885431], [-0.000166263795109, -2.86486283585e-05, -0.0011584124295, 0.000770709535573, -0.000604836503044, 0.00204108585604, -0.00366835179739, 0.00609278818592, -0.00414327671751, 0.0151344947517, -0.00571839278564, 0.00666297227144, -0.00147200911306], [0.000187908808584, 4.02096702601e-05, -0.000111827641376, 9.24765627133e-05, 0.00226772297174, -0.00148879992776, 0.00145676604006, -0.00422009266913, 0.00512461783364, -0.00571839278564, 0.0194581821561, -0.00970429275185, 0.00773275410756], [-7.43673663237e-05, -0.000392837624531, -0.000729189196136, 0.000341835431755, 0.00016496545868, 0.000143392913742, -0.00023544501164, 0.000685434555635, -0.000791536935139, 0.00666297227144, -0.00970429275185, 0.0212610326707, -0.00768192764372], [2.66271454166e-05, -7.19076779205e-05, 0.000458376278402, 0.000881588144694, -0.00189318251796, 3.63302569895e-05, 0.000728035112843, -0.000613550422713, -0.000582739885431, -0.00147200911306, 0.00773275410756, -0.00768192764372, 0.021218650043]]}, "spectral_contrast_coeffs": {"dmean": [0.0395562686026, 0.0415401421487, 0.0325448922813, 0.0298638790846, 0.0218947585672, 0.0198374167085], "dmean2": [0.0673453882337, 0.0691208466887, 0.051783349365, 0.0495775975287, 0.0357639752328, 0.0332420244813], "dvar": [0.00111783284228, 0.00119211326819, 0.000729877268896, 0.000636441924144, 0.000374140538042, 0.000505260715727], "dvar2": [0.00324695301242, 0.00315649202093, 0.0017977951793, 0.00159528653603, 0.000938829325605, 0.00137745391112], "max": [-0.419086992741, -0.476166337729, -0.511103034019, -0.555325686932, -0.627322494984, -0.563017129898], "mean": [-0.640827417374, -0.68496131897, -0.756772220135, -0.749408006668, -0.779454529285, -0.78261423111], "median": [-0.634765148163, -0.682033956051, -0.756410956383, -0.749314904213, -0.783629894257, -0.783652305603], "min": [-0.960451126099, -0.966005325317, -0.96085524559, -0.954066753387, -0.956785976887, -0.959045112133], "var": [0.00366967800073, 0.00595489609987, 0.00418640952557, 0.0047266324982, 0.00287628173828, 0.00201159762219]}, "spectral_contrast_valleys": {"dmean": [0.299601405859, 0.310510188341, 0.319718450308, 0.301083147526, 0.314244419336, 0.368561804295], "dmean2": [0.504779934883, 0.5029951334, 0.501205980778, 0.455145150423, 0.440654397011, 0.465636014938], "dvar": [0.11015664041, 0.129344597459, 0.139326155186, 0.143986344337, 0.21057023108, 0.258531928062], "dvar2": [0.218898370862, 0.225294023