{"lowlevel": {"average_loudness": 0.961195468903, "barkbands_crest": {"dmean": 3.71433138847, "dmean2": 6.04418849945, "dvar": 22.4186153412, "dvar2": 57.6538238525, "max": 26.7241592407, "mean": 9.8872423172, "median": 7.90374422073, "min": 2.48317623138, "var": 29.6013793945}, "barkbands_flatness_db": {"dmean": 0.0451894253492, "dmean2": 0.0779087990522, "dvar": 0.00630940543488, "dvar2": 0.0175443291664, "max": 0.637373387814, "mean": 0.131382852793, "median": 0.10083706677, "min": 0.0179185979068, "var": 0.00959454663098}, "barkbands_kurtosis": {"dmean": 21.9846019745, "dmean2": 41.2102203369, "dvar": 5055.80908203, "dvar2": 14781.6328125, "max": 1068.83044434, "mean": 16.51171875, "median": 4.46508598328, "min": -1.76017904282, "var": 2800.48535156}, "barkbands_skewness": {"dmean": 1.37776732445, "dmean2": 2.38386416435, "dvar": 7.7187871933, "dvar2": 21.8098754883, "max": 24.3073749542, "mean": 2.43556880951, "median": 2.02115440369, "min": -2.2191388607, "var": 6.66993188858}, "barkbands_spread": {"dmean": 7.73577833176, "dmean2": 12.6820411682, "dvar": 115.952651978, "dvar2": 318.757385254, "max": 104.124481201, "mean": 21.4115467072, "median": 21.1385307312, "min": 0.111514151096, "var": 143.814285278}, "dissonance": {"dmean": 0.0333083793521, "dmean2": 0.0581813901663, "dvar": 0.00177203724161, "dvar2": 0.00517576327547, "max": 0.499996244907, "mean": 0.447608888149, "median": 0.458137750626, "min": 0.151657983661, "var": 0.00220031407662}, "dynamic_complexity": 3.47372150421, "erbbands_crest": {"dmean": 1.38445901871, "dmean2": 2.08289146423, "dvar": 3.16591668129, "dvar2": 7.08825826645, "max": 17.5327301025, "mean": 6.85119915009, "median": 5.86894226074, "min": 2.55054211617, "var": 9.269115448}, "erbbands_flatness_db": {"dmean": 0.014041736722, "dmean2": 0.0205458346754, "dvar": 0.000403254351113, "dvar2": 0.00111954309978, "max": 0.475380629301, "mean": 0.105003654957, "median": 0.0990624576807, "min": 0.0378842242062, "var": 0.00227253185585}, "erbbands_kurtosis": {"dmean": 0.919705450535, "dmean2": 1.6225489378, "dvar": 10.7115421295, "dvar2": 30.3166103363, "max": 54.0134048462, "mean": 0.355694442987, "median": 0.120890974998, "min": -1.81754815578, "var": 8.01500415802}, "erbbands_skewness": {"dmean": 0.335858047009, "dmean2": 0.553806483746, "dvar": 0.312147110701, "dvar2": 0.868626356125, "max": 6.34348011017, "mean": 0.572916388512, "median": 0.715919852257, "min": -1.11525046825, "var": 0.393042892218}, "erbbands_spread": {"dmean": 8.72434425354, "dmean2": 14.3709096909, "dvar": 168.715438843, "dvar2": 470.705444336, "max": 170.804824829, "mean": 43.8376960754, "median": 41.7419281006, "min": 3.02714371681, "var": 180.526275635}, "hfc": {"dmean": 11.6257753372, "dmean2": 17.7146835327, "dvar": 347.038116455, "dvar2": 852.420898438, "max": 116.472953796, "mean": 19.5218410492, "median": 16.2409324646, "min": 1.09545765217e-16, "var": 408.40234375}, "melbands_crest": {"dmean": 3.93802285194, "dmean2": 6.51551294327, "dvar": 30.5808296204, "dvar2": 79.1367416382, "max": 38.1291999817, "mean": 12.9429216385, "median": 11.5444869995, "min": 1.58442378044, "var": 45.7661743164}, "melbands_flatness_db": {"dmean": 0.0437959805131, "dmean2": 0.0730158537626, "dvar": 0.00524997664616, "dvar2": 0.0149781219661, "max": 0.821403205395, "mean": 0.206402078271, "median": 0.197972774506, "min": 0.00340008479543, "var": 0.0131386555731}, "melbands_kurtosis": {"dmean": 17.8305091858, "dmean2": 31.2504501343, "dvar": 2309.14038086, "dvar2": 6618.90771484, "max": 572.888977051, "mean": 20.2287807465, "median": 10.8984470367, "min": -1.40817987919, "var": 1475.41088867}, "melbands_skewness": {"dmean": 1.09074735641, "dmean2": 1.76377940178, "dvar": 3.42679357529, "dvar2": 9.30969047546, "max": 20.2941913605, "mean": 3.02097535133, "median": 2.65205907822, "min": -0.286691606045, "var": 3.70852780342}, "melbands_spread": {"dmean": 8.15490055084, "dmean2": 13.2515916824, "dvar": 163.18371582, "dvar2": 403.128814697, "max": 157.15977478, "mean": 24.4047298431, "median": 16.2537841797, "min": 0.385021060705, "var": 855.739318848}, "pitch_salience": {"dmean": 0.106275230646, "dmean2": 0.176196202636, "dvar": 0.0180438943207, "dvar2": 0.0472779348493, "max": 0.953490972519, "mean": 0.5632609725, "median": 0.596994280815, "min": 0.0420891754329, "var": 0.0270379055291}, "silence_rate_20dB": {"dmean": 0, "dmean2": 0, "dvar": 0, "dvar2": 0, "max": 1, "mean": 1, "median": 1, "min": 1, "var": 0}, "silence_rate_30dB": {"dmean": 0.0802507847548, "dmean2": 0.160602256656, "dvar": 0.0738100856543, "dvar2": 0.181231036782, "max": 1, "mean": 0.940476179123, "median": 1, "min": 0, "var": 0.0559803396463}, "silence_rate_60dB": {"dmean": 0.114106580615, "dmean2": 0.228356331587, "dvar": 0.101085610688, "dvar2": 0.274078309536, "max": 1, "mean": 0.134711772203, "median": 0, "min": 0, "var": 0.116565205157}, "spectral_centroid": {"dmean": 348.434020996, "dmean2": 565.412475586, "dvar": 285997.6875, "dvar2": 619263.75, "max": 11722.2705078, "mean": 1698.52758789, "median": 1099.89331055, "min": 131.994262695, "var": 5315367}, "spectral_complexity": {"dmean": 6.58307218552, "dmean2": 9.30865764618, "dvar": 77.5649185181, "dvar2": 157.632949829, "max": 62, "mean": 15.7487468719, "median": 16, "min": 0, "var": 142.284072876}, "spectral_decrease": {"dmean": 6.14297546164e-09, "dmean2": 9.04761421339e-09, "dvar": 1.07740552718e-16, "dvar2": 2.51470132466e-16, "max": 1.46142477149e-28, "mean": -9.55157020144e-09, "median": -5.97052096651e-09, "min": -7.47662696199e-08, "var": 1.29540732325e-16}, "spectral_energy": {"dmean": 0.0241604745388, "dmean2": 0.0355895124376, "dvar": 0.00161469471641, "dvar2": 0.00375955295749, "max": 0.285491585732, "mean": 0.0378205142915, "median": 0.024267476052, "min": 1.00505182845e-20, "var": 0.00195338041522}, "spectral_energyband_high": {"dmean": 0.000579175481107, "dmean2": 0.000900753482711, "dvar": 1.00483873666e-06, "dvar2": 2.55172653851e-06, "max": 0.00650693103671, "mean": 0.000935275689699, "median": 0.000711003202014, "min": 6.82104361442e-21, "var": 1.19459161851e-06}, "spectral_energyband_low": {"dmean": 0.0145345143974, "dmean2": 0.0219014398754, "dvar": 0.00105317519046, "dvar2": 0.00261006574146, "max": 0.255175560713, "mean": 0.0185666307807, "median": 0.00613433029503, "min": 1.80503728676e-23, "var": 0.00106776191387}, "spectral_energyband_middle_high": {"dmean": 0.00259023485705, "dmean2": 0.00425579957664, "dvar": 2.62683970504e-05, "dvar2": 6.86851053615e-05, "max": 0.0328053832054, "mean": 0.00358715839684, "median": 0.0023422606755, "min": 1.09414810654e-21, "var": 2.37335334532e-05}, "spectral_energyband_middle_low": {"dmean": 0.00621832767501, "dmean2": 0.00908261258155, "dvar": 8.16990577732e-05, "dvar2": 0.000178228801815, "max": 0.0751648917794, "mean": 0.0129256425425, "median": 0.0106861442327, "min": 1.78321515376e-22, "var": 0.000143817946082}, "spectral_entropy": {"dmean": 0.313465893269, "dmean2": 0.410805821419, "dvar": 0.160866424441, "dvar2": 0.428367853165, "max": 9.8193025589, "mean": 7.41789245605, "median": 7.37612819672, "min": 4.37812852859, "var": 0.832823395729}, "spectral_flux": {"dmean": 0.0563869178295, "dmean2": 0.0917627587914, "dvar": 0.0053298138082, "dvar2": 0.0138015635312, "max": 0.47039231658, "mean": 0.0904011130333, "median": 0.0590558052063, "min": 6.44944792016e-11, "var": 0.00752349197865}, "spectral_kurtosis": {"dmean": 3.63089776039, "dmean2": 5.7994351387, "dvar": 362.879943848, "dvar2": 812.000732422, "max": 777.299926758, "mean": 10.9091453552, "median": 4.65920114517, "min": -1.2594422102, "var": 3118.38793945}, "spectral_rms": {"dmean": 0.0017801115755, "dmean2": 0.00246713776141, "dvar": 5.88167768001e-06, "dvar2": 1.24015023175e-05, "max": 0.0166891701519, "mean": 0.0051241950132, "median": 0.00486575625837, "min": 3.13135498434e-12, "var": 1.06407187559e-05}, "spectral_rolloff": {"dmean": 506.255004883, "dmean2": 880.215576172, "dvar": 1552206.75, "dvar2": 3677583, "max": 19379.8828125, "mean": 1908.42553711, "median": 667.529296875, "min": 21.533203125, "var": 17534224}, "spectral_skewness": {"dmean": 0.333431661129, "dmean2": 0.5355001688, "dvar": 0.350497305393, "dvar2": 0.898053109646, "max": 21.6230640411, "mean": 1.95354187489, "median": 1.78828597069, "min": -0.104176037014, "var": 3.7921769619}, "spectral_spread": {"dmean": 876822.9375, "dmean2": 1437009.375, "dvar": 3228737994750.0, "dvar2": 7138665562110.0, "max": 42402780, "mean": 7564269, "median": 5568451, "min": 111304.78125, "var": 64821038940200.0}, "spectral_strongpeak": {"dmean": 0.202109098434, "dmean2": 0.355303615332, "dvar": 0.0975587740541, "dvar2": 0.244819626212, "max": 2.46540403366, "mean": 0.264380574226, "median": 0.116611883044, "min": 0, "var": 0.137825638056}, "zerocrossingrate": {"dmean": 0.0137410610914, "dmean2": 0.0167914833874, "dvar": 0.00048819364747, "dvar2": 0.000686107203364, "max": 0.5244140625, "mean": 0.073509581387, "median": 0.0419921875, "min": 0, "var": 0.0122807221487}, "barkbands": {"dmean": [0.00465064262971, 0.00978406332433, 0.00344697060063, 0.00152604503091, 0.00229555182159, 0.00152562884614, 0.000622013234533, 0.00052526028594, 0.000490519043524, 0.000582739361562, 0.000292324170005, 0.000398372591008, 0.000221644615522, 0.000234364095377, 0.000386407918995, 0.000185374185094, 0.000221639420488, 0.000319418293657, 0.000153734814376, 0.00012383259309, 0.000213262916077, 0.000106978091935, 3.35638178512e-05, 4.6002365707e-05, 4.88710684294e-05, 6.35262331343e-05, 6.19337079115e-05], "dmean2": [0.00675772549585, 0.0159230157733, 0.00532875349745, 0.00233177561313, 0.00339565542527, 0.00243072747253, 0.000955391849857, 0.000783034833148, 0.000740202085581, 0.000938830722589, 0.000432243919931, 0.000697047100402, 0.000332702067681, 0.0003885749029, 0.000678413256537, 0.000319009937812, 0.000377615360776, 0.000578940263949, 0.000262001529336, 0.000203086194233, 0.000375839212211, 0.0001702162117, 5.28614909854e-05, 7.2598195402e-05, 7.25328136468e-05, 9.69602842815e-05, 9.6039584605e-05], "dvar": [8.14490122139e-05, 0.000659051758703, 7.08998486516e-05, 6.72765645504e-06, 1.56665009854e-05, 6.48468949294e-06, 1.02432545646e-06, 7.43882083043e-07, 5.43110104445e-07, 1.01977570921e-06, 1.99222014885e-07, 9.57083102548e-07, 1.2321707743e-07, 2.43461727223e-07, 8.00635234555e-07, 1.39450435199e-07, 1.62838631468e-07, 5.58723911581e-07, 1.08238758401e-07, 3.30732348175e-08, 2.61249397226e-07, 4.32664570837e-08, 2.43557640722e-09, 4.69647343238e-09, 4.3870014288e-09, 8.50306847155e-09, 9.03002117525e-09], "dvar2": [0.000190956881852, 0.00177421642002, 0.000182452175068, 1.57446538651e-05, 3.61691018043e-05, 1.62740470842e-05, 2.23752135753e-06, 1.5557095594e-06, 1.12411282771e-06, 2.49605341196e-06, 3.90776506265e-07, 2.58906948147e-06, 2.67022272737e-07, 6.09931987583e-07, 2.19976823246e-06, 3.80897319019e-07, 4.28391928153e-07, 1.55765792442e-06, 2.87109088504e-07, 8.23045454013e-08, 7.43079965559e-07, 1.09129949522e-07, 4.36208802412e-09, 1.03908153193e-08, 8.56629966961e-09, 1.86044140094e-08, 2.21096136954e-08], "max": [0.0750346034765, 0.221727669239, 0.0782141759992, 0.0212158914655, 0.0392353460193, 0.0230497568846, 0.00996503327042, 0.00736671825871, 0.00647506956011, 0.00882676802576, 0.00704166665673, 0.00777471624315, 0.00330974673852, 0.00367634557188, 0.00558763556182, 0.00265104044229, 0.00258912006393, 0.00455868802965, 0.00196084799245, 0.00122806732543, 0.00299536180682, 0.0013932880247, 0.000384764425689, 0.000541807617992, 0.000408079271438, 0.000499657006003, 0.000496614084113], "mean": [0.00509902928025, 0.0108128953725, 0.00463225599378, 0.00230750977062, 0.0037785070017, 0.0028241246473, 0.00118873862084, 0.00108102790546, 0.00109681056347, 0.000978531315923, 0.000546896189917, 0.000421064323746, 0.000355288211722, 0.000350963906385, 0.000354233430699, 0.000221229551244, 0.000274702702882, 0.000296071608318, 0.000174217697349, 0.000169751918293, 0.000253436155617, 0.000162562500918, 7.54768916522e-05, 9.23705592868e-05, 8.86613779585e-05, 9.61128171184e-05, 8.80613879417e-05], "median": [0.00175929977559, 0.00257856585085, 0.00205715000629, 0.000856275786646, 0.0017154221423, 0.00195755669847, 0.000649079796858, 0.000426589569543, 0.00072054786142, 0.00066535663791, 0.0002921402629, 4.90305246785e-05, 0.000158507697051, 0.000151524611283, 0.000154710709467, 0.000105130893644, 0.00012949462689, 0.000103233920527, 8.46149850986e-05, 8.66744085215e-05, 0.00010604657291, 9.16654826142e-05, 6.45943800919e-05, 7.16091162758e-05, 7.46830992284e-05, 6.86303174007e-05, 6.69419096084e-05], "min": [5.67985644956e-26, 4.32616803006e-24, 1.49702163566e-24, 8.8743479457e-25, 5.88941266517e-24, 8.56461236089e-24, 9.5125399679e-24, 7.8013507809e-24, 6.85254596056e-24, 1.6980559151e-23, 2.4188341799e-23, 2.76920186001e-23, 2.75648510668e-23, 2.52483278864e-23, 6.11207725426e-23, 7.0460178841e-23, 4.19830511581e-23, 6.52681487983e-23, 1.29296094658e-22, 1.43548905327e-22, 2.4716665613e-22, 3.33949080231e-22, 3.61135271752e-22, 5.69566004915e-22, 9.09541730026e-22, 1.32046884189e-21, 1.9897508537e-21], "var": [8.76734557096e-05, 0.000544250768144, 6.78384603816e-05, 1.02354779301e-05, 2.56666717178e-05, 9.63293769018e-06, 2.21055961447e-06, 1.65135190855e-06, 1.24597931972e-06, 1.42698456784e-06, 4.7983468221e-07, 8.15457326553e-07, 2.36392438069e-07, 2.77611661659e-07, 5.55850647288e-07, 1.25600905676e-07, 1.51963561734e-07, 3.63287171012e-07, 9.00619951949e-08, 4.36942464432e-08, 2.09877072166e-07, 5.13124724932e-08, 5.25961540987e-09, 7.68573737986e-09, 7.01203139997e-09, 1.06758744067e-08, 9.74204361626e-09]}, "erbbands": {"dmean": [0.242957398295, 2.32106995583, 4.22513055801, 4.94002819061, 6.28960990906, 7.50709867477, 10.2921361923, 13.0099048615, 11.3415307999, 10.3726987839, 10.7359571457, 11.8006591797, 17.7802600861, 13.2214431763, 12.337348938, 19.5285968781, 10.6083498001, 11.8095207214, 17.9106349945, 15.4868850708, 9.63072872162, 12.6146783829, 16.4715976715, 10.3842353821, 8.03284454346, 6.79906702042, 8.16973781586, 6.50710058212, 3.89986896515, 2.25050997734, 0.987810671329, 0.830999493599, 0.872662425041, 0.509329557419, 0.363786220551, 0.166215628386, 0.140828505158, 0.0639751553535, 0.0113737965003, 0.000546461844351], "dmean2": [0.385187357664, 3.82282781601, 6.48101806641, 7.49397659302, 8.83212471008, 11.5959701538, 16.719083786, 20.7474651337, 17.5802135468, 14.1828422546, 16.8747882843, 17.5723819733, 27.935552597, 21.4129810333, 18.7226600647, 33.5863456726, 16.1491298676, 19.4216594696, 31.630027771, 26.3896198273, 16.0961265564, 21.6677131653, 29.8816947937, 18.1167621613, 13.63601017, 11.3898162842, 13.9855546951, 11.2183599472, 6.23327732086, 3.50950407982, 1.59229493141, 1.27256405354, 1.4197050333, 0.758854150772, 0.55054217577, 0.242770805955, 0.218406975269, 0.102072022855, 0.0176084712148, 0.000835111946799], "dvar": [0.267934143543, 43.9128227234, 119.119735718, 87.8073501587, 111.211235046, 183.47593689, 413.369445801, 419.32119751, 371.181243896, 224.420684814, 414.219360352, 328.239532471, 791.02130127, 720.8828125, 394.574249268, 2130.69311523, 284.972412109, 549.342529297, 1935.98852539, 994.576416016, 348.46685791, 561.767028809, 1463.89880371, 539.314880371, 303.12701416, 111.202758789, 353.413238525, 210.300567627, 55.8892288208, 16.9258174896, 2.07359695435, 1.21182501316, 2.26466012001, 0.486269682646, 0.241011112928, 0.048242688179, 0.0451766252518, 0.0106366602704, 0.00029888813151, 5.97376640599e-07], "dvar2": [0.694019734859, 118.923454285, 284.538665771, 225.227554321, 247.391906738, 439.2215271, 1066.88232422, 1020.04547119, 896.19543457, 354.328369141, 969.164123535, 656.777770996, 1670.90197754, 1862.9005127, 827.399414062, 5743.42871094, 635.423217773, 1359.19238281, 5255.56103516, 2704.24145508, 899.713623047, 1492.71154785, 4098.9609375, 1447.39160156, 815.865966797, 287.913085938, 970.133361816, 598.382751465, 141.678756714, 40.3294219971, 3.86580109596, 2.17270612717, 5.8119263649, 1.00011622906, 0.442595273256, 0.0910203456879, 0.103957265615, 0.0270915012807, 0.00072376098251, 1.31847014018e-06], "max": [4.07647752762, 56.2145233154, 98.5789642334, 94.7599487305, 91.0731582642, 157.135818481, 262.21270752, 217.221176147, 170.506362915, 170.479446411, 153.574417114, 181.948959351, 213.943572998, 219.034225464, 330.223632812, 372.287811279, 139.731903076, 190.348770142, 268.707641602, 263.077453613, 150.369903564, 136.061447144, 218.393096924, 148.299545288, 103.718544006, 66.5210266113, 112.687088013, 95.3075256348, 50.7939338684, 31.4228172302, 12.0713043213, 9.03585624695, 11.8975505829, 4.91522169113, 2.93670034409, 1.51483047009, 1.18808722496, 0.519827663898, 0.0898737534881, 0.00420793704689], "mean": [0.30039575696, 2.44443154335, 5.3619799614, 7.57092618942, 10.3348922729, 11.5661172867, 14.7110614777, 24.5550880432, 21.6977348328, 22.6624355316, 22.1984233856, 27.1611309052, 36.0804862976, 18.0290164948, 22.0010948181, 22.5263080597, 17.0561447144, 19.9601421356, 16.3031215668, 16.78881073, 13.3053064346, 13.5168046951, 14.2747497559, 11.8488483429, 9.55639266968, 9.05962085724, 10.0038089752, 8.52475261688, 5.89508199692, 3.82009124756, 2.32946658134, 1.7707682848, 1.43003201485, 0.970052063465, 0.631023705006, 0.306542903185, 0.196158573031, 0.0777461975813, 0.0152670228854, 0.00095668726135], "median": [0.0674199983478, 0.586937427521, 1.62349891663, 3.2349190712, 3.78947782516, 4.75294780731, 5.71084117889, 19.100440979, 16.5663814545, 10.4476203918, 12.8619556427, 17.6743812561, 21.8037967682, 5.96454524994, 11.7346305847, 6.92667102814, 8.75389766693, 10.2227344513, 5.77739238739, 6.59617519379, 7.07835483551, 5.94429683685, 5.28009796143, 5.56683731079, 4.20555686951, 4.5322728157, 4.56861639023, 3.51000738144, 3.45721817017, 2.41096162796, 1.84621024132, 1.47269058228, 1.07844769955, 0.828839540482, 0.472895205021, 0.250606894493, 0.128077059984, 0.049911338836, 0.0106104109436, 0.000779810943641], "min": [4.8602903662e-23, 1.07498138663e-21, 2.28020009889e-21, 2.27133557424e-21, 7.17204042057e-21, 2.19098705424e-20, 3.94194988864e-20, 8.73150787355e-20, 1.29704039699e-19, 1.41196925904e-19, 2.40678487281e-19, 3.19162702119e-19, 4.81744456981e-19, 7.92495895493e-19, 8.27363522866e-19, 1.1533967613e-18, 1.27712891887e-18, 1.87787411201e-18, 2.51579848875e-18, 3.17666968286e-18, 3.44015421172e-18, 2.89989318875e-18, 4.15355426986e-18, 5.97825307619e-18, 7.454838712e-18, 7.7705909226e-18, 7.3882415737e-18, 9.67598905591e-18, 1.26496239487e-17, 8.05306979307e-18, 1.04531260686e-17, 1.18783772892e-17, 9.04173839507e-18, 7.64237958202e-18, 6.52967069767e-18, 4.42871590062e-18, 2.29276557339e-18, 8.75499851047e-19, 2.65754441701e-19, 2.76397974976e-20], "var": [0.28073617816, 34.5070266724, 116.862548828, 106.146438599, 198.381484985, 288.087005615, 453.312042236, 735.895690918, 650.68939209, 755.301513672, 733.920715332, 796.854919434, 1692.45007324, 811.823303223, 801.149719238, 1844.64819336, 502.982543945, 715.41003418, 1345.94726562, 812.636962891, 357.101318359, 466.672943115, 933.14654541, 422.794708252, 255.341888428, 129.662216187, 294.244598389, 201.488525391, 68.0846862793, 23.042760849, 4.7393450737, 2.60396909714, 2.45594882965, 0.806863069534, 0.378263086081, 0.081616550684, 0.051232971251, 0.0100650899112, 0.000319861894241, 8.1884974179e-07]}, "gfcc": {"mean": [-58.9428939819, 60.748260498, -69.9823608398, 14.5514783859, -43.8721199036, 4.27780342102, -23.1851119995, 3.74291324615, -17.6558971405, 3.01129126549, -14.7864990234, -0.0394354350865, -10.7334098816], "cov": [[86433.984375, 1838.6015625, -6190.6484375, 466.29699707, -3121.7097168, 27.8479175568, -1815.97912598, 408.567352295, -1301.85180664, 400.849334717, -1223.5489502, 200.788467407, -851.71081543], [1838.6015625, 1392.75170898, 505.965240479, 148.324050903, 97.2150497437, 93.8249053955, 68.0565795898, 28.0825023651, 12.7348308563, -52.1234970093, -16.5970630646, -73.7106781006, -10.694149971], [-6190.6484375, 505.965240479, 1140.65673828, 63.1775360107, 419.513000488, 116.850204468, 225.574935913, 58.6696891785, 163.047653198, -36.675201416, 86.2439193726, -62.651512146, 16.3738803864], [466.29699707, 148.324050903, 63.1775360107, 296.357696533, 100.674217224, 123.054214478, 77.3223342896, 42.5664138794, 3.4509510994, 23.395488739, 5.16183376312, 7.08474111557, -7.01708221436], [-3121.7097168, 97.2150497437, 419.513000488, 100.674217224, 297.063720703, 89.0139770508, 146.255371094, 52.2970237732, 86.2346801758, -1.78758096695, 51.6046905518, -8.49478912354, 14.5243587494], [27.8479175568, 93.8249053955, 116.850204468, 123.054214478, 89.0139770508, 124.972557068, 83.8701248169, 51.6705322266, 26.7352771759, 21.163728714, 13.9799766541, -3.8852853775, -25.2966766357], [-1815.97912598, 68.0565795898, 225.574935913, 77.3223342896, 146.255371094, 83.8701248169, 140.425140381, 48.4620475769, 58.7628517151, 9.11120605469, 40.473903656, -12.9622926712, -2.95278334618], [408.567352295, 28.0825023651, 58.6696891785, 42.5664138794, 52.2970237732, 51.6705322266, 48.4620475769, 97.3170166016, 45.6232643127, 18.6691169739, 0.704055011272, -8.54580688477, -36.2049636841], [-1301.85180664, 12.7348308563, 163.047653198, 3.4509510994, 86.2346801758, 26.7352771759, 58.7628517151, 45.6232643127, 70.2730331421, 8.44594860077, 21.9654216766, -11.6164588928, -4.57909870148], [400.849334717, -52.1234970093, -36.675201416, 23.395488739, -1.78758096695, 21.163728714, 9.11120605469, 18.6691169739, 8.44594860077, 32.5840187073, 7.95386600494, 8.04841709137, -7.75089931488], [-1223.5489502, -16.5970630646, 86.2439193726, 5.16183376312, 51.6046905518, 13.9799766541, 40.473903656, 0.704055011272, 21.9654216766, 7.95386600494, 41.7505340576, 10.5374546051, 18.8881340027], [200.788467407, -73.7106781006, -62.651512146, 7.08474111557, -8.49478912354, -3.8852853775, -12.9622926712, -8.54580688477, -11.6164588928, 8.04841709137, 10.5374546051, 37.1413269043, 27.6934871674], [-851.71081543, -10.694149971, 16.3738803864, -7.01708221436, 14.5243587494, -25.2966766357, -2.95278334618, -36.2049636841, -4.57909870148, -7.75089931488, 18.8881340027, 27.6934871674, 62.7450561523]], "icov": [[0.00015079145669, -0.00049337168457, 0.000353461888153, 0.00013659101387, 0.000343659659848, -0.000350311893271, 0.00050577824004, -0.00100886111613, 0.00121367536485, -0.00179813674185, 0.00238931388594, -0.00199096859433, 0.00113263912499], [-0.00049337168457, 0.00283847772516, -0.00190445117187, -0.000967780535575, -0.000307422189508, 0.000128271669382, -0.00100167200435, 0.00200762366876, -0.00253115221858, 0.00703151104972, -0.00780850835145, 0.00952164083719, -0.00575843919069], [0.000353461888153, -0.00190445117187, 0.0039550922811, 0.00106901070103, -0.00230433861725, -0.00203534285538, 0.00185142294504, -0.00110930530354, -0.000448179896921, -0.00200348696671, 0.00308747822419, -0.0019084737869, 0.00235337391496], [0.00013659101387, -0.000967780535575, 0.00106901070103, 0.00734890950844, -0.00225418806076, -0.00632992852479, -0.000201464994461, -0.00184010295197, 0.0050576957874, -0.00504593690857, 0.00520850624889, -0.00108003581408, -0.00221484596841], [0.000343659659848, -0.000307422189508, -0.00230433861725, -0.00225418806076, 0.0131808109581, -0.00104960368481, -0.00423667067662, -0.00295577035286, -0.00136560224928, 6.15789540461e-05, 0.00529988389462, -0.00827752798796, 0.00154847407248], [-0.000350311893271, 0.000128271669382, -0.00203534285538, -0.00632992852479, -0.00104960368481, 0.0283665768802, -0.0142487622797, 0.00251864106394, -0.000579562503844, -0.00349959149025, -0.00160945230164, -0.00946202408522, 0.0117381680757], [0.00050577824004, -0.00100167200435, 0.00185142294504, -0.000201464994461, -0.00423667067662, -0.0142487622797, 0.0310976300389, -0.00930081494153, 0.00104499573354, -0.00170907157008, -0.0104476222768, 0.0118605773896, -0.00470272591338], [-0.00100886111613, 0.00200762366876, -0.00110930530354, -0.00184010295197, -0.00295577035286, 0.00251864106394, -0.00930081494153, 0.0361923314631, -0.0289893168956, 0.00895657390356, -0.00548202637583, -0.00590575486422, 0.0121246008202], [0.00121367536485, -0.00253115221858, -0.000448179896921, 0.0050576957874, -0.00136560224928, -0.000579562503844, 0.00104499573354, -0.0289893168956, 0.0574824362993, -0.0259750112891, 0.0118747074157, 0.00311123183928, -0.00383139774203], [-0.00179813674185, 0.00703151104972, -0.00200348696671, -0.00504593690857, 6.15789540461e-05, -0.00349959149025, -0.00170907157008, 0.00895657390356, -0.0259750112891, 0.0760868042707, -0.0447314754128, 0.0140419593081, -0.00481748767197], [0.00238931388594, -0.00780850835145, 0.00308747822419, 0.00520850624889, 0.00529988389462, -0.00160945230164, -0.0104476222768, -0.00548202637583, 0.0118747074157, -0.0447314754128, 0.0969956368208, -0.0534047521651, 0.01506158337], [-0.00199096859433, 0.00952164083719, -0.0019084737869, -0.00108003581408, -0.00827752798796, -0.00946202408522, 0.0118605773896, -0.00590575486422, 0.00311123183928, 0.0140419593081, -0.0534047521651, 0.112237036228, -0.0612732805312], [0.00113263912499, -0.00575843919069, 0.00235337391496, -0.00221484596841, 0.00154847407248, 0.0117381680757, -0.00470272591338, 0.0121246008202, -0.00383139774203, -0.00481748767197, 0.01506158337, -0.0612732805312, 0.0622528083622]]}, "melbands": {"dmean": [0.00260153738782, 0.00261102570221, 0.000875477504451, 0.00046925758943, 0.00037068585516, 0.000294818892144, 0.000161285483046, 0.00011259096209, 8.77898710314e-05, 7.27793885744e-05, 8.71396478033e-05, 5.42293746548e-05, 4.00017379434e-05, 4.48733990197e-05, 4.31664375355e-05, 1.45388348756e-05, 2.35772731685e-05, 2.78253828583e-05, 2.5716239179e-05, 1.66041463672e-05, 1.04829186967e-05, 1.12491934487e-05, 1.73712724063e-05, 1.39931580634e-05, 7.83469749877e-06, 6.46255011816e-06, 4.79021355204e-06, 4.35178299085e-06, 4.06474691772e-06, 6.05183822699e-06, 3.57947351404e-06, 1.94040967472e-06, 2.62365983872e-06, 7.98789756118e-07, 5.99383554345e-07, 5.49402102479e-07, 4.92441756705e-07, 7.21217929822e-07, 4.24786549047e-07, 4.65339326183e-07], "dmean2": [0.00418158248067, 0.00406044581905, 0.0012922360329, 0.000700494740158, 0.000586899986956, 0.000469192687888, 0.000247944670264, 0.000155672736582, 0.000138082672493, 0.000108508807898, 0.000137090144563, 8.87057685759e-05, 5.93986769672e-05, 7.78824760346e-05, 6.93662877893e-05, 2.16090629692e-05, 3.90328677895e-05, 4.89335034217e-05, 4.45299701823e-05, 2.85777932731e-05, 1.73782536876e-05, 1.86932466022e-05, 3.17621997965e-05, 2.51349447353e-05, 1.36891576403e-05, 1.11136851046e-05, 7.83061477705e-06, 7.39832876206e-06, 6.65142715661e-06, 1.11895506052e-05, 6.04984143138e-06, 3.1105000744e-06, 4.32850356447e-06, 1.22696519611e-06, 9.71591134658e-07, 8.75905868725e-07, 7.44321823731e-07, 1.21100674733e-06, 6.58076316995e-07, 7.01830344951e-07], "dvar": [3.64383340639e-05, 4.7479672503e-05, 2.34447588809e-06, 6.82015752318e-07, 4.99606528592e-07, 2.21278924073e-07, 7.27908044951e-08, 2.72570996884e-08, 2.66445407959e-08, 1.24315233663e-08, 1.91886133649e-08, 1.3109420216e-08, 3.85585607887e-09, 1.04439630277e-08, 7.35993044287e-09, 5.41452105374e-10, 2.24161356144e-09, 4.87307394437e-09, 3.22962501187e-09, 1.11022890881e-09, 4.08985012523e-10, 4.09020012304e-10, 1.54734125513e-09, 1.22005683334e-09, 3.01182162543e-10, 2.04956523975e-10, 5.69101883674e-11, 5.19490075956e-11, 7.29624902163e-11, 2.63996630112e-10, 5.70091682195e-11, 1.20554234997e-11, 3.39943351246e-11, 1.48953657568e-12, 7.8747295143e-13, 5.43065755126e-13, 4.27895295151e-13, 1.72371405344e-12, 3.74971104514e-13, 4.15046469415e-13], "dvar2": [9.66789593804e-05, 0.000117091520224, 5.75969306738e-06, 1.62321634889e-06, 1.24877681174e-06, 5.4261238347e-07, 1.69478482803e-07, 4.35376854568e-08, 6.4529167787e-08, 2.43635938091e-08, 4.10723011157e-08, 3.39871917276e-08, 7.61977680952e-09, 2.7999117691e-08, 1.88702031778e-08, 1.04491937325e-09, 5.53876322584e-09, 1.31434791939e-08, 8.73917738176e-09, 3.11840908651e-09, 1.01857067225e-09, 1.04887920571e-09, 4.35821911893e-09, 3.41058070674e-09, 8.05089162004e-10, 5.52530743381e-10, 1.41095135575e-10, 1.38995689958e-10, 1.89653057148e-10, 7.63290208816e-10, 1.58248261717e-10, 2.9229126064e-11, 9.05451894018e-11, 2.68382191471e-12, 1.49844698281e-12, 1.11544324125e-12, 7.37702759122e-13, 4.60437027047e-12, 8.17250509887e-13, 8.69404320671e-13], "max": [0.0527225993574, 0.0520007833838, 0.0135118504986, 0.00720359850675, 0.00981469452381, 0.00464316690341, 0.00237240432762, 0.00194673938677, 0.00127486942802, 0.00120060087647, 0.00103916891385, 0.000965018349234, 0.00106299307663, 0.000859231862705, 0.000672518508509, 0.000244129478233, 0.000396549439756, 0.00041490237345, 0.00036647982779, 0.000238893131609, 0.000170992192579, 0.000142762728501, 0.000225640877034, 0.000228376593441, 0.00011333385919, 9.27397195483e-05, 6.13346055616e-05, 4.80597918795e-05, 5.13206796313e-05, 9.65291474131e-05, 5.69364456169e-05, 2.47647712968e-05, 3.87607215089e-05, 1.00358347481e-05, 8.33591184346e-06, 5.86243322687e-06, 5.20565390616e-06, 1.11939425551e-05, 4.32272827311e-06, 4.6351774472e-06], "mean": [0.00305032962933, 0.00311093195342, 0.00140523875598, 0.000755954883061, 0.000561328430194, 0.000560786458664, 0.000318806007272, 0.00024475317332, 0.00017955218209, 0.000168395170476, 0.000172153231688, 6.68938300805e-05, 7.39272873034e-05, 5.65061309317e-05, 5.19423447258e-05, 2.62699722953e-05, 3.97804105887e-05, 2.39120090555e-05, 2.35563966271e-05, 1.92534607777e-05, 1.60079216585e-05, 1.33557869049e-05, 1.51153772094e-05, 1.2453509953e-05, 8.97645077202e-06, 7.74819727667e-06, 5.90933268541e-06, 5.81970016356e-06, 5.18558499607e-06, 6.40551024844e-06, 4.98111057823e-06, 3.16297428071e-06, 3.23332005792e-06, 1.64766106536e-06, 1.46633556142e-06, 1.06738878003e-06, 1.06182994841e-06, 1.04723596905e-06, 8.29091732157e-07, 8.43711973175e-07], "median": [0.000870521238539, 0.000854185549542, 0.000604251690675, 0.000360589532647, 0.000219347508391, 0.000410055334214, 0.000248334428761, 0.000115543894935, 0.000105519691715, 0.000116985247587, 0.000101127603557, 1.04981554614e-05, 4.0139813791e-05, 1.87603000086e-05, 2.25659932767e-05, 1.25693859445e-05, 1.56875357789e-05, 4.92159824717e-06, 7.40341556593e-06, 9.85897895589e-06, 7.21474179954e-06, 5.95094024902e-06, 5.43380338058e-06, 4.11542896472e-06, 3.64181823898e-06, 3.09333154291e-06, 2.63230822384e-06, 2.76068840321e-06, 2.48455307883e-06, 2.11615201806e-06, 2.06382378565e-06, 1.71156943907e-06, 1.51653625835e-06, 1.16993601296e-06, 1.21133666653e-06, 7.08890013357e-07, 8.63253376338e-07, 7.48352931623e-07, 6.60890236759e-07, 6.83665973611e-07], "min": [1.32435990225e-24, 1.50771237726e-24, 6.00658217543e-25, 1.19013058466e-24, 1.19962886439e-24, 2.46756065862e-24, 2.14596750833e-24, 1.63252378031e-24, 2.39061891301e-24, 1.31772568064e-24, 2.34664741173e-24, 2.77346592931e-24, 2.71274237505e-24, 2.28374384036e-24, 2.18769746135e-24, 2.38958846346e-24, 3.13600707426e-24, 3.09259881965e-24, 4.53256993604e-24, 3.65871400145e-24, 3.22937172062e-24, 2.61592113742e-24, 4.35163679882e-24, 2.79554654048e-24, 4.41000422277e-24, 4.61490965961e-24, 4.71996463294e-24, 4.34029692331e-24, 3.98479005105e-24, 4.65470335354e-24, 5.5355789669e-24, 6.32635364868e-24, 5.14454850479e-24, 4.59290044035e-24, 5.80434151072e-24, 5.83044097377e-24, 5.77662291067e-24, 5.76562145648e-24, 6.09840597923e-24, 5.48116373609e-24], "var": [3.29885879182e-05, 4.42008677055e-05, 3.26325744027e-06, 1.02440890259e-06, 6.59877855469e-07, 3.73646969365e-07, 1.41321962133e-07, 8.87753870416e-08, 4.12606802058e-08, 3.07365688457e-08, 4.01236839309e-08, 1.437686592e-08, 9.04800145918e-09, 1.01272084052e-08, 7.16166281833e-09, 1.45266088047e-09, 3.18365822594e-09, 3.43613448806e-09, 2.36631292339e-09, 1.00690011884e-09, 5.14659370676e-10, 3.94751759059e-10, 9.8574026719e-10, 7.91612608797e-10, 2.44232190028e-10, 1.76805806107e-10, 7.0675333641e-11, 5.58074524093e-11, 7.13785142104e-11, 1.77944478597e-10, 6.43558609181e-11, 1.72689640365e-11, 3.03237504551e-11, 3.15134420295e-12, 1.95450535097e-12, 1.12020906873e-12, 9.24820550002e-13, 1.60368463301e-12, 6.10224707136e-13, 6.59296293774e-13]}, "mfcc": {"mean": [-686.21270752, 106.788825989, 24.0508937836, 20.8430786133, 1.42867851257, 5.35008907318, 2.18266201019, 2.58115959167, 3.51514554024, -0.52334856987, 2.1100487709, 2.96527838707, -0.990849256516], "cov": [[26501.7539062, 2839.92724609, -753.014404297, 39.1711387634, -448.492553711, -314.535919189, -375.707092285, -205.42527771, -2.23900580406, -196.887573242, -123.21647644, -115.547828674, -72.5261535645], [2839.92724609, 1225.37133789, 476.587036133, 252.602523804, 140.124084473, 93.5226669312, 114.922431946, 109.138015747, 83.6602554321, 51.7054405212, 61.5366363525, 49.6654090881, -0.186122953892], [-753.014404297, 476.587036133, 607.636474609, 186.965301514, 169.455551147, 114.41570282, 126.747833252, 120.575714111, 71.2761688232, 71.6606063843, 92.7085647583, 67.6315002441, -3.82430815697], [39.1711387634, 252.602523804, 186.965301514, 210.217086792, 117.032592773, 104.221229553, 92.3430175781, 64.1848297119, 51.7644500732, 30.0682964325, 33.1492805481, 26.6083755493, 7.70348262787], [-448.492553711, 140.124084473, 169.455551147, 117.032592773, 151.29699707, 80.1613082886, 73.5639724731, 68.7683258057, 47.0701942444, 39.5079307556, 39.1407432556, 32.247303009, 11.1245393753], [-314.535919189, 93.5226669312, 114.41570282, 104.221229553, 80.1613082886, 132.349655151, 99.0648345947, 48.1665840149, 35.3622512817, 19.7713928223, 35.620136261, 24.7428760529, 13.2796068192], [-375.707092285, 114.922431946, 126.747833252, 92.3430175781, 73.5639724731, 99.0648345947, 128.891891479, 73.3996353149, 45.4269142151, 34.0985298157, 51.0037727356, 37.5784301758, 18.3420734406], [-205.42527771, 109.138015747, 120.575714111, 64.1848297119, 68.7683258057, 48.1665840149, 73.3996353149, 84.1731491089, 52.0385742188, 37.8038825989, 41.307220459, 40.4836387634, 21.6334075928], [-2.23900580406, 83.6602554321, 71.2761688232, 51.7644500732, 47.0701942444, 35.3622512817, 45.4269142151, 52.0385742188, 58.9640769958, 36.4066352844, 34.2226448059, 38.8254318237, 17.8349227905], [-196.887573242, 51.7054405212, 71.6606063843, 30.0682964325, 39.5079307556, 19.7713928223, 34.0985298157, 37.8038825989, 36.4066352844, 49.1645507812, 34.0894050598, 30.4339637756, 20.0175170898], [-123.21647644, 61.5366363525, 92.7085647583, 33.1492805481, 39.1407432556, 35.620136261, 51.0037727356, 41.307220459, 34.2226448059, 34.0894050598, 73.0221176147, 59.7182502747, 1.39508199692], [-115.547828674, 49.6654090881, 67.6315002441, 26.6083755493, 32.247303009, 24.7428760529, 37.5784301758, 40.4836387634, 38.8254318237, 30.4339637756, 59.7182502747, 84.091545105, 20.5909309387], [-72.5261535645, -0.186122953892, -3.82430815697, 7.70348262787, 11.1245393753, 13.2796068192, 18.3420734406, 21.6334075928, 17.8349227905, 20.0175170898, 1.39508199692, 20.5909309387, 64.6497039795]], "icov": [[0.000103606158518, -0.00041087079444, 0.000379742734367, -6.86131243128e-05, 0.000261419976596, -7.98154796939e-05, 0.000488857913297, -0.000105100327346, -0.000340604776284, 0.000422511075158, -0.000614602642599, 0.000325339642586, -0.000113648457045], [-0.00041087079444, 0.00300272717141, -0.00244358577766, -0.00104803126305, -0.000533398881089, 0.00117072381545, -0.00219360203482, 0.00054979120614, 0.000286911730655, -0.0009302670951, 0.00249335099943, -0.00111198192462, 0.000326989626046], [0.000379742734367, -0.00244358577766, 0.00518173724413, -0.00090338132577, -0.000321435654769, -0.00136755721178, 0.0027844645083, -0.00377578381449, 0.00223014364019, -0.00132386479527, -0.00363692129031, 0.000914862495847, 0.00122461281717], [-6.86131243128e-05, -0.00104803126305, -0.00090338132577, 0.0128752933815, -0.00553793366998, -0.00417318334803, -0.00281743821688, 0.00265164813027, -0.00482190120965, 0.00124320609029, 0.00370241887867, -0.000614862772636, 0.00111579336226], [0.000261419976596, -0.000533398881089, -0.000321435654769, -0.00553793366998, 0.0178034696728, -0.00592365860939, 0.00582763319835, -0.00948682334274, 0.00196865922771, -0.00531775038689, -0.000418575131334, 0.000494135601912, 0.00156209559646], [-7.98154796939e-05, 0.00117072381545, -0.00136755721178, -0.00417318334803, -0.00592365860939, 0.025687456131, -0.0187433548272, 0.0115177650005, -0.00672124233097, 0.00886649731547, -0.00287137622945, 0.00206428556703, -0.00394994486123], [0.000488857913297, -0.00219360203482, 0.0027844645083, -0.00281743821688, 0.00582763319835, -0.0187433548272, 0.0363688096404, -0.0223909802735, 0.00545104313642, -0.00107583252247, -0.0134955532849, 0.00633199186996, -0.00183217728045], [-0.000105100327346, 0.00054979120614, -0.00377578381449, 0.00265164813027, -0.00948682334274, 0.0115177650005, -0.0223909802735, 0.0510132834315, -0.0261051934212, 0.00433032587171, 6.28103152849e-05, -0.0006557906745, -0.00603836402297], [-0.000340604776284, 0.000286911730655, 0.00223014364019, -0.00482190120965, 0.00196865922771, -0.00672124233097, 0.00545104313642, -0.0261051934212, 0.0593422614038, -0.0274546146393, 0.00801745429635, -0.013917981647, 0.00494586210698], [0.000422511075158, -0.0009302670951, -0.00132386479527, 0.00124320609029, -0.00531775038689, 0.00886649731547, -0.00107583252247, 0.00433032587171, -0.0274546146393, 0.0587599612772, -0.02552514337, 0.0130931762978, -0.0160444863141], [-0.000614602642599, 0.00249335099943, -0.00363692129031, 0.00370241887867, -0.000418575131334, -0.00287137622945, -0.0134955532849, 6.28103152849e-05, 0.00801745429635, -0.02552514337, 0.0629370063543, -0.0374663509429, 0.0193975828588], [0.000325339642586, -0.00111198192462, 0.000914862495847, -0.000614862772636, 0.000494135601912, 0.00206428556703, 0.00633199186996, -0.0006557906745, -0.013917981647, 0.0130931762978, -0.0374663509429, 0.0408710464835, -0.0140203554183], [-0.000113648457045, 0.000326989626046, 0.00122461281717, 0.00111579336226, 0.00156209559646, -0.00394994486123, -0.00183217728045, -0.00603836402297, 0.00494586210698, -0.0160444863141, 0.0193975828588, -0.0140203554183, 0.0260142143816]]}, "spectral_contrast_coeffs": {"dmean": [0.0505329780281, 0.0585342757404, 0.0532036758959, 0.0497814454138, 0.0479908064008, 0.0393812097609], "dmean2": [0.0780864432454, 0.0827658548951, 0.0714905411005, 0.064689964056, 0.0580997690558, 0.0463721118867], "dvar": [0.002804472344, 0.0033775724005, 0.00263872090727, 0.0022243661806, 0.0021155255381, 0.00132794305682], "dvar2": [0.00622302573174, 0.00675730407238, 0.00467607239261, 0.00394325889647, 0.00381345232017, 0.00305498344824], "max": [-0.229414060712, -0.317522734404, -0.453867018223, -0.485513776541, -0.451288580894, -0.52866345644], "mean": [-0.665635883808, -0.713047504425, -0.743216633797, -0.756790041924, -0.747964262962, -0.729183852673], "median": [-0.669205725193, -0.712351441383, -0.740773499012, -0.768322408199, -0.765499532223, -0.711880803108], "min": [-0.980819165707, -0.978111922741, -0.990926861763, -0.986389398575, -0.97340118885, -0.964618563652], "var": [0.0156834106892, 0.0142966806889, 0.0118161085993, 0.0110877258703, 0.0120212929323, 0.00800971128047]}, "spectral_contrast_valleys": {"dmean": [0.732586443424, 0.798688173294, 0.793758273125, 0.865655362606, 0.891410708427, 0.877720236778], "dmean2": [1.04391860962, 1.23735427856, 1.19379723072, 1.22369122505, 1.20917034149, 1.17200922966], "dvar": [0.873626708984, 1.14123821259, 1.13573133945, 1.21155309677, 1.35525012016, 1.22889316082], "dvar2": [1.63981640339, 2.47544693947, 2.46037793159, 2.57653212547, 3.15000271797, 3.0373108387], "max": [-4.96128225327, -4.60498905182, -5.29666519165, -5.72573709488, -5.72765779495, -8.54489612579], "mean": [-8.41433143616, -8.19051074982, -8.89114665985, -9.6711807251, -9.7746887207, -11.8061990738], "median": [-7.04075098038, -6.90381097794, -7.65736198425, -8.63576889038, -8.73803520203, -10.728395