{"lowlevel": {"average_loudness": 0.952149033546, "barkbands_crest": {"dmean": 2.05646324158, "dmean2": 3.15547609329, "dvar": 3.91269779205, "dvar2": 9.32245922089, "max": 26.9874992371, "mean": 11.741361618, "median": 10.5745830536, "min": 2.91451954842, "var": 22.9948539734}, "barkbands_flatness_db": {"dmean": 0.0206476356834, "dmean2": 0.0304067414254, "dvar": 0.000546317489352, "dvar2": 0.00109013600741, "max": 0.781747281551, "mean": 0.247106209397, "median": 0.204493045807, "min": 0.0301902573556, "var": 0.0149677013978}, "barkbands_kurtosis": {"dmean": 25.0059909821, "dmean2": 35.4531593323, "dvar": 71326.296875, "dvar2": 156365.96875, "max": 16763.2421875, "mean": 43.1068191528, "median": 2.2102432251, "min": -1.8527431488, "var": 146653.75}, "barkbands_skewness": {"dmean": 0.72682338953, "dmean2": 1.04856622219, "dvar": 5.17136621475, "dvar2": 10.7124710083, "max": 119.004234314, "mean": 2.03932547569, "median": 1.3479411602, "min": -1.88638722897, "var": 18.5881233215}, "barkbands_spread": {"dmean": 2.44834494591, "dmean2": 3.81876397133, "dvar": 11.6547088623, "dvar2": 28.0691928864, "max": 88.7457809448, "mean": 11.3323554993, "median": 10.5842971802, "min": 0.0130797335878, "var": 55.3654632568}, "dissonance": {"dmean": 0.0341236405075, "dmean2": 0.0572556070983, "dvar": 0.00125865696464, "dvar2": 0.00340012623928, "max": 0.499999970198, "mean": 0.392361342907, "median": 0.418165385723, "min": 0.0260255597532, "var": 0.00776370707899}, "dynamic_complexity": 1.96550989151, "erbbands_crest": {"dmean": 3.36943292618, "dmean2": 5.26078367233, "dvar": 9.33995914459, "dvar2": 21.5935955048, "max": 33.3914260864, "mean": 14.6474609375, "median": 13.2086801529, "min": 2.41063857079, "var": 39.3295440674}, "erbbands_flatness_db": {"dmean": 0.0215929113328, "dmean2": 0.0311118308455, "dvar": 0.000461071933387, "dvar2": 0.000866738264449, "max": 0.629681527615, "mean": 0.252126187086, "median": 0.222181379795, "min": 0.0345652289689, "var": 0.0108460467309}, "erbbands_kurtosis": {"dmean": 2.72618174553, "dmean2": 3.83473181725, "dvar": 128.239456177, "dvar2": 262.885101318, "max": 527.495483398, "mean": 5.34248542786, "median": 1.20561981201, "min": -1.8462792635, "var": 465.369689941}, "erbbands_skewness": {"dmean": 0.435006797314, "dmean2": 0.657262325287, "dvar": 0.23638753593, "dvar2": 0.567747175694, "max": 14.9958257675, "mean": 0.510038614273, "median": 0.323765546083, "min": -3.4948091507, "var": 1.68410551548}, "erbbands_spread": {"dmean": 6.09923791885, "dmean2": 9.32764625549, "dvar": 62.2239494324, "dvar2": 145.978485107, "max": 145.207687378, "mean": 22.1602306366, "median": 18.6486606598, "min": 0.246033802629, "var": 268.435852051}, "hfc": {"dmean": 4.88363027573, "dmean2": 7.40660953522, "dvar": 30.9627113342, "dvar2": 73.4170455933, "max": 107.266105652, "mean": 22.4708423615, "median": 21.8607273102, "min": 1.22083943949e-16, "var": 140.905670166}, "melbands_crest": {"dmean": 2.580078125, "dmean2": 3.95762991905, "dvar": 6.49174213409, "dvar2": 15.852478981, "max": 38.4972801208, "mean": 16.7346782684, "median": 15.5557441711, "min": 1.92763674259, "var": 41.1711196899}, "melbands_flatness_db": {"dmean": 0.0210395622998, "dmean2": 0.031171604991, "dvar": 0.000640517857391, "dvar2": 0.00130481203087, "max": 0.845683157444, "mean": 0.3199685812, "median": 0.26981306076, "min": 0.00758747523651, "var": 0.0185225345194}, "melbands_kurtosis": {"dmean": 5.11392498016, "dmean2": 7.73771381378, "dvar": 106.894226074, "dvar2": 239.174713135, "max": 280.529724121, "mean": 10.0604991913, "median": 4.01050949097, "min": -1.87199389935, "var": 332.012481689}, "melbands_skewness": {"dmean": 0.612054944038, "dmean2": 0.90066832304, "dvar": 0.407919108868, "dvar2": 0.901483714581, "max": 12.6622018814, "mean": 1.96494019032, "median": 1.67465424538, "min": -2.21525979042, "var": 2.38419270515}, "melbands_spread": {"dmean": 2.95774292946, "dmean2": 4.57031440735, "dvar": 14.5529031754, "dvar2": 35.6326065063, "max": 137.552932739, "mean": 14.1055936813, "median": 13.4604787827, "min": 0.139444321394, "var": 72.3193054199}, "pitch_salience": {"dmean": 0.0538698360324, "dmean2": 0.0829174593091, "dvar": 0.00300702615641, "dvar2": 0.00737720727921, "max": 0.837291717529, "mean": 0.449035704136, "median": 0.459427386522, "min": 0.018885217607, "var": 0.0133460005745}, "silence_rate_20dB": {"dmean": 0, "dmean2": 0, "dvar": 0, "dvar2": 0, "max": 1, "mean": 1, "median": 1, "min": 1, "var": 0}, "silence_rate_30dB": {"dmean": 0.0141961956397, "dmean2": 0.0283939670771, "dvar": 0.0139929028228, "dvar2": 0.0311312712729, "max": 1, "mean": 0.984141051769, "median": 1, "min": 0, "var": 0.0156038068235}, "silence_rate_60dB": {"dmean": 0.0047690346837, "dmean2": 0.00953859835863, "dvar": 0.00474643800408, "dvar2": 0.0100027453154, "max": 1, "mean": 0.0236220471561, "median": 0, "min": 0, "var": 0.0230700410903}, "spectral_centroid": {"dmean": 103.039306641, "dmean2": 166.773422241, "dvar": 23817.3105469, "dvar2": 59347.1796875, "max": 10941.6035156, "mean": 743.05078125, "median": 687.506652832, "min": 155.593353271, "var": 119535.914062}, "spectral_complexity": {"dmean": 1.72228693962, "dmean2": 2.80834078789, "dvar": 4.31594562531, "dvar2": 8.48759365082, "max": 47, "mean": 13.1660194397, "median": 14, "min": 0, "var": 26.7979450226}, "spectral_decrease": {"dmean": 1.95248373025e-09, "dmean2": 2.80734235858e-09, "dvar": 6.00932818385e-18, "dvar2": 1.26927787884e-17, "max": -2.21400223237e-30, "mean": -1.05945066053e-08, "median": -9.86249482082e-09, "min": -5.04279178415e-08, "var": 3.42524043479e-17}, "spectral_energy": {"dmean": 0.00768346898258, "dmean2": 0.0110731488094, "dvar": 8.84949913598e-05, "dvar2": 0.000187929908861, "max": 0.192546367645, "mean": 0.0420241989195, "median": 0.0394590497017, "min": 1.10817208949e-20, "var": 0.000513180566486}, "spectral_energyband_high": {"dmean": 0.000204817595659, "dmean2": 0.000334053562256, "dvar": 2.73061715461e-07, "dvar2": 7.14723967121e-07, "max": 0.0106446035206, "mean": 0.000394365924876, "median": 0.000184049713425, "min": 7.83628907067e-21, "var": 4.85643681714e-07}, "spectral_energyband_low": {"dmean": 0.0037178688217, "dmean2": 0.00486879283562, "dvar": 8.95009943633e-05, "dvar2": 0.00016274653899, "max": 0.184300601482, "mean": 0.0117874303833, "median": 0.00267427274957, "min": 9.84232279601e-23, "var": 0.000396892224671}, "spectral_energyband_middle_high": {"dmean": 0.00340445199981, "dmean2": 0.00493041053414, "dvar": 1.51120038936e-05, "dvar2": 3.03343913401e-05, "max": 0.0600947923958, "mean": 0.00948960985988, "median": 0.00809053983539, "min": 1.7874524854e-21, "var": 6.14960517851e-05}, "spectral_energyband_middle_low": {"dmean": 0.00468772649765, "dmean2": 0.00709884194657, "dvar": 3.50184309355e-05, "dvar2": 9.82396668405e-05, "max": 0.112532556057, "mean": 0.0243686642498, "median": 0.0225972384214, "min": 2.68140536469e-22, "var": 0.000184681834071}, "spectral_entropy": {"dmean": 0.182623952627, "dmean2": 0.271748512983, "dvar": 0.0569096207619, "dvar2": 0.115746594965, "max": 9.79524230957, "mean": 6.39159202576, "median": 6.7627325058, "min": 2.43453502655, "var": 1.11459875107}, "spectral_flux": {"dmean": 0.0197006911039, "dmean2": 0.0317072197795, "dvar": 0.000503636547364, "dvar2": 0.0011224988848, "max": 0.416067063808, "mean": 0.0681486353278, "median": 0.0643643960357, "min": 1.05269751249e-10, "var": 0.00141564046498}, "spectral_kurtosis": {"dmean": 7.86053705215, "dmean2": 12.9424209595, "dvar": 190.34513855, "dvar2": 510.255981445, "max": 259.580230713, "mean": 26.5174312592, "median": 8.29242897034, "min": -1.19396424294, "var": 1391.9552002}, "spectral_rms": {"dmean": 0.000564983056393, "dmean2": 0.000811978301499, "dvar": 3.35130152962e-07, "dvar2": 7.27218832708e-07, "max": 0.0137058421969, "mean": 0.00613605929539, "median": 0.00620456505567, "min": 3.28807467365e-12, "var": 3.34797732648e-06}, "spectral_rolloff": {"dmean": 162.628143311, "dmean2": 286.34954834, "dvar": 136833.1875, "dvar2": 289565.6875, "max": 19035.3515625, "mean": 912.78894043, "median": 882.861328125, "min": 21.533203125, "var": 305338.875}, "spectral_skewness": {"dmean": 0.527293026447, "dmean2": 0.858626961708, "dvar": 0.531040251255, "dvar2": 1.39996540546, "max": 14.6445093155, "mean": 3.43122649193, "median": 2.3532102108, "min": -0.00378388119861, "var": 5.54266166687}, "spectral_spread": {"dmean": 516001.5625, "dmean2": 801908, "dvar": 598704848896, "dvar2": 1281061683200.0, "max": 40882776, "mean": 3457071.5, "median": 3556753, "min": 452948.5, "var": 3220800536580.0}, "spectral_strongpeak": {"dmean": 0.691529154778, "dmean2": 1.15869629383, "dvar": 1.42345130444, "dvar2": 3.36342978477, "max": 16.9160690308, "mean": 1.64723813534, "median": 1.11080503464, "min": 0, "var": 2.25655245781}, "zerocrossingrate": {"dmean": 0.00498093990609, "dmean2": 0.00616725860164, "dvar": 5.59673571843e-05, "dvar2": 6.54359464534e-05, "max": 0.505859375, "mean": 0.0386824943125, "median": 0.037109375, "min": 0.0009765625, "var": 0.000390646979213}, "barkbands": {"dmean": [0.00016348947247, 0.00278874323703, 0.000898299622349, 0.00195399369113, 0.00158582336735, 0.00227108900435, 0.000518528686371, 0.00062941305805, 0.00078620685963, 0.0018928879872, 0.000808131066151, 0.000798964931164, 0.000877049693372, 4.90610145789e-05, 0.000607705791481, 8.44231472001e-05, 0.000171385589056, 5.14357634529e-05, 8.80637744558e-05, 3.77940305043e-05, 3.21589250234e-05, 5.45811672055e-05, 7.19768577255e-05, 4.25127836934e-05, 1.77444690053e-05, 9.35604020924e-06, 2.23841925617e-06], "dmean2": [0.000221081194468, 0.00357378693298, 0.00148121884558, 0.00310093979351, 0.00235840398818, 0.00345192989334, 0.000558917119633, 0.000704619742464, 0.000969908141997, 0.00249391212128, 0.0011684774654, 0.00126357190311, 0.00138735328801, 8.05244490039e-05, 0.00100085744634, 0.000142826567753, 0.000290719734039, 8.66066766321e-05, 0.000151606844156, 6.32455412415e-05, 5.27473712282e-05, 9.67223677435e-05, 0.000117582632811, 6.62665479467e-05, 2.95119480143e-05, 1.52650027303e-05, 3.28282317241e-06], "dvar": [2.64315929144e-07, 9.11787647055e-05, 1.77597139555e-05, 1.26171162265e-05, 6.66604864819e-06, 1.85637200047e-05, 9.55311406869e-07, 1.44680177527e-06, 1.80755034762e-06, 1.01869845821e-05, 2.74630951935e-06, 3.91563025914e-06, 3.11902863359e-06, 1.69931180238e-08, 3.60322405868e-06, 3.63191503538e-08, 1.2570023955e-07, 1.63284408217e-08, 6.66461161813e-08, 1.26940804535e-08, 2.04848280561e-08, 6.60828476384e-08, 8.30086079873e-08, 5.5858656367e-08, 4.28057500557e-09, 1.54459733892e-09, 1.26642529796e-10], "dvar2": [5.35813001079e-07, 0.000169269202161, 4.86791868752e-05, 3.44497639162e-05, 1.88905760297e-05, 5.57003950235e-05, 1.0235589798e-06, 1.63373147188e-06, 2.58787531493e-06, 1.68674669112e-05, 5.54265352548e-06, 9.12295126909e-06, 7.27691667635e-06, 4.41445600075e-08, 8.87320311449e-06, 9.9119837671e-08, 3.42607506809e-07, 4.33150013635e-08, 1.9091453396e-07, 3.68346313451e-08, 6.14006054889e-08, 1.98237117388e-07, 2.17288658177e-07, 1.31712994289e-07, 1.14583569299e-08, 4.15045908753e-09, 3.03816527492e-10], "max": [0.0131689347327, 0.166066050529, 0.0908626019955, 0.077727034688, 0.0589223355055, 0.101781867445, 0.0300479177386, 0.0413340963423, 0.0414624400437, 0.0588034763932, 0.0341205559671, 0.0411137156188, 0.0299004744738, 0.00456696050242, 0.0562277473509, 0.00390005414374, 0.00653814338148, 0.00298438733444, 0.00565332686529, 0.00745144672692, 0.00652766367421, 0.0106006972492, 0.00831492524594, 0.00992045085877, 0.00112009595614, 0.00301099289209, 0.00091088708723], "mean": [0.000413672241848, 0.00526442937553, 0.00215495959856, 0.00654580444098, 0.00579933170229, 0.00669083278626, 0.00179153238423, 0.00151963322423, 0.00189269566908, 0.00384246278554, 0.00150001293514, 0.00129995634779, 0.00140498147812, 7.3229726695e-05, 0.000842501758598, 0.000127169390908, 0.000235999963479, 7.63491698308e-05, 0.000129206848214, 6.2809085648e-05, 5.63532594242e-05, 7.81336784712e-05, 0.000109445958515, 6.76325362292e-05, 2.50391440204e-05, 1.52860538947e-05, 4.5837568905e-06], "median": [5.85939119446e-07, 2.01456259674e-06, 0.000369523651898, 0.0022122641094, 0.00410413742065, 0.00354679743759, 0.000620069447905, 0.00041568436427, 0.000794974737801, 0.00106411753222, 0.0002424857812, 0.000369626941392, 0.000345097651007, 3.99199052481e-05, 0.00017099417164, 4.67703903269e-05, 6.20772480033e-05, 2.53379257629e-05, 4.04318525398e-05, 2.88469345833e-05, 1.90835180547e-05, 2.40490644501e-05, 1.95425054699e-05, 1.89115180547e-05, 6.14250620856e-06, 2.69111433226e-06, 7.09237838237e-07], "min": [1.2911568848e-23, 4.87983486845e-23, 2.90767724114e-23, 8.42476231075e-24, 8.19169509179e-23, 3.70735595373e-23, 7.38819355926e-23, 3.11879913857e-23, 1.87916354836e-23, 6.86443030787e-23, 8.70386587441e-23, 1.47172175019e-22, 6.80282973751e-23, 5.45730692571e-23, 1.43565730152e-22, 1.75339772616e-22, 2.18304671611e-22, 2.42256912074e-22, 3.7691486275e-22, 3.7636076685e-22, 6.17228602155e-22, 4.85184595731e-22, 6.5633686747e-22, 9.56856723597e-22, 1.00064489045e-21, 1.72544564536e-21, 2.37799582902e-21], "var": [1.35516177124e-06, 0.000236635343754, 2.14090850932e-05, 7.68647369114e-05, 3.31112023559e-05, 8.77379497979e-05, 1.00064862636e-05, 7.55179326006e-06, 8.3462737166e-06, 3.76678872271e-05, 8.16330611997e-06, 8.0815043475e-06, 6.44306646791e-06, 2.27407817022e-08, 5.46063620277e-06, 5.73423832861e-08, 1.77204910301e-07, 2.6084343574e-08, 9.1645098621e-08, 1.84816286719e-08, 2.85438499503e-08, 7.24666833207e-08, 1.22609421283e-07, 7.07575509296e-08, 3.87115539624e-09, 4.6387458319e-09, 6.55873355626e-10]}, "erbbands": {"dmean": [0.112178832293, 0.561887323856, 0.933524668217, 3.87805914879, 4.91966485977, 6.5923833847, 10.9539556503, 21.9548358917, 8.64190483093, 4.53924894333, 17.5918540955, 22.6816864014, 14.2447042465, 71.2223129272, 34.9248390198, 42.0204849243, 42.0128173828, 8.10418224335, 35.8499183655, 8.49018955231, 5.17457342148, 5.99631118774, 4.62215662003, 1.64760351181, 5.28302717209, 2.08494138718, 1.54340732098, 1.20452797413, 2.0907189846, 1.90711557865, 2.1113884449, 0.666686892509, 0.820107340813, 0.256771504879, 0.106815136969, 0.055667065084, 0.0148268891498, 0.00278185051866, 0.000377963791834, 2.54193964793e-05], "dmean2": [0.140721336007, 0.762725651264, 1.47111189365, 6.15737438202, 7.57969093323, 10.0420856476, 14.3247909546, 34.9741668701, 9.65569496155, 5.48028469086, 19.5914402008, 27.8932609558, 18.5604629517, 94.5216598511, 50.5956573486, 66.5654983521, 66.5463485718, 13.1418600082, 59.0656547546, 14.1522102356, 8.77183437347, 10.1193418503, 7.79130172729, 2.77355051041, 9.09087848663, 3.49537873268, 2.53789830208, 2.01868319511, 3.75258708, 3.21263217926, 3.41977286339, 1.05840206146, 1.26571989059, 0.426279485226, 0.178811788559, 0.0941452309489, 0.0233796164393, 0.00408827885985, 0.000543740519788, 3.69942463294e-05], "dvar": [0.121976993978, 4.76160287857, 17.3952789307, 63.8984031677, 87.3651885986, 111.438102722, 164.459487915, 2409.06958008, 228.242950439, 38.4450263977, 1066.51977539, 1454.51538086, 427.907287598, 13540.3759766, 3978.98730469, 10105.0351562, 6875.62548828, 270.299530029, 13449.8730469, 327.020355225, 114.177375793, 136.544342041, 94.0326385498, 30.9277534485, 251.176147461, 32.9062538147, 40.075252533, 10.4804286957, 138.699691772, 80.1103897095, 66.0329818726, 2.90588307381, 39.838973999, 0.849225878716, 0.15955477953, 0.0894438326359, 0.00216971384361, 9.78225943982e-05, 3.69142003365e-06, 3.73309063662e-08], "dvar2": [0.218696519732, 9.41681194305, 42.7953643799, 178.978988647, 232.438659668, 323.487243652, 407.619354248, 6893.70654297, 253.967758179, 56.3309364319, 1209.77893066, 2112.99389648, 692.119750977, 22456.0136719, 8173.71337891, 23473.2382812, 15936.7080078, 677.697265625, 32944.4921875, 856.264221191, 312.216461182, 374.596069336, 253.379959106, 82.5240783691, 720.427307129, 95.9366378784, 118.859580994, 30.3275909424, 416.864349365, 214.11026001, 170.740829468, 7.12789535522, 93.8255462646, 2.26480078697, 0.431327849627, 0.244592219591, 0.00553946942091, 0.000196042266907, 8.92840580491e-06, 9.44397413605e-08], "max": [5.10482263565, 40.9251480103, 84.2347793579, 226.589691162, 158.028182983, 228.495788574, 403.710540771, 1293.78320312, 474.257385254, 483.042358398, 1134.6628418, 1128.96472168, 748.157470703, 2229.22729492, 1332.81262207, 2092.34033203, 1521.32250977, 337.352264404, 3438.78393555, 393.702758789, 220.397644043, 175.21472168, 204.783309937, 216.698898315, 371.789733887, 311.647460938, 279.27230835, 106.959236145, 494.84286499, 342.334655762, 288.092437744, 46.7103996277, 270.023620605, 15.9056978226, 5.72711229324, 26.6539115906, 1.45339548588, 0.308822154999, 0.10328643769, 0.0238214954734], "mean": [0.226644560695, 0.885155081749, 1.99650514126, 14.8643608093, 16.4475593567, 21.5884971619, 37.6441612244, 62.2009315491, 30.7568664551, 15.3977222443, 43.9261550903, 55.6996116638, 35.0149650574, 147.132247925, 71.1951141357, 69.6298675537, 69.0953369141, 14.1485500336, 48.9575271606, 13.5801105499, 8.02216529846, 8.85800647736, 7.14613246918, 2.95712256432, 7.6331486702, 3.57473611832, 2.63891339302, 2.16031217575, 2.74322557449, 2.81269884109, 3.54729795456, 1.29351007938, 1.10354864597, 0.356103003025, 0.150707930326, 0.0853308290243, 0.0258388835937, 0.00490249879658, 0.000743495183997, 9.67102532741e-05], "median": [0.000547231873497, 0.0120551735163, 0.483328998089, 5.07621097565, 11.375125885, 13.0381221771, 27.8238830566, 17.9926891327, 13.7081127167, 10.2507658005, 16.0260639191, 28.1857700348, 21.6908512115, 52.2833518982, 34.3120803833, 27.1706581116, 21.3013687134, 7.76236057281, 9.76365852356, 4.86407423019, 3.6998295784, 3.3433470726, 2.14361333847, 1.57726299763, 2.17659378052, 1.92752718925, 1.1559741497, 0.787019014359, 0.817390263081, 0.707170605659, 0.657718539238, 0.452796459198, 0.221949487925, 0.0911583453417, 0.0386610552669, 0.0146800801158, 0.00479931198061, 0.000971744535491, 0.000134827074362, 5.57159364689e-05], "min": [1.19822756186e-21, 1.22285777337e-20, 3.44409831227e-20, 3.65293233638e-20, 9.43595362401e-20, 3.89148566742e-19, 3.09846554621e-19, 2.90923376392e-19, 9.76481439842e-19, 1.02699487831e-18, 3.28760918206e-19, 4.34924948635e-19, 1.48674196616e-18, 1.77914948552e-18, 6.30779231966e-18, 4.93287048985e-18, 3.04444176002e-18, 3.40264012337e-18, 5.65042196069e-18, 7.02682320302e-18, 1.10658046862e-17, 1.19508887688e-17, 1.14217967521e-17, 1.53332418741e-17, 2.52237842101e-17, 1.8940492153e-17, 2.19636536578e-17, 2.03765455252e-17, 1.25136098134e-17, 1.95981057031e-17, 2.07498256659e-17, 2.4706703683e-17, 1.23282535274e-17, 9.18688708588e-18, 7.93762267652e-18, 4.73605609799e-18, 3.60887817037e-18, 1.37432584617e-18, 3.13150339837e-19, 3.83492467272e-20], "var": [0.39965569973, 8.7142457962, 20.9171276093, 444.559051514, 315.03527832, 588.493591309, 1237.33312988, 12851.8037109, 2346.65698242, 332.105865479, 5485.58251953, 6398.00488281, 1840.79699707, 49646.1132812, 11847.2705078, 20067.9550781, 14114.8837891, 493.21786499, 20277.2148438, 551.255493164, 165.087417603, 204.628768921, 153.676834106, 59.9683227539, 314.406433105, 48.2625694275, 53.8508872986, 18.8675937653, 142.928024292, 96.6203918457, 120.822311401, 6.16830968857, 48.3268051147, 0.778625547886, 0.140566781163, 0.304079890251, 0.0052051958628, 0.000176541492692, 1.27272514874e-05, 2.89441658197e-07]}, "gfcc": {"mean": [-41.5572967529, 119.523124695, -109.545639038, -17.5177688599, -70.6740112305, -1.85938370228, -43.1300354004, -15.7819566727, -33.6094436646, -14.2445878983, -16.917016983, -3.08431220055, -10.7581787109], "cov": [[13501.7148438, -1567.18786621, -2460.04736328, 2663.25170898, 867.412353516, 2019.49560547, -39.9537696838, 156.565917969, -387.396057129, -40.6596603394, -351.148071289, -331.971801758, -628.66595459], [-1567.18786621, 2308.30078125, 267.653778076, -730.787963867, 469.511962891, -274.569732666, 306.957824707, -101.082168579, 155.567718506, -199.034454346, 124.15171051, -54.3620262146, 117.385253906], [-2460.04736328, 267.653778076, 1895.94763184, 130.222824097, -175.085418701, -178.541473389, 151.508987427, 172.066482544, 291.89453125, 221.851806641, 141.683242798, 129.338424683, 128.274917603], [2663.25170898, -730.787963867, 130.222824097, 1474.71350098, 301.713043213, 662.058105469, 71.6757125854, 141.037704468, 110.368148804, 175.438522339, -10.6489305496, -45.7867584229, -218.638442993], [867.412353516, 469.511962891, -175.085418701, 301.713043213, 675.789855957, 310.714599609, 135.347198486, 50.8872489929, 25.4815807343, 25.2970352173, 31.8492107391, -87.4457092285, -83.3910140991], [2019.49560547, -274.569732666, -178.541473389, 662.058105469, 310.714599609, 753.442871094, 220.283355713, 126.887245178, 61.2254753113, 14.138876915, -35.8657341003, -30.194103241, -115.127357483], [-39.9537696838, 306.957824707, 151.508987427, 71.6757125854, 135.347198486, 220.283355713, 365.355987549, 135.024642944, 87.8740539551, 10.8028202057, -3.5948882103, 41.0744056702, 52.712059021], [156.565917969, -101.082168579, 172.066482544, 141.037704468, 50.8872489929, 126.887245178, 135.024642944, 267.837005615, 37.5775680542, 80.5423355103, 35.7751083374, -5.70947647095, 83.220703125], [-387.396057129, 155.567718506, 291.89453125, 110.368148804, 25.4815807343, 61.2254753113, 87.8740539551, 37.5775680542, 216.705688477, 70.7034988403, 67.3223571777, 63.0225486755, 14.3272619247], [-40.6596603394, -199.034454346, 221.851806641, 175.438522339, 25.2970352173, 14.138876915, 10.8028202057, 80.5423355103, 70.7034988403, 226.5574646, 92.4307327271, 43.7075767517, 33.4572639465], [-351.148071289, 124.15171051, 141.683242798, -10.6489305496, 31.8492107391, -35.8657341003, -3.5948882103, 35.7751083374, 67.3223571777, 92.4307327271, 193.527145386, 53.4203529358, 53.1786956787], [-331.971801758, -54.3620262146, 129.338424683, -45.7867584229, -87.4457092285, -30.194103241, 41.0744056702, -5.70947647095, 63.0225486755, 43.7075767517, 53.4203529358, 164.727340698, 52.6965484619], [-628.66595459, 117.385253906, 128.274917603, -218.638442993, -83.3910140991, -115.127357483, 52.712059021, 83.220703125, 14.3272619247, 33.4572639465, 53.1786956787, 52.6965484619, 207.159103394]], "icov": [[0.000338460522471, -0.000418733980041, 0.000415914226323, -0.000551935867406, 0.000406584673328, -0.000780991162173, 0.000677595671732, -0.000451863190392, 0.000727912643924, -0.000533429847565, 0.000497113273013, -0.000401660683565, 0.000173458058271], [-0.000418733980041, 0.00235424446873, -0.000808004406281, 0.00123278936371, -0.00216715806164, 0.00206047249958, -0.00272610061802, 0.00190740136895, -0.0022867214866, 0.00270125316456, -0.00208526826464, 0.00199027126655, -0.00085229112301], [0.000415914226323, -0.000808004406281, 0.0014035346685, -0.000978096970357, 0.000979405362159, -0.000605642271694, 0.000764799129684, -0.00107732659671, 0.00022513953445, -0.00126932153944, 0.0007782036555, -0.000714668654837, 0.000285961286863], [-0.000551935867406, 0.00123278936371, -0.000978096970357, 0.00273981271312, -0.00126313150395, 0.000239622590016, -0.000951890833676, 0.000631429255009, -0.0018110453384, 0.00036077335244, -0.000856576720253, 0.00109300832264, 0.000745857774746], [0.000406584673328, -0.00216715806164, 0.000979405362159, -0.00126313150395, 0.00428610946983, -0.00241287332028, 0.00155168329366, -0.00143138528802, 0.00207559810951, -0.00282197748311, 0.000855738064274, -0.000347860972397, 0.00126792350784], [-0.000780991162173, 0.00206047249958, -0.000605642271694, 0.000239622590016, -0.00241287332028, 0.00604166230187, -0.00430999929085, 0.000998350558802, -0.0029065979179, 0.0032505763229, -0.00197438662872, 0.00148075830657, -2.15552518057e-05], [0.000677595671732, -0.00272610061802, 0.000764799129684, -0.000951890833676, 0.00155168329366, -0.00430999929085, 0.00869635213166, -0.00416739098728, 0.0015762251569, -0.00247633457184, 0.00393765605986, -0.00393125182018, 9.36549113248e-05], [-0.000451863190392, 0.00190740136895, -0.00107732659671, 0.000631429255009, -0.00143138528802, 0.000998350558802, -0.00416739098728, 0.00859255716205, -0.00130042491946, 0.000572237418965, -0.00226606777869, 0.00383756658994, -0.00392833910882], [0.000727912643924, -0.0022867214866, 0.00022513953445, -0.0018110453384, 0.00207559810951, -0.0029065979179, 0.0015762251569, -0.00130042491946, 0.0101639451459, -0.00327881937847, 0.000522714864928, -0.00346290296875, 0.00136878096964], [-0.000533429847565, 0.00270125316456, -0.00126932153944, 0.00036077335244, -0.00282197748311, 0.0032505763229, -0.00247633457184, 0.000572237418965, -0.00327881937847, 0.0106163369492, -0.00465562846512, 0.00106808112469, -0.00147636805195], [0.000497113273013, -0.00208526826464, 0.0007782036555, -0.000856576720253, 0.000855738064274, -0.00197438662872, 0.00393765605986, -0.00226606777869, 0.000522714864928, -0.00465562846512, 0.00992272701114, -0.00353495194577, -0.000472353567602], [-0.000401660683565, 0.00199027126655, -0.000714668654837, 0.00109300832264, -0.000347860972397, 0.00148075830657, -0.00393125182018, 0.00383756658994, -0.00346290296875, 0.00106808112469, -0.00353495194577, 0.0109445042908, -0.00241862004623], [0.000173458058271, -0.00085229112301, 0.000285961286863, 0.000745857774746, 0.00126792350784, -2.15552518057e-05, 9.36549113248e-05, -0.00392833910882, 0.00136878096964, -0.00147636805195, -0.000472353567602, -0.00241862004623, 0.00937962997705]]}, "melbands": {"dmean": [0.000848244875669, 0.000504338531755, 0.000699056370649, 0.000394493690692, 0.000357507960871, 0.00045569910435, 0.000123778285342, 5.42707493878e-05, 0.00014776639, 0.000133965149871, 7.96197564341e-05, 0.000312626187224, 0.000117345902254, 0.000104259968793, 9.22636245377e-05, 8.03839575383e-05, 7.07818026058e-06, 5.37454616278e-05, 2.4381235562e-05, 8.67720154929e-06, 6.86439534547e-06, 6.39176960249e-06, 7.94176867203e-06, 2.09224344871e-06, 1.03336367374e-06, 4.92326853418e-06, 1.59774458552e-06, 1.50368930463e-06, 9.85602810033e-07, 8.61160685872e-07, 8.42772067244e-07, 1.06013442291e-06, 1.26979136894e-06, 1.21436437439e-06, 1.76873652435e-06, 3.40931649134e-07, 3.56377881872e-07, 8.05002798643e-07, 2.57374466628e-07, 2.07729854651e-07], "dmean2": [0.00107832660433, 0.000709262560122, 0.00109895830974, 0.00058911315864, 0.00049102504272, 0.000720193318557, 0.000133102745167, 6.5370775701e-05, 0.00016671368212, 0.00016531314759, 0.000104156410089, 0.000413883535657, 0.000169706356246, 0.0001624544675, 0.000146159320138, 0.000128303465317, 1.16850815175e-05, 8.85249828571e-05, 4.03241610911e-05, 1.47101545735e-05, 1.16622122732e-05, 1.07971163743e-05, 1.34877700475e-05, 3.52594065589e-06, 1.72789191311e-06, 8.54246627569e-06, 2.68828716798e-06, 2.5451233796e-06, 1.62654646374e-06, 1.43433135236e-06, 1.43699458022e-06, 1.88590342987e-06, 2.29542683883e-06, 2.01620468943e-06, 2.87048192149e-06, 5.44081558473e-07, 5.68435325476e-07, 1.23351901493e-06, 4.34181231412e-07, 3.48536588035e-07], "dvar": [7.59599697631e-06, 3.957883564e-06, 1.85197689007e-06, 4.29566256344e-07, 1.75304606387e-07, 9.60995066634e-07, 5.18877065758e-08, 5.21874987669e-09, 6.1167554577e-08, 5.54590826596e-08, 1.43069058822e-08, 2.70764246579e-07, 5.57648363042e-08, 5.08003061839e-08, 2.60952877085e-08, 3.30279412708e-08, 2.72511568866e-10, 2.99194091724e-08, 5.10767961259e-09, 4.10455197608e-10, 3.00522967622e-10, 1.95692947957e-10, 3.13069126179e-10, 2.56997166603e-11, 2.41758470881e-11, 2.33484259704e-10, 1.49206411115e-11, 2.14692864181e-11, 8.52564720211e-12, 3.79977507792e-11, 4.2636749166e-12, 2.52530531208e-11, 5.11484604671e-11, 6.20841086874e-11, 5.42854754204e-11, 7.55141554756e-13, 7.2975674982e-13, 5.38925779003e-11, 1.0012757767e-12, 5.39555433752e-13], "dvar2": [1.34859737955e-05, 7.94409424998e-06, 4.97031714985e-06, 1.20982610952e-06, 4.74310411391e-07, 2.79804157799e-06, 5.52428005562e-08, 7.31421190281e-09, 7.07148899437e-08, 7.99501833626e-08, 2.35061694553e-08, 4.48602321512e-07, 1.12681199482e-07, 1.18238844493e-07, 5.9173466127e-08, 7.98218522391e-08, 7.25554782921e-10, 7.31300886514e-08, 1.28759811702e-08, 1.12369447081e-09, 8.19242396144e-10, 5.33381117052e-10, 8.65356897251e-10, 6.84748924229e-11, 6.41725700357e-11, 6.71342426095e-10, 4.15562549649e-11, 6.42452410715e-11, 2.39206727343e-11, 1.17019532953e-10, 1.25981829135e-11, 7.57079468561e-11, 1.5409749865e-10, 1.64816493786e-10, 1.40555678207e-10, 1.8946018799e-12, 1.78276241426e-12, 1.27867064159e-10, 2.70719210937e-12, 1.46136488327e-12], "max": [0.0472012236714, 0.0404243841767, 0.0343642197549, 0.016495205462, 0.0111962053925, 0.0249115098268, 0.00710033066571, 0.00608167657629, 0.0085872169584, 0.00605111429468, 0.00370129966177, 0.00982935354114, 0.0052344314754, 0.00460139010102, 0.00273143872619, 0.00351093686186, 0.000562855391763, 0.00510052451864, 0.00210646749474, 0.00039079101407, 0.000397800700739, 0.00028482961352, 0.000321072031511, 0.000109350832645, 0.000201938135433, 0.0003470419324, 0.000135533380671, 0.000309966300847, 0.000165539240697, 0.000294092751574, 4.47007078037e-05, 0.00020763152861, 0.000298301194562, 0.000317547470331, 0.000265546870651, 1.97982080863e-05, 1.92807437998e-05, 0.000314788077958, 2.48713186011e-05, 1.33904986797e-05], "mean": [0.00168906443287, 0.00104925734922, 0.00250936951488, 0.00141338643152, 0.00123265362345, 0.00129090249538, 0.000440059026005, 0.000167117235833, 0.000366931111785, 0.000319279497489, 0.000180601346074, 0.000636520853732, 0.000224681265536, 0.000177486319444, 0.000149117171532, 0.000126516912133, 1.05068666016e-05, 7.32410189812e-05, 3.45677945006e-05, 1.31812103064e-05, 9.51728361542e-06, 8.79218623595e-06, 1.16265955512e-05, 3.07745517603e-06, 1.67150335528e-06, 6.87830879542e-06, 2.53124562732e-06, 2.38745474235e-06, 1.6209334035e-06, 1.33018545512e-06, 1.43230431604e-06, 1.39258702347e-06, 1.59733383498e-06, 1.64370248967e-06, 2.87220905193e-06, 6.33953845863e-07, 6.72343333008e-07, 1.01382067896e-06, 3.42564391076e-07, 2.87872381932e-07], "median": [4.84517272525e-07, 0.000111722227302, 0.000914048170671, 0.000951812311541, 0.000953484559432, 0.000450410996564, 0.000181359529961, 0.00011684113997, 0.00015431229258, 0.000130862448714, 9.84178477665e-05, 0.000198860972887, 6.35565229459e-05, 6.26817345619e-05, 6.34834577795e-05, 3.11833136948e-05, 5.43721898794e-06, 1.42425633385e-05, 7.79431593401e-06, 3.58782972398e-06, 2.7009182304e-06, 2.38717666434e-06, 2.10697976399e-06, 9.84559846984e-07, 6.42977568077e-07, 1.6559914684e-06, 9.44053795138e-07, 1.02286230685e-06, 6.75429078001e-07, 3.54194980901e-07, 3.62308298918e-07, 4.36830418948e-07, 3.65506650724e-07, 2.99207158605e-07, 3.82407762345e-07, 1.9959136921e-07, 2.29295068266e-07, 1.36867313927e-07, 9.84772015045e-08, 5.8682054771e-08], "min": [1.43363131739e-23, 1.76820884209e-23, 5.66649003969e-24, 1.96797540233e-23, 1.20502305582e-23, 6.75928288004e-24, 1.49610988995e-23, 1.08295369383e-23, 2.1885606724e-24, 3.04479937082e-24, 7.92440598237e-24, 7.01413780611e-24, 1.56150709008e-23, 2.12770206515e-23, 7.63908130384e-24, 5.83501952247e-24, 6.14783403139e-24, 8.40045198423e-24, 9.16250818475e-24, 1.13992372957e-23, 1.2144149971e-23, 1.17609757746e-23, 1.17740487776e-23, 9.9855725211e-24, 1.17416407939e-23, 1.84140219677e-23, 1.6780149038e-23, 1.09553768187e-23, 9.53659154804e-24, 2.08490399446e-23, 7.92117796354e-24, 4.54641128948e-24, 1.35806617351e-23, 9.30437929653e-24, 1.1271498627e-23, 1.38779928766e-23, 1.60200421128e-23, 8.37107164868e-24, 6.71168537961e-24, 8.35581902308e-24], "var": [2.28339340538e-05, 7.03141949998e-06, 1.06277575469e-05, 2.38599500335e-06, 1.08284757516e-06, 4.91018727189e-06, 5.37383243682e-07, 3.81640141711e-08, 3.19796185977e-07, 2.52405897072e-07, 5.66128228741e-08, 9.96708422463e-07, 1.62333435583e-07, 1.07140799344e-07, 5.33083408527e-08, 6.41460928819e-08, 3.67995967032e-10, 4.54590853849e-08, 7.70436159314e-09, 6.69420019417e-10, 4.04077521443e-10, 2.69892136417e-10, 4.88788620689e-10, 4.00642088949e-11, 4.78382576607e-11, 2.95276775253e-10, 2.18988004813e-11, 3.0031640369e-11, 1.26107136886e-11, 4.8687161941e-11, 8.42430205455e-12, 2.64737294586e-11, 5.31744440146e-11, 6.9905491118e-11, 9.56643375627e-11, 1.62073241113e-12, 1.57246839248e-12, 6.42817396534e-11, 1.09868895665e-12, 4.95732849302e-13]}, "mfcc": {"mean": [-699.27923584, 162.27053833, 1.61715400219, -12.7145195007, -15.9180107117, -6.03736019135, -13.7556238174, -9.830909729, -18.3467350006, -13.8225822449, -17.939655304, -12.8640956879, -7.46291828156], "cov": [[13632.3154297, -2163.75439453, -1360.5144043, 395.785217285, 776.714660645, 1611.95166016, 1114.40100098, 799.659729004, 273.411224365, 287.185058594, -184.753463745, 112.823432922, -43.2627334595], [-2163.75439453, 2924.48364258, -154.474258423, -451.629486084, 11.9986925125, -143.419845581, 78.3344192505, 83.0698471069, 35.875869751, -55.876411438, 47.1055755615, -123.81085968, -16.8491611481], [-1360.5144043, -154.474258423, 1138.79956055, 449.769775391, 75.9740371704, 54.2462539673, -28.8948307037, 31.4052639008, 148.307327271, 149.964019775, 186.199874878, 134.433944702, 137.475646973], [395.785217285, -451.629486084, 449.769775391, 632.73614502, 290.866790771, 250.293457031, 95.7389221191, 46.8819160461, 103.354988098, 134.626586914, 164.164627075, 161.282958984, 119.571243286], [776.714660645, 11.9986925125, 75.9740371704, 290.866790771, 466.671203613, 316.295806885, 195.974212646, 76.2396469116, 59.1487197876, 111.737426758, 99.6767272949, 120.553665161, 49.9586677551], [1611.95166016, -143.419845581, 54.2462539673, 250.293457031, 316.295806885, 596.247131348, 281.227783203, 249.892608643, 126.17490387, 112.335395813, 113.284011841, 81.8487167358, 79.0637588501], [1114.40100098, 78.3344192505, -28.8948307037, 95.7389221191, 195.974212646, 281.227783203, 397.464782715, 221.255905151, 188.795562744, 125.135543823, 50.4074554443, 88.2383117676, 36.4388275146], [799.659729004, 83.0698471069, 31.4052639008, 46.8819160461, 76.2396469116, 249.892608643, 221.255905151, 318.536407471, 173.557785034, 93.2052383423, 46.5457420349, 25.7474555969, 51.3161048889], [273.411224365, 35.875869751, 148.307327271, 103.354988098, 59.1487197876, 126.17490387, 188.795562744, 173.557785034, 286.048553467, 119.90612793, 72.589630127, 60.649143219, 38.1029243469], [287.185058594, -55.876411438, 149.964019775, 134.626586914, 111.737426758, 112.335395813, 125.135543823, 93.2052383423, 119.90612793, 204.771316528, 73.5649490356, 70.4051818848, 67.9992141724], [-184.753463745, 47.1055755615, 186.199874878, 164.164627075, 99.6767272949, 113.284011841, 50.4074554443, 46.5457420349, 72.589630127, 73.5649490356, 189.719604492, 77.0420532227, 83.441696167], [112.823432922, -123.81085968, 134.433944702, 161.282958984, 120.553665161, 81.8487167358, 88.2383117676, 25.7474555969, 60.649143219, 70.4051818848, 77.0420532227, 193.090286255, 76.2583465576], [-43.2627334595, -16.8491611481, 137.475646973, 119.571243286, 49.9586677551, 79.0637588501, 36.4388275146, 51.3161048889, 38.1029243469, 67.9992141724, 83.441696167, 76.2583465576, 163.541641235]], "icov": [[0.000203307994525, 0.0001318500872, 0.000265884300461, -0.000113148242235, 2.03459130717e-05, -0.000392377754906, -0.000250513636274, -0.000135393129312, 7.21565156709e-05, -0.000140636446304, 0.000302750850096, 3.84604063584e-05, 7.7627824794e-05], [0.0001318500872, 0.000574933423195, 5.46673691133e-05, 0.000526603194885, -0.000514129467774, 0.000111904839287, -0.000365529005649, -0.000283476430923, -1.24563312056e-05, 0.000191730257939, -0.000317667756462, 0.000421954289777, -0.000175003850018], [0.000265884300461, 5.46673691133e-05, 0.00189898279496, -0.00130483449902, 0.000509576930199, -0.000393775117118, 0.000353197188815, -0.000275145052001, -0.000421627541073, -0.000708163424861, -1.20741624414e-05, -0.000225026349653, -2.02209030249e-05], [-0.000113148242235, 0.000526603194885, -0.00130483449902, 0.00451887724921, -0.00208880123682, -0.000188704565517, 0.000403238111176, 0.000594733224716, -0.000614930875599, 0.000242025271291, -0.00122345297132, -0.000403087295126, -0.000875053345226], [2.03459130717e-05, -0.000514129467774, 0.000509576930199, -0.00208880123682, 0.00557497143745, -0.00223580328748, -0.00117107375991, 0.00131109950598, 0.00107933941763, -0.00143129134085, 1.52226111823e-05, -0.00145876628812, 0.0012947297655], [-0.000392377754906, 0.000111904839287, -0.000393775117118, -0.000188704565517, -0.00223580328748, 0.0055121909827, -0.000852068595123, -0.00255650258623, 0.000711561588105, 0.00103671860415, -0.00187579949852, 0.000942846236285, -0.000692539091688], [-0.000250513636274, -0.000365529005649, 0.000353197188815, 0.000403238111176, -0.00117107375991, -0.000852068595123, 0.00722197256982, -0.00181505945511, -0.00247806450352, -0.00107752811164, 0.000699192925822, -0.00199439330027, 0.000633025425486], [-0.000135393129312, -0.000283476430923, -0.000275145052001, 0.000594733224716, 0.00131109950598, -0.00255650258623, -0.00181505945511, 0.00816284865141, -0.0027767191641, -0.000392477202695, 0.000470205472084, 0.0010156998178, -0.0014934616629], [7.21565156709e-05, -1.24563312056e-05, -0.000421627541073, -0.000614930875599, 0.00107933941763, 0.000711561588105, -0.00247806450352, -0.0027767191641, 0.00770833296701, -0.00197037262842, -0.00126418028958, -0.00049490830861, 0.00147063739132], [-0.000140636446304, 0.000191730257939, -0.000708163424861, 0.000242025271291, -0.00143129134085, 0.00103671860415, -0.00107752811164, -0.000392477202695, -0.00197037262842, 0.00866318121552, -0.000955457158852, 0.000132934001158, -0.00201734551229], [0.000302750850096, -0.000317667756462, -1.20741624414e-05, -0.00122345297132, 1.52226111823e-05, -0.00187579949852, 0.000699192925822, 0.000470205472084, -0.00126418028958, -0.000955457158852, 0.00986182130873, -0.00126832188107, -0.00219755782746], [3.84604063584e-05, 0.000421954289777, -0.000225026349653, -0.000403087295126, -0.00145876628812, 0.000942846236285, -0.00199439330027, 0.0010156998178, -0.00049490830861, 0.000132934001158, -0.00126832188107, 0.00892730988562, -0.00280259805731], [7.7627824794e-05, -0.000175003850018, -2.02209030249e-05, -0.000875053345226, 0.0012947297655, -0.000692539091688, 0.000633025425486, -0.0014934616629, 0.00147063739132, -0.00201734551229, -0.00219755782746, -0.00280259805731, 0.00996502302587]]}, "spectral_contrast_coeffs": {"dmean": [0.0421034283936, 0.0396987497807, 0.0391252189875, 0.0338005758822, 0.024231530726, 0.0169700775295], "dmean2": [0.068144954741, 0.062456227839, 0.0599858723581, 0.0549483895302, 0.0400046259165, 0.0278118886054], "dvar": [0.00157431140542, 0.00124698737636, 0.00104912009556, 0.000775386637542, 0.000473365886137, 0.000403222366003], "dvar2": [0.00392494164407, 0.00316664902493, 0.00246911961585, 0.00197437079623, 0.00121389376, 0.000917753903195], "max": [-0.166717022657, -0.194159537554, -0.407915651798, -0.481055855751, -0.547277390957, -0.500594615936], "mean": [-0.436866760254, -0.588041543961, -0.645239531994, -0.708508253098, -0.763606131077, -0.785918831825], "median": [-0.385111600161, -0.599050521851, -0.642088651657, -0.696783363819, -0.757212042809, -0.779059112072], "min": [-0.970879137516, -0.968957364559, -0.973431050777, -0.971550762653, -0.956429898739, -0.961059510708], "var": [0.0252096224576, 0.0102927163243, 0.00650224555284, 0.00593863427639, 0.00365510350093, 0.00355361658148]}, "spectral_contrast_valleys": {"dmean": [0.461163550615, 0.326839447021, 0.280556201935, 0.253510653973, 0.233613938093, 0.263080626726], "dmean2": [0.75565379858, 0.520205318928, 0.456878900528, 0.413261055946, 0.356800913811, 0.386223107576], "dvar": [0.185057982802, 0.133426472545, 0.0808965265751, 0.0814989358187, 0.118213355541, 0.162216082215], "dvar2": [0.456065565348, 0.307516872883, 0.195186063647, 0.174761459231, 0.221220612526, 0.305723160505], "max": [-5.24956989288, -5.23601436615, -5.5232