{"lowlevel": {"average_loudness": 0.974179625511, "barkbands_crest": {"dmean": 2.83654117584, "dmean2": 4.58576965332, "dvar": 6.14062023163, "dvar2": 15.2575216293, "max": 26.1199684143, "mean": 13.4267292023, "median": 12.0908432007, "min": 3.17014288902, "var": 31.1052932739}, "barkbands_flatness_db": {"dmean": 0.0457534231246, "dmean2": 0.0696416348219, "dvar": 0.00190340110566, "dvar2": 0.00417553354055, "max": 0.630950689316, "mean": 0.226834073663, "median": 0.212764516473, "min": 0.045046210289, "var": 0.00930396653712}, "barkbands_kurtosis": {"dmean": 8.98164558411, "dmean2": 14.595618248, "dvar": 331.932037354, "dvar2": 838.100036621, "max": 351.190307617, "mean": 13.1695394516, "median": 5.34685897827, "min": -1.77811682224, "var": 625.430236816}, "barkbands_skewness": {"dmean": 0.980583548546, "dmean2": 1.55238771439, "dvar": 1.03367245197, "dvar2": 2.61632633209, "max": 15.6492404938, "mean": 2.32748603821, "median": 1.93921363354, "min": -2.19877147675, "var": 3.39372205734}, "barkbands_spread": {"dmean": 5.1186504364, "dmean2": 8.49558639526, "dvar": 42.119228363, "dvar2": 108.479255676, "max": 62.1343765259, "mean": 10.5588207245, "median": 8.82689571381, "min": 0.158864617348, "var": 60.9636955261}, "dissonance": {"dmean": 0.037452429533, "dmean2": 0.0591837912798, "dvar": 0.00119511596859, "dvar2": 0.00272420467809, "max": 0.499994933605, "mean": 0.416917771101, "median": 0.433595478535, "min": 0.104796662927, "var": 0.00395342847332}, "dynamic_complexity": 2.74140119553, "erbbands_crest": {"dmean": 3.79429650307, "dmean2": 5.93867206573, "dvar": 12.9337673187, "dvar2": 28.6921615601, "max": 32.6373138428, "mean": 13.0673236847, "median": 11.8808174133, "min": 2.78259396553, "var": 38.6915054321}, "erbbands_flatness_db": {"dmean": 0.0343744009733, "dmean2": 0.0496692843735, "dvar": 0.000911284121685, "dvar2": 0.00192174641415, "max": 0.399910002947, "mean": 0.189514279366, "median": 0.181914359331, "min": 0.0479411259294, "var": 0.00396899599582}, "erbbands_kurtosis": {"dmean": 3.40597558022, "dmean2": 5.02216339111, "dvar": 29.2138748169, "dvar2": 60.113407135, "max": 101.394081116, "mean": 4.73337602615, "median": 2.04265403748, "min": -1.84339773655, "var": 69.141960144}, "erbbands_skewness": {"dmean": 0.64066952467, "dmean2": 0.962021589279, "dvar": 0.437434971333, "dvar2": 1.0540356636, "max": 7.5512638092, "mean": 1.04220604897, "median": 0.911800801754, "min": -3.24804544449, "var": 1.09453046322}, "erbbands_spread": {"dmean": 11.6277570724, "dmean2": 18.3760414124, "dvar": 189.286209106, "dvar2": 459.434783936, "max": 174.988967896, "mean": 26.2302932739, "median": 22.39427948, "min": 1.01725780964, "var": 306.79486084}, "hfc": {"dmean": 8.81638813019, "dmean2": 13.1762113571, "dvar": 132.186965942, "dvar2": 303.068481445, "max": 122.082221985, "mean": 16.0804710388, "median": 11.2213029861, "min": 1.14430908626e-16, "var": 228.166152954}, "melbands_crest": {"dmean": 3.74658942223, "dmean2": 6.30015945435, "dvar": 12.7789964676, "dvar2": 34.113609314, "max": 30.455121994, "mean": 16.4862689972, "median": 17.0392398834, "min": 2.11978816986, "var": 23.2274665833}, "melbands_flatness_db": {"dmean": 0.0553143136203, "dmean2": 0.0842031463981, "dvar": 0.0030357693322, "dvar2": 0.0067597348243, "max": 0.784684360027, "mean": 0.321903526783, "median": 0.305164039135, "min": 0.004603584297, "var": 0.0130251124501}, "melbands_kurtosis": {"dmean": 13.7140026093, "dmean2": 22.4822902679, "dvar": 630.768188477, "dvar2": 1581.00195312, "max": 510.192199707, "mean": 20.0810375214, "median": 9.77113819122, "min": -1.69376003742, "var": 1090.96057129}, "melbands_skewness": {"dmean": 1.11396825314, "dmean2": 1.76018500328, "dvar": 1.40071642399, "dvar2": 3.50828003883, "max": 18.1357498169, "mean": 2.77951169014, "median": 2.50305914879, "min": -1.87613666058, "var": 3.69812011719}, "melbands_spread": {"dmean": 4.66099834442, "dmean2": 7.63286590576, "dvar": 43.9232139587, "dvar2": 111.092132568, "max": 153.96383667, "mean": 10.1938858032, "median": 8.734126091, "min": 0.330505877733, "var": 81.8442611694}, "pitch_salience": {"dmean": 0.0943169891834, "dmean2": 0.154641732574, "dvar": 0.00713900662959, "dvar2": 0.0183897614479, "max": 0.874794006348, "mean": 0.439338415861, "median": 0.440448284149, "min": 0.0967971533537, "var": 0.020539900288}, "silence_rate_20dB": {"dmean": 0, "dmean2": 0, "dvar": 0, "dvar2": 0, "max": 1, "mean": 1, "median": 1, "min": 1, "var": 0}, "silence_rate_30dB": {"dmean": 0.08652792871, "dmean2": 0.173087462783, "dvar": 0.0790383219719, "dvar2": 0.169423446059, "max": 1, "mean": 0.920970976353, "median": 1, "min": 0, "var": 0.0727855935693}, "silence_rate_60dB": {"dmean": 0.00584154808894, "dmean2": 0.0116852289066, "dvar": 0.00580763071775, "dvar2": 0.0137404082343, "max": 1, "mean": 0.0219018068165, "median": 0, "min": 0, "var": 0.0214229188859}, "spectral_centroid": {"dmean": 270.046051025, "dmean2": 451.057800293, "dvar": 155042.484375, "dvar2": 390981.875, "max": 11451.7109375, "mean": 707.937927246, "median": 607.92980957, "min": 98.2416992188, "var": 277474.4375}, "spectral_complexity": {"dmean": 4.66557121277, "dmean2": 7.3306555748, "dvar": 38.0274124146, "dvar2": 88.1891326904, "max": 52, "mean": 13.0649757385, "median": 11, "min": 0, "var": 70.6894073486}, "spectral_decrease": {"dmean": 6.33347552181e-09, "dmean2": 9.8331218723e-09, "dvar": 7.18124194152e-17, "dvar2": 1.71410140008e-16, "max": 1.03598323566e-28, "mean": -1.23792167628e-08, "median": -9.73285629868e-09, "min": -8.86208297857e-08, "var": 1.02811674615e-16}, "spectral_energy": {"dmean": 0.0245030913502, "dmean2": 0.0379223190248, "dvar": 0.00105913262814, "dvar2": 0.00251555093564, "max": 0.339006066322, "mean": 0.0481805764139, "median": 0.038017179817, "min": 1.08507751375e-20, "var": 0.00153709389269}, "spectral_energyband_high": {"dmean": 0.000494528503623, "dmean2": 0.000820961548015, "dvar": 6.36619688521e-07, "dvar2": 1.65444259892e-06, "max": 0.0108462320641, "mean": 0.000434136076365, "median": 7.502718654e-05, "min": 7.68338263418e-21, "var": 6.56556721879e-07}, "spectral_energyband_low": {"dmean": 0.0200892407447, "dmean2": 0.0329347848892, "dvar": 0.000913619762287, "dvar2": 0.00238729920238, "max": 0.298101574183, "mean": 0.0308675393462, "median": 0.0209891889244, "min": 3.39961437262e-23, "var": 0.00103572045919}, "spectral_energyband_middle_high": {"dmean": 0.00199142331257, "dmean2": 0.00321663543582, "dvar": 9.95498521661e-06, "dvar2": 2.45331848419e-05, "max": 0.0286620464176, "mean": 0.0027284368407, "median": 0.00141605827957, "min": 1.20950557174e-21, "var": 1.27451830849e-05}, "spectral_energyband_middle_low": {"dmean": 0.00821401923895, "dmean2": 0.012529399246, "dvar": 0.000167426798726, "dvar2": 0.000390079861972, "max": 0.128439441323, "mean": 0.0156884714961, "median": 0.0109199713916, "min": 2.76320456076e-22, "var": 0.000267021649051}, "spectral_entropy": {"dmean": 0.397335290909, "dmean2": 0.59940546751, "dvar": 0.172847300768, "dvar2": 0.36166241765, "max": 9.80198478699, "mean": 6.96756792068, "median": 7.06033277512, "min": 4.42268419266, "var": 0.593242228031}, "spectral_flux": {"dmean": 0.0449500828981, "dmean2": 0.0699540004134, "dvar": 0.00245771487243, "dvar2": 0.00546774547547, "max": 0.423350870609, "mean": 0.108340933919, "median": 0.0892459973693, "min": 6.74923450461e-11, "var": 0.00510055618361}, "spectral_kurtosis": {"dmean": 5.33103513718, "dmean2": 8.66451644897, "dvar": 47.2963600159, "dvar2": 119.587150574, "max": 153.760559082, "mean": 10.3075332642, "median": 6.33107280731, "min": -1.21672713757, "var": 153.554077148}, "spectral_rms": {"dmean": 0.00158889207523, "dmean2": 0.00237087020651, "dvar": 2.84372504211e-06, "dvar2": 6.33829949948e-06, "max": 0.0181861929595, "mean": 0.00634936755523, "median": 0.00609015021473, "min": 3.25363217271e-12, "var": 6.69100882078e-06}, "spectral_rolloff": {"dmean": 232.294570923, "dmean2": 405.028259277, "dvar": 233400.375, "dvar2": 529800.25, "max": 20047.4121094, "mean": 582.959655762, "median": 538.330078125, "min": 86.1328125, "var": 677767.125}, "spectral_skewness": {"dmean": 0.638920605183, "dmean2": 1.00526571274, "dvar": 0.420928835869, "dvar2": 1.02533423901, "max": 10.7726316452, "mean": 2.33461213112, "median": 2.05517554283, "min": -0.0584714561701, "var": 1.42150843143}, "spectral_spread": {"dmean": 1205737.625, "dmean2": 1855869.75, "dvar": 2195664011260.0, "dvar2": 5400188420100.0, "max": 41883012, "mean": 4189006.25, "median": 3823056, "min": 753262.8125, "var": 4684686295040.0}, "spectral_strongpeak": {"dmean": 0.474736690521, "dmean2": 0.794334292412, "dvar": 0.533298015594, "dvar2": 1.38307380676, "max": 6.59053564072, "mean": 0.859901487827, "median": 0.58039522171, "min": 0, "var": 0.810725748539}, "zerocrossingrate": {"dmean": 0.00755088869482, "dmean2": 0.0100618740544, "dvar": 9.85697479337e-05, "dvar2": 0.00017583220324, "max": 0.51416015625, "mean": 0.0276905111969, "median": 0.02490234375, "min": 0.0029296875, "var": 0.00059550954029}, "barkbands": {"dmean": [0.000112748275569, 0.0134226651862, 0.00734786968678, 0.00284751062281, 0.00240161060356, 0.00186790537555, 0.00160036736634, 0.00151774205733, 0.00173765071668, 0.000346765154973, 0.000492187275086, 0.000316789402859, 0.000277952291071, 0.000174547341885, 0.000462008989416, 0.000117342700833, 8.3255537902e-05, 8.65189358592e-05, 9.26416032598e-05, 0.000113215202873, 0.000129639840452, 9.36013384489e-05, 6.78796059219e-05, 6.43325911369e-05, 4.15746981162e-05, 6.73087342875e-05, 1.13550422611e-05], "dmean2": [0.000187980011106, 0.0222938153893, 0.0124102709815, 0.00498964544386, 0.00390915339813, 0.0031383135356, 0.00237807421945, 0.0020394877065, 0.00263085495681, 0.000584728841204, 0.000865469628479, 0.000527173338924, 0.000432212342275, 0.000296654354315, 0.000736886286177, 0.000202845607419, 0.000143419849337, 0.000150334104546, 0.000162614218425, 0.000201767674298, 0.000223057475523, 0.000156011752551, 0.000114057052997, 0.00010630946781, 6.92564062774e-05, 0.000122175595607, 2.05654632737e-05], "dvar": [7.22004855902e-08, 0.000428828498116, 0.000167203164892, 3.67796710634e-05, 3.7088208046e-05, 1.3644234059e-05, 1.0287344594e-05, 9.563790627e-06, 1.94603981072e-05, 3.30918794589e-07, 7.16980423476e-07, 3.03948667124e-07, 1.86746731856e-07, 1.32848441581e-07, 2.64946652351e-06, 5.22073939635e-08, 2.63722146343e-08, 2.42209399204e-08, 4.15086880423e-08, 4.60240094924e-08, 5.27749079993e-08, 3.17828607876e-08, 1.69595910648e-08, 1.37182096793e-08, 9.69208713286e-09, 2.25313314672e-08, 1.09412934268e-09], "dvar2": [1.76123805318e-07, 0.00116747536231, 0.000416721799411, 0.000100882956758, 8.64790563355e-05, 3.60741360055e-05, 2.35028837778e-05, 2.03593262995e-05, 4.36115733464e-05, 8.70150586252e-07, 1.98972156795e-06, 8.06687637578e-07, 4.16273081782e-07, 3.53706525402e-07, 6.33710396869e-06, 1.38902848335e-07, 7.24650064399e-08, 6.49986802159e-08, 1.17117387788e-07, 1.27565414232e-07, 1.44273741398e-07, 8.40524307932e-08, 4.42641230336e-08, 3.56657139378e-08, 2.49706886279e-08, 6.09156458609e-08, 3.00668023812e-09], "max": [0.00421559019014, 0.168287336826, 0.129909858108, 0.0579998195171, 0.0678719654679, 0.0395351201296, 0.0346996337175, 0.0417716577649, 0.0665582865477, 0.00710387062281, 0.00826808810234, 0.00757807446644, 0.00789293833077, 0.0038972964976, 0.0181104466319, 0.00307942903601, 0.00140297366306, 0.00129401660524, 0.00318212807178, 0.00185826059896, 0.0020636219997, 0.00363192195073, 0.00201930338517, 0.00119398825336, 0.00138202682137, 0.00108897825703, 0.000328715046635], "mean": [0.000107682681119, 0.0213550142944, 0.00789639446884, 0.00262234942056, 0.00262568634935, 0.00204179459251, 0.0025993261952, 0.00294410390779, 0.00280350307003, 0.000472748914035, 0.000478889851365, 0.000372872687876, 0.00043721642578, 0.000165672696312, 0.000393531547161, 0.00011492651538, 8.1388054241e-05, 9.08985821297e-05, 9.3995113275e-05, 9.04552944121e-05, 0.000113926515041, 8.21004650788e-05, 5.80080413783e-05, 5.35160106665e-05, 3.32665149472e-05, 4.39192990598e-05, 7.37170421417e-06], "median": [3.12204865622e-05, 0.0123238293454, 0.00301679247059, 0.00103413907345, 0.00109618657734, 0.000999123905785, 0.000833183177747, 0.000671535148285, 0.000805063580628, 0.000228908960707, 0.000179339316674, 8.04370065453e-05, 0.000167790494743, 2.88538340101e-05, 2.73510595434e-05, 2.29054458032e-05, 2.35137067648e-05, 3.60436497431e-05, 3.21715015161e-05, 1.50236082845e-05, 1.87154091691e-05, 1.61646676133e-05, 7.71299528424e-06, 5.62934610571e-06, 2.82340806734e-06, 1.63482923199e-06, 1.90277063439e-07], "min": [8.33645327671e-24, 1.09141517367e-23, 4.64825323235e-24, 6.0079133782e-24, 1.91631779259e-23, 4.03967149866e-23, 2.94839287681e-23, 4.61855530139e-23, 7.2580428695e-23, 3.87248284276e-23, 3.23834154243e-23, 2.36548383242e-23, 2.08585977834e-23, 3.36010632522e-23, 7.4854645265e-23, 6.91420427555e-23, 1.39462100967e-22, 1.58683220726e-22, 1.78969820201e-22, 1.77777491652e-22, 4.74154326036e-22, 5.3289576156e-22, 4.89351750307e-22, 7.18876093961e-22, 9.8378088708e-22, 1.59607366859e-21, 2.07185842497e-21], "var": [6.52224301234e-08, 0.000572444463614, 0.000164253186085, 2.96413527394e-05, 3.66188869521e-05, 1.1509565411e-05, 1.77016936505e-05, 2.77305935015e-05, 3.50648260792e-05, 4.48217519988e-07, 6.25117991149e-07, 4.11281888546e-07, 5.15154454206e-07, 1.12398609531e-07, 2.43465547101e-06, 4.65824854246e-08, 2.25752518901e-08, 2.16179145696e-08, 3.0941063045e-08, 3.58141925005e-08, 4.81758632986e-08, 2.87335755189e-08, 1.61343756133e-08, 1.29262041071e-08, 8.16518941349e-09, 1.51498262824e-08, 6.98099911212e-10]}, "erbbands": {"dmean": [0.171808689833, 3.71618819237, 9.77616405487, 7.58540534973, 8.34379005432, 8.21428966522, 11.7874164581, 13.6642923355, 22.8038368225, 19.9768066406, 35.5683021545, 46.8956832886, 8.74666595459, 16.8765411377, 18.5299301147, 9.99698448181, 13.1816253662, 9.50547122955, 24.6914768219, 11.0093898773, 5.69456386566, 4.53716659546, 4.92996406555, 4.02576160431, 5.29069471359, 5.63936185837, 4.68241643906, 5.09077692032, 3.53242373466, 2.61691451073, 1.93956363201, 1.59148645401, 0.852661550045, 0.552928090096, 0.25354552269, 0.199482217431, 0.162025183439, 0.0215818602592, 0.00207351054996, 0.000154212073539], "dmean2": [0.272360950708, 6.20145559311, 16.4545993805, 12.7253227234, 13.6395111084, 13.8124341965, 19.2024497986, 23.0659255981, 34.987411499, 29.0029354095, 47.8599319458, 69.8594741821, 14.3511629105, 29.0315437317, 32.4325637817, 16.0908203125, 20.4798793793, 15.6582670212, 39.4830131531, 18.0384578705, 9.66756820679, 7.7461066246, 8.54951572418, 7.01250171661, 9.29586410522, 10.060218811, 8.01058673859, 8.71868515015, 5.90779018402, 4.30298948288, 3.28266382217, 2.67755222321, 1.40608263016, 0.921985208988, 0.42322358489, 0.349701046944, 0.297729998827, 0.0390466600657, 0.00375777040608, 0.000269776006462], "dvar": [0.0741230770946, 33.3761291504, 294.567657471, 204.559906006, 730.64630127, 480.355316162, 730.618713379, 627.173400879, 2340.31030273, 1481.9107666, 4290.48095703, 15258.9208984, 290.069488525, 989.313232422, 970.565979004, 264.497070312, 439.395446777, 321.469940186, 7781.11865234, 547.262512207, 129.223266602, 72.8673248291, 87.1066436768, 76.1986160278, 101.897262573, 117.509788513, 77.2051696777, 80.1516189575, 45.0559043884, 21.6872196198, 14.1586475372, 8.47782611847, 2.74674367905, 1.68101561069, 0.335326850414, 0.201044946909, 0.14246417582, 0.00236931303516, 3.2250660297e-05, 1.90659051214e-07], "dvar2": [0.182396799326, 91.1667633057, 753.085876465, 521.828979492, 1805.3067627, 1248.73950195, 1831.9152832, 1684.10229492, 5384.46826172, 3599.27148438, 8265.21875, 33490.1601562, 766.695556641, 2658.04248047, 2700.23803711, 678.573608398, 993.804016113, 834.457824707, 18694.4726562, 1305.671875, 348.082489014, 196.218109131, 234.6456604, 217.228622437, 276.90612793, 326.451690674, 215.347061157, 218.415756226, 120.248970032, 56.3431396484, 37.2065010071, 22.6467990875, 6.82763910294, 4.39030647278, 0.85557448864, 0.533075213432, 0.391255021095, 0.00642987387255, 8.82451568032e-05, 5.23687674558e-07], "max": [3.24699878693, 49.1282997131, 185.622375488, 132.186599731, 375.419189453, 221.421691895, 290.835235596, 295.451507568, 556.320861816, 437.622589111, 1021.31140137, 1871.23339844, 199.087432861, 392.095275879, 313.128143311, 213.788085938, 403.009033203, 200.921615601, 952.411987305, 295.710876465, 163.022384644, 68.8905487061, 79.170501709, 143.32800293, 70.8903579712, 86.777557373, 100.697906494, 84.0872802734, 120.093887329, 90.8475418091, 52.0424728394, 35.166053772, 21.7995128632, 18.8866920471, 7.28344917297, 3.99490714073, 3.01958417892, 0.377293735743, 0.0575243607163, 0.00434893649071], "mean": [0.332695037127, 5.70881891251, 11.2559757233, 8.48770046234, 8.66376209259, 9.1104888916, 13.2137308121, 15.888212204, 35.6350708008, 36.2146072388, 75.3199234009, 79.7866439819, 12.8742113113, 20.0602054596, 20.63530159, 13.5026922226, 20.7245464325, 10.0577659607, 21.2772769928, 9.94048023224, 5.7759604454, 4.54183864594, 5.07542991638, 4.65163850784, 4.80903100967, 4.51357460022, 4.22815513611, 4.36033773422, 3.08838152885, 2.33176112175, 1.6175737381, 1.3040241003, 0.721149504185, 0.442322611809, 0.202209979296, 0.140403792262, 0.101464793086, 0.0138504635543, 0.00136409781408, 0.000138343311846], "median": [0.211527228355, 3.29398727417, 6.05086421967, 4.09591150284, 3.08735227585, 4.07344007492, 5.40260839462, 8.58858776093, 10.6416778564, 18.1903495789, 26.2492008209, 25.4600143433, 7.54751634598, 7.86312389374, 9.00117015839, 5.37718248367, 8.11608600616, 2.70780420303, 1.66765165329, 1.39264380932, 1.37110924721, 1.38922548294, 1.95615541935, 1.87098646164, 1.41292202473, 0.845336854458, 0.797719299793, 0.7185947299, 0.651498556137, 0.328538745642, 0.20607689023, 0.130869716406, 0.0820680186152, 0.0421241931617, 0.0148065090179, 0.00737220793962, 0.00289529655129, 0.00040609241114, 5.80265514145e-05, 5.28595192009e-05], "min": [1.82148853918e-22, 3.43931318552e-21, 7.85084470296e-21, 1.87051563607e-20, 3.98945364337e-20, 3.39835877869e-20, 6.9945494331e-20, 3.76731293278e-19, 2.46992331047e-19, 4.57680015203e-19, 1.28146634381e-18, 1.56047581199e-18, 1.35124740368e-18, 1.30815025979e-18, 1.49796784105e-18, 1.22589097359e-18, 1.6014855656e-18, 1.54255370325e-18, 3.18009069508e-18, 2.67858804689e-18, 4.58718385365e-18, 9.42540875141e-18, 7.93878569246e-18, 8.60019517435e-18, 7.95578425405e-18, 9.71318819524e-18, 1.38728280329e-17, 1.78116255362e-17, 1.88529284677e-17, 1.92620453813e-17, 1.44150101828e-17, 1.49502340894e-17, 1.13718176723e-17, 9.26803184961e-18, 7.27061070033e-18, 5.35706607876e-18, 2.93606228142e-18, 1.35173192473e-18, 2.70067258018e-19, 2.96048652091e-20], "var": [0.13185800612, 41.7944755554, 271.85824585, 188.460449219, 677.238098145, 387.720977783, 683.303833008, 539.681762695, 3846.11352539, 2692.21508789, 15271.7724609, 28345.6660156, 338.025085449, 1034.46923828, 926.637451172, 392.168548584, 1215.10290527, 320.177124023, 7060.17089844, 537.899963379, 117.428840637, 65.775428772, 74.0087585449, 61.9664039612, 82.9034576416, 89.2085571289, 69.7062683105, 72.2160491943, 40.1008834839, 22.2236747742, 12.9452114105, 7.68813610077, 2.61184716225, 1.38223397732, 0.288373470306, 0.147231429815, 0.0909539908171, 0.00157564401161, 2.08306901186e-05, 1.25118035044e-07]}, "gfcc": {"mean": [-40.1112518311, 130.995437622, -80.0012283325, 25.1791667938, -54.2023391724, 12.0379304886, -18.3318367004, 9.46638774872, -10.2399635315, 3.6260137558, -10.7136335373, -3.20580077171, -12.5698575974], "cov": [[12633.5742188, -1837.88842773, -891.903625488, 675.228637695, -717.160095215, 697.55859375, -81.4848937988, 187.030715942, -374.721466064, 336.678314209, -278.837677002, 121.656806946, -512.252990723], [-1837.88842773, 1633.30578613, 107.617744446, 141.498718262, 279.414123535, -237.392929077, 261.674194336, -38.7600631714, 217.110488892, -164.580490112, 251.060348511, -98.2163772583, 142.737411499], [-891.903625488, 107.617744446, 2003.36474609, -97.6471481323, 180.024902344, 2.05647301674, -262.925750732, 30.349603653, 107.464508057, 113.732055664, -127.595001221, 43.6306915283, 21.930644989], [675.228637695, 141.498718262, -97.6471481323, 539.538696289, 67.5675735474, 105.695785522, 122.320739746, -50.0465774536, 52.3363723755, -52.0074958801, 95.4782867432, -8.72799491882, 64.8784790039], [-717.160095215, 279.414123535, 180.024902344, 67.5675735474, 338.724060059, 3.93760418892, 6.42441558838, -69.1916046143, 55.7856140137, -22.8990364075, 37.069152832, -10.8844413757, 83.3764266968], [697.55859375, -237.392929077, 2.05647301674, 105.695785522, 3.93760418892, 231.054214478, 15.6385612488, -15.567814827, -17.43126297, 29.28606987, -10.5335607529, 15.6726865768, 7.52994728088], [-81.4848937988, 261.674194336, -262.925750732, 122.320739746, 6.42441558838, 15.6385612488, 269.339996338, 58.0071487427, 37.089717865, -52.2910232544, 91.162651062, -25.9556465149, 4.79068470001], [187.030715942, -38.7600631714, 30.349603653, -50.0465774536, -69.1916046143, -15.567814827, 58.0071487427, 142.752197266, 28.2948474884, 32.9472045898, -10.6745243073, -12.0075702667, -60.3319168091], [-374.721466064, 217.110488892, 107.464508057, 52.3363723755, 55.7856140137, -17.43126297, 37.089717865, 28.2948474884, 152.879623413, 24.3408260345, 37.2513046265, -40.8168792725, 32.6135292053], [336.678314209, -164.580490112, 113.732055664, -52.0074958801, -22.8990364075, 29.28606987, -52.2910232544, 32.9472045898, 24.3408260345, 127.871101379, -18.6024684906, 3.35405611992, -40.2243766785], [-278.837677002, 251.060348511, -127.595001221, 95.4782867432, 37.069152832, -10.5335607529, 91.162651062, -10.6745243073, 37.2513046265, -18.6024684906, 137.042861938, 13.6866340637, 40.6980438232], [121.656806946, -98.2163772583, 43.6306915283, -8.72799491882, -10.8844413757, 15.6726865768, -25.9556465149, -12.0075702667, -40.8168792725, 3.35405611992, 13.6866340637, 94.5416946411, 24.9023189545], [-512.252990723, 142.737411499, 21.930644989, 64.8784790039, 83.3764266968, 7.52994728088, 4.79068470001, -60.3319168091, 32.6135292053, -40.2243766785, 40.6980438232, 24.9023189545, 129.7159729]], "icov": [[0.000197035813471, -0.000154683060828, 0.000144435762195, -0.000450048974017, 0.000201619972358, -0.000455846777186, 0.000222907779971, -0.000204226686037, 0.000280273496173, -0.000501629430801, 0.000598705897573, -0.0005008886219, 0.000624932581559], [-0.000154683060828, 0.00216507609002, -0.000567676674109, 0.000694763439242, -0.000759522372391, 0.00191233505029, -0.00141615828034, 0.00102143234108, -0.00150503334589, 0.00211372855119, -0.00322313932702, 0.00203326484188, -0.000685449631419], [0.000144435762195, -0.000567676674109, 0.000939221295994, -0.000475655368064, -0.000202149531106, -0.000697073992342, 0.0011220483575, -0.000867527152877, -0.000213402076042, -0.000845446891617, 0.00164910475723, -0.00140692514833, 0.000543799542356], [-0.000450048974017, 0.000694763439242, -0.000475655368064, 0.00384956621565, -0.000483808020363, -0.000101295510831, -0.00146033940837, 0.00169918360189, -0.00178821198642, 0.00238981260918, -0.00302180438302, 0.00159959425218, -0.00139398186002], [0.000201619972358, -0.000759522372391, -0.000202149531106, -0.000483808020363, 0.0045751822181, -0.000943278369959, -3.98965021304e-05, 0.00147019536234, -3.6357461795e-05, -0.00102248555049, 0.000917280500289, -2.02393075597e-05, -0.000884429086], [-0.000455846777186, 0.00191233505029, -0.000697073992342, -0.000101295510831, -0.000943278369959, 0.00797243136913, -0.00277894618921, 0.00189622805919, -0.000318756239722, -0.000367829779861, -0.00153951195534, 0.00168541108724, -0.00248231273144], [0.000222907779971, -0.00141615828034, 0.0011220483575, -0.00146033940837, -3.98965021304e-05, -0.00277894618921, 0.00920762587339, -0.00572205148637, 0.000781237089541, 0.00178019120358, -0.00197785254568, 0.000112136433017, 0.00111944822129], [-0.000204226686037, 0.00102143234108, -0.000867527152877, 0.00169918360189, 0.00147019536234, 0.00189622805919, -0.00572205148637, 0.0144393285736, -0.00485053425655, -0.00050462235231, 0.000473456719192, -0.00130564824212, 0.00440361537039], [0.000280273496173, -0.00150503334589, -0.000213402076042, -0.00178821198642, -3.6357461795e-05, -0.000318756239722, 0.000781237089541, -0.00485053425655, 0.0143775260076, -0.00607379805297, -0.000332179275574, 0.00544103002176, -0.00498822890222], [-0.000501629430801, 0.00211372855119, -0.000845446891617, 0.00238981260918, -0.00102248555049, -0.000367829779861, 0.00178019120358, -0.00050462235231, -0.00607379805297, 0.0156246805564, -0.00550214294344, 0.000651871901937, 0.00299228075892], [0.000598705897573, -0.00322313932702, 0.00164910475723, -0.00302180438302, 0.000917280500289, -0.00153951195534, -0.00197785254568, 0.000473456719192, -0.000332179275574, -0.00550214294344, 0.0189279969782, -0.00822043884546, 0.000953445560299], [-0.0005008886219, 0.00203326484188, -0.00140692514833, 0.00159959425218, -2.02393075597e-05, 0.00168541108724, 0.000112136433017, -0.00130564824212, 0.00544103002176, 0.000651871901937, -0.00822043884546, 0.0192745830864, -0.00776078877971], [0.000624932581559, -0.000685449631419, 0.000543799542356, -0.00139398186002, -0.000884429086, -0.00248231273144, 0.00111944822129, 0.00440361537039, -0.00498822890222, 0.00299228075892, 0.000953445560299, -0.00776078877971, 0.0176287386566]]}, "melbands": {"dmean": [0.00267962412909, 0.00517610041425, 0.00131370930467, 0.000587060349062, 0.000374810188077, 0.000320478808135, 0.000344622560078, 0.000244718976319, 0.00030586210778, 0.000256507541053, 3.9399277739e-05, 6.73171743983e-05, 6.59287470626e-05, 4.43026656285e-05, 2.50032153417e-05, 2.34203544096e-05, 1.68695805769e-05, 3.567888416e-05, 2.78885381704e-05, 9.67933283391e-06, 6.3848328864e-06, 4.69755559607e-06, 4.82743507746e-06, 4.22609036832e-06, 3.17571607411e-06, 3.7675799831e-06, 4.16800594394e-06, 3.60643252861e-06, 2.61423724623e-06, 3.31629144057e-06, 2.85261285171e-06, 2.08632286558e-06, 1.56135740781e-06, 1.35819755087e-06, 1.17594913718e-06, 9.23452489587e-07, 1.05887215796e-06, 5.76757997806e-07, 5.9560511545e-07, 4.31866368444e-07], "dmean2": [0.00436823489144, 0.00867468677461, 0.00217529479414, 0.000951961788815, 0.00060978916008, 0.000540349516086, 0.000521747395396, 0.000346994056599, 0.000424124707934, 0.000384464859962, 6.70638910378e-05, 0.000115781353088, 0.000115161536087, 7.49537430238e-05, 3.87530089938e-05, 3.68307446479e-05, 2.83724039036e-05, 5.7302742789e-05, 4.46796220785e-05, 1.66336303664e-05, 1.10927912829e-05, 8.04723822512e-06, 8.44463193062e-06, 7.28916211301e-06, 5.58871624889e-06, 6.65114839649e-06, 7.32948865334e-06, 6.48763261779e-06, 4.45301611762e-06, 5.80062396693e-06, 4.91023092763e-06, 3.52313804797e-06, 2.5971235118e-06, 2.23871620619e-06, 2.01022839974e-06, 1.56342025548e-06, 1.80583958809e-06, 9.47846899635e-07, 9.991524621e-07, 7.28944996808e-07], "dvar": [1.66451609402e-05, 7.24280835129e-05, 6.63303308102e-06, 2.22040011977e-06, 7.18924411558e-07, 3.54639809075e-07, 5.20106766544e-07, 2.26414172744e-07, 2.86426200091e-07, 4.6343205895e-07, 6.15729245368e-09, 1.52141517162e-08, 1.18579723818e-08, 6.07671690744e-09, 1.54576496048e-09, 1.24801413648e-09, 1.16226384073e-09, 1.49835894803e-08, 7.71514940823e-09, 3.49151402235e-10, 1.97812280445e-10, 8.1880655034e-11, 1.06239968212e-10, 5.59945249889e-11, 5.7348965854e-11, 6.94981155958e-11, 6.67681604449e-11, 4.95713678439e-11, 2.29297362347e-11, 4.08362926807e-11, 2.65207942413e-11, 1.79478879675e-11, 8.23843077091e-12, 5.83011980707e-12, 5.26267267612e-12, 3.5649922684e-12, 4.12181053178e-12, 1.21852408805e-12, 1.93315025446e-12, 1.06396879154e-12], "dvar2": [4.3718075176e-05, 0.00019072413852, 1.61184543686e-05, 5.25648556504e-06, 1.76889705017e-06, 9.46999819007e-07, 1.18733794352e-06, 5.42614316146e-07, 5.6496628531e-07, 1.02280375813e-06, 1.69042220222e-08, 4.07627211985e-08, 3.31084812899e-08, 1.63253233154e-08, 3.45088024822e-09, 2.928569387e-09, 3.09360070894e-09, 3.60490055584e-08, 1.83226021022e-08, 9.26026255677e-10, 5.43268485753e-10, 2.23235346875e-10, 2.91630164462e-10, 1.52417745092e-10, 1.63930119479e-10, 1.9482369884e-10, 1.79217016227e-10, 1.40389033731e-10, 6.37239150336e-11, 1.13367946974e-10, 7.22653950569e-11, 4.81868989155e-11, 2.14520588793e-11, 1.50734130039e-11, 1.39812952882e-11, 9.48630063391e-12, 1.10889153762e-11, 2.99731658764e-12, 5.05953699076e-12, 2.80839023911e-12], "max": [0.0403934121132, 0.0894982293248, 0.0267576612532, 0.0172923766077, 0.00927685014904, 0.00665156543255, 0.00811033416539, 0.00568910222501, 0.00776112591848, 0.0101280584931, 0.000973964692093, 0.00151687464677, 0.000893786782399, 0.00109644338954, 0.000707665225491, 0.000543068512343, 0.00038734372356, 0.00132201274391, 0.00099442678038, 0.000146733727888, 0.000209144418477, 8.4849227278e-05, 0.000108923501102, 7.06407008693e-05, 0.00013406801736, 0.000123011122923, 8.2435515651e-05, 4.99825182487e-05, 4.75783963338e-05, 7.10174863343e-05, 6.01409192313e-05, 7.91729253251e-05, 5.96388854319e-05, 4.29952669947e-05, 2.97470996884e-05, 2.45351457124e-05, 2.46741983574e-05, 1.27454704852e-05, 2.11931837839e-05, 1.43551314977e-05], "mean": [0.00472541293129, 0.00683993753046, 0.00151375995483, 0.000654733856209, 0.000434404297266, 0.00035869362182, 0.000548776239157, 0.000460952811409, 0.000645822554361, 0.000419756077463, 4.79105547129e-05, 8.16825704533e-05, 6.97445793776e-05, 5.19850182172e-05, 3.91589201172e-05, 3.44623003912e-05, 1.63230342878e-05, 3.08673334075e-05, 2.40068784478e-05, 8.73494445841e-06, 6.2202789195e-06, 4.50230527349e-06, 4.64827098767e-06, 4.56353927802e-06, 3.63027970707e-06, 3.56209284291e-06, 3.43369129041e-06, 2.80895869764e-06, 2.37551012106e-06, 2.8853198728e-06, 2.38751113102e-06, 1.80679796813e-06, 1.37573442771e-06, 1.2138374359e-06, 9.62864191933e-07, 7.63234595524e-07, 8.46773673402e-07, 4.92270260111e-07, 4.70913562367e-07, 3.41582051533e-07], "median": [0.00275333877653, 0.00446783332154, 0.000690172426403, 0.000284279405605, 0.000182259391295, 0.000184194737813, 0.000168913480593, 0.000207546196179, 0.000272499222774, 0.000117251096526, 2.44773946179e-05, 3.24788525177e-05, 3.06913971144e-05, 1.13356973088e-05, 1.58300153998e-05, 1.36558164741e-05, 2.98891609418e-06, 2.59261059909e-06, 1.94420931621e-06, 1.50654545905e-06, 1.40518329772e-06, 1.20663582948e-06, 1.51095002821e-06, 1.96073528969e-06, 1.32077207127e-06, 1.14421141006e-06, 6.55679684769e-07, 4.74677818829e-07, 4.46334638582e-07, 4.59177982748e-07, 3.81671981131e-07, 4.02111965059e-07, 2.28944088576e-07, 1.5576978285e-07, 1.1535485811e-07, 9.31143731009e-08, 7.50182351794e-08, 5.60943220762e-08, 4.75447876624e-08, 2.8813383679e-08], "min": [2.55597421673e-24, 6.09791057458e-24, 4.41475158769e-24, 5.29158902208e-24, 1.81955974271e-24, 8.63464743205e-24, 4.73099764156e-24, 6.05065859521e-24, 1.16424439016e-23, 9.46509866192e-24, 6.05516417427e-24, 5.219565627e-24, 3.49397223431e-24, 3.5817211771e-24, 6.10420726232e-24, 2.16211056068e-24, 2.74031917736e-24, 4.4567130714e-24, 3.96161095107e-24, 5.19136306078e-24, 5.23709174973e-24, 8.75412672704e-24, 6.82181982831e-24, 8.1022617732e-24, 5.51563064676e-24, 5.53597813052e-24, 6.02512080113e-24, 5.64649281017e-24, 7.06006134371e-24, 1.1484011444e-23, 9.55673353353e-24, 1.04100049317e-23, 1.09273604237e-23, 9.66209142945e-24, 7.19994689259e-24, 8.55218306846e-24, 1.00453279458e-23, 8.04870206204e-24, 5.7405214802e-24, 7.69118162232e-24], "var": [2.71040426014e-05, 6.88247164362e-05, 6.95778089721e-06, 2.19768685383e-06, 6.98566111623e-07, 3.01816157844e-07, 8.85543101958e-07, 4.75256541677e-07, 9.8251223335e-07, 8.45225542889e-07, 5.67223024106e-09, 1.66162887894e-08, 1.10395967923e-08, 8.06288014132e-09, 4.18251344669e-09, 2.77000711257e-09, 1.04115616129e-09, 1.35705437998e-08, 7.26051130329e-09, 2.97553121031e-10, 1.63872512782e-10, 7.32576430074e-11, 8.07274039283e-11, 5.10414072119e-11, 4.44669960575e-11, 5.03413977171e-11, 5.39006131395e-11, 3.61852076081e-11, 2.16837572203e-11, 3.45707663885e-11, 2.31043916638e-11, 1.49978640618e-11, 7.88789433076e-12, 6.11188270133e-12, 4.67652349137e-12, 3.08200123408e-12, 3.51548738037e-12, 1.18395148286e-12, 1.53842086639e-12, 8.6319059539e-13]}, "mfcc": {"mean": [-693.397583008, 162.31930542, 30.2047386169, 25.8371715546, -1.79977440834, 8.62265014648, 2.76884150505, 8.58188438416, 4.99595308304, 6.82002019882, 8.61139202118, 5.74386310577, 1.54391050339], "cov": [[10414.4804688, -1868.73950195, -1300.76330566, -222.803970337, -741.337524414, 273.604064941, 184.029083252, 77.7635879517, -163.713058472, 98.627746582, 13.9630422592, 298.780914307, -128.254241943], [-1868.73950195, 1510.67724609, 335.047546387, 264.059753418, 181.459655762, -102.403144836, 13.0103826523, 46.6866798401, 39.0767478943, -21.6663379669, 121.835601807, 3.88069319725, 59.8158035278], [-1300.76330566, 335.047546387, 1231.66784668, 36.3621788025, 357.494781494, -5.01944589615, -107.45892334, -100.660461426, 84.8879241943, 13.6000175476, 24.9818935394, -67.4922714233, 44.4585762024], [-222.803970337, 264.059753418, 36.3621788025, 367.461151123, 65.0848770142, 49.5317649841, 51.268032074, 68.0042800903, 19.1100387573, -5.46821880341, 12.5140333176, 65.7429504395, 21.7428684235], [-741.337524414, 181.459655762, 357.494781494, 65.0848770142, 375.505279541, 105.933143616, -44.2091407776, -66.0446929932, 34.4362640381, 17.3132781982, -64.9343261719, -86.2943878174, 29.6291923523], [273.604064941, -102.403144836, -5.01944589615, 49.5317649841, 105.933143616, 226.808639526, 55.8328094482, 7.09102010727, 12.899263382, 16.035572052, -55.5372390747, -2.63269901276, -4.92255449295], [184.029083252, 13.0103826523, -107.45892334, 51.268032074, -44.2091407776, 55.8328094482, 137.358078003, 78.2503738403, 1.85165023804, -11.8505449295, 25.9057769775, 42.4148902893, -16.0055294037], [77.7635879517, 46.6866798401, -100.660461426, 68.0042800903, -66.0446929932, 7.09102010727, 78.2503738403, 137.984832764, 18.4549350739, -18.5564479828, 29.5078239441, 45.1929244995, -11.6788244247], [-163.713058472, 39.0767478943, 84.8879241943, 19.1100387573, 34.4362640381, 12.899263382, 1.85165023804, 18.4549350739, 94.1063079834, 30.3953857422, 19.2341594696, 4.24261379242, 3.99768543243], [98.627746582, -21.6663379669, 13.6000175476, -5.46821880341, 17.3132781982, 16.035572052, -11.8505449295, -18.5564479828, 30.3953857422, 122.443191528, 30.6200618744, 5.24420976639, 10.4206523895], [13.9630422592, 121.835601807, 24.9818935394, 12.5140333176, -64.9343261719, -55.5372390747, 25.9057769775, 29.5078239441, 19.2341594696, 30.6200618744, 151.086044312, 69.4194412231, 4.62464237213], [298.780914307, 3.88069319725, -67.4922714233, 65.7429504395, -86.2943878174, -2.63269901276, 42.4148902893, 45.1929244995, 4.24261379242, 5.24420976639, 69.4194412231, 122.811233521, 17.0230064392], [-128.254241943, 59.8158035278, 44.4585762024, 21.7428684235, 29.6291923523, -4.92255449295, -16.0055294037, -11.6788244247, 3.99768543243, 10.4206523895, 4.62464237213, 17.0230064392, 63.2446365356]], "icov": [[0.000159373434144, 0.000133325855131, 5.20484245499e-05, 1.14201911856e-05, 0.000186391465832, -0.000237937623751, 3.62416794815e-05, 4.66630881419e-05, 0.00018199715123, -0.000134614223498, -2.61706154561e-05, -0.000280736916466, 0.000156683381647], [0.000133325855131, 0.00115162937436, -1.10740702439e-05, -0.000710536143743, -0.000385200546589, 0.0004473067238, -0.000258322135778, -0.000175753957592, 0.000168740283698, 0.000278664490907, -0.00114694784861, 0.000618500460405, -0.000588503025938], [5.20484245499e-05, -1.10740702439e-05, 0.00136732344981, 4.7154371714e-05, -0.00124966015574, 0.000228484132094, 0.00047656262177, 0.000460840732558, -0.000809316756204, 0.000466486846562, -0.000764573283959, -0.000170514060301, 2.36701198446e-05], [1.14201911856e-05, -0.000710536143743, 4.7154371714e-05, 0.00431876908988, -0.0011558883125, -0.000313635682687, -0.000110002387373, -0.00158802664373, 9.70422915998e-05, -0.000267277762759, 0.00150124670472, -0.00335681438446, 0.00020494958153], [0.000186391465832, -0.000385200546589, -0.00124966015574, -0.0011558883125, 0.00710427807644, -0.00352082191966, 0.000630336347967, 0.00145217962563, -0.000634403782897, -0.000333765259711, 0.000467710400699, 0.00371738127433, -0.00209614029154], [-0.000237937623751, 0.0004473067238, 0.000228484132094, -0.000313635682687, -0.00352082191966, 0.00859972275794, -0.00441431300715, 0.000674050534144, -0.000858908519149, -0.00130009383429, 0.00318619958125, -0.00200126459822, 0.000941947626416], [3.62416794815e-05, -0.000258322135778, 0.00047656262177, -0.000110002387373, 0.000630336347967, -0.00441431300715, 0.0142154172063, -0.00602922029793, 0.00116553308908, 0.000990155502222, -0.00236668204889, -0.00113885395695, 0.00210869521834], [4.66630881419e-05, -0.000175753957592, 0.000460840732558, -0.00158802664373, 0.00145217962563, 0.000674050534144, -0.00602922029793, 0.0136504881084, -0.00372012192383, 0.00189326691907, -6.3185194449e-05, -0.000971336092334, 0.00103913212661], [0.00018199715123, 0.000168740283698, -0.000809316756204, 9.70422915998e-05, -0.000634403782897, -0.000858908519149, 0.00116553308908, -0.00372012192383, 0.0139809520915, -0.00350106111728, -0.00106543814763, -0.000231591926422, 0.000416768714786], [-0.000134614223498, 0.000278664490907, 0.000466486846562, -0.000267277762759, -0.000333765259711, -0.00130009383429, 0.000990155502222, 0.00189326691907, -0.00350106111728, 0.0107656056061, -0.00378220691346, 0.00146394537296, -0.00178719859105], [-2.61706154561e-05, -0.00114694784861, -0.000764573283959, 0.00150124670472, 0.000467710400699, 0.00318619958125, -0.00236668204889, -6.3185194449e-05, -0.00106543814763, -0.00378220691346, 0.013740231283, -0.0077662691474, 0.00224749371409], [-0.000280736916466, 0.000618500460405, -0.000170514060301, -0.00335681438446, 0.00371738127433, -0.00200126459822, -0.00113885395695, -0.000971336092334, -0.000231591926422, 0.00146394537296, -0.0077662691474, 0.0191426798701, -0.00705640483648], [0.000156683381647, -0.000588503025938, 2.36701198446e-05, 0.00020494958153, -0.00209614029154, 0.000941947626416, 0.00210869521834, 0.00103913212661, 0.000416768714786, -0.00178719859105, 0.00224749371409, -0.00705640483648, 0.0203828178346]]}, "spectral_contrast_coeffs": {"dmean": [0.0585231110454, 0.0513441041112, 0.0389991924167, 0.0316094271839, 0.0221975054592, 0.0310753062367], "dmean2": [0.0977788567543, 0.0821834951639, 0.0627927556634, 0.049744874239, 0.0362512618303, 0.049918372184], "dvar": [0.00233035604469, 0.00198159436695, 0.000972531212028, 0.00073614239227, 0.000395835726522, 0.00103704514913], "dvar2": [0.00621514115483, 0.00486573111266, 0.00238824589178, 0.00161472789478, 0.00101919926237, 0.00253994716331], "max": [-0.406133443117, -0.397296190262, -0.497491538525, -0.56299674511, -0.648520231247, -0.644092738628], "mean": [-0.650061011314, -0.681882917881, -0.767696022987, -0.809346914291, -0.824167490005, -0.771036624908], "median": [-0.652996897697, -0.685402810574, -0.772075951099, -0.818543970585, -0.828647971153, -0.770162463188], "min": [-0.974492788315, -0.978520810604, -0.979275822639, -0.970263600349, -0.962035655975, -0.961429715157], "var": [0.004167068284, 0.00569615885615, 0.00436322763562, 0.0031899032183, 0.00125891319476, 0.00277418876067]}, "spectral_contrast_valleys": {"dmean": [0.434783786535, 0.425197273493, 0.487761855125, 0.549201846123, 0.575480878353, 0.688990056515], "dmean2": [0.70901620388, 0.661154448986, 0.721322119236, 0.783379912376, 0.818344414234, 0.927794575691], "dvar": [0.157554149628, 0.192388087511, 0.254209250212, 0.390070170164, 0.435583412647, 0.347583800554], "dvar2": [0.325659811497, 0.403228878975, 0.474066793919, 0.730476975441, 0.911757409573, 0.790150761604], "max": [-4.7811293602, -4.49754667282, -5.30082559586, -5.83969116211, -6.