{"lowlevel": {"average_loudness": 0.912604928017, "barkbands_crest": {"dmean": 2.27662920952, "dmean2": 3.66723918915, "dvar": 5.15753364563, "dvar2": 12.4533939362, "max": 24.6550483704, "mean": 11.5504150391, "median": 10.9718780518, "min": 3.0839715004, "var": 19.6920776367}, "barkbands_flatness_db": {"dmean": 0.0265193153173, "dmean2": 0.0385574549437, "dvar": 0.000880457984749, "dvar2": 0.00175174768083, "max": 0.442338049412, "mean": 0.17575378716, "median": 0.171417668462, "min": 0.0195144619793, "var": 0.00482004694641}, "barkbands_kurtosis": {"dmean": 3.03855800629, "dmean2": 4.94292068481, "dvar": 21.4042835236, "dvar2": 56.8313331604, "max": 85.7980728149, "mean": 5.70891714096, "median": 2.98832368851, "min": -1.84450244904, "var": 62.1500511169}, "barkbands_skewness": {"dmean": 0.491960346699, "dmean2": 0.775683283806, "dvar": 0.256654173136, "dvar2": 0.619089603424, "max": 8.21902275085, "mean": 1.79153084755, "median": 1.64357805252, "min": -4.72870397568, "var": 1.7733130455}, "barkbands_spread": {"dmean": 3.80920338631, "dmean2": 5.87142896652, "dvar": 17.6260795593, "dvar2": 37.0432624817, "max": 74.2706375122, "mean": 17.455493927, "median": 15.7262353897, "min": 0.623702168465, "var": 108.958740234}, "dissonance": {"dmean": 0.0217901207507, "dmean2": 0.0369203202426, "dvar": 0.00038024209789, "dvar2": 0.00103001156822, "max": 0.500000059605, "mean": 0.456635504961, "median": 0.462365359068, "min": 0.227294534445, "var": 0.000856642902363}, "dynamic_complexity": 3.32306861877, "erbbands_crest": {"dmean": 2.47112059593, "dmean2": 4.15082168579, "dvar": 5.63689661026, "dvar2": 15.6175899506, "max": 28.5510349274, "mean": 8.44721794128, "median": 7.59924888611, "min": 2.32972884178, "var": 13.0936021805}, "erbbands_flatness_db": {"dmean": 0.0247815549374, "dmean2": 0.0358505137265, "dvar": 0.000888817245141, "dvar2": 0.00174374913331, "max": 0.424186170101, "mean": 0.176164388657, "median": 0.16803202033, "min": 0.0416405163705, "var": 0.00550703378394}, "erbbands_kurtosis": {"dmean": 0.850629627705, "dmean2": 1.37125372887, "dvar": 1.06123733521, "dvar2": 2.65772819519, "max": 21.5419406891, "mean": 0.684121668339, "median": 0.256785392761, "min": -1.6715477705, "var": 2.70277166367}, "erbbands_skewness": {"dmean": 0.342275768518, "dmean2": 0.542436540127, "dvar": 0.105141028762, "dvar2": 0.253424584866, "max": 3.73904466629, "mean": 0.348283529282, "median": 0.378615528345, "min": -3.29000616074, "var": 0.46262305975}, "erbbands_spread": {"dmean": 6.25265312195, "dmean2": 9.57711410522, "dvar": 44.5818099976, "dvar2": 98.4327926636, "max": 99.6946334839, "mean": 30.2618522644, "median": 28.3223762512, "min": 3.29591798782, "var": 246.841598511}, "hfc": {"dmean": 6.63349533081, "dmean2": 9.32245254517, "dvar": 113.495788574, "dvar2": 217.554580688, "max": 131.659790039, "mean": 23.6431102753, "median": 19.1811389923, "min": 1.09074358294e-16, "var": 427.893096924}, "melbands_crest": {"dmean": 3.02286791801, "dmean2": 4.82079839706, "dvar": 8.23324394226, "dvar2": 18.8485431671, "max": 31.7824497223, "mean": 15.7608671188, "median": 14.8359508514, "min": 1.54254102707, "var": 48.3192138672}, "melbands_flatness_db": {"dmean": 0.0292064268142, "dmean2": 0.0429924763739, "dvar": 0.00100058026146, "dvar2": 0.00200013676658, "max": 0.600306332111, "mean": 0.254764854908, "median": 0.255259603262, "min": 0.00310923391953, "var": 0.006708225701}, "melbands_kurtosis": {"dmean": 6.40190792084, "dmean2": 10.4075489044, "dvar": 89.7778167725, "dvar2": 234.023681641, "max": 180.803512573, "mean": 13.742556572, "median": 7.8288860321, "min": -1.74706065655, "var": 264.522705078}, "melbands_skewness": {"dmean": 0.671873629093, "dmean2": 1.05680382252, "dvar": 0.475168734789, "dvar2": 1.15258193016, "max": 9.96490097046, "mean": 2.52936649323, "median": 2.2696428299, "min": -1.37191081047, "var": 3.3230843544}, "melbands_spread": {"dmean": 3.98722314835, "dmean2": 6.38109636307, "dvar": 20.3522853851, "dvar2": 47.6410560608, "max": 163.985397339, "mean": 17.6011371613, "median": 14.0936803818, "min": 0.658522129059, "var": 271.22833252}, "pitch_salience": {"dmean": 0.0705201923847, "dmean2": 0.113749034703, "dvar": 0.0042706890963, "dvar2": 0.0103850336745, "max": 0.975223124027, "mean": 0.503639578819, "median": 0.513958454132, "min": 0.0863950774074, "var": 0.0185007154942}, "silence_rate_20dB": {"dmean": 0, "dmean2": 0, "dvar": 0, "dvar2": 0, "max": 1, "mean": 1, "median": 1, "min": 1, "var": 0}, "silence_rate_30dB": {"dmean": 0.100609757006, "dmean2": 0.201245069504, "dvar": 0.0904925987124, "dvar2": 0.201163843274, "max": 1, "mean": 0.76451164484, "median": 1, "min": 0, "var": 0.180026844144}, "silence_rate_60dB": {"dmean": 0.00279471534304, "dmean2": 0.00559014081955, "dvar": 0.00278693949804, "dvar2": 0.00632111635059, "max": 1, "mean": 0.0701130479574, "median": 0, "min": 0, "var": 0.065197147429}, "spectral_centroid": {"dmean": 141.885894775, "dmean2": 225.431427002, "dvar": 34881.4375, "dvar2": 68445.9765625, "max": 11774.1425781, "mean": 969.611083984, "median": 818.115905762, "min": 154.065414429, "var": 1163968.25}, "spectral_complexity": {"dmean": 2.95376014709, "dmean2": 4.68148899078, "dvar": 9.57073497772, "dvar2": 20.2441940308, "max": 47, "mean": 19.3815574646, "median": 20, "min": 0, "var": 63.1625442505}, "spectral_decrease": {"dmean": 4.33173230618e-09, "dmean2": 6.91188795088e-09, "dvar": 3.14566827699e-17, "dvar2": 7.51936359743e-17, "max": 2.8142401666e-17, "mean": -1.65343170266e-08, "median": -1.28448913728e-08, "min": -6.40393480467e-08, "var": 1.47338813606e-16}, "spectral_energy": {"dmean": 0.0166741404682, "dmean2": 0.0265574175864, "dvar": 0.000460310024209, "dvar2": 0.00109582266305, "max": 0.243746802211, "mean": 0.0645488575101, "median": 0.0510464347899, "min": 9.92899947488e-21, "var": 0.00216500670649}, "spectral_energyband_high": {"dmean": 0.000343349005561, "dmean2": 0.000441433367087, "dvar": 5.56632812732e-07, "dvar2": 9.34681622766e-07, "max": 0.00828729849309, "mean": 0.000709456740879, "median": 0.000123190460727, "min": 7.14365536242e-21, "var": 2.12180611925e-06}, "spectral_energyband_low": {"dmean": 0.0136407781392, "dmean2": 0.0218047890812, "dvar": 0.000441011070507, "dvar2": 0.00106979906559, "max": 0.2358905375, "mean": 0.0380148403347, "median": 0.0144109670073, "min": 1.87342805626e-23, "var": 0.00184914213605}, "spectral_energyband_middle_high": {"dmean": 0.00213210028596, "dmean2": 0.00345155084506, "dvar": 9.72859379544e-06, "dvar2": 2.39213841269e-05, "max": 0.0540337525308, "mean": 0.00580186769366, "median": 0.00470904726535, "min": 1.08552491022e-21, "var": 2.57849624177e-05}, "spectral_energyband_middle_low": {"dmean": 0.00616855360568, "dmean2": 0.0096855936572, "dvar": 7.96783715487e-05, "dvar2": 0.000191102124518, "max": 0.0995246469975, "mean": 0.0159753262997, "median": 0.0132360691205, "min": 1.50549875467e-22, "var": 0.000171821578988}, "spectral_entropy": {"dmean": 0.188175499439, "dmean2": 0.281792372465, "dvar": 0.0521546527743, "dvar2": 0.106620103121, "max": 9.83221244812, "mean": 7.35975313187, "median": 7.35308980942, "min": 5.54278469086, "var": 0.280873626471}, "spectral_flux": {"dmean": 0.031923096627, "dmean2": 0.0506115145981, "dvar": 0.0015335099306, "dvar2": 0.00363647076301, "max": 0.372983425856, "mean": 0.102405406535, "median": 0.0935546979308, "min": 6.37474517617e-11, "var": 0.00350671331398}, "spectral_kurtosis": {"dmean": 4.34149217606, "dmean2": 7.20540380478, "dvar": 48.6360168457, "dvar2": 127.70993042, "max": 114.990386963, "mean": 9.48376560211, "median": 6.47883892059, "min": -1.26066207886, "var": 94.7426376343}, "spectral_rms": {"dmean": 0.000960522389505, "dmean2": 0.00149994262028, "dvar": 1.3077993799e-06, "dvar2": 2.87478519567e-06, "max": 0.0154208224267, "mean": 0.00725040398538, "median": 0.00705701066181, "min": 3.11236713485e-12, "var": 1.04061919046e-05}, "spectral_rolloff": {"dmean": 217.115615845, "dmean2": 355.614318848, "dvar": 170438.84375, "dvar2": 314614.46875, "max": 19573.6816406, "mean": 963.114624023, "median": 667.529296875, "min": 64.599609375, "var": 4015493.5}, "spectral_skewness": {"dmean": 0.373480588198, "dmean2": 0.595534622669, "dvar": 0.207679718733, "dvar2": 0.525667250156, "max": 8.92042255402, "mean": 2.15427088737, "median": 1.99874985218, "min": -0.0836993381381, "var": 0.632748067379}, "spectral_spread": {"dmean": 762081.125, "dmean2": 1111308.75, "dvar": 1137199153150.0, "dvar2": 2210035400700.0, "max": 42347372, "mean": 4334675, "median": 3317815.25, "min": 720347.75, "var": 17946529234900.0}, "spectral_strongpeak": {"dmean": 0.256235748529, "dmean2": 0.442954927683, "dvar": 0.224158644676, "dvar2": 0.610959529877, "max": 7.93328762054, "mean": 0.53302192688, "median": 0.420177459717, "min": 0, "var": 0.349324256182}, "zerocrossingrate": {"dmean": 0.0073409662582, "dmean2": 0.00787980854511, "dvar": 9.97442621156e-05, "dvar2": 8.39419371914e-05, "max": 0.666015625, "mean": 0.0433416739106, "median": 0.03125, "min": 0.00341796875, "var": 0.00330802262761}, "barkbands": {"dmean": [0.00226144120097, 0.0108190514147, 0.00476988824084, 0.00151683355216, 0.0034463009797, 0.00177960004658, 0.00107918295544, 0.0011441137176, 0.000765913631767, 0.00104468513746, 0.000527524156496, 0.000517263368238, 0.000363239058061, 0.000461281946627, 0.000258247513557, 0.000245524919592, 0.000157006696099, 7.7539087215e-05, 4.9452381063e-05, 3.61221827916e-05, 3.63859726349e-05, 6.82377867633e-05, 7.04364865669e-05, 5.4366675613e-05, 6.86866987962e-05, 4.49893377663e-05, 4.68447469757e-05], "dmean2": [0.00387990474701, 0.0172106716782, 0.0078250952065, 0.00257558538578, 0.00573143316433, 0.00292364670895, 0.00174081453588, 0.00181825517211, 0.001230484806, 0.00173346686643, 0.000848763855174, 0.00083729531616, 0.000610420596786, 0.000786601449363, 0.000453283020761, 0.000402973557357, 0.000248805794399, 0.000124779326143, 7.8771430708e-05, 5.43151109014e-05, 5.42132656847e-05, 9.55703144427e-05, 9.36467986321e-05, 7.4014904385e-05, 0.000108280633867, 6.12948133494e-05, 6.60581208649e-05], "dvar": [1.69737268152e-05, 0.000330873037456, 8.84154069354e-05, 9.01303974388e-06, 3.23924614349e-05, 9.81921220955e-06, 2.35551351579e-06, 3.53656560037e-06, 1.18976663543e-06, 4.75272645417e-06, 5.47474371615e-07, 1.03483034763e-06, 3.32163892836e-07, 1.0797732557e-06, 2.22835922159e-07, 2.58785206597e-07, 1.49978276909e-07, 1.50954271305e-08, 6.37999075792e-09, 4.06424538468e-09, 3.96567445549e-09, 1.65185163326e-08, 1.91516225101e-08, 1.49823282669e-08, 3.79135052242e-08, 1.41968081735e-08, 2.36562645028e-08], "dvar2": [5.69799667574e-05, 0.000815626233816, 0.000221321010031, 2.39183355006e-05, 8.37116967887e-05, 2.5076802558e-05, 6.14958435108e-06, 9.59675708145e-06, 2.93900961879e-06, 1.2252079614e-05, 1.35162076731e-06, 2.57622696154e-06, 8.79709716628e-07, 2.99596695186e-06, 6.52467463169e-07, 7.05552849922e-07, 3.57886108304e-07, 3.63791272662e-08, 1.65506595096e-08, 8.70237837347e-09, 8.11146616542e-09, 3.28444329512e-08, 3.13800043727e-08, 2.6414008758e-08, 9.70426867752e-08, 2.82184675626e-08, 5.68617224417e-08], "max": [0.0577752999961, 0.220563903451, 0.146303862333, 0.0314014740288, 0.0729980617762, 0.0511233881116, 0.0223391242325, 0.0290810856968, 0.0184222348034, 0.0307233240455, 0.0229851026088, 0.0355861969292, 0.0146350571886, 0.0184045247734, 0.0109251225367, 0.0161302145571, 0.013084304519, 0.00187916029245, 0.00125476391986, 0.00106913794298, 0.00119868968613, 0.00164930906612, 0.00224864040501, 0.00147467793431, 0.00240068370476, 0.00136495323386, 0.00184912607074], "mean": [0.00716325314716, 0.0235875565559, 0.0115510486066, 0.0016310919309, 0.00500536616892, 0.00314777554013, 0.00210183579475, 0.00215445156209, 0.00148619653191, 0.00145263818558, 0.000984048121609, 0.00095668627182, 0.000607782974839, 0.000600327039137, 0.000383930339012, 0.000426758255344, 0.000313212687615, 0.000150715350173, 9.9350734672e-05, 6.73154791002e-05, 6.96818678989e-05, 0.000109262437036, 0.000120123921079, 0.000104994447611, 0.000106827028503, 8.53880628711e-05, 8.12126236269e-05], "median": [0.00631557591259, 0.00667553115636, 0.00142055831384, 0.000447339756647, 0.00252380617894, 0.00199795025401, 0.00141513813287, 0.00120201543905, 0.000974743394181, 0.000696724222507, 0.000656618329231, 0.000506278011017, 0.000364433013601, 0.000301793217659, 0.000204249459784, 0.000233944650972, 0.000148847379023, 9.10531744012e-05, 5.66749331483e-05, 3.65621963283e-05, 3.09445495077e-05, 2.73328132607e-05, 1.57372105605e-05, 7.42251722841e-06, 4.68169992018e-06, 1.64273421888e-06, 3.46498779891e-07], "min": [2.54587526872e-25, 2.24413789532e-24, 1.153995529e-24, 1.11751327593e-24, 6.44839358616e-24, 7.28252800759e-24, 1.00872393368e-23, 8.35351081607e-24, 1.71135263898e-23, 1.91742093568e-23, 1.1626760558e-23, 2.44824528103e-23, 3.29811921301e-23, 3.91655902589e-23, 3.37829966651e-23, 5.89504205548e-23, 9.6066521783e-23, 7.55063895231e-23, 1.33727574435e-22, 1.68941164041e-22, 2.73361987868e-22, 3.66895369999e-22, 3.76659726201e-22, 6.04304965313e-22, 7.83821636515e-22, 1.435627085e-21, 1.95579262579e-21], "var": [5.09259516548e-05, 0.00103448447771, 0.000386422907468, 9.12210725801e-06, 4.39526447735e-05, 1.46626462083e-05, 4.91149103254e-06, 7.33886690796e-06, 2.78027323475e-06, 5.2082041293e-06, 1.36152186769e-06, 3.00607985082e-06, 7.13193742286e-07, 1.0880330592e-06, 3.64498873751e-07, 5.40132134574e-07, 5.2250538829e-07, 3.38801307009e-08, 1.59413673373e-08, 9.11368491785e-09, 1.0517838156e-08, 4.14732923559e-08, 6.81493972365e-08, 5.74508050022e-08, 6.60054269019e-08, 4.5643840707e-08, 5.39407025713e-08]}, "erbbands": {"dmean": [0.316763520241, 2.54110956192, 5.78169727325, 3.96204853058, 8.93038272858, 11.4881496429, 17.0532455444, 12.5033540726, 14.5238780975, 24.0022621155, 18.0424346924, 17.7359104156, 23.5872364044, 30.864402771, 20.8799495697, 21.4100723267, 16.4145679474, 26.6258621216, 11.1194667816, 13.2360448837, 13.1120023727, 8.3990650177, 4.58253955841, 2.97368526459, 2.10995936394, 1.72975575924, 1.51160597801, 1.62925219536, 2.15465116501, 2.67177772522, 1.89050543308, 1.29064750671, 0.965421557426, 0.792956411839, 0.41935557127, 0.205393135548, 0.0812939330935, 0.0330507718027, 0.0074808569625, 0.000575727899559], "dmean2": [0.492862701416, 4.09331035614, 9.40749835968, 6.63068342209, 14.8991203308, 18.8780288696, 28.0492630005, 20.2257823944, 23.5874576569, 37.6850128174, 29.7852363586, 28.3463001251, 38.4188461304, 51.4393615723, 33.7352294922, 34.6317520142, 27.2391414642, 45.6739768982, 18.9699897766, 22.7897720337, 21.5852241516, 13.1704006195, 7.30981206894, 4.78676652908, 3.30684614182, 2.62492775917, 2.29827356339, 2.45423054695, 3.04982256889, 3.70527815819, 2.49149560928, 1.71459686756, 1.44123494625, 1.25928938389, 0.650461316109, 0.305927634239, 0.108862400055, 0.0482484847307, 0.0107773719355, 0.000800031470135], "dvar": [0.363782793283, 18.4735679626, 119.929603577, 51.3422546387, 391.640380859, 347.941436768, 1350.41186523, 374.676879883, 403.443054199, 1233.9284668, 1144.61181641, 716.453063965, 1359.00341797, 4336.76123047, 1184.73681641, 1797.27124023, 678.19732666, 3846.74438477, 318.775970459, 774.101928711, 833.868286133, 441.598205566, 51.5363044739, 24.8640003204, 13.8223981857, 9.19424724579, 6.84479284286, 10.3227348328, 16.9004936218, 25.7188625336, 14.3966417313, 8.10473060608, 5.75317573547, 4.75104284286, 1.32911550999, 0.325663238764, 0.0423900596797, 0.0113273542374, 0.000611797906458, 3.14271869684e-06], "dvar2": [0.809224784374, 47.5857048035, 295.220275879, 137.382888794, 1013.56402588, 886.876953125, 3404.67163086, 950.183776855, 1085.57836914, 3189.28955078, 3316.078125, 1733.75427246, 3395.78027344, 11466.359375, 2765.26635742, 4704.28515625, 1745.4609375, 10792.0458984, 906.504821777, 2238.390625, 2356.14819336, 1052.00756836, 120.103843689, 64.4703140259, 34.8568572998, 19.8331737518, 14.5670442581, 22.2509670258, 33.0604095459, 49.0535087585, 22.8914699554, 13.3611898422, 12.7779121399, 12.0359745026, 3.31509447098, 0.763622939587, 0.0748760104179, 0.0274121686816, 0.00149709032848, 6.85972008796e-06], "max": [6.68578147888, 52.3565635681, 168.275344849, 96.0109786987, 225.11289978, 271.805603027, 630.51159668, 315.839324951, 327.482971191, 469.672241211, 590.858032227, 536.635437012, 666.000793457, 882.319763184, 1399.0423584, 1018.26641846, 701.270812988, 1088.70178223, 381.824127197, 758.375305176, 642.470275879, 757.840026855, 122.014320374, 93.8090133667, 78.9637374878, 54.1223297119, 43.9823875427, 42.7199249268, 58.2591629028, 82.7123565674, 54.862651825, 39.2334671021, 27.3682460785, 29.7008056641, 13.927614212, 6.76405858994, 2.67204999924, 1.31631720066, 0.286131650209, 0.0205659288913], "mean": [0.564079463482, 5.67223548889, 15.4898004532, 6.94872713089, 10.3084945679, 16.8323059082, 26.5633716583, 22.9998378754, 29.3947067261, 46.0658111572, 35.2124404907, 35.6086769104, 41.5170669556, 44.7897758484, 40.0685577393, 41.1827163696, 30.452419281, 35.1990776062, 18.7468280792, 22.1558494568, 23.7642631531, 17.7105045319, 9.82625293732, 6.16047954559, 4.3564658165, 3.23699140549, 2.80186700821, 2.92096138, 3.54895544052, 4.15734004974, 3.33099794388, 2.38892507553, 1.68332624435, 1.21105909348, 0.701593697071, 0.363175690174, 0.154221847653, 0.0565868765116, 0.0127249788493, 0.0010873884894], "median": [0.1887653023, 1.52312612534, 2.41659784317, 2.48252916336, 3.24810767174, 8.52754974365, 13.884724617, 15.2050275803, 20.6088905334, 28.5729866028, 22.6706142426, 23.1749763489, 26.2837924957, 24.5241909027, 26.187664032, 22.1285552979, 19.1128616333, 18.0956249237, 12.4180374146, 12.0891170502, 12.5543222427, 8.58066082001, 5.95771980286, 3.80507063866, 2.46242284775, 1.7698969841, 1.34571576118, 1.14765334129, 0.988269627094, 0.761366188526, 0.409082382917, 0.202908217907, 0.0965934470296, 0.0585317015648, 0.0289995204657, 0.00949257239699, 0.0025813204702, 0.000523785012774, 9.512858378e-05, 9.21258251765e-05], "min": [8.15204189399e-23, 4.20864386373e-22, 9.83325796379e-22, 5.93964874441e-21, 1.22171288754e-20, 1.39410419344e-20, 4.99503481895e-20, 5.48666896978e-20, 1.38472567782e-19, 2.3501253273e-19, 2.52280806896e-19, 3.45311587342e-19, 5.39777535902e-19, 8.26947606114e-19, 1.06084011045e-18, 1.3378711694e-18, 1.89684198385e-18, 2.00730905952e-18, 3.13613597169e-18, 2.84213716363e-18, 3.69864587839e-18, 5.31408784209e-18, 4.35214916799e-18, 5.95199381406e-18, 5.46178383559e-18, 8.81063653963e-18, 7.99618706389e-18, 1.06477980627e-17, 1.2129710328e-17, 1.24161240967e-17, 1.15613570107e-17, 1.19933562215e-17, 1.02861621435e-17, 9.05485830676e-18, 4.81280605112e-18, 4.33568951457e-18, 2.40880288331e-18, 9.89300878181e-19, 2.53095424703e-19, 2.71710639713e-20], "var": [0.908309698105, 59.7218894958, 585.912475586, 108.605224609, 373.137359619, 521.097229004, 1848.94311523, 652.984741211, 942.359863281, 2673.17016602, 1862.87365723, 1717.78747559, 2368.39916992, 4471.21972656, 2919.85083008, 5135.04199219, 1732.82861328, 3701.04443359, 497.989929199, 1522.59204102, 1641.20788574, 1588.44958496, 155.469009399, 56.84582901, 33.9552536011, 20.9091968536, 16.1863269806, 22.6248016357, 43.4965820312, 69.6695556641, 53.6788787842, 30.4381141663, 15.5169935226, 8.34582138062, 2.81454014778, 0.804257571697, 0.15060326457, 0.0245105233043, 0.00131765485276, 8.60488489707e-06]}, "gfcc": {"mean": [-20.7441272736, 124.523826599, -110.544685364, 8.22292995453, -45.4827804565, 11.3507595062, -25.8599662781, 3.3096382618, -8.80623435974, 1.27825558186, -6.83070135117, 4.08336782455, -3.68479776382], "cov": [[28133.5820312, -1178.3157959, 1074.92150879, 1110.01513672, -888.136291504, 578.954162598, -667.731384277, 440.239868164, -342.342926025, -30.3250904083, -619.242004395, 43.2167243958, -552.868347168], [-1178.3157959, 2582.62719727, -1180.66345215, -80.092590332, 250.949188232, -235.650436401, 295.715148926, -141.74281311, 200.020065308, -7.34165334702, 281.475921631, -73.0330352783, 237.945953369], [1074.92150879, -1180.66345215, 1819.93322754, 245.155944824, 3.79101920128, 385.233886719, -58.4993476868, 131.637268066, -68.7269744873, -34.6277961731, -269.801452637, -38.6835021973, -259.225891113], [1110.01513672, -80.092590332, 245.155944824, 428.95526123, 4.49519348145, 119.221717834, 10.5839519501, 71.8103256226, 14.8639907837, -5.53597927094, -61.0344848633, -11.4864606857, -80.905090332], [-888.136291504, 250.949188232, 3.79101920128, 4.49519348145, 320.577545166, -5.51328420639, 87.4119415283, 0.573608338833, 65.235206604, 5.77623033524, 19.6586265564, -34.2787513733, 19.7623462677], [578.954162598, -235.650436401, 385.233886719, 119.221717834, -5.51328420639, 301.183685303, -20.8036823273, 32.9559288025, -5.3813290596, -11.2555074692, -78.0557098389, 2.33230018616, -89.7507781982], [-667.731384277, 295.715148926, -58.4993476868, 10.5839519501, 87.4119415283, -20.8036823273, 176.021530151, 0.699045181274, 33.1035118103, 0.0453583262861, 43.8243255615, -26.4669589996, 28.5160903931], [440.239868164, -141.74281311, 131.637268066, 71.8103256226, 0.573608338833, 32.9559288025, 0.699045181274, 126.364830017, 12.7043361664, 16.2108974457, -22.0937023163, 13.8875274658, -23.767364502], [-342.342926025, 200.020065308, -68.7269744873, 14.8639907837, 65.235206604, -5.3813290596, 33.1035118103, 12.7043361664, 107.139862061, 20.6967868805, 30.7743167877, -2.4042403698, 23.0030860901], [-30.3250904083, -7.34165334702, -34.6277961731, -5.53597927094, 5.77623033524, -11.2555074692, 0.0453583262861, 16.2108974457, 20.6967868805, 88.3382949829, 36.2742080688, 2.3469107151, 6.22524261475], [-619.242004395, 281.475921631, -269.801452637, -61.0344848633, 19.6586265564, -78.0557098389, 43.8243255615, -22.0937023163, 30.7743167877, 36.2742080688, 120.349067688, 24.5709953308, 56.1533508301], [43.2167243958, -73.0330352783, -38.6835021973, -11.4864606857, -34.2787513733, 2.33230018616, -26.4669589996, 13.8875274658, -2.4042403698, 2.3469107151, 24.5709953308, 76.9743347168, 30.1890659332], [-552.868347168, 237.945953369, -259.225891113, -80.905090332, 19.7623462677, -89.7507781982, 28.5160903931, -23.767364502, 23.0030860901, 6.22524261475, 56.1533508301, 30.1890659332, 122.449157715]], "icov": [[5.53440404474e-05, -6.28724883427e-05, 1.75816694536e-05, -8.51271179272e-05, 0.000100859506347, 4.82279756397e-06, 0.000133437584736, -0.000136812654091, 0.000133140478283, -0.000126541111968, 0.000296866579447, -0.000128620798932, 0.000159653689479], [-6.28724883427e-05, 0.00103474641219, 0.000342110084603, -0.000174546497874, -0.000260615401203, -0.000317103840644, -0.000704773003235, 0.000477471738122, -0.00101286929566, 0.00108015339356, -0.00178829138167, 0.00165462552104, -0.00107174529694], [1.75816694536e-05, 0.000342110084603, 0.00128588837106, -4.06105828006e-05, -0.00024628880783, -0.000698472082149, -0.000607203692198, -0.00029128335882, -5.53639947611e-05, -0.000155947986059, 0.00149319635238, -0.000196748762392, 0.00110473204404], [-8.51271179272e-05, -0.000174546497874, -4.06105828006e-05, 0.00328782759607, -3.18510792567e-05, -0.000475284119602, -0.000719955889508, -0.0010037625907, -0.000693144858815, -3.49477704731e-05, 0.000921431579627, -0.000630880240351, 0.00153578282334], [0.000100859506347, -0.000260615401203, -0.00024628880783, -3.18510792567e-05, 0.00432965159416, -2.5222547265e-05, -0.00102195737418, -0.000267825293122, -0.00167143670842, -0.000168322090758, 0.0005625722697, 0.001090748352, -0.000316220801324], [4.82279756397e-06, -0.000317103840644, -0.000698472082149, -0.000475284119602, -2.5222547265e-05, 0.00555181829259, -0.000425644742791, 0.00068225042196, -0.000711914908607, -0.000734456407372, 0.00251576770097, -0.00313008227386, 0.00293926359154], [0.000133437584736, -0.000704773003235, -0.000607203692198, -0.000719955889508, -0.00102195737418, -0.000425644742791, 0.00938760489225, -0.00185586314183, 0.00067088130163, 0.0014790132409, -0.00378113682382, 0.00389640103094, -0.00191048206761], [-0.000136812654091, 0.000477471738122, -0.00029128335882, -0.0010037625907, -0.000267825293122, 0.00068225042196, -0.00185586314183, 0.0109915900975, -0.00223587406799, -0.00225927541032, 0.00174693937879, -0.00342392665334, 0.000861452252138], [0.000133140478283, -0.00101286929566, -5.53639947611e-05, -0.000693144858815, -0.00167143670842, -0.000711914908607, 0.00067088130163, -0.00223587406799, 0.0135923763737, -0.00260203098878, -0.000439300230937, -0.00021346185531, -0.00101515185088], [-0.000126541111968, 0.00108015339356, -0.000155947986059, -3.49477704731e-05, -0.000168322090758, -0.000734456407372, 0.0014790132409, -0.00225927541032, -0.00260203098878, 0.0160881131887, -0.00941498856992, 0.00491355033591, -0.00154060823843], [0.000296866579447, -0.00178829138167, 0.00149319635238, 0.000921431579627, 0.0005625722697, 0.00251576770097, -0.00378113682382, 0.00174693937879, -0.000439300230937, -0.00941498856992, 0.0246635116637, -0.0114393979311, 0.0036293270532], [-0.000128620798932, 0.00165462552104, -0.000196748762392, -0.000630880240351, 0.001090748352, -0.00313008227386, 0.00389640103094, -0.00342392665334, -0.00021346185531, 0.00491355033591, -0.0114393979311, 0.0242435932159, -0.00961252208799], [0.000159653689479, -0.00107174529694, 0.00110473204404, 0.00153578282334, -0.000316220801324, 0.00293926359154, -0.00191048206761, 0.000861452252138, -0.00101515185088, -0.00154060823843, 0.0036293270532, -0.00961252208799, 0.0181157104671]]}, "melbands": {"dmean": [0.00288873794489, 0.00298936967738, 0.00079180317698, 0.000716956448741, 0.000566975621041, 0.000292538432404, 0.000218749148189, 0.000270202959655, 0.000139536132338, 0.000112497298687, 0.000124801183119, 0.000136291608214, 6.63329192321e-05, 5.68851464777e-05, 4.86459939566e-05, 3.67659849871e-05, 5.42372654309e-05, 1.79387425305e-05, 1.8226544853e-05, 1.79032685992e-05, 1.5584855646e-05, 9.71853478404e-06, 6.42448731014e-06, 3.91409184886e-06, 2.54254064203e-06, 1.76651315087e-06, 1.47757066316e-06, 1.16657633953e-06, 1.01242289929e-06, 8.82106746758e-07, 1.08290532808e-06, 1.20553067973e-06, 1.51562335304e-06, 1.53099290401e-06, 1.18500827284e-06, 9.40715949582e-07, 7.93346828232e-07, 6.65094319174e-07, 8.75620060015e-07, 6.33966408259e-07], "dmean2": [0.00456371949986, 0.00485812220722, 0.00130466732662, 0.00119018566329, 0.000930156675167, 0.000475977140013, 0.000353101233486, 0.000424121448305, 0.000230387144256, 0.000180744740646, 0.000203770381631, 0.000228107746807, 0.000106736435555, 9.20505262911e-05, 7.84597505117e-05, 6.20105929556e-05, 9.32428447413e-05, 3.06996298605e-05, 3.15895522363e-05, 3.0122248063e-05, 2.57187966781e-05, 1.54883618961e-05, 1.02042522485e-05, 6.40734742774e-06, 4.14713986174e-06, 2.83177291749e-06, 2.29449983635e-06, 1.80245888259e-06, 1.57118870447e-06, 1.34756692205e-06, 1.68252211097e-06, 1.76861760792e-06, 2.16340640691e-06, 2.19459093387e-06, 1.62577043739e-06, 1.29898376144e-06, 1.11235021905e-06, 1.00045622276e-06, 1.4287978729e-06, 1.0224749758e-06], "dvar": [2.5422525141e-05, 2.58353338722e-05, 1.96839368982e-06, 1.67598670942e-06, 1.24207303998e-06, 2.01183866011e-07, 8.95905074572e-08, 1.60401029348e-07, 6.39066826125e-08, 2.72446687433e-08, 4.0493780773e-08, 9.19793521348e-08, 1.02416377601e-08, 1.12937330599e-08, 8.56894999401e-09, 3.81197118315e-09, 1.66663820522e-08, 8.26041013369e-10, 1.11307407735e-09, 1.3761243256e-09, 1.26949584178e-09, 7.82884979067e-10, 1.40986819441e-10, 4.73391915945e-11, 1.91169840374e-11, 7.93505192109e-12, 7.89686198377e-12, 4.27950426832e-12, 3.26223640115e-12, 2.22578747967e-12, 5.52229833042e-12, 5.79103692083e-12, 8.30819094078e-12, 8.90352028216e-12, 5.68705195783e-12, 4.55063894553e-12, 3.28763752333e-12, 2.57834248743e-12, 6.967946619e-12, 2.87353430981e-12], "dvar2": [5.97411017225e-05, 6.46874177619e-05, 5.02692500959e-06, 4.15919157604e-06, 3.16929140354e-06, 5.17448427217e-07, 2.37137399495e-07, 4.16803231928e-07, 1.82705932161e-07, 6.65080079898e-08, 1.01015544374e-07, 2.43433674996e-07, 2.4281241906e-08, 2.70529145752e-08, 2.15244231327e-08, 1.03250545891e-08, 4.67372274215e-08, 2.34096919627e-09, 3.09524161857e-09, 3.71531672094e-09, 3.59121332671e-09, 1.90986626514e-09, 3.13929465756e-10, 1.20082832566e-10, 5.12413826648e-11, 1.97708030503e-11, 1.88958293457e-11, 9.65084002297e-12, 7.31470006093e-12, 4.69450563492e-12, 1.29880611474e-11, 1.23322090387e-11, 1.68575362003e-11, 1.77993158407e-11, 9.9958548383e-12, 8.45816212208e-12, 6.13091955676e-12, 5.56178714195e-12, 1.86500242333e-11, 7.2578605452e-12], "max": [0.055001065135, 0.065785124898, 0.0149472709745, 0.016824843362, 0.018478276208, 0.00672150729224, 0.0051050465554, 0.00549454847351, 0.00457295961678, 0.00330819189548, 0.00361257744953, 0.00405527884141, 0.00311159784906, 0.00423597963527, 0.00339864403941, 0.00112649484072, 0.00219477550127, 0.000578904524446, 0.000851011776831, 0.00148306949995, 0.000939332763664, 0.00104056077544, 0.000268590432825, 0.00013729663624, 8.63703826326e-05, 4.52380700153e-05, 5.51214507141e-05, 3.02399730572e-05, 2.81694483419e-05, 2.58683612628e-05, 2.97541173495e-05, 3.78137810912e-05, 3.6386820284e-05, 5.10110803589e-05, 3.5407487303e-05, 3.74543415091e-05, 2.45846986218e-05, 1.96154887817e-05, 4.36607842857e-05, 1.91342514881e-05], "mean": [0.00597988720983, 0.00811541173607, 0.00139684602618, 0.000969218963291, 0.00091096572578, 0.000548252719454, 0.000442808610387, 0.000518341548741, 0.000270414020633, 0.00021770191961, 0.000208201759961, 0.000183954034583, 0.000126104408992, 0.000113571259135, 8.88354625204e-05, 5.83121727686e-05, 6.75852061249e-05, 2.87374386971e-05, 2.76576174656e-05, 3.03950546368e-05, 2.65412982117e-05, 1.88330013771e-05, 1.21960993056e-05, 7.05360844222e-06, 4.74628859592e-06, 3.33402908836e-06, 2.72046349892e-06, 1.99022360903e-06, 1.72820136868e-06, 1.61819775713e-06, 1.74343574599e-06, 1.90693924651e-06, 2.27965801969e-06, 2.2954745873e-06, 1.98162570086e-06, 1.63054460245e-06, 1.39627252338e-06, 1.16132548555e-06, 1.18240006941e-06, 9.70290102487e-07], "median": [0.00207219645381, 0.00187217723578, 0.00052585004596, 0.000405293714721, 0.00050874549197, 0.000369972549379, 0.000312571064569, 0.000315367506118, 0.000175808221684, 0.000142816832522, 0.000126256665681, 9.17071374715e-05, 8.48191775731e-05, 6.35838514427e-05, 4.96943284816e-05, 3.43423744198e-05, 3.17026751873e-05, 1.82599651453e-05, 1.47868413478e-05, 1.615545807e-05, 1.29282207126e-05, 8.34026923258e-06, 6.40980260869e-06, 4.17360251959e-06, 2.7872076771e-06, 1.86101044619e-06, 1.39703774948e-06, 1.03491811387e-06, 8.08141919606e-07, 6.99700763107e-07, 6.20254525074e-07, 5.44950182757e-07, 4.89567071327e-07, 3.80449449722e-07, 2.47722624636e-07, 1.53709365236e-07, 1.05996164734e-07, 6.70449651352e-08, 5.61182673664e-08, 4.55486777184e-08], "min": [1.10756110536e-24, 1.42890556725e-24, 1.46879353007e-24, 1.61249095345e-24, 1.38101697714e-24, 1.5119884964e-24, 2.15298363722e-24, 2.39264628554e-24, 2.19459585275e-24, 2.35651369507e-24, 2.48253816898e-24, 3.06966446377e-24, 2.60844234161e-24, 3.68101233823e-24, 3.06903850264e-24, 4.25904819437e-24, 2.91038319182e-24, 2.85328898937e-24, 2.44308506574e-24, 3.48082902277e-24, 3.24814503244e-24, 3.74507297133e-24, 4.02140976313e-24, 3.36288051237e-24, 3.85272566362e-24, 3.63414374526e-24, 4.25558825044e-24, 5.08231408469e-24, 4.86870948421e-24, 5.30297070722e-24, 5.54699102318e-24, 5.43493688147e-24, 5.29307957476e-24, 6.10307011933e-24, 5.8177403132e-24, 5.54531587705e-24, 6.63683825692e-24, 6.36501059404e-24, 6.47045329251e-24, 7.01029763122e-24], "var": [6.9990666816e-05, 0.000122554323752, 3.8512998799e-06, 2.15075488086e-06, 1.76767343874e-06, 3.53098016603e-07, 2.05005406428e-07, 3.55757748594e-07, 1.04609327423e-07, 6.16058315472e-08, 6.61946444325e-08, 8.93205793773e-08, 2.5015680194e-08, 3.62887000449e-08, 2.33929853266e-08, 6.6165983803e-09, 1.57440389614e-08, 1.26392807331e-09, 2.01251748599e-09, 3.03847258465e-09, 2.42931408323e-09, 2.45055820081e-09, 3.93136384558e-10, 8.41807457075e-11, 3.91743096295e-11, 1.82428534085e-11, 1.73547981541e-11, 8.58285231081e-12, 6.58730058348e-12, 5.76099281127e-12, 9.38860447719e-12, 1.28580219388e-11, 1.98300820209e-11, 2.26068001125e-11, 1.88551604885e-11, 1.47630380143e-11, 1.067905573e-11, 7.47061700695e-12, 9.2397573967e-12, 5.30995299813e-12]}, "mfcc": {"mean": [-657.707275391, 160.50869751, -1.81719040871, 8.7775182724, 3.35312914848, 8.79339599609, -2.62478232384, 7.18891525269, 2.74473643303, 1.1597366333, 2.98531103134, 5.0353012085, 4.64032745361], "cov": [[12409.7060547, -186.003540039, 984.633483887, 689.089904785, 258.851135254, 160.755325317, -168.380813599, 319.991638184, 37.4741630554, 76.6307220459, 5.98165082932, -154.072402954, -73.1744613647], [-186.003540039, 2094.01196289, -652.674438477, 100.611541748, -42.4575881958, 16.4273376465, 77.5519790649, -30.3681468964, 56.4467201233, -5.78634214401, 61.1610107422, 124.516670227, 59.0736923218], [984.633483887, -652.674438477, 1185.92871094, 15.0964603424, 136.484344482, 174.481811523, 6.21768474579, 138.926300049, 29.060552597, 61.0893821716, -2.32348513603, -138.2840271, -60.4350204468], [689.089904785, 100.611541748, 15.0964603424, 341.166717529, 29.646074295, 14.5804605484, 15.9093761444, 46.4298934937, 29.7675094604, 35.1936912537, 24.0966320038, 8.23114490509, -0.749759972095], [258.851135254, -42.4575881958, 136.484344482, 29.646074295, 210.020965576, 78.7107467651, -2.9555170536, 42.3301963806, 39.4370193481, 26.1167945862, 13.0517673492, -20.4704799652, -2.20231413841], [160.755325317, 16.4273376465, 174.481811523, 14.5804605484, 78.7107467651, 204.135284424, 26.1009273529, 57.1466636658, 13.4063167572, 29.6122760773, 17.4338912964, -27.0014877319, -2.57760691643], [-168.380813599, 77.5519790649, 6.21768474579, 15.9093761444, -2.9555170536, 26.1009273529, 117.14050293, 13.0802307129, 16.7938594818, 7.83302688599, 10.0703630447, 10.6167039871, -9.94487380981], [319.991638184, -30.3681468964, 138.926300049, 46.4298934937, 42.3301963806, 57.1466636658, 13.0802307129, 131.207168579, 31.4404659271, 3.22441530228, 5.87601280212, -16.1293792725, -1.60657012463], [37.4741630554, 56.4467201233, 29.060552597, 29.7675094604, 39.4370193481, 13.4063167572, 16.7938594818, 31.4404659271, 88.0894393921, 27.9350910187, -2.48622274399, -0.402716606855, -0.266839236021], [76.6307220459, -5.78634214401, 61.0893821716, 35.1936912537, 26.1167945862, 29.6122760773, 7.83302688599, 3.22441530228, 27.9350910187, 72.3909606934, 35.4661407471, -5.70578622818, -3.31817579269], [5.98165082932, 61.1610107422, -2.32348513603, 24.0966320038, 13.0517673492, 17.4338912964, 10.0703630447, 5.87601280212, -2.48622274399, 35.4661407471, 76.1693115234, 29.5526771545, 2.2562918663], [-154.072402954, 124.516670227, -138.2840271, 8.23114490509, -20.4704799652, -27.0014877319, 10.6167039871, -16.1293792725, -0.402716606855, -5.70578622818, 29.5526771545, 77.8467254639, 32.4410209656], [-73.1744613647, 59.0736923218, -60.4350204468, -0.749759972095, -2.20231413841, -2.57760691643, -9.94487380981, -1.60657012463, -0.266839236021, -3.31817579269, 2.2562918663, 32.4410209656, 60.679599762]], "icov": [[0.000104911370727, -2.32389502344e-05, -7.38489907235e-05, -0.000197248737095, -5.58155479666e-05, 2.94498331641e-05, 0.000193950865651, -0.000156949739903, 0.000116286297271, -4.0689476009e-05, 8.05548770586e-05, -2.09016138797e-06, 9.64147475315e-05], [-2.32389502344e-05, 0.000669864704832, 0.000380808312912, -0.00012003925076, 0.000139968673466, -0.000407036306569, -0.000305477791699, 0.000181207040441, -0.000689425854944, 0.000502825190779, -0.000610389746726, -7.48320308048e-05, -0.000272680132184], [-7.38489907235e-05, 0.000380808312912, 0.00155084196012, 0.00018756755162, -0.000195793734747, -0.000628806708846, -0.000300988205709, -0.000802906579338, -0.000112902132969, -0.000481891387608, -0.000474652828416, 0.00170283508487, 6.31360453553e-05], [-0.000197248737095, -0.00012003925076, 0.00018756755162, 0.00373571296223, -0.000170759027242, 0.000364017556421, -0.000479945301777, -0.00114490592387, -5.76785969315e-05, -0.00183882296551, 0.000127739171148, -0.000637268705759, 0.000247405900154], [-5.58155479666e-05, 0.000139968673466, -0.000195793734747, -0.000170759027242, 0.0064475662075, -0.00201720232144, 0.00082428305177, 7.34246495995e-05, -0.00300782802515, 0.000805977790151, -0.00174475531094, 0.00122041313443, -0.000672074325848], [2.94498331641e-05, -0.000407036306569, -0.000628806708846, 0.000364017556421, -0.00201720232144, 0.0075017651543, -0.00156039907597, -0.00224110274576, 0.00188169267494, -0.00220075296238, -0.000441845535534, 0.00197904324159, -0.00141330703627], [0.000193950865651, -0.000305477791699, -0.000300988205709, -0.000479945301777, 0.00082428305177, -0.00156039907597, 0.0103039154783, -0.000701643817592, -0.00136974302586, -0.000286841270281, 0.00049339607358, -0.00316533166915, 0.00351157668047], [-0.000156949739903, 0.000181207040441, -0.000802906579338, -0.00114490592387, 7.34246495995e-05, -0.00224110274576, -0.000701643817592, 0.0119168106467, -0.00521156890318, 0.00597266620025, -0.004065990448, 0.00271796761081, -0.00206973659806], [0.000116286297271, -0.000689425854944, -0.000112902132969, -5.76785969315e-05, -0.00300782802515, 0.00188169267494, -0.00136974302586, -0.00521156890318, 0.018789280206, -0.0112617975101, 0.00890556629747, -0.00484993541613, 0.00203510606661], [-4.0689476009e-05, 0.000502825190779, -0.000481891387608, -0.00183882296551, 0.000805977790151, -0.00220075296238, -0.000286841270281, 0.00597266620025, -0.0112617975101, 0.0289424415678, -0.0172674302012, 0.00939904898405, -0.0038441431243], [8.05548770586e-05, -0.000610389746726, -0.000474652828416, 0.000127739171148, -0.00174475531094, -0.000441845535534, 0.00049339607358, -0.004065990448, 0.00890556629747, -0.0172674302012, 0.0285989288241, -0.0161414649338, 0.00677251908928], [-2.09016138797e-06, -7.48320308048e-05, 0.00170283508487, -0.000637268705759, 0.00122041313443, 0.00197904324159, -0.00316533166915, 0.00271796761081, -0.00484993541613, 0.00939904898405, -0.0161414649338, 0.0306119844317, -0.0138332024217], [9.64147475315e-05, -0.000272680132184, 6.31360453553e-05, 0.000247405900154, -0.000672074325848, -0.00141330703627, 0.00351157668047, -0.00206973659806, 0.00203510606661, -0.0038441431243, 0.00677251908928, -0.0138332024217, 0.02430649288]]}, "spectral_contrast_coeffs": {"dmean": [0.0537776015699, 0.0446284860373, 0.0387987345457, 0.0335237458348, 0.0221867356449, 0.0226012207568], "dmean2": [0.0877105817199, 0.0737725123763, 0.0648432299495, 0.0559429340065, 0.0351752489805, 0.0350444130599], "dvar": [0.00213700416498, 0.00133329594973, 0.0010558826616, 0.000863659835886, 0.000383096339647, 0.000592126394622], "dvar2": [0.00537591706961, 0.0036004439462, 0.00286846957169, 0.00231352355331, 0.0008883511764, 0.00130657106638], "max": [-0.261068165302, -0.467519581318, -0.531855642796, -0.557977735996, -0.572729706764, -0.50945109129], "mean": [-0.639706909657, -0.736591815948, -0.766026854515, -0.782315313816, -0.797818183899, -0.773827254772], "median": [-0.638304531574, -0.737166106701, -0.767911672592, -0.785109877586, -0.802379608154, -0.774404942989], "min": [-0.994832456112, -0.980987846851, -0.976882874966, -0.969253659248, -0.965796768665, -0.964604198933], "var": [0.00877782702446, 0.00487058330327, 0.00360855157487, 0.00275333644822, 0.0023027502466, 0.00220229569823]}, "spectral_contrast_valleys": {"dmean": [0.419379174709, 0.319399684668, 0.295064896345, 0.309929728508, 0.280083537102, 0.535000681877], "dmean2": [0.680382966995, 0.523773014545, 0.4840721488, 0.492963016033, 0.399944752455, 0.705090165138], "dvar": [0.180889472365, 0.0949760228395, 0.0953200832009, 0.136290997267, 0.136812329292, 0.475809395313], "dvar2": [0.389582544565, 0.211075037718, 0.198263406754, 0.290591210127, 0.228952646255, 0.910290181637], "max": [-4.93945121765, -4.37575292587, -4.8125329