{"lowlevel": {"average_loudness": 0.600542545319, "barkbands_crest": {"dmean": 2.28794240952, "dmean2": 3.4264831543, "dvar": 4.81777095795, "dvar2": 10.7957334518, "max": 26.80884552, "mean": 12.908082962, "median": 12.0058841705, "min": 3.61034345627, "var": 23.3017368317}, "barkbands_flatness_db": {"dmean": 0.024535574019, "dmean2": 0.033711116761, "dvar": 0.00056064670207, "dvar2": 0.00114743551239, "max": 0.58504319191, "mean": 0.298112541437, "median": 0.296912908554, "min": 0.037752199918, "var": 0.00520826736465}, "barkbands_kurtosis": {"dmean": 3.08902621269, "dmean2": 4.5079627037, "dvar": 59.0015144348, "dvar2": 121.796012878, "max": 381.339233398, "mean": 5.54642391205, "median": 2.28699827194, "min": -1.77434670925, "var": 174.336837769}, "barkbands_skewness": {"dmean": 0.511713802814, "dmean2": 0.730464875698, "dvar": 0.33779451251, "dvar2": 0.711181461811, "max": 15.2001504898, "mean": 1.08521485329, "median": 0.914860486984, "min": -4.32161903381, "var": 1.84352624416}, "barkbands_spread": {"dmean": 1.74063622952, "dmean2": 2.4651362896, "dvar": 4.82934427261, "dvar2": 9.98697853088, "max": 93.8652267456, "mean": 7.2251868248, "median": 5.54820251465, "min": 0.0814341902733, "var": 39.6093025208}, "dissonance": {"dmean": 0.0401813425124, "dmean2": 0.0669088363647, "dvar": 0.00133738468867, "dvar2": 0.00365230301395, "max": 0.499999970198, "mean": 0.383673965931, "median": 0.392489016056, "min": 0.128739908338, "var": 0.00415174057707}, "dynamic_complexity": 3.91046214104, "erbbands_crest": {"dmean": 2.83576750755, "dmean2": 4.2449464798, "dvar": 7.32364606857, "dvar2": 15.9936962128, "max": 33.5534934998, "mean": 15.878200531, "median": 14.9179077148, "min": 2.646494627, "var": 37.9042930603}, "erbbands_flatness_db": {"dmean": 0.0216123536229, "dmean2": 0.0291797239333, "dvar": 0.000453103682958, "dvar2": 0.000931455928367, "max": 0.608232796192, "mean": 0.3381280303, "median": 0.339524418116, "min": 0.048015397042, "var": 0.00502158328891}, "erbbands_kurtosis": {"dmean": 2.19472694397, "dmean2": 3.17911815643, "dvar": 13.4453849792, "dvar2": 27.8888874054, "max": 79.2474899292, "mean": 3.84452152252, "median": 1.56787014008, "min": -1.68311965466, "var": 50.7157363892}, "erbbands_skewness": {"dmean": 0.45771998167, "dmean2": 0.649049520493, "dvar": 0.195328041911, "dvar2": 0.402590364218, "max": 7.00475883484, "mean": 0.91693598032, "median": 0.808758974075, "min": -4.29921007156, "var": 1.44157683849}, "erbbands_spread": {"dmean": 2.6603884697, "dmean2": 3.82063031197, "dvar": 9.5576839447, "dvar2": 21.2275981903, "max": 92.3986282349, "mean": 11.7486410141, "median": 9.26263618469, "min": 0.386642366648, "var": 69.1685333252}, "hfc": {"dmean": 3.42302680016, "dmean2": 4.66078329086, "dvar": 26.1762313843, "dvar2": 51.179145813, "max": 146.141174316, "mean": 13.4943246841, "median": 10.1318130493, "min": 1.08300090771e-16, "var": 152.687683105}, "melbands_crest": {"dmean": 2.69106078148, "dmean2": 4.04576015472, "dvar": 6.97790145874, "dvar2": 15.1543865204, "max": 33.6092758179, "mean": 15.3374624252, "median": 14.3754711151, "min": 1.71685624123, "var": 31.5536079407}, "melbands_flatness_db": {"dmean": 0.0257708206773, "dmean2": 0.0335378944874, "dvar": 0.000598514918238, "dvar2": 0.00113944942132, "max": 0.646726191044, "mean": 0.348602294922, "median": 0.35127094388, "min": 0.00374025502242, "var": 0.00695024104789}, "melbands_kurtosis": {"dmean": 3.35413789749, "dmean2": 4.98821258545, "dvar": 53.4597244263, "dvar2": 116.233085632, "max": 281.141052246, "mean": 6.25751876831, "median": 2.94183373451, "min": -1.7959382534, "var": 126.884651184}, "melbands_skewness": {"dmean": 0.507806420326, "dmean2": 0.729929029942, "dvar": 0.312385588884, "dvar2": 0.66874730587, "max": 13.3348684311, "mean": 1.13449454308, "median": 0.997391343117, "min": -3.77170014381, "var": 1.6982319355}, "melbands_spread": {"dmean": 2.7769241333, "dmean2": 3.9950094223, "dvar": 13.9948911667, "dvar2": 29.6597061157, "max": 155.588424683, "mean": 11.0390806198, "median": 8.82398986816, "min": 0.351042449474, "var": 96.4484558105}, "pitch_salience": {"dmean": 0.0582346506417, "dmean2": 0.0897493511438, "dvar": 0.00309644662775, "dvar2": 0.00734283030033, "max": 0.882922112942, "mean": 0.482383996248, "median": 0.485321879387, "min": 0.0599628947675, "var": 0.012040511705}, "silence_rate_20dB": {"dmean": 0, "dmean2": 0, "dvar": 0, "dvar2": 0, "max": 1, "mean": 1, "median": 1, "min": 1, "var": 0}, "silence_rate_30dB": {"dmean": 0.00329313776456, "dmean2": 0.0065865945071, "dvar": 0.00328224501573, "dvar2": 0.00761009333655, "max": 1, "mean": 0.995883762836, "median": 1, "min": 0, "var": 0.00409834552556}, "silence_rate_60dB": {"dmean": 0.0277010984719, "dmean2": 0.0554048828781, "dvar": 0.0269319005311, "dvar2": 0.058236964047, "max": 1, "mean": 0.11370459944, "median": 0, "min": 0, "var": 0.100784502923}, "spectral_centroid": {"dmean": 92.881729126, "dmean2": 129.875259399, "dvar": 23994.2792969, "dvar2": 45211.0859375, "max": 11240.9248047, "mean": 775.270324707, "median": 676.971679688, "min": 216.313430786, "var": 149069.21875}, "spectral_complexity": {"dmean": 1.55726671219, "dmean2": 2.39015889168, "dvar": 2.07235383987, "dvar2": 4.40261602402, "max": 25, "mean": 10.0769491196, "median": 10, "min": 0, "var": 17.5095005035}, "spectral_decrease": {"dmean": 1.36214761692e-09, "dmean2": 1.80674908368e-09, "dvar": 3.60412436339e-18, "dvar2": 6.53177256361e-18, "max": 1.2911389803e-18, "mean": -5.55516432854e-09, "median": -4.20269063994e-09, "min": -4.79428123867e-08, "var": 2.5582285942e-17}, "spectral_energy": {"dmean": 0.00542916962877, "dmean2": 0.00720807444304, "dvar": 5.69979856664e-05, "dvar2": 0.000103793303424, "max": 0.188289150596, "mean": 0.0221904478967, "median": 0.0168547481298, "min": 1.02652152743e-20, "var": 0.000403820100473}, "spectral_energyband_high": {"dmean": 1.1324429579e-05, "dmean2": 1.78103091457e-05, "dvar": 1.62296442952e-09, "dvar2": 3.91603638406e-09, "max": 0.00193288293667, "mean": 2.23088536586e-05, "median": 3.71651935893e-06, "min": 7.23846851676e-21, "var": 4.37372449369e-09}, "spectral_energyband_low": {"dmean": 0.000785312033258, "dmean2": 0.00102035922464, "dvar": 4.87329907628e-06, "dvar2": 8.97687095858e-06, "max": 0.118039116263, "mean": 0.00198306632228, "median": 0.000245526549406, "min": 5.1250093668e-23, "var": 2.60392698692e-05}, "spectral_energyband_middle_high": {"dmean": 0.00159564428031, "dmean2": 0.00217389804311, "dvar": 9.077820323e-06, "dvar2": 1.74165998033e-05, "max": 0.0963618829846, "mean": 0.00445310818031, "median": 0.00215773191303, "min": 1.16424479721e-21, "var": 4.32260458183e-05}, "spectral_energyband_middle_low": {"dmean": 0.00440728198737, "dmean2": 0.00598425930366, "dvar": 4.10509455833e-05, "dvar2": 7.65130535001e-05, "max": 0.17022895813, "mean": 0.0162115469575, "median": 0.0119284912944, "min": 1.18884809405e-22, "var": 0.000250141951256}, "spectral_entropy": {"dmean": 0.181352257729, "dmean2": 0.248022183776, "dvar": 0.0317668542266, "dvar2": 0.064859315753, "max": 9.8174495697, "mean": 6.18555021286, "median": 6.1798286438, "min": 3.75385713577, "var": 0.353027373552}, "spectral_flux": {"dmean": 0.0169247891754, "dmean2": 0.0278804507107, "dvar": 0.000422926997999, "dvar2": 0.00106825225521, "max": 0.290771186352, "mean": 0.048117376864, "median": 0.0429034978151, "min": 6.62867191692e-11, "var": 0.000910315080546}, "spectral_kurtosis": {"dmean": 16.5914745331, "dmean2": 28.0524349213, "dvar": 353.100982666, "dvar2": 953.283508301, "max": 307.630187988, "mean": 39.1802177429, "median": 26.2918510437, "min": -1.24301838875, "var": 1380.88171387}, "spectral_rms": {"dmean": 0.000546550494619, "dmean2": 0.000713871035259, "dvar": 3.74623425614e-07, "dvar2": 6.57062059872e-07, "max": 0.0135534768924, "mean": 0.00417668698356, "median": 0.00405507814139, "min": 3.164623728e-12, "var": 4.20440574089e-06}, "spectral_rolloff": {"dmean": 145.056060791, "dmean2": 245.913330078, "dvar": 86017.5, "dvar2": 168528.03125, "max": 19875.1464844, "mean": 962.642883301, "median": 775.1953125, "min": 129.19921875, "var": 835664.9375}, "spectral_skewness": {"dmean": 0.990878880024, "dmean2": 1.68619501591, "dvar": 0.9352003932, "dvar2": 2.60812211037, "max": 13.9521694183, "mean": 3.97130966187, "median": 3.4826002121, "min": -0.0475782752037, "var": 4.37818861008}, "spectral_spread": {"dmean": 282748.6875, "dmean2": 461032.9375, "dvar": 185593282560, "dvar2": 343357227008, "max": 41920912, "mean": 1722988.875, "median": 1564039.25, "min": 256423.25, "var": 1043237765120.0}, "spectral_strongpeak": {"dmean": 0.575720131397, "dmean2": 0.926892995834, "dvar": 0.696404218674, "dvar2": 1.58207774162, "max": 16.531835556, "mean": 1.86111116409, "median": 1.5834133625, "min": 0, "var": 2.15739297867}, "zerocrossingrate": {"dmean": 0.00353142572567, "dmean2": 0.00412430707365, "dvar": 2.51855235547e-05, "dvar2": 3.14976059599e-05, "max": 0.5234375, "mean": 0.0350730158389, "median": 0.03125, "min": 0.005859375, "var": 0.000571031065192}, "barkbands": {"dmean": [8.09274183666e-07, 0.000387298816349, 0.000353280134732, 0.000315528479405, 0.000881590065546, 0.00116953626275, 0.00130981835537, 0.00142446672544, 0.0011328663677, 0.000687222171109, 0.000341628008755, 0.000567623239476, 0.000238086970057, 0.000120796117699, 0.000173216874828, 3.3131113014e-05, 0.000136373942951, 2.30562109209e-05, 2.78701318166e-05, 4.69923998025e-06, 8.80050174601e-06, 1.20007825899e-06, 8.5338331246e-07, 3.30420647288e-07, 2.82812976593e-07, 6.0529515622e-08, 8.72055760937e-09], "dmean2": [1.01192927104e-06, 0.000498257926665, 0.000489576312248, 0.000428936735261, 0.00110644102097, 0.00164506118745, 0.00178084766958, 0.00201200484298, 0.00166778219864, 0.000951810041443, 0.000510511279572, 0.000735184701625, 0.000320249062497, 0.000179605631274, 0.000257585023064, 5.28478703927e-05, 0.000232751568547, 3.60786252713e-05, 4.61549025204e-05, 6.85816621626e-06, 1.45669646372e-05, 1.87650618955e-06, 1.36812172968e-06, 5.37843845905e-07, 4.8007592568e-07, 9.74715561597e-08, 1.5818139687e-08], "dvar": [2.13948112698e-11, 1.58552120411e-06, 1.23278471165e-06, 1.73249031832e-06, 5.25508767169e-06, 7.82214920036e-06, 9.40150130191e-06, 8.40713164507e-06, 6.86757584845e-06, 3.28108785652e-06, 1.06468996819e-06, 3.65581354345e-06, 6.23576511316e-07, 1.77314333882e-07, 8.78280900452e-07, 7.32062099829e-09, 2.29231147841e-07, 4.68653382768e-09, 1.53434474015e-08, 1.07559058882e-10, 1.31930821823e-09, 3.26747413848e-11, 9.73249258962e-12, 9.85277723124e-13, 5.29624434586e-12, 4.18800499109e-14, 5.74699615086e-15], "dvar2": [2.70283379011e-11, 2.73342811852e-06, 2.44957186624e-06, 3.60782996722e-06, 8.76281319506e-06, 1.5304363842e-05, 1.97479403141e-05, 1.65833116625e-05, 1.48505732795e-05, 5.79002789891e-06, 2.21317759497e-06, 6.27690542387e-06, 8.85183567334e-07, 3.73445573132e-07, 1.66567167525e-06, 1.77302741378e-08, 6.53822269214e-07, 1.03419113273e-08, 4.28823980769e-08, 2.56847404456e-10, 3.33107008643e-09, 7.19265896842e-11, 2.77273187049e-11, 2.70323607249e-12, 1.54401231384e-11, 1.12139931943e-13, 1.68313781424e-14], "max": [0.000282383873127, 0.0636018961668, 0.0370241701603, 0.046870701015, 0.098015062511, 0.076195217669, 0.0865004360676, 0.13782581687, 0.0681059956551, 0.0704508125782, 0.0403472185135, 0.09580758214, 0.0638827383518, 0.0192151963711, 0.0589069314301, 0.00544026494026, 0.0103745106608, 0.0018764808774, 0.00508659752086, 0.000309358845698, 0.00152158446144, 0.000378932367312, 0.000122027915495, 2.63372621703e-05, 8.43881934998e-05, 6.94109758115e-06, 3.14282578984e-06], "mean": [1.71032695562e-06, 0.000995004433207, 0.000738888629712, 0.000580665306188, 0.00194218370598, 0.00224373466335, 0.00367961847223, 0.00430235732347, 0.00290829897858, 0.00168780656531, 0.000650370668154, 0.00122728024144, 0.000449872139143, 0.000168809652678, 0.000266490649665, 5.32910889888e-05, 0.000193427447812, 3.2979878597e-05, 4.05641403631e-05, 7.69816324464e-06, 1.4708960407e-05, 2.09113272831e-06, 1.61262403253e-06, 5.57025146009e-07, 3.44304851296e-07, 8.86058799665e-08, 7.16900583342e-09], "median": [1.98857961209e-08, 2.60796696239e-05, 6.2448772951e-05, 5.73292636545e-05, 0.000325292552589, 0.000569495372474, 0.00112963351421, 0.00168876466341, 0.000836125575006, 0.000352012837538, 6.12592557445e-05, 0.000178943941137, 5.35205908818e-05, 3.99512791773e-05, 6.34108146187e-05, 2.10450889426e-05, 3.56878917955e-05, 9.71947702055e-06, 7.76389606472e-06, 2.85775740849e-06, 1.45212334246e-06, 4.05124296776e-07, 1.73215823907e-07, 1.05417591101e-07, 4.70179486456e-08, 1.1643972897e-08, 8.63054960831e-10], "min": [2.44962752311e-23, 1.51412731525e-23, 1.53796416745e-23, 5.09350210447e-24, 1.64008142277e-23, 2.26544601445e-23, 8.98231499906e-24, 1.23504094876e-23, 1.65747075702e-23, 1.46774544947e-23, 3.18189002496e-23, 2.99428627992e-23, 6.43733596508e-23, 4.18960398003e-23, 9.24987878986e-23, 1.60989635443e-22, 1.19818151763e-22, 1.30264601279e-22, 1.645011267e-22, 2.61298323008e-22, 3.38957450833e-22, 4.68276062736e-22, 5.74252267832e-22, 7.04325762824e-22, 1.05538461762e-21, 1.48391627761e-21, 2.11815691131e-21], "var": [1.08546907573e-10, 9.74599879555e-06, 4.47203865406e-06, 5.53895233679e-06, 2.17074739339e-05, 2.27547898248e-05, 4.21889890276e-05, 4.754506881e-05, 2.42276837525e-05, 1.54014815053e-05, 4.07649849876e-06, 1.52442389663e-05, 3.5273587855e-06, 2.65852719394e-07, 1.71299063823e-06, 1.30840973611e-08, 3.63358367395e-07, 7.48769579673e-09, 2.30699832571e-08, 2.29828975296e-10, 2.85560575186e-09, 5.34902018512e-11, 2.58051306018e-11, 1.9611365483e-12, 3.52087001047e-12, 5.57120437294e-14, 3.30099581567e-15]}, "erbbands": {"dmean": [0.00540103856474, 0.108128756285, 0.392191529274, 0.693623960018, 1.7232824564, 3.40918946266, 5.20891332626, 11.2419309616, 15.223241806, 24.3460197449, 31.7393436432, 21.2316055298, 27.5423660278, 19.139043808, 15.1028270721, 25.9338493347, 12.0035133362, 7.71009778976, 9.99373245239, 3.09267258644, 5.17588949203, 4.10253000259, 1.38617825508, 0.768634557724, 1.61668503284, 0.313099861145, 0.41061514616, 0.16222114861, 0.0405984930694, 0.0171933528036, 0.0331790484488, 0.00746902311221, 0.00492112711072, 0.00386131298728, 0.0015573684359, 0.00044539134251, 0.000119101088785, 1.45105395859e-05, 4.0284262468e-06, 6.20946002527e-06], "dmean2": [0.00668851146474, 0.140268921852, 0.536489903927, 0.94332909584, 2.02922320366, 4.50935649872, 6.88220262527, 16.1854572296, 21.2800273895, 33.2842483521, 44.2341766357, 30.4634952545, 40.4469795227, 26.0925884247, 21.922586441, 33.3107337952, 15.6216583252, 11.4930324554, 14.7850065231, 4.68298435211, 8.64781570435, 6.91099643707, 2.1565489769, 1.17130887508, 2.70916318893, 0.473091036081, 0.675097465515, 0.261954903603, 0.0617157407105, 0.0244709234685, 0.055019620806, 0.0118359802291, 0.00811303965747, 0.00664764363319, 0.00260963849723, 0.000740440853406, 0.000190030652448, 2.38117827394e-05, 6.09535663898e-06, 8.25334791443e-06], "dvar": [0.000422684301157, 0.115333504975, 1.34544479847, 7.79402065277, 38.8527450562, 112.691108704, 250.472686768, 875.15625, 1611.02160645, 3418.42333984, 5053.17626953, 2065.69873047, 4596.94726562, 2791.98461914, 1682.6965332, 6973.68066406, 1488.31872559, 749.588623047, 3080.44458008, 83.7228851318, 257.002868652, 169.344223022, 14.6187953949, 3.36116957664, 64.8122940063, 0.512446820736, 2.93568301201, 0.36331897974, 0.0186285041273, 0.00187355966773, 0.0190965440124, 0.000505458272528, 0.000268736446742, 0.00105850712862, 0.000115402406664, 3.31566457135e-06, 1.89490052094e-07, 4.10004563633e-09, 3.67896407782e-10, 7.39026964625e-11], "dvar2": [0.000676758645568, 0.201368510723, 2.71652340889, 17.6742248535, 44.8710632324, 202.165359497, 464.485321045, 1666.95812988, 3795.77075195, 6353.09521484, 9754.10546875, 4067.21899414, 9739.70214844, 4521.65136719, 3596.0078125, 10961.1914062, 2002.62768555, 1634.5333252, 5754.81005859, 178.074249268, 722.205810547, 485.467498779, 31.8342113495, 7.97312259674, 180.826400757, 1.23326385021, 7.19437885284, 0.92615377903, 0.0423812568188, 0.0037795943208, 0.0554930828512, 0.00138163683005, 0.000756308843847, 0.00309199863113, 0.000334600190399, 9.47192529566e-06, 5.15535589329e-07, 1.16363834124e-08, 1.06908393249e-09, 1.35294359049e-10], "max": [1.3151153326, 17.5711269379, 36.7822189331, 147.280334473, 268.028839111, 557.958251953, 918.052856445, 908.615234375, 1272.77636719, 2157.49975586, 3828.72900391, 1043.72021484, 1678.24938965, 2566.73876953, 1564.13134766, 4915.92578125, 3200.43432617, 1149.63696289, 3412.22119141, 503.454528809, 395.835876465, 253.385528564, 100.065559387, 75.6884994507, 325.627990723, 18.8436355591, 85.0251464844, 24.5320949554, 7.59258413315, 1.20175778866, 5.43314981461, 0.600422739983, 0.443776875734, 1.19155454636, 0.373722702265, 0.0598481856287, 0.0165323149413, 0.00201179669239, 0.000840325898025, 0.000212148035644], "mean": [0.0125457011163, 0.277978152037, 0.87437671423, 1.42429351807, 3.56246185303, 7.17266511917, 11.5833921432, 20.498796463, 33.2626991272, 81.4986419678, 100.042579651, 63.8881111145, 62.0338668823, 50.005317688, 31.2323856354, 58.4360847473, 24.6686153412, 11.6050844193, 15.3790044785, 5.09443235397, 7.98109769821, 6.18260765076, 2.22078227997, 1.33162581921, 2.29754209518, 0.524856626987, 0.66208922863, 0.305623829365, 0.0834813266993, 0.034148003906, 0.0618193559349, 0.0126661704853, 0.00865968875587, 0.00479334313422, 0.00192148983479, 0.000639033911284, 0.00019078112382, 1.99343139684e-05, 1.24694706756e-05, 2.54419956036e-05], "median": [0.000389121705666, 0.0109402853996, 0.0792388617992, 0.235028579831, 0.46123483777, 0.982979238033, 2.01324510574, 5.50971698761, 13.3671588898, 27.8865890503, 37.8089141846, 23.819278717, 21.8232192993, 10.7257843018, 8.46915531158, 9.6947593689, 4.04020881653, 3.42672729492, 3.26404857635, 2.01259279251, 2.03864574432, 1.62363386154, 0.928997755051, 0.495870172977, 0.348632454872, 0.1858471632, 0.0871648043394, 0.0334920138121, 0.0163826681674, 0.0084835011512, 0.00472993729636, 0.00274658272974, 0.00135819148272, 0.000653854920529, 0.000291459204163, 8.918192907e-05, 2.74897283816e-05, 4.62660636913e-06, 9.22399976844e-06, 1.9389364752e-05], "min": [2.61326318104e-22, 4.35496577291e-21, 1.31040676327e-20, 2.11472051709e-20, 4.03386742615e-20, 4.65907218199e-20, 8.02912813591e-20, 1.29694281552e-19, 1.27229696917e-19, 2.68785179767e-19, 3.47895596178e-19, 4.1668088569e-19, 6.31422271834e-19, 5.53027314954e-19, 1.33860777373e-18, 1.57703162516e-18, 3.34002006946e-18, 2.46464626006e-18, 3.94435036677e-18, 6.32041757735e-18, 8.54695865731e-18, 6.72493660744e-18, 5.56615831246e-18, 9.27208668897e-18, 9.5788482735e-18, 1.02894088274e-17, 1.04982512525e-17, 1.8971552785e-17, 1.50570280696e-17, 1.42440964703e-17, 1.72047727516e-17, 1.26493981284e-17, 1.42957158492e-17, 1.0166002579e-17, 7.99789932775e-18, 5.78789565619e-18, 2.53019453334e-18, 1.01691806069e-18, 2.66590902246e-19, 2.89025177832e-20], "var": [0.00186828174628, 0.722814559937, 5.03018140793, 26.7472267151, 185.521514893, 402.709197998, 1404.60742188, 2181.63989258, 3833.3112793, 21702.625, 29549.7148438, 10277.2519531, 12580.0683594, 15596.0449219, 5172.93505859, 33645.2851562, 8732.79785156, 1119.33862305, 6306.70703125, 136.950836182, 441.833892822, 278.702026367, 23.9080982208, 6.20660161972, 96.6777267456, 1.10379099846, 5.66511821747, 0.977644503117, 0.0493180304766, 0.00580920511857, 0.0482382513583, 0.000869013892952, 0.000575460959226, 0.00069783948129, 7.94212828623e-05, 3.44657473761e-06, 3.0822857866e-07, 3.57982932186e-09, 3.02059849355e-10, 5.22138887682e-10]}, "gfcc": {"mean": [-140.492538452, 171.620346069, -161.775619507, -30.9289588928, -60.8081169128, -23.8411159515, -25.4303722382, -1.59830510616, -10.8920946121, -8.78604793549, -6.5646314621, -13.1957321167, -5.02828216553], "cov": [[9817.27636719, 177.971572876, -19.0306415558, 1609.95996094, 177.107833862, 588.190063477, 5.06344413757, 151.092651367, 44.5928153992, 237.736312866, 66.0225296021, 4.4027056694, -94.9315109253], [177.971572876, 2448.79980469, 929.505615234, -314.849822998, 656.499084473, -25.0256290436, 486.225006104, -210.999465942, 3.071007967, -294.077545166, 205.05758667, -99.736869812, 19.0884647369], [-19.0306415558, 929.505615234, 994.983459473, 270.341644287, 385.195709229, 262.311035156, 216.755264282, 42.0342674255, 39.7745628357, -20.7343902588, 55.2834777832, -9.36985111237, -59.0364608765], [1609.95996094, -314.849822998, 270.341644287, 1171.80712891, 217.523605347, 324.106384277, -42.4817047119, 150.243682861, 132.82244873, 214.81602478, 0.975015699863, 106.677406311, 5.46212339401], [177.107833862, 656.499084473, 385.195709229, 217.523605347, 440.309844971, 186.341812134, 223.758682251, 39.3119926453, 34.2899208069, -24.4740886688, 49.3884162903, -1.92516684532, 6.24028491974], [588.190063477, -25.0256290436, 262.311035156, 324.106384277, 186.341812134, 386.945648193, 129.734817505, 142.917831421, 28.2005977631, 58.7461242676, -11.2225379944, 6.72842597961, -40.6109695435], [5.06344413757, 486.225006104, 216.755264282, -42.4817047119, 223.758682251, 129.734817505, 324.474822998, 104.386123657, 52.5751304626, -53.0326423645, 28.6983985901, -39.8392906189, -11.5179128647], [151.092651367, -210.999465942, 42.0342674255, 150.243682861, 39.3119926453, 142.917831421, 104.386123657, 269.533111572, 116.852523804, 69.5357971191, -24.1211547852, -5.64151668549, -20.5131835938], [44.5928153992, 3.071007967, 39.7745628357, 132.82244873, 34.2899208069, 28.2005977631, 52.5751304626, 116.852523804, 197.864028931, 94.9125595093, 33.0453338623, 3.66323399544, 3.41524219513], [237.736312866, -294.077545166, -20.7343902588, 214.81602478, -24.4740886688, 58.7461242676, -53.0326423645, 69.5357971191, 94.9125595093, 194.919570923, 34.0111045837, 34.7566871643, -11.3161621094], [66.0225296021, 205.05758667, 55.2834777832, 0.975015699863, 49.3884162903, -11.2225379944, 28.6983985901, -24.1211547852, 33.0453338623, 34.0111045837, 136.569107056, 52.2159919739, 17.0470142365], [4.4027056694, -99.736869812, -9.36985111237, 106.677406311, -1.92516684532, 6.72842597961, -39.8392906189, -5.64151668549, 3.66323399544, 34.7566871643, 52.2159919739, 135.788543701, 59.9929428101], [-94.9315109253, 19.0884647369, -59.0364608765, 5.46212339401, 6.24028491974, -40.6109695435, -11.5179128647, -20.5131835938, 3.41524219513, -11.3161621094, 17.0470142365, 59.9929428101, 126.831192017]], "icov": [[0.000230890189414, -0.000600683910307, 0.000537268759217, -0.000510304467753, 0.000660109566525, -0.00052235199837, 0.000200877082534, -0.000373929593479, 0.000475650274893, -0.000382278172765, 0.000138645191328, -1.2613392073e-06, 0.000228360135225], [-0.000600683910307, 0.00475144386292, -0.00336187379435, 0.00174575578421, -0.00425272714347, 0.00293931807391, -0.00235942122526, 0.00339996861294, -0.00274098687805, 0.00380984600633, -0.00359501992352, 0.00229650828987, -0.00150807434693], [0.000537268759217, -0.00336187379435, 0.00418653152883, -0.00156501610763, 0.00201750919223, -0.00281526939943, 0.00149177829735, -0.00196187780239, 0.00161739077885, -0.00207985751331, 0.00197134842165, -0.00159870448988, 0.00200381153263], [-0.000510304467753, 0.00174575578421, -0.00156501610763, 0.00298040197231, -0.00287079415284, 0.000344688858604, 0.000550174154341, 0.00103335769381, -0.00199191994034, 0.000164229713846, 0.000192882391275, -0.000795105530415, -0.000614352640696], [0.000660109566525, -0.00425272714347, 0.00201750919223, -0.00287079415284, 0.0097229173407, -0.00357774598524, -0.0011931322515, -0.00177957257256, 0.0026153542567, -0.0026373595465, 0.00178437901195, -0.000983597128652, 9.64081700658e-05], [-0.00052235199837, 0.00293931807391, -0.00281526939943, 0.000344688858604, -0.00357774598524, 0.00775667931885, -0.00287597486749, -0.000152640699525, 0.000625295797363, 0.000660038727801, -0.00107532355469, 0.000601485080551, 0.000117280345876], [0.000200877082534, -0.00235942122526, 0.00149177829735, 0.000550174154341, -0.0011931322515, -0.00287597486749, 0.00926247797906, -0.00440249871463, -0.000256450410234, 0.000648506742436, 7.18112423783e-05, 0.000233404993196, 0.000387788051739], [-0.000373929593479, 0.00339996861294, -0.00196187780239, 0.00103335769381, -0.00177957257256, -0.000152640699525, -0.00440249871463, 0.0103783821687, -0.00580413313583, 0.00186947372276, 4.29346328019e-05, 0.000500908179674, -0.000351470254827], [0.000475650274893, -0.00274098687805, 0.00161739077885, -0.00199191994034, 0.0026153542567, 0.000625295797363, -0.000256450410234, -0.00580413313583, 0.0119599932805, -0.00618811324239, -0.000266851857305, 0.000954637362156, -0.000573168043047], [-0.000382278172765, 0.00380984600633, -0.00207985751331, 0.000164229713846, -0.0026373595465, 0.000660038727801, 0.000648506742436, 0.00186947372276, -0.00618811324239, 0.0137307317927, -0.0060573448427, 0.00157193164341, 0.000329966889694], [0.000138645191328, -0.00359501992352, 0.00197134842165, 0.000192882391275, 0.00178437901195, -0.00107532355469, 7.18112423783e-05, 4.29346328019e-05, -0.000266851857305, -0.0060573448427, 0.0154394507408, -0.00794897042215, 0.00228703208268], [-1.2613392073e-06, 0.00229650828987, -0.00159870448988, -0.000795105530415, -0.000983597128652, 0.000601485080551, 0.000233404993196, 0.000500908179674, 0.000954637362156, 0.00157193164341, -0.00794897042215, 0.0152110187337, -0.00672537041828], [0.000228360135225, -0.00150807434693, 0.00200381153263, -0.000614352640696, 9.64081700658e-05, 0.000117280345876, 0.000387788051739, -0.000351470254827, -0.000573168043047, 0.000329966889694, 0.00228703208268, -0.00672537041828, 0.012171423994]]}, "melbands": {"dmean": [7.99379631644e-05, 0.000185541124665, 0.000148617909872, 0.000178216549102, 0.000175252615009, 0.000242836249527, 0.000241382731474, 0.000266804679995, 0.000238392167375, 0.000146394042531, 0.000139347379445, 8.03467846708e-05, 5.32291960553e-05, 6.73441245453e-05, 4.26966507803e-05, 2.10641301237e-05, 1.29332811412e-05, 1.52870434249e-05, 7.63177104091e-06, 2.5658218874e-06, 8.51750064612e-06, 6.25806069365e-06, 1.27667590277e-06, 1.54667657171e-06, 4.08967196108e-07, 1.5797394326e-06, 3.7707658862e-07, 1.83829072853e-07, 1.99134504442e-07, 3.19920474112e-07, 5.85391148888e-08, 2.53631942115e-08, 1.83046360291e-08, 7.93209498084e-09, 2.58358152649e-08, 5.85255932606e-09, 4.63324267841e-09, 3.43959771776e-09, 5.21379561746e-09, 2.5306765572e-09], "dmean2": [0.000100481018308, 0.000246662617428, 0.000189532962395, 0.000223602546612, 0.000231788173551, 0.000347541878, 0.000334299809765, 0.000369220855646, 0.000333087344188, 0.000213139239349, 0.00020482945547, 0.000109125387098, 7.88565885159e-05, 8.7932938186e-05, 5.4827236454e-05, 2.92809636449e-05, 1.95018947124e-05, 2.27279288083e-05, 1.13759724627e-05, 3.99069904233e-06, 1.44275036291e-05, 1.06838424472e-05, 1.98792554329e-06, 2.46061381404e-06, 6.08377831668e-07, 2.66420852313e-06, 6.10758206676e-07, 2.7641257816e-07, 3.22517024642e-07, 5.37983396498e-07, 9.38983575338e-08, 3.94587971186e-08, 2.90195405483e-08, 1.1227704988e-08, 4.37304912282e-08, 9.10936748255e-09, 7.63946061966e-09, 5.68632740894e-09, 9.11960018612e-09, 4.29691882076e-09], "dvar": [7.62785532515e-08, 2.69030721256e-07, 2.92170483362e-07, 2.54620573514e-07, 2.44025045504e-07, 3.75823816512e-07, 3.45756831166e-07, 3.30555252503e-07, 2.79219676713e-07, 1.0866920519e-07, 1.17073930994e-07, 5.44545351033e-08, 2.40148185782e-08, 5.34710373756e-08, 1.27453212428e-08, 4.33081615014e-09, 2.1466888267e-09, 6.46767484014e-09, 1.65165792154e-09, 3.31448028745e-11, 8.17506895512e-10, 4.6890508143e-10, 1.81045196196e-11, 2.71256576229e-11, 1.41865317237e-12, 5.97947871772e-11, 2.30580311789e-12, 1.77206692245e-13, 1.08045202559e-12, 1.97104290355e-12, 5.24950329245e-14, 1.06781445665e-14, 3.04597007712e-15, 5.44696342254e-16, 1.31709269549e-14, 3.41955062331e-16, 2.00444219214e-16, 1.36010753788e-16, 8.33371046969e-16, 5.07789846192e-16], "dvar2": [1.31012754423e-07, 5.09921164848e-07, 5.19604043347e-07, 3.94892367694e-07, 4.62726859496e-07, 7.23455798379e-07, 7.9214021298e-07, 6.3439239284e-07, 5.37222092589e-07, 2.28216109122e-07, 2.4892412398e-07, 8.74800392126e-08, 5.02169292815e-08, 9.4658254568e-08, 1.86825115378e-08, 7.74678809989e-09, 4.68668881481e-09, 1.19484502292e-08, 3.31002159015e-09, 8.19170356547e-11, 2.31529728723e-09, 1.34642696992e-09, 3.73318945202e-11, 6.11138847861e-11, 3.34190335995e-12, 1.67785327299e-10, 6.26828710465e-12, 4.24030873348e-13, 2.38943001669e-12, 5.37941089243e-12, 1.19387383009e-13, 2.38303368466e-14, 8.09278655916e-15, 1.12265757417e-15, 3.8329775687e-14, 9.21456438374e-16, 5.45817866815e-16, 3.52905742501e-16, 2.46193937768e-15, 1.48119084475e-15], "max": [0.0155467288569, 0.0184797476977, 0.0209795106202, 0.0204758681357, 0.0250552333891, 0.0182168316096, 0.0180739741772, 0.0197165329009, 0.0296091064811, 0.00871982052922, 0.00833006948233, 0.01139961835, 0.00615502800792, 0.0105237700045, 0.0058814608492, 0.004053351935, 0.00195199775044, 0.00483379513025, 0.00270021962933, 0.000177869995241, 0.000702629040461, 0.000425087840995, 0.000250154582318, 0.000149458501255, 6.92888643243e-05, 0.000326734036207, 6.04082233622e-05, 1.13898213385e-05, 7.16685608495e-05, 4.65713092126e-05, 1.29718182507e-05, 6.69234350426e-06, 1.60372223945e-06, 7.89684975189e-07, 4.59393913843e-06, 4.52105382465e-07, 3.6792988567e-07, 3.70584047005e-07, 1.0152438108e-06, 8.14507302493e-07], "mean": [0.000198961701244, 0.000448792707175, 0.000311004114337, 0.000372680340661, 0.000394954084186, 0.000445324578322, 0.000578235078137, 0.000890916271601, 0.000750246457756, 0.000394618109567, 0.000307768466882, 0.000205804113648, 0.000102966434497, 0.00014600357099, 9.19619342312e-05, 3.70811503672e-05, 1.81401101145e-05, 2.30807345361e-05, 1.17868075904e-05, 4.04281763622e-06, 1.23958179756e-05, 8.82506174094e-06, 2.10403368328e-06, 2.09797713069e-06, 7.00218663496e-07, 2.1960106551e-06, 5.7376814766e-07, 2.7837151606e-07, 2.90604162956e-07, 5.26656265265e-07, 9.27432637354e-08, 4.64593803429e-08, 2.99956788297e-08, 1.24828991588e-08, 4.75637698116e-08, 8.9657277158e-09, 6.71401911845e-09, 5.31326938003e-09, 7.59227969382e-09, 2.68775646184e-09], "median": [5.06310425408e-06, 3.61605052603e-05, 5.05571224494e-05, 5.12818733114e-05, 6.76369672874e-05, 0.000117079725896, 0.000235503626755, 0.000369880814105, 0.00027499551652, 0.000124762140331, 9.80280165095e-05, 3.38078098139e-05, 1.59896153491e-05, 2.33790306083e-05, 1.46384718391e-05, 5.56076247449e-06, 4.22819084633e-06, 4.15958174926e-06, 3.53091672878e-06, 1.45184367284e-06, 2.20589299715e-06, 1.57423983183e-06, 7.71074610384e-07, 5.13887528086e-07, 2.35426256268e-07, 2.69614758963e-07, 1.59063247906e-07, 9.08701451863e-08, 5.50105880848e-08, 2.31501928738e-08, 1.54315138445e-08, 9.30720567283e-09, 5.56605339597e-09, 3.24594617851e-09, 2.66741384536e-09, 1.70990355208e-09, 1.45437117904e-09, 9.27915855264e-10, 6.05000050058e-10, 4.67165306439e-10], "min": [4.62526543114e-24, 7.49551019681e-24, 4.03696807234e-24, 3.06883024336e-24, 2.93870724262e-24, 3.11865430371e-24, 1.92384399894e-24, 3.42460138402e-24, 2.83515347159e-24, 2.81679470617e-24, 3.16449402483e-24, 1.69055357179e-24, 4.35579054592e-24, 1.99982057323e-24, 7.49334950679e-24, 6.82281379305e-24, 4.10169726505e-24, 5.05703385369e-24, 7.36073488887e-24, 1.02496184656e-23, 8.54306541412e-24, 6.3457332001e-24, 6.89522333554e-24, 5.01170117291e-24, 7.24482440062e-24, 8.23358818126e-24, 5.99705115797e-24, 5.71046193541e-24, 6.08425026471e-24, 6.66665956572e-24, 1.2022305671e-23, 7.85206585964e-24, 8.22196352696e-24, 7.81647403331e-24, 9.4975697545e-24, 7.34314565727e-24, 6.33085567786e-24, 8.58544302195e-24, 8.23126183045e-24, 8.67974345456e-24], "var": [4.03488400025e-07, 1.31930232783e-06, 1.19981439184e-06, 9.70161408986e-07, 1.3077881249e-06, 9.58816144703e-07, 9.60122747529e-07, 2.02830915441e-06, 1.65647747963e-06, 4.19569573751e-07, 3.23212077546e-07, 3.04408331431e-07, 8.83262885054e-08, 2.10615212382e-07, 6.66775932245e-08, 1.66018239156e-08, 3.14277359692e-09, 1.39808893351e-08, 2.60095300852e-09, 5.82091874701e-11, 1.36366273829e-09, 7.50978446096e-10, 2.92734378404e-11, 4.1319888483e-11, 2.42859118232e-12, 8.98760718626e-11, 3.39685701442e-12, 3.55114456721e-13, 1.48189002302e-12, 4.4218977438e-12, 9.28222817077e-14, 1.99078814279e-14, 6.32291629807e-15, 9.97895020874e-16, 3.21166941512e-14, 5.20789790229e-16, 2.71542060459e-16, 2.3561293454e-16, 8.77676005248e-16, 3.1101154587e-16]}, "mfcc": {"mean": [-771.366821289, 202.861312866, -37.3134498596, -11.1405696869, -22.3125572205, -23.9368534088, -13.7503356934, -7.52661991119, -2.78290653229, -0.758790493011, -3.10174965858, 2.36061358452, 0.0373554117978], "cov": [[5518.58154297, 852.744812012, -450.501373291, 1125.39953613, 302.018218994, 504.906860352, 194.51550293, 73.253616333, 116.966835022, 179.648910522, 77.3838577271, 209.912460327, 126.271247864], [852.744812012, 2329.83618164, 449.380157471, -85.9036483765, 242.657897949, 154.072128296, 424.585357666, 221.963516235, -62.1548576355, -9.16967487335, 83.5944442749, -42.7302093506, -55.3787574768], [-450.501373291, 449.380157471, 767.481689453, 123.231826782, 209.083465576, 205.695632935, 178.074188232, 157.715621948, 54.0796394348, 12.0627861023, 46.6123924255, 57.8116073608, 58.5032691956], [1125.39953613, -85.9036483765, 123.231826782, 788.510070801, 324.062133789, 295.927581787, 90.3836593628, 75.5897903442, 135.391387939, 104.339988708, 69.3097457886, 110.327667236, 125.003715515], [302.018218994, 242.657897949, 209.083465576, 324.062133789, 332.037658691, 231.205245972, 142.502075195, 112.042427063, 82.3403396606, 59.6020812988, 46.1204147339, 51.3334007263, 59.9874801636], [504.906860352, 154.072128296, 205.695632935, 295.927581787, 231.205245972, 334.240264893, 180.931045532, 108.843978882, 82.3699798584, 63.831237793, 43.3307914734, 63.6915092468, 64.0983428955], [194.51550293, 424.585357666, 178.074188232, 90.3836593628, 142.502075195, 180.931045532, 284.881835938, 174.642196655, 73.5982284546, 62.7973632812, 49.6590194702, 16.1270179749, 16.8295955658], [73.253616333, 221.963516235, 157.715621948, 75.5897903442, 112.042427063, 108.843978882, 174.642196655, 236.44833374, 137.483901978, 81.6684341431, 64.5453872681, 23.9791660309, 20.4836082458], [116.966835022, -62.1548576355, 54.0796394348, 135.391387939, 82.3403396606, 82.3699798584, 73.5982284546, 137.483901978, 218.254196167, 141.13180542, 70.1704406738, 42.6539001465, 31.3549480438], [179.648910522, -9.16967487335, 12.0627861023, 104.339988708, 59.6020812988, 63.831237793, 62.7973632812, 81.6684341431, 141.13180542, 207.791595459, 113.658470154, 39.7995910645, 18.9230537415], [77.3838577271, 83.5944442749, 46.6123924255, 69.3097457886, 46.1204147339, 43.3307914734, 49.6590194702, 64.5453872681, 70.1704406738, 113.658470154, 172.053726196, 79.5206985474, 23.3373355865], [209.912460327, -42.7302093506, 57.8116073608, 110.327667236, 51.3334007263, 63.6915092468, 16.1270179749, 23.9791660309, 42.6539001465, 39.7995910645, 79.5206985474, 178.689819336, 115.924339294], [126.271247864, -55.3787574768, 58.5032691956, 125.003715515, 59.9874801636, 64.0983428955, 16.8295955658, 20.4836082458, 31.3549480438, 18.9230537415, 23.3373355865, 115.924339294, 168.699615479]], "icov": [[0.000593564822339, -0.000538154563401, 0.000765671837144, -0.00106529705226, 0.000988972373307, -0.00103897089139, 0.000623916566838, -0.000451604224509, 0.000284609646769, -0.000514668354299, 0.000798760622274, -0.000948769622482, 0.000484882999444], [-0.000538154563401, 0.00125476997346, -0.000906843866687, 0.00114831246901, -0.00150699180085, 0.00146558880806, -0.00179509900045, 0.000422750163125, 0.000352567702066, 0.000571477867197, -0.00114069040865, 0.00101144786458, -0.000281793007161], [0.000765671837144, -0.000906843866687, 0.00288394838572, -0.00109659042209, 0.000660100369714, -0.00211452879012, 0.00108724157326, -0.00141037837602, 0.000405362603487, -0.000137257375172, 0.000846181705128, -0.00138593104202, 0.000348488043528], [-0.00106529705226, 0.00114831246901, -0.00109659042209, 0.00471680099145, -0.00393713405356, 0.000512901635375, -0.000581770495046, 0.00142215425149, -0.00129276281223, 0.000932350987568, -0.00180096470285, 0.00177296961192, -0.00168347347062], [0.000988972373307, -0.00150699180085, 0.000660100369714, -0.00393713405356, 0.00990678369999, -0.00474748574197, 0.00155342568178, -0.00194255879615, 0.000378674303647, -0.000946830783505, 0.00145950401202, -0.00115430960432, 0.000442618824309], [-0.00103897089139, 0.00146558880806, -0.00211452879012, 0.000512901635375, -0.00474748574197, 0.0106549831107, -0.00595608446747, 0.00231230817735, -0.00067514332477, 0.000615025695879, -0.000695840630215, 0.000448417762527, -0.000590212643147], [0.000623916566838, -0.00179509900045, 0.00108724157326, -0.000581770495046, 0.00155342568178, -0.00595608446747, 0.0121850762516, -0.00690644280985, 0.00211800495163, -0.0021241675131, 0.00143651454709, -0.000555728271138, 0.000359188998118], [-0.000451604224509, 0.000422750163125, -0.00141037837602, 0.00142215425149, -0.00194255879615, 0.00231230817735, -0.00690644280985, 0.0135752409697, -0.00771840196103, 0.00291601894423, -0.00285905902274, 0.00187065184582, -0.00101749587338], [0.000284609646769, 0.000352567702066, 0.000405362603487, -0.00129276281223, 0.000378674303647, -0.00067514332477, 0.00211800495163, -0.00771840196103, 0.0138706415892, -0.0076992046088, 0.00266543566249, -0.00190271774773, 0.000792139500845], [-0.000514668354299, 0.000571477867197, -0.000137257375172, 0.000932350987568, -0.000946830783505, 0.000615025695879, -0.0021241675131, 0.00291601894423, -0.0076992046088, 0.0133940754458, -0.00779865635559, 0.0032584539149, -0.00134126283228], [0.000798760622274, -0.00114069040865, 0.000846181705128, -0.00180096470285, 0.00145950401202, -0.000695840630215, 0.00143651454709, -0.00285905902274, 0.00266543566249, -0.00779865635559, 0.0142178824171, -0.00811691302806, 0.00400813343003], [-0.000948769622482, 0.00101144786458, -0.00138593104202, 0.00177296961192, -0.00115430960432, 0.000448417762527, -0.000555728271138, 0.00187065184582, -0.00190271774773, 0.0032584539149, -0.00811691302806, 0.0157291833311, -0.00942007731646], [0.000484882999444, -0.000281793007161, 0.000348488043528, -0.00168347347062, 0.000442618824309, -0.000590212643147, 0.000359188998118, -0.00101749587338, 0.000792139500845, -0.00134126283228, 0.00400813343003, -0.00942007731646, 0.0126752983779]]}, "spectral_contrast_coeffs": {"dmean": [0.0468526259065, 0.0445177741349, 0.0386349670589, 0.0339788943529, 0.022891536355, 0.0223821792752], "dmean2": [0.0728039890528, 0.0705904439092, 0.0611651018262, 0.0528228841722, 0.0368063822389, 0.0368345119059], "dvar": [0.00156780122779, 0.00141282659024, 0.00105003931094, 0.000833123689517, 0.000376586336643, 0.000434969202615], "dvar2": [0.00363903818652, 0.003441557521, 0.00256770313717, 0.00200413516723, 0.000941880862229, 0.00116943451576], "max": [-0.235072776675, -0.362508833408, -0.389339148998, -0.407693266869, -0.579714119434, -0.562442481518], "mean": [-0.595341563225, -0.631656348705, -0.661830246449, -0.727772414684, -0.754775583744, -0.769590497017], "median": [-0.609399318695, -0.628650188446, -0.664589881897, -0.737617313862, -0.763048171997, -0.768740355968], "min": [-0.970924735069, -0.971444487572, -0.969861924648, -0.971964359283, -0.964178323746, -0.963594555855], "var": [0.0131892124191, 0.00610434962437, 0.00704563781619, 0.00494119804353, 0.00276461453177, 0.00258430559188]}, "spectral_contrast_valleys": {"dmean": [0.453121393919, 0.349718570709, 0.315580070019, 0.289924710989, 0.28309109807, 0.418100833893], "dmean2": [0.724251568317, 0.561898171902, 0.495964437723, 0.440536350012, 0.370576441288, 0.606728613377], "dvar": [0.193258970976, 0.112218827009, 0.100698001683, 0.0889950171113, 0.097392231226, 