{"lowlevel": {"average_loudness": 0.491128176451, "barkbands_crest": {"dmean": 1.92319369316, "dmean2": 2.92621278763, "dvar": 4.28265094757, "dvar2": 9.8919506073, "max": 26.1389102936, "mean": 14.0215110779, "median": 13.3987159729, "min": 4.0747923851, "var": 21.5497303009}, "barkbands_flatness_db": {"dmean": 0.0192782152444, "dmean2": 0.030862595886, "dvar": 0.000379495555535, "dvar2": 0.000922810984775, "max": 0.566660821438, "mean": 0.368236869574, "median": 0.365466296673, "min": 0.0841659381986, "var": 0.00182955747005}, "barkbands_kurtosis": {"dmean": 2.05806589127, "dmean2": 3.09374690056, "dvar": 24.7905502319, "dvar2": 52.0150146484, "max": 178.774337769, "mean": 5.0670337677, "median": 2.42290520668, "min": -1.86542236805, "var": 106.880882263}, "barkbands_skewness": {"dmean": 0.364475369453, "dmean2": 0.526096880436, "dvar": 0.201560914516, "dvar2": 0.411451429129, "max": 10.753660202, "mean": 0.902851641178, "median": 0.853063046932, "min": -10.8022470474, "var": 1.60058236122}, "barkbands_spread": {"dmean": 0.921143233776, "dmean2": 1.3689044714, "dvar": 1.95243799686, "dvar2": 3.55237460136, "max": 96.0324020386, "mean": 5.34368562698, "median": 4.58070278168, "min": 0.15499022603, "var": 16.9294757843}, "dissonance": {"dmean": 0.0432002097368, "dmean2": 0.0738082155585, "dvar": 0.00167175324168, "dvar2": 0.00452281255275, "max": 0.499849081039, "mean": 0.375975966454, "median": 0.386019170284, "min": 0.0891832858324, "var": 0.00527806673199}, "dynamic_complexity": 6.87861204147, "erbbands_crest": {"dmean": 2.24636125565, "dmean2": 3.27744269371, "dvar": 7.24195671082, "dvar2": 14.306186676, "max": 33.7083702087, "mean": 17.605298996, "median": 16.8053474426, "min": 3.42150688171, "var": 44.9849014282}, "erbbands_flatness_db": {"dmean": 0.0140405632555, "dmean2": 0.0212524291128, "dvar": 0.000233662023675, "dvar2": 0.000507475400809, "max": 0.596326231956, "mean": 0.410894602537, "median": 0.410422444344, "min": 0.0655434057117, "var": 0.00236568017863}, "erbbands_kurtosis": {"dmean": 1.49542343616, "dmean2": 2.13590073586, "dvar": 6.48417663574, "dvar2": 12.7742767334, "max": 65.247756958, "mean": 3.49929285049, "median": 1.29209542274, "min": -1.77193343639, "var": 37.6533432007}, "erbbands_skewness": {"dmean": 0.324095278978, "dmean2": 0.454602271318, "dvar": 0.134962782264, "dvar2": 0.250676184893, "max": 6.31115245819, "mean": 0.725921213627, "median": 0.626746177673, "min": -4.53533887863, "var": 1.4815466404}, "erbbands_spread": {"dmean": 1.44646060467, "dmean2": 2.06349539757, "dvar": 3.07962799072, "dvar2": 5.82396507263, "max": 86.6809768677, "mean": 9.39632797241, "median": 8.5363740921, "min": 0.359552502632, "var": 28.2001171112}, "hfc": {"dmean": 2.68654990196, "dmean2": 3.37599825859, "dvar": 30.6110916138, "dvar2": 54.2769317627, "max": 88.6037063599, "mean": 8.58845329285, "median": 3.75050830841, "min": 1.1603015977e-16, "var": 131.111755371}, "melbands_crest": {"dmean": 2.26766681671, "dmean2": 3.44359302521, "dvar": 5.87289047241, "dvar2": 13.4405708313, "max": 33.5481147766, "mean": 16.1321105957, "median": 15.250872612, "min": 2.26846337318, "var": 30.3953952789}, "melbands_flatness_db": {"dmean": 0.0213397387415, "dmean2": 0.0344731993973, "dvar": 0.00048084865557, "dvar2": 0.00114599766675, "max": 0.67365449667, "mean": 0.469455897808, "median": 0.467013180256, "min": 0.00768583687022, "var": 0.00297379586846}, "melbands_kurtosis": {"dmean": 1.92530417442, "dmean2": 2.86484956741, "dvar": 13.3775463104, "dvar2": 29.4934272766, "max": 112.384170532, "mean": 4.7125082016, "median": 2.37289643288, "min": -1.78270566463, "var": 57.7974090576}, "melbands_skewness": {"dmean": 0.35675483942, "dmean2": 0.518768131733, "dvar": 0.161039695144, "dvar2": 0.337715417147, "max": 6.95484256744, "mean": 0.910789608955, "median": 0.872555494308, "min": -4.54288673401, "var": 1.16474628448}, "melbands_spread": {"dmean": 1.56462967396, "dmean2": 2.32644820213, "dvar": 7.86705970764, "dvar2": 13.5156164169, "max": 148.90447998, "mean": 8.94275760651, "median": 7.48211288452, "min": 0.386207044125, "var": 57.9618530273}, "pitch_salience": {"dmean": 0.0509124435484, "dmean2": 0.0803086012602, "dvar": 0.00352257094346, "dvar2": 0.00867435056716, "max": 0.855661928654, "mean": 0.479546159506, "median": 0.473597168922, "min": 0.107407391071, "var": 0.0138432616368}, "silence_rate_20dB": {"dmean": 0, "dmean2": 0, "dvar": 0, "dvar2": 0, "max": 1, "mean": 1, "median": 1, "min": 1, "var": 0}, "silence_rate_30dB": {"dmean": 0.00265005952679, "dmean2": 0.00530082173645, "dvar": 0.00264313793741, "dvar2": 0.0071270884946, "max": 1, "mean": 0.998012721539, "median": 1, "min": 0, "var": 0.00198321999051}, "silence_rate_60dB": {"dmean": 0.0439909882843, "dmean2": 0.0879936367273, "dvar": 0.0420533008873, "dvar2": 0.0874086394906, "max": 1, "mean": 0.29252782464, "median": 0, "min": 0, "var": 0.206948593259}, "spectral_centroid": {"dmean": 46.0777053833, "dmean2": 65.5531768799, "dvar": 13201.4365234, "dvar2": 19475.1289062, "max": 10763.0859375, "mean": 618.246337891, "median": 582.494445801, "min": 200.356384277, "var": 80175.6640625}, "spectral_complexity": {"dmean": 1.09553468227, "dmean2": 1.73522400856, "dvar": 1.66556310654, "dvar2": 3.43550372124, "max": 22, "mean": 8.0604133606, "median": 9, "min": 0, "var": 18.6017990112}, "spectral_decrease": {"dmean": 1.03406649909e-09, "dmean2": 1.34672772933e-09, "dvar": 4.57931984757e-18, "dvar2": 8.18106937542e-18, "max": 5.36643864722e-16, "mean": -3.64522700913e-09, "median": -1.84484072463e-09, "min": -4.61449118916e-08, "var": 2.27792223089e-17}, "spectral_energy": {"dmean": 0.00414262712002, "dmean2": 0.00538209825754, "dvar": 7.32067419449e-05, "dvar2": 0.000130680404254, "max": 0.182198256254, "mean": 0.0145369507372, "median": 0.00732463691384, "min": 1.02558343677e-20, "var": 0.000361780839739}, "spectral_energyband_high": {"dmean": 1.05897345293e-06, "dmean2": 1.60404067628e-06, "dvar": 2.05009592635e-10, "dvar2": 5.12155984289e-10, "max": 0.000852293393109, "mean": 1.44401747093e-06, "median": 8.99565364421e-08, "min": 7.77012916195e-21, "var": 1.96912083861e-10}, "spectral_energyband_low": {"dmean": 0.000152518958203, "dmean2": 0.000204529045732, "dvar": 1.10906931639e-07, "dvar2": 1.94969246081e-07, "max": 0.0087952548638, "mean": 0.000490131147671, "median": 7.5125542935e-05, "min": 3.58656588746e-23, "var": 7.91744071194e-07}, "spectral_energyband_middle_high": {"dmean": 0.000825834227726, "dmean2": 0.00106980232522, "dvar": 5.57264593226e-06, "dvar2": 1.06445413621e-05, "max": 0.0615363046527, "mean": 0.00190187396947, "median": 0.000850360782351, "min": 1.36221662317e-21, "var": 1.27282664835e-05}, "spectral_energyband_middle_low": {"dmean": 0.00355655467138, "dmean2": 0.00469817128032, "dvar": 6.12017902313e-05, "dvar2": 0.000110323941044, "max": 0.178673833609, "mean": 0.0125838574022, "median": 0.00578784849495, "min": 2.22135152975e-22, "var": 0.000312973395921}, "spectral_entropy": {"dmean": 0.153367564082, "dmean2": 0.233732104301, "dvar": 0.041123919189, "dvar2": 0.0942756086588, "max": 9.81102085114, "mean": 5.60212898254, "median": 5.63135433197, "min": 3.68625831604, "var": 0.196305513382}, "spectral_flux": {"dmean": 0.0155887296423, "dmean2": 0.0249145347625, "dvar": 0.000739595969208, "dvar2": 0.00178804353345, "max": 0.276721894741, "mean": 0.0296954791993, "median": 0.0214487314224, "min": 1.01271095676e-10, "var": 0.00101398094557}, "spectral_kurtosis": {"dmean": 31.5376853943, "dmean2": 54.8022880554, "dvar": 860.057067871, "dvar2": 2325.11401367, "max": 425.462646484, "mean": 96.9357452393, "median": 91.3070907593, "min": -1.19605457783, "var": 2940.14868164}, "spectral_rms": {"dmean": 0.000452106585726, "dmean2": 0.000579302432016, "dvar": 5.01449335388e-07, "dvar2": 8.30544991004e-07, "max": 0.0133324563503, "mean": 0.003088417463, "median": 0.00267319800332, "min": 3.16317761914e-12, "var": 4.64407276013e-06}, "spectral_rolloff": {"dmean": 61.5974731445, "dmean2": 110.183670044, "dvar": 94366.2890625, "dvar2": 185024.734375, "max": 20262.7441406, "mean": 833.521972656, "median": 689.0625, "min": 193.798828125, "var": 948820.25}, "spectral_skewness": {"dmean": 1.75892400742, "dmean2": 3.09759640694, "dvar": 2.17587995529, "dvar2": 6.01422357559, "max": 16.9140090942, "mean": 6.57715320587, "median": 6.44351959229, "min": 0.026787577197, "var": 6.45515108109}, "spectral_spread": {"dmean": 272368.96875, "dmean2": 480004.5, "dvar": 159638978560, "dvar2": 286390321152, "max": 41116080, "mean": 1014431.125, "median": 868934.6875, "min": 185019.921875, "var": 1335234527230.0}, "spectral_strongpeak": {"dmean": 0.435181707144, "dmean2": 0.629992246628, "dvar": 0.464659929276, "dvar2": 0.903172969818, "max": 10.5687437057, "mean": 1.5085747242, "median": 0.949283480644, "min": 2.35696884232e-09, "var": 2.02011227608}, "zerocrossingrate": {"dmean": 0.00258458452299, "dmean2": 0.00298494752496, "dvar": 6.36787954136e-05, "dvar2": 7.46815931052e-05, "max": 0.78515625, "mean": 0.0313163734972, "median": 0.02783203125, "min": 0.00634765625, "var": 0.00115767179523}, "barkbands": {"dmean": [4.45427275508e-07, 2.62338216999e-05, 7.73863212089e-05, 0.000151151180035, 0.000393649796024, 0.000463771953946, 0.000816933228634, 0.00149074569345, 0.000941653794143, 0.000418679759605, 0.000128846004372, 0.000130958083901, 0.000229895144003, 7.52422492951e-05, 3.60173435183e-05, 2.48403102887e-05, 1.70153325598e-05, 2.25467465498e-06, 2.80197627944e-06, 1.14385704819e-06, 1.37180308002e-07, 6.25173726121e-08, 5.02726971163e-09, 1.42457101671e-09, 6.38898656202e-10, 6.06493244515e-10, 8.2966378212e-10], "dmean2": [7.36835659154e-07, 3.13230630127e-05, 9.96625822154e-05, 0.000230629346333, 0.000647568027489, 0.000648270652164, 0.00121979543474, 0.00197264901362, 0.00121884269174, 0.000536641979124, 0.000180209026439, 0.000176754183485, 0.000296345475363, 0.000102081467048, 4.93298975925e-05, 3.52897841367e-05, 2.17463166337e-05, 3.37054484589e-06, 3.85512021239e-06, 1.62388528224e-06, 2.03672769317e-07, 9.19103086972e-08, 8.42971648041e-09, 2.46940023985e-09, 1.16852627574e-09, 1.11190090468e-09, 1.47696965769e-09], "dvar": [9.08999709271e-13, 7.00510582874e-09, 3.65389531964e-08, 1.72752734784e-07, 6.5354220169e-07, 9.09737707389e-07, 1.55195339175e-05, 2.72933775705e-05, 7.18538558431e-06, 2.46188301389e-06, 3.24190125411e-07, 4.22713526405e-07, 2.12999157156e-06, 2.02880315214e-07, 1.95739975339e-08, 6.22434237485e-09, 3.02754066261e-09, 7.98812196945e-11, 1.18341045297e-10, 2.26257998448e-10, 5.91968368855e-13, 1.3602384193e-13, 1.90347657951e-15, 2.1877432983e-16, 1.9153446493e-17, 1.70537874744e-17, 1.23507950262e-17], "dvar2": [2.44352715145e-12, 6.9406227432e-09, 5.78418806185e-08, 3.70509354752e-07, 1.89163893083e-06, 1.55764541887e-06, 3.22105697705e-05, 5.00521164213e-05, 1.2828339095e-05, 4.36807476945e-06, 6.74513501053e-07, 7.65469849284e-07, 3.78142658519e-06, 4.14709518282e-07, 3.3618938744e-08, 1.32913724471e-08, 4.94748197966e-09, 1.89735879785e-10, 2.14256459796e-10, 5.57345725127e-10, 1.33262172998e-12, 3.16778748415e-13, 5.05920878582e-15, 5.95047051133e-16, 5.73225047192e-17, 5.11379697554e-17, 3.69771505205e-17], "max": [1.71694264282e-05, 0.00259267003275, 0.00572980986908, 0.0197376534343, 0.0140888169408, 0.0180010963231, 0.0892914384604, 0.115112714469, 0.0508090592921, 0.060887567699, 0.0120801934972, 0.015842044726, 0.0352246910334, 0.015180378221, 0.00452393339947, 0.00161770859268, 0.000968517910223, 0.000292782351607, 0.000431054068031, 0.000918248435482, 2.33080390899e-05, 9.21596983972e-06, 1.24941880131e-06, 6.83733446749e-07, 2.61968125415e-07, 2.47936270625e-07, 2.1115172899e-07], "mean": [6.32680666968e-07, 8.2234495494e-05, 0.00022526893008, 0.000374732771888, 0.00116072257515, 0.00124042399693, 0.00253892200999, 0.00399317732081, 0.0027189203538, 0.000936819589697, 0.000223103910685, 0.000267527822871, 0.000432774744695, 0.000138234667247, 0.000100331235444, 5.54776124773e-05, 3.71463611373e-05, 3.87369709642e-06, 4.63848391519e-06, 1.6973970105e-06, 1.72678738863e-07, 8.0649165568e-08, 5.62492363798e-09, 1.29959265571e-09, 6.08078642994e-10, 7.04322933309e-10, 3.32856719965e-09], "median": [1.6507658529e-07, 6.88196496412e-06, 2.62913163169e-05, 7.16880822438e-05, 0.000410137930885, 0.000391261681216, 0.000203765783226, 0.000323332089465, 0.000158247043146, 0.000214839179534, 3.57532553608e-05, 5.3478681366e-05, 4.1643739678e-05, 2.43674730882e-05, 2.25836702157e-05, 1.04722803371e-05, 4.95774111187e-06, 7.93974095359e-07, 7.87363319432e-07, 7.92817402839e-08, 1.52715706747e-08, 1.98509564342e-09, 4.39359826299e-10, 2.27621838045e-10, 2.02440300634e-10, 3.38982786285e-10, 3.02739189273e-09], "min": [3.71817873091e-24, 1.06255761624e-23, 1.88209684875e-23, 1.10094027467e-23, 5.8763309059e-23, 4.02155767455e-23, 3.43730393786e-23, 3.34938475889e-23, 1.99099562572e-23, 1.79531413434e-22, 1.2197776262e-22, 3.14061366695e-23, 4.72194025619e-23, 6.73039463592e-23, 1.27620579339e-22, 1.16462135523e-22, 1.80398239041e-22, 1.60301773977e-22, 2.48972276701e-22, 2.89402067047e-22, 3.48843001313e-22, 7.4384004538e-22, 4.93240418052e-22, 8.34085430015e-22, 1.17930631022e-21, 1.62733376502e-21, 2.53335088977e-21], "var": [1.68444273287e-12, 6.26223624067e-08, 2.24515389391e-07, 7.93753770267e-07, 2.84838097286e-06, 3.97241637984e-06, 6.28704583505e-05, 0.000120637007058, 3.27036468661e-05, 6.92248750056e-06, 5.61401179766e-07, 9.92942091216e-07, 4.91881428388e-06, 3.55064941004e-07, 6.9767487787e-08, 1.47241960846e-08, 9.66046442841e-09, 1.27301710839e-10, 2.20002016604e-10, 2.24707377705e-10, 6.73161559047e-13, 1.60919454845e-13, 1.61043335531e-15, 1.48303319435e-16, 1.01547264529e-17, 8.98742571605e-18, 6.95201298842e-18]}, "erbbands": {"dmean": [0.000240578883677, 0.00844658631831, 0.0740448832512, 0.28935316205, 0.982693016529, 1.27618205547, 2.09722900391, 4.26315450668, 5.74231624603, 25.8512096405, 31.3442726135, 24.7250976562, 13.7081127167, 8.479347229, 5.54963111877, 7.4710521698, 11.9797964096, 4.62008714676, 1.82160806656, 1.98254442215, 1.07110536098, 0.77035343647, 0.190940797329, 0.167465791106, 0.0900543630123, 0.0727864280343, 0.0100670512766, 0.00497479829937, 0.00212004221976, 0.000684136175551, 0.000126527054817, 4.22686425736e-05, 2.25981057156e-05, 1.01931100289e-05, 5.71333885091e-06, 3.63494950761e-06, 1.95897655431e-06, 6.1509211946e-07, 2.07304674404e-06, 4.74533317174e-06], "dmean2": [0.000353995594196, 0.00984148588032, 0.0917928814888, 0.433501958847, 1.62058222294, 2.07476568222, 2.92547059059, 6.06183481216, 9.20838928223, 35.6692810059, 41.3120536804, 31.6846485138, 15.5139932632, 12.0767335892, 7.7874712944, 9.69828987122, 15.4067802429, 6.29491710663, 2.39939951897, 2.90089607239, 1.40800619125, 0.964622974396, 0.276239871979, 0.234458208084, 0.119004137814, 0.106358632445, 0.0147954411805, 0.00726620946079, 0.00314352707937, 0.00101807527244, 0.00021265646501, 7.33701745048e-05, 3.73298062186e-05, 1.7359474441e-05, 9.18213572731e-06, 5.56672421226e-06, 2.89937815978e-06, 9.54366100814e-07, 2.67074528892e-06, 6.14573309576e-06], "dvar": [1.95780955892e-07, 0.000716878159437, 0.0361360795796, 0.540265679359, 5.54728889465, 7.23829841614, 15.1344709396, 83.1887893677, 382.936523438, 12905.5410156, 11637.6894531, 4703.43310547, 2140.12402344, 1830.91479492, 676.89276123, 1143.16699219, 5718.80126953, 743.668151855, 61.4135475159, 50.0703163147, 10.8133306503, 7.37470436096, 0.520508468151, 0.249319568276, 0.348345309496, 1.10659277439, 0.00530958920717, 0.000966255378444, 0.000121369666886, 2.93195080303e-05, 1.41811392496e-06, 1.54629262283e-07, 3.16876125339e-08, 5.04618302699e-09, 9.17208697881e-10, 2.88918999836e-10, 6.66341148925e-11, 7.96835167294e-12, 1.79422709329e-11, 9.55483331344e-11], "dvar2": [3.21021246918e-07, 0.000698935007676, 0.0465597957373, 1.18118357658, 16.0956707001, 19.6896820068, 28.1168823242, 153.363616943, 894.017333984, 24227.0195312, 22301.8496094, 8569.91210938, 2435.81933594, 4370.82128906, 1520.14221191, 2005.02478027, 10313.4589844, 1602.50280762, 97.648109436, 110.312973022, 19.3349113464, 10.9593915939, 1.20696735382, 0.503828942776, 0.614083886147, 2.7472383976, 0.0131209753454, 0.00207375339232, 0.00027908719494, 6.88030195306e-05, 3.9783367356e-06, 4.29251599599e-07, 8.74356942404e-08, 1.48583101378e-08, 2.6860313973e-09, 8.29879442943e-10, 1.87035734123e-10, 2.2999406199e-11, 3.17470598421e-11, 1.70278360856e-10], "max": [0.0118597233668, 0.805793583393, 4.56671571732, 26.2183132172, 66.7247238159, 50.0490112305, 103.87512207, 209.195571899, 414.852966309, 2968.73461914, 1576.02355957, 1352.76025391, 1134.31567383, 1855.9822998, 668.851318359, 867.145446777, 1789.60449219, 955.148498535, 270.662750244, 246.763214111, 73.2043838501, 62.13804245, 18.6093044281, 11.9144229889, 30.8526306152, 64.2319259644, 3.93598365784, 1.48995506763, 0.297427892685, 0.258610010147, 0.0450994521379, 0.0152663234621, 0.00671981088817, 0.00277790590189, 0.00181322998833, 0.00100560672581, 0.000475090113468, 0.000169013292179, 8.78081627889e-05, 0.000205090953386], "mean": [0.000564281770494, 0.0273152533919, 0.228176593781, 0.841426789761, 2.47368764877, 3.85440945625, 6.30649900436, 10.7468652725, 14.9311876297, 83.6661605835, 83.9827880859, 75.0556945801, 35.9265480042, 17.0294685364, 10.2549362183, 15.7085018158, 22.9512252808, 8.6333694458, 4.55597925186, 5.32398414612, 2.56487774849, 1.74438869953, 0.373742967844, 0.298417776823, 0.150074675679, 0.101986169815, 0.0150276711211, 0.00610468350351, 0.00271122553386, 0.000920878374018, 0.000159892675583, 5.09295459779e-05, 3.11117255478e-05, 1.83652791748e-05, 1.34782294481e-05, 9.88187366602e-06, 6.01629290031e-06, 2.00521162697e-06, 7.5715620369e-06, 1.66181525856e-05], "median": [0.000176054571057, 0.00235409662127, 0.0327728241682, 0.206871122122, 0.919565975666, 1.01783490181, 2.93323159218, 2.72731995583, 4.03788566589, 4.44888448715, 12.3048267365, 6.23823261261, 10.5929279327, 3.86267638206, 2.76594352722, 3.45774459839, 2.75750851631, 1.78667891026, 1.17419719696, 1.0303812027, 0.708750009537, 0.256918221712, 0.081557020545, 0.0715427398682, 0.020917814225, 0.00626141764224, 0.00169127271511, 0.000493717845529, 0.000108107473352, 4.38317802036e-05, 2.02006012842e-05, 1.27241301016e-05, 1.02318499557e-05, 8.32159457786e-06, 6.6291222538e-06, 4.93670586366e-06, 3.17521971738e-06, 1.25227256831e-06, 3.98729162043e-06, 8.40893153509e-06], "min": [1.83407812814e-22, 2.86750620979e-21, 1.61749449606e-20, 3.34820384547e-20, 8.95142611786e-20, 3.05572486547e-19, 1.3467966033e-19, 5.02951713525e-19, 4.45144971899e-19, 8.04797518768e-19, 5.54761964397e-19, 4.51637512527e-19, 2.38541910778e-18, 7.62757222187e-18, 3.6888152504e-18, 1.67576431666e-18, 1.74196109954e-18, 4.20479190495e-18, 5.52383892514e-18, 6.99512150605e-18, 7.05977807863e-18, 9.01076709857e-18, 8.03358638092e-18, 1.13398537591e-17, 1.13689250217e-17, 1.34103794765e-17, 1.80911298652e-17, 1.25393946875e-17, 2.26267100563e-17, 2.11785566861e-17, 1.71478362557e-17, 1.67969081895e-17, 1.35777065339e-17, 1.05190639439e-17, 9.16864858055e-18, 6.27628666449e-18, 3.07079800908e-18, 1.36286432821e-18, 3.43749766948e-19, 3.63190385424e-20], "var": [1.30549426558e-06, 0.00639355462044, 0.269434303045, 2.80588531494, 16.0613937378, 38.9044113159, 78.5034179688, 337.05355835, 1078.55529785, 60489.5703125, 44606.15625, 23102.8261719, 9034.89355469, 3115.3684082, 1039.70324707, 2770.09912109, 12993.4013672, 1183.64111328, 221.727828979, 132.474624634, 36.5148048401, 24.7288322449, 1.10560452938, 0.495074748993, 0.604839384556, 1.06675672531, 0.00542232487351, 0.00116830598563, 0.000154229914187, 3.14591161441e-05, 1.03004629182e-06, 1.09829933592e-07, 2.18484359493e-08, 3.14295700576e-09, 7.12896519595e-10, 2.82653317418e-10, 8.02925781418e-11, 7.11416602711e-12, 8.82613426789e-11, 4.68820315902e-10]}, "gfcc": {"mean": [-254.579940796, 232.193496704, -145.404174805, -65.3522186279, -22.2893943787, -40.9348602295, -21.8461761475, -12.1208848953, -12.7289409637, -10.7663860321, -8.39885902405, -15.5836210251, -4.76703739166], "cov": [[14253.3261719, 1654.2947998, -4204.65380859, 319.673431396, 335.218261719, -1439.71716309, -123.020462036, -235.839401245, -102.843589783, -430.91003418, -812.03503418, -849.035522461, -74.2558898926], [1654.2947998, 1110.16503906, -85.9819107056, -195.402450562, 284.514465332, -68.741065979, -177.060638428, -86.7055587769, -129.890930176, -88.6216049194, -78.9367980957, -189.453811646, -49.5614128113], [-4204.65380859, -85.9819107056, 2202.23291016, 100.217750549, -119.122062683, 488.404144287, -59.5213279724, 23.8491306305, 1.30054867268, 22.9232845306, 59.4238090515, 30.0316047668, -109.861976624], [319.673431396, -195.402450562, 100.217750549, 559.048217773, -20.831199646, -58.816947937, 97.2855453491, -80.9535751343, -9.52598953247, -71.0718154907, -176.603500366, -84.2220077515, -15.3449163437], [335.218261719, 284.514465332, -119.122062683, -20.831199646, 329.111328125, 75.264755249, -39.2540397644, 23.9997253418, -51.7874832153, -5.70888996124, 38.9156188965, -48.5551834106, -19.8046588898], [-1439.71716309, -68.741065979, 488.404144287, -58.816947937, 75.264755249, 410.945587158, 92.175201416, 34.4515762329, 38.6674804688, 68.8943252563, 98.5807723999, 70.4546813965, -34.4202003479], [-123.020462036, -177.060638428, -59.5213279724, 97.2855453491, -39.2540397644, 92.175201416, 212.420410156, 62.1957168579, 14.4742250443, 17.4680938721, -8.48902988434, 35.4515342712, 7.42923355103], [-235.839401245, -86.7055587769, 23.8491306305, -80.9535751343, 23.9997253418, 34.4515762329, 62.1957168579, 176.91104126, 70.0028839111, 28.1211414337, 78.6485824585, 45.3124084473, -9.04127025604], [-102.843589783, -129.890930176, 1.30054867268, -9.52598953247, -51.7874832153, 38.6674804688, 14.4742250443, 70.0028839111, 163.275253296, 83.995475769, 18.4107284546, 24.5299873352, -21.4158744812], [-430.91003418, -88.6216049194, 22.9232845306, -71.0718154907, -5.70888996124, 68.8943252563, 17.4680938721, 28.1211414337, 83.995475769, 172.66355896, 130.266220093, 44.0113983154, -18.0205631256], [-812.03503418, -78.9367980957, 59.4238090515, -176.603500366, 38.9156188965, 98.5807723999, -8.48902988434, 78.6485824585, 18.4107284546, 130.266220093, 287.443511963, 185.804672241, 16.7925510406], [-849.035522461, -189.453811646, 30.0316047668, -84.2220077515, -48.5551834106, 70.4546813965, 35.4515342712, 45.3124084473, 24.5299873352, 44.0113983154, 185.804672241, 273.084777832, 107.365638733], [-74.2558898926, -49.5614128113, -109.861976624, -15.3449163437, -19.8046588898, -34.4202003479, 7.42923355103, -9.04127025604, -21.4158744812, -18.0205631256, 16.7925510406, 107.365638733, 146.163284302]], "icov": [[0.000586209120229, -0.00092310551554, 0.00108550081495, -0.00070545746712, 0.00063878466608, 0.000249674136285, -2.97285114357e-05, -0.000108258391265, -0.000912649615202, 0.0011245488422, -0.00066730537219, 0.00126277515665, 2.08182373171e-05], [-0.00092310551554, 0.00348250311799, -0.00242175417952, 0.0029470953159, -0.00373385567218, 0.00157760386355, -0.00207848078571, 0.00359485927038, -0.000912665447686, 0.000773986626882, -0.000616197590716, -0.000104855287645, -0.000495878222864], [0.00108550081495, -0.00242175417952, 0.00401613581926, -0.00372541043907, 0.00465155020356, -0.00407508388162, 0.0059850923717, -0.00641836365685, 0.00439402973279, -0.00251524709165, 0.00300017860718, -0.000390251399949, 0.00160293933004], [-0.00070545746712, 0.0029470953159, -0.00372541043907, 0.00724467681721, -0.00656277080998, 0.00623027281836, -0.00988542381674, 0.0109603404999, -0.00824556220323, 0.00618446664885, -0.00416368804872, 0.00226139393635, -0.00126871303655], [0.00063878466608, -0.00373385567218, 0.00465155020356, -0.00656277080998, 0.012519906275, -0.00946233700961, 0.0124018313363, -0.014205080457, 0.011963609606, -0.00764762237668, 0.00528079597279, -0.00164758157916, 0.0012383608846], [0.000249674136285, 0.00157760386355, -0.00407508388162, 0.00623027281836, -0.00946233700961, 0.0143843535334, -0.0167625118047, 0.0168379824609, -0.0165538657457, 0.0122738219798, -0.0113575318828, 0.00622299080715, -0.00192681862973], [-2.97285114357e-05, -0.00207848078571, 0.0059850923717, -0.00988542381674, 0.0124018313363, -0.0167625118047, 0.0305954180658, -0.0292263627052, 0.0284488555044, -0.0243458542973, 0.0236481633037, -0.0152002414688, 0.0067262169905], [-0.000108258391265, 0.00359485927038, -0.00641836365685, 0.0109603404999, -0.014205080457, 0.0168379824609, -0.0292263627052, 0.0391488410532, -0.0350466966629, 0.0299826841801, -0.0291102770716, 0.0178475994617, -0.00776618067175], [-0.000912649615202, -0.000912665447686, 0.00439402973279, -0.00824556220323, 0.011963609606, -0.0165538657457, 0.0284488555044, -0.0350466966629, 0.0452306829393, -0.0378870293498, 0.0349598899484, -0.024252044037, 0.0115269320086], [0.0011245488422, 0.000773986626882, -0.00251524709165, 0.00618446664885, -0.00764762237668, 0.0122738219798, -0.0243458542973, 0.0299826841801, -0.0378870293498, 0.0437491647899, -0.0382632613182, 0.026450952515, -0.0106523958966], [-0.00066730537219, -0.000616197590716, 0.00300017860718, -0.00416368804872, 0.00528079597279, -0.0113575318828, 0.0236481633037, -0.0291102770716, 0.0349598899484, -0.0382632613182, 0.0449832938612, -0.0319777168334, 0.0150345033035], [0.00126277515665, -0.000104855287645, -0.000390251399949, 0.00226139393635, -0.00164758157916, 0.00622299080715, -0.0152002414688, 0.0178475994617, -0.024252044037, 0.026450952515, -0.0319777168334, 0.0313129909337, -0.015950743109], [2.08182373171e-05, -0.000495878222864, 0.00160293933004, -0.00126871303655, 0.0012383608846, -0.00192681862973, 0.0067262169905, -0.00776618067175, 0.0115269320086, -0.0106523958966, 0.0150345033035, -0.015950743109, 0.0170125588775]]}, "melbands": {"dmean": [4.32725437349e-06, 2.88634491881e-05, 6.66678024572e-05, 8.1093654444e-05, 7.24172059563e-05, 9.65050567174e-05, 0.000108037791506, 0.000288277049549, 0.000255222083069, 0.000133516019559, 6.59657962387e-05, 3.49583933712e-05, 1.82851272257e-05, 1.67776179296e-05, 2.52955578617e-05, 1.81334216904e-05, 8.10758410807e-06, 2.81562915916e-06, 2.29330271395e-06, 2.37089147959e-06, 1.21946482068e-06, 9.73066903498e-07, 3.65223655763e-07, 1.08869407711e-07, 1.4925737446e-07, 7.85205642728e-08, 4.18039789452e-08, 5.02125985236e-08, 3.93720300806e-09, 5.3716595616e-09, 2.05305594747e-09, 1.65638835981e-09, 4.72866579226e-10, 2.72530831236e-10, 6.17764867039e-11, 5.35633794263e-11, 1.95226283056e-11, 1.70087763318e-11, 1.26782985152e-11, 5.74088649882e-12], "dmean2": [5.50381264475e-06, 3.51550042978e-05, 0.000103247693914, 0.000134485206218, 0.000103339902125, 0.000137454597279, 0.0001709247299, 0.00039206224028, 0.000333409843734, 0.000170394137967, 7.52287451178e-05, 5.05728494318e-05, 2.54328188021e-05, 2.30245241255e-05, 3.18385355058e-05, 2.39635755861e-05, 1.12238822112e-05, 3.74942578674e-06, 3.25418045577e-06, 3.46885371982e-06, 1.54667031893e-06, 1.19241019547e-06, 5.55005328806e-07, 1.54888098791e-07, 2.10673746892e-07, 1.0510724735e-07, 5.45694192056e-08, 7.53949578325e-08, 5.78628212011e-09, 7.97515831152e-09, 3.03813951774e-09, 2.45827225243e-09, 7.25154269965e-10, 4.12160222618e-10, 1.05742220535e-10, 9.76063396774e-11, 3.37893012181e-11, 2.79391249719e-11, 2.36093158912e-11, 1.04831039682e-11], "dvar": [1.48251577681e-10, 5.8226445887e-09, 2.51922305239e-08, 3.76804152324e-08, 1.74650498508e-08, 4.35971259094e-08, 1.74498026695e-07, 1.40568636198e-06, 6.41570579774e-07, 1.40546475791e-07, 5.33266586444e-08, 3.51229942908e-08, 6.61704824267e-09, 5.83853765335e-09, 1.71176743891e-08, 1.14005151985e-08, 2.43049647075e-09, 1.43432085653e-10, 5.84452070074e-11, 7.07638600494e-11, 1.6884695031e-11, 1.31880053753e-11, 2.92916277171e-12, 2.28900909728e-13, 2.20842793922e-13, 2.0438158273e-13, 9.6072801136e-14, 5.958834229e-13, 8.30180803252e-16, 1.0833431752e-15, 2.11424241135e-16, 8.81377949509e-17, 3.29977070162e-17, 2.82572755464e-18, 2.83564105579e-19, 5.75056582232e-19, 8.60228739847e-20, 2.58387700413e-20, 3.66439234215e-20, 1.41110297718e-21], "dvar2": [1.57421409241e-10, 7.10386949265e-09, 5.67006139818e-08, 1.12765896176e-07, 3.57815643781e-08, 7.81642555125e-08, 3.99522292582e-07, 2.57260239778e-06, 1.21961852528e-06, 2.51181205613e-07, 6.08072028285e-08, 8.40112051037e-08, 1.3572222457e-08, 1.10911315687e-08, 2.97273246019e-08, 2.16061959435e-08, 5.05170927312e-09, 2.31530530859e-10, 1.12646884876e-10, 1.57041810112e-10, 2.7781481976e-11, 1.92955477984e-11, 7.05126798964e-12, 5.09528671425e-13, 4.45489863532e-13, 3.5665367144e-13, 1.96268308138e-13, 1.48521776475e-12, 2.15059293616e-15, 2.42495220173e-15, 4.49570095354e-16, 2.02643209389e-16, 7.8883066647e-17, 6.57411676635e-18, 7.77672457024e-19, 1.67445519994e-18, 2.29328664548e-19, 6.86522168304e-20, 1.0807923789e-19, 4.22568447097e-21], "max": [0.000376067386242, 0.00174265669193, 0.00707627320662, 0.0032838457264, 0.0028814105317, 0.0041400459595, 0.00937987677753, 0.0337589532137, 0.0121768871322, 0.00727316457778, 0.00559469358996, 0.0081404838711, 0.00174087262712, 0.00171876442619, 0.00315847969614, 0.00242554396391, 0.00163895788137, 0.000389858993003, 0.000194671825739, 0.000255917053437, 9.91465713014e-05, 7.86862365203e-05, 4.77792927995e-05, 1.90052069229e-05, 1.23565705508e-05, 2.10415546462e-05, 1.43017823575e-05, 4.68862635898e-05, 1.22133224068e-06, 9.63086904449e-07, 9.06934587874e-07, 2.79341122678e-07, 2.9193034834e-07, 6.11620265545e-08, 1.91504216929e-08, 2.92175421635e-08, 1.55060106977e-08, 7.75943753695e-09, 7.63826424333e-09, 2.25158913736e-09], "mean": [1.26645491036e-05, 8.97621648619e-05, 0.000186332195881, 0.000233873332036, 0.00022217676451, 0.000243231712375, 0.000293356744805, 0.00090715783881, 0.000686019076966, 0.000401277560741, 0.000164586803294, 6.74694747431e-05, 3.26117333316e-05, 3.35691984219e-05, 5.00629066664e-05, 3.36140656145e-05, 1.48736025949e-05, 6.47980823487e-06, 6.83730786477e-06, 5.56053282708e-06, 2.78205016002e-06, 2.14528040487e-06, 6.57732016407e-07, 1.87157979781e-07, 2.60091951532e-07, 1.27981437004e-07, 6.96476050166e-08, 6.62313368593e-08, 5.99477978369e-09, 6.64327748368e-09, 2.3276247596e-09, 2.06765649047e-09, 5.86388437807e-10, 3.55111162698e-10, 7.25493207177e-11, 4.84313110449e-11, 1.69366187741e-11, 1.67039906213e-11, 1.03815523886e-11, 5.52336518536e-12], "median": [1.74094884642e-06, 1.09678112494e-05, 6.25367101748e-05, 8.28580086818e-05, 0.000100284974906, 6.29988207947e-05, 5.5636621255e-05, 4.89225712954e-05, 8.98848156794e-05, 2.79190189758e-05, 3.50898262695e-05, 1.18023081086e-05, 6.02701902608e-06, 7.43357213651e-06, 7.57755606173e-06, 4.46343710792e-06, 2.45648561759e-06, 1.18801756344e-06, 1.37037955028e-06, 7.93697495283e-07, 4.00397340172e-07, 2.05093130035e-07, 7.75294850541e-08, 3.13499270987e-08, 5.62302027163e-08, 1.38406885952e-08, 4.61015847719e-09, 2.72275846314e-09, 5.72665082021e-10, 4.06839145706e-10, 1.06284259171e-10, 4.6749295407e-11, 1.81121836279e-11, 1.50144740391e-11, 5.65893555973e-12, 3.60258177456e-12, 2.8064456141e-12, 2.6374141586e-12, 2.16438022019e-12, 1.89168862866e-12], "min": [2.48471739723e-24, 7.52656291748e-24, 7.12820709301e-24, 1.44849361462e-23, 6.88544303803e-24, 1.01471541115e-23, 6.41981473328e-24, 8.81672441759e-24, 4.71711960608e-24, 2.26290746006e-24, 1.21092428759e-23, 3.12103950354e-23, 1.46896834164e-23, 4.62992562694e-24, 3.98889212776e-24, 4.55530687948e-24, 7.79352449186e-24, 7.78475314746e-24, 9.6339843154e-24, 8.92688726528e-24, 8.52204148214e-24, 1.01989917393e-23, 7.79894475514e-24, 7.23453213239e-24, 9.0555993883e-24, 9.96291485818e-24, 5.58768717399e-24, 9.78475377818e-24, 1.28304873575e-23, 8.26884789714e-24, 6.81197168876e-24, 1.19299931679e-23, 1.64918850638e-23, 8.75011536933e-24, 9.25714309439e-24, 1.01619862742e-23, 1.08166382736e-23, 9.64026917023e-24, 9.95657083878e-24, 8.40760143062e-24], "var": [1.29490251854e-09, 4.48821886323e-08, 1.16075014489e-07, 1.28104929331e-07, 9.48166558601e-08, 1.72114027919e-07, 5.50206721073e-07, 6.73471413393e-06, 2.57527062786e-06, 6.78049275393e-07, 2.25944560839e-07, 5.94128515274e-08, 1.16037464082e-08, 1.29293962203e-08, 4.1027455211e-08, 2.42682247631e-08, 4.2507144471e-09, 4.93915963684e-10, 2.00448435628e-10, 1.64955535342e-10, 6.36096869622e-11, 4.40430504567e-11, 5.91446119511e-12, 4.05293610088e-13, 4.3216393463e-13, 3.71288774465e-13, 1.49043578586e-13, 5.68878277818e-13, 8.5149400509e-16, 1.19084033829e-15, 2.70311903922e-16, 1.13271545514e-16, 3.23109221147e-17, 3.22223761524e-18, 2.29911956127e-19, 3.75883252204e-19, 5.9957094564e-20, 1.85659460641e-20, 2.0886654587e-20, 7.5219389304e-22]}, "mfcc": {"mean": [-848.752563477, 222.228027344, -15.5470600128, -30.0614395142, -3.65465784073, -17.5074710846, -15.4435882568, -9.09926128387, -6.86151123047, -2.39482617378, -2.58459615707, -3.96401786804, -2.44938135147], "cov": [[6213.109375, 3138.19116211, -2026.92687988, -96.7052078247, 293.976318359, -692.104736328, -370.20892334, -137.210266113, -12.2362794876, 76.8896408081, -189.953796387, -377.388824463, -287.324707031], [3138.19116211, 2029.6541748, -675.577392578, -211.517944336, 229.790237427, -233.858383179, -209.543045044, -71.6573944092, -46.6332244873, 21.133769989, -77.8151702881, -203.506607056, -196.985321045], [-2026.92687988, -675.577392578, 1138.5645752, 143.708129883, -28.1526927948, 330.937927246, 121.883331299, 20.205078125, 0.488296627998, -10.2182340622, 71.6220397949, 79.4693984985, 10.7960729599], [-96.7052078247, -211.517944336, 143.708129883, 463.767120361, 115.309432983, -23.6801624298, 34.8311653137, -7.59541273117, 34.5838851929, 50.3159408569, -19.8415565491, -57.3815345764, -40.3955459595], [293.976318359, 229.790237427, -28.1526927948, 115.309432983, 276.406402588, 82.6867904663, -2.27479815483, 16.4422569275, -14.2781181335, 22.9870128632, -1.82700145245, -85.5496826172, -73.9278945923], [-692.104736328, -233.858383179, 330.937927246, -23.6801624298, 82.6867904663, 312.258972168, 145.445846558, 27.1914920807, 9.44516658783, 21.3396778107, 52.6951904297, 3.47434854507, -26.9323654175], [-370.20892334, -209.543045044, 121.883331299, 34.8311653137, -2.27479815483, 145.445846558, 190.324966431, 86.6781692505, 17.1198635101, 17.6572113037, 18.4840393066, 31.4710006714, 38.1990127563], [-137.210266113, -71.6573944092, 20.205078125, -7.59541273117, 16.4422569275, 27.1914920807, 86.6781692505, 151.048629761, 62.2039222717, -24.2077903748, -8.63695335388, 22.7348537445, 42.3044929504], [-12.2362794876, -46.6332244873, 0.488296627998, 34.5838851929, -14.2781181335, 9.44516658783, 17.1198635101, 62.2039222717, 128.411071777, 59.4632759094, -15.8417510986, -10.8656539917, -1.06360507011], [76.8896408081, 21.133769989, -10.2182340622, 50.3159408569, 22.9870128632, 21.3396778107, 17.6572113037, -24.2077903748, 59.4632759094, 154.738189697, 74.964630127, -13.2331514359, -15.0637159348], [-189.953796387, -77.8151702881, 71.6220397949, -19.8415565491, -1.82700145245, 52.6951904297, 18.4840393066, -8.63695335388, -15.8417510986, 74.964630127, 187.016159058, 117.522148132, 10.5373334885], [-377.388824463, -203.506607056, 79.4693984985, -57.3815345764, -85.5496826172, 3.47434854507, 31.4710006714, 22.7348537445, -10.8656539917, -13.2331514359, 117.522148132, 227.916717529, 135.182907104], [-287.324707031, -196.985321045, 10.7960729599, -40.3955459595, -73.9278945923, -26.9323654175, 38.1990127563, 42.3044929504, -1.06360507011, -15.0637159348, 10.5373334885, 135.182907104, 214.991271973]], "icov": [[0.619228482246, -0.864685952663, 0.83949893713, -0.791071534157, 0.729028701782, -0.661572515965, 0.571183741093, -0.472499012947, 0.376970469952, -0.27120372653, 0.182764187455, -0.104341752827, 0.0433187261224], [-0.864685952663, 1.20860683918, -1.17307603359, 1.10740554333, -1.02236962318, 0.929498434067, -0.803466200829, 0.666164219379, -0.532352149487, 0.383441537619, -0.259027451277, 0.148515850306, -0.0611403658986], [0.83949893713, -1.17307603359, 1.14411985874, -1.08220458031, 1.00396037102, -0.92100840807, 0.802254855633, -0.670267939568, 0.540408909321, -0.392565786839, 0.268192052841, -0.156088531017, 0.0656923502684], [-0.791071534157, 1.10740554333, -1.08220458031, 1.03275895119, -0.964489340782, 0.893186330795, -0.787018120289, 0.665125727654, -0.541960477829, 0.396940380335, -0.274414151907, 0.162260204554, -0.0684265717864], [0.729028701782, -1.02236962318, 1.00396037102, -0.964489340782, 0.916203022003, -0.858077764511, 0.767565310001, -0.660186171532, 0.54600995779, -0.406220883131, 0.284323245287, -0.169912412763, 0.0741542801261], [-0.661572515965, 0.929498434067, -0.92100840807, 0.893186330795, -0.858077764511, 0.827920377254, -0.753947794437, 0.657524645329, -0.55323445797, 0.419420421124, -0.301495045424, 0.185436889529, -0.0803758725524], [0.571183741093, -0.803466200829, 0.802254855633, -0.787018120289, 0.767565310001, -0.753947794437, 0.709330379963, -0.62957662344, 0.536997497082, -0.415259808302, 0.301843225956, -0.189010754228, 0.0839765146375], [-0.472499012947, 0.666164219379, -0.670267939568, 0.665125727654, -0.660186171532, 0.657524645329, -0.62957662344, 0.581088542938, -0.50218307972, 0.393763452768, -0.289032042027, 0.183561712503, -0.0857429429889], [0.376970469952, -0.532352149487, 0.540408909321, -0.541960477829, 0.54600995779, -0.55323445797, 0.536997497082, -0.50218307972, 0.451172709465, -0.355946213007, 0.265185952187, -0.170163661242, 0.0802099555731], [-0.27120372653, 0.383441537619, -0.392565786839, 0.396940380335, -0.406220883131, 0.419420421124, -0.415259808302, 0.393763452768, -0.355946213007, 0.29547637701, -0.222224116325, 0.145031869411, -0.0690292865038], [0.182764187455, -0.259027451277, 0.268192052841, -0.274414151907, 0.284323245287, -0.301495045424, 0.301843225956, -0.289032042027, 0.265185952187, -0.222224116325, 0.179281443357, -0.119403921068, 0.0571696124971], [-0.104341752827, 0.148515850306, -0.156088531017, 0.162260204554, -0.169912412763, 0.185436889529, -0.189010754228, 0.183561712503, -0.170163661242, 0.145031869411, -0.119403921068, 0.0880505219102, -0.0429703742266], [0.0433187261224, -0.0611403658986, 0.0656923502684, -0.0684265717864, 0.0741542801261, -0.0803758725524, 0.0839765146375, -0.0857429429889, 0.0802099555731, -0.0690292865038, 0.0571696124971, -0.0429703742266, 0.0275276564062]]}, "spectral_contrast_coeffs": {"dmean": [0.0395966246724, 0.0371148586273, 0.0305635239929, 0.0259788539261, 0.0201464984566, 0.0444914288819], "dmean2": [0.065894857049, 0.0592026859522, 0.0472971387208, 0.0404088497162, 0.0308128353208, 0.0782421007752], "dvar": [0.00111315492541, 0.00135569542181, 0.000956704723649, 0.000720506592188, 0.000488610065077, 0.00166920211632], "dvar2": [0.00291560404003, 0.00321672856808, 0.00216305279173, 0.00162516476121, 0.00107135286089, 0.00458021089435], "max": [-0.285579174757, -0.324083507061, -0.430856704712, -0.491318285465, -0.477849990129, -0.583947479725], "mean": [-0.584780991077, -0.647441983223, -0.687808036804, -0.698345959187, -0.697727143764, -0.85326975584], "median": [-0.56173825264, -0.65033185482, -0.693709492683, -0.696794390678, -0.687667131424, -0.866846680641], "min": [-0.966517269611, -0.962907552719, -0.968549251556, -0.962289214134, -0.961375951767, -0.963124215603], "var": [0.0163872297853, 0.00691894348711, 0.00633654929698, 0.0042996769771, 0.00539524201304, 0.00450352253392]}, "spectral_contrast_valleys": {"dmean": [0.389871716499, 0.340824246407, 0.305775791407, 0.330408811569, 0.303274005651, 0.813516557217], "dmean2": [0.642070233822, 0.551567018032, 0.48272550106, 0.506911277771, 0.457926660776, 1.45283305645], "dvar": [0.119145415723, 0.146617010236, 0.136967167258, 0.189361140132, 0.210010752082, 0.470726966858], "dvar2": [0.283578813076, 0.298787802458, 0.263707399368, 0.356112033129, 0.414287507534, 1.35389006138], "max": [-6.62887525558, -4.67