{"lowlevel": {"average_loudness": 0.95209312439, "barkbands_crest": {"dmean": 3.14655709267, "dmean2": 5.19010829926, "dvar": 10.0157718658, "dvar2": 25.8504066467, "max": 24.1529312134, "mean": 11.910492897, "median": 11.421122551, "min": 3.11204886436, "var": 19.4908809662}, "barkbands_flatness_db": {"dmean": 0.0278184600174, "dmean2": 0.0458375364542, "dvar": 0.000987076549791, "dvar2": 0.00271946401335, "max": 0.512765944004, "mean": 0.152437478304, "median": 0.11847705394, "min": 0.0301578100771, "var": 0.0105485133827}, "barkbands_kurtosis": {"dmean": 8.1783657074, "dmean2": 14.2507219315, "dvar": 551.78314209, "dvar2": 1673.88171387, "max": 370.839233398, "mean": 10.0882005692, "median": 2.80695581436, "min": -1.76709628105, "var": 676.829528809}, "barkbands_skewness": {"dmean": 0.873455286026, "dmean2": 1.42466664314, "dvar": 1.54572725296, "dvar2": 4.32304811478, "max": 16.8812141418, "mean": 2.31091308594, "median": 1.88022542, "min": -1.92105257511, "var": 3.39924931526}, "barkbands_spread": {"dmean": 8.02067279816, "dmean2": 12.8345327377, "dvar": 67.8607711792, "dvar2": 173.538894653, "max": 81.9452133179, "mean": 27.250453949, "median": 29.224855423, "min": 0.71564412117, "var": 244.589248657}, "dissonance": {"dmean": 0.0134237837046, "dmean2": 0.0225979238749, "dvar": 0.000242000489379, "dvar2": 0.000665886560455, "max": 0.499999940395, "mean": 0.472727328539, "median": 0.482042968273, "min": 0.26735419035, "var": 0.000820049259346}, "dynamic_complexity": 2.71908974648, "erbbands_crest": {"dmean": 2.48419237137, "dmean2": 4.15532827377, "dvar": 5.64018201828, "dvar2": 14.1661319733, "max": 27.1017627716, "mean": 7.81858682632, "median": 6.52147722244, "min": 2.42550706863, "var": 16.9222888947}, "erbbands_flatness_db": {"dmean": 0.0132192065939, "dmean2": 0.0206587016582, "dvar": 0.000199071771931, "dvar2": 0.000435987836681, "max": 0.376691639423, "mean": 0.126459166408, "median": 0.101323120296, "min": 0.0429468117654, "var": 0.00455407658592}, "erbbands_kurtosis": {"dmean": 0.664335072041, "dmean2": 1.09078288078, "dvar": 0.922342598438, "dvar2": 2.37706756592, "max": 15.2714328766, "mean": 0.0324005894363, "median": -0.697385787964, "min": -1.85439777374, "var": 5.47046089172}, "erbbands_skewness": {"dmean": 0.353259950876, "dmean2": 0.562774479389, "dvar": 0.147386670113, "dvar2": 0.370485305786, "max": 3.23666572571, "mean": -0.00612088432536, "median": -0.209888577461, "min": -2.49290633202, "var": 0.711438238621}, "erbbands_spread": {"dmean": 10.608127594, "dmean2": 16.3351154327, "dvar": 118.736373901, "dvar2": 274.388183594, "max": 143.72177124, "mean": 55.8218078613, "median": 56.2779121399, "min": 5.34304714203, "var": 514.640075684}, "hfc": {"dmean": 7.9617857933, "dmean2": 12.9843730927, "dvar": 96.0301513672, "dvar2": 251.700256348, "max": 95.1780166626, "mean": 28.452173233, "median": 28.3006858826, "min": 1.15357893543e-16, "var": 362.945037842}, "melbands_crest": {"dmean": 3.65977883339, "dmean2": 5.92337226868, "dvar": 14.1999378204, "dvar2": 34.6501960754, "max": 35.3036575317, "mean": 17.0804748535, "median": 16.3984355927, "min": 1.83601951599, "var": 33.9054527283}, "melbands_flatness_db": {"dmean": 0.0346397124231, "dmean2": 0.0561069771647, "dvar": 0.00140449299943, "dvar2": 0.00370342237875, "max": 0.633308053017, "mean": 0.238806411624, "median": 0.202935829759, "min": 0.00443231826648, "var": 0.0134111251682}, "melbands_kurtosis": {"dmean": 24.3898944855, "dmean2": 41.6132202148, "dvar": 4617.98828125, "dvar2": 13503.8447266, "max": 1340.28405762, "mean": 37.2345619202, "median": 17.8158111572, "min": -1.26086652279, "var": 5877.17822266}, "melbands_skewness": {"dmean": 1.32647788525, "dmean2": 2.11346936226, "dvar": 3.32587575912, "dvar2": 8.55086994171, "max": 29.5042495728, "mean": 4.37531280518, "median": 3.77757310867, "min": -0.0441228412092, "var": 7.58309268951}, "melbands_spread": {"dmean": 7.59784650803, "dmean2": 12.0051193237, "dvar": 81.2757492065, "dvar2": 184.083145142, "max": 155.89012146, "mean": 19.4581565857, "median": 17.3011741638, "min": 0.34417951107, "var": 218.64680481}, "pitch_salience": {"dmean": 0.0907827839255, "dmean2": 0.151141032577, "dvar": 0.00762531720102, "dvar2": 0.0196545068175, "max": 0.88022851944, "mean": 0.490062981844, "median": 0.492838740349, "min": 0.102687470615, "var": 0.0172743648291}, "silence_rate_20dB": {"dmean": 0, "dmean2": 0, "dvar": 0, "dvar2": 0, "max": 1, "mean": 1, "median": 1, "min": 1, "var": 0}, "silence_rate_30dB": {"dmean": 0.0541250668466, "dmean2": 0.10827858001, "dvar": 0.0511957257986, "dvar2": 0.140702873468, "max": 1, "mean": 0.96795374155, "median": 1, "min": 0, "var": 0.0310205668211}, "silence_rate_60dB": {"dmean": 0.00683131907135, "dmean2": 0.0136662283912, "dvar": 0.00678380904719, "dvar2": 0.0176810771227, "max": 1, "mean": 0.0378250591457, "median": 0, "min": 0, "var": 0.0363941267133}, "spectral_centroid": {"dmean": 327.517242432, "dmean2": 526.743286133, "dvar": 136502.90625, "dvar2": 328614.84375, "max": 11197.2050781, "mean": 1652.17272949, "median": 1801.23779297, "min": 165.593429565, "var": 557984.0625}, "spectral_complexity": {"dmean": 4.0672621727, "dmean2": 6.82628107071, "dvar": 18.0472450256, "dvar2": 43.9593658447, "max": 51, "mean": 23.8815345764, "median": 27, "min": 0, "var": 164.013778687}, "spectral_decrease": {"dmean": 5.04289676684e-09, "dmean2": 8.39550828857e-09, "dvar": 5.81612658603e-17, "dvar2": 1.51459086264e-16, "max": -2.7859918778e-29, "mean": -1.07784359216e-08, "median": -9.35587429751e-09, "min": -5.04916997102e-08, "var": 6.62546921411e-17}, "spectral_energy": {"dmean": 0.0193780418485, "dmean2": 0.0322415567935, "dvar": 0.00084903469542, "dvar2": 0.00220795045607, "max": 0.194417625666, "mean": 0.0432610660791, "median": 0.0387180447578, "min": 1.05684593638e-20, "var": 0.000997613184154}, "spectral_energyband_high": {"dmean": 0.000774643034674, "dmean2": 0.00129638693761, "dvar": 1.14955093977e-06, "dvar2": 3.16405908052e-06, "max": 0.0106387278065, "mean": 0.00191141176037, "median": 0.0015982654877, "min": 7.59368442871e-21, "var": 2.76521859632e-06}, "spectral_energyband_low": {"dmean": 0.0161402430385, "dmean2": 0.0271619614214, "dvar": 0.00078668090282, "dvar2": 0.00207227654755, "max": 0.181229650974, "mean": 0.025642639026, "median": 0.0175598431379, "min": 4.51133143389e-23, "var": 0.000783090596087}, "spectral_energyband_middle_high": {"dmean": 0.00185708049685, "dmean2": 0.00287838629447, "dvar": 6.50947140457e-06, "dvar2": 1.48239541886e-05, "max": 0.0372791998088, "mean": 0.00508487271145, "median": 0.00463727163151, "min": 1.69013022328e-21, "var": 1.97668032342e-05}, "spectral_energyband_middle_low": {"dmean": 0.00627026567236, "dmean2": 0.00995092280209, "dvar": 0.000170027677086, "dvar2": 0.000427651393693, "max": 0.145798280835, "mean": 0.0122354393825, "median": 0.00945529993623, "min": 2.78867025296e-22, "var": 0.000195776839973}, "spectral_entropy": {"dmean": 0.154120355844, "dmean2": 0.248158037663, "dvar": 0.0394863411784, "dvar2": 0.0916865542531, "max": 9.80677318573, "mean": 7.58717823029, "median": 7.83324432373, "min": 4.93354701996, "var": 0.491676807404}, "spectral_flux": {"dmean": 0.0386023670435, "dmean2": 0.0630121007562, "dvar": 0.00229796930216, "dvar2": 0.00499976752326, "max": 0.375874996185, "mean": 0.106436729431, "median": 0.0921038687229, "min": 6.71655717155e-11, "var": 0.00425846641883}, "spectral_kurtosis": {"dmean": 2.27545142174, "dmean2": 3.88646221161, "dvar": 41.2448196411, "dvar2": 126.217971802, "max": 116.578971863, "mean": 5.79424858093, "median": 3.55129098892, "min": -1.22986924648, "var": 130.681182861}, "spectral_rms": {"dmean": 0.00132574117742, "dmean2": 0.0021539570298, "dvar": 2.80740027847e-06, "dvar2": 7.06608898327e-06, "max": 0.0137722808868, "mean": 0.00605599302799, "median": 0.00614603143185, "min": 3.21102671362e-12, "var": 5.53090649191e-06}, "spectral_rolloff": {"dmean": 645.145629883, "dmean2": 1077.88647461, "dvar": 821426.625, "dvar2": 1654800.25, "max": 19013.8183594, "mean": 1225.71862793, "median": 796.728515625, "min": 64.599609375, "var": 1644907}, "spectral_skewness": {"dmean": 0.261530280113, "dmean2": 0.440622657537, "dvar": 0.193514078856, "dvar2": 0.570432782173, "max": 8.28983879089, "mean": 1.45016753674, "median": 1.3459789753, "min": -0.145620569587, "var": 0.903988003731}, "spectral_spread": {"dmean": 454351.375, "dmean2": 697437.375, "dvar": 521237299200, "dvar2": 1061597872130.0, "max": 41147712, "mean": 4902055, "median": 5165074.5, "min": 703997.4375, "var": 2444507217920.0}, "spectral_strongpeak": {"dmean": 0.398979961872, "dmean2": 0.692395448685, "dvar": 0.68080586195, "dvar2": 1.83786809444, "max": 8.27668571472, "mean": 0.614787518978, "median": 0.451701998711, "min": 0, "var": 0.66911137104}, "zerocrossingrate": {"dmean": 0.0115248998627, "dmean2": 0.0143676595762, "dvar": 0.000222568196477, "dvar2": 0.000324980617734, "max": 0.52099609375, "mean": 0.0589690357447, "median": 0.05908203125, "min": 0.00390625, "var": 0.0011534151854}, "barkbands": {"dmean": [0.000796237261966, 0.0129854315892, 0.00362659967504, 0.00230059609748, 0.00389901199378, 0.000745856959838, 0.000691606022883, 0.000364066218026, 0.00028109192499, 0.000250272889389, 0.000574726844206, 0.000261063454673, 0.000456914800452, 0.000168923856108, 0.000164034456247, 0.000214574742131, 0.000259709107922, 0.000341816863511, 0.000223834125791, 0.00035592581844, 0.000299972452922, 0.000200670168852, 0.000114236434456, 5.80299347348e-05, 4.95888853038e-05, 6.32070732536e-05, 4.6092300181e-05], "dmean2": [0.00139161024708, 0.0220654085279, 0.00640708534047, 0.00399388931692, 0.0061705103144, 0.00125182548072, 0.00111604470294, 0.000579908490181, 0.0004370790557, 0.000377542048227, 0.000857344886754, 0.000395153823774, 0.000732726068236, 0.00026774109574, 0.000264212547336, 0.000351065857103, 0.000431823194958, 0.000573698838707, 0.000374584371457, 0.00061254715547, 0.000525967625435, 0.000339671329129, 0.000185633092769, 8.58578423504e-05, 7.47823360143e-05, 0.000106509141915, 7.76831220719e-05], "dvar": [4.31451417171e-06, 0.00062761089066, 2.94267902063e-05, 1.58740622282e-05, 8.58683997649e-05, 1.4112546296e-06, 1.61241837304e-06, 5.65415462006e-07, 3.74285406224e-07, 2.1050961152e-07, 1.83514998753e-06, 8.31273268886e-07, 2.56876319327e-06, 2.98647790942e-07, 3.37702090292e-07, 1.08358754858e-07, 1.65955853504e-07, 3.67064785678e-07, 1.04086929298e-07, 3.70207260403e-07, 2.49074844305e-07, 1.418897142e-07, 2.88991088837e-08, 5.74444447565e-09, 4.84041828841e-09, 1.35035680415e-08, 1.43939020703e-08], "dvar2": [1.12541865747e-05, 0.00168414681684, 8.08480399428e-05, 4.50858278782e-05, 0.000205213262234, 3.91059575122e-06, 3.72436034013e-06, 1.36303572162e-06, 7.43777718526e-07, 4.61055350343e-07, 3.51648418473e-06, 1.80099630143e-06, 6.29604392088e-06, 7.27272038148e-07, 8.55766018049e-07, 2.73760662139e-07, 4.35651998032e-07, 1.01030116184e-06, 2.75290119589e-07, 1.00604654563e-06, 7.01762417066e-07, 3.87081684039e-07, 8.22756121011e-08, 1.25031425213e-08, 9.59538226653e-09, 3.42991235414e-08, 3.84208362902e-08], "max": [0.0194344501942, 0.160517409444, 0.047266151756, 0.0391877032816, 0.098701454699, 0.0159477498382, 0.0200268868357, 0.0132185742259, 0.0192404091358, 0.00898433011025, 0.0231770258397, 0.023217767477, 0.0339668989182, 0.017668409273, 0.0199882481247, 0.00858069770038, 0.00482958462089, 0.0106577957049, 0.00490178214386, 0.00752303283662, 0.00454055238515, 0.0032944297418, 0.00283063901588, 0.00149869220331, 0.000915631826501, 0.00132351345383, 0.0015883310698], "mean": [0.000774401065428, 0.0182546582073, 0.00513007398695, 0.0029304290656, 0.00560442218557, 0.00142135284841, 0.00101718702354, 0.000573681318201, 0.000508427387103, 0.00047344333143, 0.000737946073059, 0.000386670202715, 0.000685864302795, 0.000253008212894, 0.000260193482973, 0.000389137800084, 0.00048949039774, 0.00062100024661, 0.000495077983942, 0.000727587612346, 0.000488203542773, 0.000305967667373, 0.000236422667513, 0.000159016941325, 0.000148883584188, 0.000132773871883, 5.57180101168e-05], "median": [4.71074636152e-05, 0.00937320571393, 0.00322131905705, 0.00156671565492, 0.00305646797642, 0.000973537680693, 0.00050534424372, 0.000291194708552, 0.000278617546428, 0.000301134015899, 0.000110821274575, 0.000113482274173, 0.000143616329296, 0.000111044595542, 0.000133949055453, 0.000272844918072, 0.000340646132827, 0.000447678205092, 0.000415522110416, 0.000578755396418, 0.000319239305099, 0.000137104463647, 0.000127142353449, 9.99080366455e-05, 0.000116097355203, 8.70081858011e-05, 1.02809999589e-05], "min": [2.17364705977e-24, 9.31776705495e-24, 2.81016803791e-23, 1.02159916918e-23, 2.65919489124e-23, 2.21268005513e-23, 6.52865702782e-23, 2.43784115232e-23, 8.06092656617e-23, 7.25603726953e-23, 4.86611089751e-23, 1.11235042191e-22, 4.86612320374e-23, 5.23951442046e-23, 1.36605351639e-22, 1.33280839349e-22, 1.96928080936e-22, 2.94008711811e-22, 2.93839302354e-22, 2.30358971114e-22, 3.06391202694e-22, 4.44830712736e-22, 5.52873960596e-22, 7.32915142258e-22, 1.18241187259e-21, 1.55463082938e-21, 2.41250254877e-21], "var": [4.26382894148e-06, 0.000581645697821, 3.22080304613e-05, 1.57198337547e-05, 9.52360933297e-05, 2.49279014497e-06, 2.43029353442e-06, 8.54278653151e-07, 8.42594545247e-07, 4.52270654705e-07, 3.55239899363e-06, 1.68171618498e-06, 4.98622603118e-06, 4.26202888093e-07, 4.61615599079e-07, 1.94231361661e-07, 3.18805660982e-07, 5.84391557368e-07, 2.39254887902e-07, 6.82002621488e-07, 2.83806826928e-07, 1.75083982867e-07, 8.73339942586e-08, 2.98453173286e-08, 2.22280061024e-08, 2.69410787013e-08, 1.34413458142e-08]}, "erbbands": {"dmean": [0.419039696455, 2.82995462418, 4.46622180939, 5.83817100525, 14.4820547104, 9.31879520416, 8.53125762939, 6.20229625702, 8.42213535309, 10.5448217392, 5.66973829269, 6.06942367554, 7.06322050095, 18.6240959167, 12.7992238998, 10.0694665909, 21.4460697174, 8.69476032257, 10.0738945007, 7.98394489288, 10.5098781586, 12.8089551926, 21.5018863678, 14.6098871231, 12.2809553146, 14.3298606873, 13.0803108215, 11.042766571, 7.89205169678, 5.15129804611, 3.08334493637, 1.31776988506, 0.961648523808, 0.767856240273, 0.322806179523, 0.21273958683, 0.114546976984, 0.0520623587072, 0.0084427036345, 0.000373871269403], "dmean2": [0.728314638138, 4.819211483, 7.81899547577, 10.0036153793, 22.7800865173, 15.6022062302, 14.3287172318, 10.0160970688, 13.7525911331, 16.5824584961, 8.8699388504, 9.41374969482, 10.6466121674, 27.7457122803, 19.3320331573, 15.0896453857, 34.337097168, 13.9520950317, 15.5444917679, 13.1145296097, 17.186794281, 21.3163585663, 36.0690193176, 24.0781974792, 20.6008911133, 24.6049385071, 23.2068271637, 19.1514205933, 13.554649353, 8.46131324768, 5.11049365997, 1.99416780472, 1.44850766659, 1.14539110661, 0.485170274973, 0.335189193487, 0.188882440329, 0.088660299778, 0.0145986415446, 0.000620581500698], "dvar": [0.943636059761, 26.7170562744, 48.7051086426, 70.4867324829, 1528.90625, 325.149383545, 164.052749634, 95.3625411987, 228.687316895, 330.601226807, 131.236160278, 188.292404175, 133.25390625, 2258.66821289, 1366.67822266, 1075.98400879, 5075.91748047, 422.408905029, 756.544921875, 410.423248291, 222.250869751, 390.464294434, 1752.69592285, 589.031860352, 434.620666504, 553.946533203, 404.117919922, 360.252624512, 250.593536377, 56.4212722778, 30.9724388123, 2.91469502449, 2.03463625908, 1.06983041763, 0.248738706112, 0.124086372554, 0.0468109957874, 0.0149453766644, 0.000567280512769, 7.66932657825e-07], "dvar2": [2.54949450493, 72.6889953613, 134.245529175, 192.450286865, 3642.01977539, 846.245178223, 445.606872559, 242.155517578, 558.62310791, 735.318054199, 293.489685059, 355.620269775, 292.177062988, 4383.66845703, 2627.02685547, 2336.5559082, 12627.1181641, 1014.35333252, 1877.51171875, 1040.45800781, 578.168518066, 1032.31799316, 4844.98876953, 1607.38720703, 1132.74133301, 1547.96582031, 1136.24389648, 993.865112305, 689.048706055, 152.889465332, 93.9501800537, 6.2259144783, 4.58507680893, 2.34093928337, 0.524715602398, 0.279362469912, 0.116140000522, 0.0401382483542, 0.00155240576714, 2.00442514142e-06], "max": [6.85972261429, 34.0670051575, 55.8440322876, 89.8530197144, 420.674072266, 192.969482422, 181.023483276, 128.86907959, 200.18119812, 270.412017822, 196.985137939, 558.145812988, 211.915634155, 911.201477051, 972.645690918, 849.825439453, 1450.58825684, 407.084411621, 759.786010742, 709.063903809, 291.520904541, 270.523864746, 758.59979248, 405.516967773, 348.974456787, 347.003082275, 200.327651978, 255.137557983, 165.99118042, 86.7454528809, 89.1867980957, 32.4104881287, 30.7281265259, 13.3650093079, 6.38310289383, 4.46339654922, 2.71947002411, 1.2845004797, 0.310609012842, 0.0120425391942], "mean": [0.468676149845, 4.20189428329, 6.94774055481, 8.43410396576, 17.8159980774, 14.00694561, 14.3134231567, 12.8111906052, 13.7590789795, 16.1605396271, 10.296833992, 11.3121595383, 14.1592721939, 25.5516281128, 17.8479881287, 15.9068832397, 32.5193824768, 14.651640892, 17.0269527435, 15.2033243179, 22.1755828857, 26.5572185516, 38.7250022888, 30.581281662, 25.6320877075, 30.7815055847, 21.8919887543, 18.1865978241, 11.8835659027, 9.05459022522, 6.39292097092, 3.69623279572, 2.43867874146, 1.99859499931, 0.927050709724, 0.571119248867, 0.22509779036, 0.0662082061172, 0.00958667136729, 0.000518521759659], "median": [0.186852261424, 2.25377821922, 4.47017145157, 5.11319541931, 7.16558265686, 8.80781173706, 9.55388450623, 8.41610336304, 8.38731002808, 7.74046278, 6.05240631104, 6.5334239006, 9.82371425629, 5.60206794739, 4.99238157272, 5.52128744125, 7.22918367386, 6.8436126709, 8.71314144135, 11.0553321838, 17.4608764648, 20.7170257568, 26.7816352844, 25.1406898499, 21.4026374817, 26.4034557343, 16.3646717072, 11.7409477234, 5.73370265961, 4.91420650482, 3.46326756477, 2.51763510704, 1.46492540836, 1.55734372139, 0.679363429546, 0.445751160383, 0.132982954383, 0.0219735037535, 0.00181288889144, 0.000132609420689], "min": [6.28638332879e-23, 3.05467581627e-21, 2.55879404452e-20, 4.19462674703e-20, 5.30470894519e-20, 5.80049806301e-20, 1.95386484259e-19, 2.1604075764e-19, 5.47902362373e-19, 8.27800325928e-19, 1.01080891828e-18, 1.85046920473e-18, 1.55713131398e-18, 3.0865280892e-18, 3.09365693851e-18, 3.87142405602e-18, 2.31046661812e-18, 3.08921580581e-18, 5.37239208115e-18, 6.33509879245e-18, 8.28597986533e-18, 1.03654060462e-17, 1.48039753222e-17, 1.50780665813e-17, 1.4177453837e-17, 1.09714151065e-17, 1.15783257938e-17, 1.26654280615e-17, 1.40685058786e-17, 1.91016616779e-17, 1.63672589988e-17, 1.36543067674e-17, 1.48669370018e-17, 1.36518310158e-17, 8.20178776822e-18, 5.43387103941e-18, 2.70997024536e-18, 1.24267560559e-18, 2.96090411787e-19, 3.57482645327e-20], "var": [0.781251132488, 25.9133644104, 54.2111968994, 86.2079467773, 1589.77404785, 364.528747559, 252.263656616, 212.721191406, 328.23336792, 542.829406738, 252.304992676, 473.357971191, 314.121124268, 4316.95898438, 2565.06323242, 2239.68212891, 9582.87792969, 886.674438477, 1207.87609863, 596.558654785, 489.569946289, 745.172546387, 2667.77832031, 1064.60961914, 776.741027832, 1058.7923584, 480.552032471, 457.948516846, 273.223175049, 119.703948975, 73.3009490967, 15.3591194153, 8.07155704498, 4.09510231018, 0.963450372219, 0.393370479345, 0.0871427729726, 0.0145692704245, 0.000465077639092, 8.67854907938e-07]}, "gfcc": {"mean": [15.6785230637, 80.9079971313, -86.7634963989, 52.6694602966, -40.0537719727, 2.69197535515, -25.2015552521, 9.55188751221, -23.0693683624, 2.74217605591, -15.3406515121, 2.05033588409, -8.57932472229], "cov": [[17028.2011719, -5749.76025391, -597.224121094, -542.232788086, -1031.34265137, 1427.58496094, -970.027404785, 749.764831543, -311.28414917, 605.90234375, -192.405212402, 455.597991943, -799.49395752], [-5749.76025391, 3172.86206055, -90.8058929443, 10.5796880722, 531.202514648, -799.48638916, 374.138793945, -446.986083984, 116.903297424, -266.616668701, 91.6949462891, -247.48348999, 373.781066895], [-597.224121094, -90.8058929443, 416.692260742, -0.0414103157818, 49.8923339844, -16.3670768738, 41.899520874, 41.365524292, 8.06523513794, -8.35398387909, 2.14972639084, 25.5072116852, 16.9909343719], [-542.232788086, 10.5796880722, -0.0414103157818, 400.558380127, -110.035705566, 143.271530151, 48.7680587769, -16.7850608826, 72.5104598999, 6.48722839355, -5.39591836929, -22.5855350494, -7.5106844902], [-1031.34265137, 531.202514648, 49.8923339844, -110.035705566, 341.626312256, -203.268310547, 108.029205322, -36.4734840393, 7.15132236481, -0.149665981531, 28.3281669617, -35.6579856873, 70.8823699951], [1427.58496094, -799.48638916, -16.3670768738, 143.271530151, -203.268310547, 419.996917725, -50.0711708069, 95.1693344116, -0.358389437199, 74.8562316895, 3.54922890663, 55.0664901733, -115.366424561], [-970.027404785, 374.138793945, 41.899520874, 48.7680587769, 108.029205322, -50.0711708069, 215.983688354, -25.9330730438, 32.6901435852, -70.8050918579, 18.4557304382, 0.50995850563, 75.3934631348], [749.764831543, -446.986083984, 41.365524292, -16.7850608826, -36.4734840393, 95.1693344116, -25.9330730438, 193.517929077, -8.46416282654, 34.0599594116, -27.9878482819, 64.5607147217, -23.7974739075], [-311.28414917, 116.903297424, 8.06523513794, 72.5104598999, 7.15132236481, -0.358389437199, 32.6901435852, -8.46416282654, 132.023971558, 28.8525238037, 5.26658439636, -36.7150306702, 19.8716430664], [605.90234375, -266.616668701, -8.35398387909, 6.48722839355, -0.149665981531, 74.8562316895, -70.8050918579, 34.0599594116, 28.8525238037, 155.497116089, 33.6930656433, -9.59831237793, -73.0212173462], [-192.405212402, 91.6949462891, 2.14972639084, -5.39591836929, 28.3281669617, 3.54922890663, 18.4557304382, -27.9878482819, 5.26658439636, 33.6930656433, 79.9790878296, 10.2485542297, -3.36518406868], [455.597991943, -247.48348999, 25.5072116852, -22.5855350494, -35.6579856873, 55.0664901733, 0.50995850563, 64.5607147217, -36.7150306702, -9.59831237793, 10.2485542297, 108.562965393, 18.3362159729], [-799.49395752, 373.781066895, 16.9909343719, -7.5106844902, 70.8823699951, -115.366424561, 75.3934631348, -23.7974739075, 19.8716430664, -73.0212173462, -3.36518406868, 18.3362159729, 124.954521179]], "icov": [[0.000251026911428, 0.000268478906946, 0.000387188600143, 0.000419805175625, 8.02666399977e-05, -0.000200997834327, 0.00014732463751, 9.3634633231e-05, -0.000103391488665, -0.000308065180434, 0.000517695152666, -0.000552586978301, 0.000404893944506], [0.000268478906946, 0.00221747439355, 0.000910781614948, -0.000257937208517, -0.000624608655926, 0.00158513884526, -0.00055560877081, 0.00123766274191, 6.64320259602e-06, 0.000932342314627, -0.00206427718513, 0.00263064610772, -0.0025638199877], [0.000387188600143, 0.000910781614948, 0.00330696580932, 0.000305422028759, -0.000498005363625, 0.000362283288268, -0.000227459153393, -0.000130917920615, -0.000477090332424, 0.000149727115058, 6.26918263151e-05, -0.00073931273073, 0.000324414519127], [0.000419805175625, -0.000257937208517, 0.000305422028759, 0.00477853557095, 0.00170823954977, -0.00235890340991, -0.000924510706682, 0.000431157794083, -0.00132561568171, -0.00167971244082, 0.00241345143877, -0.000850449840073, 0.00061532703694], [8.02666399977e-05, -0.000624608655926, -0.000498005363625, 0.00170823954977, 0.0068196146749, 0.00133623671718, -0.00337816844694, -0.000948925444391, 0.00169329624623, -0.00437481421977, 0.000538097752724, 0.00119367742445, -0.00121141818818], [-0.000200997834327, 0.00158513884526, 0.000362283288268, -0.00235890340991, 0.00133623671718, 0.00757634500042, -0.00221166014671, -0.000146508667967, -0.000110033062811, 0.000348012050381, -0.00298081128858, 0.000617383630015, 0.00137475435622], [0.00014732463751, -0.00055560877081, -0.000227459153393, -0.000924510706682, -0.00337816844694, -0.00221166014671, 0.00978127587587, -0.000824334507342, -0.00237590237521, 0.0048819296062, -0.00200281082653, -0.00172047305387, -0.000175048990059], [9.3634633231e-05, 0.00123766274191, -0.000130917920615, 0.000431157794083, -0.000948925444391, -0.000146508667967, -0.000824334507342, 0.00982264056802, -0.00111410859972, -0.00193516421132, 0.00424017384648, -0.00439247256145, -0.000483272655401], [-0.000103391488665, 6.64320259602e-06, -0.000477090332424, -0.00132561568171, 0.00169329624623, -0.000110033062811, -0.00237590237521, -0.00111410859972, 0.0124429743737, -0.00520113110542, -0.000500687514432, 0.00646741176024, -0.00651778327301], [-0.000308065180434, 0.000932342314627, 0.000149727115058, -0.00167971244082, -0.00437481421977, 0.000348012050381, 0.0048819296062, -0.00193516421132, -0.00520113110542, 0.0171749275178, -0.00918578542769, 0.00235062488355, 0.00487902574241], [0.000517695152666, -0.00206427718513, 6.26918263151e-05, 0.00241345143877, 0.000538097752724, -0.00298081128858, -0.00200281082653, 0.00424017384648, -0.000500687514432, -0.00918578542769, 0.0237616412342, -0.0113857118413, 0.00560480589047], [-0.000552586978301, 0.00263064610772, -0.00073931273073, -0.000850449840073, 0.00119367742445, 0.000617383630015, -0.00172047305387, -0.00439247256145, 0.00646741176024, 0.00235062488355, -0.0113857118413, 0.0262387115508, -0.0150727676228], [0.000404893944506, -0.0025638199877, 0.000324414519127, 0.00061532703694, -0.00121141818818, 0.00137475435622, -0.000175048990059, -0.000483272655401, -0.00651778327301, 0.00487902574241, 0.00560480589047, -0.0150727676228, 0.0264762155712]]}, "melbands": {"dmean": [0.00365669396706, 0.00278327567503, 0.00121267803479, 0.000903572130483, 0.00031489453977, 0.000136417889735, 0.000132894754643, 0.000111311965156, 4.89666599606e-05, 3.78279946744e-05, 3.56775817636e-05, 7.12255423423e-05, 5.10434438183e-05, 1.94339099835e-05, 3.89478918805e-05, 5.85106754443e-05, 1.14366275739e-05, 1.7988953914e-05, 1.3402978766e-05, 1.63280201377e-05, 1.21233433674e-05, 1.33464391183e-05, 2.13442544919e-05, 1.51542662934e-05, 1.34818956212e-05, 7.02624265614e-06, 1.30901289594e-05, 1.08341600935e-05, 8.68549250299e-06, 8.06317984825e-06, 7.11054053681e-06, 5.28172722625e-06, 3.42290877597e-06, 2.95704285236e-06, 2.24201744459e-06, 1.11962435767e-06, 9.16433464226e-07, 7.86968200828e-07, 7.62738068261e-07, 7.76566821514e-07], "dmean2": [0.00628469930962, 0.00474555511028, 0.00201308494434, 0.00144259328954, 0.000530743040144, 0.000222252012463, 0.000215683161514, 0.000174481072463, 7.67752571846e-05, 5.85049383517e-05, 5.37514861207e-05, 0.000106339517515, 7.67021047068e-05, 2.97217011394e-05, 5.83189066674e-05, 9.35329589993e-05, 1.85692897503e-05, 2.75254460576e-05, 2.18494460569e-05, 2.68394505838e-05, 2.00748327188e-05, 2.23067454499e-05, 3.56279306288e-05, 2.5412580726e-05, 2.23119168368e-05, 1.18601547001e-05, 2.20764686674e-05, 1.86674078577e-05, 1.54212866619e-05, 1.40141355587e-05, 1.23216868815e-05, 9.09579102881e-06, 5.78269555263e-06, 4.85579039378e-06, 3.79751827495e-06, 1.76265143637e-06, 1.42914313983e-06, 1.21616437809e-06, 1.17842171221e-06, 1.18571881558e-06], "dvar": [5.85470552323e-05, 2.05067408388e-05, 4.27058557761e-06, 5.38204812983e-06, 2.14550368582e-07, 4.54545450168e-08, 5.7177729218e-08, 3.83847584828e-08, 1.23582388767e-08, 7.7144219901e-09, 3.85285936488e-09, 3.12349897058e-08, 1.46956411484e-08, 2.24896745671e-09, 2.01020302626e-08, 4.92365224147e-08, 7.21198101239e-10, 2.79740164366e-09, 3.66566399457e-09, 7.7749712224e-10, 3.36492972375e-10, 4.43477782275e-10, 1.19534537824e-09, 6.62473020885e-10, 5.16766074377e-10, 1.01191700852e-10, 6.61890209308e-10, 4.51685411296e-10, 1.65962285581e-10, 1.67356448144e-10, 1.53057719277e-10, 1.10597572767e-10, 3.26799073913e-11, 1.97583980427e-11, 2.13676472349e-11, 2.92900230979e-12, 1.55886241415e-12, 1.91308926166e-12, 1.41925186881e-12, 1.22000239772e-12], "dvar2": [0.000157555448823, 5.60466942261e-05, 1.11096214823e-05, 1.31097358462e-05, 5.80370226544e-07, 1.18149451112e-07, 1.37233101327e-07, 8.68203287041e-08, 2.68987943031e-08, 1.40389886383e-08, 8.39332070512e-09, 6.0794192791e-08, 2.81007892511e-08, 4.54060788968e-09, 4.34850164766e-08, 1.20122990666e-07, 1.8035583027e-09, 6.73334055179e-09, 9.39454913862e-09, 1.91797400184e-09, 8.99109231511e-10, 1.18565723906e-09, 3.23666449198e-09, 1.81115578091e-09, 1.40948452909e-09, 2.57311560947e-10, 1.74499681371e-09, 1.27918753368e-09, 4.67543226357e-10, 4.63970223352e-10, 4.16219642085e-10, 2.99070379572e-10, 8.93754445452e-11, 5.25811859331e-11, 6.85937973088e-11, 6.88922053085e-12, 3.43181407771e-12, 4.59006877646e-12, 3.02877644839e-12, 2.80848760047e-12], "max": [0.0499670691788, 0.032772526145, 0.0224613212049, 0.0240159910172, 0.00526565965265, 0.00268441508524, 0.00297953304835, 0.00294466363266, 0.00214295834303, 0.00378456874751, 0.00114056258462, 0.00336566474289, 0.00275329477154, 0.00107586930972, 0.00383552536368, 0.00470811501145, 0.000766405195463, 0.00162167148665, 0.00218221545219, 0.000761824543588, 0.00031181005761, 0.000333030213369, 0.000497379514854, 0.000460652867332, 0.000375980162062, 0.000178227739525, 0.000428220053436, 0.000333489995683, 0.000136815506266, 0.00014954803919, 0.000116450639325, 0.000148584324052, 5.79965635552e-05, 5.33379570697e-05, 6.97488139849e-05, 3.18191268889e-05, 2.08003129956e-05, 3.10056893795e-05, 1.52133052325e-05, 1.40690872286e-05], "mean": [0.00476152775809, 0.00450811488554, 0.00174802716356, 0.00120134593453, 0.000541448069271, 0.000281147629721, 0.000207894772757, 0.000170664527104, 8.50024225656e-05, 6.93737529218e-05, 6.88745785737e-05, 9.79860051302e-05, 6.86167477397e-05, 3.0028350011e-05, 5.81645872444e-05, 8.34105376271e-05, 1.86435354408e-05, 2.86119902739e-05, 2.0281140678e-05, 2.70762720902e-05, 2.47032567131e-05, 2.54727419815e-05, 3.70650996047e-05, 2.76374921668e-05, 2.54092210525e-05, 1.46458096424e-05, 2.34522303799e-05, 2.07430075534e-05, 1.39400735861e-05, 1.25619199025e-05, 9.97054667096e-06, 7.03406340108e-06, 5.17546186529e-06, 4.9335562835e-06, 4.00917178922e-06, 2.46729791797e-06, 2.20513720706e-06, 1.71838019014e-06, 1.61625735018e-06, 1.74908325334e-06], "median": [0.00234186882153, 0.00291307340376, 0.00109771452844, 0.000603685039096, 0.000358539313311, 0.000194889798877, 0.000118807773106, 8.36861290736e-05, 4.46364138043e-05, 3.92843176087e-05, 4.57290261693e-05, 2.18355708057e-05, 1.43305205711e-05, 1.23626678032e-05, 1.43459219544e-05, 1.19709193314e-05, 1.05089784483e-05, 1.25468914121e-05, 9.91000251815e-06, 1.64374760061e-05, 1.94999283849e-05, 1.90280698007e-05, 2.47071911872e-05, 2.03747604246e-05, 1.9346784029e-05, 1.25752612803e-05, 1.73996595549e-05, 1.57409322128e-05, 1.00550878415e-05, 8.45026170282e-06, 4.99326233694e-06, 2.85836176772e-06, 2.40923736783e-06, 2.36697928813e-06, 1.77251934019e-06, 1.33011360504e-06, 1.45478350078e-06, 8.93059052487e-07, 9.80927211458e-07, 1.33116861889e-06], "min": [1.48104138448e-24, 1.07148223632e-23, 7.57087875655e-24, 3.36955072575e-24, 7.02889818251e-24, 4.93058891691e-24, 1.06820688584e-23, 7.98529105589e-24, 9.77474471102e-24, 1.1400137386e-23, 7.32728245333e-24, 1.07345241643e-23, 9.29335733196e-24, 9.74776014603e-24, 7.69830345857e-24, 4.91516865837e-24, 5.73201361534e-24, 7.15825007172e-24, 1.00993917391e-23, 9.31613253516e-24, 8.91094833069e-24, 9.01578952271e-24, 1.43215772522e-23, 1.1567012233e-23, 1.25006575133e-23, 1.00326509511e-23, 9.84802357823e-24, 6.29063244917e-24, 7.2436908075e-24, 7.59828457326e-24, 7.36463817263e-24, 8.01493329327e-24, 9.16241667689e-24, 9.5279117115e-24, 1.02614813559e-23, 6.65732576349e-24, 9.33639284979e-24, 1.01911977935e-23, 1.09416853489e-23, 1.13859607666e-23], "var": [5.13887789566e-05, 2.13807779801e-05, 4.77490630146e-06, 5.58787678528e-06, 3.41291098493e-07, 9.55082128939e-08, 8.31045596783e-08, 6.15839610418e-08, 2.26285390426e-08, 1.9873008128e-08, 8.62803783974e-09, 6.03887500006e-08, 2.88307440144e-08, 4.44483605477e-09, 4.21082511082e-08, 9.398915779e-08, 1.06573883052e-09, 4.27369828415e-09, 4.71218930542e-09, 1.26032884129e-09, 6.99483804212e-10, 7.68513530591e-10, 2.0134414136e-09, 1.07931741322e-09, 8.59677384835e-10, 2.10188505489e-10, 1.01598074398e-09, 7.46407380348e-10, 2.18362300464e-10, 2.13999970522e-10, 1.80253145743e-10, 1.19181484126e-10, 4.57416396427e-11, 4.11076346574e-11, 3.76137766767e-11, 1.03015955141e-11, 5.71678728661e-12, 5.32958096058e-12, 3.72386106326e-12, 3.42612765415e-12]}, "mfcc": {"mean": [-633.684997559, 107.175918579, 19.1770420074, 50.2556762695, 12.0656633377, 7.00783157349, 7.60845327377, 6.24751567841, 4.71214103699, 0.283170729876, -0.580882668495, 2.13108372688, -0.277838796377], "cov": [[12875.2109375, -2494.97924805, -1483.30688477, -711.204223633, -409.434967041, -208.733184814, -10.9560747147, -142.693664551, -58.5345726013, 149.189559937, 220.296188354, 190.718307495, 106.392463684], [-2494.97924805, 1581.29772949, -77.198425293, 159.477340698, 110.653129578, -100.127044678, -14.5923271179, -77.1089859009, -14.3270874023, -66.2313995361, -107.892929077, -83.0334854126, -47.3900642395], [-1483.30688477, -77.198425293, 615.502075195, 43.1557998657, 36.8940658569, 70.0783081055, -26.369758606, 89.1197814941, -10.429854393, -14.0978975296, -22.5261764526, -23.4177589417, -2.35944366455], [-711.204223633, 159.477340698, 43.1557998657, 223.129257202, 14.1298046112, 54.4315719604, -3.05705761909, 2.72190546989, 40.9727745056, 7.20225572586, 10.2904806137, 4.23208236694, -8.60451412201], [-409.434967041, 110.653129578, 36.8940658569, 14.1298046112, 128.269683838, -21.2545146942, 15.683968544, -21.7461357117, -0.782604217529, 13.5453824997, 1.75930917263, -3.57430887222, 2.67678403854], [-208.733184814, -100.127044678, 70.0783081055, 54.4315719604, -21.2545146942, 204.56427002, 16.8768501282, 7.44450473785, -4.06423902512, 23.7977981567, 53.5160179138, 23.7259120941, 10.8762350082], [-10.9560747147, -14.5923271179, -26.369758606, -3.05705761909, 15.683968544, 16.8768501282, 124.895149231, 45.5804214478, 6.44777870178, -15.7559547424, -5.79927873611, 23.8990154266, 24.5170574188], [-142.693664551, -77.1089859009, 89.1197814941, 2.72190546989, -21.7461357117, 7.44450473785, 45.5804214478, 138.521362305, 62.0673828125, -27.7240390778, -33.3944358826, -4.42315578461, -0.263484865427], [-58.5345726013, -14.3270874023, -10.429854393, 40.9727745056, -0.782604217529, -4.06423902512, 6.44777870178, 62.0673828125, 110.496635437, 24.7769184113, -4.26399374008, -8.99711513519, -16.4211082458], [149.189559937, -66.2313995361, -14.0978975296, 7.20225572586, 13.5453824997, 23.7977981567, -15.7559547424, -27.7240390778, 24.7769184113, 90.2025680542, 60.5856056213, 13.2193870544, 1.42358124256], [220.296188354, -107.892929077, -22.5261764526, 10.2904806137, 1.75930917263, 53.5160179138, -5.79927873611, -33.3944358826, -4.26399374008, 60.5856056213, 98.1493911743, 46.5563392639, 17.7621440887], [190.718307495, -83.0334854126, -23.4177589417, 4.23208236694, -3.57430887222, 23.7259120941, 23.8990154266, -4.42315578461, -8.99711513519, 13.2193870544, 46.5563392639, 77.3251953125, 38.3899841309], [106.392463684, -47.3900642395, -2.35944366455, -8.60451412201, 2.67678403854, 10.8762350082, 24.5170574188, -0.263484865427, -16.4211082458, 1.42358124256, 17.7621440887, 38.3899841309, 70.4707183838]], "icov": [[0.000259123276919, 0.000381552468752, 0.000618266873062, 0.000333896081429, 0.000312204647344, 0.000215706197196, 0.000154583802214, -7.20175667084e-05, 0.00019205440185, -0.000212071914575, -1.34041192723e-05, -5.18962187925e-05, -9.16671779123e-05], [0.000381552468752, 0.00145350932144, 0.00106556061655, -0.000271651457297, -0.000171661813511, 0.00054251565598, 0.000162955620908, 0.000405592669267, 0.000424086494604, 2.29539218708e-05, 0.000689401931595, 0.000395747396396, -1.94655567611e-05], [0.000618266873062, 0.00106556061655, 0.00403495784849, 7.06983773853e-05, -0.000891125120688, -0.000373073708033, 0.00224827812053, -0.00373862986453, 0.00312104960904, -0.00157705321908, 0.000794728694018, 0.000363201485015, -0.000416908587795], [0.000333896081429, -0.000271651457297, 7.06983773853e-05, 0.00682636722922, 0.000354770891136, -0.00161179807037, 0.000200730006327, 0.00195618835278, -0.00397606333718, 0.00147235917393, -0.000693822279572, -0.00133660342544, 0.000268623669399], [0.000312204647344, -0.000171661813511, -0.000891125120688, 0.000354770891136, 0.0107129355893, 0.00196820916608, -0.00327501515858, 0.0036505619064, -0.00146811536979, -0.00169972679578, -0.000549147371203, 0.000641705119051, -0.000649885972962], [0.000215706197196, 0.00054251565598, -0.000373073708033, -0.00161179807037, 0.00196820916608, 0.00738251255825, -0.00165901344735, -0.000375360308681, 0.00123430241365, 0.000104548162199, -0.0047295615077, 0.00134878314566, -6.56820557197e-05], [0.000154583802214, 0.000162955620908, 0.00224827812053, 0.000200730006327, -0.00327501515858, -0.00165901344735, 0.0125289214775, -0.00666660675779, 0.00273615983315, -0.000303514330881, 0.00196541938931, -0.00317963934503, -0.00214687222615], [-7.20175667084e-05, 0.000405592669267, -0.00373862986453, 0.00195618835278, 0.0036505619064, -0.000375360308681, -0.00666660675779, 0.0205837264657, -0.013924238272, 0.00720155471936, 0.00166023359634, -0.000630316149909, -0.00065446930239], [0.00019205440185, 0.000424086494604, 0.00312104960904, -0.00397606333718, -0.00146811536979, 0.00123430241365, 0.00273615983315, -0.013924238272, 0.0218025073409, -0.0114317741245, 0.00339429010637, 6.57117707306e-05, 0.00289556989446], [-0.000212071914575, 2.29539218708e-05, -0.00157705321908, 0.00147235917393, -0.00169972679578, 0.000104548162199, -0.000303514330881, 0.00720155471936, -0.0114317741245, 0.0276118256152, -0.0175307039171, 0.00544895371422, -0.0011278775055], [-1.34041192723e-05, 0.000689401931595, 0.000794728694018, -0.000693822279572, -0.000549147371203, -0.0047295615077, 0.00196541938931, 0.00166023359634, 0.00339429010637, -0.0175307039171, 0.0322176925838, -0.0148383295164, 0.00160698313266], [-5.18962187925e-05, 0.000395747396396, 0.000363201485015, -0.00133660342544, 0.000641705119051, 0.00134878314566, -0.00317963934503, -0.000630316149909, 6.57117707306e-05, 0.00544895371422, -0.0148383295164, 0.0272811576724, -0.0101518295705], [-9.16671779123e-05, -1.94655567611e-05, -0.000416908587795, 0.000268623669399, -0.000649885972962, -6.56820557197e-05, -0.00214687222615, -0.00065446930239, 0.00289556989446, -0.0011278775055, 0.00160698313266, -0.0101518295705, 0.0209365487099]]}, "spectral_contrast_coeffs": {"dmean": [0.0552341677248, 0.0472042784095, 0.0404253825545, 0.0307382997125, 0.0226391535252, 0.0278487522155], "dmean2": [0.0899612754583, 0.0796897113323, 0.0651108324528, 0.0498302057385, 0.0373371653259, 0.0467812865973], "dvar": [0.00212272559293, 0.00138626142871, 0.00119998154696, 0.000705420679878, 0.000480829476146, 0.000921223370824], "dvar2": [0.00544245867059, 0.00382281234488, 0.00282919150777, 0.00177120789886, 0.00116065470502, 0.0024573020637], "max": [-0.314736396074, -0.510266005993, -0.425783008337, -0.440600663424, -0.493598788977, -0.438785552979], "mean": [-0.658360123634, -0.73856306076, -0.779321193695, -0.791987836361, -0.791641592979, -0.715367615223], "median": [-0.661227583885, -0.742170214653, -0.788750112057, -0.795247912407, -0.792202234268, -0.725028514862], "min": [-0.953077852726, -0.969066381454, -0.968822836876, -0.964778244495, -0.961597919464, -0.961106956005], "var": [0.00538075435907, 0.00405223947018, 0.00477517349645, 0.00374402734451, 0.00219761719927, 0.00243662600406]}, "spectral_contrast_valleys": {"dmean": [0.426929533482, 0.390688180923, 0.350577563047, 0.30572706461, 0.272997260094, 0.365451544523], "dmean2": [0.712060511112, 0.666156351566, 0.597577750683, 0.499806165695, 0.439632743597, 0.566643476486], "dvar": [0.220407918096, 0.210179120302, 0.205107569695, 0.202736988664, 0.229292467237, 0.2945535779], "dvar2": [0.471788823605, 0.456556707621, 0.436686843634, 0.42090216279, 0.471169441938, 0.688310623169], "max": [-5.07100248337, -5.03259