{"lowlevel": {"average_loudness": 0.832134723663, "barkbands_crest": {"dmean": 1.6628459692, "dmean2": 2.51537561417, "dvar": 3.30755400658, "dvar2": 7.45603752136, "max": 26.0546455383, "mean": 13.889134407, "median": 13.8713989258, "min": 2.76990413666, "var": 21.7581939697}, "barkbands_flatness_db": {"dmean": 0.0323445908725, "dmean2": 0.0455949082971, "dvar": 0.00152343418449, "dvar2": 0.00286955712363, "max": 0.610761642456, "mean": 0.312374740839, "median": 0.315940260887, "min": 0.0395361706614, "var": 0.0113046476617}, "barkbands_kurtosis": {"dmean": 5.3701748848, "dmean2": 8.47655296326, "dvar": 112.301460266, "dvar2": 277.416564941, "max": 468.728363037, "mean": 11.2699747086, "median": 5.01048851013, "min": -1.90503978729, "var": 582.792297363}, "barkbands_skewness": {"dmean": 0.57114392519, "dmean2": 0.877160608768, "dvar": 0.444619506598, "dvar2": 1.04539299011, "max": 15.7073612213, "mean": 2.11109471321, "median": 2.08970355988, "min": -8.75840950012, "var": 4.07677745819}, "barkbands_spread": {"dmean": 4.3050122261, "dmean2": 7.07222223282, "dvar": 72.0575485229, "dvar2": 186.26612854, "max": 74.9495239258, "mean": 9.45100021362, "median": 6.25309467316, "min": 0.359943270683, "var": 103.259429932}, "dissonance": {"dmean": 0.0285995323211, "dmean2": 0.0484014153481, "dvar": 0.000788481032941, "dvar2": 0.00224436516874, "max": 0.499859154224, "mean": 0.4333370924, "median": 0.444264054298, "min": 0.13810095191, "var": 0.00244291848503}, "dynamic_complexity": 5.34135770798, "erbbands_crest": {"dmean": 2.04174876213, "dmean2": 3.32705879211, "dvar": 3.84798002243, "dvar2": 9.85598278046, "max": 28.5502300262, "mean": 8.9559173584, "median": 8.27455234528, "min": 2.35592317581, "var": 14.1691646576}, "erbbands_flatness_db": {"dmean": 0.0274816211313, "dmean2": 0.0386010184884, "dvar": 0.00133099406958, "dvar2": 0.0021680877544, "max": 0.602503418922, "mean": 0.278426766396, "median": 0.274231612682, "min": 0.061476688832, "var": 0.0161222331226}, "erbbands_kurtosis": {"dmean": 0.950670778751, "dmean2": 1.60294032097, "dvar": 4.41665458679, "dvar2": 12.5353317261, "max": 106.441757202, "mean": 0.307867854834, "median": -0.253850698471, "min": -1.82308828831, "var": 9.65351867676}, "erbbands_skewness": {"dmean": 0.362659424543, "dmean2": 0.578801453114, "dvar": 0.1179394871, "dvar2": 0.313707917929, "max": 6.89098167419, "mean": 0.112293273211, "median": 0.0731498077512, "min": -2.10777187347, "var": 0.487298756838}, "erbbands_spread": {"dmean": 10.4824647903, "dmean2": 16.6261405945, "dvar": 363.727661133, "dvar2": 850.74029541, "max": 151.874435425, "mean": 28.8784885406, "median": 22.2563743591, "min": 1.10900878906, "var": 598.726745605}, "hfc": {"dmean": 10.6015748978, "dmean2": 17.4413909912, "dvar": 695.903869629, "dvar2": 1703.3112793, "max": 304.406494141, "mean": 16.3208713531, "median": 9.69737434387, "min": 1.12683678179e-16, "var": 775.802490234}, "melbands_crest": {"dmean": 1.82910919189, "dmean2": 2.91756844521, "dvar": 4.90026092529, "dvar2": 13.4527721405, "max": 33.9830970764, "mean": 17.4682254791, "median": 17.431180954, "min": 1.71773886681, "var": 41.7693214417}, "melbands_flatness_db": {"dmean": 0.0369608774781, "dmean2": 0.0517905727029, "dvar": 0.00207913550548, "dvar2": 0.00403050100431, "max": 0.756551086903, "mean": 0.415800690651, "median": 0.424344211817, "min": 0.00340677751228, "var": 0.0181699804962}, "melbands_kurtosis": {"dmean": 9.93706417084, "dmean2": 15.3789558411, "dvar": 539.263671875, "dvar2": 1357.36804199, "max": 524.77935791, "mean": 20.0399475098, "median": 11.2078170776, "min": -1.63110244274, "var": 855.657958984}, "melbands_skewness": {"dmean": 0.719204306602, "dmean2": 1.09825265408, "dvar": 0.966149806976, "dvar2": 2.21488857269, "max": 16.7022094727, "mean": 3.10190057755, "median": 2.95295858383, "min": -1.16341984272, "var": 5.18395757675}, "melbands_spread": {"dmean": 2.4354763031, "dmean2": 3.84475421906, "dvar": 13.7344322205, "dvar2": 30.7467765808, "max": 159.250701904, "mean": 9.58333492279, "median": 6.8919005394, "min": 0.34890422225, "var": 177.649337769}, "pitch_salience": {"dmean": 0.0511593148112, "dmean2": 0.0818644165993, "dvar": 0.00405908748507, "dvar2": 0.0104802427813, "max": 0.905953228474, "mean": 0.461192041636, "median": 0.439681708813, "min": 0.0715489163995, "var": 0.0276549458504}, "silence_rate_20dB": {"dmean": 0.00244716345333, "dmean2": 0.00489487173036, "dvar": 0.00244101206772, "dvar2": 0.00731799891219, "max": 1, "mean": 0.998776555061, "median": 1, "min": 0, "var": 0.0012219856726}, "silence_rate_30dB": {"dmean": 0.0631813108921, "dmean2": 0.12637668848, "dvar": 0.0591900013387, "dvar2": 0.119757130742, "max": 1, "mean": 0.89989989996, "median": 1, "min": 0, "var": 0.0900739654899}, "silence_rate_60dB": {"dmean": 0.0220244713128, "dmean2": 0.0440538451076, "dvar": 0.0215422064066, "dvar2": 0.0450156778097, "max": 1, "mean": 0.153486818075, "median": 0, "min": 0, "var": 0.129930496216}, "spectral_centroid": {"dmean": 124.962753296, "dmean2": 195.770950317, "dvar": 50380.3359375, "dvar2": 97183.3515625, "max": 10871.8056641, "mean": 694.030517578, "median": 505.131011963, "min": 109.688613892, "var": 307289.875}, "spectral_complexity": {"dmean": 2.58820915222, "dmean2": 3.8157749176, "dvar": 14.0811748505, "dvar2": 22.2502651215, "max": 63, "mean": 14.091424942, "median": 14, "min": 0, "var": 69.876991272}, "spectral_decrease": {"dmean": 3.96416277582e-09, "dmean2": 6.34047081505e-09, "dvar": 1.61191931579e-16, "dvar2": 4.2957630615e-16, "max": 8.27584011994e-16, "mean": -1.34508093552e-08, "median": -1.1710743486e-08, "min": -1.67626865277e-07, "var": 2.09649442412e-16}, "spectral_energy": {"dmean": 0.0156746115535, "dmean2": 0.025127556175, "dvar": 0.00244332104921, "dvar2": 0.00648798281327, "max": 0.640734314919, "mean": 0.052246876061, "median": 0.0454955548048, "min": 1.03075234624e-20, "var": 0.00317062577233}, "spectral_energyband_high": {"dmean": 0.000881013227627, "dmean2": 0.00146099040285, "dvar": 5.49363949176e-06, "dvar2": 1.31197184601e-05, "max": 0.0225491356105, "mean": 0.000753568136133, "median": 1.72956447386e-06, "min": 7.61949908773e-21, "var": 6.06552384852e-06}, "spectral_energyband_low": {"dmean": 0.0117352604866, "dmean2": 0.0185395162553, "dvar": 0.00160191243049, "dvar2": 0.00432104291394, "max": 0.556071817875, "mean": 0.0388034805655, "median": 0.0283288639039, "min": 7.67588860704e-23, "var": 0.00218755099922}, "spectral_energyband_middle_high": {"dmean": 0.001038009068, "dmean2": 0.00158152915537, "dvar": 4.51887308373e-06, "dvar2": 1.03765651147e-05, "max": 0.0346398577094, "mean": 0.00250743329525, "median": 0.00192372617312, "min": 1.48721641725e-21, "var": 7.79455149313e-06}, "spectral_energyband_middle_low": {"dmean": 0.0059092589654, "dmean2": 0.00995480082929, "dvar": 0.000493980827741, "dvar2": 0.00127064459957, "max": 0.368483245373, "mean": 0.0140647841617, "median": 0.00835912674665, "min": 2.57008282835e-22, "var": 0.000510339450557}, "spectral_entropy": {"dmean": 0.263438373804, "dmean2": 0.372610718012, "dvar": 0.152438849211, "dvar2": 0.293496847153, "max": 9.812458992, "mean": 6.58362722397, "median": 6.42145586014, "min": 3.86381483078, "var": 0.702326595783}, "spectral_flux": {"dmean": 0.0252740960568, "dmean2": 0.039865270257, "dvar": 0.00319426832721, "dvar2": 0.00620115827769, "max": 0.637689173222, "mean": 0.0646285042167, "median": 0.0445428267121, "min": 1.01525975127e-10, "var": 0.00615889625624}, "spectral_kurtosis": {"dmean": 26.7499027252, "dmean2": 45.3284492493, "dvar": 1896.61889648, "dvar2": 5731.89648438, "max": 962.139892578, "mean": 69.4421157837, "median": 35.8699111938, "min": -1.18639850616, "var": 9648.95214844}, "spectral_rms": {"dmean": 0.000742736156099, "dmean2": 0.00111733714584, "dvar": 3.02028956867e-06, "dvar2": 7.49014770918e-06, "max": 0.0250021331012, "mean": 0.00617994507775, "median": 0.00666227471083, "min": 3.17113869885e-12, "var": 1.27805478769e-05}, "spectral_rolloff": {"dmean": 182.618484497, "dmean2": 324.501953125, "dvar": 397710.09375, "dvar2": 1051264.5, "max": 19767.4804688, "mean": 979.198181152, "median": 387.59765625, "min": 64.599609375, "var": 7672357}, "spectral_skewness": {"dmean": 1.41272985935, "dmean2": 2.29125213623, "dvar": 2.3341319561, "dvar2": 6.4240732193, "max": 25.3779525757, "mean": 4.88866233826, "median": 3.98109960556, "min": 0.0265661645681, "var": 13.5943832397}, "spectral_spread": {"dmean": 1256370.875, "dmean2": 1800825.125, "dvar": 5357362479100.0, "dvar2": 9575641120770.0, "max": 40566408, "mean": 2887623.5, "median": 1382849.625, "min": 116538.71875, "var": 11121016700900.0}, "spectral_strongpeak": {"dmean": 0.159876301885, "dmean2": 0.259585946798, "dvar": 0.0926169976592, "dvar2": 0.224503010511, "max": 7.38580560684, "mean": 0.58527380228, "median": 0.508285999298, "min": 0, "var": 0.165521413088}, "zerocrossingrate": {"dmean": 0.0073877661489, "dmean2": 0.00951841566712, "dvar": 0.000138032017276, "dvar2": 0.000204828713322, "max": 0.82568359375, "mean": 0.0420477986336, "median": 0.0205078125, "min": 0.001953125, "var": 0.00976321753114}, "barkbands": {"dmean": [0.000190900085727, 0.0055723534897, 0.00536676310003, 0.00326325930655, 0.00105665577576, 0.00142718886491, 0.000602746731602, 0.00032995690708, 0.000378812954295, 0.000279975123703, 0.000339065911248, 0.000205370844924, 0.000246520183282, 0.000187372221262, 7.91121419752e-05, 5.64932961424e-05, 7.57511297707e-05, 6.33899253444e-05, 6.69687142363e-05, 7.11182365194e-05, 6.94659247529e-05, 0.000146286110976, 0.000228393066209, 0.000151381987962, 0.000169135353644, 0.000107916399429, 2.31295894082e-06], "dmean2": [0.000247809308348, 0.00768242683262, 0.00940786208957, 0.00531462021172, 0.00190094509162, 0.00244334666058, 0.000995727488771, 0.000549759191927, 0.000591344549321, 0.000462596857687, 0.000567216309719, 0.000341451406712, 0.000401640543714, 0.000313877768349, 0.000133017601911, 9.20686870813e-05, 0.00012897682609, 9.53952476266e-05, 0.000105186605651, 0.000101200763311, 9.78707248578e-05, 0.000235592466197, 0.000388833723264, 0.000263216032181, 0.000307893875288, 0.000191438652109, 3.53399332198e-06], "dvar": [2.36639223772e-07, 0.000252748548519, 0.000713219051249, 0.000246849172981, 2.05864180316e-05, 8.67129074322e-06, 3.50659138348e-06, 3.76028538085e-07, 3.3772184338e-07, 2.37514782953e-07, 2.23958650736e-07, 9.15578155514e-08, 1.34872905733e-07, 7.86915634876e-08, 4.1409116136e-08, 6.663744756e-08, 2.03118020181e-07, 5.435135364e-08, 8.94482354852e-08, 1.05720886268e-07, 1.05751652768e-07, 2.15072489596e-07, 3.63895281907e-07, 1.69795725924e-07, 2.19196195417e-07, 8.21667782702e-08, 4.32299127051e-11], "dvar2": [4.12651701254e-07, 0.000597462174483, 0.00199043238536, 0.000614503573161, 5.88218026678e-05, 2.47653206316e-05, 9.58956570685e-06, 1.03079389646e-06, 7.92586263287e-07, 6.25789255082e-07, 6.09896233073e-07, 2.39992004936e-07, 3.37251435667e-07, 2.16716145474e-07, 1.09324439279e-07, 1.72805300735e-07, 5.55015162718e-07, 1.21464395875e-07, 2.01030346147e-07, 2.00120510385e-07, 2.1033751807e-07, 4.4396983867e-07, 9.1887511644e-07, 4.4109179953e-07, 6.09004473517e-07, 2.22719407361e-07, 8.59916027274e-11], "max": [0.0115026775748, 0.266032189131, 0.313073694706, 0.27479493618, 0.0544895231724, 0.0614854842424, 0.0422781705856, 0.00995742715895, 0.0135216964409, 0.00730804353952, 0.006773582194, 0.00487902201712, 0.00682107638568, 0.00403290893883, 0.00477818259969, 0.00396339269355, 0.00867555383593, 0.00312818563543, 0.00434829341248, 0.00538748083636, 0.00486803334206, 0.00594216492027, 0.00573137542233, 0.00431990064681, 0.00335868424736, 0.0020620173309, 9.3168746389e-05], "mean": [0.00109320378397, 0.0253638941795, 0.00850473996252, 0.00598615035415, 0.0012563864002, 0.00362471304834, 0.00136698968709, 0.0005462426343, 0.00119131070096, 0.000459932372905, 0.000543565663975, 0.000341365113854, 0.000430869258707, 0.000315252167638, 0.000122328710859, 6.95200578775e-05, 7.96455860836e-05, 7.97643733677e-05, 7.84840376582e-05, 8.53292585816e-05, 8.60273939907e-05, 0.000139229901833, 0.00018562162586, 0.000113232825242, 0.00010791625391, 7.26421130821e-05, 2.55997611021e-06], "median": [4.79979780721e-06, 0.0184943582863, 0.00268183555454, 0.000442194344942, 0.000409898668295, 0.00110136950389, 0.000460000301246, 0.000318550155498, 0.000498402223457, 0.000295963691315, 0.000351517024683, 0.000213528997847, 0.000286318361759, 0.000205058211577, 4.69545411761e-05, 1.9421462639e-05, 5.08632047058e-06, 2.30609020946e-06, 8.70343285442e-07, 6.64703179609e-07, 2.81890748965e-07, 2.54991590509e-07, 2.53162397712e-07, 1.24732281392e-07, 9.46924316736e-08, 4.55838033986e-08, 4.80937245584e-09], "min": [4.83357448724e-23, 3.8592943506e-23, 1.26412980021e-23, 1.97929303197e-23, 7.98466391147e-23, 3.85671509099e-23, 2.98600134715e-23, 3.93355203642e-23, 2.99975687253e-23, 3.05066206674e-23, 2.00865001724e-23, 1.27297764834e-22, 7.87190602695e-23, 9.71697784688e-23, 7.38437925901e-23, 2.10533558657e-22, 2.06265063853e-22, 2.89355341238e-22, 2.62162283472e-22, 4.48254091386e-22, 4.18581486022e-22, 4.49736089659e-22, 3.51025760505e-22, 1.00589241844e-21, 1.10257208078e-21, 1.88054160632e-21, 2.22411701102e-21], "var": [3.39106895808e-06, 0.000797233602498, 0.000489402329549, 0.000248710333835, 1.34558658829e-05, 2.63965630438e-05, 6.17400201008e-06, 4.9571508498e-07, 2.79305754702e-06, 3.4558016182e-07, 3.91488640616e-07, 1.51059310838e-07, 2.38618753201e-07, 1.24257766743e-07, 5.96436180444e-08, 6.29187013601e-08, 1.78111122295e-07, 7.57606457569e-08, 1.13077923913e-07, 1.62131087222e-07, 1.68465859929e-07, 2.9686191283e-07, 3.53711271828e-07, 1.42359752431e-07, 1.42443767004e-07, 5.76321674828e-08, 7.92297616403e-11]}, "erbbands": {"dmean": [0.15162499249, 1.42499542236, 5.59264135361, 9.6948299408, 6.01782035828, 2.70402693748, 10.438158989, 9.31667041779, 8.66902923584, 7.22249078751, 8.18670654297, 6.9595990181, 8.9066991806, 12.0129232407, 9.63154315948, 6.83759737015, 9.65807819366, 11.1599969864, 4.9310798645, 2.98577523232, 3.83650016785, 4.26765346527, 3.34698700905, 3.19903206825, 3.60378408432, 3.00213861465, 3.4084174633, 2.67975473404, 4.1558713913, 7.02875852585, 6.40991973877, 3.79293227196, 2.25944423676, 1.60051643848, 1.29864549637, 0.777593433857, 0.150637730956, 0.0103928651661, 0.000515771040227, 3.80861019948e-05], "dmean2": [0.207319870591, 1.95763897896, 9.4352273941, 16.2826786041, 10.5209627151, 4.82292318344, 17.6247997284, 16.0330314636, 13.9362602234, 12.5302839279, 13.3550024033, 10.8898496628, 14.3375930786, 20.2320098877, 15.6001853943, 11.2999572754, 15.6892194748, 18.3251438141, 8.10964488983, 4.89745616913, 6.36405992508, 7.2391166687, 5.23746109009, 4.81459379196, 5.55651855469, 4.34899663925, 4.78915882111, 3.88662934303, 6.51047134399, 11.6930990219, 10.9532222748, 6.51239013672, 3.95346212387, 2.87995314598, 2.37241840363, 1.39009404182, 0.268240511417, 0.0181851089001, 0.000803854665719, 6.06428948231e-05], "dvar": [0.197880730033, 18.6831817627, 740.677490234, 1928.06433105, 778.037231445, 130.630096436, 505.57635498, 365.414886475, 598.227050781, 438.691955566, 200.095916748, 113.771492004, 170.418182373, 343.123413086, 184.98878479, 103.388809204, 206.119049072, 279.704925537, 91.7542724609, 57.8395004272, 415.459381104, 617.942993164, 172.421188354, 181.496200562, 268.312164307, 179.132720947, 265.575195312, 137.652206421, 223.025146484, 360.186553955, 292.838195801, 105.932403564, 37.2247810364, 19.2253322601, 12.9975004196, 4.3568983078, 0.164113283157, 0.000732102722395, 1.84690657079e-06, 8.74381189675e-09], "dvar2": [0.454812079668, 44.9560279846, 2020.50036621, 4991.43408203, 2142.4831543, 373.3777771, 1371.82958984, 1033.34936523, 1574.65783691, 1260.18408203, 529.685974121, 276.321350098, 422.62677002, 955.958740234, 447.908508301, 272.295288086, 520.965148926, 753.432495117, 239.105957031, 148.491973877, 1103.41223145, 1670.43652344, 388.509277344, 404.407348633, 570.87097168, 325.314453125, 534.051574707, 264.994995117, 454.963104248, 853.53704834, 752.00793457, 274.29800415, 96.9819259644, 52.4705543518, 36.2460517883, 11.9013299942, 0.447606831789, 0.00194431201089, 3.8079465412e-06, 2.01306971093e-08], "max": [7.69090032578, 65.7611160278, 322.074401855, 648.766418457, 491.002716064, 138.533050537, 499.218658447, 325.731719971, 546.542114258, 341.220397949, 214.435760498, 268.137359619, 255.681503296, 245.044647217, 249.241088867, 142.532867432, 309.717590332, 242.765090942, 161.104309082, 167.82409668, 355.722076416, 448.556640625, 189.40057373, 215.400253296, 228.301956177, 209.546630859, 281.271057129, 191.720489502, 207.538757324, 227.854293823, 173.299133301, 105.034042358, 64.9570770264, 37.2856903076, 25.703704834, 14.8948574066, 3.0417714119, 0.239915922284, 0.0171223338693, 0.00101463519968], "mean": [0.844282090664, 5.1073589325, 11.281329155, 15.6822538376, 8.88273143768, 3.51919031143, 21.4569339752, 26.8060760498, 25.0722103119, 11.2410945892, 15.7886791229, 20.1768817902, 22.9265480042, 20.1032409668, 17.6859455109, 12.6263198853, 18.3409118652, 20.0791301727, 9.0035238266, 4.9721622467, 4.34426403046, 4.56878376007, 4.10183429718, 4.15853214264, 4.07819366455, 3.85343194008, 4.15873622894, 3.21972513199, 4.15800666809, 5.85889816284, 5.22132778168, 2.89449834824, 1.66602611542, 1.07018113136, 0.816328525543, 0.508775234222, 0.101293832064, 0.00820113997906, 0.000561812485103, 7.90559352026e-05], "median": [0.268499433994, 4.07989645004, 6.07840776443, 4.69472455978, 2.07145309448, 1.34647166729, 7.48286962509, 11.2136869431, 10.9240131378, 6.34439611435, 10.0222110748, 10.440820694, 11.1960868835, 13.8572635651, 12.3829526901, 8.53145599365, 13.1107988358, 13.8752727509, 5.33256292343, 2.10351085663, 0.924217522144, 0.332568794489, 0.13656938076, 0.0881574228406, 0.0462104715407, 0.0304759461433, 0.0158854983747, 0.0104063069448, 0.00788737926632, 0.00916912965477, 0.00670515652746, 0.00344923115335, 0.00181365082972, 0.00107721518725, 0.000693015463185, 0.000371612928575, 7.31238251319e-05, 5.97312646278e-06, 2.34924227698e-05, 5.26163421455e-05], "min": [1.19128407128e-21, 9.48746920471e-21, 1.25913812506e-20, 4.73278657614e-20, 1.14161652031e-19, 3.90059215048e-19, 1.44714252964e-19, 4.1660876588e-19, 6.47417515038e-19, 3.42853749399e-19, 9.02023293991e-19, 7.38904259473e-19, 1.12947924748e-18, 7.88824350947e-19, 1.23463768478e-18, 5.78984656166e-18, 4.53877517625e-18, 5.91121339627e-18, 3.25234181966e-18, 4.43721766296e-18, 1.4771910493e-17, 1.10677551781e-17, 1.02705888141e-17, 1.64638703856e-17, 1.39735190745e-17, 2.32559728181e-17, 1.7847086769e-17, 1.74630797502e-17, 1.6891205125e-17, 1.14538375931e-17, 1.22906101921e-17, 2.19756626659e-17, 1.35576391323e-17, 1.12581208699e-17, 9.06450654143e-18, 8.35357127472e-18, 3.04949273163e-18, 1.21174360017e-18, 2.91960402386e-19, 3.42239806901e-20], "var": [1.20273005962, 36.8475608826, 571.168151855, 1657.34667969, 578.617858887, 86.9452972412, 1089.56945801, 1407.03369141, 1581.53515625, 351.811523438, 334.652038574, 762.01965332, 894.876403809, 497.344390869, 364.835266113, 183.05456543, 367.644500732, 463.872741699, 139.792999268, 85.1429443359, 365.353149414, 555.506958008, 229.056976318, 239.489151001, 344.689025879, 302.052001953, 410.181304932, 223.286911011, 311.044311523, 391.034118652, 283.810668945, 92.7894058228, 30.2655124664, 13.2555208206, 8.3143157959, 2.96738672256, 0.113747663796, 0.00061364332214, 3.19098921864e-06, 1.28867911897e-08]}, "gfcc": {"mean": [-149.742980957, 183.546234131, -96.2855529785, -29.6194000244, -30.9386615753, 16.4852924347, -23.9188747406, -7.19856643677, -6.78736352921, -1.51715660095, -5.78357601166, -5.7670044899, -7.49302101135], "cov": [[42692.75, -1468.28125, 936.802978516, 7678.47851562, -170.420013428, 2937.18774414, -147.091644287, 1833.99279785, -263.549713135, 1152.62646484, -29.25639534, 1106.95251465, -542.923034668], [-1468.28125, 6304.70605469, -927.016662598, -2170.52514648, 1412.6496582, -742.751831055, 141.085601807, -589.335144043, 351.769989014, -538.251831055, 212.789123535, -545.721923828, 272.710754395], [936.802978516, -927.016662598, 2977.28808594, 1274.58410645, -626.526062012, 810.411865234, -42.1351470947, 418.895843506, 30.1468372345, 225.143554688, 32.7769813538, 190.419723511, -125.777862549], [7678.47851562, -2170.52514648, 1274.58410645, 3452.07373047, -231.658721924, 684.041564941, 380.08694458, 677.25201416, -122.056350708, 370.375427246, 132.127853394, 334.01473999, -91.5049057007], [-170.420013428, 1412.6496582, -626.526062012, -231.658721924, 1108.14453125, 11.8434028625, 231.071411133, 11.9666013718, 232.565475464, -100.268226624, 140.686187744, -117.111709595, 129.423324585], [2937.18774414, -742.751831055, 810.411865234, 684.041564941, 11.8434028625, 830.331542969, -22.8587608337, 328.002349854, 141.341552734, 225.617904663, 7.77009773254, 192.237487793, -63.0155105591], [-147.091644287, 141.085601807, -42.1351470947, 380.08694458, 231.071411133, -22.8587608337, 340.470214844, 50.5601005554, 67.7121734619, 35.9124183655, 96.070640564, -36.8520393372, 65.7039031982], [1833.99279785, -589.335144043, 418.895843506, 677.25201416, 11.9666013718, 328.002349854, 50.5601005554, 319.366394043, 57.7215461731, 142.305725098, 77.6785354614, 121.012649536, -33.0308380127], [-263.549713135, 351.769989014, 30.1468372345, -122.056350708, 232.565475464, 141.341552734, 67.7121734619, 57.7215461731, 193.096481323, 29.7571220398, 75.0540924072, -3.96595001221, 45.4693450928], [1152.62646484, -538.251831055, 225.143554688, 370.375427246, -100.268226624, 225.617904663, 35.9124183655, 142.305725098, 29.7571220398, 180.231750488, 35.0113334656, 98.6071395874, -21.3871746063], [-29.25639534, 212.789123535, 32.7769813538, 132.127853394, 140.686187744, 7.77009773254, 96.070640564, 77.6785354614, 75.0540924072, 35.0113334656, 157.412597656, 16.7535400391, 46.9718475342], [1106.95251465, -545.721923828, 190.419723511, 334.01473999, -117.111709595, 192.237487793, -36.8520393372, 121.012649536, -3.96595001221, 98.6071395874, 16.7535400391, 132.639953613, -20.4250602722], [-542.923034668, 272.710754395, -125.777862549, -91.5049057007, 129.423324585, -63.0155105591, 65.7039031982, -33.0308380127, 45.4693450928, -21.3871746063, 46.9718475342, -20.4250602722, 95.3273010254]], "icov": [[0.000298634986393, -0.000663620128762, 0.000678109994624, -0.000871809839737, 0.000509055273142, -0.00102343142498, 0.000721248681657, -0.000769288977608, 0.000767422607169, -0.0008581141592, 0.000828500255011, -0.000541275367141, 0.000443053548224], [-0.000663620128762, 0.00192020542454, -0.00163340708241, 0.00198057666421, -0.00154708349146, 0.00231739459559, -0.00132141343784, 0.00228587142192, -0.0020184062887, 0.00221431674436, -0.00253535551019, 0.00207255524583, -0.00103880569804], [0.000678109994624, -0.00163340708241, 0.00226851901971, -0.0021405396983, 0.00190595258027, -0.00318113225512, 0.00161785422824, -0.00216140854172, 0.00172714295331, -0.0014264609199, 0.00144494313281, -0.000452873384347, 0.000965927785728], [-0.000871809839737, 0.00198057666421, -0.0021405396983, 0.00347455637529, -0.00158903223928, 0.00283381668851, -0.00339961168356, 0.00101554288995, -0.000728038023226, 0.00264003197663, -0.00240329722874, 0.0005067785969, -0.00116225890815], [0.000509055273142, -0.00154708349146, 0.00190595258027, -0.00158903223928, 0.0035533811897, -0.00298146414571, 0.000297270686133, -0.0025246522855, 0.000382122932933, 0.000325722125126, 0.000917183409911, 0.000135377529659, -9.24277192098e-05], [-0.00102343142498, 0.00231739459559, -0.00318113225512, 0.00283381668851, -0.00298146414571, 0.00828336831182, -0.00172709033359, 0.00149273197167, -0.00585051998496, 0.000453025480965, 0.000517911219504, -0.00161381310318, -0.000413077970734], [0.000721248681657, -0.00132141343784, 0.00161785422824, -0.00339961168356, 0.000297270686133, -0.00172709033359, 0.00867970660329, -0.000680668163113, 9.7090669442e-05, -0.0048689302057, 0.000353394338163, 0.00393133703619, -0.00147465337068], [-0.000769288977608, 0.00228587142192, -0.00216140854172, 0.00101554288995, -0.0025246522855, 0.00149273197167, -0.000680668163113, 0.0131813362241, -0.00411799643189, 0.000942069280427, -0.00638628518209, 5.21021065651e-05, 0.0019866428338], [0.000767422607169, -0.0020184062887, 0.00172714295331, -0.000728038023226, 0.000382122932933, -0.00585051998496, 9.7090669442e-05, -0.00411799643189, 0.0155822504312, -0.00349686690606, -0.00109106802847, 0.000172125932295, -0.0017975657247], [-0.0008581141592, 0.00221431674436, -0.0014264609199, 0.00264003197663, 0.000325722125126, 0.000453025480965, -0.0048689302057, 0.000942069280427, -0.00349686690606, 0.0170261804014, -0.00470929546282, -0.0030581462197, 0.000122746161651], [0.000828500255011, -0.00253535551019, 0.00144494313281, -0.00240329722874, 0.000917183409911, 0.000517911219504, 0.000353394338163, -0.00638628518209, -0.00109106802847, -0.00470929546282, 0.0165164787322, -0.00628031929955, -0.00180816045031], [-0.000541275367141, 0.00207255524583, -0.000452873384347, 0.0005067785969, 0.000135377529659, -0.00161381310318, 0.00393133703619, 5.21021065651e-05, 0.000172125932295, -0.0030581462197, -0.00628031929955, 0.0257278438658, -0.00522628659382], [0.000443053548224, -0.00103880569804, 0.000965927785728, -0.00116225890815, -9.24277192098e-05, -0.000413077970734, -0.00147465337068, 0.0019866428338, -0.0017975657247, 0.000122746161651, -0.00180816045031, -0.00522628659382, 0.0183574389666]]}, "melbands": {"dmean": [0.00140125304461, 0.00253040553071, 0.00156283692922, 0.000275116850389, 0.000297608232358, 0.00022601816454, 0.000127118561068, 7.64311334933e-05, 7.03646073816e-05, 4.4658430852e-05, 4.6406108595e-05, 4.87498618895e-05, 3.85180210287e-05, 2.09595491469e-05, 2.27163236559e-05, 2.58034033322e-05, 2.19265639316e-05, 8.80935476744e-06, 6.82565860188e-06, 2.67700534096e-06, 5.18621754964e-06, 5.02741977471e-06, 2.65198423222e-06, 3.2500126963e-06, 2.47849493462e-06, 3.08619974021e-06, 2.33144805861e-06, 1.93355936062e-06, 2.29426177611e-06, 1.73163857653e-06, 1.50472612859e-06, 2.35704783336e-06, 2.85361079477e-06, 4.20880996899e-06, 4.01082797907e-06, 3.42203748005e-06, 1.81806910859e-06, 1.63347101534e-06, 1.24176585814e-06, 1.38829443586e-06], "dmean2": [0.00191377510782, 0.00399901531637, 0.00262773642316, 0.000498547859024, 0.000505453557707, 0.000388970482163, 0.000206977027119, 0.000131245760713, 0.000113284986583, 6.97954164934e-05, 7.49744285713e-05, 8.20719069452e-05, 6.33088857285e-05, 3.4529792174e-05, 3.86069550586e-05, 4.17778355768e-05, 3.63782019122e-05, 1.46316770042e-05, 1.15412212836e-05, 4.36433811046e-06, 8.75257865118e-06, 8.77057573234e-06, 4.17068440584e-06, 4.98145573147e-06, 3.79795687877e-06, 4.92589924761e-06, 3.47543323187e-06, 2.78972538581e-06, 3.28675923811e-06, 2.59413491221e-06, 2.1923501663e-06, 3.78295135306e-06, 4.54771543446e-06, 7.09474397809e-06, 6.89630587658e-06, 5.9509948187e-06, 3.1093504731e-06, 2.84988641397e-06, 2.18937998397e-06, 2.513877007e-06], "dvar": [1.57921895152e-05, 0.000116822542623, 4.91798855364e-05, 1.65006690622e-06, 4.32159509955e-07, 2.1039039666e-07, 1.39449653602e-07, 4.10663609784e-08, 1.35391395872e-08, 4.56501902946e-09, 4.62729676798e-09, 5.72799097043e-09, 2.74227596186e-09, 1.02820973957e-09, 1.54814383535e-09, 1.4148334726e-09, 1.18002940752e-09, 2.63837673931e-10, 3.29416993683e-10, 5.79857065142e-11, 9.21086651395e-10, 9.16216658098e-10, 1.34503588822e-10, 1.35602473694e-10, 1.16966866748e-10, 1.9534997231e-10, 1.17928292132e-10, 7.24107371286e-11, 1.2960275908e-10, 6.75154446239e-11, 4.57425139433e-11, 7.3092462638e-11, 7.72319916353e-11, 1.24491292275e-10, 1.17934120802e-10, 8.52144396712e-11, 2.46600170839e-11, 1.98321584849e-11, 1.12108768449e-11, 1.45964924175e-11], "dvar2": [3.75314702978e-05, 0.00031183718238, 0.000128673040308, 4.71071371067e-06, 1.16761805202e-06, 6.0009773506e-07, 3.75745003112e-07, 1.17558066393e-07, 3.46109949589e-08, 1.07988276099e-08, 1.14920375438e-08, 1.58498725256e-08, 6.91282098231e-09, 2.58874144343e-09, 4.27987290053e-09, 3.44666006846e-09, 3.23565196858e-09, 6.94399593382e-10, 8.78568717777e-10, 1.47943990392e-10, 2.47872189441e-09, 2.53679988127e-09, 2.99752278554e-10, 3.05672986922e-10, 2.68582461826e-10, 4.48324988245e-10, 2.37595165764e-10, 1.31493635425e-10, 2.67688787803e-10, 1.37368200148e-10, 9.02709920703e-11, 1.50559884005e-10, 1.65735966617e-10, 3.01180108631e-10, 3.05506120402e-10, 2.2547658185e-10, 6.23149309931e-11, 5.13065284702e-11, 2.99252428393e-11, 4.00573567372e-11], "max": [0.0714787095785, 0.142354652286, 0.101962976158, 0.0168423522264, 0.0140946656466, 0.00835570972413, 0.0082901744172, 0.00323212658986, 0.00247015478089, 0.00159264914691, 0.001272396883, 0.0011078651296, 0.000988540123217, 0.000625320302788, 0.000572895514779, 0.000652170390822, 0.000526812043972, 0.000264279195108, 0.000452929089079, 0.000119921802252, 0.000551947450731, 0.000543320958968, 0.000206645883736, 0.0001708217751, 0.000178566217073, 0.000198320427444, 0.000182422008947, 0.000138918883749, 0.000197662855498, 0.000132585671963, 0.00011736262968, 0.00011562248983, 0.000120102449728, 0.000127391103888, 0.00011538797844, 8.53894016473e-05, 5.49095166207e-05, 5.13060222147e-05, 2.88031678792e-05, 3.21189727401e-05], "mean": [0.00705424556509, 0.00626576552168, 0.0025544136297, 0.000335870456183, 0.000596969388425, 0.000641348189674, 0.00034772043, 0.000111311048386, 0.000141901648021, 0.000138792587677, 0.000115240953164, 7.94649677118e-05, 6.71673624311e-05, 3.49310248566e-05, 3.71705646103e-05, 4.46801495855e-05, 3.68287255696e-05, 1.44599553096e-05, 1.03553857116e-05, 4.13632551499e-06, 5.29828139406e-06, 5.10618428962e-06, 3.19603964272e-06, 4.0850577534e-06, 3.1850479445e-06, 3.44981867784e-06, 2.59793750956e-06, 2.49656272899e-06, 2.7423325264e-06, 2.09799827644e-06, 1.77686047209e-06, 2.36011374e-06, 2.6149466521e-06, 3.42084285876e-06, 3.25777318722e-06, 2.5742856451e-06, 1.42392582347e-06, 1.21111543194e-06, 8.81542121078e-07, 9.09355549084e-07], "median": [0.00425549596548, 0.0047014458105, 0.00085717625916, 0.00015165116929, 0.000214633269934, 0.000299850769807, 0.000168187296367, 5.71978853259e-05, 8.53984020068e-05, 6.2194543716e-05, 5.43659734831e-05, 5.34343598702e-05, 4.55792578578e-05, 2.35683255596e-05, 2.05356536753e-05, 2.99939201795e-05, 2.42894129769e-05, 8.28601059766e-06, 3.3335857097e-06, 1.67179098298e-06, 7.6074388744e-07, 3.31826726097e-07, 1.50476310523e-07, 1.07635059976e-07, 6.11257604533e-08, 3.36706662551e-08, 2.1833121977e-08, 1.75688494863e-08, 9.33321864238e-09, 6.00099525627e-09, 4.88805573795e-09, 4.51619053266e-09, 4.0890006936e-09, 5.12138642605e-09, 4.04042888036e-09, 3.12908721156e-09, 1.54024260013e-09, 1.25748322866e-09, 8.99061602944e-10, 8.52246273553e-10], "min": [1.42783729182e-23, 8.20937251805e-24, 8.95148552603e-24, 1.88825517029e-23, 8.00769864991e-24, 9.84919188123e-24, 8.47925918866e-24, 4.00374401202e-24, 7.63037149058e-24, 4.46190377615e-24, 5.67209371313e-24, 2.95360823347e-24, 2.53639054754e-24, 1.31198904469e-23, 1.21825548753e-23, 8.0122771986e-24, 1.20108861206e-23, 3.85195179107e-24, 6.53134231034e-24, 7.5359937496e-24, 2.07755275746e-23, 1.33470516221e-23, 5.53379771897e-24, 1.48370520999e-23, 1.28972131572e-23, 1.07805155439e-23, 7.65556455245e-24, 1.89286921772e-23, 1.25118269949e-23, 8.89796604677e-24, 9.43350320494e-24, 9.92966752647e-24, 8.54772442663e-24, 5.44310948045e-24, 5.24419504775e-24, 1.3697277465e-23, 1.24480144585e-23, 8.88004391587e-24, 9.64396813901e-24, 9.08507596488e-24], "var": [6.66592968628e-05, 0.000110409906483, 4.13539237343e-05, 1.0244019677e-06, 8.31535942325e-07, 7.21432172668e-07, 2.90186022767e-07, 3.45211077502e-08, 2.93406969831e-08, 3.73943613852e-08, 2.30827534864e-08, 8.16396639181e-09, 5.41498401674e-09, 1.58273305573e-09, 2.27934027208e-09, 2.60480281788e-09, 1.78630887859e-09, 3.82435055846e-10, 4.94644880611e-10, 7.65079805065e-11, 7.63648866364e-10, 7.75524811036e-10, 1.78673534301e-10, 1.93352361899e-10, 1.48341935957e-10, 2.30787972066e-10, 1.60909119362e-10, 1.23679108621e-10, 1.88778742638e-10, 1.01035582678e-10, 7.19165144103e-11, 1.0106354642e-10, 1.00535864356e-10, 1.26911051113e-10, 1.12921200168e-10, 7.12436221129e-11, 2.27416193516e-11, 1.64905623878e-11, 8.4087840857e-12, 9.82791625859e-12]}, "mfcc": {"mean": [-766.684387207, 203.206588745, 9.82358264923, -17.3158912659, 6.73015546799, 17.2623710632, -0.982477486134, 1.68469595909, -2.18809819221, 4.54024171829, 3.21145701408, -0.393957555294, -0.485719442368], "cov": [[18385.9355469, 323.31942749, 1099.84130859, 2195.53759766, 850.455810547, 1123.31433105, 836.434875488, 1095.71154785, 102.450584412, 652.796508789, 570.783752441, 159.745697021, 229.731811523], [323.31942749, 5808.81103516, -950.418212891, -788.101013184, 628.102111816, 358.79800415, 132.058776855, 76.5622329712, 225.065002441, 131.041671753, 116.243537903, 97.5082550049, 41.3581886292], [1099.84130859, -950.418212891, 1836.88183594, 392.567932129, 206.989654541, 283.709228516, -0.300011962652, 297.440765381, 50.3238868713, 158.827575684, 151.38117981, 71.4350967407, 136.466262817], [2195.53759766, -788.101013184, 392.567932129, 1757.02807617, 295.433959961, 54.2974090576, 437.695892334, 334.511779785, -7.49916744232, 174.782943726, 166.48739624, 33.3568954468, 32.6604385376], [850.455810547, 628.102111816, 206.989654541, 295.433959961, 604.123352051, 348.879272461, 166.266952515, 266.168212891, 143.849456787, 135.323486328, 132.038085938, 95.6942825317, 94.8882980347], [1123.31433105, 358.79800415, 283.709228516, 54.2974090576, 348.879272461, 433.248535156, 140.574401855, 194.421630859, 167.961547852, 133.172149658, 94.3590621948, 93.8715667725, 87.4818954468], [836.434875488, 132.058776855, -0.300011962652, 437.695892334, 166.266952515, 140.574401855, 272.087249756, 159.875595093, 56.5062217712, 110.977958679, 97.7456054688, 42.3751716614, 38.8973426819], [1095.71154785, 76.5622329712, 297.440765381, 334.511779785, 266.168212891, 194.421630859, 159.875595093, 264.520172119, 82.8554916382, 123.182815552, 133.078491211, 70.277961731, 66.0699768066], [102.450584412, 225.065002441, 50.3238868713, -7.49916744232, 143.849456787, 167.961547852, 56.5062217712, 82.8554916382, 155.296295166, 69.1646347046, 33.5603256226, 65.5544662476, 43.9135169983], [652.796508789, 131.041671753, 158.827575684, 174.782943726, 135.323486328, 133.172149658, 110.977958679, 123.182815552, 69.1646347046, 141.442169189, 97.6751861572, 47.2766151428, 58.5517997742], [570.783752441, 116.243537903, 151.38117981, 166.48739624, 132.038085938, 94.3590621948, 97.7456054688, 133.078491211, 33.5603256226, 97.6751861572, 142.825881958, 71.0238876343, 52.6833686829], [159.745697021, 97.5082550049, 71.4350967407, 33.3568954468, 95.6942825317, 93.8715667725, 42.3751716614, 70.277961731, 65.5544662476, 47.2766151428, 71.0238876343, 99.4463348389, 60.3077316284], [229.731811523, 41.3581886292, 136.466262817, 32.6604385376, 94.8882980347, 87.4818954468, 38.8973426819, 66.0699768066, 43.9135169983, 58.5517997742, 52.6833686829, 60.3077316284, 84.5319976807]], "icov": [[0.000107143881905, -2.73535570159e-05, 8.99786246009e-05, -0.000164794473676, 0.000296017533401, -0.000538571679499, 0.000304113375023, -0.000478543312056, 0.000438562594354, -0.000187224432011, 5.66132121094e-06, 0.000131297187181, -9.55617724685e-05], [-2.73535570159e-05, 0.000286815018626, 9.03545151232e-05, 0.000290638912702, -0.000535022409167, 0.00027268359554, -0.000354534684448, 0.000294180761557, -0.000162550568348, -0.000249221426202, -0.000158231836394, -5.66034177609e-05, 0.000323497195495], [8.99786246009e-05, 9.03545151232e-05, 0.00120260065887, -0.00052243983373, 0.00078966608271, -0.00158048758749, 0.0020824901294, -0.001684082672, 0.000762463256251, -0.000376389594749, -0.000554647936951, 0.00108666112646, -0.00148604915012], [-0.000164794473676, 0.000290638912702, -0.00052243983373, 0.00199397420511, -0.00161625037435, 0.00251006055623, -0.00340798171237, 0.000159152841661, 0.000121861165098, -0.000909908034373, 0.00133320165332, -0.00151257705875, 0.00185423425864], [0.000296017533401, -0.000535022409167, 0.00078966608271, -0.00161625037435, 0.00620795460418, -0.00490452675149, 0.00316826929338, -0.00453916378319, 0.000616632518359, 0.0015293173492, -0.00126915064175, 0.00224107014947, -0.00318347732536], [-0.000538571679499, 0.00027268359554, -0.00158048758749, 0.00251006055623, -0.00490452675149, 0.0111569408327, -0.00565955694765, 0.00220345961861, -0.00525661557913, -0.00147688644938, 0.0026732897386, -0.0030173168052, 0.00199338025413], [0.000304113375023, -0.000354534684448, 0.0020824901294, -0.00340798171237, 0.00316826929338, -0.00565955694765, 0.0136077506468, -0.00455885380507, 0.00119998445734, -0.00226829294115, -0.00267725065351, 0.00302010285668, -0.00263429037295], [-0.000478543312056, 0.000294180761557, -0.001684082672, 0.000159152841661, -0.00453916378319, 0.00220345961861, -0.00455885380507, 0.0173784308136, -0.00513837719336, 0.00155140087008, -0.00787624530494, 0.00151917315088, 0.000563265755773], [0.000438562594354, -0.000162550568348, 0.000762463256251, 0.000121861165098, 0.000616632518359, -0.00525661557913, 0.00119998445734, -0.00513837719336, 0.0195113625377, -0.00977441947907, 0.0108889052644, -0.0123571818694, 0.00448553124443], [-0.000187224432011, -0.000249221426202, -0.000376389594749, -0.000909908034373, 0.0015293173492, -0.00147688644938, -0.00226829294115, 0.00155140087008, -0.00977441947907, 0.0260048825294, -0.0157662238926, 0.0130283096805, -0.0111706368625], [5.66132121094e-06, -0.000158231836394, -0.000554647936951, 0.00133320165332, -0.00126915064175, 0.0026732897386, -0.00267725065351, -0.00787624530494, 0.0108889052644, -0.0157662238926, 0.0303277205676, -0.020278647542, 0.0073184017092], [0.000131297187181, -5.66034177609e-05, 0.00108666112646, -0.00151257705875, 0.00224107014947, -0.0030173168052, 0.00302010285668, 0.00151917315088, -0.0123571818694, 0.0130283096805, -0.020278647542, 0.0359782166779, -0.019103422761], [-9.55617724685e-05, 0.000323497195495, -0.00148604915012, 0.00185423425864, -0.00318347732536, 0.00199338025413, -0.00263429037295, 0.000563265755773, 0.00448553124443, -0.0111706368625, 0.0073184017092, -0.019103422761, 0.0303714964539]]}, "spectral_contrast_coeffs": {"dmean": [0.0373318195343, 0.041047282517, 0.0326841287315, 0.0280383657664, 0.0219851583242, 0.0240556132048], "dmean2": [0.061241298914, 0.0687839463353, 0.0553150326014, 0.0470731146634, 0.035350959748, 0.040099799633], "dvar": [0.00119637604803, 0.00111342628952, 0.000652089831419, 0.000492470397148, 0.000475916167488, 0.00072421511868], "dvar2": [0.0031662741676, 0.00303011853248, 0.00187072029803, 0.00136709306389, 0.00106878078077, 0.00193466746714], "max": [-0.277627170086, -0.433745026588, -0.523478806019, -0.590114116669, -0.537576913834, -0.544011116028], "mean": [-0.607885718346, -0.715969622135, -0.782170951366, -0.779416263103, -0.782647609711, -0.829952955246], "median": [-0.610125303268, -0.723234057426, -0.788978457451, -0.776551067829, -0.786535620689, -0.839952409267], "min": [-0.96040391922, -0.959639668465, -0.962787687778, -0.956313788891, -0.957627475262, -0.965972781181], "var": [0.00875413790345, 0.00725341169164, 0.00322803715244, 0.00217513483949, 0.00550003768876, 0.00599275808781]}, "spectral_contrast_valleys": {"dmean": [0.368990242481, 0.348543643951, 0.286028534174, 0.251427471638, 0.405134350061, 0.779088199139], "dmean2": [0.599122107029, 0.559948265553, 0.458983451128, 0.3956361413, 0.581810474396, 1.10659098625], "dvar": [0.156195446849, 0.113668352365, 0.0676299706101, 0.0718204453588, 0.404641211033, 0.866600573063], "dvar2": [0.35854947567, 0.239966228604, 0.138039916754, 0.1473531425, 0.766061246395, 1.65552437305], "max": [-4.60080718994, -4.11690282822, -5.42545986176, -5.85837554932, -5.228723526, -7.37399673