{"lowlevel": {"average_loudness": 0.929674744606, "barkbands_crest": {"dmean": 2.79380607605, "dmean2": 4.36470317841, "dvar": 7.61471271515, "dvar2": 17.8405952454, "max": 26.7252426147, "mean": 14.0498275757, "median": 13.4047527313, "min": 2.74214363098, "var": 35.0099830627}, "barkbands_flatness_db": {"dmean": 0.0313266701996, "dmean2": 0.0447605326772, "dvar": 0.00142248836346, "dvar2": 0.00268797622994, "max": 0.613235235214, "mean": 0.234350278974, "median": 0.238277316093, "min": 0.0362080521882, "var": 0.0115284435451}, "barkbands_kurtosis": {"dmean": 28.2503376007, "dmean2": 42.3457221985, "dvar": 7850.03808594, "dvar2": 17797.6035156, "max": 2744.38574219, "mean": 57.541683197, "median": 5.7312669754, "min": -1.91432619095, "var": 21913.6445312}, "barkbands_skewness": {"dmean": 1.35227704048, "dmean2": 1.93162763119, "dvar": 4.70891809464, "dvar2": 10.0047683716, "max": 43.5249519348, "mean": 4.09737873077, "median": 2.32583475113, "min": -4.58452320099, "var": 25.2001857758}, "barkbands_spread": {"dmean": 5.30511522293, "dmean2": 7.95561408997, "dvar": 96.8676605225, "dvar2": 230.842407227, "max": 134.862136841, "mean": 15.5164432526, "median": 10.6386413574, "min": 0.0713598579168, "var": 258.263763428}, "dissonance": {"dmean": 0.0167639330029, "dmean2": 0.028005041182, "dvar": 0.000422981422162, "dvar2": 0.00110994663555, "max": 0.499999940395, "mean": 0.463923066854, "median": 0.478083491325, "min": 0.279891610146, "var": 0.00130564137362}, "dynamic_complexity": 7.68510866165, "erbbands_crest": {"dmean": 2.34888339043, "dmean2": 3.67874407768, "dvar": 4.74946260452, "dvar2": 11.6919202805, "max": 29.7387981415, "mean": 10.0601539612, "median": 8.9402961731, "min": 2.59768795967, "var": 21.9417076111}, "erbbands_flatness_db": {"dmean": 0.0191634260118, "dmean2": 0.0290296208113, "dvar": 0.000498835986946, "dvar2": 0.00105784693733, "max": 0.411795705557, "mean": 0.180368557572, "median": 0.167522981763, "min": 0.0554419718683, "var": 0.00342714344151}, "erbbands_kurtosis": {"dmean": 1.41459560394, "dmean2": 2.25804710388, "dvar": 14.8566741943, "dvar2": 37.7089118958, "max": 111.894042969, "mean": 1.02641379833, "median": 0.0646955966949, "min": -1.89797401428, "var": 22.3678588867}, "erbbands_skewness": {"dmean": 0.451897054911, "dmean2": 0.685588538647, "dvar": 0.38673043251, "dvar2": 0.852587163448, "max": 9.40648555756, "mean": 0.120489813387, "median": -0.0299608483911, "min": -3.20593762398, "var": 1.28395271301}, "erbbands_spread": {"dmean": 11.6331911087, "dmean2": 18.1874256134, "dvar": 224.458297729, "dvar2": 570.36328125, "max": 165.390029907, "mean": 43.4345664978, "median": 34.6604309082, "min": 2.69511675835, "var": 801.65020752}, "hfc": {"dmean": 8.56542396545, "dmean2": 12.8445367813, "dvar": 328.402893066, "dvar2": 792.625183105, "max": 228.401168823, "mean": 14.8600597382, "median": 6.21928071976, "min": 1.14008560104e-06, "var": 506.948272705}, "melbands_crest": {"dmean": 3.39507007599, "dmean2": 5.33983802795, "dvar": 15.6673679352, "dvar2": 36.5053329468, "max": 38.2755470276, "mean": 20.5938720703, "median": 20.9570388794, "min": 1.71990013123, "var": 77.2737121582}, "melbands_flatness_db": {"dmean": 0.0393671169877, "dmean2": 0.0561322309077, "dvar": 0.00250089471228, "dvar2": 0.00454061105847, "max": 0.747203290462, "mean": 0.303166776896, "median": 0.317733168602, "min": 0.00586706819013, "var": 0.019539039582}, "melbands_kurtosis": {"dmean": 41.1413841248, "dmean2": 63.6044692993, "dvar": 5551.16845703, "dvar2": 12966.7177734, "max": 946.871582031, "mean": 107.214622498, "median": 15.3787984848, "min": -1.84726297855, "var": 25335.3320312}, "melbands_skewness": {"dmean": 1.5750837326, "dmean2": 2.37352395058, "dvar": 4.56749534607, "dvar2": 10.4764604568, "max": 24.5194911957, "mean": 5.80603647232, "median": 3.53023195267, "min": -2.16611552238, "var": 29.2243690491}, "melbands_spread": {"dmean": 9.70148944855, "dmean2": 14.5734081268, "dvar": 483.430084229, "dvar2": 1146.11352539, "max": 234.520828247, "mean": 22.2100410461, "median": 10.0084114075, "min": 0.240068554878, "var": 971.100952148}, "pitch_salience": {"dmean": 0.0825277864933, "dmean2": 0.129822671413, "dvar": 0.00895428936929, "dvar2": 0.0211400464177, "max": 0.915367245674, "mean": 0.402087718248, "median": 0.407037764788, "min": 0.0206376053393, "var": 0.0391416586936}, "silence_rate_20dB": {"dmean": 0.0572234541178, "dmean2": 0.114469975233, "dvar": 0.0539496615529, "dvar2": 0.109022833407, "max": 1, "mean": 0.943190991879, "median": 1, "min": 0, "var": 0.0535854361951}, "silence_rate_30dB": {"dmean": 0.040298204869, "dmean2": 0.0806126594543, "dvar": 0.0386721231043, "dvar2": 0.0745189636946, "max": 1, "mean": 0.834609210491, "median": 1, "min": 0, "var": 0.13803216815}, "silence_rate_60dB": {"dmean": 0.0523876696825, "dmean2": 0.104594923556, "dvar": 0.0496446974576, "dvar2": 0.0988865196705, "max": 1, "mean": 0.191780820489, "median": 0, "min": 0, "var": 0.15500472486}, "spectral_centroid": {"dmean": 324.311645508, "dmean2": 470.441253662, "dvar": 241380.328125, "dvar2": 491391.03125, "max": 4448.60449219, "mean": 1296.23486328, "median": 1048.42712402, "min": 86.733543396, "var": 890961.5}, "spectral_complexity": {"dmean": 3.4370341301, "dmean2": 5.33293008804, "dvar": 34.7211151123, "dvar2": 75.6281509399, "max": 63, "mean": 10.0487508774, "median": 7, "min": 0, "var": 107.643920898}, "spectral_decrease": {"dmean": 9.96757165694e-09, "dmean2": 1.5879050963e-08, "dvar": 7.59022518265e-16, "dvar2": 1.9703847708e-15, "max": 1.59339704517e-13, "mean": -1.68986922233e-08, "median": -4.68226613037e-09, "min": -2.5653869784e-07, "var": 1.13326412074e-15}, "spectral_energy": {"dmean": 0.0381538271904, "dmean2": 0.0607107356191, "dvar": 0.010967515409, "dvar2": 0.0284614488482, "max": 0.973930597305, "mean": 0.0651272833347, "median": 0.019100356847, "min": 1.0526404054e-10, "var": 0.0164025351405}, "spectral_energyband_high": {"dmean": 0.000631823204458, "dmean2": 0.00102136470377, "dvar": 3.65619689546e-06, "dvar2": 9.22879917198e-06, "max": 0.0243436452001, "mean": 0.00059751648223, "median": 3.84724153264e-05, "min": 8.27759735755e-11, "var": 3.51757830686e-06}, "spectral_energyband_low": {"dmean": 0.0344327278435, "dmean2": 0.055721193552, "dvar": 0.010435259901, "dvar2": 0.0266266260296, "max": 0.954598546028, "mean": 0.0535609796643, "median": 0.00668459804729, "min": 2.46045805258e-13, "var": 0.0146580450237}, "spectral_energyband_middle_high": {"dmean": 0.00139233178925, "dmean2": 0.00186960608698, "dvar": 6.07768151895e-06, "dvar2": 1.1035519492e-05, "max": 0.031726013869, "mean": 0.00337069877423, "median": 0.00133948144503, "min": 1.96742171166e-11, "var": 2.21286663873e-05}, "spectral_energyband_middle_low": {"dmean": 0.0044994354248, "dmean2": 0.0071354159154, "dvar": 0.000210727273952, "dvar2": 0.00059844146017, "max": 0.361810177565, "mean": 0.00639323936775, "median": 0.00171988923103, "min": 2.64699720476e-12, "var": 0.000206309880014}, "spectral_entropy": {"dmean": 0.206458061934, "dmean2": 0.308974742889, "dvar": 0.0748445391655, "dvar2": 0.156398132443, "max": 8.6964969635, "mean": 7.29997253418, "median": 7.33812999725, "min": 4.35068368912, "var": 0.400690227747}, "spectral_flux": {"dmean": 0.046628266573, "dmean2": 0.0728335008025, "dvar": 0.00766223436221, "dvar2": 0.0163938384503, "max": 0.769348263741, "mean": 0.0969916507602, "median": 0.0489747896791, "min": 0.00010493517766, "var": 0.0168759003282}, "spectral_kurtosis": {"dmean": 2.45751285553, "dmean2": 4.24333000183, "dvar": 11.3154411316, "dvar2": 32.7448768616, "max": 53.3310279846, "mean": 5.68433666229, "median": 4.10835886002, "min": -0.500964641571, "var": 22.7219676971}, "spectral_rms": {"dmean": 0.00156864139717, "dmean2": 0.00222015054896, "dvar": 8.13369933894e-06, "dvar2": 1.92325933313e-05, "max": 0.0308249276131, "mean": 0.0057924259454, "median": 0.00431676907465, "min": 3.2046312981e-07, "var": 2.99865969282e-05}, "spectral_rolloff": {"dmean": 510.75177002, "dmean2": 830.445556641, "dvar": 1463137.625, "dvar2": 3135317.5, "max": 18733.8867188, "mean": 1628.27502441, "median": 430.6640625, "min": 43.06640625, "var": 11078697}, "spectral_skewness": {"dmean": 0.301338344812, "dmean2": 0.502945482731, "dvar": 0.129283696413, "dvar2": 0.351072311401, "max": 4.73705625534, "mean": 1.57726037502, "median": 1.52197146416, "min": 0.0850383043289, "var": 0.326024442911}, "spectral_spread": {"dmean": 414758.125, "dmean2": 642100.25, "dvar": 262177341440, "dvar2": 600565874688, "max": 11319758, "mean": 4124613.5, "median": 4111005.5, "min": 1037632.75, "var": 2127552839680.0}, "spectral_strongpeak": {"dmean": 0.355263113976, "dmean2": 0.5999096632, "dvar": 0.364049911499, "dvar2": 0.955932855606, "max": 5.64639377594, "mean": 0.615980684757, "median": 0.419710814953, "min": 0, "var": 0.590855121613}, "zerocrossingrate": {"dmean": 0.010928330943, "dmean2": 0.0127403819934, "dvar": 0.000311081617838, "dvar2": 0.00039220758481, "max": 0.505859375, "mean": 0.052505183965, "median": 0.02587890625, "min": 0.0009765625, "var": 0.00709727825597}, "barkbands": {"dmean": [0.00671760365367, 0.0308562684804, 0.00469802739099, 0.00176165031735, 0.0013673810754, 0.00101591995917, 0.000358742079698, 0.00023308742675, 0.000345495413058, 0.00025181073579, 0.000113864902232, 0.000422945042374, 0.000145155077917, 0.000337467237841, 0.000141371187055, 0.000133401350467, 0.000299959647236, 0.000207569581107, 0.000182128351298, 8.20580607979e-05, 0.000164642187883, 0.00023456091003, 0.00012991175754, 3.71851165255e-05, 1.27589128169e-05, 2.61480581685e-05, 1.78799245987e-06], "dmean2": [0.00854374840856, 0.0499279461801, 0.00873424485326, 0.00322002149187, 0.00243865069933, 0.00123588345014, 0.000526540155988, 0.000328260794049, 0.000453142856713, 0.000343770981999, 0.000167493082699, 0.000585744681302, 0.000216314336285, 0.00051133526722, 0.000214984509512, 0.000206377197173, 0.000470658735139, 0.000365119456546, 0.000330951093929, 0.000145641344716, 0.000276847160421, 0.000388401706005, 0.00022014870774, 5.73390680074e-05, 1.9889752366e-05, 4.06672443205e-05, 2.58483260041e-06], "dvar": [0.000321753788739, 0.00874976255, 0.000298217026284, 3.89163433283e-05, 7.75329172029e-05, 5.49973083253e-06, 2.47603270509e-06, 4.860065701e-07, 1.14906333692e-06, 3.70322283061e-07, 1.36619092928e-07, 1.27441694531e-06, 9.29049335241e-08, 4.2983270987e-07, 7.09939911303e-08, 7.40930801157e-08, 5.75493515953e-07, 3.12683027914e-07, 3.34049246931e-07, 7.25207556229e-08, 2.52039711768e-07, 5.22419725257e-07, 2.01078350415e-07, 1.24137589097e-08, 1.56912061122e-09, 1.68602394268e-08, 3.10206201004e-11], "dvar2": [0.000606150249951, 0.021942274645, 0.000890537863597, 0.000110603796202, 0.000225230920478, 8.93535434443e-06, 5.70863949179e-06, 8.53010021729e-07, 1.91183767129e-06, 7.68016207076e-07, 2.97979028119e-07, 2.55508166447e-06, 2.20931951844e-07, 1.02710180272e-06, 1.50391500142e-07, 1.64559722293e-07, 1.33268463287e-06, 8.43688553687e-07, 9.47525165884e-07, 2.01940295597e-07, 6.43062890049e-07, 1.32846889755e-06, 5.29503324742e-07, 2.91318702494e-08, 3.8076519715e-09, 4.21328429923e-08, 6.67196436988e-11], "max": [0.405730247498, 0.82711648941, 0.195434242487, 0.0739328861237, 0.286777853966, 0.0322463624179, 0.0363094508648, 0.0244710426778, 0.0314368717372, 0.0120145007968, 0.0133330253884, 0.0199805218726, 0.00501506775618, 0.0133797153831, 0.00316652981564, 0.00349101237953, 0.00697742868215, 0.00690442370251, 0.00690851174295, 0.00408175168559, 0.00706814508885, 0.0103598125279, 0.0053625558503, 0.00117116922047, 0.000485423806822, 0.00172247737646, 6.52666785754e-05], "mean": [0.0109272478148, 0.0387760698795, 0.00508999219164, 0.00133040721994, 0.00135971140116, 0.00145259848796, 0.000898284721188, 0.000549592601601, 0.000756322115194, 0.000463263044367, 0.000176691028173, 0.000703501398675, 0.000269516545814, 0.000670013483614, 0.00018895973335, 0.000180575778359, 0.000331285584252, 0.000205169970286, 0.000161000352819, 7.73049687268e-05, 0.000148120219819, 0.000221853610128, 0.000112686277134, 3.87845320802e-05, 1.37702863867e-05, 2.26478296099e-05, 1.90760988517e-06], "median": [0.000343877356499, 0.00356317963451, 0.000322372827213, 8.17361287773e-05, 0.000171836902155, 7.01953977114e-05, 2.41617490246e-05, 2.36870237131e-05, 1.59854243975e-05, 1.92762927327e-05, 7.66833727539e-06, 7.63708158047e-05, 3.6758625356e-05, 9.751363541e-05, 2.33983646467e-05, 2.72815450444e-05, 3.53940667992e-05, 3.6108718632e-05, 2.51971541729e-05, 1.19888027257e-05, 1.14328740892e-05, 9.25286803977e-06, 5.58285410079e-06, 1.9926578716e-06, 1.05179560705e-06, 3.80894590535e-07, 5.7851416102e-08], "min": [1.00249425731e-13, 1.20921610398e-13, 5.4909327546e-14, 3.87357721311e-14, 8.62027869876e-14, 2.02053082382e-13, 7.07824966174e-13, 4.40287156777e-13, 8.89108448324e-13, 1.25380652041e-12, 2.66786945183e-13, 1.65101114204e-12, 1.68899356306e-12, 5.10395165802e-13, 6.16438540837e-13, 3.1553091303e-13, 1.92080162539e-12, 9.11230639555e-12, 1.39635492839e-12, 2.25338779754e-12, 7.44528830948e-12, 4.12521796236e-12, 8.39511880152e-12, 4.86023504429e-12, 3.7959635435e-12, 1.23102179492e-11, 4.06316785773e-11], "var": [0.000746389734559, 0.00964874401689, 0.000218579603825, 2.5506129532e-05, 6.74136972521e-05, 1.20055283332e-05, 6.25791062703e-06, 2.32945012613e-06, 4.92580466016e-06, 9.95913865154e-07, 2.79875791875e-07, 2.34639310293e-06, 2.38984483758e-07, 1.25131316508e-06, 1.22731677266e-07, 1.20218928146e-07, 6.56915801756e-07, 2.83506835785e-07, 2.24922757752e-07, 5.61103625785e-08, 2.33856638943e-07, 4.94160872222e-07, 1.69321964449e-07, 1.4406738913e-08, 1.7745159786e-09, 1.4409666349e-08, 3.77813613728e-11]}, "erbbands": {"dmean": [1.25087249279, 6.18250608444, 6.5781121254, 6.39965105057, 5.85865402222, 3.36298489571, 4.03452014923, 9.46329307556, 7.45254707336, 2.91301369667, 5.40181875229, 4.98915719986, 10.2389659882, 7.0012845993, 8.87843322754, 10.6239032745, 6.61509847641, 9.88574695587, 14.1027526855, 6.12423801422, 9.5492143631, 18.40117836, 11.361828804, 6.87417507172, 8.96874332428, 3.76653838158, 5.31918048859, 7.51632452011, 9.40999412537, 3.72545742989, 4.4191236496, 1.41392028332, 0.43577504158, 0.192155465484, 0.0734057724476, 0.151636227965, 0.0339388698339, 0.00368856289424, 0.000339698017342, 5.44436261407e-05], "dmean2": [1.99675440788, 10.15599823, 11.81112957, 11.9376010895, 10.5465612411, 5.96174764633, 5.53475522995, 11.718126297, 10.028298378, 4.23527908325, 7.36277246475, 6.7039399147, 13.4205932617, 9.9625377655, 12.3207054138, 14.6813421249, 9.56691837311, 14.4098300934, 21.0626449585, 9.43485927582, 14.7878551483, 28.3072128296, 19.6818962097, 12.0920085907, 16.1011333466, 6.5819735527, 9.3580827713, 11.8571796417, 16.0557308197, 6.24033594131, 7.52981424332, 2.27940678596, 0.668575227261, 0.304829955101, 0.110632061958, 0.234688639641, 0.0535444021225, 0.00572863360867, 0.000491206767038, 8.46074181027e-05], "dvar": [14.5854320526, 352.359954834, 498.421203613, 544.190856934, 1108.84509277, 412.675445557, 80.9354248047, 507.002105713, 766.653564453, 56.4791564941, 233.390014648, 198.29624939, 632.583374023, 313.921936035, 577.505554199, 693.113769531, 208.022415161, 322.543029785, 784.823730469, 131.55960083, 398.535491943, 2042.42529297, 860.687011719, 299.690429688, 768.824279785, 122.121322632, 234.365661621, 638.618103027, 857.558227539, 127.732345581, 244.107070923, 20.4633045197, 1.58152210712, 0.335576981306, 0.0750324800611, 0.59892219305, 0.0275796931237, 0.000166393234394, 1.14802821827e-06, 1.49538852412e-08], "dvar2": [37.0285491943, 925.211791992, 1481.3359375, 1566.22070312, 3211.50317383, 1220.89135742, 162.507080078, 898.349060059, 1744.42932129, 115.372489929, 410.046051025, 356.037536621, 1143.39697266, 696.928222656, 1174.08117676, 1386.16503906, 498.893493652, 736.475219727, 1798.70983887, 297.423522949, 812.478515625, 4474.57519531, 2279.35546875, 814.364929199, 2152.35742188, 338.073303223, 629.451721191, 1505.70593262, 2259.47949219, 343.892974854, 636.563232422, 49.569606781, 3.64811563492, 0.82373213768, 0.185198187828, 1.4936876297, 0.0696387887001, 0.000404423160944, 2.48500373345e-06, 3.73558748379e-08], "max": [39.5729942322, 162.821685791, 263.890289307, 179.557296753, 966.786437988, 686.21472168, 152.793136597, 368.442230225, 655.434814453, 167.444732666, 448.919067383, 389.875793457, 648.036804199, 525.720214844, 406.255737305, 451.844268799, 237.8724823, 285.222167969, 559.656677246, 158.340316772, 215.648513794, 449.396881104, 270.558624268, 264.629638672, 328.823486328, 163.115356445, 359.285675049, 365.729797363, 405.474334717, 154.907318115, 184.544006348, 50.7356071472, 17.9141101837, 7.07873010635, 3.39401268959, 10.5042314529, 2.131909132, 0.136593326926, 0.0128655871376, 0.00106062332634], "mean": [1.5103123188, 7.04811763763, 8.21254920959, 5.06343746185, 4.92129993439, 3.7145678997, 5.44230365753, 14.2255268097, 17.1682853699, 7.36703777313, 13.0106868744, 11.0157718658, 21.8108520508, 12.7513656616, 14.0970945358, 18.9661464691, 13.0028476715, 20.7842597961, 26.2797145844, 8.96743202209, 13.1661872864, 21.1575565338, 12.238026619, 7.29793405533, 7.6710896492, 3.54859566689, 4.77248573303, 7.29411506653, 8.4966135025, 3.49760150909, 3.65904593468, 1.35175061226, 0.500944375992, 0.20215831697, 0.0810749456286, 0.130898922682, 0.0297435242683, 0.0033905392047, 0.000387163134292, 8.85021509021e-05], "median": [0.0927463173866, 0.576155304909, 1.00139522552, 0.422256708145, 0.328603953123, 0.38936817646, 0.57129919529, 0.671323657036, 0.755716085434, 0.752408921719, 0.754977762699, 0.44310516119, 0.85250043869, 0.841767668724, 1.71269011497, 2.82827949524, 2.19729614258, 4.48509120941, 3.5537481308, 1.92824268341, 2.26410508156, 2.5788435936, 2.18111586571, 1.61986017227, 1.03746783733, 0.489272475243, 0.469327867031, 0.37312912941, 0.340266644955, 0.232683688402, 0.138772249222, 0.0592234134674, 0.0293940678239, 0.0154755730182, 0.0052952170372, 0.00217289384454, 0.000597758218646, 0.000103036305518, 4.09408603446e-05, 2.84382222162e-05], "min": [4.85810523754e-12, 2.27469883207e-11, 5.9996826951e-11, 1.07024375473e-10, 1.80914241921e-10, 3.27338239847e-10, 3.52299467377e-10, 2.35863328868e-09, 8.97815954914e-09, 9.87069537217e-09, 1.09313278429e-08, 2.00031902153e-08, 3.15936645734e-08, 3.2185326404e-08, 2.25062493087e-08, 7.42191090808e-08, 8.05442113005e-08, 3.53944500375e-08, 3.01564639926e-08, 2.06138146552e-08, 3.16585868632e-08, 1.31723666641e-07, 5.28048190063e-07, 1.58732063937e-07, 9.35665624979e-08, 1.1250890708e-07, 3.48771635572e-07, 1.8132509183e-07, 2.06032041206e-07, 1.06249579801e-07, 2.59702687799e-07, 1.28944748212e-07, 9.70178675175e-08, 5.69119507077e-08, 2.42514044402e-08, 2.82726428935e-08, 2.6879369841e-08, 2.17675886205e-08, 7.10475989152e-09, 4.30930929829e-10], "var": [16.9809951782, 325.477935791, 411.653076172, 342.4480896, 915.676452637, 371.376373291, 142.202667236, 1091.64855957, 1930.33581543, 242.422821045, 1069.7701416, 818.969055176, 2454.85546875, 707.375732422, 980.07232666, 1529.75708008, 558.607116699, 1023.89263916, 2063.80566406, 231.064208984, 669.010131836, 2538.91186523, 825.870544434, 299.949066162, 530.63067627, 102.93144989, 218.623184204, 657.616760254, 736.131225586, 111.500579834, 201.077728271, 20.5206985474, 2.15154886246, 0.369992733002, 0.0787409245968, 0.512526035309, 0.0230795033276, 0.000156587018864, 1.39225403473e-06, 2.23737401939e-08]}, "gfcc": {"mean": [-113.398216248, 88.7222137451, -113.268699646, 46.1406822205, -27.7711296082, 17.54936409, -22.8825912476, 0.2837202847, -5.93970155716, 3.34991025925, -2.80142450333, 4.63237142563, -7.82240819931], "cov": [[24114.5976562, 3847.42163086, -1348.04541016, -459.114135742, -1575.6496582, 269.361816406, -184.671554565, 626.160766602, 526.680969238, 380.445617676, -131.597457886, 325.090087891, 135.399368286], [3847.42163086, 3821.36767578, -298.624481201, -210.248016357, 457.509613037, 124.661331177, 468.567993164, 114.628913879, 449.469207764, -191.605209351, 314.783966064, -358.163085938, 108.12008667], [-1348.04541016, -298.624481201, 1947.22167969, 1333.90112305, 721.259094238, 360.480316162, 2.57422447205, -107.73614502, -59.4503822327, -83.9250793457, -117.790374756, -145.598770142, -82.7282485962], [-459.114135742, -210.248016357, 1333.90112305, 1657.68237305, 742.590087891, 357.592803955, 129.647445679, -115.760780334, -19.7687358856, -82.6923599243, -48.0642852783, -175.366943359, -29.8932533264], [-1575.6496582, 457.509613037, 721.259094238, 742.590087891, 879.266601562, 280.079650879, 293.176635742, -13.318236351, 96.3682327271, -71.5415039062, 73.8043746948, -221.783325195, -19.3998661041], [269.361816406, 124.661331177, 360.480316162, 357.592803955, 280.079650879, 293.53024292, 138.589065552, 42.5490455627, 52.5243034363, 28.6430149078, -6.4855632782, -59.0565605164, -28.8015651703], [-184.671554565, 468.567993164, 2.57422447205, 129.647445679, 293.176635742, 138.589065552, 369.969390869, 95.4762954712, 131.214706421, -14.781288147, 58.6134147644, -98.9377975464, 20.1373691559], [626.160766602, 114.628913879, -107.73614502, -115.760780334, -13.318236351, 42.5490455627, 95.4762954712, 149.905548096, 82.3188018799, 56.4357872009, 3.2312734127, 7.22654914856, 2.90416002274], [526.680969238, 449.469207764, -59.4503822327, -19.7687358856, 96.3682327271, 52.5243034363, 131.214706421, 82.3188018799, 189.478240967, 43.0461082458, 66.1747283936, -26.8665409088, 32.7219963074], [380.445617676, -191.605209351, -83.9250793457, -82.6923599243, -71.5415039062, 28.6430149078, -14.781288147, 56.4357872009, 43.0461082458, 173.209091187, 18.1128139496, 75.2617340088, -8.23686408997], [-131.597457886, 314.783966064, -117.790374756, -48.0642852783, 73.8043746948, -6.4855632782, 58.6134147644, 3.2312734127, 66.1747283936, 18.1128139496, 130.52835083, -9.50853157043, 20.841588974], [325.090087891, -358.163085938, -145.598770142, -175.366943359, -221.783325195, -59.0565605164, -98.9377975464, 7.22654914856, -26.8665409088, 75.2617340088, -9.50853157043, 181.273895264, 24.9573097229], [135.399368286, 108.12008667, -82.7282485962, -29.8932533264, -19.3998661041, -28.8015651703, 20.1373691559, 2.90416002274, 32.7219963074, -8.23686408997, 20.841588974, 24.9573097229, 88.2816925049]], "icov": [[0.00015580469335, -0.000332675874233, 0.000165040939464, -0.0003649549908, 0.000430279615102, -0.000273768964689, 0.000302096101223, -0.000558993779123, 5.41263325431e-05, -0.000269862939604, 0.000562350091059, -0.000395370647311, 8.80419829627e-05], [-0.000332675874233, 0.00132052029949, -0.000393832946429, 0.00100688042585, -0.000775654159952, 0.0001995597122, -0.000643857405521, 0.00127052806783, -0.00120178889483, 0.00137953576632, -0.00216129003093, 0.00178985926323, -0.000557016814128], [0.000165040939464, -0.000393832946429, 0.0017340061022, -0.00121903163381, -0.000436694652308, -0.000781982496846, 0.0012818275718, -0.000644511368591, -0.000173795066075, 4.75695705973e-05, 0.00177138915751, -0.000979816890322, 0.000746746489312], [-0.0003649549908, 0.00100688042585, -0.00121903163381, 0.00268044741824, -0.00145163410343, -0.000212298720726, -0.000933110830374, 0.00237263226882, -0.000330901239067, 0.000687912630383, -0.00137968931813, 0.00155153986998, -0.00108765356708], [0.000430279615102, -0.000775654159952, -0.000436694652308, -0.00145163410343, 0.00515914196149, -0.00178029632661, -0.000979802105576, -0.000840440217871, -8.83264729055e-05, -0.000548419426195, -0.000954809889663, 0.00133280490991, 2.35088245972e-05], [-0.000273768964689, 0.0001995597122, -0.000781982496846, -0.000212298720726, -0.00178029632661, 0.00782554689795, -0.00216340506449, -0.000214605854126, 0.000185754281119, -0.00176008115523, 0.000698060321156, -0.000186612131074, 0.00168806524016], [0.000302096101223, -0.000643857405521, 0.0012818275718, -0.000933110830374, -0.000979802105576, -0.00216340506449, 0.00709564192221, -0.00418584188446, -0.00132775888778, 0.000938937882893, 0.000702064018697, 6.50034826322e-06, -0.000779349473305], [-0.000558993779123, 0.00127052806783, -0.000644511368591, 0.00237263226882, -0.000840440217871, -0.000214605854126, -0.00418584188446, 0.0150605682284, -0.00451277242973, -0.00166345015168, 0.00115745363291, 0.00131004827563, 0.000579272746108], [5.41263325431e-05, -0.00120178889483, -0.000173795066075, -0.000330901239067, -8.83264729055e-05, 0.000185754281119, -0.00132775888778, -0.00451277242973, 0.0128648467362, -0.00361127848737, -0.00207634060644, 0.000195345957763, -0.00306395231746], [-0.000269862939604, 0.00137953576632, 4.75695705973e-05, 0.000687912630383, -0.000548419426195, -0.00176008115523, 0.000938937882893, -0.00166345015168, -0.00361127848737, 0.0114152617753, -0.00373991741799, -0.00251853535883, 0.00214619538747], [0.000562350091059, -0.00216129003093, 0.00177138915751, -0.00137968931813, -0.000954809889663, 0.000698060321156, 0.000702064018697, 0.00115745363291, -0.00207634060644, -0.00373991741799, 0.0159752294421, -0.0037824746687, 0.00051549152704], [-0.000395370647311, 0.00178985926323, -0.000979816890322, 0.00155153986998, 0.00133280490991, -0.000186612131074, 6.50034826322e-06, 0.00131004827563, 0.000195345957763, -0.00251853535883, -0.0037824746687, 0.0135673824698, -0.00504100276157], [8.80419829627e-05, -0.000557016814128, 0.000746746489312, -0.00108765356708, 2.35088245972e-05, 0.00168806524016, -0.000779349473305, 0.000579272746108, -0.00306395231746, 0.00214619538747, 0.00051549152704, -0.00504100276157, 0.015559929423]]}, "melbands": {"dmean": [0.00943643320352, 0.00500298244879, 0.00107080163434, 0.00034837811836, 0.000124294092529, 0.000205603195354, 0.000104106555227, 3.71262431145e-05, 4.31019689131e-05, 3.99353521061e-05, 5.3925679822e-05, 3.10696159431e-05, 1.98386751435e-05, 5.42286252312e-05, 1.49795896505e-05, 1.80689294211e-05, 1.98505076696e-05, 2.93200992019e-05, 1.22081128211e-05, 6.7354571911e-06, 1.0903261682e-05, 2.22376565944e-05, 1.23881218315e-05, 8.55587677506e-06, 4.73218460684e-06, 9.85703445622e-06, 3.15101874548e-06, 2.32674278777e-06, 2.67536915999e-06, 4.36391655967e-06, 4.78291212858e-06, 5.5991517911e-06, 4.05318132835e-06, 1.35263633183e-06, 2.62321327682e-06, 1.95420670934e-06, 5.50000891053e-07, 2.99125417769e-07, 2.76350448303e-07, 1.24444468952e-07], "dmean2": [0.0153042105958, 0.00843940023333, 0.00198586448096, 0.000627272529528, 0.000176802510396, 0.00025132400333, 0.000140137373819, 5.28848504473e-05, 5.816911289e-05, 5.33901620656e-05, 7.05752099748e-05, 4.37818962382e-05, 2.79265113932e-05, 7.52182677388e-05, 2.20340552914e-05, 2.65415328613e-05, 2.9348575481e-05, 4.42945274699e-05, 1.87314471987e-05, 1.0565509001e-05, 1.72431064129e-05, 3.5500877857e-05, 2.09576264751e-05, 1.51078011186e-05, 8.33367994346e-06, 1.80388669833e-05, 5.54775124328e-06, 4.11691598856e-06, 4.69677070214e-06, 7.69890357333e-06, 7.32375701773e-06, 9.497787687e-06, 6.98790518072e-06, 2.311641083e-06, 4.53058646599e-06, 3.22232949657e-06, 8.82454912698e-07, 4.52391361705e-07, 4.68658015507e-07, 1.98817289743e-07], "dvar": [0.000833647616673, 0.000238509572227, 1.52856300701e-05, 5.3579174164e-06, 8.35854621073e-08, 2.28338976171e-07, 1.45122413642e-07, 9.70133307021e-09, 1.48691512436e-08, 1.59057833571e-08, 1.72280696376e-08, 5.48759349073e-09, 2.37830444227e-09, 2.33190160515e-08, 2.20401563666e-09, 1.51312096186e-09, 1.29934507598e-09, 3.77203113189e-09, 5.25359089565e-10, 2.02830738316e-10, 5.26313159721e-10, 3.26779447946e-09, 9.93711557484e-10, 5.40823386075e-10, 1.30640068208e-10, 1.11692322058e-09, 5.76616011883e-11, 7.2151458419e-11, 9.35704569383e-11, 1.54134469077e-10, 3.37380373638e-10, 3.10109105062e-10, 1.66751279451e-10, 1.55014369396e-11, 8.32414692731e-11, 5.01577772372e-11, 2.92983584442e-12, 7.42900586968e-13, 7.77102720281e-13, 1.56622531242e-13], "dvar2": [0.0021467122715, 0.000660923193209, 4.3957021262e-05, 1.57827398652e-05, 1.95355340793e-07, 3.90183600985e-07, 3.26530539496e-07, 1.7723564838e-08, 2.48305198625e-08, 2.75990181819e-08, 3.13129433493e-08, 1.21736896119e-08, 5.01561014943e-09, 4.68271608156e-08, 4.67037342133e-09, 3.60749474737e-09, 3.00649882767e-09, 8.87932216642e-09, 1.15188614203e-09, 4.82823281356e-10, 1.10603659564e-09, 7.66754659765e-09, 2.52552445623e-09, 1.48014667189e-09, 3.55263873875e-10, 3.17654746951e-09, 1.55420301629e-10, 2.01950900447e-10, 2.5743995824e-10, 4.12055722876e-10, 7.69993957483e-10, 8.04199040694e-10, 4.53369036757e-10, 4.18250156731e-11, 2.20697099484e-10, 1.25125187989e-10, 7.25286584263e-12, 1.66790528871e-12, 2.07506646414e-12, 3.84022647666e-13], "max": [0.279265284538, 0.162404716015, 0.0424427092075, 0.0732831433415, 0.00696233194321, 0.00761458603665, 0.00890611018986, 0.00322276446968, 0.00294934399426, 0.00369934691116, 0.0032978837844, 0.00193769019097, 0.00104405195452, 0.00278749037534, 0.00150548771489, 0.000660059216898, 0.000601605512202, 0.00126730825286, 0.000267505878583, 0.000193787549506, 0.000254196755122, 0.000561424647458, 0.000350758520653, 0.000373060669517, 0.000200018796022, 0.000402478734031, 0.000111550965812, 0.000137972136145, 0.000206918470212, 0.000190543287317, 0.000277062237728, 0.000235195184359, 0.000186632358236, 4.66745477752e-05, 0.000105865277874, 8.27396506793e-05, 1.94221993297e-05, 1.54905483214e-05, 1.06921561382e-05, 7.70021051721e-06], "mean": [0.0127451578155, 0.00623236084357, 0.000877880724147, 0.00032322757761, 0.000170578510733, 0.000319107552059, 0.000241420551902, 9.03273539734e-05, 0.000100420154922, 8.55266334838e-05, 0.000114012109407, 5.57992098038e-05, 3.26495282934e-05, 8.20555287646e-05, 3.01164200209e-05, 3.23138156091e-05, 4.1259212594e-05, 5.35908729944e-05, 1.62378019013e-05, 9.04020089365e-06, 1.49484403664e-05, 2.32764541579e-05, 1.41534883369e-05, 8.44584064907e-06, 5.20073081134e-06, 7.83144878369e-06, 3.10377458845e-06, 2.09809559237e-06, 2.57280294136e-06, 3.54928238266e-06, 4.84318934468e-06, 5.19293325851e-06, 3.42774092132e-06, 1.3633399476e-06, 2.12603026739e-06, 1.71750855316e-06, 5.29296528384e-07, 3.54528651769e-07, 2.73261917982e-07, 1.32632493433e-07], "median": [0.00113282469101, 0.000714959693141, 7.77659006417e-05, 2.82370237983e-05, 1.89395213965e-05, 1.50151035996e-05, 9.52946356847e-06, 5.95760866418e-06, 4.20180640504e-06, 1.97764143195e-06, 3.13171199195e-06, 2.45963701673e-06, 4.6307231969e-06, 7.3517949204e-06, 2.21459777094e-06, 3.40713722835e-06, 7.61546198191e-06, 4.64957975055e-06, 1.9059641545e-06, 1.37846723192e-06, 2.17448746298e-06, 2.26130032388e-06, 2.45492446993e-06, 1.39695180223e-06, 1.19478681881e-06, 9.39652636589e-07, 4.82513655697e-07, 2.35601589793e-07, 2.91318627887e-07, 2.41187137817e-07, 1.78825985131e-07, 1.84325898545e-07, 1.60012376682e-07, 1.12900124805e-07, 8.12913754089e-08, 5.01490369231e-08, 2.72158331427e-08, 2.09223678382e-08, 1.3753034267e-08, 1.18136584959e-08], "min": [4.32908036133e-14, 3.14957376857e-14, 2.03725975841e-14, 1.85026554625e-14, 1.26976142613e-14, 5.44206437455e-14, 1.40630196832e-13, 1.04290504726e-13, 9.1895668321e-14, 1.31341376035e-13, 1.62986499839e-13, 1.41196895755e-13, 4.62382851462e-14, 1.6925626482e-13, 2.2308012642e-13, 1.34290433049e-13, 5.49335831814e-14, 4.19726204476e-14, 4.6803022341e-14, 1.775595865e-14, 4.0496845108e-14, 1.1506827392e-13, 2.67740609414e-13, 5.35743433124e-13, 7.695576896e-14, 5.4441223258e-14, 7.36831047023e-14, 6.49874238082e-14, 2.00017980694e-13, 1.99355465404e-13, 7.11851367782e-14, 1.28730481678e-13, 5.52364347295e-14, 6.00573667946e-14, 1.28754876227e-13, 1.6554470197e-13, 4.68956403116e-14, 7.19152452974e-14, 5.22499693522e-14, 4.42525587029e-14], "var": [0.00100983586162, 0.0002191530657, 9.95990285446e-06, 4.43981844001e-06, 1.31723766117e-07, 5.14810380992e-07, 3.6228388467e-07, 4.74183963206e-08, 6.78895375472e-08, 6.46237907631e-08, 6.60852705892e-08, 1.27755628299e-08, 4.46899228734e-09, 3.86899117188e-08, 9.63493729245e-09, 3.7620049298e-09, 4.04670119636e-09, 9.88714177197e-09, 9.12989128743e-10, 2.9031754778e-10, 8.85419182417e-10, 3.47415762825e-09, 1.05181308108e-09, 5.08603437144e-10, 1.43987086143e-10, 6.9868716368e-10, 5.57920792899e-11, 5.33876727549e-11, 8.13778280873e-11, 1.28299815216e-10, 3.60747903771e-10, 2.79631928723e-10, 1.27433674724e-10, 1.5110588128e-11, 6.62375362892e-11, 4.57170516721e-11, 2.93945531978e-12, 1.08033926857e-12, 7.29712622792e-13, 1.69406169323e-13]}, "mfcc": {"mean": [-751.870544434, 116.431030273, -6.95359420776, 36.1238021851, 18.4727478027, 23.6553955078, 3.18394470215, 11.5083913803, -0.0425357483327, 3.60888838768, 9.81767177582, 6.5259718895, 1.65365552902], "cov": [[19045.4414062, 2334.63500977, -933.28302002, -667.6015625, -1374.02612305, -309.438537598, -885.130249023, 164.674057007, 125.521896362, 86.4153213501, 11.9622459412, 4.89587688446, 18.6460361481], [2334.63500977, 2951.0078125, -476.914276123, -234.279891968, 4.19055986404, -29.6766376495, 183.443618774, 218.063644409, 102.899383545, 217.119689941, 164.517440796, 113.826026917, 29.8435897827], [-933.28302002, -476.914276123, 1127.51049805, 776.215393066, 612.845275879, 468.451080322, 135.359451294, 92.1495666504, 49.5501556396, 40.5412330627, -20.9237670898, -54.3597793579, -62.6083145142], [-667.6015625, -234.279891968, 776.215393066, 1088.15161133, 703.551330566, 540.058959961, 310.570953369, 143.896392822, 118.844306946, 113.226081848, 42.2758865356, -11.2603626251, -34.6223716736], [-1374.02612305, 4.19055986404, 612.845275879, 703.551330566, 753.633361816, 428.381164551, 271.859954834, 105.12348175, 76.1199111938, 103.347396851, 67.1769104004, 9.09486484528, -56.6751022339], [-309.438537598, -29.6766376495, 468.451080322, 540.058959961, 428.381164551, 459.400878906, 225.90423584, 129.365966797, 106.225143433, 110.666572571, 68.6029968262, 10.1566610336, 3.83684825897], [-885.130249023, 183.443618774, 135.359451294, 310.570953369, 271.859954834, 225.90423584, 321.589630127, 126.16582489, 90.7965774536, 98.6569595337, 69.7137908936, 27.9753017426, 18.0703239441], [164.674057007, 218.063644409, 92.1495666504, 143.896392822, 105.12348175, 129.365966797, 126.16582489, 164.062545776, 94.4924545288, 72.060295105, 44.5047988892, 12.1162662506, 8.90588378906], [125.521896362, 102.899383545, 49.5501556396, 118.844306946, 76.1199111938, 106.225143433, 90.7965774536, 94.4924545288, 171.044006348, 109.736351013, 48.5286178589, 22.4090099335, 11.5823984146], [86.4153213501, 217.119689941, 40.5412330627, 113.226081848, 103.347396851, 110.666572571, 98.6569595337, 72.060295105, 109.736351013, 161.366104126, 86.0977249146, 30.9525966644, 5.13203287125], [11.9622459412, 164.517440796, -20.9237670898, 42.2758865356, 67.1769104004, 68.6029968262, 69.7137908936, 44.5047988892, 48.5286178589, 86.0977249146, 135.711151123, 66.303237915, 25.1637611389], [4.89587688446, 113.826026917, -54.3597793579, -11.2603626251, 9.09486484528, 10.1566610336, 27.9753017426, 12.1162662506, 22.4090099335, 30.9525966644, 66.303237915, 96.9192733765, 34.0190811157], [18.6460361481, 29.8435897827, -62.6083145142, -34.6223716736, -56.6751022339, 3.83684825897, 18.0703239441, 8.90588378906, 11.5823984146, 5.13203287125, 25.1637611389, 34.0190811157, 86.9756164551]], "icov": [[0.00010989036673, -0.000109554115625, 7.90614358266e-05, -0.000218296321691, 0.000355025928002, -0.000275117403362, 0.000530725752469, -0.000210776517633, -3.33243297064e-05, -8.51481388509e-07, -5.37355190318e-05, -3.00901518813e-07, 0.000158994967933], [-0.000109554115625, 0.000608846603427, 0.000191043538507, 0.000391869049054, -0.000635858858004, 0.000367026397726, -0.000510168320034, -0.000655724259559, 0.000541588233318, -0.000761821691412, 0.000253368722042, -0.000317583209835, -0.000125563543406], [7.90614358266e-05, 0.000191043538507, 0.00271468539722, -0.000903463922441, -0.00090754480334, -0.00160193350166, 0.00185632461216, -0.00114655657671, 0.000522837159224, -0.000176202156581, 0.00087442190852, 0.000281468062894, 0.000300700776279], [-0.000218296321691, 0.000391869049054, -0.000903463922441, 0.00387185136788, -0.00220095110126, -0.000916368269827, -0.00187286559958, 0.000412547233282, -0.000320047227433, -0.000129076594021, 0.000878338236362, -4.9933725677e-05, -0.000427985767601], [0.000355025928002, -0.000635858858004, -0.00090754480334, -0.00220095110126, 0.00636440888047, -0.002267152071, -0.000244187627686, 0.000789973826613, 0.000224537201575, 0.000353682262357, -0.00138014368713, -0.00088103901362, 0.0035228242632], [-0.000275117403362, 0.000367026397726, -0.00160193350166, -0.000916368269827, -0.002267152071, 0.00894081965089, -0.00259451451711, -0.000959571392741, -0.000436108297436, -0.00110274704639, -0.00125555682462, 0.000989150372334, -0.00271979416721], [0.000530725752469, -0.000510168320034, 0.00185632461216, -0.00187286559958, -0.000244187627686, -0.00259451451711, 0.00992685835809, -0.00430674850941, 0.000302659085719, -0.00111678242683, -4.28001985711e-05, 2.59502921836e-05, -0.000986288534477], [-0.000210776517633, -0.000655724259559, -0.00114655657671, 0.000412547233282, 0.000789973826613, -0.000959571392741, -0.00430674850941, 0.0135988686234, -0.00539360428229, 0.00202389294282, -0.00176764442585, 0.00149730779231, 0.000193093364942], [-3.33243297064e-05, 0.000541588233318, 0.000522837159224, -0.000320047227433, 0.000224537201575, -0.000436108297436, 0.000302659085719, -0.00539360428229, 0.0136548336595, -0.00871454738081, 0.00296420766972, -0.00192929548211, -0.000681960431393], [-8.51481388509e-07, -0.000761821691412, -0.000176202156581, -0.000129076594021, 0.000353682262357, -0.00110274704639, -0.00111678242683, 0.00202389294282, -0.00871454738081, 0.0174855682999, -0.00824256427586, 0.00229962868616, 0.00200130045414], [-5.37355190318e-05, 0.000253368722042, 0.00087442190852, 0.000878338236362, -0.00138014368713, -0.00125555682462, -4.28001985711e-05, -0.00176764442585, 0.00296420766972, -0.00824256427586, 0.0175674986094, -0.0088265221566, -0.00128904508892], [-3.00901518813e-07, -0.000317583209835, 0.000281468062894, -4.9933725677e-05, -0.00088103901362, 0.000989150372334, 2.59502921836e-05, 0.00149730779231, -0.00192929548211, 0.00229962868616, -0.0088265221566, 0.0180923305452, -0.00488627701998], [0.000158994967933, -0.000125563543406, 0.000300700776279, -0.000427985767601, 0.0035228242632, -0.00271979416721, -0.000986288534477, 0.000193093364942, -0.000681960431393, 0.00200130045414, -0.00128904508892, -0.00488627701998, 0.0164100900292]]}, "spectral_contrast_coeffs": {"dmean": [0.0483120270073, 0.0467975735664, 0.0365974791348, 0.0299986246973, 0.0226902198046, 0.0218267422169], "dmean2": [0.0774236768484, 0.0699035674334, 0.0556752793491, 0.0481714457273, 0.0373131856322, 0.0352210104465], "dvar": [0.00203380081803, 0.00176872557495, 0.00116278068163, 0.00076795957284, 0.000490859965794, 0.000717523274943], "dvar2": [0.00493152020499, 0.00369637389667, 0.00235936511308, 0.00186836661305, 0.00117362779565, 0.00164911779575], "max": [-0.252446740866, -0.379559993744, -0.468718320131, -0.52864074707, -0.613892674446, -0.609084665775], "mean": [-0.68903529644, -0.705676853657, -0.76608479023, -0.777626514435, -0.794305562973, -0.747453510761], "median": [-0.690489530563, -0.717959403992, -0.782450318336, -0.793339252472, -0.800777554512, -0.746970295906], "min": [-0.950456023216, -0.957813322544, -0.960712909698, -0.946636617184, -0.938676297665, -0.900690495968], "var": [0.0110723646358, 0.0127759370953, 0.0124961407855, 0.00604720646515, 0.00290206447244, 0.0021951070521]}, "spectral_contrast_valleys": {"dmean": [0.451030552387, 0.469122886658, 0.428006708622, 0.36797657609, 0.404612332582, 0.416553974152], "dmean2": [0.707251966, 0.716049909592, 0.633147776127, 0.545485556126, 0.585042595863, 0.550143122673], "dvar": [0.290764153004, 0.263845920563, 0.252130746841, 0.240029200912, 0.359977215528, 0.437943816185], "dvar2": [0.541016221046, 0.477721452713, 0.43788677454, 0.42427316308, 0.713265419006, 0.810319006443], "max"