{"lowlevel": {"average_loudness": 0.840455710888, "barkbands_crest": {"dmean": 3.08588337898, "dmean2": 4.58529663086, "dvar": 7.905834198, "dvar2": 16.6440658569, "max": 25.9002189636, "mean": 12.0455932617, "median": 11.2564630508, "min": 2.10201311111, "var": 28.3274555206}, "barkbands_flatness_db": {"dmean": 0.0264168567955, "dmean2": 0.0376240611076, "dvar": 0.000817695108708, "dvar2": 0.00187966425437, "max": 0.360333263874, "mean": 0.149943187833, "median": 0.142723456025, "min": 0.0336305499077, "var": 0.00328752025962}, "barkbands_kurtosis": {"dmean": 5.74028301239, "dmean2": 8.50502681732, "dvar": 138.48979187, "dvar2": 299.768188477, "max": 221.973464966, "mean": 9.20828819275, "median": 2.97343397141, "min": -1.89482009411, "var": 297.316101074}, "barkbands_skewness": {"dmean": 0.731214046478, "dmean2": 1.08642876148, "dvar": 0.834412336349, "dvar2": 1.89315915108, "max": 12.6282176971, "mean": 2.13498902321, "median": 1.70254683495, "min": -3.2566781044, "var": 3.5604159832}, "barkbands_spread": {"dmean": 6.77120256424, "dmean2": 10.1442718506, "dvar": 59.9426689148, "dvar2": 132.695358276, "max": 102.305778503, "mean": 24.2019634247, "median": 22.9711055756, "min": 0.82839268446, "var": 227.198318481}, "dissonance": {"dmean": 0.0198361575603, "dmean2": 0.0321168452501, "dvar": 0.000366971013136, "dvar2": 0.000935874530114, "max": 0.499999940395, "mean": 0.450374186039, "median": 0.457168519497, "min": 0.29154676199, "var": 0.00130632345099}, "dynamic_complexity": 4.57392787933, "erbbands_crest": {"dmean": 2.77836203575, "dmean2": 4.32716417313, "dvar": 7.1549372673, "dvar2": 16.7799072266, "max": 27.4209156036, "mean": 9.11003875732, "median": 8.038438797, "min": 2.40145802498, "var": 20.4125785828}, "erbbands_flatness_db": {"dmean": 0.0146936671808, "dmean2": 0.0211698208004, "dvar": 0.000172054860741, "dvar2": 0.000355062162271, "max": 0.300428450108, "mean": 0.139724895358, "median": 0.136583536863, "min": 0.0560980029404, "var": 0.0013916605385}, "erbbands_kurtosis": {"dmean": 0.77915674448, "dmean2": 1.20855104923, "dvar": 0.940885841846, "dvar2": 2.2197868824, "max": 18.0630435944, "mean": 0.184862360358, "median": -0.244762182236, "min": -1.74228060246, "var": 2.5929672718}, "erbbands_skewness": {"dmean": 0.35703933239, "dmean2": 0.534706950188, "dvar": 0.111889317632, "dvar2": 0.246913254261, "max": 3.89719986916, "mean": 0.456518769264, "median": 0.418836951256, "min": -2.33179998398, "var": 0.506606817245}, "erbbands_spread": {"dmean": 9.92667388916, "dmean2": 15.1926240921, "dvar": 107.537773132, "dvar2": 241.365127563, "max": 144.045196533, "mean": 51.8036079407, "median": 46.7175140381, "min": 5.76826190948, "var": 494.94354248}, "hfc": {"dmean": 6.89970159531, "dmean2": 10.0038414001, "dvar": 193.946411133, "dvar2": 467.256896973, "max": 141.485809326, "mean": 13.9684247971, "median": 6.77490186691, "min": 1.17933482507e-16, "var": 333.556030273}, "melbands_crest": {"dmean": 3.48145771027, "dmean2": 5.59232664108, "dvar": 10.2163848877, "dvar2": 24.5788440704, "max": 33.0955314636, "mean": 15.6704540253, "median": 15.4747209549, "min": 1.59899652004, "var": 32.7876243591}, "melbands_flatness_db": {"dmean": 0.0318144373596, "dmean2": 0.0453329868615, "dvar": 0.00131892366335, "dvar2": 0.00302627193742, "max": 0.476500809193, "mean": 0.194902196527, "median": 0.185468241572, "min": 0.00348730012774, "var": 0.00731022842228}, "melbands_kurtosis": {"dmean": 15.1196880341, "dmean2": 23.5613536835, "dvar": 789.602111816, "dvar2": 1872.24304199, "max": 540.160766602, "mean": 29.2651672363, "median": 11.8985071182, "min": -1.64083969593, "var": 1770.19995117}, "melbands_skewness": {"dmean": 1.02188873291, "dmean2": 1.58501625061, "dvar": 1.65336465836, "dvar2": 4.00741863251, "max": 18.3509902954, "mean": 3.67662382126, "median": 2.94243073463, "min": -2.27057433128, "var": 6.43335676193}, "melbands_spread": {"dmean": 7.97804355621, "dmean2": 12.1682710648, "dvar": 97.4499588013, "dvar2": 206.305831909, "max": 193.406829834, "mean": 24.6969909668, "median": 19.1850643158, "min": 0.698357999325, "var": 506.695129395}, "pitch_salience": {"dmean": 0.0852787271142, "dmean2": 0.13079854846, "dvar": 0.0084950812161, "dvar2": 0.0202967207879, "max": 0.902329802513, "mean": 0.492613643408, "median": 0.489436864853, "min": 0.0804291889071, "var": 0.02091807127}, "silence_rate_20dB": {"dmean": 0, "dmean2": 0, "dvar": 0, "dvar2": 0, "max": 1, "mean": 1, "median": 1, "min": 1, "var": 0}, "silence_rate_30dB": {"dmean": 0.0613165013492, "dmean2": 0.122646823525, "dvar": 0.0575531758368, "dvar2": 0.141408756375, "max": 1, "mean": 0.940606355667, "median": 1, "min": 0, "var": 0.0558699369431}, "silence_rate_60dB": {"dmean": 0.0527502261102, "dmean2": 0.105512343347, "dvar": 0.0499633587897, "dvar2": 0.108573779464, "max": 1, "mean": 0.215034380555, "median": 0, "min": 0, "var": 0.168813467026}, "spectral_centroid": {"dmean": 276.234924316, "dmean2": 419.284576416, "dvar": 102210.148438, "dvar2": 225739.90625, "max": 11046.7070312, "mean": 1465.53039551, "median": 1359.9239502, "min": 192.316085815, "var": 697942.625}, "spectral_complexity": {"dmean": 3.84738492966, "dmean2": 5.45710754395, "dvar": 39.6170272827, "dvar2": 67.3882446289, "max": 59, "mean": 11.6218862534, "median": 8, "min": 0, "var": 125.868164062}, "spectral_decrease": {"dmean": 3.65345620423e-09, "dmean2": 5.58282309271e-09, "dvar": 6.46464081848e-17, "dvar2": 1.74965335811e-16, "max": 4.02928154976e-18, "mean": -6.10169781368e-09, "median": -2.0093111619e-09, "min": -9.10592277137e-08, "var": 9.93425651528e-17}, "spectral_energy": {"dmean": 0.0142634324729, "dmean2": 0.0217224042863, "dvar": 0.000971036963165, "dvar2": 0.0026242856402, "max": 0.350657790899, "mean": 0.0242961440235, "median": 0.00831246282905, "min": 1.06764274364e-20, "var": 0.00149717740715}, "spectral_energyband_high": {"dmean": 0.000477813562611, "dmean2": 0.000688209896907, "dvar": 8.91883928489e-07, "dvar2": 1.92582706404e-06, "max": 0.0100370096043, "mean": 0.00093608739553, "median": 0.000333933421643, "min": 7.64306646505e-21, "var": 1.98306474886e-06}, "spectral_energyband_low": {"dmean": 0.00953904911876, "dmean2": 0.0142579395324, "dvar": 0.000487036100822, "dvar2": 0.00118135730736, "max": 0.247382864356, "mean": 0.013742226176, "median": 0.00177789479494, "min": 1.67595228497e-22, "var": 0.000845577276777}, "spectral_energyband_middle_high": {"dmean": 0.00145974650513, "dmean2": 0.0024172370322, "dvar": 1.10415139716e-05, "dvar2": 2.96979760606e-05, "max": 0.0418588407338, "mean": 0.00227338448167, "median": 0.000907215639018, "min": 1.64900181771e-21, "var": 1.27103603518e-05}, "spectral_energyband_middle_low": {"dmean": 0.00704160984606, "dmean2": 0.0119357500225, "dvar": 0.000402147823479, "dvar2": 0.00112893106416, "max": 0.20386788249, "mean": 0.00878187548369, "median": 0.00279855635017, "min": 2.07240562938e-22, "var": 0.000315413431963}, "spectral_entropy": {"dmean": 0.158917427063, "dmean2": 0.233281493187, "dvar": 0.0331654474139, "dvar2": 0.0795361176133, "max": 9.82004356384, "mean": 7.77905750275, "median": 7.80154466629, "min": 6.22015714645, "var": 0.151070043445}, "spectral_flux": {"dmean": 0.0330311395228, "dmean2": 0.0511124767363, "dvar": 0.00322184874676, "dvar2": 0.00593190453947, "max": 0.533187389374, "mean": 0.0767519846559, "median": 0.0425149351358, "min": 1.03326798506e-10, "var": 0.00704784179106}, "spectral_kurtosis": {"dmean": 0.674667298794, "dmean2": 1.07955527306, "dvar": 0.908957898617, "dvar2": 2.30032062531, "max": 41.7394943237, "mean": 2.16420149803, "median": 2.0678062439, "min": -1.21452713013, "var": 2.01758861542}, "spectral_rms": {"dmean": 0.00108267960604, "dmean2": 0.00152594025712, "dvar": 3.15929037242e-06, "dvar2": 7.39051074561e-06, "max": 0.0184960849583, "mean": 0.00384612707421, "median": 0.00284775695764, "min": 3.22738710756e-12, "var": 8.91084164323e-06}, "spectral_rolloff": {"dmean": 703.652648926, "dmean2": 1131.22045898, "dvar": 1321329.875, "dvar2": 2712352.25, "max": 19121.484375, "mean": 2093.2487793, "median": 1205.859375, "min": 64.599609375, "var": 7329365}, "spectral_skewness": {"dmean": 0.139751762152, "dmean2": 0.210314899683, "dvar": 0.0258910506964, "dvar2": 0.0600246824324, "max": 4.48257446289, "mean": 1.28533983231, "median": 1.2847931385, "min": 0.0172280278057, "var": 0.114381067455}, "spectral_spread": {"dmean": 598493.8125, "dmean2": 893958.875, "dvar": 613399855104, "dvar2": 1099870240770.0, "max": 40462244, "mean": 6621977.5, "median": 6551496.5, "min": 1549321, "var": 2129217060860.0}, "spectral_strongpeak": {"dmean": 0.280313104391, "dmean2": 0.441641539335, "dvar": 0.125955834985, "dvar2": 0.31931000948, "max": 8.16754341125, "mean": 0.609079301357, "median": 0.460144340992, "min": 0, "var": 0.278575778008}, "zerocrossingrate": {"dmean": 0.0138374790549, "dmean2": 0.015077217482, "dvar": 0.000208220764762, "dvar2": 0.00023135668016, "max": 0.529296875, "mean": 0.0853293612599, "median": 0.07421875, "min": 0.0029296875, "var": 0.00467376736924}, "barkbands": {"dmean": [0.000106457729999, 0.0068498076871, 0.00409408891574, 0.00333102699369, 0.00284034013748, 0.000727564096451, 0.000444168079412, 0.000272160716122, 0.000394328992115, 0.000217490756768, 0.000305610941723, 0.000336413650075, 0.000333918840624, 0.000128104293253, 0.00013153492182, 0.000111757966806, 0.00020018874784, 7.59879985708e-05, 6.72143578413e-05, 8.1441954535e-05, 0.000162599884789, 9.06629502424e-05, 6.71357120154e-05, 8.66519985721e-05, 8.68729621288e-05, 1.49048528328e-05, 5.68948621549e-07], "dmean2": [0.00013651214249, 0.00901465769857, 0.00696657272056, 0.006238614209, 0.00465650716797, 0.00116961984895, 0.000693537585903, 0.000466701516416, 0.000605809502304, 0.00035247154301, 0.000510316051077, 0.000569979776628, 0.000610961869825, 0.000225359035539, 0.000221608250285, 0.000195733213332, 0.000338541984092, 0.000125946593471, 0.000108124382677, 0.000128081577714, 0.000256366678514, 0.000135387599585, 9.87890598481e-05, 0.000126545099192, 0.000124248166685, 2.08224792004e-05, 8.42391216338e-07], "dvar": [6.14640001118e-08, 0.000313437543809, 0.000168194717844, 0.000141635435284, 6.59135839669e-05, 3.62444302482e-06, 1.27141925077e-06, 5.08202049332e-07, 4.11057584415e-07, 2.37486489141e-07, 5.27221004631e-07, 9.2858078915e-07, 8.52394521189e-07, 7.88070551039e-08, 7.27220310637e-08, 8.56799715621e-08, 2.1845370668e-07, 3.14597023987e-08, 2.44024978002e-08, 2.72537796775e-08, 1.45111428651e-07, 2.70172666461e-08, 1.677861583e-08, 3.01307423456e-08, 3.47325368466e-08, 9.51748790889e-10, 2.56713986006e-12], "dvar2": [9.46364480114e-08, 0.000565788766835, 0.000452301464975, 0.000407471961807, 0.000178956513992, 8.94135246199e-06, 2.94727146866e-06, 1.41067687309e-06, 9.68000563262e-07, 6.07494257565e-07, 1.42420083193e-06, 2.57656506619e-06, 2.46921558755e-06, 2.23251049647e-07, 1.7995057533e-07, 2.26450836749e-07, 5.74722434976e-07, 7.40701864288e-08, 5.82173989017e-08, 6.86980001774e-08, 3.73872779846e-07, 6.19869524598e-08, 3.20623954053e-08, 6.4562321711e-08, 6.66756534429e-08, 2.00225458435e-09, 5.87842101385e-12], "max": [0.00192773563322, 0.233673453331, 0.138482794166, 0.120450720191, 0.128010988235, 0.0307822469622, 0.023265555501, 0.0103778103366, 0.00904581602663, 0.0101054618135, 0.0134975863621, 0.0160889718682, 0.00902328174561, 0.00300007290207, 0.00347959413193, 0.00428109616041, 0.00544213922694, 0.001860082848, 0.00145326845814, 0.00164610240608, 0.00370072573423, 0.00222706375644, 0.00143654562999, 0.00242747925222, 0.00237049954012, 0.000392641028157, 1.73340013134e-05], "mean": [0.000161515272339, 0.00878355000168, 0.00341674592346, 0.00230483757332, 0.00406673643738, 0.000831675482914, 0.000611534225754, 0.000280162377749, 0.000570291653275, 0.000302697677398, 0.00036054951488, 0.000375846779207, 0.000309242255753, 0.000151243104483, 0.000175102206413, 0.000149836647324, 0.000248937227298, 0.00010980994557, 9.90063053905e-05, 0.000129979423946, 0.000217409178731, 0.000153470537043, 0.000120925535157, 0.000162758049555, 0.000173594846274, 2.79229589069e-05, 7.84611415838e-07], "median": [1.40481688504e-06, 0.000342896673828, 0.000256760657066, 0.000298671016935, 0.000476580258692, 0.000129595631734, 0.000118933996418, 8.44894093461e-05, 0.00025215675123, 6.5962492954e-05, 3.39869184245e-05, 4.18746785726e-05, 0.000103422884422, 4.04086858907e-05, 4.90249622089e-05, 4.17533119617e-05, 6.97927607689e-05, 3.1013169064e-05, 2.96490434266e-05, 4.84668053105e-05, 6.26962209935e-05, 4.76796012663e-05, 3.71305432054e-05, 5.56529666937e-05, 6.15315584582e-05, 1.30295047711e-05, 3.20666174503e-07], "min": [2.28388989796e-23, 1.25909167693e-22, 1.66390454879e-23, 1.55244512932e-23, 1.95179207863e-23, 2.87504648311e-23, 1.95201359078e-23, 2.43041292249e-23, 6.34139470178e-23, 1.34711025238e-22, 8.36702605441e-23, 1.02692909211e-22, 8.13181550038e-23, 6.60740112338e-23, 9.95583609374e-23, 1.83590891653e-22, 3.02868541167e-22, 2.56350890333e-22, 1.6194530572e-22, 3.34764547836e-22, 5.19340430148e-22, 6.33039293205e-22, 5.41980763371e-22, 7.4266228236e-22, 1.04614971962e-21, 1.97080021857e-21, 2.27287502683e-21], "var": [1.44624692666e-07, 0.000511977355927, 0.000122695346363, 8.03523871582e-05, 8.94896584214e-05, 5.87410386288e-06, 2.31901231018e-06, 4.00483031626e-07, 6.64484446133e-07, 3.5473399862e-07, 6.503946679e-07, 7.99222050318e-07, 5.33909769729e-07, 7.97297303734e-08, 9.89261650375e-08, 1.02943602087e-07, 2.55966057239e-07, 4.60068676489e-08, 4.11321785521e-08, 4.10178984112e-08, 1.58020412755e-07, 5.98637583948e-08, 4.11619041074e-08, 8.1770267002e-08, 9.45185192336e-08, 1.66513647315e-09, 2.90675209597e-12]}, "erbbands": {"dmean": [0.174714297056, 1.74622166157, 3.57602477074, 9.62185287476, 8.54319286346, 10.867726326, 7.66773080826, 6.08320951462, 7.6324505806, 5.08583116531, 6.08335399628, 9.93236255646, 5.95230674744, 7.02037763596, 14.366601944, 15.1199293137, 15.1152324677, 8.39986896515, 5.6585111618, 6.24303770065, 8.68975543976, 9.74987316132, 5.11837434769, 3.59081315994, 2.90654397011, 4.24078798294, 7.60645675659, 4.83058547974, 3.39794969559, 2.14056038857, 1.93762433529, 1.63546252251, 1.6820152998, 1.19909644127, 0.526590466499, 0.120855249465, 0.0164379049093, 0.00155886891298, 0.000102565791167, 1.97602767003e-05], "dmean2": [0.212794199586, 2.30929970741, 5.44697904587, 17.8720302582, 15.4285907745, 17.4522895813, 12.0474920273, 9.97350788116, 12.2005672455, 7.91103363037, 10.5476198196, 15.1016569138, 9.70817279816, 11.2542972565, 23.9767436981, 25.7005176544, 27.4351005554, 15.2253656387, 9.66238021851, 9.77796936035, 15.4527111053, 16.282913208, 8.70193767548, 5.42662334442, 4.60069513321, 6.84600973129, 12.7274580002, 7.35342884064, 5.09086561203, 3.13182663918, 2.87266278267, 2.44601082802, 2.43120098114, 1.71541130543, 0.745944619179, 0.170693144202, 0.0225482583046, 0.0021729406435, 0.000145886457176, 2.92853892461e-05], "dvar": [0.167606920004, 20.9201812744, 96.3854217529, 1158.67895508, 886.455322266, 979.872192383, 377.140869141, 268.383300781, 369.754974365, 114.132835388, 266.565246582, 256.272979736, 142.728042603, 270.70703125, 1043.49060059, 1995.16345215, 1720.55834961, 437.007263184, 190.667098999, 151.965148926, 532.967407227, 569.753601074, 142.788986206, 63.9146614075, 38.679107666, 87.8665618896, 348.354827881, 105.410293579, 39.5638122559, 15.0357465744, 14.2111415863, 10.0751676559, 12.6096553802, 6.75947761536, 1.17515063286, 0.055377509445, 0.00128333736211, 1.33716239361e-05, 7.27590290239e-08, 1.49250434234e-09], "dvar2": [0.256081312895, 40.8645896912, 228.919631958, 3318.38916016, 2570.12719727, 2501.72460938, 914.269836426, 717.618591309, 918.159118652, 271.869476318, 760.17578125, 576.998474121, 349.884094238, 701.082397461, 2777.08911133, 5649.55078125, 4965.05175781, 1279.8248291, 513.67364502, 322.218475342, 1503.56140137, 1459.42285156, 348.430450439, 132.346191406, 91.6460647583, 228.916702271, 919.443664551, 254.707382202, 91.8716506958, 29.3604736328, 29.1494903564, 21.2970962524, 27.6747932434, 13.5064783096, 2.27561593056, 0.116278007627, 0.00251170317642, 2.64648770099e-05, 1.57648472054e-07, 3.88811649543e-09], "max": [4.71247768402, 59.8291015625, 118.385520935, 349.96105957, 363.892456055, 603.095214844, 413.309906006, 256.342803955, 323.098175049, 247.940155029, 222.617401123, 243.850662231, 322.727294922, 323.796875, 540.739685059, 726.690002441, 449.363494873, 214.532699585, 210.825653076, 180.830841064, 319.567718506, 304.070983887, 129.87348938, 78.1353607178, 62.4795265198, 95.8020477295, 176.100723267, 105.931991577, 73.7955474854, 57.9135055542, 44.0757026672, 37.9850654602, 47.9474983215, 37.1881980896, 15.8570785522, 3.09049510956, 0.426556736231, 0.0355590619147, 0.00302672223188, 0.000415041518863], "mean": [0.222423374653, 2.05863523483, 3.93928170204, 6.77799463272, 7.55789518356, 16.4021549225, 12.1173210144, 7.12037754059, 9.95383834839, 7.22306060791, 6.53264379501, 14.6400995255, 8.33565235138, 9.88097667694, 17.4056949615, 16.6752128601, 14.764424324, 9.06785964966, 7.65317869186, 9.27655315399, 10.30078125, 12.9269695282, 7.39945888519, 5.60156869888, 4.40122890472, 6.52567720413, 9.67750072479, 7.2784075737, 5.77894115448, 3.97652721405, 3.39756035805, 2.99087047577, 3.01803326607, 2.29054927826, 1.00399231911, 0.234302520752, 0.0325298607349, 0.00290292780846, 0.000167132224306, 3.6536843254e-05], "median": [0.00621432065964, 0.0899732857943, 0.378842502832, 0.875192463398, 1.51602315903, 1.54024219513, 1.2000528574, 1.32784175873, 1.6049592495, 3.02111792564, 2.92153596878, 6.35788249969, 2.66411828995, 2.28888964653, 2.944054842, 3.22505784035, 5.64031362534, 2.65879130363, 1.7105537653, 3.36903190613, 2.33524537086, 3.42027807236, 2.38089966774, 1.66823709011, 1.41787350178, 2.47867655754, 2.80217146873, 2.21053767204, 1.64143526554, 1.30601644516, 1.11365032196, 1.01192057133, 0.993172049522, 0.794487416744, 0.369518756866, 0.105631545186, 0.0171369183809, 0.00153615290765, 7.69886246417e-05, 1.47086075231e-05], "min": [6.22458419266e-21, 1.78967844136e-20, 1.89493846677e-20, 4.14468830248e-20, 5.10097791461e-20, 5.85202753777e-20, 1.27021997035e-19, 3.03986264324e-19, 3.19518803373e-19, 4.21147919491e-19, 5.23454625778e-19, 1.6447274661e-18, 3.24726417147e-18, 4.461108707e-18, 3.62675271622e-18, 3.46547875976e-18, 3.55498404474e-18, 4.25972579661e-18, 5.26149156284e-18, 7.3024108318e-18, 9.37005299764e-18, 1.85542170049e-17, 1.3793848828e-17, 1.12958924182e-17, 8.64969779811e-18, 1.64888280791e-17, 1.79089979292e-17, 2.33843479404e-17, 2.00618082652e-17, 1.86994781923e-17, 1.49688787404e-17, 1.03904307412e-17, 1.50989181502e-17, 1.26876866646e-17, 7.49882569543e-18, 6.54864043066e-18, 3.83962268378e-18, 1.16459875135e-18, 3.41094646429e-19, 3.47693705948e-20], "var": [0.323787659407, 30.2362785339, 106.700614929, 671.064758301, 540.02154541, 1714.23242188, 886.995605469, 372.75390625, 601.431091309, 180.694107056, 176.157989502, 448.16796875, 226.645904541, 396.81137085, 1282.71337891, 1627.14855957, 1089.53015137, 343.728393555, 207.682571411, 281.13861084, 549.488586426, 720.24029541, 194.289581299, 123.432861328, 68.7644882202, 111.841377258, 336.725006104, 150.131286621, 91.2093505859, 39.7418441772, 31.6325435638, 26.4799442291, 31.6836795807, 19.7563991547, 2.64106273651, 0.107643976808, 0.00225997227244, 2.08268666029e-05, 9.34251929152e-08, 2.44941289473e-09]}, "gfcc": {"mean": [-48.4186668396, 48.4473419189, -110.66204071, 30.2507820129, -71.5923690796, 20.2914066315, -47.508190155, 11.2751312256, -32.7367706299, 3.78160405159, -24.9902229309, -6.51722621918, -12.991642952], "cov": [[15338.5839844, 2276.33398438, 465.407073975, 532.898620605, -23.8459148407, 629.77722168, -224.645568848, -192.524307251, -457.032165527, -143.998550415, 108.4974823, 395.367980957, 285.049316406], [2276.33398438, 2095.20532227, 969.517150879, 734.950012207, 778.995300293, 228.366928101, 237.058914185, -12.1917219162, 141.743652344, 43.7421798706, 364.304992676, 164.993057251, 272.869445801], [465.407073975, 969.517150879, 1192.45153809, 686.192871094, 591.57434082, 353.081054688, 264.369628906, 121.995689392, 180.747741699, 113.063858032, 280.973175049, 168.591629028, 194.962768555], [532.898620605, 734.950012207, 686.192871094, 952.377685547, 489.292266846, 200.833953857, 204.777511597, 67.2482681274, 194.977249146, 49.9213447571, 206.490875244, 99.8359985352, 186.229553223], [-23.8459148407, 778.995300293, 591.57434082, 489.292266846, 697.777709961, 224.585067749, 272.120483398, 126.140075684, 184.509292603, 109.652984619, 167.546890259, 102.47808075, 94.6674575806], [629.77722168, 228.366928101, 353.081054688, 200.833953857, 224.585067749, 367.860809326, 178.844238281, 80.4316101074, 57.8869285583, 57.918548584, 130.89112854, 133.77053833, 126.721000671], [-224.645568848, 237.058914185, 264.369628906, 204.777511597, 272.120483398, 178.844238281, 238.687866211, 115.138900757, 114.667686462, 71.0294418335, 86.2129440308, 60.1949462891, 53.4679031372], [-192.524307251, -12.1917219162, 121.995689392, 67.2482681274, 126.140075684, 80.4316101074, 115.138900757, 161.683822632, 101.076812744, 70.1922912598, -7.64406824112, -9.0458316803, -34.8291282654], [-457.032165527, 141.743652344, 180.747741699, 194.977249146, 184.509292603, 57.8869285583, 114.667686462, 101.076812744, 172.524185181, 94.6137390137, 66.3434066772, 11.0826187134, 23.4652023315], [-143.998550415, 43.7421798706, 113.063858032, 49.9213447571, 109.652984619, 57.918548584, 71.0294418335, 70.1922912598, 94.6137390137, 128.91973877, 64.5972137451, 31.5151252747, 0.48371180892], [108.4974823, 364.304992676, 280.973175049, 206.490875244, 167.546890259, 130.89112854, 86.2129440308, -7.64406824112, 66.3434066772, 64.5972137451, 233.823699951, 155.603927612, 164.299057007], [395.367980957, 164.993057251, 168.591629028, 99.8359985352, 102.47808075, 133.77053833, 60.1949462891, -9.0458316803, 11.0826187134, 31.5151252747, 155.603927612, 206.53276062, 167.20135498], [285.049316406, 272.869445801, 194.962768555, 186.229553223, 94.6674575806, 126.721000671, 53.4679031372, -34.8291282654, 23.4652023315, 0.48371180892, 164.299057007, 167.20135498, 237.082794189]], "icov": [[0.000232474252698, -0.000659719109535, 0.000293604942271, -0.00041890644934, 0.000637680408545, -0.000799070228823, 0.000626689055935, -0.000418597483076, 0.000726069381926, -0.000695974100381, 0.001021604985, -0.00107690028381, 0.000518111337442], [-0.000659719109535, 0.00321537000127, -0.00133612251375, 0.00125806534197, -0.0031668341253, 0.00270356610417, -0.00167579879053, 0.00157678034157, -0.00144318921957, 0.0026157295797, -0.00444296980277, 0.00441251602024, -0.0022633660119], [0.000293604942271, -0.00133612251375, 0.002776194131, -0.00141766632441, 0.000387723761378, -0.0021018916741, 0.00136610423215, -0.00171979796141, 0.00145998888183, -0.00120238529053, 0.00027389760362, -0.00129423523322, 0.00100420042872], [-0.00041890644934, 0.00125806534197, -0.00141766632441, 0.00334697519429, -0.00199906923808, 0.00144791870844, -0.00105495902244, 0.00146580603905, -0.00364381680265, 0.00297300866805, -0.0021705403924, 0.00278941681609, -0.00203844206408], [0.000637680408545, -0.0031668341253, 0.000387723761378, -0.00199906923808, 0.00702766003087, -0.00237701484002, -0.00122026808094, -0.000686397776008, 0.000326783425407, -0.00286406348459, 0.00460420129821, -0.00547421723604, 0.00341175938956], [-0.000799070228823, 0.00270356610417, -0.0021018916741, 0.00144791870844, -0.00237701484002, 0.0091312341392, -0.00555724976584, -0.000316766323522, 0.000630717375316, 0.00137789384462, -0.00384266558103, 0.00296760583296, -0.0037796923425], [0.000626689055935, -0.00167579879053, 0.00136610423215, -0.00105495902244, -0.00122026808094, -0.00555724976584, 0.0145989675075, -0.00611124141142, -0.000353970070137, -0.000329383765347, 0.000954964547418, -0.0024401594419, 0.0012427730253], [-0.000418597483076, 0.00157678034157, -0.00171979796141, 0.00146580603905, -0.000686397776008, -0.000316766323522, -0.00611124141142, 0.0184179861099, -0.00942366197705, -0.00082606083015, 0.00381168117747, -0.000707807135768, 0.00227077817544], [0.000726069381926, -0.00144318921957, 0.00145998888183, -0.00364381680265, 0.000326783425407, 0.000630717375316, -0.000353970070137, -0.00942366197705, 0.0235006697476, -0.0115599865094, -0.00051614549011, 0.00319304107688, -0.00351905776188], [-0.000695974100381, 0.0026157295797, -0.00120238529053, 0.00297300866805, -0.00286406348459, 0.00137789384462, -0.000329383765347, -0.00082606083015, -0.0115599865094, 0.0215461030602, -0.0094753773883, 0.000463141914224, 0.00417976966128], [0.001021604985, -0.00444296980277, 0.00027389760362, -0.0021705403924, 0.00460420129821, -0.00384266558103, 0.000954964547418, 0.00381168117747, -0.00051614549011, -0.0094753773883, 0.0225063245744, -0.0121140945703, -0.00105803622864], [-0.00107690028381, 0.00441251602024, -0.00129423523322, 0.00278941681609, -0.00547421723604, 0.00296760583296, -0.0024401594419, -0.000707807135768, 0.00319304107688, 0.000463141914224, -0.0121140945703, 0.0233871303499, -0.0122800981626], [0.000518111337442, -0.0022633660119, 0.00100420042872, -0.00203844206408, 0.00341175938956, -0.0037796923425, 0.0012427730253, 0.00227077817544, -0.00351905776188, 0.00417976966128, -0.00105803622864, -0.0122800981626, 0.0174201354384]]}, "melbands": {"dmean": [0.00169451872353, 0.00178118073381, 0.00160616217181, 0.000656235846691, 0.000339660298778, 0.000138454328408, 0.000109889129817, 5.61874585401e-05, 5.81816093472e-05, 5.67311726627e-05, 2.92050062853e-05, 2.7636097002e-05, 4.67519857921e-05, 4.09476633649e-05, 3.82813559554e-05, 2.87999901047e-05, 1.44458608702e-05, 8.97441441339e-06, 9.13612348086e-06, 6.77444722896e-06, 1.26889808598e-05, 1.04559258034e-05, 8.86450652615e-06, 3.04853779198e-06, 3.04537388729e-06, 2.53265602623e-06, 2.08877281693e-06, 2.90100024358e-06, 4.66804522148e-06, 4.00270209866e-06, 2.93544553642e-06, 2.27549048759e-06, 1.22743836073e-06, 1.20687627714e-06, 1.19978608382e-06, 1.13200690066e-06, 9.97238657874e-07, 1.17385036447e-06, 1.24349435282e-06, 1.03892057268e-06], "dmean2": [0.00222122739069, 0.00258820038289, 0.00295439735055, 0.00111105921678, 0.000521835347172, 0.000225782452617, 0.000174135609996, 8.88990107342e-05, 9.74824943114e-05, 8.68807037477e-05, 4.77481153212e-05, 4.44214419986e-05, 7.78542307671e-05, 6.79120494169e-05, 6.89801236149e-05, 5.33337806701e-05, 2.5935802114e-05, 1.52067614181e-05, 1.55110010382e-05, 1.04090313471e-05, 2.29325341934e-05, 1.71721330844e-05, 1.62564319908e-05, 4.53567918157e-06, 4.70203167424e-06, 4.17356068283e-06, 3.3344269923e-06, 4.72154079034e-06, 7.56879217079e-06, 6.72971782478e-06, 4.60063120045e-06, 3.51020344169e-06, 1.82610472166e-06, 1.78635525572e-06, 1.85560963928e-06, 1.68882434082e-06, 1.52888401317e-06, 1.71089823198e-06, 1.85674014119e-06, 1.52649226948e-06], "dvar": [1.84138516488e-05, 1.90236478375e-05, 3.1256058719e-05, 4.02348541684e-06, 7.75004991738e-07, 1.34716202638e-07, 7.74979653784e-08, 1.46152565605e-08, 1.88892741448e-08, 8.06099276218e-09, 3.58281160295e-09, 4.94755658664e-09, 1.21336602987e-08, 1.0898562941e-08, 1.10695390632e-08, 7.15042514088e-09, 1.10321374258e-09, 4.644824525e-10, 3.74817260562e-10, 1.57654833632e-10, 1.15463805184e-09, 6.29932273011e-10, 4.6041759294e-10, 4.5408718452e-11, 4.71558105064e-11, 3.29613142336e-11, 1.69715717174e-11, 3.96700311489e-11, 1.1528014654e-10, 9.31351246125e-11, 3.69021445346e-11, 1.78707638965e-11, 4.5053127895e-12, 5.32892653615e-12, 5.29515710793e-12, 5.09464692655e-12, 3.67219189085e-12, 5.49137254766e-12, 7.75790976598e-12, 5.43175053547e-12], "dvar2": [2.91938886221e-05, 3.93477639591e-05, 8.92043099157e-05, 1.13529285954e-05, 1.82738028798e-06, 3.51343260263e-07, 1.88985012528e-07, 3.62511052288e-08, 5.27836547803e-08, 1.8462667839e-08, 8.81225847849e-09, 1.28715811343e-08, 3.27320250904e-08, 2.95241608939e-08, 3.1779990195e-08, 2.08304520299e-08, 3.1881293161e-09, 1.25629961989e-09, 9.11337172393e-10, 3.33923166895e-10, 3.39973471597e-09, 1.56242563332e-09, 1.29960631146e-09, 9.02531591129e-11, 1.01832688115e-10, 8.6813993494e-11, 4.0201838386e-11, 1.04141584245e-10, 2.94227725517e-10, 2.4969165624e-10, 8.88709453251e-11, 4.35530882192e-11, 9.33035072814e-12, 1.06852573664e-11, 1.15960730601e-11, 1.06842243386e-11, 8.07831232463e-12, 1.21520207091e-11, 1.75775210359e-11, 1.11780567441e-11], "max": [0.0556305125356, 0.0515233464539, 0.0572037212551, 0.0225676447153, 0.0212973244488, 0.00605161953717, 0.00508098769933, 0.00257451087236, 0.00164431869052, 0.00131425750442, 0.00158187060151, 0.00145440897904, 0.00200011651032, 0.00159187661484, 0.00156831846107, 0.000897127611097, 0.000365490675904, 0.000351658061845, 0.000224321120186, 0.000159586721566, 0.000449387618573, 0.00027887255419, 0.000294609490084, 9.20129823498e-05, 6.79366421537e-05, 5.29408498551e-05, 4.29468163929e-05, 7.04193153069e-05, 9.53639610088e-05, 0.000106360217615, 5.75886406295e-05, 5.06975156895e-05, 3.39430225722e-05, 2.92810582323e-05, 2.78977404378e-05, 2.46099261858e-05, 2.76680711977e-05, 3.08127855533e-05, 3.97314033762e-05, 3.6912264477e-05], "mean": [0.00228079291992, 0.00239114766009, 0.00118404952809, 0.00081663398305, 0.000567464274354, 0.000158567519975, 0.000145489859278, 7.5128795288e-05, 6.68649227009e-05, 8.36370309116e-05, 3.9086338802e-05, 3.78551594622e-05, 5.54724174435e-05, 4.79402006022e-05, 3.76087155018e-05, 2.62792145804e-05, 1.58740422194e-05, 1.17764511742e-05, 1.20997601698e-05, 1.04966156869e-05, 1.31131719172e-05, 1.35270729515e-05, 1.04935097625e-05, 4.63652349936e-06, 4.54255587101e-06, 3.46538649865e-06, 3.15245210913e-06, 4.4257681111e-06, 5.99247459832e-06, 5.08911807628e-06, 4.21148888563e-06, 3.56620080311e-06, 2.26986844609e-06, 2.1586567982e-06, 1.96708242584e-06, 1.87689158793e-06, 1.77699962478e-06, 2.06279491977e-06, 2.1309931526e-06, 1.91365506907e-06], "median": [7.24201381672e-05, 0.00024907317129, 0.000191868573893, 0.000126989543787, 4.60670926259e-05, 2.23377883231e-05, 2.35984280152e-05, 2.96320849884e-05, 2.85067144432e-05, 3.76141179004e-05, 8.86028283276e-06, 6.6833586061e-06, 6.58172439216e-06, 5.66899734622e-06, 1.32326558742e-05, 7.98174005467e-06, 4.24696736445e-06, 2.35262814385e-06, 3.34308310812e-06, 4.3213999561e-06, 2.19896128328e-06, 3.10472159981e-06, 3.65738628716e-06, 1.32994227897e-06, 1.28916292397e-06, 1.03951958863e-06, 1.00509373624e-06, 1.75255945578e-06, 1.66433994764e-06, 1.54575047873e-06, 1.16376645565e-06, 9.28017072965e-07, 7.58316730298e-07, 6.47429715173e-07, 6.262131933e-07, 6.0243326061e-07, 6.18019669218e-07, 6.91972502409e-07, 6.71744203373e-07, 6.57542216231e-07], "min": [4.37805590831e-23, 1.40317071572e-23, 7.49795093245e-24, 3.58748617259e-24, 4.42575738061e-24, 6.91695172031e-24, 4.13952196217e-24, 4.93818170312e-24, 4.85350655685e-24, 1.04178091326e-23, 1.66163657369e-23, 1.84315914778e-23, 1.13007117241e-23, 1.17607288612e-23, 6.07663460153e-24, 9.23356956396e-24, 7.62717344847e-24, 8.07122325202e-24, 6.67801521845e-24, 1.33558205999e-23, 9.77544916381e-24, 2.09499037e-23, 1.29284307498e-23, 1.12435098421e-23, 8.93927711466e-24, 7.21924716349e-24, 7.66646503244e-24, 1.08901585323e-23, 1.01097802484e-23, 1.50373075961e-23, 1.25382128144e-23, 1.08301782822e-23, 1.29505022891e-23, 9.32046022609e-24, 8.94133130845e-24, 7.67312617392e-24, 5.89993764737e-24, 9.46952101615e-24, 1.13981029137e-23, 1.12072782496e-23], "var": [3.36300763593e-05, 3.12039883283e-05, 1.83475440281e-05, 3.71018541045e-06, 2.07717243939e-06, 2.00758179858e-07, 1.32066404035e-07, 1.98047054312e-08, 1.44697684945e-08, 1.40042377694e-08, 5.65007463038e-09, 7.17731829525e-09, 1.47178047527e-08, 1.07320099474e-08, 7.29126137244e-09, 4.41858416522e-09, 9.97310456441e-10, 5.05331776424e-10, 5.2169230047e-10, 2.95171942444e-10, 1.05494590841e-09, 8.4160906022e-10, 4.14524775616e-10, 8.40617783715e-11, 8.5804120753e-11, 4.87605858468e-11, 2.92984699002e-11, 5.01593731828e-11, 1.24514384914e-10, 8.89638918089e-11, 5.30688479272e-11, 3.671754914e-11, 1.19779073812e-11, 1.31245413842e-11, 1.06189146018e-11, 1.11894885718e-11, 9.63881491983e-12, 1.34395064522e-11, 1.81306358815e-11, 1.49194875204e-11]}, "mfcc": {"mean": [-690.143371582, 78.213180542, 10.396733284, 10.2017459869, 0.486992508173, 0.416619479656, -2.29252076149, -6.09931707382, 2.53439188004, -4.89403820038, -2.98727941513, 2.31308817863, -7.61974859238], "cov": [[9373.35839844, 1091.63574219, 586.017028809, 119.92035675, 352.270782471, 563.586853027, 414.954223633, 358.170684814, -34.8467559814, -309.202178955, -284.824157715, -51.5177688599, 117.935150146], [1091.63574219, 1604.88378906, 494.652008057, 584.799438477, 606.199829102, 401.756164551, 377.072418213, 221.17427063, 97.7195739746, 101.783203125, 91.967666626, 141.115737915, 182.872207642], [586.017028809, 494.652008057, 860.220153809, 445.322235107, 421.125427246, 342.006195068, 285.224151611, 215.300765991, 104.967155457, 64.1035385132, 67.9406661987, 100.078575134, 149.441818237], [119.92035675, 584.799438477, 445.322235107, 880.269775391, 505.418060303, 309.519500732, 195.448562622, 187.395126343, 146.708938599, 129.009933472, 139.694442749, 123.032814026, 133.331970215], [352.270782471, 606.199829102, 421.125427246, 505.418060303, 513.833984375, 338.427520752, 255.769561768, 202.433395386, 129.284454346, 100.245895386, 99.9067764282, 109.603668213, 151.835388184], [563.586853027, 401.756164551, 342.006195068, 309.519500732, 338.427520752, 367.685119629, 264.853851318, 202.177780151, 111.358032227, 53.0413475037, 54.1688537598, 80.2433700562, 142.300582886], [414.954223633, 377.072418213, 285.224151611, 195.448562622, 255.769561768, 264.853851318, 286.038421631, 195.34022522, 93.4966812134, 47.4881324768, 42.2993278503, 69.2431793213, 117.691711426], [358.170684814, 221.17427063, 215.300765991, 187.395126343, 202.433395386, 202.177780151, 195.34022522, 218.308853149, 109.806625366, 48.9646835327, 36.5560073853, 42.5968132019, 90.3497467041], [-34.8467559814, 97.7195739746, 104.967155457, 146.708938599, 129.284454346, 111.358032227, 93.4966812134, 109.806625366, 152.510482788, 103.048873901, 75.8319396973, 53.0892219543, 60.4404640198], [-309.202178955, 101.783203125, 64.1035385132, 129.009933472, 100.245895386, 53.0413475037, 47.4881324768, 48.9646835327, 103.048873901, 152.54788208, 116.048851013, 61.1692695618, 40.0813369751], [-284.824157715, 91.967666626, 67.9406661987, 139.694442749, 99.9067764282, 54.1688537598, 42.2993278503, 36.5560073853, 75.8319396973, 116.048851013, 151.840774536, 95.0378036499, 53.7980003357], [-51.5177688599, 141.115737915, 100.078575134, 123.032814026, 109.603668213, 80.2433700562, 69.2431793213, 42.5968132019, 53.0892219543, 61.1692695618, 95.0378036499, 121.017189026, 84.4228591919], [117.935150146, 182.872207642, 149.441818237, 133.331970215, 151.835388184, 142.300582886, 117.691711426, 90.3497467041, 60.4404640198, 40.0813369751, 53.7980003357, 84.4228591919, 148.50088501]], "icov": [[0.000150775551447, -0.000128623069031, -4.85023556394e-05, 6.36882759864e-05, 0.000130307846121, -0.000315872777719, 0.000217817549128, -0.000246005423833, -5.04496601934e-05, 0.000327022222336, 0.000139434370794, -8.38135892991e-05, 0.000106177096313], [-0.000128623069031, 0.00143367704004, 0.000166603393154, -0.000239874891122, -0.00152202195022, 0.00071269023465, -0.00166403513867, 0.000786526885349, 0.000874547520652, -0.000962209654972, 0.000628083653282, -0.000451153086033, 3.05906432914e-05], [-4.85023556394e-05, 0.000166603393154, 0.00219922768883, -0.000404713122407, -0.000913987052627, -0.000280471314909, -0.0010177148506, -9.22000108403e-05, 0.000545582908671, -0.000217436769162, 0.00033868700848, -0.000371297588572, -2.54781407421e-05], [6.36882759864e-05, -0.000239874891122, -0.000404713122407, 0.00303515442647, -0.00264757848345, -0.000540571811143, 0.00201601046138, -0.000838829146232, -0.00042417779332, 0.000374472845579, -0.000886658090167, -0.000285195797915, 0.000619518279564], [0.000130307846121, -0.00152202195022, -0.000913987052627, -0.00264757848345, 0.0106273982674, -0.00448660273105, 0.000354766234523, -0.000865028880071, -7.30352840037e-05, -0.000873747339938, -0.000284234818537, 7.23999473848e-05, -0.000926527834963], [-0.000315872777719, 0.00071269023465, -0.000280471314909, -0.000540571811143, -0.00448660273105, 0.0137168541551, -0.00733568193391, 0.000166182260728, -0.00188041408546, 0.0018325712299, -0.00061099708546, 0.00139877689071, -0.0030064675957], [0.000217817549128, -0.00166403513867, -0.0010177148506, 0.00201601046138, 0.000354766234523, -0.00733568193391, 0.0179550014436, -0.00918014440686, 0.00155759532936, -0.00103750289418, 0.0014972423669, -0.00292395288125, -0.000121714925626], [-0.000246005423833, 0.000786526885349, -9.22000108403e-05, -0.000838829146232, -0.000865028880071, 0.000166182260728, -0.00918014440686, 0.0173911880702, -0.00772776221856, 0.00248429505154, -0.00118105253205, 0.00413961289451, -0.00195832038298], [-5.04496601934e-05, 0.000874547520652, 0.000545582908671, -0.00042417779332, -7.30352840037e-05, -0.00188041408546, 0.00155759532936, -0.00772776221856, 0.0200822856277, -0.0125316688791, 0.00282581476495, -0.00239449949004, -0.000314932549372], [0.000327022222336, -0.000962209654972, -0.000217436769162, 0.000374472845579, -0.000873747339938, 0.0018325712299, -0.00103750289418, 0.00248429505154, -0.0125316688791, 0.0258052162826, -0.0165010727942, 0.00566460099071, 0.000148915176396], [0.000139434370794, 0.000628083653282, 0.00033868700848, -0.000886658090167, -0.000284234818537, -0.00061099708546, 0.0014972423669, -0.00118105253205, 0.00282581476495, -0.0165010727942, 0.0280429124832, -0.0164976976812, 0.00250248494558], [-8.38135892991e-05, -0.000451153086033, -0.000371297588572, -0.000285195797915, 7.23999473848e-05, 0.00139877689071, -0.00292395288125, 0.00413961289451, -0.00239449949004, 0.00566460099071, -0.0164976976812, 0.0268275048584, -0.0101929241791], [0.000106177096313, 3.05906432914e-05, -2.54781407421e-05, 0.000619518279564, -0.000926527834963, -0.0030064675957, -0.000121714925626, -0.00195832038298, -0.000314932549372, 0.000148915176396, 0.00250248494558, -0.0101929241791, 0.0161736626178]]}, "spectral_contrast_coeffs": {"dmean": [0.0522826053202, 0.0505276732147, 0.0438119657338, 0.0311072394252, 0.0194363687187, 0.0157383456826], "dmean2": [0.0812823697925, 0.0780247524381, 0.0696045532823, 0.050882332027, 0.0322154760361, 0.0242280848324], "dvar": [0.00270410277881, 0.00250237435102, 0.00155203521717, 0.000834420323372, 0.000307926646201, 0.000235354877077], "dvar2": [0.00657838210464, 0.00532727362588, 0.00347403623164, 0.00188250327483, 0.000708441366442, 0.000512449943926], "max": [-0.243809267879, -0.296719431877, -0.412565767765, -0.51532638073, -0.652899503708, -0.69285094738], "mean": [-0.57203412056, -0.690801382065, -0.728688776493, -0.773008465767, -0.805228233337, -0.788428843021], "median": [-0.569695651531, -0.699548959732, -0.737837672234, -0.787760615349, -0.810657978058, -0.785066008568], "min": [-0.949824392796, -0.97345083952, -0.963834643364, -0.964184701443, -0.957341492176, -0.962552070618], "var": [0.0152579769492, 0.0131693435833, 0.00941786821932, 0.00536982575431, 0.00190517713781, 0.0010799576994]}, "spectral_contrast_valleys": {"dmean": [0.572835981846, 0.544624388218, 0.473184108734, 0.374328881502, 0.310435831547, 0.308465272188], "dmean2": [0.820539653301, 0.854629218578, 0.72493237257, 0.573096811771, 0.441156715155, 0.389353752136], "dvar": [0.378958523273, 0.447152227163, 0.382650762796, 0.279574930668, 0.204067260027, 0.224182844162], "dvar2": [0.639618217945, 0.929285824299, 0.714595675468, 0.555300712585, 0.380862534046, 0.377507597208], "max": [-5.16146945953, -4.43202638626, -5.13712835312, -5.3056640625, -5.59762382507, -7.76627635956], "mean": [-8.94295120239, -8.06871032715, -8.47606086731, -8.516176