{"lowlevel": {"average_loudness": 0.966055452824, "barkbands_crest": {"dmean": 3.71249890327, "dmean2": 5.7715177536, "dvar": 13.2816696167, "dvar2": 26.4946556091, "max": 26.6401004791, "mean": 15.6898193359, "median": 14.9634943008, "min": 2.16586995125, "var": 45.0209312439}, "barkbands_flatness_db": {"dmean": 0.060295343399, "dmean2": 0.079142048955, "dvar": 0.00399605836719, "dvar2": 0.0066122058779, "max": 0.853599667549, "mean": 0.257556289434, "median": 0.231950640678, "min": 0.0175867117941, "var": 0.0168423503637}, "barkbands_kurtosis": {"dmean": 58.5514602661, "dmean2": 84.5786361694, "dvar": 38285.1367188, "dvar2": 85779.015625, "max": 3462.72680664, "mean": 68.6968688965, "median": 16.6011924744, "min": -1.90600836277, "var": 45604.4375}, "barkbands_skewness": {"dmean": 2.16275954247, "dmean2": 3.03429150581, "dvar": 9.03265762329, "dvar2": 18.3279323578, "max": 40.3116073608, "mean": 4.53575801849, "median": 3.44650006294, "min": -4.68804073334, "var": 22.473941803}, "barkbands_spread": {"dmean": 7.09259366989, "dmean2": 11.2148571014, "dvar": 137.50869751, "dvar2": 340.216705322, "max": 116.74230957, "mean": 12.1529016495, "median": 5.88402557373, "min": 0.04205128178, "var": 248.313858032}, "dissonance": {"dmean": 0.0290153250098, "dmean2": 0.0478521957994, "dvar": 0.00089449697407, "dvar2": 0.00226935907267, "max": 0.500000119209, "mean": 0.448588430882, "median": 0.458554983139, "min": 0.144377067685, "var": 0.00190365232993}, "dynamic_complexity": 2.72851872444, "erbbands_crest": {"dmean": 3.19229531288, "dmean2": 4.92761707306, "dvar": 8.56637096405, "dvar2": 17.3425769806, "max": 30.1302680969, "mean": 9.63628387451, "median": 8.71390533447, "min": 2.29841804504, "var": 23.8260002136}, "erbbands_flatness_db": {"dmean": 0.0339469909668, "dmean2": 0.0479092635214, "dvar": 0.00149461138062, "dvar2": 0.00261535216123, "max": 0.568118333817, "mean": 0.168964713812, "median": 0.144244492054, "min": 0.0472962222993, "var": 0.00665140524507}, "erbbands_kurtosis": {"dmean": 4.49602079391, "dmean2": 6.72707080841, "dvar": 146.363922119, "dvar2": 253.604644775, "max": 324.19128418, "mean": 4.95783376694, "median": 0.746130347252, "min": -1.93484008312, "var": 310.819885254}, "erbbands_skewness": {"dmean": 0.770451426506, "dmean2": 1.11503171921, "dvar": 0.896520733833, "dvar2": 1.59895968437, "max": 12.3862133026, "mean": 1.16520965099, "median": 0.99135529995, "min": -3.57410502434, "var": 2.61585450172}, "erbbands_spread": {"dmean": 18.0329303741, "dmean2": 28.0455570221, "dvar": 447.794799805, "dvar2": 1009.9185791, "max": 202.173446655, "mean": 50.1770515442, "median": 44.9266738892, "min": 0.518558084965, "var": 1292.09936523}, "hfc": {"dmean": 12.7570161819, "dmean2": 19.6327552795, "dvar": 335.233795166, "dvar2": 841.75390625, "max": 120.578941345, "mean": 18.2768745422, "median": 11.9010953903, "min": 2.91948496628e-12, "var": 359.194946289}, "melbands_crest": {"dmean": 4.20760154724, "dmean2": 6.57164335251, "dvar": 16.2755146027, "dvar2": 36.5936851501, "max": 39.0107002258, "mean": 19.6357593536, "median": 19.1371879578, "min": 2.28566789627, "var": 59.1840171814}, "melbands_flatness_db": {"dmean": 0.0692195147276, "dmean2": 0.0901388376951, "dvar": 0.00547860516235, "dvar2": 0.00886746682227, "max": 1, "mean": 0.355011045933, "median": 0.333884268999, "min": 0.0189455281943, "var": 0.024717239663}, "melbands_kurtosis": {"dmean": 63.7376747131, "dmean2": 98.0489501953, "dvar": 18686.8828125, "dvar2": 45458.9570312, "max": 2814.00146484, "mean": 95.6580276489, "median": 39.8378829956, "min": -1.87179195881, "var": 34303.0703125}, "melbands_skewness": {"dmean": 2.21693062782, "dmean2": 3.38837361336, "dvar": 8.30392169952, "dvar2": 19.783033371, "max": 35.385181427, "mean": 5.61602687836, "median": 4.57941150665, "min": -2.76205992699, "var": 21.6933135986}, "melbands_spread": {"dmean": 7.19611787796, "dmean2": 11.5765724182, "dvar": 416.535095215, "dvar2": 915.805541992, "max": 268.615966797, "mean": 13.070192337, "median": 4.32474374771, "min": 0.0370036624372, "var": 993.59942627}, "pitch_salience": {"dmean": 0.121947906911, "dmean2": 0.190579265356, "dvar": 0.0163840260357, "dvar2": 0.0349408984184, "max": 0.978617489338, "mean": 0.428562521935, "median": 0.447446256876, "min": 0.016101134941, "var": 0.0462843813002}, "silence_rate_20dB": {"dmean": 0, "dmean2": 0, "dvar": 0, "dvar2": 0, "max": 1, "mean": 1, "median": 1, "min": 1, "var": 0}, "silence_rate_30dB": {"dmean": 0.134243950248, "dmean2": 0.268516540527, "dvar": 0.1162199229, "dvar2": 0.229080140591, "max": 1, "mean": 0.705719172955, "median": 1, "min": 0, "var": 0.207665503025}, "silence_rate_60dB": {"dmean": 0.0388432405889, "dmean2": 0.077588044107, "dvar": 0.0373337641358, "dvar2": 0.0816028639674, "max": 1, "mean": 0.0649807974696, "median": 0, "min": 0, "var": 0.0607499592006}, "spectral_centroid": {"dmean": 293.313568115, "dmean2": 433.732269287, "dvar": 216625.875, "dvar2": 391663.375, "max": 5287.43798828, "mean": 868.395996094, "median": 496.872039795, "min": 55.5363693237, "var": 929608.25}, "spectral_complexity": {"dmean": 4.73183202744, "dmean2": 6.62721443176, "dvar": 41.4645233154, "dvar2": 71.1817321777, "max": 50, "mean": 10.7353820801, "median": 8, "min": 0, "var": 86.8492202759}, "spectral_decrease": {"dmean": 8.4475377804e-09, "dmean2": 1.26509762666e-08, "dvar": 8.50813824398e-17, "dvar2": 1.88223558723e-16, "max": 1.17369770482e-23, "mean": -1.92620177586e-08, "median": -1.51783936531e-08, "min": -8.01860977617e-08, "var": 2.61033955004e-16}, "spectral_energy": {"dmean": 0.0324722155929, "dmean2": 0.0488182045519, "dvar": 0.00124496361241, "dvar2": 0.00275811366737, "max": 0.304708778858, "mean": 0.0743569731712, "median": 0.0589942038059, "min": 2.205078754e-16, "var": 0.00378133542836}, "spectral_energyband_high": {"dmean": 0.000895681325346, "dmean2": 0.00139854848385, "dvar": 2.82068663182e-06, "dvar2": 7.11196071279e-06, "max": 0.0103811342269, "mean": 0.000920442165807, "median": 0.000283562287223, "min": 1.70176793863e-16, "var": 2.67581413027e-06}, "spectral_energyband_low": {"dmean": 0.0285154338926, "dmean2": 0.0418182276189, "dvar": 0.0011807596311, "dvar2": 0.00250099599361, "max": 0.294861465693, "mean": 0.0587696023285, "median": 0.0364359542727, "min": 1.33596637924e-18, "var": 0.00362592586316}, "spectral_energyband_middle_high": {"dmean": 0.00100158608984, "dmean2": 0.00145928130951, "dvar": 2.61325340034e-06, "dvar2": 5.4822517086e-06, "max": 0.0198064744473, "mean": 0.00143113604281, "median": 0.000459615373984, "min": 1.82335654036e-17, "var": 5.1780089052e-06}, "spectral_energyband_middle_low": {"dmean": 0.0127793475986, "dmean2": 0.0214795749635, "dvar": 0.000455239962321, "dvar2": 0.0011973757064, "max": 0.187216192484, "mean": 0.0156915355474, "median": 0.0082725668326, "min": 2.64188066644e-18, "var": 0.00042617940926}, "spectral_entropy": {"dmean": 0.411848574877, "dmean2": 0.574640750885, "dvar": 0.239874690771, "dvar2": 0.395674914122, "max": 8.94215965271, "mean": 7.12718153, "median": 7.32962036133, "min": 3.21419692039, "var": 0.974146842957}, "spectral_flux": {"dmean": 0.0572185143828, "dmean2": 0.0883443951607, "dvar": 0.00324883731082, "dvar2": 0.00646084453911, "max": 0.426435470581, "mean": 0.133711203933, "median": 0.11322453618, "min": 0.000182599309483, "var": 0.00735944230109}, "spectral_kurtosis": {"dmean": 7.6275844574, "dmean2": 11.3488931656, "dvar": 323.7003479, "dvar2": 622.651855469, "max": 291.388977051, "mean": 12.3036165237, "median": 3.12873697281, "min": -0.519284725189, "var": 753.02557373}, "spectral_rms": {"dmean": 0.0019222201081, "dmean2": 0.00282475398853, "dvar": 3.56884311259e-06, "dvar2": 7.30860074327e-06, "max": 0.0172417182475, "mean": 0.00762381078675, "median": 0.00758652202785, "min": 4.63820676311e-10, "var": 1.44208979691e-05}, "spectral_rolloff": {"dmean": 459.584838867, "dmean2": 793.680053711, "dvar": 1965050.375, "dvar2": 4055902, "max": 19681.3476562, "mean": 1013.92242432, "median": 258.3984375, "min": 43.06640625, "var": 5758793.5}, "spectral_skewness": {"dmean": 0.650053977966, "dmean2": 0.942394673824, "dvar": 1.01627099514, "dvar2": 1.86572062969, "max": 14.0564641953, "mean": 2.19971203804, "median": 1.54773759842, "min": 0.308465123177, "var": 3.26770210266}, "spectral_spread": {"dmean": 1157734, "dmean2": 1672349.875, "dvar": 2016009781250.0, "dvar2": 3428160372740.0, "max": 13679129, "mean": 5951560.5, "median": 5670897, "min": 341406.40625, "var": 9469493772290.0}, "spectral_strongpeak": {"dmean": 0.355615079403, "dmean2": 0.569990158081, "dvar": 0.244256719947, "dvar2": 0.608820438385, "max": 5.12137365341, "mean": 0.672771275043, "median": 0.561913251877, "min": 0, "var": 0.307003676891}, "zerocrossingrate": {"dmean": 0.015584201552, "dmean2": 0.0176757294685, "dvar": 0.000668574415613, "dvar2": 0.000651609327178, "max": 0.50390625, "mean": 0.0474360138178, "median": 0.02294921875, "min": 0.001953125, "var": 0.00504242349416}, "barkbands": {"dmean": [0.000743077951483, 0.0257272869349, 0.0076215355657, 0.00429771188647, 0.00460592331365, 0.00343375792727, 0.00168690877035, 0.000463059928734, 0.000494411564432, 0.000272877456155, 0.000216030544834, 0.000156094916747, 0.000122313736938, 7.08658990334e-05, 0.00012711121235, 5.72821227252e-05, 6.74612238072e-05, 7.5162613939e-05, 8.60736690811e-05, 9.0908324637e-05, 0.000105018647446, 0.000133023611852, 0.000149825704284, 0.000191222832655, 0.000191956671188, 9.86791928881e-05, 1.26105178424e-05], "dmean2": [0.00104838516563, 0.0368935838342, 0.012902312912, 0.00782301742584, 0.00818667002022, 0.00538433715701, 0.00267733260989, 0.000803712930065, 0.000904137617908, 0.000457561283838, 0.000332953641191, 0.000245328003075, 0.000199429807253, 0.000110039421997, 0.000202306357096, 8.52955636219e-05, 0.000102167789009, 0.000114567184937, 0.000127916835481, 0.000130998509121, 0.000159348594025, 0.000197722562007, 0.000242686961428, 0.000302247703075, 0.000318138394505, 0.000166943951626, 1.96747369046e-05], "dvar": [1.55870486651e-06, 0.00115259061567, 0.000244588707574, 8.24451781227e-05, 7.37474838388e-05, 7.13202462066e-05, 1.18542211567e-05, 8.86039003944e-07, 1.28248848341e-06, 3.95856886826e-07, 3.44831562415e-07, 7.41262553561e-08, 4.80379824808e-08, 2.01607637251e-08, 8.74634764614e-08, 1.47432812625e-08, 2.29964634002e-08, 2.15967883577e-08, 2.52039988879e-08, 2.01968894942e-08, 2.87454344772e-08, 5.05175243859e-08, 1.02329188678e-07, 1.72615614247e-07, 2.04796890557e-07, 7.50204307565e-08, 6.71323552304e-10], "dvar2": [4.21690401708e-06, 0.00229789293371, 0.000643717998173, 0.000235786224948, 0.000208184472285, 0.000170965475263, 2.72664747172e-05, 2.39556948145e-06, 3.5927960198e-06, 1.08009680844e-06, 8.03431760232e-07, 1.735795081e-07, 1.14108075877e-07, 4.87706870445e-08, 1.98562673859e-07, 2.81153322845e-08, 5.3942144973e-08, 4.94082321723e-08, 5.64919879764e-08, 4.5637140289e-08, 6.38079100668e-08, 1.12322908308e-07, 2.6127838737e-07, 4.3243807113e-07, 5.36998129519e-07, 2.04613627375e-07, 1.40562905759e-09], "max": [0.0178708918393, 0.289579302073, 0.133178442717, 0.0680146366358, 0.0924825966358, 0.149597406387, 0.0431211814284, 0.0118073271587, 0.00897196959704, 0.0166135653853, 0.0178554952145, 0.00426195235923, 0.00276041985489, 0.00286811962724, 0.00804574880749, 0.00260667107068, 0.00195686612278, 0.00223166705109, 0.00139238883276, 0.00216431519948, 0.00177156412974, 0.00218142359518, 0.00205779052339, 0.00266522797756, 0.00310938851908, 0.00272754440084, 0.000191137223737], "mean": [0.00107772427145, 0.0469481348991, 0.00836828537285, 0.00383546715602, 0.00529134366661, 0.00376550061628, 0.0018128141528, 0.000456522975583, 0.000385879829992, 0.000317141646519, 0.000271236989647, 0.000190139791812, 0.000147810467752, 8.50693322718e-05, 0.000132151297294, 6.81888195686e-05, 7.36284055165e-05, 7.66239973018e-05, 8.49754360388e-05, 0.000100325116364, 0.000111254143121, 0.000151464453666, 0.000153662462253, 0.000190167498658, 0.00016800352023, 7.97521424829e-05, 1.37074239319e-05], "median": [0.000332446070388, 0.0208484232426, 0.00213955249637, 0.00130137777887, 0.00268651312217, 0.0010453290306, 0.000440175033873, 0.000117128147394, 9.04925182112e-05, 7.80964764999e-05, 6.02379295742e-05, 5.52328056074e-05, 2.63837609964e-05, 1.18075386126e-05, 1.03660167952e-05, 7.53104222895e-06, 1.09734992293e-05, 1.04110367829e-05, 1.18027073768e-05, 2.88110204565e-05, 2.72381294053e-05, 4.35103975178e-05, 5.16143918503e-05, 4.5242246415e-05, 3.51296621375e-05, 1.05317585621e-05, 2.71883754976e-06], "min": [4.2968155413e-19, 6.06555775055e-19, 3.60222319215e-19, 3.03191473003e-19, 4.93577637535e-19, 1.62368872176e-19, 5.65451102465e-20, 2.42343188264e-19, 9.74840520302e-19, 1.54571332639e-18, 1.40183766655e-18, 7.57083362891e-19, 1.36079870312e-19, 1.15738397865e-18, 1.72409720364e-18, 3.53035386312e-19, 3.30652380414e-18, 2.79691788788e-18, 4.23953018195e-18, 2.08750339273e-18, 6.0843369218e-18, 8.09068914015e-18, 7.18879922903e-18, 1.34626399204e-17, 2.27631171024e-17, 5.13924237467e-17, 6.78461545524e-17], "var": [2.81585380435e-06, 0.00326331239194, 0.000236282809055, 5.56449376745e-05, 6.36732511339e-05, 7.27294536773e-05, 1.36338203447e-05, 7.73501142248e-07, 8.21818559871e-07, 5.05358855207e-07, 5.11282792104e-07, 1.02193631335e-07, 7.71760042539e-08, 3.32433991446e-08, 1.05281024787e-07, 2.30305801097e-08, 2.73639049198e-08, 2.60850629985e-08, 3.11637293748e-08, 2.78341030224e-08, 3.6669479897e-08, 6.21732780814e-08, 8.81058568325e-08, 1.60351888212e-07, 1.63705081491e-07, 5.17742400064e-08, 8.10456812772e-10]}, "erbbands": {"dmean": [0.827440142632, 5.7936296463, 8.83329391479, 11.888628006, 14.3072881699, 16.3737468719, 15.3751764297, 30.1998844147, 36.8931617737, 13.4509382248, 8.67400932312, 11.8348464966, 9.64417457581, 8.59901332855, 7.44185590744, 6.2501540184, 5.28294467926, 4.2350063324, 4.96480369568, 5.84310293198, 2.97003388405, 3.74249053001, 3.72150564194, 5.2360959053, 3.98336958885, 4.32978057861, 4.03573799133, 4.15234088898, 5.44450235367, 3.62329626083, 4.79791975021, 3.649269104, 3.4194149971, 2.20785212517, 1.28151834011, 0.509700834751, 0.186711683869, 0.0254017878324, 0.0023477373179, 0.000158881535754], "dmean2": [1.12305283546, 8.50976467133, 14.2733888626, 21.0045604706, 26.1541042328, 28.7729492188, 25.3851261139, 47.3114089966, 57.0797157288, 22.8440303802, 15.0095434189, 21.5973320007, 16.3580970764, 13.936501503, 12.0129175186, 9.64151573181, 8.50597381592, 6.57783508301, 8.1552028656, 8.66830158234, 4.45839977264, 5.58731508255, 5.56766605377, 7.98713827133, 5.75280094147, 6.34333896637, 5.99512481689, 6.39807748795, 8.10992050171, 5.49410963058, 7.84258508682, 5.83511209488, 5.45078706741, 3.60830640793, 2.12387108803, 0.857060849667, 0.323750972748, 0.0426923558116, 0.00374299474061, 0.000242057038122], "dvar": [1.26100194454, 63.0544624329, 258.836273193, 598.60144043, 910.955200195, 876.518615723, 579.974182129, 6252.43017578, 8372.33984375, 594.062744141, 274.162506104, 715.457824707, 544.214660645, 401.786437988, 294.073669434, 112.680686951, 93.1502227783, 66.7733840942, 118.357444763, 173.833282471, 35.5768280029, 70.3159790039, 48.5776290894, 102.607917786, 46.673034668, 46.925983429, 48.0699462891, 43.1915359497, 93.5211791992, 37.5377578735, 101.846115112, 61.3356246948, 59.8097839355, 25.6367721558, 9.37274360657, 1.39511239529, 0.388811290264, 0.00510763702914, 2.47225252679e-05, 7.86048488521e-08], "dvar2": [2.43936872482, 127.685630798, 652.807617188, 1657.71447754, 2650.15966797, 2462.41992188, 1455.10803223, 15221.0390625, 19207.3320312, 1573.03369141, 734.749450684, 2006.85375977, 1492.02404785, 1007.89532471, 741.909790039, 252.255233765, 218.706100464, 163.205886841, 301.035247803, 362.78817749, 65.7646713257, 165.239624023, 106.298110962, 231.014083862, 94.4884185791, 113.585083008, 101.347831726, 101.186988831, 205.171112061, 89.9642715454, 261.260345459, 159.569763184, 146.949066162, 66.5307617188, 24.4473514557, 3.65567708015, 1.09266042709, 0.0135649563745, 5.29781682417e-05, 1.86947460179e-07], "max": [10.9251317978, 67.2081832886, 162.367401123, 167.341842651, 271.05279541, 323.194122314, 282.333129883, 1461.80407715, 1433.27636719, 260.96887207, 184.562454224, 214.097930908, 566.617675781, 526.109008789, 308.907806396, 163.426101685, 140.728439331, 183.981567383, 147.781814575, 409.408752441, 79.2666778564, 106.681930542, 107.638221741, 79.2798614502, 93.6966323853, 93.7662811279, 108.408088684, 56.8289146423, 96.6745376587, 46.5360679626, 64.7324447632, 52.7137908936, 48.4030227661, 33.0698776245, 24.1409263611, 8.19165039062, 6.45964097977, 0.692562818527, 0.0362847931683, 0.002666214481], "mean": [1.5167337656, 9.77454853058, 11.2737474442, 12.5766162872, 13.8133935928, 18.3829956055, 19.4688491821, 32.362197876, 39.2667999268, 13.7920389175, 8.62595844269, 9.44817447662, 10.3603649139, 10.6060361862, 9.17003059387, 8.08394432068, 6.75128221512, 5.30386924744, 4.97433853149, 6.4577331543, 3.60890483856, 4.12911510468, 4.10746192932, 4.89939403534, 4.19035196304, 4.7082452774, 4.46098852158, 4.40259838104, 6.00046348572, 4.03092813492, 4.90490150452, 3.82382392883, 3.27675247192, 1.99187839031, 1.10676884651, 0.420134246349, 0.143872320652, 0.0214709285647, 0.00246570515446, 0.000232409220189], "median": [0.517723798752, 4.46616077423, 4.84635543823, 4.30983924866, 6.51931762695, 7.97241544724, 9.03296089172, 7.65686321259, 8.03841304779, 4.15005397797, 2.64299106598, 2.3680036068, 2.26584529877, 3.1507370472, 2.16433739662, 2.5574054718, 1.34945726395, 0.943307936192, 0.53906929493, 0.581768751144, 0.501369476318, 0.596608638763, 0.614620685577, 0.621514320374, 0.767568230629, 1.4790186882, 0.758158445358, 1.4213373661, 1.70618033409, 1.4882068634, 1.53522217274, 1.01878595352, 0.741166949272, 0.490542054176, 0.199918717146, 0.0663823187351, 0.0154642295092, 0.00304375356063, 0.000447386206361, 0.000143495592056], "min": [2.24690990624e-17, 1.21810815528e-16, 3.76295630897e-16, 7.93355675293e-16, 1.31241476545e-15, 1.69975541482e-15, 1.685835593e-15, 1.18058382809e-15, 7.36322511735e-16, 2.02296751738e-15, 7.92174604315e-15, 2.10994382502e-14, 4.03098032926e-14, 5.60063402447e-14, 5.26384525432e-14, 2.622704537e-14, 7.72424082974e-15, 4.11749424161e-14, 9.20967742715e-14, 5.89567186304e-14, 3.61415541592e-14, 1.94039595047e-13, 1.88789440895e-13, 1.13801790257e-13, 2.42434625977e-13, 8.04689702458e-14, 1.35338165371e-13, 3.80327442717e-13, 2.63877027867e-13, 1.66231178128e-13, 2.70139054355e-13, 4.24693429295e-13, 1.41910761571e-13, 3.05830610402e-13, 1.26700733238e-13, 1.73863310901e-13, 7.00357266213e-14, 3.19464811863e-14, 1.05042004215e-14, 1.11370570647e-15], "var": [3.95728802681, 150.314910889, 291.144927979, 482.002288818, 613.430603027, 835.034118652, 751.309997559, 6176.97705078, 8883.03125, 563.552978516, 262.432281494, 463.163238525, 610.155517578, 507.473846436, 396.339935303, 171.475006104, 154.260009766, 115.016487122, 120.196395874, 237.553878784, 58.672908783, 86.81980896, 66.7485275269, 118.079879761, 66.9324645996, 57.595451355, 66.3402709961, 51.0594673157, 111.744827271, 41.764465332, 88.2361450195, 56.6111831665, 54.2317657471, 21.2666015625, 7.53930187225, 1.08159303665, 0.241546198726, 0.00374582712539, 2.80730619124e-05, 9.07136481487e-08]}, "gfcc": {"mean": [-46.4736251831, 95.4115142822, -52.0903816223, 38.4368629456, -53.9164428711, 18.1832752228, -22.4664554596, 3.80686116219, -17.9231700897, 3.73131942749, -3.82177329063, 3.75717282295, -4.90582990646], "cov": [[10678.5527344, -2044.6505127, -426.132598877, 541.974182129, -873.466064453, 181.969070435, -915.329528809, 470.354858398, -329.272369385, 232.080062866, -587.992553711, 162.330307007, -326.324401855], [-2044.6505127, 5670.10742188, 347.247436523, -572.350952148, 1070.86437988, -391.744293213, 509.097381592, -530.288085938, 131.218643188, -398.694152832, 293.74810791, -237.675354004, 63.5019950867], [-426.132598877, 347.247436523, 2033.20288086, 641.585327148, -5.76903295517, 152.613418579, 91.1507720947, 4.08787298203, 61.1046447754, 85.3129577637, 45.3592605591, -1.70550012589, -9.11672496796], [541.974182129, -572.350952148, 641.585327148, 1051.796875, 231.026351929, 253.742935181, 61.3054237366, 174.338195801, 111.732719421, 31.4477310181, -44.7353401184, 23.5882835388, 26.255109787], [-873.466064453, 1070.86437988, -5.76903295517, 231.026351929, 916.002563477, 235.148117065, 382.919494629, 30.6569728851, 150.284454346, -103.398078918, 90.2890319824, -44.1725769043, 67.0249786377], [181.969070435, -391.744293213, 152.613418579, 253.742935181, 235.148117065, 496.882720947, 221.584869385, 140.783798218, 43.7660369873, 25.1135253906, -5.79249095917, 3.03433847427, 25.7007961273], [-915.329528809, 509.097381592, 91.1507720947, 61.3054237366, 382.919494629, 221.584869385, 382.846008301, 39.0859642029, 76.9011459351, -24.1947135925, 89.5220031738, -27.8804969788, 53.5646362305], [470.354858398, -530.288085938, 4.08787298203, 174.338195801, 30.6569728851, 140.783798218, 39.0859642029, 235.922958374, 97.7213287354, 63.6507759094, -11.1996984482, 31.2190628052, -0.0965255349874], [-329.272369385, 131.218643188, 61.1046447754, 111.732719421, 150.284454346, 43.7660369873, 76.9011459351, 97.7213287354, 187.374710083, 28.3709754944, 66.7530975342, 5.09532546997, 41.1682434082], [232.080062866, -398.694152832, 85.3129577637, 31.4477310181, -103.398078918, 25.1135253906, -24.1947135925, 63.6507759094, 28.3709754944, 153.061218262, 29.5117645264, 54.5250320435, -3.74120759964], [-587.992553711, 293.74810791, 45.3592605591, -44.7353401184, 90.2890319824, -5.79249095917, 89.5220031738, -11.1996984482, 66.7530975342, 29.5117645264, 151.516647339, 33.4505233765, 42.825969696], [162.330307007, -237.675354004, -1.70550012589, 23.5882835388, -44.1725769043, 3.03433847427, -27.8804969788, 31.2190628052, 5.09532546997, 54.5250320435, 33.4505233765, 87.8547821045, 27.32929039], [-326.324401855, 63.5019950867, -9.11672496796, 26.255109787, 67.0249786377, 25.7007961273, 53.5646362305, -0.0965255349874, 41.1682434082, -3.74120759964, 42.825969696, 27.32929039, 81.5663452148]], "icov": [[0.000276894134004, -0.000262050045421, 0.000168550584931, -0.000236918640439, 0.000171191379195, -0.000467371341074, 0.000781761656981, -0.000851290300488, 0.000613732496276, -0.000487909564981, 0.000657219148707, -0.000617229903582, 0.000428687577369], [-0.000262050045421, 0.000823422567919, -0.000397968513425, 0.0005653113476, -0.000735643610824, 0.000982386409305, -0.00109812722076, 0.00160903681535, -0.00110082130414, 0.00120695424266, -0.00102507276461, 0.000954652030487, -6.85844788677e-05], [0.000168550584931, -0.000397968513425, 0.000923599756788, -0.000846695853397, 0.000646137690637, -0.000603710417636, 0.000275326048722, -0.000211137405131, 0.000320626044413, -0.000928921042942, 0.000258063955698, -0.000368399574654, 0.000621653220151], [-0.000236918640439, 0.0005653113476, -0.000846695853397, 0.00212579616345, -0.00107864825986, 0.000292574404739, -0.000191970568267, 0.000364384875866, -0.00114691560157, 0.000969684449956, 0.000135094611323, 0.000297119142488, -0.000793331710156], [0.000171191379195, -0.000735643610824, 0.000646137690637, -0.00107864825986, 0.00325779453851, -0.00111540267244, -0.00136700680014, -0.000283731642412, -0.000888776150532, 0.000539562548511, 0.000765191914979, -0.00149048387539, 0.000819825392682], [-0.000467371341074, 0.000982386409305, -0.000603710417636, 0.000292574404739, -0.00111540267244, 0.00514881126583, -0.00376988877542, 0.000255950668361, -0.000130738670123, 0.000807455158792, -0.000427306600614, 0.00144177884795, -0.00118179537822], [0.000781761656981, -0.00109812722076, 0.000275326048722, -0.000191970568267, -0.00136700680014, -0.00376988877542, 0.00978741981089, -0.00430307397619, 0.00360531499609, -0.002304403577, -0.00147102796473, 0.0020918729715, -0.00190014240798], [-0.000851290300488, 0.00160903681535, -0.000211137405131, 0.000364384875866, -0.000283731642412, 0.000255950668361, -0.00430307397619, 0.0135766100138, -0.00901021715254, 0.00129205011763, 0.000771408493165, -0.00204982305877, 0.00308373384178], [0.000613732496276, -0.00110082130414, 0.000320626044413, -0.00114691560157, -0.000888776150532, -0.000130738670123, 0.00360531499609, -0.00901021715254, 0.0145056080073, -0.00375568494201, -0.00339601840824, 0.00447442615405, -0.00509900785983], [-0.000487909564981, 0.00120695424266, -0.000928921042942, 0.000969684449956, 0.000539562548511, 0.000807455158792, -0.002304403577, 0.00129205011763, -0.00375568494201, 0.0131980488077, -0.00330444471911, -0.0048189801164, 0.00335997785442], [0.000657219148707, -0.00102507276461, 0.000258063955698, 0.000135094611323, 0.000765191914979, -0.000427306600614, -0.00147102796473, 0.000771408493165, -0.00339601840824, -0.00330444471911, 0.0154567304999, -0.00800178665668, 1.36137559821e-05], [-0.000617229903582, 0.000954652030487, -0.000368399574654, 0.000297119142488, -0.00149048387539, 0.00144177884795, 0.0020918729715, -0.00204982305877, 0.00447442615405, -0.0048189801164, -0.00800178665668, 0.024653878063, -0.0104935951531], [0.000428687577369, -6.85844788677e-05, 0.000621653220151, -0.000793331710156, 0.000819825392682, -0.00118179537822, -0.00190014240798, 0.00308373384178, -0.00509900785983, 0.00335997785442, 1.36137559821e-05, -0.0104935951531, 0.0215399172157]]}, "melbands": {"dmean": [0.00731505220756, 0.00523485988379, 0.00203562760726, 0.00110020325519, 0.000551082135644, 0.000702078454196, 0.000526662217453, 0.000131694963784, 6.96339193382e-05, 7.48814854887e-05, 4.7619050747e-05, 3.45607550116e-05, 2.57832743955e-05, 1.968239485e-05, 1.38057330332e-05, 1.13287287604e-05, 7.67903384258e-06, 7.17681723472e-06, 1.02915610114e-05, 5.52274286747e-06, 3.18544834954e-06, 4.03179274144e-06, 3.32690478899e-06, 3.87275986213e-06, 4.49016670245e-06, 2.63988408733e-06, 3.49467336491e-06, 2.66425331574e-06, 2.46016998062e-06, 2.53381790571e-06, 2.3233437787e-06, 3.19289688377e-06, 2.3792661068e-06, 1.85635497019e-06, 2.84642351289e-06, 2.55480290434e-06, 2.29025772569e-06, 2.44402349381e-06, 2.21628715735e-06, 1.76818355158e-06], "dmean2": [0.0101831182837, 0.007966728881, 0.00359649420716, 0.00198024371639, 0.000921941304114, 0.00109687214717, 0.000817048363388, 0.000227021999308, 0.000121983102872, 0.000136876871693, 8.04444644018e-05, 5.61958950129e-05, 4.01129655074e-05, 3.16871155519e-05, 2.14395131479e-05, 1.87790756172e-05, 1.21824377857e-05, 1.20747890833e-05, 1.59983537742e-05, 8.21167668619e-06, 4.88227806272e-06, 6.08249956713e-06, 5.5010568758e-06, 5.82428083362e-06, 6.99332031218e-06, 3.98395650336e-06, 5.32131025466e-06, 4.09808353652e-06, 3.82983034797e-06, 3.83078895538e-06, 3.69074768969e-06, 4.738336429e-06, 3.67906886822e-06, 2.88866795017e-06, 4.66356232209e-06, 4.19046364186e-06, 3.71466853721e-06, 3.91548428524e-06, 3.59170098818e-06, 2.91330684377e-06], "dvar": [9.22872859519e-05, 5.46662631677e-05, 1.7280006432e-05, 4.77183766634e-06, 7.31985551283e-07, 3.51412859345e-06, 1.61299703905e-06, 6.41670823143e-08, 1.86013551229e-08, 2.85850987325e-08, 1.33831097315e-08, 6.2018687963e-09, 3.85167941985e-09, 1.29208166388e-09, 6.16041440082e-10, 4.31382485289e-10, 2.5458565811e-10, 2.50268000768e-10, 6.22799978256e-10, 1.52839602086e-10, 4.16594293784e-11, 8.6758468465e-11, 4.0615771163e-11, 6.30630200837e-11, 7.95412416488e-11, 2.36352361294e-11, 3.88051084321e-11, 1.98128718293e-11, 2.06552726312e-11, 1.68520752908e-11, 1.47133208395e-11, 3.68016797592e-11, 1.45620720343e-11, 1.08134881258e-11, 3.31780367069e-11, 3.81445292019e-11, 2.28174337064e-11, 2.98339651594e-11, 2.57318038405e-11, 1.66258465328e-11], "dvar2": [0.000177665191586, 0.000124729122035, 4.772153261e-05, 1.36320149977e-05, 1.85954240806e-06, 8.46117563924e-06, 3.71114424524e-06, 1.73995687192e-07, 5.07344353196e-08, 8.03701425411e-08, 3.64525050145e-08, 1.55289008319e-08, 8.9444043283e-09, 3.31135519005e-09, 1.39146605349e-09, 1.04001807166e-09, 6.41301012294e-10, 6.59594157071e-10, 1.36669675577e-09, 3.06427466734e-10, 8.2936504886e-11, 2.01296271318e-10, 1.00732804043e-10, 1.4250177427e-10, 1.83154658107e-10, 5.34170589706e-11, 8.58994403385e-11, 4.84566206604e-11, 4.56959019235e-11, 3.63793162261e-11, 3.60486016038e-11, 7.95639665263e-11, 3.45546820324e-11, 2.59713448664e-11, 8.47090730893e-11, 1.0010630519e-10, 6.001389663e-11, 7.41665687198e-11, 6.39870725849e-11, 4.37631909878e-11], "max": [0.0870819911361, 0.067708209157, 0.0287392772734, 0.0243530459702, 0.00990972295403, 0.0339531004429, 0.0196924395859, 0.00274412403814, 0.00143109774217, 0.00136353995185, 0.002867952222, 0.00195372127928, 0.00153736106586, 0.00063571438659, 0.000395066861529, 0.000240557259531, 0.000388683809433, 0.000171090461663, 0.000749763799831, 0.000259039254161, 0.000101285520941, 0.000119915806863, 8.66850168677e-05, 0.000136943650432, 6.77382704453e-05, 5.23725866515e-05, 9.67602827586e-05, 5.16666514159e-05, 9.3348979135e-05, 3.39143298334e-05, 3.32506133418e-05, 6.33997624391e-05, 3.01032941934e-05, 2.56827988778e-05, 3.63960207324e-05, 4.42990567535e-05, 3.15470970236e-05, 3.44395120919e-05, 3.30788861902e-05, 2.79131763818e-05], "mean": [0.0134883839637, 0.00848946161568, 0.00219642138109, 0.00115476816427, 0.000720105366781, 0.000752091000322, 0.000562020053621, 0.000130967790028, 6.61256708554e-05, 5.88405528106e-05, 5.0751168601e-05, 4.16449001932e-05, 3.2414602174e-05, 2.3520700779e-05, 1.7576807295e-05, 1.36482867674e-05, 9.276603123e-06, 6.66550749884e-06, 1.11636136353e-05, 6.12869871475e-06, 3.7857339521e-06, 4.34916728409e-06, 3.54244093614e-06, 3.89660908695e-06, 4.07027482652e-06, 2.79768914879e-06, 3.40207611771e-06, 2.98146824207e-06, 2.75295178653e-06, 2.56231692219e-06, 2.44307511821e-06, 3.43048918694e-06, 2.79281198345e-06, 1.98558427655e-06, 2.89715148938e-06, 2.52233780884e-06, 2.33989453591e-06, 2.32081811191e-06, 2.02119667847e-06, 1.5790380985e-06], "median": [0.00544288475066, 0.00495661981404, 0.000891825067811, 0.000556535320356, 0.000337657460477, 0.000175763576408, 0.000119266675028, 3.5279255826e-05, 1.90764549188e-05, 1.42547651194e-05, 1.0555733752e-05, 1.21462344396e-05, 6.90831575412e-06, 7.43613964005e-06, 4.33995501226e-06, 2.43935664912e-06, 1.51665608428e-06, 7.17066598099e-07, 8.44018074986e-07, 5.95292362959e-07, 5.63324988434e-07, 5.66205699215e-07, 5.99217855779e-07, 4.73169450288e-07, 4.69266808523e-07, 4.25378061664e-07, 7.89833507042e-07, 9.53182961894e-07, 4.50747705827e-07, 5.08948971856e-07, 7.83800032877e-07, 8.75922637533e-07, 9.38904520353e-07, 7.55250766815e-07, 8.9753427801e-07, 7.59016302254e-07, 5.50951256173e-07, 5.04754439135e-07, 4.74363105241e-07, 3.95968214661e-07], "min": [2.05785579201e-19, 1.88044829808e-19, 1.53482651801e-19, 1.10458997739e-19, 6.36062793845e-20, 2.69148108492e-20, 1.11075759436e-20, 2.66736990097e-20, 7.38026892262e-20, 1.42523865778e-19, 2.04189379112e-19, 2.26051038919e-19, 1.88277577753e-19, 1.04502605857e-19, 2.79947096792e-20, 1.82313062699e-20, 8.35406859121e-20, 1.48938690202e-19, 1.22299467822e-19, 3.49755033572e-20, 4.30138829912e-20, 1.84964861571e-19, 2.40365347721e-19, 1.07318923198e-19, 7.80464811977e-20, 1.99458009406e-19, 1.15447478444e-19, 3.9886290477e-20, 9.54248737832e-20, 7.18786541967e-20, 2.94477590539e-19, 1.77360435104e-19, 1.01412000595e-19, 7.45077379137e-20, 1.47659261514e-19, 2.30210878521e-19, 2.47120285548e-19, 3.92815697504e-20, 2.29653617282e-19, 2.74573117609e-19], "var": [0.000284753507003, 9.92224377114e-05, 1.35916970976e-05, 3.54309963768e-06, 1.05376000192e-06, 3.50156528839e-06, 1.72699049017e-06, 5.64162299099e-08, 1.64607651953e-08, 1.82130026616e-08, 1.5170956047e-08, 7.62713892044e-09, 5.99353455755e-09, 1.60107938019e-09, 9.64892721278e-10, 6.42587427713e-10, 4.14904610668e-10, 2.30504546006e-10, 8.15004508326e-10, 2.12487347162e-10, 6.36099645179e-11, 1.03961048104e-10, 4.88377116525e-11, 7.45612946385e-11, 8.66072699668e-11, 3.04739497525e-11, 4.64521407451e-11, 2.29911922833e-11, 2.66934616772e-11, 2.19190082751e-11, 1.55587244477e-11, 4.29908469934e-11, 1.75721416584e-11, 1.11741527489e-11, 2.91812303488e-11, 3.11247243256e-11, 2.06799317254e-11, 2.65254970766e-11, 2.2417788112e-11, 1.35159435727e-11]}, "mfcc": {"mean": [-708.474182129, 128.400497437, 55.5526390076, 30.1864528656, 6.1982998848, 15.7010746002, 9.60027885437, 7.24599695206, -1.06063115597, 0.828524291515, 1.65608990192, 4.05233049393, 5.29593801498], "cov": [[10684.7753906, -1947.59338379, -661.445007324, -95.8463287354, -132.669631958, -410.448791504, -500.198791504, -170.924255371, 25.7093982697, 23.7771492004, -181.806625366, -213.090698242, -84.3543395996], [-1947.59338379, 4921.1484375, -139.675308228, 88.0836257935, 200.278930664, 157.232666016, 237.624404907, 56.2236404419, -175.354400635, -186.075286865, 103.086380005, 12.3797025681, -117.812545776], [-661.445007324, -139.675308228, 1866.77429199, 436.555297852, 102.333396912, 134.672668457, 13.6602392197, -45.4188766479, 18.3447093964, 26.3887767792, 28.7862091064, 82.6041946411, 80.8176116943], [-95.8463287354, 88.0836257935, 436.555297852, 780.877624512, 357.725982666, 180.306640625, 68.6678466797, 113.279785156, 126.935279846, 35.7339515686, 41.0967712402, 46.623046875, 60.2486076355], [-132.669631958, 200.278930664, 102.333396912, 357.725982666, 461.620574951, 237.830627441, 154.922866821, 201.360809326, 149.180709839, 95.3580093384, 69.438911438, 35.9252128601, 28.7910366058], [-410.448791504, 157.232666016, 134.672668457, 180.306640625, 237.830627441, 390.127685547, 279.79284668, 176.955490112, 130.627487183, 62.5291519165, 62.6773414612, 35.4213638306, 12.2876968384], [-500.198791504, 237.624404907, 13.6602392197, 68.6678466797, 154.922866821, 279.79284668, 340.830047607, 189.872390747, 107.066764832, 65.1163024902, 67.6178131104, 43.7179603577, 15.0314331055], [-170.924255371, 56.2236404419, -45.4188766479, 113.279785156, 201.360809326, 176.955490112, 189.872390747, 238.097961426, 151.116882324, 91.0753097534, 57.9725532532, 34.2661552429, 24.5351772308], [25.7093982697, -175.354400635, 18.3447093964, 126.935279846, 149.180709839, 130.627487183, 107.066764832, 151.116882324, 185.633926392, 109.922409058, 47.7968139648, 27.7351360321, 27.0955295563], [23.7771492004, -186.075286865, 26.3887767792, 35.7339515686, 95.3580093384, 62.5291519165, 65.1163024902, 91.0753097534, 109.922409058, 130.717926025, 65.2333450317, 30.4207134247, 28.9862003326], [-181.806625366, 103.086380005, 28.7862091064, 41.0967712402, 69.438911438, 62.6773414612, 67.6178131104, 57.9725532532, 47.7968139648, 65.2333450317, 108.311836243, 61.6773414612, 19.8034381866], [-213.090698242, 12.3797025681, 82.6041946411, 46.623046875, 35.9252128601, 35.4213638306, 43.7179603577, 34.2661552429, 27.7351360321, 30.4207134247, 61.6773414612, 96.6397399902, 53.1620178223], [-84.3543395996, -117.812545776, 80.8176116943, 60.2486076355, 28.7910366058, 12.2876968384, 15.0314331055, 24.5351772308, 27.0955295563, 28.9862003326, 19.8034381866, 53.1620178223, 94.7561721802]], "icov": [[0.000113464971946, 3.67372922483e-05, 3.87078434869e-05, -1.97322569875e-05, -3.18481870636e-05, 3.29731119564e-05, 0.000121929515444, 2.05109317903e-05, -6.88171785441e-05, -4.06348008255e-05, 3.04076111206e-05, 0.000143722339999, 5.20857684023e-05], [3.67372922483e-05, 0.000288758805254, 1.47615992319e-05, 5.14731436851e-06, -0.00024445677991, 0.000158095019287, -0.00024406715238, -6.81486053509e-05, 0.000231961967074, 0.000700039847288, -0.000639401492663, 0.000189465703443, 0.000232859150856], [3.87078434869e-05, 1.47615992319e-05, 0.000722582451999, -0.000485165423015, 0.000226031494094, -0.000469476392027, 0.00016080023488, 0.000445164827397, 0.000361422746209, -0.000700417032931, 0.000424508936703, -0.000559798965696, -6.73088507028e-05], [-1.97322569875e-05, 5.14731436851e-06, -0.000485165423015, 0.00271708471701, -0.00217235530727, 0.000128446583403, 0.000218636749196, 0.000787594763096, -0.00213128863834, 0.00259483675472, -0.000813542399555, 0.000390739412978, -0.00115370331332], [-3.18481870636e-05, -0.00024445677991, 0.000226031494094, -0.00217235530727, 0.0062977457419, -0.00270143710077, 0.0020196812693, -0.00385974533856, 0.00178720441181, -0.00315570109524, 0.000322438107105, -4.21572667619e-06, 0.00036123621976], [3.29731119564e-05, 0.000158095019287, -0.000469476392027, 0.000128446583403, -0.00270143710077, 0.00898200087249, -0.00665471935645, 0.0019076137105, -0.00358880637214, 0.00334854773246, -0.00151156401262, 0.0011343943188, 0.000443792057922], [0.000121929515444, -0.00024406715238, 0.00016080023488, 0.000218636749196, 0.0020196812693, -0.00665471935645, 0.0109060490504, -0.00621352298185, 0.00267310650088, -0.0018514553085, 1.24845955725e-05, -0.00127033866011, 0.000169126840774], [2.05109317903e-05, -6.81486053509e-05, 0.000445164827397, 0.000787594763096, -0.00385974533856, 0.0019076137105, -0.00621352298185, 0.0161216687411, -0.00896278955042, 0.00129496178124, -0.000391351233702, 9.7012562037e-05, -0.00101611285936], [-6.88171785441e-05, 0.000231961967074, 0.000361422746209, -0.00213128863834, 0.00178720441181, -0.00358880637214, 0.00267310650088, -0.00896278955042, 0.0206801276654, -0.0131245413795, 0.00415061973035, -0.00213340693153, 0.00152388843708], [-4.06348008255e-05, 0.000700039847288, -0.000700417032931, 0.00259483675472, -0.00315570109524, 0.00334854773246, -0.0018514553085, 0.00129496178124, -0.0131245413795, 0.0262920260429, -0.0138036292046, 0.00639178045094, -0.00472629675642], [3.04076111206e-05, -0.000639401492663, 0.000424508936703, -0.000813542399555, 0.000322438107105, -0.00151156401262, 1.24845955725e-05, -0.000391351233702, 0.00415061973035, -0.0138036292046, 0.0251466408372, -0.0154760405421, 0.00604758644477], [0.000143722339999, 0.000189465703443, -0.000559798965696, 0.000390739412978, -4.21572667619e-06, 0.0011343943188, -0.00127033866011, 9.7012562037e-05, -0.00213340693153, 0.00639178045094, -0.0154760405421, 0.0262547601014, -0.0122177014127], [5.20857684023e-05, 0.000232859150856, -6.73088507028e-05, -0.00115370331332, 0.00036123621976, 0.000443792057922, 0.000169126840774, -0.00101611285936, 0.00152388843708, -0.00472629675642, 0.00604758644477, -0.0122177014127, 0.0183499641716]]}, "spectral_contrast_coeffs": {"dmean": [0.0650843679905, 0.0603906176984, 0.040804438293, 0.0337179712951, 0.0228997562081, 0.0204812958837], "dmean2": [0.107829585671, 0.0956568345428, 0.0663001686335, 0.0521934702992, 0.0361689664423, 0.0308894757181], "dvar": [0.00359075982124, 0.00267445575446, 0.00103318807669, 0.000896899902727, 0.000371949688997, 0.000347934896126], "dvar2": [0.00936116464436, 0.00636593531817, 0.00267217028886, 0.00193796132226, 0.000856835977174, 0.000756549183279], "max": [-0.306481271982, -0.366332083941, -0.529373824596, -0.535671710968, -0.631243109703, -0.627827048302], "mean": [-0.648147523403, -0.726927578449, -0.804002404213, -0.81653213501, -0.826764762402, -0.798080444336], "median": [-0.65386736393, -0.733490824699, -0.808937251568, -0.827507853508, -0.828857541084, -0.805146217346], "min": [-0.996665477753, -0.984193742275, -0.992661058903, -0.990104317665, -0.980692982674, -0.946632862091], "var": [0.00783898681402, 0.00898692570627, 0.00312756723724, 0.0033026363235, 0.00125677546021, 0.00127447559498]}, "spectral_contrast_valleys": {"dmean": [0.539604187012, 0.68344783783, 0.622867584229, 0.658637225628, 0.66055816412, 0.694896578789], "dmean2": [0.799077451229, 1.01879966259, 0.908025622368, 0.908888399601, 0.849134147167, 0.860223710537], "dvar": [0.353253632784, 0.57172447443, 0.496450096369, 0.547916531563, 0.475339204073, 0.629478156567], "dvar2": [0.565005838871, 1.15424215794, 0.994244098663, 1.0418753624, 0.827077746391, 1.14144051075], "max": [-4.92450094223, -4.54316043854, -5.29473733902, -5.94513607025, -5.91946125031, -7.57082128525], "mean": [-6.89986371994, -7.11402082443, -7.90965938568, -8.75173091888, -8.489046