{"lowlevel": {"average_loudness": 0.864465415478, "barkbands_crest": {"dmean": 1.58546948433, "dmean2": 2.65871548653, "dvar": 2.53902816772, "dvar2": 7.45014333725, "max": 22.6247940063, "mean": 11.605802536, "median": 11.0515813828, "min": 4.79232883453, "var": 11.2588701248}, "barkbands_flatness_db": {"dmean": 0.0148375723511, "dmean2": 0.0256174299866, "dvar": 0.000178746122401, "dvar2": 0.000460564770037, "max": 0.521664917469, "mean": 0.422329336405, "median": 0.429287850857, "min": 0.0400592237711, "var": 0.00312489736825}, "barkbands_kurtosis": {"dmean": 1.24468171597, "dmean2": 2.09451889992, "dvar": 9.70011711121, "dvar2": 27.6707458496, "max": 129.724472046, "mean": 4.05793952942, "median": 2.56840419769, "min": -1.12065958977, "var": 61.1394805908}, "barkbands_skewness": {"dmean": 0.256621032953, "dmean2": 0.423052191734, "dvar": 0.101566269994, "dvar2": 0.261384516954, "max": 9.21744632721, "mean": 1.17371761799, "median": 1.07410466671, "min": -2.19477653503, "var": 0.96301651001}, "barkbands_spread": {"dmean": 0.648672163486, "dmean2": 1.08785188198, "dvar": 3.01043009758, "dvar2": 6.89253950119, "max": 67.6193618774, "mean": 4.4868979454, "median": 3.8717854023, "min": 0.853427290916, "var": 23.9843997955}, "dissonance": {"dmean": 0.0385043770075, "dmean2": 0.066470362246, "dvar": 0.00131027179305, "dvar2": 0.00350913172588, "max": 0.5, "mean": 0.365993112326, "median": 0.370264172554, "min": 0.12590315938, "var": 0.0035021493677}, "dynamic_complexity": 4.03770828247, "erbbands_crest": {"dmean": 2.1430876255, "dmean2": 3.68033194542, "dvar": 5.88681745529, "dvar2": 18.6318321228, "max": 30.2239284515, "mean": 14.5004405975, "median": 12.8956241608, "min": 2.71679067612, "var": 36.1374588013}, "erbbands_flatness_db": {"dmean": 0.0132719445974, "dmean2": 0.0233429241925, "dvar": 0.000159806848387, "dvar2": 0.000442286516773, "max": 0.472151815891, "mean": 0.389425545931, "median": 0.399572789669, "min": 0.0367909930646, "var": 0.00322948163375}, "erbbands_kurtosis": {"dmean": 0.73755466938, "dmean2": 1.22945129871, "dvar": 1.8991317749, "dvar2": 4.91179084778, "max": 66.8525695801, "mean": 1.62646746635, "median": 0.672671556473, "min": -1.61283922195, "var": 21.1516208649}, "erbbands_skewness": {"dmean": 0.195000320673, "dmean2": 0.327440947294, "dvar": 0.0430443808436, "dvar2": 0.123142078519, "max": 7.22423887253, "mean": 0.897705793381, "median": 0.784295201302, "min": -0.753372907639, "var": 0.502519249916}, "erbbands_spread": {"dmean": 1.65264558792, "dmean2": 2.73872590065, "dvar": 8.0181388855, "dvar2": 16.1951675415, "max": 126.468482971, "mean": 12.4387693405, "median": 10.4345798492, "min": 2.18069291115, "var": 142.556350708}, "hfc": {"dmean": 1.78939139843, "dmean2": 2.90609335899, "dvar": 5.24480104446, "dvar2": 12.6161727905, "max": 42.6395988464, "mean": 10.4372816086, "median": 10.1818742752, "min": 1.1256293628e-16, "var": 41.6269607544}, "melbands_crest": {"dmean": 1.89639997482, "dmean2": 3.18798422813, "dvar": 3.64908003807, "dvar2": 10.313993454, "max": 28.4275760651, "mean": 15.0973558426, "median": 14.6324615479, "min": 1.92163646221, "var": 16.0036640167}, "melbands_flatness_db": {"dmean": 0.0179090630263, "dmean2": 0.0305866692215, "dvar": 0.000282874359982, "dvar2": 0.000668784545269, "max": 0.688432097435, "mean": 0.568381011486, "median": 0.574740290642, "min": 0.00752132525668, "var": 0.00514763081446}, "melbands_kurtosis": {"dmean": 2.04986834526, "dmean2": 3.38094592094, "dvar": 30.8710613251, "dvar2": 84.0999984741, "max": 160.368515015, "mean": 7.63665914536, "median": 4.2438993454, "min": -1.1719584465, "var": 228.323989868}, "melbands_skewness": {"dmean": 0.298943579197, "dmean2": 0.495235383511, "dvar": 0.14109416306, "dvar2": 0.349418789148, "max": 10.3006229401, "mean": 1.7140789032, "median": 1.55088436604, "min": -0.790585935116, "var": 1.37189674377}, "melbands_spread": {"dmean": 0.787491679192, "dmean2": 1.26986944675, "dvar": 14.1206121445, "dvar2": 20.3683681488, "max": 138.866836548, "mean": 5.52556276321, "median": 4.93278217316, "min": 0.797928929329, "var": 80.5247802734}, "pitch_salience": {"dmean": 0.038684591651, "dmean2": 0.0641115382314, "dvar": 0.00150318339001, "dvar2": 0.00377886416391, "max": 0.837847113609, "mean": 0.513492763042, "median": 0.503564238548, "min": 0.249300450087, "var": 0.0104132993147}, "silence_rate_20dB": {"dmean": 0, "dmean2": 0, "dvar": 0, "dvar2": 0, "max": 1, "mean": 1, "median": 1, "min": 1, "var": 0}, "silence_rate_30dB": {"dmean": 0.0103519670665, "dmean2": 0.0207146555185, "dvar": 0.0102445669472, "dvar2": 0.0244279112667, "max": 1, "mean": 0.980341434479, "median": 1, "min": 0, "var": 0.0192720778286}, "silence_rate_60dB": {"dmean": 0.00103519670665, "dmean2": 0.00207146559842, "dvar": 0.00103412626777, "dvar2": 0.00206717522815, "max": 1, "mean": 0.0605276785791, "median": 0, "min": 0, "var": 0.0568643920124}, "spectral_centroid": {"dmean": 26.7556476593, "dmean2": 38.697593689, "dvar": 37331.5859375, "dvar2": 38277.8046875, "max": 11412.5605469, "mean": 352.096343994, "median": 330.686065674, "min": 156.804916382, "var": 131204.4375}, "spectral_complexity": {"dmean": 0.862318813801, "dmean2": 1.50388395786, "dvar": 0.843370497227, "dvar2": 1.93305718899, "max": 17, "mean": 10.0305223465, "median": 11, "min": 0, "var": 11.8061189651}, "spectral_decrease": {"dmean": 1.67288627395e-09, "dmean2": 2.67657629394e-09, "dvar": 4.33142663929e-18, "dvar2": 9.99298038307e-18, "max": 1.24133788894e-21, "mean": -1.03894208792e-08, "median": -9.70878488715e-09, "min": -5.41173150737e-08, "var": 4.61315749032e-17}, "spectral_energy": {"dmean": 0.00646843528375, "dmean2": 0.0103545384482, "dvar": 6.45931941108e-05, "dvar2": 0.000149212108226, "max": 0.206984311342, "mean": 0.0401587709785, "median": 0.0376939289272, "min": 1.05816401314e-20, "var": 0.000683768128511}, "spectral_energyband_high": {"dmean": 1.51786618829e-08, "dmean2": 2.73731028955e-08, "dvar": 3.68432597578e-16, "dvar2": 1.13200765324e-15, "max": 2.08998827134e-07, "mean": 4.22200336914e-08, "median": 3.52487461441e-08, "min": 7.05248697266e-21, "var": 3.84191698501e-16}, "spectral_energyband_low": {"dmean": 0.00244317436591, "dmean2": 0.00363676249981, "dvar": 1.98117304535e-05, "dvar2": 4.34652320109e-05, "max": 0.185696557164, "mean": 0.0153965801001, "median": 0.0101491976529, "min": 1.78597818641e-22, "var": 0.000272102013696}, "spectral_energyband_middle_high": {"dmean": 0.000173014472239, "dmean2": 0.000239398606936, "dvar": 1.16157593766e-07, "dvar2": 2.161622632e-07, "max": 0.00902781076729, "mean": 0.00114477693569, "median": 0.000963336962741, "min": 1.83000361739e-21, "var": 9.34864090141e-07}, "spectral_energyband_middle_low": {"dmean": 0.00546305859461, "dmean2": 0.009048149921, "dvar": 4.80747039546e-05, "dvar2": 0.000114914757432, "max": 0.131015047431, "mean": 0.0259925927967, "median": 0.0243793744594, "min": 4.76551352471e-22, "var": 0.000316773366649}, "spectral_entropy": {"dmean": 0.097702100873, "dmean2": 0.162661731243, "dvar": 0.0128798875958, "dvar2": 0.030139900744, "max": 9.79354095459, "mean": 5.29746484756, "median": 5.24700117111, "min": 4.43970060349, "var": 0.231765657663}, "spectral_flux": {"dmean": 0.0158627927303, "dmean2": 0.0255427565426, "dvar": 0.000384700164432, "dvar2": 0.000930419017095, "max": 0.223130092025, "mean": 0.0439791195095, "median": 0.038394652307, "min": 1.02867096785e-10, "var": 0.000873604149092}, "spectral_kurtosis": {"dmean": 45.0845108032, "dmean2": 78.4036941528, "dvar": 1606.21520996, "dvar2": 4679.96289062, "max": 412.807800293, "mean": 215.083251953, "median": 219.833190918, "min": -1.21026551723, "var": 4981.05761719}, "spectral_rms": {"dmean": 0.000477994472021, "dmean2": 0.000767030927818, "dvar": 2.80589887325e-07, "dvar2": 6.45344925942e-07, "max": 0.0142104150727, "mean": 0.00583262834698, "median": 0.0060642035678, "min": 3.21302836767e-12, "var": 5.15968713444e-06}, "spectral_rolloff": {"dmean": 63.3956069946, "dmean2": 108.869895935, "dvar": 401253.90625, "dvar2": 694745, "max": 18927.6855469, "mean": 487.499755859, "median": 430.6640625, "min": 107.666015625, "var": 1696680}, "spectral_skewness": {"dmean": 1.59842300415, "dmean2": 2.79698252678, "dvar": 2.48147177696, "dvar2": 7.03036403656, "max": 16.2140235901, "mean": 11.2107515335, "median": 11.8013391495, "min": -0.000341547682183, "var": 7.12919855118}, "spectral_spread": {"dmean": 326528.71875, "dmean2": 570273.4375, "dvar": 623267479552, "dvar2": 796747300864, "max": 40851364, "mean": 968754.1875, "median": 618948.75, "min": 223496.53125, "var": 3384593088510.0}, "spectral_strongpeak": {"dmean": 0.241243287921, "dmean2": 0.418391078711, "dvar": 0.155340909958, "dvar2": 0.355149567127, "max": 4.6088347435, "mean": 1.02760004997, "median": 0.737779080868, "min": 0, "var": 0.679742097855}, "zerocrossingrate": {"dmean": 0.00214697164483, "dmean2": 0.0028214615304, "dvar": 0.000138436153065, "dvar2": 0.000192878651433, "max": 0.50537109375, "mean": 0.0185738857836, "median": 0.0146484375, "min": 0.00390625, "var": 0.00133749365341}, "barkbands": {"dmean": [1.69432621533e-06, 0.000933838135097, 0.00142834265716, 0.0011092791101, 0.00349965645, 0.000589062401559, 0.00250059692189, 5.79195948376e-05, 0.000134798785439, 9.9286364275e-05, 3.45695625583e-05, 5.49974647583e-05, 3.45734151779e-05, 1.7813528757e-05, 6.64590788801e-06, 6.17674174919e-07, 2.52989593719e-07, 6.82183909362e-08, 4.70527830032e-08, 3.89508381105e-09, 2.93203594737e-09, 2.28782504053e-09, 1.98452165812e-09, 1.89642723747e-09, 1.94001259501e-09, 1.98208405244e-09, 2.22739426903e-09], "dmean2": [3.00933834296e-06, 0.00138652638998, 0.00214757933281, 0.00164935062639, 0.00589087372646, 0.00076212635031, 0.00432810699567, 8.43801244628e-05, 0.000178242582479, 0.000140442221891, 4.83982621517e-05, 7.72496932768e-05, 5.00510759593e-05, 2.53918933595e-05, 9.48540127865e-06, 1.0207794503e-06, 3.44824286458e-07, 9.05459884848e-08, 7.62087282169e-08, 6.55101839442e-09, 5.17418108359e-09, 4.13756007234e-09, 3.57645646432e-09, 3.42512551654e-09, 3.49470075101e-09, 3.54758422638e-09, 3.97098665061e-09], "dvar": [9.53428742206e-12, 2.45502747021e-06, 1.18263033073e-05, 5.60451553611e-06, 2.54973074334e-05, 1.25620476865e-06, 1.41036289278e-05, 2.76559664059e-08, 3.99767046133e-08, 2.29504202309e-08, 9.4072962753e-09, 1.16992717736e-08, 6.82378376027e-09, 2.63285748758e-09, 6.41151132186e-09, 2.21592058938e-12, 6.32348719828e-13, 2.19132590356e-14, 7.01090322407e-14, 7.37123275508e-17, 1.46163244372e-17, 7.77486910073e-18, 5.43061401575e-18, 4.74604264952e-18, 4.69015543221e-18, 4.44362955348e-18, 5.28705971557e-18], "dvar2": [3.01006997105e-11, 4.57416035715e-06, 2.65673243121e-05, 9.42504993873e-06, 6.90752713126e-05, 1.78767322723e-06, 4.29621140938e-05, 5.58034365383e-08, 6.98231659157e-08, 5.27324353072e-08, 1.9936537754e-08, 2.1386831861e-08, 1.30054882419e-08, 5.10753350724e-09, 1.46256482481e-08, 5.60777899811e-12, 9.38065380582e-13, 3.60400660595e-14, 1.98451430527e-13, 1.92211985409e-16, 4.28604726273e-17, 2.40270374979e-17, 1.70675451423e-17, 1.46939106699e-17, 1.46332121566e-17, 1.39464289094e-17, 1.62053367396e-17], "max": [3.82251055271e-05, 0.0403030514717, 0.167325377464, 0.0863438397646, 0.0827640816569, 0.0313048809767, 0.0703147426248, 0.00514038139954, 0.00643622782081, 0.00250885798596, 0.00298899551854, 0.00255953101441, 0.00231895316392, 0.00113893242087, 0.00327853485942, 3.57205062755e-05, 3.19853679684e-05, 9.61785372056e-06, 4.89116064273e-06, 2.48916165901e-07, 7.04093920945e-08, 2.91401995867e-08, 2.51335929846e-08, 2.41598918649e-08, 2.35561881112e-08, 2.54556997703e-08, 2.81360144072e-08], "mean": [2.79630648947e-06, 0.00644849659875, 0.00657694553956, 0.00558287557214, 0.0081638507545, 0.00338655640371, 0.00797526631504, 0.000249912700383, 0.000618073972873, 0.000429110776167, 0.000170092258486, 0.000252576108323, 0.000224990973948, 5.58264291612e-05, 1.76851899596e-05, 2.13585371966e-06, 1.01767977867e-06, 4.34367279922e-07, 7.92497729663e-08, 7.6075377109e-09, 4.94154761554e-09, 3.65955399317e-09, 3.63123975333e-09, 4.27153068472e-09, 5.4984354847e-09, 7.25958093639e-09, 9.14659992191e-09], "median": [6.52903622722e-07, 0.00261865230277, 0.00292983907275, 0.00244433013722, 0.00532577047125, 0.00216850964352, 0.00569785851985, 0.000138700343086, 0.000453166925581, 0.000310186936986, 8.9630477305e-05, 0.000169247199665, 0.000162264317623, 2.9259988878e-05, 2.07744824365e-06, 1.09133588921e-06, 4.54193951782e-07, 1.26630609998e-07, 1.6152563731e-08, 4.8240011985e-09, 3.28671823091e-09, 2.72025579839e-09, 2.88138934934e-09, 3.60766350127e-09, 4.94856911004e-09, 6.74725253447e-09, 8.63883187208e-09], "min": [1.37839653899e-23, 1.47646488683e-22, 2.46438695287e-23, 6.1473043113e-24, 7.14948992914e-23, 4.17516498556e-23, 1.37070779573e-22, 1.05771410494e-22, 4.99696935327e-23, 1.18302465974e-22, 9.21758093113e-23, 2.19295733343e-22, 6.49390107851e-23, 6.73856912817e-23, 1.39978975254e-22, 1.61120384405e-22, 2.20892413059e-22, 2.65305256779e-22, 2.71600922161e-22, 3.00095183903e-22, 5.10274159049e-22, 4.94362241368e-22, 5.87475394139e-22, 8.0148172045e-22, 1.05944357835e-21, 1.36159936791e-21, 2.49833081721e-21], "var": [1.96808645769e-11, 6.77001953591e-05, 0.000157067275723, 6.44153042231e-05, 7.8479781223e-05, 1.39195517477e-05, 7.29926978238e-05, 1.45308689525e-07, 4.88093064632e-07, 1.75563812377e-07, 7.4580754017e-08, 9.74269411813e-08, 7.18624519891e-08, 7.89782639288e-09, 1.41138638554e-08, 1.12727154e-11, 3.50955050611e-12, 1.0534757745e-12, 5.77703913895e-14, 1.34089802178e-16, 2.07748462251e-17, 7.26030899299e-18, 5.00571160101e-18, 4.45622379189e-18, 4.35845517939e-18, 4.33827155886e-18, 5.40695623664e-18]}, "erbbands": {"dmean": [0.0105885425583, 0.273070663214, 1.43861246109, 2.61441802979, 8.49322605133, 14.9870128632, 3.22617697716, 7.10326147079, 42.7529678345, 8.28101062775, 1.52104604244, 2.90919542313, 2.04622721672, 3.04400372505, 1.71556353569, 1.54055023193, 1.42539072037, 1.42155981064, 0.48512801528, 0.0800315886736, 0.0351647250354, 0.0103518478572, 0.00389346317388, 0.00315747014247, 0.000870624964591, 0.000192205930944, 0.000139047973789, 0.000102298618003, 8.39905769681e-05, 6.88261425239e-05, 5.50950753677e-05, 4.2396986828e-05, 3.12873889925e-05, 2.24769319175e-05, 1.48333529069e-05, 8.73692624737e-06, 4.28330349678e-06, 1.48016204093e-06, 2.9486884614e-06, 7.10894573785e-06], "dmean2": [0.0159945003688, 0.406182259321, 2.16765666008, 3.9197101593, 13.5000934601, 25.6670455933, 4.74322128296, 10.0680656433, 74.3084487915, 13.4153146744, 2.15844750404, 4.03111362457, 2.49427866936, 4.74239015579, 2.51572132111, 2.13819694519, 2.07299208641, 1.95537793636, 0.683727681637, 0.123990550637, 0.0553742386401, 0.0143491355702, 0.00502427853644, 0.00517504801974, 0.00141303497367, 0.000320856401231, 0.000235969142523, 0.000184526725207, 0.000151768210344, 0.000124485755805, 9.90745684248e-05, 7.64765791246e-05, 5.5597127357e-05, 3.99927848775e-05, 2.63313286268e-05, 1.52549509949e-05, 7.38711696613e-06, 2.62075491264e-06, 4.70354507343e-06, 1.13826290544e-05], "dvar": [0.000264261761913, 0.203438177705, 9.43067359924, 25.0850372314, 130.148529053, 713.438842773, 36.7825241089, 135.616821289, 4306.28173828, 260.861572266, 7.59557962418, 19.9036426544, 13.9348421097, 24.3692646027, 12.2070569992, 10.2309961319, 8.66569042206, 14.6438865662, 27.4486179352, 0.179519295692, 0.00845612026751, 0.000839672284201, 7.2657072451e-05, 0.000320653256495, 2.23663955694e-05, 1.62199953024e-07, 3.55283482634e-08, 1.69182765575e-08, 1.03504858018e-08, 6.79841072326e-09, 4.13084011441e-09, 2.33039720854e-09, 1.21259835506e-09, 5.80117842652e-10, 2.42644015991e-10, 7.99505878168e-11, 1.8647755215e-11, 2.17178748943e-12, 1.32278406978e-11, 7.78721462313e-11], "dvar2": [0.000535406521522, 0.394046962261, 22.1827812195, 49.5630493164, 299.277862549, 2111.83496094, 63.8293418884, 236.411102295, 13223.3291016, 468.468933105, 14.1631813049, 41.4385643005, 20.8882884979, 63.4134864807, 26.2502708435, 16.9481811523, 16.9765071869, 26.9884185791, 63.1920547485, 0.418051242828, 0.0184152405709, 0.0012702284148, 0.000104620339698, 0.000918963458389, 5.54938233108e-05, 3.58621150554e-07, 9.41096018892e-08, 5.11930551284e-08, 3.19840651741e-08, 2.10281960733e-08, 1.29044632757e-08, 7.16439974013e-09, 3.78028097714e-09, 1.76926817641e-09, 7.41812611338e-10, 2.39181757733e-10, 5.36482698543e-11, 6.60676461456e-12, 3.0437066062e-11, 1.80028492114e-10], "max": [0.402125686407, 11.0429830551, 128.572494507, 166.878341675, 206.898132324, 483.818603516, 147.532943726, 258.148162842, 1263.14233398, 564.254882812, 48.4807510376, 75.8308792114, 141.218734741, 84.2908325195, 98.0698394775, 89.137512207, 70.6926879883, 74.9223022461, 213.510803223, 16.1348514557, 2.52133870125, 1.07129871845, 0.57844299078, 0.340186297894, 0.141917362809, 0.012057854794, 0.00440401490778, 0.00180728104897, 0.00110002374277, 0.000914212374482, 0.000736306479666, 0.000587880902458, 0.000447210099082, 0.000326123728883, 0.000247964373557, 0.00017011356249, 9.30807218538e-05, 2.06173244806e-05, 9.35971766012e-05, 0.000225070441957], "mean": [0.0654769837856, 1.88128685951, 7.21194648743, 13.453959465, 25.3093070984, 30.2053661346, 15.2775526047, 39.6362380981, 132.847930908, 32.2184753418, 7.88827896118, 13.0843772888, 10.2669506073, 13.6260967255, 8.26842594147, 8.4287776947, 9.49942016602, 6.4249792099, 1.4862023592, 0.238072827458, 0.131238952279, 0.0491519384086, 0.026898374781, 0.00658594304696, 0.00161143427249, 0.000423480320023, 0.000276457692962, 0.000171024294104, 0.000144524194184, 0.000130883665406, 0.000119547898066, 0.000107066400233, 9.29261441343e-05, 7.85425072536e-05, 6.2007275119e-05, 4.38994720753e-05, 2.47704338108e-05, 6.83643293087e-06, 1.9698860342e-05, 4.42771415692e-05], "median": [0.0324905924499, 0.925754606724, 4.24314165115, 8.21753025055, 16.3743057251, 17.1140117645, 8.6992483139, 29.2800502777, 84.1832046509, 21.774269104, 6.33276605606, 9.01068210602, 6.20321083069, 11.1789512634, 6.41288280487, 5.40082645416, 7.60594654083, 3.23056387901, 0.438516646624, 0.0876559391618, 0.0637585669756, 0.0298678651452, 0.00831778068095, 0.0018996525323, 0.000586605223361, 0.00026346501545, 0.000170738509041, 0.000126863043988, 0.000109513988718, 0.000103885475255, 9.98803443508e-05, 9.31797694648e-05, 8.27006660984e-05, 7.26490907255e-05, 5.83677792747e-05, 4.24110294261e-05, 2.39257296926e-05, 6.53691631669e-06, 1.86571069207e-05, 4.1704508476e-05], "min": [4.18447932502e-21, 3.28145069316e-20, 4.13597350236e-20, 1.86800178249e-20, 3.48213537264e-20, 4.30873081953e-19, 2.76630962028e-19, 3.60602098513e-19, 1.82348677994e-18, 2.07185292874e-18, 2.02773173525e-18, 1.37569731163e-18, 3.6510602457e-18, 3.23740479895e-18, 3.8282729386e-18, 9.36584843858e-18, 3.93936618999e-18, 2.80502301711e-18, 6.65644191681e-18, 8.10189082e-18, 7.96884295438e-18, 1.41854377843e-17, 1.45928374709e-17, 1.42870668487e-17, 1.49155636412e-17, 1.21110772576e-17, 1.43510757389e-17, 2.35453884251e-17, 1.49081421768e-17, 2.12439056089e-17, 1.63656774295e-17, 1.5157608269e-17, 1.17799097091e-17, 1.04268060087e-17, 8.63766976482e-18, 5.23726096115e-18, 2.504481624e-18, 1.00358835531e-18, 3.61348267125e-19, 3.8636320405e-20], "var": [0.00602517882362, 5.06929826736, 104.40184021, 327.941558838, 758.831298828, 1799.00561523, 351.731384277, 1445.93688965, 22762.7089844, 1930.69030762, 46.1318893433, 176.111526489, 203.061203003, 135.105010986, 73.0528411865, 108.129058838, 95.4811325073, 89.4676513672, 59.4060249329, 0.484181314707, 0.0435134470463, 0.00524931307882, 0.00383895635605, 0.000280835403828, 2.68160292762e-05, 3.95289191601e-07, 8.65043858767e-08, 1.91631190916e-08, 1.0494088265e-08, 6.87196788363e-09, 4.37133573783e-09, 2.74427902625e-09, 1.60931712401e-09, 9.4257179839e-10, 5.15195830442e-10, 2.53257081972e-10, 8.04803584886e-11, 3.54076165089e-12, 1.41561609657e-10, 8.19862844281e-10]}, "gfcc": {"mean": [-210.97845459, 265.686798096, -46.0591888428, -63.359046936, -18.2723617554, 3.46992206573, -29.909160614, -19.7839603424, -12.6617889404, -10.2187776566, 0.298226803541, -6.69789743423, -9.67352676392], "cov": [[8112.54003906, 4152.29882812, -1418.16503906, -1888.58190918, 546.478088379, -200.372955322, -97.909362793, -146.761947632, 354.427764893, -147.936798096, 302.488006592, -214.193145752, -77.5006713867], [4152.29882812, 2511.37963867, -464.695220947, -1051.24609375, 270.93850708, -13.5089569092, 18.42345047, -77.0478744507, 221.918731689, -66.6553039551, 166.494628906, -102.039855957, -24.8130264282], [-1418.16503906, -464.695220947, 805.610351562, 491.2784729, -161.088485718, 149.005767822, 140.93397522, 17.9577617645, -49.3409500122, 42.6315917969, -80.5855484009, 33.1535110474, 63.9811782837], [-1888.58190918, -1051.24609375, 491.2784729, 651.298217773, -129.233642578, 31.2072982788, 52.0111198425, 50.9335899353, -107.709403992, 34.5813407898, -91.8670806885, 36.3954277039, 35.5340652466], [546.478088379, 270.93850708, -161.088485718, -129.233642578, 125.185218811, -17.68800354, -26.9046096802, -1.42741990089, 29.092710495, -25.7927932739, 21.2422161102, -22.2250804901, -9.6105298996], [-200.372955322, -13.5089569092, 149.005767822, 31.2072982788, -17.68800354, 111.741523743, 60.6772232056, -14.9465847015, -4.73182964325, 10.089715004, -14.1864547729, 10.5313873291, 8.59988880157], [-97.909362793, 18.42345047, 140.93397522, 52.0111198425, -26.9046096802, 60.6772232056, 94.8308258057, 31.6642875671, 3.36362791061, 14.0619287491, 4.94352054596, 8.27124118805, 16.5362148285], [-146.761947632, -77.0478744507, 17.9577617645, 50.9335899353, -1.42741990089, -14.9465847015, 31.6642875671, 75.5849075317, 28.5236339569, 11.3035593033, 15.8983354568, 25.2071723938, 6.00590991974], [354.427764893, 221.918731689, -49.3409500122, -107.709403992, 29.092710495, -4.73182964325, 3.36362791061, 28.5236339569, 77.123008728, 21.2813529968, 32.5968551636, 9.00338363647, 0.279496997595], [-147.936798096, -66.6553039551, 42.6315917969, 34.5813407898, -25.7927932739, 10.089715004, 14.0619287491, 11.3035593033, 21.2813529968, 55.935344696, 35.8984794617, 17.5096588135, -5.86287593842], [302.488006592, 166.494628906, -80.5855484009, -91.8670806885, 21.2422161102, -14.1864547729, 4.94352054596, 15.8983354568, 32.5968551636, 35.8984794617, 80.1786499023, 30.9097652435, -13.9621839523], [-214.193145752, -102.039855957, 33.1535110474, 36.3954277039, -22.2250804901, 10.5313873291, 8.27124118805, 25.2071723938, 9.00338363647, 17.5096588135, 30.9097652435, 65.8559188843, 17.2650032043], [-77.5006713867, -24.8130264282, 63.9811782837, 35.5340652466, -9.6105298996, 8.59988880157, 16.5362148285, 6.00590991974, 0.279496997595, -5.86287593842, -13.9621839523, 17.2650032043, 45.2755050659]], "icov": [[0.00253617716953, -0.00482558319345, 0.00485339434817, -0.00541927665472, 0.00317190377973, -0.00119754194748, -0.000428443890996, 0.00351822562516, -0.00457802694291, 0.0051825963892, -0.00480030430481, 0.00342403608374, -0.00240474450402], [-0.00482558319345, 0.0130331497639, -0.012413953431, 0.0159030780196, -0.00868965871632, 0.00594997685403, -0.00353773799725, -0.00229396275245, 0.00370692228898, -0.00312705733813, 0.00238766754046, -0.00239047734067, 0.00378571380861], [0.00485339434817, -0.012413953431, 0.0181028973311, -0.0222451966256, 0.015056990087, -0.0123761184514, 0.00179737783037, 0.0081428475678, -0.0151235824451, 0.015756720677, -0.0141916340217, 0.0103469798341, -0.00899685453624], [-0.00541927665472, 0.0159030780196, -0.0222451966256, 0.0362327173352, -0.0239912010729, 0.0217879526317, -0.0100978687406, -0.011828314513, 0.0283968113363, -0.0359777845442, 0.034823987633, -0.0215572845191, 0.0125895366073], [0.00317190377973, -0.00868965871632, 0.015056990087, -0.0239912010729, 0.0389588102698, -0.0311493817717, 0.0249318107963, -0.00438581639901, -0.0248000007123, 0.0486278049648, -0.0539725832641, 0.0407279953361, -0.0218441709876], [-0.00119754194748, 0.00594997685403, -0.0123761184514, 0.0217879526317, -0.0311493817717, 0.058381922543, -0.0500751286745, 0.0286322105676, 0.00940556637943, -0.0412447340786, 0.0610036440194, -0.0522779263556, 0.031738627702], [-0.000428443890996, -0.00353773799725, 0.00179737783037, -0.0100978687406, 0.0249318107963, -0.0500751286745, 0.0686832666397, -0.0463627055287, 0.0102130919695, 0.0214543044567, -0.0489890947938, 0.0476157665253, -0.0319682992995], [0.00351822562516, -0.00229396275245, 0.0081428475678, -0.011828314513, -0.00438581639901, 0.0286322105676, -0.0463627055287, 0.067464068532, -0.0444159507751, 0.0233788527548, -0.000487736950163, -0.0195136871189, 0.0147482827306], [-0.00457802694291, 0.00370692228898, -0.0151235824451, 0.0283968113363, -0.0248000007123, 0.00940556637943, 0.0102130919695, -0.0444159507751, 0.0792116224766, -0.0781554728746, 0.0597514212132, -0.0316451266408, 0.00827495753765], [0.0051825963892, -0.00312705733813, 0.015756720677, -0.0359777845442, 0.0486278049648, -0.0412447340786, 0.0214543044567, 0.0233788527548, -0.0781554728746, 0.145530775189, -0.133591040969, 0.0782390683889, -0.0313574895263], [-0.00480030430481, 0.00238766754046, -0.0141916340217, 0.034823987633, -0.0539725832641, 0.0610036440194, -0.0489890947938, -0.000487736950163, 0.0597514212132, -0.133591040969, 0.168472871184, -0.112557023764, 0.0579361952841], [0.00342403608374, -0.00239047734067, 0.0103469798341, -0.0215572845191, 0.0407279953361, -0.0522779263556, 0.0476157665253, -0.0195136871189, -0.0316451266408, 0.0782390683889, -0.112557023764, 0.103193625808, -0.0531138963997], [-0.00240474450402, 0.00378571380861, -0.00899685453624, 0.0125895366073, -0.0218441709876, 0.031738627702, -0.0319682992995, 0.0147482827306, 0.00827495753765, -0.0313574895263, 0.0579361952841, -0.0531138963997, 0.0559415593743]]}, "melbands": {"dmean": [0.000175900146132, 0.000617144396529, 0.000556751503609, 0.000923016748857, 0.000196206834516, 0.000166829122463, 0.000589288130868, 4.9731668696e-05, 1.52580132635e-05, 1.73118442035e-05, 1.09529837573e-05, 1.35917871376e-05, 5.40691098649e-06, 5.92034484725e-06, 4.78074980492e-06, 2.61246486843e-06, 2.72260331258e-06, 7.4890238011e-07, 2.19080874331e-07, 4.85894560143e-08, 4.64893581409e-08, 1.38732554333e-08, 5.06468555983e-09, 2.05669792308e-09, 3.04792924233e-09, 8.4453016802e-10, 2.26926741287e-10, 1.16661777461e-10, 8.93393831136e-11, 7.24770660154e-11, 5.71500555213e-11, 4.96514947212e-11, 4.24051765924e-11, 3.79445988519e-11, 3.3029596419e-11, 2.92273219515e-11, 2.58860571867e-11, 2.3250157008e-11, 2.08806600482e-11, 1.92597500448e-11], "dmean2": [0.000261024601059, 0.00092112791026, 0.000829975353554, 0.00155200308654, 0.000322490668623, 0.000229080353165, 0.00102932099253, 7.49722239561e-05, 2.10659363802e-05, 2.36766591115e-05, 1.31527949634e-05, 2.07539796975e-05, 7.70728274802e-06, 8.59328429215e-06, 6.83342659613e-06, 3.73037414647e-06, 3.7481788695e-06, 1.05526191874e-06, 3.18888311313e-07, 8.00027208925e-08, 7.18666939292e-08, 1.90310984749e-08, 6.7722085717e-09, 2.95845725695e-09, 5.0185375855e-09, 1.36736755252e-09, 3.84265175235e-10, 1.92424937095e-10, 1.51847520669e-10, 1.26994748051e-10, 1.03343743285e-10, 8.98336960375e-11, 7.62794549747e-11, 6.86596335342e-11, 5.93386034753e-11, 5.25761031933e-11, 4.67206585919e-11, 4.13744143113e-11, 3.71114597386e-11, 3.45411615976e-11], "dvar": [8.54725854538e-08, 1.40864949572e-06, 9.02335898445e-07, 1.75589627815e-06, 1.46949219015e-07, 6.92112891443e-08, 7.98933342594e-07, 1.79535515343e-08, 6.74908795517e-10, 7.15487391556e-10, 3.75507680506e-10, 4.81893303039e-10, 1.96941185582e-10, 1.53984436313e-10, 1.36527358863e-10, 4.267092929e-11, 5.55808940539e-11, 7.91066864791e-11, 2.99232535451e-12, 3.00479754197e-14, 1.66258100223e-14, 1.6931633809e-15, 1.13688709241e-16, 2.28260225336e-17, 3.24846690862e-16, 2.20835667225e-17, 1.23351302934e-18, 3.11865799432e-20, 1.47014632554e-20, 8.81812580059e-21, 5.00544315828e-21, 3.45995433064e-21, 2.51367869303e-21, 1.94550880783e-21, 1.42494462092e-21, 1.072166428e-21, 8.04945640239e-22, 6.22297052404e-22, 4.79688065379e-22, 3.9475038935e-22], "dvar2": [1.56705809218e-07, 3.27455154547e-06, 1.70752650774e-06, 4.81657025375e-06, 3.52353993094e-07, 1.13362276011e-07, 2.50093171417e-06, 2.51148151165e-08, 1.32209099224e-09, 1.3840771862e-09, 5.48537604228e-10, 1.25138710505e-09, 4.26094520778e-10, 3.19514886771e-10, 2.02966310425e-10, 7.77719139089e-11, 1.04736476436e-10, 1.83225379313e-10, 6.60141819681e-12, 8.51797473701e-14, 3.34292225249e-14, 2.55422022915e-15, 1.96478450659e-16, 4.77336715485e-17, 9.33995490608e-16, 5.60929900741e-17, 2.72873773269e-18, 7.54671575644e-20, 3.87449201721e-20, 2.54551795725e-20, 1.54377557826e-20, 1.06970956426e-20, 7.7805198106e-21, 6.05299833773e-21, 4.47949240191e-21, 3.32451319886e-21, 2.47171199969e-21, 1.9707965835e-21, 1.48492218255e-21, 1.20925222749e-21], "max": [0.00778031907976, 0.0477675683796, 0.028667466715, 0.0200713202357, 0.0100281722844, 0.00585781922564, 0.0163983553648, 0.00507325679064, 0.000467844656669, 0.000721958524082, 0.000713418878149, 0.000377788499463, 0.000454327033367, 0.000364914652891, 0.000338254496455, 0.000190253645997, 0.000147197642946, 0.000361444457667, 7.2571929195e-05, 5.20315506947e-06, 3.98545489588e-06, 1.55470320351e-06, 6.37773609924e-07, 2.39366698906e-07, 3.41732004472e-07, 1.30138005261e-07, 3.44670247898e-08, 3.88733356615e-09, 2.86212364919e-09, 1.77248316025e-09, 7.82704345781e-10, 6.10219208497e-10, 5.26877208529e-10, 4.73978634119e-10, 4.08239553273e-10, 3.49983847459e-10, 3.13377102046e-10, 2.74515410403e-10, 2.43100817254e-10, 2.10207018458e-10], "mean": [0.00121598201804, 0.00349765783176, 0.0027418024838, 0.00218284525909, 0.000670921232086, 0.000958606076892, 0.00181974878069, 0.000220934729441, 6.86661514919e-05, 7.84520234447e-05, 5.26045696461e-05, 6.03849439358e-05, 2.66931692749e-05, 2.31318372244e-05, 3.02357511828e-05, 1.64818811754e-05, 1.11124572868e-05, 2.05338324122e-06, 6.12331518823e-07, 1.33483482045e-07, 1.68177564319e-07, 5.75734944164e-08, 3.18573682989e-08, 1.10268212339e-08, 5.19414244948e-09, 1.41943523602e-09, 4.13176631797e-10, 2.30163346715e-10, 1.66065744489e-10, 1.20921633817e-10, 8.3827868258e-11, 7.54032808414e-11, 6.8051342339e-11, 6.31249982841e-11, 5.89838594633e-11, 5.65480023917e-11, 5.28138852096e-11, 5.04046422656e-11, 4.89838412887e-11, 4.78170905649e-11], "median": [0.000527571013663, 0.0022151672747, 0.00176189432386, 0.00145127077121, 0.000391992856748, 0.000709608546458, 0.00123915728182, 9.62558333413e-05, 5.32130288775e-05, 5.24525567016e-05, 3.01594791381e-05, 4.81236565975e-05, 1.72344916791e-05, 1.55697798618e-05, 1.70951152541e-05, 1.1306997294e-05, 5.6547442e-06, 3.6933465708e-07, 1.48726982729e-07, 5.25834522591e-08, 6.39307842221e-08, 3.21260920089e-08, 1.01619885839e-08, 3.76237307975e-09, 9.9451180624e-10, 4.17471779368e-10, 1.98749225411e-10, 1.31808286508e-10, 9.88103418531e-11, 7.93168586366e-11, 5.96059798741e-11, 5.58505637571e-11, 5.19438762836e-11, 4.89851353924e-11, 4.78903201817e-11, 4.72081297664e-11, 4.47303201423e-11, 4.36413231941e-11, 4.33006998313e-11, 4.26789055485e-11], "min": [4.01900460512e-23, 2.9779783162e-23, 3.2840780411e-24, 1.51107221474e-23, 1.29402399976e-23, 9.46783758698e-24, 2.73796423034e-23, 2.16144290825e-23, 1.58290825535e-23, 8.10711957865e-24, 1.80576635201e-23, 1.24491464739e-23, 1.20518808552e-23, 2.06349052296e-23, 1.96501922498e-23, 5.49901368622e-24, 5.38572537162e-24, 1.06797961501e-23, 9.67053934088e-24, 1.23053450195e-23, 7.68217835281e-24, 1.5784559244e-23, 1.30238269102e-23, 1.26896133659e-23, 1.12197714397e-23, 1.11704092574e-23, 1.36794113432e-23, 5.8747718012e-24, 5.90053520951e-24, 1.52140518819e-23, 1.37004597299e-23, 8.28416363161e-24, 9.89086503627e-24, 1.21180867956e-23, 1.02803288206e-23, 7.50890821042e-24, 9.20135721775e-24, 6.92990166093e-24, 1.04699086622e-23, 8.07699534726e-24], "var": [2.42754049395e-06, 1.62928645295e-05, 1.05772687675e-05, 5.34473565494e-06, 7.76327510721e-07, 8.38050823404e-07, 3.84408303944e-06, 1.56792168582e-07, 3.69222430407e-09, 7.87112153233e-09, 5.48873124728e-09, 2.78050182878e-09, 1.31232746892e-09, 1.07086428613e-09, 1.80120274251e-09, 4.44872694239e-10, 2.7179644646e-10, 1.67537470008e-10, 7.33159540023e-12, 1.13555452747e-13, 8.19480795071e-14, 9.17897163578e-15, 4.8469851044e-15, 6.37039662405e-16, 2.49155614938e-16, 2.66716513758e-17, 1.74388905075e-18, 9.50059714264e-20, 3.76861354504e-20, 1.30986788418e-20, 4.93589697893e-21, 3.37501726046e-21, 2.35955551748e-21, 1.83068620295e-21, 1.33308809202e-21, 1.03210309825e-21, 7.9813366855e-22, 6.09670380672e-22, 4.85595863631e-22, 3.99580035626e-22]}, "mfcc": {"mean": [-844.73248291, 280.210388184, 54.298992157, -24.5649414062, 7.5475320816, 17.7846794128, 1.75485181808, -4.34789562225, -8.84864139557, -10.523888588, -0.0468980334699, 5.6676325798, -1.62904274464], "cov": [[4264.32617188, 3386.46875, -559.448486328, -1124.68823242, -18.6347808838, 45.5821647644, -236.38621521, -124.785575867, -130.430328369, -108.887588501, 155.416442871, 171.650115967, -83.8870010376], [3386.46875, 2844.83813477, -187.919281006, -836.846313477, -61.2118606567, 90.615020752, -129.760879517, -99.5051651001, -70.8469848633, -52.1368103027, 101.111526489, 134.114379883, -19.2705287933], [-559.448486328, -187.919281006, 526.898803711, 305.321350098, -47.2383003235, 63.9545974731, 125.826927185, 34.1335792542, 76.3371124268, 76.4217758179, -51.0871009827, -35.628162384, 86.54662323], [-1124.68823242, -836.846313477, 305.321350098, 459.514892578, 58.5804977417, -27.2788906097, 76.1532669067, 70.2454223633, 61.0322875977, 50.1315536499, -38.6398582458, -63.1121368408, 32.3341140747], [-18.6347808838, -61.2118606567, -47.2383003235, 58.5804977417, 75.1093978882, -5.02192878723, -21.7639884949, 8.42543506622, 1.25856769085, -5.06014728546, 4.14039373398, -10.9078264236, -21.8178787231], [45.5821647644, 90.615020752, 63.9545974731, -27.2788906097, -5.02192878723, 78.0869827271, 44.3038024902, -19.9721508026, 1.50271582603, 15.6662073135, -13.9386930466, -8.82471752167, 10.3115243912], [-236.38621521, -129.760879517, 125.826927185, 76.1532669067, -21.7639884949, 44.3038024902, 87.3909683228, 34.6767539978, 12.1096782684, 13.0050811768, -11.1668834686, -6.89077806473, 23.7530021667], [-124.785575867, -99.5051651001, 34.1335792542, 70.2454223633, 8.42543506622, -19.9721508026, 34.6767539978, 72.8237838745, 31.2105388641, -13.7399759293, -2.41399765015, 16.7991218567, 11.8976888657], [-130.430328369, -70.8469848633, 76.3371124268, 61.0322875977, 1.25856769085, 1.50271582603, 12.1096782684, 31.2105388641, 59.5542182922, 32.5285301208, -23.1647033691, -20.1813697815, 16.8664722443], [-108.887588501, -52.1368103027, 76.4217758179, 50.1315536499, -5.06014728546, 15.6662073135, 13.0050811768, -13.7399759293, 32.5285301208, 70.1311035156, 5.79950284958, -41.5232124329, 1.95275974274], [155.416442871, 101.111526489, -51.0871009827, -38.6398582458, 4.14039373398, -13.9386930466, -11.1668834686, -2.41399765015, -23.1647033691, 5.79950284958, 70.4892654419, 54.9138755798, -11.8247718811], [171.650115967, 134.114379883, -35.628162384, -63.1121368408, -10.9078264236, -8.82471752167, -6.89077806473, 16.7991218567, -20.1813697815, -41.5232124329, 54.9138755798, 114.36013031, 27.3390579224], [-83.8870010376, -19.2705287933, 86.54662323, 32.3341140747, -21.8178787231, 10.3115243912, 23.7530021667, 11.8976888657, 16.8664722443, 1.95275974274, -11.8247718811, 27.3390579224, 59.3711242676]], "icov": [[1330.42004395, -1907.57434082, 1964.27734375, -1998.27038574, 1948.76123047, -1778.42089844, 1489.9432373, -1127.0579834, 755.490722656, -437.709533691, 209.798950195, -77.1877212524, 17.4138240814], [-1907.57434082, 2770.13720703, -2943.66870117, 3108.82714844, -3137.91894531, 2945.5859375, -2522.79003906, 1941.09204102, -1318.4440918, 771.905090332, -373.141265869, 138.283538818, -31.4099884033], [1964.27734375, -2943.66870117, 3362.48095703, -3835.72241211, 4126.453125, -4063.86572266, 3604.94702148, -2846.33105469, 1971.12231445, -1171.46508789, 573.117431641, -214.557830811, 49.1932258606], [-1998.27038574, 3108.82714844, -3835.72241211, 4697.26171875, -5320.39794922, 5427.43701172, -4932.08496094, 3960.96704102, -2777.34521484, 1666.43310547, -821.553466797, 309.612701416, -71.447807312], [1948.76123047, -3137.91894531, 4126.453125, -5320.39794922, 6233.50390625, -6498.19140625, 5990.27978516, -4858.91455078, 3431.94018555, -2071.04272461, 1025.94995117, -388.348846436, 90.0302124023], [-1778.42089844, 2945.5859375, -4063.86572266, 5427.43701172, -6498.19140625, 6865.85351562, -6385.37011719, 5211.85742188, -3698.83740234, 2241.04077148, -1114.22229004, 423.321838379, -98.5486221313], [1489.9432373, -2522.79003906, 3604.94702148, -4932.08496094, 5990.27978516, -6385.37011719, 5973.91455078, -4897.57958984, 3488.40795898, -2120.60424805, 1057.92004395, -403.458679199, 94.3770370483], [-1127.0579834, 1941.09204102, -2846.33105469, 3960.96704102, -4858.91455078, 5211.85742188, -4897.57958984, 4029.40332031, -2879.13549805, 1755.85913086, -879.087280273, 336.700836182, -79.221031189], [755.490722656, -1318.4440918, 1971.12231445, -2777.34521484, 3431.94018555, -3698.83740234, 3488.40795898, -2879.13549805, 2063.66064453, -1262.84460449, 634.83605957, -244.408966064, 57.924118042], [-437.709533691, 771.905090332, -1171.46508789, 1666.43310547, -2071.04272461, 2241.04077148, -2120.60424805, 1755.85913086, -1262.84460449, 775.939025879, -392.04284668, 151.951507568, -36.3675231934], [209.798950195, -373.141265869, 573.117431641, -821.553466797, 1025.94995117, -1114.22229004, 1057.92004395, -879.087280273, 634.83605957, -392.04284668, 199.409103394, -77.9809875488, 18.9204349518], [-77.1877212524, 138.283538818, -214.557830811, 309.612701416, -388.348846436, 423.321838379, -403.458679199, 336.700836182, -244.408966064, 151.951507568, -77.9809875488, 30.8831863403, -7.6388630867], [17.4138240814, -31.4099884033, 49.1932258606, -71.447807312, 90.0302124023, -98.5486221313, 94.3770370483, -79.221031189, 57.924118042, -36.3675231934, 18.9204349518, -7.6388630867, 1.9719171524]]}, "spectral_contrast_coeffs": {"dmean": [0.0339898243546, 0.0299955587834, 0.0223305914551, 0.0179796274751, 0.0157097186893, 0.0189747922122], "dmean2": [0.0567325763404, 0.0506925396621, 0.0355704091489, 0.0287743341178, 0.0263778548688, 0.0336928106844], "dvar": [0.000868748116773, 0.000838064297568, 0.000520911766216, 0.000294563535135, 0.000238146662014, 0.000237479354837], "dvar2": [0.00238514179364, 0.00224023126066, 0.00132555514574, 0.000651991926134, 0.000573049357627, 0.000747540849261], "max": [-0.332744657993, -0.408012449741, -0.54235124588, -0.503507733345, -0.638127446175, -0.845577597618], "mean": [-0.568113446236, -0.630488157272, -0.718266844749, -0.682202279568, -0.776852071285, -0.905465602875], "median": [-0.568435072899, -0.623491764069, -0.713183701038, -0.664912581444, -0.769413948059, -0.901556372643], "min": [-0.951302409172, -0.956419825554, -0.955111682415, -0.967563569546, -0.957078516483, -0.960183739662], "var": [0.00676907086745, 0.0070814397186, 0.00437685614452, 0.00690126232803, 0.00348270172253, 0.000342361920048]}, "spectral_contrast_valleys": {"dmean": [0.278870731592, 0.225409418344, 0.220164746046, 0.205629333854, 0.207138583064, 0.500991523266], "dmean2": [0.454264640808, 0.36273470521, 0.347620010376, 0.326174438, 0.339899599552, 0.884310126305], "dvar": [0.168132841587, 0.161357745528, 0.152266189456, 0.133197724819, 0.136971563101, 0.259091496468], "dvar2": [0.247218713164, 0.217023193836, 0.210143148899, 0.175846293569, 0.179948762059, 0.642186760902], "max": [-5.65149641037, -5.39854001999, -6.43084001541, -7.89309072495, -9.93322181702, -12.356713295], "mean": [-7.19114112854, -7.03368902206, -8.29413890839, -10.2924404144, -12.3748226166, -13.9622831345], "median": [-6.97550964355, -6.74568367004, -8.004042