{"lowlevel": {"average_loudness": 0.862678468227, "barkbands_crest": {"dmean": 2.5203268528, "dmean2": 3.94749593735, "dvar": 7.00111913681, "dvar2": 16.5343036652, "max": 26.6616744995, "mean": 13.7494974136, "median": 13.1737117767, "min": 3.31587433815, "var": 23.519449234}, "barkbands_flatness_db": {"dmean": 0.0363720282912, "dmean2": 0.0522018671036, "dvar": 0.00146575935651, "dvar2": 0.00281047192402, "max": 0.502059161663, "mean": 0.203018561006, "median": 0.192099675536, "min": 0.0297256242484, "var": 0.00604769261554}, "barkbands_kurtosis": {"dmean": 18.1167869568, "dmean2": 27.2232780457, "dvar": 1398.99511719, "dvar2": 2883.95263672, "max": 798.375366211, "mean": 40.6556510925, "median": 17.1996574402, "min": -1.78254771233, "var": 4841.74707031}, "barkbands_skewness": {"dmean": 1.15407991409, "dmean2": 1.72606289387, "dvar": 2.13501167297, "dvar2": 4.674949646, "max": 25.268404007, "mean": 4.0731344223, "median": 3.4639518261, "min": -2.08088755608, "var": 10.0597009659}, "barkbands_spread": {"dmean": 5.46079301834, "dmean2": 8.4200630188, "dvar": 71.3607559204, "dvar2": 162.182250977, "max": 133.775741577, "mean": 14.8887968063, "median": 8.29546833038, "min": 0.208085566759, "var": 517.597839355}, "dissonance": {"dmean": 0.0287052262574, "dmean2": 0.0449549667537, "dvar": 0.00081962835975, "dvar2": 0.00207181018777, "max": 0.499767780304, "mean": 0.418872505426, "median": 0.426238656044, "min": 0.208911433816, "var": 0.00280583766289}, "dynamic_complexity": 5.79066419601, "erbbands_crest": {"dmean": 3.03606939316, "dmean2": 4.65920877457, "dvar": 10.8751211166, "dvar2": 22.0649299622, "max": 32.8822822571, "mean": 13.0121841431, "median": 11.7927083969, "min": 2.6315100193, "var": 44.4480056763}, "erbbands_flatness_db": {"dmean": 0.0240973141044, "dmean2": 0.0336469449103, "dvar": 0.000707959698047, "dvar2": 0.00124157604296, "max": 0.460540115833, "mean": 0.170216307044, "median": 0.153465092182, "min": 0.0457907542586, "var": 0.00479296501726}, "erbbands_kurtosis": {"dmean": 4.78557443619, "dmean2": 7.41361427307, "dvar": 129.767166138, "dvar2": 269.05480957, "max": 214.677078247, "mean": 8.56784725189, "median": 2.10883307457, "min": -1.85519850254, "var": 342.755187988}, "erbbands_skewness": {"dmean": 0.724645912647, "dmean2": 1.07427501678, "dvar": 1.02239394188, "dvar2": 2.14709830284, "max": 12.2946748734, "mean": 1.80415678024, "median": 1.47168016434, "min": -2.60589289665, "var": 3.73510408401}, "erbbands_spread": {"dmean": 10.7474479675, "dmean2": 15.6843013763, "dvar": 165.276351929, "dvar2": 374.513244629, "max": 134.825286865, "mean": 36.7563171387, "median": 32.6174163818, "min": 0.758117377758, "var": 552.600036621}, "hfc": {"dmean": 6.01869630814, "dmean2": 9.40079498291, "dvar": 164.936386108, "dvar2": 412.470123291, "max": 112.775741577, "mean": 9.87793159485, "median": 4.81288003922, "min": 1.14174694394e-16, "var": 204.592285156}, "melbands_crest": {"dmean": 3.15430450439, "dmean2": 4.99211168289, "dvar": 10.3628063202, "dvar2": 24.6302509308, "max": 35.1744766235, "mean": 17.7783927917, "median": 17.1409721375, "min": 1.92147135735, "var": 35.925075531}, "melbands_flatness_db": {"dmean": 0.0411553382874, "dmean2": 0.0582604967058, "dvar": 0.00203316425905, "dvar2": 0.00400290777907, "max": 0.597214460373, "mean": 0.284706711769, "median": 0.280012995005, "min": 0.00666946172714, "var": 0.0101075954735}, "melbands_kurtosis": {"dmean": 22.7273635864, "dmean2": 34.7716026306, "dvar": 1025.44824219, "dvar2": 2379.36352539, "max": 373.607452393, "mean": 51.503238678, "median": 32.6082839966, "min": -1.73174440861, "var": 3191.79516602}, "melbands_skewness": {"dmean": 1.20682299137, "dmean2": 1.87736916542, "dvar": 1.74520576, "dvar2": 4.58156824112, "max": 14.6076402664, "mean": 4.32919931412, "median": 4.07358837128, "min": -0.384900897741, "var": 6.25246429443}, "melbands_spread": {"dmean": 5.28455495834, "dmean2": 8.61793136597, "dvar": 90.2302246094, "dvar2": 240.203964233, "max": 220.467681885, "mean": 15.4189844131, "median": 5.69713306427, "min": 0.179378315806, "var": 1083.05090332}, "pitch_salience": {"dmean": 0.0825121998787, "dmean2": 0.128095448017, "dvar": 0.00751198735088, "dvar2": 0.0186136588454, "max": 0.904120862484, "mean": 0.485895514488, "median": 0.494031876326, "min": 0.0151883792132, "var": 0.0261171944439}, "silence_rate_20dB": {"dmean": 0, "dmean2": 0, "dvar": 0, "dvar2": 0, "max": 1, "mean": 1, "median": 1, "min": 1, "var": 0}, "silence_rate_30dB": {"dmean": 0.0110192839056, "dmean2": 0.0220472440124, "dvar": 0.0108979810029, "dvar2": 0.0294349193573, "max": 1, "mean": 0.992918968201, "median": 1, "min": 0, "var": 0.00703096203506}, "silence_rate_60dB": {"dmean": 0.0432900451124, "dmean2": 0.086614176631, "dvar": 0.0414178073406, "dvar2": 0.0885642915964, "max": 1, "mean": 0.255310773849, "median": 0, "min": 0, "var": 0.190129324794}, "spectral_centroid": {"dmean": 244.968658447, "dmean2": 384.84677124, "dvar": 169298.234375, "dvar2": 368951.15625, "max": 11278.0283203, "mean": 847.075439453, "median": 534.85333252, "min": 195.435974121, "var": 666717.1875}, "spectral_complexity": {"dmean": 3.69224715233, "dmean2": 5.80866146088, "dvar": 49.4585227966, "dvar2": 106.837730408, "max": 51, "mean": 8.47442913055, "median": 5, "min": 0, "var": 95.7960662842}, "spectral_decrease": {"dmean": 2.75996669963e-09, "dmean2": 4.28237356687e-09, "dvar": 2.23648809227e-17, "dvar2": 5.56276314964e-17, "max": 1.9749009503e-19, "mean": -6.3744929335e-09, "median": -4.28919921802e-09, "min": -4.43084111623e-08, "var": 4.82384932589e-17}, "spectral_energy": {"dmean": 0.0108123542741, "dmean2": 0.0167781990021, "dvar": 0.000346344517311, "dvar2": 0.00086358608678, "max": 0.168792784214, "mean": 0.0249547623098, "median": 0.0168576836586, "min": 1.05312418908e-20, "var": 0.000735267647542}, "spectral_energyband_high": {"dmean": 0.00033967840136, "dmean2": 0.000526165531483, "dvar": 7.2720672506e-07, "dvar2": 1.79212406692e-06, "max": 0.00964621175081, "mean": 0.000378382741474, "median": 5.64916335861e-05, "min": 7.35563331909e-21, "var": 7.58567807679e-07}, "spectral_energyband_low": {"dmean": 0.00481512537226, "dmean2": 0.00712196854874, "dvar": 0.000125929713249, "dvar2": 0.000266412360361, "max": 0.156118527055, "mean": 0.0092363152653, "median": 0.00148097856436, "min": 2.66716617291e-23, "var": 0.000326021923684}, "spectral_energyband_middle_high": {"dmean": 0.00100254605059, "dmean2": 0.00165857747197, "dvar": 6.55538269712e-06, "dvar2": 1.70173334482e-05, "max": 0.021288909018, "mean": 0.00114829745144, "median": 0.000205879565328, "min": 1.8154738345e-21, "var": 6.5238859861e-06}, "spectral_energyband_middle_low": {"dmean": 0.0071861827746, "dmean2": 0.0117169804871, "dvar": 0.000206038763281, "dvar2": 0.00055385689484, "max": 0.134434327483, "mean": 0.0150383766741, "median": 0.00891984626651, "min": 2.97559721845e-22, "var": 0.000324429944158}, "spectral_entropy": {"dmean": 0.341269850731, "dmean2": 0.487341552973, "dvar": 0.150511026382, "dvar2": 0.278714507818, "max": 9.78989887238, "mean": 6.89472198486, "median": 6.9547700882, "min": 3.72325658798, "var": 0.804346203804}, "spectral_flux": {"dmean": 0.0320505127311, "dmean2": 0.0511846356094, "dvar": 0.00171937013511, "dvar2": 0.00395549880341, "max": 0.378480732441, "mean": 0.061927177012, "median": 0.0414208695292, "min": 1.0262184158e-10, "var": 0.00387145485729}, "spectral_kurtosis": {"dmean": 2.29702758789, "dmean2": 3.57288312912, "dvar": 11.2206220627, "dvar2": 25.1703395844, "max": 54.2590332031, "mean": 6.64847755432, "median": 4.65671205521, "min": -1.2238612175, "var": 37.5214538574}, "spectral_rms": {"dmean": 0.000909767870326, "dmean2": 0.00134744041134, "dvar": 1.65772121363e-06, "dvar2": 3.69340932593e-06, "max": 0.0128326108679, "mean": 0.0040760980919, "median": 0.00405543111265, "min": 3.2053678288e-12, "var": 7.73137253418e-06}, "spectral_rolloff": {"dmean": 353.947845459, "dmean2": 635.077636719, "dvar": 637967.0625, "dvar2": 1491893, "max": 18755.4199219, "mean": 1290.73913574, "median": 366.064453125, "min": 64.599609375, "var": 11033901}, "spectral_skewness": {"dmean": 0.313834071159, "dmean2": 0.473581403494, "dvar": 0.131983786821, "dvar2": 0.276328802109, "max": 6.06221580505, "mean": 2.01195073128, "median": 1.882853508, "min": -0.0196240395308, "var": 0.602793872356}, "spectral_spread": {"dmean": 873748.75, "dmean2": 1344935.5, "dvar": 1436389081090.0, "dvar2": 2390138552320.0, "max": 40644036, "mean": 5749750.5, "median": 5446968.5, "min": 1388195.875, "var": 4775319961600.0}, "spectral_strongpeak": {"dmean": 0.261139720678, "dmean2": 0.43673017621, "dvar": 0.128055214882, "dvar2": 0.318826317787, "max": 4.29781913757, "mean": 0.710483193398, "median": 0.545360207558, "min": 0, "var": 0.360449969769}, "zerocrossingrate": {"dmean": 0.0102779259905, "dmean2": 0.0126735894009, "dvar": 0.000175395878614, "dvar2": 0.000245120259933, "max": 0.623046875, "mean": 0.0551790483296, "median": 0.03076171875, "min": 0.00244140625, "var": 0.00949422735721}, "barkbands": {"dmean": [0.000316824618494, 0.00373184029013, 0.00152346061077, 0.00200059195049, 0.00467057898641, 0.00107378559187, 0.000245527829975, 0.000259508175077, 0.000115694012493, 0.000107763953565, 5.84827139392e-05, 7.15526766726e-05, 8.094052464e-05, 0.000119509990327, 0.000118904208648, 0.000108530242869, 0.000116988281661, 0.00016976063489, 0.00014739127073, 8.78569480847e-05, 5.5867665651e-05, 5.54393554921e-05, 5.2299878007e-05, 5.37077139597e-05, 4.67391837446e-05, 3.65465966752e-05, 1.08852173071e-05], "dmean2": [0.000471098319395, 0.00543793616816, 0.0024848843459, 0.00359441642649, 0.00753051275387, 0.00165470526554, 0.000398014934035, 0.000407827843446, 0.000213283623452, 0.000164475946804, 0.000102324418549, 0.000122950645164, 0.000140170785016, 0.00021435553208, 0.000202671842999, 0.000194006279344, 0.000189391066669, 0.000283782515908, 0.00023813082953, 0.000147922721226, 8.93712058314e-05, 8.68266361067e-05, 8.03397488198e-05, 8.55632169987e-05, 7.56213776185e-05, 6.14353702986e-05, 1.7622458472e-05], "dvar": [1.34226775117e-06, 9.13979238248e-05, 2.50411703746e-05, 4.01764955313e-05, 7.76232918724e-05, 3.27150860358e-06, 2.71636196203e-07, 3.27629464891e-07, 1.03340369151e-07, 6.20973281684e-08, 2.49869103186e-08, 5.19899110429e-08, 7.76163346927e-08, 1.82247902103e-07, 1.25617049207e-07, 8.26702688528e-08, 9.92873694372e-08, 2.13986709241e-07, 1.37019540603e-07, 6.95982507182e-08, 1.55869717133e-08, 1.96201668246e-08, 1.6879321052e-08, 2.8455563239e-08, 3.00983202806e-08, 1.39966616075e-08, 8.99613106231e-10], "dvar2": [2.70485566034e-06, 0.000202614988666, 6.28992711427e-05, 0.000112871624879, 0.000201445960556, 6.9582724791e-06, 6.28014788617e-07, 7.66672485497e-07, 2.95181763477e-07, 1.2210858813e-07, 6.89341703719e-08, 1.37320412819e-07, 2.0626620767e-07, 4.90967181577e-07, 3.36499056175e-07, 2.29379253369e-07, 2.45628967832e-07, 5.61705519431e-07, 3.38302953651e-07, 1.83642342222e-07, 3.70326027621e-08, 4.919379748e-08, 3.98687802772e-08, 7.26946254304e-08, 7.99858241862e-08, 3.65736916308e-08, 2.34744357286e-09], "max": [0.0178124438971, 0.135743021965, 0.0721743628383, 0.0637593790889, 0.0778545364738, 0.021671436727, 0.00521463667974, 0.016966290772, 0.00411681225523, 0.012224605307, 0.00171592086554, 0.0025507742539, 0.00409073987976, 0.00442817620933, 0.00343883084133, 0.00226649595425, 0.0034862908069, 0.00424473639578, 0.00290472037159, 0.0035648047924, 0.000929819012526, 0.00119938643184, 0.00136239279527, 0.00243599596433, 0.00302048353478, 0.00131670502014, 0.000302864209516], "mean": [0.000399619544623, 0.00582277821377, 0.00224589672871, 0.00223031197675, 0.00920764822513, 0.00236905296333, 0.00044052436715, 0.000545832328498, 9.22237159102e-05, 0.000209322504816, 6.97963841958e-05, 7.16589129297e-05, 6.57793789287e-05, 0.000101523415651, 0.000113826150482, 0.000101999547041, 0.000127536986838, 0.000164943616255, 0.000157313101226, 8.89520670171e-05, 6.9948779128e-05, 5.96375248278e-05, 6.05182649451e-05, 5.1069768233e-05, 4.54186047136e-05, 3.12436241074e-05, 1.03983766166e-05], "median": [1.09360589704e-05, 0.000198948488105, 0.000243413232965, 0.000456593348645, 0.00402096984908, 0.000840602326207, 6.69703586027e-05, 0.000149318075273, 1.24644220705e-05, 6.14592645434e-05, 1.11441258923e-05, 9.60118359217e-06, 7.95755113359e-06, 6.96786446497e-06, 9.22828621697e-06, 6.48209879728e-06, 1.00288334579e-05, 1.05020262708e-05, 8.32227851788e-06, 6.0678871705e-06, 7.90588092059e-06, 4.31799981016e-06, 6.39407153358e-06, 4.20605101681e-06, 5.05428897668e-06, 5.65891423321e-06, 2.99477824228e-06], "min": [1.15042796472e-23, 5.54327312174e-24, 1.61869193264e-23, 1.24846933352e-23, 3.34520158728e-23, 5.01113981949e-23, 5.78633576056e-23, 4.98764280856e-23, 4.57259437179e-23, 1.43406329763e-22, 2.98534217498e-23, 5.93244668416e-23, 3.87172869174e-23, 1.04004374688e-22, 2.16617544259e-22, 2.39821969828e-22, 1.76890168284e-22, 2.768566543e-22, 4.06931588174e-22, 4.96408887344e-22, 4.21910479042e-22, 4.39248960163e-22, 5.83156323885e-22, 8.08436924035e-22, 1.20743549975e-21, 1.41267342884e-21, 2.31071147166e-21], "var": [2.35374500335e-06, 0.000187322555576, 2.84290326817e-05, 3.2479489164e-05, 0.000154238150571, 9.00879331311e-06, 6.78801598042e-07, 2.15022805605e-06, 6.63014461111e-08, 3.82455624504e-07, 2.50150105074e-08, 4.46429275769e-08, 5.68529721079e-08, 1.31343625753e-07, 1.09108384549e-07, 6.76740157246e-08, 1.10654220009e-07, 2.02551561301e-07, 1.53775843614e-07, 5.98255098794e-08, 2.1425266894e-08, 2.13847464181e-08, 1.9084836822e-08, 2.54256882215e-08, 2.55867185217e-08, 1.04073016871e-08, 7.14940051605e-10]}, "erbbands": {"dmean": [0.126852214336, 0.808659374714, 1.59057962894, 3.87147045135, 12.5074520111, 12.0014057159, 24.6154308319, 5.04995536804, 4.85634994507, 3.50787162781, 5.02568769455, 2.71820878983, 3.78014111519, 2.21769070625, 2.24208807945, 3.28844881058, 3.51274561882, 5.4095826149, 6.03448438644, 6.23604869843, 6.33482694626, 6.38412952423, 8.3378534317, 8.44899177551, 7.02395153046, 4.13022756577, 2.779327631, 2.0770149231, 2.06875109673, 1.71786928177, 1.36357748508, 1.11825668812, 0.892461597919, 0.577839851379, 0.306943148375, 0.182070851326, 0.0586295053363, 0.0164373088628, 0.00196006824262, 6.83802863932e-05], "dmean2": [0.173768863082, 1.20409584045, 2.43258738518, 6.65191411972, 22.2855968475, 18.4598922729, 37.0460510254, 8.00708770752, 7.64813518524, 5.66539716721, 8.10259246826, 4.89834117889, 5.7013220787, 3.86771345139, 3.93814849854, 5.65057992935, 6.01571750641, 9.73636722565, 10.3381481171, 10.874994278, 11.1090145111, 10.3291511536, 13.8441572189, 13.9058704376, 11.8217058182, 6.99117994308, 4.44867610931, 3.24011588097, 3.27151560783, 2.5684261322, 2.13436698914, 1.8172121048, 1.41614258289, 0.912324786186, 0.499648451805, 0.309005439281, 0.0977553576231, 0.0265524163842, 0.00316275539808, 0.000108677253593], "dvar": [0.12317854166, 4.53080320358, 22.6569232941, 129.164855957, 1640.30505371, 514.270385742, 2015.96594238, 137.550765991, 125.397544861, 69.7937164307, 135.324493408, 52.0034866333, 84.8894729614, 29.210647583, 39.5095787048, 112.382499695, 129.237564087, 385.089660645, 364.921356201, 353.60546875, 273.558563232, 307.350952148, 524.473815918, 462.404571533, 339.273773193, 151.770629883, 44.3784599304, 22.907989502, 28.3707733154, 15.62358284, 12.8820648193, 13.4146356583, 7.11381292343, 4.29064321518, 1.28405296803, 0.416915982962, 0.0357823967934, 0.00222204509191, 3.09862589347e-05, 2.56309622415e-08], "dvar2": [0.240774825215, 10.2299308777, 52.9384536743, 349.543762207, 4903.54394531, 1055.4284668, 4675.78515625, 327.647247314, 235.14465332, 166.128005981, 326.982269287, 147.960159302, 157.767440796, 81.5271530151, 109.516349792, 295.993560791, 331.98223877, 1056.25427246, 946.064758301, 985.400024414, 758.206054688, 763.496582031, 1359.45874023, 1159.81542969, 899.514160156, 404.719238281, 107.677032471, 56.29870224, 71.8525466919, 35.5339889526, 31.9763660431, 33.5930290222, 18.4535102844, 11.3306093216, 3.38230156898, 1.11345493793, 0.0935711860657, 0.00571716204286, 8.06561583886e-05, 6.62668639961e-08], "max": [4.85883426666, 25.8187656403, 65.9680709839, 144.716598511, 392.617553711, 232.851516724, 474.828552246, 237.779098511, 170.131729126, 302.804748535, 341.5340271, 79.6241607666, 475.665100098, 76.1328964233, 83.2495574951, 127.341117859, 155.673522949, 232.779495239, 196.788543701, 203.280792236, 139.819274902, 200.8800354, 238.892196655, 208.448699951, 140.413543701, 169.65057373, 61.0459899902, 46.8780059814, 54.8689422607, 33.277973175, 42.1479415894, 54.6232185364, 36.464679718, 36.1879425049, 18.7621631622, 9.12485027313, 1.9046959877, 0.529699981213, 0.0544716827571, 0.00157443445642], "mean": [0.202097103, 1.15916359425, 2.39261651039, 5.28598165512, 16.6954135895, 28.0183410645, 45.1654586792, 11.2240219116, 10.5978412628, 7.34864282608, 9.18527603149, 2.84005641937, 7.41590356827, 2.84468150139, 2.6406750679, 3.40729427338, 3.07970404625, 4.72961235046, 5.48729228973, 6.05251979828, 6.20132780075, 6.73862838745, 8.05841350555, 9.33249092102, 6.66863250732, 4.2149720192, 3.46975159645, 2.50039720535, 2.20508861542, 2.04229807854, 1.46705758572, 1.05498015881, 0.858929276466, 0.561108529568, 0.295853048563, 0.153435960412, 0.0503478758037, 0.0149767072871, 0.00189332431182, 9.05384004e-05], "median": [0.00384611077607, 0.0698309838772, 0.421875059605, 1.1876578331, 4.54606389999, 8.91324615479, 14.7308254242, 4.76833629608, 1.5520195961, 1.39726090431, 2.88596200943, 0.687165856361, 1.99698090553, 0.89101421833, 0.509551167488, 0.498568713665, 0.428993821144, 0.418089836836, 0.477947205305, 0.445907652378, 0.481910228729, 0.474838405848, 0.539048373699, 0.576326847076, 0.305433630943, 0.305669248104, 0.392075717449, 0.262458622456, 0.169730380177, 0.204563826323, 0.161302536726, 0.0845981240273, 0.0730507671833, 0.0519801266491, 0.0397000014782, 0.0233305431902, 0.0095580779016, 0.00351574318483, 0.000559319858439, 5.07852164446e-05], "min": [1.90880004282e-22, 1.51686627818e-21, 1.56800276136e-20, 2.48093243819e-20, 1.03480566049e-19, 9.68677675772e-20, 2.26231131648e-19, 4.65891902432e-19, 9.02178493754e-19, 5.72997522893e-19, 1.33541506336e-18, 1.20099552548e-18, 2.97857833093e-18, 3.51673314526e-18, 1.12643915194e-18, 2.87930838561e-18, 1.64079608345e-18, 3.99320199939e-18, 9.34969360122e-18, 1.30815073542e-17, 1.34790445664e-17, 9.30752145205e-18, 1.20572393802e-17, 2.15173930261e-17, 1.75876845833e-17, 2.5594271789e-17, 1.76998932878e-17, 1.80109280873e-17, 1.72758110226e-17, 1.6728308447e-17, 1.54334994731e-17, 1.66908603263e-17, 1.26221938124e-17, 1.13949944459e-17, 9.85028759151e-18, 5.39465895606e-18, 2.59061180528e-18, 1.25210205245e-18, 3.27844040196e-19, 3.38252667101e-20], "var": [0.300136566162, 7.57442235947, 29.5725460052, 123.234779358, 1340.81750488, 1924.20336914, 4105.37548828, 337.828674316, 462.361663818, 517.069030762, 609.702453613, 41.8643913269, 565.742858887, 27.7294044495, 36.2046813965, 99.0266189575, 103.745193481, 269.043640137, 311.572052002, 285.113525391, 232.790466309, 333.570983887, 496.986724854, 514.84954834, 318.598388672, 129.398986816, 54.665397644, 30.8068237305, 29.9394645691, 20.0148506165, 12.7520055771, 11.7843675613, 6.43213605881, 3.64768767357, 1.10906338692, 0.305711627007, 0.0265620797873, 0.00177804531995, 2.46167746809e-05, 2.3595772447e-08]}, "gfcc": {"mean": [-121.454498291, 71.1324157715, -75.5968322754, 18.3805561066, -56.9470214844, -11.2339420319, -45.0273017883, -4.65825653076, -32.1721153259, -7.50540161133, -20.7125530243, 1.21317744255, -9.99250888824], "cov": [[44491.7539062, 5310.52636719, 1219.69934082, 2924.31469727, -125.862594604, -90.0150756836, -1096.66149902, 75.5886611938, 85.660987854, 126.324050903, -309.306121826, 102.086425781, -113.735969543], [5310.52636719, 1673.5592041, 241.305633545, 331.980712891, -7.66661739349, -208.994018555, -138.441940308, -63.8515090942, 65.3930664062, -49.7159309387, -0.281630039215, 62.8469963074, 93.1825866699], [1219.69934082, 241.305633545, 1641.2791748, 522.372314453, 343.121643066, 177.836303711, 154.594146729, 186.968154907, 189.971420288, 225.400924683, 51.9280776978, 77.3899765015, 61.0923805237], [2924.31469727, 331.980712891, 522.372314453, 967.067382812, 351.102813721, 283.618927002, 173.929016113, 193.715393066, 220.576248169, 158.862991333, 73.8311004639, 17.748796463, 40.8077850342], [-125.862594604, -7.66661739349, 343.121643066, 351.102813721, 412.74105835, 193.048843384, 128.641799927, 126.945198059, 145.255966187, 87.9990768433, 37.8542175293, 52.5779457092, 34.0905227661], [-90.0150756836, -208.994018555, 177.836303711, 283.618927002, 193.048843384, 445.664611816, 291.965881348, 167.65977478, 96.3970336914, 99.1679077148, -3.57588720322, -20.8116149902, -28.756565094], [-1096.66149902, -138.441940308, 154.594146729, 173.929016113, 128.641799927, 291.965881348, 367.657440186, 179.416748047, 104.540794373, 82.2170791626, 6.58761024475, -45.0571899414, -32.1550712585], [75.5886611938, -63.8515090942, 186.968154907, 193.715393066, 126.945198059, 167.65977478, 179.416748047, 236.584487915, 155.394424438, 105.34601593, 16.7486133575, -5.55896902084, -8.25003242493], [85.660987854, 65.3930664062, 189.971420288, 220.576248169, 145.255966187, 96.3970336914, 104.540794373, 155.394424438, 196.815612793, 123.616622925, 48.586139679, 32.7489128113, 34.282333374], [126.324050903, -49.7159309387, 225.400924683, 158.862991333, 87.9990768433, 99.1679077148, 82.2170791626, 105.34601593, 123.616622925, 168.557861328, 68.5364303589, 23.9654979706, 12.2507915497], [-309.306121826, -0.281630039215, 51.9280776978, 73.8311004639, 37.8542175293, -3.57588720322, 6.58761024475, 16.7486133575, 48.586139679, 68.5364303589, 108.639572144, 50.6753540039, 36.95262146], [102.086425781, 62.8469963074, 77.3899765015, 17.748796463, 52.5779457092, -20.8116149902, -45.0571899414, -5.55896902084, 32.7489128113, 23.9654979706, 50.6753540039, 114.537193298, 75.3082046509], [-113.735969543, 93.1825866699, 61.0923805237, 40.8077850342, 34.0905227661, -28.756565094, -32.1550712585, -8.25003242493, 34.282333374, 12.2507915497, 36.95262146, 75.3082046509, 123.085090637]], "icov": [[0.000103820893855, -0.000300730200252, 4.69028709631e-05, -0.000377129006665, 0.000234814768191, -0.000214257015614, 0.000585566100199, -0.000459061644506, 0.000592366443016, -0.000515089253895, 0.000599124818109, -0.00043065083446, 0.00040236901259], [-0.000300730200252, 0.00176081934478, -0.000264680129476, 0.000529141165316, -0.000251514080446, 0.00119511748198, -0.0018917331472, 0.00191146694124, -0.00269699608907, 0.00223532808013, -0.00127685349435, 0.000749632890802, -0.00121881335508], [4.69028709631e-05, -0.000264680129476, 0.00100637460127, -0.000467937497888, -0.000465282035293, 0.00036714959424, -7.91157217463e-05, -0.000542599707842, 0.00132180389483, -0.00198421115056, 0.00126887159422, -0.00080327730393, -3.16937507705e-06], [-0.000377129006665, 0.000529141165316, -0.000467937497888, 0.00377309322357, -0.00193733628839, -0.000753784144763, -0.0011713769054, 0.00136416510213, -0.00309336883947, 0.00216142274439, -0.00387973687612, 0.00361257698387, -0.0020209455397], [0.000234814768191, -0.000251514080446, -0.000465282035293, -0.00193733628839, 0.00557038653642, -0.00160302442964, 0.00123023334891, -0.000334012496751, -0.00179047579877, 0.000950842804741, 0.00132087257225, -0.00316471536644, 0.00160610349849], [-0.000214257015614, 0.00119511748198, 0.00036714959424, -0.000753784144763, -0.00160302442964, 0.0074999332428, -0.0057928902097, 0.000356365286279, 0.00151574471965, -0.00202660588548, 0.00226653972641, -0.00161095836665, -0.000243612754275], [0.000585566100199, -0.0018917331472, -7.91157217463e-05, -0.0011713769054, 0.00123023334891, -0.0057928902097, 0.0112059703097, -0.00562376854941, 0.00223887641914, -0.00116273271851, 0.000506681390107, 0.00157316890545, 0.00163476762827], [-0.000459061644506, 0.00191146694124, -0.000542599707842, 0.00136416510213, -0.000334012496751, 0.000356365286279, -0.00562376854941, 0.0153740476817, -0.0121240550652, 0.00240162410773, -0.000684308237396, 0.00143822515383, 0.000146134974784], [0.000592366443016, -0.00269699608907, 0.00132180389483, -0.00309336883947, -0.00179047579877, 0.00151574471965, 0.00223887641914, -0.0121240550652, 0.0246797669679, -0.013033753261, 0.0049142036587, -0.00383729464374, -0.0011232723482], [-0.000515089253895, 0.00223532808013, -0.00198421115056, 0.00216142274439, 0.000950842804741, -0.00202660588548, -0.00116273271851, 0.00240162410773, -0.013033753261, 0.021269230172, -0.0119853923097, 0.00357796112075, 0.00014280101459], [0.000599124818109, -0.00127685349435, 0.00126887159422, -0.00387973687612, 0.00132087257225, 0.00226653972641, 0.000506681390107, -0.000684308237396, 0.0049142036587, -0.0119853923097, 0.0220187585801, -0.00985558889806, 0.00167070701718], [-0.00043065083446, 0.000749632890802, -0.00080327730393, 0.00361257698387, -0.00316471536644, -0.00161095836665, 0.00157316890545, 0.00143822515383, -0.00383729464374, 0.00357796112075, -0.00985558889806, 0.0222975630313, -0.0107279401273], [0.00040236901259, -0.00121881335508, -3.16937507705e-06, -0.0020209455397, 0.00160610349849, -0.000243612754275, 0.00163476762827, 0.000146134974784, -0.0011232723482, 0.00014280101459, 0.00167070701718, -0.0107279401273, 0.0163865275681]]}, "melbands": {"dmean": [0.00105803611223, 0.000815109582618, 0.000972179695964, 0.000782120914664, 0.000875145196915, 0.000127929713926, 6.80979064782e-05, 4.29016981798e-05, 3.90108871215e-05, 1.57783561008e-05, 1.8734477635e-05, 8.78322407516e-06, 7.73794545239e-06, 7.63485422794e-06, 7.97776920081e-06, 8.59286410559e-06, 1.04967084553e-05, 1.00563984233e-05, 9.42210863286e-06, 7.3705396062e-06, 7.82483584771e-06, 6.5288386395e-06, 7.4270251389e-06, 8.32835667097e-06, 6.89229818818e-06, 5.51806351723e-06, 3.75159902433e-06, 2.72747229246e-06, 1.86223724086e-06, 1.40148677019e-06, 1.16195974442e-06, 1.22935568925e-06, 1.02981607597e-06, 1.00794045466e-06, 8.15351313577e-07, 6.93202593993e-07, 6.8567692324e-07, 6.49272692499e-07, 5.5913324104e-07, 4.69631004307e-07], "dmean2": [0.00151108228602, 0.00119788688608, 0.0017045683926, 0.0013339528814, 0.00130672764499, 0.000201326838578, 0.000107748550363, 6.86230414431e-05, 6.42046070425e-05, 2.86674530798e-05, 2.82396340481e-05, 1.54325935e-05, 1.35689479066e-05, 1.31479955598e-05, 1.3753669009e-05, 1.5035546312e-05, 1.8979615561e-05, 1.73494281626e-05, 1.64703051269e-05, 1.29905156427e-05, 1.37577053465e-05, 1.07154146463e-05, 1.1818724488e-05, 1.43372653838e-05, 1.1302195162e-05, 9.09972732188e-06, 6.44344163447e-06, 4.65761968371e-06, 2.95905920211e-06, 2.27385498874e-06, 1.78150992269e-06, 1.96175756173e-06, 1.6718970528e-06, 1.50662833676e-06, 1.2915387515e-06, 1.12231487037e-06, 1.12385976081e-06, 1.03738375401e-06, 9.07573735276e-07, 7.41534790905e-07], "dvar": [7.52246569391e-06, 4.70345230497e-06, 8.29151031212e-06, 3.92056790588e-06, 2.62116600425e-06, 7.12670811254e-08, 2.40702000553e-08, 1.06524060683e-08, 8.59310667067e-09, 1.81561632395e-09, 2.08053685391e-09, 4.64179056303e-10, 4.45332548615e-10, 5.50670509192e-10, 6.73208377933e-10, 9.81716263837e-10, 1.42281264548e-09, 1.13179854377e-09, 8.30556512454e-10, 4.82455408957e-10, 4.40698366688e-10, 3.41034811502e-10, 4.10682571284e-10, 5.19487175499e-10, 3.13139153496e-10, 1.96742927505e-10, 1.14482298641e-10, 7.29634408447e-11, 2.02293286289e-11, 1.09596403133e-11, 7.08060086257e-12, 1.07293288837e-11, 7.82964925533e-12, 5.46619000064e-12, 4.35343948391e-12, 4.52832302905e-12, 5.19859372564e-12, 3.54316576079e-12, 3.474680179e-12, 2.84442695092e-12], "dvar2": [1.59090541274e-05, 9.71372173808e-06, 2.34750714299e-05, 1.12483421617e-05, 5.94274251853e-06, 1.60774249025e-07, 4.63754510349e-08, 2.49790446105e-08, 2.13388204884e-08, 5.16207032675e-09, 3.85861120833e-09, 1.29916133407e-09, 1.22690435589e-09, 1.48614043294e-09, 1.76343184499e-09, 2.61189869732e-09, 3.91024235213e-09, 2.94521917965e-09, 2.26043184171e-09, 1.3557527323e-09, 1.23383092632e-09, 8.74933181461e-10, 1.00549690796e-09, 1.38530709126e-09, 7.83618947509e-10, 5.00279262461e-10, 3.08548908645e-10, 1.97330166096e-10, 4.96324682742e-11, 2.70230261779e-11, 1.722800895e-11, 2.72604057383e-11, 2.03935618392e-11, 1.22103317041e-11, 1.09020613717e-11, 1.11733582456e-11, 1.3131343235e-11, 9.28916318865e-12, 9.21200268844e-12, 7.41439982327e-12], "max": [0.0398586802185, 0.0264232289046, 0.0266469828784, 0.019787652418, 0.0175452902913, 0.00496897706762, 0.00230957614258, 0.00385707034729, 0.00258516846225, 0.000456560635939, 0.00235938932747, 0.000324234482832, 0.00025009381352, 0.000279393629171, 0.000302265107166, 0.000457437126897, 0.0004263833398, 0.000341686652973, 0.000257045816397, 0.000240460925852, 0.000206494354643, 0.000224737130338, 0.000195432265173, 0.000213438164792, 0.000175816181581, 0.000116732131573, 0.000115276488941, 0.000116476148833, 4.32919077866e-05, 2.93716620945e-05, 2.53160724242e-05, 3.90106615669e-05, 2.72056458925e-05, 2.15111904254e-05, 2.41977977566e-05, 2.95154986816e-05, 3.35266267939e-05, 2.41414945776e-05, 2.96565995086e-05, 2.94581168419e-05], "mean": [0.00170145044103, 0.0013876442099, 0.00130831764545, 0.00145229906775, 0.0016843409976, 0.000293007557048, 0.000143902740092, 8.95434932318e-05, 6.64655526634e-05, 1.4831009139e-05, 3.67361535609e-05, 1.07798841782e-05, 9.22140043258e-06, 7.95372307039e-06, 7.58263331591e-06, 6.80626362737e-06, 9.19480135053e-06, 8.84383734956e-06, 8.59705960465e-06, 7.73935880716e-06, 7.41137364457e-06, 7.01159706296e-06, 7.09125561116e-06, 7.92489754531e-06, 7.62310173741e-06, 5.56941631658e-06, 3.3352328046e-06, 2.75890306511e-06, 2.29219449466e-06, 1.67504902038e-06, 1.38067196076e-06, 1.3111765611e-06, 1.04344110241e-06, 1.24709504234e-06, 8.94816537311e-07, 6.67563654133e-07, 6.27642123163e-07, 6.19121067302e-07, 5.23195808455e-07, 4.60176664774e-07], "median": [5.43671667401e-05, 0.000218259141548, 0.000418010400608, 0.000614058342762, 0.000527436612174, 0.000118425217806, 1.88688081835e-05, 1.58700968313e-05, 2.02780101972e-05, 2.78690595223e-06, 9.92435343505e-06, 3.18503271046e-06, 1.4996213622e-06, 1.21641778605e-06, 1.01190835267e-06, 7.85288420957e-07, 7.49684886614e-07, 6.930544032e-07, 6.26973246654e-07, 5.87521640227e-07, 5.62898264889e-07, 5.20006267379e-07, 3.93677964894e-07, 5.76703882871e-07, 4.47114757662e-07, 2.30094656217e-07, 1.57777208187e-07, 1.91864558019e-07, 2.46057652475e-07, 1.8563665094e-07, 1.31833985506e-07, 9.72501155161e-08, 7.00329465531e-08, 1.33349800535e-07, 1.03531434092e-07, 5.28815107259e-08, 4.85806950223e-08, 5.06801178801e-08, 4.70775347594e-08, 4.11058351801e-08], "min": [1.97896486583e-24, 5.98608559696e-24, 7.19384663121e-24, 7.93741666528e-24, 7.07170256409e-24, 1.06631306746e-23, 1.30454117223e-23, 6.90541857388e-24, 1.15416519326e-23, 6.92474803264e-24, 1.54927595952e-23, 1.54529631402e-23, 3.75826509224e-24, 5.50639150784e-24, 5.5493899492e-24, 3.92414676339e-24, 7.99244050228e-24, 1.51946900798e-23, 1.46741775665e-23, 1.71033832162e-23, 1.59548490699e-23, 8.45659600372e-24, 1.10030145511e-23, 1.32107049032e-23, 1.77885499332e-23, 1.52035016562e-23, 9.70598286135e-24, 1.97534983185e-23, 1.21936801807e-23, 7.8094523824e-24, 1.19090631104e-23, 9.23662403338e-24, 9.33142775925e-24, 9.92078416382e-24, 8.71171519819e-24, 9.29051112182e-24, 1.0571439005e-23, 9.54042225659e-24, 8.1148267497e-24, 9.61244841268e-24], "var": [1.73565131263e-05, 8.84897872311e-06, 7.13778581485e-06, 4.69590304419e-06, 6.27418739896e-06, 1.93318811625e-07, 8.6067565519e-08, 8.10511338045e-08, 3.36462129269e-08, 1.31994415398e-09, 1.39251579157e-08, 4.06426808874e-10, 4.53388687705e-10, 4.68905192452e-10, 5.37216215957e-10, 7.0353844972e-10, 9.98583993272e-10, 9.32212973481e-10, 6.64217791879e-10, 4.08679812214e-10, 3.50939943772e-10, 3.59037716224e-10, 4.2073144968e-10, 4.66772731578e-10, 3.47353174002e-10, 2.11101164327e-10, 9.31648161395e-11, 5.90649404386e-11, 2.43592472582e-11, 1.36811343504e-11, 9.70160844022e-12, 1.10661584063e-11, 7.38264224059e-12, 7.2758981999e-12, 4.36418869793e-12, 4.04828948142e-12, 4.45628776935e-12, 3.20960185513e-12, 2.89416234034e-12, 2.46367813303e-12]}, "mfcc": {"mean": [-763.860717773, 115.196846008, 23.6027946472, 27.0746803284, 4.01502418518, -6.2897605896, -9.29677581787, -5.56548452377, -9.80845832825, -10.3389530182, -10.2355585098, -10.7545986176, -10.3220081329], "cov": [[18667.4667969, 1947.71630859, 1374.68835449, 2419.01464844, 1358.97497559, 729.641540527, 138.132873535, 314.017974854, 370.177185059, 498.231842041, 292.855224609, 195.098983765, 387.376251221], [1947.71630859, 1491.87548828, 452.028045654, 400.111328125, 197.482498169, -34.2541427612, -132.634979248, -24.9432373047, -18.3119068146, -80.6544036865, -77.3497772217, -9.69602584839, 0.506790518761], [1374.68835449, 452.028045654, 1011.40252686, 552.533203125, 255.333557129, 201.090164185, 139.121780396, 84.5718841553, 161.932723999, 182.580703735, 86.6297836304, 86.7185745239, 136.132064819], [2419.01464844, 400.111328125, 552.533203125, 801.514709473, 434.438995361, 218.760177612, 58.4673118591, 104.784446716, 147.895446777, 172.929168701, 89.9686737061, 82.2252655029, 138.712081909], [1358.97497559, 197.482498169, 255.333557129, 434.438995361, 416.403289795, 178.725204468, 34.0070877075, 92.6294631958, 112.607582092, 75.5046463013, 53.0034675598, 61.3257751465, 79.2989349365], [729.641540527, -34.2541427612, 201.090164185, 218.760177612, 178.725204468, 319.15536499, 185.120864868, 133.184082031, 146.301589966, 121.338127136, 79.6689147949, 80.6958465576, 88.4775009155], [138.132873535, -132.634979248, 139.121780396, 58.4673118591, 34.0070877075, 185.120864868, 224.164901733, 127.95098877, 115.463470459, 117.973594666, 75.3698501587, 58.6976013184, 42.8139801025], [314.017974854, -24.9432373047, 84.5718841553, 104.784446716, 92.6294631958, 133.184082031, 127.95098877, 189.589691162, 159.745498657, 104.546821594, 73.6395492554, 65.5780563354, 50.9082069397], [370.177185059, -18.3119068146, 161.932723999, 147.895446777, 112.607582092, 146.301589966, 115.463470459, 159.745498657, 234.462295532, 170.472717285, 86.4169998169, 90.1979827881, 80.3035125732], [498.231842041, -80.6544036865, 182.580703735, 172.929168701, 75.5046463013, 121.338127136, 117.973594666, 104.546821594, 170.472717285, 236.226242065, 128.905029297, 85.0626754761, 88.8783340454], [292.855224609, -77.3497772217, 86.6297836304, 89.9686737061, 53.0034675598, 79.6689147949, 75.3698501587, 73.6395492554, 86.4169998169, 128.905029297, 137.226715088, 81.1622543335, 59.8147201538], [195.098983765, -9.69602584839, 86.7185745239, 82.2252655029, 61.3257751465, 80.6958465576, 58.6976013184, 65.5780563354, 90.1979827881, 85.0626754761, 81.1622543335, 128.699539185, 94.5801925659], [387.376251221, 0.506790518761, 136.132064819, 138.712081909, 79.2989349365, 88.4775009155, 42.8139801025, 50.9082069397, 80.3035125732, 88.8783340454, 59.8147201538, 94.5801925659, 134.609817505]], "icov": [[9.75393559202e-05, -9.01694875211e-05, 7.88919060142e-05, -0.000257559935562, -1.73433927557e-05, -8.82898020791e-05, -3.44889690496e-06, -1.16917308333e-05, 8.93557153177e-05, -8.22521615191e-05, -0.000102602272818, 0.00013543276873, -6.95284325047e-05], [-9.01694875211e-05, 0.00114753120579, -0.000586254172958, -0.00025401925086, 0.000180494127562, 6.37445991742e-05, 0.000970485329162, -0.000558595347684, 1.46920444877e-06, 0.000498882320244, 0.000745217024814, -0.000937112607062, 0.000861191365402], [7.88919060142e-05, -0.000586254172958, 0.00220754859038, -0.00142811285332, 0.000215037332964, 0.000427038350608, -0.00209577032365, 0.00173252657987, -0.00126359425485, 0.000324310472934, -0.000570045143832, 0.000883665052243, -0.0012096123537], [-0.000257559935562, -0.00025401925086, -0.00142811285332, 0.00562819140032, -0.00366695341654, -0.000482271803776, 0.00135519600008, -0.00118801137432, 0.00209691072814, -0.00310041708872, 0.000943203922361, 0.000628357636742, -0.0011822914239], [-1.73433927557e-05, 0.000180494127562, 0.000215037332964, -0.00366695341654, 0.00729268183932, -0.00272767757997, 0.002516197972, -0.000927576271351, -0.00170525209978, 0.00249669700861, -0.000948017637711, -0.000802524329629, 0.00101164216176], [-8.82898020791e-05, 6.37445991742e-05, 0.000427038350608, -0.000482271803776, -0.00272767757997, 0.0101860603318, -0.00841499306262, 0.00204590591602, -0.00315425964072, 0.00275945826434, -0.00101185194217, 0.0012916586129, -0.00326481764205], [-3.44889690496e-06, 0.000970485329162, -0.00209577032365, 0.00135519600008, 0.002516197972, -0.00841499306262, 0.0171346738935, -0.00892656203359, 0.00550590455532, -0.0059064636007, 0.00236233277246, -0.00346743944101, 0.00470591988415], [-1.16917308333e-05, -0.000558595347684, 0.00173252657987, -0.00118801137432, -0.000927576271351, 0.00204590591602, -0.00892656203359, 0.019679794088, -0.0139118432999, 0.00741947535425, -0.00620226189494, 0.00275945547037, -0.00167636258993], [8.93557153177e-05, 1.46920444877e-06, -0.00126359425485, 0.00209691072814, -0.00170525209978, -0.00315425964072, 0.00550590455532, -0.0139118432999, 0.0222656633705, -0.0144851505756, 0.00849193241447, -0.00649134768173, 0.00251654908061], [-8.22521615191e-05, 0.000498882320244, 0.000324310472934, -0.00310041708872, 0.00249669700861, 0.00275945826434, -0.0059064636007, 0.00741947535425, -0.0144851505756, 0.0216050259769, -0.0135775767267, 0.00592896062881, -0.00486647943035], [-0.000102602272818, 0.000745217024814, -0.000570045143832, 0.000943203922361, -0.000948017637711, -0.00101185194217, 0.00236233277246, -0.00620226189494, 0.00849193241447, -0.0135775767267, 0.0229580327868, -0.0116958916187, 0.00462994119152], [0.00013543276873, -0.000937112607062, 0.000883665052243, 0.000628357636742, -0.000802524329629, 0.0012916586129, -0.00346743944101, 0.00275945547037, -0.00649134768173, 0.00592896062881, -0.0116958916187, 0.0250445324928, -0.0146863004193], [-6.95284325047e-05, 0.000861191365402, -0.0012096123537, -0.0011822914239, 0.00101164216176, -0.00326481764205, 0.00470591988415, -0.00167636258993, 0.00251654908061, -0.00486647943035, 0.00462994119152, -0.0146863004193, 0.0207280274481]]}, "spectral_contrast_coeffs": {"dmean": [0.0555059798062, 0.0663093775511, 0.0468131825328, 0.034489620477, 0.0268784537911, 0.0195988398045], "dmean2": [0.0894605070353, 0.107198998332, 0.0753435492516, 0.055794917047, 0.0436488129199, 0.031092774123], "dvar": [0.00294210482389, 0.00401386898011, 0.00228308793157, 0.00112456455827, 0.000978933880106, 0.000383386592148], "dvar2": [0.00720527768135, 0.0100154783577, 0.00554642174393, 0.00280934548937, 0.00239614816383, 0.000864262750838], "max": [-0.23167347908, -0.355935364962, -0.430992305279, -0.491522073746, -0.539433419704, -0.600426197052], "mean": [-0.519450485706, -0.650025904179, -0.744271636009, -0.789503931999, -0.796633243561, -0.80659455061], "median": [-0.508576869965, -0.648208618164, -0.755257248878, -0.799734950066, -0.803827941418, -0.805989861488], "min": [-0.960745990276, -0.977083623409, -0.98112308979, -0.962640583515, -0.95668566227, -0.960390746593], "var": [0.0170703511685, 0.0140841007233, 0.00911610852927, 0.00465635815635, 0.00320197804831, 0.00210618670098]}, "spectral_contrast_valleys": {"dmean": [0.559990882874, 0.710789978504, 0.671737313271, 0.591032803059, 0.498326271772, 0.461582005024], "dmean2": [0.869442999363, 1.14553511143, 1.04673528671, 0.855568885803, 0.695699989796, 0.607661604881], "dvar": [0.423610419035, 0.641808927059, 0.608388185501, 0.556475758553, 0.434493005276, 0.278284609318], "dvar2": [0.839821815491, 1.41127860546, 1.25542211533, 1.08321106434, 0.780612945557, 0.502180278301], "max": [-5.15410614014, -5.23475217819, -5.70338249207, -5.657954216, -5.67344474792, -7.6573009491], "mean": [-9.1354265213, -8.638920784, -9.44100761414, -9