{"lowlevel": {"average_loudness": 0.095236055553, "barkbands_crest": {"dmean": 1.99732720852, "dmean2": 2.9619641304, "dvar": 3.26129674911, "dvar2": 7.44475030899, "max": 26.3653278351, "mean": 13.0208482742, "median": 12.1848430634, "min": 4.43069219589, "var": 22.4533462524}, "barkbands_flatness_db": {"dmean": 0.0163153596222, "dmean2": 0.0240076705813, "dvar": 0.000199499962036, "dvar2": 0.000446765887318, "max": 0.452402621508, "mean": 0.273562610149, "median": 0.279257118702, "min": 0.0578836090863, "var": 0.00400308705866}, "barkbands_kurtosis": {"dmean": 2.43557929993, "dmean2": 3.51118731499, "dvar": 22.3320827484, "dvar2": 45.7242698669, "max": 152.492996216, "mean": 5.47095775604, "median": 2.89878606796, "min": -1.84013593197, "var": 122.634658813}, "barkbands_skewness": {"dmean": 0.413261502981, "dmean2": 0.579177200794, "dvar": 0.177718341351, "dvar2": 0.338254779577, "max": 11.1453533173, "mean": 1.63747763634, "median": 1.58516526222, "min": -2.11829590797, "var": 1.8026702404}, "barkbands_spread": {"dmean": 1.79599058628, "dmean2": 2.51896381378, "dvar": 4.84529972076, "dvar2": 8.92387866974, "max": 64.8302230835, "mean": 9.16379261017, "median": 6.56334114075, "min": 0.363724410534, "var": 58.9787788391}, "dissonance": {"dmean": 0.0315239392221, "dmean2": 0.052741587162, "dvar": 0.000874846242368, "dvar2": 0.00235450360924, "max": 0.49998909235, "mean": 0.417191147804, "median": 0.425002902746, "min": 0.171101436019, "var": 0.00264805788174}, "dynamic_complexity": 8.20120811462, "erbbands_crest": {"dmean": 2.26633954048, "dmean2": 3.33956742287, "dvar": 4.35008192062, "dvar2": 9.69520282745, "max": 32.4415817261, "mean": 13.1293239594, "median": 11.9523105621, "min": 2.83820533752, "var": 29.023065567}, "erbbands_flatness_db": {"dmean": 0.0129014085978, "dmean2": 0.0183966550976, "dvar": 0.000138013972901, "dvar2": 0.000291690637823, "max": 0.49224960804, "mean": 0.32490286231, "median": 0.332497686148, "min": 0.077025167644, "var": 0.00418093847111}, "erbbands_kurtosis": {"dmean": 1.14019227028, "dmean2": 1.6367251873, "dvar": 3.98078465462, "dvar2": 8.13803768158, "max": 48.9760437012, "mean": 1.29649996758, "median": 0.0524052381516, "min": -1.80478215218, "var": 18.2776317596}, "erbbands_skewness": {"dmean": 0.340378642082, "dmean2": 0.470574200153, "dvar": 0.11384601146, "dvar2": 0.218139871955, "max": 6.4389591217, "mean": 0.78866481781, "median": 0.734520792961, "min": -2.96859335899, "var": 1.05673503876}, "erbbands_spread": {"dmean": 3.01192855835, "dmean2": 4.2301030159, "dvar": 10.5604848862, "dvar2": 20.005443573, "max": 87.1834945679, "mean": 17.3641109467, "median": 15.7340068817, "min": 1.27380788326, "var": 81.4397964478}, "hfc": {"dmean": 1.5849891901, "dmean2": 2.16979622841, "dvar": 16.2229480743, "dvar2": 27.6557178497, "max": 136.736114502, "mean": 7.64030313492, "median": 4.58256006241, "min": 1.01050951198e-16, "var": 128.598526001}, "melbands_crest": {"dmean": 2.51521062851, "dmean2": 3.82294940948, "dvar": 5.57188367844, "dvar2": 13.6522464752, "max": 35.5903892517, "mean": 16.2509422302, "median": 15.6027908325, "min": 1.6548807621, "var": 31.6399536133}, "melbands_flatness_db": {"dmean": 0.0179852768779, "dmean2": 0.0261813215911, "dvar": 0.000263001013082, "dvar2": 0.000564153480809, "max": 0.525502622128, "mean": 0.352547496557, "median": 0.363343119621, "min": 0.00422344915569, "var": 0.00618329644203}, "melbands_kurtosis": {"dmean": 3.29890537262, "dmean2": 4.70105743408, "dvar": 23.2673511505, "dvar2": 45.6629486084, "max": 155.187179565, "mean": 8.48073577881, "median": 5.42161035538, "min": -1.85311341286, "var": 142.077224731}, "melbands_skewness": {"dmean": 0.460010975599, "dmean2": 0.649958312511, "dvar": 0.187337979674, "dvar2": 0.385608136654, "max": 8.78602218628, "mean": 2.06637310982, "median": 1.9847407341, "min": -1.6634221077, "var": 1.53493046761}, "melbands_spread": {"dmean": 2.8667318821, "dmean2": 4.07218027115, "dvar": 21.7130222321, "dvar2": 39.9586448669, "max": 157.842178345, "mean": 13.5575475693, "median": 8.72006225586, "min": 0.674013733864, "var": 317.910400391}, "pitch_salience": {"dmean": 0.0522689819336, "dmean2": 0.0801229402423, "dvar": 0.00228975736536, "dvar2": 0.00541155179963, "max": 0.815229713917, "mean": 0.475147813559, "median": 0.474020987749, "min": 0.0986938104033, "var": 0.0146277295426}, "silence_rate_20dB": {"dmean": 0, "dmean2": 0, "dvar": 0, "dvar2": 0, "max": 1, "mean": 1, "median": 1, "min": 1, "var": 0}, "silence_rate_30dB": {"dmean": 0.00581254530698, "dmean2": 0.0116279069334, "dvar": 0.00577890407294, "dvar2": 0.0134302061051, "max": 1, "mean": 0.981840193272, "median": 1, "min": 0, "var": 0.0178292896599}, "silence_rate_60dB": {"dmean": 0.0285783484578, "dmean2": 0.0571705438197, "dvar": 0.027761252597, "dvar2": 0.0621361248195, "max": 1, "mean": 0.2924939394, "median": 0, "min": 0, "var": 0.206934809685}, "spectral_centroid": {"dmean": 104.161453247, "dmean2": 148.68145752, "dvar": 68617.3046875, "dvar2": 130214.109375, "max": 11959.4033203, "mean": 909.507202148, "median": 659.550598145, "min": 318.406524658, "var": 1728520.125}, "spectral_complexity": {"dmean": 1.13393068314, "dmean2": 1.89922475815, "dvar": 1.35451924801, "dvar2": 3.3459918499, "max": 21, "mean": 8.27142810822, "median": 9, "min": 0, "var": 20.7586040497}, "spectral_decrease": {"dmean": 8.63860094569e-10, "dmean2": 1.22688881277e-09, "dvar": 4.04225546408e-18, "dvar2": 7.61741278959e-18, "max": 2.59878745166e-18, "mean": -3.68221053648e-09, "median": -1.88975413096e-09, "min": -5.43621752058e-08, "var": 3.58508647072e-17}, "spectral_energy": {"dmean": 0.00339633598924, "dmean2": 0.00481828674674, "dvar": 6.29464993835e-05, "dvar2": 0.000117987743579, "max": 0.214519321918, "mean": 0.0145904533565, "median": 0.00753051973879, "min": 1.00781827908e-20, "var": 0.00055683334358}, "spectral_energyband_high": {"dmean": 9.13754092835e-07, "dmean2": 1.36231506076e-06, "dvar": 2.30475118157e-11, "dvar2": 4.45003651983e-11, "max": 0.000131073582452, "mean": 2.05069159165e-06, "median": 5.36931850093e-07, "min": 6.70634419805e-21, "var": 5.39272029809e-11}, "spectral_energyband_low": {"dmean": 8.79072758835e-05, "dmean2": 0.000134244575747, "dvar": 9.97423015292e-08, "dvar2": 2.66729671239e-07, "max": 0.00831955391914, "mean": 0.000165552031831, "median": 1.05057060864e-05, "min": 1.37233114526e-23, "var": 2.22843965503e-07}, "spectral_energyband_middle_high": {"dmean": 0.000375881092623, "dmean2": 0.00048008406884, "dvar": 6.02346915457e-07, "dvar2": 1.01917930806e-06, "max": 0.0301546957344, "mean": 0.00153028324712, "median": 0.00106585456524, "min": 1.34914420085e-21, "var": 4.17378487327e-06}, "spectral_energyband_middle_low": {"dmean": 0.0033162869513, "dmean2": 0.00470222393051, "dvar": 5.97628604737e-05, "dvar2": 0.000112969697511, "max": 0.210092127323, "mean": 0.0130850030109, "median": 0.00627811811864, "min": 2.00352280001e-22, "var": 0.000506830518134}, "spectral_entropy": {"dmean": 0.148534491658, "dmean2": 0.229469805956, "dvar": 0.0189142432064, "dvar2": 0.0430860482156, "max": 9.82729816437, "mean": 6.16599464417, "median": 6.09698390961, "min": 4.78419780731, "var": 0.404066830873}, "spectral_flux": {"dmean": 0.0102123077959, "dmean2": 0.0168649386615, "dvar": 0.000321344821714, "dvar2": 0.000805808580481, "max": 0.359713077545, "mean": 0.0312004778534, "median": 0.0274930521846, "min": 6.27344842741e-11, "var": 0.000686751678586}, "spectral_kurtosis": {"dmean": 13.234787941, "dmean2": 23.2583580017, "dvar": 154.69644165, "dvar2": 455.526947021, "max": 126.454574585, "mean": 38.4515304565, "median": 34.2656478882, "min": -1.27034068108, "var": 502.270385742}, "spectral_rms": {"dmean": 0.000355325231794, "dmean2": 0.000503136427142, "dvar": 2.92509440669e-07, "dvar2": 5.47339993773e-07, "max": 0.0144667597488, "mean": 0.00299261347391, "median": 0.00271050678566, "min": 3.13566165221e-12, "var": 5.27888960278e-06}, "spectral_rolloff": {"dmean": 179.671279907, "dmean2": 306.056915283, "dvar": 250137.265625, "dvar2": 418148.46875, "max": 19702.8808594, "mean": 1232.12243652, "median": 775.1953125, "min": 172.265625, "var": 5232305}, "spectral_skewness": {"dmean": 0.842836797237, "dmean2": 1.47510147095, "dvar": 0.543732345104, "dvar2": 1.64134418964, "max": 9.26268768311, "mean": 4.07240390778, "median": 3.93448448181, "min": -0.102055646479, "var": 2.05493140221}, "spectral_spread": {"dmean": 236928.859375, "dmean2": 405346.21875, "dvar": 599356669952, "dvar2": 1041560043520.0, "max": 43931472, "mean": 2262607.25, "median": 1401486.5, "min": 543322.1875, "var": 24342935109600.0}, "spectral_strongpeak": {"dmean": 0.298110097647, "dmean2": 0.470541447401, "dvar": 0.207048043609, "dvar2": 0.447658330202, "max": 12.7763004303, "mean": 1.06912302971, "median": 0.772540450096, "min": 0, "var": 1.27851104736}, "zerocrossingrate": {"dmean": 0.00407370133325, "dmean2": 0.00493923434988, "dvar": 0.000120119453641, "dvar2": 0.000203019604669, "max": 0.53076171875, "mean": 0.0418066866696, "median": 0.03125, "min": 0.01318359375, "var": 0.00355889322236}, "barkbands": {"dmean": [5.13273744218e-06, 4.23706296715e-07, 1.30164871734e-05, 0.000169879611349, 0.000581733183935, 0.00138833012898, 0.0011224396294, 0.000798403343651, 0.000362003367627, 0.0001269056811, 0.000149962230353, 0.000122896773973, 5.7809324062e-05, 8.49492644193e-05, 5.64147267141e-05, 5.24908500665e-05, 2.41291709244e-05, 1.64641878655e-05, 4.35425590695e-06, 2.46049194175e-06, 3.35201434609e-07, 1.45815945984e-07, 3.65535619551e-08, 2.32873862416e-08, 1.15396074918e-08, 9.48042711002e-09, 1.02969819338e-08], "dmean2": [6.86543580741e-06, 7.97461382263e-07, 1.94028543774e-05, 0.000274477148196, 0.000925383646972, 0.00213305698708, 0.00161894457415, 0.000953791488428, 0.000460005714558, 0.000165717094205, 0.000197917368496, 0.000146363498061, 7.87149838288e-05, 0.000124368089018, 8.1748701632e-05, 7.67581732362e-05, 3.37386263709e-05, 2.25445037358e-05, 6.46964872431e-06, 3.78451795768e-06, 4.90136017106e-07, 2.1699641195e-07, 5.59929809185e-08, 3.49881013051e-08, 1.7387483453e-08, 1.40586635666e-08, 1.63563065314e-08], "dvar": [1.82257889336e-10, 1.17010854131e-11, 1.70027447677e-09, 4.0740732743e-07, 2.85508576781e-06, 1.31998640427e-05, 2.53165962931e-05, 9.01538624021e-06, 7.57482075642e-06, 1.29345536948e-07, 1.68873654616e-07, 1.14339982815e-07, 2.20672955464e-08, 5.35574642413e-08, 1.56525015171e-08, 2.54954368728e-08, 3.60597463001e-09, 3.33400307362e-09, 5.44821909809e-10, 4.38914377066e-10, 2.40009704819e-12, 3.10418205897e-12, 3.94803784662e-14, 2.85854307347e-14, 1.52566198031e-15, 9.59130346285e-16, 1.01572305271e-15], "dvar2": [2.93083557423e-10, 3.46504804016e-11, 4.13286826983e-09, 1.23629160953e-06, 6.81039637129e-06, 3.08493836201e-05, 4.05630635214e-05, 1.64954235515e-05, 1.10161545308e-05, 2.44697957896e-07, 3.030108644e-07, 1.38793438964e-07, 3.96025292559e-08, 1.11956879323e-07, 2.85486017049e-08, 5.82131356452e-08, 6.30305319049e-09, 5.6358087086e-09, 1.17430665192e-09, 1.01299890698e-09, 4.56826070028e-12, 4.74192083169e-12, 9.49113292299e-14, 6.60775619876e-14, 3.27567037758e-15, 2.34113130358e-15, 2.56228927676e-15], "max": [0.000306040601572, 9.09347145353e-05, 0.000861480890308, 0.0165472775698, 0.0428343787789, 0.150083720684, 0.207459285855, 0.102535068989, 0.188056841493, 0.0182034894824, 0.0163022950292, 0.0145999602973, 0.004583241418, 0.00521741155535, 0.00285789673217, 0.00526583008468, 0.00106379564386, 0.00164385233074, 0.000690567365382, 0.000686692714226, 7.39695096854e-05, 9.93474459392e-05, 8.14111717773e-06, 9.19659851206e-06, 1.3250731854e-06, 1.03628190118e-06, 1.01501484551e-06], "mean": [1.25965416373e-05, 3.05849113147e-07, 2.51357359957e-05, 0.000286956783384, 0.0014015964698, 0.00415465049446, 0.00366230146028, 0.00257659843192, 0.000821744382847, 0.000302219938021, 0.000382520986022, 0.000348801491782, 0.000133468012791, 0.000163330128998, 0.000115523958812, 0.000105187376903, 5.25628020114e-05, 3.33481875714e-05, 7.11668144504e-06, 3.32349100063e-06, 7.17286809504e-07, 2.16342968429e-07, 8.828280329e-08, 6.62819559238e-08, 4.95574887793e-08, 4.77653117059e-08, 4.34126476989e-08], "median": [4.28468592872e-06, 5.19094029983e-08, 1.00952593129e-06, 2.26122319873e-05, 0.000140859468956, 0.00094861513935, 0.000505413801875, 0.000306792731863, 0.000204685216886, 0.000102620353573, 9.79594478849e-05, 7.75343796704e-05, 3.3165611967e-05, 5.07508593728e-05, 4.11204600823e-05, 2.35128209169e-05, 1.3767409655e-05, 4.70975282951e-06, 9.97275947157e-07, 2.57145075011e-07, 1.10734106329e-07, 4.89041411811e-08, 3.11232781769e-08, 2.83913283994e-08, 3.09155296918e-08, 3.32043654794e-08, 2.91795583252e-08], "min": [4.32933767318e-25, 6.09773505303e-25, 9.46845881494e-25, 1.88961670477e-24, 3.07814195749e-24, 8.56617667206e-24, 1.01670760048e-23, 5.52848355749e-24, 1.7515507819e-23, 1.87258003078e-23, 2.31454187729e-23, 2.4105970521e-23, 2.84577848135e-23, 3.82085094988e-23, 4.00189011001e-23, 7.12434419893e-23, 6.42923531021e-23, 7.93869162227e-23, 1.26852506496e-22, 1.74365699792e-22, 1.86036688625e-22, 3.42824611073e-22, 3.86939454698e-22, 5.7386957563e-22, 8.91580541039e-22, 1.31071180631e-21, 1.83912077948e-21], "var": [6.67978561353e-10, 6.16581005003e-12, 4.78119943637e-09, 7.11843313184e-07, 1.30987164084e-05, 0.000122670142446, 0.000232550301007, 4.94386003993e-05, 2.00323629542e-05, 4.10552729591e-07, 8.31881493468e-07, 9.53519872837e-07, 7.77551107944e-08, 1.34056435286e-07, 4.82812332336e-08, 5.62585746877e-08, 1.3850344871e-08, 1.04403747869e-08, 9.55262202673e-10, 7.65282393012e-10, 8.88142077243e-12, 4.98476867422e-12, 6.75814384923e-14, 4.59186216882e-14, 5.97420299808e-15, 4.65988780833e-15, 4.53459511829e-15]}, "erbbands": {"dmean": [2.74904996331e-05, 0.000253147503827, 0.0122578814626, 0.299818396568, 0.700900673866, 1.97099399567, 11.9779005051, 7.75246429443, 13.8003435135, 12.6010656357, 20.8554344177, 9.31930828094, 5.22054719925, 4.92277193069, 3.78786206245, 5.50024223328, 2.7979016304, 4.63473415375, 2.36213064194, 2.99489974976, 2.08283257484, 1.17996823788, 0.930799484253, 0.468827277422, 0.124428734183, 0.12071557343, 0.0250301528722, 0.00947532895952, 0.00713124545291, 0.00194687908515, 0.000971253437456, 0.000690931163263, 0.000272259727353, 0.00014887303405, 8.08783079265e-05, 4.27205704909e-05, 1.92880143004e-05, 6.79116374158e-06, 2.66977076535e-06, 3.83124552172e-06], "dmean2": [4.463474761e-05, 0.000420611089794, 0.018910009414, 0.471810847521, 1.16105926037, 3.1631925106, 18.9476222992, 11.6417999268, 20.3506183624, 17.1992092133, 24.8727874756, 11.1652145386, 6.99522733688, 6.50693178177, 4.89619445801, 6.47797441483, 3.67197918892, 6.76542758942, 3.31622767448, 4.3910241127, 2.95432519913, 1.63529574871, 1.3290541172, 0.636067271233, 0.177303299308, 0.184747442603, 0.0364818461239, 0.0141246784478, 0.0105541972443, 0.00294234021567, 0.00151980330702, 0.00103833130561, 0.000420266209403, 0.000230789737543, 0.000124378027976, 6.61164158373e-05, 2.93982939183e-05, 1.0405186913e-05, 4.05049968322e-06, 5.44314980289e-06], "dvar": [1.03337400859e-08, 1.25216854485e-06, 0.00166674063075, 1.1892478466, 5.6913189888, 39.1854095459, 1324.52770996, 571.420532227, 2378.23388672, 3149.04785156, 6267.72900391, 6709.66357422, 435.066741943, 232.536331177, 135.605407715, 233.672546387, 45.6748962402, 151.358215332, 24.8988609314, 50.5821113586, 31.3849544525, 8.63749313354, 8.23202610016, 4.6699461937, 0.376654952765, 1.38835787773, 0.020248375833, 0.00233063288033, 0.00920473970473, 9.47151929722e-05, 3.48183020833e-05, 3.56294694939e-05, 1.34046740641e-06, 2.63752440333e-07, 5.53029728678e-08, 1.52641312923e-08, 3.70158614871e-09, 4.50105036576e-10, 3.74519443236e-11, 7.97844776357e-11], "dvar2": [2.91823347709e-08, 3.63629942512e-06, 0.00433678925037, 3.42598962784, 15.7293195724, 97.3138504028, 3509.55493164, 1029.82348633, 4281.24121094, 4966.76953125, 11488.3408203, 9538.95019531, 781.030334473, 429.503356934, 226.030990601, 268.501159668, 81.7823104858, 324.787872314, 42.7538986206, 107.005393982, 64.2447509766, 14.2710323334, 16.1335773468, 7.22896623611, 0.756519019604, 3.23001241684, 0.0367522798479, 0.00431339628994, 0.0137650854886, 0.000215022766497, 8.6006395577e-05, 8.37736588437e-05, 3.22715982293e-06, 5.4047956155e-07, 1.28311469894e-07, 3.62395020659e-08, 8.84003714674e-09, 1.09138098559e-09, 8.61509197314e-11, 1.48849224613e-10], "max": [0.00287802400999, 0.0271512772888, 1.03008210659, 28.9177932739, 92.9624099731, 226.836196899, 1362.72131348, 793.300537109, 1814.54040527, 2291.89404297, 2708.11621094, 5784.79443359, 871.246643066, 741.879089355, 485.145629883, 716.212646484, 221.195129395, 283.117797852, 137.666366577, 167.108535767, 143.923461914, 64.1649246216, 62.1900253296, 64.5746994019, 20.4944515228, 40.6824798584, 4.71049880981, 1.64139783382, 5.43548488617, 0.340534746647, 0.270677357912, 0.324816584587, 0.0459394939244, 0.0206142235547, 0.00687637319788, 0.00450397375971, 0.00212428532541, 0.000710737658665, 0.000168954356923, 0.000241327317781], "mean": [5.39396278327e-05, 0.000431163731264, 0.0243120193481, 0.550866961479, 1.52959561348, 4.66034936905, 32.4599647522, 22.7974624634, 42.7157478333, 47.7167053223, 65.5214080811, 23.3726844788, 11.8102073669, 13.3273553848, 10.0025978088, 16.3380966187, 7.02303171158, 10.2532224655, 5.68177604675, 6.28712940216, 4.77029752731, 2.92803835869, 2.05230140686, 0.887616157532, 0.226305812597, 0.163751244545, 0.0520464330912, 0.0184360798448, 0.0107047315687, 0.00394782284275, 0.0023436259944, 0.00169095629826, 0.000886940862983, 0.000562625995371, 0.000354951480404, 0.000198559078854, 9.29277739488e-05, 3.12857046083e-05, 1.35164973472e-05, 1.71036845131e-05], "median": [2.19803550863e-05, 7.29389867047e-05, 0.00186423968989, 0.0506107248366, 0.290243864059, 0.505012392998, 2.87889838219, 6.48015117645, 9.24325942993, 8.17705345154, 9.84668922424, 6.25429677963, 4.27770376205, 3.29368209839, 3.25567674637, 3.94280362129, 2.78440475464, 3.69152736664, 2.66825461388, 2.46182250977, 1.53423571587, 0.94320243597, 0.466096758842, 0.134654372931, 0.0365613177419, 0.0145018445328, 0.00703996885568, 0.00343993771821, 0.00199235836044, 0.00135484570637, 0.000890364230145, 0.000631731585599, 0.000476141052786, 0.000346758577507, 0.000233605038375, 0.000139444571687, 6.57871569274e-05, 2.10181387956e-05, 8.99050337466e-06, 9.32276998356e-06], "min": [3.59290044053e-23, 3.21745540866e-22, 2.27965746356e-21, 5.37566383574e-21, 7.14325227343e-21, 9.09943991027e-21, 3.31668277114e-20, 9.28568010987e-20, 1.37656592882e-19, 1.37319103192e-19, 1.7659241083e-19, 3.8856879068e-19, 7.24913998676e-19, 1.09647867015e-18, 1.1687137681e-18, 1.61232980004e-18, 1.54574682721e-18, 2.26836788123e-18, 2.64087646918e-18, 4.26368881892e-18, 4.85329736929e-18, 4.64742493612e-18, 5.57706055294e-18, 4.290522558e-18, 7.75492494898e-18, 7.73153724434e-18, 8.75388698653e-18, 8.18412167188e-18, 1.22458936353e-17, 1.13648834172e-17, 1.01327598445e-17, 1.10790370945e-17, 9.80640648719e-18, 9.46935685735e-18, 6.6470261199e-18, 4.48479171512e-18, 2.35439259698e-18, 8.68601371534e-19, 2.58738218197e-19, 2.57569001633e-20], "var": [1.10773434869e-08, 1.43777594985e-06, 0.00421594921499, 2.3356089592, 20.4127597809, 157.576019287, 11035.5361328, 2688.93945312, 18466.2871094, 31650.6132812, 32923.6992188, 17843.2167969, 1096.65942383, 1286.19763184, 515.975158691, 2114.64306641, 160.834716797, 423.853271484, 94.3643341064, 119.17464447, 101.569587708, 39.5391197205, 25.7821331024, 12.541472435, 0.877776265144, 2.41045236588, 0.0565882697701, 0.00623006140813, 0.0151048405096, 0.000137966446346, 5.49343931198e-05, 5.56330269319e-05, 2.76640980701e-06, 8.26508653518e-07, 2.64078011014e-07, 7.70049055632e-08, 1.74500183192e-08, 2.20767004677e-09, 2.52539544832e-10, 7.07363945196e-10]}, "gfcc": {"mean": [-222.643310547, 147.800186157, -156.239929199, -58.9298057556, -50.6112518311, -36.4344329834, -57.3998146057, -12.2379617691, -16.6195888519, -9.4984254837, -12.8971557617, -4.73246145248, -9.02267742157], "cov": [[27277.4492188, 5435.76513672, -3699.73730469, -1667.31408691, -1250.2154541, -1666.31994629, -1156.35656738, -1015.05529785, -554.540283203, -557.797790527, -59.0811157227, -334.752410889, -126.989585876], [5435.76513672, 1765.1385498, -443.303924561, -350.061187744, -45.5194625854, -330.308135986, -277.397644043, -360.442565918, -196.549789429, -263.823730469, -113.188919067, -136.425003052, -3.78324389458], [-3699.73730469, -443.303924561, 993.183959961, 344.869628906, 243.090896606, 297.193969727, 125.049263, 5.46974658966, 0.382367372513, 1.26902973652, -69.1756591797, -6.14409780502, 9.81737613678], [-1667.31408691, -350.061187744, 344.869628906, 521.978393555, 236.346115112, 135.865737915, 110.29133606, 16.5311412811, -57.9692955017, -39.6248588562, -88.5448379517, -42.9863700867, -46.2535438538], [-1250.2154541, -45.5194625854, 243.090896606, 236.346115112, 307.087402344, 157.356185913, 13.5605802536, 9.1910610199, -6.78562259674, -69.9183349609, -99.5677490234, -26.6639957428, -31.5303268433], [-1666.31994629, -330.308135986, 297.193969727, 135.865737915, 157.356185913, 311.578582764, 86.5210952759, 39.9781341553, 47.3913383484, 28.9004764557, -91.6262435913, 5.12616062164, -15.4364156723], [-1156.35656738, -277.397644043, 125.049263, 110.29133606, 13.5605802536, 86.5210952759, 254.409698486, 77.1971206665, 13.6123952866, 49.8045883179, 19.7790355682, -43.9504394531, -14.3618078232], [-1015.05529785, -360.442565918, 5.46974658966, 16.5311412811, 9.1910610199, 39.9781341553, 77.1971206665, 236.560180664, 104.199462891, 45.1981697083, 36.7885894775, 21.9978294373, -47.1608467102], [-554.540283203, -196.549789429, 0.382367372513, -57.9692955017, -6.78562259674, 47.3913383484, 13.6123952866, 104.199462891, 200.875198364, 97.157371521, -1.78878295422, 14.9766693115, -8.93357944489], [-557.797790527, -263.823730469, 1.26902973652, -39.6248588562, -69.9183349609, 28.9004764557, 49.8045883179, 45.1981697083, 97.157371521, 179.464828491, 71.5660171509, -7.89128017426, -6.35000085831], [-59.0811157227, -113.188919067, -69.1756591797, -88.5448379517, -99.5677490234, -91.6262435913, 19.7790355682, 36.7885894775, -1.78878295422, 71.5660171509, 181.360244751, 63.8342666626, -5.97726392746], [-334.752410889, -136.425003052, -6.14409780502, -42.9863700867, -26.6639957428, 5.12616062164, -43.9504394531, 21.9978294373, 14.9766693115, -7.89128017426, 63.8342666626, 161.390319824, 77.667175293], [-126.989585876, -3.78324389458, 9.81737613678, -46.2535438538, -31.5303268433, -15.4364156723, -14.3618078232, -47.1608467102, -8.93357944489, -6.35000085831, -5.97726392746, 77.667175293, 145.05519104]], "icov": [[0.000509791832883, -0.00148017553147, 0.00124988204334, -0.00111924053635, 0.00214391597547, -0.000939263962209, 0.000866651302204, -0.000104051534436, -0.000169595485204, 0.000171562918695, -0.00034141947981, 0.000232144026086, 0.000242953115958], [-0.00148017553147, 0.00664831930771, -0.00348702957854, 0.0053203413263, -0.00771035673097, 0.00482338340953, -0.00265584420413, 0.00309332413599, 0.000451492000138, 0.00146755517926, 0.00216467143036, 0.000216663233005, 0.000455370143754], [0.00124988204334, -0.00348702957854, 0.00493681337684, -0.00374639290385, 0.00519489310682, -0.00433594547212, 0.00251099979505, 0.000160661656992, -0.00117653165944, 0.00173204985913, -0.00287371291779, 0.00224353466183, -0.00087314483244], [-0.00111924053635, 0.0053203413263, -0.00374639290385, 0.00919588189572, -0.00952758919448, 0.00699904328212, -0.004766008351, 0.00246271840297, 0.00355982221663, -0.00244100880809, 0.00686791026965, -0.00397702911869, 0.00387220317498], [0.00214391597547, -0.00771035673097, 0.00519489310682, -0.00952758919448, 0.0185357593, -0.0101611614227, 0.00645669270307, -0.00242576398887, -0.00356213911436, 0.00525170844048, -0.00578946201131, 0.00475319847465, -0.00168854184449], [-0.000939263962209, 0.00482338340953, -0.00433594547212, 0.00699904328212, -0.0101611614227, 0.0158576071262, -0.00690773827955, 0.00298188906163, 0.00389734678902, -0.00751630309969, 0.0140765262768, -0.0106982719153, 0.00781235424802], [0.000866651302204, -0.00265584420413, 0.00251099979505, -0.004766008351, 0.00645669270307, -0.00690773827955, 0.00995126273483, -0.00305507634766, -0.00142620364204, 0.00340987648815, -0.00774073507637, 0.00867472402751, -0.00524212373421], [-0.000104051534436, 0.00309332413599, 0.000160661656992, 0.00246271840297, -0.00242576398887, 0.00298188906163, -0.00305507634766, 0.0110832974315, -0.00416394369677, 0.00340083427727, 0.000848956580739, -0.00185955420602, 0.00477807410061], [-0.000169595485204, 0.000451492000138, -0.00117653165944, 0.00355982221663, -0.00356213911436, 0.00389734678902, -0.00142620364204, -0.00416394369677, 0.0130720483139, -0.0106081487611, 0.00933104660362, -0.00673235720024, 0.00355340261012], [0.000171562918695, 0.00146755517926, 0.00173204985913, -0.00244100880809, 0.00525170844048, -0.00751630309969, 0.00340987648815, 0.00340083427727, -0.0106081487611, 0.0213096085936, -0.0151221780106, 0.0137915108353, -0.00665014982224], [-0.00034141947981, 0.00216467143036, -0.00287371291779, 0.00686791026965, -0.00578946201131, 0.0140765262768, -0.00774073507637, 0.000848956580739, 0.00933104660362, -0.0151221780106, 0.0269724465907, -0.0194824263453, 0.0133468136191], [0.000232144026086, 0.000216663233005, 0.00224353466183, -0.00397702911869, 0.00475319847465, -0.0106982719153, 0.00867472402751, -0.00185955420602, -0.00673235720024, 0.0137915108353, -0.0194824263453, 0.0261867735535, -0.0156970359385], [0.000242953115958, 0.000455370143754, -0.00087314483244, 0.00387220317498, -0.00168854184449, 0.00781235424802, -0.00524212373421, 0.00477807410061, 0.00355340261012, -0.00665014982224, 0.0133468136191, -0.0156970359385, 0.0187934990972]]}, "melbands": {"dmean": [3.4329235632e-07, 2.98717054648e-06, 6.31168222753e-05, 7.83554496593e-05, 0.00033079306013, 0.000196405657334, 0.000227848460781, 0.000133540088427, 0.000161329924595, 5.34756691195e-05, 2.42256646743e-05, 1.8553197151e-05, 1.39335024869e-05, 1.255179086e-05, 1.10354430944e-05, 6.90686965754e-06, 9.91063097899e-06, 3.68492919733e-06, 4.86210137751e-06, 4.4802714001e-06, 2.24700784202e-06, 1.41043449275e-06, 9.7998236015e-07, 7.6247403058e-07, 3.86184268564e-07, 1.06259683719e-07, 1.01813824926e-07, 6.87922891984e-08, 1.95024973948e-08, 9.27491150549e-09, 4.83383244543e-09, 5.29646060343e-09, 1.79268522249e-09, 9.61633328522e-10, 6.18563977817e-10, 5.34391142448e-10, 4.13600653726e-10, 1.93747920485e-10, 1.72497946482e-10, 1.39561723289e-10], "dmean2": [5.28230884811e-07, 4.5047677304e-06, 0.000102245277958, 0.000125099380966, 0.000520975911058, 0.000296409794828, 0.000330370035954, 0.000178561313078, 0.000194252774236, 6.48790519335e-05, 3.29715949192e-05, 2.4460036002e-05, 1.84091277333e-05, 1.47984192154e-05, 1.36223907248e-05, 9.28385088628e-06, 1.45949670696e-05, 5.11086591359e-06, 7.09469259164e-06, 6.64372919346e-06, 3.15499369208e-06, 1.95741677089e-06, 1.40539214044e-06, 1.04352864128e-06, 5.34533796781e-07, 1.50770304685e-07, 1.54187418389e-07, 1.05381467108e-07, 2.93311330779e-08, 1.43689131704e-08, 7.24338899971e-09, 7.82342102212e-09, 2.84830203867e-09, 1.48115342213e-09, 9.76036806932e-10, 8.44269598677e-10, 6.3552418883e-10, 3.05449193716e-10, 2.74927108856e-10, 2.20499563053e-10], "dvar": [1.27618109223e-12, 9.32783641994e-11, 5.08114652575e-08, 6.90819845772e-08, 9.57729980655e-07, 2.86079369971e-07, 8.22921663257e-07, 2.87878123117e-07, 3.45127546098e-07, 2.8491916737e-07, 8.17463075009e-09, 3.26027715936e-09, 1.46580880767e-09, 1.29640542745e-09, 1.01617458892e-09, 3.52263551662e-10, 7.81137432515e-10, 7.65678839776e-11, 1.36917560623e-10, 2.20913592974e-10, 3.81808855365e-11, 1.27641890113e-11, 8.9779642054e-12, 9.00422618411e-12, 3.84703857312e-12, 5.20937080365e-13, 6.14482369068e-13, 4.48423036984e-13, 2.0929472619e-14, 1.55145730993e-15, 8.63135731796e-16, 6.79958324211e-15, 1.17985204457e-16, 1.69986376886e-17, 9.82659879312e-18, 1.55740705464e-17, 1.33790665544e-17, 5.35940762028e-19, 3.57022060822e-19, 2.23317879079e-19], "dvar2": [3.20258793443e-12, 2.32199148797e-10, 1.54281963205e-07, 1.66472133856e-07, 2.51647657024e-06, 5.49928756755e-07, 1.39328608384e-06, 4.60718439399e-07, 6.44335557354e-07, 4.03215352662e-07, 1.60409516781e-08, 5.99671823309e-09, 2.5692159511e-09, 1.43663281271e-09, 1.49673873295e-09, 6.06920957935e-10, 1.67663594119e-09, 1.25260524175e-10, 2.54677945399e-10, 5.35643196464e-10, 7.04780539484e-11, 2.1445649076e-11, 1.55150111508e-11, 1.71969573998e-11, 6.11795249877e-12, 9.33920041996e-13, 1.45790476046e-12, 1.02439909853e-12, 3.86058847108e-14, 3.69654368489e-15, 1.61948824339e-15, 1.01373699338e-14, 3.07905184884e-16, 4.07558207465e-17, 2.47630876223e-17, 3.80982548745e-17, 3.25084462275e-17, 1.29440468936e-18, 8.58986947877e-19, 4.48812949229e-19], "max": [2.56254552369e-05, 0.000191271115909, 0.00552269630134, 0.0110645452514, 0.035135962069, 0.0155668947846, 0.035723477602, 0.0205184966326, 0.0188752207905, 0.0378284491599, 0.00401813117787, 0.00276129692793, 0.00136812136043, 0.0018169436371, 0.00126892118715, 0.000570557196625, 0.000649976078421, 0.000210180602153, 0.000292082695523, 0.000519500521477, 0.000136298127472, 8.46221737447e-05, 0.000106995015813, 8.81804153323e-05, 5.37044652447e-05, 2.72468023468e-05, 2.36879604927e-05, 2.35649367823e-05, 5.32264448339e-06, 1.24713221794e-06, 1.12647819606e-06, 4.78182664665e-06, 3.0931926176e-07, 1.54257421059e-07, 1.28955633727e-07, 1.69863682231e-07, 1.98769939175e-07, 3.06575387299e-08, 1.88313986627e-08, 2.27873595549e-08], "mean": [6.5333404109e-07, 5.68124551137e-06, 0.000118323921924, 0.000168747879798, 0.000896766257938, 0.000583682558499, 0.00073458510451, 0.000514027080499, 0.00048240533215, 0.000123190853628, 5.19494169566e-05, 4.92825929541e-05, 3.56065211236e-05, 3.85884632124e-05, 2.74449903372e-05, 1.54726803885e-05, 2.00453177968e-05, 7.93788149167e-06, 9.50025696511e-06, 8.39257972984e-06, 4.89358262712e-06, 3.11453823088e-06, 2.26454062613e-06, 1.45136527863e-06, 6.55603400901e-07, 1.78150372676e-07, 1.33900172727e-07, 9.20096212553e-08, 3.71838915214e-08, 1.76467249702e-08, 7.87224685439e-09, 7.12271530645e-09, 2.74995115568e-09, 1.93228655299e-09, 1.37079281259e-09, 1.09059583586e-09, 9.68483293562e-10, 5.75363756639e-10, 5.44572553718e-10, 4.60861349083e-10], "median": [2.16856392399e-07, 2.54222527474e-07, 1.34598622026e-05, 2.34938488575e-05, 7.81087874202e-05, 0.000162947893841, 0.00012663473899, 8.68091447046e-05, 7.38650269341e-05, 2.97193128063e-05, 1.72792060766e-05, 1.02642225102e-05, 9.71367171587e-06, 8.2927144831e-06, 6.92361845722e-06, 3.15560828312e-06, 6.13210431766e-06, 3.04622017211e-06, 3.21069637721e-06, 2.12034183278e-06, 1.1955746686e-06, 8.01201508693e-07, 4.56098291579e-07, 1.68069519191e-07, 6.18984046241e-08, 2.01121785892e-08, 1.10951283716e-08, 6.71036293198e-09, 3.83188325515e-09, 2.44760300916e-09, 1.27623200896e-09, 1.04805741863e-09, 7.8008988158e-10, 6.20519136074e-10, 4.83148743236e-10, 3.93215293659e-10, 3.59131890892e-10, 3.19950205219e-10, 2.984621994e-10, 2.75757749968e-10], "min": [4.04170123777e-25, 1.47708613451e-24, 1.35030622767e-24, 5.81048417338e-25, 8.61487680283e-25, 2.18089057782e-24, 1.81573179517e-24, 1.40425080435e-24, 1.73634004481e-24, 2.88508126714e-24, 3.59847894931e-24, 2.96818717186e-24, 3.74612965051e-24, 3.83702141515e-24, 4.42857164189e-24, 2.58288561486e-24, 3.27325703885e-24, 3.55112126259e-24, 3.63160321872e-24, 4.50866113973e-24, 4.96577092999e-24, 3.50331668616e-24, 4.17444483444e-24, 3.83887208283e-24, 2.51548652241e-24, 5.47801894209e-24, 5.03120181448e-24, 4.59624521059e-24, 4.66038946295e-24, 3.90241522318e-24, 4.57681911637e-24, 6.0252383414e-24, 6.26167849293e-24, 5.85645800086e-24, 5.46930360681e-24, 6.57777071892e-24, 5.21959008169e-24, 5.8223448943e-24, 6.22193765268e-24, 6.76124241053e-24], "var": [1.96237318929e-12, 2.44058911969e-10, 1.06489622453e-07, 2.69259743391e-07, 7.72157909523e-06, 1.82421592854e-06, 7.01826047589e-06, 2.83455869976e-06, 1.74360036453e-06, 7.50254059767e-07, 1.94705531698e-08, 1.81259860454e-08, 6.24666629534e-09, 1.27284200957e-08, 5.06884179075e-09, 1.22621590659e-09, 2.03579220148e-09, 2.51105025662e-10, 3.6258085423e-10, 3.8623396148e-10, 1.45755033043e-10, 5.40096127544e-11, 3.53220543092e-11, 2.47291267325e-11, 9.19084686829e-12, 1.21364712984e-12, 1.01198801943e-12, 8.16534448563e-13, 5.18914135294e-14, 4.95488397287e-15, 1.9181971651e-15, 1.07888551608e-14, 1.25512071575e-16, 2.63025981281e-17, 1.55680172386e-17, 2.55204062147e-17, 1.8140252813e-17, 1.08506605924e-18, 9.50640317506e-19, 6.41904718147e-19]}, "mfcc": {"mean": [-846.010681152, 193.530929565, -44.2371101379, -28.7083091736, -3.94252634048, -28.7193508148, -32.2642402649, -18.8920898438, -13.6571998596, -12.4568185806, -7.4904551506, -3.44549202919, -5.26812076569], "cov": [[9637.09960938, 5336.51416016, -1868.96569824, -477.305328369, -368.632476807, -832.579528809, -645.89465332, -585.877685547, -621.733642578, -585.925598145, -400.678405762, -66.2877197266, -47.9581108093], [5336.51416016, 3513.55981445, -863.871948242, -468.237640381, -39.2320213318, -450.555633545, -456.373962402, -342.398925781, -352.688476562, -396.25894165, -296.00177002, -100.735717773, -55.3726234436], [-1868.96569824, -863.871948242, 658.460876465, 152.386032104, 122.871162415, 269.913513184, 133.520935059, 91.5833587646, 124.852996826, 87.4031143188, 1.27564334869, -45.0288200378, -17.0855388641], [-477.305328369, -468.237640381, 152.386032104, 349.344238281, 57.0478973389, 85.840133667, 146.908706665, 44.1827964783, 20.2107429504, 33.7949638367, -5.96521091461, -40.4479980469, -36.0270500183], [-368.632476807, -39.2320213318, 122.871162415, 57.0478973389, 312.932373047, 139.649291992, -28.2993755341, 65.1269836426, 56.362159729, -40.8586463928, -37.7908248901, -41.504070282, -49.1408348083], [-832.579528809, -450.555633545, 269.913513184, 85.840133667, 139.649291992, 321.890472412, 111.05216217, 33.8117675781, 118.541114807, 44.2737884521, -35.7755508423, -32.2332115173, -16.9699687958], [-645.89465332, -456.373962402, 133.520935059, 146.908706665, -28.2993755341, 111.05216217, 234.245498657, 69.1912918091, 7.96548223495, 56.2313232422, 19.6902770996, -24.7581310272, -18.8370037079], [-585.877685547, -342.398925781, 91.5833587646, 44.1827964783, 65.1269836426, 33.8117675781, 69.1912918091, 176.622375488, 85.2808532715, 0.666018307209, 37.4907875061, 4.39024019241, -23.1989421844], [-621.733642578, -352.688476562, 124.852996826, 20.2107429504, 56.362159729, 118.541114807, 7.96548223495, 85.2808532715, 215.027633667, 98.6233978271, 3.95676636696, 15.6745462418, 11.2538471222], [-585.925598145, -396.25894165, 87.4031143188, 33.7949638367, -40.8586463928, 44.2737884521, 56.2313232422, 0.666018307209, 98.6233978271, 212.661193848, 115.955368042, 21.0175151825, 33.4095115662], [-400.678405762, -296.00177002, 1.27564334869, -5.96521091461, -37.7908248901, -35.7755508423, 19.6902770996, 37.4907875061, 3.95676636696, 115.955368042, 209.9634552, 87.7275848389, 9.62989997864], [-66.2877197266, -100.735717773, -45.0288200378, -40.4479980469, -41.504070282, -32.2332115173, -24.7581310272, 4.39024019241, 15.6745462418, 21.0175151825, 87.7275848389, 161.146530151, 70.2206497192], [-47.9581108093, -55.3726234436, -17.0855388641, -36.0270500183, -49.1408348083, -16.9699687958, -18.8370037079, -23.1989421844, 11.2538471222, 33.4095115662, 9.62989997864, 70.2206497192, 152.880935669]], "icov": [[0.00532671716064, -0.00760965235531, 0.00741165829822, -0.00805637519807, 0.0081548448652, -0.00826131179929, 0.0084201041609, -0.00777365500107, 0.00731774512678, -0.00579300988466, 0.00427156267688, -0.00348367961124, 0.00146498740651], [-0.00760965235531, 0.0116877323017, -0.0100404340774, 0.0121407983825, -0.0121460538357, 0.0124175436795, -0.0119617460296, 0.0122269829735, -0.0104882121086, 0.00891216099262, -0.00563508132473, 0.00532309478149, -0.00182475091424], [0.00741165829822, -0.0100404340774, 0.0134078366682, -0.0114985574037, 0.0114348093048, -0.0137557201087, 0.0129809118807, -0.0123615944758, 0.0117296045646, -0.00954308453947, 0.00715846940875, -0.00461135152727, 0.00223857769743], [-0.00805637519807, 0.0121407983825, -0.0114985574037, 0.0172856748104, -0.0145390452817, 0.01495816838, -0.0171161033213, 0.0149644622579, -0.0130599932745, 0.0104163568467, -0.00676467036828, 0.00600783992559, -0.00184095476288], [0.0081548448652, -0.0121460538357, 0.0114348093048, -0.0145390452817, 0.0198349673301, -0.0185841117054, 0.0194553397596, -0.0188941173255, 0.015705242753, -0.011794035323, 0.00842154584825, -0.00587058020756, 0.00344072189182], [-0.00826131179929, 0.0124175436795, -0.0137557201087, 0.01495816838, -0.0185841117054, 0.0258868504316, -0.023682070896, 0.0241013150662, -0.0232472196221, 0.0175236575305, -0.0111773377284, 0.00797687284648, -0.00354514364153], [0.0084201041609, -0.0119617460296, 0.0129809118807, -0.0171161033213, 0.0194553397596, -0.023682070896, 0.0321419239044, -0.0285344384611, 0.0274002905935, -0.0226891152561, 0.0158428736031, -0.00928565301001, 0.00518973404542], [-0.00777365500107, 0.0122269829735, -0.0123615944758, 0.0149644622579, -0.0188941173255, 0.0241013150662, -0.0285344384611, 0.0393291525543, -0.0333590619266, 0.0296161528677, -0.0215014535934, 0.0126329138875, -0.00527540920302], [0.00731774512678, -0.0104882121086, 0.0117296045646, -0.0130599932745, 0.015705242753, -0.0232472196221, 0.0274002905935, -0.0333590619266, 0.0388625860214, -0.0319633223116, 0.0236470159143, -0.0144798597321, 0.00679731415585], [-0.00579300988466, 0.00891216099262, -0.00954308453947, 0.0104163568467, -0.011794035323, 0.0175236575305, -0.0226891152561, 0.0296161528677, -0.0319633223116, 0.0364280790091, -0.0260527897626, 0.0155341746286, -0.00845038425177], [0.00427156267688, -0.00563508132473, 0.00715846940875, -0.00676467036828, 0.00842154584825, -0.0111773377284, 0.0158428736031, -0.0215014535934, 0.0236470159143, -0.0260527897626, 0.026735978201, -0.0154679398984, 0.00803371053189], [-0.00348367961124, 0.00532309478149, -0.00461135152727, 0.00600783992559, -0.00587058020756, 0.00797687284648, -0.00928565301001, 0.0126329138875, -0.0144798597321, 0.0155341746286, -0.0154679398984, 0.0179645922035, -0.00809902790934], [0.00146498740651, -0.00182475091424, 0.00223857769743, -0.00184095476288, 0.00344072189182, -0.00354514364153, 0.00518973404542, -0.00527540920302, 0.00679731415585, -0.00845038425177, 0.00803371053189, -0.00809902790934, 0.0112676993012]]}, "spectral_contrast_coeffs": {"dmean": [0.0500000603497, 0.0378485508263, 0.0321753360331, 0.0305787809193, 0.0243139918894, 0.0126164825633], "dmean2": [0.0853332579136, 0.0597920231521, 0.0495056062937, 0.0496097840369, 0.0371635444462, 0.0203375332057], "dvar": [0.00168276426848, 0.0010176881915, 0.000748556340113, 0.000656996970065, 0.00048052330385, 0.000176304587512], "dvar2": [0.00476842187345, 0.00254245125689, 0.00172829977237, 0.00164659647271, 0.00107155437581, 0.00039993331302], "max": [-0.192857682705, -0.345906496048, -0.376315057278, -0.527215063572, -0.511202633381, -0.649892151356], "mean": [-0.476025491953, -0.665059566498, -0.711655497551, -0.727489233017, -0.719407200813, -0.836259245872], "median": [-0.45620688796, -0.665639638901, -0.71155411005, -0.723796665668, -0.713407754898, -0.838515877724], "min": [-0.978487610817, -0.979513704777, -0.984196126461, -0.980353116989, -0.971699118614, -0.963952183723], "var": [0.0177919585258, 0.00934108067304, 0.00524206040427, 0.00390080455691, 0.00500968238339, 0.00156954734121]}, "spectral_contrast_valleys": {"dmean": [0.647875010967, 0.298820912838, 0.294376581907, 0.294551432133, 0.255637258291, 0.124325022101], "dmean2": [1.12014567852, 0.478499680758, 0.469547659159, 0.489942312241, 0.418126195669, 0.214954137802], "