{"lowlevel": {"average_loudness": 0.015193243511, "barkbands_crest": {"dmean": 1.65954935551, "dmean2": 2.68973588943, "dvar": 5.14792060852, "dvar2": 14.0763425827, "max": 26.7248325348, "mean": 14.3495731354, "median": 13.6890888214, "min": 2.06103253365, "var": 45.3161277771}, "barkbands_flatness_db": {"dmean": 0.0334983579814, "dmean2": 0.0549130216241, "dvar": 0.00259726098739, "dvar2": 0.00650007836521, "max": 1, "mean": 0.387084960938, "median": 0.387574702501, "min": 0.00802593305707, "var": 0.0450830310583}, "barkbands_kurtosis": {"dmean": 9.66948032379, "dmean2": 16.1782016754, "dvar": 1127.80664062, "dvar2": 3141.12280273, "max": 2432.62329102, "mean": 20.5080375671, "median": 7.61935329437, "min": -1.80382061005, "var": 1425.49133301}, "barkbands_skewness": {"dmean": 0.647853732109, "dmean2": 1.04396355152, "dvar": 1.2399815321, "dvar2": 3.40907597542, "max": 25.6810493469, "mean": 2.07424521446, "median": 1.87968695164, "min": -17.3260002136, "var": 6.7872428894}, "barkbands_spread": {"dmean": 1.23476660252, "dmean2": 1.97879528999, "dvar": 11.8809309006, "dvar2": 30.7708244324, "max": 106.708122253, "mean": 8.05617713928, "median": 3.95970416069, "min": 0.0224591754377, "var": 83.6583862305}, "dissonance": {"dmean": 0.0359855182469, "dmean2": 0.0624485909939, "dvar": 0.00273745716549, "dvar2": 0.00811202079058, "max": 0.500000178814, "mean": 0.39851719141, "median": 0.427397012711, "min": 0.0151150720194, "var": 0.00934775918722}, "dynamic_complexity": 16.3363170624, "erbbands_crest": {"dmean": 1.88358032703, "dmean2": 2.99261784554, "dvar": 6.53732204437, "dvar2": 17.9790821075, "max": 34.2378501892, "mean": 14.0677852631, "median": 12.6514873505, "min": 1.92744648457, "var": 76.1984405518}, "erbbands_flatness_db": {"dmean": 0.0191477853805, "dmean2": 0.0311839655042, "dvar": 0.000981436576694, "dvar2": 0.00249413843267, "max": 0.8669937253, "mean": 0.342586576939, "median": 0.327310621738, "min": 0.0277516804636, "var": 0.0224399100989}, "erbbands_kurtosis": {"dmean": 5.53649330139, "dmean2": 8.96230220795, "dvar": 175.768661499, "dvar2": 418.313079834, "max": 564.917419434, "mean": 11.2546691895, "median": 2.08003807068, "min": -1.87287199497, "var": 566.831481934}, "erbbands_skewness": {"dmean": 0.489324301481, "dmean2": 0.773010611534, "dvar": 0.580466032028, "dvar2": 1.44298779964, "max": 18.4391174316, "mean": 1.61110830307, "median": 0.706822156906, "min": -5.50970935822, "var": 4.49213647842}, "erbbands_spread": {"dmean": 2.29328489304, "dmean2": 3.61087727547, "dvar": 19.4581451416, "dvar2": 49.6108169556, "max": 141.121551514, "mean": 15.874461174, "median": 13.0687074661, "min": 0.279010564089, "var": 174.566940308}, "hfc": {"dmean": 2.42063164711, "dmean2": 3.72640180588, "dvar": 28.9395542145, "dvar2": 79.664855957, "max": 84.2818832397, "mean": 7.68778181076, "median": 2.54612636566, "min": 1.02566762979e-16, "var": 120.891960144}, "melbands_crest": {"dmean": 2.0288374424, "dmean2": 3.26576900482, "dvar": 8.38029766083, "dvar2": 21.9015541077, "max": 38.4682426453, "mean": 17.4924621582, "median": 17.0850334167, "min": 1.00113832951, "var": 92.3093643188}, "melbands_flatness_db": {"dmean": 0.0338578857481, "dmean2": 0.0554220750928, "dvar": 0.00356813822873, "dvar2": 0.00828900188208, "max": 1, "mean": 0.438849121332, "median": 0.436380833387, "min": -1.89830188901e-07, "var": 0.0684743747115}, "melbands_kurtosis": {"dmean": 8.35707473755, "dmean2": 13.4715881348, "dvar": 358.946502686, "dvar2": 993.528747559, "max": 517.36340332, "mean": 24.4545040131, "median": 11.1155061722, "min": -1.77204740047, "var": 1289.09729004}, "melbands_skewness": {"dmean": 0.551211476326, "dmean2": 0.865184187889, "dvar": 0.773038446903, "dvar2": 2.07034897804, "max": 13.8754043579, "mean": 2.6074590683, "median": 2.20004463196, "min": -10.5336389542, "var": 6.43931102753}, "melbands_spread": {"dmean": 3.02850675583, "dmean2": 4.99743032455, "dvar": 127.853096008, "dvar2": 284.718841553, "max": 190.78843689, "mean": 22.2817459106, "median": 4.0341463089, "min": 0.0836261808872, "var": 1571.4855957}, "pitch_salience": {"dmean": 0.052421387285, "dmean2": 0.0849326252937, "dvar": 0.0056273797527, "dvar2": 0.0145677095279, "max": 0.996067047119, "mean": 0.493967711926, "median": 0.511767685413, "min": 0.00331404921599, "var": 0.0526506714523}, "silence_rate_20dB": {"dmean": 0.0098391380161, "dmean2": 0.019679043442, "dvar": 0.00973793212324, "dvar2": 0.0237257443368, "max": 1, "mean": 0.990434527397, "median": 1, "min": 0, "var": 0.00947398692369}, "silence_rate_30dB": {"dmean": 0.0246759336442, "dmean2": 0.0493537932634, "dvar": 0.0240683872253, "dvar2": 0.0559033229947, "max": 1, "mean": 0.949634969234, "median": 1, "min": 0, "var": 0.0478504151106}, "silence_rate_60dB": {"dmean": 0.0143682649359, "dmean2": 0.0286986064166, "dvar": 0.0141674997285, "dvar2": 0.0321587473154, "max": 1, "mean": 0.369656026363, "median": 0, "min": 0, "var": 0.23304630816}, "spectral_centroid": {"dmean": 132.563949585, "dmean2": 203.52835083, "dvar": 395548.5, "dvar2": 649653.375, "max": 11978.4208984, "mean": 1807.16015625, "median": 604.009399414, "min": 50.6792182922, "var": 9737077}, "spectral_complexity": {"dmean": 0.654693126678, "dmean2": 1.07785713673, "dvar": 1.26924991608, "dvar2": 2.76579928398, "max": 30, "mean": 4.67949867249, "median": 4, "min": 0, "var": 23.3740329742}, "spectral_decrease": {"dmean": 3.57726159805e-09, "dmean2": 5.68519942235e-09, "dvar": 1.46434036835e-16, "dvar2": 3.56390144879e-16, "max": 1.7444587714e-19, "mean": -6.84528878026e-09, "median": -2.07280481668e-09, "min": -2.41793628675e-07, "var": 2.77341139183e-16}, "spectral_energy": {"dmean": 0.013716400601, "dmean2": 0.0217870026827, "dvar": 0.00211540120654, "dvar2": 0.00515368394554, "max": 0.918073415756, "mean": 0.0265330206603, "median": 0.00817985180765, "min": 9.68916718044e-21, "var": 0.00401392020285}, "spectral_energyband_high": {"dmean": 3.35292588716e-06, "dmean2": 4.96817028761e-06, "dvar": 2.73593991906e-09, "dvar2": 5.79472692053e-09, "max": 0.00532651646063, "mean": 9.72835823632e-06, "median": 1.22817283454e-07, "min": 6.51628814321e-21, "var": 7.47071648988e-09}, "spectral_energyband_low": {"dmean": 0.00915611442178, "dmean2": 0.0145537555218, "dvar": 0.00182698003482, "dvar2": 0.00447209086269, "max": 0.865012824535, "mean": 0.0134197585285, "median": 2.58349755313e-05, "min": 7.24127452655e-24, "var": 0.00334484619088}, "spectral_energyband_middle_high": {"dmean": 0.000607725989539, "dmean2": 0.000726854370441, "dvar": 5.05588104716e-06, "dvar2": 1.21445737022e-05, "max": 0.0719103142619, "mean": 0.00338577409275, "median": 0.000139499345096, "min": 9.75862389666e-22, "var": 7.04449412297e-05}, "spectral_energyband_middle_low": {"dmean": 0.00524012697861, "dmean2": 0.00877051707357, "dvar": 0.000240482637309, "dvar2": 0.000693327223416, "max": 0.324490994215, "mean": 0.0108008356765, "median": 0.00117147364654, "min": 1.20016969954e-22, "var": 0.000486651901156}, "spectral_entropy": {"dmean": 0.177919760346, "dmean2": 0.27373623848, "dvar": 0.115519605577, "dvar2": 0.205205634236, "max": 9.83067131042, "mean": 5.91673946381, "median": 5.71045875549, "min": 2.00238656998, "var": 3.17702126503}, "spectral_flux": {"dmean": 0.0171928461641, "dmean2": 0.0278705377132, "dvar": 0.001582419849, "dvar2": 0.00405352562666, "max": 0.742249429226, "mean": 0.047494545579, "median": 0.0132028087974, "min": 6.15132458859e-11, "var": 0.00629564607516}, "spectral_kurtosis": {"dmean": 46.5797195435, "dmean2": 81.7000732422, "dvar": 16916.7070312, "dvar2": 52263.6835938, "max": 2957.03857422, "mean": 84.7335662842, "median": 18.9081802368, "min": -1.31252551079, "var": 25424.3691406}, "spectral_rms": {"dmean": 0.000751477433369, "dmean2": 0.00113862322178, "dvar": 2.86549993689e-06, "dvar2": 6.72705027682e-06, "max": 0.0299279373139, "mean": 0.00345774693415, "median": 0.00282495003194, "min": 3.07454821151e-12, "var": 1.39299663715e-05}, "spectral_rolloff": {"dmean": 216.217437744, "dmean2": 391.030853271, "dvar": 1926008.75, "dvar2": 3931216.5, "max": 20004.3457031, "mean": 2743.27001953, "median": 645.99609375, "min": 43.06640625, "var": 30757110}, "spectral_skewness": {"dmean": 1.40337812901, "dmean2": 2.38494038582, "dvar": 5.69390201569, "dvar2": 16.9144496918, "max": 42.9939231873, "mean": 5.2573723793, "median": 2.87884926796, "min": -0.118204109371, "var": 28.8052940369}, "spectral_spread": {"dmean": 596884, "dmean2": 1012180.0625, "dvar": 5870936129540.0, "dvar2": 10633066053600.0, "max": 51003864, "mean": 5507047.5, "median": 1910130.5, "min": 49950.453125, "var": 132446087545000.0}, "spectral_strongpeak": {"dmean": 0.263923555613, "dmean2": 0.43135613203, "dvar": 0.231701120734, "dvar2": 0.628296077251, "max": 7.99939584732, "mean": 0.991802811623, "median": 0.351407051086, "min": 0, "var": 2.14161610603}, "zerocrossingrate": {"dmean": 0.00583298970014, "dmean2": 0.00974583532661, "dvar": 0.00129464664496, "dvar2": 0.00263407803141, "max": 0.5380859375, "mean": 0.0782529786229, "median": 0.0185546875, "min": 0.0009765625, "var": 0.0220526214689}, "barkbands": {"dmean": [0.0014899042435, 0.00654863612726, 0.00184795574751, 0.00172675284557, 0.00229989970103, 0.00122464681044, 0.000719618517905, 0.00022709518089, 0.000258101237705, 0.00054104643641, 0.000173538544914, 5.38384047104e-05, 1.71955834958e-05, 1.474432338e-05, 1.6951438738e-05, 7.31941690901e-06, 3.06942383759e-05, 5.08715629621e-06, 4.04839875046e-06, 1.35000118462e-06, 1.04124694644e-06, 1.03212732938e-06, 1.36668745654e-06, 1.28345874373e-07, 4.31820446067e-08, 3.43324643381e-07, 2.57911714208e-09], "dmean2": [0.00240543065593, 0.0105510801077, 0.00309985061176, 0.00294509110972, 0.00396357197315, 0.00211432110518, 0.00125804299023, 0.000367448868928, 0.000403632380767, 0.000618664547801, 0.000231229656492, 7.33541673981e-05, 2.45143746724e-05, 1.52014026753e-05, 2.31619105762e-05, 9.22388062463e-06, 4.67132740596e-05, 7.06060063749e-06, 6.13866268395e-06, 2.08044480132e-06, 1.66426457326e-06, 1.57105012022e-06, 2.05014862331e-06, 1.87409625596e-07, 6.38391028929e-08, 5.58035196718e-07, 4.22187351745e-09], "dvar": [0.000107574021968, 0.00130547443405, 6.93425899954e-05, 5.39732682228e-05, 0.000102050056739, 3.34955730068e-05, 2.32160418818e-05, 1.85682779374e-06, 2.98233567264e-06, 4.49216531706e-06, 1.11583290163e-06, 2.24050253905e-07, 1.14850999822e-08, 1.83029891243e-09, 2.33404007233e-09, 7.99056210088e-10, 1.54148676046e-08, 3.0247668259e-10, 1.91551219331e-10, 2.79533809294e-11, 5.58801199757e-11, 5.5128762666e-10, 8.57909021601e-10, 1.99684453001e-12, 3.49791945626e-13, 3.45521666834e-11, 1.99805585488e-15], "dvar2": [0.000262467947323, 0.00329873734154, 0.00018373313651, 0.000152091291966, 0.000297673541354, 9.78133393801e-05, 6.97873401805e-05, 5.38426456842e-06, 8.63692730491e-06, 1.06376874101e-05, 2.62825642494e-06, 5.72605017624e-07, 2.8906841365e-08, 2.24111640357e-09, 5.34434319022e-09, 1.58835766761e-09, 3.68608539247e-08, 7.0030586885e-10, 4.6647580243e-10, 7.38619859719e-11, 1.48370704611e-10, 1.26452992522e-09, 1.79981218817e-09, 3.91659231089e-12, 6.12414253424e-13, 8.9174348461e-11, 4.00651115678e-15], "max": [0.401763677597, 0.79509049654, 0.294825345278, 0.223276466131, 0.286734163761, 0.171709015965, 0.146250113845, 0.0449309684336, 0.0765435323119, 0.0631450340152, 0.0371403768659, 0.0268469434232, 0.0130382012576, 0.00184433988761, 0.00160833366681, 0.00195865216665, 0.0126609820873, 0.000508427328896, 0.000338081154041, 0.0002574249811, 0.000436945003457, 0.00263098324649, 0.00305459601805, 0.000105791106762, 5.18213855685e-05, 0.000453633518191, 4.37287371824e-06], "mean": [0.00157538370695, 0.00872980989516, 0.00239025731571, 0.00222244136967, 0.00348471384495, 0.00202819611877, 0.00116279977374, 0.000525771290995, 0.000582636217587, 0.0028133103624, 0.000617697369307, 0.000123772246297, 4.28810199082e-05, 4.2875559302e-05, 5.13711274834e-05, 2.09623976843e-05, 8.48012859933e-05, 1.26211934912e-05, 8.79649905983e-06, 3.17698913932e-06, 2.46027343564e-06, 2.00918975679e-06, 2.77839035334e-06, 3.31176096324e-07, 8.11428648717e-08, 9.03285467757e-07, 2.57527710268e-09], "median": [6.7319243513e-09, 1.02179831174e-06, 1.99053670258e-06, 1.0041430869e-05, 6.29609203315e-05, 1.49373045133e-05, 3.29187823809e-05, 2.89486342808e-06, 1.6979549855e-06, 4.42444843429e-06, 1.70998998783e-06, 8.06609705251e-07, 1.95544407688e-06, 3.1306004189e-07, 2.23828055823e-06, 5.9662664853e-07, 4.93397192258e-06, 2.49037100275e-07, 1.24450139083e-06, 3.82444298452e-08, 2.76113212294e-08, 1.72582161895e-08, 5.24961851767e-09, 3.67817754032e-09, 1.79080861251e-09, 7.07956138157e-10, 1.66095776022e-10], "min": [9.90238728656e-26, 4.50075024535e-25, 3.79792275698e-26, 3.76179489967e-25, 3.09151117768e-24, 1.63798881145e-24, 4.23177056756e-24, 4.11035304134e-24, 5.45391529713e-24, 5.77967974668e-24, 7.98615643631e-24, 1.25116518678e-23, 1.48559721398e-23, 1.20917309527e-23, 2.21615530296e-23, 3.17702748634e-23, 4.12524839183e-23, 6.4146508498e-23, 9.37000021762e-23, 9.86911314344e-23, 1.58600005367e-22, 2.53965223495e-22, 3.14401460409e-22, 5.03017295054e-22, 7.40058157848e-22, 1.13708304145e-21, 1.75043999001e-21], "var": [0.000123193502077, 0.00202502612956, 8.49631906021e-05, 6.60873047309e-05, 0.000144290446769, 5.53116806259e-05, 4.10427819588e-05, 5.95444407736e-06, 8.79386243469e-06, 5.29641729372e-05, 8.67400103743e-06, 5.56336203772e-07, 2.51518326166e-08, 1.48800856081e-08, 1.52307340073e-08, 4.21418899776e-09, 4.94107972315e-08, 1.31406285853e-09, 6.31195595791e-10, 6.49835185662e-11, 1.51915230395e-10, 7.87960086068e-10, 1.73108749557e-09, 8.45869294747e-12, 6.93790673783e-13, 1.64868257935e-10, 2.33502398427e-15]}, "erbbands": {"dmean": [0.287575423717, 1.21159338951, 2.13585543633, 4.10435342789, 6.50193881989, 8.27874755859, 9.71182250977, 10.1491279602, 11.246673584, 7.5867061615, 4.16633081436, 5.84706020355, 11.8396902084, 14.9588928223, 6.50280857086, 1.99667143822, 0.843584299088, 0.815250813961, 0.817114531994, 0.644156038761, 0.74142408371, 1.0806581974, 0.526973962784, 0.27104729414, 0.142169043422, 0.070715084672, 0.0376461744308, 0.0388691499829, 0.0281858555973, 0.0409690104425, 0.0391193777323, 0.00528917694464, 0.00129878823645, 0.000546427909285, 0.000570261559915, 0.00290381722152, 0.000184070013347, 9.12147697818e-06, 6.56199017612e-06, 1.49753541336e-05], "dmean2": [0.464217990637, 2.01056742668, 3.52153682709, 6.9937415123, 11.1860837936, 14.3611745834, 16.9260311127, 17.4831027985, 19.6556529999, 12.8181409836, 6.52094507217, 8.92626667023, 15.0844087601, 16.7203235626, 7.97023296356, 2.49154829979, 1.18943738937, 0.877448260784, 1.06702673435, 0.886736273766, 1.05551886559, 1.63902366161, 0.791624724865, 0.419497966766, 0.224300786853, 0.110876947641, 0.0586764030159, 0.0634514316916, 0.0432964488864, 0.0604189559817, 0.0587683580816, 0.0078713754192, 0.00186593376566, 0.000812216021586, 0.000868223316502, 0.00472549814731, 0.000281846936559, 1.32073382701e-05, 1.03270440377e-05, 2.37643071159e-05], "dvar": [2.86973214149, 43.3333091736, 101.206703186, 295.400268555, 820.39074707, 1665.30957031, 2006.27819824, 2947.89038086, 5492.93945312, 2799.40869141, 498.717712402, 1566.26391602, 3677.94384766, 3412.046875, 1420.16821289, 277.136322021, 23.760427475, 5.63369464874, 6.40882349014, 4.25216007233, 4.20039653778, 48.5373268127, 2.58637666702, 1.13387596607, 0.205191046, 0.0876727998257, 0.0187033191323, 0.159538537264, 0.292632192373, 1.31704163551, 0.900654375553, 0.00541540095583, 0.000260227127001, 3.50934133166e-05, 6.88450381858e-05, 0.00246114609763, 1.21455132103e-05, 3.54403013603e-08, 4.77777650776e-10, 2.46467779519e-09], "dvar2": [7.1231918335, 115.524581909, 267.192810059, 826.248413086, 2385.44946289, 4866.69335938, 6033.17578125, 8460.65722656, 16726.1972656, 8084.52783203, 1405.77844238, 4531.68261719, 9640.60742188, 7453.12060547, 2799.8996582, 531.641723633, 56.8089828491, 7.93362188339, 14.4244232178, 9.99781131744, 9.72442913055, 112.791259766, 6.4717168808, 3.22762155533, 0.534218072891, 0.234053403139, 0.0449913740158, 0.422015279531, 0.589954257011, 2.87573504448, 1.97752726078, 0.011540829204, 0.000468958052807, 6.46439366392e-05, 0.000150838473928, 0.00646633841097, 2.59103999269e-05, 6.64712374032e-08, 1.11919473689e-09, 6.00779115345e-09], "max": [38.0083084106, 136.280288696, 327.432067871, 422.165893555, 896.090148926, 1215.23632812, 1334.41223145, 1971.98217773, 2262.76831055, 1988.99816895, 811.922241211, 1466.25634766, 2367.85058594, 2119.93823242, 1586.52770996, 1393.54931641, 599.369140625, 100.932548523, 98.7287063599, 86.0227355957, 161.520889282, 834.538208008, 107.11894989, 28.5189704895, 18.9657077789, 15.8699741364, 6.95182943344, 24.7260131836, 56.1298751831, 147.115509033, 111.790939331, 6.17879629135, 1.1067482233, 0.409339994192, 0.771845936775, 3.93766570091, 0.325288146734, 0.0154875665903, 0.000736994436011, 0.0009901256999], "mean": [0.351867973804, 1.53986489773, 2.80009818077, 5.55886459351, 9.50546550751, 11.5711145401, 14.0276279449, 16.984462738, 18.9125022888, 13.1935224533, 11.4373617172, 15.4607954025, 49.7779159546, 78.3691253662, 28.0594768524, 6.27916002274, 2.34963178635, 2.57125878334, 2.71260285378, 1.76823365688, 2.14835739136, 3.04294323921, 1.5695066452, 0.706011712551, 0.298581629992, 0.167925134301, 0.0985885336995, 0.0918792113662, 0.0653499811888, 0.082869283855, 0.0764297619462, 0.0151095036417, 0.00315642356873, 0.00109381217044, 0.00142173061613, 0.00753468088806, 0.00040822813753, 1.56399764819e-05, 1.3101112927e-05, 2.93784105452e-05], "median": [5.0150007155e-05, 0.000809600867797, 0.00950892735273, 0.0653314292431, 0.179833471775, 0.15361136198, 0.0706543624401, 0.166322469711, 0.599561870098, 0.25384876132, 0.158410489559, 0.292197108269, 0.173768609762, 0.203454330564, 0.260920733213, 0.246553242207, 0.223092064261, 0.180201232433, 0.158953413367, 0.114267118275, 0.298715919256, 0.247922480106, 0.0500730648637, 0.0506199486554, 0.0950259640813, 0.0167193766683, 0.00228042947128, 0.00116435333621, 0.000704493839294, 0.000414002424804, 0.000219085035496, 0.000133736844873, 8.94121476449e-05, 5.47572708456e-05, 2.85508212983e-05, 1.40703732541e-05, 6.23852338322e-06, 1.05724041077e-06, 4.41539759777e-06, 9.48973956838e-06], "min": [4.52445082183e-23, 1.15069360574e-22, 8.50728905746e-22, 2.27233319929e-21, 5.16960781371e-21, 1.17071348693e-20, 2.35575141562e-20, 1.83792019629e-20, 5.02484757145e-20, 8.56168123144e-20, 1.22922451145e-19, 1.95785495507e-19, 2.83833792308e-19, 3.89415590983e-19, 5.57827857639e-19, 5.75753636995e-19, 1.04649845298e-18, 1.25490102485e-18, 1.78395106218e-18, 2.21302618952e-18, 2.98942204837e-18, 3.08123682162e-18, 4.18241708297e-18, 4.36189004689e-18, 4.80204980803e-18, 4.79336647955e-18, 7.14653526281e-18, 7.96895131504e-18, 8.16683276989e-18, 8.6681042211e-18, 8.89342491124e-18, 8.88135138302e-18, 8.07261607094e-18, 7.39742658722e-18, 5.33002389018e-18, 3.4878082936e-18, 1.92656320364e-18, 8.38518725511e-19, 2.04170948494e-19, 2.41931830699e-20], "var": [4.04501342773, 59.297252655, 136.932556152, 355.299682617, 1018.50378418, 2123.72973633, 2873.73510742, 4642.55761719, 8940.41308594, 5352.36816406, 2824.72998047, 5086.78076172, 24911.78125, 46230.0625, 16371.5585938, 1008.13006592, 66.1076049805, 46.7662658691, 46.5032196045, 19.9976139069, 21.900718689, 99.5693893433, 13.0861368179, 5.4666018486, 0.400401294231, 0.194058939815, 0.0423988476396, 0.534619212151, 0.609199285507, 1.95444071293, 1.5044760704, 0.024819964543, 0.000656372634694, 6.97637515259e-05, 0.000302233966067, 0.0115196211264, 3.69923072867e-05, 6.45555928713e-08, 9.23754184257e-10, 4.68953675892e-09]}, "gfcc": {"mean": [-382.94442749, 137.145553589, -115.525817871, -7.54426288605, -31.9780063629, -16.0543327332, -20.9316673279, -7.24358654022, -10.8565340042, -14.0804672241, -3.53980970383, -7.20722866058, -1.17854392529], "cov": [[93373.03125, 15410.3613281, -15421.671875, -1810.21899414, -3942.0703125, -3389.11767578, -1884.37890625, -830.280517578, -878.86328125, -2298.99658203, -107.45639801, -871.989624023, 863.984436035], [15410.3613281, 10890.6816406, 3445.07666016, 429.790405273, 1943.88110352, -1001.57189941, -705.219909668, -585.329162598, -664.150634766, -588.261230469, 275.590667725, -950.273010254, -439.56930542], [-15421.671875, 3445.07666016, 10693.5556641, 2111.22167969, 3095.70068359, 625.537658691, 101.866088867, -107.306945801, -156.93939209, 395.647705078, 137.704467773, -490.187286377, -652.922668457], [-1810.21899414, 429.790405273, 2111.22167969, 1874.6217041, 791.008972168, 494.131256104, -199.099334717, -141.137985229, -119.082740784, 234.353546143, -90.8844680786, -173.027053833, -274.360076904], [-3942.0703125, 1943.88110352, 3095.70068359, 791.008972168, 1577.88537598, 114.698760986, -245.360870361, -140.744155884, -225.733108521, -15.6275014877, 153.850524902, -186.473510742, -270.049438477], [-3389.11767578, -1001.57189941, 625.537658691, 494.131256104, 114.698760986, 994.838439941, 338.919891357, -12.0178947449, 80.1802978516, 223.517745972, -43.8839263916, 95.9158325195, -56.166934967], [-1884.37890625, -705.219909668, 101.866088867, -199.099334717, -245.360870361, 338.919891357, 776.922485352, 280.993530273, 215.80015564, 4.68807268143, -43.4928398132, 84.2765045166, 146.922912598], [-830.280517578, -585.329162598, -107.306945801, -141.137985229, -140.744155884, -12.0178947449, 280.993530273, 469.574188232, 283.10055542, -3.27004551888, -3.79109501839, 95.915763855, 122.407775879], [-878.86328125, -664.150634766, -156.93939209, -119.082740784, -225.733108521, 80.1802978516, 215.80015564, 283.10055542, 458.876739502, 144.428405762, 5.37060928345, 96.1550445557, 165.072433472], [-2298.99658203, -588.261230469, 395.647705078, 234.353546143, -15.6275014877, 223.517745972, 4.68807268143, -3.27004551888, 144.428405762, 304.524047852, 3.23712706566, 14.2420120239, -48.723651886], [-107.45639801, 275.590667725, 137.704467773, -90.8844680786, 153.850524902, -43.8839263916, -43.4928398132, -3.79109501839, 5.37060928345, 3.23712706566, 142.930618286, 43.2496795654, 8.23120689392], [-871.989624023, -950.273010254, -490.187286377, -173.027053833, -186.473510742, 95.9158325195, 84.2765045166, 95.915763855, 96.1550445557, 14.2420120239, 43.2496795654, 221.374572754, 158.638916016], [863.984436035, -439.56930542, -652.922668457, -274.360076904, -270.049438477, -56.166934967, 146.922912598, 122.407775879, 165.072433472, -48.723651886, 8.23120689392, 158.638916016, 301.016876221]], "icov": [[5.76550555706e-05, -0.000131601394969, 6.6417211201e-05, -0.000120244971185, 0.000241033616476, -3.79485900339e-05, 0.000105445367808, -2.97978458548e-05, -2.90177194984e-05, 0.000226147167268, -7.77994500822e-05, -1.36130438477e-05, -9.15654891287e-05], [-0.000131601394969, 0.000584266672377, -0.000190098609892, 0.000272320321528, -0.000615789555013, 4.12885237893e-05, -0.000123500198242, 0.000142077740747, 6.79325239616e-05, -3.707173164e-05, -0.00068626581924, 0.00157313316595, -0.000328988215188], [6.6417211201e-05, -0.000190098609892, 0.000394362432417, -0.000188908728887, -0.000376396259526, 0.000113398833491, -0.000238508582697, 2.64424420493e-06, -6.80743178236e-05, -0.000277588958852, 0.000346861430444, -0.000198196677957, 0.00010117454076], [-0.000120244971185, 0.000272320321528, -0.000188908728887, 0.00133007240947, -0.000916125951335, -0.000420980039053, 0.000232714985032, -0.000232896709349, 0.000342950981576, -0.00109820161015, 0.0012186714448, 0.000418832147261, 6.13851807429e-06], [0.000241033616476, -0.000615789555013, -0.000376396259526, -0.000916125951335, 0.00374516332522, -0.000761872390285, 0.00132805260364, -0.000523226917721, 0.000173018794158, 0.00240757479332, -0.00294362311251, 0.000591951131355, -0.000396842631744], [-3.79485900339e-05, 4.12885237893e-05, 0.000113398833491, -0.000420980039053, -0.000761872390285, 0.00249167927541, -0.00172625097912, 0.00113772053737, -0.000395063805627, -0.00129394989926, 0.00140187260695, -0.00279943388887, 0.00163702352438], [0.000105445367808, -0.000123500198242, -0.000238508582697, 0.000232714985032, 0.00132805260364, -0.00172625097912, 0.00328902085312, -0.00162341073155, 0.00015198274923, 0.00149800442159, -0.000901125196833, 0.00218214141205, -0.00183032243513], [-2.97978458548e-05, 0.000142077740747, 2.64424420493e-06, -0.000232896709349, -0.000523226917721, 0.00113772053737, -0.00162341073155, 0.00506315659732, -0.00336120463908, 0.00142592040356, 0.000785230949987, -0.00228045252152, 0.00181718007661], [-2.90177194984e-05, 6.79325239616e-05, -6.80743178236e-05, 0.000342950981576, 0.000173018794158, -0.000395063805627, 0.00015198274923, -0.00336120463908, 0.00643604574725, -0.00370687176473, -0.00081853492884, 0.00212475890294, -0.00350524974056], [0.000226147167268, -3.707173164e-05, -0.000277588958852, -0.00109820161015, 0.00240757479332, -0.00129394989926, 0.00149800442159, 0.00142592040356, -0.00370687176473, 0.00908266846091, -0.00328404270113, 0.00155759963673, 0.00107303261757], [-7.77994500822e-05, -0.00068626581924, 0.000346861430444, 0.0012186714448, -0.00294362311251, 0.00140187260695, -0.000901125196833, 0.000785230949987, -0.00081853492884, -0.00328404270113, 0.0147603023797, -0.00922749564052, 0.00320224254392], [-1.36130438477e-05, 0.00157313316595, -0.000198196677957, 0.000418832147261, 0.000591951131355, -0.00279943388887, 0.00218214141205, -0.00228045252152, 0.00212475890294, 0.00155759963673, -0.00922749564052, 0.0203742869198, -0.00923909526318], [-9.15654891287e-05, -0.000328988215188, 0.00010117454076, 6.13851807429e-06, -0.000396842631744, 0.00163702352438, -0.00183032243513, 0.00181718007661, -0.00350524974056, 0.00107303261757, 0.00320224254392, -0.00923909526318, 0.0103107970208]]}, "melbands": {"dmean": [0.00210493640043, 0.00122215296142, 0.000750847510062, 0.000522205373272, 0.000336926197633, 0.000225356125156, 0.000162070195074, 7.41900366847e-05, 3.37857127306e-05, 3.9553593524e-05, 6.18217818555e-05, 6.58203935018e-05, 2.27207838179e-05, 9.08117181098e-06, 2.64032496489e-06, 1.54640065375e-06, 1.73316254859e-06, 1.28612373373e-06, 8.61642831751e-07, 8.12893119928e-07, 1.1319892792e-06, 1.22578933315e-06, 1.16218132007e-06, 2.57376456148e-07, 2.27420315468e-07, 1.30409674171e-07, 5.72112952568e-08, 4.59115980789e-08, 2.97152009665e-08, 1.81401738075e-08, 3.00170022172e-08, 1.30929223019e-08, 3.01475289177e-08, 2.51397782591e-08, 3.23111777334e-08, 6.90987267404e-09, 2.1831783048e-09, 1.01526032026e-09, 6.43244568721e-10, 4.21162743569e-10], "dmean2": [0.00339131825604, 0.00200737430714, 0.00127028080169, 0.000901922001503, 0.000582707696594, 0.00038707931526, 0.000282952096313, 0.000124179787235, 5.28003038198e-05, 6.03465814493e-05, 7.87311728345e-05, 7.38294038456e-05, 2.91374926746e-05, 1.16890714708e-05, 3.463201665e-06, 2.26555630434e-06, 1.78279935881e-06, 1.66065933627e-06, 1.14911938454e-06, 1.08508390895e-06, 1.63173444889e-06, 1.80890356205e-06, 1.78938080353e-06, 3.93886864458e-07, 3.47887549879e-07, 2.04970916684e-07, 8.7840092533e-08, 7.16213719443e-08, 4.68330085823e-08, 2.7586732898e-08, 4.94261414019e-08, 2.03134984389e-08, 4.6127709652e-08, 3.84660445718e-08, 4.95178298365e-08, 1.05696029706e-08, 3.24696025622e-09, 1.49861811849e-09, 9.83596648574e-10, 6.37463970499e-10], "dvar": [0.000145585785503, 3.44539294019e-05, 8.79889284988e-06, 5.85872430747e-06, 2.34739400184e-06, 1.36526568895e-06, 1.131338081e-06, 2.57550851757e-07, 3.3796808907e-08, 7.15895254189e-08, 9.69269038364e-08, 6.58675034515e-08, 1.74146439491e-08, 4.44694547852e-09, 6.76674050126e-10, 5.44631562072e-11, 2.62344607843e-11, 1.53283202103e-11, 5.48374626957e-12, 7.85852459495e-12, 9.65862199248e-12, 6.53578788312e-11, 1.92332035714e-11, 1.14056496452e-12, 9.5777758554e-13, 1.84765207691e-13, 2.76219544741e-14, 4.24053018177e-14, 7.83843696466e-15, 1.58469513689e-14, 1.1361912252e-13, 4.52479647175e-14, 6.71717076493e-13, 3.17520098755e-13, 5.81583175716e-13, 1.06807381814e-14, 5.32757201104e-16, 1.47740929263e-16, 5.85057303372e-17, 1.7615368664e-17], "dvar2": [0.000362047780072, 9.07841167646e-05, 2.45436822297e-05, 1.70507155417e-05, 7.03717250872e-06, 3.94187918573e-06, 3.43262445313e-06, 7.44028000099e-07, 9.55571834993e-08, 2.04981517982e-07, 2.55600582477e-07, 1.44106252264e-07, 3.80521605337e-08, 1.07404964922e-08, 1.44781542311e-09, 1.51730447651e-10, 3.31115378172e-11, 3.47679905699e-11, 1.20951200444e-11, 1.64681497605e-11, 2.23744356376e-11, 1.49298434726e-10, 4.84179016325e-11, 3.19040171885e-12, 2.71799509982e-12, 4.81664404542e-13, 7.07462246338e-14, 1.1247749829e-13, 1.96474662305e-14, 3.58335662033e-14, 3.06728817692e-13, 7.77384816133e-14, 1.59484643374e-12, 6.73141392887e-13, 1.32170880143e-12, 2.4464427405e-14, 1.0582586121e-15, 2.71721260867e-16, 1.13712412929e-16, 3.35367078295e-17], "max": [0.261495679617, 0.15188254416, 0.0799565389752, 0.0771603807807, 0.0374239124358, 0.0411298982799, 0.0340362153947, 0.0183154977858, 0.00613024737686, 0.0114666279405, 0.0119424285367, 0.0086655151099, 0.00537413777784, 0.00368263269775, 0.00263640191406, 0.000605518522207, 0.000228353630519, 0.000151757136337, 8.17633699626e-05, 0.000126196115161, 0.000193945787032, 0.00103329669219, 0.000332524301484, 3.82722828363e-05, 2.61233908532e-05, 1.86706838576e-05, 7.95282176114e-06, 9.40963309404e-06, 3.1492911603e-06, 8.09210359876e-06, 2.25107596634e-05, 3.19890968967e-05, 9.72861453192e-05, 7.06226419425e-05, 8.90182418516e-05, 9.22460003494e-06, 1.71391661752e-06, 8.99470535387e-07, 5.29182671016e-07, 3.07660826593e-07], "mean": [0.00276616332121, 0.00168814812787, 0.00109184614848, 0.000762742187362, 0.000506344134919, 0.000388510496123, 0.000278754334431, 0.000132990506245, 8.77107449924e-05, 0.000100354955066, 0.000255671475315, 0.000337407924235, 8.6624539108e-05, 3.04317636619e-05, 6.79336062603e-06, 3.96007499148e-06, 5.03174260302e-06, 4.11469636674e-06, 2.54404699263e-06, 2.24743303079e-06, 2.91951755571e-06, 3.12556517201e-06, 3.33759521709e-06, 6.55903306779e-07, 5.3876203765e-07, 2.43057428406e-07, 1.28448377268e-07, 1.00905850786e-07, 7.25254523104e-08, 3.69776529396e-08, 6.4843490577e-08, 2.95525151017e-08, 5.09175386298e-08, 4.91729252872e-08, 5.78545602536e-08, 1.68214207008e-08, 5.62848345709e-09, 2.20643503468e-09, 1.19061083215e-09, 7.52363060741e-10], "median": [2.27887568371e-07, 1.32953732646e-06, 1.62466822076e-05, 1.30752578116e-05, 1.74256774699e-06, 2.91441051559e-06, 8.01912756287e-06, 1.62161813932e-06, 6.07045706147e-07, 2.57187707575e-07, 6.4997152549e-07, 5.65277559872e-07, 3.99358839331e-07, 1.32985420009e-07, 4.36263576375e-07, 2.41016522295e-07, 4.30579305544e-08, 2.21302272507e-07, 1.30527681108e-07, 6.1171711252e-08, 3.04335685541e-07, 2.47845520107e-07, 1.00244204049e-08, 1.27685630957e-08, 6.11792838612e-09, 5.9724115431e-08, 3.03588656436e-08, 1.16910148229e-09, 8.03884236955e-10, 5.12119235907e-10, 3.42871731007e-10, 3.20012738531e-10, 1.94336352566e-10, 1.22626478416e-10, 8.71992686391e-11, 6.29631208282e-11, 4.97580969483e-11, 3.706653387e-11, 2.69041195572e-11, 1.80731350025e-11], "min": [5.15302284306e-25, 6.07664880103e-25, 6.30872181858e-25, 3.81901393935e-25, 7.70225052411e-25, 3.47973595737e-25, 8.19885424117e-25, 7.9580628315e-25, 7.12793316106e-25, 8.8007077802e-25, 7.67097071011e-25, 1.24009032908e-24, 1.40489106358e-24, 1.17370541593e-24, 1.47498460906e-24, 1.3500332818e-24, 1.51886253172e-24, 1.58320991576e-24, 2.14619430584e-24, 2.28965240854e-24, 2.89812508221e-24, 2.38268514168e-24, 2.34281887254e-24, 2.27152872367e-24, 2.81661543753e-24, 3.4326146331e-24, 2.93677749163e-24, 2.60899868576e-24, 3.8687525562e-24, 3.44325833886e-24, 4.00475493727e-24, 4.0205790926e-24, 3.78043287254e-24, 4.20478126941e-24, 4.67224564792e-24, 4.47102182493e-24, 4.24016996405e-24, 4.7499149205e-24, 4.71077558668e-24, 5.3897635506e-24], "var": [0.000219734836719, 5.26606308995e-05, 1.16173841889e-05, 7.49368291508e-06, 3.5351022234e-06, 2.27112059292e-06, 1.98665247808e-06, 5.10044174007e-07, 1.65579081113e-07, 2.26548209525e-07, 6.37404298232e-07, 8.78159426065e-07, 1.65450188661e-07, 2.38542146036e-08, 1.54068680036e-09, 1.55101709254e-10, 2.12620310247e-10, 1.06653567922e-10, 3.24215203296e-11, 4.70972080779e-11, 5.20697131245e-11, 1.24404889168e-10, 8.28815766019e-11, 5.1000228346e-12, 4.34770188601e-12, 3.31151528725e-13, 7.19981596586e-14, 8.6173079848e-14, 2.12105147627e-14, 2.29587111448e-14, 3.9083422913e-13, 1.11946943957e-13, 8.13710427164e-13, 5.74288121398e-13, 9.11338929668e-13, 3.98651821461e-14, 2.64097122602e-15, 3.24007069453e-16, 9.78762915641e-17, 3.29440825515e-17]}, "mfcc": {"mean": [-924.151855469, 129.697738647, -8.11324596405, 9.24525165558, 0.174530565739, -4.21900987625, -5.54769802094, -0.718011677265, -1.71961629391, -5.46550941467, -7.83876943588, -4.17450618744, 0.811673879623], "cov": [[17703.6777344, 8567.84472656, -3250.79394531, -220.260360718, -1109.77966309, -1150.54577637, -738.186340332, -248.477767944, -303.247924805, -543.988098145, -679.701965332, -443.717346191, -84.0745544434], [8567.84472656, 8592.08398438, 2434.16333008, 1499.14160156, 862.049987793, -45.662437439, 160.737625122, -374.724945068, -532.818969727, -134.635467529, -54.7779159546, -212.169509888, -22.9137363434], [-3250.79394531, 2434.16333008, 5260.71484375, 2077.58984375, 1738.6295166, 1040.93103027, 683.112426758, -71.0707931519, -315.528289795, 275.710205078, 461.695373535, 166.964492798, 36.1536712646], [-220.260360718, 1499.14160156, 2077.58984375, 1458.03808594, 1103.40966797, 500.713806152, 250.227508545, -5.68876504898, -74.8777923584, 128.639923096, 196.220977783, 107.658828735, 59.3173561096], [-1109.77966309, 862.049987793, 1738.6295166, 1103.40966797, 1206.64331055, 613.399597168, 281.764099121, -31.3545570374, -96.0591430664, 100.485824585, 217.093292236, 158.684249878, 67.6378097534], [-1150.54577637, -45.662437439, 1040.93103027, 500.713806152, 613.399597168, 814.887390137, 436.407745361, 29.8226337433, -49.0439376831, 102.664093018, 213.070205688, 116.326568604, -67.1245956421], [-738.186340332, 160.737625122, 683.112426758, 250.227508545, 281.764099121, 436.407745361, 506.617828369, 189.963241577, 60.2469596863, 90.143447876, 150.891372681, 65.8438644409, -46.7684783936], [-248.477767944, -374.724945068, -71.0707931519, -5.68876504898, -31.3545570374, 29.8226337433, 189.963241577, 397.403137207, 298.403839111, 61.7373504639, 27.3035583496, 76.7381896973, 61.1965026855], [-303.247924805, -532.818969727, -315.528289795, -74.8777923584, -96.0591430664, -49.0439376831, 60.2469596863, 298.403839111, 421.625213623, 179.652603149, 29.8151493073, 79.1272964478, 91.0120239258], [-543.988098145, -134.635467529, 275.710205078, 128.639923096, 100.485824585, 102.664093018, 90.143447876, 61.7373504639, 179.652603149, 267.433166504, 201.265350342, 68.8763046265, 4.33443117142], [-679.701965332, -54.7779159546, 461.695373535, 196.220977783, 217.093292236, 213.070205688, 150.891372681, 27.3035583496, 29.8151493073, 201.265350342, 336.149993896, 126.528053284, -62.3151359558], [-443.717346191, -212.169509888, 166.964492798, 107.658828735, 158.684249878, 116.326568604, 65.8438644409, 76.7381896973, 79.1272964478, 68.8763046265, 126.528053284, 153.839645386, 69.9277877808], [-84.0745544434, -22.9137363434, 36.1536712646, 59.3173561096, 67.6378097534, -67.1245956421, -46.7684783936, 61.1965026855, 91.0120239258, 4.33443117142, -62.3151359558, 69.9277877808, 212.201812744]], "icov": [[0.00164862652309, -0.00231546233408, 0.00235689640976, -0.00193955155555, 0.00241863704287, -0.00250260415487, 0.00296603608876, -0.0039269416593, 0.00371252931654, -0.00303792534396, 0.00239187595434, -0.00240082922392, 0.00073073070962], [-0.00231546233408, 0.00343992072158, -0.00333160418086, 0.00247591990046, -0.00336751667783, 0.00379053223878, -0.00446357997134, 0.00576377660036, -0.00523446220905, 0.0044470531866, -0.00345342699438, 0.0036338949576, -0.00110141001642], [0.00235689640976, -0.00333160418086, 0.00397402932867, -0.00333094433881, 0.00334732001647, -0.00363791803829, 0.00394080812111, -0.00606330577284, 0.00643543014303, -0.00536517007276, 0.00363202556036, -0.00338290608488, 0.000758357695304], [-0.00193955155555, 0.00247591990046, -0.00333094433881, 0.00564859714359, -0.00522187026218, 0.00289671984501, -0.00262426142581, 0.00375941535458, -0.00446280278265, 0.00295673450455, -0.00251364498399, 0.0032094148919, -0.000536468345672], [0.00241863704287, -0.00336751667783, 0.00334732001647, -0.00522187026218, 0.00764350453392, -0.00513362558559, 0.00440915301442, -0.00489013735205, 0.00509149301797, -0.00328698288649, 0.00271248421632, -0.00445412099361, -4.63941614726e-05], [-0.00250260415487, 0.00379053223878, -0.00363791803829, 0.00289671984501, -0.00513362558559, 0.00822124350816, -0.00786208640784, 0.007517863065, -0.0056398017332, 0.00416372716427, -0.00250566960312, 0.0014040133683, 0.00069924001582], [0.00296603608876, -0.00446357997134, 0.00394080812111, -0.00262426142581, 0.00440915301442, -0.00786208640784, 0.0120554966852, -0.0119026824832, 0.00881276931614, -0.00719749368727, 0.00418777856976, -0.00337766832672, 0.00166265957523], [-0.0039269416593, 0.00576377660036, -0.00606330577284, 0.00375941535458, -0.00489013735205, 0.007517863065, -0.0119026824832, 0.0222361106426, -0.0213777180761, 0.0181723758578, -0.0112881129608, 0.00745258992538, -0.00302365934476], [0.00371252931654, -0.00523446220905, 0.00643543014303, -0.00446280278265, 0.00509149301797, -0.0056398017332, 0.00881276931614, -0.0213777180761, 0.0283776987344, -0.0259339921176, 0.0170174352825, -0.0129924369976, 0.00339475623332], [-0.00303792534396, 0.0044470531866, -0.00536517007276, 0.00295673450455, -0.00328698288649, 0.00416372716427, -0.00719749368727, 0.0181723758578, -0.0259339921176, 0.0324436537921, -0.0229840986431, 0.0161495190114, -0.00670915422961], [0.00239187595434, -0.00345342699438, 0.00363202556036, -0.00251364498399, 0.00271248421632, -0.00250566960312, 0.00418777856976, -0.0112881129608, 0.0170174352825, -0.0229840986431, 0.0243472903967, -0.0202187523246, 0.0101631386206], [-0.00240082922392, 0.0036338949576, -0.00338290608488, 0.0032094148919, -0.00445412099361, 0.0014040133683, -0.00337766832672, 0.00745258992538, -0.0129924369976, 0.0161495190114, -0.0202187523246, 0.0288623701781, -0.0121154915541], [0.00073073070962, -0.00110141001642, 0.000758357695304, -0.000536468345672, -4.63941614726e-05, 0.00069924001582, 0.00166265957523, -0.00302365934476, 0.00339475623332, -0.00670915422961, 0.0101631386206, -0.0121154915541, 0.0120362695307]]}, "spectral_contrast_coeffs": {"dmean": [0.0377481915057, 0.0354998372495, 0.0282031837851, 0.0275511015207, 0.0263713728637, 0.022311957553], "dmean2": [0.0635260716081, 0.0573141127825, 0.0437982752919, 0.0439725853503, 0.0424657277763, 0.036496501416], "dvar": [0.00173812068533, 0.00141492532566, 0.00100754830055, 0.00114125281107, 0.00123515655287, 0.000962923222687], "dvar2": [0.00455542234704, 0.00365929817781, 0.00240240944549, 0.00268807937391, 0.00300253275782, 0.00236139679328], "max": [-0.139751270413, -0.207853853703, -0.186555802822, -0.37305444479, -0.394814133644, -0.50561362505], "mean": [-0.672748804092, -0.701581537724, -0.707729756832, -0.746517121792, -0.734193980694, -0.825727760792], "median": [-0.674974918365, -0.703064441681, -0.75652885437, -0.760235607624, -0.750900864601, -0.801196396351], "min": [-0.998624801636, -0.998970329762, -0.999162137508, -0.998647809029, -0.994823515415, -0.971094369888], "var": [0.0450733192265, 0.0246579051018, 0.0397212728858, 0.0216635577381, 0.0247343908995, 0.0125605911016]}, "spectral_contrast_valleys": {"dmean": [0.590328156948, 0.493556171656, 0.454926282167, 0.492526173592, 0.496343314648, 0.597428381443], "dmean2": [0.934099495411, 0.747438371181, 0.670673489571, 0.753810763359, 0.780908882618, 0.998344123363], "dvar": [1.18062162399, 1.07229