{"lowlevel": {"average_loudness": 0.942052066326, "barkbands_crest": {"dmean": 2.63915467262, "dmean2": 4.12655448914, "dvar": 10.063744545, "dvar2": 24.1889362335, "max": 26.2003650665, "mean": 17.0102157593, "median": 18.529586792, "min": 2.00618505478, "var": 35.2984619141}, "barkbands_flatness_db": {"dmean": 0.0287724602968, "dmean2": 0.0442889146507, "dvar": 0.00111493852455, "dvar2": 0.00276188924909, "max": 0.562147974968, "mean": 0.172618895769, "median": 0.154476180673, "min": 0.0230199787766, "var": 0.00752964010462}, "barkbands_kurtosis": {"dmean": 9.42663955688, "dmean2": 14.2008342743, "dvar": 816.516662598, "dvar2": 1578.0703125, "max": 967.90838623, "mean": 17.7789802551, "median": 3.75545930862, "min": -1.94686532021, "var": 3582.49267578}, "barkbands_skewness": {"dmean": 0.946932196617, "dmean2": 1.39326536655, "dvar": 1.39521872997, "dvar2": 3.01862621307, "max": 24.7057857513, "mean": 2.75259828568, "median": 2.13687872887, "min": -3.95780444145, "var": 7.32207345963}, "barkbands_spread": {"dmean": 7.34200048447, "dmean2": 11.3363170624, "dvar": 60.45054245, "dvar2": 157.662734985, "max": 94.2989959717, "mean": 24.5603847504, "median": 22.170085907, "min": 0.11211527884, "var": 259.051544189}, "dissonance": {"dmean": 0.0170112159103, "dmean2": 0.0289026871324, "dvar": 0.000497910194099, "dvar2": 0.00135428924114, "max": 0.500000119209, "mean": 0.473920464516, "median": 0.481604665518, "min": 0.175675541162, "var": 0.000772902800236}, "dynamic_complexity": 3.80726385117, "erbbands_crest": {"dmean": 2.81127333641, "dmean2": 4.51184606552, "dvar": 10.2730836868, "dvar2": 22.4354133606, "max": 34.1193161011, "mean": 8.59047794342, "median": 6.49824762344, "min": 2.25703883171, "var": 31.9831447601}, "erbbands_flatness_db": {"dmean": 0.0175935588777, "dmean2": 0.0261810887605, "dvar": 0.000478509202367, "dvar2": 0.000914457137696, "max": 0.567070901394, "mean": 0.143517941236, "median": 0.113870538771, "min": 0.0315447226167, "var": 0.00624385755509}, "erbbands_kurtosis": {"dmean": 1.47500312328, "dmean2": 2.26578593254, "dvar": 14.3432226181, "dvar2": 30.6200313568, "max": 134.687057495, "mean": 1.21160686016, "median": -0.0291318893433, "min": -1.88538992405, "var": 26.5276756287}, "erbbands_skewness": {"dmean": 0.388195931911, "dmean2": 0.579855144024, "dvar": 0.190363690257, "dvar2": 0.409660339355, "max": 6.46773052216, "mean": 0.023961564526, "median": -0.0189991220832, "min": -5.64806890488, "var": 0.771417438984}, "erbbands_spread": {"dmean": 10.477437973, "dmean2": 15.8114261627, "dvar": 167.486495972, "dvar2": 348.8387146, "max": 182.070953369, "mean": 44.7958946228, "median": 42.5977668762, "min": 0.689294457436, "var": 780.183410645}, "hfc": {"dmean": 11.4476804733, "dmean2": 18.3067474365, "dvar": 373.186706543, "dvar2": 990.975402832, "max": 184.769088745, "mean": 32.7015953064, "median": 26.060092926, "min": 6.81652304046e-11, "var": 790.415344238}, "melbands_crest": {"dmean": 3.20767235756, "dmean2": 4.77356624603, "dvar": 12.1625366211, "dvar2": 29.4720478058, "max": 36.9045562744, "mean": 25.0367050171, "median": 27.5190353394, "min": 3.15006637573, "var": 73.5198059082}, "melbands_flatness_db": {"dmean": 0.0340040363371, "dmean2": 0.0519013032317, "dvar": 0.00146946555469, "dvar2": 0.00370354531333, "max": 0.690251529217, "mean": 0.252326339483, "median": 0.235468640924, "min": 0.0201064758003, "var": 0.00935839489102}, "melbands_kurtosis": {"dmean": 31.5672779083, "dmean2": 47.5306510925, "dvar": 3934.78491211, "dvar2": 9013.2109375, "max": 1676.88598633, "mean": 59.5653648376, "median": 20.208732605, "min": -1.94367647171, "var": 12041.1113281}, "melbands_skewness": {"dmean": 1.58539009094, "dmean2": 2.36215901375, "dvar": 3.69586849213, "dvar2": 8.3055267334, "max": 31.4492893219, "mean": 5.26640892029, "median": 4.17660140991, "min": -4.80877923965, "var": 20.193561554}, "melbands_spread": {"dmean": 6.69559144974, "dmean2": 10.3364219666, "dvar": 60.5952415466, "dvar2": 142.856567383, "max": 144.317352295, "mean": 18.3246994019, "median": 14.5430793762, "min": 0.13753028214, "var": 218.184921265}, "pitch_salience": {"dmean": 0.0906720981002, "dmean2": 0.14835755527, "dvar": 0.0142053412274, "dvar2": 0.0375241078436, "max": 0.916871726513, "mean": 0.339019060135, "median": 0.299858391285, "min": 0.0242103710771, "var": 0.0366444028914}, "silence_rate_20dB": {"dmean": 0, "dmean2": 0, "dvar": 0, "dvar2": 0, "max": 1, "mean": 1, "median": 1, "min": 1, "var": 0}, "silence_rate_30dB": {"dmean": 0.130837008357, "dmean2": 0.26169320941, "dvar": 0.113703109324, "dvar2": 0.255074441433, "max": 1, "mean": 0.870273828506, "median": 1, "min": 0, "var": 0.112903952599}, "silence_rate_60dB": {"dmean": 0.00381791475229, "dmean2": 0.007562963292, "dvar": 0.00380356702954, "dvar2": 0.00882564578205, "max": 1, "mean": 0.0293664187193, "median": 0, "min": 0, "var": 0.0285038445145}, "spectral_centroid": {"dmean": 278.066894531, "dmean2": 415.423339844, "dvar": 82717.609375, "dvar2": 179615.890625, "max": 4228.14306641, "mean": 1837.9810791, "median": 1893.90856934, "min": 103.080055237, "var": 506250.28125}, "spectral_complexity": {"dmean": 4.53509521484, "dmean2": 6.76018810272, "dvar": 28.4457378387, "dvar2": 53.5538864136, "max": 64, "mean": 20.666103363, "median": 18, "min": 0, "var": 185.535217285}, "spectral_decrease": {"dmean": 5.07644237757e-09, "dmean2": 7.09229119877e-09, "dvar": 4.45360129848e-17, "dvar2": 1.0050543551e-16, "max": 3.06985386513e-17, "mean": -1.37841116299e-08, "median": -1.12862998947e-08, "min": -5.77896663856e-08, "var": 1.02639726927e-16}, "spectral_energy": {"dmean": 0.0197044517845, "dmean2": 0.0275159440935, "dvar": 0.000671451445669, "dvar2": 0.00150561286137, "max": 0.220118165016, "mean": 0.0549905523658, "median": 0.045780621469, "min": 6.82583236962e-15, "var": 0.0015617365716}, "spectral_energyband_high": {"dmean": 0.000929632398766, "dmean2": 0.00154347298667, "dvar": 3.24491270476e-06, "dvar2": 8.90672436071e-06, "max": 0.0191604457796, "mean": 0.00212087342516, "median": 0.00151968398131, "min": 4.62513701112e-15, "var": 5.51794846615e-06}, "spectral_energyband_low": {"dmean": 0.017405519262, "dmean2": 0.0246250666678, "dvar": 0.000589167233557, "dvar2": 0.00144132087007, "max": 0.210443228483, "mean": 0.0400202609599, "median": 0.0297253597528, "min": 1.86492832184e-16, "var": 0.00133758829907}, "spectral_energyband_middle_high": {"dmean": 0.00333294598386, "dmean2": 0.00514942081645, "dvar": 2.82894998236e-05, "dvar2": 6.23697051196e-05, "max": 0.101924918592, "mean": 0.00780193181708, "median": 0.00448177754879, "min": 1.32789291614e-15, "var": 9.18751029531e-05}, "spectral_energyband_middle_low": {"dmean": 0.00510665494949, "dmean2": 0.00925333797932, "dvar": 0.000193080632016, "dvar2": 0.000554002996068, "max": 0.0981080010533, "mean": 0.00583865167573, "median": 0.00219816924073, "min": 3.55728532738e-16, "var": 0.000137723065563}, "spectral_entropy": {"dmean": 0.137603536248, "dmean2": 0.210486680269, "dvar": 0.0331796631217, "dvar2": 0.0744655132294, "max": 8.80426502228, "mean": 7.91746902466, "median": 8.14831638336, "min": 5.31144666672, "var": 0.327197790146}, "spectral_flux": {"dmean": 0.0393256396055, "dmean2": 0.0626630112529, "dvar": 0.00318450736813, "dvar2": 0.00568398833275, "max": 0.416659027338, "mean": 0.10247413069, "median": 0.082478299737, "min": 1.01199921119e-05, "var": 0.00608347961679}, "spectral_kurtosis": {"dmean": 1.78095066547, "dmean2": 3.06104803085, "dvar": 15.2084283829, "dvar2": 45.3984451294, "max": 104.633583069, "mean": 4.19241714478, "median": 2.22640943527, "min": -0.300689220428, "var": 54.9135818481}, "spectral_rms": {"dmean": 0.00122952647507, "dmean2": 0.00167648168281, "dvar": 2.03954732569e-06, "dvar2": 4.31933631262e-06, "max": 0.0146543309093, "mean": 0.00681027211249, "median": 0.00668311491609, "min": 2.58057131219e-09, "var": 7.26977395971e-06}, "spectral_rolloff": {"dmean": 466.741027832, "dmean2": 793.952026367, "dvar": 618442.125, "dvar2": 1582648.625, "max": 19487.5488281, "mean": 991.009338379, "median": 839.794921875, "min": 64.599609375, "var": 1616173.875}, "spectral_skewness": {"dmean": 0.209868818521, "dmean2": 0.3427926898, "dvar": 0.0941743627191, "dvar2": 0.257564216852, "max": 7.98571157455, "mean": 1.36294710636, "median": 1.21765232086, "min": 0.215794801712, "var": 0.500921607018}, "spectral_spread": {"dmean": 498510.40625, "dmean2": 752614.875, "dvar": 370540740608, "dvar2": 692172357632, "max": 11771025, "mean": 5614925.5, "median": 6181805.5, "min": 725620.9375, "var": 5103353331710.0}, "spectral_strongpeak": {"dmean": 0.459448844194, "dmean2": 0.732252657413, "dvar": 1.59225177765, "dvar2": 3.7473962307, "max": 17.2430076599, "mean": 0.895628750324, "median": 0.502319395542, "min": 0, "var": 2.28380846977}, "zerocrossingrate": {"dmean": 0.00940959528089, "dmean2": 0.0116515969858, "dvar": 8.74943580129e-05, "dvar2": 0.000130414555315, "max": 0.6494140625, "mean": 0.0527197122574, "median": 0.04833984375, "min": 0.001953125, "var": 0.00127623858862}, "barkbands": {"dmean": [0.000993551220745, 0.0146852387115, 0.00423530535772, 0.00216754968278, 0.00175533909351, 0.000548130075913, 0.000419184478233, 0.000349634850863, 0.000661021855194, 0.00063959392719, 0.00116345891729, 0.000965029466897, 0.000727844773792, 0.000560459680855, 0.000502800568938, 0.00020676429267, 0.000180624832865, 0.000210450511076, 0.000131326320115, 0.000157745700562, 0.000187868718058, 0.000258837651927, 0.00021174827998, 0.000156052279635, 0.000106416831841, 5.59461841476e-05, 5.90650597587e-05], "dmean2": [0.00111328181811, 0.0209975037724, 0.00780859217048, 0.00411278381944, 0.00328818359412, 0.000968603941146, 0.000690401706379, 0.000583810382523, 0.00100042216945, 0.00100416713394, 0.00179813662544, 0.00158734526485, 0.00116647104733, 0.000895636214409, 0.000824535905849, 0.000355576106813, 0.000303193519358, 0.000339147663908, 0.000210687983781, 0.000252459023613, 0.000312364310957, 0.000433367997175, 0.000366120104445, 0.000272947596386, 0.000181941795745, 8.96694837138e-05, 8.90570518095e-05], "dvar": [1.36513631332e-06, 0.000409479893278, 0.000173778360477, 4.72398351121e-05, 3.12825395667e-05, 2.61513241639e-06, 9.71533950178e-07, 1.01890952919e-06, 3.2537025163e-06, 3.82230791729e-06, 9.61152818491e-06, 6.70024201099e-06, 4.32098568126e-06, 3.774592642e-06, 1.5292698663e-06, 2.10154539104e-07, 1.66478343999e-07, 1.42679368764e-07, 4.48873258563e-08, 7.61224114854e-08, 1.21187568425e-07, 2.03100583462e-07, 2.0199239259e-07, 1.49901424606e-07, 6.25552303291e-08, 1.24376011712e-08, 3.11710053325e-08], "dvar2": [2.20538413487e-06, 0.00108486623503, 0.000487040786538, 0.000136466755066, 9.00355662452e-05, 7.46460909795e-06, 2.71195085588e-06, 2.25542362386e-06, 6.18889362158e-06, 7.92372975411e-06, 1.78027476068e-05, 1.43011548062e-05, 9.37690674618e-06, 8.25433107821e-06, 3.81879272027e-06, 5.4393552773e-07, 4.06080431503e-07, 3.42524316466e-07, 1.12193710322e-07, 1.86448446016e-07, 3.20770794815e-07, 5.37593848549e-07, 5.78295953346e-07, 4.30516251981e-07, 1.76512671146e-07, 3.16715222937e-08, 6.88522590053e-08], "max": [0.0128316227347, 0.188901528716, 0.0801217630506, 0.0478793233633, 0.0486041754484, 0.0580230690539, 0.0308283306658, 0.0630037635565, 0.0672091320157, 0.0512491650879, 0.0920288488269, 0.0738540142775, 0.0803066939116, 0.0610920824111, 0.0254285149276, 0.0175274442881, 0.0110656637698, 0.0130637260154, 0.00462983734906, 0.0100601064041, 0.0107527598739, 0.00788125675172, 0.00615452695638, 0.00571692315862, 0.00309822219424, 0.00118848355487, 0.0021576655563], "mean": [0.00217237509787, 0.0341755412519, 0.00296298530884, 0.0014815882314, 0.00133688549977, 0.000684140250087, 0.000628019333817, 0.00046575043234, 0.00109114102088, 0.000947808730416, 0.00174560479354, 0.00133350514807, 0.00105521292426, 0.00077704899013, 0.000688535335939, 0.000306110654492, 0.000266682647634, 0.000353619776433, 0.000245060015004, 0.000280006614048, 0.000345694978023, 0.000491776794661, 0.000391212874092, 0.000292039883789, 0.000230593665037, 0.000131196458824, 0.000110496061097], "median": [0.00149228237569, 0.0251465216279, 0.000388728716644, 0.000184408345376, 0.000184601813089, 0.000227049080422, 0.000228336721193, 0.000151688334881, 0.00035907086567, 0.000258651969489, 0.000498550245538, 0.000402362988098, 0.000367111584637, 0.000272668927209, 0.000281350308796, 0.000161933727213, 0.00012781273108, 0.000190039922018, 0.000104013757664, 0.000134608868393, 0.000196363427676, 0.000313313910738, 0.000256894185441, 0.000170117520611, 0.00011907388398, 5.46797673451e-05, 6.01803594691e-06], "min": [9.44234941035e-17, 9.81078756659e-17, 3.11216746219e-17, 2.14938779356e-17, 5.02041357834e-17, 2.72814356885e-17, 1.26647183405e-17, 4.62202321213e-17, 1.46282087065e-16, 1.96574747718e-16, 9.35125101688e-17, 1.73996829737e-17, 7.65176808197e-17, 1.22338622933e-16, 1.86949948734e-17, 1.08925962093e-16, 1.92260345696e-16, 3.06398683848e-16, 1.57786462085e-16, 1.30273892281e-16, 1.53332868727e-16, 2.46018390189e-16, 3.77607049658e-16, 6.96669458403e-16, 6.48443637551e-16, 7.1701709562e-16, 1.85070430931e-15], "var": [4.42014743385e-06, 0.00103207374923, 0.000106345301901, 2.71555181826e-05, 2.0014544134e-05, 3.16505315823e-06, 1.69879092482e-06, 2.1041250875e-06, 8.8084343588e-06, 7.52998403186e-06, 2.21178415813e-05, 1.18157895486e-05, 7.87572844274e-06, 6.11109226156e-06, 2.23808933697e-06, 2.9554510661e-07, 2.46759384481e-07, 2.54004390854e-07, 1.1347906792e-07, 1.62160162631e-07, 2.0952681723e-07, 3.62787602626e-07, 2.37011647641e-07, 1.55426732817e-07, 8.89048763497e-08, 2.85605832318e-08, 7.11142718046e-08]}, "erbbands": {"dmean": [0.586208581924, 2.87232065201, 5.15436697006, 5.88206243515, 6.97678518295, 5.42864704132, 4.49778270721, 4.64306116104, 4.51660823822, 7.89496612549, 8.83155155182, 12.9782915115, 18.1620464325, 33.29271698, 36.6005592346, 36.2494888306, 33.0949134827, 29.4988021851, 21.7373600006, 22.4649429321, 10.365983963, 10.4364643097, 11.3443193436, 7.7669005394, 6.91027545929, 6.91291475296, 7.28059387207, 8.05107593536, 9.74219799042, 7.91624736786, 5.77653312683, 3.84128665924, 2.38545966148, 1.3503152132, 0.712619185448, 0.291441440582, 0.102027848363, 0.0322104282677, 0.0081722503528, 0.00098503625486], "dmean2": [0.715823709965, 4.42527675629, 8.86776638031, 11.0487117767, 13.0871553421, 10.1595964432, 8.04835700989, 8.21200466156, 7.65854454041, 13.1337966919, 13.9513626099, 20.0734825134, 27.7109470367, 51.7352676392, 57.9040985107, 60.2472877502, 52.2458724976, 47.2195129395, 35.9846839905, 36.1888084412, 17.4647808075, 17.2882614136, 18.2020702362, 12.6624174118, 11.147190094, 11.1134204865, 11.9303913116, 13.3537759781, 16.2472038269, 13.6279764175, 10.0945072174, 6.7236700058, 4.16634941101, 2.32027554512, 1.2211997509, 0.482172012329, 0.164005711675, 0.0503937527537, 0.0123735843226, 0.00152693863492], "dvar": [0.540981054306, 25.9194335938, 215.618362427, 355.964782715, 492.82409668, 306.927703857, 166.290756226, 195.866348267, 132.240921021, 275.682983398, 699.637573242, 1061.39855957, 2725.23901367, 8632.68457031, 7056.87451172, 7676.12939453, 8675.56347656, 13389.5839844, 3313.31054688, 2816.48901367, 714.917724609, 678.896850586, 464.45111084, 139.196044922, 136.575454712, 156.374099731, 218.756790161, 206.595977783, 275.506835938, 227.231155396, 168.348693848, 80.5235671997, 38.8867492676, 9.37663650513, 2.97391295433, 0.361791372299, 0.0448005609214, 0.00546908052638, 0.000619497266598, 9.95005757431e-06], "dvar2": [0.997393906116, 65.9643859863, 582.12890625, 1021.5269165, 1415.17785645, 874.913330078, 469.68447876, 556.978027344, 371.677062988, 727.463684082, 1450.06640625, 2226.02587891, 5238.34228516, 17040.7421875, 14070.3173828, 17450.4863281, 17533.1679688, 29109.7832031, 8288.36328125, 6585.26367188, 1735.60083008, 1613.46923828, 1141.54077148, 344.878356934, 346.322662354, 375.654541016, 574.107421875, 539.050170898, 719.008605957, 632.988037109, 485.969726562, 232.15133667, 111.149635315, 26.3636608124, 8.46214866638, 0.949398815632, 0.115878768265, 0.0129539510235, 0.00147855537944, 2.1466974431e-05], "max": [8.23951435089, 36.2472190857, 100.794044495, 128.94519043, 169.520614624, 288.339233398, 415.420959473, 640.515380859, 408.006225586, 479.220855713, 1488.98413086, 923.196716309, 1463.02148438, 3560.328125, 2209.59960938, 2651.08398438, 4039.49731445, 4061.00830078, 1618.47033691, 1280.19189453, 1202.51379395, 760.737915039, 896.663146973, 223.974731445, 244.573364258, 624.024658203, 655.086791992, 377.97076416, 310.252075195, 201.459899902, 184.562133789, 149.049179077, 96.9793701172, 36.7647132874, 25.6871795654, 6.85915613174, 2.36999678612, 0.719597876072, 0.306383311749, 0.0363436788321], "mean": [1.45517659187, 5.67329835892, 4.69370079041, 4.15400695801, 5.13999462128, 4.11672210693, 4.49403953552, 5.79155063629, 6.57031869888, 11.5648965836, 13.4559202194, 21.1598434448, 28.7526569366, 52.6699256897, 56.7051963806, 53.0871505737, 51.2918701172, 43.3026580811, 30.0376396179, 33.9807052612, 16.6643676758, 16.1250076294, 19.2702789307, 14.8282957077, 13.0606393814, 12.4073257446, 12.5367059708, 15.0708036423, 18.2716789246, 14.5409755707, 10.4116725922, 7.0978975296, 4.36110544205, 2.83269691467, 1.483907938, 0.662199556828, 0.230150938034, 0.0688942521811, 0.0152917420492, 0.00166531768627], "median": [1.10250389576, 3.23846912384, 0.978045225143, 0.604684710503, 0.62234556675, 0.582882702351, 0.978894650936, 1.93575954437, 2.40838694572, 4.46799182892, 4.82005739212, 7.45702123642, 9.5160112381, 16.8923721313, 18.463350296, 17.968788147, 18.5443725586, 15.5459833145, 13.1242933273, 15.954369545, 8.78846073151, 8.0926322937, 10.6398172379, 7.73856782913, 5.50187730789, 6.04784870148, 6.43989944458, 8.93303203583, 11.1060142517, 9.35800933838, 6.88548088074, 4.36659049988, 2.44575881958, 1.52732026577, 0.711651086807, 0.292302519083, 0.0890261828899, 0.0144588118419, 0.00101546221413, 0.000107492407551], "min": [4.25340432024e-15, 1.72495312034e-14, 3.6196387684e-14, 5.82132947532e-14, 1.08042142398e-13, 1.81577124755e-13, 2.17144431234e-13, 2.21135325221e-13, 1.85330659781e-13, 3.81303929403e-13, 1.45092043848e-12, 3.20683388698e-12, 5.19495427578e-12, 6.38460074739e-12, 2.3010673228e-12, 8.73602676744e-13, 3.41195821596e-12, 5.90178817275e-12, 2.76074107151e-12, 1.47311156329e-12, 9.68323164707e-12, 9.79736691081e-12, 1.42924110047e-11, 1.53461184732e-11, 5.06331695321e-12, 6.02916154502e-12, 5.38216953644e-12, 6.13342883427e-12, 8.36590432346e-12, 1.28218555565e-11, 9.63399412329e-12, 1.17032711647e-11, 1.15459785829e-11, 9.39091946567e-12, 4.39677504474e-12, 1.97400017339e-12, 1.43115836022e-12, 8.58466184424e-13, 2.82271845871e-13, 2.49184607817e-14], "var": [1.85422194004, 47.5678100586, 160.992584229, 205.549972534, 310.947814941, 218.076385498, 163.195999146, 239.209609985, 217.456176758, 469.449310303, 1683.16540527, 2615.76220703, 6018.20898438, 19210.0722656, 15918.9228516, 13448.2998047, 17633.4355469, 21772.3847656, 4612.56982422, 4796.42089844, 1081.68908691, 1021.14807129, 767.948608398, 335.099700928, 320.692657471, 333.715545654, 370.467590332, 359.595550537, 503.364349365, 324.761474609, 178.243118286, 86.424949646, 38.3517723083, 13.2939395905, 3.92350411415, 0.719000995159, 0.0964788272977, 0.0131915295497, 0.00131097342819, 2.17814213102e-05]}, "gfcc": {"mean": [0.916720092297, 64.1864013672, -111.006256104, 33.668170929, -40.0437316895, 36.032207489, -9.13962841034, 13.9986476898, -5.95348882675, 9.52204990387, -6.03376150131, 6.67373037338, -6.35931110382], "cov": [[17079.9667969, -2066.73754883, 2071.87158203, 1848.1809082, -122.078109741, 733.182006836, -690.075683594, 195.020095825, -773.558288574, 327.269958496, -114.076538086, 728.515930176, -280.525238037], [-2066.73754883, 3570.90942383, -1506.42480469, -77.9980697632, 92.6856842041, -790.719970703, 140.787475586, -570.683288574, 179.789596558, -423.791412354, 185.897628784, -308.117614746, 220.883071899], [2071.87158203, -1506.42480469, 1872.29370117, 704.66607666, 255.451049805, 510.966339111, -20.4121303558, 287.850372314, -36.5800170898, 252.268783569, 10.3654222488, 214.062850952, -97.3619613647], [1848.1809082, -77.9980697632, 704.66607666, 1068.82922363, 147.888916016, 256.090606689, -47.9861450195, 120.8932724, 25.7449798584, 122.1563797, 49.2265319824, 101.683242798, -14.1578903198], [-122.078109741, 92.6856842041, 255.451049805, 147.888916016, 311.226623535, 71.7059173584, 120.819747925, 18.66847229, 97.6440505981, 24.9359588623, 65.466506958, -5.05526399612, 34.8097076416], [733.182006836, -790.719970703, 510.966339111, 256.090606689, 71.7059173584, 412.739105225, 9.03893566132, 220.759262085, -13.5323848724, 166.618148804, -17.5444984436, 110.867210388, -40.8907623291], [-690.075683594, 140.787475586, -20.4121303558, -47.9861450195, 120.819747925, 9.03893566132, 200.946380615, 46.6692657471, 95.7412338257, -8.89731693268, 57.9506072998, -16.9111881256, 49.6231956482], [195.020095825, -570.683288574, 287.850372314, 120.8932724, 18.66847229, 220.759262085, 46.6692657471, 270.333190918, 70.0354690552, 135.435714722, -7.50700950623, 86.3527832031, -12.2980012894], [-773.558288574, 179.789596558, -36.5800170898, 25.7449798584, 97.6440505981, -13.5323848724, 95.7412338257, 70.0354690552, 219.370223999, 65.1043624878, 63.355758667, -30.3566169739, 52.7214775085], [327.269958496, -423.791412354, 252.268783569, 122.1563797, 24.9359588623, 166.618148804, -8.89731693268, 135.435714722, 65.1043624878, 184.894470215, 40.4639396667, 66.5042648315, -20.7769889832], [-114.076538086, 185.897628784, 10.3654222488, 49.2265319824, 65.466506958, -17.5444984436, 57.9506072998, -7.50700950623, 63.355758667, 40.4639396667, 122.95602417, 35.4991836548, 33.2628479004], [728.515930176, -308.117614746, 214.062850952, 101.683242798, -5.05526399612, 110.867210388, -16.9111881256, 86.3527832031, -30.3566169739, 66.5042648315, 35.4991836548, 137.274810791, 14.1662445068], [-280.525238037, 220.883071899, -97.3619613647, -14.1578903198, 34.8097076416, -40.8907623291, 49.6231956482, -12.2980012894, 52.7214775085, -20.7769889832, 33.2628479004, 14.1662445068, 86.2895812988]], "icov": [[0.000120688797324, -1.44824407471e-05, 1.94866038328e-06, -0.000165298130014, -0.000102691396023, 0.000119636919408, 7.25182762835e-05, 0.000122856465168, 0.000256058818195, -0.000205560543691, 0.000302646076307, -0.000671868503559, 0.000266125862254], [-1.44824407471e-05, 0.00120734376833, 0.00064593803836, -0.000681182660628, -0.00026779336622, 0.000596633239184, 0.000110112443508, 0.000655347655993, -0.000482694478706, 0.00139450246934, -0.00167248060461, 0.00114839116577, -0.00101286696736], [1.94866038328e-06, 0.00064593803836, 0.00156597129535, -0.0007984424592, -0.00118974631187, 5.83229593758e-05, -6.39209974906e-05, 0.000352345698047, -8.09011544334e-05, 0.000183326978004, -8.29948621686e-05, -0.000905189896002, 0.000857511826325], [-0.000165298130014, -0.000681182660628, -0.0007984424592, 0.00207945005968, 2.41258931055e-06, -0.00123214838095, 0.00107450655196, -0.000825978408102, -0.000423475896241, 0.000225107680308, -0.000610659713857, 0.000679917924572, -0.000237200642005], [-0.000102691396023, -0.00026779336622, -0.00118974631187, 2.41258931055e-06, 0.00677325436845, -0.00214350689203, -0.00282589020208, 0.0021083150059, -0.00248107663356, 0.00108547846321, -0.00133547466248, 0.00145279662684, -0.000759364455007], [0.000119636919408, 0.000596633239184, 5.83229593758e-05, -0.00123214838095, -0.00214350689203, 0.00860132928938, -0.00157859001774, -0.00292604463175, 0.00372371193953, -0.00496456213295, 0.00277367699891, -0.00132509530522, -0.000165353427292], [7.25182762835e-05, 0.000110112443508, -6.39209974906e-05, 0.00107450655196, -0.00282589020208, -0.00157859001774, 0.0123204486445, -0.00545123592019, -0.000321258208714, 0.00542186805978, -0.00736721744761, 0.00489094713703, -0.00387340621091], [0.000122856465168, 0.000655347655993, 0.000352345698047, -0.000825978408102, 0.0021083150059, -0.00292604463175, -0.00545123592019, 0.0146109079942, -0.00695811165497, -0.00264547718689, 0.00727950921282, -0.00912055931985, 0.00426955940202], [0.000256058818195, -0.000482694478706, -8.09011544334e-05, -0.000423475896241, -0.00248107663356, 0.00372371193953, -0.000321258208714, -0.00695811165497, 0.0157774519175, -0.00777722988278, -0.0030768387951, 0.00809240806848, -0.0077890381217], [-0.000205560543691, 0.00139450246934, 0.000183326978004, 0.000225107680308, 0.00108547846321, -0.00496456213295, 0.00542186805978, -0.00264547718689, -0.00777722988278, 0.0200107097626, -0.0101004485041, 0.00103659194428, 0.00301368022338], [0.000302646076307, -0.00167248060461, -8.29948621686e-05, -0.000610659713857, -0.00133547466248, 0.00277367699891, -0.00736721744761, 0.00727950921282, -0.0030768387951, -0.0101004485041, 0.0241850148886, -0.0150911957026, 0.0048011764884], [-0.000671868503559, 0.00114839116577, -0.000905189896002, 0.000679917924572, 0.00145279662684, -0.00132509530522, 0.00489094713703, -0.00912055931985, 0.00809240806848, 0.00103659194428, -0.0150911957026, 0.0285289920866, -0.0149212079123], [0.000266125862254, -0.00101286696736, 0.000857511826325, -0.000237200642005, -0.000759364455007, -0.000165353427292, -0.00387340621091, 0.00426955940202, -0.0077890381217, 0.00301368022338, 0.0048011764884, -0.0149212079123, 0.0251228716224]]}, "melbands": {"dmean": [0.00442937621847, 0.00287916907109, 0.00108849559911, 0.000446716730949, 0.000168975573615, 0.000101761899714, 7.42858537706e-05, 8.40483262436e-05, 8.1481950474e-05, 8.58818675624e-05, 9.45427746046e-05, 0.000131801585667, 0.000144155448652, 9.3630340416e-05, 0.000108303232992, 7.09588639438e-05, 5.21185938851e-05, 3.58356810466e-05, 4.19780080847e-05, 1.90839546121e-05, 1.19852684293e-05, 1.18896705317e-05, 9.95112532109e-06, 1.1027446817e-05, 6.31947568763e-06, 5.16384261573e-06, 5.95846495344e-06, 4.67188147013e-06, 4.96384882354e-06, 4.74385251437e-06, 4.78904712509e-06, 5.82366874369e-06, 5.57065959583e-06, 4.47330239695e-06, 3.5798918816e-06, 2.9669538435e-06, 2.25588996727e-06, 1.8638157826e-06, 1.38299640184e-06, 1.10350288196e-06], "dmean2": [0.00589515687898, 0.00461770966649, 0.00203567859717, 0.000837270228658, 0.000306162255583, 0.000179581649718, 0.00012502737809, 0.000140041927807, 0.000125961349113, 0.000132716828375, 0.000144054676639, 0.00020554078219, 0.000224319752306, 0.000155882371473, 0.000173171822098, 0.000113819311082, 8.36999824969e-05, 5.96694517299e-05, 6.85462364345e-05, 3.18550264637e-05, 2.02103165066e-05, 1.98694579012e-05, 1.62219348567e-05, 1.80042461579e-05, 1.04504179035e-05, 8.26672294352e-06, 9.95937352855e-06, 7.5437110354e-06, 8.25006281957e-06, 7.85664997238e-06, 8.00895759312e-06, 9.64324681263e-06, 9.59978660831e-06, 7.68954487285e-06, 6.28744692222e-06, 5.20441471963e-06, 3.97244957639e-06, 3.27557609126e-06, 2.41515340349e-06, 1.89340994439e-06], "dvar": [2.89533345494e-05, 4.53633474535e-05, 1.19072510643e-05, 2.08345454666e-06, 2.23435591806e-07, 8.93540388347e-08, 3.47762920683e-08, 3.56262326306e-08, 6.38470751824e-08, 5.111589374e-08, 7.94367878143e-08, 1.29895269652e-07, 1.36113754934e-07, 6.81044411976e-08, 1.06418184487e-07, 4.60480897857e-08, 3.9250831918e-08, 1.28238628605e-08, 1.30817801036e-08, 1.87679716213e-09, 1.06047592929e-09, 1.09898590228e-09, 4.36463837294e-10, 4.32543861839e-10, 9.49739523137e-11, 7.60835283664e-11, 1.14354019309e-10, 8.05696898087e-11, 1.3253698139e-10, 8.37318270275e-11, 7.29116003684e-11, 9.96452503843e-11, 1.05177769272e-10, 7.39525593541e-11, 6.71889419102e-11, 4.25091663259e-11, 2.88211260413e-11, 2.45361213985e-11, 1.10001972808e-11, 6.064745494e-12], "dvar2": [6.8732399086e-05, 0.000114724090963, 3.40472979588e-05, 5.98604947299e-06, 6.32708463399e-07, 2.5383423008e-07, 9.83760486406e-08, 8.84969963977e-08, 1.27430013208e-07, 1.03909826521e-07, 1.50688563849e-07, 2.59898257582e-07, 2.52514126942e-07, 1.49479305378e-07, 2.21367798758e-07, 1.01102422434e-07, 8.54691464269e-08, 3.04633829273e-08, 3.19946771299e-08, 4.52933157646e-09, 2.54942689182e-09, 2.57368948375e-09, 1.13726716933e-09, 9.84967885032e-10, 2.43559061808e-10, 1.90733928651e-10, 2.95817509377e-10, 1.97381430644e-10, 3.47225193043e-10, 2.22292753649e-10, 1.90253562904e-10, 2.57520588187e-10, 2.88511353697e-10, 2.08091599507e-10, 1.94934013376e-10, 1.22065607622e-10, 8.32511351523e-11, 7.03498995169e-11, 3.12598939789e-11, 1.70159962509e-11], "max": [0.0624043270946, 0.0528877489269, 0.0231495890766, 0.0123555390164, 0.0109089268371, 0.012535950169, 0.00661858310923, 0.00875327084213, 0.0158772673458, 0.00756027828902, 0.00741249416023, 0.013118875213, 0.0107675082982, 0.00994267780334, 0.0113708041608, 0.00588838430122, 0.00688034063205, 0.00333402538672, 0.00275279162452, 0.00105866068043, 0.00143287866376, 0.00100706552621, 0.000706066552084, 0.000816484331153, 0.00019097951008, 0.000169922961504, 0.000299074948998, 0.000377227843273, 0.000607664405834, 0.000276508420939, 0.000171647305251, 0.000154769222718, 0.000193307248992, 0.000105331957457, 0.000141574113513, 9.44642160903e-05, 0.000102661717392, 9.03806940187e-05, 4.87071629323e-05, 3.51101116394e-05], "mean": [0.0108964759856, 0.00415895972401, 0.000777419831138, 0.000334777374519, 0.000157275688252, 0.000129254054627, 0.000110727734864, 0.000121428493003, 0.000123592049931, 0.000138142626383, 0.000144176854519, 0.000205386502785, 0.000219003632083, 0.000130962012918, 0.000153141081682, 0.000102737831185, 7.36908987164e-05, 4.49308790849e-05, 5.75361227675e-05, 2.82594864984e-05, 1.73638254637e-05, 1.66009795066e-05, 1.56632795552e-05, 1.79821945494e-05, 1.12790039566e-05, 9.3122562248e-06, 1.01202504084e-05, 7.60307784731e-06, 7.67712845118e-06, 8.22915990284e-06, 8.57769828144e-06, 1.04827058749e-05, 9.4481083579e-06, 7.77632521931e-06, 6.06769481237e-06, 5.20749654243e-06, 3.95760162064e-06, 3.19594869325e-06, 2.54719657278e-06, 2.29275610764e-06], "median": [0.00857139378786, 0.0016714258818, 0.000110813925858, 4.3522897613e-05, 3.28697897203e-05, 4.41353404312e-05, 4.2076153477e-05, 4.63146388938e-05, 4.11564942624e-05, 4.63607029815e-05, 4.24409045081e-05, 6.40739453956e-05, 6.52869057376e-05, 3.7852794776e-05, 4.53564171039e-05, 3.59420155291e-05, 2.4761808163e-05, 1.59701085067e-05, 2.24400118896e-05, 1.3089784261e-05, 6.9313118729e-06, 7.10272752258e-06, 7.7681725088e-06, 9.50583580561e-06, 5.48178604731e-06, 3.41930171999e-06, 4.63964170194e-06, 3.48167054653e-06, 3.57216867997e-06, 4.28481007475e-06, 5.11503048983e-06, 6.05019704381e-06, 5.51102584723e-06, 4.7580510909e-06, 3.89654360333e-06, 3.27813336298e-06, 2.27198552238e-06, 1.71204499111e-06, 1.41394048114e-06, 1.18244895475e-06], "min": [3.71515565896e-17, 2.05599579368e-17, 1.14194872638e-17, 1.05682373498e-17, 7.9254167994e-18, 4.99191588275e-18, 2.72638916013e-18, 5.07830579874e-18, 1.33357173273e-17, 2.12560568921e-17, 2.62877254207e-17, 2.67762036965e-17, 1.02502591962e-17, 2.56127605165e-18, 3.36184440274e-18, 8.71422863924e-18, 1.18873373096e-17, 5.52146946628e-18, 1.51348709351e-18, 2.67105491305e-18, 1.4319406302e-17, 1.19827062711e-17, 5.89787759043e-18, 1.82152268094e-17, 1.22721078161e-17, 4.18031893935e-18, 3.84133081175e-18, 3.96828938729e-18, 3.89862258174e-18, 1.85147154084e-18, 4.18118996053e-18, 3.06212956985e-18, 7.32006534762e-18, 8.28080006033e-18, 6.04167011863e-18, 5.80383004992e-18, 7.21334333217e-18, 7.48071292156e-18, 8.07128596452e-18, 7.63447917999e-18], "var": [9.6842268249e-05, 5.02511029481e-05, 6.99151041772e-06, 1.32968773414e-06, 1.90701101133e-07, 1.10324215541e-07, 5.79649892529e-08, 6.37444799167e-08, 1.59364603292e-07, 1.2334842836e-07, 1.73921051783e-07, 2.84707823539e-07, 3.18502770824e-07, 1.14378032379e-07, 1.97287022274e-07, 7.89885916674e-08, 6.35494217249e-08, 1.83606871929e-08, 1.91505211689e-08, 3.09093750595e-09, 1.54258994467e-09, 1.61278335131e-09, 5.55320789353e-10, 7.87554355064e-10, 2.09384440342e-10, 1.80610887357e-10, 2.0932842959e-10, 1.48900378139e-10, 1.85781570683e-10, 1.36654729199e-10, 1.17124462906e-10, 1.81596931936e-10, 1.57919621824e-10, 9.78562092468e-11, 6.58294044276e-11, 4.7076110371e-11, 2.92405717695e-11, 2.27616068355e-11, 1.21402063749e-11, 8.95250887312e-12]}, "mfcc": {"mean": [-639.788879395, 97.5085525513, 0.623817145824, 16.4751415253, 3.9362654686, 26.1086444855, 12.9252843857, 18.6960887909, 10.0855045319, 10.3779172897, 11.6109399796, 7.46418333054, 6.23138952255], "cov": [[10802.0380859, -1224.24047852, 705.409667969, 36.8754310608, 129.046157837, 252.01802063, 106.026382446, 114.438461304, -206.126998901, -203.704971313, -54.390663147, 46.7492713928, 148.251174927], [-1224.24047852, 2604.2434082, -1085.47546387, 151.466186523, -315.640167236, -167.873703003, -208.772399902, -168.923217773, -136.859680176, -172.636581421, -137.062515259, -76.5045852661, -58.2538948059], [705.409667969, -1085.47546387, 1168.23461914, 217.833877563, 401.020050049, 210.48727417, 186.930236816, 121.632194519, 86.3729782104, 108.570068359, 108.74723053, 97.5042572021, 93.4190979004], [36.8754310608, 151.466186523, 217.833877563, 460.179840088, 178.745819092, 115.573173523, 17.3180541992, 41.6852378845, 27.8721961975, 39.2625007629, 41.7447395325, 57.3262290955, 52.6756248474], [129.046157837, -315.640167236, 401.020050049, 178.745819092, 298.28414917, 156.910751343, 100.573730469, 68.6908187866, 71.1993942261, 80.2773666382, 76.8684692383, 60.4560890198, 48.5575218201], [252.01802063, -167.873703003, 210.48727417, 115.573173523, 156.910751343, 178.829071045, 90.8741073608, 50.0230636597, 40.296459198, 54.1586952209, 47.7324714661, 38.9510154724, 31.6771183014], [106.026382446, -208.772399902, 186.930236816, 17.3180541992, 100.573730469, 90.8741073608, 160.501907349, 82.6388549805, 43.4279747009, 33.5053024292, 36.1349906921, 26.7349262238, 23.7512435913], [114.438461304, -168.923217773, 121.632194519, 41.6852378845, 68.6908187866, 50.0230636597, 82.6388549805, 126.735466003, 78.4935684204, 48.2214126587, 34.1532821655, 29.1395664215, 26.3124980927], [-206.126998901, -136.859680176, 86.3729782104, 27.8721961975, 71.1993942261, 40.296459198, 43.4279747009, 78.4935684204, 133.300735474, 101.536758423, 51.9728851318, 19.9785957336, 14.3081026077], [-203.704971313, -172.636581421, 108.570068359, 39.2625007629, 80.2773666382, 54.1586952209, 33.5053024292, 48.2214126587, 101.536758423, 149.927047729, 96.1955871582, 42.2305259705, 17.4652404785], [-54.390663147, -137.062515259, 108.74723053, 41.7447395325, 76.8684692383, 47.7324714661, 36.1349906921, 34.1532821655, 51.9728851318, 96.1955871582, 125.343856812, 71.3096466064, 25.8541946411], [46.7492713928, -76.5045852661, 97.5042572021, 57.3262290955, 60.4560890198, 38.9510154724, 26.7349262238, 29.1395664215, 19.9785957336, 42.2305259705, 71.3096466064, 95.7549591064, 48.7540512085], [148.251174927, -58.2538948059, 93.4190979004, 52.6756248474, 48.5575218201, 31.6771183014, 23.7512435913, 26.3124980927, 14.3081026077, 17.4652404785, 25.8541946411, 48.7540512085, 92.8874664307]], "icov": [[0.000117801646411, 5.10257232236e-05, -3.76979878638e-05, 2.28317767323e-05, 0.000102119513031, -0.000283674802631, 0.000185076612979, -0.000289097690256, 0.000283992936602, 0.000193018073332, -8.3915743744e-05, 9.44561470533e-05, -0.000159379866091], [5.10257232236e-05, 0.000852468190715, 0.00082057894906, -0.000768561498262, 6.6884647822e-05, 3.23624699377e-05, -0.000190852108062, 0.000543029571418, -0.000174399261596, 0.000625373621006, 6.0531760937e-06, -5.33211896254e-05, -0.000151694985107], [-3.76979878638e-05, 0.00082057894906, 0.00255508930422, -0.000731254927814, -0.00222306489013, 0.000628450303338, -0.0010241586715, 0.000394495000364, 0.000369574292563, -3.75173440261e-05, 0.000325194443576, -0.000220863963477, -0.000506769167259], [2.28317767323e-05, -0.000768561498262, -0.000731254927814, 0.00400597741827, -0.00178861210588, -0.00149350252468, 0.00224845996127, -0.00187676935457, 0.0010342503665, -0.000518950051628, 0.000452040781965, -0.000674096285366, -0.000487453624373], [0.000102119513031, 6.6884647822e-05, -0.00222306489013, -0.00178861210588, 0.0109993321821, -0.0050133052282, -0.000868695206009, 0.00123976764735, -0.00299136061221, 0.00137096480466, -0.00200755824335, -6.22118313913e-05, -0.000245875591645], [-0.000283674802631, 3.23624699377e-05, 0.000628450303338, -0.00149350252468, -0.0050133052282, 0.0135110551491, -0.00542316446081, 0.00147245859262, 0.00105976790655, -0.0033454366494, 0.00149587844498, -0.000768781406805, 0.000123585778056], [0.000185076612979, -0.000190852108062, -0.0010241586715, 0.00224845996127, -0.000868695206009, -0.00542316446081, 0.0141122201458, -0.0083594173193, 0.00200121803209, 0.001773251337, -0.00205073761754, 0.00132470880635, -0.000363247294445], [-0.000289097690256, 0.000543029571418, 0.000394495000364, -0.00187676935457, 0.00123976764735, 0.00147245859262, -0.0083594173193, 0.0204432550818, -0.0126892887056, 0.00370907178149, 0.000548834213987, -0.0030483615119, -0.000629799033049], [0.000283992936602, -0.000174399261596, 0.000369574292563, 0.0010342503665, -0.00299136061221, 0.00105976790655, 0.00200121803209, -0.0126892887056, 0.0259181950241, -0.0162398163229, 0.00391870038584, 0.00265979371034, -0.000661307014525], [0.000193018073332, 0.000625373621006, -3.75173440261e-05, -0.000518950051628, 0.00137096480466, -0.0033454366494, 0.001773251337, 0.00370907178149, -0.0162398163229, 0.0269938725978, -0.015754038468, 0.00308031658642, -0.000469557708129], [-8.3915743744e-05, 6.0531760937e-06, 0.000325194443576, 0.000452040781965, -0.00200755824335, 0.00149587844498, -0.00205073761754, 0.000548834213987, 0.00391870038584, -0.015754038468, 0.0270300135016, -0.0151431951672, 0.00324583495967], [9.44561470533e-05, -5.33211896254e-05, -0.000220863963477, -0.000674096285366, -6.22118313913e-05, -0.000768781406805, 0.00132470880635, -0.0030483615119, 0.00265979371034, 0.00308031658642, -0.0151431951672, 0.0259061269462, -0.00913165789098], [-0.000159379866091, -0.000151694985107, -0.000506769167259, -0.000487453624373, -0.000245875591645, 0.000123585778056, -0.000363247294445, -0.000629799033049, -0.000661307014525, -0.000469557708129, 0.00324583495967, -0.00913165789098, 0.0161483958364]]}, "spectral_contrast_coeffs": {"dmean": [0.0474354065955, 0.0433264560997, 0.0409794822335, 0.0348484814167, 0.0213238950819, 0.0171110313386], "dmean2": [0.0780630037189, 0.070090919733, 0.0654146820307, 0.055719293654, 0.0352710224688, 0.0280657652766], "dvar": [0.00188726605847, 0.00125172536355, 0.00125317333732, 0.00092194735771, 0.000328658992657, 0.000290865486022], "dvar2": [0.00458078738302, 0.00311065488495, 0.00281298719347, 0.00215782341547, 0.000823386420961, 0.000686221232172], "max": [-0.347702801228, -0.409224778414, -0.39438867569, -0.439526468515, -0.58001935482, -0.556855499744], "mean": [-0.708511412144, -0.763880729675, -0.782908737659, -0.769850790501, -0.801227867603, -0.74967700243], "median": [-0.716703295708, -0.771031022072, -0.795704782009, -0.779557466507, -0.803361356258, -0.759354233742], "min": [-0.952576756477, -0.964339971542, -0.9655585289, -0.95799279213, -0.959543049335, -0.942870140076], "var": [0.00709068728611, 0.00436430238187, 0.00443379487842, 0.00354483979754, 0.00121376116294, 0.00236333697103]}, "spectral_contrast_valleys": {"dmean": [0.434955000877, 0.462580531836, 0.415446609259, 0.351480334997, 0.295333772898, 0.30136063695], "dmean2": [0.698300778866, 0.765868961811, 0.68923664093, 0.569600224495, 0.456594854593, 0.431475967169], "dvar": [0.176078483462, 0.286141008139, 0.253213733435, 0.190767332911, 0.149206116796, 0.237427487969], "dvar2": [0.371604502201, 0.683554172516, 0.587402582169, 0.436548113823, 0.331469327211, 0.501614272594], "max": [-5.02294635773, -4.60486459732, -4.94656085968, -5.60639429092, -5.69502210617, -7.36987733841], "mean": [-7.40038824081, -7.23285293579, -7.18447971344, -7.6