{"lowlevel": {"average_loudness": 0.901343345642, "barkbands_crest": {"dmean": 2.6422252655, "dmean2": 4.18240213394, "dvar": 7.37936925888, "dvar2": 17.2843933105, "max": 25.5940818787, "mean": 11.5154857635, "median": 10.7964630127, "min": 3.65543580055, "var": 15.212313652}, "barkbands_flatness_db": {"dmean": 0.0271625649184, "dmean2": 0.0387842841446, "dvar": 0.000745798577555, "dvar2": 0.0015149388928, "max": 0.441255897284, "mean": 0.211118251085, "median": 0.208046272397, "min": 0.0305964574218, "var": 0.00388338323683}, "barkbands_kurtosis": {"dmean": 9.95757102966, "dmean2": 15.2296047211, "dvar": 450.119628906, "dvar2": 1038.54382324, "max": 339.23336792, "mean": 20.3344173431, "median": 13.7949848175, "min": -1.78239274025, "var": 621.480163574}, "barkbands_skewness": {"dmean": 0.767100274563, "dmean2": 1.14033138752, "dvar": 1.02221393585, "dvar2": 2.20117783546, "max": 14.7287979126, "mean": 3.33753490448, "median": 3.15324354172, "min": -2.27128624916, "var": 3.11422133446}, "barkbands_spread": {"dmean": 2.88799238205, "dmean2": 4.42272520065, "dvar": 24.4088363647, "dvar2": 57.1023254395, "max": 119.790214539, "mean": 8.91465950012, "median": 6.91155195236, "min": 0.349703490734, "var": 77.4039382935}, "dissonance": {"dmean": 0.0177920889109, "dmean2": 0.0291144773364, "dvar": 0.000432487082435, "dvar2": 0.000940377591178, "max": 0.499810039997, "mean": 0.450088202953, "median": 0.459884643555, "min": 0.142244130373, "var": 0.00199289107695}, "dynamic_complexity": 4.69078063965, "erbbands_crest": {"dmean": 1.90579628944, "dmean2": 2.9491212368, "dvar": 3.31456708908, "dvar2": 7.99891805649, "max": 23.4862957001, "mean": 8.72114849091, "median": 8.13659381866, "min": 2.20549106598, "var": 11.5929546356}, "erbbands_flatness_db": {"dmean": 0.0162763986737, "dmean2": 0.0227421335876, "dvar": 0.000239736356889, "dvar2": 0.000459680595668, "max": 0.311829984188, "mean": 0.157231643796, "median": 0.152984246612, "min": 0.030165027827, "var": 0.00172783283051}, "erbbands_kurtosis": {"dmean": 0.613741278648, "dmean2": 0.949722826481, "dvar": 0.755147337914, "dvar2": 1.65852713585, "max": 35.930015564, "mean": 0.383306533098, "median": -0.379313230515, "min": -1.62714529037, "var": 9.85485363007}, "erbbands_skewness": {"dmean": 0.283126622438, "dmean2": 0.433509647846, "dvar": 0.0764514580369, "dvar2": 0.178508222103, "max": 4.6779499054, "mean": 0.68441671133, "median": 0.622412800789, "min": -0.997062683105, "var": 0.4131937325}, "erbbands_spread": {"dmean": 6.87630701065, "dmean2": 10.392780304, "dvar": 62.2599945068, "dvar2": 141.919815063, "max": 140.084564209, "mean": 45.2496490479, "median": 45.3738822937, "min": 4.5623550415, "var": 256.382141113}, "hfc": {"dmean": 3.90403556824, "dmean2": 5.34304475784, "dvar": 35.7278060913, "dvar2": 75.524269104, "max": 110.27306366, "mean": 12.250875473, "median": 9.83962249756, "min": 1.17564361431e-16, "var": 103.767456055}, "melbands_crest": {"dmean": 3.55423474312, "dmean2": 5.44215011597, "dvar": 11.1290903091, "dvar2": 24.94439888, "max": 36.6286582947, "mean": 19.0079116821, "median": 18.2919101715, "min": 1.57504320145, "var": 42.618106842}, "melbands_flatness_db": {"dmean": 0.0311715118587, "dmean2": 0.0444393008947, "dvar": 0.000994745409116, "dvar2": 0.00199826573953, "max": 0.556623637676, "mean": 0.300434559584, "median": 0.30013436079, "min": 0.00338341505267, "var": 0.00669752527028}, "melbands_kurtosis": {"dmean": 20.0604305267, "dmean2": 29.8859596252, "dvar": 1238.27429199, "dvar2": 2607.2902832, "max": 771.226013184, "mean": 47.8455810547, "median": 33.9450874329, "min": -1.34415721893, "var": 2565.13183594}, "melbands_skewness": {"dmean": 0.983781278133, "dmean2": 1.46533632278, "dvar": 1.37046217918, "dvar2": 2.92572283745, "max": 20.045124054, "mean": 4.9182767868, "median": 4.73247861862, "min": -1.04269969463, "var": 5.45332145691}, "melbands_spread": {"dmean": 2.36993169785, "dmean2": 3.66458702087, "dvar": 16.5027980804, "dvar2": 38.8009109497, "max": 154.986068726, "mean": 8.89272403717, "median": 5.34489536285, "min": 0.271889686584, "var": 320.003662109}, "pitch_salience": {"dmean": 0.0825305506587, "dmean2": 0.125779256225, "dvar": 0.00648390268907, "dvar2": 0.0146227180958, "max": 0.978845000267, "mean": 0.507782399654, "median": 0.528238296509, "min": 0.063801266253, "var": 0.0216824356467}, "silence_rate_20dB": {"dmean": 0.00287218764424, "dmean2": 0.00574575038627, "dvar": 0.00286414474249, "dvar2": 0.00858636200428, "max": 1, "mean": 0.998564243317, "median": 1, "min": 0, "var": 0.00143359624781}, "silence_rate_30dB": {"dmean": 0.0938247963786, "dmean2": 0.187694519758, "dvar": 0.0850179046392, "dvar2": 0.15677022934, "max": 1, "mean": 0.780330240726, "median": 1, "min": 0, "var": 0.171417713165}, "silence_rate_60dB": {"dmean": 0.00813786499202, "dmean2": 0.0162796266377, "dvar": 0.00807199440897, "dvar2": 0.0188892986625, "max": 1, "mean": 0.109356306493, "median": 0, "min": 0, "var": 0.0973961502314}, "spectral_centroid": {"dmean": 134.349884033, "dmean2": 211.335479736, "dvar": 49050.3007812, "dvar2": 88529.703125, "max": 10920.9423828, "mean": 642.517944336, "median": 519.16973877, "min": 154.151107788, "var": 318854.78125}, "spectral_complexity": {"dmean": 2.10244131088, "dmean2": 3.19224333763, "dvar": 5.85827732086, "dvar2": 11.8584432602, "max": 39, "mean": 12.5888967514, "median": 13, "min": 0, "var": 38.7329216003}, "spectral_decrease": {"dmean": 7.36413641178e-09, "dmean2": 1.02651158684e-08, "dvar": 1.70179692304e-16, "dvar2": 3.1278899157e-16, "max": 1.7126472662e-18, "mean": -1.72373901819e-08, "median": -1.00709884876e-08, "min": -1.15783208798e-07, "var": 3.86923803273e-16}, "spectral_energy": {"dmean": 0.0280700419098, "dmean2": 0.0391055904329, "dvar": 0.00245277234353, "dvar2": 0.00450651021674, "max": 0.439769208431, "mean": 0.0661689639091, "median": 0.0390987433493, "min": 1.10053472443e-20, "var": 0.00561186717823}, "spectral_energyband_high": {"dmean": 0.000160690877237, "dmean2": 0.000238794149482, "dvar": 1.75105611788e-07, "dvar2": 4.22062555572e-07, "max": 0.00661439169198, "mean": 0.000250429555308, "median": 0.000125794176711, "min": 8.03480514754e-21, "var": 1.93330805587e-07}, "spectral_energyband_low": {"dmean": 0.0255857799202, "dmean2": 0.0364386439323, "dvar": 0.00250314199366, "dvar2": 0.00468863546848, "max": 0.420317858458, "mean": 0.0478238686919, "median": 0.0196254570037, "min": 4.44047657847e-23, "var": 0.00480489851907}, "spectral_energyband_middle_high": {"dmean": 0.000586471345741, "dmean2": 0.00081864465028, "dvar": 1.22246740375e-06, "dvar2": 2.58738532466e-06, "max": 0.0208074953407, "mean": 0.00189720024355, "median": 0.00143784505781, "min": 1.86343940481e-21, "var": 3.37452183885e-06}, "spectral_energyband_middle_low": {"dmean": 0.00685399863869, "dmean2": 0.0103869345039, "dvar": 9.92272180156e-05, "dvar2": 0.000232677455642, "max": 0.180988073349, "mean": 0.0169343855232, "median": 0.0125788562, "min": 2.58982454582e-22, "var": 0.000289879651973}, "spectral_entropy": {"dmean": 0.214754700661, "dmean2": 0.314756959677, "dvar": 0.042427919805, "dvar2": 0.0927885472775, "max": 9.79583740234, "mean": 7.04860544205, "median": 7.0571398735, "min": 5.39768218994, "var": 0.300046205521}, "spectral_flux": {"dmean": 0.0429590940475, "dmean2": 0.065344363451, "dvar": 0.00402189139277, "dvar2": 0.00842627696693, "max": 0.547661066055, "mean": 0.101067468524, "median": 0.0720264837146, "min": 1.04906375253e-10, "var": 0.00955567788333}, "spectral_kurtosis": {"dmean": 2.24310588837, "dmean2": 3.78884124756, "dvar": 6.60196065903, "dvar2": 19.1581325531, "max": 70.6976623535, "mean": 6.44939804077, "median": 4.58350133896, "min": -1.19998729229, "var": 47.0243721008}, "spectral_rms": {"dmean": 0.00144232122693, "dmean2": 0.00194885500241, "dvar": 3.92526362702e-06, "dvar2": 6.63200353301e-06, "max": 0.0207133572549, "mean": 0.00682205334306, "median": 0.00617617322132, "min": 3.27672459478e-12, "var": 1.80144488695e-05}, "spectral_rolloff": {"dmean": 139.417694092, "dmean2": 230.783859253, "dvar": 278691.625, "dvar2": 537461.8125, "max": 19336.8164062, "mean": 757.068908691, "median": 258.3984375, "min": 43.06640625, "var": 7151456.5}, "spectral_skewness": {"dmean": 0.247796833515, "dmean2": 0.410731941462, "dvar": 0.056327611208, "dvar2": 0.153310522437, "max": 7.12188577652, "mean": 1.88870227337, "median": 1.7241859436, "min": 0.0479273349047, "var": 0.541431963444}, "spectral_spread": {"dmean": 595158.0625, "dmean2": 853576.9375, "dvar": 580367417344, "dvar2": 884451573760, "max": 40351748, "mean": 4285505.5, "median": 4018905.75, "min": 1478696, "var": 2665290661890.0}, "spectral_strongpeak": {"dmean": 0.263450443745, "dmean2": 0.414611339569, "dvar": 0.090897321701, "dvar2": 0.233153656125, "max": 3.51943612099, "mean": 0.640850782394, "median": 0.560957670212, "min": 0, "var": 0.234056204557}, "zerocrossingrate": {"dmean": 0.0060520931147, "dmean2": 0.00764276459813, "dvar": 6.68643115205e-05, "dvar2": 8.49847056088e-05, "max": 0.53271484375, "mean": 0.0350528433919, "median": 0.02197265625, "min": 0.00146484375, "var": 0.00505776097998}, "barkbands": {"dmean": [0.00357595458627, 0.0202427990735, 0.00787272583693, 0.00193723803386, 0.00511590298265, 0.000932779686991, 0.000434963789303, 0.000109106564196, 7.50708859414e-05, 0.000297115679132, 4.39452742285e-05, 0.000148629143951, 8.33198500914e-05, 0.000134368718136, 0.000130878324853, 3.38545141858e-05, 6.36562836007e-05, 3.837154145e-05, 3.96471878048e-05, 3.18566198985e-05, 5.83498876949e-05, 4.10876018577e-05, 1.8287821149e-05, 2.03971612791e-05, 1.80916358659e-05, 5.69047051613e-06, 4.49543136938e-07], "dmean2": [0.00458522280678, 0.0299227200449, 0.012748286128, 0.00322445528582, 0.00785319879651, 0.0013983406825, 0.000644508574624, 0.000140713716974, 0.000113302769023, 0.000407534622354, 6.19964703219e-05, 0.000220753761823, 0.000127233739477, 0.000206032724236, 0.000181895782589, 5.2940864407e-05, 9.94389629341e-05, 5.92747019255e-05, 6.16273100604e-05, 5.02599687024e-05, 9.08152651391e-05, 6.09739545325e-05, 2.78034967778e-05, 3.1930510886e-05, 2.92782169709e-05, 9.5646655609e-06, 7.37465200018e-07], "dvar": [7.37926093279e-05, 0.0024822386913, 0.000133140216349, 7.94283914729e-06, 6.11661598668e-05, 3.59617047252e-06, 1.36684184326e-06, 2.85255055132e-08, 1.31885196097e-08, 3.73674311049e-07, 7.01597935304e-09, 9.34994233148e-08, 5.12980271594e-08, 1.65717565892e-07, 3.66434633747e-08, 1.23615597758e-08, 1.58043640397e-08, 5.05180208776e-09, 1.07734603461e-08, 9.9166870271e-09, 4.86096638497e-08, 1.17060325877e-08, 1.72132597065e-09, 3.51561180167e-09, 2.83458767569e-09, 2.5646545998e-10, 1.7015994733e-12], "dvar2": [0.000143780998769, 0.005236716941, 0.000333922827849, 2.16571970668e-05, 0.000150799984112, 7.99899771664e-06, 3.2250059121e-06, 5.85465862457e-08, 3.13564889609e-08, 7.50922595216e-07, 1.2998290444e-08, 2.30415167835e-07, 1.10899058825e-07, 3.77043249955e-07, 6.80456793134e-08, 3.1268786671e-08, 3.94993762143e-08, 1.20387122493e-08, 2.75866067767e-08, 2.67981548063e-08, 1.25670240436e-07, 2.78725096337e-08, 4.20151557989e-09, 8.51077874842e-09, 7.04959646214e-09, 6.5154009965e-10, 4.25867804563e-12], "max": [0.081540606916, 0.393257707357, 0.149370953441, 0.0383056253195, 0.146412909031, 0.0311560556293, 0.0226508732885, 0.00323448097333, 0.00183506612666, 0.0124771371484, 0.00154237786774, 0.00768967997283, 0.00446167122573, 0.00853800307959, 0.00323918415233, 0.00295781483874, 0.00189470406622, 0.00167458946817, 0.00248439935967, 0.00213346118107, 0.0047528911382, 0.00328014232218, 0.000759180111345, 0.00112263055053, 0.000722436583601, 0.000200166992727, 1.9748642444e-05], "mean": [0.00495685823262, 0.0270554609597, 0.015352440998, 0.00294869230129, 0.0101214386523, 0.00217237556353, 0.000756110355724, 0.000270461139735, 0.000156105932547, 0.000710220716428, 9.35936841415e-05, 0.000260374479694, 0.000151270709466, 0.000248806609306, 0.000282832072116, 6.24019376119e-05, 0.000134130663355, 8.51381118991e-05, 7.90044650785e-05, 5.12760016136e-05, 8.19367924123e-05, 6.56500924379e-05, 2.58488253166e-05, 2.31265166803e-05, 1.66639438248e-05, 6.22959896646e-06, 5.82897143886e-07], "median": [1.67046928254e-05, 0.00589519133791, 0.00800941418856, 0.00192868802696, 0.00604076171294, 0.0011109233601, 0.000239403307205, 0.000162447031471, 9.91597917164e-05, 0.000374429713702, 4.6270142775e-05, 0.000128996136482, 4.98668705404e-05, 0.000102834390418, 0.000178251168109, 3.08540547849e-05, 8.49954594742e-05, 5.65100126551e-05, 4.51649357274e-05, 2.81862758129e-05, 3.78127697331e-05, 3.17543199344e-05, 1.11717363325e-05, 5.93885442868e-06, 2.86817544293e-06, 8.2207475316e-07, 7.41459160736e-08], "min": [2.33558166538e-24, 9.9814885882e-24, 2.91272121777e-23, 1.07324904809e-23, 2.46544907519e-23, 1.30720712766e-23, 5.59895100331e-23, 1.55613904939e-23, 1.23421870326e-22, 1.16573257626e-22, 1.0751532952e-22, 6.31808796411e-23, 1.14785509488e-22, 1.04128831696e-22, 1.48985419142e-22, 1.02781993695e-22, 3.27525934927e-22, 2.79013336906e-22, 2.89280847525e-22, 5.99134076743e-22, 4.01584020004e-22, 4.80906823923e-22, 6.78828314241e-22, 7.73797675656e-22, 1.54694588528e-21, 1.47798030756e-21, 2.51308456086e-21], "var": [0.00013787910575, 0.0031010673847, 0.000373278919142, 1.12567104225e-05, 0.000165558114531, 8.66554182721e-06, 2.08250025935e-06, 1.02099050991e-07, 2.94725239769e-08, 1.02735316432e-06, 2.28519443368e-08, 1.5380719276e-07, 1.02653956446e-07, 2.74205063988e-07, 1.02646033895e-07, 1.44390908119e-08, 2.72429865333e-08, 1.03072554936e-08, 1.40517526503e-08, 8.66893401508e-09, 4.10562392972e-08, 1.40324685205e-08, 1.99799199407e-09, 3.45008843716e-09, 2.40253550388e-09, 2.36032221546e-10, 1.82098541975e-12]}, "erbbands": {"dmean": [0.865636706352, 4.1585726738, 9.61447811127, 5.66968154907, 18.7104663849, 11.4238758087, 6.9381942749, 7.63292789459, 9.79013538361, 2.01700496674, 2.49990797043, 1.45714378357, 10.6019849777, 2.99647521973, 2.25498604774, 7.06396722794, 3.71265411377, 6.86740350723, 8.00478363037, 3.02583932877, 2.58391618729, 2.87272620201, 1.91382575035, 2.41950058937, 1.8329000473, 1.58403003216, 2.44110250473, 1.83812463284, 1.53255963326, 0.955447137356, 0.513305187225, 0.373971939087, 0.397437572479, 0.244380250573, 0.105988077819, 0.0384849123657, 0.00737890833989, 0.00126341963187, 6.82781974319e-05, 3.16073783324e-05], "dmean2": [1.28618276119, 6.50140190125, 15.2504043579, 9.6226234436, 27.9377689362, 18.5922832489, 10.0675420761, 11.8416519165, 14.7450218201, 3.00165915489, 3.04402637482, 2.05388641357, 14.5233020782, 4.33633327484, 3.19488143921, 10.5201673508, 5.57862710953, 10.652592659, 10.746342659, 4.78983592987, 4.02998876572, 4.45366287231, 2.92590737343, 3.62186002731, 2.94554543495, 2.47285056114, 3.80618238449, 2.85221099854, 2.28137087822, 1.45001757145, 0.783496439457, 0.563679277897, 0.639451444149, 0.394464820623, 0.173219069839, 0.0636731088161, 0.0124735180289, 0.00208112620749, 0.000109149237687, 4.39034192823e-05], "dvar": [5.5555896759, 96.9031219482, 213.421066284, 63.76171875, 899.728881836, 301.633911133, 149.07925415, 302.445861816, 715.92956543, 22.0041618347, 12.2173309326, 4.90118789673, 494.339599609, 26.7630462646, 17.5132904053, 239.944000244, 112.782722473, 411.340881348, 141.615402222, 20.8852787018, 59.7629699707, 31.754737854, 13.4990758896, 27.1297893524, 49.3794937134, 22.2964859009, 81.2600402832, 32.6428565979, 15.9742174149, 6.10991621017, 1.58101272583, 0.863331139088, 1.70843052864, 0.5947727561, 0.0879775211215, 0.0106651214883, 0.00048307335237, 1.31413844429e-05, 3.46385320427e-08, 2.95487456725e-09], "dvar2": [11.6100320816, 244.094085693, 530.006164551, 179.593597412, 1997.81726074, 866.17010498, 324.919372559, 701.660461426, 1675.85058594, 51.2721748352, 19.9637947083, 10.6050634384, 975.926208496, 58.7341575623, 31.731798172, 596, 242.078231812, 942.616760254, 262.0105896, 50.7132644653, 151.637023926, 78.0419387817, 32.4383544922, 65.8592681885, 133.793273926, 58.9709625244, 211.396652222, 82.1799163818, 37.3143577576, 15.1998844147, 3.90890264511, 1.92345190048, 4.28899812698, 1.4940764904, 0.220022812486, 0.0269308630377, 0.00123145570979, 3.34767828463e-05, 8.74753922631e-08, 5.4632338653e-09], "max": [17.1355953217, 76.416305542, 184.255889893, 112.087867737, 595.21270752, 223.258026123, 197.83102417, 281.791534424, 549.148620605, 91.4091262817, 61.5457725525, 30.9085006714, 477.999023438, 81.517906189, 79.8662719727, 390.570770264, 232.662414551, 399.702880859, 185.236877441, 72.1347045898, 203.344909668, 81.0520782471, 73.7208786011, 162.809921265, 164.063079834, 120.296737671, 202.056488037, 103.446899414, 115.501327515, 74.3741912842, 21.9382534027, 18.9380130768, 30.2911128998, 11.7466754913, 3.81938958168, 1.44392561913, 0.307766109705, 0.0399039275944, 0.0027235893067, 0.000498044420965], "mean": [0.919061541557, 5.54335594177, 19.484375, 10.7081775665, 36.4668006897, 20.5277137756, 17.8204879761, 15.1799955368, 16.7298069, 4.11736249924, 6.61419296265, 4.16155052185, 24.4948978424, 7.95638084412, 5.70091867447, 12.0158109665, 7.27685785294, 13.3228750229, 16.9510936737, 6.81717729568, 5.03190374374, 6.57698822021, 4.56929063797, 5.8164305687, 2.79827284813, 2.52269673347, 3.65717554092, 2.67606806755, 2.39838385582, 1.42733502388, 0.70524340868, 0.497576534748, 0.410282343626, 0.224752694368, 0.097767226398, 0.043874066323, 0.00746984407306, 0.00139584275894, 9.97801616904e-05, 7.58718015277e-05], "median": [0.0399409122765, 1.65647697449, 9.48429012299, 8.41672897339, 18.4762325287, 13.0921812057, 10.4363183975, 5.98650932312, 4.6090836525, 1.99995827675, 4.01505422592, 3.00910544395, 12.1986722946, 5.18917894363, 3.34910655022, 5.80551624298, 2.84150791168, 6.29710197449, 9.97529029846, 4.97604417801, 2.95312976837, 4.33446121216, 3.15914511681, 3.6748893261, 1.40647888184, 1.38006424904, 1.75726675987, 1.29840838909, 1.13973343372, 0.649436831474, 0.30433768034, 0.140571624041, 0.0961900725961, 0.0378413721919, 0.0179852899164, 0.0068637127988, 0.00121573393699, 0.000185239070561, 4.38912175014e-05, 4.72629399155e-05], "min": [3.44302620865e-22, 2.55743404327e-21, 3.0083528134e-20, 3.02902134272e-20, 8.62477960254e-20, 7.28229713388e-20, 5.54432539718e-20, 1.58483100775e-19, 7.92503805408e-19, 4.59679931129e-19, 5.39212468146e-19, 2.1208009279e-18, 3.24706626851e-18, 6.58349037705e-18, 2.42728788846e-18, 3.29963897311e-18, 4.94148474875e-18, 3.79818300304e-18, 6.84823160005e-18, 7.94969868628e-18, 5.90202548761e-18, 1.87055166108e-17, 1.67267864346e-17, 1.78576035434e-17, 1.64627404569e-17, 2.66028067878e-17, 1.81934868485e-17, 1.75974949454e-17, 1.57090680767e-17, 1.36515307492e-17, 2.14663989957e-17, 1.5557778397e-17, 1.44770354939e-17, 1.21992778719e-17, 1.38563448048e-17, 6.35985920331e-18, 2.58777519616e-18, 1.20185093364e-18, 3.06080246196e-19, 3.98412737571e-20], "var": [6.72018623352, 101.024154663, 644.123657227, 97.6927947998, 2655.37329102, 577.493286133, 458.557312012, 590.210266113, 1126.43835449, 38.3630523682, 60.6420249939, 15.5112714767, 1361.03430176, 83.1351165771, 63.3428764343, 378.241821289, 233.904815674, 680.785644531, 398.594055176, 50.4244728088, 71.5084762573, 59.3141670227, 26.2204360962, 52.1656150818, 40.804523468, 20.7924976349, 70.7856445312, 30.6308917999, 19.7614402771, 6.66550064087, 1.73445618153, 1.10760712624, 1.45648872852, 0.492411494255, 0.0739517062902, 0.0103440955281, 0.000405083876103, 1.2277314454e-05, 3.37571783859e-08, 6.80309897305e-09]}, "gfcc": {"mean": [-71.6439819336, 125.009719849, -93.8113861084, 43.1746025085, -43.269657135, 12.5766849518, -30.5605144501, -5.76566743851, -22.2089614868, -6.96516609192, -19.286157608, -5.98956537247, -6.22324991226], "cov": [[36764.1015625, 4267.26367188, -2375.00292969, 2702.68359375, 103.438049316, 783.476318359, -477.004119873, -369.397735596, -310.028106689, -275.230163574, -169.46472168, -36.44480896, 205.34526062], [4267.26367188, 1792.54919434, -442.000915527, 153.039932251, 119.164733887, -148.221969604, 145.69960022, -192.700668335, 137.895477295, -171.016586304, 57.0678215027, -132.496261597, 95.0144577026], [-2375.00292969, -442.000915527, 663.455505371, -238.941818237, -36.242855072, -5.20779466629, -21.1646060944, 105.554992676, -35.5160751343, 76.6348342896, -14.8372688293, 38.8253822327, -53.6239356995], [2702.68359375, 153.039932251, -238.941818237, 579.123962402, 179.314590454, 169.858078003, 72.5963363647, -15.289642334, 63.0453186035, -33.4128189087, 42.357006073, -7.57506418228, 82.180480957], [103.438049316, 119.164733887, -36.242855072, 179.314590454, 288.994537354, 74.2699508667, 142.806335449, -6.10268068314, 90.4798126221, -18.6873340607, 41.539855957, -9.90118408203, 38.6072463989], [783.476318359, -148.221969604, -5.20779466629, 169.858078003, 74.2699508667, 168.865219116, 25.6828784943, 44.3063354492, 1.59247255325, 23.0277614594, 11.3114643097, 16.3512420654, 18.8537807465], [-477.004119873, 145.69960022, -21.1646060944, 72.5963363647, 142.806335449, 25.6828784943, 196.523651123, 23.7493457794, 114.400474548, -24.85364151, 53.731716156, -12.2386388779, 40.834602356], [-369.397735596, -192.700668335, 105.554992676, -15.289642334, -6.10268068314, 44.3063354492, 23.7493457794, 113.170692444, 19.9799976349, 37.0032577515, 1.07663142681, 22.5610904694, -1.87802052498], [-310.028106689, 137.895477295, -35.5160751343, 63.0453186035, 90.4798126221, 1.59247255325, 114.400474548, 19.9799976349, 137.640106201, 8.32703399658, 58.7195701599, -14.6940393448, 43.8239479065], [-275.230163574, -171.016586304, 76.6348342896, -33.4128189087, -18.6873340607, 23.0277614594, -24.85364151, 37.0032577515, 8.32703399658, 100.224327087, 41.0330657959, 32.4656181335, -4.68841314316], [-169.46472168, 57.0678215027, -14.8372688293, 42.357006073, 41.539855957, 11.3114643097, 53.731716156, 1.07663142681, 58.7195701599, 41.0330657959, 120.182106018, 28.1910629272, 38.9859619141], [-36.44480896, -132.496261597, 38.8253822327, -7.57506418228, -9.90118408203, 16.3512420654, -12.2386388779, 22.5610904694, -14.6940393448, 32.4656181335, 28.1910629272, 70.0890045166, 4.04784154892], [205.34526062, 95.0144577026, -53.6239356995, 82.180480957, 38.6072463989, 18.8537807465, 40.834602356, -1.87802052498, 43.8239479065, -4.68841314316, 38.9859619141, 4.04784154892, 71.3775787354]], "icov": [[0.000268107804004, -0.00100394582842, 0.000324337219354, -0.00107942952309, 0.000353691371856, -0.0010666080052, 0.000802243419457, -0.000594498589635, 0.000655165349599, -0.000819283304736, 0.000914228032343, -0.001320843352, 0.00078687426867], [-0.00100394582842, 0.0048081795685, -0.000924481195398, 0.00396677292883, -0.00137165526394, 0.0047119888477, -0.00318482215516, 0.00301826791838, -0.00282306340523, 0.00399629352614, -0.00405633682385, 0.00607867212966, -0.00350854708813], [0.000324337219354, -0.000924481195398, 0.00275198742747, -0.000459544447949, -0.000238001695834, -0.00101603614166, 0.000775137974415, -0.00234675779939, 0.00157724157907, -0.00172239390668, 0.000994117348455, -0.00140197586734, 0.00124104879797], [-0.00107942952309, 0.00396677292883, -0.000459544447949, 0.00826817378402, -0.00269178184681, 0.000577387749217, -0.00174001825508, 0.00276362383738, -0.00388665520586, 0.00490920478478, -0.00413129199296, 0.00523893954232, -0.00500002643093], [0.000353691371856, -0.00137165526394, -0.000238001695834, -0.00269178184681, 0.00770595902577, -0.00355311483145, -0.00332889496349, 0.00231375102885, -0.000947941211052, -0.00139484019019, 0.00209771422669, -0.00248569762334, 0.00195010798052], [-0.0010666080052, 0.0047119888477, -0.00101603614166, 0.000577387749217, -0.00355311483145, 0.0174085311592, -0.00514380401, -0.00211022095755, 0.00270656473003, -0.000213909472222, -0.00345440837555, 0.0065164542757, -0.00457981228828], [0.000802243419457, -0.00318482215516, 0.000775137974415, -0.00174001825508, -0.00332889496349, -0.00514380401, 0.0182750653476, -0.00530708022416, -0.00729509210214, 0.00529277604073, -0.00132268387824, -0.00420646555722, 0.0028694474604], [-0.000594498589635, 0.00301826791838, -0.00234675779939, 0.00276362383738, 0.00231375102885, -0.00211022095755, -0.00530708022416, 0.018253242597, -0.00636918470263, -0.00123108911794, 0.00234199478291, -0.000588260125369, -0.001846268191], [0.000655165349599, -0.00282306340523, 0.00157724157907, -0.00388665520586, -0.000947941211052, 0.00270656473003, -0.00729509210214, -0.00636918470263, 0.0237795766443, -0.00849769078195, -0.00118271925021, 0.00331269204617, -0.00336344307289], [-0.000819283304736, 0.00399629352614, -0.00172239390668, 0.00490920478478, -0.00139484019019, -0.000213909472222, 0.00529277604073, -0.00123108911794, -0.00849769078195, 0.0240507964045, -0.0115249520168, 0.00145099160727, 0.000851413235068], [0.000914228032343, -0.00405633682385, 0.000994117348455, -0.00413129199296, 0.00209771422669, -0.00345440837555, -0.00132268387824, 0.00234199478291, -0.00118271925021, -0.0115249520168, 0.0211311914027, -0.0113624706864, -0.00205917726271], [-0.001320843352, 0.00607867212966, -0.00140197586734, 0.00523893954232, -0.00248569762334, 0.0065164542757, -0.00420646555722, -0.000588260125369, 0.00331269204617, 0.00145099160727, -0.0113624706864, 0.0289799254388, -0.00673855561763], [0.00078687426867, -0.00350854708813, 0.00124104879797, -0.00500002643093, 0.00195010798052, -0.00457981228828, 0.0028694474604, -0.001846268191, -0.00336344307289, 0.000851413235068, -0.00205917726271, -0.00673855561763, 0.0251984093338]]}, "melbands": {"dmean": [0.00626662606373, 0.00484676007181, 0.00125076167751, 0.00128331559245, 0.000240275170654, 0.000182740928722, 0.000134012982016, 1.88903613889e-05, 1.85797944141e-05, 1.10375258373e-05, 5.32334706804e-05, 1.25999749798e-05, 6.90426168148e-06, 1.66104855452e-05, 1.14107115223e-05, 9.01966996025e-06, 1.4064284187e-05, 1.28105075419e-05, 6.49372577755e-06, 2.7809205676e-06, 3.52912161361e-06, 3.22589926327e-06, 2.54711380876e-06, 2.00085082724e-06, 2.11869382838e-06, 1.37890333463e-06, 1.09304767193e-06, 1.04947343971e-06, 1.3766639313e-06, 1.86753470643e-06, 8.53577205362e-07, 8.24754124551e-07, 8.65890228852e-07, 4.26977550205e-07, 3.0147592156e-07, 2.64587526999e-07, 2.42621609914e-07, 3.08110656988e-07, 2.29981893085e-07, 2.01381539e-07], "dmean2": [0.00911875255406, 0.00764435110614, 0.00200725533068, 0.00200877012685, 0.000359721074346, 0.000279267434962, 0.000201938746613, 2.83089484583e-05, 2.24959512707e-05, 1.60518229677e-05, 7.29360326659e-05, 1.85486733244e-05, 9.63488582784e-06, 2.45094033744e-05, 1.7126367311e-05, 1.39473804666e-05, 2.18463792407e-05, 1.73703465407e-05, 9.26679604163e-06, 4.47829415862e-06, 5.59027148483e-06, 5.05928665007e-06, 3.96441146222e-06, 3.084261607e-06, 3.17444892062e-06, 2.22057224164e-06, 1.7805053858e-06, 1.6464437067e-06, 2.16657667806e-06, 2.99373232338e-06, 1.33250421186e-06, 1.24113512356e-06, 1.31473871079e-06, 6.60897342186e-07, 4.73591569516e-07, 4.0544441049e-07, 3.75745429437e-07, 5.00054284203e-07, 3.77496860438e-07, 3.26253001504e-07], "dvar": [0.00026312834234, 6.86558269081e-05, 2.98706027024e-06, 4.03297190132e-06, 1.8449574668e-07, 1.73355175548e-07, 1.30446267121e-07, 1.8387629197e-09, 6.75326405908e-10, 2.7807453562e-10, 1.24677690394e-08, 5.02922758994e-10, 1.56925486494e-10, 1.0455996069e-09, 6.07754124804e-10, 5.18260157012e-10, 1.91726767795e-09, 4.0409209312e-10, 8.54362067204e-11, 2.2698292898e-11, 9.85017692412e-11, 3.53278552245e-11, 4.7457860558e-11, 1.0511097201e-11, 2.06862929564e-11, 2.13447141906e-11, 2.58894225502e-11, 7.22327146013e-12, 1.75430295291e-11, 9.18453299525e-11, 4.90867329422e-12, 4.50106575275e-12, 5.6241144554e-12, 1.17476557995e-12, 6.32179367448e-13, 3.89544028544e-13, 3.85257879201e-13, 1.00869703215e-12, 5.77696853028e-13, 4.42098180981e-13], "dvar2": [0.000528108968865, 0.00017485578428, 7.52050482333e-06, 1.03977035906e-05, 4.13844873037e-07, 3.95670326725e-07, 3.03771770405e-07, 4.42701741932e-09, 1.08272224519e-09, 6.19876927566e-10, 2.46712179575e-08, 1.13276166225e-09, 2.87526391585e-10, 2.53827536767e-09, 1.44303835548e-09, 1.10244513518e-09, 4.4286396772e-09, 7.64036056644e-10, 1.69482997081e-10, 5.64243755885e-11, 2.51587778388e-10, 8.74640776471e-11, 1.20819965144e-10, 2.43858527121e-11, 5.02699999683e-11, 5.73163010109e-11, 7.28254956339e-11, 1.85970197575e-11, 4.45505056457e-11, 2.39932074209e-10, 1.21327852279e-11, 1.04871927115e-11, 1.37300865122e-11, 2.96054066679e-12, 1.60465965602e-12, 9.13264581147e-13, 8.71830439873e-13, 2.54404526959e-12, 1.45455175682e-12, 1.12445176868e-12], "max": [0.119334943593, 0.0808020308614, 0.0247587058693, 0.0359355024993, 0.00704662175849, 0.00730236759409, 0.00725072203204, 0.000796010310296, 0.000467821548227, 0.000242407288169, 0.002388486173, 0.000352720351657, 0.000236662337556, 0.000762934447266, 0.00052564824, 0.000490070902742, 0.000926543376409, 0.00036169422674, 0.00014946963347, 6.94244226906e-05, 0.000248898228165, 9.18479781831e-05, 0.000138790186611, 5.80021405767e-05, 0.000137769762659, 0.000126328668557, 0.000121556229715, 6.43895036774e-05, 0.000128667859826, 0.000224029718083, 3.56703312718e-05, 5.79491679673e-05, 6.45540785627e-05, 3.09511269734e-05, 1.741853157e-05, 1.01738869489e-05, 1.19742417155e-05, 2.05865781027e-05, 1.53943910846e-05, 1.17609397421e-05], "mean": [0.00782142393291, 0.00923285540193, 0.00273021729663, 0.00234414613806, 0.000593415054027, 0.000375750998501, 0.000229743818636, 3.93772716052e-05, 4.9002468586e-05, 2.76552291325e-05, 0.000123291480122, 3.12789852615e-05, 1.59859064297e-05, 3.02332609863e-05, 1.96517066797e-05, 1.60356012202e-05, 2.61662080447e-05, 2.65153557848e-05, 1.48859808178e-05, 5.60483113077e-06, 6.1068717514e-06, 6.89272201271e-06, 5.32608783033e-06, 4.29400961366e-06, 4.87565148433e-06, 2.13289604289e-06, 1.48595847804e-06, 1.64700418281e-06, 2.19275648305e-06, 2.25216763283e-06, 1.30893727146e-06, 1.30225589601e-06, 1.23939571495e-06, 6.1132539031e-07, 3.81508840519e-07, 3.60456681392e-07, 3.04240415971e-07, 3.18738671012e-07, 2.15782421265e-07, 1.79165198233e-07], "median": [0.00098352401983, 0.00443188706413, 0.00208086729981, 0.00128125341143, 0.000354604533641, 0.000155339002958, 6.35240139673e-05, 2.1574260245e-05, 2.9739621823e-05, 1.929856262e-05, 6.20730570517e-05, 1.93135292648e-05, 8.50498872751e-06, 1.53208002303e-05, 8.45023623697e-06, 5.93598178966e-06, 1.09190896183e-05, 1.50467421918e-05, 1.02025578599e-05, 3.58348688678e-06, 3.28244095726e-06, 4.40346502728e-06, 3.27415841639e-06, 2.8859633403e-06, 2.96093980978e-06, 1.11900124011e-06, 7.16020679192e-07, 9.06518152988e-07, 1.08533333787e-06, 8.47757689826e-07, 6.55318899589e-07, 6.15851433849e-07, 5.41484325822e-07, 2.73310831744e-07, 1.5658780228e-07, 1.08657523867e-07, 7.41702095297e-08, 7.4698668584e-08, 4.01542266104e-08, 2.58581493995e-08], "min": [2.73927906426e-24, 1.12046032222e-23, 7.63582961918e-24, 5.75833435387e-24, 2.44414095607e-24, 3.16554892908e-24, 1.18969777613e-23, 4.2367861452e-24, 4.95599576008e-24, 1.61083156481e-23, 1.62800254236e-23, 2.64213593193e-23, 1.0697117169e-23, 5.43819408815e-24, 1.52002057953e-23, 6.92285871077e-24, 7.56083497951e-24, 1.13520113487e-23, 1.12704320871e-23, 9.83495373075e-24, 5.36248158505e-24, 1.91558210091e-23, 1.48916854507e-23, 1.79447207266e-23, 1.39402608233e-23, 9.03854737097e-24, 1.48271755613e-23, 1.99150475655e-23, 1.08597211231e-23, 1.19303623548e-23, 9.64358001945e-24, 8.1302347809e-24, 1.05574667007e-23, 6.22199129522e-24, 1.19476865291e-23, 1.32010587121e-23, 8.07408602825e-24, 9.91241277189e-24, 1.07978554955e-23, 9.30345159611e-24], "var": [0.000346836313838, 0.000146898455569, 6.98564099366e-06, 9.85384667729e-06, 5.17328658134e-07, 3.4601228549e-07, 2.08040290772e-07, 3.11766568117e-09, 3.36035643755e-09, 7.76305519867e-10, 3.41974697449e-08, 1.45204204216e-09, 5.47374701121e-10, 1.84632320543e-09, 1.11218545484e-09, 9.62061985632e-10, 3.15203307899e-09, 1.08030440149e-09, 2.45750364503e-10, 4.48903032801e-11, 1.15145122603e-10, 6.83310075189e-11, 5.94909260743e-11, 2.26995158781e-11, 4.00611419038e-11, 1.93656948116e-11, 1.76346645619e-11, 7.5140952488e-12, 1.80005229472e-11, 7.0738317981e-11, 5.29589740117e-12, 5.64326883834e-12, 6.12600638619e-12, 1.25222000737e-12, 6.18334051496e-13, 5.04561995483e-13, 4.70189100328e-13, 8.60896911484e-13, 4.74331023678e-13, 3.53642787797e-13]}, "mfcc": {"mean": [-701.106933594, 145.354141235, 13.1123876572, 38.1258468628, 11.6761798859, 20.0908660889, 1.10685932636, 4.78009748459, 2.12675786018, -2.3844640255, -1.33615982533, -7.78893661499, -10.7011671066], "cov": [[17002.140625, 2475.36132812, -284.386352539, 1159.79650879, 563.271484375, 1000.30297852, 263.343170166, 282.867889404, 83.0311813354, -112.923271179, -2.65896868706, -7.16482400894, -147.865829468], [2475.36132812, 1578.77331543, -205.921356201, 310.372253418, 43.9105377197, 190.744522095, 19.3351707458, 94.8403167725, 48.2554244995, 15.5800561905, 41.007232666, -63.4944114685, -36.1067848206], [-284.386352539, -205.921356201, 325.270568848, -64.0741500854, 18.0530395508, -75.7677764893, 8.46548652649, -25.0668029785, -8.96160411835, 7.90372085571, -7.2538356781, 25.34441185, -8.28983306885], [1159.79650879, 310.372253418, -64.0741500854, 274.442993164, 90.2021408081, 149.893249512, 45.346912384, 80.303276062, 52.8990058899, 20.8485469818, 22.0918617249, -2.2163105011, 13.0570240021], [563.271484375, 43.9105377197, 18.0530395508, 90.2021408081, 143.3021698, 96.3832092285, 56.3470497131, 34.4899368286, 31.1795425415, 14.8035974503, 8.35701560974, 10.7555170059, 6.04265069962], [1000.30297852, 190.744522095, -75.7677764893, 149.893249512, 96.3832092285, 194.376342773, 69.0948562622, 62.8881416321, 34.4691581726, 15.9673252106, 15.3336391449, 8.74599075317, 12.1728610992], [263.343170166, 19.3351707458, 8.46548652649, 45.346912384, 56.3470497131, 69.0948562622, 94.0227890015, 48.3420906067, 25.4179229736, 9.28440189362, 21.2312793732, 14.2061319351, 21.090467453], [282.867889404, 94.8403167725, -25.0668029785, 80.303276062, 34.4899368286, 62.8881416321, 48.3420906067, 115.150733948, 56.770980835, 23.3732833862, 18.5579204559, 6.47878074646, -0.685658693314], [83.0311813354, 48.2554244995, -8.96160411835, 52.8990058899, 31.1795425415, 34.4691581726, 25.4179229736, 56.770980835, 97.080871582, 40.2752838135, 25.4184818268, -4.09437227249, 6.06238651276], [-112.923271179, 15.5800561905, 7.90372085571, 20.8485469818, 14.8035974503, 15.9673252106, 9.28440189362, 23.3732833862, 40.2752838135, 75.3664474487, 20.9004116058, 9.90836715698, 1.98637366295], [-2.65896868706, 41.007232666, -7.2538356781, 22.0918617249, 8.35701560974, 15.3336391449, 21.2312793732, 18.5579204559, 25.4184818268, 20.9004116058, 87.1304397583, 12.1842794418, 33.7014427185], [-7.16482400894, -63.4944114685, 25.34441185, -2.2163105011, 10.7555170059, 8.74599075317, 14.2061319351, 6.47878074646, -4.09437227249, 9.90836715698, 12.1842794418, 77.3271179199, 23.0863628387], [-147.865829468, -36.1067848206, -8.28983306885, 13.0570240021, 6.04265069962, 12.1728610992, 21.090467453, -0.685658693314, 6.06238651276, 1.98637366295, 33.7014427185, 23.0863628387, 86.3600463867]], "icov": [[0.000116994000564, -0.000109664928459, -8.15778112155e-05, -0.000221956317546, -8.01928690635e-05, -0.000397385185352, 1.95737793547e-05, 0.000114407528599, 7.89108412391e-07, 0.000345125590684, -1.61741354532e-05, -0.00013919272169, 0.000273475074209], [-0.000109664928459, 0.00103513756767, 0.000325125438394, -0.00074038997991, 0.000483027310111, -6.22810375717e-06, 0.000152394393808, -0.000190303951968, 0.00021042933804, -0.000324751570588, -0.00052414793754, 0.000668826338369, 0.000334969285177], [-8.15778112155e-05, 0.000325125438394, 0.00424955738708, -8.69261712069e-05, -0.00172258156817, 0.00314583769068, -0.00176424055826, 0.000623111263849, 0.00011401403026, -0.000895776087418, 0.000166619312949, -0.00111747824121, 0.000776541302912], [-0.000221956317546, -0.00074038997991, -8.69261712069e-05, 0.00880789849907, -0.00204520439729, -0.00359132490121, 0.00262889801525, -0.00308600417338, -0.000876902602613, -0.000397117895773, 3.92765723518e-05, 0.00077321723802, -0.00219816225581], [-8.01928690635e-05, 0.000483027310111, -0.00172258156817, -0.00204520439729, 0.0133485244587, -0.00472046807408, -0.00408204551786, 0.00219088047743, -0.0021576541476, -0.000264875387074, 0.000587238697335, -0.000323368032696, 0.000969012849964], [-0.000397385185352, -6.22810375717e-06, 0.00314583769068, -0.00359132490121, -0.00472046807408, 0.0158724617213, -0.00591691816226, -0.000837826402858, 0.00114485761151, -0.00212234514765, 0.000917564437259, -0.000827538548037, -0.000475107488455], [1.95737793547e-05, 0.000152394393808, -0.00176424055826, 0.00262889801525, -0.00408204551786, -0.00591691816226, 0.0208148285747, -0.00689911609516, 0.00047070873552, 0.00151253002696, -0.00211320049129, 5.39425564057e-05, -0.00374562432989], [0.000114407528599, -0.000190303951968, 0.000623111263849, -0.00308600417338, 0.00219088047743, -0.000837826402858, -0.00689911609516, 0.0173096247017, -0.00746911112219, 0.000474337168271, -0.00015155125584, -0.00234719691798, 0.00362984393723], [7.89108412391e-07, 0.00021042933804, 0.00011401403026, -0.000876902602613, -0.0021576541476, 0.00114485761151, 0.00047070873552, -0.00746911112219, 0.0190751068294, -0.0073798103258, -0.00220624334179, 0.0034788697958, -0.00119013304356], [0.000345125590684, -0.000324751570588, -0.000895776087418, -0.000397117895773, -0.000264875387074, -0.00212234514765, 0.00151253002696, 0.000474337168271, -0.0073798103258, 0.0193071234971, -0.00285229156725, -0.00312618794851, 0.00240404554643], [-1.61741354532e-05, -0.00052414793754, 0.000166619312949, 3.92765723518e-05, 0.000587238697335, 0.000917564437259, -0.00211320049129, -0.00015155125584, -0.00220624334179, -0.00285229156725, 0.0156498588622, -0.000827852985822, -0.0055577987805], [-0.00013919272169, 0.000668826338369, -0.00111747824121, 0.00077321723802, -0.000323368032696, -0.000827538548037, 5.39425564057e-05, -0.00234719691798, 0.0034788697958, -0.00312618794851, -0.000827852985822, 0.0161649826914, -0.0042459811084], [0.000273475074209, 0.000334969285177, 0.000776541302912, -0.00219816225581, 0.000969012849964, -0.000475107488455, -0.00374562432989, 0.00362984393723, -0.00119013304356, 0.00240404554643, -0.0055577987805, -0.0042459811084, 0.0168695468456]]}, "spectral_contrast_coeffs": {"dmean": [0.0493354201317, 0.0376483127475, 0.0317575000226, 0.0272005889565, 0.0236980114132, 0.0230174921453], "dmean2": [0.0791072621942, 0.058838903904, 0.0488260388374, 0.0418527387083, 0.0355629399419, 0.0331973768771], "dvar": [0.00166624400299, 0.00128796708304, 0.000752604508307, 0.000533153768629, 0.000426399114076, 0.000417720468249], "dvar2": [0.0042210938409, 0.00300990184769, 0.00176386104431, 0.00121084460989, 0.000934631330892, 0.000879082013853], "max": [-0.339971184731, -0.438923329115, -0.558643460274, -0.605182409286, -0.64353621006, -0.619014978409], "mean": [-0.596888244152, -0.693258821964, -0.74204903841, -0.767567694187, -0.783082127571, -0.748884916306], "median": [-0.591365754604, -0.689141511917, -0.740744888783, -0.763606190681, -0.778934001923, -0.738533556461], "min": [-0.950387239456, -0.964006066322, -0.982116639614, -0.951663672924, -0.957529842854, -0.959865093231], "var": [0.00842700898647, 0.00678143138066, 0.00456222612411, 0.00342500838451, 0.00307070813142, 0.00352970859967]}, "spectral_contrast_valleys": {"dmean": [0.42065268755, 0.324809074402, 0.294308841228, 0.284625917673, 0.315795898438, 0.478861510754], "dmean2": [0.666015088558, 0.496871054173, 0.450687527657, 0.428911179304, 0.437801033258, 0.61591821909], "dvar": [0.161456748843, 0.124252222478, 0.103385224938, 0.106249921024, 0.123114451766, 0.207508951426], "dvar2": [0.317570924759, 0.208374068141, 0.167536154389, 0.159732088447, 0.18960185349, 0.33864030242], "max": [-4.75978040695, -5.4046959877