{"lowlevel": {"average_loudness": 0.961016893387, "barkbands_crest": {"dmean": 3.34041023254, "dmean2": 5.39969301224, "dvar": 10.0699224472, "dvar2": 27.6660804749, "max": 26.4237823486, "mean": 14.724029541, "median": 14.5430335999, "min": 3.16933655739, "var": 28.1426696777}, "barkbands_flatness_db": {"dmean": 0.0299671385437, "dmean2": 0.0435796417296, "dvar": 0.000826115894597, "dvar2": 0.00188321922906, "max": 0.381278932095, "mean": 0.191850662231, "median": 0.189339071512, "min": 0.0458319410682, "var": 0.00364644895308}, "barkbands_kurtosis": {"dmean": 6.91098213196, "dmean2": 10.8672428131, "dvar": 205.853027344, "dvar2": 511.178833008, "max": 222.909896851, "mean": 10.0887928009, "median": 3.33132457733, "min": -1.5543384552, "var": 388.332824707}, "barkbands_skewness": {"dmean": 0.855852663517, "dmean2": 1.29710364342, "dvar": 0.993551492691, "dvar2": 2.28754734993, "max": 12.5267887115, "mean": 2.36096549034, "median": 1.91272521019, "min": -2.08573889732, "var": 3.57792448997}, "barkbands_spread": {"dmean": 4.60084295273, "dmean2": 7.00211954117, "dvar": 27.5477371216, "dvar2": 65.2714538574, "max": 111.907585144, "mean": 15.8403158188, "median": 13.7390642166, "min": 0.511881291866, "var": 120.278701782}, "dissonance": {"dmean": 0.0226577743888, "dmean2": 0.0379366390407, "dvar": 0.000522152753547, "dvar2": 0.00139328290243, "max": 0.49989771843, "mean": 0.452904284, "median": 0.459201991558, "min": 0.170895636082, "var": 0.00111045327503}, "dynamic_complexity": 5.06368732452, "erbbands_crest": {"dmean": 2.2286362648, "dmean2": 3.56548762321, "dvar": 4.44088983536, "dvar2": 9.77237129211, "max": 30.5210514069, "mean": 9.44332790375, "median": 8.71298217773, "min": 2.4212539196, "var": 15.1675415039}, "erbbands_flatness_db": {"dmean": 0.017035247758, "dmean2": 0.0234121251851, "dvar": 0.000332118652295, "dvar2": 0.000582419219427, "max": 0.326316416264, "mean": 0.169400796294, "median": 0.165822505951, "min": 0.0547425560653, "var": 0.00193307572044}, "erbbands_kurtosis": {"dmean": 0.908014416695, "dmean2": 1.4141548872, "dvar": 1.78149402142, "dvar2": 3.56320548058, "max": 34.6501464844, "mean": 1.10286962986, "median": 0.431695699692, "min": -1.7654145956, "var": 6.26576805115}, "erbbands_skewness": {"dmean": 0.308659762144, "dmean2": 0.471860170364, "dvar": 0.0878247544169, "dvar2": 0.192366376519, "max": 4.48654317856, "mean": 0.00187642278615, "median": 0.0862880349159, "min": -2.97645378113, "var": 0.604369103909}, "erbbands_spread": {"dmean": 7.54198026657, "dmean2": 11.4378662109, "dvar": 85.0588684082, "dvar2": 185.184432983, "max": 179.108108521, "mean": 33.3906936646, "median": 28.8189315796, "min": 2.85085535049, "var": 546.06652832}, "hfc": {"dmean": 5.41668272018, "dmean2": 7.39145183563, "dvar": 81.2498016357, "dvar2": 155.40322876, "max": 112.256736755, "mean": 13.8648223877, "median": 8.90119743347, "min": 1.16664455099e-16, "var": 215.968276978}, "melbands_crest": {"dmean": 3.13071537018, "dmean2": 5.09587287903, "dvar": 9.52036571503, "dvar2": 24.7818279266, "max": 34.5239868164, "mean": 17.8938884735, "median": 18.3266582489, "min": 2.55678677559, "var": 26.6028747559}, "melbands_flatness_db": {"dmean": 0.0354298092425, "dmean2": 0.0515781082213, "dvar": 0.00117414002307, "dvar2": 0.00265879905783, "max": 0.511953115463, "mean": 0.274664342403, "median": 0.271867632866, "min": 0.00436350749806, "var": 0.00577992806211}, "melbands_kurtosis": {"dmean": 15.5593652725, "dmean2": 24.3508777618, "dvar": 996.934631348, "dvar2": 2198.3671875, "max": 950.225402832, "mean": 35.2420196533, "median": 12.2069644928, "min": -1.50587940216, "var": 10234.9042969}, "melbands_skewness": {"dmean": 1.10322248936, "dmean2": 1.6737651825, "dvar": 1.55237317085, "dvar2": 3.47837805748, "max": 26.3767261505, "mean": 3.87220597267, "median": 3.21075534821, "min": -1.06258332729, "var": 11.8854999542}, "melbands_spread": {"dmean": 5.2741818428, "dmean2": 7.94236469269, "dvar": 39.1329994202, "dvar2": 80.5499725342, "max": 140.023544312, "mean": 14.5914115906, "median": 12.5340442657, "min": 0.503359019756, "var": 122.95917511}, "pitch_salience": {"dmean": 0.086525388062, "dmean2": 0.138566240668, "dvar": 0.00735105480999, "dvar2": 0.0189308710396, "max": 0.945533275604, "mean": 0.401180684566, "median": 0.397217810154, "min": 0.0429997704923, "var": 0.0203167200089}, "silence_rate_20dB": {"dmean": 0.00265164067969, "dmean2": 0.0053050396964, "dvar": 0.00264464854263, "dvar2": 0.00792971998453, "max": 1, "mean": 0.998674631119, "median": 1, "min": 0, "var": 0.00132358563133}, "silence_rate_30dB": {"dmean": 0.0497182644904, "dmean2": 0.0994694977999, "dvar": 0.0472464002669, "dvar2": 0.0988562703133, "max": 1, "mean": 0.938369810581, "median": 1, "min": 0, "var": 0.0578327588737}, "silence_rate_60dB": {"dmean": 0.0165727548301, "dmean2": 0.0331564992666, "dvar": 0.0162980947644, "dvar2": 0.0393509157002, "max": 1, "mean": 0.083499006927, "median": 0, "min": 0, "var": 0.0765282660723}, "spectral_centroid": {"dmean": 205.48008728, "dmean2": 304.931762695, "dvar": 75236.59375, "dvar2": 135870.015625, "max": 10863.4003906, "mean": 1134.32849121, "median": 945.588623047, "min": 155.289825439, "var": 471871.25}, "spectral_complexity": {"dmean": 3.48425579071, "dmean2": 4.89389944077, "dvar": 21.5564193726, "dvar2": 38.7642707825, "max": 50, "mean": 14.0066270828, "median": 13, "min": 0, "var": 77.9330444336}, "spectral_decrease": {"dmean": 5.34090682791e-09, "dmean2": 8.37254798824e-09, "dvar": 1.33696977414e-16, "dvar2": 3.16851335115e-16, "max": 2.93302429106e-29, "mean": -1.0350855284e-08, "median": -7.6552755246e-09, "min": -1.42142013715e-07, "var": 1.64001923677e-16}, "spectral_energy": {"dmean": 0.0205417405814, "dmean2": 0.0320834442973, "dvar": 0.00194778759032, "dvar2": 0.00459937052801, "max": 0.541119873524, "mean": 0.0403241440654, "median": 0.0298618078232, "min": 1.04711081221e-20, "var": 0.00242217560299}, "spectral_energyband_high": {"dmean": 0.000219123015995, "dmean2": 0.000314081087708, "dvar": 2.89126120379e-07, "dvar2": 6.72317071349e-07, "max": 0.00811432115734, "mean": 0.00033250512206, "median": 8.25241877465e-05, "min": 7.97350654051e-21, "var": 4.57215350025e-07}, "spectral_energyband_low": {"dmean": 0.0165390800685, "dmean2": 0.0265504531562, "dvar": 0.00174118136056, "dvar2": 0.00425683753565, "max": 0.526779353619, "mean": 0.027164645493, "median": 0.0192746445537, "min": 7.23318554683e-23, "var": 0.00183589570224}, "spectral_energyband_middle_high": {"dmean": 0.00172836845741, "dmean2": 0.00241371104494, "dvar": 7.08803690941e-06, "dvar2": 1.31257329485e-05, "max": 0.0382456704974, "mean": 0.00457538850605, "median": 0.00306592998095, "min": 1.2890712186e-21, "var": 2.43351951212e-05}, "spectral_energyband_middle_low": {"dmean": 0.0055616251193, "dmean2": 0.00861504022032, "dvar": 0.000147426573676, "dvar2": 0.000374210445443, "max": 0.113130912185, "mean": 0.00923281721771, "median": 0.00424559228122, "min": 3.13434203343e-22, "var": 0.000186141551239}, "spectral_entropy": {"dmean": 0.160030961037, "dmean2": 0.222732767463, "dvar": 0.0328109264374, "dvar2": 0.0650499165058, "max": 9.78782653809, "mean": 7.30037164688, "median": 7.28631401062, "min": 5.88480710983, "var": 0.18695230782}, "spectral_flux": {"dmean": 0.0375608839095, "dmean2": 0.0584152899683, "dvar": 0.00302155478857, "dvar2": 0.00602572225034, "max": 0.533823668957, "mean": 0.0861883983016, "median": 0.0637027546763, "min": 1.02328430451e-10, "var": 0.00614991365001}, "spectral_kurtosis": {"dmean": 2.27046561241, "dmean2": 3.89828038216, "dvar": 8.38262367249, "dvar2": 23.632390976, "max": 31.456035614, "mean": 5.58413791656, "median": 4.66915225983, "min": -1.1650762558, "var": 13.5305767059}, "spectral_rms": {"dmean": 0.0013431495754, "dmean2": 0.00198980979621, "dvar": 3.81208656108e-06, "dvar2": 8.00442012405e-06, "max": 0.0229765493423, "mean": 0.00547369616106, "median": 0.00539754331112, "min": 3.19620328468e-12, "var": 9.37913864618e-06}, "spectral_rolloff": {"dmean": 311.023101807, "dmean2": 509.422576904, "dvar": 276062.28125, "dvar2": 529352.5, "max": 18217.0898438, "mean": 765.455993652, "median": 624.462890625, "min": 64.599609375, "var": 716145.125}, "spectral_skewness": {"dmean": 0.274023741484, "dmean2": 0.446836769581, "dvar": 0.0982440114021, "dvar2": 0.263457268476, "max": 4.04206466675, "mean": 1.69644081593, "median": 1.65776014328, "min": 0.0119822397828, "var": 0.274287611246}, "spectral_spread": {"dmean": 390932.96875, "dmean2": 558710, "dvar": 504273764352, "dvar2": 679754924032, "max": 38942464, "mean": 3864452.75, "median": 3689070, "min": 1422111.125, "var": 2094820098050.0}, "spectral_strongpeak": {"dmean": 0.290413349867, "dmean2": 0.496750086546, "dvar": 0.301240205765, "dvar2": 0.790879070759, "max": 5.92853403091, "mean": 0.504707634449, "median": 0.291638165712, "min": 0, "var": 0.45218488574}, "zerocrossingrate": {"dmean": 0.00619082991034, "dmean2": 0.00742151867598, "dvar": 0.000130460510263, "dvar2": 0.000141129901749, "max": 0.50341796875, "mean": 0.030637787655, "median": 0.02734375, "min": 0.00341796875, "var": 0.000429008883657}, "barkbands": {"dmean": [0.000438918650616, 0.0142366727814, 0.00364130386151, 0.00125083443709, 0.00295296567492, 0.000621057639364, 0.000597606180236, 0.000532871519681, 0.000691197579727, 0.00069943460403, 0.000354572053766, 0.000327091198415, 0.000335901480867, 0.000237035113969, 0.000229281387874, 0.00010953850142, 0.000114828435471, 7.44734279579e-05, 8.68521892698e-05, 8.92767347977e-05, 7.2006478149e-05, 4.03746089432e-05, 2.83164481516e-05, 2.37719104916e-05, 1.14410531751e-05, 3.40589758707e-06, 5.39356449281e-07], "dmean2": [0.000700118078385, 0.0236193425953, 0.00596826663241, 0.00215255795047, 0.00507305981591, 0.000915635784622, 0.000943157123402, 0.000750592909753, 0.000927653571125, 0.0010227074381, 0.00053980643861, 0.000492940598633, 0.000511631194968, 0.000389363296563, 0.000349748588633, 0.000170127168531, 0.000171566120116, 0.000114734088129, 0.000125601363834, 0.000141827651532, 0.00010760355508, 6.08283844485e-05, 4.00508761231e-05, 3.3940999856e-05, 1.50141431732e-05, 4.37414428234e-06, 7.67041342442e-07], "dvar": [1.65470635238e-06, 0.0014878801303, 9.85544320429e-05, 7.59902650316e-06, 7.5816300523e-05, 1.79577943982e-06, 1.78244022209e-06, 1.45121452988e-06, 2.13559974327e-06, 2.81198276753e-06, 5.40387020465e-07, 6.88504997015e-07, 4.72451148426e-07, 2.59146275994e-07, 1.86829154813e-07, 4.71198724483e-08, 5.90131321587e-08, 1.99917113974e-08, 3.28820526363e-08, 5.32114832197e-08, 3.42733379455e-08, 7.67345564867e-09, 3.94271459925e-09, 3.30864047271e-09, 1.06216513363e-09, 1.90351026608e-10, 1.29059454096e-11], "dvar2": [4.32843262388e-06, 0.00391856860369, 0.000273641460808, 2.10090420296e-05, 0.000204868352739, 3.33839420819e-06, 4.26947917731e-06, 2.98408190247e-06, 3.81975041819e-06, 5.9765734477e-06, 1.18219475098e-06, 1.5774410258e-06, 1.03746822333e-06, 7.96522726887e-07, 3.9930927187e-07, 1.05132976103e-07, 1.30078348093e-07, 4.89235212342e-08, 6.61293100279e-08, 1.37294804858e-07, 8.10457905231e-08, 1.72373688656e-08, 8.7636102819e-09, 7.44345429737e-09, 1.83216264382e-09, 2.69961775157e-10, 3.14640986876e-11], "max": [0.0154745141044, 0.479774683714, 0.13458968699, 0.0263320207596, 0.0773972347379, 0.032410454005, 0.0248688738793, 0.0205281022936, 0.0235208105296, 0.0395215786994, 0.0131926145405, 0.019934238866, 0.0114769246429, 0.00750453490764, 0.00624883221462, 0.00353730469942, 0.00417851051316, 0.00151550385635, 0.00378591753542, 0.0036466922611, 0.00269160955213, 0.0014891953906, 0.000991590437479, 0.000878806691617, 0.00064538459992, 0.000346993037965, 0.000146383405081], "mean": [0.000717327406164, 0.0205008927733, 0.00513296294957, 0.0015108298976, 0.00266426429152, 0.00113380537368, 0.00117288262118, 0.000897227204405, 0.00153459922876, 0.00139025773387, 0.000596164609306, 0.000603767228313, 0.000600316794589, 0.000356555305189, 0.000468762533274, 0.000177732712473, 0.000217559121666, 0.000111213041237, 0.000152158623678, 0.000126487444504, 0.000102670943306, 5.99745799263e-05, 4.09085223509e-05, 3.26477274939e-05, 1.66894114955e-05, 4.90562706545e-06, 6.17375462753e-07], "median": [0.000417934410507, 0.0140322577208, 0.00270515633747, 0.000597681035288, 0.000595274963416, 0.000300463521853, 0.000311287003569, 0.000166380690644, 0.000465076707769, 0.000398384028813, 0.000179612718057, 0.000163311560755, 0.000210493890336, 0.000105031998828, 0.000168929575011, 6.03363841947e-05, 6.03700973443e-05, 3.31746705342e-05, 4.26976257586e-05, 2.96184589388e-05, 2.22468552238e-05, 1.41909386002e-05, 8.97286463442e-06, 5.54651796847e-06, 2.09156405617e-06, 4.7068832032e-07, 3.68267834006e-08], "min": [3.5409302841e-23, 2.55756878072e-23, 2.2515377656e-23, 1.37405417525e-23, 3.22218314673e-23, 4.09859120413e-23, 2.02595936099e-23, 5.82648120757e-23, 1.40417342104e-22, 3.0164371786e-23, 3.45126866915e-23, 5.45108754633e-23, 4.70801686121e-23, 8.25525393047e-23, 1.14253110419e-22, 1.34117271723e-22, 2.264828999e-22, 1.56366961026e-22, 2.14472599903e-22, 3.71717847106e-22, 4.53740978702e-22, 5.49213242099e-22, 6.17690458127e-22, 7.45834992568e-22, 1.46374971121e-21, 1.63632602203e-21, 2.57737059045e-21], "var": [1.65874371305e-06, 0.00130578596145, 8.21307476144e-05, 6.93902211424e-06, 5.64169058634e-05, 4.96163056596e-06, 5.79533570999e-06, 3.41307895724e-06, 7.68888094171e-06, 6.43430166747e-06, 1.05800847905e-06, 1.52088568939e-06, 1.01190573787e-06, 4.82518828449e-07, 5.93579954966e-07, 1.00007966353e-07, 1.62927904057e-07, 3.02657809925e-08, 7.75542829956e-08, 6.55272316408e-08, 5.04105059917e-08, 1.3638385532e-08, 6.53997433986e-09, 5.49301049091e-09, 2.42691866603e-09, 4.63304977716e-10, 1.39212755906e-11]}, "erbbands": {"dmean": [0.351019442081, 3.45568609238, 5.00920438766, 4.01949310303, 8.97538757324, 9.05094242096, 4.21181917191, 5.08908987045, 9.29859256744, 8.00735187531, 13.2175397873, 14.4346046448, 15.7267913818, 17.7629623413, 16.8801498413, 14.9652137756, 16.5533065796, 11.9836158752, 13.9412136078, 6.58728408813, 5.07070159912, 5.81036043167, 4.03547477722, 4.5963344574, 4.36932277679, 4.32006120682, 3.80279064178, 2.24021792412, 1.56625056267, 1.02619147301, 0.793589830399, 0.527340650558, 0.375500708818, 0.160195976496, 0.0697497799993, 0.022663064301, 0.00469976384193, 0.0007805567584, 9.52903064899e-05, 2.66671195277e-05], "dmean2": [0.588772118092, 5.77025699615, 7.9591126442, 6.82353544235, 15.1563501358, 16.1007099152, 6.4127869606, 7.54966926575, 14.7675123215, 11.8801250458, 17.8602237701, 19.0566215515, 23.5965690613, 24.7617931366, 25.3301010132, 22.7151412964, 24.8273143768, 19.5235424042, 21.4136753082, 9.84364700317, 7.69137525558, 8.64178276062, 6.09581661224, 6.76484775543, 6.46603965759, 6.84076547623, 5.89860868454, 3.37198090553, 2.36690378189, 1.49569785595, 1.12747359276, 0.737867057323, 0.548026382923, 0.219590857625, 0.0921139270067, 0.02949286066, 0.00604178849608, 0.00105803995393, 0.000136520568049, 3.97438816435e-05], "dvar": [0.847064971924, 89.9239425659, 177.788803101, 85.7573165894, 652.241638184, 677.567504883, 83.7839431763, 131.889724731, 502.574249268, 252.57244873, 1234.60327148, 704.989074707, 2686.06030273, 1274.97070312, 1305.70678711, 1252.76867676, 1016.42999268, 677.892150879, 727.145935059, 126.205917358, 71.3708953857, 148.762908936, 54.7096862793, 83.7908401489, 88.2940750122, 137.175643921, 111.517929077, 29.715883255, 12.4542303085, 5.28117609024, 3.22533416748, 1.40658843517, 0.921689152718, 0.173628956079, 0.0480507984757, 0.00778428930789, 0.000369576446246, 1.0708247828e-05, 4.70247414341e-07, 4.26207735771e-09], "dvar2": [2.35474562645, 234.080337524, 460.209106445, 237.821472168, 1713.60925293, 1900.23156738, 176.060195923, 244.716094971, 1202.30358887, 557.326293945, 2305.1081543, 1203.78991699, 6332.10400391, 2411.76635742, 2896.20092773, 2823.28808594, 2237.62011719, 2051.05249023, 1614.93371582, 271.448944092, 154.683578491, 321.375366211, 126.556999207, 183.25730896, 190.730316162, 358.63494873, 292.107818604, 63.193561554, 28.665222168, 11.9301786423, 6.89605760574, 2.93413639069, 2.15983724594, 0.333102107048, 0.0814579203725, 0.0115663763136, 0.000547660805751, 2.01294569706e-05, 1.2021208704e-06, 9.9238608442e-09], "max": [11.0252599716, 127.17464447, 169.708602905, 118.909004211, 233.435287476, 224.024703979, 158.791290283, 269.287689209, 442.541748047, 285.502502441, 575.597473145, 506.993713379, 1513.23376465, 654.02557373, 633.310913086, 831.804931641, 542.877441406, 396.628692627, 368.9480896, 178.033996582, 99.8195724487, 180.153686523, 102.319961548, 165.101760864, 218.179397583, 190.804046631, 173.112228394, 111.475532532, 57.1411743164, 33.2060928345, 32.3277168274, 20.1670036316, 12.1053667068, 7.42277288437, 4.87937116623, 2.1626291275, 0.501033842564, 0.100226335227, 0.0292231012136, 0.0018261707155], "mean": [0.580809831619, 4.49598264694, 7.25161314011, 5.35464000702, 8.30642032623, 8.18307495117, 6.79001235962, 9.93088436127, 18.5902004242, 14.645690918, 25.1696147919, 34.0317726135, 30.468788147, 37.8714523315, 30.5139884949, 28.7147216797, 31.2870903015, 19.5498313904, 27.9446964264, 12.6890192032, 8.89810657501, 10.8201417923, 7.06994867325, 8.05700206757, 7.50680351257, 5.94658565521, 5.32038068771, 3.25569748878, 2.24058628082, 1.49953126907, 1.16788816452, 0.764204502106, 0.501150846481, 0.223221197724, 0.0999356359243, 0.032456047833, 0.00681877275929, 0.00103093811776, 0.00011983220611, 5.10011414008e-05], "median": [0.36840686202, 2.77656555176, 4.05636119843, 2.62358665466, 2.17302107811, 1.98860049248, 2.06053352356, 2.5312461853, 4.42513179779, 4.12034606934, 6.85761260986, 11.1206378937, 9.47617912292, 13.1774339676, 10.6305818558, 12.7176065445, 13.117017746, 7.9693813324, 11.0496149063, 6.3162727356, 3.9848279953, 3.14229440689, 2.64493346214, 2.49243688583, 1.91644501686, 1.40465629101, 1.36276853085, 0.62653952837, 0.559386789799, 0.358876824379, 0.259625583887, 0.138015553355, 0.0831652730703, 0.0307742971927, 0.0110954083502, 0.00322492513806, 0.000655078678392, 9.67931264313e-05, 2.30733094213e-05, 3.45531734638e-05], "min": [1.45088458892e-21, 3.51182719844e-21, 2.09526319344e-20, 4.15841271518e-20, 5.96694101942e-20, 1.31880675008e-19, 1.59022513008e-19, 3.58557644081e-19, 4.61226758874e-19, 4.81496974881e-19, 1.31163403434e-18, 3.43319803636e-18, 1.72167883772e-18, 1.28946766188e-18, 1.53687366078e-18, 2.33322773344e-18, 2.0123017149e-18, 3.44900918017e-18, 4.93583469158e-18, 5.94474936625e-18, 8.72185855321e-18, 1.35183861035e-17, 9.42347397596e-18, 7.99115284268e-18, 1.45240127352e-17, 1.55872508422e-17, 1.72593765982e-17, 2.27405483066e-17, 1.76565655673e-17, 1.38231682448e-17, 1.91490161136e-17, 1.83471174493e-17, 1.24411785702e-17, 1.52082300681e-17, 1.00547194896e-17, 5.41784524222e-18, 3.48041040379e-18, 1.3812663051e-18, 3.90991912887e-19, 3.42496135956e-20], "var": [0.765709459782, 77.7725296021, 165.692367554, 77.0945510864, 505.316650391, 480.5262146, 160.506332397, 416.143066406, 1693.18786621, 618.068969727, 3417.04663086, 3091.84204102, 5277.48388672, 3501.73925781, 2591.0769043, 2850.80883789, 2313.28662109, 1269.01403809, 2090.79711914, 296.351531982, 151.690933228, 399.457122803, 122.96938324, 174.182098389, 198.907302856, 145.009002686, 121.770446777, 57.6223907471, 19.6102142334, 8.29181861877, 5.86723852158, 2.64831495285, 1.41905534267, 0.34289586544, 0.109669648111, 0.0186653584242, 0.000856950529851, 1.88763006008e-05, 4.40039372052e-07, 5.32794031116e-09]}, "gfcc": {"mean": [-55.1683273315, 123.023773193, -117.45173645, 40.6393356323, -41.91223526, 28.3112678528, -13.9251976013, 11.0853385925, -11.4463415146, 2.58343172073, -6.03078317642, -6.05189704895, -5.84392976761], "cov": [[19680.7167969, 2196.69116211, -985.416625977, -1000.5489502, -1351.86340332, -316.627105713, -1019.41400146, -437.11239624, -702.655395508, -195.617294312, -92.7894515991, -19.797832489, 86.5889205933], [2196.69116211, 1719.40258789, -182.927932739, -473.755554199, 75.4962692261, -140.989089966, 48.583656311, -212.351119995, 34.6955032349, -137.436782837, 151.467895508, -65.71849823, 112.00818634], [-985.416625977, -182.927932739, 734.566955566, 142.238952637, 66.9313049316, 143.371566772, 33.3416023254, 17.8166122437, -25.1914844513, 8.54863262177, -4.37550449371, 21.4151725769, -13.9093132019], [-1000.5489502, -473.755554199, 142.238952637, 490.735290527, 114.392402649, 64.3280334473, 66.9728393555, 67.4485702515, 50.1389198303, 14.7885513306, -21.4265403748, -20.8317718506, -32.7829818726], [-1351.86340332, 75.4962692261, 66.9313049316, 114.392402649, 345.308105469, 67.4750595093, 126.798591614, 13.234913826, 89.9171447754, -19.0668792725, 35.5054855347, -3.41750741005, 23.8591194153], [-316.627105713, -140.989089966, 143.371566772, 64.3280334473, 67.4750595093, 182.623092651, 64.3536605835, 38.3723258972, 13.2165584564, 13.4849615097, -2.42837572098, 14.1502799988, 5.61425447464], [-1019.41400146, 48.583656311, 33.3416023254, 66.9728393555, 126.798591614, 64.3536605835, 192.932189941, 67.4354476929, 91.3630905151, 4.45544528961, 34.0136299133, -22.3613891602, 14.4051408768], [-437.11239624, -212.351119995, 17.8166122437, 67.4485702515, 13.234913826, 38.3723258972, 67.4354476929, 117.276733398, 59.9265823364, 37.6738471985, -9.27914047241, -3.48947310448, -17.9867630005], [-702.655395508, 34.6955032349, -25.1914844513, 50.1389198303, 89.9171447754, 13.2165584564, 91.3630905151, 59.9265823364, 129.32774353, 30.0617542267, 31.8444442749, -19.2197952271, -1.55917072296], [-195.617294312, -137.436782837, 8.54863262177, 14.7885513306, -19.0668792725, 13.4849615097, 4.45544528961, 37.6738471985, 30.0617542267, 81.7273101807, 31.9110984802, 14.3613557816, -20.0492687225], [-92.7894515991, 151.467895508, -4.37550449371, -21.4265403748, 35.5054855347, -2.42837572098, 34.0136299133, -9.27914047241, 31.8444442749, 31.9110984802, 86.3205490112, 15.8981809616, 14.0509128571], [-19.797832489, -65.71849823, 21.4151725769, -20.8317718506, -3.41750741005, 14.1502799988, -22.3613891602, -3.48947310448, -19.2197952271, 14.3613557816, 15.8981809616, 56.8700942993, 20.1732749939], [86.5889205933, 112.00818634, -13.9093132019, -32.7829818726, 23.8591194153, 5.61425447464, 14.4051408768, -17.9867630005, -1.55917072296, -20.0492687225, 14.0509128571, 20.1732749939, 64.3342590332]], "icov": [[0.000208184079383, -0.000667049956974, 0.000281109794741, -0.000420092139393, 0.000486934528453, -0.000598946935497, 0.0011135294335, -0.00107335567009, 0.000974921975285, -0.000469987397082, 0.000373554794351, -1.05229055407e-05, -0.000151000043843], [-0.000667049956974, 0.00466677593067, -0.00108466320671, 0.00335591170006, -0.00151332910173, 0.00228591985069, -0.00358819635585, 0.00575783848763, -0.00489490339532, 0.00581042189151, -0.00631912238896, 0.00415419507772, -0.00120702944696], [0.000281109794741, -0.00108466320671, 0.00212461967021, -0.0010851243278, 0.000505136384163, -0.00203458964825, 0.00139684788883, -0.00152156455442, 0.00216104020365, -0.000869439798407, 0.000643550127279, -0.000788032542914, 0.000556497718208], [-0.000420092139393, 0.00335591170006, -0.0010851243278, 0.0050780819729, -0.00182983488776, 0.00136101292446, -0.00225714803673, 0.00303342030384, -0.00340323429555, 0.00400990527123, -0.00404097093269, 0.00388061883859, -0.000178067144589], [0.000486934528453, -0.00151332910173, 0.000505136384163, -0.00182983488776, 0.00634900480509, -0.00242718495429, 0.000446378166089, 4.02264886361e-05, -0.00138772139326, 0.00154268636834, 0.00024542841129, -0.00220715277828, 1.02960175354e-05], [-0.000598946935497, 0.00228591985069, -0.00203458964825, 0.00136101292446, -0.00242718495429, 0.0100994268432, -0.00616790400818, 0.00262703746557, -0.00128501711879, -0.000342328159604, 0.000548576761503, -0.00152583268937, -0.00056492513977], [0.0011135294335, -0.00358819635585, 0.00139684788883, -0.00225714803673, 0.000446378166089, -0.00616790400818, 0.0195461176336, -0.0130777908489, 0.00234063062817, 0.00168421352282, -0.00444537727162, 0.00644089328125, -0.00422711158171], [-0.00107335567009, 0.00575783848763, -0.00152156455442, 0.00303342030384, 4.02264886361e-05, 0.00262703746557, -0.0130777908489, 0.027988685295, -0.0136902211234, -0.00104659609497, 0.00307595310733, -0.00222618808039, 0.00251439376734], [0.000974921975285, -0.00489490339532, 0.00216104020365, -0.00340323429555, -0.00138772139326, -0.00128501711879, 0.00234063062817, -0.0136902211234, 0.0244881045073, -0.0101506719366, 0.00132074370049, 0.00409146165475, -0.0019231075421], [-0.000469987397082, 0.00581042189151, -0.000869439798407, 0.00400990527123, 0.00154268636834, -0.000342328159604, 0.00168421352282, -0.00104659609497, -0.0101506719366, 0.0344434566796, -0.0212901234627, 0.000801394926384, 0.00604640785605], [0.000373554794351, -0.00631912238896, 0.000643550127279, -0.00404097093269, 0.00024542841129, 0.000548576761503, -0.00444537727162, 0.00307595310733, 0.00132074370049, -0.0212901234627, 0.0340313538909, -0.0145593564957, 0.000825335213449], [-1.05229055407e-05, 0.00415419507772, -0.000788032542914, 0.00388061883859, -0.00220715277828, -0.00152583268937, 0.00644089328125, -0.00222618808039, 0.00409146165475, 0.000801394926384, -0.0145593564957, 0.0371920093894, -0.0146577870473], [-0.000151000043843, -0.00120702944696, 0.000556497718208, -0.000178067144589, 1.02960175354e-05, -0.00056492513977, -0.00422711158171, 0.00251439376734, -0.0019231075421, 0.00604640785605, 0.000825335213449, -0.0146577870473, 0.0258267596364]]}, "melbands": {"dmean": [0.00362806720659, 0.00330500653945, 0.000773327366915, 0.000767150369938, 0.000157916612807, 0.000117456867883, 0.000133749344968, 8.96497949725e-05, 0.000125032689539, 8.44257083372e-05, 8.19971101009e-05, 7.94811858214e-05, 4.9976631999e-05, 4.12287881772e-05, 4.99468951602e-05, 2.1570136596e-05, 2.50937537203e-05, 2.31946232816e-05, 1.13529858936e-05, 9.62215835898e-06, 5.01939985043e-06, 6.15410044702e-06, 5.3179637689e-06, 3.91767525798e-06, 3.72895260625e-06, 3.68870951206e-06, 2.57306987805e-06, 3.09929214382e-06, 2.80374615613e-06, 1.52698567035e-06, 1.34419281039e-06, 9.52910625074e-07, 6.71026157306e-07, 5.54714006284e-07, 4.92226433835e-07, 3.79205033596e-07, 3.02696236076e-07, 2.86070559241e-07, 1.9773935378e-07, 1.18194044774e-07], "dmean2": [0.00604971777648, 0.00525182439014, 0.00129712000489, 0.00133092806209, 0.000246934359893, 0.000173174659722, 0.00021204323275, 0.000132112239953, 0.000168390470208, 0.000112150890345, 0.000123300982523, 0.000111700239358, 7.54391221562e-05, 6.21429426246e-05, 7.74483341957e-05, 3.21235347656e-05, 4.14142996306e-05, 3.61136590072e-05, 1.68925471371e-05, 1.49038387462e-05, 7.71965915192e-06, 9.17141642276e-06, 8.08747427072e-06, 6.06777985013e-06, 5.57260318601e-06, 5.50204049432e-06, 3.87313639294e-06, 5.02910825162e-06, 4.4528401304e-06, 2.37381004808e-06, 2.0271215817e-06, 1.4587762962e-06, 1.02772401078e-06, 8.31668614865e-07, 7.13334202374e-07, 5.31842317741e-07, 4.34791814996e-07, 4.22632695063e-07, 2.89431852707e-07, 1.6187333074e-07], "dvar": [9.4242823252e-05, 7.43374766898e-05, 2.85688224722e-06, 5.37825189895e-06, 1.07782540226e-07, 6.59435954731e-08, 9.40993771792e-08, 3.64488030868e-08, 1.10310580226e-07, 2.51939855644e-08, 6.85916461407e-08, 2.74685945101e-08, 1.04872350803e-08, 6.81050327245e-09, 1.09902913437e-08, 1.59874380401e-09, 3.45266593094e-09, 1.99603866768e-09, 3.70490305102e-10, 4.2373141107e-10, 6.72215824671e-11, 1.8795284773e-10, 1.79552858692e-10, 5.85182249879e-11, 5.99158014869e-11, 7.10797185e-11, 2.44268789223e-11, 8.66446220327e-11, 6.49086201454e-11, 1.36299374565e-11, 1.33589632412e-11, 4.76290881735e-12, 2.14654617865e-12, 1.83099390684e-12, 1.3910635881e-12, 6.61124475478e-13, 4.82088652852e-13, 5.43893055593e-13, 2.57761910774e-13, 1.0851887287e-13], "dvar2": [0.000255695049418, 0.000182342701009, 7.67724122852e-06, 1.46601223605e-05, 2.44098487201e-07, 1.20993504993e-07, 2.28153865578e-07, 8.039348387e-08, 2.01325519811e-07, 4.57759696815e-08, 1.59281057677e-07, 5.22096144095e-08, 2.29685941378e-08, 1.42539446912e-08, 2.60193679935e-08, 3.45405148927e-09, 1.06118438481e-08, 4.56433379981e-09, 7.23351267773e-10, 9.46429823401e-10, 1.46042095084e-10, 3.89674265078e-10, 4.15480982952e-10, 1.42819533977e-10, 1.32404961994e-10, 1.51201093312e-10, 5.50497286644e-11, 2.3025785445e-10, 1.723383658e-10, 3.30616853339e-11, 2.63208829732e-11, 1.09365060411e-11, 4.9226764158e-12, 4.37018433594e-12, 3.04138680386e-12, 1.42330049656e-12, 1.02135194833e-12, 1.27607072044e-12, 5.88305771286e-13, 2.02204599635e-13], "max": [0.115412458777, 0.116420574486, 0.0177292786539, 0.0205751135945, 0.00498779537156, 0.00604120455682, 0.00573396170512, 0.00340368924662, 0.00605441816151, 0.00277359923348, 0.00748431356624, 0.00299587007612, 0.00190710625611, 0.00132753781509, 0.00230190390721, 0.000735321838874, 0.000910297443625, 0.000578659703024, 0.000338708952768, 0.000399665528676, 9.25482745515e-05, 0.000254393060459, 0.000277329847449, 9.42387268879e-05, 0.000147918835864, 0.000197359229787, 8.50595824886e-05, 0.000166511337738, 0.00012187633547, 6.24376407359e-05, 9.75301009021e-05, 3.55185366061e-05, 2.26031170314e-05, 2.15467189264e-05, 2.52641202678e-05, 1.18609777928e-05, 1.06542156573e-05, 1.07479045255e-05, 7.0540413617e-06, 7.08949210093e-06], "mean": [0.00547108659521, 0.00473452359438, 0.00101098115556, 0.000676709343679, 0.000240225621383, 0.000228276039707, 0.000265667127678, 0.000156229172717, 0.000247474730713, 0.000195569737116, 0.000154772264068, 0.000163453092682, 8.79833169165e-05, 7.556516357e-05, 8.86239795364e-05, 4.15695030824e-05, 3.7301939301e-05, 4.41360207333e-05, 2.35644292843e-05, 1.58353541337e-05, 8.43973066367e-06, 1.09862430691e-05, 9.71384451987e-06, 5.90799299971e-06, 6.39157815385e-06, 5.84047984376e-06, 4.124651241e-06, 3.99941291107e-06, 3.75277227249e-06, 2.23737060878e-06, 1.88477542906e-06, 1.33155162985e-06, 9.76192154667e-07, 7.7031887713e-07, 7.12268843017e-07, 5.35854837835e-07, 4.28042852718e-07, 3.81572135666e-07, 2.53371212011e-07, 1.65951931308e-07], "median": [0.00382943544537, 0.00276663410477, 0.000487200915813, 0.000145751531818, 7.71927589085e-05, 5.79246370762e-05, 6.6132954089e-05, 3.97519361286e-05, 6.92113098921e-05, 6.33607705822e-05, 4.37102498836e-05, 4.87067300128e-05, 2.70945820375e-05, 2.41843263211e-05, 3.59098230547e-05, 1.51221320266e-05, 9.3265898613e-06, 1.73829612322e-05, 1.04242608359e-05, 5.07875256517e-06, 3.90021250496e-06, 3.01702038996e-06, 2.49565209742e-06, 1.44131581692e-06, 1.79753419616e-06, 1.51960273342e-06, 9.47011130847e-07, 8.3895440639e-07, 9.19134549804e-07, 4.65498601443e-07, 3.20274210708e-07, 3.11006573384e-07, 2.61115474132e-07, 1.72668151777e-07, 1.52547215748e-07, 1.0931174188e-07, 7.61158602813e-08, 6.25568077339e-08, 3.60256038334e-08, 2.1861033872e-08], "min": [1.11018943212e-23, 8.70964049401e-24, 7.75333755077e-24, 6.46916192721e-24, 6.36723557623e-24, 8.27036093235e-24, 6.44710616516e-24, 7.67714068707e-24, 9.66562631516e-24, 2.37184173577e-23, 8.17779362715e-24, 4.97443775033e-24, 5.10964417075e-24, 6.28744545111e-24, 4.93384020713e-24, 4.81760431376e-24, 6.66323590939e-24, 7.18962228106e-24, 1.05619639967e-23, 7.11100834755e-24, 1.04613258556e-23, 1.39689785157e-23, 1.03517846303e-23, 7.45943795419e-24, 6.01596212602e-24, 7.84911709757e-24, 1.41576140908e-23, 9.21712102522e-24, 1.02567095363e-23, 1.18506282388e-23, 1.47564983574e-23, 1.08109513753e-23, 8.74803750971e-24, 7.68628437382e-24, 1.11270329517e-23, 1.25593440315e-23, 9.87111353692e-24, 7.19882197694e-24, 1.24295748349e-23, 1.22831654063e-23], "var": [8.11149584479e-05, 7.39032257115e-05, 2.63759534391e-06, 3.90031300412e-06, 1.75295625127e-07, 2.09587440736e-07, 3.08643222979e-07, 8.36795237547e-08, 3.22376052964e-07, 1.02325131479e-07, 1.37429864822e-07, 7.35296339371e-08, 2.15267164094e-08, 1.62111408741e-08, 2.05869454817e-08, 3.98985733341e-09, 6.37838581952e-09, 5.12375031292e-09, 1.45511303007e-09, 9.08808139855e-10, 1.36175862253e-10, 5.22078602572e-10, 5.02195396379e-10, 9.75482056242e-11, 1.25546281704e-10, 1.45371284455e-10, 5.29955315742e-11, 8.2776334398e-11, 6.86473447531e-11, 1.90729099181e-11, 2.925129583e-11, 7.50076823569e-12, 3.31349769671e-12, 2.41147878575e-12, 2.5069505933e-12, 1.15345623677e-12, 8.68241784892e-13, 8.88252362288e-13, 3.77548253078e-13, 2.1732207776e-13]}, "mfcc": {"mean": [-690.495300293, 142.164352417, -0.845240652561, 25.3908138275, 4.50820827484, 18.9380054474, 12.7922267914, 13.137254715, 7.08041095734, 13.222530365, 4.87624359131, 4.63583230972, 1.75883305073], "cov": [[13293.671875, 1899.09838867, -78.7073898315, -348.380187988, -470.57800293, -233.610961914, -337.715606689, -363.400695801, -413.29989624, -463.593841553, -409.678955078, -177.307189941, -244.591705322], [1899.09838867, 2013.40966797, -147.481216431, -203.865844727, -76.8357925415, 9.58112239838, -7.47947120667, -25.5661659241, -113.561004639, -89.9535751343, -68.7961502075, -35.8600311279, -29.2317523956], [-78.7073898315, -147.481216431, 441.465209961, 53.3999633789, 37.9341430664, 73.805015564, 40.2512283325, 15.4686164856, -11.772767067, 12.0187444687, -4.783223629, -4.88128614426, -13.7168121338], [-348.380187988, -203.865844727, 53.3999633789, 291.919158936, 91.5287094116, 43.430393219, 31.8180541992, 38.3265380859, 27.2462711334, 32.9650611877, 28.7129020691, 24.155708313, 9.54304599762], [-470.57800293, -76.8357925415, 37.9341430664, 91.5287094116, 188.044189453, 90.4612197876, 37.3996963501, 40.9479522705, 21.1397571564, 15.259390831, 21.9652290344, 1.40576541424, 1.95999979973], [-233.610961914, 9.58112239838, 73.805015564, 43.430393219, 90.4612197876, 137.758636475, 66.710357666, 46.4976577759, 20.0316028595, 21.5920848846, 5.55906105042, 2.43623065948, 3.94656848907], [-337.715606689, -7.47947120667, 40.2512283325, 31.8180541992, 37.3996963501, 66.710357666, 107.575149536, 57.0316238403, 29.3955001831, 31.9161911011, 14.9761095047, 10.9486150742, 8.45393180847], [-363.400695801, -25.5661659241, 15.4686164856, 38.3265380859, 40.9479522705, 46.4976577759, 57.0316238403, 99.9622879028, 61.6951560974, 45.4135360718, 21.1050891876, 4.43389368057, 2.38936424255], [-413.29989624, -113.561004639, -11.772767067, 27.2462711334, 21.1397571564, 20.0316028595, 29.3955001831, 61.6951560974, 96.7270355225, 64.2762069702, 27.7928123474, 7.10398292542, 4.0773897171], [-463.593841553, -89.9535751343, 12.0187444687, 32.9650611877, 15.259390831, 21.5920848846, 31.9161911011, 45.4135360718, 64.2762069702, 103.20514679, 55.565864563, 23.4287834167, 17.2585353851], [-409.678955078, -68.7961502075, -4.783223629, 28.7129020691, 21.9652290344, 5.55906105042, 14.9761095047, 21.1050891876, 27.7928123474, 55.565864563, 77.4966812134, 46.3401145935, 28.2889328003], [-177.307189941, -35.8600311279, -4.88128614426, 24.155708313, 1.40576541424, 2.43623065948, 10.9486150742, 4.43389368057, 7.10398292542, 23.4287834167, 46.3401145935, 75.9924926758, 48.5927619934], [-244.591705322, -29.2317523956, -13.7168121338, 9.54304599762, 1.95999979973, 3.94656848907, 8.45393180847, 2.38936424255, 4.0773897171, 17.2585353851, 28.2889328003, 48.5927619934, 66.3123931885]], "icov": [[0.000122759432998, -8.59826905071e-05, -1.20913728097e-05, -4.45308614871e-05, 0.000206587152206, -8.95978810149e-05, 0.000226772361202, 7.32832995709e-05, 0.000125904218294, 7.98907785793e-05, 0.000420206895797, -0.00034918525489, 0.000434558402048], [-8.59826905071e-05, 0.00067968381336, 0.000283062458038, 0.000376333278837, 5.73692486796e-05, -0.000336555269314, -0.000128608342493, -0.000647475535516, 0.000987121136859, -0.000170914761839, -3.56895652658e-05, 7.30003521312e-05, -9.55579798756e-06], [-1.20913728097e-05, 0.000283062458038, 0.00275883520953, -0.000225185809541, 0.00032594933873, -0.0015778595116, -0.000252732512308, -0.000272273842711, 0.00167993991636, -0.00101168954279, 0.000571332348045, -0.000388875545468, 0.00101079780143], [-4.45308614871e-05, 0.000376333278837, -0.000225185809541, 0.0045614624396, -0.00217287382111, 0.000510924845003, -0.000249490374699, -0.000961986836046, 0.000577245082241, -0.000990216736682, 0.000647933338769, -0.00188099022489, 0.000723081640899], [0.000206587152206, 5.73692486796e-05, 0.00032594933873, -0.00217287382111, 0.0102185783908, -0.00670495722443, 0.00175092963036, -0.00107575906441, -0.000266853894573, 0.00341291585937, -0.00449926359579, 0.00265906075947, 0.000178986607352], [-8.95978810149e-05, -0.000336555269314, -0.0015778595116, 0.000510924845003, -0.00670495722443, 0.0160247012973, -0.00657600490376, -0.00123389600776, 0.000416925235186, -0.00237527838908, 0.00380818080157, -0.000922713254113, -0.00110733229667], [0.000226772361202, -0.000128608342493, -0.000252732512308, -0.000249490374699, 0.00175092963036, -0.00657600490376, 0.017506217584, -0.00749595183879, 0.00211839773692, -0.00158931477927, 0.00130738865118, -0.00217467150651, 0.0004604991409], [7.32832995709e-05, -0.000647475535516, -0.000272273842711, -0.000961986836046, -0.00107575906441, -0.00123389600776, -0.00749595183879, 0.023494688794, -0.0126276705414, 0.000739173032343, -0.00145164947025, 0.00152569741476, 0.000366641732398], [0.000125904218294, 0.000987121136859, 0.00167993991636, 0.000577245082241, -0.000266853894573, 0.000416925235186, 0.00211839773692, -0.0126276705414, 0.0271261930466, -0.0134514858946, 0.00446860166267, -0.00152667763177, 0.00237736059353], [7.98907785793e-05, -0.000170914761839, -0.00101168954279, -0.000990216736682, 0.00341291585937, -0.00237527838908, -0.00158931477927, 0.000739173032343, -0.0134514858946, 0.0273495484143, -0.0172965489328, 0.00563718238845, -0.0026740077883], [0.000420206895797, -3.56895652658e-05, 0.000571332348045, 0.000647933338769, -0.00449926359579, 0.00380818080157, 0.00130738865118, -0.00145164947025, 0.00446860166267, -0.0172965489328, 0.0371084697545, -0.0197696406394, 0.00423435214907], [-0.00034918525489, 7.30003521312e-05, -0.000388875545468, -0.00188099022489, 0.00265906075947, -0.000922713254113, -0.00217467150651, 0.00152569741476, -0.00152667763177, 0.00563718238845, -0.0197696406394, 0.0369879566133, -0.0209106970578], [0.000434558402048, -9.55579798756e-06, 0.00101079780143, 0.000723081640899, 0.000178986607352, -0.00110733229667, 0.0004604991409, 0.000366641732398, 0.00237736059353, -0.0026740077883, 0.00423435214907, -0.0209106970578, 0.0308389440179]]}, "spectral_contrast_coeffs": {"dmean": [0.0518874749541, 0.0441114865243, 0.0382473096251, 0.0347697399557, 0.0241597034037, 0.0156330633909], "dmean2": [0.0822151973844, 0.0712954029441, 0.0591348297894, 0.0524188764393, 0.0358565747738, 0.0246297195554], "dvar": [0.00227971957065, 0.00137933704536, 0.00111198576633, 0.0010379080195, 0.000565760477912, 0.000218016895815], "dvar2": [0.00564383435994, 0.00337507622316, 0.00260033272207, 0.00207904097624, 0.00106738670729, 0.000493551662657], "max": [-0.393308669329, -0.476830810308, -0.49592345953, -0.520626723766, -0.591274142265, -0.642102062702], "mean": [-0.708213031292, -0.735763728619, -0.731752574444, -0.741085708141, -0.783640265465, -0.763384461403], "median": [-0.717518687248, -0.736273884773, -0.728619337082, -0.742790341377, -0.795716881752, -0.765327215195], "min": [-0.956245720387, -0.956572771072, -0.973810017109, -0.965038537979, -0.960745334625, -0.956830561161], "var": [0.00500181876123, 0.00570906186476, 0.0064378073439, 0.0055289035663, 0.00354100530967, 0.00130170502234]}, "spectral_contrast_valleys": {"dmean": [0.421545088291, 0.417092293501, 0.371715635061, 0.38163253665, 0.372383803129, 0.386478662491], "dmean2": [0.634557545185, 0.636354446411, 0.540007293224, 0.52586042881, 0.495267152786, 0.44385021925], "dvar": [0.231425985694, 0.242690876126, 0.20236684382, 0.224505871534, 0.26968100667, 0.285178899765], "dvar2": [0.372741490602, 0.39982432127, 0.294347941875, 0.329485088587, 0.409303128719, 0.460640817881],