{"lowlevel": {"average_loudness": 0.306969821453, "barkbands_crest": {"dmean": 2.35379457474, "dmean2": 3.70469307899, "dvar": 4.97856616974, "dvar2": 12.6129808426, "max": 25.7398509979, "mean": 11.7550868988, "median": 10.8519611359, "min": 3.19045472145, "var": 23.7755565643}, "barkbands_flatness_db": {"dmean": 0.0204643011093, "dmean2": 0.0296375006437, "dvar": 0.000396691903006, "dvar2": 0.000826032308396, "max": 0.589658915997, "mean": 0.205802962184, "median": 0.195211499929, "min": 0.0369629748166, "var": 0.00754738971591}, "barkbands_kurtosis": {"dmean": 4.07125091553, "dmean2": 6.24455308914, "dvar": 138.672409058, "dvar2": 302.057830811, "max": 543.401611328, "mean": 9.01100921631, "median": 2.50237607956, "min": -1.8277618885, "var": 1008.81750488}, "barkbands_skewness": {"dmean": 0.524221539497, "dmean2": 0.794805824757, "dvar": 0.331353604794, "dvar2": 0.7576135993, "max": 18.0692253113, "mean": 1.79979538918, "median": 1.46164155006, "min": -2.25903820992, "var": 3.45586442947}, "barkbands_spread": {"dmean": 3.37553405762, "dmean2": 5.12151145935, "dvar": 20.0580425262, "dvar2": 44.9753723145, "max": 115.979873657, "mean": 14.79692173, "median": 11.7887887955, "min": 0.318870514631, "var": 174.700744629}, "dissonance": {"dmean": 0.0224686581641, "dmean2": 0.0378349386156, "dvar": 0.000561632507015, "dvar2": 0.00151836662553, "max": 0.499962240458, "mean": 0.446355462074, "median": 0.460042208433, "min": 0.180874124169, "var": 0.0020781387575}, "dynamic_complexity": 6.28257322311, "erbbands_crest": {"dmean": 2.56533145905, "dmean2": 4.05984735489, "dvar": 6.08874034882, "dvar2": 14.6618719101, "max": 31.5970573425, "mean": 9.80433273315, "median": 8.75429821014, "min": 2.33773946762, "var": 23.0179309845}, "erbbands_flatness_db": {"dmean": 0.0156377721578, "dmean2": 0.0217598360032, "dvar": 0.000254205282545, "dvar2": 0.000436705129687, "max": 0.481771528721, "mean": 0.218675851822, "median": 0.216448783875, "min": 0.0260437466204, "var": 0.00756908394396}, "erbbands_kurtosis": {"dmean": 0.963837325573, "dmean2": 1.51271724701, "dvar": 5.48151445389, "dvar2": 13.3394641876, "max": 100.934890747, "mean": 0.77761900425, "median": -0.12902867794, "min": -1.67455136776, "var": 24.5872745514}, "erbbands_skewness": {"dmean": 0.328610956669, "dmean2": 0.503438949585, "dvar": 0.095115147531, "dvar2": 0.224858313799, "max": 8.14382266998, "mean": 0.354764431715, "median": 0.265411615372, "min": -2.01374125481, "var": 0.677510201931}, "erbbands_spread": {"dmean": 5.35829973221, "dmean2": 8.28965377808, "dvar": 29.0150127411, "dvar2": 66.7418136597, "max": 147.700363159, "mean": 30.4433269501, "median": 27.5091819763, "min": 1.28290474415, "var": 382.734619141}, "hfc": {"dmean": 3.15048956871, "dmean2": 4.07927131653, "dvar": 46.4026832581, "dvar2": 80.4999465942, "max": 154.271652222, "mean": 10.6974887848, "median": 4.95083332062, "min": 1.19810732511e-16, "var": 226.772994995}, "melbands_crest": {"dmean": 2.84526729584, "dmean2": 4.44941949844, "dvar": 7.80070877075, "dvar2": 19.3165111542, "max": 33.0096817017, "mean": 15.7123031616, "median": 15.1269359589, "min": 1.58214318752, "var": 38.9310531616}, "melbands_flatness_db": {"dmean": 0.0236941482872, "dmean2": 0.0337381847203, "dvar": 0.000565745169297, "dvar2": 0.00117514189333, "max": 0.758989095688, "mean": 0.27332046628, "median": 0.261625766754, "min": 0.00306525081396, "var": 0.0122091984376}, "melbands_kurtosis": {"dmean": 7.678627491, "dmean2": 11.6603794098, "dvar": 391.478485107, "dvar2": 759.9375, "max": 645.732666016, "mean": 18.0131855011, "median": 5.72147512436, "min": -1.34542834759, "var": 1733.97692871}, "melbands_skewness": {"dmean": 0.650010287762, "dmean2": 0.990071058273, "dvar": 0.545614480972, "dvar2": 1.24063956738, "max": 17.6985244751, "mean": 2.68438363075, "median": 2.09423279762, "min": -1.84731268883, "var": 5.04047775269}, "melbands_spread": {"dmean": 4.14714431763, "dmean2": 6.39553403854, "dvar": 25.9735774994, "dvar2": 63.4855117798, "max": 163.941772461, "mean": 18.0797481537, "median": 12.4649486542, "min": 0.335910409689, "var": 507.251556396}, "pitch_salience": {"dmean": 0.0657219067216, "dmean2": 0.103807814419, "dvar": 0.00393837923184, "dvar2": 0.00974369607866, "max": 0.834034085274, "mean": 0.49184975028, "median": 0.507794857025, "min": 0.0963486284018, "var": 0.0216132365167}, "silence_rate_20dB": {"dmean": 0, "dmean2": 0, "dvar": 0, "dvar2": 0, "max": 1, "mean": 1, "median": 1, "min": 1, "var": 0}, "silence_rate_30dB": {"dmean": 0.0120707591996, "dmean2": 0.0241465438157, "dvar": 0.0119247492403, "dvar2": 0.0285580884665, "max": 1, "mean": 0.983146071434, "median": 1, "min": 0, "var": 0.0165691804141}, "silence_rate_60dB": {"dmean": 0.0445369407535, "dmean2": 0.089092426002, "dvar": 0.0425534062088, "dvar2": 0.0915606990457, "max": 1, "mean": 0.248647525907, "median": 0, "min": 0, "var": 0.186823502183}, "spectral_centroid": {"dmean": 156.764709473, "dmean2": 235.651153564, "dvar": 39190.9375, "dvar2": 71071.03125, "max": 11325.7431641, "mean": 1019.14147949, "median": 860.01953125, "min": 127.608085632, "var": 482441.59375}, "spectral_complexity": {"dmean": 2.12486982346, "dmean2": 3.14446306229, "dvar": 4.91973590851, "dvar2": 9.71205806732, "max": 40, "mean": 11.6776943207, "median": 11, "min": 0, "var": 55.7459945679}, "spectral_decrease": {"dmean": 1.66645020006e-09, "dmean2": 2.38109532091e-09, "dvar": 9.91656709245e-18, "dvar2": 2.19244535686e-17, "max": 6.38451952533e-18, "mean": -5.15769116305e-09, "median": -2.59135646274e-09, "min": -6.07654726537e-08, "var": 4.42246158801e-17}, "spectral_energy": {"dmean": 0.00651168962941, "dmean2": 0.00924211740494, "dvar": 0.00014821930381, "dvar2": 0.000324296765029, "max": 0.231966108084, "mean": 0.0204365793616, "median": 0.0103248246014, "min": 1.07449695283e-20, "var": 0.000683707243297}, "spectral_energyband_high": {"dmean": 8.19815832074e-05, "dmean2": 0.000112084759166, "dvar": 1.42076345355e-07, "dvar2": 2.5362174938e-07, "max": 0.00947179924697, "mean": 0.000187038356671, "median": 2.85420555883e-05, "min": 7.77909243937e-21, "var": 3.41800387105e-07}, "spectral_energyband_low": {"dmean": 0.00374562339857, "dmean2": 0.00587131874636, "dvar": 0.000117267154565, "dvar2": 0.000278620078461, "max": 0.22127379477, "mean": 0.00772085599601, "median": 0.00105507869739, "min": 8.67747374396e-23, "var": 0.000294260797091}, "spectral_energyband_middle_high": {"dmean": 0.00109436316416, "dmean2": 0.00152441451792, "dvar": 4.07375637224e-06, "dvar2": 8.60374530021e-06, "max": 0.0463491901755, "mean": 0.00315327523276, "median": 0.00139663403388, "min": 1.5835313608e-21, "var": 2.25867333938e-05}, "spectral_energyband_middle_low": {"dmean": 0.00357679859735, "dmean2": 0.00493334326893, "dvar": 3.8363814383e-05, "dvar2": 7.75291555328e-05, "max": 0.121879756451, "mean": 0.0103847160935, "median": 0.00371543364599, "min": 3.44983893765e-22, "var": 0.000243204063736}, "spectral_entropy": {"dmean": 0.138490393758, "dmean2": 0.197137489915, "dvar": 0.0217771101743, "dvar2": 0.0416557006538, "max": 9.80963802338, "mean": 7.09860563278, "median": 7.21453952789, "min": 4.05950593948, "var": 0.575115144253}, "spectral_flux": {"dmean": 0.0148259550333, "dmean2": 0.0238090790808, "dvar": 0.000493775005452, "dvar2": 0.00123160658404, "max": 0.298074096441, "mean": 0.0515513643622, "median": 0.0437527894974, "min": 1.0365794334e-10, "var": 0.00171248300467}, "spectral_kurtosis": {"dmean": 5.53527879715, "dmean2": 9.52830791473, "dvar": 78.5521316528, "dvar2": 227.42199707, "max": 217.699005127, "mean": 13.5719442368, "median": 6.07301807404, "min": -1.2111941576, "var": 465.865905762}, "spectral_rms": {"dmean": 0.000600677973125, "dmean2": 0.000819216482341, "dvar": 6.76535080402e-07, "dvar2": 1.32386696805e-06, "max": 0.015043550171, "mean": 0.00364151434042, "median": 0.00317379878834, "min": 3.23773017945e-12, "var": 6.67743643135e-06}, "spectral_rolloff": {"dmean": 292.966003418, "dmean2": 495.206115723, "dvar": 530520.375, "dvar2": 1307171.875, "max": 19121.484375, "mean": 1611.70812988, "median": 861.328125, "min": 86.1328125, "var": 11547504}, "spectral_skewness": {"dmean": 0.430139958858, "dmean2": 0.729777634144, "dvar": 0.303318589926, "dvar2": 0.886812388897, "max": 12.6930866241, "mean": 2.16026830673, "median": 1.69483232498, "min": -0.0267268326133, "var": 2.11796975136}, "spectral_spread": {"dmean": 308894.5625, "dmean2": 449693, "dvar": 363894407168, "dvar2": 475654455296, "max": 40850336, "mean": 3342437.75, "median": 2616381.25, "min": 498998.3125, "var": 5254104481790.0}, "spectral_strongpeak": {"dmean": 0.351832181215, "dmean2": 0.554671287537, "dvar": 0.426286995411, "dvar2": 0.996241927147, "max": 9.50762462616, "mean": 0.84105437994, "median": 0.419207453728, "min": 0, "var": 1.24274897575}, "zerocrossingrate": {"dmean": 0.00656451191753, "dmean2": 0.00805511604995, "dvar": 9.6012634458e-05, "dvar2": 0.00013221372501, "max": 0.5234375, "mean": 0.0568671897054, "median": 0.03515625, "min": 0.00341796875, "var": 0.00784574169666}, "barkbands": {"dmean": [3.24214738612e-06, 0.00201850710437, 0.00174395518843, 0.000923429150134, 0.00117937126197, 0.00138144765515, 0.000472551881103, 0.000529014680069, 0.000576838268898, 0.000623175583314, 0.000229433222557, 0.000243700284045, 0.00028310273774, 0.000158994444064, 0.000157692062203, 9.13932817639e-05, 0.000113002650323, 5.56265586056e-05, 4.97127512062e-05, 2.41488942265e-05, 1.95952434296e-05, 8.67675862537e-06, 4.92612252856e-06, 4.33867899119e-06, 7.02874422132e-06, 2.04193675017e-05, 2.20281435759e-05], "dmean2": [5.10952440891e-06, 0.00311006396078, 0.00282298517413, 0.00154194154311, 0.00182396848686, 0.00188750470988, 0.000676735071465, 0.000722204742488, 0.000732443353627, 0.000858906132635, 0.000351423484972, 0.000380960846087, 0.000425032892963, 0.000248836178798, 0.00025564795942, 0.000145419879118, 0.000178302230779, 8.6303021817e-05, 8.12632933958e-05, 3.7948575482e-05, 2.93391858577e-05, 1.34492720463e-05, 7.51755123929e-06, 6.04348633715e-06, 9.68502081378e-06, 2.88555220322e-05, 3.04357054119e-05], "dvar": [1.69858238586e-10, 5.5132961279e-05, 2.94778801617e-05, 6.52540211377e-06, 6.54036557535e-06, 9.98610448733e-06, 2.73972977993e-06, 2.55276290773e-06, 4.60458431917e-06, 3.12844258588e-06, 3.36430275638e-07, 2.96585966453e-07, 9.72693214862e-07, 3.81720496989e-07, 1.10657950358e-07, 4.68688021726e-08, 7.6061503762e-08, 1.41133433829e-08, 1.28722232873e-08, 3.54230800248e-09, 2.40911690597e-09, 5.18731224641e-10, 1.76925862849e-10, 2.8764718385e-10, 1.50692736067e-09, 2.21083027441e-08, 2.76887810458e-08], "dvar2": [4.25349783173e-10, 0.000127535357024, 7.75665612309e-05, 1.84839336725e-05, 1.41874024848e-05, 1.92639909073e-05, 4.76651030112e-06, 4.89007697979e-06, 5.70491283725e-06, 5.69472194911e-06, 6.96325628269e-07, 6.99319627984e-07, 2.09085806091e-06, 9.32691420985e-07, 2.64304077291e-07, 1.12556833187e-07, 1.91175686837e-07, 3.21398232472e-08, 3.5990705527e-08, 8.66461302707e-09, 5.6725455444e-09, 1.25890198266e-09, 4.4184605974e-10, 4.65988247988e-10, 2.85772250308e-09, 3.92113292946e-08, 5.29475201461e-08], "max": [0.000393638998503, 0.215823844075, 0.0803790390491, 0.0630585551262, 0.115628160536, 0.0910299196839, 0.0730384513736, 0.0391879454255, 0.0838299393654, 0.0591269917786, 0.0131424097344, 0.0139964679256, 0.0223612356931, 0.0239614788443, 0.00779841793701, 0.00512845627964, 0.00785149633884, 0.00252269231714, 0.00217097648419, 0.00165940530133, 0.00158923037816, 0.000606251705904, 0.000369499844965, 0.000529666955117, 0.00118435872719, 0.00312663218938, 0.00449903588742], "mean": [6.17380828771e-06, 0.0044096596539, 0.00259604933672, 0.00125299755018, 0.00215394375846, 0.00316196167842, 0.000930691254325, 0.00104338570964, 0.00122188508976, 0.00116435880773, 0.00038205544115, 0.000397478666855, 0.000471460982226, 0.000263834896032, 0.000248005468166, 0.000149885614519, 0.000172885891516, 9.64389546425e-05, 0.000100014302006, 5.10392710567e-05, 4.67386307719e-05, 2.2525598979e-05, 1.40861493492e-05, 1.29118916448e-05, 1.47240525621e-05, 2.57531701209e-05, 2.56763105426e-05], "median": [2.56289752087e-07, 0.00014955032384, 0.00030513672391, 0.000190862396266, 0.000661376048811, 0.00068722612923, 0.000168907630723, 0.000139817682793, 0.000152198306751, 0.000185145778232, 0.000109790911665, 0.000129380714498, 9.48636152316e-05, 6.54602263239e-05, 0.000100700752228, 5.82528155064e-05, 6.60441874061e-05, 3.75394993171e-05, 3.26788467646e-05, 1.78243972186e-05, 1.06064917418e-05, 3.24727943735e-06, 9.87452153822e-07, 3.60049540404e-07, 1.36294374897e-07, 3.35599139589e-08, 1.72692935507e-08], "min": [1.54901106002e-23, 3.86720883429e-23, 1.83907553042e-23, 3.96655292799e-23, 3.98811123435e-23, 2.45042127495e-23, 4.65428186516e-23, 1.14284311445e-22, 5.30995275732e-23, 6.23433049973e-23, 6.09311114483e-23, 1.00555910262e-22, 1.07448408872e-22, 1.60281844195e-22, 1.68217608197e-22, 1.54301849394e-22, 2.7998670291e-22, 1.88658521486e-22, 2.46639646559e-22, 2.46643155412e-22, 4.56606272971e-22, 4.26472240776e-22, 5.22249143321e-22, 1.03819709292e-21, 1.04141958341e-21, 1.72667591496e-21, 2.58761038366e-21], "var": [4.452652691e-10, 0.000149480940308, 4.78669062431e-05, 1.05727185655e-05, 2.29874385695e-05, 5.76192323933e-05, 1.06516454252e-05, 9.9803073681e-06, 2.04861735256e-05, 1.10646460598e-05, 7.65229401622e-07, 5.91006937611e-07, 2.44243869929e-06, 8.3412493268e-07, 2.28071783681e-07, 9.23430860666e-08, 1.18038485653e-07, 2.93925399575e-08, 3.22845110645e-08, 9.77500658195e-09, 9.75899361322e-09, 2.75159606211e-09, 1.40726097442e-09, 1.70496683438e-09, 3.87534582202e-09, 3.30882024002e-08, 3.92611383404e-08]}, "erbbands": {"dmean": [0.0270386189222, 0.562534093857, 1.93302226067, 2.41214179993, 3.24378490448, 3.73192477226, 8.36142349243, 12.0779237747, 9.30541419983, 7.10949468613, 11.7554197311, 14.3412590027, 19.3370189667, 12.8158712387, 9.81362819672, 11.4688577652, 13.7540254593, 8.8413772583, 7.52268314362, 6.99765062332, 5.53322219849, 4.27891969681, 3.24614357948, 2.75917410851, 2.11800384521, 1.21675729752, 1.03019893169, 0.526067972183, 0.315847337246, 0.189303398132, 0.147175684571, 0.0972076058388, 0.0784145072103, 0.0569675154984, 0.0664421245456, 0.0686218068004, 0.0342682339251, 0.0220573339611, 0.00270219985396, 0.000263293040916], "dmean2": [0.040619071573, 0.872598350048, 3.05705785751, 3.9420466423, 5.36196947098, 5.78352165222, 11.7554340363, 16.785194397, 13.0588464737, 10.2770690918, 15.7016973495, 17.891456604, 25.3866577148, 18.9090309143, 15.0344667435, 17.8706169128, 20.455286026, 13.6920928955, 11.95703125, 11.2505960464, 8.71983146667, 6.61434173584, 4.99345779419, 4.32104587555, 3.47995281219, 1.90483248234, 1.57931137085, 0.776858150959, 0.472852468491, 0.287990152836, 0.227195218205, 0.151452809572, 0.103103764355, 0.0808615610003, 0.0915795639157, 0.0936229228973, 0.0486636795104, 0.0313931591809, 0.00361582846381, 0.000357731390977], "dvar": [0.0136734861881, 4.0070104599, 35.5184783936, 46.7283210754, 63.149974823, 84.4249343872, 446.84564209, 908.28918457, 764.872497559, 887.919677734, 1474.62561035, 3174.13330078, 3995.99829102, 1501.94677734, 487.626739502, 678.069885254, 2353.00073242, 1051.50866699, 321.624328613, 289.195922852, 172.167327881, 84.8076934814, 44.6983413696, 52.8994522095, 29.7501564026, 8.04831409454, 6.89673089981, 1.42425680161, 0.608880579472, 0.292184770107, 0.165534257889, 0.127767369151, 0.105325557292, 0.0742141529918, 0.142734602094, 0.247642681003, 0.0620583631098, 0.0278173349798, 0.00038377661258, 3.61582715414e-06], "dvar2": [0.0288446284831, 9.37106323242, 88.7733078003, 130.346511841, 161.483505249, 175.470565796, 805.146911621, 1783.74499512, 1297.09863281, 2034.83300781, 2670.07543945, 3693.29174805, 6320.71044922, 3497.67529297, 1052.50817871, 1641.26977539, 5014.43798828, 2571.36230469, 743.348815918, 705.071594238, 408.338928223, 210.312133789, 108.657699585, 121.960540771, 83.7326049805, 19.1996173859, 16.8332691193, 3.17169499397, 1.44542217255, 0.698654472828, 0.404794365168, 0.309775173664, 0.17400790751, 0.142205819488, 0.271550625563, 0.434332579374, 0.114683687687, 0.0535300411284, 0.000667157524731, 7.15472242518e-06], "max": [4.41179656982, 54.0726776123, 92.6545562744, 186.411956787, 168.236465454, 501.983093262, 903.43737793, 937.29119873, 1128.40161133, 1010.79962158, 1048.43066406, 2492.43041992, 2380.36450195, 1118.78198242, 544.84185791, 715.741638184, 1179.59106445, 1193.16833496, 461.641662598, 363.253173828, 348.541931152, 236.869171143, 139.920944214, 236.192520142, 143.532531738, 113.629310608, 91.1278610229, 23.8437614441, 21.6571540833, 15.341091156, 10.4850511551, 9.57594013214, 10.9101600647, 7.18336677551, 10.7935686111, 11.9378547668, 5.76035547256, 4.69494104385, 0.453933984041, 0.0434297472239], "mean": [0.0642445236444, 1.20794153214, 3.30703735352, 3.6205971241, 4.69748735428, 6.83309459686, 16.3965358734, 27.5709991455, 20.1313667297, 13.5408821106, 23.7685146332, 30.9679851532, 38.7636680603, 24.4515361786, 17.6950531006, 19.4772834778, 23.6762275696, 15.8302173615, 12.5159187317, 11.5618114471, 9.41667842865, 7.430727005, 5.81785774231, 5.35420084, 4.33151960373, 2.6910572052, 2.26973414421, 1.36176693439, 0.842100262642, 0.503928184509, 0.413877248764, 0.277471542358, 0.210474207997, 0.143193781376, 0.117575183511, 0.0933169201016, 0.0425626598299, 0.0244612712413, 0.00335848657414, 0.000319427490467], "median": [0.00131824798882, 0.0517171770334, 0.386724412441, 0.750572800636, 1.22866308689, 2.04379415512, 3.70149254799, 5.26898479462, 4.03028964996, 2.41020154953, 3.32019281387, 3.98574781418, 5.55309677124, 5.88641643524, 7.0060377121, 6.8823299408, 5.43804216385, 4.34993648529, 4.65287971497, 4.84090042114, 3.99665951729, 3.32447576523, 2.3553276062, 1.78650689125, 1.5303478241, 0.96399140358, 0.573283314705, 0.290902256966, 0.129997104406, 0.0533742159605, 0.0257219094783, 0.0104703847319, 0.00501881819218, 0.00205598166212, 0.000753601430915, 0.000205896096304, 5.90738418396e-05, 1.36956041388e-05, 1.06792022052e-05, 1.40374831972e-05], "min": [6.34496249878e-22, 1.01496345552e-20, 2.86695242691e-20, 8.53982169129e-20, 9.90265668043e-20, 1.40458357014e-19, 1.75706642565e-19, 2.47345666416e-19, 4.15182396311e-19, 1.64904576249e-18, 2.09818829149e-18, 1.44026620306e-18, 1.89246392366e-18, 1.33825239626e-18, 3.8424123504e-18, 3.87061135107e-18, 4.6240620469e-18, 7.49141332997e-18, 6.94224150385e-18, 9.96738741492e-18, 1.03924846307e-17, 1.65838165376e-17, 1.052088705e-17, 1.1432050483e-17, 1.17302714277e-17, 1.26942395894e-17, 1.44542152351e-17, 2.0481203725e-17, 1.48400387426e-17, 1.58918485223e-17, 1.4374570977e-17, 1.77749351129e-17, 1.72167486725e-17, 1.10154260782e-17, 8.40163874012e-18, 5.17654838574e-18, 3.44834722889e-18, 1.61841350665e-18, 3.47064047018e-19, 3.65420218786e-20], "var": [0.0439264476299, 10.567522049, 71.2069168091, 75.1024017334, 105.438751221, 322.30178833, 2000.21911621, 5361.14599609, 3909.60595703, 2019.56225586, 5547.05908203, 13490.1152344, 14588.1816406, 5426.70605469, 1140.29992676, 1293.61645508, 5933.3984375, 2344.80102539, 733.783081055, 552.043701172, 319.278808594, 151.715805054, 98.68409729, 117.347351074, 69.5324249268, 24.3550567627, 23.0127773285, 8.16180706024, 3.85790228844, 1.54509627819, 1.22752773762, 0.714073479176, 0.493832230568, 0.261072784662, 0.316753685474, 0.399092316628, 0.0883776545525, 0.036756131798, 0.000609358248767, 5.17253920407e-06]}, "gfcc": {"mean": [-150.498794556, 133.362289429, -136.224868774, 9.89485740662, -44.1893157959, -12.5262374878, -26.2315788269, -9.71486186981, -21.3627262115, -7.75291061401, -10.7722463608, -4.90417194366, -3.95134091377], "cov": [[51928.7460938, 5029.12402344, -4459.91015625, 1123.72814941, -1161.88647461, 674.29284668, -230.216903687, 36.091999054, -418.938446045, -183.800506592, -110.552642822, -190.947052002, 81.9580383301], [5029.12402344, 4057.58032227, -1539.95141602, -587.639526367, 3.08960056305, -884.957946777, 119.106269836, -521.77166748, 75.3061294556, -345.63760376, 70.3145904541, -261.375244141, 181.667602539], [-4459.91015625, -1539.95141602, 2814.90478516, 652.681335449, 540.271606445, 708.764465332, 98.9517669678, 477.851043701, 91.0616836548, 262.002197266, -64.2144241333, 64.2781143188, -237.814208984], [1123.72814941, -587.639526367, 652.681335449, 1141.92919922, 293.630584717, 644.373474121, 138.966110229, 231.674560547, 81.7128982544, 97.8828125, 6.44939613342, 16.1728115082, -64.1010971069], [-1161.88647461, 3.08960056305, 540.271606445, 293.630584717, 463.203552246, 226.724746704, 163.976959229, 123.158569336, 89.0165405273, 52.6761550903, 19.9420528412, -0.470774561167, -25.3539505005], [674.29284668, -884.957946777, 708.764465332, 644.373474121, 226.724746704, 657.232421875, 100.70639801, 300.107513428, 41.8399505615, 129.873001099, -7.27587413788, 37.4455223083, -83.5918579102], [-230.216903687, 119.106269836, 98.9517669678, 138.966110229, 163.976959229, 100.70639801, 202.347106934, 67.7569122314, 87.3921203613, 33.2872314453, 25.38904953, -1.13960289955, 1.16389262676], [36.091999054, -521.77166748, 477.851043701, 231.674560547, 123.158569336, 300.107513428, 67.7569122314, 258.468902588, 66.4728622437, 118.772277832, 5.82162332535, 44.9472312927, -38.3740119934], [-418.938446045, 75.3061294556, 91.0616836548, 81.7128982544, 89.0165405273, 41.8399505615, 87.3921203613, 66.4728622437, 126.114891052, 57.4785232544, 40.097038269, 11.8786706924, 10.6781406403], [-183.800506592, -345.63760376, 262.002197266, 97.8828125, 52.6761550903, 129.873001099, 33.2872314453, 118.772277832, 57.4785232544, 141.253845215, 41.9749755859, 60.3700714111, -15.0557050705], [-110.552642822, 70.3145904541, -64.2144241333, 6.44939613342, 19.9420528412, -7.27587413788, 25.38904953, 5.82162332535, 40.097038269, 41.9749755859, 88.6496582031, 45.4500770569, 37.4696769714], [-190.947052002, -261.375244141, 64.2781143188, 16.1728115082, -0.470774561167, 37.4455223083, -1.13960289955, 44.9472312927, 11.8786706924, 60.3700714111, 45.4500770569, 106.138031006, 35.5543136597], [81.9580383301, 181.667602539, -237.814208984, -64.1010971069, -25.3539505005, -83.5918579102, 1.16389262676, -38.3740119934, 10.6781406403, -15.0557050705, 37.4696769714, 35.5543136597, 98.9903335571]], "icov": [[5.92017277086e-05, -0.000196138062165, 0.000119957512652, -6.90537126502e-05, 0.00017980337725, -0.000276414561085, 0.000102216756204, -0.00023134816729, 0.000339258171152, -0.000301127787679, 0.000310238363454, -0.000302781903883, 0.000185082550161], [-0.000196138062165, 0.00128685124218, -0.000284951151116, 0.000129641906824, -0.000913953699637, 0.00161327957176, -0.000657468219288, 0.000852246943396, -0.00145137135405, 0.00162828073371, -0.00192472722847, 0.00245031132363, -0.00108083942905], [0.000119957512652, -0.000284951151116, 0.00107169628609, -0.000217723165406, -0.00050123676192, -0.00043085947982, 0.000668807711918, -0.00112100911792, 0.000600993225817, -0.000988071784377, 0.00115310261026, -0.00101728748996, 0.00163643714041], [-6.90537126502e-05, 0.000129641906824, -0.000217723165406, 0.00242780544795, -0.00038368589594, -0.00272789830342, -5.94795665165e-06, 0.00190709927119, -0.00175193988252, 0.000620649778284, -0.000168743499671, 0.000198910274776, -0.000518338871188], [0.00017980337725, -0.000913953699637, -0.00050123676192, -0.00038368589594, 0.00500885536894, -0.00167446525302, -0.00207175314426, -0.000375506584533, 0.000531155907083, -0.000322277715895, 0.000341379578458, -0.000795469852164, -0.000126326747704], [-0.000276414561085, 0.00161327957176, -0.00043085947982, -0.00272789830342, -0.00167446525302, 0.00967564247549, -0.0016303465236, -0.00506475940347, 0.0019113215385, 0.00156844302546, -0.00304077728651, 0.00292117637582, 0.000398243049858], [0.000102216756204, -0.000657468219288, 0.000668807711918, -5.94795665165e-06, -0.00207175314426, -0.0016303465236, 0.0095887389034, -0.000842071720399, -0.00416846433654, -3.05793182633e-05, 0.000803478353191, -0.000963787431829, 0.000865346402861], [-0.00023134816729, 0.000852246943396, -0.00112100911792, 0.00190709927119, -0.000375506584533, -0.00506475940347, -0.000842071720399, 0.0151555379853, -0.00611693039536, -0.00356466439553, 0.00242723361589, -0.000213969964534, -0.00204297807068], [0.000339258171152, -0.00145137135405, 0.000600993225817, -0.00175193988252, 0.000531155907083, 0.0019113215385, -0.00416846433654, -0.00611693039536, 0.0195677578449, -0.0069947601296, -0.00239346269518, 0.00190545793157, -0.000833205762319], [-0.000301127787679, 0.00162828073371, -0.000988071784377, 0.000620649778284, -0.000322277715895, 0.00156844302546, -3.05793182633e-05, -0.00356466439553, -0.0069947601296, 0.0212147682905, -0.00838831439614, -0.00402187649161, 0.00375047489069], [0.000310238363454, -0.00192472722847, 0.00115310261026, -0.000168743499671, 0.000341379578458, -0.00304077728651, 0.000803478353191, 0.00242723361589, -0.00239346269518, -0.00838831439614, 0.0241783689708, -0.0092952772975, -0.00244349637069], [-0.000302781903883, 0.00245031132363, -0.00101728748996, 0.000198910274776, -0.000795469852164, 0.00292117637582, -0.000963787431829, -0.000213969964534, 0.00190545793157, -0.00402187649161, -0.0092952772975, 0.024050347507, -0.0103068063036], [0.000185082550161, -0.00108083942905, 0.00163643714041, -0.000518338871188, -0.000126326747704, 0.000398243049858, 0.000865346402861, -0.00204297807068, -0.000833205762319, 0.00375047489069, -0.00244349637069, -0.0103068063036, 0.020316939801]]}, "melbands": {"dmean": [0.000412474008044, 0.000921247410588, 0.000429169507697, 0.000237022948568, 0.000264956674073, 0.000267119554337, 0.000133777459268, 8.27531257528e-05, 9.34106428758e-05, 9.22197577893e-05, 9.57591328188e-05, 5.38641215826e-05, 3.33817806677e-05, 3.11453768518e-05, 2.81155971606e-05, 2.49662025453e-05, 1.75801142177e-05, 1.21112061606e-05, 9.01656676433e-06, 8.61809621711e-06, 7.31972249923e-06, 5.23430753674e-06, 3.9336955524e-06, 3.054391982e-06, 2.32824436353e-06, 2.04990192287e-06, 9.64444325291e-07, 8.3571109144e-07, 7.3905289355e-07, 5.07138622652e-07, 3.35622189596e-07, 2.12636976471e-07, 1.45914256677e-07, 1.03657598061e-07, 9.66658646462e-08, 7.51144142441e-08, 6.60425953924e-08, 6.13126260873e-08, 5.48827081559e-08, 5.06158244207e-08], "dmean2": [0.000635843607597, 0.00145248183981, 0.000698026211467, 0.0003807580797, 0.000372489535948, 0.000368693639757, 0.000188217585674, 0.00011749794794, 0.000123360950965, 0.000116180162877, 0.000126751328935, 8.02414506325e-05, 5.11487014592e-05, 4.82502109662e-05, 4.29584106314e-05, 3.74391165678e-05, 2.74957292277e-05, 1.92161132873e-05, 1.45137373693e-05, 1.39251696964e-05, 1.15421098599e-05, 8.25702773e-06, 6.17371324552e-06, 4.74716671306e-06, 3.71060423277e-06, 3.44528211826e-06, 1.55249199452e-06, 1.31312697249e-06, 1.15515751986e-06, 7.9839225009e-07, 5.25996142642e-07, 3.33676609898e-07, 2.24998274234e-07, 1.61645914432e-07, 1.5204911108e-07, 1.21786356999e-07, 1.05131810813e-07, 8.28431581112e-08, 8.12966902686e-08, 7.32560394567e-08], "dvar": [2.62986372945e-06, 7.94525931269e-06, 1.19538935905e-06, 2.52510915288e-07, 4.25188886766e-07, 4.24731979365e-07, 1.63151810284e-07, 9.62912949376e-08, 9.08587693971e-08, 1.29723147779e-07, 9.79902523568e-08, 2.90661219537e-08, 6.90198609377e-09, 4.35130731447e-09, 6.76365541352e-09, 7.93339083316e-09, 5.25875787361e-09, 8.21334833478e-10, 3.33949951026e-10, 4.00865757255e-10, 3.52613438448e-10, 1.69923852766e-10, 8.60791715684e-11, 5.14763995318e-11, 4.61444112088e-11, 2.84854084764e-11, 7.92563931151e-12, 3.85468566788e-12, 4.14035299101e-12, 1.78708111677e-12, 6.66311298671e-13, 3.22759288914e-13, 1.640250571e-13, 8.69943223361e-14, 7.33150858274e-14, 6.00192096543e-14, 6.9893316666e-14, 6.63566424031e-14, 5.58476740331e-14, 5.58897647943e-14], "dvar2": [5.98758197157e-06, 1.90820301214e-05, 3.28439318764e-06, 6.30471674867e-07, 7.62182480685e-07, 8.30851604405e-07, 2.76973423752e-07, 2.18680199282e-07, 1.57187713512e-07, 1.57730511319e-07, 1.55764368515e-07, 6.80051286395e-08, 1.46164600423e-08, 1.00011234849e-08, 1.50448915548e-08, 1.69891318791e-08, 1.2910254199e-08, 1.93143745442e-09, 8.06035904688e-10, 9.91494442104e-10, 8.47430681183e-10, 4.24214247063e-10, 2.17943968428e-10, 1.20186138819e-10, 1.08477525573e-10, 8.3321266553e-11, 1.98544704982e-11, 9.12916183621e-12, 9.36474595786e-12, 4.61907248561e-12, 1.6738718701e-12, 8.43755458297e-13, 3.90070110544e-13, 2.2461237514e-13, 1.83511314326e-13, 1.62788524522e-13, 1.67838684032e-13, 1.09293555651e-13, 1.11822626625e-13, 1.12535198174e-13], "max": [0.0548964031041, 0.0456800125539, 0.0258153323084, 0.0145994769409, 0.0250578504056, 0.0181131605059, 0.0171141531318, 0.0099372677505, 0.00795052479953, 0.0166376698762, 0.0117744021118, 0.00490787019953, 0.00182051176671, 0.00153564615175, 0.00182329118252, 0.00272745941766, 0.00274059455842, 0.000658888602629, 0.000338595273206, 0.000381131161703, 0.000441047799541, 0.000380435492843, 0.000186132660019, 0.000147441154695, 0.00021317032224, 0.000133056411869, 0.000103306374513, 8.54933969094e-05, 9.17941288208e-05, 3.03469660139e-05, 1.58495240612e-05, 1.78943519131e-05, 1.11278586701e-05, 6.71980888001e-06, 6.3034831328e-06, 5.8891801018e-06, 7.19259514881e-06, 9.10134622245e-06, 6.38495839667e-06, 6.19389811618e-06], "mean": [0.000937136239372, 0.00175599614158, 0.000669181055855, 0.000386532134144, 0.000534399703611, 0.000619094003923, 0.000282828579657, 0.000158423456014, 0.000189957019757, 0.000194964202819, 0.000188862919458, 9.82475467026e-05, 5.68684990867e-05, 5.19710338267e-05, 4.80209928355e-05, 4.24658319389e-05, 2.89662693831e-05, 1.93961859623e-05, 1.49549059643e-05, 1.36698154165e-05, 1.13282330858e-05, 8.3872491814e-06, 6.07555602983e-06, 5.01991871715e-06, 4.12752979173e-06, 3.85121757063e-06, 1.94971471501e-06, 1.68036581272e-06, 1.4960576209e-06, 1.03892409697e-06, 7.48487593683e-07, 5.11062296482e-07, 3.39559193208e-07, 2.47551298571e-07, 2.43922301024e-07, 1.89323486666e-07, 1.68480141838e-07, 1.51465798126e-07, 1.32455596713e-07, 1.16913270176e-07], "median": [2.6052699468e-05, 0.000176630215719, 0.000150509848027, 0.000117080540804, 0.000126140570501, 0.000123294375953, 5.47791023564e-05, 2.41430316237e-05, 2.56926068687e-05, 2.36727755691e-05, 2.59924618149e-05, 2.08972651308e-05, 1.89241291082e-05, 1.78713453352e-05, 1.46192733155e-05, 8.96974961506e-06, 6.52832704873e-06, 6.4406481215e-06, 6.46533953841e-06, 5.09674373461e-06, 3.78873392037e-06, 3.41720624419e-06, 2.07989819501e-06, 1.80749225365e-06, 1.17064553251e-06, 1.21129608033e-06, 7.33082742954e-07, 5.48868456463e-07, 3.54886196874e-07, 2.35550032812e-07, 1.38648744041e-07, 7.44739168113e-08, 4.25503756674e-08, 2.16638120776e-08, 1.5134078879e-08, 8.66719140902e-09, 4.93871965546e-09, 3.44463479962e-09, 2.34624453199e-09, 1.37706412939e-09], "min": [8.75447461469e-24, 1.46807582441e-23, 1.5158607582e-23, 7.25074559058e-24, 7.51961541949e-24, 5.25897790669e-24, 7.45593304519e-24, 2.06589418214e-23, 1.59263143932e-23, 8.31909360363e-24, 9.38500640307e-24, 5.13162025784e-24, 1.0575687021e-23, 1.44662322541e-23, 5.27869035742e-24, 1.40982633517e-23, 1.36761817467e-23, 1.12108667778e-23, 1.383382771e-23, 1.02893265681e-23, 1.3122414013e-23, 2.0217624632e-23, 7.37157068227e-24, 1.06795949906e-23, 8.84212337215e-24, 9.38293327661e-24, 6.04200597438e-24, 9.77240179413e-24, 7.78618808544e-24, 1.19443788354e-23, 1.1667838123e-23, 8.57378050233e-24, 8.10604672782e-24, 9.74035195327e-24, 8.43610455284e-24, 8.84030978093e-24, 1.15475605008e-23, 1.27742565633e-23, 1.0811367105e-23, 8.07877896177e-24], "var": [7.51942798161e-06, 1.80259539775e-05, 2.09065638046e-06, 5.81664096444e-07, 1.97800181923e-06, 2.50571429206e-06, 7.97268683073e-07, 2.47467966119e-07, 3.47473616102e-07, 5.4347015066e-07, 3.56931707302e-07, 1.02768680676e-07, 1.53910981737e-08, 9.50922096621e-09, 1.55184114448e-08, 2.0970663428e-08, 1.1247064613e-08, 1.84470427822e-09, 6.92253920853e-10, 7.97440280476e-10, 5.96145466325e-10, 2.71524192019e-10, 1.43767428518e-10, 9.12726560998e-11, 9.30969537571e-11, 6.22615778378e-11, 1.73190576463e-11, 1.0588262038e-11, 1.22319671753e-11, 4.88433078705e-12, 2.74625851573e-12, 1.47373812372e-12, 7.03857111484e-13, 3.92758742196e-13, 4.22191117786e-13, 3.1441835897e-13, 2.99744143352e-13, 2.78406475391e-13, 1.9516032128e-13, 1.87492477598e-13]}, "mfcc": {"mean": [-754.369262695, 154.688873291, -25.5958976746, 17.4669761658, -5.02882242203, -0.877503275871, -2.50410676003, -4.52649974823, -4.37663793564, -6.18879938126, -7.53652667999, -3.85613512993, -3.0417740345], "cov": [[20415.0625, 3461.16650391, -1030.87109375, 1321.85681152, -98.0602645874, 581.209289551, 327.768280029, 283.082122803, 70.9730606079, 121.854309082, -30.7594146729, 9.51691436768, -116.192131042], [3461.16650391, 2928.32788086, -674.89440918, 80.606048584, -191.807601929, -156.540100098, -95.4014129639, -168.999176025, -73.1001663208, -136.600250244, -122.817024231, -68.0395050049, -49.2340431213], [-1030.87109375, -674.89440918, 1053.78405762, 90.0858764648, 369.884918213, 181.52520752, 191.033248901, 190.227554321, 147.264770508, 167.909072876, 147.882568359, 94.4670639038, 51.9533882141], [1321.85681152, 80.606048584, 90.0858764648, 633.231079102, 279.633056641, 334.566131592, 243.975234985, 191.936248779, 148.066955566, 129.800308228, 101.64402771, 69.217956543, 50.2042045593], [-98.0602645874, -191.807601929, 369.884918213, 279.633056641, 397.099334717, 248.239822388, 220.605072021, 170.518417358, 138.735122681, 132.277938843, 102.717704773, 70.7325439453, 51.3227653503], [581.209289551, -156.540100098, 181.52520752, 334.566131592, 248.239822388, 310.287811279, 208.580032349, 175.442504883, 114.896789551, 119.399765015, 91.9791107178, 57.1348075867, 38.1325683594], [327.768280029, -95.4014129639, 191.033248901, 243.975234985, 220.605072021, 208.580032349, 245.772186279, 148.604034424, 116.492027283, 105.541946411, 87.8876800537, 56.9723396301, 32.9042167664], [283.082122803, -168.999176025, 190.227554321, 191.936248779, 170.518417358, 175.442504883, 148.604034424, 181.330657959, 108.089851379, 103.421485901, 71.3794250488, 44.4470596313, 31.0552425385], [70.9730606079, -73.1001663208, 147.264770508, 148.066955566, 138.735122681, 114.896789551, 116.492027283, 108.089851379, 143.411712646, 94.3054046631, 74.70362854, 47.8091773987, 29.2602005005], [121.854309082, -136.600250244, 167.909072876, 129.800308228, 132.277938843, 119.399765015, 105.541946411, 103.421485901, 94.3054046631, 136.678939819, 90.902923584, 47.6225852966, 25.9013900757], [-30.7594146729, -122.817024231, 147.882568359, 101.64402771, 102.717704773, 91.9791107178, 87.8876800537, 71.3794250488, 74.70362854, 90.902923584, 120.069091797, 65.6229324341, 34.208732605], [9.51691436768, -68.0395050049, 94.4670639038, 69.217956543, 70.7325439453, 57.1348075867, 56.9723396301, 44.4470596313, 47.8091773987, 47.6225852966, 65.6229324341, 92.7524719238, 51.0325889587], [-116.192131042, -49.2340431213, 51.9533882141, 50.2042045593, 51.3227653503, 38.1325683594, 32.9042167664, 31.0552425385, 29.2602005005, 25.9013900757, 34.208732605, 51.0325889587, 84.9516525269]], "icov": [[8.48009367473e-05, -9.69861794147e-05, 6.33746867607e-06, -0.000147233105963, 0.000212613696931, -0.000149937244714, -1.69159284269e-05, -0.000163114251336, 0.000148873790749, -0.000154100533109, 0.000137117080158, -0.000150767315063, 0.000179009599378], [-9.69861794147e-05, 0.000548160285689, 0.000229575845879, -0.000114594695333, -0.000350584392436, 0.000568656250834, -0.000152545107994, 0.000488694640808, -0.000352183938958, 0.000256248982623, 1.60808067449e-05, 0.000129367181216, -9.16731296456e-05], [6.33746867607e-06, 0.000229575845879, 0.0018874250818, 0.00058600254124, -0.00180885964073, 0.000594398879912, 8.63891254994e-05, -0.000891602830961, 9.4806549896e-05, -0.000325265806168, -0.000746370234992, -0.000340402271831, 0.000331156072207], [-0.000147233105963, -0.000114594695333, 0.00058600254124, 0.00457573495805, -0.00100551056676, -0.0036435299553, -0.000336230383255, 0.000120021039038, -0.0012628340628, 0.000485377968289, -0.000378593511414, 8.69971627253e-05, -0.000613832089584], [0.000212613696931, -0.000350584392436, -0.00180885964073, -0.00100551056676, 0.00863960385323, -0.00327744544484, -0.00256567355245, 0.000376119860448, -0.00106385245454, -0.00116034166422, 0.00150314799976, -0.000351606198819, -0.000777898996603], [-0.000149937244714, 0.000568656250834, 0.000594398879912, -0.0036435299553, -0.00327744544484, 0.0149833457544, -0.00359128718264, -0.00506641948596, 0.00253977300599, -0.000967245374341, -0.00128324748948, 0.00052767759189, 3.16056502925e-05], [-1.69159284269e-05, -0.000152545107994, 8.63891254994e-05, -0.000336230383255, -0.00256567355245, -0.00359128718264, 0.0127512821928, -0.0028110856656, -0.00221369392239, 0.000745215802453, -0.00170641415752, -0.00086221867241, 0.0010254427325], [-0.000163114251336, 0.000488694640808, -0.000891602830961, 0.000120021039038, 0.000376119860448, -0.00506641948596, -0.0028110856656, 0.0185355842113, -0.00546685094014, -0.00408877665177, 0.00252383830957, 0.000821242399979, -0.00148573529441], [0.000148873790749, -0.000352183938958, 9.4806549896e-05, -0.0012628340628, -0.00106385245454, 0.00253977300599, -0.00221369392239, -0.00546685094014, 0.0177027825266, -0.00528693618253, -0.00182101037353, -0.00139689806383, 0.000133398585604], [-0.000154100533109, 0.000256248982623, -0.000325265806168, 0.000485377968289, -0.00116034166422, -0.000967245374341, 0.000745215802453, -0.00408877665177, -0.00528693618253, 0.0223090369254, -0.0109494123608, 0.00191465625539, 0.000469110033009], [0.000137117080158, 1.60808067449e-05, -0.000746370234992, -0.000378593511414, 0.00150314799976, -0.00128324748948, -0.00170641415752, 0.00252383830957, -0.00182101037353, -0.0109494123608, 0.0238524414599, -0.0102243702859, 0.00078594282968], [-0.000150767315063, 0.000129367181216, -0.000340402271831, 8.69971627253e-05, -0.000351606198819, 0.00052767759189, -0.00086221867241, 0.000821242399979, -0.00139689806383, 0.00191465625539, -0.0102243702859, 0.0238923840225, -0.0103033557534], [0.000179009599378, -9.16731296456e-05, 0.000331156072207, -0.000613832089584, -0.000777898996603, 3.16056502925e-05, 0.0010254427325, -0.00148573529441, 0.000133398585604, 0.000469110033009, 0.00078594282968, -0.0103033557534, 0.018409088254]]}, "spectral_contrast_coeffs": {"dmean": [0.0461888723075, 0.0425174124539, 0.0354291051626, 0.0285901464522, 0.0196641869843, 0.0164289753884], "dmean2": [0.0757282227278, 0.0678468644619, 0.0568076521158, 0.0465307831764, 0.032164722681, 0.0263180416077], "dvar": [0.0015284861438, 0.00122543424368, 0.000896438199561, 0.000574649311602, 0.000308137154207, 0.000280409789411], "dvar2": [0.0040447358042, 0.00312885222957, 0.00226715789177, 0.00149768707342, 0.000774472777266, 0.000651104492135], "max": [-0.221020385623, -0.319958686829, -0.453118979931, -0.568237066269, -0.610910773277, -0.600044369698], "mean": [-0.604273378849, -0.704083561897, -0.75681656599, -0.783666074276, -0.798897325993, -0.747761666775], "median": [-0.605435609818, -0.704018831253, -0.761737346649, -0.786775827408, -0.800589084625, -0.730265259743], "min": [-0.945745825768, -0.965458452702, -0.96674734354, -0.955147624016, -0.960299611092, -0.961015462875], "var": [0.0140057364479, 0.00989761669189, 0.00765089783818, 0.00481584249064, 0.00311928172596, 0.00445570843294]}, "spectral_contrast_valleys": {"dmean": [0.431198626757, 0.331980288029, 0.292601197958, 0.251848816872, 0.226586505771, 0.300451010466], "dmean2": [0.712066709995, 0.535004973412, 0.463925987482, 0.382797271013, 0.302378416061, 0.359309256077], "dvar": [0.181411221623, 0.114130966365, 0.10230242461, 0.0964479744434, 0.097602263093, 0.138462141156], "dvar2": [0.397091716528, 0.225802481174, 0.186516046524, 0.15938462317, 0.136811316013, 0.202