{"lowlevel": {"average_loudness": 0.703114390373, "barkbands_crest": {"dmean": 1.7406733036, "dmean2": 2.81409144402, "dvar": 3.53011846542, "dvar2": 8.95892620087, "max": 26.2097587585, "mean": 12.1103076935, "median": 11.2742404938, "min": 3.85940885544, "var": 17.1128349304}, "barkbands_flatness_db": {"dmean": 0.0153132369742, "dmean2": 0.0241484288126, "dvar": 0.000270815537078, "dvar2": 0.000629793095868, "max": 0.512072205544, "mean": 0.338490694761, "median": 0.339952588081, "min": 0.065981850028, "var": 0.00189196527936}, "barkbands_kurtosis": {"dmean": 1.79517734051, "dmean2": 2.76326370239, "dvar": 13.615231514, "dvar2": 28.6484241486, "max": 127.383758545, "mean": 5.21309518814, "median": 2.5721218586, "min": -1.93505644798, "var": 97.2990493774}, "barkbands_skewness": {"dmean": 0.315060675144, "dmean2": 0.496014237404, "dvar": 0.145496711135, "dvar2": 0.342111080885, "max": 8.60467433929, "mean": 1.23156487942, "median": 1.15681242943, "min": -10.6012649536, "var": 1.33813178539}, "barkbands_spread": {"dmean": 0.856720685959, "dmean2": 1.34171760082, "dvar": 2.26817274094, "dvar2": 3.5516974926, "max": 131.740280151, "mean": 5.14391899109, "median": 4.5963435173, "min": 0.321107923985, "var": 28.3525886536}, "dissonance": {"dmean": 0.0354848355055, "dmean2": 0.0607061050832, "dvar": 0.00122273829766, "dvar2": 0.00333604286425, "max": 0.498999714851, "mean": 0.381051391363, "median": 0.387541264296, "min": 0.13095612824, "var": 0.00395601661876}, "dynamic_complexity": 5.04522418976, "erbbands_crest": {"dmean": 2.18452119827, "dmean2": 3.60925459862, "dvar": 6.19967031479, "dvar2": 17.7734088898, "max": 33.4547958374, "mean": 13.578040123, "median": 12.2345314026, "min": 2.5699224472, "var": 32.5587844849}, "erbbands_flatness_db": {"dmean": 0.0130966603756, "dmean2": 0.0205975566059, "dvar": 0.000226187607041, "dvar2": 0.000532899051905, "max": 0.530067145824, "mean": 0.355627775192, "median": 0.355810552835, "min": 0.0257543791085, "var": 0.0023681926541}, "erbbands_kurtosis": {"dmean": 1.27007138729, "dmean2": 1.92286384106, "dvar": 8.05999660492, "dvar2": 15.8011713028, "max": 102.058532715, "mean": 2.68333649635, "median": 0.787840723991, "min": -1.67361199856, "var": 37.3965873718}, "erbbands_skewness": {"dmean": 0.275140911341, "dmean2": 0.429240584373, "dvar": 0.112473152578, "dvar2": 0.252132594585, "max": 7.09208965302, "mean": 0.784411072731, "median": 0.672672986984, "min": -6.17662858963, "var": 1.05183720589}, "erbbands_spread": {"dmean": 1.78143393993, "dmean2": 2.87412905693, "dvar": 5.0664935112, "dvar2": 11.8542690277, "max": 152.707000732, "mean": 11.829996109, "median": 11.0867614746, "min": 0.495425313711, "var": 63.1155357361}, "hfc": {"dmean": 2.47975730896, "dmean2": 3.6949095726, "dvar": 37.5821228027, "dvar2": 82.0263519287, "max": 164.030914307, "mean": 10.0647058487, "median": 7.08012485504, "min": 1.15450948053e-16, "var": 125.278900146}, "melbands_crest": {"dmean": 2.0231294632, "dmean2": 3.31886219978, "dvar": 4.72073078156, "dvar2": 12.0939025879, "max": 33.3904495239, "mean": 14.7865581512, "median": 13.8567333221, "min": 2.10592246056, "var": 25.3952980042}, "melbands_flatness_db": {"dmean": 0.0166654046625, "dmean2": 0.025798432529, "dvar": 0.000355938886059, "dvar2": 0.000796182081103, "max": 0.614589929581, "mean": 0.4476352036, "median": 0.449596405029, "min": 0.00645960774273, "var": 0.00320339971222}, "melbands_kurtosis": {"dmean": 2.09205985069, "dmean2": 3.26484012604, "dvar": 16.4182796478, "dvar2": 33.5468101501, "max": 202.234573364, "mean": 6.43976354599, "median": 3.56422805786, "min": -1.91112589836, "var": 132.034469604}, "melbands_skewness": {"dmean": 0.339190632105, "dmean2": 0.542912185192, "dvar": 0.157419741154, "dvar2": 0.389374166727, "max": 11.9306306839, "mean": 1.43219923973, "median": 1.35392260551, "min": -3.77084851265, "var": 1.31430900097}, "melbands_spread": {"dmean": 1.18374359608, "dmean2": 1.86188864708, "dvar": 3.59476304054, "dvar2": 7.33089637756, "max": 183.20880127, "mean": 7.17175149918, "median": 6.51743984222, "min": 0.552440404892, "var": 36.1326599121}, "pitch_salience": {"dmean": 0.050123386085, "dmean2": 0.0818735584617, "dvar": 0.00283102761023, "dvar2": 0.00721165072173, "max": 0.835899591446, "mean": 0.501939713955, "median": 0.510111927986, "min": 0.066983602941, "var": 0.0145136052743}, "silence_rate_20dB": {"dmean": 0, "dmean2": 0, "dvar": 0, "dvar2": 0, "max": 1, "mean": 1, "median": 1, "min": 1, "var": 0}, "silence_rate_30dB": {"dmean": 0.00387634453364, "dmean2": 0.00775344064459, "dvar": 0.00386150390841, "dvar2": 0.00905088614672, "max": 1, "mean": 0.996027112007, "median": 1, "min": 0, "var": 0.00395686971024}, "silence_rate_60dB": {"dmean": 0.0122104855254, "dmean2": 0.0244233384728, "dvar": 0.0120627796277, "dvar2": 0.027316544205, "max": 1, "mean": 0.146899223328, "median": 0, "min": 0, "var": 0.125323802233}, "spectral_centroid": {"dmean": 31.7095985413, "dmean2": 48.7818450928, "dvar": 7944.09228516, "dvar2": 10827.6269531, "max": 11006.0087891, "mean": 460.706970215, "median": 448.861328125, "min": 154.637466431, "var": 42470.671875}, "spectral_complexity": {"dmean": 1.13945150375, "dmean2": 1.87710797787, "dvar": 1.76156747341, "dvar2": 3.85961842537, "max": 28, "mean": 10.4819765091, "median": 11, "min": 0, "var": 19.9857254028}, "spectral_decrease": {"dmean": 1.32568767075e-09, "dmean2": 2.04356487288e-09, "dvar": 5.90397804745e-18, "dvar2": 1.34902098503e-17, "max": 4.48460746891e-16, "mean": -5.74493785876e-09, "median": -4.59531612762e-09, "min": -4.41417356001e-08, "var": 2.65801569283e-17}, "spectral_energy": {"dmean": 0.00521844811738, "dmean2": 0.00803440157324, "dvar": 9.34472918743e-05, "dvar2": 0.000212645230931, "max": 0.180216565728, "mean": 0.0225955974311, "median": 0.0179834216833, "min": 1.12802652446e-20, "var": 0.000415969581809}, "spectral_energyband_high": {"dmean": 9.1999407914e-07, "dmean2": 1.26192423977e-06, "dvar": 3.16509943254e-11, "dvar2": 7.21358597855e-11, "max": 0.000194401916815, "mean": 1.5878023305e-06, "median": 1.97286652792e-07, "min": 8.2111594079e-21, "var": 4.60960783433e-11}, "spectral_energyband_low": {"dmean": 0.00147047650535, "dmean2": 0.00235493085347, "dvar": 1.44145924423e-05, "dvar2": 3.92449073843e-05, "max": 0.0897198244929, "mean": 0.00451208092272, "median": 0.00161848496646, "min": 8.95867678204e-23, "var": 4.83532930957e-05}, "spectral_energyband_middle_high": {"dmean": 0.00075504911365, "dmean2": 0.0010859684553, "dvar": 1.83540232683e-05, "dvar2": 4.05715691159e-05, "max": 0.149121016264, "mean": 0.0023379707709, "median": 0.00109971594065, "min": 1.90160421773e-21, "var": 3.99993587052e-05}, "spectral_energyband_middle_low": {"dmean": 0.00420922227204, "dmean2": 0.00647268816829, "dvar": 6.30251888651e-05, "dvar2": 0.000140542673762, "max": 0.154597997665, "mean": 0.0172373782843, "median": 0.0126362089068, "min": 2.55318201989e-22, "var": 0.000289028976113}, "spectral_entropy": {"dmean": 0.125543743372, "dmean2": 0.201482474804, "dvar": 0.0265777651221, "dvar2": 0.0620074346662, "max": 9.79175281525, "mean": 5.70472812653, "median": 5.70350837708, "min": 3.75174689293, "var": 0.165033891797}, "spectral_flux": {"dmean": 0.0159530043602, "dmean2": 0.0251488126814, "dvar": 0.000782036222517, "dvar2": 0.00183841586113, "max": 0.356412053108, "mean": 0.0391787737608, "median": 0.0284822322428, "min": 1.06208590533e-10, "var": 0.00132388109341}, "spectral_kurtosis": {"dmean": 26.8909473419, "dmean2": 46.8532600403, "dvar": 558.870483398, "dvar2": 1537.01855469, "max": 250.059188843, "mean": 91.4412155151, "median": 88.7606277466, "min": -1.23674178123, "var": 2130.76000977}, "spectral_rms": {"dmean": 0.000470538565423, "dmean2": 0.000721692456864, "dvar": 4.93789229949e-07, "dvar2": 1.05759215785e-06, "max": 0.0132597526535, "mean": 0.00417860457674, "median": 0.00418865168467, "min": 3.31739908981e-12, "var": 4.58378690382e-06}, "spectral_rolloff": {"dmean": 57.738067627, "dmean2": 100.810531616, "dvar": 49481.2890625, "dvar2": 85329.5234375, "max": 19767.4804688, "mean": 626.488891602, "median": 538.330078125, "min": 86.1328125, "var": 1207416.75}, "spectral_skewness": {"dmean": 1.46583294868, "dmean2": 2.58340525627, "dvar": 1.45580410957, "dvar2": 4.15547180176, "max": 12.792930603, "mean": 6.71775150299, "median": 6.67338085175, "min": 0.012861661613, "var": 5.12878036499}, "spectral_spread": {"dmean": 260984.375, "dmean2": 461186.5, "dvar": 130816991232, "dvar2": 245091663872, "max": 41625024, "mean": 1111882.5, "median": 934067.9375, "min": 291200.3125, "var": 1434350256130.0}, "spectral_strongpeak": {"dmean": 0.355526357889, "dmean2": 0.566565096378, "dvar": 0.398577034473, "dvar2": 0.839816331863, "max": 11.7975616455, "mean": 1.27925026417, "median": 0.80367743969, "min": 0, "var": 1.68745934963}, "zerocrossingrate": {"dmean": 0.00208310945891, "dmean2": 0.00259790429845, "dvar": 2.40898571064e-05, "dvar2": 1.65391047631e-05, "max": 0.81005859375, "mean": 0.023674543947, "median": 0.021484375, "min": 0.005859375, "var": 0.00120401405729}, "barkbands": {"dmean": [1.02840488125e-06, 7.07518920535e-05, 0.00113490095828, 0.00053134834161, 0.000848772993777, 0.000983046251349, 0.00161328224931, 0.00142542901449, 0.000375134288333, 0.000367530563381, 0.000288601877401, 0.000119493037346, 9.20642196434e-05, 9.13619442144e-05, 2.81418433588e-05, 1.66543995874e-05, 1.52857573994e-05, 1.06544057417e-05, 2.99924522551e-06, 5.99703753323e-07, 4.87498937218e-07, 1.36972829523e-07, 2.27881038484e-08, 1.26831585234e-08, 7.22325621538e-09, 4.86084461571e-09, 2.71057687407e-09], "dmean2": [1.67584971678e-06, 0.000114301983558, 0.0018537332071, 0.00084084412083, 0.00130323425401, 0.00152992701624, 0.00262211309746, 0.00208752835169, 0.000557408086024, 0.000542781315744, 0.000404419843107, 0.000184846954653, 0.00014822416415, 0.000124231039081, 4.375790013e-05, 2.55976592598e-05, 2.20139827434e-05, 1.52134907694e-05, 4.84666907141e-06, 8.73945850799e-07, 6.62163358811e-07, 1.94154168298e-07, 3.44891972759e-08, 2.00331502498e-08, 1.0912884818e-08, 7.59434026776e-09, 4.53078019547e-09], "dvar": [6.36896525102e-12, 2.58490615579e-08, 9.61287423706e-06, 1.26997429106e-06, 2.497656169e-06, 4.89563171868e-06, 1.34700576382e-05, 3.09622482746e-05, 2.36194500758e-06, 4.71198154628e-06, 9.06030072656e-06, 7.41040310004e-07, 1.2927458215e-07, 9.38147763918e-08, 8.77756356488e-09, 3.65978314321e-09, 4.21163726116e-09, 3.07025005419e-09, 5.07496877855e-10, 1.9877407012e-11, 1.46397095835e-11, 1.0547446163e-12, 1.20135758641e-14, 6.09152849622e-15, 8.76495453077e-16, 2.24515850018e-16, 3.8481490961e-17], "dvar2": [1.53963421873e-11, 6.16258333253e-08, 2.80109161395e-05, 2.89431432066e-06, 5.63877620152e-06, 1.07097284854e-05, 3.08786184178e-05, 6.71576854074e-05, 4.801850082e-06, 9.69703432929e-06, 2.01950570045e-05, 1.78575260179e-06, 3.62493295825e-07, 1.4607357457e-07, 1.97517824319e-08, 8.67585026043e-09, 8.66993143944e-09, 6.31686880581e-09, 1.37628564101e-09, 3.97767201121e-11, 3.27362477404e-11, 2.06380247093e-12, 2.57133944264e-14, 1.68612733232e-14, 2.27392749778e-15, 5.4108777014e-16, 9.59284929798e-17], "max": [6.67547938065e-05, 0.00432033883408, 0.0737755969167, 0.0278028640896, 0.0347040891647, 0.0603894367814, 0.0959118381143, 0.127108722925, 0.0484411530197, 0.10818195343, 0.136577770114, 0.033169567585, 0.0144703127444, 0.0177628193051, 0.00246762786992, 0.0023621248547, 0.00170980510302, 0.00200633285567, 0.000757912232075, 0.00033141579479, 0.000166013589478, 5.45926668565e-05, 4.96293341712e-06, 3.56576629201e-06, 1.26383292809e-06, 2.86290685381e-07, 1.2952845907e-07], "mean": [1.41088548844e-06, 0.000165917750564, 0.00311068538576, 0.00154866580851, 0.0026011953596, 0.00332237919793, 0.00425237603486, 0.0037197668571, 0.00133995525539, 0.000981305260211, 0.000678698183037, 0.000254038313869, 0.000216807267861, 0.000248023105087, 6.22011648375e-05, 3.01587024296e-05, 3.25049622916e-05, 2.2906162485e-05, 4.48111040896e-06, 1.14895715342e-06, 7.5367432828e-07, 2.07001903618e-07, 3.57483713742e-08, 1.77217156505e-08, 1.08796509579e-08, 7.30031590734e-09, 6.25474516625e-09], "median": [4.62872151274e-07, 3.7605255784e-05, 0.00085985113401, 0.000707344268449, 0.00098136626184, 0.00142776547, 0.00141517119482, 0.000485608674353, 0.000274270598311, 0.000308410322759, 0.000151458953042, 7.20688694855e-05, 7.12122564437e-05, 6.10099596088e-05, 1.60168601724e-05, 6.63431728753e-06, 4.51240521215e-06, 1.4592660591e-06, 5.54058829039e-07, 1.51104273982e-07, 3.91531003174e-08, 1.9184238198e-08, 9.35034805138e-09, 4.86506079866e-09, 3.64557073418e-09, 3.72076192079e-09, 5.22119858459e-09], "min": [1.57474338721e-23, 6.4473810043e-23, 5.22408777214e-24, 5.24224853347e-24, 5.92575146389e-23, 1.96434017351e-23, 3.10501174321e-23, 9.58738630172e-23, 2.14025773309e-23, 4.80612591427e-23, 1.25950112729e-22, 1.61627022433e-22, 7.41103897108e-23, 1.70853224036e-22, 1.08359966047e-22, 2.48607179252e-22, 1.53231358834e-22, 1.60155639072e-22, 3.07988841665e-22, 7.53708707926e-22, 5.42974399946e-22, 7.357163684e-22, 8.16001052509e-22, 7.8221251173e-22, 1.3566031647e-21, 1.59519388042e-21, 2.13770531368e-21], "var": [1.15324277905e-11, 1.08159163403e-07, 2.75606216746e-05, 5.24388951817e-06, 1.41534910654e-05, 2.2417789296e-05, 6.86380881234e-05, 9.79891847237e-05, 1.41693235491e-05, 1.36998478411e-05, 1.74288015842e-05, 1.10756275262e-06, 2.09731197742e-07, 3.60096720442e-07, 1.77643819654e-08, 6.04318683983e-09, 9.28987464732e-09, 7.47892414665e-09, 4.53105553078e-10, 3.02434050026e-11, 2.11336486505e-11, 2.23324939271e-12, 1.91547556354e-14, 4.67995444237e-15, 7.98315264958e-16, 2.22460603981e-16, 3.72300063989e-17]}, "erbbands": {"dmean": [0.000680008670315, 0.0364039056003, 0.87540268898, 1.90413486958, 1.9504853487, 2.91949391365, 4.8290605545, 9.05602645874, 21.6773071289, 30.9965019226, 20.7739334106, 8.5367937088, 11.4223070145, 7.70054197311, 10.871307373, 4.70663928986, 4.1348862648, 4.88574361801, 1.778424263, 1.80079221725, 0.735422849655, 0.683081030846, 0.721211969852, 0.268963009119, 0.0503830499947, 0.0246194619685, 0.0269893687218, 0.0132384719327, 0.00634180940688, 0.00133880833164, 0.000608453818131, 0.000331129995175, 0.000164263692568, 9.491264791e-05, 4.91713581141e-05, 2.32813363255e-05, 9.15139662538e-06, 2.55486929746e-06, 2.5880517569e-06, 5.85610450798e-06], "dmean2": [0.00110136554576, 0.0592515841126, 1.43278694153, 2.99803447723, 3.02786064148, 4.57738494873, 7.5000743866, 14.3118276596, 37.0340003967, 45.8602523804, 30.46002388, 12.6150016785, 16.9240169525, 11.9702730179, 14.6065359116, 6.93811273575, 6.56373262405, 6.81682348251, 2.52263188362, 2.7583668232, 1.07713890076, 0.988252222538, 1.03527712822, 0.414941102266, 0.0773861184716, 0.0365176573396, 0.0379863381386, 0.0177955906838, 0.0088896015659, 0.00200747861527, 0.000930275477003, 0.000531390251126, 0.000252489786362, 0.00014495117648, 7.45481520426e-05, 3.57776116289e-05, 1.41968075695e-05, 4.03816557082e-06, 3.9672904677e-06, 9.00171471585e-06], "dvar": [1.73913940671e-06, 0.00728027988225, 5.37675285339, 22.5945606232, 15.8587417603, 35.9714889526, 130.636489868, 437.758361816, 2047.82653809, 14071.7089844, 5564.81201172, 999.935180664, 2966.17626953, 2741.40991211, 17874.5800781, 817.925109863, 262.055938721, 222.63973999, 22.9855937958, 45.557346344, 5.7993927002, 8.09064769745, 14.6666965485, 2.94873118401, 0.0738800391555, 0.0256660729647, 0.0390542335808, 0.00912986509502, 0.0024816498626, 6.68214415782e-05, 7.52128562453e-06, 4.68316920887e-06, 7.36892161513e-07, 2.99511583535e-07, 2.85320229665e-08, 5.43043787715e-09, 6.71239064332e-10, 4.84108239607e-11, 2.22663970595e-11, 1.20747425947e-10], "dvar2": [4.66040364699e-06, 0.0195566583425, 15.9221115112, 54.0308456421, 33.768409729, 85.816192627, 301.445739746, 979.195861816, 6034.04882812, 31594.6074219, 11881.0976562, 2210.34667969, 6876.90380859, 7018.95263672, 37227.3125, 1933.37451172, 686.65032959, 363.00592041, 42.1977043152, 106.430755615, 12.7339553833, 16.9424304962, 30.6873569489, 7.64486122131, 0.176210939884, 0.0545085594058, 0.0926057323813, 0.0187637526542, 0.00455910945311, 0.000154216555529, 1.87916066352e-05, 1.29247791847e-05, 2.01276907319e-06, 8.33456169858e-07, 7.09544636379e-08, 1.31964448258e-08, 1.62449664831e-09, 1.16432738451e-10, 4.99574027979e-11, 2.73407574358e-10], "max": [0.0242990925908, 1.93721687794, 55.2702331543, 126.223556519, 105.564842224, 142.168136597, 292.137786865, 507.786437988, 686.939086914, 2956.58081055, 1595.90026855, 1169.44055176, 2120.62695312, 1927.5793457, 6532.47998047, 1023.97808838, 741.401733398, 834.815124512, 211.966293335, 201.968536377, 58.2325668335, 77.979385376, 142.877349854, 54.9230308533, 9.55742073059, 9.944439888, 10.0857191086, 3.45081496239, 2.66946005821, 0.383585512638, 0.101360447705, 0.0954126268625, 0.0433838330209, 0.0326304808259, 0.00525752268732, 0.0021543703042, 0.000378447119147, 0.000122574390844, 9.34556519496e-05, 0.000210907150176], "mean": [0.00173874676693, 0.0922313928604, 2.27524852753, 6.29198551178, 6.14023733139, 8.24898052216, 13.7689619064, 28.9858379364, 53.1567764282, 90.8973846436, 62.4092788696, 30.3108711243, 31.5174388885, 19.9693069458, 25.0250358582, 10.7483940125, 9.97130680084, 13.8466482162, 5.00729179382, 3.66280436516, 1.6123636961, 1.48888993263, 1.58747518063, 0.434149652719, 0.0988492295146, 0.0503971762955, 0.0417646467686, 0.021151015535, 0.0100924139842, 0.00213024276309, 0.000928460329305, 0.000473319203593, 0.000253344274824, 0.000155232410179, 8.29543423606e-05, 4.30332111137e-05, 1.98114139494e-05, 5.32089052285e-06, 1.1699251445e-05, 2.54326951108e-05], "median": [0.00095875893021, 0.0397028326988, 0.716009199619, 2.65175843239, 2.26809406281, 3.36058306694, 4.89166927338, 12.5255889893, 24.4357948303, 12.8472805023, 12.3500766754, 8.66921615601, 12.0346565247, 7.08666944504, 5.25932025909, 3.44482040405, 3.94668340683, 4.54631996155, 1.97477459908, 0.887033462524, 0.419680476189, 0.278020888567, 0.135400876403, 0.0597560480237, 0.017719078809, 0.00745222251862, 0.00277470005676, 0.00156932859682, 0.000844838912599, 0.000450613937574, 0.000266616611043, 0.000142227159813, 8.57460836414e-05, 5.77936407353e-05, 3.71680471289e-05, 2.36118248722e-05, 1.26848808577e-05, 3.41605027643e-06, 9.58374221227e-06, 2.020921238e-05], "min": [2.47541169423e-21, 1.16018123206e-20, 8.99116649174e-21, 1.95648813605e-20, 6.3993063869e-20, 1.79526278291e-19, 2.92448102906e-19, 1.74227902124e-19, 3.14573168039e-19, 1.24993039315e-18, 1.57820146534e-18, 6.24055866588e-19, 1.4153607254e-18, 1.86014804508e-18, 7.2268156228e-18, 5.99788207213e-18, 3.62729824184e-18, 6.84265350759e-18, 7.36519053157e-18, 8.12488809539e-18, 1.29820049712e-17, 9.8665350731e-18, 9.15792087519e-18, 1.26521054905e-17, 2.01299878e-17, 3.5523403755e-17, 2.6375074039e-17, 2.10881938216e-17, 2.00116927006e-17, 3.30755050072e-17, 1.88475997702e-17, 1.62855219738e-17, 1.28877146531e-17, 1.31992838114e-17, 1.1027621202e-17, 4.94572859889e-18, 3.41650821993e-18, 1.16398911924e-18, 2.67569224266e-19, 3.52428022485e-20], "var": [5.72429917156e-06, 0.0272732321173, 15.4762153625, 91.2080078125, 105.978729248, 136.26512146, 572.141967773, 1877.35693359, 5419.76074219, 56931.6210938, 22180.0410156, 4700.46533203, 7050.57910156, 5018.23388672, 36188.2734375, 1427.72631836, 448.974761963, 844.385070801, 77.2503356934, 79.3776626587, 11.5956554413, 17.7535057068, 35.934928894, 3.0615477562, 0.114959277213, 0.0385899432003, 0.0501631684601, 0.0147812021896, 0.00553300231695, 9.99151016003e-05, 8.08427739685e-06, 3.68117844118e-06, 5.72138276311e-07, 2.161752235e-07, 2.92821304981e-08, 5.57357315856e-09, 7.14938053203e-10, 5.04229887011e-11, 9.67364244264e-11, 5.3056409266e-10]}, "gfcc": {"mean": [-191.280303955, 230.11869812, -111.876976013, -46.6346702576, -33.3838310242, -22.8373737335, -31.4775218964, -16.1197795868, -12.3005037308, -13.4982118607, -10.4270296097, -16.3685112, -11.8895225525], "cov": [[10722.5332031, 1856.18432617, -3503.22753906, 167.14541626, 594.755187988, -831.455749512, 194.854171753, -180.004699707, 320.399810791, -31.4284267426, 217.668380737, -210.199432373, -17.8264541626], [1856.18432617, 1022.13153076, -346.000610352, -263.043670654, 252.682144165, -74.9947814941, -31.7822971344, -89.4164123535, 14.4068470001, -49.87915802, 28.8892459869, -52.8047370911, 9.52143859863], [-3503.22753906, -346.000610352, 1664.25756836, -40.7888755798, -204.197555542, 486.639984131, -99.4664764404, 21.5506649017, -158.923080444, -21.7828102112, -126.652534485, 49.71434021, -1.6964045763], [167.14541626, -263.043670654, -40.7888755798, 393.423431396, 30.6368083954, -5.16879987717, 101.303993225, 2.36469650269, 4.5984210968, -12.6756753922, -35.9179801941, -20.3046207428, -0.946484744549], [594.755187988, 252.682144165, -204.197555542, 30.6368083954, 225.753417969, -37.3087501526, 8.21625518799, -8.47179031372, 24.1261177063, -19.1176700592, 22.3168125153, -11.3862762451, 3.49486422539], [-831.455749512, -74.9947814941, 486.639984131, -5.16879987717, -37.3087501526, 311.783843994, -3.11540842056, -24.5696659088, -62.4960441589, -21.0253982544, -60.8781967163, 34.0577507019, 19.5068016052], [194.854171753, -31.7822971344, -99.4664764404, 101.303993225, 8.21625518799, -3.11540842056, 164.981018066, 22.8867950439, -9.1271276474, -17.133644104, -18.2579097748, -42.1319618225, -15.6236209869], [-180.004699707, -89.4164123535, 21.5506649017, 2.36469650269, -8.47179031372, -24.5696659088, 22.8867950439, 122.151489258, 33.653465271, 11.6586351395, 18.6957302094, -19.5171546936, -42.3654136658], [320.399810791, 14.4068470001, -158.923080444, 4.5984210968, 24.1261177063, -62.4960441589, -9.1271276474, 33.653465271, 97.7379379272, 44.8794555664, 30.5800495148, -9.34797668457, -18.4917545319], [-31.4284267426, -49.87915802, -21.7828102112, -12.6756753922, -19.1176700592, -21.0253982544, -17.133644104, 11.6586351395, 44.8794555664, 93.2727355957, 45.2561607361, 1.30681335926, -16.0624847412], [217.668380737, 28.8892459869, -126.652534485, -35.9179801941, 22.3168125153, -60.8781967163, -18.2579097748, 18.6957302094, 30.5800495148, 45.2561607361, 88.5109634399, 15.2699766159, -22.9780445099], [-210.199432373, -52.8047370911, 49.71434021, -20.3046207428, -11.3862762451, 34.0577507019, -42.1319618225, -19.5171546936, -9.34797668457, 1.30681335926, 15.2699766159, 97.3215408325, 43.7138824463], [-17.8264541626, 9.52143859863, -1.6964045763, -0.946484744549, 3.49486422539, 19.5068016052, -15.6236209869, -42.3654136658, -18.4917545319, -16.0624847412, -22.9780445099, 43.7138824463, 83.3134918213]], "icov": [[0.00116537697613, -0.002463653218, 0.00264838989824, -0.00240049976856, 0.00214892602526, -0.00161342066713, 0.0012779738754, -0.000637726683635, -1.72309300979e-05, 7.6045980677e-05, -0.000516058295034, 0.000475909328088, 0.000379353557946], [-0.002463653218, 0.00777386920527, -0.00559697300196, 0.00721921445802, -0.00722939055413, 0.00354529102333, -0.00322091043927, 0.00353235239163, -0.000832020596135, 0.00123110658024, 0.000577027385589, 0.000731090724003, -0.000953909009695], [0.00264838989824, -0.00559697300196, 0.00768452789634, -0.00566084962338, 0.00552002666518, -0.00572471180931, 0.00435722945258, -0.00280589144677, 0.00199778401293, -0.000864937843289, 0.000163838878507, 0.00101451552473, 0.00158712081611], [-0.00240049976856, 0.00721921445802, -0.00566084962338, 0.0099939275533, -0.00732199708, 0.00400718394667, -0.00528748612851, 0.00355982570909, -0.00131921016145, 0.000450481427833, 0.0024446581956, -0.000436818663729, -0.000455364468507], [0.00214892602526, -0.00722939055413, 0.00552002666518, -0.00732199708, 0.0125668607652, -0.00427830219269, 0.00354105164297, -0.00297983782366, -0.000844337395392, 0.0019035267178, -0.00368730840273, 0.000916802557185, -0.000379861216061], [-0.00161342066713, 0.00354529102333, -0.00572471180931, 0.00400718394667, -0.00427830219269, 0.00943794194609, -0.00381896295585, 0.00254087429494, 0.000168065773323, -0.000921561673749, 0.00360340974294, -0.0034616580233, 0.000393906608224], [0.0012779738754, -0.00322091043927, 0.00435722945258, -0.00528748612851, 0.00354105164297, -0.00381896295585, 0.0112383197993, -0.00395106058568, 0.00315684499219, -0.000108151398308, 2.87117418338e-05, 0.00368749187328, 0.000267127412371], [-0.000637726683635, 0.00353235239163, -0.00280589144677, 0.00355982570909, -0.00297983782366, 0.00254087429494, -0.00395106058568, 0.014531658031, -0.00637417053804, 0.00380976730958, -0.00235823611729, 0.000602275365964, 0.00397506821901], [-1.72309300979e-05, -0.000832020596135, 0.00199778401293, -0.00131921016145, -0.000844337395392, 0.000168065773323, 0.00315684499219, -0.00637417053804, 0.0202227476984, -0.0102039147168, 0.00379888806492, -0.00109138002153, 0.00160547858104], [7.6045980677e-05, 0.00123110658024, -0.000864937843289, 0.000450481427833, 0.0019035267178, -0.000921561673749, -0.000108151398308, 0.00380976730958, -0.0102039147168, 0.0214011725038, -0.0121306702495, 0.00401980429888, -0.00167755561415], [-0.000516058295034, 0.000577027385589, 0.000163838878507, 0.0024446581956, -0.00368730840273, 0.00360340974294, 2.87117418338e-05, -0.00235823611729, 0.00379888806492, -0.0121306702495, 0.0265789609402, -0.010310488753, 0.00921673234552], [0.000475909328088, 0.000731090724003, 0.00101451552473, -0.000436818663729, 0.000916802557185, -0.0034616580233, 0.00368749187328, 0.000602275365964, -0.00109138002153, 0.00401980429888, -0.010310488753, 0.0206887796521, -0.0113623319194], [0.000379353557946, -0.000953909009695, 0.00158712081611, -0.000455364468507, -0.000379861216061, 0.000393906608224, 0.000267127412371, 0.00397506821901, 0.00160547858104, -0.00167755561415, 0.00921673234552, -0.0113623319194, 0.0227519646287]]}, "melbands": {"dmean": [1.08153435576e-05, 0.000327919871779, 0.000306398491375, 0.000169512917637, 0.000165010103956, 0.000234170845943, 0.000311532639898, 0.000344252301147, 0.000153978835442, 4.92386352562e-05, 5.87776121392e-05, 3.21489096677e-05, 3.77865617338e-05, 1.52685861394e-05, 1.28395822685e-05, 9.24709729588e-06, 9.91069009615e-06, 3.56724399353e-06, 2.54817950918e-06, 1.81658015208e-06, 8.48811396281e-07, 8.90742569482e-07, 5.87298075061e-07, 4.7683261073e-07, 2.29379992334e-07, 3.55916043304e-08, 2.70524385115e-08, 1.46988865524e-08, 2.01263965494e-08, 1.04749604546e-08, 7.37343652801e-09, 4.40539560387e-09, 1.29910282531e-09, 5.78444181443e-10, 4.09335232376e-10, 2.18867243773e-10, 1.92435956059e-10, 1.17059847926e-10, 9.83403358745e-11, 7.76727779317e-11], "dmean2": [1.74495908141e-05, 0.000536589941476, 0.000483824231196, 0.000260948640062, 0.000256292230915, 0.000378140161047, 0.000515430117957, 0.000506186741404, 0.000224532675929, 7.42064439692e-05, 8.67141061462e-05, 4.97130749864e-05, 5.20414578205e-05, 2.13960811379e-05, 1.92809002328e-05, 1.5152351807e-05, 1.34857818921e-05, 4.95729045724e-06, 3.93225764128e-06, 2.8199310691e-06, 1.24070538732e-06, 1.27771147618e-06, 8.69536563641e-07, 6.81526273638e-07, 3.622710949e-07, 5.72234668539e-08, 4.01264053096e-08, 2.19155502634e-08, 2.90063653097e-08, 1.48980925374e-08, 1.0082987778e-08, 6.05885430716e-09, 2.00070737755e-09, 8.69553540284e-10, 6.33053331978e-10, 3.50386386572e-10, 3.10936193459e-10, 1.80245554593e-10, 1.54578433387e-10, 1.20009377436e-10], "dvar": [5.36062583212e-10, 7.577039014e-07, 4.71404547397e-07, 1.2026987406e-07, 1.22829206362e-07, 2.62662723571e-07, 4.11494227137e-07, 1.83665599707e-06, 3.27798233002e-07, 3.96963422133e-08, 8.63158362563e-08, 5.22460616992e-08, 1.92922200881e-07, 3.25918954047e-08, 6.75957956275e-09, 9.30203858385e-10, 1.12922271533e-09, 1.06117226117e-10, 8.34310814879e-11, 4.68044769608e-11, 9.07091676078e-12, 1.56038116456e-11, 8.50400999619e-12, 5.26645784274e-12, 2.94936926444e-12, 2.75539817742e-14, 5.70999614236e-14, 8.87379244114e-15, 2.34406203757e-14, 6.42494649877e-15, 3.08873041788e-15, 1.39411024618e-15, 1.04420772517e-16, 1.12192756412e-17, 3.7732381309e-18, 1.60729795697e-18, 1.67503794869e-18, 2.91465489886e-19, 7.87621113348e-19, 1.75103731296e-19], "dvar2": [1.27677790562e-09, 2.23190340876e-06, 1.15104558063e-06, 2.62567311893e-07, 2.83551315761e-07, 6.21211597718e-07, 1.08783171981e-06, 4.08529649576e-06, 6.88711054408e-07, 9.0579227674e-08, 1.92038640989e-07, 1.24162738757e-07, 4.27032517791e-07, 6.88447840957e-08, 1.66024154424e-08, 2.37827224581e-09, 1.7846840672e-09, 1.84384868485e-10, 1.83431742018e-10, 1.11373257838e-10, 1.92024712103e-11, 3.2140623496e-11, 1.86175484751e-11, 1.06469858971e-11, 7.81964770713e-12, 7.02756605621e-14, 1.13484105468e-13, 2.26218224247e-14, 5.7393719226e-14, 1.4537890748e-14, 6.12200474166e-15, 2.42411279208e-15, 2.63539504931e-16, 2.17277979954e-17, 9.514879088e-18, 4.48291153359e-18, 4.60365756914e-18, 7.70340276376e-19, 2.27946450914e-18, 4.84686428227e-19], "max": [0.000583356071729, 0.0207733921707, 0.0175351053476, 0.00945763941854, 0.00851132255048, 0.0113974604756, 0.0116838235408, 0.0298615768552, 0.0132893715054, 0.00813414435834, 0.0123534025624, 0.00985357072204, 0.0206761676818, 0.0095977447927, 0.00444970233366, 0.000913372845389, 0.00193443102762, 0.000519137363881, 0.000269041105639, 0.000236162217334, 7.18822411727e-05, 0.000106697392766, 0.000105048820842, 7.72459607106e-05, 5.73487996007e-05, 5.57753583053e-06, 2.04663410841e-05, 4.43247881776e-06, 7.88793204265e-06, 2.79348773802e-06, 2.03394529308e-06, 2.23729512072e-06, 4.16902992129e-07, 1.86757034726e-07, 5.67372673288e-08, 6.17192768004e-08, 4.73563304126e-08, 2.29422738585e-08, 6.20784064154e-08, 1.99666789769e-08], "mean": [2.55763679888e-05, 0.00087141507538, 0.00101990508847, 0.000548168143723, 0.000454607768916, 0.000711261003744, 0.000817662978079, 0.00098268315196, 0.000477790512377, 0.000165948775248, 0.00015864839952, 8.25366441859e-05, 8.69934810908e-05, 3.45901025867e-05, 2.69365082204e-05, 2.18799577851e-05, 2.74402773357e-05, 9.48548677115e-06, 5.49251535631e-06, 3.22393839269e-06, 1.85275473541e-06, 1.8903332375e-06, 1.27637395053e-06, 9.8199200238e-07, 3.27631880737e-07, 6.82833416477e-08, 5.06789454846e-08, 2.82900902704e-08, 2.95099678027e-08, 1.58839235098e-08, 1.17060965366e-08, 6.81863188134e-09, 1.73518244218e-09, 9.13099207356e-10, 5.74237601914e-10, 3.1795496791e-10, 2.53749493639e-10, 1.67650351934e-10, 1.40502803836e-10, 1.12845732758e-10], "median": [7.49119499233e-06, 0.000275355996564, 0.000529046636075, 0.000189627346117, 0.000180352973985, 0.000319422106259, 0.000340571481502, 0.000114948583359, 8.33918093122e-05, 4.4368331146e-05, 5.59588115721e-05, 2.5254139473e-05, 1.7913254851e-05, 8.18463013275e-06, 6.73115528116e-06, 6.83874168317e-06, 7.16794056643e-06, 2.95209838441e-06, 1.3102860521e-06, 6.42852342025e-07, 3.97375714556e-07, 2.61108880295e-07, 1.33490175358e-07, 6.56346870187e-08, 3.65947130376e-08, 1.06666311339e-08, 6.64478605472e-09, 3.75377151585e-09, 1.5920179619e-09, 9.06439701076e-10, 7.26928295336e-10, 4.40973091376e-10, 2.73457978484e-10, 2.00684746599e-10, 1.51395090908e-10, 8.98947444261e-11, 6.61939530966e-11, 4.79406375709e-11, 4.02375979758e-11, 3.54417294124e-11], "min": [2.10437986581e-23, 9.06455453729e-24, 3.1748359913e-24, 9.68881488147e-24, 1.06637309978e-23, 3.42546282013e-24, 5.37761706481e-24, 1.70064022343e-23, 1.15459251921e-23, 3.30174004512e-24, 7.11957616584e-24, 6.36951577867e-24, 1.91304812191e-23, 2.40306800585e-23, 5.62292361848e-24, 1.00860852333e-23, 1.33671328653e-23, 1.23419876086e-23, 1.05165587407e-23, 1.41370863523e-23, 1.47230664322e-23, 1.06327263976e-23, 7.85484265002e-24, 8.21225738238e-24, 9.90808429211e-24, 1.28275023079e-23, 1.88029950806e-23, 2.50549007702e-23, 1.74448416591e-23, 1.29627627653e-23, 1.15832272689e-23, 9.95960953099e-24, 1.73983335755e-23, 1.9968038508e-23, 1.24175423395e-23, 8.4090363686e-24, 1.06948271058e-23, 9.30089884222e-24, 9.26311082714e-24, 1.14605286326e-23], "var": [2.18274442965e-09, 2.18912964556e-06, 1.84941427506e-06, 8.18294495275e-07, 5.15160138548e-07, 1.03692843823e-06, 1.45198725932e-06, 6.72037594995e-06, 1.46863533246e-06, 1.59012202516e-07, 2.20593548761e-07, 1.17734089145e-07, 3.74780370294e-07, 6.19155215986e-08, 1.15607017293e-08, 2.11757389401e-09, 4.26616431071e-09, 3.74906966583e-10, 1.72781788876e-10, 7.51269116361e-11, 1.97360357224e-11, 3.42649034146e-11, 1.96681525233e-11, 1.24700865953e-11, 2.75974208763e-12, 5.03159153069e-14, 8.32546650977e-14, 1.07471701284e-14, 2.73562724258e-14, 9.49862747051e-15, 5.09781951217e-15, 3.38718162981e-15, 1.16362712846e-16, 2.26773599796e-17, 3.72112988821e-18, 1.29126946805e-18, 1.29429756947e-18, 2.48974152397e-19, 4.66953226857e-19, 1.30787116388e-19]}, "mfcc": {"mean": [-819.369018555, 248.976531982, -0.0322319120169, -17.8079166412, 2.89065337181, -9.83276748657, -12.8846549988, -10.3956642151, -8.12748813629, -5.76438093185, -2.1996743679, -4.65929937363, -9.56436538696], "cov": [[6074.234375, 2395.40234375, -2381.68041992, 57.1052856445, 207.059921265, -407.99887085, -156.830718994, -89.1840438843, 9.68864345551, -35.2483291626, 116.14163208, 164.014389038, -9.76270294189], [2395.40234375, 1576.42993164, -551.984863281, -278.831878662, 146.142807007, -77.2020950317, -81.103553772, -39.701789856, -52.5915260315, -14.8545265198, 18.9868450165, 9.24421787262, -13.9077692032], [-2381.68041992, -551.984863281, 1348.96582031, -106.024421692, -101.101005554, 284.475646973, 91.3434829712, 20.5034179688, -17.0436058044, 9.5707950592, -76.5562820435, -114.788291931, -29.0146007538], [57.1052856445, -278.831878662, -106.024421692, 324.106323242, 32.6053771973, -30.6919879913, 44.9051475525, 12.1363782883, 40.995765686, 13.2116298676, 12.4014234543, 20.4288215637, -15.6369152069], [207.059921265, 146.142807007, -101.101005554, 32.6053771973, 196.062606812, 22.627872467, -22.0271816254, 30.7239017487, 2.52021598816, -4.32137489319, 3.03165483475, -1.69939029217, 4.95221328735], [-407.99887085, -77.2020950317, 284.475646973, -30.6919879913, 22.627872467, 219.8334198, 70.3502731323, 5.02442646027, 32.6206474304, -24.5965824127, -48.0485153198, -42.9130516052, -18.5241012573], [-156.830718994, -81.103553772, 91.3434829712, 44.9051475525, -22.0271816254, 70.3502731323, 128.536117554, 49.5567245483, 13.3763446808, 16.0133075714, -17.6408004761, -16.6079826355, -4.58459424973], [-89.1840438843, -39.701789856, 20.5034179688, 12.1363782883, 30.7239017487, 5.02442646027, 49.5567245483, 101.999809265, 30.3358631134, -9.17212295532, 0.127446651459, -8.1991186142, -2.87444400787], [9.68864345551, -52.5915260315, -17.0436058044, 40.995765686, 2.52021598816, 32.6206474304, 13.3763446808, 30.3358631134, 83.6705703735, 14.5599393845, -17.3913593292, -5.05470848083, -22.0251960754], [-35.2483291626, -14.8545265198, 9.5707950592, 13.2116298676, -4.32137489319, -24.5965824127, 16.0133075714, -9.17212295532, 14.5599393845, 107.861824036, 43.3679924011, -3.095443964, 19.9876689911], [116.14163208, 18.9868450165, -76.5562820435, 12.4014234543, 3.03165483475, -48.0485153198, -17.6408004761, 0.127446651459, -17.3913593292, 43.3679924011, 103.672996521, 53.8506164551, 18.1703605652], [164.014389038, 9.24421787262, -114.788291931, 20.4288215637, -1.69939029217, -42.9130516052, -16.6079826355, -8.1991186142, -5.05470848083, -3.095443964, 53.8506164551, 104.440040588, 49.354850769], [-9.76270294189, -13.9077692032, -29.0146007538, -15.6369152069, 4.95221328735, -18.5241012573, -4.58459424973, -2.87444400787, -22.0251960754, 19.9876689911, 18.1703605652, 49.354850769, 122.220451355]], "icov": [[0.0507078431547, -0.0711454749107, 0.071914575994, -0.0701202601194, 0.0693693011999, -0.0673606395721, 0.0616673380136, -0.0551875159144, 0.0459429100156, -0.0364186801016, 0.0258577503264, -0.0185334626585, 0.00992580316961], [-0.0711454749107, 0.101003445685, -0.100546628237, 0.100015066564, -0.0988428890705, 0.0955337285995, -0.0881615802646, 0.079247571528, -0.0654290169477, 0.0520157925785, -0.0370468460023, 0.0265245139599, -0.0137225640938], [0.071914575994, -0.100546628237, 0.104054406285, -0.100140824914, 0.100925907493, -0.100656494498, 0.0920224562287, -0.0835380405188, 0.0711869969964, -0.056540068239, 0.0402998514473, -0.0282050073147, 0.0158082395792], [-0.0701202601194, 0.100015066564, -0.100140824914, 0.105031453073, -0.102549359202, 0.101901248097, -0.0974397659302, 0.088214635849, -0.0753890350461, 0.0591154843569, -0.0428886450827, 0.0298083629459, -0.0154504226521], [0.0693693011999, -0.0988428890705, 0.100925907493, -0.102549359202, 0.109629832208, -0.106931224465, 0.103053472936, -0.0958093628287, 0.0808951705694, -0.0646730139852, 0.0466941073537, -0.0328802317381, 0.0175863094628], [-0.0673606395721, 0.0955337285995, -0.100656494498, 0.101901248097, -0.106931224465, 0.118447490036, -0.111999362707, 0.10425798595, -0.0930310487747, 0.0751302465796, -0.0535737462342, 0.0398114994168, -0.0219954848289], [0.0616673380136, -0.0881615802646, 0.0920224562287, -0.0974397659302, 0.103053472936, -0.111999362707, 0.120583422482, -0.109207257628, 0.0941302776337, -0.0784446150064, 0.0584468506277, -0.041284609586, 0.0228512529284], [-0.0551875159144, 0.079247571528, -0.0835380405188, 0.088214635849, -0.0958093628287, 0.10425798595, -0.109207257628, 0.113514833152, -0.0949419811368, 0.0774546712637, -0.0588874779642, 0.0428063124418, -0.0239862669259], [0.0459429100156, -0.0654290169477, 0.0711869969964, -0.0753890350461, 0.0808951705694, -0.0930310487747, 0.0941302776337, -0.0949419811368, 0.0990822166204, -0.0734863728285, 0.0573495589197, -0.0418345779181, 0.0256396234035], [-0.0364186801016, 0.0520157925785, -0.056540068239, 0.0591154843569, -0.0646730139852, 0.0751302465796, -0.0784446150064, 0.0774546712637, -0.0734863728285, 0.0715065449476, -0.0526774488389, 0.0387696512043, -0.0227239429951], [0.0258577503264, -0.0370468460023, 0.0402998514473, -0.0428886450827, 0.0466941073537, -0.0535737462342, 0.0584468506277, -0.0588874779642, 0.0573495589197, -0.0526774488389, 0.0534404329956, -0.036248292774, 0.0183677449822], [-0.0185334626585, 0.0265245139599, -0.0282050073147, 0.0298083629459, -0.0328802317381, 0.0398114994168, -0.041284609586, 0.0428063124418, -0.0418345779181, 0.0387696512043, -0.036248292774, 0.0387527681887, -0.0186591930687], [0.00992580316961, -0.0137225640938, 0.0158082395792, -0.0154504226521, 0.0175863094628, -0.0219954848289, 0.0228512529284, -0.0239862669259, 0.0256396234035, -0.0227239429951, 0.0183677449822, -0.0186591930687, 0.0185770336539]]}, "spectral_contrast_coeffs": {"dmean": [0.0406660288572, 0.0353487432003, 0.0256721731275, 0.0226540099829, 0.0161453671753, 0.0227041170001], "dmean2": [0.0684100836515, 0.0595482178032, 0.0409611798823, 0.036444734782, 0.0255978070199, 0.0393075793982], "dvar": [0.00108441570774, 0.00111169065349, 0.000659436103888, 0.000555118371267, 0.000318336824421, 0.0005533741205], "dvar2": [0.002942499239, 0.00289667840116, 0.00158104510047, 0.00131574016996, 0.00067973107798, 0.00154423492495], "max": [-0.257622152567, -0.363153368235, -0.394543468952, -0.517028033733, -0.558486461639, -0.588472247124], "mean": [-0.524664700031, -0.646815657616, -0.700778067112, -0.712205946445, -0.743533015251, -0.838070809841], "median": [-0.518003225327, -0.649107456207, -0.704672217369, -0.708473443985, -0.73478025198, -0.845794677734], "min": [-0.969794154167, -0.961575329304, -0.95364844799, -0.956100404263, -0.960228860378, -0.957246661186], "var": [0.0076852561906, 0.00761887896806, 0.005294311326, 0.00382442772388, 0.00491666793823, 0.0027435189113]}, "spectral_contrast_valleys": {"dmean": [0.415402472019, 0.267195463181, 0.252400308847, 0.253639549017, 0.232615485787, 0.371083289385], "dmean2": [0.707044243813, 0.434000432491, 0.397687792778, 0.392923891544, 0.344181448221, 0.630159676075], "dvar": [0.120499685407, 0.0868217423558, 0.0986643061042, 0.119232520461, 0.122242316604, 0.131189003587], "dvar2": [0.315833389759, 0.180695205927, 0.194996282458, 0.230368733406, 