{"lowlevel": {"average_loudness": 0.872552990913, "barkbands_crest": {"dmean": 2.86111855507, "dmean2": 4.68154525757, "dvar": 8.81251049042, "dvar2": 20.1765289307, "max": 25.9206619263, "mean": 15.0410404205, "median": 14.6032714844, "min": 3.0193374157, "var": 26.2128562927}, "barkbands_flatness_db": {"dmean": 0.0296125970781, "dmean2": 0.0427942723036, "dvar": 0.000940916594118, "dvar2": 0.00180668651592, "max": 0.406150192022, "mean": 0.198097854853, "median": 0.197798997164, "min": 0.0423464253545, "var": 0.00443977955729}, "barkbands_kurtosis": {"dmean": 7.94013834, "dmean2": 12.6309518814, "dvar": 152.032821655, "dvar2": 368.698638916, "max": 170.064483643, "mean": 15.1151294708, "median": 8.74154472351, "min": -1.9491341114, "var": 314.605834961}, "barkbands_skewness": {"dmean": 0.840794801712, "dmean2": 1.31464147568, "dvar": 0.925378441811, "dvar2": 2.07588076591, "max": 11.5934438705, "mean": 2.88213253021, "median": 2.49959135056, "min": -1.83834517002, "var": 2.88406705856}, "barkbands_spread": {"dmean": 3.49303126335, "dmean2": 5.43465089798, "dvar": 26.6954975128, "dvar2": 64.8764190674, "max": 152.89024353, "mean": 10.9828281403, "median": 7.01394462585, "min": 0.66207253933, "var": 144.094802856}, "dissonance": {"dmean": 0.0244224499911, "dmean2": 0.0407758019865, "dvar": 0.000512913393322, "dvar2": 0.00135216349736, "max": 0.499999880791, "mean": 0.439581125975, "median": 0.447963058949, "min": 0.241394251585, "var": 0.00159534346312}, "dynamic_complexity": 4.68110609055, "erbbands_crest": {"dmean": 2.49103021622, "dmean2": 3.99323010445, "dvar": 6.59159898758, "dvar2": 15.6038045883, "max": 28.8095035553, "mean": 10.7002792358, "median": 9.5027141571, "min": 2.19870257378, "var": 25.5686531067}, "erbbands_flatness_db": {"dmean": 0.0210202969611, "dmean2": 0.0280309729278, "dvar": 0.000491396407597, "dvar2": 0.000854861631524, "max": 0.367744624615, "mean": 0.167403519154, "median": 0.157322704792, "min": 0.0179515480995, "var": 0.00372396013699}, "erbbands_kurtosis": {"dmean": 1.02915680408, "dmean2": 1.63869082928, "dvar": 1.64871895313, "dvar2": 3.99759817123, "max": 13.5558414459, "mean": 1.28980648518, "median": 0.653421521187, "min": -1.63211405277, "var": 4.9451007843}, "erbbands_skewness": {"dmean": 0.359359055758, "dmean2": 0.571482300758, "dvar": 0.131396710873, "dvar2": 0.327447474003, "max": 3.6185939312, "mean": 0.821943104267, "median": 0.807135105133, "min": -1.59697461128, "var": 0.495290458202}, "erbbands_spread": {"dmean": 8.16056442261, "dmean2": 12.0770568848, "dvar": 101.449783325, "dvar2": 217.647216797, "max": 131.032913208, "mean": 34.6621170044, "median": 30.8718299866, "min": 5.42432641983, "var": 369.329620361}, "hfc": {"dmean": 5.60650539398, "dmean2": 8.78635501862, "dvar": 149.41519165, "dvar2": 385.998748779, "max": 131.902420044, "mean": 10.8583021164, "median": 6.24783706665, "min": 1.11852513865e-16, "var": 190.316970825}, "melbands_crest": {"dmean": 3.6856238842, "dmean2": 5.92825365067, "dvar": 16.9956493378, "dvar2": 36.4237785339, "max": 35.9805679321, "mean": 19.9526329041, "median": 19.1057929993, "min": 1.94673705101, "var": 57.1818504333}, "melbands_flatness_db": {"dmean": 0.0340598970652, "dmean2": 0.0490806028247, "dvar": 0.00133449153509, "dvar2": 0.00248092925176, "max": 0.530162870884, "mean": 0.287850767374, "median": 0.288883030415, "min": 0.00384770240635, "var": 0.00677132001147}, "melbands_kurtosis": {"dmean": 16.1179008484, "dmean2": 25.5250053406, "dvar": 726.856506348, "dvar2": 1754.97009277, "max": 374.310974121, "mean": 29.9596920013, "median": 15.9733381271, "min": -1.28318274021, "var": 1346.86535645}, "melbands_skewness": {"dmean": 1.05478084087, "dmean2": 1.63723397255, "dvar": 1.55306148529, "dvar2": 3.47797131538, "max": 15.8271360397, "mean": 3.71808338165, "median": 3.25938153267, "min": -0.120481178164, "var": 4.9678144455}, "melbands_spread": {"dmean": 3.27810907364, "dmean2": 5.12489366531, "dvar": 24.0563182831, "dvar2": 51.0894775391, "max": 133.711120605, "mean": 9.9063911438, "median": 7.19219970703, "min": 0.534330666065, "var": 100.197685242}, "pitch_salience": {"dmean": 0.0904135629535, "dmean2": 0.144524291158, "dvar": 0.0088302558288, "dvar2": 0.0204721875489, "max": 0.846316039562, "mean": 0.445570409298, "median": 0.455659925938, "min": 0.0784600153565, "var": 0.0257320124656}, "silence_rate_20dB": {"dmean": 0, "dmean2": 0, "dvar": 0, "dvar2": 0, "max": 1, "mean": 1, "median": 1, "min": 1, "var": 0}, "silence_rate_30dB": {"dmean": 0.0683572217822, "dmean2": 0.136735975742, "dvar": 0.0636820942163, "dvar2": 0.149539023638, "max": 1, "mean": 0.922204732895, "median": 1, "min": 0, "var": 0.0717398300767}, "silence_rate_60dB": {"dmean": 0.0340211056173, "dmean2": 0.06805293262, "dvar": 0.0328654386103, "dvar2": 0.0750851407647, "max": 1, "mean": 0.0907086580992, "median": 0, "min": 0, "var": 0.0824809744954}, "spectral_centroid": {"dmean": 171.859268188, "dmean2": 265.854278564, "dvar": 69209.7578125, "dvar2": 134927.0625, "max": 11002.1796875, "mean": 797.820007324, "median": 651.30090332, "min": 183.64680481, "var": 239349.53125}, "spectral_complexity": {"dmean": 2.94062066078, "dmean2": 4.41257095337, "dvar": 21.626739502, "dvar2": 41.8502235413, "max": 56, "mean": 11.5053539276, "median": 10, "min": 0, "var": 50.4612541199}, "spectral_decrease": {"dmean": 4.7015595861e-09, "dmean2": 7.61725615916e-09, "dvar": 6.51522853777e-17, "dvar2": 1.56671277035e-16, "max": 3.62787917078e-16, "mean": -1.05559410102e-08, "median": -6.35037800123e-09, "min": -6.97012936257e-08, "var": 1.29065202735e-16}, "spectral_energy": {"dmean": 0.0181883927435, "dmean2": 0.0294494964182, "dvar": 0.000975958653726, "dvar2": 0.00235712714493, "max": 0.266574382782, "mean": 0.0408253073692, "median": 0.0251219645143, "min": 1.03250461205e-20, "var": 0.00191314937547}, "spectral_energyband_high": {"dmean": 0.00026624192833, "dmean2": 0.000405687052989, "dvar": 4.30784353966e-07, "dvar2": 1.00359761745e-06, "max": 0.00884376000613, "mean": 0.000367590022506, "median": 4.17640330852e-05, "min": 7.31585756385e-21, "var": 6.55984308651e-07}, "spectral_energyband_low": {"dmean": 0.0121010802686, "dmean2": 0.0185205191374, "dvar": 0.000523520982824, "dvar2": 0.0011277574813, "max": 0.243024691939, "mean": 0.0272876936942, "median": 0.00594715261832, "min": 4.61967611497e-23, "var": 0.0012401350541}, "spectral_energyband_middle_high": {"dmean": 0.00114340183791, "dmean2": 0.00187472207472, "dvar": 9.7590027508e-06, "dvar2": 2.5715729862e-05, "max": 0.0313958339393, "mean": 0.00167000677902, "median": 0.000846448412631, "min": 1.50936116912e-21, "var": 8.50905416883e-06}, "spectral_energyband_middle_low": {"dmean": 0.00943711586297, "dmean2": 0.0170419830829, "dvar": 0.000567191513255, "dvar2": 0.00164140178822, "max": 0.193361952901, "mean": 0.0121822124347, "median": 0.00650751078501, "min": 3.02538658469e-22, "var": 0.000389400083805}, "spectral_entropy": {"dmean": 0.232554927468, "dmean2": 0.331628113985, "dvar": 0.067225061357, "dvar2": 0.122983083129, "max": 9.7948217392, "mean": 7.1270108223, "median": 7.0776553154, "min": 5.49618291855, "var": 0.32328248024}, "spectral_flux": {"dmean": 0.0409952439368, "dmean2": 0.0655364021659, "dvar": 0.00340392603539, "dvar2": 0.0068785129115, "max": 0.443370550871, "mean": 0.0807827189565, "median": 0.0490842908621, "min": 1.01612232517e-10, "var": 0.00651582609862}, "spectral_kurtosis": {"dmean": 3.07414841652, "dmean2": 4.89240074158, "dvar": 16.4211902618, "dvar2": 40.300403595, "max": 51.4707069397, "mean": 8.1695356369, "median": 6.97005176544, "min": -1.18051731586, "var": 41.4044303894}, "spectral_rms": {"dmean": 0.0012394064106, "dmean2": 0.00193381379358, "dvar": 3.37645997206e-06, "dvar2": 7.60525745136e-06, "max": 0.0161267649382, "mean": 0.0053795799613, "median": 0.00495067844167, "min": 3.17383294125e-12, "var": 1.08898284452e-05}, "spectral_rolloff": {"dmean": 229.459686279, "dmean2": 388.1144104, "dvar": 630696.625, "dvar2": 1713369.75, "max": 19832.0800781, "mean": 672.859375, "median": 495.263671875, "min": 43.06640625, "var": 2010854}, "spectral_skewness": {"dmean": 0.342651844025, "dmean2": 0.523216307163, "dvar": 0.13620840013, "dvar2": 0.296248406172, "max": 5.36031627655, "mean": 2.09862518311, "median": 2.1287484169, "min": 0.0577971152961, "var": 0.510244786739}, "spectral_spread": {"dmean": 673229.3125, "dmean2": 917743.625, "dvar": 903882276864, "dvar2": 1496369987580.0, "max": 40351328, "mean": 4308970, "median": 4021468.25, "min": 1223941.5, "var": 3331910795260.0}, "spectral_strongpeak": {"dmean": 0.220101267099, "dmean2": 0.372898459435, "dvar": 0.124820180237, "dvar2": 0.312047630548, "max": 4.21754312515, "mean": 0.636022269726, "median": 0.50533425808, "min": 0, "var": 0.279633820057}, "zerocrossingrate": {"dmean": 0.00710334256291, "dmean2": 0.00861707143486, "dvar": 8.87064888957e-05, "dvar2": 0.000112148714834, "max": 0.63427734375, "mean": 0.0338665731251, "median": 0.02685546875, "min": 0.001953125, "var": 0.00151358928997}, "barkbands": {"dmean": [0.000741516239941, 0.010058500804, 0.00251292739995, 0.00253350124694, 0.00566172925755, 0.000919789483305, 0.000343857158441, 0.000807130767498, 0.000385951978387, 0.000266245362582, 0.000212158323848, 0.000215483058128, 0.000165364675922, 0.000123657504446, 0.000146494581713, 0.000102389007225, 5.23949056515e-05, 6.59525976516e-05, 4.00398384954e-05, 6.27693225397e-05, 6.06393805356e-05, 6.88224681653e-05, 5.19130408065e-05, 2.88193732558e-05, 1.78171176231e-05, 2.43519025389e-05, 2.36435244005e-06], "dmean2": [0.00123649917077, 0.0151560073718, 0.00423247553408, 0.00476462952793, 0.010516686365, 0.00152325001545, 0.000573498022277, 0.0011441858951, 0.000586827925872, 0.000443119381089, 0.000358999153832, 0.000357457873179, 0.000288757204544, 0.000217039429117, 0.000261603825493, 0.000178889036761, 8.91675736057e-05, 0.00010957858467, 6.24343374511e-05, 9.6465992101e-05, 9.6319221484e-05, 0.000111849614768, 7.71534978412e-05, 4.36245609308e-05, 2.75758502539e-05, 4.0666807763e-05, 3.78313916372e-06], "dvar": [2.80949939224e-06, 0.000404138409067, 6.21481667622e-05, 6.55461990391e-05, 0.000221862705075, 5.52647770746e-06, 4.17542025843e-07, 3.99222199121e-06, 1.00079932963e-06, 8.37910818063e-07, 2.25273296905e-07, 3.21447828355e-07, 2.64892747737e-07, 1.30810562382e-07, 2.23552660827e-07, 1.01666891794e-07, 2.14779021235e-08, 3.12777999056e-08, 6.89779566798e-09, 2.24026717177e-08, 2.93262694129e-08, 5.37241824361e-08, 1.66578431049e-08, 3.33067706748e-09, 1.44430467586e-09, 4.22199786243e-09, 3.25922726307e-11], "dvar2": [6.77778461977e-06, 0.000866348971613, 0.000163233082276, 0.000190574661247, 0.000641206628643, 1.38451250677e-05, 1.12513225758e-06, 8.47075443744e-06, 2.20086326408e-06, 2.06149638871e-06, 6.26971598194e-07, 8.32847831589e-07, 7.58869987294e-07, 3.6855288954e-07, 6.34030357105e-07, 2.86031081487e-07, 5.86413477777e-08, 8.39575093892e-08, 1.64241811262e-08, 5.07221571411e-08, 7.51548299149e-08, 1.4617833699e-07, 3.15861043987e-08, 7.0679622155e-09, 3.36781535992e-09, 1.1196582328e-08, 8.36534036486e-11], "max": [0.0230029374361, 0.2375202775, 0.080185867846, 0.0729306638241, 0.108217664063, 0.0802560001612, 0.00760217756033, 0.0405401811004, 0.0188228860497, 0.00983859784901, 0.00561487767845, 0.00877415947616, 0.00633933348581, 0.00569988507777, 0.0046980176121, 0.00328854005784, 0.0013446303783, 0.00221784063615, 0.0012127115624, 0.00190230179578, 0.00183691538405, 0.00421689916402, 0.00138510996476, 0.000870963325724, 0.000424733094405, 0.000487889745273, 7.72196945036e-05], "mean": [0.00159738468938, 0.022054085508, 0.0030404839199, 0.00176209677011, 0.00510359974578, 0.00166597019415, 0.000666794367135, 0.00211270153522, 0.000725686957594, 0.000288936542347, 0.000309903727612, 0.000301950989524, 0.000182228613994, 0.00013517314801, 0.00013898780162, 0.000107974003186, 6.11883006059e-05, 8.73162061907e-05, 6.56938864267e-05, 9.75025104708e-05, 7.20220050425e-05, 8.49873904372e-05, 6.68948559905e-05, 4.15366448578e-05, 2.74786889349e-05, 2.40841927734e-05, 2.75271963801e-06], "median": [9.91117558442e-05, 0.00350664928555, 0.00020563378348, 0.000340609549312, 0.00217641005293, 0.000529730750713, 0.000440474716015, 0.000591919932049, 0.000218017303268, 7.76165179559e-05, 0.000155822941451, 9.08568545128e-05, 4.88359073643e-05, 3.50958216586e-05, 3.46050946973e-05, 2.72445959126e-05, 2.16721418838e-05, 2.54900751315e-05, 2.71985591098e-05, 1.83018382813e-05, 9.74024169409e-06, 6.26918972557e-06, 4.85852888232e-06, 4.3645200094e-06, 4.88410114485e-06, 1.81991254067e-06, 3.30551245042e-07], "min": [1.69321325578e-23, 1.59320367902e-23, 1.67937284897e-23, 1.50389547377e-23, 2.67324071743e-23, 5.19673417803e-23, 2.81869530875e-23, 3.20839953791e-23, 1.08921761229e-22, 7.97261958317e-23, 4.56748633966e-23, 4.26759266238e-23, 1.03054857527e-22, 1.29931601003e-22, 8.20446012342e-23, 9.206825286e-23, 1.65469242047e-22, 1.68035097338e-22, 2.451315717e-22, 3.74868166287e-22, 2.85879986121e-22, 6.92417169086e-22, 4.14861950056e-22, 7.8943989126e-22, 1.21211514886e-21, 1.46746344116e-21, 2.0691105132e-21], "var": [8.52386165207e-06, 0.000931959657464, 7.21712858649e-05, 3.7226065615e-05, 0.000134123984026, 1.49170909935e-05, 6.0243741018e-07, 1.25566712086e-05, 2.44933198701e-06, 7.55527366891e-07, 2.32228273944e-07, 4.19992886691e-07, 1.87786568517e-07, 9.87664208196e-08, 1.45292275988e-07, 7.1878211827e-08, 1.75282881543e-08, 3.26214575352e-08, 1.01702397615e-08, 4.29611297648e-08, 3.20564161882e-08, 5.81614756356e-08, 2.73147584551e-08, 7.62645768759e-09, 3.10297854078e-09, 3.64974894751e-09, 4.13818111722e-11]}, "erbbands": {"dmean": [0.402689367533, 1.86458587646, 2.86592626572, 4.88814020157, 16.1372451782, 19.1015777588, 11.4208488464, 7.68662643433, 5.2223367691, 12.4497432709, 12.6971197128, 10.1325035095, 8.08149623871, 6.47193002701, 9.67298221588, 10.009057045, 7.82780122757, 6.15609455109, 8.84324169159, 5.48794031143, 4.75013494492, 2.88442325592, 3.31372070312, 2.72366189957, 2.11118125916, 2.83281517029, 2.81298756599, 2.19692087173, 2.67391037941, 2.07521796227, 1.35774791241, 0.736164391041, 0.434073507786, 0.220771402121, 0.130320295691, 0.12151645124, 0.0452231876552, 0.00402511283755, 0.000401733326726, 4.49337821919e-05], "dmean2": [0.586363732815, 2.9206058979, 4.68446397781, 8.49985313416, 30.0214309692, 35.6524772644, 21.1704692841, 12.0856533051, 8.5458650589, 18.504026413, 18.356426239, 15.0650024414, 13.2805185318, 11.2106866837, 16.1831130981, 16.536283493, 13.4570360184, 10.7498445511, 15.903093338, 9.45518779755, 8.4612865448, 4.87079572678, 5.57612705231, 4.32542467117, 3.23832893372, 4.33222770691, 4.52364873886, 3.49615287781, 4.44264173508, 3.23970651627, 1.96922016144, 1.08193445206, 0.668223023415, 0.345650285482, 0.201774016023, 0.20158906281, 0.0759675428271, 0.00662575894967, 0.000658102799207, 7.13841945981e-05], "dvar": [0.748138070107, 14.3256578445, 69.5615234375, 201.634979248, 2210.84228516, 2814.10498047, 1207.76245117, 431.490753174, 110.379760742, 810.822265625, 1293.86547852, 663.669799805, 845.442993164, 362.602325439, 424.930969238, 729.130981445, 470.309143066, 299.221618652, 860.585693359, 270.481018066, 247.017913818, 67.4647064209, 90.4825592041, 37.5718193054, 17.8398265839, 43.4824562073, 96.7809829712, 30.1138076782, 106.71824646, 28.9373226166, 12.4089889526, 2.2902173996, 0.846262454987, 0.208833813667, 0.087300106883, 0.111338250339, 0.0142986346036, 0.000110881745059, 1.04323885353e-06, 7.62925278508e-09], "dvar2": [1.48816668987, 33.175945282, 178.563842773, 540.409973145, 6445.60107422, 8084.18505859, 3523.09472656, 882.887817383, 288.806549072, 1798.19152832, 2630.15771484, 1388.99658203, 2096.86889648, 968.334106445, 1163.46655273, 1885.7857666, 1321.45422363, 844.80657959, 2447.84838867, 741.023071289, 708.461853027, 182.870040894, 245.08984375, 92.3696517944, 41.8244132996, 93.200920105, 258.704681396, 73.1692886353, 304.621948242, 65.1134109497, 24.1422691345, 4.09046602249, 1.95602035522, 0.500219523907, 0.203795135021, 0.29171359539, 0.038042511791, 0.000292627664749, 2.79793061964e-06, 1.9170229848e-08], "max": [9.30765342712, 49.4640426636, 92.0671005249, 132.444595337, 446.841949463, 468.24822998, 372.461242676, 1027.73815918, 210.576980591, 670.010437012, 801.422729492, 522.917236328, 335.008148193, 320.544555664, 278.360168457, 450.717102051, 283.579101562, 201.305587769, 307.780548096, 165.977493286, 177.973739624, 76.5866165161, 104.614311218, 71.1003723145, 61.2933502197, 70.1814575195, 123.175209045, 55.8388519287, 192.512542725, 71.5899353027, 40.4228820801, 17.937664032, 14.8935050964, 5.33256101608, 3.06980633736, 2.53998827934, 0.926579356194, 0.113862171769, 0.0115791233256, 0.00171924580354], "mean": [0.898734033108, 3.84458136559, 4.42716026306, 4.29885482788, 13.0187072754, 17.0952796936, 12.08735466, 16.2389698029, 11.2390165329, 31.1310749054, 32.1624221802, 21.1285228729, 10.0061435699, 7.28570413589, 14.7957801819, 14.7752361298, 9.45560073853, 7.1086268425, 8.13431835175, 5.91529417038, 5.1382484436, 3.40018033981, 4.33826541901, 4.20927667618, 3.75569105148, 4.33825826645, 3.40522670746, 2.68103599548, 3.16751003265, 2.61698246002, 1.71469378471, 1.07377529144, 0.607690155506, 0.33340010047, 0.189932540059, 0.12402126193, 0.043680742383, 0.00448581716046, 0.000467763951747, 7.85127849667e-05], "median": [0.0828254148364, 0.643532991409, 0.585702180862, 0.981360077858, 3.99256229401, 6.99992656708, 5.30782985687, 4.25886249542, 6.62729072571, 10.4029750824, 9.03290367126, 6.84700679779, 3.34907054901, 2.43283987045, 7.54733753204, 4.84598731995, 3.26105833054, 2.27504754066, 1.82565450668, 1.84162902832, 1.53776073456, 1.15549004078, 1.4305087328, 1.59741997719, 1.26578116417, 0.801428198814, 0.471096515656, 0.279226452112, 0.210488855839, 0.177932113409, 0.142244905233, 0.0961312800646, 0.0667475834489, 0.0494729429483, 0.0335176885128, 0.011478824541, 0.00292756035924, 0.00039485556772, 7.14232883183e-05, 5.17449625477e-05], "min": [5.84539518907e-22, 1.44050979321e-21, 1.20687565842e-20, 3.97130058322e-20, 6.69554884483e-20, 8.68289808786e-20, 2.3225334255e-19, 3.38804441807e-19, 3.14872038734e-19, 4.77649447659e-19, 1.26701094902e-18, 2.47614944725e-18, 2.92203722733e-18, 1.32509484785e-18, 2.04301120873e-18, 2.0577749351e-18, 5.22826743995e-18, 5.2500375929e-18, 5.8831082806e-18, 5.92147291741e-18, 4.9104092275e-18, 1.07354146875e-17, 1.10420373057e-17, 9.34827002339e-18, 1.53646234522e-17, 1.75171542012e-17, 1.22220336106e-17, 1.12310985337e-17, 2.2925595227e-17, 1.8540715763e-17, 1.30403303033e-17, 1.63014915227e-17, 1.14955812627e-17, 1.1874144606e-17, 8.99537326737e-18, 5.12597456308e-18, 2.94316300659e-18, 1.16033680664e-18, 2.34964271911e-19, 3.04471741796e-20], "var": [1.91653084755, 30.8052921295, 106.748008728, 149.224136353, 1300.01391602, 1684.17871094, 739.886230469, 2046.62976074, 204.222732544, 2620.44506836, 4522.08203125, 1841.32702637, 757.986938477, 318.190002441, 499.240722656, 999.430297852, 374.063079834, 228.420959473, 553.045959473, 196.623352051, 170.780319214, 55.2461700439, 78.7985610962, 49.5155258179, 40.1826820374, 85.4294967651, 90.697265625, 39.6023826599, 99.6967163086, 41.9235267639, 18.9423751831, 5.17390680313, 1.90310144424, 0.490016460419, 0.156066298485, 0.0979808047414, 0.0121381059289, 0.000116706731205, 1.16064040867e-06, 1.17124514531e-08]}, "gfcc": {"mean": [-62.1983108521, 114.194656372, -96.4250564575, 19.3971977234, -54.8751983643, 2.57425308228, -33.0364761353, 5.31977558136, -22.9360637665, 2.00559139252, -8.39002990723, -1.55855441093, -11.5544128418], "cov": [[15469.0791016, -398.178894043, 928.318237305, 1230.95617676, -629.080200195, 1193.09570312, 35.1778144836, 592.299133301, 27.157201767, 651.467773438, -127.355613708, 298.942169189, -224.15814209], [-398.178894043, 1332.33947754, -320.344543457, -275.603057861, 106.122695923, -291.075653076, -1.02546739578, -84.8814163208, 9.4266242981, -190.454025269, 102.345252991, -149.983642578, 44.4030342102], [928.318237305, -320.344543457, 1140.78173828, 415.12612915, 305.565795898, 549.779602051, 208.328140259, 245.099777222, 103.018356323, 241.0390625, 102.107269287, 195.888519287, 18.5194721222], [1230.95617676, -275.603057861, 415.12612915, 560.187011719, 112.734764099, 381.140106201, 167.963043213, 139.886459351, 114.620666504, 181.46472168, 69.7358016968, 145.305618286, 61.3304176331], [-629.080200195, 106.122695923, 305.565795898, 112.734764099, 428.106201172, 180.065795898, 147.468887329, 95.6933441162, 89.042427063, 83.3212280273, 97.6517944336, 66.2636413574, 60.9825325012], [1193.09570312, -291.075653076, 549.779602051, 381.140106201, 180.065795898, 531.680358887, 175.576385498, 205.72479248, 105.461380005, 213.039398193, 73.3786392212, 152.840530396, 37.8357925415], [35.1778144836, -1.02546739578, 208.328140259, 167.963043213, 147.468887329, 175.576385498, 205.308456421, 131.820861816, 123.151931763, 90.1918106079, 69.398727417, 49.3647041321, 40.132686615], [592.299133301, -84.8814163208, 245.099777222, 139.886459351, 95.6933441162, 205.72479248, 131.820861816, 211.679199219, 113.436828613, 127.530395508, 58.5002555847, 54.0207557678, 12.1264848709], [27.157201767, 9.4266242981, 103.018356323, 114.620666504, 89.042427063, 105.461380005, 123.151931763, 113.436828613, 173.081802368, 102.713180542, 69.0663528442, 29.1953830719, 31.6287288666], [651.467773438, -190.454025269, 241.0390625, 181.46472168, 83.3212280273, 213.039398193, 90.1918106079, 127.530395508, 102.713180542, 198.348632812, 81.6789169312, 89.9818267822, 19.8859062195], [-127.355613708, 102.345252991, 102.107269287, 69.7358016968, 97.6517944336, 73.3786392212, 69.398727417, 58.5002555847, 69.0663528442, 81.6789169312, 147.142349243, 61.5910873413, 50.393196106], [298.942169189, -149.983642578, 195.888519287, 145.305618286, 66.2636413574, 152.840530396, 49.3647041321, 54.0207557678, 29.1953830719, 89.9818267822, 61.5910873413, 136.868896484, 52.9989776611], [-224.15814209, 44.4030342102, 18.5194721222, 61.3304176331, 60.9825325012, 37.8357925415, 40.132686615, 12.1264848709, 31.6287288666, 19.8859062195, 50.393196106, 52.9989776611, 90.1596603394]], "icov": [[0.00019598576182, -0.000373096496332, 8.29439086374e-05, -0.000416030758061, 0.000442550634034, -0.000249325385084, 0.000305210298393, -0.00052587717073, 0.000439640658442, -0.000809313321952, 0.000699166557752, -0.000451755884569, 0.000576193328016], [-0.000373096496332, 0.00215774355456, -0.000139571187901, 0.000964664970525, -0.00120949710254, 0.000504324503709, -0.000542725611012, 0.00088262418285, -0.0011576738907, 0.00326899974607, -0.00346650579013, 0.00257060816512, -0.00177695299499], [8.29439086374e-05, -0.000139571187901, 0.00217997794971, -0.000483844371047, -0.000672411406413, -0.00136024865787, -4.64643562736e-05, -0.000865864858497, 0.000796729582362, -0.000245962874033, 0.000125198974274, -0.00155166909099, 0.00193598435726], [-0.000416030758061, 0.000964664970525, -0.000483844371047, 0.00519003579393, -0.000193716245121, -0.00167112052441, -0.00233566551469, 0.00265695666894, -0.00180022220593, 0.000906874891371, -0.000993884168565, 0.000105378239823, -0.0025008302182], [0.000442550634034, -0.00120949710254, -0.000672411406413, -0.000193716245121, 0.00499191880226, -0.00115418597125, -0.00126308307517, -0.000417067640228, 0.000869897252414, -0.00211215089075, 0.00097734190058, -0.000776749162469, -0.000236890060478], [-0.000249325385084, 0.000504324503709, -0.00136024865787, -0.00167112052441, -0.00115418597125, 0.00763109372929, -0.00152041180991, -0.00190006778575, 0.00127184239682, -0.0017143166624, 0.00063448457513, -0.000968275766354, -0.000794992840383], [0.000305210298393, -0.000542725611012, -4.64643562736e-05, -0.00233566551469, -0.00126308307517, -0.00152041180991, 0.0142286317423, -0.0048836604692, -0.00487387320027, 0.00199510157108, -0.000238297783653, 0.000370025052689, -0.000374447583454], [-0.00052587717073, 0.00088262418285, -0.000865864858497, 0.00265695666894, -0.000417067640228, -0.00190006778575, -0.0048836604692, 0.0139599209651, -0.00445793755352, -0.00103867647704, -0.00167257280555, 0.00156995537691, -0.000190988997929], [0.000439640658442, -0.0011576738907, 0.000796729582362, -0.00180022220593, 0.000869897252414, 0.00127184239682, -0.00487387320027, -0.00445793755352, 0.0159048810601, -0.00794096291065, 0.000788516539615, 0.00213826750405, -0.00115464208648], [-0.000809313321952, 0.00326899974607, -0.000245962874033, 0.000906874891371, -0.00211215089075, -0.0017143166624, 0.00199510157108, -0.00103867647704, -0.00794096291065, 0.0211967229843, -0.00953018665314, -0.00108437263407, 0.00128589279484], [0.000699166557752, -0.00346650579013, 0.000125198974274, -0.000993884168565, 0.00097734190058, 0.00063448457513, -0.000238297783653, -0.00167257280555, 0.000788516539615, -0.00953018665314, 0.0179631952196, -0.00653275800869, -0.000875045603607], [-0.000451755884569, 0.00257060816512, -0.00155166909099, 0.000105378239823, -0.000776749162469, -0.000968275766354, 0.000370025052689, 0.00156995537691, 0.00213826750405, -0.00108437263407, -0.00653275800869, 0.0213856101036, -0.0110170645639], [0.000576193328016, -0.00177695299499, 0.00193598435726, -0.0025008302182, -0.000236890060478, -0.000794992840383, -0.000374447583454, -0.000190988997929, -0.00115464208648, 0.00128589279484, -0.000875045603607, -0.0110170645639, 0.0224755872041]]}, "melbands": {"dmean": [0.0031381722074, 0.0016899931943, 0.00116186845116, 0.00134935427923, 0.000489080906846, 0.000166237208759, 7.6831500337e-05, 0.000153924440383, 9.96351736831e-05, 5.75035519432e-05, 4.01720390073e-05, 2.63707715931e-05, 2.9048847864e-05, 2.61301865976e-05, 2.40948866121e-05, 1.31961751322e-05, 1.1533426914e-05, 1.44800551425e-05, 8.76789727045e-06, 7.36419588065e-06, 5.34908986083e-06, 3.02534022012e-06, 2.60164938481e-06, 3.67340794583e-06, 2.13180669562e-06, 1.53147163928e-06, 1.75349850906e-06, 1.9988922304e-06, 1.87879254554e-06, 1.60630258961e-06, 1.2221473753e-06, 1.48033529968e-06, 1.42623571264e-06, 1.10553605737e-06, 8.32098123738e-07, 6.42783845706e-07, 4.31868329542e-07, 3.5837086898e-07, 2.0088707231e-07, 1.93186664887e-07], "dmean2": [0.00465591438115, 0.00268995622173, 0.00206146296114, 0.0025133844465, 0.000909396796487, 0.000263995461864, 0.000126861879835, 0.000225885523832, 0.000145177691593, 8.63499008119e-05, 6.64229810354e-05, 4.58125323348e-05, 4.92288600071e-05, 4.31582011515e-05, 4.11850305682e-05, 2.25753592531e-05, 2.01534621738e-05, 2.61346813204e-05, 1.53716373461e-05, 1.27181701828e-05, 9.65098115557e-06, 5.14174644195e-06, 4.41684096586e-06, 6.17905243416e-06, 3.38410995937e-06, 2.4001658403e-06, 2.77691310657e-06, 3.07852747028e-06, 3.09324263981e-06, 2.63345782514e-06, 1.95443476514e-06, 2.45183855441e-06, 2.34061258197e-06, 1.69936311067e-06, 1.21220477922e-06, 9.54792312768e-07, 6.46292619422e-07, 5.5980012803e-07, 3.13239667094e-07, 3.05058506456e-07], "dvar": [4.13648776885e-05, 1.48627914314e-05, 1.1359349628e-05, 1.30664939206e-05, 2.24752147915e-06, 1.84892272159e-07, 2.3529569404e-08, 1.3696246981e-07, 7.70861490196e-08, 2.11967012831e-08, 2.19547189317e-08, 6.47951647892e-09, 4.31943192325e-09, 3.77583164735e-09, 5.90436410874e-09, 1.31495647704e-09, 9.98083948822e-10, 2.40390174433e-09, 8.23355661428e-10, 4.60729371321e-10, 3.45718287331e-10, 7.62878857308e-11, 4.53426636515e-11, 1.08135521371e-10, 2.16877626968e-11, 1.02792774292e-11, 1.45112498406e-11, 2.39810914182e-11, 4.46624889849e-11, 2.77085229761e-11, 8.03038191499e-12, 3.08052090781e-11, 2.45151954292e-11, 6.79791249333e-12, 4.81429956664e-12, 2.49787777268e-12, 7.34104346322e-13, 6.02583087594e-13, 1.91960772907e-13, 1.68181332576e-13], "dvar2": [8.57489358168e-05, 3.61948441423e-05, 3.13498931064e-05, 3.77733413188e-05, 6.5316353357e-06, 4.00676668733e-07, 6.23438651814e-08, 3.03740677055e-07, 1.59174589953e-07, 4.5606306287e-08, 5.45718883416e-08, 1.7252638429e-08, 1.2058926302e-08, 9.9940988818e-09, 1.62741748966e-08, 3.68361452452e-09, 2.82658052519e-09, 6.83687506609e-09, 2.29959118414e-09, 1.27011612339e-09, 9.9927099928e-10, 2.09450817801e-10, 1.18994231135e-10, 2.9587501893e-10, 5.19116000186e-11, 2.44624685092e-11, 3.47042984628e-11, 5.17044185244e-11, 1.20976395568e-10, 7.28081414603e-11, 1.89963617753e-11, 8.83435824495e-11, 6.6247493602e-11, 1.40525160952e-11, 9.67372969923e-12, 4.79443524812e-12, 1.49798500427e-12, 1.43035843586e-12, 4.70001153881e-13, 4.0751074932e-13], "max": [0.074310362339, 0.0425795614719, 0.0326427519321, 0.0288181062788, 0.015703972429, 0.0197158530354, 0.00281398184597, 0.00866604968905, 0.00600426085293, 0.00281806779094, 0.00167570635676, 0.00142333633266, 0.000752362248022, 0.000874627614394, 0.000958848220762, 0.000452735548606, 0.000403666752391, 0.00056514411699, 0.000322060834151, 0.000191084385733, 0.000227943237405, 9.94213551166e-05, 6.57102063997e-05, 0.000136278235004, 6.24404128757e-05, 4.73637519462e-05, 7.346610073e-05, 5.56369304832e-05, 9.16032659006e-05, 5.7329187257e-05, 3.44511063304e-05, 0.000102891208371, 8.75633631949e-05, 2.73287878372e-05, 2.42619589699e-05, 2.07948814932e-05, 1.00678807939e-05, 1.20156437333e-05, 7.50054005039e-06, 4.28556450061e-06], "mean": [0.00692054862157, 0.00324372691102, 0.00100766087417, 0.00116438558325, 0.000505282194354, 0.000342344515957, 0.000158824768732, 0.000386839965358, 0.000243842165219, 0.000113661204523, 4.57950663986e-05, 2.75427664747e-05, 4.22701414209e-05, 4.1382467316e-05, 2.9465814805e-05, 1.54714271048e-05, 1.30662419906e-05, 1.29397740238e-05, 8.82505446498e-06, 7.91478487372e-06, 5.60211810807e-06, 3.44645945916e-06, 3.19158584716e-06, 4.77304274682e-06, 3.24909410665e-06, 2.41442398874e-06, 3.19385776493e-06, 2.7826290534e-06, 2.2499325496e-06, 1.72973511781e-06, 1.48069557326e-06, 1.75709078576e-06, 1.66976974469e-06, 1.36835615194e-06, 9.91753609014e-07, 8.6044173031e-07, 5.94204436766e-07, 4.53710441661e-07, 3.13834192411e-07, 2.77139463378e-07], "median": [0.000970819150098, 0.000680182944052, 0.000252469908446, 0.000456212204881, 0.0002304634545, 9.70625260379e-05, 9.4744755188e-05, 0.000118828844279, 6.61999074509e-05, 3.6599842133e-05, 1.3097676856e-05, 7.24328583601e-06, 2.10278485611e-05, 1.6852400222e-05, 1.12258494482e-05, 4.73428644909e-06, 3.52479946741e-06, 2.63351716967e-06, 2.27388295571e-06, 2.1965470296e-06, 1.56650003191e-06, 1.05873232314e-06, 1.18785317227e-06, 1.24158805193e-06, 1.26728059513e-06, 8.5645820036e-07, 7.71760198859e-07, 3.87127442991e-07, 3.06537344841e-07, 1.77980339799e-07, 1.36003549756e-07, 1.16797295391e-07, 1.02979512917e-07, 9.47121918671e-08, 8.27417210303e-08, 6.34013588297e-08, 5.62284867556e-08, 4.1768245751e-08, 4.78154404959e-08, 4.1803769335e-08], "min": [7.01512545996e-24, 4.9279517549e-24, 8.19196709103e-24, 5.07510862918e-24, 7.34983677547e-24, 9.16469017402e-24, 5.41632449727e-24, 5.43996034772e-24, 1.22808169674e-23, 1.60366050364e-23, 1.45038640748e-23, 5.29111807212e-24, 6.55015900951e-24, 6.55473834707e-24, 6.70434897319e-24, 1.0169138876e-23, 1.03569832236e-23, 1.01884596573e-23, 6.33840192128e-24, 8.42007095494e-24, 4.9565089141e-24, 1.05114832096e-23, 1.23300268995e-23, 8.11242466824e-24, 7.20786468949e-24, 7.78997856209e-24, 1.38917821652e-23, 1.09112968491e-23, 7.99715789049e-24, 6.85928835472e-24, 5.63360321741e-24, 1.21232270132e-23, 1.47321525321e-23, 8.11376257633e-24, 6.46333303398e-24, 1.08481564222e-23, 7.60035375542e-24, 7.72273369195e-24, 8.83940180203e-24, 1.0727402328e-23], "var": [9.96304152068e-05, 2.82955879811e-05, 7.86578857515e-06, 7.83168525231e-06, 1.3503105265e-06, 7.84952703725e-07, 3.99939565909e-08, 4.21587373012e-07, 2.63796408717e-07, 5.58465025335e-08, 1.93407565519e-08, 5.69434943642e-09, 4.42222702901e-09, 5.22579401974e-09, 4.69676431081e-09, 1.02700015159e-09, 8.00777277821e-10, 1.53852774964e-09, 5.76606207225e-10, 3.36412925295e-10, 2.36250824459e-10, 6.25350465855e-11, 3.93825631828e-11, 1.12538055264e-10, 2.94115981569e-11, 1.54068511421e-11, 4.42325100158e-11, 4.07882408404e-11, 4.08426278908e-11, 2.5235875889e-11, 1.13924338713e-11, 2.93173575694e-11, 2.53271483647e-11, 1.08200930854e-11, 6.74633179182e-12, 4.54290684931e-12, 1.48341018288e-12, 1.10354021927e-12, 5.23980273233e-13, 3.41829863026e-13]}, "mfcc": {"mean": [-710.174987793, 148.836273193, 13.1732187271, 22.5236167908, 1.76253247261, -0.410999625921, 1.19973027706, 0.0583987049758, -7.33508443832, 1.22324168682, 1.70595133305, 1.35138177872, 3.02718019485], "cov": [[10494.4023438, -167.697143555, 989.114501953, 417.748535156, 51.3976402283, 706.667663574, 172.364028931, 279.648223877, 234.492004395, 327.452728271, 249.385665894, 270.249359131, 147.931945801], [-167.697143555, 1701.38305664, -335.753234863, -64.1585159302, 35.3169136047, -282.901702881, -15.2382574081, -74.916015625, -121.720077515, -99.077003479, -53.2586669922, -67.9538574219, 35.6278762817], [989.114501953, -335.753234863, 774.608764648, 189.647338867, 209.025390625, 334.727111816, 198.252365112, 194.231735229, 137.019821167, 122.638267517, 142.611862183, 141.684127808, 102.315208435], [417.748535156, -64.1585159302, 189.647338867, 230.867935181, 97.7592849731, 140.02053833, 87.8552246094, 80.9932861328, 66.8273925781, 59.5563087463, 58.8139457703, 51.9286651611, 44.6840782166], [51.3976402283, 35.3169136047, 209.025390625, 97.7592849731, 262.399505615, 178.461929321, 148.7784729, 97.1947937012, 73.9307861328, 53.9553375244, 83.1821746826, 72.5343170166, 62.3273429871], [706.667663574, -282.901702881, 334.727111816, 140.02053833, 178.461929321, 340.259185791, 162.082397461, 136.046798706, 116.342712402, 82.9243850708, 98.6473922729, 94.8433227539, 50.9157600403], [172.364028931, -15.2382574081, 198.252365112, 87.8552246094, 148.7784729, 162.082397461, 187.803085327, 113.254310608, 77.7156143188, 58.6888542175, 73.4931030273, 68.7737045288, 69.4974975586], [279.648223877, -74.916015625, 194.231735229, 80.9932861328, 97.1947937012, 136.046798706, 113.254310608, 155.563644409, 105.764976501, 67.6153106689, 59.7237739563, 60.2240180969, 60.5361557007], [234.492004395, -121.720077515, 137.019821167, 66.8273925781, 73.9307861328, 116.342712402, 77.7156143188, 105.764976501, 147.38067627, 99.0402450562, 68.497428894, 58.4588279724, 50.3263473511], [327.452728271, -99.077003479, 122.638267517, 59.5563087463, 53.9553375244, 82.9243850708, 58.6888542175, 67.6153106689, 99.0402450562, 144.78012085, 105.096862793, 67.4657440186, 39.3507003784], [249.385665894, -53.2586669922, 142.611862183, 58.8139457703, 83.1821746826, 98.6473922729, 73.4931030273, 59.7237739563, 68.497428894, 105.096862793, 149.418182373, 92.8595809937, 40.7693824768], [270.249359131, -67.9538574219, 141.684127808, 51.9286651611, 72.5343170166, 94.8433227539, 68.7737045288, 60.2240180969, 58.4588279724, 67.4657440186, 92.8595809937, 124.002571106, 84.7066345215], [147.931945801, 35.6278762817, 102.315208435, 44.6840782166, 62.3273429871, 50.9157600403, 69.4974975586, 60.5361557007, 50.3263473511, 39.3507003784, 40.7693824768, 84.7066345215, 150.032989502]], "icov": [[0.000143833138281, -0.000109918772068, -0.000116307062854, -8.01587666501e-05, 0.000345009990269, -0.000494860752951, 0.000228136166697, -4.28929160989e-05, 0.000175762892468, -0.000358405290172, 0.000166058074683, -0.0001456530008, -4.12921917814e-06], [-0.000109918772068, 0.000960181001574, 0.000343832740327, -0.000108877924504, -0.000972379173618, 0.00143017224036, -0.000592315220274, -0.000227252923651, 0.000320940307574, 0.000621933839284, -0.000645723717753, 0.000678037002217, -0.000515138264745], [-0.000116307062854, 0.000343832740327, 0.00280249887146, -0.00047290144721, -0.000604068336543, -0.000987731851637, -0.000190667618881, -0.0016925384989, 0.00104782043491, -0.000117084098747, -0.000516796833836, -0.000303035427351, -0.000389160006307], [-8.01587666501e-05, -0.000108877924504, -0.00047290144721, 0.0063667781651, -0.000598681392148, -0.00129788718186, -0.000173573775101, -0.000635575852357, 3.8618734834e-05, -0.000913949857932, -4.56841225969e-05, 0.000633751158603, -0.000561446300708], [0.000345009990269, -0.000972379173618, -0.000604068336543, -0.000598681392148, 0.00934514775872, -0.00372801697813, -0.00323108234443, 0.000636610900983, -0.000535360421054, 0.000604525499512, -0.0014704283094, -0.000205910750083, -0.000359399768058], [-0.000494860752951, 0.00143017224036, -0.000987731851637, -0.00129788718186, -0.00372801697813, 0.0113274157047, -0.00398896727711, -0.000423634774052, -0.00287107960321, 0.00285263941623, -0.000673130212817, -0.00184479064774, 0.0023710464593], [0.000228136166697, -0.000592315220274, -0.000190667618881, -0.000173573775101, -0.00323108234443, -0.00398896727711, 0.0155734363943, -0.00601005693898, 0.00193290249445, -0.000728022539988, -0.00152606959455, 0.00115783489309, -0.0026918859221], [-4.28929160989e-05, -0.000227252923651, -0.0016925384989, -0.000635575852357, 0.000636610900983, -0.000423634774052, -0.00601005693898, 0.0194970648736, -0.0102127166465, 0.00173968460876, 0.000640242535155, 5.68258874409e-05, -0.00100039748941], [0.000175762892468, 0.000320940307574, 0.00104782043491, 3.8618734834e-05, -0.000535360421054, -0.00287107960321, 0.00193290249445, -0.0102127166465, 0.0217271093279, -0.0117848394439, 0.00282063474879, 0.000113051501103, -0.00158090307377], [-0.000358405290172, 0.000621933839284, -0.000117084098747, -0.000913949857932, 0.000604525499512, 0.00285263941623, -0.000728022539988, 0.00173968460876, -0.0117848394439, 0.0231303367764, -0.0131540829316, 0.00193166837562, -0.000655917508993], [0.000166058074683, -0.000645723717753, -0.000516796833836, -4.56841225969e-05, -0.0014704283094, -0.000673130212817, -0.00152606959455, 0.000640242535155, 0.00282063474879, -0.0131540829316, 0.0233878567815, -0.0136321093887, 0.00548859825358], [-0.0001456530008, 0.000678037002217, -0.000303035427351, 0.000633751158603, -0.000205910750083, -0.00184479064774, 0.00115783489309, 5.68258874409e-05, 0.000113051501103, 0.00193166837562, -0.0136321093887, 0.0269191320986, -0.011885558255], [-4.12921917814e-06, -0.000515138264745, -0.000389160006307, -0.000561446300708, -0.000359399768058, 0.0023710464593, -0.0026918859221, -0.00100039748941, -0.00158090307377, -0.000655917508993, 0.00548859825358, -0.011885558255, 0.0141407297924]]}, "spectral_contrast_coeffs": {"dmean": [0.0583954490721, 0.0385124832392, 0.0380244292319, 0.0306610614061, 0.0240184050053, 0.0204998962581], "dmean2": [0.0954905226827, 0.0622575767338, 0.0610079616308, 0.0492595434189, 0.0372831784189, 0.0302692893893], "dvar": [0.00272913323715, 0.00114987348206, 0.00115081795957, 0.000793040904682, 0.000468932004878, 0.000413587404182], "dvar2": [0.00689574144781, 0.00283004110679, 0.00286242528819, 0.00198856787756, 0.00108534365427, 0.000785838405136], "max": [-0.315336376429, -0.421403706074, -0.498534619808, -0.597957372665, -0.657428979874, -0.65862673521], "mean": [-0.614762485027, -0.71391326189, -0.750434219837, -0.782299995422, -0.788421452045, -0.781931579113], "median": [-0.615504384041, -0.715838313103, -0.753846526146, -0.784097909927, -0.789253413677, -0.784563064575], "min": [-0.965057730675, -0.981229841709, -0.990476846695, -0.993039429188, -0.991376519203, -0.969256043434], "var": [0.0136824464425, 0.00548127107322, 0.00436618644744, 0.00248367059976, 0.00176248897333, 0.00189156678971]}, "spectral_contrast_valleys": {"dmean": [0.510292112827, 0.37471395731, 0.414468169212, 0.447599202394, 0.424012959003, 0.516889870167], "dmean2": [0.785077512264, 0.597051739693, 0.634389281273, 0.661523401737, 0.585647642612, 0.653157293797], "dvar": [0.267688661814, 0.210118368268, 0.253289997578, 0.344424366951, 0.295513421297, 0.384990036488], "dvar2": [0.517073214054, 0.395982474089, 0.479262769222, 0.678505659103, 0.52120167017, 0.57861918211], "max": [-4.88634347916, -4.52042818069, -5.2470870018, -5.41397619247, -5.85412359238, -8.