{"lowlevel": {"average_loudness": 0.92697685957, "barkbands_crest": {"dmean": 3.17808413506, "dmean2": 5.0354309082, "dvar": 11.775138855, "dvar2": 24.8152179718, "max": 24.7716808319, "mean": 9.76262760162, "median": 8.84129524231, "min": 1.71232759953, "var": 22.4693565369}, "barkbands_flatness_db": {"dmean": 0.0258303210139, "dmean2": 0.0401682965457, "dvar": 0.000808432640042, "dvar2": 0.00161891500466, "max": 0.267733842134, "mean": 0.0872116014361, "median": 0.0804875865579, "min": 0.00844560284168, "var": 0.00178480928298}, "barkbands_kurtosis": {"dmean": 3.55117821693, "dmean2": 5.74249696732, "dvar": 41.6766090393, "dvar2": 101.828308105, "max": 89.227394104, "mean": 4.06725215912, "median": 1.79156970978, "min": -1.82125115395, "var": 57.7992668152}, "barkbands_skewness": {"dmean": 0.679339468479, "dmean2": 1.06960463524, "dvar": 0.77072095871, "dvar2": 1.79626321793, "max": 8.34871768951, "mean": 1.78036379814, "median": 1.58927357197, "min": -1.91642642021, "var": 1.33296728134}, "barkbands_spread": {"dmean": 12.6889705658, "dmean2": 20.5529270172, "dvar": 186.703277588, "dvar2": 467.456085205, "max": 107.199394226, "mean": 32.1413650513, "median": 28.8713359833, "min": 2.50227618217, "var": 267.712310791}, "dissonance": {"dmean": 0.0115591892973, "dmean2": 0.0191915426403, "dvar": 9.30387759581e-05, "dvar2": 0.000247379764915, "max": 0.499999850988, "mean": 0.472349524498, "median": 0.473749756813, "min": 0.403981953859, "var": 0.000186407807632}, "dynamic_complexity": 3.5042488575, "erbbands_crest": {"dmean": 1.46064066887, "dmean2": 2.36067008972, "dvar": 2.04571676254, "dvar2": 5.32979059219, "max": 18.8327693939, "mean": 5.33405971527, "median": 4.87923526764, "min": 2.0880587101, "var": 4.50627946854}, "erbbands_flatness_db": {"dmean": 0.0122968750075, "dmean2": 0.0186304040253, "dvar": 0.000146852893522, "dvar2": 0.000312698044581, "max": 0.206243902445, "mean": 0.094893656671, "median": 0.0938852280378, "min": 0.0337372906506, "var": 0.000548530253582}, "erbbands_kurtosis": {"dmean": 0.319156944752, "dmean2": 0.543268024921, "dvar": 0.110295370221, "dvar2": 0.315954148769, "max": 2.89499282837, "mean": -0.82257348299, "median": -0.887297391891, "min": -1.59320414066, "var": 0.162052154541}, "erbbands_skewness": {"dmean": 0.257924705744, "dmean2": 0.408010900021, "dvar": 0.0653739571571, "dvar2": 0.184942603111, "max": 1.79732000828, "mean": 0.191020399332, "median": 0.218052998185, "min": -1.21883118153, "var": 0.135238990188}, "erbbands_spread": {"dmean": 12.2525053024, "dmean2": 19.4927177429, "dvar": 159.348983765, "dvar2": 400.107452393, "max": 136.260986328, "mean": 61.6569480896, "median": 58.9942436218, "min": 16.8799762726, "var": 307.977478027}, "hfc": {"dmean": 18.864112854, "dmean2": 30.5324859619, "dvar": 1387.68798828, "dvar2": 3637.23510742, "max": 291.840087891, "mean": 27.0152854919, "median": 15.6580247879, "min": 8.34778468572e-09, "var": 1335.12585449}, "melbands_crest": {"dmean": 3.75796365738, "dmean2": 6.08679771423, "dvar": 13.9453630447, "dvar2": 29.7643547058, "max": 29.5386428833, "mean": 14.826997757, "median": 14.1483325958, "min": 3.13604164124, "var": 28.7215690613}, "melbands_flatness_db": {"dmean": 0.0364505760372, "dmean2": 0.0561639405787, "dvar": 0.00171818456147, "dvar2": 0.00366628612392, "max": 0.369719952345, "mean": 0.156985729933, "median": 0.147567167878, "min": 0.0143290162086, "var": 0.00342401443049}, "melbands_kurtosis": {"dmean": 11.3562393188, "dmean2": 18.8045425415, "dvar": 469.444793701, "dvar2": 1150.3302002, "max": 244.220306396, "mean": 20.8712692261, "median": 11.6827125549, "min": -1.21065592766, "var": 639.942260742}, "melbands_skewness": {"dmean": 0.914041936398, "dmean2": 1.47522294521, "dvar": 1.78095257282, "dvar2": 3.87279510498, "max": 12.3332195282, "mean": 3.55191540718, "median": 3.03838634491, "min": -0.0278561208397, "var": 3.44786143303}, "melbands_spread": {"dmean": 12.1394119263, "dmean2": 20.1400794983, "dvar": 304.447998047, "dvar2": 791.522155762, "max": 155.69039917, "mean": 25.6911697388, "median": 21.5209197998, "min": 1.3255918026, "var": 319.151824951}, "pitch_salience": {"dmean": 0.0995575860143, "dmean2": 0.162043437362, "dvar": 0.0112331928685, "dvar2": 0.0280435141176, "max": 0.857285916805, "mean": 0.555626153946, "median": 0.574131965637, "min": 0.118340261281, "var": 0.0170751772821}, "silence_rate_20dB": {"dmean": 0, "dmean2": 0, "dvar": 0, "dvar2": 0, "max": 1, "mean": 1, "median": 1, "min": 1, "var": 0}, "silence_rate_30dB": {"dmean": 0.0174816921353, "dmean2": 0.0349675118923, "dvar": 0.0171757042408, "dvar2": 0.0505182556808, "max": 1, "mean": 0.990905880928, "median": 1, "min": 0, "var": 0.00901199132204}, "silence_rate_60dB": {"dmean": 0.0151193011552, "dmean2": 0.0301240403205, "dvar": 0.0148909771815, "dvar2": 0.0341788269579, "max": 1, "mean": 0.0735797807574, "median": 0, "min": 0, "var": 0.0681652054191}, "spectral_centroid": {"dmean": 349.354156494, "dmean2": 571.598815918, "dvar": 181012.109375, "dvar2": 509139.5, "max": 3758.84667969, "mean": 1499.88427734, "median": 1437.80322266, "min": 259.507629395, "var": 253135.234375}, "spectral_complexity": {"dmean": 5.46113872528, "dmean2": 8.01417636871, "dvar": 40.5126190186, "dvar2": 79.488494873, "max": 59, "mean": 20.2594776154, "median": 17, "min": 0, "var": 139.901473999}, "spectral_decrease": {"dmean": 2.96208613193e-09, "dmean2": 4.41123759742e-09, "dvar": 2.16050295032e-17, "dvar2": 4.64794440555e-17, "max": -7.51922767227e-21, "mean": -6.72876376839e-09, "median": -3.78813069801e-09, "min": -3.74011577264e-08, "var": 4.3419544151e-17}, "spectral_energy": {"dmean": 0.0119355004281, "dmean2": 0.0175148248672, "dvar": 0.000335889315465, "dvar2": 0.000687605468556, "max": 0.153173163533, "mean": 0.0278462693095, "median": 0.0160166304559, "min": 7.85548329944e-13, "var": 0.000715469883289}, "spectral_energyband_high": {"dmean": 0.0018618813483, "dmean2": 0.00309709366411, "dvar": 1.49604366015e-05, "dvar2": 3.9882670535e-05, "max": 0.0281184781343, "mean": 0.00208427221514, "median": 0.000920689257327, "min": 5.34753936011e-13, "var": 1.30841754071e-05}, "spectral_energyband_low": {"dmean": 0.00764532014728, "dmean2": 0.0126936184242, "dvar": 0.000253829697613, "dvar2": 0.000573732017074, "max": 0.114338383079, "mean": 0.0120999682695, "median": 0.00337796844542, "min": 2.21430726267e-14, "var": 0.00041436360334}, "spectral_energyband_middle_high": {"dmean": 0.00165819318499, "dmean2": 0.00269841705449, "dvar": 1.02169233287e-05, "dvar2": 2.60332253674e-05, "max": 0.0282745212317, "mean": 0.00316438707523, "median": 0.00212990003638, "min": 1.24534280457e-13, "var": 1.10783148557e-05}, "spectral_energyband_middle_low": {"dmean": 0.00649939337745, "dmean2": 0.0105946818367, "dvar": 0.000157462534844, "dvar2": 0.000434523011791, "max": 0.0991717875004, "mean": 0.0119212958962, "median": 0.00620508939028, "min": 1.12967996435e-14, "var": 0.000187295401702}, "spectral_entropy": {"dmean": 0.206111624837, "dmean2": 0.327350825071, "dvar": 0.0429951250553, "dvar2": 0.112146764994, "max": 8.83752155304, "mean": 8.05732250214, "median": 8.0320854187, "min": 7.01428890228, "var": 0.0701550468802}, "spectral_flux": {"dmean": 0.0335484556854, "dmean2": 0.048409756273, "dvar": 0.00161485653371, "dvar2": 0.00259973411448, "max": 0.355473875999, "mean": 0.0867095664144, "median": 0.0626521408558, "min": 1.86676152225e-05, "var": 0.00478333234787}, "spectral_kurtosis": {"dmean": 0.988087832928, "dmean2": 1.60382473469, "dvar": 0.923630952835, "dvar2": 2.41631650925, "max": 10.7282953262, "mean": 2.30803751945, "median": 2.29655885696, "min": -0.594193458557, "var": 1.49891507626}, "spectral_rms": {"dmean": 0.000993133871816, "dmean2": 0.00138920033351, "dvar": 1.60336310273e-06, "dvar2": 2.818359917e-06, "max": 0.0122244516388, "mean": 0.00464391103014, "median": 0.00395297119394, "min": 2.76837255342e-08, "var": 5.60121452509e-06}, "spectral_rolloff": {"dmean": 1682.90893555, "dmean2": 2970.48168945, "dvar": 5494642.5, "dvar2": 14117695, "max": 19035.3515625, "mean": 2095.85620117, "median": 1248.92578125, "min": 86.1328125, "var": 5224665.5}, "spectral_skewness": {"dmean": 0.169123291969, "dmean2": 0.276220411062, "dvar": 0.0273378398269, "dvar2": 0.0781220272183, "max": 2.31670451164, "mean": 1.22695732117, "median": 1.21614730358, "min": 0.537060141563, "var": 0.0486810170114}, "spectral_spread": {"dmean": 1188872, "dmean2": 1842950.625, "dvar": 1496579047420.0, "dvar2": 3495251935230.0, "max": 11816556, "mean": 6354302.5, "median": 5876491, "min": 2807715, "var": 2598505283580.0}, "spectral_strongpeak": {"dmean": 0.22089792788, "dmean2": 0.344735264778, "dvar": 0.0660349279642, "dvar2": 0.153859958053, "max": 4.10085964203, "mean": 0.595182478428, "median": 0.460755646229, "min": 0, "var": 0.191785141826}, "zerocrossingrate": {"dmean": 0.021582249552, "dmean2": 0.0291341524571, "dvar": 0.000336251570843, "dvar2": 0.000463451637188, "max": 0.484375, "mean": 0.0777068436146, "median": 0.072265625, "min": 0.0068359375, "var": 0.00154625985306}, "barkbands": {"dmean": [9.82090568868e-05, 0.00483099464327, 0.00428027100861, 0.00341475615278, 0.00232316157781, 0.000749244878534, 0.000542523339391, 0.000338802812621, 0.000436359347077, 0.000206742086448, 0.000230266421568, 0.000267496128799, 0.000259292748524, 0.000271843135124, 0.000192130406504, 0.000186083343579, 0.000152355059981, 0.000175408596988, 0.000146565012983, 0.00023600847635, 0.000169796971022, 0.000298796105199, 0.000354877236532, 0.000393023074139, 0.000489004771225, 9.39069359447e-05, 2.35432962654e-05], "dmean2": [0.000167493955814, 0.00784234050661, 0.00677965162322, 0.00641098152846, 0.00342091661878, 0.00111695250962, 0.000798202177975, 0.000521463050973, 0.000674015493132, 0.000334225333063, 0.00037630458246, 0.000431054621004, 0.000443404860562, 0.000467064266559, 0.000323324609781, 0.000319601385854, 0.000252482452197, 0.000292795681162, 0.000241797839408, 0.000404863938456, 0.00027716771001, 0.000495689571835, 0.000594026758336, 0.000647050212137, 0.000876525999047, 0.0001569975866, 3.58899051207e-05], "dvar": [4.06780422679e-08, 9.90512126009e-05, 0.000120657372463, 9.61565528996e-05, 1.81004470505e-05, 1.78193317879e-06, 8.40573079586e-07, 2.40987787947e-07, 4.05563611139e-07, 1.23395182072e-07, 1.41835101886e-07, 1.54364741434e-07, 3.11147289267e-07, 2.69966108135e-07, 1.09274203908e-07, 1.24351117847e-07, 5.29113783898e-08, 1.05655864502e-07, 5.54153984922e-08, 2.57357697819e-07, 9.05620822778e-08, 5.06439164383e-07, 7.39629626878e-07, 5.68157304315e-07, 9.32324837777e-07, 3.9922348094e-08, 5.00224217603e-09], "dvar2": [1.11941588443e-07, 0.000227144628298, 0.000305399065837, 0.000286128371954, 3.98497431888e-05, 4.0908939809e-06, 1.6860294636e-06, 5.05782452365e-07, 8.74796342032e-07, 2.9352932529e-07, 3.66525682693e-07, 3.77685893227e-07, 7.92868036115e-07, 7.21104299828e-07, 2.85228651364e-07, 3.41639008639e-07, 1.34327038381e-07, 2.8337157687e-07, 1.4279700622e-07, 7.11014138233e-07, 2.36355475636e-07, 1.3723348502e-06, 2.02465116672e-06, 1.35761126785e-06, 2.55152872342e-06, 1.05425833397e-07, 1.00279331505e-08], "max": [0.00164781161584, 0.0618741214275, 0.083776190877, 0.0761645436287, 0.0551695786417, 0.0410367511213, 0.0161363407969, 0.0118648661301, 0.0111579559743, 0.00416085263714, 0.00586032960564, 0.0084327487275, 0.00774108385667, 0.00542980339378, 0.00379476789385, 0.00413387874141, 0.0051473705098, 0.00291560287587, 0.00236091972329, 0.00460764113814, 0.00306589249521, 0.0056668468751, 0.00720999343321, 0.00577305816114, 0.00681269075722, 0.0018216886092, 0.00209728837945], "mean": [0.000114985581604, 0.00619063619524, 0.00440164050087, 0.00266092293896, 0.0047474866733, 0.00152885296848, 0.00126288225874, 0.00065717700636, 0.00101387570612, 0.000275850121398, 0.000331593706505, 0.000463377626147, 0.000305058230879, 0.000337950594258, 0.000258116313489, 0.00028121957439, 0.000263715424808, 0.000256582192378, 0.000252462778008, 0.000317973084748, 0.000285226444248, 0.000346587621607, 0.000368460197933, 0.000384050392313, 0.000373604270862, 0.000104374346847, 6.16438483121e-05], "median": [3.27528832713e-05, 0.00124926958233, 0.00125778187066, 0.000343152380083, 0.00161342334468, 0.000858275219798, 0.000606380868703, 0.00041347759543, 0.000511323974933, 0.000137287657708, 0.000178361136932, 0.000292655517114, 0.000143066819874, 0.000190313876374, 0.00014764725347, 0.000188607635209, 0.000171700521605, 0.000149164974573, 0.000154057473992, 0.000162885786267, 0.000160622264957, 0.000155752146384, 0.00013510005374, 0.000106680432509, 7.12490800652e-05, 3.5887274862e-05, 8.42759345687e-06], "min": [2.38789734785e-14, 9.50473627213e-15, 1.999035872e-15, 6.4774959993e-16, 2.84927547424e-15, 1.75251042672e-15, 1.33714283356e-15, 2.1143395025e-15, 1.49666200741e-15, 5.1430959643e-15, 5.13204133731e-15, 3.30784195946e-15, 8.32688783106e-15, 7.1905643332e-15, 1.75575767575e-14, 1.31777049125e-14, 2.01137443154e-14, 2.12222681919e-14, 1.60501156094e-14, 1.42028197607e-14, 4.09903536081e-14, 2.98872932696e-14, 3.99901161176e-14, 7.12347864615e-14, 9.03775548866e-14, 1.15045221071e-13, 1.56775010725e-13], "var": [4.88816134236e-08, 0.00014735753939, 0.000106307234091, 5.80947489652e-05, 4.88309524371e-05, 5.18583101439e-06, 3.42989733326e-06, 6.47320177904e-07, 1.53771327405e-06, 1.613865237e-07, 1.9241707605e-07, 2.89245576823e-07, 2.71232977411e-07, 2.3062673904e-07, 1.16818384299e-07, 1.13453936024e-07, 8.49572074912e-08, 1.02622458087e-07, 7.45326289575e-08, 2.1049697807e-07, 1.1522591592e-07, 4.08020071063e-07, 5.88499005971e-07, 6.07381480222e-07, 6.7628116085e-07, 3.91384311627e-08, 3.50599300702e-08]}, "erbbands": {"dmean": [0.114620126784, 1.22770941257, 4.03542757034, 9.66716194153, 9.20969676971, 7.25446176529, 5.652135849, 6.23311901093, 6.70951461792, 8.69191265106, 8.47687721252, 8.62873744965, 7.09736585617, 6.92583370209, 8.77214050293, 9.89319419861, 11.9749755859, 12.6663293839, 9.46207714081, 12.0116043091, 9.18498134613, 9.11443424225, 9.46873855591, 7.19266319275, 9.43490314484, 9.742436409, 6.76893949509, 8.8508014679, 12.4880599976, 8.15267181396, 10.2446527481, 6.80815267563, 8.16877174377, 6.319190979, 2.86388373375, 0.748941302299, 0.131120443344, 0.0282721891999, 0.0034987248946, 0.000333729345584], "dmean2": [0.150086060166, 2.05648064613, 6.22495126724, 18.0879096985, 15.2313957214, 10.3813438416, 8.34795665741, 9.19690322876, 9.74416351318, 13.3751859665, 12.5901966095, 13.5863170624, 11.5202007294, 11.0989723206, 14.5389699936, 16.0267753601, 20.2744827271, 21.9535675049, 15.7786693573, 20.692741394, 15.565246582, 15.176566124, 15.788066864, 11.7036581039, 16.1663131714, 16.3887405396, 10.7921962738, 14.9548616409, 21.1951293945, 13.16867733, 17.0432548523, 11.2345132828, 13.9691781998, 11.2271280289, 5.09016752243, 1.30404543877, 0.219986096025, 0.0460977554321, 0.00531786540523, 0.000495515880175], "dvar": [0.0618798211217, 6.00441741943, 92.0664901733, 751.089538574, 478.241241455, 250.437835693, 131.623580933, 111.645133972, 154.767456055, 192.8959198, 137.8253479, 185.105499268, 131.892333984, 114.030311584, 204.575973511, 231.589981079, 591.808166504, 700.263305664, 245.848815918, 608.598083496, 241.887542725, 182.038085938, 291.178985596, 124.517906189, 370.599151611, 353.647033691, 115.589141846, 374.373138428, 957.098144531, 281.481781006, 668.843261719, 187.971160889, 275.792602539, 156.170837402, 31.0776557922, 2.71349382401, 0.0778936892748, 0.0040182559751, 8.73972821864e-05, 2.09807353713e-06], "dvar2": [0.108442343771, 14.8901824951, 212.54133606, 2238.9453125, 1274.50732422, 472.056213379, 269.722351074, 219.223403931, 288.502441406, 430.675964355, 273.075256348, 419.968170166, 322.071258545, 280.233673096, 530.966064453, 578.117370605, 1496.80285645, 1834.82556152, 646.214172363, 1640.14587402, 658.535705566, 462.219085693, 776.396240234, 313.037567139, 1022.89862061, 955.838989258, 291.228088379, 1029.94348145, 2639.29589844, 712.555297852, 1834.36279297, 423.421478271, 732.283447266, 424.432037354, 84.4016494751, 7.41422748566, 0.204271033406, 0.00982268434018, 0.000166333644302, 4.57958003608e-06], "max": [1.75449669361, 14.1416873932, 77.7283096313, 178.008453369, 189.99230957, 243.695587158, 269.804229736, 212.429718018, 294.95803833, 277.705841064, 199.577636719, 255.669113159, 129.384552002, 127.89768219, 163.06741333, 218.184082031, 320.322692871, 252.891113281, 163.791275024, 308.404937744, 228.999343872, 219.441452026, 174.312652588, 114.439155579, 169.432510376, 172.847442627, 127.069290161, 177.80921936, 246.903411865, 149.039550781, 231.267074585, 109.013900757, 125.788459778, 96.8280105591, 42.5184783936, 13.180314064, 2.82502007484, 0.723149180412, 0.256513535976, 0.0491631180048], "mean": [0.134381204844, 1.57245099545, 4.71553087234, 7.78390264511, 12.9935779572, 16.2700023651, 12.3180589676, 13.5475120544, 16.3415145874, 17.8750171661, 20.0633716583, 19.1339492798, 11.1089916229, 11.2233819962, 14.3053731918, 16.2998600006, 14.8895597458, 15.6570081711, 13.5159235001, 15.9696445465, 15.5683994293, 15.560084343, 14.5232381821, 12.8815755844, 13.7520265579, 14.1569910049, 11.7562875748, 12.2319908142, 13.6764574051, 10.1731786728, 10.5298366547, 7.61453199387, 6.95706653595, 4.81024837494, 2.22341489792, 0.668960213661, 0.161330938339, 0.0452708974481, 0.0087466808036, 0.00092118862085], "median": [0.0213644746691, 0.359655052423, 1.55076694489, 1.80338323116, 2.43178009987, 3.76318693161, 5.32889080048, 7.83837842941, 7.78148555756, 9.4844827652, 12.36805439, 9.61990833282, 6.20045900345, 6.75656080246, 9.08083057404, 10.2526626587, 7.5207285881, 8.42978477478, 8.29866027832, 9.36069583893, 10.8584299088, 10.1477069855, 8.65782356262, 8.03286457062, 7.60236930847, 7.64655685425, 6.79630041122, 6.21615886688, 5.84601163864, 4.56049633026, 3.66074943542, 2.47863316536, 1.6219073534, 0.910642266273, 0.447767227888, 0.184906810522, 0.0588143803179, 0.0118182189763, 0.00151342339814, 0.000104757644294], "min": [5.3648047376e-13, 1.34545846686e-12, 2.71749311422e-12, 1.59774559035e-12, 4.17681774584e-12, 1.16137386166e-11, 1.37231649655e-11, 1.69689384072e-11, 1.8288469697e-11, 2.13083370393e-11, 5.52669646159e-11, 4.16595299924e-11, 8.73060582163e-11, 2.50481635433e-10, 1.53241141998e-10, 1.79876835649e-10, 4.57691495814e-10, 3.80107667564e-10, 4.13256512344e-10, 1.31519239943e-09, 6.0109633937e-10, 1.23757126769e-09, 1.06642117359e-09, 1.32064825742e-09, 5.244398249e-10, 6.93546164943e-10, 1.10544862153e-09, 1.84560888794e-09, 1.09232578538e-09, 1.1768692687e-09, 1.19545662258e-09, 1.27208754641e-09, 1.33229882682e-09, 8.16897660627e-10, 7.27650162347e-10, 3.91032123348e-10, 2.79851114504e-10, 8.69772170953e-11, 1.84201022491e-11, 2.51276430219e-12], "var": [0.0976267904043, 8.67241001129, 96.5404663086, 460.598327637, 647.285583496, 920.896911621, 468.899536133, 401.712402344, 676.862609863, 636.673217773, 493.917663574, 612.18536377, 188.338607788, 173.229888916, 261.147338867, 346.119110107, 536.924560547, 584.082824707, 262.401092529, 508.190551758, 276.405792236, 275.110900879, 304.844299316, 186.841247559, 317.442779541, 344.155029297, 176.528457642, 319.550506592, 710.729980469, 288.751068115, 525.898254395, 225.633468628, 230.106140137, 115.407684326, 23.015914917, 2.07994294167, 0.0857096090913, 0.00736742001027, 0.000565249065403, 1.18785492305e-05]}, "gfcc": {"mean": [28.6751613617, 55.1454277039, -95.5435180664, 32.4124717712, -58.9406089783, 12.6213817596, -36.6365661621, 7.49830532074, -21.1004333496, 3.67231655121, -15.8480072021, 0.0043408703059, -12.8896341324], "cov": [[5855.31054688, -523.937133789, 102.028633118, -12.9995164871, -128.917358398, 171.980987549, -152.746551514, -54.3585319519, -183.058990479, -65.5384063721, -90.4098052979, -73.7467880249, -87.1343307495], [-523.937133789, 837.080627441, -209.290405273, 188.568115234, 10.1652975082, -70.8605957031, 65.2293777466, 7.87738656998, 61.6386299133, 5.93956041336, 26.1177062988, -12.4213724136, 1.01556551456], [102.028633118, -209.290405273, 427.302124023, 37.6874656677, 149.261703491, 144.46572876, 72.66015625, 57.4283370972, 27.6287708282, -1.88685357571, 10.7153015137, 5.58633995056, -6.28874254227], [-12.9995164871, 188.568115234, 37.6874656677, 190.452651978, 6.76525259018, 81.8841323853, 10.7733058929, 22.2920436859, -2.02944588661, -4.1434674263, -6.60857009888, -21.5695152283, -16.5008335114], [-128.917358398, 10.1652975082, 149.261703491, 6.76525259018, 185.033508301, 37.5250511169, 117.334442139, 24.6182460785, 70.1048431396, 7.9723777771, 32.5855636597, 31.6911773682, 5.87312030792], [171.980987549, -70.8605957031, 144.46572876, 81.8841323853, 37.5250511169, 191.089187622, 11.8996353149, 68.2529144287, -12.5359869003, 16.2230606079, -6.04462051392, -9.05923080444, -19.4647808075], [-152.746551514, 65.2293777466, 72.66015625, 10.7733058929, 117.334442139, 11.8996353149, 137.658615112, 35.2731246948, 83.5252227783, 8.43856143951, 33.1273117065, 24.7460231781, 8.75895214081], [-54.3585319519, 7.87738656998, 57.4283370972, 22.2920436859, 24.6182460785, 68.2529144287, 35.2731246948, 91.7416152954, 39.6443367004, 32.1311759949, 8.54999256134, 12.3437509537, 10.1898241043], [-183.058990479, 61.6386299133, 27.6287708282, -2.02944588661, 70.1048431396, -12.5359869003, 83.5252227783, 39.6443367004, 96.3118286133, 27.7769298553, 32.5429382324, 21.4485378265, 19.2107391357], [-65.5384063721, 5.93956041336, -1.88685357571, -4.1434674263, 7.9723777771, 16.2230606079, 8.43856143951, 32.1311759949, 27.7769298553, 46.3605079651, 23.7817077637, 21.8522052765, 9.20496177673], [-90.4098052979, 26.1177062988, 10.7153015137, -6.60857009888, 32.5855636597, -6.04462051392, 33.1273117065, 8.54999256134, 32.5429382324, 23.7817077637, 47.1916503906, 35.8702583313, 18.2976856232], [-73.7467880249, -12.4213724136, 5.58633995056, -21.5695152283, 31.6911773682, -9.05923080444, 24.7460231781, 12.3437509537, 21.4485378265, 21.8522052765, 35.8702583313, 59.9210624695, 26.5633869171], [-87.1343307495, 1.01556551456, -6.28874254227, -16.5008335114, 5.87312030792, -19.4647808075, 8.75895214081, 10.1898241043, 19.2107391357, 9.20496177673, 18.2976856232, 26.5633869171, 42.9628334045]], "icov": [[0.000195676533622, 0.000100712401036, 1.83115953405e-05, 1.66545120805e-07, 0.000112253757834, -0.000203087838599, -7.51091602069e-06, 0.000110586828669, 6.8096218456e-05, 0.000170583691215, 7.86727832747e-06, -3.76835851057e-05, 0.00021811905026], [0.000100712401036, 0.00285475258715, 0.0017810157733, -0.00364950695075, -0.00136136100627, 0.00223707873374, -0.000604760483839, -0.00194270641077, 0.000639660167508, 0.000359052122803, -0.00253083766438, 0.00197929539718, 0.000270643999102], [1.83115953405e-05, 0.0017810157733, 0.00572574837133, -0.00165916071273, -0.00487880874425, -0.00139780866448, 0.00121784885414, -0.00271578971297, 0.000340205820976, 0.00324449851178, -0.00329618598334, 0.00252153095789, -0.000377063988708], [1.66545120805e-07, -0.00364950695075, -0.00165916071273, 0.0117984656245, 0.00248304009438, -0.00702109653503, 0.000378199096303, 0.0030198674649, -0.0022533768788, 0.00214008288458, 0.00126343767624, -0.000371809583157, 0.000302299798932], [0.000112253757834, -0.00136136100627, -0.00487880874425, 0.00248304009438, 0.0186116918921, -0.00402920739725, -0.0109984073788, 0.00775404507294, -0.00511414511129, -0.000749792612623, 0.00435864273459, -0.00762268202379, 0.00183692958672], [-0.000203087838599, 0.00223707873374, -0.00139780866448, -0.00702109653503, -0.00402920739725, 0.0172509886324, -0.00127206533216, -0.0125971827656, 0.0109892403707, -0.0049947835505, -0.00378865143284, 0.0043593547307, 0.00332224927843], [-7.51091602069e-06, -0.000604760483839, 0.00121784885414, 0.000378199096303, -0.0109984073788, -0.00127206533216, 0.0302746482193, -0.0059231184423, -0.0185267347842, 0.0166855361313, -0.00854269601405, -0.00310048600659, 0.00674695754424], [0.000110586828669, -0.00194270641077, -0.00271578971297, 0.0030198674649, 0.00775404507294, -0.0125971827656, -0.0059231184423, 0.0318496152759, -0.0115875387564, -0.014528170228, 0.0167019404471, -0.00656673824415, -0.00684030400589], [6.8096218456e-05, 0.000639660167508, 0.000340205820976, -0.0022533768788, -0.00511414511129, 0.0109892403707, -0.0185267347842, -0.0115875387564, 0.0424490347505, -0.0178499370813, -0.00784702133387, 0.013672709465, -0.00875758845359], [0.000170583691215, 0.000359052122803, 0.00324449851178, 0.00214008288458, -0.000749792612623, -0.0049947835505, 0.0166855361313, -0.014528170228, -0.0178499370813, 0.0551999770105, -0.0228333212435, -0.00822349172086, 0.010481769219], [7.86727832747e-06, -0.00253083766438, -0.00329618598334, 0.00126343767624, 0.00435864273459, -0.00378865143284, -0.00854269601405, 0.0167019404471, -0.00784702133387, -0.0228333212435, 0.061893273145, -0.0255169440061, -0.0066358409822], [-3.76835851057e-05, 0.00197929539718, 0.00252153095789, -0.000371809583157, -0.00762268202379, 0.0043593547307, -0.00310048600659, -0.00656673824415, 0.013672709465, -0.00822349172086, -0.0255169440061, 0.0442824177444, -0.0155537622049], [0.00021811905026, 0.000270643999102, -0.000377063988708, 0.000302299798932, 0.00183692958672, 0.00332224927843, 0.00674695754424, -0.00684030400589, -0.00875758845359, 0.010481769219, -0.0066358409822, -0.0155537622049, 0.0393867865205]]}, "melbands": {"dmean": [0.00119485380128, 0.00175521813799, 0.00161824654788, 0.000589452625718, 0.000212922750507, 0.000140467614983, 0.000101638150227, 9.08630900085e-05, 7.69234029576e-05, 5.31938421773e-05, 3.64590232493e-05, 2.82325127046e-05, 3.07049012918e-05, 2.85026944766e-05, 3.28684254782e-05, 2.37707536144e-05, 2.48601972999e-05, 1.69731738424e-05, 1.6406940631e-05, 1.43361812661e-05, 1.05800281744e-05, 9.67559572018e-06, 9.15409873414e-06, 8.73413409863e-06, 5.61433989787e-06, 6.56249949316e-06, 8.60785894474e-06, 6.25765051154e-06, 4.89613057653e-06, 3.41650252267e-06, 5.87318527323e-06, 8.27952408144e-06, 4.19241860072e-06, 4.93195602758e-06, 5.92659716858e-06, 5.09366145707e-06, 4.09354197473e-06, 5.10854306413e-06, 5.7077531892e-06, 5.56977875021e-06], "dmean2": [0.00171669130214, 0.00288054230623, 0.00295002060011, 0.000897465564776, 0.000307196431095, 0.000207726014196, 0.000148310995428, 0.000139383424539, 0.000113888978376, 8.44376772875e-05, 5.90364070376e-05, 4.49537001259e-05, 5.07886943524e-05, 4.58865251858e-05, 5.50559889234e-05, 4.06764920626e-05, 4.33052045992e-05, 2.84036304947e-05, 2.79054456769e-05, 2.48295818892e-05, 1.79866838153e-05, 1.61294628924e-05, 1.55649722728e-05, 1.45824633364e-05, 9.15935561352e-06, 1.10461123768e-05, 1.51749627548e-05, 1.04180589915e-05, 7.93308299762e-06, 5.45862349099e-06, 1.01362529676e-05, 1.43779407153e-05, 6.66724781695e-06, 8.1565194705e-06, 9.92454170046e-06, 8.49394928082e-06, 6.7975206548e-06, 8.60890031618e-06, 9.92218429019e-06, 1.00276893136e-05], "dvar": [6.49488674753e-06, 1.40015708894e-05, 1.92978350242e-05, 1.35616960506e-06, 1.80104137826e-07, 5.64213138432e-08, 3.15787538341e-08, 1.82371717727e-08, 1.21111369822e-08, 6.72262157053e-09, 3.50180395792e-09, 1.83328674463e-09, 2.62846855392e-09, 2.1694384067e-09, 3.76530406854e-09, 2.2015302914e-09, 2.72157585357e-09, 8.11362088626e-10, 8.32358515446e-10, 8.79716355318e-10, 2.9624175335e-10, 2.01122757337e-10, 2.84146622898e-10, 2.42412701024e-10, 6.86826151508e-11, 1.29555546846e-10, 3.93510224406e-10, 1.26001917233e-10, 6.67905106222e-11, 2.60659150514e-11, 1.93344493193e-10, 4.58163479378e-10, 7.58081514229e-11, 1.00936405067e-10, 2.33546376682e-10, 1.47883580381e-10, 6.17359635635e-11, 1.01431758825e-10, 1.29968286133e-10, 1.23669699481e-10], "dvar2": [1.29385225591e-05, 3.17144731525e-05, 5.66231974517e-05, 3.16843420478e-06, 3.4302584595e-07, 1.16990840127e-07, 6.08010779501e-08, 4.11471532402e-08, 2.35664074921e-08, 1.56801505113e-08, 8.49317327578e-09, 4.45934666971e-09, 6.90537982351e-09, 5.17528597754e-09, 9.7237968788e-09, 5.56946710972e-09, 7.19901738222e-09, 2.17856110929e-09, 2.20435203424e-09, 2.3869279886e-09, 8.12653722093e-10, 5.18938780836e-10, 7.44468542369e-10, 6.50938081215e-10, 1.70609845696e-10, 3.46388917549e-10, 1.11631193178e-09, 3.34188537954e-10, 1.72050512726e-10, 6.33537389216e-11, 5.40750721978e-10, 1.27908306169e-09, 1.95389968094e-10, 2.52662418765e-10, 6.38656405538e-10, 3.9687031439e-10, 1.32994559809e-10, 2.63195215622e-10, 3.49275164346e-10, 3.38860717264e-10], "max": [0.0174673963338, 0.0298512261361, 0.0313320830464, 0.0146216964349, 0.00725903082639, 0.00574105372652, 0.00378234940581, 0.0025186019484, 0.0018277206691, 0.00136564567219, 0.000655964773614, 0.000469604274258, 0.000656110467389, 0.00121720542666, 0.000851004384458, 0.00046651653247, 0.000508882978465, 0.00027840124676, 0.000352561706677, 0.000335543038091, 0.000268896983471, 0.000204837371712, 0.00038624566514, 0.000143488447065, 9.83508798527e-05, 0.000106088846223, 0.000200670678169, 9.83826466836e-05, 8.50074720802e-05, 7.25055288058e-05, 0.000135025708005, 0.000170843093656, 7.51104089431e-05, 8.99078586372e-05, 0.00013720356219, 0.000109380482172, 6.10666538705e-05, 8.15034363768e-05, 8.4083796537e-05, 8.97486825124e-05], "mean": [0.00151323748287, 0.00240603648126, 0.00150546000805, 0.00108646845911, 0.00049956451403, 0.0003074069391, 0.000248217198532, 0.000180634204298, 0.000183930242201, 0.000114059825137, 5.43210662727e-05, 4.48578430223e-05, 4.71685525554e-05, 5.10053287144e-05, 4.05788159696e-05, 2.91934993584e-05, 2.9416210964e-05, 2.24750838242e-05, 2.15197305806e-05, 1.96266373678e-05, 1.73756561708e-05, 1.57310405484e-05, 1.415321276e-05, 1.25290853248e-05, 1.00309380286e-05, 1.0206735169e-05, 1.05638573586e-05, 9.08626407181e-06, 7.76579145167e-06, 6.26614428256e-06, 7.30116516934e-06, 8.39515359985e-06, 5.56777376914e-06, 5.8380514929e-06, 6.0919887801e-06, 5.31365230927e-06, 4.4821076699e-06, 4.58162230643e-06, 4.57484338767e-06, 4.08057303503e-06], "median": [0.000269283453235, 0.000787273340393, 0.000331683142576, 0.000284465699224, 0.000189217884326, 0.000183037147508, 0.000124640821014, 0.000101077923318, 0.000106739295006, 6.03654079896e-05, 2.89169474854e-05, 2.68474141194e-05, 2.77600192931e-05, 3.02742555505e-05, 2.04139469133e-05, 1.45198346218e-05, 1.58029961312e-05, 1.22064593597e-05, 1.21916309581e-05, 1.1798464584e-05, 1.19784590424e-05, 9.81124503596e-06, 8.69924679137e-06, 7.35633875593e-06, 6.30523118161e-06, 5.96730751568e-06, 5.3813582781e-06, 4.89532794745e-06, 4.309356882e-06, 3.77350966119e-06, 3.43049873663e-06, 3.36157768288e-06, 2.71580893241e-06, 2.46382387559e-06, 2.12117629417e-06, 1.76127559826e-06, 1.40767986068e-06, 1.15463694783e-06, 9.30606461225e-07, 7.20275352251e-07], "min": [4.88452433408e-15, 1.5358384459e-15, 3.96357818011e-16, 5.11480951079e-16, 5.58777682667e-16, 3.64778126867e-16, 2.72689207767e-16, 2.56342848314e-16, 4.44207053309e-16, 2.38267800494e-16, 4.08207173669e-16, 9.75557385627e-16, 6.29458611648e-16, 3.26753626725e-16, 7.34992140612e-16, 8.27864538718e-16, 7.21873506083e-16, 5.28087667284e-16, 1.48865489909e-15, 1.42699757091e-15, 5.73379207188e-16, 1.42139307153e-15, 7.44294468197e-16, 1.15956354084e-15, 1.12142535299e-15, 3.64326023031e-16, 4.53643265039e-16, 4.31067375305e-16, 6.40612817953e-16, 7.6778443883e-16, 1.13603000095e-15, 5.39846496295e-16, 6.18000585212e-16, 6.90515128766e-16, 6.75725298232e-16, 6.64751562884e-16, 7.88800067405e-16, 9.00301896395e-16, 7.49125520612e-16, 6.67616969466e-16], "var": [1.02482345028e-05, 1.86239903996e-05, 1.27845996758e-05, 3.12167253469e-06, 7.00265900377e-07, 1.8761885201e-07, 1.30773656792e-07, 5.77605554497e-08, 4.79316497604e-08, 2.02435934682e-08, 4.9620663134e-09, 2.8413309483e-09, 3.30259464221e-09, 4.40897718335e-09, 3.67899199993e-09, 2.03121430786e-09, 2.20230478298e-09, 8.56953674688e-10, 8.3755430369e-10, 7.33523852769e-10, 3.59104107561e-10, 2.98024716017e-10, 3.56595669659e-10, 2.39304548399e-10, 1.13295213489e-10, 1.40179728936e-10, 2.7740956754e-10, 1.3571209434e-10, 8.82293682558e-11, 4.76438680175e-11, 1.46822221048e-10, 3.17819437434e-10, 7.6950591732e-11, 1.0184056376e-10, 1.80087819657e-10, 1.30126298625e-10, 7.79040651433e-11, 9.25717905109e-11, 1.01839710276e-10, 8.75004305123e-11]}, "mfcc": {"mean": [-619.925476074, 92.2551269531, 16.1154537201, 21.8081455231, 3.50370645523, 5.15625667572, -1.37566888332, 1.88729584217, -0.211618602276, 0.969528198242, 0.171416118741, 1.79543220997, 0.670584917068], "cov": [[5480.41601562, -358.758270264, 72.5480194092, -157.366668701, -7.25004768372, 27.5050201416, 11.2500524521, -66.2127685547, -96.0784378052, -68.2342529297, -43.0659332275, -85.1999664307, -97.3647994995], [-358.758270264, 507.219451904, -118.190681458, 166.701538086, -35.4440536499, 5.53846073151, -18.943189621, 30.0604114532, 19.360748291, 24.0218868256, 11.7141046524, 50.5148620605, 35.6295127869], [72.5480194092, -118.190681458, 282.289611816, -9.27483081818, 113.232795715, 61.5684280396, 78.3366622925, 45.9790649414, 40.2143516541, 20.2313709259, 18.5279121399, 6.53791475296, 6.45030450821], [-157.366668701, 166.701538086, -9.27483081818, 144.32649231, 3.71418523788, 30.3809719086, 0.13174957037, 30.5296516418, 11.2153968811, 17.3460998535, 3.18667030334, 25.4271602631, 8.96248912811], [-7.25004768372, -35.4440536499, 113.232795715, 3.71418523788, 104.06464386, 57.1313056946, 56.6538887024, 39.2360839844, 32.6121520996, 15.5240373611, 15.9995756149, 13.1329317093, 17.0024032593], [27.5050201416, 5.53846073151, 61.5684280396, 30.3809719086, 57.1313056946, 87.0200195312, 52.4830131531, 42.5207481384, 16.3948249817, 18.8138542175, 12.7821960449, 18.0808467865, 11.0348100662], [11.2500524521, -18.943189621, 78.3366622925, 0.13174957037, 56.6538887024, 52.4830131531, 73.4445114136, 49.6026000977, 29.1571884155, 15.4063882828, 15.3580789566, 14.6372756958, 17.1180152893], [-66.2127685547, 30.0604114532, 45.9790649414, 30.5296516418, 39.2360839844, 42.5207481384, 49.6026000977, 79.2095184326, 49.3961601257, 30.4016704559, 18.9104537964, 28.8196620941, 23.7995471954], [-96.0784378052, 19.360748291, 40.2143516541, 11.2153968811, 32.6121520996, 16.3948249817, 29.1571884155, 49.3961601257, 62.9205856323, 38.8890800476, 20.7525081635, 19.0903453827, 15.8103294373], [-68.2342529297, 24.0218868256, 20.2313709259, 17.3460998535, 15.5240373611, 18.8138542175, 15.4063882828, 30.4016704559, 38.8890800476, 54.3971138, 30.60779953, 17.2397212982, 4.4782538414], [-43.0659332275, 11.7141046524, 18.5279121399, 3.18667030334, 15.9995756149, 12.7821960449, 15.3580789566, 18.9104537964, 20.7525081635, 30.60779953, 37.7408905029, 23.2909030914, 8.70974445343], [-85.1999664307, 50.5148620605, 6.53791475296, 25.4271602631, 13.1329317093, 18.0808467865, 14.6372756958, 28.8196620941, 19.0903453827, 17.2397212982, 23.2909030914, 47.8991966248, 32.6437301636], [-97.3647994995, 35.6295127869, 6.45030450821, 8.96248912811, 17.0024032593, 11.0348100662, 17.1180152893, 23.7995471954, 15.8103294373, 4.4782538414, 8.70974445343, 32.6437301636, 53.3164138794]], "icov": [[0.0002022026747, 5.95277233515e-05, -4.25209946116e-05, 0.000164733632118, 8.69354626047e-05, -0.000191355909919, -3.28751411871e-05, -8.54570171214e-05, 0.000254932208918, 5.16217805853e-05, 7.26481157471e-05, -3.14135286317e-05, 0.000294944038615], [5.95277233515e-05, 0.00405448395759, 0.00160691747442, -0.00456983735785, 0.000502894981764, 0.000619775732048, -0.00113633426372, 0.00126888114028, -0.00162292458117, 0.000358188321115, -0.000666280684527, -0.000988055136986, -0.00135223008692], [-4.25209946116e-05, 0.00160691747442, 0.00755121279508, -0.0016965426039, -0.00631168298423, 0.00164135941304, -0.00461033778265, 0.00143103708979, -0.00115652359091, -0.000560194195714, 0.000427650433267, -0.000868004106451, 0.00158621417359], [0.000164733632118, -0.00456983735785, -0.0016965426039, 0.0153252752498, -0.000694070011377, -0.00454992009327, 0.00645838165656, -0.00644355453551, 0.00459750462323, -0.00429483968765, 0.00696701649576, -0.00550122465938, 0.00417700968683], [8.69354626047e-05, 0.000502894981764, -0.00631168298423, -0.000694070011377, 0.0280297007412, -0.0126112215221, -0.00440338905901, 0.00538580305874, -0.0126770287752, 0.00945782847703, -0.0082522155717, 0.00560318259522, -0.00573357148096], [-0.000191355909919, 0.000619775732048, 0.00164135941304, -0.00454992009327, -0.0126112215221, 0.0327062532306, -0.0158426444978, -0.00676620192826, 0.0170214828104, -0.0145029332489, 0.00973876193166, -0.00841215252876, 0.00489217368886], [-3.28751411871e-05, -0.00113633426372, -0.00461033778265, 0.00645838165656, -0.00440338905901, -0.0158426444978, 0.0467359684408, -0.0201537124813, -0.000784330070019, 0.0092400694266, -0.0115269869566, 0.0100186215714, -0.00594891700894], [-8.54570171214e-05, 0.00126888114028, 0.00143103708979, -0.00644355453551, 0.00538580305874, -0.00676620192826, -0.0201537124813, 0.0472543388605, -0.028452957049, 0.002198751783, 0.00428703660145, -0.0101206637919, -0.00128510710783], [0.000254932208918, -0.00162292458117, -0.00115652359091, 0.00459750462323, -0.0126770287752, 0.0170214828104, -0.000784330070019, -0.028452957049, 0.0603282265365, -0.0354290306568, 0.0123441312462, -0.00218178564683, -0.00120481650811], [5.16217805853e-05, 0.000358188321115, -0.000560194195714, -0.00429483968765, 0.00945782847703, -0.0145029332489, 0.0092400694266, 0.002198751783, -0.0354290306568, 0.0644586533308, -0.0439441800117, 0.0119990818202, 0.00160608161241], [7.26481157471e-05, -0.000666280684527, 0.000427650433267, 0.00696701649576, -0.0082522155717, 0.00973876193166, -0.0115269869566, 0.00428703660145, 0.0123441312462, -0.0439441800117, 0.0793084427714, -0.0402448438108, 0.0134734874591], [-3.14135286317e-05, -0.000988055136986, -0.000868004106451, -0.00550122465938, 0.00560318259522, -0.00841215252876, 0.0100186215714, -0.0101206637919, -0.00218178564683, 0.0119990818202, -0.0402448438108, 0.0677598640323, -0.0323854573071], [0.000294944038615, -0.00135223008692, 0.00158621417359, 0.00417700968683, -0.00573357148096, 0.00489217368886, -0.00594891700894, -0.00128510710783, -0.00120481650811, 0.00160608161241, 0.0134734874591, -0.0323854573071, 0.0404534898698]]}, "spectral_contrast_coeffs": {"dmean": [0.0570570975542, 0.0416863188148, 0.0376625061035, 0.0265005137771, 0.0163442157209, 0.0248154625297], "dmean2": [0.0905766263604, 0.0665276870131, 0.0599092021585, 0.0442330874503, 0.0273890662938, 0.0380023792386], "dvar": [0.00332362460904, 0.00121413706802, 0.000949073582888, 0.000420461525209, 0.00016689876793, 0.000464215874672], "dvar2": [0.00816970691085, 0.00309714325704, 0.00247313431464, 0.0011518811807, 0.000454218010418, 0.000928773719352], "max": [-0.293581217527, -0.494846522808, -0.599771082401, -0.696111559868, -0.720713376999, -0.662009119987], "mean": [-0.614290893078, -0.727018356323, -0.786851346493, -0.81047475338, -0.822385847569, -0.7783395648], "median": [-0.625183999538, -0.726425468922, -0.786723673344, -0.810636103153, -0.82236135006, -0.778112709522], "min": [-0.945128798485, -0.929971337318, -0.940769970417, -0.945186913013, -0.945863187313, -0.92581063509], "var": [0.00779124628752, 0.00357459671795, 0.00263140839525, 0.00103599706199, 0.000483528769109, 0.00118396733887]}, "spectral_contrast_valleys": {"dmean": [0.378960460424, 0.353459179401, 0.42161783576, 0.372665941715, 0.295941144228, 0.593182444572], "dmean2": [0.595350205898, 0.585201025009, 0.670436382294, 0.583114087582, 0.441327989101, 0.871539235115], "dvar": [0.102684468031, 0.105476997793, 0.174674496055, 0.157255664468, 0.104252792895, 0.313773036003], "dvar2": [0.237838581204, 0.271629244089, 0.423637151718, 0.366480052471, 0.244272142649, 0.692508935928], "max": [-5.76535177231, -4.82879161835, -5.12750720978, -5.49044847488, -5.42323970795, -7.10953140259], "mean": [-7.41850137711, -6.71366548538, -7.36634302139, -7.50246810913, -7.13416194916, -9.27464389801], "median": [-7.35084342957, -6.6198