{"lowlevel": {"average_loudness": 0.934063076973, "barkbands_crest": {"dmean": 2.90354084969, "dmean2": 4.57949495316, "dvar": 8.43921661377, "dvar2": 20.5412902832, "max": 25.8749580383, "mean": 11.3445863724, "median": 11.0813522339, "min": 2.22924995422, "var": 17.1178684235}, "barkbands_flatness_db": {"dmean": 0.0294633675367, "dmean2": 0.0421511679888, "dvar": 0.000853920704685, "dvar2": 0.0017398892669, "max": 0.416044831276, "mean": 0.140736609697, "median": 0.131372869015, "min": 0.0166200380772, "var": 0.0043885614723}, "barkbands_kurtosis": {"dmean": 4.53894519806, "dmean2": 6.92035484314, "dvar": 53.8830413818, "dvar2": 113.983398438, "max": 137.949432373, "mean": 7.40604639053, "median": 4.10313606262, "min": -1.85107588768, "var": 129.673492432}, "barkbands_skewness": {"dmean": 0.706928551197, "dmean2": 1.05030989647, "dvar": 0.586017310619, "dvar2": 1.19768953323, "max": 9.75876808167, "mean": 2.11689448357, "median": 1.94852495193, "min": -1.85382580757, "var": 1.6221600771}, "barkbands_spread": {"dmean": 7.19556093216, "dmean2": 10.9108715057, "dvar": 80.723739624, "dvar2": 175.867248535, "max": 95.4768295288, "mean": 23.1164588928, "median": 18.1764011383, "min": 1.31587696075, "var": 299.138671875}, "dissonance": {"dmean": 0.0147369997576, "dmean2": 0.0245176963508, "dvar": 0.000228350530961, "dvar2": 0.000604671076871, "max": 0.499999940395, "mean": 0.465911597013, "median": 0.474040001631, "min": 0.27236366272, "var": 0.000800737005193}, "dynamic_complexity": 3.71374559402, "erbbands_crest": {"dmean": 2.36708569527, "dmean2": 3.48268914223, "dvar": 5.38755607605, "dvar2": 10.8668670654, "max": 29.8636932373, "mean": 8.98098564148, "median": 7.49219560623, "min": 2.31625509262, "var": 22.5534687042}, "erbbands_flatness_db": {"dmean": 0.0213917084038, "dmean2": 0.0284593775868, "dvar": 0.00059656862868, "dvar2": 0.000997312716208, "max": 0.352155506611, "mean": 0.134675756097, "median": 0.12543040514, "min": 0.0347513705492, "var": 0.00321265612729}, "erbbands_kurtosis": {"dmean": 0.908065915108, "dmean2": 1.32060587406, "dvar": 1.94462144375, "dvar2": 3.36852359772, "max": 37.5466499329, "mean": 0.609685242176, "median": -0.157361745834, "min": -1.74037826061, "var": 6.54076862335}, "erbbands_skewness": {"dmean": 0.358234256506, "dmean2": 0.527987718582, "dvar": 0.135406553745, "dvar2": 0.287727802992, "max": 5.02284765244, "mean": 0.238592430949, "median": 0.285266518593, "min": -2.80284428596, "var": 0.845214664936}, "erbbands_spread": {"dmean": 11.2295808792, "dmean2": 16.4071178436, "dvar": 200.252975464, "dvar2": 398.499206543, "max": 135.383468628, "mean": 45.5444450378, "median": 43.9959526062, "min": 3.35713744164, "var": 513.094665527}, "hfc": {"dmean": 10.6884946823, "dmean2": 15.4574508667, "dvar": 352.834472656, "dvar2": 804.098083496, "max": 205.334838867, "mean": 19.1522369385, "median": 10.1361579895, "min": 3.87688636749e-08, "var": 615.534118652}, "melbands_crest": {"dmean": 3.38253116608, "dmean2": 5.31321001053, "dvar": 11.158821106, "dvar2": 25.906124115, "max": 32.8727264404, "mean": 15.8639183044, "median": 15.6103610992, "min": 2.76090312004, "var": 23.7532539368}, "melbands_flatness_db": {"dmean": 0.036837503314, "dmean2": 0.0524845905602, "dvar": 0.00131373677868, "dvar2": 0.00256816879846, "max": 0.53731238842, "mean": 0.230324447155, "median": 0.221708849072, "min": 0.0141398888081, "var": 0.00707736657932}, "melbands_kurtosis": {"dmean": 12.7093458176, "dmean2": 20.0115509033, "dvar": 480.807037354, "dvar2": 1094.60998535, "max": 360.79284668, "mean": 21.7478408813, "median": 13.3026390076, "min": -1.6336325407, "var": 673.63269043}, "melbands_skewness": {"dmean": 1.06917023659, "dmean2": 1.61654186249, "dvar": 1.59053122997, "dvar2": 3.36601090431, "max": 15.7526636124, "mean": 3.51525497437, "median": 3.19512701035, "min": -1.32258296013, "var": 3.45814585686}, "melbands_spread": {"dmean": 7.49974298477, "dmean2": 11.6982049942, "dvar": 127.196243286, "dvar2": 283.079467773, "max": 154.585281372, "mean": 18.223493576, "median": 13.1739578247, "min": 1.00844764709, "var": 269.662780762}, "pitch_salience": {"dmean": 0.0845452323556, "dmean2": 0.134687110782, "dvar": 0.00670899963006, "dvar2": 0.0163129661232, "max": 0.872900485992, "mean": 0.534650444984, "median": 0.544803380966, "min": 0.0994447171688, "var": 0.0140592269599}, "silence_rate_20dB": {"dmean": 0, "dmean2": 0, "dvar": 0, "dvar2": 0, "max": 1, "mean": 1, "median": 1, "min": 1, "var": 0}, "silence_rate_30dB": {"dmean": 0.0513572990894, "dmean2": 0.102733440697, "dvar": 0.0487195849419, "dvar2": 0.12080077827, "max": 1, "mean": 0.960572183132, "median": 1, "min": 0, "var": 0.037874430418}, "silence_rate_60dB": {"dmean": 0.0429200306535, "dmean2": 0.0856723561883, "dvar": 0.0410802774131, "dvar2": 0.0963178798556, "max": 1, "mean": 0.0971942022443, "median": 0, "min": 0, "var": 0.0877523943782}, "spectral_centroid": {"dmean": 273.3543396, "dmean2": 408.387176514, "dvar": 110271.296875, "dvar2": 240402.546875, "max": 4069.5847168, "mean": 1274.50610352, "median": 1068.08312988, "min": 201.990097046, "var": 542403.875}, "spectral_complexity": {"dmean": 4.0132060051, "dmean2": 5.85690689087, "dvar": 28.563457489, "dvar2": 52.6367874146, "max": 60, "mean": 16.4093151093, "median": 14, "min": 0, "var": 114.438438416}, "spectral_decrease": {"dmean": 4.62548754854e-09, "dmean2": 7.2246013616e-09, "dvar": 8.05757958177e-17, "dvar2": 1.85163652201e-16, "max": -1.39960342587e-19, "mean": -7.77334019375e-09, "median": -5.51218093392e-09, "min": -1.12618671722e-07, "var": 9.46856243309e-17}, "spectral_energy": {"dmean": 0.0182801205665, "dmean2": 0.0284141749144, "dvar": 0.001218704856, "dvar2": 0.00279927952215, "max": 0.431764155626, "mean": 0.031075546518, "median": 0.0219694487751, "min": 4.04469166493e-12, "var": 0.00145535566844}, "spectral_energyband_high": {"dmean": 0.00079441035632, "dmean2": 0.00117583968677, "dvar": 1.91183380593e-06, "dvar2": 4.29088095188e-06, "max": 0.0173329841346, "mean": 0.00113308487926, "median": 0.000233869024669, "min": 2.58075548779e-12, "var": 4.01838087782e-06}, "spectral_energyband_low": {"dmean": 0.0134127354249, "dmean2": 0.0215126909316, "dvar": 0.000895824225154, "dvar2": 0.00207241135649, "max": 0.403203368187, "mean": 0.0191120579839, "median": 0.0128064826131, "min": 9.85010480841e-14, "var": 0.000938128971029}, "spectral_energyband_middle_high": {"dmean": 0.00160365842748, "dmean2": 0.00250790128484, "dvar": 1.84379932762e-05, "dvar2": 4.59856564703e-05, "max": 0.0568728484213, "mean": 0.00294250529259, "median": 0.00142040289938, "min": 8.33536527561e-13, "var": 2.1847363314e-05}, "spectral_energyband_middle_low": {"dmean": 0.00574325071648, "dmean2": 0.00922555290163, "dvar": 0.000157147209393, "dvar2": 0.000421138975071, "max": 0.134579509497, "mean": 0.00952679850161, "median": 0.00616378802806, "min": 1.24089147703e-13, "var": 0.000158575217938}, "spectral_entropy": {"dmean": 0.20724260807, "dmean2": 0.285819977522, "dvar": 0.061501186341, "dvar2": 0.107717104256, "max": 8.75987243652, "mean": 7.52730131149, "median": 7.59750795364, "min": 5.00313663483, "var": 0.347052574158}, "spectral_flux": {"dmean": 0.0435564406216, "dmean2": 0.0676264464855, "dvar": 0.00318286311813, "dvar2": 0.00670460937545, "max": 0.562888205051, "mean": 0.0886666551232, "median": 0.0662339702249, "min": 8.88423528522e-05, "var": 0.00584508478642}, "spectral_kurtosis": {"dmean": 2.1081302166, "dmean2": 3.38108897209, "dvar": 11.5939445496, "dvar2": 30.5446872711, "max": 138.790710449, "mean": 7.17132902145, "median": 4.16844892502, "min": -0.421078681946, "var": 186.705078125}, "spectral_rms": {"dmean": 0.00136676302645, "dmean2": 0.0020325591322, "dvar": 3.55793508788e-06, "dvar2": 7.40091627449e-06, "max": 0.020523969084, "mean": 0.00479296594858, "median": 0.00462964456528, "min": 6.28175200745e-08, "var": 7.34512423151e-06}, "spectral_rolloff": {"dmean": 603.726318359, "dmean2": 999.996582031, "dvar": 1155343.25, "dvar2": 2423836.5, "max": 18410.8886719, "mean": 1262.81567383, "median": 645.99609375, "min": 64.599609375, "var": 2355449.5}, "spectral_skewness": {"dmean": 0.258819460869, "dmean2": 0.400583922863, "dvar": 0.101294994354, "dvar2": 0.227373406291, "max": 9.86139202118, "mean": 1.74808883667, "median": 1.52366745472, "min": 0.215266600251, "var": 1.15947425365}, "spectral_spread": {"dmean": 765537.3125, "dmean2": 1023981.75, "dvar": 817697783808, "dvar2": 1362324619260.0, "max": 11697177, "mean": 4902126, "median": 4719211, "min": 834119.5, "var": 3345021403140.0}, "spectral_strongpeak": {"dmean": 0.276277452707, "dmean2": 0.478476166725, "dvar": 0.33847463131, "dvar2": 0.846486449242, "max": 13.3571958542, "mean": 0.484133630991, "median": 0.360587179661, "min": 0, "var": 0.337984085083}, "zerocrossingrate": {"dmean": 0.0137774664909, "dmean2": 0.0155445607379, "dvar": 0.000254974322161, "dvar2": 0.000325122411596, "max": 0.48095703125, "mean": 0.0580999180675, "median": 0.04931640625, "min": 0.00537109375, "var": 0.00150982267223}, "barkbands": {"dmean": [0.000425795413321, 0.00872232951224, 0.00558327604085, 0.00265448959544, 0.00153026473708, 0.0012490786612, 0.000801156158559, 0.000507669057697, 0.000429331761552, 0.000280590582406, 0.000357526470907, 0.000174725719262, 0.000183747411938, 0.000126726052258, 0.000208979021409, 0.000205464355531, 0.000222209608182, 0.000189505924936, 0.000201557544642, 0.000112025933049, 0.000109062711999, 0.00025710783666, 0.000193691215827, 9.40811296459e-05, 5.67090573895e-05, 7.94446241343e-05, 2.95593254123e-05], "dmean2": [0.000755037995987, 0.0142428800464, 0.00992505066097, 0.00443832576275, 0.00265073426999, 0.00197384902276, 0.0012306405697, 0.000790740945376, 0.000641316350084, 0.000472313287901, 0.000614287971985, 0.000284140842268, 0.000307006732328, 0.000204973475775, 0.000341593287885, 0.000335765420459, 0.000353323528543, 0.000292448326945, 0.000312711141305, 0.000169219158124, 0.000159116985742, 0.000433417939348, 0.000317475496558, 0.000144975711009, 7.8873919847e-05, 0.000109997788968, 4.17039336753e-05], "dvar": [5.79195386763e-07, 0.000453643529909, 0.000241088346229, 4.09691492678e-05, 1.42455364767e-05, 1.77464444278e-05, 5.56914119443e-06, 1.19099684071e-06, 5.93380718783e-07, 7.92782259396e-07, 1.47940522766e-06, 2.66227289103e-07, 4.01074231604e-07, 9.38916073778e-08, 2.70027925353e-07, 2.32214247831e-07, 4.43773927827e-07, 1.57497240139e-07, 1.96630452365e-07, 5.48679217616e-08, 4.38922924673e-08, 2.50349472708e-07, 1.35524885536e-07, 3.21223581068e-08, 1.1533580313e-08, 2.42088322722e-08, 3.29324789661e-09], "dvar2": [1.75125649093e-06, 0.0010808421066, 0.000676660565659, 0.000112393790914, 4.05492137361e-05, 4.49661456514e-05, 1.48011349665e-05, 3.06449237542e-06, 1.29749980715e-06, 2.04950379157e-06, 4.2030997065e-06, 6.50859988127e-07, 1.07622338419e-06, 2.42362716563e-07, 6.95687106145e-07, 5.89643605053e-07, 1.11714098239e-06, 3.49071342498e-07, 4.4602418825e-07, 1.28971279878e-07, 9.46631359966e-08, 6.45113857445e-07, 3.34881633535e-07, 7.66858008205e-08, 2.38874395819e-08, 4.79895945205e-08, 6.43399689082e-09], "max": [0.00698133511469, 0.283182561398, 0.159195363522, 0.0835323557258, 0.0449360087514, 0.0453952401876, 0.0289333257824, 0.0170248560607, 0.0112480251119, 0.0111776888371, 0.0168553963304, 0.008435648866, 0.0126100126654, 0.00464892759919, 0.00788904167712, 0.00606021052226, 0.0176788512617, 0.0059498748742, 0.0101688792929, 0.00777612440288, 0.00469933170825, 0.00468361051753, 0.00362136727199, 0.0034148930572, 0.00171405274887, 0.00199713162147, 0.000562330416869], "mean": [0.000427441322245, 0.0114139793441, 0.00568255735561, 0.0032154773362, 0.00191217276733, 0.00160094059538, 0.00106410612352, 0.000845317437779, 0.00078993110219, 0.000295149511658, 0.000356289208867, 0.00021000560082, 0.00019885180518, 0.000175456312718, 0.000287499889964, 0.000286783935735, 0.000378550059395, 0.000328924972564, 0.000380988174584, 0.000195616608835, 0.00017400093202, 0.000268414820312, 0.000218880362809, 0.000134750211146, 9.61463883868e-05, 0.000103393671452, 3.39048056048e-05], "median": [0.000180026050657, 0.00709086330608, 0.00150877272245, 0.00141667108983, 0.000927868124563, 0.000561451830436, 0.000259905558778, 0.000339645892382, 0.000336770084687, 8.4232975496e-05, 0.000108351305244, 7.6340205851e-05, 8.20759742055e-05, 9.71898698481e-05, 0.000102079167846, 6.12511721556e-05, 0.000119796881336, 8.98545986274e-05, 8.81893211044e-05, 6.70189474477e-05, 4.90029124194e-05, 3.857685806e-05, 3.09513998218e-05, 2.27744658332e-05, 1.40964621096e-05, 1.03528445834e-05, 2.27573218581e-06], "min": [6.27905659325e-14, 4.89906373932e-14, 1.93243062204e-14, 4.46340326962e-15, 4.51235118606e-15, 8.33627041501e-15, 4.74602961911e-14, 3.90759439509e-14, 7.11298712666e-15, 8.04290716059e-14, 7.52074794043e-14, 6.83051163373e-14, 1.02515252418e-13, 7.65064484746e-14, 3.42922881118e-14, 5.65333200988e-14, 6.33257755587e-14, 1.40016131827e-13, 7.05514138321e-14, 2.54033041347e-13, 2.7497494841e-13, 2.35270787227e-13, 2.16163770369e-13, 1.80914175784e-13, 3.41582041515e-13, 4.18617777161e-13, 8.4892200691e-13], "var": [5.18193417065e-07, 0.000437752634753, 0.000163811113453, 3.69302506442e-05, 1.10420123747e-05, 1.7646145352e-05, 5.91728712607e-06, 1.87978764643e-06, 1.30072794491e-06, 6.4190254534e-07, 1.00307511275e-06, 2.6470576131e-07, 2.90341233722e-07, 8.86963960056e-08, 3.03361389342e-07, 2.93291265052e-07, 8.62358433551e-07, 3.16475563977e-07, 4.49581449402e-07, 1.28755544893e-07, 9.78796990125e-08, 2.81197117147e-07, 1.9657782957e-07, 7.74027739681e-08, 3.80829092705e-08, 4.09846556693e-08, 4.65253080506e-09]}, "erbbands": {"dmean": [0.171890318394, 2.2677052021, 6.16880846024, 7.8924074173, 5.99259710312, 5.64611196518, 5.45293426514, 12.2913408279, 10.0242671967, 13.5994987488, 12.3473987579, 11.2989206314, 7.09974527359, 10.9168758392, 12.1311950684, 7.07943677902, 7.74782133102, 6.73058319092, 8.82579517365, 14.8652362823, 9.78404903412, 10.067612648, 11.0547008514, 8.6822681427, 9.93460655212, 5.35541343689, 4.74311065674, 4.52098560333, 7.35903596878, 8.75858402252, 5.4645280838, 2.48742461205, 1.43569159508, 0.648674547672, 0.418805509806, 0.269754439592, 0.159808292985, 0.0463882423937, 0.00524195190519, 0.000217044449528], "dmean2": [0.277162432671, 3.71821475029, 10.6147670746, 13.5441818237, 10.1381235123, 9.74508285522, 8.97946834564, 19.4153213501, 15.7790317535, 19.9349422455, 18.8074741364, 16.5513420105, 11.4928665161, 18.9393291473, 20.1479206085, 11.7035131454, 12.8428726196, 10.9400606155, 15.0495538712, 23.858669281, 15.9367961884, 15.9041776657, 16.9925289154, 13.2462463379, 15.577132225, 7.9308962822, 6.9642791748, 6.72714138031, 12.170083046, 14.7523479462, 8.87121009827, 3.85357785225, 2.20310378075, 0.933025896549, 0.581907212734, 0.373225659132, 0.222605243325, 0.0654953271151, 0.00734076229855, 0.000300436338875], "dvar": [0.157757163048, 30.7519512177, 259.444549561, 400.580200195, 223.135543823, 225.960296631, 179.829223633, 2163.50854492, 1380.53100586, 1241.45336914, 660.328979492, 393.458190918, 360.481536865, 1579.7175293, 1393.19970703, 432.090881348, 532.204650879, 333.494812012, 548.029052734, 1082.59094238, 594.547119141, 704.886047363, 607.619812012, 371.835021973, 469.074707031, 115.441627502, 87.8106155396, 73.3885421753, 212.098754883, 302.520690918, 105.694252014, 20.7248649597, 8.73223781586, 1.60461044312, 0.702156066895, 0.289568334818, 0.105350442231, 0.00824424531311, 0.00010412800475, 1.68815006418e-07], "dvar2": [0.368873566389, 73.67993927, 705.645874023, 1129.3795166, 619.212158203, 646.129882812, 480.179046631, 5431.73876953, 3535.29370117, 2995.94946289, 1642.63659668, 844.097717285, 870.570617676, 4420.15966797, 3789.81542969, 1096.2409668, 1397.94641113, 860.860229492, 1490.97631836, 2605.38696289, 1560.2878418, 1750.39331055, 1326.85961914, 806.261352539, 1157.49645996, 258.350494385, 180.724029541, 165.85899353, 548.917114258, 769.956542969, 262.57510376, 48.2230224609, 20.553976059, 3.47784590721, 1.45603787899, 0.585704147816, 0.208662301302, 0.0165570769459, 0.000206858909223, 3.1435058645e-07], "max": [5.93002796173, 75.4101638794, 178.135375977, 266.395965576, 195.534103394, 207.325180054, 243.618453979, 486.588287354, 439.707489014, 397.262451172, 359.18927002, 313.314361572, 223.79397583, 542.968811035, 484.102050781, 314.762145996, 415.852233887, 297.943481445, 311.401519775, 452.351928711, 386.223937988, 657.471679688, 566.832092285, 444.570587158, 440.110412598, 358.281158447, 168.899963379, 177.606658936, 179.083633423, 169.453857422, 98.4840621948, 70.0880508423, 79.8085021973, 26.3443870544, 16.8301811218, 7.05813503265, 3.84101223946, 1.42160892487, 0.0986987501383, 0.00355235300958], "mean": [0.22236149013, 2.9303715229, 7.08525753021, 8.87427997589, 7.48337554932, 7.02777051926, 8.81374359131, 14.1589002609, 12.1555337906, 18.9654197693, 22.4007892609, 22.2511367798, 9.44081687927, 10.6742258072, 13.6156053543, 8.71011161804, 9.08332824707, 9.28994369507, 11.3574819565, 20.3257274628, 15.0972547531, 17.9660682678, 20.8179969788, 16.9603176117, 17.6117019653, 9.48423671722, 7.79254055023, 6.81529521942, 8.17045688629, 9.05714607239, 6.07418441772, 3.3403236866, 2.14224410057, 1.10700595379, 0.669250965118, 0.381936401129, 0.20297794044, 0.0531255677342, 0.00598463462666, 0.000281938846456], "median": [0.108112029731, 1.82445716858, 3.09333944321, 4.75089788437, 3.64398264885, 3.27482199669, 3.68272280693, 4.35608577728, 2.74593472481, 5.25602674484, 10.2575397491, 10.1706123352, 3.88993620872, 3.39384913445, 5.14636564255, 3.60833072662, 4.25494194031, 5.1613779068, 5.28232049942, 5.04037618637, 4.15088224411, 6.35512685776, 5.54518604279, 4.38576602936, 4.26468324661, 3.3743429184, 2.30349564552, 1.74896144867, 1.42827749252, 1.06327557564, 0.872177779675, 0.520033121109, 0.369438827038, 0.174837186933, 0.0899121016264, 0.0446425825357, 0.0179198347032, 0.00395188713446, 0.000392426096369, 5.24993301951e-05], "min": [1.78307184556e-12, 1.00240996059e-11, 2.39651666567e-11, 1.90756195562e-11, 5.68528774406e-12, 1.53374968975e-11, 6.3979085918e-11, 7.20161985601e-11, 4.87268614346e-10, 8.7733009746e-10, 6.93983981392e-10, 2.0961304914e-10, 1.50660051101e-09, 3.29195692927e-09, 2.35631580914e-09, 3.33649152751e-09, 4.85704054753e-09, 4.96926766402e-09, 1.61683089139e-09, 1.43118605855e-09, 3.90471255329e-09, 4.73430583625e-09, 6.65040955639e-09, 6.20536955154e-09, 3.82728915227e-09, 1.22594139285e-08, 1.30826540712e-08, 8.57765503071e-09, 7.900669452e-09, 9.9176542534e-09, 5.35856869988e-09, 3.55561091681e-09, 3.37155769969e-09, 4.57401938547e-09, 1.86229609511e-09, 1.08429865087e-09, 8.91050067064e-10, 3.5048344782e-10, 1.28270047361e-10, 1.2487757356e-11], "var": [0.167515352368, 29.1461658478, 194.650283813, 287.387023926, 181.917068481, 169.488006592, 298.545379639, 2006.78930664, 1341.7010498, 1785.20556641, 1175.6550293, 951.817810059, 373.417694092, 1055.55847168, 1081.95788574, 404.976379395, 420.819915771, 293.960418701, 483.155822754, 1532.91906738, 702.955505371, 1329.62084961, 1512.23779297, 820.53326416, 948.643432617, 290.404052734, 212.417068481, 162.315643311, 253.696060181, 355.030670166, 143.498550415, 43.5882415771, 22.2859153748, 5.60551166534, 1.85418617725, 0.563878893852, 0.166703179479, 0.0118826683611, 0.000147174694575, 2.63740503215e-07]}, "gfcc": {"mean": [-19.7993354797, 87.6354141235, -92.2611465454, 32.3507270813, -44.8669052124, 7.03282117844, -30.6416854858, 9.15085983276, -17.054523468, -0.169291704893, -18.471282959, -2.39067220688, -17.216381073], "cov": [[16023.8769531, -4026.48095703, 100.382507324, 1626.41137695, -374.309814453, 1017.31628418, 171.986190796, 677.374023438, -179.233276367, 596.286132812, -193.089920044, 455.014404297, -208.622772217], [-4026.48095703, 2191.86987305, -239.304519653, -275.674285889, 342.902587891, -240.31552124, 61.098903656, -80.0125274658, 159.124465942, -129.353271484, 166.945922852, -170.210952759, 117.840148926], [100.382507324, -239.304519653, 838.132141113, -7.67870426178, 127.155982971, 124.640899658, 106.395431519, -18.6119861603, 39.8898239136, 35.1406669617, -43.032661438, 40.0153312683, -58.0148239136], [1626.41137695, -275.674285889, -7.67870426178, 668.83215332, 168.399978638, 159.667831421, 46.219367981, 141.066925049, 39.2939949036, 46.4462814331, 52.4965553284, 38.8601760864, 47.5092124939], [-374.309814453, 342.902587891, 127.155982971, 168.399978638, 399.801086426, -21.422794342, 68.8500061035, 55.4896125793, 92.2893371582, -5.20250272751, 79.5668334961, 15.0586614609, 34.4700584412], [1017.31628418, -240.31552124, 124.640899658, 159.667831421, -21.422794342, 245.179962158, 85.0596466064, 64.1699523926, -1.51624238491, 41.2674484253, -31.1841201782, 11.5900859833, -5.11646413803], [171.986190796, 61.098903656, 106.395431519, 46.219367981, 68.8500061035, 85.0596466064, 171.024047852, 50.9768333435, 54.6063995361, 19.1006889343, -8.04658508301, -17.024520874, -3.21813559532], [677.374023438, -80.0125274658, -18.6119861603, 141.066925049, 55.4896125793, 64.1699523926, 50.9768333435, 145.239151001, 42.0601234436, 51.3348274231, 17.9372901917, 7.82808971405, 3.390188694], [-179.233276367, 159.124465942, 39.8898239136, 39.2939949036, 92.2893371582, -1.51624238491, 54.6063995361, 42.0601234436, 112.236061096, 26.4879779816, 33.5198249817, -7.58700847626, 10.2518281937], [596.286132812, -129.353271484, 35.1406669617, 46.4462814331, -5.20250272751, 41.2674484253, 19.1006889343, 51.3348274231, 26.4879779816, 100.491462708, 27.8857498169, 21.6641712189, -7.93367528915], [-193.089920044, 166.945922852, -43.032661438, 52.4965553284, 79.5668334961, -31.1841201782, -8.04658508301, 17.9372901917, 33.5198249817, 27.8857498169, 99.4030838013, 30.8580570221, 25.9685974121], [455.014404297, -170.210952759, 40.0153312683, 38.8601760864, 15.0586614609, 11.5900859833, -17.024520874, 7.82808971405, -7.58700847626, 21.6641712189, 30.8580570221, 92.7276153564, 16.9789562225], [-208.622772217, 117.840148926, -58.0148239136, 47.5092124939, 34.4700584412, -5.11646413803, -3.21813559532, 3.390188694, 10.2518281937, -7.93367528915, 25.9685974121, 16.9789562225, 78.434715271]], "icov": [[0.000274731661193, 0.00015306295245, 0.000241899033426, -0.000451113242889, 1.0293089872e-05, -0.000330137147103, -0.000138653616887, -0.000337852892699, 0.000303265405819, -0.0010022133356, 0.000887891161256, -0.00111212010961, 0.000741564668715], [0.00015306295245, 0.00150889810175, 0.00031430501258, 0.000635341915768, -0.000841382192448, -0.000316934514558, -0.000417134229792, 0.000207970209885, -0.000624775246251, 0.000892612384632, -0.00241316366009, 0.00247176759876, -0.00125337252393], [0.000241899033426, 0.00031430501258, 0.00215069088154, -4.70371742267e-05, -0.00121156719979, -0.00129377981648, -0.000642550061457, 0.00114737695549, -0.000458690250525, -0.00159276870545, 0.00194938154891, -0.00202862895094, 0.00185513938777], [-0.000451113242889, 0.000635341915768, -4.70371742267e-05, 0.00384693755768, -0.0016018479364, -0.00139147089794, 0.000843967485707, -0.000737292401027, -0.000787080149166, 0.0026875436306, -0.0037563291844, 0.00354417599738, -0.00298849632964], [1.0293089872e-05, -0.000841382192448, -0.00121156719979, -0.0016018479364, 0.00542497169226, 0.00162602949422, -0.00109748437535, -0.00150420167483, -0.0012224027887, 0.001732061035, -0.00155007431749, -0.00160386692733, 0.000302882079268], [-0.000330137147103, -0.000316934514558, -0.00129377981648, -0.00139147089794, 0.00162602949422, 0.00846764724702, -0.00329189538024, -0.00105718942359, 0.00158503942657, -0.000562449684367, 0.00122196774464, 0.000478502828628, -0.00153989170212], [-0.000138653616887, -0.000417134229792, -0.000642550061457, 0.000843967485707, -0.00109748437535, -0.00329189538024, 0.0101494714618, -0.00155851442832, -0.00355728692375, 0.000496089283843, 0.00127013481688, 0.00163667858578, -0.000236878404394], [-0.000337852892699, 0.000207970209885, 0.00114737695549, -0.000737292401027, -0.00150420167483, -0.00105718942359, -0.00155851442832, 0.0129760522395, -0.00291248946451, -0.00325883063488, -0.000240979163209, 0.00147669389844, -0.000137374299811], [0.000303265405819, -0.000624775246251, -0.000458690250525, -0.000787080149166, -0.0012224027887, 0.00158503942657, -0.00355728692375, -0.00291248946451, 0.0157990790904, -0.00464894063771, -0.000489693193231, 4.10983693655e-06, 0.000129289546749], [-0.0010022133356, 0.000892612384632, -0.00159276870545, 0.0026875436306, 0.001732061035, -0.000562449684367, 0.000496089283843, -0.00325883063488, -0.00464894063771, 0.0215812791139, -0.0121312681586, 0.00521138589829, -0.00177048787009], [0.000887891161256, -0.00241316366009, 0.00194938154891, -0.0037563291844, -0.00155007431749, 0.00122196774464, 0.00127013481688, -0.000240979163209, -0.000489693193231, -0.0121312681586, 0.0276963245124, -0.0147437108681, 0.00338645628653], [-0.00111212010961, 0.00247176759876, -0.00202862895094, 0.00354417599738, -0.00160386692733, 0.000478502828628, 0.00163667858578, 0.00147669389844, 4.10983693655e-06, 0.00521138589829, -0.0147437108681, 0.0260300524533, -0.00980625115335], [0.000741564668715, -0.00125337252393, 0.00185513938777, -0.00298849632964, 0.000302882079268, -0.00153989170212, -0.000236878404394, -0.000137374299811, 0.000129289546749, -0.00177048787009, 0.00338645628653, -0.00980625115335, 0.0203555561602]]}, "melbands": {"dmean": [0.00204737531021, 0.0030713127926, 0.00133443519007, 0.000383719539968, 0.000198764828383, 0.000259904336417, 0.000162975571584, 0.000134307614644, 0.000100554338132, 6.40691432636e-05, 3.5594599467e-05, 4.41448355559e-05, 4.89529375045e-05, 2.33141345234e-05, 1.59449318744e-05, 1.65092587849e-05, 1.24946527649e-05, 1.42480330396e-05, 1.50842543007e-05, 1.79217604455e-05, 1.18853095046e-05, 9.69357461145e-06, 1.54056197061e-05, 9.49193872657e-06, 7.15020678399e-06, 9.2091058832e-06, 4.68135249321e-06, 3.60620742867e-06, 3.31755109073e-06, 2.53798270933e-06, 2.87048487735e-06, 3.6426688439e-06, 6.64703657094e-06, 4.16182319896e-06, 3.43442388839e-06, 2.4028227017e-06, 1.29614579691e-06, 1.11206941256e-06, 7.69804216816e-07, 5.18408626249e-07], "dmean2": [0.00331234838814, 0.00508570298553, 0.00226713903248, 0.000659945362713, 0.000330925075104, 0.000409967149608, 0.000254242186202, 0.000199518341105, 0.000152357199113, 9.48337547015e-05, 5.82691536692e-05, 7.66192097217e-05, 8.26889372547e-05, 3.79531375074e-05, 2.66772822215e-05, 2.75826860161e-05, 2.02454830287e-05, 2.43197446252e-05, 2.44776565523e-05, 2.90340067295e-05, 1.95096527023e-05, 1.52534976223e-05, 2.48610904237e-05, 1.46654147102e-05, 1.11596846182e-05, 1.45560998135e-05, 7.36209767638e-06, 5.38390941074e-06, 5.02057264384e-06, 3.83780707125e-06, 4.42865894001e-06, 5.99064560447e-06, 1.15081975309e-05, 6.96823190083e-06, 5.68368022869e-06, 3.79160360353e-06, 2.00780573323e-06, 1.73359251221e-06, 1.16052103749e-06, 7.38110486509e-07], "dvar": [2.46032159339e-05, 5.48464959138e-05, 1.10280279841e-05, 8.88587806003e-07, 2.52075864182e-07, 9.16929934647e-07, 3.45297735294e-07, 1.17399800104e-07, 3.92082064593e-08, 1.3288151024e-08, 9.73356417688e-09, 2.59107046929e-08, 2.3779302083e-08, 4.99511587648e-09, 2.04638972434e-09, 3.21606474785e-09, 1.01463737412e-09, 1.39542333244e-09, 1.49723344833e-09, 1.50089041195e-09, 8.83536133145e-10, 4.82585915673e-10, 2.33751373813e-09, 4.06894656857e-10, 2.70481526066e-10, 4.55780913011e-10, 9.04387953415e-11, 6.65255975307e-11, 5.17971047997e-11, 2.59393548308e-11, 3.27955024249e-11, 6.26059967757e-11, 1.83194556747e-10, 6.61776466959e-11, 4.36621988564e-11, 2.19193933837e-11, 5.82182002259e-12, 5.53481522766e-12, 2.81432798073e-12, 1.06727983656e-12], "dvar2": [5.79802690481e-05, 0.000138346556923, 3.09078786813e-05, 2.5135254873e-06, 6.99326790254e-07, 2.30726027439e-06, 8.96002802619e-07, 2.93281345876e-07, 9.7457295567e-08, 2.86264452143e-08, 2.37234392131e-08, 7.18771744346e-08, 6.65035244651e-08, 1.22484937748e-08, 5.42922462543e-09, 8.60207549636e-09, 2.59201926589e-09, 3.81481202183e-09, 3.77769548976e-09, 3.6511591528e-09, 2.36510078189e-09, 1.17502652053e-09, 6.0378049227e-09, 9.27554200114e-10, 6.00542282569e-10, 1.14972076304e-09, 2.26513488522e-10, 1.52130474884e-10, 1.10567999201e-10, 6.0738879204e-11, 7.97072963188e-11, 1.65973665367e-10, 4.78987016717e-10, 1.6545270709e-10, 1.09937677018e-10, 5.29090729562e-11, 1.38248128223e-11, 1.3310292972e-11, 7.03976460459e-12, 2.34108197238e-12], "max": [0.0703930109739, 0.0944297835231, 0.0419867485762, 0.0106494789943, 0.00804357696325, 0.0102745415643, 0.00721000460908, 0.00407279469073, 0.00259913201444, 0.0016822530888, 0.00121325347573, 0.00218589650467, 0.00213714758866, 0.00116596918087, 0.000677559874021, 0.00107471877709, 0.000481823110022, 0.000449517858215, 0.000530423945747, 0.000521286332514, 0.000468311918667, 0.000435765454313, 0.00122387846932, 0.000335072807502, 0.000401927594794, 0.000447033206001, 0.000210468351725, 0.000328917172737, 0.000171136780409, 0.000120591605082, 0.000137532522785, 0.000125388614833, 0.000120707947644, 8.67851194926e-05, 6.66985433782e-05, 7.25683494238e-05, 4.48210048489e-05, 7.33963679522e-05, 2.63530691882e-05, 2.33057544392e-05], "mean": [0.00269626965746, 0.0039139194414, 0.00155681266915, 0.000488595978823, 0.000312634307193, 0.000309130118694, 0.000199770409381, 0.000189719285117, 0.000187523604836, 0.000120722776046, 4.31252847193e-05, 4.17933842982e-05, 5.25219184055e-05, 2.70657910733e-05, 1.86305151146e-05, 1.8929311409e-05, 1.70401744981e-05, 1.75126442628e-05, 2.05634678423e-05, 2.50506454904e-05, 1.71613082784e-05, 1.68338392541e-05, 2.43116810452e-05, 1.57260037668e-05, 1.29912714328e-05, 1.57777467393e-05, 7.99071131041e-06, 5.91307889408e-06, 5.27192332811e-06, 3.69802864952e-06, 4.07707739214e-06, 4.19956677433e-06, 6.1512459979e-06, 4.39968471255e-06, 3.59577643394e-06, 2.89476747639e-06, 1.72478314653e-06, 1.56691885422e-06, 1.18741297683e-06, 8.56635324453e-07], "median": [0.0015517915599, 0.00239007850178, 0.000854431302287, 0.000255002727499, 0.000142724660691, 9.94522270048e-05, 4.34403700638e-05, 6.04499837209e-05, 8.87113346835e-05, 5.15366264153e-05, 1.43168408613e-05, 1.18105645015e-05, 1.79491926247e-05, 9.23663355934e-06, 8.26050109026e-06, 8.58986277308e-06, 9.31336035137e-06, 7.98791916168e-06, 6.36405275145e-06, 5.3557209867e-06, 4.59836655864e-06, 6.08556229054e-06, 5.71193049836e-06, 4.36878008259e-06, 3.18991601489e-06, 3.4826684896e-06, 2.33039691011e-06, 1.89190791389e-06, 1.3705374613e-06, 1.14276110708e-06, 9.16905435133e-07, 8.00423151759e-07, 6.62919831029e-07, 5.21464073699e-07, 5.13269299063e-07, 3.89227324149e-07, 2.79465012909e-07, 2.74349616802e-07, 1.90813267409e-07, 1.31594731556e-07], "min": [1.79819267115e-14, 1.32243594872e-14, 3.00011954841e-15, 4.7097239447e-16, 1.98741330942e-15, 1.75647591734e-15, 8.15966573958e-15, 9.74299647579e-15, 4.67027709095e-15, 1.09787444892e-15, 8.00362787113e-15, 1.36410099118e-14, 8.92605183289e-15, 6.31873237883e-15, 1.2019924376e-14, 9.56599623597e-15, 9.15580274357e-15, 2.05566277738e-15, 2.65769229168e-15, 1.39802417367e-15, 5.33904856632e-15, 4.03761293605e-15, 6.95420360091e-15, 5.17169560825e-15, 5.25234076812e-15, 1.71680671744e-15, 3.82741662799e-15, 9.82210342384e-15, 8.1446165052e-15, 7.72226639594e-15, 4.07627533141e-15, 4.00523933681e-15, 5.1230276362e-15, 5.85045021394e-15, 2.9831234088e-15, 2.0349418104e-15, 2.42568657929e-15, 1.80013496005e-15, 3.95728583705e-15, 3.65812184689e-15], "var": [2.4632212444e-05, 4.81312417833e-05, 8.22537094791e-06, 6.91229388394e-07, 3.1221691188e-07, 8.60161208038e-07, 3.30526120251e-07, 1.59986811354e-07, 7.15552062047e-08, 3.00641751494e-08, 9.80140413276e-09, 1.76214740577e-08, 1.74415433207e-08, 4.78506612112e-09, 1.67372826709e-09, 2.36478769899e-09, 9.40890032552e-10, 1.18003840033e-09, 1.70898595275e-09, 2.17277396075e-09, 9.74561986666e-10, 9.18844333953e-10, 4.04089561812e-09, 8.10618128178e-10, 5.40770206392e-10, 8.37491576089e-10, 1.77542314184e-10, 1.60151114592e-10, 1.18000956228e-10, 4.43555574214e-11, 6.6359327755e-11, 7.53944684462e-11, 1.71347894207e-10, 8.76366687552e-11, 5.17501042019e-11, 4.09567657567e-11, 1.12420515605e-11, 1.20760155348e-11, 7.55637479671e-12, 3.46526366629e-12]}, "mfcc": {"mean": [-667.492675781, 119.70929718, 12.1925115585, 32.0476379395, 9.20082473755, 5.99266576767, -1.56666696072, 7.41649866104, 1.00464093685, 5.14663171768, 3.44684863091, 0.699209153652, -2.70446920395], "cov": [[10803.0673828, -1535.96520996, -141.936279297, 418.919158936, 185.524047852, 273.009765625, 214.05229187, 489.53314209, 140.921264648, 230.968490601, 83.6628723145, 54.0205535889, 306.255310059], [-1535.96520996, 1504.68481445, -309.229675293, -49.3852729797, 18.3919334412, -51.3196029663, 32.0892219543, -36.3336372375, 43.5911178589, 35.2731399536, 85.4844512939, 88.7539291382, -16.6040039062], [-141.936279297, -309.229675293, 615.73840332, -37.541809082, 1.44721651077, 143.742095947, 30.5863761902, 19.3273181915, 35.7536849976, 12.8252878189, 21.7426834106, 1.06465470791, -44.4920768738], [418.919158936, -49.3852729797, -37.541809082, 399.856781006, 226.341644287, 51.7327766418, 77.5148544312, 84.9028015137, 44.7164039612, 64.7686386108, 10.9237108231, 24.3913764954, 92.3794555664], [185.524047852, 18.3919334412, 1.44721651077, 226.341644287, 277.662719727, 52.1115875244, 63.4437637329, 63.731842041, 36.2399597168, 28.9380702972, 12.1369066238, 36.7988815308, 63.4048614502], [273.009765625, -51.3196029663, 143.742095947, 51.7327766418, 52.1115875244, 159.402038574, 65.1220474243, 62.3936958313, 45.0155830383, 34.4145278931, 14.3454656601, 0.328306674957, 5.54166221619], [214.05229187, 32.0892219543, 30.5863761902, 77.5148544312, 63.4437637329, 65.1220474243, 116.673202515, 61.9016532898, 45.8392753601, 38.851650238, 20.7610454559, 13.7439804077, 14.4702377319], [489.53314209, -36.3336372375, 19.3273181915, 84.9028015137, 63.731842041, 62.3936958313, 61.9016532898, 123.674842834, 57.8639259338, 38.9612426758, 16.4670982361, 6.83984470367, 27.7822704315], [140.921264648, 43.5911178589, 35.7536849976, 44.7164039612, 36.2399597168, 45.0155830383, 45.8392753601, 57.8639259338, 109.572349548, 61.4848175049, 19.9264221191, 16.0622272491, 8.03287029266], [230.968490601, 35.2731399536, 12.8252878189, 64.7686386108, 28.9380702972, 34.4145278931, 38.851650238, 38.9612426758, 61.4848175049, 98.9635696411, 52.3968429565, 14.0368690491, 14.9383306503], [83.6628723145, 85.4844512939, 21.7426834106, 10.9237108231, 12.1369066238, 14.3454656601, 20.7610454559, 16.4670982361, 19.9264221191, 52.3968429565, 86.3367996216, 42.2475624084, 8.4103679657], [54.0205535889, 88.7539291382, 1.06465470791, 24.3913764954, 36.7988815308, 0.328306674957, 13.7439804077, 6.83984470367, 16.0622272491, 14.0368690491, 42.2475624084, 81.4799728394, 37.506023407], [306.255310059, -16.6040039062, -44.4920768738, 92.3794555664, 63.4048614502, 5.54166221619, 14.4702377319, 27.7822704315, 8.03287029266, 14.9383306503, 8.4103679657, 37.506023407, 100.807388306]], "icov": [[0.00015734716726, 0.000192674968275, 0.000178056114237, 5.65747868677e-05, 6.96065544616e-05, -0.000185092765605, -1.6142070308e-05, -0.000494827225339, 0.000166267011082, -0.000278213614365, -3.17104750138e-05, -0.000190215971088, -0.000213067454752], [0.000192674968275, 0.00116544275079, 0.000849093310535, 0.000261442590272, -0.000117147763376, -0.00042967684567, -0.000379914941732, 4.02252589993e-05, -0.000465731398435, -1.97993722395e-06, -0.000850516487844, -0.00100622989703, 0.00036526718759], [0.000178056114237, 0.000849093310535, 0.00289494800381, 0.00030615835567, -7.20738316886e-05, -0.00276867114007, 0.00017330510309, 0.000378193944925, -0.000777831766754, 0.000563316396438, -0.00119029241614, -0.00103521463461, 0.00112745747901], [5.65747868677e-05, 0.000261442590272, 0.00030615835567, 0.00612650066614, -0.00394185679033, 0.00023618391424, -0.00106573291123, -0.00108795787673, 0.00142072921153, -0.00391102628782, 0.0018651135033, 0.000496436899994, -0.00256279949099], [6.96065544616e-05, -0.000117147763376, -7.20738316886e-05, -0.00394185679033, 0.00754690170288, -0.000894808326848, -0.000782569870353, -0.000732263957616, -0.000572538818233, 0.00192065141164, -8.77937636687e-05, -0.00185697630513, -0.000574484234676], [-0.000185092765605, -0.00042967684567, -0.00276867114007, 0.00023618391424, -0.000894808326848, 0.0118733532727, -0.00361688761041, -0.00245495676063, -0.00035780124017, -0.000969388696831, 0.000562219880521, 0.00186290545389, -0.000408859283198], [-1.6142070308e-05, -0.000379914941732, 0.00017330510309, -0.00106573291123, -0.000782569870353, -0.00361688761041, 0.0146372774616, -0.00379497627728, -0.00103706354275, -0.00121868471615, -0.000185850090929, -0.00116996234283, 0.00138946063817], [-0.000494827225339, 4.02252589993e-05, 0.000378193944925, -0.00108795787673, -0.000732263957616, -0.00245495676063, -0.00379497627728, 0.0171164162457, -0.00706285936758, 0.00366513454355, -0.00354685168713, 0.00364323775284, -0.00194302317686], [0.000166267011082, -0.000465731398435, -0.000777831766754, 0.00142072921153, -0.000572538818233, -0.00035780124017, -0.00103706354275, -0.00706285936758, 0.0205620545894, -0.0145741375163, 0.00899620726705, -0.00628191186115, 0.00235593621619], [-0.000278213614365, -1.97993722395e-06, 0.000563316396438, -0.00391102628782, 0.00192065141164, -0.000969388696831, -0.00121868471615, 0.00366513454355, -0.0145741375163, 0.0303107760847, -0.0191216375679, 0.00906409136951, -0.00241969223134], [-3.17104750138e-05, -0.000850516487844, -0.00119029241614, 0.0018651135033, -8.77937636687e-05, 0.000562219880521, -0.000185850090929, -0.00354685168713, 0.00899620726705, -0.0191216375679, 0.0295703560114, -0.0148464757949, 0.00392359355465], [-0.000190215971088, -0.00100622989703, -0.00103521463461, 0.000496436899994, -0.00185697630513, 0.00186290545389, -0.00116996234283, 0.00364323775284, -0.00628191186115, 0.00906409136951, -0.0148464757949, 0.025821885094, -0.0094813965261], [-0.000213067454752, 0.00036526718759, 0.00112745747901, -0.00256279949099, -0.000574484234676, -0.000408859283198, 0.00138946063817, -0.00194302317686, 0.00235593621619, -0.00241969223134, 0.00392359355465, -0.0094813965261, 0.0175644792616]]}, "spectral_contrast_coeffs": {"dmean": [0.0549937672913, 0.0440658926964, 0.0368109643459, 0.0312847569585, 0.0223326925188, 0.0180234946311], "dmean2": [0.0887368097901, 0.0694171637297, 0.0586715750396, 0.0497628375888, 0.0353524573147, 0.028172833845], "dvar": [0.00237258803099, 0.00136299431324, 0.000942526559811, 0.000623775704298, 0.000358755933121, 0.000254532147665], "dvar2": [0.00615520961583, 0.00333511712961, 0.00223408034071, 0.00154102465604, 0.000812472542748, 0.000615015509538], "max": [-0.335038840771, -0.460438340902, -0.536227583885, -0.612431168556, -0.585202097893, -0.627211093903], "mean": [-0.652122378349, -0.735186040401, -0.764915645123, -0.785905361176, -0.78939050436, -0.768353998661], "median": [-0.657495617867, -0.739019095898, -0.769476532936, -0.789035081863, -0.797300875187, -0.76869392395], "min": [-0.92476940155, -0.948454856873, -0.956202685833, -0.954879939556, -0.970603346825, -0.916435480118], "var": [0.00519193569198, 0.00397273665294, 0.0031832063105, 0.00187791010831, 0.00190566875972, 0.00134886975866]}, "spectral_contrast_valleys": {"dmean": [0.518511414528, 0.424412041903, 0.425277531147, 0.357829749584, 0.345784336329, 0.516242623329], "dmean2": [0.810246765614, 0.662705302238, 0.651683688164, 0.523589134216, 0.4608977139, 0.633689880371], "dvar": [0.287607252598, 0.16761611402, 0.186319246888, 0.145299524069, 0.1617628932, 0.374552190304], "dvar2": [0.622248113155, 0.365292996168, 0.377815395594, 0.272438824177, 0.272400826216, 0.640261113644], "max": [-4.6603975296, -4.09557533264, -4.7846364975, -5.46817064285, -5.46650934219, -7.83973455429], "mean": [-7.19497346878, -6.94