{"lowlevel": {"average_loudness": 0.804916679859, "barkbands_crest": {"dmean": 2.44101691246, "dmean2": 3.9440844059, "dvar": 6.92957401276, "dvar2": 17.8104858398, "max": 26.6966342926, "mean": 14.7088775635, "median": 14.3414182663, "min": 2.72134065628, "var": 30.4138202667}, "barkbands_flatness_db": {"dmean": 0.0293863974512, "dmean2": 0.0419177040458, "dvar": 0.00139383110218, "dvar2": 0.00240427698009, "max": 0.775664567947, "mean": 0.239274889231, "median": 0.220577806234, "min": 0.0283765103668, "var": 0.012879345566}, "barkbands_kurtosis": {"dmean": 13.1618785858, "dmean2": 20.8871192932, "dvar": 3663.8112793, "dvar2": 8483.56933594, "max": 2897.24755859, "mean": 24.7720050812, "median": 9.70050525665, "min": -1.86101853848, "var": 7587.35205078}, "barkbands_skewness": {"dmean": 0.874836742878, "dmean2": 1.34815311432, "dvar": 1.83541882038, "dvar2": 4.2464427948, "max": 45.96326828, "mean": 3.08884811401, "median": 2.70029234886, "min": -5.91937541962, "var": 8.30519962311}, "barkbands_spread": {"dmean": 3.78327584267, "dmean2": 5.50404453278, "dvar": 38.0947799683, "dvar2": 72.7377319336, "max": 98.6045837402, "mean": 11.9555253983, "median": 7.39659643173, "min": 0.0491907224059, "var": 171.984939575}, "dissonance": {"dmean": 0.0288356486708, "dmean2": 0.0475981682539, "dvar": 0.00115255487617, "dvar2": 0.00290620862506, "max": 0.500000178814, "mean": 0.425591468811, "median": 0.453991949558, "min": 0.030755110085, "var": 0.00623288424686}, "dynamic_complexity": 3.38408684731, "erbbands_crest": {"dmean": 2.2187037468, "dmean2": 3.4425239563, "dvar": 5.29137372971, "dvar2": 11.610874176, "max": 29.7484035492, "mean": 10.1211977005, "median": 8.24323749542, "min": 2.20273089409, "var": 34.4320487976}, "erbbands_flatness_db": {"dmean": 0.0184028465301, "dmean2": 0.0257275141776, "dvar": 0.000603972002864, "dvar2": 0.0010598981753, "max": 0.662073969841, "mean": 0.182803049684, "median": 0.149104505777, "min": 0.0575769096613, "var": 0.0090294489637}, "erbbands_kurtosis": {"dmean": 1.98417615891, "dmean2": 2.99942660332, "dvar": 30.0787677765, "dvar2": 63.8502464294, "max": 150.926010132, "mean": 2.94579386711, "median": 0.161152839661, "min": -1.9596145153, "var": 89.6692886353}, "erbbands_skewness": {"dmean": 0.433468222618, "dmean2": 0.645946085453, "dvar": 0.338897585869, "dvar2": 0.709761023521, "max": 10.5884933472, "mean": 0.651408433914, "median": 0.498284697533, "min": -4.05972576141, "var": 1.38773787022}, "erbbands_spread": {"dmean": 10.127114296, "dmean2": 15.1250362396, "dvar": 199.382324219, "dvar2": 390.486633301, "max": 200.520187378, "mean": 43.3818473816, "median": 38.4897575378, "min": 0.398943454027, "var": 965.031616211}, "hfc": {"dmean": 6.23829126358, "dmean2": 9.4053440094, "dvar": 120.104301453, "dvar2": 259.394226074, "max": 175.205856323, "mean": 18.7845401764, "median": 15.462849617, "min": 1.12272483388e-16, "var": 298.526000977}, "melbands_crest": {"dmean": 2.74328517914, "dmean2": 4.34198617935, "dvar": 8.68836116791, "dvar2": 21.6704177856, "max": 37.6054763794, "mean": 18.7018203735, "median": 18.079208374, "min": 1.85214960575, "var": 41.5074768066}, "melbands_flatness_db": {"dmean": 0.0348362028599, "dmean2": 0.0491274148226, "dvar": 0.0020345041994, "dvar2": 0.00338128488511, "max": 0.958659768105, "mean": 0.343324631453, "median": 0.329608857632, "min": 0.00552593776956, "var": 0.018959870562}, "melbands_kurtosis": {"dmean": 21.8830814362, "dmean2": 34.6935348511, "dvar": 2243.49145508, "dvar2": 5300.16796875, "max": 1077.30883789, "mean": 50.5825653076, "median": 23.7511138916, "min": -1.84832406044, "var": 6229.65527344}, "melbands_skewness": {"dmean": 1.09219622612, "dmean2": 1.68134474754, "dvar": 2.21917676926, "dvar2": 4.96121883392, "max": 27.2160129547, "mean": 4.44996070862, "median": 3.89062523842, "min": -3.56617116928, "var": 12.0027923584}, "melbands_spread": {"dmean": 3.4356918335, "dmean2": 5.0939245224, "dvar": 65.8090438843, "dvar2": 125.481277466, "max": 244.535217285, "mean": 10.755906105, "median": 6.25611352921, "min": 0.153115689754, "var": 307.773254395}, "pitch_salience": {"dmean": 0.0712116956711, "dmean2": 0.116722390056, "dvar": 0.00529565569013, "dvar2": 0.0137514406815, "max": 0.976210772991, "mean": 0.442650645971, "median": 0.451032727957, "min": 0.0391079857945, "var": 0.019043141976}, "silence_rate_20dB": {"dmean": 0.00524087902158, "dmean2": 0.010482814163, "dvar": 0.0052128364332, "dvar2": 0.0150076905265, "max": 1, "mean": 0.997077524662, "median": 1, "min": 0, "var": 0.00291355629452}, "silence_rate_30dB": {"dmean": 0.110663175583, "dmean2": 0.221348658204, "dvar": 0.098422370851, "dvar2": 0.218718081713, "max": 1, "mean": 0.69565653801, "median": 1, "min": 0, "var": 0.211714997888}, "silence_rate_60dB": {"dmean": 0.0129006244242, "dmean2": 0.0258038509637, "dvar": 0.0127354953438, "dvar2": 0.0287711210549, "max": 1, "mean": 0.0755819827318, "median": 0, "min": 0, "var": 0.0698667317629}, "spectral_centroid": {"dmean": 207.140197754, "dmean2": 298.812591553, "dvar": 105306.875, "dvar2": 175932.875, "max": 10689.2900391, "mean": 869.333740234, "median": 637.519836426, "min": 77.398651123, "var": 466656.59375}, "spectral_complexity": {"dmean": 2.8915541172, "dmean2": 4.39653253555, "dvar": 17.5699882507, "dvar2": 29.8561267853, "max": 59, "mean": 13.0976514816, "median": 12, "min": 0, "var": 69.1244812012}, "spectral_decrease": {"dmean": 6.63652999222e-09, "dmean2": 1.07367910118e-08, "dvar": 1.50007179148e-16, "dvar2": 3.73858293592e-16, "max": 3.08279426468e-23, "mean": -1.93148022021e-08, "median": -1.73401630832e-08, "min": -1.44109236544e-07, "var": 2.90450641638e-16}, "spectral_energy": {"dmean": 0.0254033952951, "dmean2": 0.0411082468927, "dvar": 0.00217999028973, "dvar2": 0.00543785002083, "max": 0.548707187176, "mean": 0.0746025964618, "median": 0.0674270614982, "min": 1.00950034763e-20, "var": 0.00421287911013}, "spectral_energyband_high": {"dmean": 0.000391143054003, "dmean2": 0.000535237020813, "dvar": 7.38114124488e-07, "dvar2": 1.3642849126e-06, "max": 0.0140583403409, "mean": 0.000837200146634, "median": 0.000241745365201, "min": 7.42781856002e-21, "var": 2.39351174969e-06}, "spectral_energyband_low": {"dmean": 0.0225919466466, "dmean2": 0.0368445105851, "dvar": 0.00187877379358, "dvar2": 0.00467545585707, "max": 0.508564352989, "mean": 0.0577904768288, "median": 0.0444652065635, "min": 5.95860531178e-23, "var": 0.00373144005425}, "spectral_energyband_middle_high": {"dmean": 0.00117726495955, "dmean2": 0.00185950053856, "dvar": 8.68465849635e-06, "dvar2": 2.0609701096e-05, "max": 0.0554769560695, "mean": 0.00235890923068, "median": 0.00123539345805, "min": 1.38162214705e-21, "var": 1.25095057228e-05}, "spectral_energyband_middle_low": {"dmean": 0.00664785783738, "dmean2": 0.0109217986465, "dvar": 0.000176693560206, "dvar2": 0.000472224026453, "max": 0.226896315813, "mean": 0.0158109795302, "median": 0.010833453387, "min": 1.88066812698e-22, "var": 0.00032252780511}, "spectral_entropy": {"dmean": 0.230014547706, "dmean2": 0.321073591709, "dvar": 0.106027960777, "dvar2": 0.184402048588, "max": 9.80992221832, "mean": 6.96760606766, "median": 7.24245071411, "min": 2.58890271187, "var": 1.00546371937}, "spectral_flux": {"dmean": 0.0371813438833, "dmean2": 0.058604862541, "dvar": 0.00386217189953, "dvar2": 0.00737480679527, "max": 0.674729824066, "mean": 0.0970653519034, "median": 0.0761067718267, "min": 1.03359654169e-10, "var": 0.00766594382003}, "spectral_kurtosis": {"dmean": 8.59435749054, "dmean2": 13.7389011383, "dvar": 1578.38452148, "dvar2": 4233.72070312, "max": 1487.75915527, "mean": 23.5481853485, "median": 4.43696689606, "min": -1.21049392223, "var": 4129.39941406}, "spectral_rms": {"dmean": 0.0012922603637, "dmean2": 0.00204091751948, "dvar": 3.90924060412e-06, "dvar2": 9.28401550482e-06, "max": 0.0231370721012, "mean": 0.00759365875274, "median": 0.00811064150184, "min": 3.13827718153e-12, "var": 1.51194108184e-05}, "spectral_rolloff": {"dmean": 221.760360718, "dmean2": 360.203674316, "dvar": 458485.84375, "dvar2": 911989.9375, "max": 19315.2832031, "mean": 658.153259277, "median": 236.865234375, "min": 21.533203125, "var": 1567143.125}, "spectral_skewness": {"dmean": 0.513218343258, "dmean2": 0.772082924843, "dvar": 1.08867824078, "dvar2": 2.47477197647, "max": 31.9697971344, "mean": 2.78095221519, "median": 1.76806759834, "min": 0.00925011374056, "var": 8.57232284546}, "spectral_spread": {"dmean": 553263.25, "dmean2": 801668.875, "dvar": 689613635584, "dvar2": 1006081802240.0, "max": 40484840, "mean": 4604953, "median": 4849167, "min": 106960.992188, "var": 4923174420480.0}, "spectral_strongpeak": {"dmean": 0.26089283824, "dmean2": 0.416089296341, "dvar": 0.241778552532, "dvar2": 0.521983861923, "max": 10.7232666016, "mean": 0.822246968746, "median": 0.574791014194, "min": 0, "var": 0.95279020071}, "zerocrossingrate": {"dmean": 0.00780649622902, "dmean2": 0.00914396625012, "dvar": 0.000156045003678, "dvar2": 0.000200080525246, "max": 0.5146484375, "mean": 0.0348887592554, "median": 0.0244140625, "min": 0.0009765625, "var": 0.00130455056205}, "barkbands": {"dmean": [0.00121575233061, 0.0166131090373, 0.00828957464546, 0.00343485618941, 0.00232777162455, 0.000603975728154, 0.000403151963837, 0.00110153958667, 0.000658777251374, 0.000289205781883, 0.000411132001318, 0.000251268938882, 0.000192250779946, 0.00011288778478, 0.000101891273516, 8.11878489912e-05, 7.16302965884e-05, 7.93392027845e-05, 0.00010049953562, 9.52762056841e-05, 8.42429144541e-05, 0.000121867553389, 9.19223602978e-05, 6.17344485363e-05, 3.65612431779e-05, 1.29209302031e-05, 2.32238130593e-06], "dmean2": [0.00206069927663, 0.0272708870471, 0.0147557584569, 0.0061935945414, 0.00382024492137, 0.00103235989809, 0.00067125208443, 0.00148689362686, 0.000942715269048, 0.000461241987068, 0.000675328832585, 0.000414002599427, 0.000331448449288, 0.000185043929378, 0.000165866615134, 0.000132387925987, 0.000113884139864, 0.000130679400172, 0.000148586637806, 0.000146796286572, 0.000123516918393, 0.00018658679619, 0.000133092136821, 9.0409987024e-05, 5.45340808458e-05, 1.90101545741e-05, 3.57773365067e-06], "dvar": [1.37609895319e-05, 0.0010400066385, 0.000507527031004, 7.82382194302e-05, 1.74702545337e-05, 1.3371369505e-06, 6.77231412283e-07, 2.37387848756e-05, 3.08420703732e-06, 4.87308227548e-07, 1.14835745535e-06, 3.80829305868e-07, 2.10411315038e-07, 7.66227756799e-08, 6.20900522108e-08, 8.80617108123e-08, 5.94965783307e-08, 6.26431315709e-08, 7.13335452929e-08, 3.46048700806e-08, 4.22569321756e-08, 8.99271981325e-08, 5.10916073893e-08, 2.54075498418e-08, 7.93707233271e-09, 1.94345006754e-09, 9.79097219966e-11], "dvar2": [3.57257194992e-05, 0.00263196625747, 0.00146828626748, 0.000229800905799, 4.51847190561e-05, 3.71006512978e-06, 1.83184192792e-06, 3.65819723811e-05, 5.26053236172e-06, 1.15727368666e-06, 2.99720954899e-06, 9.45516774209e-07, 5.82512768688e-07, 1.92691274492e-07, 1.57643938792e-07, 2.26876366582e-07, 1.42535157011e-07, 1.65207850955e-07, 1.43254354157e-07, 7.85652645163e-08, 7.99241846039e-08, 2.04453186825e-07, 1.01607390945e-07, 5.18908116476e-08, 1.84505672962e-08, 4.02893585161e-09, 2.52336623818e-10], "max": [0.0818175822496, 0.37456202507, 0.325722247362, 0.137785851955, 0.0947368368506, 0.0311047863215, 0.0173905007541, 0.219159811735, 0.0527815073729, 0.0225068796426, 0.0153637481853, 0.0128987748176, 0.00656053610146, 0.00464291870594, 0.00438839802518, 0.00602750340477, 0.0053002750501, 0.00489568477497, 0.00570991402492, 0.00428546126932, 0.0042957579717, 0.00466989958659, 0.00529401004314, 0.00526006612927, 0.00417320337147, 0.00130250747316, 0.00023554636573], "mean": [0.00180414807983, 0.0421162396669, 0.0117268925533, 0.00434146262705, 0.00499320076779, 0.001003837795, 0.000783255614806, 0.00313788256608, 0.00144547782838, 0.000399739714339, 0.000541946152225, 0.000353519339114, 0.000251110905083, 0.000161770891282, 0.000162253680173, 0.000105037761386, 9.77179297479e-05, 0.000110657609184, 0.00015149313549, 0.00016554351896, 0.000144690915477, 0.000176845351234, 0.000184862990864, 0.000136569113238, 8.09629927971e-05, 2.22417729674e-05, 3.08115181724e-06], "median": [0.00050574290799, 0.0270917247981, 0.00566696003079, 0.0017687221989, 0.00228657783009, 0.000570992415305, 0.000408178253565, 0.000392142741475, 0.000323634041706, 0.000123268677271, 0.000123924852232, 0.000121555494843, 8.69072100613e-05, 4.63304677396e-05, 3.72549438907e-05, 1.62263258972e-05, 1.81418254215e-05, 2.68633557425e-05, 5.45040784345e-05, 6.45793406875e-05, 4.35236834164e-05, 2.12960731005e-05, 1.89636011783e-05, 2.32416568906e-05, 2.36634514295e-05, 4.56058978671e-06, 2.26766218248e-07], "min": [7.7048084056e-25, 1.44312494284e-23, 2.56263890808e-24, 1.38777925059e-23, 4.22466158974e-23, 2.50496532675e-23, 2.57172962283e-23, 3.50312491407e-23, 3.11282903924e-23, 3.10184115346e-23, 7.39109719848e-23, 6.71558424574e-23, 5.388320724e-23, 4.45293805642e-23, 9.67709493278e-23, 1.72710783208e-22, 1.14778971409e-22, 1.60004379727e-22, 2.74863726596e-22, 3.16475495636e-22, 3.54867803414e-22, 5.14241637154e-22, 5.16737870737e-22, 7.64747863351e-22, 1.04137889081e-21, 1.60473614388e-21, 2.22163789257e-21], "var": [1.46544680319e-05, 0.00236549996771, 0.000407927378546, 6.04388806096e-05, 4.79429982079e-05, 2.21778441301e-06, 1.70791940945e-06, 0.000132843881147, 1.80026672751e-05, 6.90598596975e-07, 1.39083977047e-06, 4.73627551401e-07, 2.09737464729e-07, 1.05880666013e-07, 1.07318463449e-07, 9.61197059723e-08, 7.25548048308e-08, 7.07666458766e-08, 1.08702145951e-07, 7.29252036535e-08, 8.04012003641e-08, 1.60194105092e-07, 1.92581993019e-07, 1.12504352501e-07, 3.13859231937e-08, 4.81608442016e-09, 1.53841689388e-10]}, "erbbands": {"dmean": [0.529395878315, 3.83824110031, 8.93937683105, 10.7451934814, 10.0116710663, 7.18961954117, 4.70570993423, 4.92210674286, 6.34538269043, 10.241563797, 25.2181282043, 13.3288240433, 8.2666349411, 12.8110437393, 12.5507354736, 9.93789386749, 9.45701503754, 5.94342565536, 5.67936897278, 4.43271923065, 3.97542953491, 3.93157410622, 3.88619041443, 4.75136137009, 4.78137636185, 4.92875957489, 3.89584922791, 3.22308111191, 5.04371500015, 2.99941468239, 2.57530498505, 1.74260771275, 0.859221160412, 0.482193887234, 0.234075769782, 0.0763824954629, 0.0215161107481, 0.00328462431207, 0.000430097221397, 4.78729962197e-05], "dmean2": [0.870051920414, 6.33277225494, 15.6636171341, 19.4236602783, 16.7270927429, 12.0273733139, 7.99029684067, 8.45063400269, 10.4641609192, 15.1021680832, 33.4460220337, 19.8513088226, 13.4524936676, 20.6071281433, 20.1430263519, 16.3347530365, 16.1849479675, 9.85533618927, 9.15249443054, 7.20105218887, 6.47488689423, 6.26866865158, 6.3405251503, 7.25967073441, 7.21351194382, 7.59335803986, 5.71201515198, 4.73893213272, 7.6330037117, 4.19157457352, 3.80827045441, 2.57374477386, 1.2596950531, 0.734092473984, 0.336146205664, 0.114189460874, 0.0310571305454, 0.00451839156449, 0.000674690469168, 7.89291152614e-05], "dvar": [1.30597257614, 57.7079391479, 567.831665039, 832.4453125, 451.328765869, 167.937210083, 82.4433364868, 81.7680053711, 138.442306519, 1132.69140625, 9861.73632812, 919.290039062, 516.270996094, 1229.27563477, 768.297790527, 622.312805176, 477.467346191, 194.77116394, 248.049255371, 134.290130615, 229.442077637, 190.36529541, 185.553726196, 158.319900513, 137.278915405, 114.693557739, 80.9775085449, 57.1111488342, 168.996063232, 50.5677452087, 39.1920967102, 20.6539154053, 5.40789937973, 1.62688004971, 0.323675572872, 0.0599525310099, 0.00660371687263, 0.000148273175, 3.50908612745e-06, 1.83260286946e-08], "dvar2": [3.39285469055, 151.439727783, 1621.88439941, 2443.49243164, 1197.90270996, 476.816955566, 220.037368774, 230.025253296, 369.883544922, 1974.35583496, 15737.140625, 1865.33752441, 1238.10961914, 3054.86645508, 1905.21398926, 1519.41699219, 1319.7232666, 497.086242676, 619.831604004, 329.924682617, 578.914672852, 463.555725098, 483.446014404, 357.291320801, 279.193481445, 261.774810791, 156.367446899, 120.620704651, 409.195770264, 93.5711593628, 83.3161468506, 45.4203605652, 11.8373861313, 3.98481678963, 0.683033704758, 0.134435281157, 0.0135174011812, 0.000241832021857, 9.5356217571e-06, 5.30362278539e-08], "max": [17.2882041931, 88.9875488281, 302.082824707, 450.438598633, 394.08883667, 214.18850708, 157.64654541, 244.475494385, 211.876831055, 1330.56811523, 4261.2421875, 838.824401855, 442.71585083, 850.580322266, 533.636413574, 640.768798828, 282.921203613, 219.887664795, 307.189300537, 199.412963867, 299.413269043, 294.45413208, 273.848937988, 288.025054932, 222.817214966, 291.98425293, 244.953994751, 113.378242493, 189.936630249, 154.580627441, 138.017608643, 132.028656006, 93.668296814, 55.4268302917, 26.4305858612, 8.61249351501, 1.93934166431, 0.360173225403, 0.0448418669403, 0.00339709757827], "mean": [1.39992928505, 8.59084129333, 14.1509199142, 15.0375185013, 19.6086196899, 13.4920749664, 7.79152202606, 8.72096157074, 13.3166694641, 24.8954715729, 73.933380127, 28.7365245819, 11.6227903366, 17.5785942078, 18.8435630798, 15.2147283554, 13.2569122314, 9.02183151245, 8.64188289642, 7.0636472702, 5.32309341431, 5.45254325867, 5.53621339798, 7.43464851379, 7.55635356903, 8.47532367706, 6.71174860001, 5.37141370773, 6.63709449768, 5.6225438118, 5.05949735641, 3.42084908485, 1.93113636971, 0.997450172901, 0.542267262936, 0.147094622254, 0.0338354557753, 0.00518332095817, 0.000546920055058, 0.000111453402496], "median": [0.510967195034, 5.66374588013, 7.17681980133, 7.40387439728, 6.43763256073, 7.08867549896, 4.64175415039, 5.04718160629, 6.27063274384, 6.45151853561, 12.0475053787, 9.957862854, 3.3704252243, 5.26851892471, 5.78586149216, 5.91590881348, 5.14513158798, 2.53543806076, 2.34499144554, 1.6722587347, 1.0913105011, 1.03162419796, 1.34353423119, 2.66093373299, 2.96473908424, 3.17569565773, 2.31644463539, 1.45217871666, 0.85623973608, 0.388730287552, 0.512940406799, 0.434946149588, 0.335201710463, 0.254950582981, 0.154082000256, 0.0416285470128, 0.00424108235165, 0.000471349660074, 7.98591499915e-05, 8.99242804735e-05], "min": [2.17559254853e-22, 4.60259933372e-21, 5.6593924404e-21, 4.37265669436e-20, 3.17206510443e-20, 1.80651075903e-19, 1.43194618782e-19, 2.37345285455e-19, 2.7535046059e-19, 3.0087696995e-19, 8.88789748359e-19, 9.21047414104e-19, 6.21498586025e-19, 1.31376102589e-18, 2.0598443342e-18, 3.20225830832e-18, 2.41951528584e-18, 1.60200824035e-18, 5.13554297482e-18, 4.78428982669e-18, 1.04182926658e-17, 6.85893200845e-18, 9.26132837792e-18, 1.23218602484e-17, 1.3607466838e-17, 1.54188716111e-17, 1.56541962236e-17, 1.31516415168e-17, 2.04927395859e-17, 1.78118488749e-17, 1.60748092933e-17, 1.76049792756e-17, 1.28328287379e-17, 1.07159304482e-17, 7.18120074792e-18, 4.93165991103e-18, 2.57476736744e-18, 1.18578625896e-18, 3.07061902788e-19, 3.55085210956e-20], "var": [3.43592453003, 105.77872467, 486.93182373, 634.977416992, 978.360656738, 299.755981445, 108.986724854, 157.803085327, 552.700317383, 5563.08056641, 52704.375, 4266.84667969, 640.482788086, 1441.4630127, 1321.2076416, 826.409118652, 495.799346924, 291.663574219, 358.877044678, 205.846542358, 252.505462646, 229.005493164, 203.883331299, 245.26675415, 218.248687744, 218.458724976, 142.174987793, 118.12386322, 240.894668579, 180.573760986, 139.858139038, 69.9354553223, 23.0039558411, 6.14650678635, 1.2617508173, 0.153286725283, 0.014715924859, 0.000445145095, 4.3838667807e-06, 1.94825169331e-08]}, "gfcc": {"mean": [-41.0762443542, 123.377510071, -70.5371017456, 32.7995033264, -54.0656814575, 20.4976730347, -21.5706996918, 9.04188251495, -22.050743103, 3.34136843681, -8.9291229248, -10.6815042496, -10.5838098526], "cov": [[13545.34375, -4177.57666016, -1823.90869141, 2547.35180664, -329.406585693, 1427.22973633, -187.953582764, 947.290771484, -643.098388672, 402.911682129, -174.690475464, 376.241149902, 74.9478530884], [-4177.57666016, 3070.50756836, 593.487731934, -1613.23510742, 552.870178223, -609.955322266, 123.690193176, -350.362426758, 284.646728516, -139.03276062, 116.254974365, -263.496551514, 78.5283126831], [-1823.90869141, 593.487731934, 1236.03149414, 4.74732780457, 179.94758606, -66.7605743408, 164.834884644, -162.560150146, 154.41343689, -52.3261299133, 62.3345832825, -13.5489664078, -36.2217445374], [2547.35180664, -1613.23510742, 4.74732780457, 1645.54516602, 56.00756073, 425.348266602, 14.4915008545, 203.34274292, -124.650848389, 18.3222522736, 6.08950185776, 111.470962524, 75.8806152344], [-329.406585693, 552.870178223, 179.94758606, 56.00756073, 674.389404297, 17.7584056854, 80.0946502686, -4.89910364151, 41.3110351562, 0.646044254303, 34.6882095337, -3.01569318771, 112.079345703], [1427.22973633, -609.955322266, -66.7605743408, 425.348266602, 17.7584056854, 405.083099365, 27.7222080231, 133.559448242, -92.8316650391, 54.7461585999, 20.2430362701, 75.9022521973, 36.7584953308], [-187.953582764, 123.690193176, 164.834884644, 14.4915008545, 80.0946502686, 27.7222080231, 168.455307007, 7.9038438797, 23.7171287537, 25.4696941376, 39.9883232117, 7.3413028717, 4.07423114777], [947.290771484, -350.362426758, -162.560150146, 203.34274292, -4.89910364151, 133.559448242, 7.9038438797, 225.719161987, -49.8404312134, 67.7789916992, 16.9301872253, 30.3234825134, 28.4514122009], [-643.098388672, 284.646728516, 154.41343689, -124.650848389, 41.3110351562, -92.8316650391, 23.7171287537, -49.8404312134, 261.936096191, -48.3549385071, 5.27366876602, -12.730638504, -22.8860054016], [402.911682129, -139.03276062, -52.3261299133, 18.3222522736, 0.646044254303, 54.7461585999, 25.4696941376, 67.7789916992, -48.3549385071, 149.147766113, 16.4682178497, 24.5447826385, 1.76308453083], [-174.690475464, 116.254974365, 62.3345832825, 6.08950185776, 34.6882095337, 20.2430362701, 39.9883232117, 16.9301872253, 5.27366876602, 16.4682178497, 117.951271057, 11.7754850388, 38.9998092651], [376.241149902, -263.496551514, -13.5489664078, 111.470962524, -3.01569318771, 75.9022521973, 7.3413028717, 30.3234825134, -12.730638504, 24.5447826385, 11.7754850388, 125.497894287, 13.3671274185], [74.9478530884, 78.5283126831, -36.2217445374, 75.8806152344, 112.079345703, 36.7584953308, 4.07423114777, 28.4514122009, -22.8860054016, 1.76308453083, 38.9998092651, 13.3671274185, 129.068710327]], "icov": [[0.000224976203754, -6.84922270011e-05, 0.000244779133936, -0.000253501202678, 6.28155976301e-05, -0.000432958593592, 8.83708198671e-05, -0.000321161438478, 8.49477219163e-05, -0.000239935921854, 0.000341383070918, -0.00022915531008, 0.000204446856515], [-6.84922270011e-05, 0.00263917190023, -0.000711008615326, 0.00223263725638, -0.00167817715555, 0.00107381155249, -0.000674304028507, 0.00076063151937, -0.00049378303811, 0.00107704300899, -0.00179666432086, 0.00296703679487, -0.00193967635278], [0.000244779133936, -0.000711008615326, 0.00159644335508, -0.000951649039052, 0.000248460157309, -0.000688868924044, -0.000666934647597, 0.000338459620252, -0.000193826010218, -0.000386995467125, 0.000243853632128, -0.000925791508052, 0.00121795409359], [-0.000253501202678, 0.00223263725638, -0.000951649039052, 0.00296907057054, -0.00144969671965, 0.000498986977618, -0.000536306179129, 0.000397570140194, -0.000299491948681, 0.00151112349704, -0.00151927804109, 0.00233973702416, -0.00203473726287], [6.28155976301e-05, -0.00167817715555, 0.000248460157309, -0.00144969671965, 0.00301881995983, -0.000748412450776, -0.00027033011429, -0.000411869550589, 1.26065597215e-05, -0.000864553789143, 0.00159937515855, -0.00166202534456, -0.000699496886227], [-0.000432958593592, 0.00107381155249, -0.000688868924044, 0.000498986977618, -0.000748412450776, 0.00541874254122, -0.000950223300606, -0.00047824709327, 0.000485339114675, 0.000571197248064, -0.00141106685624, 0.000103545855382, -0.00115262740292], [8.83708198671e-05, -0.000674304028507, -0.000666934647597, -0.000536306179129, -0.00027033011429, -0.000950223300606, 0.00815164577216, -0.000691141351126, -0.000258581800153, -0.00158686609939, -0.00138810253702, -0.000748507096432, 0.00136025936808], [-0.000321161438478, 0.00076063151937, 0.000338459620252, 0.000397570140194, -0.000411869550589, -0.00047824709327, -0.000691141351126, 0.00765309203416, -0.000558105355594, -0.00174632563721, -0.00150173122529, 0.00128249661066, -0.00134054699447], [8.49477219163e-05, -0.00049378303811, -0.000193826010218, -0.000299491948681, 1.26065597215e-05, 0.000485339114675, -0.000258581800153, -0.000558105355594, 0.00488840090111, 0.00113015179522, 0.000117393581604, -0.0010621616384, 0.00128068600316], [-0.000239935921854, 0.00107704300899, -0.000386995467125, 0.00151112349704, -0.000864553789143, 0.000571197248064, -0.00158686609939, -0.00174632563721, 0.00113015179522, 0.00942569132894, -0.00176096265204, 0.000171399587998, 9.61278637988e-05], [0.000341383070918, -0.00179666432086, 0.000243853632128, -0.00151927804109, 0.00159937515855, -0.00141106685624, -0.00138810253702, -0.00150173122529, 0.000117393581604, -0.00176096265204, 0.0123884053901, -0.0026580686681, -0.00217876234092], [-0.00022915531008, 0.00296703679487, -0.000925791508052, 0.00233973702416, -0.00166202534456, 0.000103545855382, -0.000748507096432, 0.00128249661066, -0.0010621616384, 0.000171399587998, -0.0026580686681, 0.0127509087324, -0.00286089908332], [0.000204446856515, -0.00193967635278, 0.00121795409359, -0.00203473726287, -0.000699496886227, -0.00115262740292, 0.00136025936808, -0.00134054699447, 0.00128068600316, 9.61278637988e-05, -0.00217876234092, -0.00286089908332, 0.0127159422264]]}, "melbands": {"dmean": [0.00462779356167, 0.00460595451295, 0.00179343286436, 0.000612067407928, 0.000180454517249, 0.000112775880552, 8.91757445061e-05, 0.000154986453708, 0.000203012052225, 7.62056879466e-05, 4.08941705246e-05, 5.05161187903e-05, 5.06324577145e-05, 2.6556346711e-05, 2.89242470899e-05, 1.50568503159e-05, 1.15101865958e-05, 9.35796288104e-06, 7.03586420059e-06, 6.03913304076e-06, 4.44660145149e-06, 4.34881030742e-06, 3.62502214557e-06, 3.94225753553e-06, 4.02743307859e-06, 3.80761548513e-06, 3.39380744663e-06, 3.43179999618e-06, 2.62523417405e-06, 2.18048353418e-06, 1.86262184343e-06, 3.23209565067e-06, 2.25015696742e-06, 1.6834529788e-06, 1.70283294665e-06, 1.35422453695e-06, 1.01810917386e-06, 6.42157317543e-07, 5.55903170607e-07, 3.99723745659e-07], "dmean2": [0.00763530656695, 0.00784065760672, 0.00320359389298, 0.00101609283593, 0.00030472537037, 0.000192429099116, 0.000147871644003, 0.000216521482798, 0.000268051400781, 0.000115855327749, 6.65622210363e-05, 8.06475873105e-05, 8.17813852336e-05, 4.38697061327e-05, 4.86657518195e-05, 2.59113967331e-05, 1.89579441212e-05, 1.51774856931e-05, 1.15580942293e-05, 9.8309628811e-06, 7.18229875929e-06, 6.93454785505e-06, 5.88392322243e-06, 6.50055972073e-06, 6.21594654149e-06, 5.72522549191e-06, 5.26110579813e-06, 5.39050142834e-06, 3.86854162571e-06, 3.21718039231e-06, 2.87379293695e-06, 5.19225432072e-06, 3.42208591064e-06, 2.36765458794e-06, 2.59375019596e-06, 1.94997505787e-06, 1.5719891735e-06, 9.86707846096e-07, 8.55993675941e-07, 6.26998939879e-07], "dvar": [8.57713021105e-05, 0.000115048591397, 2.20358833758e-05, 1.3457371324e-06, 1.11623165822e-07, 4.21933705752e-08, 2.89345365445e-08, 3.82866659265e-07, 4.9199923069e-07, 3.00771851869e-08, 1.27036399178e-08, 1.83891639693e-08, 1.39269591415e-08, 4.68875338555e-09, 4.49021797522e-09, 1.38450817477e-09, 7.01257774072e-10, 7.59518115068e-10, 3.32630284428e-10, 3.78829884129e-10, 2.57221355326e-10, 2.05611416781e-10, 2.00982328002e-10, 1.53031781691e-10, 1.11865398889e-10, 1.20546017612e-10, 4.76967632057e-11, 5.47604600554e-11, 3.22659746144e-11, 3.00259851704e-11, 1.87534657942e-11, 7.03308591921e-11, 3.30800803416e-11, 1.94645532331e-11, 1.80346900608e-11, 1.08312993991e-11, 8.23952885087e-12, 3.2670411515e-12, 2.24836598992e-12, 1.07515049381e-12], "dvar2": [0.000218250090256, 0.0003151242272, 6.38982310193e-05, 3.59219097845e-06, 2.96653212217e-07, 1.17331872218e-07, 7.82772460184e-08, 5.9418738374e-07, 7.78607102347e-07, 6.38606394432e-08, 3.03049318973e-08, 4.47726087316e-08, 3.49469679861e-08, 1.20360130751e-08, 1.20244596502e-08, 3.78527698075e-09, 1.77037684512e-09, 1.91435778341e-09, 8.59317672575e-10, 9.61910218145e-10, 6.12863038096e-10, 4.9190213014e-10, 5.23549426035e-10, 4.09105527233e-10, 2.59892912746e-10, 2.48226245114e-10, 1.0980674009e-10, 1.26639337905e-10, 6.57897278322e-11, 6.21963661129e-11, 4.12344498824e-11, 1.77217157615e-10, 7.17286091634e-11, 3.89788340494e-11, 4.02356377383e-11, 2.27905437578e-11, 2.00746225199e-11, 7.92411969375e-12, 5.08567753882e-12, 2.79406792841e-12], "max": [0.126469001174, 0.137540817261, 0.0679149329662, 0.0227885488421, 0.00667626224458, 0.00560760265216, 0.00323127000593, 0.0271107237786, 0.027897708118, 0.0045337616466, 0.00214031292126, 0.00375310890377, 0.00199267081916, 0.00106598983984, 0.00112337630708, 0.000828524003737, 0.000451095052995, 0.000562356261071, 0.00028451619437, 0.000396908610128, 0.000306360336253, 0.000309634429868, 0.000279305328149, 0.000234807914239, 0.000274045189144, 0.000240175650106, 0.00010800932796, 0.000202858107514, 0.000109981498099, 0.00014270930842, 6.18806370767e-05, 0.00010273312364, 0.000107406005554, 0.000115780370834, 8.64414032549e-05, 7.85577576607e-05, 8.83705724846e-05, 7.05202837707e-05, 6.02258442086e-05, 4.17920891778e-05], "mean": [0.0120726190507, 0.0090039325878, 0.00283582904376, 0.00124099536333, 0.000321111088851, 0.00020337094611, 0.000182628878974, 0.000406657462008, 0.000583451765124, 0.000152487045852, 5.41134868399e-05, 6.88543150318e-05, 7.1651818871e-05, 3.721111716e-05, 4.28088605986e-05, 1.96552209673e-05, 1.66731024365e-05, 1.31177475851e-05, 1.15720631584e-05, 8.17401723907e-06, 5.79617335461e-06, 5.86236910749e-06, 4.65962511953e-06, 5.48040179638e-06, 6.04486422162e-06, 5.4902161537e-06, 5.46695036974e-06, 5.58057854505e-06, 4.1583912207e-06, 3.4898780541e-06, 3.02058356283e-06, 3.90726609112e-06, 3.23581730299e-06, 3.22442360812e-06, 3.10029668071e-06, 2.55330905929e-06, 1.8720195385e-06, 1.3117863773e-06, 1.15929196909e-06, 7.35783203254e-07], "median": [0.00671293726191, 0.00591137539595, 0.00137253431603, 0.000584003340919, 0.000181935189175, 0.000118405150715, 8.99617734831e-05, 6.50026631774e-05, 0.000109313536086, 4.3829142669e-05, 1.2761644939e-05, 2.06664426514e-05, 1.79189555638e-05, 1.25319866129e-05, 1.62147807714e-05, 5.68969153392e-06, 4.18971467298e-06, 3.18331240123e-06, 2.59093803834e-06, 1.37234576414e-06, 1.12560064736e-06, 1.05789627014e-06, 7.77918955919e-07, 1.36882943025e-06, 2.00877821044e-06, 1.74945967046e-06, 2.01698071578e-06, 1.98504994842e-06, 1.38143388995e-06, 8.59438443968e-07, 7.45019519854e-07, 4.99489999584e-07, 2.0846671589e-07, 1.96248890916e-07, 2.09368351989e-07, 3.06287006424e-07, 2.01310257353e-07, 1.93526119574e-07, 1.97102451693e-07, 2.02447282049e-07], "min": [3.00692596155e-24, 4.81261752955e-24, 8.37204115873e-24, 6.09693712022e-24, 5.74643399269e-24, 5.4822389535e-24, 5.4025967398e-24, 4.40446247491e-24, 6.15355997827e-24, 5.65826143159e-24, 2.85472294128e-24, 4.61879322184e-24, 7.79862605533e-24, 5.00850549738e-24, 7.37248654978e-24, 3.2103692447e-24, 2.32087572038e-24, 8.16953109803e-24, 6.10370515236e-24, 7.05443676545e-24, 1.35976948198e-23, 6.98209269842e-24, 6.16314148283e-24, 9.61398195828e-24, 9.48408733277e-24, 1.01090639627e-23, 8.6680312367e-24, 1.11312588796e-23, 1.0661653927e-23, 7.33014759613e-24, 7.48497180397e-24, 1.12056374189e-23, 9.90474819934e-24, 8.95804569331e-24, 9.18163963943e-24, 8.80641794986e-24, 1.11634909473e-23, 8.31041534481e-24, 1.11964235235e-23, 8.24417548346e-24], "var": [0.000211160659092, 0.000132129876874, 1.91370127141e-05, 3.00352621707e-06, 1.86181978279e-07, 8.82878126163e-08, 9.79839498427e-08, 2.17125716517e-06, 2.7125363431e-06, 1.28333667249e-07, 1.59027742086e-08, 2.27569039168e-08, 2.16754809657e-08, 5.58276536111e-09, 5.41423172962e-09, 1.48377754527e-09, 1.08828235312e-09, 9.75495795252e-10, 5.68932234657e-10, 4.69406846726e-10, 3.28537502758e-10, 2.56711568669e-10, 2.05574141043e-10, 1.68361574682e-10, 1.67915514826e-10, 1.67706834531e-10, 9.07597400013e-11, 9.93825716167e-11, 5.48754028329e-11, 4.98642967195e-11, 3.87816827263e-11, 8.52817608199e-11, 6.52330758855e-11, 6.54676660106e-11, 5.51135075078e-11, 3.55881435432e-11, 2.36864364928e-11, 1.08700002124e-11, 9.00564345319e-12, 3.43189344131e-12]}, "mfcc": {"mean": [-695.660583496, 149.606582642, 42.1262168884, 26.8635616302, 2.50451588631, 11.7659053802, 15.0467224121, 4.43476867676, 1.02769494057, 8.2601776123, 3.22088193893, 2.89629530907, 1.28166437149], "cov": [[12548.9082031, -4060.66918945, -1528.18408203, 710.727600098, 297.491607666, 479.025146484, 620.956176758, 422.61328125, 249.098953247, 213.580657959, 40.5247535706, 93.0747299194, -88.3532791138], [-4060.66918945, 3559.12353516, 60.6514167786, -703.418457031, -3.48812294006, -284.000427246, -107.027297974, -284.013519287, -7.56239461899, -52.3210258484, 29.2086334229, -24.3080787659, 24.2785415649], [-1528.18408203, 60.6514167786, 1013.68835449, 111.281089783, -70.0119781494, 96.6208496094, -94.7067947388, 57.2323417664, -81.9339675903, 2.25932192802, 26.5141448975, 22.4675693512, 71.92137146], [710.727600098, -703.418457031, 111.281089783, 696.183166504, 285.753265381, 191.837478638, 138.157409668, 91.1744003296, 62.59715271, 39.6469726562, 16.1118583679, 6.37601709366, -7.99666452408], [297.491607666, -3.48812294006, -70.0119781494, 285.753265381, 450.066314697, 167.107849121, 120.359230042, 88.1311950684, 90.3148040771, 41.9312171936, 2.03034973145, 8.53133678436, -27.917011261], [479.025146484, -284.000427246, 96.6208496094, 191.837478638, 167.107849121, 285.165222168, 98.4938430786, 87.2126312256, 35.9133224487, 36.8882980347, 27.7701473236, -14.2581624985, 10.2053985596], [620.956176758, -107.027297974, -94.7067947388, 138.157409668, 120.359230042, 98.4938430786, 354.041625977, 11.5715579987, 44.2997550964, 20.5249938965, 15.424943924, 19.1389217377, -13.8370189667], [422.61328125, -284.013519287, 57.2323417664, 91.1744003296, 88.1311950684, 87.2126312256, 11.5715579987, 186.280090332, 27.2875938416, 15.8709497452, 11.5644388199, 23.9206008911, 6.60506486893], [249.098953247, -7.56239461899, -81.9339675903, 62.59715271, 90.3148040771, 35.9133224487, 44.2997550964, 27.2875938416, 118.253303528, 27.8542976379, 10.6836862564, 1.86057198048, -5.86462879181], [213.580657959, -52.3210258484, 2.25932192802, 39.6469726562, 41.9312171936, 36.8882980347, 20.5249938965, 15.8709497452, 27.8542976379, 103.443191528, 34.2659225464, 9.72773170471, 13.2600154877], [40.5247535706, 29.2086334229, 26.5141448975, 16.1118583679, 2.03034973145, 27.7701473236, 15.424943924, 11.5644388199, 10.6836862564, 34.2659225464, 99.5098419189, 33.6247406006, 14.9718236923], [93.0747299194, -24.3080787659, 22.4675693512, 6.37601709366, 8.53133678436, -14.2581624985, 19.1389217377, 23.9206008911, 1.86057198048, 9.72773170471, 33.6247406006, 90.3651275635, 31.0865745544], [-88.3532791138, 24.2785415649, 71.92137146, -7.99666452408, -27.917011261, 10.2053985596, -13.8370189667, 6.60506486893, -5.86462879181, 13.2600154877, 14.9718236923, 31.0865745544, 87.119972229]], "icov": [[0.000204549985938, 0.000198391368031, 0.000304896180751, 3.85672756238e-05, 7.43760319892e-05, -0.000184201009688, -0.000168797574588, -0.000161578456755, -7.2632697993e-05, -0.000218367233174, 5.50141203348e-06, -0.000179498514626, 2.62955309154e-05], [0.000198391368031, 0.000718782888725, 5.50413533347e-05, 0.000723561854102, -0.000709333631676, 0.000322319654515, -0.000237066531554, 0.000520722591318, -0.000299692241242, 0.00010350872617, -0.000568378251046, 0.000284913519863, -0.000360239500878], [0.000304896180751, 5.50413533347e-05, 0.00183593353722, -0.000571161566768, 0.000805631338153, -0.00107115239371, 0.000176517263753, -0.000776290660724, 0.000834338075947, -0.000439798197476, 0.000164617827977, -0.000660702236928, -0.000473101186799], [3.85672756238e-05, 0.000723561854102, -0.000571161566768, 0.00308900536038, -0.00205118348822, 9.38305674936e-05, -0.000525330426171, 0.000670651497785, -0.000515188032296, 0.000293032353511, -0.000751736923121, 0.000609890848864, -0.000377752119675], [7.43760319892e-05, -0.000709333631676, 0.000805631338153, -0.00205118348822, 0.00533175980672, -0.00240441248752, -9.14770207601e-05, -0.00152709521353, -0.00128600769676, -0.00116847374011, 0.00198367075063, -0.00205411971547, 0.00199451623484], [-0.000184201009688, 0.000322319654515, -0.00107115239371, 9.38305674936e-05, -0.00240441248752, 0.00717447325587, -0.00125398801174, -0.00127072574105, 6.98844596627e-05, 7.74548170739e-05, -0.00247198017314, 0.00415046606213, -0.00216072914191], [-0.000168797574588, -0.000237066531554, 0.000176517263753, -0.000525330426171, -9.14770207601e-05, -0.00125398801174, 0.0037998247426, 0.000815192237496, -0.000401067431085, 9.85718870652e-05, 0.00022961331706, -0.0014707603259, 0.000803571019787], [-0.000161578456755, 0.000520722591318, -0.000776290660724, 0.000670651497785, -0.00152709521353, -0.00127072574105, 0.000815192237496, 0.00809118431062, -0.00122555030975, 0.000552991870791, -8.30663120723e-05, -0.00196216301993, 0.00011673966219], [-7.2632697993e-05, -0.000299692241242, 0.000834338075947, -0.000515188032296, -0.00128600769676, 6.98844596627e-05, -0.000401067431085, -0.00122555030975, 0.0113277556375, -0.00196846434847, -0.000524238392245, 0.000600297644269, -0.000179231516086], [-0.000218367233174, 0.00010350872617, -0.000439798197476, 0.000293032353511, -0.00116847374011, 7.74548170739e-05, 9.85718870652e-05, 0.000552991870791, -0.00196846434847, 0.0124539164826, -0.00413803756237, 0.00123373558745, -0.00202724779956], [5.50141203348e-06, -0.000568378251046, 0.000164617827977, -0.000751736923121, 0.00198367075063, -0.00247198017314, 0.00022961331706, -8.30663120723e-05, -0.000524238392245, -0.00413803756237, 0.0142451068386, -0.00601429212838, 0.00121958879754], [-0.000179498514626, 0.000284913519863, -0.000660702236928, 0.000609890848864, -0.00205411971547, 0.00415046606213, -0.0014707603259, -0.00196216301993, 0.000600297644269, 0.00123373558745, -0.00601429212838, 0.017352534458, -0.00619488675147], [2.62955309154e-05, -0.000360239500878, -0.000473101186799, -0.000377752119675, 0.00199451623484, -0.00216072914191, 0.000803571019787, 0.00011673966219, -0.000179231516086, -0.00202724779956, 0.00121958879754, -0.00619488675147, 0.0152697851881]]}, "spectral_contrast_coeffs": {"dmean": [0.0484424494207, 0.0424679294229, 0.0360935218632, 0.0302897822112, 0.0216577276587, 0.0184588525444], "dmean2": [0.0803033038974, 0.0700975731015, 0.0580563694239, 0.0489632189274, 0.0345788411796, 0.0283796768636], "dvar": [0.00170042959508, 0.0013238133397, 0.000852706725709, 0.000669916393235, 0.000350858230377, 0.000357279117452], "dvar2": [0.00449686078355, 0.0034445496276, 0.00213306816295, 0.00164310843684, 0.000840158259962, 0.00071044039214], "max": [-0.313647449017, -0.418605566025, -0.513952255249, -0.510178565979, -0.650866746902, -0.567599892616], "mean": [-0.633761286736, -0.71360129118, -0.764249444008, -0.774326086044, -0.803373038769, -0.783193588257], "median": [-0.641987800598, -0.725575208664, -0.766867041588, -0.778001189232, -0.800827264786, -0.780135095119], "min": [-0.972163498402, -0.970705389977, -0.966342270374, -0.989598453045, -0.968718528748, -0.967209219933], "var": [0.00743512995541, 0.00660047354177, 0.00424276897684, 0.00374449510127, 0.00218803575262, 0.00275990203954]}, "spectral_contrast_valleys": {"dmean": [0.40528216958, 0.368287473917, 0.363292425871, 0.359556645155, 0.329308331013, 0.331622600555], "dmean2": [0.65364253521, 0.593083918095, 0.560241639614, 0.539663255215, 0.451942563057, 0.433484345675], "dvar": [0.172028362751, 0.168256014585, 0.183047294617, 0.200285747647, 0.219579398632, 0.236729174852], "dvar2": [0.341738194227, 0.328733861446, 0.340981572866, 0.362287044525, 0.358302921057,