{"lowlevel": {"average_loudness": 0.870726525784, "barkbands_crest": {"dmean": 3.19974946976, "dmean2": 4.91106081009, "dvar": 8.74304676056, "dvar2": 19.453660965, "max": 26.0389270782, "mean": 12.9195280075, "median": 11.8421382904, "min": 2.56543970108, "var": 34.5374336243}, "barkbands_flatness_db": {"dmean": 0.0365968868136, "dmean2": 0.0513791553676, "dvar": 0.00132980267517, "dvar2": 0.00250295270234, "max": 0.457314878702, "mean": 0.192057773471, "median": 0.18167668581, "min": 0.0241550151259, "var": 0.00602358113974}, "barkbands_kurtosis": {"dmean": 12.4182529449, "dmean2": 18.6674404144, "dvar": 517.84954834, "dvar2": 1161.3848877, "max": 270.983825684, "mean": 16.5356693268, "median": 3.93196105957, "min": -1.9271774292, "var": 875.917358398}, "barkbands_skewness": {"dmean": 1.17233598232, "dmean2": 1.71909034252, "dvar": 1.88588571548, "dvar2": 4.07809352875, "max": 14.1282567978, "mean": 2.5418009758, "median": 1.86735343933, "min": -3.51588916779, "var": 6.53214883804}, "barkbands_spread": {"dmean": 6.21309661865, "dmean2": 9.45813179016, "dvar": 62.7338104248, "dvar2": 137.407287598, "max": 95.6484451294, "mean": 15.6792955399, "median": 12.9549121857, "min": 0.400946259499, "var": 172.963851929}, "dissonance": {"dmean": 0.0246353447437, "dmean2": 0.0417570620775, "dvar": 0.000748754478991, "dvar2": 0.00206640153192, "max": 0.500000178814, "mean": 0.458149015903, "median": 0.467484176159, "min": 0.260027199984, "var": 0.00124379806221}, "dynamic_complexity": 5.9551987648, "erbbands_crest": {"dmean": 2.93572473526, "dmean2": 4.79779720306, "dvar": 7.93588447571, "dvar2": 19.4845371246, "max": 33.9474868774, "mean": 9.54479980469, "median": 8.37263298035, "min": 2.51137161255, "var": 22.7014026642}, "erbbands_flatness_db": {"dmean": 0.0224172864109, "dmean2": 0.0336988419294, "dvar": 0.0005108442856, "dvar2": 0.00104135414585, "max": 0.424933075905, "mean": 0.172583788633, "median": 0.161048382521, "min": 0.0677116885781, "var": 0.00338146695867}, "erbbands_kurtosis": {"dmean": 1.407158494, "dmean2": 2.28478360176, "dvar": 3.67345643044, "dvar2": 8.92607879639, "max": 46.0374107361, "mean": 0.939373135567, "median": 0.296097755432, "min": -1.83091831207, "var": 6.45530176163}, "erbbands_skewness": {"dmean": 0.495569199324, "dmean2": 0.752343654633, "dvar": 0.232007846236, "dvar2": 0.523053050041, "max": 4.75313854218, "mean": 0.378744274378, "median": 0.38554674387, "min": -3.17859983444, "var": 0.644421875477}, "erbbands_spread": {"dmean": 11.9998264313, "dmean2": 18.8996639252, "dvar": 178.893371582, "dvar2": 422.059875488, "max": 132.409912109, "mean": 36.3728637695, "median": 31.1976928711, "min": 1.59227144718, "var": 455.436981201}, "hfc": {"dmean": 6.83691310883, "dmean2": 10.3876724243, "dvar": 118.310798645, "dvar2": 277.674163818, "max": 144.146408081, "mean": 13.4456987381, "median": 4.39738845825, "min": 1.16595527793e-16, "var": 339.349700928}, "melbands_crest": {"dmean": 4.0921421051, "dmean2": 6.54686784744, "dvar": 19.3089160919, "dvar2": 46.2233581543, "max": 37.9603843689, "mean": 18.7211780548, "median": 16.9503822327, "min": 2.4073805809, "var": 86.0008850098}, "melbands_flatness_db": {"dmean": 0.0431862846017, "dmean2": 0.0601950623095, "dvar": 0.00178257969674, "dvar2": 0.00347119406797, "max": 0.582772016525, "mean": 0.261980950832, "median": 0.252976596355, "min": 0.0103126624599, "var": 0.0105179492384}, "melbands_kurtosis": {"dmean": 25.4399375916, "dmean2": 39.2021064758, "dvar": 2279.77368164, "dvar2": 5198.2421875, "max": 706.33215332, "mean": 37.0384941101, "median": 10.313911438, "min": -1.84729743004, "var": 3825.25146484}, "melbands_skewness": {"dmean": 1.53331005573, "dmean2": 2.33651947975, "dvar": 3.51016163826, "dvar2": 7.74833059311, "max": 21.9826335907, "mean": 3.78039455414, "median": 2.70612096786, "min": -2.97448587418, "var": 11.8640031815}, "melbands_spread": {"dmean": 8.03700351715, "dmean2": 12.5193557739, "dvar": 196.623397827, "dvar2": 426.782348633, "max": 245.066757202, "mean": 18.7651634216, "median": 13.2016553879, "min": 0.429737389088, "var": 464.087158203}, "pitch_salience": {"dmean": 0.10671017319, "dmean2": 0.169451341033, "dvar": 0.0148335192353, "dvar2": 0.0331085510552, "max": 0.963681399822, "mean": 0.477583736181, "median": 0.495158731937, "min": 0.0435549207032, "var": 0.0406743809581}, "silence_rate_20dB": {"dmean": 0, "dmean2": 0, "dvar": 0, "dvar2": 0, "max": 1, "mean": 1, "median": 1, "min": 1, "var": 0}, "silence_rate_30dB": {"dmean": 0.0621245056391, "dmean2": 0.124264895916, "dvar": 0.0582598075271, "dvar2": 0.121095776558, "max": 1, "mean": 0.939161539078, "median": 1, "min": 0, "var": 0.0571352243423}, "silence_rate_60dB": {"dmean": 0.06007925421, "dmean2": 0.120173871517, "dvar": 0.0564657412469, "dvar2": 0.123130075634, "max": 1, "mean": 0.225587934256, "median": 0, "min": 0, "var": 0.174710050225}, "spectral_centroid": {"dmean": 352.650634766, "dmean2": 522.225219727, "dvar": 175376.171875, "dvar2": 343980.40625, "max": 11095.4140625, "mean": 1323.97277832, "median": 1201.1361084, "min": 138.568908691, "var": 598544.0625}, "spectral_complexity": {"dmean": 3.66611266136, "dmean2": 5.20736408234, "dvar": 22.6676521301, "dvar2": 36.4093055725, "max": 48, "mean": 10.7984409332, "median": 9, "min": 0, "var": 79.8183288574}, "spectral_decrease": {"dmean": 3.61043328567e-09, "dmean2": 5.24956211834e-09, "dvar": 3.04686817027e-17, "dvar2": 5.85116264806e-17, "max": 4.54781002143e-29, "mean": -7.61689555873e-09, "median": -3.82818532429e-09, "min": -4.77140993382e-08, "var": 8.43425711865e-17}, "spectral_energy": {"dmean": 0.0140220243484, "dmean2": 0.0204237550497, "dvar": 0.000450801569968, "dvar2": 0.000863206514623, "max": 0.181499168277, "mean": 0.0299674384296, "median": 0.0152338258922, "min": 1.04039174688e-20, "var": 0.00126461137552}, "spectral_energyband_high": {"dmean": 0.000291899428703, "dmean2": 0.000428120052675, "dvar": 3.96249816959e-07, "dvar2": 7.87376450262e-07, "max": 0.0132968211547, "mean": 0.000377807911718, "median": 5.78792678425e-05, "min": 7.52551876856e-21, "var": 8.46720809022e-07}, "spectral_energyband_low": {"dmean": 0.0113865779713, "dmean2": 0.0163581706583, "dvar": 0.000413096888224, "dvar2": 0.00081106153084, "max": 0.175950929523, "mean": 0.0192785393447, "median": 0.00611321348697, "min": 2.22139507487e-23, "var": 0.000894203723874}, "spectral_energyband_middle_high": {"dmean": 0.00272351456806, "dmean2": 0.0044762105681, "dvar": 3.11985859298e-05, "dvar2": 8.09149860288e-05, "max": 0.0721658021212, "mean": 0.00475189322606, "median": 0.000610784161836, "min": 1.68165768045e-21, "var": 9.17409488466e-05}, "spectral_energyband_middle_low": {"dmean": 0.0054721836932, "dmean2": 0.00943867489696, "dvar": 0.000187383426237, "dvar2": 0.000516606087331, "max": 0.100068204105, "mean": 0.00656567327678, "median": 0.0024481639266, "min": 1.7374978244e-22, "var": 0.00014821071818}, "spectral_entropy": {"dmean": 0.251634448767, "dmean2": 0.361590713263, "dvar": 0.0651283934712, "dvar2": 0.125991880894, "max": 9.79171848297, "mean": 7.34220743179, "median": 7.39973115921, "min": 5.16267633438, "var": 0.342725634575}, "spectral_flux": {"dmean": 0.0370361693203, "dmean2": 0.055043078959, "dvar": 0.00219563534483, "dvar2": 0.00356268603355, "max": 0.424708753824, "mean": 0.0882933884859, "median": 0.0649357661605, "min": 1.01999596269e-10, "var": 0.00673732487485}, "spectral_kurtosis": {"dmean": 2.51424050331, "dmean2": 4.12769269943, "dvar": 10.6430006027, "dvar2": 27.8456344604, "max": 72.0818023682, "mean": 5.9508433342, "median": 4.95389080048, "min": -1.17517518997, "var": 23.3259716034}, "spectral_rms": {"dmean": 0.00117605982814, "dmean2": 0.00168041989673, "dvar": 2.10954817703e-06, "dvar2": 3.83192082154e-06, "max": 0.0133068542928, "mean": 0.00442907726392, "median": 0.00385516136885, "min": 3.18593220382e-12, "var": 9.61979094427e-06}, "spectral_rolloff": {"dmean": 472.314483643, "dmean2": 796.290039062, "dvar": 929833.1875, "dvar2": 1930517, "max": 19035.3515625, "mean": 1157.69677734, "median": 732.12890625, "min": 43.06640625, "var": 2607715.5}, "spectral_skewness": {"dmean": 0.342258423567, "dmean2": 0.529203474522, "dvar": 0.118408218026, "dvar2": 0.277960002422, "max": 7.13091468811, "mean": 1.72082602978, "median": 1.67786383629, "min": -0.0535122938454, "var": 0.404516458511}, "spectral_spread": {"dmean": 654862.9375, "dmean2": 978531.4375, "dvar": 730950008832, "dvar2": 1345271758850.0, "max": 40774380, "mean": 4195291, "median": 3943125, "min": 1176277.625, "var": 2297093423100.0}, "spectral_strongpeak": {"dmean": 0.375295847654, "dmean2": 0.62513500452, "dvar": 0.670586168766, "dvar2": 1.58552885056, "max": 13.5636987686, "mean": 0.629612624645, "median": 0.282312005758, "min": 0, "var": 1.22881937027}, "zerocrossingrate": {"dmean": 0.0110687483102, "dmean2": 0.0125509882346, "dvar": 0.000296339305351, "dvar2": 0.000358425226295, "max": 0.50439453125, "mean": 0.0464712195098, "median": 0.03564453125, "min": 0.00146484375, "var": 0.00203560269438}, "barkbands": {"dmean": [0.000658154080156, 0.00892295502126, 0.00458539277315, 0.00195696461014, 0.00176398595795, 0.000799097528215, 0.000585764355492, 0.000305403518723, 0.000880200241227, 0.000995267066173, 0.000507841294166, 0.000548583164345, 0.000392675574403, 0.000329463800881, 0.000454470922705, 0.00018524749612, 0.000126509592519, 0.000138027957291, 0.000123944148072, 8.96184355952e-05, 5.70634874748e-05, 7.13961271686e-05, 4.94614687341e-05, 4.13191082771e-05, 3.1107745599e-05, 1.57553913596e-05, 1.14531194413e-05], "dmean2": [0.000964800885413, 0.012724487111, 0.00764381885529, 0.00363296829164, 0.00318681704812, 0.0013391810935, 0.00100532674696, 0.000516306841746, 0.00146390718874, 0.00171246670652, 0.000918798265047, 0.000872483302373, 0.000647282169666, 0.000519074208569, 0.000772265717387, 0.000284185109194, 0.000200600043172, 0.00021337767248, 0.000191068567801, 0.000140158663271, 8.52007069625e-05, 0.000107385305455, 7.01945464243e-05, 6.26349064987e-05, 4.49510334875e-05, 2.61839595623e-05, 2.18411096284e-05], "dvar": [1.05333936062e-06, 0.000301359366858, 0.000166283891303, 4.49746185041e-05, 2.99615367112e-05, 4.2634469537e-06, 2.13565976992e-06, 5.84262693337e-07, 6.07914535067e-06, 7.89924615674e-06, 2.7232983939e-06, 2.69355291493e-06, 2.4514058623e-06, 2.33937839766e-06, 1.88113301647e-06, 3.11116934881e-07, 1.30011329702e-07, 9.498798903e-08, 7.42349755001e-08, 3.19361106449e-08, 1.91508942038e-08, 3.59276803863e-08, 1.55912207589e-08, 1.05121102933e-08, 1.22838015315e-08, 2.4263231424e-09, 2.4882458316e-09], "dvar2": [2.61364493781e-06, 0.000651827082038, 0.000437367561972, 0.00013008818496, 8.60467553139e-05, 1.10706323539e-05, 5.58569809073e-06, 1.49747904743e-06, 1.51856711454e-05, 2.01193797693e-05, 7.44079761716e-06, 6.0783245317e-06, 5.81964513913e-06, 4.61722811451e-06, 4.73047521155e-06, 6.75548903928e-07, 3.45484750142e-07, 2.25018865763e-07, 1.7296265753e-07, 7.20332806736e-08, 3.98424937487e-08, 8.06405751064e-08, 3.32012071169e-08, 1.99227123687e-08, 1.87643784955e-08, 5.567517114e-09, 7.22280635301e-09], "max": [0.00991132762283, 0.164355486631, 0.0991139262915, 0.0594963058829, 0.0443147458136, 0.0420064032078, 0.0323410071433, 0.0132821733132, 0.0489904917777, 0.0590173304081, 0.0369489714503, 0.0360361784697, 0.0488446243107, 0.051407083869, 0.0294508542866, 0.0151725346223, 0.00972582399845, 0.00563293509185, 0.00671081012115, 0.00353350723162, 0.00391281396151, 0.00394826475531, 0.00329723861068, 0.00205113762058, 0.00319231487811, 0.000727894366719, 0.000617738696747], "mean": [0.00108784576878, 0.0133479861543, 0.00399826467037, 0.00145760714076, 0.00153997412417, 0.00100129377097, 0.000647382170428, 0.000387972046155, 0.00123196165077, 0.00124960683752, 0.000420657277573, 0.000825268332846, 0.000609178096056, 0.000437270617113, 0.000475706066936, 0.000265711627435, 0.000175447115907, 0.000188674908713, 0.000173357824679, 0.000117701296404, 7.22283584764e-05, 8.65192050696e-05, 6.31027432973e-05, 4.87666366098e-05, 3.63591498171e-05, 1.47111195474e-05, 6.88369846102e-06], "median": [0.000587950693443, 0.00339839584194, 0.000174325119588, 6.26332766842e-05, 0.000342996267136, 0.000340124999639, 0.000222834642045, 0.000118368792755, 9.97568567982e-05, 5.49787655473e-05, 7.04857084202e-05, 4.6651923185e-05, 2.25403673539e-05, 2.06203476409e-05, 3.5337616282e-05, 2.31887606787e-05, 2.88036862912e-05, 2.88096271106e-05, 3.23252897942e-05, 2.34105227719e-05, 1.56143360073e-05, 8.63969580678e-06, 6.53928918837e-06, 5.11219968757e-06, 1.90070363715e-06, 6.41778342469e-07, 1.19050056924e-07], "min": [1.96764881392e-23, 7.92842917298e-24, 1.89636462095e-24, 4.14690293923e-24, 3.95649116491e-23, 1.46064333474e-23, 4.78102562245e-23, 9.78253471246e-24, 1.81681687334e-23, 5.19919668623e-23, 5.56282559148e-23, 8.9754302944e-23, 5.78118544549e-23, 1.43544778007e-22, 1.62443398806e-22, 1.34592393179e-22, 9.77283614094e-23, 3.67614659683e-22, 2.90290236074e-22, 3.66865885534e-22, 4.78731183412e-22, 5.98803335764e-22, 6.0191833922e-22, 7.60096688967e-22, 1.18424748249e-21, 1.55799226036e-21, 2.47793221211e-21], "var": [1.99255009647e-06, 0.000530098914169, 0.000128845524159, 2.63742349489e-05, 1.86514753295e-05, 4.43508997705e-06, 2.00292060981e-06, 7.60113323395e-07, 9.5974019132e-06, 1.51899639604e-05, 2.7757148473e-06, 7.94663628767e-06, 5.99617260377e-06, 4.71583734907e-06, 2.25700500778e-06, 7.68573954701e-07, 2.06163250027e-07, 1.79980759185e-07, 1.57895740927e-07, 5.26233101539e-08, 4.3182414089e-08, 6.27585592383e-08, 2.58103991513e-08, 2.00169267828e-08, 2.79335399256e-08, 2.68085131871e-09, 1.42928457958e-09]}, "erbbands": {"dmean": [0.33748626709, 1.8251234293, 4.72268199921, 6.28880214691, 5.85628700256, 5.86935567856, 5.42669010162, 7.45678138733, 9.02274417877, 7.20369243622, 7.4291472435, 18.4859771729, 29.4245128632, 28.6022071838, 21.7872333527, 19.1848773956, 14.481095314, 17.1333026886, 16.0322742462, 20.9537239075, 8.51720428467, 5.80393648148, 7.07730865479, 6.07299804688, 6.84218740463, 4.39654684067, 2.58542251587, 2.23077559471, 2.6611995697, 1.91645860672, 1.37844693661, 1.05275332928, 0.592391431332, 0.380228161812, 0.197812080383, 0.0792600810528, 0.0298402272165, 0.00855163205415, 0.00212780851871, 0.000138733477797], "dmean2": [0.524202644825, 2.47127890587, 7.41782474518, 11.083524704, 10.608376503, 10.646727562, 9.54313659668, 12.3576250076, 15.1929359436, 12.3722963333, 12.5408744812, 30.7138767242, 48.6780776978, 50.0937843323, 37.6546325684, 30.9082622528, 22.9928970337, 25.5486507416, 25.9462585449, 34.6864128113, 12.9999294281, 8.93652534485, 10.8646907806, 9.15023517609, 10.706363678, 6.79270982742, 3.94077277184, 3.37206101418, 4.0619893074, 2.71688556671, 1.98976635933, 1.61698579788, 0.884925186634, 0.526786983013, 0.299798876047, 0.127544730902, 0.0501706041396, 0.0157451126724, 0.00405863067135, 0.000258454529103], "dvar": [0.364315122366, 15.715473175, 156.997573853, 382.968170166, 365.873443604, 333.102783203, 230.41229248, 409.198486328, 591.974487305, 282.039703369, 301.154846191, 2966.01733398, 7034.09326172, 6913.02880859, 3786.01513672, 3105.97192383, 2513.73974609, 4788.75585938, 2663.5222168, 4860.88427734, 375.054718018, 199.274780273, 249.582763672, 186.151428223, 295.524414062, 85.8901824951, 32.7702522278, 41.4917640686, 55.1155662537, 25.3524665833, 11.3215017319, 5.42115974426, 3.18402528763, 2.15655398369, 0.436832040548, 0.0571752488613, 0.00863259192556, 0.0011117310496, 8.56767292134e-05, 3.10632657374e-07], "dvar2": [0.937184154987, 29.7284812927, 392.026306152, 1062.87365723, 1051.79614258, 956.665222168, 641.03692627, 1056.96691895, 1527.07653809, 724.211791992, 791.340820312, 7182.60253906, 17084.25, 18729.1679688, 9844.4453125, 7171.63476562, 5402.43408203, 8591.08007812, 5495.89208984, 11804.2207031, 822.826965332, 490.304473877, 610.73059082, 420.382629395, 715.745910645, 189.205841064, 77.0246734619, 83.8956222534, 125.743522644, 54.3838996887, 24.4130821228, 11.2839488983, 5.77476167679, 3.1714527607, 0.768667578697, 0.121544323862, 0.0207995213568, 0.00308912666515, 0.000249218253884, 9.08628237539e-07], "max": [5.0760140419, 38.2112464905, 113.876571655, 160.486495972, 157.548019409, 175.306015015, 181.791687012, 415.343933105, 475.722381592, 249.894058228, 230.669219971, 1210.40759277, 2194.09301758, 1285.06860352, 1253.82958984, 1425.39086914, 1495.63171387, 2786.53369141, 2006.56958008, 1837.1105957, 390.506835938, 327.960601807, 294.517486572, 278.704559326, 434.619018555, 208.721481323, 112.082748413, 183.70892334, 173.987915039, 121.486709595, 89.3539733887, 44.6020889282, 40.0805358887, 42.5475616455, 14.7925653458, 3.62444067001, 1.26954400539, 0.409159779549, 0.11215184629, 0.00720394542441], "mean": [0.518844306469, 2.45957636833, 4.46636867523, 5.30768728256, 4.79236364365, 5.13879489899, 5.28965091705, 9.40206241608, 10.1077060699, 8.24818611145, 10.6370153427, 25.0672893524, 37.3757553101, 33.8735656738, 25.8562526703, 29.0440177917, 26.1152534485, 26.6756763458, 21.84324646, 23.7522888184, 13.0396537781, 9.0064458847, 10.1074438095, 9.17639541626, 8.65224552155, 6.0115981102, 3.14865708351, 2.83101344109, 3.20113873482, 2.38954901695, 1.75482833385, 1.21527910233, 0.713862657547, 0.462752729654, 0.216430351138, 0.0797853469849, 0.0263980384916, 0.00605012010783, 0.00128966174088, 0.000107246742118], "median": [0.147457391024, 0.455228447914, 0.278853595257, 0.357041954994, 0.549295783043, 1.12554383278, 1.5262594223, 2.98959827423, 3.46438169479, 3.01183319092, 3.17302417755, 2.62107992172, 2.25838708878, 2.65331935883, 3.31213188171, 2.08820915222, 1.40381991863, 1.34810996056, 1.06043171883, 2.20757055283, 1.75987768173, 1.48397731781, 1.50560438633, 1.3327293396, 1.86468398571, 1.18896389008, 0.845536708832, 0.416031211615, 0.329666942358, 0.243619531393, 0.195143282413, 0.128392487764, 0.0737444162369, 0.0271837860346, 0.00992736406624, 0.00386686366983, 0.00112191890366, 0.000215550055145, 3.86315114156e-05, 2.63395813818e-05], "min": [5.29868605654e-22, 8.51432998813e-22, 2.89141467794e-21, 5.93369167075e-21, 7.80347520351e-20, 1.39157163136e-19, 1.59488861927e-19, 9.65009259002e-20, 3.72389861682e-19, 7.26575184142e-19, 2.56253755378e-19, 4.79348683433e-19, 1.88451844028e-18, 1.13292755666e-18, 2.82738605177e-18, 2.95435517387e-18, 2.69559963658e-18, 8.19656081393e-18, 3.87857834114e-18, 1.24791296167e-17, 6.99362265478e-18, 5.35881639294e-18, 1.90154694581e-17, 1.90237793145e-17, 1.46902694209e-17, 1.65788286385e-17, 1.74379036811e-17, 2.09149375336e-17, 1.965102541e-17, 1.84273820929e-17, 1.8120440183e-17, 1.3681976786e-17, 1.40383121318e-17, 1.31104297243e-17, 8.99484387178e-18, 4.50410638242e-18, 3.22838997784e-18, 1.41272501777e-18, 3.2940247432e-19, 3.44188657349e-20], "var": [0.602551698685, 26.4972839355, 141.144134521, 259.58303833, 222.102264404, 211.229354858, 165.23097229, 440.547576904, 558.526855469, 309.9012146, 500.897155762, 4309.12841797, 10552.8222656, 11189.4169922, 5863.73681641, 8633.51757812, 10606.6113281, 15065.7314453, 6068.62695312, 7202.37597656, 1123.65661621, 457.802764893, 486.409851074, 472.760040283, 386.491455078, 149.536529541, 54.5323524475, 89.6705093384, 95.8870849609, 40.1667480469, 18.6160430908, 9.76632785797, 6.04286527634, 5.01776647568, 0.859547793865, 0.0734059438109, 0.00877734459937, 0.000775168533437, 4.888917465e-05, 1.72197303527e-07]}, "gfcc": {"mean": [-84.1061019897, 89.7442703247, -117.184738159, 27.8412361145, -56.5035324097, 10.3311100006, -26.0722980499, 11.1198129654, -15.1681833267, -0.285221904516, -7.23235702515, 1.61443603039, -5.36027956009], "cov": [[16642.7988281, 944.26184082, 995.177978516, 1256.01477051, 476.922576904, 777.133422852, 163.473083496, 507.496582031, 155.191467285, 155.070022583, -12.9278793335, -138.843719482, -101.119613647], [944.26184082, 2465.56518555, 677.063598633, 421.174926758, 403.425720215, 22.1643733978, 337.198608398, 158.837661743, 175.847610474, -191.799362183, 175.266342163, -119.059455872, 74.1001281738], [995.177978516, 677.063598633, 1932.17663574, 929.611694336, 470.946838379, 270.196777344, 240.318649292, 336.960754395, 183.964569092, 80.4498596191, -70.2135620117, -67.9796218872, -4.16995191574], [1256.01477051, 421.174926758, 929.611694336, 1036.6385498, 404.06729126, 334.09375, 318.542572021, 351.316497803, 230.780136108, 80.8017501831, 75.6374893188, 13.1007099152, -9.15087032318], [476.922576904, 403.425720215, 470.946838379, 404.06729126, 644.443481445, 303.573394775, 279.07244873, 270.262298584, 187.179260254, 81.1703338623, 133.122589111, -5.39932489395, 13.880106926], [777.133422852, 22.1643733978, 270.196777344, 334.09375, 303.573394775, 460.833251953, 303.162628174, 220.090744019, 118.544281006, 112.648132324, 90.8334274292, 34.1585464478, -24.3923301697], [163.473083496, 337.198608398, 240.318649292, 318.542572021, 279.07244873, 303.162628174, 454.732940674, 275.945739746, 208.36857605, 75.4946975708, 152.110061646, 30.5069599152, 27.9536781311], [507.496582031, 158.837661743, 336.960754395, 351.316497803, 270.262298584, 220.090744019, 275.945739746, 399.31539917, 242.121856689, 106.243606567, 107.127296448, 46.1239852905, 50.1080970764], [155.191467285, 175.847610474, 183.964569092, 230.780136108, 187.179260254, 118.544281006, 208.36857605, 242.121856689, 285.893859863, 117.728172302, 123.639381409, 42.917552948, 51.6743469238], [155.070022583, -191.799362183, 80.4498596191, 80.8017501831, 81.1703338623, 112.648132324, 75.4946975708, 106.243606567, 117.728172302, 175.54486084, 74.701210022, 46.8929862976, -0.414703309536], [-12.9278793335, 175.266342163, -70.2135620117, 75.6374893188, 133.122589111, 90.8334274292, 152.110061646, 107.127296448, 123.639381409, 74.701210022, 210.670028687, 48.7921714783, 16.3431777954], [-138.843719482, -119.059455872, -67.9796218872, 13.1007099152, -5.39932489395, 34.1585464478, 30.5069599152, 46.1239852905, 42.917552948, 46.8929862976, 48.7921714783, 94.5777282715, 37.4061851501], [-101.119613647, 74.1001281738, -4.16995191574, -9.15087032318, 13.880106926, -24.3923301697, 27.9536781311, 50.1080970764, 51.6743469238, -0.414703309536, 16.3431777954, 37.4061851501, 115.834083557]], "icov": [[8.10760320746e-05, -6.43757884973e-05, 4.84750489704e-05, -0.000101355632069, 6.69397923048e-05, -0.000223569135414, 0.000224643124966, -0.000138076604344, 6.22787192697e-05, -0.000129932712298, 4.00110402552e-05, 0.000198378314963, -4.1841321945e-05], [-6.43757884973e-05, 0.000896522367839, -0.000360590900527, 8.1289865193e-05, -0.000237553103943, 0.000441872281954, -0.000599207298364, 0.000456174137071, -0.000541864079423, 0.00161804142408, -0.00113730411977, 0.00075062410906, -0.000401899014832], [4.84750489704e-05, -0.000360590900527, 0.00131118658464, -0.00100311590359, -0.000320300838212, 8.40005232021e-05, 0.000164518030942, -0.00044146264554, 0.000466127094114, -0.00137954566162, 0.00146252720151, 0.000594654062297, -0.000162978263688], [-0.000101355632069, 8.1289865193e-05, -0.00100311590359, 0.00256292452104, -0.000184372620424, -0.000487032230012, -0.000247995252721, -0.000413243775256, -0.000986075727269, 0.00131298461929, -0.000319542450598, -0.00112431833986, 0.00103677622974], [6.69397923048e-05, -0.000237553103943, -0.000320300838212, -0.000184372620424, 0.00332087324932, -0.00182986294385, 0.000654967676383, -0.0008408142603, -0.000307597860228, 0.000132040251628, -0.00140216969885, 0.00167851720471, -0.000599809281994], [-0.000223569135414, 0.000441872281954, 8.40005232021e-05, -0.000487032230012, -0.00182986294385, 0.00698886066675, -0.00434543378651, -0.000204896263313, 0.00229798047803, -0.00221091741696, 0.000945420528296, -0.00190274242777, 0.00176298920996], [0.000224643124966, -0.000599207298364, 0.000164518030942, -0.000247995252721, 0.000654967676383, -0.00434543378651, 0.00765426550061, -0.00204518856481, -0.0019235793734, 0.00139623845462, -0.00199496350251, 0.00134165980853, -0.000678905635141], [-0.000138076604344, 0.000456174137071, -0.00044146264554, -0.000413243775256, -0.0008408142603, -0.000204896263313, -0.00204518856481, 0.00786425545812, -0.00410173647106, 0.000598669750616, 0.000262114132056, -0.00115670962259, -0.00114318472333], [6.22787192697e-05, -0.000541864079423, 0.000466127094114, -0.000986075727269, -0.000307597860228, 0.00229798047803, -0.0019235793734, -0.00410173647106, 0.0116257388145, -0.00598283065483, -0.00106593489181, 0.000767448102124, -0.00220596650615], [-0.000129932712298, 0.00161804142408, -0.00137954566162, 0.00131298461929, 0.000132040251628, -0.00221091741696, 0.00139623845462, 0.000598669750616, -0.00598283065483, 0.014305960387, -0.00388397974893, -0.00237506977282, 0.00186341174413], [4.00110402552e-05, -0.00113730411977, 0.00146252720151, -0.000319542450598, -0.00140216969885, 0.000945420528296, -0.00199496350251, 0.000262114132056, -0.00106593489181, -0.00388397974893, 0.0108972052112, -0.00409655226395, 0.00177204213105], [0.000198378314963, 0.00075062410906, 0.000594654062297, -0.00112431833986, 0.00167851720471, -0.00190274242777, 0.00134165980853, -0.00115670962259, 0.000767448102124, -0.00237506977282, -0.00409655226395, 0.0188886355609, -0.00667219702154], [-4.1841321945e-05, -0.000401899014832, -0.000162978263688, 0.00103677622974, -0.000599809281994, 0.00176298920996, -0.000678905635141, -0.00114318472333, -0.00220596650615, 0.00186341174413, 0.00177204213105, -0.00667219702154, 0.012926527299]]}, "melbands": {"dmean": [0.00267971702851, 0.00218283617869, 0.00107030326035, 0.000415248534409, 0.000206752025406, 0.000164807395777, 0.000132126908284, 7.47670128476e-05, 6.45598120173e-05, 0.000128985950141, 0.000150461448357, 0.000121407552797, 7.40053001209e-05, 6.5267435275e-05, 3.83565311495e-05, 3.45956468664e-05, 3.22301821143e-05, 2.52182999247e-05, 3.40386250173e-05, 1.78366626642e-05, 1.00802035377e-05, 5.92925334786e-06, 6.89896978656e-06, 7.80419577495e-06, 4.72307647215e-06, 5.64580341234e-06, 3.90598688682e-06, 2.85371038444e-06, 1.71111003056e-06, 1.43659201512e-06, 1.30432192691e-06, 1.61583852787e-06, 1.2931470792e-06, 1.01764339888e-06, 8.16876365661e-07, 7.41516771541e-07, 6.23357948371e-07, 4.12305581676e-07, 4.04381950148e-07, 3.05001691459e-07], "dmean2": [0.00398289458826, 0.00301843346097, 0.00186766136903, 0.000749671948142, 0.000366785156075, 0.000271306897048, 0.000223231647396, 0.000128222833155, 0.000108913336589, 0.000214098370634, 0.00024932002998, 0.00021151934925, 0.000129101768835, 0.000106795327156, 6.03324951953e-05, 5.50057520741e-05, 4.88535006298e-05, 4.03650883527e-05, 5.81461827096e-05, 2.77536964859e-05, 1.55059315148e-05, 9.19809099287e-06, 1.0675028534e-05, 1.2263231838e-05, 7.21826563677e-06, 8.8891993073e-06, 6.06811136095e-06, 4.54875134892e-06, 2.66148549599e-06, 2.22121798288e-06, 1.98733414436e-06, 2.53429448094e-06, 1.93239702639e-06, 1.45426986364e-06, 1.20154709293e-06, 1.10565088107e-06, 9.82207211564e-07, 6.29953888165e-07, 5.85357327054e-07, 4.15384818098e-07], "dvar": [2.48228734563e-05, 2.51159908657e-05, 1.07614760054e-05, 1.68454187133e-06, 3.67248304656e-07, 1.90542294831e-07, 1.16885281898e-07, 3.13849497502e-08, 2.31695711506e-08, 1.41555034361e-07, 1.81595240178e-07, 1.23827277321e-07, 4.84079194507e-08, 3.52148177285e-08, 1.84110930945e-08, 1.51303520823e-08, 1.83476824844e-08, 8.43795877614e-09, 1.09391082859e-08, 3.88618071057e-09, 5.90203885764e-10, 2.00916269733e-10, 5.99690685998e-10, 3.42747497051e-10, 1.44030218308e-10, 2.20954199381e-10, 7.07076688866e-11, 4.30144982133e-11, 1.48191892785e-11, 1.39299708921e-11, 1.6909612599e-11, 2.41142088936e-11, 1.11125024113e-11, 7.95038687662e-12, 4.86061581609e-12, 2.85389225273e-12, 2.0765216803e-12, 1.579927595e-12, 1.99441201401e-12, 1.6139945283e-12], "dvar2": [5.85325979046e-05, 5.21589863638e-05, 2.96959296975e-05, 4.84724932903e-06, 1.02984381556e-06, 4.89479361931e-07, 3.03788681322e-07, 8.06435593859e-08, 6.08465668961e-08, 3.464520546e-07, 4.3930910465e-07, 3.30254437131e-07, 1.25764273662e-07, 8.44550811507e-08, 3.94995254283e-08, 3.34616991893e-08, 3.48097266567e-08, 1.76619483483e-08, 2.90247825774e-08, 8.29202662089e-09, 1.3516084918e-09, 4.6791709396e-10, 1.55830759407e-09, 8.3938617168e-10, 3.23888388332e-10, 5.52061285575e-10, 1.66013203184e-10, 9.76069225445e-11, 3.609724325e-11, 3.06418050655e-11, 3.49448872616e-11, 5.74852318524e-11, 2.49590452472e-11, 1.7312686007e-11, 1.106881687e-11, 6.05688416089e-12, 4.58626019106e-12, 3.07527983114e-12, 3.40896039695e-12, 2.51094024045e-12], "max": [0.0474783107638, 0.0483369193971, 0.027277091518, 0.0106010222808, 0.00728848157451, 0.00866984203458, 0.00711430748925, 0.00253936345689, 0.0020182384178, 0.00817963201553, 0.0109550794587, 0.00570911867544, 0.00576354423538, 0.00433900952339, 0.00381272914819, 0.00538284191862, 0.00486681191251, 0.00405190093443, 0.0018279037904, 0.00152558460832, 0.000479026028188, 0.000284008914605, 0.000776812608819, 0.000219652923988, 0.000247666408541, 0.00036980927689, 0.000121124328871, 0.000155578833073, 7.00209566276e-05, 0.000138984149089, 0.000102376405266, 0.000122629615362, 7.09552405169e-05, 7.22272015992e-05, 7.01358731021e-05, 3.36436205544e-05, 3.02893713524e-05, 2.70404852927e-05, 4.40347503172e-05, 4.25021717092e-05], "mean": [0.00412390055135, 0.00267864274792, 0.000920299440622, 0.000356598233338, 0.00019627288566, 0.000209114892641, 0.000149857776705, 8.54489990161e-05, 9.04067492229e-05, 0.000174853412318, 0.000192788764252, 0.000145759811858, 7.45401193853e-05, 9.85817750916e-05, 6.11159339314e-05, 5.80064588576e-05, 4.60937299067e-05, 3.35687072948e-05, 3.40271035384e-05, 2.37732911046e-05, 1.40858746818e-05, 8.750293091e-06, 9.48483557295e-06, 9.72303314484e-06, 6.94986010785e-06, 7.00879945725e-06, 5.01445992995e-06, 3.65514893019e-06, 1.89609420431e-06, 1.7860979824e-06, 1.57759870945e-06, 1.88216631614e-06, 1.55788711709e-06, 1.23703648569e-06, 1.03584488897e-06, 8.62530441736e-07, 6.85799022904e-07, 4.92348988246e-07, 4.58575584616e-07, 3.64856418855e-07], "median": [0.00114610383753, 0.000376118987333, 6.93830370437e-05, 6.93931287969e-05, 5.26025432919e-05, 6.78352735122e-05, 5.34490827704e-05, 3.04937002511e-05, 2.22055823542e-05, 1.41889895531e-05, 1.04692780951e-05, 8.8261831479e-06, 1.18180805657e-05, 5.5180862546e-06, 3.25254040945e-06, 2.46388435698e-06, 2.13230373447e-06, 1.17496585972e-06, 2.68595158559e-06, 1.96712971956e-06, 2.09340896618e-06, 1.53190740093e-06, 9.79190986072e-07, 1.68078361185e-06, 8.65591346155e-07, 1.40776501212e-06, 8.84802489054e-07, 6.86907412728e-07, 4.37977689671e-07, 3.68611296153e-07, 1.29601545495e-07, 1.34151264319e-07, 2.10266151157e-07, 1.10442101686e-07, 1.17120180221e-07, 8.36375733115e-08, 6.89559840339e-08, 5.59940644962e-08, 2.89685218036e-08, 1.8765376808e-08], "min": [4.74928146519e-24, 1.34016897061e-24, 2.78066606001e-24, 8.57887102175e-24, 5.23504781113e-24, 2.25482991882e-24, 7.31049549326e-24, 6.80267338527e-24, 1.82780846677e-24, 3.32431152499e-24, 9.44024481024e-24, 4.0632892053e-24, 9.83913074924e-24, 8.08601360513e-24, 7.24440236004e-24, 7.94096969479e-24, 1.56992029163e-23, 5.12188334769e-24, 1.30620014671e-23, 1.45420402094e-23, 7.3687268387e-24, 5.20232625521e-24, 8.84236397473e-24, 2.13769030639e-23, 1.51649437128e-23, 9.11973456875e-24, 1.45203070915e-23, 9.24913063417e-24, 1.04917143554e-23, 1.12530771472e-23, 1.24233396783e-23, 1.07613698897e-23, 1.21087758703e-23, 9.05288886223e-24, 9.84198405914e-24, 1.03034211459e-23, 7.69302519026e-24, 1.00501384196e-23, 8.97039057762e-24, 1.21514784888e-23], "var": [4.30830332334e-05, 3.49643160007e-05, 7.3715777944e-06, 1.03647619198e-06, 2.54441289371e-07, 2.07675114439e-07, 1.10250681473e-07, 3.35204646262e-08, 3.93199250937e-08, 2.12301131342e-07, 2.85293339175e-07, 2.23898737772e-07, 6.18054869506e-08, 1.08931722309e-07, 6.44278728146e-08, 5.64897639777e-08, 4.75525219201e-08, 1.86901640831e-08, 1.12821458842e-08, 8.07513256262e-09, 1.36847477794e-09, 4.60685462e-10, 8.9632884448e-10, 4.52915094318e-10, 3.41049605224e-10, 2.96127483645e-10, 1.00489172539e-10, 6.55593496157e-11, 1.95755529842e-11, 3.01796226898e-11, 3.23695688309e-11, 3.86297452359e-11, 1.75709221478e-11, 1.17325099289e-11, 7.07782053452e-12, 5.01343020917e-12, 3.39675965307e-12, 2.75660614127e-12, 3.95525842981e-12, 3.57447860373e-12]}, "mfcc": {"mean": [-727.477050781, 119.954940796, 1.67397737503, 21.0663051605, -2.3843934536, 0.871726155281, 0.537329673767, 8.31399345398, -0.0299162101001, 6.286008358, -3.06844329834, 0.674533069134, 6.34716701508], "cov": [[12191.4921875, 678.6875, -373.578765869, 400.86831665, 538.731689453, 462.89855957, 336.686035156, 440.058746338, -39.204574585, 558.764221191, 419.445587158, -15.5260257721, -184.371353149], [678.6875, 2099.0690918, 320.511505127, 321.581848145, 233.742492676, 27.2425498962, 216.284713745, 212.925735474, 53.8531532288, 113.080238342, 32.9194145203, 33.4649658203, -22.5039634705], [-373.578765869, 320.511505127, 1317.37426758, 695.081359863, 295.5050354, 189.292709351, 187.087661743, 196.786392212, 287.010681152, 104.803352356, 96.7045516968, 137.530227661, 86.3065872192], [400.86831665, 321.581848145, 695.081359863, 822.09777832, 441.54977417, 174.819595337, 230.480834961, 300.379638672, 275.975006104, 208.72052002, 142.9972229, 198.192016602, 158.3203125], [538.731689453, 233.742492676, 295.5050354, 441.54977417, 540.940856934, 191.420791626, 229.536560059, 215.978164673, 160.324386597, 187.289016724, 141.726913452, 98.2551803589, 39.4765548706], [462.89855957, 27.2425498962, 189.292709351, 174.819595337, 191.420791626, 341.254699707, 228.731399536, 159.906097412, 98.4705123901, 112.566009521, 124.666473389, 80.9693374634, 51.522769928], [336.686035156, 216.284713745, 187.087661743, 230.480834961, 229.536560059, 228.731399536, 365.14642334, 262.50592041, 134.812103271, 157.328399658, 148.24105835, 138.839614868, 79.1348800659], [440.058746338, 212.925735474, 196.786392212, 300.379638672, 215.978164673, 159.906097412, 262.50592041, 358.564941406, 203.556594849, 202.247787476, 154.3775177, 150.475585938, 123.776237488], [-39.204574585, 53.8531532288, 287.010681152, 275.975006104, 160.324386597, 98.4705123901, 134.812103271, 203.556594849, 289.992370605, 158.312149048, 74.067024231, 106.344543457, 114.979431152], [558.764221191, 113.080238342, 104.803352356, 208.72052002, 187.289016724, 112.566009521, 157.328399658, 202.247787476, 158.312149048, 262.390441895, 161.992706299, 94.963508606, 76.4713897705], [419.445587158, 32.9194145203, 96.7045516968, 142.9972229, 141.726913452, 124.666473389, 148.24105835, 154.3775177, 74.067024231, 161.992706299, 253.301651001, 143.204421997, 57.1954460144], [-15.5260257721, 33.4649658203, 137.530227661, 198.192016602, 98.2551803589, 80.9693374634, 138.839614868, 150.475585938, 106.344543457, 94.963508606, 143.204421997, 250.82484436, 160.122055054], [-184.371353149, -22.5039634705, 86.3065872192, 158.3203125, 39.4765548706, 51.522769928, 79.1348800659, 123.776237488, 114.979431152, 76.4713897705, 57.1954460144, 160.122055054, 205.378601074]], "icov": [[0.000112818997877, -1.97263161681e-05, 9.25385174924e-05, -0.000130936285132, 3.69757144654e-05, -0.000175795183168, 0.000127804858494, -0.000137270093546, 0.000179145223228, -0.000254347425653, -9.04643457034e-06, -8.36494200485e-06, 0.000235096100369], [-1.97263161681e-05, 0.00059090560535, -0.000135389913339, -9.50192115852e-05, -5.48185234948e-05, 0.000348496745573, -0.000367303931853, -0.000332429335685, 0.000369595072698, -0.000199346803129, 0.000329301255988, -5.43071655557e-05, 0.000260109547526], [9.25385174924e-05, -0.000135389913339, 0.00183288601693, -0.001830181689, 0.000644487037789, -0.000604720669799, -0.000163357311976, 0.000653995550238, -0.00123524793889, 0.000768922327552, -0.00054220831953, 6.76874042256e-05, 0.000908923742827], [-0.000130936285132, -9.50192115852e-05, -0.001830181689, 0.00495197856799, -0.00266590458341, 0.000511998310685, 0.00086334568914, -0.00132779846899, -0.000107038023998, -0.000326874403981, 0.000840983935632, -0.000996438786387, -0.00160034152213], [3.69757144654e-05, -5.48185234948e-05, 0.000644487037789, -0.00266590458341, 0.00461896881461, -0.000873809447512, -0.00111556064803, 0.000509454344865, -0.000299261679174, -0.00102422968484, -0.00031560799107, 5.50835356989e-05, 0.00185945839621], [-0.000175795183168, 0.000348496745573, -0.000604720669799, 0.000511998310685, -0.000873809447512, 0.00610911054537, -0.00368457194418, 0.000708692707121, -0.000345066044247, 0.000745395664126, -0.00151160045061, 0.00153303612024, -0.001490827417], [0.000127804858494, -0.000367303931853, -0.000163357311976, 0.00086334568914, -0.00111556064803, -0.00368457194418, 0.00923946127295, -0.00499285431579, 0.000977025716566, -0.000586056848988, 0.000709523214027, -0.00265072588809, 0.00160561630037], [-0.000137270093546, -0.000332429335685, 0.000653995550238, -0.00132779846899, 0.000509454344865, 0.000708692707121, -0.00499285431579, 0.0106554375961, -0.00339262909256, -0.00135190517176, -0.00156278978102, 0.000739670242183, -0.00192333105952], [0.000179145223228, 0.000369595072698, -0.00123524793889, -0.000107038023998, -0.000299261679174, -0.000345066044247, 0.000977025716566, -0.00339262909256, 0.00928857456893, -0.00419268943369, 0.00258696381934, -0.0005325647071, -0.00132903771009], [-0.000254347425653, -0.000199346803129, 0.000768922327552, -0.000326874403981, -0.00102422968484, 0.000745395664126, -0.000586056848988, -0.00135190517176, -0.00419268943369, 0.0119158681482, -0.00603534374386, 0.00328705692664, -0.0022423916962], [-9.04643457034e-06, 0.000329301255988, -0.00054220831953, 0.000840983935632, -0.00031560799107, -0.00151160045061, 0.000709523214027, -0.00156278978102, 0.00258696381934, -0.00603534374386, 0.0112630091608, -0.0068928510882, 0.00375214987434], [-8.36494200485e-06, -5.43071655557e-05, 6.76874042256e-05, -0.000996438786387, 5.50835356989e-05, 0.00153303612024, -0.00265072588809, 0.000739670242183, -0.0005325647071, 0.00328705692664, -0.0068928510882, 0.0138452416286, -0.00889391545206], [0.000235096100369, 0.000260109547526, 0.000908923742827, -0.00160034152213, 0.00185945839621, -0.001490827417, 0.00160561630037, -0.00192333105952, -0.00132903771009, -0.0022423916962, 0.00375214987434, -0.00889391545206, 0.0139855118468]]}, "spectral_contrast_coeffs": {"dmean": [0.0588564351201, 0.0481180846691, 0.0474303737283, 0.0373263992369, 0.0287555344403, 0.021741611883], "dmean2": [0.0941161587834, 0.0777654647827, 0.0739338621497, 0.0591157153249, 0.0454115942121, 0.0338963232934], "dvar": [0.00331121357158, 0.00218902761117, 0.00230755680241, 0.00105576077476, 0.00065662531415, 0.000351205497282], "dvar2": [0.00755551736802, 0.00538542820141, 0.00512348022312, 0.002398931887, 0.00154505611863, 0.00087204988813], "max": [-0.21891862154, -0.384405612946, -0.413639396429, -0.487741261721, -0.519007980824, -0.532285451889], "mean": [-0.661945164204, -0.761127948761, -0.744313895702, -0.771933674812, -0.779302477837, -0.762287557125], "median": [-0.679967164993, -0.772801935673, -0.762133061886, -0.785188436508, -0.796698927879, -0.767631232738], "min": [-0.983286738396, -0.990336894989, -0.971199929714, -0.966472685337, -0.961373269558, -0.956643521786], "var": [0.0144655993208, 0.00679427431896, 0.00923490989953, 0.00492204353213, 0.00402201432735, 0.00250868056901]}, "spectral_contrast_valleys": {"dmean": [0.536763429642, 0.552580118179, 0.591050386429, 0.556119561195, 0.502000153065, 0.598609983921], "dmean2": [0.792404174805, 0.858199119568, 0.915621995926, 0.822468042374, 0.672084629536, 0.781941771507], "dvar": [0.281634956598, 0.458257973194, 0.668271660805, 0.497065365314, 0.338592022657, 0.484938055277], "dvar2": [0.516717433929, 0.994406998158, 1.50127458572, 1.07945787907, 0.612711906433, 0.838694214821], "max": [-5.15991401672, -4.58479690552, -4.48122930527, -5.67562580109, -6.1071100235, -7.78115272522], "mean": [-8.38243579865, -7