{"lowlevel": {"average_loudness": 0.919464707375, "barkbands_crest": {"dmean": 2.39008378983, "dmean2": 3.66899847984, "dvar": 6.16377925873, "dvar2": 13.6756286621, "max": 25.9400920868, "mean": 11.7126264572, "median": 10.9083843231, "min": 2.71697902679, "var": 19.5807552338}, "barkbands_flatness_db": {"dmean": 0.037253793329, "dmean2": 0.050608471036, "dvar": 0.00187985564116, "dvar2": 0.00329330004752, "max": 0.52555590868, "mean": 0.229345425963, "median": 0.226355463266, "min": 0.0309805590659, "var": 0.00789177697152}, "barkbands_kurtosis": {"dmean": 5.74312353134, "dmean2": 9.09711456299, "dvar": 64.2598266602, "dvar2": 153.244125366, "max": 134.573898315, "mean": 10.5693864822, "median": 7.17230606079, "min": -1.93533921242, "var": 150.639404297}, "barkbands_skewness": {"dmean": 0.886259615421, "dmean2": 1.35982680321, "dvar": 1.19708025455, "dvar2": 2.81087875366, "max": 7.81640720367, "mean": 2.08285593987, "median": 2.11166501045, "min": -5.86682367325, "var": 2.91703534126}, "barkbands_spread": {"dmean": 8.89231109619, "dmean2": 13.934882164, "dvar": 271.468078613, "dvar2": 602.827270508, "max": 115.142471313, "mean": 16.2223434448, "median": 8.15055179596, "min": 0.414992272854, "var": 403.347442627}, "dissonance": {"dmean": 0.0302341021597, "dmean2": 0.0499781966209, "dvar": 0.000936746946536, "dvar2": 0.00232581724413, "max": 0.5, "mean": 0.433658510447, "median": 0.440325796604, "min": 0.219511926174, "var": 0.00208713300526}, "dynamic_complexity": 4.1154460907, "erbbands_crest": {"dmean": 2.87885761261, "dmean2": 4.46157884598, "dvar": 8.68575286865, "dvar2": 19.8138618469, "max": 33.6361465454, "mean": 13.3779315948, "median": 12.1754989624, "min": 3.38083338737, "var": 32.7889251709}, "erbbands_flatness_db": {"dmean": 0.031904373318, "dmean2": 0.0432138592005, "dvar": 0.00145021418575, "dvar2": 0.00259308679961, "max": 0.465534180403, "mean": 0.219868227839, "median": 0.2140532583, "min": 0.0636740922928, "var": 0.00625916849822}, "erbbands_kurtosis": {"dmean": 2.61053943634, "dmean2": 4.12240457535, "dvar": 21.2622680664, "dvar2": 46.318687439, "max": 197.710250854, "mean": 3.68210363388, "median": 1.43824291229, "min": -1.90406322479, "var": 111.082000732}, "erbbands_skewness": {"dmean": 0.690705180168, "dmean2": 1.05946969986, "dvar": 0.847323417664, "dvar2": 1.92845714092, "max": 8.4941034317, "mean": 0.910099923611, "median": 1.08943986893, "min": -5.26505804062, "var": 2.00118136406}, "erbbands_spread": {"dmean": 13.3568544388, "dmean2": 20.6469402313, "dvar": 402.477539062, "dvar2": 960.01550293, "max": 155.747619629, "mean": 35.3897247314, "median": 26.6172924042, "min": 0.283869564533, "var": 768.903564453}, "hfc": {"dmean": 21.3819046021, "dmean2": 32.6300239563, "dvar": 2573.0144043, "dvar2": 6216.44433594, "max": 378.745697021, "mean": 26.2547798157, "median": 7.07763767242, "min": 1.22373470398e-16, "var": 3015.22802734}, "melbands_crest": {"dmean": 2.80393910408, "dmean2": 4.42848682404, "dvar": 8.51480007172, "dvar2": 18.7716350555, "max": 33.4523468018, "mean": 15.2305231094, "median": 14.648900032, "min": 1.68659877777, "var": 28.7906494141}, "melbands_flatness_db": {"dmean": 0.0460112430155, "dmean2": 0.0619363933802, "dvar": 0.00301726604812, "dvar2": 0.0052030775696, "max": 0.654198348522, "mean": 0.308376610279, "median": 0.315265268087, "min": 0.0031977405306, "var": 0.013038364239}, "melbands_kurtosis": {"dmean": 11.6781015396, "dmean2": 18.4186573029, "dvar": 341.534851074, "dvar2": 882.165588379, "max": 347.355438232, "mean": 22.5636501312, "median": 14.9995231628, "min": -1.94571554661, "var": 615.830749512}, "melbands_skewness": {"dmean": 1.01852941513, "dmean2": 1.55310690403, "dvar": 1.48676621914, "dvar2": 3.67957568169, "max": 16.4375019073, "mean": 3.0796353817, "median": 2.95941209793, "min": -6.43386888504, "var": 4.34207439423}, "melbands_spread": {"dmean": 13.7661628723, "dmean2": 22.4574222565, "dvar": 1073.44067383, "dvar2": 2645.68115234, "max": 242.653869629, "mean": 19.8775272369, "median": 7.27944231033, "min": 0.380000054836, "var": 1135.09130859}, "pitch_salience": {"dmean": 0.0750655531883, "dmean2": 0.116083048284, "dvar": 0.00706817163154, "dvar2": 0.0152136934921, "max": 0.962373912334, "mean": 0.53953564167, "median": 0.550149023533, "min": 0.0921032428741, "var": 0.0200225505978}, "silence_rate_20dB": {"dmean": 0, "dmean2": 0, "dvar": 0, "dvar2": 0, "max": 1, "mean": 1, "median": 1, "min": 1, "var": 0}, "silence_rate_30dB": {"dmean": 0.0313005931675, "dmean2": 0.0626180842519, "dvar": 0.0303194019943, "dvar2": 0.0603166781366, "max": 1, "mean": 0.96034526825, "median": 1, "min": 0, "var": 0.0380815714598}, "silence_rate_60dB": {"dmean": 0.0453318953514, "dmean2": 0.0906882584095, "dvar": 0.0432764813304, "dvar2": 0.0905584320426, "max": 1, "mean": 0.130024284124, "median": 0, "min": 0, "var": 0.113118633628}, "spectral_centroid": {"dmean": 392.046783447, "dmean2": 620.916381836, "dvar": 602112.75, "dvar2": 1370242.125, "max": 11106.7197266, "mean": 969.949829102, "median": 597.077331543, "min": 169.644088745, "var": 889852.5}, "spectral_complexity": {"dmean": 3.29033994675, "dmean2": 4.78704452515, "dvar": 38.0187530518, "dvar2": 78.8617553711, "max": 52, "mean": 9.81575393677, "median": 9, "min": 0, "var": 60.0237503052}, "spectral_decrease": {"dmean": 2.88642598711e-09, "dmean2": 3.92966459373e-09, "dvar": 2.11639900355e-17, "dvar2": 3.95074860881e-17, "max": 4.00229879063e-29, "mean": -6.80930600794e-09, "median": -4.09750056107e-09, "min": -5.5076050387e-08, "var": 6.64383460894e-17}, "spectral_energy": {"dmean": 0.0117959277704, "dmean2": 0.0160850994289, "dvar": 0.000319685292197, "dvar2": 0.000590459210798, "max": 0.211703076959, "mean": 0.0280812364072, "median": 0.0181387104094, "min": 1.0948577128e-20, "var": 0.00102297880221}, "spectral_energyband_high": {"dmean": 0.00206539337523, "dmean2": 0.00322173628956, "dvar": 3.10667783197e-05, "dvar2": 7.40188625059e-05, "max": 0.0446350872517, "mean": 0.00207667122595, "median": 4.15972681367e-05, "min": 8.00940407883e-21, "var": 3.67291322618e-05}, "spectral_energyband_low": {"dmean": 0.0055373464711, "dmean2": 0.0077952304855, "dvar": 0.000199971706024, "dvar2": 0.000399026408559, "max": 0.187519937754, "mean": 0.0105314645916, "median": 0.00261306599714, "min": 7.28341642274e-23, "var": 0.000439041410573}, "spectral_energyband_middle_high": {"dmean": 0.000896329176612, "dmean2": 0.00131316087209, "dvar": 5.04024501424e-06, "dvar2": 1.14291015052e-05, "max": 0.0355396531522, "mean": 0.00151464238297, "median": 0.000615730357822, "min": 1.64648745926e-21, "var": 7.51389006837e-06}, "spectral_energyband_middle_low": {"dmean": 0.00775429233909, "dmean2": 0.0120877651498, "dvar": 0.000203053365112, "dvar2": 0.000505890930071, "max": 0.128894090652, "mean": 0.0151530448347, "median": 0.00956641789526, "min": 2.69903293493e-22, "var": 0.000307135778712}, "spectral_entropy": {"dmean": 0.396753638983, "dmean2": 0.549066007137, "dvar": 0.281793922186, "dvar2": 0.504346966743, "max": 9.79702281952, "mean": 6.72871208191, "median": 6.6181230545, "min": 3.9949965477, "var": 0.87939041853}, "spectral_flux": {"dmean": 0.0366278402507, "dmean2": 0.0521561391652, "dvar": 0.00185127917212, "dvar2": 0.00309415184893, "max": 0.427036315203, "mean": 0.0753349363804, "median": 0.050739262253, "min": 1.04635446141e-10, "var": 0.00539727369323}, "spectral_kurtosis": {"dmean": 6.47716760635, "dmean2": 10.2695398331, "dvar": 105.349128723, "dvar2": 243.167373657, "max": 136.6900177, "mean": 13.961812973, "median": 7.20598602295, "min": -1.19571912289, "var": 355.981018066}, "spectral_rms": {"dmean": 0.00100267736707, "dmean2": 0.00135369342752, "dvar": 1.54189888235e-06, "dvar2": 2.73745217783e-06, "max": 0.0143714854494, "mean": 0.00448600389063, "median": 0.00420669745654, "min": 3.26826239683e-12, "var": 7.27206497686e-06}, "spectral_rolloff": {"dmean": 1097.15539551, "dmean2": 1917.01184082, "dvar": 7356231.5, "dvar2": 15746757, "max": 19293.75, "mean": 1697.33703613, "median": 430.6640625, "min": 64.599609375, "var": 8670171}, "spectral_skewness": {"dmean": 0.601405978203, "dmean2": 0.907121658325, "dvar": 0.558513998985, "dvar2": 1.17316269875, "max": 9.86676120758, "mean": 2.43931484222, "median": 2.11585259438, "min": -0.0251335725188, "var": 2.09790325165}, "spectral_spread": {"dmean": 1208782.375, "dmean2": 1663243.125, "dvar": 4383251103740.0, "dvar2": 7239474085890.0, "max": 40421316, "mean": 4558272, "median": 3644496.5, "min": 677859.9375, "var": 10583707484200.0}, "spectral_strongpeak": {"dmean": 0.579944252968, "dmean2": 1.05158317089, "dvar": 3.33922243118, "dvar2": 9.7932767868, "max": 20.2707939148, "mean": 0.910349428654, "median": 0.60945379734, "min": 0, "var": 2.1182551384}, "zerocrossingrate": {"dmean": 0.0200045108795, "dmean2": 0.0234222132713, "dvar": 0.00105001078919, "dvar2": 0.00140106549952, "max": 0.50537109375, "mean": 0.0565298497677, "median": 0.0322265625, "min": 0.001953125, "var": 0.00358723965473}, "barkbands": {"dmean": [0.000155555841047, 0.00376383191906, 0.00243124598637, 0.00153523299377, 0.00355649809353, 0.00251119839959, 0.0017818590859, 0.000241268106038, 0.000204556592507, 7.26605503587e-05, 0.000154007735546, 7.10191452526e-05, 0.000106804815005, 0.000117411073006, 4.22096018156e-05, 9.6428921097e-05, 0.000170407191035, 0.000107032676169, 9.58957898547e-05, 0.000137639624882, 0.000103144906461, 0.000171473715454, 0.000730565167032, 0.00030196402804, 0.000340334401699, 0.000343245163094, 7.6739830547e-05], "dmean2": [0.000261073873844, 0.00568710966036, 0.0040896544233, 0.00275022420101, 0.0061382628046, 0.00403499789536, 0.00280706142075, 0.000361871469067, 0.000287297647446, 0.000114563401439, 0.00023632418015, 0.000121338984172, 0.000146800623043, 0.000170034953044, 6.52613089187e-05, 0.000151897984324, 0.000280962878605, 0.00017670672969, 0.000142385790241, 0.000231345096836, 0.000150194086018, 0.000262418529019, 0.00113744346891, 0.000471168750664, 0.000557757739443, 0.000574921024963, 0.00013133752509], "dvar": [1.79081396823e-07, 0.000138031638926, 7.85275115049e-05, 3.47590757883e-05, 8.0326157331e-05, 2.0083896743e-05, 1.56813493959e-05, 4.2727657501e-07, 3.13264081342e-07, 3.14355368403e-08, 9.08822357815e-07, 1.40445180818e-07, 2.24787001457e-07, 1.33765084342e-07, 8.12844369591e-09, 6.02843073239e-08, 3.45491173448e-07, 1.13438602511e-07, 6.33302548181e-08, 2.08689357351e-07, 5.80053125532e-08, 2.28781786404e-07, 6.16578927293e-06, 8.79928165887e-07, 7.77254399509e-07, 1.23489189718e-06, 4.82085766862e-08], "dvar2": [4.77702712942e-07, 0.000306190428091, 0.00021007223404, 9.96962407953e-05, 0.000225509822485, 5.26182921021e-05, 3.91493958887e-05, 9.31464342102e-07, 6.21323351879e-07, 7.93391237153e-08, 2.1001674213e-06, 3.89521773059e-07, 3.79081939172e-07, 2.44886365408e-07, 1.95642986256e-08, 1.47844730236e-07, 8.9739410214e-07, 2.92509724886e-07, 1.36391918204e-07, 5.6146808447e-07, 1.14141492702e-07, 5.14377177296e-07, 1.47197679325e-05, 1.97448343897e-06, 1.94364247363e-06, 3.22878440784e-06, 1.26767204733e-07], "max": [0.00416204333305, 0.135048508644, 0.10435859859, 0.0650003254414, 0.0925465002656, 0.0521927028894, 0.0480016358197, 0.0181005522609, 0.0159086119384, 0.00239208363928, 0.0157764814794, 0.00675013754517, 0.00948155019432, 0.0105361044407, 0.00111628836021, 0.00407214974985, 0.00825115107, 0.00342233688571, 0.00227405829355, 0.00374734960496, 0.00318809226155, 0.00503570027649, 0.0213036183268, 0.00821074657142, 0.0058084926568, 0.00855107977986, 0.00156473286916], "mean": [0.000162141121109, 0.00582462456077, 0.00339237134904, 0.00185327313375, 0.00495548779145, 0.00532908318564, 0.00201213220134, 0.000503553717863, 0.000423731748015, 0.000126384300529, 0.000270715594525, 8.41182190925e-05, 0.000216603890294, 0.000255731632933, 5.33110214747e-05, 0.00011295646982, 0.000161242569447, 8.8050524937e-05, 0.000120951226563, 0.000121244935144, 0.000115319809993, 0.000176348738023, 0.000768043333665, 0.000313148950227, 0.000305596011458, 0.000277175131487, 5.78851577302e-05], "median": [8.67057769938e-06, 0.000826140516438, 0.000754428328946, 0.000315121258609, 0.00209435098805, 0.00332146789879, 0.000407946674386, 0.000216627464397, 0.000117023919302, 5.356107431e-05, 1.51830636241e-05, 1.29564978124e-05, 3.65177693311e-05, 5.29531789653e-05, 1.27914172481e-05, 2.0671834136e-05, 2.04323478101e-05, 8.11500376585e-06, 1.78165482794e-05, 1.08029034891e-05, 4.95705990033e-06, 2.43948943535e-06, 2.67195719061e-06, 1.04186199223e-06, 1.14127158213e-06, 7.65095194311e-07, 2.85548651391e-07], "min": [1.28529336057e-23, 4.55815569287e-23, 1.14453864475e-23, 3.2556649279e-23, 3.59596816282e-23, 3.09790095101e-23, 3.26026493361e-23, 3.28807796032e-23, 6.08675608138e-23, 1.1117087309e-22, 8.9794597959e-23, 9.4329153458e-23, 1.47581903062e-22, 1.32488053072e-22, 9.32625188508e-23, 2.11701754373e-22, 2.20806938402e-22, 1.98659434985e-22, 2.02586195245e-22, 3.185926216e-22, 5.02041076528e-22, 5.21812985282e-22, 6.4395980395e-22, 7.65793451149e-22, 1.18785478564e-21, 1.68816829465e-21, 2.76506607055e-21], "var": [1.78420606289e-07, 0.000220302303205, 6.44585234113e-05, 2.33307873714e-05, 7.2872331657e-05, 3.79840566893e-05, 1.59344563144e-05, 1.18424918583e-06, 1.17653019061e-06, 4.65235956426e-08, 1.57904491971e-06, 1.15836236603e-07, 6.58819487853e-07, 5.90345450746e-07, 1.25292736186e-08, 7.81874689437e-08, 2.89851442403e-07, 8.83716495537e-08, 7.83118210279e-08, 1.52008951204e-07, 9.09161599338e-08, 2.90372611289e-07, 7.67916117184e-06, 1.15267107503e-06, 7.91007778389e-07, 9.45062652136e-07, 3.52570843631e-08]}, "erbbands": {"dmean": [0.0904399082065, 0.976692318916, 2.55534076691, 4.27829837799, 6.70255231857, 11.4387922287, 21.058549881, 21.0997467041, 35.1083984375, 8.19667720795, 3.69451785088, 5.58063411713, 2.78035545349, 1.6560806036, 7.78674554825, 3.00326609612, 5.23664569855, 6.46816825867, 1.89541447163, 4.16397571564, 6.26597929001, 7.63269424438, 5.482006073, 5.42014312744, 5.43046951294, 6.44042921066, 4.90016126633, 3.8714120388, 6.81182861328, 9.55708885193, 22.6326675415, 8.26085948944, 5.30935573578, 3.83482646942, 2.60611224174, 1.71000051498, 0.580421090126, 0.121290393174, 0.0123616810888, 0.000606606423389], "dmean2": [0.122740037739, 1.47259104252, 4.15074682236, 7.44248342514, 12.098361969, 19.69647789, 34.7268409729, 33.9344902039, 55.7625427246, 12.008808136, 5.55820560455, 7.71441078186, 4.2379732132, 2.5344824791, 12.1140098572, 4.79542827606, 7.16678333282, 9.24665260315, 2.89582705498, 6.2283987999, 9.85681629181, 12.5214776993, 8.96408653259, 8.06475067139, 8.53676223755, 10.7361621857, 7.42693376541, 5.46763420105, 10.4174566269, 14.4956684113, 35.7790260315, 12.9748058319, 8.35117053986, 6.28497648239, 4.33212041855, 2.9027826786, 0.964852750301, 0.20686288178, 0.0209739394486, 0.00101313809864], "dvar": [0.067835316062, 9.64650630951, 84.2645492554, 234.420043945, 748.636474609, 821.492431641, 1632.82971191, 1553.59228516, 5943.52734375, 278.494598389, 135.886871338, 230.039367676, 47.9787216187, 27.7880058289, 2725.75854492, 154.703887939, 551.497070312, 342.194915771, 21.2054462433, 73.7875442505, 267.151092529, 610.922058105, 303.629241943, 233.189071655, 249.026504517, 426.230072021, 150.863601685, 88.7905578613, 365.27432251, 820.446166992, 6052.90185547, 756.08581543, 247.594360352, 102.812019348, 52.3221511841, 30.2258586884, 3.648884058, 0.120318941772, 0.0013261907734, 3.16855607707e-06], "dvar2": [0.118721775711, 22.3559913635, 217.907196045, 650.427062988, 2147.09887695, 2278.07568359, 4339.78466797, 4007.2590332, 14830.2666016, 608.291748047, 302.463043213, 437.245849609, 119.560203552, 59.2528305054, 6620.99365234, 411.803985596, 936.259338379, 618.416320801, 47.5831756592, 169.130020142, 639.969116211, 1521.28283691, 783.050048828, 527.483947754, 613.003295898, 1143.61987305, 335.000640869, 165.408920288, 807.791809082, 1786.52612305, 14664.9189453, 1699.10620117, 568.634765625, 255.193984985, 134.124359131, 79.9639434814, 9.48471641541, 0.315052688122, 0.00347702787258, 8.17052932689e-06], "max": [3.36605072021, 37.6887283325, 121.162376404, 170.273452759, 316.765136719, 268.094482422, 413.475921631, 520.440002441, 891.114929199, 349.622009277, 309.002349854, 396.212890625, 88.0811386108, 133.135177612, 934.389404297, 237.263381958, 491.180175781, 539.705566406, 106.416442871, 117.628913879, 178.591659546, 324.031951904, 161.498794556, 153.730163574, 133.776229858, 168.446380615, 146.995437622, 157.334350586, 234.57460022, 249.185424805, 677.576538086, 239.981460571, 133.190536499, 81.2972717285, 50.013710022, 42.1123504639, 14.7165784836, 2.50331759453, 0.277582466602, 0.0134052429348], "mean": [0.147940471768, 1.3727697134, 3.45970487595, 6.27349615097, 8.11147975922, 15.5245742798, 40.4290771484, 39.9632987976, 40.5804252625, 15.0191173553, 8.10969924927, 12.0741462708, 5.16369247437, 3.55546331406, 11.9504737854, 4.7025103569, 11.0240020752, 14.3360414505, 3.63143348694, 5.61319303513, 7.25575447083, 7.17224693298, 4.60647249222, 5.46985006332, 6.49518823624, 5.9049782753, 5.10271024704, 4.46269512177, 7.21648979187, 10.4514122009, 23.2388076782, 8.63079833984, 5.388235569, 3.55865740776, 2.21209406853, 1.36649978161, 0.471816956997, 0.0907592698932, 0.00948987249285, 0.000507594028022], "median": [0.019697798416, 0.217958152294, 0.842241764069, 1.22501111031, 1.72983014584, 5.44551086426, 19.9181842804, 23.6803207397, 9.17443466187, 5.84616708755, 3.27051997185, 3.45480871201, 2.02243304253, 0.913080275059, 0.813519120216, 1.11250257492, 2.30917167664, 3.36549091339, 1.25784599781, 1.36053168774, 1.32595956326, 0.909764170647, 0.536948561668, 0.718709349632, 0.967964410782, 0.714717388153, 0.324130117893, 0.170360937715, 0.114491611719, 0.100627608597, 0.084637068212, 0.0311892386526, 0.0181071627885, 0.0139474309981, 0.00733095733449, 0.00407969439402, 0.000852253986523, 0.000431306485552, 5.64829642826e-05, 2.83010267594e-05], "min": [1.01719759038e-21, 1.11708916112e-20, 2.06668878848e-20, 5.26359839186e-20, 1.40644097836e-19, 1.05198936836e-19, 2.01211296263e-19, 2.58864053048e-19, 5.03739396263e-19, 5.39092475259e-19, 6.99893542905e-19, 1.11332647807e-18, 3.52640247303e-18, 3.4488460188e-18, 3.7527414225e-18, 4.58134064981e-18, 7.16492431501e-18, 6.27315164996e-18, 4.01220564678e-18, 9.15848997545e-18, 1.20420937032e-17, 1.31091773729e-17, 1.11948887024e-17, 1.22047951666e-17, 9.05097882969e-18, 1.53568578806e-17, 1.74159403814e-17, 2.33644625185e-17, 1.92567977475e-17, 2.10079506848e-17, 1.48825458999e-17, 1.22650296316e-17, 1.53595958484e-17, 1.459106565e-17, 8.41899629809e-18, 6.28010493019e-18, 3.20715831947e-18, 1.43688075961e-18, 3.85114898033e-19, 3.8363001836e-20], "var": [0.157073199749, 12.8210887909, 73.9637908936, 185.207168579, 496.362731934, 793.387329102, 3131.31079102, 2458.49707031, 6168.6875, 680.084777832, 380.706695557, 925.951782227, 80.9676132202, 101.253051758, 3368.47583008, 182.854049683, 1604.38476562, 1575.88635254, 67.6472854614, 129.945022583, 311.221801758, 545.609680176, 237.114013672, 246.998413086, 244.576141357, 317.610656738, 173.373931885, 157.469345093, 490.83013916, 1145.7869873, 7294.2890625, 965.26373291, 328.894805908, 114.546089172, 45.8942947388, 22.7279052734, 2.83612942696, 0.0886247754097, 0.000981873599812, 2.47488242167e-06]}, "gfcc": {"mean": [-90.978805542, 102.58506012, -94.6173629761, 15.5392360687, -56.2890930176, -12.7362556458, -44.345790863, -8.93258094788, -19.0659694672, 5.93012285233, -4.52244520187, 1.09248936176, -5.4640212059], "cov": [[18312.7597656, -3352.68432617, 1942.65649414, 1862.63684082, -1266.75939941, 168.218109131, -1084.98596191, 555.850280762, 325.3359375, 768.212463379, -574.114685059, 56.0979194641, -582.181762695], [-3352.68432617, 6318.03125, -205.28666687, 148.398284912, 1480.61975098, -56.6611824036, 894.469421387, -389.291992188, 244.53666687, -436.963256836, 210.802536011, -512.059326172, 251.870193481], [1942.65649414, -205.28666687, 1960.0546875, 765.918518066, 382.871673584, 641.326965332, 114.759391785, 157.143600464, 56.332069397, -46.3391304016, -261.394134521, 17.6663722992, -184.666564941], [1862.63684082, 148.398284912, 765.918518066, 1037.67895508, 386.53805542, 358.684356689, 156.838287354, 57.2445602417, 102.127418518, 14.3197402954, -132.173461914, -144.055465698, -204.182647705], [-1266.75939941, 1480.61975098, 382.871673584, 386.53805542, 1028.14758301, 369.354766846, 415.440948486, -11.5416593552, -59.8013305664, -158.078536987, -8.03043556213, -156.194488525, -21.0029182434], [168.218109131, -56.6611824036, 641.326965332, 358.684356689, 369.354766846, 580.756774902, 238.793624878, 17.9957256317, -1.56261146069, -65.6530914307, -32.566368103, -8.63767719269, -164.068237305], [-1084.98596191, 894.469421387, 114.759391785, 156.838287354, 415.440948486, 238.793624878, 418.122406006, 6.17471981049, 66.6644363403, -103.450263977, 17.4737606049, -79.5720367432, 3.97041869164], [555.850280762, -389.291992188, 157.143600464, 57.2445602417, -11.5416593552, 17.9957256317, 6.17471981049, 267.814422607, 51.5754966736, 60.5287513733, -84.7191009521, 53.4196357727, 7.66038656235], [325.3359375, 244.53666687, 56.332069397, 102.127418518, -59.8013305664, -1.56261146069, 66.6644363403, 51.5754966736, 228.903717041, 40.0839233398, -14.518576622, -37.7916183472, -4.2744884491], [768.212463379, -436.963256836, -46.3391304016, 14.3197402954, -158.078536987, -65.6530914307, -103.450263977, 60.5287513733, 40.0839233398, 251.43977356, -23.6704864502, -29.1518230438, -8.72018432617], [-574.114685059, 210.802536011, -261.394134521, -132.173461914, -8.03043556213, -32.566368103, 17.4737606049, -84.7191009521, -14.518576622, -23.6704864502, 236.309936523, 15.1917734146, -19.6995220184], [56.0979194641, -512.059326172, 17.6663722992, -144.055465698, -156.194488525, -8.63767719269, -79.5720367432, 53.4196357727, -37.7916183472, -29.1518230438, 15.1917734146, 220.148574829, 66.1123199463], [-582.181762695, 251.870193481, -184.666564941, -204.182647705, -21.0029182434, -164.068237305, 3.97041869164, 7.66038656235, -4.2744884491, -8.72018432617, -19.6995220184, 66.1123199463, 214.400482178]], "icov": [[0.00013589860464, -9.66495281318e-05, -1.01481164165e-05, -0.000293710676488, 0.000269559473963, -0.00017352825671, 0.000409972708439, -0.000249769393122, 7.89206533227e-05, -0.000227346201427, 0.000106741346826, -0.000119995871501, 0.000128188185045], [-9.66495281318e-05, 0.000731603591703, -0.000204144133022, 0.00038368118112, -0.00105791504029, 0.00101066962816, -0.000927079527173, 0.000940848374739, -0.000999273499474, 0.000689890759531, -0.000484155752929, 0.000845686066896, -0.000576139020268], [-1.01481164165e-05, -0.000204144133022, 0.0012633188162, -0.00048039352987, 0.00011734587315, -0.00152913597412, 0.000937134667765, -0.0004914617748, -4.96949905937e-05, 0.000151425701915, 0.000865046749823, -0.000424907513661, -9.99013427645e-05], [-0.000293710676488, 0.00038368118112, -0.00048039352987, 0.00266639585607, -0.00147861428559, 0.00072599935811, -0.00106418447103, 0.000947779393755, -0.00125471781939, 0.000258432060946, 0.000377577671316, 0.000572574615944, 0.001117467531], [0.000269559473963, -0.00105791504029, 0.00011734587315, -0.00147861428559, 0.00438841059804, -0.00249146623537, 0.000206529337447, -0.00222223065794, 0.00312254042365, -0.000259922555415, -7.946700498e-05, 0.000922832579818, -0.000973602931481], [-0.00017352825671, 0.00101066962816, -0.00152913597412, 0.00072599935811, -0.00249146623537, 0.00763950124383, -0.00475419592112, 0.00259448611178, -0.000833587837406, -0.000167245147168, 4.43352764705e-05, -0.00218270323239, 0.00396688422188], [0.000409972708439, -0.000927079527173, 0.000937134667765, -0.00106418447103, 0.000206529337447, -0.00475419592112, 0.00878531765193, -0.00257499702275, -0.00128250033595, 0.00074911135016, -0.000215130712604, 0.00125027238391, -0.0020929290913], [-0.000249769393122, 0.000940848374739, -0.0004914617748, 0.000947779393755, -0.00222223065794, 0.00259448611178, -0.00257499702275, 0.00704685226083, -0.00243277708068, -0.000905343156774, 0.00151758920401, -0.00213827262633, 0.000972901878413], [7.89206533227e-05, -0.000999273499474, -4.96949905937e-05, -0.00125471781939, 0.00312254042365, -0.000833587837406, -0.00128250033595, -0.00243277708068, 0.00791350472718, -0.00134750921279, -0.00013981210941, 0.000365817162674, -9.3533351901e-05], [-0.000227346201427, 0.000689890759531, 0.000151425701915, 0.000258432060946, -0.000259922555415, -0.000167245147168, 0.00074911135016, -0.000905343156774, -0.00134750921279, 0.00664544431493, -0.0010845605284, 0.00347762438469, -0.00211481074803], [0.000106741346826, -0.000484155752929, 0.000865046749823, 0.000377577671316, -7.946700498e-05, 4.43352764705e-05, -0.000215130712604, 0.00151758920401, -0.00013981210941, -0.0010845605284, 0.00703561352566, -0.003186971182, 0.00352145754732], [-0.000119995871501, 0.000845686066896, -0.000424907513661, 0.000572574615944, 0.000922832579818, -0.00218270323239, 0.00125027238391, -0.00213827262633, 0.000365817162674, 0.00347762438469, -0.003186971182, 0.0111042363569, -0.00623483909294], [0.000128188185045, -0.000576139020268, -9.99013427645e-05, 0.001117467531, -0.000973602931481, 0.00396688422188, -0.0020929290913, 0.000972901878413, -9.3533351901e-05, -0.00211481074803, 0.00352145754732, -0.00623483909294, 0.0117697389796]]}, "melbands": {"dmean": [0.000913872558158, 0.00126494525466, 0.000758357404266, 0.000618394289631, 0.000714918889571, 0.000506889482494, 0.000472032348625, 7.32259359211e-05, 2.99531893688e-05, 3.30961011059e-05, 1.33257562993e-05, 5.87843260291e-06, 2.27697328228e-05, 1.31867218442e-05, 8.70652911544e-06, 1.00061643025e-05, 1.38219102155e-05, 3.29767522089e-06, 3.43073497788e-06, 6.77570506014e-06, 8.96744040801e-06, 1.00111728898e-05, 3.89788465327e-06, 6.54712630421e-06, 4.16646344092e-06, 3.577526968e-06, 5.00540045323e-06, 4.01993884225e-06, 3.33353477799e-06, 2.53963889918e-06, 2.25301914725e-06, 3.76234652322e-06, 3.60198782801e-06, 6.3929001044e-06, 1.69263621501e-05, 7.66649282014e-06, 4.18948911829e-06, 3.57443491339e-06, 3.51462904291e-06, 3.22730102198e-06], "dmean2": [0.0013492719736, 0.00195429101586, 0.00130219059065, 0.00109221413732, 0.00118133984506, 0.000807405216619, 0.000741298834328, 0.000109525382868, 4.50640873169e-05, 4.57059722976e-05, 2.0653631509e-05, 9.03022646526e-06, 3.52416027454e-05, 2.13903585973e-05, 1.26662544062e-05, 1.37361739689e-05, 1.99270834855e-05, 5.07023787577e-06, 5.34022001375e-06, 9.88342981145e-06, 1.44738232848e-05, 1.65331894095e-05, 6.47398201181e-06, 1.1006677596e-05, 6.2074559537e-06, 5.47828722119e-06, 8.63431796461e-06, 6.68325083097e-06, 5.15164674653e-06, 3.90050172427e-06, 3.14253748002e-06, 5.59137151868e-06, 5.74667274122e-06, 9.71512417891e-06, 2.70887248917e-05, 1.20352324302e-05, 6.61155036141e-06, 5.64439460504e-06, 5.66945482205e-06, 5.3295420912e-06], "dvar": [7.68723839428e-06, 1.6378606233e-05, 7.09437654223e-06, 4.54602150057e-06, 1.83279075827e-06, 8.77038303315e-07, 1.03510035387e-06, 2.69058162417e-08, 9.01810714993e-09, 8.46191294812e-09, 1.16966081265e-09, 2.40608061253e-10, 2.07253556539e-08, 6.54252074739e-09, 1.42777756285e-09, 1.81293757784e-09, 1.80150172557e-09, 8.3594055289e-11, 5.48306261505e-11, 2.73489980662e-10, 6.84188816713e-10, 1.23400578644e-09, 1.65399319241e-10, 4.39199232538e-10, 1.39038836e-10, 9.36889385517e-11, 3.47363998676e-10, 1.46445383598e-10, 7.47059081263e-11, 4.30490296188e-11, 4.07802541735e-11, 1.21938723008e-10, 1.32113237017e-10, 3.86157938959e-10, 3.44556028153e-09, 6.75946465467e-10, 1.88125098832e-10, 1.05819721041e-10, 1.12896442195e-10, 6.88491277878e-11], "dvar2": [1.54057634063e-05, 3.87232030334e-05, 1.91099788935e-05, 1.31021897687e-05, 4.75925480714e-06, 2.23414508582e-06, 2.55821623796e-06, 5.9626884763e-08, 2.07844461642e-08, 1.5524600272e-08, 2.96392510535e-09, 4.89819018679e-10, 4.89519607072e-08, 1.69516258808e-08, 2.39009101399e-09, 3.27599281036e-09, 3.21875437415e-09, 1.86690329862e-10, 1.32955590981e-10, 6.01759697627e-10, 1.69689695628e-09, 3.18333426286e-09, 4.2961001423e-10, 1.15206011397e-09, 3.02167901811e-10, 2.15134604575e-10, 9.53639389678e-10, 3.86530474294e-10, 1.68911412635e-10, 1.02107960975e-10, 6.70569433314e-11, 2.33474906075e-10, 3.30281885175e-10, 8.58669468862e-10, 8.4516820209e-09, 1.57057156169e-09, 4.18450052386e-10, 2.39989084161e-10, 2.8056310053e-10, 1.72014763544e-10], "max": [0.0311214476824, 0.0551469661295, 0.0279803238809, 0.0232297163457, 0.0136029040441, 0.0120865190402, 0.0115424180403, 0.00419431831688, 0.00248303427361, 0.00214586197399, 0.000442281743744, 0.000430668587796, 0.00239562033676, 0.00155176932458, 0.00082013924839, 0.000870021118317, 0.00123835843988, 0.000222664079047, 8.51584118209e-05, 0.000362873601262, 0.00032528169686, 0.000499644607771, 0.000114412978292, 0.000216549320612, 0.000120030461403, 0.000133871886646, 0.000155786139658, 9.81772391242e-05, 9.36378783081e-05, 9.46747313719e-05, 0.00013874474098, 0.000211378515814, 0.000144005563925, 0.000171507970663, 0.000519807508681, 0.000223190960241, 0.000123388177599, 8.94267650438e-05, 9.63949714787e-05, 6.07602050877e-05], "mean": [0.00149877555668, 0.00190403300803, 0.00111595448107, 0.00076080893632, 0.00133049406577, 0.000960184552241, 0.000552315381356, 0.000142581702676, 6.37154953438e-05, 7.06564896973e-05, 2.30380446737e-05, 1.20222775877e-05, 3.91457870137e-05, 1.62912492669e-05, 1.63545628311e-05, 2.01665770874e-05, 3.01477266476e-05, 6.36130698695e-06, 4.14763371737e-06, 9.30558780965e-06, 9.47891385294e-06, 9.20930779102e-06, 3.34077913067e-06, 5.21491938343e-06, 4.21234517489e-06, 4.6645745897e-06, 4.30275440522e-06, 3.82555526812e-06, 3.4079789657e-06, 2.60629917648e-06, 2.61106492871e-06, 4.19418665842e-06, 3.26844497067e-06, 7.08428206053e-06, 1.70973125933e-05, 7.96616404841e-06, 4.22749735662e-06, 3.66638914784e-06, 3.32593663188e-06, 2.92887716569e-06], "median": [0.00021721716621, 0.000462233059807, 0.00023895209597, 0.00025055356673, 0.000664829858579, 0.000571663782466, 0.000120061107737, 5.76797647227e-05, 2.57239989878e-05, 1.90928130905e-05, 8.42660756462e-06, 2.75668730865e-06, 2.23264464694e-06, 2.00931003747e-06, 4.33964760305e-06, 3.44773820871e-06, 6.24666608928e-06, 1.84988221008e-06, 9.1855821438e-07, 1.99028499992e-06, 1.33553703563e-06, 1.00990951069e-06, 4.61378732552e-07, 4.27836226891e-07, 3.75736789238e-07, 5.94125424414e-07, 6.46417731787e-07, 2.95267568617e-07, 2.08109057098e-07, 1.05553148444e-07, 7.16414589874e-08, 5.67198448209e-08, 3.19660422576e-08, 4.38325571395e-08, 5.2368172021e-08, 1.87271442798e-08, 1.36172149112e-08, 1.24202239604e-08, 8.96061447264e-09, 1.24411920766e-08], "min": [1.17455212007e-23, 1.22698880884e-23, 1.25901119734e-23, 9.34944849777e-24, 5.98641179094e-24, 5.68345094358e-24, 7.3496584929e-24, 6.43755108745e-24, 5.55793607381e-24, 7.68308002082e-24, 1.76772937243e-23, 1.32015036296e-23, 1.33764777116e-23, 1.17269892803e-23, 1.39799357937e-23, 1.33497195497e-23, 1.16634583673e-23, 6.83045391091e-24, 7.97486704789e-24, 1.35597411439e-23, 1.45868964182e-23, 1.35148470698e-23, 1.15868757506e-23, 8.57520281854e-24, 1.06269558801e-23, 5.34668858973e-24, 8.94672238388e-24, 1.03790437189e-23, 9.87145669142e-24, 1.11792523882e-23, 1.48867456037e-23, 1.13426901683e-23, 9.06219584319e-24, 1.34705825067e-23, 9.0615458218e-24, 6.79344686813e-24, 7.78189431553e-24, 9.34443686444e-24, 1.26545619093e-23, 1.22356617803e-23], "var": [1.48034341692e-05, 1.92804855033e-05, 5.93014374317e-06, 3.14213093588e-06, 3.23586527884e-06, 1.42168232742e-06, 1.11465294594e-06, 6.95237076798e-08, 2.5207279819e-08, 3.48461526301e-08, 1.77592140993e-09, 1.02305042216e-09, 3.42992088065e-08, 6.02168537256e-09, 3.95121579899e-09, 5.17836706848e-09, 8.14108691571e-09, 2.78339296056e-10, 7.82980763558e-11, 4.93535767809e-10, 6.86639911596e-10, 1.04330843964e-09, 1.24761784237e-10, 3.28409244243e-10, 1.57728927141e-10, 1.11187198337e-10, 2.34025132606e-10, 1.19713086666e-10, 8.23185547505e-11, 4.79220829686e-11, 8.33164717773e-11, 2.08825803871e-10, 1.23064614055e-10, 5.37566768877e-10, 4.03564337503e-09, 8.56561210849e-10, 2.31567237607e-10, 1.47649989457e-10, 1.28150240419e-10, 7.35556199283e-11]}, "mfcc": {"mean": [-744.874694824, 138.845199585, 13.7276477814, 24.5671958923, 3.38891220093, -5.07451534271, -13.4619073868, -15.3098201752, -13.8522920609, -1.08668410778, -3.19545602798, -0.194949552417, 3.36960411072], "cov": [[12614.8652344, -1876.65344238, 1726.0526123, 750.895385742, 192.599151611, 89.2566986084, -580.176940918, -115.005897522, 125.877731323, 176.916732788, 132.289642334, 70.1075668335, -48.9210624695], [-1876.65344238, 4848.64648438, -369.376953125, 526.677185059, 459.660705566, 420.290618896, 451.949737549, 122.507324219, 192.498977661, 186.592254639, 94.3719482422, -96.8455047607, -43.8873176575], [1726.0526123, -369.376953125, 1569.94250488, 371.462585449, 473.358215332, 513.531005859, 139.337036133, 318.858520508, 176.643493652, 70.4061584473, 41.6358680725, 2.30050826073, -31.6835975647], [750.895385742, 526.677185059, 371.462585449, 774.319519043, 456.347961426, 366.682617188, 255.621490479, 146.687133789, 238.12046814, 106.096603394, 89.9646759033, 26.3658485413, -85.0823898315], [192.599151611, 459.660705566, 473.358215332, 456.347961426, 589.327941895, 454.362487793, 337.040496826, 254.432540894, 114.964561462, 72.4206161499, 68.8759994507, 5.70622348785, -47.8295440674], [89.2566986084, 420.290618896, 513.531005859, 366.682617188, 454.362487793, 637.319396973, 392.466278076, 260.589355469, 93.6706695557, 92.4127883911, 92.380607605, 0.0473097898066, -33.2543563843], [-580.176940918, 451.949737549, 139.337036133, 255.621490479, 337.040496826, 392.466278076, 475.812713623, 230.241790771, 92.3393936157, 11.1997261047, 18.6714458466, 46.1736030579, 4.22897005081], [-115.005897522, 122.507324219, 318.858520508, 146.687133789, 254.432540894, 260.589355469, 230.241790771, 371.262786865, 108.785224915, -7.64902877808, 9.87536907196, -9.1250629425, 81.7278366089], [125.877731323, 192.498977661, 176.643493652, 238.12046814, 114.964561462, 93.6706695557, 92.3393936157, 108.785224915, 399.22277832, -28.0960121155, 26.6323699951, 79.7836456299, -78.5461502075], [176.916732788, 186.592254639, 70.4061584473, 106.096603394, 72.4206161499, 92.4127883911, 11.1997261047, -7.64902877808, -28.0960121155, 294.854156494, 120.956703186, -20.201543808, -9.7988986969], [132.289642334, 94.3719482422, 41.6358680725, 89.9646759033, 68.8759994507, 92.380607605, 18.6714458466, 9.87536907196, 26.6323699951, 120.956703186, 188.62046814, 56.0186347961, -55.9067344666], [70.1075668335, -96.8455047607, 2.30050826073, 26.3658485413, 5.70622348785, 0.0473097898066, 46.1736030579, -9.1250629425, 79.7836456299, -20.201543808, 56.0186347961, 148.289642334, -23.5652523041], [-48.9210624695, -43.8873176575, -31.6835975647, -85.0823898315, -47.8295440674, -33.2543563843, 4.22897005081, 81.7278366089, -78.5461502075, -9.7988986969, -55.9067344666, -23.5652523041, 206.51133728]], "icov": [[0.000123419245938, 3.11634612444e-05, -0.000121922486869, -0.000195518194232, 3.11075928039e-05, -3.43007232004e-05, 0.000237451880821, 6.85118939145e-05, 4.6692606702e-05, -4.37558810518e-06, -5.91274556427e-07, -0.000111898436444, -8.90712908586e-05], [3.11634612444e-05, 0.000286809896352, 0.00013143857359, -7.95113592176e-05, -0.00018788545276, -7.61570336181e-05, -0.000114204296551, 0.000193255764316, -0.000212997969356, -7.12243127055e-05, -0.000127856706968, 0.00036856069346, -0.000151129977894], [-0.000121922486869, 0.00013143857359, 0.00150941254105, 0.000181353185326, -0.000748466874938, -0.00136603589635, 0.00132051622495, -0.000833036378026, -0.000259651686065, -0.00034967076499, 0.000975025410298, -0.000574331206735, 0.000297732098261], [-0.000195518194232, -7.95113592176e-05, 0.000181353185326, 0.00341396150179, -0.00231498875655, -0.000148366758367, -0.000497671833728, 0.00102233153302, -0.00166902248748, -0.000424432015279, -0.000343633058947, 0.000667115789838, -0.000255155406194], [3.11075928039e-05, -0.00018788545276, -0.000748466874938, -0.00231498875655, 0.0065879910253, -0.00109386991244, -0.00137031741906, -0.00202260049991, 0.00136189942714, -1.26920067487e-05, 4.91822320328e-05, -0.000165692326846, 0.00158883386757], [-3.43007232004e-05, -7.61570336181e-05, -0.00136603589635, -0.000148366758367, -0.00109386991244, 0.00659843347967, -0.00438211439177, 9.98360046651e-05, 0.000249756645644, 0.000133846246172, -0.00273735518567, 0.00237367162481, 0.000195551823708], [0.000237451880821, -0.000114204296551, 0.00132051622495, -0.000497671833728, -0.00137031741906, -0.00438211439177, 0.00835482217371, -0.00246838480234, 0.000558833067771, -0.0005582520389, 0.00351822003722, -0.00445352960378, 0.0004426141968], [6.85118939145e-05, 0.000193255764316, -0.000833036378026, 0.00102233153302, -0.00202260049991, 9.98360046651e-05, -0.00246838480234, 0.00767437880859, -0.00251817307435, 0.00132209842559, -0.00260741403326, 0.0030741149094, -0.0043384404853], [4.6692606702e-05, -0.000212997969356, -0.000259651686065, -0.00166902248748, 0.00136189942714, 0.000249756645644, 0.000558833067771, -0.00251817307435, 0.00478377752006, 0.000117908413813, 0.00119704729877, -0.00287027610466, 0.00240073120221], [-4.37558810518e-06, -7.12243127055e-05, -0.00034967076499, -0.000424432015279, -1.26920067487e-05, 0.000133846246172, -0.0005582520389, 0.00132209842559, 0.000117908413813, 0.0057165492326, -0.00459751393646, 0.00252515333705, -0.00137826276477], [-5.91274556427e-07, -0.000127856706968, 0.000975025410298, -0.000343633058947, 4.91822320328e-05, -0.00273735518567, 0.00351822003722, -0.00260741403326, 0.00119704729877, -0.00459751393646, 0.0121466750279, -0.00663193780929, 0.00327986222692], [-0.000111898436444, 0.00036856069346, -0.000574331206735, 0.000667115789838, -0.000165692326846, 0.00237367162481, -0.00445352960378, 0.0030741149094, -0.00287027610466, 0.00252515333705, -0.00663193780929, 0.0126050906256, -0.00187188934069], [-8.90712908586e-05, -0.000151129977894, 0.000297732098261, -0.000255155406194, 0.00158883386757, 0.000195551823708, 0.0004426141968, -0.0043384404853, 0.00240073120221, -0.00137826276477, 0.00327986222692, -0.00187188934069, 0.0083590913564]]}, "spectral_contrast_coeffs": {"dmean": [0.0589342415333, 0.0490162707865, 0.0442655161023, 0.0340391881764, 0.0270207449794, 0.0193064343184], "dmean2": [0.0931752324104, 0.0794766694307, 0.068081073463, 0.050893612206, 0.0418248139322, 0.0287491232157], "dvar": [0.00308341835625, 0.002377853496, 0.00187765515875, 0.000982619123533, 0.000818153494038, 0.000383112957934], "dvar2": [0.00686571141705, 0.00590368453413, 0.00448499107733, 0.00216312822886, 0.00190865865443, 0.000785945856478], "max": [-0.233090281487, -0.381434500217, -0.434640586376, -0.480925619602, -0.604445934296, -0.590322256088], "mean": [-0.623221755028, -0.64581155777, -0.730299174786, -0.73644888401, -0.793117463589, -0.790614128113], "median": [-0.636863410473, -0.63014549017, -0.728867411613, -0.744788646698, -0.798667967319, -0.798064231873], "min": [-0.970476865768, -0.980399429798, -0.973346829414, -0.951680898666, -0.961511313915, -0.960057199001], "var": [0.0133164888248, 0.0101996110752, 0.00708339130506, 0.00489481678233, 0.00333465635777, 0.00253482139669]}, "spectral_contrast_valleys": {"dmean": [0.581495463848, 0.460293710232, 0.506455361843, 0.50307393074, 0.543092250824, 0.764646053314], "dmean2": [0.839879214764, 0.649592876434, 0.730733036995, 0.685680687428, 0.709200143814, 0.917768061161], "dvar": [0.457879245281, 0.318583786488, 0.361389666796, 0.361465215683, 0.540103554726, 1.08055913448], "dvar2": [0.726582109928, 0.452543288469, 0.620856821537, 0.548915147781, 0.774905443192, 1.64709866047], "max": [-4.95966625214, -4.7640247345, -5.9722366333, -6.32804822922, -5.44752788544, -7.08103704453]