{"lowlevel": {"average_loudness": 0.30120947957, "barkbands_crest": {"dmean": 1.90871572495, "dmean2": 3.05387020111, "dvar": 3.26844120026, "dvar2": 8.37986087799, "max": 25.6756534576, "mean": 11.2591485977, "median": 10.3773269653, "min": 2.41797351837, "var": 19.0945510864}, "barkbands_flatness_db": {"dmean": 0.0175405535847, "dmean2": 0.0258857272565, "dvar": 0.000367122120224, "dvar2": 0.000724932411686, "max": 0.603099405766, "mean": 0.253073573112, "median": 0.224360972643, "min": 0.00852303206921, "var": 0.0132525973022}, "barkbands_kurtosis": {"dmean": 2.49066090584, "dmean2": 3.88734078407, "dvar": 19.7554645538, "dvar2": 48.4950447083, "max": 97.9365234375, "mean": 5.88327455521, "median": 2.84069299698, "min": -1.93131089211, "var": 81.2100296021}, "barkbands_skewness": {"dmean": 0.389488071203, "dmean2": 0.587498605251, "dvar": 0.189474329352, "dvar2": 0.437652617693, "max": 7.22815322876, "mean": 1.42711734772, "median": 1.24544286728, "min": -3.07787775993, "var": 1.55360531807}, "barkbands_spread": {"dmean": 2.50438570976, "dmean2": 3.58263349533, "dvar": 28.4559288025, "dvar2": 52.9955787659, "max": 106.203704834, "mean": 10.6165475845, "median": 7.09602165222, "min": 0.341094851494, "var": 138.940887451}, "dissonance": {"dmean": 0.0303810723126, "dmean2": 0.0509692952037, "dvar": 0.00101875083055, "dvar2": 0.00282201240771, "max": 0.500000119209, "mean": 0.412274599075, "median": 0.426030874252, "min": 0.0668716579676, "var": 0.00385712622665}, "dynamic_complexity": 4.42757320404, "erbbands_crest": {"dmean": 2.16771888733, "dmean2": 3.36618208885, "dvar": 4.48965549469, "dvar2": 10.7225446701, "max": 33.3698043823, "mean": 12.4361867905, "median": 10.9418144226, "min": 2.514939785, "var": 30.9586849213}, "erbbands_flatness_db": {"dmean": 0.0146729256958, "dmean2": 0.0211225748062, "dvar": 0.000294147699606, "dvar2": 0.000541445217095, "max": 0.550968408585, "mean": 0.26346513629, "median": 0.238860875368, "min": 0.0363919362426, "var": 0.00966218765825}, "erbbands_kurtosis": {"dmean": 1.30112147331, "dmean2": 1.98335778713, "dvar": 4.47405958176, "dvar2": 10.0236501694, "max": 76.6366958618, "mean": 2.42541885376, "median": 1.07008075714, "min": -1.89543688297, "var": 20.6748752594}, "erbbands_skewness": {"dmean": 0.328007400036, "dmean2": 0.486704230309, "dvar": 0.112935870886, "dvar2": 0.23662930727, "max": 6.10895299911, "mean": 0.830074071884, "median": 0.738054633141, "min": -3.97500276566, "var": 0.955569803715}, "erbbands_spread": {"dmean": 4.47099494934, "dmean2": 6.41995811462, "dvar": 69.3201065063, "dvar2": 129.244491577, "max": 162.500366211, "mean": 21.4063796997, "median": 16.1091136932, "min": 0.671435654163, "var": 346.879364014}, "hfc": {"dmean": 2.65480947495, "dmean2": 3.55685400963, "dvar": 35.4945869446, "dvar2": 62.8593177795, "max": 166.906692505, "mean": 11.2705831528, "median": 5.29307126999, "min": 1.14103424513e-16, "var": 300.023895264}, "melbands_crest": {"dmean": 2.2623898983, "dmean2": 3.61862945557, "dvar": 4.65702724457, "dvar2": 11.78358078, "max": 31.299577713, "mean": 13.9235277176, "median": 13.0465373993, "min": 1.63620305061, "var": 25.2698307037}, "melbands_flatness_db": {"dmean": 0.0204236339778, "dmean2": 0.0295591801405, "dvar": 0.000516659696586, "dvar2": 0.000952871167101, "max": 0.75472933054, "mean": 0.34236857295, "median": 0.313540577888, "min": 0.00285120517947, "var": 0.0190652646124}, "melbands_kurtosis": {"dmean": 3.49008822441, "dmean2": 5.40367650986, "dvar": 38.4661827087, "dvar2": 96.0863876343, "max": 164.597412109, "mean": 9.17985343933, "median": 4.86857557297, "min": -1.80369007587, "var": 163.649398804}, "melbands_skewness": {"dmean": 0.426440626383, "dmean2": 0.6387373209, "dvar": 0.234139308333, "dvar2": 0.529208183289, "max": 9.70655250549, "mean": 1.80777287483, "median": 1.61407852173, "min": -2.16414499283, "var": 1.7591252327}, "melbands_spread": {"dmean": 2.82125163078, "dmean2": 4.02577209473, "dvar": 29.4058933258, "dvar2": 55.7702941895, "max": 170.424301147, "mean": 12.4556283951, "median": 8.377409935, "min": 0.759924173355, "var": 182.903396606}, "pitch_salience": {"dmean": 0.0512519329786, "dmean2": 0.0820751786232, "dvar": 0.00228738621809, "dvar2": 0.0059121879749, "max": 0.951271831989, "mean": 0.55701225996, "median": 0.563287734985, "min": 0.155454218388, "var": 0.0116058876738}, "silence_rate_20dB": {"dmean": 0, "dmean2": 0, "dvar": 0, "dvar2": 0, "max": 1, "mean": 1, "median": 1, "min": 1, "var": 0}, "silence_rate_30dB": {"dmean": 0.000177920112037, "dmean2": 0.000355871889042, "dvar": 0.000177873647772, "dvar2": 0.000533621932846, "max": 1, "mean": 0.99991106987, "median": 1, "min": 0, "var": 8.89405273483e-05}, "silence_rate_60dB": {"dmean": 0.0218841731548, "dmean2": 0.0437722429633, "dvar": 0.0214008875191, "dvar2": 0.04915291816, "max": 1, "mean": 0.127913177013, "median": 0, "min": 0, "var": 0.11154769361}, "spectral_centroid": {"dmean": 101.795837402, "dmean2": 141.02130127, "dvar": 35444.6601562, "dvar2": 59290.5273438, "max": 11439.5986328, "mean": 706.61907959, "median": 511.662139893, "min": 196.499908447, "var": 357339.875}, "spectral_complexity": {"dmean": 1.45698785782, "dmean2": 2.33309602737, "dvar": 2.8310918808, "dvar2": 5.80130910873, "max": 40, "mean": 10.849404335, "median": 10, "min": 0, "var": 39.0569763184}, "spectral_decrease": {"dmean": 8.13874634353e-10, "dmean2": 1.21906440498e-09, "dvar": 1.46805781728e-18, "dvar2": 3.09185533914e-18, "max": 1.34915244464e-28, "mean": -4.18143741854e-09, "median": -2.96336288841e-09, "min": -2.67995616809e-08, "var": 1.55148758474e-17}, "spectral_energy": {"dmean": 0.00324652623385, "dmean2": 0.00483762985095, "dvar": 2.38949032791e-05, "dvar2": 4.95208259963e-05, "max": 0.110200807452, "mean": 0.0168039407581, "median": 0.011710703373, "min": 1.03534513735e-20, "var": 0.000260332686594}, "spectral_energyband_high": {"dmean": 0.000107210529677, "dmean2": 0.00014110020129, "dvar": 1.962823859e-07, "dvar2": 3.40572853474e-07, "max": 0.0185198653489, "mean": 0.000229165918427, "median": 8.73869430507e-06, "min": 7.31391885929e-21, "var": 6.28329530628e-07}, "spectral_energyband_low": {"dmean": 0.000644469808321, "dmean2": 0.00108193524648, "dvar": 1.12411566988e-06, "dvar2": 3.40599058291e-06, "max": 0.02194166556, "mean": 0.00223514134996, "median": 0.00128843262792, "min": 4.16833534339e-23, "var": 6.27692406852e-06}, "spectral_energyband_middle_high": {"dmean": 0.000944321160205, "dmean2": 0.00123652175535, "dvar": 6.49853700452e-06, "dvar2": 1.18208381537e-05, "max": 0.0692938268185, "mean": 0.00331185362302, "median": 0.000663585145958, "min": 1.3009166025e-21, "var": 6.02916843491e-05}, "spectral_energyband_middle_low": {"dmean": 0.00272490945645, "dmean2": 0.0041341423057, "dvar": 1.70138591784e-05, "dvar2": 3.82679172617e-05, "max": 0.0924240872264, "mean": 0.0115004293621, "median": 0.0087153762579, "min": 1.77995936703e-22, "var": 0.000113760856038}, "spectral_entropy": {"dmean": 0.141019493341, "dmean2": 0.207397282124, "dvar": 0.033371321857, "dvar2": 0.0596138089895, "max": 9.81471252441, "mean": 6.36766862869, "median": 6.47536611557, "min": 4.04070138931, "var": 0.636242210865}, "spectral_flux": {"dmean": 0.0118953762576, "dmean2": 0.0193143915385, "dvar": 0.000224345290917, "dvar2": 0.00056286319159, "max": 0.268779218197, "mean": 0.0432105846703, "median": 0.0342037454247, "min": 6.4919375431e-11, "var": 0.00118957762606}, "spectral_kurtosis": {"dmean": 18.1913070679, "dmean2": 31.0685005188, "dvar": 1644.88500977, "dvar2": 4873.54589844, "max": 784.174743652, "mean": 61.8791351318, "median": 15.6675519943, "min": -1.39647257328, "var": 12288.5048828}, "spectral_rms": {"dmean": 0.000363006140105, "dmean2": 0.000538962078281, "dvar": 1.82356103551e-07, "dvar2": 3.66539637753e-07, "max": 0.0103688463569, "mean": 0.00362266879529, "median": 0.00338010024279, "min": 3.17819577079e-12, "var": 3.27031352754e-06}, "spectral_rolloff": {"dmean": 211.736129761, "dmean2": 356.866516113, "dvar": 598280.875, "dvar2": 1252130.5, "max": 19401.4160156, "mean": 952.044677734, "median": 538.330078125, "min": 107.666015625, "var": 2155060.5}, "spectral_skewness": {"dmean": 0.734928190708, "dmean2": 1.21660113335, "dvar": 1.3603053093, "dvar2": 3.82664442062, "max": 21.2571258545, "mean": 4.6351108551, "median": 3.03912258148, "min": -0.0622464641929, "var": 17.0043926239}, "spectral_spread": {"dmean": 451828.1875, "dmean2": 636259.9375, "dvar": 659933233152, "dvar2": 1016947867650.0, "max": 42088356, "mean": 2927081.5, "median": 2335458.5, "min": 104152.609375, "var": 6517334999040.0}, "spectral_strongpeak": {"dmean": 0.374433964491, "dmean2": 0.615926027298, "dvar": 0.630753576756, "dvar2": 1.4351965189, "max": 15.3308000565, "mean": 1.05063164234, "median": 0.707664906979, "min": 0, "var": 1.88328337669}, "zerocrossingrate": {"dmean": 0.00539637450129, "dmean2": 0.00608240300789, "dvar": 0.000119330310554, "dvar2": 0.000123805686599, "max": 0.52880859375, "mean": 0.0362496487796, "median": 0.02490234375, "min": 0.00537109375, "var": 0.00168334203772}, "barkbands": {"dmean": [1.96830915229e-05, 0.000326610606862, 0.000314744887874, 0.000338084239047, 0.0014257109724, 0.000769663776737, 0.000790059391875, 0.000701284152456, 0.000346277811332, 0.000411026470829, 0.000196964698262, 0.000247696531005, 0.000177180379978, 0.000123334248201, 0.000176142988494, 0.000101440113212, 0.000117241703265, 8.37431070977e-05, 4.36457703472e-05, 3.24840984831e-05, 2.65161907009e-05, 1.04801329144e-05, 1.3677718016e-05, 2.94893470709e-05, 2.94466317428e-05, 8.38198957354e-06, 7.18166290881e-07], "dmean2": [3.19910250255e-05, 0.000560711778235, 0.00052531278925, 0.000551159319002, 0.00224988698028, 0.00120798521675, 0.00118921720423, 0.000966505671386, 0.000507311313413, 0.000569742755033, 0.000297252787277, 0.000371010275558, 0.000258952582953, 0.000184677526704, 0.000260673084995, 0.000150009756908, 0.000167892576428, 0.00012317027722, 6.57799828332e-05, 4.84982592752e-05, 3.25882720063e-05, 1.44919958984e-05, 1.99274163606e-05, 4.09807107644e-05, 4.32280139648e-05, 1.21941202451e-05, 1.0979167655e-06], "dvar": [3.77387765482e-09, 4.45080843292e-07, 4.05397742043e-07, 5.23690459886e-07, 6.37112725599e-06, 2.0490397219e-06, 4.21514732807e-06, 4.49440403827e-06, 1.1257660617e-06, 2.10439316106e-06, 5.33445870587e-07, 9.58521127359e-07, 4.61287356757e-07, 2.37726922592e-07, 1.02931664969e-06, 4.72554376074e-07, 4.69894672506e-07, 1.35741643703e-07, 3.00270031062e-08, 3.14095558451e-08, 2.42673277029e-08, 3.20092752304e-09, 8.2571869342e-09, 4.34166587127e-08, 2.1519779736e-08, 2.44114573e-09, 1.29970903831e-11], "dvar2": [9.13245390421e-09, 1.33384821766e-06, 1.27865655486e-06, 1.4115163367e-06, 1.6381018213e-05, 5.42925772606e-06, 9.17407487577e-06, 8.60626551002e-06, 2.67824930233e-06, 4.20198830398e-06, 1.24305029203e-06, 2.11814199247e-06, 9.36950925734e-07, 5.41604777027e-07, 2.37292010752e-06, 1.1265408375e-06, 9.83734025795e-07, 2.85546263967e-07, 7.20305948221e-08, 6.7545350646e-08, 3.24576632238e-08, 7.11182979174e-09, 1.92914413333e-08, 8.82784760847e-08, 4.08061353596e-08, 4.7626649291e-09, 3.11064472791e-11], "max": [0.00206492329016, 0.0123172914609, 0.0130016468465, 0.018494034186, 0.0769458562136, 0.0346864536405, 0.0541380234063, 0.0700631737709, 0.02638149634, 0.0609676651657, 0.0264144986868, 0.0406406000257, 0.025491874665, 0.0151632521302, 0.0455321110785, 0.0381201691926, 0.0300461649895, 0.0137514770031, 0.0082987351343, 0.00807346217334, 0.00814757030457, 0.00253251963295, 0.00551645550877, 0.0127465073019, 0.00634257961065, 0.00240761204623, 0.000190315331565], "mean": [7.48612146708e-05, 0.00108908012044, 0.000732303131372, 0.000745294848457, 0.00366558786482, 0.0024700104259, 0.00175359973218, 0.00188184715807, 0.000702311808709, 0.000977509538643, 0.000382113474188, 0.00050591211766, 0.000345208332874, 0.00021998565353, 0.000303379318211, 0.00016630103346, 0.00024287996348, 0.000169288250618, 9.53440394369e-05, 6.80702796672e-05, 5.24718998349e-05, 1.89295315067e-05, 2.26025586016e-05, 5.05175776198e-05, 5.14350176672e-05, 1.55655070557e-05, 1.55939869728e-06], "median": [3.12616407427e-07, 0.000337357399985, 0.000447463215096, 0.000273336016107, 0.00169100379571, 0.00135505816434, 0.000538484775461, 0.000614853110164, 0.000174513130332, 0.0001315754198, 5.95377132413e-05, 3.93666123273e-05, 3.18935381074e-05, 1.95304928639e-05, 2.32443853747e-05, 1.26230515889e-05, 1.42123362821e-05, 1.0769869732e-05, 6.20841819909e-06, 2.53394910033e-06, 1.00458930774e-06, 5.08517132403e-07, 5.31610112375e-07, 3.96868244934e-07, 2.30621495234e-07, 9.67855271483e-08, 3.66173971145e-08], "min": [1.29550622995e-24, 1.48780507788e-23, 5.0081378882e-24, 2.44073702126e-24, 1.7806540695e-23, 1.91363361447e-23, 1.69501816953e-23, 1.6595749646e-23, 1.23302627689e-23, 2.49849761396e-23, 3.41538527984e-23, 4.99371735308e-23, 2.09459641286e-23, 3.09343946928e-23, 5.64013837781e-23, 6.46498901079e-23, 7.84654888201e-23, 1.37438224672e-22, 1.74923380275e-22, 2.61495096472e-22, 3.27585433972e-22, 3.85741572569e-22, 4.10183638856e-22, 6.98892997677e-22, 8.89651126104e-22, 1.35352678387e-21, 2.31169718176e-21], "var": [3.27475682127e-08, 2.77076537714e-06, 8.73771170973e-07, 1.52706400058e-06, 3.10029208777e-05, 9.68109998212e-06, 1.30515982164e-05, 1.50060695887e-05, 2.50428297477e-06, 1.12706275104e-05, 1.28653459797e-06, 4.00754197472e-06, 1.29973955154e-06, 5.97628684318e-07, 2.90010757453e-06, 6.53663335015e-07, 1.9237950255e-06, 3.91370292618e-07, 9.36309021426e-08, 1.0346688839e-07, 9.32457595582e-08, 6.75975631026e-09, 1.38519808957e-08, 1.03312522981e-07, 5.28337444905e-08, 6.67643096364e-09, 4.86673930322e-11]}, "erbbands": {"dmean": [0.00939126592129, 0.0787111893296, 0.288054913282, 0.753126740456, 2.14593434334, 6.2167057991, 6.38465833664, 6.94421434402, 9.73050880432, 13.2120943069, 13.3496017456, 9.3083782196, 9.287358284, 11.4910554886, 8.26066493988, 11.0923986435, 7.78311109543, 6.98879671097, 10.4141263962, 4.46444749832, 4.91808748245, 4.60675954819, 4.1558675766, 3.04051828384, 2.05744147301, 1.53176569939, 1.06674277782, 0.696277439594, 0.334373146296, 0.356988340616, 0.413494348526, 0.590004742146, 0.518297851086, 0.422777444124, 0.161841079593, 0.0433348156512, 0.016056753695, 0.00209051626734, 0.000106922962004, 7.14863563189e-06], "dmean2": [0.0159895792603, 0.134950041771, 0.485957056284, 1.22677671909, 3.54855108261, 9.84360027313, 9.60045623779, 11.2321739197, 14.722073555, 19.5850772858, 17.9586582184, 13.2859182358, 13.3364181519, 15.3647174835, 12.2884845734, 16.4935092926, 11.2591342926, 10.4324007034, 15.1415643692, 6.22502803802, 7.3621134758, 6.53376626968, 5.91775274277, 4.57659053802, 2.92765307426, 2.24210691452, 1.31740307808, 0.886154711246, 0.469800204039, 0.500135958195, 0.584720313549, 0.824185013771, 0.736617803574, 0.623965024948, 0.237910971045, 0.0617567710578, 0.023712027818, 0.00323263625614, 0.000156606809469, 1.02665762824e-05], "dvar": [0.000434597342974, 0.0247137192637, 0.304303228855, 2.18485665321, 19.03125, 156.846435547, 171.772476196, 169.011962891, 589.148376465, 1346.30151367, 1878.61486816, 795.207275391, 1222.70324707, 2051.0859375, 1055.51977539, 2042.33398438, 902.093383789, 709.630737305, 3747.32641602, 358.567810059, 901.660461426, 679.836303711, 280.006469727, 146.717514038, 77.1447525024, 83.4035110474, 51.5441474915, 11.4906539917, 3.7236726284, 3.89991497993, 7.36884641647, 24.4896030426, 9.88768959045, 4.34573030472, 0.860975682735, 0.108042426407, 0.00778448628262, 0.000119699994684, 2.21188557248e-07, 3.75808217878e-10], "dvar2": [0.00126160297077, 0.0748865753412, 0.946877241135, 6.08226490021, 54.4473304749, 407.518554688, 378.160064697, 479.682281494, 1396.50195312, 2725.15161133, 3534.03881836, 1876.63037109, 2622.90649414, 3898.20825195, 2458.59472656, 4448.26171875, 1847.37451172, 1667.60888672, 8622.35058594, 721.435119629, 2276.51977539, 1322.46484375, 566.170837402, 364.657440186, 145.848907471, 176.779266357, 68.0204162598, 16.6151161194, 8.84616851807, 9.06893730164, 15.7562580109, 50.7018508911, 19.549331665, 8.97965240479, 1.55919933319, 0.195331543684, 0.0173279605806, 0.000307432230329, 4.74610629908e-07, 7.7655781805e-10], "max": [0.50559258461, 2.59114074707, 10.5506153107, 33.9257774353, 113.518730164, 436.54800415, 328.815826416, 303.487213135, 610.256835938, 1001.11529541, 1937.2532959, 783.52734375, 1502.12158203, 2323.48510742, 1226.49584961, 2079.99926758, 1196.70996094, 891.073303223, 2814.75024414, 773.640258789, 1710.90002441, 1088.3626709, 743.956298828, 568.223144531, 506.523010254, 467.066345215, 421.006439209, 142.817245483, 92.4718170166, 97.6985397339, 179.660598755, 291.439117432, 191.772537231, 70.7921295166, 51.1750183105, 18.9670314789, 4.54162120819, 0.549167275429, 0.0183729361743, 0.000821361201815], "mean": [0.0372169241309, 0.222740188241, 0.736835718155, 1.85267269611, 5.09765434265, 14.5554876328, 17.5910816193, 23.1534347534, 24.3915367126, 31.7765598297, 36.6311569214, 21.1511859894, 20.7760887146, 28.7793464661, 18.3637886047, 24.2140045166, 15.8976078033, 14.6911373138, 19.0319824219, 8.6779794693, 10.8113660812, 10.0554666519, 9.66378498077, 6.74782466888, 4.74685573578, 3.18413853645, 2.07277846336, 1.48920834064, 0.581603109837, 0.64354789257, 0.705340743065, 0.967266976833, 0.884783446789, 0.723924160004, 0.277853786945, 0.071265399456, 0.0311885718256, 0.00455111078918, 0.000255798164289, 2.98146424029e-05], "median": [0.00308715435676, 0.093052521348, 0.461741775274, 1.05228495598, 1.94167983532, 5.8900346756, 7.62888240814, 11.4366130829, 9.6125125885, 12.0793542862, 11.2482280731, 6.65379190445, 4.06031513214, 3.45781707764, 3.09054136276, 2.0728905201, 1.7369992733, 1.37447738647, 1.4072688818, 1.08994340897, 0.91697371006, 0.774926900864, 0.66854262352, 0.438978254795, 0.291952252388, 0.145295858383, 0.0697006881237, 0.0303820259869, 0.0203381180763, 0.0154568571597, 0.0163879301399, 0.00884983316064, 0.00635562092066, 0.0031528682448, 0.00141411286313, 0.000501117436215, 0.000172150175786, 4.71400126116e-05, 1.32525892695e-05, 1.49664865603e-05], "min": [2.52437610129e-22, 2.28979002217e-21, 4.62150251098e-21, 1.8944949881e-20, 2.31423938889e-20, 4.94529250668e-20, 9.75535520038e-20, 2.08301306862e-19, 2.99552757187e-19, 2.94358218036e-19, 5.05098815901e-19, 3.23451762842e-19, 4.82759407592e-19, 7.90065587154e-19, 2.04805432213e-18, 2.37542511162e-18, 1.29921836354e-18, 1.85984033389e-18, 4.4640613282e-18, 3.18058679665e-18, 6.48388252846e-18, 5.04197892137e-18, 7.58012100604e-18, 8.82969560812e-18, 7.44309109294e-18, 1.31314616186e-17, 1.42854339942e-17, 1.14992448457e-17, 1.20567778134e-17, 1.44795269619e-17, 1.09066650625e-17, 1.16724986521e-17, 1.30041312254e-17, 8.60616245529e-18, 6.95777430139e-18, 4.04097043899e-18, 2.7806743354e-18, 1.22130229253e-18, 2.76848975818e-19, 3.16302751001e-20], "var": [0.0048569617793, 0.102138951421, 0.797581136227, 6.29291057587, 76.4166259766, 633.689819336, 788.333374023, 984.620788574, 1814.72497559, 3926.77929688, 7358.02587891, 1866.35668945, 3925.23144531, 13001.5087891, 3028.43237305, 9397.08789062, 2491.09716797, 2240.48950195, 11169.1777344, 910.798461914, 2456.13305664, 2799.22680664, 1153.09680176, 479.564361572, 248.694488525, 228.491821289, 169.30317688, 58.2078475952, 5.92578744888, 7.12154388428, 14.1931552887, 46.8369102478, 25.7427864075, 10.2681922913, 1.88891267776, 0.223204538226, 0.027976391837, 0.000451771484222, 9.88273541225e-07, 2.76220091244e-09]}, "gfcc": {"mean": [-131.683898926, 163.479415894, -97.9362869263, -13.4349079132, -52.751083374, -10.1244497299, -43.1769599915, 1.81156814098, -20.9179477692, -6.88487625122, -6.51917743683, -8.52844619751, -8.66373443604], "cov": [[24955.7246094, -6113.93164062, -3250.44238281, 2425.79907227, -1177.86962891, 807.43145752, -1159.19360352, 1515.11169434, -1098.50280762, 517.931518555, 20.253036499, 404.313934326, -157.822250366], [-6113.93164062, 4997.00146484, 943.993835449, -1556.75585938, 926.528320312, -387.746429443, 752.23449707, -705.779785156, 639.78326416, -202.69631958, 156.599090576, -273.062042236, 114.559860229], [-3250.44238281, 943.993835449, 1189.95361328, -429.704650879, 175.308456421, 47.7885704041, 35.1900672913, -108.17363739, 133.893386841, -51.5503120422, 35.0635108948, -71.7697982788, -34.0733718872], [2425.79907227, -1556.75585938, -429.704650879, 1215.52099609, -287.718597412, 161.082626343, -53.2035255432, 192.274688721, -32.980796814, 73.7851638794, -106.488868713, 157.617507935, 48.5802536011], [-1177.86962891, 926.528320312, 175.308456421, -287.718597412, 504.496917725, 3.82872509956, 164.983535767, -4.76683807373, 87.9204483032, -1.49042844772, 85.4244766235, -46.6973838806, 31.583026886], [807.43145752, -387.746429443, 47.7885704041, 161.082626343, 3.82872509956, 319.71182251, 26.0302295685, 135.815689087, -90.830039978, 58.7745437622, 28.2769947052, 15.2968635559, -14.700553894], [-1159.19360352, 752.23449707, 35.1900672913, -53.2035255432, 164.983535767, 26.0302295685, 439.018951416, -132.553833008, 136.519897461, 14.8995227814, -9.43330764771, 9.69914913177, 45.1948165894], [1515.11169434, -705.779785156, -108.17363739, 192.274688721, -4.76683807373, 135.815689087, -132.553833008, 343.225494385, -115.223167419, 55.1545562744, 53.5195503235, 13.5845060349, -30.0558280945], [-1098.50280762, 639.78326416, 133.893386841, -32.980796814, 87.9204483032, -90.830039978, 136.519897461, -115.223167419, 286.906616211, 1.91626942158, -27.7678050995, 1.33855211735, 52.9365005493], [517.931518555, -202.69631958, -51.5503120422, 73.7851638794, -1.49042844772, 58.7745437622, 14.8995227814, 55.1545562744, 1.91626942158, 104.696609497, 24.092912674, 24.838514328, 5.62734413147], [20.253036499, 156.599090576, 35.0635108948, -106.488868713, 85.4244766235, 28.2769947052, -9.43330764771, 53.5195503235, -27.7678050995, 24.092912674, 133.665649414, -0.223984792829, 0.193044364452], [404.313934326, -273.062042236, -71.7697982788, 157.617507935, -46.6973838806, 15.2968635559, 9.69914913177, 13.5845060349, 1.33855211735, 24.838514328, -0.223984792829, 124.621131897, 37.1489486694], [-157.822250366, 114.559860229, -34.0733718872, 48.5802536011, 31.583026886, -14.700553894, 45.1948165894, -30.0558280945, 52.9365005493, 5.62734413147, 0.193044364452, 37.1489486694, 93.4512863159]], "icov": [[0.000157560702064, -0.000292202748824, 0.000390602188418, -0.000211309074075, 0.000285170652205, -0.000290969503112, 0.000493196304888, -0.000516684842296, 0.000408769410569, -0.000631406495813, 0.000366112828488, -0.000473030813737, 0.000323471642332], [-0.000292202748824, 0.00215454120189, -0.000941763690207, 0.00132481753826, -0.00161040993407, 0.000799174886197, -0.00222999788821, 0.00229237996973, -0.00262017617933, 0.00294848484918, -0.00246211583726, 0.00251753092743, -0.00137004978023], [0.000390602188418, -0.000941763690207, 0.00219677807763, -0.000271159427939, 0.000675693911035, -0.0016152827302, 0.00175974878948, -0.00114648358431, 0.000357356417226, -0.00118104927242, 0.00102740549482, -0.00150218722411, 0.00151755998377], [-0.000211309074075, 0.00132481753826, -0.000271159427939, 0.00241378950886, -0.000429550767876, -0.000187199810171, -0.0014159665443, 0.000643044360913, -0.00215279031545, 0.00184897182044, -0.000347205408616, 0.000338813959388, -0.00135310098995], [0.000285170652205, -0.00161040993407, 0.000675693911035, -0.000429550767876, 0.00451000127941, -0.000717308197636, 0.000586578098591, -0.00280625512823, 0.00138340599369, -0.00188097765204, 0.000383325706935, -0.00108087435365, -0.000139344047057], [-0.000290969503112, 0.000799174886197, -0.0016152827302, -0.000187199810171, -0.000717308197636, 0.00588098773733, -0.00246648467146, -0.000293416873319, 0.00102045189124, -0.000570600037463, -0.0011411299929, 0.00159567384981, -0.000872350414284], [0.000493196304888, -0.00222999788821, 0.00175974878948, -0.0014159665443, 0.000586578098591, -0.00246648467146, 0.00632694736123, -0.00104797002859, 0.00151272932999, -0.00387185742147, 0.00296554411761, -0.00326218712144, 0.00162812927738], [-0.000516684842296, 0.00229237996973, -0.00114648358431, 0.000643044360913, -0.00280625512823, -0.000293416873319, -0.00104797002859, 0.00823495723307, -0.00225624954328, 0.00219999440014, -0.00416943989694, 0.00310916942544, -0.000459219503682], [0.000408769410569, -0.00262017617933, 0.000357356417226, -0.00215279031545, 0.00138340599369, 0.00102045189124, 0.00151272932999, -0.00225624954328, 0.00929770153016, -0.00546569563448, 0.00402255961671, -0.00244595692493, -0.000586132227909], [-0.000631406495813, 0.00294848484918, -0.00118104927242, 0.00184897182044, -0.00188097765204, -0.000570600037463, -0.00387185742147, 0.00219999440014, -0.00546569563448, 0.0171870440245, -0.005634653382, 0.00204259203747, -0.00168579281308], [0.000366112828488, -0.00246211583726, 0.00102740549482, -0.000347205408616, 0.000383325706935, -0.0011411299929, 0.00296554411761, -0.00416943989694, 0.00402255961671, -0.005634653382, 0.0134825818241, -0.00417928257957, 0.000801604823209], [-0.000473030813737, 0.00251753092743, -0.00150218722411, 0.000338813959388, -0.00108087435365, 0.00159567384981, -0.00326218712144, 0.00310916942544, -0.00244595692493, 0.00204259203747, -0.00417928257957, 0.0144642135128, -0.00589363044128], [0.000323471642332, -0.00137004978023, 0.00151755998377, -0.00135310098995, -0.000139344047057, -0.000872350414284, 0.00162812927738, -0.000459219503682, -0.000586132227909, -0.00168579281308, 0.000801604823209, -0.00589363044128, 0.0159327872097]]}, "melbands": {"dmean": [8.6507476226e-05, 0.000128680243506, 0.000152894441271, 0.000290929252515, 0.000244065115112, 0.00015149328101, 0.000155296409503, 0.000144629040733, 0.000100747842225, 5.65956470382e-05, 4.70546838187e-05, 4.98307381349e-05, 2.67582418019e-05, 2.99727817037e-05, 1.95096545212e-05, 1.8474076569e-05, 1.33563253257e-05, 1.67679263541e-05, 8.75466230355e-06, 8.05539821158e-06, 6.33959325569e-06, 6.06520552537e-06, 4.09087488151e-06, 4.5742040129e-06, 2.52692939284e-06, 1.52019163124e-06, 1.68249414401e-06, 8.55466566918e-07, 4.48419569921e-07, 8.92778132311e-07, 3.01711764905e-07, 1.91659196958e-07, 2.15307423446e-07, 1.81755268613e-07, 2.13886295342e-07, 3.65128727253e-07, 3.73758439309e-07, 3.75393909735e-07, 3.7438144318e-07, 3.88548102137e-07], "dmean2": [0.000148217295646, 0.000217914086534, 0.000251943944022, 0.000469625840196, 0.000371244532289, 0.000242916459683, 0.000232976584812, 0.000212340950384, 0.000136442278745, 8.15048333607e-05, 6.76723793731e-05, 6.70288864058e-05, 3.97638395953e-05, 4.43135249952e-05, 2.84104735329e-05, 2.68006533588e-05, 2.01825205295e-05, 2.46774816333e-05, 1.29076879603e-05, 1.15894763439e-05, 9.67067899182e-06, 8.82445237949e-06, 5.93115328229e-06, 6.76538047628e-06, 3.87384034184e-06, 2.19858088712e-06, 2.49885215453e-06, 1.27323448851e-06, 5.87380952766e-07, 1.06217567009e-06, 4.16515632651e-07, 2.78223581063e-07, 3.06355502744e-07, 2.61059341256e-07, 3.08778055569e-07, 5.30017018718e-07, 5.33824220383e-07, 5.46612852759e-07, 5.45910097571e-07, 5.8755858845e-07], "dvar": [3.38032180025e-08, 5.25456940181e-08, 8.51455084216e-08, 3.09323070269e-07, 2.10563797509e-07, 7.76909985234e-08, 1.49451821585e-07, 1.6316604956e-07, 1.0538233397e-07, 3.11215622162e-08, 3.12304599959e-08, 3.9983483191e-08, 1.08970663604e-08, 1.23022561027e-08, 5.86291903915e-09, 5.62292612472e-09, 2.75529488114e-09, 9.29345134182e-09, 1.88094828601e-09, 2.94756663521e-09, 1.33297450855e-09, 1.57524404631e-09, 3.75180719825e-10, 3.66008945374e-10, 1.20354323729e-10, 3.05712989646e-11, 7.50587300646e-11, 2.89412122739e-11, 8.11259479733e-12, 3.58954706237e-11, 1.98736686829e-12, 1.40726666431e-12, 1.20003681471e-12, 1.3430411297e-12, 1.45622652391e-12, 8.80009953796e-12, 1.19561036419e-11, 6.70947802525e-12, 3.58181214723e-12, 3.71785892003e-12], "dvar2": [1.00378748868e-07, 1.63420622812e-07, 2.36898671346e-07, 8.28570421163e-07, 4.7834595307e-07, 2.17090985188e-07, 3.47491493358e-07, 3.26577975329e-07, 1.99317653937e-07, 7.35580982791e-08, 6.67242261443e-08, 7.60437757208e-08, 2.50671003954e-08, 2.71011426634e-08, 1.1814271339e-08, 1.16167626629e-08, 6.4948317835e-09, 2.1871358058e-08, 4.20509094212e-09, 6.66690835871e-09, 3.35907168747e-09, 3.26102367332e-09, 8.03053568088e-10, 8.40201963559e-10, 3.14661213752e-10, 6.30551721947e-11, 1.49730727816e-10, 6.21876300455e-11, 1.10774020165e-11, 4.68604495485e-11, 3.78213606267e-12, 3.49370944501e-12, 2.64478738389e-12, 3.32074363667e-12, 3.08641784005e-12, 1.87552976622e-11, 2.77137097993e-11, 1.42205648299e-11, 7.52686194622e-12, 8.07189211305e-12], "max": [0.00397785333917, 0.00395022239536, 0.00607945490628, 0.0206860564649, 0.0129189491272, 0.00601938739419, 0.00991788692772, 0.0132407518104, 0.0149494986981, 0.00444402871653, 0.00745465885848, 0.0102398404852, 0.00405138591304, 0.00469411443919, 0.00341160898097, 0.00291551789269, 0.00170057953801, 0.00427740998566, 0.00161966204178, 0.00278045982122, 0.00176901672967, 0.00153955630958, 0.000810061232187, 0.000708447536454, 0.000572702789214, 0.000232480000705, 0.000493524188641, 0.000272246194072, 0.000163906210219, 0.000311529409373, 3.94248963858e-05, 5.98301921855e-05, 4.10748398281e-05, 6.28543857601e-05, 6.72559835948e-05, 0.000210985555896, 0.000221079128096, 0.000164714889252, 6.55340700177e-05, 6.56288175378e-05], "mean": [0.000310099916533, 0.000360116304364, 0.000393637630623, 0.00068638229277, 0.000679224147461, 0.000493137224112, 0.000377305346774, 0.000356583623216, 0.000270484248176, 0.00011913603521, 0.0001018858311, 0.000120719290862, 5.37720225111e-05, 6.43548701191e-05, 4.05373175454e-05, 3.55856536771e-05, 2.51723613474e-05, 2.96046073345e-05, 1.50584264702e-05, 1.31832048282e-05, 1.34940391945e-05, 1.1780017303e-05, 8.4665389295e-06, 9.4311490102e-06, 4.94973392051e-06, 3.23478775499e-06, 3.54380313183e-06, 1.66971460658e-06, 8.0477479969e-07, 1.83981410373e-06, 6.0083129938e-07, 3.12292627314e-07, 3.80030257929e-07, 3.0448862276e-07, 3.61434814522e-07, 5.73070565224e-07, 5.75932062929e-07, 6.13709687514e-07, 6.01441854542e-07, 6.36276922705e-07], "median": [6.32552619209e-05, 0.000224431889364, 0.000201627757633, 0.000281234591966, 0.000319542188663, 0.000259353604633, 0.000135177499033, 0.000140628108056, 7.83344148658e-05, 3.199094499e-05, 1.76912872121e-05, 1.2102565961e-05, 8.75373734743e-06, 6.79222284816e-06, 3.97010489905e-06, 3.0442215575e-06, 2.16207672565e-06, 2.05785113394e-06, 1.42329690789e-06, 1.16237993097e-06, 9.49891045821e-07, 7.06421928953e-07, 5.38114193205e-07, 5.14455109624e-07, 2.38425513999e-07, 2.02869387067e-07, 1.31004441073e-07, 6.81908289835e-08, 3.74452113761e-08, 1.8841276983e-08, 1.2994248344e-08, 1.15011165036e-08, 7.26098248194e-09, 6.79238354451e-09, 8.80007267057e-09, 5.44729816809e-09, 4.49767512123e-09, 4.63259741679e-09, 3.00382740903e-09, 2.43735653882e-09], "min": [3.18412344795e-24, 2.79811428272e-24, 3.45734384476e-24, 3.06615403274e-24, 4.4161115839e-24, 5.05985403142e-24, 5.35522445915e-24, 2.65254183558e-24, 4.20249948924e-24, 1.66887981564e-24, 1.94003911611e-24, 2.6821109061e-24, 6.07235266454e-24, 7.68096824018e-24, 3.97096999685e-24, 2.84438807456e-24, 2.35645571379e-24, 6.02907654414e-24, 3.0848604886e-24, 6.43066433174e-24, 6.57018897676e-24, 4.17707962987e-24, 4.30509203326e-24, 6.25819488317e-24, 6.19986453569e-24, 5.37811878034e-24, 5.79945333413e-24, 7.22028767103e-24, 7.51222379281e-24, 6.96603385697e-24, 5.88489564763e-24, 7.29260333907e-24, 6.63982330658e-24, 8.46315143784e-24, 6.21906264911e-24, 5.89736162209e-24, 7.48688242509e-24, 8.4637091625e-24, 8.03115148462e-24, 5.94001296465e-24], "var": [2.68778848067e-07, 1.69617180745e-07, 2.92142999569e-07, 1.09979350782e-06, 1.14154443054e-06, 4.143506942e-07, 4.7586379992e-07, 4.75148482337e-07, 4.12870321043e-07, 7.13034182809e-08, 1.00160939098e-07, 2.51732416245e-07, 2.76381832975e-08, 5.39205089467e-08, 2.15192645925e-08, 1.5003315923e-08, 7.27718063587e-09, 2.6721327373e-08, 4.61363391935e-09, 4.34661906468e-09, 5.05631625458e-09, 5.09314457275e-09, 1.26734533978e-09, 1.22353149834e-09, 3.17926712734e-10, 1.00217494026e-10, 2.54185533732e-10, 7.36404132118e-11, 2.42727296595e-11, 1.48717649306e-10, 7.82887730338e-12, 1.90054027203e-12, 2.72277903349e-12, 1.83944634698e-12, 2.89446678431e-12, 1.64644305134e-11, 1.85948634962e-11, 1.56696426667e-11, 8.26232571943e-12, 8.06723177843e-12]}, "mfcc": {"mean": [-765.413208008, 187.581329346, 14.3051738739, 3.02445411682, 2.83812260628, -15.5324106216, -6.31608819962, -6.90435886383, -10.385471344, -2.53096914291, -2.93990159035, -2.79026651382, -2.62382745743], "cov": [[12847.3310547, -1920.20715332, -2464.38012695, 225.01914978, 685.466491699, -766.287597656, 428.130493164, 204.842651367, -223.602844238, 178.552856445, -103.299659729, -51.0711784363, 4.02897644043], [-1920.20715332, 2989.05053711, 162.777267456, -216.772979736, -69.1603088379, 307.418334961, 121.648506165, -54.8222465515, 61.8916282654, 15.4814500809, 130.246536255, 58.2692947388, -5.49590110779], [-2464.38012695, 162.777267456, 1420.6184082, -94.3393249512, -123.569519043, 162.261703491, -127.155593872, -37.3954429626, 16.7804489136, -4.55996894836, 50.685382843, 31.6048145294, 3.35481715202], [225.01914978, -216.772979736, -94.3393249512, 497.386810303, -24.8497161865, 122.936248779, -110.370819092, 104.39200592, 136.837509155, -15.0763444901, -17.3922348022, 32.2707481384, 64.3800354004], [685.466491699, -69.1603088379, -123.569519043, -24.8497161865, 480.093505859, -180.457244873, 115.472946167, 36.0792312622, -46.8103141785, 80.7786560059, 1.70153713226, 17.0776920319, 16.7205123901], [-766.287597656, 307.418334961, 162.261703491, 122.936248779, -180.457244873, 409.555023193, -17.7479724884, 53.7026290894, 134.602752686, -11.6755228043, 55.8558273315, 16.028842926, 3.52188134193], [428.130493164, 121.648506165, -127.155593872, -110.370819092, 115.472946167, -17.7479724884, 351.802429199, 56.4700202942, -43.1294708252, 75.7045593262, 74.7841186523, -4.579662323, -28.398223877], [204.842651367, -54.8222465515, -37.3954429626, 104.39200592, 36.0792312622, 53.7026290894, 56.4700202942, 153.208908081, 66.5980758667, 18.8088989258, 25.3035755157, 17.2229385376, 26.0258674622], [-223.602844238, 61.8916282654, 16.7804489136, 136.837509155, -46.8103141785, 134.602752686, -43.1294708252, 66.5980758667, 178.720336914, 24.8115520477, 20.5272102356, 23.9012489319, 30.5550060272], [178.552856445, 15.4814500809, -4.55996894836, -15.0763444901, 80.7786560059, -11.6755228043, 75.7045593262, 18.8088989258, 24.8115520477, 124.774353027, 50.1924705505, 14.5733833313, 7.19955348969], [-103.299659729, 130.246536255, 50.685382843, -17.3922348022, 1.70153713226, 55.8558273315, 74.7841186523, 25.3035755157, 20.5272102356, 50.1924705505, 119.774253845, 25.4120025635, 5.43086290359], [-51.0711784363, 58.2692947388, 31.6048145294, 32.2707481384, 17.0776920319, 16.028842926, -4.579662323, 17.2229385376, 23.9012489319, 14.5733833313, 25.4120025635, 91.8051834106, 33.6759529114], [4.02897644043, -5.49590110779, 3.35481715202, 64.3800354004, 16.7205123901, 3.52188134193, -28.398223877, 26.0258674622, 30.5550060272, 7.19955348969, 5.43086290359, 33.6759529114, 93.167640686]], "icov": [[0.000147721497342, 6.48697678116e-05, 0.000220875139348, -5.13249615324e-05, -4.76264904137e-05, 9.13588373805e-05, -3.96347531932e-05, -0.000147022306919, 0.000165697361808, -0.000170207975316, 1.7783997464e-05, -2.96140970022e-05, 2.75128513749e-05], [6.48697678116e-05, 0.000445352925453, 0.000115062161058, 0.000234433129663, -0.000118697513244, -0.000340007245541, -0.000138248477015, 0.000251652498264, -0.000108366097265, 0.000121571581985, -0.000227997530601, -0.000233628306887, -9.70740584307e-05], [0.000220875139348, 0.000115062161058, 0.00116461131256, 0.000261632085312, -6.00232342549e-05, -0.000297075806884, 0.000456308625871, -0.000270310527412, 0.000476607325254, -0.000411867134972, -0.000328585680109, -0.000276378385024, 5.67967799725e-06], [-5.13249615324e-05, 0.000234433129663, 0.000261632085312, 0.00347501528449, -0.000251497520367, -0.000884592009243, 0.00103537878022, -0.0014860201627, -0.0012844708981, 0.000360169418855, 0.000379169709049, -0.000391568260966, -0.00107252353337], [-4.76264904137e-05, -0.000118697513244, -6.00232342549e-05, -0.000251497520367, 0.00314878579229, 0.00129336572718, -0.000608288741205, -0.000795094820205, 0.00044440018246, -0.00168406788725, 0.000720456475392, -0.000475496752188, -0.00029202591395], [9.13588373805e-05, -0.000340007245541, -0.000297075806884, -0.000884592009243, 0.00129336572718, 0.00487288320437, -0.000598423765041, -0.000467457866762, -0.00250141788274, 0.000819115957711, -0.00137465284206, 0.000222859423957, 0.000886450055987], [-3.96347531932e-05, -0.000138248477015, 0.000456308625871, 0.00103537878022, -0.000608288741205, -0.000598423765041, 0.00520498957485, -0.00268912618048, 0.00194262538571, -0.00189931457862, -0.00200477661565, 0.000437019451056, 0.00119974080008], [-0.000147022306919, 0.000251652498264, -0.000270310527412, -0.0014860201627, -0.000795094820205, -0.000467457866762, -0.00268912618048, 0.010840353556, -0.00350204925053, 0.00160196505021, -0.000862186483573, -0.000112985464511, -0.00151387322694], [0.000165697361808, -0.000108366097265, 0.000476607325254, -0.0012844708981, 0.00044440018246, -0.00250141788274, 0.00194262538571, -0.00350204925053, 0.0112471152097, -0.00381453358568, 0.000391532725189, -0.000596209953073, -0.000759049900807], [-0.000170207975316, 0.000121571581985, -0.000411867134972, 0.000360169418855, -0.00168406788725, 0.000819115957711, -0.00189931457862, 0.00160196505021, -0.00381453358568, 0.0128562692553, -0.00425774976611, -9.08881556825e-05, -0.000436100031948], [1.7783997464e-05, -0.000227997530601, -0.000328585680109, 0.000379169709049, 0.000720456475392, -0.00137465284206, -0.00200477661565, -0.000862186483573, 0.000391532725189, -0.00425774976611, 0.0131651293486, -0.0026503696572, -0.000320765655488], [-2.96140970022e-05, -0.000233628306887, -0.000276378385024, -0.000391568260966, -0.000475496752188, 0.000222859423957, 0.000437019451056, -0.000112985464511, -0.000596209953073, -9.08881556825e-05, -0.0026503696572, 0.0137594584376, -0.00410667294636], [2.75128513749e-05, -9.70740584307e-05, 5.67967799725e-06, -0.00107252353337, -0.00029202591395, 0.000886450055987, 0.00119974080008, -0.00151387322694, -0.000759049900807, -0.000436100031948, -0.000320765655488, -0.00410667294636, 0.0140605429187]]}, "spectral_contrast_coeffs": {"dmean": [0.0392764173448, 0.035690061748, 0.028714671731, 0.0260323975235, 0.0199196636677, 0.0172955635935], "dmean2": [0.0659208148718, 0.0583772547543, 0.0451535470784, 0.0408154353499, 0.0308850184083, 0.0266423262656], "dvar": [0.00108172069304, 0.00101678911597, 0.000673407048453, 0.000579789688345, 0.00033058563713, 0.000313757569529], "dvar2": [0.0030124404002, 0.00256460392848, 0.00153081223834, 0.00126901443582, 0.000680438533891, 0.000694618211128], "max": [-0.245561599731, -0.394576817751, -0.374637782574, -0.494832456112, -0.50360929966, -0.506252646446], "mean": [-0.584074735641, -0.67819672823, -0.734759390354, -0.750502943993, -0.770163655281, -0.816776931286], "median": [-0.592162370682, -0.681294083595, -0.737831711769, -0.755338251591, -0.775650620461, -0.829599261284], "min": [-0.980135381222, -0.978440403938, -0.975737690926, -0.97139954567, -0.962738037109, -0.966872990131], "var": [0.0105203855783, 0.00669143907726, 0.00423433352262, 0.00387351424433, 0.00406016781926, 0.00638142926618]}, "spectral_contrast_valleys": {"dmean": [0.32409158349, 0.274482607841, 0.246567636728, 0.233874946833, 0.214283034205, 0.302358180285], "dmean2": [0.55752325058, 0.454210996628, 0.395461946726, 0.373060375452, 0.324497520924, 0.438108295202], "dvar": [0.0896965637803, 0.0750826299191, 0.0598708800972, 0.0653046369553, 0.074995778501, 0.18678