{"lowlevel": {"average_loudness": 0.301470607519, "barkbands_crest": {"dmean": 1.50008404255, "dmean2": 2.19688344002, "dvar": 3.46361351013, "dvar2": 8.52086257935, "max": 26.5309562683, "mean": 17.13164711, "median": 17.2989597321, "min": 2.76044034958, "var": 37.4551620483}, "barkbands_flatness_db": {"dmean": 0.0243186987936, "dmean2": 0.0352220609784, "dvar": 0.00105862237979, "dvar2": 0.00220043235458, "max": 0.744799435139, "mean": 0.372478216887, "median": 0.358838051558, "min": 0.0383470207453, "var": 0.0173830650747}, "barkbands_kurtosis": {"dmean": 22.778547287, "dmean2": 32.8123130798, "dvar": 2827.22290039, "dvar2": 6110.92285156, "max": 809.111022949, "mean": 61.8759460449, "median": 8.55506420135, "min": -1.9041788578, "var": 12216.9863281}, "barkbands_skewness": {"dmean": 0.973614096642, "dmean2": 1.376101017, "dvar": 2.38501930237, "dvar2": 5.32988977432, "max": 23.7716464996, "mean": 4.39100074768, "median": 2.21788096428, "min": -3.31391954422, "var": 22.7091121674}, "barkbands_spread": {"dmean": 1.69052350521, "dmean2": 2.48801279068, "dvar": 21.2161045074, "dvar2": 44.8078956604, "max": 100.838722229, "mean": 5.11546897888, "median": 2.5046672821, "min": 0.0818900316954, "var": 88.5848693848}, "dissonance": {"dmean": 0.0328424349427, "dmean2": 0.0546030029655, "dvar": 0.00137659953907, "dvar2": 0.00351482862607, "max": 0.499999970198, "mean": 0.373198777437, "median": 0.404850006104, "min": 0.0858800336719, "var": 0.0102273505181}, "dynamic_complexity": 7.43081855774, "erbbands_crest": {"dmean": 2.18553709984, "dmean2": 3.20444464684, "dvar": 5.39607191086, "dvar2": 13.5662250519, "max": 30.2635250092, "mean": 12.9767990112, "median": 12.0220775604, "min": 2.56678009033, "var": 29.6184959412}, "erbbands_flatness_db": {"dmean": 0.0170531794429, "dmean2": 0.024413920939, "dvar": 0.000402690871852, "dvar2": 0.000889939605258, "max": 0.55958199501, "mean": 0.266311049461, "median": 0.25817579031, "min": 0.03631125018, "var": 0.0155026465654}, "erbbands_kurtosis": {"dmean": 1.90684747696, "dmean2": 2.50264930725, "dvar": 17.4244804382, "dvar2": 26.4516525269, "max": 229.460678101, "mean": 4.9697971344, "median": 0.823174476624, "min": -1.86747729778, "var": 318.162872314}, "erbbands_skewness": {"dmean": 0.363954246044, "dmean2": 0.501768648624, "dvar": 0.147960364819, "dvar2": 0.333550304174, "max": 11.6987085342, "mean": 0.98467451334, "median": 0.77766919136, "min": -2.09954619408, "var": 1.80550146103}, "erbbands_spread": {"dmean": 6.54257106781, "dmean2": 9.62366867065, "dvar": 162.74786377, "dvar2": 344.189178467, "max": 207.761367798, "mean": 30.2025642395, "median": 19.0778903961, "min": 0.624451518059, "var": 1060.02355957}, "hfc": {"dmean": 8.37337112427, "dmean2": 13.1485033035, "dvar": 912.986328125, "dvar2": 2245.55151367, "max": 842.649597168, "mean": 23.350812912, "median": 10.0024623871, "min": 1.21991140901e-16, "var": 1747.03881836}, "melbands_crest": {"dmean": 1.86344349384, "dmean2": 2.64134883881, "dvar": 4.00179338455, "dvar2": 9.66269493103, "max": 36.6277313232, "mean": 21.6954212189, "median": 21.0005912781, "min": 2.79756402969, "var": 56.522441864}, "melbands_flatness_db": {"dmean": 0.0269209165126, "dmean2": 0.03880090639, "dvar": 0.00139278394636, "dvar2": 0.00287001021206, "max": 0.893198132515, "mean": 0.498195707798, "median": 0.496082276106, "min": 0.00835048314184, "var": 0.0231778118759}, "melbands_kurtosis": {"dmean": 29.3195381165, "dmean2": 41.5541038513, "dvar": 4928.50878906, "dvar2": 10074.7578125, "max": 1616.82446289, "mean": 94.8266448975, "median": 12.5670509338, "min": -1.71719253063, "var": 26535.9726562}, "melbands_skewness": {"dmean": 0.975855112076, "dmean2": 1.38355374336, "dvar": 2.78542733192, "dvar2": 5.82533168793, "max": 29.6800880432, "mean": 5.12706613541, "median": 2.71999192238, "min": -1.42382359505, "var": 28.1023426056}, "melbands_spread": {"dmean": 1.5972173214, "dmean2": 2.2825756073, "dvar": 31.321762085, "dvar2": 52.7627067566, "max": 227.425537109, "mean": 5.15893697739, "median": 2.23318886757, "min": 0.136091351509, "var": 197.513275146}, "pitch_salience": {"dmean": 0.0456883832812, "dmean2": 0.0670960620046, "dvar": 0.0032240038272, "dvar2": 0.00727182999253, "max": 0.873208165169, "mean": 0.372487008572, "median": 0.388560861349, "min": 0.0445396602154, "var": 0.0372794494033}, "silence_rate_20dB": {"dmean": 0.0132780084386, "dmean2": 0.0265615265816, "dvar": 0.013101067394, "dvar2": 0.033738899976, "max": 1, "mean": 0.682638466358, "median": 1, "min": 0, "var": 0.216637432575}, "silence_rate_30dB": {"dmean": 0.0240663904697, "dmean2": 0.0481427684426, "dvar": 0.0234875883907, "dvar2": 0.0499762818217, "max": 1, "mean": 0.623107254505, "median": 1, "min": 0, "var": 0.234841778874}, "silence_rate_60dB": {"dmean": 0.0199170131236, "dmean2": 0.0398422926664, "dvar": 0.019520374015, "dvar2": 0.0399148911238, "max": 1, "mean": 0.224642187357, "median": 0, "min": 0, "var": 0.174178004265}, "spectral_centroid": {"dmean": 90.459815979, "dmean2": 131.605209351, "dvar": 58069.9335938, "dvar2": 97629.6484375, "max": 11113.8242188, "mean": 445.726348877, "median": 332.478973389, "min": 89.4225006104, "var": 204640.375}, "spectral_complexity": {"dmean": 1.8477178812, "dmean2": 2.89064121246, "dvar": 9.53875255585, "dvar2": 20.2390480042, "max": 54, "mean": 9.53598880768, "median": 10, "min": 0, "var": 46.9715194702}, "spectral_decrease": {"dmean": 6.32327701311e-09, "dmean2": 9.09536090887e-09, "dvar": 1.64684063133e-16, "dvar2": 4.41659945827e-16, "max": 1.46424150582e-10, "mean": -4.36887610533e-08, "median": -8.66060734239e-09, "min": -2.18807969077e-07, "var": 2.95983487319e-15}, "spectral_energy": {"dmean": 0.0243257954717, "dmean2": 0.0350836403668, "dvar": 0.00241574062966, "dvar2": 0.00646575260907, "max": 0.834738016129, "mean": 0.167009785771, "median": 0.0341295972466, "min": 1.10166490841e-20, "var": 0.0429773889482}, "spectral_energyband_high": {"dmean": 0.000433569977758, "dmean2": 0.000681753328536, "dvar": 4.27788654633e-06, "dvar2": 1.06190327642e-05, "max": 0.0652299821377, "mean": 0.000698726216797, "median": 3.75050512957e-06, "min": 7.87240390546e-21, "var": 6.946144822e-06}, "spectral_energyband_low": {"dmean": 0.022073276341, "dmean2": 0.0312132071704, "dvar": 0.00231716618873, "dvar2": 0.006274941843, "max": 0.788862764835, "mean": 0.154397875071, "median": 0.0124691417441, "min": 5.76045859852e-23, "var": 0.0419459752738}, "spectral_energyband_middle_high": {"dmean": 0.00167557410896, "dmean2": 0.00275231525302, "dvar": 6.9150053605e-05, "dvar2": 0.000186639270396, "max": 0.149230286479, "mean": 0.00244160555303, "median": 0.000776211149059, "min": 1.50167874938e-21, "var": 6.23531232122e-05}, "spectral_energyband_middle_low": {"dmean": 0.00494143599644, "dmean2": 0.0081344563514, "dvar": 0.000225681826123, "dvar2": 0.000601514650043, "max": 0.265671789646, "mean": 0.00986003316939, "median": 0.00499762175605, "min": 4.48373594347e-22, "var": 0.000242502981564}, "spectral_entropy": {"dmean": 0.18211004138, "dmean2": 0.266007184982, "dvar": 0.0716746002436, "dvar2": 0.158744111657, "max": 9.81472873688, "mean": 5.97449541092, "median": 6.16467285156, "min": 3.20680689812, "var": 1.5703997612}, "spectral_flux": {"dmean": 0.0280069280416, "dmean2": 0.0432497151196, "dvar": 0.00246681808494, "dvar2": 0.00509828329086, "max": 0.612234354019, "mean": 0.0705351904035, "median": 0.0497175604105, "min": 1.04960228009e-10, "var": 0.00637349486351}, "spectral_kurtosis": {"dmean": 16.5195579529, "dmean2": 27.5091209412, "dvar": 761.858581543, "dvar2": 2143.96557617, "max": 481.803985596, "mean": 67.8295516968, "median": 24.0782871246, "min": -1.22258675098, "var": 7112.66308594}, "spectral_rms": {"dmean": 0.000830728677101, "dmean2": 0.00116037914995, "dvar": 1.88113710919e-06, "dvar2": 4.70222039439e-06, "max": 0.0285373181105, "mean": 0.00957473088056, "median": 0.00577036989853, "min": 3.27840662603e-12, "var": 7.12603359716e-05}, "spectral_rolloff": {"dmean": 118.513145447, "dmean2": 188.198791504, "dvar": 488388.25, "dvar2": 894549.4375, "max": 19121.484375, "mean": 491.692230225, "median": 236.865234375, "min": 64.599609375, "var": 2885387.25}, "spectral_skewness": {"dmean": 0.751287221909, "dmean2": 1.23544085026, "dvar": 0.968502998352, "dvar2": 2.6761674881, "max": 19.0993995667, "mean": 5.54920482635, "median": 3.59516143799, "min": -0.0096984859556, "var": 17.9104175568}, "spectral_spread": {"dmean": 539894.5, "dmean2": 770952.625, "dvar": 898011168768, "dvar2": 1331153338370.0, "max": 41327568, "mean": 3646235.75, "median": 1857654.25, "min": 241425.03125, "var": 13254760857600.0}, "spectral_strongpeak": {"dmean": 0.163833454251, "dmean2": 0.251873284578, "dvar": 0.118516080081, "dvar2": 0.305397391319, "max": 9.00573444366, "mean": 0.87568962574, "median": 0.698189556599, "min": 0, "var": 0.470515996218}, "zerocrossingrate": {"dmean": 0.00405901530758, "dmean2": 0.00466547207907, "dvar": 0.000159510818776, "dvar2": 0.000180563190952, "max": 0.5244140625, "mean": 0.0193966459483, "median": 0.01123046875, "min": 0.001953125, "var": 0.00178317015525}, "barkbands": {"dmean": [0.00240555219352, 0.0199471730739, 0.00415605260059, 0.000998240895569, 0.00202464684844, 0.000582256936468, 0.000827543903142, 0.000845834554639, 0.000622422143351, 0.000340713158948, 0.000261322129518, 0.000211856022361, 0.000106286424852, 0.000278421182884, 0.000314181117574, 0.000417505856603, 5.23177186551e-05, 3.94685812353e-05, 5.57106577617e-05, 4.70538761874e-05, 9.87994353636e-05, 4.47029597126e-05, 3.6365698179e-05, 6.93034526194e-05, 6.28301131655e-05, 5.96803874942e-05, 5.62483655813e-05], "dmean2": [0.00312672555447, 0.0282059740275, 0.00632504513487, 0.00178053067066, 0.00361265451647, 0.000810401223134, 0.00101891090162, 0.00132647715509, 0.00107768725138, 0.00050858722534, 0.000421283009928, 0.000309812428895, 0.000174849148607, 0.000480141519802, 0.000532423669938, 0.000750759849325, 8.16074389149e-05, 6.92151952535e-05, 9.54170391196e-05, 8.40487555251e-05, 0.000175007226062, 7.4343282904e-05, 6.03142980253e-05, 0.000112594301754, 9.91720153252e-05, 8.99668448255e-05, 8.03043803899e-05], "dvar": [4.11401051679e-05, 0.00205610203557, 0.000145215803059, 2.14825704461e-05, 5.27314623469e-05, 2.45727915171e-06, 1.35312793645e-05, 3.37468663929e-05, 4.21430340793e-05, 1.91915455616e-06, 2.18532682084e-06, 1.06979564407e-06, 1.02865953977e-07, 2.12757481677e-06, 2.0376357952e-06, 9.74622162175e-06, 5.57071473395e-08, 6.78474307847e-08, 1.37484164497e-07, 1.34868301416e-07, 7.97754353243e-07, 8.64121858513e-08, 4.52568258424e-08, 9.29001586769e-08, 6.74407303336e-08, 9.81910801556e-08, 1.23643772554e-07], "dvar2": [0.00010660537373, 0.0056416192092, 0.000359436380677, 6.09813541814e-05, 0.000154682755237, 5.84104327572e-06, 3.0220611734e-05, 7.45045545045e-05, 0.000112800458737, 4.90592128699e-06, 5.83958308198e-06, 1.91089566215e-06, 2.45855659387e-07, 5.72012368139e-06, 5.47707031728e-06, 2.72843044513e-05, 1.11380089152e-07, 1.84673908166e-07, 3.66072924862e-07, 3.82510080499e-07, 2.29891202252e-06, 2.29718310152e-07, 1.14396343065e-07, 2.36355916172e-07, 1.42649284385e-07, 1.95060692931e-07, 2.02298380714e-07], "max": [0.172501176596, 0.730755209923, 0.235854268074, 0.0651869177818, 0.121250912547, 0.0474974103272, 0.118229500949, 0.120825044811, 0.227640867233, 0.0455214604735, 0.0325330346823, 0.0384800955653, 0.00858995411545, 0.0257054213434, 0.026668580249, 0.0507281199098, 0.00732636312023, 0.00550489360467, 0.00835277326405, 0.0079910447821, 0.0234846509993, 0.0072336695157, 0.00659635895863, 0.00799085851759, 0.0119708953425, 0.0159853100777, 0.0207455586642], "mean": [0.00751109607518, 0.136999323964, 0.00956762582064, 0.00111164338887, 0.00335555360653, 0.0015857926337, 0.00206068484113, 0.00105289346538, 0.00054312631255, 0.000532636418939, 0.000306109664962, 0.00033734345925, 0.000135075330036, 0.000294657249469, 0.000378410390113, 0.000356062490027, 8.20341301733e-05, 3.74123192159e-05, 5.3708186897e-05, 4.22271623393e-05, 8.43976595206e-05, 5.0922313676e-05, 5.42588022654e-05, 0.000143200741149, 0.000120644945127, 0.000105986924609, 0.00010600938549], "median": [0.000124943602714, 0.00444676121697, 0.00271851755679, 0.000257158011664, 0.00141701532993, 0.00049695756752, 0.000249743636232, 0.000122653364087, 6.67692802381e-05, 0.000104095095594, 3.14385724778e-05, 4.97626351716e-05, 2.88332867058e-05, 3.28911846736e-05, 4.96754328196e-05, 2.5654440833e-05, 7.93352410255e-06, 4.04009324484e-06, 3.65790992873e-06, 1.37023926072e-06, 9.84152052297e-07, 6.96545100709e-07, 3.5113171748e-07, 2.22142091388e-07, 1.0614191126e-07, 4.14983212238e-08, 3.18454169701e-08], "min": [3.9446459451e-23, 2.92564465266e-23, 4.84057042129e-24, 1.82839056723e-23, 4.45791450655e-23, 3.52373343191e-23, 1.64138528363e-22, 1.0774870613e-22, 6.67935722862e-23, 7.93583910124e-23, 4.74559314603e-23, 1.78916934965e-22, 6.78984066939e-23, 3.60835611893e-23, 1.00402631433e-22, 1.84833618947e-22, 1.18122593066e-22, 3.00571277236e-22, 2.76999734735e-22, 1.97674987063e-22, 2.34724918638e-22, 5.50566144862e-22, 7.60905643737e-22, 1.06558674745e-21, 1.38299852632e-21, 1.82520835282e-21, 2.2534336571e-21], "var": [0.000220272995648, 0.0346899591386, 0.000292875687592, 1.35225845952e-05, 4.34827488789e-05, 8.50247033668e-06, 3.10776740662e-05, 3.65777414117e-05, 2.84763100353e-05, 2.47991692959e-06, 2.09007544072e-06, 2.69283009402e-06, 1.27030290287e-07, 1.86619558917e-06, 2.22466792366e-06, 6.50284846415e-06, 1.68308531556e-07, 4.77904684715e-08, 1.08337737004e-07, 8.99113459241e-08, 5.04976640059e-07, 7.76315260964e-08, 6.15086648281e-08, 2.60246139305e-07, 1.83388848995e-07, 2.59074141695e-07, 4.14652873815e-07]}, "erbbands": {"dmean": [0.839394330978, 4.4182510376, 5.51150560379, 3.46020293236, 5.2937707901, 7.17370271683, 7.1186413765, 3.60307073593, 10.2924537659, 12.1731472015, 20.1280479431, 12.4238290787, 15.6261816025, 9.48365497589, 10.6326751709, 9.01238822937, 5.42706108093, 13.2856082916, 18.1050720215, 21.9177818298, 12.2583150864, 2.94690155983, 2.17620277405, 1.8772380352, 2.94607400894, 3.12252569199, 2.70082569122, 4.56362819672, 1.8876336813, 1.15974676609, 0.981562614441, 1.39251327515, 1.27635145187, 0.746702611446, 0.40843680501, 0.234017074108, 0.10993065685, 0.0432269610465, 0.00908474251628, 0.000713103392627], "dmean2": [1.06434571743, 6.18507671356, 8.34798526764, 5.67513227463, 9.56450462341, 12.8363428116, 10.2667551041, 5.23817300797, 12.3088197708, 17.0569190979, 31.1148777008, 21.002532959, 26.8046035767, 13.1932888031, 17.1521034241, 13.2063856125, 8.92780399323, 22.9610061646, 30.5017414093, 38.8913917542, 20.9135856628, 4.77154779434, 3.77638316154, 3.29292178154, 5.04719543457, 5.60993623734, 4.7507686615, 8.15148830414, 3.15607619286, 1.94691872597, 1.61472642422, 2.30918192863, 2.05120134354, 1.20209848881, 0.660685360432, 0.373280674219, 0.167206034064, 0.0642916113138, 0.0135488798842, 0.00103241729084], "dvar": [2.83787584305, 101.124786377, 201.945861816, 177.760223389, 528.148254395, 571.210693359, 268.769775391, 127.544670105, 1542.31445312, 4871.10498047, 19715.3398438, 10866.8242188, 17211.2871094, 1118.99645996, 3382.24853516, 2216.89697266, 300.663665771, 4451.71777344, 7400.67236328, 24508.9199219, 6026.90136719, 202.760620117, 182.018859863, 192.49029541, 352.23336792, 642.008117676, 484.920013428, 1788.55187988, 184.938858032, 51.6059761047, 26.5101566315, 74.5925979614, 24.5850257874, 11.7494382858, 3.3479309082, 1.34562051296, 0.401388972998, 0.0627173259854, 0.00339954695664, 1.93751038751e-05], "dvar2": [6.43495893478, 287.460845947, 492.431793213, 489.366363525, 1533.58227539, 1675.55773926, 643.989929199, 313.82699585, 2863.77880859, 12197.9726562, 42185.9960938, 28969.3222656, 47015.7109375, 2561.90356445, 9228.75488281, 3868.04907227, 725.203125, 11913.4169922, 20101.8339844, 69659.7578125, 16168.140625, 489.36807251, 493.308044434, 539.071350098, 914.522094727, 1832.32104492, 1362.65734863, 5185.79150391, 496.323516846, 138.886062622, 65.555519104, 200.550094604, 57.0860519409, 26.9871864319, 7.30627775192, 2.96582508087, 0.78486853838, 0.110714606941, 0.00633676163852, 3.47197346855e-05], "max": [40.916721344, 171.53855896, 319.927886963, 164.910903931, 385.04119873, 400.803649902, 380.454986572, 415.927612305, 1209.4486084, 2485.63256836, 3213.4753418, 3544.20068359, 4436.21044922, 1137.99145508, 1212.65869141, 1968.61779785, 412.065948486, 1153.78479004, 1590.01611328, 2679.47607422, 1502.82128906, 255.427352905, 274.499786377, 328.745666504, 400.094818115, 553.975097656, 514.730957031, 1155.4921875, 354.272216797, 257.667419434, 185.846664429, 304.551849365, 159.401245117, 178.590118408, 80.9786834717, 49.4278526306, 34.4507369995, 14.3785476685, 3.32536029816, 0.253414154053], "mean": [5.95375156403, 22.6462211609, 15.214928627, 6.37975168228, 7.10088205338, 10.9663047791, 17.9311695099, 9.35017871857, 26.8578910828, 22.9401454926, 25.6619434357, 12.4613285065, 15.6231155396, 16.6862564087, 13.4178256989, 14.8894472122, 7.43165826797, 14.5064821243, 21.503320694, 20.2079334259, 13.3120241165, 3.97354340553, 2.29017186165, 1.78403604031, 2.88603305817, 2.66567993164, 2.48250889778, 3.83471608162, 2.03531336784, 1.44889783859, 1.50221133232, 2.26085782051, 2.88967037201, 1.45557010174, 0.779430389404, 0.413993537426, 0.191123515368, 0.0751741603017, 0.0166147053242, 0.00150704372209], "median": [0.0622219257057, 1.38040721416, 3.7323102951, 2.03723907471, 3.11444282532, 3.97225856781, 5.78527641296, 2.72961878777, 2.76768684387, 3.84098219872, 3.51781225204, 2.21820735931, 2.86993908882, 3.31755018234, 2.61593794823, 2.50216555595, 1.63976669312, 2.14738869667, 2.75815939903, 2.06966924667, 1.32348120213, 0.496568709612, 0.295040309429, 0.184426605701, 0.157511979342, 0.0794222429395, 0.0380953773856, 0.0369493290782, 0.0273145008832, 0.0172680635005, 0.00922540109605, 0.00507564051077, 0.00315310386941, 0.00169065815862, 0.000621419982053, 0.000238305117819, 0.000102262893051, 4.55390072602e-05, 2.61060304183e-05, 4.63207579742e-05], "min": [1.88859349064e-21, 2.71784104498e-21, 6.41779912425e-21, 2.65603639567e-20, 1.1718948204e-19, 1.08285761625e-19, 2.99818463109e-19, 2.75211442548e-19, 1.38516418694e-18, 2.83026215876e-18, 2.3994255503e-18, 1.37668093277e-18, 2.09826832122e-18, 2.17805630195e-18, 2.48497773913e-18, 8.93841361039e-18, 3.60473234114e-18, 2.4487044217e-18, 3.33773353545e-18, 8.65784469996e-18, 8.58756495358e-18, 8.00401301966e-18, 1.39182865706e-17, 1.84333245584e-17, 1.05589514203e-17, 9.61323830746e-18, 8.20134357223e-18, 1.13269547046e-17, 1.83922600041e-17, 2.54486069375e-17, 1.95422346158e-17, 1.95176408818e-17, 1.9446040128e-17, 1.06475168213e-17, 1.19191812816e-17, 6.73389249193e-18, 3.6128829653e-18, 1.13916480867e-18, 3.04859301762e-19, 3.57049861846e-20], "var": [75.2801208496, 1019.89672852, 581.56451416, 162.862579346, 344.435302734, 526.124267578, 1149.36621094, 326.225463867, 5491.45166016, 5840.91845703, 22603.25, 7552.52294922, 11515.3085938, 2015.43493652, 2956.61157227, 6122.78271484, 379.277435303, 3908.39501953, 7313.13232422, 16881.2421875, 5221.0078125, 287.253051758, 140.02192688, 127.501022339, 299.017608643, 408.670776367, 330.530914307, 1114.30993652, 150.562759399, 50.7986755371, 42.9812393188, 88.3997802734, 112.152496338, 26.2252235413, 9.22747135162, 3.34189462662, 0.961460411549, 0.187148824334, 0.0100053399801, 6.16130055278e-05]}, "gfcc": {"mean": [-159.455215454, 162.901031494, -36.557674408, 2.62164878845, -28.4518737793, 11.7394886017, -25.8768615723, -4.39984321594, -10.6628684998, -1.91286408901, -7.34522533417, -4.43725681305, -2.2559056282], "cov": [[40548.421875, -6626.06201172, -7573.37597656, 1296.93774414, 2692.53808594, 2711.94848633, 1007.53112793, 2570.81005859, 2007.85388184, 1791.43273926, 66.8395462036, 289.040557861, 254.763671875], [-6626.06201172, 5646.65332031, -164.227081299, -1594.13952637, -338.80078125, -1254.45117188, -26.2235965729, -791.685852051, -150.655792236, -635.164489746, 332.920349121, -106.608528137, 184.201858521], [-7573.37597656, -164.227081299, 3807.54345703, 256.885101318, -488.110229492, 197.291946411, -5.34276866913, -158.556152344, -286.215942383, -85.3046188354, -95.2821350098, -114.98184967, -164.552536011], [1296.93774414, -1594.13952637, 256.885101318, 1139.98498535, 239.132263184, 249.661102295, 107.53553772, 295.68661499, 88.0744934082, 183.363052368, -100.85559845, 1.36928415298, -39.4127960205], [2692.53808594, -338.80078125, -488.110229492, 239.132263184, 844.452026367, 366.896514893, 133.763000488, 281.702667236, 252.01852417, 154.610031128, 73.5061645508, 43.4645385742, 89.5272979736], [2711.94848633, -1254.45117188, 197.291946411, 249.661102295, 366.896514893, 770.511474609, 142.361450195, 283.380615234, 155.56098938, 251.370223999, -0.616872012615, 22.0477466583, -20.2578430176], [1007.53112793, -26.2235965729, -5.34276866913, 107.53553772, 133.763000488, 142.361450195, 289.322570801, 176.836868286, 122.69871521, 77.2106323242, 15.7487955093, -24.6539363861, 16.0307750702], [2570.81005859, -791.685852051, -158.556152344, 295.68661499, 281.702667236, 283.380615234, 176.836868286, 421.618988037, 242.370147705, 170.286911011, -29.9008293152, -14.3594818115, -10.8272724152], [2007.85388184, -150.655792236, -286.215942383, 88.0744934082, 252.01852417, 155.56098938, 122.69871521, 242.370147705, 272.840911865, 130.659576416, 30.9821147919, -21.4311199188, 17.9550018311], [1791.43273926, -635.164489746, -85.3046188354, 183.363052368, 154.610031128, 251.370223999, 77.2106323242, 170.286911011, 130.659576416, 219.022140503, 8.91562461853, 6.78145360947, -8.08342075348], [66.8395462036, 332.920349121, -95.2821350098, -100.85559845, 73.5061645508, -0.616872012615, 15.7487955093, -29.9008293152, 30.9821147919, 8.91562461853, 134.677047729, 37.2310600281, 28.7276477814], [289.040557861, -106.608528137, -114.98184967, 1.36928415298, 43.4645385742, 22.0477466583, -24.6539363861, -14.3594818115, -21.4311199188, 6.78145360947, 37.2310600281, 96.7212677002, 42.9281425476], [254.763671875, 184.201858521, -164.552536011, -39.4127960205, 89.5272979736, -20.2578430176, 16.0307750702, -10.8272724152, 17.9550018311, -8.08342075348, 28.7276477814, 42.9281425476, 87.1003341675]], "icov": [[0.000130766085931, 3.63465114788e-05, 0.00024090934312, 3.00420197163e-05, 6.74537805025e-05, -0.000257840991253, -2.7452409995e-05, -0.000271763565252, -0.000227093958529, -0.000294333585771, 6.22595471214e-05, -9.06768036657e-05, -0.000105001039628], [3.63465114788e-05, 0.00117658951785, -0.000104223167, 0.000905127148144, -0.000438806659076, 0.00116662238725, -0.00108674156945, 0.00135905423667, -0.0012191751739, 0.00131063605659, -0.00167358864564, 0.00173058896326, -0.00121859170031], [0.00024090934312, -0.000104223167, 0.000832915131468, -0.000222439965, 0.000410081964219, -0.000973127374891, 2.5867817385e-05, -0.000655614014249, 6.59656288917e-05, -0.000476542394608, 0.000163949021953, 3.4433658584e-05, 0.000125714082969], [3.00420197163e-05, 0.000905127148144, -0.000222439965, 0.00207178248093, -0.0008191796951, 0.00127284543123, -0.000977130257525, 0.000207980876439, -0.000202889044886, -4.25945072493e-05, -0.00031701559783, 0.000708293227945, -0.000347736990079], [6.74537805025e-05, -0.000438806659076, 0.000410081964219, -0.0008191796951, 0.00277395895682, -0.00175395514816, 0.000784915813711, -0.00123970257118, -0.000743075914215, 0.0001559600787, -0.000544230686501, -7.88772667875e-05, -0.00203696754761], [-0.000257840991253, 0.00116662238725, -0.000973127374891, 0.00127284543123, -0.00175395514816, 0.0047717243433, -0.00154602003749, 0.00128754880279, 5.07486874994e-05, -0.000634750234894, -0.00130693067331, 0.000778201967478, 0.000359845958883], [-2.7452409995e-05, -0.00108674156945, 2.5867817385e-05, -0.000977130257525, 0.000784915813711, -0.00154602003749, 0.00641217129305, -0.00356649095193, 0.00115333683789, -0.00114639289677, -0.000145594196511, 0.00116983242333, -0.00167726213112], [-0.000271763565252, 0.00135905423667, -0.000655614014249, 0.000207980876439, -0.00123970257118, 0.00128754880279, -0.00356649095193, 0.010954416357, -0.00702072866261, 0.0020942282863, 0.00121444824617, -0.000480661139591, 0.00184604281094], [-0.000227093958529, -0.0012191751739, 6.59656288917e-05, -0.000202889044886, -0.000743075914215, 5.07486874994e-05, 0.00115333683789, -0.00702072866261, 0.01385493204, -0.00432592630386, -0.00188288534991, 0.0037656747736, -0.00152650114615], [-0.000294333585771, 0.00131063605659, -0.000476542394608, -4.25945072493e-05, 0.0001559600787, -0.000634750234894, -0.00114639289677, 0.0020942282863, -0.00432592630386, 0.0126776965335, -0.00310876965523, 0.00129473558627, -0.000211502134334], [6.22595471214e-05, -0.00167358864564, 0.000163949021953, -0.00031701559783, -0.000544230686501, -0.00130693067331, -0.000145594196511, 0.00121444824617, -0.00188288534991, -0.00310876965523, 0.0141918864101, -0.00835920125246, 0.00349544780329], [-9.06768036657e-05, 0.00173058896326, 3.4433658584e-05, 0.000708293227945, -7.88772667875e-05, 0.000778201967478, 0.00116983242333, -0.000480661139591, 0.0037656747736, 0.00129473558627, -0.00835920125246, 0.0217642877251, -0.0116478633136], [-0.000105001039628, -0.00121859170031, 0.000125714082969, -0.000347736990079, -0.00203696754761, 0.000359845958883, -0.00167726213112, 0.00184604281094, -0.00152650114615, -0.000211502134334, 0.00349544780329, -0.0116478633136, 0.0220439080149]]}, "melbands": {"dmean": [0.00620445096865, 0.00371504807845, 0.000618280377239, 0.00048698252067, 0.000242335969233, 8.63265086082e-05, 0.000164158685948, 0.000138878225698, 0.000145870129927, 8.65460460773e-05, 7.88458419265e-05, 3.80502606276e-05, 4.06661019952e-05, 2.46251020144e-05, 1.60668241733e-05, 1.38130099003e-05, 2.49527656706e-05, 2.80326676148e-05, 2.25363346544e-05, 3.6143912439e-05, 1.12748139145e-05, 2.90824982585e-06, 2.37734457187e-06, 1.84950522453e-06, 1.3133428638e-06, 2.88272963189e-06, 1.03725960798e-06, 2.35238098867e-06, 1.30537239329e-06, 2.41746715801e-06, 2.44124180426e-06, 1.1995477962e-06, 6.91364334671e-07, 7.14896600584e-07, 6.45204352168e-07, 6.0129417534e-07, 1.02057549611e-06, 9.07706180442e-07, 8.60634997935e-07, 6.26222060873e-07], "dmean2": [0.00846124626696, 0.00540387025103, 0.00101336091757, 0.000887067697477, 0.000368009321392, 0.00012444613094, 0.000197947621928, 0.00020205049077, 0.000226031494094, 0.000149416926433, 0.00013488237164, 5.14030252816e-05, 6.54061732348e-05, 3.61952152161e-05, 2.48756005021e-05, 2.3269220037e-05, 4.28871244367e-05, 4.72737810924e-05, 3.95463575842e-05, 6.50202346151e-05, 1.94344374904e-05, 4.56297175333e-06, 4.08201776736e-06, 3.24353004544e-06, 2.31937542594e-06, 4.99095858686e-06, 1.7744756633e-06, 4.24278277933e-06, 2.24946893468e-06, 4.36133041148e-06, 4.32006208939e-06, 2.00781232707e-06, 1.17487797979e-06, 1.21596838198e-06, 1.07313292119e-06, 9.87767634797e-07, 1.73173953044e-06, 1.45763999626e-06, 1.42565363603e-06, 1.01406897102e-06], "dvar": [0.000182941643288, 6.60118166707e-05, 5.41823328604e-06, 3.5221332837e-06, 3.12924527179e-07, 7.2696082043e-08, 3.96006555548e-07, 6.07367724115e-07, 1.01613284187e-06, 7.5046443726e-07, 4.42791815658e-07, 1.97961345094e-08, 5.174952733e-08, 1.4550614047e-08, 4.24337498472e-09, 2.73827804875e-09, 1.5706094203e-08, 1.82712582841e-08, 1.59277799838e-08, 7.75547306375e-08, 4.75964201385e-09, 1.57831636649e-10, 2.00858302213e-10, 1.50172013713e-10, 9.31024354833e-11, 3.90530663363e-10, 3.92820116712e-11, 3.69847708015e-10, 9.90524190447e-11, 4.67348382216e-10, 4.92237361982e-10, 8.26709672941e-11, 1.43817371207e-11, 3.37280828266e-11, 1.2050647806e-11, 8.7963152387e-12, 4.17540793607e-11, 1.28174875227e-11, 1.36119926095e-11, 9.4355608396e-12], "dvar2": [0.000478424306493, 0.000174163738848, 1.45993280967e-05, 1.0341412235e-05, 8.0152250348e-07, 1.78074728296e-07, 7.69820985624e-07, 1.50571088398e-06, 2.18143077291e-06, 2.00810268325e-06, 1.20590527786e-06, 4.41635634729e-08, 1.39020286838e-07, 2.6032353162e-08, 8.63694804565e-09, 7.23027193672e-09, 4.15766940876e-08, 4.94677436791e-08, 4.48309371848e-08, 2.21234046194e-07, 1.29104797963e-08, 3.3314925818e-10, 5.40601674537e-10, 4.17560735988e-10, 2.62603383483e-10, 1.05260911099e-09, 1.01654455686e-10, 1.05801145622e-09, 2.72298961157e-10, 1.35832156634e-09, 1.41924594299e-09, 2.20382725957e-10, 3.79526791938e-11, 9.35487173837e-11, 3.08489900291e-11, 2.04786639035e-11, 1.14314425981e-10, 3.03161488968e-11, 3.32586874707e-11, 2.20910408022e-11], "max": [0.260837137699, 0.158979311585, 0.0305557567626, 0.0316308476031, 0.0119640175253, 0.0103294346482, 0.0186527147889, 0.0220115035772, 0.0234189592302, 0.0303957909346, 0.0225363820791, 0.00545042613521, 0.00490539334714, 0.00428812904283, 0.00217524101026, 0.000985668390058, 0.00209535867907, 0.00257016276009, 0.00247320672497, 0.00455437554047, 0.00150892313104, 0.000318949256325, 0.000302514177747, 0.000278228719253, 0.000226537958952, 0.000447387079475, 0.000119922762678, 0.000423583609518, 0.000225486059207, 0.000555489852559, 0.000613911310211, 0.000235077663092, 9.02715109987e-05, 0.000239782661083, 0.000108621134132, 0.000111160923552, 0.000227497730521, 9.96548769763e-05, 0.00012029777281, 0.000168659869814], "mean": [0.0445031113923, 0.0149524593726, 0.00114876474254, 0.000668460736051, 0.000587485264987, 0.000222683302127, 0.000422886398155, 0.000233061189647, 0.000184688280569, 7.70111801103e-05, 7.86129457993e-05, 6.85187260387e-05, 4.92588224006e-05, 3.87775035051e-05, 2.37747153733e-05, 1.63577587955e-05, 2.68926924036e-05, 3.28794667439e-05, 2.47009629675e-05, 2.93156554108e-05, 1.30978087327e-05, 4.15358044847e-06, 2.54293377111e-06, 1.74298361344e-06, 1.20556728689e-06, 2.65401308752e-06, 1.08793153686e-06, 1.95655047719e-06, 1.25515475702e-06, 2.05203491532e-06, 2.07333255275e-06, 1.22833762362e-06, 8.26933217013e-07, 8.19809997665e-07, 8.36846538732e-07, 9.58058308242e-07, 1.56257135586e-06, 2.06177787732e-06, 1.71421595496e-06, 1.09744189558e-06], "median": [0.000853163772263, 0.00244536856189, 0.000487181794597, 0.000265450158622, 0.000202378534595, 6.56877964502e-05, 4.61471863673e-05, 4.14222049585e-05, 2.2547228582e-05, 1.13898322525e-05, 1.36200796987e-05, 1.25631386254e-05, 7.1918075264e-06, 5.40075780009e-06, 3.96228369937e-06, 3.18120828524e-06, 3.22947175846e-06, 4.04361708206e-06, 2.74898343378e-06, 2.41101065512e-06, 1.01735122371e-06, 3.79546975182e-07, 3.00197115166e-07, 1.8688146497e-07, 1.25994091604e-07, 1.36559037855e-07, 6.60757919491e-08, 4.14225276302e-08, 2.07240553607e-08, 2.13743653887e-08, 1.91331892552e-08, 1.59883466466e-08, 1.10244036122e-08, 7.80216069529e-09, 5.21358378691e-09, 3.42171446732e-09, 2.65105271069e-09, 2.15944928605e-09, 1.75333814134e-09, 1.11605225062e-09], "min": [1.35459376558e-23, 3.16203218716e-24, 8.42929431665e-24, 7.23652795048e-24, 9.73136919414e-24, 5.94724050826e-24, 2.66345631785e-23, 3.01411224774e-23, 1.80343227037e-23, 8.78688812043e-24, 1.11019826737e-23, 9.31324372652e-24, 7.38403310685e-24, 1.80451537639e-23, 1.53958937869e-23, 6.5602978443e-24, 3.94974451091e-24, 4.89720550669e-24, 8.06811592891e-24, 1.16331992407e-23, 1.03992567018e-23, 7.00743091069e-24, 1.17254320688e-23, 1.33751666247e-23, 1.59010866215e-23, 7.44320319677e-24, 7.93584525435e-24, 5.66599384618e-24, 4.99492959563e-24, 5.1711461335e-24, 6.47513873186e-24, 9.61383996332e-24, 1.20101643128e-23, 1.59227802964e-23, 1.19566795435e-23, 1.04443235365e-23, 1.26771682963e-23, 1.45706600831e-23, 1.17226868329e-23, 7.95132664962e-24], "var": [0.00379682728089, 0.000432188186096, 4.9291288633e-06, 2.45751357397e-06, 1.07103778646e-06, 1.8402572266e-07, 1.31448950924e-06, 6.53960285035e-07, 1.16367334613e-06, 5.07919594384e-07, 2.99000419091e-07, 3.7564056754e-08, 4.87071538657e-08, 3.58306238013e-08, 9.00434748985e-09, 2.50055776085e-09, 1.42364031674e-08, 1.7660971352e-08, 1.44643426125e-08, 4.87491682577e-08, 4.67133443038e-09, 3.70406705308e-10, 1.68900560205e-10, 1.01443936584e-10, 6.06205710629e-11, 2.94121699218e-10, 3.65697333526e-11, 2.33680436112e-10, 7.244648631e-11, 2.942507904e-10, 3.11041248313e-10, 6.57022214412e-11, 1.56180710725e-11, 2.61904196247e-11, 1.62462959752e-11, 1.55351252695e-11, 4.50038062372e-11, 5.97499896782e-11, 3.77662935647e-11, 1.73032040085e-11]}, "mfcc": {"mean": [-794.677734375, 182.267868042, 47.2128410339, 21.5528964996, 22.9467124939, 14.6790180206, 4.2423248291, 1.95470321178, 3.2895720005, 3.52178859711, -0.565581023693, -1.89070379734, 2.03274130821], "cov": [[23873.0996094, -510.4609375, -4245.15185547, -1699.18078613, 873.472106934, 1034.63977051, 435.585205078, 708.455505371, 1565.91674805, 1554.06018066, 909.403503418, 650.380554199, 799.539306641], [-510.4609375, 3493.41503906, -793.950744629, -258.216949463, -336.158111572, -425.887939453, -241.992172241, -40.9772491455, -245.864624023, -178.868301392, -56.031879425, -107.679740906, 67.4888763428], [-4245.15185547, -793.950744629, 2193.21826172, 412.971405029, 12.9020500183, 46.4849700928, 122.407676697, -52.095287323, -119.073783875, -93.3615112305, -41.3133049011, 32.2436447144, -141.923477173], [-1699.18078613, -258.216949463, 412.971405029, 649.219665527, 9.15646457672, -30.3972244263, -26.4723472595, -28.7609958649, 2.44630455971, -44.7242736816, -34.1808433533, -32.8587760925, -52.511428833], [873.472106934, -336.158111572, 12.9020500183, 9.15646457672, 592.175292969, 266.947479248, 162.99395752, 137.244888306, 190.716827393, 193.487701416, 117.057815552, 91.8777313232, 73.6549224854], [1034.63977051, -425.887939453, 46.4849700928, -30.3972244263, 266.947479248, 388.454650879, 225.805679321, 81.1466064453, 148.826416016, 145.377456665, 86.9479980469, 92.4101715088, 52.5412979126], [435.585205078, -241.992172241, 122.407676697, -26.4723472595, 162.99395752, 225.805679321, 241.658966064, 102.496673584, 104.550041199, 88.0372619629, 60.6298751831, 64.6927185059, 34.726348877], [708.455505371, -40.9772491455, -52.095287323, -28.7609958649, 137.244888306, 81.1466064453, 102.496673584, 171.691482544, 146.551956177, 126.235557556, 70.2198944092, 48.9775390625, 44.6930580139], [1565.91674805, -245.864624023, -119.073783875, 2.44630455971, 190.716827393, 148.826416016, 104.550041199, 146.551956177, 324.903411865, 259.953857422, 141.519546509, 98.360206604, 72.0657272339], [1554.06018066, -178.868301392, -93.3615112305, -44.7242736816, 193.487701416, 145.377456665, 88.0372619629, 126.235557556, 259.953857422, 320.956390381, 176.58555603, 100.472648621, 76.2695541382], [909.403503418, -56.031879425, -41.3133049011, -34.1808433533, 117.057815552, 86.9479980469, 60.6298751831, 70.2198944092, 141.519546509, 176.58555603, 151.315078735, 95.1639404297, 55.1062774658], [650.380554199, -107.679740906, 32.2436447144, -32.8587760925, 91.8777313232, 92.4101715088, 64.6927185059, 48.9775390625, 98.360206604, 100.472648621, 95.1639404297, 119.20716095, 66.3403701782], [799.539306641, 67.4888763428, -141.923477173, -52.511428833, 73.6549224854, 52.5412979126, 34.726348877, 44.6930580139, 72.0657272339, 76.2695541382, 55.1062774658, 66.3403701782, 103.657485962]], "icov": [[0.000151740037836, 4.98105582665e-05, 0.000217715452891, 0.000224845658522, 9.87526364042e-05, -0.000227207521675, 0.000135757160024, -1.44406624258e-06, -0.000325581408106, -0.000190787919564, -9.55080249696e-05, -6.12991061644e-05, -0.000333977426635], [4.98105582665e-05, 0.000426198123023, 0.00016055200831, 0.000140337899211, 0.000112962909043, 0.000253328908002, 4.69171245641e-05, -0.00027060857974, 0.000226325180847, 0.000158862429089, -0.000644568004645, 0.000517029955518, -0.000740959483664], [0.000217715452891, 0.00016055200831, 0.00105269090272, -9.38850353123e-05, 7.12491309969e-05, 0.000103910984762, -0.000597351172473, 0.000122173281852, 0.000235479557887, -0.000828224408906, 0.000535390456207, -0.00160857650917, 0.000844594324008], [0.000224845658522, 0.000140337899211, -9.38850353123e-05, 0.00228672544472, -3.60204685421e-05, -0.000320937426295, 0.00069097080268, 0.000259325199295, -0.00159146799706, 0.000634108146187, -0.000638579309452, 0.000968228559941, -0.000591125630308], [9.87526364042e-05, 0.000112962909043, 7.12491309969e-05, -3.60204685421e-05, 0.00297540100291, -0.00193950929679, 0.000683304329868, -0.00145138881635, -0.000123752135551, -0.00028034922434, -0.00087098433869, 0.000640661339276, -0.0011448742589], [-0.000227207521675, 0.000253328908002, 0.000103910984762, -0.000320937426295, -0.00193950929679, 0.00880895461887, -0.00726289767772, 0.00333314435557, 0.000297548132949, -0.00193040457089, 0.00240010535344, -0.0025135956239, 0.00102264713496], [0.000135757160024, 4.69171245641e-05, -0.000597351172473, 0.00069097080268, 0.000683304329868, -0.00726289767772, 0.0129593536258, -0.0059972256422, -0.000513226899784, 0.00265032262541, -0.00230896356516, 0.000751102808863, -0.000951886177063], [-1.44406624258e-06, -0.00027060857974, 0.000122173281852, 0.000259325199295, -0.00145138881635, 0.00333314435557, -0.0059972256422, 0.0132543761283, -0.00410938635468, -0.00147221586667, 0.00109013554174, 0.000302441098029, -0.000710748601705], [-0.000325581408106, 0.000226325180847, 0.000235479557887, -0.00159146799706, -0.000123752135551, 0.000297548132949, -0.000513226899784, -0.00410938635468, 0.0125709641725, -0.00760638201609, 0.00259158317931, -0.00356862950139, 0.00152412359603], [-0.000190787919564, 0.000158862429089, -0.000828224408906, 0.000634108146187, -0.00028034922434, -0.00193040457089, 0.00265032262541, -0.00147221586667, -0.00760638201609, 0.0177293326706, -0.0151834208518, 0.00763800693676, -0.00309330224991], [-9.55080249696e-05, -0.000644568004645, 0.000535390456207, -0.000638579309452, -0.00087098433869, 0.00240010535344, -0.00230896356516, 0.00109013554174, 0.00259158317931, -0.0151834208518, 0.0314357504249, -0.0183658320457, 0.00568391755223], [-6.12991061644e-05, 0.000517029955518, -0.00160857650917, 0.000968228559941, 0.000640661339276, -0.0025135956239, 0.000751102808863, 0.000302441098029, -0.00356862950139, 0.00763800693676, -0.0183658320457, 0.0294030494988, -0.0133320121095], [-0.000333977426635, -0.000740959483664, 0.000844594324008, -0.000591125630308, -0.0011448742589, 0.00102264713496, -0.000951886177063, -0.000710748601705, 0.00152412359603, -0.00309330224991, 0.00568391755223, -0.0133320121095, 0.0212101973593]]}, "spectral_contrast_coeffs": {"dmean": [0.0384448878467, 0.0342015214264, 0.0339836031199, 0.0285310074687, 0.0177321583033, 0.0139482459053], "dmean2": [0.062783382833, 0.0519921854138, 0.0524496510625, 0.0458486378193, 0.0290034059435, 0.0223971623927], "dvar": [0.00130710285157, 0.00113166880328, 0.00109239551239, 0.000651080568787, 0.000309358118102, 0.000340534519637], "dvar2": [0.00359995290637, 0.00259173451923, 0.00257463590242, 0.00167049153242, 0.000756379333325, 0.000754998240154], "max": [-0.288075864315, -0.326179862022, -0.433863848448, -0.515134632587, -0.635712385178, -0.548452496529], "mean": [-0.591243386269, -0.663700401783, -0.728672266006, -0.768332660198, -0.814384281635, -0.839157164097], "median": [-0.604130208492, -0.674845039845, -0.727588295937, -0.761014342308, -0.80257153511, -0.843477189541], "min": [-0.966235816479, -0.97357493639, -0.978818356991, -0.963261067867, -0.963239192963, -0.961075186729], "var": [0.00893859192729, 0.00816221535206, 0.00592223089188, 0.0053131734021, 0.00464730756357, 0.00405933801085]}, "spectral_contrast_valleys": {"dmean": [0.331907629967, 0.309162199497, 0.375369668007, 0.365208089352, 0.264240205288, 0.273767113686], "dmean2": [0.520296394825, 0.470098257065, 0.586372852325, 0.586795091629, 0.404562950134, 0.404150277376], "dvar": [0.15115647018, 0.15918725729, 0.242709368467, 0.265420913696, 0.192798271775, 0.212756365538], "dvar2": [0.248504638672, 0.261547535658, 0.435106784105, 0.502750515938, 0.344999819994, 0.375701338053], "max": [-4.5748796463, -4.60701751709, -4