{"lowlevel": {"average_loudness": 0.555810034275, "barkbands_crest": {"dmean": 1.88292276859, "dmean2": 3.01820898056, "dvar": 4.55164718628, "dvar2": 11.4706382751, "max": 26.2765769958, "mean": 15.1955747604, "median": 14.4278831482, "min": 3.34613704681, "var": 29.8110351562}, "barkbands_flatness_db": {"dmean": 0.0225231274962, "dmean2": 0.0376777239144, "dvar": 0.000554242695216, "dvar2": 0.00141703302506, "max": 0.566512167454, "mean": 0.40270447731, "median": 0.412693738937, "min": 0.0238140691072, "var": 0.00488484697416}, "barkbands_kurtosis": {"dmean": 2.88469696045, "dmean2": 4.39937829971, "dvar": 28.9557056427, "dvar2": 65.4937286377, "max": 160.482345581, "mean": 8.44613552094, "median": 4.11664009094, "min": -1.57612025738, "var": 180.234786987}, "barkbands_skewness": {"dmean": 0.434033036232, "dmean2": 0.674133777618, "dvar": 0.265167832375, "dvar2": 0.631191015244, "max": 9.16907024384, "mean": 1.54356741905, "median": 1.30920958519, "min": -3.20889735222, "var": 2.39538478851}, "barkbands_spread": {"dmean": 0.859716653824, "dmean2": 1.31261146069, "dvar": 4.13808107376, "dvar2": 8.0152015686, "max": 96.5929718018, "mean": 4.40990829468, "median": 3.36869668961, "min": 0.237719997764, "var": 19.9894256592}, "dissonance": {"dmean": 0.0408517234027, "dmean2": 0.0704976543784, "dvar": 0.0016388699878, "dvar2": 0.00475492654368, "max": 0.499999940395, "mean": 0.370828926563, "median": 0.376846373081, "min": 0.135268047452, "var": 0.00537341320887}, "dynamic_complexity": 6.47541618347, "erbbands_crest": {"dmean": 2.08493065834, "dmean2": 3.18998503685, "dvar": 5.82397413254, "dvar2": 14.134021759, "max": 32.2562294006, "mean": 15.9244785309, "median": 15.1587648392, "min": 2.0067486763, "var": 43.4354095459}, "erbbands_flatness_db": {"dmean": 0.0149736851454, "dmean2": 0.0242880452424, "dvar": 0.000279665109701, "dvar2": 0.000665915838908, "max": 0.574629127979, "mean": 0.402887403965, "median": 0.408081352711, "min": 0.0358595922589, "var": 0.00352598400787}, "erbbands_kurtosis": {"dmean": 1.4228553772, "dmean2": 2.088326931, "dvar": 7.20260286331, "dvar2": 16.1080703735, "max": 60.883895874, "mean": 3.47789478302, "median": 1.08660364151, "min": -1.48784375191, "var": 49.1055183411}, "erbbands_skewness": {"dmean": 0.300621271133, "dmean2": 0.441050827503, "dvar": 0.127693012357, "dvar2": 0.283057630062, "max": 6.53950643539, "mean": 1.0834454298, "median": 0.908474445343, "min": -1.89191353321, "var": 1.19963622093}, "erbbands_spread": {"dmean": 1.81015717983, "dmean2": 2.68256282806, "dvar": 5.13027715683, "dvar2": 10.6872701645, "max": 87.6357955933, "mean": 11.3397455215, "median": 10.4549589157, "min": 0.682388365269, "var": 42.4842605591}, "hfc": {"dmean": 1.91692793369, "dmean2": 2.73587632179, "dvar": 21.0025501251, "dvar2": 41.3548851013, "max": 105.495788574, "mean": 7.66335821152, "median": 3.88335990906, "min": 1.07824508241e-16, "var": 126.672805786}, "melbands_crest": {"dmean": 2.26418828964, "dmean2": 3.65448379517, "dvar": 6.79685640335, "dvar2": 17.236322403, "max": 33.4326820374, "mean": 18.4651508331, "median": 17.2316970825, "min": 1.55718898773, "var": 43.0085029602}, "melbands_flatness_db": {"dmean": 0.0248296726495, "dmean2": 0.0408181957901, "dvar": 0.000763877760619, "dvar2": 0.0018408986507, "max": 0.712526679039, "mean": 0.528624951839, "median": 0.548229277134, "min": 0.00347297266126, "var": 0.00871682632715}, "melbands_kurtosis": {"dmean": 3.26966142654, "dmean2": 4.93759584427, "dvar": 29.4379806519, "dvar2": 69.4605026245, "max": 145.262115479, "mean": 10.1360530853, "median": 5.64642381668, "min": -1.57084584236, "var": 197.365005493}, "melbands_skewness": {"dmean": 0.425116807222, "dmean2": 0.645013570786, "dvar": 0.2365103513, "dvar2": 0.558402001858, "max": 8.35596942902, "mean": 1.83239877224, "median": 1.62461829185, "min": -2.66473984718, "var": 2.35546970367}, "melbands_spread": {"dmean": 1.27943599224, "dmean2": 2.01906728745, "dvar": 14.813378334, "dvar2": 32.8300247192, "max": 161.733078003, "mean": 6.97867631912, "median": 4.60747718811, "min": 0.380588531494, "var": 183.159179688}, "pitch_salience": {"dmean": 0.0504014454782, "dmean2": 0.0822548866272, "dvar": 0.00314848846756, "dvar2": 0.00819654017687, "max": 0.991531312466, "mean": 0.459574818611, "median": 0.4619974792, "min": 0.0566852986813, "var": 0.0178188737482}, "silence_rate_20dB": {"dmean": 0, "dmean2": 0, "dvar": 0, "dvar2": 0, "max": 1, "mean": 1, "median": 1, "min": 1, "var": 0}, "silence_rate_30dB": {"dmean": 0.00456526270136, "dmean2": 0.00913241971284, "dvar": 0.00454449281096, "dvar2": 0.0098795928061, "max": 1, "mean": 0.989626526833, "median": 1, "min": 0, "var": 0.0102653587237}, "silence_rate_60dB": {"dmean": 0.0298817176372, "dmean2": 0.0597758404911, "dvar": 0.0289889127016, "dvar2": 0.0707299411297, "max": 1, "mean": 0.236307054758, "median": 0, "min": 0, "var": 0.180471390486}, "spectral_centroid": {"dmean": 38.877040863, "dmean2": 60.3705101013, "dvar": 46455.9179688, "dvar2": 77553.7421875, "max": 11762.5849609, "mean": 509.598693848, "median": 380.662841797, "min": 165.345993042, "var": 1062658.125}, "spectral_complexity": {"dmean": 1.00352776051, "dmean2": 1.65919470787, "dvar": 1.38800120354, "dvar2": 3.01631188393, "max": 22, "mean": 7.55207490921, "median": 7, "min": 0, "var": 18.7326316833}, "spectral_decrease": {"dmean": 1.14189091516e-09, "dmean2": 1.68329838957e-09, "dvar": 4.88345678801e-18, "dvar2": 1.02047750158e-17, "max": 5.54121533955e-28, "mean": -4.60708671213e-09, "median": -2.76249845221e-09, "min": -5.51584804498e-08, "var": 3.21128553714e-17}, "spectral_energy": {"dmean": 0.00447752093896, "dmean2": 0.0065895919688, "dvar": 7.60727343732e-05, "dvar2": 0.000158365131938, "max": 0.217493981123, "mean": 0.0180832892656, "median": 0.0107836462557, "min": 1.01011079723e-20, "var": 0.000500348280184}, "spectral_energyband_high": {"dmean": 1.08020037715e-06, "dmean2": 1.49843299369e-06, "dvar": 4.49286094439e-11, "dvar2": 9.66473290287e-11, "max": 0.000160601121024, "mean": 1.52084305682e-06, "median": 6.97975099939e-09, "min": 6.89645841403e-21, "var": 6.97963006835e-11}, "spectral_energyband_low": {"dmean": 0.000962884922046, "dmean2": 0.00147213414311, "dvar": 7.87835779192e-06, "dvar2": 1.72217987711e-05, "max": 0.0578023158014, "mean": 0.00243316497654, "median": 0.000561037566513, "min": 2.40112661916e-23, "var": 2.81573793472e-05}, "spectral_energyband_middle_high": {"dmean": 0.000308613263769, "dmean2": 0.000421031087171, "dvar": 1.18693083095e-06, "dvar2": 2.14387387132e-06, "max": 0.0429698489606, "mean": 0.00101688201539, "median": 0.00034381065052, "min": 1.13900468137e-21, "var": 4.50771267424e-06}, "spectral_energyband_middle_low": {"dmean": 0.00386756123044, "dmean2": 0.0057253013365, "dvar": 6.23672895017e-05, "dvar2": 0.000135421039886, "max": 0.195416659117, "mean": 0.0151627156883, "median": 0.00852697063237, "min": 1.62034251365e-22, "var": 0.000412747816881}, "spectral_entropy": {"dmean": 0.144642606378, "dmean2": 0.230599567294, "dvar": 0.0434984751046, "dvar2": 0.107574462891, "max": 9.81850624084, "mean": 5.3633389473, "median": 5.27515697479, "min": 3.79917192459, "var": 0.451971709728}, "spectral_flux": {"dmean": 0.0139753539115, "dmean2": 0.0232222862542, "dvar": 0.000555149046704, "dvar2": 0.00143432803452, "max": 0.312269419432, "mean": 0.0315318442881, "median": 0.02312852256, "min": 6.38407521292e-11, "var": 0.000966605613939}, "spectral_kurtosis": {"dmean": 40.2154312134, "dmean2": 69.3624649048, "dvar": 1514.98486328, "dvar2": 4178.44775391, "max": 473.216705322, "mean": 152.666809082, "median": 152.52166748, "min": -1.26222038269, "var": 7259.73339844}, "spectral_rms": {"dmean": 0.000445837737061, "dmean2": 0.000657549651805, "dvar": 4.39372911387e-07, "dvar2": 9.00448299035e-07, "max": 0.014566716738, "mean": 0.00352162448689, "median": 0.00324355135672, "min": 3.13922585843e-12, "var": 5.24040524397e-06}, "spectral_rolloff": {"dmean": 66.1807479858, "dmean2": 116.112480164, "dvar": 167971.734375, "dvar2": 367064.625, "max": 19875.1464844, "mean": 679.433227539, "median": 495.263671875, "min": 150.732421875, "var": 3422500.5}, "spectral_skewness": {"dmean": 1.82033479214, "dmean2": 3.20888161659, "dvar": 2.94353246689, "dvar2": 8.03314590454, "max": 17.4962100983, "mean": 8.6609916687, "median": 9.19826889038, "min": -0.113098867238, "var": 11.9786968231}, "spectral_spread": {"dmean": 322943.03125, "dmean2": 556459.4375, "dvar": 729173524480, "dvar2": 1337164169220.0, "max": 50065444, "mean": 1220784.5, "median": 754570.5, "min": 200342.984375, "var": 15142645399600.0}, "spectral_strongpeak": {"dmean": 0.273642838001, "dmean2": 0.424088776112, "dvar": 0.274018883705, "dvar2": 0.568665027618, "max": 8.60626888275, "mean": 1.16807293892, "median": 0.629535317421, "min": 0, "var": 1.86708939075}, "zerocrossingrate": {"dmean": 0.00190043647308, "dmean2": 0.00254498096183, "dvar": 8.92988682608e-05, "dvar2": 0.000141812997754, "max": 0.52490234375, "mean": 0.0239473581314, "median": 0.017822265625, "min": 0.00537109375, "var": 0.00253326911479}, "barkbands": {"dmean": [9.00713621377e-06, 0.000175188644789, 0.000717216753401, 0.000369611021597, 0.00140053057112, 0.000466963043436, 0.000691623543389, 0.00150241004303, 0.000436026020907, 0.000150461899466, 3.38691206707e-05, 7.22317054169e-05, 9.60951001616e-05, 2.39375312958e-05, 1.38917384902e-05, 1.65304336406e-05, 7.59923204896e-06, 6.39270683678e-06, 4.34073081124e-06, 6.20343655555e-07, 1.39666440191e-07, 5.17306375514e-07, 5.35139612623e-08, 2.75553180273e-08, 2.17451057161e-09, 7.63452578934e-10, 7.54923124013e-10], "dmean2": [1.60128274729e-05, 0.000272808538284, 0.00107410619967, 0.000605220615398, 0.00225795432925, 0.000702133344021, 0.00101898738649, 0.00208787643351, 0.000609236303717, 0.000214189800317, 5.06335127284e-05, 9.82841302175e-05, 0.000122601457406, 3.60218436981e-05, 2.03234449145e-05, 2.38281409111e-05, 1.16208484542e-05, 1.00144961834e-05, 6.15822682448e-06, 8.91626825705e-07, 2.2152876511e-07, 7.47265573864e-07, 8.43467518052e-08, 4.05758839861e-08, 3.75310804657e-09, 1.38789857385e-09, 1.38123146254e-09], "dvar": [1.89974994069e-10, 2.62710472043e-07, 4.84715246785e-06, 8.85587951416e-07, 1.32278682941e-05, 2.3582679205e-06, 6.22328525424e-06, 3.03272281599e-05, 6.47131537335e-06, 8.2757594555e-07, 1.638161784e-08, 7.55448326117e-08, 1.58194524147e-07, 1.01501109739e-08, 1.88176407789e-09, 3.69884145535e-09, 1.07714337449e-09, 1.95066163222e-09, 6.08767647403e-10, 1.38514564402e-11, 1.02413303532e-12, 1.88112546373e-11, 2.34210600133e-13, 2.05911215813e-13, 5.03446420057e-16, 3.559384232e-18, 2.37476357393e-18], "dvar2": [5.51674039784e-10, 5.4272777561e-07, 1.03887696241e-05, 2.45197293225e-06, 3.66279091395e-05, 5.27045494891e-06, 1.25607111841e-05, 5.73457109567e-05, 1.27363027786e-05, 1.6008369812e-06, 4.30498410253e-08, 1.39538698818e-07, 2.51809183283e-07, 1.77325674144e-08, 3.74306496909e-09, 6.90468660025e-09, 2.49708675959e-09, 4.1947862961e-09, 1.00242703027e-09, 2.88244792618e-11, 2.60420873234e-12, 3.8712602568e-11, 5.6186273082e-13, 3.80129304769e-13, 1.34090482451e-15, 1.09069851814e-17, 7.89881218936e-18], "max": [0.000229795114137, 0.0138213615865, 0.0431817322969, 0.0152862388641, 0.0922872796655, 0.0526491478086, 0.0759562551975, 0.168692350388, 0.0747490525246, 0.0405599474907, 0.00458707287908, 0.00950205791742, 0.0114596718922, 0.00387163925916, 0.000938432058319, 0.00160154188052, 0.000815012492239, 0.00149133359082, 0.000849148898851, 9.07513021957e-05, 3.22436098941e-05, 0.0001273801754, 1.36677717819e-05, 2.24941031775e-05, 8.27123301406e-07, 4.74135113393e-08, 2.73057843003e-08], "mean": [8.82122731127e-06, 0.000372940296074, 0.00158344092779, 0.000879787607118, 0.00441157305613, 0.00155274686404, 0.00190996646415, 0.00535764778033, 0.000934308103751, 0.000361317186616, 8.87793066795e-05, 0.000189595069969, 0.000269571639365, 5.46035262232e-05, 3.25704277202e-05, 4.03035737691e-05, 1.60956587933e-05, 9.29324050958e-06, 8.1069792941e-06, 9.49247464632e-07, 1.49090851664e-07, 6.51531536278e-07, 5.15466531681e-08, 3.07442391545e-08, 2.01941730005e-09, 8.08074551717e-10, 8.60495397159e-10], "median": [3.84778559237e-06, 6.52760863886e-05, 0.000244401773671, 0.000252273865044, 0.00124255567789, 0.000450054008979, 0.000205042146263, 0.000327845104039, 5.63471039641e-05, 4.94130654261e-05, 2.94674337056e-05, 3.60921694664e-05, 2.84685138467e-05, 7.55468590796e-06, 3.7317386159e-06, 4.51915457234e-06, 8.51793799939e-07, 2.07866634128e-07, 5.43202354208e-08, 5.89875703838e-09, 1.33522570778e-09, 7.19937331972e-10, 3.46050355038e-10, 2.70506728128e-10, 2.79521544799e-10, 2.77791178949e-10, 4.10408484974e-10], "min": [1.43330326959e-24, 5.12914993992e-24, 1.88462577904e-24, 2.145525549e-24, 1.17556462304e-23, 9.14094782735e-24, 5.08514964521e-24, 8.21105515836e-24, 1.74605952113e-23, 1.71089888618e-23, 9.91655823595e-24, 1.96139377803e-23, 3.74870614911e-23, 3.06704165903e-23, 6.33498599579e-23, 4.21379834399e-23, 8.5058952349e-23, 1.14452294642e-22, 1.23783673492e-22, 2.07683334787e-22, 2.150969486e-22, 3.59095870674e-22, 3.52440812886e-22, 6.58057265819e-22, 9.46176178029e-22, 1.24700476276e-21, 1.9366230786e-21], "var": [2.08880759911e-10, 8.37639561269e-07, 1.43025163197e-05, 2.47162529377e-06, 6.68852007948e-05, 1.30562348204e-05, 3.46277083736e-05, 0.00024111775565, 1.56440110004e-05, 2.71307317234e-06, 3.60233691765e-08, 2.13890572809e-07, 6.60527689433e-07, 3.36245236099e-08, 5.7133977549e-09, 1.20006573567e-08, 3.35520966566e-09, 2.74543010548e-09, 1.59987267878e-09, 2.25966537148e-11, 9.60308438672e-13, 2.92312007932e-11, 2.24845573475e-13, 3.20451537484e-13, 3.84379316299e-16, 3.05350745274e-18, 1.99702844528e-18]}, "erbbands": {"dmean": [0.00144513463601, 0.0578299947083, 0.635858178139, 1.13233363628, 1.71846854687, 7.2447552681, 3.58050251007, 4.77991485596, 7.02644729614, 26.8807315826, 20.5754013062, 12.8046760559, 3.98163437843, 4.56294155121, 1.55786049366, 3.58259224892, 4.53866863251, 1.79170501232, 0.72851473093, 0.784945011139, 0.640752792358, 0.316415697336, 0.507994353771, 0.139999374747, 0.217995464802, 0.0350367501378, 0.0124799534678, 0.00955188088119, 0.0225911680609, 0.00297881197184, 0.00116011220962, 0.00103893107735, 0.000121664743347, 3.53906798409e-05, 1.21118064271e-05, 4.52600761491e-06, 2.10645134757e-06, 5.86559792737e-07, 2.11290216612e-06, 5.00395981362e-06], "dmean2": [0.00217254832387, 0.088716417551, 0.958249807358, 1.78892552853, 2.83673977852, 11.6562814713, 5.53041553497, 7.07025957108, 9.30430221558, 39.4249343872, 30.649766922, 17.8209056854, 5.81441259384, 6.38199234009, 2.24463367462, 4.77845525742, 5.74993085861, 2.53050971031, 1.06395339966, 1.15629649162, 0.905660867691, 0.494227737188, 0.785773396492, 0.209869503975, 0.297555744648, 0.0488129928708, 0.0174164120108, 0.0140927331522, 0.0327525995672, 0.00437099067494, 0.00177905568853, 0.00151866558008, 0.000189981277799, 5.90321578784e-05, 2.03877862077e-05, 7.33180877432e-06, 3.33733669322e-06, 9.7584870673e-07, 3.07970640279e-06, 7.34747072784e-06], "dvar": [2.05265969271e-05, 0.02915173769, 3.84632372856, 9.47189712524, 8.27963161469, 444.022216797, 75.3915786743, 277.429504395, 706.548950195, 11908.3466797, 5981.97363281, 5060.35058594, 364.560913086, 1167.29650879, 21.7108078003, 192.20463562, 304.984008789, 47.1210670471, 5.65201616287, 5.62530708313, 5.60727405548, 1.75669586658, 10.7686700821, 0.373861163855, 2.69603657722, 0.0328985787928, 0.00514704640955, 0.00513673946261, 0.0351652465761, 0.00054253853159, 0.000100286109955, 0.000251836230746, 1.37565530167e-06, 1.29122838644e-07, 1.02089057208e-08, 2.28600124941e-10, 1.85603789282e-11, 1.34587295735e-12, 1.74732225217e-11, 9.64671606485e-11], "dvar2": [3.9459693653e-05, 0.0604519210756, 8.29267024994, 23.6613960266, 24.024312973, 1246.20080566, 178.656051636, 613.936462402, 1026.81152344, 26007.7246094, 13562.0117188, 10038.6025391, 751.640869141, 2172.09375, 48.7771606445, 350.320159912, 464.657531738, 82.7269821167, 10.9936542511, 12.0079917908, 10.561747551, 4.44454956055, 23.1695728302, 0.776594281197, 4.24458169937, 0.0647040531039, 0.0107923960313, 0.011513531208, 0.073995962739, 0.0012129819952, 0.000232759455685, 0.000474295549793, 3.20383946928e-06, 3.387719687e-07, 2.75580749332e-08, 5.75932024294e-10, 4.5072130056e-11, 3.59078543809e-12, 3.55609292013e-11, 1.99805061385e-10], "max": [0.182402476668, 3.96980404854, 33.1220054626, 67.9565734863, 69.8054122925, 525.118347168, 165.044265747, 620.968322754, 1117.58447266, 3108.94189453, 2087.34228516, 2069.78051758, 586.817382812, 1619.86218262, 198.883102417, 483.224456787, 449.166595459, 197.050521851, 54.8312454224, 58.4137611389, 62.311958313, 30.2466316223, 107.30821228, 12.6105079651, 60.7285614014, 4.13349246979, 1.76150715351, 2.02497911453, 5.04557991028, 0.639741122723, 0.303545713425, 0.764774441719, 0.0432663634419, 0.012009697035, 0.00414595473558, 0.000574337143917, 0.000104722639662, 2.83320368908e-05, 0.0001038639748, 0.000244394352194], "mean": [0.00409838184714, 0.127033352852, 1.30964815617, 2.89951324463, 5.58295488358, 22.5580387115, 9.37785148621, 17.048166275, 24.6070098877, 89.0422058105, 67.3817138672, 29.934261322, 10.3848867416, 9.88266086578, 4.74794864655, 9.83451080322, 13.2737102509, 4.76845884323, 1.85593509674, 2.01718068123, 1.60006654263, 0.685546576977, 0.830154955387, 0.269600629807, 0.394493073225, 0.0582312308252, 0.0186895225197, 0.0116358241066, 0.0278295781463, 0.00338841346093, 0.00121231854428, 0.00115397141781, 0.00013698238763, 4.33627137681e-05, 2.12035483855e-05, 1.23822092064e-05, 6.84650012772e-06, 1.63448100921e-06, 8.65606034495e-06, 2.02425762836e-05], "median": [0.000768608995713, 0.0267294868827, 0.237316697836, 0.951048314571, 2.49815702438, 4.22255945206, 3.45435619354, 5.13473892212, 3.79465436935, 7.08631134033, 6.75578308105, 2.63779306412, 1.52822780609, 1.4527015686, 1.72037625313, 2.15233802795, 1.93276906013, 0.895836114883, 0.324696719646, 0.336562812328, 0.199868947268, 0.0524350553751, 0.0228358060122, 0.00543648656458, 0.00205495860428, 0.000450644642115, 0.000120260127005, 4.90662023367e-05, 3.30018301611e-05, 2.20480269491e-05, 1.62932483363e-05, 1.34840029204e-05, 1.21440407383e-05, 1.06659845187e-05, 8.95273478818e-06, 6.83192683937e-06, 3.99948658014e-06, 9.46410921188e-07, 5.11873258802e-06, 1.20078348118e-05], "min": [8.7098826743e-23, 1.02090960377e-21, 2.28589746692e-21, 3.65146118273e-21, 1.94110193042e-20, 3.28740316239e-20, 5.44211366157e-20, 9.64488846075e-20, 8.66117878067e-20, 1.66121273627e-19, 1.89138621072e-19, 4.32815302031e-19, 7.17524173879e-19, 6.72620674327e-19, 7.55282849192e-19, 1.04019254498e-18, 2.09248508797e-18, 1.8831825436e-18, 2.70687658987e-18, 2.80955389892e-18, 4.23797632317e-18, 4.66466255291e-18, 6.30382309349e-18, 7.45759322344e-18, 4.73319322589e-18, 9.68413182186e-18, 9.79669455962e-18, 8.89201043239e-18, 1.1938047617e-17, 1.09276084485e-17, 1.09593663937e-17, 1.24770724186e-17, 1.20412243364e-17, 8.52344687558e-18, 6.06540399835e-18, 4.18520799036e-18, 2.14565605095e-18, 9.91902981593e-19, 2.42586353515e-19, 3.05802468606e-20], "var": [0.000153327157022, 0.0894735455513, 9.87496757507, 31.6619224548, 58.0366897583, 2174.63891602, 237.624557495, 1707.51757812, 6251.7890625, 75538.5, 30105.5371094, 12550.4746094, 1311.79541016, 3330.77636719, 89.8971557617, 539.910461426, 1386.22302246, 170.844039917, 19.5847511292, 18.0410308838, 17.1690540314, 4.57973957062, 17.0095233917, 0.867191553116, 6.8724603653, 0.0655094832182, 0.00906417798251, 0.00716900965199, 0.0516886152327, 0.000663704879116, 0.00010694503726, 0.000381063320674, 1.66235327015e-06, 1.04710856874e-07, 8.34931856986e-09, 4.158406397e-10, 7.95883983717e-11, 4.62016189196e-12, 1.17065232508e-10, 6.34658769982e-10]}, "gfcc": {"mean": [-271.160430908, 256.448608398, -98.6863555908, -58.7880058289, -14.3915328979, -25.5803661346, -34.6646118164, -19.1739253998, -12.0315141678, -15.8393659592, -6.47724962234, -15.6632328033, -10.2565202713], "cov": [[21294.3515625, 1940.94580078, -4788.11474609, 556.30859375, 98.8728637695, -1608.45056152, 391.869445801, 155.472167969, 91.4962844849, -144.778823853, 247.642501831, -493.516143799, -457.130828857], [1940.94580078, 1487.35644531, 160.046279907, -590.096313477, 272.648345947, 71.28465271, -199.817626953, -64.006652832, -33.1177864075, -105.159202576, -19.8292560577, -21.0172843933, 38.5776405334], [-4788.11474609, 160.046279907, 1664.72949219, -389.571075439, 5.05826044083, 539.684814453, -205.031555176, -106.649032593, -52.9510650635, -28.4871273041, -91.7358093262, 107.083724976, 133.165161133], [556.30859375, -590.096313477, -389.571075439, 738.684143066, -32.3813400269, -41.0956840515, 302.639251709, 98.4334182739, 46.1137390137, 35.4826126099, -8.89362335205, 1.43529188633, -72.4914855957], [98.8728637695, 272.648345947, 5.05826044083, -32.3813400269, 326.716766357, 13.9360866547, -25.9441890717, 51.0725212097, 9.3049697876, -14.5552463531, 16.5258312225, 27.4095573425, 26.4356784821], [-1608.45056152, 71.28465271, 539.684814453, -41.0956840515, 13.9360866547, 353.276977539, 16.1794490814, -52.4236373901, 0.620575428009, -36.6406860352, -66.1488113403, 58.6724739075, 53.4524536133], [391.869445801, -199.817626953, -205.031555176, 302.639251709, -25.9441890717, 16.1794490814, 265.72845459, 106.112556458, 22.1637115479, 13.1845541, -13.4440536499, -37.6725387573, -56.0541038513], [155.472167969, -64.006652832, -106.649032593, 98.4334182739, 51.0725212097, -52.4236373901, 106.112556458, 205.113754272, 128.530303955, 62.0299415588, 21.2983722687, -19.5838794708, -38.7389450073], [91.4962844849, -33.1177864075, -52.9510650635, 46.1137390137, 9.3049697876, 0.620575428009, 22.1637115479, 128.530303955, 233.468826294, 104.570487976, -0.394690841436, 14.646235466, -8.99944972992], [-144.778823853, -105.159202576, -28.4871273041, 35.4826126099, -14.5552463531, -36.6406860352, 13.1845541, 62.0299415588, 104.570487976, 127.765861511, 30.8803920746, -12.1261901855, -13.715880394], [247.642501831, -19.8292560577, -91.7358093262, -8.89362335205, 16.5258312225, -66.1488113403, -13.4440536499, 21.2983722687, -0.394690841436, 30.8803920746, 86.1751708984, 23.6800746918, -20.412443161], [-493.516143799, -21.0172843933, 107.083724976, 1.43529188633, 27.4095573425, 58.6724739075, -37.6725387573, -19.5838794708, 14.646235466, -12.1261901855, 23.6800746918, 117.23298645, 43.355430603], [-457.130828857, 38.5776405334, 133.165161133, -72.4914855957, 26.4356784821, 53.4524536133, -56.0541038513, -38.7389450073, -8.99944972992, -13.715880394, -20.412443161, 43.355430603, 91.4678878784]], "icov": [[0.000470858823974, -0.00104679632932, 0.00102558918297, -0.000691439141519, 0.000586212496273, 0.00051714858273, -4.9396421673e-05, 0.000612876319792, -0.000909516937099, 0.00113599165343, -0.00121216953266, 0.00110808364116, -0.000203617644729], [-0.00104679632932, 0.00376027566381, -0.0021295750048, 0.00286244112067, -0.00253181671724, -0.00137291592546, -0.000404496880947, -0.000616222154349, 0.00117626716383, -0.00140283210203, 0.00272811995819, -0.00200430303812, 0.00104083062615], [0.00102558918297, -0.0021295750048, 0.00439407955855, -0.00117496761959, 0.00171724974643, -0.0025220469106, 0.00247648800723, -0.00120962853543, 0.000565309717786, 0.000469056365546, -0.00115371332504, 0.0016970410943, -0.000257638399489], [-0.000691439141519, 0.00286244112067, -0.00117496761959, 0.00542235933244, -0.00224201264791, -7.01648459653e-05, -0.00431975908577, 0.000861499109305, 0.000581714499276, -0.00196181493811, 0.00375339225866, -0.00392832746729, 0.00221438938752], [0.000586212496273, -0.00253181671724, 0.00171724974643, -0.00224201264791, 0.00563424360007, -0.000631584029179, 0.00233075907454, -0.00291529414244, 0.000840407679789, 0.000940888538025, -0.00223269872367, 0.000940666184761, -0.00206541316584], [0.00051714858273, -0.00137291592546, -0.0025220469106, -7.01648459653e-05, -0.000631584029179, 0.0114526404068, -0.00712659116834, 0.00682952161878, -0.00578041747212, 0.00401168782264, 0.000383254955523, -0.00125643354841, -0.000491441227496], [-4.9396421673e-05, -0.000404496880947, 0.00247648800723, -0.00431975908577, 0.00233075907454, -0.00712659116834, 0.0152876377106, -0.0101408977062, 0.00653961068019, -0.00259485119022, 0.00199805549346, 0.00177391420584, 0.00131893949583], [0.000612876319792, -0.000616222154349, -0.00120962853543, 0.000861499109305, -0.00291529414244, 0.00682952161878, -0.0101408977062, 0.0181046910584, -0.012501954101, 0.00576891889796, -0.00645498419181, 0.00390158733353, 0.00041651466745], [-0.000909516937099, 0.00117626716383, 0.000565309717786, 0.000581714499276, 0.000840407679789, -0.00578041747212, 0.00653961068019, -0.012501954101, 0.0181182492524, -0.01431677863, 0.0111748855561, -0.00837411452085, 0.00254320213571], [0.00113599165343, -0.00140283210203, 0.000469056365546, -0.00196181493811, 0.000940888538025, 0.00401168782264, -0.00259485119022, 0.00576891889796, -0.01431677863, 0.0231135003269, -0.0143909296021, 0.0105524901301, -0.00388795230538], [-0.00121216953266, 0.00272811995819, -0.00115371332504, 0.00375339225866, -0.00223269872367, 0.000383254955523, 0.00199805549346, -0.00645498419181, 0.0111748855561, -0.0143909296021, 0.0293494835496, -0.0160162765533, 0.00944054313004], [0.00110808364116, -0.00200430303812, 0.0016970410943, -0.00392832746729, 0.000940666184761, -0.00125643354841, 0.00177391420584, 0.00390158733353, -0.00837411452085, 0.0105524901301, -0.0160162765533, 0.0217029973865, -0.00910183414817], [-0.000203617644729, 0.00104083062615, -0.000257638399489, 0.00221438938752, -0.00206541316584, -0.000491441227496, 0.00131893949583, 0.00041651466745, 0.00254320213571, -0.00388795230538, 0.00944054313004, -0.00910183414817, 0.0195633247495]]}, "melbands": {"dmean": [2.99990060739e-05, 0.000240669178311, 0.000189716360183, 0.000317458470818, 0.000179546754225, 9.88108804449e-05, 0.000113080706797, 0.000313618569635, 0.000148173188791, 7.48560632928e-05, 1.81827508641e-05, 1.99349869945e-05, 4.61627087134e-06, 8.10529218143e-06, 8.48759736982e-06, 9.58535929385e-06, 2.88335422738e-06, 1.14994350042e-06, 8.77004254107e-07, 1.47483979163e-06, 5.69857149912e-07, 2.10288590097e-07, 7.83755126577e-07, 2.17618847387e-07, 1.05645561632e-07, 1.73504901113e-07, 7.69506414144e-08, 1.71338694344e-08, 1.01537409591e-08, 5.07797359717e-09, 6.31020391495e-09, 1.79521446597e-08, 2.60288923748e-09, 1.29647625968e-09, 5.1990672878e-10, 1.01399832975e-09, 4.3473907807e-10, 9.42777106383e-11, 3.41752910693e-11, 2.72630251708e-11], "dmean2": [4.60709452454e-05, 0.000362417311408, 0.000301336083794, 0.000513210950885, 0.000282643799437, 0.000147062135511, 0.000153538319864, 0.000449427985586, 0.000223198876483, 0.000104565675429, 2.69738611678e-05, 2.78620263998e-05, 6.77185153108e-06, 1.11909894258e-05, 1.06164197859e-05, 1.23106119645e-05, 4.29852480011e-06, 1.70164560132e-06, 1.29509794533e-06, 2.13132420868e-06, 7.95611185822e-07, 3.15097423709e-07, 1.25218468838e-06, 3.21978376405e-07, 1.65343479352e-07, 2.40570727783e-07, 1.06868839111e-07, 2.48081803988e-08, 1.39769102958e-08, 8.23136669936e-09, 9.29642585135e-09, 2.60283261611e-08, 3.8904719446e-09, 2.00550043239e-09, 8.27395985059e-10, 1.52008206022e-09, 6.39759523136e-10, 1.63120170149e-10, 5.76985195733e-11, 4.70756177096e-11], "dvar": [8.039277688e-09, 5.4077833056e-07, 2.11192514143e-07, 6.35869469079e-07, 2.29431989851e-07, 1.13684450298e-07, 1.92905474705e-07, 1.65721826306e-06, 3.32893648647e-07, 2.25622414973e-07, 7.38779348808e-09, 2.21995435368e-08, 2.19960244463e-10, 8.86309359238e-10, 6.692277843e-10, 2.24707297214e-09, 1.38591374488e-10, 1.48599396677e-11, 8.68049555847e-12, 2.66545032573e-11, 3.93421623404e-12, 5.1463125211e-13, 1.59034695135e-11, 4.40466586815e-12, 2.55552984373e-13, 1.45934588199e-12, 2.99557606368e-13, 1.14986060902e-14, 5.12391363266e-15, 1.94758518496e-15, 3.22244346245e-15, 2.44486183821e-14, 5.24732834478e-16, 1.45121373995e-16, 1.72292870762e-17, 1.50649865397e-16, 4.85183284601e-17, 8.40844809092e-19, 1.00041297696e-19, 9.25079506e-20], "dvar2": [1.642083447e-08, 1.15618797736e-06, 5.25192547229e-07, 1.77625827291e-06, 6.01833448854e-07, 2.52952759183e-07, 3.0486671676e-07, 3.40626115758e-06, 7.90275635154e-07, 4.52596481182e-07, 1.53563473049e-08, 4.1446117649e-08, 5.20753995481e-10, 1.70343394945e-09, 1.00018016091e-09, 3.7539420461e-09, 2.43300241065e-10, 2.8800231297e-11, 1.72720882735e-11, 5.03868786972e-11, 7.41901158563e-12, 1.08727198252e-12, 4.01965648267e-11, 9.05477689356e-12, 5.5918263726e-13, 2.30948767055e-12, 5.00051985496e-13, 2.36368169232e-14, 1.02850916328e-14, 5.10309271579e-15, 6.58677764905e-15, 5.03549872426e-14, 1.23085004543e-15, 3.34163338598e-16, 4.34079272264e-17, 3.02927807528e-16, 8.88571840034e-17, 2.39194949192e-18, 2.67499017312e-19, 2.48394970872e-19], "max": [0.00266858981922, 0.0127857038751, 0.00974579248577, 0.0215858258307, 0.0094313044101, 0.012249215506, 0.0173635780811, 0.0376793146133, 0.0159718804061, 0.0142820514739, 0.0025132978335, 0.00703542679548, 0.000536190520506, 0.00104015355464, 0.000743345939554, 0.00155065779109, 0.000445289770141, 0.000103903505078, 9.6206786111e-05, 0.000135499038151, 5.01852046e-05, 2.52799545706e-05, 8.80965526449e-05, 7.73098727223e-05, 1.04326873043e-05, 4.32083579653e-05, 1.90870377992e-05, 3.04202126244e-06, 2.0691284135e-06, 1.54131180352e-06, 1.79608230155e-06, 4.62115258415e-06, 6.94656705491e-07, 3.98249625277e-07, 1.16931914818e-07, 5.13013389991e-07, 3.38902509611e-07, 2.98555669076e-08, 1.05695834307e-08, 1.05610169499e-08], "mean": [6.79690565448e-05, 0.000531844329089, 0.000513406761456, 0.00107072538231, 0.000489801808726, 0.000341798964655, 0.000370248832041, 0.00109018292278, 0.000463544623926, 0.000163359945873, 4.60494084109e-05, 4.15080248786e-05, 1.2660188986e-05, 2.18663062697e-05, 2.51093006227e-05, 2.67438626906e-05, 6.74897637509e-06, 2.80347330772e-06, 2.09119616557e-06, 3.69526810573e-06, 1.3517443449e-06, 4.73560731962e-07, 1.35860216233e-06, 3.14485276931e-07, 1.9445032251e-07, 3.34433906346e-07, 1.24484230923e-07, 2.76227680729e-08, 1.55974575478e-08, 5.11710229745e-09, 8.06038880086e-09, 2.25686278554e-08, 2.84315371246e-09, 1.34937705454e-09, 5.12160092114e-10, 1.05711472909e-09, 4.7994913599e-10, 8.59645410412e-11, 3.19319154451e-11, 2.40600456225e-11], "median": [1.26106115204e-05, 0.000103093014332, 0.000184917967999, 0.000280873908196, 0.000178320653504, 9.95961745502e-05, 4.9141512136e-05, 8.32137375255e-05, 4.64704207843e-05, 9.27157088881e-06, 5.79764400754e-06, 5.18486422152e-06, 4.08555206377e-06, 5.33681031811e-06, 4.71892917631e-06, 2.91487640425e-06, 1.08261997411e-06, 3.80821120416e-07, 2.46037387797e-07, 5.06489129748e-07, 1.35694165238e-07, 3.90281762463e-08, 2.60278483211e-08, 5.54157963961e-09, 2.90059332109e-09, 1.11953624149e-09, 7.67218399922e-10, 1.28737617788e-10, 6.87872606098e-11, 3.02054492529e-11, 2.01049732418e-11, 1.55480489594e-11, 1.16101295244e-11, 7.24008093062e-12, 5.50250036507e-12, 4.39237275024e-12, 3.46222551496e-12, 3.0672070786e-12, 2.89835993747e-12, 2.53869820131e-12], "min": [1.80908071166e-24, 1.14816870653e-24, 8.25889543074e-25, 1.73530703145e-24, 2.25011726377e-24, 2.09100007488e-24, 1.36638410039e-24, 1.89882172546e-24, 1.45461306504e-24, 2.92193034053e-24, 3.32464639644e-24, 2.64677112084e-24, 2.0379361628e-24, 2.18491357122e-24, 3.8433220472e-24, 3.86057404076e-24, 2.78920232386e-24, 2.9290886616e-24, 4.53549108797e-24, 2.54745688553e-24, 4.23963353864e-24, 4.95522504298e-24, 4.50977895563e-24, 5.34632808029e-24, 5.24408105735e-24, 2.5526322075e-24, 4.80422404952e-24, 5.58996777087e-24, 6.05200557521e-24, 5.84586241561e-24, 4.55428451575e-24, 6.16455078284e-24, 6.75715216674e-24, 4.7300798019e-24, 6.20130894001e-24, 5.81720428221e-24, 7.27941752904e-24, 7.67803762192e-24, 6.91715524642e-24, 6.73791737129e-24], "var": [3.06889731405e-08, 1.54712199674e-06, 7.89536443335e-07, 4.16184411733e-06, 6.69352459681e-07, 6.75535432038e-07, 1.54491954163e-06, 1.17670360851e-05, 1.46340710216e-06, 5.25430039033e-07, 2.87516321862e-08, 6.34047978565e-08, 7.04474145685e-10, 2.45382336672e-09, 3.45538198054e-09, 8.13590439463e-09, 4.62534704981e-10, 5.29144610073e-11, 2.49266735725e-11, 9.12514439011e-11, 1.18989297582e-11, 2.07733808454e-12, 3.42793952945e-11, 6.21968709175e-12, 5.55733031208e-13, 3.9359717742e-12, 6.88874901133e-13, 2.18663639035e-14, 9.68023218143e-15, 1.59880020481e-15, 5.1934876484e-15, 3.77680878108e-14, 5.87075571127e-16, 1.55790071603e-16, 1.54364425817e-17, 2.05618068509e-16, 7.66062156151e-17, 6.97747009216e-19, 7.79419785596e-20, 6.78859309281e-20]}, "mfcc": {"mean": [-860.789428711, 234.274612427, 21.1661396027, -14.994808197, 6.46348285675, -0.898164570332, -11.3349733353, -10.8441476822, -10.1874837875, -7.31395816803, -3.54454660416, -1.19107627869, -0.436063617468], "cov": [[6916.37158203, 3030.51977539, -2409.58007812, -101.290161133, 304.917572021, -490.029418945, -214.398757935, 149.036514282, -74.2571029663, 113.285186768, 334.317443848, 139.05418396, 106.857124329], [3030.51977539, 2140.80566406, -594.731323242, -419.463531494, 211.568328857, -91.7062911987, -158.92250061, -29.8377513885, -46.9971580505, -22.3380184174, 44.0624313354, 70.1643600464, 64.6366729736], [-2409.58007812, -594.731323242, 1376.89318848, -53.0874176025, -175.839904785, 326.143188477, 108.270774841, -83.4953536987, 41.7617111206, -58.5461273193, -178.818695068, -78.6044769287, -60.2121276855], [-101.290161133, -419.463531494, -53.0874176025, 388.751220703, 6.15686988831, -51.5780143738, 109.926940918, 99.5650634766, 43.6390419006, 75.2320861816, 64.9754257202, -15.2851085663, 9.11879730225], [304.917572021, 211.568328857, -175.839904785, 6.15686988831, 239.358352661, 7.85623407364, -44.982257843, 41.5574913025, 25.912563324, -6.73316144943, 3.26231479645, 29.2981987, 57.3924751282], [-490.029418945, -91.7062911987, 326.143188477, -51.5780143738, 7.85623407364, 229.845214844, 70.8841705322, -6.67180490494, 22.0343647003, -41.407119751, -65.7442398071, -57.4868507385, -55.9278640747], [-214.398757935, -158.92250061, 108.270774841, 109.926940918, -44.982257843, 70.8841705322, 204.609649658, 89.6616210938, -5.75036907196, 16.2911396027, 1.25447309017, -65.8678436279, -80.2608337402], [149.036514282, -29.8377513885, -83.4953536987, 99.5650634766, 41.5574913025, -6.67180490494, 89.6616210938, 163.691604614, 69.2558822632, 18.625957489, 36.1196289062, -11.8321237564, -11.6243047714], [-74.2571029663, -46.9971580505, 41.7617111206, 43.6390419006, 25.912563324, 22.0343647003, -5.75036907196, 69.2558822632, 151.420593262, 90.8661346436, 18.9191188812, 18.8800754547, 52.3846282959], [113.285186768, -22.3380184174, -58.5461273193, 75.2320861816, -6.73316144943, -41.407119751, 16.2911396027, 18.625957489, 90.8661346436, 175.052734375, 80.643081665, 16.2682533264, 54.2317581177], [334.317443848, 44.0624313354, -178.818695068, 64.9754257202, 3.26231479645, -65.7442398071, 1.25447309017, 36.1196289062, 18.9191188812, 80.643081665, 131.444366455, 45.4694786072, 22.3688182831], [139.05418396, 70.1643600464, -78.6044769287, -15.2851085663, 29.2981987, -57.4868507385, -65.8678436279, -11.8321237564, 18.8800754547, 16.2682533264, 45.4694786072, 119.458755493, 95.6841964722], [106.857124329, 64.6366729736, -60.2121276855, 9.11879730225, 57.3924751282, -55.9278640747, -80.2608337402, -11.6243047714, 52.3846282959, 54.2317581177, 22.3688182831, 95.6841964722, 169.330429077]], "icov": [[0.0530610159039, -0.0746955797076, 0.0750489011407, -0.075453966856, 0.0758110210299, -0.0761019214988, 0.0752545669675, -0.0720821470022, 0.0639675632119, -0.0539628006518, 0.0398479998112, -0.027896605432, 0.0136621100828], [-0.0746955797076, 0.105956211686, -0.105421535671, 0.107342258096, -0.10734526068, 0.107406586409, -0.106305465102, 0.101528957486, -0.0900708138943, 0.0760054886341, -0.0565478913486, 0.0395638048649, -0.0194993130863], [0.0750489011407, -0.105421535671, 0.107767999172, -0.106757119298, 0.108298696578, -0.109582051635, 0.106138385832, -0.101422019303, 0.0900344699621, -0.0764600634575, 0.057767380029, -0.0400587581098, 0.0190369933844], [-0.075453966856, 0.107342258096, -0.106757119298, 0.113025873899, -0.109555080533, 0.111142061651, -0.111167661846, 0.103604078293, -0.0932597592473, 0.0783584713936, -0.0599315389991, 0.0423367246985, -0.021397171542], [0.0758110210299, -0.10734526068, 0.108298696578, -0.109555080533, 0.115967288613, -0.113607428968, 0.112632207572, -0.108909033239, 0.0957260802388, -0.0800148099661, 0.0603750646114, -0.0414476655424, 0.018083145842], [-0.0761019214988, 0.107406586409, -0.109582051635, 0.111142061651, -0.113607428968, 0.123302876949, -0.118506394327, 0.114124327898, -0.104296542704, 0.0874917730689, -0.0631933063269, 0.0455685481429, -0.0201882012188], [0.0752545669675, -0.106305465102, 0.106138385832, -0.111167661846, 0.112632207572, -0.118506394327, 0.12992785871, -0.123062126338, 0.110522709787, -0.0933063924313, 0.0666834264994, -0.0447654649615, 0.0248155742884], [-0.0720821470022, 0.101528957486, -0.101422019303, 0.103604078293, -0.108909033239, 0.114124327898, -0.123062126338, 0.129751846194, -0.114431463182, 0.0951535478234, -0.0687603056431, 0.0462015494704, -0.0218251030892], [0.0639675632119, -0.0900708138943, 0.0900344699621, -0.0932597592473, 0.0957260802388, -0.104296542704, 0.110522709787, -0.114431463182, 0.113361097872, -0.0918568819761, 0.0636733919382, -0.0432027131319, 0.0190408211201], [-0.0539628006518, 0.0760054886341, -0.0764600634575, 0.0783584713936, -0.0800148099661, 0.0874917730689, -0.0933063924313, 0.0951535478234, -0.0918568819761, 0.0860141590238, -0.0605802983046, 0.0416372418404, -0.0226999726146], [0.0398479998112, -0.0565478913486, 0.057767380029, -0.0599315389991, 0.0603750646114, -0.0631933063269, 0.0666834264994, -0.0687603056431, 0.0636733919382, -0.0605802983046, 0.0558641590178, -0.0358616970479, 0.0183482225984], [-0.027896605432, 0.0395638048649, -0.0400587581098, 0.0423367246985, -0.0414476655424, 0.0455685481429, -0.0447654649615, 0.0462015494704, -0.0432027131319, 0.0416372418404, -0.0358616970479, 0.0402265489101, -0.0209335442632], [0.0136621100828, -0.0194993130863, 0.0190369933844, -0.021397171542, 0.018083145842, -0.0201882012188, 0.0248155742884, -0.0218251030892, 0.0190408211201, -0.0226999726146, 0.0183482225984, -0.0209335442632, 0.020900812]]}, "spectral_contrast_coeffs": {"dmean": [0.0385904051363, 0.0329149775207, 0.0267754103988, 0.0223767887801, 0.0181498788297, 0.0358355082572], "dmean2": [0.0655414238572, 0.0531801022589, 0.041160389781, 0.0355994403362, 0.0289414059371, 0.0628584846854], "dvar": [0.00114759232383, 0.00112412020098, 0.000727697566617, 0.000534411345143, 0.000392172165448, 0.00117637426592], "dvar2": [0.00317583372816, 0.0027487562038, 0.00173027126584, 0.00128109124489, 0.000896965852007, 0.00319033651613], "max": [-0.253649443388, -0.317662775517, -0.495533287525, -0.544207155704, -0.570390164852, -0.637835741043], "mean": [-0.550974667072, -0.654795646667, -0.728897929192, -0.712283909321, -0.744730889797, -0.887146234512], "median": [-0.563202261925, -0.663601756096, -0.730400264263, -0.709861278534, -0.735876202583, -0.904941499233], "min": [-0.998861193657, -0.99692684412, -0.995919346809, -0.997948408127, -0.96731710434, -0.964532852173], "var": [0.0135131943971, 0.0124036027119, 0.00500227417797, 0.0040052421391, 0.00533566158265, 0.00429223664105]}, "spectral_contrast_valleys": {"dmean": [0.384296327829, 0.299956262112, 0.27082952857, 0.257001668215, 0.256830364466, 0.782045722008], "dmean2": [0.645945847034, 0.487628430128, 0.425980836153, 0.41363799572, 0.412089347839, 1.37678325176], "dvar": [0.159072101116, 0.165377959609, 0.139915078878, 0.165878847241, 0.210714578629, 0.453461408615], "dvar2": [0.334122419357, 0.284891456366, 0.240997552872, 0.304703772068, 0.4181