{"lowlevel": {"average_loudness": 0.90174716711, "barkbands_crest": {"dmean": 1.94724082947, "dmean2": 3.12072300911, "dvar": 4.95291137695, "dvar2": 12.1675395966, "max": 26.646697998, "mean": 15.8253564835, "median": 14.5886363983, "min": 3.19844174385, "var": 24.3096179962}, "barkbands_flatness_db": {"dmean": 0.035544782877, "dmean2": 0.0473106391728, "dvar": 0.00197329977527, "dvar2": 0.00284028239548, "max": 0.66775649786, "mean": 0.379582852125, "median": 0.368237346411, "min": 0.0203189458698, "var": 0.0148504879326}, "barkbands_kurtosis": {"dmean": 18.3189544678, "dmean2": 29.8259925842, "dvar": 5042.36767578, "dvar2": 13425.0341797, "max": 1570.77990723, "mean": 36.2827033997, "median": 8.78093338013, "min": -1.73904418945, "var": 10533.5224609}, "barkbands_skewness": {"dmean": 0.868387579918, "dmean2": 1.29746031761, "dvar": 1.93878340721, "dvar2": 4.302298069, "max": 25.3327121735, "mean": 2.89328026772, "median": 2.35063743591, "min": -2.80474853516, "var": 12.2445640564}, "barkbands_spread": {"dmean": 2.08061051369, "dmean2": 3.00327682495, "dvar": 37.3123397827, "dvar2": 76.5054855347, "max": 121.22706604, "mean": 5.54444885254, "median": 3.24950551987, "min": 0.0381206832826, "var": 70.1186752319}, "dissonance": {"dmean": 0.041394405067, "dmean2": 0.0693351104856, "dvar": 0.00178314885125, "dvar2": 0.00489878747612, "max": 0.49870890379, "mean": 0.35470238328, "median": 0.355399906635, "min": 0.123935878277, "var": 0.00562542350963}, "dynamic_complexity": 8.33622646332, "erbbands_crest": {"dmean": 1.98136532307, "dmean2": 2.75380325317, "dvar": 6.94072151184, "dvar2": 11.805598259, "max": 32.440246582, "mean": 17.7895069122, "median": 16.9413452148, "min": 3.17886519432, "var": 50.6119194031}, "erbbands_flatness_db": {"dmean": 0.023134926334, "dmean2": 0.0311898589134, "dvar": 0.00110155704897, "dvar2": 0.00179001910146, "max": 0.479367136955, "mean": 0.296279728413, "median": 0.310570657253, "min": 0.0253300145268, "var": 0.00674228835851}, "erbbands_kurtosis": {"dmean": 2.6669178009, "dmean2": 3.70262980461, "dvar": 35.1515884399, "dvar2": 75.1210784912, "max": 103.73260498, "mean": 6.48949670792, "median": 2.00501084328, "min": -1.73315513134, "var": 154.06312561}, "erbbands_skewness": {"dmean": 0.444476813078, "dmean2": 0.614835977554, "dvar": 0.416353166103, "dvar2": 0.775186240673, "max": 8.62561321259, "mean": 0.904670238495, "median": 0.726651668549, "min": -3.17619109154, "var": 3.07517194748}, "erbbands_spread": {"dmean": 3.65942883492, "dmean2": 5.38918209076, "dvar": 58.4083442688, "dvar2": 121.979667664, "max": 112.769546509, "mean": 15.0779285431, "median": 12.2618350983, "min": 1.26957809925, "var": 164.050079346}, "hfc": {"dmean": 3.64549541473, "dmean2": 4.77226829529, "dvar": 62.110118866, "dvar2": 107.219947815, "max": 90.4915237427, "mean": 9.60666561127, "median": 3.91152358055, "min": 1.18876402231e-16, "var": 201.032775879}, "melbands_crest": {"dmean": 2.35605335236, "dmean2": 3.59546303749, "dvar": 6.66102695465, "dvar2": 15.3332796097, "max": 32.9003257751, "mean": 21.250207901, "median": 21.7434921265, "min": 1.80821692944, "var": 29.4412593842}, "melbands_flatness_db": {"dmean": 0.0398479364812, "dmean2": 0.0524550639093, "dvar": 0.00259350263514, "dvar2": 0.00358995003626, "max": 0.827514469624, "mean": 0.5046646595, "median": 0.488377094269, "min": 0.00811522547156, "var": 0.0199149399996}, "melbands_kurtosis": {"dmean": 9.01862239838, "dmean2": 13.6021614075, "dvar": 324.394561768, "dvar2": 709.020263672, "max": 259.222503662, "mean": 22.2777271271, "median": 13.6948261261, "min": -1.83104705811, "var": 969.335510254}, "melbands_skewness": {"dmean": 0.674842894077, "dmean2": 1.00211203098, "dvar": 0.869994997978, "dvar2": 1.72487866879, "max": 11.45981884, "mean": 2.69205832481, "median": 2.60758161545, "min": -2.47299647331, "var": 4.23875761032}, "melbands_spread": {"dmean": 2.33116292953, "dmean2": 3.30816650391, "dvar": 62.6137695312, "dvar2": 97.7336807251, "max": 146.740325928, "mean": 6.46725654602, "median": 3.71423506737, "min": 0.242280632257, "var": 112.057395935}, "pitch_salience": {"dmean": 0.0520632006228, "dmean2": 0.0761683434248, "dvar": 0.00384486257099, "dvar2": 0.00803548377007, "max": 0.802953183651, "mean": 0.333231091499, "median": 0.351973176003, "min": 0.0411093942821, "var": 0.0199614223093}, "silence_rate_20dB": {"dmean": 0.0360631085932, "dmean2": 0.0721804499626, "dvar": 0.0347627624869, "dvar2": 0.0714823454618, "max": 1, "mean": 0.940690696239, "median": 1, "min": 0, "var": 0.0557913295925}, "silence_rate_30dB": {"dmean": 0.0616078153253, "dmean2": 0.12330827117, "dvar": 0.057811550796, "dvar2": 0.114117003977, "max": 1, "mean": 0.769519507885, "median": 1, "min": 0, "var": 0.177357986569}, "silence_rate_60dB": {"dmean": 0.040571000427, "dmean2": 0.080451130867, "dvar": 0.0389243513346, "dvar2": 0.0784895718098, "max": 1, "mean": 0.265015006065, "median": 0, "min": 0, "var": 0.194783523679}, "spectral_centroid": {"dmean": 94.0428314209, "dmean2": 117.593795776, "dvar": 139747.671875, "dvar2": 161580.359375, "max": 11037.1855469, "mean": 427.219970703, "median": 353.097473145, "min": 77.6681442261, "var": 234009.421875}, "spectral_complexity": {"dmean": 0.969196081161, "dmean2": 1.59172928333, "dvar": 5.73690271378, "dvar2": 13.1257648468, "max": 34, "mean": 4.81156158447, "median": 5, "min": 0, "var": 10.6649713516}, "spectral_decrease": {"dmean": 8.61397442264e-09, "dmean2": 1.16847749254e-08, "dvar": 5.10643394312e-16, "dvar2": 9.5358715092e-16, "max": 7.27056437822e-18, "mean": -2.0041380111e-08, "median": -4.03396427373e-09, "min": -2.72714657967e-07, "var": 1.43174222596e-15}, "spectral_energy": {"dmean": 0.0328170545399, "dmean2": 0.0444954000413, "dvar": 0.0073872753419, "dvar2": 0.0137853678316, "max": 1.0368295908, "mean": 0.0765119045973, "median": 0.015698576346, "min": 1.06533722002e-20, "var": 0.0207306016237}, "spectral_energyband_high": {"dmean": 3.8756232243e-05, "dmean2": 6.27158296993e-05, "dvar": 5.34503534766e-08, "dvar2": 1.37530548727e-07, "max": 0.00314570358023, "mean": 2.86161812255e-05, "median": 4.20190303885e-07, "min": 7.68293188537e-21, "var": 4.12118801307e-08}, "spectral_energyband_low": {"dmean": 0.0322056114674, "dmean2": 0.0440028049052, "dvar": 0.00736146699637, "dvar2": 0.0138449920341, "max": 1.03516864777, "mean": 0.0703435391188, "median": 0.00788413733244, "min": 6.49083524949e-23, "var": 0.02020396851}, "spectral_energyband_middle_high": {"dmean": 0.000472533633001, "dmean2": 0.000599415798206, "dvar": 4.20243304688e-06, "dvar2": 5.84719009566e-06, "max": 0.0592094510794, "mean": 0.00143968942575, "median": 9.78599709924e-05, "min": 1.70393349683e-21, "var": 2.40937933995e-05}, "spectral_energyband_middle_low": {"dmean": 0.00120465049986, "dmean2": 0.00146743992809, "dvar": 7.11009852239e-06, "dvar2": 1.33985822686e-05, "max": 0.0517805293202, "mean": 0.00499220844358, "median": 0.0023696355056, "min": 1.56595692823e-22, "var": 4.48006685474e-05}, "spectral_entropy": {"dmean": 0.246394425631, "dmean2": 0.327087581158, "dvar": 0.143603011966, "dvar2": 0.209383353591, "max": 9.81000709534, "mean": 5.57943868637, "median": 5.42577552795, "min": 3.81819176674, "var": 0.80988997221}, "spectral_flux": {"dmean": 0.0405163951218, "dmean2": 0.0653911009431, "dvar": 0.00578836165369, "dvar2": 0.0144430389628, "max": 0.773585617542, "mean": 0.0612027347088, "median": 0.0297203343362, "min": 1.0321517252e-10, "var": 0.00809740554541}, "spectral_kurtosis": {"dmean": 17.55859375, "dmean2": 28.111536026, "dvar": 442.334106445, "dvar2": 971.420288086, "max": 200.331939697, "mean": 54.2112998962, "median": 41.248550415, "min": -1.17419970036, "var": 1894.33728027}, "spectral_rms": {"dmean": 0.00132315279916, "dmean2": 0.00167542719282, "dvar": 6.16192210146e-06, "dvar2": 9.48903652898e-06, "max": 0.0318047329783, "mean": 0.00614179577678, "median": 0.00391352036968, "min": 3.22390031338e-12, "var": 3.69242079614e-05}, "spectral_rolloff": {"dmean": 148.337783813, "dmean2": 243.179000854, "dvar": 746596.8125, "dvar2": 1288812, "max": 19358.3496094, "mean": 437.242858887, "median": 215.33203125, "min": 64.599609375, "var": 1111068.125}, "spectral_skewness": {"dmean": 1.01356780529, "dmean2": 1.65123319626, "dvar": 1.16941308975, "dvar2": 2.49770402908, "max": 11.7698793411, "mean": 5.36027145386, "median": 5.06143903732, "min": 0.0180697329342, "var": 5.97122001648}, "spectral_spread": {"dmean": 566141.0625, "dmean2": 887693.875, "dvar": 1629659070460.0, "dvar2": 2108009349120.0, "max": 39929604, "mean": 2232467.75, "median": 1698687, "min": 442900.25, "var": 3382930833410.0}, "spectral_strongpeak": {"dmean": 0.277993679047, "dmean2": 0.407054692507, "dvar": 0.314926803112, "dvar2": 0.646793246269, "max": 8.70423793793, "mean": 0.902084231377, "median": 0.45335996151, "min": 0, "var": 1.14775872231}, "zerocrossingrate": {"dmean": 0.00451119057834, "dmean2": 0.00498377298936, "dvar": 0.000277376093436, "dvar2": 0.000266425282462, "max": 0.50830078125, "mean": 0.017614049837, "median": 0.01123046875, "min": 0.00244140625, "var": 0.000768895552028}, "barkbands": {"dmean": [0.000127166407765, 0.0253145769238, 0.00852356106043, 0.000261828681687, 0.000355142226908, 0.00016868050443, 0.000151838350575, 0.000380874582333, 0.000167661011801, 0.000327216810547, 0.00014220700541, 2.73636342172e-05, 8.74726902111e-06, 8.55582948134e-06, 1.6721583961e-05, 1.03964239315e-05, 1.49947172758e-05, 1.70440816873e-05, 8.49478237797e-06, 3.44108639183e-06, 7.00611644788e-06, 1.42054514072e-05, 6.68245638735e-06, 3.64599782188e-06, 2.38142501985e-06, 2.77296499007e-06, 7.06700120645e-07], "dmean2": [0.000205784002901, 0.0367262139916, 0.0100011350587, 0.000412990513723, 0.000452823122032, 0.000251936522545, 0.000195825865376, 0.000448954640888, 0.000244975410169, 0.000411387998611, 0.000173060834641, 3.82340840588e-05, 1.24563857753e-05, 1.31569058794e-05, 2.26408228627e-05, 1.41612417792e-05, 2.2891566914e-05, 2.75175316347e-05, 1.37035221996e-05, 5.32573903911e-06, 1.14522481454e-05, 2.57639221672e-05, 1.10570308607e-05, 5.81342601436e-06, 3.45393618773e-06, 3.90598734157e-06, 9.76250703388e-07], "dvar": [1.01189023383e-07, 0.00467834202573, 0.000582052045502, 4.40725898443e-07, 7.56792815082e-07, 3.68086659819e-07, 5.74195553327e-07, 2.43823819801e-06, 1.71690351181e-06, 3.49876904693e-06, 8.31788327105e-07, 1.26550725454e-08, 8.17828971211e-10, 3.23722448847e-09, 1.077743228e-08, 2.53065479683e-09, 6.42816511132e-09, 9.52869161353e-09, 2.27541208098e-09, 3.18374160369e-10, 1.91437710129e-09, 9.39496036523e-09, 1.57430390946e-09, 4.22975265923e-10, 1.66228197873e-10, 2.38894626303e-10, 1.42047597643e-11], "dvar2": [2.40898089032e-07, 0.0102622769773, 0.000652517133858, 1.12137888664e-06, 1.23979634736e-06, 8.13190411009e-07, 8.83216500824e-07, 3.70272277905e-06, 4.21277081841e-06, 4.76422519569e-06, 1.41756572702e-06, 2.56055479042e-08, 1.77291936687e-09, 8.62051852124e-09, 1.75177365946e-08, 4.93335372553e-09, 1.55749155795e-08, 2.41177531279e-08, 5.7717253199e-09, 7.38578920245e-10, 4.98546226524e-09, 2.64477115763e-08, 4.11890610508e-09, 1.05587960597e-09, 3.42895462024e-10, 4.96652940996e-10, 2.83651713229e-11], "max": [0.00426046969369, 0.92677038908, 0.301846474409, 0.00900658685714, 0.0149546237662, 0.0125376861542, 0.0281638763845, 0.0346141606569, 0.0410479009151, 0.0570768564939, 0.0247446000576, 0.00221820059232, 0.000469855585834, 0.00155073439237, 0.00279772398062, 0.00118892209139, 0.00112214742694, 0.00129387818743, 0.000706744787749, 0.00025439626188, 0.000724634388462, 0.00128530978691, 0.000512896571308, 0.000269185955403, 0.000232599879382, 0.000284716166789, 7.62255003792e-05], "mean": [0.000240791894612, 0.0523271709681, 0.017556944862, 0.00048941798741, 0.00104617734905, 0.000706043152604, 0.000671701331157, 0.0014052989427, 0.000506704906002, 0.00104176183231, 0.000308955583023, 7.16396752978e-05, 1.39998019222e-05, 1.56854184752e-05, 3.51075905201e-05, 1.1012167306e-05, 1.37833685585e-05, 1.32520463012e-05, 6.86059684085e-06, 2.99534008263e-06, 5.09954816152e-06, 8.6948284661e-06, 4.77493676954e-06, 2.83275926449e-06, 2.20703350351e-06, 2.51598498835e-06, 6.6661556275e-07], "median": [1.77695346792e-05, 0.00537498295307, 0.00185227463953, 0.00013862454216, 0.000189783837413, 6.87038336764e-05, 7.53591448301e-05, 3.15572397085e-05, 1.50665928231e-05, 1.54176759679e-05, 9.68932909018e-06, 5.30435863766e-06, 1.64575749295e-06, 6.83565986037e-07, 1.08243875729e-06, 4.81334950564e-07, 4.58876399989e-07, 4.15310466906e-07, 2.44185997644e-07, 1.20031643291e-07, 7.54031859174e-08, 6.38860058189e-08, 5.40085665079e-08, 4.61628530957e-08, 2.9428095516e-08, 2.2386116072e-08, 5.50470957705e-09], "min": [4.93539023992e-23, 1.88590799355e-23, 2.42191357733e-23, 4.12800972055e-24, 2.48552779404e-23, 3.03342135389e-23, 4.76319925925e-23, 3.8550408126e-23, 9.2634768586e-24, 2.62442127145e-23, 3.82917501015e-23, 7.78492748572e-23, 1.34240397133e-22, 1.9824279021e-22, 1.10787676016e-22, 1.92919455847e-22, 1.03893530265e-22, 3.31349676263e-22, 3.4677908875e-22, 2.35548716615e-22, 4.81476267901e-22, 3.51246338636e-22, 6.90620787654e-22, 9.26791656777e-22, 1.34289490787e-21, 1.50382041207e-21, 2.47740795408e-21], "var": [2.33675919503e-07, 0.0119375362992, 0.00194876419846, 8.01464238975e-07, 4.30398858953e-06, 2.50921880252e-06, 3.95523784391e-06, 1.86560482689e-05, 6.56531256027e-06, 1.86387733265e-05, 1.93786581804e-06, 4.62437519388e-08, 1.57438206916e-09, 4.65895988455e-09, 3.68442307774e-08, 3.72272945803e-09, 5.97934812774e-09, 7.35720862011e-09, 1.88001147983e-09, 3.01825869853e-10, 1.42353895338e-09, 5.69986235988e-09, 1.16796894378e-09, 3.52452039776e-10, 1.92222210371e-10, 2.71571376498e-10, 1.76459975104e-11]}, "erbbands": {"dmean": [0.350009560585, 6.84133529663, 13.6892757416, 2.24859714508, 1.43301701546, 0.894208133221, 0.687326729298, 1.70619261265, 2.39125823975, 2.50890994072, 9.90028476715, 4.67384767532, 4.09426689148, 10.9972343445, 5.26075792313, 1.4116153717, 0.472369998693, 0.458671599627, 0.836569964886, 0.718198001385, 0.593275308609, 0.813047885895, 0.999296486378, 0.5602170825, 0.336193829775, 0.174950003624, 0.193163588643, 0.408955961466, 0.510463833809, 0.295235157013, 0.188199415803, 0.117477655411, 0.0375701636076, 0.0216569826007, 0.0206316635013, 0.0140188075602, 0.00517093576491, 0.000515322142746, 0.000132049055537, 4.512569285e-05], "dmean2": [0.508894264698, 9.89486122131, 16.791759491, 2.7201359272, 1.87127029896, 1.2369222641, 1.00208806992, 2.55593824387, 3.10204935074, 3.48463749886, 11.6616840363, 6.09273290634, 5.40926027298, 13.1365690231, 6.58753538132, 1.9224165678, 0.656424999237, 0.691558301449, 1.10649859905, 0.897424161434, 0.810647547245, 1.23363041878, 1.6181435585, 0.891799509525, 0.537919104099, 0.275430083275, 0.302862644196, 0.728526890278, 0.928340613842, 0.509256899357, 0.314823746681, 0.196528866887, 0.0559090077877, 0.0302423518151, 0.0302799250931, 0.0202816203237, 0.00726423971355, 0.000678333104588, 0.000181043767952, 6.22775842203e-05], "dvar": [0.782790899277, 352.899291992, 1550.87072754, 28.3640613556, 13.8773479462, 8.34661579132, 4.70469522476, 41.6470108032, 140.673309326, 82.1260986328, 1829.87683105, 1072.23010254, 342.601135254, 4367.92431641, 856.36126709, 31.9291000366, 1.97241377831, 7.94546079636, 23.6711845398, 43.3202896118, 7.84896612167, 19.8479099274, 32.1077270508, 10.295296669, 3.54505991936, 0.910406529903, 1.17832183838, 8.01220989227, 12.2909107208, 3.33743286133, 1.2884452343, 0.527514219284, 0.0382167249918, 0.0119707910344, 0.0125675620511, 0.00638067536056, 0.000868099508807, 6.41853785055e-06, 4.08872182334e-07, 1.20629408684e-08], "dvar2": [1.65753221512, 766.731933594, 2060.68432617, 36.6962394714, 25.2993221283, 19.4204120636, 8.43850517273, 96.8124465942, 219.599594116, 185.560424805, 2844.10424805, 2502.26391602, 643.067504883, 5663.97412109, 1479.1920166, 62.3200073242, 4.16410303116, 20.9805030823, 39.8195800781, 59.1530838013, 16.3801212311, 48.0811347961, 81.7126846313, 25.9324569702, 8.96755409241, 2.15621209145, 2.65506076813, 22.4558410645, 34.7173614502, 9.00568008423, 3.40762495995, 1.41142678261, 0.0853641033173, 0.0225192140788, 0.0272658839822, 0.0135862966999, 0.0018128316151, 1.26705790535e-05, 8.10693279618e-07, 2.32733015082e-08], "max": [15.8106794357, 250.415267944, 485.88079834, 77.1243896484, 62.30493927, 68.76587677, 47.8768997192, 158.538879395, 441.317901611, 177.12689209, 961.686096191, 1078.13842773, 327.103668213, 2098.3359375, 775.546630859, 109.218505859, 23.2752685547, 76.9022521973, 144.790634155, 253.724975586, 38.4920158386, 62.3211631775, 69.9459915161, 48.7017631531, 26.9830360413, 14.2029027939, 15.2840175629, 44.2216682434, 46.9179916382, 22.6425647736, 15.3764438629, 10.8647060394, 2.86892032623, 1.96962487698, 1.93094480038, 1.45910489559, 0.557352364063, 0.0449413135648, 0.0130099970847, 0.00140504736919], "mean": [0.793702244759, 13.8579502106, 28.6499061584, 5.14128875732, 4.29901695251, 2.19068574905, 2.49532723427, 7.04407310486, 10.6768255234, 8.02016162872, 38.7715148926, 17.1820487976, 12.9534883499, 35.3127098083, 13.0924901962, 4.07944297791, 0.920187473297, 0.887598454952, 1.77246510983, 1.1150727272, 0.644530534744, 0.711398541927, 0.772520065308, 0.473159432411, 0.26358667016, 0.151585757732, 0.166080847383, 0.262989163399, 0.311065167189, 0.198136731982, 0.13168142736, 0.0826750323176, 0.0336402617395, 0.0212644636631, 0.0182530358434, 0.0126579506323, 0.00460167974234, 0.000510036828928, 0.000147860948346, 9.28464869503e-05], "median": [0.0970301032066, 1.08503222466, 2.86786723137, 0.69781935215, 0.860593080521, 0.455700844526, 0.585128903389, 0.881083071232, 1.18777823448, 2.1446518898, 0.666700303555, 0.637621045113, 0.944409668446, 0.421418964863, 0.692775845528, 0.461405754089, 0.140301078558, 0.0718487650156, 0.100343190134, 0.0343930535018, 0.0333027169108, 0.023580443114, 0.0261996053159, 0.0160182118416, 0.0107191000134, 0.0063354531303, 0.00344904419035, 0.00282280892134, 0.00237733498216, 0.0021898902487, 0.00144550332334, 0.00102043757215, 0.000798209221102, 0.000397541531129, 0.000239328830503, 0.000146177044371, 5.33556521987e-05, 7.07290018909e-06, 1.51804033521e-05, 2.29914112424e-05], "min": [4.57000425745e-22, 5.28728798834e-21, 2.32130725948e-20, 2.72742999891e-20, 5.45356688188e-20, 8.47319229294e-20, 2.08682675899e-19, 2.13670070929e-19, 7.88010456923e-19, 6.34038075425e-19, 4.90348738014e-19, 2.41258211644e-19, 4.05071483341e-19, 1.44434482387e-18, 1.51200912855e-18, 3.93873256964e-18, 6.85114741171e-18, 8.42438124388e-18, 7.26344648905e-18, 8.28452237309e-18, 9.49937689614e-18, 6.75856770319e-18, 1.71193547728e-17, 1.34131414326e-17, 2.13949570605e-17, 9.84095451265e-18, 1.6114396503e-17, 1.77453468624e-17, 1.21642575263e-17, 1.74819014179e-17, 1.7284395503e-17, 1.88516165593e-17, 1.70507781913e-17, 1.42968987175e-17, 8.96296681252e-18, 6.3034769184e-18, 2.57153019611e-18, 1.05487489746e-18, 3.72344340899e-19, 3.8703700082e-20], "var": [3.16411828995, 861.821044922, 4697.55908203, 107.048233032, 74.6227340698, 19.9364433289, 30.5284900665, 258.023498535, 953.982543945, 241.134918213, 14177.0478516, 5031.09667969, 1539.77490234, 25490.078125, 2253.82299805, 122.881767273, 4.41497993469, 11.983833313, 81.4454727173, 111.90852356, 9.60921573639, 17.6829319, 24.6115837097, 8.61133766174, 2.82057952881, 0.829035282135, 1.12828421593, 4.96857213974, 7.3962893486, 2.2760951519, 0.927656471729, 0.372067481279, 0.040384773165, 0.0156353600323, 0.0135785033926, 0.00699369097129, 0.00097057671519, 8.24093876872e-06, 5.15705266935e-07, 2.77780873859e-08]}, "gfcc": {"mean": [-212.515655518, 181.472137451, -54.0102005005, 3.38049983978, -26.7337360382, 10.1472759247, -8.93425559998, 8.45709514618, -5.7988319397, -5.77800893784, -1.73596799374, -4.01595878601, -8.49141407013], "cov": [[14362.8876953, -63.3718299866, 111.693473816, 722.574462891, -419.900909424, 956.415771484, 764.713378906, 616.014831543, 132.677139282, 515.01763916, -15.2092113495, -7.61011600494, 184.691986084], [-63.3718299866, 2537.45117188, 446.020996094, -627.374755859, 331.050323486, -157.47052002, 321.798126221, -206.097549438, 162.053497314, -200.378143311, 232.10534668, -294.295562744, 147.470275879], [111.693473816, 446.020996094, 1274.91796875, 319.424468994, 313.768066406, 110.61517334, 212.256698608, 5.7676410675, 81.8049545288, -55.6666641235, 33.8366165161, -128.653167725, 19.4620189667], [722.574462891, -627.374755859, 319.424468994, 807.997680664, 83.1433105469, 160.42175293, 43.7943840027, 99.325340271, 43.2944908142, 14.530503273, -66.1423110962, 78.0325546265, -15.0839509964], [-419.900909424, 331.050323486, 313.768066406, 83.1433105469, 465.120178223, 33.5175857544, 132.489227295, -62.9654922485, 45.794342041, -156.90071106, -26.01304245, -52.7633132935, 82.1767730713], [956.415771484, -157.47052002, 110.61517334, 160.42175293, 33.5175857544, 222.181777954, 125.534843445, 79.9074478149, -3.85621166229, 13.3167715073, -36.9899215698, 21.5621185303, 51.952003479], [764.713378906, 321.798126221, 212.256698608, 43.7943840027, 132.489227295, 125.534843445, 302.038970947, 104.408233643, 92.5513305664, -50.4756011963, -17.0676689148, -92.1286697388, 56.9575805664], [616.014831543, -206.097549438, 5.7676410675, 99.325340271, -62.9654922485, 79.9074478149, 104.408233643, 181.287918091, 75.26953125, 50.9088897705, -51.3137741089, -21.911655426, -7.30712985992], [132.677139282, 162.053497314, 81.8049545288, 43.2944908142, 45.794342041, -3.85621166229, 92.5513305664, 75.26953125, 181.987014771, 45.0858383179, 8.96072673798, -65.8212890625, -13.5362167358], [515.01763916, -200.378143311, -55.6666641235, 14.530503273, -156.90071106, 13.3167715073, -50.4756011963, 50.9088897705, 45.0858383179, 208.39263916, 79.1951370239, 17.4859046936, -69.2708282471], [-15.2092113495, 232.10534668, 33.8366165161, -66.1423110962, -26.01304245, -36.9899215698, -17.0676689148, -51.3137741089, 8.96072673798, 79.1951370239, 161.810195923, 34.1793785095, -8.71719837189], [-7.61011600494, -294.295562744, -128.653167725, 78.0325546265, -52.7633132935, 21.5621185303, -92.1286697388, -21.911655426, -65.8212890625, 17.4859046936, 34.1793785095, 175.034637451, 50.2047271729], [184.691986084, 147.470275879, 19.4620189667, -15.0839509964, 82.1767730713, 51.952003479, 56.9575805664, -7.30712985992, -13.5362167358, -69.2708282471, -8.71719837189, 50.2047271729, 127.775611877]], "icov": [[0.000144416379044, -0.000170285798959, 7.67479941715e-05, -0.000178230679012, 8.98322832654e-05, -0.000325904169586, -0.000266148039373, -0.000109052976768, 0.00032075800118, -0.000690322311129, 0.000373948947527, -7.2826493124e-05, -0.00014394253958], [-0.000170285798959, 0.00215260963887, -0.000304963788949, 0.000851804157719, 0.000538974185474, 0.000704166421201, -0.000463267700979, 0.00183932366781, -0.00190067104995, 0.002914596349, -0.0041540353559, 0.00366639951244, -0.0027577446308], [7.67479941715e-05, -0.000304963788949, 0.00134941318538, -0.000810063327663, -0.000554245780222, -0.000520407455042, -0.000117067291285, -0.000227050622925, 0.000600707891863, -0.000491536979098, -0.000480566377519, 0.00104817480315, -0.000100349156128], [-0.000178230679012, 0.000851804157719, -0.000810063327663, 0.00273817637935, -0.000331182265654, -0.000867313588969, 0.00033465155866, 0.000145587138832, -0.00195458740927, 0.00198876322247, -0.000595196557697, -0.00145141547546, 0.00154671189375], [8.98322832654e-05, 0.000538974185474, -0.000554245780222, -0.000331182265654, 0.00480429362506, -0.000600814062636, -0.00137059611734, 0.00330914580263, -0.00233945366926, 0.00265156384557, -0.0008540363051, 0.00152418029029, -0.00221937196329], [-0.000325904169586, 0.000704166421201, -0.000520407455042, -0.000867313588969, -0.000600814062636, 0.0121779795736, -0.00561387324706, 0.000352517556166, 0.00333794252947, -0.00417880294845, 0.00285188807175, -0.00126143312082, -0.00362878828309], [-0.000266148039373, -0.000463267700979, -0.000117067291285, 0.00033465155866, -0.00137059611734, -0.00561387324706, 0.013411139138, -0.00731512578204, -0.00238075805828, 0.00619906559587, -0.00576226226985, 0.00549379410222, -0.00169901689515], [-0.000109052976768, 0.00183932366781, -0.000227050622925, 0.000145587138832, 0.00330914580263, 0.000352517556166, -0.00731512578204, 0.0171638783067, -0.00543309794739, -0.00244115642272, 0.00416942872107, -6.56715637888e-05, -0.00153135310393], [0.00032075800118, -0.00190067104995, 0.000600707891863, -0.00195458740927, -0.00233945366926, 0.00333794252947, -0.00238075805828, -0.00543309794739, 0.013096650131, -0.0077699222602, 0.00324496463872, 0.000264202011749, -0.000401579512982], [-0.000690322311129, 0.002914596349, -0.000491536979098, 0.00198876322247, 0.00265156384557, -0.00417880294845, 0.00619906559587, -0.00244115642272, -0.0077699222602, 0.0212143864483, -0.0148313250393, 0.00495959399268, 0.00275173131377], [0.000373948947527, -0.0041540353559, -0.000480566377519, -0.000595196557697, -0.0008540363051, 0.00285188807175, -0.00576226226985, 0.00416942872107, 0.00324496463872, -0.0148313250393, 0.0235481578857, -0.0137229282409, 0.00575519958511], [-7.2826493124e-05, 0.00366639951244, 0.00104817480315, -0.00145141547546, 0.00152418029029, -0.00126143312082, 0.00549379410222, -6.56715637888e-05, 0.000264202011749, 0.00495959399268, -0.0137229282409, 0.0233056712896, -0.0147538902238], [-0.00014394253958, -0.0027577446308, -0.000100349156128, 0.00154671189375, -0.00221937196329, -0.00362878828309, -0.00169901689515, -0.00153135310393, -0.000401579512982, 0.00275173131377, 0.00575519958511, -0.0147538902238, 0.0226264055818]]}, "melbands": {"dmean": [0.00523329898715, 0.00812809541821, 0.00042577352724, 8.30614153529e-05, 2.75126367342e-05, 3.66338863387e-05, 3.53032191924e-05, 3.33135285473e-05, 7.81958660809e-05, 2.39974269789e-05, 2.11644091905e-05, 4.84299926029e-05, 2.04958578252e-05, 4.98692315887e-06, 1.69434815689e-06, 8.39627034566e-07, 8.68484278271e-07, 1.30348098537e-06, 9.49678167217e-07, 8.39084293602e-07, 7.24909341443e-07, 7.85027452821e-07, 9.95673531179e-07, 8.43920190619e-07, 4.1080062374e-07, 2.99913324397e-07, 1.46073688256e-07, 1.17460622562e-07, 1.06105808584e-07, 1.75691852178e-07, 2.56947657817e-07, 3.04831530684e-07, 2.4241222718e-07, 1.36428994324e-07, 1.0618147428e-07, 1.1399199451e-07, 5.11705735562e-08, 2.82324013057e-08, 1.84930168956e-08, 1.76650960526e-08], "dmean2": [0.00761728733778, 0.0107602877542, 0.000494529260322, 0.000107905390905, 4.02271398343e-05, 5.47400995856e-05, 4.57077367173e-05, 4.58536014776e-05, 9.43368067965e-05, 3.2789845136e-05, 2.79946580122e-05, 5.76093734708e-05, 2.52780610026e-05, 6.74963075653e-06, 2.29126771956e-06, 1.26213717522e-06, 1.32992863655e-06, 1.76210608061e-06, 1.27571888697e-06, 1.04166940673e-06, 1.02363992482e-06, 1.16356579838e-06, 1.65610208569e-06, 1.37213646667e-06, 6.49479886761e-07, 4.96021698382e-07, 2.22179139087e-07, 1.86131757118e-07, 1.66581642702e-07, 2.82807576468e-07, 4.68010910026e-07, 5.56054942535e-07, 4.3824019258e-07, 2.27623402793e-07, 1.76817536612e-07, 1.99131847012e-07, 8.24908354957e-08, 4.32606377387e-08, 2.55221532797e-08, 2.49264715535e-08], "dvar": [0.000189323051018, 0.000519120367244, 1.03214165392e-06, 3.97752408787e-08, 9.46468592389e-09, 1.81066113214e-08, 3.11330801139e-08, 1.23035679422e-08, 1.12176856248e-07, 3.2798599392e-08, 9.68377911192e-09, 8.78034924767e-08, 1.75975287675e-08, 4.07724992657e-10, 3.23805877944e-11, 8.7797260781e-12, 3.95620654292e-11, 5.30715575653e-11, 3.57895518777e-11, 4.26675639265e-11, 1.33399723559e-11, 1.83095500567e-11, 3.22448664991e-11, 2.41602519241e-11, 5.43705922298e-12, 2.94239090558e-12, 5.88102049698e-13, 4.41341597599e-13, 3.43900878911e-13, 1.21461369608e-12, 3.40160213365e-12, 4.48505512243e-12, 2.60325029762e-12, 6.60757581462e-13, 3.97348766303e-13, 5.59588345713e-13, 8.98275323482e-14, 2.31544655411e-14, 8.79670058448e-15, 8.16160798613e-15], "dvar2": [0.000427237537224, 0.000876543868799, 1.21927905639e-06, 6.59955787796e-08, 1.88862241401e-08, 4.10950100616e-08, 4.79344777204e-08, 2.71907740768e-08, 1.89415757745e-07, 7.42161887501e-08, 1.76802199547e-08, 1.14171747612e-07, 3.01538705116e-08, 8.69994409847e-10, 5.83126325004e-11, 2.06030869448e-11, 1.05926684091e-10, 9.01241095641e-11, 5.59946151946e-11, 5.75645885126e-11, 2.80506225886e-11, 4.26653261332e-11, 8.46305595048e-11, 6.1957973474e-11, 1.35195197051e-11, 7.69230772829e-12, 1.36068348429e-12, 1.08583357149e-12, 7.90845416498e-13, 3.11226305144e-12, 9.68595603029e-12, 1.27197150382e-11, 7.27421551813e-12, 1.74115203592e-12, 1.04153350441e-12, 1.5448144066e-12, 2.28929098985e-13, 5.46281735939e-14, 1.75908803989e-14, 1.51352675103e-14], "max": [0.191583201289, 0.274453818798, 0.0141514213756, 0.00362440967001, 0.00201251334511, 0.00306048849598, 0.00660713389516, 0.00179143040441, 0.00737323239446, 0.00570449605584, 0.00193797692191, 0.00935739465058, 0.00368664669804, 0.000421948527219, 0.000117698342365, 4.47116908617e-05, 0.000174475513631, 0.0002121465659, 0.000204799929634, 0.000251549703535, 5.02210023114e-05, 6.21934013907e-05, 6.90100932843e-05, 6.97109935572e-05, 3.57763092325e-05, 2.43234480877e-05, 1.16217424875e-05, 1.02152407635e-05, 7.90876765677e-06, 1.997592517e-05, 2.74717694992e-05, 2.84335146716e-05, 2.09389945667e-05, 1.08779304355e-05, 7.78581852501e-06, 1.15176389954e-05, 4.38508141087e-06, 2.11897736335e-06, 1.80296513008e-06, 1.55843429184e-06], "mean": [0.0110978595912, 0.0171051733196, 0.00103220157325, 0.000245782692218, 8.80458683241e-05, 0.000150199339259, 0.00015866648755, 0.000105759281723, 0.000305022782413, 8.2058548287e-05, 6.44245737931e-05, 0.000151882486534, 4.55408808193e-05, 1.34619431265e-05, 4.48578748546e-06, 1.23585994061e-06, 1.70106159203e-06, 2.65255903287e-06, 1.79102789843e-06, 1.10224709715e-06, 7.58663873057e-07, 7.45190391171e-07, 7.34767866106e-07, 6.67894994422e-07, 3.55431581056e-07, 2.21535628953e-07, 1.2461867982e-07, 9.77759455623e-08, 9.06945700763e-08, 1.31156880911e-07, 1.5948810983e-07, 1.84651213431e-07, 1.49962616547e-07, 9.61338102456e-08, 7.46489305925e-08, 7.66349330661e-08, 3.81620459677e-08, 2.42108342263e-08, 1.83533064302e-08, 1.73664567171e-08], "median": [0.00130256265402, 0.00146133103408, 0.000168221769854, 4.58557151433e-05, 2.18836867134e-05, 1.56784990395e-05, 1.51899366756e-05, 2.18609020521e-05, 2.72445868177e-06, 2.84738234768e-06, 2.61312197836e-06, 7.72211706135e-07, 1.43670422403e-06, 1.22835922411e-06, 4.20443996063e-07, 1.456531038e-07, 7.52587610009e-08, 1.71769357848e-07, 5.08398088073e-08, 2.85245320697e-08, 3.45576900429e-08, 2.05754933091e-08, 2.30535359691e-08, 1.85493611582e-08, 1.16955476415e-08, 7.143620806e-09, 5.59581714299e-09, 3.57266483064e-09, 1.97695393389e-09, 1.73088898769e-09, 1.53230117483e-09, 1.17434262314e-09, 1.43258949148e-09, 1.10610987036e-09, 7.86974263534e-10, 7.44280859166e-10, 5.42545897098e-10, 5.01638786066e-10, 4.50980142119e-10, 2.73065570155e-10], "min": [7.52962133121e-24, 1.0926763256e-23, 5.08673367791e-24, 5.5225761726e-24, 5.85166093769e-24, 6.14536055803e-24, 1.07630951285e-23, 8.03569453457e-24, 3.29099142086e-24, 1.49298671074e-24, 2.13039421077e-24, 5.87753281437e-24, 5.08115722017e-24, 7.85415397445e-24, 1.28016379254e-23, 1.38691292355e-23, 1.66279399041e-23, 1.35691727649e-23, 8.09968614234e-24, 1.36904269969e-23, 1.08083891551e-23, 6.28223108053e-24, 1.03724874959e-23, 1.70697367209e-23, 9.35185057923e-24, 1.59307351697e-23, 1.29127529282e-23, 4.86830874287e-24, 8.70098353443e-24, 1.31117778014e-23, 9.04826377074e-24, 5.3653538276e-24, 9.71456409028e-24, 1.050088723e-23, 9.53076817683e-24, 1.30773227236e-23, 1.03743720846e-23, 1.08929613551e-23, 1.39969183912e-23, 1.14463244031e-23], "var": [0.000548608717509, 0.00140283594374, 4.21354889113e-06, 2.33994867926e-07, 3.89536367607e-08, 1.14279579577e-07, 2.18349171632e-07, 4.68352681082e-08, 8.33175874959e-07, 1.47638417047e-07, 4.31717204208e-08, 4.98923839132e-07, 4.16029131145e-08, 1.20492482658e-09, 1.45011738728e-10, 1.1586093196e-11, 5.99123320399e-11, 1.75443853889e-10, 1.09716534469e-10, 1.0773597986e-10, 1.59485723239e-11, 1.81722692449e-11, 2.33678493222e-11, 1.82926312986e-11, 4.80378020348e-12, 2.15613507951e-12, 5.58647962959e-13, 3.74829101134e-13, 3.21512049839e-13, 9.37413016135e-13, 2.01322443959e-12, 2.67402224495e-12, 1.6055567249e-12, 4.80908824048e-13, 2.91230039216e-13, 3.63369653377e-13, 7.05017777014e-14, 2.24063321608e-14, 1.10381522038e-14, 1.0738445689e-14]}, "mfcc": {"mean": [-869.721679688, 203.584579468, 48.2028388977, 20.6672325134, 15.3389701843, 10.242931366, 12.2547159195, 14.8540124893, 6.14522695541, 4.96491384506, 7.74299860001, 6.89978933334, 6.87455224991], "cov": [[7240.29052734, 1586.2310791, -609.883728027, -9.5313911438, -90.0754699707, 120.889816284, 163.206924438, 293.639831543, 234.142166138, 227.037750244, 146.695220947, 135.614013672, 103.436759949], [1586.2310791, 3351.39672852, 521.844360352, -229.079711914, 98.6084976196, 67.4263839722, 273.459259033, 100.168624878, 109.220451355, 187.308654785, 116.130401611, 63.649887085, 120.315071106], [-609.883728027, 521.844360352, 696.253356934, 203.782943726, 163.081558228, 120.099136353, 106.443145752, 51.0365333557, 41.5335960388, 44.4661865234, 35.6047782898, 19.8753433228, -25.5739688873], [-9.5313911438, -229.079711914, 203.782943726, 362.331848145, 175.124282837, 94.8540039062, 44.7979774475, 113.939674377, 77.6444396973, 36.9198646545, 44.0095672607, 22.5363960266, -32.0124855042], [-90.0754699707, 98.6084976196, 163.081558228, 175.124282837, 229.602020264, 130.163101196, 63.2617034912, 85.7687454224, 54.8369941711, 14.159330368, 6.31162405014, -1.21117377281, -5.17734384537], [120.889816284, 67.4263839722, 120.099136353, 94.8540039062, 130.163101196, 158.394714355, 93.3879013062, 69.5563430786, 36.3714179993, 7.77550649643, -8.6858587265, -17.150636673, -18.0045700073], [163.206924438, 273.459259033, 106.443145752, 44.7979774475, 63.2617034912, 93.3879013062, 171.413574219, 101.757499695, 48.606502533, 18.125793457, -35.1325645447, -46.6983642578, -8.14190769196], [293.639831543, 100.168624878, 51.0365333557, 113.939674377, 85.7687454224, 69.5563430786, 101.757499695, 232.165176392, 174.000915527, 43.4058609009, -57.7928352356, -102.997673035, -30.7037830353], [234.142166138, 109.220451355, 41.5335960388, 77.6444396973, 54.8369941711, 36.3714179993, 48.606502533, 174.000915527, 225.686050415, 114.124755859, -25.2912139893, -93.4990997314, -62.2412376404], [227.037750244, 187.308654785, 44.4661865234, 36.9198646545, 14.159330368, 7.77550649643, 18.125793457, 43.4058609009, 114.124755859, 157.957321167, 103.739715576, 18.1153526306, -46.1482849121], [146.695220947, 116.130401611, 35.6047782898, 44.0095672607, 6.31162405014, -8.6858587265, -35.1325645447, -57.7928352356, -25.2912139893, 103.739715576, 229.460510254, 185.118621826, 5.34187364578], [135.614013672, 63.649887085, 19.8753433228, 22.5363960266, -1.21117377281, -17.150636673, -46.6983642578, -102.997673035, -93.4990997314, 18.1153526306, 185.118621826, 240.170944214, 77.0716705322], [103.436759949, 120.315071106, -25.5739688873, -32.0124855042, -5.17734384537, -18.0045700073, -8.14190769196, -30.7037830353, -62.2412376404, -46.1482849121, 5.34187364578, 77.0716705322, 123.154182434]], "icov": [[0.000310627248837, -0.000310122326482, 0.000633311923593, -0.000587667804211, 0.00086211215239, -0.00104853999801, 0.000616672390606, -0.000896438898053, 0.000789457233623, -0.00118015392218, 0.00133691634983, -0.00117327971384, 0.000354086048901], [-0.000310122326482, 0.000935775809921, -0.00118629180361, 0.0016753510572, -0.00155801908113, 0.00170217663981, -0.0015973203117, 0.0008307028329, -0.00105892121792, 0.000871593190823, -0.00208757910877, 0.00156921020243, -0.00127978587989], [0.000633311923593, -0.00118629180361, 0.00380019866861, -0.00303393113427, 0.00167993700597, -0.00279087526724, 0.000817189749796, -0.00056119763758, 0.0013660286786, -0.00222432939336, 0.00338898738846, -0.00279119075276, 0.00166090787388], [-0.000587667804211, 0.0016753510572, -0.00303393113427, 0.00884424895048, -0.00623999070376, 0.003621539101, -0.00118251366075, -0.00275902450085, 0.000203372605029, 0.000382217229344, -0.00210739136674, -0.000399430427933, 0.000614266667981], [0.00086211215239, -0.00155801908113, 0.00167993700597, -0.00623999070376, 0.0150251053274, -0.0117113310844, 0.00427712453529, -0.00205368618481, 0.000421284174081, -0.00107735698111, 0.0023945197463, -0.00171434564982, -0.00100667192601], [-0.00104853999801, 0.00170217663981, -0.00279087526724, 0.003621539101, -0.0117113310844, 0.0209419615567, -0.0100135961547, 0.00370709225535, -0.00366400228813, 0.00587327964604, -0.00575377419591, 0.00339215574786, 0.000886829337105], [0.000616672390606, -0.0015973203117, 0.000817189749796, -0.00118251366075, 0.00427712453529, -0.0100135961547, 0.0181396082044, -0.0142381619662, 0.0148619133979, -0.0154455602169, 0.0151541978121, -0.00919690541923, 0.00409182021394], [-0.000896438898053, 0.0008307028329, -0.00056119763758, -0.00275902450085, -0.00205368618481, 0.00370709225535, -0.0142381619662, 0.033050134778, -0.0330513827503, 0.0295800250024, -0.027006264776, 0.0215148981661, -0.0110508874059], [0.000789457233623, -0.00105892121792, 0.0013660286786, 0.000203372605029, 0.000421284174081, -0.00366400228813, 0.0148619133979, -0.0330513827503, 0.0482371896505, -0.0463399663568, 0.0381539873779, -0.0230577718467, 0.0127216484398], [-0.00118015392218, 0.000871593190823, -0.00222432939336, 0.000382217229344, -0.00107735698111, 0.00587327964604, -0.0154455602169, 0.0295800250024, -0.0463399663568, 0.0630944892764, -0.0546091645956, 0.033674903214, -0.0115386536345], [0.00133691634983, -0.00208757910877, 0.00338898738846, -0.00210739136674, 0.0023945197463, -0.00575377419591, 0.0151541978121, -0.027006264776, 0.0381539873779, -0.0546091645956, 0.0685741826892, -0.050221208483, 0.0218752659857], [-0.00117327971384, 0.00156921020243, -0.00279119075276, -0.000399430427933, -0.00171434564982, 0.00339215574786, -0.00919690541923, 0.0215148981661, -0.0230577718467, 0.033674903214, -0.050221208483, 0.0466329567134, -0.0220910944045], [0.000354086048901, -0.00127978587989, 0.00166090787388, 0.000614266667981, -0.00100667192601, 0.000886829337105, 0.00409182021394, -0.0110508874059, 0.0127216484398, -0.0115386536345, 0.0218752659857, -0.0220910944045, 0.0221618395299]]}, "spectral_contrast_coeffs": {"dmean": [0.0381587669253, 0.0320875123143, 0.0310131367296, 0.0254769492894, 0.0166591089219, 0.0149137778208], "dmean2": [0.0599203743041, 0.0508722513914, 0.0461632497609, 0.040329027921, 0.0270058568567, 0.0243266001344], "dvar": [0.00145498453639, 0.0010849511018, 0.00120150356088, 0.000603310822044, 0.000256603758316, 0.000291562289931], "dvar2": [0.00321758445352, 0.00231859367341, 0.0024446209427, 0.00133943383116, 0.000521512527484, 0.000706032093149], "max": [-0.350987493992, -0.400636404753, -0.423073679209, -0.561105549335, -0.682522177696, -0.671579003334], "mean": [-0.630499184132, -0.65924090147, -0.684513449669, -0.777087628841, -0.834176361561, -0.837053894997], "median": [-0.651106834412, -0.658195137978, -0.684876799583, -0.783558607101, -0.840649366379, -0.840191721916], "min": [-0.939328372478, -0.960291385651, -0.96683382988, -0.970662593842, -0.958882391453, -0.960254430771], "var": [0.00984510965645, 0.0106038171798, 0.0111572062597, 0.00480005284771, 0.00123952992726, 0.00115251250099]}, "spectral_contrast_valleys": {"dmean": [0.366692572832, 0.363679409027, 0.401845425367, 0.407041311264, 0.344090491533, 0.404643923044], "dmean2": [0.566294491291, 0.553942918777, 0.561777353287, 0.558352470398, 0.443010568619, 0.522339165211], "dvar": [0.449722349644, 0.497488200665, 0.474516421556, 0.443717181683, 0.398933798075, 0.391106545925], "dvar2": [0.558454811573, 0.654273629189, 0.620551049709, 0.5665058