{"lowlevel": {"average_loudness": 0.687975645065, "barkbands_crest": {"dmean": 1.66887879372, "dmean2": 2.55052924156, "dvar": 3.68006110191, "dvar2": 8.69464206696, "max": 25.9596786499, "mean": 14.2273292542, "median": 13.6528701782, "min": 3.50192022324, "var": 21.0564785004}, "barkbands_flatness_db": {"dmean": 0.0156711861491, "dmean2": 0.0237906444818, "dvar": 0.000291098229354, "dvar2": 0.000625070300885, "max": 0.651166379452, "mean": 0.284483700991, "median": 0.257816374302, "min": 0.0589636713266, "var": 0.0109212165698}, "barkbands_kurtosis": {"dmean": 5.13234424591, "dmean2": 7.70058488846, "dvar": 145.961227417, "dvar2": 323.936431885, "max": 582.227233887, "mean": 14.8338022232, "median": 9.75008869171, "min": -1.80405700207, "var": 380.112609863}, "barkbands_skewness": {"dmean": 0.51261985302, "dmean2": 0.766928255558, "dvar": 0.520495295525, "dvar2": 1.14388644695, "max": 18.5284290314, "mean": 2.5105483532, "median": 2.47808384895, "min": -7.27503871918, "var": 3.07467675209}, "barkbands_spread": {"dmean": 1.04985964298, "dmean2": 1.61179113388, "dvar": 3.00081586838, "dvar2": 6.47943210602, "max": 75.744430542, "mean": 5.45759868622, "median": 4.70951843262, "min": 0.0991147458553, "var": 19.7181453705}, "dissonance": {"dmean": 0.0324810929596, "dmean2": 0.0548867806792, "dvar": 0.00124624406453, "dvar2": 0.00321047334, "max": 0.499929815531, "mean": 0.380746394396, "median": 0.402904778719, "min": 0.0432963222265, "var": 0.00720504578203}, "dynamic_complexity": 3.1870777607, "erbbands_crest": {"dmean": 1.96410536766, "dmean2": 3.01614379883, "dvar": 4.14279413223, "dvar2": 9.61861801147, "max": 30.9540710449, "mean": 13.4133234024, "median": 12.5189781189, "min": 2.33510017395, "var": 25.7182178497}, "erbbands_flatness_db": {"dmean": 0.014205429703, "dmean2": 0.0207649506629, "dvar": 0.000241260553594, "dvar2": 0.000497544126119, "max": 0.601125657558, "mean": 0.259353905916, "median": 0.226770028472, "min": 0.0470388904214, "var": 0.0116251967847}, "erbbands_kurtosis": {"dmean": 1.8503497839, "dmean2": 2.8711669445, "dvar": 10.7418613434, "dvar2": 23.7060909271, "max": 105.065406799, "mean": 4.53396272659, "median": 2.85374307632, "min": -1.78017508984, "var": 40.7520256042}, "erbbands_skewness": {"dmean": 0.316727340221, "dmean2": 0.483716398478, "dvar": 0.115512140095, "dvar2": 0.248606398702, "max": 8.56933879852, "mean": 1.4376052618, "median": 1.41570603848, "min": -2.91899728775, "var": 1.11246407032}, "erbbands_spread": {"dmean": 3.88954925537, "dmean2": 5.98626804352, "dvar": 29.3523406982, "dvar2": 66.3349380493, "max": 137.221282959, "mean": 19.6199626923, "median": 17.5033397675, "min": 0.464529156685, "var": 205.687957764}, "hfc": {"dmean": 2.52560806274, "dmean2": 3.92067599297, "dvar": 22.3902130127, "dvar2": 54.7867507935, "max": 112.732406616, "mean": 11.9401140213, "median": 9.98909282684, "min": 1.20033436002e-16, "var": 84.8246536255}, "melbands_crest": {"dmean": 2.02987718582, "dmean2": 3.04916071892, "dvar": 5.44828701019, "dvar2": 11.6255922318, "max": 36.7333030701, "mean": 17.9451236725, "median": 17.1074695587, "min": 1.77365469933, "var": 41.622592926}, "melbands_flatness_db": {"dmean": 0.0160714481026, "dmean2": 0.0240306835622, "dvar": 0.000357012089808, "dvar2": 0.00072936603101, "max": 0.788499772549, "mean": 0.376241356134, "median": 0.35129493475, "min": 0.00809396989644, "var": 0.0153817972168}, "melbands_kurtosis": {"dmean": 6.46758651733, "dmean2": 9.67395019531, "dvar": 301.41619873, "dvar2": 545.368896484, "max": 1623.19641113, "mean": 18.6952457428, "median": 12.7536020279, "min": -1.75890612602, "var": 1048.29589844}, "melbands_skewness": {"dmean": 0.528858721256, "dmean2": 0.799757957458, "dvar": 0.492229938507, "dvar2": 1.06960940361, "max": 27.07721138, "mean": 2.53248429298, "median": 2.45374512672, "min": -3.18548464775, "var": 3.23707699776}, "melbands_spread": {"dmean": 1.12105298042, "dmean2": 1.74650418758, "dvar": 6.69806146622, "dvar2": 15.1732597351, "max": 190.352630615, "mean": 6.63337182999, "median": 5.08976984024, "min": 0.301751494408, "var": 121.037078857}, "pitch_salience": {"dmean": 0.0470321699977, "dmean2": 0.0728885903955, "dvar": 0.00290152220987, "dvar2": 0.00661705108359, "max": 0.885523378849, "mean": 0.485793858767, "median": 0.491318434477, "min": 0.0969428271055, "var": 0.0178314968944}, "silence_rate_20dB": {"dmean": 0.000495970249176, "dmean2": 0.000992001965642, "dvar": 0.000495747372042, "dvar2": 0.0014871112071, "max": 1, "mean": 0.999752044678, "median": 1, "min": 0, "var": 0.000247905874858}, "silence_rate_30dB": {"dmean": 0.0399256050587, "dmean2": 0.0798561573029, "dvar": 0.0383279435337, "dvar2": 0.0837614834309, "max": 1, "mean": 0.88512802124, "median": 1, "min": 0, "var": 0.101670920849}, "silence_rate_60dB": {"dmean": 0.00161190330982, "dmean2": 0.00322400638834, "dvar": 0.00160879991017, "dvar2": 0.00346232415177, "max": 1, "mean": 0.0425268113613, "median": 0, "min": 0, "var": 0.040724504739}, "spectral_centroid": {"dmean": 53.826713562, "dmean2": 82.3734664917, "dvar": 14199.3115234, "dvar2": 19637.3183594, "max": 10689.1943359, "mean": 544.044067383, "median": 465.941223145, "min": 132.593536377, "var": 132773.078125}, "spectral_complexity": {"dmean": 1.30886542797, "dmean2": 2.20956039429, "dvar": 1.6616345644, "dvar2": 4.2047419548, "max": 25, "mean": 9.709441185, "median": 10, "min": 0, "var": 15.2188949585}, "spectral_decrease": {"dmean": 2.71933742191e-09, "dmean2": 4.04363298401e-09, "dvar": 4.48159573739e-17, "dvar2": 9.92692968029e-17, "max": 4.56276690472e-16, "mean": -1.22035110905e-08, "median": -7.55791695894e-09, "min": -1.07266508564e-07, "var": 1.50124003521e-16}, "spectral_energy": {"dmean": 0.0104700624943, "dmean2": 0.0155828818679, "dvar": 0.000651313457638, "dvar2": 0.00144398468547, "max": 0.406856924295, "mean": 0.0471418015659, "median": 0.0295741483569, "min": 1.03206977677e-20, "var": 0.00219233729877}, "spectral_energyband_high": {"dmean": 3.96123286919e-05, "dmean2": 5.43310125067e-05, "dvar": 9.53862144826e-09, "dvar2": 1.87784863215e-08, "max": 0.00277648377232, "mean": 8.94743498066e-05, "median": 2.56930779869e-05, "min": 7.64319490422e-21, "var": 3.82192908432e-08}, "spectral_energyband_low": {"dmean": 0.00650052214041, "dmean2": 0.00943001545966, "dvar": 0.000609166163485, "dvar2": 0.00133662379812, "max": 0.398730874062, "mean": 0.0236627664417, "median": 0.00186510710046, "min": 4.03764444168e-23, "var": 0.00174485950265}, "spectral_energyband_middle_high": {"dmean": 0.000392718648072, "dmean2": 0.000620437902398, "dvar": 1.03195782231e-06, "dvar2": 2.8540830499e-06, "max": 0.0201337412, "mean": 0.00124682066962, "median": 0.000748800230213, "min": 1.35131797334e-21, "var": 2.88053729491e-06}, "spectral_energyband_middle_low": {"dmean": 0.00516954762861, "dmean2": 0.00785420835018, "dvar": 9.28276058403e-05, "dvar2": 0.000218866887735, "max": 0.298936784267, "mean": 0.0232566092163, "median": 0.0187242422253, "min": 2.42874066359e-22, "var": 0.000411526591051}, "spectral_entropy": {"dmean": 0.123783633113, "dmean2": 0.178809478879, "dvar": 0.0190597679466, "dvar2": 0.0363438352942, "max": 9.81039142609, "mean": 6.19903421402, "median": 6.40049505234, "min": 3.64016675949, "var": 0.674163758755}, "spectral_flux": {"dmean": 0.0203694142401, "dmean2": 0.0328858308494, "dvar": 0.00147904618643, "dvar2": 0.00330683775246, "max": 0.505287349224, "mean": 0.0520036779344, "median": 0.0377258881927, "min": 1.04557695835e-10, "var": 0.00282079633325}, "spectral_kurtosis": {"dmean": 17.4591236115, "dmean2": 30.3947086334, "dvar": 2261.32128906, "dvar2": 6966.09814453, "max": 1061.58654785, "mean": 55.1793403625, "median": 11.6371870041, "min": -1.22511208057, "var": 12944.6757812}, "spectral_rms": {"dmean": 0.000628123816568, "dmean2": 0.000919657119084, "dvar": 1.31892909394e-06, "dvar2": 2.74678131973e-06, "max": 0.0199231915176, "mean": 0.00604257546365, "median": 0.00537148304284, "min": 3.17316463903e-12, "var": 9.47920307226e-06}, "spectral_rolloff": {"dmean": 55.5867195129, "dmean2": 95.1659698486, "dvar": 67249.6484375, "dvar2": 131905.109375, "max": 19358.3496094, "mean": 578.355957031, "median": 452.197265625, "min": 64.599609375, "var": 2323864.25}, "spectral_skewness": {"dmean": 0.602265954018, "dmean2": 1.01592719555, "dvar": 0.909427523613, "dvar2": 2.77060270309, "max": 25.0598526001, "mean": 4.30762958527, "median": 2.63417601585, "min": 0.0440822578967, "var": 18.9566249847}, "spectral_spread": {"dmean": 438248.34375, "dmean2": 601864.125, "dvar": 444739911680, "dvar2": 607528026112, "max": 42406652, "mean": 3028722.25, "median": 2767169, "min": 90494.3125, "var": 3705090867200.0}, "spectral_strongpeak": {"dmean": 0.242029875517, "dmean2": 0.391624718904, "dvar": 0.194463059306, "dvar2": 0.466703265905, "max": 8.47828674316, "mean": 1.06795811653, "median": 0.83873462677, "min": 0, "var": 0.790889680386}, "zerocrossingrate": {"dmean": 0.00317724887282, "dmean2": 0.00403415551409, "dvar": 3.60488447768e-05, "dvar2": 4.57509595435e-05, "max": 0.72998046875, "mean": 0.026286881417, "median": 0.01953125, "min": 0.00146484375, "var": 0.00270807673223}, "barkbands": {"dmean": [0.000545443035662, 0.00585740897804, 0.000490193837322, 0.000756149180233, 0.00143436552025, 0.00288931000978, 0.0010546380654, 0.000769410340581, 0.000419613905251, 0.000206645956496, 0.000172569911228, 9.04976477614e-05, 2.21621667151e-05, 2.52949030255e-05, 3.03344022541e-05, 2.73691675829e-05, 5.04859090142e-05, 1.699126733e-05, 2.19006506086e-05, 1.92761399376e-05, 1.06273828351e-05, 1.06728648461e-05, 4.82601626572e-06, 2.59988041762e-06, 1.15232041935e-05, 1.79281460078e-06, 9.22230753986e-07], "dmean2": [0.000745599099901, 0.0085614155978, 0.00084687047638, 0.0010307993507, 0.00208219699562, 0.00441025290638, 0.00162712088786, 0.0012018897105, 0.000678685610183, 0.000330274226144, 0.000251920195296, 0.000143834957271, 3.59820878657e-05, 4.07903171435e-05, 5.17093321832e-05, 4.52328204119e-05, 8.40730717755e-05, 2.72599099844e-05, 3.53591385647e-05, 3.07888949465e-05, 1.67605739989e-05, 1.67201706063e-05, 7.27596670913e-06, 3.88471198676e-06, 1.43155839396e-05, 2.49831009569e-06, 1.5217700593e-06], "dvar": [5.84301778872e-06, 0.000550678174477, 4.83396706841e-06, 2.42836836151e-06, 5.74714249524e-06, 4.59531474917e-05, 1.25766391648e-05, 1.08405001811e-05, 2.97455403597e-06, 7.6010360317e-07, 2.85985549908e-07, 1.25175290577e-07, 1.00486792221e-08, 2.72029310189e-09, 1.95181559803e-09, 2.53255216798e-09, 1.10766222861e-08, 1.14643361471e-09, 2.37768293943e-09, 2.1310040399e-09, 8.86462403482e-10, 1.33060407137e-09, 4.89786045055e-10, 1.27004504136e-10, 1.13421105841e-09, 5.31077994081e-11, 1.12714552969e-10], "dvar2": [9.54220013227e-06, 0.00122879352421, 1.29905238282e-05, 6.16148190602e-06, 1.26822851598e-05, 9.90469634417e-05, 3.25166220136e-05, 2.66730894509e-05, 8.36602612253e-06, 2.15844579543e-06, 7.01184944774e-07, 3.57479791546e-07, 1.82441386443e-08, 6.77479938815e-09, 5.52231904649e-09, 6.54730847316e-09, 2.87529271503e-08, 2.51971354892e-09, 5.71234615165e-09, 5.32743982262e-09, 1.95796201474e-09, 3.16736370465e-09, 1.06682140899e-09, 2.48820297699e-10, 1.93740712362e-09, 1.18336354604e-10, 2.86030449326e-10], "max": [0.0677610859275, 0.352717906237, 0.107939109206, 0.0530325993896, 0.0920586362481, 0.285351723433, 0.132433503866, 0.139566510916, 0.0405590794981, 0.0174109060317, 0.0195266548544, 0.00818060804158, 0.0108318412676, 0.00226978561841, 0.000884149805643, 0.00128999748267, 0.00244737137109, 0.000819645705633, 0.00301751866937, 0.00159540283494, 0.000815343810245, 0.00104351434857, 0.000784504401963, 0.000427162478445, 0.000736467947718, 0.00036001612898, 0.000440710602561], "mean": [0.00172948511317, 0.0197436921299, 0.00116040953435, 0.00255643599667, 0.00558614358306, 0.00913391634822, 0.00334427854978, 0.0015708747087, 0.000870002666488, 0.000353760755388, 0.000391419627704, 0.000208628378459, 3.58754077752e-05, 4.53552529507e-05, 4.9773047067e-05, 5.24659808434e-05, 0.00010601455142, 3.16023324558e-05, 5.12014630658e-05, 4.41789343313e-05, 2.14859501284e-05, 1.44198620546e-05, 8.09951961855e-06, 5.9998578763e-06, 2.00353897526e-05, 4.42023019787e-06, 1.78761081315e-06], "median": [2.67588029601e-06, 0.000103722981294, 0.000112301881018, 0.000796542619355, 0.00343680591322, 0.00467197457328, 0.00234848214313, 0.000554869417101, 0.000314227771014, 0.000111273679067, 9.54960196395e-05, 2.63488473138e-05, 1.39932717502e-05, 2.36371961364e-05, 3.26663139276e-05, 2.39709643211e-05, 4.39649629698e-05, 1.7903816115e-05, 2.21800237341e-05, 1.62343148986e-05, 6.36119875708e-06, 3.31468481818e-06, 1.74791910013e-06, 1.29996044507e-06, 9.11620134048e-07, 4.53979225767e-07, 4.39967742238e-08], "min": [2.36187668705e-23, 1.76437308482e-23, 6.69287104702e-24, 1.59407824967e-24, 3.62914923022e-23, 5.85804952774e-24, 2.58890801567e-23, 1.56539727875e-23, 3.55437436719e-23, 2.02636515104e-23, 2.62622949841e-23, 5.80252318634e-23, 9.27422493066e-23, 3.32372816235e-23, 1.0609743724e-22, 1.07118917449e-22, 1.17234474526e-22, 2.18345389455e-22, 2.82462388244e-22, 3.58775050411e-22, 2.8676525214e-22, 5.28344551629e-22, 6.18822126427e-22, 5.45620277287e-22, 1.07820821901e-21, 1.82199010325e-21, 2.40565245932e-21], "var": [2.31328522204e-05, 0.00142887304537, 2.38975189859e-05, 1.83655465662e-05, 5.34839418833e-05, 0.000260772154434, 2.02594892471e-05, 1.62875712704e-05, 6.33543004369e-06, 7.11369864348e-07, 1.22378867218e-06, 4.22640738407e-07, 2.31852634869e-08, 5.1919974986e-09, 3.5127196707e-09, 7.89370613319e-09, 4.47665087222e-08, 2.88904078438e-09, 1.96521749984e-08, 7.16078973895e-09, 2.44882913947e-09, 1.53495804955e-09, 1.00837427297e-09, 5.15955056457e-10, 3.50064266463e-09, 3.0195518308e-10, 2.49044534995e-10]}, "erbbands": {"dmean": [0.23302488029, 1.15899956226, 0.882316052914, 1.39912474155, 3.22612094879, 6.82554101944, 5.27550029755, 29.6240825653, 19.7055549622, 25.3150177002, 9.71231269836, 9.17687416077, 8.22164344788, 4.62331390381, 6.74370288849, 3.48882699013, 1.32568407059, 1.27903425694, 0.929803609848, 2.03554320335, 1.68595159054, 2.16416335106, 0.958046019077, 1.16166377068, 0.980983972549, 1.00364458561, 0.440485268831, 0.386281639338, 0.347498267889, 0.261796802282, 0.122449606657, 0.0528660267591, 0.0572333522141, 0.0929758548737, 0.10319814086, 0.0172224640846, 0.00197907024994, 0.000666897278279, 0.000192519946722, 1.44490295497e-05], "dmean2": [0.320765763521, 1.82769584656, 1.48547387123, 1.93129444122, 4.72765159607, 9.9327545166, 7.30869817734, 44.8202133179, 31.4667224884, 38.8968353271, 15.5335664749, 14.7261991501, 13.4237012863, 7.17154407501, 10.0821418762, 5.52412843704, 2.1083612442, 2.071652174, 1.5319365263, 3.4424738884, 2.80855917931, 3.56897902489, 1.59519898891, 1.88999760151, 1.58006191254, 1.60771238804, 0.695493042469, 0.600912868977, 0.543349862099, 0.407056242228, 0.186092689633, 0.0806918740273, 0.0814004316926, 0.119418978691, 0.134188219905, 0.0234344825149, 0.00289854058065, 0.00105409231037, 0.000318414764479, 2.18987897824e-05], "dvar": [0.941917300224, 25.8770484924, 16.6899452209, 7.47910881042, 33.9565811157, 133.808929443, 77.5423965454, 5370.24316406, 1926.21813965, 9339.82226562, 1199.91369629, 1564.98608398, 1347.9420166, 236.659378052, 540.08392334, 172.376464844, 28.2285823822, 7.90233707428, 2.64116454124, 11.0976133347, 11.029083252, 19.4430294037, 2.73272871971, 5.12747192383, 8.1830291748, 7.13671398163, 1.17233669758, 1.8201315403, 1.69184291363, 0.993244290352, 0.241759076715, 0.0843870863318, 0.0328071638942, 0.0666585788131, 0.102970667183, 0.00317147700116, 0.000107021805889, 3.97989970224e-05, 4.59773264083e-06, 2.54823673274e-09], "dvar2": [1.82962143421, 64.5032577515, 45.8420562744, 17.2643604279, 92.0380630493, 298.236053467, 162.651870728, 10641.3505859, 4739.24267578, 23556.8652344, 3120.31640625, 4234.09228516, 3881.46923828, 646.354125977, 1429.34912109, 470.853668213, 53.0328979492, 19.7068748474, 6.66137123108, 31.2018604279, 29.4585952759, 47.7729377747, 6.49264478683, 13.0799303055, 18.8616638184, 18.2660179138, 2.93804001808, 3.85230517387, 3.99829244614, 2.24590468407, 0.511117339134, 0.180494874716, 0.0626722872257, 0.114612288773, 0.189678788185, 0.00575163820758, 0.000276744511211, 0.000104251725134, 1.12850229925e-05, 5.97698068816e-09], "max": [20.1194839478, 78.4736404419, 91.7439041138, 112.126106262, 165.254089355, 443.08001709, 208.909332275, 3354.30566406, 1907.11096191, 3293.87182617, 1170.48986816, 1163.11816406, 694.928588867, 312.348175049, 782.34576416, 328.398956299, 540.48425293, 136.677337646, 28.0351428986, 81.3639907837, 77.9150924683, 161.45640564, 44.7129249573, 59.7397422791, 200.60093689, 92.80078125, 32.1286659241, 40.1565551758, 53.4050979614, 22.2244853973, 17.4608612061, 11.3758296967, 7.16554832458, 5.3510518074, 7.32331180573, 2.41605091095, 0.443835049868, 0.274823814631, 0.0867681279778, 0.00185670424253], "mean": [0.78466373682, 3.47634506226, 2.43487906456, 4.93496417999, 10.495973587, 26.1171016693, 19.0211791992, 94.54637146, 61.9100761414, 66.0511856079, 21.1711711884, 19.625705719, 16.3406333923, 9.37287998199, 16.4375495911, 8.51484966278, 2.57759642601, 2.35723161697, 1.79400241375, 3.48656821251, 3.59444689751, 5.01785039902, 2.08800697327, 2.54891180992, 2.56959748268, 2.42202734947, 1.10253250599, 0.667041957378, 0.476233541965, 0.37999856472, 0.222070351243, 0.120764702559, 0.113554246724, 0.156570658088, 0.178363144398, 0.0364622399211, 0.00528165278956, 0.00153358431999, 0.000388219224988, 5.91719144722e-05], "median": [0.0019271542551, 0.0340309552848, 0.297075033188, 1.84485089779, 5.62657690048, 16.5967788696, 13.1769838333, 45.4532775879, 35.6072425842, 41.6907043457, 7.80083608627, 6.58216428757, 7.57166337967, 3.71974086761, 4.77631187439, 1.56400418282, 0.956061899662, 1.23490250111, 1.13044631481, 2.10819530487, 1.76204955578, 2.0732178688, 1.34101104736, 1.27712905407, 1.06946909428, 0.836750507355, 0.382752180099, 0.165277451277, 0.125592321157, 0.0891507491469, 0.0454963557422, 0.0282003786415, 0.0186346694827, 0.0114340931177, 0.00589403416961, 0.00250877300277, 0.000647092354484, 0.000112115296361, 3.53975447069e-05, 3.56199925591e-05], "min": [4.54058492061e-22, 4.9097438544e-21, 8.11484456533e-21, 7.4139592458e-21, 2.98487930169e-20, 1.71265587405e-19, 9.61644701861e-20, 5.89308477672e-20, 3.36462150655e-19, 6.06026948149e-19, 4.29280836822e-19, 8.47207275568e-19, 6.85491914851e-19, 8.6739151649e-19, 1.07986795287e-18, 2.88356877936e-18, 3.6581855795e-18, 3.01392872158e-18, 3.1209210183e-18, 6.59146108943e-18, 7.53479564437e-18, 8.34156805685e-18, 1.03493876936e-17, 1.33479174141e-17, 1.62179710962e-17, 1.74492244749e-17, 1.00116167623e-17, 1.52762110796e-17, 1.88549103925e-17, 1.06295727922e-17, 1.81208173774e-17, 1.26880216727e-17, 8.8790013629e-18, 9.23381717793e-18, 9.55178209667e-18, 5.42837731937e-18, 3.38615544774e-18, 1.39572955811e-18, 3.68197503542e-19, 3.43257949913e-20], "var": [2.69715023041, 53.6100578308, 45.3427047729, 66.6135940552, 187.997070312, 1171.7130127, 379.905456543, 33620.3398438, 8785.98339844, 12079.3476562, 2015.96557617, 4504.82617188, 1228.72729492, 310.897918701, 2358.47583008, 592.258056641, 73.1080856323, 14.812710762, 5.49062490463, 21.2971496582, 31.6551971436, 134.108047485, 7.70678901672, 16.7337665558, 75.6354446411, 24.4193992615, 4.00088834763, 4.15504312515, 1.93789958954, 1.47430145741, 0.616969645023, 0.256839871407, 0.141323626041, 0.218270033598, 0.286791115999, 0.0152667341754, 0.000549282878637, 0.000107978194137, 1.0914674931e-05, 6.93907775684e-09]}, "gfcc": {"mean": [-98.5348587036, 156.494155884, -88.3919830322, 4.96743869781, -63.2831192017, -24.151134491, -37.9842681885, 1.50521254539, -19.7586650848, -2.97958064079, -7.44307231903, -1.36053669453, -1.31830155849], "cov": [[18389.7402344, -2192.75268555, -1752.52868652, 2817.11938477, -459.851348877, 905.622375488, -609.398681641, 948.098510742, -373.709381104, 688.898376465, -125.587860107, 630.448120117, 319.217681885], [-2192.75268555, 2958.26367188, 779.660888672, -1125.72497559, 162.862136841, -452.797149658, 193.778121948, -410.06362915, 306.567443848, -226.458099365, 248.443527222, -273.856170654, 43.3526573181], [-1752.52868652, 779.660888672, 1162.45544434, -425.228027344, 183.610046387, 166.035003662, 172.520675659, 19.421672821, 176.838607788, 65.0615158081, 75.3352890015, -36.7018013, 24.2067241669], [2817.11938477, -1125.72497559, -425.228027344, 1123.98779297, 160.389770508, 368.21383667, 46.2340393066, 353.454040527, -19.4746131897, 174.071899414, -15.270201683, 195.990478516, 69.1484146118], [-459.851348877, 162.862136841, 183.610046387, 160.389770508, 407.738922119, 239.384368896, 207.944824219, 113.654243469, 122.613998413, 56.0252609253, 98.6684570312, 57.4638328552, 36.0711593628], [905.622375488, -452.797149658, 166.035003662, 368.21383667, 239.384368896, 531.45489502, 145.927276611, 267.821136475, 33.4494438171, 174.424179077, 21.1846466064, 157.729705811, 54.6109008789], [-609.398681641, 193.778121948, 172.520675659, 46.2340393066, 207.944824219, 145.927276611, 285.983642578, 75.7408828735, 134.607635498, 30.112455368, 81.3536987305, 40.7041854858, 26.9877490997], [948.098510742, -410.06362915, 19.421672821, 353.454040527, 113.654243469, 267.821136475, 75.7408828735, 279.964385986, 33.0368270874, 130.730438232, 14.4295787811, 110.382118225, 53.7460098267], [-373.709381104, 306.567443848, 176.838607788, -19.4746131897, 122.613998413, 33.4494438171, 134.607635498, 33.0368270874, 205.966369629, 47.0466537476, 83.3837051392, 12.7967157364, 34.6870002747], [688.898376465, -226.458099365, 65.0615158081, 174.071899414, 56.0252609253, 174.424179077, 30.112455368, 130.730438232, 47.0466537476, 165.754196167, 46.5213928223, 82.7191314697, 37.6287384033], [-125.587860107, 248.443527222, 75.3352890015, -15.270201683, 98.6684570312, 21.1846466064, 81.3536987305, 14.4295787811, 83.3837051392, 46.5213928223, 147.191162109, 53.6644287109, 59.1247444153], [630.448120117, -273.856170654, -36.7018013, 195.990478516, 57.4638328552, 157.729705811, 40.7041854858, 110.382118225, 12.7967157364, 82.7191314697, 53.6644287109, 163.505889893, 77.9915390015], [319.217681885, 43.3526573181, 24.2067241669, 69.1484146118, 36.0711593628, 54.6109008789, 26.9877490997, 53.7460098267, 34.6870002747, 37.6287384033, 59.1247444153, 77.9915390015, 112.96836853]], "icov": [[0.000245787989115, -0.000489773054142, 0.000279645231785, -0.000707383092958, 0.000663041952066, -0.000406544771977, 0.000481634080643, -0.000222719347221, 0.000273448764347, -0.000727145641576, 0.000392696907511, -0.000525322044268, 0.000157604998094], [-0.000489773054142, 0.00216602627188, -0.000859570573084, 0.00198042066768, -0.00170608330518, 0.000930449808948, -0.000981752877124, 0.000848786672577, -0.00131984171458, 0.00237473798916, -0.00231409608386, 0.00276253302582, -0.00163144036196], [0.000279645231785, -0.000859570573084, 0.00195928593166, 3.08778294311e-06, 0.000576856429689, -0.00132755714003, 0.000432971690316, -0.000614459742792, -0.000240011315327, -0.00162807619199, 0.00104510085657, -0.000175971174031, -4.50810257462e-05], [-0.000707383092958, 0.00198042066768, 3.08778294311e-06, 0.00456326873973, -0.00284808455035, 0.00101272226311, -0.00122757407371, -0.00102779048029, -0.00125103385653, 0.00185078405775, -0.000908512505703, 0.0016564297257, -0.00125333934557], [0.000663041952066, -0.00170608330518, 0.000576856429689, -0.00284808455035, 0.00777998147532, -0.0038881408982, -0.000247202813625, -0.000600125524215, -0.000252741359873, 0.000211574850255, -0.00194685789756, -0.000585010915529, 0.00157081056386], [-0.000406544771977, 0.000930449808948, -0.00132755714003, 0.00101272226311, -0.0038881408982, 0.0077657289803, -0.00247108656913, -0.0018394344952, 0.00177997152787, -0.00261013675481, 0.00256715388969, -0.0023059498053, -1.95574048121e-05], [0.000481634080643, -0.000981752877124, 0.000432971690316, -0.00122757407371, -0.000247202813625, -0.00247108656913, 0.00868443399668, -0.0014991061762, -0.00310409883969, 0.00174459151458, -0.00131934625097, -0.00168218370527, 0.0018103250768], [-0.000222719347221, 0.000848786672577, -0.000614459742792, -0.00102779048029, -0.000600125524215, -0.0018394344952, -0.0014991061762, 0.01073814556, -0.000790620339103, -0.00247665098868, 0.00103545829188, 0.000672025547829, -0.00254361145198], [0.000273448764347, -0.00131984171458, -0.000240011315327, -0.00125103385653, -0.000252741359873, 0.00177997152787, -0.00310409883969, -0.000790620339103, 0.0106630828232, -0.00492145400494, -1.03858010334e-05, -0.0001925889228, -0.000607478490565], [-0.000727145641576, 0.00237473798916, -0.00162807619199, 0.00185078405775, 0.000211574850255, -0.00261013675481, 0.00174459151458, -0.00247665098868, -0.00492145400494, 0.018079508096, -0.00789774861187, 0.00117038434837, 0.0011296038283], [0.000392696907511, -0.00231409608386, 0.00104510085657, -0.000908512505703, -0.00194685789756, 0.00256715388969, -0.00131934625097, 0.00103545829188, -1.03858010334e-05, -0.00789774861187, 0.0180877353996, -0.00683320267126, -0.00280151655897], [-0.000525322044268, 0.00276253302582, -0.000175971174031, 0.0016564297257, -0.000585010915529, -0.0023059498053, -0.00168218370527, 0.000672025547829, -0.0001925889228, 0.00117038434837, -0.00683320267126, 0.0191734973341, -0.00915971584618], [0.000157604998094, -0.00163144036196, -4.50810257462e-05, -0.00125333934557, 0.00157081056386, -1.95574048121e-05, 0.0018103250768, -0.00254361145198, -0.000607478490565, 0.0011296038283, -0.00280151655897, -0.00915971584618, 0.0176953915507]]}, "melbands": {"dmean": [0.00180579558946, 0.000818837317638, 0.000295459205518, 0.000352543574991, 0.00020226201741, 0.000639946490992, 0.000298323953757, 0.000263481895672, 7.26930520614e-05, 5.73126453673e-05, 4.08281375712e-05, 1.86266879609e-05, 2.55734030361e-05, 1.18439138532e-05, 5.97541293246e-06, 1.87945215657e-06, 2.58309432866e-06, 1.57717863658e-06, 1.96955033971e-06, 2.68069857157e-06, 2.28549015446e-06, 2.56006001109e-06, 1.67088069247e-06, 1.05861738575e-06, 1.00061868125e-06, 8.73505825894e-07, 7.41194639886e-07, 6.38540825548e-07, 3.06753577206e-07, 2.75297736607e-07, 2.47981148505e-07, 2.05274091059e-07, 2.02020672191e-07, 1.33932687163e-07, 8.50934469554e-08, 3.6969744599e-08, 3.23779367761e-08, 3.27920695042e-08, 6.51511982142e-08, 8.62345927999e-08], "dmean2": [0.00257746689022, 0.00132204720285, 0.000417128932895, 0.000507210788783, 0.000284182227915, 0.000973738031462, 0.000476047920529, 0.000403389596613, 0.000116899864224, 9.27914079512e-05, 6.67381900712e-05, 2.91416836262e-05, 3.76080570277e-05, 1.86865618161e-05, 9.4263932624e-06, 3.02832654597e-06, 4.19073558078e-06, 2.58049954027e-06, 3.35617210112e-06, 4.4773873924e-06, 3.82603684557e-06, 4.1941307245e-06, 2.85727469418e-06, 1.73659566371e-06, 1.62919161539e-06, 1.41056398206e-06, 1.1876265944e-06, 1.00859142549e-06, 4.85283408125e-07, 4.32207656331e-07, 3.94710838236e-07, 3.22097065464e-07, 3.18919404663e-07, 2.08765584375e-07, 1.2896798296e-07, 5.83268828791e-08, 5.06224253627e-08, 4.89618727784e-08, 9.25129839402e-08, 1.10974326617e-07], "dvar": [5.20511748618e-05, 1.35656828206e-05, 3.36478905183e-07, 3.78827337499e-07, 9.5226944552e-08, 2.39643122768e-06, 4.44830135393e-07, 1.01691011878e-06, 6.41940332002e-08, 6.34320826975e-08, 3.36672520973e-08, 4.55800730492e-09, 6.45574260716e-09, 2.09274109153e-09, 6.73708977494e-10, 4.58332434505e-11, 3.01678161618e-11, 8.27768756317e-12, 8.57704532398e-12, 2.22818586498e-11, 2.76627054596e-11, 3.07814815304e-11, 1.52614934579e-11, 4.22628815624e-12, 4.39966032356e-12, 6.75964189137e-12, 3.15479651951e-12, 2.90320415278e-12, 5.61706659918e-13, 8.83374374084e-13, 7.10728947483e-13, 6.1445829978e-13, 5.58974958334e-13, 3.2356083958e-13, 1.18305647397e-13, 2.53301086296e-14, 4.18492992268e-14, 1.57354140704e-14, 3.36599373591e-14, 5.93397808104e-14], "dvar2": [0.000108441323391, 3.53208197339e-05, 8.78661694514e-07, 8.17062073111e-07, 2.13999314269e-07, 4.96735492561e-06, 1.11413646664e-06, 2.52563177128e-06, 1.73571393702e-07, 1.76404512331e-07, 9.69918332316e-08, 1.25161845332e-08, 1.61056892267e-08, 6.47989484293e-09, 1.4062100373e-09, 9.2241436711e-11, 7.66616770065e-11, 2.02654767967e-11, 2.44213330114e-11, 5.83963016831e-11, 7.41546407612e-11, 7.52503476198e-11, 4.04028165091e-11, 9.64551181981e-12, 1.13045605862e-11, 1.62449689117e-11, 7.64540514231e-12, 7.12583074144e-12, 1.40032733673e-12, 2.15948851683e-12, 1.57217067056e-12, 1.41612275292e-12, 1.34960239598e-12, 7.31054485611e-13, 2.39265150661e-13, 6.31818477203e-14, 8.8055397121e-14, 3.02240159712e-14, 6.78794314594e-14, 1.04553308556e-13], "max": [0.129501834512, 0.073990650475, 0.0188676677644, 0.0259999185801, 0.00991563592106, 0.0676793754101, 0.0259728711098, 0.0308148190379, 0.00694083375856, 0.0063931774348, 0.00347054167651, 0.00139131653123, 0.00321026309393, 0.00124094262719, 0.00100053462666, 0.000685136474203, 0.000233522194321, 4.43607423222e-05, 6.52958042338e-05, 0.000129146152176, 0.000139622323331, 0.000224199029617, 0.000127444436657, 6.44135725452e-05, 5.73774887016e-05, 0.000175712470082, 6.11062932876e-05, 7.24350247765e-05, 1.99686819542e-05, 2.97822098219e-05, 2.50565972237e-05, 4.52915955975e-05, 1.22231704154e-05, 1.61009593285e-05, 1.26885952341e-05, 5.92519018028e-06, 7.47210378904e-06, 5.43364558325e-06, 4.44986881121e-06, 5.3802259572e-06], "mean": [0.00619327090681, 0.00244204350747, 0.000986834522337, 0.00137109821662, 0.000778653309681, 0.00203501991928, 0.000945351610426, 0.000647132575978, 0.000147770449985, 0.000119661221106, 7.87300232332e-05, 3.43463725585e-05, 5.90024137637e-05, 2.84033503704e-05, 1.24610724015e-05, 3.2887096495e-06, 4.51761115983e-06, 2.72361671705e-06, 3.36334005624e-06, 4.68164944323e-06, 4.2804849727e-06, 5.87602107771e-06, 2.86707881969e-06, 1.90938226297e-06, 1.97145959646e-06, 2.04810316973e-06, 1.69892541635e-06, 1.44942339375e-06, 7.22523850527e-07, 4.75891852147e-07, 3.77197636681e-07, 2.690134977e-07, 2.56027050227e-07, 1.91829741425e-07, 1.45201639157e-07, 7.63243050983e-08, 6.97830984109e-08, 6.78822118516e-08, 1.0431766384e-07, 1.36381061111e-07], "median": [2.34855397139e-05, 0.000114171663881, 0.000414551526774, 0.000799837871455, 0.000586482638028, 0.00100503850263, 0.000576990481932, 0.000385897961678, 3.569983528e-05, 4.30780819443e-05, 3.51326234522e-05, 1.14425383799e-05, 1.53207565745e-05, 4.30582440458e-06, 2.24243285629e-06, 1.54777796979e-06, 2.17342153519e-06, 1.50231903717e-06, 2.24807854465e-06, 2.33533546634e-06, 1.82256781045e-06, 2.13940870708e-06, 1.06267680167e-06, 1.02497915577e-06, 7.90047181454e-07, 7.61628427881e-07, 6.54051518723e-07, 4.60683395431e-07, 2.30827126302e-07, 1.1340365802e-07, 7.66590417811e-08, 6.43322550786e-08, 6.31886933888e-08, 4.1922838534e-08, 2.63189736671e-08, 1.8189483697e-08, 1.54440513711e-08, 1.23886430003e-08, 1.12480771364e-08, 8.51014636538e-09], "min": [7.45333532623e-24, 4.95696172026e-24, 1.55963293406e-24, 6.83198903423e-24, 5.15856932409e-24, 1.22765324666e-24, 5.54449901158e-24, 5.92237442924e-24, 4.57782491402e-24, 4.82995274794e-24, 3.31368793518e-24, 2.86330456464e-24, 3.59660579909e-24, 3.83318834001e-24, 9.80338746163e-24, 6.91122222355e-24, 4.90230154814e-24, 3.48097732862e-24, 8.20639062383e-24, 7.97873404405e-24, 9.33837762383e-24, 9.08357476258e-24, 7.52281582818e-24, 1.05031583605e-23, 1.01038282928e-23, 1.2189759542e-23, 9.21619648024e-24, 1.29101457429e-23, 5.85059005902e-24, 6.31006209326e-24, 9.99816116343e-24, 1.10802590221e-23, 7.56663152944e-24, 4.80606327872e-24, 1.04033177578e-23, 7.77629971399e-24, 5.71134269861e-24, 5.19527423315e-24, 7.40855958125e-24, 8.0675290164e-24], "var": [0.000145579775563, 3.03903216263e-05, 2.32252000387e-06, 3.77951209884e-06, 5.25761720382e-07, 1.42779435919e-05, 1.77016431735e-06, 1.36424728225e-06, 1.29376402924e-07, 1.42617906818e-07, 3.03734815077e-08, 5.49287682006e-09, 2.68748490129e-08, 6.79955469707e-09, 2.31873276135e-09, 1.02312970596e-10, 5.76019232312e-11, 1.57056589956e-11, 1.59109201509e-11, 5.89350304669e-11, 7.06181155219e-11, 2.3689966655e-10, 3.31845523283e-11, 1.07548093695e-11, 1.23743654212e-11, 6.21754384089e-11, 1.15735251244e-11, 1.06861811067e-11, 1.96182393247e-12, 1.92069342202e-12, 1.49813603363e-12, 7.14982272606e-13, 5.76500490141e-13, 5.13345442543e-13, 2.93772655941e-13, 7.17850122877e-14, 1.16906620018e-13, 6.59696228851e-14, 9.09417262633e-14, 1.8189124523e-13]}, "mfcc": {"mean": [-743.099731445, 183.19644165, 24.9033260345, 28.3765010834, -8.60214519501, -18.3627357483, -13.022315979, -8.71112823486, -7.02604913712, -5.90395832062, -7.53143119812, -4.3196310997, 5.3453783989], "cov": [[10800.6621094, -724.01171875, -1925.06176758, 1266.49597168, 529.011169434, 159.12663269, 296.195953369, 427.278991699, 339.365600586, -22.920293808, -45.7741737366, 88.6807327271, 553.715698242], [-724.01171875, 1905.20153809, 556.849182129, -221.621536255, -89.6780395508, -55.0210952759, -92.6295623779, -123.870803833, -118.432128906, 20.7000541687, 49.2494010925, 51.2064933777, -23.1890830994], [-1925.06176758, 556.849182129, 1257.81018066, -375.196166992, -91.8978729248, 78.9182815552, -19.1582698822, -80.2918930054, 44.0751342773, 23.8239421844, 170.587936401, 32.3602523804, -94.1843490601], [1266.49597168, -221.621536255, -375.196166992, 471.824707031, 188.398956299, 62.8184928894, 97.0854644775, 137.325805664, 85.460975647, 79.1084060669, 2.45036125183, 32.8311767578, 101.638435364], [529.011169434, -89.6780395508, -91.8978729248, 188.398956299, 308.849334717, 161.986373901, 153.272857666, 150.530166626, 122.85634613, 56.9835739136, 86.977394104, 59.9047737122, 93.7258682251], [159.12663269, -55.0210952759, 78.9182815552, 62.8184928894, 161.986373901, 267.978729248, 158.797027588, 142.907913208, 124.959777832, 52.5481147766, 121.094825745, 77.0822525024, 61.3510742188], [296.195953369, -92.6295623779, -19.1582698822, 97.0854644775, 153.272857666, 158.797027588, 226.272644043, 153.904083252, 108.310470581, 53.0716209412, 74.7691345215, 56.9491424561, 77.6885986328], [427.278991699, -123.870803833, -80.2918930054, 137.325805664, 150.530166626, 142.907913208, 153.904083252, 220.135925293, 146.471893311, 50.5921173096, 71.8264312744, 61.137260437, 75.813911438], [339.365600586, -118.432128906, 44.0751342773, 85.460975647, 122.85634613, 124.959777832, 108.310470581, 146.471893311, 180.087890625, 66.1145401001, 87.0355300903, 44.4650344849, 51.449256897], [-22.920293808, 20.7000541687, 23.8239421844, 79.1084060669, 56.9835739136, 52.5481147766, 53.0716209412, 50.5921173096, 66.1145401001, 123.552474976, 70.6323928833, 34.6404533386, 15.667506218], [-45.7741737366, 49.2494010925, 170.587936401, 2.45036125183, 86.977394104, 121.094825745, 74.7691345215, 71.8264312744, 87.0355300903, 70.6323928833, 181.392410278, 74.5704574585, 28.0318431854], [88.6807327271, 51.2064933777, 32.3602523804, 32.8311767578, 59.9047737122, 77.0822525024, 56.9491424561, 61.137260437, 44.4650344849, 34.6404533386, 74.5704574585, 116.538291931, 51.5819664001], [553.715698242, -23.1890830994, -94.1843490601, 101.638435364, 93.7258682251, 61.3510742188, 77.6885986328, 75.813911438, 51.449256897, 15.667506218, 28.0318431854, 51.5819664001, 145.091964722]], "icov": [[0.000206469267141, -7.10327949491e-05, 0.000267394527327, -0.000429452717071, 0.000143818484503, 2.69181527983e-05, -8.41577420942e-05, 0.000367998320144, -0.000672600814141, 0.000617635610979, -0.000268540345132, 9.27571818465e-05, -0.000385688850656], [-7.10327949491e-05, 0.000722002354451, -0.000440966599854, 0.000293156685075, -0.000228979290114, 0.000100899051176, 0.000306103203911, -0.000399555749027, 0.00111875217408, -0.000727001111954, 0.000197361310711, -0.000369771471014, -0.000179878756171], [0.000267394527327, -0.000440966599854, 0.00189105246682, 0.000270408520009, 0.000470852683065, -0.000306436762912, -0.000418269162765, 0.0016109951539, -0.00228222622536, 0.00101991998963, -0.00147128629033, 0.000186085802852, 7.20161406207e-05], [-0.000429452717071, 0.000293156685075, 0.000270408520009, 0.00534279644489, -0.00215614656918, 0.000262034416664, 0.000880416540895, -0.00213196431287, 0.00169892492704, -0.0040114200674, 0.00168065947946, -0.000107760293758, -0.000412432156736], [0.000143818484503, -0.000228979290114, 0.000470852683065, -0.00215614656918, 0.00731021072716, -0.00178513594437, -0.00177122175228, 0.000287641596515, -0.0018946317723, 0.00135637423955, -0.00166254362557, 0.000560722139198, -0.00129147060215], [2.69181527983e-05, 0.000100899051176, -0.000306436762912, 0.000262034416664, -0.00178513594437, 0.00918484479189, -0.00323079456575, -0.00101146870293, -0.0013849940151, 0.00113880471326, -0.00250909593888, -0.00150371191557, 0.000446246209322], [-8.41577420942e-05, 0.000306103203911, -0.000418269162765, 0.000880416540895, -0.00177122175228, -0.00323079456575, 0.0113237444311, -0.00556636229157, 0.00215477170423, -0.00246880250052, 0.000859701714944, 0.00047648276086, -0.00199552974664], [0.000367998320144, -0.000399555749027, 0.0016109951539, -0.00213196431287, 0.000287641596515, -0.00101146870293, -0.00556636229157, 0.0171911623329, -0.0109300157055, 0.00361266219988, -0.00047477564658, -0.00217892182991, -0.000337448902428], [-0.000672600814141, 0.00111875217408, -0.00228222622536, 0.00169892492704, -0.0018946317723, -0.0013849940151, 0.00215477170423, -0.0109300157055, 0.0194556619972, -0.00649202056229, -0.000551959499717, 0.00172218109947, -0.000262504414422], [0.000617635610979, -0.000727001111954, 0.00101991998963, -0.0040114200674, 0.00135637423955, 0.00113880471326, -0.00246880250052, 0.00361266219988, -0.00649202056229, 0.0157190430909, -0.00523721193895, -0.000704150588717, 0.000942140643019], [-0.000268540345132, 0.000197361310711, -0.00147128629033, 0.00168065947946, -0.00166254362557, -0.00250909593888, 0.000859701714944, -0.00047477564658, -0.000551959499717, -0.00523721193895, 0.0131215006113, -0.00453644013032, 0.00068560091313], [9.27571818465e-05, -0.000369771471014, 0.000186085802852, -0.000107760293758, 0.000560722139198, -0.00150371191557, 0.00047648276086, -0.00217892182991, 0.00172218109947, -0.000704150588717, -0.00453644013032, 0.0144255524501, -0.00384644023143], [-0.000385688850656, -0.000179878756171, 7.20161406207e-05, -0.000412432156736, -0.00129147060215, 0.000446246209322, -0.00199552974664, -0.000337448902428, -0.000262504414422, 0.000942140643019, 0.00068560091313, -0.00384644023143, 0.0117877321318]]}, "spectral_contrast_coeffs": {"dmean": [0.0414855666459, 0.0379815474153, 0.0295317638665, 0.0258823931217, 0.0187003370374, 0.0165504366159], "dmean2": [0.0679077059031, 0.0617015920579, 0.0472293943167, 0.0426850579679, 0.0307678189129, 0.0267311688513], "dvar": [0.00135120807681, 0.00130697386339, 0.000635249482002, 0.000447457656264, 0.000244348484557, 0.000241472618654], "dvar2": [0.00346011924557, 0.00329317804426, 0.00161700625904, 0.00116631365381, 0.000638599391095, 0.000624004926067], "max": [-0.226361840963, -0.264026284218, -0.420882701874, -0.563333630562, -0.53100246191, -0.631056189537], "mean": [-0.537614583969, -0.592130482197, -0.695748567581, -0.756071567535, -0.762529075146, -0.794014632702], "median": [-0.529773831367, -0.586234271526, -0.699641406536, -0.754607319832, -0.75729483366, -0.787434995174], "min": [-0.964664578438, -0.96388143301, -0.972624242306, -0.968512952328, -0.95797508955, -0.965530753136], "var": [0.0122607182711, 0.00954782031476, 0.00474414695054, 0.00304692494683, 0.00454970216379, 0.00337271136232]}, "spectral_contrast_valleys": {"dmean": [0.418042212725, 0.31408444047, 0.265371203423, 0.217991217971, 0.159362018108, 0.284805625677], "dmean2": [0.679656982422, 0.516264438629, 0.434156656265, 0.366270452738, 0.259538412094, 0.407256871462], "dvar": [0.161946401, 0.107812136412, 0.0786402150989, 0.0619655996561, 0.0376101061702, 0.