{"lowlevel": {"average_loudness": 0.978476524353, "barkbands_crest": {"dmean": 1.73219645023, "dmean2": 2.64058995247, "dvar": 2.91402220726, "dvar2": 7.40570640564, "max": 26.9545288086, "mean": 10.8866224289, "median": 10.474899292, "min": 4.28620910645, "var": 8.4219865799}, "barkbands_flatness_db": {"dmean": 0.0305047743022, "dmean2": 0.0406978055835, "dvar": 0.00149277283344, "dvar2": 0.00291462265886, "max": 0.62605959177, "mean": 0.304800391197, "median": 0.311258047819, "min": 0.0681708604097, "var": 0.00514621473849}, "barkbands_kurtosis": {"dmean": 3.85515475273, "dmean2": 6.00010967255, "dvar": 3455.27612305, "dvar2": 9413.93847656, "max": 3410.57470703, "mean": 5.01787090302, "median": 2.24387955666, "min": -1.54403626919, "var": 2255.57885742}, "barkbands_skewness": {"dmean": 0.41977250576, "dmean2": 0.587581396103, "dvar": 1.01486730576, "dvar2": 2.4734442234, "max": 50.8616371155, "mean": 1.40312361717, "median": 1.18804824352, "min": -2.01843476295, "var": 1.39626216888}, "barkbands_spread": {"dmean": 1.1802533865, "dmean2": 1.71786558628, "dvar": 3.38088130951, "dvar2": 6.56994867325, "max": 33.0747909546, "mean": 6.24216842651, "median": 5.72345256805, "min": 0.0735722705722, "var": 8.61796760559}, "dissonance": {"dmean": 0.0377625115216, "dmean2": 0.0602118484676, "dvar": 0.00120513886213, "dvar2": 0.00296889501624, "max": 0.499922454357, "mean": 0.376625835896, "median": 0.380766004324, "min": 0.143042370677, "var": 0.00393788190559}, "dynamic_complexity": 1.25923705101, "erbbands_crest": {"dmean": 2.20034384727, "dmean2": 3.32443833351, "dvar": 5.23311519623, "dvar2": 12.297618866, "max": 30.8482818604, "mean": 13.3490571976, "median": 12.6958112717, "min": 2.28128933907, "var": 20.848405838}, "erbbands_flatness_db": {"dmean": 0.0278708897531, "dmean2": 0.0351483784616, "dvar": 0.00115461973473, "dvar2": 0.00199108733796, "max": 0.441353678703, "mean": 0.270670771599, "median": 0.282271057367, "min": 0.0230319891125, "var": 0.00483903894201}, "erbbands_kurtosis": {"dmean": 1.35069608688, "dmean2": 1.99308204651, "dvar": 2.36772680283, "dvar2": 5.13990974426, "max": 25.2484226227, "mean": 3.04760098457, "median": 2.59093618393, "min": -1.57565879822, "var": 6.86532306671}, "erbbands_skewness": {"dmean": 0.342591941357, "dmean2": 0.498457878828, "dvar": 0.107083186507, "dvar2": 0.237527385354, "max": 3.90308976173, "mean": 0.914254784584, "median": 0.931946516037, "min": -1.95058870316, "var": 0.515995264053}, "erbbands_spread": {"dmean": 4.29740428925, "dmean2": 5.82876110077, "dvar": 54.0212898254, "dvar2": 93.6131973267, "max": 155.263916016, "mean": 15.4242534637, "median": 12.3530063629, "min": 2.67865419388, "var": 131.466384888}, "hfc": {"dmean": 2.83578014374, "dmean2": 4.00540781021, "dvar": 17.2319984436, "dvar2": 32.0143890381, "max": 56.5999145508, "mean": 14.4361076355, "median": 13.3389110565, "min": 1.18769331973e-16, "var": 44.456653595}, "melbands_crest": {"dmean": 1.88510477543, "dmean2": 2.88291716576, "dvar": 3.25683045387, "dvar2": 8.01310539246, "max": 39.972618103, "mean": 13.9153470993, "median": 13.5716543198, "min": 1.96667969227, "var": 9.58166313171}, "melbands_flatness_db": {"dmean": 0.0352831296623, "dmean2": 0.0463178232312, "dvar": 0.00193647784181, "dvar2": 0.00376736372709, "max": 0.683587372303, "mean": 0.420773595572, "median": 0.422800600529, "min": 0.00402826163918, "var": 0.00699749123305}, "melbands_kurtosis": {"dmean": 11.4752721786, "dmean2": 16.9913349152, "dvar": 120239.132812, "dvar2": 281485.46875, "max": 22241.1796875, "mean": 13.0062713623, "median": 3.96950125694, "min": -1.1942448616, "var": 100409.5}, "melbands_skewness": {"dmean": 0.488139092922, "dmean2": 0.696114301682, "dvar": 4.28669643402, "dvar2": 8.66360664368, "max": 124.613441467, "mean": 1.87754034996, "median": 1.61021018028, "min": -0.0984799042344, "var": 5.26428937912}, "melbands_spread": {"dmean": 1.1053071022, "dmean2": 1.63275778294, "dvar": 4.66654968262, "dvar2": 6.76032161713, "max": 143.176452637, "mean": 6.55425548553, "median": 6.25653648376, "min": 0.0149211958051, "var": 9.62148761749}, "pitch_salience": {"dmean": 0.0466321967542, "dmean2": 0.0721573978662, "dvar": 0.00234578968957, "dvar2": 0.00550927314907, "max": 0.920264720917, "mean": 0.485924452543, "median": 0.482263743877, "min": 0.00277124438435, "var": 0.00750868394971}, "silence_rate_20dB": {"dmean": 0, "dmean2": 0, "dvar": 0, "dvar2": 0, "max": 1, "mean": 1, "median": 1, "min": 1, "var": 0}, "silence_rate_30dB": {"dmean": 0.0214111916721, "dmean2": 0.0428293310106, "dvar": 0.0209521967918, "dvar2": 0.0504020787776, "max": 1, "mean": 0.976646125317, "median": 1, "min": 0, "var": 0.0228076130152}, "silence_rate_60dB": {"dmean": 0.000324412016198, "dmean2": 0.000486696953885, "dvar": 0.000324320688378, "dvar2": 0.000486461620312, "max": 1, "mean": 0.00162179698236, "median": 0, "min": 0, "var": 0.00161939719692}, "spectral_centroid": {"dmean": 53.5635910034, "dmean2": 79.7314376831, "dvar": 26616.2871094, "dvar2": 42125.25, "max": 11459.5888672, "mean": 416.494354248, "median": 386.327453613, "min": 66.277381897, "var": 41392.6914062}, "spectral_complexity": {"dmean": 1.74922955036, "dmean2": 2.77336144447, "dvar": 5.84621524811, "dvar2": 10.7389364243, "max": 37, "mean": 10.4036655426, "median": 10, "min": 0, "var": 11.7995500565}, "spectral_decrease": {"dmean": 2.70286037996e-09, "dmean2": 3.87203735741e-09, "dvar": 1.02880373619e-17, "dvar2": 2.54530306994e-17, "max": 6.1151796575e-29, "mean": -1.57569495229e-08, "median": -1.49806531624e-08, "min": -5.01370926997e-08, "var": 2.63446751515e-17}, "spectral_energy": {"dmean": 0.0104020573199, "dmean2": 0.0148935103789, "dvar": 0.000152262669872, "dvar2": 0.000375295057893, "max": 0.192327007651, "mean": 0.0607798285782, "median": 0.0578040629625, "min": 1.05419281919e-20, "var": 0.000391841778765}, "spectral_energyband_high": {"dmean": 9.1138354037e-05, "dmean2": 0.000122223296785, "dvar": 6.82499887716e-08, "dvar2": 1.11856920171e-07, "max": 0.00322081404738, "mean": 0.000109454304038, "median": 1.25228962133e-05, "min": 7.61364823893e-21, "var": 1.16240585157e-07}, "spectral_energyband_low": {"dmean": 0.00782974716276, "dmean2": 0.0106541225687, "dvar": 0.000113897338451, "dvar2": 0.000279256666545, "max": 0.172612428665, "mean": 0.033814702183, "median": 0.0308272615075, "min": 1.00535362013e-22, "var": 0.000209209771128}, "spectral_energyband_middle_high": {"dmean": 0.000418684154283, "dmean2": 0.000612830743194, "dvar": 4.15804151999e-07, "dvar2": 8.98124881132e-07, "max": 0.0117918606848, "mean": 0.00141943013296, "median": 0.00101863755845, "min": 1.41383594476e-21, "var": 1.70879070538e-06}, "spectral_energyband_middle_low": {"dmean": 0.00618702080101, "dmean2": 0.00952919758856, "dvar": 6.44902102067e-05, "dvar2": 0.000165328310686, "max": 0.115174219012, "mean": 0.0280016902834, "median": 0.0264652222395, "min": 2.7533684119e-22, "var": 0.000198335008463}, "spectral_entropy": {"dmean": 0.26989531517, "dmean2": 0.374625205994, "dvar": 0.115585796535, "dvar2": 0.224342122674, "max": 9.80633544922, "mean": 6.11627960205, "median": 6.03085756302, "min": 4.59038829803, "var": 0.420256644487}, "spectral_flux": {"dmean": 0.0251349005848, "dmean2": 0.0397782102227, "dvar": 0.000805429706816, "dvar2": 0.00181116105523, "max": 0.344286412001, "mean": 0.0679619759321, "median": 0.05659301579, "min": 1.02673890223e-10, "var": 0.00163381022867}, "spectral_kurtosis": {"dmean": 17.7225131989, "dmean2": 29.012140274, "dvar": 582.956848145, "dvar2": 1386.49450684, "max": 315.885131836, "mean": 35.4389877319, "median": 21.3173675537, "min": -1.22153699398, "var": 1599.85620117}, "spectral_rms": {"dmean": 0.00064700312214, "dmean2": 0.000917173048947, "dvar": 4.96663176364e-07, "dvar2": 1.18090201795e-06, "max": 0.0136980330572, "mean": 0.00759972678497, "median": 0.0075096078217, "min": 3.20699369838e-12, "var": 1.54135511821e-06}, "spectral_rolloff": {"dmean": 55.5282478333, "dmean2": 94.5653610229, "dvar": 65892.171875, "dvar2": 73779.796875, "max": 19143.0175781, "mean": 407.981384277, "median": 366.064453125, "min": 21.533203125, "var": 78114.078125}, "spectral_skewness": {"dmean": 1.08731365204, "dmean2": 1.73199236393, "dvar": 1.45495378971, "dvar2": 3.46815514565, "max": 14.792714119, "mean": 3.97661805153, "median": 3.47112369537, "min": -0.0331255309284, "var": 4.49871778488}, "spectral_spread": {"dmean": 589922.5625, "dmean2": 777754.4375, "dvar": 729607241728, "dvar2": 1021120544770.0, "max": 41742752, "mean": 2293666.25, "median": 1830105.125, "min": 298601.125, "var": 2498552922110.0}, "spectral_strongpeak": {"dmean": 0.30577558279, "dmean2": 0.546520888805, "dvar": 0.265907913446, "dvar2": 0.637662231922, "max": 4.39565753937, "mean": 0.686258852482, "median": 0.293407559395, "min": 0, "var": 0.606829762459}, "zerocrossingrate": {"dmean": 0.00333282654174, "dmean2": 0.00410507945344, "dvar": 5.57794846827e-05, "dvar2": 5.48268581042e-05, "max": 0.50146484375, "mean": 0.0168428514153, "median": 0.0146484375, "min": 0, "var": 0.000117906776723}, "barkbands": {"dmean": [0.000289630028419, 0.00600106781349, 0.00268304231577, 0.00115702510811, 0.00349457538687, 0.00275192083791, 0.00054363993695, 0.000858035811689, 0.000601721578278, 0.000238718203036, 0.000171129926457, 6.61203011987e-05, 4.39421637566e-05, 3.53567047569e-05, 3.86941283068e-05, 1.84323798749e-05, 1.36569633469e-05, 1.77797228389e-05, 1.96132896235e-05, 1.80168881343e-05, 1.74382439582e-05, 2.46292129304e-05, 1.29739200929e-05, 6.30933527646e-06, 4.87569150209e-06, 9.50694902713e-06, 1.04603823274e-05], "dmean2": [0.000493496772833, 0.00822855811566, 0.0039177229628, 0.0017877711216, 0.00561337824911, 0.00428371876478, 0.000863888708409, 0.00107483786996, 0.000779228052124, 0.000335776334396, 0.000249064032687, 9.75106377155e-05, 6.89009175403e-05, 5.71680648136e-05, 6.45645341137e-05, 2.97861733998e-05, 2.14952760871e-05, 2.60630804405e-05, 2.91227461275e-05, 2.59231183009e-05, 2.63455331151e-05, 3.49949150404e-05, 1.70754756255e-05, 8.25283950689e-06, 6.36488630334e-06, 1.42168983075e-05, 1.55711131811e-05], "dvar": [3.91703281366e-07, 8.18363478174e-05, 1.53273940668e-05, 3.8315333768e-06, 3.68794171663e-05, 1.75225304702e-05, 1.06948550638e-06, 1.7424752059e-06, 1.12291616006e-06, 3.58099072173e-07, 1.00763692501e-07, 1.00316812635e-08, 7.07516178977e-09, 4.21958112895e-09, 2.2834552027e-08, 2.60505217398e-09, 1.26690025137e-09, 2.24846141705e-09, 2.39380382183e-09, 1.93383420388e-09, 2.04946903892e-09, 5.8298224026e-09, 1.6531566116e-09, 3.95452254276e-10, 3.4197525367e-10, 1.98267779972e-09, 2.83292811432e-09], "dvar2": [1.06673724076e-06, 0.0002098333498, 4.13854322687e-05, 9.2248137662e-06, 9.43187988014e-05, 4.74082407891e-05, 2.42877467826e-06, 3.06680112772e-06, 2.03769877771e-06, 5.64816161841e-07, 2.00626246283e-07, 2.18086579906e-08, 1.78140950879e-08, 1.1016791035e-08, 6.41862669681e-08, 6.54763665509e-09, 2.7890327825e-09, 4.55933113486e-09, 4.68048488855e-09, 3.53558471389e-09, 3.80141962353e-09, 1.19933467602e-08, 2.94892799069e-09, 7.03402225355e-10, 5.58468105094e-10, 3.99296196107e-09, 5.42978595419e-09], "max": [0.0101029155776, 0.141900271177, 0.047152325511, 0.0273444354534, 0.085760653019, 0.0739747658372, 0.0400405488908, 0.0211360938847, 0.0187835302204, 0.0182875655591, 0.0104628242552, 0.0017439245712, 0.00137088308111, 0.00093901209766, 0.00312356720679, 0.00071215047501, 0.000350354879629, 0.000606339192018, 0.000698513526004, 0.0005742108915, 0.000546988740098, 0.000875456142239, 0.0005108306068, 0.000267331808573, 0.000268543604761, 0.000528721546289, 0.000673354545143], "mean": [0.00125179346651, 0.0216913037002, 0.00857800338417, 0.00335183506832, 0.00764737278223, 0.010228429921, 0.00167346198577, 0.0025324781891, 0.00194411317352, 0.000817011808977, 0.000476969988085, 0.000177939262358, 8.98193684407e-05, 6.21478466201e-05, 4.74593398394e-05, 2.09105292015e-05, 1.697067637e-05, 2.30453078984e-05, 2.82676501229e-05, 2.56595340034e-05, 2.26770298468e-05, 2.53599591815e-05, 1.49721354319e-05, 7.51078141548e-06, 5.88027205595e-06, 8.88099020813e-06, 9.53093331191e-06], "median": [0.000892430078238, 0.0195371601731, 0.00755637511611, 0.00196928088553, 0.00494053959846, 0.00741008296609, 0.000710653024726, 0.00132568390109, 0.000879105646163, 0.000263546360657, 0.000250277400482, 9.5829644124e-05, 5.49192191102e-05, 3.39943253493e-05, 1.6815314666e-05, 3.83233782486e-06, 4.63403193862e-06, 7.57085854275e-06, 1.15627408377e-05, 7.00189912095e-06, 4.60128967461e-06, 8.6788304543e-07, 3.31694423039e-07, 2.081175694e-07, 4.14043128671e-08, 1.60871245214e-08, 5.61079716022e-09], "min": [4.54901374161e-23, 4.79836888722e-23, 8.35719637422e-24, 2.71879617253e-23, 5.25994339355e-23, 4.93103541218e-23, 3.99583860023e-23, 6.17429566048e-23, 3.00209505625e-23, 3.37792448426e-23, 5.20358717048e-23, 7.81737680573e-23, 7.32430466118e-23, 1.36800585247e-22, 1.39362060783e-22, 1.24008189616e-22, 1.08378961817e-22, 3.08660042388e-22, 1.70109018969e-22, 4.82573100103e-22, 4.49556809974e-22, 4.61058679651e-22, 5.07967403545e-22, 7.525442735e-22, 1.38370716322e-21, 1.73305425297e-21, 2.3110572073e-21], "var": [1.39744770422e-06, 0.000106675433926, 3.57534445357e-05, 1.37589431688e-05, 7.38656526664e-05, 8.58229468577e-05, 6.91484365234e-06, 8.60047020979e-06, 7.16747126717e-06, 3.81688596462e-06, 5.68029918213e-07, 5.08257613774e-08, 1.21575052248e-08, 6.08504757693e-09, 1.55357007259e-08, 2.61012678138e-09, 1.52504964213e-09, 3.06280134588e-09, 3.50153550599e-09, 3.16702553071e-09, 3.39377126402e-09, 7.88033105437e-09, 2.79501177758e-09, 7.21511017598e-10, 5.99790828115e-10, 2.25637863949e-09, 3.33499228233e-09]}, "erbbands": {"dmean": [0.179614707828, 1.35237467289, 2.78843545914, 3.59655570984, 7.24056434631, 12.1886920929, 26.4291954041, 16.0596294403, 9.04381084442, 11.0187807083, 18.8181858063, 13.6939029694, 9.19486808777, 7.08069181442, 4.08495903015, 2.94491171837, 1.96427285671, 2.12158250809, 1.74879586697, 1.55607998371, 0.859117984772, 0.749843716621, 0.911208450794, 1.04810297489, 0.922184705734, 0.868245780468, 0.73864620924, 0.709325969219, 0.826352119446, 0.708819329739, 0.349657326937, 0.164682596922, 0.093030385673, 0.0577952228487, 0.0340842753649, 0.0244880095124, 0.0208886060864, 0.00819550454617, 0.00202938681468, 0.000107037260022], "dmean2": [0.25970479846, 1.84858977795, 4.042075634, 5.32528972626, 11.6640710831, 19.7754878998, 42.2887191772, 24.15117836, 14.0994901657, 14.4488763809, 23.9518642426, 17.9538230896, 12.4676208496, 10.4252433777, 6.15266132355, 4.31347894669, 3.05725049973, 3.40037345886, 2.88259935379, 2.61502718925, 1.39460384846, 1.17622148991, 1.38650476933, 1.53774118423, 1.34638929367, 1.25681781769, 1.11266136169, 1.03929126263, 1.18327605724, 0.981208086014, 0.462752819061, 0.222570583224, 0.118088580668, 0.0740651935339, 0.0461669415236, 0.0349195972085, 0.0317901968956, 0.0122180962935, 0.00304428837262, 0.000158262104378], "dvar": [0.0783449038863, 4.38975667953, 15.4647836685, 33.6190719604, 382.166046143, 405.945495605, 1965.1505127, 656.826293945, 268.429534912, 323.685577393, 1099.02624512, 641.134643555, 529.024475098, 179.890045166, 55.3493270874, 18.2721443176, 12.8355531693, 14.4376049042, 25.5528469086, 28.5629062653, 5.10873031616, 3.83316993713, 5.48642539978, 9.53963088989, 4.27742338181, 4.63328790665, 3.62247848511, 3.73743510246, 6.50986146927, 5.52163362503, 1.2516528368, 0.257008463144, 0.100632272661, 0.0487528294325, 0.0179206058383, 0.0117040472105, 0.0100608374923, 0.00155311007984, 0.000108829226519, 2.49121910656e-07], "dvar2": [0.196020290256, 11.6210289001, 40.4267654419, 83.7684783936, 944.844665527, 1086.50512695, 6018.18896484, 1260.61743164, 652.12713623, 552.480773926, 1932.89416504, 1212.45825195, 831.96875, 406.127319336, 125.711326599, 40.3588409424, 32.6305580139, 37.4914131165, 70.2484054565, 77.4031295776, 12.4245071411, 8.25513076782, 10.8284988403, 20.2725734711, 7.8239607811, 8.62147426605, 6.86251211166, 7.13036680222, 13.5938911438, 11.0890722275, 2.32034730911, 0.480473041534, 0.175429537892, 0.0817990377545, 0.0325811095536, 0.0227551646531, 0.0211228989065, 0.00294868182391, 0.000212763581658, 4.82904169985e-07], "max": [4.00591421127, 33.1171417236, 46.0512428284, 83.5051727295, 226.765151978, 285.592102051, 628.026123047, 600.295532227, 315.269683838, 497.990386963, 578.969665527, 493.112670898, 731.198486328, 412.351806641, 139.04800415, 70.6972198486, 55.658416748, 57.6891517639, 91.9812774658, 95.0311126709, 24.729467392, 18.0480194092, 27.9501037598, 42.9304847717, 27.2977027893, 27.8255558014, 26.5077323914, 25.7029037476, 30.4585971832, 34.0136413574, 14.0738344193, 8.30608272552, 4.75693130493, 3.30989122391, 1.76999890804, 1.58587670326, 1.19587659836, 0.509372413158, 0.130757287145, 0.00577720906585], "mean": [0.682291805744, 4.63523292542, 10.474946022, 11.3735570908, 12.4135408401, 27.4577674866, 78.932472229, 65.354675293, 36.8213043213, 33.5763282776, 55.3359184265, 48.9293060303, 35.122505188, 20.1627578735, 10.9991083145, 8.34130954742, 4.53646183014, 4.2590970993, 2.63559389114, 1.73785066605, 1.03505265713, 0.956231892109, 1.21662437916, 1.36923837662, 1.41869330406, 1.2127174139, 1.0272077322, 0.837346255779, 0.850633919239, 0.76174902916, 0.402136027813, 0.188596829772, 0.113795027137, 0.0715671554208, 0.0382897779346, 0.0249750446528, 0.0185684021562, 0.0075480081141, 0.00185051094741, 0.000154697641847], "median": [0.646529376507, 4.14785289764, 8.98606300354, 8.0235710144, 6.59337186813, 15.4584331512, 54.4864273071, 40.8269081116, 13.8567085266, 16.3367042542, 28.198217392, 24.0071983337, 10.5769968033, 10.9238586426, 6.16570138931, 5.11584091187, 3.13962316513, 2.59753370285, 1.32534062862, 0.509542584419, 0.251815259457, 0.278949081898, 0.403062939644, 0.494926929474, 0.603849589825, 0.346005856991, 0.271885842085, 0.109436199069, 0.0391888767481, 0.0112821608782, 0.0105776190758, 0.00623984681442, 0.00238738348708, 0.000679127988406, 0.000275014375802, 0.000127056438942, 3.85029889003e-05, 7.92205810285e-06, 2.92407130473e-05, 6.53839524603e-05], "min": [2.12824645491e-21, 8.05327373186e-21, 1.44478209222e-20, 5.17455046021e-20, 1.07760165894e-19, 1.18931614883e-19, 5.53039619266e-19, 2.80294932702e-19, 4.82439857382e-19, 9.18838014688e-19, 1.07560269944e-18, 8.95026690178e-19, 1.12692967004e-18, 1.43550029857e-18, 1.89435547892e-18, 3.53333962324e-18, 3.35485431297e-18, 5.69347836594e-18, 7.31570693297e-18, 6.88569709153e-18, 7.49489162444e-18, 7.55477950079e-18, 1.47335590911e-17, 1.07568039238e-17, 1.11454903034e-17, 2.5080892068e-17, 1.87814054689e-17, 1.83320875776e-17, 1.37898436194e-17, 1.5338238045e-17, 1.45841537288e-17, 1.49311990092e-17, 1.29684780866e-17, 1.73361339959e-17, 8.77011544296e-18, 6.86132007888e-18, 3.21659148718e-18, 1.18651314392e-18, 3.00868310403e-19, 3.50269145709e-20], "var": [0.091949224472, 5.84462738037, 45.8315353394, 107.445365906, 421.840911865, 1152.57299805, 6836.36962891, 4622.46435547, 2797.78466797, 2102.35913086, 4874.93701172, 4995.75048828, 5997.64599609, 890.190490723, 183.13444519, 88.7821121216, 22.971786499, 22.5244350433, 21.3954582214, 21.2196846008, 5.38866853714, 4.78197336197, 7.70121765137, 11.8912754059, 7.34575366974, 7.31369686127, 5.94731235504, 5.7723274231, 8.67978000641, 7.75882530212, 2.04675531387, 0.427872478962, 0.187708035111, 0.0883408039808, 0.0267814118415, 0.0144770322368, 0.0107343997806, 0.00186940550338, 0.000125146485516, 2.91700843036e-07]}, "gfcc": {"mean": [-75.7878570557, 205.715591431, -80.2181396484, 16.5202102661, -44.1971549988, -8.14106559753, -1.64949131012, -4.78275346756, -13.0433034897, -0.848944962025, 4.22702598572, -9.12940597534, 1.03219974041], "cov": [[4495.97753906, -2334.09008789, 28.3529605865, 633.154296875, -770.77331543, 440.913024902, -401.169189453, 219.161193848, -81.6804122925, 104.879882812, -349.472503662, 177.406326294, -252.347351074], [-2334.09008789, 2471.33032227, -400.707794189, -569.118774414, 656.20135498, -560.869506836, 347.568328857, -255.667816162, 74.5511932373, -127.697158813, 296.222076416, -209.332550049, 245.227294922], [28.3529605865, -400.707794189, 611.49005127, -100.906021118, -111.634132385, 144.870117188, -105.314529419, 51.2323913574, -45.7851982117, 43.6547393799, -73.775680542, 82.035194397, -85.3141555786], [633.154296875, -569.118774414, -100.906021118, 419.366333008, -184.638580322, 141.757843018, -72.0342941284, 12.7208032608, -15.4234466553, -29.7618198395, -32.2787628174, 10.0836553574, -36.0441055298], [-770.77331543, 656.20135498, -111.634132385, -184.638580322, 425.252929688, -228.473190308, 86.0531845093, -97.7705688477, -2.23569321632, -40.2508735657, 46.5373573303, -46.4010124207, 59.7062721252], [440.913024902, -560.869506836, 144.870117188, 141.757843018, -228.473190308, 262.772338867, -93.4332427979, 71.5461196899, 1.37254261971, 13.7257022858, -68.5761032104, 42.2402534485, -55.1228981018], [-401.169189453, 347.568328857, -105.314529419, -72.0342941284, 86.0531845093, -93.4332427979, 183.750106812, -2.09472870827, -11.7299423218, -11.5146303177, 64.2492675781, -64.5323791504, 29.0441398621], [219.161193848, -255.667816162, 51.2323913574, 12.7208032608, -97.7705688477, 71.5461196899, -2.09472870827, 121.089233398, -4.32842493057, 17.3094425201, -33.9831924438, 1.59979391098, -37.1374664307], [-81.6804122925, 74.5511932373, -45.7851982117, -15.4234466553, -2.23569321632, 1.37254261971, -11.7299423218, -4.32842493057, 100.715774536, 6.32562208176, -14.6615962982, -11.53855896, 3.10029029846], [104.879882812, -127.697158813, 43.6547393799, -29.7618198395, -40.2508735657, 13.7257022858, -11.5146303177, 17.3094425201, 6.32562208176, 94.2666473389, 6.57355165482, -0.989000976086, -32.1321411133], [-349.472503662, 296.222076416, -73.775680542, -32.2787628174, 46.5373573303, -68.5761032104, 64.2492675781, -33.9831924438, -14.6615962982, 6.57355165482, 127.794746399, -9.78274917603, 33.6311302185], [177.406326294, -209.332550049, 82.035194397, 10.0836553574, -46.4010124207, 42.2402534485, -64.5323791504, 1.59979391098, -11.53855896, -0.989000976086, -9.78274917603, 100.138824463, 7.66871118546], [-252.347351074, 245.227294922, -85.3141555786, -36.0441055298, 59.7062721252, -55.1228981018, 29.0441398621, -37.1374664307, 3.10029029846, -32.1321411133, 33.6311302185, 7.66871118546, 90.2353820801]], "icov": [[0.000688508735038, 0.000229031182243, 0.000673953793012, -7.01807948644e-05, 0.000914324598853, 0.000613216019701, 0.000519939290825, 8.79990620888e-05, 0.000857599836309, -0.000250465149293, 0.00127743254416, -0.000643632025458, 0.00101060804445], [0.000229031182243, 0.00444602500647, 0.000170724233612, 0.00421086791903, -0.000454469001852, 0.001955491025, 0.000128131709062, 0.00340844225138, -0.00255981623195, 0.0054945750162, -0.00568972993642, 0.00676193088293, -0.00315150618553], [0.000673953793012, 0.000170724233612, 0.00382573530078, 0.00172748824116, 0.00114625995047, -0.0009710425511, 0.00107222713996, 0.000668292399496, 0.00253896927461, -0.000207498742384, 0.00196717563085, -0.00231779320166, 0.00360887008719], [-7.01807948644e-05, 0.00421086791903, 0.00172748824116, 0.00883257109672, 0.000718524504919, -0.000260916218394, 0.00113011943176, 0.00485125975683, -0.00118924421258, 0.00757682230324, -0.00610089069232, 0.00714009301737, -0.00107452331576], [0.000914324598853, -0.000454469001852, 0.00114625995047, 0.000718524504919, 0.00684039108455, 0.00370978028513, 0.000635192380287, 0.00192057550885, 0.00225063296966, 0.000560455780942, 0.00360591569915, -0.00116187578533, 0.00236595375463], [0.000613216019701, 0.001955491025, -0.0009710425511, -0.000260916218394, 0.00370978028513, 0.0111453300342, 0.0016287683975, -0.000598894548602, -0.00127302180044, 0.00261625507846, 9.33423798415e-05, 0.00180763902608, -0.000251733144978], [0.000519939290825, 0.000128131709062, 0.00107222713996, 0.00113011943176, 0.000635192380287, 0.0016287683975, 0.0109722567722, -0.00260601774789, 0.00225472776219, 0.00124672008678, -0.00282765552402, 0.00510633131489, -0.000472112384159], [8.79990620888e-05, 0.00340844225138, 0.000668292399496, 0.00485125975683, 0.00192057550885, -0.000598894548602, -0.00260601774789, 0.0154342493042, -0.00098592939321, 0.00402922928333, -0.00182832533028, 0.00483254389837, 0.000846523034852], [0.000857599836309, -0.00255981623195, 0.00253896927461, -0.00118924421258, 0.00225063296966, -0.00127302180044, 0.00225472776219, -0.00098592939321, 0.0146260466427, -0.00479302275926, 0.00733287446201, -0.00367676350288, 0.00325229018927], [-0.000250465149293, 0.0054945750162, -0.000207498742384, 0.00757682230324, 0.000560455780942, 0.00261625507846, 0.00124672008678, 0.00402922928333, -0.00479302275926, 0.021576795727, -0.0111194020137, 0.00974163599312, 0.000846366689075], [0.00127743254416, -0.00568972993642, 0.00196717563085, -0.00610089069232, 0.00360591569915, 9.33423798415e-05, -0.00282765552402, -0.00182832533028, 0.00733287446201, -0.0111194020137, 0.0230119358748, -0.012683047913, 0.00457645859569], [-0.000643632025458, 0.00676193088293, -0.00231779320166, 0.00714009301737, -0.00116187578533, 0.00180763902608, 0.00510633131489, 0.00483254389837, -0.00367676350288, 0.00974163599312, -0.012683047913, 0.0276549123228, -0.0113253993914], [0.00101060804445, -0.00315150618553, 0.00360887008719, -0.00107452331576, 0.00236595375463, -0.000251733144978, -0.000472112384159, 0.000846523034852, 0.00325229018927, 0.000846366689075, 0.00457645859569, -0.0113253993914, 0.023683398962]]}, "melbands": {"dmean": [0.00162884802558, 0.00152097886894, 0.000667959742714, 0.000670865003485, 0.000814091123175, 0.000394390313886, 0.00013008264068, 0.000132324712467, 0.000154568799189, 8.64856119733e-05, 4.41479860456e-05, 2.72550223599e-05, 1.62177020684e-05, 8.08819095255e-06, 6.51465734336e-06, 4.28483781434e-06, 4.1261100705e-06, 2.54436213254e-06, 2.98924010167e-06, 1.57965087055e-06, 9.15328769224e-07, 7.74304623974e-07, 8.65987544785e-07, 8.29173757211e-07, 8.91683214377e-07, 7.47394153677e-07, 6.08743846442e-07, 6.09296193943e-07, 4.91065975439e-07, 4.56817616623e-07, 4.08985584954e-07, 4.60589205886e-07, 5.03755188674e-07, 3.37291510277e-07, 2.17423519189e-07, 1.35047130811e-07, 8.88701805479e-08, 6.40747259695e-08, 6.23615790118e-08, 4.42115002386e-08], "dmean2": [0.00228118035011, 0.00209703529254, 0.00101075100247, 0.0010884583462, 0.00130086392164, 0.000600206840318, 0.000202264287509, 0.000168783953995, 0.000196262539248, 0.000113021516881, 6.03511834925e-05, 4.03190897487e-05, 2.40264089371e-05, 1.20581134979e-05, 9.78950902208e-06, 6.64060144118e-06, 6.62047523292e-06, 4.20206015406e-06, 5.11076905241e-06, 2.59073976849e-06, 1.51972608364e-06, 1.20447157315e-06, 1.3832610648e-06, 1.19544790778e-06, 1.33879029818e-06, 1.15846069093e-06, 8.70179519552e-07, 9.1109461664e-07, 7.49524588173e-07, 6.93965660048e-07, 6.06763478572e-07, 6.70681345127e-07, 7.20888294836e-07, 4.62718048766e-07, 2.92716549666e-07, 1.85431531463e-07, 1.22948790704e-07, 8.46815808586e-08, 7.90869947309e-08, 5.82800012694e-08], "dvar": [6.23235337116e-06, 4.21752065449e-06, 1.12618101866e-06, 2.16712533074e-06, 1.52935524511e-06, 3.30502558654e-07, 5.42849996066e-08, 4.32403695072e-08, 7.39900798408e-08, 2.83041945437e-08, 1.28620847306e-08, 2.58432719669e-09, 7.32782334811e-10, 1.45729345258e-10, 1.20819146354e-10, 7.56528520385e-11, 5.19397164167e-11, 4.02361269303e-11, 1.97387953205e-10, 2.07483526887e-11, 6.0141097831e-12, 3.83518737601e-12, 5.71135977054e-12, 4.57329573517e-12, 7.51869053128e-12, 2.41967990783e-12, 2.0955476937e-12, 2.35774594293e-12, 1.69022326517e-12, 1.2990831284e-12, 1.43899540721e-12, 2.19256123674e-12, 2.59798454451e-12, 1.28750124711e-12, 5.25320455538e-13, 1.85907753493e-13, 7.94420342769e-14, 4.65596291176e-14, 5.47726367571e-14, 3.01758130202e-14], "dvar2": [1.5825187802e-05, 1.09171151053e-05, 2.72363467957e-06, 5.65909476791e-06, 4.57143414678e-06, 7.02221086613e-07, 1.26361982211e-07, 7.14301435778e-08, 1.29775230562e-07, 5.31012034344e-08, 2.02240428848e-08, 5.93424109852e-09, 1.55677515323e-09, 3.56527779521e-10, 2.54122639598e-10, 1.87947837849e-10, 1.34667485496e-10, 1.08311158653e-10, 5.57887569475e-10, 5.28810988054e-11, 1.47950124374e-11, 8.37761630901e-12, 1.2503393286e-11, 8.94912095817e-12, 1.65495082916e-11, 5.03631294654e-12, 3.65004250782e-12, 4.68731954292e-12, 3.47467996216e-12, 2.52028259373e-12, 2.93373637016e-12, 4.79705207848e-12, 5.40165698629e-12, 2.50994038921e-12, 1.00954910664e-12, 3.61524829171e-13, 1.61703292358e-13, 8.45301882961e-14, 9.45528174528e-14, 5.40695045432e-14], "max": [0.0376222804189, 0.028993062675, 0.0120984297246, 0.0201338008046, 0.0163433644921, 0.011689084582, 0.00652095861733, 0.00441796099767, 0.00438204500824, 0.003373301588, 0.0035975696519, 0.0015259020729, 0.000687094812747, 0.000223289491259, 0.000234959719819, 0.00012786044681, 0.00011638046999, 9.11159513635e-05, 0.000295628182357, 6.99976590113e-05, 2.50576358667e-05, 2.02195915335e-05, 2.4769024094e-05, 2.76065056823e-05, 3.76380230591e-05, 2.1457692128e-05, 2.04453699553e-05, 2.17141041503e-05, 2.12933264265e-05, 1.41100099427e-05, 1.85326880455e-05, 1.99262085516e-05, 1.98948091565e-05, 1.71444225998e-05, 9.78780553851e-06, 6.34254865872e-06, 5.98051337874e-06, 3.4764116208e-06, 3.29680915456e-06, 2.77419826489e-06], "mean": [0.00609765853733, 0.00576288020238, 0.00195061031263, 0.00128732749727, 0.0024477080442, 0.00159418722615, 0.000508114579134, 0.000393494556192, 0.000439773197286, 0.000302631699014, 0.00016230167239, 7.30689789634e-05, 4.39459108748e-05, 2.13568146137e-05, 1.72508407559e-05, 8.40029679239e-06, 7.88922443462e-06, 3.84329723602e-06, 3.29930094267e-06, 1.77881383934e-06, 1.04827165615e-06, 9.71793042481e-07, 1.07734501853e-06, 1.05976437226e-06, 1.10262419639e-06, 1.10052599211e-06, 8.82000222191e-07, 7.97747247816e-07, 6.56192867154e-07, 5.73184422592e-07, 4.55108249753e-07, 4.6192005243e-07, 5.19362458817e-07, 3.70021012941e-07, 2.51253084116e-07, 1.46178749105e-07, 1.0167339326e-07, 7.79730484624e-08, 7.57877387514e-08, 5.39484226181e-08], "median": [0.00541384983808, 0.0051106880419, 0.00139023480006, 0.000706114631612, 0.00184478762094, 0.00110939680599, 0.000182185845915, 0.000192983221496, 0.000203104980756, 0.000125024584122, 4.42398413725e-05, 3.85301464121e-05, 2.44910261245e-05, 1.4315514818e-05, 9.65948038356e-06, 4.44089619123e-06, 4.43556109531e-06, 1.97726467377e-06, 9.53372534696e-07, 3.57385829375e-07, 2.30547072988e-07, 2.49592801538e-07, 3.36064886142e-07, 3.37200674494e-07, 3.65918822354e-07, 4.69734914077e-07, 2.7770329325e-07, 2.0887041785e-07, 1.72018431499e-07, 1.14045491273e-07, 4.09783567079e-08, 2.12974846647e-08, 9.03806629537e-09, 4.28559587817e-09, 5.98688254527e-09, 5.17252729537e-09, 3.18044790504e-09, 1.81344228523e-09, 7.71395947119e-10, 3.58717777704e-10], "min": [1.91967770895e-23, 8.73668264584e-24, 1.11526993301e-23, 6.26770105151e-24, 1.72012792769e-23, 6.79326621898e-24, 8.1644366343e-24, 1.12495824933e-23, 7.86848284394e-24, 5.53767773134e-24, 5.5280161574e-24, 5.34306929589e-24, 6.7978463454e-24, 7.83709722396e-24, 7.57120534497e-24, 7.60723262251e-24, 1.18979441159e-23, 1.29004033107e-23, 9.69443709314e-24, 9.39993244026e-24, 8.36466452041e-24, 7.06412792167e-24, 1.18710944461e-23, 1.21766881168e-23, 8.30179072854e-24, 6.24577111278e-24, 1.05285147166e-23, 1.83045201855e-23, 1.3290457163e-23, 1.13669429079e-23, 9.51539958868e-24, 7.19715905815e-24, 9.59664121786e-24, 7.79874596219e-24, 7.06933124821e-24, 1.24379911919e-23, 7.21737440771e-24, 7.04083601459e-24, 1.35032350373e-23, 1.48032983194e-23], "var": [8.05455510999e-06, 8.25282586447e-06, 2.93947914543e-06, 2.81594861917e-06, 5.52553910893e-06, 2.23728216042e-06, 5.70025008528e-07, 2.82654951889e-07, 3.3035118463e-07, 2.29661992535e-07, 1.45272011309e-07, 1.23281544973e-08, 3.37664785022e-09, 5.28609822581e-10, 5.8604526787e-10, 1.36194194811e-10, 8.82943301805e-11, 3.83312652452e-11, 1.2464075605e-10, 1.95478234294e-11, 6.13977011593e-12, 4.92250381082e-12, 6.80027735511e-12, 6.53902149442e-12, 8.75610174644e-12, 3.84177542209e-12, 3.67514178812e-12, 3.37537203049e-12, 2.49243399357e-12, 2.04329370264e-12, 2.02158407202e-12, 2.71893618731e-12, 3.38602605156e-12, 1.91374498713e-12, 8.42153603797e-13, 2.75782787449e-13, 1.24057434789e-13, 8.48575970234e-14, 9.80314055843e-14, 5.14318879911e-14]}, "mfcc": {"mean": [-729.736755371, 228.143737793, 28.4309673309, 34.56615448, -8.38862323761, 4.60671615601, 15.7482442856, -0.306807726622, -2.95594096184, 7.06556224823, 2.09783029556, 2.40023469925, -2.11916136742], "cov": [[3574.73291016, -2010.88745117, -12.357006073, 249.806686401, -270.487823486, 168.758209229, -347.763427734, 129.94581604, 35.0354652405, 24.1387310028, 21.2677783966, -44.6847038269, -76.1607589722], [-2010.88745117, 2054.7043457, -343.812927246, -160.637588501, 158.280319214, -233.249389648, 233.494689941, -181.719238281, -11.0100431442, -14.3284435272, -51.0050582886, 17.4438381195, 47.0894584656], [-12.357006073, -343.812927246, 590.316162109, -143.505340576, -26.2312545776, 69.5335617065, -80.1022338867, 69.7944107056, -23.5983314514, -24.8259849548, 43.0105857849, -8.90713787079, 51.2306404114], [249.806686401, -160.637588501, -143.505340576, 230.753250122, -16.8578872681, 10.8177423477, 41.8826789856, -8.00029754639, -18.723651886, -8.9014081955, -39.3378791809, 26.8744735718, -45.2348251343], [-270.487823486, 158.280319214, -26.2312545776, -16.8578872681, 210.44883728, 14.598742485, -32.2356910706, -10.0685815811, -4.83146905899, -45.3109397888, -30.733417511, -25.0989608765, 41.9381637573], [168.758209229, -233.249389648, 69.5335617065, 10.8177423477, 14.598742485, 124.665420532, -53.5461082458, 18.3502159119, -10.9002370834, -8.15426445007, -0.202874347568, -19.8996620178, 0.497514426708], [-347.763427734, 233.494689941, -80.1022338867, 41.8826789856, -32.2356910706, -53.5461082458, 198.83404541, -15.2578392029, -26.6844100952, 12.3573465347, -11.2089500427, 26.7381744385, -45.8021888733], [129.94581604, -181.719238281, 69.7944107056, -8.00029754639, -10.0685815811, 18.3502159119, -15.2578392029, 103.588493347, 19.2810935974, -12.874332428, -15.4782962799, -14.7127332687, -8.68473911285], [35.0354652405, -11.0100431442, -23.5983314514, -18.723651886, -4.83146905899, -10.9002370834, -26.6844100952, 19.2810935974, 81.8250045776, 26.6070022583, 3.67906188965, -21.2398700714, -20.9724445343], [24.1387310028, -14.3284435272, -24.8259849548, -8.9014081955, -45.3109397888, -8.15426445007, 12.3573465347, -12.874332428, 26.6070022583, 88.9899215698, 49.9953231812, 7.140229702, -34.2268600464], [21.2677783966, -51.0050582886, 43.0105857849, -39.3378791809, -30.733417511, -0.202874347568, -11.2089500427, -15.4782962799, 3.67906188965, 49.9953231812, 95.9578399658, 21.9068374634, -3.17686104774], [-44.6847038269, 17.4438381195, -8.90713787079, 26.8744735718, -25.0989608765, -19.8996620178, 26.7381744385, -14.7127332687, -21.2398700714, 7.140229702, 21.9068374634, 77.6996917725, 16.1874961853], [-76.1607589722, 47.0894584656, 51.2306404114, -45.2348251343, 41.9381637573, 0.497514426708, -45.8021888733, -8.68473911285, -20.9724445343, -34.2268600464, -3.17686104774, 16.1874961853, 91.3171844482]], "icov": [[0.000961465470027, 0.000904474349227, 0.000639076286461, -0.000141511874972, 0.000873655837495, 0.000610991555732, 0.00127613497898, 0.000156907117344, 0.000496159598697, 0.000240147535806, 0.000124164333101, 0.000523053808138, 0.000272838544333], [0.000904474349227, 0.00198253127746, 0.00104202702641, 0.00118173565716, 0.000110542685434, 0.00165767280851, 3.72226531908e-05, 0.00162938318681, 0.000250670855166, 0.000284873181954, 0.000945209059864, 0.00032030721195, -1.29075260702e-05], [0.000639076286461, 0.00104202702641, 0.00327311037108, 0.00192504329607, 0.000954135146458, -0.00032419495983, 0.000766780925915, -0.000989291584119, 0.00135276629589, 0.00117889582179, -0.000743964978028, 0.000157812828547, -0.00033424954745], [-0.000141511874972, 0.00118173565716, 0.00192504329607, 0.0089469961822, -0.000725398131181, -0.000578398059588, -0.000894449418411, 0.00170181528665, 0.00140191963874, 0.000942511425819, 0.00407892651856, -0.00472834566608, 0.00432942062616], [0.000873655837495, 0.000110542685434, 0.000954135146458, -0.000725398131181, 0.00747865717858, -0.000937470642384, 0.0018374127103, 3.337623275e-05, -2.8144029784e-05, 0.00249029812403, -0.000233574784943, 0.00269325799309, -0.0022863491904], [0.000610991555732, 0.00165767280851, -0.00032419495983, -0.000578398059588, -0.000937470642384, 0.012513384223, 0.00285350158811, 0.000262604327872, 0.00348936300725, -0.000658165896311, 0.000394058879465, 0.00271166511811, 0.00145643390715], [0.00127613497898, 3.72226531908e-05, 0.000766780925915, -0.000894449418411, 0.0018374127103, 0.00285350158811, 0.0111415497959, -0.00137724890374, 0.00513745704666, -0.000624883221462, 0.00145707570482, -0.00186694634613, 0.00609712162986], [0.000156907117344, 0.00162938318681, -0.000989291584119, 0.00170181528665, 3.337623275e-05, 0.000262604327872, -0.00137724890374, 0.0145282382146, -0.00423640245572, 0.00257735559717, 0.00309426011518, -0.000256312167039, 0.00150897633284], [0.000496159598697, 0.000250670855166, 0.00135276629589, 0.00140191963874, -2.8144029784e-05, 0.00348936300725, 0.00513745704666, -0.00423640245572, 0.0195706728846, -0.0061012855731, 0.00184964190703, 0.00273278378882, 0.00417568301782], [0.000240147535806, 0.000284873181954, 0.00117889582179, 0.000942511425819, 0.00249029812403, -0.000658165896311, -0.000624883221462, 0.00257735559717, -0.0061012855731, 0.0232606492937, -0.0104058049619, -0.000848478171974, 0.00575601030141], [0.000124164333101, 0.000945209059864, -0.000743964978028, 0.00407892651856, -0.000233574784943, 0.000394058879465, 0.00145707570482, 0.00309426011518, 0.00184964190703, -0.0104058049619, 0.020289177075, -0.00609699776396, 0.0014954978833], [0.000523053808138, 0.00032030721195, 0.000157812828547, -0.00472834566608, 0.00269325799309, 0.00271166511811, -0.00186694634613, -0.000256312167039, 0.00273278378882, -0.000848478171974, -0.00609699776396, 0.0211256165057, -0.00801953114569], [0.000272838544333, -1.29075260702e-05, -0.00033424954745, 0.00432942062616, -0.0022863491904, 0.00145643390715, 0.00609712162986, 0.00150897633284, 0.00417568301782, 0.00575601030141, 0.0014954978833, -0.00801953114569, 0.0223510023206]]}, "spectral_contrast_coeffs": {"dmean": [0.0414200350642, 0.0436639897525, 0.0376752130687, 0.0298163816333, 0.0233056601137, 0.0261769518256], "dmean2": [0.0691657662392, 0.0706180930138, 0.0590415373445, 0.0458645001054, 0.0366034023464, 0.0422798208892], "dvar": [0.00125062768348, 0.00158533453941, 0.00113581400365, 0.000789674406406, 0.000618446560111, 0.00062389386585], "dvar2": [0.00337498937733, 0.00402944115922, 0.00266880961135, 0.00179326382931, 0.0012977613369, 0.00158369878773], "max": [-0.463745296001, -0.373876690865, -0.482756108046, -0.587137937546, -0.609997451305, -0.648483157158], "mean": [-0.662531018257, -0.604759156704, -0.699682176113, -0.760579764843, -0.798198103905, -0.758417487144], "median": [-0.665245354176, -0.603464365005, -0.702066659927, -0.758653402328, -0.809249639511, -0.756223618984], "min": [-0.947359144688, -0.962572276592, -0.966700732708, -0.978049576283, -0.96648222208, -0.957791566849], "var": [0.00297916680574, 0.00582641502842, 0.00544721959159, 0.00328227318823, 0.00257667480037, 0.00186805159319]}, "spectral_contrast_valleys": {"dmean": [0.273201853037, 0.357780098915, 0.36611610651, 0.410023242235, 0.451031774282, 0.616837084293], "dmean2": [0.438697427511, 0.581040024757, 0.58736628294, 0.606899619102, 0.611774206161, 0.797739565372], "dvar": [0.105230458081, 0.162663474679, 0.168505638838, 0.278256446123, 0.339012682438, 0.449476242065], "dvar2": [0.211679086089, 0.351295441389, 0.38464641571, 0.588097035885, 0.642883121967, 0.81464385