{"lowlevel": {"average_loudness": 0.916417002678, "barkbands_crest": {"dmean": 2.20898222923, "dmean2": 3.33676433563, "dvar": 7.05832195282, "dvar2": 17.6555728912, "max": 25.8682441711, "mean": 13.8139514923, "median": 13.0861635208, "min": 3.29838824272, "var": 20.7545661926}, "barkbands_flatness_db": {"dmean": 0.0400486811996, "dmean2": 0.0498274713755, "dvar": 0.00176860729698, "dvar2": 0.00318720610812, "max": 0.753117918968, "mean": 0.302281141281, "median": 0.290119051933, "min": 0.0420562960207, "var": 0.0143131939694}, "barkbands_kurtosis": {"dmean": 7.91151571274, "dmean2": 12.5639543533, "dvar": 460.5262146, "dvar2": 1159.18896484, "max": 421.988372803, "mean": 13.248251915, "median": 7.54277038574, "min": -1.868039608, "var": 628.868286133}, "barkbands_skewness": {"dmean": 0.697860896587, "dmean2": 1.05797660351, "dvar": 1.05032479763, "dvar2": 2.53660655022, "max": 16.1572933197, "mean": 2.20917630196, "median": 1.98113679886, "min": -2.41854166985, "var": 2.46818161011}, "barkbands_spread": {"dmean": 2.6352622509, "dmean2": 4.03279829025, "dvar": 35.975025177, "dvar2": 87.5723953247, "max": 106.885246277, "mean": 6.48288631439, "median": 4.82513237, "min": 0.280563950539, "var": 62.6904296875}, "dissonance": {"dmean": 0.0401954129338, "dmean2": 0.066483810544, "dvar": 0.00166604446713, "dvar2": 0.00423367926851, "max": 0.500000119209, "mean": 0.391056001186, "median": 0.402350336313, "min": 0.117174550891, "var": 0.00414071977139}, "dynamic_complexity": 7.29935121536, "erbbands_crest": {"dmean": 2.69230103493, "dmean2": 4.17331361771, "dvar": 10.7116498947, "dvar2": 26.3759422302, "max": 33.5846862793, "mean": 13.7499895096, "median": 12.7382745743, "min": 2.72408819199, "var": 31.8469238281}, "erbbands_flatness_db": {"dmean": 0.0339180603623, "dmean2": 0.0451942905784, "dvar": 0.00131335912738, "dvar2": 0.00242070457898, "max": 0.558820486069, "mean": 0.254867404699, "median": 0.250632375479, "min": 0.0432498641312, "var": 0.00736550753936}, "erbbands_kurtosis": {"dmean": 3.70614385605, "dmean2": 5.57975101471, "dvar": 80.4872741699, "dvar2": 167.646499634, "max": 229.03187561, "mean": 6.12145805359, "median": 2.51325893402, "min": -1.72097194195, "var": 145.126800537}, "erbbands_skewness": {"dmean": 0.545841932297, "dmean2": 0.805422127247, "dvar": 0.533486962318, "dvar2": 1.19223737717, "max": 11.2015380859, "mean": 1.47711145878, "median": 1.23052513599, "min": -1.62007451057, "var": 1.47271740437}, "erbbands_spread": {"dmean": 6.47913789749, "dmean2": 9.8937664032, "dvar": 121.044090271, "dvar2": 270.411376953, "max": 126.439300537, "mean": 19.1373443604, "median": 15.3998479843, "min": 0.562998533249, "var": 243.281936646}, "hfc": {"dmean": 3.91922521591, "dmean2": 5.1034116745, "dvar": 67.0383834839, "dvar2": 139.281616211, "max": 101.65561676, "mean": 8.48920440674, "median": 4.61258077621, "min": 1.14574732174e-16, "var": 148.915863037}, "melbands_crest": {"dmean": 2.51689839363, "dmean2": 3.85435247421, "dvar": 10.1961069107, "dvar2": 24.0503234863, "max": 33.8041915894, "mean": 16.9970359802, "median": 15.7899503708, "min": 2.06437659264, "var": 30.1943473816}, "melbands_flatness_db": {"dmean": 0.0453166030347, "dmean2": 0.0553545616567, "dvar": 0.00226248870604, "dvar2": 0.00415376387537, "max": 0.947570919991, "mean": 0.407164752483, "median": 0.383696049452, "min": 0.00475511047989, "var": 0.0208981391042}, "melbands_kurtosis": {"dmean": 10.9666433334, "dmean2": 17.5123806, "dvar": 837.793823242, "dvar2": 2074.43823242, "max": 541.938903809, "mean": 18.6648406982, "median": 11.2453260422, "min": -1.38225674629, "var": 1054.06750488}, "melbands_skewness": {"dmean": 0.758847117424, "dmean2": 1.13841986656, "dvar": 1.28419077396, "dvar2": 3.14944458008, "max": 17.4573631287, "mean": 2.50501585007, "median": 2.31463599205, "min": -2.67723846436, "var": 2.83832502365}, "melbands_spread": {"dmean": 2.51214981079, "dmean2": 3.82627344131, "dvar": 49.407989502, "dvar2": 124.595993042, "max": 158.924865723, "mean": 6.64503955841, "median": 5.33578777313, "min": 0.28879442811, "var": 81.3088378906}, "pitch_salience": {"dmean": 0.0569268316031, "dmean2": 0.0885564237833, "dvar": 0.00520327547565, "dvar2": 0.0126526439562, "max": 0.91179639101, "mean": 0.479609966278, "median": 0.48663175106, "min": 0.0566064044833, "var": 0.0138456048444}, "silence_rate_20dB": {"dmean": 0, "dmean2": 0, "dvar": 0, "dvar2": 0, "max": 1, "mean": 1, "median": 1, "min": 1, "var": 0}, "silence_rate_30dB": {"dmean": 0.0237134210765, "dmean2": 0.0474388077855, "dvar": 0.0231510810554, "dvar2": 0.0537658780813, "max": 1, "mean": 0.974779307842, "median": 1, "min": 0, "var": 0.0245841965079}, "silence_rate_60dB": {"dmean": 0.0570131167769, "dmean2": 0.113802671432, "dvar": 0.0537621639669, "dvar2": 0.110436476767, "max": 1, "mean": 0.209836065769, "median": 0, "min": 0, "var": 0.165801718831}, "spectral_centroid": {"dmean": 102.26158905, "dmean2": 153.921417236, "dvar": 58984.9296875, "dvar2": 134333.765625, "max": 11377.5693359, "mean": 463.204864502, "median": 414.666442871, "min": 118.452560425, "var": 171086.640625}, "spectral_complexity": {"dmean": 1.43693244457, "dmean2": 2.06409287453, "dvar": 4.33123683929, "dvar2": 8.44402313232, "max": 32, "mean": 7.03278684616, "median": 7, "min": 0, "var": 19.4218521118}, "spectral_decrease": {"dmean": 2.33337993372e-09, "dmean2": 3.03764280396e-09, "dvar": 2.16881131783e-17, "dvar2": 4.44184176802e-17, "max": 9.97878470967e-30, "mean": -7.34953475856e-09, "median": -6.16430151368e-09, "min": -6.03083449846e-08, "var": 5.92533758795e-17}, "spectral_energy": {"dmean": 0.00914660934359, "dmean2": 0.0118917236105, "dvar": 0.000332729221554, "dvar2": 0.000680973695125, "max": 0.236838147044, "mean": 0.0285087879747, "median": 0.0238496996462, "min": 1.03545960169e-20, "var": 0.000902489351574}, "spectral_energyband_high": {"dmean": 7.54614884499e-05, "dmean2": 0.000123607096612, "dvar": 6.92042121386e-08, "dvar2": 1.84706095752e-07, "max": 0.00551042566076, "mean": 6.07770707575e-05, "median": 3.71166788682e-06, "min": 7.48869388323e-21, "var": 4.99123373743e-08}, "spectral_energyband_low": {"dmean": 0.00237831426784, "dmean2": 0.00337558798492, "dvar": 4.2886549636e-05, "dvar2": 8.99827718968e-05, "max": 0.0777761787176, "mean": 0.0129327420145, "median": 0.00999676994979, "min": 2.34530145725e-23, "var": 0.000178439149749}, "spectral_energyband_middle_high": {"dmean": 0.00046696694335, "dmean2": 0.000597704958636, "dvar": 1.75828699867e-06, "dvar2": 3.69870940631e-06, "max": 0.0252520665526, "mean": 0.000866900139954, "median": 0.000254268146819, "min": 1.54418656343e-21, "var": 3.37791379934e-06}, "spectral_energyband_middle_low": {"dmean": 0.00734829204157, "dmean2": 0.00968028884381, "dvar": 0.000233871032833, "dvar2": 0.000486051139887, "max": 0.208559289575, "mean": 0.0162137951702, "median": 0.00924044754356, "min": 2.71709292717e-22, "var": 0.000520002038684}, "spectral_entropy": {"dmean": 0.375587552786, "dmean2": 0.48037943244, "dvar": 0.189709827304, "dvar2": 0.340758234262, "max": 9.80230140686, "mean": 6.02121925354, "median": 5.89559698105, "min": 3.51529240608, "var": 0.838629722595}, "spectral_flux": {"dmean": 0.0271977335215, "dmean2": 0.0393759161234, "dvar": 0.00190291809849, "dvar2": 0.00412719277665, "max": 0.417369961739, "mean": 0.045766249299, "median": 0.0262679569423, "min": 6.600805319e-11, "var": 0.00296246795915}, "spectral_kurtosis": {"dmean": 20.3715744019, "dmean2": 32.4704780579, "dvar": 2425.6171875, "dvar2": 6804.765625, "max": 999.221862793, "mean": 47.5295600891, "median": 19.0685653687, "min": -1.222468853, "var": 6736.72412109}, "spectral_rms": {"dmean": 0.000783330469858, "dmean2": 0.000961769022979, "dvar": 1.61626257977e-06, "dvar2": 2.92530830848e-06, "max": 0.0152007108554, "mean": 0.00444702571258, "median": 0.0048236916773, "min": 3.17837141155e-12, "var": 8.03748935141e-06}, "spectral_rolloff": {"dmean": 159.647888184, "dmean2": 279.539215088, "dvar": 492589.65625, "dvar2": 1227092.875, "max": 18992.2851562, "mean": 527.507141113, "median": 430.6640625, "min": 64.599609375, "var": 1185103.75}, "spectral_skewness": {"dmean": 1.06208360195, "dmean2": 1.60450255871, "dvar": 1.77064979076, "dvar2": 4.16699504852, "max": 27.5954322815, "mean": 4.49871587753, "median": 3.46525621414, "min": -0.0127687593922, "var": 11.157749176}, "spectral_spread": {"dmean": 972858.3125, "dmean2": 1339162.5, "dvar": 1487446736900.0, "dvar2": 2820236115970.0, "max": 40895404, "mean": 3150076.75, "median": 2392267.25, "min": 143691.046875, "var": 6159852371970.0}, "spectral_strongpeak": {"dmean": 0.329456180334, "dmean2": 0.505824804306, "dvar": 0.53806322813, "dvar2": 1.06521332264, "max": 9.54159545898, "mean": 0.753771305084, "median": 0.449178248644, "min": 0, "var": 1.29227077961}, "zerocrossingrate": {"dmean": 0.00633028801531, "dmean2": 0.00780978938565, "dvar": 0.000130304266349, "dvar2": 0.000180505303433, "max": 0.5068359375, "mean": 0.0246727969497, "median": 0.01904296875, "min": 0.001953125, "var": 0.000991570414044}, "barkbands": {"dmean": [6.59094948787e-05, 0.00140163768083, 0.000724979210645, 0.000791087921243, 0.00167868379503, 0.00131011940539, 0.00361784151755, 0.000623666041065, 0.000470205472084, 0.00017640106671, 3.76087846234e-05, 0.000148469640408, 2.65949474851e-05, 5.03152514284e-05, 6.55090843793e-05, 2.76963819488e-05, 1.5013056327e-05, 2.08843339351e-05, 1.56746809807e-05, 8.70351141202e-06, 8.60965883476e-06, 1.48069493662e-05, 1.71966967173e-05, 1.30972312036e-05, 1.09729007818e-05, 6.45262662147e-06, 2.04930688597e-06], "dmean2": [0.000106609542854, 0.00202112016268, 0.00104528025258, 0.00101958203595, 0.00254467828199, 0.00186787860002, 0.00532343378291, 0.000829766388051, 0.000599699211307, 0.000227277094382, 5.47734307474e-05, 0.000189317375771, 4.28191378887e-05, 6.99775409885e-05, 9.09816808417e-05, 4.45614059572e-05, 2.20937981794e-05, 3.31985938828e-05, 2.47698590101e-05, 1.35475311254e-05, 1.37265387821e-05, 2.52825302596e-05, 2.87036928057e-05, 2.24113045988e-05, 1.86581692105e-05, 1.1268286471e-05, 3.47676427737e-06], "dvar": [7.00262106079e-08, 1.57714894158e-05, 2.98326381198e-06, 5.16760246683e-06, 2.10046073335e-05, 1.49475818034e-05, 0.000128539279103, 7.03067462382e-06, 8.25362258183e-06, 5.4581164477e-07, 1.69585199217e-08, 6.99359759437e-07, 2.56317438385e-08, 4.95346874629e-08, 2.87932380161e-08, 6.55980736397e-09, 2.428531376e-09, 2.83694290282e-09, 2.99400548798e-09, 5.53980861184e-10, 8.46430314727e-10, 5.2104152104e-09, 3.83042664254e-09, 2.3683639494e-09, 1.51757872935e-09, 1.30866872894e-09, 5.39270572641e-11], "dvar2": [1.83851909696e-07, 3.32189629262e-05, 6.00426847086e-06, 1.04840701169e-05, 5.16277832503e-05, 3.65174928447e-05, 0.000289028859697, 1.19472988445e-05, 8.88870545168e-06, 9.84022676676e-07, 4.10631741943e-08, 1.416186592e-06, 7.08951262141e-08, 1.02413601155e-07, 5.98920166794e-08, 1.72370864249e-08, 5.54061641012e-09, 7.2122667838e-09, 7.63159313522e-09, 1.32277599985e-09, 2.20584150945e-09, 1.4733397613e-08, 1.02786597012e-08, 6.36043884228e-09, 4.04377420438e-09, 3.73432174072e-09, 1.40058936671e-10], "max": [0.00414243806154, 0.0438543185592, 0.02552976273, 0.0392572283745, 0.0607499182224, 0.0694671496749, 0.199431702495, 0.0754333138466, 0.0994897708297, 0.014243115671, 0.00261801178567, 0.0192726943642, 0.00347557663918, 0.00664310436696, 0.00371239171363, 0.00104049814399, 0.0010616654763, 0.00082819693489, 0.00154019019101, 0.000386109517422, 0.000571959244553, 0.00164770218544, 0.00138226815034, 0.000975287228357, 0.00068150088191, 0.000884003122337, 0.000106663086626], "mean": [0.000110548571683, 0.00860129389912, 0.00271102576517, 0.00259773363359, 0.00382030801848, 0.0023486551363, 0.00489238230512, 0.00139362853952, 0.00101542088669, 0.000319863233017, 6.52888338664e-05, 0.000238287437242, 3.82567886845e-05, 8.80501902429e-05, 0.000102835816506, 3.43908977811e-05, 2.04132029467e-05, 2.84494872176e-05, 1.72034706338e-05, 9.19924696063e-06, 7.7528447946e-06, 1.10953187686e-05, 1.32318182295e-05, 9.53724520514e-06, 8.07251853985e-06, 4.43638509751e-06, 1.48775961861e-06], "median": [2.33676200878e-06, 0.00666708219796, 0.0010689930059, 0.000539991364349, 0.00240481458604, 0.000658875214867, 0.000717626418918, 0.000237740692683, 5.83065047977e-05, 1.43240858961e-05, 3.91588810089e-06, 1.85898152267e-05, 2.87615080197e-06, 9.73492387857e-06, 2.03914769372e-05, 7.16887961971e-06, 3.07217010231e-06, 4.30436875831e-06, 1.80861161425e-06, 8.64723631366e-07, 4.79170580547e-07, 4.82898030896e-07, 4.04710249313e-07, 2.32620735119e-07, 1.81922729325e-07, 7.73806902998e-08, 2.50900189513e-08], "min": [1.5910639727e-23, 1.32488116181e-23, 6.59650537656e-24, 2.53233028046e-24, 4.14830206293e-23, 3.91244243414e-23, 1.74412365647e-23, 3.45191774391e-23, 2.32946286577e-23, 5.96568928271e-23, 2.72472430446e-23, 1.17292749259e-22, 4.76761908913e-23, 6.7568075923e-23, 6.62270502494e-23, 1.03289445827e-22, 1.56742660765e-22, 1.966406074e-22, 1.73943804358e-22, 1.98633068098e-22, 3.6711011687e-22, 4.65340894324e-22, 6.61940632418e-22, 6.99119381824e-22, 9.40155187703e-22, 1.47086536279e-21, 2.32900032191e-21], "var": [8.20774062049e-08, 7.88047182141e-05, 1.41790624184e-05, 2.06300919672e-05, 3.17236408591e-05, 2.37356434809e-05, 0.000186627585208, 2.48535070568e-05, 4.04622333008e-05, 1.23996903767e-06, 3.36844330207e-08, 1.30901310058e-06, 2.59753516474e-08, 1.10622337957e-07, 6.06458812058e-08, 7.07046687864e-09, 3.36844752091e-09, 3.5729712522e-09, 2.87090196061e-09, 5.97579374872e-10, 7.17972459263e-10, 3.1587679139e-09, 2.68747646359e-09, 1.60889324086e-09, 1.05569730735e-09, 7.64925067731e-10, 3.91481083661e-11]}, "erbbands": {"dmean": [0.0338023118675, 0.343477904797, 0.839839458466, 1.96659815311, 5.36662340164, 4.83601570129, 2.613291502, 12.9567146301, 56.6455230713, 24.2025966644, 15.542386055, 9.34607410431, 9.17740917206, 4.5562376976, 2.15056085587, 7.05407047272, 1.73516952991, 2.4010207653, 3.30504560471, 2.61220431328, 1.1131759882, 0.686392664909, 1.01014435291, 1.16085147858, 0.520529508591, 0.459980756044, 0.421528548002, 0.303527325392, 0.513767719269, 0.584926187992, 0.450744897127, 0.292551547289, 0.211235567927, 0.120734743774, 0.0807890743017, 0.0364621393383, 0.0102136358619, 0.00194932555314, 0.000356281729182, 3.2944848499e-05], "dmean2": [0.0536648891866, 0.478315144777, 1.20408904552, 2.5208697319, 7.88867378235, 7.31995344162, 4.11265611649, 18.4965190887, 84.9119186401, 33.5148887634, 20.2073383331, 12.2189531326, 10.8180561066, 5.69513893127, 3.14479422569, 8.7027797699, 2.55145359039, 3.27725505829, 4.6333489418, 3.73458576202, 1.76051902771, 1.02992475033, 1.53651499748, 1.89442777634, 0.775179326534, 0.712193727493, 0.680469036102, 0.485123217106, 0.89054107666, 0.974019765854, 0.755809664726, 0.500095248222, 0.362661659718, 0.204487130046, 0.138729095459, 0.0632647275925, 0.0179560761899, 0.00335719855502, 0.000603852851782, 5.1777693443e-05], "dvar": [0.014692325145, 0.830597639084, 3.36090373993, 29.7756748199, 211.519393921, 166.658248901, 155.610855103, 1294.84533691, 29939.5, 6409.32910156, 5017.53076172, 1425.89526367, 5020.37353516, 559.730712891, 121.946372986, 1459.90087891, 73.1069488525, 120.054573059, 79.3641586304, 49.7262802124, 10.4138174057, 4.94600582123, 6.13429403305, 17.48346138, 1.37051379681, 1.62819600105, 2.56639933586, 1.04163515568, 7.99177312851, 5.03345918655, 3.11936998367, 1.09534490108, 0.739543378353, 0.142210528255, 0.121885158122, 0.0385544300079, 0.00390818947926, 7.92978171376e-05, 1.70493353835e-06, 9.77980540995e-09], "dvar2": [0.0390508621931, 1.55202376842, 6.00932264328, 61.8146629333, 461.219085693, 430.901306152, 428.70223999, 3179.28051758, 68410.1484375, 13423.5869141, 8350.03417969, 2122.99584961, 5167.57324219, 986.780578613, 340.077697754, 2648.70043945, 192.918151855, 251.714645386, 164.206008911, 109.036598206, 28.1704654694, 12.1719207764, 14.6579990387, 45.9336013794, 3.1978328228, 3.85445642471, 6.98405218124, 2.74964761734, 22.8737049103, 13.6632881165, 8.48273086548, 2.94990849495, 1.99988925457, 0.35888889432, 0.338168948889, 0.109977342188, 0.0112682925537, 0.000218948989641, 4.44518218501e-06, 2.48435156891e-08], "max": [1.34536421299, 10.0582284927, 26.6517467499, 70.9905776978, 211.200668335, 199.725112915, 202.314041138, 643.64453125, 2944.3371582, 1767.9420166, 2078.12451172, 1020.68530273, 2505.76953125, 540.864929199, 340.932220459, 926.110778809, 186.595489502, 327.134613037, 208.266281128, 136.839111328, 50.995803833, 46.200050354, 36.7991676331, 105.643951416, 14.3677310944, 21.9971694946, 34.0282707214, 19.5290393829, 79.0737533569, 39.1813240051, 45.023147583, 18.5336914062, 19.9179973602, 5.5424284935, 7.81512022018, 4.93615674973, 1.81162464619, 0.228972420096, 0.0218032933772, 0.00135750835761], "mean": [0.163766920567, 2.18030166626, 3.78532528877, 6.65301275253, 12.2189149857, 12.235877037, 6.06192922592, 23.1603603363, 73.3683853149, 43.4102973938, 35.4416046143, 21.2228164673, 20.138338089, 7.99945306778, 3.59732484818, 11.6980638504, 2.80815911293, 4.37143421173, 5.22754907608, 4.05892801285, 1.46814751625, 0.945361554623, 1.50092816353, 1.26061069965, 0.666264533997, 0.497151911259, 0.379870414734, 0.266523510218, 0.3729121387, 0.459603220224, 0.341124892235, 0.214311987162, 0.151503056288, 0.0905628427863, 0.0576048083603, 0.0252160262316, 0.00690988451242, 0.00138820672873, 0.000268887961283, 4.93299630762e-05], "median": [0.150127738714, 1.65503156185, 2.20301246643, 2.01673817635, 6.45571327209, 7.66069889069, 4.09159183502, 5.67947626114, 12.0690336227, 7.90675592422, 5.11370563507, 2.01340341568, 1.33136332035, 0.576737046242, 0.89722520113, 1.07544291019, 0.371927648783, 0.753600478172, 1.32044744492, 0.754253864288, 0.45091432333, 0.178005501628, 0.247743576765, 0.204584926367, 0.0901178196073, 0.0516653358936, 0.0286631379277, 0.0160539671779, 0.0159145742655, 0.0163142979145, 0.0105433743447, 0.00569439260289, 0.00320539600216, 0.00187376665417, 0.00125696859322, 0.000513741339091, 0.000112353634904, 2.32298389164e-05, 2.03237650567e-05, 2.91987744276e-05], "min": [4.62411178518e-22, 2.66358861929e-21, 8.74070928851e-21, 8.33392545083e-21, 5.27188829256e-20, 1.24105138476e-19, 2.35136945864e-19, 2.08204681827e-19, 2.33602991117e-19, 3.18337822103e-19, 1.03113429689e-18, 5.65347704889e-19, 1.72647379693e-18, 1.36833250904e-18, 2.44990155884e-18, 4.38013475607e-18, 2.6517507923e-18, 4.1660107827e-18, 3.10341394743e-18, 3.12676877164e-18, 7.14733431928e-18, 9.11739233389e-18, 9.72551732227e-18, 1.00955623596e-17, 1.20208219266e-17, 1.01476011191e-17, 1.24776340742e-17, 1.41687370078e-17, 1.45418120076e-17, 2.23116319979e-17, 1.71812791678e-17, 1.39686684874e-17, 1.13160872057e-17, 8.0851701911e-18, 8.42344983851e-18, 5.35519747776e-18, 2.20308968242e-18, 1.1800502784e-18, 3.17711025994e-19, 3.54463468403e-20], "var": [0.0314760953188, 5.21188211441, 20.559179306, 100.583946228, 388.19631958, 276.263275146, 129.186721802, 2065.14501953, 41329.0117188, 13106.8154297, 18137.0800781, 6050.26171875, 24732.296875, 1183.04626465, 104.295417786, 3205.83374023, 88.4046478271, 262.431488037, 168.749923706, 85.7407989502, 10.1615924835, 5.86976385117, 9.564204216, 14.7445306778, 1.88875305653, 1.82666659355, 1.92511105537, 0.837895989418, 4.65253639221, 3.4632935524, 2.08844423294, 0.741903483868, 0.493131279945, 0.110917218029, 0.0768051669002, 0.0225968901068, 0.00221362244338, 5.04378331243e-05, 1.22997414564e-06, 8.69212257726e-09]}, "gfcc": {"mean": [-170.77192688, 157.04347229, -70.4146957397, 7.76682949066, -46.2118759155, -7.57066345215, -37.3702201843, -1.77946698666, -9.0181760788, 0.0811050832272, -8.12048149109, -9.08091926575, -12.2733888626], "cov": [[26218.3164062, 483.431121826, -3127.94140625, 647.054321289, -329.228240967, -12.235871315, -491.38067627, 217.131835938, -16.1510009766, 95.4296340942, 84.6493377686, 12.815237999, -167.28074646], [483.431121826, 4177.62744141, 664.36315918, -145.14805603, 1431.32189941, -187.754669189, 725.890197754, -64.7119903564, 375.680023193, -269.378234863, 295.499267578, -262.495483398, 404.247680664], [-3127.94140625, 664.36315918, 2567.98291016, 596.595581055, 589.45703125, 581.519592285, 341.449249268, 50.1296958923, 137.612838745, -2.34675455093, -30.6446323395, -60.4207572937, 6.6187620163], [647.054321289, -145.14805603, 596.595581055, 758.172058105, 185.918441772, 276.091674805, 128.303375244, 74.2431259155, 73.7929763794, 82.0930709839, 25.6201400757, -10.9039049149, -50.4711952209], [-329.228240967, 1431.32189941, 589.45703125, 185.918441772, 788.311340332, 108.029350281, 327.033691406, 25.4947948456, 169.897537231, -56.3970298767, 111.499046326, -97.2723770142, 122.732719421], [-12.235871315, -187.754669189, 581.519592285, 276.091674805, 108.029350281, 389.949981689, 64.9073944092, 52.883731842, 6.96328878403, 33.4967842102, -45.0026512146, -4.19710302353, -71.0437088013], [-491.38067627, 725.890197754, 341.449249268, 128.303375244, 327.033691406, 64.9073944092, 352.334991455, 63.166305542, 79.7880859375, -67.1967926025, 29.7667636871, -60.9974937439, 66.0829925537], [217.131835938, -64.7119903564, 50.1296958923, 74.2431259155, 25.4947948456, 52.883731842, 63.166305542, 148.553344727, 63.6349067688, 29.3698539734, 10.5008211136, -5.12278032303, -21.708524704], [-16.1510009766, 375.680023193, 137.612838745, 73.7929763794, 169.897537231, 6.96328878403, 79.7880859375, 63.6349067688, 221.023101807, 82.0260848999, 91.6754608154, -35.2384376526, 58.023815155], [95.4296340942, -269.378234863, -2.34675455093, 82.0930709839, -56.3970298767, 33.4967842102, -67.1967926025, 29.3698539734, 82.0260848999, 170.466567993, 66.1978912354, 23.8858470917, -0.236165031791], [84.6493377686, 295.499267578, -30.6446323395, 25.6201400757, 111.499046326, -45.0026512146, 29.7667636871, 10.5008211136, 91.6754608154, 66.1978912354, 183.60647583, 29.2032032013, 63.4011192322], [12.815237999, -262.495483398, -60.4207572937, -10.9039049149, -97.2723770142, -4.19710302353, -60.9974937439, -5.12278032303, -35.2384376526, 23.8858470917, 29.2032032013, 97.9828414917, 5.9563498497], [-167.28074646, 404.247680664, 6.6187620163, -50.4711952209, 122.732719421, -71.0437088013, 66.0829925537, -21.708524704, 58.023815155, -0.236165031791, 63.4011192322, 5.9563498497, 147.741104126]], "icov": [[7.95057640062e-05, -0.000221186666749, 0.000174205284566, -0.000241604328039, 0.000197602406843, -0.000229251483688, 0.000301154825138, -0.000268165400485, 0.000109096174128, -9.23129409784e-05, 0.00015730659652, -0.000150916996063, 5.19731911481e-05], [-0.000221186666749, 0.00217987014912, -0.000554466911126, 0.0012352328049, -0.00233264663257, 0.00114162126556, -0.00165716710035, 0.00175096816383, -0.00133089080919, 0.00208638515323, -0.00186745927203, 0.00208995305002, -0.00103971769568], [0.000174205284566, -0.000554466911126, 0.00112843548413, -0.000738558650482, 0.000244514318183, -0.00142811308615, 0.000437501672423, -0.000219447596464, -0.000101887533674, -0.000181631578016, 0.000757622881792, -0.000672412686981, 3.54315779987e-05], [-0.000241604328039, 0.0012352328049, -0.000738558650482, 0.0030313746538, -0.00144362030551, 5.92124160903e-05, -0.00184193695895, 0.00109396455809, -0.000621306302492, -0.000144584730151, -0.00118789135013, 0.000847357616294, 0.000347010995029], [0.000197602406843, -0.00233264663257, 0.000244514318183, -0.00144362030551, 0.00574303884059, -0.00191414623987, 0.000372840062482, -0.00118042062968, 0.00035248574568, -0.000639973557554, 7.93521976448e-05, -0.000230252277106, -9.36181895668e-05], [-0.000229251483688, 0.00114162126556, -0.00142811308615, 5.92124160903e-05, -0.00191414623987, 0.00636797305197, -0.00136281945743, 0.0001973749022, 0.00020803460211, -0.000883336062543, 0.000641857157461, -0.000252295692917, 0.00164341006894], [0.000301154825138, -0.00165716710035, 0.000437501672423, -0.00184193695895, 0.000372840062482, -0.00136281945743, 0.00806042645127, -0.0043843598105, 0.000908703077585, 0.00165383191779, 0.000682960089762, 0.000507040007506, -0.00165592390113], [-0.000268165400485, 0.00175096816383, -0.000219447596464, 0.00109396455809, -0.00118042062968, 0.0001973749022, -0.0043843598105, 0.0116468295455, -0.00477282609791, 0.000854494515806, -0.000701887707692, -0.000422787561547, 0.0022309711203], [0.000109096174128, -0.00133089080919, -0.000101887533674, -0.000621306302492, 0.00035248574568, 0.00020803460211, 0.000908703077585, -0.00477282609791, 0.0116783184931, -0.00615765666589, -0.00133884535171, 0.0031784970779, -0.00189310940914], [-9.23129409784e-05, 0.00208638515323, -0.000181631578016, -0.000144584730151, -0.000639973557554, -0.000883336062543, 0.00165383191779, 0.000854494515806, -0.00615765666589, 0.0145261399448, -0.00533249042928, 0.00181176862679, -0.00170492997859], [0.00015730659652, -0.00186745927203, 0.000757622881792, -0.00118789135013, 7.93521976448e-05, 0.000641857157461, 0.000682960089762, -0.000701887707692, -0.00133884535171, -0.00533249042928, 0.0123643008992, -0.00707128783688, 0.000178606569534], [-0.000150916996063, 0.00208995305002, -0.000672412686981, 0.000847357616294, -0.000230252277106, -0.000252295692917, 0.000507040007506, -0.000422787561547, 0.0031784970779, 0.00181176862679, -0.00707128783688, 0.0186562500894, -0.00475177215412], [5.19731911481e-05, -0.00103971769568, 3.54315779987e-05, 0.000347010995029, -9.36181895668e-05, 0.00164341006894, -0.00165592390113, 0.0022309711203, -0.00189310940914, -0.00170492997859, 0.000178606569534, -0.00475177215412, 0.0125814862549]]}, "melbands": {"dmean": [0.000350655172952, 0.000444633624284, 0.000399376585847, 0.000433716108091, 8.87866845005e-05, 0.000320150953485, 0.000834614504129, 0.000207042408874, 0.000121811477584, 5.8534238633e-05, 4.49904764537e-05, 1.85830085684e-05, 5.85635507377e-06, 1.6592852262e-05, 9.61179466685e-06, 2.21864752348e-06, 5.13930308443e-06, 5.12384303875e-06, 3.87479894925e-06, 3.14850990435e-06, 1.06227128072e-06, 7.14750740372e-07, 7.84711517099e-07, 1.28088652218e-06, 9.64555283645e-07, 4.21704100972e-07, 2.69509087047e-07, 3.26475856127e-07, 2.65057934712e-07, 2.31999791822e-07, 1.67819806052e-07, 2.73275190921e-07, 3.26467329614e-07, 3.44029530197e-07, 2.66768523716e-07, 2.11244397974e-07, 1.68293993852e-07, 1.5542926235e-07, 1.19150058708e-07, 9.96280391519e-08], "dmean2": [0.000522042042576, 0.000629693793599, 0.000526761868969, 0.000658784527332, 0.000138289760798, 0.000469150778372, 0.00123057060409, 0.000283868110273, 0.000159541450557, 7.48389720684e-05, 5.28341661266e-05, 2.33739610849e-05, 8.61781882122e-06, 2.15117051994e-05, 1.21663133541e-05, 3.61251750292e-06, 6.9807588261e-06, 7.23895982446e-06, 5.44638214706e-06, 4.76779769087e-06, 1.73234286649e-06, 1.10038320145e-06, 1.15542070489e-06, 2.01274747269e-06, 1.60414754191e-06, 6.35464914467e-07, 4.14552999928e-07, 5.10768757067e-07, 4.38380141077e-07, 3.63676178949e-07, 2.78735228676e-07, 4.8091555982e-07, 5.52017638711e-07, 5.72789474518e-07, 4.45717148523e-07, 3.62001458143e-07, 2.88303255047e-07, 2.68835577799e-07, 2.03516052011e-07, 1.68312539017e-07], "dvar": [1.21091920846e-06, 1.02292108295e-06, 9.59930616773e-07, 1.45653802974e-06, 1.28458680138e-07, 8.80453796981e-07, 6.67383528707e-06, 4.80569724459e-07, 3.13402182428e-07, 9.94139028876e-08, 1.24583550587e-07, 1.08988258418e-08, 6.02243921399e-10, 9.69012425855e-09, 2.05733874381e-09, 1.85101198258e-10, 6.27311258494e-10, 1.86474002906e-10, 1.10483684701e-10, 7.01903535294e-11, 1.22956297921e-11, 5.69656648242e-12, 8.21564257597e-12, 1.11874069036e-11, 1.53173775747e-11, 1.05478917701e-12, 4.36478056389e-13, 9.5150927068e-13, 1.05844835934e-12, 6.88412272066e-13, 4.73221017493e-13, 2.36053581196e-12, 2.46746329965e-12, 1.55798052411e-12, 9.64766027484e-13, 7.86792885617e-13, 3.51214310456e-13, 4.76976368558e-13, 1.62686907674e-13, 9.67389891609e-14], "dvar2": [2.86352201329e-06, 1.77814547442e-06, 1.93985761143e-06, 3.64181937584e-06, 3.49898442664e-07, 2.18232662519e-06, 1.49924908328e-05, 9.93589992504e-07, 5.20985224739e-07, 1.14738043067e-07, 1.27881961021e-07, 1.93070324173e-08, 1.60166147012e-09, 2.11225064106e-08, 3.68869290668e-09, 5.22824561422e-10, 1.31207389398e-09, 3.89415832913e-10, 2.41894559938e-10, 1.66757233022e-10, 3.39138786498e-11, 1.48608035599e-11, 1.68105529497e-11, 2.67756320588e-11, 4.02135789945e-11, 2.5647337986e-12, 1.03925082515e-12, 2.27009643722e-12, 2.94713429008e-12, 1.64765380159e-12, 1.31689516063e-12, 6.77048955094e-12, 6.9445113722e-12, 4.17044914228e-12, 2.57024436456e-12, 2.1911849505e-12, 9.40015318189e-13, 1.30780596855e-12, 4.28008838224e-13, 2.4396351367e-13], "max": [0.0123504316434, 0.0130134094507, 0.0136035270989, 0.0166417248547, 0.0057786507532, 0.0173845160753, 0.0450585745275, 0.0162065047771, 0.0163470990956, 0.010528636165, 0.0124895628542, 0.0023777410388, 0.000715681468137, 0.00264900736511, 0.00113064306788, 0.000321231898852, 0.000753139320295, 0.000304835673887, 0.000198869442102, 0.000141091877595, 7.09505402483e-05, 6.06694993621e-05, 7.17492948752e-05, 6.59275028738e-05, 0.000104722486867, 1.4763299987e-05, 6.71249517836e-06, 2.09675290535e-05, 2.06560198421e-05, 1.55979232659e-05, 1.44757586895e-05, 3.76180832973e-05, 4.01960678573e-05, 2.06504773814e-05, 2.39033015532e-05, 2.04208809009e-05, 8.63012701302e-06, 1.71994743141e-05, 5.49182368559e-06, 4.71176099381e-06], "mean": [0.00202169432305, 0.00242602778599, 0.00126066349912, 0.00099877815228, 0.000233085243963, 0.000537322892342, 0.00111863110214, 0.000389554857975, 0.000276366889011, 0.000130397165776, 9.75458824541e-05, 3.14161698043e-05, 1.0467755601e-05, 2.61730401689e-05, 1.61826919793e-05, 3.11693997901e-06, 9.27416931518e-06, 8.00799170975e-06, 6.02806812822e-06, 4.35353240391e-06, 1.29520026348e-06, 9.68848667071e-07, 9.92122068055e-07, 1.80297524821e-06, 9.28523832044e-07, 5.42691964256e-07, 3.06972566477e-07, 3.37985056831e-07, 2.32661705013e-07, 2.10844987691e-07, 1.38414335993e-07, 1.92016230471e-07, 2.4648136332e-07, 2.70506916422e-07, 2.05088170446e-07, 1.50951962041e-07, 1.23126000062e-07, 1.10142742926e-07, 8.60867217511e-08, 7.43384518387e-08], "median": [0.0017787021352, 0.00154475180898, 0.000425483623985, 0.000643650477286, 0.000144228732097, 0.000125588165247, 0.000190198144992, 7.45004799683e-05, 2.64803293248e-05, 9.33206774789e-06, 4.38791403212e-06, 1.64740265518e-06, 1.76264791207e-06, 2.24824907491e-06, 1.31791944114e-06, 3.08230596602e-07, 9.33464320951e-07, 1.89558431885e-06, 1.13945634439e-06, 6.63107130094e-07, 2.97692139384e-07, 1.49648442971e-07, 7.31576861313e-08, 2.3449770481e-07, 1.15792971656e-07, 7.13673244945e-08, 2.93189277301e-08, 2.76910263608e-08, 1.69403104877e-08, 9.57461754325e-09, 6.57839738238e-09, 7.62833085588e-09, 9.23262177821e-09, 7.88945353491e-09, 5.84866777231e-09, 3.70895847368e-09, 3.00060043479e-09, 2.14005901888e-09, 1.60865920584e-09, 1.42630607325e-09], "min": [3.84493014015e-24, 4.19183448424e-24, 2.21575941312e-24, 5.8742432644e-24, 7.55563401956e-24, 5.73297878666e-24, 3.70510691128e-24, 2.68647942058e-24, 9.1082037889e-24, 3.0819111349e-24, 8.86639662221e-24, 5.39533369745e-24, 6.08375762108e-24, 1.18269474233e-23, 5.92377110747e-24, 6.46787056191e-24, 6.82638575522e-24, 4.17757700667e-24, 5.67778889444e-24, 3.76421783663e-24, 9.60296709346e-24, 7.22174075282e-24, 1.1383576829e-23, 7.64955422121e-24, 7.16736062631e-24, 5.26062662598e-24, 9.86463225572e-24, 5.12075409331e-24, 7.11839681879e-24, 7.3113845395e-24, 8.22837617725e-24, 6.52895837269e-24, 1.07124116042e-23, 1.22433381858e-23, 9.49171877316e-24, 8.82863621726e-24, 7.58991870336e-24, 8.55680737109e-24, 6.30179719756e-24, 6.92120210287e-24], "var": [4.43340832135e-06, 6.10546840107e-06, 3.14517342304e-06, 2.13814473682e-06, 1.31379508161e-07, 1.31222577693e-06, 9.56732128543e-06, 1.03709567156e-06, 1.14012982522e-06, 4.8204799441e-07, 6.15195062892e-07, 2.25551382016e-08, 8.48200842896e-10, 1.58547468487e-08, 4.69269734182e-09, 1.62288113503e-10, 1.37779632148e-09, 3.9156189402e-10, 2.04854744279e-10, 1.01769336014e-10, 1.06410132442e-11, 6.05748133944e-12, 1.28178275285e-11, 1.61741123966e-11, 1.23070859059e-11, 1.38391891263e-12, 4.98121021427e-13, 1.03762983449e-12, 7.21440864947e-13, 7.03337832853e-13, 3.13598024501e-13, 1.36083256209e-12, 1.51704170059e-12, 1.11763679908e-12, 6.80066463213e-13, 4.90096082207e-13, 2.41446782272e-13, 3.07343533219e-13, 1.15872860352e-13, 7.6147536898e-14]}, "mfcc": {"mean": [-817.308532715, 180.263900757, 35.4006538391, 24.399230957, 11.571518898, -1.72031664848, -12.0213022232, -5.81647825241, -6.03704500198, 6.01667737961, 4.11297464371, -2.68464159966, 2.56073284149], "cov": [[16191.2285156, 2269.82519531, -1864.41442871, 81.4547958374, -192.651260376, -265.891479492, -432.327087402, -44.326385498, -245.311767578, 220.082183838, 119.902297974, -77.9496841431, 192.909729004], [2269.82519531, 3509.7421875, 43.2039909363, 370.994384766, 448.862030029, 107.226257324, 242.774475098, 179.414672852, 198.197494507, 172.164230347, 22.6348304749, -108.619277954, 2.63164567947], [-1864.41442871, 43.2039909363, 1617.49707031, 467.133514404, 441.509613037, 497.013671875, 345.921112061, 259.90524292, 228.035629272, 96.4289016724, 59.6218414307, 98.3618927002, -10.9600391388], [81.4547958374, 370.994384766, 467.133514404, 589.182189941, 299.210510254, 244.739883423, 233.469848633, 169.820266724, 160.299865723, 106.21471405, 46.2479820251, 94.3281936646, 66.3010101318], [-192.651260376, 448.862030029, 441.509613037, 299.210510254, 420.147979736, 271.872039795, 182.072799683, 128.173965454, 105.437866211, 93.3428268433, 54.6312179565, 51.4415817261, 51.1844596863], [-265.891479492, 107.226257324, 497.013671875, 244.739883423, 271.872039795, 354.096862793, 194.038467407, 125.831314087, 97.6926727295, 63.8093566895, 37.4859275818, 31.5353527069, 9.18140888214], [-432.327087402, 242.774475098, 345.921112061, 233.469848633, 182.072799683, 194.038467407, 272.168273926, 162.508102417, 116.43775177, 36.1513748169, 17.7900371552, 24.69713974, -18.1814212799], [-44.326385498, 179.414672852, 259.90524292, 169.820266724, 128.173965454, 125.831314087, 162.508102417, 204.828948975, 104.3463974, 27.1720333099, 40.0101013184, 30.5749168396, -15.0297203064], [-245.311767578, 198.197494507, 228.035629272, 160.299865723, 105.437866211, 97.6926727295, 116.43775177, 104.3463974, 182.716659546, 87.6343154907, 23.3924655914, 29.2473258972, -1.5006519556], [220.082183838, 172.164230347, 96.4289016724, 106.21471405, 93.3428268433, 63.8093566895, 36.1513748169, 27.1720333099, 87.6343154907, 169.150909424, 55.3296966553, 9.48631668091, 30.9754981995], [119.902297974, 22.6348304749, 59.6218414307, 46.2479820251, 54.6312179565, 37.4859275818, 17.7900371552, 40.0101013184, 23.3924655914, 55.3296966553, 110.99659729, 57.4926795959, 5.77514266968], [-77.9496841431, -108.619277954, 98.3618927002, 94.3281936646, 51.4415817261, 31.5353527069, 24.69713974, 30.5749168396, 29.2473258972, 9.48631668091, 57.4926795959, 173.744827271, 78.1841049194], [192.909729004, 2.63164567947, -10.9600391388, 66.3010101318, 51.1844596863, 9.18140888214, -18.1814212799, -15.0297203064, -1.5006519556, 30.9754981995, 5.77514266968, 78.1841049194, 157.174423218]], "icov": [[0.000102805795905, -8.23073569336e-05, 0.000140870193718, -0.000127738647279, 0.00017644574109, -0.000241060144617, 0.000310352479573, -0.000290451949695, 0.000260436208919, -0.000201231916435, -3.33550383402e-06, -3.17425256071e-05, -3.82896432711e-05], [-8.23073569336e-05, 0.000480223505292, 1.28449401018e-05, -1.10649295948e-06, -0.000800100562628, 0.000652200425975, -0.000464013923192, 0.000166748694028, -0.000451643951237, 9.38629964367e-05, -3.19058417517e-05, 0.00048619825975, 1.55793441081e-05], [0.000140870193718, 1.28449401018e-05, 0.00146590336226, -0.000364959792932, -0.000226547854254, -0.00142298988067, 0.000380156037863, -0.000670299341436, -0.000177735419129, -0.000187684505363, 0.000320816441672, -0.000446738675237, 0.000465563527541], [-0.000127738647279, -1.10649295948e-06, -0.000364959792932, 0.00386386248283, -0.0011641762685, 5.12547121616e-05, -0.00173390994314, -0.000200715934625, -0.000876743637491, -0.000606917426921, 0.000701473618392, -0.00105369451921, -0.0007325783954], [0.00017644574109, -0.000800100562628, -0.000226547854254, -0.0011641762685, 0.00738250184804, -0.00402608793229, 0.000222414542804, -0.000683823600411, 0.00114919815678, -0.000961087760516, -0.00114085362293, -3.62369355571e-05, -0.00167617003899], [-0.000241060144617, 0.000652200425975, -0.00142298988067, 5.12547121616e-05, -0.00402608793229, 0.00911458674818, -0.00350577477366, 0.000923638581298, -0.00029516898212, 8.29861164675e-05, -0.00058390799677, 0.00116817140952, 4.6756282245e-05], [0.000310352479573, -0.000464013923192, 0.000380156037863, -0.00173390994314, 0.000222414542804, -0.00350577477366, 0.0115788271651, -0.00560312857851, -0.000541784160305, -7.11312168278e-05, 0.00201244140044, -0.000837438041344, 0.00167221843731], [-0.000290451949695, 0.000166748694028, -0.000670299341436, -0.000200715934625, -0.000683823600411, 0.000923638581298, -0.00560312857851, 0.0125478226691, -0.00465459795669, 0.00369977671653, -0.00431932648644, 0.00112427165732, -6.20405917289e-05], [0.000260436208919, -0.000451643951237, -0.000177735419129, -0.000876743637491, 0.00114919815678, -0.00029516898212, -0.000541784160305, -0.00465459795669, 0.0132878739387, -0.00724446447566, 0.00384701229632, -0.00304182805121, 0.00210693990812], [-0.000201231916435, 9.38629964367e-05, -0.000187684505363, -0.000606917426921, -0.000961087760516, 8.29861164675e-05, -7.11312168278e-05, 0.00369977671653, -0.00724446447566, 0.0130898235366, -0.00753128249198, 0.00461653387174, -0.0035265381448], [-3.33550383402e-06, -3.19058417517e-05, 0.000320816441672, 0.000701473618392, -0.00114085362293, -0.00058390799677, 0.00201244140044, -0.00431932648644, 0.00384701229632, -0.00753128249198, 0.0172440838069, -0.00771537004039, 0.00468175113201], [-3.17425256071e-05, 0.00048619825975, -0.000446738675237, -0.00105369451921, -3.62369355571e-05, 0.00116817140952, -0.000837438041344, 0.00112427165732, -0.00304182805121, 0.00461653387174, -0.00771537004039, 0.0122640551999, -0.00635759485886], [-3.82896432711e-05, 1.55793441081e-05, 0.000465563527541, -0.0007325783954, -0.00167617003899, 4.6756282245e-05, 0.00167221843731, -6.20405917289e-05, 0.00210693990812, -0.0035265381448, 0.00468175113201, -0.00635759485886, 0.0111867906526]]}, "spectral_contrast_coeffs": {"dmean": [0.0439950600266, 0.0469093620777, 0.0425641871989, 0.0399673581123, 0.0345292240381, 0.0215796884149], "dmean2": [0.0638200342655, 0.0716418325901, 0.0559471696615, 0.0511929430068, 0.043739233166, 0.0324108041823], "dvar": [0.00183015502989, 0.00261694286019, 0.00203491211869, 0.00166654330678, 0.00122888211627, 0.000389608670957], "dvar2": [0.00331172556616, 0.00581136811525, 0.00343242520466, 0.00230658566579, 0.00163775566034, 0.00085148785729], "max": [-0.310294449329, -0.299582868814, -0.304931014776, -0.436200618744, -0.551164090633, -0.644991397858], "mean": [-0.620595991611, -0.662729978561, -0.711969256401, -0.735729455948, -0.773467123508, -0.827202141285], "median": [-0.630456268787, -0.66386950016, -0.713871717453, -0.738592982292, -0.777045071125, -0.829576253891], "min": [-0.965356469154, -0.978122591972, -0.97444409132, -0.960874795914, -0.96110868454, -0.962245225906], "var": [0.0117861283943, 0.0112054971978, 0.013259855099, 0.011062880978, 0.00879224669188, 0.00227858684957]}, "spectral_contrast_valleys": {"dmean": [0.440513402224, 0.456440210342, 0.530626654625, 0.630129098892, 0.663534879684, 0.715041399002], "dmean2": [0.668443202972, 0.633512318134, 0.715252757072, 0.793875038624, 0.797205388546, 0.887506902218], "dvar": [0.29963773489, 0.326505213976, 0.361933320761, 0.428244650364, 0.432926774025, 0.475778520107], "dvar2": [0.516513288021, 0.526141524315, 0.607007622719, 0.63039