{"lowlevel": {"average_loudness": 0.680878520012, "barkbands_crest": {"dmean": 2.41898870468, "dmean2": 3.81281065941, "dvar": 5.44917488098, "dvar2": 13.1793174744, "max": 26.4200649261, "mean": 14.3150262833, "median": 13.8383159637, "min": 4.59839725494, "var": 20.0902042389}, "barkbands_flatness_db": {"dmean": 0.0241004358977, "dmean2": 0.0392607934773, "dvar": 0.000437869864982, "dvar2": 0.00105533772148, "max": 0.56314522028, "mean": 0.395923703909, "median": 0.395341873169, "min": 0.0660172179341, "var": 0.00248114694841}, "barkbands_kurtosis": {"dmean": 2.17758822441, "dmean2": 3.19572019577, "dvar": 13.4475984573, "dvar2": 25.3017501831, "max": 115.415405273, "mean": 4.3930273056, "median": 2.58991622925, "min": -1.7771794796, "var": 61.6708221436}, "barkbands_skewness": {"dmean": 0.419239670038, "dmean2": 0.604134380817, "dvar": 0.228881299496, "dvar2": 0.402555674314, "max": 5.90568637848, "mean": 0.915397405624, "median": 0.92823690176, "min": -8.81367206573, "var": 1.68323850632}, "barkbands_spread": {"dmean": 1.12392807007, "dmean2": 1.71233928204, "dvar": 4.29564476013, "dvar2": 11.127658844, "max": 77.650680542, "mean": 5.09611701965, "median": 4.16393995285, "min": 0.370774537325, "var": 28.6564693451}, "dissonance": {"dmean": 0.0447891652584, "dmean2": 0.0755618587136, "dvar": 0.00182661833242, "dvar2": 0.00485308328643, "max": 0.49975425005, "mean": 0.383409261703, "median": 0.390933811665, "min": 0.158257782459, "var": 0.00443406077102}, "dynamic_complexity": 3.76508021355, "erbbands_crest": {"dmean": 2.94039034843, "dmean2": 4.52365255356, "dvar": 10.2818870544, "dvar2": 20.1855144501, "max": 33.8508758545, "mean": 16.8375282288, "median": 15.9247913361, "min": 3.07059288025, "var": 54.0986366272}, "erbbands_flatness_db": {"dmean": 0.0179795995355, "dmean2": 0.0279967579991, "dvar": 0.000311388575938, "dvar2": 0.000659954675939, "max": 0.572541296482, "mean": 0.417106121778, "median": 0.415878802538, "min": 0.0414729341865, "var": 0.00284018204547}, "erbbands_kurtosis": {"dmean": 1.7287427187, "dmean2": 2.49518251419, "dvar": 7.28496026993, "dvar2": 13.1400403976, "max": 88.4013214111, "mean": 3.71210241318, "median": 1.3801651001, "min": -1.68101644516, "var": 54.0415496826}, "erbbands_skewness": {"dmean": 0.387682855129, "dmean2": 0.566396951675, "dvar": 0.190452501178, "dvar2": 0.344771951437, "max": 3.14028429985, "mean": 0.406236261129, "median": 0.43010482192, "min": -4.62233686447, "var": 1.04842531681}, "erbbands_spread": {"dmean": 2.26195597649, "dmean2": 3.33868789673, "dvar": 9.10262966156, "dvar2": 19.5834789276, "max": 93.7787857056, "mean": 10.5432043076, "median": 9.40602684021, "min": 0.429833292961, "var": 49.9124488831}, "hfc": {"dmean": 3.67936134338, "dmean2": 4.92092227936, "dvar": 19.2960186005, "dvar2": 34.1061859131, "max": 68.7708969116, "mean": 12.5393877029, "median": 10.3841114044, "min": 1.1322527634e-16, "var": 89.4519348145}, "melbands_crest": {"dmean": 2.69990825653, "dmean2": 4.259578228, "dvar": 6.80503702164, "dvar2": 15.8932151794, "max": 32.0049476624, "mean": 16.6285209656, "median": 16.2520446777, "min": 1.68622374535, "var": 25.8960418701}, "melbands_flatness_db": {"dmean": 0.0272750277072, "dmean2": 0.0446139760315, "dvar": 0.000617022102233, "dvar2": 0.00137460359838, "max": 0.700234532356, "mean": 0.506526350975, "median": 0.506488025188, "min": 0.00407517980784, "var": 0.00428148871288}, "melbands_kurtosis": {"dmean": 2.34230470657, "dmean2": 3.52082228661, "dvar": 18.3358783722, "dvar2": 47.353427887, "max": 122.125350952, "mean": 4.48451805115, "median": 2.59552288055, "min": -1.89199411869, "var": 43.2419090271}, "melbands_skewness": {"dmean": 0.465876370668, "dmean2": 0.667641222477, "dvar": 0.251807332039, "dvar2": 0.475872188807, "max": 7.96098136902, "mean": 1.00706171989, "median": 1.01252162457, "min": -5.81469202042, "var": 1.87480294704}, "melbands_spread": {"dmean": 1.80423748493, "dmean2": 2.75009083748, "dvar": 8.67936897278, "dvar2": 18.1496353149, "max": 124.346534729, "mean": 8.35488891602, "median": 7.15708351135, "min": 0.988239526749, "var": 70.6216506958}, "pitch_salience": {"dmean": 0.0561474822462, "dmean2": 0.0900745391846, "dvar": 0.00301175611094, "dvar2": 0.00726760877296, "max": 0.848734080791, "mean": 0.468250334263, "median": 0.471850961447, "min": 0.106006279588, "var": 0.0102426707745}, "silence_rate_20dB": {"dmean": 0, "dmean2": 0, "dvar": 0, "dvar2": 0, "max": 1, "mean": 1, "median": 1, "min": 1, "var": 0}, "silence_rate_30dB": {"dmean": 0.00761034991592, "dmean2": 0.0152264945209, "dvar": 0.00755237648264, "dvar2": 0.0195627007633, "max": 1, "mean": 0.992392539978, "median": 1, "min": 0, "var": 0.00754953036085}, "silence_rate_60dB": {"dmean": 0.00456620985642, "dmean2": 0.00913589634001, "dvar": 0.00454537617043, "dvar2": 0.0105750942603, "max": 1, "mean": 0.0483073405921, "median": 0, "min": 0, "var": 0.0459736399353}, "spectral_centroid": {"dmean": 53.2626152039, "dmean2": 74.6923522949, "dvar": 26433.5957031, "dvar2": 31295.4648438, "max": 11189.3310547, "mean": 546.058044434, "median": 515.489685059, "min": 205.600112915, "var": 119131.023438}, "spectral_complexity": {"dmean": 1.29452049732, "dmean2": 2.13247060776, "dvar": 1.55405032635, "dvar2": 3.53329896927, "max": 23, "mean": 10.7683534622, "median": 11, "min": 0, "var": 15.0840091705}, "spectral_decrease": {"dmean": 1.92316762515e-09, "dmean2": 2.73578870669e-09, "dvar": 4.97213468558e-18, "dvar2": 1.08084340561e-17, "max": 5.06750483826e-16, "mean": -6.79087230893e-09, "median": -5.41966826972e-09, "min": -4.74459724842e-08, "var": 2.80456744739e-17}, "spectral_energy": {"dmean": 0.0075779017061, "dmean2": 0.0107528166845, "dvar": 7.62042254792e-05, "dvar2": 0.000164556273376, "max": 0.183402329683, "mean": 0.0267677493393, "median": 0.0214717257768, "min": 1.05202316645e-20, "var": 0.000428941653809}, "spectral_energyband_high": {"dmean": 4.18190978735e-07, "dmean2": 5.63506773688e-07, "dvar": 1.63218733234e-12, "dvar2": 3.46158214939e-12, "max": 2.5376191843e-05, "mean": 7.90155127106e-07, "median": 8.51922692391e-08, "min": 7.44719268093e-21, "var": 3.81448388501e-12}, "spectral_energyband_low": {"dmean": 0.000842470035423, "dmean2": 0.0012111273827, "dvar": 4.44939360023e-06, "dvar2": 9.5799614428e-06, "max": 0.048773817718, "mean": 0.00238130893558, "median": 0.000632694514934, "min": 4.89003673322e-23, "var": 1.79225480679e-05}, "spectral_energyband_middle_high": {"dmean": 0.000987141858786, "dmean2": 0.00131535506807, "dvar": 5.19898685525e-06, "dvar2": 9.93803041638e-06, "max": 0.0388581193984, "mean": 0.00281789223664, "median": 0.00155739602633, "min": 1.70352434938e-21, "var": 1.57239282998e-05}, "spectral_energyband_middle_low": {"dmean": 0.00708564557135, "dmean2": 0.0100563773885, "dvar": 7.13692279533e-05, "dvar2": 0.000154324923642, "max": 0.167525455356, "mean": 0.0236732549965, "median": 0.019287602976, "min": 3.61449023822e-22, "var": 0.000359958969057}, "spectral_entropy": {"dmean": 0.177090376616, "dmean2": 0.276774704456, "dvar": 0.0354645326734, "dvar2": 0.079926006496, "max": 9.78768444061, "mean": 5.52348327637, "median": 5.51664209366, "min": 4.28189325333, "var": 0.200617969036}, "spectral_flux": {"dmean": 0.0245533343405, "dmean2": 0.0408597588539, "dvar": 0.000667648680974, "dvar2": 0.00169502943754, "max": 0.220836088061, "mean": 0.051607273519, "median": 0.0450901091099, "min": 1.02568183113e-10, "var": 0.0010651240591}, "spectral_kurtosis": {"dmean": 42.6898384094, "dmean2": 72.8613204956, "dvar": 1716.20922852, "dvar2": 4541.58154297, "max": 444.716430664, "mean": 133.337738037, "median": 127.622039795, "min": -1.23185634613, "var": 5486.5078125}, "spectral_rms": {"dmean": 0.000694764778018, "dmean2": 0.000976285315119, "dvar": 4.22998567728e-07, "dvar2": 8.84819371549e-07, "max": 0.0133764380589, "mean": 0.0047258278355, "median": 0.00457690143958, "min": 3.20369165224e-12, "var": 3.781372925e-06}, "spectral_rolloff": {"dmean": 76.4228744507, "dmean2": 124.4114151, "dvar": 220179.84375, "dvar2": 342621.03125, "max": 19789.0136719, "mean": 747.925048828, "median": 667.529296875, "min": 172.265625, "var": 1526855.875}, "spectral_skewness": {"dmean": 1.97427201271, "dmean2": 3.42105937004, "dvar": 3.15346813202, "dvar2": 8.28748226166, "max": 16.1314411163, "mean": 7.86981296539, "median": 7.81313657761, "min": -0.0132317626849, "var": 9.69623374939}, "spectral_spread": {"dmean": 304634.15625, "dmean2": 535140.4375, "dvar": 435247251456, "dvar2": 651964055552, "max": 41930068, "mean": 977043.9375, "median": 764403.1875, "min": 223703.5625, "var": 2485127479300.0}, "spectral_strongpeak": {"dmean": 0.580309987068, "dmean2": 0.886236608028, "dvar": 0.546575546265, "dvar2": 1.06770718098, "max": 6.63920736313, "mean": 1.71812856197, "median": 1.32023906708, "min": 0, "var": 1.83750748634}, "zerocrossingrate": {"dmean": 0.00294510880485, "dmean2": 0.0033540292643, "dvar": 0.000118926232972, "dvar2": 9.19177327887e-05, "max": 0.7685546875, "mean": 0.0295797400177, "median": 0.02587890625, "min": 0.00537109375, "var": 0.00221245503053}, "barkbands": {"dmean": [5.7975199752e-07, 3.24407737935e-05, 0.000383016624255, 0.00137974345125, 0.00256234104745, 0.0012281636009, 0.000728196580894, 0.00107582262717, 0.00199066731147, 0.0011488199234, 0.000196289547603, 6.27335903118e-05, 6.4061350713e-05, 9.56801086431e-05, 4.94764353789e-05, 3.09049137286e-05, 8.66901518748e-06, 4.60403634861e-06, 2.13548491956e-06, 6.38685605736e-07, 1.91175956843e-07, 1.12348770287e-08, 3.01864222507e-09, 1.13106279898e-09, 1.08458964032e-09, 1.06120845444e-09, 1.25939902951e-09], "dmean2": [9.52888342454e-07, 4.71761959489e-05, 0.000584606896155, 0.00202888133936, 0.0040964554064, 0.00171447475441, 0.00119901052676, 0.00156716466881, 0.00239653559402, 0.00143342989031, 0.000266168295639, 8.98276703083e-05, 9.36326614465e-05, 0.000127464532852, 6.50010406389e-05, 4.2165233026e-05, 1.14612312245e-05, 6.34721118331e-06, 3.07892764795e-06, 7.62189529269e-07, 2.7339737585e-07, 1.69028897545e-08, 4.5631938228e-09, 2.0661572453e-09, 1.98693528297e-09, 1.94362792527e-09, 2.26446306151e-09], "dvar": [1.13322404845e-12, 1.7428442689e-08, 2.19068374463e-06, 6.82707013766e-06, 2.90966072498e-05, 2.06455079024e-05, 1.27963699015e-06, 4.94701635034e-06, 2.07705270441e-05, 9.8126638477e-06, 2.25737835535e-07, 1.19050005409e-08, 1.97553351455e-08, 2.90415886894e-08, 2.58131489517e-08, 5.92494320273e-09, 5.1227561082e-10, 1.45317285982e-10, 9.55122994584e-11, 2.42574515162e-12, 6.01971705989e-13, 1.51223724925e-15, 1.07424807952e-16, 2.31576264199e-18, 2.13597617662e-18, 2.02327219778e-18, 2.25656980415e-18], "dvar2": [2.69672066795e-12, 3.06564906793e-08, 5.0394801292e-06, 1.25187398226e-05, 7.90451085777e-05, 3.7454025005e-05, 3.4594772842e-06, 9.61825571721e-06, 3.22341511492e-05, 1.55024026753e-05, 4.18455243789e-07, 2.2628700691e-08, 3.50314515174e-08, 4.84902535902e-08, 4.27371986689e-08, 1.23772636584e-08, 8.31489432862e-10, 2.97124436166e-10, 2.05784347895e-10, 4.45982573788e-12, 1.37924947071e-12, 3.42425965004e-15, 2.02314970887e-16, 7.09038789719e-18, 6.55656316657e-18, 6.21622425303e-18, 7.04105236392e-18], "max": [1.58106613526e-05, 0.0047114524059, 0.0355369374156, 0.04515825212, 0.155146241188, 0.15692551434, 0.0128079131246, 0.0310643725097, 0.0546538904309, 0.0475899018347, 0.00956689938903, 0.00201419531368, 0.00564911961555, 0.00327992695384, 0.00714347185567, 0.0012365533039, 0.000360400881618, 0.000173032371094, 0.000139217736432, 2.60498145508e-05, 1.67792441061e-05, 5.53362781375e-07, 1.62982331631e-07, 1.67542761886e-08, 1.51156616113e-08, 1.42813361137e-08, 1.72044813951e-08], "mean": [7.29075225081e-07, 6.73209724482e-05, 0.00104527152143, 0.00313273933716, 0.00673613091931, 0.00308552384377, 0.00165898073465, 0.002361060353, 0.00485425256193, 0.0024952958338, 0.000515187450219, 0.000175606604898, 0.000148601975525, 0.000228506338317, 0.000160292489454, 6.77483840263e-05, 1.97092376766e-05, 9.16252975003e-06, 3.88708440369e-06, 1.46285583469e-06, 2.32471720096e-07, 1.73088885447e-08, 4.26885504723e-09, 1.10732734093e-09, 1.06544706391e-09, 1.19718168712e-09, 3.73232733608e-09], "median": [3.10931682179e-07, 6.02906493441e-06, 3.45968546753e-05, 0.00116639665794, 0.00273248576559, 0.000604565371759, 0.000870752264746, 0.000726202561054, 0.000938233686611, 0.000485693541123, 0.000234735081904, 6.33367017144e-05, 7.90972771938e-05, 0.000101065474155, 3.38938443747e-05, 2.44542061409e-05, 6.27218196314e-06, 1.07181494968e-06, 2.11619465063e-07, 8.89842368679e-08, 8.81519479634e-09, 2.70036237815e-09, 8.92636298211e-10, 5.75745950915e-10, 5.65562985333e-10, 7.20986048641e-10, 3.28841509578e-09], "min": [2.17746293774e-23, 1.08506508004e-23, 1.89222582277e-23, 1.45648272455e-23, 7.14676299476e-23, 4.09588067806e-23, 2.8483138803e-23, 8.00590004704e-23, 9.29067110281e-23, 7.99682309792e-23, 1.07874027729e-22, 1.14178086591e-22, 7.32656522099e-23, 1.27907219837e-22, 1.84602930774e-22, 1.65660916314e-22, 2.75047928773e-22, 1.75997442797e-22, 2.67487713049e-22, 4.60961542475e-22, 4.91624729944e-22, 4.81293353145e-22, 4.48314372981e-22, 7.75483086446e-22, 1.28271671051e-21, 1.65467222563e-21, 2.2589648216e-21], "var": [1.79336938095e-12, 9.98968872068e-08, 9.83828522294e-06, 2.39581222559e-05, 0.000120918790344, 0.000102319114376, 3.7963648083e-06, 1.57312588271e-05, 7.12708133506e-05, 3.25800610881e-05, 6.85968871039e-07, 6.77553231299e-08, 6.33291179497e-08, 1.10382572416e-07, 2.71573526334e-07, 1.29272388349e-08, 1.94798643882e-09, 3.77612885405e-10, 1.85253715146e-10, 9.02001130038e-12, 7.99685350491e-13, 2.21011902356e-15, 2.27976032548e-16, 2.11725397743e-18, 1.88723076551e-18, 1.79598550612e-18, 2.21691352481e-18]}, "erbbands": {"dmean": [0.000411672284827, 0.0154156517237, 0.325102984905, 2.33014059067, 7.38651275635, 10.4457941055, 7.40050268173, 10.6306686401, 6.75587129593, 22.3547992706, 21.0236358643, 39.0250778198, 54.22813797, 16.2024021149, 6.69784402847, 2.70397639275, 3.10508704185, 5.00421619415, 2.15892004967, 2.59462857246, 1.36296951771, 0.375380575657, 0.208686262369, 0.237302273512, 0.0413274541497, 0.02543563582, 0.0131699154153, 0.00294553185813, 0.000428322964581, 0.000262932502665, 6.10951974522e-05, 2.70315740636e-05, 1.93231735466e-05, 1.37622428156e-05, 9.40093741519e-06, 6.01896772423e-06, 3.23264521285e-06, 9.11359734346e-07, 3.62326545655e-06, 8.51622735354e-06], "dmean2": [0.000637583900243, 0.0229477193207, 0.493083029985, 3.3355846405, 11.2459402084, 17.170583725, 10.8610467911, 14.8876619339, 11.1148548126, 34.9748725891, 30.2923069, 48.6310806274, 61.8844985962, 23.5123310089, 9.22200489044, 3.75367093086, 4.4608168602, 6.67555236816, 2.86912870407, 3.52414822578, 1.7421066761, 0.505694806576, 0.281302332878, 0.334252297878, 0.0555333271623, 0.0315237268806, 0.017831178382, 0.00422146078199, 0.000635975156911, 0.000366861058865, 9.52220943873e-05, 4.71722341899e-05, 3.39371581504e-05, 2.37193453358e-05, 1.56387122843e-05, 9.58831060416e-06, 4.97381006426e-06, 1.47644334447e-06, 5.09769552082e-06, 1.20463682833e-05], "dvar": [8.35452965475e-07, 0.00422877352685, 1.57099437714, 20.0366306305, 150.092529297, 747.654418945, 369.104949951, 1654.75683594, 316.675079346, 1413.48693848, 2144.92382812, 8394.97070312, 17230.4375, 4766.83886719, 290.515716553, 20.0224304199, 46.2263946533, 72.3158111572, 38.2146644592, 32.2366828918, 12.1802301407, 0.604399800301, 0.23992459476, 0.516588389874, 0.0236299596727, 0.00470957439393, 0.00222972640768, 0.000166533864103, 2.61179411609e-06, 6.50645574751e-07, 1.92873823579e-08, 1.23066967728e-09, 6.16568907041e-10, 2.92427942972e-10, 1.25562976683e-10, 4.66423601131e-11, 1.27158041041e-11, 1.1166094091e-12, 1.69626864638e-11, 9.49862480337e-11], "dvar2": [1.66516065292e-06, 0.00850291550159, 3.58393454552, 36.5257759094, 334.583709717, 2201.47265625, 649.927429199, 3204.63452148, 1091.34118652, 3058.61279297, 4467.63037109, 15009.2529297, 23388.7832031, 10762.8955078, 563.638244629, 33.3086776733, 79.3541870117, 116.828704834, 71.8360824585, 61.9254684448, 23.2294101715, 1.07550418377, 0.482456922531, 1.11124801636, 0.0478699281812, 0.00926997233182, 0.00490254629403, 0.00036093473318, 6.10679944657e-06, 1.30585988245e-06, 3.72587258823e-08, 3.51907947227e-09, 1.80219283941e-09, 8.32079960489e-10, 3.3928437837e-10, 1.16236166525e-10, 2.97189911569e-11, 2.88605250809e-12, 3.55766284488e-11, 2.03379244001e-10], "max": [0.0244874320924, 2.16203022003, 31.6402168274, 73.4236602783, 243.924865723, 705.179260254, 641.079956055, 1281.06079102, 323.25189209, 533.248779297, 719.645263672, 1322.44189453, 2072.52758789, 1420.30175781, 389.104431152, 94.8441772461, 285.933013916, 143.148773193, 206.187393188, 190.544616699, 50.7718353271, 11.5780239105, 9.21316146851, 10.1321783066, 3.7666041851, 1.57746660709, 0.95133292675, 0.194672048092, 0.0361637696624, 0.0097298771143, 0.00328835262917, 0.000436495058239, 0.000318502221489, 0.000212380618905, 0.000145016674651, 0.000100344965176, 5.90292765992e-05, 1.39521871461e-05, 8.42939844006e-05, 0.000201727685635], "mean": [0.000888740760274, 0.0388055108488, 0.92139840126, 6.06694793701, 15.9470281601, 24.9571304321, 22.7438011169, 25.843000412, 16.7669124603, 48.5585632324, 50.6606521606, 100.476905823, 130.841308594, 34.7937889099, 18.5285797119, 8.38983917236, 7.89462995529, 12.4993457794, 6.28555727005, 7.68763589859, 3.21565532684, 0.934488296509, 0.473550617695, 0.453805476427, 0.0900306999683, 0.0608830153942, 0.0194873735309, 0.00385429803282, 0.000665620784275, 0.000431565567851, 0.000104676590126, 4.49079561804e-05, 3.48947141902e-05, 2.90178850264e-05, 2.34030212596e-05, 1.73523931153e-05, 1.03702959677e-05, 2.81343250208e-06, 1.32825134642e-05, 3.01612817566e-05], "median": [0.000325200206134, 0.00305053242482, 0.0806995183229, 2.6090631485, 8.60324287415, 6.27144145966, 6.79637098312, 4.5349946022, 7.91925668716, 23.027633667, 19.4357471466, 25.8112564087, 25.8782424927, 12.9261360168, 9.40614128113, 3.64410424232, 4.59067630768, 6.14898681641, 1.51378762722, 2.63118004799, 0.962288618088, 0.411769419909, 0.164608702064, 0.0554070025682, 0.0108907790855, 0.00521549815312, 0.00122753111646, 0.000364475301467, 0.000144428064232, 6.39661229798e-05, 4.16161747125e-05, 3.12124793709e-05, 2.62800112978e-05, 2.27107102546e-05, 1.86688175745e-05, 1.40424263009e-05, 8.53411529533e-06, 2.3744041755e-06, 1.08477115646e-05, 2.43219456024e-05], "min": [4.97745583749e-22, 1.91998030969e-21, 1.33335634006e-20, 5.55497987121e-20, 4.79975492467e-20, 2.49044721244e-19, 4.80879898144e-19, 2.77922837199e-19, 3.80102338617e-19, 9.73310649759e-19, 1.86110219791e-18, 1.64408619433e-18, 3.07823084727e-18, 3.18522397117e-18, 4.66935680288e-18, 4.1435644096e-18, 3.20767592774e-18, 5.73402800034e-18, 6.44916699892e-18, 1.50160032199e-17, 8.85614884411e-18, 1.41538874614e-17, 1.02587882555e-17, 1.11682559682e-17, 1.28919225209e-17, 2.19657679315e-17, 1.84355959964e-17, 2.37577438863e-17, 1.71994639064e-17, 1.4115368969e-17, 1.18970053966e-17, 1.26546168109e-17, 1.52038245042e-17, 1.10314518754e-17, 1.12149585856e-17, 4.96047557485e-18, 3.07050746189e-18, 1.45488651699e-18, 3.57083220489e-19, 2.92759316686e-20], "var": [4.28910652772e-06, 0.020976446569, 7.1062912941, 74.9335479736, 439.1378479, 2339.28833008, 2078.52856445, 7825.26123047, 687.21105957, 4241.56542969, 6290.83056641, 27280.2402344, 67852.6328125, 8920.15722656, 894.223388672, 140.685073853, 155.518920898, 286.455993652, 289.850097656, 257.323486328, 33.6697807312, 2.4190094471, 0.702105045319, 1.01833462715, 0.0558730661869, 0.0165103431791, 0.00347678014077, 0.000225993149797, 3.3758515201e-06, 1.3716568219e-06, 4.27992397078e-08, 1.86910042999e-09, 9.34756272386e-10, 5.49094991698e-10, 3.19085063927e-10, 1.6408593928e-10, 5.44300438055e-11, 3.00131599261e-12, 9.62685139938e-11, 5.33804334069e-10]}, "gfcc": {"mean": [-209.195327759, 244.467453003, -133.694000244, -73.0960464478, -20.154914856, -39.5845375061, -30.5564460754, -16.6940021515, -20.0339679718, -23.8441925049, -17.9958839417, -23.5122451782, -5.69612312317], "cov": [[11872.1748047, 2825.70214844, -2687.44213867, 74.8335723877, 31.2807559967, -1673.08349609, -410.489257812, 47.5621643066, -133.228317261, -471.221466064, -639.652832031, -504.297271729, 348.213012695], [2825.70214844, 1587.11096191, -2.0394551754, -248.036193848, 144.367279053, -260.405334473, -300.816345215, -39.3106613159, -78.9445800781, -173.321792603, -71.9629135132, -147.676361084, -27.633348465], [-2687.44213867, -2.0394551754, 1545.09240723, -79.6491775513, 80.5096282959, 633.757629395, -75.7884597778, -122.883682251, 6.9213051796, 39.8544807434, 139.45741272, 43.4037246704, -177.443893433], [74.8335723877, -248.036193848, -79.6491775513, 482.947967529, 140.300949097, -28.6990814209, 149.443008423, -31.8719024658, -99.4475631714, 17.0709457397, -20.0178546906, -61.4562835693, -44.6795196533], [31.2807559967, 144.367279053, 80.5096282959, 140.300949097, 260.319732666, 53.7598876953, -17.3463954926, -5.01323986053, -81.6055297852, -15.5685453415, 53.9563484192, -36.9769744873, -68.893951416], [-1673.08349609, -260.405334473, 633.757629395, -28.6990814209, 53.7598876953, 443.978363037, 72.180519104, -48.6668052673, 16.5024929047, 21.1615562439, 48.0680923462, 62.3704872131, -68.3766555786], [-410.489257812, -300.816345215, -75.7884597778, 149.443008423, -17.3463954926, 72.180519104, 201.647735596, 32.5597267151, -16.381986618, 5.85424852371, -45.1983375549, 2.12848329544, 12.4085655212], [47.5621643066, -39.3106613159, -122.883682251, -31.8719024658, -5.01323986053, -48.6668052673, 32.5597267151, 118.720619202, 55.4570503235, -7.46186065674, 1.33662629128, 3.17048716545, 3.25747323036], [-133.228317261, -78.9445800781, 6.9213051796, -99.4475631714, -81.6055297852, 16.5024929047, -16.381986618, 55.4570503235, 138.521896362, 47.8354492188, -6.49779367447, 38.2938117981, 32.6832504272], [-471.221466064, -173.321792603, 39.8544807434, 17.0709457397, -15.5685453415, 21.1615562439, 5.85424852371, -7.46186065674, 47.8354492188, 129.616241455, 102.272857666, 43.7450523376, 8.72914791107], [-639.652832031, -71.9629135132, 139.45741272, -20.0178546906, 53.9563484192, 48.0680923462, -45.1983375549, 1.33662629128, -6.49779367447, 102.272857666, 201.126998901, 89.3408889771, -29.5406970978], [-504.297271729, -147.676361084, 43.4037246704, -61.4562835693, -36.9769744873, 62.3704872131, 2.12848329544, 3.17048716545, 38.2938117981, 43.7450523376, 89.3408889771, 127.978607178, 55.0487670898], [348.213012695, -27.633348465, -177.443893433, -44.6795196533, -68.893951416, -68.3766555786, 12.4085655212, 3.25747323036, 32.6832504272, 8.72914791107, -29.5406970978, 55.0487670898, 150.931442261]], "icov": [[0.00126260798424, -0.00210351566784, 0.00233716075309, -0.00238160812296, 0.00160682760179, -0.000918910955079, 0.000964991282672, 0.00221227924339, -0.00408085249364, 0.00490915495902, -0.00393944745883, 0.00507402420044, -0.00308722862974], [-0.00210351566784, 0.00547984894365, -0.00485649844632, 0.00601101526991, -0.00542641896755, 0.00520508084446, -0.0046589304693, 0.00164197874255, 0.00146556564141, -0.00143818894867, 0.00155661045574, -0.00414002221078, 0.00373529270291], [0.00233716075309, -0.00485649844632, 0.00780863082036, -0.00703118694946, 0.00678557762876, -0.00922286231071, 0.00691425567493, 0.00132673315238, -0.00556024350226, 0.00814304407686, -0.00882596895099, 0.0115378461778, -0.00606283731759], [-0.00238160812296, 0.00601101526991, -0.00703118694946, 0.0131379719824, -0.0112502016127, 0.0115655800328, -0.0138038834557, 0.00680444482714, 0.000360497098882, -0.00368237844668, 0.00387787586078, -0.00705197639763, 0.00677628209814], [0.00160682760179, -0.00542641896755, 0.00678557762876, -0.0112502016127, 0.0173283517361, -0.0150700584054, 0.0153621099889, -0.0122833177447, 0.00864080060273, -0.00205197907053, -0.00243042758666, 0.00655160006136, -0.00458648521453], [-0.000918910955079, 0.00520508084446, -0.00922286231071, 0.0115655800328, -0.0150700584054, 0.0254810899496, -0.0237018819898, 0.0212461352348, -0.0179623793811, 0.0139478920028, -0.00717059895396, -0.00204608496279, 0.00423446437344], [0.000964991282672, -0.0046589304693, 0.00691425567493, -0.0138038834557, 0.0153621099889, -0.0237018819898, 0.0435751117766, -0.0429018437862, 0.0444350242615, -0.0429287180305, 0.0409495569766, -0.0230973660946, 0.00388080370612], [0.00221227924339, 0.00164197874255, 0.00132673315238, 0.00680444482714, -0.0122833177447, 0.0212461352348, -0.0429018437862, 0.0727466568351, -0.0782523527741, 0.0808106437325, -0.0744387283921, 0.0535420291126, -0.0170800667256], [-0.00408085249364, 0.00146556564141, -0.00556024350226, 0.000360497098882, 0.00864080060273, -0.0179623793811, 0.0444350242615, -0.0782523527741, 0.10473600775, -0.107379853725, 0.0999218672514, -0.0763225257397, 0.02801964432], [0.00490915495902, -0.00143818894867, 0.00814304407686, -0.00368237844668, -0.00205197907053, 0.0139478920028, -0.0429287180305, 0.0808106437325, -0.107379853725, 0.132274761796, -0.121023237705, 0.0920502841473, -0.0375963374972], [-0.00393944745883, 0.00155661045574, -0.00882596895099, 0.00387787586078, -0.00243042758666, -0.00717059895396, 0.0409495569766, -0.0744387283921, 0.0999218672514, -0.121023237705, 0.1260445714, -0.0986625477672, 0.0400439873338], [0.00507402420044, -0.00414002221078, 0.0115378461778, -0.00705197639763, 0.00655160006136, -0.00204608496279, -0.0230973660946, 0.0535420291126, -0.0763225257397, 0.0920502841473, -0.0986625477672, 0.0956358462572, -0.0411683358252], [-0.00308722862974, 0.00373529270291, -0.00606283731759, 0.00677628209814, -0.00458648521453, 0.00423446437344, 0.00388080370612, -0.0170800667256, 0.02801964432, -0.0375963374972, 0.0400439873338, -0.0411683358252, 0.0281440615654]]}, "melbands": {"dmean": [5.5002665249e-06, 0.000113458227133, 0.000575975340325, 0.000633351912256, 0.000306359812384, 0.000236059640883, 0.000118559662951, 0.000250981101999, 0.000186550547369, 0.00026236710255, 0.000270126532996, 6.36815457256e-05, 2.75921192952e-05, 8.3636796262e-06, 6.28242196399e-06, 7.50531171434e-06, 9.77586478257e-06, 3.28043802256e-06, 4.16341708842e-06, 2.66366396318e-06, 1.57803947332e-06, 4.51636992693e-07, 1.83423281896e-07, 2.637166574e-07, 2.06448021345e-07, 3.22190665258e-08, 2.82909002891e-08, 1.41844918033e-08, 7.87327802954e-09, 5.43746292436e-09, 6.30844432248e-10, 2.51137916019e-10, 1.40469608167e-10, 1.32670596731e-10, 3.69952991852e-11, 1.89659468686e-11, 1.48199282707e-11, 1.2894710473e-11, 1.13337611865e-11, 1.00205165346e-11], "dmean2": [8.07557535154e-06, 0.000172597108758, 0.000858282204717, 0.00100060086697, 0.000466110446723, 0.000330494425725, 0.000198792942683, 0.000385697290767, 0.000261789129581, 0.000316337565891, 0.00030844003777, 9.52688496909e-05, 3.75960989913e-05, 1.18142661449e-05, 8.96317033039e-06, 1.04925802589e-05, 1.31523138407e-05, 4.4784264901e-06, 5.3070029935e-06, 3.74952242055e-06, 1.96479800252e-06, 6.05237744367e-07, 2.57384613178e-07, 3.56715048611e-07, 2.93802457918e-07, 4.50510988514e-08, 3.43149686444e-08, 1.77333880913e-08, 1.06183382087e-08, 7.81907427694e-09, 8.85386153282e-10, 3.8353681342e-10, 1.96836963395e-10, 1.86849230532e-10, 5.88081389141e-11, 3.28104592107e-11, 2.69877870052e-11, 2.35487827155e-11, 2.07692873316e-11, 1.83463435416e-11], "dvar": [3.5302896717e-10, 2.13243083635e-07, 1.02530134427e-06, 1.83434326573e-06, 5.42470388609e-07, 8.13428584934e-07, 7.548636205e-08, 1.85600939062e-07, 1.61836041457e-07, 3.34737023877e-07, 4.27866524433e-07, 9.07640895775e-08, 4.75284034351e-09, 3.38002514866e-10, 1.73201258891e-10, 1.8342558028e-10, 3.00223151894e-10, 1.03163519394e-10, 2.17898407651e-10, 4.64850831439e-11, 1.74124239333e-11, 1.39157912624e-12, 3.22361224086e-13, 5.02981066085e-13, 5.05647173438e-13, 4.90242612131e-14, 5.35307924357e-15, 2.17717515938e-15, 1.03637985695e-15, 4.35684922478e-16, 8.76553368955e-18, 9.87019720846e-19, 1.89708574363e-19, 1.91593098594e-19, 8.6924161579e-21, 7.31042020438e-22, 3.93429672112e-22, 3.02303918707e-22, 2.3276198027e-22, 1.80806237901e-22], "dvar2": [6.06426187044e-10, 4.83864198486e-07, 2.0196641799e-06, 4.8449710448e-06, 1.21228720218e-06, 1.58830096098e-06, 2.56765787299e-07, 3.67138255797e-07, 3.15160377795e-07, 5.52426570266e-07, 5.79172024118e-07, 2.03147578759e-07, 8.86168383119e-09, 6.77289446749e-10, 3.04158531694e-10, 3.4209601818e-10, 5.01771346695e-10, 2.00203686962e-10, 3.40884598327e-10, 1.03304476085e-10, 3.12227431409e-11, 2.29434548617e-12, 6.77345441021e-13, 1.01161429494e-12, 1.09428818004e-12, 1.01672664699e-13, 8.96399806189e-15, 4.46568941155e-15, 2.24281047191e-15, 9.51049546089e-16, 1.79093006773e-17, 2.46585849325e-18, 3.73132644023e-19, 3.79051715841e-19, 1.71819872732e-20, 1.89902069195e-21, 1.20314096623e-21, 9.24313447088e-22, 7.13993234285e-22, 5.55536347218e-22], "max": [0.000633335090242, 0.0115565620363, 0.0174409430474, 0.0436480157077, 0.0201623253524, 0.0286083463579, 0.00469803623855, 0.00683094235137, 0.00498942984268, 0.00706738838926, 0.010293035768, 0.00621928973123, 0.00141484162305, 0.00046897289576, 0.000510827056132, 0.000369762332411, 0.000319486629451, 0.000283954956103, 0.00068419118179, 0.000109851731395, 6.6171916842e-05, 1.90697119251e-05, 1.83349984582e-05, 1.06220704765e-05, 1.06557890831e-05, 6.2439598878e-06, 1.00666341041e-06, 1.24609562135e-06, 7.42276029086e-07, 2.43839707537e-07, 5.12922966323e-08, 2.50847325134e-08, 5.94066795756e-09, 5.86782400447e-09, 2.43780040599e-09, 4.6216552807e-10, 2.20862328426e-10, 1.95484753385e-10, 1.56653176542e-10, 1.34993724532e-10], "mean": [1.10766704893e-05, 0.00031106377719, 0.00134353467729, 0.00153535674326, 0.00092057348229, 0.00057525630109, 0.000274158956017, 0.000541354587767, 0.000457704183646, 0.000660909281578, 0.000639307079837, 0.000127078063088, 7.16152862879e-05, 2.42000987782e-05, 1.63392887771e-05, 1.92351526493e-05, 2.32220882026e-05, 8.21468074719e-06, 1.40732499858e-05, 5.9596391111e-06, 3.54043527295e-06, 1.00464558273e-06, 3.98013895619e-07, 5.19330626503e-07, 3.83576491458e-07, 6.23529743393e-08, 6.22842151188e-08, 3.19152526629e-08, 1.16033378461e-08, 6.40846575806e-09, 8.69137539716e-10, 3.64142105358e-10, 2.16637707773e-10, 2.09227787873e-10, 5.02859663631e-11, 2.16067250897e-11, 1.4590429559e-11, 1.25481309371e-11, 1.09959793007e-11, 9.80774749609e-12], "median": [1.70112161868e-06, 9.38301127462e-06, 0.000683226564433, 0.000677140895277, 0.000247835123446, 9.62249614531e-05, 0.000136223883601, 0.000258345389739, 0.000144411853398, 0.000155319241458, 0.000111683344585, 3.71787864424e-05, 3.36193661497e-05, 7.59046588428e-06, 6.94582513461e-06, 1.019274805e-05, 1.04278715298e-05, 1.1531351447e-06, 2.64978348241e-06, 2.49406048169e-06, 4.4416435685e-07, 2.90394950753e-07, 7.39653742698e-08, 4.34949711803e-08, 3.39531318616e-08, 5.62906388168e-09, 2.63870347794e-09, 2.99979485696e-09, 2.96175556302e-10, 2.42195458133e-10, 8.48724493463e-11, 6.50763123944e-11, 3.19097318013e-11, 2.1277079057e-11, 1.44729072477e-11, 1.00273157833e-11, 7.61922382825e-12, 6.51421624975e-12, 5.74065968373e-12, 5.21632476796e-12], "min": [4.18488501409e-24, 5.91029972979e-24, 8.51976640729e-24, 8.25272594682e-24, 1.80348528182e-23, 6.92867182678e-24, 5.63829496765e-24, 1.28186828429e-23, 1.45922464729e-23, 1.12818516375e-23, 1.50996496957e-23, 1.18397616798e-23, 1.52054785416e-23, 1.23773751199e-23, 8.06403436259e-24, 8.8163852074e-24, 1.08983074654e-23, 9.61882871968e-24, 1.76068389791e-23, 1.71468762734e-23, 1.02465474301e-23, 1.62294420847e-23, 1.11130559142e-23, 7.13630001703e-24, 9.09512920826e-24, 1.08143403218e-23, 9.0001779654e-24, 1.59836077831e-23, 1.21275665371e-23, 1.11792113674e-23, 1.44686714121e-23, 9.50589618135e-24, 8.85350032413e-24, 6.96258732368e-24, 5.43357688527e-24, 8.91552293508e-24, 7.68628358496e-24, 1.01961281742e-23, 1.1801909767e-23, 8.23112220207e-24], "var": [2.11058792665e-09, 9.72572252067e-07, 3.16399177791e-06, 7.01836552253e-06, 2.96635039376e-06, 3.84539089282e-06, 1.58337797984e-07, 5.85692475852e-07, 5.21863228187e-07, 1.16883768442e-06, 1.69340307821e-06, 1.68586737459e-07, 1.35506903476e-08, 1.58879553958e-09, 7.0142258668e-10, 6.14147621647e-10, 1.14955411856e-09, 4.97895003004e-10, 2.41935849132e-09, 9.6250188375e-11, 5.54362458716e-11, 5.27176479553e-12, 7.73610559293e-13, 1.31572704121e-12, 9.6688520905e-13, 1.07816221771e-13, 2.11921883579e-14, 6.78810975732e-15, 1.68649183177e-15, 5.64563500031e-16, 1.48487621893e-17, 1.06784488267e-18, 3.93465855003e-19, 4.06834205226e-19, 1.68014276459e-20, 1.08702074196e-21, 3.67862778526e-22, 2.76879146302e-22, 2.0642870516e-22, 1.60212916685e-22]}, "mfcc": {"mean": [-821.350219727, 249.937789917, -12.3574647903, -35.3322944641, -2.45383906364, -19.2762775421, -19.3098049164, -9.93103408813, -7.46999740601, -6.44782447815, -11.6675729752, -15.3328304291, -14.748216629], "cov": [[4756.29736328, 2632.546875, -1340.5279541, -59.3828468323, 261.360015869, -505.435180664, -201.224914551, -183.246688843, -155.716461182, 55.037563324, -227.241821289, -376.330047607, -229.501785278], [2632.546875, 2087.40039062, -162.577606201, -287.13394165, 155.084213257, -122.640090942, -238.266693115, -104.90007782, -92.1526489258, -70.4224395752, -106.682533264, -187.798858643, -150.882629395], [-1340.5279541, -162.577606201, 1046.85998535, -61.839717865, -73.8730163574, 341.623657227, 25.4604473114, 29.326374054, 39.2081756592, -99.7098617554, 58.9886512756, 122.979141235, 35.7429351807], [-59.3828468323, -287.13394165, -61.839717865, 379.008789062, 112.976066589, 21.8528785706, 187.168243408, 7.70505523682, -57.9415206909, 37.456363678, -2.54127907753, -4.50063562393, 25.7563228607], [261.360015869, 155.084213257, -73.8730163574, 112.976066589, 230.59967041, 53.2958831787, 35.4675598145, 30.400434494, -75.0295715332, -24.8065624237, 21.3543148041, -24.045135498, 2.61615943909], [-505.435180664, -122.640090942, 341.623657227, 21.8528785706, 53.2958831787, 233.933929443, 86.978553772, 28.9318599701, 21.2150707245, -39.5868530273, 0.366445839405, 22.9045734406, 8.4106464386], [-201.224914551, -238.266693115, 25.4604473114, 187.168243408, 35.4675598145, 86.978553772, 209.102645874, 66.3176803589, -19.3254013062, 10.8197717667, -20.8171977997, -18.3462047577, 20.647354126], [-183.246688843, -104.90007782, 29.326374054, 7.70505523682, 30.400434494, 28.9318599701, 66.3176803589, 127.13105011, 46.6150856018, -13.5303850174, 15.4932975769, 3.62542891502, -4.09064483643], [-155.716461182, -92.1526489258, 39.2081756592, -57.9415206909, -75.0295715332, 21.2150707245, -19.3254013062, 46.6150856018, 165.394210815, 64.0673904419, -24.3055038452, 4.08162355423, -22.1429328918], [55.037563324, -70.4224395752, -99.7098617554, 37.456363678, -24.8065624237, -39.5868530273, 10.8197717667, -13.5303850174, 64.0673904419, 111.513000488, 8.81734752655, -16.9511108398, 3.191375494], [-227.241821289, -106.682533264, 58.9886512756, -2.54127907753, 21.3543148041, 0.366445839405, -20.8171977997, 15.4932975769, -24.3055038452, 8.81734752655, 108.387557983, 76.9088516235, 22.4271316528], [-376.330047607, -187.798858643, 122.979141235, -4.50063562393, -24.045135498, 22.9045734406, -18.3462047577, 3.62542891502, 4.08162355423, -16.9511108398, 76.9088516235, 140.570129395, 70.5429153442], [-229.501785278, -150.882629395, 35.7429351807, 25.7563228607, 2.61615943909, 8.4106464386, 20.647354126, -4.09064483643, -22.1429328918, 3.191375494, 22.4271316528, 70.5429153442, 111.145080566]], "icov": [[326.196533203, -452.908477783, 428.324401855, -389.505615234, 339.458770752, -281.743591309, 221.642608643, -163.678848267, 111.934501648, -68.7858581543, 36.8515090942, -15.6539087296, 4.14670610428], [-452.908477783, 628.844909668, -594.715820312, 540.826965332, -471.348632812, 391.222137451, -307.780456543, 227.302734375, -155.455337524, 95.5371246338, -51.1876564026, 21.7472324371, -5.7605304718], [428.324401855, -594.715820312, 562.457214355, -511.515472412, 445.835327148, -370.08605957, 291.191192627, -215.086181641, 147.134506226, -90.4432678223, 48.4751052856, -20.604850769, 5.46073961258], [-389.505615234, 540.826965332, -511.515472412, 465.240875244, -405.552734375, 336.708770752, -265.004302979, 195.803024292, -133.998123169, 82.4031524658, -44.1939735413, 18.7986373901, -4.98520374298], [339.458770752, -471.348632812, 445.835327148, -405.552734375, 353.595794678, -293.647888184, 231.192840576, -170.899642944, 117.03012085, -72.0130004883, 38.6553192139, -16.464515686, 4.37257480621], [-281.743591309, 391.222137451, -370.08605957, 336.708770752, -293.647888184, 243.967544556, -192.176620483, 142.148529053, -97.4312744141, 60.0111694336, -32.2588768005, 13.7686758041, -3.66613197327], [221.642608643, -307.780456543, 291.191192627, -265.004302979, 231.192840576, -192.176620483, 151.503631592, -112.16178894, 76.9717636108, -47.4709510803, 25.5716724396, -10.9409894943, 2.92298913002], [-163.678848267, 227.302734375, -215.086181641, 195.803024292, -170.899642944, 142.148529053, -112.16178894, 83.141708374, -57.1461601257, 35.3045539856, -19.0683860779, 8.19148159027, -2.20140171051], [111.934501648, -155.455337524, 147.134506226, -133.998123169, 117.03012085, -97.4312744141, 76.9717636108, -57.1461601257, 39.3795700073, -24.3878116608, 13.222700119, -5.71395349503, 1.55241024494], [-68.7858581543, 95.5371246338, -90.4432678223, 82.4031524658, -72.0130004883, 60.0111694336, -47.4709510803, 35.3045539856, -24.3878116608, 15.1540937424, -8.24787807465, 3.58806347847, -0.985764443874], [36.8515090942, -51.1876564026, 48.4751052856, -44.1939735413, 38.6553192139, -32.2588768005, 25.5716724396, -19.0683860779, 13.222700119, -8.24787807465, 4.5369720459, -1.99541246891, 0.558847010136], [-15.6539087296, 21.7472324371, -20.604850769, 18.7986373901, -16.464515686, 13.7686758041, -10.9409894943, 8.19148159027, -5.71395349503, 3.58806347847, -1.99541246891, 0.905211150646, -0.264739185572], [4.14670610428, -5.7605304718, 5.46073961258, -4.98520374298, 4.37257480621, -3.66613197327, 2.92298913002, -2.20140171051, 1.55241024494, -0.985764443874, 0.558847010136, -0.264739185572, 0.0938523635268]]}, "spectral_contrast_coeffs": {"dmean": [0.0420383252203, 0.0412744507194, 0.0368816480041, 0.0331883989275, 0.0254915729165, 0.0425394847989], "dmean2": [0.0683317407966, 0.0668440833688, 0.0561085827649, 0.0518197380006, 0.039569735527, 0.0752836763859], "dvar": [0.00136588164605, 0.00132962653879, 0.00118157756515, 0.000978939700872, 0.000580268970225, 0.0014092491474], "dvar2": [0.00319770886563, 0.00319607229903, 0.00243622250855, 0.00231529539451, 0.00134934915695, 0.00392305944115], "max": [-0.193604111671, -0.35804644227, -0.364274561405, -0.52915841341, -0.546442806721, -0.611985683441], "mean": [-0.44334346056, -0.670974373817, -0.646333396435, -0.674641549587, -0.678078591824, -0.888756394386], "median": [-0.41885510087, -0.671656131744, -0.655882120132, -0.670722901821, -0.669301748276, -0.900406837463], "min": [-0.952920973301, -0.967757999897, -0.972828745842, -0.96445274353, -0.965284585953, -0.965318799019], "var": [0.0168932154775, 0.00781274866313, 0.00981718301773, 0.003127790289, 0.00491965375841, 0.00292358011939]}, "spectral_contrast_valleys": {"dmean": [0.431260883808, 0.317938834429, 0.360444903374, 0.406865030527, 0.39831802249, 0.928310632706], "dmean2": [0.720327317715, 0.514457523823, 0.56057202816, 0.631151854992, 0.626159906387, 1.67522954941], "dvar": [0.156870901585, 0.127073898911, 0.168839707971, 0.215982720256, 0.223651230335, 0.54761993885], "dvar2": [0.348200380802, 0.220256775618, 0.310747623444, 0.420810997486, 0.456895530224, 1.59473526478], "max": [-6.38106441498, -5.26991415024, -6.09703445435, -7.08299589157, -8.92889213562, -12.2595329285], "mean": [-9.44390583038, -6.98524475098, -8.03491783142, -9.74981689453, -12.086561203, -14.3939981461], "median": [-9.45547962189, -6.73046302795, -7.78920936584, -9.58554267883, -12