{"lowlevel": {"average_loudness": 0.941198170185, "barkbands_crest": {"dmean": 2.94403386116, "dmean2": 4.81501722336, "dvar": 7.78749847412, "dvar2": 20.7302589417, "max": 26.1211891174, "mean": 13.8673563004, "median": 13.1866035461, "min": 3.38217115402, "var": 18.7141666412}, "barkbands_flatness_db": {"dmean": 0.038532231003, "dmean2": 0.0543415360153, "dvar": 0.00139082723763, "dvar2": 0.00252415495925, "max": 0.563590586185, "mean": 0.211945652962, "median": 0.21150970459, "min": 0.0289035663009, "var": 0.00654093036428}, "barkbands_kurtosis": {"dmean": 18.0549106598, "dmean2": 27.8060779572, "dvar": 697.049621582, "dvar2": 1596.10913086, "max": 500.45791626, "mean": 35.271572113, "median": 26.5468025208, "min": -1.86844086647, "var": 1410.71777344}, "barkbands_skewness": {"dmean": 1.30085253716, "dmean2": 2.00402450562, "dvar": 1.97363853455, "dvar2": 4.74493169785, "max": 19.1206474304, "mean": 4.4757900238, "median": 4.35846233368, "min": -2.56033635139, "var": 4.95205307007}, "barkbands_spread": {"dmean": 7.19493722916, "dmean2": 11.4959974289, "dvar": 128.592056274, "dvar2": 297.037750244, "max": 117.264961243, "mean": 13.2028579712, "median": 7.11117935181, "min": 0.111957766116, "var": 237.833404541}, "dissonance": {"dmean": 0.015518989414, "dmean2": 0.0243570059538, "dvar": 0.000230257603107, "dvar2": 0.000518340035342, "max": 0.499999880791, "mean": 0.460390985012, "median": 0.468373179436, "min": 0.268261730671, "var": 0.000951804511715}, "dynamic_complexity": 3.57616400719, "erbbands_crest": {"dmean": 3.12410998344, "dmean2": 4.67551040649, "dvar": 9.22178840637, "dvar2": 17.8709564209, "max": 29.1223125458, "mean": 11.2276077271, "median": 9.83604240417, "min": 2.15512490273, "var": 32.7614173889}, "erbbands_flatness_db": {"dmean": 0.0248405151069, "dmean2": 0.0326477885246, "dvar": 0.000707761733793, "dvar2": 0.0010543060489, "max": 0.46397203207, "mean": 0.124827556312, "median": 0.108653143048, "min": 0.0266349110752, "var": 0.00371626764536}, "erbbands_kurtosis": {"dmean": 2.36480307579, "dmean2": 3.26311683655, "dvar": 34.9533195496, "dvar2": 56.6452217102, "max": 198.622390747, "mean": 2.65830373764, "median": -0.325124740601, "min": -1.87436187267, "var": 98.9502105713}, "erbbands_skewness": {"dmean": 0.565460145473, "dmean2": 0.772126615047, "dvar": 0.390837103128, "dvar2": 0.642673134804, "max": 10.9587612152, "mean": 1.16536438465, "median": 0.902778089046, "min": -2.19062280655, "var": 1.9043571949}, "erbbands_spread": {"dmean": 17.0854988098, "dmean2": 24.344335556, "dvar": 346.695037842, "dvar2": 694.931884766, "max": 185.759674072, "mean": 69.3619842529, "median": 69.4819259644, "min": 0.759166300297, "var": 1235.3359375}, "hfc": {"dmean": 6.92962694168, "dmean2": 9.76236534119, "dvar": 112.686431885, "dvar2": 241.304107666, "max": 119.661354065, "mean": 13.1951417923, "median": 8.51010894775, "min": 1.12834569158e-16, "var": 199.572128296}, "melbands_crest": {"dmean": 3.16465210915, "dmean2": 5.15879440308, "dvar": 7.76878166199, "dvar2": 20.887260437, "max": 34.0920562744, "mean": 18.809879303, "median": 18.7427635193, "min": 1.60370206833, "var": 23.1374530792}, "melbands_flatness_db": {"dmean": 0.0435862801969, "dmean2": 0.0615393482149, "dvar": 0.00189735996537, "dvar2": 0.00349281914532, "max": 0.705273270607, "mean": 0.316901355982, "median": 0.320094823837, "min": 0.00462229875848, "var": 0.00959609821439}, "melbands_kurtosis": {"dmean": 47.426399231, "dmean2": 74.44140625, "dvar": 3793.31689453, "dvar2": 9482.07324219, "max": 830.137329102, "mean": 107.13609314, "median": 88.049041748, "min": -1.45142614841, "var": 7870.65478516}, "melbands_skewness": {"dmean": 1.8221514225, "dmean2": 2.77318263054, "dvar": 3.61505770683, "dvar2": 8.64150238037, "max": 21.1789131165, "mean": 7.30295181274, "median": 7.07275676727, "min": -0.492591202259, "var": 10.4173269272}, "melbands_spread": {"dmean": 3.72096085548, "dmean2": 5.99202680588, "dvar": 56.1186218262, "dvar2": 127.842819214, "max": 184.731399536, "mean": 7.42937135696, "median": 3.14937806129, "min": 0.26255401969, "var": 219.475387573}, "pitch_salience": {"dmean": 0.0923726707697, "dmean2": 0.147821590304, "dvar": 0.0069877221249, "dvar2": 0.018246030435, "max": 0.90385133028, "mean": 0.474473774433, "median": 0.492600530386, "min": 0.0556178539991, "var": 0.0183852985501}, "silence_rate_20dB": {"dmean": 0, "dmean2": 0, "dvar": 0, "dvar2": 0, "max": 1, "mean": 1, "median": 1, "min": 1, "var": 0}, "silence_rate_30dB": {"dmean": 0.0926975682378, "dmean2": 0.185415744781, "dvar": 0.0841121673584, "dvar2": 0.175285771489, "max": 1, "mean": 0.902533888817, "median": 1, "min": 0, "var": 0.0879724696279}, "silence_rate_60dB": {"dmean": 0.0420140065253, "dmean2": 0.084037348628, "dvar": 0.040251608938, "dvar2": 0.0889825597405, "max": 1, "mean": 0.0946877077222, "median": 0, "min": 0, "var": 0.085726827383}, "spectral_centroid": {"dmean": 230.915008545, "dmean2": 358.713470459, "dvar": 104234.757812, "dvar2": 233998.484375, "max": 11622.7958984, "mean": 697.168945312, "median": 477.782165527, "min": 113.759346008, "var": 403889.90625}, "spectral_complexity": {"dmean": 2.88740682602, "dmean2": 4.3468208313, "dvar": 24.2842788696, "dvar2": 52.0720214844, "max": 49, "mean": 7.82685041428, "median": 6, "min": 0, "var": 42.4206581116}, "spectral_decrease": {"dmean": 6.0903251331e-09, "dmean2": 9.5115879617e-09, "dvar": 1.14585717132e-16, "dvar2": 2.9256660935e-16, "max": 1.99884431352e-18, "mean": -1.14868479173e-08, "median": -8.70858407609e-09, "min": -9.31353767442e-08, "var": 1.4484866909e-16}, "spectral_energy": {"dmean": 0.023445751518, "dmean2": 0.0364853404462, "dvar": 0.00167717516888, "dvar2": 0.0042705014348, "max": 0.354505121708, "mean": 0.0445508211851, "median": 0.0339939370751, "min": 1.02782821431e-20, "var": 0.00213926075958}, "spectral_energyband_high": {"dmean": 0.000446927908342, "dmean2": 0.000638576748315, "dvar": 5.84995575537e-07, "dvar2": 1.23471738789e-06, "max": 0.00940265506506, "mean": 0.000696521950886, "median": 0.000257024134044, "min": 7.66450449852e-21, "var": 1.07327957721e-06}, "spectral_energyband_low": {"dmean": 0.0170978009701, "dmean2": 0.028814252466, "dvar": 0.00153117149603, "dvar2": 0.00407660473138, "max": 0.341719835997, "mean": 0.0283832494169, "median": 0.0189040973783, "min": 3.99348274603e-23, "var": 0.00149799778592}, "spectral_energyband_middle_high": {"dmean": 0.000425723992521, "dmean2": 0.000663676008116, "dvar": 1.46846252846e-06, "dvar2": 3.81707695851e-06, "max": 0.0257263947278, "mean": 0.000715368892998, "median": 0.000443816010375, "min": 1.3622666054e-21, "var": 1.31623551169e-06}, "spectral_energyband_middle_low": {"dmean": 0.0100099146366, "dmean2": 0.0139992944896, "dvar": 0.000258451269474, "dvar2": 0.000520890636835, "max": 0.24176312983, "mean": 0.017291713506, "median": 0.00920273270458, "min": 2.85686872972e-22, "var": 0.000536088366061}, "spectral_entropy": {"dmean": 0.360245287418, "dmean2": 0.473557919264, "dvar": 0.146310403943, "dvar2": 0.225694984198, "max": 9.8102684021, "mean": 7.17942857742, "median": 7.34573745728, "min": 3.46395158768, "var": 0.711976766586}, "spectral_flux": {"dmean": 0.044936273247, "dmean2": 0.0708075016737, "dvar": 0.00422949949279, "dvar2": 0.00899336580187, "max": 0.534016013145, "mean": 0.0892453566194, "median": 0.0643632784486, "min": 6.70394156854e-11, "var": 0.00632406678051}, "spectral_kurtosis": {"dmean": 2.16170620918, "dmean2": 3.0597820282, "dvar": 23.3234195709, "dvar2": 44.3521995544, "max": 179.413421631, "mean": 5.29916334152, "median": 2.86883831024, "min": -1.19539225101, "var": 72.4586105347}, "spectral_rms": {"dmean": 0.00153091538232, "dmean2": 0.00222795573063, "dvar": 4.4309022087e-06, "dvar2": 1.02069889181e-05, "max": 0.0185972750187, "mean": 0.00577791268006, "median": 0.00575889041647, "min": 3.16663730827e-12, "var": 1.00800380096e-05}, "spectral_rolloff": {"dmean": 426.292999268, "dmean2": 773.135620117, "dvar": 1951428.25, "dvar2": 5094917.5, "max": 18906.1523438, "mean": 680.139099121, "median": 215.33203125, "min": 64.599609375, "var": 3851041.75}, "spectral_skewness": {"dmean": 0.295646071434, "dmean2": 0.401238977909, "dvar": 0.16703017056, "dvar2": 0.307169824839, "max": 10.5927877426, "mean": 1.75418484211, "median": 1.52045416832, "min": -0.0484201423824, "var": 0.775403499603}, "spectral_spread": {"dmean": 1188972, "dmean2": 1582944.125, "dvar": 1943836295170.0, "dvar2": 3845852758020.0, "max": 41048680, "mean": 6816185, "median": 6812346, "min": 545720.25, "var": 5687980064770.0}, "spectral_strongpeak": {"dmean": 0.270765423775, "dmean2": 0.418979972601, "dvar": 0.107578001916, "dvar2": 0.224256038666, "max": 3.86545014381, "mean": 0.627827584743, "median": 0.515067398548, "min": 0, "var": 0.251982361078}, "zerocrossingrate": {"dmean": 0.0143822897226, "dmean2": 0.0176083035767, "dvar": 0.000287535018288, "dvar2": 0.000373728049453, "max": 0.51416015625, "mean": 0.04611126706, "median": 0.03271484375, "min": 0.0029296875, "var": 0.00259998720139}, "barkbands": {"dmean": [0.000212643077248, 0.0126120401546, 0.00500484136865, 0.00386327505112, 0.00692267809063, 0.000359789642971, 0.000182315532584, 4.77408211736e-05, 6.49340872769e-05, 5.33806050953e-05, 5.39952379768e-05, 5.80005798838e-05, 5.5712494941e-05, 4.09334643336e-05, 6.2749175413e-05, 4.64536169602e-05, 4.68577673018e-05, 3.11737057928e-05, 5.88839902775e-05, 5.13139602845e-05, 6.98003714206e-05, 4.98288027302e-05, 6.72926980769e-05, 5.99751110713e-05, 9.84736325336e-05, 8.52979283081e-05, 3.69792251149e-05], "dmean2": [0.000364575185813, 0.0217149872333, 0.00850930064917, 0.00632873363793, 0.00934760738164, 0.000559880863875, 0.000312587944791, 7.57350790082e-05, 0.000107149549876, 8.87366622919e-05, 8.31364814076e-05, 9.4195616839e-05, 9.69369939412e-05, 6.57027849229e-05, 0.000105031205749, 7.45524375816e-05, 7.69558391767e-05, 5.05651005369e-05, 9.56987714744e-05, 8.32584337331e-05, 0.000103847174614, 7.642757555e-05, 0.000100555342215, 8.72735472512e-05, 0.000146444450365, 0.000128727115225, 5.41288172826e-05], "dvar": [2.70494695087e-07, 0.00110362377018, 0.000100860081147, 4.41062329628e-05, 0.000142215867527, 4.28398323038e-07, 5.37647224519e-07, 1.02640456134e-08, 2.62259796102e-08, 1.25627197534e-08, 8.79697736877e-09, 8.62400924007e-08, 1.14104899751e-07, 1.32767254968e-08, 4.86711080327e-08, 1.51070072008e-08, 1.58726418675e-08, 4.91196949781e-09, 1.65302260768e-08, 1.55089399101e-08, 1.50317287506e-08, 7.74558284178e-09, 1.2933461413e-08, 1.15235909703e-08, 3.65055328189e-08, 3.02683993425e-08, 5.63652990948e-09], "dvar2": [7.67661390455e-07, 0.00303131877445, 0.000274254038231, 0.000117469120596, 0.00026456915657, 1.00714476048e-06, 1.44729108342e-06, 2.46488731648e-08, 6.59317507257e-08, 3.37547128026e-08, 2.05330454861e-08, 2.15524408986e-07, 3.31199515813e-07, 3.23160129767e-08, 1.37917112397e-07, 3.85441225603e-08, 4.16251282331e-08, 1.27836381481e-08, 4.29344453323e-08, 4.15292298328e-08, 3.3846180969e-08, 1.81346369033e-08, 2.88794623771e-08, 2.42574706988e-08, 8.4679243173e-08, 7.08830398821e-08, 1.27073063183e-08], "max": [0.00641312263906, 0.32483497262, 0.112298622727, 0.0809781253338, 0.197288557887, 0.0111668314785, 0.0103239146993, 0.00191205914598, 0.00189685972873, 0.00142618780956, 0.00142444111407, 0.0056263320148, 0.0102361943573, 0.00196778541431, 0.00400583911687, 0.0041368980892, 0.00219208886847, 0.00103355722968, 0.00159703812096, 0.00163247797173, 0.00186228903476, 0.000991828390397, 0.00131275726017, 0.00169664027635, 0.00212674681097, 0.00316618918441, 0.0018835576484], "mean": [0.000243232469074, 0.0166875720024, 0.00894240103662, 0.00538662308827, 0.0108728967607, 0.000680391909555, 0.000150119667524, 7.08574225428e-05, 7.73826832301e-05, 9.46455984376e-05, 9.022665472e-05, 7.86510208854e-05, 4.85443160869e-05, 4.56640773336e-05, 8.98372527445e-05, 6.37092525722e-05, 6.22392617515e-05, 4.45986443083e-05, 8.84053224581e-05, 7.86379969213e-05, 0.000127462204546, 8.05593226687e-05, 9.57081501838e-05, 9.24743508222e-05, 0.000121441837109, 9.5077775768e-05, 4.1531300667e-05], "median": [3.9486316382e-05, 0.00724593736231, 0.00478011602536, 0.00262189330533, 0.00440863147378, 0.00032110180473, 2.27952041314e-05, 2.96084472211e-05, 2.67031682597e-05, 4.49565595773e-05, 4.54199835076e-05, 2.40201479755e-05, 1.23745157907e-05, 1.46515994857e-05, 4.27978520747e-05, 2.39343680732e-05, 2.79570231214e-05, 2.17050765059e-05, 3.46262822859e-05, 2.28678545682e-05, 4.7266286856e-05, 2.88417577394e-05, 3.37309102179e-05, 2.93471821351e-05, 3.40542319464e-05, 2.24252380576e-05, 9.08962192625e-06], "min": [8.23350929516e-24, 1.01361179474e-23, 2.65930079581e-24, 2.49732477501e-24, 2.79286958044e-23, 2.36783037807e-23, 7.05181506512e-23, 4.61001887977e-23, 4.36954062815e-23, 1.90324463189e-23, 3.85504523022e-23, 3.80045290014e-23, 1.88731342814e-23, 7.33909422543e-23, 1.02662680061e-22, 1.21787691318e-22, 1.48082141851e-22, 1.27021474191e-22, 2.33780936124e-22, 2.40696456851e-22, 3.51615449809e-22, 5.66251072552e-22, 5.2557563723e-22, 6.03057025226e-22, 1.00493447624e-21, 1.52927641075e-21, 2.36865935098e-21], "var": [3.07688992507e-07, 0.000922037172131, 0.000127924213302, 6.06237481406e-05, 0.000312824937282, 9.21512821606e-07, 3.77590737344e-07, 1.350657719e-08, 2.50683171998e-08, 1.89008861895e-08, 1.63376512319e-08, 7.33114404738e-08, 6.48707398909e-08, 1.21851435608e-08, 3.54716931383e-08, 1.63107642948e-08, 1.50730556925e-08, 5.24860954698e-09, 2.06438315331e-08, 1.96553315845e-08, 3.73516080288e-08, 1.4169879492e-08, 2.09208526059e-08, 2.30007746183e-08, 4.67843292995e-08, 3.59486236334e-08, 6.98631330565e-09]}, "erbbands": {"dmean": [0.268690139055, 3.14253902435, 6.16405057907, 8.47086906433, 30.9986877441, 11.647143364, 4.27850389481, 2.36590576172, 2.2089574337, 2.22900533676, 1.12620198727, 1.39608430862, 1.97348916531, 1.53274476528, 2.02591586113, 2.52443289757, 2.77018284798, 2.08033752441, 2.55843901634, 3.20507502556, 2.60123205185, 2.35562467575, 1.85713255405, 2.54275107384, 2.89256310463, 2.4351811409, 3.0994579792, 2.28235077858, 1.73554551601, 1.82545912266, 2.05801892281, 1.33120989799, 0.982652544975, 0.78147059679, 0.837236106396, 0.446128249168, 0.14955560863, 0.0402191802859, 0.00550884380937, 0.000429183623055], "dmean2": [0.459499210119, 5.4273815155, 10.3990621567, 13.9197902679, 43.0289878845, 16.4433288574, 6.43841409683, 3.72676873207, 3.65218353271, 3.82896304131, 1.80137515068, 2.28706693649, 3.26522064209, 2.46273899078, 3.15005922318, 4.02590894699, 4.79588603973, 3.29002761841, 4.23672294617, 5.16686534882, 4.27532196045, 3.87156105042, 2.96252775192, 4.15822315216, 4.69294834137, 3.9296040535, 4.62374210358, 3.50894069672, 2.68661379814, 2.71027302742, 3.10251569748, 1.97541165352, 1.42535984516, 1.12990820408, 1.28485989571, 0.693876683712, 0.226166039705, 0.0603797547519, 0.00801871158183, 0.000629052112345], "dvar": [0.515890836716, 67.4425888062, 167.614212036, 187.049057007, 3042.40820312, 343.817596436, 56.1481513977, 25.554479599, 54.2763252258, 79.7068634033, 5.8305439949, 12.239358902, 21.998468399, 7.6565618515, 17.2362651825, 168.600021362, 324.608184814, 34.1134910583, 63.3802452087, 79.9227371216, 52.8278579712, 39.649936676, 17.1445941925, 31.422296524, 35.7856178284, 36.3382492065, 31.2619934082, 17.8484325409, 9.66564464569, 9.20125770569, 12.7387857437, 5.65791463852, 3.2417883873, 2.18555140495, 3.09869265556, 0.806051373482, 0.11149816215, 0.00803982838988, 0.000127735940623, 6.6496704676e-07], "dvar2": [1.42805314064, 185.319595337, 445.378753662, 494.914123535, 5999.36083984, 724.679260254, 122.147872925, 61.2423019409, 143.469497681, 212.475585938, 14.2200698853, 30.3912467957, 58.1856575012, 19.6164932251, 42.2001571655, 419.909393311, 932.619689941, 83.0317153931, 173.205856323, 214.224655151, 142.220718384, 102.722984314, 44.075012207, 82.6383056641, 92.483253479, 95.9835128784, 70.0497894287, 43.497467041, 22.8171024323, 19.506280899, 29.2580356598, 11.8422451019, 6.9662694931, 4.46248579025, 7.52955818176, 1.9436300993, 0.266005039215, 0.0186921302229, 0.000290021998808, 1.49373647673e-06], "max": [7.77902364731, 75.5534057617, 134.005218506, 173.122299194, 883.696838379, 259.085632324, 177.795333862, 97.0598373413, 112.06212616, 115.505859375, 37.5491828918, 48.0477790833, 60.4916419983, 51.4156723022, 63.4198265076, 280.191833496, 554.169250488, 85.7760238647, 130.7787323, 169.335327148, 183.444351196, 97.5589904785, 63.2040367126, 65.536819458, 70.9216995239, 83.6121139526, 90.845993042, 53.9310798645, 36.3490905762, 33.8054275513, 43.9929389954, 34.1399612427, 26.5018577576, 21.2071819305, 19.7165489197, 10.5285730362, 6.31128883362, 1.94695484638, 0.271037071943, 0.0206379964948], "mean": [0.341122359037, 4.20736646652, 11.1278829575, 14.6030282974, 45.9579277039, 19.3024616241, 8.63638687134, 3.78640389442, 2.24485564232, 1.85770428181, 1.77061986923, 1.78883194923, 3.22883224487, 2.59996700287, 3.39571452141, 3.68470001221, 2.49923205376, 2.365036726, 3.20413088799, 5.07867193222, 3.47188448906, 3.12668728828, 2.79988360405, 3.80132603645, 4.42836856842, 3.81358194351, 5.64398860931, 3.80602407455, 2.79708766937, 2.89796471596, 2.83774876595, 2.08451509476, 1.43410909176, 1.10681080818, 0.966445207596, 0.488090872765, 0.164873614907, 0.0433282628655, 0.00625848025084, 0.00051393994363], "median": [0.096537142992, 1.88489842415, 5.90917873383, 9.02022266388, 17.7355175018, 9.42775249481, 4.18291282654, 1.69592273235, 0.587094187737, 0.242300719023, 0.831221938133, 0.751421511173, 1.42239379883, 1.4881169796, 1.76004886627, 1.26261615753, 0.710834681988, 0.80991345644, 1.34924530983, 2.46479892731, 1.56604015827, 1.37421441078, 1.45360577106, 1.61922740936, 1.658015728, 1.14548373222, 1.90150904655, 1.45675444603, 1.0049226284, 1.11045861244, 0.949189722538, 0.640496015549, 0.476127386093, 0.363906264305, 0.232900053263, 0.11046756804, 0.0369765609503, 0.00931657291949, 0.00142489594873, 0.000143196404679], "min": [2.79679438432e-22, 3.44276690692e-21, 2.64541588936e-21, 6.02878876453e-21, 3.15834780032e-20, 6.78862281961e-20, 1.45344021754e-19, 1.80449489403e-19, 7.54892006352e-19, 8.97072721423e-19, 1.2166788699e-18, 8.80343613919e-19, 1.41692668169e-18, 8.52686209753e-19, 1.58740540062e-18, 1.44928960617e-18, 1.11851631263e-18, 3.00271732236e-18, 4.23025624652e-18, 7.64561799412e-18, 7.20339979402e-18, 7.71939340577e-18, 6.23791292869e-18, 1.29325288172e-17, 1.20938719008e-17, 1.36084412568e-17, 1.50467230535e-17, 1.50864211055e-17, 1.80878227971e-17, 1.83785966347e-17, 1.53052980587e-17, 1.39458234132e-17, 1.11102300754e-17, 1.0155455199e-17, 7.81780225607e-18, 5.11019154341e-18, 2.87319469371e-18, 1.24564084129e-18, 3.29658098978e-19, 3.40845425957e-20], "var": [0.462303191423, 55.395324707, 202.83644104, 319.460479736, 5992.68505859, 732.32232666, 154.916229248, 37.3935127258, 44.0626068115, 57.1182289124, 7.40030097961, 11.7614383698, 27.8323764801, 11.494512558, 25.5024013519, 147.494949341, 187.955307007, 31.4442024231, 50.4839019775, 79.9662857056, 46.5067825317, 38.5860671997, 19.2902889252, 37.5536003113, 50.4126091003, 46.4002799988, 79.6351394653, 32.3550491333, 17.2097148895, 18.172252655, 19.2656364441, 12.0992164612, 5.53262901306, 3.67628955841, 3.46209526062, 0.91193562746, 0.122372016311, 0.00883348658681, 0.000158169190399, 8.55579344261e-07]}, "gfcc": {"mean": [-49.7905769348, 69.0843734741, -49.4084243774, 48.7042694092, -31.0657539368, 16.8388614655, -32.4575767517, -3.06676840782, -34.7579116821, -10.5108032227, -26.1145210266, -2.25319266319, -6.48448991776], "cov": [[18296.4394531, -1242.58239746, 106.808921814, 743.276916504, -408.433044434, 430.758270264, -89.3702468872, 328.912567139, -176.28742981, 124.437034607, -326.683868408, 53.1137237549, -120.51839447], [-1242.58239746, 1778.65393066, -163.689727783, -50.7421379089, 263.587005615, -75.2511978149, 1.89760303497, -149.072036743, 1.13858520985, -189.86831665, 23.6284236908, -61.6177253723, 113.808853149], [106.808921814, -163.689727783, 676.499084473, 40.6323432922, 179.425643921, 176.553497314, 121.442909241, 99.5730209351, 66.1410522461, 82.9726638794, 2.115493536, 34.6742668152, -6.93203115463], [743.276916504, -50.7421379089, 40.6323432922, 356.757659912, 36.630771637, 81.8942947388, 66.9475631714, 63.4694061279, 26.5564193726, 33.8280563354, 38.5717735291, 15.9870214462, 1.25256967545], [-408.433044434, 263.587005615, 179.425643921, 36.630771637, 270.477783203, 98.6404876709, 55.6226844788, 24.6066951752, 41.432888031, -3.67147254944, 16.3894691467, 28.2064037323, 39.692024231], [430.758270264, -75.2511978149, 176.553497314, 81.8942947388, 98.6404876709, 199.326416016, 93.4234848022, 84.3780136108, 40.9524307251, 38.5916252136, -1.01132798195, 37.4526824951, 17.6919803619], [-89.3702468872, 1.89760303497, 121.442909241, 66.9475631714, 55.6226844788, 93.4234848022, 150.295501709, 98.720489502, 58.1686897278, 41.4536437988, 21.9990901947, 14.0396442413, 6.57517719269], [328.912567139, -149.072036743, 99.5730209351, 63.4694061279, 24.6066951752, 84.3780136108, 98.720489502, 172.165496826, 91.7345733643, 64.9123153687, 12.1804637909, 27.8256015778, -4.70903921127], [-176.28742981, 1.13858520985, 66.1410522461, 26.5564193726, 41.432888031, 40.9524307251, 58.1686897278, 91.7345733643, 126.649635315, 64.800743103, 32.0976791382, 16.175699234, -1.04780030251], [124.437034607, -189.86831665, 82.9726638794, 33.8280563354, -3.67147254944, 38.5916252136, 41.4536437988, 64.9123153687, 64.800743103, 111.055839539, 48.3839035034, 25.261548996, -19.3963451385], [-326.683868408, 23.6284236908, 2.115493536, 38.5717735291, 16.3894691467, -1.01132798195, 21.9990901947, 12.1804637909, 32.0976791382, 48.3839035034, 90.6941146851, 35.1282463074, 4.77394151688], [53.1137237549, -61.6177253723, 34.6742668152, 15.9870214462, 28.2064037323, 37.4526824951, 14.0396442413, 27.8256015778, 16.175699234, 25.261548996, 35.1282463074, 75.984954834, 23.0248260498], [-120.51839447, 113.808853149, -6.93203115463, 1.25256967545, 39.692024231, 17.6919803619, 6.57517719269, -4.70903921127, -1.04780030251, -19.3963451385, 4.77394151688, 23.0248260498, 59.0567131042]], "icov": [[9.13732801564e-05, -6.56655683997e-05, -3.21415495819e-06, -0.000213310937397, 0.00019107053231, -0.00022061803611, 0.000323847256368, -0.000295625854051, 0.000330036651576, -0.000357876589987, 0.000509741716087, -0.000208986079087, 0.000123793259263], [-6.56655683997e-05, 0.00128170312382, 0.000253251637332, 0.000270488642855, -0.00124402425718, 0.00049566529924, -0.000913826574106, 0.00113493250683, -0.00149001553655, 0.00247176643461, -0.00173037406057, 0.00160310114734, -0.00139989517629], [-3.21415495819e-06, 0.000253251637332, 0.0024971512612, 0.000284926529275, -0.00165829155594, -0.000854191661347, -0.00109354883898, 0.000375022820663, 0.000198627094505, -0.00144183344673, 0.000960644625593, -0.000147376311361, 0.000824333692435], [-0.000213310937397, 0.000270488642855, 0.000284926529275, 0.00396354822442, -0.000643807754386, -0.000891032221261, -0.00112695887219, -0.000279033120023, -6.20985083515e-05, 0.00128013826907, -0.00338117941283, 0.00158288993407, -0.000128800558741], [0.00019107053231, -0.00124402425718, -0.00165829155594, -0.000643807754386, 0.00770218949765, -0.00299513502978, 0.00113973638508, -1.84205910045e-05, -0.00097196927527, 0.000598048442043, 0.000359019875759, -0.00169457984157, -0.00099060323555], [-0.00022061803611, 0.00049566529924, -0.000854191661347, -0.000891032221261, -0.00299513502978, 0.011635444127, -0.00484970211983, -0.000153785105795, 0.000132517219754, -0.00142544892151, 0.00333562586457, -0.00303232832812, -0.00198499602266], [0.000323847256368, -0.000913826574106, -0.00109354883898, -0.00112695887219, 0.00113973638508, -0.00484970211983, 0.0158806145191, -0.00817679800093, 0.00183098274283, -0.00107019522693, -0.00232916837558, 0.00306342099793, -0.00074086303357], [-0.000295625854051, 0.00113493250683, 0.000375022820663, -0.000279033120023, -1.84205910045e-05, -0.000153785105795, -0.00817679800093, 0.0175391156226, -0.00992399733514, 0.000282119814074, 0.00301614613272, -0.00337708438747, 0.000616276171058], [0.000330036651576, -0.00149001553655, 0.000198627094505, -6.20985083515e-05, -0.00097196927527, 0.000132517219754, 0.00183098274283, -0.00992399733514, 0.0197674985975, -0.0101018678397, 0.000693771697115, 0.000968879088759, -0.000212959581404], [-0.000357876589987, 0.00247176643461, -0.00144183344673, 0.00128013826907, 0.000598048442043, -0.00142544892151, -0.00107019522693, 0.000282119814074, -0.0101018678397, 0.0274668764323, -0.0142758591101, 0.00168025004677, 0.00381744094193], [0.000509741716087, -0.00173037406057, 0.000960644625593, -0.00338117941283, 0.000359019875759, 0.00333562586457, -0.00232916837558, 0.00301614613272, 0.000693771697115, -0.0142758591101, 0.0269081760198, -0.0123153170571, 0.00176848168485], [-0.000208986079087, 0.00160310114734, -0.000147376311361, 0.00158288993407, -0.00169457984157, -0.00303232832812, 0.00306342099793, -0.00337708438747, 0.000968879088759, 0.00168025004677, -0.0123153170571, 0.0252136737108, -0.0103953666985], [0.000123793259263, -0.00139989517629, 0.000824333692435, -0.000128800558741, -0.00099060323555, -0.00198499602266, -0.00074086303357, 0.000616276171058, -0.000212959581404, 0.00381744094193, 0.00176848168485, -0.0103953666985, 0.0265347734094]]}, "melbands": {"dmean": [0.00301600666717, 0.00360058364458, 0.00205998914316, 0.00172804784961, 0.000150089996168, 5.46757146367e-05, 3.57126409654e-05, 2.07656612474e-05, 8.82913809619e-06, 9.36967262533e-06, 9.79506694421e-06, 6.09324615652e-06, 7.67504388932e-06, 5.77725995754e-06, 6.91637160344e-06, 5.32413696419e-06, 3.81459881282e-06, 3.88386797567e-06, 4.88107662022e-06, 3.73418765776e-06, 3.12657903123e-06, 2.616251777e-06, 2.15626664613e-06, 1.49194727328e-06, 2.21728646466e-06, 2.30006935453e-06, 1.91159392671e-06, 1.63597064784e-06, 1.95756410903e-06, 1.89676882201e-06, 1.24101143228e-06, 9.86521968116e-07, 1.07016273887e-06, 1.03819729702e-06, 1.27879081901e-06, 9.35042351102e-07, 8.24016012757e-07, 7.01791407209e-07, 6.49039520795e-07, 6.78756691741e-07], "dmean2": [0.00519751990214, 0.00607381341979, 0.00315423961729, 0.0023669055663, 0.000231337893638, 8.59709252836e-05, 5.91085881751e-05, 3.51402377419e-05, 1.41913387779e-05, 1.54359277076e-05, 1.62715314218e-05, 9.91003253148e-06, 1.17331655929e-05, 9.3455755632e-06, 1.16830669867e-05, 9.13571329875e-06, 6.07501033301e-06, 6.44052624921e-06, 8.29543114378e-06, 5.82942675464e-06, 5.27600741407e-06, 4.33270724898e-06, 3.49359515894e-06, 2.35995344156e-06, 3.67459006156e-06, 3.77981473321e-06, 3.10244672619e-06, 2.68591497843e-06, 2.97772044178e-06, 2.88114233626e-06, 1.98389921024e-06, 1.58212560564e-06, 1.64339553521e-06, 1.57146632773e-06, 1.96454811885e-06, 1.40357997225e-06, 1.23976883515e-06, 1.03135164409e-06, 9.50469257077e-07, 9.97265374281e-07], "dvar": [6.59366487525e-05, 6.5423133492e-05, 1.01986261143e-05, 8.87612350198e-06, 6.28659719837e-08, 1.22727819019e-08, 1.5877667181e-08, 6.16397111131e-09, 3.41538963777e-10, 5.71047875653e-10, 5.4181598097e-10, 1.26096008635e-10, 1.82198631182e-10, 5.06044983695e-10, 2.5739983478e-09, 7.0107492034e-10, 1.15205192608e-10, 1.21900600725e-10, 3.82744891336e-10, 7.98978175287e-11, 8.7148128991e-11, 5.59916002452e-11, 2.36980296497e-11, 9.62900592594e-12, 2.41210922763e-11, 2.68811240628e-11, 1.55982119582e-11, 1.77298939419e-11, 1.37006760104e-11, 1.1274578493e-11, 5.75533761274e-12, 3.35367671134e-12, 3.2784584509e-12, 3.00702496757e-12, 5.0010568603e-12, 2.95523436451e-12, 2.30273178997e-12, 1.75284548161e-12, 1.33088451284e-12, 1.86224798603e-12], "dvar2": [0.000182611256605, 0.000174204033101, 2.42440455622e-05, 1.69120885403e-05, 1.42886051435e-07, 2.96332416383e-08, 4.18792502899e-08, 1.61636801721e-08, 8.47436731899e-10, 1.42740974596e-09, 1.4382695035e-09, 3.29229393747e-10, 4.26414709098e-10, 1.2231266e-09, 7.07173963832e-09, 2.00333261091e-09, 2.77079165167e-10, 3.27159938029e-10, 1.08797104659e-09, 1.95375285394e-10, 2.41813707946e-10, 1.48535184152e-10, 6.03634642271e-11, 2.37313155238e-11, 6.40920511108e-11, 7.05707436932e-11, 4.05111014179e-11, 4.76092811008e-11, 3.20002947751e-11, 2.61647023492e-11, 1.46599468676e-11, 8.35606930871e-12, 7.43525900571e-12, 6.51054253911e-12, 1.17804958497e-11, 6.39133190816e-12, 4.9309393374e-12, 3.79895767622e-12, 2.87722016351e-12, 3.83995873293e-12], "max": [0.0838194563985, 0.0642057061195, 0.0375470742583, 0.0484523326159, 0.00520245917141, 0.00200829398818, 0.00186277448665, 0.00102807639632, 0.000288678827928, 0.000309400609694, 0.00030236254679, 0.000207340199267, 0.000196629625862, 0.000404304475524, 0.00128847907763, 0.000807982753031, 0.000179680166184, 0.000169554186868, 0.000369356770534, 0.000313419935992, 0.000178101327037, 0.000131043459987, 9.40708050621e-05, 4.60446935904e-05, 6.24223903287e-05, 7.02012548572e-05, 5.14951825608e-05, 5.85971320106e-05, 5.55847145733e-05, 5.38914646313e-05, 2.80249150819e-05, 2.22622220463e-05, 1.96270229935e-05, 1.94483727682e-05, 2.74517933576e-05, 2.31575013458e-05, 2.14626088564e-05, 2.07994689845e-05, 1.68177539308e-05, 2.007736839e-05], "mean": [0.00390710588545, 0.00593833206221, 0.00350310071371, 0.00268747191876, 0.000288040842861, 9.18782607187e-05, 3.39838479704e-05, 1.83934498637e-05, 1.40053953146e-05, 1.15390621431e-05, 1.59069586516e-05, 9.85975384538e-06, 1.29342388391e-05, 8.68263578013e-06, 7.34921286494e-06, 4.79266054754e-06, 4.34491585111e-06, 4.65868833999e-06, 6.42873965262e-06, 6.14564396528e-06, 3.7139923279e-06, 3.16333353112e-06, 3.14469798468e-06, 2.22545418183e-06, 3.14943508783e-06, 3.12599240715e-06, 2.98608392768e-06, 2.34837011703e-06, 3.35446202371e-06, 3.26302711073e-06, 1.89061483979e-06, 1.49361028434e-06, 1.64049845353e-06, 1.570958716e-06, 1.67842176779e-06, 1.38872655953e-06, 1.23087181692e-06, 9.9636736195e-07, 9.17311751891e-07, 9.3433419579e-07], "median": [0.00152246630751, 0.00372413126752, 0.00211223913357, 0.00107473926619, 0.000147629325511, 4.25275138696e-05, 7.18920364307e-06, 2.94879100693e-06, 7.04930062057e-06, 4.6252816901e-06, 6.97392306392e-06, 5.32257854502e-06, 6.61470130581e-06, 2.97427141049e-06, 2.27706641454e-06, 1.2759285255e-06, 1.46161619341e-06, 1.78642733317e-06, 2.91801825369e-06, 3.16237219522e-06, 1.46665479406e-06, 1.27526504912e-06, 1.46645697896e-06, 1.14782869787e-06, 1.20768322631e-06, 1.15149805424e-06, 9.14981342248e-07, 6.74460466144e-07, 1.08856852421e-06, 1.14031831799e-06, 7.19230513369e-07, 5.12567908117e-07, 5.73661168346e-07, 6.0371564814e-07, 5.43135229236e-07, 4.72657632145e-07, 3.31745468429e-07, 3.14673258117e-07, 3.15121326366e-07, 2.92879803965e-07], "min": [3.70305626736e-24, 2.67887223766e-24, 1.52781176426e-24, 3.44009264005e-24, 4.89485036246e-24, 3.78476845208e-24, 1.36193443185e-23, 9.32094774212e-24, 1.08259263219e-23, 5.04338419344e-24, 6.80722037953e-24, 2.86344320694e-24, 5.69428673698e-24, 3.47666541491e-24, 2.59608345502e-24, 3.35894015215e-24, 5.38124069738e-24, 6.13119971592e-24, 1.02661798114e-23, 8.11616071349e-24, 8.73339467358e-24, 8.67987519433e-24, 5.74136911124e-24, 6.85321018145e-24, 1.0075351203e-23, 8.5148991355e-24, 7.48393760733e-24, 9.41354107974e-24, 7.52763182401e-24, 9.34018963732e-24, 7.67610017954e-24, 1.08726994627e-23, 9.40225248018e-24, 9.89141092801e-24, 8.27234255095e-24, 8.43949586587e-24, 6.32863582327e-24, 7.74037262179e-24, 6.3319234011e-24, 9.1553319171e-24], "var": [5.52094861632e-05, 6.61607409711e-05, 1.76708363142e-05, 1.90300925169e-05, 1.53724101892e-07, 1.91100060221e-08, 1.25245041005e-08, 4.65496796664e-09, 4.24555279821e-10, 5.34686683817e-10, 6.81672440717e-10, 1.89159604647e-10, 3.31524807606e-10, 5.08061537285e-10, 1.66678781888e-09, 4.20626533604e-10, 1.07696192242e-10, 1.03297481679e-10, 2.56208138039e-10, 1.07005036776e-10, 6.81328951591e-11, 4.73604419571e-11, 3.0032129561e-11, 1.14453715602e-11, 2.8350578829e-11, 3.02096507532e-11, 2.5985085611e-11, 1.9730762163e-11, 3.0178724103e-11, 2.57656552344e-11, 8.58950497534e-12, 5.21901315567e-12, 6.1919978693e-12, 5.48513057891e-12, 7.01729082828e-12, 5.00263979547e-12, 4.76038089156e-12, 2.89846662296e-12, 2.19036312525e-12, 2.99972004701e-12]}, "mfcc": {"mean": [-710.929931641, 107.340499878, 42.1435432434, 43.083732605, 25.5489559174, 22.1038017273, 12.5891866684, 8.3620929718, 4.11726903915, -3.65794754028, -13.6550064087, -11.5972719193, -7.44649600983], "cov": [[10185.3613281, -740.582275391, 280.913421631, 351.182891846, -45.2634963989, 109.221694946, 43.2501754761, 101.323539734, 89.5744476318, 169.879821777, 60.5131492615, 160.194015503, 144.005828857], [-740.582275391, 1399.85266113, -84.2948226929, 8.94759368896, 202.900772095, 95.7766723633, 47.5713195801, 71.6573944092, 56.6762237549, -67.3190917969, -85.5565032959, -88.091583252, -76.7622680664], [280.913421631, -84.2948226929, 415.070007324, 67.9689407349, 64.9834899902, 88.9527893066, 78.5191574097, 53.862903595, 63.2235679626, 76.7145690918, 51.5785369873, 52.4861526489, 26.5327548981], [351.182891846, 8.94759368896, 67.9689407349, 235.02973938, 60.7334442139, 54.5495185852, 55.2568130493, 48.1077156067, 15.7146205902, 38.4750328064, 14.1335029602, 19.0595779419, 29.7031745911], [-45.2634963989, 202.900772095, 64.9834899902, 60.7334442139, 196.840759277, 96.1432113647, 45.6046295166, 58.6241111755, 39.2794761658, 7.73631334305, -5.54569816589, 3.5624101162, 13.7792339325], [109.221694946, 95.7766723633, 88.9527893066, 54.5495185852, 96.1432113647, 149.828063965, 77.7694625854, 51.8430633545, 34.3552970886, 13.4051828384, 5.98717021942, 14.5695180893, 14.7851037979], [43.2501754761, 47.5713195801, 78.5191574097, 55.2568130493, 45.6046295166, 77.7694625854, 123.622779846, 58.7830924988, 37.9737472534, 28.3840579987, 8.10235309601, 18.0866565704, 16.5108890533], [101.323539734, 71.6573944092, 53.862903595, 48.1077156067, 58.6241111755, 51.8430633545, 58.7830924988, 132.257446289, 78.0555953979, 46.0666389465, 24.3244075775, 25.6757278442, 30.4027252197], [89.5744476318, 56.6762237549, 63.2235679626, 15.7146205902, 39.2794761658, 34.3552970886, 37.9737472534, 78.0555953979, 114.548614502, 69.8944473267, 31.4756240845, 21.5700569153, 11.4295816422], [169.879821777, -67.3190917969, 76.7145690918, 38.4750328064, 7.73631334305, 13.4051828384, 28.3840579987, 46.0666389465, 69.8944473267, 125.340934753, 67.7776260376, 36.3278923035, 24.6184406281], [60.5131492615, -85.5565032959, 51.5785369873, 14.1335029602, -5.54569816589, 5.98717021942, 8.10235309601, 24.3244075775, 31.4756240845, 67.7776260376, 98.9175796509, 52.6556472778, 30.0136947632], [160.194015503, -88.091583252, 52.4861526489, 19.0595779419, 3.5624101162, 14.5695180893, 18.0866565704, 25.6757278442, 21.5700569153, 36.3278923035, 52.6556472778, 103.713661194, 57.590587616], [144.005828857, -76.7622680664, 26.5327548981, 29.7031745911, 13.7792339325, 14.7851037979, 16.5108890533, 30.4027252197, 11.4295816422, 24.6184406281, 30.0136947632, 57.590587616, 82.0349273682]], "icov": [[0.000113257461635, 4.98615409015e-05, -2.86407903332e-05, -0.000162170952535, 0.000104237988126, -0.000140254851431, 0.000147738857777, -3.08392955048e-05, -6.39311328996e-05, -9.27176588448e-05, 0.00017773277068, -0.000108909553092, -4.65491793875e-05], [4.98615409015e-05, 0.00104403530713, 0.000311626208713, -2.25601161219e-05, -0.000933673232794, -0.00012972469267, -0.000123197198263, -0.000279174942989, -0.000631705741398, 0.000513652921654, 0.000262446672423, 0.000150161344209, 0.000837679370306], [-2.86407903332e-05, 0.000311626208713, 0.0033640738111, -0.000198813766474, -0.00064336520154, -0.00107425928582, -0.00100738776382, 0.000478983973153, -0.00066160626011, -0.00090998847736, -0.000356727774488, -0.000937252130825, 0.000806478376035], [-0.000162170952535, -2.25601161219e-05, -0.000198813766474, 0.00575945107266, -0.00125418975949, -0.000203504649107, -0.0014237742871, -0.00128793856129, 0.00247303606011, -0.00210570194758, 0.000447664759122, 0.000416371563915, -0.000915021169931], [0.000104237988126, -0.000933673232794, -0.00064336520154, -0.00125418975949, 0.00931280013174, -0.00484362849966, 0.00184576946776, -0.00139962439425, -0.000884509412572, 0.000340702768881, 0.00093786616344, 0.000451785046607, -0.00157781678718], [-0.000140254851431, -0.00012972469267, -0.00107425928582, -0.000203504649107, -0.00484362849966, 0.0139639535919, -0.00636724149808, 2.63336205535e-05, -0.000561120570637, 0.00208856863901, -0.00131849979516, 3.8980771933e-05, 2.09999525396e-05], [0.000147738857777, -0.000123197198263, -0.00100738776382, -0.0014237742871, 0.00184576946776, -0.00636724149808, 0.0148138105869, -0.00383700383827, 0.000281262153294, -0.00175759277772, 0.00241415412165, -0.00110011652578, 0.000122065459436], [-3.08392955048e-05, -0.000279174942989, 0.000478983973153, -0.00128793856129, -0.00139962439425, 2.63336205535e-05, -0.00383700383827, 0.0166750140488, -0.0099341114983, 0.00164417375345, -0.00131192570552, 0.000986990984529, -0.00439518876374], [-6.39311328996e-05, -0.000631705741398, -0.00066160626011, 0.00247303606011, -0.000884509412572, -0.000561120570637, 0.000281262153294, -0.0099341114983, 0.0220881290734, -0.0103997848928, 0.00194830424152, -0.00182542065158, 0.0033265883103], [-9.27176588448e-05, 0.000513652921654, -0.00090998847736, -0.00210570194758, 0.000340702768881, 0.00208856863901, -0.00175759277772, 0.00164417375345, -0.0103997848928, 0.0201556365937, -0.0103044854477, 0.0020572443027, -0.00126297515817], [0.00017773277068, 0.000262446672423, -0.000356727774488, 0.000447664759122, 0.00093786616344, -0.00131849979516, 0.00241415412165, -0.00131192570552, 0.00194830424152, -0.0103044854477, 0.0209436826408, -0.0075697642751, 0.000439796509454], [-0.000108909553092, 0.000150161344209, -0.000937252130825, 0.000416371563915, 0.000451785046607, 3.8980771933e-05, -0.00110011652578, 0.000986990984529, -0.00182542065158, 0.0020572443027, -0.0075697642751, 0.0201341416687, -0.0114714195952], [-4.65491793875e-05, 0.000837679370306, 0.000806478376035, -0.000915021169931, -0.00157781678718, 2.09999525396e-05, 0.000122065459436, -0.00439518876374, 0.0033265883103, -0.00126297515817, 0.000439796509454, -0.0114714195952, 0.0227993652225]]}, "spectral_contrast_coeffs": {"dmean": [0.054276611656, 0.0446384102106, 0.0338677167892, 0.0272921454161, 0.0215717963874, 0.0184795595706], "dmean2": [0.0851309970021, 0.0726754367352, 0.0519340224564, 0.0425402410328, 0.0325883962214, 0.0289894528687], "dvar": [0.002087299712, 0.00148495659232, 0.000761906267144, 0.000522343732882, 0.000371549947886, 0.000265736423898], "dvar2": [0.00499287154526, 0.00375863350928, 0.00169727602042, 0.00119115062989, 0.000783200608566, 0.0006365084555], "max": [-0.242206171155, -0.410582512617, -0.579138338566, -0.625176548958, -0.628688573837, -0.643276512623], "mean": [-0.585196375847, -0.727642953396, -0.789813399315, -0.806592524052, -0.811203956604, -0.795587897301], "median": [-0.591064631939, -0.732679307461, -0.794658541679, -0.81212669611, -0.816114842892, -0.795411944389], "min": [-0.964233160019, -0.970471382141, -0.965032041073, -0.964418947697, -0.963996708393, -0.96137791872], "var": [0.00915745459497, 0.00633744243532, 0.00372131890617, 0.00255479640327, 0.00209331745282, 0.00137322756927]}, "spectral_contrast_valleys": {"dmean": [0.430749177933, 0.468855172396, 0.442683845758, 0.422307819128, 0.409499317408, 0.499953269958], "dmean2": [0.669289052486, 0.682482540607, 0.6218521595, 0.558111011982, 0.51877862215, 0.571871995926], "dvar": [0.195792913437, 0.201370581985, 0.168851032853, 0.168265715241, 0.182025790215, 0.245439022779], "dvar2": [0.388821750879, 0.385313510895, 0.317713648081, 0.298913776875, 0.325018912554, 0.415184140205], "max": [-4.80971479416, -5.06658029556, -5.89601135254, -5.93813228607, -5.86570310593, -7.96774673462], "mean": [-7.07750034332, -8.14152812958, -8.48