{"lowlevel": {"average_loudness": 0.0114639485255, "barkbands_crest": {"dmean": 1.50674450397, "dmean2": 2.26158571243, "dvar": 2.74644041061, "dvar2": 6.16294431686, "max": 24.9775047302, "mean": 11.1616668701, "median": 10.2779302597, "min": 3.59465456009, "var": 16.4541549683}, "barkbands_flatness_db": {"dmean": 0.0194027107209, "dmean2": 0.0275539588183, "dvar": 0.000692753703333, "dvar2": 0.00139835197479, "max": 0.425571739674, "mean": 0.267941623926, "median": 0.275197863579, "min": 0.0326896831393, "var": 0.0037388636265}, "barkbands_kurtosis": {"dmean": 1.34066390991, "dmean2": 1.95516169071, "dvar": 3.61875200272, "dvar2": 7.71188831329, "max": 36.7414779663, "mean": 3.39674091339, "median": 2.42118167877, "min": -1.67588496208, "var": 15.3462982178}, "barkbands_skewness": {"dmean": 0.281227558851, "dmean2": 0.410113602877, "dvar": 0.0980446860194, "dvar2": 0.220535829663, "max": 5.30376768112, "mean": 0.978667676449, "median": 0.97148001194, "min": -2.30422830582, "var": 0.893248319626}, "barkbands_spread": {"dmean": 1.24012386799, "dmean2": 1.80259525776, "dvar": 4.87646913528, "dvar2": 9.32659721375, "max": 70.4864730835, "mean": 6.85342407227, "median": 5.43495178223, "min": 0.966630518436, "var": 23.6480941772}, "dissonance": {"dmean": 0.0346541889012, "dmean2": 0.0579793788493, "dvar": 0.00106377096381, "dvar2": 0.00280682952143, "max": 0.499773234129, "mean": 0.374499946833, "median": 0.377077579498, "min": 0.0829521268606, "var": 0.00366448936984}, "dynamic_complexity": 5.49399423599, "erbbands_crest": {"dmean": 1.77524852753, "dmean2": 2.57556962967, "dvar": 3.771225214, "dvar2": 8.06529426575, "max": 33.7524261475, "mean": 13.4095478058, "median": 12.1692552567, "min": 2.64984035492, "var": 32.3873634338}, "erbbands_flatness_db": {"dmean": 0.0176261551678, "dmean2": 0.0238184221089, "dvar": 0.000610098941252, "dvar2": 0.00121858168859, "max": 0.456636995077, "mean": 0.302803575993, "median": 0.310333579779, "min": 0.0656318292022, "var": 0.00327456346713}, "erbbands_kurtosis": {"dmean": 1.01052927971, "dmean2": 1.46760511398, "dvar": 1.99164104462, "dvar2": 4.06641817093, "max": 151.744293213, "mean": 2.85636425018, "median": 1.16568660736, "min": -1.81698441505, "var": 98.9356536865}, "erbbands_skewness": {"dmean": 0.259603202343, "dmean2": 0.372589617968, "dvar": 0.074625313282, "dvar2": 0.155504062772, "max": 6.01109552383, "mean": 0.707748711109, "median": 0.726898491383, "min": -3.97842144966, "var": 0.762168288231}, "erbbands_spread": {"dmean": 2.11764740944, "dmean2": 3.04934453964, "dvar": 7.27967405319, "dvar2": 13.8549375534, "max": 60.8144340515, "mean": 13.2092094421, "median": 11.8338127136, "min": 0.733714938164, "var": 48.1938781738}, "hfc": {"dmean": 3.00297045708, "dmean2": 3.77034854889, "dvar": 93.0195159912, "dvar2": 165.503356934, "max": 424.477844238, "mean": 9.65513134003, "median": 3.68227243423, "min": 1.0355747389e-16, "var": 513.49621582}, "melbands_crest": {"dmean": 1.76919317245, "dmean2": 2.68214464188, "dvar": 3.71202683449, "dvar2": 8.51211833954, "max": 30.8973484039, "mean": 12.9930086136, "median": 12.1859836578, "min": 1.62322258949, "var": 23.6333827972}, "melbands_flatness_db": {"dmean": 0.0208326224238, "dmean2": 0.028200160712, "dvar": 0.000842252688017, "dvar2": 0.00156728038564, "max": 0.560385882854, "mean": 0.354021161795, "median": 0.36351108551, "min": 0.00295382086188, "var": 0.00704363035038}, "melbands_kurtosis": {"dmean": 1.39133810997, "dmean2": 1.9934117794, "dvar": 3.74749279022, "dvar2": 7.54039525986, "max": 47.915927887, "mean": 3.76641249657, "median": 2.64094161987, "min": -1.50762295723, "var": 19.3884716034}, "melbands_skewness": {"dmean": 0.271272808313, "dmean2": 0.395478457212, "dvar": 0.0838453173637, "dvar2": 0.178766325116, "max": 5.92108774185, "mean": 1.11856806278, "median": 1.09054875374, "min": -2.0938744545, "var": 0.747144401073}, "melbands_spread": {"dmean": 1.96156537533, "dmean2": 2.88351249695, "dvar": 16.2964019775, "dvar2": 34.8939399719, "max": 164.581222534, "mean": 12.0547809601, "median": 8.34172821045, "min": 1.85769987106, "var": 330.211639404}, "pitch_salience": {"dmean": 0.0434549413621, "dmean2": 0.067783921957, "dvar": 0.00235335482284, "dvar2": 0.00579539500177, "max": 0.89195895195, "mean": 0.545612514019, "median": 0.550752043724, "min": 0.188171342015, "var": 0.0127600468695}, "silence_rate_20dB": {"dmean": 0.00106044544373, "dmean2": 0.00212126574479, "dvar": 0.00105929386336, "dvar2": 0.00211679143831, "max": 1, "mean": 0.997702777386, "median": 1, "min": 0, "var": 0.00229202932678}, "silence_rate_30dB": {"dmean": 0.00777659937739, "dmean2": 0.015555948019, "dvar": 0.00771631393582, "dvar2": 0.0167284738272, "max": 1, "mean": 0.980738639832, "median": 1, "min": 0, "var": 0.0188908092678}, "silence_rate_60dB": {"dmean": 0.0512548610568, "dmean2": 0.102527841926, "dvar": 0.0486257039011, "dvar2": 0.101199112833, "max": 1, "mean": 0.22830888629, "median": 0, "min": 0, "var": 0.176185205579}, "spectral_centroid": {"dmean": 73.0894622803, "dmean2": 105.275672913, "dvar": 40640.1796875, "dvar2": 77833.8515625, "max": 11753.9277344, "mean": 819.831604004, "median": 546.198608398, "min": 232.990280151, "var": 2240995.25}, "spectral_complexity": {"dmean": 1.24213504791, "dmean2": 1.99611103535, "dvar": 2.38993000984, "dvar2": 4.92837810516, "max": 27, "mean": 8.91182231903, "median": 9, "min": 0, "var": 16.5074005127}, "spectral_decrease": {"dmean": 1.04423902858e-09, "dmean2": 1.22972354522e-09, "dvar": 7.89152390098e-18, "dvar2": 1.07943959739e-17, "max": 1.95693825909e-28, "mean": -4.15541778764e-09, "median": -1.91273796801e-09, "min": -1.50647622377e-07, "var": 7.12365627425e-17}, "spectral_energy": {"dmean": 0.00420405343175, "dmean2": 0.00496618077159, "dvar": 0.000128158048028, "dvar2": 0.000177756577614, "max": 0.604821503162, "mean": 0.0165592152625, "median": 0.00758478697389, "min": 9.85561869947e-21, "var": 0.00114176888019}, "spectral_energyband_high": {"dmean": 5.3499792557e-05, "dmean2": 7.6777949289e-05, "dvar": 1.18019229944e-07, "dvar2": 2.37807881831e-07, "max": 0.0127666862682, "mean": 5.87541399e-05, "median": 1.39856683745e-06, "min": 6.90307505114e-21, "var": 1.58982857101e-07}, "spectral_energyband_low": {"dmean": 0.000374937226297, "dmean2": 0.000504679279402, "dvar": 1.0049687944e-06, "dvar2": 1.80492918389e-06, "max": 0.0501848608255, "mean": 0.00118463172112, "median": 0.000364065228496, "min": 8.78003607461e-24, "var": 7.34404329705e-06}, "spectral_energyband_middle_high": {"dmean": 0.00124293728732, "dmean2": 0.00158340937924, "dvar": 2.21027748921e-05, "dvar2": 3.77033393306e-05, "max": 0.276763349771, "mean": 0.00395291298628, "median": 0.000883586355485, "min": 1.13070561221e-21, "var": 0.000173714666744}, "spectral_energyband_middle_low": {"dmean": 0.00314254499972, "dmean2": 0.00375826400705, "dvar": 7.80550035415e-05, "dvar2": 0.000112005873234, "max": 0.361220806837, "mean": 0.0118388300762, "median": 0.00538428593427, "min": 1.45214386336e-22, "var": 0.000559521955438}, "spectral_entropy": {"dmean": 0.157552748919, "dmean2": 0.240718334913, "dvar": 0.0522894375026, "dvar2": 0.12280574441, "max": 9.82500362396, "mean": 6.08999443054, "median": 6.00871133804, "min": 4.23763465881, "var": 0.458494573832}, "spectral_flux": {"dmean": 0.0134679200128, "dmean2": 0.0205104742199, "dvar": 0.000560617889278, "dvar2": 0.00124629295897, "max": 0.41268441081, "mean": 0.0310395862907, "median": 0.0211465768516, "min": 6.31838470433e-11, "var": 0.0011107546743}, "spectral_kurtosis": {"dmean": 15.3730134964, "dmean2": 26.5131759644, "dvar": 212.247741699, "dvar2": 566.00793457, "max": 143.396560669, "mean": 38.5833244324, "median": 32.689289093, "min": -1.29193508625, "var": 648.024536133}, "spectral_rms": {"dmean": 0.000417425035266, "dmean2": 0.00050798850134, "dvar": 4.51168517657e-07, "dvar2": 7.03301793692e-07, "max": 0.0242913514376, "mean": 0.0032438444905, "median": 0.00272025587037, "min": 3.10084466784e-12, "var": 5.63278626942e-06}, "spectral_rolloff": {"dmean": 100.271194458, "dmean2": 170.459381104, "dvar": 159835.21875, "dvar2": 265142.65625, "max": 19379.8828125, "mean": 1135.66870117, "median": 732.12890625, "min": 215.33203125, "var": 6603224.5}, "spectral_skewness": {"dmean": 0.943829298019, "dmean2": 1.62816846371, "dvar": 0.693884193897, "dvar2": 1.90038144588, "max": 9.42499351501, "mean": 4.19653511047, "median": 3.95090007782, "min": -0.0888328254223, "var": 2.69724225998}, "spectral_spread": {"dmean": 357948.375, "dmean2": 570570.25, "dvar": 353192509440, "dvar2": 673437646848, "max": 43385208, "mean": 2450395.75, "median": 1469956.75, "min": 483135.59375, "var": 31172883120100.0}, "spectral_strongpeak": {"dmean": 0.328446626663, "dmean2": 0.507404327393, "dvar": 0.40994644165, "dvar2": 0.947590172291, "max": 13.8811311722, "mean": 1.17781257629, "median": 0.782654643059, "min": 0, "var": 1.74930870533}, "zerocrossingrate": {"dmean": 0.00374081428163, "dmean2": 0.00458010751754, "dvar": 0.000101789133623, "dvar2": 0.000159280767548, "max": 0.52294921875, "mean": 0.0384219288826, "median": 0.02685546875, "min": 0.0068359375, "var": 0.00459311343729}, "barkbands": {"dmean": [1.26105112486e-06, 0.000101948528027, 0.000199124566279, 0.000237547428696, 0.000527528056409, 0.00131720805075, 0.00110937585123, 0.000556229089852, 0.000365117652109, 0.000576179008931, 0.000325414090184, 0.000197619825485, 0.0001325141493, 0.00017493312771, 9.0201770945e-05, 8.31227152958e-05, 3.13720047416e-05, 2.77724229818e-05, 3.26737608702e-05, 3.25745713781e-05, 1.42451945067e-05, 9.4282131613e-06, 4.94803043694e-06, 3.07379355036e-06, 2.37954145632e-06, 6.07262882113e-06, 4.18538502345e-06], "dmean2": [2.26336237574e-06, 0.000123764766613, 0.000295207777526, 0.000339182268362, 0.000795822532382, 0.00163603492547, 0.00139232666697, 0.000735783658456, 0.0005638707662, 0.000702285440639, 0.000411419168813, 0.000270910619292, 0.000190352933714, 0.000248415890383, 0.000135023656185, 0.000140017204103, 5.37036903552e-05, 3.96445138904e-05, 4.28282764915e-05, 4.53994325653e-05, 2.05343967536e-05, 1.44203622767e-05, 7.68636527937e-06, 4.56995030618e-06, 3.6338569771e-06, 1.0762243619e-05, 7.72519160819e-06], "dvar": [6.17034158143e-12, 1.86217050668e-07, 2.83188597905e-07, 1.03117486105e-06, 1.45055253142e-06, 2.02894789254e-05, 2.79686046269e-05, 1.18763819046e-05, 1.69337295119e-06, 7.57521866035e-06, 2.30999989981e-06, 1.06801144284e-06, 4.91889522891e-07, 1.61405193921e-06, 5.18765091329e-07, 4.51184462236e-07, 1.04553414815e-07, 3.08627896572e-08, 8.02394524158e-08, 7.20267010479e-08, 3.53683482501e-08, 4.70996797119e-09, 1.3469689808e-09, 4.31838703685e-10, 4.17529316676e-10, 2.30498309328e-09, 2.06025374538e-09], "dvar2": [1.86721749174e-11, 1.90040168491e-07, 6.65224547447e-07, 2.53367193181e-06, 3.38608538186e-06, 2.84660418401e-05, 4.46928170277e-05, 1.78425980266e-05, 4.14970190832e-06, 1.14016183943e-05, 3.32840227202e-06, 2.00872136702e-06, 1.17813794986e-06, 3.72890622202e-06, 1.20380536828e-06, 1.20581523788e-06, 2.47793821018e-07, 6.9449839657e-08, 1.52192995984e-07, 1.53017836624e-07, 7.12551155857e-08, 1.03978967658e-08, 3.47852435745e-09, 9.43505940043e-10, 9.63305879509e-10, 6.43177244797e-09, 5.93502047508e-09], "max": [5.18865417689e-05, 0.0320891626179, 0.0179741382599, 0.0346918031573, 0.0377753674984, 0.291555285454, 0.30522158742, 0.279762208462, 0.0428447648883, 0.221070602536, 0.086797773838, 0.0576922520995, 0.0266793947667, 0.04467914626, 0.0358839966357, 0.022073790431, 0.0124110234901, 0.0060730651021, 0.0120581621304, 0.00966134015471, 0.0113682327792, 0.00237902416848, 0.00102717429399, 0.000682193145622, 0.00107990426477, 0.00117578729987, 0.00189907720778], "mean": [1.70944281308e-06, 0.000372805341613, 0.000589152507018, 0.00049884110922, 0.00147653662134, 0.00404677633196, 0.002886593109, 0.00149441626854, 0.000914424716029, 0.00211405660957, 0.000893366173841, 0.000375750503736, 0.000234051214647, 0.000247987831244, 0.000119985794299, 8.84884721017e-05, 3.60270460078e-05, 3.99452510464e-05, 4.50463376183e-05, 4.10315660702e-05, 1.65922829183e-05, 9.219696949e-06, 5.00459464092e-06, 2.97652150039e-06, 2.07151106224e-06, 3.92078118239e-06, 2.49628487836e-06], "median": [9.40744541822e-07, 1.87008154171e-05, 0.000171393912751, 0.000101979159808, 0.000664459832478, 0.00121137686074, 0.000612722709775, 0.000281630520476, 0.000286087248242, 0.000153818371473, 6.3861538365e-05, 6.09391063335e-05, 4.37267735833e-05, 2.82000801235e-05, 1.45910616993e-05, 6.89473836246e-06, 3.89093884223e-06, 2.8591332466e-06, 1.41869941217e-06, 9.69440520748e-07, 3.35787831318e-07, 1.54640886763e-07, 6.02126277727e-08, 2.03596393078e-08, 8.68621263805e-09, 1.30285080502e-08, 1.87683220076e-08], "min": [4.10187554762e-25, 2.96642051786e-24, 2.04481463546e-24, 1.50347688445e-24, 8.41417027537e-24, 5.15333562641e-24, 9.79920649883e-24, 9.34871170168e-24, 1.00493038048e-23, 5.24572583234e-24, 1.4352623662e-23, 2.70706297097e-23, 2.66540543537e-23, 2.75099431923e-23, 4.31564186458e-23, 5.16799786851e-23, 6.61900684502e-23, 4.6045770017e-23, 1.20482612458e-22, 1.52757764612e-22, 2.31640030736e-22, 3.39302605878e-22, 4.37753027451e-22, 4.90125313622e-22, 9.08001974513e-22, 1.23998311815e-21, 1.86255446696e-21], "var": [6.33479987217e-12, 2.32820480051e-06, 1.47964726693e-06, 1.96682390197e-06, 5.62274453841e-06, 0.000123709512991, 0.000130191881908, 5.3465286328e-05, 4.00415001423e-06, 8.55994003359e-05, 1.4222990103e-05, 2.84686029772e-06, 7.55407711495e-07, 1.91337562683e-06, 5.87092131354e-07, 4.43763696012e-07, 1.02832778737e-07, 4.42723369076e-08, 1.31670702785e-07, 9.60139203698e-08, 4.84218922736e-08, 5.26138688173e-09, 1.37418521007e-09, 5.41088618355e-10, 4.23365842384e-10, 1.4115812963e-09, 1.15707121662e-09]}, "erbbands": {"dmean": [0.000692251138389, 0.0316319130361, 0.20174074173, 0.514170408249, 1.27694904804, 1.7902148962, 6.16684055328, 11.6816291809, 15.5238323212, 13.2415733337, 11.2305364609, 7.59610509872, 16.6275405884, 14.6100378036, 8.42533779144, 7.06740665436, 6.40718841553, 7.00305509567, 6.22739315033, 4.6717133522, 3.93052124977, 2.12056398392, 1.50916755199, 1.96557700634, 1.42987477779, 1.22927057743, 0.750946700573, 0.412847280502, 0.293347030878, 0.323955535889, 0.109295293689, 0.081827364862, 0.0438704639673, 0.0294149760157, 0.0184013117105, 0.0178807042539, 0.0105952220038, 0.00408523343503, 0.000952621630859, 4.07714214816e-05], "dmean2": [0.000858219456859, 0.0387774854898, 0.286094933748, 0.738056063652, 1.93503832817, 2.6748278141, 7.76014661789, 14.8875102997, 18.4240093231, 17.9672718048, 15.0732469559, 11.4158124924, 20.1775588989, 18.7677364349, 10.633852005, 9.47580337524, 8.97411155701, 9.99195194244, 8.83164215088, 7.27674293518, 6.47536373138, 3.62506222725, 2.18302726746, 2.54058694839, 1.93155944347, 1.69023370743, 1.04031515121, 0.620080590248, 0.443059056997, 0.493755400181, 0.168353512883, 0.125819072127, 0.0657111927867, 0.0434372499585, 0.0295078996569, 0.0309429466724, 0.0188953429461, 0.0075138323009, 0.00175211182795, 7.2636474215e-05], "dvar": [6.84486121827e-06, 0.0160058867186, 0.323944568634, 3.32082915306, 16.5916099548, 15.8898763657, 372.716094971, 2090.42089844, 5139.22705078, 3965.69116211, 3592.02270508, 562.9296875, 5051.06738281, 4065.69360352, 1097.89416504, 938.455810547, 883.770324707, 2577.91894531, 2095.20458984, 866.212646484, 919.452636719, 507.601928711, 115.634109497, 200.80406189, 147.529418945, 91.6496276855, 95.1632995605, 34.5980682373, 8.70042324066, 5.15273523331, 0.65284705162, 0.294336408377, 0.149330586195, 0.0936154052615, 0.0236057974398, 0.0170071888715, 0.00829194393009, 0.00152945285663, 0.000124400292407, 2.38801447949e-07], "dvar2": [6.75559567753e-06, 0.0171343758702, 0.661733090878, 7.27354335785, 44.219581604, 35.5194129944, 556.309204102, 2869.41357422, 5624.82568359, 7854.95703125, 5242.75195312, 1347.40148926, 7893.78125, 6595.14794922, 1556.72790527, 1770.84997559, 1947.06079102, 6327.99658203, 4724.61035156, 2093.52099609, 2444.80859375, 1206.05236816, 274.838195801, 367.715118408, 305.979187012, 195.375640869, 192.346786499, 65.2277984619, 18.0144062042, 12.4708766937, 1.671677351, 0.732563197613, 0.298475950956, 0.217296853662, 0.0541672408581, 0.046493858099, 0.0231202561408, 0.00437230104581, 0.000358730438165, 6.93467427482e-07], "max": [0.184054642916, 9.3054151535, 28.7002658844, 54.835773468, 148.055526733, 125.416732788, 742.474121094, 3420.88598633, 4702.14599609, 3050.15087891, 4919.54003906, 524.428405762, 4962.86669922, 4403.6171875, 1975.91674805, 1493.50585938, 1045.44238281, 2832.79150391, 1681.5670166, 1174.42822266, 1514.39233398, 873.69909668, 424.536071777, 552.367248535, 477.274139404, 278.561676025, 680.647705078, 315.816009521, 125.697761536, 76.7119369507, 25.6118946075, 16.024263382, 17.9831314087, 16.3596897125, 6.70508432388, 3.10878038406, 3.00581932068, 1.23489677906, 0.458886057138, 0.0236293673515], "mean": [0.00254965294152, 0.115656889975, 0.640848338604, 1.21471858025, 3.05199551582, 5.11580085754, 17.5837688446, 36.2326011658, 41.8723297119, 37.2277832031, 31.1245136261, 20.2124862671, 58.659942627, 51.3880805969, 21.3471832275, 14.0548458099, 12.338555336, 11.1807947159, 8.76558017731, 5.68058538437, 4.58489465714, 2.47053027153, 2.18600344658, 2.86500811577, 1.95038878918, 1.54472637177, 0.891647219658, 0.482747167349, 0.304889380932, 0.308924943209, 0.111461207271, 0.0769906267524, 0.0446653068066, 0.0263461936265, 0.0148567017168, 0.0121534653008, 0.00679440656677, 0.0025141404476, 0.000575661542825, 4.07339648518e-05], "median": [0.000323092855979, 0.0110134910792, 0.173606291413, 0.378910243511, 0.956400573254, 1.98494064808, 5.74862337112, 9.45107460022, 9.83811759949, 7.6970872879, 8.51324176788, 7.39359712601, 6.94167041779, 6.5682721138, 3.63390636444, 2.96737742424, 2.53526854515, 1.84542763233, 1.15559506416, 0.751625418663, 0.482403606176, 0.253389179707, 0.206064641476, 0.133621394634, 0.0842893198133, 0.0490944869816, 0.0267014373094, 0.00809173565358, 0.00587278790772, 0.00441604526713, 0.00163592852186, 0.000686320767272, 0.000269458832918, 0.000114950649731, 6.57074488117e-05, 4.41658194177e-05, 2.81735265162e-05, 1.23403033285e-05, 7.75064927439e-06, 9.33985302254e-06], "min": [5.307788123e-23, 6.08481460003e-22, 2.39528200551e-21, 1.01037446105e-20, 8.76236865742e-21, 2.29824976147e-20, 5.40234436868e-20, 3.69024852176e-20, 1.47805336441e-19, 2.49809475569e-19, 2.17609790015e-19, 2.43274516085e-19, 4.53670619075e-19, 5.19484262236e-19, 7.86564338417e-19, 1.18899913186e-18, 1.54109538383e-18, 1.82609694837e-18, 2.73154725164e-18, 2.75422089261e-18, 3.55805123045e-18, 4.10255568996e-18, 3.16044680989e-18, 5.23862125967e-18, 6.69473707045e-18, 7.09290252626e-18, 1.05598819984e-17, 9.77075086689e-18, 1.14561082039e-17, 1.13066896068e-17, 1.14463284475e-17, 1.0459594621e-17, 9.51342490449e-18, 8.33169648342e-18, 6.79636985718e-18, 3.89178138449e-18, 2.21090571202e-18, 8.99064675735e-19, 2.08458122212e-19, 2.81768962091e-20], "var": [8.40390275698e-05, 0.198413848877, 2.37419629097, 7.88748073578, 43.9473838806, 78.0541992188, 1967.60327148, 12771.4521484, 33055.8398438, 12088.0097656, 16766.2089844, 1606.35583496, 51430.9765625, 42977.6289062, 4916.87939453, 2580.05297852, 1771.76904297, 3198.73120117, 2630.16992188, 871.092834473, 1164.78930664, 506.33480835, 148.571502686, 349.179382324, 213.72517395, 120.417610168, 130.075592041, 49.244556427, 10.6961355209, 5.02847909927, 0.672619998455, 0.299305826426, 0.216899052262, 0.097633689642, 0.0228624716401, 0.0110638290644, 0.00508596468717, 0.000877167971339, 6.97037030477e-05, 1.33928523383e-07]}, "gfcc": {"mean": [-185.798919678, 181.544754028, -125.956123352, -26.5293807983, -52.9190406799, -25.6379089355, -26.095161438, -16.2635536194, -16.6215229034, -9.76653385162, -9.79001426697, -8.30004119873, -10.7785825729], "cov": [[32110.0859375, 2369.3762207, -4859.93261719, -130.773513794, -1518.88122559, -362.280273438, -683.091125488, -534.709655762, -689.765136719, -402.111450195, -47.1165390015, 98.2190170288, 85.3981170654], [2369.3762207, 2455.97094727, -303.175933838, -180.969726562, 326.982177734, -278.009674072, 59.5187568665, -238.016815186, 37.1242828369, -89.4998550415, 111.344459534, -82.7022171021, 88.6342849731], [-4859.93261719, -303.175933838, 1506.66967773, 100.929664612, 326.114227295, 207.7943573, 69.5186462402, 165.002365112, 132.405426025, 176.417190552, -39.5543441772, 14.0901489258, -94.4062576294], [-130.773513794, -180.969726562, 100.929664612, 361.720581055, 68.1174545288, 90.8824615479, 8.62666702271, 37.8812408447, 35.7838973999, 29.1948795319, 33.472442627, 10.8247890472, 19.1808586121], [-1518.88122559, 326.982177734, 326.114227295, 68.1174545288, 392.924743652, 22.5744686127, 65.8027038574, -15.9025745392, 56.9902572632, 51.7484588623, 47.8997612, 5.03217697144, 39.0323753357], [-362.280273438, -278.009674072, 207.7943573, 90.8824615479, 22.5744686127, 218.184402466, 35.8964729309, 66.406211853, 26.9593029022, 51.2809677124, 9.98754882812, 33.9809913635, -35.2293243408], [-683.091125488, 59.5187568665, 69.5186462402, 8.62666702271, 65.8027038574, 35.8964729309, 149.973693848, 37.2354011536, 36.0173377991, 10.5734529495, 27.5600471497, 6.44430017471, 8.72433853149], [-534.709655762, -238.016815186, 165.002365112, 37.8812408447, -15.9025745392, 66.406211853, 37.2354011536, 151.863067627, 33.2627677917, 32.3280715942, -15.232213974, -11.0396184921, -13.9101047516], [-689.765136719, 37.1242828369, 132.405426025, 35.7838973999, 56.9902572632, 26.9593029022, 36.0173377991, 33.2627677917, 108.591201782, 36.803855896, 7.35725688934, 4.51985502243, -23.8768749237], [-402.111450195, -89.4998550415, 176.417190552, 29.1948795319, 51.7484588623, 51.2809677124, 10.5734529495, 32.3280715942, 36.803855896, 108.916412354, 10.5194120407, 7.11261081696, -22.6219539642], [-47.1165390015, 111.344459534, -39.5543441772, 33.472442627, 47.8997612, 9.98754882812, 27.5600471497, -15.232213974, 7.35725688934, 10.5194120407, 106.653862, 21.8059844971, 25.8413887024], [98.2190170288, -82.7022171021, 14.0901489258, 10.8247890472, 5.03217697144, 33.9809913635, 6.44430017471, -11.0396184921, 4.51985502243, 7.11261081696, 21.8059844971, 102.232910156, -5.89819431305], [85.3981170654, 88.6342849731, -94.4062576294, 19.1808586121, 39.0323753357, -35.2293243408, 8.72433853149, -13.9101047516, -23.8768749237, -22.6219539642, 25.8413887024, -5.89819431305, 152.695159912]], "icov": [[0.000134088215418, -0.000267257215455, 0.000405810802476, -0.000198846872081, 0.000312552583637, -0.000340087746736, 0.000392892747186, -0.000260231638094, 0.000549266929738, -0.00045394783956, 0.000370658992324, -0.000401570316171, 9.19007725315e-05], [-0.000267257215455, 0.00125871924683, -0.000704264268279, 0.00070787104778, -0.0012521201279, 0.00114801328164, -0.000983987702057, 0.00126553839073, -0.0016438922612, 0.0013335092226, -0.00130311585963, 0.00142604438588, -0.000132948494866], [0.000405810802476, -0.000704264268279, 0.00248048803769, -0.000466535653686, -0.000217875291128, -0.00151714228559, 0.00137336936314, -0.00160826987121, 0.00131734379102, -0.00218975590542, 0.001827808097, -0.00124813709408, 0.000778771354817], [-0.000198846872081, 0.00070787104778, -0.000466535653686, 0.00383846461773, -0.00120739697013, -0.000751553336158, 0.000163127871929, 0.000174092856469, -0.00193649646826, 0.00101529492531, -0.00160462292843, 0.00105219299439, -0.000768707541283], [0.000312552583637, -0.0012521201279, -0.000217875291128, -0.00120739697013, 0.00561688933522, -0.000762865878642, -0.000314859702485, 0.00081403425429, 0.00066196732223, -0.00214669108391, 0.000171518171555, -0.00105824123602, -0.0012351188343], [-0.000340087746736, 0.00114801328164, -0.00151714228559, -0.000751553336158, -0.000762865878642, 0.00836593098938, -0.00229226192459, -0.000665291561745, -0.000761464762036, -0.000143292447319, -0.00165454775561, -0.000672794471029, 0.000989478547126], [0.000392892747186, -0.000983987702057, 0.00137336936314, 0.000163127871929, -0.000314859702485, -0.00229226192459, 0.00998145435005, -0.00324147217907, -0.000356130796717, -0.000160060866619, -0.000657698023133, -0.00142371770926, -0.000157000045874], [-0.000260231638094, 0.00126553839073, -0.00160826987121, 0.000174092856469, 0.00081403425429, -0.000665291561745, -0.00324147217907, 0.0113196810707, -0.00326820393093, 0.000200633745408, -0.000116255621833, 0.00317723676562, -0.00108937441837], [0.000549266929738, -0.0016438922612, 0.00131734379102, -0.00193649646826, 0.00066196732223, -0.000761464762036, -0.000356130796717, -0.00326820393093, 0.0153143489733, -0.00457211630419, 0.00178828707431, -0.00254602427594, 0.00239883014001], [-0.00045394783956, 0.0013335092226, -0.00218975590542, 0.00101529492531, -0.00214669108391, -0.000143292447319, -0.000160060866619, 0.000200633745408, -0.00457211630419, 0.0148058030754, -0.00335212168284, 0.00181922828779, 0.000657665717881], [0.000370658992324, -0.00130311585963, 0.001827808097, -0.00160462292843, 0.000171518171555, -0.00165454775561, -0.000657698023133, -0.000116255621833, 0.00178828707431, -0.00335212168284, 0.0135674765334, -0.00372941093519, -0.00117497402243], [-0.000401570316171, 0.00142604438588, -0.00124813709408, 0.00105219299439, -0.00105824123602, -0.000672794471029, -0.00142371770926, 0.00317723676562, -0.00254602427594, 0.00181922828779, -0.00372941093519, 0.0128704113886, -2.12710529013e-05], [9.19007725315e-05, -0.000132948494866, 0.000778771354817, -0.000768707541283, -0.0012351188343, 0.000989478547126, -0.000157000045874, -0.00108937441837, 0.00239883014001, 0.000657665717881, -0.00117497402243, -2.12710529013e-05, 0.00827712845057]]}, "melbands": {"dmean": [1.62451997312e-05, 8.42507142806e-05, 0.000109432134195, 0.00010741227743, 0.000181557494216, 0.000268835603492, 0.000231780781178, 0.000142842356581, 8.84213659447e-05, 4.70982813567e-05, 8.74653487699e-05, 6.3036539359e-05, 3.36426892318e-05, 2.19508110604e-05, 1.85842545761e-05, 1.40586225825e-05, 1.36397402457e-05, 1.12853413157e-05, 8.11843165138e-06, 6.42156237518e-06, 3.79967264053e-06, 2.45038813773e-06, 1.0353135167e-06, 1.51922245095e-06, 1.6754348735e-06, 1.15560146696e-06, 1.09212464849e-06, 8.01226235581e-07, 6.87837257374e-07, 2.17455237816e-07, 1.79757648766e-07, 1.66915754107e-07, 1.92968968804e-07, 1.66893258324e-07, 5.71894780421e-08, 6.91678607723e-08, 4.66691716383e-08, 3.60884229167e-08, 2.15051514374e-08, 2.49216647319e-08], "dmean2": [1.96584933292e-05, 0.000114414215204, 0.000159146919032, 0.000161117975949, 0.000231864469242, 0.000330792332534, 0.000280639214907, 0.000193076295545, 0.000121942597616, 7.12656546966e-05, 0.000106272644189, 8.13727601781e-05, 4.23808560299e-05, 3.06369838654e-05, 2.45099308813e-05, 2.01741841011e-05, 1.96085456992e-05, 1.6033742213e-05, 1.21123948702e-05, 1.08214462671e-05, 6.23382720732e-06, 4.24709833169e-06, 1.60893159773e-06, 2.11002679862e-06, 2.1607979761e-06, 1.53311043505e-06, 1.53043117734e-06, 1.11150825433e-06, 9.45798547036e-07, 3.32884013687e-07, 2.73196320677e-07, 2.56459429693e-07, 2.95797150329e-07, 2.52420193192e-07, 8.66398579547e-08, 1.15013982338e-07, 6.90752202104e-08, 5.33078541309e-08, 3.34831469218e-08, 3.72410156046e-08], "dvar": [4.71104488753e-09, 6.1028309517e-08, 1.49453654785e-07, 5.89087676417e-08, 2.85956474499e-07, 9.61936507338e-07, 1.06949983092e-06, 4.89122896852e-07, 1.72090452111e-07, 2.49317313461e-08, 1.49388100112e-07, 7.73854580416e-08, 1.52629020533e-08, 1.95193745611e-08, 6.75704425745e-09, 7.88256748763e-09, 9.14697739773e-09, 1.00307584461e-08, 5.18967846475e-09, 3.07008574119e-09, 1.08954789635e-09, 8.12012290741e-10, 8.13081199591e-11, 8.39777136719e-11, 1.76240619321e-10, 1.12608609937e-10, 1.57578325388e-10, 6.25773738383e-11, 9.31409255278e-11, 9.31636191803e-12, 6.75783777895e-12, 5.58924477881e-12, 1.75086009059e-12, 1.53689084029e-12, 1.67094582528e-13, 6.21690416161e-13, 1.14368977071e-13, 1.19201130628e-13, 3.45596964132e-14, 7.37323342572e-14], "dvar2": [4.68270222598e-09, 1.05991688315e-07, 3.72304072016e-07, 1.44876878494e-07, 4.49726854868e-07, 1.29668342197e-06, 1.40844417729e-06, 8.79045614965e-07, 2.69984184342e-07, 5.98021046017e-08, 2.29230394666e-07, 1.27289411012e-07, 2.18093525461e-08, 3.71728354764e-08, 1.08908855267e-08, 1.93996285702e-08, 2.23181384484e-08, 2.28224763532e-08, 1.206918121e-08, 8.18028578209e-09, 2.8331819113e-09, 1.93145055505e-09, 1.96491475868e-10, 1.66485575326e-10, 3.23093163335e-10, 2.20311990873e-10, 3.29938049104e-10, 1.34652802797e-10, 1.88670148948e-10, 1.76033597421e-11, 1.27841600153e-11, 1.15877776125e-11, 4.13333126406e-12, 3.67808864962e-12, 3.97923447665e-13, 1.73016711635e-12, 2.51414394945e-13, 2.30517644903e-13, 8.50208507655e-14, 1.71720114257e-13], "max": [0.00507522094995, 0.0147801283747, 0.0138081163168, 0.00676513556391, 0.0207598302513, 0.0691571608186, 0.0603530220687, 0.0384403690696, 0.0321503467858, 0.00496274791658, 0.0281961299479, 0.0184283182025, 0.00566402776167, 0.0090460749343, 0.00512889400125, 0.00457877339795, 0.00475586391985, 0.00396725302562, 0.00378405558877, 0.00175075861625, 0.00191408896353, 0.00108185689896, 0.000413419824326, 0.000467732810648, 0.000524829898495, 0.000417879025918, 0.000584153982345, 0.000271472177701, 0.000669377215672, 0.000158001465024, 0.000138803967275, 0.000113280919322, 3.49194124283e-05, 4.81155038869e-05, 1.60436575243e-05, 3.03425040329e-05, 8.9426730483e-06, 1.63454060385e-05, 6.538965863e-06, 1.44195828398e-05], "mean": [6.0280875914e-05, 0.000280444801319, 0.000262666697381, 0.000287712464342, 0.000526743009686, 0.000827634125017, 0.000624864071142, 0.000393694121158, 0.000238920925767, 0.000119995325804, 0.00030860787956, 0.000228506833082, 8.83224420249e-05, 4.02426048822e-05, 3.66031526937e-05, 2.45234386966e-05, 2.01613675017e-05, 1.51989988808e-05, 1.0270349776e-05, 6.50032961858e-06, 4.5530805437e-06, 2.67009545496e-06, 1.41402711051e-06, 2.19821959035e-06, 2.39059727392e-06, 1.57053568728e-06, 1.43046042922e-06, 9.60835905062e-07, 8.00331122264e-07, 2.60031868038e-07, 2.06639967359e-07, 1.71810995653e-07, 1.82548518524e-07, 1.61886546834e-07, 6.00891141289e-08, 6.29397121088e-08, 4.41992256128e-08, 3.7570956124e-08, 1.8923469014e-08, 2.16503721617e-08], "median": [3.44777072314e-06, 7.06228020135e-05, 9.39279198064e-05, 0.000110438340926, 0.000189177269931, 0.00022312020883, 0.000152074193466, 8.53601959534e-05, 6.48662608e-05, 3.87763393519e-05, 3.13584205287e-05, 2.44246020884e-05, 1.0281759387e-05, 6.49870025882e-06, 5.40880910194e-06, 4.03011608796e-06, 2.55367558566e-06, 1.46854733885e-06, 9.64583932728e-07, 6.13775569036e-07, 4.17633231109e-07, 2.01892675022e-07, 1.33324959961e-07, 1.52454461499e-07, 7.22885218352e-08, 4.83462194723e-08, 3.82756013551e-08, 2.06971275674e-08, 1.64211719778e-08, 5.50187717607e-09, 2.69501976291e-09, 2.6139534981e-09, 2.49063947244e-09, 1.57063972939e-09, 8.29907698119e-10, 4.63756921754e-10, 2.5900684375e-10, 1.60817262285e-10, 1.09361290856e-10, 7.26838381149e-11], "min": [1.07836615212e-24, 1.07387635028e-24, 1.66645959038e-24, 1.62357543524e-24, 1.92603545453e-24, 9.33078385154e-25, 2.39706804813e-24, 2.80017695677e-24, 1.71016248453e-24, 1.37215422348e-24, 1.95187557956e-24, 1.5862878538e-24, 2.13640040048e-24, 3.37420145522e-24, 2.41882108481e-24, 3.10205923406e-24, 2.35929383811e-24, 2.10582474344e-24, 3.14209155842e-24, 1.48642259915e-24, 3.38216342834e-24, 3.94950548605e-24, 3.22805767556e-24, 2.64257950842e-24, 3.76591467644e-24, 4.85398657871e-24, 3.33602019298e-24, 4.0515687044e-24, 5.05730127753e-24, 4.33730319617e-24, 5.3797087295e-24, 5.55315597116e-24, 5.78341303091e-24, 5.70068361006e-24, 5.10420694696e-24, 5.09298737273e-24, 5.2780813568e-24, 5.96119506324e-24, 5.78569481108e-24, 6.48288100721e-24], "var": [5.84994452879e-08, 5.64229708289e-07, 3.29040801716e-07, 2.55036809449e-07, 1.47254002059e-06, 6.04885553912e-06, 6.08520258538e-06, 1.74869114744e-06, 7.7336483173e-07, 6.74456117622e-08, 1.53906512423e-06, 9.29246994019e-07, 8.63255849026e-08, 4.95025140879e-08, 2.45690436884e-08, 1.14166951448e-08, 1.07840687491e-08, 1.17946141742e-08, 5.5605986482e-09, 2.39233632904e-09, 1.58488511204e-09, 7.91947230017e-10, 9.38448277421e-11, 1.43710654488e-10, 3.04202191215e-10, 1.79282533264e-10, 2.16595547053e-10, 7.99850116695e-11, 1.26823010427e-10, 1.32577906986e-11, 9.58637162707e-12, 6.81981337722e-12, 1.76513025116e-12, 1.6211999191e-12, 2.02911567214e-13, 5.32299085452e-13, 1.37964292768e-13, 1.7911028021e-13, 3.17516297272e-14, 7.6674953821e-14]}, "mfcc": {"mean": [-806.897521973, 208.457595825, -9.04999732971, -6.25224351883, -12.3641576767, -13.4459285736, -10.823138237, -10.1652908325, -12.014465332, -4.12107229233, -5.54797410965, -7.06642436981, -2.73544979095], "cov": [[9606.25488281, 2063.77050781, -1502.76757812, 141.295791626, -768.185119629, -172.381347656, -155.114883423, -34.3022613525, -274.837280273, -131.877471924, -286.158233643, -294.87399292, -56.8999214172], [2063.77050781, 2384.92871094, -92.4290008545, -23.8069267273, 97.6464385986, -80.6188278198, 17.5145645142, -114.666809082, -95.368560791, -67.5105133057, -91.8690490723, -69.1054992676, -0.305775225163], [-1502.76757812, -92.4290008545, 746.888977051, 20.0227947235, 267.050109863, 153.679977417, 43.393157959, 46.0362319946, 60.112159729, 40.2905769348, 128.911529541, 127.319892883, 36.1397590637], [141.295791626, -23.8069267273, 20.0227947235, 312.935638428, 70.5416564941, 50.7704925537, 30.029794693, 3.04727292061, 38.0080184937, 10.4397888184, 27.6850814819, 35.9353637695, 5.99172210693], [-768.185119629, 97.6464385986, 267.050109863, 70.5416564941, 298.132385254, 106.361602783, 43.9040527344, -6.94648456573, 33.9127540588, 17.3624420166, 56.3794631958, 66.0342636108, 21.6914997101], [-172.381347656, -80.6188278198, 153.679977417, 50.7704925537, 106.361602783, 176.784255981, 42.1668815613, 33.4436264038, 18.7215366364, 6.21462345123, 71.2069091797, 64.4037017822, 32.1720352173], [-155.114883423, 17.5145645142, 43.393157959, 30.029794693, 43.9040527344, 42.1668815613, 125.166954041, 30.3401985168, 17.7889976501, 37.8837928772, 6.12737131119, 4.45447254181, 21.2086467743], [-34.3022613525, -114.666809082, 46.0362319946, 3.04727292061, -6.94648456573, 33.4436264038, 30.3401985168, 120.301506042, 21.2093162537, 14.0485677719, 56.6611557007, -1.23114192486, -3.17177557945], [-274.837280273, -95.368560791, 60.112159729, 38.0080184937, 33.9127540588, 18.7215366364, 17.7889976501, 21.2093162537, 131.616455078, 26.4746265411, -7.60425376892, 53.7596588135, 20.8152675629], [-131.877471924, -67.5105133057, 40.2905769348, 10.4397888184, 17.3624420166, 6.21462345123, 37.8837928772, 14.0485677719, 26.4746265411, 147.148544312, 9.64748954773, -36.0968856812, 41.9425048828], [-286.158233643, -91.8690490723, 128.911529541, 27.6850814819, 56.3794631958, 71.2069091797, 6.12737131119, 56.6611557007, -7.60425376892, 9.64748954773, 222.71723938, 53.8519592285, -44.8955764771], [-294.87399292, -69.1054992676, 127.319892883, 35.9353637695, 66.0342636108, 64.4037017822, 4.45447254181, -1.23114192486, 53.7596588135, -36.0968856812, 53.8519592285, 205.434738159, 60.4967079163], [-56.8999214172, -0.305775225163, 36.1397590637, 5.99172210693, 21.6914997101, 32.1720352173, 21.2086467743, -3.17177557945, 20.8152675629, 41.9425048828, -44.8955764771, 60.4967079163, 154.491622925]], "icov": [[0.000298486585962, -0.000305173685774, 0.000425140053267, -0.000306182162603, 0.000677413423546, -0.000672755821142, 0.000416397553636, -0.000394265691284, 0.000326714449329, -0.000248933007242, 0.000273732584901, -0.000151653031935, 0.000163975390024], [-0.000305173685774, 0.000800778216217, -0.000375244213501, 0.000341433711583, -0.00105137098581, 0.000997453578748, -0.000687797321007, 0.000731386011466, -0.000109539389086, 0.00059493270237, -0.000298792787362, 0.000367565982742, -0.00036445457954], [0.000425140053267, -0.000375244213501, 0.00296136923134, 6.05846180406e-05, -0.000839261803776, -0.00153393216897, 0.000847480958328, -0.00114991201553, 0.00028802905581, -0.000949526729528, 5.42831639905e-06, -0.000987784587778, 0.000365420739399], [-0.000306182162603, 0.000341433711583, 6.05846180406e-05, 0.00397274736315, -0.00149856915232, 2.48675223702e-05, -0.00090895104222, 0.000727516075131, -0.00122238753829, 0.000154019595357, -0.000593369244598, -6.90408196533e-05, 4.20884025516e-05], [0.000677413423546, -0.00105137098581, -0.000839261803776, -0.00149856915232, 0.00791079271585, -0.00365122640505, -4.71435778309e-05, 0.00101376802195, -1.70670373336e-05, -0.000652937451378, 0.000234884922975, -0.000325061701005, 0.000553882971872], [-0.000672755821142, 0.000997453578748, -0.00153393216897, 2.48675223702e-05, -0.00365122640505, 0.011259094812, -0.00287115201354, -0.000242432783125, -0.000320647290209, 0.00192747812252, -0.00268774619326, -0.000100231271063, -0.00255265692249], [0.000416397553636, -0.000687797321007, 0.000847480958328, -0.00090895104222, -4.71435778309e-05, -0.00287115201354, 0.011013077572, -0.00341418827884, 0.000634154246654, -0.00304207880981, 0.00179344706703, -0.000672516936902, 0.000536522478797], [-0.000394265691284, 0.000731386011466, -0.00114991201553, 0.000727516075131, 0.00101376802195, -0.000242432783125, -0.00341418827884, 0.0126351676881, -0.00335341296159, 0.00191035144962, -0.0041956496425, 0.00298552657478, -0.00172190123703], [0.000326714449329, -0.000109539389086, 0.00028802905581, -0.00122238753829, -1.70670373336e-05, -0.000320647290209, 0.000634154246654, -0.00335341296159, 0.0114020546898, -0.0036520047579, 0.00343989906833, -0.00466324482113, 0.00229433993809], [-0.000248933007242, 0.00059493270237, -0.000949526729528, 0.000154019595357, -0.000652937451378, 0.00192747812252, -0.00304207880981, 0.00191035144962, -0.0036520047579, 0.0115639111027, -0.0035197371617, 0.00564957875758, -0.00560977449641], [0.000273732584901, -0.000298792787362, 5.42831639905e-06, -0.000593369244598, 0.000234884922975, -0.00268774619326, 0.00179344706703, -0.0041956496425, 0.00343989906833, -0.0035197371617, 0.00892788451165, -0.00425591645762, 0.00506946444511], [-0.000151653031935, 0.000367565982742, -0.000987784587778, -6.90408196533e-05, -0.000325061701005, -0.000100231271063, -0.000672516936902, 0.00298552657478, -0.00466324482113, 0.00564957875758, -0.00425591645762, 0.0106347464025, -0.00590793276206], [0.000163975390024, -0.00036445457954, 0.000365420739399, 4.20884025516e-05, 0.000553882971872, -0.00255265692249, 0.000536522478797, -0.00172190123703, 0.00229433993809, -0.00560977449641, 0.00506946444511, -0.00590793276206, 0.0117907188833]]}, "spectral_contrast_coeffs": {"dmean": [0.0382507890463, 0.0377403125167, 0.0338488817215, 0.0282907467335, 0.0218067616224, 0.0196893848479], "dmean2": [0.0626361593604, 0.0602842904627, 0.0536792650819, 0.044918153435, 0.0327039882541, 0.0295866299421], "dvar": [0.00108853622805, 0.00156956340652, 0.0013005787041, 0.000756751804147, 0.000486936245579, 0.000380110752303], "dvar2": [0.00287241581827, 0.00386220938526, 0.003149459837, 0.00177741830703, 0.000892356678378, 0.000696347618941], "max": [-0.306667894125, -0.339460074902, -0.37884119153, -0.493678331375, -0.506588637829, -0.54733979702], "mean": [-0.557355701923, -0.649256467819, -0.691997587681, -0.744033694267, -0.77485448122, -0.783082425594], "median": [-0.546875953674, -0.648127734661, -0.691708981991, -0.745683073997, -0.781454980373, -0.783939421177], "min": [-0.994642794132, -0.980909824371, -0.978862524033, -0.973902821541, -0.968268930912, -0.9647372365], "var": [0.010635541752, 0.00776476180181, 0.00906099565327, 0.00479796947911, 0.00419471785426, 0.00337974797003]}, "spectral_contrast_valleys": {"dmean": [0.451690107584, 0.342586427927, 0.37023961544, 0.31076619029, 0.262083530426, 0.38539031148], "dmean2": [0.728832900524, 0.547260224819, 0.570895791054, 0.482708603144, 0.384645134211,