{"lowlevel": {"average_loudness": 0.936816394329, "barkbands_crest": {"dmean": 2.79252195358, "dmean2": 4.49286270142, "dvar": 8.95306396484, "dvar2": 21.942522049, "max": 26.9878196716, "mean": 16.4613990784, "median": 16.3481807709, "min": 1.95615363121, "var": 25.4442920685}, "barkbands_flatness_db": {"dmean": 0.0625325366855, "dmean2": 0.0826187804341, "dvar": 0.00408009905368, "dvar2": 0.00851509906352, "max": 0.838500201702, "mean": 0.331275701523, "median": 0.34438714385, "min": 0.0107667651027, "var": 0.0142614254728}, "barkbands_kurtosis": {"dmean": 37.6964607239, "dmean2": 58.949596405, "dvar": 17524.5019531, "dvar2": 47790.4179688, "max": 3665.90966797, "mean": 57.4170913696, "median": 15.3407917023, "min": -1.98273229599, "var": 21725.890625}, "barkbands_skewness": {"dmean": 1.71821248531, "dmean2": 2.60081243515, "dvar": 5.28262996674, "dvar2": 12.3634223938, "max": 34.7149734497, "mean": 3.66991257668, "median": 2.87101507187, "min": -49.872467041, "var": 17.9441928864}, "barkbands_spread": {"dmean": 4.86151885986, "dmean2": 7.86957168579, "dvar": 69.6393203735, "dvar2": 167.04649353, "max": 131.764175415, "mean": 9.00518894196, "median": 3.69262266159, "min": 0.00990252941847, "var": 181.468963623}, "dissonance": {"dmean": 0.0520471967757, "dmean2": 0.0822851285338, "dvar": 0.0034955390729, "dvar2": 0.00874150078744, "max": 0.5, "mean": 0.399798721075, "median": 0.4308629632, "min": 0.0149452220649, "var": 0.00821436289698}, "dynamic_complexity": 3.93713283539, "erbbands_crest": {"dmean": 3.89347791672, "dmean2": 5.92026376724, "dvar": 15.048532486, "dvar2": 32.8281517029, "max": 35.0725250244, "mean": 16.8059139252, "median": 15.6162424088, "min": 2.5822095871, "var": 54.3276634216}, "erbbands_flatness_db": {"dmean": 0.050429161638, "dmean2": 0.0692259371281, "dvar": 0.00282554654405, "dvar2": 0.0054727033712, "max": 0.770807385445, "mean": 0.249485939741, "median": 0.240177124739, "min": 0.0361692048609, "var": 0.0111201312393}, "erbbands_kurtosis": {"dmean": 9.049451828, "dmean2": 13.1725025177, "dvar": 320.081054688, "dvar2": 661.985046387, "max": 237.741271973, "mean": 12.3356227875, "median": 3.32804536819, "min": -1.90521788597, "var": 710.466552734}, "erbbands_skewness": {"dmean": 1.08071172237, "dmean2": 1.52041339874, "dvar": 1.30194211006, "dvar2": 2.81057095528, "max": 11.9791688919, "mean": 0.980074107647, "median": 0.726472854614, "min": -8.77234077454, "var": 6.83241891861}, "erbbands_spread": {"dmean": 13.6731014252, "dmean2": 20.1272888184, "dvar": 310.408721924, "dvar2": 619.286315918, "max": 148.961883545, "mean": 28.4830684662, "median": 20.4124488831, "min": 0.146569162607, "var": 684.265319824}, "hfc": {"dmean": 9.16302776337, "dmean2": 15.492857933, "dvar": 343.633422852, "dvar2": 960.08392334, "max": 156.551025391, "mean": 12.8533601761, "median": 7.78159284592, "min": 3.466146552e-07, "var": 286.65536499}, "melbands_crest": {"dmean": 2.76445293427, "dmean2": 4.4709649086, "dvar": 8.79867744446, "dvar2": 21.6972560883, "max": 36.9856643677, "mean": 20.7979545593, "median": 20.8236541748, "min": 2.36524987221, "var": 23.2194519043}, "melbands_flatness_db": {"dmean": 0.0703022107482, "dmean2": 0.0917374268174, "dvar": 0.00517457071692, "dvar2": 0.0111879538745, "max": 0.890556156635, "mean": 0.437978118658, "median": 0.454281747341, "min": 0.0321425646544, "var": 0.0186632853001}, "melbands_kurtosis": {"dmean": 37.5023384094, "dmean2": 55.5584793091, "dvar": 2987.79394531, "dvar2": 6442.18847656, "max": 657.630493164, "mean": 70.0431289673, "median": 27.533203125, "min": -1.97038352489, "var": 9278.52441406}, "melbands_skewness": {"dmean": 1.75547456741, "dmean2": 2.54894590378, "dvar": 3.39558148384, "dvar2": 7.17766046524, "max": 20.1769428253, "mean": 4.31457948685, "median": 3.57373380661, "min": -10.9259605408, "var": 13.5804691315}, "melbands_spread": {"dmean": 5.24930286407, "dmean2": 8.5814781189, "dvar": 117.226745605, "dvar2": 280.6222229, "max": 180.846725464, "mean": 9.18407344818, "median": 3.17916512489, "min": 0.187825188041, "var": 274.7137146}, "pitch_salience": {"dmean": 0.0832231417298, "dmean2": 0.135315090418, "dvar": 0.00747058028355, "dvar2": 0.0184305608273, "max": 0.895414829254, "mean": 0.367371946573, "median": 0.365849763155, "min": 0.0124637708068, "var": 0.0178486984223}, "silence_rate_20dB": {"dmean": 0, "dmean2": 0, "dvar": 0, "dvar2": 0, "max": 1, "mean": 1, "median": 1, "min": 1, "var": 0}, "silence_rate_30dB": {"dmean": 0.0576167628169, "dmean2": 0.115258678794, "dvar": 0.0542998984456, "dvar2": 0.123805224895, "max": 1, "mean": 0.915993869305, "median": 1, "min": 0, "var": 0.0769449993968}, "silence_rate_60dB": {"dmean": 0.0327367968857, "dmean2": 0.065487883985, "dvar": 0.0316632390022, "dvar2": 0.065564841032, "max": 1, "mean": 0.0898974463344, "median": 0, "min": 0, "var": 0.0818182602525}, "spectral_centroid": {"dmean": 221.169372559, "dmean2": 345.941253662, "dvar": 124239.6875, "dvar2": 285727.5, "max": 4357.11181641, "mean": 630.652954102, "median": 372.780975342, "min": 99.6221237183, "var": 424044.21875}, "spectral_complexity": {"dmean": 3.19292879105, "dmean2": 5.32765769958, "dvar": 34.7699241638, "dvar2": 85.7081222534, "max": 46, "mean": 5.56491374969, "median": 4, "min": 0, "var": 35.3657951355}, "spectral_decrease": {"dmean": 5.25740295743e-09, "dmean2": 8.24231438656e-09, "dvar": 7.71510166188e-17, "dvar2": 1.96357536706e-16, "max": -2.86673317235e-18, "mean": -1.26439676507e-08, "median": -1.0136690598e-08, "min": -1.08499328633e-07, "var": 1.29690683627e-16}, "spectral_energy": {"dmean": 0.0205499231815, "dmean2": 0.032288864255, "dvar": 0.00114823004697, "dvar2": 0.00292493053712, "max": 0.414882570505, "mean": 0.0488870218396, "median": 0.0388840250671, "min": 4.22586791948e-11, "var": 0.00191760843154}, "spectral_energyband_high": {"dmean": 0.000386111234548, "dmean2": 0.000683564459905, "dvar": 1.11603401365e-06, "dvar2": 3.07942264044e-06, "max": 0.0078011918813, "mean": 0.000259085616563, "median": 1.43106790347e-05, "min": 2.3196933957e-11, "var": 7.08752509126e-07}, "spectral_energyband_low": {"dmean": 0.0140508292243, "dmean2": 0.0223284773529, "dvar": 0.000694925431162, "dvar2": 0.00173045136034, "max": 0.353225082159, "mean": 0.0366304479539, "median": 0.0302392505109, "min": 9.78109260252e-12, "var": 0.00134310149588}, "spectral_energyband_middle_high": {"dmean": 0.00288922642358, "dmean2": 0.0049393880181, "dvar": 4.47434176749e-05, "dvar2": 0.000120742137369, "max": 0.0565379709005, "mean": 0.00339241069742, "median": 0.000305807567202, "min": 3.10540287062e-12, "var": 4.94560808875e-05}, "spectral_energyband_middle_low": {"dmean": 0.00854351185262, "dmean2": 0.0137430988252, "dvar": 0.000348816800397, "dvar2": 0.000917383178603, "max": 0.231191501021, "mean": 0.0125762140378, "median": 0.00496730394661, "min": 6.79877768667e-12, "var": 0.000421636097599}, "spectral_entropy": {"dmean": 0.590464174747, "dmean2": 0.806435644627, "dvar": 0.384759694338, "dvar2": 0.702466070652, "max": 8.92144012451, "mean": 6.11941862106, "median": 6.04459905624, "min": 2.30798125267, "var": 1.24308955669}, "spectral_flux": {"dmean": 0.0448888316751, "dmean2": 0.0699674263597, "dvar": 0.00298430211842, "dvar2": 0.00614679744467, "max": 0.476388156414, "mean": 0.0808582678437, "median": 0.0575238056481, "min": 1.14415433927e-05, "var": 0.00521511398256}, "spectral_kurtosis": {"dmean": 11.2118797302, "dmean2": 17.9971523285, "dvar": 470.559265137, "dvar2": 1248.13232422, "max": 390.052001953, "mean": 18.7747764587, "median": 9.72281837463, "min": 0.620294570923, "var": 771.548400879}, "spectral_rms": {"dmean": 0.00133404368535, "dmean2": 0.00202104030177, "dvar": 3.01537011183e-06, "dvar2": 6.96737197359e-06, "max": 0.020118733868, "mean": 0.00619547301903, "median": 0.00615919101983, "min": 2.03046738534e-07, "var": 9.31075555854e-06}, "spectral_rolloff": {"dmean": 271.878692627, "dmean2": 482.277435303, "dvar": 613994.6875, "dvar2": 1339121.625, "max": 18518.5546875, "mean": 633.116821289, "median": 172.265625, "min": 86.1328125, "var": 1620686.875}, "spectral_skewness": {"dmean": 0.914042055607, "dmean2": 1.38669884205, "dvar": 1.4087511301, "dvar2": 3.31941843033, "max": 17.672252655, "mean": 3.01779055595, "median": 2.55032205582, "min": 0.565669417381, "var": 3.44586968422}, "spectral_spread": {"dmean": 1018278.0625, "dmean2": 1460835.875, "dvar": 1140703494140.0, "dvar2": 2061915783170.0, "max": 21032878, "mean": 3965694.5, "median": 3745842.75, "min": 312372.0625, "var": 3318285860860.0}, "spectral_strongpeak": {"dmean": 0.381068050861, "dmean2": 0.64778637886, "dvar": 0.814245462418, "dvar2": 2.03811764717, "max": 12.8283948898, "mean": 0.904946565628, "median": 0.598085641861, "min": 0, "var": 1.14066004753}, "zerocrossingrate": {"dmean": 0.00737590296194, "dmean2": 0.00945108290762, "dvar": 0.000160606679856, "dvar2": 0.000215581909288, "max": 0.53125, "mean": 0.0248246751726, "median": 0.01318359375, "min": 0.00244140625, "var": 0.00125019869301}, "barkbands": {"dmean": [0.000151493921294, 0.00571924680844, 0.00804378092289, 0.00561341457069, 0.00259295804426, 0.000167195161339, 0.000390736415284, 0.000275646336377, 0.00032518786611, 0.000144020144944, 0.000571701617446, 0.00064874778036, 0.000534538528882, 0.000475306733279, 0.000177237408934, 0.000182180301636, 0.000231254263781, 6.62541715428e-05, 5.50084478164e-05, 8.58939019963e-05, 6.88024665578e-05, 8.92675525392e-05, 5.1258601161e-05, 6.63146856823e-05, 4.11549917771e-05, 2.69145111815e-05, 6.57328746456e-06], "dmean2": [0.00025747352629, 0.00974374916404, 0.012747053057, 0.00936222076416, 0.0040844194591, 0.000245544273639, 0.00056130066514, 0.000409179163398, 0.00040426797932, 0.000224715447985, 0.000925151631236, 0.00103349238634, 0.000921231810935, 0.000830290955491, 0.000317562022246, 0.000339697959134, 0.000432199303759, 0.000122092067613, 9.93041030597e-05, 0.000158765076776, 0.000113518901344, 0.000162125565112, 9.21903192648e-05, 0.000119098731375, 7.34427812858e-05, 4.89914455102e-05, 1.19738742796e-05], "dvar": [9.39737248018e-08, 0.000111859561002, 0.000320272345562, 0.000199512491236, 4.8518544645e-05, 5.87175179589e-07, 4.12838107877e-06, 2.20732226808e-06, 1.22641313283e-06, 2.11434425523e-07, 5.43696933164e-06, 6.52568496662e-06, 5.82175562158e-06, 4.13553334511e-06, 4.23181973019e-07, 7.52696507789e-07, 1.25537076201e-06, 5.72425662426e-08, 3.19720534492e-08, 1.15140771584e-07, 2.5011603455e-08, 9.05328505496e-08, 2.96558351209e-08, 3.61995375897e-08, 1.44736533869e-08, 8.56126014526e-09, 5.83914805397e-10], "dvar2": [2.58594639035e-07, 0.000305950728944, 0.000778661225922, 0.000536709383596, 0.000100495351944, 9.45317424339e-07, 7.96132007963e-06, 4.20395417677e-06, 1.72377986019e-06, 4.9028471949e-07, 1.26451786855e-05, 1.56866899488e-05, 1.40734828165e-05, 1.11839108285e-05, 1.1304769032e-06, 2.16054945668e-06, 3.62272294296e-06, 1.62138789506e-07, 8.99249101849e-08, 3.29820522893e-07, 6.75924312077e-08, 2.55320770748e-07, 8.29832700333e-08, 9.96015074861e-08, 3.92472365718e-08, 2.38088286864e-08, 1.61892077521e-09], "max": [0.00432714540511, 0.120510973036, 0.277580916882, 0.198984861374, 0.169388905168, 0.0257905703038, 0.0921344608068, 0.0702028945088, 0.0204054992646, 0.00669419020414, 0.0441776812077, 0.0430833660066, 0.0479702800512, 0.0393558740616, 0.00776712922379, 0.00782389100641, 0.0120682334527, 0.00212980876677, 0.00199498748407, 0.00295523321256, 0.00126524514053, 0.00271831220016, 0.00173737294972, 0.00140556041151, 0.00095224310644, 0.000844041467644, 0.000220815156354], "mean": [0.000152037609951, 0.0159132163972, 0.0166061855853, 0.00679105194286, 0.00299469218589, 0.000329921254888, 0.00118396186735, 0.000525719602592, 0.000730154919438, 0.000197236251552, 0.000748739461415, 0.000952639151365, 0.000546717259567, 0.000463308417238, 0.000140391624882, 0.000110621549538, 0.000135484122438, 4.01420293201e-05, 3.71556998289e-05, 5.31381883775e-05, 5.53830359422e-05, 5.6200689869e-05, 3.27338930219e-05, 4.25805046689e-05, 2.68954954663e-05, 1.67067646544e-05, 4.07045627071e-06], "median": [3.88198131986e-05, 0.0107640521601, 0.00706401793286, 0.00217770179734, 0.000561843567993, 9.34912714001e-06, 1.90554401343e-05, 6.90903516443e-06, 1.82020012289e-05, 5.51422454009e-06, 7.36675156077e-06, 6.88025693307e-06, 3.05473918161e-06, 3.44128511642e-06, 2.5079509669e-06, 4.94539926876e-06, 1.95695110961e-06, 8.83341613189e-07, 4.17660521634e-06, 2.92966183224e-06, 5.62664536119e-06, 2.30441082749e-06, 9.71499275693e-07, 1.15886473395e-06, 5.97130508595e-07, 3.11778109108e-07, 6.60521664031e-08], "min": [7.93976212901e-13, 1.77919528069e-12, 2.84979830532e-13, 1.03236364769e-12, 3.11618596595e-13, 1.34048357809e-13, 8.66365627242e-14, 2.56086892956e-14, 3.63624224047e-13, 1.498681821e-13, 3.33311855763e-13, 7.23472171928e-13, 2.18717540823e-13, 3.36063344037e-13, 2.78015783138e-13, 8.37125643327e-14, 1.01148188675e-13, 4.58329446444e-13, 3.66937518781e-13, 3.48475832608e-13, 9.12560174995e-13, 5.42288165328e-13, 8.54815242028e-13, 1.12028886601e-12, 2.21170065769e-12, 6.7279454577e-12, 1.09104869236e-11], "var": [9.99165905569e-08, 0.000227940952755, 0.000840947323013, 0.000196750974283, 9.15648051887e-05, 2.01109969566e-06, 2.51166184171e-05, 5.61140996069e-06, 5.51495304535e-06, 3.75380324158e-07, 9.25057702261e-06, 1.15467564683e-05, 7.28678332962e-06, 4.83194799017e-06, 3.78705578896e-07, 4.25100921575e-07, 6.97940265582e-07, 3.34084830911e-08, 1.92363547313e-08, 6.51919904726e-08, 1.82333970145e-08, 5.35925543943e-08, 1.7984055134e-08, 2.27769128003e-08, 9.44199030073e-09, 5.23146415077e-09, 3.58529900213e-10]}, "erbbands": {"dmean": [0.0845415592194, 1.62065076828, 7.9483757019, 14.7643699646, 15.474738121, 6.39910697937, 1.91470277309, 1.39765405655, 4.65547943115, 5.0223069191, 6.55733203888, 9.18917560577, 3.30813217163, 21.2345237732, 11.7809829712, 32.5084953308, 25.4865531921, 16.3013629913, 22.8305149078, 8.03889751434, 11.3950881958, 11.6709299088, 4.49163293839, 2.91376447678, 3.69454216957, 3.63387513161, 3.15039825439, 2.50687861443, 3.70648598671, 2.04238295555, 1.36013400555, 1.47877502441, 0.900997400284, 0.522686243057, 0.243673846126, 0.113031901419, 0.0574413686991, 0.0119371581823, 0.00108817860018, 5.20954999956e-05], "dmean2": [0.14230799675, 2.75544142723, 12.7140169144, 23.774148941, 25.8612613678, 9.16368865967, 2.79042863846, 1.96384263039, 6.65294265747, 6.87321376801, 9.72429847717, 11.2986106873, 4.71563529968, 33.6501541138, 19.1048221588, 51.5921440125, 43.110080719, 27.6986713409, 40.7256889343, 14.8383235931, 21.2229557037, 21.8297176361, 8.32468986511, 5.24256277084, 6.82207632065, 6.71285247803, 5.23807191849, 4.34967279434, 6.75654745102, 3.66084313393, 2.45940637589, 2.66752791405, 1.60959923267, 0.936053514481, 0.436414837837, 0.202650487423, 0.105326801538, 0.0217771120369, 0.00198202067986, 8.84319379111e-05], "dvar": [0.018986351788, 9.09705352783, 298.45501709, 1140.27209473, 1414.10314941, 614.649169922, 59.4272079468, 54.540599823, 754.708190918, 476.878601074, 1001.81884766, 987.164245605, 65.6782073975, 7311.42919922, 1889.56237793, 14827.9560547, 12571.4638672, 3592.62036133, 8117.31201172, 1109.2401123, 3037.88378906, 2949.65087891, 319.906707764, 94.2115249634, 214.437255859, 196.328033447, 57.0515480042, 48.9140777588, 163.824417114, 34.9558105469, 21.2304515839, 19.034822464, 6.45922327042, 2.45626544952, 0.491541296244, 0.124719172716, 0.0436106659472, 0.00186549371574, 1.55320049089e-05, 1.33652493517e-08], "dvar2": [0.0524319931865, 24.6836948395, 751.101989746, 3062.85473633, 3740.12963867, 830.26385498, 73.7588729858, 90.5826721191, 1525.85009766, 808.093200684, 2062.85766602, 1402.72570801, 114.299987793, 17542.4804688, 4285.01269531, 34977.2460938, 30247.2617188, 9064.54492188, 22658.7070312, 3190.96020508, 8695.91992188, 8510.10253906, 913.986572266, 264.42098999, 614.349731445, 561.5234375, 156.252029419, 136.085021973, 464.587860107, 96.0379867554, 59.642539978, 52.6546478271, 17.648267746, 6.70685577393, 1.33621740341, 0.339726358652, 0.122336760163, 0.00519323768094, 4.29344872828e-05, 3.59856073828e-08], "max": [1.71990311146, 34.3074226379, 251.606887817, 534.540771484, 340.584136963, 992.682861328, 309.575500488, 248.11505127, 1452.26464844, 817.388549805, 1296.10913086, 608.984863281, 116.997390747, 1506.79003906, 1127.6505127, 2208.94750977, 2234.49267578, 1770.63500977, 1411.25695801, 289.809814453, 528.267822266, 578.252685547, 179.041397095, 108.082855225, 153.083007812, 123.821548462, 66.2404785156, 59.6419677734, 106.512390137, 53.7532577515, 45.0177650452, 34.1094894409, 20.3083133698, 13.2760305405, 5.09040117264, 3.26176834106, 1.93578016758, 0.383945912123, 0.0352918207645, 0.000858735351358], "mean": [0.227413803339, 4.5080037117, 17.6296234131, 22.9187393188, 16.6479225159, 8.58664608002, 3.08982944489, 3.27859163284, 14.2004508972, 13.0389194489, 13.7008733749, 20.6274375916, 6.58255672455, 29.1729011536, 15.2959461212, 48.1693229675, 28.1903514862, 16.3100204468, 20.4174423218, 5.44426584244, 6.81747865677, 6.84032773972, 2.68900704384, 1.98876774311, 2.29042100906, 2.2406578064, 2.51277756691, 1.7922013998, 2.33858013153, 1.31645083427, 0.863653302193, 0.944868087769, 0.581898152828, 0.339497596025, 0.158270150423, 0.0727372840047, 0.0351124107838, 0.00738019961864, 0.000694498128723, 7.28460290702e-05], "median": [0.194426894188, 3.50168395042, 11.0278873444, 8.47835922241, 5.57315015793, 1.10696291924, 0.233726680279, 0.128344535828, 0.195007249713, 0.555175065994, 0.671064257622, 0.550479352474, 0.657079100609, 0.51738345623, 0.61174428463, 0.585862338543, 0.393071621656, 0.351047188044, 0.254721105099, 0.342004448175, 0.179812520742, 0.105575241148, 0.059271954, 0.215543702245, 0.123214282095, 0.110322460532, 0.299968093634, 0.129543036222, 0.101561844349, 0.0419713333249, 0.0263883434236, 0.027476305142, 0.0143858501688, 0.00728355534375, 0.00394832296297, 0.00154756789561, 0.000610578281339, 0.000126378436107, 3.30202783516e-05, 4.46984740847e-05], "min": [2.07915108741e-11, 2.75437034292e-10, 3.55573903654e-10, 1.60672497529e-09, 3.72620778677e-09, 1.53158330463e-09, 1.05944031326e-09, 1.22982035666e-09, 1.12089093562e-09, 6.89465651238e-10, 1.93615656841e-09, 7.44945971576e-09, 9.84279591165e-09, 5.54712231704e-09, 1.89294766528e-08, 2.84618248969e-08, 1.28698536273e-08, 1.55818700165e-08, 1.36403990325e-08, 1.33386066636e-08, 5.33410560166e-09, 7.51814255295e-09, 2.15302442541e-08, 2.04341095156e-08, 1.53100447875e-08, 1.94087963479e-08, 3.38987824477e-08, 3.22404076769e-08, 2.25992948799e-08, 2.22239364689e-08, 2.13739710375e-08, 1.6249266821e-08, 2.31660681749e-08, 2.35010677585e-08, 1.7120566298e-08, 1.91574205388e-08, 1.18665477444e-08, 6.78028611034e-09, 1.73121017522e-09, 1.49996334797e-10], "var": [0.0448236390948, 17.0483150482, 645.848999023, 1514.90966797, 1226.55908203, 1967.84338379, 187.570175171, 201.416641235, 4991.43505859, 2232.5378418, 2463.84814453, 4357.95458984, 258.363037109, 12829.0341797, 2722.16015625, 27181.9375, 16295.0048828, 4119.17236328, 7646.40283203, 635.382507324, 1727.05993652, 1640.20593262, 182.549438477, 57.046421051, 121.603988647, 111.679229736, 40.0143356323, 30.9637756348, 95.5100631714, 22.1199741364, 12.7323760986, 11.8053121567, 4.14113330841, 1.5772434473, 0.318354249001, 0.0803250074387, 0.0260559786111, 0.00113511015661, 9.59904082265e-06, 1.04047481742e-08]}, "gfcc": {"mean": [-134.104995728, 115.706588745, -62.7443809509, 44.9993515015, -24.5883159637, 31.145029068, -8.11535358429, -0.44803288579, -21.4523220062, -2.78346061707, -20.2620258331, -16.0522155762, -14.6956996918], "cov": [[17650.3085938, 359.286132812, -70.7148208618, 422.795166016, -1193.9362793, -142.299133301, -623.433776855, 742.29309082, 403.206726074, 180.151855469, -461.518493652, -53.3317680359, -314.654510498], [359.286132812, 2691.91748047, 829.341491699, -532.104980469, -126.787185669, -452.940673828, 295.240875244, -25.3015098572, 281.732879639, -173.824890137, 136.849456787, -209.351303101, 80.9809570312], [-70.7148208618, 829.341491699, 1612.22729492, 689.178955078, -149.83493042, -581.45526123, 38.0033607483, 288.828308105, 265.489318848, -69.1625213623, -100.150428772, -67.0411529541, 59.9413414001], [422.795166016, -532.104980469, 689.178955078, 1144.17480469, 195.441833496, -80.490196228, -158.369949341, 145.48059082, 101.750205994, 84.4037094116, -141.924789429, -32.7653884888, -16.3207206726], [-1193.9362793, -126.787185669, -149.83493042, 195.441833496, 646.911499023, 395.939117432, 104.146842957, -236.8072052, -92.5381546021, -6.87266397476, 64.3402786255, -72.4624633789, -23.7963409424], [-142.299133301, -452.940673828, -581.45526123, -80.490196228, 395.939117432, 656.078796387, 224.651382446, -169.736297607, -218.960479736, -16.934211731, 45.8748626709, -11.938492775, -46.3674659729], [-623.433776855, 295.240875244, 38.0033607483, -158.369949341, 104.146842957, 224.651382446, 438.323181152, 84.3892440796, -42.5596313477, -129.860031128, 9.90279865265, -19.6860485077, 67.8122787476], [742.29309082, -25.3015098572, 288.828308105, 145.48059082, -236.8072052, -169.736297607, 84.3892440796, 383.275268555, 197.806503296, -33.7233695984, -146.721893311, -1.50085198879, 12.17166996], [403.206726074, 281.732879639, 265.489318848, 101.750205994, -92.5381546021, -218.960479736, -42.5596313477, 197.806503296, 351.598358154, 174.979415894, -32.8173065186, -120.252975464, -65.4454269409], [180.151855469, -173.824890137, -69.1625213623, 84.4037094116, -6.87266397476, -16.934211731, -129.860031128, -33.7233695984, 174.979415894, 369.569885254, 118.116607666, -74.9138031006, -142.310119629], [-461.518493652, 136.849456787, -100.150428772, -141.924789429, 64.3402786255, 45.8748626709, 9.90279865265, -146.721893311, -32.8173065186, 118.116607666, 239.010772705, 61.5714607239, -40.9640007019], [-53.3317680359, -209.351303101, -67.0411529541, -32.7653884888, -72.4624633789, -11.938492775, -19.6860485077, -1.50085198879, -120.252975464, -74.9138031006, 61.5714607239, 214.90574646, 88.1411437988], [-314.654510498, 80.9809570312, 59.9413414001, -16.3207206726, -23.7963409424, -46.3674659729, 67.8122787476, 12.17166996, -65.4454269409, -142.310119629, -40.9640007019, 88.1411437988, 183.269226074]], "icov": [[0.00012744369451, -0.000272343400866, 7.36015936127e-05, -0.000165418867255, 0.000341328559443, -0.000584915862419, 0.000545041635633, -0.000439862895291, 0.000157492686412, -0.000150661551743, 0.00021948099311, -0.000173027292476, 9.57424272201e-05], [-0.000272343400866, 0.00214712158777, -0.000934531446546, 0.000883808766957, 0.000137705559609, 0.00126369611826, -0.00198955903761, 0.00324342516251, -0.00332509959117, 0.00290666054934, -0.00227791047655, 0.00183230545372, -0.000494342879392], [7.36015936127e-05, -0.000934531446546, 0.00279976823367, -0.0021356465295, -6.53075185255e-05, 0.00238158693537, -0.00161630043294, -0.00039408163866, 0.000799104222097, -0.000165453893715, 0.000544379407074, -0.000663815706503, 0.00124951836187], [-0.000165418867255, 0.000883808766957, -0.0021356465295, 0.00350410747342, -0.00232360186055, -0.000223084207391, 0.00161707843654, -0.00195390544832, 0.00140923529398, -0.00152442231774, 0.000230502817431, 0.000843212299515, -0.00152520451229], [0.000341328559443, 0.000137705559609, -6.53075185255e-05, -0.00232360186055, 0.00744372047484, -0.00507107796147, -1.78866787337e-06, 0.00581241864711, -0.00649982923642, 0.00463845580816, -0.00149246910587, 0.000349296431523, 0.000416904367739], [-0.000584915862419, 0.00126369611826, 0.00238158693537, -0.000223084207391, -0.00507107796147, 0.0118649024516, -0.00808099564165, 0.00220730132423, 0.0031947742682, -0.00177861028351, 0.00186794891488, -0.000722277443856, 0.00335009070113], [0.000545041635633, -0.00198955903761, -0.00161630043294, 0.00161707843654, -1.78866787337e-06, -0.00808099564165, 0.0128492750227, -0.0113506987691, 0.00536925485358, -0.00117247283924, -0.00441566528752, 0.00485770637169, -0.00587407313287], [-0.000439862895291, 0.00324342516251, -0.00039408163866, -0.00195390544832, 0.00581241864711, 0.00220730132423, -0.0113506987691, 0.0236691366881, -0.0179791618139, 0.00821802392602, 0.00555016612634, -0.00765052670613, 0.0065886368975], [0.000157492686412, -0.00332509959117, 0.000799104222097, 0.00140923529398, -0.00649982923642, 0.0031947742682, 0.00536925485358, -0.0179791618139, 0.0230406783521, -0.0130178974941, 0.000985861872323, 0.00504694273695, -0.0033121088054], [-0.000150661551743, 0.00290666054934, -0.000165453893715, -0.00152442231774, 0.00463845580816, -0.00177861028351, -0.00117247283924, 0.00821802392602, -0.0130178974941, 0.0152021525428, -0.00866224616766, 0.00365127134137, 0.00187935435679], [0.00021948099311, -0.00227791047655, 0.000544379407074, 0.000230502817431, -0.00149246910587, 0.00186794891488, -0.00441566528752, 0.00555016612634, 0.000985861872323, -0.00866224616766, 0.0190668292344, -0.0136095862836, 0.00720279384404], [-0.000173027292476, 0.00183230545372, -0.000663815706503, 0.000843212299515, 0.000349296431523, -0.000722277443856, 0.00485770637169, -0.00765052670613, 0.00504694273695, 0.00365127134137, -0.0136095862836, 0.0187440887094, -0.00966043677181], [9.57424272201e-05, -0.000494342879392, 0.00124951836187, -0.00152520451229, 0.000416904367739, 0.00335009070113, -0.00587407313287, 0.0065886368975, -0.0033121088054, 0.00187935435679, 0.00720279384404, -0.00966043677181, 0.0144650004804]]}, "melbands": {"dmean": [0.00116767501459, 0.00337819196284, 0.00266502401792, 0.000772660598159, 9.15569180506e-05, 3.3714230085e-05, 7.37715963623e-05, 5.60324260732e-05, 4.93383413414e-05, 5.77937717026e-05, 1.28284655148e-05, 7.96263557277e-05, 4.94943051308e-05, 7.66483863117e-05, 6.15621247562e-05, 5.07653494424e-05, 2.97384449368e-05, 4.60744668089e-05, 1.14277372631e-05, 1.06515908556e-05, 1.45399480971e-05, 1.323268134e-05, 6.95255266692e-06, 2.68674602921e-06, 2.29444776778e-06, 2.09114705285e-06, 3.54400185643e-06, 2.07254811357e-06, 1.87180080502e-06, 1.99354667529e-06, 1.3087080788e-06, 2.32885213336e-06, 1.37586357596e-06, 1.09326686015e-06, 7.87704323102e-07, 8.34581840081e-07, 9.4391583616e-07, 6.67529718612e-07, 5.37446737781e-07, 3.96815011072e-07], "dmean2": [0.00197861017659, 0.00543119572103, 0.00432475050911, 0.00123167783022, 0.000127572580823, 4.70580052934e-05, 0.000105651321064, 7.77006425778e-05, 7.29111052351e-05, 7.033260772e-05, 1.81648974831e-05, 0.000125826249132, 8.02994691185e-05, 0.000121713506815, 0.000101189521956, 8.71910815476e-05, 5.01966169395e-05, 8.23009177111e-05, 2.07011071325e-05, 1.99081405299e-05, 2.70885375357e-05, 2.46810323006e-05, 1.31117958517e-05, 4.91555965709e-06, 4.11755809182e-06, 3.82123789677e-06, 6.6228817559e-06, 3.82555253964e-06, 3.23407152791e-06, 3.14137832902e-06, 2.38403686126e-06, 4.29966303273e-06, 2.47009484156e-06, 1.95783104573e-06, 1.42837575368e-06, 1.5289597286e-06, 1.69074269252e-06, 1.18825812478e-06, 9.66130869529e-07, 7.12846940587e-07], "dvar": [4.36283062299e-06, 4.6059009037e-05, 3.60353005817e-05, 3.76047773898e-06, 2.16814868281e-07, 2.9848774119e-08, 1.67944733676e-07, 5.81181716086e-08, 4.98202901156e-08, 4.3533489702e-08, 1.23005461372e-09, 1.00781782919e-07, 4.36892868549e-08, 9.50317726733e-08, 4.08759035508e-08, 6.5408222838e-08, 1.46021781333e-08, 3.68106576332e-08, 1.71421921102e-09, 2.48544407278e-09, 5.26760324249e-09, 3.83200804421e-09, 1.10558862065e-09, 6.75117878268e-11, 5.89462367806e-11, 5.58136627193e-11, 2.52662418765e-10, 5.60543902961e-11, 2.53984593773e-11, 1.67549550623e-11, 2.04508823071e-11, 7.72728686593e-11, 2.118590893e-11, 1.19998620415e-11, 8.42693796688e-12, 7.18862079238e-12, 7.553584494e-12, 3.76059513391e-12, 2.32765673056e-12, 1.54479109626e-12], "dvar2": [1.19700880532e-05, 0.000116797964438, 9.74682989181e-05, 8.49288062454e-06, 2.25540546239e-07, 4.97661467591e-08, 3.34662274781e-07, 9.80912560067e-08, 1.04325188488e-07, 6.02007901307e-08, 2.10531658773e-09, 2.4208068794e-07, 9.794283784e-08, 2.30947691193e-07, 1.03553681186e-07, 1.48700820546e-07, 3.61001362137e-08, 1.02678768599e-07, 4.74620298618e-09, 7.17463510824e-09, 1.5069115733e-08, 1.10392628372e-08, 3.21116888635e-09, 1.8819600045e-10, 1.65511548911e-10, 1.5842922807e-10, 7.28645810355e-10, 1.59855767512e-10, 7.11209632853e-11, 4.30127253259e-11, 5.77614137076e-11, 2.21593660088e-10, 5.9412919029e-11, 3.3329110305e-11, 2.39502064014e-11, 2.01507057568e-11, 2.07882634717e-11, 1.0288450647e-11, 6.34843653341e-12, 4.24017678607e-12], "max": [0.0240053813905, 0.0918238312006, 0.0871715992689, 0.0383281223476, 0.0226462390274, 0.00527407368645, 0.0218224357814, 0.00918808858842, 0.00848830584437, 0.00360118411481, 0.000586866517551, 0.00554434070364, 0.00553179206327, 0.00524982670322, 0.00349786947481, 0.00645873369649, 0.00411818223074, 0.00340087525547, 0.000349890702637, 0.000476923974929, 0.000732065236662, 0.000686354993377, 0.000341331295203, 7.53760905354e-05, 8.74337347341e-05, 8.51980876178e-05, 0.000156698020874, 6.358018436e-05, 4.99123780173e-05, 2.5739067496e-05, 4.23496639996e-05, 8.81993837538e-05, 4.66940764454e-05, 3.52837050741e-05, 2.97202423098e-05, 2.19082612603e-05, 2.20269012061e-05, 1.68117385329e-05, 9.58206146606e-06, 1.147497278e-05], "mean": [0.00335768214427, 0.00842462759465, 0.00393756851554, 0.000880784587935, 0.000146461592522, 7.74462750996e-05, 0.000228096876526, 0.000133684734465, 0.000104460836155, 0.000128162777401, 2.51907331403e-05, 0.000109330925625, 6.31176080788e-05, 0.000110475382826, 8.282672934e-05, 4.84613228764e-05, 3.05147823383e-05, 4.13147208747e-05, 8.46088732942e-06, 6.53137203699e-06, 8.63353670866e-06, 7.79375750426e-06, 4.00104454457e-06, 1.65169979027e-06, 1.60145589234e-06, 1.32489253701e-06, 2.1178489078e-06, 1.2846746813e-06, 1.38164170949e-06, 1.77048571004e-06, 8.17268755782e-07, 1.4335363403e-06, 8.95346886409e-07, 7.02943850683e-07, 4.98740291732e-07, 5.14785313044e-07, 6.12858343629e-07, 4.34359975543e-07, 3.43799257507e-07, 2.56929865827e-07], "median": [0.00246184179559, 0.00640204362571, 0.00160420499742, 0.000211222883081, 1.00777751868e-05, 1.70365888152e-06, 3.34295077664e-06, 5.37330333827e-06, 2.30553200709e-06, 2.81190159512e-06, 1.27573969166e-06, 1.22635253774e-06, 1.12535371954e-06, 8.86506086317e-07, 6.4157251245e-07, 3.0967140674e-07, 3.28737655764e-07, 2.81165370097e-07, 2.76791524811e-07, 3.69683704093e-07, 1.53385158796e-07, 1.16921086146e-07, 4.95531864431e-08, 4.15979037882e-08, 1.98554346298e-07, 8.22203745088e-08, 7.43600452324e-08, 7.0912001604e-08, 1.74524643626e-07, 1.85014783938e-07, 2.86702999119e-08, 5.81229855356e-08, 3.74276076798e-08, 1.94854195001e-08, 1.56338408885e-08, 1.28332411364e-08, 1.94159550659e-08, 1.11783959866e-08, 7.33934513164e-09, 5.46625589237e-09], "min": [3.67736304732e-13, 2.06241057218e-13, 4.74735214247e-13, 1.11389853775e-13, 3.75548523486e-14, 2.91843812842e-14, 1.80111341016e-14, 5.59002951079e-15, 2.2046492236e-14, 5.1696890719e-14, 4.71403176368e-14, 1.7897614746e-14, 5.36350647326e-14, 9.38434239713e-14, 3.20613422421e-14, 2.58381386626e-14, 3.10317499778e-14, 2.30275478183e-14, 2.11332128419e-14, 9.38987098118e-15, 5.96084062982e-15, 7.55135632301e-15, 1.30287321459e-14, 2.27222568154e-14, 1.56908415026e-14, 1.61833877733e-14, 7.43188401987e-15, 1.32094508603e-14, 2.33220747266e-14, 1.43989671803e-14, 2.01346423123e-14, 1.21477602825e-14, 1.10022481712e-14, 1.26538091054e-14, 1.09850534024e-14, 1.23050754766e-14, 1.05725187109e-14, 1.71124050395e-14, 1.46362871774e-14, 2.30223639767e-14], "var": [9.88389456325e-06, 9.17253564694e-05, 4.1546223656e-05, 5.91247862758e-06, 7.62929857956e-07, 1.13009598124e-07, 1.15036164061e-06, 2.30653327549e-07, 1.23556731069e-07, 1.94285107114e-07, 4.96577579057e-09, 1.77422265324e-07, 6.92042334549e-08, 1.60908555813e-07, 6.54173888393e-08, 7.45620241105e-08, 1.89494091529e-08, 3.64294550081e-08, 1.23658727702e-09, 1.38577826991e-09, 2.99974312057e-09, 2.14094564299e-09, 6.02824234974e-10, 4.10248016114e-11, 3.57566372344e-11, 3.25232236975e-11, 1.40408004667e-10, 3.21319290619e-11, 1.60575927555e-11, 1.478477063e-11, 1.20681711152e-11, 4.36358137124e-11, 1.27518143614e-11, 7.41060685039e-12, 4.91040888506e-12, 4.30171306562e-12, 4.75288038093e-12, 2.40558701431e-12, 1.49597554396e-12, 9.78681003426e-13]}, "mfcc": {"mean": [-798.114013672, 141.891326904, 37.9525184631, 41.5786781311, 20.2821788788, 34.2673072815, 23.4129657745, 10.7857198715, 12.5115394592, 9.57423782349, 1.20953428745, 3.19491672516, -1.81199669838], "cov": [[13463.5107422, -14.4027576447, -374.558624268, -279.850738525, -219.90222168, -272.919677734, -677.412109375, -44.463684082, 53.8409423828, 224.143478394, 196.430130005, 164.293395996, -239.169937134], [-14.4027576447, 2851.44287109, 739.549377441, 86.0990982056, -253.94039917, -264.822723389, -130.934432983, -33.850151062, 49.5250930786, 90.4762954712, 47.575050354, 25.6801586151, 71.3455123901], [-374.558624268, 739.549377441, 1157.22167969, 669.109069824, -27.1947803497, -336.805786133, -142.401580811, 42.6357765198, 214.971893311, 23.9657764435, -30.3156604767, 12.2128152847, 87.4217834473], [-279.850738525, 86.0990982056, 669.109069824, 815.108825684, 264.73840332, -34.6003456116, -59.1138267517, 25.0729656219, 199.466842651, 93.2583084106, 18.4664211273, 8.78299808502, 49.4747238159], [-219.90222168, -253.94039917, -27.1947803497, 264.73840332, 381.128997803, 269.718414307, 91.2619934082, 11.7818775177, 2.121073246, 49.0417137146, 47.4267044067, 5.76656198502, -28.7165775299], [-272.919677734, -264.822723389, -336.805786133, -34.6003456116, 269.718414307, 548.26361084, 333.464630127, 3.59159779549, -79.4190597534, 37.7860488892, 71.7006607056, 47.0398483276, -33.5599861145], [-677.412109375, -130.934432983, -142.401580811, -59.1138267517, 91.2619934082, 333.464630127, 405.272613525, 156.935836792, -11.1525745392, -65.7324523926, -52.9136238098, -17.0524864197, -1.8501021862], [-44.463684082, -33.850151062, 42.6357765198, 25.0729656219, 11.7818775177, 3.59159779549, 156.935836792, 323.407012939, 168.50378418, -44.4304924011, -131.503433228, -108.733100891, -32.3637199402], [53.8409423828, 49.5250930786, 214.971893311, 199.466842651, 2.121073246, -79.4190597534, -11.1525745392, 168.50378418, 291.027099609, 129.131698608, -19.6580142975, -77.1071548462, -41.3635520935], [224.143478394, 90.4762954712, 23.9657764435, 93.2583084106, 49.0417137146, 37.7860488892, -65.7324523926, -44.4304924011, 129.131698608, 278.611999512, 202.388717651, 58.5229721069, -56.8323402405], [196.430130005, 47.575050354, -30.3156604767, 18.4664211273, 47.4267044067, 71.7006607056, -52.9136238098, -131.503433228, -19.6580142975, 202.388717651, 299.400634766, 196.161132812, 6.09104347229], [164.293395996, 25.6801586151, 12.2128152847, 8.78299808502, 5.76656198502, 47.0398483276, -17.0524864197, -108.733100891, -77.1071548462, 58.5229721069, 196.161132812, 265.032226562, 131.632080078], [-239.169937134, 71.3455123901, 87.4217834473, 49.4747238159, -28.7165775299, -33.5599861145, -1.8501021862, -32.3637199402, -41.3635520935, -56.8323402405, 6.09104347229, 131.632080078, 225.226669312]], "icov": [[0.000100366654806, -2.62215121438e-06, 3.20190010825e-05, -5.49534270249e-05, 0.000203917326871, -0.000294600526104, 0.000480520277051, -0.00027709553251, 6.90236847731e-05, -2.99026178254e-05, 0.000163834280102, -0.000307048554532, 0.000233439248404], [-2.62215121438e-06, 0.000536932144314, -0.00069165637251, 0.000347095279722, 0.000349116104189, -0.000413575966377, 0.000301795866108, -0.000361030339263, 0.000649862922728, -0.000677588686813, -3.08719427267e-06, 0.000418576411903, -0.000343339255778], [3.20190010825e-05, -0.00069165637251, 0.00371641851962, -0.00309206778184, 0.000619866128545, 0.00229999679141, -0.0015604988439, 0.000864083936904, -0.00126082019415, 0.00138596410397, -0.000196612832951, -0.00111206027213, 0.000796308799181], [-5.49534270249e-05, 0.000347095279722, -0.00309206778184, 0.00587180163711, -0.00460120337084, 0.000628928712104, -0.000453233165899, 0.00184951070696, -0.00258270115592, -0.000453277229099, 0.000810196972452, -5.41888475709e-05, -0.00106779753696], [0.000203917326871, 0.000349116104189, 0.000619866128545, -0.00460120337084, 0.0106660323218, -0.00786567945033, 0.00591319706291, -0.00477623380721, 0.00348951201886, 0.000619785045274, -0.00220774160698, 0.0020059812814, 0.000110813161882], [-0.000294600526104, -0.000413575966377, 0.00229999679141, 0.000628928712104, -0.00786567945033, 0.0143701182678, -0.0124377207831, 0.00605025375262, -0.00100967555773, -0.00302715646103, 0.00232522725128, -0.00252105575055, 0.00115407793783], [0.000480520277051, 0.000301795866108, -0.0015604988439, -0.000453233165899, 0.00591319706291, -0.0124377207831, 0.0151640074328, -0.00827393494546, 0.00221049203537, 0.00248817703687, -0.0014839200303, 0.00084098224761, -0.00046132542775], [-0.00027709553251, -0.000361030339263, 0.000864083936904, 0.00184951070696, -0.00477623380721, 0.00605025375262, -0.00827393494546, 0.0123851913959, -0.00920478254557, 0.00340210949071, 0.00137931248173, -0.00122798036318, 0.000931067625061], [6.90236847731e-05, 0.000649862922728, -0.00126082019415, -0.00258270115592, 0.00348951201886, -0.00100967555773, 0.00221049203537, -0.00920478254557, 0.0172926038504, -0.012738192454, 0.00489772483706, 0.00120240566321, -0.000959518598393], [-2.99026178254e-05, -0.000677588686813, 0.00138596410397, -0.000453277229099, 0.000619785045274, -0.00302715646103, 0.00248817703687, 0.00340210949071, -0.012738192454, 0.0223118364811, -0.0169942956418, 0.00599740678445, 0.000126838145661], [0.000163834280102, -3.08719427267e-06, -0.000196612832951, 0.000810196972452, -0.00220774160698, 0.00232522725128, -0.0014839200303, 0.00137931248173, 0.00489772483706, -0.0169942956418, 0.0267365127802, -0.0179553963244, 0.00670636957511], [-0.000307048554532, 0.000418576411903, -0.00111206027213, -5.41888475709e-05, 0.0020059812814, -0.00252105575055, 0.00084098224761, -0.00122798036318, 0.00120240566321, 0.00599740678445, -0.0179553963244, 0.0215489175171, -0.0106788771227], [0.000233439248404, -0.000343339255778, 0.000796308799181, -0.00106779753696, 0.000110813161882, 0.00115407793783, -0.00046132542775, 0.000931067625061, -0.000959518598393, 0.000126838145661, 0.00670636957511, -0.0106788771227, 0.0109537979588]]}, "spectral_contrast_coeffs": {"dmean": [0.0553418509662, 0.0450274460018, 0.0470360331237, 0.035302951932, 0.0236936155707, 0.0198647081852], "dmean2": [0.0883976891637, 0.068651728332, 0.0704587101936, 0.0560320317745, 0.0390291586518, 0.0305636413395], "dvar": [0.002415653551, 0.00179803534411, 0.00219851615839, 0.00140210508835, 0.00042196243885, 0.000345993816154], "dvar2": [0.00595339993015, 0.00348460278474, 0.00410965597257, 0.00307306996547, 0.00110014888924, 0.000824812334031], "max": [-0.306413859129, -0.389064103365, -0.272428423166, -0.36633387208, -0.689063668251, -0.680466771126], "mean": [-0.563127398491, -0.743098318577, -0.747424006462, -0.798663318157, -0.832711279392, -0.789514243603], "median": [-0.545309245586, -0.771067619324, -0.802616715431, -0.83514893055, -0.834787964821, -0.788655042648], "min": [-0.972843110561, -0.969601929188, -0.956963896751, -0.9446362257, -0.934499442577, -0.948261380196], "var": [0.0108046261594, 0.0143445832655, 0.0206804387271, 0.00931030418724, 0.000905184657313, 0.00109282904305]}, "spectral_contrast_valleys": {"dmean": [0.560263812542, 0.629627645016, 0.734662234783, 0.830149650574, 0.793325006962, 0.838467478752], "dmean2": [0.844763755798, 0.896323978901, 0.995589256287, 1.1359654665, 1.04526615143, 1.09880149364], "dvar": [0.296122252941, 0.485624998808, 0.556124031544, 0.756030499935, 0.729299128056, 0.842347621918], "dvar2": [0.606173276901, 0.978187441826, 1.11028957367, 1.52869570255, 1.57065570354, 1.77199530602], "max": [-5.1739487648, -5.32651853561, -5.71897029877, -5.10103654861, -5.67739248276, -8.106