{"lowlevel": {"average_loudness": 0.966159403324, "barkbands_crest": {"dmean": 4.02068996429, "dmean2": 6.20570898056, "dvar": 20.0097618103, "dvar2": 41.4926528931, "max": 26.943157196, "mean": 17.9744625092, "median": 21.2882041931, "min": 1.98300147057, "var": 55.7044410706}, "barkbands_flatness_db": {"dmean": 0.0705967247486, "dmean2": 0.0993952155113, "dvar": 0.00547396810725, "dvar2": 0.0106352278963, "max": 0.756167829037, "mean": 0.21982948482, "median": 0.197191491723, "min": 0.00872269645333, "var": 0.0186056345701}, "barkbands_kurtosis": {"dmean": 112.951683044, "dmean2": 178.403778076, "dvar": 101062.617188, "dvar2": 241191.046875, "max": 8805.63476562, "mean": 116.223045349, "median": 12.6361408234, "min": -1.93152618408, "var": 115599.125}, "barkbands_skewness": {"dmean": 3.61265206337, "dmean2": 5.26373386383, "dvar": 24.6407642365, "dvar2": 54.1761627197, "max": 71.7561416626, "mean": 5.41698217392, "median": 3.44150018692, "min": -6.96184587479, "var": 48.3701438904}, "barkbands_spread": {"dmean": 15.9040355682, "dmean2": 24.3391170502, "dvar": 361.666137695, "dvar2": 722.755554199, "max": 128.036071777, "mean": 26.9158325195, "median": 15.9738397598, "min": 0.0315660573542, "var": 811.189575195}, "dissonance": {"dmean": 0.0153300613165, "dmean2": 0.0264301095158, "dvar": 0.0005459858221, "dvar2": 0.00148345774505, "max": 0.500000059605, "mean": 0.47955223918, "median": 0.487748295069, "min": 0.0183132998645, "var": 0.000671465764754}, "dynamic_complexity": 2.80214929581, "erbbands_crest": {"dmean": 3.25415682793, "dmean2": 5.20908546448, "dvar": 13.4853811264, "dvar2": 29.6645755768, "max": 28.1692695618, "mean": 8.44346141815, "median": 6.61149263382, "min": 1.62188124657, "var": 28.0586261749}, "erbbands_flatness_db": {"dmean": 0.0293885786086, "dmean2": 0.0442886613309, "dvar": 0.00104663008824, "dvar2": 0.00216809264384, "max": 0.453692555428, "mean": 0.122412741184, "median": 0.105473689735, "min": 0.0215954780579, "var": 0.00389150786214}, "erbbands_kurtosis": {"dmean": 4.66387033463, "dmean2": 7.40780639648, "dvar": 329.990539551, "dvar2": 731.488891602, "max": 438.025817871, "mean": 4.5549621582, "median": 0.182551622391, "min": -1.95524454117, "var": 639.361328125}, "erbbands_skewness": {"dmean": 0.858823001385, "dmean2": 1.27963328362, "dvar": 1.35623943806, "dvar2": 2.77771949768, "max": 15.8986501694, "mean": 0.0516794286668, "median": -0.343037039042, "min": -3.59774637222, "var": 3.90309929848}, "erbbands_spread": {"dmean": 24.9755382538, "dmean2": 38.3328781128, "dvar": 690.026184082, "dvar2": 1607.36706543, "max": 226.680053711, "mean": 65.1852798462, "median": 55.9145851135, "min": 0.747395217419, "var": 1677.39477539}, "hfc": {"dmean": 42.9302215576, "dmean2": 65.1304016113, "dvar": 4065.90966797, "dvar2": 9085.05761719, "max": 576.943115234, "mean": 53.6475028992, "median": 25.0234584808, "min": 1.05688112477e-16, "var": 5277.94628906}, "melbands_crest": {"dmean": 4.49652671814, "dmean2": 6.71544122696, "dvar": 24.4528827667, "dvar2": 47.3205528259, "max": 38.7022590637, "mean": 24.0091781616, "median": 24.684047699, "min": 1.00302779675, "var": 89.0001678467}, "melbands_flatness_db": {"dmean": 0.0826157927513, "dmean2": 0.115771912038, "dvar": 0.00738389231265, "dvar2": 0.0137920305133, "max": 0.918626666069, "mean": 0.301357746124, "median": 0.293287426233, "min": 8.62866116336e-08, "var": 0.0292335599661}, "melbands_kurtosis": {"dmean": 162.22807312, "dmean2": 248.085494995, "dvar": 69834.0703125, "dvar2": 157067.90625, "max": 3714.11303711, "mean": 205.144989014, "median": 66.7554855347, "min": -1.85770833492, "var": 103429.21875}, "melbands_skewness": {"dmean": 4.13879680634, "dmean2": 6.06793928146, "dvar": 21.5647621155, "dvar2": 47.0387153625, "max": 45.7994766235, "mean": 8.718791008, "median": 6.84797811508, "min": -2.87532162666, "var": 53.8073196411}, "melbands_spread": {"dmean": 15.7865362167, "dmean2": 23.9416351318, "dvar": 695.866821289, "dvar2": 1352.85559082, "max": 265.214904785, "mean": 27.8221244812, "median": 6.7810087204, "min": 0.0581549592316, "var": 2025.07641602}, "pitch_salience": {"dmean": 0.130384117365, "dmean2": 0.204031467438, "dvar": 0.0241825394332, "dvar2": 0.0527846850455, "max": 0.996003568172, "mean": 0.324779719114, "median": 0.230297639966, "min": 0.00891346856952, "var": 0.0643091648817}, "silence_rate_20dB": {"dmean": 0.00907911825925, "dmean2": 0.0181592181325, "dvar": 0.00899340305477, "dvar2": 0.0216157846153, "max": 1, "mean": 0.991083502769, "median": 1, "min": 0, "var": 0.0088351406157}, "silence_rate_30dB": {"dmean": 0.208279296756, "dmean2": 0.416581094265, "dvar": 0.164901599288, "dvar2": 0.314782291651, "max": 1, "mean": 0.54044854641, "median": 1, "min": 0, "var": 0.248358845711}, "silence_rate_60dB": {"dmean": 0.0255079977214, "dmean2": 0.0510187521577, "dvar": 0.02485184744, "dvar2": 0.0610613077879, "max": 1, "mean": 0.0583626031876, "median": 0, "min": 0, "var": 0.0549669638276}, "spectral_centroid": {"dmean": 595.75402832, "dmean2": 890.019226074, "dvar": 447604.9375, "dvar2": 860352.5625, "max": 11781.9716797, "mean": 2021.24987793, "median": 1886.94445801, "min": 51.1848220825, "var": 2437223.25}, "spectral_complexity": {"dmean": 8.37170314789, "dmean2": 12.4086904526, "dvar": 81.6454238892, "dvar2": 165.114257812, "max": 60, "mean": 15.0911645889, "median": 11, "min": 0, "var": 186.091125488}, "spectral_decrease": {"dmean": 1.29551143147e-08, "dmean2": 1.99240997034e-08, "dvar": 2.27937863125e-16, "dvar2": 5.41415042495e-16, "max": 2.17768092448e-09, "mean": -2.4825444811e-08, "median": -2.26675034298e-08, "min": -1.26946630985e-07, "var": 4.60202423485e-16}, "spectral_energy": {"dmean": 0.0505590923131, "dmean2": 0.0776624083519, "dvar": 0.00322762550786, "dvar2": 0.00772835034877, "max": 0.482323020697, "mean": 0.0985626205802, "median": 0.091558419168, "min": 9.72172287678e-21, "var": 0.00647496525198}, "spectral_energyband_high": {"dmean": 0.00369262858294, "dmean2": 0.00556340999901, "dvar": 3.73149123334e-05, "dvar2": 8.28887132229e-05, "max": 0.0564119741321, "mean": 0.00429640989751, "median": 0.00134953542147, "min": 6.78330269118e-21, "var": 5.08654411533e-05}, "spectral_energyband_low": {"dmean": 0.0484421923757, "dmean2": 0.075372159481, "dvar": 0.00350346253254, "dvar2": 0.00837614294142, "max": 0.479658633471, "mean": 0.0861974358559, "median": 0.0759020075202, "min": 1.43142881775e-23, "var": 0.00663352897391}, "spectral_energyband_middle_high": {"dmean": 0.00329949823208, "dmean2": 0.00558205926791, "dvar": 3.0948100175e-05, "dvar2": 8.14632876427e-05, "max": 0.0563735328615, "mean": 0.00357649265788, "median": 0.0014245264465, "min": 1.09933858411e-21, "var": 2.84118868876e-05}, "spectral_energyband_middle_low": {"dmean": 0.00548799987882, "dmean2": 0.00973105803132, "dvar": 0.000175943394424, "dvar2": 0.000492508872412, "max": 0.135027900338, "mean": 0.00513293407857, "median": 0.0011700054165, "min": 1.22149620702e-22, "var": 0.000122520330478}, "spectral_entropy": {"dmean": 0.337673842907, "dmean2": 0.511005461216, "dvar": 0.210331752896, "dvar2": 0.429063528776, "max": 9.82366466522, "mean": 7.96257448196, "median": 8.14824295044, "min": 3.62574219704, "var": 0.604309380054}, "spectral_flux": {"dmean": 0.0822172686458, "dmean2": 0.128740668297, "dvar": 0.00593880889937, "dvar2": 0.0138957584277, "max": 0.602896869183, "mean": 0.154274865985, "median": 0.131642520428, "min": 6.29061247537e-11, "var": 0.010223923251}, "spectral_kurtosis": {"dmean": 1.71228122711, "dmean2": 2.71765518188, "dvar": 9.63546848297, "dvar2": 22.6295757294, "max": 68.5196304321, "mean": 2.99014139175, "median": 1.89620018005, "min": -1.28294849396, "var": 17.0967693329}, "spectral_rms": {"dmean": 0.00256645819172, "dmean2": 0.00376634788699, "dvar": 6.1683081185e-06, "dvar2": 1.41893278851e-05, "max": 0.0216923728585, "mean": 0.00878997985274, "median": 0.0094512058422, "min": 3.07970901385e-12, "var": 1.88947633433e-05}, "spectral_rolloff": {"dmean": 1419.40319824, "dmean2": 2325.89086914, "dvar": 7075015.5, "dvar2": 14215261, "max": 19832.0800781, "mean": 2664.51416016, "median": 107.666015625, "min": 43.06640625, "var": 19545928}, "spectral_skewness": {"dmean": 0.310546427965, "dmean2": 0.469746470451, "dvar": 0.164271369576, "dvar2": 0.359198510647, "max": 7.46108675003, "mean": 1.2963398695, "median": 1.19526433945, "min": -0.0948588177562, "var": 0.426540851593}, "spectral_spread": {"dmean": 1563878.875, "dmean2": 2394102.5, "dvar": 4343096147970.0, "dvar2": 9212343091200.0, "max": 52449868, "mean": 7799618, "median": 7281111.5, "min": 1111468.75, "var": 21404258926600.0}, "spectral_strongpeak": {"dmean": 0.376476943493, "dmean2": 0.608620762825, "dvar": 0.605570316315, "dvar2": 1.63908803463, "max": 15.0054979324, "mean": 0.72504478693, "median": 0.685221195221, "min": 0, "var": 0.536626935005}, "zerocrossingrate": {"dmean": 0.0307478122413, "dmean2": 0.0347573496401, "dvar": 0.00149802223314, "dvar2": 0.00168174516875, "max": 0.56884765625, "mean": 0.0899516195059, "median": 0.04296875, "min": 0.001953125, "var": 0.0119177345186}, "barkbands": {"dmean": [0.00299168005586, 0.0443609170616, 0.00595395965502, 0.00155601685401, 0.00191182957496, 0.00110969413072, 0.000642737955786, 0.000431691441918, 0.000381034478778, 0.000187807061593, 0.000238420776441, 0.000395806302549, 0.000371524714865, 0.00036378231016, 0.000524943345226, 0.000351822469383, 0.000342702085618, 0.000307123729726, 0.000788798264693, 0.000280041247606, 0.000357515818905, 0.000425761827501, 0.00065844738856, 0.000756058783736, 0.000638244091533, 0.000621183484327, 0.000335289514624], "dmean2": [0.00450255488977, 0.0681493803859, 0.0108291059732, 0.00287235993892, 0.0033978743013, 0.00198725913651, 0.00115280644968, 0.000770850805566, 0.000677574367728, 0.000317231228109, 0.000417674251366, 0.000705807586201, 0.000671845977195, 0.000632048642728, 0.00094590918161, 0.000594810175244, 0.000569747295231, 0.000521959853359, 0.00139278173447, 0.000445704325102, 0.000582457287237, 0.00065971649019, 0.00103401299566, 0.00117063219659, 0.000976003997494, 0.000955183582846, 0.00055757840164], "dvar": [2.27342752623e-05, 0.00294863013551, 0.000274023303064, 1.88197045645e-05, 3.01690506603e-05, 8.2847509475e-06, 2.58965610556e-06, 1.12756924864e-06, 8.5580461473e-07, 1.88494468034e-07, 3.18912782404e-07, 1.34450942824e-06, 6.24504423286e-07, 4.44452751935e-07, 1.13725343454e-06, 4.01656649274e-07, 5.12498900207e-07, 3.46763499692e-07, 8.07733704278e-06, 1.96631958715e-07, 3.23044275774e-07, 5.67685276565e-07, 1.54410281539e-06, 1.95193729269e-06, 1.71873648469e-06, 1.7387818616e-06, 8.58721364239e-07], "dvar2": [5.53373611183e-05, 0.0069670858793, 0.000772820727434, 5.34927057743e-05, 8.60424843268e-05, 2.35763636738e-05, 7.33163233235e-06, 3.08029643747e-06, 2.22798780669e-06, 5.05036780396e-07, 8.53816970903e-07, 3.76104458155e-06, 1.77176718807e-06, 1.18996445053e-06, 3.1852716802e-06, 1.03161232801e-06, 1.23494191939e-06, 9.23748245896e-07, 2.33116552408e-05, 4.73919357091e-07, 7.95436676526e-07, 1.29584452679e-06, 3.73524994757e-06, 4.66468736704e-06, 3.94295147998e-06, 3.86065858038e-06, 2.2326346425e-06], "max": [0.0709788277745, 0.452610641718, 0.186207324266, 0.0485996603966, 0.0740462094545, 0.0286364536732, 0.0182944368571, 0.0229790359735, 0.0288275294006, 0.00731513136998, 0.00985901895911, 0.0185343865305, 0.00874878000468, 0.0092183034867, 0.0134131750092, 0.00632157875225, 0.0103608909994, 0.00823605619371, 0.0278747025877, 0.00750035932288, 0.0115747218952, 0.0186204183847, 0.0136066200212, 0.0155064761639, 0.0148141728714, 0.0139698348939, 0.0127963228151], "mean": [0.00375801511109, 0.0774175748229, 0.00441433116794, 0.0011878029909, 0.00170734827407, 0.0010011367267, 0.000551246688701, 0.00033477411489, 0.000298571074381, 0.000166391400853, 0.000201806687983, 0.000303741777316, 0.000316606514389, 0.000327921385178, 0.000480034912471, 0.000328982452629, 0.000355907832272, 0.000335106335115, 0.000621253042482, 0.000352912611561, 0.000405125058023, 0.000541841378435, 0.000724027107935, 0.000817392487079, 0.000679260294419, 0.000630745606031, 0.000303066772176], "median": [0.0011682943441, 0.0662802904844, 0.000744680291973, 0.000160163355758, 0.000145226862514, 8.61836888362e-05, 7.92736100266e-05, 4.65371558676e-05, 4.4920558139e-05, 4.3479121814e-05, 4.67974350613e-05, 6.30344293313e-05, 8.98291982594e-05, 9.7105767054e-05, 0.000102561098174, 8.4179075202e-05, 8.65785186761e-05, 0.000102612895716, 0.000103705482616, 0.000125712860608, 0.000141403550515, 0.000147272308823, 0.000180503484444, 0.000216885193367, 0.000156616093591, 9.736395441e-05, 2.89656527457e-05], "min": [4.58721728917e-25, 2.12080245102e-24, 1.32177835493e-25, 9.04802060436e-25, 5.58878802939e-24, 5.73899937308e-24, 4.09912360635e-24, 9.11028164852e-24, 1.27021333774e-23, 1.60899872538e-23, 7.69074064908e-24, 1.62099729975e-23, 1.9480984741e-23, 2.15416803298e-23, 3.5799340916e-23, 4.23827196471e-23, 4.97339503398e-23, 8.69862657582e-23, 1.17035631091e-22, 1.3198650162e-22, 2.00677959648e-22, 2.84177056308e-22, 4.00721599397e-22, 5.71398737057e-22, 7.47919099971e-22, 1.25986402855e-21, 1.90771759944e-21], "var": [3.2240532164e-05, 0.005670722574, 0.000166463549249, 1.17070512715e-05, 2.11424394365e-05, 5.79886909691e-06, 1.83057863978e-06, 7.84758697137e-07, 8.60307125095e-07, 1.47052432453e-07, 2.39074324782e-07, 8.44154556034e-07, 4.42135728917e-07, 3.77782754413e-07, 9.7845156688e-07, 3.58588721383e-07, 5.59297404834e-07, 3.59214396894e-07, 4.65861467092e-06, 3.10941800308e-07, 4.19854245592e-07, 1.03373429283e-06, 1.74483864157e-06, 2.23625124818e-06, 1.94422023014e-06, 1.94073300008e-06, 7.2758831493e-07]}, "erbbands": {"dmean": [1.75222599506, 8.87173271179, 9.20526790619, 5.5845541954, 4.92319393158, 7.03777933121, 7.54575014114, 9.90337181091, 10.9881353378, 7.91899299622, 9.86325550079, 8.68392753601, 6.05389499664, 7.26821136475, 12.0460824966, 15.1764774323, 15.9646377563, 20.0055370331, 21.1962776184, 24.2351741791, 19.2016563416, 20.5825538635, 18.0620002747, 40.5680732727, 23.0140838623, 12.1475496292, 14.3094482422, 13.7040719986, 15.0434160233, 16.5048503876, 20.7753601074, 16.3986358643, 11.6752338409, 7.73415899277, 4.40790605545, 2.39188742638, 1.19023311138, 0.358830690384, 0.0536733791232, 0.00344912265427], "dmean2": [2.60043144226, 13.6753463745, 15.7302007675, 10.1150827408, 8.7172088623, 12.6017580032, 13.2293643951, 17.8819465637, 19.694562912, 14.0212392807, 17.8064365387, 15.3345069885, 10.5898160934, 12.2486600876, 21.4645252228, 26.8641242981, 28.5237216949, 34.7993011475, 37.687335968, 43.5953140259, 32.2750549316, 34.4130096436, 30.1180343628, 71.7957992554, 39.279258728, 19.2935905457, 23.3612918854, 21.7284603119, 23.3201465607, 25.987279892, 32.5614433289, 25.2522640228, 18.2204456329, 11.8221979141, 6.79401540756, 3.63877439499, 1.8440785408, 0.585851371288, 0.0889928713441, 0.00577061763033], "dvar": [5.0343952179, 137.372680664, 452.364349365, 200.304763794, 217.419677734, 404.374389648, 384.788879395, 719.374206543, 851.989685059, 293.288513184, 639.957763672, 472.571075439, 181.166519165, 235.579284668, 918.717468262, 1565.62316895, 1122.21166992, 1237.16699219, 1697.8815918, 2553.49853516, 1190.4597168, 1986.70275879, 1296.22595215, 21749.7363281, 3207.16137695, 355.87097168, 490.183410645, 485.247528076, 786.433410645, 914.399291992, 1550.93212891, 893.531921387, 453.169525146, 233.556793213, 90.6111831665, 25.0062160492, 6.94953107834, 0.725576877594, 0.0217551589012, 0.000114840579045], "dvar2": [11.7253236771, 316.088287354, 1239.33483887, 563.000061035, 617.203979492, 1145.9942627, 1072.78271484, 2052.99291992, 2414.47900391, 804.576477051, 1749.01403809, 1168.51794434, 492.949615479, 614.200805664, 2499.75805664, 4344.25537109, 3159.13330078, 3332.69067383, 4672.66064453, 7164.18798828, 2874.01733398, 4845.7265625, 3314.44360352, 62746.3085938, 8951.96386719, 845.873779297, 1231.99633789, 1148.53955078, 1789.86743164, 2259.66674805, 3698.67333984, 2110.85229492, 1089.21557617, 535.16607666, 211.882553101, 54.4284553528, 15.7779769897, 1.79754126072, 0.056438896805, 0.000305111752823], "max": [21.4760608673, 109.442382812, 229.626831055, 161.925567627, 197.504165649, 278.743347168, 241.741333008, 274.113098145, 303.450805664, 299.143188477, 548.16986084, 874.154724121, 210.290405273, 221.035980225, 447.05078125, 601.151123047, 369.270599365, 427.281829834, 610.874938965, 593.84564209, 421.585021973, 647.484619141, 591.248962402, 1482.52380371, 619.49017334, 371.387664795, 266.250213623, 513.602233887, 658.328674316, 366.779632568, 433.889221191, 349.106994629, 218.237289429, 161.670135498, 129.387741089, 54.0375175476, 31.9581737518, 11.8931703568, 2.26380753517, 0.15592674911], "mean": [2.95249915123, 14.2698831558, 8.84914588928, 4.50011587143, 4.20421600342, 6.17921638489, 7.2601518631, 8.22496128082, 9.24604225159, 6.80489063263, 7.48185348511, 6.85483837128, 5.06874322891, 6.66364192963, 9.55117702484, 12.15117836, 14.155090332, 18.0705661774, 20.1259307861, 22.241689682, 18.9357242584, 21.5079689026, 20.2539920807, 32.2271003723, 21.1923713684, 15.5256233215, 16.4445724487, 16.5115776062, 19.0199565887, 20.6374206543, 21.609287262, 17.7542972565, 12.52546978, 8.35739326477, 4.60287427902, 2.55341339111, 1.1592206955, 0.327706754208, 0.049503043294, 0.00309038884006], "median": [2.01895666122, 10.5553808212, 3.13464975357, 0.846804857254, 0.534772276878, 0.445502281189, 0.531003177166, 0.735610544682, 0.971425533295, 1.26986587048, 1.12342011929, 1.03569948673, 1.28274071217, 1.74188375473, 2.06521439552, 2.9260969162, 4.32107830048, 5.29247140884, 5.44175767899, 5.34873533249, 5.00947093964, 5.33927822113, 5.86590909958, 5.54803180695, 5.26151514053, 5.63490152359, 5.48172330856, 5.63357782364, 5.24046373367, 5.0275759697, 5.28948116302, 4.71143054962, 3.30839276314, 1.98287844658, 1.01393187046, 0.483457893133, 0.162793755531, 0.0421749018133, 0.00480825267732, 0.000335538294166], "min": [1.01768534624e-22, 5.28107868114e-22, 1.93620544932e-21, 2.10630173292e-21, 6.09405404187e-21, 1.46648637445e-20, 2.00075102299e-20, 4.87092541532e-20, 6.71217969878e-20, 1.44852340428e-19, 2.84026034252e-19, 2.64111195716e-19, 2.65876890281e-19, 5.30961961921e-19, 5.78092955466e-19, 1.00389410194e-18, 1.11023230559e-18, 1.54168733496e-18, 1.92841381347e-18, 2.81288929794e-18, 2.84668334828e-18, 2.94913400984e-18, 4.71733203764e-18, 5.41373870407e-18, 7.08095638385e-18, 7.22090459014e-18, 8.12978831334e-18, 7.8110979572e-18, 1.07979445787e-17, 1.1568896762e-17, 1.12274630749e-17, 1.11994555665e-17, 9.09358938459e-18, 7.49607118399e-18, 6.06749180222e-18, 4.15556680029e-18, 2.27812923284e-18, 9.64422387282e-19, 2.47165754633e-19, 2.60592217525e-20], "var": [9.9005613327, 239.311965942, 334.436676025, 128.089050293, 150.564178467, 284.768218994, 340.019470215, 470.823822021, 583.334106445, 225.47428894, 446.02722168, 546.24407959, 134.660354614, 204.604232788, 630.816833496, 1023.25152588, 821.75012207, 1050.76428223, 1415.59729004, 2100.3347168, 1186.91003418, 2112.69433594, 1469.43127441, 12578.765625, 2232.34106445, 600.444396973, 625.889465332, 747.157958984, 1336.64416504, 1434.82873535, 1666.77307129, 1036.22106934, 522.549682617, 274.345703125, 97.7681503296, 29.6107368469, 7.32862329483, 0.644977331161, 0.0190368518233, 9.23453771975e-05]}, "gfcc": {"mean": [-20.778591156, 23.7120018005, -64.9429397583, 49.7463684082, -25.3633995056, 34.0027313232, -17.6479911804, 17.5033969879, -7.1837720871, 14.3825759888, -4.414083004, 6.45712280273, -9.32010746002], "cov": [[35063.0351562, 9.79057407379, -1098.2923584, 951.919372559, -1274.49401855, 279.067443848, -1332.16442871, 232.136352539, -616.15838623, 226.125701904, -370.7449646, 227.770751953, -347.906005859], [9.79057407379, 3064.67797852, 765.846496582, 449.857910156, 357.019012451, -46.8761444092, 168.177780151, 30.5947132111, 225.025650024, -52.7856292725, 166.20916748, -56.2961921692, 98.5809326172], [-1098.2923584, 765.846496582, 2374.29760742, 524.967041016, 68.0551147461, 36.2043380737, 34.3665504456, -99.8416137695, 31.7242965698, -10.1088552475, 18.7992134094, 20.6531829834, -11.7595891953], [951.919372559, 449.857910156, 524.967041016, 888.595703125, 230.962768555, 224.768203735, 52.7664604187, 99.2478256226, 52.6871376038, 9.34749221802, 40.7770500183, -23.5550460815, -5.07374620438], [-1274.49401855, 357.019012451, 68.0551147461, 230.962768555, 676.846923828, 127.55897522, 238.843063354, 38.0229759216, 88.0891799927, -16.6670322418, 39.9569625854, -38.8443603516, 14.2270879745], [279.067443848, -46.8761444092, 36.2043380737, 224.768203735, 127.55897522, 344.266937256, 143.891647339, 111.062805176, 66.265838623, 40.9507637024, 12.3920345306, -3.81450796127, -8.11361694336], [-1332.16442871, 168.177780151, 34.3665504456, 52.7664604187, 238.843063354, 143.891647339, 348.691162109, 115.018310547, 137.565444946, 18.0517883301, 56.5224609375, -25.1353492737, 6.70064020157], [232.136352539, 30.5947132111, -99.8416137695, 99.2478256226, 38.0229759216, 111.062805176, 115.018310547, 212.785522461, 109.522277832, 54.5484809875, 36.0290870667, 5.20374917984, -4.14046096802], [-616.15838623, 225.025650024, 31.7242965698, 52.6871376038, 88.0891799927, 66.265838623, 137.565444946, 109.522277832, 189.189529419, 70.4497528076, 74.9231719971, -3.14995312691, 12.9295787811], [226.125701904, -52.7856292725, -10.1088552475, 9.34749221802, -16.6670322418, 40.9507637024, 18.0517883301, 54.5484809875, 70.4497528076, 131.071792603, 58.3091850281, 26.0867576599, -8.94013881683], [-370.7449646, 166.20916748, 18.7992134094, 40.7770500183, 39.9569625854, 12.3920345306, 56.5224609375, 36.0290870667, 74.9231719971, 58.3091850281, 121.949333191, 28.6042613983, 10.6187496185], [227.770751953, -56.2961921692, 20.6531829834, -23.5550460815, -38.8443603516, -3.81450796127, -25.1353492737, 5.20374917984, -3.14995312691, 26.0867576599, 28.6042613983, 81.7842483521, 21.7790775299], [-347.906005859, 98.5809326172, -11.7595891953, -5.07374620438, 14.2270879745, -8.11361694336, 6.70064020157, -4.14046096802, 12.9295787811, -8.94013881683, 10.6187496185, 21.7790775299, 85.8474578857]], "icov": [[5.00525893585e-05, -5.20306930412e-05, 4.68485413876e-05, -7.0361289545e-05, 5.70728152525e-05, -6.71461239108e-05, 0.000141668773722, -0.000106458624941, 0.000152931039338, -0.000164005366969, 0.000206884433283, -0.00020557512471, 0.000219304522034], [-5.20306930412e-05, 0.000552787852939, -0.000169089675182, -7.54513166612e-05, -0.000184585413081, 0.000298305705655, -2.68533985945e-05, 0.000125214733998, -0.000721345306374, 0.000727023580112, -0.000858775689267, 0.000680401630234, -0.000688378640916], [4.68485413876e-05, -0.000169089675182, 0.000638327503111, -0.00050935317995, 0.000232088903431, 4.86049175379e-05, -0.00021649687551, 0.00063341006171, -0.00015407158935, -0.000282725755824, 0.000655310053844, -0.000849340518471, 0.00058312137844], [-7.0361289545e-05, -7.54513166612e-05, -0.00050935317995, 0.00214779516682, -0.000703192781657, -0.0011793874437, 0.000953114358708, -0.00108653923962, 0.000357974000508, 0.000602034793701, -0.00128526217304, 0.00124508561566, -0.000411177577917], [5.70728152525e-05, -0.000184585413081, 0.000232088903431, -0.000703192781657, 0.00239040330052, -0.00016746444453, -0.0015073165996, 0.000838583742734, -3.00885840261e-05, 1.07041341835e-05, 0.000331610324793, -0.000102082733065, 0.000170134619111], [-6.71461239108e-05, 0.000298305705655, 4.86049175379e-05, -0.0011793874437, -0.00016746444453, 0.00502754701301, -0.00208251550794, -0.000761298753787, -2.35981970036e-05, -0.00110435695387, 0.00116385892034, -0.000397787720431, -0.000203468094696], [0.000141668773722, -2.68533985945e-05, -0.00021649687551, 0.000953114358708, -0.0015073165996, -0.00208251550794, 0.00700984755531, -0.00221805716865, -0.00216391729191, 0.0017017434584, -0.00150543451309, 0.00118753279094, 0.000418569979956], [-0.000106458624941, 0.000125214733998, 0.00063341006171, -0.00108653923962, 0.000838583742734, -0.000761298753787, -0.00221805716865, 0.00942180491984, -0.0046147024259, -0.00061740539968, 0.00126622407697, -0.00163259450346, 0.000752230989747], [0.000152931039338, -0.000721345306374, -0.00015407158935, 0.000357974000508, -3.00885840261e-05, -2.35981970036e-05, -0.00216391729191, -0.0046147024259, 0.0140631003305, -0.00526053830981, -0.00283560692333, 0.00245434604585, -0.00154055224266], [-0.000164005366969, 0.000727023580112, -0.000282725755824, 0.000602034793701, 1.07041341835e-05, -0.00110435695387, 0.0017017434584, -0.00061740539968, -0.00526053830981, 0.0141782723367, -0.00547414412722, -0.00150719785597, 0.00155689183157], [0.000206884433283, -0.000858775689267, 0.000655310053844, -0.00128526217304, 0.000331610324793, 0.00116385892034, -0.00150543451309, 0.00126622407697, -0.00283560692333, -0.00547414412722, 0.0161653403193, -0.00646972982213, 0.0015707903076], [-0.00020557512471, 0.000680401630234, -0.000849340518471, 0.00124508561566, -0.000102082733065, -0.000397787720431, 0.00118753279094, -0.00163259450346, 0.00245434604585, -0.00150719785597, -0.00646972982213, 0.0187687575817, -0.0063371961005], [0.000219304522034, -0.000688378640916, 0.00058312137844, -0.000411177577917, 0.000170134619111, -0.000203468094696, 0.000418569979956, 0.000752230989747, -0.00154055224266, 0.00155689183157, 0.0015707903076, -0.0063371961005, 0.0151471449062]]}, "melbands": {"dmean": [0.0136831942946, 0.00708502158523, 0.000957898329943, 0.000420687225414, 0.000281009735772, 0.000224435658311, 0.000157648159075, 8.63503373694e-05, 8.20595960249e-05, 5.26244766661e-05, 2.9502385587e-05, 2.82197561319e-05, 3.49753936462e-05, 4.60338524135e-05, 3.30182447215e-05, 4.18080780946e-05, 3.66872409359e-05, 3.14081153192e-05, 4.34051908087e-05, 2.51798537647e-05, 2.19345965888e-05, 2.1727721105e-05, 1.85032022273e-05, 1.47188584378e-05, 3.7312918721e-05, 2.51298733929e-05, 1.0726180335e-05, 7.78501089371e-06, 8.99189126358e-06, 9.3225908131e-06, 7.72764542489e-06, 8.35846731206e-06, 9.33292994887e-06, 9.38866651268e-06, 1.31460465127e-05, 1.06543757283e-05, 9.83283462119e-06, 8.6219597506e-06, 6.95789776728e-06, 6.57175405649e-06], "dmean2": [0.0206456817687, 0.0112996986136, 0.00172742910217, 0.000745348806959, 0.000496442138683, 0.000403212179663, 0.000282598892227, 0.000152917695232, 0.000148075938341, 9.27165456233e-05, 5.17395019415e-05, 4.75028828077e-05, 6.21395156486e-05, 8.27756957733e-05, 5.8459732827e-05, 7.50262770453e-05, 6.37637640466e-05, 5.59910295124e-05, 7.85405718489e-05, 4.43827157142e-05, 3.7170102587e-05, 3.66882268281e-05, 3.07614354824e-05, 2.5105133318e-05, 6.67109052301e-05, 4.42345371994e-05, 1.76630965143e-05, 1.22926958284e-05, 1.4725184883e-05, 1.55010402523e-05, 1.22012834254e-05, 1.30940125018e-05, 1.47461032611e-05, 1.4874613953e-05, 2.0862371457e-05, 1.66272166098e-05, 1.53352084453e-05, 1.36141334224e-05, 1.08960166472e-05, 1.006281218e-05], "dvar": [0.000272925273748, 0.000131922453875, 6.12706844549e-06, 1.44704290506e-06, 5.71402267724e-07, 3.55874789193e-07, 1.71679943151e-07, 3.69906096864e-08, 4.43732055544e-08, 1.81955588374e-08, 4.39867120505e-09, 3.7482750237e-09, 6.76823130874e-09, 2.26961418548e-08, 7.09017600187e-09, 7.27113036447e-09, 4.35623093153e-09, 4.15235490436e-09, 8.92099727423e-09, 2.39854780482e-09, 1.52901413752e-09, 2.24788299086e-09, 1.83236681384e-09, 8.01937904971e-10, 2.00868512934e-08, 6.875125802e-09, 4.06443018131e-10, 1.45511824812e-10, 2.11271333761e-10, 2.4165258683e-10, 1.75459702323e-10, 2.62293825548e-10, 3.07265962673e-10, 3.28299887276e-10, 6.9717981388e-10, 3.40855454972e-10, 3.6056341246e-10, 2.70134831171e-10, 1.61815269517e-10, 1.84342777154e-10], "dvar2": [0.000646205269732, 0.00033118846477, 1.71641131601e-05, 4.10817665397e-06, 1.60925458204e-06, 1.01422733678e-06, 4.86168005409e-07, 1.01059050905e-07, 1.20624221722e-07, 4.4562980861e-08, 1.20275576165e-08, 9.79919168032e-09, 1.82609856125e-08, 6.3723817334e-08, 1.96266469743e-08, 2.050827419e-08, 1.16298473074e-08, 1.15360210273e-08, 2.52966909642e-08, 6.5384746506e-09, 3.66193408929e-09, 5.43464562242e-09, 4.80534767533e-09, 2.12541828581e-09, 5.81025467739e-08, 1.96582643497e-08, 1.06269781863e-09, 3.42685935184e-10, 5.28020294155e-10, 6.22637552627e-10, 4.14418249717e-10, 6.09185257794e-10, 7.5557005097e-10, 8.22048873417e-10, 1.65814995068e-09, 8.1165352217e-10, 8.66603289129e-10, 6.58226806394e-10, 3.84015819144e-10, 4.24925122866e-10], "max": [0.154199302197, 0.116167828441, 0.027030332014, 0.0167736895382, 0.00897308439016, 0.00583722628653, 0.00436584046111, 0.00328833586536, 0.00410853838548, 0.00550775974989, 0.00108875951264, 0.000927776563913, 0.0014252018882, 0.00248692859896, 0.00171589129604, 0.000878554827068, 0.000893336022273, 0.000968211505096, 0.00129631441087, 0.000463407341158, 0.000510709127411, 0.000695765484124, 0.00105033826549, 0.000391429348383, 0.00141846924089, 0.000802813447081, 0.000259154272499, 0.000231697806157, 0.000186274919542, 0.000366741413018, 0.000326619134285, 0.000382787984563, 0.000459034868982, 0.000230291669141, 0.000292687764158, 0.000205823016586, 0.000246438139584, 0.000197589455638, 0.000146042904817, 0.000161823103554], "mean": [0.0238739326596, 0.00956904795021, 0.000763789867051, 0.000367595814168, 0.000261354842223, 0.000191169092432, 0.000133350782562, 7.2900475061e-05, 6.13640295342e-05, 4.13556554122e-05, 2.42188943957e-05, 2.57091542153e-05, 2.84865072899e-05, 3.4810971556e-05, 2.75991496892e-05, 3.60235899279e-05, 3.24314423779e-05, 2.86520698864e-05, 3.94726994273e-05, 2.20525653276e-05, 2.11849528569e-05, 2.18982331717e-05, 1.98625584744e-05, 1.56397472892e-05, 2.83393619611e-05, 2.02534083655e-05, 1.13450232675e-05, 1.00961533462e-05, 1.06155375761e-05, 9.73562782747e-06, 9.31869271881e-06, 1.03933734863e-05, 1.12530833576e-05, 1.14659669634e-05, 1.33722151077e-05, 1.09216634883e-05, 1.05562940007e-05, 9.0544399427e-06, 7.46423938836e-06, 7.00252803654e-06], "median": [0.0196605864912, 0.00581550924107, 0.000133232126245, 3.16346922773e-05, 1.83758529602e-05, 1.71219344338e-05, 1.54280260176e-05, 1.24919315567e-05, 8.31457327877e-06, 6.27951158094e-06, 5.91423258811e-06, 6.62942329654e-06, 6.54554423818e-06, 7.11082338967e-06, 7.51591596782e-06, 9.902390957e-06, 9.12718314794e-06, 7.90686772234e-06, 7.80302343628e-06, 5.71586269871e-06, 5.34513628736e-06, 5.07620188728e-06, 4.98376039104e-06, 4.69168253403e-06, 4.23731034971e-06, 3.57592602995e-06, 3.58486363439e-06, 3.3965327475e-06, 3.29342151417e-06, 3.18739262184e-06, 3.01914610645e-06, 2.83316489913e-06, 2.66820597972e-06, 2.62946559815e-06, 2.94620895147e-06, 2.78078823612e-06, 2.82130190499e-06, 2.31008539231e-06, 1.91237927538e-06, 1.55494853971e-06], "min": [9.21193702578e-25, 1.18338819051e-24, 7.82323171165e-25, 8.01683346197e-25, 6.1423890176e-25, 1.12604273586e-24, 1.19438629203e-24, 1.45061166671e-24, 1.96397394483e-24, 1.48653382853e-24, 1.19719887698e-24, 1.68051216133e-24, 1.79389395595e-24, 1.1334092176e-24, 1.82275600988e-24, 2.26669320354e-24, 2.54545692592e-24, 2.21655142947e-24, 3.06945561285e-24, 2.65352574234e-24, 3.05838059738e-24, 2.98479841316e-24, 2.36218323839e-24, 3.70547097059e-24, 3.6303012038e-24, 3.68805489396e-24, 4.67599076507e-24, 4.24589236106e-24, 4.50698678246e-24, 4.0007388464e-24, 4.51498701533e-24, 5.04725276732e-24, 5.32985311472e-24, 5.92318537825e-24, 5.28773938086e-24, 4.93281153251e-24, 5.31875936381e-24, 5.601496973e-24, 4.76343875742e-24, 5.48912294819e-24], "var": [0.000549474207219, 0.000158835857292, 3.95691995436e-06, 1.01730665847e-06, 4.48375487849e-07, 2.36783591845e-07, 1.18559505324e-07, 2.78891736372e-08, 3.13259036488e-08, 2.07391721574e-08, 3.17895287871e-09, 3.22176840761e-09, 4.83622963898e-09, 1.39602480687e-08, 4.70649874629e-09, 5.55146462133e-09, 3.72073638566e-09, 3.24508975247e-09, 7.70898811453e-09, 1.84131943026e-09, 1.52666201902e-09, 2.30934937839e-09, 1.89729698619e-09, 7.98602350915e-10, 1.14350156011e-08, 4.11021927604e-09, 4.18509393807e-10, 2.67958488731e-10, 2.82557005571e-10, 2.67960820199e-10, 2.63952776303e-10, 4.10691730623e-10, 5.13309839079e-10, 4.59839832878e-10, 7.26650684069e-10, 3.71002339961e-10, 4.00817129487e-10, 2.91679624898e-10, 1.92168003732e-10, 2.09438882903e-10]}, "mfcc": {"mean": [-670.000488281, 66.502281189, 28.4170265198, 32.2735557556, 26.627407074, 25.9252052307, 15.1438999176, 14.633231163, 9.37093544006, 13.4138126373, 11.823679924, 11.4395370483, 7.21589374542], "cov": [[15805.7998047, -610.56854248, -384.93548584, -228.654724121, -14.9536991119, -333.120910645, -343.49597168, -285.800354004, -275.188903809, -75.4650039673, -248.782287598, -172.553619385, -58.6538162231], [-610.56854248, 2313.39282227, 379.082000732, 350.717163086, 198.389221191, 84.536605835, 63.9344329834, 91.5229568481, 81.7946548462, 72.6023406982, 85.4510192871, 85.9788284302, 71.3814163208], [-384.93548584, 379.082000732, 1815.80419922, 409.830657959, 131.597000122, 124.931877136, -16.8306903839, 18.4966087341, -8.26613903046, -8.02043628693, 42.7819595337, 33.7293319702, 24.8916893005], [-228.654724121, 350.717163086, 409.830657959, 594.930908203, 300.860687256, 161.198913574, 126.666572571, 106.055862427, 67.0362701416, 50.7832450867, 67.5578155518, 55.8009490967, 34.8723907471], [-14.9536991119, 198.389221191, 131.597000122, 300.860687256, 374.576660156, 189.066452026, 125.025535583, 89.6351776123, 64.0401535034, 50.3111763, 35.7852134705, 34.785358429, 28.8825969696], [-333.120910645, 84.536605835, 124.931877136, 161.198913574, 189.066452026, 294.943725586, 162.578567505, 109.956680298, 88.8212509155, 54.177318573, 64.0358657837, 44.1269302368, 31.2174015045], [-343.49597168, 63.9344329834, -16.8306903839, 126.666572571, 125.025535583, 162.578567505, 214.814498901, 135.00592041, 94.8958358765, 60.9674606323, 62.4873352051, 49.6592483521, 29.3369312286], [-285.800354004, 91.5229568481, 18.4966087341, 106.055862427, 89.6351776123, 109.956680298, 135.00592041, 205.000244141, 121.332427979, 80.8797073364, 75.3546447754, 66.2911758423, 37.631980896], [-275.188903809, 81.7946548462, -8.26613903046, 67.0362701416, 64.0401535034, 88.8212509155, 94.8958358765, 121.332427979, 163.079986572, 98.8581619263, 62.7929573059, 38.7502479553, 40.5845680237], [-75.4650039673, 72.6023406982, -8.02043628693, 50.7832450867, 50.3111763, 54.177318573, 60.9674606323, 80.8797073364, 98.8581619263, 151.098022461, 90.3165664673, 48.49451828, 46.0472793579], [-248.782287598, 85.4510192871, 42.7819595337, 67.5578155518, 35.7852134705, 64.0358657837, 62.4873352051, 75.3546447754, 62.7929573059, 90.3165664673, 156.217132568, 104.331985474, 46.8903427124], [-172.553619385, 85.9788284302, 33.7293319702, 55.8009490967, 34.785358429, 44.1269302368, 49.6592483521, 66.2911758423, 38.7502479553, 48.49451828, 104.331985474, 162.907302856, 61.6329498291], [-58.6538162231, 71.3814163208, 24.8916893005, 34.8723907471, 28.8825969696, 31.2174015045, 29.3369312286, 37.631980896, 40.5845680237, 46.0472793579, 46.8903427124, 61.6329498291, 89.0087432861]], "icov": [[6.94024565746e-05, 1.49670822793e-05, 1.11233021016e-05, 7.33860269975e-06, -6.9384201197e-05, 3.90966961277e-05, 7.70727856434e-05, -9.32077455218e-06, 0.00011535253725, -0.000117937168397, 0.00010042294889, -2.73719052757e-07, -2.92118475045e-05], [1.49670822793e-05, 0.000493262486998, -4.76034583698e-05, -0.000204435636988, -0.000117757626867, 0.000111622292025, 9.47557709878e-05, -2.03451218113e-05, -0.000104411512439, -2.17790930037e-05, -3.74206501874e-05, -6.12941512372e-05, -0.000194842301426], [1.11233021016e-05, -4.76034583698e-05, 0.0007268738118, -0.000618887424935, 0.000297785329167, -0.000500521447975, 0.000647437525913, -0.000105326158518, 0.000179464390385, 0.000108803469629, -8.43245070428e-05, 4.36950285803e-05, -0.000129192660097], [7.33860269975e-06, -0.000204435636988, -0.000618887424935, 0.0036170927342, -0.00253871106543, 0.000628569978289, -0.000827605545055, -0.000296160491416, -2.90202551696e-05, 0.000399937969632, -0.000793285144027, 0.00011990837811, 6.72676542308e-05], [-6.9384201197e-05, -0.000117757626867, 0.000297785329167, -0.00253871106543, 0.0061151906848, -0.00276310672052, -0.000222709713853, -7.83129871706e-05, 0.000491880520713, -0.00112360273488, 0.00160108960699, -0.000412282475736, -0.00014964415459], [3.90966961277e-05, 0.000111622292025, -0.000500521447975, 0.000628569978289, -0.00276310672052, 0.00770136620849, -0.0041863694787, 0.000352905626642, -0.00134225317743, 0.00109764782246, -0.00157247297466, 0.000620836683083, -0.00030121623422], [7.70727856434e-05, 9.47557709878e-05, 0.000647437525913, -0.000827605545055, -0.000222709713853, -0.0041863694787, 0.0117690116167, -0.0045282789506, -0.000637589837424, 0.000133686960908, -0.000267672468908, -0.000163158751093, 0.000169540711795], [-9.32077455218e-06, -2.03451218113e-05, -0.000105326158518, -0.000296160491416, -7.83129871706e-05, 0.000352905626642, -0.0045282789506, 0.0120615363121, -0.00586414756253, -0.000154316279804, -0.000370628084056, -0.00213685166091, 0.00087885314133], [0.00011535253725, -0.000104411512439, 0.000179464390385, -2.90202551696e-05, 0.000491880520713, -0.00134225317743, -0.000637589837424, -0.00586414756253, 0.0155546963215, -0.00683752493933, 0.00110849027988, 0.00135460565798, -0.00195547100157], [-0.000117937168397, -2.17790930037e-05, 0.000108803469629, 0.000399937969632, -0.00112360273488, 0.00109764782246, 0.000133686960908, -0.000154316279804, -0.00683752493933, 0.0156047707424, -0.00778810679913, 0.00281348917633, -0.00304713542573], [0.00010042294889, -3.74206501874e-05, -8.43245070428e-05, -0.000793285144027, 0.00160108960699, -0.00157247297466, -0.000267672468908, -0.000370628084056, 0.00110849027988, -0.00778810679913, 0.0168625786901, -0.00847238115966, 0.00121435709298], [-2.73719052757e-07, -6.12941512372e-05, 4.36950285803e-05, 0.00011990837811, -0.000412282475736, 0.000620836683083, -0.000163158751093, -0.00213685166091, 0.00135460565798, 0.00281348917633, -0.00847238115966, 0.0135429026559, -0.00612443545833], [-2.92118475045e-05, -0.000194842301426, -0.000129192660097, 6.72676542308e-05, -0.00014964415459, -0.00030121623422, 0.000169540711795, 0.00087885314133, -0.00195547100157, -0.00304713542573, 0.00121435709298, -0.00612443545833, 0.017177445814]]}, "spectral_contrast_coeffs": {"dmean": [0.0614562220871, 0.0554279834032, 0.0405853278935, 0.0356384478509, 0.0309808701277, 0.0230420269072], "dmean2": [0.10155376792, 0.0888073518872, 0.0652365833521, 0.0579442903399, 0.0481637753546, 0.0371852405369], "dvar": [0.00259311147965, 0.00214855396189, 0.00119396229275, 0.000988193321973, 0.000978988129646, 0.00051752111176], "dvar2": [0.00695974053815, 0.00505446875468, 0.00293477950618, 0.00230026151985, 0.00223128776997, 0.00124871649314], "max": [-0.394651114941, -0.446576416492, -0.544153273106, -0.581876397133, -0.607741057873, -0.587555646896], "mean": [-0.675134658813, -0.780527830124, -0.834277868271, -0.821156203747, -0.810395240784, -0.795576930046], "median": [-0.663797974586, -0.791433334351, -0.840516865253, -0.828301012516, -0.817825436592, -0.799228727818], "min": [-0.997443020344, -0.992685854435, -0.994539320469, -0.991822719574, -0.978867173195, -0.965053617954], "var": [0.00826050527394, 0.00671022338793, 0.00305809103884, 0.00282156933099, 0.00278057274409, 0.00177320057992]}, "spectral_contrast_valleys": {"dmean": [0.685868263245, 0.814199745655, 0.778507828712, 0.730876982212, 0.663153231144, 0.737275719643], "dmean2": [1.02969920635, 1.22689080238, 1.16581606865, 1.08351588249, 0.945009946823, 0.964167416096], "dvar": [0.521083831787, 0.752804994583, 0.718577444553, 0.734557330608, 0.6682959795, 0.734383106232], "dvar2": [0.990330517292, 1.55266010761, 1.45324170589, 1.46778655052, 1.26438832283, 1.34829974174], "max": [-4.59131574631, -4.03840065002, -4.98019218445, -5.41065073013, -5.2162232399, -6.81331062317], "mean": [-7.649