{"lowlevel": {"average_loudness": 0.795266270638, "barkbands_crest": {"dmean": 2.1306951046, "dmean2": 3.40603637695, "dvar": 6.02321147919, "dvar2": 14.3392419815, "max": 26.300579071, "mean": 14.2431945801, "median": 13.7153911591, "min": 3.60786271095, "var": 21.3372612}, "barkbands_flatness_db": {"dmean": 0.0308927055448, "dmean2": 0.0438621155918, "dvar": 0.00144828471821, "dvar2": 0.00316695007496, "max": 0.540655314922, "mean": 0.247392132878, "median": 0.246459335089, "min": 0.0442178994417, "var": 0.00719594582915}, "barkbands_kurtosis": {"dmean": 10.9014968872, "dmean2": 17.1702632904, "dvar": 474.079193115, "dvar2": 1084.96887207, "max": 403.355957031, "mean": 26.5121669769, "median": 14.8461036682, "min": -1.4928432703, "var": 1313.83496094}, "barkbands_skewness": {"dmean": 0.786087930202, "dmean2": 1.21623587608, "dvar": 1.19158303738, "dvar2": 2.5950627327, "max": 17.3092021942, "mean": 3.36763095856, "median": 2.95431661606, "min": -11.1380672455, "var": 5.41038322449}, "barkbands_spread": {"dmean": 2.4541451931, "dmean2": 3.68144798279, "dvar": 20.2768249512, "dvar2": 41.3506889343, "max": 73.6622772217, "mean": 7.66210985184, "median": 4.9739408493, "min": 0.221861109138, "var": 63.3329238892}, "dissonance": {"dmean": 0.0203467849642, "dmean2": 0.032791223377, "dvar": 0.000429202715168, "dvar2": 0.00108993449248, "max": 0.499922841787, "mean": 0.425152301788, "median": 0.436423897743, "min": 0.224905908108, "var": 0.00221446692012}, "dynamic_complexity": 5.13384342194, "erbbands_crest": {"dmean": 2.08321404457, "dmean2": 3.20116591454, "dvar": 6.28264141083, "dvar2": 13.2883071899, "max": 30.4243526459, "mean": 12.8343715668, "median": 11.8731603622, "min": 3.06648254395, "var": 30.7274017334}, "erbbands_flatness_db": {"dmean": 0.0207731891423, "dmean2": 0.0277381241322, "dvar": 0.000566368980799, "dvar2": 0.00109160551801, "max": 0.383769482374, "mean": 0.188997030258, "median": 0.180767148733, "min": 0.0443612448871, "var": 0.00377643085085}, "erbbands_kurtosis": {"dmean": 1.58782577515, "dmean2": 2.46356749535, "dvar": 12.0098638535, "dvar2": 27.7157783508, "max": 80.2686004639, "mean": 3.37638688087, "median": 0.931300401688, "min": -1.53221070766, "var": 51.548866272}, "erbbands_skewness": {"dmean": 0.343365758657, "dmean2": 0.531810164452, "dvar": 0.236552238464, "dvar2": 0.52637308836, "max": 7.32768774033, "mean": 1.24375510216, "median": 1.11443662643, "min": -1.11883616447, "var": 1.00985717773}, "erbbands_spread": {"dmean": 6.35204792023, "dmean2": 9.48229408264, "dvar": 72.8375473022, "dvar2": 156.214981079, "max": 105.844779968, "mean": 33.7437858582, "median": 32.6067428589, "min": 1.58416795731, "var": 317.671905518}, "hfc": {"dmean": 3.06467556953, "dmean2": 4.20418930054, "dvar": 42.355255127, "dvar2": 88.2478103638, "max": 145.0078125, "mean": 9.19372940063, "median": 6.51344108582, "min": 1.09586290449e-16, "var": 98.4208679199}, "melbands_crest": {"dmean": 2.52744936943, "dmean2": 4.00934648514, "dvar": 7.45798778534, "dvar2": 17.9426403046, "max": 33.1635551453, "mean": 18.4052391052, "median": 18.2353534698, "min": 1.64281725883, "var": 30.2694473267}, "melbands_flatness_db": {"dmean": 0.03378264606, "dmean2": 0.0478783547878, "dvar": 0.00191630702466, "dvar2": 0.00410651275888, "max": 0.690721094608, "mean": 0.340709269047, "median": 0.342302381992, "min": 0.007652788423, "var": 0.0112869329751}, "melbands_kurtosis": {"dmean": 16.437505722, "dmean2": 25.7418327332, "dvar": 848.745300293, "dvar2": 2004.33227539, "max": 432.720214844, "mean": 43.3174095154, "median": 24.1326141357, "min": -1.52115023136, "var": 2595.40087891}, "melbands_skewness": {"dmean": 0.86002177, "dmean2": 1.33206403255, "dvar": 1.2309384346, "dvar2": 2.74292898178, "max": 15.1816625595, "mean": 4.04609680176, "median": 3.58805775642, "min": -0.479075729847, "var": 5.98503160477}, "melbands_spread": {"dmean": 2.29569721222, "dmean2": 3.48430228233, "dvar": 30.274143219, "dvar2": 57.790687561, "max": 163.844009399, "mean": 7.83064365387, "median": 4.78361988068, "min": 0.37013182044, "var": 155.555252075}, "pitch_salience": {"dmean": 0.0632473453879, "dmean2": 0.100414037704, "dvar": 0.00483154272661, "dvar2": 0.0111676473171, "max": 0.852997541428, "mean": 0.423365801573, "median": 0.432114243507, "min": 0.0467635914683, "var": 0.0168181546032}, "silence_rate_20dB": {"dmean": 0.000633914431091, "dmean2": 0.00126823084429, "dvar": 0.000633485848084, "dvar2": 0.00190063007176, "max": 1, "mean": 0.999683141708, "median": 1, "min": 0, "var": 0.000316767778713}, "silence_rate_30dB": {"dmean": 0.025990491733, "dmean2": 0.0519974641502, "dvar": 0.0253159608692, "dvar2": 0.0562674701214, "max": 1, "mean": 0.957224309444, "median": 1, "min": 0, "var": 0.040946636349}, "silence_rate_60dB": {"dmean": 0.0354992076755, "dmean2": 0.0710209235549, "dvar": 0.0342378243804, "dvar2": 0.0812004506588, "max": 1, "mean": 0.117237009108, "median": 0, "min": 0, "var": 0.103495262563}, "spectral_centroid": {"dmean": 132.630691528, "dmean2": 195.516662598, "dvar": 75120.1640625, "dvar2": 119252.960938, "max": 11311.5517578, "mean": 607.240722656, "median": 422.78515625, "min": 115.229248047, "var": 288628}, "spectral_complexity": {"dmean": 1.50174331665, "dmean2": 2.30310726166, "dvar": 3.94759273529, "dvar2": 7.5631775856, "max": 36, "mean": 7.88371372223, "median": 8, "min": 0, "var": 18.008934021}, "spectral_decrease": {"dmean": 2.90509416523e-09, "dmean2": 4.43990888499e-09, "dvar": 2.0082732626e-17, "dvar2": 4.1371448263e-17, "max": 9.89809350239e-16, "mean": -1.00316013274e-08, "median": -9.18002029948e-09, "min": -9.68301776538e-08, "var": 8.05694761578e-17}, "spectral_energy": {"dmean": 0.0111789079383, "dmean2": 0.0170399621129, "dvar": 0.000296335871099, "dvar2": 0.000607509922702, "max": 0.373251736164, "mean": 0.0386954061687, "median": 0.0355152897537, "min": 1.04285971778e-20, "var": 0.0011914614588}, "spectral_energyband_high": {"dmean": 0.000125544815091, "dmean2": 0.000181087903911, "dvar": 2.09213993685e-07, "dvar2": 5.00270402881e-07, "max": 0.00803764723241, "mean": 0.000165859193658, "median": 4.12469235016e-05, "min": 7.65131484516e-21, "var": 2.2290110735e-07}, "spectral_energyband_low": {"dmean": 0.008470303379, "dmean2": 0.0134852677584, "dvar": 0.000192662206246, "dvar2": 0.000435102730989, "max": 0.125613108277, "mean": 0.024460464716, "median": 0.0178534481674, "min": 2.86897604067e-22, "var": 0.000633857329376}, "spectral_energyband_middle_high": {"dmean": 0.000471050210763, "dmean2": 0.000640781130642, "dvar": 1.53161852268e-06, "dvar2": 2.99041471408e-06, "max": 0.0231949314475, "mean": 0.00118806934915, "median": 0.000577038386837, "min": 1.36077592334e-21, "var": 3.27518841914e-06}, "spectral_energyband_middle_low": {"dmean": 0.00457172840834, "dmean2": 0.00690678227693, "dvar": 0.000107315609057, "dvar2": 0.000206841286854, "max": 0.316192775965, "mean": 0.0136562790722, "median": 0.00695279799402, "min": 3.10247508209e-22, "var": 0.000349578098394}, "spectral_entropy": {"dmean": 0.252841979265, "dmean2": 0.369039922953, "dvar": 0.091662928462, "dvar2": 0.19378991425, "max": 9.80188369751, "mean": 6.54175329208, "median": 6.6063785553, "min": 4.24311733246, "var": 0.466609239578}, "spectral_flux": {"dmean": 0.0324540585279, "dmean2": 0.0529688149691, "dvar": 0.00171206903178, "dvar2": 0.00432919338346, "max": 0.455199599266, "mean": 0.0596833080053, "median": 0.0426163226366, "min": 1.02120506495e-10, "var": 0.0028944381047}, "spectral_kurtosis": {"dmean": 3.7628891468, "dmean2": 6.06654500961, "dvar": 31.6122531891, "dvar2": 76.5482406616, "max": 142.068847656, "mean": 11.8618354797, "median": 6.65062522888, "min": -1.16698133945, "var": 261.782745361}, "spectral_rms": {"dmean": 0.000870395102538, "dmean2": 0.00130230747163, "dvar": 1.40645045121e-06, "dvar2": 2.78586162494e-06, "max": 0.0190826635808, "mean": 0.00536983925849, "median": 0.00588634284213, "min": 3.18970869682e-12, "var": 8.91656691238e-06}, "spectral_rolloff": {"dmean": 148.567977905, "dmean2": 251.063369751, "dvar": 393830.3125, "dvar2": 707112.75, "max": 19853.6132812, "mean": 574.152648926, "median": 344.53125, "min": 64.599609375, "var": 2203320.25}, "spectral_skewness": {"dmean": 0.348449140787, "dmean2": 0.548933386803, "dvar": 0.163328647614, "dvar2": 0.375028848648, "max": 9.69233608246, "mean": 2.42778277397, "median": 2.06744527817, "min": -0.0461947023869, "var": 1.59401595592}, "spectral_spread": {"dmean": 650752.3125, "dmean2": 894507.25, "dvar": 854061023232, "dvar2": 1408935919620.0, "max": 39450344, "mean": 3904056.75, "median": 3725998.5, "min": 693280.375, "var": 3011543040000.0}, "spectral_strongpeak": {"dmean": 0.276037424803, "dmean2": 0.464939117432, "dvar": 0.224109619856, "dvar2": 0.499973654747, "max": 6.01730203629, "mean": 0.807708859444, "median": 0.623141884804, "min": 0, "var": 0.565410256386}, "zerocrossingrate": {"dmean": 0.00641002645716, "dmean2": 0.0076440628618, "dvar": 0.000204391399166, "dvar2": 0.000218187065911, "max": 0.79345703125, "mean": 0.0290230289102, "median": 0.01904296875, "min": 0.00244140625, "var": 0.00307183945552}, "barkbands": {"dmean": [0.000154445355292, 0.00599505240098, 0.00302266492508, 0.0012422055006, 0.00212983903475, 0.00170009990688, 0.000377700402169, 8.17297768663e-05, 6.19910861133e-05, 4.75697197544e-05, 9.27332584979e-05, 0.000122156154248, 6.00223938818e-05, 3.46579145116e-05, 8.04917945061e-05, 2.76985574601e-05, 4.2149276851e-05, 4.4696877012e-05, 5.05532116222e-05, 3.99211494369e-05, 2.97312290058e-05, 1.87877030839e-05, 2.14098272409e-05, 1.76868525159e-05, 1.64949015016e-05, 1.00025399661e-05, 3.60100557373e-06], "dmean2": [0.000281283515505, 0.00942589901388, 0.00495106261224, 0.00198267074302, 0.00334760104306, 0.00248845829628, 0.000545988616068, 0.00011966805323, 8.53282981552e-05, 7.02348916093e-05, 0.000134101195727, 0.000192005521967, 8.76394915394e-05, 5.02154616697e-05, 0.000108679232653, 4.03846497647e-05, 5.49279866391e-05, 6.46253392915e-05, 7.091248699e-05, 5.97613470745e-05, 4.23532474088e-05, 2.89052659355e-05, 3.28456808347e-05, 2.70421587629e-05, 2.60598244495e-05, 1.57745853357e-05, 5.8536988945e-06], "dvar": [2.9049382988e-07, 0.00012393045472, 2.49109343713e-05, 4.38752567788e-06, 5.47572562937e-05, 3.29206013703e-05, 1.6191895611e-06, 1.18827784945e-07, 1.19635984674e-07, 2.01701837454e-08, 1.97647608502e-07, 2.13417379769e-07, 1.24869885099e-07, 1.6432975869e-08, 6.62760015757e-08, 6.64165789033e-09, 2.06005932313e-08, 2.59834287419e-08, 2.67418140965e-08, 2.31778578552e-08, 1.44484788578e-08, 5.43191980285e-09, 8.69393534941e-09, 8.72524896778e-09, 1.38918956338e-08, 1.3541816557e-09, 1.41848602309e-10], "dvar2": [8.32374723814e-07, 0.000281044573057, 6.22933439445e-05, 1.1178938621e-05, 0.000107210311398, 6.12830772297e-05, 3.23481481246e-06, 2.55603396226e-07, 1.8046317507e-07, 4.45092744883e-08, 4.56347351019e-07, 4.9112651368e-07, 2.24966683504e-07, 2.93079303049e-08, 1.15247829058e-07, 1.28723396386e-08, 3.5150947042e-08, 4.83380659944e-08, 5.36874047441e-08, 4.73360977082e-08, 3.03137710489e-08, 1.33351996112e-08, 2.0415249935e-08, 2.27587193535e-08, 3.5566358747e-08, 3.46994455391e-09, 3.61541435678e-10], "max": [0.00833535753191, 0.102660626173, 0.0536065772176, 0.03593371436, 0.283843636513, 0.0990785062313, 0.0375839620829, 0.0088667050004, 0.0125661753118, 0.00351845100522, 0.0162598732859, 0.00913734268397, 0.010679143481, 0.00315766665153, 0.00678075337783, 0.00195631431416, 0.00314556085505, 0.00348682515323, 0.00331908557564, 0.00329460762441, 0.00273304525763, 0.00142525346018, 0.00215433607809, 0.00267382524908, 0.00403320789337, 0.000893426360562, 0.00020027863502], "mean": [0.00013382465113, 0.0164108946919, 0.0071710892953, 0.00195536436513, 0.00502091599628, 0.00512506859377, 0.00115823815577, 0.000191585058928, 0.000147799408296, 0.000115429953439, 0.000212627332075, 0.000220858652028, 0.000120911900012, 6.20580613031e-05, 0.000170811297721, 5.21770016348e-05, 7.67181554693e-05, 7.20220050425e-05, 7.89590776549e-05, 5.72758835915e-05, 4.45831501565e-05, 2.37311323872e-05, 2.43828817474e-05, 1.97341341845e-05, 1.59755854838e-05, 9.55306859396e-06, 2.91139690489e-06], "median": [3.68057226297e-06, 0.00373120605946, 0.00321000115946, 0.00102646078449, 0.00196112901904, 0.000416455412051, 0.000122711324366, 4.51542000519e-05, 3.28787937178e-05, 4.40806907136e-05, 3.3641281334e-05, 4.11596920458e-05, 4.24719328294e-05, 1.38555096783e-05, 3.42865387211e-05, 1.44434070535e-05, 1.85659810086e-05, 2.25112635235e-05, 1.90695427591e-05, 1.54176432261e-05, 1.0219196156e-05, 6.60680461806e-06, 3.9171050048e-06, 3.56924692824e-06, 2.14015472011e-06, 7.59185695642e-07, 1.01022223475e-07], "min": [6.10901458068e-23, 5.30148228446e-23, 1.42526995978e-22, 8.13957536733e-23, 1.6554053614e-23, 4.51366898653e-23, 5.82997870128e-23, 1.72060881729e-23, 8.64204820952e-23, 2.23518846557e-23, 2.57089974115e-23, 7.75664587563e-23, 1.17616321069e-22, 1.04345067936e-22, 8.50316514508e-23, 1.58512549092e-22, 2.29771806165e-22, 2.30981477031e-22, 2.21063438103e-22, 3.80402360014e-22, 3.64945305841e-22, 8.21536155004e-22, 6.64166810514e-22, 8.17977268984e-22, 1.0566114541e-21, 1.75278097577e-21, 2.03641082766e-21], "var": [2.25254225938e-07, 0.000415265647462, 7.22124896129e-05, 7.27785027266e-06, 0.000134136527777, 0.000136285016197, 7.15850819688e-06, 2.68719418273e-07, 5.15875740348e-07, 4.15953813615e-08, 3.10798469627e-07, 3.49650605358e-07, 2.12513526776e-07, 4.07737559271e-08, 1.88954743408e-07, 1.62753597266e-08, 4.9885713338e-08, 4.07663094393e-08, 4.57269671017e-08, 3.18621502515e-08, 2.26840342066e-08, 5.13344966535e-09, 9.41742950289e-09, 6.90448187513e-09, 1.05257758065e-08, 1.12355946769e-09, 1.12535598895e-10]}, "erbbands": {"dmean": [0.108529947698, 1.572499156, 4.11335420609, 2.57667255402, 7.99664545059, 5.89268445969, 8.57682228088, 15.3458051682, 8.48497200012, 2.88438653946, 1.56104242802, 1.59155285358, 1.2942378521, 1.57486641407, 4.31510734558, 5.61856603622, 3.0769109726, 1.72848033905, 3.13141751289, 3.56588292122, 1.51027345657, 1.79318249226, 2.75110316277, 2.00384140015, 2.867395401, 2.03641080856, 1.45079255104, 0.952622950077, 0.627147853374, 0.585095524788, 0.640734672546, 0.437760204077, 0.289281010628, 0.181334361434, 0.12366233021, 0.0506046004593, 0.0173869803548, 0.00372076919302, 0.000597192032728, 4.58799986518e-05], "dmean2": [0.184498205781, 2.44538831711, 6.49172353745, 4.18280553818, 13.0614929199, 9.06032466888, 12.3118114471, 22.5575656891, 12.3051338196, 4.06833314896, 2.29186224937, 2.12691521645, 1.80890357494, 2.30385088921, 6.32237815857, 8.62784194946, 4.55386686325, 2.54334950447, 4.07736635208, 5.01686859131, 2.07184457779, 2.32851171494, 3.93200445175, 2.72411417961, 4.06915521622, 2.94245123863, 2.07756018639, 1.40831935406, 0.95179772377, 0.907696187496, 1.00064492226, 0.669986486435, 0.444096118212, 0.284187078476, 0.199915096164, 0.0801213979721, 0.0273134671152, 0.00588720524684, 0.000975395552814, 7.19703893992e-05], "dvar": [0.0754392817616, 7.78994417191, 43.6939735413, 16.5554294586, 677.644470215, 422.637573242, 1229.59619141, 2835.25927734, 1204.93847656, 87.5177307129, 70.1592330933, 82.4143829346, 10.6881170273, 53.6561050415, 433.766479492, 430.982910156, 309.736602783, 34.2550201416, 180.560333252, 108.345016479, 23.2695426941, 29.9886016846, 101.446601868, 29.9078922272, 108.115333557, 66.5190048218, 38.39868927, 11.8374042511, 5.62172460556, 6.21273899078, 8.77935218811, 5.62662935257, 1.79629218578, 1.35777246952, 1.15444386005, 0.0431273542345, 0.00439347093925, 0.000142013013829, 3.79039011023e-06, 1.70873963867e-08], "dvar2": [0.189404726028, 16.8875484467, 102.161766052, 41.8845024109, 1386.35229492, 842.255004883, 2188.58105469, 5277.01855469, 2262.49707031, 142.160415649, 157.562683105, 115.462638855, 23.0430622101, 98.872505188, 1011.49194336, 910.0390625, 565.671020508, 70.6959457397, 311.117675781, 183.468429565, 40.143535614, 50.2515869141, 189.024703979, 53.9024963379, 217.126998901, 120.79675293, 78.1245269775, 26.8162403107, 14.0012807846, 15.5713338852, 21.2247409821, 14.5934066772, 4.62907600403, 3.45012664795, 2.95441031456, 0.115749277174, 0.0101154809818, 0.00034512480488, 9.7306947282e-06, 4.41094769599e-08], "max": [2.68319439888, 25.1743869781, 69.9133148193, 64.8745956421, 1070.46032715, 486.021759033, 769.547180176, 949.406921387, 1217.14526367, 220.710617065, 243.749389648, 352.39239502, 58.199054718, 228.405273438, 812.380187988, 465.942626953, 518.147338867, 137.585037231, 407.360626221, 272.326019287, 131.656204224, 109.592712402, 245.735626221, 91.6947937012, 217.077606201, 228.632095337, 158.757049561, 103.70262146, 48.5096511841, 53.6799545288, 74.7244186401, 73.3567581177, 31.6530094147, 32.2428207397, 39.6995811462, 5.54619073868, 1.99289548397, 0.180122926831, 0.0322343558073, 0.00293070077896], "mean": [0.251414775848, 4.34183597565, 10.3407917023, 6.00568771362, 13.9534187317, 14.9191017151, 23.3242988586, 46.245716095, 27.4486885071, 8.54197597504, 3.42825365067, 4.0885052681, 3.35759878159, 3.80960035324, 9.93674468994, 10.9527540207, 6.41766119003, 3.38824272156, 6.68183326721, 7.50773096085, 3.31412172318, 3.53209328651, 4.63956165314, 3.43478131294, 4.25363636017, 3.04068017006, 2.13875222206, 1.38862931728, 0.833638727665, 0.679132699966, 0.701607644558, 0.493874907494, 0.307655662298, 0.17898260057, 0.115432567894, 0.0479920133948, 0.0168538615108, 0.00332132168114, 0.000499850546475, 7.08481748006e-05], "median": [0.0316146016121, 1.26941430569, 4.95255661011, 4.15066242218, 7.10338401794, 4.99635791779, 3.0966053009, 3.96979165077, 3.11104226112, 2.17288374901, 1.08942437172, 0.98456120491, 1.8834540844, 1.10021734238, 2.65748977661, 2.29486322403, 2.65471076965, 1.31500303745, 1.31390476227, 1.96925866604, 0.957105994225, 1.13461697102, 1.59044921398, 1.02632713318, 0.886148571968, 0.734816431999, 0.449090838432, 0.398629367352, 0.275902032852, 0.131449639797, 0.113747298717, 0.0836702138186, 0.0554336570203, 0.0266738459468, 0.0120128504932, 0.0048244567588, 0.00112098071259, 0.000177023044671, 4.07803527196e-05, 4.97234941577e-05], "min": [6.54388570361e-22, 1.70903640957e-20, 1.24404500309e-19, 2.98547060658e-19, 7.02709963644e-20, 7.10944288148e-20, 2.24396160706e-19, 3.6183356365e-19, 8.74661193304e-19, 5.1881124741e-19, 5.60426135341e-19, 1.83770828942e-18, 1.42802754891e-18, 6.0852968649e-19, 1.3487547983e-18, 3.95725190279e-18, 6.14012198231e-18, 5.61478205682e-18, 5.43247351777e-18, 6.57453490615e-18, 8.05827606784e-18, 1.25637328226e-17, 1.41589398806e-17, 8.33964072602e-18, 1.24397946971e-17, 1.91420479442e-17, 1.78044191387e-17, 1.63604132521e-17, 3.11187000804e-17, 2.33858120501e-17, 1.64335542162e-17, 1.42432659809e-17, 1.57258581888e-17, 1.37050849036e-17, 6.56157546749e-18, 5.56560741018e-18, 3.4429538045e-18, 1.14153902383e-18, 2.93574903846e-19, 3.00438557763e-20], "var": [0.195644021034, 27.8657741547, 143.712020874, 47.4932327271, 1198.76953125, 1410.44238281, 4193.94140625, 11436.7792969, 5647.42626953, 364.206512451, 105.058799744, 389.930938721, 24.8305015564, 97.6589355469, 644.436523438, 819.174194336, 521.506164551, 55.7967224121, 469.650848389, 374.49911499, 66.7231750488, 74.2201766968, 152.883499146, 62.7463607788, 173.212921143, 109.069648743, 60.9532585144, 16.0632953644, 5.23954200745, 5.72367715836, 8.7691783905, 4.6140203476, 1.46303129196, 1.05646836758, 0.86798530817, 0.0326040834188, 0.0041423253715, 0.00012510427041, 2.97354813483e-06, 1.49692187534e-08]}, "gfcc": {"mean": [-96.6420288086, 124.600257874, -84.5643386841, 35.6327095032, -40.6549186707, 2.72916889191, -32.9289245605, -6.21040296555, -24.9231567383, -3.46982121468, -7.52183818817, -3.49797797203, -10.0203790665], "cov": [[22428.359375, -1674.93078613, -1986.42651367, 2292.38110352, -0.310302346945, 1130.88195801, -914.41595459, 212.6612854, -1267.00024414, -48.5650558472, -401.750762939, 649.652404785, 250.192306519], [-1674.93078613, 1995.02648926, 181.143203735, 67.4632339478, 392.221801758, -141.523086548, 307.669891357, -184.720794678, 306.734344482, -68.782585144, 269.925628662, -54.6271934509, 261.527801514], [-1986.42651367, 181.143203735, 1203.07800293, -75.0684051514, 312.387756348, 85.6612091064, 214.301330566, 109.446876526, 203.256912231, 110.812393188, 89.465057373, 32.2931518555, -4.43838834763], [2292.38110352, 67.4632339478, -75.0684051514, 666.189758301, 237.430206299, 264.928192139, 113.300285339, 87.5550384521, -13.7718315125, -21.6884479523, 10.6649703979, 30.9590377808, 113.822227478], [-0.310302346945, 392.221801758, 312.387756348, 237.430206299, 408.021606445, 136.80581665, 216.566421509, 49.0098266602, 126.099632263, 19.3896007538, 79.2594451904, 28.5455722809, 111.920143127], [1130.88195801, -141.523086548, 85.6612091064, 264.928192139, 136.80581665, 279.08102417, 91.4344482422, 106.546722412, -25.002658844, 1.31245434284, -16.2206802368, 26.8563346863, 20.8016719818], [-914.41595459, 307.669891357, 214.301330566, 113.300285339, 216.566421509, 91.4344482422, 317.080108643, 97.4780731201, 176.807037354, 6.5088019371, 68.5628051758, -46.863079071, 40.3170890808], [212.6612854, -184.720794678, 109.446876526, 87.5550384521, 49.0098266602, 106.546722412, 97.4780731201, 173.461791992, 62.4208984375, 53.439163208, -7.1501250267, 1.38615036011, -28.7469348907], [-1267.00024414, 306.734344482, 203.256912231, -13.7718315125, 126.099632263, -25.002658844, 176.807037354, 62.4208984375, 258.255432129, 71.027923584, 105.532798767, -37.4397964478, 35.125995636], [-48.5650558472, -68.782585144, 110.812393188, -21.6884479523, 19.3896007538, 1.31245434284, 6.5088019371, 53.439163208, 71.027923584, 117.692245483, 53.2471885681, 38.1162719727, -3.68750286102], [-401.750762939, 269.925628662, 89.465057373, 10.6649703979, 79.2594451904, -16.2206802368, 68.5628051758, -7.1501250267, 105.532798767, 53.2471885681, 145.784912109, 40.0599784851, 63.1480636597], [649.652404785, -54.6271934509, 32.2931518555, 30.9590377808, 28.5455722809, 26.8563346863, -46.863079071, 1.38615036011, -37.4397964478, 38.1162719727, 40.0599784851, 127.308151245, 53.9950561523], [250.192306519, 261.527801514, -4.43838834763, 113.822227478, 111.920143127, 20.8016719818, 40.3170890808, -28.7469348907, 35.125995636, -3.68750286102, 63.1480636597, 53.9950561523, 148.46472168]], "icov": [[0.000214430212509, -0.000143669123645, 0.000258343789028, -0.000581055821385, -8.23018272058e-05, -0.0003442679008, 0.000564901216421, -0.00039139718865, 0.000591953867115, -0.000464854441816, 0.000301267078612, -0.000633253366686, 0.000176576053491], [-0.000143669123645, 0.00148194748908, -0.00016673526261, 0.000404821330449, -0.00074926216621, 0.000861390668433, -0.00079424114665, 0.00138326175511, -0.000964071310591, 0.00150057242718, -0.00181966950186, 0.00134264468215, -0.00120505609084], [0.000258343789028, -0.00016673526261, 0.00171297707129, -3.65035557479e-05, -0.00141219375655, -0.000827545532957, 0.000616718723904, -0.000540826411452, 0.000178695743671, -0.00101723440457, 0.000481514143758, -0.00133495312184, 0.00105904066004], [-0.000581055821385, 0.000404821330449, -3.65035557479e-05, 0.00499388854951, -0.00135248969309, -0.00141840940341, -0.000932213268243, -0.000139027019031, -0.000999019830488, 0.00148847000673, -0.00127436663024, 0.00284836953506, -0.00233963993378], [-8.23018272058e-05, -0.00074926216621, -0.00141219375655, -0.00135248969309, 0.00765963224694, -0.00140770280268, -0.00332350283861, 0.00190664548427, -0.000956693373155, -0.0010792586254, 0.0017835192848, -0.00162684789393, -0.00181942014024], [-0.0003442679008, 0.000861390668433, -0.000827545532957, -0.00141840940341, -0.00140770280268, 0.00970961153507, -0.00255173398182, -0.00288676889613, 0.00218980177306, 0.00143279274926, -0.00122472515795, 0.000758733367547, -0.000277293875115], [0.000564901216421, -0.00079424114665, 0.000616718723904, -0.000932213268243, -0.00332350283861, -0.00255173398182, 0.0120714874938, -0.00595923420042, -0.0023766963277, 0.00356267439201, -0.00191858923063, 0.00120559509378, 0.000639589910861], [-0.00039139718865, 0.00138326175511, -0.000540826411452, -0.000139027019031, 0.00190664548427, -0.00288676889613, -0.00595923420042, 0.0164267700166, -0.00523894559592, -0.00414716405794, 0.00378650473431, -0.00189254898578, 0.00229368521832], [0.000591953867115, -0.000964071310591, 0.000178695743671, -0.000999019830488, -0.000956693373155, 0.00218980177306, -0.0023766963277, -0.00523894559592, 0.0162829030305, -0.00769996084273, -0.00427990965545, 0.00524751469493, -0.00261440011673], [-0.000464854441816, 0.00150057242718, -0.00101723440457, 0.00148847000673, -0.0010792586254, 0.00143279274926, 0.00356267439201, -0.00414716405794, -0.00769996084273, 0.0211395323277, -0.00693258270621, -0.00316052185372, 0.00225582020357], [0.000301267078612, -0.00181966950186, 0.000481514143758, -0.00127436663024, 0.0017835192848, -0.00122472515795, -0.00191858923063, 0.00378650473431, -0.00427990965545, -0.00693258270621, 0.0188776087016, -0.00791342090815, -0.00054054526845], [-0.000633253366686, 0.00134264468215, -0.00133495312184, 0.00284836953506, -0.00162684789393, 0.000758733367547, 0.00120559509378, -0.00189254898578, 0.00524751469493, -0.00316052185372, -0.00791342090815, 0.0205762833357, -0.00853288639337], [0.000176576053491, -0.00120505609084, 0.00105904066004, -0.00233963993378, -0.00181942014024, -0.000277293875115, 0.000639589910861, 0.00229368521832, -0.00261440011673, 0.00225582020357, -0.00054054526845, -0.00853288639337, 0.0160748548806]]}, "melbands": {"dmean": [0.00130310666282, 0.00213744468056, 0.000620499136858, 0.00049859797582, 0.000289112096652, 0.000339062535204, 0.000117927404062, 2.6770409022e-05, 1.27780631374e-05, 9.35493790166e-06, 6.29323130852e-06, 5.98603492108e-06, 1.29028549054e-05, 1.53138935275e-05, 9.94437505142e-06, 4.98865438203e-06, 3.39487928613e-06, 4.84258407596e-06, 4.7543007895e-06, 3.592590474e-06, 1.71622218659e-06, 1.65692779319e-06, 3.39474377142e-06, 2.05756896321e-06, 1.56695068654e-06, 2.20729793909e-06, 1.60627428158e-06, 1.3069391116e-06, 1.06024879187e-06, 7.528147421e-07, 5.10405470777e-07, 3.64526528074e-07, 3.52752607569e-07, 3.19475532251e-07, 3.66058799273e-07, 3.54182049023e-07, 2.48624985488e-07, 2.10048511917e-07, 1.73485176447e-07, 1.44293210269e-07], "dmean2": [0.00210679345764, 0.00332374125719, 0.00100186106283, 0.000800819601864, 0.000417439558078, 0.000497215252835, 0.000171147417859, 3.78748263756e-05, 1.84365762834e-05, 1.25502929222e-05, 8.91109084478e-06, 8.72166219779e-06, 1.86451798072e-05, 2.38984339376e-05, 1.4912550796e-05, 7.36675019652e-06, 5.01805970998e-06, 6.27556119071e-06, 6.4747991928e-06, 5.16667751072e-06, 2.3710995265e-06, 2.2279903078e-06, 4.68623284178e-06, 2.86033105112e-06, 2.17683964365e-06, 3.09608276439e-06, 2.3965874334e-06, 1.92322636394e-06, 1.54345514147e-06, 1.13873636565e-06, 7.68079587488e-07, 5.55738495223e-07, 5.49917274384e-07, 4.98820668327e-07, 5.8820137383e-07, 5.43207818282e-07, 3.89471779272e-07, 3.24875088609e-07, 2.74059061667e-07, 2.30203468732e-07], "dvar": [7.48397587813e-06, 1.16516275739e-05, 1.40967631523e-06, 3.2499444842e-06, 1.14224837944e-06, 1.32650029627e-06, 2.24021746931e-07, 7.78840281157e-09, 4.9343387154e-09, 2.45444176095e-09, 2.59973015337e-10, 8.26468726789e-10, 3.35716809907e-09, 3.29901594931e-09, 1.66664093637e-09, 6.08182226802e-10, 1.64024321903e-10, 4.08028222321e-10, 2.0225915387e-10, 9.39073402373e-11, 3.60624724527e-11, 2.24725741488e-11, 1.56562374176e-10, 6.45340794692e-11, 2.04870512915e-11, 7.27751817142e-11, 3.41700522044e-11, 3.06815788054e-11, 2.7388891502e-11, 9.83557766482e-12, 3.43593122704e-12, 1.85533316141e-12, 2.3383101011e-12, 1.85297480484e-12, 3.05045854028e-12, 2.51049615124e-12, 3.01683916563e-12, 1.19756548428e-12, 8.3882109158e-13, 1.05133143944e-12], "dvar2": [1.8183443899e-05, 2.51922720054e-05, 3.29950853484e-06, 6.49793128105e-06, 2.09247127714e-06, 2.46972331297e-06, 4.24673061161e-07, 1.24881847086e-08, 1.01515480466e-08, 3.51607742921e-09, 5.66106106437e-10, 1.5312292545e-09, 7.58852802818e-09, 7.77869146873e-09, 3.11576009437e-09, 1.21369414519e-09, 3.34834521221e-10, 6.82343515024e-10, 3.46650486094e-10, 1.65615993142e-10, 6.25134527477e-11, 4.03355196466e-11, 2.90609702969e-10, 1.16077751577e-10, 3.81479951794e-11, 1.49706719244e-10, 6.81643214095e-11, 5.88166390592e-11, 5.32447419488e-11, 2.4173062857e-11, 8.17986043483e-12, 4.62647671909e-12, 5.98341862168e-12, 4.62641860585e-12, 7.59652150212e-12, 5.54731391031e-12, 8.19548855863e-12, 3.07028469489e-12, 2.0635481171e-12, 2.69078769682e-12], "max": [0.0258209537715, 0.03604959324, 0.036091029644, 0.0713770240545, 0.0213376525789, 0.0214140787721, 0.0165392365307, 0.00198487518355, 0.00196034135297, 0.0019047956448, 0.000287752714939, 0.00086632190505, 0.00217926665209, 0.00103095499799, 0.00103268143721, 0.000632773095276, 0.00031431223033, 0.000590472540352, 0.000277278304566, 0.000260144792264, 0.000148257851833, 0.000139989613672, 0.00026613814407, 0.000199457790586, 8.54745594552e-05, 0.000210656842683, 9.55848081503e-05, 0.000146991078509, 0.000149966654135, 6.09400158282e-05, 4.67522186227e-05, 2.74664307653e-05, 3.69823937945e-05, 2.77420822385e-05, 3.9972448576e-05, 3.81676509278e-05, 5.88659095229e-05, 2.95264890156e-05, 2.07009343285e-05, 3.22802661685e-05], "mean": [0.00344941974618, 0.00585454609245, 0.00135002681054, 0.00106916716322, 0.000817490334157, 0.00103486666922, 0.000376824405976, 7.55271976232e-05, 2.62729881797e-05, 2.35143870668e-05, 1.59050141519e-05, 1.37716697282e-05, 3.00731171592e-05, 2.99790226563e-05, 1.90599566849e-05, 1.07511295937e-05, 5.80697815167e-06, 1.00370762084e-05, 1.01070399978e-05, 7.14667294233e-06, 3.40585643244e-06, 3.18375077768e-06, 5.33091088073e-06, 3.42865018865e-06, 2.55328063758e-06, 3.22934238284e-06, 2.32587854043e-06, 1.85850910839e-06, 1.51323831687e-06, 1.03190529899e-06, 6.94785228461e-07, 4.80026017158e-07, 4.00162946335e-07, 3.61771355983e-07, 3.90699852915e-07, 4.02769671837e-07, 2.6349070481e-07, 2.20342414536e-07, 1.80905203706e-07, 1.3682712563e-07], "median": [0.000612094649114, 0.0035539038945, 0.000953605514951, 0.000492966908496, 0.00012035126565, 7.59773683967e-05, 3.95370298065e-05, 1.4211233065e-05, 6.67135464028e-06, 5.95867459197e-06, 8.58463772602e-06, 2.81247594103e-06, 5.5120858633e-06, 7.06583205101e-06, 3.85417934012e-06, 4.03136527893e-06, 1.52337702275e-06, 1.55635916599e-06, 2.27099963013e-06, 1.91804201677e-06, 7.71591089688e-07, 9.8971713669e-07, 1.40631937029e-06, 1.06613128992e-06, 7.03233013155e-07, 6.53393954053e-07, 5.31422699623e-07, 4.46370989948e-07, 2.59403066138e-07, 2.5925427849e-07, 2.01623748808e-07, 1.6215682308e-07, 8.50838404176e-08, 6.12787829368e-08, 6.5516644554e-08, 5.7175110868e-08, 4.58326354646e-08, 3.67687746916e-08, 2.98262250453e-08, 1.79955588209e-08], "min": [1.38039046381e-23, 5.28893119192e-23, 4.29740718698e-23, 3.65899128606e-24, 6.43807725767e-24, 8.95393336141e-24, 1.31148811802e-23, 4.65049123074e-24, 4.62558965297e-24, 1.32129665674e-23, 7.31512531792e-24, 2.38280997891e-24, 4.12616457489e-24, 7.35966677121e-24, 1.27994267483e-23, 1.2407835406e-23, 9.92550076317e-24, 8.31271724094e-24, 6.36890520033e-24, 1.12782599538e-23, 9.0838690077e-24, 1.40462695295e-23, 9.99557212194e-24, 1.40727326574e-23, 5.2721479395e-24, 8.88198766914e-24, 8.08178215524e-24, 1.42771438729e-23, 1.33018246487e-23, 8.19389980025e-24, 9.99459156783e-24, 1.82285781238e-23, 1.48061319078e-23, 1.36755206812e-23, 9.65482128735e-24, 7.51700981192e-24, 9.7397965952e-24, 1.12642955381e-23, 9.57465566444e-24, 1.32164675321e-23], "var": [2.22711187234e-05, 4.17275368818e-05, 2.9198415632e-06, 6.60571822664e-06, 4.22692983193e-06, 5.52977780899e-06, 1.04778644072e-06, 3.32846603612e-08, 9.01842955869e-09, 1.17287699553e-08, 5.85372250672e-10, 1.54150792131e-09, 5.90740611983e-09, 5.06195929617e-09, 2.97178082143e-09, 1.00859398611e-09, 2.70047623152e-10, 1.12470954772e-09, 6.42300601594e-10, 2.9894367537e-10, 9.77142255998e-11, 5.84362488953e-11, 2.7340524289e-10, 1.19248000363e-10, 4.05280982385e-11, 1.09126305214e-10, 5.14755807424e-11, 4.61647074734e-11, 4.57775831131e-11, 1.08642712882e-11, 4.10720242539e-12, 1.71527278058e-12, 2.00210984944e-12, 1.70767610122e-12, 2.7858655053e-12, 3.03062804886e-12, 2.09914616071e-12, 9.67503421129e-13, 7.08300388827e-13, 7.99697656186e-13]}, "mfcc": {"mean": [-740.061462402, 146.413970947, 18.9756889343, 40.3621902466, 14.4302349091, 11.9270057678, 5.92080926895, -0.375454992056, -7.6894698143, -5.48497200012, -4.74705553055, 1.61431801319, -0.910104334354], "cov": [[11223.9160156, 436.725524902, -560.817382812, 394.81628418, 242.048355103, 366.681182861, 244.827697754, 138.87713623, -217.179473877, -214.406799316, -470.904754639, -186.214599609, 2.75090885162], [436.725524902, 1563.44836426, 21.1298141479, 327.079467773, 234.40473938, 234.394973755, 171.044189453, 53.2543144226, 44.6985435486, -90.3557357788, -38.0282859802, -47.499671936, -40.4737281799], [-560.817382812, 21.1298141479, 488.432617188, 71.5288009644, 173.942504883, 87.9338226318, 93.3913803101, 80.1540679932, 77.526725769, 49.3996734619, 84.927192688, 51.8673095703, 21.7254600525], [394.81628418, 327.079467773, 71.5288009644, 302.929595947, 159.797531128, 147.945449829, 120.336448669, 96.282409668, 95.8944244385, 58.3283119202, 34.1611862183, 42.8798332214, 31.2783126831], [242.048355103, 234.40473938, 173.942504883, 159.797531128, 243.071334839, 151.724853516, 114.314628601, 75.8392333984, 73.808052063, 31.7365665436, 19.5171852112, 26.0900611877, 31.2939968109], [366.681182861, 234.394973755, 87.9338226318, 147.945449829, 151.724853516, 198.470199585, 134.723846436, 98.0392913818, 71.6373138428, 24.5335388184, 21.3458347321, 21.2816982269, 2.58792853355], [244.827697754, 171.044189453, 93.3913803101, 120.336448669, 114.314628601, 134.723846436, 191.528945923, 125.730949402, 89.8231964111, 48.5588302612, 50.7354164124, 27.8483181, -8.58956432343], [138.87713623, 53.2543144226, 80.1540679932, 96.282409668, 75.8392333984, 98.0392913818, 125.730949402, 165.142471313, 101.238677979, 69.4203643799, 51.9381027222, 30.212272644, 5.80999040604], [-217.179473877, 44.6985435486, 77.526725769, 95.8944244385, 73.808052063, 71.6373138428, 89.8231964111, 101.238677979, 158.631225586, 93.9195327759, 62.999622345, 39.9741668701, 19.4457073212], [-214.406799316, -90.3557357788, 49.3996734619, 58.3283119202, 31.7365665436, 24.5335388184, 48.5588302612, 69.4203643799, 93.9195327759, 155.21144104, 80.0609054565, 47.5778770447, 27.1361923218], [-470.904754639, -38.0282859802, 84.927192688, 34.1611862183, 19.5171852112, 21.3458347321, 50.7354164124, 51.9381027222, 62.999622345, 80.0609054565, 134.960769653, 66.0926818848, 5.95615530014], [-186.214599609, -47.499671936, 51.8673095703, 42.8798332214, 26.0900611877, 21.2816982269, 27.8483181, 30.212272644, 39.9741668701, 47.5778770447, 66.0926818848, 112.645233154, 58.3709640503], [2.75090885162, -40.4737281799, 21.7254600525, 31.2783126831, 31.2939968109, 2.58792853355, -8.58956432343, 5.80999040604, 19.4457073212, 27.1361923218, 5.95615530014, 58.3709640503, 136.139419556]], "icov": [[0.000145125683048, 6.61145313643e-05, 0.000188795849681, -0.000201759568881, -0.000112870104203, -0.00013500599016, -0.000231215686654, -0.000199356567464, 0.00041081715608, -3.73961884179e-05, 0.000479123496916, 2.25478597713e-05, -2.64747559413e-05], [6.61145313643e-05, 0.00110762007535, 0.000298951403238, -0.00112937297672, -0.00042376309284, -0.000409048050642, -0.000597941165324, 0.000481986469822, -1.76847370312e-05, 0.00104838900734, -0.000128439758555, 0.000644759042189, 0.000109340136987], [0.000188795849681, 0.000298951403238, 0.00357915228233, 0.000365433981642, -0.00328385271132, 0.00051678653108, -0.00029463248211, -0.000848820316605, 0.000312383461278, 0.000710915657692, -0.00130186695606, -8.42794252094e-05, 9.9363620393e-05], [-0.000201759568881, -0.00112937297672, 0.000365433981642, 0.00769627047703, -0.00213744235225, -0.00162596593145, 0.000379200646421, -0.000546623836271, -0.00147384393495, -0.00161705922801, -0.000130651693325, -0.00157584890258, -0.000374525407096], [-0.000112870104203, -0.00042376309284, -0.00328385271132, -0.00213744235225, 0.0122832274064, -0.00556836044416, -0.00125234259758, 0.00212144455872, -0.0010875944281, -0.000734261178877, 0.00148327136412, 0.000829703116324, -0.0021147178486], [-0.00013500599016, -0.000409048050642, 0.00051678653108, -0.00162596593145, -0.00556836044416, 0.0154161956161, -0.00471066171303, -0.00239120377228, -0.000381406542147, 0.0014354448067, 0.000403736921726, -0.00116960494779, 0.00121615605894], [-0.000231215686654, -0.000597941165324, -0.00029463248211, 0.000379200646421, -0.00125234259758, -0.00471066171303, 0.0160385482013, -0.00693221343681, -0.00149047037121, 0.000513914157636, -0.00265438295901, -0.000745320925489, 0.00201815087348], [-0.000199356567464, 0.000481986469822, -0.000848820316605, -0.000546623836271, 0.00212144455872, -0.00239120377228, -0.00693221343681, 0.0163264237344, -0.00509335799143, -0.00147544452921, -0.000608705042396, 0.00079423293937, -0.000460258248495], [0.00041081715608, -1.76847370312e-05, 0.000312383461278, -0.00147384393495, -0.0010875944281, -0.000381406542147, -0.00149047037121, -0.00509335799143, 0.0155343916267, -0.00545608298853, 0.000360582751455, -2.28383014473e-05, -0.000481532973936], [-3.73961884179e-05, 0.00104838900734, 0.000710915657692, -0.00161705922801, -0.000734261178877, 0.0014354448067, 0.000513914157636, -0.00147544452921, -0.00545608298853, 0.0140539314598, -0.00582023756579, 0.000962451798841, -0.00137261510827], [0.000479123496916, -0.000128439758555, -0.00130186695606, -0.000130651693325, 0.00148327136412, 0.000403736921726, -0.00265438295901, -0.000608705042396, 0.000360582751455, -0.00582023756579, 0.0180633701384, -0.00834471359849, 0.00359599036165], [2.25478597713e-05, 0.000644759042189, -8.42794252094e-05, -0.00157584890258, 0.000829703116324, -0.00116960494779, -0.000745320925489, 0.00079423293937, -2.28383014473e-05, 0.000962451798841, -0.00834471359849, 0.0180852133781, -0.00726036401466], [-2.64747559413e-05, 0.000109340136987, 9.9363620393e-05, -0.000374525407096, -0.0021147178486, 0.00121615605894, 0.00201815087348, -0.000460258248495, -0.000481532973936, -0.00137261510827, 0.00359599036165, -0.00726036401466, 0.0113566024229]]}, "spectral_contrast_coeffs": {"dmean": [0.0469851046801, 0.0403313040733, 0.0323868244886, 0.0286200661212, 0.0255138408393, 0.0227058660239], "dmean2": [0.0759899392724, 0.0622758492827, 0.0496449396014, 0.0445625707507, 0.0391618460417, 0.032880473882], "dvar": [0.00178582256194, 0.00213049864396, 0.00112171471119, 0.000824528280646, 0.000794926600065, 0.000538774242159], "dvar2": [0.00435713585466, 0.00436827400699, 0.00243962160312, 0.00171855546068, 0.00158418505453, 0.00109564361628], "max": [-0.289308726788, -0.28909060359, -0.461823403835, -0.461428850889, -0.518858909607, -0.575581789017], "mean": [-0.588432610035, -0.652080953121, -0.737966299057, -0.74939674139, -0.7594820261, -0.758062005043], "median": [-0.59080851078, -0.677412033081, -0.746149241924, -0.753863692284, -0.762589514256, -0.746755838394], "min": [-0.963383495808, -0.961549758911, -0.957226395607, -0.973809659481, -0.961026728153, -0.959701657295], "var": [0.00943644437939, 0.0146774705499, 0.0052174217999, 0.004238138441, 0.00421206979081, 0.00307032978162]}, "spectral_contrast_valleys": {"dmean": [0.447666376829, 0.34514516592, 0.329140603542, 0.337677717209, 0.353682547808, 0.507832407951], "dmean2": [0.712877869606, 0.528578698635, 0.493129312992, 0.493741780519, 0.478793948889, 0.615014433861], "dvar": [0.220400422812, 0.181471154094, 0.168094664812, 0.173043116927, 0.210955992341, 0.332590013742], "dvar2": [0.437025666237, 0.335596323013, 0.299581587315, 0.295484572649, 0.344233751297, 0.551316857338], "max": [-