{"lowlevel": {"average_loudness": 0.958473742008, "barkbands_crest": {"dmean": 2.41398024559, "dmean2": 3.83150649071, "dvar": 5.48012733459, "dvar2": 12.9185009003, "max": 23.3531932831, "mean": 10.9622240067, "median": 10.0395917892, "min": 3.50770449638, "var": 17.0748023987}, "barkbands_flatness_db": {"dmean": 0.0262194853276, "dmean2": 0.0349642783403, "dvar": 0.00063272472471, "dvar2": 0.00140225584619, "max": 0.313013285398, "mean": 0.139151766896, "median": 0.135234624147, "min": 0.0303123537451, "var": 0.00253055943176}, "barkbands_kurtosis": {"dmean": 3.72154998779, "dmean2": 5.5042014122, "dvar": 32.8366966248, "dvar2": 64.6550064087, "max": 85.2188034058, "mean": 7.62785625458, "median": 5.37619686127, "min": -1.85211479664, "var": 82.5598068237}, "barkbands_skewness": {"dmean": 0.517483353615, "dmean2": 0.762268185616, "dvar": 0.296756654978, "dvar2": 0.604884684086, "max": 7.51510572433, "mean": 2.23947691917, "median": 2.12365651131, "min": -0.323530882597, "var": 1.12998533249}, "barkbands_spread": {"dmean": 6.08959197998, "dmean2": 8.10280609131, "dvar": 57.4003982544, "dvar2": 83.8115921021, "max": 99.208946228, "mean": 21.4132843018, "median": 14.7577819824, "min": 2.18713235855, "var": 338.759063721}, "dissonance": {"dmean": 0.0188648384064, "dmean2": 0.031334862113, "dvar": 0.000280049629509, "dvar2": 0.000717780611012, "max": 0.499832034111, "mean": 0.459389150143, "median": 0.463076382875, "min": 0.313700884581, "var": 0.000608999165706}, "dynamic_complexity": 1.51736354828, "erbbands_crest": {"dmean": 2.65277433395, "dmean2": 4.12501239777, "dvar": 5.76280879974, "dvar2": 12.6363706589, "max": 26.9264431, "mean": 8.61477279663, "median": 7.69196414948, "min": 2.2922744751, "var": 17.2278385162}, "erbbands_flatness_db": {"dmean": 0.0184384081513, "dmean2": 0.0243091545999, "dvar": 0.000314734556014, "dvar2": 0.000552399258595, "max": 0.240633785725, "mean": 0.120090089738, "median": 0.116065390408, "min": 0.0468361973763, "var": 0.00127606629394}, "erbbands_kurtosis": {"dmean": 0.743614971638, "dmean2": 1.15172600746, "dvar": 0.763512849808, "dvar2": 1.59856104851, "max": 14.4080352783, "mean": 0.228095799685, "median": -0.272592544556, "min": -1.70522332191, "var": 2.90820932388}, "erbbands_skewness": {"dmean": 0.325525045395, "dmean2": 0.47067964077, "dvar": 0.0767371580005, "dvar2": 0.148828297853, "max": 3.15574073792, "mean": 0.524473130703, "median": 0.5105920434, "min": -2.10572695732, "var": 0.466966569424}, "erbbands_spread": {"dmean": 9.74228096008, "dmean2": 13.5182962418, "dvar": 79.6069564819, "dvar2": 140.656188965, "max": 148.658477783, "mean": 49.7357521057, "median": 46.3579864502, "min": 9.4604101181, "var": 488.944519043}, "hfc": {"dmean": 11.2970018387, "dmean2": 15.371635437, "dvar": 426.328613281, "dvar2": 738.532836914, "max": 318.905853271, "mean": 31.6518096924, "median": 17.1290817261, "min": 0.00183869968168, "var": 1834.828125}, "melbands_crest": {"dmean": 2.28485202789, "dmean2": 3.66911268234, "dvar": 6.53544521332, "dvar2": 15.2163791656, "max": 31.6898136139, "mean": 13.4914550781, "median": 12.1724328995, "min": 5.94914102554, "var": 24.2335472107}, "melbands_flatness_db": {"dmean": 0.0302209407091, "dmean2": 0.0416584424675, "dvar": 0.000881137209944, "dvar2": 0.00189349672291, "max": 0.426747769117, "mean": 0.226248413324, "median": 0.226447254419, "min": 0.0587701313198, "var": 0.00426283013076}, "melbands_kurtosis": {"dmean": 8.98222637177, "dmean2": 13.7085189819, "dvar": 149.020507812, "dvar2": 296.605804443, "max": 161.08732605, "mean": 22.3446922302, "median": 16.4317970276, "min": -0.805432796478, "var": 397.719665527}, "melbands_skewness": {"dmean": 0.734303057194, "dmean2": 1.12243115902, "dvar": 0.542730629444, "dvar2": 1.14188015461, "max": 10.4802083969, "mean": 3.57640099525, "median": 3.3608417511, "min": 0.324256807566, "var": 2.10497975349}, "melbands_spread": {"dmean": 4.95353126526, "dmean2": 7.09734630585, "dvar": 42.8819084167, "dvar2": 87.2474899292, "max": 118.857757568, "mean": 15.7291440964, "median": 11.5163297653, "min": 1.37171316147, "var": 185.099472046}, "pitch_salience": {"dmean": 0.0705150067806, "dmean2": 0.105759181082, "dvar": 0.00400046724826, "dvar2": 0.00955837965012, "max": 0.841558635235, "mean": 0.556356310844, "median": 0.57440918684, "min": 0.205394506454, "var": 0.0145702883601}, "silence_rate_20dB": {"dmean": 0, "dmean2": 0, "dvar": 0, "dvar2": 0, "max": 1, "mean": 1, "median": 1, "min": 1, "var": 0}, "silence_rate_30dB": {"dmean": 0.0334855392575, "dmean2": 0.0670220851898, "dvar": 0.0323644764721, "dvar2": 0.0716709494591, "max": 1, "mean": 0.958935379982, "median": 1, "min": 0, "var": 0.0393781252205}, "silence_rate_60dB": {"dmean": 0.000761035014875, "dmean2": 0.000761614646763, "dvar": 0.000760472728871, "dvar2": 0.000761050556321, "max": 1, "mean": 0.000760456256103, "median": 0, "min": 0, "var": 0.000759895774536}, "spectral_centroid": {"dmean": 219.128707886, "dmean2": 309.602996826, "dvar": 59800.6328125, "dvar2": 99496.375, "max": 3552.89086914, "mean": 1013.26580811, "median": 847.964233398, "min": 261.916320801, "var": 325360.90625}, "spectral_complexity": {"dmean": 4.61415529251, "dmean2": 6.69535398483, "dvar": 22.506444931, "dvar2": 40.1542892456, "max": 62, "mean": 19.0851707458, "median": 17, "min": 0, "var": 84.4522247314}, "spectral_decrease": {"dmean": 3.39413941397e-09, "dmean2": 5.18066034516e-09, "dvar": 2.48836227268e-17, "dvar2": 4.94172818801e-17, "max": -5.98114968469e-14, "mean": -1.24862129525e-08, "median": -1.06570867686e-08, "min": -6.07954646625e-08, "var": 6.25335639073e-17}, "spectral_energy": {"dmean": 0.0134359532967, "dmean2": 0.0203650463372, "dvar": 0.000375218165573, "dvar2": 0.000748664373532, "max": 0.232727244496, "mean": 0.0499967634678, "median": 0.0425986275077, "min": 3.92517847558e-07, "var": 0.000954924908001}, "spectral_energyband_high": {"dmean": 0.00105533050373, "dmean2": 0.00143705692608, "dvar": 5.5826130847e-06, "dvar2": 8.8008464445e-06, "max": 0.0394853428006, "mean": 0.00227577192709, "median": 0.000546962197404, "min": 1.4910341406e-07, "var": 2.80730819213e-05}, "spectral_energyband_low": {"dmean": 0.00960741564631, "dmean2": 0.0149197587743, "dvar": 0.000315354933264, "dvar2": 0.000619513040874, "max": 0.203827425838, "mean": 0.0260108243674, "median": 0.0178919453174, "min": 2.97033118102e-08, "var": 0.00075537833618}, "spectral_energyband_middle_high": {"dmean": 0.00160477566533, "dmean2": 0.00240256497636, "dvar": 7.11415987098e-06, "dvar2": 1.44936366269e-05, "max": 0.0558018535376, "mean": 0.00407413672656, "median": 0.00277778576128, "min": 9.39966611213e-08, "var": 2.47316183959e-05}, "spectral_energyband_middle_low": {"dmean": 0.00596065586433, "dmean2": 0.00908712577075, "dvar": 5.80413725402e-05, "dvar2": 0.000141236465424, "max": 0.0805530548096, "mean": 0.0198265984654, "median": 0.0181727595627, "min": 1.26175720538e-07, "var": 0.000120238633826}, "spectral_entropy": {"dmean": 0.197211146355, "dmean2": 0.261541813612, "dvar": 0.0375811271369, "dvar2": 0.0702520832419, "max": 8.60743141174, "mean": 7.65618896484, "median": 7.65802955627, "min": 6.34946012497, "var": 0.189407497644}, "spectral_flux": {"dmean": 0.030741661787, "dmean2": 0.0474947504699, "dvar": 0.00121103669517, "dvar2": 0.00276357727125, "max": 0.30764746666, "mean": 0.0948808267713, "median": 0.0808143094182, "min": 0.000626512453891, "var": 0.00248530227691}, "spectral_kurtosis": {"dmean": 1.30814671516, "dmean2": 1.9680621624, "dvar": 2.06944847107, "dvar2": 4.77631044388, "max": 17.1908855438, "mean": 3.83557653427, "median": 3.42190408707, "min": -0.827404737473, "var": 7.36444950104}, "spectral_rms": {"dmean": 0.000869665876962, "dmean2": 0.0013201785041, "dvar": 1.08149674816e-06, "dvar2": 2.21219147534e-06, "max": 0.0150682106614, "mean": 0.00672430032864, "median": 0.00644667632878, "min": 1.95689608518e-05, "var": 3.56112832378e-06}, "spectral_rolloff": {"dmean": 433.580535889, "dmean2": 673.681518555, "dvar": 972637, "dvar2": 1676307.25, "max": 11757.1289062, "mean": 1160.74645996, "median": 581.396484375, "min": 64.599609375, "var": 3195131.75}, "spectral_skewness": {"dmean": 0.205079525709, "dmean2": 0.298050761223, "dvar": 0.0320226550102, "dvar2": 0.0637673288584, "max": 3.300989151, "mean": 1.55294513702, "median": 1.57873404026, "min": 0.0893083363771, "var": 0.22825999558}, "spectral_spread": {"dmean": 795404, "dmean2": 958044.5, "dvar": 654708310016, "dvar2": 859306065920, "max": 14939893, "mean": 5682278.5, "median": 5427294, "min": 2112726.75, "var": 4057390645250.0}, "spectral_strongpeak": {"dmean": 0.316231817007, "dmean2": 0.530466675758, "dvar": 0.28753054142, "dvar2": 0.594278514385, "max": 6.57589387894, "mean": 0.633834302425, "median": 0.405670315027, "min": 0.000147283135448, "var": 0.5762565732}, "zerocrossingrate": {"dmean": 0.013598298654, "dmean2": 0.0147410361096, "dvar": 0.000213535007788, "dvar2": 0.000198597976123, "max": 0.26318359375, "mean": 0.0574597492814, "median": 0.044921875, "min": 0.0048828125, "var": 0.00203499896452}, "barkbands": {"dmean": [0.000464676733827, 0.0088811442256, 0.0021913589444, 0.00200825859793, 0.00320821674541, 0.00170267862268, 0.0010624245042, 0.000990640604869, 0.000443183176685, 0.000860756495968, 0.00025191885652, 0.000249848962994, 0.00020217684505, 0.000275928730844, 0.000265866867267, 0.000154625246068, 0.000160410869285, 9.17234283406e-05, 0.000127202671138, 0.000164426528499, 0.000147062790347, 0.000177453199285, 0.000276644190308, 0.000347293709638, 0.000152288295794, 6.14110031165e-05, 2.25353323913e-05], "dmean2": [0.000487887358759, 0.0138627989218, 0.00355163495988, 0.00305503932759, 0.0051886793226, 0.00267112022266, 0.00161102751736, 0.00143174745608, 0.000692090019584, 0.00128330884036, 0.000430240528658, 0.000407195882872, 0.000335395161528, 0.000451869156677, 0.000441468175268, 0.000229371726164, 0.000261359033175, 0.000148739607539, 0.000200104841497, 0.000273577432381, 0.000214944157051, 0.000279860425508, 0.000399945070967, 0.000486515957164, 0.000200546099222, 8.69739742484e-05, 3.26743611367e-05], "dvar": [1.8885685904e-06, 0.000255588762229, 2.96655216516e-05, 9.29687757889e-06, 1.90220453078e-05, 9.16250428418e-06, 2.89593231173e-06, 1.93855316866e-06, 1.11618305709e-06, 3.1457680052e-06, 5.49299386421e-07, 1.28143682332e-07, 9.83417081102e-08, 2.48321043728e-07, 1.34906912308e-07, 6.76731133353e-08, 4.63260931838e-08, 2.74393823219e-08, 5.05409509799e-08, 1.05262927264e-07, 1.16826420538e-07, 1.69133045347e-07, 6.00130135808e-07, 1.12547866138e-06, 1.26600511408e-07, 1.43185587831e-08, 2.51626031122e-09], "dvar2": [1.74580884504e-06, 0.000527093361598, 8.23178197606e-05, 2.48874130193e-05, 5.26944168087e-05, 2.27397886192e-05, 6.18329659119e-06, 3.22397818309e-06, 1.85505075478e-06, 5.85681254961e-06, 1.53602752562e-06, 2.84902796466e-07, 2.49194613389e-07, 6.19626916887e-07, 3.52794984337e-07, 1.37012591495e-07, 1.1002451572e-07, 5.69724534216e-08, 9.58292289965e-08, 2.71835119747e-07, 2.09422367448e-07, 3.88324224332e-07, 1.06957668322e-06, 2.08169421967e-06, 1.84977992035e-07, 2.45467397519e-08, 5.24192289575e-09], "max": [0.0199988484383, 0.191376239061, 0.0596897527575, 0.035374648869, 0.0469041988254, 0.0379693359137, 0.0247921086848, 0.0248850863427, 0.0232035648078, 0.0499432832003, 0.0121534336358, 0.00665250653401, 0.00286678783596, 0.00496724946424, 0.00311976391822, 0.00375165138394, 0.00274307536893, 0.0021165900398, 0.00272185029462, 0.00294071109965, 0.00458503654227, 0.00426135212183, 0.0126037057489, 0.0223118234426, 0.00731676304713, 0.0019395154668, 0.000780976959504], "mean": [0.00105338008143, 0.0191407613456, 0.00390462158248, 0.00403724331409, 0.00769802927971, 0.00314292684197, 0.00185836653691, 0.00177240441553, 0.000721036049072, 0.0015788358869, 0.000316071935231, 0.000370841094991, 0.000288509821985, 0.000420448166551, 0.000410007487517, 0.000266050483333, 0.000276749487966, 0.000149873856572, 0.000209778620047, 0.000253279751632, 0.000268117611995, 0.000286555237835, 0.000518184911925, 0.0006571453996, 0.000278099672869, 9.12733084988e-05, 2.81872180494e-05], "median": [5.11278849444e-05, 0.011817291379, 0.00293562957086, 0.0032301498577, 0.00669494410977, 0.00205113086849, 0.000921622442547, 0.000793821003754, 0.000285606947728, 0.000547538104001, 0.000111100111098, 0.000201800823561, 0.000149433471961, 0.000148836290464, 0.000271727243671, 0.000142248434713, 0.00018411486235, 9.23007246456e-05, 0.00012485597108, 0.00010251243657, 7.70524347899e-05, 8.17072796053e-05, 7.93992221588e-05, 6.68368957122e-05, 4.62135467387e-05, 1.49465504364e-05, 5.22848949913e-06], "min": [8.48201953119e-10, 1.17602194649e-08, 1.09242375146e-08, 1.37466216188e-08, 5.09938189452e-08, 1.50082914985e-08, 1.95023508454e-09, 2.67112092445e-08, 1.72160685707e-08, 1.65559677079e-09, 5.0533190965e-09, 4.4937129573e-09, 1.56743400481e-08, 3.68334723833e-10, 1.59485864515e-08, 7.14059389395e-09, 1.2983087494e-08, 1.41199463233e-09, 1.10999298641e-08, 2.89777002394e-08, 2.1003687678e-08, 7.33777261175e-09, 1.73273662085e-08, 1.77662276002e-08, 2.11711057574e-08, 1.74672045716e-08, 1.15225806674e-09], "var": [1.0756141819e-05, 0.000528469739947, 2.66360439127e-05, 1.37685501613e-05, 3.02690041281e-05, 1.5661589714e-05, 7.64876222092e-06, 6.68669372317e-06, 2.97460746879e-06, 1.62160067703e-05, 6.63705350235e-07, 3.16914452014e-07, 1.43913993611e-07, 4.32695088648e-07, 1.93825229644e-07, 1.38637631153e-07, 8.6942897326e-08, 4.44745538175e-08, 8.82076207631e-08, 1.78150642682e-07, 3.39047346642e-07, 3.23576841765e-07, 2.26189831665e-06, 4.95159611091e-06, 4.18918290279e-07, 4.70999417246e-08, 3.54830409499e-09]}, "erbbands": {"dmean": [0.227000266314, 2.13052225113, 2.7455034256, 4.74227428436, 9.88940811157, 10.9901580811, 15.9693088531, 11.7204256058, 15.5601530075, 12.4122161865, 25.4113426208, 11.5147075653, 21.3113536835, 21.0208950043, 9.33664035797, 11.6063728333, 9.2752122879, 15.3422966003, 14.9095716476, 7.89487409592, 10.0124330521, 6.64504718781, 4.20289516449, 5.69562625885, 7.14296102524, 7.4799861908, 6.30975627899, 5.7905216217, 6.53910493851, 6.73769617081, 8.24176502228, 9.4987487793, 4.24696063995, 2.20531415939, 0.913120508194, 0.302982419729, 0.114438317716, 0.0301145520061, 0.00386073160917, 0.000144696517964], "dmean2": [0.361466497183, 3.32708406448, 4.43834877014, 7.37137794495, 15.4146947861, 18.4884738922, 24.2513580322, 19.0550575256, 23.0067119598, 19.462934494, 36.5793113708, 17.4687080383, 33.3606376648, 31.4106655121, 15.4105863571, 19.0005664825, 14.9990148544, 24.8289318085, 24.7629985809, 12.5887832642, 14.8756275177, 10.3195018768, 6.75299215317, 8.92386817932, 11.1185016632, 12.3884305954, 9.18123722076, 8.58724117279, 10.4244976044, 9.96056079865, 11.9801082611, 13.2279176712, 6.14871025085, 2.86230635643, 1.21840381622, 0.418610930443, 0.168304935098, 0.0447802431881, 0.0055384663865, 0.000196340261027], "dvar": [0.192418918014, 17.1151981354, 38.462223053, 81.3941955566, 173.02986145, 257.230529785, 611.09197998, 531.354858398, 583.705444336, 538.419372559, 1458.15686035, 737.388671875, 1445.50585938, 3186.83447266, 704.604187012, 274.866455078, 212.327407837, 712.859802246, 418.513031006, 139.195373535, 242.042480469, 98.4942245483, 48.3469161987, 111.185928345, 194.576263428, 197.513061523, 214.446578979, 160.492248535, 250.44052124, 223.835479736, 577.575195312, 915.80267334, 147.367370605, 30.3044109344, 3.54334115982, 0.336547762156, 0.0561754703522, 0.00422208802775, 6.1326798459e-05, 1.32265739694e-07], "dvar2": [0.473504275084, 33.9026756287, 92.6697616577, 223.624435425, 459.971405029, 729.178283691, 1313.68359375, 1371.54382324, 1195.73547363, 1271.64855957, 2375.10083008, 1131.30041504, 3251.82177734, 5316.68603516, 1976.96081543, 586.359985352, 521.557006836, 1774.38977051, 1133.97692871, 295.605804443, 489.277404785, 202.59727478, 105.576301575, 202.994338989, 404.235778809, 494.097198486, 390.521942139, 309.197814941, 617.839111328, 454.217163086, 1012.08605957, 1636.26708984, 280.223358154, 43.1542854309, 6.54656648636, 0.539207696915, 0.104056969285, 0.00921914260834, 0.000126655737404, 2.16680064113e-07], "max": [4.55561685562, 47.5503921509, 65.4622650146, 89.420753479, 162.003540039, 182.440536499, 498.081237793, 295.206237793, 355.284057617, 271.781738281, 680.88104248, 623.833557129, 376.373321533, 1754.95996094, 441.112091064, 339.836547852, 147.175979614, 246.0912323, 191.712875366, 131.106948853, 219.729446411, 132.48097229, 82.6378936768, 136.828872681, 161.390274048, 123.723114014, 210.762664795, 146.66835022, 165.179855347, 165.628234863, 414.53024292, 654.125732422, 199.077148438, 131.711837769, 29.3366947174, 10.8753252029, 3.40166926384, 0.713848590851, 0.115025497973, 0.00736911827698], "mean": [0.480530112982, 4.41191911697, 6.17737817764, 9.36433982849, 22.4541854858, 22.8468914032, 29.8893604279, 20.2674465179, 28.3668689728, 21.500869751, 45.7334098816, 21.8953742981, 34.6388664246, 39.5502853394, 14.00041008, 17.4581203461, 14.1921710968, 23.9348449707, 23.3495464325, 14.7431764603, 17.3465080261, 12.6510410309, 7.64130592346, 10.1558256149, 11.402469635, 11.9099292755, 11.6447343826, 10.1676959991, 9.89838695526, 11.6100072861, 15.6637001038, 16.5280857086, 8.54501056671, 4.02306413651, 1.51158189774, 0.476738631725, 0.161485686898, 0.0371902212501, 0.00495641352609, 0.000264790491201], "median": [0.23205819726, 3.01665139198, 4.7472076416, 7.59012365341, 18.2750301361, 19.0759601593, 20.6368904114, 12.2251291275, 15.1461372375, 10.7026863098, 19.4793376923, 11.3143920898, 12.2783136368, 12.4262046814, 5.63653278351, 9.95671081543, 7.58139228821, 9.56963062286, 16.3173122406, 9.89255046844, 10.7277803421, 8.23697185516, 5.14276885986, 5.73851966858, 6.41448640823, 5.21060562134, 3.4781229496, 2.92158412933, 2.93195819855, 2.60018801689, 2.23481225967, 1.67110407352, 0.997142553329, 0.594993948936, 0.283355951309, 0.083554521203, 0.0235685519874, 0.00611941702664, 0.00100798567291, 9.36534270295e-05], "min": [3.11767195171e-07, 2.79248047264e-06, 1.10940445666e-05, 3.20238359564e-05, 9.44026469369e-05, 0.000191110404558, 0.000200404960196, 9.04036933207e-05, 1.69538179762e-05, 0.000225521129323, 0.00064406398451, 0.000423358113039, 7.85303855082e-05, 0.000119599731988, 0.000131374923512, 0.000252612982877, 0.000675130169839, 0.000192473322386, 0.000544912356418, 0.000603614666034, 0.000303814100334, 0.0007644254365, 0.000199987131055, 0.000278518826235, 0.00105242617428, 0.001177543425, 0.000688066531438, 0.000825990631711, 0.000302084285067, 0.00053352327086, 0.000397044757847, 0.000251473655226, 0.000365973595763, 0.000241287722019, 0.000117857853184, 0.000116861250717, 2.83355821011e-05, 7.26681355445e-06, 5.37592723049e-06, 4.58102078937e-07], "var": [0.488616883755, 31.4635391235, 50.1866569519, 85.8957214355, 338.059326172, 318.213531494, 1434.69006348, 738.246154785, 1625.43554688, 888.350402832, 4800.67333984, 2135.19189453, 3403.953125, 19406.03125, 861.418518066, 705.255249023, 311.936798096, 1227.78588867, 602.831726074, 270.373809814, 488.636016846, 218.390548706, 85.6084060669, 220.919509888, 295.739959717, 354.633453369, 668.73626709, 424.621917725, 403.054748535, 592.824951172, 2331.03320312, 3603.91357422, 672.931152344, 109.266174316, 9.74991130829, 1.16177296638, 0.157499596477, 0.00709368940443, 9.39995952649e-05, 2.20711655174e-07]}, "gfcc": {"mean": [43.6100730896, 91.7528762817, -84.1751480103, 35.2780036926, -50.6017341614, 15.5065994263, -35.78673172, 5.59396266937, -18.5464000702, 2.1188647747, -15.4791469574, -2.69212388992, -7.22471857071], "cov": [[2265.10107422, -1257.89990234, 288.226470947, 3.00381016731, -310.022369385, 241.176010132, -161.644927979, 30.7884864807, -82.2754898071, 62.0131645203, -59.5554618835, 49.2466659546, -78.1332778931], [-1257.89990234, 1375.44641113, -288.839599609, -42.6801795959, 325.218261719, -238.062896729, 187.289901733, -4.73595905304, 87.4022140503, -54.7924461365, 37.8467063904, -75.0886001587, 45.7046585083], [288.226470947, -288.839599609, 526.901123047, 21.046163559, 52.0496101379, 109.434196472, -59.3421821594, 15.7787246704, -24.3994922638, 28.1666984558, -19.474653244, 18.5477523804, -38.2946815491], [3.00381016731, -42.6801795959, 21.046163559, 221.657012939, -33.6884765625, 51.3320617676, -38.2474098206, -21.1965732574, 3.0815114975, 3.86940789223, 18.9300556183, -36.474773407, 18.2098693848], [-310.022369385, 325.218261719, 52.0496101379, -33.6884765625, 320.79510498, -27.4917354584, 78.0886611938, 11.7310400009, 16.863904953, -3.90596723557, -10.3534431458, -0.878030121326, -26.5998268127], [241.176010132, -238.062896729, 109.434196472, 51.3320617676, -27.4917354584, 163.589035034, -19.1170692444, 17.2016582489, -13.4114952087, 2.25320720673, 6.751060009, 4.49704790115, -2.14650774002], [-161.644927979, 187.289901733, -59.3421821594, -38.2474098206, 78.0886611938, -19.1170692444, 122.626152039, 8.61831378937, 30.3060035706, -11.3479328156, 2.60760211945, -0.369470775127, 7.0189948082], [30.7884864807, -4.73595905304, 15.7787246704, -21.1965732574, 11.7310400009, 17.2016582489, 8.61831378937, 67.4744186401, 20.419593811, 17.1057071686, 7.61380434036, -5.48569774628, -8.03737068176], [-82.2754898071, 87.4022140503, -24.3994922638, 3.0815114975, 16.863904953, -13.4114952087, 30.3060035706, 20.419593811, 102.760169983, 23.4414157867, 21.9961624146, -8.81751441956, -10.3164606094], [62.0131645203, -54.7924461365, 28.1666984558, 3.86940789223, -3.90596723557, 2.25320720673, -11.3479328156, 17.1057071686, 23.4414157867, 76.1544036865, 19.8738765717, 6.60832643509, -12.1767997742], [-59.5554618835, 37.8467063904, -19.474653244, 18.9300556183, -10.3534431458, 6.751060009, 2.60760211945, 7.61380434036, 21.9961624146, 19.8738765717, 68.3457565308, 4.80093765259, 14.3555936813], [49.2466659546, -75.0886001587, 18.5477523804, -36.474773407, -0.878030121326, 4.49704790115, -0.369470775127, -5.48569774628, -8.81751441956, 6.60832643509, 4.80093765259, 60.8855400085, 9.16250228882], [-78.1332778931, 45.7046585083, -38.2946815491, 18.2098693848, -26.5998268127, -2.14650774002, 7.0189948082, -8.03737068176, -10.3164606094, -12.1767997742, 14.3555936813, 9.16250228882, 63.1366882324]], "icov": [[0.000950863293838, 0.000731497944798, -2.41731595452e-05, 0.000154647132149, 0.000254766026046, -0.000313149619615, -0.000131527907797, -0.000223880386329, 0.000183323922101, -0.000276980135823, 0.000369092973415, 0.000185670927749, 0.000536399602424], [0.000731497944798, 0.00268691335805, 0.000374091760023, 0.000182573756319, -0.0017112592468, 0.00201086839661, -0.00114215770736, -0.000126075174194, -0.000592712545767, 0.000923043000512, -0.00115425523836, 0.00264886231162, -0.00144802627619], [-2.41731595452e-05, 0.000374091760023, 0.00274198316038, -7.55963765187e-06, -0.00119516439736, -0.00129743060097, 0.00117800151929, -0.000113174741273, 5.65675836697e-05, -0.000600639497861, 0.000546838273294, -0.000326548644807, 0.000488020072225], [0.000154647132149, 0.000182573756319, -7.55963765187e-06, 0.00701693678275, -0.000370011053747, -0.00254463846795, 0.00211082492024, 0.00342124141753, -0.00115290493704, -0.000967666215729, -0.00129671231844, 0.00527997128665, -0.00285714119673], [0.000254766026046, -0.0017112592468, -0.00119516439736, -0.000370011053747, 0.00602521747351, -0.000972891051788, -0.00227401894517, -0.000649470137432, 0.00110121292528, -0.000712148379534, 0.00134914810769, -0.00251592858694, 0.00371232116595], [-0.000313149619615, 0.00201086839661, -0.00129743060097, -0.00254463846795, -0.000972891051788, 0.0111938258633, -0.00210623093881, -0.00324946432374, 0.000617750396486, 0.00264179962687, -0.00266704382375, 0.00061788019957, -0.000977845164016], [-0.000131527907797, -0.00114215770736, 0.00117800151929, 0.00211082492024, -0.00227401894517, -0.00210623093881, 0.0131322015077, -4.92690996907e-05, -0.00340702105314, 0.00117335596588, 0.000888964917976, -0.000561734312214, -0.00217713718303], [-0.000223880386329, -0.000126075174194, -0.000113174741273, 0.00342124141753, -0.000649470137432, -0.00324946432374, -4.92690996907e-05, 0.0191496666521, -0.00295526674017, -0.00354458368383, -0.00118319946341, 0.00421948824078, -0.000691860041115], [0.000183323922101, -0.000592712545767, 5.65675836697e-05, -0.00115290493704, 0.00110121292528, 0.000617750396486, -0.00340702105314, -0.00295526674017, 0.0136519819498, -0.00320198130794, -0.00287056458183, 8.06312891655e-05, 0.00376442610286], [-0.000276980135823, 0.000923043000512, -0.000600639497861, -0.000967666215729, -0.000712148379534, 0.00264179962687, 0.00117335596588, -0.00354458368383, -0.00320198130794, 0.0180997736752, -0.00530984112993, -0.00194816873409, 0.00256956764497], [0.000369092973415, -0.00115425523836, 0.000546838273294, -0.00129671231844, 0.00134914810769, -0.00266704382375, 0.000888964917976, -0.00118319946341, -0.00287056458183, -0.00530984112993, 0.0200840979815, -0.003472244367, -0.00332953105681], [0.000185670927749, 0.00264886231162, -0.000326548644807, 0.00527997128665, -0.00251592858694, 0.00061788019957, -0.000561734312214, 0.00421948824078, 8.06312891655e-05, -0.00194816873409, -0.003472244367, 0.0246482975781, -0.00699808821082], [0.000536399602424, -0.00144802627619, 0.000488020072225, -0.00285714119673, 0.00371232116595, -0.000977845164016, -0.00217713718303, -0.000691860041115, 0.00376442610286, 0.00256956764497, -0.00332953105681, -0.00699808821082, 0.0232387818396]]}, "melbands": {"dmean": [0.00224702153355, 0.00187225919217, 0.000913457770366, 0.000747019075789, 0.000517310691066, 0.000274829100817, 0.00023563762079, 0.00013515453611, 0.000198024848942, 6.44028041279e-05, 0.000107386724267, 8.96386118256e-05, 3.50178415829e-05, 2.79253963527e-05, 2.41847610596e-05, 1.99032838282e-05, 3.21543921018e-05, 2.32263409998e-05, 1.48909985001e-05, 1.02871281342e-05, 1.35588607009e-05, 8.83049597178e-06, 3.87182035411e-06, 4.62409025204e-06, 4.91120954393e-06, 5.54054940949e-06, 5.20930552739e-06, 5.27857491761e-06, 4.45759724244e-06, 4.03394869863e-06, 3.36001266987e-06, 4.191683729e-06, 3.46729666489e-06, 4.10181792176e-06, 4.78900301459e-06, 6.2462677306e-06, 6.30355634712e-06, 3.49438960257e-06, 2.3391655759e-06, 1.77566960247e-06], "dmean2": [0.00353822531179, 0.0028945687227, 0.00139886932448, 0.00121688796207, 0.000797622371465, 0.000441731011961, 0.000347839173628, 0.000209597594221, 0.000285777990939, 0.000100288663816, 0.000168285274412, 0.000133406880195, 5.90670169913e-05, 4.56677735201e-05, 3.93846021325e-05, 3.31543160428e-05, 5.20185058122e-05, 3.85467028536e-05, 2.46818872256e-05, 1.58865514095e-05, 2.08272722375e-05, 1.41234067996e-05, 6.15464614384e-06, 7.58851047067e-06, 7.79898800829e-06, 8.85780082172e-06, 8.5685041995e-06, 8.79741583049e-06, 6.90293882144e-06, 5.94767652728e-06, 5.25857194589e-06, 6.94070968166e-06, 5.1487422752e-06, 6.18764397586e-06, 7.03630666976e-06, 9.19134436117e-06, 9.22494382394e-06, 5.3137678151e-06, 3.163547035e-06, 2.34720801018e-06], "dvar": [1.61443458637e-05, 1.47203300003e-05, 2.04601565201e-06, 1.19094784168e-06, 5.57947203106e-07, 2.67717979341e-07, 1.31940154802e-07, 4.89185438823e-08, 8.80501360712e-08, 2.25216165717e-08, 3.71363846341e-08, 6.29848173617e-08, 1.20927063918e-08, 1.60003943428e-09, 1.04469555229e-09, 1.02145791825e-09, 3.56348084374e-09, 9.55605483632e-10, 5.00386621027e-10, 2.15310061447e-10, 3.89121151967e-10, 1.70907357711e-10, 3.31984856272e-11, 6.83867337758e-11, 8.12661882232e-11, 1.14656964478e-10, 1.3044790248e-10, 9.81048159376e-11, 1.1100174252e-10, 9.09632022483e-11, 4.82681082603e-11, 1.12040120237e-10, 5.65719519841e-11, 8.50564826904e-11, 1.82554651951e-10, 4.32185176535e-10, 4.78400596915e-10, 1.13738705954e-10, 4.39266366337e-11, 1.81546704753e-11], "dvar2": [3.49968649971e-05, 3.03378401441e-05, 5.50329514226e-06, 3.35646382155e-06, 1.27442012854e-06, 6.87741078309e-07, 2.70179640438e-07, 1.15495467412e-07, 1.45990213696e-07, 3.61597969345e-08, 8.36558768924e-08, 1.05503701775e-07, 3.38551302548e-08, 3.66131458485e-09, 2.51146459185e-09, 2.53519738536e-09, 8.89156837047e-09, 2.58541987819e-09, 1.24060306472e-09, 3.95493610084e-10, 8.15142786603e-10, 3.84474729831e-10, 7.71967420543e-11, 1.46014603186e-10, 1.56851767685e-10, 2.29935889773e-10, 3.26148663632e-10, 2.52458109973e-10, 2.31735894363e-10, 1.70687977641e-10, 9.95420829097e-11, 2.97596336463e-10, 1.15483324292e-10, 1.83946885501e-10, 3.48253426097e-10, 7.99061317114e-10, 9.93348625578e-10, 2.47336068293e-10, 7.9200285219e-11, 2.60387770373e-11], "max": [0.0472177863121, 0.0410056859255, 0.0144443335012, 0.0106360418722, 0.013533372432, 0.00635636365041, 0.00556961400434, 0.0025226008147, 0.00510532548651, 0.00333765964024, 0.00210101460107, 0.00781713891774, 0.00185395334847, 0.000689571665134, 0.000431864929851, 0.000314598641125, 0.000541043933481, 0.000294304947602, 0.000251346355071, 0.00016947153199, 0.000270439486485, 0.000168455793755, 7.51151601435e-05, 9.94335350697e-05, 0.00011359272321, 0.000138109695399, 0.00012641842477, 0.00010086511611, 0.000146052698256, 0.000134947840706, 7.97730899649e-05, 0.000113197507744, 7.33323031454e-05, 9.96073140414e-05, 0.000214582381886, 0.000371959496988, 0.000422259530751, 0.000189008336747, 0.0001466506219, 9.80445183814e-05], "mean": [0.00498831225559, 0.00435146689415, 0.00201019831002, 0.00168403668795, 0.00102724018507, 0.000490898848511, 0.000426690065069, 0.000235210041865, 0.000359841709724, 0.000112947025627, 0.000172237327206, 0.000167382895597, 4.73667423648e-05, 4.15806098317e-05, 3.58256693289e-05, 2.85018959403e-05, 4.75785818708e-05, 3.5752007534e-05, 2.3360034902e-05, 1.84075179277e-05, 2.18979712372e-05, 1.50747428052e-05, 7.22686127119e-06, 7.42053452996e-06, 8.05400213721e-06, 8.46172952151e-06, 7.46658224671e-06, 8.05940453574e-06, 7.60677312428e-06, 6.56796783005e-06, 5.53071231479e-06, 5.53865766051e-06, 5.74571004108e-06, 6.61358308207e-06, 8.36720482766e-06, 1.09706352305e-05, 9.93169487629e-06, 6.47592923997e-06, 4.2266001401e-06, 3.08251969727e-06], "median": [0.0025513751898, 0.0032280003652, 0.00169535179157, 0.00144639378414, 0.000756525434554, 0.000293652206892, 0.00022795345285, 0.000128558152937, 0.000162097072462, 4.95872263855e-05, 5.84971312492e-05, 4.91115461045e-05, 1.60286908795e-05, 2.31441626966e-05, 2.21800546569e-05, 1.5290810552e-05, 1.58241746249e-05, 2.43262984441e-05, 1.60130311997e-05, 1.14602526082e-05, 1.30421904032e-05, 9.48382148636e-06, 4.54518112747e-06, 4.6940831453e-06, 4.06080380344e-06, 4.78151559946e-06, 3.55646034222e-06, 3.33561251864e-06, 2.0831907932e-06, 1.80140921202e-06, 1.55643715516e-06, 1.52632469508e-06, 1.4607827552e-06, 1.37459232974e-06, 1.25486008073e-06, 1.15708041903e-06, 9.16162491649e-07, 6.75393948768e-07, 6.10246047472e-07, 4.40989595063e-07], "min": [3.06047431842e-09, 5.16065812306e-09, 7.03703717519e-09, 1.05586286381e-08, 7.60906004871e-09, 2.11829598307e-09, 2.29064406332e-10, 3.26399463013e-09, 5.42379163804e-09, 2.23956075907e-09, 2.94249041799e-10, 4.43333481037e-10, 6.10527628453e-10, 2.20594154055e-10, 1.28578825365e-09, 1.49607803923e-09, 1.7126607077e-10, 5.78813219576e-10, 1.35385813671e-09, 7.02828961696e-10, 2.31597754863e-10, 7.61747998013e-10, 4.86959250701e-10, 4.23410369266e-11, 2.2680753109e-10, 5.35010147296e-10, 1.12104436845e-09, 7.26472382251e-10, 2.92960766757e-10, 6.87153056678e-10, 4.15069451032e-10, 1.29624436185e-10, 1.85167339795e-10, 3.64072855197e-10, 2.89573892642e-10, 9.96951340926e-11, 1.81315254477e-10, 3.16813963952e-10, 1.84794846092e-10, 1.90331986283e-10], "var": [3.84487648262e-05, 2.5883102353e-05, 2.8919853321e-06, 1.73009971149e-06, 1.20366814826e-06, 3.94389360281e-07, 3.76287516701e-07, 8.76227801427e-08, 2.85399721633e-07, 6.23258529231e-08, 8.80316974872e-08, 3.82237658414e-07, 1.46876253382e-08, 3.86709286815e-09, 1.87905535576e-09, 1.47723366872e-09, 5.99815708213e-09, 1.40775691104e-09, 6.51921905348e-10, 5.25136878426e-10, 7.49470596695e-10, 3.23767290755e-10, 6.69115457486e-11, 1.05555029994e-10, 1.54518273177e-10, 1.69920855164e-10, 1.55511936661e-10, 1.82704004703e-10, 3.1289967839e-10, 2.26675608839e-10, 1.1853869275e-10, 1.43121792195e-10, 1.34367614257e-10, 2.03451783198e-10, 6.17938922254e-10, 1.6299320782e-09, 1.40595945997e-09, 4.46887388206e-10, 1.36152339403e-10, 6.21867210504e-11]}, "mfcc": {"mean": [-610.053405762, 124.924621582, 24.1234989166, 26.9919757843, 12.730091095, 10.4430103302, -0.741293847561, 2.01496839523, 1.95657396317, 6.05269479752, -1.85840177536, -2.77907013893, -0.611985564232], "cov": [[2206.06933594, -1183.25085449, 321.782501221, -276.09576416, -100.47555542, 3.73032712936, -51.5141677856, -54.8152122498, -56.0982093811, 5.79310750961, -63.4524421692, 32.1317710876, -21.0300865173], [-1183.25085449, 1310.10327148, -425.077148438, 220.379547119, 45.4392166138, -31.7177715302, 54.120765686, 60.7644615173, 85.3674697876, -5.38190746307, 78.7684707642, -3.8975892067, 25.2522411346], [321.782501221, -425.077148438, 476.162536621, -68.8184967041, 66.4821395874, 35.6805839539, 1.02011322975, -24.7121181488, -29.514043808, 23.635389328, -39.7156715393, 17.496717453, 0.338058173656], [-276.09576416, 220.379547119, -68.8184967041, 180.590942383, 39.9584121704, 20.0557479858, 5.0067191124, -11.5549468994, 17.0689277649, 2.44098567963, 13.6792669296, 5.82739877701, -2.69523239136], [-100.47555542, 45.4392166138, 66.4821395874, 39.9584121704, 173.273193359, 46.1354064941, 36.9817352295, 18.5769023895, 0.941478133202, 20.3989372253, 16.7982807159, 3.62437200546, 8.88176250458], [3.73032712936, -31.7177715302, 35.6805839539, 20.0557479858, 46.1354064941, 97.0579605103, 30.0282325745, 19.5887699127, 8.23702335358, 2.27851390839, 1.85233819485, 2.06740617752, -5.38673114777], [-51.5141677856, 54.120765686, 1.02011322975, 5.0067191124, 36.9817352295, 30.0282325745, 95.0929260254, 22.6758422852, 11.5342855453, -7.20519685745, -9.37764358521, 2.38035559654, 2.05881333351], [-54.8152122498, 60.7644615173, -24.7121181488, -11.5549468994, 18.5769023895, 19.5887699127, 22.6758422852, 75.140586853, 19.2988357544, 4.46784067154, 7.43770074844, -6.47279071808, -2.33838176727], [-56.0982093811, 85.3674697876, -29.514043808, 17.0689277649, 0.941478133202, 8.23702335358, 11.5342855453, 19.2988357544, 58.8075828552, 15.8949871063, 8.90998649597, 3.43730831146, 0.546828985214], [5.79310750961, -5.38190746307, 23.635389328, 2.44098567963, 20.3989372253, 2.27851390839, -7.20519685745, 4.46784067154, 15.8949871063, 73.2282104492, 25.5587482452, 15.2989053726, -3.22858738899], [-63.4524421692, 78.7684707642, -39.7156715393, 13.6792669296, 16.7982807159, 1.85233819485, -9.37764358521, 7.43770074844, 8.90998649597, 25.5587482452, 73.7967529297, 25.6979904175, 13.2263975143], [32.1317710876, -3.8975892067, 17.496717453, 5.82739877701, 3.62437200546, 2.06740617752, 2.38035559654, -6.47279071808, 3.43730831146, 15.2989053726, 25.6979904175, 89.7234344482, 31.6313858032], [-21.0300865173, 25.2522411346, 0.338058173656, -2.69523239136, 8.88176250458, -5.38673114777, 2.05881333351, -2.33838176727, 0.546828985214, -3.22858738899, 13.2263975143, 31.6313858032, 65.6069793701]], "icov": [[0.000949573295657, 0.0008275937289, 0.000153143002535, 0.00054173002718, 0.000117148520076, 3.38053287123e-05, -2.73646564892e-05, 0.000205722593819, -0.00043919365271, 6.18701233179e-05, 6.32256978861e-06, -0.000430592743214, 0.000215447784285], [0.0008275937289, 0.00228048255667, 0.00108507624827, -0.000979898613878, -0.000330054346705, 0.00114823121112, -0.000766488316003, -0.000595060526393, -0.00148073676974, 0.000415545655414, -0.000843416666612, -5.17542430316e-05, -0.000288746523438], [0.000153143002535, 0.00108507624827, 0.00364683871157, 0.000689642620273, -0.00176176475361, -0.000517506327014, 0.000154255118105, 0.000841520435642, 7.49429455027e-05, -0.0011506176088, 0.00189261289779, -0.000926963693928, -0.000129728985485], [0.00054173002718, -0.000979898613878, 0.000689642620273, 0.00887003913522, -0.00191891007125, -0.00244277715683, 0.00129020120949, 0.0037287985906, -0.00152589043137, 0.000281695625745, 0.000799904868472, -0.00135493208654, 0.00158186117187], [0.000117148520076, -0.000330054346705, -0.00176176475361, -0.00191891007125, 0.00890279840678, -0.0024262345396, -0.00261498917826, -0.00147607619874, 0.00227576587349, -0.00215335818939, -0.00204557040706, 0.00155043823179, -0.00174023688305], [3.38053287123e-05, 0.00114823121112, -0.000517506327014, -0.00244277715683, -0.0024262345396, 0.0143743688241, -0.00319102476351, -0.00314423115924, -0.001673124847, 0.00141928566154, -0.00133904907852, -0.000407663988881, 0.00151823775377], [-2.73646564892e-05, -0.000766488316003, 0.000154255118105, 0.00129020120949, -0.00261498917826, -0.00319102476351, 0.0141159696504, -0.00209487765096, -0.00169744237792, 0.001715354505, 0.00351935951039, -0.00177485065069, 0.000157604881679], [0.000205722593819, -0.000595060526393, 0.000841520435642, 0.0037287985906, -0.00147607619874, -0.00314423115924, -0.00209487765096, 0.0180075820535, -0.00451894290745, -0.000120018223242, -0.00106289389078, 0.0012130466057, 0.000754257838707], [-0.00043919365271, -0.00148073676974, 7.49429455027e-05, -0.00152589043137, 0.00227576587349, -0.001673124847, -0.00169744237792, -0.00451894290745, 0.0226801224053, -0.00572035601363, 0.000662150792778, 4.68669641123e-05, -0.00081380456686], [6.18701233179e-05, 0.000415545655414, -0.0011506176088, 0.000281695625745, -0.00215335818939, 0.00141928566154, 0.001715354505, -0.000120018223242, -0.00572035601363, 0.0187493581325, -0.00601164391264, -0.00229321885854, 0.00351527612656], [6.32256978861e-06, -0.000843416666612, 0.00189261289779, 0.000799904868472, -0.00204557040706, -0.00133904907852, 0.00351935951039, -0.00106289389078, 0.000662150792778, -0.00601164391264, 0.0203421730548, -0.00472386972979, -0.00175638415385], [-0.000430592743214, -5.17542430316e-05, -0.000926963693928, -0.00135493208654, 0.00155043823179, -0.000407663988881, -0.00177485065069, 0.0012130466057, 4.68669641123e-05, -0.00229321885854, -0.00472386972979, 0.0159083157778, -0.00714428070933], [0.000215447784285, -0.000288746523438, -0.000129728985485, 0.00158186117187, -0.00174023688305, 0.00151823775377, 0.000157604881679, 0.000754257838707, -0.00081380456686, 0.00351527612656, -0.00175638415385, -0.00714428070933, 0.019848683849]]}, "spectral_contrast_coeffs": {"dmean": [0.0447445139289, 0.0525774136186, 0.0426189340651, 0.0301482528448, 0.0211390648037, 0.0213658995926], "dmean2": [0.073207333684, 0.086447969079, 0.0685521513224, 0.0499280765653, 0.035027064383, 0.0325959734619], "dvar": [0.00143944658339, 0.00178629008587, 0.0011820634827, 0.000555705861188, 0.000280800944893, 0.000356301723514], "dvar2": [0.00371996941976, 0.00445304904133, 0.00296778301708, 0.00141369074117, 0.000713735294994, 0.000876255624462], "max": [-0.381828278303, -0.455408662558, -0.511711120605, -0.664183437824, -0.669843375683, -0.641180157661], "mean": [-0.663393318653, -0.693761348724, -0.772771477699, -0.802168190479, -0.807237148285, -0.781575739384], "median": [-0.665926575661, -0.695243179798, -0.78282892704, -0.804519891739, -0.810253381729, -0.785121917725], "min": [-0.815366566181, -0.868673801422, -0.908732116222, -0.900274455547, -0.876587629318, -0.867525279522], "var": [0.00399578502402, 0.00468332227319, 0.00388107518665, 0.0013418403687, 0.000913695141207, 0.00124511891045]}, "spectral_contrast_valleys": {"dmean": [0.303835600615, 0.43385925889, 0.385449767113, 0.3169708848, 0.284781575203, 0.431948274374], "dmean2": [0.505061745644, 0.700239598751, 0.612611949444, 0.496054053307, 0.421628445387, 0.51863527298], "dvar": [0.0951190888882, 0.149971246719, 0.133146747947, 0.106364481151, 0.102346554399, 0.223323985934], "dvar2": [0.208085954189, 0.334990799427, 0.301978737116, 0.216984346509, 0.187062218785, 0.333491772413], "max": [-4.77749538422, -4.79707384109, -5.09788703918, -5.83138608932