{"lowlevel": {"average_loudness": 0.925580918789, "barkbands_crest": {"dmean": 2.12020421028, "dmean2": 3.27790927887, "dvar": 7.62463235855, "dvar2": 16.5821475983, "max": 26.7641181946, "mean": 19.2636051178, "median": 20.5676956177, "min": 2.1729888916, "var": 34.5337753296}, "barkbands_flatness_db": {"dmean": 0.0325639396906, "dmean2": 0.0488025806844, "dvar": 0.00125595321879, "dvar2": 0.00258714635856, "max": 0.471885561943, "mean": 0.205290138721, "median": 0.202652707696, "min": 0.0137945692986, "var": 0.00661696819589}, "barkbands_kurtosis": {"dmean": 21.1214809418, "dmean2": 33.9980888367, "dvar": 2107.40649414, "dvar2": 5058.75683594, "max": 1707.43737793, "mean": 31.0732936859, "median": 11.337843895, "min": -1.86360657215, "var": 3533.67675781}, "barkbands_skewness": {"dmean": 1.47664904594, "dmean2": 2.29472899437, "dvar": 3.25070524216, "dvar2": 7.93497562408, "max": 34.8528823853, "mean": 4.24159622192, "median": 3.43170881271, "min": -3.86420488358, "var": 11.3669929504}, "barkbands_spread": {"dmean": 8.56467151642, "dmean2": 14.0653734207, "dvar": 131.003036499, "dvar2": 309.250854492, "max": 106.77028656, "mean": 20.9681243896, "median": 14.6216506958, "min": 0.135980516672, "var": 349.161560059}, "dissonance": {"dmean": 0.0105156609789, "dmean2": 0.017790146172, "dvar": 0.000155139525305, "dvar2": 0.000401853380026, "max": 0.499999910593, "mean": 0.482000172138, "median": 0.487282067537, "min": 0.287047803402, "var": 0.000263268593699}, "dynamic_complexity": 3.39908599854, "erbbands_crest": {"dmean": 2.72179818153, "dmean2": 4.46441745758, "dvar": 7.16315555573, "dvar2": 17.1799755096, "max": 31.3540306091, "mean": 8.19719219208, "median": 7.28250408173, "min": 2.33284878731, "var": 15.3062152863}, "erbbands_flatness_db": {"dmean": 0.0169883519411, "dmean2": 0.0254258047789, "dvar": 0.000281429529423, "dvar2": 0.00052252918249, "max": 0.334351480007, "mean": 0.133227944374, "median": 0.131675809622, "min": 0.0500787347555, "var": 0.00137476949021}, "erbbands_kurtosis": {"dmean": 0.817599475384, "dmean2": 1.34961247444, "dvar": 1.27436375618, "dvar2": 3.37664222717, "max": 27.317691803, "mean": -0.0659765377641, "median": -0.42179107666, "min": -1.86057901382, "var": 2.29592227936}, "erbbands_skewness": {"dmean": 0.390429854393, "dmean2": 0.624147117138, "dvar": 0.114075966179, "dvar2": 0.287887513638, "max": 3.44573283195, "mean": -0.446206659079, "median": -0.440130233765, "min": -3.70080184937, "var": 0.403310537338}, "erbbands_spread": {"dmean": 12.7087802887, "dmean2": 20.356678009, "dvar": 155.60848999, "dvar2": 403.793212891, "max": 163.793884277, "mean": 56.8155326843, "median": 52.0296096802, "min": 3.34946918488, "var": 562.42401123}, "hfc": {"dmean": 18.5820598602, "dmean2": 26.7990837097, "dvar": 2736.01269531, "dvar2": 4690.80566406, "max": 563.009094238, "mean": 29.8950214386, "median": 13.1255149841, "min": 1.12421839119e-16, "var": 4644.85449219}, "melbands_crest": {"dmean": 2.56176257133, "dmean2": 3.89714837074, "dvar": 10.1337347031, "dvar2": 23.4710884094, "max": 39.106880188, "mean": 25.707616806, "median": 27.2748527527, "min": 3.92718601227, "var": 41.6416168213}, "melbands_flatness_db": {"dmean": 0.0374812856317, "dmean2": 0.0553826875985, "dvar": 0.00158815924078, "dvar2": 0.00317501556128, "max": 0.612645089626, "mean": 0.296175569296, "median": 0.297037303448, "min": 0.0113135222346, "var": 0.00958498287946}, "melbands_kurtosis": {"dmean": 47.6417236328, "dmean2": 75.9072494507, "dvar": 4881.81494141, "dvar2": 12695.3886719, "max": 791.385620117, "mean": 94.1652145386, "median": 49.4409561157, "min": -1.74133348465, "var": 12491.5302734}, "melbands_skewness": {"dmean": 1.8483761549, "dmean2": 2.83098983765, "dvar": 3.657766819, "dvar2": 8.85963916779, "max": 21.4733161926, "mean": 7.35131120682, "median": 6.46953439713, "min": -1.79093170166, "var": 19.3195877075}, "melbands_spread": {"dmean": 6.55718898773, "dmean2": 9.95328617096, "dvar": 110.65990448, "dvar2": 199.154724121, "max": 155.902694702, "mean": 15.4924526215, "median": 7.91452121735, "min": 0.258972555399, "var": 408.310791016}, "pitch_salience": {"dmean": 0.0678347423673, "dmean2": 0.105505473912, "dvar": 0.00815336126834, "dvar2": 0.0184711236507, "max": 0.875428438187, "mean": 0.259421348572, "median": 0.231949150562, "min": 0.0275694318116, "var": 0.0248388145119}, "silence_rate_20dB": {"dmean": 0.0137242665514, "dmean2": 0.0274519585073, "dvar": 0.0135365985334, "dvar2": 0.0339346788824, "max": 1, "mean": 0.98977047205, "median": 1, "min": 0, "var": 0.0101248575374}, "silence_rate_30dB": {"dmean": 0.0960698723793, "dmean2": 0.192163720727, "dvar": 0.0868341103196, "dvar2": 0.192184716463, "max": 1, "mean": 0.661302387714, "median": 1, "min": 0, "var": 0.224002555013}, "silence_rate_60dB": {"dmean": 0.00149719277397, "dmean2": 0.00299475924112, "dvar": 0.00149482022971, "dvar2": 0.0034850933589, "max": 1, "mean": 0.0147205591202, "median": 0, "min": 0, "var": 0.0145038422197}, "spectral_centroid": {"dmean": 387.498687744, "dmean2": 646.448608398, "dvar": 127439.921875, "dvar2": 321709.84375, "max": 11645.8574219, "mean": 2018.66772461, "median": 2043.38305664, "min": 108.456108093, "var": 491519.53125}, "spectral_complexity": {"dmean": 3.03905177116, "dmean2": 4.50012493134, "dvar": 20.9430580139, "dvar2": 29.307302475, "max": 65, "mean": 17.2138214111, "median": 14, "min": 0, "var": 129.020187378}, "spectral_decrease": {"dmean": 1.03167598908e-08, "dmean2": 1.61111053387e-08, "dvar": 2.51176291443e-16, "dvar2": 6.3368350611e-16, "max": 1.99722725814e-17, "mean": -2.11368611502e-08, "median": -1.3345786698e-08, "min": -1.61305479196e-07, "var": 4.75980582649e-16}, "spectral_energy": {"dmean": 0.0401021800935, "dmean2": 0.0622461140156, "dvar": 0.00364493881352, "dvar2": 0.00920121371746, "max": 0.612769305706, "mean": 0.0824867188931, "median": 0.0522858314216, "min": 1.05602747994e-20, "var": 0.00696541788056}, "spectral_energyband_high": {"dmean": 0.00177976244595, "dmean2": 0.00263549457304, "dvar": 2.64021455223e-05, "dvar2": 4.66571036668e-05, "max": 0.055548094213, "mean": 0.00213461439125, "median": 0.000476134591736, "min": 7.55093680094e-21, "var": 4.18885538238e-05}, "spectral_energyband_low": {"dmean": 0.0380629561841, "dmean2": 0.0595697052777, "dvar": 0.00366958673112, "dvar2": 0.00921347085387, "max": 0.608035802841, "mean": 0.0732481852174, "median": 0.0401904731989, "min": 3.63016307425e-23, "var": 0.00682023679838}, "spectral_energyband_middle_high": {"dmean": 0.0019123427337, "dmean2": 0.00264978851192, "dvar": 2.90488405881e-05, "dvar2": 4.71192943223e-05, "max": 0.0602683648467, "mean": 0.00405530584976, "median": 0.00181648693979, "min": 1.66214815314e-21, "var": 6.45565596642e-05}, "spectral_energyband_middle_low": {"dmean": 0.00193639914505, "dmean2": 0.0032750882674, "dvar": 1.81466693903e-05, "dvar2": 5.09404671902e-05, "max": 0.0543765090406, "mean": 0.00351616786793, "median": 0.0021571139805, "min": 4.52097472203e-22, "var": 1.99363275897e-05}, "spectral_entropy": {"dmean": 0.213311985135, "dmean2": 0.316634088755, "dvar": 0.0640267729759, "dvar2": 0.125373154879, "max": 9.81129455566, "mean": 7.50555038452, "median": 7.40078687668, "min": 5.95015192032, "var": 0.265295684338}, "spectral_flux": {"dmean": 0.0447655878961, "dmean2": 0.0740829855204, "dvar": 0.0036132177338, "dvar2": 0.0108387712389, "max": 0.515494346619, "mean": 0.100442744792, "median": 0.0729916542768, "min": 1.02763200727e-10, "var": 0.00684552406892}, "spectral_kurtosis": {"dmean": 1.32335948944, "dmean2": 2.20168757439, "dvar": 1.81798434258, "dvar2": 4.84149360657, "max": 21.6290550232, "mean": 3.32307434082, "median": 2.79806733131, "min": -1.16685295105, "var": 4.9284286499}, "spectral_rms": {"dmean": 0.00183576031122, "dmean2": 0.00278726918623, "dvar": 5.06592050442e-06, "dvar2": 1.29159834614e-05, "max": 0.0244504343718, "mean": 0.00794251821935, "median": 0.00714216800407, "min": 3.20978313373e-12, "var": 1.73913249455e-05}, "spectral_rolloff": {"dmean": 508.559051514, "dmean2": 848.269042969, "dvar": 1230302.625, "dvar2": 2781656.5, "max": 19379.8828125, "mean": 852.47644043, "median": 86.1328125, "min": 43.06640625, "var": 2327021.25}, "spectral_skewness": {"dmean": 0.213074475527, "dmean2": 0.36271122098, "dvar": 0.0425536893308, "dvar2": 0.112376652658, "max": 3.48524928093, "mean": 1.14546608925, "median": 1.12168717384, "min": -0.289730191231, "var": 0.139561921358}, "spectral_spread": {"dmean": 851595.125, "dmean2": 1295453.875, "dvar": 1716718796800.0, "dvar2": 3182018428930.0, "max": 40666412, "mean": 4850857.5, "median": 4297648, "min": 1796200.875, "var": 3099935637500.0}, "spectral_strongpeak": {"dmean": 0.170259550214, "dmean2": 0.276801049709, "dvar": 0.106417044997, "dvar2": 0.276715457439, "max": 6.49348306656, "mean": 0.519778728485, "median": 0.421230971813, "min": 0, "var": 0.170950889587}, "zerocrossingrate": {"dmean": 0.0110266879201, "dmean2": 0.0137351192534, "dvar": 0.00023277704895, "dvar2": 0.000264465401415, "max": 0.5595703125, "mean": 0.0393099300563, "median": 0.0283203125, "min": 0.001953125, "var": 0.00124013994355}, "barkbands": {"dmean": [0.00155301694758, 0.0369593426585, 0.000767675868701, 0.000394567876356, 0.000474547588965, 0.000251450575888, 0.000516982458066, 0.000281301996438, 0.000309490045765, 0.00041715792031, 0.000244233408011, 0.000291306641884, 0.000304469809635, 0.000218390137888, 0.000343833002262, 0.000156938986038, 0.000390127825085, 0.000211211823625, 0.00037998429616, 0.000227352807997, 0.000285456568236, 0.000317180587444, 0.000386702915421, 0.000282531575067, 0.000374128692783, 0.000140674441354, 3.52351598849e-05], "dmean2": [0.00222977180965, 0.0585695281625, 0.00135856447741, 0.000654161791317, 0.0008748586406, 0.000367223343346, 0.000761762436014, 0.000498346751556, 0.000557374209166, 0.000625715067144, 0.000421067670686, 0.000497776898555, 0.000431319844211, 0.000326973036863, 0.000515669526067, 0.000227425232879, 0.000603952212259, 0.000320039049257, 0.000606655899901, 0.000359368306817, 0.000473425345263, 0.000471475534141, 0.000605728768278, 0.000424026686233, 0.000585328205489, 0.000204483512789, 5.08408593305e-05], "dvar": [6.20799437456e-06, 0.00366650079377, 8.13291262602e-06, 2.0269376364e-06, 3.23061181007e-06, 5.30194597559e-07, 1.54784663664e-06, 3.49447020653e-07, 5.38185815913e-07, 1.27466114463e-06, 7.36312756544e-07, 9.59804197009e-07, 1.13607370622e-06, 4.97004805311e-07, 6.58494855088e-07, 2.59350542819e-07, 3.83404227478e-07, 2.57034912465e-07, 9.95305072138e-07, 2.2222259588e-07, 2.89509785034e-07, 9.3358517006e-07, 1.3084973034e-06, 1.10684936772e-06, 9.74519025476e-07, 2.27829431765e-07, 2.48322038487e-08], "dvar2": [1.27237617562e-05, 0.00917944964021, 2.35119696299e-05, 6.00694920649e-06, 9.51995571086e-06, 9.64795049185e-07, 3.35028585141e-06, 9.88752844933e-07, 1.72453735559e-06, 2.64205982603e-06, 2.01241277864e-06, 2.79768914879e-06, 2.27300756706e-06, 1.0389670706e-06, 1.25668441342e-06, 5.48855041416e-07, 7.46394221096e-07, 4.60314424799e-07, 2.34664321397e-06, 3.81470641742e-07, 4.52812912499e-07, 1.6579218709e-06, 2.74445346804e-06, 2.12470945371e-06, 1.95263214664e-06, 4.52487114444e-07, 3.90820389384e-08], "max": [0.0221325494349, 0.5978089571, 0.0325538814068, 0.0182020328939, 0.0182006862015, 0.028123209253, 0.0433587618172, 0.0218469705433, 0.00830690003932, 0.0349298417568, 0.0155753018335, 0.0100318659097, 0.0128660807386, 0.00898426957428, 0.00908434856683, 0.00566936144605, 0.00888525974005, 0.006582246162, 0.0140895033255, 0.00616618571803, 0.00607956107706, 0.0113280760124, 0.0119827147573, 0.0111887026578, 0.010336545296, 0.00544226216152, 0.00168347184081], "mean": [0.00353793753311, 0.0684437528253, 0.00093937641941, 0.000706025690306, 0.000481816387037, 0.000500503636431, 0.000977442250587, 0.000262420915533, 0.000300078711007, 0.000588652561419, 0.000281032844214, 0.000336960278219, 0.000352199538611, 0.000268526317086, 0.000534216465894, 0.000235831277678, 0.00056023709476, 0.000332420109771, 0.000524576113094, 0.0003678581852, 0.000415187125327, 0.000384077487979, 0.000361266545951, 0.000280756270513, 0.000329827773385, 0.000138769522891, 4.5415104978e-05], "median": [0.00294650555588, 0.0331881083548, 0.000462625263026, 0.000407404848374, 0.000213156250538, 0.000176714951522, 0.000344360654708, 9.40196478041e-05, 7.65808217693e-05, 9.86650702544e-05, 3.73811708414e-05, 7.61409319239e-05, 5.18251436006e-05, 5.64591828152e-05, 0.000233168277191, 2.62656321866e-05, 0.000258778600255, 0.000115878610814, 0.000186830526218, 0.000166601937963, 0.000183484604349, 0.000101543570054, 1.60792660608e-05, 6.67877702654e-06, 2.80953418041e-06, 4.09239237342e-06, 1.08878634819e-06], "min": [9.18301541285e-24, 1.40661930005e-23, 1.30561307643e-23, 9.11900132254e-25, 3.17609031958e-23, 2.78678967167e-23, 6.64430340544e-23, 2.13436049296e-22, 9.33713753448e-23, 1.4827404331e-22, 4.79954492106e-23, 1.11197984661e-22, 4.56886526852e-23, 7.53862428518e-23, 2.13888211745e-22, 8.49411217733e-23, 2.92036862471e-22, 2.16204282119e-22, 2.44930304884e-22, 3.70936054395e-22, 4.00628627406e-22, 5.49870634601e-22, 5.48830246974e-22, 1.03736819575e-21, 1.02774303248e-21, 1.78188396045e-21, 2.23181669735e-21], "var": [1.26622126118e-05, 0.00665862532333, 4.98472672916e-06, 1.37645622544e-06, 1.80383028692e-06, 1.48896276642e-06, 4.06229219152e-06, 3.1456690408e-07, 4.53461325378e-07, 2.23492315854e-06, 7.94853804109e-07, 9.80320919552e-07, 1.54838630806e-06, 6.60544003495e-07, 1.10534358555e-06, 4.56176024954e-07, 7.61273213357e-07, 5.35631841103e-07, 1.31743183829e-06, 4.78185882002e-07, 6.79914137436e-07, 1.40436088714e-06, 1.62838955475e-06, 1.40668964832e-06, 1.26180282223e-06, 3.13708397925e-07, 3.85672365155e-08]}, "erbbands": {"dmean": [1.33403396606, 7.43332672119, 2.49886012077, 1.13105905056, 1.56011068821, 1.58923196793, 0.933166027069, 2.44792437553, 8.15238189697, 4.19681549072, 8.27099990845, 6.13166332245, 12.4995012283, 11.3102827072, 8.83745002747, 10.6768159866, 13.2121219635, 12.7042245865, 17.2027721405, 11.4417190552, 14.7306985855, 15.6191539764, 11.5559644699, 13.406121254, 18.9972267151, 11.7307386398, 11.4976930618, 11.0465965271, 10.4431695938, 11.6720151901, 10.5507440567, 7.39529037476, 3.89244413376, 5.12873935699, 2.10374140739, 0.835556566715, 0.225961834192, 0.040177244693, 0.00560620892793, 0.00040914452984], "dmean2": [2.04716086388, 12.0467119217, 4.1040019989, 1.90877830982, 2.90181040764, 2.85497403145, 1.52237546444, 3.61274647713, 12.3457546234, 6.26348638535, 14.6408061981, 10.9786758423, 19.0502719879, 17.7325496674, 15.71788311, 17.6589298248, 18.2340545654, 19.2355289459, 25.9684047699, 16.8657608032, 21.6154308319, 23.4851932526, 17.3567333221, 20.6254024506, 30.3866901398, 18.5586071014, 19.0721035004, 16.503074646, 15.7070236206, 17.5777454376, 16.5801715851, 11.6101140976, 5.68661642075, 8.0788974762, 3.28351354599, 1.25638759136, 0.324384987354, 0.0594092421234, 0.00818425230682, 0.000593792006839], "dvar": [4.59984350204, 160.003143311, 20.3661174774, 16.7158870697, 34.834236145, 36.3355751038, 5.69643735886, 46.3047447205, 483.741241455, 65.3687286377, 239.943191528, 197.553436279, 1313.05578613, 931.860778809, 1182.02685547, 1156.4822998, 2017.78869629, 1718.68847656, 1723.14367676, 1177.65576172, 777.964233398, 1012.18481445, 848.617126465, 2373.28149414, 1282.49560547, 590.721923828, 571.128479004, 613.550170898, 1028.64575195, 873.686096191, 1308.24682617, 809.001220703, 170.806121826, 182.195770264, 31.8645038605, 6.78666305542, 0.687685251236, 0.0254395436496, 0.000612623058259, 2.77150797956e-06], "dvar2": [11.4234380722, 401.413848877, 51.9543762207, 49.2100830078, 102.53276062, 107.045852661, 16.5446548462, 86.9411468506, 1060.36474609, 151.18019104, 679.25012207, 637.89642334, 2668.03759766, 2115.89208984, 3541.64404297, 2974.97753906, 3942.53588867, 3688.32568359, 3430.57006836, 2300.17944336, 1564.79614258, 1724.62097168, 1652.8939209, 5285.66894531, 2763.36035156, 1159.71643066, 912.46270752, 1053.10095215, 1848.85449219, 1602.54125977, 2891.42724609, 1763.32116699, 277.102020264, 378.363800049, 60.9947662354, 13.2085266113, 1.35555434227, 0.039087548852, 0.000978201627731, 4.28930206908e-06], "max": [20.4395523071, 121.00025177, 51.5695075989, 48.8829269409, 55.692440033, 69.2154922485, 28.7309360504, 251.131591797, 804.238464355, 190.91192627, 507.671875, 176.904571533, 1388.83435059, 676.814697266, 383.866790771, 410.727233887, 567.700561523, 564.054870605, 562.906311035, 504.185089111, 343.587249756, 470.572357178, 354.257263184, 643.300231934, 564.816467285, 329.695556641, 288.038665771, 300.911346436, 369.476928711, 340.716766357, 393.753356934, 296.10269165, 140.700897217, 154.963043213, 55.1722831726, 27.3032817841, 9.40596103668, 1.6722407341, 0.266900062561, 0.0182939246297], "mean": [2.57767963409, 12.8063659668, 4.5714673996, 2.01910161972, 1.66330480576, 1.8216958046, 1.50664186478, 4.68530702591, 15.4198064804, 7.27246570587, 7.82533359528, 6.40756845474, 16.4671707153, 16.1634368896, 9.69623470306, 14.0450496674, 16.3757324219, 15.9288301468, 26.3796806335, 18.1469745636, 22.2218074799, 24.0235157013, 18.8240127563, 19.1140918732, 29.1809272766, 19.4050197601, 17.4671535492, 14.9339790344, 12.947265625, 12.4217071533, 9.7045917511, 6.74254465103, 4.16747093201, 4.48375511169, 1.88561320305, 0.787113130093, 0.227997332811, 0.0460320860147, 0.00750665739179, 0.00059194280766], "median": [1.55668401718, 5.09797239304, 2.16348934174, 1.26914954185, 0.757147908211, 0.916177928448, 0.897987127304, 1.46577882767, 4.54920768738, 2.97753977776, 2.77822685242, 1.86689257622, 2.52112483978, 2.98964953423, 1.68541026115, 3.70716953278, 3.24686002731, 4.12081336975, 13.5655965805, 3.61491560936, 8.49012184143, 9.3362121582, 6.75110912323, 5.62620735168, 11.9382228851, 9.76272201538, 7.99924659729, 4.90142154694, 3.42976760864, 1.62330245972, 0.56665879488, 0.202966064215, 0.0768956169486, 0.034651145339, 0.0191289316863, 0.0109239947051, 0.00763606373221, 0.0016849283129, 0.000256475468632, 0.000133677211124], "min": [2.71904198158e-22, 4.12675076165e-21, 1.43216467982e-20, 9.14967901558e-21, 3.68023672829e-20, 1.27441157886e-19, 1.30001656698e-19, 3.12040392702e-19, 3.53167450867e-19, 2.13799139539e-18, 5.51424859312e-18, 2.70874725882e-18, 1.72070204081e-18, 5.46388776948e-18, 2.91558273701e-18, 4.28375828854e-18, 2.14883387206e-18, 2.11796328481e-18, 8.16605522012e-18, 9.1974204038e-18, 8.85225695933e-18, 1.13254988667e-17, 1.57939219183e-17, 9.88319035473e-18, 1.53730061005e-17, 2.02879710252e-17, 1.73040195358e-17, 1.3888967981e-17, 1.60793968369e-17, 1.94529355056e-17, 1.529049318e-17, 2.02612166955e-17, 1.52799449729e-17, 9.7322571899e-18, 9.32581703284e-18, 7.00164961544e-18, 3.39125522301e-18, 1.15852610828e-18, 3.13700854384e-19, 3.22887270235e-20], "var": [7.97068023682, 297.063781738, 35.8544425964, 10.9821014404, 19.6495552063, 20.540473938, 5.37480211258, 129.882553101, 1254.65820312, 161.414535522, 217.169998169, 179.992111206, 2288.34985352, 1628.77636719, 1146.76928711, 1503.29016113, 2858.20263672, 2222.890625, 2433.82006836, 2277.94311523, 1591.12329102, 2135.56787109, 1699.01086426, 2842.37695312, 2600.48657227, 1131.81848145, 1247.24401855, 1231.84802246, 1565.49487305, 1394.08203125, 1434.97998047, 864.228881836, 266.176391602, 232.504577637, 41.8851318359, 9.12284374237, 0.950298547745, 0.0403410866857, 0.000963510363363, 4.50033121524e-06]}, "gfcc": {"mean": [-6.68085336685, 78.9714431763, -103.165603638, 61.7484512329, -29.5527572632, 16.1310043335, -5.67334318161, 13.7368392944, -1.4046151638, 16.9044780731, -7.14766597748, 4.03990745544, -5.58949661255], "cov": [[6604.51025391, -1473.24694824, 720.581787109, -608.24005127, -444.726257324, 534.236999512, -472.961303711, 566.024841309, -198.50743103, 71.2461166382, 54.8331222534, 137.279586792, 64.9501953125], [-1473.24694824, 1406.63903809, -412.922821045, 164.548416138, 204.383392334, -370.930908203, 308.021209717, -211.134475708, 183.636444092, 9.02041339874, 59.5310325623, -72.2763977051, 10.2150945663], [720.581787109, -412.922821045, 703.967651367, -80.5526733398, -27.7103786469, 205.13142395, -106.861274719, 158.204803467, -29.918510437, 12.3097248077, -14.5476608276, 41.0929794312, 4.64688825607], [-608.24005127, 164.548416138, -80.5526733398, 312.238586426, 67.1050872803, -64.6146469116, 55.0764808655, -67.3595962524, 41.122051239, 4.43006896973, 8.26214122772, -44.5291938782, 8.5783662796], [-444.726257324, 204.383392334, -27.7103786469, 67.1050872803, 303.869049072, -108.790382385, 140.28302002, -60.2315101624, 92.0401763916, -1.35889565945, 4.68152093887, 6.82189750671, 11.630027771], [534.236999512, -370.930908203, 205.13142395, -64.6146469116, -108.790382385, 291.68649292, -87.0514602661, 114.558830261, -75.421005249, -9.02240371704, 0.851301848888, -2.88767528534, 17.0762786865], [-472.961303711, 308.021209717, -106.861274719, 55.0764808655, 140.28302002, -87.0514602661, 276.250976562, -57.6424102783, 80.357093811, -27.0628452301, 7.31758594513, -35.3446273804, 14.4130716324], [566.024841309, -211.134475708, 158.204803467, -67.3595962524, -60.2315101624, 114.558830261, -57.6424102783, 209.675201416, -3.24788093567, 20.2760829926, 6.1003408432, 7.76900196075, 31.500705719], [-198.50743103, 183.636444092, -29.918510437, 41.122051239, 92.0401763916, -75.421005249, 80.357093811, -3.24788093567, 147.073623657, 17.3253765106, 35.1232681274, 12.0298757553, 9.52029705048], [71.2461166382, 9.02041339874, 12.3097248077, 4.43006896973, -1.35889565945, -9.02240371704, -27.0628452301, 20.2760829926, 17.3253765106, 108.230514526, 42.3913574219, 4.71982908249, -3.20669770241], [54.8331222534, 59.5310325623, -14.5476608276, 8.26214122772, 4.68152093887, 0.851301848888, 7.31758594513, 6.1003408432, 35.1232681274, 42.3913574219, 128.172058105, 33.4682731628, 8.15058803558], [137.279586792, -72.2763977051, 41.0929794312, -44.5291938782, 6.82189750671, -2.88767528534, -35.3446273804, 7.76900196075, 12.0298757553, 4.71982908249, 33.4682731628, 102.632728577, 13.414855957], [64.9501953125, 10.2150945663, 4.64688825607, 8.5783662796, 11.630027771, 17.0762786865, 14.4130716324, 31.500705719, 9.52029705048, -3.20669770241, 8.15058803558, 13.414855957, 77.4340591431]], "icov": [[0.000267145282123, 0.000159628150868, -6.95275957696e-05, 0.000335055956384, 0.00011989131599, 5.41378940397e-05, 8.98538855836e-05, -0.000337090983521, 9.54618190008e-06, -3.05045887217e-05, -0.000211371661862, 7.10634703864e-05, -0.000180119517609], [0.000159628150868, 0.00162062351592, 0.000125752907479, 0.000244391063461, 0.000229046476306, 0.00129662873223, -0.000713732326403, 0.000432697765063, -0.000768508180045, -2.65870403382e-05, -0.000864309840836, 0.00119986629579, -0.000769330537878], [-6.95275957696e-05, 0.000125752907479, 0.00216008187272, -0.000105266590253, -0.000625487999059, -0.00118766643573, 0.000251928053331, -0.000884698529262, -0.000250520650297, -0.000219589506742, 0.000590699957684, -0.000810793775599, 0.000692622212227], [0.000335055956384, 0.000244391063461, -0.000105266590253, 0.00446590827778, -0.000316944846418, 0.00032408311381, 0.000471023930004, 0.00087316572899, -0.000876100559253, -9.94541042019e-05, -0.000879547616933, 0.00241902377456, -0.00149135873653], [0.00011989131599, 0.000229046476306, -0.000625487999059, -0.000316944846418, 0.00541578419507, 0.00106973212678, -0.00206734775566, 0.000825128052384, -0.00182317243889, -0.000451035564765, 0.000584148045164, -0.000846134207677, -0.000767735531554], [5.41378940397e-05, 0.00129662873223, -0.00118766643573, 0.00032408311381, 0.00106973212678, 0.0073724235408, -0.000361287791748, -0.00153350608889, 0.00168011093047, 0.00122017622925, -0.00212080054916, 0.00223197694868, -0.0015959602315], [8.98538855836e-05, -0.000713732326403, 0.000251928053331, 0.000471023930004, -0.00206734775566, -0.000361287791748, 0.00665656384081, 0.000311372888973, -0.00176800775807, 0.00193823571317, -0.000734405126423, 0.00237290165387, -0.00106016302016], [-0.000337090983521, 0.000432697765063, -0.000884698529262, 0.00087316572899, 0.000825128052384, -0.00153350608889, 0.000311372888973, 0.00873251073062, -0.00252431631088, -0.00128416588996, 0.000255974271568, 0.0015330753522, -0.00324948667549], [9.54618190008e-06, -0.000768508180045, -0.000250520650297, -0.000876100559253, -0.00182317243889, 0.00168011093047, -0.00176800775807, -0.00252431631088, 0.0115156555548, -0.000777098466642, -0.00178272998892, -0.00188521575183, 0.000531025987584], [-3.05045887217e-05, -2.65870403382e-05, -0.000219589506742, -9.94541042019e-05, -0.000451035564765, 0.00122017622925, 0.00193823571317, -0.00128416588996, -0.000777098466642, 0.0118426876143, -0.00423637731001, 0.00172623724211, 0.000746415636968], [-0.000211371661862, -0.000864309840836, 0.000590699957684, -0.000879547616933, 0.000584148045164, -0.00212080054916, -0.000734405126423, 0.000255974271568, -0.00178272998892, -0.00423637731001, 0.0115379290655, -0.00472769001499, 0.00041414462612], [7.10634703864e-05, 0.00119986629579, -0.000810793775599, 0.00241902377456, -0.000846134207677, 0.00223197694868, 0.00237290165387, 0.0015330753522, -0.00188521575183, 0.00172623724211, -0.00472769001499, 0.0148466452956, -0.00363886146806], [-0.000180119517609, -0.000769330537878, 0.000692622212227, -0.00149135873653, -0.000767735531554, -0.0015959602315, -0.00106016302016, -0.00324948667549, 0.000531025987584, 0.000746415636968, 0.00041414462612, -0.00363886146806, 0.0158293768764]]}, "melbands": {"dmean": [0.0112822456285, 0.00417360337451, 0.000198090361664, 0.000120914199215, 3.63955550711e-05, 6.17900659563e-05, 0.000117990617582, 4.36867339886e-05, 7.41017065593e-05, 3.76039715775e-05, 6.34206444374e-05, 4.60126975668e-05, 3.01795280393e-05, 3.05416870106e-05, 2.57264364336e-05, 3.13749842462e-05, 2.33179416682e-05, 2.63774982159e-05, 2.2498819817e-05, 1.12150455607e-05, 2.25945641432e-05, 1.98411362362e-05, 1.03976799437e-05, 1.27331413751e-05, 1.12386196633e-05, 1.71403880813e-05, 9.77163836069e-06, 7.54206257625e-06, 6.01012834522e-06, 8.32559635455e-06, 7.2827447184e-06, 6.52779453958e-06, 5.54586449653e-06, 7.15299665899e-06, 5.57973180548e-06, 6.29133364782e-06, 4.06947856391e-06, 2.49267736763e-06, 3.25897963194e-06, 4.71212752018e-06], "dmean2": [0.0177085474133, 0.00670403428376, 0.000342811341397, 0.000222052622121, 6.24354070169e-05, 9.21028113225e-05, 0.000175013556145, 6.83622056386e-05, 0.00013157716603, 6.69981018291e-05, 9.67845408013e-05, 7.17906368664e-05, 5.34379068995e-05, 5.21589936398e-05, 3.91290559492e-05, 4.6061242756e-05, 3.63518011e-05, 3.99108030251e-05, 3.38323916367e-05, 1.7648904759e-05, 3.37189594575e-05, 3.02191219816e-05, 1.63279328262e-05, 1.91717590496e-05, 1.75140794454e-05, 2.85256192001e-05, 1.51354715854e-05, 1.23040008475e-05, 9.72959969658e-06, 1.41493919728e-05, 1.07826235762e-05, 1.00091365312e-05, 8.39499807626e-06, 1.14214244604e-05, 8.62805973156e-06, 1.03849915831e-05, 6.33011995888e-06, 3.78704066861e-06, 4.63731385025e-06, 7.64152355259e-06], "dvar": [0.000333259580657, 4.95921449328e-05, 5.80188725507e-07, 2.08190598983e-07, 1.26869519335e-08, 3.15045376453e-08, 9.01181493873e-08, 8.26566282086e-09, 1.77499170917e-08, 8.72135963448e-09, 3.34177414629e-08, 1.64525815194e-08, 1.33441968586e-08, 1.20868008935e-08, 7.04399161222e-09, 1.23636825222e-08, 5.43622302729e-09, 4.4769947749e-09, 3.73480979476e-09, 1.229548241e-09, 1.44309153516e-09, 1.246493464e-09, 8.42855729655e-10, 7.55969065125e-10, 1.85603132863e-09, 1.28356536511e-09, 3.82490095152e-10, 2.47849130108e-10, 2.6126781294e-10, 1.47831885622e-10, 3.17730564081e-10, 3.61587870756e-10, 3.24344440195e-10, 2.99187702391e-10, 3.12503994904e-10, 7.02155389387e-10, 2.25674548493e-10, 7.35222577264e-11, 1.03059706602e-10, 1.44125378299e-10], "dvar2": [0.000833960133605, 0.000124142607092, 1.70693874679e-06, 6.13064003119e-07, 3.70554680273e-08, 5.9569856603e-08, 1.97418543735e-07, 2.14693738343e-08, 5.07354691592e-08, 2.79902057088e-08, 6.86380658976e-08, 3.7249026974e-08, 3.87835257243e-08, 3.482050559e-08, 1.17384004739e-08, 2.63444785986e-08, 1.2217591383e-08, 9.49860989863e-09, 6.88341827981e-09, 2.73951505925e-09, 3.02691050003e-09, 2.25055152292e-09, 1.74669123609e-09, 1.43782274975e-09, 4.21490975455e-09, 3.14959303083e-09, 7.08620107037e-10, 5.31423627326e-10, 4.33521940568e-10, 2.97321417486e-10, 5.80133996397e-10, 6.99606261811e-10, 5.32716482038e-10, 6.28582075279e-10, 6.42513431348e-10, 1.77257619693e-09, 4.50445042377e-10, 1.22453783225e-10, 1.72198907911e-10, 3.13700176946e-10], "max": [0.179911866784, 0.0690540149808, 0.00851476565003, 0.00472362339497, 0.00126279855613, 0.00653779506683, 0.0103197237477, 0.00226201186888, 0.00348568684421, 0.000994940055534, 0.00685317954049, 0.00251585431397, 0.0013792446116, 0.00127511424944, 0.00094682915369, 0.00134197599255, 0.00103210750967, 0.000954571936745, 0.000670542765874, 0.000544616370462, 0.000565609429032, 0.000454664143035, 0.00042566366028, 0.000329132075422, 0.000566110596992, 0.000509611505549, 0.000249609322054, 0.000200881549972, 0.000184623670066, 0.000140916235978, 0.000217711465666, 0.000221799200517, 0.000218527027755, 0.000205074451515, 0.000190843522432, 0.000297976337606, 0.000150720850797, 8.81441301317e-05, 0.000111196197395, 0.000135645299451], "mean": [0.021291282028, 0.00739226816222, 0.000308040442178, 0.000127248233184, 5.26035837538e-05, 0.000118467076391, 0.000229309312999, 6.72077294439e-05, 6.75428309478e-05, 3.95093302359e-05, 8.24750750326e-05, 6.49421926937e-05, 3.38838435709e-05, 3.35379590979e-05, 3.82046528102e-05, 3.50006012013e-05, 2.77300550806e-05, 3.87293075619e-05, 3.38435602316e-05, 1.71571373357e-05, 3.1403851608e-05, 2.89591662295e-05, 1.61988082255e-05, 1.78397203854e-05, 1.36637427204e-05, 2.40586541622e-05, 1.47375294546e-05, 1.24751222756e-05, 9.24129744817e-06, 1.13020023491e-05, 8.67613653099e-06, 8.02307295089e-06, 6.25631628282e-06, 7.11440543455e-06, 5.36153265784e-06, 5.10644895257e-06, 3.85657222068e-06, 2.72370948551e-06, 3.35727668244e-06, 3.88318403566e-06], "median": [0.0113940825686, 0.00318188802339, 0.000170417188201, 6.15778626525e-05, 3.01070431306e-05, 3.29385220539e-05, 7.66680605011e-05, 2.63379479293e-05, 2.13199582504e-05, 1.07772484625e-05, 1.12595380415e-05, 1.08661442937e-05, 4.90075035486e-06, 7.15851592759e-06, 8.34954880702e-06, 4.29376996181e-06, 6.03227772444e-06, 1.97092485905e-05, 1.13643036457e-05, 1.44670434565e-06, 1.31611695906e-05, 1.17691597552e-05, 2.67469977189e-06, 6.60816886011e-06, 2.5593672035e-06, 9.2371546998e-06, 5.96350309934e-06, 6.5365879891e-06, 3.22500318362e-06, 5.63498042538e-06, 1.77084416464e-06, 2.57618421529e-06, 7.1704283755e-07, 6.68696316097e-07, 3.69006329493e-07, 1.22955128745e-07, 9.79904513088e-08, 5.78902081827e-08, 3.42934285413e-08, 2.65619917172e-08], "min": [4.81052073726e-24, 6.91300426034e-24, 1.88727556282e-24, 6.37498929007e-24, 5.10792050967e-24, 6.14628983617e-24, 7.88049877324e-24, 2.74536122128e-23, 4.34685898386e-23, 1.3666357273e-23, 8.43127356866e-24, 2.31488424292e-23, 8.14438300123e-24, 1.33758687109e-23, 8.63329295788e-24, 2.79922342115e-24, 4.28786725539e-24, 1.20656078238e-23, 1.85694354547e-23, 6.27420402638e-24, 1.20111464447e-23, 1.16625827317e-23, 1.54539523718e-23, 1.19716986662e-23, 7.33395227228e-24, 8.73998008442e-24, 1.36273780779e-23, 1.32169400598e-23, 9.01489258786e-24, 9.92511895449e-24, 7.92931900808e-24, 7.87197592002e-24, 1.3614525956e-23, 9.97771309991e-24, 8.92988099241e-24, 1.01915945906e-23, 1.36922776646e-23, 1.16738602872e-23, 8.4835584806e-24, 7.98392001564e-24], "var": [0.000594518904109, 9.69290485955e-05, 3.56829332304e-07, 1.16196808619e-07, 8.83485640202e-09, 9.03308148281e-08, 2.32057175253e-07, 1.49708778707e-08, 1.59204791572e-08, 7.85473552867e-09, 5.75598342323e-08, 2.8466972779e-08, 1.29547581551e-08, 1.25534658224e-08, 1.14413802876e-08, 1.55647637001e-08, 6.68681821026e-09, 5.73645886348e-09, 6.33149532803e-09, 2.35668040638e-09, 2.68104827228e-09, 2.54186427462e-09, 1.53944756942e-09, 1.46162704162e-09, 2.00865102329e-09, 2.00314009824e-09, 8.10234102033e-10, 4.31596092199e-10, 5.27819343787e-10, 3.28826604834e-10, 5.53353085575e-10, 5.1928039646e-10, 5.00262276049e-10, 4.28807350739e-10, 3.84678039422e-10, 5.89435944498e-10, 2.67136535115e-10, 1.10631746819e-10, 1.68353331276e-10, 1.65618366244e-10]}, "mfcc": {"mean": [-656.811279297, 106.440841675, 1.35146439075, 54.8205871582, 6.1187210083, 24.9109039307, 9.86706447601, 11.0478773117, 14.8991794586, 16.0519142151, 12.5809984207, 8.94311904907, 10.9304151535], "cov": [[5447.80322266, -924.937438965, 303.829040527, -677.35144043, 140.528198242, -280.072692871, 4.399102211, 110.547706604, -44.5880813599, -64.7842788696, -11.8571815491, 36.4492340088, 61.4558410645], [-924.937438965, 1181.38500977, -395.689575195, 416.869506836, -185.253265381, 97.4014892578, -57.4232940674, -33.1414222717, 25.8294487, 34.7720146179, 60.112575531, 53.701171875, 29.9214477539], [303.829040527, -395.689575195, 632.046813965, -230.017242432, 138.272033691, -48.07629776, 44.0748329163, 56.448928833, 10.7620840073, 17.5078754425, -3.31879377365, -21.8777828217, -27.1914806366], [-677.35144043, 416.869506836, -230.017242432, 478.775817871, -72.1262512207, 93.9760131836, -27.5780620575, -42.2722244263, 30.7155075073, 44.622341156, 21.1398849487, 1.11306655407, 29.9375610352], [140.528198242, -185.253265381, 138.272033691, -72.1262512207, 216.503082275, -26.4962730408, 0.101715765893, 24.3912067413, 8.49096107483, -15.4345560074, 0.174685329199, 17.8067207336, 26.8167190552], [-280.072692871, 97.4014892578, -48.07629776, 93.9760131836, -26.4962730408, 153.072631836, 25.7143516541, -4.49444580078, -3.67577838898, 2.46033501625, -3.03723835945, 1.14779388905, -9.30438232422], [4.399102211, -57.4232940674, 44.0748329163, -27.5780620575, 0.101715765893, 25.7143516541, 128.608474731, 24.8290786743, 21.6864700317, 33.6778182983, -2.60272407532, -14.5681667328, -3.67737174034], [110.547706604, -33.1414222717, 56.448928833, -42.2722244263, 24.3912067413, -4.49444580078, 24.8290786743, 120.704032898, 35.5193099976, 7.62796592712, -0.479023516178, -2.08101725578, -13.525138855], [-44.5880813599, 25.8294487, 10.7620840073, 30.7155075073, 8.49096107483, -3.67577838898, 21.6864700317, 35.5193099976, 116.809631348, 40.6961174011, -2.06605362892, -4.97571563721, -5.32815074921], [-64.7842788696, 34.7720146179, 17.5078754425, 44.622341156, -15.4345560074, 2.46033501625, 33.6778182983, 7.62796592712, 40.6961174011, 103.918327332, 24.9755172729, -9.32324028015, -6.02252578735], [-11.8571815491, 60.112575531, -3.31879377365, 21.1398849487, 0.174685329199, -3.03723835945, -2.60272407532, -0.479023516178, -2.06605362892, 24.9755172729, 95.2834014893, 28.6446018219, 4.47074365616], [36.4492340088, 53.701171875, -21.8777828217, 1.11306655407, 17.8067207336, 1.14779388905, -14.5681667328, -2.08101725578, -4.97571563721, -9.32324028015, 28.6446018219, 104.839546204, 38.5194664001], [61.4558410645, 29.9214477539, -27.1914806366, 29.9375610352, 26.8167190552, -9.30438232422, -3.67737174034, -13.525138855, -5.32815074921, -6.02252578735, 4.47074365616, 38.5194664001, 116.375999451]], "icov": [[0.000247776479227, 0.000130517175421, 4.76917994092e-05, 0.000225593539653, 7.33539054636e-05, 0.00023314547434, 5.30458637513e-05, -0.000187396188267, 4.22659577453e-05, -1.22057717817e-05, -5.89659066463e-05, -6.4550418756e-05, -0.000204724783543], [0.000130517175421, 0.00159827515017, 0.000422648503445, -0.000812099897303, 0.00085839064559, -0.000106090687041, 0.000433765002526, -0.000405611703172, -0.000196422726731, -4.97983273817e-06, -0.000594648299739, -0.000638198922388, -0.000187075929716], [4.76917994092e-05, 0.000422648503445, 0.00240669469349, 0.000710545107722, -0.0010362227913, -4.67687868877e-06, -0.000147557497257, -0.000498981331475, 8.03559814813e-05, -0.00082667672541, -0.000221842215979, 0.000289799616439, 0.000294939818559], [0.000225593539653, -0.000812099897303, 0.000710545107722, 0.00415437947959, -0.000194352731341, -0.00167801533826, 0.00108502374496, 0.00066532503115, -0.000839491549414, -0.00147180387285, -0.000254288490396, 0.00100739439949, -0.00122905708849], [7.33539054636e-05, 0.00085839064559, -0.0010362227913, -0.000194352731341, 0.00642009684816, 0.000246882467763, 0.000482706178445, -0.000832881196402, -0.000827040581498, 0.00112952978816, -0.000479063193779, -0.000924458436202, -0.00164777494501], [0.00023314547434, -0.000106090687041, -4.67687868877e-06, -0.00167801533826, 0.000246882467763, 0.00863348226994, -0.00259358691983, -0.000267584633548, 0.00104760145769, 0.00100271892734, 0.000679016753566, -0.00102452095598, 0.00126792176161], [5.30458637513e-05, 0.000433765002526, -0.000147557497257, 0.00108502374496, 0.000482706178445, -0.00259358691983, 0.0101427230984, -0.0014439849183, -0.000746416917536, -0.00334527925588, 0.000266231509158, 0.00107687688433, -0.00119300372899], [-0.000187396188267, -0.000405611703172, -0.000498981331475, 0.00066532503115, -0.000832881196402, -0.000267584633548, -0.0014439849183, 0.0102699333802, -0.00312774465419, 0.00074148864951, -0.000198399109649, -0.000155558023835, 0.00118825188838], [4.22659577453e-05, -0.000196422726731, 8.03559814813e-05, -0.000839491549414, -0.000827040581498, 0.00104760145769, -0.000746416917536, -0.00312774465419, 0.0115088066086, -0.00417588837445, 0.00176508631557, -0.000429268518928, 0.000535248371307], [-1.22057717817e-05, -4.97983273817e-06, -0.00082667672541, -0.00147180387285, 0.00112952978816, 0.00100271892734, -0.00334527925588, 0.00074148864951, -0.00417588837445, 0.0142833981663, -0.00398316048086, 0.00125465192832, 0.000279272411717], [-5.89659066463e-05, -0.000594648299739, -0.000221842215979, -0.000254288490396, -0.000479063193779, 0.000679016753566, 0.000266231509158, -0.000198399109649, 0.00176508631557, -0.00398316048086, 0.0131281185895, -0.00383116048761, 0.000986073166132], [-6.4550418756e-05, -0.000638198922388, 0.000289799616439, 0.00100739439949, -0.000924458436202, -0.00102452095598, 0.00107687688433, -0.000155558023835, -0.000429268518928, 0.00125465192832, -0.00383116048761, 0.0128223756328, -0.00389784364961], [-0.000204724783543, -0.000187075929716, 0.000294939818559, -0.00122905708849, -0.00164777494501, 0.00126792176161, -0.00119300372899, 0.00118825188838, 0.000535248371307, 0.000279272411717, 0.000986073166132, -0.00389784364961, 0.0110068349168]]}, "spectral_contrast_coeffs": {"dmean": [0.0393604934216, 0.0430623404682, 0.0357343778014, 0.0277319177985, 0.027188308537, 0.0286912508309], "dmean2": [0.0626327693462, 0.0686989203095, 0.056595005095, 0.0443723276258, 0.0431733503938, 0.0454851724207], "dvar": [0.00135116232559, 0.00131373445038, 0.000845199974719, 0.00049353268696, 0.000513049424626, 0.000549247546587], "dvar2": [0.00356132281013, 0.00340976729058, 0.00205131201074, 0.00120125699323, 0.00120415561832, 0.00108267343603], "max": [-0.417293012142, -0.470501542091, -0.469294190407, -0.557635784149, -0.544782221317, -0.572980344296], "mean": [-0.70317620039, -0.751998066902, -0.786515533924, -0.765487492085, -0.721610605717, -0.711555838585], "median": [-0.708914399147, -0.760988593102, -0.802249968052, -0.770767450333, -0.719314575195, -0.708709001541], "min": [-0.960051178932, -0.968764662743, -0.954145371914, -0.962020576, -0.96129488945, -0.961527109146], "var": [0.00519859045744, 0.00468338141218, 0.00432775635272, 0.00245456886478, 0.00268612452783, 0.00278427987359]}, "spectral_contrast_valleys": {"dmean": [0.287506341934, 0.375736802816, 0.296321183443, 0.245421856642, 0.275309592485, 0.446687996387], "dmean2": [0.438904225826, 0.592286109924, 0.470805048943, 0.367518216372, 0.400225102901, 0.587352752686], "dvar": [0.12025693804, 0.140068635345, 0.108672045171, 0.0916332378983, 0.138011187315, 0.435399800539], "dvar2": [0.246829122305, 0.30677986145, 0.189013019