{"lowlevel": {"average_loudness": 0.905326664448, "barkbands_crest": {"dmean": 2.11391663551, "dmean2": 3.24336862564, "dvar": 5.7657160759, "dvar2": 13.3108329773, "max": 24.8151912689, "mean": 11.575922966, "median": 10.6488409042, "min": 2.5399491787, "var": 22.1762275696}, "barkbands_flatness_db": {"dmean": 0.021285533905, "dmean2": 0.0298851393163, "dvar": 0.000555179489311, "dvar2": 0.00110262690578, "max": 0.325830101967, "mean": 0.13633698225, "median": 0.129913717508, "min": 0.0190949700773, "var": 0.00329743535258}, "barkbands_kurtosis": {"dmean": 2.22485518456, "dmean2": 3.50962400436, "dvar": 29.1026000977, "dvar2": 80.4240188599, "max": 217.526901245, "mean": 3.70589804649, "median": 2.04875564575, "min": -1.86202967167, "var": 42.7045898438}, "barkbands_skewness": {"dmean": 0.458515077829, "dmean2": 0.707268774509, "dvar": 0.342121958733, "dvar2": 0.835140347481, "max": 13.1740341187, "mean": 1.68989121914, "median": 1.5891917944, "min": -2.07268977165, "var": 0.983169555664}, "barkbands_spread": {"dmean": 7.08467531204, "dmean2": 10.6743364334, "dvar": 88.562210083, "dvar2": 193.153503418, "max": 125.251335144, "mean": 25.8156738281, "median": 22.9150810242, "min": 1.33693170547, "var": 232.645812988}, "dissonance": {"dmean": 0.0089281052351, "dmean2": 0.0148021848872, "dvar": 9.03531545191e-05, "dvar2": 0.000245047704084, "max": 0.5, "mean": 0.470827758312, "median": 0.475669920444, "min": 0.330265134573, "var": 0.000404674530728}, "dynamic_complexity": 4.29100418091, "erbbands_crest": {"dmean": 1.60835409164, "dmean2": 2.49865913391, "dvar": 2.97943282127, "dvar2": 7.99439954758, "max": 25.9527187347, "mean": 8.27709388733, "median": 7.38107824326, "min": 2.5340616703, "var": 13.2410049438}, "erbbands_flatness_db": {"dmean": 0.0170836411417, "dmean2": 0.0212291292846, "dvar": 0.000364230218111, "dvar2": 0.000543362810276, "max": 0.30417534709, "mean": 0.14243735373, "median": 0.14056687057, "min": 0.0400033518672, "var": 0.00226384215057}, "erbbands_kurtosis": {"dmean": 0.425998359919, "dmean2": 0.687665104866, "dvar": 0.742454051971, "dvar2": 2.17417049408, "max": 49.0352287292, "mean": 0.114241927862, "median": -0.708001375198, "min": -1.77207386494, "var": 19.0100002289}, "erbbands_skewness": {"dmean": 0.224229127169, "dmean2": 0.345313668251, "dvar": 0.0565980114043, "dvar2": 0.142013460398, "max": 5.84264802933, "mean": 0.0143071888015, "median": -0.149880602956, "min": -1.82996892929, "var": 0.775019228458}, "erbbands_spread": {"dmean": 7.56754016876, "dmean2": 11.314084053, "dvar": 77.8382568359, "dvar2": 182.441635132, "max": 125.108581543, "mean": 48.7138061523, "median": 47.8097190857, "min": 5.6880698204, "var": 291.326507568}, "hfc": {"dmean": 6.77813482285, "dmean2": 8.10377120972, "dvar": 123.210098267, "dvar2": 189.453125, "max": 193.276687622, "mean": 18.6017799377, "median": 12.5518026352, "min": 1.15614888633e-16, "var": 453.352203369}, "melbands_crest": {"dmean": 2.43744111061, "dmean2": 3.798579216, "dvar": 7.15192127228, "dvar2": 17.6947479248, "max": 30.722114563, "mean": 16.2993717194, "median": 16.1429195404, "min": 2.28143692017, "var": 28.0534515381}, "melbands_flatness_db": {"dmean": 0.0247777085751, "dmean2": 0.0363616272807, "dvar": 0.000799884553999, "dvar2": 0.00176098255906, "max": 0.446198910475, "mean": 0.205192178488, "median": 0.200209096074, "min": 0.00329614849761, "var": 0.00510914810002}, "melbands_kurtosis": {"dmean": 6.95183324814, "dmean2": 10.9565763474, "dvar": 190.705200195, "dvar2": 496.647216797, "max": 415.691101074, "mean": 15.3377552032, "median": 11.1142253876, "min": -1.42538797855, "var": 277.147247314}, "melbands_skewness": {"dmean": 0.6734765172, "dmean2": 1.03345310688, "dvar": 0.784002780914, "dvar2": 1.88194715977, "max": 13.2458057404, "mean": 3.22417998314, "median": 3.06379127502, "min": -0.366140425205, "var": 2.14262247086}, "melbands_spread": {"dmean": 6.91004657745, "dmean2": 10.7110996246, "dvar": 92.9865264893, "dvar2": 209.441116333, "max": 164.47052002, "mean": 22.8828811646, "median": 18.0627479553, "min": 0.604786753654, "var": 320.834747314}, "pitch_salience": {"dmean": 0.0564952380955, "dmean2": 0.0888369530439, "dvar": 0.00399192981422, "dvar2": 0.0102830016986, "max": 0.882780313492, "mean": 0.483075648546, "median": 0.486499816179, "min": 0.131265938282, "var": 0.011628636159}, "silence_rate_20dB": {"dmean": 0, "dmean2": 0, "dvar": 0, "dvar2": 0, "max": 1, "mean": 1, "median": 1, "min": 1, "var": 0}, "silence_rate_30dB": {"dmean": 0.0136789055541, "dmean2": 0.027362735942, "dvar": 0.0134923160076, "dvar2": 0.0320138595998, "max": 1, "mean": 0.988842904568, "median": 1, "min": 0, "var": 0.0110332192853}, "silence_rate_60dB": {"dmean": 0.00755939539522, "dmean2": 0.015121512115, "dvar": 0.00750232581049, "dvar2": 0.0181333962828, "max": 1, "mean": 0.0870973542333, "median": 0, "min": 0, "var": 0.0795110017061}, "spectral_centroid": {"dmean": 248.196334839, "dmean2": 373.06237793, "dvar": 90042.03125, "dvar2": 184085.8125, "max": 11068.4775391, "mean": 1345.79724121, "median": 1283.35046387, "min": 222.914764404, "var": 396121.40625}, "spectral_complexity": {"dmean": 2.92584586143, "dmean2": 4.22106218338, "dvar": 13.0105905533, "dvar2": 23.8387832642, "max": 59, "mean": 17.992980957, "median": 18, "min": 0, "var": 88.0945358276}, "spectral_decrease": {"dmean": 2.09300554666e-09, "dmean2": 3.06537217831e-09, "dvar": 1.50916108366e-17, "dvar2": 3.43439103759e-17, "max": 5.11233973146e-18, "mean": -6.00410920981e-09, "median": -4.44286563095e-09, "min": -5.82624402057e-08, "var": 3.34122634695e-17}, "spectral_energy": {"dmean": 0.00822764635086, "dmean2": 0.0118131255731, "dvar": 0.000224160045036, "dvar2": 0.000501265923958, "max": 0.225575432181, "mean": 0.0243481472135, "median": 0.0183007605374, "min": 1.05347905279e-20, "var": 0.000528006290551}, "spectral_energyband_high": {"dmean": 0.000648293702397, "dmean2": 0.000770597602241, "dvar": 1.68649683019e-06, "dvar2": 2.43654062615e-06, "max": 0.0265152938664, "mean": 0.00114103336819, "median": 0.000420253491029, "min": 7.44847222594e-21, "var": 5.42698990103e-06}, "spectral_energyband_low": {"dmean": 0.0038306536153, "dmean2": 0.00640796124935, "dvar": 0.000143549754284, "dvar2": 0.000364929699572, "max": 0.189543694258, "mean": 0.00818293727934, "median": 0.00235150847584, "min": 7.15453674567e-23, "var": 0.000197529530851}, "spectral_energyband_middle_high": {"dmean": 0.000847857038025, "dmean2": 0.00117754144594, "dvar": 1.74216359028e-06, "dvar2": 3.48210869561e-06, "max": 0.0307784508914, "mean": 0.00351482746191, "median": 0.0029905512929, "min": 1.40684196708e-21, "var": 7.25700010662e-06}, "spectral_energyband_middle_low": {"dmean": 0.0053387414664, "dmean2": 0.00776122370735, "dvar": 8.8386979769e-05, "dvar2": 0.000194276333787, "max": 0.133785486221, "mean": 0.0120121669024, "median": 0.00737012689933, "min": 3.35708984734e-22, "var": 0.000183423006092}, "spectral_entropy": {"dmean": 0.191415831447, "dmean2": 0.248073875904, "dvar": 0.0520351938903, "dvar2": 0.082847379148, "max": 9.80090522766, "mean": 7.403673172, "median": 7.39525604248, "min": 5.56716012955, "var": 0.329025566578}, "spectral_flux": {"dmean": 0.0214192569256, "dmean2": 0.0324119441211, "dvar": 0.00104419409763, "dvar2": 0.00232758070342, "max": 0.390213608742, "mean": 0.054733350873, "median": 0.0420552752912, "min": 1.02639126365e-10, "var": 0.00234219641425}, "spectral_kurtosis": {"dmean": 1.44778287411, "dmean2": 2.44264006615, "dvar": 3.38029551506, "dvar2": 10.482878685, "max": 40.9361839294, "mean": 4.64936208725, "median": 3.34163951874, "min": -1.22450947762, "var": 22.9111881256}, "spectral_rms": {"dmean": 0.00069391017314, "dmean2": 0.000958116783295, "dvar": 1.0170930409e-06, "dvar2": 2.13072530642e-06, "max": 0.0148348771036, "mean": 0.00436421483755, "median": 0.00422544684261, "min": 3.20590776148e-12, "var": 4.70789927931e-06}, "spectral_rolloff": {"dmean": 691.580627441, "dmean2": 1137.85571289, "dvar": 1599120.125, "dvar2": 3805942.25, "max": 19832.0800781, "mean": 1632.46948242, "median": 1227.39257812, "min": 107.666015625, "var": 3695241.75}, "spectral_skewness": {"dmean": 0.178656429052, "dmean2": 0.291681498289, "dvar": 0.0307495761663, "dvar2": 0.0873065069318, "max": 5.08334684372, "mean": 1.50774538517, "median": 1.38175547123, "min": -0.000407310872106, "var": 0.370691090822}, "spectral_spread": {"dmean": 767176, "dmean2": 960588.5, "dvar": 1417951313920.0, "dvar2": 2263523524610.0, "max": 49521908, "mean": 4875994, "median": 4452485.5, "min": 1613580.5, "var": 3619229794300.0}, "spectral_strongpeak": {"dmean": 0.246483996511, "dmean2": 0.410089015961, "dvar": 0.202911704779, "dvar2": 0.521684229374, "max": 5.77750301361, "mean": 0.646752476692, "median": 0.494935691357, "min": 0, "var": 0.333048522472}, "zerocrossingrate": {"dmean": 0.0144000789151, "dmean2": 0.0170330610126, "dvar": 0.000300276005873, "dvar2": 0.000410195701988, "max": 0.5517578125, "mean": 0.0651664361358, "median": 0.05517578125, "min": 0.0087890625, "var": 0.0021242920775}, "barkbands": {"dmean": [9.49305649556e-06, 0.00214625545777, 0.00174087414052, 0.00119770783931, 0.00423223339021, 0.000325896282448, 0.00037108786637, 4.3183354137e-05, 5.89863011555e-05, 4.25896760134e-05, 0.000125123202452, 0.000129195119371, 0.000123829930089, 0.000154290828505, 5.85058514844e-05, 0.000304050481645, 0.000139254145324, 0.000173173975782, 0.000120639524539, 0.000116250899737, 0.000142353470437, 0.000128750762087, 0.000105661019916, 9.10070593818e-05, 8.93221076694e-05, 6.05376371823e-05, 4.35789042967e-05], "dmean2": [1.53059827426e-05, 0.00370638282038, 0.00284195318818, 0.0018408120377, 0.00615406455472, 0.00052585278172, 0.000598849554081, 6.47070191917e-05, 9.44199564401e-05, 6.63132668706e-05, 0.000158309645485, 0.000173103515408, 0.000179552749614, 0.000225365904043, 9.50289759203e-05, 0.000500543508679, 0.000210785481613, 0.00026159506524, 0.000183452066267, 0.000163040676853, 0.000182461561053, 0.000162030861247, 0.000136699774885, 0.00012226869876, 0.000126385930344, 8.72227465152e-05, 6.9402391091e-05], "dvar": [3.33048866263e-10, 4.43432472821e-05, 3.26709305227e-05, 1.26070672195e-05, 5.57303865207e-05, 2.38246556705e-07, 4.28784147743e-07, 4.33635083397e-09, 1.34525777185e-08, 5.66955504766e-09, 2.59559520543e-08, 4.89660543224e-08, 1.37609859507e-07, 2.9235150123e-07, 1.17254348453e-08, 1.85728950441e-07, 4.34581082231e-08, 1.27759648194e-07, 5.12161939525e-08, 8.05383422176e-08, 1.16959043339e-07, 1.5322160607e-07, 6.95594124522e-08, 2.94261823797e-08, 2.65983555181e-08, 1.28256250065e-08, 1.04241131282e-08], "dvar2": [7.73931418951e-10, 0.000122117315186, 7.90998965385e-05, 3.33747666446e-05, 0.000117015668366, 6.93167180543e-07, 1.32019920329e-06, 1.03627009196e-08, 3.56878864238e-08, 1.3032942725e-08, 4.75910972852e-08, 8.97767193919e-08, 3.00404082054e-07, 6.1990613176e-07, 2.91450454881e-08, 4.83550593344e-07, 1.02116054279e-07, 2.82150352859e-07, 1.21837985034e-07, 1.55191258955e-07, 2.01721164217e-07, 2.37979392637e-07, 1.138906498e-07, 5.29250350212e-08, 5.73494816081e-08, 2.78304295165e-08, 2.56520458208e-08], "max": [0.000332317082211, 0.103453651071, 0.105250388384, 0.0557623133063, 0.0857527181506, 0.00741498032585, 0.0114433187991, 0.00129490625113, 0.00232023652643, 0.0015798478853, 0.00333175295964, 0.00491226650774, 0.0100930621848, 0.0108514036983, 0.00210649869405, 0.00746201910079, 0.0040318495594, 0.0081791030243, 0.00519417505711, 0.00626882584766, 0.00814645178616, 0.00851420685649, 0.00581050524488, 0.00382321677171, 0.00176661089063, 0.0012316161301, 0.00103549379855], "mean": [3.87628024328e-05, 0.0043459199369, 0.00332600716501, 0.00158023613039, 0.00783877819777, 0.00107162841596, 0.00124328781385, 9.3660542916e-05, 0.000137238050229, 0.000119285919936, 0.000455749745015, 0.000384295999538, 0.000349187437678, 0.000393009453546, 0.000106231032987, 0.000669723027386, 0.000346553657437, 0.000374836730771, 0.000240493405727, 0.000221360038267, 0.000301762047457, 0.000218789951759, 0.000155345449457, 0.000130164058646, 0.000107737760118, 6.26525870757e-05, 3.54567891918e-05], "median": [2.97118185699e-05, 0.00146974693052, 0.000560759450309, 0.000418475363404, 0.00357173546217, 0.000830538803712, 0.000563860230613, 6.44882529741e-05, 8.72079035616e-05, 7.61492774473e-05, 0.000355463183951, 0.000221019130549, 0.000134287867695, 8.10979036032e-05, 6.45499603706e-05, 0.000473654887173, 0.000250799261266, 0.000170022947714, 0.00014289226965, 0.00010281453433, 0.000144816338434, 6.5700711275e-05, 3.04090117424e-05, 2.92537697533e-05, 1.77391284524e-05, 4.70509849038e-06, 3.73741016801e-07], "min": [1.03431947239e-23, 1.93484292877e-23, 1.68564019109e-23, 1.98947927729e-23, 7.47258905435e-24, 3.2390874893e-23, 6.50461254743e-23, 1.99032051856e-23, 8.50832618867e-23, 3.7589935264e-23, 3.81053012489e-23, 5.73316905991e-23, 1.08050871412e-22, 4.42378869934e-23, 9.04458815224e-23, 1.65835374481e-22, 1.00396162773e-22, 2.06002707649e-22, 2.24629392317e-22, 3.52481732679e-22, 4.50672625325e-22, 4.32992094116e-22, 5.62366999133e-22, 6.90017719269e-22, 1.32408432394e-21, 1.55573437637e-21, 2.34381788126e-21], "var": [1.48554391011e-09, 5.19712884852e-05, 4.98953340866e-05, 1.3827654584e-05, 0.000117623014376, 8.73475414664e-07, 2.64709865405e-06, 1.01976782574e-08, 2.51552805253e-08, 1.72917626884e-08, 1.7588924095e-07, 2.35670739812e-07, 4.04328034165e-07, 8.80528375546e-07, 2.10975841242e-08, 4.60131388991e-07, 1.21942278497e-07, 3.26130390249e-07, 1.04848218996e-07, 2.01782214049e-07, 3.35182136268e-07, 3.91710273107e-07, 1.80655561621e-07, 7.56325775342e-08, 3.95210761894e-08, 1.59394986099e-08, 8.96167051678e-09]}, "erbbands": {"dmean": [0.0248985830694, 0.610594928265, 2.1759493351, 2.42711520195, 17.4124469757, 7.56194543839, 2.53355073929, 2.49705648422, 6.88600587845, 1.50888979435, 0.832733333111, 1.34024190903, 1.26876425743, 2.408826828, 4.87084579468, 4.99197292328, 5.98771715164, 5.78799152374, 5.10038328171, 7.81688165665, 13.3370552063, 7.54114866257, 8.9163274765, 8.78883361816, 5.11749839783, 5.22181653976, 5.67979240417, 5.59798908234, 4.80488443375, 4.26697874069, 2.56277704239, 2.06390285492, 1.39282488823, 1.01309943199, 0.637709736824, 0.288385033607, 0.108750499785, 0.0354370474815, 0.00804951135069, 0.000415472517489], "dmean2": [0.0428170673549, 1.0522248745, 3.59730434418, 3.64041996002, 25.4011497498, 11.0662708282, 4.06348323822, 4.00858831406, 11.2179079056, 2.34107446671, 1.30279791355, 2.15302014351, 1.96532416344, 3.43255805969, 6.03225326538, 6.76002597809, 8.35268592834, 8.360704422, 7.58016633987, 12.6245708466, 22.0217857361, 11.0336399078, 13.180891037, 13.6197538376, 7.45296669006, 7.24120569229, 7.51573896408, 7.46689939499, 6.02143669128, 5.56057929993, 3.35771012306, 2.85214686394, 1.91160750389, 1.42355692387, 0.916172027588, 0.410939991474, 0.159258663654, 0.0542216226459, 0.012915795669, 0.000665473984554], "dvar": [0.00603132043034, 3.61518764496, 49.152053833, 39.7364768982, 1034.08508301, 150.724197388, 16.6648426056, 16.6226482391, 153.305130005, 4.66461372375, 1.87609279156, 8.0137386322, 5.32385015488, 13.4516878128, 48.0851669312, 69.3070068359, 259.266723633, 293.7215271, 356.550262451, 138.885726929, 340.59173584, 142.090499878, 382.410736084, 261.220458984, 105.179389954, 158.65713501, 177.818435669, 260.856231689, 250.38130188, 135.967544556, 35.8185653687, 17.1594276428, 6.7868065834, 3.29795384407, 1.43323540688, 0.282451927662, 0.0435080714524, 0.0056873075664, 0.000373761082301, 9.74505837803e-07], "dvar2": [0.0167961791158, 9.88823318481, 122.307540894, 94.9957122803, 2225.10864258, 321.807525635, 51.3168830872, 48.62241745, 488.550811768, 11.9658794403, 4.87663459778, 21.8576259613, 12.4563150406, 29.2849941254, 79.4868164062, 131.517318726, 562.396911621, 628.204772949, 745.142150879, 335.867553711, 939.437561035, 317.377868652, 837.796936035, 628.945068359, 225.154144287, 296.686859131, 314.252685547, 485.920166016, 427.136688232, 232.898895264, 54.7110481262, 32.1697845459, 12.7019643784, 7.01780128479, 3.14451146126, 0.599373340607, 0.0972110182047, 0.0134205995128, 0.000930205511395, 2.41396242018e-06], "max": [0.851187229156, 30.6797962189, 120.896690369, 85.1718978882, 441.366119385, 146.918014526, 53.8688697815, 58.9539756775, 204.540847778, 38.9603157043, 20.2127876282, 53.1500930786, 41.207485199, 62.9876708984, 158.513626099, 178.962356567, 440.635650635, 420.077331543, 425.352722168, 200.557525635, 315.510375977, 281.837799072, 511.793457031, 285.413085938, 218.450088501, 258.838104248, 282.351074219, 405.022521973, 327.549865723, 270.073303223, 140.11151123, 73.9385147095, 56.6158790588, 23.6149749756, 12.2675132751, 5.43803071976, 2.28340888023, 0.776055812836, 0.215864002705, 0.0132568925619], "mean": [0.0636008605361, 1.19329071045, 4.26883888245, 4.13897514343, 26.9555549622, 17.8136234283, 7.09197568893, 9.13199138641, 22.7249450684, 4.55664873123, 1.93024420738, 3.07369112968, 3.80586099625, 8.54807758331, 16.1032409668, 15.9193582535, 18.8572750092, 15.5660839081, 13.7355079651, 16.624786377, 34.0784301758, 20.8732414246, 20.1848621368, 17.8993053436, 10.6764202118, 10.3328208923, 12.5765390396, 10.3456516266, 7.78944683075, 6.9217004776, 3.92979550362, 2.89008951187, 1.94154262543, 1.29818165302, 0.729676187038, 0.315526843071, 0.107056051493, 0.0322000235319, 0.00646728603169, 0.000355326366844], "median": [0.0393287912011, 0.286239176989, 0.837676227093, 1.52639102936, 10.0350961685, 10.2932462692, 5.76785373688, 7.05525255203, 11.5481567383, 3.14752149582, 1.47693347931, 1.86355161667, 2.70750236511, 6.35379123688, 10.2082357407, 10.2490272522, 9.32421207428, 6.40800523758, 3.76829838753, 10.9774217606, 26.5367107391, 14.9675531387, 9.98303985596, 9.96067714691, 6.35874986649, 4.67232036591, 6.18224573135, 4.29210805893, 1.9469602108, 2.22269296646, 0.832871317863, 0.639890611172, 0.399472951889, 0.250404775143, 0.103560850024, 0.0302805621177, 0.00708874454722, 0.00146542361472, 8.119699487e-05, 3.40953374689e-05], "min": [7.31463436244e-22, 3.62530240365e-21, 1.35966617654e-20, 5.51049823377e-20, 3.96762253755e-20, 3.06729524815e-20, 5.99308121925e-20, 3.81953982418e-19, 7.95766981225e-19, 8.59736838801e-19, 5.47607834376e-19, 1.73826546336e-18, 1.61996612466e-18, 7.73843437969e-19, 2.03905025437e-18, 1.98773858661e-18, 4.60067020636e-18, 3.78258733977e-18, 6.10127344484e-18, 6.52788150601e-18, 7.82617828695e-18, 6.80835074118e-18, 9.97878513658e-18, 1.02169693124e-17, 1.21543669277e-17, 1.51687834791e-17, 1.52939193621e-17, 2.09573768621e-17, 1.53746025591e-17, 1.6881596595e-17, 1.54414668767e-17, 1.42097403507e-17, 1.1877574924e-17, 1.36469150814e-17, 9.86007561969e-18, 5.24630163166e-18, 2.93775283179e-18, 1.1767097095e-18, 3.38878319375e-19, 3.53405872753e-20], "var": [0.00701297307387, 4.29937696457, 71.9572753906, 60.9107666016, 1887.18737793, 413.05480957, 32.7066764832, 66.9195175171, 823.661804199, 20.6363391876, 3.3778693676, 14.7940044403, 14.4925413132, 62.9193305969, 314.439178467, 327.846282959, 803.637512207, 825.432006836, 1115.82580566, 332.390197754, 964.879760742, 451.505706787, 1030.23156738, 574.391296387, 245.541046143, 432.333282471, 541.247558594, 593.810974121, 585.253173828, 324.656097412, 103.489532471, 41.6781272888, 15.9500999451, 5.62555599213, 1.90871453285, 0.376102358103, 0.0501229725778, 0.0055855223909, 0.000313432828989, 8.27171845685e-07]}, "gfcc": {"mean": [-30.1334915161, 80.4525604248, -109.15725708, 41.1116485596, -45.6942710876, 6.13362073898, -43.8962860107, -6.38899755478, -31.4544715881, -3.9871981144, -11.9090614319, 8.62190532684, -4.80677604675], "cov": [[27198.1015625, -1932.17980957, -1730.83410645, 1495.19665527, -246.548797607, 406.125091553, -464.652008057, 451.920623779, -288.237304688, -191.569274902, -654.813781738, -293.246704102, -791.985595703], [-1932.17980957, 1996.48144531, -596.49206543, 70.4127578735, 94.741317749, -54.7505607605, 173.121490479, -72.6427764893, 156.013336182, -3.25197100639, 239.074203491, -36.0422973633, 184.679382324], [-1730.83410645, -596.49206543, 1045.42211914, -169.25151062, 230.579620361, 116.395195007, 118.700538635, 109.463272095, 22.4000244141, 88.5463027954, -19.0643157959, 38.0355148315, -15.322508812], [1495.19665527, 70.4127578735, -169.25151062, 445.878692627, 19.3873214722, 141.021133423, 61.3882637024, 96.7740020752, 24.6980018616, -6.179895401, -38.4603805542, -34.3290138245, -23.0993404388], [-246.548797607, 94.741317749, 230.579620361, 19.3873214722, 243.121261597, 85.6872329712, 131.557220459, 95.0227203369, 61.2922668457, 41.453540802, 47.6539611816, 4.34300231934, -1.69228065014], [406.125091553, -54.7505607605, 116.395195007, 141.021133423, 85.6872329712, 187.066497803, 98.1805267334, 101.732643127, 41.5244865417, 44.0544242859, 6.65253686905, 1.07011914253, -9.83677387238], [-464.652008057, 173.121490479, 118.700538635, 61.3882637024, 131.557220459, 98.1805267334, 193.656906128, 103.391311646, 72.8506240845, 36.7430496216, 73.6287231445, 20.5151557922, 25.4365768433], [451.920623779, -72.6427764893, 109.463272095, 96.7740020752, 95.0227203369, 101.732643127, 103.391311646, 176.497634888, 63.8096427917, 57.5867118835, 28.9474582672, 36.6992301941, 2.4558494091], [-288.237304688, 156.013336182, 22.4000244141, 24.6980018616, 61.2922668457, 41.5244865417, 72.8506240845, 63.8096427917, 120.256332397, 65.6108627319, 62.1931686401, 4.83965349197, 31.3067131042], [-191.569274902, -3.25197100639, 88.5463027954, -6.179895401, 41.453540802, 44.0544242859, 36.7430496216, 57.5867118835, 65.6108627319, 109.295448303, 46.3709182739, 15.6631641388, 9.54691410065], [-654.813781738, 239.074203491, -19.0643157959, -38.4603805542, 47.6539611816, 6.65253686905, 73.6287231445, 28.9474582672, 62.1931686401, 46.3709182739, 122.569099426, 32.474395752, 37.339881897], [-293.246704102, -36.0422973633, 38.0355148315, -34.3290138245, 4.34300231934, 1.07011914253, 20.5151557922, 36.6992301941, 4.83965349197, 15.6631641388, 32.474395752, 80.7492370605, 28.1716632843], [-791.985595703, 184.679382324, -15.322508812, -23.0993404388, -1.69228065014, -9.83677387238, 25.4365768433, 2.4558494091, 31.3067131042, 9.54691410065, 37.339881897, 28.1716632843, 87.7951126099]], "icov": [[9.37842269195e-05, 5.53063509869e-05, 0.000228898279602, -9.62146514212e-05, -0.000124394355225, -0.000109186126792, 0.00025214542984, -0.000398593663704, 2.7615840736e-05, 4.09719032177e-05, 0.0001790827082, 6.61526355543e-05, 0.000556078332011], [5.53063509869e-05, 0.00139036262408, 0.000930670066737, -0.00029519648524, -0.00112404266838, 0.000304747838527, -0.00075072661275, 0.000916499295272, -0.000289631192572, 0.00018975722196, -0.00140555598773, 0.00128599419259, -0.00186886196025], [0.000228898279602, 0.000930670066737, 0.00285062985495, 0.000853391597047, -0.00230948836543, -0.000876105739735, -0.000728717481252, -0.000389884342439, 0.000536402978469, -0.00124182214495, 0.00170751207042, 0.000273543962976, 3.83327751479e-05], [-9.62146514212e-05, -0.00029519648524, 0.000853391597047, 0.00463095586747, 0.000519215303939, -0.00293853855692, -0.000817433407065, -0.00178715540096, -0.000225513038458, 0.000678542943206, 0.00211301795207, 0.00121649436187, -0.000194425461814], [-0.000124394355225, -0.00112404266838, -0.00230948836543, 0.000519215303939, 0.00942319817841, -0.000496855762322, -0.00296367309056, -0.00211710226722, -0.00095655763289, 0.000991447246633, -0.000878912687767, 0.000982012599707, 0.00231168372557], [-0.000109186126792, 0.000304747838527, -0.000876105739735, -0.00293853855692, -0.000496855762322, 0.01203574799, -0.00425081700087, -0.00116177520249, 0.000761797477026, -0.00316158588976, 0.000892037700396, 0.000761641480494, -0.000500673719216], [0.00025214542984, -0.00075072661275, -0.000728717481252, -0.000817433407065, -0.00296367309056, -0.00425081700087, 0.0160178244114, -0.00540373893455, -0.00179983931594, 0.00464987754822, -0.00575510459021, 0.000365738145774, 0.000954954477493], [-0.000398593663704, 0.000916499295272, -0.000389884342439, -0.00178715540096, -0.00211710226722, -0.00116177520249, -0.00540373893455, 0.0171019360423, -0.00419953279197, -0.00325045199133, 0.00124115124345, -0.00694595556706, -0.0015936314594], [2.7615840736e-05, -0.000289631192572, 0.000536402978469, -0.000225513038458, -0.00095655763289, 0.000761797477026, -0.00179983931594, -0.00419953279197, 0.0196377206594, -0.00809079967439, -0.00382869504392, 0.00559901958331, -0.00469252606854], [4.09719032177e-05, 0.00018975722196, -0.00124182214495, 0.000678542943206, 0.000991447246633, -0.00316158588976, 0.00464987754822, -0.00325045199133, -0.00809079967439, 0.0184740647674, -0.00576941855252, 3.39932194038e-05, 0.00165991485119], [0.0001790827082, -0.00140555598773, 0.00170751207042, 0.00211301795207, -0.000878912687767, 0.000892037700396, -0.00575510459021, 0.00124115124345, -0.00382869504392, -0.00576941855252, 0.0215569995344, -0.00704744830728, 0.00222742254846], [6.61526355543e-05, 0.00128599419259, 0.000273543962976, 0.00121649436187, 0.000982012599707, 0.000761641480494, 0.000365738145774, -0.00694595556706, 0.00559901958331, 3.39932194038e-05, -0.00704744830728, 0.0217012334615, -0.00751436408609], [0.000556078332011, -0.00186886196025, 3.83327751479e-05, -0.000194425461814, 0.00231168372557, -0.000500673719216, 0.000954954477493, -0.0015936314594, -0.00469252606854, 0.00165991485119, 0.00222742254846, -0.00751436408609, 0.0230062175542]]}, "melbands": {"dmean": [0.000407124316553, 0.00103506958112, 0.000835800427012, 0.0010643430287, 8.46632974572e-05, 6.66256673867e-05, 9.06073109945e-05, 1.36386970553e-05, 7.68574591348e-06, 8.84424389369e-06, 6.43204475637e-06, 9.21478022065e-06, 1.47109794852e-05, 9.31553859118e-06, 1.98814232135e-05, 1.40760803333e-05, 1.21098928503e-05, 1.03771626527e-05, 5.4277329582e-06, 2.43716531259e-05, 1.27147441162e-05, 8.83639950189e-06, 6.80997891322e-06, 8.4173070718e-06, 7.60062766858e-06, 4.41261317974e-06, 4.02906607633e-06, 3.71381338482e-06, 3.45610828845e-06, 4.07753623222e-06, 3.19815512739e-06, 2.7710291306e-06, 2.48485503107e-06, 2.45220144279e-06, 1.49430707097e-06, 1.32940124331e-06, 1.28180511183e-06, 9.94195147541e-07, 9.50195271798e-07, 8.57162092416e-07], "dmean2": [0.00070001318818, 0.00174258928746, 0.00121645664331, 0.00154727557674, 0.000134580812301, 0.000108530672151, 0.000147303886479, 2.07733737625e-05, 1.21691064123e-05, 1.42502485687e-05, 9.96037306322e-06, 1.32417053464e-05, 1.87457480934e-05, 1.25558644868e-05, 2.60652595898e-05, 2.0390491045e-05, 1.76987214218e-05, 1.5353462004e-05, 8.82128915691e-06, 3.98970514652e-05, 2.11763890547e-05, 1.30063835968e-05, 1.02058284028e-05, 1.29268282762e-05, 1.19077058116e-05, 6.55297208141e-06, 6.3123484324e-06, 5.18550632478e-06, 4.76016202811e-06, 5.45021021026e-06, 4.44696888735e-06, 3.6204380649e-06, 3.31037449541e-06, 3.32187460117e-06, 2.013038511e-06, 1.90100763575e-06, 1.82260316706e-06, 1.40606687182e-06, 1.35105517529e-06, 1.23666973195e-06], "dvar": [1.59328988047e-06, 1.08332642412e-05, 2.96698181046e-06, 3.48921844306e-06, 1.58441757492e-08, 1.15425118352e-08, 2.54773002695e-08, 4.04536404375e-10, 1.68632052766e-10, 3.69764607822e-10, 1.39409761513e-10, 1.99628771846e-10, 3.98244298649e-10, 1.49686485429e-10, 1.14729192813e-09, 2.51496312664e-09, 1.52412016341e-09, 1.91266247285e-09, 8.73503352983e-11, 1.37930800115e-09, 3.44194117652e-10, 2.05982175761e-10, 1.93497842749e-10, 2.68338740117e-10, 2.02319924703e-10, 8.64650989696e-11, 8.84384163125e-11, 8.06072569803e-11, 8.75079245177e-11, 8.90788415253e-11, 1.04940584e-10, 8.68592905934e-11, 5.35020673598e-11, 4.87493656554e-11, 1.45634736909e-11, 7.52484012601e-12, 6.72479086306e-12, 3.80626780094e-12, 2.92602812639e-12, 2.5511595874e-12], "dvar2": [4.41713291366e-06, 2.78163588519e-05, 6.92702224114e-06, 7.34271134206e-06, 4.66919338749e-08, 3.63353009902e-08, 8.06600866099e-08, 1.00254982094e-09, 4.44685732681e-10, 1.00542352222e-09, 3.25690058256e-10, 4.36052555175e-10, 7.1799111101e-10, 3.17646048353e-10, 2.0176329496e-09, 5.47146017382e-09, 3.25564109005e-09, 4.02245303732e-09, 2.1990079202e-10, 3.45966877369e-09, 9.69484492686e-10, 4.76027384178e-10, 4.3329251298e-10, 6.14907513796e-10, 5.01694630284e-10, 2.01811858891e-10, 2.08841818838e-10, 1.44253164969e-10, 1.81540879551e-10, 1.74234182637e-10, 2.05076969295e-10, 1.44610448616e-10, 9.70124050537e-11, 9.08847996861e-11, 2.3024323767e-11, 1.457527328e-11, 1.31501901382e-11, 7.37097795994e-12, 6.04846728258e-12, 5.64490381522e-12], "max": [0.0173788610846, 0.0543729402125, 0.0247505046427, 0.0219826437533, 0.0016053331783, 0.00167543999851, 0.00264791748486, 0.000330935814418, 0.000190372215002, 0.000374429189833, 0.000204290961847, 0.000230598612688, 0.000436789705418, 0.000224856805289, 0.000746951438487, 0.00139077822678, 0.000964548729826, 0.000991223147139, 0.00015605900262, 0.000681646808516, 0.000343405466992, 0.000351006368874, 0.000343380030245, 0.000376430951292, 0.000251118384767, 0.000199024303583, 0.000143144454341, 0.000196923472686, 0.000215228370507, 0.000231147409067, 0.000242084948695, 0.000187610377907, 0.000140581309097, 0.000163903619978, 9.34670024435e-05, 4.7765301133e-05, 4.17652117903e-05, 4.28737912443e-05, 2.98342129099e-05, 2.22394610319e-05], "mean": [0.000882447115146, 0.00206279288977, 0.00132302520797, 0.00199591228738, 0.000251547520747, 0.000238249776885, 0.000300819840049, 3.26959343511e-05, 1.58524871949e-05, 2.01473394554e-05, 1.85004373634e-05, 3.06345791614e-05, 5.09311030328e-05, 2.99227649521e-05, 5.85076049902e-05, 3.76471689378e-05, 2.9945089409e-05, 2.70506061497e-05, 9.41047437664e-06, 4.76624190924e-05, 3.26485096593e-05, 2.21264253923e-05, 1.62120250025e-05, 1.73390017153e-05, 1.44222576637e-05, 8.15151997813e-06, 6.88298632667e-06, 6.96938650435e-06, 7.17782722859e-06, 8.32864043332e-06, 5.28202645e-06, 4.43295448349e-06, 3.90989043808e-06, 3.79668722417e-06, 2.29127613238e-06, 1.80952019946e-06, 1.78597247213e-06, 1.36605115131e-06, 1.25325084355e-06, 1.04468176687e-06], "median": [0.000403190439101, 0.000423824531026, 0.000560263695661, 0.000887400121428, 0.000221531634452, 0.000195753324078, 0.000159811985213, 2.0588244297e-05, 1.11870322144e-05, 1.16961509775e-05, 1.2733587937e-05, 2.15482268686e-05, 3.69799636246e-05, 2.32468810282e-05, 3.50029040419e-05, 6.54520135868e-06, 9.63849015534e-06, 4.40098665422e-06, 5.58371448278e-06, 3.03517881548e-05, 2.52437857853e-05, 1.49536253957e-05, 9.29571706365e-06, 8.63150216901e-06, 7.38725930205e-06, 4.37741800852e-06, 3.26113399751e-06, 2.86437261821e-06, 3.38417339663e-06, 3.95781034968e-06, 1.80414986062e-06, 9.50538776578e-07, 1.20275944937e-06, 1.10816029064e-06, 4.44544525635e-07, 3.22548345366e-07, 4.37981043433e-07, 2.79820653759e-07, 2.39534955426e-07, 1.83601628123e-07], "min": [9.22284184451e-24, 7.27369513203e-24, 9.17932117723e-24, 2.32857894712e-24, 1.90753311643e-24, 7.40236228998e-24, 1.37060417097e-23, 1.03069079111e-23, 4.5831544583e-24, 1.01183543775e-23, 7.8372013536e-24, 2.66487488697e-24, 5.39107542628e-24, 7.76319200119e-24, 5.74627385392e-24, 1.070636183e-23, 6.02463170737e-24, 8.80375791089e-24, 7.44808703463e-24, 1.07351568307e-23, 8.04217029374e-24, 7.45376131112e-24, 6.89269503633e-24, 1.00533127959e-23, 7.54351790492e-24, 9.36942245589e-24, 8.66620817915e-24, 1.0243956022e-23, 8.38504553075e-24, 9.98407052994e-24, 1.00018285778e-23, 7.93718316245e-24, 9.80374166017e-24, 9.88954684969e-24, 7.93134401403e-24, 9.45015526979e-24, 8.43833781807e-24, 8.31609119903e-24, 8.67482569568e-24, 1.29893923428e-23], "var": [1.88738056295e-06, 1.45474768942e-05, 4.86942553835e-06, 7.61501632951e-06, 3.28376579262e-08, 3.86584630974e-08, 1.37767301567e-07, 1.35976185867e-09, 2.81715623052e-10, 6.65583477222e-10, 3.76686237757e-10, 9.10489628136e-10, 2.59361110366e-09, 6.5229233126e-10, 5.21574872181e-09, 7.41481276378e-09, 4.33857172411e-09, 5.85105031092e-09, 1.55377405386e-10, 2.99024249806e-09, 9.43646494278e-10, 5.97054405915e-10, 5.08042996561e-10, 6.02086491774e-10, 4.23064833166e-10, 1.58743101997e-10, 1.56923793404e-10, 2.20960624797e-10, 2.20036808218e-10, 2.18541268415e-10, 2.11765452396e-10, 2.09901027115e-10, 1.12584545853e-10, 1.06428567348e-10, 4.00030147896e-11, 1.71177967634e-11, 1.5314640181e-11, 8.62295478077e-12, 5.6762350896e-12, 3.82542955646e-12]}, "mfcc": {"mean": [-664.85345459, 104.722824097, 0.155754268169, 34.3660545349, 13.1314287186, 9.89641189575, -5.36913321412e-05, 0.793083846569, -7.53519821167, -17.6072540283, -13.1603536606, 0.923217356205, 3.23971414566], "cov": [[14526.4277344, 78.39037323, -260.697357178, 759.52355957, 316.19619751, 337.48626709, 133.093307495, 262.937927246, 208.855560303, -47.1819534302, -6.50769424438, 161.872711182, -33.4327354431], [78.39037323, 1288.90661621, -328.925720215, 132.828125, -4.45879173279, 27.9735202789, 32.5357704163, 16.5588111877, -23.4966373444, 12.6356153488, 17.5243263245, 56.9264373779, 57.7750740051], [-260.697357178, -328.925720215, 371.875640869, -41.3640327454, 98.08618927, 25.5539684296, 60.7930221558, 34.1587905884, 55.3719558716, 75.0887985229, 59.0943336487, -1.82997250557, -0.87237983942], [759.52355957, 132.828125, -41.3640327454, 205.597503662, 49.9372138977, 61.789390564, 48.6227912903, 68.0120162964, 55.3491096497, 26.5208053589, 17.8693199158, 33.92370224, 0.911753714085], [316.19619751, -4.45879173279, 98.08618927, 49.9372138977, 147.332473755, 52.4462165833, 69.4361190796, 50.3262557983, 55.508556366, 64.8965988159, 59.2328720093, 23.8378410339, 0.0789345279336], [337.48626709, 27.9735202789, 25.5539684296, 61.789390564, 52.4462165833, 117.977577209, 56.2675132751, 42.1731071472, 38.9380302429, 57.5899887085, 47.8045120239, 18.9228191376, -11.2244548798], [133.093307495, 32.5357704163, 60.7930221558, 48.6227912903, 69.4361190796, 56.2675132751, 143.751831055, 92.385597229, 58.7057800293, 63.0391960144, 69.7514038086, 44.3331489563, 8.9654417038], [262.937927246, 16.5588111877, 34.1587905884, 68.0120162964, 50.3262557983, 42.1731071472, 92.385597229, 138.992523193, 65.4030075073, 32.7686805725, 46.4401473999, 46.9494056702, 14.5646066666], [208.855560303, -23.4966373444, 55.3719558716, 55.3491096497, 55.508556366, 38.9380302429, 58.7057800293, 65.4030075073, 111.456710815, 69.4815368652, 40.7554321289, 36.0744743347, 23.6021671295], [-47.1819534302, 12.6356153488, 75.0887985229, 26.5208053589, 64.8965988159, 57.5899887085, 63.0391960144, 32.7686805725, 69.4815368652, 156.724639893, 92.7018585205, 27.1446990967, 15.7320728302], [-6.50769424438, 17.5243263245, 59.0943336487, 17.8693199158, 59.2328720093, 47.8045120239, 69.7514038086, 46.4401473999, 40.7554321289, 92.7018585205, 127.229110718, 40.6330108643, 6.45318174362], [161.872711182, 56.9264373779, -1.82997250557, 33.92370224, 23.8378410339, 18.9228191376, 44.3331489563, 46.9494056702, 36.0744743347, 27.1446990967, 40.6330108643, 86.4342727661, 35.1703109741], [-33.4327354431, 57.7750740051, -0.87237983942, 0.911753714085, 0.0789345279336, -11.2244548798, 8.9654417038, 14.5646066666, 23.6021671295, 15.7320728302, 6.45318174362, 35.1703109741, 86.1016082764]], "icov": [[9.45791980485e-05, 5.22062291566e-05, 0.000103317026515, -0.000278471881757, -0.000204522904824, -0.000166013283888, 7.33704509912e-05, 1.26555278257e-06, -3.22367304761e-05, 0.000144794015796, 4.09991007473e-05, -9.45788851823e-05, -5.67820870856e-06], [5.22062291566e-05, 0.0012273847824, 0.00122377020307, -0.000668903288897, -0.000578725535888, -6.75354749546e-05, -0.00048549316125, 0.00019991825684, 0.000804518756922, -0.000339737278409, -7.29870444047e-05, -0.000143800250953, -0.000869622977916], [0.000103317026515, 0.00122377020307, 0.00518799386919, 0.00094414135674, -0.00298956246115, 7.41865296732e-05, -0.000950606947299, -0.000109157772386, -0.000527725322172, -0.000765919976402, -0.000337812351063, 0.00100272963755, -0.000708284263965], [-0.000278471881757, -0.000668903288897, 0.00094414135674, 0.00877841562033, -0.00113938248251, -0.00220061279833, 0.000467975594802, -0.00231618853286, -0.00244743586518, -0.000131752269226, 0.0014073177008, -0.000738565286156, 0.0012057289714], [-0.000204522904824, -0.000578725535888, -0.00298956246115, -0.00113938248251, 0.0125030949712, -0.000976972631179, -0.00212791166268, 0.000419822346885, -0.00191518466454, -0.000612469157204, -0.00189669930842, 0.000264290778432, 0.000973519985564], [-0.000166013283888, -6.75354749546e-05, 7.41865296732e-05, -0.00220061279833, -0.000976972631179, 0.0138767277822, -0.00227400264703, -0.000208762983675, 4.49452418252e-05, -0.0031155035831, -0.00107502017636, 0.000105930928839, 0.00268114311621], [7.33704509912e-05, -0.00048549316125, -0.000950606947299, 0.000467975594802, -0.00212791166268, -0.00227400264703, 0.0164834763855, -0.00782099831849, -0.000273996236501, -0.000984807265922, -0.00252759642899, -0.00188346358482, 0.000865617359523], [1.26555278257e-06, 0.00019991825684, -0.000109157772386, -0.00231618853286, 0.000419822346885, -0.000208762983675, -0.00782099831849, 0.0164865069091, -0.00546833220869, 0.0040295557119, -0.0019746532198, -0.00216725887731, -0.000316270277835], [-3.22367304761e-05, 0.000804518756922, -0.000527725322172, -0.00244743586518, -0.00191518466454, 4.49452418252e-05, -0.000273996236501, -0.00546833220869, 0.0197121854872, -0.00751512497663, 0.00351252919063, -0.00220294576138, -0.00296442816034], [0.000144794015796, -0.000339737278409, -0.000765919976402, -0.000131752269226, -0.000612469157204, -0.0031155035831, -0.000984807265922, 0.0040295557119, -0.00751512497663, 0.0163476653397, -0.00916606746614, 0.002221416682, -0.00185417023022], [4.09991007473e-05, -7.29870444047e-05, -0.000337812351063, 0.0014073177008, -0.00189669930842, -0.00107502017636, -0.00252759642899, -0.0019746532198, 0.00351252919063, -0.00916606746614, 0.0184542275965, -0.00558419572189, 0.00211519096047], [-9.45788851823e-05, -0.000143800250953, 0.00100272963755, -0.000738565286156, 0.000264290778432, 0.000105930928839, -0.00188346358482, -0.00216725887731, -0.00220294576138, 0.002221416682, -0.00558419572189, 0.0198245812207, -0.0068272864446], [-5.67820870856e-06, -0.000869622977916, -0.000708284263965, 0.0012057289714, 0.000973519985564, 0.00268114311621, 0.000865617359523, -0.000316270277835, -0.00296442816034, -0.00185417023022, 0.00211519096047, -0.0068272864446, 0.0162691920996]]}, "spectral_contrast_coeffs": {"dmean": [0.04299858585, 0.0340939387679, 0.0298046190292, 0.0292730499059, 0.022664995864, 0.02264566347], "dmean2": [0.0668093115091, 0.05441557616, 0.0446598865092, 0.0441369563341, 0.0332490764558, 0.030803706497], "dvar": [0.00161726295482, 0.000971909030341, 0.000770698126871, 0.000752382795326, 0.000425489270128, 0.000531162892003], "dvar2": [0.00381708540954, 0.00257963500917, 0.00160283059813, 0.00160343688913, 0.000784780422691, 0.000965876097325], "max": [-0.237206727266, -0.467833131552, -0.499921321869, -0.503934025764, -0.576610684395, -0.579305648804], "mean": [-0.58883368969, -0.677028000355, -0.743465721607, -0.702281951904, -0.749855518341, -0.741937398911], "median": [-0.602336227894, -0.676760554314, -0.745062947273, -0.69963401556, -0.745127677917, -0.729192852974], "min": [-0.954256772995, -0.965637862682, -0.971929371357, -0.970992147923, -0.967472314835, -0.960672199726], "var": [0.0127303814515, 0.00424806540832, 0.0045205745846, 0.00530818291008, 0.00344768562354, 0.00347332470119]}, "spectral_contrast_valleys": {"dmean": [0.328248560429, 0.284366250038, 0.303914368153, 0.285332173109, 0.303425192833, 0.464325636625], "dmean2": [0.518222510815, 0.44293564558, 0.443177729845, 0.408627182245, 0.378162324429, 0.493960112333], "dvar": [0.132352694869, 0.0979897454381, 0.118607982993, 0.120694637299, 0.13302488625, 0.261530339718], "dvar2": [0.267315715551, 0.184103339911, 0.200343459845, 0.188190579414, 0.178926989436, 0.369224011898], "max": [-5.33573913574, -5.42071533203, -5.90761470795, -6.