{"lowlevel": {"average_loudness": 0.768362402916, "barkbands_crest": {"dmean": 2.44236135483, "dmean2": 3.83083534241, "dvar": 7.62183094025, "dvar2": 19.8852596283, "max": 26.6876811981, "mean": 11.285607338, "median": 10.4735155106, "min": 2.03257656097, "var": 20.9360561371}, "barkbands_flatness_db": {"dmean": 0.0266403406858, "dmean2": 0.0392558500171, "dvar": 0.000754819018766, "dvar2": 0.00177167868242, "max": 0.545248031616, "mean": 0.164889782667, "median": 0.140300616622, "min": 0.0139302629977, "var": 0.00967270508409}, "barkbands_kurtosis": {"dmean": 6.20758628845, "dmean2": 9.17207431793, "dvar": 373.871643066, "dvar2": 602.442993164, "max": 2120.94824219, "mean": 11.1801156998, "median": 4.58738946915, "min": -1.94087505341, "var": 1686.3581543}, "barkbands_skewness": {"dmean": 0.751892805099, "dmean2": 1.13639783859, "dvar": 0.814365625381, "dvar2": 1.92885708809, "max": 35.8146209717, "mean": 2.27465343475, "median": 2.00914883614, "min": -2.40352344513, "var": 2.99806308746}, "barkbands_spread": {"dmean": 10.8286895752, "dmean2": 16.4051761627, "dvar": 217.087615967, "dvar2": 480.484527588, "max": 116.074310303, "mean": 24.5155982971, "median": 16.4459190369, "min": 0.0753032937646, "var": 492.042022705}, "dissonance": {"dmean": 0.0183143950999, "dmean2": 0.0307092797011, "dvar": 0.000349455396645, "dvar2": 0.000984354293905, "max": 0.500000119209, "mean": 0.464533269405, "median": 0.472649604082, "min": 0.276681035757, "var": 0.000830658187624}, "dynamic_complexity": 3.22146511078, "erbbands_crest": {"dmean": 1.74442207813, "dmean2": 2.69656562805, "dvar": 2.92966175079, "dvar2": 6.60936164856, "max": 26.9465370178, "mean": 7.2256937027, "median": 6.27206230164, "min": 2.09296512604, "var": 14.5643396378}, "erbbands_flatness_db": {"dmean": 0.0147644411772, "dmean2": 0.0205410607159, "dvar": 0.000268418050837, "dvar2": 0.000478394154925, "max": 0.488190978765, "mean": 0.150965481997, "median": 0.10910513252, "min": 0.0339287631214, "var": 0.00884317047894}, "erbbands_kurtosis": {"dmean": 1.48022532463, "dmean2": 2.10667991638, "dvar": 23.8986587524, "dvar2": 39.791721344, "max": 230.756164551, "mean": 1.77914428711, "median": -0.3235039711, "min": -1.88575422764, "var": 132.793441772}, "erbbands_skewness": {"dmean": 0.44442409277, "dmean2": 0.619927704334, "dvar": 0.248867407441, "dvar2": 0.500478327274, "max": 12.5090141296, "mean": 0.604000806808, "median": 0.463677167892, "min": -2.93556976318, "var": 1.51627957821}, "erbbands_spread": {"dmean": 11.2273416519, "dmean2": 16.8749275208, "dvar": 204.372833252, "dvar2": 428.401763916, "max": 178.176635742, "mean": 49.2670516968, "median": 47.3611373901, "min": 0.761681079865, "var": 829.803771973}, "hfc": {"dmean": 21.9243469238, "dmean2": 34.067905426, "dvar": 1497.97949219, "dvar2": 3706.84399414, "max": 280.605194092, "mean": 30.5873088837, "median": 11.4767894745, "min": 1.20921457403e-16, "var": 1867.98474121}, "melbands_crest": {"dmean": 2.7307806015, "dmean2": 4.21071052551, "dvar": 9.0550737381, "dvar2": 23.0654792786, "max": 38.1378097534, "mean": 16.2181377411, "median": 15.045416832, "min": 1.73105430603, "var": 42.3483276367}, "melbands_flatness_db": {"dmean": 0.0342876687646, "dmean2": 0.0498512834311, "dvar": 0.00121600809507, "dvar2": 0.00286924350075, "max": 0.695417165756, "mean": 0.249784886837, "median": 0.228818014264, "min": 0.00392394838855, "var": 0.0133152259514}, "melbands_kurtosis": {"dmean": 14.5961265564, "dmean2": 22.8903083801, "dvar": 975.881164551, "dvar2": 2354.55810547, "max": 1286.12597656, "mean": 27.0744247437, "median": 14.5722179413, "min": -1.71161746979, "var": 2059.68701172}, "melbands_skewness": {"dmean": 0.972133755684, "dmean2": 1.47823178768, "dvar": 1.77485477924, "dvar2": 4.2757062912, "max": 26.6544876099, "mean": 3.64002203941, "median": 3.15318131447, "min": -2.38223004341, "var": 4.85454177856}, "melbands_spread": {"dmean": 8.26241588593, "dmean2": 12.7784223557, "dvar": 157.097885132, "dvar2": 368.596740723, "max": 195.272415161, "mean": 18.0526828766, "median": 11.7834262848, "min": 0.224526926875, "var": 353.962158203}, "pitch_salience": {"dmean": 0.0717153847218, "dmean2": 0.112452246249, "dvar": 0.00665762182325, "dvar2": 0.0171096865088, "max": 0.905396223068, "mean": 0.547201454639, "median": 0.562608480453, "min": 0.0182216521353, "var": 0.0176525693387}, "silence_rate_20dB": {"dmean": 0, "dmean2": 0, "dvar": 0, "dvar2": 0, "max": 1, "mean": 1, "median": 1, "min": 1, "var": 0}, "silence_rate_30dB": {"dmean": 0.0402522236109, "dmean2": 0.0805079266429, "dvar": 0.038646504283, "dvar2": 0.0788549631834, "max": 1, "mean": 0.958021998405, "median": 1, "min": 0, "var": 0.0402204394341}, "silence_rate_60dB": {"dmean": 0.0104517573491, "dmean2": 0.020904418081, "dvar": 0.0103402566165, "dvar2": 0.0236547067761, "max": 1, "mean": 0.0586050525308, "median": 0, "min": 0, "var": 0.0551563799381}, "spectral_centroid": {"dmean": 312.061523438, "dmean2": 455.320343018, "dvar": 164864.390625, "dvar2": 341599.28125, "max": 10937.0244141, "mean": 1201.91601562, "median": 937.155883789, "min": 88.5173492432, "var": 677810.625}, "spectral_complexity": {"dmean": 5.82491159439, "dmean2": 8.71956157684, "dvar": 57.5668907166, "dvar2": 118.289657593, "max": 68, "mean": 18.5544815063, "median": 14, "min": 0, "var": 167.603271484}, "spectral_decrease": {"dmean": 2.7365230082e-09, "dmean2": 4.05017441807e-09, "dvar": 2.70125573217e-17, "dvar2": 6.39185024807e-17, "max": 1.05533315552e-18, "mean": -8.58990034658e-09, "median": -6.75257538774e-09, "min": -7.02538471842e-08, "var": 6.50771112036e-17}, "spectral_energy": {"dmean": 0.0116229727864, "dmean2": 0.0172504317015, "dvar": 0.000424143247074, "dvar2": 0.000982819823548, "max": 0.268231064081, "mean": 0.0351944416761, "median": 0.0275192987174, "min": 1.11561267604e-20, "var": 0.0010617232183}, "spectral_energyband_high": {"dmean": 0.00212044245563, "dmean2": 0.00325633282773, "dvar": 1.44093446579e-05, "dvar2": 3.5025379475e-05, "max": 0.0266725532711, "mean": 0.00253030122258, "median": 0.000505342031829, "min": 8.42826443034e-21, "var": 1.81221948878e-05}, "spectral_energyband_low": {"dmean": 0.00762592535466, "dmean2": 0.0120516382158, "dvar": 0.000425175996497, "dvar2": 0.00107948959339, "max": 0.257500112057, "mean": 0.0186737291515, "median": 0.0110415173694, "min": 6.81935605793e-23, "var": 0.000685402774252}, "spectral_energyband_middle_high": {"dmean": 0.00180973170791, "dmean2": 0.00288169248961, "dvar": 1.45859157783e-05, "dvar2": 3.82332764275e-05, "max": 0.034480035305, "mean": 0.00301795918494, "median": 0.00158576329704, "min": 1.29137524781e-21, "var": 1.70224629983e-05}, "spectral_energyband_middle_low": {"dmean": 0.00454087555408, "dmean2": 0.00696668354794, "dvar": 5.61808665225e-05, "dvar2": 0.000147426777403, "max": 0.117987938225, "mean": 0.0122064845636, "median": 0.00957757979631, "min": 2.83919875031e-22, "var": 0.000103666279756}, "spectral_entropy": {"dmean": 0.211943656206, "dmean2": 0.295546859503, "dvar": 0.0625409781933, "dvar2": 0.121346414089, "max": 9.80666637421, "mean": 7.44657421112, "median": 7.73311805725, "min": 4.0247168541, "var": 0.82221275568}, "spectral_flux": {"dmean": 0.0259298104793, "dmean2": 0.0385033860803, "dvar": 0.00147479481529, "dvar2": 0.00306769600138, "max": 0.455667316914, "mean": 0.0781800746918, "median": 0.0617552921176, "min": 6.92454010798e-11, "var": 0.00430448539555}, "spectral_kurtosis": {"dmean": 5.19388914108, "dmean2": 8.54620075226, "dvar": 144.830581665, "dvar2": 418.734893799, "max": 473.135101318, "mean": 11.8502521515, "median": 2.31068325043, "min": -1.22341620922, "var": 599.769592285}, "spectral_rms": {"dmean": 0.000794261577539, "dmean2": 0.00114941573702, "dvar": 1.22726646623e-06, "dvar2": 2.6473478556e-06, "max": 0.0161767993122, "mean": 0.00526821287349, "median": 0.00518151465803, "min": 3.29909472137e-12, "var": 6.58187718727e-06}, "spectral_rolloff": {"dmean": 1056.40246582, "dmean2": 1759.51257324, "dvar": 3771479.75, "dvar2": 8541775, "max": 19939.7460938, "mean": 1583.08459473, "median": 581.396484375, "min": 43.06640625, "var": 6619541.5}, "spectral_skewness": {"dmean": 0.440258562565, "dmean2": 0.679356336594, "dvar": 0.448154091835, "dvar2": 1.20356535912, "max": 17.6926670074, "mean": 2.00187397003, "median": 1.38899421692, "min": -0.0267452765256, "var": 2.23706769943}, "spectral_spread": {"dmean": 775673.0625, "dmean2": 1119377.75, "dvar": 1118773182460.0, "dvar2": 2112082804740.0, "max": 42102200, "mean": 5418549, "median": 6297570.5, "min": 185035.328125, "var": 7917431422980.0}, "spectral_strongpeak": {"dmean": 0.191397622228, "dmean2": 0.322243154049, "dvar": 0.101709969342, "dvar2": 0.254595637321, "max": 4.79699087143, "mean": 0.515187442303, "median": 0.365462362766, "min": 0, "var": 0.202058210969}, "zerocrossingrate": {"dmean": 0.0183372870088, "dmean2": 0.0235006194562, "dvar": 0.000462695141323, "dvar2": 0.000765451870393, "max": 0.52685546875, "mean": 0.0669319182634, "median": 0.05322265625, "min": 0.0009765625, "var": 0.00345551245846}, "barkbands": {"dmean": [0.000642768107355, 0.00689478451386, 0.00172961771023, 0.00108986161649, 0.00171544833574, 0.00132750009652, 0.00101300259121, 0.000860377331264, 0.000348289613612, 0.000292431068374, 0.000277963001281, 0.000306981935864, 0.000143462457345, 0.000255355873378, 0.000227133510634, 0.000197967965505, 0.000209576130146, 0.000205806121812, 0.000172510248376, 0.000210673926631, 0.000249345379416, 0.000332853931468, 0.000337385223247, 0.000403660873417, 0.000545768882148, 0.000179377559107, 3.70778325305e-05], "dmean2": [0.0010023789946, 0.0115790395066, 0.00284462212585, 0.001666733413, 0.0025155346375, 0.00207896158099, 0.00169402407482, 0.00123139750212, 0.000556415121537, 0.000424413505243, 0.000414832553361, 0.000492122024298, 0.000241515474045, 0.000428258383181, 0.000381360005122, 0.000334141572239, 0.000347142515238, 0.000357628770871, 0.000284172245301, 0.000343206746038, 0.00038156224764, 0.000522769289091, 0.000525288342033, 0.000647069013212, 0.000892962736543, 0.000284633017145, 5.65251975786e-05], "dvar": [2.49443428402e-06, 0.00046027143253, 2.37885942624e-05, 8.75228579389e-06, 7.8486136772e-06, 3.50171853825e-06, 3.20421167999e-06, 4.03051990361e-06, 6.40897894755e-07, 3.058819118e-07, 2.42655232796e-07, 3.3465028082e-07, 1.33602299002e-07, 5.08660889409e-07, 3.28725860754e-07, 2.12200987448e-07, 2.11335574818e-07, 1.84611678833e-07, 9.52371053131e-08, 1.52624366478e-07, 1.96377698103e-07, 3.70361448176e-07, 3.76266342528e-07, 5.5536651189e-07, 1.15632474262e-06, 1.2097167712e-07, 5.03437336263e-09], "dvar2": [6.12636404185e-06, 0.0012829490006, 7.03568366589e-05, 2.2598555006e-05, 1.9741273718e-05, 8.91288254934e-06, 8.27912299428e-06, 8.90552928468e-06, 1.60938589033e-06, 6.69570681566e-07, 5.5118846376e-07, 8.37240690998e-07, 3.61521472314e-07, 1.2911984868e-06, 8.3745470647e-07, 5.63011781196e-07, 5.39500604191e-07, 5.06013464019e-07, 2.48069454756e-07, 3.8934322788e-07, 4.36829992623e-07, 9.10229232431e-07, 8.95728192063e-07, 1.36866958655e-06, 2.86996692012e-06, 2.91181464718e-07, 1.1675558298e-08], "max": [0.0384761355817, 0.243437573314, 0.11310338974, 0.0919590294361, 0.0331910960376, 0.0319686345756, 0.0275760106742, 0.0449507534504, 0.0113647626713, 0.0119187552482, 0.00966102164239, 0.00912850536406, 0.00480049429461, 0.00830057263374, 0.00623799487948, 0.00529540376738, 0.00570522714406, 0.00448016263545, 0.00380334584042, 0.00403342954814, 0.00402788398787, 0.00465412251651, 0.00517975678667, 0.00641306163743, 0.00809823628515, 0.00262070144527, 0.000863437599037], "mean": [0.00205536745489, 0.0129027040675, 0.00259443954565, 0.00200620875694, 0.00345851341262, 0.00309010641649, 0.00146557437256, 0.00148923008237, 0.000471339328215, 0.000497686851304, 0.00045062683057, 0.000425955804531, 0.000180447474122, 0.000258997024503, 0.000238467851887, 0.000225678013521, 0.000249274191447, 0.000235011611949, 0.00022028942476, 0.000311345647788, 0.000354485178832, 0.000445511541329, 0.000410291482694, 0.000452728418168, 0.000494330597576, 0.000160417432198, 4.92443105031e-05], "median": [2.74396716122e-05, 0.00622885487974, 0.00094024639111, 0.000888426089659, 0.00202584010549, 0.00191396079026, 0.000725254882127, 0.000500076508615, 0.000175386841875, 0.000225141775445, 0.000208311379538, 0.000150230043801, 7.22782715457e-05, 7.82858187449e-05, 7.77872119215e-05, 7.03619589331e-05, 8.91294257599e-05, 7.27124715922e-05, 6.61985613988e-05, 9.64009959716e-05, 7.61245028116e-05, 7.44020144339e-05, 7.53797794459e-05, 8.9014058176e-05, 5.55688275199e-05, 9.9824183053e-06, 1.42083445098e-05], "min": [1.80474351496e-23, 1.10660847693e-23, 1.72690471618e-23, 1.19271130367e-23, 5.26745682036e-23, 5.04063059557e-23, 2.35202223662e-23, 4.43821065441e-23, 4.60445898811e-23, 4.93088521307e-23, 3.69570006053e-23, 5.65053619563e-23, 5.42948285495e-23, 6.05954353559e-23, 5.79485861378e-23, 1.24543946078e-22, 1.53199703424e-22, 2.06978837822e-22, 2.51620880346e-22, 4.24608408581e-22, 4.14980291813e-22, 4.815815335e-22, 6.69061433685e-22, 7.56377657871e-22, 1.24084634655e-21, 1.67510819118e-21, 2.36715463351e-21], "var": [2.3512124244e-05, 0.000496517692227, 2.44027232839e-05, 1.24189582493e-05, 1.55916095537e-05, 1.14916838356e-05, 4.79953541799e-06, 8.85295321496e-06, 7.39392362448e-07, 6.27440101653e-07, 4.57257073094e-07, 4.91704213346e-07, 1.19497386208e-07, 4.30426069897e-07, 2.91732987989e-07, 1.93980227436e-07, 2.16386482066e-07, 1.72596088532e-07, 1.28168792912e-07, 2.22905697456e-07, 3.35869628998e-07, 5.4091782431e-07, 5.03408443819e-07, 6.18355159077e-07, 1.06914285425e-06, 1.20644955359e-07, 6.44065867306e-09]}, "erbbands": {"dmean": [0.218041434884, 1.53123867512, 1.9782166481, 3.00801157951, 4.46652650833, 6.28162384033, 10.0411663055, 9.32302570343, 14.8187007904, 17.2700996399, 14.189248085, 8.03953361511, 9.03895378113, 9.15271949768, 9.3667049408, 13.6346282959, 7.26274394989, 11.7181072235, 10.5517416, 12.4037084579, 11.8121576309, 10.4790945053, 10.3490657806, 10.2800140381, 8.03793239594, 10.1630716324, 10.2585554123, 10.2791976929, 11.3780708313, 11.1815242767, 9.67207431793, 7.29708003998, 7.68463802338, 6.72599363327, 3.45647358894, 1.21178972721, 0.247100263834, 0.0529380217195, 0.00588100170717, 0.000364367559087], "dmean2": [0.369336664677, 2.54278898239, 3.06837368011, 4.53011846542, 6.54247570038, 9.50020885468, 15.8624296188, 14.7258348465, 24.5941295624, 26.6443119049, 20.1479740143, 12.723649025, 13.3554706573, 13.7525186539, 14.2780151367, 21.6869125366, 12.1155347824, 19.5766906738, 17.6183643341, 20.9880466461, 19.6004104614, 17.2768554688, 17.868057251, 17.353931427, 13.1063671112, 16.694934845, 16.242395401, 16.0881404877, 17.623342514, 17.5371570587, 15.1511821747, 11.3403673172, 12.5910520554, 11.0728397369, 5.65828418732, 1.93125903606, 0.394289135933, 0.0821966975927, 0.00912959408015, 0.00055848719785], "dvar": [0.326820909977, 27.0200233459, 34.2477836609, 54.442276001, 83.5128326416, 117.702301025, 240.489700317, 186.134643555, 580.696044922, 1720.74377441, 786.392578125, 301.450286865, 240.641815186, 367.746856689, 267.483856201, 641.827819824, 327.231445312, 1005.2645874, 734.859313965, 814.561523438, 752.286193848, 482.528259277, 481.896636963, 387.599884033, 214.613128662, 348.357116699, 351.32019043, 330.118774414, 409.043060303, 429.879577637, 320.694488525, 181.573440552, 197.968780518, 164.55015564, 51.1007080078, 5.56815004349, 0.253499567509, 0.0118300942704, 0.000117552939628, 4.7460883934e-07], "dvar2": [0.944485127926, 72.9617767334, 89.4128723145, 143.075576782, 217.8931427, 295.519256592, 600.606445312, 474.632110596, 1524.70654297, 4118.05126953, 1785.22839355, 757.174865723, 584.271972656, 835.938476562, 632.307250977, 1600.48022461, 883.40826416, 2537.38061523, 1810.59765625, 2170.68579102, 1942.06774902, 1242.94213867, 1304.74206543, 1043.00854492, 529.666931152, 892.038879395, 802.664123535, 756.213684082, 956.320739746, 1045.37939453, 775.192077637, 427.954467773, 500.866119385, 414.627044678, 125.837387085, 13.3900022507, 0.625389456749, 0.0281122829765, 0.000271429802524, 1.1088715155e-06], "max": [5.4045009613, 61.17445755, 99.3499298096, 243.661636353, 171.923919678, 166.212692261, 294.827819824, 277.389099121, 447.198577881, 789.967956543, 461.963317871, 208.07043457, 272.79675293, 416.40057373, 313.955810547, 383.858001709, 228.659957886, 367.671356201, 284.656158447, 293.951385498, 317.393829346, 236.556259155, 242.421813965, 202.863861084, 150.110977173, 199.859786987, 174.472763062, 176.798019409, 158.175354004, 141.603317261, 171.396102905, 108.593513489, 114.992919922, 101.386894226, 51.5083847046, 17.4958000183, 4.66340303421, 1.4749301672, 0.129179805517, 0.00645754206926], "mean": [0.520657479763, 2.27189040184, 3.17709493637, 5.89040851593, 7.97317934036, 12.1814336777, 20.242975235, 21.9898395538, 24.2334156036, 25.8919773102, 25.8950691223, 11.598528862, 15.6646652222, 14.6914424896, 16.119392395, 19.0809421539, 9.67809867859, 12.6858091354, 11.4165592194, 13.5876216888, 13.683224678, 12.789607048, 12.1330108643, 12.7712249756, 11.6005144119, 14.872338295, 14.2718448639, 14.2528743744, 15.6003160477, 13.9026231766, 11.8672294617, 9.00291728973, 7.801820755, 6.22403430939, 3.04487156868, 1.07191991806, 0.221448481083, 0.0538907200098, 0.00880666077137, 0.00047018865007], "median": [0.164611712098, 1.02623355389, 1.34136462212, 2.84392857552, 3.8034954071, 7.07055234909, 12.299446106, 13.0308532715, 13.4973945618, 8.84304046631, 11.0274896622, 5.21253967285, 8.15242385864, 6.50048398972, 8.09967803955, 7.55306196213, 4.16746807098, 4.32825946808, 3.72702479362, 4.89589977264, 4.67466545105, 4.58635377884, 3.81790733337, 4.04791784286, 3.59927511215, 4.62830018997, 2.79933857918, 2.84984636307, 2.67543196678, 2.24934911728, 2.42691445351, 1.94187092781, 1.22815895081, 0.741113185883, 0.260849177837, 0.0603522397578, 0.0181094184518, 0.0100717050955, 0.00272714952007, 0.000154369554366], "min": [4.89048676259e-22, 2.51015126047e-21, 1.83167982943e-20, 2.18161826445e-20, 4.78904584379e-20, 2.38038075067e-19, 2.97156725145e-19, 5.53257994947e-19, 2.41770520786e-19, 1.09977808682e-18, 8.21042984107e-19, 9.94255586652e-19, 2.64495777832e-18, 1.33878303262e-18, 1.74165007963e-18, 2.51069023488e-18, 2.90291880863e-18, 2.59494954041e-18, 1.80623861661e-18, 6.17090095931e-18, 6.92207566769e-18, 9.87918845493e-18, 1.08454247459e-17, 1.34989787919e-17, 1.38541486403e-17, 1.85964991691e-17, 1.52622135293e-17, 1.8477545634e-17, 1.7361149592e-17, 2.53999604457e-17, 1.57805282098e-17, 1.1450319594e-17, 1.52522261505e-17, 1.24930965614e-17, 9.00730865643e-18, 5.93470532566e-18, 3.19949407751e-18, 1.30954292175e-18, 3.12170260058e-19, 3.75461351317e-20], "var": [0.608092904091, 24.117269516, 39.4227523804, 81.7191162109, 127.466636658, 230.190322876, 533.277404785, 624.25994873, 1054.34912109, 2885.72290039, 1779.59509277, 355.961486816, 443.743713379, 616.081054688, 574.628051758, 890.948242188, 302.551147461, 881.794921875, 677.973449707, 712.557312012, 715.043945312, 509.12991333, 470.958618164, 435.598480225, 327.37020874, 505.987091064, 583.135681152, 529.782653809, 650.032531738, 569.852966309, 417.917724609, 235.707061768, 196.268234253, 151.835708618, 46.7441101074, 5.47196865082, 0.242164045572, 0.01244416181, 0.00018431081844, 5.54370274131e-07]}, "gfcc": {"mean": [-23.6531658173, 98.3554763794, -86.6034240723, 21.1347427368, -49.7877388, -1.2778750658, -30.8238697052, -1.53515088558, -17.4503936768, 0.204655840993, -8.9615240097, 1.60987079144, -6.29445123672], "cov": [[25230.6445312, -6135.76367188, 561.328552246, 2494.79248047, -1538.71484375, 1990.20092773, -446.132385254, 1566.95056152, -112.714630127, 809.391906738, -58.6273384094, 587.21307373, -111.13041687], [-6135.76367188, 6185.5625, -1690.56054688, -1685.41723633, 1222.8293457, -1489.1451416, 580.529907227, -848.41809082, 164.475463867, -610.416320801, 153.268661499, -395.625946045, 70.2440261841], [561.328552246, -1690.56054688, 1235.60266113, 595.228027344, -345.505645752, 562.174133301, -242.773284912, 221.698394775, -43.5522651672, 230.586868286, -74.1324539185, 106.488014221, 28.9448661804], [2494.79248047, -1685.41723633, 595.228027344, 971.276306152, -330.970825195, 650.006164551, -110.048362732, 402.147003174, -5.70997571945, 248.705688477, -4.20651006699, 103.426071167, 2.46666145325], [-1538.71484375, 1222.8293457, -345.505645752, -330.970825195, 549.69342041, -320.714294434, 266.212738037, -163.499267578, 86.3861083984, -135.674697876, 36.3710784912, -73.628326416, -17.4935283661], [1990.20092773, -1489.1451416, 562.174133301, 650.006164551, -320.714294434, 708.885681152, -115.501358032, 386.149353027, -12.3175601959, 238.258224487, -10.9333839417, 96.0400466919, 26.1794567108], [-446.132385254, 580.529907227, -242.773284912, -110.048362732, 266.212738037, -115.501358032, 282.554168701, 2.41400504112, 90.611656189, -56.6646308899, 55.9963569641, -14.739238739, -15.0760126114], [1566.95056152, -848.41809082, 221.698394775, 402.147003174, -163.499267578, 386.149353027, 2.41400504112, 345.211181641, 43.3913536072, 154.130737305, 26.2078266144, 68.0823745728, 11.7307252884], [-112.714630127, 164.475463867, -43.5522651672, -5.70997571945, 86.3861083984, -12.3175601959, 90.611656189, 43.3913536072, 95.9529266357, 24.3699893951, 31.3859806061, 4.00146436691, 13.1542062759], [809.391906738, -610.416320801, 230.586868286, 248.705688477, -135.674697876, 238.258224487, -56.6646308899, 154.130737305, 24.3699893951, 152.634841919, 19.0125675201, 58.1744689941, 23.8239135742], [-58.6273384094, 153.268661499, -74.1324539185, -4.20651006699, 36.3710784912, -10.9333839417, 55.9963569641, 26.2078266144, 31.3859806061, 19.0125675201, 87.5914764404, 28.3569736481, 28.0466556549], [587.21307373, -395.625946045, 106.488014221, 103.426071167, -73.628326416, 96.0400466919, -14.739238739, 68.0823745728, 4.00146436691, 58.1744689941, 28.3569736481, 92.4583511353, 24.5365467072], [-111.13041687, 70.2440261841, 28.9448661804, 2.46666145325, -17.4935283661, 26.1794567108, -15.0760126114, 11.7307252884, 13.1542062759, 23.8239135742, 28.0466556549, 24.5365467072, 75.745475769]], "icov": [[7.92736827862e-05, -1.18938960441e-05, 0.000147121434566, -0.000117372750537, 6.9141977292e-05, -1.52148668349e-05, 4.91814644192e-05, -0.000203668299946, 8.60447762534e-05, -0.00010051496065, 0.000260279950453, -0.000437058770331, 0.000199372065254], [-1.18938960441e-05, 0.000839945336338, 0.00019942241488, 0.000357248121873, -0.000599025806878, 0.000265645910986, -0.000250960438279, 0.00044851648272, -0.000361672253348, 0.00061609421391, -0.00121486687567, 0.00236369483173, -0.00168061582372], [0.000147121434566, 0.00019942241488, 0.00204100855626, -0.000543999427464, -0.000225865733228, -0.00101118651219, 0.000722381460946, 0.00076231348794, -0.000414414447732, -0.000934818119276, 0.00154166878201, -0.00120666297153, -0.000222233080422], [-0.000117372750537, 0.000357248121873, -0.000543999427464, 0.00337193370797, -0.000172686981387, -0.00135023484472, -0.000331034418195, -0.000751719227992, 0.00028213171754, -0.000539799570106, -0.00119081989396, 0.00155247375369, 0.000130707121571], [6.9141977292e-05, -0.000599025806878, -0.000225865733228, -0.000172686981387, 0.00548360217363, 5.8581106714e-05, -0.00375035172328, 0.0012029830832, -0.00138203415554, 8.7267413619e-05, 0.00089682021644, -0.000270348624326, 0.00103040109389], [-1.52148668349e-05, 0.000265645910986, -0.00101118651219, -0.00135023484472, 5.8581106714e-05, 0.00778673356399, -0.00118792045396, -0.00490615610033, 0.00406420137733, -0.00381260574795, 0.00140837347135, 0.00176934793126, -0.00259394571185], [4.91814644192e-05, -0.000250960438279, 0.000722381460946, -0.000331034418195, -0.00375035172328, -0.00118792045396, 0.0115591399372, -0.00225687678903, -0.00657046958804, 0.00534078665078, -0.0032646721229, -0.00321811065078, 0.00394676299766], [-0.000203668299946, 0.00044851648272, 0.00076231348794, -0.000751719227992, 0.0012029830832, -0.00490615610033, -0.00225687678903, 0.0124465459958, -0.00500145368278, -0.0011840154184, -0.0021408777684, 0.00125900981948, 0.000240988258156], [8.60447762534e-05, -0.000361672253348, -0.000414414447732, 0.00028213171754, -0.00138203415554, 0.00406420137733, -0.00657046958804, -0.00500145368278, 0.0238463561982, -0.0107495263219, 0.00152658554725, 0.00156756339129, -0.00347950262949], [-0.00010051496065, 0.00061609421391, -0.000934818119276, -0.000539799570106, 8.7267413619e-05, -0.00381260574795, 0.00534078665078, -0.0011840154184, -0.0107495263219, 0.0244494080544, -0.00608470896259, -0.00217821518891, -0.000624318490736], [0.000260279950453, -0.00121486687567, 0.00154166878201, -0.00119081989396, 0.00089682021644, 0.00140837347135, -0.0032646721229, -0.0021408777684, 0.00152658554725, -0.00608470896259, 0.0222918298095, -0.00919535197318, -0.0032664462924], [-0.000437058770331, 0.00236369483173, -0.00120666297153, 0.00155247375369, -0.000270348624326, 0.00176934793126, -0.00321811065078, 0.00125900981948, 0.00156756339129, -0.00217821518891, -0.00919535197318, 0.0262777656317, -0.00862674880773], [0.000199372065254, -0.00168061582372, -0.000222233080422, 0.000130707121571, 0.00103040109389, -0.00259394571185, 0.00394676299766, 0.000240988258156, -0.00347950262949, -0.000624318490736, -0.0032664462924, -0.00862674880773, 0.0218211691827]]}, "melbands": {"dmean": [0.00193961395416, 0.00131243222859, 0.000526122632436, 0.000384998857044, 0.000321531202644, 0.000232732229051, 0.000216622138396, 0.000195112705114, 0.000104574501165, 5.09730307385e-05, 4.53982138424e-05, 3.74259689124e-05, 3.53454379365e-05, 3.15313227475e-05, 3.07768750645e-05, 1.24938160297e-05, 2.44866296271e-05, 1.686458927e-05, 1.85515127669e-05, 1.54881399794e-05, 1.44368323163e-05, 1.20486593005e-05, 9.39960318647e-06, 9.45311148826e-06, 8.66038499225e-06, 5.95237634116e-06, 6.20898981651e-06, 7.24593701307e-06, 6.53991764921e-06, 6.4793657657e-06, 6.09629660175e-06, 6.39928020973e-06, 7.24179062672e-06, 5.97506232225e-06, 6.08247273703e-06, 4.41883094027e-06, 4.53914299214e-06, 5.27550400875e-06, 5.36743300472e-06, 5.93178856434e-06], "dmean2": [0.00330455321819, 0.00196641520597, 0.000797466142103, 0.000571909069549, 0.000497754081152, 0.000367273401935, 0.000357098615495, 0.000296389742289, 0.000148475766764, 8.17105174065e-05, 6.68619541102e-05, 5.60792614124e-05, 5.28868113179e-05, 5.03128394485e-05, 5.11002945132e-05, 2.04502757697e-05, 4.11561595683e-05, 2.83010085695e-05, 3.13592499879e-05, 2.65389135166e-05, 2.39508208324e-05, 1.99509722734e-05, 1.58892744366e-05, 1.6589585357e-05, 1.46334632518e-05, 9.91026172414e-06, 1.01003888631e-05, 1.21167195175e-05, 1.05326016637e-05, 1.067975154e-05, 9.57123211265e-06, 9.94088441075e-06, 1.16379778774e-05, 9.49747118284e-06, 9.71452300291e-06, 6.886191386e-06, 7.16570866643e-06, 8.70949770615e-06, 8.73302633408e-06, 9.88616102404e-06], "dvar": [3.16005389323e-05, 1.57152699103e-05, 1.65495691817e-06, 4.54113148862e-07, 2.39883206632e-07, 1.10266356046e-07, 1.24334405882e-07, 2.3189218723e-07, 4.0660943057e-08, 1.34034578991e-08, 6.0726894624e-09, 6.35644026303e-09, 3.99218214042e-09, 3.09510816976e-09, 5.50662893062e-09, 8.49205816777e-10, 4.50656978401e-09, 2.014583389e-09, 2.40695752218e-09, 1.11823672544e-09, 1.13069842378e-09, 6.73930522499e-10, 3.64490077009e-10, 4.36635422263e-10, 2.7421193094e-10, 1.1827791524e-10, 1.35369965237e-10, 1.85579454581e-10, 1.5424128641e-10, 1.48036194414e-10, 1.16128828775e-10, 1.32271846254e-10, 1.90177235071e-10, 1.22137688852e-10, 1.33325822604e-10, 6.59484480914e-11, 7.44199632474e-11, 1.08147518718e-10, 7.82787584752e-11, 1.46316500582e-10], "dvar2": [9.19391895877e-05, 3.67833999917e-05, 4.42604459749e-06, 1.16181195153e-06, 5.97776931954e-07, 2.80373114947e-07, 3.19597774023e-07, 5.38568599495e-07, 9.18051838994e-08, 3.32446035145e-08, 1.46533540857e-08, 1.40467699694e-08, 9.0716039125e-09, 7.58910712051e-09, 1.44913006039e-08, 2.16958850885e-09, 1.1447719217e-08, 5.01962649224e-09, 6.26340801446e-09, 3.05315528415e-09, 2.88313750652e-09, 1.75598702246e-09, 9.54821222088e-10, 1.22155230375e-09, 7.4041628384e-10, 3.05983127724e-10, 3.29339111538e-10, 4.90588403235e-10, 3.44495598714e-10, 3.71376623898e-10, 2.66170918639e-10, 3.07129155441e-10, 4.86968465552e-10, 2.8984165068e-10, 3.24226506754e-10, 1.5940096465e-10, 1.75247080736e-10, 2.81038470273e-10, 1.91545404538e-10, 3.73674535759e-10], "max": [0.0583715215325, 0.0524971187115, 0.0356634072959, 0.00883361324668, 0.0078664207831, 0.00654083210975, 0.00579663505778, 0.00998905859888, 0.00393737945706, 0.00131307658739, 0.00133301841561, 0.0018562937621, 0.00113713881001, 0.000718234514352, 0.00144438317511, 0.000401966186473, 0.000805244781077, 0.000562820699997, 0.000539158703759, 0.000417320639826, 0.000353309849743, 0.000287797010969, 0.000230453355471, 0.000262174726231, 0.000176297326107, 0.000177422130946, 0.000129958338221, 0.00014814233873, 0.000132729488541, 0.00011910541798, 0.000108879954496, 0.000102537727798, 0.000121146927995, 7.96959066065e-05, 0.000123954654555, 7.39907627576e-05, 7.78382454882e-05, 9.03263280634e-05, 7.22126715118e-05, 0.000101023906609], "mean": [0.00414438173175, 0.00216836482286, 0.00103742291685, 0.000726077763829, 0.000688568979967, 0.000545049202628, 0.000352260103682, 0.000297907332424, 0.000190842009033, 6.74774346408e-05, 7.81840935815e-05, 5.83071850997e-05, 5.83730834478e-05, 4.59554321424e-05, 3.88081862184e-05, 1.62607011589e-05, 2.53143771261e-05, 1.77722959052e-05, 1.89108541235e-05, 1.75233999471e-05, 1.61402313097e-05, 1.42826820593e-05, 1.08601543616e-05, 1.07983705675e-05, 1.04241626104e-05, 7.65408367442e-06, 9.71961981122e-06, 9.78466141532e-06, 9.14244810701e-06, 8.02964041213e-06, 8.48684885568e-06, 8.65081710799e-06, 9.03074487724e-06, 7.18441560821e-06, 7.20726347936e-06, 5.69714165977e-06, 5.35589151696e-06, 5.18804608873e-06, 5.54405369257e-06, 5.19082823303e-06], "median": [0.00175800372381, 0.0010931363795, 0.000584209745284, 0.000385064689908, 0.000434425804997, 0.000332078110659, 0.000192361520021, 9.22020553844e-05, 8.37371771922e-05, 2.77367926174e-05, 4.0061549953e-05, 2.38308348344e-05, 2.61521581706e-05, 1.88837911992e-05, 1.45511921801e-05, 6.34423076917e-06, 8.04548290034e-06, 5.53955896976e-06, 5.79546440349e-06, 6.35656761006e-06, 4.94245614391e-06, 5.20173853147e-06, 3.08756716549e-06, 3.41898385159e-06, 3.2663242564e-06, 2.18163995669e-06, 3.44635327565e-06, 2.82983887701e-06, 1.65830329024e-06, 1.48025696944e-06, 1.63767742833e-06, 1.44641603583e-06, 1.36916128213e-06, 1.18401464988e-06, 1.43635054428e-06, 1.2821232076e-06, 1.05394997263e-06, 7.21930746295e-07, 9.15238103971e-07, 4.94072764923e-07], "min": [4.01708404436e-24, 8.5246936325e-24, 5.57693933859e-24, 8.36090323161e-24, 1.23420885828e-23, 1.11483400848e-23, 3.69154678675e-24, 1.16676274971e-23, 7.60220205652e-24, 5.6240015969e-24, 1.32040177293e-23, 5.0483559893e-24, 5.53651337264e-24, 7.99483627285e-24, 7.69906470935e-24, 4.37964372754e-24, 5.32102773334e-24, 3.11296326392e-24, 5.21050319292e-24, 9.31712097787e-24, 8.38769768112e-24, 9.69345022815e-24, 9.43973283951e-24, 9.30201981356e-24, 1.08595822836e-23, 9.50387590858e-24, 1.04850973901e-23, 1.38491300338e-23, 8.50256292866e-24, 1.22100340561e-23, 9.09625964593e-24, 1.04460227429e-23, 7.93483393467e-24, 1.49126517958e-23, 8.27810044669e-24, 7.30065445347e-24, 7.30063867625e-24, 9.21815127757e-24, 8.33418451275e-24, 1.12497986412e-23], "var": [4.13818597735e-05, 1.89524253074e-05, 2.24327141041e-06, 8.28598047065e-07, 5.56883321678e-07, 3.67239778143e-07, 2.28243536071e-07, 4.18922837753e-07, 9.22327814123e-08, 1.49276537798e-08, 1.13876836849e-08, 1.09379953983e-08, 7.96250088086e-09, 5.10090680805e-09, 5.73449154828e-09, 9.06544894708e-10, 3.85062426389e-09, 1.80506598557e-09, 2.02749306233e-09, 9.9202801529e-10, 1.08951847544e-09, 6.76426192836e-10, 3.89404009038e-10, 3.84146686683e-10, 3.0247329641e-10, 1.58808244333e-10, 2.1931047256e-10, 2.35483132993e-10, 2.63875782336e-10, 1.84793222391e-10, 1.90295890157e-10, 2.07887235204e-10, 2.39456982021e-10, 1.59915872211e-10, 1.64913971368e-10, 8.90804721654e-11, 9.13778150369e-11, 9.86374176781e-11, 8.55938098177e-11, 1.25841517762e-10]}, "mfcc": {"mean": [-667.477478027, 131.090927124, 21.5872592926, 22.1563777924, 5.64264822006, 1.96322798729, -2.61206769943, -1.28155899048, -3.33673858643, -1.94504868984, -4.41306257248, 0.304261922836, 3.50205516815], "cov": [[14800.8398438, -4805.63037109, 939.27545166, 699.693603516, -18.4464111328, 403.259307861, 436.895477295, 582.126342773, 572.684509277, 408.504608154, 610.257995605, 372.778137207, 311.388214111], [-4805.63037109, 4826.58398438, -1447.2175293, -434.060974121, 3.21570277214, -454.741607666, -86.4480514526, -182.339233398, -300.189819336, -152.5493927, -307.29876709, -201.176773071, -27.5350322723], [939.27545166, -1447.2175293, 1167.13256836, 161.375015259, 114.507301331, 254.617584229, -1.94248485565, 1.35133576393, 131.691040039, 36.3846893311, 86.733215332, 82.6823425293, -9.43743991852], [699.693603516, -434.060974121, 161.375015259, 362.373077393, 33.0382766724, 109.496444702, 72.2841949463, 81.4895019531, 50.7237319946, 62.6887702942, 65.6126403809, 51.7917137146, 21.0005931854], [-18.4464111328, 3.21570277214, 114.507301331, 33.0382766724, 167.032852173, 55.4296112061, 47.0699882507, 17.9808750153, 45.147769928, 33.3670158386, 32.0269699097, 10.1401987076, 10.5722408295], [403.259307861, -454.741607666, 254.617584229, 109.496444702, 55.4296112061, 193.496154785, 48.7064208984, 47.95753479, 61.9892959595, 37.9125442505, 45.4676818848, 42.6144371033, -2.26570272446], [436.895477295, -86.4480514526, -1.94248485565, 72.2841949463, 47.0699882507, 48.7064208984, 152.07862854, 97.6440811157, 66.5404510498, 60.0269355774, 63.9340324402, 45.4269294739, 49.9641189575], [582.126342773, -182.339233398, 1.35133576393, 81.4895019531, 17.9808750153, 47.95753479, 97.6440811157, 134.955230713, 80.0842819214, 60.1183700562, 63.6817703247, 44.4249305725, 42.6841049194], [572.684509277, -300.189819336, 131.691040039, 50.7237319946, 45.147769928, 61.9892959595, 66.5404510498, 80.0842819214, 124.290359497, 73.973815918, 71.6742172241, 46.9444160461, 34.7312774658], [408.504608154, -152.5493927, 36.3846893311, 62.6887702942, 33.3670158386, 37.9125442505, 60.0269355774, 60.1183700562, 73.973815918, 94.2192153931, 70.5139694214, 35.7040672302, 32.6830444336], [610.257995605, -307.29876709, 86.733215332, 65.6126403809, 32.0269699097, 45.4676818848, 63.9340324402, 63.6817703247, 71.6742172241, 70.5139694214, 105.243583679, 56.0106735229, 37.67710495], [372.778137207, -201.176773071, 82.6823425293, 51.7917137146, 10.1401987076, 42.6144371033, 45.4269294739, 44.4249305725, 46.9444160461, 35.7040672302, 56.0106735229, 71.7305603027, 39.7248306274], [311.388214111, -27.5350322723, -9.43743991852, 21.0005931854, 10.5722408295, -2.26570272446, 49.9641189575, 42.6841049194, 34.7312774658, 32.6830444336, 37.67710495, 39.7248306274, 70.3579177856]], "icov": [[0.000127316903672, 0.00011630220979, 5.53808822588e-05, -6.61205995129e-05, 7.65997101553e-05, 5.03241681145e-05, -1.01151936178e-05, -0.000140049494803, -0.000157325062901, 9.02850515558e-05, -0.000278745923424, 0.000145975631312, -0.000305965659209], [0.00011630220979, 0.000568794086576, 0.0004909625859, 0.000109439642983, -0.000568273535464, 0.000414887297666, -0.000207999779377, 5.65914015169e-05, 0.000207329256227, -0.000394091563066, 0.000968056207057, -0.000219250359805, -0.000360697187716], [5.53808822588e-05, 0.0004909625859, 0.00205211504363, -0.000270611140877, -0.000969556160271, -0.00121309235692, 0.000558042200282, 0.0016096419422, -0.0019051998388, 0.00116596627049, 0.000173477892531, -0.000987124629319, -9.98182586045e-05], [-6.61205995129e-05, 0.000109439642983, -0.000270611140877, 0.00409745238721, -0.000264581962256, -0.00117234513164, -0.000277595652733, -0.00195636576973, 0.0027011835482, -0.00244591175579, 0.000503347662743, -0.00118651986122, 0.000665316358209], [7.65997101553e-05, -0.000568273535464, -0.000969556160271, -0.000264581962256, 0.00888406019658, -0.00191852427088, -0.00259708799422, 0.00231053424068, -0.0025610208977, 0.000165098128491, -0.00286655267701, 0.00379223492928, -0.000985211110674], [5.03241681145e-05, 0.000414887297666, -0.00121309235692, -0.00117234513164, -0.00191852427088, 0.0105482963845, -0.00178235699423, -0.00159125623759, -0.000412878347561, -0.00125005899463, 0.00246353610419, -0.0045437598601, 0.00501662679017], [-1.01151936178e-05, -0.000207999779377, 0.000558042200282, -0.000277595652733, -0.00259708799422, -0.00178235699423, 0.0155181689188, -0.00787454564124, 0.000832071120385, -0.00100379134528, -0.00194893579464, -0.000617166282609, -0.0043412479572], [-0.000140049494803, 5.65914015169e-05, 0.0016096419422, -0.00195636576973, 0.00231053424068, -0.00159125623759, -0.00787454564124, 0.0211680736393, -0.00937682297081, 0.00161868787836, -0.00143062742427, 0.000368698732927, -0.00177185167558], [-0.000157325062901, 0.000207329256227, -0.0019051998388, 0.0027011835482, -0.0025610208977, -0.000412878347561, 0.000832071120385, -0.00937682297081, 0.0253335945308, -0.0124268671498, 0.000207814766327, -0.00306253111921, 6.97521827533e-05], [9.02850515558e-05, -0.000394091563066, 0.00116596627049, -0.00244591175579, 0.000165098128491, -0.00125005899463, -0.00100379134528, 0.00161868787836, -0.0124268671498, 0.0307671930641, -0.0148634770885, 0.00543456757441, -0.00326830591075], [-0.000278745923424, 0.000968056207057, 0.000173477892531, 0.000503347662743, -0.00286655267701, 0.00246353610419, -0.00194893579464, -0.00143062742427, 0.000207814766327, -0.0148634770885, 0.0319930240512, -0.0140959210694, 0.00187568401452], [0.000145975631312, -0.000219250359805, -0.000987124629319, -0.00118651986122, 0.00379223492928, -0.0045437598601, -0.000617166282609, 0.000368698732927, -0.00306253111921, 0.00543456757441, -0.0140959210694, 0.0351143367589, -0.0143018625677], [-0.000305965659209, -0.000360697187716, -9.98182586045e-05, 0.000665316358209, -0.000985211110674, 0.00501662679017, -0.0043412479572, -0.00177185167558, 6.97521827533e-05, -0.00326830591075, 0.00187568401452, -0.0143018625677, 0.0282357875258]]}, "spectral_contrast_coeffs": {"dmean": [0.0415252000093, 0.0423960536718, 0.0343586057425, 0.0260747615248, 0.0192900691181, 0.0208748392761], "dmean2": [0.063370488584, 0.0692908093333, 0.0535016581416, 0.0431193783879, 0.0319045037031, 0.0330679640174], "dvar": [0.00133727374487, 0.00120511511341, 0.000824666756671, 0.000427704973845, 0.000245894130785, 0.00040622142842], "dvar2": [0.00320884794928, 0.00323086092249, 0.00195775763132, 0.00117417157162, 0.000646792235784, 0.00101591064595], "max": [-0.310159683228, -0.406257331371, -0.544802427292, -0.598436236382, -0.616530716419, -0.647260606289], "mean": [-0.638228416443, -0.720015585423, -0.770867288113, -0.804471373558, -0.797984302044, -0.777951896191], "median": [-0.651717066765, -0.723634123802, -0.772433757782, -0.80636292696, -0.805219233036, -0.777482926846], "min": [-0.967601835728, -0.971732854843, -0.970047235489, -0.96507781744, -0.967142820358, -0.959635913372], "var": [0.0111422110349, 0.0046093435958, 0.0036299964413, 0.00182462122757, 0.00217976071872, 0.00176363892388]}, "spectral_contrast_valleys": {"dmean": [0.29080080986, 0.340555399656, 0.355308741331, 0.339064925909, 0.37834790349, 0.515117228031], "dmean2": [0.468683302402, 0.549100935459, 0.56433314085, 0.535843908787, 0.540169835091, 0.743444025517], "dvar": [0.078154578805, 0.114113464952, 0.148068964481, 0.166354030371, 0.165036588907, 0.244436860085], "dvar2": [0.167157784104, 0.270088165998, 0.340075671673, 0.372679710388, 0.350142478943, 0.547873258591], "max": [-5.11068153381, -4.16153430939, -5.31338453293, -5.38396644592, -5.43028211594, -7.19091844559], "mean": [-7.27558851242, -6.61009