{"lowlevel": {"average_loudness": 0.00342070613988, "barkbands_crest": {"dmean": 1.61904811859, "dmean2": 2.46033000946, "dvar": 2.94279646873, "dvar2": 6.55965137482, "max": 26.8052692413, "mean": 12.659239769, "median": 12.0318536758, "min": 3.36307573318, "var": 17.8078479767}, "barkbands_flatness_db": {"dmean": 0.013377440162, "dmean2": 0.0208361502737, "dvar": 0.000238207692746, "dvar2": 0.000539121276233, "max": 0.476773232222, "mean": 0.321987599134, "median": 0.328164488077, "min": 0.0295906942338, "var": 0.00379333714955}, "barkbands_kurtosis": {"dmean": 1.61513328552, "dmean2": 2.42594718933, "dvar": 35.5806236267, "dvar2": 62.0580406189, "max": 261.711639404, "mean": 4.58594608307, "median": 3.45870828629, "min": -1.83313632011, "var": 59.4580230713}, "barkbands_skewness": {"dmean": 0.341745227575, "dmean2": 0.520796537399, "dvar": 0.248559907079, "dvar2": 0.46565797925, "max": 16.1062011719, "mean": 0.644940972328, "median": 0.710942685604, "min": -4.31946229935, "var": 1.29718983173}, "barkbands_spread": {"dmean": 1.2155302763, "dmean2": 1.84473860264, "dvar": 5.56136417389, "dvar2": 12.2653913498, "max": 99.2650527954, "mean": 6.21825933456, "median": 3.637393713, "min": 0.685347497463, "var": 60.6280822754}, "dissonance": {"dmean": 0.0343106649816, "dmean2": 0.0586291626096, "dvar": 0.00133474171162, "dvar2": 0.00355915492401, "max": 0.500000119209, "mean": 0.40763643384, "median": 0.425912499428, "min": 0.170754805207, "var": 0.00546903116629}, "dynamic_complexity": 11.9785013199, "erbbands_crest": {"dmean": 2.00277972221, "dmean2": 3.06445288658, "dvar": 4.91267061234, "dvar2": 11.6185159683, "max": 32.3253860474, "mean": 14.4685096741, "median": 13.3894224167, "min": 2.30804085732, "var": 34.4936485291}, "erbbands_flatness_db": {"dmean": 0.0119074257091, "dmean2": 0.0179978851229, "dvar": 0.000183385971468, "dvar2": 0.000411769375205, "max": 0.504348993301, "mean": 0.357622474432, "median": 0.369979500771, "min": 0.0365783981979, "var": 0.00370823219419}, "erbbands_kurtosis": {"dmean": 1.34255158901, "dmean2": 1.98815011978, "dvar": 3.74854779243, "dvar2": 7.9837846756, "max": 40.795009613, "mean": 3.26735019684, "median": 2.18822288513, "min": -1.71890044212, "var": 19.223903656}, "erbbands_skewness": {"dmean": 0.291869312525, "dmean2": 0.429463922977, "dvar": 0.101493626833, "dvar2": 0.226937070489, "max": 4.15926122665, "mean": 0.822689831257, "median": 0.965288877487, "min": -5.60425710678, "var": 1.18133962154}, "erbbands_spread": {"dmean": 1.62899756432, "dmean2": 2.4234418869, "dvar": 6.98108720779, "dvar2": 14.793132782, "max": 98.8460083008, "mean": 10.3801879883, "median": 7.76721954346, "min": 0.973046779633, "var": 81.6951141357}, "hfc": {"dmean": 1.27460992336, "dmean2": 1.72330605984, "dvar": 17.0394325256, "dvar2": 28.4942264557, "max": 126.4190979, "mean": 5.89555597305, "median": 0.664244651794, "min": 1.18419891177e-16, "var": 190.16217041}, "melbands_crest": {"dmean": 1.95776975155, "dmean2": 3.03528213501, "dvar": 4.93652820587, "dvar2": 10.6381664276, "max": 39.8404006958, "mean": 14.3758029938, "median": 12.9576301575, "min": 1.7704051733, "var": 35.7599372864}, "melbands_flatness_db": {"dmean": 0.0139187416062, "dmean2": 0.021429002285, "dvar": 0.000291309872409, "dvar2": 0.000632754527032, "max": 0.618075728416, "mean": 0.429021179676, "median": 0.438670396805, "min": 0.00338001083583, "var": 0.00685149850324}, "melbands_kurtosis": {"dmean": 1.76711332798, "dmean2": 2.66590094566, "dvar": 103.123649597, "dvar2": 179.128463745, "max": 449.896331787, "mean": 4.70364093781, "median": 3.34870433807, "min": -1.82960212231, "var": 144.113983154}, "melbands_skewness": {"dmean": 0.327969223261, "dmean2": 0.498514473438, "dvar": 0.306900382042, "dvar2": 0.557465970516, "max": 20.6369037628, "mean": 0.840511739254, "median": 0.826214432716, "min": -2.80106258392, "var": 1.32863473892}, "melbands_spread": {"dmean": 1.94970917702, "dmean2": 2.91867017746, "dvar": 21.3149337769, "dvar2": 40.8892631531, "max": 146.620056152, "mean": 10.2500638962, "median": 5.42809867859, "min": 1.0981413126, "var": 234.661346436}, "pitch_salience": {"dmean": 0.0416733250022, "dmean2": 0.0653752684593, "dvar": 0.00218374957331, "dvar2": 0.00502726621926, "max": 0.834210038185, "mean": 0.553795039654, "median": 0.56324660778, "min": 0.00870902370661, "var": 0.0178866125643}, "silence_rate_20dB": {"dmean": 0, "dmean2": 0, "dvar": 0, "dvar2": 0, "max": 1, "mean": 1, "median": 1, "min": 1, "var": 0}, "silence_rate_30dB": {"dmean": 0.00481265038252, "dmean2": 0.00962861068547, "dvar": 0.00478925509378, "dvar2": 0.0102242706344, "max": 1, "mean": 0.97594499588, "median": 1, "min": 0, "var": 0.0234772916883}, "silence_rate_60dB": {"dmean": 0.0254382956773, "dmean2": 0.0508940853179, "dvar": 0.024791572243, "dvar2": 0.0558709464967, "max": 1, "mean": 0.620962202549, "median": 1, "min": 0, "var": 0.235373601317}, "spectral_centroid": {"dmean": 53.827255249, "dmean2": 78.5994338989, "dvar": 55327.40625, "dvar2": 95210.859375, "max": 11064.4140625, "mean": 634.999938965, "median": 483.563995361, "min": 251.666046143, "var": 265694.6875}, "spectral_complexity": {"dmean": 0.803025066853, "dmean2": 1.35900962353, "dvar": 1.86323523521, "dvar2": 4.30912017822, "max": 35, "mean": 6.13024044037, "median": 4, "min": 0, "var": 41.2762374878}, "spectral_decrease": {"dmean": 4.80395057068e-10, "dmean2": 6.55251186643e-10, "dvar": 3.07441692426e-18, "dvar2": 4.48811077733e-18, "max": 1.27754389471e-17, "mean": -2.97014257633e-09, "median": -3.74063363617e-10, "min": -8.36234121948e-08, "var": 6.27534616013e-17}, "spectral_energy": {"dmean": 0.00192304642405, "dmean2": 0.00262226746418, "dvar": 4.81243987451e-05, "dvar2": 7.05052370904e-05, "max": 0.326664090157, "mean": 0.0117447925732, "median": 0.00147898390424, "min": 1.04452829617e-20, "var": 0.000964815437328}, "spectral_energyband_high": {"dmean": 8.16192005004e-06, "dmean2": 1.39224384839e-05, "dvar": 2.00548591067e-08, "dvar2": 5.61939472732e-08, "max": 0.00491447327659, "mean": 8.89512102731e-06, "median": 1.06153343893e-08, "min": 7.32048218202e-21, "var": 1.57454067562e-08}, "spectral_energyband_low": {"dmean": 0.000368720677216, "dmean2": 0.000589519448113, "dvar": 2.683821549e-06, "dvar2": 5.52413348487e-06, "max": 0.0670213699341, "mean": 0.00118878448848, "median": 4.1673611122e-05, "min": 6.4813032854e-23, "var": 2.15740928979e-05}, "spectral_energyband_middle_high": {"dmean": 0.000622308987658, "dmean2": 0.000797661894467, "dvar": 5.79119932809e-06, "dvar2": 8.90494811756e-06, "max": 0.0925887078047, "mean": 0.00179894652683, "median": 8.36532271933e-05, "min": 1.50987987357e-21, "var": 2.98872055282e-05}, "spectral_energyband_middle_low": {"dmean": 0.0014580040006, "dmean2": 0.00201235851273, "dvar": 3.04366840282e-05, "dvar2": 4.5400680392e-05, "max": 0.291081696749, "mean": 0.00932952016592, "median": 0.0011925320141, "min": 2.94521307317e-22, "var": 0.000667053158395}, "spectral_entropy": {"dmean": 0.108536399901, "dmean2": 0.165989026427, "dvar": 0.0201910305768, "dvar2": 0.0448171533644, "max": 9.78970050812, "mean": 5.71849584579, "median": 5.64527463913, "min": 4.55381345749, "var": 0.327370285988}, "spectral_flux": {"dmean": 0.00680004945025, "dmean2": 0.0108171738684, "dvar": 0.000283304689219, "dvar2": 0.000695618917234, "max": 0.45031914115, "mean": 0.019627681002, "median": 0.00962010398507, "min": 1.02202170338e-10, "var": 0.000752170046326}, "spectral_kurtosis": {"dmean": 21.9610614777, "dmean2": 38.4198455811, "dvar": 555.90020752, "dvar2": 1599.14013672, "max": 377.999084473, "mean": 91.3907089233, "median": 83.3399276733, "min": -1.24223041534, "var": 3694.51123047}, "spectral_rms": {"dmean": 0.000209966034163, "dmean2": 0.000289374176646, "dvar": 2.27198768243e-07, "dvar2": 3.60509829989e-07, "max": 0.0178520772606, "mean": 0.00215389276855, "median": 0.00120121240616, "min": 3.19225939086e-12, "var": 6.81906703903e-06}, "spectral_rolloff": {"dmean": 83.0012054443, "dmean2": 143.674728394, "dvar": 208492.109375, "dvar2": 319241.5, "max": 19466.015625, "mean": 874.605957031, "median": 602.9296875, "min": 21.533203125, "var": 2477696}, "spectral_skewness": {"dmean": 1.17391955853, "dmean2": 2.06289315224, "dvar": 1.27178227901, "dvar2": 3.68661785126, "max": 16.2708377838, "mean": 6.7357878685, "median": 6.92399597168, "min": 0.0116444593295, "var": 8.40265083313}, "spectral_spread": {"dmean": 257647.25, "dmean2": 434273.28125, "dvar": 993988378624, "dvar2": 1260284674050.0, "max": 46661872, "mean": 1256410.375, "median": 1036238.5, "min": 231452.578125, "var": 2468761042940.0}, "spectral_strongpeak": {"dmean": 0.222112193704, "dmean2": 0.331577688456, "dvar": 0.320106327534, "dvar2": 0.635448038578, "max": 11.4989347458, "mean": 0.868115305901, "median": 0.415533155203, "min": 0, "var": 1.60480415821}, "zerocrossingrate": {"dmean": 0.00260220840573, "dmean2": 0.00317231705412, "dvar": 9.07693902263e-05, "dvar2": 8.34344755276e-05, "max": 0.52099609375, "mean": 0.0317184813321, "median": 0.02392578125, "min": 0, "var": 0.00176120281685}, "barkbands": {"dmean": [3.76119510292e-06, 0.000112083595013, 0.00020567298634, 0.000165377015946, 0.000415403395891, 0.000509724253789, 0.000291373871733, 0.000334786163876, 0.000292346987408, 0.000288377603283, 0.000244838476647, 0.000138004688779, 4.94463347422e-05, 0.000106848085125, 2.87991169898e-05, 3.66356071027e-05, 3.82914113288e-05, 3.96760651711e-06, 7.10208541932e-06, 8.68114511832e-06, 8.65393019467e-07, 1.60300203333e-07, 9.97013884785e-08, 3.50010544992e-08, 3.1204241413e-09, 6.5699706786e-10, 5.29806476468e-10], "dmean2": [6.68327629683e-06, 0.000159191375133, 0.000327499874402, 0.000298258266412, 0.000570518721361, 0.000783813069575, 0.00042778236093, 0.000449392828159, 0.000427050516009, 0.000350587215507, 0.000286900060019, 0.000201907008886, 7.44286371628e-05, 0.000160396579304, 4.5135813707e-05, 5.34717000846e-05, 5.49022661289e-05, 6.63971013637e-06, 1.17755416795e-05, 1.47080572788e-05, 1.55674445068e-06, 2.53304477837e-07, 1.51526066361e-07, 6.29129459639e-08, 4.53999726702e-09, 1.16241916093e-09, 9.37481203778e-10], "dvar": [7.02786925877e-11, 1.75976765604e-07, 1.14322438094e-06, 4.82733867102e-07, 3.15967781717e-06, 5.10329573444e-06, 1.88033993709e-06, 1.49760319346e-06, 2.60700585386e-06, 2.72703778137e-06, 2.1818782443e-06, 5.13938346103e-07, 1.14248599914e-07, 3.04950589225e-07, 3.43344126463e-08, 6.68651409796e-08, 6.86909018555e-08, 8.86947515433e-10, 3.66943653241e-09, 1.75934911084e-08, 3.19259535475e-10, 1.48695649977e-12, 5.64028966761e-13, 3.1664647575e-13, 7.824209564e-16, 2.27147253822e-17, 1.88224555476e-18], "dvar2": [2.17874954189e-10, 3.41452022212e-07, 2.06544882531e-06, 1.48625281327e-06, 5.21835636391e-06, 8.59364899952e-06, 3.10451105179e-06, 2.69717907031e-06, 5.29447970621e-06, 4.42717009719e-06, 2.42936494033e-06, 1.27039072595e-06, 2.5590506425e-07, 5.82272832617e-07, 8.87405988692e-08, 1.14298067899e-07, 1.35208765073e-07, 2.2759483187e-09, 9.61804058619e-09, 4.91107279288e-08, 9.3796304057e-10, 3.58023398254e-12, 1.1657462105e-12, 9.24603492727e-13, 1.73345006782e-15, 6.53969323157e-17, 5.3134558761e-18], "max": [0.000112362409709, 0.0273868534714, 0.0461965426803, 0.0172566212714, 0.103717118502, 0.107896380126, 0.0737159103155, 0.0478540360928, 0.0543846748769, 0.0575369335711, 0.0642704516649, 0.0155893703923, 0.0147007117048, 0.0183064751327, 0.00475187692791, 0.00779810035601, 0.00962959881872, 0.0010109123541, 0.00220562890172, 0.00447468925267, 0.000686537183356, 3.39154321409e-05, 2.68863459496e-05, 1.9190580133e-05, 9.85525502983e-07, 1.72938442233e-07, 2.47426648059e-08], "mean": [4.15786644226e-06, 0.000484007730847, 0.000510360056069, 0.000293691409752, 0.00230242405087, 0.00277208862826, 0.00141758308746, 0.00100276130252, 0.000740105169825, 0.000931345450226, 0.000504677358549, 0.000266533839749, 9.54449351411e-05, 0.000194313339307, 7.25813297322e-05, 6.24842214165e-05, 6.2601378886e-05, 6.56083102513e-06, 9.55324594543e-06, 1.00570568975e-05, 9.65466938396e-07, 2.89712687618e-07, 1.42491387578e-07, 3.27301776792e-08, 5.42747935484e-09, 1.48599310634e-09, 1.58485025104e-09], "median": [8.8333513304e-07, 1.2647836229e-05, 1.32367922561e-05, 8.54315203469e-06, 0.000157953763846, 0.000124456360936, 5.54704383831e-05, 8.7642489234e-05, 3.71908463421e-05, 1.5094430637e-05, 1.7726491933e-05, 1.10798882815e-05, 3.61723346032e-06, 2.65243625108e-06, 1.17397166832e-06, 2.51712492627e-07, 4.59250884433e-07, 5.90406443735e-08, 2.35960815331e-08, 5.01234564965e-09, 2.07268957553e-09, 8.00496724462e-10, 6.79512335289e-10, 9.68542801516e-10, 1.023607199e-09, 9.85223014283e-10, 1.45237710747e-09], "min": [4.03599407564e-25, 5.12668474959e-24, 2.92905158514e-23, 1.65489954379e-23, 4.95223620678e-23, 1.87708742423e-23, 1.69530547267e-23, 2.60853803044e-23, 6.59034973714e-23, 3.39123793199e-23, 9.80057185928e-23, 6.07789559569e-23, 1.06384292309e-22, 8.33369510344e-23, 6.69945172469e-23, 1.22174700167e-22, 1.60199777418e-22, 2.08653002612e-22, 3.08705657481e-22, 2.82367270552e-22, 4.56870673903e-22, 4.19413059012e-22, 6.03988663645e-22, 6.45478102446e-22, 9.25654586357e-22, 1.56745889415e-21, 2.45473298671e-21], "var": [8.88723539205e-11, 4.73189402328e-06, 4.63933793071e-06, 1.15296484182e-06, 6.87673236826e-05, 9.06971399672e-05, 3.21405022987e-05, 9.38925950322e-06, 9.11703773454e-06, 1.73672578967e-05, 7.56872532293e-06, 8.4040340198e-07, 1.8142485203e-07, 9.44714088291e-07, 8.34916562553e-08, 1.41054030678e-07, 1.19529772746e-07, 1.44978051786e-09, 5.79497783093e-09, 1.42265763614e-08, 1.79974396497e-10, 2.81068636247e-12, 9.44113493981e-13, 1.85470440547e-13, 1.48116490437e-15, 1.63210890858e-17, 1.6066186349e-18]}, "erbbands": {"dmean": [0.00245883059688, 0.0284194033593, 0.152431800961, 0.548784077168, 0.524297058582, 1.49324226379, 3.76420116425, 3.58627891541, 5.28173732758, 4.20047092438, 8.87500190735, 5.4602689743, 10.4906072617, 4.47976636887, 10.3660879135, 6.0763630867, 2.91891908646, 5.02666568756, 2.223777771, 1.80896234512, 1.95020925999, 1.70924806595, 0.287672162056, 0.511912822723, 0.131504327059, 0.259567767382, 0.266586244106, 0.0180719736964, 0.00798443891108, 0.00479974690825, 0.00158403662499, 0.000688541738782, 0.000634209951386, 7.72078128648e-05, 1.51716358232e-05, 4.72879901281e-06, 1.4341202359e-06, 4.12941801642e-07, 9.73638634605e-07, 2.20837341658e-06], "dmean2": [0.00305361207575, 0.0425478108227, 0.25239777565, 0.93732637167, 0.81567633152, 2.1130168438, 6.02195119858, 5.3647441864, 7.18020677567, 5.63064622879, 12.4519176483, 7.75945520401, 12.4290037155, 6.78457212448, 11.0816049576, 8.74808979034, 4.31568670273, 7.82709932327, 3.27578520775, 2.76525211334, 2.75508975983, 2.60209870338, 0.480266749859, 0.836051404476, 0.217336475849, 0.434780627489, 0.46751922369, 0.0300123114139, 0.0126973511651, 0.00711934780702, 0.00259146629833, 0.00115526898298, 0.00119363819249, 0.000123360849102, 2.41237739829e-05, 7.79428137321e-06, 2.32331194638e-06, 6.77587706832e-07, 1.33650064527e-06, 3.01442764794e-06], "dvar": [0.000101573554275, 0.0110288551077, 0.527412354946, 6.18817472458, 5.47955846786, 51.2583808899, 205.563064575, 369.230926514, 904.314697266, 358.650909424, 1437.43359375, 865.773864746, 4002.9375, 407.82421875, 5518.56347656, 994.756774902, 299.462738037, 541.496887207, 226.154174805, 82.3546295166, 141.700881958, 103.426170349, 3.34323740005, 20.297460556, 0.781108260155, 12.9664649963, 26.7950439453, 0.0402441285551, 0.00380837521516, 0.00123442802578, 0.000172951738932, 4.63205142296e-05, 0.000199968795641, 1.0197982192e-06, 1.68782925414e-08, 1.60450042141e-09, 3.79237648229e-11, 1.28956296596e-12, 1.15684727423e-11, 6.17251111334e-11], "dvar2": [0.000159003961016, 0.022893242538, 1.01737582684, 15.5735206604, 10.9590826035, 83.1065826416, 521.613098145, 551.727294922, 1166.25854492, 666.183776855, 2849.79345703, 1662.19262695, 6482.74414062, 828.289916992, 5764.17529297, 2469.22705078, 687.640319824, 1329.09729004, 357.543640137, 188.66633606, 271.103515625, 223.872268677, 8.13258838654, 52.1200714111, 2.3637034893, 36.3535423279, 75.3557815552, 0.114594861865, 0.00910463742912, 0.00252138101496, 0.00043620186625, 0.00012339791283, 0.000589769508224, 2.85344776785e-06, 4.26734381165e-08, 4.41155911801e-09, 9.74382310948e-11, 3.14759611604e-12, 1.72342244642e-11, 9.0988924728e-11], "max": [0.730135500431, 6.58231973648, 29.6945209503, 88.1633377075, 142.768356323, 437.988342285, 496.844696045, 977.170227051, 1702.23632812, 839.235229492, 953.421447754, 1125.29406738, 2289.85766602, 695.77947998, 3317.62524414, 672.118652344, 640.528564453, 596.718322754, 603.799987793, 193.223907471, 308.308258057, 300.090576172, 64.1503295898, 165.228713989, 27.8574771881, 126.312332153, 182.099624634, 7.098487854, 1.94669032097, 1.34792256355, 0.421815961599, 0.169949114323, 0.499326944351, 0.0345408953726, 0.00350970774889, 0.00140504084993, 0.000202527939109, 2.95721856673e-05, 0.000153383720317, 0.000363528874004], "mean": [0.0128969550133, 0.118678830564, 0.383895725012, 1.11374545097, 2.24571943283, 8.61515712738, 14.2752218246, 20.7819137573, 32.9691696167, 15.8220014572, 23.2594528198, 16.0589962006, 35.6010971069, 11.7855606079, 19.983253479, 11.7574110031, 6.10069990158, 9.294049263, 5.07991552353, 3.94701719284, 3.6373398304, 2.91408824921, 0.55978000164, 0.711836457253, 0.204881191254, 0.310351252556, 0.277372539043, 0.0257953237742, 0.0139790959656, 0.00692167039961, 0.00267387134954, 0.000902979401872, 0.000495326588862, 0.000109371452709, 3.04243458231e-05, 1.39305439006e-05, 6.1985119828e-06, 1.57165356995e-06, 5.89650653637e-06, 1.32950463012e-05], "median": [0.000305509980535, 0.00342850573361, 0.0144811188802, 0.0295400843024, 0.0919287875295, 0.605941653252, 1.09469771385, 0.855430245399, 1.07319962978, 1.21495640278, 2.38908433914, 1.06869447231, 0.548799574375, 0.645564675331, 0.475950419903, 0.495761156082, 0.257021427155, 0.192056298256, 0.0777412354946, 0.0658060982823, 0.0281726978719, 0.0259705670178, 0.00615774746984, 0.00278807384893, 0.00115349655971, 0.000295679783449, 0.000120865319332, 6.27980625723e-05, 3.42050334439e-05, 2.56390849245e-05, 2.11020051211e-05, 2.01464063139e-05, 1.81488176167e-05, 1.34296406031e-05, 8.03740658739e-06, 4.92778417538e-06, 2.24607583732e-06, 7.32236117074e-07, 9.24256198687e-07, 1.69737722899e-06], "min": [1.68088790367e-22, 2.01452830578e-21, 2.67335855936e-20, 7.18646115133e-20, 1.03677402723e-19, 1.27811114415e-19, 2.14105697844e-19, 1.49154416321e-19, 1.83707792609e-19, 4.38987749612e-19, 8.3284845411e-19, 1.47236081083e-18, 1.19586979742e-18, 3.04261327727e-18, 2.49666166528e-18, 2.72236306529e-18, 4.81919933008e-18, 4.92797688935e-18, 4.7330261354e-18, 5.65916029668e-18, 6.18760752615e-18, 9.25676316812e-18, 1.07824241889e-17, 1.07443474109e-17, 1.81128731347e-17, 1.70170308767e-17, 1.44947834811e-17, 1.92319310439e-17, 1.68278430901e-17, 1.48527905589e-17, 1.77780618556e-17, 1.36647772196e-17, 1.1571644656e-17, 8.06746025419e-18, 8.13452888543e-18, 6.98062185709e-18, 2.76068241397e-18, 1.26693319404e-18, 3.09815173457e-19, 3.65397794437e-20], "var": [0.00357582513243, 0.267868191004, 2.33732223511, 18.3284301758, 64.8231277466, 1123.39440918, 1778.0838623, 6492.19042969, 19387.2832031, 2727.65087891, 4973.19580078, 4158.36621094, 25963.7636719, 1647.54272461, 18696.3730469, 1551.36901855, 533.256896973, 1448.99658203, 760.299743652, 212.503051758, 293.247802734, 181.514556885, 7.63273715973, 31.6359634399, 0.921003162861, 10.1336297989, 20.8110923767, 0.032035831362, 0.00638072146103, 0.0022159833461, 0.000271482800599, 4.61959461973e-05, 0.000107917985588, 8.88202578153e-07, 2.2021993118e-08, 1.93957472305e-09, 1.5583338786e-10, 6.03864918139e-12, 2.18180515321e-10, 1.20741716625e-09]}, "gfcc": {"mean": [-305.926086426, 211.413787842, -108.956420898, -45.6641845703, -35.248298645, -16.3748321533, -30.0302333832, -9.38928890228, -9.94170951843, -5.66795110703, -3.22269415855, -3.87719917297, -0.637794613838], "cov": [[20544.7109375, 3536.61572266, -5078.82519531, 1096.82824707, 934.301818848, -1704.69006348, 1077.44580078, -773.308166504, 381.973022461, -417.955047607, 125.003982544, -559.432739258, 493.986541748], [3536.61572266, 1989.87243652, 209.045791626, -274.356567383, 197.771530151, -293.469055176, -141.928100586, -298.633392334, 17.9409408569, -128.52532959, 44.8061256409, -162.325012207, 151.998901367], [-5078.82519531, 209.045791626, 2864.00048828, -303.27432251, -364.598052979, 553.41796875, -616.538330078, -134.09135437, -140.164321899, 50.9659614563, -19.3060092926, 101.967910767, -22.7870597839], [1096.82824707, -274.356567383, -303.27432251, 765.793579102, 271.524200439, -29.1038646698, 27.5244560242, -143.671051025, -26.0053367615, -57.9301528931, -27.0328102112, 81.5305023193, 84.6939315796], [934.301818848, 197.771530151, -364.598052979, 271.524200439, 475.833282471, -41.818572998, -59.1794815063, -44.1699905396, -18.8909130096, -96.3841705322, -3.59559512138, 69.2356948853, 69.6541442871], [-1704.69006348, -293.469055176, 553.41796875, -29.1038646698, -41.818572998, 397.205535889, -33.4606399536, 54.1079368591, -20.1531562805, 39.9568214417, 8.83591747284, 67.9466171265, -78.3022537231], [1077.44580078, -141.928100586, -616.538330078, 27.5244560242, -59.1794815063, -33.4606399536, 395.24697876, 117.705253601, 75.99243927, 71.0288009644, 30.8007164001, -67.6021728516, -53.7441940308], [-773.308166504, -298.633392334, -134.09135437, -143.671051025, -44.1699905396, 54.1079368591, 117.705253601, 269.491027832, 57.9972381592, 26.1955013275, 25.2086868286, 26.0763130188, -82.3286056519], [381.973022461, 17.9409408569, -140.164321899, -26.0053367615, -18.8909130096, -20.1531562805, 75.99243927, 57.9972381592, 99.8197174072, 35.9280929565, 6.29931211472, -19.4606571198, -8.81768417358], [-417.955047607, -128.52532959, 50.9659614563, -57.9301528931, -96.3841705322, 39.9568214417, 71.0288009644, 26.1955013275, 35.9280929565, 135.094665527, 35.5214805603, -27.5208911896, -39.1270561218], [125.003982544, 44.8061256409, -19.3060092926, -27.0328102112, -3.59559512138, 8.83591747284, 30.8007164001, 25.2086868286, 6.29931211472, 35.5214805603, 87.1007080078, 11.2220172882, -32.6113586426], [-559.432739258, -162.325012207, 101.967910767, 81.5305023193, 69.2356948853, 67.9466171265, -67.6021728516, 26.0763130188, -19.4606571198, -27.5208911896, 11.2220172882, 133.828308105, 35.6869735718], [493.986541748, 151.998901367, -22.7870597839, 84.6939315796, 69.6541442871, -78.3022537231, -53.7441940308, -82.3286056519, -8.81768417358, -39.1270561218, -32.6113586426, 35.6869735718, 136.484954834]], "icov": [[0.00149136770051, -0.00271176197566, 0.00248164776713, -0.00234071025625, 0.0019624105189, -0.000281082786387, -0.00107356347144, 0.0023863746319, -0.00345370103605, 0.00330431014299, -0.00272260932252, 0.00124861334916, -0.000909848196898], [-0.00271176197566, 0.00699412031099, -0.00546456035227, 0.00584581540897, -0.00553599512205, 0.00179040909279, 0.000503337767441, -0.0017482599942, 0.00391123071313, -0.00301296496764, 0.00187896552961, 6.58336921333e-06, 0.000318034668453], [0.00248164776713, -0.00546456035227, 0.00573076400906, -0.00466867676005, 0.00514310831204, -0.00262274686247, 0.000778407906182, 0.00265955366194, -0.00433323020115, 0.00376580865122, -0.00359453703277, 0.00168455252424, -0.00176073983312], [-0.00234071025625, 0.00584581540897, -0.00466867676005, 0.00716719636694, -0.00566978100687, 0.00168071466032, -0.000682979181875, 0.000157936025062, 0.00339480815455, -0.00292549747974, 0.00303826155141, -0.00247445655987, 0.00117227807641], [0.0019624105189, -0.00553599512205, 0.00514310831204, -0.00566978100687, 0.00846526399255, -0.0028757089749, 0.00193815492094, 0.000138806222822, -0.00241253315471, 0.00307836499996, -0.00230154185556, -7.1452013799e-05, -0.00148809002712], [-0.000281082786387, 0.00179040909279, -0.00262274686247, 0.00168071466032, -0.0028757089749, 0.00680647231638, -0.00319622759707, 0.00184293324128, -0.000706445658579, 0.000192891224287, 0.00102796789724, -0.00314536713995, 0.00384587887675], [-0.00107356347144, 0.000503337767441, 0.000778407906182, -0.000682979181875, 0.00193815492094, -0.00319622759707, 0.00925213377923, -0.00630287313834, 0.00360858812928, -0.00603124732152, 0.00195261032786, 0.00174519093707, -0.000588332710322], [0.0023863746319, -0.0017482599942, 0.00265955366194, 0.000157936025062, 0.000138806222822, 0.00184293324128, -0.00630287313834, 0.015529256314, -0.0120947966352, 0.00999164581299, -0.00646900432184, -0.00128674542066, 0.00240153283812], [-0.00345370103605, 0.00391123071313, -0.00433323020115, 0.00339480815455, -0.00241253315471, -0.000706445658579, 0.00360858812928, -0.0120947966352, 0.0251173879951, -0.0146543774754, 0.0101463226601, -0.00313360104337, 0.000930842303205], [0.00330431014299, -0.00301296496764, 0.00376580865122, -0.00292549747974, 0.00307836499996, 0.000192891224287, -0.00603124732152, 0.00999164581299, -0.0146543774754, 0.0237040631473, -0.0148055255413, 0.00732494099066, -0.00357239274308], [-0.00272260932252, 0.00187896552961, -0.00359453703277, 0.00303826155141, -0.00230154185556, 0.00102796789724, 0.00195261032786, -0.00646900432184, 0.0101463226601, -0.0148055255413, 0.0259194523096, -0.0115854265168, 0.00954061001539], [0.00124861334916, 6.58336921333e-06, 0.00168455252424, -0.00247445655987, -7.1452013799e-05, -0.00314536713995, 0.00174519093707, -0.00128674542066, -0.00313360104337, 0.00732494099066, -0.0115854265168, 0.0205982290208, -0.0108233802021], [-0.000909848196898, 0.000318034668453, -0.00176073983312, 0.00117227807641, -0.00148809002712, 0.00384587887675, -0.000588332710322, 0.00240153283812, 0.000930842303205, -0.00357239274308, 0.00954061001539, -0.0108233802021, 0.01757270284]]}, "melbands": {"dmean": [2.76931787084e-05, 6.25764369033e-05, 8.14908125903e-05, 5.84963745496e-05, 0.000122198471217, 9.16733479244e-05, 7.49478131183e-05, 4.85252348881e-05, 8.15882231109e-05, 3.1287992897e-05, 5.20125504408e-05, 1.62803644344e-05, 2.93128396152e-05, 1.9630722818e-05, 1.49146208059e-05, 4.03668991567e-06, 1.12428188004e-05, 4.20678043156e-06, 2.74930516753e-06, 3.14330713991e-06, 2.31024387176e-06, 2.31765102399e-06, 4.61467692503e-07, 1.70773333252e-07, 5.10398990627e-07, 5.48955156887e-08, 1.24419386793e-07, 2.14012047195e-07, 2.83550093627e-07, 1.31117019464e-08, 5.7527849151e-09, 4.72423167253e-09, 2.24851204322e-09, 3.17674153649e-09, 8.36581082186e-10, 6.66778521285e-10, 2.77418588102e-10, 5.59329416117e-10, 1.48060896876e-10, 3.70895918145e-11], "dmean2": [3.64223851648e-05, 0.000100735058368, 0.000137668233947, 9.22601684579e-05, 0.000183921307325, 0.000134853253257, 0.000100670171378, 6.3731429691e-05, 0.000116092109238, 4.4693962991e-05, 6.17224577582e-05, 2.52633253695e-05, 3.23080093949e-05, 2.432733163e-05, 2.21549016715e-05, 6.17568730377e-06, 1.74179458554e-05, 6.09376093053e-06, 4.24658037446e-06, 4.62227353637e-06, 3.21670449921e-06, 3.44459112966e-06, 7.51611764827e-07, 2.7569049621e-07, 8.34263516936e-07, 9.28370980091e-08, 1.99903595899e-07, 3.59233865765e-07, 4.95933534239e-07, 2.25940848253e-08, 8.85263951034e-09, 7.42135908283e-09, 3.57037999166e-09, 4.72836347853e-09, 1.39927358589e-09, 1.08793296594e-09, 4.53793558286e-10, 1.05706687847e-09, 2.62269816975e-10, 5.37235117504e-11], "dvar": [1.15005978074e-08, 8.549305619e-08, 1.35213610974e-07, 7.64289254107e-08, 2.20605755885e-07, 2.27008200682e-07, 1.76474799218e-07, 4.98856813635e-08, 1.46050879835e-07, 3.05565706071e-08, 9.87954251741e-08, 6.08102235233e-09, 3.8174487571e-08, 1.20624763511e-08, 7.30340143917e-09, 1.76245407157e-09, 2.75841416375e-09, 1.06804742828e-09, 3.118687808e-10, 4.89786988744e-10, 2.34097158325e-10, 2.14463891091e-10, 7.92975494296e-12, 1.33683678277e-12, 2.06947150388e-11, 1.53028428145e-13, 8.48762087089e-13, 1.0529584149e-11, 2.99673307003e-11, 2.24470456464e-14, 1.63229781678e-15, 1.63419326475e-15, 2.2156178291e-16, 6.40464798946e-16, 5.54814852258e-17, 3.75836261107e-17, 7.53611417027e-18, 1.67621957205e-16, 6.659591407e-18, 1.08990661678e-19], "dvar2": [1.92346849559e-08, 1.63999132496e-07, 3.27515692788e-07, 1.54491942794e-07, 4.791990591e-07, 3.20210261862e-07, 2.21449383275e-07, 8.95623841757e-08, 2.92406667768e-07, 5.67574680588e-08, 1.59922151965e-07, 1.23681163089e-08, 4.07085103404e-08, 1.73461334185e-08, 1.75286469783e-08, 3.98429511606e-09, 6.68126087788e-09, 1.48307188752e-09, 8.07026501182e-10, 8.38865255037e-10, 4.71036321059e-10, 4.40880026931e-10, 2.1421290089e-11, 3.38994457505e-12, 5.29693441886e-11, 4.59671309263e-13, 2.23009783383e-12, 2.93993544787e-11, 8.39025099397e-11, 6.6908325126e-14, 4.15440014475e-15, 3.73485202048e-15, 5.62772554744e-16, 1.28154337914e-15, 1.43344338576e-16, 9.59369236046e-17, 1.93039205726e-17, 4.9463558334e-16, 1.95050776627e-17, 2.01470707858e-19], "max": [0.00758375506848, 0.0120912799612, 0.0130637977272, 0.0143025806174, 0.020530724898, 0.0247158464044, 0.0238651428372, 0.0107044717297, 0.0105983857065, 0.00770610477775, 0.0112204514444, 0.0026795794256, 0.00868596695364, 0.00432260427624, 0.00223794160411, 0.00200037332252, 0.00138819939457, 0.00137241662014, 0.000500478839967, 0.000649708381388, 0.000531719939318, 0.000490731035825, 7.63842472224e-05, 4.24396348535e-05, 0.000164503158885, 1.14119584396e-05, 2.12895247387e-05, 0.000111348563223, 0.000189606100321, 5.37655023436e-06, 1.41627617722e-06, 1.44177238326e-06, 2.93301269494e-07, 9.50881542394e-07, 2.35115322766e-07, 1.57259705702e-07, 6.60500489857e-08, 4.55492056517e-07, 9.25700192056e-08, 1.36531133066e-08], "mean": [0.000134035319206, 0.000197871937416, 0.000216326632653, 0.000331210205331, 0.000534747261554, 0.000546553812455, 0.000461718969746, 0.000173373482539, 0.00020230707014, 9.45788051467e-05, 0.000174161847099, 3.93811787944e-05, 5.87704162172e-05, 3.64655934391e-05, 2.93458833767e-05, 6.87347483108e-06, 2.01710099645e-05, 8.63994500833e-06, 6.44298506813e-06, 5.38021549801e-06, 4.02167506763e-06, 3.73502780349e-06, 8.14724728571e-07, 3.13784767059e-07, 6.75178284837e-07, 8.37644122953e-08, 1.79257568789e-07, 2.33421161511e-07, 2.88194513587e-07, 1.68436606884e-08, 8.96582275089e-09, 8.2559150627e-09, 3.84081477733e-09, 4.07787137391e-09, 1.46943135437e-09, 8.67175387054e-10, 3.73114900087e-10, 4.0014103142e-10, 1.47178172427e-10, 6.08749856079e-11], "median": [3.37023675456e-06, 7.87611588748e-06, 6.40073722025e-06, 2.08662477235e-05, 4.24923127866e-05, 2.25806688832e-05, 1.45161884575e-05, 1.34833617267e-05, 1.94608310267e-05, 4.87767965751e-06, 2.10951748159e-06, 2.26746215048e-06, 1.67559369402e-06, 1.22569326777e-06, 1.01647742667e-06, 2.12853962012e-07, 3.19080129429e-07, 1.08707638447e-07, 9.72016920286e-08, 3.71358979123e-08, 2.57434038531e-08, 2.84552452712e-08, 4.67443239671e-09, 3.26588378563e-09, 1.76924264128e-09, 4.83007522867e-10, 4.85091633529e-10, 1.03977271237e-10, 6.58671450715e-11, 4.71506028665e-11, 2.73301832554e-11, 1.64325445612e-11, 1.33100553149e-11, 1.19458089254e-11, 1.09566088841e-11, 1.13478644884e-11, 1.16908375342e-11, 1.17923067144e-11, 1.13869920437e-11, 9.91044486059e-12], "min": [1.45965181547e-24, 1.17384317077e-23, 1.11463466333e-23, 1.27341208982e-23, 9.74811513344e-24, 3.41999206975e-24, 3.16249386801e-24, 4.76370302583e-24, 7.29778694408e-24, 9.56276358629e-24, 5.55045293927e-24, 1.15436540616e-23, 1.0350459344e-23, 5.30264648539e-24, 7.11042143504e-24, 9.97060625201e-24, 9.13971483776e-24, 7.93377055017e-24, 6.01045351032e-24, 9.43689294025e-24, 6.89510737298e-24, 8.4288170558e-24, 9.80461256261e-24, 8.35680588807e-24, 7.61164314383e-24, 1.16033929202e-23, 9.30109211314e-24, 9.90852368763e-24, 7.96562396467e-24, 8.91223575169e-24, 1.15383789487e-23, 9.76590000255e-24, 6.71108190101e-24, 8.53001844361e-24, 1.06386751977e-23, 8.11971610959e-24, 8.71722381389e-24, 7.73296758447e-24, 6.50209568671e-24, 6.82676598618e-24], "var": [3.75767825744e-07, 6.02023931151e-07, 5.93123445469e-07, 1.35607626817e-06, 2.95847257803e-06, 4.3757295316e-06, 3.7754598452e-06, 3.73280158783e-07, 4.56727747178e-07, 1.67171052112e-07, 6.34345724393e-07, 2.19683933267e-08, 1.31405073489e-07, 3.60951730727e-08, 1.16102594205e-08, 2.04216021871e-09, 7.38355909746e-09, 3.33094862803e-09, 7.16548709256e-10, 1.03280661801e-09, 4.11831846403e-10, 3.74047792739e-10, 1.5094566222e-11, 2.78220914189e-12, 3.20311832613e-11, 1.89497668859e-13, 1.06526484682e-12, 8.24400703953e-12, 2.37637548528e-11, 1.38190960479e-14, 1.9843523441e-15, 2.65850819616e-15, 4.43628741564e-16, 1.03676631574e-15, 9.73116911652e-17, 4.10658149528e-17, 9.07554278516e-18, 9.00406875541e-17, 3.82522684599e-18, 2.59635760861e-19]}, "mfcc": {"mean": [-897.460388184, 195.063980103, 15.5478553772, -12.2717819214, -5.38801002502, -6.45780038834, -9.1710357666, -8.22493457794, -4.46532487869, -5.54754304886, -4.88570308685, 2.69157743454, 4.0598692894], "cov": [[11710.8818359, 4912.75439453, -3453.70751953, 80.6605606079, 183.940444946, -54.3507232666, -104.646133423, -244.960998535, 116.163719177, 238.268676758, -208.833724976, -222.090087891, -82.0561523438], [4912.75439453, 3044.14086914, -731.401428223, -221.147659302, 92.5846099854, -11.6140813828, -148.984344482, -228.53994751, -32.8270492554, 113.531227112, -89.8606719971, -257.905303955, -148.92755127], [-3453.70751953, -731.401428223, 2054.02172852, 157.28565979, -49.6555786133, 118.948600769, -54.2487106323, -81.7593765259, -179.106216431, -86.5076446533, 19.736076355, -160.593399048, -121.627471924], [80.6605606079, -221.147659302, 157.28565979, 569.883483887, 226.499420166, 111.382240295, 15.4876918793, -40.5841827393, -53.1064910889, -92.8367462158, -121.517372131, -66.7558135986, -13.7533903122], [183.940444946, 92.5846099854, -49.6555786133, 226.499420166, 415.862121582, 181.467422485, -21.7223453522, -17.7823543549, -19.4357585907, -116.184761047, -156.353805542, -51.8964996338, 18.1664028168], [-54.3507232666, -11.6140813828, 118.948600769, 111.382240295, 181.467422485, 227.211837769, 62.4263076782, -4.56452274323, -19.7409095764, -55.4321517944, -59.0273666382, -28.0786781311, -0.67052423954], [-104.646133423, -148.984344482, -54.2487106323, 15.4876918793, -21.7223453522, 62.4263076782, 139.306274414, 70.564163208, 12.7001142502, 5.84313106537, 40.5763206482, 63.6376495361, 27.6266803741], [-244.960998535, -228.53994751, -81.7593765259, -40.5841827393, -17.7823543549, -4.56452274323, 70.564163208, 153.652633667, 74.1102371216, -17.1067829132, 30.4920425415, 95.9695358276, 68.3677597046], [116.163719177, -32.8270492554, -179.106216431, -53.1064910889, -19.4357585907, -19.7409095764, 12.7001142502, 74.1102371216, 125.776168823, 38.7177391052, 1.133253932, 62.5421981812, 40.1011390686], [238.268676758, 113.531227112, -86.5076446533, -92.8367462158, -116.184761047, -55.4321517944, 5.84313106537, -17.1067829132, 38.7177391052, 141.946594238, 92.998046875, -5.71436548233, -20.4732761383], [-208.833724976, -89.8606719971, 19.736076355, -121.517372131, -156.353805542, -59.0273666382, 40.5763206482, 30.4920425415, 1.133253932, 92.998046875, 186.162399292, 94.5740585327, 6.68751096725], [-222.090087891, -257.905303955, -160.593399048, -66.7558135986, -51.8964996338, -28.0786781311, 63.6376495361, 95.9695358276, 62.5421981812, -5.71436548233, 94.5740585327, 236.03742981, 125.309913635], [-82.0561523438, -148.92755127, -121.627471924, -13.7533903122, 18.1664028168, -0.67052423954, 27.6266803741, 68.3677597046, 40.1011390686, -20.4732761383, 6.68751096725, 125.309913635, 135.012252808]], "icov": [[0.0145857445896, -0.020657395944, 0.0207248609513, -0.0212757177651, 0.0217107608914, -0.0218049474061, 0.0214411299676, -0.0209496207535, 0.0207825377584, -0.0183182619512, 0.0148579180241, -0.0111831687391, 0.00646577868611], [-0.020657395944, 0.0297525972128, -0.0291350912303, 0.0304016638547, -0.0309045929462, 0.0307641606778, -0.0302227251232, 0.0302167907357, -0.0294784903526, 0.0258369017392, -0.0211314875633, 0.0163182616234, -0.00911672785878], [0.0207248609513, -0.0291350912303, 0.0302629955113, -0.0303903538734, 0.0315023884177, -0.03205325827, 0.0315632261336, -0.0300583541393, 0.030121717602, -0.0254184585065, 0.0203911568969, -0.0152211235836, 0.00930553022772], [-0.0212757177651, 0.0304016638547, -0.0303903538734, 0.0337927900255, -0.0332503095269, 0.0326434634626, -0.0330795757473, 0.0319843366742, -0.0303979888558, 0.0271037407219, -0.0210313983262, 0.0167329516262, -0.00947208050638], [0.0217107608914, -0.0309045929462, 0.0315023884177, -0.0332503095269, 0.0394678302109, -0.0384175479412, 0.0369775146246, -0.0341656170785, 0.0333743803203, -0.0276801809669, 0.0254243779927, -0.0182236712426, 0.00987500231713], [-0.0218049474061, 0.0307641606778, -0.03205325827, 0.0326434634626, -0.0384175479412, 0.0452775880694, -0.042761888355, 0.0381139963865, -0.0370854474604, 0.0327357277274, -0.0261891726404, 0.0212032739073, -0.012426963076], [0.0214411299676, -0.0302227251232, 0.0315632261336, -0.0330795757473, 0.0369775146246, -0.042761888355, 0.0528344586492, -0.0457872226834, 0.0432176403701, -0.0381297022104, 0.0293858777732, -0.0259177722037, 0.0159260071814], [-0.0209496207535, 0.0302167907357, -0.0300583541393, 0.0319843366742, -0.0341656170785, 0.0381139963865, -0.0457872226834, 0.0582764856517, -0.0532374568284, 0.0473525188863, -0.0385321713984, 0.0293834675103, -0.0209464970976], [0.0207825377584, -0.0294784903526, 0.030121717602, -0.0303979888558, 0.0333743803203, -0.0370854474604, 0.0432176403701, -0.0532374568284, 0.06495346874, -0.0544062666595, 0.0459574945271, -0.036055278033, 0.0212387759238], [-0.0183182619512, 0.0258369017392, -0.0254184585065, 0.0271037407219, -0.0276801809669, 0.0327357277274, -0.0381297022104, 0.0473525188863, -0.0544062666595, 0.0618064142764, -0.04853259027, 0.0369118414819, -0.0213834494352], [0.0148579180241, -0.0211314875633, 0.0203911568969, -0.0210313983262, 0.0254243779927, -0.0261891726404, 0.0293858777732, -0.0385321713984, 0.0459574945271, -0.04853259027, 0.0504858084023, -0.0362333282828, 0.0220149662346], [-0.0111831687391, 0.0163182616234, -0.0152211235836, 0.0167329516262, -0.0182236712426, 0.0212032739073, -0.0259177722037, 0.0293834675103, -0.036055278033, 0.0369118414819, -0.0362333282828, 0.0374267287552, -0.0244587454945], [0.00646577868611, -0.00911672785878, 0.00930553022772, -0.00947208050638, 0.00987500231713, -0.012426963076, 0.0159260071814, -0.0209464970976, 0.0212387759238, -0.0213834494352, 0.0220149662346, -0.0244587454945, 0.0267155449837]]}, "spectral_contrast_coeffs": {"dmean": [0.0342538170516, 0.0300098992884, 0.0235748998821, 0.0195823516697, 0.0158798322082, 0.0169957056642], "dmean2": [0.0578285120428, 0.0505886524916, 0.0385063774884, 0.0316852405667, 0.0251508913934, 0.0292499084026], "dvar": [0.000894356518984, 0.000738996895961, 0.000478553207358, 0.000386930158129, 0.000319540471537, 0.000490022241138], "dvar2": [0.00231204554439, 0.00187229842413, 0.0011290977709, 0.000878811697476, 0.000710849359166, 0.00140091672074], "max": [-0.318181574345, -0.407090485096, -0.423908293247, -0.501237213612, -0.581133365631, -0.649202764034], "mean": [-0.662296235561, -0.715907752514, -0.75715136528, -0.74810308218, -0.771086931229, -0.85248529911], "median": [-0.658355593681, -0.718665361404, -0.765436053276, -0.762561917305, -0.766843557358, -0.884235262871], "min": [-0.974896371365, -0.963658034801, -0.969189584255, -0.963655173779, -0.959137916565, -0.958152353764], "var": [0.0105004329234, 0.00746276648715, 0.00572963850573, 0.00502065662295, 0.0067868414335, 0.00451215356588]}, "spectral_contrast_valleys": {"dmean": [0.350647509098, 0.272897720337, 0.256873935461, 0.235466480255, 0.203097760677, 0.268139481544], "dmean2": [0.583357572556, 0.447998225689, 0.407692044973, 0.377052932978, 0.327373862267, 0.466029495001], "dvar": [0.196939989924, 0.20045261085, 0.186932742596, 0.19155845046, 0.201836377382, 0.180281385779], "dvar2": [