{"lowlevel": {"average_loudness": 0.97783100605, "barkbands_crest": {"dmean": 2.2110016346, "dmean2": 3.68984389305, "dvar": 4.16350603104, "dvar2": 11.7869338989, "max": 21.7676544189, "mean": 9.56055450439, "median": 9.28091239929, "min": 2.55544400215, "var": 8.12979698181}, "barkbands_flatness_db": {"dmean": 0.0270310938358, "dmean2": 0.0364452153444, "dvar": 0.000742960139178, "dvar2": 0.00134556822013, "max": 0.344911426306, "mean": 0.163547679782, "median": 0.161606401205, "min": 0.0266905967146, "var": 0.00308937160298}, "barkbands_kurtosis": {"dmean": 2.5580072403, "dmean2": 4.03607320786, "dvar": 13.3033008575, "dvar2": 32.1538276672, "max": 49.3480377197, "mean": 3.9526746273, "median": 3.0357837677, "min": -1.79831659794, "var": 21.8449440002}, "barkbands_skewness": {"dmean": 0.465259373188, "dmean2": 0.717886984348, "dvar": 0.217599779367, "dvar2": 0.508100986481, "max": 5.75595378876, "mean": 1.81590473652, "median": 1.80348134041, "min": -2.0851380825, "var": 0.621157407761}, "barkbands_spread": {"dmean": 4.52484703064, "dmean2": 6.81054592133, "dvar": 34.190788269, "dvar2": 69.2232208252, "max": 87.9423522949, "mean": 16.3252868652, "median": 13.2250232697, "min": 3.09764122963, "var": 105.621292114}, "dissonance": {"dmean": 0.017435958609, "dmean2": 0.0290283914655, "dvar": 0.000252359895967, "dvar2": 0.000659306708258, "max": 0.5, "mean": 0.460115432739, "median": 0.465101361275, "min": 0.310759902, "var": 0.000568642804865}, "dynamic_complexity": 1.66038477421, "erbbands_crest": {"dmean": 1.83389914036, "dmean2": 2.95003151894, "dvar": 3.58898186684, "dvar2": 8.45294761658, "max": 26.343372345, "mean": 7.4117641449, "median": 6.50448703766, "min": 2.33827877045, "var": 10.989528656}, "erbbands_flatness_db": {"dmean": 0.0239648837596, "dmean2": 0.028572158888, "dvar": 0.000643495586701, "dvar2": 0.00112268701196, "max": 0.320764809847, "mean": 0.173278525472, "median": 0.173263013363, "min": 0.0405020937324, "var": 0.00265589309856}, "erbbands_kurtosis": {"dmean": 0.483364760876, "dmean2": 0.788269817829, "dvar": 0.368305623531, "dvar2": 0.975511729717, "max": 5.75208091736, "mean": -0.419792622328, "median": -0.583909749985, "min": -1.62257230282, "var": 0.615099787712}, "erbbands_skewness": {"dmean": 0.276199042797, "dmean2": 0.436674922705, "dvar": 0.0770900249481, "dvar2": 0.191263705492, "max": 1.81291759014, "mean": 0.0479947850108, "median": 0.0369024723768, "min": -2.07973909378, "var": 0.212834626436}, "erbbands_spread": {"dmean": 6.74058771133, "dmean2": 10.178940773, "dvar": 63.1439399719, "dvar2": 140.091552734, "max": 123.875099182, "mean": 36.7634506226, "median": 34.3736381531, "min": 8.42504024506, "var": 162.236160278}, "hfc": {"dmean": 7.63706636429, "dmean2": 11.3510484695, "dvar": 213.205856323, "dvar2": 455.636962891, "max": 266.613342285, "mean": 19.9831123352, "median": 14.5404977798, "min": 1.20900215405e-16, "var": 337.778289795}, "melbands_crest": {"dmean": 3.07994961739, "dmean2": 5.05643367767, "dvar": 7.47352266312, "dvar2": 19.1070365906, "max": 29.8036842346, "mean": 14.8856086731, "median": 14.6477804184, "min": 2.05797696114, "var": 16.9519271851}, "melbands_flatness_db": {"dmean": 0.0311379116029, "dmean2": 0.0423085391521, "dvar": 0.000993360532448, "dvar2": 0.00175986252725, "max": 0.451399356127, "mean": 0.249360248446, "median": 0.255377322435, "min": 0.00462476862594, "var": 0.00497404905036}, "melbands_kurtosis": {"dmean": 5.64354705811, "dmean2": 8.94196605682, "dvar": 78.0467529297, "dvar2": 186.593612671, "max": 104.896438599, "mean": 11.6899528503, "median": 9.47527313232, "min": -1.23947513103, "var": 113.015487671}, "melbands_skewness": {"dmean": 0.605467140675, "dmean2": 0.947351038456, "dvar": 0.413794755936, "dvar2": 0.962592899799, "max": 9.07617855072, "mean": 2.86300563812, "median": 2.792740345, "min": -0.21366904676, "var": 1.01199138165}, "melbands_spread": {"dmean": 5.04768705368, "dmean2": 7.71227836609, "dvar": 58.3914299011, "dvar2": 125.689910889, "max": 166.353912354, "mean": 16.1182289124, "median": 12.5796403885, "min": 2.21613645554, "var": 150.221725464}, "pitch_salience": {"dmean": 0.0665469914675, "dmean2": 0.106935612857, "dvar": 0.00409165443853, "dvar2": 0.00969941634685, "max": 0.849425971508, "mean": 0.545953452587, "median": 0.54141408205, "min": 0.277739435434, "var": 0.00958270579576}, "silence_rate_20dB": {"dmean": 0, "dmean2": 0, "dvar": 0, "dvar2": 0, "max": 1, "mean": 1, "median": 1, "min": 1, "var": 0}, "silence_rate_30dB": {"dmean": 0.0206185560673, "dmean2": 0.0412422977388, "dvar": 0.0201942920685, "dvar2": 0.0591580979526, "max": 1, "mean": 0.989189207554, "median": 1, "min": 0, "var": 0.010693738237}, "silence_rate_60dB": {"dmean": 0.00201156642288, "dmean2": 0.00402363901958, "dvar": 0.00200729328208, "dvar2": 0.0047609731555, "max": 1, "mean": 0.0211187936366, "median": 0, "min": 0, "var": 0.02066934295}, "spectral_centroid": {"dmean": 195.051254272, "dmean2": 285.472320557, "dvar": 62680.4453125, "dvar2": 114426.4375, "max": 10855.2431641, "mean": 849.952819824, "median": 695.898498535, "min": 280.310180664, "var": 238960.78125}, "spectral_complexity": {"dmean": 3.18682432175, "dmean2": 4.85351419449, "dvar": 15.0115661621, "dvar2": 28.7702770233, "max": 63, "mean": 20.281709671, "median": 19, "min": 0, "var": 41.3585891724}, "spectral_decrease": {"dmean": 3.68345487445e-09, "dmean2": 6.20500673065e-09, "dvar": 2.77053640981e-17, "dvar2": 7.2409160744e-17, "max": 3.29013292969e-29, "mean": -1.01572439348e-08, "median": -9.18610698619e-09, "min": -4.33109903497e-08, "var": 3.34471704913e-17}, "spectral_energy": {"dmean": 0.0143991857767, "dmean2": 0.0241689495742, "dvar": 0.000421679462306, "dvar2": 0.00110030849464, "max": 0.172474622726, "mean": 0.0401482917368, "median": 0.0362180955708, "min": 1.08418231692e-20, "var": 0.000511156744324}, "spectral_energyband_high": {"dmean": 0.00045592233073, "dmean2": 0.000620752689429, "dvar": 2.03668469112e-06, "dvar2": 3.96920950152e-06, "max": 0.0284234117717, "mean": 0.000580535503104, "median": 0.000108309322968, "min": 7.99952476351e-21, "var": 3.09449524138e-06}, "spectral_energyband_low": {"dmean": 0.00886900350451, "dmean2": 0.0144331082702, "dvar": 0.000209139543585, "dvar2": 0.000507699442096, "max": 0.128450915217, "mean": 0.0176536254585, "median": 0.0141301946715, "min": 9.04342379354e-23, "var": 0.000277757004369}, "spectral_energyband_middle_high": {"dmean": 0.00182442949153, "dmean2": 0.00274197594263, "dvar": 8.01171518106e-06, "dvar2": 1.81802170118e-05, "max": 0.0480227842927, "mean": 0.00549917388707, "median": 0.00422745291144, "min": 1.29554184702e-21, "var": 1.79555245268e-05}, "spectral_energyband_middle_low": {"dmean": 0.00846740603447, "dmean2": 0.0146106434986, "dvar": 0.000155446745339, "dvar2": 0.000447844679002, "max": 0.127548888326, "mean": 0.0212995707989, "median": 0.0193893238902, "min": 2.40439729958e-22, "var": 0.000164013516041}, "spectral_entropy": {"dmean": 0.239220172167, "dmean2": 0.301352053881, "dvar": 0.0590513981879, "dvar2": 0.101875580847, "max": 9.78954219818, "mean": 7.1733584404, "median": 7.12747144699, "min": 5.7104549408, "var": 0.262746930122}, "spectral_flux": {"dmean": 0.0346222631633, "dmean2": 0.0507777631283, "dvar": 0.00175309414044, "dvar2": 0.00323608750477, "max": 0.341313630342, "mean": 0.0888277590275, "median": 0.0721658244729, "min": 1.04124077416e-10, "var": 0.00345465471037}, "spectral_kurtosis": {"dmean": 4.59616041183, "dmean2": 7.23712253571, "dvar": 42.4117431641, "dvar2": 104.520881653, "max": 80.7384567261, "mean": 10.0602626801, "median": 7.47702121735, "min": -1.26268589497, "var": 86.1593780518}, "spectral_rms": {"dmean": 0.00101479270961, "dmean2": 0.00167445815168, "dvar": 1.51120627834e-06, "dvar2": 3.92171932617e-06, "max": 0.0129718128592, "mean": 0.00601904373616, "median": 0.00594430230558, "min": 3.25228971358e-12, "var": 2.94032884085e-06}, "spectral_rolloff": {"dmean": 376.545959473, "dmean2": 608.031188965, "dvar": 535694.8125, "dvar2": 1050723.625, "max": 19013.8183594, "mean": 966.728088379, "median": 732.12890625, "min": 150.732421875, "var": 1095766.125}, "spectral_skewness": {"dmean": 0.404772371054, "dmean2": 0.614071249962, "dvar": 0.192830353975, "dvar2": 0.473910450935, "max": 6.48797559738, "mean": 2.18777108192, "median": 2.09773683548, "min": 0.00383265595883, "var": 0.632628560066}, "spectral_spread": {"dmean": 752327.625, "dmean2": 909291.0625, "dvar": 908178948096, "dvar2": 1553039753220.0, "max": 40894384, "mean": 3669811.25, "median": 3298873.25, "min": 870674.3125, "var": 3032756256770.0}, "spectral_strongpeak": {"dmean": 0.307922840118, "dmean2": 0.54340416193, "dvar": 0.245449945331, "dvar2": 0.644450604916, "max": 7.4073472023, "mean": 0.659823358059, "median": 0.544293403625, "min": 0, "var": 0.312721788883}, "zerocrossingrate": {"dmean": 0.00856247916818, "dmean2": 0.00983573868871, "dvar": 0.000135516209411, "dvar2": 0.000161759220646, "max": 0.50048828125, "mean": 0.040221363306, "median": 0.03173828125, "min": 0.01123046875, "var": 0.000717136019375}, "barkbands": {"dmean": [0.000179019349162, 0.0041913012974, 0.00375440437347, 0.00423384318128, 0.00318799167871, 0.00162519991864, 0.000732321175747, 0.000917285797186, 0.000959253869951, 0.000621422834229, 0.000245436764089, 0.000443205179181, 0.00038539635716, 0.000245022383751, 0.000369284243789, 0.000191630286281, 0.00017885924899, 0.000118084477435, 0.000135480062454, 8.04931405582e-05, 7.3130497185e-05, 9.31629620027e-05, 0.000104429673229, 6.68630091241e-05, 6.02950240136e-05, 2.63710335275e-05, 8.44077021611e-06], "dmean2": [0.000309171009576, 0.00712127704173, 0.00640709185973, 0.00699728215113, 0.00552730029449, 0.00277046114206, 0.00122688058764, 0.00158389378339, 0.00169248948805, 0.00101486896165, 0.000390663160942, 0.000664752791636, 0.000600455212407, 0.000386965373764, 0.000572066986933, 0.00030536626582, 0.000279628438875, 0.000182721647434, 0.000213647261262, 0.000121112607303, 0.000103400539956, 0.000131389620947, 0.000150429797941, 9.33737246669e-05, 8.75171899679e-05, 3.91112698708e-05, 1.32695986395e-05], "dvar": [1.62715522833e-07, 0.000129731284687, 3.01556574414e-05, 3.28114620061e-05, 2.42099631578e-05, 1.14085087262e-05, 2.33454488807e-06, 7.68807967688e-06, 1.00060724435e-05, 2.15716795537e-06, 1.60091801149e-07, 8.03057844223e-07, 9.58127316153e-07, 2.68195151421e-07, 3.67305659665e-07, 1.58119945581e-07, 1.31584144469e-07, 6.85067718109e-08, 1.33384119749e-07, 5.05962844954e-08, 4.85566040709e-08, 1.21918304785e-07, 1.74082202875e-07, 5.44874687591e-08, 4.35693650047e-08, 7.87809817382e-09, 2.71855205014e-09], "dvar2": [4.63993160338e-07, 0.000338150653988, 8.59423525981e-05, 8.92056050361e-05, 7.62566778576e-05, 3.13170494337e-05, 6.09470043855e-06, 2.12868053495e-05, 2.85952737613e-05, 5.39473785466e-06, 4.03295814522e-07, 1.82906273949e-06, 1.9947169676e-06, 6.39281154236e-07, 8.34311094877e-07, 3.68472569789e-07, 2.95046703513e-07, 1.49560861473e-07, 3.42047172808e-07, 1.10870516323e-07, 1.01353563764e-07, 2.4205874638e-07, 3.80245523957e-07, 1.10055736968e-07, 1.00083639154e-07, 1.85951236631e-08, 6.55633458635e-09], "max": [0.00467151310295, 0.10824855417, 0.0809484943748, 0.0607770346105, 0.0634822174907, 0.0512973926961, 0.0212881099433, 0.0387553945184, 0.0405775681138, 0.0359224490821, 0.0112614352256, 0.0318464897573, 0.0201915428042, 0.0176141373813, 0.0126695930958, 0.00820908695459, 0.00816129986197, 0.00753505248576, 0.0145309483632, 0.00445291819051, 0.00488982116804, 0.00983398966491, 0.00967093557119, 0.00440435064957, 0.00488633941859, 0.00212973239832, 0.00202777143568], "mean": [0.000282679102384, 0.00541922589764, 0.00728002609685, 0.00768226850778, 0.00658816564828, 0.00297738472, 0.00108455040026, 0.00122051802464, 0.00134319427889, 0.00109516782686, 0.000571647309698, 0.000898151076399, 0.000722848286387, 0.000514056009706, 0.000764065771364, 0.000318717735354, 0.000335401244229, 0.000208584722714, 0.000214108935324, 0.000113541464088, 9.45003630477e-05, 0.000114440234029, 0.000119812786579, 7.94459047029e-05, 6.71591042192e-05, 2.88697774522e-05, 9.8170239653e-06], "median": [6.07297406532e-05, 0.00144256604835, 0.00627061584964, 0.00577981723472, 0.00508080935106, 0.00195079424884, 0.000548557261936, 0.000310685893055, 0.000534926191904, 0.000562820059713, 0.00044875551248, 0.000585371395573, 0.00036049092887, 0.000344126776326, 0.00053060404025, 0.000151569329319, 0.000182934774784, 6.37055272819e-05, 6.60314835841e-05, 2.84171546809e-05, 1.81937593879e-05, 1.72557211044e-05, 1.39699732244e-05, 9.20691218198e-06, 5.80984124099e-06, 2.29619740821e-06, 1.49543737393e-07], "min": [2.35721467687e-23, 5.4232110952e-23, 2.04164491346e-23, 1.02371694516e-23, 3.32053485341e-23, 4.33311324036e-23, 3.2791269134e-23, 4.98065570975e-23, 5.10623447726e-23, 5.023150069e-23, 3.53398294388e-23, 9.54632451389e-23, 1.53694552714e-22, 8.78683763333e-23, 9.39384401179e-23, 6.41839005049e-23, 1.20155746365e-22, 1.88676608489e-22, 2.4827989664e-22, 3.84210273645e-22, 5.34497363767e-22, 6.15182006666e-22, 6.97978020001e-22, 1.12733701206e-21, 1.10955596104e-21, 1.79823410614e-21, 2.13038024162e-21], "var": [1.93708189045e-07, 0.00013052864233, 4.07943261962e-05, 4.45948462584e-05, 3.38263525919e-05, 1.4764072148e-05, 2.81982784145e-06, 7.67856909079e-06, 8.35903574625e-06, 4.2631040742e-06, 3.31320819669e-07, 1.48234028075e-06, 1.9854905986e-06, 5.00370276768e-07, 7.88957777331e-07, 2.61072756302e-07, 2.51903117032e-07, 1.7115753792e-07, 1.82111989488e-07, 7.04032032672e-08, 7.2455897282e-08, 1.70657060039e-07, 2.11651354221e-07, 7.73137642796e-08, 5.25496588466e-08, 9.46113409839e-09, 3.50203555044e-09]}, "erbbands": {"dmean": [0.12946921587, 0.975044548512, 3.21661520004, 10.7798957825, 12.3917236328, 10.0873718262, 9.35180282593, 14.9699745178, 13.2705497742, 10.3787069321, 23.7271270752, 21.5745697021, 20.5121498108, 13.8745908737, 10.2088022232, 20.8408985138, 18.417137146, 12.268494606, 18.6470108032, 11.4942235947, 10.4319038391, 8.48795127869, 6.55614280701, 7.5047712326, 5.47210502625, 3.74369812012, 3.64509868622, 2.51027917862, 3.24060368538, 3.34347844124, 3.00979185104, 1.71933555603, 1.0376137495, 0.744586646557, 0.374628067017, 0.132603153586, 0.0437379516661, 0.0107739474624, 0.00122806883883, 0.000111367640784], "dmean2": [0.205740779638, 1.68516945839, 5.55808782578, 17.7725696564, 21.5885257721, 17.5960178375, 15.2496709824, 25.8718929291, 22.3901538849, 17.30626297, 42.0961914062, 37.9730529785, 35.3515396118, 21.3736419678, 16.0083656311, 30.8410320282, 28.6622619629, 19.1903362274, 29.3972072601, 17.6853675842, 16.5100574493, 12.9693746567, 10.0489406586, 11.7565250397, 8.43419075012, 5.61837530136, 5.22897005081, 3.64378929138, 4.60241270065, 4.70533370972, 4.33846330643, 2.44893598557, 1.46076178551, 1.09694361687, 0.550609469414, 0.196955427527, 0.0650190338492, 0.0160835850984, 0.00197137589566, 0.000180754082976], "dvar": [0.117414437234, 6.83508634567, 30.767583847, 190.073364258, 318.304412842, 270.364227295, 240.960693359, 1217.76708984, 857.251281738, 450.602966309, 7004.17236328, 4906.35693359, 2959.51269531, 1249.68859863, 250.536697388, 1931.0246582, 2341.73730469, 590.149047852, 1151.71191406, 408.481689453, 379.82043457, 318.224365234, 205.208724976, 593.757629395, 175.047790527, 108.880500793, 113.689743042, 64.5760726929, 144.378204346, 160.225585938, 148.774459839, 39.9812355042, 12.8327484131, 6.81521034241, 1.68322074413, 0.204631596804, 0.0215847659856, 0.00179415510502, 7.2739298048e-05, 4.91269531722e-07], "dvar2": [0.295251280069, 18.2348670959, 86.5776596069, 515.760314941, 945.305908203, 809.371643066, 617.184448242, 3298.75366211, 2268.69482422, 1160.52331543, 19830.5136719, 13884.5722656, 8391.58691406, 2439.90087891, 612.247192383, 4397.22900391, 4950.84033203, 1320.11865234, 2815.37768555, 873.55279541, 868.280517578, 655.66204834, 455.430023193, 1536.23278809, 412.575164795, 239.840515137, 222.992904663, 138.796310425, 294.004089355, 333.361877441, 328.410247803, 83.8064956665, 26.6209869385, 15.7605819702, 3.82076764107, 0.483875840902, 0.0503986738622, 0.0041218874976, 0.000181303214049, 1.2000418792e-06], "max": [3.40011048317, 23.1413669586, 80.5774612427, 131.892288208, 176.300506592, 225.203521729, 230.633102417, 608.267089844, 456.680541992, 300.853607178, 1234.15930176, 924.409057617, 929.16394043, 1393.03417969, 405.251037598, 1585.74243164, 1010.78692627, 926.682373047, 898.612609863, 490.088623047, 384.075378418, 558.469909668, 357.003112793, 1145.04980469, 349.508789062, 258.976470947, 206.226669312, 189.541946411, 349.156158447, 262.328948975, 276.943206787, 135.333999634, 77.7979736328, 54.9083557129, 30.5104732513, 11.5960512161, 3.30477786064, 1.24451327324, 0.301309525967, 0.0245895441622], "mean": [0.195601388812, 1.1284365654, 5.73608541489, 21.6967029572, 23.969379425, 19.6182174683, 20.5805015564, 24.9627132416, 20.2208595276, 17.2491474152, 28.6943855286, 31.6218547821, 33.7049865723, 29.6743450165, 26.7213478088, 41.6472663879, 36.6039161682, 26.8111972809, 40.2913665771, 24.8460350037, 19.4888935089, 17.0459709167, 12.3085956573, 12.344956398, 8.69968128204, 5.52259254456, 4.83941888809, 3.19309544563, 3.9304330349, 3.95126366615, 3.43588232994, 1.9990619421, 1.21267294884, 0.831453382969, 0.415497004986, 0.146136268973, 0.0476873889565, 0.01215111278, 0.00136848806869, 0.000158582901349], "median": [0.0295218173414, 0.378510475159, 4.66079902649, 18.4875621796, 17.3646736145, 14.2558507919, 14.074596405, 13.5603933334, 10.2448921204, 8.29041004181, 8.07402038574, 12.6530561447, 19.4786090851, 16.5441551208, 21.5874633789, 26.1859092712, 19.699388504, 17.5137786865, 28.4256534576, 16.0032405853, 11.2891626358, 9.94358634949, 4.49539756775, 3.49399828911, 2.68095183372, 1.50516653061, 1.05815935135, 0.592737436295, 0.563991248608, 0.529959022999, 0.379595220089, 0.242606818676, 0.130422249436, 0.0764445438981, 0.0335264317691, 0.0128252590075, 0.00344341015443, 0.000649026129395, 3.5780332837e-05, 4.36911468569e-05], "min": [2.6081610559e-21, 8.94877994769e-21, 2.12861892852e-20, 2.38705939401e-20, 9.15589547176e-20, 9.20943344444e-20, 2.27459960147e-19, 3.77744201787e-19, 3.68017824404e-19, 8.65538787015e-19, 1.06472775593e-18, 1.53255308964e-18, 1.42451988952e-18, 1.22260044911e-18, 2.40931449452e-18, 4.84838639799e-18, 6.1555505551e-18, 4.56873483086e-18, 4.05591014804e-18, 5.96403135992e-18, 3.65198958312e-18, 7.17715997063e-18, 1.06464431408e-17, 1.01405419597e-17, 1.46773521684e-17, 1.7348238957e-17, 2.59078046741e-17, 1.66319005466e-17, 1.93273860322e-17, 2.73838654638e-17, 1.69016590336e-17, 2.34572126262e-17, 1.71149144673e-17, 1.24452747686e-17, 8.42603891382e-18, 6.36519493186e-18, 3.5565854664e-18, 1.12781175476e-18, 3.16294918634e-19, 3.29603233639e-20], "var": [0.152604967356, 5.8690943718, 31.529378891, 261.168273926, 431.778778076, 355.102905273, 503.465637207, 1658.09094238, 999.975769043, 774.097961426, 5581.01416016, 4875.83544922, 2844.40625, 3956.33032227, 555.147705078, 3410.66650391, 4783.16113281, 1270.40612793, 2079.58398438, 901.697692871, 651.444580078, 675.50982666, 510.23425293, 743.151489258, 303.573486328, 161.459335327, 176.69430542, 90.3586120605, 196.045181274, 211.269348145, 178.9427948, 53.3493843079, 17.5666046143, 8.0585641861, 2.04796648026, 0.246215477586, 0.0257768947631, 0.00228107930161, 8.24616217869e-05, 6.44692647711e-07]}, "gfcc": {"mean": [1.60189473629, 129.502563477, -116.068893433, 18.9960708618, -41.1656646729, 14.6388759613, -42.2087211609, -4.40887212753, -27.1639862061, -9.1553401947, -18.987247467, -6.2362704277, -12.9234781265], "cov": [[4545.20361328, -1720.07385254, 570.714172363, 409.164123535, -398.241119385, 236.180419922, -93.6643829346, 415.305603027, -98.7730560303, 318.180541992, -236.055786133, 128.305923462, -182.96496582], [-1720.07385254, 2327.2644043, -404.267883301, -427.331481934, 672.362731934, -217.241149902, 164.938781738, -208.796157837, 179.135360718, -281.717498779, 164.947143555, -133.508224487, 209.939224243], [570.714172363, -404.267883301, 498.105987549, 11.1015739441, -5.5035200119, 184.184829712, -16.713300705, 84.4549560547, 4.8002114296, 124.10471344, -57.0277366638, 75.7745285034, 24.1168174744], [409.164123535, -427.331481934, 11.1015739441, 249.725387573, -121.581672668, 42.4732131958, -10.1233263016, 42.1283836365, -38.2331161499, 61.870059967, 3.45296549797, 28.5617465973, -49.611492157], [-398.241119385, 672.362731934, -5.5035200119, -121.581672668, 439.239990234, 4.72537231445, 68.5808334351, 7.14117860794, 45.2336006165, -48.3121757507, 65.7872772217, -3.67985844612, 80.2435836792], [236.180419922, -217.241149902, 184.184829712, 42.4732131958, 4.72537231445, 196.555358887, 18.7376270294, 39.7220649719, 0.776888251305, 56.7107505798, -32.5930290222, 45.310344696, 8.71982479095], [-93.6643829346, 164.938781738, -16.713300705, -10.1233263016, 68.5808334351, 18.7376270294, 109.987449646, 14.6973848343, 32.8673286438, -17.4152126312, 14.5072555542, -17.2181053162, 22.3097877502], [415.305603027, -208.796157837, 84.4549560547, 42.1283836365, 7.14117860794, 39.7220649719, 14.6973848343, 154.848648071, 5.47654008865, 75.9060516357, -10.4992704391, 36.6045417786, -29.4798297882], [-98.7730560303, 179.135360718, 4.8002114296, -38.2331161499, 45.2336006165, 0.776888251305, 32.8673286438, 5.47654008865, 80.1287765503, -1.64178884029, 13.0438861847, -9.04008960724, 16.5563297272], [318.180541992, -281.717498779, 124.10471344, 61.870059967, -48.3121757507, 56.7107505798, -17.4152126312, 75.9060516357, -1.64178884029, 122.387512207, 8.91192054749, 53.9136772156, -17.8124790192], [-236.055786133, 164.947143555, -57.0277366638, 3.45296549797, 65.7872772217, -32.5930290222, 14.5072555542, -10.4992704391, 13.0438861847, 8.91192054749, 102.760093689, 27.7095890045, 15.297041893], [128.305923462, -133.508224487, 75.7745285034, 28.5617465973, -3.67985844612, 45.310344696, -17.2181053162, 36.6045417786, -9.04008960724, 53.9136772156, 27.7095890045, 86.6513748169, 11.5423717499], [-182.96496582, 209.939224243, 24.1168174744, -49.611492157, 80.2435836792, 8.71982479095, 22.3097877502, -29.4798297882, 16.5563297272, -17.8124790192, 15.297041893, 11.5423717499, 83.7352828979]], "icov": [[0.000427573831985, -4.26172528023e-06, -0.000284396199277, -0.000459597853478, 7.44471180951e-05, 0.000195295127924, 6.36404220131e-05, -0.00072281138273, 0.00011109362822, -0.000136454269523, 0.0007990115555, -0.000209233010537, 0.000223331982852], [-4.26172528023e-06, 0.00229428103194, 0.000947091844864, 0.00143177469727, -0.00213419343345, 0.000534589751624, -0.000430655403761, 0.00103108165786, -0.00245560216717, 0.00113789818715, -0.00130175263621, 0.00105478649493, -0.00189868791495], [-0.000284396199277, 0.000947091844864, 0.00495283445343, 0.00166294525843, -0.00119865045417, -0.00249365041964, 0.000506593030877, 0.000748796330299, -0.00134972459637, -0.00296804727986, 0.0013976325281, -0.000373792689061, -0.00246847025119], [-0.000459597853478, 0.00143177469727, 0.00166294525843, 0.00757833337411, -0.000100194687548, -0.00147708726581, -0.00139478489291, 0.00097170425579, 0.000804428651463, -0.00124041794334, -0.00306382472627, 0.000796024745796, 0.000407720654039], [7.44471180951e-05, -0.00213419343345, -0.00119865045417, -0.000100194687548, 0.00601485092193, -0.00157038739417, 9.12142641027e-05, -0.00339739350602, 0.00232459185645, 0.00121430517174, -0.00218009809032, 0.000516080996022, -0.000895739183761], [0.000195295127924, 0.000534589751624, -0.00249365041964, -0.00147708726581, -0.00157038739417, 0.0102554373443, -0.00360373337753, 0.00193934480194, -0.000806723197456, -0.00131498032715, 0.00457118917257, -0.00458172895014, 0.000685599341523], [6.36404220131e-05, -0.000430655403761, 0.000506593030877, -0.00139478489291, 9.12142641027e-05, -0.00360373337753, 0.0143983541057, -0.00462849391624, -0.00328570068814, 0.00295317266136, -0.00325277913362, 0.0053288298659, -0.00379377929494], [-0.00072281138273, 0.00103108165786, 0.000748796330299, 0.00097170425579, -0.00339739350602, 0.00193934480194, -0.00462849391624, 0.014710825868, -0.00211696373299, -0.00670078070834, 0.0033453181386, -0.00434856116772, 0.00464306073263], [0.00011109362822, -0.00245560216717, -0.00134972459637, 0.000804428651463, 0.00232459185645, -0.000806723197456, -0.00328570068814, -0.00211696373299, 0.0188907254487, -0.00326055148616, -0.000806630589068, 0.00189212989062, 0.000709016516339], [-0.000136454269523, 0.00113789818715, -0.00296804727986, -0.00124041794334, 0.00121430517174, -0.00131498032715, 0.00295317266136, -0.00670078070834, -0.00326055148616, 0.0220772456378, -0.00675977254286, -0.0027656655293, -0.000246624695137], [0.0007990115555, -0.00130175263621, 0.0013976325281, -0.00306382472627, -0.00218009809032, 0.00457118917257, -0.00325277913362, 0.0033453181386, -0.000806630589068, -0.00675977254286, 0.0214354135096, -0.0110464477912, 0.00277768401429], [-0.000209233010537, 0.00105478649493, -0.000373792689061, 0.000796024745796, 0.000516080996022, -0.00458172895014, 0.0053288298659, -0.00434856116772, 0.00189212989062, -0.0027656655293, -0.0110464477912, 0.0253605935723, -0.00793083198369], [0.000223331982852, -0.00189868791495, -0.00246847025119, 0.000407720654039, -0.000895739183761, 0.000685599341523, -0.00379377929494, 0.00464306073263, 0.000709016516339, -0.000246624695137, 0.00277768401429, -0.00793083198369, 0.0219687912613]]}, "melbands": {"dmean": [0.0011649178341, 0.00149282824714, 0.00173171726055, 0.00081095326459, 0.000328664958943, 0.000331238115905, 0.000185945595149, 0.000119183103379, 0.000205744057894, 0.000129534411826, 0.000102384008642, 6.04711131018e-05, 3.49053298123e-05, 5.10298705194e-05, 4.45083351224e-05, 3.34893120453e-05, 2.42651258304e-05, 2.89116323984e-05, 2.49436761806e-05, 1.30628968691e-05, 1.35815325848e-05, 1.01001432995e-05, 6.87139163347e-06, 6.41093993181e-06, 6.50486936138e-06, 4.4605903895e-06, 2.90131492875e-06, 2.60655838247e-06, 2.43088379648e-06, 1.90210232631e-06, 1.47300306708e-06, 1.79668461442e-06, 2.02018463824e-06, 1.85070450698e-06, 1.90316109183e-06, 1.40088513945e-06, 9.09650054837e-07, 7.13488759629e-07, 7.27730082417e-07, 6.07067306646e-07], "dmean2": [0.00192775193136, 0.00252549559809, 0.00284319859929, 0.00142494391184, 0.000539903528988, 0.000570186297409, 0.000313296710374, 0.000198977490072, 0.000367079774151, 0.000226932781516, 0.000175990338903, 9.34750059969e-05, 5.55369115318e-05, 7.70839542383e-05, 6.83158723405e-05, 5.23982598679e-05, 3.79675657314e-05, 4.60167393612e-05, 3.83268015867e-05, 2.08212368307e-05, 2.15669224417e-05, 1.55651450768e-05, 1.07918676804e-05, 9.90428179648e-06, 1.0281154573e-05, 6.94807704349e-06, 4.39150244347e-06, 4.00899307351e-06, 3.56809141522e-06, 2.7606556614e-06, 2.22383482651e-06, 2.61821605818e-06, 2.88535829895e-06, 2.63920173893e-06, 2.81509005617e-06, 2.04311231755e-06, 1.29737566112e-06, 1.00909267076e-06, 1.0787687188e-06, 9.09259711079e-07], "dvar": [9.92052173387e-06, 7.53319727664e-06, 4.68456664748e-06, 1.70796158727e-06, 2.7839030281e-07, 5.60825526463e-07, 1.55852688977e-07, 6.93253667805e-08, 5.5679555544e-07, 1.71116639081e-07, 7.22986754909e-08, 2.46859741537e-08, 3.05447667159e-09, 1.08366631224e-08, 8.69896421563e-09, 6.68998900721e-09, 2.73455880162e-09, 3.16693804514e-09, 1.75755276999e-09, 8.72389493978e-10, 6.00079763657e-10, 4.98855123876e-10, 2.35033076335e-10, 2.37658281943e-10, 5.22624499233e-10, 1.16176089582e-10, 5.2497312053e-11, 6.22799381511e-11, 5.1347349983e-11, 3.71363009788e-11, 2.35987895891e-11, 4.59616199266e-11, 6.24817905748e-11, 5.02694968985e-11, 6.06759364974e-11, 3.45828539416e-11, 1.05913333659e-11, 6.89032945284e-12, 5.8064208823e-12, 5.18346563588e-12], "dvar2": [2.55604754784e-05, 2.04153402592e-05, 1.27113262351e-05, 5.44928252566e-06, 7.32874468667e-07, 1.52959705702e-06, 4.12132180827e-07, 1.7867999702e-07, 1.58398324857e-06, 4.84624138153e-07, 2.04464697617e-07, 4.86337725647e-08, 7.77599051816e-09, 2.51280063424e-08, 1.89577971099e-08, 1.35825057868e-08, 6.07586336798e-09, 8.05069788612e-09, 3.80723985671e-09, 2.01924277299e-09, 1.38447153741e-09, 1.04788167032e-09, 5.17867693173e-10, 5.27545396256e-10, 1.3630415685e-09, 2.74375883125e-10, 1.19177903657e-10, 1.4242523827e-10, 1.01265905383e-10, 8.11955711e-11, 5.41405774379e-11, 9.87996420787e-11, 1.28734856109e-10, 1.09118464264e-10, 1.37440864245e-10, 7.68237001791e-11, 2.238361059e-11, 1.45748170477e-11, 1.31050682459e-11, 1.2429333604e-11], "max": [0.0304995980114, 0.0324557125568, 0.0220821183175, 0.0173209644854, 0.00647587003186, 0.0119721274823, 0.00599212385714, 0.00383553863503, 0.0107948509976, 0.00570949679241, 0.00479281367734, 0.00610071094707, 0.00113367545418, 0.00345952878706, 0.00187150121201, 0.00259464001283, 0.00211986969225, 0.0019678089302, 0.000927649671212, 0.000643037084956, 0.000511381484102, 0.000733871129341, 0.00039085309254, 0.000580776482821, 0.0010952007724, 0.000283483444946, 0.000163229487953, 0.000235947358306, 0.000161200179718, 0.000142383825732, 0.000113106114441, 0.000211020698771, 0.000199886751943, 0.000153536369908, 0.000180324102985, 0.000144550154801, 7.39217502996e-05, 6.64587932988e-05, 4.57421483588e-05, 5.41353656445e-05], "mean": [0.00160040869378, 0.00256725284271, 0.00380371487699, 0.00155945983715, 0.000748849299271, 0.000565460184589, 0.000287371512968, 0.000194003456272, 0.000240855457378, 0.000193624204258, 0.000165892779478, 0.000121896198834, 8.55108228279e-05, 0.000102361307654, 9.40239042393e-05, 6.26499531791e-05, 4.9090005632e-05, 6.14644304733e-05, 5.11650614499e-05, 2.18736968236e-05, 2.42941114266e-05, 1.91646176972e-05, 1.19226315292e-05, 1.11197150545e-05, 9.94610491034e-06, 6.75619548929e-06, 4.41060956291e-06, 3.59003774975e-06, 3.17614217238e-06, 2.3107090783e-06, 1.75797799784e-06, 2.12556210499e-06, 2.36397067965e-06, 2.1270579964e-06, 2.10969915315e-06, 1.56953399255e-06, 1.0746210819e-06, 8.29472867281e-07, 8.19432784738e-07, 6.55627104607e-07], "median": [0.000329794798745, 0.00193078583106, 0.00343970768154, 0.00110007612966, 0.000567548268009, 0.00032518900116, 0.000150824169395, 8.12202997622e-05, 6.93301553838e-05, 7.81578928581e-05, 9.46921936702e-05, 6.29950809525e-05, 6.88579748385e-05, 7.05843776814e-05, 5.48118150618e-05, 3.10849754896e-05, 2.89174931822e-05, 4.36301343143e-05, 3.55461306754e-05, 8.80688367033e-06, 1.42195813169e-05, 1.10844066512e-05, 4.4194093789e-06, 3.04812920149e-06, 2.53694588537e-06, 2.01216926143e-06, 1.13852729555e-06, 8.50924607221e-07, 6.28713166861e-07, 4.15816032273e-07, 3.02243023498e-07, 3.06027629904e-07, 3.15724122402e-07, 2.75628707413e-07, 2.24387619596e-07, 1.65890256199e-07, 1.33098239985e-07, 8.98264644889e-08, 7.23999846741e-08, 5.84287285221e-08], "min": [2.03279263193e-23, 1.06308615304e-23, 7.09106515501e-24, 5.85666113254e-24, 7.51079911001e-24, 8.7603524173e-24, 5.64473720023e-24, 1.00083571906e-23, 8.61161190476e-24, 8.74154518446e-24, 6.8331581261e-24, 4.80955201607e-24, 6.2406474612e-24, 1.09189835097e-23, 1.70978028142e-23, 1.03868707968e-23, 8.71372916008e-24, 6.68058532728e-24, 6.95744158399e-24, 6.54729741658e-24, 3.74095275082e-24, 7.89943537927e-24, 7.35368326124e-24, 9.82995787464e-24, 7.60392887304e-24, 1.06744563506e-23, 1.08720107871e-23, 1.17280226881e-23, 1.47162475186e-23, 1.65028991397e-23, 7.75277509294e-24, 1.12723221978e-23, 1.16076898456e-23, 1.65138374851e-23, 8.18004976934e-24, 1.14058471612e-23, 1.58323610594e-23, 1.23483758042e-23, 1.03451156002e-23, 1.05550685635e-23], "var": [1.09968832476e-05, 7.49042510506e-06, 6.35456308373e-06, 2.18962873078e-06, 5.0631774684e-07, 7.27877250029e-07, 1.87005042562e-07, 1.16191365862e-07, 4.15264679532e-07, 1.77416310976e-07, 7.12910193101e-08, 7.65145884429e-08, 6.10112538268e-09, 1.80327219823e-08, 1.85756299231e-08, 1.44378722311e-08, 5.99367888654e-09, 5.01693486754e-09, 3.7631862071e-09, 1.60541369087e-09, 1.00679065085e-09, 9.63132462672e-10, 4.88897478057e-10, 6.41333264273e-10, 6.13000483707e-10, 1.89605095513e-10, 8.8460946901e-11, 8.59163434841e-11, 7.87483411813e-11, 4.87986179243e-11, 2.99263357151e-11, 5.78639219873e-11, 8.22187526395e-11, 6.22677395756e-11, 6.95122223671e-11, 4.07125930191e-11, 1.4418399634e-11, 9.07602465405e-12, 7.28341779249e-12, 5.59327410776e-12]}, "mfcc": {"mean": [-644.869995117, 162.996704102, -8.11884021759, 12.8012828827, 14.8644075394, 12.3843383789, -1.19684207439, 2.68572807312, -6.5028886795, -2.59935569763, -7.51717090607, -8.21855640411, -5.37286710739], "cov": [[3869.12988281, -1669.76428223, 554.503356934, 182.673599243, -161.96522522, -106.446220398, -6.64732885361, 23.7561073303, 113.744102478, 141.19329834, 106.290504456, 32.5761566162, 13.579120636], [-1669.76428223, 2421.6171875, -650.253356934, -70.3520812988, 321.082550049, 49.7006874084, 56.5995368958, 79.4068450928, 56.3148078918, -31.5408096313, -76.4720001221, -47.6124305725, 12.1522579193], [554.503356934, -650.253356934, 496.211883545, -67.6550140381, -55.1535263062, 71.6116638184, -6.98743009567, -34.4746551514, 68.1709060669, 23.7440814972, 21.8016147614, 31.6023902893, 0.802605450153], [182.673599243, -70.3520812988, -67.6550140381, 155.931838989, 4.15733337402, -34.0866737366, 19.3928279877, 9.59659290314, -36.379989624, 17.0101699829, 20.6631507874, 5.9141626358, 16.3561000824], [-161.96522522, 321.082550049, -55.1535263062, 4.15733337402, 220.319046021, 45.3471755981, 66.0018005371, 30.5576667786, 35.5192604065, -7.62212991714, 9.68074131012, 16.5076580048, 34.2535858154], [-106.446220398, 49.7006874084, 71.6116638184, -34.0866737366, 45.3471755981, 142.078063965, 38.6109428406, 16.3526611328, 36.8169555664, -10.3795595169, -9.48024082184, 19.6902179718, 1.41783773899], [-6.64732885361, 56.5995368958, -6.98743009567, 19.3928279877, 66.0018005371, 38.6109428406, 107.306556702, 36.3104286194, 24.3622913361, 10.8465805054, 16.7433929443, 12.308391571, 21.7884407043], [23.7561073303, 79.4068450928, -34.4746551514, 9.59659290314, 30.5576667786, 16.3526611328, 36.3104286194, 80.8021621704, 24.1961669922, 15.2489080429, 22.9415111542, 4.08053731918, 2.43986010551], [113.744102478, 56.3148078918, 68.1709060669, -36.379989624, 35.5192604065, 36.8169555664, 24.3622913361, 24.1961669922, 129.034744263, 27.2331867218, -1.75558185577, 18.0031375885, 2.36731147766], [141.19329834, -31.5408096313, 23.7440814972, 17.0101699829, -7.62212991714, -10.3795595169, 10.8465805054, 15.2489080429, 27.2331867218, 71.5303878784, 22.1147193909, -5.99547433853, 7.81295108795], [106.290504456, -76.4720001221, 21.8016147614, 20.6631507874, 9.68074131012, -9.48024082184, 16.7433929443, 22.9415111542, -1.75558185577, 22.1147193909, 95.8795852661, 39.1813430786, 7.31985855103], [32.5761566162, -47.6124305725, 31.6023902893, 5.9141626358, 16.5076580048, 19.6902179718, 12.308391571, 4.08053731918, 18.0031375885, -5.99547433853, 39.1813430786, 89.2358093262, 27.8177318573], [13.579120636, 12.1522579193, 0.802605450153, 16.3561000824, 34.2535858154, 1.41783773899, 21.7884407043, 2.43986010551, 2.36731147766, 7.81295108795, 7.31985855103, 27.8177318573, 68.3683319092]], "icov": [[0.000470310886158, 0.000258578453213, -0.000269692856818, -0.000563369423617, -9.52233240241e-05, 0.000396019953769, 0.000148810038809, -0.000331084855134, -0.000561305962037, -0.000259199325228, -3.63624167221e-05, 0.0001357041765, 1.90973509007e-07], [0.000258578453213, 0.00111967790872, 0.00127913232427, 0.000484341842821, -0.00107882753946, -0.000317303900374, 0.000424987752922, -0.000138634175528, -0.000860088388436, -0.000468209735118, 0.000224989678827, 0.000285207468551, -2.15152122109e-05], [-0.000269692856818, 0.00127913232427, 0.00514808716252, 0.00221187015995, -0.00031539023621, -0.00266229966655, 0.000404240185162, 0.00229048985057, -0.00191071897279, -0.000971382716671, -0.00105027446989, 0.000257351610344, -0.000575827027205], [-0.000563369423617, 0.000484341842821, 0.00221187015995, 0.00970462150872, -0.000700889446307, 0.000565584283322, -0.00185057974886, 0.00013746994955, 0.00296385446563, -0.00264952215366, 8.66804475663e-05, -0.00131298799533, -0.000672457797918], [-9.52233240241e-05, -0.00107882753946, -0.00031539023621, -0.000700889446307, 0.00787671469152, -0.00107539573219, -0.00297482125461, 8.86710186023e-05, -0.00144623825327, 0.00260129733942, -0.00173040339723, 0.000983756151982, -0.00305931223556], [0.000396019953769, -0.000317303900374, -0.00266229966655, 0.000565584283322, -0.00107539573219, 0.0111352968961, -0.00324192363769, -0.00223582913168, -0.000315360666718, 0.00106376304757, 0.00287226890214, -0.0028820107691, 0.00204898812808], [0.000148810038809, 0.000424987752922, 0.000404240185162, -0.00185057974886, -0.00297482125461, -0.00324192363769, 0.0148656945676, -0.00402949843556, -0.00138125638478, -0.000597559264861, -0.00137065164745, 0.00131988327485, -0.00297740404494], [-0.000331084855134, -0.000138634175528, 0.00229048985057, 0.00013746994955, 8.86710186023e-05, -0.00223582913168, -0.00402949843556, 0.0181275624782, -0.00294595281594, -0.00109404115938, -0.00475987279788, 0.00183558883145, 0.000659597746562], [-0.000561305962037, -0.000860088388436, -0.00191071897279, 0.00296385446563, -0.00144623825327, -0.000315360666718, -0.00138125638478, -0.00294595281594, 0.013721652329, -0.00594127271324, 0.00424048118293, -0.00495793577284, 0.00262129958719], [-0.000259199325228, -0.000468209735118, -0.000971382716671, -0.00264952215366, 0.00260129733942, 0.00106376304757, -0.000597559264861, -0.00109404115938, -0.00594127271324, 0.0213245376945, -0.00649807648733, 0.00669129518792, -0.00457393378019], [-3.63624167221e-05, 0.000224989678827, -0.00105027446989, 8.66804475663e-05, -0.00173040339723, 0.00287226890214, -0.00137065164745, -0.00475987279788, 0.00424048118293, -0.00649807648733, 0.0180069953203, -0.00987064559013, 0.00405690260231], [0.0001357041765, 0.000285207468551, 0.000257351610344, -0.00131298799533, 0.000983756151982, -0.0028820107691, 0.00131988327485, 0.00183558883145, -0.00495793577284, 0.00669129518792, -0.00987064559013, 0.0198654104024, -0.00830484367907], [1.90973509007e-07, -2.15152122109e-05, -0.000575827027205, -0.000672457797918, -0.00305931223556, 0.00204898812808, -0.00297740404494, 0.000659597746562, 0.00262129958719, -0.00457393378019, 0.00405690260231, -0.00830484367907, 0.0205903407186]]}, "spectral_contrast_coeffs": {"dmean": [0.0471107326448, 0.0469046197832, 0.0390653982759, 0.0322561897337, 0.0271681044251, 0.0184104181826], "dmean2": [0.0766686350107, 0.0765499398112, 0.0634153038263, 0.0509794577956, 0.0418200790882, 0.0293758418411], "dvar": [0.00166039355099, 0.00157584121916, 0.00120800884906, 0.000738455797546, 0.000654029019643, 0.000320001679938], "dvar2": [0.00421617832035, 0.00382870039903, 0.00308351335116, 0.00169676356018, 0.00131555041298, 0.000758522248361], "max": [-0.289851278067, -0.421705365181, -0.478376060724, -0.554243803024, -0.55907356739, -0.595137119293], "mean": [-0.538661003113, -0.697682261467, -0.737214148045, -0.741915941238, -0.757537007332, -0.786959767342], "median": [-0.544573605061, -0.701937377453, -0.738818466663, -0.742380917072, -0.76427590847, -0.79006844759], "min": [-0.962017655373, -0.961189448833, -0.960080504417, -0.960518240929, -0.959135353565, -0.956057608128], "var": [0.00769839994609, 0.00490403734148, 0.0029832595028, 0.00212702900171, 0.00302541465499, 0.00119703216478]}, "spectral_contrast_valleys": {"dmean": [0.387283802032, 0.402370035648, 0.313026964664, 0.305754780769, 0.397470355034, 0.563549220562], "dmean2": [0.631819546223, 0.63960558176, 0.495265603065, 0.471612244844, 0.513709425926, 0.650898456573], "dvar": [0.147072598338, 0.166410118341, 0.0966776683927, 0.0987372174859, 0.190423518419, 0.415633022785], "dvar2": [0.327183514833, 0.340346127748, 0.192098513246, 0.183049038053, 0.307364195585, 0.734163045883], "max": [-4.91471385956, -4.12903881073, -5.32103443146, -5.90020751953,