{"lowlevel": {"average_loudness": 0.914799749851, "barkbands_crest": {"dmean": 2.71571850777, "dmean2": 4.24798583984, "dvar": 7.21953868866, "dvar2": 16.8645629883, "max": 26.0748653412, "mean": 9.6235370636, "median": 8.68604660034, "min": 2.79246020317, "var": 18.0682315826}, "barkbands_flatness_db": {"dmean": 0.0246417950839, "dmean2": 0.0360463298857, "dvar": 0.000598104670644, "dvar2": 0.00128176913131, "max": 0.452598422766, "mean": 0.186504200101, "median": 0.18381896615, "min": 0.0523322187364, "var": 0.00276919454336}, "barkbands_kurtosis": {"dmean": 2.4539577961, "dmean2": 3.8281083107, "dvar": 52.1906585693, "dvar2": 113.054718018, "max": 306.97354126, "mean": 1.8563927412, "median": -0.241006374359, "min": -1.91364824772, "var": 71.2903289795}, "barkbands_skewness": {"dmean": 0.669611215591, "dmean2": 0.948191583157, "dvar": 0.620143711567, "dvar2": 1.26625347137, "max": 13.3684778214, "mean": 0.153265714645, "median": 0.120747737586, "min": -6.26991319656, "var": 2.23341631889}, "barkbands_spread": {"dmean": 7.61597251892, "dmean2": 11.6562376022, "dvar": 80.6730194092, "dvar2": 196.116149902, "max": 90.4428405762, "mean": 26.9131469727, "median": 26.0982284546, "min": 0.538665235043, "var": 191.761550903}, "dissonance": {"dmean": 0.01569731161, "dmean2": 0.024446491152, "dvar": 0.000334079493769, "dvar2": 0.000782604853157, "max": 0.499995261431, "mean": 0.467248022556, "median": 0.475139141083, "min": 0.291156947613, "var": 0.000918899080716}, "dynamic_complexity": 6.94350147247, "erbbands_crest": {"dmean": 2.79486322403, "dmean2": 4.5325255394, "dvar": 7.15763950348, "dvar2": 17.8935775757, "max": 29.9500637054, "mean": 9.71496105194, "median": 8.89933872223, "min": 2.97935461998, "var": 15.7499217987}, "erbbands_flatness_db": {"dmean": 0.0212627537549, "dmean2": 0.0310971494764, "dvar": 0.000439185270807, "dvar2": 0.000956999254413, "max": 0.454340785742, "mean": 0.220005214214, "median": 0.216366663575, "min": 0.0914633125067, "var": 0.00263786874712}, "erbbands_kurtosis": {"dmean": 1.60350859165, "dmean2": 2.51730895042, "dvar": 8.52550506592, "dvar2": 19.261598587, "max": 97.2201461792, "mean": 1.10110318661, "median": 0.232684850693, "min": -1.84645283222, "var": 12.5837574005}, "erbbands_skewness": {"dmean": 0.502624154091, "dmean2": 0.72732925415, "dvar": 0.281658113003, "dvar2": 0.595331013203, "max": 8.69984817505, "mean": -0.437343925238, "median": -0.472947478294, "min": -4.31707000732, "var": 0.952639520168}, "erbbands_spread": {"dmean": 10.612165451, "dmean2": 15.8608865738, "dvar": 145.010696411, "dvar2": 334.868652344, "max": 146.173431396, "mean": 35.6616287231, "median": 32.1911697388, "min": 2.837651968, "var": 389.087432861}, "hfc": {"dmean": 10.8127689362, "dmean2": 15.3938865662, "dvar": 356.474731445, "dvar2": 788.38873291, "max": 256.091461182, "mean": 23.7878475189, "median": 14.0864849091, "min": 1.23464964995e-16, "var": 884.674072266}, "melbands_crest": {"dmean": 3.82402729988, "dmean2": 5.87540197372, "dvar": 14.2251081467, "dvar2": 32.6928939819, "max": 33.2593765259, "mean": 13.2486753464, "median": 12.2001333237, "min": 1.6502494812, "var": 41.9633979797}, "melbands_flatness_db": {"dmean": 0.0285666938871, "dmean2": 0.0406242050231, "dvar": 0.000959381693974, "dvar2": 0.00183617509902, "max": 0.455140709877, "mean": 0.155972510576, "median": 0.152986586094, "min": 0.00482203904539, "var": 0.00422160513699}, "melbands_kurtosis": {"dmean": 4.75212240219, "dmean2": 7.3758559227, "dvar": 136.691009521, "dvar2": 309.235473633, "max": 241.389678955, "mean": 5.35862350464, "median": 1.01039218903, "min": -1.9368468523, "var": 238.003555298}, "melbands_skewness": {"dmean": 0.824221134186, "dmean2": 1.17812013626, "dvar": 0.959768891335, "dvar2": 1.99676060677, "max": 12.045419693, "mean": 1.32782864571, "median": 1.07427918911, "min": -4.12206172943, "var": 3.20323634148}, "melbands_spread": {"dmean": 18.1345806122, "dmean2": 27.79246521, "dvar": 535.565429688, "dvar2": 1258.79663086, "max": 275.615264893, "mean": 53.34324646, "median": 46.0248641968, "min": 0.624111950397, "var": 1229.3651123}, "pitch_salience": {"dmean": 0.0790502056479, "dmean2": 0.122333675623, "dvar": 0.00601364532486, "dvar2": 0.0136947650462, "max": 0.991503417492, "mean": 0.638843774796, "median": 0.660807311535, "min": 0.10635188967, "var": 0.0162520203739}, "silence_rate_20dB": {"dmean": 0, "dmean2": 0, "dvar": 0, "dvar2": 0, "max": 1, "mean": 1, "median": 1, "min": 1, "var": 0}, "silence_rate_30dB": {"dmean": 0, "dmean2": 0, "dvar": 0, "dvar2": 0, "max": 1, "mean": 1, "median": 1, "min": 1, "var": 0}, "silence_rate_60dB": {"dmean": 0.0931399911642, "dmean2": 0.186331942677, "dvar": 0.0844653472304, "dvar2": 0.172256037593, "max": 1, "mean": 0.298299401999, "median": 0, "min": 0, "var": 0.209317460656}, "spectral_centroid": {"dmean": 413.309539795, "dmean2": 579.636352539, "dvar": 232549.8125, "dvar2": 423082.65625, "max": 11077.0878906, "mean": 2603.52832031, "median": 2623.36572266, "min": 314.681091309, "var": 944049.9375}, "spectral_complexity": {"dmean": 3.73117685318, "dmean2": 5.43654108047, "dvar": 24.2888069153, "dvar2": 47.8456268311, "max": 46, "mean": 11.1028718948, "median": 11, "min": 0, "var": 83.5676727295}, "spectral_decrease": {"dmean": 6.91367241235e-10, "dmean2": 9.57630863496e-10, "dvar": 9.74687181696e-19, "dvar2": 2.0081587808e-18, "max": 3.8556916598e-17, "mean": -1.99070759876e-09, "median": -1.84099457901e-09, "min": -1.31467130515e-08, "var": 3.00721718489e-18}, "spectral_energy": {"dmean": 0.00345341628417, "dmean2": 0.00481825042516, "dvar": 2.60002416326e-05, "dvar2": 5.55013248231e-05, "max": 0.0713769644499, "mean": 0.00967101193964, "median": 0.00859798770398, "min": 1.10267723531e-20, "var": 7.42194170016e-05}, "spectral_energyband_high": {"dmean": 0.00111655681394, "dmean2": 0.00162721076049, "dvar": 5.12279166287e-06, "dvar2": 1.14156036943e-05, "max": 0.0388442724943, "mean": 0.00198258343153, "median": 0.000813026039395, "min": 8.11268290975e-21, "var": 1.10930495794e-05}, "spectral_energyband_low": {"dmean": 1.14016593216e-05, "dmean2": 1.73937187355e-05, "dvar": 7.18687598322e-09, "dvar2": 1.95899563238e-08, "max": 0.00353030487895, "mean": 1.59667433763e-05, "median": 4.44723866622e-07, "min": 4.4153873307e-23, "var": 6.11200068334e-09}, "spectral_energyband_middle_high": {"dmean": 0.00204301555641, "dmean2": 0.00286351609975, "dvar": 1.17605104606e-05, "dvar2": 2.49282747973e-05, "max": 0.0587732084095, "mean": 0.00440050940961, "median": 0.00209474028088, "min": 1.44363141048e-21, "var": 3.19123973895e-05}, "spectral_energyband_middle_low": {"dmean": 0.00135027966462, "dmean2": 0.00189527764451, "dvar": 3.41333566212e-06, "dvar2": 6.79914319335e-06, "max": 0.0184478536248, "mean": 0.00333488965407, "median": 0.00260695582256, "min": 3.38387653445e-22, "var": 1.05365697891e-05}, "spectral_entropy": {"dmean": 0.206707626581, "dmean2": 0.295663356781, "dvar": 0.0456214398146, "dvar2": 0.085326358676, "max": 9.80042648315, "mean": 7.62763977051, "median": 7.59054088593, "min": 5.36668491364, "var": 0.235998868942}, "spectral_flux": {"dmean": 0.0190015994012, "dmean2": 0.0295988433063, "dvar": 0.000471122621093, "dvar2": 0.00102883635554, "max": 0.263445794582, "mean": 0.0611603111029, "median": 0.0581228025258, "min": 1.05008439444e-10, "var": 0.00165610923432}, "spectral_kurtosis": {"dmean": 1.45079529285, "dmean2": 2.36188769341, "dvar": 3.10340714455, "dvar2": 8.4046087265, "max": 25.3700637817, "mean": 3.90079569817, "median": 3.47425317764, "min": -1.20628762245, "var": 7.65133857727}, "spectral_rms": {"dmean": 0.000558517989703, "dmean2": 0.000742295756936, "dvar": 5.22913865098e-07, "dvar2": 9.52737025273e-07, "max": 0.00834482256323, "mean": 0.00262928684242, "median": 0.00289625278674, "min": 3.27991258285e-12, "var": 2.52194695349e-06}, "spectral_rolloff": {"dmean": 1012.82116699, "dmean2": 1582.91296387, "dvar": 2114692.5, "dvar2": 3858183.5, "max": 19875.1464844, "mean": 4491.22070312, "median": 3660.64453125, "min": 215.33203125, "var": 11284450}, "spectral_skewness": {"dmean": 0.233586460352, "dmean2": 0.361956715584, "dvar": 0.0588591806591, "dvar2": 0.153392016888, "max": 3.83117198944, "mean": 1.270429492, "median": 1.25417232513, "min": -0.158517479897, "var": 0.176396504045}, "spectral_spread": {"dmean": 713214.1875, "dmean2": 1062298.5, "dvar": 954122108928, "dvar2": 1696644071420.0, "max": 40945496, "mean": 4739257.5, "median": 4412909.5, "min": 1388160.5, "var": 3289753583620.0}, "spectral_strongpeak": {"dmean": 0.841506779194, "dmean2": 1.40836310387, "dvar": 2.22797060013, "dvar2": 5.65962362289, "max": 17.162651062, "mean": 1.33491814137, "median": 0.689605355263, "min": 2.02909189451e-10, "var": 3.40232300758}, "zerocrossingrate": {"dmean": 0.0214081238955, "dmean2": 0.0223433952779, "dvar": 0.000715213478543, "dvar2": 0.000624379084911, "max": 0.5068359375, "mean": 0.133895233274, "median": 0.107421875, "min": 0.013671875, "var": 0.00839270558208}, "barkbands": {"dmean": [4.64676830347e-09, 2.68212858145e-07, 2.91803439723e-06, 4.0503571654e-05, 0.000438714516349, 0.000352638657205, 0.000485542987008, 0.000326682813466, 0.000292188196909, 0.000357787474059, 0.000180390459718, 0.000110168293759, 0.000159767980222, 0.00017188982747, 0.00036414412898, 0.000331239454681, 0.000374454335542, 0.000464351993287, 0.000552682904527, 0.00029534107307, 0.000544373644516, 0.000150397609104, 0.000159599265317, 0.000147626080434, 0.000148565435666, 2.51910259976e-05, 9.96247422336e-07], "dmean2": [8.19473733316e-09, 4.70106840567e-07, 5.14055500389e-06, 5.41159097338e-05, 0.000609977869317, 0.000495710177347, 0.000737962138373, 0.000481875729747, 0.000444723846158, 0.000518563727383, 0.000271414697636, 0.000162796830409, 0.000239390879869, 0.000257871521171, 0.000538662716281, 0.000531196827069, 0.000580532010645, 0.00069811247522, 0.000851166783832, 0.000451524945674, 0.000827616080642, 0.000234813589486, 0.000243339207373, 0.000223378869123, 0.000217909473577, 3.60734484275e-05, 1.48144147261e-06], "dvar": [3.30035773516e-16, 2.49684734693e-12, 1.88224724695e-09, 1.47145247098e-08, 6.80259859109e-07, 6.99252098002e-07, 1.41541113408e-06, 7.36880053864e-07, 5.6140140714e-07, 9.4603120715e-07, 4.52543048368e-07, 1.43054208479e-07, 3.03628922893e-07, 4.09520936273e-07, 1.27518967474e-06, 8.45399540594e-07, 9.494235087e-07, 1.15808586543e-06, 1.77271328994e-06, 5.60932903682e-07, 1.67543498719e-06, 1.92100714003e-07, 2.90021546334e-07, 1.61042947866e-07, 1.68359505892e-07, 9.51961265372e-09, 1.376554426e-11], "dvar2": [9.12025573539e-16, 6.57391025297e-12, 5.28122656718e-09, 2.7910369127e-08, 1.23889969927e-06, 1.33544665459e-06, 3.15749343827e-06, 1.5122741388e-06, 1.23964036902e-06, 1.88477110896e-06, 9.87553107734e-07, 3.30386512815e-07, 7.26737937384e-07, 7.8488045574e-07, 2.94389542432e-06, 2.0836407657e-06, 2.30860882766e-06, 2.6601458103e-06, 4.20477772423e-06, 1.34123945372e-06, 3.69883355233e-06, 4.8040215006e-07, 6.66703499519e-07, 3.5051255054e-07, 3.33016458853e-07, 1.86871922381e-08, 2.92901605747e-11], "max": [4.99017232869e-07, 4.83957883262e-05, 0.00194340129383, 0.00275983125903, 0.0151971681044, 0.0144036477432, 0.0152269415557, 0.0130383921787, 0.0107540367171, 0.0120944445953, 0.0117623293772, 0.00868647173047, 0.0161597784609, 0.0186736285686, 0.0266337618232, 0.015395693481, 0.0196433607489, 0.0178516674787, 0.0380426831543, 0.0184614788741, 0.0277343112975, 0.00964084453881, 0.013599476777, 0.00929466634989, 0.0093121631071, 0.00308746797964, 9.97220631689e-05], "mean": [4.1798298156e-09, 2.02775737534e-07, 2.44080592893e-06, 8.76051053638e-05, 0.00103047629818, 0.000574201811105, 0.000741395691875, 0.000451654486824, 0.000372336304281, 0.000519891502336, 0.000219508103328, 0.000148183578858, 0.000291694857879, 0.000216594344238, 0.000481068971567, 0.000381359859603, 0.000496603839565, 0.000701890385244, 0.000798028951976, 0.000430592568591, 0.000780397444032, 0.000207336794119, 0.000237256128457, 0.00022920682386, 0.000233427170315, 3.63696963177e-05, 1.28904537178e-06], "median": [1.29216215505e-09, 2.46714471075e-08, 1.19951565125e-07, 8.33477315609e-07, 0.000290908239549, 3.19123646477e-05, 4.12075751228e-05, 1.1844553228e-05, 2.34034941968e-05, 3.05200883304e-05, 1.06666375359e-05, 1.6916075765e-05, 1.73165990418e-05, 1.33117518999e-05, 3.9116894186e-05, 4.92396720801e-05, 7.24758574506e-05, 0.000181766794412, 0.000217520544538, 0.000129955718876, 0.000172354091774, 5.53862191737e-05, 3.69960580429e-05, 5.59532891202e-05, 5.46906630916e-05, 5.91387970417e-06, 1.89897136238e-07], "min": [6.32203729763e-25, 9.91653851443e-24, 2.62989202182e-23, 1.02107662771e-23, 2.83315323588e-23, 5.01200819757e-23, 3.18473307966e-23, 5.56669353427e-23, 1.54129208762e-22, 1.29840913553e-22, 2.85180884965e-23, 6.61373662308e-23, 7.64071740135e-23, 1.06492157993e-22, 1.34855304742e-22, 1.06439209649e-22, 1.01194401657e-22, 1.9963671374e-22, 3.58065757172e-22, 3.20708157222e-22, 2.81607162049e-22, 6.53540488089e-22, 9.21245649069e-22, 9.60066289387e-22, 1.20147519492e-21, 1.67771756635e-21, 2.50788136055e-21], "var": [2.28190649521e-16, 1.82031061231e-12, 1.15694553937e-09, 5.66470674812e-08, 2.82987957689e-06, 1.6098923652e-06, 2.46481613431e-06, 1.4750930859e-06, 8.78605135313e-07, 2.07219795811e-06, 7.31616125904e-07, 1.88121092037e-07, 1.48209505824e-06, 7.11569668965e-07, 2.00101339942e-06, 1.01656121387e-06, 1.44971272675e-06, 1.98000520868e-06, 2.38026814259e-06, 9.11660322345e-07, 2.71912631433e-06, 2.59984716422e-07, 6.46112368941e-07, 4.06750018556e-07, 3.92026350937e-07, 1.84176833784e-08, 2.06405517678e-11]}, "erbbands": {"dmean": [5.25448558619e-06, 0.000119542535685, 0.00269132759422, 0.060821864754, 0.755047500134, 1.75571405888, 2.16325688362, 3.06497168541, 6.54586076736, 6.59847307205, 7.24839067459, 6.58483123779, 7.14553785324, 11.8039579391, 5.68264055252, 4.37465810776, 7.16342401505, 7.70686197281, 15.9810590744, 15.2720556259, 18.3112030029, 19.9492397308, 24.2455425262, 28.2234649658, 22.099647522, 13.2825927734, 24.4907894135, 15.3277359009, 5.50668621063, 4.60195207596, 4.37835693359, 3.71637058258, 2.23785233498, 1.81903123856, 0.991268575191, 0.203897431493, 0.033604323864, 0.00371115934104, 0.0001728048519, 1.15546845336e-05], "dmean2": [8.34827642393e-06, 0.000198279914912, 0.0043000173755, 0.0820520147681, 1.03959643841, 2.37589025497, 3.12120580673, 4.26880168915, 9.7835111618, 9.9045381546, 10.6561374664, 9.82983779907, 10.4886512756, 16.7857952118, 7.99126005173, 6.3272395134, 10.6138706207, 10.8309707642, 23.6060771942, 22.7342014313, 28.9261226654, 30.5509529114, 35.3940849304, 43.7292900085, 32.9687805176, 19.9931945801, 36.4847793579, 24.0671272278, 8.49522018433, 6.98092508316, 6.6587562561, 5.6415553093, 3.35408353806, 2.64213299751, 1.47283232212, 0.295202463865, 0.0478812232614, 0.00540366675705, 0.000249800767051, 1.62440956046e-05], "dvar": [4.75659400756e-10, 7.6729685361e-07, 0.000846396607812, 0.0408013761044, 2.72709298134, 13.4891691208, 38.8871879578, 59.8668022156, 249.526672363, 258.424407959, 333.280456543, 281.340637207, 539.227905273, 1111.61999512, 387.361450195, 223.703643799, 624.383422852, 897.45916748, 2553.71386719, 1849.79614258, 2713.78125, 2790.70263672, 3957.15478516, 4503.55908203, 2971.42407227, 988.614074707, 3029.66064453, 1995.35986328, 247.239013672, 283.885528564, 217.632232666, 95.5191650391, 51.7956199646, 26.977312088, 7.69360876083, 0.531679809093, 0.0157850123942, 0.000158157083206, 3.7759599536e-07, 5.63219748617e-10], "dvar2": [1.28402288802e-09, 2.00853105525e-06, 0.00232415273786, 0.0932770222425, 5.03453826904, 23.3870410919, 74.6065292358, 114.688835144, 544.772827148, 586.840454102, 661.048278809, 597.847229004, 1154.15563965, 2207.71777344, 701.615600586, 528.623291016, 1464.63879395, 1503.34619141, 6067.78613281, 3888.48974609, 6847.19384766, 6818.71240234, 8907.875, 11286.0517578, 6716.33642578, 2309.57397461, 6409.99755859, 4588.38232422, 611.018798828, 648.163757324, 513.808898926, 208.200805664, 113.545478821, 53.6017112732, 15.4830303192, 1.09452903271, 0.0283763110638, 0.000312352844048, 7.70755434587e-07, 1.14919562755e-09], "max": [0.000662425940391, 0.0370637364686, 1.31344377995, 6.16317939758, 32.9549407959, 81.6022872925, 106.962928772, 177.162384033, 200.081558228, 223.318496704, 283.343231201, 296.841827393, 402.547912598, 481.837036133, 476.469177246, 349.258666992, 799.597045898, 1014.60821533, 857.636169434, 994.599243164, 993.272277832, 1049.02575684, 1327.74560547, 2022.83557129, 1234.57470703, 804.976623535, 762.198120117, 1097.47888184, 369.606109619, 426.893920898, 395.452972412, 249.809768677, 207.907241821, 137.817810059, 73.964881897, 20.6262283325, 3.90204191208, 0.353124439716, 0.0160961132497, 0.000514295767061], "mean": [8.99503265828e-06, 0.000153011234943, 0.00405641412362, 0.144980475307, 1.96597790718, 3.81374049187, 3.42047381401, 5.18508005142, 10.6796255112, 8.62256813049, 10.580780983, 8.90055274963, 9.94606590271, 17.8395996094, 8.32378196716, 6.68602371216, 13.7004146576, 11.0105895996, 21.0500278473, 22.1416168213, 22.9640369415, 28.5916728973, 36.9561653137, 41.5689888, 33.5317459106, 20.5569152832, 35.7438240051, 21.2852611542, 7.8954873085, 6.69588136673, 6.56182909012, 5.87920331955, 3.31152224541, 2.82917094231, 1.48987054825, 0.298526763916, 0.0483486503363, 0.00535312946886, 0.000253821024671, 2.55709674093e-05], "median": [4.21286404162e-06, 5.20014145877e-05, 0.000700951495674, 0.0145121766254, 0.198683470488, 0.604772984982, 0.54397380352, 0.769857466221, 1.18376755714, 1.56049847603, 1.15107083321, 0.956218004227, 0.86783015728, 1.29968845844, 0.870262980461, 0.808880507946, 0.897674143314, 0.872182846069, 1.68268275261, 2.6293823719, 3.6027071476, 4.82357549667, 9.43640995026, 14.5605516434, 8.71136665344, 6.45920181274, 8.24316883087, 4.93096923828, 2.42046689987, 1.1773648262, 1.12972342968, 1.29299616814, 0.692380607128, 0.550956606865, 0.374239325523, 0.0536409765482, 0.00896562542766, 0.00108174898196, 5.95002275077e-05, 1.70351086126e-05], "min": [7.48575608949e-23, 3.25543614562e-21, 2.65851664504e-20, 3.79164018534e-20, 2.53618212544e-20, 1.58219139687e-19, 3.93507007239e-19, 2.6504239429e-19, 2.94039236513e-19, 7.79493908733e-19, 2.55133809698e-18, 2.69307652891e-18, 3.09534314619e-18, 2.59608960209e-18, 2.45862665994e-18, 2.61756507195e-18, 3.67165580219e-18, 4.86289307798e-18, 7.68635498493e-18, 4.88113571921e-18, 6.35511366814e-18, 5.92197336168e-18, 1.04716458153e-17, 1.36977279593e-17, 1.76127630451e-17, 1.69282115312e-17, 8.95740898598e-18, 1.39141605937e-17, 2.55725367913e-17, 3.08102973695e-17, 2.24466642698e-17, 1.9138539044e-17, 1.66485268769e-17, 1.03792654573e-17, 1.07859330891e-17, 6.30433677265e-18, 3.04395579141e-18, 1.35142886643e-18, 3.04810368859e-19, 4.00421397054e-20], "var": [3.97713806333e-10, 5.72897022266e-07, 0.000573483994231, 0.107229039073, 11.4084558487, 55.897190094, 83.2978057861, 141.33605957, 464.725952148, 364.090667725, 699.248046875, 482.019989014, 877.098144531, 2410.40454102, 806.706726074, 356.801757812, 3291.80883789, 1705.97485352, 3937.73510742, 3591.02709961, 3247.66235352, 4288.05126953, 6509.24707031, 5560.19873047, 4695.98583984, 1794.40075684, 5390.578125, 2838.0871582, 326.280273438, 597.114318848, 437.843383789, 251.69354248, 109.073677063, 63.8793334961, 16.1938686371, 1.07232093811, 0.0315861925483, 0.000290127820335, 6.30285057923e-07, 1.32499566874e-09]}, "gfcc": {"mean": [-119.804771423, -8.23388385773, -165.932617188, 16.8706569672, -93.6192245483, -21.4268760681, -63.666217804, 1.59629249573, -42.7778434753, -6.32628822327, -22.6083259583, -5.1110906601, -10.0279750824], "cov": [[29052.9589844, 1092.37548828, -923.846374512, 447.758758545, -2552.67504883, -827.484863281, -2059.78222656, -94.5590896606, -1200.1706543, 83.9341430664, -512.279602051, -369.440429688, -15.7695484161], [1092.37548828, 2967.92382812, 58.9889373779, 37.2404518127, -27.7727241516, -396.061767578, -152.740539551, -343.728179932, -304.84942627, -187.016159058, 11.356013298, -265.822387695, -29.0982437134], [-923.846374512, 58.9889373779, 1640.97473145, 542.965515137, 36.4907722473, -126.448120117, -265.357391357, -83.5751419067, -188.092422485, -21.2338733673, -6.22041511536, 63.8900604248, -175.800292969], [447.758758545, 37.2404518127, 542.965515137, 736.242736816, -70.6286697388, -282.657684326, -212.606292725, -49.230052948, -65.5529632568, -46.6476631165, -10.8548049927, 39.7230148315, -60.8802719116], [-2552.67504883, -27.7727241516, 36.4907722473, -70.6286697388, 477.431304932, 191.296798706, 195.87840271, -22.3775634766, 71.8917999268, -31.5913257599, -14.0243091583, 22.873752594, -29.7288913727], [-827.484863281, -396.061767578, -126.448120117, -282.657684326, 191.296798706, 537.3671875, 165.194412231, -62.1514396667, 38.5145492554, -16.9999141693, -18.752073288, 2.43306303024, -42.2727508545], [-2059.78222656, -152.740539551, -265.357391357, -212.606292725, 195.87840271, 165.194412231, 449.01260376, 58.4875259399, 108.32308197, 21.2671260834, 21.6183013916, -7.32180976868, -11.2110242844], [-94.5590896606, -343.728179932, -83.5751419067, -49.230052948, -22.3775634766, -62.1514396667, 58.4875259399, 251.220046997, 88.1867523193, 11.2539415359, -6.67892885208, 11.2271776199, 32.804775238], [-1200.1706543, -304.84942627, -188.092422485, -65.5529632568, 71.8917999268, 38.5145492554, 108.32308197, 88.1867523193, 250.251434326, 43.4244804382, 22.3094615936, 32.4590950012, 38.2691497803], [83.9341430664, -187.016159058, -21.2338733673, -46.6476631165, -31.5913257599, -16.9999141693, 21.2671260834, 11.2539415359, 43.4244804382, 160.091522217, 16.2542476654, -6.79822635651, -10.0449323654], [-512.279602051, 11.356013298, -6.22041511536, -10.8548049927, -14.0243091583, -18.752073288, 21.6183013916, -6.67892885208, 22.3094615936, 16.2542476654, 178.032241821, 30.0998058319, -4.40034580231], [-369.440429688, -265.822387695, 63.8900604248, 39.7230148315, 22.873752594, 2.43306303024, -7.32180976868, 11.2271776199, 32.4590950012, -6.79822635651, 30.0998058319, 145.145736694, 30.4773464203], [-15.7695484161, -29.0982437134, -175.800292969, -60.8802719116, -29.7288913727, -42.2727508545, -11.2110242844, 32.804775238, 38.2691497803, -10.0449323654, -4.40034580231, 30.4773464203, 176.620239258]], "icov": [[0.000164535857039, -6.42322556814e-05, 0.000278237479506, -0.000128849060275, 0.000610949879047, -0.000237947228015, 0.000549770367797, -0.00030963215977, 0.000613223994151, -0.00031397814746, 0.000401667755796, -0.000115151466161, 0.000254082406173], [-6.42322556814e-05, 0.000886865251232, -0.000166926081874, 0.000554256897885, -0.00052681582747, 0.00125656288583, -0.000268012547167, 0.0014502335107, -6.77430989526e-06, 0.00127178349067, -0.000404483871534, 0.00148506893311, -0.000101563673525], [0.000278237479506, -0.000166926081874, 0.00150741799735, -0.000854886951856, 0.00069305911893, -0.000577750208322, 0.0013509063283, -0.000827102921903, 0.00166192557663, -0.000913041818421, 0.000647309294436, -0.000786878576037, 0.00116071850061], [-0.000128849060275, 0.000554256897885, -0.000854886951856, 0.00295585789718, -0.000639272737317, 0.00217169011012, -7.30380997993e-05, 0.00166111148428, -0.000954965827987, 0.00178241357207, -9.91673659883e-05, 0.00038102013059, 0.000586843176279], [0.000610949879047, -0.00052681582747, 0.00069305911893, -0.000639272737317, 0.00551725970581, -0.00189545680769, 0.000781378475949, -0.00100322510116, 0.00130194227677, -0.00071786477929, 0.00201686494984, -0.00123207073193, 0.00108811061364], [-0.000237947228015, 0.00125656288583, -0.000577750208322, 0.00217169011012, -0.00189545680769, 0.00506972987205, -0.00125823658891, 0.00333491922356, -0.00107889866922, 0.00268088118173, -0.000344632688211, 0.00154655380175, 0.000665136263706], [0.000549770367797, -0.000268012547167, 0.0013509063283, -7.30380997993e-05, 0.000781378475949, -0.00125823658891, 0.00547657022253, -0.00188114785124, 0.00154503120575, -0.00144035858102, 0.000852636760101, -0.000251129793469, 0.0014996775426], [-0.00030963215977, 0.0014502335107, -0.000827102921903, 0.00166111148428, -0.00100322510116, 0.00333491922356, -0.00188114785124, 0.00787856429815, -0.00274633918889, 0.0029225833714, -0.000414545880631, 0.002140595112, -0.000611248193309], [0.000613223994151, -6.77430989526e-06, 0.00166192557663, -0.000954965827987, 0.00130194227677, -0.00107889866922, 0.00154503120575, -0.00274633918889, 0.00852556992322, -0.00268838950433, 0.000821880123112, -0.00105285423342, 0.000149739527842], [-0.00031397814746, 0.00127178349067, -0.000913041818421, 0.00178241357207, -0.00071786477929, 0.00268088118173, -0.00144035858102, 0.0029225833714, -0.00268838950433, 0.00941833760589, -0.00132180040237, 0.00243799993768, 0.00043816777179], [0.000401667755796, -0.000404483871534, 0.000647309294436, -9.91673659883e-05, 0.00201686494984, -0.000344632688211, 0.000852636760101, -0.000414545880631, 0.000821880123112, -0.00132180040237, 0.00724493945017, -0.00222999602556, 0.00127950985916], [-0.000115151466161, 0.00148506893311, -0.000786878576037, 0.00038102013059, -0.00123207073193, 0.00154655380175, -0.000251129793469, 0.002140595112, -0.00105285423342, 0.00243799993768, -0.00222999602556, 0.0108277825639, -0.00222546118312], [0.000254082406173, -0.000101563673525, 0.00116071850061, 0.000586843176279, 0.00108811061364, 0.000665136263706, 0.0014996775426, -0.000611248193309, 0.000149739527842, 0.00043816777179, 0.00127950985916, -0.00222546118312, 0.00798487756401]]}, "melbands": {"dmean": [5.07383823845e-08, 7.86235148098e-07, 2.5424255e-05, 9.68696404016e-05, 7.23593620933e-05, 6.95642156643e-05, 0.000100315752206, 7.36977017368e-05, 6.03057414992e-05, 4.02809346269e-05, 3.75151030312e-05, 5.06649485033e-05, 2.16010939766e-05, 1.37080960485e-05, 1.45482763401e-05, 1.57825270435e-05, 1.51134536281e-05, 2.45108785748e-05, 2.71137669188e-05, 2.01096281671e-05, 2.37717304117e-05, 2.30154601013e-05, 1.9312796212e-05, 2.42538353632e-05, 2.4679246053e-05, 2.19077137444e-05, 1.01863442978e-05, 8.95437187864e-06, 1.49475708895e-05, 1.59452192747e-05, 7.06220225766e-06, 3.27913699039e-06, 2.67573932433e-06, 2.66502229351e-06, 2.40589861278e-06, 3.08883409161e-06, 2.08161645787e-06, 1.62512139923e-06, 1.52627080752e-06, 1.63908032391e-06], "dmean2": [8.87898465862e-08, 1.37835559144e-06, 3.42261919286e-05, 0.000133575042128, 0.000102194208011, 9.71539775492e-05, 0.000150889129145, 0.000110975102871, 8.90319424798e-05, 6.03431435593e-05, 5.52503624931e-05, 7.2669768997e-05, 3.14057215292e-05, 1.94154818018e-05, 2.18906516238e-05, 2.3494965717e-05, 2.17298202188e-05, 3.685475167e-05, 4.0572398575e-05, 3.17182311846e-05, 3.81298668799e-05, 3.55910342478e-05, 2.88351493509e-05, 3.63070430467e-05, 3.87424151995e-05, 3.36279517796e-05, 1.53353867063e-05, 1.36696817208e-05, 2.23921124416e-05, 2.4332832254e-05, 1.12049756353e-05, 5.18288106832e-06, 4.15630347561e-06, 4.1287030399e-06, 3.72060844711e-06, 4.70325312563e-06, 3.18893398799e-06, 2.50669313573e-06, 2.26050406127e-06, 2.43756721829e-06], "dvar": [7.33331377936e-14, 1.21382542906e-10, 3.99523925054e-09, 4.30525517459e-08, 3.27675060419e-08, 2.68398476777e-08, 5.87423762965e-08, 3.07349381501e-08, 2.19240714472e-08, 1.12723110846e-08, 1.43121985374e-08, 2.05542640686e-08, 6.45061648541e-09, 1.98054284084e-09, 3.10383829749e-09, 2.86929346949e-09, 4.14249301528e-09, 6.09406702878e-09, 8.33951396828e-09, 3.44134032382e-09, 5.38062128186e-09, 3.83551235217e-09, 2.95937763184e-09, 3.38319350313e-09, 3.72352082501e-09, 2.88070522991e-09, 7.10232817003e-10, 5.69948754858e-10, 1.36084443714e-09, 1.75223091592e-09, 5.38540156914e-10, 1.30839852841e-10, 7.09200198568e-11, 1.21378351814e-10, 7.39118419246e-11, 9.68933613898e-11, 3.08176088815e-11, 2.99369869172e-11, 2.35442568219e-11, 2.14317279201e-11], "dvar2": [1.95549902226e-13, 3.3562408408e-10, 7.75909736461e-09, 7.64092078498e-08, 6.26947525006e-08, 5.12009243891e-08, 1.291689955e-07, 6.90295536288e-08, 4.41877823221e-08, 2.41611424201e-08, 3.03732221596e-08, 4.06035951528e-08, 1.28479982209e-08, 4.15096179651e-09, 6.96264690347e-09, 6.87327883497e-09, 7.05009428614e-09, 1.46610004137e-08, 1.95930134339e-08, 7.98209587316e-09, 1.33437625394e-08, 9.2629752757e-09, 7.01133551217e-09, 7.85841614004e-09, 9.4490335556e-09, 6.70859412466e-09, 1.61002133847e-09, 1.36930378147e-09, 3.02014679932e-09, 3.97854549306e-09, 1.2530301241e-09, 3.28615190615e-10, 1.76929679241e-10, 2.81616119313e-10, 1.79876835649e-10, 2.19681578484e-10, 7.0046038414e-11, 6.88381365799e-11, 4.89805730697e-11, 4.44221777418e-11], "max": [7.3754827099e-06, 0.000497588538565, 0.00169902632479, 0.00423537474126, 0.00295367417857, 0.00345136714168, 0.00327553134412, 0.00209842552431, 0.00239600427449, 0.0020599514246, 0.00196281424724, 0.00202276627533, 0.0018931531813, 0.00089845887851, 0.00215158727951, 0.0012770955218, 0.00231676665135, 0.00119837420061, 0.00232948013581, 0.00150036835112, 0.0013785767369, 0.00125589792151, 0.00115449842997, 0.000985063612461, 0.00179332727566, 0.00134355737828, 0.000639575533569, 0.000719461182598, 0.000634673284367, 0.00115589471534, 0.000588504772168, 0.000339332531439, 0.000175845678314, 0.000284212525003, 0.000229299708735, 0.000251855963143, 0.000106792496808, 0.000142225035233, 0.000128555780975, 0.000123710531625], "mean": [3.972239071e-08, 6.52971209547e-07, 5.93427939748e-05, 0.000243023358053, 0.000121510638564, 0.000115350492706, 0.000164158002008, 9.48580564e-05, 8.54065001477e-05, 5.19713976246e-05, 5.05480747961e-05, 7.60412513046e-05, 2.87114071398e-05, 1.9081926439e-05, 2.54532442341e-05, 2.53356010944e-05, 1.9478109607e-05, 3.01936106553e-05, 3.50505179085e-05, 2.50086141023e-05, 2.79070027318e-05, 3.01741038129e-05, 2.80670137727e-05, 3.59021869372e-05, 3.33992647938e-05, 3.04880632029e-05, 1.52323709699e-05, 1.28595329443e-05, 2.11493279494e-05, 2.18610402953e-05, 9.08630954655e-06, 4.36236268797e-06, 3.62150490218e-06, 3.73241755369e-06, 3.42564521816e-06, 4.53998973171e-06, 3.20309231938e-06, 2.274004828e-06, 2.22369226321e-06, 2.45870683102e-06], "median": [5.4846149844e-09, 4.25424424577e-08, 3.47145919477e-06, 3.68815999536e-05, 2.34839444602e-05, 1.15224374895e-05, 1.71329484147e-05, 1.33744360937e-05, 6.80135235598e-06, 3.284203558e-06, 2.85384089693e-06, 5.01357226312e-06, 2.17421074922e-06, 1.99604778572e-06, 1.5491295926e-06, 1.74208014414e-06, 1.23066490687e-06, 2.04431512429e-06, 3.01832187688e-06, 2.94027040582e-06, 3.65442519978e-06, 4.20378819399e-06, 5.30076385985e-06, 8.8495298769e-06, 1.05309945866e-05, 6.58476210447e-06, 4.06547405873e-06, 3.62276932719e-06, 4.70465374747e-06, 3.84502754969e-06, 1.89081617918e-06, 1.01011767129e-06, 5.98672102115e-07, 3.95964349309e-07, 4.54117014215e-07, 7.83055895681e-07, 7.16761860531e-07, 4.02462234206e-07, 3.67969221315e-07, 4.35185995684e-07], "min": [1.52605004064e-24, 1.07967337353e-23, 5.89632348113e-24, 5.74629475874e-24, 1.23884018176e-23, 7.02464464451e-24, 4.79699019502e-24, 7.53742079898e-24, 2.67242282644e-23, 1.60756173636e-23, 1.6662700271e-23, 1.26025562542e-23, 6.06997661549e-24, 7.52386974635e-24, 8.79329919301e-24, 5.85970534678e-24, 9.9513020368e-24, 1.1842771973e-23, 9.01703592294e-24, 5.59986639751e-24, 8.12650741312e-24, 6.07262206054e-24, 5.75800263786e-24, 1.28193194537e-23, 9.94943480304e-24, 1.54522673649e-23, 1.02357510797e-23, 1.18080439494e-23, 5.31113699531e-24, 5.13915782379e-24, 8.93225861918e-24, 1.40265085638e-23, 1.39675096567e-23, 1.93310506819e-23, 1.19648095439e-23, 1.15122226877e-23, 1.18213054901e-23, 1.10369048044e-23, 1.17828437878e-23, 7.40836631033e-24], "var": [5.21628808127e-14, 7.71268535149e-11, 1.50652166298e-08, 2.03906026286e-07, 7.50478932332e-08, 6.51770619697e-08, 1.0914671833e-07, 4.6056250369e-08, 4.38086971144e-08, 1.86754434139e-08, 2.45765168216e-08, 4.50430661658e-08, 1.21211050086e-08, 3.04291503106e-09, 1.40048559416e-08, 8.27901835976e-09, 7.2815709018e-09, 8.82584938466e-09, 1.15523608457e-08, 4.97892704843e-09, 6.25731377824e-09, 5.81078074546e-09, 4.41290470832e-09, 5.56832535636e-09, 4.1784344873e-09, 4.09929867828e-09, 1.10995768132e-09, 9.14446074418e-10, 2.16921436369e-09, 2.67603339488e-09, 7.18148207568e-10, 1.51040541185e-10, 1.03065035673e-10, 2.59603671893e-10, 1.45094047888e-10, 1.85724616242e-10, 7.66980576272e-11, 5.67309636768e-11, 5.08519198972e-11, 4.70682659515e-11]}, "mfcc": {"mean": [-744.123352051, 24.1055984497, -39.2309341431, 6.40247440338, -24.1344871521, -34.4827308655, -21.1125869751, -21.4571285248, -19.2090969086, -17.5772953033, -18.6451721191, -11.4132843018, -15.7652788162], "cov": [[17197.7519531, -305.582275391, -849.42755127, -287.047485352, -1016.38574219, -1462.39257812, -704.583984375, -827.163635254, -443.391326904, -449.583892822, -669.46697998, -244.6328125, -688.709106445], [-305.582275391, 2252.74682617, -95.2702178955, -16.5073928833, -129.780441284, -137.564086914, 26.3382778168, -291.075683594, -202.117782593, -196.513336182, -109.373168945, -189.676055908, -223.605300903], [-849.42755127, -95.2702178955, 1230.33300781, 463.305389404, 218.734176636, -59.3750534058, -70.5394668579, -88.2233505249, -176.816635132, -241.449295044, 44.9640426636, -74.5547866821, 124.300773621], [-287.047485352, -16.5073928833, 463.305389404, 859.529724121, 92.381072998, -217.984649658, -125.214889526, -102.312919617, -36.8482513428, -201.015319824, 11.1862754822, -2.68131947517, 124.214836121], [-1016.38574219, -129.780441284, 218.734176636, 92.381072998, 383.633544922, 109.619041443, -16.4502086639, 66.1379928589, 12.4924631119, -40.0126190186, 28.054775238, -39.5719642639, 90.3529205322], [-1462.39257812, -137.564086914, -59.3750534058, -217.984649658, 109.619041443, 561.601501465, 144.612854004, 162.298675537, 38.0962409973, 119.908653259, 93.5564346313, -31.8196983337, 45.7111473083], [-704.583984375, 26.3382778168, -70.5394668579, -125.214889526, -16.4502086639, 144.612854004, 279.594940186, 83.0771636963, 32.0031356812, 76.9932022095, 45.1099815369, 38.4122047424, 3.32456684113], [-827.163635254, -291.075683594, -88.2233505249, -102.312919617, 66.1379928589, 162.298675537, 83.0771636963, 301.773529053, 102.674575806, 93.2914810181, 67.270149231, 37.544834137, 61.0215759277], [-443.391326904, -202.117782593, -176.816635132, -36.8482513428, 12.4924631119, 38.0962409973, 32.0031356812, 102.674575806, 300.6043396, 115.590499878, 25.631275177, 61.0400085449, 25.3753509521], [-449.583892822, -196.513336182, -241.449295044, -201.015319824, -40.0126190186, 119.908653259, 76.9932022095, 93.2914810181, 115.590499878, 288.379882812, 51.6364326477, 111.699798584, 12.8136281967], [-669.46697998, -109.373168945, 44.9640426636, 11.1862754822, 28.054775238, 93.5564346313, 45.1099815369, 67.270149231, 25.631275177, 51.6364326477, 160.442367554, 46.514793396, 48.4680404663], [-244.6328125, -189.676055908, -74.5547866821, -2.68131947517, -39.5719642639, -31.8196983337, 38.4122047424, 37.544834137, 61.0400085449, 111.699798584, 46.514793396, 240.606246948, 52.5432777405], [-688.709106445, -223.605300903, 124.300773621, 124.214836121, 90.3529205322, 45.7111473083, 3.32456684113, 61.0215759277, 25.3753509521, 12.8136281967, 48.4680404663, 52.5432777405, 189.144088745]], "icov": [[0.000135243462864, 0.000132047411171, 9.32363982429e-05, 7.31719992473e-05, 0.0001997059735, 0.000218472036067, 0.00013431419211, 0.000159826682648, 0.000136782866321, 0.000141924407217, 0.000189472732018, 9.85158694675e-05, 0.000233220445807], [0.000132047411171, 0.000738199742045, 0.000214954925468, 3.41147679137e-05, 0.000193505984498, 0.000237572079641, -0.000175813649548, 0.000595171179157, 0.000314977020025, 0.000374840688892, 0.000149350336869, 0.000357811426511, 0.000645744032227], [9.32363982429e-05, 0.000214954925468, 0.00141420809086, -0.000385336752515, -0.000369719666196, 0.000159920629812, -6.47967171972e-05, 0.000406081875553, 0.000663066457491, 0.000694764079526, -0.000353718787665, 0.000222839735216, -0.000181907365914], [7.31719992473e-05, 3.41147679137e-05, -0.000385336752515, 0.0020372949075, 5.74685291213e-05, 0.000643259030767, 0.000371953326976, 0.000452051695902, -0.000382962956792, 0.00103545025922, -0.000311699404847, -0.000132362503791, -0.00101535301656], [0.0001997059735, 0.000193505984498, -0.000369719666196, 5.74685291213e-05, 0.00387616618536, -0.000358995457646, 0.000635928940028, -0.000315918645356, -0.000181405019248, 0.000567572831642, 0.000456130772363, 0.000654129020404, -0.000825667753816], [0.000218472036067, 0.000237572079641, 0.000159920629812, 0.000643259030767, -0.000358995457646, 0.0033658251632, -0.000739656214137, -0.000371333473595, 0.000491894315928, -0.000633819785435, -0.00077742425492, 0.00138487212826, -0.000168874015799], [0.00013431419211, -0.000175813649548, -6.47967171972e-05, 0.000371953326976, 0.000635928940028, -0.000739656214137, 0.00485466048121, -0.00068970216671, 4.45721743745e-05, -0.000121285469504, -0.000197031724383, -0.00066755420994, 0.00032985737198], [0.000159826682648, 0.000595171179157, 0.000406081875553, 0.000452051695902, -0.000315918645356, -0.000371333473595, -0.00068970216671, 0.00553887989372, -0.000850942218676, 0.000197064742679, -0.000765190750826, 0.000311053532641, -0.00060186337214], [0.000136782866321, 0.000314977020025, 0.000663066457491, -0.000382962956792, -0.000181405019248, 0.000491894315928, 4.45721743745e-05, -0.000850942218676, 0.00473050028086, -0.00120200461242, 0.000255329010542, -1.00817078419e-05, 0.000311855255859], [0.000141924407217, 0.000374840688892, 0.000694764079526, 0.00103545025922, 0.000567572831642, -0.000633819785435, -0.000121285469504, 0.000197064742679, -0.00120200461242, 0.00699555454776, -0.000657975033391, -0.00217337324284, 0.000103632970422], [0.000189472732018, 0.000149350336869, -0.000353718787665, -0.000311699404847, 0.000456130772363, -0.00077742425492, -0.000197031724383, -0.000765190750826, 0.000255329010542, -0.000657975033391, 0.00857597216964, -0.00101351167541, -0.000381775811547], [9.85158694675e-05, 0.000357811426511, 0.000222839735216, -0.000132362503791, 0.000654129020404, 0.00138487212826, -0.00066755420994, 0.000311053532641, -1.00817078419e-05, -0.00217337324284, -0.00101351167541, 0.00646841619164, -0.0014021738898], [0.000233220445807, 0.000645744032227, -0.000181907365914, -0.00101535301656, -0.000825667753816, -0.000168874015799, 0.00032985737198, -0.00060186337214, 0.000311855255859, 0.000103632970422, -0.000381775811547, -0.0014021738898, 0.00874800980091]]}, "spectral_contrast_coeffs": {"dmean": [0.057132076472, 0.063030846417, 0.0531371124089, 0.0415277294815, 0.0357402227819, 0.0292633119971], "dmean2": [0.0870173871517, 0.0938656851649, 0.0747792720795, 0.0607292316854, 0.0532134696841, 0.0429945215583], "dvar": [0.00250117667019, 0.00333150057122, 0.00227787694894, 0.00135211937595, 0.00110609817784, 0.000734062166885], "dvar2": [0.0050381347537, 0.00618416629732, 0.00409557530656, 0.00262127863243, 0.00216495804489, 0.00144555151928], "max": [-0.204753130674, -0.332521259785, -0.397332042456, -0.420347511768, -0.535839021206, -0.550811946392], "mean": [-0.50619417429, -0.646603345871, -0.732705891132, -0.747596859932, -0.758112132549, -0.744531154633], "median": [-0.45920753479, -0.628636002541, -0.749604225159, -0.759108304977, -0.762039899826, -0.742921948433], "min": [-0.989462018013, -0.995799362659, -0.995307326317, -0.996670484543, -0.958901762962, -0.959758400917], "var": [0.0248139817268, 0.0194927416742, 0.0132378442213, 0.0090828826651, 0.00594392139465, 0.00402767024934]}, "spectral_contrast_valleys": {"dmean": [0.62227922678, 0.623448431492, 0.463667482138, 0.416948199272, 0.440218150616, 0.498943924904], "dmean2": [1.00787711143, 0.95367115736, 0.700830757618, 0.61698281765, 0.629934430122, 0.676149308681], "dvar": [0.265035331249, 0.357414215803, 0.210320755839, 0.197381854057, 0.271493673325, 0.376824438572], "dvar2": [0.608002185822