{"lowlevel": {"average_loudness": 0.946116149426, "barkbands_crest": {"dmean": 2.70848751068, "dmean2": 4.36475229263, "dvar": 6.69716644287, "dvar2": 17.3591651917, "max": 24.9929180145, "mean": 12.0377063751, "median": 11.529882431, "min": 3.06627869606, "var": 17.3177776337}, "barkbands_flatness_db": {"dmean": 0.0306305941194, "dmean2": 0.0449348688126, "dvar": 0.00101202132646, "dvar2": 0.00197119009681, "max": 0.482003748417, "mean": 0.172242224216, "median": 0.16526222229, "min": 0.0310432836413, "var": 0.00502209411934}, "barkbands_kurtosis": {"dmean": 6.77229642868, "dmean2": 10.5208435059, "dvar": 189.470214844, "dvar2": 440.515594482, "max": 357.616394043, "mean": 12.9117460251, "median": 4.56608867645, "min": -1.9006062746, "var": 578.250427246}, "barkbands_skewness": {"dmean": 0.806042671204, "dmean2": 1.2067360878, "dvar": 0.821720838547, "dvar2": 1.84871280193, "max": 17.1887016296, "mean": 2.34829330444, "median": 2.0501332283, "min": -4.61515617371, "var": 4.37510919571}, "barkbands_spread": {"dmean": 5.32518959045, "dmean2": 8.1714849472, "dvar": 47.6848487854, "dvar2": 101.957473755, "max": 115.103897095, "mean": 18.2084102631, "median": 16.488067627, "min": 0.422007203102, "var": 161.78503418}, "dissonance": {"dmean": 0.021651385352, "dmean2": 0.0350106656551, "dvar": 0.000523755385075, "dvar2": 0.00126703875139, "max": 0.499999970198, "mean": 0.449637621641, "median": 0.45851829648, "min": 0.190013259649, "var": 0.00132221763488}, "dynamic_complexity": 4.08770704269, "erbbands_crest": {"dmean": 2.80988454819, "dmean2": 4.24491500854, "dvar": 8.07431602478, "dvar2": 17.6893558502, "max": 30.7989273071, "mean": 12.2670936584, "median": 11.2875566483, "min": 1.87773191929, "var": 35.5898551941}, "erbbands_flatness_db": {"dmean": 0.0287549812347, "dmean2": 0.0377453416586, "dvar": 0.000953014940023, "dvar2": 0.0017182608135, "max": 0.445638656616, "mean": 0.150803029537, "median": 0.13680562377, "min": 0.0247215852141, "var": 0.00413797004148}, "erbbands_kurtosis": {"dmean": 1.93120360374, "dmean2": 2.95525670052, "dvar": 18.1247425079, "dvar2": 38.1633033752, "max": 120.905197144, "mean": 2.34887266159, "median": 0.566919922829, "min": -1.84102773666, "var": 34.622051239}, "erbbands_skewness": {"dmean": 0.469469606876, "dmean2": 0.687765836716, "dvar": 0.277958035469, "dvar2": 0.574367463589, "max": 7.30273389816, "mean": 0.252541750669, "median": 0.303011894226, "min": -7.08863162994, "var": 1.66940939426}, "erbbands_spread": {"dmean": 11.0941581726, "dmean2": 16.351474762, "dvar": 168.576980591, "dvar2": 337.400848389, "max": 191.688491821, "mean": 41.5178527832, "median": 36.0550765991, "min": 0.75341385603, "var": 706.817565918}, "hfc": {"dmean": 8.80053329468, "dmean2": 12.3996324539, "dvar": 173.39906311, "dvar2": 370.44744873, "max": 159.514602661, "mean": 20.9628047943, "median": 15.2434587479, "min": 1.18237143819e-16, "var": 403.766906738}, "melbands_crest": {"dmean": 3.48680305481, "dmean2": 5.67976140976, "dvar": 10.2701749802, "dvar2": 26.4650554657, "max": 37.7594642639, "mean": 16.9588699341, "median": 16.6138191223, "min": 1.64824604988, "var": 34.0130729675}, "melbands_flatness_db": {"dmean": 0.0352999679744, "dmean2": 0.0515825785697, "dvar": 0.00140225142241, "dvar2": 0.00265236129053, "max": 0.627076029778, "mean": 0.263389348984, "median": 0.262687325478, "min": 0.00405964069068, "var": 0.00833365600556}, "melbands_kurtosis": {"dmean": 16.6872119904, "dmean2": 26.3379230499, "dvar": 974.503601074, "dvar2": 2458.38671875, "max": 585.200195312, "mean": 32.4239883423, "median": 14.7326526642, "min": -1.92845654488, "var": 2982.61035156}, "melbands_skewness": {"dmean": 1.14350926876, "dmean2": 1.7590379715, "dvar": 1.77649140358, "dvar2": 4.14304876328, "max": 19.3217086792, "mean": 3.61641454697, "median": 3.18040633202, "min": -2.57978487015, "var": 7.3586602211}, "melbands_spread": {"dmean": 5.43976545334, "dmean2": 8.40659141541, "dvar": 54.1239547729, "dvar2": 118.191986084, "max": 191.694351196, "mean": 18.0079269409, "median": 13.1779727936, "min": 0.346849054098, "var": 370.29888916}, "pitch_salience": {"dmean": 0.0772494524717, "dmean2": 0.125267326832, "dvar": 0.0064762388356, "dvar2": 0.0153595795855, "max": 0.953578948975, "mean": 0.458518713713, "median": 0.437123984098, "min": 0.0833884552121, "var": 0.0183544140309}, "silence_rate_20dB": {"dmean": 0, "dmean2": 0, "dvar": 0, "dvar2": 0, "max": 1, "mean": 1, "median": 1, "min": 1, "var": 0}, "silence_rate_30dB": {"dmean": 0.0984016656876, "dmean2": 0.196830689907, "dvar": 0.0887199044228, "dvar2": 0.210073024035, "max": 1, "mean": 0.925792098045, "median": 1, "min": 0, "var": 0.0686944797635}, "silence_rate_60dB": {"dmean": 0.0403057672083, "dmean2": 0.0806227400899, "dvar": 0.0386752821505, "dvar2": 0.0816185697913, "max": 1, "mean": 0.113396331668, "median": 0, "min": 0, "var": 0.10053987056}, "spectral_centroid": {"dmean": 190.415588379, "dmean2": 292.02545166, "dvar": 58382.9335938, "dvar2": 118079.421875, "max": 11112.9277344, "mean": 977.025939941, "median": 886.272827148, "min": 123.650482178, "var": 364295.8125}, "spectral_complexity": {"dmean": 3.68617105484, "dmean2": 5.16819572449, "dvar": 25.991727829, "dvar2": 45.3195877075, "max": 51, "mean": 11.6980266571, "median": 10, "min": 0, "var": 68.3681793213}, "spectral_decrease": {"dmean": 5.60279733719e-09, "dmean2": 8.72548522324e-09, "dvar": 7.65218431926e-17, "dvar2": 1.83517443668e-16, "max": 8.03855463448e-19, "mean": -1.04509263466e-08, "median": -7.75339614734e-09, "min": -8.265151763e-08, "var": 1.09773775898e-16}, "spectral_energy": {"dmean": 0.0218418464065, "dmean2": 0.0338625647128, "dvar": 0.00113814498764, "dvar2": 0.00272231316194, "max": 0.317470103502, "mean": 0.0413456819952, "median": 0.0313447527587, "min": 1.09026484092e-20, "var": 0.00165908539202}, "spectral_energyband_high": {"dmean": 0.000488391437102, "dmean2": 0.000728199549485, "dvar": 8.68792994879e-07, "dvar2": 1.92474180949e-06, "max": 0.00971056893468, "mean": 0.000724649464246, "median": 0.000328486406943, "min": 7.86783017829e-21, "var": 1.24862322082e-06}, "spectral_energyband_low": {"dmean": 0.0158634930849, "dmean2": 0.0256446897984, "dvar": 0.000881887681317, "dvar2": 0.00223188078962, "max": 0.302621364594, "mean": 0.0237916819751, "median": 0.0110849328339, "min": 8.70406277409e-23, "var": 0.00105781515595}, "spectral_energyband_middle_high": {"dmean": 0.00189120951109, "dmean2": 0.00261856801808, "dvar": 1.05943572635e-05, "dvar2": 2.14074443647e-05, "max": 0.0546890534461, "mean": 0.00626629590988, "median": 0.00266268942505, "min": 1.65433093285e-21, "var": 6.13169759163e-05}, "spectral_energyband_middle_low": {"dmean": 0.00791055336595, "dmean2": 0.0123146809638, "dvar": 0.00020231178496, "dvar2": 0.00049184326781, "max": 0.135788097978, "mean": 0.012379729189, "median": 0.00716156791896, "min": 3.26321943859e-22, "var": 0.000245483126491}, "spectral_entropy": {"dmean": 0.290548443794, "dmean2": 0.399560213089, "dvar": 0.105815052986, "dvar2": 0.193252399564, "max": 9.81522750854, "mean": 7.29866170883, "median": 7.41322994232, "min": 4.98539161682, "var": 0.407604604959}, "spectral_flux": {"dmean": 0.04762660712, "dmean2": 0.0725447386503, "dvar": 0.00382762588561, "dvar2": 0.00795194786042, "max": 0.452307224274, "mean": 0.0926895290613, "median": 0.0653241723776, "min": 1.04415746882e-10, "var": 0.00629061413929}, "spectral_kurtosis": {"dmean": 2.31819868088, "dmean2": 3.41435575485, "dvar": 14.638964653, "dvar2": 32.3053627014, "max": 69.5592269897, "mean": 5.65944004059, "median": 3.91842055321, "min": -1.21469032764, "var": 29.3054561615}, "spectral_rms": {"dmean": 0.00149340229109, "dmean2": 0.00216575968079, "dvar": 3.78757249564e-06, "dvar2": 8.20253080747e-06, "max": 0.0175990611315, "mean": 0.00553573155776, "median": 0.00552994105965, "min": 3.2614000476e-12, "var": 9.69286793406e-06}, "spectral_rolloff": {"dmean": 346.42074585, "dmean2": 602.50012207, "dvar": 797239.875, "dvar2": 1865690.375, "max": 18992.2851562, "mean": 1151.71728516, "median": 656.762695312, "min": 43.06640625, "var": 3522007.5}, "spectral_skewness": {"dmean": 0.300739228725, "dmean2": 0.438296586275, "dvar": 0.13601000607, "dvar2": 0.278351843357, "max": 6.49250555038, "mean": 1.86503279209, "median": 1.72928476334, "min": -0.0205028094351, "var": 0.429009318352}, "spectral_spread": {"dmean": 922226.4375, "dmean2": 1208951.875, "dvar": 1166220328960.0, "dvar2": 1734679330820.0, "max": 40986668, "mean": 5893006.5, "median": 6002515.5, "min": 1143730, "var": 3996009365500.0}, "spectral_strongpeak": {"dmean": 0.62647908926, "dmean2": 1.08778774738, "dvar": 1.81811976433, "dvar2": 4.13170719147, "max": 13.4878396988, "mean": 1.18842434883, "median": 0.542844772339, "min": 0, "var": 3.44292402267}, "zerocrossingrate": {"dmean": 0.0111260265112, "dmean2": 0.0128102218732, "dvar": 0.000171555759152, "dvar2": 0.000193273284822, "max": 0.52490234375, "mean": 0.0567985214293, "median": 0.0478515625, "min": 0.00146484375, "var": 0.0027105002664}, "barkbands": {"dmean": [0.000232937120018, 0.0110106626526, 0.00487828766927, 0.00279616517946, 0.00410280702636, 0.00167976936791, 0.000417441915488, 0.000238777894992, 0.000307996058837, 0.000171862033312, 0.000212287690374, 0.000252476864262, 0.000537902640644, 0.000639692007098, 0.00039465224836, 0.000119994707347, 5.78743420192e-05, 5.5676275224e-05, 7.29983075871e-05, 8.72534947121e-05, 9.95078808046e-05, 8.8579239673e-05, 6.76538693369e-05, 7.64004798839e-05, 8.47591727506e-05, 6.22625811957e-05, 2.30590849242e-05], "dmean2": [0.000347024848452, 0.0178007353097, 0.00834893062711, 0.00487670721486, 0.00648433808237, 0.00269648968242, 0.000679843244143, 0.000310196192004, 0.000370489025954, 0.000247210351517, 0.000273341109278, 0.000360668462235, 0.000754026754294, 0.000853862147778, 0.000639503472485, 0.000178907896043, 9.27449655137e-05, 8.56365295476e-05, 0.000116277318739, 0.000134348854772, 0.000152396372869, 0.000137876457302, 0.000104140322946, 0.000119973505207, 0.00012942875037, 9.38563680393e-05, 3.34297146765e-05], "dvar": [2.12628705754e-07, 0.000541841669474, 9.34497948037e-05, 3.83540937037e-05, 5.61763845326e-05, 1.01731420727e-05, 1.11963038307e-06, 6.5660213977e-07, 8.39802908104e-07, 3.16454929816e-07, 6.05350635396e-07, 2.5188811037e-07, 4.49118169854e-06, 2.74776084552e-06, 1.20699007766e-06, 7.61489289403e-08, 1.20490524225e-08, 1.02790940204e-08, 2.01712353487e-08, 2.71935398644e-08, 5.41433635703e-08, 3.04643741345e-08, 1.82006090199e-08, 3.07464773641e-08, 3.82726774717e-08, 1.4968430051e-08, 2.16980122758e-09], "dvar2": [4.81029587718e-07, 0.00139338592999, 0.000247061369009, 0.000103260630567, 0.000132436005515, 2.62738140009e-05, 2.81580378214e-06, 8.10159804132e-07, 1.38045413678e-06, 4.8822670351e-07, 9.16750764191e-07, 4.84386589505e-07, 8.98925009096e-06, 5.73686202188e-06, 3.16921932608e-06, 1.59269106348e-07, 3.01303124672e-08, 2.30558310221e-08, 5.04225354803e-08, 5.99245595367e-08, 1.13763967136e-07, 7.47024913039e-08, 4.38036060757e-08, 7.81010172091e-08, 9.37971122994e-08, 3.31327960623e-08, 4.74834171982e-09], "max": [0.00580096011981, 0.214962184429, 0.125614508986, 0.0818065479398, 0.0803350508213, 0.0499609746039, 0.0207385905087, 0.0438621751964, 0.0419087707996, 0.0270157307386, 0.0318922735751, 0.0152039928362, 0.0528854317963, 0.0376188233495, 0.0253261104226, 0.00357163883746, 0.00135684839915, 0.00173149514012, 0.00252687837929, 0.00286025903188, 0.00627396674827, 0.00245212926529, 0.00227058003657, 0.00240549421869, 0.00261733704247, 0.00140375574119, 0.000772728642914], "mean": [0.000308159913402, 0.014592345804, 0.00709307380021, 0.00305400718935, 0.00468626664951, 0.00254402076825, 0.000635710719507, 0.000622841354925, 0.000806778320111, 0.000327804911649, 0.000689941109158, 0.000466429861262, 0.00140686088707, 0.00197588838637, 0.000956883537583, 0.000147181912325, 7.31115142116e-05, 7.36172951292e-05, 9.54484057729e-05, 0.000120291086205, 0.000144478413858, 0.000118521762488, 9.50022586039e-05, 0.000101012286905, 0.000104833605292, 7.80258487794e-05, 2.70713389909e-05], "median": [9.47559310589e-05, 0.00459457747638, 0.00260724849068, 0.000875416444615, 0.00164320063777, 0.00147270259913, 0.00020629921346, 9.78970201686e-05, 6.83627222315e-05, 3.29509566654e-05, 4.26604674431e-05, 0.000117233081255, 0.000215967593249, 0.000246537703788, 0.00011598222045, 3.80396559194e-05, 2.88430164801e-05, 2.67587547569e-05, 3.61013298971e-05, 4.74333064631e-05, 5.4851792811e-05, 4.70510130981e-05, 3.83932638215e-05, 3.84516788472e-05, 3.71923815692e-05, 3.31252085743e-05, 9.54455936153e-06], "min": [1.2050957888e-23, 4.89721789181e-23, 1.13562096665e-23, 3.3822095767e-23, 2.99459803775e-23, 1.23596076057e-22, 3.76282612823e-23, 4.39247975664e-23, 4.33823988961e-23, 5.90320077051e-23, 1.01349087814e-22, 1.44018586799e-22, 1.53106693568e-22, 1.11561315062e-22, 1.40865465585e-22, 1.34948087406e-22, 1.45832095979e-22, 1.34301070003e-22, 3.92739740675e-22, 4.62777058516e-22, 4.49748156075e-22, 4.63266480444e-22, 7.0645747956e-22, 8.00854367771e-22, 1.51246723636e-21, 1.35965187859e-21, 2.44378051763e-21], "var": [2.89553526045e-07, 0.000572070537601, 0.000113645954116, 3.34568394464e-05, 6.38085839455e-05, 1.20551694636e-05, 1.96388236873e-06, 7.04909234628e-06, 5.56141230845e-06, 1.9330491341e-06, 5.01358954352e-06, 9.04798412193e-07, 1.25608758026e-05, 1.46161328303e-05, 6.63859100314e-06, 1.03505307436e-07, 1.4148518801e-08, 1.4894043332e-08, 2.74289817526e-08, 4.16183247864e-08, 8.35264870602e-08, 3.81504925429e-08, 3.01154052806e-08, 3.29837845925e-08, 3.98104944566e-08, 1.76802874563e-08, 2.59757038101e-09]}, "erbbands": {"dmean": [0.301269292831, 2.57558727264, 5.70275592804, 7.46013116837, 8.31377029419, 12.3929891586, 27.5572395325, 13.0933647156, 6.32725858688, 5.46787071228, 5.46130084991, 6.01969480515, 6.36234474182, 7.17773962021, 8.08871078491, 8.04695320129, 22.1882629395, 29.0005607605, 22.0371074677, 15.9888896942, 5.43871307373, 3.30695605278, 3.2605805397, 3.62827277184, 3.85158801079, 3.87918996811, 3.95808243752, 3.74417042732, 2.86940073967, 3.04144263268, 1.79722070694, 1.62621855736, 1.26738536358, 1.06573224068, 0.550593554974, 0.286533236504, 0.116055801511, 0.0275099184364, 0.00354556157254, 0.000243832182605], "dmean2": [0.47797909379, 4.24265670776, 9.6346282959, 12.8785123825, 14.7310647964, 19.5868358612, 42.8407173157, 20.9873371124, 10.4836606979, 8.11086368561, 6.94172239304, 7.23200750351, 8.4897108078, 9.56891822815, 11.1496181488, 11.4023809433, 30.7415904999, 36.6663017273, 33.5438919067, 25.2756786346, 8.27855014801, 5.25465011597, 4.98906469345, 5.77139186859, 6.04928350449, 5.9762263298, 5.99562740326, 5.87654924393, 4.49241352081, 4.69540929794, 2.78431987762, 2.56794810295, 1.97328901291, 1.64458286762, 0.837799608707, 0.44299903512, 0.176583170891, 0.0404606461525, 0.00519729219377, 0.000351269176463], "dvar": [0.426209241152, 29.765422821, 121.025695801, 223.784393311, 460.805877686, 515.342651367, 2942.12231445, 537.754089355, 219.451004028, 176.589935303, 296.390686035, 354.075714111, 368.18862915, 463.736633301, 493.385162354, 248.093521118, 7562.54833984, 3343.2277832, 4662.859375, 1681.36450195, 123.146514893, 38.8711891174, 33.675567627, 44.7403640747, 53.7689361572, 52.2135810852, 101.613258362, 69.5546417236, 27.1487293243, 37.9040908813, 17.7410526276, 13.7794647217, 8.56429004669, 6.69364690781, 1.67821419239, 0.344452857971, 0.0514667108655, 0.00292477547191, 5.02570765093e-05, 2.13675036775e-07], "dvar2": [1.04397726059, 78.478729248, 317.769897461, 591.99029541, 1290.68969727, 1208.76818848, 6928.64160156, 1409.12451172, 591.044372559, 348.856933594, 409.302154541, 524.346252441, 649.544250488, 784.788574219, 803.854675293, 499.477966309, 14966.1953125, 5786.19873047, 10534.2539062, 4352.04345703, 250.47644043, 95.4876480103, 74.5047988892, 111.495689392, 130.965393066, 115.048240662, 206.671798706, 156.30090332, 64.1192932129, 91.3406677246, 42.5676345825, 34.879524231, 22.0339698792, 16.6650314331, 4.16693878174, 0.788155257702, 0.114728957415, 0.00635528052226, 0.000109099069959, 4.60435700234e-07], "max": [5.98901081085, 58.4912643433, 135.074966431, 226.674926758, 223.921691895, 266.137817383, 697.989501953, 295.135437012, 208.095092773, 509.48614502, 828.57989502, 1012.32196045, 585.326660156, 666.331115723, 1006.84771729, 340.298156738, 2140.22192383, 1315.08325195, 1344.98376465, 948.556884766, 147.518661499, 87.1596221924, 83.0440750122, 87.5774230957, 145.669998169, 119.246025085, 357.995849609, 86.3314743042, 58.4507141113, 89.652923584, 104.548950195, 45.1350593567, 41.9171981812, 34.895160675, 16.8130970001, 6.73074531555, 2.82539629936, 0.70033633709, 0.108600005507, 0.00834801979363], "mean": [0.358094006777, 3.4445245266, 8.51062488556, 9.73919200897, 8.01689529419, 13.864358902, 31.0695590973, 21.4686965942, 10.036283493, 12.3548498154, 14.6960401535, 15.9370441437, 15.0669698715, 20.4157104492, 21.1957054138, 15.6336269379, 56.3253250122, 110.814300537, 47.9536514282, 38.4648170471, 7.77513504028, 4.29797840118, 4.41503190994, 4.58592700958, 5.30037641525, 5.3700671196, 6.03628015518, 4.95801448822, 4.01566123962, 4.00131416321, 2.58461594582, 2.21584963799, 1.56230771542, 1.25079095364, 0.710516393185, 0.360779106617, 0.140722036362, 0.0323860645294, 0.00422832695767, 0.000315400451655], "median": [0.0908403918147, 1.10657167435, 3.62789607048, 3.51589751244, 2.38025522232, 4.93575048447, 8.72813796997, 12.013589859, 5.11959123611, 3.49704790115, 2.24848556519, 1.62861645222, 2.10819864273, 2.18363571167, 4.43095016479, 5.04600906372, 9.73869419098, 17.9168262482, 7.92272663116, 5.78439903259, 2.64704227448, 1.82678675652, 1.69153833389, 2.0181787014, 2.16538834572, 2.18014431, 2.26020026207, 1.78082513809, 1.64578795433, 1.64402604103, 1.01813435555, 0.836966753006, 0.589801669121, 0.429051786661, 0.258962273598, 0.14948117733, 0.0570604428649, 0.0125128971413, 0.0015985731734, 0.000130523258122], "min": [2.70723370571e-21, 6.25141263261e-21, 9.36800946086e-21, 7.033006223e-20, 1.40723843217e-19, 6.42237244753e-20, 1.80665448166e-19, 1.2165552064e-18, 1.11343432174e-18, 3.30158594948e-19, 1.34419796371e-18, 8.81974400497e-19, 1.5020447041e-18, 2.26411224377e-18, 4.47668699948e-18, 6.60522247969e-18, 6.59264974797e-18, 6.23904657972e-18, 6.23843446607e-18, 8.03312895004e-18, 7.06321749561e-18, 8.60867212127e-18, 9.26815923542e-18, 7.34773453911e-18, 2.49084116754e-17, 2.1120167661e-17, 2.32748606602e-17, 1.70318936579e-17, 1.82567992526e-17, 1.73466805488e-17, 2.21190957842e-17, 1.82302153221e-17, 1.19857684937e-17, 1.59018094312e-17, 1.06495880815e-17, 5.63185920057e-18, 2.5000355282e-18, 1.08266795924e-18, 3.11364250099e-19, 4.01320148177e-20], "var": [0.449690639973, 30.8454818726, 146.949249268, 231.893997192, 320.893127441, 575.70690918, 3428.13330078, 784.718322754, 225.761184692, 1115.60827637, 2963.45166016, 2594.80932617, 1869.60131836, 3298.17211914, 3382.4921875, 863.502929688, 20841.6582031, 36730.7421875, 12038.8515625, 9786.50878906, 191.585693359, 46.1801986694, 50.0475730896, 52.0887565613, 80.8675384521, 78.6190567017, 178.651245117, 87.8145599365, 39.8007392883, 47.1293029785, 29.9794578552, 16.0129909515, 8.38439178467, 6.48981618881, 1.78708291054, 0.393064618111, 0.0587880946696, 0.00350277381949, 6.01749961788e-05, 2.68921752422e-07]}, "gfcc": {"mean": [-31.649312973, 77.4648361206, -78.0666885376, 26.0410671234, -37.5566139221, 18.6402168274, -38.4777259827, -8.50860595703, -24.8122272491, 12.080540657, -10.5417480469, 1.12268781662, -9.71102237701], "cov": [[24060.8769531, -410.443328857, -464.076629639, -418.423431396, -846.464599609, 485.284881592, -540.604736328, -249.238861084, -382.68572998, 376.511993408, -455.862579346, -213.332962036, -347.463439941], [-410.443328857, 1759.70153809, -99.4724655151, 64.5983428955, 427.713745117, 146.484329224, 159.235244751, -78.6896209717, 130.608703613, -18.6389350891, 123.266654968, -52.3258552551, 70.9917755127], [-464.076629639, -99.4724655151, 852.858520508, 372.485412598, 155.146316528, -8.17379951477, 130.188110352, 161.663955688, -2.92206096649, -68.4384307861, -34.4294509888, 73.1495056152, -2.73795819283], [-418.423431396, 64.5983428955, 372.485412598, 725.299926758, 199.062179565, 7.88669395447, 96.7105789185, 60.5056037903, 12.6805000305, -97.1787414551, 24.2888660431, 27.4668083191, 56.9463157654], [-846.464599609, 427.713745117, 155.146316528, 199.062179565, 451.70892334, 152.26751709, 88.3412246704, -20.9504642487, 58.8332138062, 15.5404624939, 46.9674072266, 9.03215026855, 59.7077827454], [485.284881592, 146.484329224, -8.17379951477, 7.88669395447, 152.26751709, 296.576629639, 110.825683594, 0.210905984044, 30.8596935272, 55.862159729, -0.443212389946, -54.0886192322, -19.3068695068], [-540.604736328, 159.235244751, 130.188110352, 96.7105789185, 88.3412246704, 110.825683594, 225.823989868, 113.189323425, 62.8393058777, -9.36079978943, 23.0261306763, -5.88050222397, -12.3366222382], [-249.238861084, -78.6896209717, 161.663955688, 60.5056037903, -20.9504642487, 0.210905984044, 113.189323425, 180.417480469, 82.2472915649, 5.31246089935, -21.5002765656, 12.1224145889, -19.1652393341], [-382.68572998, 130.608703613, -2.92206096649, 12.6805000305, 58.8332138062, 30.8596935272, 62.8393058777, 82.2472915649, 176.583862305, 77.7220153809, 18.5899200439, -29.7638969421, -21.2232456207], [376.511993408, -18.6389350891, -68.4384307861, -97.1787414551, 15.5404624939, 55.862159729, -9.36079978943, 5.31246089935, 77.7220153809, 160.837661743, 49.3789482117, -17.4373531342, -46.5243492126], [-455.862579346, 123.266654968, -34.4294509888, 24.2888660431, 46.9674072266, -0.443212389946, 23.0261306763, -21.5002765656, 18.5899200439, 49.3789482117, 127.427474976, 54.3205795288, 7.28921937943], [-213.332962036, -52.3258552551, 73.1495056152, 27.4668083191, 9.03215026855, -54.0886192322, -5.88050222397, 12.1224145889, -29.7638969421, -17.4373531342, 54.3205795288, 144.367416382, 68.2089614868], [-347.463439941, 70.9917755127, -2.73795819283, 56.9463157654, 59.7077827454, -19.3068695068, -12.3366222382, -19.1652393341, -21.2232456207, -46.5243492126, 7.28921937943, 68.2089614868, 133.317871094]], "icov": [[8.00487032393e-05, -0.000122965080664, 3.17414414894e-05, -0.000149881787365, 0.000265460490482, -0.000257376173977, 0.00019429056556, -1.90739647223e-05, 0.000300651561702, -0.00050496525364, 0.000588898779824, -0.000337057077559, 0.000209747566259], [-0.000122965080664, 0.00121765758377, -1.9666593289e-05, 0.000550871132873, -0.00117995939218, 0.000521111360285, -0.000887982489076, 0.000780694070272, -0.00140743004158, 0.00185894267634, -0.00206729560159, 0.00139777525328, -0.000748047954403], [3.17414414894e-05, -1.9666593289e-05, 0.00237552309409, -0.000965478247963, -0.000991916866042, 0.000446847494459, -0.00039310977445, -0.00169692933559, 0.00132695189677, -0.00062279769918, 0.00187955552246, -0.00191437278409, 0.00165359827224], [-0.000149881787365, 0.000550871132873, -0.000965478247963, 0.00267915125005, -0.00125877279788, 0.000447833823273, -0.000159911258379, -0.000272974866675, -0.0011880901875, 0.00300246267579, -0.00324376439676, 0.00220381654799, -0.00136515544727], [0.000265460490482, -0.00117995939218, -0.000991916866042, -0.00125877279788, 0.00584443099797, -0.00282458728179, 0.000376879237592, 0.00217751413584, -0.00063877919456, -0.00232448638417, 0.00189073907677, -0.00149160507135, -0.00109423790127], [-0.000257376173977, 0.000521111360285, 0.000446847494459, 0.000447833823273, -0.00282458728179, 0.00778949353844, -0.0056496267207, 0.00212295842357, 0.000847477116622, -0.00244606821798, 0.00106218946166, 0.00202633161098, -0.000768420810346], [0.00019429056556, -0.000887982489076, -0.00039310977445, -0.000159911258379, 0.000376879237592, -0.0056496267207, 0.0136066013947, -0.00907245185226, 0.000459066155599, 0.00390676176175, -0.00484773609787, 0.00125788711011, 0.00106529134791], [-1.90739647223e-05, 0.000780694070272, -0.00169692933559, -0.000272974866675, 0.00217751413584, 0.00212295842357, -0.00907245185226, 0.0181363616139, -0.00772827211767, -0.0011676865397, 0.00617424305528, -0.00465449923649, 0.001122236019], [0.000300651561702, -0.00140743004158, 0.00132695189677, -0.0011880901875, -0.00063877919456, 0.000847477116622, 0.000459066155599, -0.00772827211767, 0.0148337567225, -0.00876884162426, 0.00236919429153, 0.00177591992542, -0.000328719499521], [-0.00050496525364, 0.00185894267634, -0.00062279769918, 0.00300246267579, -0.00232448638417, -0.00244606821798, 0.00390676176175, -0.0011676865397, -0.00876884162426, 0.0192997530103, -0.0122139761224, 0.003592944704, 0.00144792860374], [0.000588898779824, -0.00206729560159, 0.00187955552246, -0.00324376439676, 0.00189073907677, 0.00106218946166, -0.00484773609787, 0.00617424305528, 0.00236919429153, -0.0122139761224, 0.0240159537643, -0.0132087636739, 0.00536554772407], [-0.000337057077559, 0.00139777525328, -0.00191437278409, 0.00220381654799, -0.00149160507135, 0.00202633161098, 0.00125788711011, -0.00465449923649, 0.00177591992542, 0.003592944704, -0.0132087636739, 0.0191493742168, -0.00973325874656], [0.000209747566259, -0.000748047954403, 0.00165359827224, -0.00136515544727, -0.00109423790127, -0.000768420810346, 0.00106529134791, 0.001122236019, -0.000328719499521, 0.00144792860374, 0.00536554772407, -0.00973325874656, 0.0148410256952]]}, "melbands": {"dmean": [0.00289122248068, 0.00307649956085, 0.00133789505344, 0.000588138995226, 0.0009704726981, 0.000281916698441, 9.620180208e-05, 5.85791203775e-05, 4.23684141424e-05, 4.24358950113e-05, 3.30796829076e-05, 2.9485207051e-05, 2.82254604826e-05, 2.72633133136e-05, 1.95142001758e-05, 8.17908367026e-05, 4.82996983919e-05, 3.88853586628e-05, 3.83320075343e-05, 1.02743733805e-05, 5.60037415198e-06, 3.24215420733e-06, 3.61284764949e-06, 2.67030418399e-06, 3.16931527777e-06, 2.38484267356e-06, 3.521716053e-06, 2.42724354393e-06, 2.60973342847e-06, 2.47018306254e-06, 2.19280286728e-06, 1.59545447787e-06, 1.92376387531e-06, 1.59127307597e-06, 1.0575813576e-06, 9.14092481707e-07, 1.04257981093e-06, 8.88000215582e-07, 8.55232201502e-07, 9.46362547438e-07], "dmean2": [0.00468263495713, 0.00512507418171, 0.0023258801084, 0.000974986411165, 0.00150244031101, 0.000453664863016, 0.000158049340826, 8.17955296952e-05, 5.37630367035e-05, 5.1128481573e-05, 4.46699596068e-05, 3.99123891839e-05, 3.75669005734e-05, 3.92311558244e-05, 2.78965399048e-05, 0.000110007975309, 6.12048243056e-05, 5.83850451221e-05, 6.1984435888e-05, 1.55043107952e-05, 8.74133729667e-06, 5.24906135979e-06, 5.67783990846e-06, 4.16615648646e-06, 5.13101394972e-06, 3.78587515115e-06, 5.58260853722e-06, 3.80560254598e-06, 3.95254801333e-06, 3.94768494516e-06, 3.47711011273e-06, 2.55312147601e-06, 3.01301906802e-06, 2.48139440373e-06, 1.66552922565e-06, 1.44508499034e-06, 1.65603273672e-06, 1.41739883475e-06, 1.33173750783e-06, 1.4721529169e-06], "dvar": [3.90835848521e-05, 3.49773508788e-05, 7.31685850042e-06, 1.49659865656e-06, 3.56302393811e-06, 2.61593726236e-07, 5.06369879361e-08, 2.19084110853e-08, 1.8861328499e-08, 1.80938730665e-08, 1.04819024571e-08, 7.37918126603e-09, 1.01244035378e-08, 3.37575389864e-09, 2.86871482125e-09, 8.75643806353e-08, 9.72819158562e-09, 2.28650733902e-08, 1.40458684683e-08, 6.41839970061e-10, 1.40029321472e-10, 3.83887435729e-11, 5.23548288056e-11, 2.76237401009e-11, 3.64414817766e-11, 2.129895392e-11, 4.99920278785e-11, 2.08077756414e-11, 6.62256569028e-11, 3.09109925156e-11, 2.5569001777e-11, 9.72893206969e-12, 1.34039194674e-11, 1.11305756278e-11, 6.87471954364e-12, 3.82782998007e-12, 5.85068408651e-12, 4.41849898683e-12, 3.33139418829e-12, 5.9729066311e-12], "dvar2": [9.97207316686e-05, 9.07040302991e-05, 1.9545912437e-05, 3.96522591473e-06, 8.25286770123e-06, 6.8952510901e-07, 1.34823224585e-07, 3.58928495814e-08, 2.81415921677e-08, 2.74784142107e-08, 1.83627246741e-08, 1.2496998103e-08, 1.55087178655e-08, 6.54041576453e-09, 5.43579536938e-09, 1.73214829147e-07, 1.7063991109e-08, 5.06565775993e-08, 3.72656572267e-08, 1.3772841756e-09, 3.1372449083e-10, 9.68933197565e-11, 1.21759685667e-10, 6.63804775036e-11, 9.24954210446e-11, 5.29594597343e-11, 1.12047426892e-10, 4.83386143613e-11, 1.32066468872e-10, 7.28765728319e-11, 6.02617122869e-11, 2.44152510709e-11, 3.25204238538e-11, 2.67835545409e-11, 1.66235150645e-11, 8.98015949796e-12, 1.51617555316e-11, 1.1570714005e-11, 8.15077866312e-12, 1.50929130305e-11], "max": [0.0527423731983, 0.0721283406019, 0.0353051163256, 0.0134639991447, 0.0231363028288, 0.00720809213817, 0.00329979602247, 0.00612172903493, 0.00540054077283, 0.0072432179004, 0.00336283724755, 0.00247546378523, 0.00480950204656, 0.00210175453685, 0.00115758448374, 0.00736084906384, 0.00221381313168, 0.00308249751106, 0.0027641444467, 0.000563428038731, 0.000157008820679, 0.000103872873296, 0.000144641206134, 0.000129724881845, 8.8261498604e-05, 8.72870077728e-05, 0.000150252715684, 9.00796367205e-05, 0.000311100768158, 5.99760787736e-05, 7.02709148754e-05, 4.40725016233e-05, 4.73819782201e-05, 6.4409308834e-05, 6.98643489159e-05, 2.28052867897e-05, 3.00089141092e-05, 3.23309213854e-05, 2.19264093175e-05, 3.46074448316e-05], "mean": [0.00363633967936, 0.00466861017048, 0.00168880319688, 0.000628684065305, 0.00109210284427, 0.000454644206911, 0.000159075963893, 0.000142809629324, 0.000111325207399, 0.000110335909994, 7.51704355935e-05, 7.95212690718e-05, 8.69124414749e-05, 4.51436753792e-05, 3.79113080271e-05, 0.000237294676481, 0.000182209347258, 6.80930825183e-05, 9.53961789492e-05, 1.56646638061e-05, 6.83683492753e-06, 4.07591733165e-06, 4.40097437604e-06, 3.52222014044e-06, 3.79240600523e-06, 3.27453699356e-06, 4.65152197648e-06, 3.17937315231e-06, 3.78143067792e-06, 3.42626890415e-06, 2.70287523563e-06, 2.13307680497e-06, 2.44777925218e-06, 2.08384244615e-06, 1.48577350956e-06, 1.27817634166e-06, 1.37480105877e-06, 1.0810636013e-06, 1.00365355138e-06, 1.08714334601e-06], "median": [0.00103903014679, 0.00207457970828, 0.000663034326863, 0.000243929680437, 0.000313795520924, 0.00025883843773, 7.91607017163e-05, 3.61479942512e-05, 1.40284737427e-05, 9.10742255655e-06, 7.83105679147e-06, 7.06506580173e-06, 1.03606562334e-05, 1.33111607283e-05, 3.24039865518e-06, 3.25315377268e-05, 2.75062684523e-05, 6.26259225101e-06, 9.02829742699e-06, 3.03910974253e-06, 2.10580628845e-06, 1.65814515185e-06, 1.40866154652e-06, 1.34010190322e-06, 1.50728828885e-06, 1.24665848489e-06, 1.70367263763e-06, 1.26941097278e-06, 1.31173248974e-06, 1.1764559531e-06, 8.44188548399e-07, 8.2823385128e-07, 9.64310856943e-07, 8.14124064163e-07, 5.51029074813e-07, 5.04054582962e-07, 4.79687344068e-07, 3.95976883283e-07, 3.692694861e-07, 3.46193047562e-07], "min": [1.89070679221e-23, 5.39251312528e-24, 1.50708215628e-23, 6.90184976714e-24, 5.18641926949e-24, 2.76050892838e-23, 1.54134696079e-23, 4.1339178943e-24, 1.19697509687e-23, 4.87466498962e-24, 7.84874002206e-24, 8.66967127852e-24, 1.45855837537e-23, 1.60598780108e-23, 1.54567544057e-23, 1.44334471949e-23, 1.06840528436e-23, 9.13503452601e-24, 1.2462961795e-23, 1.05615167126e-23, 7.31947667467e-24, 8.19596267152e-24, 1.00888825341e-23, 5.91158202319e-24, 4.48135669164e-24, 1.82248957211e-23, 1.46517660282e-23, 1.44408719538e-23, 1.85411484803e-23, 8.48467314106e-24, 8.98648334009e-24, 1.1485100072e-23, 7.32211462554e-24, 9.62404545685e-24, 1.34528899343e-23, 1.19219862297e-23, 1.07785307699e-23, 8.05515967741e-24, 9.46408418679e-24, 1.5462656663e-23], "var": [3.98186639359e-05, 4.20124779339e-05, 6.96229426467e-06, 1.28564329316e-06, 4.20255628342e-06, 3.57390746331e-07, 5.77050691675e-08, 1.89604833167e-07, 1.78277346663e-07, 1.26460918182e-07, 5.35483088981e-08, 5.12607627456e-08, 7.96637849021e-08, 9.77734337937e-09, 1.18855600917e-08, 2.84104885395e-07, 1.06838825786e-07, 4.58736622022e-08, 7.29082714201e-08, 1.85771698025e-09, 1.76841555288e-10, 4.36511833624e-11, 6.88573642549e-11, 3.5166872886e-11, 4.00342779761e-11, 3.14743647811e-11, 7.39153183105e-11, 2.87866952497e-11, 1.11483391962e-10, 4.19407945873e-11, 2.9061414733e-11, 1.27520207935e-11, 1.65942138503e-11, 1.4040886509e-11, 1.18549857431e-11, 5.40956082012e-12, 6.39250111178e-12, 4.16840563802e-12, 3.38466537783e-12, 5.60627022236e-12]}, "mfcc": {"mean": [-687.501342773, 118.395721436, 23.4129943848, 22.0158004761, 17.0232086182, 22.4104251862, 4.49484157562, -9.0722322464, -7.13452959061, 1.25139808655, 1.08993721008, -3.9416615963, -1.07607781887], "cov": [[13916.1630859, 204.844009399, -200.964660645, -426.203552246, -372.969329834, 168.086395264, -165.610931396, -430.597015381, -102.488510132, 168.620483398, 84.792427063, -47.1213417053, -155.628265381], [204.844009399, 1567.64990234, -143.583343506, -56.3291664124, 174.66015625, 190.551361084, 84.977394104, 6.21577787399, -3.64671492577, 38.9320640564, 87.3667678833, 10.252661705, 19.2793312073], [-200.964660645, -143.583343506, 561.491333008, 300.799865723, 97.0327301025, 4.90075397491, 89.8520507812, 155.897460938, 97.3129501343, 13.1461048126, -11.3093242645, 49.2459449768, 23.7555065155], [-426.203552246, -56.3291664124, 300.799865723, 538.077575684, 215.714553833, 45.7366409302, 87.0504226685, 140.813308716, 66.7924346924, -37.4088287354, -40.6208305359, 13.5088882446, 62.4276771545], [-372.969329834, 174.66015625, 97.0327301025, 215.714553833, 300.63684082, 162.401351929, 90.2160263062, 51.3601531982, 39.5042266846, 9.37152385712, -7.85913228989, -39.2649383545, 7.55673551559], [168.086395264, 190.551361084, 4.90075397491, 45.7366409302, 162.401351929, 262.803894043, 135.159301758, 26.6690597534, 16.9110469818, 53.9283790588, 51.831035614, -6.32806968689, -26.6311645508], [-165.610931396, 84.977394104, 89.8520507812, 87.0504226685, 90.2160263062, 135.159301758, 189.40737915, 103.327583313, 28.026058197, 4.13589334488, 6.22680997849, 16.5172805786, -6.03604793549], [-430.597015381, 6.21577787399, 155.897460938, 140.813308716, 51.3601531982, 26.6690597534, 103.327583313, 194.034988403, 96.9550094604, 4.30091667175, -9.53287982941, 22.0751457214, 38.1773948669], [-102.488510132, -3.64671492577, 97.3129501343, 66.7924346924, 39.5042266846, 16.9110469818, 28.026058197, 96.9550094604, 157.100830078, 78.7841567993, 12.4351730347, 2.19663190842, 7.46475744247], [168.620483398, 38.9320640564, 13.1461048126, -37.4088287354, 9.37152385712, 53.9283790588, 4.13589334488, 4.30091667175, 78.7841567993, 182.656097412, 107.512733459, 23.4149856567, -35.6810340881], [84.792427063, 87.3667678833, -11.3093242645, -40.6208305359, -7.85913228989, 51.831035614, 6.22680997849, -9.53287982941, 12.4351730347, 107.512733459, 189.197128296, 95.0992889404, -22.5494041443], [-47.1213417053, 10.252661705, 49.2459449768, 13.5088882446, -39.2649383545, -6.32806968689, 16.5172805786, 22.0751457214, 2.19663190842, 23.4149856567, 95.0992889404, 156.132293701, 40.9864234924], [-155.628265381, 19.2793312073, 23.7555065155, 62.4276771545, 7.55673551559, -26.6311645508, -6.03604793549, 38.1773948669, 7.46475744247, -35.6810340881, -22.5494041443, 40.9864234924, 140.602905273]], "icov": [[8.82574749994e-05, -2.56399289356e-05, -5.94747434661e-05, -5.36030493095e-05, 0.000275837111985, -0.000250195182161, 5.76024867769e-05, 0.000253267673543, -8.2547448983e-05, -2.78079314739e-05, 4.49987201137e-05, 4.77065586892e-05, -2.8209044558e-06], [-2.56399289356e-05, 0.000786284625065, 0.000220238100155, 0.000287629896775, -0.000652235758025, -9.79301403277e-05, -0.000122426994494, -0.000212832339457, 5.07697950525e-05, 0.000127875347971, -0.000400232354878, 1.64291850524e-05, -0.000271293974947], [-5.94747434661e-05, 0.000220238100155, 0.00316769140773, -0.00125807861332, -0.00048643766786, 0.000821827445179, -0.000576574588194, -0.00123742525466, -0.000349063600879, -0.000557745515835, 0.00062486162642, -0.00126931117848, 0.000767621968407], [-5.36030493095e-05, 0.000287629896775, -0.00125807861332, 0.00428271433339, -0.00334040611051, 0.00103232171386, 8.14367886051e-05, -0.00147088360973, 0.000262813642621, 0.000650232192129, 4.8772446462e-05, -0.000557911640499, -0.000688284577336], [0.000275837111985, -0.000652235758025, -0.00048643766786, -0.00334040611051, 0.00964717753232, -0.00555792590603, 0.000590279872995, 0.00191868981346, -0.00155972340144, 0.000695190450642, -0.000313378142891, 0.00272599281743, -0.000692431349307], [-0.000250195182161, -9.79301403277e-05, 0.000821827445179, 0.00103232171386, -0.00555792590603, 0.0119338510558, -0.00790016632527, 0.00177466601599, 0.000307535403408, -0.0016212684568, -0.00233190413564, 0.000966453168076, -0.000206128694117], [5.76024867769e-05, -0.000122426994494, -0.000576574588194, 8.14367886051e-05, 0.000590279872995, -0.00790016632527, 0.0152743915096, -0.00826965086162, 0.0030788788572, 0.000105194107164, 0.00278018042445, -0.00286901975051, 0.00266032828949], [0.000253267673543, -0.000212832339457, -0.00123742525466, -0.00147088360973, 0.00191868981346, 0.00177466601599, -0.00826965086162, 0.0160644650459, -0.00876342691481, 0.0029033664614, -0.00176061817911, 0.00124994886573, -0.00275694509037], [-8.2547448983e-05, 5.07697950525e-05, -0.000349063600879, 0.000262813642621, -0.00155972340144, 0.000307535403408, 0.0030788788572, -0.00876342691481, 0.0155031401664, -0.00823939219117, 0.00327292992733, -0.000445969955763, 0.000238611159148], [-2.78079314739e-05, 0.000127875347971, -0.000557745515835, 0.000650232192129, 0.000695190450642, -0.0016212684568, 0.000105194107164, 0.0029033664614, -0.00823939219117, 0.0140473721549, -0.00792344659567, 0.00245658471249, 0.000644371903036], [4.49987201137e-05, -0.000400232354878, 0.00062486162642, 4.8772446462e-05, -0.000313378142891, -0.00233190413564, 0.00278018042445, -0.00176061817911, 0.00327292992733, -0.00792344659567, 0.0153406150639, -0.00941375922412, 0.0031699500978], [4.77065586892e-05, 1.64291850524e-05, -0.00126931117848, -0.000557911640499, 0.00272599281743, 0.000966453168076, -0.00286901975051, 0.00124994886573, -0.000445969955763, 0.00245658471249, -0.00941375922412, 0.0143952742219, -0.00497224507853], [-2.8209044558e-06, -0.000271293974947, 0.000767621968407, -0.000688284577336, -0.000692431349307, -0.000206128694117, 0.00266032828949, -0.00275694509037, 0.000238611159148, 0.000644371903036, 0.0031699500978, -0.00497224507853, 0.0102918483317]]}, "spectral_contrast_coeffs": {"dmean": [0.0572046600282, 0.0525134429336, 0.0404111780226, 0.0384745784104, 0.0210321359336, 0.0170461852103], "dmean2": [0.0929727554321, 0.0868092626333, 0.0624938197434, 0.0581074804068, 0.0329874455929, 0.026669582352], "dvar": [0.00272995489649, 0.00227039144374, 0.00139998854138, 0.00154888816178, 0.000340832106303, 0.000232794191106], "dvar2": [0.00636171037331, 0.00592815456912, 0.00290778791532, 0.00325659103692, 0.000759727612603, 0.000535918108653], "max": [-0.281393349171, -0.421598613262, -0.412323951721, -0.433502435684, -0.610071659088, -0.667491674423], "mean": [-0.634090960026, -0.679721355438, -0.755655765533, -0.719785690308, -0.809604048729, -0.794537007809], "median": [-0.640740334988, -0.672483325005, -0.776438474655, -0.734372377396, -0.810754299164, -0.793691933155], "min": [-0.971018671989, -0.965243279934, -0.958155155182, -0.951046824455, -0.963245153427, -0.959457874298], "var": [0.00847651995718, 0.00818054378033, 0.010153517127, 0.0122000882402, 0.00162033294328, 0.00122031988576]}, "spectral_contrast_valleys": {"dmean": [0.525725364685, 0.500565648079, 0.51962864399, 0.51756811142, 0.47209995985, 0.523339092731], "dmean2": [0.790720999241, 0.744653224945, 0.738735795021, 0.698594152927, 0.597177624702, 0.628098964691], "dvar": [0.328856527805, 0.261425048113, 0.294964343309, 0.338123947382, 0.295388311148, 0.353086024523], "dvar2": [0.595504760742, 0.487696588039, 0.523190021515, 0.578155994415, 0.501426577568, 0.599748671055], "max": [-4.80022382736, -4.91376972198, -5.69307613373, -5.58932733536, -6.02008581161, -7.8178396225], "mean": 