{"lowlevel": {"average_loudness": 0.854519248009, "barkbands_crest": {"dmean": 3.37554121017, "dmean2": 5.45454835892, "dvar": 9.1856842041, "dvar2": 22.6353321075, "max": 25.1288032532, "mean": 10.9426651001, "median": 10.272685051, "min": 2.44991779327, "var": 20.0687122345}, "barkbands_flatness_db": {"dmean": 0.0366879887879, "dmean2": 0.0546725951135, "dvar": 0.0012787146261, "dvar2": 0.00273844460025, "max": 0.466102927923, "mean": 0.141124904156, "median": 0.132665425539, "min": 0.0218686535954, "var": 0.00423568161204}, "barkbands_kurtosis": {"dmean": 5.80288219452, "dmean2": 9.17869281769, "dvar": 99.6576919556, "dvar2": 232.32472229, "max": 208.967208862, "mean": 6.77396965027, "median": 1.90917301178, "min": -1.95603919029, "var": 182.13092041}, "barkbands_skewness": {"dmean": 0.956032276154, "dmean2": 1.42212498188, "dvar": 0.932722270489, "dvar2": 2.12684488297, "max": 12.095293045, "mean": 1.63411617279, "median": 1.31646668911, "min": -4.62021493912, "var": 2.82799434662}, "barkbands_spread": {"dmean": 12.75319767, "dmean2": 18.7144832611, "dvar": 208.820083618, "dvar2": 409.922729492, "max": 126.199371338, "mean": 28.7096652985, "median": 22.8892440796, "min": 0.773777127266, "var": 499.856872559}, "dissonance": {"dmean": 0.0232452228665, "dmean2": 0.0379999764264, "dvar": 0.000681874225847, "dvar2": 0.0017437080387, "max": 0.500000059605, "mean": 0.456638127565, "median": 0.469538986683, "min": 0.175490751863, "var": 0.00158371275757}, "dynamic_complexity": 3.91573572159, "erbbands_crest": {"dmean": 3.27819347382, "dmean2": 5.25512838364, "dvar": 9.34442710876, "dvar2": 22.5075054169, "max": 31.4148693085, "mean": 10.1389770508, "median": 9.00945091248, "min": 2.32986712456, "var": 26.4944381714}, "erbbands_flatness_db": {"dmean": 0.0319773852825, "dmean2": 0.0448106452823, "dvar": 0.000894312863238, "dvar2": 0.00157783715986, "max": 0.45184469223, "mean": 0.140692740679, "median": 0.12831197679, "min": 0.0358819402754, "var": 0.00389139214531}, "erbbands_kurtosis": {"dmean": 2.11431908607, "dmean2": 3.3231215477, "dvar": 13.192943573, "dvar2": 29.8876190186, "max": 72.5196609497, "mean": 1.87754070759, "median": 0.22065615654, "min": -1.94506943226, "var": 26.2611675262}, "erbbands_skewness": {"dmean": 0.625029683113, "dmean2": 0.936574339867, "dvar": 0.401156932116, "dvar2": 0.900305092335, "max": 6.44467163086, "mean": 0.311297148466, "median": 0.189444839954, "min": -4.85105514526, "var": 1.44866013527}, "erbbands_spread": {"dmean": 16.3410396576, "dmean2": 24.5087947845, "dvar": 313.337982178, "dvar2": 678.603027344, "max": 180.245849609, "mean": 45.7019386292, "median": 39.9381256104, "min": 1.49397993088, "var": 901.111938477}, "hfc": {"dmean": 13.7663984299, "dmean2": 19.6314144135, "dvar": 471.102203369, "dvar2": 977.490539551, "max": 614.176574707, "mean": 22.0036659241, "median": 10.2064666748, "min": 1.161298979e-16, "var": 947.165161133}, "melbands_crest": {"dmean": 3.88950657845, "dmean2": 6.31391525269, "dvar": 11.6030483246, "dvar2": 30.0089168549, "max": 31.3668079376, "mean": 15.4842157364, "median": 14.9403553009, "min": 2.19558858871, "var": 30.0989303589}, "melbands_flatness_db": {"dmean": 0.0452760607004, "dmean2": 0.0665224567056, "dvar": 0.00192173023243, "dvar2": 0.00414697173983, "max": 0.616161704063, "mean": 0.214108377695, "median": 0.205722361803, "min": 0.00686563272029, "var": 0.0069283680059}, "melbands_kurtosis": {"dmean": 18.203584671, "dmean2": 28.9415626526, "dvar": 1451.56164551, "dvar2": 3494.37695312, "max": 607.961242676, "mean": 24.3828525543, "median": 8.57263851166, "min": -1.92532289028, "var": 2102.80102539}, "melbands_skewness": {"dmean": 1.3518242836, "dmean2": 2.03579807281, "dvar": 2.63229084015, "dvar2": 5.8522143364, "max": 21.0322093964, "mean": 3.13063812256, "median": 2.54884886742, "min": -2.1483297348, "var": 7.38531398773}, "melbands_spread": {"dmean": 13.7912092209, "dmean2": 21.482837677, "dvar": 445.014709473, "dvar2": 1035.07006836, "max": 291.12677002, "mean": 26.898771286, "median": 19.674703598, "min": 0.61964070797, "var": 756.488647461}, "pitch_salience": {"dmean": 0.103248164058, "dmean2": 0.166874811053, "dvar": 0.00905400607735, "dvar2": 0.0243957620114, "max": 0.977008521557, "mean": 0.522899866104, "median": 0.533560633659, "min": 0.0691568925977, "var": 0.0189827233553}, "silence_rate_20dB": {"dmean": 0, "dmean2": 0, "dvar": 0, "dvar2": 0, "max": 1, "mean": 1, "median": 1, "min": 1, "var": 0}, "silence_rate_30dB": {"dmean": 0.00540774408728, "dmean2": 0.0108166579157, "dvar": 0.00537916971371, "dvar2": 0.0150261325762, "max": 1, "mean": 0.99578243494, "median": 1, "min": 0, "var": 0.00420031929389}, "silence_rate_60dB": {"dmean": 0.08976855129, "dmean2": 0.179448351264, "dvar": 0.0817077532411, "dvar2": 0.185984373093, "max": 1, "mean": 0.104466311634, "median": 0, "min": 0, "var": 0.0935601815581}, "spectral_centroid": {"dmean": 430.999450684, "dmean2": 653.552185059, "dvar": 252499.03125, "dvar2": 568381.3125, "max": 7238.95800781, "mean": 1435.37072754, "median": 1333.79455566, "min": 143.449127197, "var": 660566.9375}, "spectral_complexity": {"dmean": 4.63227319717, "dmean2": 6.82444572449, "dvar": 48.194568634, "dvar2": 81.1133422852, "max": 62, "mean": 12.1294469833, "median": 9, "min": 0, "var": 101.806121826}, "spectral_decrease": {"dmean": 2.9605666807e-09, "dmean2": 4.4845926972e-09, "dvar": 2.869813138e-17, "dvar2": 6.54328981287e-17, "max": 1.29251349313e-28, "mean": -4.78267514481e-09, "median": -2.43107400877e-09, "min": -3.84545373322e-08, "var": 3.78108493163e-17}, "spectral_energy": {"dmean": 0.0121432757005, "dmean2": 0.01818148233, "dvar": 0.000442687713075, "dvar2": 0.000996086047962, "max": 0.150608345866, "mean": 0.0200466550887, "median": 0.0106808254495, "min": 1.00454994631e-20, "var": 0.000615251425188}, "spectral_energyband_high": {"dmean": 0.0010817644652, "dmean2": 0.00157883064821, "dvar": 4.06340632253e-06, "dvar2": 8.6509699031e-06, "max": 0.0583637841046, "mean": 0.00124257744756, "median": 0.000269646057859, "min": 7.74165120754e-21, "var": 6.33797208138e-06}, "spectral_energyband_low": {"dmean": 0.00597547087818, "dmean2": 0.00946400314569, "dvar": 0.000316642137477, "dvar2": 0.000770453189034, "max": 0.14316932857, "mean": 0.0065351924859, "median": 0.00200034142472, "min": 8.8207731673e-23, "var": 0.000301806663629}, "spectral_energyband_middle_high": {"dmean": 0.00269000325352, "dmean2": 0.0039744079113, "dvar": 3.63034087059e-05, "dvar2": 7.79279725975e-05, "max": 0.130589365959, "mean": 0.00494752172381, "median": 0.00128431990743, "min": 1.08091796253e-21, "var": 0.000101177131}, "spectral_energyband_middle_low": {"dmean": 0.00499004777521, "dmean2": 0.00780141120777, "dvar": 9.30305759539e-05, "dvar2": 0.000212130107684, "max": 0.142165571451, "mean": 0.00779723608866, "median": 0.00314303371124, "min": 2.85998580314e-22, "var": 0.000126309867483}, "spectral_entropy": {"dmean": 0.349795609713, "dmean2": 0.494970947504, "dvar": 0.119581073523, "dvar2": 0.210848376155, "max": 9.1519536972, "mean": 7.56791877747, "median": 7.6613984108, "min": 4.86129617691, "var": 0.448519080877}, "spectral_flux": {"dmean": 0.0362398996949, "dmean2": 0.0532312355936, "dvar": 0.00212744344026, "dvar2": 0.0042667449452, "max": 0.404307693243, "mean": 0.083317682147, "median": 0.0603591762483, "min": 5.53901663807e-05, "var": 0.00443457625806}, "spectral_kurtosis": {"dmean": 2.4164352417, "dmean2": 3.67026853561, "dvar": 15.4225387573, "dvar2": 34.3057823181, "max": 96.0475540161, "mean": 5.14919471741, "median": 3.92643260956, "min": -1.4942843914, "var": 28.8910694122}, "spectral_rms": {"dmean": 0.00114833051339, "dmean2": 0.00162286218256, "dvar": 2.34426806855e-06, "dvar2": 4.74740591017e-06, "max": 0.0121216736734, "mean": 0.00381682836451, "median": 0.00322805158794, "min": 3.13057305773e-12, "var": 4.98950566907e-06}, "spectral_rolloff": {"dmean": 1306.0189209, "dmean2": 2103.51416016, "dvar": 4431091.5, "dvar2": 8617684, "max": 18755.4199219, "mean": 2137.94702148, "median": 1184.32617188, "min": 64.599609375, "var": 6976638}, "spectral_skewness": {"dmean": 0.356335878372, "dmean2": 0.533185899258, "dvar": 0.167779132724, "dvar2": 0.359670370817, "max": 7.73561859131, "mean": 1.6607568264, "median": 1.57706558704, "min": -0.642129540443, "var": 0.482607811689}, "spectral_spread": {"dmean": 1340852.125, "dmean2": 1810215.625, "dvar": 1781803646980.0, "dvar2": 2910618386430.0, "max": 51409700, "mean": 5971932.5, "median": 5724846.5, "min": 1056451, "var": 6169278545920.0}, "spectral_strongpeak": {"dmean": 0.570522665977, "dmean2": 0.93564260006, "dvar": 1.08916044235, "dvar2": 2.45233368874, "max": 22.0497817993, "mean": 1.03211951256, "median": 0.378672480583, "min": 0, "var": 2.77607750893}, "zerocrossingrate": {"dmean": 0.027378551662, "dmean2": 0.0304474122822, "dvar": 0.000906551082153, "dvar2": 0.00106334500015, "max": 0.51708984375, "mean": 0.0836441069841, "median": 0.0673828125, "min": 0.00537109375, "var": 0.00358794326894}, "barkbands": {"dmean": [4.02282057621e-05, 0.00427010608837, 0.00222122180276, 0.000714806723408, 0.00273728719912, 0.00116812088527, 0.000423493795097, 0.000424365745857, 0.000630290072877, 0.000501516100485, 0.000411095912568, 0.00065989169525, 0.000429715350037, 0.000419324613176, 0.000320991239278, 0.000350084534148, 0.000289924355457, 0.000193997504539, 0.000219955560169, 0.000158799724886, 0.000112755034934, 0.000268500298262, 0.000193121595657, 0.000147098806337, 0.000151785963681, 0.000158068287419, 8.28094707686e-05], "dmean2": [6.39283825876e-05, 0.0068823620677, 0.00394581165165, 0.00124832044821, 0.00446562096477, 0.00183852377813, 0.000680662225932, 0.000681105128024, 0.000984464306384, 0.000743239361327, 0.000640142185148, 0.000994211062789, 0.000697251176462, 0.000663101614919, 0.000518876477145, 0.000573934521526, 0.000445968384156, 0.000306544010527, 0.000351038441295, 0.000240785870119, 0.000172325744643, 0.000430687709013, 0.000297458173009, 0.000218673143536, 0.000217089283979, 0.000220481582801, 0.000126377592096], "dvar": [2.06235082345e-08, 0.000205292788451, 4.57689457107e-05, 2.38908660322e-06, 4.76068853459e-05, 7.21498327039e-06, 4.11146947954e-06, 4.39220912085e-06, 9.8765212897e-06, 4.90328966407e-06, 3.4279769352e-06, 5.82664915783e-06, 4.41415022578e-06, 2.17076353692e-06, 9.25113965877e-07, 1.08302413082e-06, 1.02198737295e-06, 2.35979598529e-07, 2.78088663208e-07, 8.87094060431e-08, 5.20571674656e-08, 3.0790934602e-07, 1.61498391549e-07, 2.35619026512e-07, 4.3475978373e-07, 1.0923392324e-07, 2.23571188229e-08], "dvar2": [4.90653562224e-08, 0.000523242400959, 0.00012876339315, 6.59598845232e-06, 0.000116102601169, 1.70004004758e-05, 1.04982609628e-05, 1.05277476905e-05, 2.4730052246e-05, 1.11751514851e-05, 7.47378317101e-06, 1.20614959087e-05, 1.02891008282e-05, 4.38527104052e-06, 2.0791389943e-06, 2.68461599262e-06, 2.23999404625e-06, 5.5429478607e-07, 6.03724686243e-07, 1.88496983355e-07, 1.22418910564e-07, 7.67981759964e-07, 3.84226495953e-07, 5.11660232405e-07, 9.65327103586e-07, 2.24367667556e-07, 5.4628650048e-08], "max": [0.00505696004257, 0.125927999616, 0.054575946182, 0.0140784839168, 0.0565013922751, 0.0459607467055, 0.120470389724, 0.0791750848293, 0.124928288162, 0.0811311081052, 0.0746466070414, 0.0941164046526, 0.104571372271, 0.0764004811645, 0.0248122662306, 0.0242643803358, 0.0454921275377, 0.0194169506431, 0.0158787257969, 0.013617134653, 0.00583194475621, 0.00729405879974, 0.0116384197026, 0.0163835585117, 0.0323979519308, 0.009831068106, 0.00247919000685], "mean": [3.68197688658e-05, 0.00410516839474, 0.00210526003502, 0.000685056380462, 0.0030508171767, 0.00180896336678, 0.000567285867874, 0.000451292464277, 0.000854476296809, 0.000842914101668, 0.000595271994825, 0.0010236883536, 0.000486493081553, 0.000488973280881, 0.00035213859519, 0.000338036741596, 0.000388951331843, 0.000239056840655, 0.000268886302365, 0.000206422439078, 0.000125557504361, 0.000247744261287, 0.000197052358999, 0.000159113144036, 0.000176633460796, 0.000170965431607, 7.36536167096e-05], "median": [2.00953400054e-06, 0.000859024061356, 0.000798090593889, 0.000223567738431, 0.000629389833193, 0.000476068700664, 0.000123060744954, 5.28445707459e-05, 7.90379563114e-05, 6.55985568301e-05, 4.17653391196e-05, 6.17594414507e-05, 3.5208882764e-05, 5.42431334907e-05, 5.10865429533e-05, 3.51219423464e-05, 4.98030240124e-05, 4.82524192194e-05, 6.18142366875e-05, 5.94156881562e-05, 2.98937102343e-05, 3.20279177686e-05, 3.4865395719e-05, 2.1261481379e-05, 2.09893059946e-05, 2.10601647268e-05, 6.89184844305e-06], "min": [1.78853542103e-23, 2.42082400265e-23, 3.65182487916e-23, 5.17000315294e-23, 4.06453639439e-23, 4.02722453575e-23, 2.02902487447e-23, 3.11157411931e-23, 1.0000869954e-22, 1.07394916214e-23, 5.29398305715e-23, 5.47498687631e-23, 5.31776563573e-23, 3.83234339109e-23, 1.56303624961e-22, 8.99989066226e-23, 1.17712309664e-22, 1.26487219721e-22, 2.31622284522e-22, 3.06830213254e-22, 4.4528226934e-22, 5.64740246146e-22, 5.68510117749e-22, 7.21400044961e-22, 1.21384413002e-21, 1.5565939697e-21, 2.6605171862e-21], "var": [2.40404069984e-08, 0.000177491543582, 2.95750105579e-05, 1.76384196493e-06, 4.68182443001e-05, 1.38170307764e-05, 3.80953770218e-06, 4.44894840257e-06, 1.08754784378e-05, 8.54173777043e-06, 6.80837229083e-06, 1.49704555952e-05, 7.03663727109e-06, 3.90724153476e-06, 1.20771630918e-06, 1.13967951165e-06, 2.69090696747e-06, 5.26634380549e-07, 5.28187229065e-07, 1.75970029659e-07, 6.2018827407e-08, 3.02303220678e-07, 1.967153338e-07, 3.51884665406e-07, 6.17890975718e-07, 1.82099995527e-07, 2.33878125755e-08]}, "erbbands": {"dmean": [0.0676395446062, 1.14604020119, 2.74214553833, 2.28248357773, 8.38540649414, 7.6307220459, 8.55561065674, 9.113322258, 7.78226137161, 6.51407957077, 9.92887878418, 14.0399875641, 17.2577610016, 13.8137331009, 15.7355632782, 26.8426952362, 19.7711467743, 21.087305069, 17.5876731873, 16.8921909332, 20.042804718, 13.6057710648, 9.84199142456, 12.1978597641, 8.7253074646, 7.18873596191, 5.17921543121, 5.073366642, 9.05327510834, 9.14629173279, 5.08688783646, 2.73799324036, 2.61265897751, 1.74861609936, 1.09180414677, 0.595031857491, 0.338876873255, 0.0755707472563, 0.0184540003538, 0.000635354779661], "dmean2": [0.0926368534565, 1.92743563652, 4.74677228928, 3.99135375023, 14.1623401642, 12.6258678436, 13.7873430252, 14.7174758911, 12.038687706, 10.7424097061, 15.7752246857, 21.9101905823, 25.8830070496, 20.3534603119, 23.972738266, 40.4205093384, 31.6093521118, 34.0372085571, 28.2862548828, 26.7327804565, 33.0954742432, 20.3344726562, 15.3585538864, 19.2680644989, 13.6465539932, 10.9581565857, 7.88498163223, 7.99373149872, 14.4875993729, 14.8395872116, 7.66124343872, 4.01242685318, 3.94172263145, 2.52041578293, 1.55317139626, 0.842920780182, 0.478329926729, 0.107805408537, 0.0283497497439, 0.000961523095611], "dvar": [0.0483031868935, 15.2676458359, 70.5472259521, 34.4239196777, 514.331481934, 355.569702148, 413.574645996, 562.444763184, 708.840148926, 1342.2121582, 2083.01611328, 5680.81933594, 5995.58203125, 2782.6003418, 5281.06054688, 10461.1474609, 9334.18359375, 4186.9140625, 3407.86523438, 3075.69946289, 2979.89160156, 2021.72631836, 560.031982422, 1244.04699707, 284.530456543, 176.901626587, 92.6382980347, 135.766433716, 381.386138916, 412.088287354, 100.245697021, 66.3362426758, 93.7735443115, 63.4102592468, 21.8263835907, 3.12688231468, 0.400342553854, 0.0164390355349, 0.00121283705812, 1.18691366424e-06], "dvar2": [0.0956058651209, 40.3255729675, 191.363311768, 97.4830551147, 1312.53381348, 897.19354248, 1003.4276123, 1405.19628906, 1751.03173828, 3111.52807617, 4938.50585938, 14689.9921875, 14294.6318359, 5131.79785156, 12584.4560547, 21877.8046875, 23872.4316406, 9215.69335938, 7451.72363281, 6549.67431641, 7555.02001953, 3863.8190918, 1271.25219727, 2705.03198242, 632.676269531, 386.975219727, 208.699127197, 344.668670654, 958.169067383, 1062.17993164, 216.533920288, 143.840057373, 203.554412842, 142.430770874, 48.3413543701, 6.50525474548, 0.848593771458, 0.0357925258577, 0.00297762546688, 2.8892559385e-06], "max": [2.36204957962, 32.4652366638, 70.1082992554, 52.9450492859, 189.019271851, 223.165359497, 352.830810547, 506.559967041, 1285.85083008, 2135.55297852, 1210.24511719, 3272.12182617, 2589.56445312, 2195.43139648, 2557.60644531, 4310.64306641, 5440.42431641, 2195.37109375, 3076.34326172, 2153.4387207, 875.657043457, 3098.84106445, 891.587524414, 1152.05310059, 498.006225586, 458.438842773, 274.852600098, 377.870697021, 250.936004639, 331.086364746, 418.158599854, 378.247802734, 352.816345215, 381.29083252, 204.170318604, 64.1598815918, 16.8963317871, 4.12282705307, 0.414585322142, 0.0128360772505], "mean": [0.0773779451847, 1.05927360058, 2.70326352119, 2.25324511528, 8.54066371918, 8.05514335632, 11.6178340912, 13.0794343948, 11.7757930756, 6.92959976196, 11.8864507675, 19.0779438019, 30.0235080719, 23.3145275116, 24.1904239655, 43.5409889221, 24.5119056702, 25.2190055847, 20.1283226013, 18.9866638184, 21.7888450623, 19.0317363739, 12.644739151, 15.0931110382, 12.1856594086, 9.56613254547, 6.00676679611, 5.29716873169, 8.48515796661, 8.28527164459, 5.40595245361, 2.98083567619, 2.84272432327, 2.00279545784, 1.24467122555, 0.664909422398, 0.351545959711, 0.0751040130854, 0.0160572398454, 0.000592447002418], "median": [0.0146008292213, 0.226744920015, 0.902310609818, 0.952850341797, 1.70559263229, 1.5437567234, 2.74070668221, 3.32908844948, 2.9419336319, 1.05279493332, 1.82057332993, 2.39107060432, 3.11688280106, 2.40100741386, 2.26014184952, 2.92637658119, 2.27567434311, 3.56597471237, 2.67250466347, 3.05191254616, 3.06479668617, 2.83452486992, 2.78366422653, 2.98931670189, 3.48757147789, 2.89833116531, 1.59419763088, 1.03814983368, 1.07925605774, 1.34365153313, 0.887254655361, 0.425070375204, 0.373816043139, 0.22837074101, 0.146717101336, 0.0863719061017, 0.039987642318, 0.00974466372281, 0.00131288880948, 7.66528974054e-05], "min": [1.14989717177e-21, 5.19266830057e-21, 4.26282326489e-20, 9.38213712411e-20, 1.50220277314e-19, 1.83605338536e-19, 1.90231817799e-19, 3.44389487754e-19, 1.27549634869e-19, 4.83240413118e-19, 1.27937781616e-18, 1.9742224554e-18, 9.18193227401e-19, 1.04883958091e-18, 2.52132302127e-18, 1.94955965185e-18, 2.21096981852e-18, 1.95168323128e-18, 4.61288931837e-18, 8.50725729663e-18, 4.39278772431e-18, 7.16568118527e-18, 6.88568716537e-18, 8.54009636695e-18, 1.27927468742e-17, 1.48462194361e-17, 1.42735176303e-17, 2.35011375711e-17, 1.73898064372e-17, 1.81386646262e-17, 1.56260191432e-17, 1.25168076936e-17, 1.47420228031e-17, 1.32816619014e-17, 8.12063473268e-18, 6.18132715735e-18, 2.85364076441e-18, 1.6066566852e-18, 3.81579062806e-19, 3.50366694861e-20], "var": [0.0607850477099, 11.9750471115, 50.3839302063, 22.0523300171, 445.632507324, 344.949127197, 621.694396973, 832.132751465, 937.08380127, 1416.1640625, 2240.8605957, 5472.17236328, 9447.04394531, 8198, 7250.76171875, 28826.8417969, 12036.0078125, 7172.55322266, 5234.40185547, 4122.04394531, 3341.71362305, 8149.34033203, 1331.86425781, 2315.11914062, 706.380371094, 348.273498535, 131.496932983, 131.464263916, 370.236846924, 370.691131592, 148.846740723, 92.4304733276, 144.147537231, 89.4384689331, 30.3249969482, 4.92910718918, 0.627742409706, 0.0248094480485, 0.00119686848484, 1.26217480556e-06]}, "gfcc": {"mean": [-24.278591156, 59.2961921692, -84.6856765747, 26.6519927979, -45.144203186, 8.49046707153, -32.5299110413, 2.13345193863, -25.1473903656, 0.608508348465, -16.5291118622, 3.80254626274, -12.8196277618], "cov": [[7103.66748047, -2138.82080078, -363.871765137, -263.455108643, -122.352325439, 87.5991973877, -214.100738525, -25.6110954285, -210.957244873, 106.578285217, -214.074066162, 113.810806274, -213.559402466], [-2138.82080078, 2163.72070312, -439.286315918, -171.380477905, 25.1676197052, -141.474227905, 76.9518966675, -7.53836774826, 60.3288917542, -87.7580871582, 130.433959961, -60.6843147278, 151.493667603], [-363.871765137, -439.286315918, 1576.99255371, 385.498779297, -29.087223053, -25.1089859009, -17.3327770233, -72.658241272, 105.510597229, 117.529403687, -37.6593894958, 7.73593664169, -65.7568893433], [-263.455108643, -171.380477905, 385.498779297, 657.06652832, 107.199127197, -3.58885550499, -71.4579086304, -32.093006134, 52.5363693237, 28.630853653, -52.8111076355, -37.1073150635, -34.849029541], [-122.352325439, 25.1676197052, -29.087223053, 107.199127197, 439.010986328, 33.1730766296, 69.8333816528, -14.1102228165, 67.7472991943, 7.89044570923, -15.2190561295, -2.59994649887, -9.30467319489], [87.5991973877, -141.474227905, -25.1089859009, -3.58885550499, 33.1730766296, 326.912689209, 126.915367126, 4.22379684448, -52.962272644, -16.8474998474, -13.1113071442, 1.31198823452, -16.3666782379], [-214.100738525, 76.9518966675, -17.3327770233, -71.4579086304, 69.8333816528, 126.915367126, 330.435302734, 51.5105400085, 15.6355991364, -9.64661979675, 55.2453994751, 3.30802893639, 5.9964594841], [-25.6110954285, -7.53836774826, -72.658241272, -32.093006134, -14.1102228165, 4.22379684448, 51.5105400085, 210.140808105, 60.9316139221, -21.7294826508, -1.3162779808, 10.3011445999, 26.088973999], [-210.957244873, 60.3288917542, 105.510597229, 52.5363693237, 67.7472991943, -52.962272644, 15.6355991364, 60.9316139221, 201.349212646, 62.9518928528, 6.05218315125, -6.38481235504, 23.5561485291], [106.578285217, -87.7580871582, 117.529403687, 28.630853653, 7.89044570923, -16.8474998474, -9.64661979675, -21.7294826508, 62.9518928528, 131.975738525, 42.5320396423, 5.58337450027, -17.6088142395], [-214.074066162, 130.433959961, -37.6593894958, -52.8111076355, -15.2190561295, -13.1113071442, 55.2453994751, -1.3162779808, 6.05218315125, 42.5320396423, 138.552658081, 28.0200691223, 9.77535438538], [113.810806274, -60.6843147278, 7.73593664169, -37.1073150635, -2.59994649887, 1.31198823452, 3.30802893639, 10.3011445999, -6.38481235504, 5.58337450027, 28.0200691223, 84.5611038208, 27.1965408325], [-213.559402466, 151.493667603, -65.7568893433, -34.849029541, -9.30467319489, -16.3666782379, 5.9964594841, 26.088973999, 23.5561485291, -17.6088142395, 9.77535438538, 27.1965408325, 90.2422637939]], "icov": [[0.00025584892137, 0.00021156288858, 0.000136050904985, 0.000110271925223, 3.57002681994e-05, 6.52766175335e-05, 2.43013782892e-05, -6.22602192379e-06, 0.00015028200869, -0.000347845751094, 0.000427042017691, -0.000382789236028, 0.000369735265849], [0.00021156288858, 0.000884846551344, 0.000201934119104, 0.00016448853421, -3.34148717229e-05, 0.0002868550946, -5.44903523405e-05, 0.000317911297316, -0.000182099291123, 0.000406330364058, -0.000554472149815, 0.000782521383371, -0.000862755579874], [0.000136050904985, 0.000201934119104, 0.000967647822108, -0.000430103013059, 0.000351432390744, 0.000155817077029, -0.000299212901155, 0.000413078640122, -0.000432621309301, -0.000565508322325, 0.000593396718614, -0.000746786245145, 0.000650293310173], [0.000110271925223, 0.00016448853421, -0.000430103013059, 0.00209923950024, -0.000565526541322, -0.000156790643814, 0.000603291671723, -2.56428415923e-06, -0.000148731269292, -1.05845201688e-05, 0.000227202326641, 0.000761518545914, 0.000138643095852], [3.57002681994e-05, -3.34148717229e-05, 0.000351432390744, -0.000565526541322, 0.00286524672993, -0.000126902610646, -0.000808646786027, 0.00080316781532, -0.00140080403071, 0.000242032052483, 0.000720626383554, -0.000979166361503, 0.000902135274373], [6.52766175335e-05, 0.0002868550946, 0.000155817077029, -0.000156790643814, -0.000126902610646, 0.0041573275812, -0.00187689217273, -2.6081012038e-05, 0.00135305814911, -0.000545035116374, 0.0010847755475, -0.000205122720217, 8.38414707687e-05], [2.43013782892e-05, -5.44903523405e-05, -0.000299212901155, 0.000603291671723, -0.000808646786027, -0.00187689217273, 0.00465194415301, -0.000985884806141, -0.000470748113003, 0.00102107040584, -0.00235631223768, 0.000826206116471, 4.44257966592e-05], [-6.22602192379e-06, 0.000317911297316, 0.000413078640122, -2.56428415923e-06, 0.00080316781532, -2.6081012038e-05, -0.000985884806141, 0.00644995458424, -0.00314525538124, 0.00226573389955, -3.06802903651e-05, -0.000747726531699, -0.000477711990243], [0.00015028200869, -0.000182099291123, -0.000432621309301, -0.000148731269292, -0.00140080403071, 0.00135305814911, -0.000470748113003, -0.00314525538124, 0.00929453596473, -0.00548056792468, 0.00154568813741, 0.00141808099579, -0.00276019144803], [-0.000347845751094, 0.000406330364058, -0.000565508322325, -1.05845201688e-05, 0.000242032052483, -0.000545035116374, 0.00102107040584, 0.00226573389955, -0.00548056792468, 0.0136662712321, -0.00567061407492, 0.000474549306091, 0.00185029790737], [0.000427042017691, -0.000554472149815, 0.000593396718614, 0.000227202326641, 0.000720626383554, 0.0010847755475, -0.00235631223768, -3.06802903651e-05, 0.00154568813741, -0.00567061407492, 0.0123267369345, -0.0049125989899, 0.00153330701869], [-0.000382789236028, 0.000782521383371, -0.000746786245145, 0.000761518545914, -0.000979166361503, -0.000205122720217, 0.000826206116471, -0.000747726531699, 0.00141808099579, 0.000474549306091, -0.0049125989899, 0.0174353681505, -0.00744646554813], [0.000369735265849, -0.000862755579874, 0.000650293310173, 0.000138643095852, 0.000902135274373, 8.38414707687e-05, 4.44257966592e-05, -0.000477711990243, -0.00276019144803, 0.00185029790737, 0.00153330701869, -0.00744646554813, 0.0173349902034]]}, "melbands": {"dmean": [0.000922099803574, 0.00147666293196, 0.000544798211195, 0.000645874359179, 0.000287986971671, 0.000210886268178, 0.000114699607366, 7.43357813917e-05, 8.49742573337e-05, 9.16787612368e-05, 8.6699554231e-05, 5.64213914913e-05, 5.28736018168e-05, 6.70429290039e-05, 6.52416347293e-05, 4.11425717175e-05, 4.11331020587e-05, 3.04988989228e-05, 2.45815863309e-05, 2.40083445533e-05, 2.5953300792e-05, 1.67573307408e-05, 9.6173316706e-06, 9.35117077461e-06, 1.05812832771e-05, 7.8656767073e-06, 5.93203822064e-06, 4.6946738621e-06, 3.5003308767e-06, 2.74525677924e-06, 3.24104962601e-06, 5.20457069797e-06, 5.30915758645e-06, 4.9955870054e-06, 3.32378385792e-06, 1.79993469374e-06, 1.65164669852e-06, 1.68101098552e-06, 1.95116899704e-06, 1.37813071888e-06], "dmean2": [0.00140625331551, 0.00249755638652, 0.000938680837862, 0.00107929657679, 0.000469168473501, 0.000334910058882, 0.000179410722922, 0.000122016528621, 0.000135227674036, 0.000141635187902, 0.000130247703055, 8.31174984341e-05, 8.15239545773e-05, 0.000101454825199, 9.81484990916e-05, 6.84228070895e-05, 6.60516161588e-05, 4.88951882289e-05, 3.9168906369e-05, 3.87182117265e-05, 4.30881991633e-05, 2.54016522376e-05, 1.50547812154e-05, 1.46630018207e-05, 1.67944235727e-05, 1.29406789711e-05, 8.97494010133e-06, 7.31338332116e-06, 5.45133934793e-06, 4.30207865065e-06, 5.26596068084e-06, 8.46487728268e-06, 8.49956268212e-06, 8.17136060505e-06, 5.10262452735e-06, 2.68553367277e-06, 2.4283433504e-06, 2.57076089838e-06, 2.95527979688e-06, 1.99290070668e-06], "dvar": [9.388953913e-06, 2.09703284781e-05, 1.37435313263e-06, 3.02736725644e-06, 4.61204621161e-07, 2.68771117362e-07, 1.8001891533e-07, 1.75189356355e-07, 1.76136722985e-07, 2.16940065911e-07, 1.58658565397e-07, 4.75839208036e-08, 5.98129190621e-08, 7.93846766101e-08, 5.75896379473e-08, 4.2886206586e-08, 1.8653610212e-08, 1.33648168088e-08, 5.82087045231e-09, 5.85701620537e-09, 5.55295320837e-09, 3.6271974313e-09, 8.1412615538e-10, 5.11099662592e-10, 1.07427011731e-09, 3.20703852363e-10, 1.64955146764e-10, 7.81805800654e-11, 5.1063701878e-11, 3.00133702613e-11, 6.34583774417e-11, 1.30291097356e-10, 1.31441690865e-10, 1.34412272979e-10, 4.08759658066e-11, 2.14126823911e-11, 3.00692908073e-11, 3.69113142829e-11, 7.18868437e-11, 4.46558519329e-11], "dvar2": [2.25500589295e-05, 5.49157557543e-05, 3.67654365618e-06, 7.60420743973e-06, 1.15305124382e-06, 6.55552412354e-07, 4.5748993216e-07, 4.0960867409e-07, 4.34616424627e-07, 5.39722407211e-07, 3.78139446866e-07, 8.91720617346e-08, 1.36046764965e-07, 1.7479290193e-07, 1.141575936e-07, 1.11389390156e-07, 4.09425382486e-08, 2.68053330643e-08, 1.25555077446e-08, 1.36619551228e-08, 1.41311309321e-08, 7.18089721019e-09, 1.75509695666e-09, 1.17214249418e-09, 2.31089569702e-09, 7.79961428776e-10, 3.22922993901e-10, 1.78356579505e-10, 1.19550799815e-10, 7.04820576902e-11, 1.65557831333e-10, 3.34086452947e-10, 3.28588156684e-10, 3.52216839028e-10, 9.15445982907e-11, 4.18201272223e-11, 6.95426077835e-11, 8.24334836502e-11, 1.56566093423e-10, 1.05362107927e-10], "max": [0.0299449190497, 0.0366012230515, 0.00886533595622, 0.0130610363558, 0.0103168524802, 0.0102693671361, 0.0223939493299, 0.0239593349397, 0.0127528468147, 0.0189888458699, 0.0135771436617, 0.00810033082962, 0.0100117679685, 0.0118442364037, 0.00946398358792, 0.0120717510581, 0.00548123149201, 0.00666386121884, 0.00254208804108, 0.00214424636215, 0.00153938098811, 0.0033246811945, 0.00136713765096, 0.00109790591523, 0.00102482608054, 0.000653215334751, 0.000814093800727, 0.000221721944399, 0.000289183837594, 9.42285114434e-05, 0.000248361175181, 0.000157245449373, 0.000197078494239, 0.000211582970223, 0.000204977113754, 0.000274984340649, 0.00024617346935, 0.000226126066991, 0.000294997676974, 0.000350132206222], "mean": [0.000939441088121, 0.00146602350287, 0.000566649541724, 0.000662197242491, 0.000378178112442, 0.00031924675568, 0.000168121099705, 7.53364874981e-05, 0.000100760400528, 0.000126300961711, 0.000149202314788, 9.24064952414e-05, 7.75391890784e-05, 0.000100636119896, 9.81905832305e-05, 4.24013451266e-05, 4.83341100335e-05, 3.32822819473e-05, 2.68531384791e-05, 2.42453425017e-05, 2.72038214462e-05, 2.25832118304e-05, 1.12637726488e-05, 1.17287017929e-05, 1.23948029795e-05, 9.33538558456e-06, 8.03131206339e-06, 5.87640079175e-06, 3.93484651795e-06, 2.87884768113e-06, 3.21372135659e-06, 4.76613558931e-06, 4.86796989208e-06, 4.46352350991e-06, 3.45432272297e-06, 1.94960307454e-06, 1.77135359536e-06, 1.81303232694e-06, 2.14504098039e-06, 1.54066697178e-06], "median": [0.000193291401956, 0.00043214141624, 0.000228395714657, 0.000123650752357, 8.71837764862e-05, 8.52045050124e-05, 4.08522610087e-05, 8.86363886821e-06, 1.29105283122e-05, 1.29654281409e-05, 1.24092930491e-05, 6.58079261484e-06, 5.61162505619e-06, 7.08124161974e-06, 4.42788268629e-06, 3.83593032893e-06, 6.12962685409e-06, 3.4085455809e-06, 3.84792383556e-06, 2.74272406386e-06, 3.27784482579e-06, 2.87500620288e-06, 2.19595040107e-06, 2.2439287477e-06, 2.05193941838e-06, 2.129680297e-06, 2.17469937525e-06, 1.76013259079e-06, 9.67966343524e-07, 6.0353175968e-07, 5.47272406948e-07, 5.56004181362e-07, 6.25681082056e-07, 7.57014731789e-07, 5.35101378318e-07, 3.31268665832e-07, 2.29564307119e-07, 2.5198687581e-07, 2.47573638035e-07, 1.73561815586e-07], "min": [9.11881081263e-24, 1.48444232162e-23, 1.90396817512e-23, 1.27498626176e-23, 6.66668086496e-24, 7.5610732155e-24, 2.36747097304e-24, 4.62439492313e-24, 1.21563702153e-23, 1.31839790846e-23, 4.43922718057e-24, 3.67416739215e-24, 7.91979903468e-24, 7.69564420846e-24, 3.07415071574e-24, 5.68691680397e-24, 3.19021503186e-24, 5.4489995104e-24, 1.43221483875e-23, 8.03403082692e-24, 4.7382539786e-24, 7.64528569486e-24, 5.68046510506e-24, 6.47048366366e-24, 6.75358967089e-24, 9.24383185547e-24, 9.82459914251e-24, 9.77345807888e-24, 7.97788128541e-24, 1.20389293369e-23, 1.35775946439e-23, 1.01237927846e-23, 1.03360436998e-23, 1.00266003879e-23, 8.49621338724e-24, 7.89347474627e-24, 8.11365923556e-24, 1.06521276427e-23, 1.05079017811e-23, 1.11992918218e-23], "var": [9.19082322071e-06, 1.64303692145e-05, 1.0751073205e-06, 2.68180656349e-06, 6.27558620181e-07, 4.57991859548e-07, 2.07746694514e-07, 1.82902539336e-07, 1.77071669327e-07, 2.38220650317e-07, 2.49562276622e-07, 1.35359883302e-07, 1.0156780661e-07, 1.61625976602e-07, 1.92340849026e-07, 5.07848803011e-08, 2.96947408884e-08, 2.27215188886e-08, 7.68627295145e-09, 7.20202475435e-09, 6.22090201574e-09, 1.18852909736e-08, 1.90624471763e-09, 1.39133582433e-09, 1.89049020882e-09, 6.21994511452e-10, 3.86813164832e-10, 1.29476013244e-10, 6.81192463547e-11, 3.48615025736e-11, 5.65403314445e-11, 1.20431706274e-10, 1.28883265171e-10, 1.14409065555e-10, 5.53786634605e-11, 3.52943264892e-11, 3.69448152626e-11, 5.25588322864e-11, 1.14225566505e-10, 5.50098543106e-11]}, "mfcc": {"mean": [-685.277770996, 104.388061523, 16.7554264069, 27.3400611877, 9.08456802368, 9.583568573, 1.80716955662, 4.35840511322, -4.17349672318, 0.253986895084, -2.35571789742, -6.28062963486, 0.780364215374], "cov": [[7058.14208984, -1624.59814453, -805.828552246, -436.551849365, -148.356719971, -25.8408164978, -109.771080017, -90.3418121338, -141.377166748, -89.2922973633, -11.7818717957, -91.6103897095, -25.4729423523], [-1624.59814453, 1734.80383301, -262.635223389, -78.8101806641, -74.1341323853, -137.071563721, -0.0984833315015, -11.2407197952, 10.8950080872, 14.027425766, -52.462638855, -9.09054470062, 41.9570884705], [-805.828552246, -262.635223389, 1298.23474121, 275.038299561, 40.5249481201, 103.543632507, -43.6829795837, -65.5823364258, 3.08333563805, 11.2716579437, 48.6159858704, 43.0087051392, -11.2409982681], [-436.551849365, -78.8101806641, 275.038299561, 531.354736328, 181.275039673, 50.0098991394, -52.6681785583, -42.76014328, 29.4650363922, 5.63671684265, 40.1694030762, 61.8560409546, -4.44260597229], [-148.356719971, -74.1341323853, 40.5249481201, 181.275039673, 309.9737854, 64.6495666504, -55.3759307861, -11.7145404816, 48.7854423523, -3.1108546257, 6.11570310593, 34.8173027039, -15.7227334976], [-25.8408164978, -137.071563721, 103.543632507, 50.0098991394, 64.6495666504, 310.843566895, 104.246253967, 7.92217254639, 20.5051574707, -1.90884780884, 31.8087558746, 7.56572008133, -16.5804042816], [-109.771080017, -0.0984833315015, -43.6829795837, -52.6681785583, -55.3759307861, 104.246253967, 242.299423218, 105.54800415, -11.1875505447, 14.9364728928, 2.73634624481, -18.4683818817, 8.40453720093], [-90.3418121338, -11.2407197952, -65.5823364258, -42.76014328, -11.7145404816, 7.92217254639, 105.54800415, 189.415512085, 76.6689300537, 23.6097450256, -11.1262998581, -4.11464738846, 14.4924430847], [-141.377166748, 10.8950080872, 3.08333563805, 29.4650363922, 48.7854423523, 20.5051574707, -11.1875505447, 76.6689300537, 161.669448853, 48.3052024841, 1.14381361008, 12.6343336105, 8.25999546051], [-89.2922973633, 14.027425766, 11.2716579437, 5.63671684265, -3.1108546257, -1.90884780884, 14.9364728928, 23.6097450256, 48.3052024841, 129.963134766, 57.2337379456, 4.10443067551, -1.12037420273], [-11.7818717957, -52.462638855, 48.6159858704, 40.1694030762, 6.11570310593, 31.8087558746, 2.73634624481, -11.1262998581, 1.14381361008, 57.2337379456, 131.337112427, 39.9162864685, -12.4163379669], [-91.6103897095, -9.09054470062, 43.0087051392, 61.8560409546, 34.8173027039, 7.56572008133, -18.4683818817, -4.11464738846, 12.6343336105, 4.10443067551, 39.9162864685, 94.9692230225, 34.5341033936], [-25.4729423523, 41.9570884705, -11.2409982681, -4.44260597229, -15.7227334976, -16.5804042816, 8.40453720093, 14.4924430847, 8.25999546051, -1.12037420273, -12.4163379669, 34.5341033936, 101.024467468]], "icov": [[0.000239288609009, 0.000259277439909, 0.000181987459655, 0.00011795424507, 9.24835476326e-05, -3.62708269677e-05, 0.00018002546858, 9.07470966922e-05, 8.69322248036e-05, 6.67502245051e-05, -5.6241537095e-05, 0.000152359018102, -0.000106825966213], [0.000259277439909, 0.000914045143872, 0.000305243651383, 0.000116344614071, 0.000188103469554, 0.000239933113335, -3.61139391316e-05, 0.000423902267357, -0.000130956614157, -5.42566522199e-05, 0.000184326345334, 8.37592669996e-05, -0.000260185945081], [0.000181987459655, 0.000305243651383, 0.0010709555354, -0.00040613222518, 0.000390744389733, -0.000343921536114, 0.000333632226102, 0.000220265283133, 6.35922478978e-05, -7.35220528441e-05, -1.38252116813e-05, -4.70913473691e-05, -2.61827135546e-05], [0.00011795424507, 0.000116344614071, -0.00040613222518, 0.00285282288678, -0.00140453514177, 0.000138518633321, -0.000125147722429, 0.000590186216868, -0.000275178492302, 0.000147718805238, -0.000366121937986, -0.000886915775482, 7.3896451795e-05], [9.24835476326e-05, 0.000188103469554, 0.000390744389733, -0.00140453514177, 0.0048703555949, -0.00126662990078, 0.00145486486144, -0.000356061966158, -0.000682151992805, -1.05814360722e-05, 0.000853774719872, -0.00119463214651, 0.000976020412054], [-3.62708269677e-05, 0.000239933113335, -0.000343921536114, 0.000138518633321, -0.00126662990078, 0.00517608923838, -0.00372935784981, 0.00225774990395, -0.00211035087705, 0.00140256038867, -0.00131444178987, 6.85689010425e-05, 0.000500897353049], [0.00018002546858, -3.61139391316e-05, 0.000333632226102, -0.000125147722429, 0.00145486486144, -0.00372935784981, 0.00925174821168, -0.00612643640488, 0.00418486259878, -0.00158268329687, 0.000267629598966, 0.00112272135448, -0.000895064207725], [9.07470966922e-05, 0.000423902267357, 0.000220265283133, 0.000590186216868, -0.000356061966158, 0.00225774990395, -0.00612643640488, 0.0112989004701, -0.00625168252736, 0.000887004192919, 0.000209904450458, -0.000312988646328, -0.000245001487201], [8.69322248036e-05, -0.000130956614157, 6.35922478978e-05, -0.000275178492302, -0.000682151992805, -0.00211035087705, 0.00418486259878, -0.00625168252736, 0.0114398868755, -0.00442866468802, 0.00202240934595, -0.000903189531527, -0.000259714783169], [6.67502245051e-05, -5.42566522199e-05, -7.35220528441e-05, 0.000147718805238, -1.05814360722e-05, 0.00140256038867, -0.00158268329687, 0.000887004192919, -0.00442866468802, 0.0121842715889, -0.00646272907034, 0.00274936109781, -0.000966264575254], [-5.6241537095e-05, 0.000184326345334, -1.38252116813e-05, -0.000366121937986, 0.000853774719872, -0.00131444178987, 0.000267629598966, 0.000209904450458, 0.00202240934595, -0.00646272907034, 0.0132734021172, -0.0067673465237, 0.00346406688914], [0.000152359018102, 8.37592669996e-05, -4.70913473691e-05, -0.000886915775482, -0.00119463214651, 6.85689010425e-05, 0.00112272135448, -0.000312988646328, -0.000903189531527, 0.00274936109781, -0.0067673465237, 0.0172744113952, -0.00689625134692], [-0.000106825966213, -0.000260185945081, -2.61827135546e-05, 7.3896451795e-05, 0.000976020412054, 0.000500897353049, -0.000895064207725, -0.000245001487201, -0.000259714783169, -0.000966264575254, 0.00346406688914, -0.00689625134692, 0.0131174465641]]}, "spectral_contrast_coeffs": {"dmean": [0.0549952723086, 0.051687322557, 0.0459578149021, 0.0370865277946, 0.0293556097895, 0.025818509981], "dmean2": [0.0865986272693, 0.083843678236, 0.0713049545884, 0.0579322054982, 0.0455444715917, 0.0404518581927], "dvar": [0.00274038803764, 0.00213125837035, 0.00170827959664, 0.00116282422096, 0.000705149257556, 0.00064234691672], "dvar2": [0.00606527132913, 0.00511506991461, 0.00367178255692, 0.00246029347181, 0.00152456248179, 0.0016037147725], "max": [-0.305630385876, -0.361139953136, -0.318996071815, -0.43704661727, -0.505826234818, -0.546489834785], "mean": [-0.654724359512, -0.722481071949, -0.749804019928, -0.784501552582, -0.791968882084, -0.786447584629], "median": [-0.667780518532, -0.734648346901, -0.769813835621, -0.803863406181, -0.804604530334, -0.790958166122], "min": [-0.959255516529, -0.968520700932, -0.97172832489, -0.968214511871, -0.959405779839, -0.962153673172], "var": [0.00813084561378, 0.00743191130459, 0.0105475801975, 0.00587772391737, 0.00333962403238, 0.00145034724846]}, "spectral_contrast_valleys": {"dmean": [0.456863462925, 0.50589299202, 0.516863882542, 0.584550201893, 0.574671387672, 0.717940449715], "dmean2": [0.728370189667, 0.784769654274, 0.772652387619, 0.84562265873, 0.790194630623, 0.893032670021], "dvar": [0.18571357429, 0.288582473993, 0.290787696838, 0.36189943552, 0.330185949802, 0.433139026165], "dvar2": [0.428516983986, 0.640564620495, 0.581712186337, 0.71203827858, 0.598258197308, 0.746238350868], "max": [-5.06421613693, -4.83140897751, 