{"lowlevel": {"average_loudness": 0.0598843842745, "barkbands_crest": {"dmean": 1.69878220558, "dmean2": 2.75412869453, "dvar": 3.80412530899, "dvar2": 10.016708374, "max": 26.7791290283, "mean": 14.5906009674, "median": 13.5190143585, "min": 4.28662824631, "var": 27.0916156769}, "barkbands_flatness_db": {"dmean": 0.0169682856649, "dmean2": 0.0279872473329, "dvar": 0.000337538309395, "dvar2": 0.000872207747307, "max": 0.557719051838, "mean": 0.365352213383, "median": 0.366437911987, "min": 0.0438468568027, "var": 0.00473783491179}, "barkbands_kurtosis": {"dmean": 2.63875961304, "dmean2": 4.3152923584, "dvar": 47.8084487915, "dvar2": 135.563522339, "max": 290.156097412, "mean": 7.51915693283, "median": 2.67571425438, "min": -1.7909911871, "var": 259.335021973}, "barkbands_skewness": {"dmean": 0.425472319126, "dmean2": 0.67738866806, "dvar": 0.360974133015, "dvar2": 1.03921616077, "max": 11.4453411102, "mean": 1.19705712795, "median": 0.964773595333, "min": -4.77913665771, "var": 3.17244839668}, "barkbands_spread": {"dmean": 0.995357036591, "dmean2": 1.53126013279, "dvar": 3.7963886261, "dvar2": 7.18344402313, "max": 111.046035767, "mean": 5.4190735817, "median": 4.20643806458, "min": 0.11578989774, "var": 48.1239395142}, "dissonance": {"dmean": 0.0446319691837, "dmean2": 0.0758562088013, "dvar": 0.00203846814111, "dvar2": 0.00510215759277, "max": 0.499999970198, "mean": 0.349656969309, "median": 0.354916453362, "min": 0.095909781754, "var": 0.00608729012311}, "dynamic_complexity": 7.85895299911, "erbbands_crest": {"dmean": 2.21349000931, "dmean2": 3.51985645294, "dvar": 6.46378946304, "dvar2": 17.0075054169, "max": 33.4669075012, "mean": 16.0056304932, "median": 14.9953966141, "min": 2.45078063011, "var": 44.5622024536}, "erbbands_flatness_db": {"dmean": 0.0138831818476, "dmean2": 0.0217416975647, "dvar": 0.000223421040573, "dvar2": 0.000514948740602, "max": 0.556884229183, "mean": 0.370351046324, "median": 0.375676989555, "min": 0.0409535989165, "var": 0.00408638641238}, "erbbands_kurtosis": {"dmean": 1.62707078457, "dmean2": 2.44479966164, "dvar": 7.69597148895, "dvar2": 17.1835441589, "max": 48.6830291748, "mean": 3.78022170067, "median": 1.3754222393, "min": -1.84180998802, "var": 45.5143241882}, "erbbands_skewness": {"dmean": 0.319409400225, "dmean2": 0.488136857748, "dvar": 0.160383924842, "dvar2": 0.365013390779, "max": 5.64675521851, "mean": 0.689623594284, "median": 0.6622351408, "min": -4.00377702713, "var": 1.26354074478}, "erbbands_spread": {"dmean": 1.88413906097, "dmean2": 2.86829566956, "dvar": 6.93902397156, "dvar2": 15.4625940323, "max": 83.5211410522, "mean": 11.6360168457, "median": 9.62726783752, "min": 0.543537318707, "var": 72.3770294189}, "hfc": {"dmean": 2.10920405388, "dmean2": 2.93724107742, "dvar": 68.0194778442, "dvar2": 144.915344238, "max": 190.965118408, "mean": 7.20266389847, "median": 2.21172690392, "min": 1.2297792105e-16, "var": 207.407211304}, "melbands_crest": {"dmean": 2.11050510406, "dmean2": 3.42956018448, "dvar": 5.76173114777, "dvar2": 15.1125631332, "max": 38.8443374634, "mean": 18.3353462219, "median": 17.2838401794, "min": 1.95985937119, "var": 36.4404792786}, "melbands_flatness_db": {"dmean": 0.01767969504, "dmean2": 0.0289045311511, "dvar": 0.000414387788624, "dvar2": 0.00102867244277, "max": 0.686516463757, "mean": 0.481678158045, "median": 0.480355799198, "min": 0.00872221030295, "var": 0.0068185031414}, "melbands_kurtosis": {"dmean": 2.54512572289, "dmean2": 4.09500026703, "dvar": 25.148223877, "dvar2": 63.6835632324, "max": 117.831886292, "mean": 9.22747135162, "median": 3.38628768921, "min": -1.83144390583, "var": 328.28894043}, "melbands_skewness": {"dmean": 0.383311986923, "dmean2": 0.600278198719, "dvar": 0.217359170318, "dvar2": 0.536190867424, "max": 8.94592285156, "mean": 1.58181273937, "median": 1.32885861397, "min": -3.72506260872, "var": 3.43226933479}, "melbands_spread": {"dmean": 1.41344821453, "dmean2": 2.15342855453, "dvar": 7.27259731293, "dvar2": 12.8392505646, "max": 172.416107178, "mean": 7.61272668839, "median": 5.94127368927, "min": 0.309517085552, "var": 59.660118103}, "pitch_salience": {"dmean": 0.0455248951912, "dmean2": 0.0746063962579, "dvar": 0.00254412577488, "dvar2": 0.00650667725131, "max": 0.963590443134, "mean": 0.449275165796, "median": 0.4593141675, "min": 0.0634237155318, "var": 0.0166574828327}, "silence_rate_20dB": {"dmean": 0, "dmean2": 0, "dvar": 0, "dvar2": 0, "max": 1, "mean": 1, "median": 1, "min": 1, "var": 0}, "silence_rate_30dB": {"dmean": 0.00920979958028, "dmean2": 0.0184229910374, "dvar": 0.0091244885698, "dvar2": 0.0195554737002, "max": 1, "mean": 0.979926347733, "median": 1, "min": 0, "var": 0.0196714419872}, "silence_rate_60dB": {"dmean": 0.0320501029491, "dmean2": 0.0641120150685, "dvar": 0.0310224052519, "dvar2": 0.0673729032278, "max": 1, "mean": 0.333517491817, "median": 0, "min": 0, "var": 0.222275108099}, "spectral_centroid": {"dmean": 39.6484336853, "dmean2": 59.4665489197, "dvar": 22158.2070312, "dvar2": 26364.3359375, "max": 11242.3583984, "mean": 478.301025391, "median": 426.975524902, "min": 139.181137085, "var": 94741}, "spectral_complexity": {"dmean": 0.844354391098, "dmean2": 1.42520260811, "dvar": 1.26201605797, "dvar2": 2.84241628647, "max": 24, "mean": 6.56482505798, "median": 6, "min": 0, "var": 18.3494434357}, "spectral_decrease": {"dmean": 9.38269129058e-10, "dmean2": 1.34532263107e-09, "dvar": 9.07256162623e-18, "dvar2": 1.85999997975e-17, "max": 5.98150206376e-29, "mean": -4.05490441224e-09, "median": -1.5171772727e-09, "min": -7.26212263658e-08, "var": 4.54828767058e-17}, "spectral_energy": {"dmean": 0.00372424093075, "dmean2": 0.00533312326297, "dvar": 0.000145479862113, "dvar2": 0.000298783706967, "max": 0.291410177946, "mean": 0.0159574151039, "median": 0.00593809783459, "min": 1.09287086375e-20, "var": 0.000709407904651}, "spectral_energyband_high": {"dmean": 2.96903920116e-07, "dmean2": 3.55667765461e-07, "dvar": 1.04395892972e-11, "dvar2": 1.52089365407e-11, "max": 0.000183304087841, "mean": 5.85023201438e-07, "median": 2.759786355e-08, "min": 8.00239162288e-21, "var": 2.95415220064e-11}, "spectral_energyband_low": {"dmean": 0.000669209170155, "dmean2": 0.00107401772402, "dvar": 6.76236595609e-06, "dvar2": 1.4667508367e-05, "max": 0.115944474936, "mean": 0.00387444952503, "median": 0.000659183366224, "min": 2.64515285158e-23, "var": 0.000102723250166}, "spectral_energyband_middle_high": {"dmean": 0.000520275905728, "dmean2": 0.000717959715985, "dvar": 9.87351904769e-06, "dvar2": 1.89874317584e-05, "max": 0.144863083959, "mean": 0.00141770322807, "median": 0.000209346500924, "min": 1.55798731263e-21, "var": 2.59418902715e-05}, "spectral_energyband_middle_low": {"dmean": 0.00314370519482, "dmean2": 0.00454329233617, "dvar": 0.000121703997138, "dvar2": 0.000252934725722, "max": 0.255428999662, "mean": 0.010891282931, "median": 0.00439384765923, "min": 2.41515811963e-22, "var": 0.00039683986688}, "spectral_entropy": {"dmean": 0.133605346084, "dmean2": 0.215357065201, "dvar": 0.0316812582314, "dvar2": 0.0750650987029, "max": 9.79577636719, "mean": 5.44884824753, "median": 5.44830369949, "min": 3.3033554554, "var": 0.361481755972}, "spectral_flux": {"dmean": 0.0114619759843, "dmean2": 0.018586942926, "dvar": 0.000812719634268, "dvar2": 0.00205700588413, "max": 0.485160052776, "mean": 0.026836277917, "median": 0.0180576257408, "min": 1.04540466561e-10, "var": 0.00114140659571}, "spectral_kurtosis": {"dmean": 29.4155025482, "dmean2": 51.7976989746, "dvar": 869.889038086, "dvar2": 2550.60400391, "max": 379.405700684, "mean": 108.925552368, "median": 98.9967041016, "min": -1.18734741211, "var": 4029.26733398}, "spectral_rms": {"dmean": 0.00035736465361, "dmean2": 0.000523447524756, "dvar": 5.12846838774e-07, "dvar2": 1.00766987998e-06, "max": 0.0168612748384, "mean": 0.00309413741343, "median": 0.00240692053922, "min": 3.265295586e-12, "var": 5.99455006522e-06}, "spectral_rolloff": {"dmean": 64.5831756592, "dmean2": 110.834770203, "dvar": 101082.421875, "dvar2": 149279.5, "max": 18992.2851562, "mean": 605.274291992, "median": 495.263671875, "min": 21.533203125, "var": 478296.0625}, "spectral_skewness": {"dmean": 1.47217512131, "dmean2": 2.61872935295, "dvar": 1.76462078094, "dvar2": 5.04224491119, "max": 16.5536785126, "mean": 7.48921489716, "median": 7.34439325333, "min": 0.0197025574744, "var": 8.10554027557}, "spectral_spread": {"dmean": 309659.125, "dmean2": 548718.0625, "dvar": 316234170368, "dvar2": 461536493568, "max": 39873108, "mean": 1123114.5, "median": 963241.25, "min": 275509.09375, "var": 1176672272380.0}, "spectral_strongpeak": {"dmean": 0.288879692554, "dmean2": 0.440507054329, "dvar": 0.588254094124, "dvar2": 1.19004511833, "max": 16.1708908081, "mean": 1.02920937538, "median": 0.509208381176, "min": 0, "var": 2.07931160927}, "zerocrossingrate": {"dmean": 0.00215899641626, "dmean2": 0.0026362510398, "dvar": 5.45989023522e-05, "dvar2": 5.2535058785e-05, "max": 0.5146484375, "mean": 0.0225813444704, "median": 0.01953125, "min": 0.00244140625, "var": 0.000466561701614}, "barkbands": {"dmean": [1.77523252205e-05, 0.000235620667809, 0.000418332900153, 0.000260474829702, 0.000402844889322, 0.000773926905822, 0.000510884565301, 0.000807178090326, 0.00116863986477, 0.000168606493389, 8.23363370728e-05, 0.000146093036165, 5.3046613175e-05, 0.000105236642412, 4.70865124953e-05, 8.04767842055e-06, 1.66227564478e-05, 2.3769624022e-05, 1.22223491417e-06, 1.47493793179e-07, 2.53518152249e-07, 1.67495137759e-08, 4.54015758322e-09, 9.07456954025e-09, 4.77741046723e-09, 2.44459030796e-09, 9.91090876035e-10], "dmean2": [3.26080444211e-05, 0.000344207219314, 0.000697766779922, 0.000423046090873, 0.000638307421468, 0.00122848828323, 0.000788304430898, 0.00106047268491, 0.00165532738902, 0.000226878401008, 0.000112501351396, 0.000213111139601, 7.34645946068e-05, 0.000138952920679, 6.57887503621e-05, 1.23714189613e-05, 2.27745931625e-05, 4.02479417971e-05, 1.85169540146e-06, 2.34354942563e-07, 2.88346882371e-07, 2.7461132035e-08, 7.1166921245e-09, 1.51671741833e-08, 7.80082753948e-09, 4.13175493819e-09, 1.76336256708e-09], "dvar": [1.12743503422e-09, 1.04486900909e-06, 3.23558515447e-06, 8.68791289577e-07, 9.02693898297e-07, 1.35684267661e-05, 3.69231815966e-06, 3.54450749001e-05, 5.14068815392e-05, 3.8237831177e-06, 2.43565352775e-07, 1.08249116693e-06, 6.63387140776e-08, 1.93936398318e-06, 7.39833581065e-08, 1.18022014384e-09, 9.95780169433e-09, 3.96033215111e-07, 1.76541295471e-10, 1.11196230175e-12, 9.99385643685e-12, 5.15700492292e-14, 2.37635702157e-16, 4.21767308239e-15, 1.29282082874e-16, 5.0172203303e-17, 4.0692318918e-18], "dvar2": [3.84046350277e-09, 1.5567676428e-06, 7.35836465537e-06, 1.98901693693e-06, 2.35536435866e-06, 2.36369869526e-05, 7.87408498581e-06, 6.97023133398e-05, 0.000118186260806, 5.93338427279e-06, 5.23449216416e-07, 2.86636804958e-06, 1.5980650403e-07, 3.91375942854e-06, 1.34873943125e-07, 2.38901654015e-09, 1.72563474621e-08, 1.08479116534e-06, 4.45676773264e-10, 2.74045933515e-12, 1.46041772425e-11, 1.41102380431e-13, 5.17824592579e-16, 1.11088176215e-14, 3.30749822291e-16, 1.41266844689e-16, 1.29865676994e-17], "max": [0.000417215924244, 0.0585070699453, 0.101032391191, 0.0440428219736, 0.0281650666147, 0.148167416453, 0.0718249231577, 0.19543376565, 0.206769540906, 0.123505286872, 0.0180866718292, 0.0317783169448, 0.00860534328967, 0.066637404263, 0.0097022857517, 0.000861463428009, 0.00339040299878, 0.0263990089297, 0.000558408035431, 3.01711806969e-05, 0.000180722927325, 1.1021361388e-05, 4.53246514098e-07, 2.72601528195e-06, 2.77438005014e-07, 2.04780960189e-07, 3.37463745836e-08], "mean": [1.71711944859e-05, 0.000896715268027, 0.00275563797913, 0.000669981702231, 0.00177287496626, 0.00176184729207, 0.00213604792953, 0.00162389117759, 0.00288655003533, 0.000400428427383, 0.000198645488126, 0.000316390040098, 0.000142416494782, 0.000184168296983, 0.000110416091047, 2.49991317105e-05, 3.26165900333e-05, 2.38522061409e-05, 2.03289755518e-06, 2.28799095225e-07, 4.63509479687e-07, 2.66630753032e-08, 1.02394572821e-08, 1.71499063839e-08, 1.3867210491e-08, 6.47606723803e-09, 1.94921101482e-09], "median": [6.23345977147e-06, 7.19448216842e-05, 0.000306755304337, 6.59685465507e-05, 0.00083478866145, 0.000282130145933, 0.000428485625889, 6.54749601381e-05, 0.000117139759823, 4.04404599976e-05, 9.12564610189e-06, 2.947336543e-05, 1.41462423926e-05, 4.52538552054e-06, 5.34962418897e-06, 1.93572327589e-06, 1.20365587009e-06, 2.38937047925e-07, 7.81323592491e-08, 2.34515979969e-08, 6.34817176604e-09, 2.78854073166e-09, 1.68081815133e-09, 1.67285141295e-09, 1.41546330212e-09, 1.12897557969e-09, 9.17060205552e-10], "min": [8.24825231662e-24, 1.0541959273e-23, 5.51824217078e-24, 1.21400376391e-23, 3.17620360001e-23, 2.94366255128e-23, 5.24704709547e-23, 5.61064633955e-23, 4.60872641006e-23, 1.88711936836e-23, 9.06931483954e-23, 5.73632702788e-23, 5.2360535299e-23, 1.91382817912e-22, 6.58593779587e-23, 1.78088416445e-22, 2.28305256944e-22, 2.9282418352e-22, 2.4307985177e-22, 3.48329042656e-22, 4.70340227735e-22, 8.80790034572e-22, 4.71734580406e-22, 6.53062324785e-22, 1.13387054741e-21, 2.05044603894e-21, 2.35464191116e-21], "var": [1.04096131714e-09, 1.40967358675e-05, 6.17876721662e-05, 5.68259065403e-06, 7.97890425019e-06, 4.60031624243e-05, 2.68486219284e-05, 8.58257189975e-05, 0.000121334735013, 1.02921885627e-05, 7.75603268721e-07, 1.68198573647e-06, 1.90372233533e-07, 3.37931714967e-06, 2.51163754683e-07, 6.19737106078e-09, 2.31320544941e-08, 2.85373261022e-07, 2.14202877657e-10, 1.29454541704e-12, 2.81481279257e-11, 4.12147394121e-14, 5.37300844652e-16, 4.95695115678e-15, 8.3845832685e-16, 1.88996066006e-16, 7.9067249991e-18]}, "erbbands": {"dmean": [0.00177972984966, 0.0736399069428, 0.454208105803, 0.62361741066, 1.21646475792, 1.38242900372, 2.64168643951, 8.2268743515, 7.56610107422, 5.73465490341, 28.4330787659, 25.2983798981, 7.70714330673, 4.43010807037, 3.03860592842, 6.31012868881, 2.52892923355, 2.9650387764, 4.49427700043, 1.76250302792, 0.614474117756, 0.930657505989, 1.7202450037, 0.199214279652, 0.0296229813248, 0.00654084188864, 0.0158529598266, 0.00287160160951, 0.000981247285381, 0.000298742786981, 0.000138925679494, 0.000216767017264, 0.000119857460959, 6.79171716911e-05, 3.20668696077e-05, 1.65302644746e-05, 3.8310599848e-06, 1.0026859627e-06, 1.83526810815e-06, 4.22408720624e-06], "dmean2": [0.00266343494877, 0.10996914655, 0.759747564793, 1.03225815296, 1.98276257515, 2.09359169006, 4.34619235992, 13.0682144165, 11.5853061676, 8.62181377411, 37.0983314514, 36.2182426453, 9.86706256866, 6.16627168655, 4.43051290512, 8.99679470062, 3.46616387367, 3.94741988182, 5.96012735367, 2.46389341354, 0.871677994728, 1.31744909286, 2.89841628075, 0.325459331274, 0.0470431037247, 0.0102873863652, 0.0181515421718, 0.0037742445711, 0.00153127242811, 0.000484136777231, 0.000218917382881, 0.000357989571057, 0.00020037451759, 0.000110368884634, 5.23316884937e-05, 2.73115638265e-05, 6.33152558294e-06, 1.64270738878e-06, 2.62269850282e-06, 6.03931312071e-06], "dvar": [4.1397575842e-05, 0.0980810001493, 3.77082753181, 3.99476265907, 15.4133300781, 12.8439712524, 62.4447135925, 1963.27905273, 520.345458984, 669.447509766, 35667.0976562, 18525.3847656, 2589.44824219, 867.558288574, 607.694824219, 2038.60266113, 177.951202393, 651.776062012, 3415.11547852, 116.588150024, 9.39467906952, 31.8635921478, 1995.00183105, 13.6312999725, 0.155286744237, 0.00282908370718, 0.0413923636079, 0.000717532180715, 0.000158158130944, 3.32204353981e-06, 3.77524543183e-07, 2.99814087157e-06, 3.87816697867e-07, 2.92508151034e-08, 6.14761042073e-09, 2.89640333939e-09, 7.3104231002e-11, 5.04181895886e-12, 3.5930994291e-11, 1.90865684369e-10], "dvar2": [6.17735640844e-05, 0.160608798265, 8.71419811249, 10.9441213608, 36.8608131409, 25.3064918518, 158.270004272, 3603.38427734, 1148.91906738, 1328.14660645, 70666.0078125, 43970.7851562, 3991.08959961, 1587.56628418, 1338.37634277, 5427.19287109, 433.187683105, 1293.94506836, 6882.52539062, 218.056671143, 15.6696062088, 67.3394622803, 5458.08007812, 37.6003379822, 0.444166243076, 0.00682576419786, 0.0629812479019, 0.00115558947437, 0.000413761736127, 9.23992047319e-06, 9.17823115287e-07, 7.95552477939e-06, 9.86944769465e-07, 7.60129736932e-08, 1.56158534992e-08, 8.13676948042e-09, 1.84698992212e-10, 1.21952057827e-11, 7.36971594861e-11, 3.92693183526e-10], "max": [0.371771931648, 16.9343776703, 92.3140029907, 113.899513245, 144.173446655, 153.717071533, 250.219314575, 1727.16748047, 672.271057129, 936.520996094, 5384.56445312, 3596.69189453, 2980.71606445, 1540.14099121, 1241.39111328, 1517.46081543, 502.198974609, 891.97277832, 2906.90234375, 396.786560059, 108.684776306, 132.333511353, 1883.12988281, 152.676177979, 17.4206008911, 1.74724411964, 11.5170345306, 1.35974740982, 0.590278804302, 0.0780969336629, 0.0172497723252, 0.0699460953474, 0.0261644348502, 0.00480529200286, 0.00165777048096, 0.00144807586912, 0.000206062133657, 5.08263401571e-05, 0.000145146914292, 0.000334147363901], "mean": [0.00601700367406, 0.31297364831, 2.76856327057, 2.50097298622, 3.85039782524, 7.65000915527, 7.97695112228, 18.5447769165, 29.8919830322, 18.8266868591, 58.081577301, 61.8976287842, 27.921049118, 10.9854736328, 7.02525758743, 14.1551713943, 7.43671607971, 6.45209360123, 8.90347385406, 4.12399435043, 1.67569220066, 1.86667084694, 1.80265128613, 0.251214623451, 0.0544706732035, 0.0120305158198, 0.0279677640647, 0.00571674900129, 0.00170918216463, 0.000627597677521, 0.000311354087899, 0.000378574535716, 0.000262430170551, 0.000191346829524, 9.28792287596e-05, 4.66617857455e-05, 1.34253141368e-05, 3.17394187732e-06, 7.90157992014e-06, 1.79387570824e-05], "median": [0.000944277853705, 0.0311101935804, 0.335851252079, 0.534783303738, 0.986514985561, 2.97345018387, 1.45924949646, 2.8697552681, 5.43430900574, 5.1944694519, 2.76679992676, 3.24432039261, 2.81805801392, 1.8308608532, 0.563470900059, 1.29032683372, 0.818456292152, 0.441565573215, 0.396497964859, 0.296954154968, 0.154699414968, 0.09186514467, 0.0265654921532, 0.00711088627577, 0.00344754382968, 0.00119538372383, 0.000497233704664, 0.000202648341656, 0.000122354365885, 7.77500972617e-05, 5.67487077205e-05, 4.37257403973e-05, 3.20180261042e-05, 2.33926875808e-05, 1.49215038618e-05, 9.23706829781e-06, 4.64122331323e-06, 1.14471527013e-06, 3.13824148179e-06, 6.64492927172e-06], "min": [7.37253801506e-22, 8.0794851185e-22, 3.93397930873e-21, 2.59702190573e-20, 1.29602826396e-19, 6.00631093917e-20, 5.80929331937e-20, 3.25853119859e-19, 7.82565178649e-19, 1.03766302667e-18, 1.1814495578e-18, 9.0705451667e-19, 7.60135762749e-19, 7.67954894285e-19, 4.83460019231e-18, 2.38632176863e-18, 2.32260259847e-18, 6.77662464237e-18, 5.47729967593e-18, 7.98714267107e-18, 1.13829358069e-17, 1.15915251148e-17, 1.46291688978e-17, 1.50315145108e-17, 1.16449518834e-17, 1.42271491939e-17, 1.53803828972e-17, 2.5349143432e-17, 3.11177438596e-17, 2.10290851494e-17, 1.30570145363e-17, 1.32708258354e-17, 1.17790047735e-17, 1.30700310504e-17, 8.39549940561e-18, 6.41758152082e-18, 4.30400105249e-18, 1.3434045941e-18, 3.37597792088e-19, 3.4026345916e-20], "var": [0.00044652458746, 1.26836121082, 57.2222671509, 42.0537338257, 116.984970093, 183.725845337, 318.772613525, 6261.24267578, 4759.49169922, 3030.8125, 86938.3984375, 46350.1289062, 13461.6445312, 2307.65478516, 1352.86499023, 3447.65698242, 499.83807373, 1264.5098877, 6313.13085938, 393.490570068, 31.0794887543, 62.6659698486, 1443.88964844, 9.85701560974, 0.111184448004, 0.00386543059722, 0.108416758478, 0.00222679623403, 0.00016909086844, 3.54630583388e-06, 6.26383098279e-07, 3.24165944221e-06, 5.88377702115e-07, 1.60368230695e-07, 3.06642604642e-08, 8.87318130083e-09, 3.69166003322e-10, 2.33215009804e-11, 1.68006844548e-10, 9.03390862117e-10]}, "gfcc": {"mean": [-264.255096436, 230.625305176, -97.3737030029, -46.6621437073, -25.1587123871, -14.9269351959, -34.2287750244, -7.36496019363, -8.53968143463, -12.818154335, -9.38499164581, -15.7693042755, -7.25516796112], "cov": [[19004.9570312, 2472.28076172, -2930.37524414, 73.9121246338, 760.28112793, -765.16418457, -98.7771835327, 159.187072754, 263.473175049, -397.718414307, 130.418670654, -247.185836792, 214.36907959], [2472.28076172, 1356.03112793, 7.89977741241, -277.165344238, 282.805541992, -146.126113892, 20.2789478302, -155.406814575, 65.4865875244, -35.6373443604, 143.715759277, -46.8391494751, 16.4844284058], [-2930.37524414, 7.89977741241, 1416.17565918, 56.8761062622, -243.784484863, 280.208679199, 17.2726860046, -83.8609390259, -84.1977386475, 75.1644592285, 56.691570282, 9.26105594635, -114.597969055], [73.9121246338, -277.165344238, 56.8761062622, 352.773101807, 42.8846168518, 65.540473938, 28.4196128845, 80.1712036133, -25.0730056763, -0.727651834488, -23.0993900299, -16.4653739929, -42.5142478943], [760.28112793, 282.805541992, -243.784484863, 42.8846168518, 408.186828613, 40.4650650024, 79.6669082642, 36.5611190796, 74.3740463257, -12.0823402405, 8.06187534332, -41.4242401123, -3.72164916992], [-765.16418457, -146.126113892, 280.208679199, 65.540473938, 40.4650650024, 310.116699219, 132.767547607, 55.7129020691, -8.95141601562, 4.21142911911, -73.5295257568, -69.2171783447, -69.3572158813], [-98.7771835327, 20.2789478302, 17.2726860046, 28.4196128845, 79.6669082642, 132.767547607, 287.640380859, 103.596931458, 0.435069918633, -28.6551685333, -67.2931213379, -120.817092896, -83.2124176025], [159.187072754, -155.406814575, -83.8609390259, 80.1712036133, 36.5611190796, 55.7129020691, 103.596931458, 206.267868042, 39.1856994629, -52.1524276733, -70.0879440308, -43.3203010559, -39.9820709229], [263.473175049, 65.4865875244, -84.1977386475, -25.0730056763, 74.3740463257, -8.95141601562, 0.435069918633, 39.1856994629, 146.080001831, 44.1118927002, -17.1772518158, -12.4244728088, 37.0093231201], [-397.718414307, -35.6373443604, 75.1644592285, -0.727651834488, -12.0823402405, 4.21142911911, -28.6551685333, -52.1524276733, 44.1118927002, 124.766349792, 53.2205123901, 9.63020515442, 16.3746604919], [130.418670654, 143.715759277, 56.691570282, -23.0993900299, 8.06187534332, -73.5295257568, -67.2931213379, -70.0879440308, -17.1772518158, 53.2205123901, 185.044418335, 104.041107178, 6.57524204254], [-247.185836792, -46.8391494751, 9.26105594635, -16.4653739929, -41.4242401123, -69.2171783447, -120.817092896, -43.3203010559, -12.4244728088, 9.63020515442, 104.041107178, 189.587051392, 70.5939788818], [214.36907959, 16.4844284058, -114.597969055, -42.5142478943, -3.72164916992, -69.3572158813, -83.2124176025, -39.9820709229, 37.0093231201, 16.3746604919, 6.57524204254, 70.5939788818, 126.052337646]], "icov": [[0.000235214043641, -0.000679424148984, 0.000644674233627, -0.00071033614222, 0.00062329339562, -0.000467339850729, 0.000372182636056, -0.000299314589938, -0.000230427249335, 0.000551436620299, -0.000631675764453, 0.000622051942628, -0.000372034264728], [-0.000679424148984, 0.00406042532995, -0.00251223053783, 0.0032147844322, -0.00328569556586, 0.0024159073364, -0.00153072155081, 0.00238296296448, -0.000821249268483, 0.00132746982854, -0.000785476295277, 0.000469409395009, 0.000249172211625], [0.000644674233627, -0.00251223053783, 0.00323505769484, -0.00251164962538, 0.00307774380781, -0.00302993017249, 0.00128120079171, -0.000555710401386, -0.000539898581337, 0.000645286636427, -0.00163540092763, 0.000900897721294, 7.48488455429e-05], [-0.00071033614222, 0.0032147844322, -0.00251164962538, 0.00649313302711, -0.00365271209739, 0.00195437367074, -0.000605861365329, -0.000511286372785, 0.00195835297927, -0.00194167182781, 0.00139031989966, -0.00104999844916, 0.00129230506718], [0.00062329339562, -0.00328569556586, 0.00307774380781, -0.00365271209739, 0.00678675575182, -0.00360166002065, 0.000537058687769, -0.00055700680241, -0.00257354276255, 0.00181424652692, -0.00249582692049, 0.00130343530327, -0.000747556739952], [-0.000467339850729, 0.0024159073364, -0.00302993017249, 0.00195437367074, -0.00360166002065, 0.00808095280081, -0.00284924218431, 0.000664639112074, 0.00094768271083, -0.00204267003573, 0.00385212525725, -0.00183947919868, 0.00186966231558], [0.000372182636056, -0.00153072155081, 0.00128120079171, -0.000605861365329, 0.000537058687769, -0.00284924218431, 0.00752225425094, -0.00353240268305, 0.00109433976468, 0.000210321508348, -0.00133942009415, 0.00367028173059, 0.000486875826027], [-0.000299314589938, 0.00238296296448, -0.000555710401386, -0.000511286372785, -0.00055700680241, 0.000664639112074, -0.00353240268305, 0.0116153573617, -0.00633996305987, 0.00590224843472, 0.000156434281962, -0.00120701256674, 0.00298385764472], [-0.000230427249335, -0.000821249268483, -0.000539898581337, 0.00195835297927, -0.00257354276255, 0.00094768271083, 0.00109433976468, -0.00633996305987, 0.0149404555559, -0.0102587966248, 0.0049876626581, -0.00153199560009, -0.00263023865409], [0.000551436620299, 0.00132746982854, 0.000645286636427, -0.00194167182781, 0.00181424652692, -0.00204267003573, 0.000210321508348, 0.00590224843472, -0.0102587966248, 0.0211421158165, -0.012001411058, 0.00830987282097, -0.00400126492605], [-0.000631675764453, -0.000785476295277, -0.00163540092763, 0.00139031989966, -0.00249582692049, 0.00385212525725, -0.00133942009415, 0.000156434281962, 0.0049876626581, -0.012001411058, 0.0196259375662, -0.0136100053787, 0.00806335825473], [0.000622051942628, 0.000469409395009, 0.000900897721294, -0.00104999844916, 0.00130343530327, -0.00183947919868, 0.00367028173059, -0.00120701256674, -0.00153199560009, 0.00830987282097, -0.0136100053787, 0.018327800557, -0.00977195706218], [-0.000372034264728, 0.000249172211625, 7.48488455429e-05, 0.00129230506718, -0.000747556739952, 0.00186966231558, 0.000486875826027, 0.00298385764472, -0.00263023865409, -0.00400126492605, 0.00806335825473, -0.00977195706218, 0.0176558159292]]}, "melbands": {"dmean": [3.82662146876e-05, 0.000187316094525, 0.00012517394498, 9.31503454922e-05, 7.90210833657e-05, 0.000170792482095, 0.000118758733151, 6.60795121803e-05, 0.00026180932764, 0.000149464729475, 3.66856584151e-05, 2.00557860808e-05, 8.78345326782e-06, 1.59197152243e-05, 1.06426223283e-05, 6.53671122564e-06, 5.66483549846e-06, 8.85475310497e-06, 4.57531541542e-06, 7.43115322166e-07, 7.51460504489e-07, 1.06676100131e-06, 1.09626580524e-06, 1.18321179343e-06, 7.45227453081e-08, 2.30366019593e-08, 1.11865787744e-08, 2.09258188555e-09, 1.07349436007e-08, 3.50814399752e-09, 1.70863601046e-09, 5.3327398053e-10, 3.45775463817e-10, 1.08822027778e-10, 7.36168626059e-11, 1.10844250445e-10, 1.56291132813e-10, 9.2332412549e-11, 6.83253384426e-11, 6.68465144349e-11], "dmean2": [5.59367035748e-05, 0.000302877073409, 0.000203301256988, 0.000147272177855, 0.000128473679069, 0.000269046286121, 0.000181500421604, 9.67682499322e-05, 0.000351648806827, 0.000209436111618, 4.67771060357e-05, 2.75991060334e-05, 1.25232027131e-05, 2.35656207224e-05, 1.51042331709e-05, 8.50227570481e-06, 7.59613794798e-06, 1.18434927572e-05, 6.37271023152e-06, 1.13631529075e-06, 1.04632636067e-06, 1.48252604504e-06, 1.77851518401e-06, 2.01583679882e-06, 1.13206439778e-07, 3.67825947478e-08, 1.80335977262e-08, 3.39143380046e-09, 1.23434942267e-08, 4.10044309618e-09, 2.55964582863e-09, 8.39583402801e-10, 5.78003422902e-10, 1.74572745149e-10, 1.13215020692e-10, 1.89283033691e-10, 2.5819263394e-10, 1.53138599024e-10, 1.17014439804e-10, 1.10239296858e-10], "dvar": [2.63096406883e-08, 6.19739978447e-07, 1.42144315873e-07, 5.66847155881e-08, 4.72523993267e-08, 7.73916099206e-07, 1.43091568816e-07, 1.06284176127e-07, 2.97048541142e-06, 5.88432783388e-07, 7.62720375747e-08, 2.43380053888e-08, 4.13709777547e-09, 1.52585108992e-08, 8.16898992895e-09, 9.41446143266e-10, 3.04563263498e-09, 1.81751751427e-08, 8.58447646301e-10, 1.00363996627e-11, 2.37553483828e-11, 3.58630208863e-11, 6.03982808212e-10, 9.76869252156e-10, 8.28532284013e-13, 7.33549167047e-14, 9.44373804146e-15, 2.08514947659e-16, 1.83849077184e-14, 1.85764849717e-15, 2.24276166164e-16, 6.01296380808e-17, 1.19509408812e-17, 1.19723963437e-19, 7.69658408133e-20, 1.11990897459e-18, 1.87521183121e-18, 2.40910873335e-19, 5.02818440511e-20, 3.42106068598e-20], "dvar2": [3.783595659e-08, 1.35718221372e-06, 3.2226492408e-07, 1.4274878879e-07, 1.16294295083e-07, 1.3769636098e-06, 3.01510056033e-07, 2.20406633389e-07, 6.103335636e-06, 1.36757057589e-06, 1.15458405503e-07, 4.13212291051e-08, 9.16650311211e-09, 4.03928588355e-08, 2.10054409422e-08, 1.7160166621e-09, 6.12786754672e-09, 3.66195926915e-08, 1.54477108882e-09, 2.12100129127e-11, 3.74943895376e-11, 6.61736707097e-11, 1.64181856999e-09, 2.68906719114e-09, 2.06383087703e-12, 2.09009974042e-13, 2.59221152031e-14, 5.09999649273e-16, 2.77728330649e-14, 2.78685825163e-15, 4.55216258162e-16, 1.56190254966e-16, 3.39307402774e-17, 3.04138129515e-19, 1.53154325721e-19, 3.3501644057e-18, 4.70570105105e-18, 6.07777417422e-19, 1.4364415267e-19, 9.24357984786e-20], "max": [0.00947265699506, 0.0336769521236, 0.0234225280583, 0.00711777992547, 0.00681594759226, 0.0350046269596, 0.0112320901826, 0.00892448332161, 0.0411880426109, 0.0196580756456, 0.016609551385, 0.00898251496255, 0.00303649739362, 0.00391442747787, 0.00377116259187, 0.00108073290903, 0.00222644256428, 0.0066321529448, 0.00109276291914, 8.19356064312e-05, 0.000195791712031, 0.000150379608385, 0.00104570365511, 0.00131093943492, 4.08862069889e-05, 1.19433971122e-05, 3.34952051162e-06, 5.03495698467e-07, 7.68379140936e-06, 2.43898807639e-06, 6.11199766354e-07, 3.69346906837e-07, 1.60330444032e-07, 1.06461648386e-08, 1.11417861604e-08, 4.05109616963e-08, 6.83700491777e-08, 2.16431459421e-08, 4.95304020021e-09, 5.11626074839e-09], "mean": [0.000141112861456, 0.00110662251245, 0.00050630554324, 0.000420289987233, 0.000278944062302, 0.000405208178563, 0.000454343040474, 0.000189816913917, 0.000506668526214, 0.000392815651139, 0.000132397719426, 4.73140571557e-05, 2.02022274607e-05, 3.32803538186e-05, 2.74769972748e-05, 1.70520033862e-05, 1.10169048639e-05, 1.57181693794e-05, 1.02184476418e-05, 2.00713816412e-06, 1.78557274921e-06, 2.15866930375e-06, 1.31991532726e-06, 1.19447372526e-06, 1.12926592521e-07, 4.71523371459e-08, 1.77375127919e-08, 3.69153951851e-09, 1.8861223694e-08, 6.22664142469e-09, 3.16858028704e-09, 8.88592754933e-10, 5.82074277666e-10, 2.34568642288e-10, 1.59088603402e-10, 1.82014278649e-10, 2.52835585801e-10, 1.786568532e-10, 1.55414375813e-10, 1.57356544461e-10], "median": [1.39740350278e-05, 0.000134515852551, 0.000108182939584, 0.00017105108418, 8.45112663228e-05, 6.91403329256e-05, 9.46356522036e-05, 3.96699106204e-05, 1.79864582606e-05, 1.76278517756e-05, 1.25069236674e-05, 6.18862986812e-06, 1.15401974199e-06, 2.78263200926e-06, 1.90236312392e-06, 1.48314973103e-06, 4.59388388663e-07, 4.48272601261e-07, 4.11572557368e-07, 1.93129039872e-07, 1.21821187804e-07, 7.38101277875e-08, 2.60976538158e-08, 1.20442535945e-08, 3.82529385945e-09, 2.21563078995e-09, 1.23221677306e-09, 4.49078330078e-10, 3.11180969881e-10, 1.42447470486e-10, 8.69228647393e-11, 5.74142990095e-11, 4.97836008528e-11, 3.2944737216e-11, 2.92153801151e-11, 2.29581353928e-11, 2.13947332073e-11, 1.69985414633e-11, 1.48665454947e-11, 1.35547267854e-11], "min": [4.99464205583e-24, 1.6581457853e-24, 7.92089870678e-24, 7.32713493634e-24, 2.01315764734e-24, 7.05249222332e-24, 1.1759096708e-23, 1.16721981572e-23, 1.0864009371e-23, 5.17118873199e-24, 3.6328153035e-24, 2.19967197546e-24, 1.3556700874e-23, 9.12994952861e-24, 5.9387961467e-24, 5.33259637852e-24, 1.4679761124e-23, 1.1184204857e-23, 6.95202368729e-24, 1.07404090666e-23, 1.49755871189e-23, 1.19229833499e-23, 1.09685933943e-23, 1.67824793332e-23, 1.15266162438e-23, 8.6769540424e-24, 8.80801381547e-24, 9.95275748517e-24, 1.0033468211e-23, 1.09857803069e-23, 1.40433775654e-23, 1.85839631171e-23, 1.72353770006e-23, 8.76800279036e-24, 6.62093403221e-24, 8.59935063971e-24, 8.23141250288e-24, 8.72190412564e-24, 7.25253472711e-24, 1.28217799109e-23], "var": [3.41784073044e-07, 8.9773475338e-06, 1.81831728696e-06, 5.51006223759e-07, 2.85339240236e-07, 2.53951384366e-06, 1.06863160454e-06, 3.56993126616e-07, 6.85108307152e-06, 1.83356473826e-06, 3.65000289548e-07, 6.55319425391e-08, 9.94462467929e-09, 2.46112392688e-08, 1.30047910218e-08, 3.47445960891e-09, 5.5412261446e-09, 3.19667030624e-08, 2.87832024881e-09, 3.990759459e-11, 6.16122985964e-11, 8.73812966429e-11, 4.48218712146e-10, 6.92329582552e-10, 1.02426931953e-12, 7.28441490612e-14, 7.95378421735e-15, 2.53878326544e-16, 4.84794462333e-14, 4.90980022074e-15, 6.32178963837e-16, 6.34830547539e-17, 1.00125696743e-17, 2.83597270351e-19, 1.8770489735e-19, 7.37253827356e-19, 2.36138806342e-18, 3.67021562904e-19, 1.30775587559e-19, 1.36640323951e-19]}, "mfcc": {"mean": [-874.014831543, 225.738967896, 20.3981285095, -14.0988416672, 7.83891153336, -4.17108297348, -10.88301754, -4.58527708054, -2.69030332565, -2.64021086693, 0.0828198194504, -0.423409223557, -5.07993555069], "cov": [[7940.42285156, 4541.59130859, -2280.23657227, -494.76953125, 705.18371582, -462.091003418, -348.364624023, 188.894638062, 110.625968933, -126.731567383, -47.6006317139, 37.7295379639, -58.9272041321], [4541.59130859, 3172.70629883, -695.062072754, -386.218811035, 339.992462158, -131.956756592, -188.00213623, 52.861076355, 13.858880043, -77.7877349854, -20.1369838715, 42.9408073425, 27.151845932], [-2280.23657227, -695.062072754, 1485.53735352, 199.1456604, -323.217254639, 289.358917236, 189.322906494, -124.716926575, -96.569770813, 42.356754303, 50.2514266968, 45.5476074219, 71.7401046753], [-494.76953125, -386.218811035, 199.1456604, 299.715301514, 22.678106308, 2.40474963188, 84.8081130981, 24.7514629364, -21.0907421112, 0.758992135525, 30.4595031738, 22.7341804504, -1.52322006226], [705.18371582, 339.992462158, -323.217254639, 22.678106308, 271.406646729, 4.10745382309, -67.0978927612, 53.0059013367, 29.11876297, -24.5482902527, -19.0341148376, -9.47528076172, 23.7114276886], [-462.091003418, -131.956756592, 289.358917236, 2.40474963188, 4.10745382309, 250.133926392, 130.428894043, -34.1290817261, 23.8245334625, 57.1542243958, 18.5484676361, 21.5738315582, 32.0549812317], [-348.364624023, -188.00213623, 189.322906494, 84.8081130981, -67.0978927612, 130.428894043, 264.66796875, 105.26335144, 9.82092857361, 54.3553199768, 68.971786499, 33.3121070862, -17.2425403595], [188.894638062, 52.861076355, -124.716926575, 24.7514629364, 53.0059013367, -34.1290817261, 105.26335144, 210.630935669, 91.9124450684, 22.2147808075, 39.4907569885, 2.16343092918, -41.3313293457], [110.625968933, 13.858880043, -96.569770813, -21.0907421112, 29.11876297, 23.8245334625, 9.82092857361, 91.9124450684, 202.197509766, 125.188423157, 4.9690990448, -16.6120624542, -41.9951095581], [-126.731567383, -77.7877349854, 42.356754303, 0.758992135525, -24.5482902527, 57.1542243958, 54.3553199768, 22.2147808075, 125.188423157, 176.962020874, 62.0042037964, -26.6418819427, -37.0260429382], [-47.6006317139, -20.1369838715, 50.2514266968, 30.4595031738, -19.0341148376, 18.5484676361, 68.971786499, 39.4907569885, 4.9690990448, 62.0042037964, 116.690345764, 43.744102478, -31.2128276825], [37.7295379639, 42.9408073425, 45.5476074219, 22.7341804504, -9.47528076172, 21.5738315582, 33.3121070862, 2.16343092918, -16.6120624542, -26.6418819427, 43.744102478, 114.66859436, 52.0607147217], [-58.9272041321, 27.151845932, 71.7401046753, -1.52322006226, 23.7114276886, 32.0549812317, -17.2425403595, -41.3313293457, -41.9951095581, -37.0260429382, -31.2128276825, 52.0607147217, 156.770553589]], "icov": [[0.042793110013, -0.059591576457, 0.0569953136146, -0.0519510731101, 0.0435939766467, -0.0329944193363, 0.0241202730685, -0.0165615249425, 0.0110044144094, -0.00750065036118, 0.00542664341629, -0.00405251746997, 0.00186152185779], [-0.059591576457, 0.0837853476405, -0.0806396305561, 0.0755229741335, -0.0653945282102, 0.0514393337071, -0.039334770292, 0.0287335440516, -0.0200078971684, 0.0139280157164, -0.00990717113018, 0.00650663394481, -0.00285633187741], [0.0569953136146, -0.0806396305561, 0.0820456892252, -0.0796771198511, 0.0750559344888, -0.0656668767333, 0.0546518824995, -0.0445364154875, 0.0344670005143, -0.0246244445443, 0.0168764665723, -0.0106934430078, 0.00374293932691], [-0.0519510731101, 0.0755229741335, -0.0796771198511, 0.0875572860241, -0.0865372121334, 0.0828723609447, -0.0761864557862, 0.066169463098, -0.052695337683, 0.0389728806913, -0.0271282307804, 0.0155366836116, -0.00555823510513], [0.0435939766467, -0.0653945282102, 0.0750559344888, -0.0865372121334, 0.101840637624, -0.103101655841, 0.100526936352, -0.0933249816298, 0.0753880217671, -0.0553506650031, 0.0379059761763, -0.0214705877006, 0.00645392434672], [-0.0329944193363, 0.0514393337071, -0.0656668767333, 0.0828723609447, -0.103101655841, 0.122673116624, -0.123356722295, 0.119197450578, -0.102061100304, 0.0765530318022, -0.053629245609, 0.0325148440897, -0.0128214741126], [0.0241202730685, -0.039334770292, 0.0546518824995, -0.0761864557862, 0.100526936352, -0.123356722295, 0.137224808335, -0.134984627366, 0.119233585894, -0.0945178940892, 0.0656232908368, -0.0428550317883, 0.0165662355721], [-0.0165615249425, 0.0287335440516, -0.0445364154875, 0.066169463098, -0.0933249816298, 0.119197450578, -0.134984627366, 0.144979640841, -0.131389603019, 0.106930181384, -0.0785007253289, 0.0501067563891, -0.019269419834], [0.0110044144094, -0.0200078971684, 0.0344670005143, -0.052695337683, 0.0753880217671, -0.102061100304, 0.119233585894, -0.131389603019, 0.136379659176, -0.11584982276, 0.086323812604, -0.0573922917247, 0.0246748011559], [-0.00750065036118, 0.0139280157164, -0.0246244445443, 0.0389728806913, -0.0553506650031, 0.0765530318022, -0.0945178940892, 0.106930181384, -0.11584982276, 0.109928824008, -0.0827787742019, 0.0567633323371, -0.0234716255218], [0.00542664341629, -0.00990717113018, 0.0168764665723, -0.0271282307804, 0.0379059761763, -0.053629245609, 0.0656232908368, -0.0785007253289, 0.086323812604, -0.0827787742019, 0.0766533613205, -0.0501830503345, 0.0230229906738], [-0.00405251746997, 0.00650663394481, -0.0106934430078, 0.0155366836116, -0.0214705877006, 0.0325148440897, -0.0428550317883, 0.0501067563891, -0.0573922917247, 0.0567633323371, -0.0501830503345, 0.0452697239816, -0.0195022244006], [0.00186152185779, -0.00285633187741, 0.00374293932691, -0.00555823510513, 0.00645392434672, -0.0128214741126, 0.0165662355721, -0.019269419834, 0.0246748011559, -0.0234716255218, 0.0230229906738, -0.0195022244006, 0.0163200870156]]}, "spectral_contrast_coeffs": {"dmean": [0.0357582904398, 0.037003479898, 0.0268528293818, 0.0217031128705, 0.0149219715968, 0.0206579677761], "dmean2": [0.0600828751922, 0.0609277375042, 0.0416650809348, 0.0341319218278, 0.0239938925952, 0.0363874733448], "dvar": [0.000932394701522, 0.00128609256353, 0.00062548276037, 0.000469224178232, 0.000229485609452, 0.00046821552678], "dvar2": [0.00258850445971, 0.00323878717609, 0.00150043028407, 0.00106987648178, 0.000481673749164, 0.00140504539013], "max": [-0.290577143431, -0.305395156145, -0.397010594606, -0.481954574585, -0.52475643158, -0.679573833942], "mean": [-0.567844986916, -0.642932534218, -0.700806617737, -0.718488037586, -0.75775039196, -0.873223662376], "median": [-0.561127007008, -0.643198847771, -0.708077549934, -0.72188603878, -0.759029269218, -0.876046299934], "min": [-0.960643053055, -0.989470243454, -0.964011490345, -0.962749481201, -0.962440609932, -0.960953593254], "var": [0.0077472855337, 0.00872737914324, 0.00759705621749, 0.00490104453638, 0.00533765275031, 0.00127361831255]}, "spectral_contrast_valleys": {"dmean": [0.381913542747, 0.321037501097, 0.281912982464, 0.25860413909, 0.202882394195, 0.388171494007], "dmean2": [0.63024020195, 0.527939796448, 0.45560413599, 0.419466078281, 0.32401278615, 0.684467434883], "dvar": [0.14713768661, 0.159061983228, 0.14595285058, 0.145961403847, 0.115270398557, 0.186339125037], "dvar2": 