{"lowlevel": {"average_loudness": 0.826587915421, "barkbands_crest": {"dmean": 2.76073813438, "dmean2": 4.08466100693, "dvar": 8.04913139343, "dvar2": 14.7400150299, "max": 26.6570415497, "mean": 11.9510040283, "median": 10.1190347672, "min": 2.96907424927, "var": 37.760383606}, "barkbands_flatness_db": {"dmean": 0.0398249737918, "dmean2": 0.0553197897971, "dvar": 0.00457333633676, "dvar2": 0.00659117335454, "max": 1, "mean": 0.213565036654, "median": 0.171374037862, "min": 0.0245917942375, "var": 0.0248883459717}, "barkbands_kurtosis": {"dmean": 9.94505023956, "dmean2": 16.08710289, "dvar": 685.202270508, "dvar2": 1716.03833008, "max": 304.027587891, "mean": 15.0387849808, "median": 4.33539390564, "min": -1.84235751629, "var": 1162.74609375}, "barkbands_skewness": {"dmean": 0.866293787956, "dmean2": 1.27923965454, "dvar": 1.64947187901, "dvar2": 3.79887008667, "max": 14.8168468475, "mean": 1.94438433647, "median": 1.73019337654, "min": -2.84941077232, "var": 4.11459112167}, "barkbands_spread": {"dmean": 4.33165454865, "dmean2": 6.54944372177, "dvar": 47.4427032471, "dvar2": 99.8501586914, "max": 94.6719818115, "mean": 14.1691474915, "median": 11.8166437149, "min": 0.029778977856, "var": 161.007751465}, "dissonance": {"dmean": 0.0270116124302, "dmean2": 0.0451684817672, "dvar": 0.00128023629077, "dvar2": 0.00366086303256, "max": 0.500000059605, "mean": 0.445833176374, "median": 0.457320332527, "min": 0, "var": 0.00245744897984}, "dynamic_complexity": 7.50746202469, "erbbands_crest": {"dmean": 2.62884163857, "dmean2": 4.25975036621, "dvar": 8.50624656677, "dvar2": 17.0207901001, "max": 27.0499019623, "mean": 9.32162475586, "median": 7.87059545517, "min": 2.09411787987, "var": 29.2592887878}, "erbbands_flatness_db": {"dmean": 0.023940557614, "dmean2": 0.035078484565, "dvar": 0.00122857105453, "dvar2": 0.00212694960646, "max": 0.538959383965, "mean": 0.196256309748, "median": 0.18803589046, "min": 0.0454711169004, "var": 0.00641791149974}, "erbbands_kurtosis": {"dmean": 5.10083818436, "dmean2": 7.35207748413, "dvar": 365.858215332, "dvar2": 634.563293457, "max": 238.648162842, "mean": 8.12923622131, "median": 0.561265230179, "min": -1.69088745117, "var": 930.054748535}, "erbbands_skewness": {"dmean": 0.547787189484, "dmean2": 0.851645946503, "dvar": 0.92156881094, "dvar2": 1.92308306694, "max": 11.021894455, "mean": 1.02771818638, "median": 0.567267537117, "min": -1.65844702721, "var": 3.09282851219}, "erbbands_spread": {"dmean": 7.34849786758, "dmean2": 10.1321182251, "dvar": 89.1530990601, "dvar2": 140.801025391, "max": 147.85534668, "mean": 30.5723266602, "median": 27.7001895905, "min": 0.556462168694, "var": 428.961669922}, "hfc": {"dmean": 6.87132740021, "dmean2": 10.1621017456, "dvar": 291.677276611, "dvar2": 662.817199707, "max": 208.054214478, "mean": 14.1871490479, "median": 6.35872888565, "min": 1.07319107504e-16, "var": 472.985961914}, "melbands_crest": {"dmean": 3.52612090111, "dmean2": 5.41436338425, "dvar": 13.8888025284, "dvar2": 28.0224170685, "max": 34.219417572, "mean": 15.3959226608, "median": 13.3423156738, "min": 1.55130362511, "var": 65.6151733398}, "melbands_flatness_db": {"dmean": 0.0441040322185, "dmean2": 0.0597960054874, "dvar": 0.00610325671732, "dvar2": 0.00842840783298, "max": 1, "mean": 0.273803710938, "median": 0.230330884457, "min": 0.0034082562197, "var": 0.0374620780349}, "melbands_kurtosis": {"dmean": 10.1347827911, "dmean2": 16.1942710876, "dvar": 436.361419678, "dvar2": 1175.83959961, "max": 275.311462402, "mean": 16.9584255219, "median": 8.37518215179, "min": -1.50421345234, "var": 662.624694824}, "melbands_skewness": {"dmean": 0.842675030231, "dmean2": 1.26094436646, "dvar": 1.0844950676, "dvar2": 2.53209853172, "max": 12.0380945206, "mean": 2.63426017761, "median": 2.2212240696, "min": -0.221304267645, "var": 3.62274074554}, "melbands_spread": {"dmean": 5.62108325958, "dmean2": 8.98400592804, "dvar": 103.942260742, "dvar2": 233.517883301, "max": 182.827774048, "mean": 19.7701683044, "median": 11.324461937, "min": 0.126243636012, "var": 781.534973145}, "pitch_salience": {"dmean": 0.0876447111368, "dmean2": 0.132846921682, "dvar": 0.0110788391903, "dvar2": 0.0203145518899, "max": 0.994760274887, "mean": 0.528326392174, "median": 0.576374709606, "min": 0.0231891777366, "var": 0.0417556203902}, "silence_rate_20dB": {"dmean": 0, "dmean2": 0, "dvar": 0, "dvar2": 0, "max": 1, "mean": 1, "median": 1, "min": 1, "var": 0}, "silence_rate_30dB": {"dmean": 0.0105263162404, "dmean2": 0.0210605487227, "dvar": 0.0104153910652, "dvar2": 0.0296429358423, "max": 1, "mean": 0.993611395359, "median": 1, "min": 0, "var": 0.00634775450453}, "silence_rate_60dB": {"dmean": 0.0451127812266, "dmean2": 0.0898834168911, "dvar": 0.0430792048573, "dvar2": 0.0991000309587, "max": 1, "mean": 0.186020299792, "median": 0, "min": 0, "var": 0.151419728994}, "spectral_centroid": {"dmean": 232.25730896, "dmean2": 355.106628418, "dvar": 277528.40625, "dvar2": 460244, "max": 11828.5644531, "mean": 1318.34545898, "median": 798.102661133, "min": 55.1882553101, "var": 4754227}, "spectral_complexity": {"dmean": 3.43157887459, "dmean2": 5.36630296707, "dvar": 27.2719078064, "dvar2": 51.5699043274, "max": 58, "mean": 12.3788051605, "median": 12, "min": 0, "var": 82.5452804565}, "spectral_decrease": {"dmean": 2.61679189428e-09, "dmean2": 3.74329944819e-09, "dvar": 1.24689759747e-17, "dvar2": 2.52655138177e-17, "max": 2.15651864773e-28, "mean": -7.71068275895e-09, "median": -5.67447600019e-09, "min": -3.60835912261e-08, "var": 5.43953838466e-17}, "spectral_energy": {"dmean": 0.0103692086414, "dmean2": 0.0148422336206, "dvar": 0.000201177535928, "dvar2": 0.000412014662288, "max": 0.15183532238, "mean": 0.0303887501359, "median": 0.0238850750029, "min": 9.92177780039e-21, "var": 0.000832532881759}, "spectral_energyband_high": {"dmean": 0.000471326318802, "dmean2": 0.000677767849993, "dvar": 2.89429999611e-06, "dvar2": 6.7823034442e-06, "max": 0.0213791076094, "mean": 0.000670113309752, "median": 7.65768418205e-05, "min": 7.15440467142e-21, "var": 4.09017411585e-06}, "spectral_energyband_low": {"dmean": 0.00745447492227, "dmean2": 0.00983869191259, "dvar": 0.000134787798743, "dvar2": 0.000241788220592, "max": 0.106877475977, "mean": 0.0153222829103, "median": 0.00258970237337, "min": 2.22073385166e-23, "var": 0.000413806526922}, "spectral_energyband_middle_high": {"dmean": 0.00145673984662, "dmean2": 0.00233937473968, "dvar": 6.70538884151e-06, "dvar2": 1.33388075483e-05, "max": 0.0281212590635, "mean": 0.00261191418394, "median": 0.00133959623054, "min": 1.07026538682e-21, "var": 1.31217284434e-05}, "spectral_energyband_middle_low": {"dmean": 0.00563978403807, "dmean2": 0.00884913094342, "dvar": 8.84959299583e-05, "dvar2": 0.00020853280148, "max": 0.12270128727, "mean": 0.0129334963858, "median": 0.00407459633425, "min": 1.65289268164e-22, "var": 0.000324440072291}, "spectral_entropy": {"dmean": 0.2608268857, "dmean2": 0.381704121828, "dvar": 0.251813739538, "dvar2": 0.409568160772, "max": 9.82802295685, "mean": 7.17825174332, "median": 7.36737203598, "min": 3.02911233902, "var": 1.45074403286}, "spectral_flux": {"dmean": 0.0305081307888, "dmean2": 0.0450301654637, "dvar": 0.00126074033324, "dvar2": 0.00287442002445, "max": 0.340412914753, "mean": 0.0809580758214, "median": 0.0691974982619, "min": 6.43393671673e-11, "var": 0.00377591210417}, "spectral_kurtosis": {"dmean": 17.4715423584, "dmean2": 29.0224628448, "dvar": 6868.375, "dvar2": 17055.2929688, "max": 1440.33569336, "mean": 24.7856807709, "median": 4.47093200684, "min": -1.25812220573, "var": 9044.93164062}, "spectral_rms": {"dmean": 0.000911902927328, "dmean2": 0.00128251418937, "dvar": 1.34963465825e-06, "dvar2": 2.36447749558e-06, "max": 0.0121709499508, "mean": 0.00459027476609, "median": 0.00482726749033, "min": 3.11123501094e-12, "var": 8.57688974065e-06}, "spectral_rolloff": {"dmean": 470.71206665, "dmean2": 770.830810547, "dvar": 1620934.25, "dvar2": 3433463.5, "max": 19595.2148438, "mean": 1818.21630859, "median": 667.529296875, "min": 64.599609375, "var": 15532837}, "spectral_skewness": {"dmean": 0.701271831989, "dmean2": 1.069922328, "dvar": 4.0316567421, "dvar2": 8.04724407196, "max": 32.1440086365, "mean": 2.60222125053, "median": 1.6950302124, "min": -0.0939054638147, "var": 12.3328294754}, "spectral_spread": {"dmean": 662211.125, "dmean2": 984397.3125, "dvar": 3872481345540.0, "dvar2": 8160104415230.0, "max": 42473660, "mean": 5577856.5, "median": 3656069, "min": 121487.21875, "var": 62193424924700.0}, "spectral_strongpeak": {"dmean": 0.321548372507, "dmean2": 0.522671818733, "dvar": 0.2179299891, "dvar2": 0.521175146103, "max": 4.66828298569, "mean": 0.629020035267, "median": 0.468778222799, "min": 0, "var": 0.444075107574}, "zerocrossingrate": {"dmean": 0.0109701743349, "dmean2": 0.0138845229521, "dvar": 0.000820041343104, "dvar2": 0.00151099206414, "max": 0.52685546875, "mean": 0.064056776464, "median": 0.03515625, "min": 0.001953125, "var": 0.0106535553932}, "barkbands": {"dmean": [0.000245638395427, 0.00576020777225, 0.00308354501612, 0.00220452598296, 0.0025155658368, 0.00161358143669, 0.00116367533337, 0.000339745020028, 0.000301909312839, 0.000381363206543, 0.000454489665572, 0.000308202608721, 0.000212003767956, 0.000200286871404, 0.000207986595342, 0.0001209648035, 9.75363873295e-05, 7.99554109108e-05, 8.34345119074e-05, 6.60889782012e-05, 7.93846193119e-05, 9.96731978375e-05, 8.73325770954e-05, 7.79573820182e-05, 8.60200088937e-05, 2.51980727626e-05, 1.32121595016e-05], "dmean2": [0.000321987550706, 0.00792454183102, 0.00509604718536, 0.00381587981246, 0.00404785852879, 0.00220586848445, 0.00168494053651, 0.000557499413844, 0.000448022008641, 0.000599272781983, 0.000716414942872, 0.000524407078046, 0.000334731070325, 0.000331241200911, 0.000349542824551, 0.00020879265503, 0.0001634494256, 0.000133942434331, 0.000141064956551, 0.000105400387838, 0.000133527137223, 0.000160208102898, 0.000138947885716, 0.00011216133862, 0.000123335295939, 3.35671429639e-05, 2.10351572605e-05], "dvar": [2.00208333467e-07, 9.99646654236e-05, 5.3209681937e-05, 2.80044296233e-05, 2.40968365688e-05, 1.49688148667e-05, 8.57647864905e-06, 3.97434774868e-07, 2.96671089473e-07, 4.36489500544e-07, 6.36927040887e-07, 4.35877069549e-07, 2.40212955305e-07, 1.83356860362e-07, 1.93903588297e-07, 5.95524554114e-08, 4.85972933006e-08, 3.79169549092e-08, 7.73281598754e-08, 3.66183279255e-08, 6.37245705093e-08, 1.37978872772e-07, 1.14877558133e-07, 9.19064078175e-08, 1.1117438703e-07, 6.66792709936e-09, 2.79044609641e-09], "dvar2": [3.36762809638e-07, 0.000157832750119, 0.000133706605993, 7.29104649508e-05, 5.58444480703e-05, 2.61276982201e-05, 1.67687285284e-05, 1.00889303667e-06, 6.08832749549e-07, 1.09805012016e-06, 1.5294658624e-06, 1.14280646812e-06, 5.70394263377e-07, 4.47066923925e-07, 4.68635590778e-07, 1.49906369984e-07, 1.23768018057e-07, 8.8174715529e-08, 2.05480645832e-07, 8.31819804148e-08, 1.71848554942e-07, 3.52568321205e-07, 2.93332703905e-07, 1.96922712803e-07, 2.33234260349e-07, 1.25707941834e-08, 6.30995034001e-09], "max": [0.00325600779615, 0.0752790719271, 0.0675958395004, 0.0645686089993, 0.0856300294399, 0.0637964978814, 0.0545398369431, 0.00862172804773, 0.0109794810414, 0.00803093146533, 0.0118452645838, 0.00848475657403, 0.00682815583423, 0.00574248889461, 0.00628647813573, 0.00441981339827, 0.00204242975451, 0.00198066886514, 0.00282147014514, 0.00184583896771, 0.00294334208593, 0.00476390169933, 0.00431380281225, 0.00364373112097, 0.00410103285685, 0.000754043401685, 0.000550171069335], "mean": [0.000336521334248, 0.0111929140985, 0.00275134760886, 0.00203339778818, 0.00408201897517, 0.00355800869875, 0.00202036951669, 0.000483525829623, 0.000537106010597, 0.00057254586136, 0.000562991364859, 0.000374653202016, 0.000252962840023, 0.000233388898778, 0.000257163163042, 0.000140415664646, 0.000114364243927, 8.91632880666e-05, 8.31949000712e-05, 8.30349235912e-05, 0.000101536847069, 0.000131181877805, 0.00012123848137, 0.000111085057142, 0.000120036798762, 3.21519219142e-05, 1.24236094052e-05], "median": [8.7790285761e-06, 0.000592481170315, 0.000308698799927, 0.000374484865461, 0.00111039006151, 0.00051739718765, 0.00022587912099, 0.000171034931554, 0.000233414699323, 0.000264259055257, 0.000168197657331, 0.000144437421113, 8.67596827447e-05, 7.75968946982e-05, 7.71880513639e-05, 4.84511365357e-05, 3.21394873026e-05, 3.01007112284e-05, 2.60652832367e-05, 2.75439506368e-05, 2.56467465078e-05, 1.76800604095e-05, 9.49208333623e-06, 4.4894027269e-06, 1.1940018112e-06, 1.13058369777e-07, 1.913156078e-09], "min": [2.37956588705e-25, 2.74840007126e-24, 6.30106345831e-25, 6.26722083244e-25, 6.17810499091e-24, 6.91990758212e-24, 4.25806882356e-24, 1.29782607266e-23, 1.56775549954e-23, 1.08748782965e-23, 1.35123763574e-23, 1.98336513196e-23, 2.3637808395e-23, 2.22615080172e-23, 3.70798609582e-23, 5.66898418121e-23, 5.30944788634e-23, 6.74178704957e-23, 1.34982128332e-22, 1.65254293227e-22, 2.2700306847e-22, 2.75694365574e-22, 3.81834552765e-22, 6.64245721848e-22, 7.85694758335e-22, 1.31590137511e-21, 1.94298647242e-21], "var": [4.27983763984e-07, 0.000314561708365, 4.89316007588e-05, 2.33556347666e-05, 5.92417127336e-05, 5.51651137357e-05, 2.13449256989e-05, 7.02391560026e-07, 7.1718915251e-07, 7.36818890346e-07, 9.55860514296e-07, 5.43708836176e-07, 2.73140386753e-07, 2.08859560757e-07, 2.45058004111e-07, 7.06215104174e-08, 6.30131111734e-08, 4.00136421774e-08, 5.85823691779e-08, 4.06840641176e-08, 6.57192629205e-08, 1.60343077482e-07, 1.49809295635e-07, 1.4186709052e-07, 1.86409238268e-07, 1.09842517304e-08, 2.978105762e-09]}, "erbbands": {"dmean": [0.195058450103, 1.35801100731, 2.90929389, 5.86804962158, 7.72309684753, 9.96984863281, 8.7651720047, 14.815530777, 18.9661617279, 13.7215080261, 6.58645534515, 7.50418949127, 9.6484041214, 13.6826448441, 15.9201688766, 12.7374687195, 9.17944431305, 11.2796525955, 10.5969715118, 8.56607913971, 5.66866922379, 5.04961585999, 4.36219787598, 4.05685138702, 3.90615010262, 3.26704764366, 2.46530532837, 3.80206513405, 3.78391599655, 3.26781058311, 2.09741568565, 1.57841360569, 1.45080411434, 0.952575564384, 0.578481197357, 0.16073384881, 0.0384265258908, 0.009751053527, 0.002431422472, 0.000172069660039], "dmean2": [0.245837718248, 1.82965958118, 4.48829746246, 9.70785045624, 13.359910965, 15.447599411, 12.7715101242, 19.9064235687, 26.3638267517, 20.7911128998, 10.7192058563, 11.1861009598, 14.6721744537, 21.6365394592, 25.3672294617, 21.4257717133, 14.2615585327, 18.4076786041, 17.6136169434, 14.7467327118, 9.7016210556, 8.52435398102, 7.24891853333, 6.68222236633, 6.63997793198, 5.24764823914, 3.81521964073, 6.53136920929, 6.16803264618, 5.29006910324, 3.24434709549, 2.44651174545, 2.13824629784, 1.30786049366, 0.869754314423, 0.225789949298, 0.0502813309431, 0.0135374320671, 0.0038560484536, 0.00028079454205], "dvar": [0.130695641041, 5.17082881927, 37.0000572205, 225.184539795, 292.555877686, 434.526275635, 404.916107178, 1332.44335938, 2256.72753906, 1629.24536133, 130.714736938, 201.913513184, 298.500579834, 506.002410889, 847.023193359, 737.870422363, 474.253295898, 560.721496582, 633.875976562, 232.590270996, 108.886642456, 144.568588257, 109.518089294, 132.495101929, 175.492614746, 87.5796508789, 36.2548446655, 202.104370117, 221.297515869, 146.697479248, 65.527305603, 34.312122345, 35.9026107788, 12.7291955948, 5.01417350769, 0.307926297188, 0.0151046784595, 0.00116533751134, 9.3898132036e-05, 4.41155691533e-07], "dvar2": [0.149865671992, 9.412733078, 89.7044296265, 541.057983398, 764.616333008, 926.514770508, 745.386535645, 2219.55053711, 4091.9831543, 3017.33276367, 322.882019043, 417.459289551, 706.792663574, 1143.74719238, 1861.11755371, 1907.97705078, 1103.33642578, 1379.25549316, 1516.80969238, 604.340393066, 280.774505615, 369.938323975, 254.898651123, 302.406036377, 467.07913208, 206.942581177, 69.6191558838, 581.070678711, 595.86505127, 375.414520264, 161.863021851, 71.1318130493, 81.2621841431, 25.0550289154, 10.9045829773, 0.650605976582, 0.0284347850829, 0.00242930068634, 0.000228441087529, 9.96767994366e-07], "max": [2.87511491776, 15.6612358093, 58.8337364197, 182.369445801, 316.603118896, 411.825256348, 664.60357666, 788.929382324, 888.294006348, 1010.21008301, 185.683792114, 301.196166992, 230.938903809, 247.264526367, 465.174346924, 420.334838867, 303.43951416, 304.938415527, 377.101348877, 182.666030884, 99.1245803833, 108.157615662, 100.316886902, 99.2303771973, 138.909896851, 85.4519424438, 59.5133705139, 177.672744751, 196.097961426, 149.140396118, 101.589874268, 68.057762146, 72.6465835571, 43.4081459045, 28.219877243, 5.66191244125, 1.24543404579, 0.340934842825, 0.0958080664277, 0.00644930219278], "mean": [0.40106639266, 2.19513511658, 3.03242874146, 5.70414400101, 8.62469100952, 16.0806503296, 18.5153217316, 31.0834503174, 33.3800544739, 22.3520946503, 10.3101997375, 13.4451055527, 16.5282077789, 19.5182876587, 21.0544281006, 16.6692619324, 12.2935581207, 14.1393585205, 12.9288463593, 10.7596883774, 7.35667324066, 5.89202404022, 5.15351057053, 4.54487705231, 4.0079870224, 4.04665756226, 3.60726881027, 4.47189807892, 4.70197868347, 4.3570318222, 3.0631942749, 2.30990695953, 1.91796600819, 1.42509484291, 0.764328539371, 0.202758058906, 0.0474756620824, 0.0108641758561, 0.00207459437661, 0.000184284217539], "median": [0.0109744193032, 0.183441713452, 0.600068628788, 1.06257402897, 2.38265180588, 3.31350970268, 4.25796985626, 3.72176265717, 3.16144800186, 3.68203377724, 4.97782230377, 6.19711494446, 8.70065116882, 8.16241455078, 7.6168756485, 7.15620470047, 4.89354324341, 5.38705158234, 3.78157687187, 3.89006257057, 2.67528414726, 1.86708331108, 1.73741722107, 1.58441245556, 1.20736694336, 1.28783869743, 1.00749158859, 0.816146850586, 0.660749435425, 0.436082303524, 0.254784613848, 0.12438993156, 0.0546600669622, 0.0206351336092, 0.00525069562718, 0.000943087507039, 0.000144954086863, 1.14966933324e-05, 1.91147773876e-05, 3.71052701666e-05], "min": [1.29378628441e-22, 4.70212141968e-22, 1.1709925998e-21, 7.34087412283e-21, 1.50456544008e-20, 1.81811746011e-20, 3.66793112421e-20, 6.87488935644e-20, 1.1792458711e-19, 1.17253252495e-19, 2.97673118492e-19, 4.82064730974e-19, 5.61698545918e-19, 6.53073879464e-19, 7.64546444872e-19, 1.09353111543e-18, 1.3243031326e-18, 1.46835539551e-18, 2.32773897649e-18, 3.08506397952e-18, 3.75552819399e-18, 3.49234744721e-18, 3.76857076429e-18, 6.3809920136e-18, 7.43134016516e-18, 9.19452692601e-18, 7.4116822179e-18, 9.33430307874e-18, 9.19376591985e-18, 1.22064693802e-17, 1.06011219151e-17, 1.07879224584e-17, 1.02502385167e-17, 8.29184623023e-18, 6.03157479284e-18, 4.15038947683e-18, 2.45604378848e-18, 1.00104353416e-18, 2.70477306957e-19, 2.78426893922e-20], "var": [0.46755066514, 12.8584089279, 39.0065040588, 217.498947144, 334.933959961, 1153.82019043, 1379.64599609, 4714.08105469, 6042.78076172, 4047.06469727, 242.72265625, 464.579467773, 570.207092285, 917.20300293, 1385.0859375, 995.851013184, 587.278076172, 653.55682373, 745.702026367, 313.580810547, 153.261917114, 156.660507202, 123.654922485, 136.295944214, 132.963821411, 94.3451919556, 57.4483680725, 178.873825073, 222.053146362, 192.489318848, 89.6217575073, 53.3710784912, 49.3958702087, 24.8756599426, 7.61108827591, 0.45998698473, 0.0244111344218, 0.00154407438822, 8.58052953845e-05, 4.85547388962e-07]}, "gfcc": {"mean": [-144.439697266, 119.11088562, -110.913475037, 24.0672569275, -59.7653961182, 9.04773616791, -29.7913551331, -8.60895252228, -17.9011745453, -9.74974441528, -10.2953824997, -7.12994337082, -2.19937348366], "cov": [[78794.109375, 2897.42041016, -8454.71972656, 2400.42529297, -5093.49658203, 1348.85998535, -2584.47583008, -268.551818848, -1474.41174316, -61.2305679321, -710.987121582, -112.859489441, -356.724090576], [2897.42041016, 3735.62939453, -20.7024364471, 651.282104492, 280.975311279, -148.393585205, 472.975524902, -245.043869019, 509.456542969, -195.265350342, 405.56640625, -198.401550293, 314.846130371], [-8454.71972656, -20.7024364471, 3528.97851562, 329.830810547, 1408.56030273, 237.920669556, 907.639099121, 488.914520264, 631.864257812, 317.874511719, 315.414367676, 148.803237915, 112.814025879], [2400.42529297, 651.282104492, 329.830810547, 593.826416016, 103.781295776, 181.723571777, 199.581222534, 86.8784790039, 195.538543701, 56.4504013062, 144.287185669, -24.0664615631, 67.8765258789], [-5093.49658203, 280.975311279, 1408.56030273, 103.781295776, 1096.96276855, 173.008148193, 618.374328613, 239.681808472, 341.364532471, 52.6889915466, 150.274307251, 3.456782341, 96.60987854], [1348.85998535, -148.393585205, 237.920669556, 181.723571777, 173.008148193, 329.568603516, 106.873199463, 203.034851074, 46.6593093872, 84.6838378906, -6.39707708359, 16.283411026, 5.29314517975], [-2584.47583008, 472.975524902, 907.639099121, 199.581222534, 618.374328613, 106.873199463, 540.391296387, 142.809753418, 335.067047119, 47.2082557678, 193.453491211, 11.8096609116, 110.58240509], [-268.551818848, -245.043869019, 488.914520264, 86.8784790039, 239.681808472, 203.034851074, 142.809753418, 237.788650513, 87.6451721191, 108.789306641, 12.4265594482, 44.6922950745, 7.26821708679], [-1474.41174316, 509.456542969, 631.864257812, 195.538543701, 341.364532471, 46.6593093872, 335.067047119, 87.6451721191, 339.799072266, 91.2832794189, 208.55657959, 38.6117401123, 127.618423462], [-61.2305679321, -195.265350342, 317.874511719, 56.4504013062, 52.6889915466, 84.6838378906, 47.2082557678, 108.789306641, 91.2832794189, 157.053894043, 64.1694107056, 83.4530944824, 25.7159061432], [-710.987121582, 405.56640625, 315.414367676, 144.287185669, 150.274307251, -6.39707708359, 193.453491211, 12.4265594482, 208.55657959, 64.1694107056, 192.731948853, 44.430770874, 101.879615784], [-112.859489441, -198.401550293, 148.803237915, -24.0664615631, 3.456782341, 16.283411026, 11.8096609116, 44.6922950745, 38.6117401123, 83.4530944824, 44.430770874, 108.59437561, 37.0958023071], [-356.724090576, 314.846130371, 112.814025879, 67.8765258789, 96.60987854, 5.29314517975, 110.58240509, 7.26821708679, 127.618423462, 25.7159061432, 101.879615784, 37.0958023071, 113.593383789]], "icov": [[4.42880154878e-05, -9.15960408747e-05, 7.37098162062e-05, -0.000167334263097, 0.000139418320032, -0.000204752534046, -8.51219556353e-06, -5.10889149155e-05, 6.47395718261e-05, -3.99420096073e-05, 0.000159254253958, -0.000346907472704, 0.000229029916227], [-9.15960408747e-05, 0.000928549212404, -9.0984533017e-05, -0.000168792321347, -0.00034681125544, 0.000596263271291, 0.000161965101142, 0.000496427353937, -0.000806502357591, 0.000802288181148, -0.000844656489789, 0.0020072478801, -0.00176583183929], [7.37098162062e-05, -9.0984533017e-05, 0.00110756931826, -0.000756550056394, -0.000749425031245, 0.000659348792396, -0.000260665401584, -0.000882124586497, -0.000462539755972, -0.000975271279458, 0.000475038337754, -0.00124203413725, 0.0014725967776], [-0.000167334263097, -0.000168792321347, -0.000756550056394, 0.00449807802215, 0.000802509894129, -0.00206891796552, -0.000388987216866, 0.000404351943871, -0.000473829772091, 0.000263857742539, -0.00292249815539, 0.00290090916678, -8.09955963632e-05], [0.000139418320032, -0.00034681125544, -0.000749425031245, 0.000802509894129, 0.00468507455662, -0.00174328975845, -0.00363538158126, -0.000777142005973, 0.000675017421599, 0.000903255888261, 0.00113927328493, 0.000405507656978, -0.000767855031881], [-0.000204752534046, 0.000596263271291, 0.000659348792396, -0.00206891796552, -0.00174328975845, 0.0107075609267, -0.00107458024286, -0.0069836829789, 0.0020320629701, -0.00266545289196, 0.00136273226235, 0.00276280194521, -0.00304155377671], [-8.51219556353e-06, 0.000161965101142, -0.000260665401584, -0.000388987216866, -0.00363538158126, -0.00107458024286, 0.0117197399959, -0.00159823428839, -0.00656562997028, 0.00600471068174, -0.00423064688221, -0.00101158453617, 0.00199237954803], [-5.10889149155e-05, 0.000496427353937, -0.000882124586497, 0.000404351943871, -0.000777142005973, -0.0069836829789, -0.00159823428839, 0.0174566619098, -0.00252059521154, -0.00581290293485, 0.00569258350879, -0.000679510645568, -0.000212535160244], [6.47395718261e-05, -0.000806502357591, -0.000462539755972, -0.000473829772091, 0.000675017421599, 0.0020320629701, -0.00656562997028, -0.00252059521154, 0.0207354836166, -0.00757931312546, -0.00803376175463, 0.0046150945127, -0.00681632710621], [-3.99420096073e-05, 0.000802288181148, -0.000975271279458, 0.000263857742539, 0.000903255888261, -0.00266545289196, 0.00600471068174, -0.00581290293485, -0.00757931312546, 0.0243221651763, -0.00713460892439, -0.00984456203878, 0.00496688112617], [0.000159254253958, -0.000844656489789, 0.000475038337754, -0.00292249815539, 0.00113927328493, 0.00136273226235, -0.00423064688221, 0.00569258350879, -0.00803376175463, -0.00713460892439, 0.0269419085234, -0.00585263874382, -0.00477393576875], [-0.000346907472704, 0.0020072478801, -0.00124203413725, 0.00290090916678, 0.000405507656978, 0.00276280194521, -0.00101158453617, -0.000679510645568, 0.0046150945127, -0.00984456203878, -0.00585263874382, 0.0277026575059, -0.0133520439267], [0.000229029916227, -0.00176583183929, 0.0014725967776, -8.09955963632e-05, -0.000767855031881, -0.00304155377671, 0.00199237954803, -0.000212535160244, -0.00681632710621, 0.00496688112617, -0.00477393576875, -0.0133520439267, 0.0270470939577]]}, "melbands": {"dmean": [0.00160853681155, 0.0013907715911, 0.00103786436375, 0.000598734419327, 0.000325910572428, 0.000333407719154, 0.000281181564787, 0.000129587657284, 5.06043725181e-05, 4.80733688164e-05, 4.8430829338e-05, 5.53392201255e-05, 6.04153246968e-05, 3.75600393454e-05, 2.2835094569e-05, 2.32231413975e-05, 2.18462701014e-05, 1.73017651832e-05, 1.3110627151e-05, 1.08948388515e-05, 6.20731543677e-06, 5.49015203433e-06, 4.88901378048e-06, 3.66689278053e-06, 3.26007534568e-06, 3.41901159118e-06, 2.44974330599e-06, 2.09334007195e-06, 1.50503910845e-06, 1.73907960743e-06, 2.42400437855e-06, 2.34942422139e-06, 1.79641938303e-06, 1.9786282337e-06, 1.26908503262e-06, 1.16838964459e-06, 8.93980654837e-07, 1.0317160104e-06, 1.0375522379e-06, 7.38400501632e-07], "dmean2": [0.00220753462054, 0.00197266158648, 0.00171682354994, 0.00098448980134, 0.00047913150047, 0.000446184945758, 0.00039425547584, 0.00019898773462, 8.24136513984e-05, 7.09762534825e-05, 7.38618182368e-05, 8.76921840245e-05, 9.4425471616e-05, 6.47904307698e-05, 3.71192218154e-05, 3.70764028048e-05, 3.57082244591e-05, 2.86776739813e-05, 2.21536556637e-05, 1.9079852791e-05, 1.0529897736e-05, 9.34483887249e-06, 8.12057987787e-06, 6.23356527285e-06, 5.31459681952e-06, 5.95070832787e-06, 4.1002585931e-06, 3.33229991156e-06, 2.30674436352e-06, 2.78489301309e-06, 4.16784450863e-06, 3.94887092625e-06, 2.72717511507e-06, 3.30215243594e-06, 2.10202438211e-06, 1.81817631528e-06, 1.43823365306e-06, 1.53593794039e-06, 1.45059300394e-06, 1.04930575162e-06], "dvar": [8.65626225277e-06, 5.95899109612e-06, 5.8041655393e-06, 1.45879914726e-06, 4.88034345381e-07, 6.87205329086e-07, 4.86118551635e-07, 1.35671612611e-07, 7.51236761687e-09, 7.84874121251e-09, 7.54537232694e-09, 8.50906367589e-09, 1.19805205756e-08, 6.25879126304e-09, 2.04423744599e-09, 3.12917092238e-09, 2.24207052923e-09, 1.66129399126e-09, 7.27011784107e-10, 5.16905351855e-10, 1.42521161539e-10, 1.62429861228e-10, 1.36243377691e-10, 8.08872066549e-11, 8.33767291319e-11, 1.6385545698e-10, 5.37794184186e-11, 3.4291462031e-11, 1.24712254412e-11, 2.32387598748e-11, 9.11970776674e-11, 8.45328737564e-11, 4.32928276561e-11, 5.43354423954e-11, 2.40662351159e-11, 1.81863794857e-11, 1.05140540371e-11, 1.75769728633e-11, 1.77673032536e-11, 7.1884117582e-12], "dvar2": [1.19957021525e-05, 1.17876297736e-05, 1.40448810271e-05, 3.55444558409e-06, 9.29665588956e-07, 1.1541509366e-06, 9.07006096895e-07, 2.56145284538e-07, 1.85658102225e-08, 1.60320166032e-08, 1.80337575983e-08, 1.94586800006e-08, 2.74445888238e-08, 1.67540452622e-08, 4.67769467605e-09, 7.5710477887e-09, 5.53792744995e-09, 3.90308363407e-09, 1.75335224117e-09, 1.31291155725e-09, 3.60168755931e-10, 4.28143354103e-10, 3.17504494918e-10, 1.87214840852e-10, 1.83896176065e-10, 4.53082238394e-10, 1.31853916674e-10, 7.9573271583e-11, 2.23644262831e-11, 5.41625910788e-11, 2.70241135025e-10, 2.37496494693e-10, 9.81560596691e-11, 1.4606288401e-10, 6.18459519708e-11, 3.9810276603e-11, 2.09944128055e-11, 4.10344987156e-11, 3.80707063097e-11, 1.40123286238e-11], "max": [0.0231200177222, 0.0249024778605, 0.0283706318587, 0.0202622115612, 0.0190604459494, 0.015269334428, 0.0130160767585, 0.00914748944342, 0.00143985101022, 0.00164528796449, 0.0011504405411, 0.00101568212267, 0.00163448322564, 0.000918840407394, 0.000612701347563, 0.000926291686483, 0.000699078314938, 0.000565981899854, 0.000372681330191, 0.000455982924905, 9.35537464102e-05, 0.000125425038277, 0.00010848689999, 8.61418448039e-05, 8.61824519234e-05, 0.000144490622915, 7.21416217857e-05, 5.57120110898e-05, 3.48036737705e-05, 4.53053398815e-05, 0.000121200442663, 0.000122197874589, 8.08878830867e-05, 8.96547790035e-05, 6.11323412159e-05, 4.95999884151e-05, 3.79184129997e-05, 5.08910779899e-05, 5.22655973327e-05, 3.25610599248e-05], "mean": [0.00334256351925, 0.00206486321986, 0.00107681774534, 0.000863203662448, 0.0006944424822, 0.000709677522536, 0.000495581596624, 0.000205561926123, 7.51431944082e-05, 8.55257967487e-05, 8.10076380731e-05, 7.68408499425e-05, 7.61606279411e-05, 4.50857041869e-05, 3.18546808558e-05, 2.74197154795e-05, 2.56901839748e-05, 2.00352224056e-05, 1.5841496861e-05, 1.27521780087e-05, 7.77881359681e-06, 6.06416779192e-06, 5.72746284888e-06, 3.99685040975e-06, 3.61392176274e-06, 3.11685948873e-06, 2.78499601336e-06, 2.59584362539e-06, 2.17539968617e-06, 2.23005622502e-06, 2.72941588264e-06, 2.7334481274e-06, 2.46031004281e-06, 2.49770482696e-06, 1.84328962405e-06, 1.54111683059e-06, 1.35346715524e-06, 1.27980911202e-06, 1.42741112086e-06, 1.13293458526e-06], "median": [0.000141888245707, 0.000395963666961, 0.000222977105295, 0.000241236732109, 0.000161251460668, 8.81370797288e-05, 4.91223763674e-05, 3.88155785913e-05, 3.65793457604e-05, 3.6568591895e-05, 4.13922825828e-05, 3.03240540234e-05, 2.34266826737e-05, 1.59706323757e-05, 1.46435313582e-05, 8.65966467245e-06, 9.12345876714e-06, 5.57376506549e-06, 5.03748970004e-06, 4.46812418886e-06, 2.70309783446e-06, 1.77633216936e-06, 1.7575723632e-06, 1.21509469864e-06, 1.25239239424e-06, 7.6719476283e-07, 9.5372524811e-07, 7.45573345284e-07, 5.55620715659e-07, 5.70233964936e-07, 3.9429323806e-07, 3.42509338225e-07, 2.34993933645e-07, 2.01777467623e-07, 1.38602260336e-07, 9.31749539745e-08, 6.51647269478e-08, 3.72773811819e-08, 2.43049385062e-08, 1.38030911145e-08], "min": [1.37469248205e-24, 5.73776598906e-25, 1.57345811586e-24, 9.46481329149e-25, 1.39982391416e-24, 1.60846332549e-24, 1.88974568353e-24, 1.13535494303e-24, 2.10255590107e-24, 2.78025072474e-24, 2.48895673574e-24, 2.54991951206e-24, 2.30313108318e-24, 2.40923287493e-24, 2.68194662582e-24, 2.31559686042e-24, 1.94500558715e-24, 2.10622213212e-24, 2.43753602092e-24, 4.31745742795e-24, 3.71694968562e-24, 3.1797202236e-24, 2.9784924563e-24, 3.28167911509e-24, 4.05831149299e-24, 4.38527856098e-24, 5.34328426049e-24, 5.19464432771e-24, 3.82191827869e-24, 4.62559438614e-24, 4.69429746566e-24, 4.17864433547e-24, 4.83157267381e-24, 4.98834970682e-24, 5.22458317679e-24, 5.81355461724e-24, 6.34414956184e-24, 6.57766974472e-24, 5.94296133228e-24, 5.96739393224e-24], "var": [2.9271332096e-05, 1.0594604646e-05, 5.80638561587e-06, 2.83980875793e-06, 1.80681001893e-06, 2.42875557888e-06, 1.28185536141e-06, 3.29976899138e-07, 1.30309176782e-08, 1.89872366718e-08, 1.4102472079e-08, 1.52978874013e-08, 1.85707342837e-08, 7.63573471119e-09, 2.96819213652e-09, 3.40111538932e-09, 2.49874765323e-09, 1.94061566816e-09, 8.93645879518e-10, 6.00089367087e-10, 1.92887025796e-10, 1.69111974424e-10, 1.63852473256e-10, 8.57761014994e-11, 8.96019231034e-11, 1.10320357016e-10, 4.95577051618e-11, 3.90561402663e-11, 2.04898702172e-11, 2.8897009785e-11, 7.69133645662e-11, 7.74540848125e-11, 5.81500854413e-11, 6.81404654923e-11, 3.28164405372e-11, 2.36154464039e-11, 1.8209149466e-11, 2.20723179317e-11, 2.87297477475e-11, 1.48443531772e-11]}, "mfcc": {"mean": [-739.185302734, 130.325241089, 6.12364912033, 15.9325675964, -4.95481777191, 9.64504909515, -4.00770998001, 0.757506012917, -4.42084884644, -3.03505039215, -7.31656837463, -5.13273429871, -4.15259313583], "cov": [[27204.0546875, 2862.88525391, -1720.6550293, -480.677215576, -1135.86804199, 81.8899383545, -817.702514648, -411.279144287, -652.77520752, -418.710021973, -524.922546387, -298.084228516, -213.631149292], [2862.88525391, 3134.30493164, 187.185012817, 729.871704102, 78.5959854126, 354.865661621, 58.8567123413, 151.349853516, 60.5849380493, 166.563949585, 47.4811782837, 69.6527328491, 70.0482177734], [-1720.6550293, 187.185012817, 1537.14660645, 675.126647949, 463.706451416, 280.965057373, 296.693481445, 266.265472412, 300.354278564, 287.40057373, 305.713592529, 235.354629517, 222.461471558], [-480.677215576, 729.871704102, 675.126647949, 679.840209961, 277.948272705, 276.857513428, 202.800888062, 213.722091675, 185.741546631, 208.518005371, 188.663742065, 153.189682007, 136.409896851], [-1135.86804199, 78.5959854126, 463.706451416, 277.948272705, 428.322174072, 200.247650146, 272.697387695, 206.506149292, 235.680618286, 173.390182495, 157.384841919, 103.462852478, 93.0178833008], [81.8899383545, 354.865661621, 280.965057373, 276.857513428, 200.247650146, 238.215759277, 175.815628052, 164.003265381, 147.512298584, 147.441955566, 115.395698547, 89.2697982788, 78.415222168], [-817.702514648, 58.8567123413, 296.693481445, 202.800888062, 272.697387695, 175.815628052, 287.263519287, 203.823547363, 194.595703125, 137.388504028, 129.681289673, 78.9923324585, 64.4843597412], [-411.279144287, 151.349853516, 266.265472412, 213.722091675, 206.506149292, 164.003265381, 203.823547363, 211.542526245, 176.195953369, 140.594436646, 109.368606567, 84.8541107178, 72.2352371216], [-652.77520752, 60.5849380493, 300.354278564, 185.741546631, 235.680618286, 147.512298584, 194.595703125, 176.195953369, 211.486373901, 153.306304932, 119.887275696, 83.7098236084, 82.0476608276], [-418.710021973, 166.563949585, 287.40057373, 208.518005371, 173.390182495, 147.441955566, 137.388504028, 140.594436646, 153.306304932, 175.130737305, 124.037185669, 93.2400817871, 81.5610656738], [-524.922546387, 47.4811782837, 305.713592529, 188.663742065, 157.384841919, 115.395698547, 129.681289673, 109.368606567, 119.887275696, 124.037185669, 145.855606079, 95.9410476685, 78.2209472656], [-298.084228516, 69.6527328491, 235.354629517, 153.189682007, 103.462852478, 89.2697982788, 78.9923324585, 84.8541107178, 83.7098236084, 93.2400817871, 95.9410476685, 113.970443726, 85.5002441406], [-213.631149292, 70.0482177734, 222.461471558, 136.409896851, 93.0178833008, 78.415222168, 64.4843597412, 72.2352371216, 82.0476608276, 81.5610656738, 78.2209472656, 85.5002441406, 109.364379883]], "icov": [[5.5914017139e-05, -4.93249608553e-05, 2.31203080148e-06, 0.000112327878014, 0.000101365301816, -0.000328508729581, 0.000196905632038, -0.000111191031465, 1.02585372588e-05, 0.000156244641403, -2.56405946857e-05, 5.04478703078e-05, -4.26449259976e-05], [-4.93249608553e-05, 0.000619865371846, 0.000197458124603, -0.000922590552364, 3.95964780182e-05, -0.000453466171166, 6.441858568e-05, 0.000129905165522, 0.000213387000258, -0.000547944975551, 0.000737143622246, 0.0001567099971, 2.21996397158e-05], [2.31203080148e-06, 0.000197458124603, 0.00168246834073, -0.00142735789996, -0.00076958083082, 0.000641939404886, 0.00024596133153, 0.000370153196855, -0.000298941740766, 1.75284276338e-05, -0.00115467957221, -0.000124988218886, -0.00082443311112], [0.000112327878014, -0.000922590552364, -0.00142735789996, 0.00561854569241, -0.000359587284038, -0.0028605510015, 0.00128602667246, -0.00225234939717, 0.00177357310895, 0.000379936682293, -0.00183653121348, -0.000194264968741, -0.000356441625627], [0.000101365301816, 3.95964780182e-05, -0.00076958083082, -0.000359587284038, 0.00869438238442, -0.00192766869441, -0.00426898198202, 0.0026475766208, -0.00588662177324, 0.000946649699472, 0.000182178322575, -0.000188159363461, 0.000669372442644], [-0.000328508729581, -0.000453466171166, 0.000641939404886, -0.0028605510015, -0.00192766869441, 0.0173423849046, -0.00484744599089, -0.00230411323719, 0.00232863915153, -0.00639562401921, 0.000328780850396, -0.000697583600413, -0.00117122847587], [0.000196905632038, 6.441858568e-05, 0.00024596133153, 0.00128602667246, -0.00426898198202, -0.00484744599089, 0.0194059833884, -0.0114893727005, -0.00372142810374, 0.00673606945202, -0.00741463480517, 0.00255392398685, 0.00256684655324], [-0.000111191031465, 0.000129905165522, 0.000370153196855, -0.00225234939717, 0.0026475766208, -0.00230411323719, -0.0114893727005, 0.0269881654531, -0.0111516490579, -0.0037642470561, 0.00595900416374, -0.00566830579191, 0.00144785374869], [1.02585372588e-05, 0.000213387000258, -0.000298941740766, 0.00177357310895, -0.00588662177324, 0.00232863915153, -0.00372142810374, -0.0111516490579, 0.0311468485743, -0.013153411448, 0.000162219119375, 0.00520598515868, -0.00656732358038], [0.000156244641403, -0.000547944975551, 1.75284276338e-05, 0.000379936682293, 0.000946649699472, -0.00639562401921, 0.00673606945202, -0.0037642470561, -0.013153411448, 0.0288633164018, -0.0115318074822, -0.00251023843884, 0.000994587666355], [-2.56405946857e-05, 0.000737143622246, -0.00115467957221, -0.00183653121348, 0.000182178322575, 0.000328780850396, -0.00741463480517, 0.00595900416374, 0.000162219119375, -0.0115318074822, 0.0302393976599, -0.0115681905299, 5.66530397919e-05], [5.04478703078e-05, 0.0001567099971, -0.000124988218886, -0.000194264968741, -0.000188159363461, -0.000697583600413, 0.00255392398685, -0.00566830579191, 0.00520598515868, -0.00251023843884, -0.0115681905299, 0.0320145823061, -0.0153954122216], [-4.26449259976e-05, 2.21996397158e-05, -0.00082443311112, -0.000356441625627, 0.000669372442644, -0.00117122847587, 0.00256684655324, 0.00144785374869, -0.00656732358038, 0.000994587666355, 5.66530397919e-05, -0.0153954122216, 0.0251491963863]]}, "spectral_contrast_coeffs": {"dmean": [0.0561159923673, 0.0416682437062, 0.0419841520488, 0.0334126241505, 0.0213823970407, 0.0198759287596], "dmean2": [0.0873932093382, 0.0659047439694, 0.0654184371233, 0.0563843362033, 0.035313244909, 0.0321021303535], "dvar": [0.00289118057117, 0.00130046531558, 0.00145320117008, 0.00121558073442, 0.000446652324172, 0.000667292275466], "dvar2": [0.00637826276943, 0.0033283198718, 0.00348980771378, 0.0030081148725, 0.00103143800516, 0.00139836256858], "max": [-0.272598654032, -0.396199703217, -0.369842112064, -0.363856196404, -0.501752972603, -0.56286662817], "mean": [-0.596113681793, -0.745281219482, -0.768829882145, -0.79867452383, -0.81783336401, -0.773202836514], "median": [-0.586253345013, -0.746444761753, -0.762502133846, -0.792803168297, -0.809958577156, -0.758006215096], "min": [-0.980053365231, -0.98763448, -0.997069597244, -0.99112701416, -0.968383431435, -0.966860949993], "var": [0.0190326999873, 0.0109947510064, 0.00718428753316, 0.00696429982781, 0.0038246747572, 0.00589910149574]}, "spectral_contrast_valleys": {"dmean": [0.578675985336, 0.507170319557, 0.554813921452, 0.582316577435, 0.513762354851, 0.477231442928], "dmean2": [0.893278956413, 0.793685495853, 0.835391402245, 0.898201644421, 0.766045331955, 0.670574486256], "dvar": [0.936002314091, 1.04540789127, 1.14427566528, 1.39988744259, 1.30920815468, 0.947201192379], "dvar2": [1.51261401176, 1.8868855238, 1.88357591629, 2.50772118568, 2.19045591354, 1.72741401196], "max": [-5.28774929047, -5.05539560318, -5.06477880478, -5.79585552216, -5.77901029587, -7.36367988586], "mean": [-9.17360019684, -8.20735740662, -8.84097957611, -9.46900272369, -9.