{"lowlevel": {"average_loudness": 0.877423226833, "barkbands_crest": {"dmean": 2.79015278816, "dmean2": 4.5999007225, "dvar": 6.81278514862, "dvar2": 17.6990909576, "max": 26.3972797394, "mean": 11.4600934982, "median": 10.6987495422, "min": 2.88767457008, "var": 18.1510868073}, "barkbands_flatness_db": {"dmean": 0.0286952443421, "dmean2": 0.0441122502089, "dvar": 0.000956639705691, "dvar2": 0.00203574006446, "max": 0.551344037056, "mean": 0.194397926331, "median": 0.183031216264, "min": 0.0240084398538, "var": 0.00718006631359}, "barkbands_kurtosis": {"dmean": 6.48258829117, "dmean2": 10.1536188126, "dvar": 110.115562439, "dvar2": 265.006164551, "max": 226.304260254, "mean": 13.1291704178, "median": 8.2800617218, "min": -1.87233459949, "var": 269.302947998}, "barkbands_skewness": {"dmean": 0.735064804554, "dmean2": 1.13988876343, "dvar": 0.566340744495, "dvar2": 1.31154704094, "max": 12.9618778229, "mean": 2.7096517086, "median": 2.51119709015, "min": -1.34105491638, "var": 2.2114303112}, "barkbands_spread": {"dmean": 4.34346532822, "dmean2": 6.73036670685, "dvar": 36.9432411194, "dvar2": 84.7256698608, "max": 86.5247192383, "mean": 13.5343666077, "median": 8.79932022095, "min": 0.198624849319, "var": 164.844833374}, "dissonance": {"dmean": 0.0244332551956, "dmean2": 0.0397286489606, "dvar": 0.00059849320678, "dvar2": 0.00150826608296, "max": 0.499999880791, "mean": 0.44163954258, "median": 0.452172517776, "min": 0.211892172694, "var": 0.00180214585271}, "dynamic_complexity": 2.81763792038, "erbbands_crest": {"dmean": 2.82274079323, "dmean2": 4.40323066711, "dvar": 7.04240942001, "dvar2": 16.7602367401, "max": 29.3321533203, "mean": 10.2606258392, "median": 9.20908927917, "min": 2.4526219368, "var": 23.8561668396}, "erbbands_flatness_db": {"dmean": 0.0198973044753, "dmean2": 0.028969520703, "dvar": 0.000552880519535, "dvar2": 0.00112981209531, "max": 0.429625421762, "mean": 0.175177887082, "median": 0.16317230463, "min": 0.0355450287461, "var": 0.00425720680505}, "erbbands_kurtosis": {"dmean": 1.49770057201, "dmean2": 2.35515403748, "dvar": 5.39700269699, "dvar2": 13.4669942856, "max": 47.6196289062, "mean": 1.67491650581, "median": 0.610348939896, "min": -1.87721276283, "var": 13.7604579926}, "erbbands_skewness": {"dmean": 0.409090220928, "dmean2": 0.636444926262, "dvar": 0.163263857365, "dvar2": 0.383508831263, "max": 6.17989063263, "mean": 0.958909571171, "median": 0.941325724125, "min": -1.66005551815, "var": 0.814503788948}, "erbbands_spread": {"dmean": 8.43098163605, "dmean2": 12.6870012283, "dvar": 83.3643112183, "dvar2": 169.101287842, "max": 127.451385498, "mean": 38.0761528015, "median": 33.4960174561, "min": 2.64355826378, "var": 441.721099854}, "hfc": {"dmean": 5.63482761383, "dmean2": 8.80449867249, "dvar": 120.372688293, "dvar2": 318.692352295, "max": 190.953445435, "mean": 14.3237266541, "median": 10.5274848938, "min": 3.88810913137e-05, "var": 187.304885864}, "melbands_crest": {"dmean": 3.43305468559, "dmean2": 5.5498585701, "dvar": 9.2481174469, "dvar2": 23.8984260559, "max": 33.35338974, "mean": 16.2240924835, "median": 15.9161586761, "min": 5.03547954559, "var": 26.1382083893}, "melbands_flatness_db": {"dmean": 0.0336079150438, "dmean2": 0.0516887791455, "dvar": 0.00129394815303, "dvar2": 0.00272754905745, "max": 0.708418667316, "mean": 0.283338576555, "median": 0.271975785494, "min": 0.0567149184644, "var": 0.0103770243004}, "melbands_kurtosis": {"dmean": 11.5733537674, "dmean2": 18.2951374054, "dvar": 312.254638672, "dvar2": 727.660766602, "max": 535.536560059, "mean": 25.5134677887, "median": 16.9793682098, "min": -1.08586609364, "var": 793.260620117}, "melbands_skewness": {"dmean": 0.910991072655, "dmean2": 1.40782117844, "dvar": 0.765818059444, "dvar2": 1.73122251034, "max": 16.1513271332, "mean": 3.55439114571, "median": 3.28275108337, "min": -1.02593040466, "var": 3.22008872032}, "melbands_spread": {"dmean": 4.28403902054, "dmean2": 6.82774829865, "dvar": 42.7863731384, "dvar2": 102.449935913, "max": 149.860549927, "mean": 11.7109975815, "median": 8.18620586395, "min": 0.362267047167, "var": 152.724243164}, "pitch_salience": {"dmean": 0.0868145003915, "dmean2": 0.14421902597, "dvar": 0.00703214295208, "dvar2": 0.0187064372003, "max": 0.877887248993, "mean": 0.534521818161, "median": 0.541443169117, "min": 0.0755932182074, "var": 0.015869775787}, "silence_rate_20dB": {"dmean": 0, "dmean2": 0, "dvar": 0, "dvar2": 0, "max": 1, "mean": 1, "median": 1, "min": 1, "var": 0}, "silence_rate_30dB": {"dmean": 0.0233427770436, "dmean2": 0.0466908439994, "dvar": 0.0227982848883, "dvar2": 0.0608266107738, "max": 1, "mean": 0.984364390373, "median": 1, "min": 0, "var": 0.0153908552602}, "silence_rate_60dB": {"dmean": 0.0163172800094, "dmean2": 0.0325249321759, "dvar": 0.0160514917225, "dvar2": 0.0375886708498, "max": 1, "mean": 0.0354634039104, "median": 0, "min": 0, "var": 0.0342034548521}, "spectral_centroid": {"dmean": 195.526565552, "dmean2": 311.749450684, "dvar": 76704.296875, "dvar2": 189298.15625, "max": 3540.06591797, "mean": 818.327392578, "median": 594.003356934, "min": 113.41721344, "var": 352843.71875}, "spectral_complexity": {"dmean": 3.51274776459, "dmean2": 5.27833175659, "dvar": 28.7695293427, "dvar2": 57.828212738, "max": 58, "mean": 13.9946746826, "median": 11, "min": 0, "var": 80.9292678833}, "spectral_decrease": {"dmean": 3.87834031557e-09, "dmean2": 6.15779693902e-09, "dvar": 2.8405276356e-17, "dvar2": 6.52058932988e-17, "max": -1.37069751437e-15, "mean": -1.06867856786e-08, "median": -8.17931322672e-09, "min": -5.94380260566e-08, "var": 8.17793369915e-17}, "spectral_energy": {"dmean": 0.0150174079463, "dmean2": 0.0238335970789, "dvar": 0.000424156052759, "dvar2": 0.000977272517048, "max": 0.226507782936, "mean": 0.0416334681213, "median": 0.0322824269533, "min": 8.69996075181e-09, "var": 0.00119859422557}, "spectral_energyband_high": {"dmean": 0.00031667354051, "dmean2": 0.000487037497805, "dvar": 7.2816607144e-07, "dvar2": 1.89042884813e-06, "max": 0.0177861861885, "mean": 0.000568502349779, "median": 0.000154037086759, "min": 1.86800241941e-09, "var": 1.17787919862e-06}, "spectral_energyband_low": {"dmean": 0.00838501192629, "dmean2": 0.0133602553979, "dvar": 0.000231235579122, "dvar2": 0.000547400792129, "max": 0.1895878613, "mean": 0.0185453537852, "median": 0.00427632685751, "min": 4.64062607786e-11, "var": 0.000577719009016}, "spectral_energyband_middle_high": {"dmean": 0.000854979210999, "dmean2": 0.00141686922871, "dvar": 3.06131960315e-06, "dvar2": 8.25235656521e-06, "max": 0.0176816284657, "mean": 0.00168255844619, "median": 0.00105003279168, "min": 3.69771191444e-09, "var": 3.92531319449e-06}, "spectral_energyband_middle_low": {"dmean": 0.00829494185746, "dmean2": 0.0135847469792, "dvar": 0.000159834948136, "dvar2": 0.000408860069001, "max": 0.179030314088, "mean": 0.0179636776447, "median": 0.0120656751096, "min": 1.85941928521e-09, "var": 0.000283298111754}, "spectral_entropy": {"dmean": 0.209258183837, "dmean2": 0.317722737789, "dvar": 0.0647271350026, "dvar2": 0.143689736724, "max": 8.58399677277, "mean": 7.1396856308, "median": 7.21381950378, "min": 4.57416391373, "var": 0.455281466246}, "spectral_flux": {"dmean": 0.0351519025862, "dmean2": 0.0554593019187, "dvar": 0.00186888268217, "dvar2": 0.00407255673781, "max": 0.395019352436, "mean": 0.0911274850368, "median": 0.0771518424153, "min": 9.32735783863e-05, "var": 0.00350254308432}, "spectral_kurtosis": {"dmean": 3.66574430466, "dmean2": 6.03110980988, "dvar": 39.0722846985, "dvar2": 101.073768616, "max": 131.041061401, "mean": 9.232462883, "median": 5.01491737366, "min": -1.259344697, "var": 131.496231079}, "spectral_rms": {"dmean": 0.00111456681043, "dmean2": 0.00171409163158, "dvar": 1.80633946911e-06, "dvar2": 3.73115130969e-06, "max": 0.0148655036464, "mean": 0.0057723983191, "median": 0.00561204459518, "min": 2.91337732961e-06, "var": 7.29758130547e-06}, "spectral_rolloff": {"dmean": 334.319091797, "dmean2": 570.276062012, "dvar": 644742.375, "dvar2": 1549361, "max": 13393.6523438, "mean": 788.544189453, "median": 495.263671875, "min": 43.06640625, "var": 1372805.625}, "spectral_skewness": {"dmean": 0.357529878616, "dmean2": 0.569886445999, "dvar": 0.222128495574, "dvar2": 0.536367416382, "max": 8.69965934753, "mean": 2.05978608131, "median": 1.86191785336, "min": 0.0460532456636, "var": 1.15296983719}, "spectral_spread": {"dmean": 530961.125, "dmean2": 802672.3125, "dvar": 537065455616, "dvar2": 990934794240, "max": 14182816, "mean": 4339773.5, "median": 4181328.25, "min": 584781.125, "var": 4514326773760.0}, "spectral_strongpeak": {"dmean": 0.333480924368, "dmean2": 0.564833939075, "dvar": 0.221624940634, "dvar2": 0.537342011929, "max": 7.20161533356, "mean": 0.584864258766, "median": 0.360163211823, "min": 0, "var": 0.456408768892}, "zerocrossingrate": {"dmean": 0.00859015341848, "dmean2": 0.00974858179688, "dvar": 0.000118749798276, "dvar2": 0.000138813265949, "max": 0.27685546875, "mean": 0.0406314060092, "median": 0.029296875, "min": 0.00146484375, "var": 0.00125332619064}, "barkbands": {"dmean": [0.00230313534848, 0.00642435718328, 0.00233153090812, 0.00213023787364, 0.00499779125676, 0.00138692371547, 0.00113002606668, 0.00138168188278, 0.000434786488768, 0.00018019413983, 6.58690187265e-05, 0.000162806376466, 0.000136051792651, 9.05220149434e-05, 0.000146728212712, 6.17324621999e-05, 9.99704207061e-05, 0.000118953175843, 0.000136740869493, 8.68600691319e-05, 0.000101159886981, 6.48184868624e-05, 3.83823062293e-05, 3.42245548381e-05, 2.55253798969e-05, 2.65608632617e-05, 1.41575101225e-05], "dmean2": [0.00342101044953, 0.010360523127, 0.00394038902596, 0.00359258707613, 0.00858338456601, 0.00218025711365, 0.00185504066758, 0.00207373849116, 0.000701464421581, 0.000283731991658, 0.000102317113488, 0.000266539340373, 0.000226736738114, 0.000152232532855, 0.000249108154094, 0.000102633435745, 0.000175325709279, 0.000214069805224, 0.000242644397076, 0.000139776122523, 0.000175411390956, 0.000106396430056, 6.22708976152e-05, 5.25755058334e-05, 3.73049952032e-05, 4.06855142501e-05, 2.255254185e-05], "dvar": [4.09460335504e-05, 0.000146367048728, 2.85758251266e-05, 1.43663019117e-05, 8.70815856615e-05, 5.48049683857e-06, 1.48688550325e-05, 6.95442940923e-06, 2.73872456091e-06, 2.77721341035e-07, 3.40631913787e-08, 1.69210181866e-07, 5.74617047278e-08, 4.07051601314e-08, 7.54378319812e-08, 1.58853588061e-08, 7.30974676344e-08, 8.49672971981e-08, 1.61452632597e-07, 5.63027491296e-08, 1.0794396843e-07, 2.63659476474e-08, 1.46695526837e-08, 1.29984689679e-08, 1.19085985517e-08, 1.51069450283e-08, 2.60953414433e-09], "dvar2": [8.07057585916e-05, 0.000371808971977, 7.85016673035e-05, 3.92808760807e-05, 0.000236772757489, 1.31736187541e-05, 3.80994242732e-05, 1.69313752849e-05, 7.53815356802e-06, 6.27664860531e-07, 7.98789514533e-08, 3.89332512896e-07, 1.51678548832e-07, 1.06859204152e-07, 2.02848951858e-07, 4.17676560005e-08, 2.05400596087e-07, 2.48196187158e-07, 4.81011397824e-07, 1.4863887543e-07, 3.08465587295e-07, 7.09835958901e-08, 3.51654136921e-08, 2.90934139002e-08, 2.43563942348e-08, 3.73712865098e-08, 6.33397956307e-09], "max": [0.0836126506329, 0.11840942502, 0.0702222362161, 0.0498340725899, 0.110470801592, 0.0445152968168, 0.144695490599, 0.0508697628975, 0.0393923893571, 0.0177425164729, 0.0067259692587, 0.0127758001909, 0.00449831364676, 0.00405145343393, 0.00369290611707, 0.00137628836092, 0.00299535295926, 0.0030201296322, 0.00406213570386, 0.00389592768624, 0.00372987566516, 0.00237926957197, 0.00392216863111, 0.003926564008, 0.00400401139632, 0.00373908155598, 0.000840717751998], "mean": [0.00632808031514, 0.0112280994654, 0.00396585743874, 0.00277370098047, 0.00717224134132, 0.00278364494443, 0.00180844881106, 0.00256286934018, 0.000672740396112, 0.000310943869408, 8.78175051184e-05, 0.000223782772082, 0.000210459067603, 0.00011288200767, 0.000206382712349, 0.000101419725979, 0.000127393039293, 0.000159778253874, 0.000163514370797, 0.000150344625581, 0.000139804295031, 0.000100429089798, 6.96446222719e-05, 6.47252018098e-05, 4.66264245915e-05, 4.13969901274e-05, 2.05840115086e-05], "median": [0.000139030977152, 0.00138604757376, 0.000773218867835, 0.00156312785111, 0.0034943446517, 0.00110463076271, 0.000900385552086, 0.0012832734501, 0.000231494545005, 9.33729679673e-05, 3.13799246214e-05, 8.94129334483e-05, 0.000112603716843, 4.82402538182e-05, 9.36859360081e-05, 4.09481945098e-05, 4.72006722703e-05, 5.87714966969e-05, 3.25142791553e-05, 2.73073746939e-05, 2.0748739189e-05, 1.77777419594e-05, 1.89024813153e-05, 1.43313964145e-05, 8.570477803e-06, 1.83595977887e-06, 9.17187321647e-07], "min": [3.77735646581e-12, 7.71052492687e-12, 2.72228142806e-11, 1.75373396361e-11, 1.49424101564e-11, 2.1230380301e-11, 2.63140464279e-11, 4.67746619215e-10, 1.14223885905e-09, 2.77140643767e-10, 6.83806955504e-10, 1.14767015336e-10, 4.31952362767e-10, 1.03834274512e-09, 2.34953334566e-10, 7.33492641625e-11, 1.37186206839e-10, 2.62072086255e-10, 1.1724400617e-10, 3.39957811901e-10, 7.13122130791e-11, 3.53372400785e-11, 7.96911078793e-11, 7.67487809417e-11, 9.44356259858e-11, 2.08887213082e-10, 1.76452380485e-10], "var": [0.000168592945556, 0.000269484618912, 4.2322997615e-05, 1.42693252201e-05, 0.000106406558189, 1.76867233677e-05, 1.99824680749e-05, 1.51042213474e-05, 2.97242831948e-06, 5.03717785705e-07, 4.3902755209e-08, 2.78496401052e-07, 8.44743510697e-08, 4.44893579754e-08, 1.03023822362e-07, 2.38861641577e-08, 6.29315124456e-08, 8.79346231386e-08, 1.30339373072e-07, 8.73904113519e-08, 1.06212041828e-07, 3.9530139162e-08, 3.72652415592e-08, 3.40809620525e-08, 2.97598639065e-08, 1.93439060325e-08, 3.70231734159e-09]}, "erbbands": {"dmean": [0.199344471097, 1.45874273777, 2.66296553612, 4.87380504608, 12.9085769653, 17.8206672668, 18.3250923157, 7.9200797081, 11.6053686142, 19.390630722, 35.4286193848, 11.6522083282, 6.74809551239, 4.30130434036, 2.417730093, 7.81820011139, 6.06104278564, 4.94590425491, 7.97491168976, 4.06414604187, 3.24252963066, 5.71594762802, 6.63509845734, 5.99727392197, 6.69975233078, 4.58094739914, 3.90007781982, 3.97628188133, 2.51278972626, 1.58028590679, 1.01838576794, 0.809405624866, 0.541836261749, 0.347942888737, 0.163267493248, 0.102897182107, 0.0523606203496, 0.0143338423222, 0.00273640593514, 0.000122090568766], "dmean2": [0.317471832037, 2.36765027046, 4.44150829315, 8.24681091309, 22.0685997009, 31.0243682861, 29.1334571838, 13.0009460449, 18.8438205719, 31.9823493958, 52.7676773071, 18.1574878693, 10.3728313446, 7.1567940712, 3.77107214928, 12.7797317505, 10.0821647644, 8.2681760788, 13.546505928, 6.79272270203, 5.36157417297, 10.174495697, 11.9519224167, 10.8061733246, 11.8585538864, 7.55007362366, 6.85701751709, 6.66570711136, 4.14841222763, 2.60561156273, 1.62496399879, 1.27540898323, 0.801411211491, 0.504884004593, 0.246769398451, 0.161204829812, 0.0817890763283, 0.0225888639688, 0.00438716076314, 0.000191592509509], "dvar": [0.139326512814, 7.97614622116, 37.0226402283, 86.6667709351, 747.65057373, 1291.30249023, 1440.42553711, 196.197341919, 633.627563477, 5418.77050781, 5284.93212891, 1462.15942383, 590.281616211, 125.003707886, 34.0983200073, 391.742645264, 110.997283936, 108.181755066, 201.056915283, 79.3771820068, 37.9854278564, 287.150360107, 265.644989014, 312.85333252, 364.068389893, 177.679748535, 128.002243042, 171.465911865, 42.6299819946, 17.7786426544, 13.0243148804, 8.54295444489, 3.22546076775, 2.35173177719, 0.434259444475, 0.201207205653, 0.0605403110385, 0.003111703787, 0.000104788057797, 1.46852130456e-07], "dvar2": [0.346790403128, 20.4906158447, 98.4504852295, 242.121520996, 1879.21057129, 3731.37255859, 3512.54638672, 512.488830566, 1630.10046387, 13602.3466797, 12841.0058594, 3812.52856445, 1390.0760498, 320.761322021, 73.414024353, 905.12310791, 290.286376953, 281.331542969, 545.556884766, 200.891876221, 96.1576385498, 823.179504395, 788.385070801, 921.465270996, 1073.38879395, 473.479614258, 363.710479736, 482.233459473, 119.344711304, 45.9044570923, 32.1383323669, 20.5803890228, 6.99306917191, 4.64288377762, 1.01722276211, 0.495044201612, 0.151647344232, 0.00727870455012, 0.000261885725195, 3.62985588254e-07], "max": [3.79087686539, 32.4284973145, 86.3523101807, 99.9535446167, 289.984191895, 568.749267578, 664.148376465, 279.932861328, 671.776062012, 3138.36401367, 1367.53222656, 985.127319336, 583.952453613, 398.372802734, 148.714752197, 644.641296387, 192.849685669, 228.30657959, 183.048690796, 138.66027832, 71.875541687, 181.956039429, 154.712600708, 177.840194702, 199.345031738, 247.259384155, 151.204788208, 140.777679443, 99.521697998, 108.997291565, 121.692337036, 116.59627533, 64.4478607178, 56.0559463501, 22.2918071747, 12.0691289902, 8.06441879272, 1.14441657066, 0.161452099681, 0.00987969897687], "mean": [0.383306324482, 2.32085633278, 4.66371822357, 7.57032585144, 15.4546318054, 25.1053657532, 34.2059783936, 14.0276918411, 21.1772537231, 30.5608634949, 64.6153106689, 21.1476840973, 12.4224882126, 6.03101301193, 3.64840102196, 11.0431776047, 9.63131523132, 7.44549131393, 11.1544885635, 6.56151866913, 5.74916315079, 7.0708527565, 8.75579166412, 7.60555171967, 8.54440498352, 7.39273881912, 5.86290121078, 5.4738779068, 3.84546375275, 2.45708012581, 1.92545223236, 1.50472521782, 0.966271281242, 0.621658086777, 0.28342717886, 0.159844428301, 0.0818163231015, 0.0209178514779, 0.00369800115004, 0.000230442761676], "median": [0.0462389215827, 0.317484438419, 0.786372065544, 4.71282482147, 8.86330223083, 10.4052352905, 8.28347873688, 7.37658548355, 11.6832923889, 14.4139003754, 30.7641410828, 9.2370262146, 3.91381978989, 2.82739281654, 1.48683702946, 4.51518821716, 5.29235839844, 3.93763756752, 5.00747871399, 3.23131895065, 2.62685966492, 2.47382855415, 3.43510079384, 2.10484600067, 1.70789003372, 1.24881148338, 0.813387811184, 0.789174735546, 0.655720829964, 0.635140895844, 0.497055709362, 0.332651257515, 0.218166947365, 0.13161984086, 0.0403614342213, 0.0104965753853, 0.00331365223974, 0.00115832430311, 0.000180116039701, 6.59192883177e-05], "min": [1.01546403231e-10, 2.55594745369e-09, 2.52175560433e-08, 5.15136804324e-08, 6.6141282673e-08, 3.77723381462e-08, 4.98842140928e-08, 2.2806909783e-07, 4.9431696425e-07, 1.13718090233e-06, 1.84340024134e-05, 2.89764866466e-05, 1.43230199683e-05, 1.53149685502e-05, 2.12020113395e-05, 7.27339238438e-06, 2.26096217375e-05, 5.96470854362e-05, 1.93575069716e-05, 7.03598607288e-06, 2.65025505541e-06, 1.18631814985e-05, 1.37968117997e-05, 4.61166655441e-06, 6.47657043373e-06, 1.62242249644e-05, 4.89415378979e-06, 1.7722342136e-06, 1.08668723442e-06, 1.63413835708e-06, 2.54324254456e-06, 2.03120225706e-06, 9.35782907163e-07, 8.59811279952e-07, 7.81843425557e-07, 6.71633529237e-07, 3.84792286923e-07, 1.31255319502e-07, 3.38611734207e-08, 3.35799343887e-09], "var": [0.327473253012, 12.7009963989, 54.8063545227, 89.458190918, 671.759887695, 1732.99926758, 4336.95068359, 314.00177002, 1178.80358887, 6415.52685547, 10794.9609375, 1871.13378906, 853.302734375, 172.789215088, 52.9806137085, 652.222106934, 166.587783813, 138.662628174, 276.5262146, 113.239585876, 61.8806991577, 227.223876953, 256.860198975, 260.4921875, 324.67364502, 232.328262329, 159.486419678, 168.955886841, 60.2969474792, 28.5009784698, 32.3004837036, 19.7700309753, 8.37405109406, 6.28453683853, 0.824863135815, 0.257634609938, 0.0783582627773, 0.0042984909378, 0.000128233121359, 3.49787768528e-07]}, "gfcc": {"mean": [-32.2362709045, 115.661308289, -93.1321868896, 23.0978393555, -52.2931861877, -4.71889162064, -38.9879608154, -1.15397953987, -13.2004213333, -0.381050676107, -10.4495697021, -11.4191131592, -18.0534076691], "cov": [[6725.11914062, -2738.53271484, 436.089996338, 639.801574707, -753.115783691, 520.481628418, -56.7232666016, 402.743377686, -287.768585205, 357.352020264, -437.741241455, 281.503448486, 78.960319519], [-2738.53271484, 2896.48413086, -319.076660156, -193.637207031, 747.423522949, -138.059402466, 181.191131592, -168.781723022, 355.375274658, -280.341491699, 371.687774658, -204.736434937, 50.670135498], [436.089996338, -319.076660156, 1014.83081055, -135.545669556, 284.550537109, 347.440765381, 125.049690247, 251.074188232, 118.896018982, 239.222244263, -11.2353506088, 152.065170288, 22.6638202667], [639.801574707, -193.637207031, -135.545669556, 792.704589844, -36.1322555542, 91.96534729, 160.052276611, 20.586359024, -0.534468829632, -5.84270334244, 5.38807439804, -19.6004047394, 54.981426239], [-753.115783691, 747.423522949, 284.550537109, -36.1322555542, 588.859619141, 86.3250274658, 182.928207397, 77.6732406616, 143.133499146, -9.74431610107, 100.448898315, 14.705537796, 11.0070724487], [520.481628418, -138.059402466, 347.440765381, 91.96534729, 86.3250274658, 414.42477417, 151.312011719, 216.441696167, 174.801376343, 159.56892395, 19.0531654358, 74.3034896851, 62.8711128235], [-56.7232666016, 181.191131592, 125.049690247, 160.052276611, 182.928207397, 151.312011719, 346.039916992, 159.920715332, 158.63218689, 126.921401978, 40.1887321472, 28.8091239929, 40.9230232239], [402.743377686, -168.781723022, 251.074188232, 20.586359024, 77.6732406616, 216.441696167, 159.920715332, 270.098571777, 161.103668213, 149.223190308, -26.5531253815, 34.9927978516, 15.4388971329], [-287.768585205, 355.375274658, 118.896018982, -0.534468829632, 143.133499146, 174.801376343, 158.63218689, 161.103668213, 303.564849854, 130.859695435, 75.974395752, -38.834728241, 18.8653621674], [357.352020264, -280.341491699, 239.222244263, -5.84270334244, -9.74431610107, 159.56892395, 126.921401978, 149.223190308, 130.859695435, 303.145111084, 23.5250587463, 56.6556053162, 14.2325572968], [-437.741241455, 371.687774658, -11.2353506088, 5.38807439804, 100.448898315, 19.0531654358, 40.1887321472, -26.5531253815, 75.974395752, 23.5250587463, 162.581100464, 20.7902812958, 23.1286182404], [281.503448486, -204.736434937, 152.065170288, -19.6004047394, 14.705537796, 74.3034896851, 28.8091239929, 34.9927978516, -38.834728241, 56.6556053162, 20.7902812958, 148.973403931, 47.7905578613], [78.960319519, 50.670135498, 22.6638202667, 54.981426239, 11.0070724487, 62.8711128235, 40.9230232239, 15.4388971329, 18.8653621674, 14.2325572968, 23.1286182404, 47.7905578613, 97.5745697021]], "icov": [[0.000344321975717, 2.19746780203e-05, 2.96732541756e-05, -0.000282756460365, 0.000211182006751, -0.000314382079523, 0.000294057477731, -0.000479788170196, 0.000412345427321, -0.000282151857391, 0.000536982959602, -0.000357185403118, 2.81283564618e-06], [2.19746780203e-05, 0.00166272814386, 0.000372825423256, 0.000637688848656, -0.00147280527744, 0.000141093143611, -0.000649940862786, 0.0010655092774, -0.00145776662976, 0.00138693931513, -0.00204687402584, 0.00173526490107, -0.00143310846761], [2.96732541756e-05, 0.000372825423256, 0.00242673535831, 0.000395337498048, -0.00168352946639, -0.00135944527574, 0.000637344492134, -0.000361028040061, 0.00029120806721, -0.00104185543023, 0.000450998166343, -0.000833562167827, 0.000248660100624], [-0.000282756460365, 0.000637688848656, 0.000395337498048, 0.00222533964552, -0.00050894333981, -0.000512675847858, -0.00171491026413, 0.000947442662437, 9.17704892345e-05, 0.000924608903006, -0.00156730483286, 0.00200893147849, -0.00125606823713], [0.000211182006751, -0.00147280527744, -0.00168352946639, -0.00050894333981, 0.00488911522552, 0.000254185899394, -0.00118086242583, -0.00115903082769, 0.000642623752356, 0.00070025556488, 0.000450331805041, -0.00157960993238, 0.00167561939452], [-0.000314382079523, 0.000141093143611, -0.00135944527574, -0.000512675847858, 0.000254185899394, 0.00654596323147, -6.2704211814e-06, -0.00197880156338, -0.00283176335506, 0.000662015285343, -0.000855532998685, -0.000933942443226, -0.00203382247128], [0.000294057477731, -0.000649940862786, 0.000637344492134, -0.00171491026413, -0.00118086242583, -6.2704211814e-06, 0.00694345263764, -0.00312302238308, -0.000165064440807, -0.00255343085155, 0.00163674587384, -0.00199671182781, -0.00036851366167], [-0.000479788170196, 0.0010655092774, -0.000361028040061, 0.000947442662437, -0.00115903082769, -0.00197880156338, -0.00312302238308, 0.0129218855873, -0.00614247331396, 0.00036091322545, 0.00284393224865, -0.000909928814508, 0.000962434569374], [0.000412345427321, -0.00145776662976, 0.00029120806721, 9.17704892345e-05, 0.000642623752356, -0.00283176335506, -0.000165064440807, -0.00614247331396, 0.0129458326846, -0.00377485575154, -0.00262375944294, 0.00517946807668, -0.000770039798226], [-0.000282151857391, 0.00138693931513, -0.00104185543023, 0.000924608903006, 0.00070025556488, 0.000662015285343, -0.00255343085155, 0.00036091322545, -0.00377485575154, 0.00820685829967, -0.00328156049363, -3.38109020959e-05, 6.45081599941e-05], [0.000536982959602, -0.00204687402584, 0.000450998166343, -0.00156730483286, 0.000450331805041, -0.000855532998685, 0.00163674587384, 0.00284393224865, -0.00262375944294, -0.00328156049363, 0.0146003533155, -0.00714633241296, 0.00179610762279], [-0.000357185403118, 0.00173526490107, -0.000833562167827, 0.00200893147849, -0.00157960993238, -0.000933942443226, -0.00199671182781, -0.000909928814508, 0.00517946807668, -3.38109020959e-05, -0.00714633241296, 0.0168210975826, -0.00733035570011], [2.81283564618e-06, -0.00143310846761, 0.000248660100624, -0.00125606823713, 0.00167561939452, -0.00203382247128, -0.00036851366167, 0.000962434569374, -0.000770039798226, 6.45081599941e-05, 0.00179610762279, -0.00733035570011, 0.01606827043]]}, "melbands": {"dmean": [0.00181411381345, 0.00150434765965, 0.0010261075804, 0.00112184567843, 0.000646179134492, 0.000198097055545, 0.00019603909459, 0.000200133494218, 0.000277161278063, 6.47823835607e-05, 3.28751812049e-05, 1.77306701516e-05, 7.58958185543e-06, 1.79704475158e-05, 1.38483037517e-05, 1.50446021507e-05, 9.25371568883e-06, 1.19446604003e-05, 9.13095573196e-06, 4.69365113531e-06, 3.87111595046e-06, 6.24409449301e-06, 5.54901680516e-06, 6.30032855042e-06, 4.81201414004e-06, 5.47957597519e-06, 3.81005133931e-06, 3.13581631417e-06, 2.30746809393e-06, 2.6578870802e-06, 2.38539837483e-06, 1.63161564615e-06, 1.00633747024e-06, 8.59184808633e-07, 6.06063451869e-07, 5.55539543257e-07, 5.08877121774e-07, 3.94522601255e-07, 3.74249538027e-07, 2.86772149138e-07], "dmean2": [0.00290532596409, 0.00243570958264, 0.00174123956822, 0.0019265874289, 0.00106655980926, 0.000319298909744, 0.000318658072501, 0.000327218876919, 0.000412059598602, 0.000102289050119, 5.07100412506e-05, 2.97407732432e-05, 1.16500441436e-05, 2.95301633741e-05, 2.26032243518e-05, 2.51698656939e-05, 1.56558817253e-05, 2.02566789085e-05, 1.54635727085e-05, 7.69273174228e-06, 6.43729299554e-06, 1.10871269499e-05, 9.91142314888e-06, 1.14091462819e-05, 8.69979976414e-06, 9.66858715401e-06, 6.76227045915e-06, 5.17310854775e-06, 4.04462980441e-06, 4.68473217552e-06, 4.05244418289e-06, 2.73852037935e-06, 1.6638824718e-06, 1.43694876442e-06, 9.82322717391e-07, 8.96372341685e-07, 8.10005133189e-07, 5.8637363054e-07, 5.78232231874e-07, 4.21967314423e-07], "dvar": [1.11594990813e-05, 9.85758015304e-06, 3.33217712978e-06, 4.6772506721e-06, 1.83099837159e-06, 1.07186764353e-07, 2.54611251194e-07, 4.47996768571e-07, 3.3342740835e-07, 6.00421472541e-08, 1.4381196678e-08, 2.19829421333e-09, 4.12184453236e-10, 2.26822827187e-09, 8.97883656314e-10, 7.41312566888e-10, 4.34845964792e-10, 4.26794932729e-10, 3.78360731634e-10, 9.1624569043e-11, 4.95698100622e-11, 3.31393329445e-10, 1.97205460295e-10, 2.33809416272e-10, 2.115255332e-10, 2.07134059904e-10, 1.22784046819e-10, 7.97211324732e-11, 3.89666250655e-11, 6.35391184112e-11, 6.45797443299e-11, 1.8259380119e-11, 6.55421203422e-12, 5.61150952094e-12, 4.96325897048e-12, 4.06066456501e-12, 3.6576757248e-12, 1.63940714303e-12, 2.20528803552e-12, 1.85366088798e-12], "dvar2": [2.75871298072e-05, 2.52578793152e-05, 8.7777061708e-06, 1.2597794921e-05, 4.76561990581e-06, 2.76890062878e-07, 6.54738130379e-07, 1.12329507829e-06, 8.14786801584e-07, 1.56556154707e-07, 3.37596937072e-08, 5.71609914957e-09, 9.02947994152e-10, 5.16745490842e-09, 2.18334417212e-09, 1.93961424699e-09, 1.15063680806e-09, 1.15104070719e-09, 9.95916571433e-10, 2.33848468367e-10, 1.22546042758e-10, 9.3966323611e-10, 5.79430281533e-10, 6.89105161822e-10, 6.16475870352e-10, 6.22988549637e-10, 3.48831297181e-10, 2.09008893526e-10, 1.08702782886e-10, 1.80442147335e-10, 1.82076381749e-10, 5.21743377668e-11, 1.70399232918e-11, 1.43686972043e-11, 1.25674939205e-11, 1.01745348258e-11, 9.03214655845e-12, 3.56540513259e-12, 5.09173085639e-12, 3.78929613382e-12], "max": [0.0330416932702, 0.0464148372412, 0.0213321894407, 0.023112853989, 0.021381419152, 0.00587282050401, 0.0144429262727, 0.0281744860113, 0.0103210872039, 0.00630486523733, 0.00290247541852, 0.00154299789574, 0.000474983738968, 0.00148313492537, 0.00079070078209, 0.000582161010243, 0.00048009850434, 0.000276786624454, 0.000262641988229, 0.000137893497595, 8.67871713126e-05, 0.000196614244487, 0.000144522928167, 0.00017672899412, 0.00015522785543, 0.000142165750731, 0.000125672260765, 0.000180236776941, 9.34126946959e-05, 8.97968129721e-05, 9.16101780604e-05, 7.09015657776e-05, 3.77495671273e-05, 7.0253488957e-05, 7.4777417467e-05, 6.99213051121e-05, 7.23585035303e-05, 4.93012812512e-05, 5.57716994081e-05, 5.15517058375e-05], "mean": [0.00347301433794, 0.00268808170222, 0.00151566951536, 0.00145666149911, 0.0011679388117, 0.000368431792594, 0.00035129065509, 0.000338825484505, 0.00049698719522, 0.000106155806861, 5.84812478337e-05, 2.35226216319e-05, 1.05059843918e-05, 2.46243525908e-05, 2.09153313335e-05, 2.28677290579e-05, 1.22837018353e-05, 1.64933771885e-05, 1.29589625431e-05, 7.53690619604e-06, 6.53592269373e-06, 7.39342340239e-06, 7.00355394656e-06, 8.31990291772e-06, 5.71199507249e-06, 6.46440639684e-06, 5.29806357008e-06, 4.88831756229e-06, 3.52638244294e-06, 3.54960820914e-06, 3.13575196742e-06, 2.36205778492e-06, 1.55108216404e-06, 1.28901831431e-06, 1.11271708647e-06, 9.95162963591e-07, 8.92222033144e-07, 6.74365082887e-07, 6.21538617906e-07, 4.87068803068e-07], "median": [0.000420490221586, 0.000433236244135, 0.000912466784939, 0.000742097035982, 0.000311270763632, 0.000186420598766, 0.000190936028957, 0.00016367121134, 0.000234199949773, 3.5432203731e-05, 1.69269769685e-05, 1.0299620044e-05, 3.70231373381e-06, 9.77747731667e-06, 1.00832085081e-05, 1.2401582353e-05, 5.82568736718e-06, 7.39034294384e-06, 6.0960146584e-06, 2.98653617392e-06, 2.97134511129e-06, 2.51040637522e-06, 2.64237905867e-06, 2.92883237307e-06, 1.38195764521e-06, 1.19953620015e-06, 1.18190246212e-06, 7.09586515768e-07, 4.62602827156e-07, 4.76069772049e-07, 4.20806770762e-07, 3.74947688897e-07, 3.07376325281e-07, 3.48327915844e-07, 2.90081317189e-07, 2.19147494818e-07, 1.88544305502e-07, 1.37230045993e-07, 1.4152725214e-07, 9.43495948036e-08], "min": [1.62907393738e-12, 9.99206186542e-12, 9.53637602913e-12, 3.97320544521e-12, 1.53839582132e-12, 5.19922299658e-12, 6.62507678925e-12, 2.02050494391e-11, 1.80188919341e-10, 1.67334340828e-10, 6.4573464631e-11, 2.54841391045e-11, 7.25708659832e-11, 1.52440664258e-11, 3.19887449862e-11, 5.31338931187e-11, 1.11214676357e-10, 2.91182182532e-11, 1.68026235287e-11, 7.39410876277e-12, 1.00073963873e-12, 1.1057954899e-11, 1.80225088325e-11, 7.1911864484e-12, 3.17635566287e-12, 3.80782905207e-12, 4.62027508266e-12, 6.383183912e-12, 2.42989677858e-12, 1.57447503386e-12, 8.6325543068e-13, 6.02695302519e-13, 6.71199098905e-13, 7.07840307635e-13, 1.11163736636e-12, 1.29279562316e-12, 6.77875453253e-13, 5.92141299102e-13, 5.54531789411e-13, 7.08995904521e-13], "var": [2.52165446e-05, 1.61160332937e-05, 3.44969362231e-06, 4.77304729429e-06, 4.64010599899e-06, 2.15782250734e-07, 4.29292242643e-07, 5.76373054173e-07, 6.5501330937e-07, 6.94042938676e-08, 2.05897450201e-08, 2.9227804621e-09, 5.88185333772e-10, 3.67521635347e-09, 1.44771905575e-09, 1.03365793702e-09, 4.99057795089e-10, 5.9759036608e-10, 4.60906701694e-10, 1.52228243899e-10, 8.27636431611e-11, 2.62424193487e-10, 1.72133862719e-10, 2.48711079509e-10, 1.65994898382e-10, 1.82495643597e-10, 1.189911919e-10, 1.08904427143e-10, 5.56350555903e-11, 6.74667613443e-11, 6.00796079553e-11, 2.44832955992e-11, 9.26030519627e-12, 9.46573461974e-12, 1.14519557032e-11, 8.98107716668e-12, 7.48209133539e-12, 4.13156921869e-12, 4.64230867289e-12, 4.62950337787e-12]}, "mfcc": {"mean": [-684.330322266, 149.076156616, 14.9611778259, 27.4338951111, 8.60549449921, -1.08097743988, -10.4702768326, -6.48065090179, -8.36164951324, 5.0539059639, 6.69695329666, 2.91393756866, -5.28265762329], "cov": [[6466.64013672, -2489.20922852, 262.62802124, 337.91607666, -579.464294434, 141.281051636, 14.5523519516, 107.738487244, 245.974624634, -50.2446937561, -127.424491882, -131.563491821, -14.1238889694], [-2489.20922852, 2586.81420898, -313.160675049, -193.023193359, 494.511901855, 8.7042016983, 39.1211853027, 120.859550476, -97.6100616455, 151.505142212, 102.808036804, 100.005447388, 12.5055742264], [262.62802124, -313.160675049, 594.563842773, -78.7431030273, 104.639228821, 146.172348022, 62.5307502747, 70.0916213989, 156.244552612, 100.198272705, 116.614547729, 56.5100746155, 95.1376876831], [337.91607666, -193.023193359, -78.7431030273, 530.913879395, -29.0961875916, 105.78012085, 122.399177551, 37.9268074036, 51.1260452271, -13.8112983704, 5.48823022842, 35.4506034851, -8.94807910919], [-579.464294434, 494.511901855, 104.639228821, -29.0961875916, 395.514923096, 67.6019515991, 51.6298789978, 92.7300109863, 19.8615779877, 59.3179855347, 54.0798568726, 34.2129249573, 11.5250768661], [141.281051636, 8.7042016983, 146.172348022, 105.78012085, 67.6019515991, 230.806411743, 118.621391296, 83.1030197144, 124.311004639, 65.9315338135, 72.6554870605, 85.9119796753, 95.0925292969], [14.5523519516, 39.1211853027, 62.5307502747, 122.399177551, 51.6298789978, 118.621391296, 186.216506958, 102.4737854, 80.9225463867, 21.6717681885, 19.8824863434, 43.1258888245, 59.4016456604], [107.738487244, 120.859550476, 70.0916213989, 37.9268074036, 92.7300109863, 83.1030197144, 102.4737854, 223.050094604, 125.390213013, 61.6018562317, 33.4198074341, 20.1370811462, 21.7513980865], [245.974624634, -97.6100616455, 156.244552612, 51.1260452271, 19.8615779877, 124.311004639, 80.9225463867, 125.390213013, 290.925384521, 174.233215332, 129.736572266, 73.1424255371, 61.7759208679], [-50.2446937561, 151.505142212, 100.198272705, -13.8112983704, 59.3179855347, 65.9315338135, 21.6717681885, 61.6018562317, 174.233215332, 238.617080688, 163.649353027, 97.1995697021, 60.8077697754], [-127.424491882, 102.808036804, 116.614547729, 5.48823022842, 54.0798568726, 72.6554870605, 19.8824863434, 33.4198074341, 129.736572266, 163.649353027, 194.749725342, 117.29284668, 73.878944397], [-131.563491821, 100.005447388, 56.5100746155, 35.4506034851, 34.2129249573, 85.9119796753, 43.1258888245, 20.1370811462, 73.1424255371, 97.1995697021, 117.29284668, 145.871948242, 97.7785491943], [-14.1238889694, 12.5055742264, 95.1376876831, -8.94807910919, 11.5250768661, 95.0925292969, 59.4016456604, 21.7513980865, 61.7759208679, 60.8077697754, 73.878944397, 97.7785491943, 140.515701294]], "icov": [[0.000289296993287, 0.000258680054685, 3.1491239497e-05, -7.88796023699e-05, 0.000185297380085, -0.000314306205837, 0.0002543591836, -0.000365666754078, 8.31370707601e-05, -0.000297077378491, 0.000218346598558, 0.000222651331569, -5.14302118972e-05], [0.000258680054685, 0.00100536516402, 0.000741483701859, 0.000351963855792, -0.000685149570927, -0.000528279866558, -0.000111520304927, -0.000624836713541, 0.000814889615867, -0.000937239732593, -9.35649586609e-05, -3.9220583858e-05, 0.000138297691592], [3.1491239497e-05, 0.000741483701859, 0.00321686011739, 0.00096414075233, -0.00120751338545, -0.00145782274194, -0.000333370669978, -3.29166068695e-05, -0.000260656146565, 4.95388194395e-05, -0.00179043994285, 0.00143128959462, -0.000909261580091], [-7.88796023699e-05, 0.000351963855792, 0.00096414075233, 0.00311269029044, -7.58514361223e-05, -0.00143250171095, -0.00220735068433, 0.000445953541202, 4.02047407988e-05, 0.000390092260204, -0.000639077159576, -0.00142165436409, 0.00248472415842], [0.000185297380085, -0.000685149570927, -0.00120751338545, -7.58514361223e-05, 0.00448792241514, -0.000971164437942, -9.85960941762e-05, -0.00137773330789, 0.00113490922377, -0.000474339147331, -0.000234564926359, -9.60624311119e-05, 0.00133290118538], [-0.000314306205837, -0.000528279866558, -0.00145782274194, -0.00143250171095, -0.000971164437942, 0.0107198720798, -0.00258709886111, 0.0002736558381, -0.00272392644547, 0.00162334972993, 0.00057959149126, -0.00221658172086, -0.0034796341788], [0.0002543591836, -0.000111520304927, -0.000333370669978, -0.00220735068433, -9.85960941762e-05, -0.00258709886111, 0.0119204334915, -0.00368723459542, -0.00105242291465, 0.000944035127759, 0.00207487423904, 0.000306814792566, -0.0038392059505], [-0.000365666754078, -0.000624836713541, -3.29166068695e-05, 0.000445953541202, -0.00137773330789, 0.0002736558381, -0.00368723459542, 0.00877539813519, -0.0036356614437, 0.000499507470522, 0.000682002864778, 0.000312416552333, 0.0010039228946], [8.31370707601e-05, 0.000814889615867, -0.000260656146565, 4.02047407988e-05, 0.00113490922377, -0.00272392644547, -0.00105242291465, -0.0036356614437, 0.010772892274, -0.00624382309616, -0.00196055439301, 0.00157569313888, 0.000773048202973], [-0.000297077378491, -0.000937239732593, 4.95388194395e-05, 0.000390092260204, -0.000474339147331, 0.00162334972993, 0.000944035127759, 0.000499507470522, -0.00624382309616, 0.0145154418424, -0.00763376057148, -0.00122895499226, -0.000158954382641], [0.000218346598558, -9.35649586609e-05, -0.00179043994285, -0.000639077159576, -0.000234564926359, 0.00057959149126, 0.00207487423904, 0.000682002864778, -0.00196055439301, -0.00763376057148, 0.0192909575999, -0.00977579504251, 0.000671465008054], [0.000222651331569, -3.9220583858e-05, 0.00143128959462, -0.00142165436409, -9.60624311119e-05, -0.00221658172086, 0.000306814792566, 0.000312416552333, 0.00157569313888, -0.00122895499226, -0.00977579504251, 0.023280505091, -0.0109248096123], [-5.14302118972e-05, 0.000138297691592, -0.000909261580091, 0.00248472415842, 0.00133290118538, -0.0034796341788, -0.0038392059505, 0.0010039228946, 0.000773048202973, -0.000158954382641, 0.000671465008054, -0.0109248096123, 0.0185640566051]]}, "spectral_contrast_coeffs": {"dmean": [0.0566256716847, 0.0456348918378, 0.0389767438173, 0.0292654167861, 0.0194118767977, 0.0186378341168], "dmean2": [0.0888039767742, 0.0750753581524, 0.0630715563893, 0.0482810437679, 0.0321454145014, 0.0297616627067], "dvar": [0.00249643879943, 0.00147759390529, 0.00121247349307, 0.000625882996246, 0.000286965456326, 0.000559001753572], "dvar2": [0.00557214580476, 0.00382306938991, 0.00289143621922, 0.00157523527741, 0.000711850821972, 0.00124625244644], "max": [-0.144944742322, -0.398124217987, -0.439595490694, -0.546531200409, -0.613851904869, -0.598182022572], "mean": [-0.571434080601, -0.704938054085, -0.760823428631, -0.797536730766, -0.80671787262, -0.775444328785], "median": [-0.601011037827, -0.710221529007, -0.770371198654, -0.803136706352, -0.816065907478, -0.782091617584], "min": [-0.911108136177, -0.915387451649, -0.98381370306, -0.965306580067, -0.963877856731, -0.905353724957], "var": [0.021259766072, 0.00470293499529, 0.00464174244553, 0.0019316833932, 0.00184397783596, 0.00289553892799]}, "spectral_contrast_valleys": {"dmean": [0.476302564144, 0.379919618368, 0.395354658365, 0.327330678701, 0.330080091953, 0.332194805145], "dmean2": [0.743971645832, 0.626001656055, 0.626676797867, 0.509068191051, 0.495119690895, 0.461515367031], "dvar": [0.263379245996, 0.137228518724, 0.178489938378, 0.151594117284, 0.223712593317, 0.222767621279], "dvar2": [0.5173214674, 0.337075233459, 0.410512328148, 0.330485999584, 0.4703784585, 0.457930594683], "max": [-4.83565711975, -4.62578487396, -5.45005702972, -5.92524957657, -5.50539064407, -7.50