{"lowlevel": {"average_loudness": 0.919173717499, "barkbands_crest": {"dmean": 2.22875118256, "dmean2": 3.58457922935, "dvar": 5.32766532898, "dvar2": 13.6700925827, "max": 26.6225223541, "mean": 11.8154430389, "median": 10.977845192, "min": 3.62144207954, "var": 18.6235790253}, "barkbands_flatness_db": {"dmean": 0.0270945690572, "dmean2": 0.0431856065989, "dvar": 0.000877416227013, "dvar2": 0.00214450364001, "max": 0.748824954033, "mean": 0.234957113862, "median": 0.202246204019, "min": 0.045738670975, "var": 0.0111135710031}, "barkbands_kurtosis": {"dmean": 3.08589529991, "dmean2": 4.8456029892, "dvar": 29.4732990265, "dvar2": 70.9110031128, "max": 117.444152832, "mean": 5.73112106323, "median": 3.50033140182, "min": -1.80237495899, "var": 66.9326934814}, "barkbands_skewness": {"dmean": 0.516276061535, "dmean2": 0.773256838322, "dvar": 0.383595108986, "dvar2": 0.87078410387, "max": 9.97579097748, "mean": 1.56002378464, "median": 1.42527580261, "min": -2.23143672943, "var": 1.14017415047}, "barkbands_spread": {"dmean": 2.02898621559, "dmean2": 3.27840209007, "dvar": 9.77122688293, "dvar2": 26.1956119537, "max": 116.489707947, "mean": 9.42759990692, "median": 8.54392242432, "min": 0.228252381086, "var": 32.489528656}, "dissonance": {"dmean": 0.0288685653359, "dmean2": 0.0472055673599, "dvar": 0.000787667930126, "dvar2": 0.00200889748521, "max": 0.499540627003, "mean": 0.400107264519, "median": 0.413183510303, "min": 0.150480300188, "var": 0.00388888432644}, "dynamic_complexity": 2.78550243378, "erbbands_crest": {"dmean": 2.60383462906, "dmean2": 3.96879076958, "dvar": 7.56393241882, "dvar2": 15.2352695465, "max": 32.7242355347, "mean": 13.6415309906, "median": 12.2559280396, "min": 2.63861656189, "var": 39.082698822}, "erbbands_flatness_db": {"dmean": 0.0254334509373, "dmean2": 0.0360893532634, "dvar": 0.000797688786406, "dvar2": 0.00171935243998, "max": 0.639272928238, "mean": 0.229572877288, "median": 0.196936190128, "min": 0.0556683801115, "var": 0.0103747155517}, "erbbands_kurtosis": {"dmean": 1.55217468739, "dmean2": 2.28967928886, "dvar": 6.09069156647, "dvar2": 11.942401886, "max": 74.9441070557, "mean": 3.04025793076, "median": 1.67771458626, "min": -1.65746641159, "var": 25.6970500946}, "erbbands_skewness": {"dmean": 0.331493914127, "dmean2": 0.486096054316, "dvar": 0.118303112686, "dvar2": 0.235525026917, "max": 5.43476629257, "mean": 0.894377350807, "median": 0.823908209801, "min": -2.72906541824, "var": 0.646127641201}, "erbbands_spread": {"dmean": 5.42490577698, "dmean2": 8.06246376038, "dvar": 59.6951980591, "dvar2": 127.719139099, "max": 93.7263183594, "mean": 20.520532608, "median": 17.2210006714, "min": 0.604009568691, "var": 189.597808838}, "hfc": {"dmean": 5.0754442215, "dmean2": 7.88362550735, "dvar": 101.024307251, "dvar2": 250.936706543, "max": 119.70476532, "mean": 15.2857809067, "median": 12.6336650848, "min": 1.13208693023e-16, "var": 167.188171387}, "melbands_crest": {"dmean": 2.69829463959, "dmean2": 4.37210893631, "dvar": 6.99324464798, "dvar2": 16.8590049744, "max": 32.5997962952, "mean": 14.8943014145, "median": 14.2778110504, "min": 1.59544050694, "var": 24.5500850677}, "melbands_flatness_db": {"dmean": 0.0300877150148, "dmean2": 0.0482857897878, "dvar": 0.00118036940694, "dvar2": 0.00286542437971, "max": 0.790994107723, "mean": 0.329942584038, "median": 0.30318197608, "min": 0.00268090120517, "var": 0.012365383096}, "melbands_kurtosis": {"dmean": 5.10749197006, "dmean2": 8.18208503723, "dvar": 102.57434845, "dvar2": 263.102935791, "max": 249.891082764, "mean": 8.61329078674, "median": 5.18648147583, "min": -1.68356359005, "var": 133.544830322}, "melbands_skewness": {"dmean": 0.617698729038, "dmean2": 0.940542161465, "dvar": 0.641496658325, "dvar2": 1.49920833111, "max": 11.9680271149, "mean": 1.91378521919, "median": 1.71392476559, "min": -2.56267118454, "var": 1.61559760571}, "melbands_spread": {"dmean": 2.17273545265, "dmean2": 3.49083900452, "dvar": 10.7608137131, "dvar2": 22.6494998932, "max": 151.774032593, "mean": 10.6152963638, "median": 9.68648719788, "min": 0.598413109779, "var": 78.3988037109}, "pitch_salience": {"dmean": 0.0604003593326, "dmean2": 0.0985758453608, "dvar": 0.00376819586381, "dvar2": 0.00969031639397, "max": 0.86518061161, "mean": 0.490775495768, "median": 0.490695953369, "min": 0.0976035147905, "var": 0.0123367663473}, "silence_rate_20dB": {"dmean": 0, "dmean2": 0, "dvar": 0, "dvar2": 0, "max": 1, "mean": 1, "median": 1, "min": 1, "var": 0}, "silence_rate_30dB": {"dmean": 0.076326481998, "dmean2": 0.15267175436, "dvar": 0.0704996958375, "dvar2": 0.168766841292, "max": 1, "mean": 0.943008363247, "median": 1, "min": 0, "var": 0.0537403151393}, "silence_rate_60dB": {"dmean": 0.00369321671315, "dmean2": 0.00738734286278, "dvar": 0.00367929763161, "dvar2": 0.00807040184736, "max": 1, "mean": 0.0379123575985, "median": 0, "min": 0, "var": 0.0364725477993}, "spectral_centroid": {"dmean": 88.1516571045, "dmean2": 144.730285645, "dvar": 32467.6972656, "dvar2": 65042.3867188, "max": 11706.2333984, "mean": 654.569580078, "median": 566.085571289, "min": 205.811553955, "var": 320284.75}, "spectral_complexity": {"dmean": 2.77557563782, "dmean2": 4.43018960953, "dvar": 19.8093528748, "dvar2": 44.484828949, "max": 59, "mean": 14.091211319, "median": 13, "min": 0, "var": 60.2547569275}, "spectral_decrease": {"dmean": 4.46043468827e-09, "dmean2": 7.4997270616e-09, "dvar": 7.93283611318e-17, "dvar2": 2.12732271763e-16, "max": 1.37142690778e-28, "mean": -1.07718198805e-08, "median": -9.04786734424e-09, "min": -7.62147251976e-08, "var": 8.42212469517e-17}, "spectral_energy": {"dmean": 0.0172371249646, "dmean2": 0.0289288070053, "dvar": 0.00117222196423, "dvar2": 0.00313863856718, "max": 0.291404515505, "mean": 0.0420418977737, "median": 0.0354573726654, "min": 1.04484050839e-20, "var": 0.00125629687682}, "spectral_energyband_high": {"dmean": 0.000187411089428, "dmean2": 0.000278039253317, "dvar": 3.3468103311e-07, "dvar2": 8.04495925877e-07, "max": 0.0121455173939, "mean": 0.000268731411779, "median": 5.94713055762e-05, "min": 7.45138109058e-21, "var": 5.27478505319e-07}, "spectral_energyband_low": {"dmean": 0.0122890435159, "dmean2": 0.0211564302444, "dvar": 0.00090581853874, "dvar2": 0.00245733372867, "max": 0.265786319971, "mean": 0.0202052462846, "median": 0.0118703991175, "min": 3.82492809858e-23, "var": 0.00082396477228}, "spectral_energyband_middle_high": {"dmean": 0.00113653135486, "dmean2": 0.00174954440445, "dvar": 4.31107991972e-06, "dvar2": 1.00933812064e-05, "max": 0.0329618602991, "mean": 0.00293912366033, "median": 0.00195847381838, "min": 1.16174487807e-21, "var": 1.02577505459e-05}, "spectral_energyband_middle_low": {"dmean": 0.00640510348603, "dmean2": 0.0101460274309, "dvar": 0.000184504780918, "dvar2": 0.000469161663204, "max": 0.179171934724, "mean": 0.0197855941951, "median": 0.0163633711636, "min": 2.32402082993e-22, "var": 0.000268517993391}, "spectral_entropy": {"dmean": 0.246945515275, "dmean2": 0.383552730083, "dvar": 0.0947062969208, "dvar2": 0.221399754286, "max": 9.81623840332, "mean": 6.6448392868, "median": 6.798579216, "min": 3.04259467125, "var": 0.649466335773}, "spectral_flux": {"dmean": 0.037867769599, "dmean2": 0.0600157752633, "dvar": 0.00310213770717, "dvar2": 0.00597770279273, "max": 0.459208905697, "mean": 0.0792595073581, "median": 0.0586556829512, "min": 6.46792688852e-11, "var": 0.00511986296624}, "spectral_kurtosis": {"dmean": 11.8765144348, "dmean2": 20.03632164, "dvar": 455.323455811, "dvar2": 1221.94274902, "max": 199.585357666, "mean": 28.4077472687, "median": 11.2508153915, "min": -1.23499572277, "var": 1499.10424805}, "spectral_rms": {"dmean": 0.00105595798232, "dmean2": 0.00169980281498, "dvar": 2.87807870336e-06, "dvar2": 7.33323531676e-06, "max": 0.0168611127883, "mean": 0.00592449679971, "median": 0.00588154420257, "min": 3.19273643981e-12, "var": 5.91684511164e-06}, "spectral_rolloff": {"dmean": 98.0867004395, "dmean2": 171.614929199, "dvar": 103956.84375, "dvar2": 209182.953125, "max": 19659.8144531, "mean": 650.336181641, "median": 581.396484375, "min": 86.1328125, "var": 935040.5}, "spectral_skewness": {"dmean": 0.781559169292, "dmean2": 1.30232155323, "dvar": 1.20037913322, "dvar2": 3.35072255135, "max": 11.0817546844, "mean": 3.42989873886, "median": 2.68332862854, "min": -0.191569551826, "var": 4.58432149887}, "spectral_spread": {"dmean": 634977.75, "dmean2": 858540.5, "dvar": 754334892032, "dvar2": 1235992576000.0, "max": 42099056, "mean": 3264305.75, "median": 3057928, "min": 401418.90625, "var": 6020631887870.0}, "spectral_strongpeak": {"dmean": 0.399956971407, "dmean2": 0.689311683178, "dvar": 0.414786189795, "dvar2": 0.953814148903, "max": 12.5245294571, "mean": 1.0499651432, "median": 0.660886049271, "min": 0, "var": 0.923403978348}, "zerocrossingrate": {"dmean": 0.00463112816215, "dmean2": 0.00578939728439, "dvar": 6.80981975165e-05, "dvar2": 0.00010404016939, "max": 0.51806640625, "mean": 0.0294735189527, "median": 0.02587890625, "min": 0.0029296875, "var": 0.000755498476792}, "barkbands": {"dmean": [0.000225143085117, 0.00907443743199, 0.00377281452529, 0.00149153522216, 0.00333081162535, 0.00134207098745, 0.0014551730128, 0.000879865896422, 0.000890397583134, 0.000577418890316, 0.000159951217938, 0.000206683907891, 0.000173069609446, 9.36024662224e-05, 0.000162146432558, 0.00012538509327, 8.71218653629e-05, 6.75633564242e-05, 7.34156419639e-05, 5.63667199458e-05, 4.55954759673e-05, 3.61421225534e-05, 3.04143432004e-05, 2.06020904443e-05, 1.9443958081e-05, 2.36354280787e-05, 4.37029257228e-06], "dmean2": [0.000340146274539, 0.0155150927603, 0.0068057817407, 0.0025534867309, 0.00552913919091, 0.00194380059838, 0.00206545530818, 0.00120574270841, 0.00124483520631, 0.000811470497865, 0.000252765225014, 0.000320443825331, 0.000271972297924, 0.00015384319704, 0.000273150973953, 0.000210517871892, 0.000149471394252, 0.000117531511933, 0.000126626822748, 9.78711395874e-05, 7.33593406039e-05, 5.67650495213e-05, 4.34780813521e-05, 3.03460401483e-05, 2.92638414976e-05, 3.50568552676e-05, 6.59077932141e-06], "dvar": [1.94329729197e-07, 0.000521059031598, 8.4137020167e-05, 1.19745245684e-05, 9.66585503193e-05, 5.90640820519e-06, 5.32185640623e-06, 3.14330918627e-06, 3.68782320948e-06, 1.31566912387e-06, 9.32283299448e-08, 1.86186724704e-07, 8.57612505456e-08, 3.83338623067e-08, 1.33717293238e-07, 6.01974647907e-08, 4.44778969211e-08, 3.01465234998e-08, 3.64096592875e-08, 3.01894829136e-08, 3.1111973442e-08, 3.13653529815e-08, 7.10377401347e-09, 3.82263909415e-09, 3.25909299548e-09, 6.4131229216e-09, 1.01772860972e-10], "dvar2": [4.18196066221e-07, 0.00140344700776, 0.000243095535552, 3.14089593303e-05, 0.000253679143498, 1.19395790534e-05, 9.32449256652e-06, 5.10130939801e-06, 6.41137285129e-06, 2.40687199948e-06, 2.18295127752e-07, 4.37065295955e-07, 2.12748958006e-07, 9.99213938258e-08, 3.68067247791e-07, 1.58980242304e-07, 1.17984257031e-07, 8.24536883215e-08, 9.64557784755e-08, 7.70348407286e-08, 7.01225602029e-08, 8.60823945459e-08, 1.36039197685e-08, 8.66941185507e-09, 8.29758572962e-09, 1.51732511e-08, 2.41424852332e-10], "max": [0.00744078727439, 0.22806468606, 0.108178183436, 0.0493179559708, 0.11830804497, 0.0673840194941, 0.0391754433513, 0.0420476309955, 0.0426382347941, 0.0303479153663, 0.00645896466449, 0.0102822678164, 0.00619016587734, 0.00375363929197, 0.00493731023744, 0.00717543391511, 0.00291821779683, 0.00223734020256, 0.00474960030988, 0.00694395694882, 0.0105772512034, 0.00699388608336, 0.00148461211938, 0.000761486182455, 0.00121398514602, 0.00132470601238, 0.000139284165925], "mean": [0.000473663734738, 0.0133561119437, 0.00523915933445, 0.00222676759586, 0.0048342696391, 0.00356618710794, 0.00351628405042, 0.00256383651868, 0.00302602979355, 0.00111477286555, 0.000289736228297, 0.000330495153321, 0.000300135958241, 0.000142575256177, 0.000234873121371, 0.000206171709578, 0.000125928636407, 8.10453202575e-05, 9.86530212685e-05, 8.13078077044e-05, 6.63814789732e-05, 4.59919174318e-05, 4.29464053013e-05, 2.75359107036e-05, 2.26350930461e-05, 2.36480937019e-05, 4.71895646115e-06], "median": [9.26003631321e-05, 0.00547553645447, 0.00293062021956, 0.000842398614623, 0.00212945067324, 0.00122867524624, 0.00183788198046, 0.000800237816293, 0.00110354169738, 0.000433253473602, 0.000117099494673, 0.000135258422233, 0.000167721824255, 6.11963187112e-05, 0.000110004875751, 5.91941206949e-05, 3.64120714949e-05, 2.84547604679e-05, 1.70371531567e-05, 1.10152823254e-05, 1.05727795017e-05, 6.57687724015e-06, 7.36292804504e-06, 3.91680168832e-06, 3.22706773659e-06, 2.99623775391e-06, 3.66232569604e-07], "min": [1.77834688801e-24, 4.18601545177e-24, 4.34723337725e-24, 7.77980442578e-25, 2.33489212206e-23, 8.28112257282e-24, 6.65498442432e-24, 1.89129023374e-23, 3.31229283467e-23, 2.21937858862e-23, 1.85670720274e-23, 3.08796161915e-23, 2.46402328799e-23, 3.53570581609e-23, 4.45229213711e-23, 6.62622965546e-23, 8.21153210366e-23, 1.38501482955e-22, 1.01951184322e-22, 1.8948720409e-22, 2.8061918003e-22, 3.86910550835e-22, 4.73009329142e-22, 7.2800673611e-22, 8.3435099215e-22, 1.54570460949e-21, 1.91911657641e-21], "var": [8.05233298706e-07, 0.000484914286062, 6.79171062075e-05, 1.29775489768e-05, 8.97409772733e-05, 2.93180783046e-05, 1.99967216759e-05, 1.66861955222e-05, 2.41313446168e-05, 3.28554392581e-06, 2.18007713215e-07, 3.3816527889e-07, 1.52174123969e-07, 5.08746218486e-08, 1.37702741654e-07, 1.31635999878e-07, 5.54564003608e-08, 2.62666866035e-08, 7.62425358403e-08, 1.09526517633e-07, 8.92508467132e-08, 2.56970640322e-08, 1.21669181397e-08, 6.26198692899e-09, 3.38421890511e-09, 6.49234488392e-09, 1.22963764171e-10]}, "erbbands": {"dmean": [0.24481600523, 2.16523861885, 4.88155508041, 3.84452462196, 11.1701631546, 9.93997955322, 8.61995410919, 11.1234855652, 21.8523025513, 10.2788896561, 23.3025913239, 24.2049636841, 6.64349031448, 20.9952812195, 7.09638929367, 6.80062770844, 8.43249988556, 4.68302488327, 8.09463214874, 6.40750360489, 7.83843517303, 4.49123716354, 3.4431347847, 4.25442886353, 2.8866994381, 2.83368110657, 2.05443096161, 1.66742658615, 1.19421315193, 0.988549411297, 0.847685098648, 0.480380862951, 0.331640124321, 0.212851986289, 0.162849932909, 0.157768651843, 0.0248802751303, 0.00471645453945, 0.000747240381315, 5.9942201915e-05], "dmean2": [0.394295483828, 3.82087850571, 8.90465831757, 6.68661022186, 18.8245754242, 16.6570968628, 13.375369072, 16.1222324371, 31.294095993, 14.8285064697, 31.9694099426, 33.5766563416, 9.97426319122, 29.658536911, 10.9576187134, 10.7286891937, 13.1984376907, 7.6189250946, 13.3106012344, 10.9934120178, 13.2372655869, 7.70443344116, 5.98627233505, 7.3381114006, 4.95938062668, 4.84700059891, 3.34312009811, 2.74113893509, 1.93023610115, 1.47763752937, 1.24068677425, 0.711673140526, 0.484395802021, 0.31745788455, 0.245663419366, 0.237744450569, 0.0370904430747, 0.00709380628541, 0.00113202619832, 9.08423826331e-05], "dvar": [0.275992155075, 34.0049781799, 149.402450562, 66.6053543091, 1512.51953125, 542.287536621, 196.441452026, 411.917785645, 1227.32897949, 217.082778931, 1955.13989258, 2727.40063477, 124.677337646, 1830.68884277, 148.289093018, 242.711395264, 205.520355225, 102.726722717, 264.857269287, 224.800537109, 257.999420166, 121.456871033, 74.8460922241, 119.667022705, 53.8512916565, 83.0315704346, 67.7083587646, 38.9249229431, 45.8657112122, 9.66406822205, 5.52518558502, 1.67000317574, 1.14994716644, 0.55107909441, 0.199947819114, 0.31896546483, 0.00496361311525, 0.000127385021187, 3.03289152725e-06, 1.39711788805e-08], "dvar2": [0.6847012043, 94.4870300293, 431.254089355, 184.917678833, 3955.23730469, 1464.66394043, 487.830627441, 840.10736084, 2137.16040039, 436.491821289, 3161.77026367, 4700.06396484, 282.209259033, 3375.83105469, 353.741241455, 599.928405762, 502.631500244, 262.151611328, 695.933837891, 627.86517334, 687.741638184, 321.756958008, 203.5990448, 319.967803955, 140.431121826, 206.540420532, 143.984451294, 100.932830811, 128.278945923, 19.0120353699, 12.054271698, 3.69743847847, 2.69391965866, 1.40871965885, 0.504532337189, 0.74809461832, 0.0119949914515, 0.000312769843731, 7.21175592844e-06, 3.34860814633e-08], "max": [4.89338588715, 56.8899002075, 132.359634399, 86.1167602539, 467.141296387, 299.004058838, 274.105194092, 559.396484375, 583.670898438, 310.317169189, 1164.15551758, 1185.54260254, 168.643218994, 1141.54943848, 209.857955933, 466.964447021, 283.540679932, 232.970199585, 252.895629883, 223.947128296, 486.1328125, 161.534286499, 112.073997498, 198.400512695, 238.251419067, 379.683380127, 538.304443359, 202.803253174, 297.711608887, 54.9008674622, 53.8326263428, 18.7738685608, 15.1872529984, 18.9222202301, 6.67458343506, 9.50560951233, 1.08786261082, 0.121745735407, 0.0262104477733, 0.00133988284506], "mean": [0.338231742382, 3.09219813347, 6.82466173172, 6.68165397644, 13.0799636841, 16.2028846741, 20.9126663208, 30.3140392303, 51.7714767456, 31.2981357574, 73.6662521362, 83.8917312622, 17.1749343872, 41.5430259705, 15.3794021606, 12.0536060333, 15.0127735138, 7.70441818237, 12.1261911392, 9.89290523529, 12.9445819855, 6.44931364059, 4.45267105103, 5.85904073715, 3.89868474007, 4.20114088058, 3.30016064644, 2.04118847847, 1.58996975422, 1.43595397472, 1.16265964508, 0.664077818394, 0.419974684715, 0.262036919594, 0.176310777664, 0.154063388705, 0.0259721595794, 0.00496450299397, 0.000810310069937, 9.5886818599e-05], "median": [0.136003375053, 1.11944460869, 3.72517085075, 3.62860536575, 5.21473026276, 7.61436748505, 12.469165802, 10.7840824127, 24.7901535034, 23.2372169495, 38.3897094727, 33.6136398315, 11.5737247467, 17.0176773071, 8.77052497864, 6.10074806213, 8.59052848816, 3.40744686127, 5.91536808014, 4.26400327682, 3.96174168587, 2.19593954086, 1.59538519382, 1.61541771889, 0.793697595596, 0.594571888447, 0.502138972282, 0.288864284754, 0.231699898839, 0.206818416715, 0.209482729435, 0.11041367054, 0.0486046373844, 0.0341121889651, 0.0251053851098, 0.0185154750943, 0.00364788551815, 0.000576436112169, 9.05334600247e-05, 5.20746871189e-05], "min": [1.0396839632e-22, 1.05935229767e-21, 5.08554760345e-21, 6.04564095392e-21, 3.68508316658e-20, 5.44597814599e-20, 8.84563553363e-20, 6.99365310536e-20, 1.03668297274e-19, 3.66543814401e-19, 5.64895030299e-19, 8.69384608176e-19, 5.0386073332e-19, 1.26793015347e-18, 1.58819721926e-18, 1.72898977016e-18, 2.41725046532e-18, 2.14653844586e-18, 2.73083794426e-18, 2.7767700429e-18, 4.25511054238e-18, 5.25825439151e-18, 7.78216979682e-18, 7.37279563012e-18, 6.87709317239e-18, 9.98282177797e-18, 1.00751028743e-17, 1.13487492594e-17, 1.34695427427e-17, 1.45953719523e-17, 1.5181414527e-17, 1.42539349565e-17, 1.11834984253e-17, 8.37087920186e-18, 5.53398553613e-18, 4.88459705649e-18, 2.81226436299e-18, 1.10204528548e-18, 2.56202211686e-19, 2.7811905995e-20], "var": [0.314003825188, 29.0536823273, 114.994232178, 75.5867919922, 1189.76049805, 646.606262207, 637.086425781, 2018.80908203, 4606.66259766, 807.253417969, 10232.2695312, 17457.6074219, 335.79095459, 4499.10253906, 364.673156738, 410.017608643, 371.920013428, 139.551040649, 330.730743408, 251.323074341, 539.906616211, 134.613265991, 71.3390960693, 193.597869873, 101.381095886, 322.89440918, 303.815948486, 48.5462341309, 34.4939346313, 15.6812486649, 8.33734416962, 3.17497611046, 1.59874927998, 0.564910292625, 0.20504514873, 0.316799730062, 0.00522559089586, 0.000137642680784, 3.59495152225e-06, 1.75134733382e-08]}, "gfcc": {"mean": [-55.5900878906, 154.253295898, -97.7890930176, -1.62534999847, -48.0266456604, -1.66550028324, -26.4256534576, 8.1574010849, -10.8447208405, 1.91916811466, -12.5174760818, -5.3036813736, -8.78207015991], "cov": [[17108.8710938, -4450.28173828, 767.371704102, 2818.27319336, -598.650085449, 1567.6895752, -592.723510742, 579.663391113, -726.277893066, 310.941314697, -682.920715332, 908.372558594, -356.195129395], [-4450.28173828, 3130.38330078, -386.293518066, -912.47277832, 622.504394531, -663.444213867, 389.962524414, -219.481460571, 316.24786377, -185.771606445, 373.956085205, -345.378601074, 200.851730347], [767.371704102, -386.293518066, 1334.34375, 360.278930664, 218.27381897, 542.077697754, 40.0322647095, 216.617218018, -15.0556287766, 127.736839294, -23.0184783936, 117.581825256, -110.69871521], [2818.27319336, -912.47277832, 360.278930664, 967.016357422, 58.3824882507, 471.867736816, 30.3486061096, 179.868453979, -139.958786011, 43.6409797668, -145.575881958, 178.649993896, -112.023490906], [-598.650085449, 622.504394531, 218.27381897, 58.3824882507, 430.215301514, 47.1510162354, 190.840179443, 87.0461959839, 80.8309402466, 10.0588779449, 75.5304412842, -29.0662269592, 10.1033267975], [1567.6895752, -663.444213867, 542.077697754, 471.867736816, 47.1510162354, 517.460510254, -8.76509475708, 193.803741455, -40.7387886047, 91.123588562, -102.70917511, 124.604133606, -97.485786438], [-592.723510742, 389.962524414, 40.0322647095, 30.3486061096, 190.840179443, -8.76509475708, 225.62272644, 60.8716011047, 56.0266151428, -7.58922052383, 57.8629837036, -55.0523872375, 4.28168821335], [579.663391113, -219.481460571, 216.617218018, 179.868453979, 87.0461959839, 193.803741455, 60.8716011047, 210.244934082, 40.7541999817, 64.6739273071, -42.1443099976, 30.2827110291, -32.5826034546], [-726.277893066, 316.24786377, -15.0556287766, -139.958786011, 80.8309402466, -40.7387886047, 56.0266151428, 40.7541999817, 163.828552246, 18.9444656372, 35.7133636475, -47.5010643005, 32.9378128052], [310.941314697, -185.771606445, 127.736839294, 43.6409797668, 10.0588779449, 91.123588562, -7.58922052383, 64.6739273071, 18.9444656372, 112.224891663, 12.6768379211, 31.7131633759, -8.80832099915], [-682.920715332, 373.956085205, -23.0184783936, -145.575881958, 75.5304412842, -102.70917511, 57.8629837036, -42.1443099976, 35.7133636475, 12.6768379211, 173.286453247, 5.16257143021, 26.1813755035], [908.372558594, -345.378601074, 117.581825256, 178.649993896, -29.0662269592, 124.604133606, -55.0523872375, 30.2827110291, -47.5010643005, 31.7131633759, 5.16257143021, 185.575088501, -4.17420387268], [-356.195129395, 200.851730347, -110.69871521, -112.023490906, 10.1033267975, -97.485786438, 4.28168821335, -32.5826034546, 32.9378128052, -8.80832099915, 26.1813755035, -4.17420387268, 96.1163787842]], "icov": [[0.000188587742741, -9.84388680081e-05, 8.79275321495e-05, -0.00043539100443, 0.000194459920749, -2.84458892565e-05, 0.000381897116313, -0.000362081307685, 0.000391585344914, -0.000360446108971, 0.000231315600104, -0.000364139006706, 6.33146628388e-05], [-9.84388680081e-05, 0.00168679771014, -2.02584960789e-05, 0.000877920247149, -0.00202770344913, 0.000135332302307, -0.000782741233706, 0.00121944933198, -0.00126192311291, 0.00200359965675, -0.00154595810454, 0.00130437186453, -0.000997305731289], [8.79275321495e-05, -2.02584960789e-05, 0.00162338686641, 0.00024258706253, -0.000692418543622, -0.00189423223492, 0.000365211715689, -0.000134533707751, 0.000537424057256, -0.000481486349599, -0.000304512039293, -0.000197920831852, 0.000456344278064], [-0.00043539100443, 0.000877920247149, 0.00024258706253, 0.00404240516946, -0.00169124023523, -0.0018677986227, -0.00236996565945, 0.0010582508985, 0.000349123380147, 0.00174553552642, 0.000271892844466, -0.000377757067326, 0.000240274472162], [0.000194459920749, -0.00202770344913, -0.000692418543622, -0.00169124023523, 0.00700154108927, 9.76132141659e-05, -0.00166045327205, -0.00219663558528, 0.000571644690353, -0.00177791377064, 0.000664467806928, -0.00132380158175, 0.000284319772618], [-2.84458892565e-05, 0.000135332302307, -0.00189423223492, -0.0018677986227, 9.76132141659e-05, 0.0080595985055, 0.000419903401053, -0.00226676813327, -0.000883776228875, -0.00149408611469, 0.00181571324356, -0.0014835227048, 0.00223721936345], [0.000381897116313, -0.000782741233706, 0.000365211715689, -0.00236996565945, -0.00166045327205, 0.000419903401053, 0.0106211164966, -0.00412118900567, 0.00061617459869, 0.000645529828034, -0.00257428502664, 0.0021261733491, 8.11598656583e-05], [-0.000362081307685, 0.00121944933198, -0.000134533707751, 0.0010582508985, -0.00219663558528, -0.00226676813327, -0.00412118900567, 0.0122998505831, -0.00432777730748, -0.00208888226189, 0.00178719451651, 0.000262634915998, 0.000289562012767], [0.000391585344914, -0.00126192311291, 0.000537424057256, 0.000349123380147, 0.000571644690353, -0.000883776228875, 0.00061617459869, -0.00432777730748, 0.0115223843604, -0.00288361636922, 0.000698558229487, 1.35496793519e-05, -0.00173947331496], [-0.000360446108971, 0.00200359965675, -0.000481486349599, 0.00174553552642, -0.00177791377064, -0.00149408611469, 0.000645529828034, -0.00208888226189, -0.00288361636922, 0.0160996187478, -0.00550804799423, 0.00199263263494, -0.00205763545819], [0.000231315600104, -0.00154595810454, -0.000304512039293, 0.000271892844466, 0.000664467806928, 0.00181571324356, -0.00257428502664, 0.00178719451651, 0.000698558229487, -0.00550804799423, 0.0123762758449, -0.0054235374555, 0.00219531008042], [-0.000364139006706, 0.00130437186453, -0.000197920831852, -0.000377757067326, -0.00132380158175, -0.0014835227048, 0.0021261733491, 0.000262634915998, 1.35496793519e-05, 0.00199263263494, -0.0054235374555, 0.0111888488755, -0.00397336389869], [6.33146628388e-05, -0.000997305731289, 0.000456344278064, 0.000240274472162, 0.000284319772618, 0.00223721936345, 8.11598656583e-05, 0.000289562012767, -0.00173947331496, -0.00205763545819, 0.00219531008042, -0.00397336389869, 0.0154990861192]]}, "melbands": {"dmean": [0.00232572644018, 0.00265781278722, 0.000885918561835, 0.000842755252961, 0.000292036915198, 0.000245604198426, 0.000330559443682, 0.000117261930427, 0.000202059993171, 0.000130137690576, 3.37801720889e-05, 9.22364852158e-05, 2.46078598138e-05, 2.5906439987e-05, 1.71922620211e-05, 1.44509422171e-05, 8.78866467247e-06, 1.27965204229e-05, 9.58168493526e-06, 7.5985985859e-06, 9.61353180173e-06, 4.72973033538e-06, 4.55767440144e-06, 2.81337088381e-06, 3.68944211004e-06, 2.7261962714e-06, 1.83218548955e-06, 1.87143950825e-06, 1.32585944357e-06, 1.16377736958e-06, 9.51039339725e-07, 7.26825135189e-07, 6.54828397728e-07, 5.59871523365e-07, 5.41278097899e-07, 3.63173768392e-07, 2.91166287525e-07, 2.31232803571e-07, 2.21206121864e-07, 1.71147988226e-07], "dmean2": [0.00388427497819, 0.00479922490194, 0.00153309002053, 0.00140305783134, 0.000459906237666, 0.000353870098479, 0.000469170307042, 0.000167174512171, 0.000277985091088, 0.000181305964361, 5.04858544446e-05, 0.000129725900479, 3.81361569453e-05, 4.00687640649e-05, 2.72033030342e-05, 2.29099587159e-05, 1.43761262734e-05, 2.09811350942e-05, 1.64906487043e-05, 1.28631118059e-05, 1.62456344697e-05, 8.12076723378e-06, 7.94252264313e-06, 4.83937901663e-06, 6.37812263449e-06, 4.74915850646e-06, 3.19071136801e-06, 3.20388812725e-06, 2.19354251385e-06, 1.89287288777e-06, 1.5695620732e-06, 1.20742686249e-06, 1.00074589682e-06, 8.20471598217e-07, 8.04144633548e-07, 5.45440002497e-07, 4.5227920964e-07, 3.4157918094e-07, 3.39253347192e-07, 2.57716067154e-07], "dvar": [3.0767179851e-05, 4.80116614199e-05, 4.46066997029e-06, 6.36747654426e-06, 2.13630542589e-07, 2.00142281415e-07, 2.82741751789e-07, 2.93022779374e-08, 1.21467564895e-07, 8.04699595847e-08, 3.45127948442e-09, 3.55542475461e-08, 1.98607552626e-09, 3.0941103013e-09, 8.53534964929e-10, 6.33458785426e-10, 3.85582621387e-10, 5.99727212336e-10, 7.00493218986e-10, 2.14623721573e-10, 4.02481048489e-10, 1.50978507474e-10, 1.11302030092e-10, 5.14069169177e-11, 9.13566861049e-11, 4.85672647932e-11, 2.56538228161e-11, 4.09098969978e-11, 2.23545227468e-11, 2.60353509585e-11, 1.30092776829e-11, 2.40929411838e-11, 5.01412973641e-12, 2.9502995099e-12, 2.70023478403e-12, 7.90291985499e-13, 7.58443709312e-13, 5.36907920467e-13, 6.49608676313e-13, 3.55824283883e-13], "dvar2": [8.04417286417e-05, 0.000136453905725, 1.17044646686e-05, 1.69139457284e-05, 5.44102931599e-07, 4.00415274271e-07, 4.87384170356e-07, 5.54110535234e-08, 1.99478606078e-07, 1.40198409326e-07, 7.59125118321e-09, 6.50488516385e-08, 4.57931292885e-09, 7.1516135236e-09, 2.16771289807e-09, 1.5957992705e-09, 9.95647897462e-10, 1.57416513158e-09, 1.97633975851e-09, 5.77627057297e-10, 1.070370792e-09, 4.00109528842e-10, 3.03470276686e-10, 1.40010780747e-10, 2.4506865981e-10, 1.29384669645e-10, 6.66360647217e-11, 1.03376092409e-10, 4.76857754672e-11, 6.17994197483e-11, 3.50960510653e-11, 6.94493559883e-11, 1.14303887536e-11, 5.3149069347e-12, 5.71293056265e-12, 1.812079241e-12, 1.74327533745e-12, 1.21873962745e-12, 1.66237705025e-12, 9.19298057817e-13], "max": [0.055335316807, 0.0656581223011, 0.0250838343054, 0.0323912575841, 0.00818620529026, 0.012557644397, 0.00901738647372, 0.00380169576965, 0.00894268788397, 0.0063787563704, 0.000931419315748, 0.00505133438855, 0.000920989899896, 0.00145886384416, 0.000698489195202, 0.00038828884135, 0.000444433215307, 0.000365604559192, 0.000439874624135, 0.000227907366934, 0.000611331663094, 0.000193932894035, 0.000117862589832, 0.00010319766443, 0.000185222757864, 0.000177123321919, 0.000225997529924, 0.000258553802269, 0.000282447173959, 0.000307498092297, 9.93168650893e-05, 0.000226608477533, 4.15020767832e-05, 2.85731293843e-05, 3.71626119886e-05, 1.64935518114e-05, 1.50178211697e-05, 1.02084713944e-05, 1.31569022415e-05, 1.63338936545e-05], "mean": [0.00338279595599, 0.00390109582804, 0.00131672481075, 0.00119351921603, 0.000719471252523, 0.000663400394842, 0.000781496346463, 0.000365364103345, 0.000662367616314, 0.000440464384155, 7.26156431483e-05, 0.000179782931809, 4.98338777106e-05, 4.12070730818e-05, 2.97964597848e-05, 2.56057410297e-05, 1.29701456899e-05, 1.90457831195e-05, 1.3367698557e-05, 1.29349218696e-05, 1.52673746925e-05, 6.4340983954e-06, 5.4894180721e-06, 3.51317567038e-06, 4.94765345138e-06, 3.54083363163e-06, 2.56507587437e-06, 2.6869620342e-06, 2.10693406189e-06, 1.50929508891e-06, 1.12959378384e-06, 8.87269493433e-07, 8.86218742835e-07, 7.82365020768e-07, 7.21233107015e-07, 4.96860934618e-07, 3.7918781004e-07, 2.92167641192e-07, 2.5835262818e-07, 2.07607754987e-07], "median": [0.00142718106508, 0.00195950595662, 0.000724312267266, 0.000469859573059, 0.000472180079669, 0.000220853107749, 0.000370757712517, 0.000267626863206, 0.000382324767997, 0.000159450282808, 4.19562602474e-05, 6.85139384586e-05, 2.48984051723e-05, 1.59086757776e-05, 1.7289614334e-05, 1.49628558574e-05, 4.91153150506e-06, 9.31941303861e-06, 5.98537963015e-06, 5.42158704775e-06, 4.04474258175e-06, 1.6905415805e-06, 1.71794636117e-06, 1.10729183689e-06, 1.25119163386e-06, 6.26865357845e-07, 4.22054824867e-07, 3.35864086765e-07, 2.93653670269e-07, 2.20408963969e-07, 1.34175422772e-07, 1.22884301845e-07, 1.15581244131e-07, 1.01578834233e-07, 1.17016000445e-07, 9.49437009012e-08, 4.75386556786e-08, 3.31237366424e-08, 2.40538433616e-08, 2.86016756945e-08], "min": [1.63025649546e-24, 1.88587513749e-24, 2.32097491964e-24, 5.46477712293e-24, 3.7011255303e-24, 1.43596035033e-24, 2.04453912579e-24, 3.55231362584e-24, 5.0417102306e-24, 5.33305312898e-24, 2.26153405322e-24, 4.46372565041e-24, 4.63395078971e-24, 3.39948208065e-24, 4.07573585266e-24, 3.08298457737e-24, 3.78251940964e-24, 3.91340721103e-24, 3.35673489149e-24, 3.69059699822e-24, 4.59197037334e-24, 4.70001512951e-24, 5.88278386699e-24, 5.94792445067e-24, 5.00185934425e-24, 4.88597133854e-24, 4.93313496548e-24, 6.99339470861e-24, 6.17786991036e-24, 5.47426672519e-24, 6.44840620793e-24, 6.47272718407e-24, 7.56419868241e-24, 6.75234721497e-24, 7.42610542551e-24, 7.66896098834e-24, 7.69699710491e-24, 7.86498582354e-24, 6.733483973e-24, 7.14407976328e-24], "var": [3.0370805689e-05, 3.77870564989e-05, 4.05731316278e-06, 5.81454287385e-06, 6.52433357118e-07, 1.01527336938e-06, 1.07159610252e-06, 1.28701657331e-07, 6.35691606021e-07, 5.14159467002e-07, 8.47045633634e-09, 8.79021513356e-08, 5.04484631847e-09, 5.65879343384e-09, 1.46888012864e-09, 1.04755637498e-09, 4.92754725911e-10, 7.82523157383e-10, 5.86030723948e-10, 3.68629432534e-10, 8.15794487519e-10, 1.66346464381e-10, 1.16188329791e-10, 4.98484933886e-11, 1.55234880506e-10, 9.39327157723e-11, 7.31357960304e-11, 1.47544920726e-10, 1.13353534892e-10, 5.91578036557e-11, 1.24495413978e-11, 1.54361488869e-11, 6.97448956227e-12, 4.99490206141e-12, 3.93544094882e-12, 1.34961497273e-12, 1.35414639571e-12, 7.79652872211e-13, 6.64747553877e-13, 3.53865781079e-13]}, "mfcc": {"mean": [-702.921264648, 186.39213562, 11.4549255371, 9.81966781616, -0.529901742935, -3.04032373428, -6.80754566193, 2.42770051956, 2.12121915817, 7.05018472672, 3.10949993134, 2.06192660332, 1.72592735291], "cov": [[11053.9619141, -2424.52172852, -125.672477722, 1525.88195801, 327.924194336, 819.399475098, 461.350830078, 542.779418945, 148.621124268, -19.1560745239, -308.263336182, -74.5661773682, 71.2471389771], [-2424.52172852, 2133.94848633, -47.9037361145, -264.170288086, 149.669631958, -168.899002075, -17.687505722, -24.3984851837, -24.2777843475, -0.0782613605261, 121.611167908, 53.8133277893, 24.5567512512], [-125.672477722, -47.9037361145, 871.733703613, 17.9604511261, 251.441207886, 210.595932007, 154.178146362, 126.54776001, 57.2540283203, 96.1937789917, 73.8665161133, 81.5586013794, 28.6987113953], [1525.88195801, -264.170288086, 17.9604511261, 544.184387207, 163.270446777, 225.614730835, 226.712463379, 197.446533203, 98.0722045898, 46.831237793, -6.90770530701, 23.7808876038, 26.6849822998], [327.924194336, 149.669631958, 251.441207886, 163.270446777, 300.021270752, 170.904006958, 146.771133423, 155.516860962, 85.3224411011, 75.6681594849, 54.4792327881, 57.0781364441, 33.7985801697], [819.399475098, -168.899002075, 210.595932007, 225.614730835, 170.904006958, 273.525299072, 156.408218384, 140.819061279, 64.1032867432, 55.9520263672, 17.059589386, 39.5025367737, 28.086397171], [461.350830078, -17.687505722, 154.178146362, 226.712463379, 146.771133423, 156.408218384, 259.094421387, 160.032836914, 63.2866859436, 60.6889801025, 51.1202964783, 49.4884414673, 11.4643535614], [542.779418945, -24.3984851837, 126.54776001, 197.446533203, 155.516860962, 140.819061279, 160.032836914, 223.721679688, 95.7579345703, 69.042175293, 43.9328460693, 39.5147628784, 24.5726966858], [148.621124268, -24.2777843475, 57.2540283203, 98.0722045898, 85.3224411011, 64.1032867432, 63.2866859436, 95.7579345703, 157.37689209, 101.844871521, 38.6532783508, 4.21963787079, 6.23729705811], [-19.1560745239, -0.0782613605261, 96.1937789917, 46.831237793, 75.6681594849, 55.9520263672, 60.6889801025, 69.042175293, 101.844871521, 143.566665649, 71.6762619019, 20.0259685516, 13.959897995], [-308.263336182, 121.611167908, 73.8665161133, -6.90770530701, 54.4792327881, 17.059589386, 51.1202964783, 43.9328460693, 38.6532783508, 71.6762619019, 111.507164001, 44.1283340454, 5.01771736145], [-74.5661773682, 53.8133277893, 81.5586013794, 23.7808876038, 57.0781364441, 39.5025367737, 49.4884414673, 39.5147628784, 4.21963787079, 20.0259685516, 44.1283340454, 105.761917114, 50.3477325439], [71.2471389771, 24.5567512512, 28.6987113953, 26.6849822998, 33.7985801697, 28.086397171, 11.4643535614, 24.5726966858, 6.23729705811, 13.959897995, 5.01771736145, 50.3477325439, 80.9078369141]], "icov": [[0.000223868264584, 0.000172834901605, 0.000111553970783, -0.000403250101954, -0.000136411530548, -0.00027465907624, 0.000151603890117, -0.000252865051152, 0.000242342503043, -3.72725007765e-05, 0.000347705412423, 0.000167932797922, -8.6835847469e-05], [0.000172834901605, 0.000812083308119, 0.000290006573778, 9.53829512582e-05, -0.00106985715684, 0.000395519018639, -0.000187858953723, -7.99603221822e-05, 0.00019341224106, 0.000411656918004, -0.000452478532679, 0.000317994825309, -0.000428236933658], [0.000111553970783, 0.000290006573778, 0.00201664189808, 0.00091698509641, -0.00146337214392, -0.00116423412692, -0.00057660206221, -5.01751783304e-05, 0.000468300742796, -0.000562363129575, 0.000255358405411, -0.000445718556875, 0.000230846359045], [-0.000403250101954, 9.53829512582e-05, 0.00091698509641, 0.00539619196206, -0.000670741137583, -0.00127598561812, -0.00297339167446, -0.000568434945308, -0.00148103223182, 0.0007207840099, 0.000646435015369, 0.000121634322568, -0.000587750342675], [-0.000136411530548, -0.00106985715684, -0.00146337214392, -0.000670741137583, 0.00876627862453, -0.00250938488171, 7.65559234424e-05, -0.0020132183563, -0.0013599935919, -0.000181811687071, -0.000444412376964, -0.000959481403697, -0.00024435823434], [-0.00027465907624, 0.000395519018639, -0.00116423412692, -0.00127598561812, -0.00250938488171, 0.00964569766074, -0.0016996350605, -0.000540391018149, 0.000376995565603, -0.0008752582944, 0.000845252186991, -0.000354134652298, -0.000649649766274], [0.000151603890117, -0.000187858953723, -0.00057660206221, -0.00297339167446, 7.65559234424e-05, -0.0016996350605, 0.0102328481153, -0.00381956994534, 0.00164751999546, -0.000933989591431, -0.00141528318636, -0.00207991269417, 0.00279306084849], [-0.000252865051152, -7.99603221822e-05, -5.01751783304e-05, -0.000568434945308, -0.0020132183563, -0.000540391018149, -0.00381956994534, 0.0119818495587, -0.00421729963273, 0.00137224700302, -0.00186758721247, -1.69149661815e-05, -0.00140229938552], [0.000242342503043, 0.00019341224106, 0.000468300742796, -0.00148103223182, -0.0013599935919, 0.000376995565603, 0.00164751999546, -0.00421729963273, 0.0153745794669, -0.0102240294218, 0.00226343353279, 0.00125176564325, 0.00119439279661], [-3.72725007765e-05, 0.000411656918004, -0.000562363129575, 0.0007207840099, -0.000181811687071, -0.0008752582944, -0.000933989591431, 0.00137224700302, -0.0102240294218, 0.0195195171982, -0.010122439824, 0.00322059681639, -0.00399109860882], [0.000347705412423, -0.000452478532679, 0.000255358405411, 0.000646435015369, -0.000444412376964, 0.000845252186991, -0.00141528318636, -0.00186758721247, 0.00226343353279, -0.010122439824, 0.020326545462, -0.00777948461473, 0.00533983204514], [0.000167932797922, 0.000317994825309, -0.000445718556875, 0.000121634322568, -0.000959481403697, -0.000354134652298, -0.00207991269417, -1.69149661815e-05, 0.00125176564325, 0.00322059681639, -0.00777948461473, 0.0194566752762, -0.0115801263601], [-8.6835847469e-05, -0.000428236933658, 0.000230846359045, -0.000587750342675, -0.00024435823434, -0.000649649766274, 0.00279306084849, -0.00140229938552, 0.00119439279661, -0.00399109860882, 0.00533983204514, -0.0115801263601, 0.0205074064434]]}, "spectral_contrast_coeffs": {"dmean": [0.048321172595, 0.0424797348678, 0.0380619168282, 0.0335559658706, 0.0236403327435, 0.0220285579562], "dmean2": [0.0788794383407, 0.0697531029582, 0.0609888918698, 0.0552803464234, 0.0391505435109, 0.0370483361185], "dvar": [0.00190121377818, 0.00145906594116, 0.00113427417818, 0.000987334758975, 0.000481167488033, 0.000470735598356], "dvar2": [0.00477324379608, 0.00375580927357, 0.00284279813059, 0.00254397839308, 0.00125424598809, 0.00131914566737], "max": [-0.307092815638, -0.354428172112, -0.340429395437, -0.509060382843, -0.611939311028, -0.517186403275], "mean": [-0.636433064938, -0.638577520847, -0.715804815292, -0.772891819477, -0.798258900642, -0.791406393051], "median": [-0.645280122757, -0.639207184315, -0.723068714142, -0.778560996056, -0.803024291992, -0.787798583508], "min": [-0.990639925003, -0.970327019691, -0.9695571661, -0.966213703156, -0.966722130775, -0.963171362877], "var": [0.00858917459846, 0.00578594114631, 0.00483282795176, 0.00262517202646, 0.00184709695168, 0.00243870471604]}, "spectral_contrast_valleys": {"dmean": [0.417040109634, 0.355637907982, 0.365821003914, 0.395967811346, 0.441604137421, 0.542545497417], "dmean2": [0.683471024036, 0.586455106735, 0.605229973793, 0.645670950413, 0.708000302315, 0.786213755608], "dvar": [0.184130355716, 0.131686493754, 0.161900505424, 0.232789099216, 0.31706392765, 0.331445544958], "dvar2": [0.438957571983, 0.305545657873, 0.371941000223, 0.548105180264, 0.740203142166, 0.859890937805], "max": [-4.72741222382, -4.70588397