{"lowlevel": {"average_loudness": 0.905060172081, "barkbands_crest": {"dmean": 4.3151216507, "dmean2": 6.54764652252, "dvar": 13.7235860825, "dvar2": 27.3569030762, "max": 26.6904697418, "mean": 13.096206665, "median": 12.0158262253, "min": 1.90845811367, "var": 39.6262168884}, "barkbands_flatness_db": {"dmean": 0.0419257842004, "dmean2": 0.0588761009276, "dvar": 0.00153278978541, "dvar2": 0.00282607716508, "max": 0.500589191914, "mean": 0.141862288117, "median": 0.128231853247, "min": 0.0121314097196, "var": 0.00562451267615}, "barkbands_kurtosis": {"dmean": 15.0297555923, "dmean2": 21.7209892273, "dvar": 5998.97851562, "dvar2": 11078.5449219, "max": 2877.83398438, "mean": 17.2093830109, "median": 1.54665851593, "min": -1.92902088165, "var": 9650.69628906}, "barkbands_skewness": {"dmean": 1.2785680294, "dmean2": 1.77812457085, "dvar": 3.66109275818, "dvar2": 6.17058372498, "max": 47.6099967957, "mean": 2.01452207565, "median": 1.25865006447, "min": -3.12971544266, "var": 10.7150363922}, "barkbands_spread": {"dmean": 14.6647138596, "dmean2": 22.6269950867, "dvar": 273.680053711, "dvar2": 594.13873291, "max": 129.301849365, "mean": 30.843164444, "median": 24.3089046478, "min": 0.092080809176, "var": 569.161743164}, "dissonance": {"dmean": 0.0248336642981, "dmean2": 0.0417278893292, "dvar": 0.000706053629983, "dvar2": 0.00187298119999, "max": 0.500000059605, "mean": 0.462439507246, "median": 0.474461853504, "min": 0.222185850143, "var": 0.00137894635554}, "dynamic_complexity": 3.82628583908, "erbbands_crest": {"dmean": 4.05992698669, "dmean2": 6.612408638, "dvar": 14.3329849243, "dvar2": 33.9157295227, "max": 32.5191307068, "mean": 10.1701068878, "median": 9.0311088562, "min": 2.06336021423, "var": 29.7747879028}, "erbbands_flatness_db": {"dmean": 0.0292614810169, "dmean2": 0.0426975153387, "dvar": 0.000748936436139, "dvar2": 0.00158393743914, "max": 0.47948127985, "mean": 0.132827728987, "median": 0.125759497285, "min": 0.024216491729, "var": 0.0032448687125}, "erbbands_kurtosis": {"dmean": 3.13331627846, "dmean2": 5.00781154633, "dvar": 38.5071525574, "dvar2": 96.745475769, "max": 143.537796021, "mean": 3.07421159744, "median": 0.753036737442, "min": -1.86186313629, "var": 52.7131462097}, "erbbands_skewness": {"dmean": 0.651770293713, "dmean2": 0.991336524487, "dvar": 0.384766459465, "dvar2": 0.938460111618, "max": 8.0731420517, "mean": 0.531920909882, "median": 0.413329750299, "min": -4.79559421539, "var": 1.0958378315}, "erbbands_spread": {"dmean": 14.7430591583, "dmean2": 22.0946445465, "dvar": 217.263595581, "dvar2": 483.311828613, "max": 186.696746826, "mean": 41.0307006836, "median": 34.8204040527, "min": 0.618526935577, "var": 812.642700195}, "hfc": {"dmean": 38.2582015991, "dmean2": 63.4350242615, "dvar": 5001.36572266, "dvar2": 12991.0605469, "max": 580.410400391, "mean": 38.2186889648, "median": 13.7363605499, "min": 1.21744521965e-16, "var": 4348.85839844}, "melbands_crest": {"dmean": 4.45599746704, "dmean2": 6.85858106613, "dvar": 14.2777013779, "dvar2": 30.1446075439, "max": 37.0464401245, "mean": 17.4930305481, "median": 17.1129322052, "min": 2.07257890701, "var": 52.5540122986}, "melbands_flatness_db": {"dmean": 0.0566557124257, "dmean2": 0.0789739191532, "dvar": 0.00275643402711, "dvar2": 0.00550145190209, "max": 0.619568169117, "mean": 0.218021377921, "median": 0.208493709564, "min": 0.00807808246464, "var": 0.0100508881733}, "melbands_kurtosis": {"dmean": 24.8416481018, "dmean2": 36.3476600647, "dvar": 4404.91357422, "dvar2": 9568.93457031, "max": 1413.40979004, "mean": 35.6231155396, "median": 6.64967727661, "min": -1.85443282127, "var": 10113.8212891}, "melbands_skewness": {"dmean": 1.51654553413, "dmean2": 2.14460134506, "dvar": 3.22711586952, "dvar2": 6.6306438446, "max": 31.3049640656, "mean": 3.32956933975, "median": 2.24789428711, "min": -3.66585111618, "var": 13.0041332245}, "melbands_spread": {"dmean": 14.9537887573, "dmean2": 24.0087184906, "dvar": 362.865020752, "dvar2": 884.563598633, "max": 214.488189697, "mean": 26.8710002899, "median": 21.050983429, "min": 0.208182424307, "var": 575.83203125}, "pitch_salience": {"dmean": 0.117557600141, "dmean2": 0.178391829133, "dvar": 0.0106740398332, "dvar2": 0.0209687501192, "max": 0.915647089481, "mean": 0.474609881639, "median": 0.488564282656, "min": 0.00938018690795, "var": 0.031109791249}, "silence_rate_20dB": {"dmean": 0, "dmean2": 0, "dvar": 0, "dvar2": 0, "max": 1, "mean": 1, "median": 1, "min": 1, "var": 0}, "silence_rate_30dB": {"dmean": 0.0291289594024, "dmean2": 0.058262038976, "dvar": 0.0282837767154, "dvar2": 0.0675985589623, "max": 1, "mean": 0.976316690445, "median": 1, "min": 0, "var": 0.0231214445084}, "silence_rate_60dB": {"dmean": 0.0394513569772, "dmean2": 0.0789082944393, "dvar": 0.037896156311, "dvar2": 0.089932590723, "max": 1, "mean": 0.0960763543844, "median": 0, "min": 0, "var": 0.0868352130055}, "spectral_centroid": {"dmean": 484.119262695, "dmean2": 769.697021484, "dvar": 320767.3125, "dvar2": 771702.6875, "max": 11146.2832031, "mean": 1509.31787109, "median": 1362.31066895, "min": 125.321563721, "var": 618325.4375}, "spectral_complexity": {"dmean": 6.24024343491, "dmean2": 9.84755706787, "dvar": 62.0935020447, "dvar2": 139.546615601, "max": 60, "mean": 15.2308235168, "median": 13, "min": 0, "var": 120.991241455}, "spectral_decrease": {"dmean": 3.76099329458e-09, "dmean2": 5.82367887247e-09, "dvar": 2.75014541509e-17, "dvar2": 6.29344487193e-17, "max": 3.41684215643e-11, "mean": -7.18125647836e-09, "median": -4.77853490111e-09, "min": -4.81581565737e-08, "var": 5.53675030461e-17}, "spectral_energy": {"dmean": 0.0165309589356, "dmean2": 0.0260854251683, "dvar": 0.00045404676348, "dvar2": 0.00106278015301, "max": 0.185902357101, "mean": 0.0305702574551, "median": 0.0212401878089, "min": 1.10423207637e-20, "var": 0.000888542330358}, "spectral_energyband_high": {"dmean": 0.00313911214471, "dmean2": 0.00527934310958, "dvar": 3.6543362512e-05, "dvar2": 9.50950779952e-05, "max": 0.0490731485188, "mean": 0.00267644785345, "median": 0.000405240949476, "min": 7.94460449448e-21, "var": 3.05312023556e-05}, "spectral_energyband_low": {"dmean": 0.0112720122561, "dmean2": 0.0161491427571, "dvar": 0.000307876442093, "dvar2": 0.000675976683851, "max": 0.158195093274, "mean": 0.0171203929931, "median": 0.00870871823281, "min": 1.83551562203e-22, "var": 0.000567774230149}, "spectral_energyband_middle_high": {"dmean": 0.00391998421401, "dmean2": 0.00639222702011, "dvar": 3.38017307513e-05, "dvar2": 8.63235036377e-05, "max": 0.065687097609, "mean": 0.00583549495786, "median": 0.00345617346466, "min": 1.64024291207e-21, "var": 5.19968780281e-05}, "spectral_energyband_middle_low": {"dmean": 0.00523420143872, "dmean2": 0.00886340346187, "dvar": 0.000134462650749, "dvar2": 0.00037006198545, "max": 0.103756591678, "mean": 0.00592948915437, "median": 0.00256238784641, "min": 2.98233017783e-22, "var": 0.000105040802737}, "spectral_entropy": {"dmean": 0.307439088821, "dmean2": 0.454874485731, "dvar": 0.0977234914899, "dvar2": 0.212921351194, "max": 9.79441452026, "mean": 7.78920269012, "median": 7.84869003296, "min": 4.99663972855, "var": 0.346196383238}, "spectral_flux": {"dmean": 0.0427765697241, "dmean2": 0.0683148801327, "dvar": 0.00254378793761, "dvar2": 0.00504775252193, "max": 0.397401690483, "mean": 0.103398025036, "median": 0.0887757837772, "min": 1.05082449686e-10, "var": 0.00480732135475}, "spectral_kurtosis": {"dmean": 1.75319874287, "dmean2": 2.58304977417, "dvar": 4.87632131577, "dvar2": 10.2961502075, "max": 46.8263282776, "mean": 4.87951803207, "median": 3.53498077393, "min": -1.20865094662, "var": 22.0452251434}, "spectral_rms": {"dmean": 0.0013830573298, "dmean2": 0.00208950601518, "dvar": 2.03914510166e-06, "dvar2": 4.48581840828e-06, "max": 0.0134672997519, "mean": 0.00482972105965, "median": 0.00455215713009, "min": 3.28222431872e-12, "var": 6.4983082666e-06}, "spectral_rolloff": {"dmean": 2076.26660156, "dmean2": 3516.10717773, "dvar": 11317162, "dvar2": 24258734, "max": 19659.8144531, "mean": 2759.28515625, "median": 1055.12695312, "min": 64.599609375, "var": 15680234}, "spectral_skewness": {"dmean": 0.303522765636, "dmean2": 0.442940741777, "dvar": 0.116085715592, "dvar2": 0.246289402246, "max": 5.7730255127, "mean": 1.77012681961, "median": 1.59010326862, "min": 0.0307836197317, "var": 0.528687238693}, "spectral_spread": {"dmean": 1263933.125, "dmean2": 1732451.375, "dvar": 1883478425600.0, "dvar2": 3564691783680.0, "max": 41089748, "mean": 6899751, "median": 6066438.5, "min": 1360007, "var": 8465406754820.0}, "spectral_strongpeak": {"dmean": 0.466146051884, "dmean2": 0.798311650753, "dvar": 0.651854455471, "dvar2": 1.6755439043, "max": 15.5325422287, "mean": 0.634389638901, "median": 0.343263238668, "min": 0, "var": 0.756455481052}, "zerocrossingrate": {"dmean": 0.0316175930202, "dmean2": 0.0374543778598, "dvar": 0.0011488343589, "dvar2": 0.00149227143265, "max": 0.5517578125, "mean": 0.0889484807849, "median": 0.0654296875, "min": 0.00244140625, "var": 0.00538016483188}, "barkbands": {"dmean": [0.000308343063807, 0.0108356708661, 0.00163241033442, 0.00220499606803, 0.00186538300477, 0.000259564927546, 0.000508665514644, 0.000277070328593, 0.000781306764111, 0.00109790777788, 0.00130669318605, 0.000833888538182, 0.000389510358218, 0.000230859470321, 0.000321713567246, 0.000270798744168, 0.000264079048065, 0.000306658417685, 0.00030977834831, 0.000297450780636, 0.000352356844814, 0.000299378414638, 0.000214080209844, 0.000410143606132, 0.000646866566967, 0.000882035878021, 0.000250848766882], "dmean2": [0.000429396284744, 0.0165027733892, 0.00286143133417, 0.00410258537158, 0.00315343705006, 0.00046250646119, 0.000823684677016, 0.00042423454579, 0.00122419616673, 0.00179278315045, 0.00207960722037, 0.00136126985308, 0.000647884909995, 0.000380210927688, 0.000543297210243, 0.000453819666291, 0.000450173014542, 0.000540059583727, 0.000541891728062, 0.00053471972933, 0.000628193840384, 0.00052132277051, 0.00035753622069, 0.000676521623973, 0.00107726664282, 0.00147259724326, 0.000433890934801], "dvar": [2.56206675431e-07, 0.000349574373104, 1.83034007932e-05, 5.20768735441e-05, 2.43471713475e-05, 5.26815995272e-07, 1.55373732014e-06, 4.75421842339e-07, 2.81174970951e-06, 3.96938366976e-06, 5.90999343331e-06, 3.71987016479e-06, 6.16489217009e-07, 3.17656173365e-07, 3.34773062605e-07, 4.57996407022e-07, 3.72354037381e-07, 5.65512550565e-07, 5.52311462343e-07, 5.90459421801e-07, 6.4072855821e-07, 4.87208239974e-07, 1.62273309456e-07, 6.69895200645e-07, 1.96931318897e-06, 4.30306317867e-06, 3.30590381736e-07], "dvar2": [4.94081234592e-07, 0.000799556728452, 5.0611772167e-05, 0.000149639556184, 6.6102729761e-05, 1.50989512804e-06, 3.62783043784e-06, 1.00868794561e-06, 6.33723857391e-06, 9.94570655166e-06, 1.39049907375e-05, 8.68091865414e-06, 1.59371836617e-06, 7.64486003391e-07, 8.69461757702e-07, 1.15753050522e-06, 1.05562924091e-06, 1.57452802796e-06, 1.54124347773e-06, 1.65688140896e-06, 1.77540084678e-06, 1.34081324177e-06, 4.15470282178e-07, 1.72309023583e-06, 5.09080109623e-06, 1.11868876047e-05, 8.84580344973e-07], "max": [0.00409575505182, 0.148986935616, 0.0495156794786, 0.0610420554876, 0.058234218508, 0.0109173115343, 0.017729697749, 0.0173675958067, 0.0367530919611, 0.0390301607549, 0.0336552485824, 0.0416754037142, 0.00993231125176, 0.0146856522188, 0.00583146093413, 0.0108333760872, 0.00767370080575, 0.00805028341711, 0.00857851468027, 0.0184934101999, 0.00695672351867, 0.00806578807533, 0.00428761309013, 0.0109668020159, 0.0104706054553, 0.0180313996971, 0.00469689350575], "mean": [0.000460522976937, 0.0143809206784, 0.00150941626634, 0.00151266227476, 0.00170249899384, 0.000262812682195, 0.0006206195103, 0.000372616545064, 0.00102604948916, 0.00137766951229, 0.00152458134107, 0.00093806075165, 0.000430706597399, 0.00025607921998, 0.000312367221341, 0.000253959588008, 0.000262170273345, 0.000285173940938, 0.000280300650047, 0.000262433313765, 0.000287905015284, 0.000251540768659, 0.000201350834686, 0.000396163464757, 0.000530073652044, 0.000692545436323, 0.000178960384801], "median": [0.000104515820567, 0.00645806919783, 0.000370387133444, 7.5901276432e-05, 0.000435588648543, 0.000105368293589, 0.000196269422304, 8.17320978967e-05, 0.000335403485224, 0.000558339408599, 0.000475961336633, 0.000272894510999, 0.000115595554234, 6.21465951554e-05, 0.000102064099337, 4.73152322229e-05, 8.25063907541e-05, 6.57163545839e-05, 6.55635813018e-05, 4.8873374908e-05, 4.12277477153e-05, 3.29942085955e-05, 2.86740032607e-05, 6.72256355756e-05, 5.68085488339e-05, 6.20885330136e-05, 1.14124077299e-05], "min": [1.59435809807e-23, 3.98026932586e-23, 1.0396697006e-22, 5.20028373655e-23, 5.31240327484e-23, 5.81489694295e-23, 1.64893733307e-23, 1.87925836944e-23, 8.75622604368e-23, 5.85176325295e-23, 5.82985122136e-23, 7.68772404497e-23, 2.05942703733e-22, 1.38924627944e-22, 1.29919824887e-22, 1.24347033774e-22, 1.88305313749e-22, 2.59841770233e-22, 2.51994030486e-22, 3.13834010672e-22, 4.79521356982e-22, 5.00079905209e-22, 7.52157996713e-22, 7.13890644502e-22, 1.16637333326e-21, 1.91288848801e-21, 2.54288083437e-21], "var": [5.34870878255e-07, 0.000505713687744, 1.44893529068e-05, 3.00969386444e-05, 1.79830403795e-05, 3.56127145551e-07, 1.76815183295e-06, 9.4767972314e-07, 4.2283518269e-06, 5.33052707397e-06, 7.70463248045e-06, 4.90595493829e-06, 6.80300502154e-07, 4.63217105562e-07, 3.27043011339e-07, 4.6881086746e-07, 2.97746197475e-07, 4.52406879958e-07, 4.39627058313e-07, 4.97827329582e-07, 4.73706109005e-07, 3.51824724021e-07, 1.58158570684e-07, 6.39899838006e-07, 1.62434628237e-06, 3.4047684494e-06, 2.35858180986e-07]}, "erbbands": {"dmean": [0.329031825066, 2.42621850967, 1.85925042629, 5.29416227341, 7.00262975693, 6.21342992783, 3.13019537926, 2.22444915771, 5.66557502747, 8.53865242004, 6.64907026291, 18.0231971741, 22.1607437134, 41.555431366, 51.8288841248, 35.0724983215, 19.3396377563, 12.8463077545, 14.4631471634, 15.0204429626, 15.2704458237, 13.3742876053, 16.1257705688, 14.6029071808, 16.0608501434, 13.7981729507, 14.6822757721, 13.637011528, 11.0732364655, 6.40144395828, 6.24997615814, 8.58972549438, 6.62472200394, 5.36856269836, 5.27449464798, 3.82020378113, 1.72882807255, 0.406402617693, 0.0434455648065, 0.00161112030037], "dmean2": [0.517389178276, 3.56972813606, 2.92254471779, 9.75112819672, 12.9330568314, 10.2207040787, 4.79544258118, 3.88863611221, 9.25785827637, 13.2250938416, 10.3919448853, 28.4197120667, 36.0990486145, 66.4699859619, 81.7794189453, 56.0823631287, 32.182346344, 21.1219997406, 24.7521743774, 24.7075004578, 25.7684803009, 23.0160140991, 28.2232151031, 24.9874629974, 28.5836448669, 24.7404212952, 26.3176498413, 24.2626094818, 19.4799499512, 10.781662941, 10.3688755035, 14.4757995605, 10.7192811966, 8.79983329773, 8.8933801651, 6.3659081459, 2.88043951988, 0.696331322193, 0.0755408033729, 0.00280153029598], "dvar": [0.264472335577, 19.3639907837, 12.832903862, 282.183685303, 473.46585083, 244.48210144, 47.1399612427, 28.9810161591, 142.000518799, 367.116271973, 185.578338623, 1490.49938965, 2409.25878906, 5434.85986328, 8624.96972656, 6724.60986328, 1409.73596191, 782.088928223, 786.068786621, 806.090026855, 1489.13330078, 1086.2623291, 1579.51611328, 849.904602051, 2033.18762207, 1361.87231445, 1006.79736328, 1108.16845703, 790.24005127, 154.983352661, 144.171295166, 326.836456299, 157.077590942, 117.852966309, 140.966156006, 77.3243408203, 16.7172050476, 1.04046368599, 0.0105267176405, 9.98282121145e-06], "dvar2": [0.663218080997, 41.9856262207, 30.7179088593, 811.966186523, 1341.67810059, 635.103149414, 109.699981689, 81.7527542114, 339.252593994, 816.560913086, 409.242919922, 3476.69848633, 6337.54150391, 13078.1162109, 20358.4355469, 15638.1357422, 3654.734375, 1870.97924805, 2031.45031738, 2001.83862305, 3821.26538086, 3059.60522461, 4404.93359375, 2295.75512695, 5768.06884766, 3793.69946289, 2760.60913086, 3104.76806641, 2209.51000977, 396.34942627, 365.767944336, 856.668273926, 396.651031494, 298.739196777, 370.496002197, 202.733016968, 42.8908462524, 2.77129936218, 0.0283804219216, 2.65016351477e-05], "max": [3.53855395317, 36.2362747192, 49.0806083679, 140.943695068, 200.160614014, 195.305801392, 76.3889312744, 88.9877624512, 169.868560791, 408.260253906, 310.47076416, 954.570861816, 1088.546875, 1304.91918945, 1391.48425293, 1518.78063965, 535.111816406, 560.713745117, 458.309082031, 422.524475098, 669.116088867, 417.401275635, 475.604705811, 443.681030273, 524.574462891, 1154.19885254, 298.581054688, 309.04989624, 359.047912598, 111.929229736, 161.336257935, 180.97618103, 192.542144775, 92.5407485962, 92.1808319092, 72.3852005005, 37.4548988342, 8.324010849, 0.849391162395, 0.025867799297], "mean": [0.446153759956, 3.0431227684, 2.43626499176, 3.81411528587, 5.16432762146, 6.04215812683, 3.36654567719, 2.46222662926, 7.23292398453, 10.8408546448, 9.75263023376, 24.0464935303, 30.7572174072, 49.0696105957, 65.5567779541, 41.2233123779, 22.6436843872, 14.7441120148, 14.0733194351, 16.2797203064, 14.6275377274, 13.1271505356, 15.1285467148, 14.7986049652, 13.7096233368, 12.6428174973, 12.4441137314, 10.8755455017, 9.15982818604, 6.00090265274, 6.0342464447, 8.06608295441, 6.41340208054, 4.74072885513, 4.14479017258, 3.02627706528, 1.34014439583, 0.297804623842, 0.0308029353619, 0.00116709852591], "median": [0.188034266233, 1.19861769676, 0.969800591469, 0.462019920349, 0.909875690937, 1.44537460804, 0.848309218884, 1.12909078598, 2.53165531158, 3.08348941803, 3.1474211216, 7.98619842529, 12.142039299, 20.1709022522, 21.9062213898, 13.9703893661, 6.53756666183, 4.25809144974, 4.33573913574, 4.70937108994, 3.61633348465, 3.9741024971, 3.71660542488, 3.84395480156, 2.87531423569, 2.5020904541, 1.87064361572, 1.43096554279, 1.19134902954, 0.923860728741, 0.829183697701, 1.18789196014, 1.10856544971, 0.657559931278, 0.376494318247, 0.273824721575, 0.107720062137, 0.0217545647174, 0.00197021500207, 0.00011593097588], "min": [1.03586963771e-21, 1.08839657596e-20, 9.68083592071e-20, 1.65263965546e-19, 2.0471766318e-19, 1.66864870224e-19, 2.32467349684e-19, 4.48407527331e-19, 3.56083624417e-19, 3.44397966356e-19, 4.37316896473e-19, 1.91030103959e-18, 1.88369332762e-18, 2.25113005765e-18, 2.54049789505e-18, 4.28164732361e-18, 1.07261295851e-17, 5.78398061035e-18, 8.71797328587e-18, 5.72535832034e-18, 6.82553004173e-18, 1.20827463216e-17, 1.46384283575e-17, 9.26161044651e-18, 1.58865132073e-17, 1.44179086237e-17, 2.31455822566e-17, 1.55331912805e-17, 1.63495937297e-17, 2.0436082677e-17, 1.98205246436e-17, 1.40662807627e-17, 1.32075605806e-17, 1.32589888808e-17, 8.9572973166e-18, 5.36934226624e-18, 4.27915420125e-18, 1.35667650024e-18, 3.56520944467e-19, 3.8300016556e-20], "var": [0.403342574835, 27.5204696655, 16.8469848633, 165.788528442, 293.503082275, 205.034210205, 52.6031951904, 21.9259243011, 170.569763184, 567.691650391, 381.026062012, 2281.20385742, 3442.46044922, 6860.15185547, 12926.7197266, 8493.43359375, 1664.89477539, 1120.59472656, 837.458129883, 978.110351562, 1448.6776123, 842.397338867, 1238.62939453, 962.492919922, 1381.09179688, 1293.36767578, 835.117370605, 761.333679199, 540.360473633, 149.762405396, 142.866821289, 296.738677979, 155.797470093, 105.359771729, 110.324623108, 61.3962402344, 13.3239402771, 0.754062771797, 0.00734840054065, 7.25095105736e-06]}, "gfcc": {"mean": [-11.8022403717, 47.3764953613, -84.6935653687, 6.20848941803, -42.6759109497, 25.634519577, -18.5533313751, 21.4794979095, -26.9014263153, 4.1680932045, -13.6069946289, 8.46837425232, -7.54759120941], "cov": [[16233.4726562, -2104.57910156, -503.806915283, 1079.22375488, 415.822357178, 1025.59436035, 71.9500961304, 331.678710938, -176.581222534, 63.9858436584, -324.347900391, -12.7719717026, -216.223205566], [-2104.57910156, 2171.36083984, 39.5352020264, -111.913078308, 189.451187134, -10.2724466324, 126.633415222, 112.990829468, 129.080871582, 98.2653274536, 147.893936157, -35.2904472351, 42.4161949158], [-503.806915283, 39.5352020264, 1105.0838623, 168.755981445, 197.42666626, 253.880615234, 66.5739364624, 63.7722549438, 60.6657371521, 61.337802887, 34.8553123474, 7.68748950958, -2.23970913887], [1079.22375488, -111.913078308, 168.755981445, 842.264831543, 257.062957764, 107.867782593, 79.775718689, 39.0410346985, 85.125289917, 23.9016342163, -22.367193222, -6.48085737228, 34.556930542], [415.822357178, 189.451187134, 197.42666626, 257.062957764, 478.869659424, 227.605041504, 110.834579468, 117.769737244, 73.8935775757, 82.6337966919, 34.7793769836, -3.81833171844, -6.26789093018], [1025.59436035, -10.2724466324, 253.880615234, 107.867782593, 227.605041504, 495.966461182, 207.717269897, 161.238739014, 33.4249572754, 78.8835906982, 60.9661712646, 42.7603034973, 1.25606322289], [71.9500961304, 126.633415222, 66.5739364624, 79.775718689, 110.834579468, 207.717269897, 264.577178955, 137.982849121, 75.9478683472, 55.0909957886, 51.3939819336, 34.641998291, 29.5998706818], [331.678710938, 112.990829468, 63.7722549438, 39.0410346985, 117.769737244, 161.238739014, 137.982849121, 251.691986084, 119.655586243, 83.7299041748, 42.9948577881, 22.5471000671, 21.1821727753], [-176.581222534, 129.080871582, 60.6657371521, 85.125289917, 73.8935775757, 33.4249572754, 75.9478683472, 119.655586243, 188.986083984, 91.6008987427, 37.3682098389, -2.32178807259, 11.2395973206], [63.9858436584, 98.2653274536, 61.337802887, 23.9016342163, 82.6337966919, 78.8835906982, 55.0909957886, 83.7299041748, 91.6008987427, 141.139266968, 69.8227005005, 12.3110542297, -8.11377716064], [-324.347900391, 147.893936157, 34.8553123474, -22.367193222, 34.7793769836, 60.9661712646, 51.3939819336, 42.9948577881, 37.3682098389, 69.8227005005, 113.220458984, 49.0756759644, 14.1888685226], [-12.7719717026, -35.2904472351, 7.68748950958, -6.48085737228, -3.81833171844, 42.7603034973, 34.641998291, 22.5471000671, -2.32178807259, 12.3110542297, 49.0756759644, 84.8428344727, 44.3124885559], [-216.223205566, 42.4161949158, -2.23970913887, 34.556930542, -6.26789093018, 1.25606322289, 29.5998706818, 21.1821727753, 11.2395973206, -8.11377716064, 14.1888685226, 44.3124885559, 88.6937484741]], "icov": [[0.000130835876917, 5.51523444301e-05, 0.000147865328472, -0.000188162273844, 5.9580343077e-05, -0.00036299432395, 0.000223297378398, -0.000233967715758, 0.000224140021601, -0.000294848839985, 0.000579091778491, -0.00030503954622, 0.000364720937796], [5.51523444301e-05, 0.000664784864057, 4.73729232908e-05, 0.000112733374408, -0.000314653938403, 0.000128313316964, -0.000180012008059, -0.000162304015248, 2.20614225555e-07, 0.000147346218, -0.00108648720197, 0.0012384672882, -0.000582900538575], [0.000147865328472, 4.73729232908e-05, 0.00125454785302, -0.000301478488836, -8.85844492586e-05, -0.00107624055818, 0.00059341971064, -6.97094810675e-06, -0.000156847061589, -0.000305001914967, 0.000565372698475, -0.000255520018982, 0.000328755326336], [-0.000188162273844, 0.000112733374408, -0.000301478488836, 0.00192748056725, -0.0010378746083, 0.000524382456206, -0.000627158849966, 0.000949066248722, -0.00118491367903, 0.000615444208961, -0.00038429707638, 0.000760154332966, -0.00148120103404], [5.9580343077e-05, -0.000314653938403, -8.85844492586e-05, -0.0010378746083, 0.00361056160182, -0.00135211402085, 0.000313641270623, -0.000691140478011, 0.000288720009848, -0.00110429315828, 0.000563508365303, 0.000173523570993, 0.000718107039575], [-0.00036299432395, 0.000128313316964, -0.00107624055818, 0.000524382456206, -0.00135211402085, 0.00567486602813, -0.00328138447367, -0.000976498529781, 0.00157905439846, -7.72099592723e-05, -0.00203728186898, -1.69144129814e-06, 9.42053738981e-05], [0.000223297378398, -0.000180012008059, 0.00059341971064, -0.000627158849966, 0.000313641270623, -0.00328138447367, 0.00776672409847, -0.00206000218168, -0.00118057220243, 0.000509769306518, 6.32054070593e-05, -0.00100479123648, -0.00045345525723], [-0.000233967715758, -0.000162304015248, -6.97094810675e-06, 0.000949066248722, -0.000691140478011, -0.000976498529781, -0.00206000218168, 0.00875189714134, -0.00441824970767, -0.000768538971897, 0.000408537336625, -0.000431727181422, -0.00166047085077], [0.000224140021601, 2.20614225555e-07, -0.000156847061589, -0.00118491367903, 0.000288720009848, 0.00157905439846, -0.00118057220243, -0.00441824970767, 0.0118174860254, -0.00610011443496, 0.000851655204315, 0.00190963118803, -0.000694676826242], [-0.000294848839985, 0.000147346218, -0.000305001914967, 0.000615444208961, -0.00110429315828, -7.72099592723e-05, 0.000509769306518, -0.000768538971897, -0.00610011443496, 0.0168992951512, -0.0100412592292, 0.00242259562947, 0.00161470705643], [0.000579091778491, -0.00108648720197, 0.000565372698475, -0.00038429707638, 0.000563508365303, -0.00203728186898, 6.32054070593e-05, 0.000408537336625, 0.000851655204315, -0.0100412592292, 0.0238799713552, -0.0140679255128, 0.00422713812441], [-0.00030503954622, 0.0012384672882, -0.000255520018982, 0.000760154332966, 0.000173523570993, -1.69144129814e-06, -0.00100479123648, -0.000431727181422, 0.00190963118803, 0.00242259562947, -0.0140679255128, 0.0272837094963, -0.0125889414921], [0.000364720937796, -0.000582900538575, 0.000328755326336, -0.00148120103404, 0.000718107039575, 9.42053738981e-05, -0.00045345525723, -0.00166047085077, -0.000694676826242, 0.00161470705643, 0.00422713812441, -0.0125889414921, 0.0194744635373]]}, "melbands": {"dmean": [0.00303399679251, 0.00166447262745, 0.000974320108071, 0.000465506862383, 0.000151889238623, 5.05959505972e-05, 9.50544490479e-05, 8.79742947291e-05, 7.45996949263e-05, 0.000107942585601, 0.000112211637315, 0.000169978171471, 0.000180847375304, 0.000111251538328, 6.3416089688e-05, 3.00260580843e-05, 2.47452771873e-05, 2.18009172386e-05, 2.18094864977e-05, 2.04521638807e-05, 1.80701954378e-05, 1.39802932608e-05, 1.63131317095e-05, 1.45055973917e-05, 1.16507208077e-05, 1.19829492178e-05, 1.1219375665e-05, 8.51662298373e-06, 8.11324298411e-06, 1.07072637547e-05, 7.36230867915e-06, 7.21339711163e-06, 4.33277136835e-06, 3.24292568621e-06, 3.37916458193e-06, 4.38483948528e-06, 5.672811767e-06, 4.62202206108e-06, 4.24551944889e-06, 4.63672677142e-06], "dmean2": [0.00471860496327, 0.00233007711358, 0.00179435568862, 0.000817230320536, 0.000230582605582, 8.93695905688e-05, 0.00015461773728, 0.000135547787067, 0.000118387310067, 0.000168853774085, 0.000183498705155, 0.000273521320196, 0.000285471352981, 0.000176099580131, 0.000105911152787, 5.04470481246e-05, 4.06640465371e-05, 3.72116555809e-05, 3.6824894778e-05, 3.35661861754e-05, 3.08094204229e-05, 2.41636280407e-05, 2.86961912934e-05, 2.51574292633e-05, 1.99516252906e-05, 2.119419878e-05, 2.02750743483e-05, 1.52617503772e-05, 1.45100057125e-05, 1.93503547052e-05, 1.30629523483e-05, 1.28360925373e-05, 7.31180989533e-06, 5.5318359955e-06, 5.57306839255e-06, 7.45282022763e-06, 9.5745535873e-06, 7.58392388889e-06, 6.9152188189e-06, 7.61059573051e-06], "dvar": [2.57535866695e-05, 7.98883502284e-06, 9.45345072978e-06, 1.74156934918e-06, 1.05939925277e-07, 1.59880109152e-08, 4.78999702125e-08, 3.93342389771e-08, 2.50096086063e-08, 5.22018623883e-08, 6.17741449105e-08, 9.46114084854e-08, 1.12733474111e-07, 6.01273910661e-08, 1.47228975678e-08, 3.04141711815e-09, 3.2081912682e-09, 2.04219130495e-09, 1.62443825058e-09, 2.06402250846e-09, 2.09264405804e-09, 1.23619969816e-09, 1.56401436247e-09, 1.22949206371e-09, 5.30898436324e-10, 1.10509745799e-09, 1.12477183123e-09, 5.00358754429e-10, 2.97950997208e-10, 7.2007610985e-10, 3.1613978102e-10, 3.85223214439e-10, 7.22741588799e-11, 4.3256769694e-11, 4.39908873218e-11, 7.49008841061e-11, 1.49717058195e-10, 7.53704737511e-11, 6.93722787548e-11, 8.80987297003e-11], "dvar2": [6.08620866842e-05, 1.60856216098e-05, 2.70839700534e-05, 4.85141572426e-06, 2.31893167779e-07, 4.53487913887e-08, 1.13274580826e-07, 8.58100577261e-08, 5.62329454112e-08, 1.18201988641e-07, 1.62283924965e-07, 2.27114156814e-07, 2.61618879449e-07, 1.36058844191e-07, 3.77292437292e-08, 8.12222289426e-09, 7.45455608353e-09, 5.13105335997e-09, 4.21969170716e-09, 5.03289854237e-09, 5.42047384755e-09, 3.53219542504e-09, 4.29048974127e-09, 3.40126682374e-09, 1.40283862304e-09, 3.11942294218e-09, 3.19846793495e-09, 1.39131106636e-09, 8.11570644021e-10, 2.03210692717e-09, 8.83798589868e-10, 1.08740672022e-09, 1.85601187197e-10, 1.13505607691e-10, 1.10829796729e-10, 1.94916402463e-10, 3.95934368624e-10, 1.92931490228e-10, 1.72717506963e-10, 2.22762919222e-10], "max": [0.038498852402, 0.0293897166848, 0.0258321538568, 0.015456687659, 0.00384733080864, 0.00204416783527, 0.00320212519728, 0.00424350332469, 0.0033992130775, 0.00514924433082, 0.00560194533318, 0.00585787929595, 0.00493475142866, 0.00576143572107, 0.00200919643976, 0.000736749963835, 0.00130699982401, 0.00107873848174, 0.000495394167956, 0.000600635423325, 0.000686947023496, 0.000458655849798, 0.000613707350567, 0.000393843074562, 0.000440485979198, 0.000407587329391, 0.000538157997653, 0.000741690571886, 0.000229762343224, 0.000264453381533, 0.000160851486726, 0.000258857471636, 8.52888260852e-05, 6.18957419647e-05, 9.68549575191e-05, 8.70268340805e-05, 0.000120565957332, 0.000149068451719, 9.53724884312e-05, 7.480745262e-05], "mean": [0.00411531096324, 0.00230308715254, 0.000708629842848, 0.000401769357268, 0.000163322139997, 5.36348525202e-05, 0.000119086311315, 0.000112941212137, 0.000102946549305, 0.000145111538586, 0.000152207605424, 0.000193774176296, 0.000219409062993, 0.000133843539516, 7.26789585315e-05, 3.34698197548e-05, 2.73219429801e-05, 2.09168956644e-05, 2.11861952266e-05, 2.12373070099e-05, 1.67070556927e-05, 1.33613038997e-05, 1.4474307136e-05, 1.39991807373e-05, 1.15843258754e-05, 1.0418833881e-05, 8.99474525795e-06, 8.00994348538e-06, 7.25616791897e-06, 7.98731798568e-06, 5.90387571719e-06, 5.69915437154e-06, 3.96629911847e-06, 2.99377029478e-06, 3.22331015923e-06, 4.20331571149e-06, 5.18614569955e-06, 4.45375553682e-06, 4.08780761063e-06, 3.98395695811e-06], "median": [0.0017871807795, 0.0009692608146, 8.15166931716e-05, 0.000100705670775, 3.87013169529e-05, 2.28441203944e-05, 3.95772403863e-05, 3.02579610434e-05, 3.17880803777e-05, 4.91537139169e-05, 5.82835527894e-05, 7.46758742025e-05, 6.97152136127e-05, 4.21106051363e-05, 2.21036934818e-05, 9.56660096563e-06, 6.86584553478e-06, 5.94738821746e-06, 6.34351044937e-06, 4.81131792185e-06, 3.85622615795e-06, 3.85043813367e-06, 3.38814925271e-06, 3.23658628076e-06, 2.78537095255e-06, 2.11887254409e-06, 1.70658790921e-06, 1.5499535948e-06, 1.17845274872e-06, 9.41991800119e-07, 7.83191183018e-07, 6.67046208491e-07, 5.68609323182e-07, 4.52081280855e-07, 4.23750833534e-07, 5.14923499395e-07, 7.83658492765e-07, 7.59319220833e-07, 7.19595789178e-07, 4.98533040627e-07], "min": [1.08638271441e-23, 3.87529465857e-23, 3.05468020865e-23, 1.40067617976e-23, 7.3023749591e-24, 1.06714042478e-23, 5.16295184085e-24, 3.97482831554e-24, 3.96003599028e-24, 1.31917761858e-23, 9.21306864675e-24, 8.92454119295e-24, 7.51883760264e-24, 9.3214163255e-24, 1.67617606903e-23, 1.92764835954e-23, 1.07870528342e-23, 1.52271138408e-23, 8.91024466676e-24, 8.68551712753e-24, 7.32185982346e-24, 9.52548911966e-24, 2.10383428961e-23, 7.69681330032e-24, 7.06035243338e-24, 9.91271253904e-24, 1.16847339459e-23, 8.49576531424e-24, 1.76497893e-23, 7.61460768311e-24, 9.90867830437e-24, 9.40520597541e-24, 9.31139226998e-24, 1.26552797728e-23, 1.01246928749e-23, 1.14180145518e-23, 7.90825326647e-24, 9.18256733985e-24, 8.33026624063e-24, 1.2469778342e-23], "var": [3.78801560146e-05, 1.35232749017e-05, 5.61335809834e-06, 1.17250226594e-06, 1.29667895976e-07, 1.17815135425e-08, 5.51261649662e-08, 6.56747332073e-08, 4.31591153927e-08, 8.32389375205e-08, 8.71280221304e-08, 1.17255829934e-07, 1.55617115638e-07, 8.57732302961e-08, 1.81030621604e-08, 3.47566708747e-09, 4.57468196657e-09, 2.33414909623e-09, 1.63630431427e-09, 2.40324182776e-09, 1.94213711779e-09, 9.50427403446e-10, 1.18800214111e-09, 1.05924802263e-09, 6.49733378211e-10, 7.92813370509e-10, 7.34119542933e-10, 5.22017540305e-10, 2.85510642906e-10, 4.65127492077e-10, 2.20392024075e-10, 2.51095977344e-10, 6.54400977851e-11, 4.05225471234e-11, 4.29465317475e-11, 7.42216565985e-11, 1.29350127831e-10, 7.43456060603e-11, 6.67745234106e-11, 7.83704282026e-11]}, "mfcc": {"mean": [-669.418579102, 102.004585266, 11.2631473541, 2.70238041878, 4.3488702774, 4.48496580124, 20.0220279694, 14.9335489273, 9.35507488251, 2.50400066376, -1.04247248173, 3.35361194611, 2.54019808769], "cov": [[11400.8857422, -1118.01623535, -277.737854004, 73.9044189453, 319.499847412, 407.817382812, 216.544662476, 244.672851562, 221.202331543, 119.570350647, 60.7580909729, -11.727853775, -88.349105835], [-1118.01623535, 1951.22070312, 8.88694763184, -167.152572632, 76.3045272827, -60.9052391052, 165.882110596, 17.7273464203, 80.2977600098, 68.9040222168, 148.993835449, 120.059211731, 73.2253265381], [-277.737854004, 8.88694763184, 807.345825195, 80.2374954224, 144.375961304, 152.672744751, 102.891746521, 74.9055328369, 42.9858589172, 58.0855484009, 30.5151195526, 21.4035968781, 22.1733379364], [73.9044189453, -167.152572632, 80.2374954224, 627.683959961, 189.979156494, 104.533325195, -37.6572341919, 13.3835000992, 59.2597732544, 35.4159927368, 24.7552375793, -4.52376699448, -3.89256763458], [319.499847412, 76.3045272827, 144.375961304, 189.979156494, 402.153839111, 175.132675171, 118.415367126, 58.6487960815, 74.8043899536, 86.7994232178, 79.1905212402, 44.1463623047, 12.239783287], [407.817382812, -60.9052391052, 152.672744751, 104.533325195, 175.132675171, 293.579986572, 164.975875854, 84.5356369019, 56.2179718018, 55.0956993103, 63.4425697327, 31.7798881531, 27.3220996857], [216.544662476, 165.882110596, 102.891746521, -37.6572341919, 118.415367126, 164.975875854, 276.529174805, 133.431228638, 83.5302658081, 54.6491165161, 57.1934394836, 65.7128372192, 47.6340866089], [244.672851562, 17.7273464203, 74.9055328369, 13.3835000992, 58.6487960815, 84.5356369019, 133.431228638, 180.491470337, 108.522613525, 62.3730735779, 27.9063949585, 34.8490943909, 39.9076652527], [221.202331543, 80.2977600098, 42.9858589172, 59.2597732544, 74.8043899536, 56.2179718018, 83.5302658081, 108.522613525, 167.427230835, 108.489494324, 67.3786087036, 37.6943244934, 26.777469635], [119.570350647, 68.9040222168, 58.0855484009, 35.4159927368, 86.7994232178, 55.0956993103, 54.6491165161, 62.3730735779, 108.489494324, 145.837356567, 101.918487549, 60.7132072449, 26.6501235962], [60.7580909729, 148.993835449, 30.5151195526, 24.7552375793, 79.1905212402, 63.4425697327, 57.1934394836, 27.9063949585, 67.3786087036, 101.918487549, 153.200424194, 99.576789856, 39.0903816223], [-11.727853775, 120.059211731, 21.4035968781, -4.52376699448, 44.1463623047, 31.7798881531, 65.7128372192, 34.8490943909, 37.6943244934, 60.7132072449, 99.576789856, 129.183273315, 59.5864295959], [-88.349105835, 73.2253265381, 22.1733379364, -3.89256763458, 12.239783287, 27.3220996857, 47.6340866089, 39.9076652527, 26.777469635, 26.6501235962, 39.0903816223, 59.5864295959, 84.2679748535]], "icov": [[0.000107150488475, 6.53788665659e-05, 7.24190394976e-05, 5.20470930496e-05, -6.81922829244e-05, -0.00012750129099, 1.66926820384e-05, -8.22516813059e-05, -0.000146743826917, 7.73912470322e-05, -3.87850122934e-05, -4.48200917162e-05, 0.000191477389308], [6.53788665659e-05, 0.000712248438504, 3.05007642964e-06, 0.000154611698235, -0.000242958805757, 0.000611190451309, -0.00069179647835, 0.00038532904, -0.000454805005575, 0.000497948436532, -0.000912321789656, 0.000255360588199, -0.000268653297098], [7.24190394976e-05, 3.05007642964e-06, 0.00147875049151, -1.97709396161e-05, -0.000254352984484, -0.000638657715172, -5.22569564509e-07, -0.000384553160984, 0.000353966432158, -0.000643120263703, 0.000437701091869, -4.63185060653e-05, 3.03102733596e-05], [5.20470930496e-05, 0.000154611698235, -1.97709396161e-05, 0.00229087471962, -0.00110276509076, -0.000918293488212, 0.00150363962166, 6.07251749898e-05, -0.00150895654224, 0.000953737820964, 4.93380175612e-05, -0.000254847080214, -5.43789137737e-05], [-6.81922829244e-05, -0.000242958805757, -0.000254352984484, -0.00110276509076, 0.00432613445446, -0.00142730388325, -0.000965596060269, 0.000492445018608, 0.00037102252827, -0.00169464549981, 6.19025886408e-05, -0.000333156931447, 0.000927535351366], [-0.00012750129099, 0.000611190451309, -0.000638657715172, -0.000918293488212, -0.00142730388325, 0.0081031518057, -0.00450811255723, -0.000354438991053, 0.00160199368838, 0.000293686083751, -0.00392092904076, 0.00347974058241, -0.00148659048136], [1.66926820384e-05, -0.00069179647835, -5.22569564509e-07, 0.00150363962166, -0.000965596060269, -0.00450811255723, 0.0100018428639, -0.00444701733068, -0.00141141982749, 0.00178524304647, 0.00147072016262, -0.00350888399407, 0.000425259553595], [-8.22516813059e-05, 0.00038532904, -0.000384553160984, 6.07251749898e-05, 0.000492445018608, -0.000354438991053, -0.00444701733068, 0.0139447404072, -0.00730250263587, -0.000728959625121, 0.00384991616011, -0.00106074183714, -0.00284870737232], [-0.000146743826917, -0.000454805005575, 0.000353966432158, -0.00150895654224, 0.00037102252827, 0.00160199368838, -0.00141141982749, -0.00730250263587, 0.0182728506625, -0.0105212107301, -0.00146739115007, 0.00341840577312, -0.000454219611129], [7.73912470322e-05, 0.000497948436532, -0.000643120263703, 0.000953737820964, -0.00169464549981, 0.000293686083751, 0.00178524304647, -0.000728959625121, -0.0105212107301, 0.02231522277, -0.0107296835631, 7.45989527786e-05, 0.000559269683436], [-3.87850122934e-05, -0.000912321789656, 0.000437701091869, 4.93380175612e-05, 6.19025886408e-05, -0.00392092904076, 0.00147072016262, 0.00384991616011, -0.00146739115007, -0.0107296835631, 0.0241119209677, -0.0140365567058, 0.00184675678611], [-4.48200917162e-05, 0.000255360588199, -4.63185060653e-05, -0.000254847080214, -0.000333156931447, 0.00347974058241, -0.00350888399407, -0.00106074183714, 0.00341840577312, 7.45989527786e-05, -0.0140365567058, 0.0231480207294, -0.00982915982604], [0.000191477389308, -0.000268653297098, 3.03102733596e-05, -5.43789137737e-05, 0.000927535351366, -0.00148659048136, 0.000425259553595, -0.00284870737232, -0.000454219611129, 0.000559269683436, 0.00184675678611, -0.00982915982604, 0.0198076441884]]}, "spectral_contrast_coeffs": {"dmean": [0.0587265491486, 0.0540887862444, 0.0490468628705, 0.0393069460988, 0.0271318890154, 0.023865500465], "dmean2": [0.0956339240074, 0.0887956246734, 0.0811390057206, 0.0644330084324, 0.0435085445642, 0.0375185273588], "dvar": [0.00268538366072, 0.0019755102694, 0.00164449459407, 0.00103867682628, 0.000568043789826, 0.000624538748525], "dvar2": [0.00727510685101, 0.00503233727068, 0.00440487358719, 0.00261642644182, 0.0013324682368, 0.00150611670688], "max": [-0.282234579325, -0.45354861021, -0.517642617226, -0.538124084473, -0.571416854858, -0.643924415112], "mean": [-0.67029094696, -0.764914512634, -0.771708667278, -0.788563430309, -0.806735336781, -0.807286679745], "median": [-0.684285879135, -0.774379134178, -0.775826632977, -0.791875123978, -0.812257945538, -0.812514364719], "min": [-0.977412045002, -0.955600976944, -0.966148257256, -0.962257623672, -0.963953852654, -0.95955747366], "var": [0.00736968033016, 0.00503559410572, 0.00426754355431, 0.00313779874705, 0.00207516248338, 0.00168712064624]}, "spectral_contrast_valleys": {"dmean": [0.511992573738, 0.495605677366, 0.472593188286, 0.577261090279, 0.578451216221, 0.621351957321], "dmean2": [0.801308274269, 0.810454428196, 0.750611066818, 0.885378301144, 0.832462847233, 0.821558535099], "dvar": [0.238215923309, 0.21725063026, 0.190299138427, 0.319844454527, 0.394446760416, 0.458673596382], "dvar2": [0.502123832703, 0.533629179001, 0.456078231335, 0.719231665134, 0.891707420349, 1.00427389145], "max": [-5.16427230835, -5.06164836884, -4.98022317886, -5.41010332108, -5.09012937546, -7.1954703331], "mean": [-7.7570681572, -7.37920856476, -7.1