{"lowlevel": {"average_loudness": 0.679490983486, "barkbands_crest": {"dmean": 2.67105293274, "dmean2": 4.09118938446, "dvar": 6.26223373413, "dvar2": 13.5767250061, "max": 26.3994598389, "mean": 12.8224992752, "median": 12.2546672821, "min": 2.80953335762, "var": 25.6237373352}, "barkbands_flatness_db": {"dmean": 0.0230935364962, "dmean2": 0.0327135212719, "dvar": 0.000598370621447, "dvar2": 0.00110466475599, "max": 0.489535391331, "mean": 0.200773239136, "median": 0.201010376215, "min": 0.0272460393608, "var": 0.00590500421822}, "barkbands_kurtosis": {"dmean": 6.94807291031, "dmean2": 10.106546402, "dvar": 167.305541992, "dvar2": 337.415618896, "max": 316.117004395, "mean": 14.3358783722, "median": 5.74924516678, "min": -1.92410063744, "var": 486.170257568}, "barkbands_skewness": {"dmean": 0.691848635674, "dmean2": 0.989490270615, "dvar": 0.657372057438, "dvar2": 1.24681031704, "max": 13.0287065506, "mean": 2.22003364563, "median": 1.78795349598, "min": -3.64192914963, "var": 3.91936373711}, "barkbands_spread": {"dmean": 4.07207918167, "dmean2": 6.06645488739, "dvar": 56.983215332, "dvar2": 103.292121887, "max": 109.721046448, "mean": 14.0477771759, "median": 8.4486656189, "min": 0.214211583138, "var": 278.259338379}, "dissonance": {"dmean": 0.0272951964289, "dmean2": 0.045017529279, "dvar": 0.000689071195666, "dvar2": 0.00183581782039, "max": 0.499950498343, "mean": 0.418222814798, "median": 0.429349511862, "min": 0.15869474411, "var": 0.00299924425781}, "dynamic_complexity": 4.66491985321, "erbbands_crest": {"dmean": 2.98499202728, "dmean2": 4.62768316269, "dvar": 8.09479999542, "dvar2": 17.8818531036, "max": 33.2537994385, "mean": 13.7381219864, "median": 12.4945411682, "min": 2.56339812279, "var": 37.6268310547}, "erbbands_flatness_db": {"dmean": 0.0191781949252, "dmean2": 0.0277785584331, "dvar": 0.000399342825403, "dvar2": 0.000836096180137, "max": 0.516830027103, "mean": 0.204940482974, "median": 0.19367825985, "min": 0.0481444820762, "var": 0.00635082041845}, "erbbands_kurtosis": {"dmean": 2.43497109413, "dmean2": 3.68263626099, "dvar": 18.3036155701, "dvar2": 41.2566986084, "max": 167.645324707, "mean": 3.95393538475, "median": 1.70396876335, "min": -1.91072511673, "var": 49.0029716492}, "erbbands_skewness": {"dmean": 0.499553918839, "dmean2": 0.716088294983, "dvar": 0.29447928071, "dvar2": 0.609085857868, "max": 8.10744667053, "mean": 1.20778977871, "median": 1.07973909378, "min": -4.2333407402, "var": 1.62789583206}, "erbbands_spread": {"dmean": 7.19625902176, "dmean2": 10.7798013687, "dvar": 110.333465576, "dvar2": 243.615097046, "max": 145.872711182, "mean": 29.1749153137, "median": 23.5219154358, "min": 0.511548638344, "var": 444.026580811}, "hfc": {"dmean": 3.16939997673, "dmean2": 4.33667755127, "dvar": 58.6264152527, "dvar2": 100.892349243, "max": 207.957305908, "mean": 9.17161846161, "median": 4.78396987915, "min": 1.2390686473e-16, "var": 206.589172363}, "melbands_crest": {"dmean": 3.33811116219, "dmean2": 5.19786643982, "dvar": 9.07481861115, "dvar2": 21.2373867035, "max": 34.1109924316, "mean": 17.4337806702, "median": 16.6274662018, "min": 1.70609879494, "var": 41.7121658325}, "melbands_flatness_db": {"dmean": 0.0267507042736, "dmean2": 0.0371364057064, "dvar": 0.000839062966406, "dvar2": 0.00145170267206, "max": 0.594074785709, "mean": 0.283621430397, "median": 0.290011525154, "min": 0.0040370975621, "var": 0.00813610013574}, "melbands_kurtosis": {"dmean": 13.2135925293, "dmean2": 19.3310146332, "dvar": 604.508789062, "dvar2": 1262.66064453, "max": 598.223571777, "mean": 27.6446552277, "median": 11.0188922882, "min": -1.88625156879, "var": 1824.07739258}, "melbands_skewness": {"dmean": 0.876577794552, "dmean2": 1.2893435955, "dvar": 1.03388404846, "dvar2": 2.12364721298, "max": 17.6594810486, "mean": 3.01761198044, "median": 2.42483258247, "min": -2.21369791031, "var": 5.64826488495}, "melbands_spread": {"dmean": 5.02575778961, "dmean2": 7.30204963684, "dvar": 153.13772583, "dvar2": 273.461975098, "max": 285.517364502, "mean": 15.7219028473, "median": 8.32369422913, "min": 0.39194253087, "var": 694.01965332}, "pitch_salience": {"dmean": 0.0708688870072, "dmean2": 0.108277775347, "dvar": 0.00494554638863, "dvar2": 0.010562621057, "max": 0.824667990208, "mean": 0.488705575466, "median": 0.502059102058, "min": 0.0510378330946, "var": 0.0180849265307}, "silence_rate_20dB": {"dmean": 0, "dmean2": 0, "dvar": 0, "dvar2": 0, "max": 1, "mean": 1, "median": 1, "min": 1, "var": 0}, "silence_rate_30dB": {"dmean": 0.0421876683831, "dmean2": 0.0843845158815, "dvar": 0.040407679975, "dvar2": 0.0777001604438, "max": 1, "mean": 0.928571403027, "median": 1, "min": 0, "var": 0.0663268938661}, "silence_rate_60dB": {"dmean": 0.0465369150043, "dmean2": 0.093083947897, "dvar": 0.0443720594049, "dvar2": 0.0983412787318, "max": 1, "mean": 0.205370739102, "median": 0, "min": 0, "var": 0.163209736347}, "spectral_centroid": {"dmean": 151.413986206, "dmean2": 212.74546814, "dvar": 81607.46875, "dvar2": 129830.695312, "max": 10854.6894531, "mean": 815.226867676, "median": 585.722412109, "min": 122.832351685, "var": 492236.71875}, "spectral_complexity": {"dmean": 1.3152115345, "dmean2": 2.18040442467, "dvar": 1.94318711758, "dvar2": 4.57646465302, "max": 38, "mean": 7.32572317123, "median": 7, "min": 0, "var": 13.2258396149}, "spectral_decrease": {"dmean": 2.36161201705e-09, "dmean2": 2.98646374297e-09, "dvar": 2.37985453972e-17, "dvar2": 3.11051640968e-17, "max": 6.48167457661e-19, "mean": -6.26350349364e-09, "median": -2.44333664412e-09, "min": -6.32889651797e-08, "var": 9.7157564256e-17}, "spectral_energy": {"dmean": 0.00911973323673, "dmean2": 0.0115727968514, "dvar": 0.000347397814039, "dvar2": 0.000457126297988, "max": 0.244249597192, "mean": 0.0244718845934, "median": 0.00991366803646, "min": 1.12391469364e-20, "var": 0.00142553402111}, "spectral_energyband_high": {"dmean": 0.000174698070623, "dmean2": 0.000240865556407, "dvar": 6.70447320772e-07, "dvar2": 1.07404275695e-06, "max": 0.0247085224837, "mean": 0.000359549187124, "median": 5.30248980795e-05, "min": 8.25529401723e-21, "var": 2.22097992264e-06}, "spectral_energyband_low": {"dmean": 0.00649703107774, "dmean2": 0.00889980606735, "dvar": 0.000383034988772, "dvar2": 0.00061199942138, "max": 0.178950175643, "mean": 0.0109869185835, "median": 0.00102552445605, "min": 7.18281898684e-23, "var": 0.000913394091185}, "spectral_energyband_middle_high": {"dmean": 0.000362527702237, "dmean2": 0.000523951661307, "dvar": 7.20918023944e-07, "dvar2": 1.35909181154e-06, "max": 0.0396417863667, "mean": 0.00107176008169, "median": 0.00053433451103, "min": 1.61539427318e-21, "var": 2.76788182418e-06}, "spectral_energyband_middle_low": {"dmean": 0.00716943852603, "dmean2": 0.011387385428, "dvar": 0.000334990763804, "dvar2": 0.000857298611663, "max": 0.195718795061, "mean": 0.0128793036565, "median": 0.00574238505214, "min": 4.07218859761e-22, "var": 0.00041160985711}, "spectral_entropy": {"dmean": 0.212294980884, "dmean2": 0.299650937319, "dvar": 0.060882113874, "dvar2": 0.123714454472, "max": 9.80222511292, "mean": 6.88296413422, "median": 6.8462433815, "min": 4.35066604614, "var": 0.567055642605}, "spectral_flux": {"dmean": 0.0261631887406, "dmean2": 0.0371197462082, "dvar": 0.0017070468748, "dvar2": 0.00289194146171, "max": 0.464387625456, "mean": 0.0645759701729, "median": 0.0370641201735, "min": 1.06014842738e-10, "var": 0.00616989191622}, "spectral_kurtosis": {"dmean": 3.940751791, "dmean2": 6.56031656265, "dvar": 43.3120002747, "dvar2": 120.662788391, "max": 102.448547363, "mean": 11.2102546692, "median": 7.05455636978, "min": -1.45231735706, "var": 149.857925415}, "spectral_rms": {"dmean": 0.000732198124751, "dmean2": 0.000961370475125, "dvar": 1.31087824684e-06, "dvar2": 1.77254503342e-06, "max": 0.0154367182404, "mean": 0.00391787011176, "median": 0.00310996337794, "min": 3.31134729012e-12, "var": 8.52521316119e-06}, "spectral_rolloff": {"dmean": 292.484191895, "dmean2": 492.125366211, "dvar": 971962.25, "dvar2": 1905931.25, "max": 18949.21875, "mean": 1262.3927002, "median": 581.396484375, "min": 64.599609375, "var": 7298870}, "spectral_skewness": {"dmean": 0.367544233799, "dmean2": 0.585249722004, "dvar": 0.227309182286, "dvar2": 0.598607897758, "max": 8.28750991821, "mean": 2.39833021164, "median": 2.19939613342, "min": -0.373106688261, "var": 1.18362557888}, "spectral_spread": {"dmean": 541219.75, "dmean2": 804698.1875, "dvar": 774670123008, "dvar2": 1262428749820.0, "max": 41174168, "mean": 4598476, "median": 4322192.5, "min": 721943, "var": 5690348273660.0}, "spectral_strongpeak": {"dmean": 0.330356568098, "dmean2": 0.519008219242, "dvar": 0.273181170225, "dvar2": 0.684376120567, "max": 13.6791276932, "mean": 0.844526827335, "median": 0.701228439808, "min": 0, "var": 0.563113689423}, "zerocrossingrate": {"dmean": 0.00898247398436, "dmean2": 0.00999654456973, "dvar": 0.000263291585725, "dvar2": 0.000239432527451, "max": 0.5166015625, "mean": 0.051120147109, "median": 0.031005859375, "min": 0.0029296875, "var": 0.00499935122207}, "barkbands": {"dmean": [0.0002685583313, 0.00485435361043, 0.00368199823424, 0.00261795008555, 0.00372896250337, 0.00160117587075, 0.000610365648754, 0.00028875406133, 0.000175208944711, 0.000157976188348, 0.000121408782434, 4.84836418764e-05, 7.59163012845e-05, 1.67840571521e-05, 4.6240966185e-05, 3.02807402477e-05, 4.53091452073e-05, 1.8683496819e-05, 2.25555613724e-05, 1.5064638319e-05, 1.62884462043e-05, 2.76782429864e-05, 3.85453386116e-05, 6.65338593535e-05, 3.84718478017e-05, 8.00635370979e-06, 2.26714405471e-06], "dmean2": [0.000432424683822, 0.00639502331614, 0.00615683803335, 0.00466071814299, 0.00628535496071, 0.00240775942802, 0.000879001396243, 0.000397092313506, 0.000245140661718, 0.000231706071645, 0.000170184750459, 7.35507201171e-05, 0.000115980525152, 2.63362435362e-05, 7.32511471142e-05, 4.87486468046e-05, 7.11906614015e-05, 2.99281655316e-05, 3.6320900108e-05, 2.42715650529e-05, 2.59395255853e-05, 4.23210622102e-05, 5.67562092328e-05, 9.52029076871e-05, 5.37933447049e-05, 1.13455234896e-05, 3.40778797181e-06], "dvar": [4.94729761158e-07, 0.000216265179915, 0.000215851279791, 0.000104568782263, 0.000129901643959, 1.79304315679e-05, 3.01066029351e-06, 6.06911100931e-07, 1.59531822419e-07, 4.59305312006e-07, 1.3775088803e-07, 2.12970103775e-08, 7.13761494353e-08, 1.3667755816e-09, 2.174372149e-08, 1.25157200159e-08, 5.62098101398e-08, 2.03470995608e-09, 3.05410208234e-09, 2.38092678906e-09, 2.40501174531e-09, 2.190693138e-08, 4.48337615921e-08, 1.40142958571e-07, 5.95342797283e-08, 2.43891817853e-09, 1.4494880296e-10], "dvar2": [1.40005988669e-06, 0.000298223749269, 0.000555250502657, 0.000296161102597, 0.000360231671948, 4.3405143515e-05, 6.3664301706e-06, 1.11710983219e-06, 2.93917850058e-07, 8.09551693237e-07, 2.40180241917e-07, 4.39453096135e-08, 1.64746296605e-07, 3.09100478546e-09, 4.91269602776e-08, 3.20564481626e-08, 1.29502680579e-07, 5.08282660405e-09, 7.92505172598e-09, 5.96879834447e-09, 5.46136247337e-09, 4.57284095035e-08, 9.10308273205e-08, 2.57249695323e-07, 9.83711103686e-08, 5.08143127576e-09, 2.56642929131e-10], "max": [0.0311067886651, 0.131588131189, 0.114709988236, 0.109035566449, 0.141421467066, 0.11279861629, 0.0683262869716, 0.0244876090437, 0.0132132815197, 0.041153460741, 0.0185996647924, 0.00442741205916, 0.00834123697132, 0.00107696081977, 0.00374722341076, 0.00341224693693, 0.00885827839375, 0.00156189512927, 0.0013676994713, 0.0017752192216, 0.00215928955004, 0.00486643705517, 0.00735134677961, 0.0111817009747, 0.00975076854229, 0.0020109761972, 0.000710356747732], "mean": [0.000607036694419, 0.00668522855267, 0.00292938644998, 0.00240891124122, 0.00491776876152, 0.00320545514114, 0.00132026942447, 0.000535400991794, 0.000380633951863, 0.000284982292214, 0.000240825829678, 9.33594274102e-05, 0.000146614198457, 3.08604176098e-05, 8.69833675097e-05, 5.85605994274e-05, 8.11852078186e-05, 4.05315222451e-05, 4.59403781861e-05, 2.8927492167e-05, 2.88939936581e-05, 4.49782965006e-05, 6.44192259642e-05, 0.000115853894386, 6.43483435852e-05, 1.65213368746e-05, 7.96454332885e-06], "median": [0.000473526830319, 0.000420141033828, 9.04266635189e-05, 0.000182371964911, 0.00091670016991, 0.000536644714884, 0.000252774741966, 0.000122062527225, 0.000111744098831, 6.91733730491e-05, 4.46885751444e-05, 3.36571829394e-05, 3.06862202706e-05, 1.55595371325e-05, 2.23081442527e-05, 1.74598517333e-05, 1.37502629514e-05, 1.31078504637e-05, 1.34676283778e-05, 6.31886723568e-06, 7.11668690201e-06, 3.45725220541e-06, 4.53200209449e-06, 6.29110218142e-06, 4.32463730249e-06, 1.95124835045e-06, 9.66714566175e-08], "min": [2.07706823909e-23, 3.37187644547e-23, 6.41576235481e-24, 5.50304003228e-23, 8.62614603585e-23, 3.10743607055e-23, 8.4133517533e-23, 4.48161031043e-23, 8.24327839084e-23, 6.77406471346e-23, 3.26045646904e-23, 8.4086501423e-23, 1.64260946954e-22, 1.88667192645e-22, 9.98774709508e-23, 1.62945606591e-22, 2.60083224779e-22, 2.22114831918e-22, 1.42337555765e-22, 3.23756770143e-22, 4.18054299745e-22, 4.64678604573e-22, 6.20602251013e-22, 8.65049773023e-22, 1.48312322628e-21, 2.07118189786e-21, 2.34725807211e-21], "var": [5.95835274453e-07, 0.000456173496787, 0.000165246543474, 7.25266727386e-05, 0.000122677040054, 5.67548595427e-05, 1.35056325234e-05, 1.84711745987e-06, 6.12346241269e-07, 1.06831441826e-06, 6.02295642693e-07, 6.86788439452e-08, 1.76976371336e-07, 2.98766988927e-09, 6.23877838279e-08, 2.70691948856e-08, 1.30214772298e-07, 7.63130536541e-09, 8.45811420902e-09, 5.77814462943e-09, 4.92139617947e-09, 5.00961441219e-08, 1.12804798391e-07, 4.0854956751e-07, 1.44050417816e-07, 5.7784506069e-09, 1.40764178092e-09]}, "erbbands": {"dmean": [0.104092493653, 1.26628506184, 4.04708623886, 6.22632455826, 9.99963951111, 13.1232662201, 18.3315849304, 9.84172534943, 8.58900547028, 6.54053783417, 6.82617473602, 4.67752170563, 4.1408996582, 6.11313152313, 2.71832156181, 2.26265287399, 3.50354385376, 1.33143055439, 2.33560013771, 1.3047015667, 2.18641090393, 1.53208911419, 0.933446347713, 1.30825948715, 0.848216414452, 0.665996015072, 0.712679088116, 0.607253074646, 0.796926259995, 1.30672311783, 1.10492038727, 1.25513660908, 1.16555857658, 0.640897989273, 0.152635395527, 0.0491046905518, 0.0134951490909, 0.00282256002538, 0.000393953698222, 3.67600441677e-05], "dmean2": [0.144182935357, 1.64823663235, 6.21638774872, 10.7188863754, 17.3504734039, 22.8106307983, 28.9140968323, 14.9323329926, 12.5732975006, 9.24120998383, 9.38317012787, 6.47497177124, 5.95471668243, 8.82282543182, 3.85567259789, 3.38448500633, 5.37027597427, 2.00774431229, 3.66770195961, 2.08661842346, 3.54553127289, 2.41447401047, 1.49097192287, 2.1090760231, 1.35270571709, 1.07705438137, 1.14822685719, 0.938234746456, 1.23137712479, 1.92731237411, 1.62644040585, 1.80537986755, 1.67239308357, 0.894551932812, 0.204255446792, 0.0678882673383, 0.0180544201285, 0.0036619156599, 0.00048507633619, 5.16461295774e-05], "dvar": [0.0842893347144, 15.5525512695, 230.301208496, 563.839904785, 1242.58850098, 2032.16638184, 2561.23486328, 1205.27770996, 658.081726074, 442.015960693, 325.638427734, 110.946281433, 445.241210938, 308.386810303, 70.5345230103, 52.5013198853, 151.411209106, 11.0875730515, 72.9402770996, 12.4583854675, 95.8833465576, 44.6816635132, 5.91997241974, 11.5248479843, 4.96727514267, 5.61622142792, 4.72081041336, 5.01172637939, 14.0853214264, 60.7422180176, 40.1581077576, 44.3383255005, 51.8354148865, 17.9703273773, 0.925295472145, 0.111618600786, 0.00642507709563, 0.000248743745033, 5.47212221136e-06, 2.2099326813e-08], "dvar2": [0.157841071486, 21.2341709137, 546.650390625, 1532.63500977, 3463.62084961, 5811.79638672, 6355.85693359, 3006.52050781, 1416.27001953, 836.310241699, 615.638305664, 203.52154541, 771.527832031, 558.739562988, 112.582717896, 106.44506073, 360.808197021, 23.0175666809, 160.851455688, 32.0004234314, 247.712341309, 109.309883118, 14.6405010223, 29.9724197388, 12.1469841003, 14.1777820587, 11.7106609344, 10.3586177826, 28.0654373169, 124.35799408, 84.5727233887, 79.1415710449, 101.330535889, 31.1881790161, 1.44417417049, 0.219380110502, 0.0125277442858, 0.000328893162077, 5.85859288549e-06, 4.454542335e-08], "max": [3.3869946003, 35.198184967, 128.805908203, 213.91229248, 447.875579834, 570.833496094, 1223.26745605, 1441.99047852, 992.323425293, 879.627075195, 664.187866211, 374.926391602, 1400.04992676, 750.153015137, 455.999572754, 229.366165161, 349.78125, 104.851051331, 225.690841675, 100.017234802, 316.077941895, 273.224975586, 102.782081604, 80.0177688599, 67.0505142212, 98.470161438, 65.5676651001, 120.958099365, 153.858261108, 242.69380188, 233.631149292, 227.375488281, 230.197616577, 183.985412598, 38.371837616, 17.1501102448, 3.5016605854, 1.15401136875, 0.169395253062, 0.01009266451], "mean": [0.136946082115, 1.67955851555, 3.7150888443, 5.91049194336, 10.7692394257, 16.0671672821, 33.2540550232, 20.1136703491, 18.4815940857, 14.0862522125, 13.2722263336, 10.564283371, 8.04381465912, 11.9427986145, 6.06983137131, 4.64920806885, 6.86794424057, 2.98533344269, 4.50131654739, 2.88936781883, 4.45289516449, 3.18602204323, 2.24627900124, 2.70561957359, 1.86986386776, 1.33050072193, 1.2989051342, 1.06524038315, 1.31109333038, 2.16122317314, 1.78339505196, 2.14308214188, 1.98018670082, 1.04432702065, 0.27193453908, 0.0853338167071, 0.0280343070626, 0.00733743887395, 0.00109185243491, 0.000140075440868], "median": [0.0189172085375, 0.0680300891399, 0.128657966852, 0.538738489151, 0.946391940117, 3.07330703735, 4.49529933929, 3.73008775711, 4.0524225235, 3.85329627991, 3.64411211014, 3.57698225975, 2.59847044945, 2.88806867599, 1.65786957741, 1.64326047897, 1.59529948235, 1.21840310097, 1.24776244164, 1.12236785889, 1.01838421822, 0.72841578722, 0.772243142128, 0.832641482353, 0.521471261978, 0.313249856234, 0.305083334446, 0.229759693146, 0.136027783155, 0.113988310099, 0.131361663342, 0.131400436163, 0.0994299501181, 0.0591235421598, 0.0218293145299, 0.00954843964428, 0.0034767347388, 0.00047411833657, 3.59510413546e-05, 2.32449147006e-05], "min": [1.91925874808e-21, 3.867142469e-21, 9.06100751574e-21, 8.77834180585e-20, 3.40049581273e-19, 2.26100204467e-19, 1.7020574932e-19, 2.50997100134e-19, 4.75956984427e-19, 1.53678918496e-18, 1.57736983863e-18, 2.24578543691e-18, 1.47645142575e-18, 2.29150102103e-18, 1.4638631844e-18, 3.9960987859e-18, 8.62323050005e-18, 1.03530190165e-17, 5.12572268659e-18, 5.77224167668e-18, 1.40088793913e-17, 1.17183724346e-17, 1.22034882212e-17, 8.92189894946e-18, 1.03078400658e-17, 1.3794966349e-17, 1.42321271668e-17, 1.68881346306e-17, 1.49937719138e-17, 2.15826526133e-17, 1.45572025301e-17, 1.39807999182e-17, 1.77484372092e-17, 1.45422437959e-17, 1.27122291134e-17, 7.95703908704e-18, 3.9786225275e-18, 1.34466893967e-18, 3.01947212416e-19, 3.48181096274e-20], "var": [0.155116349459, 31.5705661774, 220.866210938, 422.721923828, 1074.85583496, 1604.12280273, 6724.55273438, 3816.6652832, 2603.95996094, 1528.97900391, 1088.25378418, 453.435424805, 1023.25671387, 992.422790527, 395.974212646, 177.746505737, 357.055297852, 31.9599666595, 210.973831177, 34.3159294128, 277.421447754, 115.737838745, 24.6917057037, 28.769569397, 16.2594795227, 12.3657178879, 8.74341392517, 11.0888299942, 33.5987968445, 142.330795288, 90.1378097534, 129.600967407, 131.998550415, 41.6883239746, 2.34197568893, 0.217016994953, 0.0213048029691, 0.0016695127124, 4.21701624873e-05, 4.43169199116e-07]}, "gfcc": {"mean": [-112.945350647, 109.028526306, -96.1641387939, 7.31246852875, -59.3189277649, 0.195234671235, -39.3719863892, 4.0807557106, -18.3065948486, -1.2756279707, -6.99915456772, 0.255971252918, -3.21221899986], "cov": [[28657.6542969, 396.635009766, 1756.42614746, 1863.8951416, -513.107910156, 834.284240723, -744.807067871, -202.661300659, -920.320617676, 64.7301864624, -5.89007949829, 161.833129883, -258.501403809], [396.635009766, 2887.86669922, -881.893432617, -473.275146484, 76.634223938, -470.550445557, 153.690856934, -227.413375854, 136.520889282, -272.592315674, 48.0364570618, -247.340118408, 194.031478882], [1756.42614746, -881.893432617, 1503.19677734, 628.844726562, 11.115020752, 531.938049316, -257.87979126, 69.7710494995, -203.967346191, 70.6473464966, -20.5663471222, 27.6703834534, -168.86151123], [1863.8951416, -473.275146484, 628.844726562, 931.501342773, 187.798446655, 315.934356689, -4.64908361435, 39.4121856689, -16.6307754517, 5.56788110733, -23.1226959229, -21.903093338, -88.694480896], [-513.107910156, 76.634223938, 11.115020752, 187.798446655, 527.12689209, 2.17075705528, 216.066543579, 45.2880973816, 67.1566238403, 10.6519088745, 5.30519628525, -13.7374172211, -11.1304044724], [834.284240723, -470.550445557, 531.938049316, 315.934356689, 2.17075705528, 540.576782227, -54.1182670593, 102.658302307, -84.0287628174, 52.5187149048, 2.50594735146, -6.7089715004, -85.5626525879], [-744.807067871, 153.690856934, -257.87979126, -4.64908361435, 216.066543579, -54.1182670593, 342.300811768, 32.1461334229, 107.05191803, 6.73649168015, 1.13534402847, -19.5128993988, 3.06391119957], [-202.661300659, -227.413375854, 69.7710494995, 39.4121856689, 45.2880973816, 102.658302307, 32.1461334229, 236.910598755, 59.3088722229, 42.8023071289, 5.55552721024, 30.5135955811, -22.2922687531], [-920.320617676, 136.520889282, -203.967346191, -16.6307754517, 67.1566238403, -84.0287628174, 107.05191803, 59.3088722229, 247.067443848, 26.8198127747, 9.04075813293, -20.7052154541, 25.7528743744], [64.7301864624, -272.592315674, 70.6473464966, 5.56788110733, 10.6519088745, 52.5187149048, 6.73649168015, 42.8023071289, 26.8198127747, 199.172943115, 51.530040741, 30.0781612396, -36.3518447876], [-5.89007949829, 48.0364570618, -20.5663471222, -23.1226959229, 5.30519628525, 2.50594735146, 1.13534402847, 5.55552721024, 9.04075813293, 51.530040741, 143.958267212, 40.126159668, 13.2212104797], [161.833129883, -247.340118408, 27.6703834534, -21.903093338, -13.7374172211, -6.7089715004, -19.5128993988, 30.5135955811, -20.7052154541, 30.0781612396, 40.126159668, 158.881362915, 29.6372013092], [-258.501403809, 194.031478882, -168.86151123, -88.694480896, -11.1304044724, -85.5626525879, 3.06391119957, -22.2922687531, 25.7528743744, -36.3518447876, 13.2212104797, 29.6372013092, 145.748764038]], "icov": [[5.82687243877e-05, -8.68227361934e-05, 1.60939725902e-05, -0.000172320578713, 8.53371238918e-05, -1.45716530824e-05, 4.63659562229e-05, -2.32420552493e-05, 0.000212189479498, -0.000143456578371, 8.6015141278e-05, -0.000186547098565, 8.30033532111e-05], [-8.68227361934e-05, 0.00081171898637, 7.8666373156e-05, 0.000450743042165, -0.000281944929156, 0.000190533493878, -9.62273115874e-05, 0.000315479963319, -0.000460581068182, 0.000954723742325, -0.000841081840917, 0.00139856571332, -0.000617164070718], [1.60939725902e-05, 7.8666373156e-05, 0.00163457973395, -0.000663418555632, -0.000292193086352, -0.000842962414026, 0.0010797844734, -9.93158209894e-06, 0.000560994900297, -0.000190712642507, 0.000156493842951, -0.000269679672783, 0.000766442506574], [-0.000172320578713, 0.000450743042165, -0.000663418555632, 0.00238518742844, -0.000866333954036, -0.00050427345559, -0.000200237060199, 0.000505611184053, -0.00125523714814, 0.00101793510839, -0.000358599383617, 0.000870079849847, -0.00017219412257], [8.53371238918e-05, -0.000281944929156, -0.000292193086352, -0.000866333954036, 0.00310448301025, 0.000401087192586, -0.00191585696302, -0.000466461380711, 0.000425861828262, -0.000413482019212, 4.26360129495e-05, -0.000329334492562, -1.28345936901e-05], [-1.45716530824e-05, 0.000190533493878, -0.000842962414026, -0.00050427345559, 0.000401087192586, 0.00353303947486, -0.000540545559488, -0.00134551269002, 0.000896246347111, -0.000208964280318, -0.000562302069739, 0.00106850173324, -2.94655346806e-05], [4.63659562229e-05, -9.62273115874e-05, 0.0010797844734, -0.000200237060199, -0.00191585696302, -0.000540545559488, 0.00527888769284, -7.17502407497e-05, -0.000936329015531, -0.000193801184651, 0.000318918086123, -0.000272349658189, 0.000897475518286], [-2.32420552493e-05, 0.000315479963319, -9.93158209894e-06, 0.000505611184053, -0.000466461380711, -0.00134551269002, -7.17502407497e-05, 0.00578865362331, -0.00207131658681, 4.99082088936e-05, 0.0001491465664, -0.00103655003477, 0.000472020386951], [0.000212189479498, -0.000460581068182, 0.000560994900297, -0.00125523714814, 0.000425861828262, 0.000896246347111, -0.000936329015531, -0.00207131658681, 0.00685555068776, -0.00181837659329, 0.000251491728704, 0.000447379396064, -0.000641511578579], [-0.000143456578371, 0.000954723742325, -0.000190712642507, 0.00101793510839, -0.000413482019212, -0.000208964280318, -0.000193801184651, 4.99082088936e-05, -0.00181837659329, 0.00763275101781, -0.0030600943137, 0.000612073112279, 0.00110866548494], [8.6015141278e-05, -0.000841081840917, 0.000156493842951, -0.000358599383617, 4.26360129495e-05, -0.000562302069739, 0.000318918086123, 0.0001491465664, 0.000251491728704, -0.0030600943137, 0.00916570238769, -0.00317302695476, -6.92779649398e-05], [-0.000186547098565, 0.00139856571332, -0.000269679672783, 0.000870079849847, -0.000329334492562, 0.00106850173324, -0.000272349658189, -0.00103655003477, 0.000447379396064, 0.000612073112279, -0.00317302695476, 0.0103646703064, -0.00327254878357], [8.30033532111e-05, -0.000617164070718, 0.000766442506574, -0.00017219412257, -1.28345936901e-05, -2.94655346806e-05, 0.000897475518286, 0.000472020386951, -0.000641511578579, 0.00110866548494, -6.92779649398e-05, -0.00327254878357, 0.00970980618149]]}, "melbands": {"dmean": [0.00118325871881, 0.00181152415462, 0.00117165595293, 0.000783544848673, 0.000638990080915, 0.000233559781918, 0.000134130154038, 6.54958639643e-05, 5.32110789209e-05, 2.8868274967e-05, 2.02940227609e-05, 2.44929651672e-05, 1.13130190584e-05, 5.93114737057e-06, 4.89344938615e-06, 8.9733830464e-06, 1.8800608359e-06, 3.47007403434e-06, 2.78838115264e-06, 1.85819965282e-06, 3.28336795974e-06, 2.19131948143e-06, 9.41560131196e-07, 8.90755529781e-07, 1.20878416965e-06, 7.612819104e-07, 5.21860556546e-07, 5.06945298184e-07, 5.00003295656e-07, 3.96545743797e-07, 3.74633970068e-07, 4.33117492094e-07, 6.97180666975e-07, 7.65485765442e-07, 6.57554153349e-07, 6.70446524964e-07, 8.96604888112e-07, 9.12713971957e-07, 7.90332194356e-07, 5.03089495396e-07], "dmean2": [0.00152456818614, 0.00240676268004, 0.00197011278942, 0.00134103849996, 0.00103784701787, 0.000352158036549, 0.00019508668629, 9.19669255381e-05, 7.3626768426e-05, 3.9891761844e-05, 2.94034744002e-05, 3.54827134288e-05, 1.60477320605e-05, 8.76614285517e-06, 7.67729761719e-06, 1.35441350722e-05, 2.91836954602e-06, 5.43337910131e-06, 4.48444279755e-06, 2.94864548778e-06, 5.30723127667e-06, 3.4554902868e-06, 1.52966651967e-06, 1.44264583923e-06, 1.95904431166e-06, 1.21374125683e-06, 8.47006219828e-07, 8.27375004064e-07, 8.11671554857e-07, 6.4122951926e-07, 5.75286492221e-07, 6.73488386838e-07, 1.08659139642e-06, 1.13804071589e-06, 9.95537902782e-07, 9.70861378846e-07, 1.31248395974e-06, 1.33141952574e-06, 1.16070521017e-06, 7.11764130301e-07], "dvar": [1.14850663522e-05, 3.72139693354e-05, 1.79022426892e-05, 6.65147535983e-06, 3.26338545165e-06, 5.29432270469e-07, 1.44980575101e-07, 4.14088106027e-08, 1.91177633724e-08, 4.92264717877e-09, 1.17568959013e-08, 5.200920139e-09, 1.24508781063e-09, 3.00943159282e-10, 2.1618554169e-10, 1.08021502854e-09, 1.79588652977e-11, 1.64155078419e-10, 5.16408166229e-11, 4.76117305304e-11, 2.84672840856e-10, 1.16702633668e-10, 6.67719352032e-12, 4.97363131582e-12, 1.07027112867e-11, 3.93032915241e-12, 3.82798827359e-12, 3.13849553985e-12, 2.90946281824e-12, 1.26785572058e-12, 2.75371283935e-12, 5.08340765315e-12, 1.84828870958e-11, 2.02268358312e-11, 1.59033428787e-11, 1.37752378948e-11, 2.32118907428e-11, 3.13641820848e-11, 3.40505297569e-11, 1.365044449e-11], "dvar2": [1.76592257048e-05, 7.37335067242e-05, 4.78131187265e-05, 1.85544668057e-05, 8.61121498019e-06, 1.31143997351e-06, 3.07211109885e-07, 7.77963222731e-08, 3.66183101619e-08, 8.92079654591e-09, 2.04201136e-08, 9.44821909599e-09, 2.11984563236e-09, 5.95662241754e-10, 5.67367375304e-10, 2.32349428586e-09, 3.98877042507e-11, 3.60067115013e-10, 1.24489599185e-10, 1.25282811902e-10, 7.28036464448e-10, 2.78256556685e-10, 1.75188162588e-11, 1.27903018038e-11, 2.80478192755e-11, 9.87887202597e-12, 1.02615199324e-11, 7.79910684645e-12, 7.32004040715e-12, 2.87464106338e-12, 5.93358001622e-12, 1.10435792455e-11, 4.26335078352e-11, 4.2680577822e-11, 3.69294456126e-11, 2.29844216576e-11, 4.52387502459e-11, 6.17238829492e-11, 7.60015453349e-11, 2.83520620176e-11], "max": [0.0346762686968, 0.0560383796692, 0.0473822727799, 0.0356792807579, 0.0331007689238, 0.0278048552573, 0.0155371483415, 0.00843037851155, 0.00478840339929, 0.00255351676606, 0.00726290093735, 0.00333502027206, 0.0016659317771, 0.000595687306486, 0.000466604222311, 0.00115578866098, 0.000137697192258, 0.000373066752218, 0.000170595725649, 0.000265058479272, 0.000530593621079, 0.000445008306997, 0.00011479906243, 9.40611789702e-05, 7.66193115851e-05, 8.48630734254e-05, 8.64751491463e-05, 5.98657934461e-05, 5.3092273447e-05, 3.53370960511e-05, 8.56769329403e-05, 0.000122694982565, 0.000153011336806, 0.00016686062736, 0.000135641050292, 0.000166801168234, 0.000150129926624, 0.000167564561707, 0.000235945990426, 0.00017991742061], "mean": [0.00160901306663, 0.00213020620868, 0.00118726550136, 0.000917912693694, 0.00107852835208, 0.000473487743875, 0.000290404539555, 0.000138003306347, 0.000100026307337, 6.44426690997e-05, 3.77455835405e-05, 4.68719226774e-05, 2.35424140556e-05, 1.23495601656e-05, 9.36795731832e-06, 1.75297445821e-05, 3.53838299816e-06, 6.48547074888e-06, 5.2616173889e-06, 3.71016722056e-06, 6.17993191554e-06, 4.03537023885e-06, 2.0436568775e-06, 1.89936929473e-06, 2.26981501328e-06, 1.54731469593e-06, 9.56033773036e-07, 8.9149057203e-07, 8.53741028095e-07, 6.70601650654e-07, 6.06559581229e-07, 6.50385061363e-07, 1.05413812435e-06, 1.23464531043e-06, 9.93406729322e-07, 1.05656863525e-06, 1.44653961343e-06, 1.50108610342e-06, 1.15599027595e-06, 7.83256837167e-07], "median": [0.000165307938005, 7.59823742555e-05, 0.000104864113382, 0.000124005106045, 0.000177164693014, 8.76819394762e-05, 6.1128361267e-05, 4.03685298807e-05, 2.28262724704e-05, 1.83819574886e-05, 1.07156556624e-05, 1.0130865121e-05, 5.23271774e-06, 4.02856676374e-06, 3.35161621479e-06, 3.21916240864e-06, 1.7458610273e-06, 1.72653517438e-06, 1.47807236317e-06, 1.30002263177e-06, 1.01270757114e-06, 7.31596969672e-07, 6.19399543211e-07, 6.32837895864e-07, 6.00742282586e-07, 4.0607855567e-07, 2.30277805713e-07, 1.7567509758e-07, 1.63015215549e-07, 1.70552027612e-07, 1.05198068923e-07, 7.55023279453e-08, 5.26118171251e-08, 6.32114520727e-08, 6.71438442623e-08, 7.77125421791e-08, 6.97768740565e-08, 6.35459258547e-08, 5.83017651934e-08, 4.16290397709e-08], "min": [1.36361281231e-23, 4.39483127212e-24, 2.41274496257e-23, 2.24836512481e-23, 6.3784855216e-24, 5.6073850308e-24, 1.11014391485e-23, 1.4421910893e-23, 1.45400522799e-23, 1.26531277602e-23, 6.91134765244e-24, 9.39665945636e-24, 4.19182422904e-24, 7.50058651673e-24, 1.53031458325e-23, 1.74423898794e-23, 2.01808163822e-23, 8.1881056169e-24, 6.50386234071e-24, 8.68959001638e-24, 1.93541059308e-23, 1.33373565215e-23, 1.099656088e-23, 1.04359955319e-23, 6.82528923857e-24, 5.54325695009e-24, 1.21890882213e-23, 7.78928278677e-24, 8.04116844039e-24, 1.17318194756e-23, 8.17677363e-24, 7.7911547537e-24, 1.06813817605e-23, 1.22617651877e-23, 7.66166008067e-24, 9.43400492048e-24, 8.38308915571e-24, 1.18380285524e-23, 1.25226840875e-23, 1.19008573792e-23], "var": [2.37546155404e-05, 5.45879920537e-05, 1.43987017509e-05, 5.67210418012e-06, 6.2906428866e-06, 1.66896961673e-06, 6.26171640761e-07, 1.34565809162e-07, 6.30010816849e-08, 2.02815435557e-08, 2.67181068381e-08, 1.60738018451e-08, 6.10439698789e-09, 1.1577426795e-09, 5.23272869479e-10, 2.86486123713e-09, 3.92550540684e-11, 4.73707961746e-10, 1.39356651219e-10, 1.08502429264e-10, 8.027619125e-10, 2.74675282519e-10, 2.40683254576e-11, 1.68224982555e-11, 2.39948720615e-11, 1.21478573728e-11, 8.63872775397e-12, 6.57629246198e-12, 4.85685623663e-12, 2.81919604848e-12, 5.31361846884e-12, 9.03747562897e-12, 3.56171099558e-11, 4.56388433989e-11, 2.98541885657e-11, 3.8171434763e-11, 6.20999016099e-11, 7.91895854446e-11, 5.75233506661e-11, 2.5541844681e-11]}, "mfcc": {"mean": [-751.971435547, 144.066574097, 17.1528892517, 7.92444705963, 3.8761639595, -7.76688098907, -5.08750724792, -3.07830572128, -4.94799757004, -1.6968755722, -3.63651871681, -0.0211697667837, -2.25732064247], "cov": [[11240.59375, -127.660934448, 1100.41577148, 1327.8885498, 680.632263184, 627.712768555, 420.279754639, 191.419616699, -89.4686737061, 20.4788627625, 14.5569105148, 88.1374130249, 58.4072265625], [-127.660934448, 2520.53491211, -425.112579346, -152.68006897, -102.015045166, -219.187866211, -72.9703216553, -65.4203720093, 28.2378158569, -2.44207167625, -16.5617027283, -40.5291404724, -71.9961624146], [1100.41577148, -425.112579346, 1053.41113281, 172.268432617, 243.710800171, 229.139205933, 41.7728004456, 10.2392635345, -115.157295227, -40.8566703796, 4.3609957695, -12.7277088165, -101.355537415], [1327.8885498, -152.68006897, 172.268432617, 677.197692871, 239.730621338, 232.637741089, 129.321456909, 95.8436813354, 52.2649078369, 22.5551109314, 23.3475475311, 28.0361461639, 20.1463279724], [680.632263184, -102.015045166, 243.710800171, 239.730621338, 344.877929688, 143.911529541, 93.1841888428, 65.2392196655, 14.534204483, 6.42337226868, 5.32367992401, 14.6151704788, -16.2471351624], [627.712768555, -219.187866211, 229.139205933, 232.637741089, 143.911529541, 371.8934021, 152.44442749, 61.561378479, 6.59011411667, 40.6470146179, 40.1132011414, 1.86348640919, 7.42967796326], [420.279754639, -72.9703216553, 41.7728004456, 129.321456909, 93.1841888428, 152.44442749, 242.506027222, 70.7420196533, 11.1549463272, 17.3806762695, 27.5768699646, 4.64883041382, 12.9786500931], [191.419616699, -65.4203720093, 10.2392635345, 95.8436813354, 65.2392196655, 61.561378479, 70.7420196533, 199.542373657, 77.2697372437, 14.3762960434, 8.99801921844, 16.8201713562, 22.563369751], [-89.4686737061, 28.2378158569, -115.157295227, 52.2649078369, 14.534204483, 6.59011411667, 11.1549463272, 77.2697372437, 184.252639771, 57.8422927856, 20.2166576385, 2.37555956841, 17.0810928345], [20.4788627625, -2.44207167625, -40.8566703796, 22.5551109314, 6.42337226868, 40.6470146179, 17.3806762695, 14.3762960434, 57.8422927856, 144.348617554, 53.9488639832, 19.810426712, 38.6459007263], [14.5569105148, -16.5617027283, 4.3609957695, 23.3475475311, 5.32367992401, 40.1132011414, 27.5768699646, 8.99801921844, 20.2166576385, 53.9488639832, 130.170059204, 51.4199447632, 41.118434906], [88.1374130249, -40.5291404724, -12.7277088165, 28.0361461639, 14.6151704788, 1.86348640919, 4.64883041382, 16.8201713562, 2.37555956841, 19.810426712, 51.4199447632, 122.988815308, 52.5252952576], [58.4072265625, -71.9961624146, -101.355537415, 20.1463279724, -16.2471351624, 7.42967796326, 12.9786500931, 22.563369751, 17.0810928345, 38.6459007263, 41.118434906, 52.5252952576, 146.279083252]], "icov": [[0.000131427164888, -3.32617855747e-05, -0.000113897636766, -0.000213524981518, -2.32643651543e-05, 9.06834156922e-06, -0.000106222876639, -6.88360614731e-07, 7.89920450188e-05, -3.81748031941e-05, 0.000105492574221, -4.83425210405e-05, -0.000123305915622], [-3.32617855747e-05, 0.000462636118755, 0.000226540272706, 5.38377462362e-05, -6.96917632013e-05, 0.000175116103492, 2.58922791545e-05, 6.27084737062e-05, 5.61620026929e-06, -4.73144173156e-05, -0.000154393914272, 9.14599149837e-05, 0.000384333688999], [-0.000113897636766, 0.000226540272706, 0.00169045221992, 0.000211465972825, -0.000854830432218, -0.000754780019633, 0.000671494286507, -0.000228664808674, 0.000958014803473, 0.000141087308293, -0.000523319351487, 7.09574742359e-05, 0.00119071779773], [-0.000213524981518, 5.38377462362e-05, 0.000211465972825, 0.00264311395586, -0.00109384709504, -0.000977338524535, 3.82745492971e-05, -0.000160327515914, -0.000634192314465, 0.000328187656123, -1.82732637768e-05, -0.000245234492468, -7.57189918659e-05], [-2.32643651543e-05, -6.96917632013e-05, -0.000854830432218, -0.00109384709504, 0.00476930802688, -0.000267139781499, -0.000825292081572, -0.000464010954602, -0.000397652504034, -0.000125573351397, 0.00057777215261, -0.000692510337103, 0.000387287844205], [9.06834156922e-06, 0.000175116103492, -0.000754780019633, -0.000977338524535, -0.000267139781499, 0.00508209364489, -0.00221228133887, -0.00017366524844, 0.000257472333033, -0.00109454570338, -0.000692569825333, 0.000807105679996, -0.00020655913977], [-0.000106222876639, 2.58922791545e-05, 0.000671494286507, 3.82745492971e-05, -0.000825292081572, -0.00221228133887, 0.00640289019793, -0.00160943344235, 0.000817770836875, 0.000182832533028, -0.00102089846041, 0.000570813950617, 0.000154223045683], [-6.88360614731e-07, 6.27084737062e-05, -0.000228664808674, -0.000160327515914, -0.000464010954602, -0.00017366524844, -0.00160943344235, 0.00723644485697, -0.00326997973025, 0.000902158208191, 0.000698671501596, -0.000838351610582, -0.000873220153153], [7.89920450188e-05, 5.61620026929e-06, 0.000958014803473, -0.000634192314465, -0.000397652504034, 0.000257472333033, 0.000817770836875, -0.00326997973025, 0.00850702635944, -0.0029675627593, -0.000618693011347, 0.000906649976969, 0.000735952111427], [-3.81748031941e-05, -4.73144173156e-05, 0.000141087308293, 0.000328187656123, -0.000125573351397, -0.00109454570338, 0.000182832533028, 0.000902158208191, -0.0029675627593, 0.00983321666718, -0.00305189006031, 0.000267916620942, -0.00155889044981], [0.000105492574221, -0.000154393914272, -0.000523319351487, -1.82732637768e-05, 0.00057777215261, -0.000692569825333, -0.00102089846041, 0.000698671501596, -0.000618693011347, -0.00305189006031, 0.0113732488826, -0.00399667862803, -0.00127936783247], [-4.83425210405e-05, 9.14599149837e-05, 7.09574742359e-05, -0.000245234492468, -0.000692510337103, 0.000807105679996, 0.000570813950617, -0.000838351610582, 0.000906649976969, 0.000267916620942, -0.00399667862803, 0.0113173332065, -0.00300896703266], [-0.000123305915622, 0.000384333688999, 0.00119071779773, -7.57189918659e-05, 0.000387287844205, -0.00020655913977, 0.000154223045683, -0.000873220153153, 0.000735952111427, -0.00155889044981, -0.00127936783247, -0.00300896703266, 0.0098506109789]]}, "spectral_contrast_coeffs": {"dmean": [0.0514604263008, 0.0427631475031, 0.033951189369, 0.0242621246725, 0.0189165957272, 0.0148666845635], "dmean2": [0.0791737511754, 0.0671241283417, 0.0538544915617, 0.0396724976599, 0.0305357165635, 0.0242885742337], "dvar": [0.00247099157423, 0.00129341136198, 0.000796023756266, 0.000399505457608, 0.000286131951725, 0.00023712181428], "dvar2": [0.00557774817571, 0.0031300233677, 0.00188332656398, 0.00101113447454, 0.000706938793883, 0.000615307537373], "max": [-0.267001241446, -0.328040897846, -0.468379288912, -0.611317753792, -0.589261770248, -0.62507379055], "mean": [-0.613817214966, -0.669586062431, -0.758336246014, -0.796646177769, -0.802305936813, -0.805278837681], "median": [-0.619333028793, -0.672683596611, -0.764897763729, -0.803601503372, -0.807992696762, -0.804853200912], "min": [-0.969099879265, -0.964923858643, -0.969006896019, -0.962582528591, -0.960837244987, -0.963144600391], "var": [0.0138482237235, 0.00908064376563, 0.00577995833009, 0.0026660556905, 0.00218383315951, 0.00183446600568]}, "spectral_contrast_valleys": {"dmean": [0.373045504093, 0.325490355492, 0.267030984163, 0.208906948566, 0.205119937658, 0.271220803261], "dmean2": [0.62109375, 0.538926720619, 0.440950602293, 0.342142283916, 0.320922881365, 0.393416166306], "dvar": [0.127815142274, 0.124420680106, 0.0844541937113, 0.0624756030738, 0.0913112163544, 0.18822786212], "dvar2": [0.284252643585, 0.262105941772, 0.167