{"lowlevel": {"average_loudness": 0.783145129681, "barkbands_crest": {"dmean": 2.29240226746, "dmean2": 3.50073432922, "dvar": 7.02075099945, "dvar2": 15.2992782593, "max": 26.9322891235, "mean": 18.1857242584, "median": 18.6471118927, "min": 4.33651828766, "var": 26.4125576019}, "barkbands_flatness_db": {"dmean": 0.0446478500962, "dmean2": 0.0669586956501, "dvar": 0.00211474578828, "dvar2": 0.00474862661213, "max": 0.572630882263, "mean": 0.324178278446, "median": 0.330710470676, "min": 0.0634388849139, "var": 0.00894598197192}, "barkbands_kurtosis": {"dmean": 29.6350955963, "dmean2": 44.5444717407, "dvar": 12100.5615234, "dvar2": 30261.5214844, "max": 4235.93847656, "mean": 56.5636863708, "median": 13.5739707947, "min": -1.59354305267, "var": 40078.484375}, "barkbands_skewness": {"dmean": 1.25587463379, "dmean2": 1.83606779575, "dvar": 3.39175271988, "dvar2": 7.53772592545, "max": 55.179019928, "mean": 4.12036991119, "median": 2.9643535614, "min": -2.58037114143, "var": 20.4697723389}, "barkbands_spread": {"dmean": 2.56520628929, "dmean2": 4.10925912857, "dvar": 24.2105522156, "dvar2": 58.5333862305, "max": 94.7009429932, "mean": 5.83206367493, "median": 3.72083735466, "min": 0.0397460907698, "var": 59.8115463257}, "dissonance": {"dmean": 0.0321624018252, "dmean2": 0.0521671958268, "dvar": 0.000999062671326, "dvar2": 0.00244240579195, "max": 0.500000059605, "mean": 0.440647393465, "median": 0.452792316675, "min": 0.162970080972, "var": 0.00218579638749}, "dynamic_complexity": 5.03634357452, "erbbands_crest": {"dmean": 3.12839174271, "dmean2": 4.99025058746, "dvar": 7.88370323181, "dvar2": 19.2239131927, "max": 28.4840393066, "mean": 12.0614347458, "median": 11.1701049805, "min": 2.38260507584, "var": 27.1385269165}, "erbbands_flatness_db": {"dmean": 0.0317144580185, "dmean2": 0.0473533608019, "dvar": 0.000955500639975, "dvar2": 0.00191235018428, "max": 0.401669800282, "mean": 0.194257840514, "median": 0.183353468776, "min": 0.0470787286758, "var": 0.00551387714222}, "erbbands_kurtosis": {"dmean": 5.85260725021, "dmean2": 9.37875843048, "dvar": 81.4044952393, "dvar2": 201.044769287, "max": 107.427658081, "mean": 9.14536094666, "median": 4.79168128967, "min": -1.83594787121, "var": 175.26524353}, "erbbands_skewness": {"dmean": 0.844461321831, "dmean2": 1.34071743488, "dvar": 0.816734969616, "dvar2": 2.00677871704, "max": 8.51981163025, "mean": 1.77685141563, "median": 1.59061121941, "min": -4.05836629868, "var": 2.59534811974}, "erbbands_spread": {"dmean": 13.3880720139, "dmean2": 20.4529857635, "dvar": 301.099822998, "dvar2": 635.864807129, "max": 144.858642578, "mean": 30.9322834015, "median": 19.5168762207, "min": 1.21547055244, "var": 853.088684082}, "hfc": {"dmean": 4.88395261765, "dmean2": 7.11513614655, "dvar": 109.658843994, "dvar2": 240.801101685, "max": 150.569641113, "mean": 9.39283561707, "median": 4.20879173279, "min": 1.15899465233e-16, "var": 228.385650635}, "melbands_crest": {"dmean": 3.32001757622, "dmean2": 5.28318119049, "dvar": 9.79915428162, "dvar2": 22.6640205383, "max": 39.7250213623, "mean": 18.703207016, "median": 17.3123416901, "min": 2.10493850708, "var": 50.3332290649}, "melbands_flatness_db": {"dmean": 0.0505870990455, "dmean2": 0.0779875814915, "dvar": 0.0025594343897, "dvar2": 0.0059032374993, "max": 0.621450006962, "mean": 0.380486041307, "median": 0.395295709372, "min": 0.00502756703645, "var": 0.0087108714506}, "melbands_kurtosis": {"dmean": 25.5635986328, "dmean2": 39.0401687622, "dvar": 2299.12426758, "dvar2": 5355.20947266, "max": 1203.42895508, "mean": 42.2634048462, "median": 16.7923946381, "min": -1.6354123354, "var": 5426.57958984}, "melbands_skewness": {"dmean": 1.30649614334, "dmean2": 1.91629087925, "dvar": 2.21659421921, "dvar2": 4.76500082016, "max": 28.5030784607, "mean": 3.50242161751, "median": 2.60539364815, "min": -0.637614250183, "var": 9.95995235443}, "melbands_spread": {"dmean": 2.52061152458, "dmean2": 4.05419206619, "dvar": 25.2653064728, "dvar2": 53.7758216858, "max": 169.735671997, "mean": 6.01383256912, "median": 3.76687049866, "min": 0.156658574939, "var": 82.3277740479}, "pitch_salience": {"dmean": 0.0666470304132, "dmean2": 0.104456536472, "dvar": 0.00505445571616, "dvar2": 0.0107729341835, "max": 0.928000211716, "mean": 0.372910350561, "median": 0.370749264956, "min": 0.015846606344, "var": 0.022488579154}, "silence_rate_20dB": {"dmean": 0.00188014097512, "dmean2": 0.0037607238628, "dvar": 0.00187670241576, "dvar2": 0.00562686659396, "max": 1, "mean": 0.999060034752, "median": 1, "min": 0, "var": 0.000939109828323}, "silence_rate_30dB": {"dmean": 0.0700352489948, "dmean2": 0.140086963773, "dvar": 0.0651296600699, "dvar2": 0.135045319796, "max": 1, "mean": 0.874632835388, "median": 1, "min": 0, "var": 0.109655544162}, "silence_rate_60dB": {"dmean": 0.00305522908457, "dmean2": 0.00599365355447, "dvar": 0.00304587511346, "dvar2": 0.00666277995333, "max": 1, "mean": 0.0348960161209, "median": 0, "min": 0, "var": 0.0336784049869}, "spectral_centroid": {"dmean": 204.440460205, "dmean2": 347.426116943, "dvar": 145644.46875, "dvar2": 357072.53125, "max": 11055.2363281, "mean": 534.879272461, "median": 346.52432251, "min": 124.914535522, "var": 260374.796875}, "spectral_complexity": {"dmean": 2.8131608963, "dmean2": 4.38958740234, "dvar": 33.8668174744, "dvar2": 64.1429595947, "max": 60, "mean": 8.14604663849, "median": 6, "min": 0, "var": 63.8674659729}, "spectral_decrease": {"dmean": 5.07192599031e-09, "dmean2": 7.26028126508e-09, "dvar": 8.71626218006e-17, "dvar2": 1.57399526847e-16, "max": 2.97080858207e-17, "mean": -1.74868457492e-08, "median": -1.20900418565e-08, "min": -1.06442691106e-07, "var": 2.46716583566e-16}, "spectral_energy": {"dmean": 0.0194321908057, "dmean2": 0.0277654845268, "dvar": 0.00127300340682, "dvar2": 0.00229216553271, "max": 0.405583709478, "mean": 0.0668512284756, "median": 0.046125356108, "min": 1.08588175303e-20, "var": 0.00362017913722}, "spectral_energyband_high": {"dmean": 0.000258966814727, "dmean2": 0.000392424903112, "dvar": 4.32738545442e-07, "dvar2": 1.02467606666e-06, "max": 0.0148073453456, "mean": 0.000357181503205, "median": 1.05911549326e-05, "min": 7.85791532005e-21, "var": 1.31392857838e-06}, "spectral_energyband_low": {"dmean": 0.0156573336571, "dmean2": 0.0228106342256, "dvar": 0.00123399274889, "dvar2": 0.0022057457827, "max": 0.352684319019, "mean": 0.029733132571, "median": 0.0108540626243, "min": 9.17515031185e-23, "var": 0.00250643631443}, "spectral_energyband_middle_high": {"dmean": 0.000638950441498, "dmean2": 0.00099331268575, "dvar": 3.50274012817e-06, "dvar2": 8.30929639051e-06, "max": 0.0326793268323, "mean": 0.000829278025776, "median": 0.000118186027976, "min": 1.6558627114e-21, "var": 4.60338924313e-06}, "spectral_energyband_middle_low": {"dmean": 0.00738365901634, "dmean2": 0.0120221683756, "dvar": 0.000236985855736, "dvar2": 0.000575297803152, "max": 0.163404598832, "mean": 0.0137704489753, "median": 0.0080284550786, "min": 4.00509578829e-22, "var": 0.0003160299093}, "spectral_entropy": {"dmean": 0.432350277901, "dmean2": 0.683297038078, "dvar": 0.186142012477, "dvar2": 0.416588276625, "max": 9.79389476776, "mean": 6.62937164307, "median": 6.65454959869, "min": 4.45075750351, "var": 0.734805226326}, "spectral_flux": {"dmean": 0.0370381958783, "dmean2": 0.0561462081969, "dvar": 0.00307946465909, "dvar2": 0.00572382751852, "max": 0.519391417503, "mean": 0.0871000364423, "median": 0.0564453080297, "min": 1.04205651053e-10, "var": 0.00799693819135}, "spectral_kurtosis": {"dmean": 7.15800619125, "dmean2": 11.4526319504, "dvar": 96.5001220703, "dvar2": 239.271255493, "max": 132.91204834, "mean": 14.8672389984, "median": 8.0509147644, "min": -1.20210075378, "var": 315.740844727}, "spectral_rms": {"dmean": 0.000968786305748, "dmean2": 0.00136455928441, "dvar": 2.22265407501e-06, "dvar2": 3.90260447602e-06, "max": 0.019891994074, "mean": 0.0074422461912, "median": 0.00670822989196, "min": 3.25483758869e-12, "var": 9.83378231467e-06}, "spectral_rolloff": {"dmean": 74.6400680542, "dmean2": 126.215461731, "dvar": 121821.460938, "dvar2": 221791.890625, "max": 19681.3476562, "mean": 226.752410889, "median": 172.265625, "min": 21.533203125, "var": 558602.0625}, "spectral_skewness": {"dmean": 0.744745790958, "dmean2": 1.15242254734, "dvar": 0.628465235233, "dvar2": 1.48970091343, "max": 9.48422813416, "mean": 2.79352498055, "median": 2.43634009361, "min": -0.020616337657, "var": 2.5042116642}, "spectral_spread": {"dmean": 930358.8125, "dmean2": 1364158.5, "dvar": 1257356918780.0, "dvar2": 2173521756160.0, "max": 39921136, "mean": 4182266.75, "median": 4024349.25, "min": 619190.0625, "var": 4630111059970.0}, "spectral_strongpeak": {"dmean": 0.0957724675536, "dmean2": 0.158263355494, "dvar": 0.0768004655838, "dvar2": 0.168665274978, "max": 2.59706020355, "mean": 0.0930444076657, "median": 0, "min": 0, "var": 0.0902244076133}, "zerocrossingrate": {"dmean": 0.00478963181376, "dmean2": 0.00587636046112, "dvar": 6.75938208587e-05, "dvar2": 6.55772309983e-05, "max": 0.66357421875, "mean": 0.0138952760026, "median": 0.0087890625, "min": 0, "var": 0.000671116635203}, "barkbands": {"dmean": [0.00520254997537, 0.0106453904882, 0.00658633979037, 0.00438756821677, 0.00286379340105, 0.00118385942187, 0.000320074817864, 0.000206743934541, 0.000234704042668, 9.60081888479e-05, 6.172832218e-05, 8.93576434464e-05, 4.68988546345e-05, 4.95307649544e-05, 4.45193145424e-05, 4.58128888567e-05, 9.43827399169e-05, 0.000156169611728, 6.63747123326e-05, 0.000120038770547, 6.78349460941e-05, 4.23364872404e-05, 4.12625340687e-05, 3.23521817336e-05, 2.53338657785e-05, 1.0244247278e-05, 2.94209348795e-06], "dmean2": [0.00763372611254, 0.0152581473812, 0.0116952322423, 0.00752509897575, 0.00471950741485, 0.00191177322995, 0.000459679897176, 0.000306873669615, 0.000347847002558, 0.000137035676744, 9.13761541597e-05, 0.000131758351927, 7.6974669355e-05, 7.46908044675e-05, 7.35453359084e-05, 8.04844094091e-05, 0.000166470868862, 0.000288683571853, 0.000112951835035, 0.000194434804143, 0.000106070714537, 6.32148148725e-05, 6.73870017636e-05, 5.04519121023e-05, 3.79355660698e-05, 1.52190186782e-05, 4.55676035926e-06], "dvar": [7.91052661953e-05, 0.000909085327294, 0.000378862692742, 0.000125422709971, 3.39883990819e-05, 7.60327384342e-06, 3.65726691598e-07, 2.3026545648e-07, 5.19358934525e-07, 8.66521077114e-08, 3.24049764799e-08, 1.06447167525e-07, 2.75540372741e-08, 4.63540068552e-08, 3.64922492224e-08, 4.76406825101e-08, 2.23034504643e-07, 4.23190897436e-07, 5.95086468991e-08, 1.63059752367e-07, 3.42178907431e-08, 1.07646895842e-08, 1.31315047724e-08, 9.37030897319e-09, 4.83749484914e-09, 7.24245940997e-10, 6.24359869361e-11], "dvar2": [0.000173600783455, 0.00171168218367, 0.00103678391315, 0.000319345563184, 9.05113338376e-05, 1.91805356735e-05, 7.41610449495e-07, 5.36519905836e-07, 1.20790161873e-06, 1.63000422049e-07, 6.36498356243e-08, 2.10074432516e-07, 6.76688145518e-08, 1.04046158356e-07, 9.64427044892e-08, 1.35196145834e-07, 5.13385373324e-07, 1.22939138691e-06, 1.49280381834e-07, 4.03673254823e-07, 7.90398146933e-08, 2.13347313149e-08, 3.48981110676e-08, 2.02218988221e-08, 1.04084927344e-08, 1.52063206471e-09, 1.44245337896e-10], "max": [0.156183168292, 0.32118421793, 0.188189163804, 0.129481464624, 0.0733392238617, 0.0523825734854, 0.0111228842288, 0.0117553481832, 0.0161155387759, 0.00949627906084, 0.00496087549254, 0.00804625172168, 0.00454545998946, 0.00475346716121, 0.00656394101679, 0.00763878738508, 0.017780104652, 0.00690924795344, 0.0079001551494, 0.0128003936261, 0.00353593123145, 0.0019640030805, 0.00267133372836, 0.0047542443499, 0.00361676211469, 0.00102286599576, 0.00015976591385], "mean": [0.0328240916133, 0.0134818358347, 0.00560451298952, 0.0042135422118, 0.00577243370935, 0.0018999845488, 0.000911012873985, 0.000571644341107, 0.000371495087165, 0.000141822776641, 9.32191178435e-05, 0.000108002474008, 5.50445220142e-05, 5.57341008971e-05, 4.13205889345e-05, 4.01245779358e-05, 8.242882177e-05, 0.000109541710117, 5.91999196331e-05, 0.000123324658489, 8.31540164654e-05, 5.30943616468e-05, 4.70746708743e-05, 4.95294880238e-05, 3.95915667468e-05, 1.52341235662e-05, 3.38918493981e-06], "median": [0.0291300974786, 0.00127908610739, 0.000850375974551, 0.00120551488362, 0.00376932579093, 0.000572362390812, 0.000315551558742, 8.84843902895e-05, 4.67185818707e-05, 1.78708269232e-05, 1.30709640871e-05, 1.41289183375e-05, 5.71143755224e-06, 4.62070784124e-06, 2.81201414509e-06, 2.59704597738e-06, 2.59099874711e-06, 2.29947113439e-06, 1.74976469225e-06, 2.19379558075e-06, 1.66759002695e-06, 1.68312499227e-06, 1.38604480071e-06, 1.71408191818e-06, 1.38745542699e-06, 3.27594733562e-07, 2.0187518146e-07], "min": [1.43958658614e-23, 3.27900984644e-23, 4.21882780558e-23, 1.12255798226e-23, 3.53395675369e-23, 4.11824520026e-23, 7.27378348446e-23, 8.2600603022e-23, 1.4641230633e-22, 1.19231466441e-22, 1.34368432413e-22, 1.63080621713e-22, 8.5744510341e-23, 6.89820049659e-23, 9.17797190954e-23, 1.38010571658e-22, 1.71328787255e-22, 2.12527104828e-22, 3.02304246873e-22, 3.15546002919e-22, 5.36076297268e-22, 5.30223428979e-22, 7.07744092764e-22, 8.62495327816e-22, 1.11822944252e-21, 1.8009515237e-21, 2.25658809098e-21], "var": [0.000453849439509, 0.00142892694566, 0.00026653058012, 0.000108037675091, 5.02075308759e-05, 1.21932980619e-05, 1.90311095594e-06, 1.46585648508e-06, 8.99649251096e-07, 2.11458996091e-07, 6.90220005595e-08, 1.70465241922e-07, 3.53227171956e-08, 6.33402308381e-08, 4.16166905381e-08, 3.60561926982e-08, 2.7479799769e-07, 2.51605172252e-07, 5.42317906138e-08, 2.30327387385e-07, 6.76869689187e-08, 2.29446488476e-08, 2.4931347653e-08, 6.5453015452e-08, 4.01790778426e-08, 4.69072380938e-09, 1.34486713432e-10]}, "erbbands": {"dmean": [0.290534973145, 2.67514634132, 6.68838310242, 12.7327804565, 8.81959533691, 11.5016145706, 16.0050411224, 5.91394329071, 4.36728477478, 3.70294284821, 5.27708721161, 4.27184247971, 3.815523386, 2.56332802773, 2.37565922737, 3.04264163971, 2.1392583847, 2.5594432354, 2.01869058609, 2.17648291588, 2.90456056595, 6.09640979767, 8.24683570862, 5.42409753799, 3.35254073143, 5.58815574646, 3.90912723541, 2.1276113987, 1.50451254845, 1.4626339674, 1.09014093876, 0.792520225048, 0.515524625778, 0.306685358286, 0.165880262852, 0.0560444295406, 0.0186527911574, 0.00321998493746, 0.000556363374926, 4.39777431893e-05], "dmean2": [0.378566086292, 3.99628424644, 11.1190471649, 22.0994930267, 14.6568479538, 19.0230236053, 25.9836120605, 9.96432304382, 6.30060148239, 5.45357131958, 7.93067169189, 6.56040477753, 5.38737154007, 3.67713928223, 3.39716053009, 4.63295555115, 3.39870166779, 3.82937550545, 3.28898715973, 3.66714334488, 5.08843612671, 10.8965177536, 15.2005853653, 9.6646194458, 5.43286895752, 9.1345911026, 6.21327114105, 3.04766917229, 2.16958594322, 2.26445055008, 1.7720284462, 1.30373191833, 0.806675434113, 0.471637815237, 0.251667052507, 0.0832625031471, 0.0277672801167, 0.00497411424294, 0.000851478602272, 6.40128782834e-05], "dvar": [0.608215034008, 60.3197212219, 333.708068848, 1231.58947754, 317.960510254, 631.831848145, 1347.77990723, 176.431640625, 73.8402481079, 54.4469108582, 205.126785278, 162.051025391, 134.350570679, 41.297706604, 60.8805961609, 132.349212646, 52.3900413513, 100.759422302, 49.5843544006, 84.1736679077, 217.48727417, 1003.52752686, 1182.30883789, 445.138916016, 115.186607361, 339.19140625, 158.190170288, 32.2300796509, 14.2170982361, 13.335067749, 9.79243659973, 6.52406978607, 3.84043884277, 0.786327421665, 0.21913549304, 0.0219055768102, 0.00244754203595, 7.66683151596e-05, 2.19465914597e-06, 7.52899165235e-09], "dvar2": [1.15312039852, 123.143280029, 837.816223145, 3222.0625, 811.460144043, 1719.90429688, 3434.453125, 466.496154785, 146.406845093, 117.091217041, 521.689758301, 389.151977539, 236.059951782, 76.5328674316, 112.081306458, 275.383666992, 123.381492615, 195.295852661, 121.355163574, 214.204528809, 609.173583984, 2348.14892578, 3421.98510742, 1227.38549805, 274.860198975, 872.540649414, 416.337158203, 62.077747345, 28.0561332703, 29.7435054779, 25.4595336914, 17.1571769714, 9.11839580536, 1.7126057148, 0.491611123085, 0.0472128391266, 0.00550468498841, 0.000170534098288, 5.05008802065e-06, 1.62356403877e-08], "max": [9.09522438049, 77.1769638062, 191.535400391, 383.78225708, 190.252716064, 317.002166748, 726.578491211, 238.056777954, 169.318466187, 127.700714111, 331.033477783, 295.719360352, 316.818969727, 146.775268555, 171.480133057, 273.887878418, 160.966323853, 249.168823242, 204.479064941, 293.928405762, 563.358215332, 1187.9765625, 372.846588135, 368.518157959, 167.522903442, 353.575378418, 430.077911377, 73.7219848633, 64.1489639282, 87.5429840088, 65.336227417, 99.9945983887, 104.682594299, 44.0505905151, 22.7316932678, 5.69189453125, 1.60435175896, 0.289987772703, 0.0275312680751, 0.00133921252564], "mean": [0.426741212606, 3.1011941433, 6.46007347107, 11.9774332047, 12.336066246, 23.0158729553, 25.8637828827, 10.7689142227, 11.9768724442, 11.0611915588, 13.4093294144, 6.75874423981, 6.36565351486, 4.32305955887, 3.38136434555, 3.68538308144, 2.57161641121, 3.09715104103, 1.95236337185, 2.14905810356, 2.62855911255, 5.17356777191, 5.91025209427, 4.27736616135, 3.46006703377, 5.4491724968, 4.49674892426, 2.63689899445, 1.85169494152, 1.79353833199, 1.22484862804, 1.11737513542, 0.778385102749, 0.486266732216, 0.242590636015, 0.0863168090582, 0.0253462567925, 0.00430048629642, 0.000651845242828, 0.000105302453449], "median": [0.0954055711627, 0.333921402693, 1.06073904037, 3.04480099678, 6.56259155273, 15.1054611206, 8.25608062744, 4.30909585953, 3.58346605301, 4.34036016464, 2.27621364594, 1.04327499866, 0.817511916161, 0.735623478889, 0.575063049793, 0.501182377338, 0.288216918707, 0.251379430294, 0.172097891569, 0.158957257867, 0.148073196411, 0.155164569616, 0.134042531252, 0.112683571875, 0.0914166718721, 0.100501082838, 0.0732129886746, 0.0667749717832, 0.0628538429737, 0.0427531041205, 0.0388984978199, 0.0346204265952, 0.0300032589585, 0.0193420853466, 0.00784900318831, 0.00218450534157, 0.000499243207742, 0.000149274084833, 5.09517230967e-05, 5.64302245039e-05], "min": [5.18271567798e-22, 9.43491334745e-21, 4.22672717091e-20, 5.41236940997e-20, 5.03984538993e-20, 1.6214511982e-19, 1.90311395159e-19, 3.74331849116e-19, 3.88530094137e-19, 2.41245385174e-18, 1.77771556793e-18, 3.80876264308e-18, 3.02357592227e-18, 4.45151796139e-18, 5.74714294895e-18, 7.10020322234e-18, 4.09688950276e-18, 3.69220793169e-18, 4.05560285044e-18, 6.28702967269e-18, 7.61597597687e-18, 9.90220310111e-18, 1.14593854935e-17, 1.28089182552e-17, 1.7351660176e-17, 1.46951481321e-17, 2.32600524728e-17, 1.70457638224e-17, 1.617871145e-17, 2.03617125225e-17, 2.26219802376e-17, 1.59877733492e-17, 1.60742104145e-17, 1.0951480881e-17, 8.0842999971e-18, 7.55681932818e-18, 3.20546859627e-18, 1.38014692294e-18, 3.07815645271e-19, 3.34241228872e-20], "var": [1.00577831268, 81.9705123901, 296.333862305, 979.628967285, 343.96875, 839.866821289, 2139.13378906, 297.473571777, 379.357330322, 253.936752319, 710.264526367, 248.998764038, 337.238922119, 112.3829422, 119.068611145, 194.2447052, 73.6708145142, 168.674545288, 55.8544387817, 99.0841369629, 188.860809326, 1155.42102051, 720.431274414, 318.475891113, 132.131469727, 381.329071045, 281.517547607, 64.6263046265, 28.4134559631, 29.1150417328, 18.063123703, 31.5949001312, 17.6221122742, 6.21559476852, 1.43663859367, 0.156756937504, 0.011102963239, 0.0003544940555, 4.53270331491e-06, 1.7336398983e-08]}, "gfcc": {"mean": [-108.083847046, 129.55480957, -47.9175643921, 36.4173583984, -53.0986213684, -0.339712113142, -27.6734580994, -4.59398317337, -14.4002389908, -5.89494419098, -6.47452878952, -3.48118710518, -3.80459880829], "cov": [[11441.1279297, -2047.98168945, -891.054260254, 800.262817383, -496.290496826, 580.718322754, -285.126403809, 798.635375977, -739.480957031, 315.417602539, -529.264648438, 93.8069992065, -231.797836304], [-2047.98168945, 2068.33374023, 270.326934814, -732.947387695, -11.9503612518, -349.606933594, 162.501373291, -358.768463135, 344.509765625, -198.716293335, 235.741333008, -96.2757263184, 59.699886322], [-891.054260254, 270.326934814, 756.176940918, -54.4559822083, -135.188873291, -107.174247742, -42.7899398804, -38.6204528809, 32.5031204224, 10.9894266129, 37.1944274902, -6.25030136108, 14.1285924911], [800.262817383, -732.947387695, -54.4559822083, 725.428039551, 137.719421387, 59.393661499, -44.1867675781, 63.9388275146, -95.6079788208, 31.6265640259, -82.6517562866, 3.81551718712, -12.2335891724], [-496.290496826, -11.9503612518, -135.188873291, 137.719421387, 381.657440186, 94.3543548584, 34.4925842285, -76.4323730469, 50.9656448364, -37.9168624878, 40.2184066772, -15.9944219589, 4.30222415924], [580.718322754, -349.606933594, -107.174247742, 59.393661499, 94.3543548584, 303.610351562, 27.1752185822, 141.874832153, -98.3641891479, 59.407585144, -54.4232826233, -0.5434705019, -8.72372531891], [-285.126403809, 162.501373291, -42.7899398804, -44.1867675781, 34.4925842285, 27.1752185822, 175.430587769, 17.0305900574, 80.1039276123, -15.4018955231, 20.3597221375, -13.3268032074, -0.277058452368], [798.635375977, -358.768463135, -38.6204528809, 63.9388275146, -76.4323730469, 141.874832153, 17.0305900574, 264.101898193, -65.946723938, 83.5076522827, -89.3641586304, 2.35785150528, -24.1667003632], [-739.480957031, 344.509765625, 32.5031204224, -95.6079788208, 50.9656448364, -98.3641891479, 80.1039276123, -65.946723938, 182.256591797, -24.1305522919, 76.1776580811, -29.2665309906, 3.62529921532], [315.417602539, -198.716293335, 10.9894266129, 31.6265640259, -37.9168624878, 59.407585144, -15.4018955231, 83.5076522827, -24.1305522919, 116.946426392, -0.397678971291, 16.3322563171, -24.1107959747], [-529.264648438, 235.741333008, 37.1944274902, -82.6517562866, 40.2184066772, -54.4232826233, 20.3597221375, -89.3641586304, 76.1776580811, -0.397678971291, 112.608283997, 13.2985057831, 9.54226779938], [93.8069992065, -96.2757263184, -6.25030136108, 3.81551718712, -15.9944219589, -0.5434705019, -13.3268032074, 2.35785150528, -29.2665309906, 16.3322563171, 13.2985057831, 62.3818740845, 19.475315094], [-231.797836304, 59.699886322, 14.1285924911, -12.2335891724, 4.30222415924, -8.72372531891, -0.277058452368, -24.1667003632, 3.62529921532, -24.1107959747, 9.54226779938, 19.475315094, 68.3983306885]], "icov": [[0.000202603376238, -0.000190309699974, 0.000265696871793, -0.000311628682539, 0.000361851823982, -0.000315147975925, 0.000305592344375, -0.000236327032326, 0.000210051381146, -6.22703810222e-05, 0.000377157644834, -0.000563694862649, 0.000671682006214], [-0.000190309699974, 0.00204942352138, -0.000617547018919, 0.00172092404682, -0.000604321714491, 0.00147578585893, -0.0014197853161, 0.000676915806253, -0.000171918727574, 0.00106158328708, -0.00212940061465, 0.00348401325755, -0.00185033632442], [0.000265696871793, -0.000617547018919, 0.00195401604287, -0.000793959421571, 0.00116525939666, -0.000518813089002, 0.0010272434447, -0.000309036229737, 3.054726767e-05, -0.0005049254396, 0.000219878493226, -0.000680828350596, 0.000632885552477], [-0.000311628682539, 0.00172092404682, -0.000793959421571, 0.00353970285505, -0.00228900276124, 0.00256289471872, -0.0015887132613, 0.00031512833084, 0.00108220789116, -0.000291762989946, -0.0005496237427, 0.0033037061803, -0.00220949575305], [0.000361851823982, -0.000604321714491, 0.00116525939666, -0.00228900276124, 0.0063364924863, -0.00502596236765, 0.00182586966548, 0.00183659640606, -0.0034019080922, 0.00210774294101, -0.00029897809145, -0.00211699632928, 0.0022881673649], [-0.000315147975925, 0.00147578585893, -0.000518813089002, 0.00256289471872, -0.00502596236765, 0.0107148978859, -0.0044463807717, -0.0032805884257, 0.00715754227713, -0.00290242931806, -0.00261026807129, 0.00649894075468, -0.00417373888195], [0.000305592344375, -0.0014197853161, 0.0010272434447, -0.0015887132613, 0.00182586966548, -0.0044463807717, 0.0103833544999, -0.00157186959404, -0.0062153688632, 0.00236407970078, 0.00148014631122, -0.00447219796479, 0.00281291967258], [-0.000236327032326, 0.000676915806253, -0.000309036229737, 0.00031512833084, 0.00183659640606, -0.0032805884257, -0.00157186959404, 0.0103267859668, -0.00311425817199, -0.00416308129206, 0.00621803151444, -0.000578040257096, -0.000168479862623], [0.000210051381146, -0.000171918727574, 3.054726767e-05, 0.00108220789116, -0.0034019080922, 0.00715754227713, -0.0062153688632, -0.00311425817199, 0.0178751759231, -0.00248538819142, -0.00747899059206, 0.00865158252418, -0.00219303299673], [-6.22703810222e-05, 0.00106158328708, -0.0005049254396, -0.000291762989946, 0.00210774294101, -0.00290242931806, 0.00236407970078, -0.00416308129206, -0.00248538819142, 0.0169279742986, -0.00678655412048, -0.00276804226451, 0.0047842967324], [0.000377157644834, -0.00212940061465, 0.000219878493226, -0.0005496237427, -0.00029897809145, -0.00261026807129, 0.00148014631122, 0.00621803151444, -0.00747899059206, -0.00678655412048, 0.0243158172816, -0.0116052404046, 0.00279809883796], [-0.000563694862649, 0.00348401325755, -0.000680828350596, 0.0033037061803, -0.00211699632928, 0.00649894075468, -0.00447219796479, -0.000578040257096, 0.00865158252418, -0.00276804226451, -0.0116052404046, 0.0316661819816, -0.0123117268085], [0.000671682006214, -0.00185033632442, 0.000632885552477, -0.00220949575305, 0.0022881673649, -0.00417373888195, 0.00281291967258, -0.000168479862623, -0.00219303299673, 0.0047842967324, 0.00279809883796, -0.0123117268085, 0.0221791751683]]}, "melbands": {"dmean": [0.00281562376767, 0.00327838514931, 0.00205150735565, 0.000649205700029, 0.000534205173608, 0.000146850943565, 6.57069103909e-05, 4.04996826546e-05, 4.58663198515e-05, 2.70518630714e-05, 1.94641725102e-05, 1.10818446046e-05, 8.1574808064e-06, 1.10641931315e-05, 5.52746678295e-06, 5.14245630256e-06, 4.77827688883e-06, 3.14256885758e-06, 3.85622251997e-06, 2.63001174972e-06, 3.34213814313e-06, 5.61831393497e-06, 8.33078138385e-06, 6.52310336591e-06, 4.36645859736e-06, 2.12073564398e-06, 3.21624361277e-06, 3.93746040572e-06, 2.77617982647e-06, 1.86152533388e-06, 1.1070222854e-06, 8.92074751846e-07, 7.98065173058e-07, 8.46950399591e-07, 7.25875963781e-07, 4.63156169417e-07, 5.04280421865e-07, 4.01136816208e-07, 3.16459193073e-07, 2.51786218541e-07], "dmean2": [0.00381843699142, 0.00512923393399, 0.00352795282379, 0.00106236443389, 0.000876345962752, 0.000242021735176, 9.45276915445e-05, 5.89231385675e-05, 6.97486757417e-05, 4.08723717555e-05, 2.7502532248e-05, 1.58794937306e-05, 1.17722456707e-05, 1.61342341016e-05, 9.14723659662e-06, 8.10939036455e-06, 7.21917194824e-06, 5.17183298143e-06, 6.4270011535e-06, 4.49563003713e-06, 5.89674664297e-06, 9.86752729659e-06, 1.54671379278e-05, 1.18938987725e-05, 7.81342623668e-06, 3.52828283212e-06, 5.09661276737e-06, 6.62301363263e-06, 4.65447328679e-06, 2.96711664305e-06, 1.57720739935e-06, 1.30232217543e-06, 1.21022401345e-06, 1.33295918658e-06, 1.19600235848e-06, 7.57763530146e-07, 8.25842164431e-07, 6.35895389678e-07, 4.99989369018e-07, 3.88705160503e-07], "dvar": [5.61618253414e-05, 7.14655179763e-05, 2.80552631011e-05, 1.67505390891e-06, 1.38092366342e-06, 1.09252120239e-07, 1.56657780082e-08, 6.47216946703e-09, 2.01868832761e-08, 5.86478199338e-09, 3.54987506057e-09, 7.92246768189e-10, 6.59884424881e-10, 1.86522197687e-09, 4.66228999851e-10, 3.30214133815e-10, 4.10158990105e-10, 1.34999372792e-10, 3.67163965898e-10, 8.83643297422e-11, 3.44654388362e-10, 1.09850628593e-09, 1.33289901338e-09, 6.875996994e-10, 2.87115414777e-10, 5.82318707143e-11, 1.03716091271e-10, 1.82170376006e-10, 1.20115598023e-10, 2.73790417421e-11, 9.44126027358e-12, 5.76628675364e-12, 3.81059550233e-12, 4.67497308226e-12, 4.69675904072e-12, 1.97654045908e-12, 2.94586078621e-12, 3.47387179786e-12, 1.08482125193e-12, 5.38580356528e-13], "dvar2": [9.89214458968e-05, 0.000151991451276, 7.29730600142e-05, 4.34467392552e-06, 3.58819511348e-06, 2.81440605931e-07, 3.13484385117e-08, 1.38117535187e-08, 5.28092272134e-08, 1.33949464853e-08, 6.15907458368e-09, 1.48216783291e-09, 1.28090382745e-09, 3.73969122336e-09, 1.22623911025e-09, 7.39385219717e-10, 8.82562245508e-10, 3.3293898194e-10, 1.01054808965e-09, 2.2749395423e-10, 9.95106552715e-10, 2.3449537867e-09, 3.85526099933e-09, 1.97301219806e-09, 7.8899542455e-10, 1.35416428071e-10, 2.39765041155e-10, 4.83203088653e-10, 3.25599019968e-10, 6.46575917806e-11, 1.8410930766e-11, 1.21549202994e-11, 7.96089496408e-12, 1.13867474477e-11, 1.25240885371e-11, 5.09177552552e-12, 8.04749756417e-12, 8.52977671134e-12, 2.514448285e-12, 1.21341511058e-12], "max": [0.0881457701325, 0.0903503149748, 0.0566686950624, 0.016215454787, 0.022827476263, 0.00580619648099, 0.00238227192312, 0.0017604167806, 0.00342434481718, 0.00160385377239, 0.001722878078, 0.000778536836151, 0.000751478073653, 0.00118038372602, 0.0004076360201, 0.000403118901886, 0.000425263977377, 0.000255664286669, 0.000689915847033, 0.000222665781621, 0.000748504069634, 0.00143683631904, 0.00038616641541, 0.00029887695564, 0.000337196717737, 0.000282299006358, 0.000212328275666, 0.000321560102748, 0.000468395242933, 9.51952097239e-05, 3.90183813579e-05, 3.52559691237e-05, 4.20737560489e-05, 5.36254301551e-05, 3.7932779378e-05, 5.44969479961e-05, 6.91630339134e-05, 9.69180182437e-05, 5.73401412112e-05, 3.44956497429e-05], "mean": [0.00499744992703, 0.003754618112, 0.00204648124054, 0.00121372181457, 0.000949539826252, 0.000270330783678, 0.000184669435839, 0.000129368752823, 0.000102930644061, 4.22032826464e-05, 3.21860425174e-05, 1.81995965249e-05, 1.16904784591e-05, 1.31869483084e-05, 6.03422904533e-06, 6.18801095698e-06, 5.53180188945e-06, 2.90931484415e-06, 3.51974813384e-06, 2.46054651143e-06, 2.97248243442e-06, 5.06787955601e-06, 5.76294314669e-06, 4.85691361973e-06, 3.37963683705e-06, 2.01380839826e-06, 3.47443642568e-06, 3.64546917808e-06, 3.04348327518e-06, 2.18353511627e-06, 1.32461445901e-06, 1.04564378489e-06, 1.00086595012e-06, 9.91235879155e-07, 7.44007706999e-07, 6.04631907208e-07, 6.89250839514e-07, 5.45252703432e-07, 5.17976559422e-07, 3.71969889557e-07], "median": [0.00174772483297, 0.000552008044906, 0.000638707890175, 0.000799681118224, 0.00041590561159, 9.69167012954e-05, 6.0898000811e-05, 4.32430169894e-05, 1.64520679391e-05, 5.776924354e-06, 3.83310498364e-06, 2.91172341349e-06, 1.87304920019e-06, 1.552462777e-06, 6.86407418016e-07, 5.57114276489e-07, 4.26518624863e-07, 2.7393923574e-07, 2.20634845505e-07, 1.86106305478e-07, 1.63773037798e-07, 1.50016546741e-07, 1.42052911656e-07, 1.04003056833e-07, 8.99260328424e-08, 5.68542048995e-08, 6.674435582e-08, 6.06028152106e-08, 4.57673863252e-08, 4.03470608035e-08, 3.80813318657e-08, 3.72801132187e-08, 2.66531969828e-08, 2.34087540463e-08, 2.2430072022e-08, 2.02918535308e-08, 2.06324575203e-08, 2.09745021351e-08, 1.91573210628e-08, 1.42513183476e-08], "min": [8.13147013707e-24, 1.96054165048e-23, 8.29271961699e-24, 8.44625009295e-24, 6.96716745009e-24, 8.24810637735e-24, 7.718701035e-24, 2.45241362205e-23, 1.6156608135e-23, 2.30440185921e-23, 1.52490362853e-23, 1.85404116842e-23, 1.75937012896e-23, 1.69534917556e-23, 1.75671261434e-23, 5.86469173656e-24, 7.1355561212e-24, 5.8420115911e-24, 7.94308305316e-24, 9.31587773309e-24, 8.48588009824e-24, 1.12797303906e-23, 7.40916779301e-24, 1.17414648779e-23, 9.9082215539e-24, 1.24464888015e-23, 1.1881944439e-23, 8.68347476664e-24, 1.68861514333e-23, 7.51379204829e-24, 1.17689764019e-23, 1.00620139317e-23, 9.64651300429e-24, 1.04190058346e-23, 1.32064363769e-23, 1.18321546941e-23, 8.74457677692e-24, 1.02152793504e-23, 1.24273573469e-23, 8.33234094481e-24], "var": [0.000100031385955, 9.07604480744e-05, 2.30924742937e-05, 2.20024662667e-06, 2.27694363275e-06, 1.99215733687e-07, 8.14295333385e-08, 4.26163602185e-08, 4.49283206194e-08, 1.04446549187e-08, 9.09216346656e-09, 2.1418427032e-09, 1.27393229299e-09, 2.85668066979e-09, 4.85867346356e-10, 4.95965213343e-10, 5.90780258047e-10, 1.31768096434e-10, 4.01916167014e-10, 8.51568815463e-11, 2.81430295734e-10, 1.45762202308e-09, 8.07493294452e-10, 4.36906677503e-10, 2.0618574903e-10, 6.09992681366e-11, 1.47800702233e-10, 1.87917167938e-10, 1.80163245433e-10, 4.65005672856e-11, 1.68106622372e-11, 9.86419453064e-12, 8.65871350314e-12, 9.42619766964e-12, 6.51725158216e-12, 7.22431619735e-12, 1.27127050206e-11, 1.01618730791e-11, 8.09372100591e-12, 3.42796993048e-12]}, "mfcc": {"mean": [-769.077758789, 162.422958374, 58.2069969177, 41.304397583, 8.82726192474, 8.3980474472, 1.07367110252, 2.79040956497, -0.427121311426, -1.21491229534, 0.15978038311, 2.79700613022, 0.644875466824], "cov": [[10774.8808594, -2291.02856445, -815.166625977, 176.283035278, -290.191192627, -91.9612045288, 317.207733154, 196.110855103, 134.902023315, 105.459655762, -104.585388184, -120.999694824, -181.75541687], [-2291.02856445, 2299.99023438, 262.691375732, -449.778717041, -173.80140686, -134.223312378, -210.238082886, -93.1936264038, -106.604522705, -70.0516815186, 58.8700180054, 34.7514343262, 60.1078872681], [-815.166625977, 262.691375732, 714.27545166, 43.4553451538, -98.4492797852, -123.587867737, -86.3274841309, -80.9649276733, -23.3975105286, -24.8363513947, -19.9373264313, 11.5404939651, 37.2646636963], [176.283035278, -449.778717041, 43.4553451538, 492.232299805, 112.01701355, 63.4678993225, -29.3946247101, -7.30062532425, -8.98612880707, -3.50016880035, -36.8207168579, -21.6192417145, -8.3490228653], [-290.191192627, -173.80140686, -98.4492797852, 112.01701355, 295.556610107, 124.604934692, 43.3084373474, 2.7679142952, -15.0723743439, -6.86872386932, -7.215903759, 0.911524772644, -8.89610290527], [-91.9612045288, -134.223312378, -123.587867737, 63.4678993225, 124.604934692, 187.834152222, 76.9265060425, 19.9786624908, -3.52286934853, -7.46755504608, -1.71292006969, -2.31676602364, -4.24290084839], [317.207733154, -210.238082886, -86.3274841309, -29.3946247101, 43.3084373474, 76.9265060425, 137.785247803, 59.8590660095, 40.5158424377, 19.2695007324, 2.93480587006, -1.05354881287, -12.5710191727], [196.110855103, -93.1936264038, -80.9649276733, -7.30062532425, 2.7679142952, 19.9786624908, 59.8590660095, 101.446578979, 59.2989845276, 25.4052448273, -1.52456974983, -12.1730470657, -20.1765003204], [134.902023315, -106.604522705, -23.3975105286, -8.98612880707, -15.0723743439, -3.52286934853, 40.5158424377, 59.2989845276, 105.183761597, 54.6939811707, 9.9666852951, -6.99912786484, -12.4698801041], [105.459655762, -70.0516815186, -24.8363513947, -3.50016880035, -6.86872386932, -7.46755504608, 19.2695007324, 25.4052448273, 54.6939811707, 76.7274398804, 34.6237945557, 14.3221502304, -3.0876595974], [-104.585388184, 58.8700180054, -19.9373264313, -36.8207168579, -7.215903759, -1.71292006969, 2.93480587006, -1.52456974983, 9.9666852951, 34.6237945557, 65.6232681274, 40.5070419312, 19.6930236816], [-120.999694824, 34.7514343262, 11.5404939651, -21.6192417145, 0.911524772644, -2.31676602364, -1.05354881287, -12.1730470657, -6.99912786484, 14.3221502304, 40.5070419312, 70.0275115967, 42.8963623047], [-181.75541687, 60.1078872681, 37.2646636963, -8.3490228653, -8.89610290527, -4.24290084839, -12.5710191727, -20.1765003204, -12.4698801041, -3.0876595974, 19.6930236816, 42.8963623047, 71.6895446777]], "icov": [[0.000156476045959, 0.000125506150653, 0.00018164422363, -4.94788037031e-05, 0.00026009810972, 0.000268601579592, -0.000348289991962, 6.6353364673e-05, 0.000183082738658, -0.000152989654453, 0.00022436704603, -6.25102893537e-06, 0.000164440949447], [0.000125506150653, 0.000874088204, -0.000143787721754, 0.000786053249612, 0.00023543019779, -0.000258811021922, 0.00124154309742, -0.000565754598938, 0.000523666385561, 0.000358475168468, -0.000741332827602, 0.000448061153293, -0.00013394675625], [0.00018164422363, -0.000143787721754, 0.0021561011672, -0.000695044116583, 0.000575991347432, 0.0015197932953, -0.00112511217594, 0.00178702326957, -0.000668679655064, 0.00014035863569, 0.0013159676455, -0.000508164463099, -0.000321235100273], [-4.94788037031e-05, 0.000786053249612, -0.000695044116583, 0.00351826078258, -0.000858481624164, -0.00178806681652, 0.00331038702279, -0.0011979608098, 0.000584253226407, -0.000883298052941, 0.000828887626994, 0.000581115833484, -0.000494335428812], [0.00026009810972, 0.00023543019779, 0.000575991347432, -0.000858481624164, 0.00552615476772, -0.00241170171648, -0.000844088033773, 0.000677020463627, 0.000871629454195, -0.000565227877814, 0.0010522690136, -0.00122819666285, 0.0012213162845], [0.000268601579592, -0.000258811021922, 0.0015197932953, -0.00178806681652, -0.00241170171648, 0.0113024264574, -0.00713312067091, 0.00150742917322, 0.000720428070053, 0.00164969230536, -0.000914952775929, 0.00107506569475, -0.000752736406866], [-0.000348289991962, 0.00124154309742, -0.00112511217594, 0.00331038702279, -0.000844088033773, -0.00713312067091, 0.0177601538599, -0.00716839823872, -0.00144944339991, 4.55421977676e-05, -0.000519393070135, -0.00121121818665, 0.000233543585637], [6.6353364673e-05, -0.000565754598938, 0.00178702326957, -0.0011979608098, 0.000677020463627, 0.00150742917322, -0.00716839823872, 0.0200464017689, -0.00941289775074, 0.00144755735528, 0.00164591905195, -0.000520179397427, 0.00241646403447], [0.000183082738658, 0.000523666385561, -0.000668679655064, 0.000584253226407, 0.000871629454195, 0.000720428070053, -0.00144944339991, -0.00941289775074, 0.0231699123979, -0.0146920206025, 0.00235715648159, 0.0037732666824, -0.00181965867523], [-0.000152989654453, 0.000358475168468, 0.00014035863569, -0.000883298052941, -0.000565227877814, 0.00164969230536, 4.55421977676e-05, 0.00144755735528, -0.0146920206025, 0.0309475306422, -0.0151769388467, -0.00156193948351, 0.00345964520238], [0.00022436704603, -0.000741332827602, 0.0013159676455, 0.000828887626994, 0.0010522690136, -0.000914952775929, -0.000519393070135, 0.00164591905195, 0.00235715648159, -0.0151769388467, 0.0347077399492, -0.0163584854454, 0.00106195732951], [-6.25102893537e-06, 0.000448061153293, -0.000508164463099, 0.000581115833484, -0.00122819666285, 0.00107506569475, -0.00121121818665, -0.000520179397427, 0.0037732666824, -0.00156193948351, -0.0163584854454, 0.0341129228473, -0.0158364661038], [0.000164440949447, -0.00013394675625, -0.000321235100273, -0.000494335428812, 0.0012213162845, -0.000752736406866, 0.000233543585637, 0.00241646403447, -0.00181965867523, 0.00345964520238, 0.00106195732951, -0.0158364661038, 0.0244324412197]]}, "spectral_contrast_coeffs": {"dmean": [0.0593965612352, 0.0414346419275, 0.0359587781131, 0.0268896315247, 0.0216652546078, 0.0252054408193], "dmean2": [0.097510792315, 0.0680229589343, 0.0587848499417, 0.0439912490547, 0.0350198298693, 0.0392987169325], "dvar": [0.00255834008567, 0.00125133397523, 0.000905601482373, 0.00054075056687, 0.000384371873224, 0.000682241341565], "dvar2": [0.00620061252266, 0.00330020813271, 0.00226163724437, 0.00134705391247, 0.000905078020878, 0.00168774393387], "max": [-0.308488845825, -0.444210976362, -0.53279042244, -0.6349350214, -0.545207560062, -0.615394592285], "mean": [-0.619472742081, -0.746700823307, -0.819152772427, -0.856434106827, -0.851856768131, -0.803644359112], "median": [-0.624855875969, -0.750618338585, -0.831221163273, -0.864091098309, -0.862015485764, -0.806710362434], "min": [-0.958576798439, -0.959705114365, -0.960537910461, -0.987731397152, -0.961767017841, -0.959767818451], "var": [0.00822646357119, 0.00510437320918, 0.00406036246568, 0.00193348829634, 0.00168021279387, 0.0019737391267]}, "spectral_contrast_valleys": {"dmean": [0.471440851688, 0.35301554203, 0.493060678244, 0.614054381847, 0.60935908556, 0.529886603355], "dmean2": [0.754577338696, 0.561424195766, 0.767096936703, 0.954416573048, 0.91345924139, 0.735349774361], "dvar": [0.208971813321, 0.177391111851, 0.240761443973, 0.363940626383, 0.451132923365, 0.372802942991], "dvar2": [0.419008731842, 0.313768565655, 0.503890633583,