{"lowlevel": {"average_loudness": 0.943917870522, "barkbands_crest": {"dmean": 3.01459717751, "dmean2": 5.04032754898, "dvar": 7.78775930405, "dvar2": 20.7207736969, "max": 26.0884990692, "mean": 14.135052681, "median": 13.4805803299, "min": 3.13723540306, "var": 24.0606212616}, "barkbands_flatness_db": {"dmean": 0.0377803333104, "dmean2": 0.0543305166066, "dvar": 0.00123058923054, "dvar2": 0.00247046281584, "max": 0.556191980839, "mean": 0.22711879015, "median": 0.215899273753, "min": 0.0363679602742, "var": 0.00873794034123}, "barkbands_kurtosis": {"dmean": 15.0845127106, "dmean2": 23.9701786041, "dvar": 618.265258789, "dvar2": 1563.11755371, "max": 509.628662109, "mean": 27.7515277863, "median": 15.6512489319, "min": -1.90649354458, "var": 1449.41369629}, "barkbands_skewness": {"dmean": 1.09102082253, "dmean2": 1.69082081318, "dvar": 1.36796200275, "dvar2": 3.32475328445, "max": 20.4090385437, "mean": 3.76876568794, "median": 3.47718143463, "min": -2.68246269226, "var": 6.00987100601}, "barkbands_spread": {"dmean": 5.75562620163, "dmean2": 8.72777175903, "dvar": 81.390625, "dvar2": 170.082092285, "max": 103.669944763, "mean": 13.3378295898, "median": 8.44108009338, "min": 0.202731445432, "var": 201.596313477}, "dissonance": {"dmean": 0.0222398005426, "dmean2": 0.0355258882046, "dvar": 0.000505918287672, "dvar2": 0.00123394210823, "max": 0.500000059605, "mean": 0.435527294874, "median": 0.45381128788, "min": 0.0567464642227, "var": 0.00436552986503}, "dynamic_complexity": 3.20912504196, "erbbands_crest": {"dmean": 2.55421447754, "dmean2": 3.99033236504, "dvar": 6.76135873795, "dvar2": 14.7475891113, "max": 31.9957427979, "mean": 10.5290021896, "median": 9.87392520905, "min": 2.61767959595, "var": 20.5365180969}, "erbbands_flatness_db": {"dmean": 0.0260786581784, "dmean2": 0.0339569449425, "dvar": 0.000667081912979, "dvar2": 0.00115342740901, "max": 0.477050483227, "mean": 0.147197917104, "median": 0.128738373518, "min": 0.0405272580683, "var": 0.00538478279486}, "erbbands_kurtosis": {"dmean": 1.43935346603, "dmean2": 2.12406086922, "dvar": 8.25327110291, "dvar2": 17.3574676514, "max": 113.729309082, "mean": 1.15886414051, "median": -0.22420668602, "min": -1.86344194412, "var": 22.6296825409}, "erbbands_skewness": {"dmean": 0.419711381197, "dmean2": 0.597187519073, "dvar": 0.194678038359, "dvar2": 0.377274096012, "max": 8.52351379395, "mean": 0.692052006721, "median": 0.531778812408, "min": -4.92593669891, "var": 1.19920456409}, "erbbands_spread": {"dmean": 13.7809734344, "dmean2": 19.7623615265, "dvar": 270.937042236, "dvar2": 508.306671143, "max": 201.585113525, "mean": 56.8783416748, "median": 50.848991394, "min": 2.74443173409, "var": 1090.72363281}, "hfc": {"dmean": 11.2452125549, "dmean2": 16.2968235016, "dvar": 439.694030762, "dvar2": 1007.28405762, "max": 275.656066895, "mean": 21.4221572876, "median": 14.9751834869, "min": 1.17153775444e-16, "var": 581.54309082}, "melbands_crest": {"dmean": 3.19306826591, "dmean2": 5.38333892822, "dvar": 7.99549436569, "dvar2": 22.0881233215, "max": 33.3735084534, "mean": 17.9599208832, "median": 18.2925109863, "min": 1.58844983578, "var": 25.8510627747}, "melbands_flatness_db": {"dmean": 0.042006213218, "dmean2": 0.0608971118927, "dvar": 0.0015780798858, "dvar2": 0.0030881552957, "max": 0.71528762579, "mean": 0.33929681778, "median": 0.331183165312, "min": 0.00454097753391, "var": 0.0143243148923}, "melbands_kurtosis": {"dmean": 31.3481273651, "dmean2": 48.7429466248, "dvar": 1879.5559082, "dvar2": 4403.61914062, "max": 751.723022461, "mean": 69.1993331909, "median": 45.0876579285, "min": -1.58268940449, "var": 5611.45361328}, "melbands_skewness": {"dmean": 1.37239825726, "dmean2": 2.10377693176, "dvar": 2.04734301567, "dvar2": 4.60213184357, "max": 20.8922023773, "mean": 5.60949325562, "median": 5.27060699463, "min": -0.577964365482, "var": 9.37632656097}, "melbands_spread": {"dmean": 3.32967114449, "dmean2": 5.21011590958, "dvar": 32.1790962219, "dvar2": 72.4173355103, "max": 187.051437378, "mean": 10.6332082748, "median": 4.7007651329, "min": 0.296850025654, "var": 482.14453125}, "pitch_salience": {"dmean": 0.0873813331127, "dmean2": 0.145146280527, "dvar": 0.00661862595007, "dvar2": 0.0176755245775, "max": 0.851901590824, "mean": 0.446884036064, "median": 0.447870790958, "min": 0.078010506928, "var": 0.0205387435853}, "silence_rate_20dB": {"dmean": 0, "dmean2": 0, "dvar": 0, "dvar2": 0, "max": 1, "mean": 1, "median": 1, "min": 1, "var": 0}, "silence_rate_30dB": {"dmean": 0.139814808965, "dmean2": 0.279672801495, "dvar": 0.120264828205, "dvar2": 0.256109237671, "max": 1, "mean": 0.754821777344, "median": 1, "min": 0, "var": 0.185060963035}, "silence_rate_60dB": {"dmean": 0.00339506170712, "dmean2": 0.00679117161781, "dvar": 0.00338345603086, "dvar2": 0.0073621077463, "max": 1, "mean": 0.0626446530223, "median": 0, "min": 0, "var": 0.0587174631655}, "spectral_centroid": {"dmean": 170.031524658, "dmean2": 258.532348633, "dvar": 52345.65625, "dvar2": 104428.671875, "max": 11247.0107422, "mean": 726.355651855, "median": 553.327209473, "min": 93.4156341553, "var": 430722.5}, "spectral_complexity": {"dmean": 2.91882705688, "dmean2": 4.53218078613, "dvar": 20.0483036041, "dvar2": 42.1238174438, "max": 47, "mean": 10.0794630051, "median": 9, "min": 0, "var": 44.3115615845}, "spectral_decrease": {"dmean": 7.72408270677e-09, "dmean2": 1.26515224963e-08, "dvar": 8.86159582845e-17, "dvar2": 2.38133042846e-16, "max": 2.62426813004e-18, "mean": -1.77889152297e-08, "median": -1.44747973607e-08, "min": -7.89524747802e-08, "var": 1.94032669494e-16}, "spectral_energy": {"dmean": 0.0297483187169, "dmean2": 0.0485986284912, "dvar": 0.00130355916917, "dvar2": 0.00348360580392, "max": 0.301169931889, "mean": 0.0690822973847, "median": 0.0565309636295, "min": 1.09065678236e-20, "var": 0.00285553722642}, "spectral_energyband_high": {"dmean": 0.000798415276222, "dmean2": 0.00113633670844, "dvar": 2.78545667243e-06, "dvar2": 6.11439236309e-06, "max": 0.0196617115289, "mean": 0.0010330703808, "median": 0.000309687078698, "min": 7.80756393143e-21, "var": 3.61427078133e-06}, "spectral_energyband_low": {"dmean": 0.0258986335248, "dmean2": 0.0439043156803, "dvar": 0.00117477192543, "dvar2": 0.00328270392492, "max": 0.285760730505, "mean": 0.0510468259454, "median": 0.0368566960096, "min": 1.25669518061e-22, "var": 0.00238210288808}, "spectral_energyband_middle_high": {"dmean": 0.000930301670451, "dmean2": 0.00138245581184, "dvar": 3.40590736414e-06, "dvar2": 7.18347746442e-06, "max": 0.0280253365636, "mean": 0.00237042480148, "median": 0.0010936500039, "min": 1.86141406439e-21, "var": 9.7133070085e-06}, "spectral_energyband_middle_low": {"dmean": 0.00912445411086, "dmean2": 0.0138936219737, "dvar": 0.000226225383813, "dvar2": 0.000545795657672, "max": 0.186908841133, "mean": 0.0176960416138, "median": 0.0115087870508, "min": 2.6157360391e-22, "var": 0.000376275391318}, "spectral_entropy": {"dmean": 0.344764262438, "dmean2": 0.453656196594, "dvar": 0.124231174588, "dvar2": 0.208779409528, "max": 9.79590702057, "mean": 6.98942327499, "median": 7.10395526886, "min": 4.35842943192, "var": 0.802650213242}, "spectral_flux": {"dmean": 0.046067494899, "dmean2": 0.0734596997499, "dvar": 0.00286260410212, "dvar2": 0.0066132247448, "max": 0.473206222057, "mean": 0.110850572586, "median": 0.0918133854866, "min": 1.0443451659e-10, "var": 0.00585879152641}, "spectral_kurtosis": {"dmean": 3.9501645565, "dmean2": 5.63482236862, "dvar": 78.9139785767, "dvar2": 178.166183472, "max": 414.837249756, "mean": 14.7074117661, "median": 3.66818237305, "min": -1.21577095985, "var": 1994.93493652}, "spectral_rms": {"dmean": 0.0016472346615, "dmean2": 0.00263009127229, "dvar": 3.12432939609e-06, "dvar2": 7.90441208665e-06, "max": 0.0171413049102, "mean": 0.00746075855568, "median": 0.00742645002902, "min": 3.26198616729e-12, "var": 1.17343897728e-05}, "spectral_rolloff": {"dmean": 322.350341797, "dmean2": 571.041625977, "dvar": 1311998.875, "dvar2": 3199944, "max": 18776.953125, "mean": 969.363037109, "median": 215.33203125, "min": 64.599609375, "var": 8304141.5}, "spectral_skewness": {"dmean": 0.38507732749, "dmean2": 0.533140420914, "dvar": 0.231378495693, "dvar2": 0.49268117547, "max": 16.9005966187, "mean": 2.35448360443, "median": 1.74931061268, "min": -0.0181345380843, "var": 4.80618429184}, "spectral_spread": {"dmean": 1294317.625, "dmean2": 1639691.125, "dvar": 2140388065280.0, "dvar2": 3608656740350.0, "max": 40676116, "mean": 6345602.5, "median": 6448146, "min": 250179.96875, "var": 8394204250110.0}, "spectral_strongpeak": {"dmean": 0.322169840336, "dmean2": 0.540433526039, "dvar": 0.324037343264, "dvar2": 0.884217381477, "max": 8.38681411743, "mean": 0.722203969955, "median": 0.593445956707, "min": 0, "var": 0.46540504694}, "zerocrossingrate": {"dmean": 0.0123704699799, "dmean2": 0.0146801657975, "dvar": 0.000246818701271, "dvar2": 0.000311113399221, "max": 0.52001953125, "mean": 0.0491450838745, "median": 0.02978515625, "min": 0.0029296875, "var": 0.00579588906839}, "barkbands": {"dmean": [0.000251306249993, 0.021038049832, 0.00714628770947, 0.0042770896107, 0.00471814302728, 0.00122557755094, 0.00045123390737, 0.000184757562238, 0.000142361750477, 0.000251379795372, 0.000209907360841, 0.000159596806043, 9.70334149315e-05, 0.000104587816168, 0.000166783531313, 0.00011779156921, 6.67532294756e-05, 2.4285287509e-05, 4.71918319818e-05, 5.38130771019e-05, 8.83304310264e-05, 7.16728900443e-05, 0.000164207755006, 7.62734925956e-05, 0.000214094339754, 0.000160691066412, 6.11639334238e-05], "dmean2": [0.000398416625103, 0.0361984670162, 0.0120579246432, 0.00730206258595, 0.00669801887125, 0.00187790754717, 0.000694900052622, 0.000288067822112, 0.00022013085254, 0.000378798460588, 0.000302890024614, 0.00024327643041, 0.000149213985424, 0.000164858982316, 0.000256290542893, 0.000190332837519, 0.00010035624291, 4.17326082243e-05, 8.15253297333e-05, 9.36473807087e-05, 0.000133114081109, 0.000110679291538, 0.000223579219892, 0.000114106667752, 0.000306515925331, 0.000254606362432, 9.52926275204e-05], "dvar": [2.8189398904e-07, 0.000879079394508, 0.000141192183946, 6.63680912112e-05, 6.70264198561e-05, 7.3938940659e-06, 1.40967381412e-06, 4.46300674639e-07, 2.310267746e-07, 5.77399646318e-07, 4.83805251861e-07, 4.12305269037e-07, 1.67567421272e-07, 1.35158757075e-07, 2.71630028692e-07, 1.7343086256e-07, 3.30860849829e-08, 4.67269511972e-09, 1.50040513347e-08, 2.35858124142e-08, 2.76823666212e-08, 1.99595433514e-08, 1.21663518371e-07, 1.96879490488e-08, 2.41353063757e-07, 4.73650430877e-07, 4.63148523977e-08], "dvar2": [6.51683592423e-07, 0.002478859853, 0.000378822616767, 0.000191059094504, 0.000129847088829, 1.73701064341e-05, 3.40426754519e-06, 1.10392261377e-06, 5.04870513396e-07, 1.25656333694e-06, 9.72329985416e-07, 8.2004999058e-07, 3.596544218e-07, 2.79821762206e-07, 5.27748738932e-07, 3.88093980064e-07, 5.84340327237e-08, 1.28603634408e-08, 3.97372907912e-08, 6.72997302331e-08, 6.11637389625e-08, 4.71215031439e-08, 2.1508918735e-07, 4.47371242274e-08, 5.0563306786e-07, 1.26019381241e-06, 1.17256298893e-07], "max": [0.00949006620795, 0.262979209423, 0.162433564663, 0.134627401829, 0.114656321704, 0.0470776185393, 0.0273007526994, 0.0164067987353, 0.0124711580575, 0.01353100501, 0.0169293489307, 0.0172384269536, 0.018388543278, 0.0167938712984, 0.0128178652376, 0.0112706990913, 0.00707613211125, 0.00155082438141, 0.00358346989378, 0.00231661251746, 0.00344906910323, 0.00197669677436, 0.003855768824, 0.00175185163971, 0.00557001912966, 0.0115695456043, 0.00355721288361], "mean": [0.000431214197306, 0.0348941348493, 0.0127447349951, 0.00575652904809, 0.00790006108582, 0.00244253617711, 0.000900528335478, 0.000338142475812, 0.000187423749594, 0.000385962746805, 0.00032229849603, 0.000201910690521, 0.000147228929563, 0.000180218747118, 0.000516541302204, 0.000343604333466, 0.000227440585149, 2.86715785478e-05, 6.51273294352e-05, 6.90689121257e-05, 0.000149014915223, 0.000104912709503, 0.00020840067009, 0.000100084580481, 0.000232104604947, 0.000149726998643, 5.49472679268e-05], "median": [0.000148727922351, 0.0210868157446, 0.0063971276395, 0.00275810295716, 0.00351112382486, 0.00104089977685, 0.000177181587787, 8.69333816809e-05, 5.62529749004e-05, 7.26385042071e-05, 8.77246930031e-05, 3.09058377752e-05, 1.94383737835e-05, 2.45484898187e-05, 4.67897261842e-05, 4.46365665994e-05, 2.87116599793e-05, 8.63835975906e-06, 2.07527718885e-05, 1.88278063433e-05, 5.88889379287e-05, 3.34872056555e-05, 3.2443262171e-05, 2.52431291301e-05, 3.87699001294e-05, 2.3936820071e-05, 7.96354652266e-06], "min": [1.00038559503e-23, 1.01646179142e-22, 1.27934605932e-23, 1.57771139748e-23, 7.27089183592e-23, 7.10816308404e-23, 2.73011632652e-23, 2.18071620011e-23, 4.44530850929e-23, 6.78299209455e-23, 1.06055697032e-22, 1.94302057646e-22, 8.78085175678e-23, 1.507882503e-22, 2.17525579959e-22, 1.16396868327e-22, 2.05556994927e-22, 2.18783996119e-22, 3.22072217634e-22, 3.27886766216e-22, 4.79597289577e-22, 5.2014953638e-22, 6.31547702384e-22, 7.03482729263e-22, 1.34885753511e-21, 1.68110464478e-21, 2.49296222116e-21], "var": [4.89683088745e-07, 0.00159388000611, 0.000264083500952, 7.37083319109e-05, 0.000147277823999, 1.48249055201e-05, 4.1789903662e-06, 8.93079004527e-07, 3.3953230627e-07, 8.89841430762e-07, 7.74694171923e-07, 5.84508711654e-07, 2.7108399081e-07, 2.51093268844e-07, 1.65850985923e-06, 8.75351986451e-07, 5.70574400172e-07, 4.03154221118e-09, 1.74774541506e-08, 2.22400107219e-08, 5.96407829789e-08, 3.08546894701e-08, 2.06549955806e-07, 3.01863991581e-08, 2.98731606563e-07, 3.62321770808e-07, 3.97168768984e-08]}, "erbbands": {"dmean": [0.491243153811, 5.27085876465, 9.63437652588, 10.0538549423, 21.6668586731, 8.93394184113, 11.3454017639, 8.36376571655, 8.17377090454, 4.3837647438, 4.04705667496, 3.5159304142, 7.1854300499, 6.19598865509, 8.61957359314, 7.50732946396, 4.89875173569, 5.36274051666, 8.166847229, 7.83522558212, 4.85470914841, 2.7784640789, 1.53113603592, 2.20219659805, 2.47413754463, 2.4544377327, 3.32071709633, 3.53800702095, 2.61806678772, 3.32733821869, 5.37439155579, 1.82186532021, 1.24403810501, 1.30626606941, 1.75800263882, 1.1343048811, 0.25085991621, 0.0505148209631, 0.00902103725821, 0.000818094820715], "dmean2": [0.845427393913, 9.0631608963, 16.5216293335, 16.9843864441, 31.7822799683, 13.6754312515, 18.0247211456, 13.2339496613, 12.2702169418, 6.93151950836, 6.15045261383, 5.31250524521, 11.0093402863, 9.17815589905, 12.5031414032, 11.177520752, 7.40538978577, 8.29452323914, 12.3897686005, 12.4169044495, 7.68154525757, 4.35104513168, 2.58170413971, 3.78910017014, 4.3462767601, 4.17482805252, 5.09585523605, 5.41255044937, 3.99041938782, 4.63090848923, 7.29205703735, 2.70168590546, 1.86898946762, 2.00664162636, 2.52270412445, 1.76285684109, 0.393677353859, 0.0781644210219, 0.0140468515456, 0.00128302490339], "dvar": [0.579353809357, 56.1059188843, 220.529586792, 310.130523682, 1504.86279297, 215.306793213, 848.158508301, 385.825500488, 442.28616333, 160.25843811, 189.473937988, 147.693771362, 534.188171387, 461.792816162, 885.17590332, 999.237426758, 395.166503906, 371.655609131, 826.039245605, 478.806274414, 227.741088867, 47.1167984009, 16.8323802948, 28.9276828766, 53.628692627, 40.7433128357, 43.6141815186, 44.2843742371, 26.7468700409, 51.9646224976, 141.296127319, 10.2644262314, 6.38301801682, 10.8293657303, 15.5357685089, 15.6649856567, 1.09477293491, 0.0210983622819, 0.00111006980296, 1.00011902759e-05], "dvar2": [1.57968258858, 161.752059937, 630.920288086, 865.231079102, 3173.8972168, 502.472839355, 2016.02807617, 918.949462891, 976.156677246, 417.016784668, 433.987335205, 323.930633545, 1220.20617676, 948.569213867, 1844.90820312, 1944.73571777, 835.272094727, 766.285705566, 1554.65856934, 1164.84265137, 507.384857178, 97.7861480713, 45.0881156921, 79.0823898315, 143.651077271, 113.037185669, 103.008148193, 99.7992858887, 62.0948143005, 94.8477172852, 259.18737793, 22.4622383118, 14.7709207535, 27.4039936066, 32.5706253052, 41.2950248718, 2.84357309341, 0.0522703938186, 0.00279976474121, 2.57900373981e-05], "max": [7.32347774506, 60.9532775879, 166.331802368, 276.219787598, 495.861846924, 190.396972656, 519.519470215, 332.585662842, 542.881103516, 191.947860718, 409.516113281, 344.284515381, 422.381896973, 554.203125, 662.555114746, 871.902404785, 879.413879395, 864.304138184, 740.139953613, 483.320953369, 446.869873047, 227.229156494, 69.1085968018, 92.829536438, 251.376373291, 89.4577255249, 125.719116211, 145.009994507, 77.8602371216, 136.140029907, 140.399887085, 43.8325691223, 34.278881073, 44.1803817749, 42.2458572388, 62.3889007568, 17.4602985382, 2.23322057724, 0.561389863491, 0.051711242646], "mean": [0.744375169277, 8.64972019196, 17.1261539459, 16.9237556458, 32.3856048584, 15.7442817688, 19.8275737762, 16.1550884247, 17.5906467438, 7.80915021896, 7.93200492859, 5.22361516953, 9.64793872833, 11.0460214615, 12.8576889038, 10.3620185852, 7.7848777771, 10.239695549, 26.0506343842, 22.2724132538, 15.6778068542, 8.30354404449, 2.28360009193, 3.05304408073, 3.15103411674, 3.3579826355, 5.31089353561, 5.60903167725, 3.92158174515, 4.54280233383, 6.67932987213, 2.44639158249, 1.54872786999, 1.41415822506, 1.90272915363, 1.0764439106, 0.236226648092, 0.0466262176633, 0.00808693747967, 0.000786123622674], "median": [0.41143360734, 4.78041934967, 10.3921689987, 9.60136413574, 12.7348432541, 8.43633460999, 8.39931964874, 6.10096979141, 4.20982646942, 1.10458934307, 2.41272449493, 1.77243494987, 2.14683365822, 2.80363965034, 3.88811159134, 2.04420590401, 1.32086765766, 1.91340589523, 1.84983718395, 4.07237148285, 2.95003652573, 1.47947943211, 0.706181704998, 0.968903541565, 0.838880896568, 1.03189003468, 2.1051568985, 2.04207515717, 1.34970414639, 0.949264109135, 0.9590690732, 0.586431801319, 0.413025051355, 0.336524546146, 0.298906713724, 0.158230260015, 0.0341187343001, 0.00758777512237, 0.00122225668747, 0.000172014231794], "min": [3.33951816631e-21, 2.04384067056e-20, 2.31033742285e-20, 2.41909858714e-20, 1.33595045601e-19, 1.91175398234e-19, 3.78722575506e-19, 8.94953898284e-19, 4.20471854437e-19, 3.36071152719e-19, 7.08967610828e-19, 9.6636078165e-19, 1.25651971391e-18, 4.72354002814e-18, 4.98919983521e-18, 6.58744430038e-18, 4.46523261594e-18, 7.23191270974e-18, 1.36860043284e-17, 5.99090976675e-18, 6.67093039883e-18, 1.20937155637e-17, 1.31789872807e-17, 1.13546387853e-17, 2.04249091213e-17, 1.47828987602e-17, 2.09897857985e-17, 1.85132666015e-17, 1.96431887008e-17, 1.45269806592e-17, 1.92890726806e-17, 1.37962699856e-17, 1.40388961214e-17, 1.39452857458e-17, 9.56603690017e-18, 5.61584746545e-18, 3.36461711215e-18, 1.41723015358e-18, 3.44434698345e-19, 3.58975415527e-20], "var": [0.847833514214, 101.114227295, 384.286804199, 458.902648926, 2795.59057617, 429.413970947, 1342.63427734, 822.978759766, 1572.73339844, 285.892974854, 501.463043213, 233.397201538, 657.028747559, 836.784423828, 1264.52404785, 1463.98291016, 676.252746582, 704.157104492, 5353.96386719, 1615.49951172, 1514.99768066, 602.113769531, 27.880531311, 34.9708900452, 55.5579948425, 44.1042289734, 83.669593811, 83.7868270874, 42.4258804321, 91.8694152832, 233.129867554, 17.7043495178, 8.19348049164, 9.93311786652, 19.5876483917, 12.4139757156, 0.88738489151, 0.0190641880035, 0.000952707079705, 8.24802464194e-06]}, "gfcc": {"mean": [-42.9300804138, 92.3695449829, -48.0842285156, 35.9372215271, -34.2930030823, 20.2441177368, -31.1980648041, -1.8043050766, -20.4163036346, 4.10672998428, -22.0805454254, 3.42137861252, -1.18111860752], "cov": [[32859.4648438, -979.726867676, -727.567443848, 1762.25390625, -79.3982315063, 927.924621582, -821.809020996, -22.9183254242, -563.496459961, 163.381561279, -781.751831055, -116.249305725, -376.477935791], [-979.726867676, 3642.64526367, 80.6048736572, -514.918823242, 348.373046875, -220.630111694, 313.114898682, -200.509536743, 207.528625488, -151.659622192, 158.973098755, -60.1923866272, 257.310668945], [-727.567443848, 80.6048736572, 901.413574219, 21.8410320282, 6.01191711426, 32.9526367188, 72.3904876709, 37.0077857971, -33.0751419067, -58.7599525452, 18.9208374023, 43.4972457886, 25.0411491394], [1762.25390625, -514.918823242, 21.8410320282, 739.153137207, 30.9654979706, 42.7054862976, -18.8217372894, 100.483345032, -80.6780319214, -80.2899475098, -59.6568717957, 4.28063106537, -43.4462089539], [-79.3982315063, 348.373046875, 6.01191711426, 30.9654979706, 318.121032715, 38.2450752258, 37.1577453613, 31.5147914886, 78.8993606567, 1.21814036369, -15.6287298203, -11.0413961411, 55.5738105774], [927.924621582, -220.630111694, 32.9526367188, 42.7054862976, 38.2450752258, 232.141571045, 12.8593139648, 26.9365215302, 18.1663970947, 45.1513175964, -29.1508750916, -10.0233888626, -13.4751338959], [-821.809020996, 313.114898682, 72.3904876709, -18.8217372894, 37.1577453613, 12.8593139648, 222.389953613, 55.8196716309, 5.48220729828, -39.6714057922, 62.17420578, 2.95166158676, 22.7414779663], [-22.9183254242, -200.509536743, 37.0077857971, 100.483345032, 31.5147914886, 26.9365215302, 55.8196716309, 161.072769165, 40.2575836182, -14.4012355804, -13.5852060318, 13.2687683105, -13.1083698273], [-563.496459961, 207.528625488, -33.0751419067, -80.6780319214, 78.8993606567, 18.1663970947, 5.48220729828, 40.2575836182, 175.119552612, 41.3911705017, -3.83333873749, -8.76316738129, 27.4430217743], [163.381561279, -151.659622192, -58.7599525452, -80.2899475098, 1.21814036369, 45.1513175964, -39.6714057922, -14.4012355804, 41.3911705017, 159.640014648, 27.3702259064, -15.5317745209, -6.08546733856], [-781.751831055, 158.973098755, 18.9208374023, -59.6568717957, -15.6287298203, -29.1508750916, 62.17420578, -13.5852060318, -3.83333873749, 27.3702259064, 123.844017029, 13.6628170013, 2.06194710732], [-116.249305725, -60.1923866272, 43.4972457886, 4.28063106537, -11.0413961411, -10.0233888626, 2.95166158676, 13.2687683105, -8.76316738129, -15.5317745209, 13.6628170013, 100.44178009, 26.5144958496], [-376.477935791, 257.310668945, 25.0411491394, -43.4462089539, 55.5738105774, -13.4751338959, 22.7414779663, -13.1083698273, 27.4430217743, -6.08546733856, 2.06194710732, 26.5144958496, 104.954177856]], "icov": [[7.48615711927e-05, -0.000148743245518, 5.99831328145e-05, -0.000170373969013, 8.77609490999e-05, -0.000331162795192, 0.000292385782814, -0.000204597134143, 0.000416395167122, -0.000323017884512, 0.000434807123384, -0.000172285290319, 0.000277840881608], [-0.000148743245518, 0.000974478432909, -0.000152832028107, 0.000545682618394, -0.00066669966327, 0.00107545102946, -0.00134892261121, 0.0015475966502, -0.00165659049526, 0.00150406744797, -0.00135429669172, 0.000960350676905, -0.00137924368028], [5.99831328145e-05, -0.000152832028107, 0.00125656393357, -9.06478380784e-05, 0.000101986173831, -0.000595066638198, 0.00013273152581, -0.000476295332192, 0.000638924364466, 0.000130299653392, 0.000138592527946, -0.000493615865707, -3.6556714349e-06], [-0.000170373969013, 0.000545682618394, -9.06478380784e-05, 0.00228877039626, -0.000755045504775, 0.000528961070813, -0.000270481628831, -0.000620669394266, -3.84219929401e-05, 0.00177435332444, -0.00102284364402, 0.000692702829838, -0.000573062978219], [8.77609490999e-05, -0.00066669966327, 0.000101986173831, -0.000755045504775, 0.00458313105628, -0.00121353031136, 0.000424563128036, -0.00117428530939, -0.000515642983373, -0.000847412564326, 0.00115059816744, 0.000198565961909, -0.00119590153918], [-0.000331162795192, 0.00107545102946, -0.000595066638198, 0.000528961070813, -0.00121353031136, 0.00714174751192, -0.00317203439772, 0.00169144698884, -0.00241568265483, -0.000586735724937, 0.00015936687123, 0.000782980350778, -0.000608822854701], [0.000292385782814, -0.00134892261121, 0.00013273152581, -0.000270481628831, 0.000424563128036, -0.00317203439772, 0.00979548320174, -0.00549557385966, 0.00331195420586, 0.000851841643453, -0.00292610563338, 0.000501239730511, -0.000114420785394], [-0.000204597134143, 0.0015475966502, -0.000476295332192, -0.000620669394266, -0.00117428530939, 0.00169144698884, -0.00549557385966, 0.0122163910419, -0.00573368743062, 0.00181974191219, 0.000357558659744, -0.000947125256062, 0.000721145072021], [0.000416395167122, -0.00165659049526, 0.000638924364466, -3.84219929401e-05, -0.000515642983373, -0.00241568265483, 0.00331195420586, -0.00573368743062, 0.0117847593501, -0.00442191306502, 0.00311963981949, -0.000685596023686, 0.00068988930434], [-0.000323017884512, 0.00150406744797, 0.000130299653392, 0.00177435332444, -0.000847412564326, -0.000586735724937, 0.000851841643453, 0.00181974191219, -0.00442191306502, 0.0120038725436, -0.00668925559148, 0.00302017829381, -0.00250597065315], [0.000434807123384, -0.00135429669172, 0.000138592527946, -0.00102284364402, 0.00115059816744, 0.00015936687123, -0.00292610563338, 0.000357558659744, 0.00311963981949, -0.00668925559148, 0.0156956426799, -0.00410710880533, 0.00403901189566], [-0.000172285290319, 0.000960350676905, -0.000493615865707, 0.000692702829838, 0.000198565961909, 0.000782980350778, 0.000501239730511, -0.000947125256062, -0.000685596023686, 0.00302017829381, -0.00410710880533, 0.0131968380883, -0.00569827156141], [0.000277840881608, -0.00137924368028, -3.6556714349e-06, -0.000573062978219, -0.00119590153918, -0.000608822854701, -0.000114420785394, 0.000721145072021, 0.00068988930434, -0.00250597065315, 0.00403901189566, -0.00569827156141, 0.0153741100803]]}, "melbands": {"dmean": [0.00510602118447, 0.00575123168528, 0.00205463985913, 0.00114533142187, 0.000360683945473, 0.000200356429559, 0.000118337775348, 4.43490571342e-05, 3.20543185808e-05, 2.12787126657e-05, 3.57872922905e-05, 2.44717375608e-05, 3.09948991344e-05, 2.00678368856e-05, 1.43852275869e-05, 8.55179041537e-06, 1.06933530333e-05, 1.22109049698e-05, 1.03016072899e-05, 1.12191964945e-05, 5.23165499544e-06, 3.46631668435e-06, 2.1234925498e-06, 1.02451610928e-06, 1.96206838154e-06, 1.57356828367e-06, 2.0863019472e-06, 1.53741336817e-06, 2.21046570914e-06, 2.00864269573e-06, 2.16498733607e-06, 1.45024603171e-06, 1.53177370521e-06, 2.07291532206e-06, 3.84740405934e-06, 1.49850791331e-06, 1.02826379589e-06, 8.33925980714e-07, 9.49539924022e-07, 1.16295893804e-06], "dmean2": [0.00874806847423, 0.00985602103174, 0.00332945492119, 0.00164916657377, 0.000580812920816, 0.000311627722112, 0.000177527355845, 7.0623056672e-05, 4.81696515635e-05, 3.26196823153e-05, 5.50330951228e-05, 3.65950727428e-05, 4.46467020083e-05, 3.03237957269e-05, 2.15437703446e-05, 1.31595861603e-05, 1.67186990438e-05, 1.88304693438e-05, 1.59823193826e-05, 1.80114748218e-05, 8.10251731309e-06, 5.24220376974e-06, 3.57343765245e-06, 1.75383263468e-06, 3.38336803907e-06, 2.74403328149e-06, 3.70256316273e-06, 2.6148309189e-06, 3.49414972334e-06, 3.08059770759e-06, 3.35464892487e-06, 2.26363067668e-06, 2.37681297222e-06, 2.94964888781e-06, 5.29927137904e-06, 2.23202982852e-06, 1.58265675054e-06, 1.28435374336e-06, 1.44127091062e-06, 1.83981887858e-06], "dvar": [5.40773799003e-05, 6.83525649947e-05, 1.13071619126e-05, 4.08084542869e-06, 7.6923333836e-07, 2.1349721635e-07, 9.19452460835e-08, 1.78109313964e-08, 1.08019575507e-08, 5.33404387326e-09, 1.34422473153e-08, 8.2162934234e-09, 1.14013705144e-08, 5.83028469947e-09, 2.75271361261e-09, 9.72809832689e-10, 1.59248902953e-09, 1.69406688677e-09, 8.13961675838e-10, 1.47212464441e-09, 2.02114339154e-10, 9.03472713309e-11, 3.90655528759e-11, 7.17689232696e-12, 2.38865958263e-11, 1.82132468829e-11, 4.1677210294e-11, 1.54974904437e-11, 2.44068185801e-11, 1.61748236333e-11, 1.63354624966e-11, 8.40093446197e-12, 1.10400751041e-11, 2.20346605545e-11, 8.21606810364e-11, 8.73935472601e-12, 3.55298537986e-12, 2.88289704609e-12, 4.30142119839e-12, 1.01289454255e-11], "dvar2": [0.000148366598296, 0.00020260780002, 3.04733384837e-05, 8.12020971352e-06, 1.86720922102e-06, 5.00127271152e-07, 2.0590192662e-07, 4.66008707178e-08, 2.39724435858e-08, 1.19165672885e-08, 3.07512664222e-08, 1.68505298603e-08, 2.30452474881e-08, 1.17246479192e-08, 5.68944358292e-09, 2.14356976613e-09, 3.2380444992e-09, 3.24114535211e-09, 1.68527514166e-09, 3.35158056863e-09, 4.37988756374e-10, 1.5798996833e-10, 1.03350515646e-10, 1.97264062723e-11, 6.54035367531e-11, 4.92625697179e-11, 1.17573589753e-10, 4.26123580866e-11, 5.93061710852e-11, 3.68760091907e-11, 3.70230547608e-11, 1.98074421448e-11, 2.67564997936e-11, 4.04144079313e-11, 1.52064680292e-10, 1.95662808872e-11, 8.12869216382e-12, 6.79539801166e-12, 1.03241972263e-11, 2.63744356216e-11], "max": [0.0724222883582, 0.0803771167994, 0.0513457320631, 0.0268340706825, 0.0157621148974, 0.00848689023405, 0.00762648694217, 0.00214445404708, 0.00310042873025, 0.00193643628154, 0.00209556822665, 0.00234453729354, 0.00270419381559, 0.00200548488647, 0.00180693739094, 0.00106063554995, 0.00198974041268, 0.00104520644527, 0.000604496686719, 0.000973348331172, 0.000402304372983, 0.000369212473743, 0.00017026970454, 7.04271224095e-05, 9.36827127589e-05, 0.000128934159875, 0.000139332594699, 5.50631993974e-05, 0.000121157980175, 0.000109566819447, 8.90144365258e-05, 4.44890465587e-05, 4.86582102894e-05, 8.57280538185e-05, 9.9627119198e-05, 3.64884472219e-05, 3.55262163794e-05, 2.30751211348e-05, 2.93322409561e-05, 4.31684347859e-05], "mean": [0.00846772547811, 0.0102370679379, 0.00349279004149, 0.00184674921911, 0.000628749956377, 0.000399676646339, 0.000251581368502, 7.50504768803e-05, 6.18887352175e-05, 2.91266405839e-05, 4.75901251775e-05, 4.34173671238e-05, 4.7589877795e-05, 2.57391584455e-05, 2.10866910493e-05, 1.31275628519e-05, 1.92638017324e-05, 3.72221657017e-05, 2.9744764106e-05, 3.37598503393e-05, 1.66910958797e-05, 1.14445201689e-05, 3.19019500239e-06, 1.27331816202e-06, 2.64944492301e-06, 1.97810459213e-06, 2.54475412476e-06, 1.98644079319e-06, 3.33686307386e-06, 3.11775352202e-06, 3.31489945893e-06, 2.11136580219e-06, 2.06756362786e-06, 2.66471874966e-06, 4.76363766211e-06, 1.79269034106e-06, 1.37507902309e-06, 1.02725357465e-06, 1.08275276034e-06, 1.20495974443e-06], "median": [0.00517392763868, 0.00702547794208, 0.00212491396815, 0.000762303592637, 0.000289379066089, 0.00015250123397, 5.88271432207e-05, 9.40533664107e-06, 1.84417331184e-05, 9.35461866902e-06, 9.86639588518e-06, 9.46735781326e-06, 1.30562411869e-05, 4.18660829382e-06, 3.17370631819e-06, 2.0979114197e-06, 2.63067659034e-06, 1.99188389161e-06, 3.22518394569e-06, 4.41939664597e-06, 2.03513150154e-06, 1.39651308473e-06, 6.93756021519e-07, 4.07459396001e-07, 8.0037762018e-07, 5.76942738917e-07, 4.95363451591e-07, 6.01009503498e-07, 1.24224914089e-06, 1.07503535673e-06, 1.03396143913e-06, 7.21894480193e-07, 5.61986041703e-07, 4.70202877523e-07, 5.08816413003e-07, 4.13765832263e-07, 3.09453355385e-07, 2.69427715693e-07, 2.78247910046e-07, 2.69713041234e-07], "min": [2.95256374219e-23, 1.80305487931e-23, 8.26950659599e-24, 1.07561215981e-23, 1.33439529764e-23, 1.7655465943e-23, 6.45968415786e-24, 3.22919442413e-24, 6.22724234784e-24, 6.28394724742e-24, 5.77616379362e-24, 1.82369621375e-23, 1.41404043013e-23, 2.45865966493e-23, 9.88406899957e-24, 1.03056149681e-23, 1.2693259481e-23, 2.25018518469e-23, 1.14355667069e-23, 7.72371582377e-24, 7.52489447667e-24, 1.15347391445e-23, 1.42103715304e-23, 9.66070461198e-24, 8.06586609761e-24, 1.61728918018e-23, 1.25140681487e-23, 8.88473763825e-24, 1.30458235077e-23, 9.60272727975e-24, 1.10424244642e-23, 1.34752178533e-23, 6.67531258099e-24, 8.26743031409e-24, 1.00423697174e-23, 1.07560056356e-23, 7.90275175052e-24, 9.19513862724e-24, 1.09739529153e-23, 1.22804170149e-23], "var": [9.63274869719e-05, 0.000115399758215, 1.62786054716e-05, 8.60948330228e-06, 1.1738146668e-06, 4.81524750739e-07, 3.21657523727e-07, 2.81762417842e-08, 2.98655109532e-08, 7.67954499992e-09, 1.6422223581e-08, 1.51841224039e-08, 1.79283823343e-08, 8.02523736354e-09, 4.17975476452e-09, 1.58298052444e-09, 3.07651104592e-09, 1.07530118143e-08, 4.10842870835e-09, 7.08190128762e-09, 2.04501349188e-09, 1.53996315699e-09, 1.20093643363e-10, 6.72003338392e-12, 2.92307532346e-11, 1.84909518253e-11, 4.18878196018e-11, 1.58046631338e-11, 4.37164575373e-11, 3.09768148632e-11, 3.06156246188e-11, 1.24813276034e-11, 1.54993535367e-11, 3.67707808646e-11, 1.34805069885e-10, 1.1576871406e-11, 6.30139300115e-12, 3.6725783005e-12, 4.56388095718e-12, 8.55006777184e-12]}, "mfcc": {"mean": [-698.322631836, 130.232894897, 46.2787704468, 34.6204185486, 20.8332138062, 25.9410362244, 3.49349355698, 2.52752447128, 10.0518693924, -0.757680952549, -9.51005458832, -3.47022128105, 2.72215151787], "cov": [[13572.2900391, -448.846099854, -39.6736602783, 162.42880249, 249.993484497, 603.029052734, -73.5054626465, -70.8190765381, 88.3040161133, 154.421081543, -134.739379883, -98.2808151245, 43.9034729004], [-448.846099854, 2359.26782227, -69.2941970825, 55.2604789734, 98.4219207764, 110.325462341, 67.318069458, 14.8853330612, 135.572036743, -44.1294326782, -8.63915252686, 15.8598508835, 66.8738174438], [-39.6736602783, -69.2941970825, 682.491577148, 132.482559204, 43.2911682129, 8.82032680511, 71.4267501831, 107.899650574, -24.5154819489, -2.39331412315, -26.0849094391, 6.70529174805, -41.5836982727], [162.42880249, 55.2604789734, 132.482559204, 458.526885986, 91.8761825562, -7.14796113968, 67.8562850952, 103.300682068, 21.2760124207, -35.1708183289, -29.2019691467, -3.68782377243, -17.5137042999], [249.993484497, 98.4219207764, 43.2911682129, 91.8761825562, 235.393325806, 78.2828598022, -8.60444927216, 11.0277557373, 82.705619812, 30.2950439453, -24.3890209198, 13.178519249, 26.2278709412], [603.029052734, 110.325462341, 8.82032680511, -7.14796113968, 78.2828598022, 190.496871948, 14.8439693451, -8.92622375488, 28.7699661255, 30.2004413605, 2.38655543327, -18.7079868317, 6.76594877243], [-73.5054626465, 67.318069458, 71.4267501831, 67.8562850952, -8.60444927216, 14.8439693451, 186.129226685, 61.2734222412, -10.5271015167, -1.4514529705, 20.5491142273, 10.591755867, -35.0891456604], [-70.8190765381, 14.8853330612, 107.899650574, 103.300682068, 11.0277557373, -8.92622375488, 61.2734222412, 197.825576782, 52.479549408, -21.3151950836, -16.5733242035, 35.115901947, 12.2156238556], [88.3040161133, 135.572036743, -24.5154819489, 21.2760124207, 82.705619812, 28.7699661255, -10.5271015167, 52.479549408, 169.434860229, 46.5646781921, -15.3538455963, 10.9477205276, 41.7544288635], [154.421081543, -44.1294326782, -2.39331412315, -35.1708183289, 30.2950439453, 30.2004413605, -1.4514529705, -21.3151950836, 46.5646781921, 141.885940552, 44.7049331665, -14.2744655609, -11.9930534363], [-134.739379883, -8.63915252686, -26.0849094391, -29.2019691467, -24.3890209198, 2.38655543327, 20.5491142273, -16.5733242035, -15.3538455963, 44.7049331665, 115.203369141, 36.7018890381, -25.160867691], [-98.2808151245, 15.8598508835, 6.70529174805, -3.68782377243, 13.178519249, -18.7079868317, 10.591755867, 35.115901947, 10.9477205276, -14.2744655609, 36.7018890381, 120.365478516, 32.9535827637], [43.9034729004, 66.8738174438, -41.5836982727, -17.5137042999, 26.2278709412, 6.76594877243, -35.0891456604, 12.2156238556, 41.7544288635, -11.9930534363, -25.160867691, 32.9535827637, 127.535957336]], "icov": [[9.2180154752e-05, 2.97209935525e-05, 2.0186898837e-05, -7.21885153325e-05, 5.80826781515e-05, -0.000332030351274, 4.54481996712e-05, 3.91710600525e-05, 9.94990386971e-06, -0.000112535795779, 0.000184059870662, -7.74676227593e-05, 6.26308792562e-06], [2.97209935525e-05, 0.000493907777127, 2.46568069997e-05, -5.48314565094e-05, -9.2463284318e-07, -0.00032812464633, -0.000250041281106, 0.000223308859859, -0.000513723120093, 0.000409418047639, -0.000132497385493, 4.49583094451e-05, -0.000172355299583], [2.0186898837e-05, 2.46568069997e-05, 0.00181452464312, -0.000218117769691, -0.000400250544772, -0.000134901885758, -0.000211422346183, -0.00100840104278, 0.000891226634849, -0.000588751339819, 0.00074949557893, -0.000287415954517, 0.000544671958778], [-7.21885153325e-05, -5.48314565094e-05, -0.000218117769691, 0.00309389387257, -0.00169371115044, 0.000972800306045, -0.000692725297995, -0.00135934504215, 0.000277355429716, 0.000911546812858, -0.000353878393071, 0.000951798749156, 0.00032283042674], [5.80826781515e-05, -9.2463284318e-07, -0.000400250544772, -0.00169371115044, 0.00726876221597, -0.00283703114837, 0.00057956908131, 0.00159286428243, -0.00275611667894, -0.00117537763435, 0.0021055971738, -0.00228665699251, 7.80207919888e-05], [-0.000332030351274, -0.00032812464633, -0.000134901885758, 0.000972800306045, -0.00283703114837, 0.00800662301481, -0.00108086457476, -0.000214791347389, 0.000219504348934, -5.30068937223e-05, -0.00159579399042, 0.0021729869768, -0.000695320195518], [4.54481996712e-05, -0.000250041281106, -0.000211422346183, -0.000692725297995, 0.00057956908131, -0.00108086457476, 0.00711553078145, -0.00212949723937, 0.000881032843608, -0.000383290869649, -0.00081752112601, -0.000517202541232, 0.00169909349643], [3.91710600525e-05, 0.000223308859859, -0.00100840104278, -0.00135934504215, 0.00159286428243, -0.000214791347389, -0.00212949723937, 0.00851039215922, -0.00372489914298, 0.00125172082335, 0.00113607000094, -0.00228761625476, -0.000210818732739], [9.94990386971e-06, -0.000513723120093, 0.000891226634849, 0.000277355429716, -0.00275611667894, 0.000219504348934, 0.000881032843608, -0.00372489914298, 0.0107112918049, -0.00431920634583, 0.00172295910306, -0.000142795674037, -0.0017872073222], [-0.000112535795779, 0.000409418047639, -0.000588751339819, 0.000911546812858, -0.00117537763435, -5.30068937223e-05, -0.000383290869649, 0.00125172082335, -0.00431920634583, 0.0116438036785, -0.00608470430598, 0.00326700205915, 0.000240910580033], [0.000184059870662, -0.000132497385493, 0.00074949557893, -0.000353878393071, 0.0021055971738, -0.00159579399042, -0.00081752112601, 0.00113607000094, 0.00172295910306, -0.00608470430598, 0.0152928810567, -0.00704624457285, 0.0032212282531], [-7.74676227593e-05, 4.49583094451e-05, -0.000287415954517, 0.000951798749156, -0.00228665699251, 0.0021729869768, -0.000517202541232, -0.00228761625476, -0.000142795674037, 0.00326700205915, -0.00704624457285, 0.0132239731029, -0.00398117257282], [6.26308792562e-06, -0.000172355299583, 0.000544671958778, 0.00032283042674, 7.80207919888e-05, -0.000695320195518, 0.00169909349643, -0.000210818732739, -0.0017872073222, 0.000240910580033, 0.0032212282531, -0.00398117257282, 0.0109315337613]]}, "spectral_contrast_coeffs": {"dmean": [0.0524272322655, 0.0460442230105, 0.0398369543254, 0.0307346973568, 0.0227709338069, 0.0215391553938], "dmean2": [0.0859562680125, 0.0727220475674, 0.0599210374057, 0.0472283139825, 0.0351332426071, 0.0343703255057], "dvar": [0.00196763547137, 0.00168872438371, 0.00121618201956, 0.000818559783511, 0.000454869092209, 0.000410858745454], "dvar2": [0.00505157839507, 0.0040370891802, 0.00255180057138, 0.00167733500712, 0.000961060170084, 0.00101654767059], "max": [-0.31712025404, -0.357414126396, -0.459400236607, -0.463834613562, -0.566097378731, -0.5671479702], "mean": [-0.633061885834, -0.666018128395, -0.757235109806, -0.759425163269, -0.802427232265, -0.787907540798], "median": [-0.63304746151, -0.665181815624, -0.764255046844, -0.775088071823, -0.808869659901, -0.783920407295], "min": [-0.957552313805, -0.961753547192, -0.960894703865, -0.951719820499, -0.957425236702, -0.961053192616], "var": [0.00770676368847, 0.00890757795423, 0.00655231904238, 0.00705721881241, 0.0029234837275, 0.00198343768716]}, "spectral_contrast_valleys": {"dmean": [0.376200079918, 0.433807522058, 0.452442824841, 0.451773494482, 0.438478976488, 0.572141945362], "dmean2": [0.619195580482, 0.665685892105, 0.667159736156, 0.630092680454, 0.582410931587, 0.677016317844], "dvar": [0.12239420414, 0.200190380216, 0.215628668666, 0.237748339772, 0.235797137022, 0.331178635359], "dvar2": [0.277281939983, 0.382854700089, 0.403139770031, 0.404399484396, 0.443177074194, 0.574685394764], "max": [-4.81999444962, -4.95317649841, -5.41136932