{"lowlevel": {"average_loudness": 0.850476980209, "barkbands_crest": {"dmean": 1.90274381638, "dmean2": 2.97216892242, "dvar": 4.60234642029, "dvar2": 9.62655735016, "max": 24.0381221771, "mean": 10.7382574081, "median": 9.95129871368, "min": 3.33688163757, "var": 16.0586624146}, "barkbands_flatness_db": {"dmean": 0.0186558291316, "dmean2": 0.0299536306411, "dvar": 0.000441605603555, "dvar2": 0.000988256186247, "max": 0.415000110865, "mean": 0.271853476763, "median": 0.276967018843, "min": 0.0462230555713, "var": 0.00239770417102}, "barkbands_kurtosis": {"dmean": 1.04817938805, "dmean2": 1.57319903374, "dvar": 2.19207668304, "dvar2": 4.53958892822, "max": 30.4189796448, "mean": 1.74447393417, "median": 1.15411472321, "min": -1.83036959171, "var": 6.77619409561}, "barkbands_skewness": {"dmean": 0.282137334347, "dmean2": 0.420637667179, "dvar": 0.0876581370831, "dvar2": 0.17230142653, "max": 4.28834056854, "mean": 0.814940035343, "median": 0.878169298172, "min": -2.34583163261, "var": 0.628029465675}, "barkbands_spread": {"dmean": 1.63151955605, "dmean2": 2.53697180748, "dvar": 4.59581661224, "dvar2": 10.9234924316, "max": 95.3670501709, "mean": 9.00486755371, "median": 7.56639623642, "min": 0.686565935612, "var": 39.2876434326}, "dissonance": {"dmean": 0.0296366140246, "dmean2": 0.0497609823942, "dvar": 0.000892997544724, "dvar2": 0.00232094479725, "max": 0.500000119209, "mean": 0.410895615816, "median": 0.416587173939, "min": 0.140776440501, "var": 0.00268895714544}, "dynamic_complexity": 3.59085321426, "erbbands_crest": {"dmean": 2.12489008904, "dmean2": 3.26612186432, "dvar": 6.28766918182, "dvar2": 12.6939611435, "max": 33.7018699646, "mean": 11.8354787827, "median": 10.9047613144, "min": 2.56368732452, "var": 23.8812732697}, "erbbands_flatness_db": {"dmean": 0.0151192853227, "dmean2": 0.0236771646887, "dvar": 0.000320767809171, "dvar2": 0.000691135297529, "max": 0.505796313286, "mean": 0.325518786907, "median": 0.329768866301, "min": 0.0842309519649, "var": 0.00243541714735}, "erbbands_kurtosis": {"dmean": 0.689653158188, "dmean2": 1.04370439053, "dvar": 1.32442319393, "dvar2": 2.83612036705, "max": 37.9251098633, "mean": 0.452067703009, "median": -0.134105920792, "min": -1.68330836296, "var": 5.66700124741}, "erbbands_skewness": {"dmean": 0.277227669954, "dmean2": 0.401352107525, "dvar": 0.0893069133162, "dvar2": 0.16358718276, "max": 4.53513622284, "mean": 0.410186439753, "median": 0.416629016399, "min": -3.05898785591, "var": 0.561517834663}, "erbbands_spread": {"dmean": 2.07760190964, "dmean2": 3.10678625107, "dvar": 4.59039020538, "dvar2": 9.3273229599, "max": 46.0828399658, "mean": 15.5643596649, "median": 14.9295387268, "min": 0.784048140049, "var": 38.3846626282}, "hfc": {"dmean": 4.57786560059, "dmean2": 6.03251314163, "dvar": 42.6575431824, "dvar2": 84.0510025024, "max": 84.4065628052, "mean": 13.3557567596, "median": 10.4704370499, "min": 1.23739774247e-16, "var": 128.171646118}, "melbands_crest": {"dmean": 2.47014594078, "dmean2": 3.91313409805, "dvar": 7.7752623558, "dvar2": 16.9628658295, "max": 32.0927810669, "mean": 13.7463331223, "median": 12.9600572586, "min": 1.62820887566, "var": 28.2385578156}, "melbands_flatness_db": {"dmean": 0.0204520747066, "dmean2": 0.0320599600673, "dvar": 0.000624721171334, "dvar2": 0.00135276874062, "max": 0.520441830158, "mean": 0.347867965698, "median": 0.360247075558, "min": 0.00296559627168, "var": 0.00527055934072}, "melbands_kurtosis": {"dmean": 1.34434962273, "dmean2": 2.00617098808, "dvar": 3.42863941193, "dvar2": 6.93461322784, "max": 41.8098182678, "mean": 2.98738503456, "median": 2.31340026855, "min": -1.78116095066, "var": 11.6667861938}, "melbands_skewness": {"dmean": 0.302290469408, "dmean2": 0.44709187746, "dvar": 0.105590097606, "dvar2": 0.205427542329, "max": 4.93803787231, "mean": 1.19838488102, "median": 1.2057492733, "min": -2.44542956352, "var": 0.577156960964}, "melbands_spread": {"dmean": 2.63301229477, "dmean2": 4.06140422821, "dvar": 12.6408977509, "dvar2": 28.8876743317, "max": 161.405807495, "mean": 15.6030702591, "median": 11.2634010315, "min": 1.8225543499, "var": 362.453887939}, "pitch_salience": {"dmean": 0.0551695115864, "dmean2": 0.087890535593, "dvar": 0.00381469354033, "dvar2": 0.00873546488583, "max": 0.820911884308, "mean": 0.542028009892, "median": 0.541408002377, "min": 0.102988004684, "var": 0.0120536675677}, "silence_rate_20dB": {"dmean": 0, "dmean2": 0, "dvar": 0, "dvar2": 0, "max": 1, "mean": 1, "median": 1, "min": 1, "var": 0}, "silence_rate_30dB": {"dmean": 0.00365785020404, "dmean2": 0.00731672998518, "dvar": 0.00364444358274, "dvar2": 0.0100772073492, "max": 1, "mean": 0.997608661652, "median": 1, "min": 0, "var": 0.00238561956212}, "silence_rate_60dB": {"dmean": 0.0213843565434, "dmean2": 0.0427747294307, "dvar": 0.0209274869412, "dvar2": 0.048263002187, "max": 1, "mean": 0.093121394515, "median": 0, "min": 0, "var": 0.0844467431307}, "spectral_centroid": {"dmean": 65.9825744629, "dmean2": 97.8941802979, "dvar": 15916.375, "dvar2": 23583.2675781, "max": 11067.9287109, "mean": 762.848449707, "median": 636.371826172, "min": 303.960693359, "var": 293141.59375}, "spectral_complexity": {"dmean": 1.84018003941, "dmean2": 2.8487405777, "dvar": 3.84471392632, "dvar2": 7.92676067352, "max": 28, "mean": 13.7475032806, "median": 14, "min": 0, "var": 25.9028625488}, "spectral_decrease": {"dmean": 1.98101246518e-09, "dmean2": 2.65604827021e-09, "dvar": 7.35418323916e-18, "dvar2": 1.47408928744e-17, "max": 4.045646491e-18, "mean": -5.81637804586e-09, "median": -4.79480766202e-09, "min": -3.54967149008e-08, "var": 2.24452001601e-17}, "spectral_energy": {"dmean": 0.00787919666618, "dmean2": 0.0105502661318, "dvar": 0.000116543043987, "dvar2": 0.000233223458054, "max": 0.141349196434, "mean": 0.0231637097895, "median": 0.019111039117, "min": 1.10602343938e-20, "var": 0.000355626048986}, "spectral_energyband_high": {"dmean": 4.05953505833e-06, "dmean2": 5.87046361034e-06, "dvar": 2.33873087563e-10, "dvar2": 5.35629041121e-10, "max": 0.000378507538699, "mean": 5.85363204664e-06, "median": 1.71783938185e-06, "min": 8.23269841557e-21, "var": 2.90321405805e-10}, "spectral_energyband_low": {"dmean": 0.00115960324183, "dmean2": 0.00170492078178, "dvar": 4.01828719987e-06, "dvar2": 9.15952841751e-06, "max": 0.0489975698292, "mean": 0.00247151893564, "median": 0.00109342858195, "min": 1.30313359194e-22, "var": 1.27088560475e-05}, "spectral_energyband_middle_high": {"dmean": 0.00145028508268, "dmean2": 0.00198281602934, "dvar": 7.38005473977e-06, "dvar2": 1.57650374604e-05, "max": 0.0447648651898, "mean": 0.00453177560121, "median": 0.00328992237337, "min": 1.17269845787e-21, "var": 1.95749416889e-05}, "spectral_energyband_middle_low": {"dmean": 0.00634950725362, "dmean2": 0.00864610914141, "dvar": 8.40374923428e-05, "dvar2": 0.000170927567524, "max": 0.12349550426, "mean": 0.0169513840228, "median": 0.0131103703752, "min": 5.28957515485e-22, "var": 0.000244690367253}, "spectral_entropy": {"dmean": 0.189038529992, "dmean2": 0.306483596563, "dvar": 0.0592595934868, "dvar2": 0.138435199857, "max": 9.79004573822, "mean": 6.23614454269, "median": 6.16889810562, "min": 4.71986103058, "var": 0.291311442852}, "spectral_flux": {"dmean": 0.027695318684, "dmean2": 0.0433131381869, "dvar": 0.00121170119382, "dvar2": 0.00285735726357, "max": 0.292761057615, "mean": 0.0519119240344, "median": 0.0405983105302, "min": 1.05167652364e-10, "var": 0.00164484768175}, "spectral_kurtosis": {"dmean": 20.4999828339, "dmean2": 36.0233917236, "dvar": 297.643890381, "dvar2": 848.018066406, "max": 149.60369873, "mean": 44.3132209778, "median": 42.1531562805, "min": -1.21043658257, "var": 637.115234375}, "spectral_rms": {"dmean": 0.000761853996664, "dmean2": 0.000988824176602, "dvar": 8.00516602339e-07, "dvar2": 1.5421679791e-06, "max": 0.0117431534454, "mean": 0.00431131478399, "median": 0.00431797606871, "min": 3.28488538454e-12, "var": 4.01116540161e-06}, "spectral_rolloff": {"dmean": 141.543716431, "dmean2": 243.038391113, "dvar": 103668.554688, "dvar2": 226601.984375, "max": 19164.5507812, "mean": 1386.74243164, "median": 861.328125, "min": 236.865234375, "var": 7565661}, "spectral_skewness": {"dmean": 1.24953603745, "dmean2": 2.20162439346, "dvar": 1.00019669533, "dvar2": 2.95227837563, "max": 9.40752601624, "mean": 4.18604850769, "median": 4.07535600662, "min": -0.0241855271161, "var": 2.1894993782}, "spectral_spread": {"dmean": 252798.71875, "dmean2": 438525.71875, "dvar": 286698242048, "dvar2": 558060535808, "max": 40722504, "mean": 1480805.375, "median": 1180763.125, "min": 508078.78125, "var": 2366305206270.0}, "spectral_strongpeak": {"dmean": 0.528824627399, "dmean2": 0.785791575909, "dvar": 0.541432023048, "dvar2": 1.20102083683, "max": 9.41814231873, "mean": 1.53325331211, "median": 1.3101528883, "min": 0, "var": 1.47258627415}, "zerocrossingrate": {"dmean": 0.00331520172767, "dmean2": 0.00404963595793, "dvar": 2.32560269069e-05, "dvar2": 3.00988394883e-05, "max": 0.525390625, "mean": 0.0443883314729, "median": 0.03076171875, "min": 0.01171875, "var": 0.00536462385207}, "barkbands": {"dmean": [4.70756140203e-06, 0.000191087339772, 0.000758477195632, 0.000627323403023, 0.000739370880183, 0.00100517703686, 0.00227224524133, 0.00240508606657, 0.000936274474952, 0.000326999026584, 0.000448151258752, 0.000285044457996, 0.000309963594191, 0.0003597503528, 7.29784296709e-05, 9.78636599029e-05, 6.27514891676e-05, 1.0551952073e-05, 1.14167851279e-05, 1.79490837127e-06, 2.35084189626e-06, 5.79935260703e-07, 5.55439896743e-07, 1.14913568439e-07, 1.38935130067e-08, 3.25268856294e-09, 1.16412524065e-09], "dmean2": [8.10837991594e-06, 0.000302951550111, 0.00113960308954, 0.000929575471673, 0.00114578707144, 0.00144314672798, 0.00310117308982, 0.0032457401976, 0.00138813769445, 0.000481725903228, 0.00059267913457, 0.000406675651902, 0.000471007428132, 0.000488819787279, 0.000108097839984, 0.000152208085638, 9.12264658837e-05, 1.64249286172e-05, 1.71752162714e-05, 2.61894706455e-06, 3.46390720551e-06, 8.73756675901e-07, 8.25946642635e-07, 1.91353606738e-07, 2.36824604372e-08, 5.66263436141e-09, 2.09346961988e-09], "dvar": [1.01586843104e-10, 1.16310147291e-07, 2.22742119149e-06, 2.0290615339e-06, 1.56600015089e-06, 2.81673715108e-06, 1.91341223399e-05, 3.43630927091e-05, 7.29589964976e-06, 4.95492315622e-07, 3.15640318149e-06, 3.30956652306e-07, 3.73223059569e-07, 7.02055160673e-07, 2.45873668092e-08, 4.92427787435e-08, 4.9036202654e-08, 6.75445421816e-10, 8.30069957214e-10, 6.15078613042e-11, 1.26011451274e-10, 9.53191865716e-12, 7.55000836156e-12, 3.90220868856e-13, 2.18784442874e-14, 1.64575748794e-16, 2.28200478081e-18], "dvar2": [2.47125986341e-10, 2.93418878528e-07, 5.02835837324e-06, 4.06111303164e-06, 3.52731672137e-06, 6.12636767983e-06, 3.72454051103e-05, 6.88669242663e-05, 1.60436502483e-05, 1.13747455543e-06, 6.7865512392e-06, 7.13553220066e-07, 8.84726091499e-07, 1.25149642827e-06, 5.61531905419e-08, 1.08264842424e-07, 1.06798736965e-07, 1.67055902445e-09, 1.91686400086e-09, 1.38878131217e-10, 3.01880298537e-10, 2.09936668744e-11, 1.76675028773e-11, 1.01234331248e-12, 5.53688192029e-14, 4.5463037606e-16, 7.19761201128e-18], "max": [0.000356336997356, 0.00514349713922, 0.0319539383054, 0.0242366269231, 0.0252086743712, 0.0376188084483, 0.078580327332, 0.0978564694524, 0.0766897276044, 0.0144945625216, 0.0374493077397, 0.0150606101379, 0.00939940940589, 0.0199195891619, 0.00388930598274, 0.00498199975118, 0.0119360955432, 0.000834205304272, 0.000599781109486, 0.000362709921319, 0.000339144462487, 0.000164772325661, 5.78392427997e-05, 1.59393839567e-05, 9.50882895268e-06, 5.04814295255e-07, 2.18030802301e-08], "mean": [4.75034585179e-06, 0.000305393885355, 0.00143108889461, 0.00128849269822, 0.00156108557712, 0.00269592832774, 0.0048555098474, 0.00468495488167, 0.00173479062505, 0.000973267480731, 0.00101029314101, 0.000720764568541, 0.000645273947157, 0.000769228616264, 0.000145181824337, 0.000174589353264, 0.000117530624266, 2.07634293474e-05, 1.73357420863e-05, 3.18635693475e-06, 2.93342691293e-06, 7.78512173838e-07, 5.55988378892e-07, 1.02049625639e-07, 1.44569787253e-08, 6.24809937122e-09, 1.85450954593e-09], "median": [2.07140442399e-06, 8.89120346983e-05, 0.000370094319806, 0.000267328636255, 0.000769800622948, 0.0013897739118, 0.00204383791424, 0.00117031496484, 0.000492622028105, 0.000447475118563, 0.000339820573572, 0.000386399624404, 0.000313534750603, 0.000329334870912, 6.56644551782e-05, 8.22244837764e-05, 4.44700417574e-05, 7.73793180997e-06, 5.04810304847e-06, 1.0278758964e-06, 7.3444039117e-07, 2.172479725e-07, 4.14487573153e-08, 1.27125101557e-08, 5.28935606425e-09, 4.9156825277e-09, 1.4955711114e-09], "min": [4.56553122679e-23, 2.92149398212e-23, 1.5031630953e-23, 1.20895268753e-22, 1.55707662635e-22, 2.27585487632e-23, 2.65891563448e-23, 9.55177585828e-23, 9.71766320923e-23, 4.69247977237e-23, 4.12456839373e-23, 1.16549402472e-22, 1.28569484344e-22, 4.38371740525e-23, 8.71183336955e-23, 1.20678628616e-22, 1.74469804188e-22, 1.35710972699e-22, 1.58034739197e-22, 3.02414561182e-22, 4.24649101182e-22, 5.43008680685e-22, 7.23543424217e-22, 9.38540206415e-22, 1.24952002998e-21, 1.86676125391e-21, 2.53206750774e-21], "var": [1.15718171156e-10, 2.84312420717e-07, 7.88648503658e-06, 6.27383360552e-06, 4.48299761047e-06, 1.23714235087e-05, 5.06248652528e-05, 8.00167472335e-05, 1.73908083525e-05, 1.83508825558e-06, 6.57669670545e-06, 1.11726535579e-06, 8.42345002638e-07, 1.91773665392e-06, 5.13858111617e-08, 9.58918207061e-08, 8.7937422677e-08, 1.5192506142e-09, 1.31181188134e-09, 1.2578488251e-10, 1.30582003544e-10, 1.3517164818e-11, 7.47592092398e-12, 2.95190304492e-13, 1.67155226699e-14, 1.11175522782e-16, 2.24337668697e-18]}, "erbbands": {"dmean": [0.00187473802362, 0.0654991269112, 0.704787492752, 1.55638062954, 1.68397510052, 2.34202623367, 9.04358673096, 7.17625904083, 32.9141578674, 44.0815925598, 36.4258575439, 18.5287246704, 8.64021682739, 10.509929657, 18.8804759979, 10.266040802, 12.7328691483, 15.1488761902, 11.4399118423, 3.98095631599, 4.33148765564, 3.75483298302, 0.921427071095, 0.554542064667, 0.316918343306, 0.0738096535206, 0.0506070517004, 0.127009049058, 0.0281169917434, 0.0195655785501, 0.0138746537268, 0.00421513943002, 0.0010084961541, 0.000279223284451, 5.4262814956e-05, 2.07349112316e-05, 7.03467139829e-06, 1.40960162298e-06, 3.85573457606e-06, 8.96238907444e-06], "dmean2": [0.00322724645957, 0.101627111435, 1.04800188541, 2.29051446915, 2.66983675957, 3.54802393913, 13.3122835159, 10.4102735519, 45.5765304565, 58.8923110962, 50.4187202454, 27.3850746155, 12.2232503891, 14.7695703506, 25.6788864136, 14.2923746109, 19.3752059937, 22.1584911346, 14.898144722, 5.93194818497, 6.52741193771, 5.43931055069, 1.37965321541, 0.823826611042, 0.476215302944, 0.11029266566, 0.074105411768, 0.187470778823, 0.040501344949, 0.0296364240348, 0.0202631987631, 0.00689510349184, 0.00168968026992, 0.00046480196761, 8.98846919881e-05, 3.44486579706e-05, 1.1375403119e-05, 2.29248553296e-06, 5.13542499903e-06, 1.19774585983e-05], "dvar": [1.27031016746e-05, 0.013911168091, 1.88832342625, 9.38135814667, 12.0307426453, 18.5861301422, 313.549194336, 146.376052856, 5093.71972656, 10319.0273438, 5518.49121094, 3340.39990234, 287.275909424, 924.10748291, 7078.94433594, 485.305328369, 635.390136719, 864.502380371, 945.504760742, 55.0080184937, 100.749656677, 227.130966187, 4.53009223938, 1.75084686279, 0.738203048706, 0.0661687701941, 0.0325711034238, 0.477342605591, 0.0196821745485, 0.00938955601305, 0.00353513285518, 0.000523267546669, 2.38577176788e-05, 7.27919405108e-06, 6.82954492959e-08, 1.08557305367e-08, 5.13188047613e-10, 4.4402233626e-12, 2.78191896602e-11, 1.50955109524e-10], "dvar2": [3.52588649548e-05, 0.0342255942523, 4.26461315155, 19.3922042847, 26.1936092377, 36.5293502808, 752.422912598, 317.591644287, 10050.8583984, 21167.7636719, 11328.4335938, 6924.4609375, 618.140441895, 1834.41687012, 15921.3925781, 1047.87133789, 1596.08935547, 1867.93005371, 1548.40112305, 119.732131958, 209.006652832, 495.777496338, 10.6772708893, 3.88762807846, 1.71705174446, 0.155964389443, 0.0751496329904, 1.14203107357, 0.0427915342152, 0.0224231723696, 0.00787761807442, 0.00135654490441, 6.05123132118e-05, 1.85074750334e-05, 1.73952955151e-07, 2.97197644272e-08, 1.39204214822e-09, 1.09782209365e-11, 5.48133240186e-11, 3.01368985323e-10], "max": [0.0702010467649, 1.773884058, 28.7564315796, 67.4175262451, 89.127571106, 115.061630249, 492.657562256, 229.299942017, 1411.43676758, 1826.65344238, 1763.79052734, 2031.81896973, 455.238342285, 866.60559082, 1908.30554199, 552.260559082, 390.814147949, 1176.96459961, 616.811706543, 166.333618164, 254.160736084, 830.019897461, 60.1369094849, 30.816860199, 17.4173812866, 9.23099708557, 6.58901262283, 20.3959445953, 7.65141963959, 2.01632761955, 1.63837873936, 0.533928394318, 0.101396933198, 0.16974554956, 0.0104940449819, 0.00392734771594, 0.000914366857614, 5.52793426323e-05, 6.91210952937e-05, 0.000160677052918], "mean": [0.00256681395695, 0.115286014974, 1.37419092655, 3.32537436485, 3.39901685715, 4.86920261383, 21.6209983826, 18.7184562683, 72.3623886108, 87.1100463867, 73.4684448242, 35.6841545105, 26.551197052, 26.5426864624, 44.652507782, 26.9866676331, 28.3515739441, 35.3084106445, 24.3557853699, 8.64138126373, 8.75488948822, 6.91350221634, 1.97460269928, 1.00600290298, 0.464015692472, 0.12153891474, 0.0866349264979, 0.14735339582, 0.0390024781227, 0.0212932154536, 0.0141271464527, 0.00381062668748, 0.000953141541686, 0.000282499589957, 8.36487743072e-05, 4.18230993091e-05, 1.8904769604e-05, 4.5795936785e-06, 1.16641704153e-05, 2.64090103883e-05], "median": [0.00123291776981, 0.0335489176214, 0.397150248289, 1.1877887249, 1.39521968365, 2.54510807991, 10.1755886078, 11.3717327118, 27.5531578064, 27.7881450653, 30.5763435364, 12.0593585968, 14.909239769, 13.9947032928, 17.1976470947, 15.1629314423, 16.3404216766, 20.4820365906, 9.8041305542, 4.95160388947, 4.43211364746, 2.4991569519, 0.877741217613, 0.391750007868, 0.146582990885, 0.0439894534647, 0.034268990159, 0.024886123836, 0.0102917524055, 0.00417243689299, 0.0011714930879, 0.000455833680462, 0.000167799938936, 8.11557329143e-05, 5.12675433129e-05, 3.11445110128e-05, 1.59967876243e-05, 4.06268145525e-06, 9.68062613538e-06, 2.17697270273e-05], "min": [1.9858084172e-21, 2.5725302914e-21, 1.42320511825e-20, 2.38993804717e-19, 4.6169240986e-19, 5.82346214778e-19, 2.73370086806e-19, 1.59959385524e-19, 3.62838872438e-19, 5.6423323411e-19, 2.85258445477e-18, 1.99530625524e-18, 1.20527329002e-18, 1.8913910704e-18, 2.41357550865e-18, 4.96429301337e-18, 6.40023554337e-18, 2.52630347574e-18, 4.49947210304e-18, 4.39258092915e-18, 7.89122611596e-18, 8.95562393022e-18, 7.6673314852e-18, 6.71410426372e-18, 1.12672926486e-17, 1.37953915198e-17, 2.01209219005e-17, 1.32662995031e-17, 2.10059075486e-17, 1.88397498262e-17, 2.36938110968e-17, 1.89765555734e-17, 1.58998076541e-17, 1.34605463263e-17, 9.23357315965e-18, 6.66083010996e-18, 3.50323769357e-18, 1.63441914131e-18, 3.49298313551e-19, 3.38279033484e-20], "var": [1.42693779708e-05, 0.0398684665561, 6.91349411011, 27.4119758606, 35.0140953064, 57.0027732849, 969.64050293, 491.67666626, 13326.6484375, 24405.4453125, 12884.2675781, 9597.50488281, 1100.1998291, 2160.19970703, 13118.7353516, 1306.30432129, 1301.12072754, 2482.26416016, 2432.78735352, 136.948532104, 209.526000977, 382.876922607, 10.5011892319, 3.49426579475, 1.11369347572, 0.104558512568, 0.0484109036624, 0.476459413767, 0.0287202838808, 0.00940180476755, 0.00380222685635, 0.000400040880777, 1.93792657228e-05, 5.52216988581e-06, 5.80571857256e-08, 7.76533060076e-09, 4.23698437446e-10, 8.17999053909e-12, 8.65983465492e-11, 4.61183868872e-10]}, "gfcc": {"mean": [-155.685638428, 204.047164917, -160.242706299, -29.8501319885, -33.6154975891, -21.6756076813, -26.3936920166, -20.4056015015, -2.62976574898, -7.79495763779, -7.49278116226, -7.76437187195, -10.165895462], "cov": [[23859.2441406, 7177.90869141, -2411.48486328, -215.874145508, -431.580444336, -1477.37109375, -2.91845154762, -979.883728027, 314.186431885, -663.442260742, 53.7647705078, -609.796081543, -274.957672119], [7177.90869141, 2958.60961914, -412.552734375, -386.50378418, 109.309829712, -511.396728516, -60.5303764343, -333.331390381, -20.2151546478, -206.852325439, -64.6751022339, -192.432418823, -102.625595093], [-2411.48486328, -412.552734375, 604.579406738, 39.2945213318, 159.242538452, 177.241973877, -4.20868778229, 76.620803833, -85.5665435791, 39.8924484253, -54.4381065369, 9.97214412689, -26.3233299255], [-215.874145508, -386.50378418, 39.2945213318, 400.078582764, -4.72872781754, 104.274261475, 62.9175262451, -17.6502799988, 30.0951595306, -11.5770378113, -7.77917432785, -42.4718055725, -47.8336143494], [-431.580444336, 109.309829712, 159.242538452, -4.72872781754, 233.97253418, 56.8526115417, 1.52998101711, 20.0120811462, -47.5999984741, 25.0524978638, -13.4801683426, -11.3991279602, -37.9382591248], [-1477.37109375, -511.396728516, 177.241973877, 104.274261475, 56.8526115417, 286.643951416, 42.7520256042, 69.3280563354, -7.77127456665, 25.0774269104, -12.1735773087, 39.4558982849, 13.4889593124], [-2.91845154762, -60.5303764343, -4.20868778229, 62.9175262451, 1.52998101711, 42.7520256042, 129.248291016, 28.9660491943, 12.5742206573, 20.2084598541, -5.87340068817, -21.8737068176, -24.6915302277], [-979.883728027, -333.331390381, 76.620803833, -17.6502799988, 20.0120811462, 69.3280563354, 28.9660491943, 153.618988037, 28.2686748505, 44.3136177063, 33.8524627686, 18.4636802673, 1.64301514626], [314.186431885, -20.2151546478, -85.5665435791, 30.0951595306, -47.5999984741, -7.77127456665, 12.5742206573, 28.2686748505, 110.752952576, 24.7507801056, 25.8144702911, 14.92212677, 2.59502983093], [-663.442260742, -206.852325439, 39.8924484253, -11.5770378113, 25.0524978638, 25.0774269104, 20.2084598541, 44.3136177063, 24.7507801056, 89.0358123779, 29.841468811, 24.8874988556, 7.58942127228], [53.7647705078, -64.6751022339, -54.4381065369, -7.77917432785, -13.4801683426, -12.1735773087, -5.87340068817, 33.8524627686, 25.8144702911, 29.841468811, 97.3804626465, 25.5362567902, 3.36083626747], [-609.796081543, -192.432418823, 9.97214412689, -42.4718055725, -11.3991279602, 39.4558982849, -21.8737068176, 18.4636802673, 14.92212677, 24.8874988556, 25.5362567902, 120.002166748, 69.0437164307], [-274.957672119, -102.625595093, -26.3233299255, -47.8336143494, -37.9382591248, 13.4889593124, -24.6915302277, 1.64301514626, 2.59502983093, 7.58942127228, 3.36083626747, 69.0437164307, 105.353683472]], "icov": [[0.00126063055359, -0.00297583104111, 0.00225673941895, -0.00210566469468, 0.00169583968818, -0.000173496315256, -0.000306042318698, 0.000220365574933, -0.00113069952931, 0.00134915090166, -0.00189291301649, 0.00124894117471, -0.000270603923127], [-0.00297583104111, 0.00840737391263, -0.00528679229319, 0.00664299773052, -0.00590848689899, 0.00161344907247, -0.000483521929709, 0.00209422991611, 0.000538051535841, -0.000159604387591, 0.00369565165602, -0.00143640267197, 0.000459829898318], [0.00225673941895, -0.00528679229319, 0.00715779792517, -0.00413843151182, 0.00218019285239, -0.00134784344118, 0.000687265244778, -0.00111969991121, 0.000225278679864, 0.00082896387903, -0.001255667652, 0.0014972895151, 0.000779064488597], [-0.00210566469468, 0.00664299773052, -0.00413843151182, 0.00916448608041, -0.00482050143182, 2.82877499558e-05, -0.00220401631668, 0.0045104236342, -0.00243572937325, 0.00228576385416, 0.00128910539206, 0.000952865870204, 0.00100578553975], [0.00169583968818, -0.00590848689899, 0.00218019285239, -0.00482050143182, 0.0110207842663, -0.00262222625315, 0.00183747429401, -0.00331885460764, 0.003579959739, -0.00447589764372, -0.00102696102113, -0.000778766348958, 0.00259063811973], [-0.000173496315256, 0.00161344907247, -0.00134784344118, 2.82877499558e-05, -0.00262222625315, 0.00709233433008, -0.00233413162641, 7.9085402831e-05, -0.0012374977814, 0.00286002038047, 0.000559942331165, -0.00114659708925, -0.00104765989818], [-0.000306042318698, -0.000483521929709, 0.000687265244778, -0.00220401631668, 0.00183747429401, -0.00233413162641, 0.0115300854668, -0.00440543750301, 0.00297600729391, -0.00630800239742, 0.00345401326194, -0.000543191737961, 0.00225972873159], [0.000220365574933, 0.00209422991611, -0.00111969991121, 0.0045104236342, -0.00331885460764, 7.9085402831e-05, -0.00440543750301, 0.0155462641269, -0.00749935628846, 0.00461396761239, -0.0056452001445, 0.00432555284351, -0.000899309583474], [-0.00113069952931, 0.000538051535841, 0.000225278679864, -0.00243572937325, 0.003579959739, -0.0012374977814, 0.00297600729391, -0.00749935628846, 0.0183214303106, -0.0101281423122, 0.0037419279106, -0.00591898756102, 0.00282355956733], [0.00134915090166, -0.000159604387591, 0.00082896387903, 0.00228576385416, -0.00447589764372, 0.00286002038047, -0.00630800239742, 0.00461396761239, -0.0101281423122, 0.025318454951, -0.00829394254833, 0.00324132828973, -0.00235181651078], [-0.00189291301649, 0.00369565165602, -0.001255667652, 0.00128910539206, -0.00102696102113, 0.000559942331165, 0.00345401326194, -0.0056452001445, 0.0037419279106, -0.00829394254833, 0.0184524022043, -0.00672127585858, 0.00370879052207], [0.00124894117471, -0.00143640267197, 0.0014972895151, 0.000952865870204, -0.000778766348958, -0.00114659708925, -0.000543191737961, 0.00432555284351, -0.00591898756102, 0.00324132828973, -0.00672127585858, 0.0195897202939, -0.0103727625683], [-0.000270603923127, 0.000459829898318, 0.000779064488597, 0.00100578553975, 0.00259063811973, -0.00104765989818, 0.00225972873159, -0.000899309583474, 0.00282355956733, -0.00235181651078, 0.00370879052207, -0.0103727625683, 0.0182748679072]]}, "melbands": {"dmean": [3.17433732562e-05, 0.000268446659902, 0.000272452860372, 0.000115789094707, 0.000265445647528, 0.000209319478017, 0.000464943645056, 0.00053399783792, 0.00029246127815, 0.000101914636616, 4.440230623e-05, 4.41770826001e-05, 5.67824754398e-05, 4.06516082876e-05, 2.01373022719e-05, 3.8505269913e-05, 2.98413124256e-05, 2.41311536229e-05, 5.26872963746e-06, 8.07444666862e-06, 4.12444524045e-06, 4.38692495663e-06, 1.4270514157e-06, 5.12797384999e-07, 4.917227443e-07, 4.09120616496e-07, 7.75943362896e-08, 4.33580851222e-08, 3.28840599195e-08, 4.61442652977e-08, 7.58260583211e-08, 1.1642111275e-08, 1.32783810614e-08, 1.20176615326e-08, 1.11465050523e-08, 2.16586881763e-09, 2.32126984301e-09, 5.74224723326e-10, 4.19473983326e-10, 1.99037480941e-10], "dmean2": [5.12854530825e-05, 0.000401235447498, 0.00040574191371, 0.000177612062544, 0.000393473106669, 0.000302439933876, 0.00063856941415, 0.00071791355731, 0.000411071261624, 0.000151658736286, 6.29725909675e-05, 6.29295755061e-05, 7.70481128711e-05, 5.67561437492e-05, 2.89882354991e-05, 5.88374459767e-05, 4.27150225732e-05, 3.10729119519e-05, 7.48234560888e-06, 1.26803870444e-05, 6.11133737038e-06, 6.44559440843e-06, 2.02984392672e-06, 7.96726169483e-07, 7.2817488217e-07, 6.28257623703e-07, 1.13503446642e-07, 6.62912640337e-08, 4.79389434815e-08, 6.84648426841e-08, 1.12427365195e-07, 1.67937415085e-08, 2.05790016139e-08, 1.83283273003e-08, 1.61924962327e-08, 3.43339756625e-09, 3.87604925933e-09, 9.7429742052e-10, 7.02867486435e-10, 3.46078721236e-10], "dvar": [3.22487503368e-09, 2.65858147941e-07, 2.89685203825e-07, 3.93549868249e-08, 2.48564134608e-07, 1.34274372954e-07, 9.01069654446e-07, 1.63796801189e-06, 3.73501364948e-07, 9.81333343475e-08, 8.31778734778e-09, 1.42855700602e-08, 5.72042822e-08, 1.34455193646e-08, 2.51988652167e-09, 6.17506223932e-09, 3.71021369183e-09, 4.8065875724e-09, 1.11341977305e-10, 3.21427495731e-10, 1.22768045729e-10, 3.1807140255e-10, 1.51009066363e-11, 1.32840385827e-12, 1.54643648147e-12, 1.48509232255e-12, 1.33549001393e-13, 2.4995056277e-14, 1.43737679501e-14, 4.51368068898e-14, 1.63816212657e-13, 3.56407493172e-15, 7.48262214044e-15, 6.14790235051e-15, 2.37218141384e-15, 1.38065655718e-16, 1.84865059852e-16, 8.27274662989e-18, 9.31635160509e-18, 3.34836446068e-18], "dvar2": [8.38228153555e-09, 6.07578044765e-07, 6.1121301087e-07, 8.14720451103e-08, 5.95198741848e-07, 2.94661447242e-07, 1.76355297299e-06, 3.34481342179e-06, 7.97986672296e-07, 2.03991760372e-07, 1.78287642427e-08, 2.9149017422e-08, 1.26318170146e-07, 2.97124636006e-08, 6.02940586347e-09, 1.48979228953e-08, 7.75531372454e-09, 7.71963115653e-09, 2.21165238901e-10, 7.44682371323e-10, 2.46343390131e-10, 7.10304703944e-10, 3.0246940369e-11, 3.31022015354e-12, 3.4218591502e-12, 3.48900986227e-12, 2.80268538412e-13, 6.18941272475e-14, 3.38646991037e-14, 1.10140229456e-13, 3.92442399107e-13, 7.43793945841e-15, 1.68154928865e-14, 1.47264944922e-14, 5.26070352441e-15, 3.43881029965e-16, 4.81376447221e-16, 2.16112896061e-17, 2.33986565106e-17, 8.66430415337e-18], "max": [0.000946427229792, 0.0104252677411, 0.0110150165856, 0.00399324856699, 0.0137297315523, 0.00625538639724, 0.0185256451368, 0.022781835869, 0.0115801626816, 0.0109370695427, 0.00228486862034, 0.00318973208778, 0.00518583273515, 0.00254501868039, 0.00179465324618, 0.00129087606911, 0.00218454794958, 0.00140912411734, 0.000219637295231, 0.000407932122471, 0.000330282695359, 0.000993559020571, 0.000172498010215, 2.88308983727e-05, 2.97524511552e-05, 2.30583555094e-05, 1.60434319696e-05, 5.5091854847e-06, 5.06516607857e-06, 7.08705874786e-06, 1.13750975288e-05, 3.08906055579e-06, 4.61727449874e-06, 1.83650161034e-06, 1.24930170387e-06, 3.90473672951e-07, 3.28973015939e-07, 6.8180696644e-08, 1.64644191614e-07, 1.08087590434e-07], "mean": [4.88250007038e-05, 0.000516163127031, 0.000589579110965, 0.000243362650508, 0.000630083028227, 0.000537786574569, 0.00101362948772, 0.00102734775282, 0.000576979888137, 0.000190611550352, 0.000136396367452, 0.000114259739348, 0.00013119756477, 0.000101161946077, 5.28073214809e-05, 7.58543174015e-05, 6.62319507683e-05, 4.90446254844e-05, 1.07427658804e-05, 1.40060265039e-05, 8.48243325891e-06, 7.65256390878e-06, 2.91765172733e-06, 1.03551599295e-06, 8.32307364362e-07, 5.36242907856e-07, 1.32940513708e-07, 6.45364153229e-08, 5.72497604878e-08, 5.88185216088e-08, 8.66124238996e-08, 1.64957683069e-08, 1.61231010765e-08, 1.1778275244e-08, 1.1137100131e-08, 2.15459006192e-09, 1.96931360108e-09, 5.44832789995e-10, 3.79905579218e-10, 1.82435219709e-10], "median": [1.69453833223e-05, 0.000139786003274, 0.000239778702962, 0.0001261633588, 0.000320904538967, 0.000313078955514, 0.000401222408982, 0.000267886585789, 0.000244249560637, 5.97437319811e-05, 6.85174600221e-05, 5.43881506019e-05, 4.96951506648e-05, 4.41282354586e-05, 3.02185944747e-05, 3.48838184436e-05, 3.28642418026e-05, 1.64236807905e-05, 4.93598190587e-06, 6.5606118369e-06, 3.78348931918e-06, 2.51737151302e-06, 1.08069730231e-06, 4.28566579558e-07, 2.34624280893e-07, 1.08507109076e-07, 2.93966415654e-08, 1.8212029218e-08, 2.15397388814e-08, 1.55466377549e-08, 1.17407319422e-08, 4.33832747504e-09, 3.69113339893e-09, 1.13890541442e-09, 6.60138554931e-10, 2.3363497248e-10, 1.8762907894e-10, 1.03078767744e-10, 6.28368190814e-11, 4.98428832929e-11], "min": [1.44714387361e-23, 4.81252168295e-24, 4.69937220787e-23, 3.97972027867e-23, 1.33004425644e-23, 3.79542241303e-24, 5.53195415104e-24, 1.01540881988e-23, 2.2876469269e-23, 1.21969034663e-23, 6.23582042132e-24, 7.68703458054e-24, 5.74560095557e-24, 1.36427561324e-23, 1.2647298867e-23, 1.28763201761e-23, 3.46938896192e-24, 6.56080232085e-24, 6.60971406355e-24, 7.99064111055e-24, 9.48173573841e-24, 9.83574338051e-24, 6.05573452071e-24, 8.28098294444e-24, 4.93695502442e-24, 5.79050489045e-24, 9.4044676016e-24, 9.46150224505e-24, 1.22639156225e-23, 1.08113323952e-23, 6.55365366332e-24, 1.18800850939e-23, 1.10517693105e-23, 9.64262470889e-24, 1.34705446413e-23, 1.27603647228e-23, 1.07283773601e-23, 1.05562013678e-23, 1.10500227724e-23, 1.17359467958e-23], "var": [6.41286446168e-09, 9.53287724315e-07, 8.35493153772e-07, 1.17413563316e-07, 7.5149893064e-07, 4.29981383832e-07, 2.37849280893e-06, 3.8255079744e-06, 8.28229815397e-07, 2.78678783161e-07, 3.35570256027e-08, 3.51046161029e-08, 1.13202027308e-07, 3.40863550718e-08, 6.03474115124e-09, 1.29978916519e-08, 1.04792441391e-08, 1.24529728751e-08, 2.84093054637e-10, 6.09512884608e-10, 2.62876026502e-10, 5.12076159254e-10, 3.64043968581e-11, 2.94921335617e-12, 3.10433081151e-12, 2.0052854776e-12, 3.34995404897e-13, 3.1256860842e-14, 2.11852155827e-14, 4.61163632238e-14, 1.64162737223e-13, 5.57206733011e-15, 9.75060283166e-15, 5.84759359532e-15, 2.56102253899e-15, 1.21974557585e-16, 1.37456824318e-16, 6.49834619506e-18, 7.21198592878e-18, 2.47525919411e-18]}, "mfcc": {"mean": [-771.243774414, 230.581237793, -42.5133018494, -12.2669639587, 0.575054526329, -6.04774904251, -15.6551198959, -9.73666381836, -4.66059398651, -8.65353488922, 2.23154425621, 3.28957772255, -3.21711587906], "cov": [[8301.76855469, 3945.10107422, -1200.41015625, 405.994506836, -142.170166016, -31.0031547546, -318.522369385, -177.481246948, -120.834594727, -75.279045105, 194.958175659, 93.3492279053, -118.416275024], [3945.10107422, 2840.87744141, -340.051727295, -53.0204162598, 179.878707886, -83.4253692627, -125.376274109, -152.697921753, -86.9395904541, -109.322349548, 77.919090271, 58.6038208008, -64.4996414185], [-1200.41015625, -340.051727295, 415.152862549, -58.781414032, 91.9601745605, 68.2581176758, 59.2003097534, 44.3743591309, 12.002040863, 5.59775972366, -26.564332962, -21.8256835938, -10.8965997696], [405.994506836, -53.0204162598, -58.781414032, 241.915390015, -10.7916116714, 57.8822250366, 19.4058189392, 5.5007314682, 9.65480709076, 24.5331687927, 41.9858970642, 4.66258478165, -35.0055885315], [-142.170166016, 179.878707886, 91.9601745605, -10.7916116714, 208.575973511, 39.7845573425, 26.745759964, 4.26459217072, -23.0176830292, -14.4915981293, 0.3546397686, 17.2637996674, -26.7206707001], [-31.0031547546, -83.4253692627, 68.2581176758, 57.8822250366, 39.7845573425, 166.203689575, 51.5105628967, 29.9671916962, 29.546754837, -5.40150356293, -2.98138642311, 1.77575004101, -18.1520137787], [-318.522369385, -125.376274109, 59.2003097534, 19.4058189392, 26.745759964, 51.5105628967, 142.559051514, 37.7073402405, 3.17002391815, 28.0502204895, -1.16701352596, 5.60657596588, -1.12492525578], [-177.481246948, -152.697921753, 44.3743591309, 5.5007314682, 4.26459217072, 29.9671916962, 37.7073402405, 92.1686325073, 20.3248195648, 17.0173149109, 11.4698934555, -1.66343724728, 11.0867614746], [-120.834594727, -86.9395904541, 12.002040863, 9.65480709076, -23.0176830292, 29.546754837, 3.17002391815, 20.3248195648, 98.1299209595, 13.7423820496, -3.7605714798, 15.0930986404, 19.4435768127], [-75.279045105, -109.322349548, 5.59775972366, 24.5331687927, -14.4915981293, -5.40150356293, 28.0502204895, 17.0173149109, 13.7423820496, 95.0159606934, 38.6550559998, 3.7595512867, 1.62239849567], [194.958175659, 77.919090271, -26.564332962, 41.9858970642, 0.3546397686, -2.98138642311, -1.16701352596, 11.4698934555, -3.7605714798, 38.6550559998, 107.990119934, 36.430557251, -9.08946037292], [93.3492279053, 58.6038208008, -21.8256835938, 4.66258478165, 17.2637996674, 1.77575004101, 5.60657596588, -1.66343724728, 15.0930986404, 3.7595512867, 36.430557251, 107.82824707, 36.3016357422], [-118.416275024, -64.4996414185, -10.8965997696, -35.0055885315, -26.7206707001, -18.1520137787, -1.12492525578, 11.0867614746, 19.4435768127, 1.62239849567, -9.08946037292, 36.3016357422, 97.036605835]], "icov": [[0.00542343081906, -0.00757714081556, 0.00769674731418, -0.00737237278372, 0.00782035570592, -0.00715475901961, 0.00759699428454, -0.00771182728931, 0.00616397615522, -0.00574537506327, 0.00467484816909, -0.00329876178876, 0.00210379064083], [-0.00757714081556, 0.0111184306443, -0.0102545088157, 0.010564125143, -0.0115604605526, 0.0100286025554, -0.010545745492, 0.0113519979641, -0.00865255109966, 0.00857396516949, -0.00714448327199, 0.00464168703184, -0.00273871887475], [0.00769674731418, -0.0102545088157, 0.0146440304816, -0.00916293822229, 0.00929904915392, -0.011137790978, 0.010267262347, -0.0112994201481, 0.00838184170425, -0.00816366262734, 0.00646622572094, -0.00394076714292, 0.00333950272761], [-0.00737237278372, 0.010564125143, -0.00916293822229, 0.0157353226095, -0.0105071226135, 0.00750222569332, -0.010634929873, 0.010964198038, -0.00860226619989, 0.00720780855045, -0.00818937178701, 0.00445028953254, -0.00102198484819], [0.00782035570592, -0.0115604605526, 0.00929904915392, -0.0105071226135, 0.0183382425457, -0.0114257913083, 0.0104695456102, -0.0118759954348, 0.0107245743275, -0.00825193524361, 0.00772220408544, -0.00708722416312, 0.00486741121858], [-0.00715475901961, 0.0100286025554, -0.011137790978, 0.00750222569332, -0.0114257913083, 0.0186066199094, -0.0124180372804, 0.00891474448144, -0.0109772859141, 0.00984370335937, -0.00595365744084, 0.00419002305716, -0.00152785587125], [0.00759699428454, -0.010545745492, 0.010267262347, -0.010634929873, 0.0104695456102, -0.0124180372804, 0.0204046610743, -0.0136848064139, 0.0104293208569, -0.0114930709824, 0.00864337664098, -0.00608250778168, 0.00312514719553], [-0.00771182728931, 0.0113519979641, -0.0112994201481, 0.010964198038, -0.0118759954348, 0.00891474448144, -0.0136848064139, 0.0257771983743, -0.0111013706774, 0.00846812874079, -0.0101946806535, 0.00713965063915, -0.00542837008834], [0.00616397615522, -0.00865255109966, 0.00838184170425, -0.00860226619989, 0.0107245743275, -0.0109772859141, 0.0104293208569, -0.0111013706774, 0.0200505461544, -0.0092179691419, 0.00767805753276, -0.00626338878646, 0.00109664618503], [-0.00574537506327, 0.00857396516949, -0.00816366262734, 0.00720780855045, -0.00825193524361, 0.00984370335937, -0.0114930709824, 0.00846812874079, -0.0092179691419, 0.0214694645256, -0.0114919021726, 0.0056216372177, -0.00285180611536], [0.00467484816909, -0.00714448327199, 0.00646622572094, -0.00818937178701, 0.00772220408544, -0.00595365744084, 0.00864337664098, -0.0101946806535, 0.00767805753276, -0.0114919021726, 0.0196459293365, -0.00922430679202, 0.00495021697134], [-0.00329876178876, 0.00464168703184, -0.00394076714292, 0.00445028953254, -0.00708722416312, 0.00419002305716, -0.00608250778168, 0.00713965063915, -0.00626338878646, 0.0056216372177, -0.00922430679202, 0.0165011323988, -0.00770752271637], [0.00210379064083, -0.00273871887475, 0.00333950272761, -0.00102198484819, 0.00486741121858, -0.00152785587125, 0.00312514719553, -0.00542837008834, 0.00109664618503, -0.00285180611536, 0.00495021697134, -0.00770752271637, 0.0159446075559]]}, "spectral_contrast_coeffs": {"dmean": [0.046930346638, 0.0431560985744, 0.0394313968718, 0.0392760708928, 0.0285923685879, 0.026592604816], "dmean2": [0.075080871582, 0.0700089558959, 0.060705717653, 0.0598107688129, 0.0430365614593, 0.0432218238711], "dvar": [0.00147824420128, 0.00205597444437, 0.00169445644133, 0.00163573003374, 0.000783609168138, 0.000570040894672], "dvar2": [0.00363981397822, 0.00480667222291, 0.00372936972417, 0.00375304347835, 0.00176938867662, 0.00140471931081], "max": [-0.333549708128, -0.395622611046, -0.384292185307, -0.474189966917, -0.516708254814, -0.59837013483], "mean": [-0.593846678734, -0.671030819416, -0.700392186642, -0.67727547884, -0.698742926121, -0.765063107014], "median": [-0.585940957069, -0.669695615768, -0.700846016407, -0.669597029686, -0.69185757637, -0.759720087051], "min": [-0.969398140907, -0.969539225101, -0.970372200012, -0.958909451962, -0.962095737457, -0.958803594112], "var": [0.0101814586669, 0.00809200946242, 0.00758978258818, 0.00554574653506, 0.00401582149789, 0.00316867814399]}, "spectral_contrast_valleys": {"dmean": [0.540437281132, 0.37269705534, 0.436540931463, 0.440528929234, 0.447652578354, 0.411746174097], "dmean2": [0.865339040756, 0.571072101593, 0.644152224064, 0.652368605137, 0.668971776962, 0.699708282948], "dvar": [0.257464498281, 0.185710594058, 0.241116553545, 0.254241973162, 0.289773255587, 0.157991960645]