{"lowlevel": {"average_loudness": 0.913058876991, "barkbands_crest": {"dmean": 3.23526549339, "dmean2": 5.14943885803, "dvar": 11.1458492279, "dvar2": 24.8954296112, "max": 25.9838790894, "mean": 12.6626281738, "median": 11.6877336502, "min": 2.23295450211, "var": 39.6858253479}, "barkbands_flatness_db": {"dmean": 0.0319663956761, "dmean2": 0.0470127947628, "dvar": 0.00130016065668, "dvar2": 0.00242232787423, "max": 0.665376663208, "mean": 0.131037279963, "median": 0.114385023713, "min": 0.0186814311892, "var": 0.00621398258954}, "barkbands_kurtosis": {"dmean": 7.32271242142, "dmean2": 11.2997255325, "dvar": 733.877624512, "dvar2": 1627.8392334, "max": 807.52331543, "mean": 8.19253063202, "median": 0.724502325058, "min": -1.96548318863, "var": 963.410705566}, "barkbands_skewness": {"dmean": 0.934428155422, "dmean2": 1.39910840988, "dvar": 1.51066493988, "dvar2": 3.2739815712, "max": 22.3620109558, "mean": 1.76213872433, "median": 1.31704258919, "min": -5.87701511383, "var": 4.65776014328}, "barkbands_spread": {"dmean": 11.6856460571, "dmean2": 17.9833507538, "dvar": 178.95916748, "dvar2": 405.334228516, "max": 130.189361572, "mean": 37.0161819458, "median": 32.5619506836, "min": 0.114034734666, "var": 567.445983887}, "dissonance": {"dmean": 0.0118405576795, "dmean2": 0.0195067003369, "dvar": 0.000205267671845, "dvar2": 0.000487601006171, "max": 0.499998599291, "mean": 0.477205634117, "median": 0.481901198626, "min": 0.237963750958, "var": 0.000428626517532}, "dynamic_complexity": 4.4594335556, "erbbands_crest": {"dmean": 1.93903183937, "dmean2": 3.12702608109, "dvar": 4.9699549675, "dvar2": 11.4282817841, "max": 31.9530067444, "mean": 7.21286392212, "median": 6.19710636139, "min": 2.28302788734, "var": 14.9676609039}, "erbbands_flatness_db": {"dmean": 0.0184054113925, "dmean2": 0.025841448456, "dvar": 0.00054505141452, "dvar2": 0.000972717185505, "max": 0.396910727024, "mean": 0.127633094788, "median": 0.102871209383, "min": 0.0410532578826, "var": 0.00450589880347}, "erbbands_kurtosis": {"dmean": 1.13509833813, "dmean2": 1.81982862949, "dvar": 11.5977554321, "dvar2": 21.4287986755, "max": 108.418579102, "mean": 0.404137432575, "median": -0.442467451096, "min": -1.7639067173, "var": 23.033246994}, "erbbands_skewness": {"dmean": 0.388027012348, "dmean2": 0.600525438786, "dvar": 0.224409848452, "dvar2": 0.487553358078, "max": 8.9769859314, "mean": -0.404681801796, "median": -0.400673508644, "min": -5.03316640854, "var": 0.703100085258}, "erbbands_spread": {"dmean": 11.304274559, "dmean2": 17.8506336212, "dvar": 155.991134644, "dvar2": 356.174926758, "max": 169.354507446, "mean": 49.8151397705, "median": 47.4676628113, "min": 1.2227563858, "var": 415.449737549}, "hfc": {"dmean": 16.8168449402, "dmean2": 26.6879253387, "dvar": 936.049560547, "dvar2": 2296.42407227, "max": 439.138702393, "mean": 40.1346282959, "median": 25.1738090515, "min": 1.12711100871e-16, "var": 1963.50134277}, "melbands_crest": {"dmean": 4.28104925156, "dmean2": 6.46665334702, "dvar": 16.9622306824, "dvar2": 36.2474861145, "max": 38.7696762085, "mean": 19.1938495636, "median": 18.6268997192, "min": 1.67788076401, "var": 73.5151596069}, "melbands_flatness_db": {"dmean": 0.0409671142697, "dmean2": 0.0602431483567, "dvar": 0.00193942151964, "dvar2": 0.00373656814918, "max": 0.82366079092, "mean": 0.199180483818, "median": 0.185564562678, "min": 0.00259722303599, "var": 0.00938978698105}, "melbands_kurtosis": {"dmean": 22.5554237366, "dmean2": 33.6929588318, "dvar": 6450.15576172, "dvar2": 11602.6816406, "max": 3283.16601562, "mean": 34.1442756653, "median": 10.8989372253, "min": -1.86033308506, "var": 11000.9912109}, "melbands_skewness": {"dmean": 1.36907804012, "dmean2": 2.06160306931, "dvar": 3.29599833488, "dvar2": 6.66696357727, "max": 46.1544494629, "mean": 3.98473072052, "median": 3.16104793549, "min": -2.36490058899, "var": 10.7033290863}, "melbands_spread": {"dmean": 14.3397102356, "dmean2": 22.8045082092, "dvar": 448.502349854, "dvar2": 1070.58435059, "max": 258.938079834, "mean": 35.6514396667, "median": 26.6570034027, "min": 0.0808418616652, "var": 1278.95800781}, "pitch_salience": {"dmean": 0.0959387421608, "dmean2": 0.151312887669, "dvar": 0.0106178177521, "dvar2": 0.0231413021684, "max": 0.931411802769, "mean": 0.458194285631, "median": 0.479894995689, "min": 0.00704485177994, "var": 0.0321671403944}, "silence_rate_20dB": {"dmean": 0, "dmean2": 0, "dvar": 0, "dvar2": 0, "max": 1, "mean": 1, "median": 1, "min": 1, "var": 0}, "silence_rate_30dB": {"dmean": 0.0798828974366, "dmean2": 0.159799203277, "dvar": 0.073499828577, "dvar2": 0.146810606122, "max": 1, "mean": 0.8411039114, "median": 1, "min": 0, "var": 0.133649364114}, "silence_rate_60dB": {"dmean": 0.0271852780133, "dmean2": 0.054381929338, "dvar": 0.0264470819384, "dvar2": 0.0572835952044, "max": 1, "mean": 0.115199662745, "median": 0, "min": 0, "var": 0.101931706071}, "spectral_centroid": {"dmean": 392.132110596, "dmean2": 616.835327148, "dvar": 227964.21875, "dvar2": 525295.375, "max": 11311.3779297, "mean": 2209.59106445, "median": 2189.17456055, "min": 76.6728973389, "var": 659420.6875}, "spectral_complexity": {"dmean": 4.92722702026, "dmean2": 7.51892900467, "dvar": 35.3189353943, "dvar2": 71.5720748901, "max": 59, "mean": 23.4551544189, "median": 24, "min": 0, "var": 184.613693237}, "spectral_decrease": {"dmean": 6.02478378298e-09, "dmean2": 8.9713374507e-09, "dvar": 9.03340190342e-17, "dvar2": 1.88862552437e-16, "max": 7.04675494706e-17, "mean": -1.2739373112e-08, "median": -7.65426477756e-09, "min": -8.60719140405e-08, "var": 2.28677878754e-16}, "spectral_energy": {"dmean": 0.0234890244901, "dmean2": 0.0347469002008, "dvar": 0.0012913485989, "dvar2": 0.0027098543942, "max": 0.32879960537, "mean": 0.0517217665911, "median": 0.0337909981608, "min": 1.04387996106e-20, "var": 0.00337062170729}, "spectral_energyband_high": {"dmean": 0.00161107804161, "dmean2": 0.00253731035627, "dvar": 9.20450020203e-06, "dvar2": 2.20617148443e-05, "max": 0.0386845320463, "mean": 0.00322653492913, "median": 0.00153709878214, "min": 7.38923510809e-21, "var": 1.94468848349e-05}, "spectral_energyband_low": {"dmean": 0.0205368287861, "dmean2": 0.0307800229639, "dvar": 0.00135632511228, "dvar2": 0.00282657775097, "max": 0.31825697422, "mean": 0.0378040708601, "median": 0.0153386788443, "min": 6.67864346727e-23, "var": 0.00312269898131}, "spectral_energyband_middle_high": {"dmean": 0.00172088039108, "dmean2": 0.0029197470285, "dvar": 9.69740449364e-06, "dvar2": 2.74895046459e-05, "max": 0.0324312411249, "mean": 0.00448343111202, "median": 0.00391028262675, "min": 1.54192241904e-21, "var": 1.48080453073e-05}, "spectral_energyband_middle_low": {"dmean": 0.00386509718373, "dmean2": 0.006469105836, "dvar": 8.02028953331e-05, "dvar2": 0.000214283776586, "max": 0.0725431144238, "mean": 0.00690180202946, "median": 0.00492327660322, "min": 3.045164148e-22, "var": 7.57486413931e-05}, "spectral_entropy": {"dmean": 0.1678853333, "dmean2": 0.227402418852, "dvar": 0.0487333200872, "dvar2": 0.0833388864994, "max": 9.79128551483, "mean": 7.90423536301, "median": 8.04308128357, "min": 4.57449245453, "var": 0.301114678383}, "spectral_flux": {"dmean": 0.0408424958587, "dmean2": 0.063444443047, "dvar": 0.00264175282791, "dvar2": 0.00615319842473, "max": 0.458848565817, "mean": 0.100311912596, "median": 0.0806241855025, "min": 1.02170445715e-10, "var": 0.00580823374912}, "spectral_kurtosis": {"dmean": 1.4667879343, "dmean2": 2.39508938789, "dvar": 10.2705497742, "dvar2": 25.0318546295, "max": 98.7192687988, "mean": 3.32654500008, "median": 2.55181455612, "min": -1.1449867487, "var": 16.3287563324}, "spectral_rms": {"dmean": 0.00136607151944, "dmean2": 0.00196258537471, "dvar": 2.73989553534e-06, "dvar2": 5.38847552889e-06, "max": 0.0179103352129, "mean": 0.00599927920848, "median": 0.00574167491868, "min": 3.19126864691e-12, "var": 1.4468889276e-05}, "spectral_rolloff": {"dmean": 1187.30004883, "dmean2": 1891.12548828, "dvar": 3155442.75, "dvar2": 6240755, "max": 19078.4179688, "mean": 2964.84008789, "median": 2045.65429688, "min": 43.06640625, "var": 11987816}, "spectral_skewness": {"dmean": 0.219350785017, "dmean2": 0.343822538853, "dvar": 0.107745274901, "dvar2": 0.251778930426, "max": 8.11015415192, "mean": 1.18798649311, "median": 1.15016365051, "min": -0.133501514792, "var": 0.241560667753}, "spectral_spread": {"dmean": 787512.25, "dmean2": 1106773.75, "dvar": 1478970834940.0, "dvar2": 2391361454080.0, "max": 47733644, "mean": 5798965.5, "median": 6045932, "min": 1159370.75, "var": 6004296122370.0}, "spectral_strongpeak": {"dmean": 0.384110331535, "dmean2": 0.658055067062, "dvar": 1.0071657896, "dvar2": 2.80631732941, "max": 19.8800392151, "mean": 0.638082802296, "median": 0.395227313042, "min": 0, "var": 0.951237022877}, "zerocrossingrate": {"dmean": 0.022133987397, "dmean2": 0.0237277522683, "dvar": 0.000599940132815, "dvar2": 0.000645097519737, "max": 0.689453125, "mean": 0.0998336598277, "median": 0.07666015625, "min": 0.001953125, "var": 0.00744376704097}, "barkbands": {"dmean": [0.0014619177673, 0.0193905569613, 0.00165731180459, 0.000685544277076, 0.00191328290384, 0.00101311330218, 0.000472649961011, 0.000325381144648, 0.00047609268222, 0.000291129632387, 0.000265692709945, 0.000113261237857, 0.000103803446109, 0.000127089238958, 0.000351328082616, 0.000301423307974, 0.000362056918675, 0.000259235996054, 0.000383982696803, 0.000433999899542, 0.00035329896491, 0.000288267619908, 0.000237109139562, 0.000268650241196, 0.000190454054973, 0.000342570565408, 3.33632706315e-05], "dmean2": [0.00198329100385, 0.0295705702156, 0.00291450461373, 0.001095574582, 0.0032963345293, 0.00175102287903, 0.000813559279777, 0.000527799362317, 0.000732789863832, 0.000486446020659, 0.000429491105024, 0.00018674605235, 0.000172615211341, 0.000215861538891, 0.000573391153011, 0.000512017810252, 0.000603939814027, 0.000458400143543, 0.000701431650668, 0.000771075778175, 0.000620616949163, 0.000477086403407, 0.000386204075767, 0.000401494151447, 0.00027975635021, 0.000535189174116, 5.74867844989e-05], "dvar": [6.94063282936e-06, 0.00133030873258, 1.8055223336e-05, 1.78271557161e-06, 3.00247247651e-05, 5.4960696616e-06, 9.40994425491e-07, 3.23647071809e-07, 7.29932423837e-07, 2.71398704399e-07, 2.44986978259e-07, 3.41197115006e-08, 3.90572232334e-08, 4.68866367953e-08, 2.75392523008e-07, 2.52111732379e-07, 2.76423349987e-07, 2.54207236594e-07, 1.27054499899e-06, 8.85063400347e-07, 6.51759592074e-07, 4.19357348846e-07, 2.55725893794e-07, 2.45405345822e-07, 1.40457188991e-07, 8.91624893029e-07, 9.08675978906e-09], "dvar2": [1.2458580386e-05, 0.00282804016024, 5.05600401084e-05, 4.49602976005e-06, 8.09641569504e-05, 1.53759010573e-05, 2.64672348749e-06, 8.21924402317e-07, 1.59999365223e-06, 6.93848278388e-07, 5.71349573875e-07, 8.9251741997e-08, 1.04258226941e-07, 1.29357502487e-07, 7.08261779891e-07, 6.86108592163e-07, 7.4441209108e-07, 7.29194198357e-07, 3.70925704374e-06, 2.55262557403e-06, 1.86447175565e-06, 1.12019654352e-06, 6.77470040955e-07, 5.07748552536e-07, 3.12703889449e-07, 2.29931447393e-06, 2.55531897864e-08], "max": [0.0331597141922, 0.311099022627, 0.0443465039134, 0.0215551815927, 0.0425890013576, 0.0223461370915, 0.0143883693963, 0.00974040292203, 0.0155462929979, 0.00846157595515, 0.0084921028465, 0.00284752412699, 0.00501624634489, 0.00370202516206, 0.0101781245321, 0.00882811099291, 0.00686306180432, 0.00623678788543, 0.0120652019978, 0.0107791703194, 0.00996707845479, 0.0125352917239, 0.00780674722046, 0.00577461346984, 0.00885197613388, 0.0135455727577, 0.00241702189669], "mean": [0.00237199477851, 0.0325818620622, 0.00228321063332, 0.00114891969133, 0.00195890571922, 0.00128485925961, 0.000634759780951, 0.000609679089393, 0.0010028249817, 0.000481626717374, 0.000454355264083, 0.000182510018931, 0.000169122082298, 0.000196283945115, 0.00072191801155, 0.000507903576363, 0.000679889577441, 0.000391138804844, 0.000484500749735, 0.000717203947715, 0.00057200412266, 0.000478534901049, 0.000384068640415, 0.000476053421153, 0.000364466279279, 0.000486432167236, 9.67088635662e-05], "median": [0.000633929681499, 0.0111970109865, 0.000754265696742, 0.000429542094935, 0.000672756112181, 0.000625689106528, 0.000364514184184, 0.000349523965269, 0.000378342811018, 0.000233689148445, 0.000190853956155, 0.000108432024717, 8.34685779409e-05, 0.000101991456177, 0.000453903834568, 0.000284309469862, 0.000413258705521, 0.000247422896791, 0.000271970988251, 0.000503569608554, 0.000338075769832, 0.000207081393455, 0.000109244174382, 0.000154233537614, 8.32402001834e-05, 9.50171233853e-05, 4.67777863378e-06], "min": [9.12611960892e-24, 3.929604892e-23, 5.75980439617e-24, 1.91703991586e-23, 6.18543942518e-23, 4.63267149398e-23, 7.29849376345e-23, 3.27887353128e-23, 1.23968252744e-23, 6.28960440563e-23, 7.20000163953e-23, 6.78648643282e-23, 1.22295541036e-22, 9.48529255446e-23, 1.39110937957e-22, 1.12287937997e-22, 1.77864278974e-22, 2.37492141719e-22, 2.49753084914e-22, 2.13785445257e-22, 4.52400849175e-22, 4.81376353934e-22, 5.29356313072e-22, 8.59168833907e-22, 1.18000818185e-21, 1.52276468583e-21, 2.12976268343e-21], "var": [1.65844157891e-05, 0.00270890863612, 1.78905556822e-05, 3.15434272125e-06, 2.22598537221e-05, 4.69779524792e-06, 8.57812949562e-07, 7.35966750653e-07, 2.63767583419e-06, 6.76170316183e-07, 7.00884811522e-07, 5.54384094187e-08, 7.13341421488e-08, 7.43377341905e-08, 7.06748153334e-07, 4.71005279223e-07, 6.5032133989e-07, 2.54563985891e-07, 8.32053501654e-07, 8.03988143616e-07, 6.33484773971e-07, 6.03555406542e-07, 4.54205576261e-07, 6.06002345194e-07, 3.69026935232e-07, 1.01975456346e-06, 3.22318456369e-08]}, "erbbands": {"dmean": [0.822143018246, 3.65347027779, 2.64967536926, 1.74618828297, 5.24479007721, 6.36998653412, 8.71214199066, 6.59491634369, 6.2684879303, 6.72757196426, 8.24790668488, 10.6523008347, 9.86995220184, 11.1181230545, 5.67182207108, 4.71860265732, 4.5712184906, 6.11812257767, 10.0727863312, 17.9051742554, 16.0300998688, 15.9309864044, 14.161198616, 17.1799449921, 23.5430831909, 18.3466148376, 16.0563926697, 12.7485742569, 11.8296308517, 7.45186948776, 6.70077943802, 7.14091157913, 3.27423405647, 2.09480690956, 1.43639469147, 2.00958418846, 0.461362123489, 0.0613148622215, 0.00619430001825, 0.00020061682153], "dmean2": [1.23151040077, 5.6875743866, 4.42412042618, 2.79275274277, 8.77882003784, 11.4929924011, 15.1879768372, 11.5247926712, 10.9266452789, 10.8486890793, 13.167552948, 16.3342437744, 16.2395629883, 17.972530365, 9.25779056549, 7.79254245758, 7.55582094193, 10.3909473419, 16.6618213654, 28.7695503235, 26.7385501862, 26.7123241425, 24.7566223145, 31.2971725464, 42.8958129883, 32.6158447266, 28.433298111, 22.0234165192, 19.8949146271, 12.2445678711, 10.6305246353, 10.7560424805, 4.97214412689, 3.17617845535, 2.10358762741, 3.14467644691, 0.720795750618, 0.102032184601, 0.0106157781556, 0.000337019562721], "dvar": [2.29528355598, 56.3749656677, 41.9074325562, 10.7874612808, 198.29309082, 391.353118896, 437.213745117, 263.368164062, 161.391571045, 175.866577148, 202.943328857, 426.416168213, 338.886413574, 430.822784424, 87.0672836304, 61.5013198853, 69.992477417, 105.307991028, 215.94102478, 663.215759277, 550.594238281, 484.285644531, 774.191162109, 1868.55126953, 4529.32861328, 1776.30407715, 1289.25134277, 763.797180176, 743.104064941, 286.051544189, 198.993057251, 183.150985718, 39.2088317871, 18.3157978058, 7.64598369598, 33.2521018982, 1.38439488411, 0.0300326608121, 0.000320935330819, 2.91949845632e-07], "dvar2": [4.80464315414, 122.098358154, 110.204719543, 27.1467819214, 515.086608887, 1112.08215332, 1236.36486816, 732.595336914, 465.554168701, 454.784820557, 471.2265625, 920.166625977, 834.343139648, 1010.98431396, 208.641052246, 161.379806519, 183.837142944, 287.800445557, 575.697814941, 1673.28063965, 1495.1385498, 1304.79919434, 2188.50439453, 5427.07666016, 13259.7548828, 5104.06933594, 3703.36279297, 2137.74951172, 2014.06567383, 756.503479004, 506.493164062, 387.340301514, 92.3472290039, 43.3729629517, 16.6099853516, 87.0295257568, 3.46264433861, 0.0838495418429, 0.000908058602363, 8.1737863411e-07], "max": [14.7426280975, 64.55834198, 58.6726646423, 38.1951332092, 157.786697388, 157.548965454, 245.138381958, 142.711624146, 189.700698853, 201.164337158, 260.912780762, 348.816986084, 303.133728027, 349.725341797, 229.658447266, 106.639556885, 205.033874512, 186.104919434, 223.852249146, 412.460693359, 290.698730469, 274.278778076, 409.049987793, 506.198425293, 744.206359863, 619.448425293, 429.310577393, 439.946350098, 653.325195312, 345.503570557, 218.837280273, 126.39666748, 98.8176651001, 84.2532119751, 67.6143493652, 68.7809829712, 26.7781734467, 6.32754993439, 0.467956542969, 0.0155823929235], "mean": [1.40838181973, 5.37233018875, 3.75075793266, 3.35281634331, 5.57711362839, 6.18541908264, 10.5173339844, 7.94457435608, 8.32728385925, 11.6113433838, 16.3429985046, 22.9522399902, 17.7793388367, 19.2050209045, 10.1448545456, 7.84022903442, 8.09571933746, 10.6112060547, 19.0522480011, 42.8487968445, 32.5148391724, 31.4786643982, 22.5980968475, 23.2654190063, 30.6169700623, 29.4090957642, 26.9226760864, 20.9520835876, 18.9491405487, 12.7544784546, 11.0440731049, 11.5136184692, 6.16064929962, 3.96783566475, 2.70803284645, 2.54713439941, 0.740343272686, 0.146508604288, 0.0185051243752, 0.000583404907957], "median": [0.384854644537, 1.86380779743, 1.69746053219, 1.47468316555, 1.9332447052, 2.29487156868, 4.233066082, 3.94205784798, 5.01479387283, 6.12352895737, 9.43088245392, 8.46905994415, 7.7349281311, 9.09916782379, 5.16020965576, 4.79206037521, 4.63012361526, 6.08524990082, 13.7585697174, 26.9072151184, 20.9965896606, 21.5284900665, 14.3420190811, 14.4234676361, 18.5095539093, 20.0154266357, 17.5874710083, 11.5123405457, 8.51010894775, 4.12693405151, 3.42585945129, 3.72956562042, 1.64752554893, 0.917216658592, 0.632286727428, 0.591056346893, 0.131049349904, 0.015887228772, 0.000971106579527, 0.00010572350584], "min": [7.30615656896e-22, 1.00690636092e-20, 1.3461015454e-20, 3.0463090944e-20, 7.82470660339e-20, 1.4156101462e-19, 4.79441482758e-19, 2.85773039706e-19, 7.74152648422e-19, 1.3484435716e-18, 3.40428249048e-19, 3.7600844082e-19, 9.82819090901e-19, 2.45378868734e-18, 3.7290278087e-18, 2.68481919845e-18, 5.29938718824e-18, 4.71761162469e-18, 7.11129323281e-18, 6.86424044003e-18, 7.41188818587e-18, 9.79360338567e-18, 1.41592773703e-17, 1.1603199942e-17, 1.26625941407e-17, 1.00929799017e-17, 1.37964097792e-17, 1.58657790981e-17, 1.43670436334e-17, 1.6746458444e-17, 1.75194504546e-17, 1.70433567269e-17, 1.42162535709e-17, 9.95523365018e-18, 8.21804765752e-18, 5.27517561171e-18, 3.06010194338e-18, 1.27399452474e-18, 2.72020981076e-19, 3.15815328363e-20], "var": [5.1906337738, 88.7350997925, 41.6938896179, 22.5577125549, 162.744522095, 251.318832397, 397.370666504, 203.149200439, 140.63053894, 304.669555664, 483.639648438, 1598.09240723, 997.171447754, 1091.94677734, 295.114685059, 97.5075454712, 135.437362671, 189.400909424, 386.837005615, 2406.04296875, 1323.58117676, 1110.80310059, 839.581359863, 1416.3092041, 2858.99926758, 1583.97363281, 1248.22167969, 876.251708984, 1008.01568604, 463.750061035, 368.485290527, 377.516784668, 104.644004822, 44.0132026672, 20.0059280396, 33.0096321106, 2.01477026939, 0.0656777918339, 0.00118176278193, 9.67647906691e-07]}, "gfcc": {"mean": [-6.78537416458, 52.4159164429, -102.526924133, 40.367816925, -44.0142478943, 5.02734470367, -26.4291934967, 17.3442554474, -14.4221363068, 11.3957128525, -21.1374645233, 4.79588699341, -3.64433431625], "cov": [[28011.0859375, -829.388549805, 1362.93249512, 1204.55603027, -206.296081543, 1606.79797363, 248.062362671, 868.411621094, -156.464401245, 422.876220703, -188.149276733, 236.560195923, -372.249389648], [-829.388549805, 3328.12182617, -1510.97412109, 168.859832764, 424.656616211, -947.917602539, 175.914749146, -436.596923828, 35.294708252, -123.414382935, 41.8899803162, -260.178466797, 301.705841064], [1362.93249512, -1510.97412109, 1855.64904785, 212.028549194, 66.7153549194, 973.806274414, -12.0125293732, 434.688690186, 16.3768749237, 119.956596375, 70.5015792847, 189.99798584, -176.026428223], [1204.55603027, 168.859832764, 212.028549194, 496.046264648, 131.438156128, 277.180847168, 126.544883728, 99.9692001343, 2.77897286415, 67.4018249512, 46.7908439636, 40.3712158203, -10.3397665024], [-206.296081543, 424.656616211, 66.7153549194, 131.438156128, 396.678009033, 67.8224716187, 141.606079102, 84.6323928833, 100.001525879, 21.5365886688, 51.8834609985, -42.2361793518, 61.7013931274], [1606.79797363, -947.917602539, 973.806274414, 277.180847168, 67.8224716187, 828.735229492, 101.324043274, 320.976379395, -3.84665155411, 132.247802734, 52.5757446289, 156.299026489, -140.607574463], [248.062362671, 175.914749146, -12.0125293732, 126.544883728, 141.606079102, 101.324043274, 271.596588135, 81.7212142944, 66.2931976318, 35.8488693237, 39.3755760193, 6.84237384796, -3.74089193344], [868.411621094, -436.596923828, 434.688690186, 99.9692001343, 84.6323928833, 320.976379395, 81.7212142944, 279.052185059, 71.1875228882, 70.0213928223, 33.1233673096, 63.431476593, -38.9945755005], [-156.464401245, 35.294708252, 16.3768749237, 2.77897286415, 100.001525879, -3.84665155411, 66.2931976318, 71.1875228882, 146.372161865, 36.6707687378, 16.6573066711, -11.5541324615, 29.4275245667], [422.876220703, -123.414382935, 119.956596375, 67.4018249512, 21.5365886688, 132.247802734, 35.8488693237, 70.0213928223, 36.6707687378, 115.635520935, 46.2719306946, 39.8823127747, -23.7997207642], [-188.149276733, 41.8899803162, 70.5015792847, 46.7908439636, 51.8834609985, 52.5757446289, 39.3755760193, 33.1233673096, 16.6573066711, 46.2719306946, 107.224487305, 44.0351905823, 30.7671909332], [236.560195923, -260.178466797, 189.99798584, 40.3712158203, -42.2361793518, 156.299026489, 6.84237384796, 63.431476593, -11.5541324615, 39.8823127747, 44.0351905823, 121.459861755, -3.51345324516], [-372.249389648, 301.705841064, -176.026428223, -10.3397665024, 61.7013931274, -140.607574463, -3.74089193344, -38.9945755005, 29.4275245667, -23.7997207642, 30.7671909332, -3.51345324516, 130.016998291]], "icov": [[5.17946064065e-05, -4.50801417173e-05, 4.43682074547e-06, -6.65883417241e-05, 0.000108689593617, -6.56064221403e-05, 2.41137257717e-07, -0.000196413515368, 0.000114286223834, -0.000177005160367, 0.000234842853388, 2.51965320786e-05, -4.09795466112e-05], [-4.50801417173e-05, 0.00101376627572, 0.000271645549219, -0.000601951905992, -0.00104118860327, 0.000814058934338, -0.000365833868273, 0.000788165663835, 0.000386327912565, 4.14857822761e-05, -0.000500887806993, 0.000423842750024, -0.000511144462507], [4.43682074547e-06, 0.000271645549219, 0.00191765034106, 8.96307938092e-06, -0.000479768466903, -0.00182959868107, 0.00115710624959, -0.000602472107857, -0.000553209451027, 0.0012393950019, -0.00110853509977, -3.00716765196e-05, 0.000694559072144], [-6.65883417241e-05, -0.000601951905992, 8.96307938092e-06, 0.00356601784006, -9.38033335842e-05, -0.00170237210114, -0.000597184058279, 8.63697350724e-05, 0.000534116465133, -0.00066950294422, -4.00036478823e-05, 5.76956190343e-05, -0.000518304586876], [0.000108689593617, -0.00104118860327, -0.000479768466903, -9.38033335842e-05, 0.00603455258533, -0.00163573329337, -0.0010988120921, -0.00137897511013, -0.00183948245831, 0.000308858550852, -0.000901334686205, 0.00331089645624, -0.00223203888163], [-6.56064221403e-05, 0.000814058934338, -0.00182959868107, -0.00170237210114, -0.00163573329337, 0.00704871164635, -0.00143616995774, -0.00155871547759, 0.00251822127029, -0.00222152867354, 0.0010239307303, -0.00279205478728, 0.0019066517707], [2.41137257717e-07, -0.000365833868273, 0.00115710624959, -0.000597184058279, -0.0010988120921, -0.00143616995774, 0.00638501159847, -0.00110318453517, -0.00238820980303, 0.00151666812599, -0.00180930818897, -0.000712536915671, 0.00241690757684], [-0.000196413515368, 0.000788165663835, -0.000602472107857, 8.63697350724e-05, -0.00137897511013, -0.00155871547759, -0.00110318453517, 0.0100383656099, -0.00379639165476, 0.000124935264466, -0.000595755584072, -0.000862901855726, -0.0002526192402], [0.000114286223834, 0.000386327912565, -0.000553209451027, 0.000534116465133, -0.00183948245831, 0.00251822127029, -0.00238820980303, -0.00379639165476, 0.0131277982146, -0.0057446048595, 0.00267452164553, 0.00159400876146, -0.00349946576171], [-0.000177005160367, 4.14857822761e-05, 0.0012393950019, -0.00066950294422, 0.000308858550852, -0.00222152867354, 0.00151666812599, 0.000124935264466, -0.0057446048595, 0.0167233590037, -0.00747998990119, -0.00165878690314, 0.00464041577652], [0.000234842853388, -0.000500887806993, -0.00110853509977, -4.00036478823e-05, -0.000901334686205, 0.0010239307303, -0.00180930818897, -0.000595755584072, 0.00267452164553, -0.00747998990119, 0.0175724029541, -0.00479516666383, -0.00462743453681], [2.51965320786e-05, 0.000423842750024, -3.00716765196e-05, 5.76956190343e-05, 0.00331089645624, -0.00279205478728, -0.000712536915671, -0.000862901855726, 0.00159400876146, -0.00165878690314, -0.00479516666383, 0.0166480299085, -0.00489735044539], [-4.09795466112e-05, -0.000511144462507, 0.000694559072144, -0.000518304586876, -0.00223203888163, 0.0019066517707, 0.00241690757684, -0.0002526192402, -0.00349946576171, 0.00464041577652, -0.00462743453681, -0.00489735044539, 0.0153783755377]]}, "melbands": {"dmean": [0.00619610305876, 0.00238658091985, 0.000386000174331, 0.000446570600616, 0.000284010835458, 0.000158938986715, 9.62765625445e-05, 7.15521455277e-05, 7.58947353461e-05, 6.8031687988e-05, 4.92038961966e-05, 4.35293222836e-05, 2.41130510403e-05, 1.18181988e-05, 1.20019976748e-05, 1.20038876048e-05, 1.26773611555e-05, 1.28460442284e-05, 3.2880827348e-05, 2.59714543063e-05, 2.07287630474e-05, 2.04018760996e-05, 1.36252656375e-05, 1.08167741928e-05, 1.50006035256e-05, 1.42200597111e-05, 1.97959998331e-05, 1.19554579214e-05, 1.09385528049e-05, 9.28917506826e-06, 7.10794665792e-06, 7.55803148422e-06, 4.92528943141e-06, 4.31841681348e-06, 3.87587078876e-06, 5.36783727512e-06, 3.95892357119e-06, 2.43122372012e-06, 2.07626271731e-06, 1.74686022092e-06], "dmean2": [0.0093811172992, 0.00370022351854, 0.000626268156338, 0.000776326458436, 0.000499662070069, 0.000277138286037, 0.000166339217685, 0.000114599351946, 0.000119729396829, 0.00010422217747, 8.14364757389e-05, 7.08211446181e-05, 3.92471047235e-05, 1.94104413822e-05, 2.00431768462e-05, 1.97730078071e-05, 2.17286178668e-05, 2.17215838347e-05, 5.38424428669e-05, 4.33588866144e-05, 3.4549877455e-05, 3.41900667991e-05, 2.33530663536e-05, 1.90674527403e-05, 2.73370296782e-05, 2.58386062342e-05, 3.58216821041e-05, 2.10424896068e-05, 1.9216320652e-05, 1.6484535081e-05, 1.22431956697e-05, 1.28459842017e-05, 8.15254861664e-06, 7.22839877199e-06, 6.37514085611e-06, 8.14591476228e-06, 6.08854725215e-06, 3.76795037482e-06, 3.11742587655e-06, 2.73571254183e-06], "dvar": [0.000132611952722, 2.55223058048e-05, 5.54666087282e-07, 1.71869271526e-06, 5.30775650986e-07, 1.42326584296e-07, 3.78845577131e-08, 1.99801242218e-08, 1.95346352427e-08, 1.81667569876e-08, 8.56357296186e-09, 6.48645759327e-09, 1.5573877743e-09, 4.12545941852e-10, 3.95219662552e-10, 6.71469713165e-10, 4.79561446109e-10, 4.16373407974e-10, 2.78848344415e-09, 1.90639615205e-09, 9.70305946701e-10, 8.03977606711e-10, 5.8936661107e-10, 4.58092425104e-10, 1.41199563153e-09, 1.55503110388e-09, 2.68654498647e-09, 6.64188815058e-10, 5.2605897416e-10, 4.50046111489e-10, 2.19191415018e-10, 2.74353900709e-10, 1.39822708967e-10, 9.84150261285e-11, 7.62498467144e-11, 1.07228712021e-10, 5.81743958561e-11, 2.26487405219e-11, 1.74007232234e-11, 1.39663263593e-11], "dvar2": [0.000282135180896, 5.75446501898e-05, 1.43315969581e-06, 4.67040490548e-06, 1.50858727466e-06, 3.96390817059e-07, 1.08377207653e-07, 5.05051787059e-08, 4.21093879766e-08, 3.83864922071e-08, 2.1199364042e-08, 1.53543027182e-08, 3.79462061773e-09, 1.01287245258e-09, 1.06502995312e-09, 1.78613801527e-09, 1.32426880572e-09, 1.1336136474e-09, 7.24871140889e-09, 5.06242958664e-09, 2.62225041681e-09, 2.17172479999e-09, 1.64633229272e-09, 1.30856459002e-09, 4.09829636894e-09, 4.52979609378e-09, 7.86885490101e-09, 1.8692831727e-09, 1.51089918354e-09, 1.29465804743e-09, 6.02867367139e-10, 7.55102369521e-10, 3.70456859633e-10, 2.66911076574e-10, 2.07999020785e-10, 2.25819446475e-10, 1.3396052323e-10, 5.65882722625e-11, 4.0729405959e-11, 3.44452140422e-11], "max": [0.0996768921614, 0.0479517765343, 0.00906789675355, 0.0105285029858, 0.00800033565611, 0.00324480608106, 0.002980601741, 0.00241458485834, 0.00281432131305, 0.00240332586691, 0.00150614790618, 0.0013147307327, 0.000677493109833, 0.000326563313138, 0.000289222080028, 0.000690431450494, 0.000320274062688, 0.000395837996621, 0.00112211331725, 0.000860046828166, 0.000430224958109, 0.000308456132188, 0.000378812401323, 0.000263210182311, 0.000460526818642, 0.000439127965365, 0.000561890541576, 0.00057818525238, 0.000296715443255, 0.000263618916506, 0.000235334577155, 0.000344390951796, 0.000238183187321, 0.000191403451026, 0.000146182996104, 0.000106319559563, 9.04839471332e-05, 6.34949828964e-05, 9.13561452762e-05, 8.5905281594e-05], "mean": [0.0105734821409, 0.00365446158685, 0.000641229271423, 0.000441724434495, 0.000335109361913, 0.000198315188754, 0.000129783613374, 0.000124773156131, 0.000146392849274, 0.000144803459989, 8.28832999105e-05, 7.29284802219e-05, 4.18708259531e-05, 1.99552305276e-05, 1.88672183867e-05, 1.88438898476e-05, 1.98393172468e-05, 2.14564315684e-05, 6.10308306932e-05, 5.2493523981e-05, 3.74018018192e-05, 3.81831523555e-05, 2.23889837798e-05, 1.6199575839e-05, 1.91186081793e-05, 1.74089582288e-05, 2.54253664025e-05, 1.87926980288e-05, 1.80174392881e-05, 1.41202863233e-05, 1.11609952e-05, 1.16168357636e-05, 7.67525943957e-06, 6.88171894581e-06, 5.92757896811e-06, 7.81786184234e-06, 6.55460735288e-06, 4.35038555224e-06, 3.74273440684e-06, 3.18522234011e-06], "median": [0.00344325019978, 0.00154504540842, 0.00028503240901, 0.000157888513058, 0.000136561866384, 0.0001022771321, 7.83157956903e-05, 6.3669962401e-05, 7.62661002227e-05, 4.92611070513e-05, 3.46583146893e-05, 3.37867822964e-05, 1.97735498659e-05, 1.01111554613e-05, 1.14010672405e-05, 8.35884657135e-06, 1.02032890936e-05, 1.36919397846e-05, 3.77413089154e-05, 2.73783225566e-05, 2.14631982089e-05, 2.39767432504e-05, 1.42359331221e-05, 1.00640399978e-05, 1.09878919829e-05, 8.99826318346e-06, 1.56331825565e-05, 1.25737115013e-05, 1.19826227092e-05, 7.61380351832e-06, 5.39719712833e-06, 5.24150527781e-06, 2.77421827377e-06, 1.95275742954e-06, 1.63076742865e-06, 2.37383505919e-06, 2.09194422496e-06, 1.15313423521e-06, 8.27350447707e-07, 7.31142904442e-07], "min": [1.03101335633e-23, 9.84714715376e-24, 6.37828515093e-24, 1.26166058669e-23, 1.4358079424e-23, 7.46446142044e-24, 1.30096566018e-23, 1.37526065912e-23, 2.03080249363e-24, 2.23867483634e-24, 5.1163735487e-24, 9.77309599173e-24, 1.1582404487e-23, 8.48554956552e-24, 9.8661137365e-24, 9.79113329632e-24, 8.48798793458e-24, 1.13258266887e-23, 8.44360188689e-24, 7.35811350408e-24, 8.84351255621e-24, 9.40800012074e-24, 1.10894058643e-23, 1.04487143363e-23, 9.18969312041e-24, 8.36748233156e-24, 9.83892406768e-24, 5.63474351585e-24, 7.57613888107e-24, 1.15604922976e-23, 7.52397782029e-24, 6.9237722117e-24, 1.10212190942e-23, 8.24526174493e-24, 9.47813222179e-24, 7.45670849546e-24, 1.07078519882e-23, 1.04351467176e-23, 8.8574335846e-24, 7.88313199095e-24], "var": [0.000283966801362, 3.67340435332e-05, 8.19402714569e-07, 1.23184133827e-06, 4.31345767993e-07, 1.13856557959e-07, 3.36847527649e-08, 3.91125070109e-08, 4.92919234318e-08, 6.91926658192e-08, 2.40170123789e-08, 1.57750594809e-08, 4.71831240745e-09, 8.72302230448e-10, 5.83310399982e-10, 1.16072407241e-09, 7.86504250616e-10, 6.31576457799e-10, 5.47944045692e-09, 4.57282700594e-09, 2.18074269753e-09, 1.87056592438e-09, 7.82804709942e-10, 4.44056236226e-10, 1.07455744303e-09, 1.01819086495e-09, 1.75872583164e-09, 7.1023170678e-10, 5.27488330793e-10, 4.23119983495e-10, 2.70234973287e-10, 3.59018592633e-10, 1.90796087263e-10, 1.5000516107e-10, 1.19907278551e-10, 1.91607174571e-10, 1.23051319134e-10, 5.33174164541e-11, 4.38038598449e-11, 2.89494955785e-11]}, "mfcc": {"mean": [-650.101806641, 88.4787597656, 1.52176749706, 38.0449638367, 5.69425058365, 3.41139507294, -0.948408186436, 4.10144948959, 13.9369153976, 9.8542175293, -4.39984798431, 1.88187658787, 3.24402666092], "cov": [[18486.0234375, -53.3469848633, 809.49407959, 539.917236328, 213.073532104, 646.95135498, 588.705932617, 602.458740234, 388.449401855, 386.154632568, 308.964233398, 294.921844482, 81.3446807861], [-53.3469848633, 2201.53564453, -1026.28259277, 565.446289062, -46.2512168884, -183.983154297, -64.807258606, -271.01272583, 89.7385864258, -88.3452224731, -158.682800293, -67.5474014282, 64.0692520142], [809.49407959, -1026.28259277, 1339.31665039, -253.250228882, 316.794891357, 326.890411377, 217.421340942, 330.390777588, -17.4154090881, 124.955917358, 161.149856567, 115.973602295, -29.5448169708], [539.917236328, 565.446289062, -253.250228882, 432.336151123, 20.2730674744, 62.9556274414, 69.7499694824, 1.56261491776, 78.2901916504, 10.6792879105, 10.9937534332, 28.015712738, 47.5591659546], [213.073532104, -46.2512168884, 316.794891357, 20.2730674744, 346.003387451, 112.006309509, 113.938102722, 110.591934204, 76.9261016846, 76.4605255127, 38.5157051086, 51.8043251038, 45.1872406006], [646.95135498, -183.983154297, 326.890411377, 62.9556274414, 112.006309509, 359.842315674, 195.149002075, 179.986984253, 27.8727722168, 80.2457122803, 117.542945862, 100.263870239, 3.31332159042], [588.705932617, -64.807258606, 217.421340942, 69.7499694824, 113.938102722, 195.149002075, 251.441650391, 162.804794312, 50.4672851562, 58.2608032227, 96.2973403931, 84.7078323364, 25.1665077209], [602.458740234, -271.01272583, 330.390777588, 1.56261491776, 110.591934204, 179.986984253, 162.804794312, 251.97253418, 82.8821716309, 82.6479568481, 99.2201385498, 90.5997924805, 23.9476718903], [388.449401855, 89.7385864258, -17.4154090881, 78.2901916504, 76.9261016846, 27.8727722168, 50.4672851562, 82.8821716309, 149.957702637, 77.0651397705, 32.8618583679, 32.9040298462, 41.9540252686], [386.154632568, -88.3452224731, 124.955917358, 10.6792879105, 76.4605255127, 80.2457122803, 58.2608032227, 82.6479568481, 77.0651397705, 128.939819336, 78.1424560547, 50.0652618408, 11.364440918], [308.964233398, -158.682800293, 161.149856567, 10.9937534332, 38.5157051086, 117.542945862, 96.2973403931, 99.2201385498, 32.8618583679, 78.1424560547, 132.907028198, 78.8472213745, 10.7675170898], [294.921844482, -67.5474014282, 115.973602295, 28.015712738, 51.8043251038, 100.263870239, 84.7078323364, 90.5997924805, 32.9040298462, 50.0652618408, 78.8472213745, 111.193984985, 41.3021850586], [81.3446807861, 64.0692520142, -29.5448169708, 47.5591659546, 45.1872406006, 3.31332159042, 25.1665077209, 23.9476718903, 41.9540252686, 11.364440918, 10.7675170898, 41.3021850586, 79.2024307251]], "icov": [[6.48960558465e-05, -3.83851283914e-06, -5.47398194612e-05, -7.92214705143e-05, 9.20248494367e-05, -1.80072602234e-05, -7.60120747145e-05, -1.8634225853e-05, -9.28144945647e-05, -0.000120631520986, 9.26529246499e-05, -4.11842884205e-05, 1.69962113432e-05], [-3.83851283914e-06, 0.00110685208347, 0.000558280793484, -0.00101295358036, -0.000457136455225, 9.57273878157e-05, -0.00040945285582, 0.000788440520409, -0.000372452574084, 0.000108849766548, 0.000779202498961, -0.00049004756147, 0.000404888589401], [-5.47398194612e-05, 0.000558280793484, 0.00235500698909, 0.000432622735389, -0.0018308191793, -0.000435764755821, 0.000209228863241, -0.00182924547698, 0.00177608057857, -0.000290754891466, -0.000285716581857, -4.33267377957e-05, 0.000935044896323], [-7.92214705143e-05, -0.00101295358036, 0.000432622735389, 0.00458510918543, 4.00556782552e-05, -0.00133612996433, -0.000434614368714, 0.000179885915713, -0.00131035770755, 0.000934329989832, -0.000962055055425, 0.000417227303842, -0.00110108603258], [9.20248494367e-05, -0.000457136455225, -0.0018308191793, 4.00556782552e-05, 0.00565375434235, -0.000351926864823, -0.00152789370622, 0.000999449752271, -0.00184886308853, -0.00198340113275, 0.00213964353316, 0.00031872317777, -0.00265248096548], [-1.80072602234e-05, 9.57273878157e-05, -0.000435764755821, -0.00133612996433, -0.000351926864823, 0.00671495404094, -0.00248133740388, -0.00180139928125, 0.0020758532919, -0.00131092255469, -0.000645434658509, -0.00195629475638, 0.00203022104688], [-7.60120747145e-05, -0.00040945285582, 0.000209228863241, -0.000434614368714, -0.00152789370622, -0.00248133740388, 0.0099664144218, -0.00398149294779, 0.000582188775297, 0.00207017525099, -0.00339789618738, -0.000133637018735, -0.000312953518005], [-1.8634225853e-05, 0.000788440520409, -0.00182924547698, 0.000179885915713, 0.000999449752271, -0.00180139928125, -0.00398149294779, 0.0137711362913, -0.00742130121216, 0.0015671873698, -5.51631092094e-05, -0.00335337826982, 0.000659828132484], [-9.28144945647e-05, -0.000372452574084, 0.00177608057857, -0.00131035770755, -0.00184886308853, 0.0020758532919, 0.000582188775297, -0.00742130121216, 0.0177761930972, -0.00944798905402, 0.00135241891257, 0.00294869765639, -0.00490915542468], [-0.000120631520986, 0.000108849766548, -0.000290754891466, 0.000934329989832, -0.00198340113275, -0.00131092255469, 0.00207017525099, 0.0015671873698, -0.00944798905402, 0.0197784043849, -0.00907819531858, -0.00125798780937, 0.00347803533077], [9.26529246499e-05, 0.000779202498961, -0.000285716581857, -0.000962055055425, 0.00213964353316, -0.000645434658509, -0.00339789618738, -5.51631092094e-05, 0.00135241891257, -0.00907819531858, 0.0215278957039, -0.00941515900195, 0.00221754983068], [-4.11842884205e-05, -0.00049004756147, -4.33267377957e-05, 0.000417227303842, 0.00031872317777, -0.00195629475638, -0.000133637018735, -0.00335337826982, 0.00294869765639, -0.00125798780937, -0.00941515900195, 0.0237915441394, -0.0113797746599], [1.69962113432e-05, 0.000404888589401, 0.000935044896323, -0.00110108603258, -0.00265248096548, 0.00203022104688, -0.000312953518005, 0.000659828132484, -0.00490915542468, 0.00347803533077, 0.00221754983068, -0.0113797746599, 0.0223533548415]]}, "spectral_contrast_coeffs": {"dmean": [0.0544459074736, 0.0471374392509, 0.0401065386832, 0.0361255779862, 0.0235011409968, 0.0261484030634], "dmean2": [0.0845713540912, 0.0766617655754, 0.0642259642482, 0.0571317449212, 0.0373531095684, 0.0395902208984], "dvar": [0.00255976710469, 0.00163535645697, 0.00122050486971, 0.00114395562559, 0.000425176607678, 0.000915769662242], "dvar2": [0.00587155250832, 0.0040910304524, 0.00303268176503, 0.00260491180234, 0.000964485574514, 0.00182656163815], "max": [-0.32422375679, -0.380764842033, -0.503031909466, -0.516788721085, -0.587654829025, -0.568868041039], "mean": [-0.693086922169, -0.743969142437, -0.766081511974, -0.750454008579, -0.778993844986, -0.74894040823], "median": [-0.704138278961, -0.744526445866, -0.770845890045, -0.754372239113, -0.779221773148, -0.758560657501], "min": [-0.959353804588, -0.976842105389, -0.980051934719, -0.971447885036, -0.959677696228, -0.9602689147], "var": [0.00871107634157, 0.00548682175577, 0.00491120293736, 0.0048926086165, 0.00229482515715, 0.00445449911058]}, "spectral_contrast_valleys": {"dmean": [0.431723684072, 0.500764369965, 0.462815374136, 0.415303319693, 0.384053975344, 0.4537152946], "dmean2": [0.649919629097, 0.756875634193, 0.685421288013, 0.611045658588, 0.564446866512, 0.588135659695], "dvar": [0.228519484401, 0.435955166817, 0.366679608822, 0.33972889185, 0.361803889275, 0.404415488243], "dvar2": [0.354219406843, 0.750375807285, 0.613424122334, 0.547155857086, 0.581855297089, 0.762606024742], "max": [-5.17670059204, -4.56215906143, -5.63729810715, -5.8033952713, -5.07639789581, -7.21034145355], "mean": [-7.55319356