{"lowlevel": {"average_loudness": 0.181093618274, "barkbands_crest": {"dmean": 2.10787320137, "dmean2": 3.33112931252, "dvar": 4.04393005371, "dvar2": 10.8408975601, "max": 26.541809082, "mean": 12.1785783768, "median": 11.4604492188, "min": 3.38049149513, "var": 20.9920120239}, "barkbands_flatness_db": {"dmean": 0.0176610630006, "dmean2": 0.0272188242525, "dvar": 0.000362706254236, "dvar2": 0.000895083707292, "max": 0.696948111057, "mean": 0.263602405787, "median": 0.244595631957, "min": 0.035475730896, "var": 0.00851005502045}, "barkbands_kurtosis": {"dmean": 3.38661956787, "dmean2": 5.36978387833, "dvar": 62.0691375732, "dvar2": 160.794326782, "max": 398.904602051, "mean": 7.36159992218, "median": 2.67277789116, "min": -1.66524028778, "var": 228.879440308}, "barkbands_skewness": {"dmean": 0.467770308256, "dmean2": 0.725133657455, "dvar": 0.258050322533, "dvar2": 0.657109022141, "max": 15.1689081192, "mean": 1.65256416798, "median": 1.3745367527, "min": -3.10235285759, "var": 2.12394785881}, "barkbands_spread": {"dmean": 1.88454151154, "dmean2": 2.93316984177, "dvar": 5.23900985718, "dvar2": 12.9050807953, "max": 102.9637146, "mean": 9.26390457153, "median": 8.4650592804, "min": 0.100976258516, "var": 38.8237609863}, "dissonance": {"dmean": 0.0302984099835, "dmean2": 0.0506673194468, "dvar": 0.000760392576922, "dvar2": 0.00212647509761, "max": 0.499746203423, "mean": 0.409003704786, "median": 0.421095341444, "min": 0.0945231318474, "var": 0.00316234212369}, "dynamic_complexity": 4.73325443268, "erbbands_crest": {"dmean": 2.57762026787, "dmean2": 3.99791955948, "dvar": 5.41678380966, "dvar2": 13.1227550507, "max": 32.9038314819, "mean": 12.6663246155, "median": 11.4986076355, "min": 2.8130171299, "var": 30.1809635162}, "erbbands_flatness_db": {"dmean": 0.013823912479, "dmean2": 0.0203047338873, "dvar": 0.00019889161922, "dvar2": 0.000415931805037, "max": 0.580078244209, "mean": 0.268882483244, "median": 0.256036639214, "min": 0.0334157384932, "var": 0.00442051840946}, "erbbands_kurtosis": {"dmean": 1.30986607075, "dmean2": 1.98498737812, "dvar": 4.98834562302, "dvar2": 11.2352828979, "max": 69.6971282959, "mean": 2.06880664825, "median": 0.331458687782, "min": -1.70351445675, "var": 32.3121528625}, "erbbands_skewness": {"dmean": 0.35190948844, "dmean2": 0.530969500542, "dvar": 0.101129174232, "dvar2": 0.240746974945, "max": 7.89762830734, "mean": 0.730940818787, "median": 0.5653642416, "min": -3.08695650101, "var": 1.01266813278}, "erbbands_spread": {"dmean": 3.76220369339, "dmean2": 5.74320459366, "dvar": 14.9850311279, "dvar2": 35.3424758911, "max": 121.066139221, "mean": 20.2993049622, "median": 19.9573554993, "min": 0.605530023575, "var": 107.412521362}, "hfc": {"dmean": 2.40236949921, "dmean2": 3.52847361565, "dvar": 30.511384964, "dvar2": 60.8668518066, "max": 310.65133667, "mean": 10.4153852463, "median": 5.95673084259, "min": 1.10782611991e-16, "var": 199.395462036}, "melbands_crest": {"dmean": 2.68551325798, "dmean2": 4.24466228485, "dvar": 7.11354351044, "dvar2": 19.2544078827, "max": 38.6340560913, "mean": 16.412311554, "median": 15.2524166107, "min": 1.65834629536, "var": 42.5546531677}, "melbands_flatness_db": {"dmean": 0.0189073570073, "dmean2": 0.0289864242077, "dvar": 0.0004519118811, "dvar2": 0.00110634265002, "max": 0.859794855118, "mean": 0.348230987787, "median": 0.326599568129, "min": 0.00337812141515, "var": 0.0123305814341}, "melbands_kurtosis": {"dmean": 5.46430635452, "dmean2": 8.55996990204, "dvar": 157.40612793, "dvar2": 387.692321777, "max": 483.699615479, "mean": 12.787481308, "median": 5.546854496, "min": -1.71573078632, "var": 602.649780273}, "melbands_skewness": {"dmean": 0.550944149494, "dmean2": 0.842580795288, "dvar": 0.351311475039, "dvar2": 0.879868268967, "max": 15.5413322449, "mean": 2.24761176109, "median": 1.9279024601, "min": -2.44402742386, "var": 2.90492153168}, "melbands_spread": {"dmean": 2.42192268372, "dmean2": 3.73295640945, "dvar": 10.0165605545, "dvar2": 23.2538433075, "max": 169.749145508, "mean": 11.2833957672, "median": 9.82342147827, "min": 0.0631415098906, "var": 76.6458053589}, "pitch_salience": {"dmean": 0.056608915329, "dmean2": 0.090539984405, "dvar": 0.00266560679302, "dvar2": 0.00723187299445, "max": 0.971548259258, "mean": 0.463047385216, "median": 0.470409274101, "min": 0.0409398935735, "var": 0.0131474109367}, "silence_rate_20dB": {"dmean": 0.00348407775164, "dmean2": 0.006968641188, "dvar": 0.00347182713449, "dvar2": 0.00873157288879, "max": 1, "mean": 0.994147181511, "median": 1, "min": 0, "var": 0.00581841217354}, "silence_rate_30dB": {"dmean": 0.0137969478965, "dmean2": 0.0275958180428, "dvar": 0.0136056393385, "dvar2": 0.0299016721547, "max": 1, "mean": 0.957357883453, "median": 1, "min": 0, "var": 0.040824200958}, "silence_rate_60dB": {"dmean": 0.0140756741166, "dmean2": 0.0281533095986, "dvar": 0.0138777736574, "dvar2": 0.0309852734208, "max": 1, "mean": 0.168269231915, "median": 0, "min": 0, "var": 0.139958038926}, "spectral_centroid": {"dmean": 86.4424743652, "dmean2": 133.750534058, "dvar": 18185.8339844, "dvar2": 34534.0976562, "max": 11655.3310547, "mean": 700.973999023, "median": 612.222900391, "min": 86.8525161743, "var": 209788.890625}, "spectral_complexity": {"dmean": 1.33119642735, "dmean2": 2.25909399986, "dvar": 1.59398162365, "dvar2": 4.20584487915, "max": 30, "mean": 10.1714048386, "median": 10, "min": 0, "var": 27.3120117188}, "spectral_decrease": {"dmean": 2.14184403546e-09, "dmean2": 3.35847327726e-09, "dvar": 3.46394487739e-17, "dvar2": 9.17756492581e-17, "max": 6.5348993031e-21, "mean": -7.67263852453e-09, "median": -4.48878978432e-09, "min": -1.54182657752e-07, "var": 1.57327568751e-16}, "spectral_energy": {"dmean": 0.00826729182154, "dmean2": 0.0129436124116, "dvar": 0.000503319257405, "dvar2": 0.00133019185159, "max": 0.58466142416, "mean": 0.0299029946327, "median": 0.017620081082, "min": 1.0186301113e-20, "var": 0.00229879654944}, "spectral_energyband_high": {"dmean": 1.42833705468e-05, "dmean2": 2.35211737163e-05, "dvar": 6.22270546202e-09, "dvar2": 1.44240983602e-08, "max": 0.00563792930916, "mean": 3.76635543944e-05, "median": 8.36274921312e-06, "min": 7.11909843799e-21, "var": 1.31830741879e-08}, "spectral_energyband_low": {"dmean": 0.00586334383115, "dmean2": 0.00964815542102, "dvar": 0.000453958666185, "dvar2": 0.00122959364671, "max": 0.57505428791, "mean": 0.0150188338012, "median": 0.00297497608699, "min": 2.13213751448e-23, "var": 0.00189270393457}, "spectral_energyband_middle_high": {"dmean": 0.0013038147008, "dmean2": 0.00191420642659, "dvar": 2.05127817026e-05, "dvar2": 3.71484311472e-05, "max": 0.286005109549, "mean": 0.00366292451508, "median": 0.00114220194519, "min": 1.36506692277e-21, "var": 7.55662622396e-05}, "spectral_energyband_middle_low": {"dmean": 0.00299142301083, "dmean2": 0.00419809063897, "dvar": 2.87452094199e-05, "dvar2": 6.14711607341e-05, "max": 0.217668935657, "mean": 0.0115704871714, "median": 0.00717363925651, "min": 1.69441617399e-22, "var": 0.000197930639843}, "spectral_entropy": {"dmean": 0.121603287756, "dmean2": 0.183379217982, "dvar": 0.0182953309268, "dvar2": 0.0414249636233, "max": 9.81375694275, "mean": 6.38320159912, "median": 6.58637523651, "min": 3.39591312408, "var": 0.461513161659}, "spectral_flux": {"dmean": 0.0151600604877, "dmean2": 0.0254214126617, "dvar": 0.000591998104937, "dvar2": 0.00151022372302, "max": 0.718738615513, "mean": 0.0540407784283, "median": 0.0445546358824, "min": 6.5841603003e-11, "var": 0.00202691112645}, "spectral_kurtosis": {"dmean": 9.76775932312, "dmean2": 16.9748916626, "dvar": 298.359100342, "dvar2": 855.864379883, "max": 597.487182617, "mean": 25.4517192841, "median": 12.6421346664, "min": -1.24469578266, "var": 1760.74682617}, "spectral_rms": {"dmean": 0.000589032308199, "dmean2": 0.00089630583534, "dvar": 8.65219760726e-07, "dvar2": 2.20896754399e-06, "max": 0.0238830763847, "mean": 0.00450702616945, "median": 0.00414612144232, "min": 3.15243642822e-12, "var": 8.86028647074e-06}, "spectral_rolloff": {"dmean": 150.414703369, "dmean2": 261.52130127, "dvar": 106664.117188, "dvar2": 227849.03125, "max": 21081.0058594, "mean": 728.884033203, "median": 581.396484375, "min": 43.06640625, "var": 598438.4375}, "spectral_skewness": {"dmean": 0.615427017212, "dmean2": 1.06568312645, "dvar": 0.43088966608, "dvar2": 1.21849250793, "max": 20.3875961304, "mean": 3.05079340935, "median": 2.3725528717, "min": -0.0919961929321, "var": 4.68309640884}, "spectral_spread": {"dmean": 241000.390625, "dmean2": 404600.21875, "dvar": 222584176640, "dvar2": 411875835904, "max": 41882600, "mean": 2148724.25, "median": 2129251.5, "min": 178682.75, "var": 1701665046530.0}, "spectral_strongpeak": {"dmean": 0.370225578547, "dmean2": 0.598833918571, "dvar": 0.493286341429, "dvar2": 1.12371182442, "max": 20.5989360809, "mean": 0.984857976437, "median": 0.513949394226, "min": 0, "var": 1.59391748905}, "zerocrossingrate": {"dmean": 0.00308932899497, "dmean2": 0.00398614443839, "dvar": 3.45410007867e-05, "dvar2": 6.00589846727e-05, "max": 0.5166015625, "mean": 0.0279429089278, "median": 0.02490234375, "min": 0.00146484375, "var": 0.000449361250503}, "barkbands": {"dmean": [0.000977064133622, 0.00454946234822, 0.0014637139393, 0.000538358872291, 0.000738108705264, 0.00103719672188, 0.000954314775299, 0.000836582446937, 0.000407748011639, 0.000549508898985, 0.000626665307209, 0.000263076944975, 0.000222299611778, 7.95476662461e-05, 0.000164398297784, 0.000105466177047, 0.000129001011373, 5.08571465616e-05, 3.56335985998e-05, 1.62411561178e-05, 5.63683579458e-06, 1.99933583644e-06, 8.32909336168e-07, 6.19207128238e-07, 1.18087427836e-06, 8.11641939436e-07, 7.29532189325e-07], "dmean2": [0.00145823764615, 0.00763026438653, 0.0024638005998, 0.000917919562198, 0.00109162402805, 0.00140213675331, 0.00130109931342, 0.00112782628275, 0.000580778636504, 0.000773985113483, 0.000919512298424, 0.000402421690524, 0.000334578217007, 0.000131360182422, 0.000276223174296, 0.000179571841727, 0.000220239075134, 8.68558272487e-05, 6.05969908065e-05, 2.79829419014e-05, 9.51686524786e-06, 3.34398646373e-06, 1.39171038427e-06, 9.61877731243e-07, 1.98569887289e-06, 1.19167418688e-06, 9.26939662804e-07], "dvar": [1.11101371658e-05, 0.000303996173898, 4.13877351093e-05, 4.80235621581e-06, 2.75773550129e-06, 5.76670572627e-06, 5.44736531083e-06, 5.69036410525e-06, 1.67005021012e-06, 3.69945018974e-06, 1.3868683709e-05, 7.80084462804e-07, 9.86874397313e-07, 8.65160956209e-08, 3.80394283184e-07, 1.18072122746e-07, 2.33523962834e-07, 2.4978803026e-08, 2.01914023279e-08, 2.59580179574e-09, 4.69782712731e-10, 5.36945592156e-11, 2.46782611707e-11, 1.64520758128e-11, 1.00503549927e-09, 5.45394729379e-10, 3.14184928074e-10], "dvar2": [2.06874410651e-05, 0.000882313353941, 0.000120676442748, 1.38523018904e-05, 6.70279314363e-06, 1.2118608538e-05, 9.18077785172e-06, 9.81785797194e-06, 3.25937003254e-06, 6.58863518765e-06, 2.43923277594e-05, 1.76375942829e-06, 1.93031723938e-06, 2.35506064428e-07, 1.08332562831e-06, 3.39307831609e-07, 6.37672258108e-07, 7.05856990635e-08, 5.60294708407e-08, 7.44376160711e-09, 1.27204358158e-09, 1.38213981926e-10, 6.13313011488e-11, 3.54049532747e-11, 2.68824140726e-09, 1.2021511564e-09, 6.07684347287e-10], "max": [0.155381053686, 0.422611117363, 0.324588984251, 0.0669986903667, 0.0531122423708, 0.168336197734, 0.0810023769736, 0.0997279584408, 0.0543718710542, 0.124361015856, 0.266746580601, 0.0349583625793, 0.0482096970081, 0.0134801901877, 0.0218485612422, 0.00804972462356, 0.024156762287, 0.0057938429527, 0.00701876590028, 0.00165662856307, 0.000893557909876, 0.00027997881989, 0.000393362279283, 0.000217026085011, 0.00204921420664, 0.00188391504344, 0.00155544269364], "mean": [0.00224324432202, 0.00975279416889, 0.00282254186459, 0.000980489887297, 0.00244283676147, 0.00307656778023, 0.0022069811821, 0.00169497763272, 0.000786922464613, 0.00104729621671, 0.00114413141273, 0.000423717923695, 0.000363742321497, 0.000122664438095, 0.00022730632918, 0.000165188772371, 0.000192096311366, 8.7410568085e-05, 6.57753553241e-05, 3.3005788282e-05, 1.21171224237e-05, 4.32318074672e-06, 1.87869636648e-06, 1.40218560318e-06, 1.45653962136e-06, 1.05018614249e-06, 1.04572802684e-06], "median": [8.44619571581e-05, 0.0012126644142, 0.000539129134268, 0.000248736410867, 0.000989335821941, 0.000982152298093, 0.00046563136857, 0.000256160157733, 0.000157019094331, 0.000173325854121, 0.000128246872919, 7.80033151386e-05, 4.01246943511e-05, 2.55916747847e-05, 4.21786025981e-05, 3.32958697982e-05, 3.67677894246e-05, 2.03082436201e-05, 1.34973561217e-05, 7.68676727603e-06, 2.89313265966e-06, 7.10760900802e-07, 2.47007648113e-07, 1.05479237789e-07, 5.23711563005e-08, 3.45845165839e-08, 3.87871379459e-09], "min": [4.3399483454e-25, 9.57354573714e-24, 3.85609804399e-24, 6.31320136523e-24, 1.33868638542e-23, 2.08756655779e-23, 7.63616488507e-24, 1.23229760607e-23, 2.25957215615e-23, 2.96960061339e-23, 1.98868931198e-23, 3.90240843897e-23, 4.5786496681e-23, 4.1777991499e-23, 5.32556526127e-23, 6.13978899122e-23, 1.13965460178e-22, 1.16891111773e-22, 1.62336391402e-22, 1.90607689498e-22, 2.93153308911e-22, 3.16854350819e-22, 5.47801723815e-22, 7.80006477985e-22, 8.85419701452e-22, 1.46319142488e-21, 2.00044038597e-21], "var": [0.000112307199743, 0.000957650772762, 7.11257598596e-05, 5.77325272388e-06, 1.68114602275e-05, 4.20105970989e-05, 2.28796616284e-05, 1.98662455659e-05, 5.27380689164e-06, 1.3138439499e-05, 3.54500189133e-05, 1.61016100719e-06, 2.59168314187e-06, 1.5689788313e-07, 5.06116123233e-07, 2.10256160926e-07, 3.66446528233e-07, 5.38647455528e-08, 4.21305834664e-08, 6.70590161178e-09, 1.32590771695e-09, 1.46252052136e-10, 4.91732869701e-11, 4.61039539879e-11, 7.7422646072e-10, 6.00050231725e-10, 6.63288479696e-10]}, "erbbands": {"dmean": [0.206432834268, 0.783672273159, 1.64219975471, 1.64808988571, 1.71290385723, 2.71391797066, 5.56017255783, 9.67972183228, 13.5852508545, 16.4688720703, 12.8628320694, 10.8465194702, 12.0765132904, 18.2650299072, 24.3025760651, 13.4988040924, 11.087928772, 4.89689779282, 6.61518526077, 7.10668897629, 6.46078252792, 4.92012405396, 2.89118361473, 2.56586670876, 1.19524538517, 0.809673011303, 0.364782750607, 0.125719621778, 0.0802093744278, 0.0367297939956, 0.022617502138, 0.0158623121679, 0.00953604374081, 0.0173947606236, 0.00673996703699, 0.00492947921157, 0.00102271826472, 0.000351126189344, 0.000105140934465, 2.11716924241e-05], "dmean2": [0.345334559679, 1.31747770309, 2.73647856712, 2.85786414146, 2.72398090363, 4.04874324799, 7.59216833115, 13.1043195724, 17.8755207062, 22.7639656067, 17.3884334564, 15.4767990112, 16.7863254547, 26.2852325439, 35.5968284607, 20.2999992371, 16.5760612488, 8.00277042389, 11.0086097717, 12.0483341217, 11.0717515945, 8.38245582581, 4.95354413986, 4.31120538712, 2.02224349976, 1.39263892174, 0.613858819008, 0.211488366127, 0.134619399905, 0.0615549199283, 0.037812512368, 0.0251996740699, 0.0149323912337, 0.0295693147928, 0.01079770457, 0.00750206271186, 0.00151284539606, 0.000543252390344, 0.000137136143167, 2.95890204143e-05], "dvar": [0.782466411591, 8.50925731659, 46.5357017517, 50.592716217, 28.3651981354, 44.216632843, 148.154541016, 633.87878418, 1128.33374023, 2064.92797852, 1450.61291504, 1230.33117676, 1928.08557129, 5480.31933594, 28519.5234375, 2090.82592773, 2393.01855469, 277.503875732, 1038.21875, 500.125366211, 454.889984131, 257.513092041, 87.2877655029, 104.67048645, 11.8611021042, 6.19504976273, 1.63066494465, 0.171707481146, 0.097733952105, 0.0177065636963, 0.0277403891087, 0.0142218647525, 0.00530291022733, 0.23444826901, 0.0295643396676, 0.022273208946, 0.00065264099976, 8.71353768161e-05, 5.78555591346e-06, 1.28268666799e-07], "dvar2": [2.24073529243, 24.7102603912, 135.753952026, 144.045211792, 78.321472168, 108.093536377, 265.287017822, 1322.19567871, 1851.34729004, 3817.88525391, 2528.56640625, 2486.70629883, 3417.96899414, 10760.5361328, 48957.0507812, 4540.69775391, 4540.63720703, 753.13470459, 2994.83618164, 1431.87731934, 1258.70935059, 703.369995117, 249.284240723, 278.236724854, 33.3670768738, 17.8145160675, 4.40282011032, 0.468336582184, 0.245649322867, 0.0437701381743, 0.0708012282848, 0.0305191799998, 0.012082205154, 0.630535006523, 0.076151356101, 0.0506160594523, 0.00146281463094, 0.000211655555177, 1.1392579836e-05, 2.6381590601e-07], "max": [27.3645515442, 84.5478897095, 355.177825928, 210.875045776, 163.894577026, 223.87020874, 932.229614258, 2105.36865234, 1253.86791992, 1979.38256836, 1766.00695801, 1579.59765625, 2077.60522461, 4742.46972656, 12994.3007812, 1807.39611816, 2459.55810547, 726.746887207, 1345.78466797, 604.529174805, 763.174987793, 663.243286133, 309.444030762, 555.041320801, 121.10269928, 80.0897216797, 55.9999923706, 16.8556976318, 16.4870319366, 6.01183176041, 13.2690486908, 6.14685487747, 4.27870559692, 29.9452495575, 12.0901403427, 11.9660463333, 1.92077481747, 0.719406306744, 0.198723971844, 0.0303022805601], "mean": [0.424294114113, 1.60837626457, 3.43656182289, 3.23866558075, 4.57441520691, 8.66132450104, 16.3551692963, 28.0968742371, 34.5952148438, 35.4147987366, 28.0392684937, 21.7080879211, 24.5114459991, 35.6787338257, 45.0299758911, 22.9238758087, 18.9464073181, 8.10664558411, 9.85148239136, 10.8375043869, 10.6172094345, 8.24415874481, 5.2829079628, 4.50395488739, 2.4341006279, 1.67637896538, 0.803983151913, 0.298580884933, 0.173214912415, 0.0887388661504, 0.0497729480267, 0.0329382121563, 0.0212402641773, 0.0192393343896, 0.00954229105264, 0.00598703976721, 0.00142501341179, 0.000480829476146, 0.000165835939697, 4.99378584209e-05], "median": [0.0188916772604, 0.307937264442, 0.812083244324, 0.9542491436, 1.56908917427, 2.95292377472, 6.35178279877, 7.67873382568, 7.54638814926, 6.36591386795, 6.37691545486, 5.2766327858, 5.01902866364, 6.46635532379, 6.07037734985, 4.76398181915, 2.86384820938, 2.20908021927, 2.15857172012, 2.49838924408, 2.52693223953, 1.9106991291, 1.26881885529, 0.93274128437, 0.578432679176, 0.371285676956, 0.196735203266, 0.0686806291342, 0.0300456136465, 0.013040535152, 0.00669490126893, 0.00300609134138, 0.00139376276638, 0.000686620653141, 0.000361388199963, 0.000147434358951, 7.51794868847e-05, 1.59972751135e-05, 1.04679020296e-05, 2.02946121135e-05], "min": [1.84699714541e-22, 2.5370889545e-21, 5.71807783524e-21, 1.23877744587e-20, 2.92322203432e-20, 4.35499283399e-20, 8.46604041182e-20, 2.39262715964e-19, 1.50372892137e-19, 1.97708612883e-19, 6.68766374564e-19, 6.1724119081e-19, 8.77834258134e-19, 7.34817470259e-19, 1.06845637594e-18, 1.61453537374e-18, 1.85527181537e-18, 2.3048779791e-18, 2.62628603715e-18, 2.8137743812e-18, 4.02956403194e-18, 6.62737727163e-18, 7.96307006088e-18, 8.16060492706e-18, 9.53508628319e-18, 9.63828781795e-18, 1.02168932118e-17, 1.19470035015e-17, 1.03922488842e-17, 1.51693310726e-17, 1.45762922043e-17, 1.44020995478e-17, 1.38397598335e-17, 9.02724867228e-18, 7.39909004744e-18, 4.84396801275e-18, 2.74703910374e-18, 9.90633052557e-19, 2.76504816984e-19, 3.03522002743e-20], "var": [3.42875266075, 16.3458347321, 84.7631378174, 59.9642295837, 81.7514877319, 254.921005249, 1016.02716064, 4982.13916016, 5612.84179688, 7243.72119141, 5480.10400391, 3584.95874023, 7039.86572266, 17734.8789062, 66144.4765625, 4376.76318359, 6471.54638672, 504.421112061, 1340.76879883, 822.739135742, 771.422302246, 468.399017334, 183.191574097, 209.669326782, 30.1921291351, 17.7081184387, 4.54831457138, 0.603698551655, 0.257225841284, 0.0625451356173, 0.043313447386, 0.0309961587191, 0.0151821095496, 0.169206887484, 0.0267525333911, 0.023380337283, 0.000707638857421, 9.76986266323e-05, 1.29844229377e-05, 2.18669114815e-07]}, "gfcc": {"mean": [-125.868797302, 175.463104248, -132.250442505, 5.31077098846, -40.6202087402, -16.852273941, -23.6849765778, -3.90977525711, -14.8840351105, -5.41002321243, -3.33633971214, -2.25631761551, -0.0672615468502], "cov": [[13227.4970703, -1055.58947754, -1191.10021973, 1235.59204102, 143.442321777, 700.685974121, 421.196166992, 902.784729004, 49.4231033325, 319.480316162, -176.111694336, 290.896362305, -226.328445435], [-1055.58947754, 1660.28930664, 930.556335449, 21.6932964325, 569.445495605, 78.8047866821, 371.114440918, -121.681617737, 151.925765991, -142.225250244, 62.0528450012, -178.473510742, 29.7761917114], [-1191.10021973, 930.556335449, 1917.52404785, 255.856887817, 538.434570312, 357.974090576, 323.465301514, 82.0043411255, 196.963104248, -2.225263834, 5.51435804367, -74.9173812866, -54.3019943237], [1235.59204102, 21.6932964325, 255.856887817, 755.543579102, 309.599334717, 282.520721436, 238.709182739, 192.789764404, 110.231910706, 12.9641561508, -16.5770225525, -27.1292114258, -15.4701900482], [143.442321777, 569.445495605, 538.434570312, 309.599334717, 581.325744629, 259.530303955, 326.528198242, 78.3162612915, 78.4091491699, -11.3655204773, -19.979227066, -51.3684501648, -51.2754669189], [700.685974121, 78.8047866821, 357.974090576, 282.520721436, 259.530303955, 349.615539551, 222.904693604, 182.661605835, 80.3195419312, 35.1421432495, -11.7563037872, 12.7330560684, -55.8958396912], [421.196166992, 371.114440918, 323.465301514, 238.709182739, 326.528198242, 222.904693604, 361.401153564, 153.726623535, 98.8263397217, 8.01199531555, 9.10538673401, -12.4751930237, -30.5179195404], [902.784729004, -121.681617737, 82.0043411255, 192.789764404, 78.3162612915, 182.661605835, 153.726623535, 290.903015137, 141.384918213, 81.6083908081, 15.7126379013, 33.7608184814, -41.9513397217], [49.4231033325, 151.925765991, 196.963104248, 110.231910706, 78.4091491699, 80.3195419312, 98.8263397217, 141.384918213, 216.504882812, 72.5797958374, 68.4172897339, -20.0181064606, 3.71520423889], [319.480316162, -142.225250244, -2.225263834, 12.9641561508, -11.3655204773, 35.1421432495, 8.01199531555, 81.6083908081, 72.5797958374, 133.866989136, 34.3705215454, 34.6698265076, -22.1689872742], [-176.111694336, 62.0528450012, 5.51435804367, -16.5770225525, -19.979227066, -11.7563037872, 9.10538673401, 15.7126379013, 68.4172897339, 34.3705215454, 119.023750305, 26.5846786499, 28.6001739502], [290.896362305, -178.473510742, -74.9173812866, -27.1292114258, -51.3684501648, 12.7330560684, -12.4751930237, 33.7608184814, -20.0181064606, 34.6698265076, 26.5846786499, 121.060974121, 28.7433414459], [-226.328445435, 29.7761917114, -54.3019943237, -15.4701900482, -51.2754669189, -55.8958396912, -30.5179195404, -41.9513397217, 3.71520423889, -22.1689872742, 28.6001739502, 28.7433414459, 111.901123047]], "icov": [[0.000164054654306, -0.000265601207502, 0.000198180947336, -0.000316382473102, 0.000208964396734, -0.000197889676201, 0.000155362140504, -0.000459925009636, 0.000339363847161, -0.000418802490458, 0.000356860517059, -0.000441901036538, 0.000249832635745], [-0.000265601207502, 0.00307647744194, -0.000912482035346, 0.00147067836951, -0.00201728753746, 0.0012502130121, -0.00235143606551, 0.00236418261193, -0.00232404959388, 0.00282506202348, -0.00185953476466, 0.00254761148244, -0.00119242351502], [0.000198180947336, -0.000912482035346, 0.0012276150519, -0.000429680512752, 0.000153631190187, -0.00124954129569, 0.000686231302097, -0.00019902929489, -0.000254993647104, -0.000692021334544, 0.000954788643867, -0.00103912735358, 0.000632986484561], [-0.000316382473102, 0.00147067836951, -0.000429680512752, 0.00320849521086, -0.00178051355761, -0.000524790666532, -0.000899184669834, 0.000543587782886, -0.00135227106512, 0.00175301311538, -0.000923414889257, 0.00236389692873, -0.00189463060815], [0.000208964396734, -0.00201728753746, 0.000153631190187, -0.00178051355761, 0.00641496991739, -0.00211410247721, -0.00213118176907, 0.00079661043128, 0.000981814344414, -0.00210870802402, 0.00195085711312, -0.00136466545518, 0.00179028254934], [-0.000197889676201, 0.0012502130121, -0.00124954129569, -0.000524790666532, -0.00211410247721, 0.00873491819948, -0.00215996429324, -0.00213230936788, 0.000253725884249, 0.00109298806638, -0.000633453892078, -0.000401309662266, 0.00106725434307], [0.000155362140504, -0.00235143606551, 0.000686231302097, -0.000899184669834, -0.00213118176907, -0.00215996429324, 0.00977056846023, -0.00472847884521, 0.00164191285148, -0.000560660264455, 0.000134966059704, -0.00161329086404, 0.000199425034225], [-0.000459925009636, 0.00236418261193, -0.00019902929489, 0.000543587782886, 0.00079661043128, -0.00213230936788, -0.00472847884521, 0.0135856568813, -0.00901492405683, 0.00162647361867, 0.00124439329375, -0.00190394103993, 0.0023153393995], [0.000339363847161, -0.00232404959388, -0.000254993647104, -0.00135227106512, 0.000981814344414, 0.000253725884249, 0.00164191285148, -0.00901492405683, 0.0161826051772, -0.00712710013613, -0.0047449208796, 0.00492816790938, -0.00336351781152], [-0.000418802490458, 0.00282506202348, -0.000692021334544, 0.00175301311538, -0.00210870802402, 0.00109298806638, -0.000560660264455, 0.00162647361867, -0.00712710013613, 0.0154741527513, -0.00284307496622, -0.00206013582647, 0.00290236948058], [0.000356860517059, -0.00185953476466, 0.000954788643867, -0.000923414889257, 0.00195085711312, -0.000633453892078, 0.000134966059704, 0.00124439329375, -0.0047449208796, -0.00284307496622, 0.0146753136069, -0.00584128079936, -2.29912366194e-05], [-0.000441901036538, 0.00254761148244, -0.00103912735358, 0.00236389692873, -0.00136466545518, -0.000401309662266, -0.00161329086404, -0.00190394103993, 0.00492816790938, -0.00206013582647, -0.00584128079936, 0.0171953849494, -0.00722435722128], [0.000249832635745, -0.00119242351502, 0.000632986484561, -0.00189463060815, 0.00179028254934, 0.00106725434307, 0.000199425034225, 0.0023153393995, -0.00336351781152, 0.00290236948058, -2.29912366194e-05, -0.00722435722128, 0.0146283693612]]}, "melbands": {"dmean": [0.00148145051207, 0.000859769235831, 0.00028023624327, 0.000141686163261, 0.000183639931493, 0.000211750491871, 0.000205422242288, 0.000184379212442, 9.68763197307e-05, 6.69504297548e-05, 6.05145214649e-05, 7.37700247555e-05, 8.0601501395e-05, 4.31008047599e-05, 2.88776900561e-05, 1.88539779629e-05, 8.95002449397e-06, 1.00822953755e-05, 9.45850206335e-06, 1.02207732198e-05, 8.18068019726e-06, 6.3336688072e-06, 4.12839153796e-06, 2.08593883144e-06, 2.28036310546e-06, 1.23367271954e-06, 6.05526793152e-07, 5.69019618979e-07, 2.73848826282e-07, 1.74342360992e-07, 7.35141156838e-08, 5.8370982714e-08, 2.69846314183e-08, 2.13657500581e-08, 1.50022305689e-08, 1.22029888416e-08, 9.99169191829e-09, 6.84751988445e-09, 6.6383623043e-09, 1.9755725944e-08], "dmean2": [0.00247643655166, 0.00142343749758, 0.000477712455904, 0.000218724570004, 0.000252460042248, 0.000286678987322, 0.000271811761195, 0.000254029058851, 0.000131944369059, 9.60157412919e-05, 8.43574671308e-05, 0.000106328508991, 0.000117315932584, 6.5052350692e-05, 4.33671593782e-05, 2.87581824523e-05, 1.48338795043e-05, 1.67138459801e-05, 1.59623268701e-05, 1.74572687683e-05, 1.40401789395e-05, 1.08000158434e-05, 7.09387995812e-06, 3.51865969606e-06, 3.84229224437e-06, 2.10072653317e-06, 1.03755098735e-06, 9.81624907581e-07, 4.67118695724e-07, 2.94521612432e-07, 1.25475068558e-07, 9.85591981362e-08, 4.54471837941e-08, 3.62104870533e-08, 2.53638212655e-08, 2.01141112655e-08, 1.59876734074e-08, 1.09346123267e-08, 1.12359623827e-08, 3.37958603325e-08], "dvar": [3.57384888048e-05, 9.75689727056e-06, 1.33608159558e-06, 1.34384833927e-07, 1.44759951581e-07, 2.69083471949e-07, 2.5399967285e-07, 2.78377200402e-07, 8.37035898371e-08, 5.03821695474e-08, 4.85379842985e-08, 9.42936466686e-08, 2.4858942993e-07, 3.78172870796e-08, 9.89201254242e-09, 6.64399202321e-09, 1.27592181265e-09, 2.33079688883e-09, 1.28799648724e-09, 9.8285823924e-10, 9.66945523651e-10, 5.11849673757e-10, 2.4627269668e-10, 3.60639955399e-11, 9.08118510945e-11, 1.99428789455e-11, 4.5396451355e-12, 2.94662232982e-12, 6.61520371901e-13, 6.01024601182e-13, 8.21585231488e-14, 5.93158131662e-14, 8.97311806564e-15, 7.50629078209e-15, 9.69619959952e-15, 7.48341919845e-15, 5.69674634478e-15, 2.4429012534e-15, 4.2318774014e-15, 3.50553760282e-13], "dvar2": [0.000101922691101, 2.75258062175e-05, 3.78967183678e-06, 3.58775679388e-07, 2.69393325425e-07, 5.65864411328e-07, 4.12751205658e-07, 5.03658839079e-07, 1.49263328808e-07, 1.01878462999e-07, 8.58655795355e-08, 1.81491486728e-07, 4.25991629527e-07, 7.00000128973e-08, 2.00154257612e-08, 1.44072700436e-08, 3.49027895474e-09, 6.70337252373e-09, 3.60251428688e-09, 2.87557067047e-09, 2.6513813367e-09, 1.3786884967e-09, 7.04194980106e-10, 9.77088548959e-11, 2.41700437442e-10, 5.65595140167e-11, 1.28984808945e-11, 8.48223661448e-12, 1.86029208531e-12, 1.62228900018e-12, 2.25913526167e-13, 1.51560540377e-13, 2.40739807917e-14, 1.93685315047e-14, 2.54576294398e-14, 1.68442106915e-14, 1.29638672098e-14, 5.61586486271e-15, 1.14199455285e-14, 9.41405915895e-13], "max": [0.174808636308, 0.133376017213, 0.0340724922717, 0.0106710977852, 0.0259848721325, 0.0406923480332, 0.0185098592192, 0.0242716502398, 0.0126401232556, 0.0106600793079, 0.0103151425719, 0.0208992734551, 0.0366205833852, 0.013209939003, 0.00428698398173, 0.0031970848795, 0.00166551722214, 0.00204112916254, 0.0011063705897, 0.000819266482722, 0.00139450968709, 0.00109621987212, 0.000504679046571, 0.000188433594303, 0.000509568606503, 0.00022239581449, 9.95386872091e-05, 4.66952260467e-05, 2.6530435207e-05, 2.98393733829e-05, 1.09654010885e-05, 1.19340984384e-05, 3.6432302295e-06, 3.1930219393e-06, 6.90081469656e-06, 6.64329127176e-06, 4.16125521951e-06, 3.19506943924e-06, 3.46897672898e-06, 3.66026943084e-05], "mean": [0.00323498155922, 0.0019301007269, 0.000614375865553, 0.000451230473118, 0.00057018280495, 0.000621645594947, 0.000511956342962, 0.000388314423617, 0.000208606827073, 0.000127438499476, 0.000119230957353, 0.000140088872286, 0.000151922256919, 7.170761819e-05, 4.76454770251e-05, 3.02938206005e-05, 1.36621220008e-05, 1.44041850945e-05, 1.33711246235e-05, 1.5247896954e-05, 1.24472353491e-05, 9.70720429905e-06, 6.45384898235e-06, 3.62009041055e-06, 3.66054132428e-06, 2.14946180677e-06, 1.18772652513e-06, 1.08160668333e-06, 5.3918984122e-07, 3.18379022701e-07, 1.40156672046e-07, 1.13024107407e-07, 5.5658947673e-08, 4.50017729747e-08, 2.94338722284e-08, 2.24688694317e-08, 1.88613853425e-08, 1.42582576856e-08, 1.27469821365e-08, 1.87693700582e-08], "median": [0.000283168017631, 0.000493949628435, 0.00019937028992, 0.000165223449585, 0.000229689176194, 0.000176082292455, 0.000105425839138, 6.48251007078e-05, 4.7342851758e-05, 2.74160483968e-05, 2.11801070691e-05, 2.12500599446e-05, 1.73637308762e-05, 1.24654479805e-05, 8.25463212095e-06, 3.72103704649e-06, 2.78356264971e-06, 2.91165065391e-06, 2.6124625947e-06, 3.1922618291e-06, 2.48041033046e-06, 1.96603286895e-06, 1.24159657844e-06, 8.88261354248e-07, 6.67846393299e-07, 4.11919188537e-07, 3.07128345867e-07, 2.16444789203e-07, 1.34965489451e-07, 6.58806271758e-08, 2.81925043311e-08, 1.7720468648e-08, 9.30686194778e-09, 5.80526471339e-09, 3.98925870115e-09, 2.56400012333e-09, 1.43474276904e-09, 9.44505917921e-10, 7.19444170905e-10, 4.85450124543e-10], "min": [2.31427433511e-24, 2.94106652837e-24, 3.21520239825e-24, 2.38463895292e-24, 3.68619318222e-24, 4.8159974041e-24, 2.64509143876e-24, 2.16675142938e-24, 6.53412067845e-24, 3.38430794671e-24, 4.13111309935e-24, 2.40035720367e-24, 2.91791563017e-24, 4.55319904314e-24, 3.27055933177e-24, 4.57348381246e-24, 3.8705464259e-24, 3.03350307988e-24, 4.53912339801e-24, 3.87666325336e-24, 4.40524423607e-24, 6.69623317219e-24, 5.06502738124e-24, 6.21773815165e-24, 6.1365694921e-24, 5.54087380129e-24, 5.67160580266e-24, 6.23612137175e-24, 5.83383268124e-24, 5.62365252595e-24, 7.10668144549e-24, 5.79272356174e-24, 5.33403328865e-24, 7.81150973164e-24, 6.97557986279e-24, 6.08272460772e-24, 9.74489105892e-24, 8.7578422619e-24, 8.87544249021e-24, 6.6011415121e-24], "var": [0.00014674020349, 1.99526493816e-05, 1.76595324319e-06, 5.58148940399e-07, 1.09883626465e-06, 2.09130394069e-06, 1.22662095237e-06, 9.71502004177e-07, 3.12991318197e-07, 1.41275847909e-07, 1.77999680773e-07, 3.08529081394e-07, 6.66268249461e-07, 8.53505568443e-08, 2.44015190276e-08, 1.50922598863e-08, 2.24206275767e-09, 3.01446068107e-09, 1.7424868215e-09, 1.71471459254e-09, 1.52165235967e-09, 8.50806480823e-10, 4.20529222556e-10, 7.83674861116e-11, 1.74513986595e-10, 3.79333855993e-11, 1.07909696803e-11, 7.73386389652e-12, 1.57533914299e-12, 1.2710488044e-12, 1.96813932881e-13, 1.4240220331e-13, 2.28679278476e-14, 2.15812593897e-14, 1.49895066926e-14, 1.26173841476e-14, 1.1826130014e-14, 7.20863154596e-15, 6.8622611391e-15, 2.46631328641e-13]}, "mfcc": {"mean": [-760.717651367, 196.607650757, -20.862739563, 23.6166343689, -1.79524612427, -6.5431470871, -1.99780154228, -1.79128754139, -3.04433584213, -4.53898429871, -5.8620800972, 1.8916387558, 4.54925441742], "cov": [[8701.94042969, 504.151245117, -1586.23193359, 959.418762207, -194.555755615, 177.513015747, 277.121795654, 544.637573242, 440.582458496, 310.322113037, 85.7498931885, 227.45866394, 273.487915039], [504.151245117, 1457.78234863, 383.177429199, 249.170333862, 295.996704102, 266.863128662, 305.047454834, 224.029037476, 192.848373413, 132.739562988, 111.10244751, 57.7659606934, 7.4873290062], [-1586.23193359, 383.177429199, 1479.00378418, 117.498710632, 385.231872559, 296.657714844, 161.352416992, 147.730834961, 94.7608413696, 103.359100342, 130.900268555, 25.3050899506, -59.8848190308], [959.418762207, 249.170333862, 117.498710632, 573.781921387, 231.809646606, 247.659820557, 219.424636841, 212.110305786, 200.173461914, 138.748443604, 73.4016265869, 63.2792625427, 42.9050445557], [-194.555755615, 295.996704102, 385.231872559, 231.809646606, 363.915802002, 260.98248291, 180.526611328, 151.769439697, 121.817466736, 95.0075378418, 76.5952911377, 35.7462158203, 0.591727375984], [177.513015747, 266.863128662, 296.657714844, 247.659820557, 260.98248291, 343.008056641, 233.980529785, 171.676620483, 129.974075317, 90.2082672119, 66.7801132202, 30.6421146393, 2.6625084877], [277.121795654, 305.047454834, 161.352416992, 219.424636841, 180.526611328, 233.980529785, 299.827423096, 214.48046875, 142.859176636, 81.7837371826, 60.4880485535, 38.8539505005, 23.7786960602], [544.637573242, 224.029037476, 147.730834961, 212.110305786, 151.769439697, 171.676620483, 214.48046875, 305.082183838, 182.833602905, 113.594650269, 85.7955551147, 72.4436569214, 58.1301689148], [440.582458496, 192.848373413, 94.7608413696, 200.173461914, 121.817466736, 129.974075317, 142.859176636, 182.833602905, 213.646179199, 127.4764328, 80.0245819092, 57.3023262024, 43.8545951843], [310.322113037, 132.739562988, 103.359100342, 138.748443604, 95.0075378418, 90.2082672119, 81.7837371826, 113.594650269, 127.4764328, 167.827850342, 109.841407776, 63.9019126892, 35.9317016602], [85.7498931885, 111.10244751, 130.900268555, 73.4016265869, 76.5952911377, 66.7801132202, 60.4880485535, 85.7955551147, 80.0245819092, 109.841407776, 158.08833313, 86.5103302002, 34.4685630798], [227.45866394, 57.7659606934, 25.3050899506, 63.2792625427, 35.7462158203, 30.6421146393, 38.8539505005, 72.4436569214, 57.3023262024, 63.9019126892, 86.5103302002, 120.877113342, 66.4392471313], [273.487915039, 7.4873290062, -59.8848190308, 42.9050445557, 0.591727375984, 2.6625084877, 23.7786960602, 58.1301689148, 43.8545951843, 35.9317016602, 34.4685630798, 66.4392471313, 115.626365662]], "icov": [[0.000279376952676, -0.000140835531056, 0.000321020575939, -0.000445561774541, 0.000522512244061, -0.000402866746299, 0.000448601553217, -0.000543083995581, 8.92003736226e-05, -0.000274771009572, 0.000171303370735, -0.000161398376804, -3.9480823034e-05], [-0.000140835531056, 0.00101257394999, -0.00024123469484, 0.000276536477031, -0.000665769504849, 0.000465803663246, -0.00110763066914, 0.000494159641676, -0.000377971067792, 8.18253465695e-05, -0.000182432602742, -1.36041662699e-05, 0.000192154257093], [0.000321020575939, -0.00024123469484, 0.0014261828037, -0.000207112985663, -0.000364189501852, -0.000888891343493, 0.000900311279111, -0.000935012940317, 0.000289449177217, -0.000267156487098, -0.00041870563291, -4.89497761009e-05, 0.000505251053255], [-0.000445561774541, 0.000276536477031, -0.000207112985663, 0.0040559838526, -0.00177131290548, -0.000377515621949, -0.00112746853847, 0.000775537453592, -0.00156574056018, -0.000546679017134, 0.000730102532543, -0.000371392990928, 4.2884152208e-05], [0.000522512244061, -0.000665769504849, -0.000364189501852, -0.00177131290548, 0.00856387242675, -0.00476664816961, 0.00137479451951, -0.00126698019449, 7.19174058759e-05, -0.000815509411041, 3.77116266463e-05, -0.000364449224435, 0.000120372184028], [-0.000402866746299, 0.000465803663246, -0.000888891343493, -0.000377515621949, -0.00476664816961, 0.0108365891501, -0.00596166728064, 0.00144366954919, -0.0001321399468, 1.83649099199e-05, -0.000379005185096, 0.000567347684409, 0.000708925013896], [0.000448601553217, -0.00110763066914, 0.000900311279111, -0.00112746853847, 0.00137479451951, -0.00596166728064, 0.0122089283541, -0.00584068708122, -0.000224617047934, 0.000924454187043, -0.000121903503896, 0.000461665273178, 2.01061193366e-05], [-0.000543083995581, 0.000494159641676, -0.000935012940317, 0.000775537453592, -0.00126698019449, 0.00144366954919, -0.00584068708122, 0.0111971404403, -0.00509624555707, 0.000634999887552, -0.000456136098364, -0.00100345374085, -0.00152624491602], [8.92003736226e-05, -0.000377971067792, 0.000289449177217, -0.00156574056018, 7.19174058759e-05, -0.0001321399468, -0.000224617047934, -0.00509624555707, 0.0144364777952, -0.00667909579352, 0.000860885425936, 0.000375793519197, -0.000717076996807], [-0.000274771009572, 8.18253465695e-05, -0.000267156487098, -0.000546679017134, -0.000815509411041, 1.83649099199e-05, 0.000924454187043, 0.000634999887552, -0.00667909579352, 0.017058013007, -0.00866111554205, 0.00104690319858, -0.000583814864513], [0.000171303370735, -0.000182432602742, -0.00041870563291, 0.000730102532543, 3.77116266463e-05, -0.000379005185096, -0.000121903503896, -0.000456136098364, 0.000860885425936, -0.00866111554205, 0.0169965010136, -0.00920972414315, 0.00197199941613], [-0.000161398376804, -1.36041662699e-05, -4.89497761009e-05, -0.000371392990928, -0.000364449224435, 0.000567347684409, 0.000461665273178, -0.00100345374085, 0.000375793519197, 0.00104690319858, -0.00920972414315, 0.0194708872586, -0.00801701750606], [-3.9480823034e-05, 0.000192154257093, 0.000505251053255, 4.2884152208e-05, 0.000120372184028, 0.000708925013896, 2.01061193366e-05, -0.00152624491602, -0.000717076996807, -0.000583814864513, 0.00197199941613, -0.00801701750606, 0.0141936223954]]}, "spectral_contrast_coeffs": {"dmean": [0.0391036197543, 0.0390087887645, 0.0337738506496, 0.0276018455625, 0.0193026214838, 0.0141575485468], "dmean2": [0.0649581700563, 0.0610763281584, 0.053176023066, 0.0450809933245, 0.0322721861303, 0.0238966289908], "dvar": [0.00111651408952, 0.000989900552668, 0.000737288210075, 0.000490208505653, 0.000242548936512, 0.000153521308675], "dvar2": [0.00311504956335, 0.002445936203, 0.00183440244291, 0.00130867259577, 0.000664928287733, 0.000430075160693], "max": [-0.245164602995, -0.292952537537, -0.324602663517, -0.471801072359, -0.538609743118, -0.609002768993], "mean": [-0.615322291851, -0.635090887547, -0.693178832531, -0.724916517735, -0.759653627872, -0.752849042416], "median": [-0.631838917732, -0.637184023857, -0.699323654175, -0.729771614075, -0.763075709343, -0.743383526802], "min": [-0.975464165211, -0.989339113235, -0.97769677639, -0.966013252735, -0.961977720261, -0.964843928814], "var": [0.0129818888381, 0.00825745519251, 0.00661072460935, 0.00476534524933, 0.00333070592023, 0.00239718100056]}, "spectral_contrast_valleys": {"dmean": [0.349193066359, 0.294046938419, 0.243150606751, 0.199768066406, 0.152951732278, 0.18005502224], "dmean2": [0.590498447418, 0.485568881035, 0.399820297956, 0.333582192659, 0.250450313091, 0.288921624422], "dvar": [0.104387521744, 0.067155234515