{"lowlevel": {"average_loudness": 0.959536314011, "barkbands_crest": {"dmean": 1.87978851795, "dmean2": 2.95318627357, "dvar": 4.77603960037, "dvar2": 11.0702581406, "max": 25.9562587738, "mean": 13.7179746628, "median": 12.4247646332, "min": 3.32630252838, "var": 28.2935199738}, "barkbands_flatness_db": {"dmean": 0.027024064213, "dmean2": 0.040907420218, "dvar": 0.00113836245146, "dvar2": 0.00236965855584, "max": 0.494723469019, "mean": 0.338452070951, "median": 0.337425529957, "min": 0.0379149354994, "var": 0.00455243978649}, "barkbands_kurtosis": {"dmean": 3.61591124535, "dmean2": 5.66345405579, "dvar": 128.380432129, "dvar2": 295.48526001, "max": 251.161636353, "mean": 6.8719329834, "median": 3.13717198372, "min": -1.03143215179, "var": 209.650314331}, "barkbands_skewness": {"dmean": 0.435852766037, "dmean2": 0.662077903748, "dvar": 0.388388484716, "dvar2": 0.876754403114, "max": 11.4428367615, "mean": 1.43634152412, "median": 1.24866104126, "min": -1.11482775211, "var": 1.08758604527}, "barkbands_spread": {"dmean": 0.89099663496, "dmean2": 1.37871432304, "dvar": 1.9623901844, "dvar2": 3.98037672043, "max": 40.7747459412, "mean": 4.33193540573, "median": 4.26630592346, "min": 0.281794279814, "var": 5.76471996307}, "dissonance": {"dmean": 0.0420564822853, "dmean2": 0.0698652565479, "dvar": 0.00141578807961, "dvar2": 0.00362604530528, "max": 0.496688485146, "mean": 0.369147032499, "median": 0.376174330711, "min": 0.13446393609, "var": 0.00419616140425}, "dynamic_complexity": 2.621104002, "erbbands_crest": {"dmean": 2.06375336647, "dmean2": 3.2435836792, "dvar": 5.07969713211, "dvar2": 11.9415693283, "max": 29.9116687775, "mean": 13.5696983337, "median": 12.6302337646, "min": 3.275349617, "var": 26.1700839996}, "erbbands_flatness_db": {"dmean": 0.0237688552588, "dmean2": 0.0349487327039, "dvar": 0.000902308966033, "dvar2": 0.00187277514488, "max": 0.443694531918, "mean": 0.338581115007, "median": 0.348078489304, "min": 0.104219302535, "var": 0.00313708255999}, "erbbands_kurtosis": {"dmean": 1.10171687603, "dmean2": 1.73405134678, "dvar": 5.41840457916, "dvar2": 13.0414953232, "max": 39.5125274658, "mean": 1.60189139843, "median": 0.284631848335, "min": -1.42915785313, "var": 22.1314582825}, "erbbands_skewness": {"dmean": 0.301217317581, "dmean2": 0.442231535912, "dvar": 0.127175778151, "dvar2": 0.281183063984, "max": 5.457716465, "mean": 0.850940048695, "median": 0.627151250839, "min": -0.507287919521, "var": 0.847315132618}, "erbbands_spread": {"dmean": 2.16556334496, "dmean2": 3.26155138016, "dvar": 9.64804172516, "dvar2": 21.6799488068, "max": 35.95287323, "mean": 12.4616069794, "median": 11.3646087646, "min": 2.18926811218, "var": 29.0786705017}, "hfc": {"dmean": 2.02893781662, "dmean2": 2.93719005585, "dvar": 7.34093761444, "dvar2": 16.1199951172, "max": 32.0902481079, "mean": 9.51926326752, "median": 8.71202278137, "min": 7.10305925189e-10, "var": 35.5532913208}, "melbands_crest": {"dmean": 2.47402334213, "dmean2": 4.04047012329, "dvar": 7.72320508957, "dvar2": 19.9513301849, "max": 31.5744876862, "mean": 16.7263469696, "median": 15.334944725, "min": 3.06252765656, "var": 33.8064422607}, "melbands_flatness_db": {"dmean": 0.0320729985833, "dmean2": 0.0471450164914, "dvar": 0.00160828372464, "dvar2": 0.0032225002069, "max": 0.606821358204, "mean": 0.449924051762, "median": 0.453852117062, "min": 0.0152727607638, "var": 0.00648549105972}, "melbands_kurtosis": {"dmean": 3.78783988953, "dmean2": 5.76569843292, "dvar": 68.2077178955, "dvar2": 150.844467163, "max": 158.082321167, "mean": 8.2135591507, "median": 4.66771125793, "min": -0.826565027237, "var": 146.190536499}, "melbands_skewness": {"dmean": 0.430997222662, "dmean2": 0.641405761242, "dvar": 0.281744152308, "dvar2": 0.639007925987, "max": 7.36982488632, "mean": 1.80442988873, "median": 1.64006757736, "min": -0.368511021137, "var": 1.02299463749}, "melbands_spread": {"dmean": 1.19964432716, "dmean2": 1.81000173092, "dvar": 5.04973363876, "dvar2": 7.76317071915, "max": 99.3362960815, "mean": 5.92793512344, "median": 5.72174596786, "min": 0.46459621191, "var": 13.1673307419}, "pitch_salience": {"dmean": 0.0519817508757, "dmean2": 0.0826156288385, "dvar": 0.00361585151404, "dvar2": 0.00926118157804, "max": 0.84631896019, "mean": 0.504491984844, "median": 0.519380927086, "min": 0.131790652871, "var": 0.0131200440228}, "silence_rate_20dB": {"dmean": 0, "dmean2": 0, "dvar": 0, "dvar2": 0, "max": 1, "mean": 1, "median": 1, "min": 1, "var": 0}, "silence_rate_30dB": {"dmean": 0, "dmean2": 0, "dvar": 0, "dvar2": 0, "max": 1, "mean": 1, "median": 1, "min": 1, "var": 0}, "silence_rate_60dB": {"dmean": 0.00362450163811, "dmean2": 0.00652646832168, "dvar": 0.00361145962961, "dvar2": 0.00938440766186, "max": 1, "mean": 0.00217391294427, "median": 0, "min": 0, "var": 0.00216921465471}, "spectral_centroid": {"dmean": 36.8814277649, "dmean2": 56.648601532, "dvar": 4490.11083984, "dvar2": 9126.01855469, "max": 2407.1809082, "mean": 373.929016113, "median": 356.27520752, "min": 217.058319092, "var": 11278.4453125}, "spectral_complexity": {"dmean": 1.35121417046, "dmean2": 2.1591732502, "dvar": 2.28946876526, "dvar2": 4.47470664978, "max": 27, "mean": 9.8057975769, "median": 9, "min": 0, "var": 10.2484941483}, "spectral_decrease": {"dmean": 1.70709479885e-09, "dmean2": 2.53491250213e-09, "dvar": 5.59653776123e-18, "dvar2": 1.2978454712e-17, "max": -2.16196719152e-21, "mean": -7.51309592317e-09, "median": -6.93331436707e-09, "min": -3.04578584576e-08, "var": 2.11083803373e-17}, "spectral_energy": {"dmean": 0.00661529460922, "dmean2": 0.00980967562646, "dvar": 8.34664169815e-05, "dvar2": 0.000193291081814, "max": 0.117228135467, "mean": 0.029219513759, "median": 0.0270961951464, "min": 7.25866036114e-14, "var": 0.000317192723742}, "spectral_energyband_high": {"dmean": 7.22652703189e-06, "dmean2": 1.14542235679e-05, "dvar": 5.67162039555e-10, "dvar2": 1.416732065e-09, "max": 0.000368435663404, "mean": 6.86930525262e-06, "median": 4.33782872733e-07, "min": 3.97383914782e-14, "var": 5.68314340033e-10}, "spectral_energyband_low": {"dmean": 0.00135302287526, "dmean2": 0.00210680463351, "dvar": 3.98619749831e-06, "dvar2": 9.44102157519e-06, "max": 0.0241297036409, "mean": 0.00409451778978, "median": 0.00242059631273, "min": 1.12058499043e-15, "var": 1.63786608027e-05}, "spectral_energyband_middle_high": {"dmean": 0.000469173450256, "dmean2": 0.00067004741868, "dvar": 6.2160933112e-07, "dvar2": 1.35485220198e-06, "max": 0.0100030554458, "mean": 0.00150155485608, "median": 0.000909755297471, "min": 1.98835072078e-14, "var": 2.29831221077e-06}, "spectral_energyband_middle_low": {"dmean": 0.00615566922352, "dmean2": 0.00927811302245, "dvar": 8.23355876491e-05, "dvar2": 0.000192765350221, "max": 0.115145474672, "mean": 0.0245618652552, "median": 0.0211280006915, "min": 2.22701034283e-15, "var": 0.000296565383906}, "spectral_entropy": {"dmean": 0.230322703719, "dmean2": 0.347419470549, "dvar": 0.101476177573, "dvar2": 0.225836321712, "max": 8.3755273819, "mean": 5.58590888977, "median": 5.54159069061, "min": 4.18518733978, "var": 0.318034231663}, "spectral_flux": {"dmean": 0.0192656237632, "dmean2": 0.0304902754724, "dvar": 0.000641106744297, "dvar2": 0.00150605663657, "max": 0.264324069023, "mean": 0.0498242489994, "median": 0.0401930660009, "min": 7.23540651961e-05, "var": 0.00130166928284}, "spectral_kurtosis": {"dmean": 33.6842765808, "dmean2": 55.9944725037, "dvar": 1095.76953125, "dvar2": 2717.51098633, "max": 275.885894775, "mean": 84.8777313232, "median": 74.8764953613, "min": 2.85637712479, "var": 3371.47387695}, "spectral_rms": {"dmean": 0.000588981434703, "dmean2": 0.000853512319736, "dvar": 5.30920544861e-07, "dvar2": 1.09773031909e-06, "max": 0.0106943398714, "mean": 0.00507781840861, "median": 0.00514152832329, "min": 8.41523561945e-09, "var": 2.72265401691e-06}, "spectral_rolloff": {"dmean": 72.4742355347, "dmean2": 120.016906738, "dvar": 132451.953125, "dvar2": 137875.203125, "max": 19401.4160156, "mean": 482.562988281, "median": 409.130859375, "min": 193.798828125, "var": 166836.625}, "spectral_skewness": {"dmean": 1.65198516846, "dmean2": 2.74950146675, "dvar": 2.14439487457, "dvar2": 5.1275677681, "max": 13.5279846191, "mean": 6.43030738831, "median": 6.24573850632, "min": 1.23694312572, "var": 7.1204867363}, "spectral_spread": {"dmean": 381010.5, "dmean2": 602861.1875, "dvar": 202719428608, "dvar2": 420934352896, "max": 13765820, "mean": 1179370.5, "median": 1002349.375, "min": 309215.84375, "var": 480069287936}, "spectral_strongpeak": {"dmean": 0.282538801432, "dmean2": 0.46030819416, "dvar": 0.153556808829, "dvar2": 0.385575711727, "max": 4.78436756134, "mean": 1.10048019886, "median": 0.963129997253, "min": 0, "var": 0.520385324955}, "zerocrossingrate": {"dmean": 0.00190374825615, "dmean2": 0.00245379912667, "dvar": 6.63836326567e-05, "dvar2": 6.94513728376e-05, "max": 0.48779296875, "mean": 0.0177380554378, "median": 0.0166015625, "min": 0.00830078125, "var": 0.000109159031126}, "barkbands": {"dmean": [0.000106580991996, 0.000386440253351, 0.000778532761615, 0.00095297844382, 0.00472109811381, 0.00158924655989, 0.000133747758809, 0.000723141420167, 0.000540193170309, 0.000198458234081, 0.000177245587111, 0.000141511744005, 3.14431053994e-05, 2.4454706363e-05, 3.46323722624e-05, 1.49183188114e-05, 8.76632475411e-06, 5.39350185136e-06, 5.75663534619e-06, 3.50558570972e-06, 3.35000413543e-06, 1.5857242488e-06, 8.26988639346e-07, 2.93950847663e-07, 1.07328226306e-07, 4.49301431615e-08, 5.86803849956e-09], "dmean2": [0.000189975777175, 0.000693208770826, 0.00118158000987, 0.00149385526311, 0.00724633410573, 0.00237052561715, 0.000181257491931, 0.00104110036045, 0.000738684553653, 0.000265770737315, 0.000261795445113, 0.000220449597691, 4.80361413793e-05, 3.44641593983e-05, 4.99008929182e-05, 2.16161042772e-05, 1.3178520021e-05, 8.07571268524e-06, 9.03049749468e-06, 5.14444400324e-06, 5.23792141394e-06, 2.58440536527e-06, 1.42228998357e-06, 5.18509523317e-07, 1.89837592757e-07, 8.2086934583e-08, 1.05197903721e-08], "dvar": [2.50938096968e-08, 6.37361438294e-07, 1.57143051638e-06, 3.6204639855e-06, 7.86764212535e-05, 8.03004422778e-06, 8.68441460966e-08, 1.8503631054e-06, 1.42297869843e-06, 1.62146790217e-07, 1.46956523395e-07, 8.29587207818e-08, 4.08789624373e-09, 3.10358561073e-09, 7.98068544583e-09, 2.6195816627e-09, 5.22578258444e-10, 2.46416387295e-10, 7.49522388599e-10, 1.29281696459e-10, 1.29106419999e-10, 2.74087644941e-11, 2.26630710726e-11, 1.52193665656e-12, 1.83665189719e-13, 4.84556005617e-14, 7.25297001498e-16], "dvar2": [7.44677208786e-08, 1.85318879176e-06, 3.478135568e-06, 9.44280691328e-06, 0.000187237732462, 2.25323929044e-05, 1.58496618496e-07, 4.32528713645e-06, 3.23344602293e-06, 3.06487379476e-07, 3.65489228216e-07, 1.92083746242e-07, 9.06877062334e-09, 6.41333208762e-09, 1.62141660098e-08, 6.01540905976e-09, 1.24980448213e-09, 5.84888915078e-10, 1.99020755431e-09, 2.8983343503e-10, 3.09561321021e-10, 7.08216055245e-11, 6.22355569857e-11, 4.29743523753e-12, 5.17959319098e-13, 1.39746097723e-13, 1.99790529478e-15], "max": [0.0016664173454, 0.0100187156349, 0.0215927641839, 0.0237110480666, 0.109082713723, 0.0480688363314, 0.0065259267576, 0.0231832955033, 0.0220335554332, 0.00806993804872, 0.00586300902069, 0.00422284286469, 0.0011116877431, 0.00100148736965, 0.00189947674517, 0.00110190478154, 0.000341131322784, 0.000242264199187, 0.00052041769959, 0.000196650391445, 0.000171478153788, 5.66800736124e-05, 9.0320041636e-05, 2.1394011128e-05, 6.47978822599e-06, 4.98040435559e-06, 5.07716208631e-07], "mean": [0.00013105061953, 0.000809196266346, 0.00223141140305, 0.00208393018693, 0.0138414129615, 0.00500265462324, 0.000349959766027, 0.00157863856293, 0.0016256411327, 0.000577527855057, 0.00043197904597, 0.000297386577586, 6.65635452606e-05, 4.93415791425e-05, 7.94772422523e-05, 2.62662761088e-05, 1.31525603138e-05, 6.84641054249e-06, 7.14102134225e-06, 4.4286780394e-06, 3.24354004988e-06, 1.35306663651e-06, 6.18395517904e-07, 2.25977530022e-07, 8.82019506321e-08, 3.58669005607e-08, 5.12700371047e-09], "median": [7.81325361459e-05, 0.000691630062647, 0.000792269012891, 0.000849061936606, 0.00767054082826, 0.00258174492046, 0.000110735651106, 0.00074883288471, 0.000456760521047, 0.000242633221205, 0.0002208428632, 0.000135136026074, 2.10612633964e-05, 1.735175465e-05, 1.50734376803e-05, 4.25267171522e-06, 2.30335217566e-06, 6.56193833493e-07, 5.00290866512e-07, 2.33451004306e-07, 1.52573335299e-07, 7.22836119849e-08, 2.73858802302e-08, 1.63740239145e-08, 1.05819912832e-08, 5.81094727892e-09, 1.77384229527e-09], "min": [1.03499474633e-15, 5.9062056283e-16, 3.55633499611e-17, 1.50312779371e-17, 3.08770614329e-16, 3.14897627152e-16, 5.59910271596e-16, 7.18128879303e-16, 2.96587686509e-16, 1.45564740156e-15, 1.62519597491e-15, 7.47653059712e-16, 1.86650401488e-15, 5.64485202423e-16, 2.66010612382e-15, 2.12351117525e-15, 1.21401357154e-15, 3.30801306012e-15, 2.69619269199e-15, 3.46951323228e-15, 3.88530624774e-15, 4.56091031438e-15, 2.94334144765e-15, 3.4096970361e-15, 3.17543165157e-15, 5.00711498902e-15, 1.68492132681e-14], "var": [2.57008156979e-08, 5.00246869706e-07, 1.13601945486e-05, 8.32410023577e-06, 0.000250630575465, 3.70411034964e-05, 4.21441342269e-07, 4.51757932751e-06, 9.12357245397e-06, 8.60801378622e-07, 3.45213180708e-07, 2.01632332164e-07, 1.35896049969e-08, 8.33640712017e-09, 3.24661328932e-08, 5.11975217776e-09, 8.6849205605e-10, 3.5720951197e-10, 7.45919714884e-10, 2.05388164809e-10, 1.46362408304e-10, 2.35763127771e-11, 1.5162775549e-11, 9.63352878372e-13, 1.20608858729e-13, 2.86047668028e-14, 4.39293706349e-16]}, "erbbands": {"dmean": [0.0122166285291, 0.0936756059527, 0.647209465504, 2.10516643524, 10.5398740768, 18.9824428558, 13.5427055359, 11.2265310287, 3.47282767296, 3.00926089287, 20.3986301422, 11.2526350021, 7.29857540131, 7.25567579269, 6.61712217331, 4.41831827164, 1.59701895714, 1.15235328674, 1.83862316608, 1.08736145496, 0.705340147018, 0.498114526272, 0.33197465539, 0.283143907785, 0.243025153875, 0.156010836363, 0.111447110772, 0.146220624447, 0.0598575919867, 0.0457468852401, 0.0139138279483, 0.00790633168072, 0.00395763712004, 0.00163748080377, 0.000544235284906, 0.000238986569457, 7.60090042604e-05, 1.11948893391e-05, 3.57582916877e-06, 7.30429792384e-06], "dmean2": [0.0210384074599, 0.167749240994, 1.01525485516, 3.16108965874, 16.1341953278, 29.5641860962, 19.9857673645, 16.6728992462, 5.01497364044, 4.18766450882, 29.4855384827, 15.6290254593, 9.18884372711, 9.68677425385, 10.3740472794, 6.89649868011, 2.47113084793, 1.61812603474, 2.68935775757, 1.57030522823, 1.00454485416, 0.74053311348, 0.494317501783, 0.434082299471, 0.360067665577, 0.231542378664, 0.180529147387, 0.227857410908, 0.0985902249813, 0.0784644037485, 0.0237387027591, 0.0137968817726, 0.0070050903596, 0.00290695019066, 0.000956034462433, 0.000429734500358, 0.000140643489431, 2.06244276342e-05, 5.45225293536e-06, 1.08136619019e-05], "dvar": [0.00038743740879, 0.0403387397528, 1.08407962322, 12.9550065994, 452.771026611, 1374.94396973, 721.638061523, 388.555908203, 47.3162498474, 22.4137191772, 1720.59472656, 676.452270508, 268.310424805, 183.879318237, 231.688522339, 69.5432510376, 9.41156482697, 8.75534534454, 22.0758743286, 8.44814682007, 6.50120067596, 1.5342195034, 0.960601329803, 1.36775565147, 0.91391825676, 0.25541973114, 0.138884186745, 0.250690102577, 0.0399923399091, 0.0646877139807, 0.00367816863582, 0.000929063360672, 0.000316057848977, 4.64127406303e-05, 4.24644031227e-06, 1.07587072762e-06, 1.57315980687e-07, 3.61179730568e-09, 3.82023440659e-11, 1.00842174888e-10], "dvar2": [0.00115544779692, 0.116189584136, 2.51859140396, 31.7276668549, 978.044494629, 3439.16381836, 2034.56848145, 932.570007324, 98.7137451172, 47.2123908997, 4170.22900391, 1538.5032959, 435.474395752, 354.337738037, 622.448181152, 167.669555664, 21.3061237335, 18.3857479095, 46.4750595093, 18.854719162, 14.1292095184, 3.5349111557, 2.18642997742, 3.56858348846, 2.28094577789, 0.564029335976, 0.350838452578, 0.605200648308, 0.104995928705, 0.177855044603, 0.0100368624553, 0.00258026225492, 0.000894956756383, 0.000130243744934, 1.19711703519e-05, 3.07979621539e-06, 4.54004776884e-07, 1.0492136937e-08, 9.96813950827e-11, 2.3303586838e-10], "max": [0.180582240224, 2.53125667572, 19.8615016937, 47.8326225281, 333.223510742, 507.129394531, 308.172210693, 542.342529297, 205.489212036, 83.2132339478, 787.148498535, 574.190917969, 544.229431152, 296.975799561, 226.854125977, 111.087882996, 51.0743217468, 58.8102035522, 97.247467041, 53.298576355, 59.8002586365, 16.2120285034, 16.2206535339, 19.7627239227, 19.2822971344, 7.5153799057, 6.82872056961, 6.9385933876, 2.10563516617, 4.93866491318, 0.992399990559, 0.457540631294, 0.304692476988, 0.106433980167, 0.0374599210918, 0.0230205059052, 0.00873614288867, 0.000991983222775, 0.000101918602013, 0.000128256375319], "mean": [0.033868290484, 0.180315256119, 1.92411661148, 5.5011715889, 20.9109554291, 61.0208396912, 43.4112052917, 41.4803733826, 12.2913894653, 8.34382915497, 43.3914985657, 34.4100074768, 26.6386470795, 21.639005661, 15.531255722, 9.28313159943, 3.53638362885, 2.47996163368, 3.97080850601, 2.44710683823, 1.41303598881, 0.819014072418, 0.435781896114, 0.357386171818, 0.327448129654, 0.191037788987, 0.117171652615, 0.133073985577, 0.0505312606692, 0.0341419130564, 0.0111044971272, 0.00611704448238, 0.00301588955335, 0.00130784895737, 0.000494338630233, 0.000213124032598, 6.62012316752e-05, 1.00373699752e-05, 1.44111572808e-05, 3.24032043864e-05], "median": [0.0317791029811, 0.119325466454, 0.726883172989, 3.71644067764, 9.92020606995, 27.5320777893, 28.8532714844, 13.1188106537, 4.47404527664, 5.27320289612, 21.911403656, 12.4858913422, 9.4054145813, 12.8284187317, 8.11157989502, 4.51388216019, 1.26217079163, 0.864076733589, 1.11869192123, 0.615651845932, 0.235137313604, 0.157799452543, 0.0533702746034, 0.0333975553513, 0.0226047001779, 0.0119552491233, 0.00732972007245, 0.0054325601086, 0.00276001542807, 0.00135773397051, 0.000695132650435, 0.00043360714335, 0.00024436894455, 0.000146969425259, 8.60689324327e-05, 4.56419220427e-05, 1.91834187717e-05, 3.53442646883e-06, 1.32333389047e-05, 3.01744821627e-05], "min": [3.38431539737e-14, 7.64345590943e-14, 5.88441242347e-14, 4.83846327533e-14, 2.35717044841e-13, 1.25503654778e-12, 2.52677219426e-12, 2.55023454611e-12, 4.80956810836e-12, 1.34662992562e-11, 1.43570823632e-11, 8.93515903627e-12, 1.49351277873e-11, 7.66471400238e-11, 4.91930315927e-11, 3.37758813973e-11, 8.95462384798e-11, 3.68924543692e-11, 6.80414474763e-11, 1.40402162119e-10, 1.30279662058e-10, 9.25091253601e-11, 1.8974488647e-10, 1.3839525359e-10, 1.46214693131e-10, 1.81623230344e-10, 1.5487175431e-10, 1.36047478838e-10, 1.62218252719e-10, 1.34795175022e-10, 8.11092512598e-11, 7.8636194778e-11, 4.55187797177e-11, 2.68531152176e-11, 2.76251244102e-11, 1.24485569422e-11, 1.16719706816e-11, 6.52993934966e-12, 2.09275543943e-12, 2.75174983711e-13], "var": [0.000457945512608, 0.0416695959866, 8.86903572083, 33.0622711182, 941.895751953, 6739.02832031, 1807.60095215, 4166.10058594, 437.20602417, 93.5286102295, 3775.52001953, 4086.52685547, 2924.73388672, 700.491394043, 513.139770508, 157.094665527, 31.7903785706, 23.8414115906, 76.4422912598, 24.1171588898, 15.9848203659, 3.04342508316, 1.39797592163, 1.40233230591, 1.19644796848, 0.391951322556, 0.168111249804, 0.254011422396, 0.0329078808427, 0.0432368889451, 0.00255980156362, 0.000617614889052, 0.000197778383153, 3.03189954138e-05, 2.99795669889e-06, 6.8087871341e-07, 9.05484256464e-08, 2.0081811769e-09, 8.10379888194e-11, 3.8634750954e-10]}, "gfcc": {"mean": [-150.911804199, 232.161270142, -93.6089935303, -22.7764968872, -41.4841957092, -11.6278018951, -20.0876197815, -19.479473114, -17.8884906769, -18.6624259949, -12.2890253067, -9.59693622589, 7.37759828568], "cov": [[3786.49804688, -1059.33288574, -1269.41992188, 840.082275391, -296.49029541, -248.476852417, -154.464004517, 50.9439048767, -88.9606933594, -10.7065982819, -129.843276978, -61.805770874, -109.524688721], [-1059.33288574, 939.044189453, 317.52331543, -635.772705078, 312.993835449, -20.5749168396, 97.4996948242, -68.8738250732, 49.4153862, -44.5423774719, 49.5300445557, -57.0692405701, 43.3770637512], [-1269.41992188, 317.52331543, 872.557983398, -245.816574097, -42.492389679, 210.365509033, 18.4600143433, -27.1300201416, 15.3396511078, -2.03563475609, 27.7340583801, 22.7596740723, -10.4327669144], [840.082275391, -635.772705078, -245.816574097, 604.319152832, -168.232803345, -45.4723739624, -35.3808135986, 32.7727546692, -34.6416893005, 9.75637435913, -53.0209693909, 23.798582077, -40.7084236145], [-296.49029541, 312.993835449, -42.492389679, -168.232803345, 278.886138916, -59.2734069824, -7.23715925217, -36.1610107422, -5.76917362213, -37.061088562, 3.0238969326, -36.7353096008, 10.7212400436], [-248.476852417, -20.5749168396, 210.365509033, -45.4723739624, -59.2734069824, 204.561523438, -3.35065770149, 8.69450378418, 7.19011211395, 24.2444553375, 15.3191986084, 29.0503578186, -20.85105896], [-154.464004517, 97.4996948242, 18.4600143433, -35.3808135986, -7.23715925217, -3.35065770149, 104.361114502, 4.61262845993, -5.53980827332, -4.74538660049, -2.6656601429, -3.17051267624, 14.6254701614], [50.9439048767, -68.8738250732, -27.1300201416, 32.7727546692, -36.1610107422, 8.69450378418, 4.61262845993, 92.3559875488, 29.513381958, 31.1681365967, -1.04574370384, 0.853463888168, -10.2582492828], [-88.9606933594, 49.4153862, 15.3396511078, -34.6416893005, -5.76917362213, 7.19011211395, -5.53980827332, 29.513381958, 74.2442779541, 29.4539775848, -5.3214468956, -4.28948545456, 5.41191530228], [-10.7065982819, -44.5423774719, -2.03563475609, 9.75637435913, -37.061088562, 24.2444553375, -4.74538660049, 31.1681365967, 29.4539775848, 71.1305465698, 21.1749649048, 8.45082473755, 1.14284038544], [-129.843276978, 49.5300445557, 27.7340583801, -53.0209693909, 3.0238969326, 15.3191986084, -2.6656601429, -1.04574370384, -5.3214468956, 21.1749649048, 64.801322937, 27.6677970886, -0.080758407712], [-61.805770874, -57.0692405701, 22.7596740723, 23.798582077, -36.7353096008, 29.0503578186, -3.17051267624, 0.853463888168, -4.28948545456, 8.45082473755, 27.6677970886, 62.1920471191, 14.5901889801], [-109.524688721, 43.3770637512, -10.4327669144, -40.7084236145, 10.7212400436, -20.85105896, 14.6254701614, -10.2582492828, 5.41191530228, 1.14284038544, -0.080758407712, 14.5901889801, 60.3559875488]], "icov": [[0.00140498194378, -0.00240710680373, 0.00246740784496, -0.0018924131291, 0.00324440421537, -0.000581188476644, 0.00349192298017, -0.000596970610786, 0.00305085768923, -0.000651046109851, 0.00253953435458, 0.00022508125403, 0.00139265425969], [-0.00240710680373, 0.0185397583991, -0.00744811212644, 0.0125701669604, -0.0143542876467, 0.00469982950017, -0.0170274022967, 0.00609061401337, -0.0159919057041, 0.00603022379801, -0.0117408987135, 0.00443026982248, -0.000933744478971], [0.00246740784496, -0.00744811212644, 0.00683393795043, -0.00472823251039, 0.0081375837326, -0.0034393845126, 0.00843642558903, -0.00162561563775, 0.00736784562469, -0.001558434451, 0.00603086408228, -0.000740262097679, 0.00242410623468], [-0.0018924131291, 0.0125701669604, -0.00472823251039, 0.0119520248845, -0.00846659764647, 0.00426997058094, -0.0110228070989, 0.00382613600232, -0.00889928638935, 0.00240975851193, -0.00392834190279, -0.000445834361017, 0.00193123263307], [0.00324440421537, -0.0143542876467, 0.0081375837326, -0.00846659764647, 0.0184153709561, -0.00266587152146, 0.0158022679389, -0.00361158745363, 0.0135747892782, -0.00239847367629, 0.00937613844872, -0.000117539872008, 0.00213378109038], [-0.000581188476644, 0.00469982950017, -0.0034393845126, 0.00426997058094, -0.00266587152146, 0.00950920581818, -0.00407667411491, 0.00161437492352, -0.00301477522589, -0.00177488126792, -0.000112474132038, -0.00376222096384, 0.00408726837486], [0.00349192298017, -0.0170274022967, 0.00843642558903, -0.0110228070989, 0.0158022679389, -0.00407667411491, 0.0277919247746, -0.00709237577394, 0.0178169794381, -0.00463904393837, 0.0123707922176, -0.00176963675767, -0.000623094849288], [-0.000596970610786, 0.00609061401337, -0.00162561563775, 0.00382613600232, -0.00361158745363, 0.00161437492352, -0.00709237577394, 0.0169671047479, -0.00974116008729, -0.00254166754894, -0.00248854258098, 0.000625838059932, 0.00340770743787], [0.00305085768923, -0.0159919057041, 0.00736784562469, -0.00889928638935, 0.0135747892782, -0.00301477522589, 0.0178169794381, -0.00974116008729, 0.0351154282689, -0.0139198992401, 0.0178423691541, -0.00433856341988, 0.00106230331585], [-0.000651046109851, 0.00603022379801, -0.001558434451, 0.00240975851193, -0.00239847367629, -0.00177488126792, -0.00463904393837, -0.00254166754894, -0.0139198992401, 0.0273066237569, -0.0162041187286, 0.00739386677742, -0.00473224092275], [0.00253953435458, -0.0117408987135, 0.00603086408228, -0.00392834190279, 0.00937613844872, -0.000112474132038, 0.0123707922176, -0.00248854258098, 0.0178423691541, -0.0162041187286, 0.0384846776724, -0.0186334848404, 0.00957709364593], [0.00022508125403, 0.00443026982248, -0.000740262097679, -0.000445834361017, -0.000117539872008, -0.00376222096384, -0.00176963675767, 0.000625838059932, -0.00433856341988, 0.00739386677742, -0.0186334848404, 0.0320772863925, -0.0114779863507], [0.00139265425969, -0.000933744478971, 0.00242410623468, 0.00193123263307, 0.00213378109038, 0.00408726837486, -0.000623094849288, 0.00340770743787, 0.00106230331585, -0.00473224092275, 0.00957709364593, -0.0114779863507, 0.0260331500322]]}, "melbands": {"dmean": [0.000106896288344, 0.000260444619926, 0.000489951460622, 0.00124837935437, 0.000450559309684, 0.00025299959816, 5.11154066771e-05, 5.11105936312e-05, 0.000165901888977, 7.17565053492e-05, 3.65742416761e-05, 3.04795630655e-05, 2.05850083148e-05, 2.04903280974e-05, 6.01570172876e-06, 3.181808097e-06, 1.98305451704e-06, 2.83501435661e-06, 2.44076704803e-06, 1.16267221983e-06, 7.51750917516e-07, 5.62450566122e-07, 3.46450605093e-07, 2.7106835887e-07, 2.33116708159e-07, 2.28903530797e-07, 1.4912636459e-07, 9.15983093819e-08, 6.84586467514e-08, 8.37439273482e-08, 8.49464782959e-08, 3.67295882597e-08, 2.37595276786e-08, 2.57060168707e-08, 7.49573203507e-09, 5.46575540383e-09, 4.55045734427e-09, 2.8405902075e-09, 2.27987007051e-09, 1.08183995096e-09], "dmean2": [0.000187550322153, 0.000413645873778, 0.000732207845431, 0.00196404894814, 0.000664284976665, 0.000376442534616, 7.26735815988e-05, 7.23284902051e-05, 0.000242817826802, 9.64634818956e-05, 4.60446535726e-05, 4.04119346058e-05, 3.16998630296e-05, 3.16408986691e-05, 9.92397599475e-06, 4.65878110845e-06, 2.79694381788e-06, 4.21347704105e-06, 3.44083377968e-06, 1.7650013433e-06, 1.07771700186e-06, 8.3907843873e-07, 5.27259317096e-07, 4.04587098046e-07, 3.65534788216e-07, 3.5809136989e-07, 2.09465397916e-07, 1.40671588156e-07, 1.13696529525e-07, 1.28632436258e-07, 1.34357165393e-07, 6.07331784863e-08, 4.03453945808e-08, 4.45995631537e-08, 1.297223573e-08, 9.39013666823e-09, 8.03056821042e-09, 5.09488540246e-09, 4.07432443339e-09, 1.91539850647e-09], "dvar": [3.90812715523e-08, 1.77048860905e-07, 6.53724669064e-07, 6.20167793386e-06, 5.54228563487e-07, 1.83359091466e-07, 1.02354205112e-08, 6.57909193791e-09, 1.35779515631e-07, 2.99359257383e-08, 6.81360390331e-09, 3.32327121377e-09, 2.49324849655e-09, 1.77635750553e-09, 1.37752406704e-10, 4.40907553523e-11, 2.53180514748e-11, 5.05211185386e-11, 3.92207134825e-11, 1.31630964809e-11, 8.95056598282e-12, 2.00679750595e-12, 1.06553112687e-12, 6.45911113224e-13, 1.10868801119e-12, 1.26701568074e-12, 2.3455616247e-13, 9.97398778152e-14, 5.88268650914e-14, 8.6875724171e-14, 8.84232601419e-14, 1.53452588364e-14, 1.00575540192e-14, 2.51098682049e-14, 1.36786313037e-15, 3.82659151202e-16, 3.42842064646e-16, 1.74726922507e-16, 1.18279720459e-16, 2.09180328435e-17], "dvar2": [1.15034652026e-07, 4.27374374112e-07, 1.56092369252e-06, 1.5154166249e-05, 1.46647118981e-06, 4.54243775039e-07, 2.02851264675e-08, 1.53700980832e-08, 3.41327705655e-07, 6.53855138921e-08, 1.10072884141e-08, 6.31808871887e-09, 6.3809753037e-09, 4.16056344932e-09, 3.89582949234e-10, 9.50997891547e-11, 5.27920727966e-11, 1.10982910362e-10, 7.75085898241e-11, 3.16805089107e-11, 1.91543482464e-11, 4.75469143224e-12, 2.40838360539e-12, 1.59968099964e-12, 2.91852696524e-12, 3.37522349479e-12, 5.04614037188e-13, 2.30807723194e-13, 1.57700011361e-13, 1.99762895028e-13, 2.1860495998e-13, 4.04555776628e-14, 2.69448498886e-14, 6.96913704588e-14, 3.81006049938e-15, 1.03402478772e-15, 9.65156032793e-16, 4.98602344511e-16, 3.31814463296e-16, 5.89239330025e-17], "max": [0.00226764730178, 0.00723201874644, 0.0101187303662, 0.0289825554937, 0.00880906544626, 0.0111553641036, 0.00305177294649, 0.000931919901632, 0.00723060546443, 0.00393952941522, 0.00272126751952, 0.00126334058587, 0.000867449794896, 0.000622190360446, 0.000118542353448, 8.69699942996e-05, 9.62840495049e-05, 0.000124683181639, 0.000113227673864, 6.08439477219e-05, 7.14463312761e-05, 1.77955098479e-05, 1.41176378747e-05, 1.25706083054e-05, 1.82045969268e-05, 2.30079167522e-05, 9.61735076999e-06, 4.66405390398e-06, 4.33493050878e-06, 4.5547208174e-06, 3.83169435736e-06, 1.45676881402e-06, 1.49345351019e-06, 3.13944360641e-06, 6.94725258654e-07, 2.60777881067e-07, 3.12709033778e-07, 2.09365893511e-07, 1.72603392912e-07, 8.50182502177e-08], "mean": [0.000252612924669, 0.000733212800696, 0.00117791537195, 0.0031913749408, 0.0017083483981, 0.000889967777766, 0.000173265958438, 0.000132514192956, 0.000341127393767, 0.00022724106384, 0.000131527121994, 8.97955178516e-05, 5.04659365106e-05, 4.38898241555e-05, 1.03693446363e-05, 6.4789701355e-06, 4.07997822549e-06, 5.66867765883e-06, 5.9546086959e-06, 1.82727194442e-06, 1.50562505041e-06, 8.8798554998e-07, 4.40241251454e-07, 3.35261944429e-07, 2.86129875349e-07, 2.90259464464e-07, 2.04110122581e-07, 1.01155741561e-07, 6.88979824304e-08, 8.23911960879e-08, 7.40137480193e-08, 3.09549932354e-08, 1.86145641123e-08, 1.85368520533e-08, 5.91373972014e-09, 4.33768398977e-09, 3.4318112796e-09, 2.13224393697e-09, 1.69562630603e-09, 8.79007033827e-10], "median": [0.000230487028603, 0.000288674782496, 0.00075218413258, 0.00140313338488, 0.00120844016783, 0.000298544822726, 5.8902798628e-05, 7.43103519198e-05, 0.000165464909514, 6.40751823084e-05, 4.48711762147e-05, 5.0787035434e-05, 3.00659921777e-05, 1.9454248104e-05, 3.96724135499e-06, 1.93273513105e-06, 1.3673027297e-06, 1.72104819285e-06, 1.11579049644e-06, 4.21546332063e-07, 1.68956177049e-07, 1.46399159462e-07, 5.65453532886e-08, 2.93939592666e-08, 2.53815812812e-08, 1.76894676684e-08, 1.26028680825e-08, 5.64644597745e-09, 4.12372180847e-09, 3.57951313035e-09, 2.7394098101e-09, 1.6514640766e-09, 9.1123575352e-10, 6.18240347805e-10, 3.8544245573e-10, 2.85005685718e-10, 2.28438615246e-10, 1.61827662382e-10, 1.23426019405e-10, 9.97835425398e-11], "min": [2.82630568771e-16, 5.32699880796e-17, 1.06154825977e-17, 4.92825870979e-17, 8.62058649994e-17, 5.5527271327e-17, 8.72714192122e-17, 1.56742189575e-16, 1.06010315869e-16, 4.71126177272e-17, 7.99125425502e-17, 3.16377711349e-16, 2.03723189632e-16, 7.8365436872e-17, 1.25814872618e-16, 1.92832913499e-16, 5.31965576023e-17, 8.1648424079e-17, 2.2350316919e-16, 1.48091984715e-16, 1.49214726887e-16, 7.95394377718e-17, 1.54786602258e-16, 1.38012888213e-16, 1.1101238953e-16, 9.07708167197e-17, 1.22483875849e-16, 1.20686048418e-16, 8.00006405942e-17, 1.08773072646e-16, 6.32793499475e-17, 8.82220350244e-17, 9.56856195171e-17, 6.74355685661e-17, 4.72972775271e-17, 4.90639963492e-17, 4.64998191683e-17, 2.98619844281e-17, 3.51697211774e-17, 1.63118924917e-17], "var": [3.4487520395e-08, 1.1833831195e-06, 1.72291197487e-06, 1.79500730155e-05, 2.18949435293e-06, 1.71291685547e-06, 9.54447259005e-08, 2.39175115269e-08, 2.69758942295e-07, 2.10840710224e-07, 7.37916394655e-08, 1.31490027755e-08, 4.9146082759e-09, 4.3725920662e-09, 2.730812243e-10, 1.27187205212e-10, 6.75385719573e-11, 1.48084225438e-10, 1.71737971066e-10, 1.94844938795e-11, 2.37711152845e-11, 4.03673145258e-12, 1.47982515998e-12, 8.47751231194e-13, 1.07052127579e-12, 1.32104331814e-12, 4.28735904201e-13, 1.33337338024e-13, 6.32027592697e-14, 1.02435278955e-13, 8.25982010111e-14, 1.247244834e-14, 7.43640039954e-15, 1.62315737836e-14, 8.89950518505e-16, 2.81254722567e-16, 2.17267736149e-16, 1.06243501393e-16, 7.53328537801e-17, 1.35726028295e-17]}, "mfcc": {"mean": [-796.168457031, 255.494354248, 20.2914733887, -3.36847305298, -2.90227532387, 1.48200845718, -0.90226495266, -2.20060706139, -1.21919178963, -6.60893678665, -13.0401830673, -13.4547939301, -6.61145830154], "cov": [[3339.54174805, -756.962341309, -1459.98596191, 767.481079102, -206.288925171, -136.008102417, -123.885665894, -70.3242645264, -18.9975166321, -15.0005674362, -35.4258651733, -15.0962591171, -33.5339126587], [-756.962341309, 831.147949219, 232.707687378, -461.771484375, 147.47769165, -43.0479011536, 45.293964386, -22.0001564026, -11.7361106873, 23.2324867249, -14.2382249832, -15.3429937363, 32.3987846375], [-1459.98596191, 232.707687378, 969.742675781, -316.263458252, -1.91079127789, 145.022537231, 49.4554481506, 61.3820610046, 8.90805912018, -0.882525086403, 30.3149662018, 40.8242721558, 13.0250434875], [767.481079102, -461.771484375, -316.263458252, 489.326599121, -61.666267395, -42.9433403015, -37.4909515381, -9.7516784668, 0.629918634892, -29.3970756531, 5.03933763504, -6.87105417252, -43.9359550476], [-206.288925171, 147.47769165, -1.91079127789, -61.666267395, 188.932159424, 3.49353003502, -15.5327138901, 2.19279885292, -18.5196743011, -6.85771656036, 9.10081386566, -12.3082408905, -22.2694473267], [-136.008102417, -43.0479011536, 145.022537231, -42.9433403015, 3.49353003502, 122.183952332, 13.8989429474, 10.0370492935, -3.21467113495, -25.5556297302, 2.13886594772, 13.5107803345, -7.85865354538], [-123.885665894, 45.293964386, 49.4554481506, -37.4909515381, -15.5327138901, 13.8989429474, 79.5756988525, 16.8678874969, -12.4939689636, -3.25337529182, -6.3830242157, -2.32584023476, 0.284520745277], [-70.3242645264, -22.0001564026, 61.3820610046, -9.7516784668, 2.19279885292, 10.0370492935, 16.8678874969, 62.6325874329, 12.0928478241, -12.4811210632, 4.35003042221, 5.23285150528, -10.0196371078], [-18.9975166321, -11.7361106873, 8.90805912018, 0.629918634892, -18.5196743011, -3.21467113495, -12.4939689636, 12.0928478241, 70.6602401733, 30.4292087555, -6.30931282043, 2.86196303368, 6.64317417145], [-15.0005674362, 23.2324867249, -0.882525086403, -29.3970756531, -6.85771656036, -25.5556297302, -3.25337529182, -12.4811210632, 30.4292087555, 94.5257720947, 17.399181366, -18.9190406799, 11.9159822464], [-35.4258651733, -14.2382249832, 30.3149662018, 5.03933763504, 9.10081386566, 2.13886594772, -6.3830242157, 4.35003042221, -6.30931282043, 17.399181366, 59.779510498, 31.0421524048, -11.3504362106], [-15.0962591171, -15.3429937363, 40.8242721558, -6.87105417252, -12.3082408905, 13.5107803345, -2.32584023476, 5.23285150528, 2.86196303368, -18.9190406799, 31.0421524048, 84.9669723511, 17.4648265839], [-33.5339126587, 32.3987846375, 13.0250434875, -43.9359550476, -22.2694473267, -7.85865354538, 0.284520745277, -10.0196371078, 6.64317417145, 11.9159822464, -11.3504362106, 17.4648265839, 69.2205886841]], "icov": [[0.00187206198461, -0.000684751023073, 0.00281874136999, -0.00165044458117, 0.00240475428291, -0.00246931193396, 0.00258919596672, -0.00239003752358, 0.00261425948702, -0.00234903232194, 0.00181637634523, -0.00173315836582, 0.000674765848089], [-0.000684751023073, 0.00430223625153, -0.0014494783245, 0.00422944268212, -0.00315293017775, 0.00448254309595, -0.00324096134864, 0.00412584934384, -0.00262077711523, 0.00288497819565, -0.00115523464046, 0.00134581059683, -5.71353011765e-05], [0.00281874136999, -0.0014494783245, 0.00598202692345, -0.00188003340736, 0.00425765756518, -0.00565994763747, 0.00408163992688, -0.00514808436856, 0.004095162265, -0.00384794711135, 0.0019899152685, -0.00276555819437, 0.000983724487014], [-0.00165044458117, 0.00422944268212, -0.00188003340736, 0.00792460609227, -0.00269872904755, 0.00557258538902, -0.00324970926158, 0.00489224633202, -0.00423624040559, 0.00527636008337, -0.0032127504237, 0.00254690623842, 0.00141932652332], [0.00240475428291, -0.00315293017775, 0.00425765756518, -0.00269872904755, 0.010866753757, -0.00531733501703, 0.00671677943319, -0.00571246305481, 0.0058834166266, -0.00366012030281, 0.0014689755626, -0.00159086589701, 0.00287216901779], [-0.00246931193396, 0.00448254309595, -0.00565994763747, 0.00557258538902, -0.00531733501703, 0.0174034647644, -0.00677625928074, 0.00747080659494, -0.00640246085823, 0.00836431980133, -0.00337432581, 0.00253184232861, 0.000664615014102], [0.00258919596672, -0.00324096134864, 0.00408163992688, -0.00324970926158, 0.00671677943319, -0.00677625928074, 0.0209794063121, -0.0109118754044, 0.0106131667271, -0.00768309691921, 0.00717387022451, -0.00419475371018, 0.00220519327559], [-0.00239003752358, 0.00412584934384, -0.00514808436856, 0.00489224633202, -0.00571246305481, 0.00747080659494, -0.0109118754044, 0.0275683104992, -0.0131039265543, 0.0115295667201, -0.00796731747687, 0.00494277523831, 0.000749982718844], [0.00261425948702, -0.00262077711523, 0.004095162265, -0.00423624040559, 0.0058834166266, -0.00640246085823, 0.0106131667271, -0.0131039265543, 0.0279911514372, -0.0169733334333, 0.0143611188978, -0.0100139649585, 0.00337621872313], [-0.00234903232194, 0.00288497819565, -0.00384794711135, 0.00527636008337, -0.00366012030281, 0.00836431980133, -0.00768309691921, 0.0115295667201, -0.0169733334333, 0.0271346569061, -0.0191744565964, 0.0146186761558, -0.00681732548401], [0.00181637634523, -0.00115523464046, 0.0019899152685, -0.0032127504237, 0.0014689755626, -0.00337432581, 0.00717387022451, -0.00796731747687, 0.0143611188978, -0.0191744565964, 0.0379681512713, -0.0206046327949, 0.0112608075142], [-0.00173315836582, 0.00134581059683, -0.00276555819437, 0.00254690623842, -0.00159086589701, 0.00253184232861, -0.00419475371018, 0.00494277523831, -0.0100139649585, 0.0146186761558, -0.0206046327949, 0.0253965649754, -0.0101660788059], [0.000674765848089, -5.71353011765e-05, 0.000983724487014, 0.00141932652332, 0.00287216901779, 0.000664615014102, 0.00220519327559, 0.000749982718844, 0.00337621872313, -0.00681732548401, 0.0112608075142, -0.0101660788059, 0.021875962615]]}, "spectral_contrast_coeffs": {"dmean": [0.0404329486191, 0.0383001118898, 0.0303760096431, 0.0307697635144, 0.0265817344189, 0.0259893685579], "dmean2": [0.0651738271117, 0.0611978173256, 0.0467258244753, 0.0482078194618, 0.0390332452953, 0.0389850214124], "dvar": [0.00165862520225, 0.00137103209272, 0.000914407253731, 0.000820729474071, 0.000604925502557, 0.000572765653487], "dvar2": [0.0039521092549, 0.00339609850198, 0.00201940024272, 0.00198199809529, 0.00120218424127, 0.00120674038772], "max": [-0.293752461672, -0.3703802526, -0.479518711567, -0.564457893372, -0.617362201214, -0.637149572372], "mean": [-0.512113630772, -0.612617075443, -0.698505759239, -0.742966711521, -0.79693877697, -0.804427504539], "median": [-0.512788295746, -0.610955178738, -0.706335544586, -0.738897383213, -0.808301568031, -0.814237654209], "min": [-0.938848435879, -0.955428242683, -0.961552083492, -0.943724453449, -0.950132369995, -0.929945588112], "var": [0.00735064921901, 0.0058444077149, 0.00532731227577, 0.00350486813113, 0.00372960534878, 0.00233767856844]}, "spectral_contrast_valleys": {"dmean": [0.315294206142, 0.329340070486, 0.308671325445, 0.401527255774, 0.474735200405, 0.463374078274], "dmean2": [0.528939843178, 0.53133648634, 0.467618823051, 0.616552829742, 0.705345749855, 0.745340585709], "dvar": [0.139150828123, 0.172137513757, 0.158255726099, 0.242544949055, 0.308597803116, 0.282580375671], "dvar2": [0.288915812969, 0.31805574894, 0.265857309103