{"lowlevel": {"average_loudness": 0.876137852669, "barkbands_crest": {"dmean": 2.58597946167, "dmean2": 3.81424236298, "dvar": 6.87607479095, "dvar2": 13.9516000748, "max": 26.0621757507, "mean": 13.176779747, "median": 12.5464010239, "min": 3.75557518005, "var": 23.2650680542}, "barkbands_flatness_db": {"dmean": 0.0252698510885, "dmean2": 0.0349012874067, "dvar": 0.000698390998878, "dvar2": 0.00127751834225, "max": 0.385665148497, "mean": 0.138809397817, "median": 0.125484839082, "min": 0.0294379554689, "var": 0.00296390824951}, "barkbands_kurtosis": {"dmean": 10.7987394333, "dmean2": 15.8582811356, "dvar": 965.311706543, "dvar2": 2074.44873047, "max": 620.155700684, "mean": 16.7318439484, "median": 5.37430667877, "min": -1.91635549068, "var": 1482.58508301}, "barkbands_skewness": {"dmean": 0.873191714287, "dmean2": 1.18955624104, "dvar": 1.57466864586, "dvar2": 3.08461403847, "max": 22.0284938812, "mean": 3.05375266075, "median": 2.34288883209, "min": -2.97626042366, "var": 5.1285071373}, "barkbands_spread": {"dmean": 7.14767360687, "dmean2": 10.0796442032, "dvar": 91.3487930298, "dvar2": 172.394348145, "max": 118.373428345, "mean": 23.1181335449, "median": 20.8904247284, "min": 0.392800241709, "var": 245.695373535}, "dissonance": {"dmean": 0.0191007144749, "dmean2": 0.0317226052284, "dvar": 0.000313236756483, "dvar2": 0.000804628885817, "max": 0.499988794327, "mean": 0.451785296202, "median": 0.455682426691, "min": 0.300033122301, "var": 0.000725611345842}, "dynamic_complexity": 2.64678192139, "erbbands_crest": {"dmean": 2.35020184517, "dmean2": 3.53719520569, "dvar": 6.06085729599, "dvar2": 11.9366159439, "max": 28.8848419189, "mean": 9.83274745941, "median": 8.62351894379, "min": 1.98472249508, "var": 26.3829498291}, "erbbands_flatness_db": {"dmean": 0.013329770416, "dmean2": 0.0193680543453, "dvar": 0.000154495806783, "dvar2": 0.000319388636854, "max": 0.234607279301, "mean": 0.106371216476, "median": 0.101967558265, "min": 0.0423705540597, "var": 0.00110820832197}, "erbbands_kurtosis": {"dmean": 0.668315529823, "dmean2": 0.974451363087, "dvar": 0.702981412411, "dvar2": 1.39777648449, "max": 9.59386062622, "mean": 0.13759958744, "median": -0.115877151489, "min": -1.79809224606, "var": 1.7515847683}, "erbbands_skewness": {"dmean": 0.303129971027, "dmean2": 0.440930992365, "dvar": 0.10568857193, "dvar2": 0.197442963719, "max": 3.10354566574, "mean": 0.771350264549, "median": 0.790936648846, "min": -2.31565523148, "var": 0.414857983589}, "erbbands_spread": {"dmean": 13.6943597794, "dmean2": 17.7465133667, "dvar": 229.70463562, "dvar2": 344.007873535, "max": 181.809234619, "mean": 62.4775314331, "median": 52.9583435059, "min": 16.6582241058, "var": 805.454956055}, "hfc": {"dmean": 21.1858272552, "dmean2": 29.3049201965, "dvar": 1531.46582031, "dvar2": 3412.25878906, "max": 940.02911377, "mean": 33.3705673218, "median": 20.0218410492, "min": 3.03642650579e-06, "var": 2042.92919922}, "melbands_crest": {"dmean": 3.06348586082, "dmean2": 4.62098741531, "dvar": 9.50176525116, "dvar2": 20.2888679504, "max": 33.8694763184, "mean": 18.5160427094, "median": 18.0994758606, "min": 3.95444869995, "var": 33.0698623657}, "melbands_flatness_db": {"dmean": 0.0297008547932, "dmean2": 0.0403551645577, "dvar": 0.00100375025067, "dvar2": 0.0017882209504, "max": 0.517937719822, "mean": 0.22242192924, "median": 0.200028568506, "min": 0.0362801551819, "var": 0.00555726047605}, "melbands_kurtosis": {"dmean": 25.7669773102, "dmean2": 35.0690727234, "dvar": 2112.99291992, "dvar2": 4184.22412109, "max": 700.45690918, "mean": 53.2123069763, "median": 20.7594833374, "min": -1.57020187378, "var": 5981.95117188}, "melbands_skewness": {"dmean": 1.1971360445, "dmean2": 1.60779953003, "dvar": 2.05587410927, "dvar2": 3.33309936523, "max": 20.6173877716, "mean": 4.97044277191, "median": 3.8345413208, "min": -0.283358156681, "var": 9.01267337799}, "melbands_spread": {"dmean": 4.8041934967, "dmean2": 7.0138297081, "dvar": 85.6430130005, "dvar2": 167.644592285, "max": 189.825439453, "mean": 14.1060905457, "median": 12.5886325836, "min": 0.317215800285, "var": 180.382827759}, "pitch_salience": {"dmean": 0.080950319767, "dmean2": 0.12443459034, "dvar": 0.00682925805449, "dvar2": 0.0151426568627, "max": 0.833116173744, "mean": 0.46272367239, "median": 0.458686411381, "min": 0.0800258815289, "var": 0.0197152942419}, "silence_rate_20dB": {"dmean": 0.0117021277547, "dmean2": 0.0234104823321, "dvar": 0.0115653807297, "dvar2": 0.0324397720397, "max": 1, "mean": 0.992821037769, "median": 1, "min": 0, "var": 0.0071273772046}, "silence_rate_30dB": {"dmean": 0.092553190887, "dmean2": 0.185155630112, "dvar": 0.0839868783951, "dvar2": 0.160450339317, "max": 1, "mean": 0.830098390579, "median": 1, "min": 0, "var": 0.141035676003}, "silence_rate_60dB": {"dmean": 0.0430851057172, "dmean2": 0.0856610834599, "dvar": 0.0412298031151, "dvar2": 0.085768468678, "max": 1, "mean": 0.0635469257832, "median": 0, "min": 0, "var": 0.0595118440688}, "spectral_centroid": {"dmean": 222.239105225, "dmean2": 334.172729492, "dvar": 102917.773438, "dvar2": 188095.25, "max": 11031.3242188, "mean": 1051.2010498, "median": 1037.60449219, "min": 175.023117065, "var": 276876.0625}, "spectral_complexity": {"dmean": 3.73005318642, "dmean2": 5.75099754333, "dvar": 30.3549423218, "dvar2": 64.9640579224, "max": 56, "mean": 13.9883012772, "median": 14, "min": 0, "var": 60.5839576721}, "spectral_decrease": {"dmean": 7.3059767125e-09, "dmean2": 1.04121857802e-08, "dvar": 1.94842512401e-16, "dvar2": 4.37917039582e-16, "max": -3.71597721474e-17, "mean": -1.32677655529e-08, "median": -5.07801445337e-09, "min": -1.52899787054e-07, "var": 3.85521275531e-16}, "spectral_energy": {"dmean": 0.029131418094, "dmean2": 0.0414311848581, "dvar": 0.00292178313248, "dvar2": 0.00654466636479, "max": 0.581326961517, "mean": 0.0531024187803, "median": 0.0216500796378, "min": 4.15662643194e-10, "var": 0.00578760216013}, "spectral_energyband_high": {"dmean": 0.00169820245355, "dmean2": 0.00235046655871, "dvar": 1.1177990018e-05, "dvar2": 2.45359424298e-05, "max": 0.0847914665937, "mean": 0.00231046089903, "median": 0.000934147275984, "min": 2.13501896718e-10, "var": 1.5141467884e-05}, "spectral_energyband_low": {"dmean": 0.0230637788773, "dmean2": 0.0329625196755, "dvar": 0.00252345576882, "dvar2": 0.00574866868556, "max": 0.575212597847, "mean": 0.0368659719825, "median": 0.00353185762651, "min": 1.3239225688e-11, "var": 0.00506016565487}, "spectral_energyband_middle_high": {"dmean": 0.000768473662902, "dmean2": 0.00126538460609, "dvar": 2.29521788242e-06, "dvar2": 5.82178245168e-06, "max": 0.0150199718773, "mean": 0.00198942306451, "median": 0.00171505683102, "min": 1.20390683533e-10, "var": 3.38371796715e-06}, "spectral_energyband_middle_low": {"dmean": 0.00821236521006, "dmean2": 0.0122233843431, "dvar": 0.000251031538937, "dvar2": 0.000606544781476, "max": 0.196807160974, "mean": 0.0149488290772, "median": 0.0108524942771, "min": 6.88245085922e-11, "var": 0.000291941396426}, "spectral_entropy": {"dmean": 0.232316181064, "dmean2": 0.335338443518, "dvar": 0.0500404424965, "dvar2": 0.100066900253, "max": 9.80932807922, "mean": 7.62289905548, "median": 7.60797643661, "min": 6.50067043304, "var": 0.168735295534}, "spectral_flux": {"dmean": 0.0577993392944, "dmean2": 0.0937485396862, "dvar": 0.00536933960393, "dvar2": 0.0124483956024, "max": 0.575360000134, "mean": 0.0981412008405, "median": 0.0684713348746, "min": 2.03878062166e-05, "var": 0.00877259578556}, "spectral_kurtosis": {"dmean": 0.896819353104, "dmean2": 1.28679597378, "dvar": 0.789551436901, "dvar2": 1.59020614624, "max": 8.72145175934, "mean": 2.85532045364, "median": 3.18973016739, "min": -1.1645103693, "var": 2.24165773392}, "spectral_rms": {"dmean": 0.00168550631497, "dmean2": 0.00229959865101, "dvar": 5.94003722654e-06, "dvar2": 1.07140213004e-05, "max": 0.0238148756325, "mean": 0.00592128513381, "median": 0.00459587061778, "min": 6.36808067611e-07, "var": 1.67456091731e-05}, "spectral_rolloff": {"dmean": 691.38494873, "dmean2": 1119.1151123, "dvar": 3078114.5, "dvar2": 5825747.5, "max": 16774.3652344, "mean": 1351.7598877, "median": 645.99609375, "min": 64.599609375, "var": 5363795.5}, "spectral_skewness": {"dmean": 0.179161459208, "dmean2": 0.249268531799, "dvar": 0.0304312519729, "dvar2": 0.0561073347926, "max": 2.54442739487, "mean": 1.50437831879, "median": 1.58312356472, "min": -0.00770835811272, "var": 0.0982343405485}, "spectral_spread": {"dmean": 1090962.75, "dmean2": 1431803.25, "dvar": 1518485241860.0, "dvar2": 1959567163390.0, "max": 39691944, "mean": 7856180.5, "median": 7220391.5, "min": 3688568.5, "var": 4539525627900.0}, "spectral_strongpeak": {"dmean": 0.367010563612, "dmean2": 0.57402741909, "dvar": 0.425464510918, "dvar2": 0.996982336044, "max": 12.4734735489, "mean": 1.05504846573, "median": 0.69717746973, "min": 0, "var": 0.990243554115}, "zerocrossingrate": {"dmean": 0.0174516402185, "dmean2": 0.0191670190543, "dvar": 0.000515064573847, "dvar2": 0.000619866943453, "max": 0.41357421875, "mean": 0.0612184740603, "median": 0.048828125, "min": 0.00244140625, "var": 0.0022225913126}, "barkbands": {"dmean": [0.000730294268578, 0.0170191917568, 0.0061041447334, 0.003940731287, 0.00279461010359, 0.000949328299612, 0.000499806657899, 0.000728223531041, 0.000755606859457, 0.0002026160073, 0.000114371759992, 0.000120756980323, 0.000113961912575, 0.000124079277157, 0.000133663532324, 7.26106009097e-05, 7.18758528819e-05, 7.29763196432e-05, 8.29299679026e-05, 8.45177710289e-05, 0.0001630984043, 9.80402037385e-05, 0.000188827325474, 0.000221829104703, 0.000419533316744, 0.000602556741796, 3.0122249882e-05], "dmean2": [0.00125507183839, 0.0247321370989, 0.00875301286578, 0.00611406704411, 0.004182043951, 0.00141558109317, 0.000769207952544, 0.00107110606041, 0.00116863031872, 0.000299797509797, 0.000176781395567, 0.000195000699023, 0.000196901077288, 0.000215815394768, 0.000231986385188, 0.000124943719129, 0.00012446877372, 0.000122456360259, 0.000141061216709, 0.000138838993735, 0.000263416586677, 0.000147768252646, 0.000267276482191, 0.000297965161735, 0.000568049377762, 0.000885620946065, 4.7160719987e-05], "dvar": [3.23427093463e-06, 0.0019116869662, 0.000231651370996, 0.000107231622678, 4.63469841634e-05, 3.90843888454e-06, 1.20333561426e-06, 3.41816189575e-06, 5.11147754878e-06, 1.09390532543e-06, 3.59645575543e-08, 4.2901195485e-08, 6.24963334417e-08, 5.181532714e-08, 6.42485318281e-08, 3.29909966013e-08, 1.53259787083e-08, 1.80510237868e-08, 4.09254141687e-08, 2.50598102269e-08, 1.35552497227e-07, 4.21893986413e-08, 1.18941024141e-07, 2.35336742094e-07, 8.62047556893e-07, 1.40945257954e-06, 1.24165646653e-08], "dvar2": [8.20613695396e-06, 0.00450586155057, 0.00049141747877, 0.000265605252935, 0.000111864377686, 8.64227604325e-06, 2.48625542554e-06, 6.42165787212e-06, 9.25034419197e-06, 1.67630548731e-06, 8.03784629966e-08, 1.02201255459e-07, 1.71982776465e-07, 1.48276058098e-07, 1.71393296e-07, 8.70018936894e-08, 4.11389393662e-08, 4.78153410199e-08, 1.09735850629e-07, 6.1073798463e-08, 3.25273020962e-07, 9.38505522186e-08, 2.39411406255e-07, 5.47114098026e-07, 1.94987819668e-06, 3.18138290822e-06, 2.96458821936e-08], "max": [0.0296630393714, 0.545349121094, 0.241297051311, 0.135562002659, 0.101843163371, 0.0390885584056, 0.0208795722574, 0.0341505892575, 0.0282222814858, 0.0276112407446, 0.00253742979839, 0.00311376550235, 0.00348319136538, 0.00331811979413, 0.0027919432614, 0.00198758370243, 0.00133158860262, 0.00153258233331, 0.00335675454699, 0.00212688534521, 0.00400574039668, 0.00470290891826, 0.00647083111107, 0.0152855571359, 0.0287481099367, 0.0205336604267, 0.00457026669756], "mean": [0.00077378883725, 0.024884024635, 0.00830391980708, 0.0047446237877, 0.0033992822282, 0.00192620488815, 0.00125942053273, 0.00204792269506, 0.00132571114227, 0.00036067244946, 0.000255528022535, 0.000298718048725, 0.000172949148691, 0.000209271471249, 0.000231275669648, 0.000100979850686, 0.00014936257503, 0.000138588657137, 0.00014305228251, 0.000166541824001, 0.00024480529828, 0.00017666479107, 0.000247792951996, 0.000312856631353, 0.000510235782713, 0.000636779295746, 8.14314262243e-05], "median": [1.4604941498e-05, 0.000965882907622, 0.00121102179401, 0.000874548626598, 0.000852465745993, 0.000661496946122, 0.000303007895127, 0.000225095878704, 0.000156517708092, 0.000107888081402, 9.84247599263e-05, 0.000110864413728, 6.86288403813e-05, 9.17887882679e-05, 8.27763942652e-05, 3.94265043724e-05, 8.70907824719e-05, 8.26467439765e-05, 6.44680767437e-05, 8.5947518528e-05, 0.000103397680505, 8.64833637024e-05, 9.17972502066e-05, 0.00011643680773, 0.000146417500218, 0.000177803158294, 5.67517672607e-05], "min": [1.30529679947e-12, 9.81452072391e-12, 2.72321553328e-12, 2.81935634778e-13, 3.58435546868e-12, 2.28100394475e-12, 3.72201436338e-11, 1.09803060741e-11, 8.96143662749e-12, 7.72607932492e-12, 1.80114100717e-11, 3.87270597535e-12, 5.41225397832e-12, 2.24266525489e-12, 4.06361619701e-12, 2.37806285081e-11, 1.01334886662e-11, 2.18083658771e-11, 2.10874720463e-11, 1.16429851871e-11, 1.47818944585e-11, 9.00045489527e-12, 1.81567070406e-11, 2.69319410523e-11, 2.01405281341e-11, 2.68703045925e-11, 9.17374926024e-11], "var": [4.14818168792e-06, 0.00334166223183, 0.000353933137376, 0.000124675716506, 5.12843325851e-05, 9.54386177909e-06, 6.78525793774e-06, 1.67793805304e-05, 1.3864058019e-05, 2.82949986286e-06, 1.35546159186e-07, 1.87397702689e-07, 7.96566723693e-08, 9.68714388705e-08, 9.47483727032e-08, 3.40429515688e-08, 2.80434235833e-08, 2.33598953514e-08, 4.81993147616e-08, 5.5481908845e-08, 1.83049309044e-07, 8.81019701637e-08, 1.76782563699e-07, 3.08845898189e-07, 1.04078765162e-06, 1.57097315423e-06, 1.76969301435e-08]}, "erbbands": {"dmean": [0.50165116787, 3.90059494972, 7.19659090042, 11.398440361, 9.3006439209, 10.3544139862, 9.00591278076, 7.5878033638, 8.23167991638, 8.2028427124, 18.345035553, 16.2705764771, 9.00416660309, 3.446352005, 4.67981767654, 5.46668481827, 5.15268659592, 6.10831880569, 6.86674165726, 5.44668579102, 3.62818574905, 3.83186864853, 3.91400337219, 3.99191832542, 4.09178113937, 3.86759018898, 5.33537101746, 6.56655168533, 3.89736795425, 5.33237266541, 5.0643248558, 4.39337778091, 3.87073040009, 3.72616267204, 3.59155535698, 3.3317065239, 0.873527884483, 0.0811768993735, 0.00547767616808, 0.000286118418444], "dmean2": [0.672708570957, 5.96647405624, 10.4746818542, 17.0554275513, 13.7825145721, 15.9511117935, 13.5471715927, 11.2828464508, 12.4365119934, 11.1133584976, 27.7247219086, 25.5567359924, 13.50436306, 5.26208162308, 7.34360074997, 8.83989524841, 8.89144039154, 10.5180835724, 11.946398735, 9.4243478775, 6.22005081177, 6.71307229996, 6.61823654175, 6.63921499252, 7.05578041077, 6.40176486969, 8.58696651459, 10.7475528717, 6.26766300201, 7.75326490402, 7.21531534195, 5.86286211014, 5.22604513168, 5.11416196823, 4.92803955078, 4.78927612305, 1.29644286633, 0.121380493045, 0.00854597520083, 0.000443910394097], "dvar": [1.77514278889, 104.184776306, 310.078735352, 845.287963867, 475.856842041, 882.693664551, 397.978668213, 314.350280762, 279.707427979, 363.189727783, 2491.59057617, 2865.89941406, 1820.81933594, 43.022403717, 75.5650634766, 91.2830276489, 129.010223389, 93.7139968872, 211.410018921, 136.412597656, 73.4731216431, 57.9144744873, 52.4584541321, 82.3293609619, 73.7555084229, 54.54088974, 126.119346619, 241.662811279, 73.0076828003, 102.900413513, 85.4746704102, 78.2696304321, 67.8239135742, 58.3901786804, 71.3202285767, 43.5920753479, 2.90681624413, 0.0398397892714, 0.000328728841851, 1.09512143354e-06], "dvar2": [3.43506217003, 262.340789795, 717.218994141, 2067.89794922, 1119.74462891, 2195.32739258, 894.216308594, 690.67980957, 584.657226562, 620.431274414, 4630.13427734, 5481.35302734, 2911.18432617, 85.3280639648, 170.722808838, 218.951766968, 355.778869629, 268.396911621, 577.916625977, 372.968048096, 196.999969482, 162.818069458, 142.205123901, 221.792297363, 198.939788818, 135.462585449, 275.309906006, 624.360839844, 176.412612915, 233.957962036, 161.013336182, 162.644821167, 155.323669434, 123.266151428, 171.355010986, 97.9440917969, 6.28491640091, 0.0926048234105, 0.000799774599727, 2.84415841634e-06], "max": [18.7422332764, 127.851219177, 278.760681152, 331.187255859, 327.679840088, 503.880889893, 228.086776733, 441.771514893, 306.017120361, 394.443786621, 587.413696289, 793.349853516, 1086.61975098, 88.8151931763, 127.980499268, 158.589523315, 158.463867188, 128.728927612, 132.230239868, 157.448776245, 104.517112732, 82.9192886353, 85.2158432007, 195.305084229, 97.4741744995, 105.096923828, 114.096763611, 175.962493896, 189.13293457, 207.004272461, 158.828170776, 244.220932007, 252.82762146, 211.991134644, 272.617004395, 122.499061584, 30.7028827667, 6.51444149017, 0.738135874271, 0.0431111007929], "mean": [0.737650334835, 5.42961072922, 9.81192588806, 14.6823940277, 11.8570413589, 11.6239614487, 11.9519958496, 16.2173099518, 21.9741268158, 26.3039340973, 47.1087379456, 28.9893894196, 15.3892736435, 6.83787822723, 10.5482177734, 14.2628126144, 9.12060070038, 11.8531093597, 11.0577325821, 9.16930007935, 5.92253446579, 7.66040658951, 7.56746292114, 7.37981462479, 7.17043113708, 7.84332847595, 9.0160779953, 9.65617275238, 6.87889051437, 7.15154314041, 6.61443567276, 6.21654272079, 5.47329044342, 4.66175317764, 4.21873092651, 3.43558740616, 0.977174341679, 0.122823573649, 0.0136184794828, 0.000913828553166], "median": [0.0228488687426, 0.256137609482, 1.10372769833, 2.7746284008, 2.6837644577, 2.40356969833, 3.71697115898, 4.4571595192, 5.49185657501, 4.96791934967, 6.33823204041, 4.00679397583, 4.25109577179, 3.14625692368, 3.78441047668, 5.97360181808, 4.84052371979, 5.78468704224, 5.69421577454, 4.26144313812, 3.29112362862, 5.4306640625, 5.59918546677, 4.53477191925, 4.11093854904, 4.23393774033, 4.14459753036, 4.16152858734, 3.3656938076, 2.93398690224, 2.13021755219, 2.08451962471, 2.12088131905, 1.55909061432, 1.043587327, 0.695813775063, 0.339471876621, 0.0777429267764, 0.00995848421007, 0.000661935599055], "min": [2.60697047283e-10, 2.23504104113e-09, 3.88352505709e-09, 1.5980876622e-09, 7.03127245316e-09, 1.21324497115e-08, 1.18731557919e-08, 3.01840614725e-08, 3.5366707607e-07, 5.99224449616e-07, 1.58992079946e-07, 1.98829752662e-07, 3.52794614855e-07, 3.80708996772e-07, 4.96409199968e-07, 1.83643422247e-07, 2.56755981809e-07, 9.56670547225e-08, 2.12379646314e-07, 3.5459251535e-07, 1.36740527523e-06, 6.99357201484e-07, 1.35992320338e-06, 1.19128333154e-06, 6.57924317693e-07, 5.95119672653e-07, 6.94092193498e-07, 4.53616024743e-07, 3.9886151626e-07, 2.74062927019e-07, 3.9222740611e-07, 7.66219613979e-07, 3.69491431229e-07, 1.29156234152e-07, 2.01119860321e-07, 9.20738898458e-08, 5.2732413991e-08, 4.36028315676e-08, 1.73150844773e-08, 9.40443167785e-10], "var": [3.59964799881, 156.153488159, 448.988494873, 1013.48474121, 603.150634766, 884.084533691, 526.491638184, 907.530639648, 1790.76660156, 3166.22705078, 10255.5869141, 7032.12695312, 4885.57958984, 114.124160767, 278.035064697, 425.115325928, 167.804779053, 236.88243103, 233.425491333, 143.807403564, 70.5302429199, 66.4387741089, 57.6231040955, 108.324775696, 82.889213562, 121.937431335, 226.282150269, 277.376220703, 137.327056885, 149.846115112, 131.480377197, 117.831626892, 90.1977844238, 77.3190383911, 78.5584182739, 49.8136482239, 3.32909941673, 0.0479488261044, 0.000456540641608, 1.5608979993e-06]}, "gfcc": {"mean": [20.2917823792, 39.9811401367, -75.1414260864, 17.2706565857, -54.4229545593, 7.96160745621, -40.7173080444, 7.03702640533, -28.5689411163, 7.00345087051, -22.3265895844, -2.51332783699, -20.2612266541], "cov": [[4093.02050781, -885.748413086, 748.913513184, 131.205566406, 61.9241256714, 310.022766113, 24.1084938049, 29.497253418, -4.34158945084, 192.161697388, 68.7061462402, 80.4678497314, -61.4841079712], [-885.748413086, 1406.97998047, 450.831634521, 769.588623047, 451.257446289, 426.218078613, 142.010116577, 166.558517456, -12.3135700226, 31.7720756531, 76.9468383789, 201.532669067, 185.45274353], [748.913513184, 450.831634521, 940.140625, 697.581542969, 389.189025879, 511.112701416, 143.035400391, 235.779724121, 40.4043235779, 136.812896729, 48.8293609619, 138.546051025, 81.5600204468], [131.205566406, 769.588623047, 697.581542969, 907.848693848, 436.357513428, 540.645141602, 190.978942871, 236.010314941, 35.126625061, 126.471946716, 52.376537323, 166.11177063, 133.044769287], [61.9241256714, 451.257446289, 389.189025879, 436.357513428, 384.150024414, 301.39251709, 179.912643433, 141.389144897, 95.3290710449, 85.9218215942, 90.6586990356, 75.5805282593, 58.6146125793], [310.022766113, 426.218078613, 511.112701416, 540.645141602, 301.39251709, 422.470153809, 137.869110107, 184.8253479, 31.0706214905, 104.443649292, 48.6459121704, 128.783966064, 89.0498504639], [24.1084938049, 142.010116577, 143.035400391, 190.978942871, 179.912643433, 137.869110107, 167.352005005, 105.62638092, 98.0733413696, 51.3300933838, 39.6132278442, 2.14575195312, 20.3998241425], [29.497253418, 166.558517456, 235.779724121, 236.010314941, 141.389144897, 184.8253479, 105.62638092, 165.174957275, 84.839553833, 67.1638946533, -7.08497953415, 0.615486383438, 11.7574272156], [-4.34158945084, -12.3135700226, 40.4043235779, 35.126625061, 95.3290710449, 31.0706214905, 98.0733413696, 84.839553833, 136.101272583, 64.7234420776, 22.0566043854, -62.247303009, -39.773109436], [192.161697388, 31.7720756531, 136.812896729, 126.471946716, 85.9218215942, 104.443649292, 51.3300933838, 67.1638946533, 64.7234420776, 96.4637832642, 51.3420028687, 18.1319904327, -16.8105182648], [68.7061462402, 76.9468383789, 48.8293609619, 52.376537323, 90.6586990356, 48.6459121704, 39.6132278442, -7.08497953415, 22.0566043854, 51.3420028687, 120.647384644, 87.3201904297, 26.6904983521], [80.4678497314, 201.532669067, 138.546051025, 166.11177063, 75.5805282593, 128.783966064, 2.14575195312, 0.615486383438, -62.247303009, 18.1319904327, 87.3201904297, 187.049331665, 120.695800781], [-61.4841079712, 185.45274353, 81.5600204468, 133.044769287, 58.6146125793, 89.0498504639, 20.3998241425, 11.7574272156, -39.773109436, -16.8105182648, 26.6904983521, 120.695800781, 138.470840454]], "icov": [[0.000560315034818, 0.000530018471181, -0.000631449802313, 0.000265862705419, 7.08643856342e-05, -0.000835388898849, -0.000469003542094, 0.00143359310459, -5.30240249645e-05, -0.00082174257841, 0.000602683052421, -0.000398750009481, 0.000226437492529], [0.000530018471181, 0.00263035623357, 0.000370199122699, -0.00166481756605, -0.00234034657478, 4.54237624581e-06, 0.00177779619116, -0.00117005791981, 0.00101398606785, 0.00147592253052, -0.00104032305535, 2.89377712761e-05, -0.000435027264757], [-0.000631449802313, 0.000370199122699, 0.0047322595492, -0.00166686996818, -0.00285614700988, -0.001033182838, 0.00328847276978, -0.00436058128253, 0.00157096330076, 0.000906683329958, -0.000856916652992, 0.000427254737588, 0.000151337560965], [0.000265862705419, -0.00166481756605, -0.00166686996818, 0.00788080599159, -0.00183543283492, -0.00370528944768, -0.00372019503266, 0.00240351096727, 0.00337873329408, -0.00732919294387, 0.00594940595329, -0.0012229437707, -0.000738791422918], [7.08643856342e-05, -0.00234034657478, -0.00285614700988, -0.00183543283492, 0.0203056298196, -0.0105891171843, -0.00462082820013, 0.0084032965824, -0.0142527604476, 0.011928845197, -0.0113833770156, 0.00448100175709, 0.000436061964137], [-0.000835388898849, 4.54237624581e-06, -0.001033182838, -0.00370528944768, -0.0105891171843, 0.0285826250911, -0.00448733614758, -0.0160073768348, 0.0180151741952, -0.0148052806035, 0.00741843925789, -0.00675784889609, -0.000249493867159], [-0.000469003542094, 0.00177779619116, 0.00328847276978, -0.00372019503266, -0.00462082820013, -0.00448733614758, 0.0264289323241, -0.00930280052125, -0.0104747852311, 0.013486104086, -0.013877584599, 0.00954195484519, -0.00622725626454], [0.00143359310459, -0.00117005791981, -0.00436058128253, 0.00240351096727, 0.0084032965824, -0.0160073768348, -0.00930280052125, 0.0423872731626, -0.0273863803595, -0.00338452425785, 0.0210122615099, -0.0132703026757, 0.00621085288003], [-5.30240249645e-05, 0.00101398606785, 0.00157096330076, 0.00337873329408, -0.0142527604476, 0.0180151741952, -0.0104747852311, -0.0273863803595, 0.0608047358692, -0.0313908867538, -0.0104870069772, 0.025277171284, -0.0135938888416], [-0.00082174257841, 0.00147592253052, 0.000906683329958, -0.00732919294387, 0.011928845197, -0.0148052806035, 0.013486104086, -0.00338452425785, -0.0313908867538, 0.0570967942476, -0.0251896549016, -0.00150047161151, 0.0110170841217], [0.000602683052421, -0.00104032305535, -0.000856916652992, 0.00594940595329, -0.0113833770156, 0.00741843925789, -0.013877584599, 0.0210122615099, -0.0104870069772, -0.0251896549016, 0.0581468008459, -0.0437797680497, 0.0176392775029], [-0.000398750009481, 2.89377712761e-05, 0.000427254737588, -0.0012229437707, 0.00448100175709, -0.00675784889609, 0.00954195484519, -0.0132703026757, 0.025277171284, -0.00150047161151, -0.0437797680497, 0.0597808882594, -0.0337124466896], [0.000226437492529, -0.000435027264757, 0.000151337560965, -0.000738791422918, 0.000436061964137, -0.000249493867159, -0.00622725626454, 0.00621085288003, -0.0135938888416, 0.0110170841217, 0.0176392775029, -0.0337124466896, 0.0323093235493]]}, "melbands": {"dmean": [0.00463645718992, 0.00424035964534, 0.00187002727762, 0.000662174425088, 0.000353899755282, 0.000173713793629, 0.000118709918752, 9.71925037447e-05, 0.000160873969435, 9.94685178739e-05, 4.25040634582e-05, 1.32102750285e-05, 1.440392316e-05, 1.36733606269e-05, 1.41232694659e-05, 1.08168287625e-05, 1.25780388771e-05, 1.09633092507e-05, 1.01570794868e-05, 6.17162277194e-06, 4.1356724978e-06, 4.07027710025e-06, 4.03271087634e-06, 3.31738237946e-06, 3.3543126392e-06, 3.50538653038e-06, 2.95058498523e-06, 2.64957998297e-06, 2.6887387321e-06, 5.32754074811e-06, 3.28256714965e-06, 2.30511159316e-06, 1.93889150069e-06, 3.66005724572e-06, 3.00613260151e-06, 2.49543109021e-06, 2.99964426631e-06, 2.6358516152e-06, 2.91885521619e-06, 3.31157843902e-06], "dmean2": [0.00645941309631, 0.00636667525396, 0.00276371720247, 0.000991507084109, 0.000537221203558, 0.000258006766671, 0.000179702459718, 0.000131840992253, 0.000245429866482, 0.000156310561579, 6.35568794678e-05, 2.02306346182e-05, 2.26096908591e-05, 2.19865905819e-05, 2.36947453232e-05, 1.84780492418e-05, 2.16051976167e-05, 1.91899671336e-05, 1.73134612851e-05, 1.06138095362e-05, 7.06753462509e-06, 7.15828218745e-06, 6.97719906384e-06, 5.49462765775e-06, 5.53176960238e-06, 5.95392930336e-06, 5.02710554429e-06, 4.37659036834e-06, 4.26699716627e-06, 8.7347398221e-06, 5.3139560805e-06, 3.65714618056e-06, 2.97585006592e-06, 5.4404349612e-06, 4.33035756942e-06, 3.5464179291e-06, 4.03938156524e-06, 3.68458654521e-06, 4.00134194933e-06, 4.58622071164e-06], "dvar": [0.000143257217132, 9.8480588349e-05, 2.05980741157e-05, 2.63602532868e-06, 6.92464709573e-07, 1.41070884752e-07, 5.7634498063e-08, 5.48697371983e-08, 1.93049231711e-07, 1.18347081468e-07, 4.32712177201e-08, 5.99592930861e-10, 6.10701766934e-10, 5.67453084521e-10, 6.81265488467e-10, 5.61674706745e-10, 4.11731371219e-10, 6.36607100368e-10, 3.82166076562e-10, 2.06233724542e-10, 8.39059308144e-11, 5.59444469916e-11, 5.68709801474e-11, 4.11614770046e-11, 6.40690556164e-11, 6.65037608316e-11, 2.59701340294e-11, 2.77788451963e-11, 3.38462730065e-11, 1.30163838041e-10, 6.02395772153e-11, 2.56676659094e-11, 1.7695879484e-11, 4.81831137489e-11, 3.0589388661e-11, 2.20601974188e-11, 4.25103181823e-11, 3.70931341198e-11, 3.17469731059e-11, 4.81999856694e-11], "dvar2": [0.000313061696943, 0.000242522510234, 4.98609842907e-05, 6.35410742689e-06, 1.62466949405e-06, 3.1155883562e-07, 1.19223358297e-07, 9.4875012735e-08, 3.5869192061e-07, 2.22481062906e-07, 6.87065195848e-08, 1.24841681437e-09, 1.40872624677e-09, 1.3675451882e-09, 1.69148117735e-09, 1.51314272223e-09, 1.18755738576e-09, 1.75744618858e-09, 9.88607529173e-10, 5.39794986487e-10, 2.24929949666e-10, 1.5543014098e-10, 1.5797127495e-10, 1.08298085777e-10, 1.74606565317e-10, 1.74785977358e-10, 7.11784242657e-11, 7.04690333864e-11, 7.20737636239e-11, 3.11912606854e-10, 1.64719363149e-10, 5.86829751459e-11, 4.34551179762e-11, 1.11717440854e-10, 5.88321266703e-11, 4.69069401376e-11, 9.10589242897e-11, 9.1049556783e-11, 6.85068737849e-11, 1.01321229184e-10], "max": [0.152530506253, 0.120767891407, 0.0530519969761, 0.0242941528559, 0.00978014059365, 0.00887411274016, 0.00418263301253, 0.00492821633816, 0.00485647888854, 0.00511079095304, 0.0053615658544, 0.000376044888981, 0.00034209981095, 0.000355754978955, 0.000380594574381, 0.000356384407496, 0.000289432617137, 0.000288760493277, 0.000192605992197, 0.0001697238622, 0.000118268566439, 8.53227538755e-05, 7.24639830878e-05, 7.7515222074e-05, 0.000181881405297, 7.98729379312e-05, 4.88745099574e-05, 8.44247406349e-05, 8.18147600512e-05, 0.000121995384688, 0.000103334481537, 0.000116360286484, 7.84529620432e-05, 0.000133655412355, 9.17715005926e-05, 6.9108857133e-05, 0.000205509655643, 0.000193801679416, 0.000147668062709, 0.000195096217794], "mean": [0.00682273879647, 0.0060204686597, 0.0024658346083, 0.000806806434412, 0.000445607904112, 0.000385611405363, 0.000311495328788, 0.000308190414216, 0.000398029340431, 0.000165066419868, 7.10680469638e-05, 2.4986002245e-05, 3.21415936924e-05, 3.32033341692e-05, 3.13396885758e-05, 1.63871591212e-05, 2.358576603e-05, 1.58740003826e-05, 1.64966277225e-05, 9.71974895947e-06, 6.44313286102e-06, 7.76607521402e-06, 8.01863552624e-06, 6.22107563686e-06, 5.84265444559e-06, 5.5170980886e-06, 4.92958270115e-06, 5.32556623511e-06, 5.07586901222e-06, 7.01318003848e-06, 4.8075758059e-06, 4.10374832427e-06, 3.00531223729e-06, 4.49456592833e-06, 3.72323324882e-06, 3.49723677573e-06, 4.11006203649e-06, 3.71197461391e-06, 3.84402937925e-06, 4.02142677558e-06], "median": [0.000248811033089, 0.00053652911447, 0.000504644471221, 0.000182237447007, 0.000125667880639, 0.000114394053526, 7.50239487388e-05, 3.70392226614e-05, 5.15388383064e-05, 2.24563646043e-05, 1.74613342097e-05, 1.12014758997e-05, 1.19242140499e-05, 1.3925080566e-05, 1.48070312207e-05, 5.76297043153e-06, 9.9826065707e-06, 7.90295052866e-06, 6.36555569145e-06, 4.16071907239e-06, 3.0804637845e-06, 5.33688353244e-06, 5.06924334331e-06, 3.20774120155e-06, 3.12117299472e-06, 2.43799308919e-06, 2.96714461001e-06, 2.29783586292e-06, 2.25841426982e-06, 2.46097715717e-06, 2.11504448089e-06, 1.89548723029e-06, 1.16704268294e-06, 1.77065010121e-06, 1.07251673853e-06, 1.35459833928e-06, 1.2298190768e-06, 1.52692211941e-06, 1.44908995026e-06, 1.28550084355e-06], "min": [2.61597341011e-12, 2.45538030012e-12, 4.16882186324e-13, 7.60061826845e-13, 4.26065947931e-13, 7.14214549048e-13, 6.13412879519e-12, 5.81319064066e-12, 1.09974052434e-12, 1.27159589282e-12, 1.68132879581e-12, 1.34005100853e-12, 2.2864785152e-12, 5.2650413326e-13, 5.71592469537e-13, 3.81265846802e-13, 1.53636733327e-13, 3.22984152444e-13, 3.15085875143e-13, 1.15175165412e-12, 1.5000755629e-12, 4.34180062779e-13, 1.57751502833e-12, 7.74772932442e-13, 1.07032568572e-12, 4.80488641496e-13, 3.92238026998e-13, 3.91180713039e-13, 3.95326891882e-13, 4.84200136583e-13, 1.67682125238e-13, 2.28340648256e-13, 1.62242601623e-13, 1.67925501521e-13, 1.21087696619e-13, 5.69814377974e-13, 4.12285955159e-13, 2.90545365544e-13, 1.46591709583e-13, 8.65141156414e-14], "var": [0.000270746153546, 0.000149302009959, 2.51939218288e-05, 2.96049665849e-06, 8.11530867395e-07, 4.36885443378e-07, 3.49440711034e-07, 4.75766626096e-07, 7.94276445504e-07, 2.8374816452e-07, 1.16972181274e-07, 1.55259283208e-09, 2.23239648989e-09, 2.13432316265e-09, 1.94032545586e-09, 1.01494912474e-09, 1.19033449764e-09, 6.06700412131e-10, 5.90101301157e-10, 2.49407827724e-10, 9.1461130336e-11, 6.71772498739e-11, 7.15662598627e-11, 5.43996375724e-11, 8.54107964909e-11, 7.05873415274e-11, 3.31014729515e-11, 6.7987115937e-11, 7.06707262155e-11, 1.65952238063e-10, 6.66028690532e-11, 4.92324063461e-11, 3.20533009857e-11, 6.09069808477e-11, 4.46066170112e-11, 3.30102993551e-11, 5.90718030047e-11, 4.46057808745e-11, 4.35746820571e-11, 6.25381760266e-11]}, "mfcc": {"mean": [-645.976623535, 91.7032699585, 25.1411895752, 16.6972446442, 5.75379562378, 1.27378380299, -0.60640245676, -4.72866725922, -2.97038459778, -1.79515647888, 0.081924661994, 0.545538544655, -5.05061197281], "cov": [[3512.36523438, -709.920166016, 504.830657959, -37.2983779907, 140.228286743, 209.863845825, 135.458847046, -17.5479125977, -19.4949855804, -6.60032176971, 46.9529037476, 101.038284302, 118.5574646], [-709.920166016, 798.807922363, 206.503845215, 325.366394043, 300.861480713, 240.856704712, 193.271377563, 202.132247925, 104.690109253, 27.8936729431, -28.5119495392, 13.3982906342, 80.9956512451], [504.830657959, 206.503845215, 707.24206543, 377.381988525, 411.321075439, 344.301544189, 266.493835449, 225.633850098, 177.408630371, 136.596862793, 70.7714309692, 77.6226348877, 64.2919921875], [-37.2983779907, 325.366394043, 377.381988525, 433.822631836, 344.443908691, 321.230651855, 240.244338989, 212.032867432, 163.763442993, 131.186843872, 82.2821121216, 75.1850967407, 67.1614990234], [140.228286743, 300.861480713, 411.321075439, 344.443908691, 395.966247559, 323.231079102, 242.07333374, 204.034622192, 144.836547852, 112.370735168, 80.0566940308, 94.018447876, 92.4699020386], [209.863845825, 240.856704712, 344.301544189, 321.230651855, 323.231079102, 331.643157959, 241.61026001, 188.881256104, 126.082893372, 86.1895065308, 54.2137260437, 83.1294708252, 99.1109695435], [135.458847046, 193.271377563, 266.493835449, 240.244338989, 242.07333374, 241.61026001, 215.857498169, 171.354110718, 108.045440674, 71.5586471558, 46.4517631531, 62.1672859192, 78.0664367676], [-17.5479125977, 202.132247925, 225.633850098, 212.032867432, 204.034622192, 188.881256104, 171.354110718, 179.169799805, 128.880844116, 81.0418243408, 33.1341323853, 30.3009243011, 50.8684120178], [-19.4949855804, 104.690109253, 177.408630371, 163.763442993, 144.836547852, 126.082893372, 108.045440674, 128.880844116, 154.170684814, 133.835754395, 69.0151290894, 18.5511474609, -3.85027384758], [-6.60032176971, 27.8936729431, 136.596862793, 131.186843872, 112.370735168, 86.1895065308, 71.5586471558, 81.0418243408, 133.835754395, 190.718933105, 154.929351807, 51.3128738403, -40.6446838379], [46.9529037476, -28.5119495392, 70.7714309692, 82.2821121216, 80.0566940308, 54.2137260437, 46.4517631531, 33.1341323853, 69.0151290894, 154.929351807, 204.990692139, 114.924049377, -17.1929626465], [101.038284302, 13.3982906342, 77.6226348877, 75.1850967407, 94.018447876, 83.1294708252, 62.1672859192, 30.3009243011, 18.5511474609, 51.3128738403, 114.924049377, 144.093460083, 79.2115707397], [118.5574646, 80.9956512451, 64.2919921875, 67.1614990234, 92.4699020386, 99.1109695435, 78.0664367676, 50.8684120178, -3.85027384758, -40.6446838379, -17.1929626465, 79.2115707397, 149.475692749]], "icov": [[0.000597700534854, 0.000617564830463, -0.000644327141345, 0.000656550866552, 8.67702401592e-05, -0.00100918463431, -0.000469001941383, 0.000989316846244, -0.000379550445359, 0.000720224285033, -0.00100818811916, 0.00108978326898, -0.000810239405837], [0.000617564830463, 0.00321862753481, 0.000467028963612, -0.0010305949254, -0.00249039917253, 0.000453710992588, 0.000222537244554, -0.00205021025613, 0.00148234656081, 7.08488514647e-05, 0.000797050015535, 0.000565965252463, -0.000301216030493], [-0.000644327141345, 0.000467028963612, 0.00521304039285, -0.00167008070275, -0.00486142886803, 0.00228968937881, -0.00124104914721, -0.00137630500831, 0.000718581257388, -0.00279061100446, 0.00527512142435, -0.00400647614151, 0.0033615201246], [0.000656550866552, -0.0010305949254, -0.00167008070275, 0.0123693579808, -0.000745960744098, -0.00905679073185, 0.00125184387434, -0.000761793984566, -0.00173022132367, 8.24224334792e-05, -0.00238500372507, 0.00137306435499, 0.000246285489993], [8.67702401592e-05, -0.00249039917253, -0.00486142886803, -0.000745960744098, 0.0207745581865, -0.0123258503154, 0.00302757811733, -0.00278161629103, 0.000139503696118, 0.000840086373501, -0.00487977592275, 0.000920768710785, -0.00242398167029], [-0.00100918463431, 0.000453710992588, 0.00228968937881, -0.00905679073185, -0.0123258503154, 0.0354848690331, -0.0230379626155, 0.00782493874431, -0.00121431134176, -0.00408328324556, 0.00936356931925, -0.00593813089654, 0.000187010649825], [-0.000469001941383, 0.000222537244554, -0.00124104914721, 0.00125184387434, 0.00302757811733, -0.0230379626155, 0.0507369786501, -0.0354210995138, 0.0126906894147, -0.000602298183367, -0.00537502532825, 0.00108038098551, -0.00184646109119], [0.000989316846244, -0.00205021025613, -0.00137630500831, -0.000761793984566, -0.00278161629103, 0.00782493874431, -0.0354210995138, 0.062013939023, -0.039856467396, 0.018383005634, -0.0101578934118, 0.011243738234, -0.00796666368842], [-0.000379550445359, 0.00148234656081, 0.000718581257388, -0.00173022132367, 0.000139503696118, -0.00121431134176, 0.0126906894147, -0.039856467396, 0.0662053525448, -0.0524261370301, 0.0272705759853, -0.00911431014538, 0.00303725665435], [0.000720224285033, 7.08488514647e-05, -0.00279061100446, 8.24224334792e-05, 0.000840086373501, -0.00408328324556, -0.000602298183367, 0.018383005634, -0.0524261370301, 0.0734445899725, -0.0522378981113, 0.0229086615145, -0.00272824172862], [-0.00100818811916, 0.000797050015535, 0.00527512142435, -0.00238500372507, -0.00487977592275, 0.00936356931925, -0.00537502532825, -0.0101578934118, 0.0272705759853, -0.0522378981113, 0.0655647441745, -0.0478146113455, 0.0216226242483], [0.00108978326898, 0.000565965252463, -0.00400647614151, 0.00137306435499, 0.000920768710785, -0.00593813089654, 0.00108038098551, 0.011243738234, -0.00911431014538, 0.0229086615145, -0.0478146113455, 0.0550825335085, -0.0297827925533], [-0.000810239405837, -0.000301216030493, 0.0033615201246, 0.000246285489993, -0.00242398167029, 0.000187010649825, -0.00184646109119, -0.00796666368842, 0.00303725665435, -0.00272824172862, 0.0216226242483, -0.0297827925533, 0.0285966936499]]}, "spectral_contrast_coeffs": {"dmean": [0.0513384230435, 0.0478657968342, 0.0437143035233, 0.0386349000037, 0.0306445676833, 0.021713687107], "dmean2": [0.0799004510045, 0.0751405507326, 0.0680915936828, 0.0597881041467, 0.0485476590693, 0.033866558224], "dvar": [0.00201385491528, 0.00184150936548, 0.00172999559436, 0.00142472493462, 0.00105793401599, 0.000397316762246], "dvar2": [0.00479803513736, 0.00415589101613, 0.00365968188271, 0.00304017565213, 0.00231364625506, 0.000879438011907], "max": [-0.265946656466, -0.415982246399, -0.411414265633, -0.521407425404, -0.58438205719, -0.632373392582], "mean": [-0.577351331711, -0.664255559444, -0.742764592171, -0.746585667133, -0.758025407791, -0.780817508698], "median": [-0.589130461216, -0.675323963165, -0.758208453655, -0.765527486801, -0.774043500423, -0.790322840214], "min": [-0.935852646828, -0.968033313751, -0.947904229164, -0.955950796604, -0.959722399712, -0.960356593132], "var": [0.0126077178866, 0.010056687519, 0.00674898503348, 0.00633470201865, 0.00464137969539, 0.00200093421154]}, "spectral_contrast_valleys": {"dmean": [0.507215023041, 0.438287854195, 0.472237974405, 0.471588611603, 0.444172143936, 0.545648515224], "dmean2": [0.764562666416, 0.660739839077, 0.694698631763, 0.699465513229, 0.655421197414, 0.706311881542], "dvar": [0.345657795668, 0.283903777599, 0.308076530695, 0.362610608339, 0.321044802666, 0.337294727564], "dvar2": [0.561258971691, 0.477185308933, 0.521516859531, 0.666741430759, 0.573443174362, 0.57333445549], "max": [-4.59229707718, -4.90308904648, -5.73890209198, -5.56218528748, -5.72637796402, -7.0267663002], "mean": [-7.95295858383, -7.16115236282, -8.04241943359, -8.41138553619, -8.13173103333, -9.64161586761], "median": [-7.42420625687, -7.21131134033, -8.07026481