{"lowlevel": {"average_loudness": 0.959414422512, "barkbands_crest": {"dmean": 2.71052145958, "dmean2": 4.19558191299, "dvar": 7.2192902565, "dvar2": 16.3000125885, "max": 26.512878418, "mean": 15.1508588791, "median": 15.0110445023, "min": 2.96488904953, "var": 24.9144096375}, "barkbands_flatness_db": {"dmean": 0.0305783450603, "dmean2": 0.0430164933205, "dvar": 0.000866470451001, "dvar2": 0.00179492589086, "max": 0.447568506002, "mean": 0.175621166825, "median": 0.171453714371, "min": 0.0342565923929, "var": 0.00359932193533}, "barkbands_kurtosis": {"dmean": 6.65590333939, "dmean2": 10.182012558, "dvar": 334.533477783, "dvar2": 627.439453125, "max": 689.274108887, "mean": 12.38489151, "median": 7.47344779968, "min": -1.9348256588, "var": 634.993164062}, "barkbands_skewness": {"dmean": 0.716911613941, "dmean2": 1.08029472828, "dvar": 0.806756556034, "dvar2": 1.67912006378, "max": 22.7757511139, "mean": 2.75638461113, "median": 2.56900787354, "min": -5.19964122772, "var": 2.7225112915}, "barkbands_spread": {"dmean": 6.79896306992, "dmean2": 10.5557861328, "dvar": 86.7530975342, "dvar2": 203.203948975, "max": 122.950233459, "mean": 17.9079399109, "median": 14.677936554, "min": 0.218815252185, "var": 178.109085083}, "dissonance": {"dmean": 0.020012004301, "dmean2": 0.0322423279285, "dvar": 0.000371250032913, "dvar2": 0.000926400476601, "max": 0.500000059605, "mean": 0.449332773685, "median": 0.457726538181, "min": 0.200932055712, "var": 0.00125450443011}, "dynamic_complexity": 2.71953964233, "erbbands_crest": {"dmean": 2.78898215294, "dmean2": 4.35403347015, "dvar": 6.81456947327, "dvar2": 15.8417205811, "max": 31.6822605133, "mean": 10.4353933334, "median": 9.16980743408, "min": 2.3408203125, "var": 25.6575965881}, "erbbands_flatness_db": {"dmean": 0.0234133284539, "dmean2": 0.033122099936, "dvar": 0.000513829174452, "dvar2": 0.000951253867242, "max": 0.44930562377, "mean": 0.140523135662, "median": 0.135210499167, "min": 0.0416874364018, "var": 0.00249153445475}, "erbbands_kurtosis": {"dmean": 1.32384240627, "dmean2": 2.00303244591, "dvar": 8.8141746521, "dvar2": 16.5634269714, "max": 101.417076111, "mean": 0.89883518219, "median": -0.38557612896, "min": -1.77899384499, "var": 20.5440120697}, "erbbands_skewness": {"dmean": 0.441280007362, "dmean2": 0.655563414097, "dvar": 0.219520509243, "dvar2": 0.452074468136, "max": 8.7134180069, "mean": 0.541514873505, "median": 0.408750772476, "min": -7.58773326874, "var": 1.00864136219}, "erbbands_spread": {"dmean": 12.0694179535, "dmean2": 18.1866931915, "dvar": 179.06288147, "dvar2": 397.497283936, "max": 169.464889526, "mean": 48.7854652405, "median": 46.1228637695, "min": 2.03066492081, "var": 491.226043701}, "hfc": {"dmean": 10.5724754333, "dmean2": 16.2530097961, "dvar": 360.179534912, "dvar2": 901.690490723, "max": 267.455322266, "mean": 23.5389099121, "median": 18.1247520447, "min": 1.09358167271e-16, "var": 510.717926025}, "melbands_crest": {"dmean": 3.10686969757, "dmean2": 4.69275093079, "dvar": 8.47289848328, "dvar2": 18.9248409271, "max": 34.1130752563, "mean": 19.285490036, "median": 19.2921791077, "min": 1.75230133533, "var": 33.149772644}, "melbands_flatness_db": {"dmean": 0.0345111340284, "dmean2": 0.0487853325903, "dvar": 0.00109954539221, "dvar2": 0.00228952732868, "max": 0.555555284023, "mean": 0.262288957834, "median": 0.261229634285, "min": 0.00381717015989, "var": 0.00508803594857}, "melbands_kurtosis": {"dmean": 14.5490674973, "dmean2": 22.2283630371, "dvar": 678.461486816, "dvar2": 1426.85852051, "max": 685.081726074, "mean": 32.9452781677, "median": 22.768371582, "min": -1.85285913944, "var": 1601.65600586}, "melbands_skewness": {"dmean": 0.99750483036, "dmean2": 1.49466562271, "dvar": 1.15885996819, "dvar2": 2.52319645882, "max": 19.2312583923, "mean": 4.2088599205, "median": 3.8970375061, "min": -1.44784593582, "var": 4.47441101074}, "melbands_spread": {"dmean": 4.84734392166, "dmean2": 7.44852924347, "dvar": 67.4400787354, "dvar2": 148.667617798, "max": 238.567169189, "mean": 13.8658857346, "median": 10.1608467102, "min": 0.333433657885, "var": 253.404998779}, "pitch_salience": {"dmean": 0.0703396648169, "dmean2": 0.108539618552, "dvar": 0.00503735942766, "dvar2": 0.0116843283176, "max": 0.943091213703, "mean": 0.425971597433, "median": 0.428527355194, "min": 0.0551289133728, "var": 0.0178375579417}, "silence_rate_20dB": {"dmean": 0, "dmean2": 0, "dvar": 0, "dvar2": 0, "max": 1, "mean": 1, "median": 1, "min": 1, "var": 0}, "silence_rate_30dB": {"dmean": 0.0700940936804, "dmean2": 0.140207305551, "dvar": 0.0651808157563, "dvar2": 0.16037273407, "max": 1, "mean": 0.935233175755, "median": 1, "min": 0, "var": 0.0605687722564}, "silence_rate_60dB": {"dmean": 0.0139097236097, "dmean2": 0.0278232414275, "dvar": 0.0137137789279, "dvar2": 0.0305987857282, "max": 1, "mean": 0.0503136068583, "median": 0, "min": 0, "var": 0.0477836169302}, "spectral_centroid": {"dmean": 256.595703125, "dmean2": 382.589324951, "dvar": 100549.054688, "dvar2": 213442.828125, "max": 11653.2177734, "mean": 1133.63903809, "median": 1003.64807129, "min": 198.41835022, "var": 744819.3125}, "spectral_complexity": {"dmean": 3.36997127533, "dmean2": 5.25286436081, "dvar": 16.6989402771, "dvar2": 37.5751304626, "max": 47, "mean": 14.6701660156, "median": 14, "min": 0, "var": 54.3750801086}, "spectral_decrease": {"dmean": 3.85575837925e-09, "dmean2": 5.88830539883e-09, "dvar": 2.37695411362e-17, "dvar2": 5.72689232678e-17, "max": 1.02470888714e-19, "mean": -1.35839979265e-08, "median": -1.34465416579e-08, "min": -5.37022692981e-08, "var": 6.46663928684e-17}, "spectral_energy": {"dmean": 0.0150498682633, "dmean2": 0.0228756722063, "dvar": 0.00036048059701, "dvar2": 0.000866158748977, "max": 0.222025737166, "mean": 0.0534041412175, "median": 0.0524497143924, "min": 1.01086883071e-20, "var": 0.000982428551652}, "spectral_energyband_high": {"dmean": 0.000884360517375, "dmean2": 0.00142243993469, "dvar": 3.78008417101e-06, "dvar2": 9.58295277087e-06, "max": 0.0304493326694, "mean": 0.00107308430597, "median": 0.000450913619716, "min": 7.33196819875e-21, "var": 4.42734381068e-06}, "spectral_energyband_low": {"dmean": 0.0116178207099, "dmean2": 0.0180177222937, "dvar": 0.000268259434961, "dvar2": 0.000664595572744, "max": 0.127779811621, "mean": 0.0322767272592, "median": 0.0327732861042, "min": 1.64997247635e-23, "var": 0.000665741798002}, "spectral_energyband_middle_high": {"dmean": 0.00129163940437, "dmean2": 0.00189064932056, "dvar": 4.221339168e-06, "dvar2": 9.04007902136e-06, "max": 0.0379262007773, "mean": 0.00360129144974, "median": 0.00253619300202, "min": 1.24233793738e-21, "var": 1.33493895191e-05}, "spectral_energyband_middle_low": {"dmean": 0.00625541526824, "dmean2": 0.0093288756907, "dvar": 7.05279308022e-05, "dvar2": 0.000163830045494, "max": 0.187551498413, "mean": 0.0172418169677, "median": 0.0141460793093, "min": 1.61442984339e-22, "var": 0.000200994370971}, "spectral_entropy": {"dmean": 0.277633428574, "dmean2": 0.39446374774, "dvar": 0.0777907222509, "dvar2": 0.147448882461, "max": 9.81779384613, "mean": 7.39210033417, "median": 7.42946720123, "min": 4.78577613831, "var": 0.353870183229}, "spectral_flux": {"dmean": 0.0342857949436, "dmean2": 0.0524306446314, "dvar": 0.00144386966713, "dvar2": 0.00292567536235, "max": 0.427687525749, "mean": 0.0914130434394, "median": 0.0777979567647, "min": 6.40347289083e-11, "var": 0.00330308522098}, "spectral_kurtosis": {"dmean": 1.78630030155, "dmean2": 2.74170732498, "dvar": 4.21227645874, "dvar2": 10.6023378372, "max": 44.506111145, "mean": 4.30328130722, "median": 3.63783574104, "min": -1.38187932968, "var": 10.8999290466}, "spectral_rms": {"dmean": 0.000983412261121, "dmean2": 0.0014517159434, "dvar": 1.26271311274e-06, "dvar2": 2.81921711576e-06, "max": 0.0147176925093, "mean": 0.0067807296291, "median": 0.00715335272253, "min": 3.14040351883e-12, "var": 6.12330813965e-06}, "spectral_rolloff": {"dmean": 379.005523682, "dmean2": 656.823730469, "dvar": 949140.5625, "dvar2": 2227356.5, "max": 19444.4824219, "mean": 898.778442383, "median": 409.130859375, "min": 64.599609375, "var": 3924212.25}, "spectral_skewness": {"dmean": 0.272355109453, "dmean2": 0.409262895584, "dvar": 0.0683997049928, "dvar2": 0.147228896618, "max": 5.23086595535, "mean": 1.63561046124, "median": 1.59216237068, "min": -0.649739265442, "var": 0.245362490416}, "spectral_spread": {"dmean": 1032723.25, "dmean2": 1500083.75, "dvar": 1399919083520.0, "dvar2": 2746434715650.0, "max": 43073868, "mean": 5889436, "median": 5630980, "min": 1440360.375, "var": 9313838956540.0}, "spectral_strongpeak": {"dmean": 0.263417035341, "dmean2": 0.45156827569, "dvar": 0.255840152502, "dvar2": 0.672427535057, "max": 17.5062065125, "mean": 0.662006378174, "median": 0.482047706842, "min": 0, "var": 0.375885516405}, "zerocrossingrate": {"dmean": 0.0119350235909, "dmean2": 0.0143322404474, "dvar": 0.000196714667254, "dvar2": 0.000276575243333, "max": 0.521484375, "mean": 0.0480930395424, "median": 0.03759765625, "min": 0.00244140625, "var": 0.00256412592717}, "barkbands": {"dmean": [0.000262200075667, 0.0106446286663, 0.00200177449733, 0.000996263581328, 0.00306415138766, 0.00236259726807, 0.00108802947216, 0.000980302342214, 0.000538920750841, 0.000377141172066, 0.00017662945902, 0.00015899304708, 0.000158297028975, 0.000111826622742, 0.00033453098149, 0.000223529816139, 0.000252767669735, 0.000195098138647, 0.000184113348951, 9.2908856459e-05, 7.14473862899e-05, 6.03101580054e-05, 0.00020958535606, 0.000293654651614, 0.000202815688681, 6.76741838106e-05, 1.44421837831e-05], "dmean2": [0.000408275343943, 0.0164887495339, 0.00352822453715, 0.00168002408464, 0.00463083293289, 0.00372571544722, 0.0016311397776, 0.0014306337107, 0.000841880799271, 0.00054714496946, 0.000268925417913, 0.000243606249569, 0.000238137043198, 0.000174448330654, 0.000525702256709, 0.000352294853656, 0.000416074763052, 0.000302162836306, 0.000286308029899, 0.000139612850035, 0.000110076951387, 9.34568452067e-05, 0.00034109732951, 0.000500168767758, 0.00033924751915, 0.000111447130621, 2.36581763602e-05], "dvar": [1.96747194536e-07, 0.000233023689361, 1.90951741388e-05, 4.92667277285e-06, 2.56853072642e-05, 1.92450843315e-05, 3.67519101019e-06, 5.31598470843e-06, 2.92029562843e-06, 9.35950765779e-07, 3.06016119112e-07, 1.79251628651e-07, 1.63889609439e-07, 6.11299810771e-08, 6.59965337491e-07, 1.90439223502e-07, 2.04054387609e-07, 1.68886387542e-07, 1.29998738885e-07, 2.57777728052e-08, 1.94394225161e-08, 2.50018850068e-08, 3.021615953e-07, 6.59604211251e-07, 3.46234429571e-07, 2.95777891068e-08, 1.69438330033e-09], "dvar2": [4.66335308147e-07, 0.000566086324397, 5.33660459041e-05, 1.31306014737e-05, 5.75200501771e-05, 4.96776774526e-05, 8.0929376054e-06, 1.11026820377e-05, 7.00898362993e-06, 2.05936430575e-06, 6.84561996422e-07, 3.82125648457e-07, 3.64371032902e-07, 1.4848075125e-07, 1.76324397216e-06, 4.47960360361e-07, 5.03121214024e-07, 3.73445999458e-07, 3.11553606025e-07, 5.90521906929e-08, 4.5314877184e-08, 5.98173102162e-08, 7.52444293539e-07, 1.69975282915e-06, 9.4373177717e-07, 7.72759918277e-08, 4.47281633953e-09], "max": [0.00753339007497, 0.120010770857, 0.0459240376949, 0.0393746122718, 0.0751476436853, 0.0996643826365, 0.0361346639693, 0.0370666198432, 0.0359495580196, 0.0209279805422, 0.0146599058062, 0.016510868445, 0.0101413093507, 0.00461371662095, 0.0256394222379, 0.00859801843762, 0.0148023031652, 0.00964696612209, 0.0103301331401, 0.00273561337963, 0.00381302577443, 0.00485657621175, 0.0209495685995, 0.0185079351068, 0.0162004977465, 0.00263528362848, 0.000981311663054], "mean": [0.000573264260311, 0.0286756884307, 0.00239043240435, 0.00144009862561, 0.00646481476724, 0.00444829137996, 0.00212547462434, 0.00174840714317, 0.000719289469998, 0.000637332734186, 0.000280650914647, 0.000237013227888, 0.00028913342976, 0.000199897462153, 0.000610331597272, 0.000387868087273, 0.000373696180759, 0.000332180934492, 0.00032277754508, 0.000154090259457, 9.67370142462e-05, 7.45282377466e-05, 0.000210968253668, 0.000310680072289, 0.000216739121242, 7.01259486959e-05, 1.36883527375e-05], "median": [0.000207971635973, 0.0284739360213, 0.00133880460635, 0.000374634284526, 0.00253757019527, 0.00250490824692, 0.000922341656405, 0.000225710769882, 9.86941304291e-05, 0.000172159547219, 5.45951697859e-05, 7.25547288312e-05, 9.85360238701e-05, 7.41456242395e-05, 0.000265462556854, 0.000168514889083, 0.000161976437084, 0.000144984252984, 0.000150137144374, 8.22610163596e-05, 4.50510706287e-05, 2.57706451521e-05, 4.81246679556e-05, 8.94528056961e-05, 7.26067883079e-05, 1.63046861417e-05, 2.84715997623e-06], "min": [3.129352786e-25, 9.20955111598e-24, 4.01272913773e-24, 4.87487167117e-24, 2.00336086264e-23, 1.08931711921e-23, 7.98296549394e-24, 1.5110349805e-23, 2.32879217623e-23, 2.10998614249e-23, 1.12027430882e-23, 2.76341288315e-23, 1.44382213811e-23, 4.10580549488e-23, 7.96713415998e-23, 7.9581670203e-23, 8.07246602349e-23, 9.00380278126e-23, 1.24351426151e-22, 2.10125219009e-22, 3.03472896972e-22, 2.91327443014e-22, 4.6030889576e-22, 6.20240309008e-22, 9.0611254536e-22, 1.23933769109e-21, 1.88016234724e-21], "var": [6.70879614972e-07, 0.000579516228754, 1.61603747983e-05, 1.02768326542e-05, 7.83546129242e-05, 3.22384512401e-05, 1.07492478492e-05, 1.41729433381e-05, 5.12323458679e-06, 1.75269622105e-06, 5.97827522597e-07, 3.5940885823e-07, 3.91227189311e-07, 1.29656598347e-07, 1.39659869092e-06, 4.24549739364e-07, 4.15044695501e-07, 3.66300923815e-07, 2.76625371498e-07, 4.7326732755e-08, 2.57488235178e-08, 2.77556946315e-08, 4.49148558346e-07, 6.85930899635e-07, 3.02811088204e-07, 2.86663883742e-08, 1.37312383686e-09]}, "erbbands": {"dmean": [0.33518204093, 2.45590853691, 2.84187316895, 2.54264116287, 6.84902095795, 10.9599256516, 14.6042842865, 21.277097702, 21.1647491455, 13.719704628, 20.0987987518, 12.5717325211, 10.8595266342, 8.82922649384, 6.47597169876, 7.14380788803, 6.9768538475, 6.41488027573, 15.7925014496, 13.7938280106, 9.73931217194, 12.4064331055, 10.2491874695, 10.2886047363, 7.74563455582, 4.90245389938, 3.46449637413, 2.35097646713, 1.84054553509, 3.7581756115, 6.63885164261, 6.68593978882, 4.83628797531, 3.31659531593, 0.651696503162, 0.426973760128, 0.077961102128, 0.022639002651, 0.00293637160212, 0.000111249377369], "dmean2": [0.501852154732, 3.87345409393, 4.89760112762, 4.31530380249, 10.7564916611, 16.2288150787, 22.4615726471, 33.9049949646, 31.7953643799, 19.8570804596, 29.9041481018, 19.0826454163, 16.256111145, 12.9150543213, 9.62492752075, 10.8324708939, 10.4074554443, 9.86320495605, 24.4790706635, 21.9850597382, 15.4816417694, 20.6472091675, 15.7541599274, 15.717171669, 12.1706542969, 7.32815790176, 5.36854124069, 3.57644414902, 2.85728621483, 5.87164783478, 10.9976730347, 11.6785268784, 8.00693702698, 5.62599945068, 1.04212665558, 0.708944618702, 0.126119658351, 0.0369584970176, 0.0047491081059, 0.000176022265805], "dvar": [0.221605464816, 13.7821807861, 34.3190765381, 25.9239902496, 187.682373047, 450.832305908, 727.835083008, 1898.98620605, 1682.41064453, 850.596008301, 2824.984375, 1593.59643555, 1089.32116699, 715.101745605, 328.767333984, 300.992767334, 310.71182251, 202.854614258, 2128.41845703, 887.967163086, 289.363128662, 494.467651367, 392.945678711, 450.036621094, 278.61038208, 75.9301223755, 40.9822731018, 27.4587097168, 24.2809524536, 90.9513397217, 382.642150879, 319.812835693, 214.588531494, 101.929084778, 2.17136621475, 1.17607152462, 0.0377429015934, 0.00392476143315, 6.61281519569e-05, 1.00595606511e-07], "dvar2": [0.471398621798, 35.1682548523, 95.4424514771, 71.1814956665, 454.693054199, 941.733398438, 1671.66040039, 5032.05517578, 3988.00610352, 1648.28833008, 6326.88671875, 3660.47045898, 2711.39282227, 1516.5065918, 723.214904785, 645.570495605, 686.529418945, 481.052307129, 5688.34228516, 2400.65673828, 693.805297852, 1254.82678223, 844.485717773, 1045.88061523, 700.128112793, 174.701446533, 97.8413925171, 64.4559326172, 58.6890602112, 227.405715942, 956.358581543, 883.66204834, 514.515014648, 277.259521484, 5.35728645325, 3.08408641815, 0.096682831645, 0.0104114683345, 0.000169421153259, 2.5892890676e-07], "max": [4.42780780792, 29.3292217255, 55.827293396, 69.8085861206, 239.918655396, 372.054138184, 459.289489746, 1012.63000488, 1008.33660889, 678.571472168, 960.986083984, 950.13861084, 608.224914551, 777.145141602, 490.03012085, 477.157318115, 568.685852051, 327.11819458, 1540.03112793, 744.319396973, 379.404724121, 531.356689453, 576.590637207, 478.801422119, 688.233886719, 164.31640625, 156.777175903, 146.356582642, 137.727905273, 305.729614258, 904.330871582, 280.876495361, 391.141082764, 221.326385498, 25.7625808716, 17.8617420197, 4.10602998734, 1.54991877079, 0.195053607225, 0.00855802744627], "mean": [0.959317147732, 5.85705375671, 4.1903424263, 3.87534284592, 12.7564210892, 21.8961429596, 28.3605117798, 38.1411094666, 40.536026001, 29.9454517365, 32.6395454407, 19.0221748352, 18.2487201691, 15.2555036545, 11.3464536667, 11.8260097504, 13.4113998413, 13.0230150223, 29.6050071716, 25.6201114655, 18.2334117889, 17.6722774506, 19.0084171295, 18.5707244873, 13.2212467194, 8.17163562775, 5.09041166306, 3.09988236427, 2.35974812508, 3.99432277679, 6.51493453979, 6.05711126328, 5.57425498962, 3.55833435059, 0.760239839554, 0.434877932072, 0.0840856209397, 0.0232359021902, 0.00287513784133, 0.000160320152645], "median": [0.961689949036, 5.20908641815, 2.93635034561, 1.92961144447, 2.51350593567, 6.06595897675, 12.4002866745, 20.5515003204, 18.2323608398, 6.62214946747, 6.66534328461, 3.76717424393, 4.1019487381, 4.51668214798, 3.26206064224, 4.21667098999, 5.06776285172, 6.5346288681, 11.9938144684, 11.3480815887, 10.0596895218, 8.06570625305, 8.90501976013, 7.84167480469, 6.81134414673, 4.3822760582, 2.76068687439, 1.42109811306, 0.868942856789, 0.916874051094, 1.41306388378, 1.54225575924, 1.61402738094, 1.22078323364, 0.251120090485, 0.0996875464916, 0.0207342132926, 0.00588148273528, 0.000606461311691, 9.13573458092e-05], "min": [2.21615741711e-22, 1.53753196003e-21, 5.12439964674e-21, 1.45450243377e-20, 1.42125978978e-20, 6.17905856282e-20, 5.33426643492e-20, 1.55334295602e-19, 1.43526667174e-19, 1.73444394063e-19, 4.11118070221e-19, 4.85581024059e-19, 4.63244304087e-19, 8.71670625197e-19, 8.04241188107e-19, 1.67437423964e-18, 1.04673202811e-18, 2.92773360662e-18, 3.05222759753e-18, 4.02201352731e-18, 5.06852645595e-18, 4.24670680095e-18, 5.10252564708e-18, 5.77206755517e-18, 8.61370634248e-18, 1.03625481371e-17, 1.09386992861e-17, 1.0800185411e-17, 1.14873549515e-17, 1.26460455654e-17, 1.37804137605e-17, 1.21460628616e-17, 9.31745589121e-18, 9.11733194971e-18, 6.84838173333e-18, 4.36815056335e-18, 2.36350605938e-18, 9.24382296141e-19, 2.53855241795e-19, 2.55692432553e-20], "var": [0.677626013756, 28.405921936, 33.3380317688, 39.1453590393, 525.117675781, 1307.00695801, 1865.57531738, 2793.20922852, 3607.40991211, 3555.97827148, 5357.23925781, 3393.95898438, 1764.23266602, 1317.06774902, 711.031433105, 647.142211914, 811.189331055, 430.003875732, 4457.84179688, 1905.36804199, 617.344665527, 807.656982422, 1053.95898438, 979.891052246, 527.25213623, 135.81602478, 56.6695709229, 34.0749092102, 26.7886619568, 96.7881622314, 602.040771484, 253.55355835, 257.601104736, 88.382232666, 2.65280532837, 1.1331936121, 0.0384565442801, 0.00342233106494, 5.79108564125e-05, 8.82649544565e-08]}, "gfcc": {"mean": [-1.21397042274, 84.9525222778, -84.1392059326, 36.5506286621, -43.8983840942, 9.36080169678, -45.6655845642, 16.4126682281, -15.3847341537, 8.97918510437, -0.547829091549, 2.32276797295, -2.3368062973], "cov": [[21376.7324219, -77.1436004639, -322.916870117, 1018.02404785, -331.876251221, 680.977416992, -601.286560059, 635.960266113, 34.9337654114, 308.971130371, 276.881103516, 213.77507019, -219.458221436], [-77.1436004639, 1174.41809082, -371.948394775, 9.83505153656, 281.966308594, -115.138771057, 109.539726257, 3.17094302177, 69.6417617798, 50.1019134521, 116.86466217, -48.9474105835, 133.153244019], [-322.916870117, -371.948394775, 717.709655762, 101.599685669, -88.5799942017, 130.397155762, -51.4147033691, 14.1499319077, -18.8653659821, -26.6249237061, -22.1278305054, 14.0246677399, -69.2225036621], [1018.02404785, 9.83505153656, 101.599685669, 449.125793457, 185.137512207, 86.8395462036, 3.60573029518, 10.3280124664, 130.099151611, 91.5118789673, 61.4933319092, 56.1155662537, 25.6902160645], [-331.876251221, 281.966308594, -88.5799942017, 185.137512207, 438.194000244, 109.014083862, 148.064407349, 20.6968364716, 125.300720215, 96.9312973022, 55.6409988403, 39.3476028442, 66.566734314], [680.977416992, -115.138771057, 130.397155762, 86.8395462036, 109.014083862, 305.61239624, 102.040298462, 63.0346717834, 40.967086792, 43.5398635864, 29.2047424316, 24.3502311707, -8.08882045746], [-601.286560059, 109.539726257, -51.4147033691, 3.60573029518, 148.064407349, 102.040298462, 303.73135376, 53.1112709045, 51.2365646362, 54.6446723938, 13.4320907593, 42.8795509338, 27.3768043518], [635.960266113, 3.17094302177, 14.1499319077, 10.3280124664, 20.6968364716, 63.0346717834, 53.1112709045, 195.268585205, 43.8848228455, 14.4828042984, 40.290802002, 1.68281459808, -0.911367714405], [34.9337654114, 69.6417617798, -18.8653659821, 130.099151611, 125.300720215, 40.967086792, 51.2365646362, 43.8848228455, 182.830169678, 98.3711700439, 52.8962554932, 33.8244667053, 26.0943984985], [308.971130371, 50.1019134521, -26.6249237061, 91.5118789673, 96.9312973022, 43.5398635864, 54.6446723938, 14.4828042984, 98.3711700439, 166.462158203, 71.0826568604, 37.6907043457, 10.7716712952], [276.881103516, 116.86466217, -22.1278305054, 61.4933319092, 55.6409988403, 29.2047424316, 13.4320907593, 40.290802002, 52.8962554932, 71.0826568604, 146.170959473, 36.0504989624, 14.222158432], [213.77507019, -48.9474105835, 14.0246677399, 56.1155662537, 39.3476028442, 24.3502311707, 42.8795509338, 1.68281459808, 33.8244667053, 37.6907043457, 36.0504989624, 121.37272644, 32.531955719], [-219.458221436, 133.153244019, -69.2225036621, 25.6902160645, 66.566734314, -8.08882045746, 27.3768043518, -0.911367714405, 26.0943984985, 10.7716712952, 14.222158432, 32.531955719, 100.901863098]], "icov": [[0.000139069132274, -0.000217941720621, 0.000279274157947, -0.00045914403745, 0.000376678537577, -0.000543577945791, 0.000527958734892, -0.0005821842351, 0.000405830156524, -0.000390246364987, 0.000358948542271, -0.000585708068684, 0.000532937876415], [-0.000217941720621, 0.00204648566432, -0.000104879924038, 0.000840751570649, -0.00150261668023, 0.00170528236777, -0.00135114334989, 0.00109704060014, -0.000589948554989, 0.00093536748318, -0.00218958291225, 0.00261769117787, -0.00243876338936], [0.000279274157947, -0.000104879924038, 0.00248458399437, -0.00148107600398, 0.00109419738874, -0.00184417678975, 0.00124053715263, -0.00117215351202, 0.000884979555849, -0.000381564779673, 0.000745815341361, -0.00136387872044, 0.00175702839624], [-0.00045914403745, 0.000840751570649, -0.00148107600398, 0.00513965729624, -0.00256512057967, 0.00148652109783, -0.000765212695114, 0.00221246224828, -0.00295189581811, 0.000959940371104, -0.00156184076332, 0.0012144864304, -0.00190424802713], [0.000376678537577, -0.00150261668023, 0.00109419738874, -0.00256512057967, 0.00572274532169, -0.00281175249256, 0.000244554044912, -0.00107774999924, -6.53986571706e-05, -0.00150395557284, 0.00150382996071, -0.00170674116816, 0.000644805433694], [-0.000543577945791, 0.00170528236777, -0.00184417678975, 0.00148652109783, -0.00281175249256, 0.00728708226234, -0.00350251235068, 0.00130696094129, -0.00106411916204, 0.0012700536754, -0.00243500061333, 0.003048151033, -0.00217495206743], [0.000527958734892, -0.00135114334989, 0.00124053715263, -0.000765212695114, 0.000244554044912, -0.00350251235068, 0.00714466394857, -0.00328880804591, 0.00144895224366, -0.00256154453382, 0.00298379478045, -0.0042625288479, 0.00241932901554], [-0.0005821842351, 0.00109704060014, -0.00117215351202, 0.00221246224828, -0.00107774999924, 0.00130696094129, -0.00328880804591, 0.00886421836913, -0.00364558049478, 0.00301656825468, -0.00365960760973, 0.00348380184732, -0.00227983482182], [0.000405830156524, -0.000589948554989, 0.000884979555849, -0.00295189581811, -6.53986571706e-05, -0.00106411916204, 0.00144895224366, -0.00364558049478, 0.01146724727, -0.00552348932251, 0.00113221246284, -0.00190234673209, 0.000629505491816], [-0.000390246364987, 0.00093536748318, -0.000381564779673, 0.000959940371104, -0.00150395557284, 0.0012700536754, -0.00256154453382, 0.00301656825468, -0.00552348932251, 0.012104511261, -0.00486952252686, 0.0010663671419, -0.000294253637549], [0.000358948542271, -0.00218958291225, 0.000745815341361, -0.00156184076332, 0.00150382996071, -0.00243500061333, 0.00298379478045, -0.00365960760973, 0.00113221246284, -0.00486952252686, 0.012273513712, -0.00504729803652, 0.00267391768284], [-0.000585708068684, 0.00261769117787, -0.00136387872044, 0.0012144864304, -0.00170674116816, 0.003048151033, -0.0042625288479, 0.00348380184732, -0.00190234673209, 0.0010663671419, -0.00504729803652, 0.0149337956682, -0.00714015075937], [0.000532937876415, -0.00243876338936, 0.00175702839624, -0.00190424802713, 0.000644805433694, -0.00217495206743, 0.00241932901554, -0.00227983482182, 0.000629505491816, -0.000294253637549, 0.00267391768284, -0.00714015075937, 0.0164952743798]]}, "melbands": {"dmean": [0.00300248898566, 0.00202225707471, 0.000515237043146, 0.000650123285595, 0.000498007400893, 0.000476736749988, 0.000298123661196, 0.000162988319062, 0.000164500292158, 7.17519797035e-05, 5.44027934666e-05, 3.75608869945e-05, 2.32078054978e-05, 1.92542247532e-05, 1.61322368513e-05, 1.53089822561e-05, 1.22128285511e-05, 2.32660549955e-05, 1.88333833648e-05, 2.15640629904e-05, 1.07666237454e-05, 1.40134470712e-05, 1.16347437142e-05, 9.68633503362e-06, 8.85515692062e-06, 6.93315905664e-06, 3.59151977136e-06, 3.37629307978e-06, 2.344663244e-06, 1.83666668363e-06, 1.29949933125e-06, 9.78533989837e-07, 1.35095547193e-06, 2.44189391196e-06, 3.56665577783e-06, 4.66848541691e-06, 3.89959450331e-06, 3.1065510484e-06, 4.20661808676e-06, 2.25977078117e-06], "dmean2": [0.00460108509287, 0.00331962364726, 0.0008420269005, 0.000982360332273, 0.000756745110266, 0.000754982233047, 0.000446803634986, 0.000235659215832, 0.00024573909468, 0.000110496490379, 8.15244857222e-05, 5.50011172891e-05, 3.47009918187e-05, 2.89427553071e-05, 2.45216488111e-05, 2.28328244702e-05, 1.88220492419e-05, 3.63018552889e-05, 2.94589990517e-05, 3.42289386026e-05, 1.73256794369e-05, 2.37403273786e-05, 1.82938838407e-05, 1.49848792717e-05, 1.36618400575e-05, 1.10545934149e-05, 5.47441050003e-06, 5.13198028784e-06, 3.71158330381e-06, 2.84059660771e-06, 2.00991826205e-06, 1.52728796365e-06, 2.08771098187e-06, 3.84571740142e-06, 5.83444307267e-06, 7.99257395556e-06, 6.97904215485e-06, 5.15840793014e-06, 7.10923086444e-06, 3.81908148483e-06], "dvar": [1.80297247425e-05, 1.17378103823e-05, 9.31742647481e-07, 1.41079215155e-06, 7.71304371483e-07, 9.01709540813e-07, 3.26777040982e-07, 1.31472887688e-07, 2.0177574811e-07, 5.39210951445e-08, 2.77445995067e-08, 1.28875532468e-08, 4.81442530287e-09, 2.96090063578e-09, 1.56771540194e-09, 1.33980415651e-09, 7.84057430092e-10, 4.72485073288e-09, 1.5882286597e-09, 1.89861815159e-09, 3.84093451489e-10, 6.14026052226e-10, 7.20696391454e-10, 4.4994372117e-10, 3.58558543967e-10, 2.44203102184e-10, 3.88037935117e-11, 3.84691063726e-11, 2.13065658866e-11, 1.24298175919e-11, 1.07068312549e-11, 7.98728184287e-12, 1.19690169234e-11, 4.02284698608e-11, 1.23596535784e-10, 1.76897399506e-10, 1.11068987341e-10, 8.70045355206e-11, 2.16133555497e-10, 4.31371084686e-11], "dvar2": [4.11657092627e-05, 3.19006576319e-05, 2.41203861151e-06, 3.17013268614e-06, 1.73958937921e-06, 2.36523396779e-06, 7.71827046719e-07, 2.5494421152e-07, 4.59503610273e-07, 1.25276031326e-07, 6.90787800295e-08, 2.69640700878e-08, 1.04844044557e-08, 5.90750293128e-09, 3.5234657414e-09, 3.01579317075e-09, 1.88847204541e-09, 1.26807213618e-08, 4.10323330868e-09, 4.62773597221e-09, 9.30083010608e-10, 1.60423774265e-09, 1.66410629721e-09, 1.0306819842e-09, 8.44730341232e-10, 6.17948192616e-10, 9.08282268841e-11, 9.04336536212e-11, 5.27357324476e-11, 2.90397376285e-11, 2.59187931534e-11, 1.97958992948e-11, 2.95573635012e-11, 1.01824694509e-10, 2.96032337532e-10, 4.7789311397e-10, 3.11312281509e-10, 2.07313097245e-10, 5.44493727883e-10, 1.19869864035e-10], "max": [0.0362735949457, 0.0299045424908, 0.0180389136076, 0.0195425450802, 0.0156366173178, 0.0231328755617, 0.0138868037611, 0.00856151338667, 0.0074865068309, 0.00519641302526, 0.00302952760831, 0.00344483111985, 0.00219784141518, 0.00247281673364, 0.000936059106607, 0.000943493563682, 0.000543754606042, 0.00223606801592, 0.00104218733031, 0.000854404701386, 0.00040999657358, 0.000389054592233, 0.0011023178231, 0.000454953697044, 0.000425271631684, 0.000627192202955, 0.000139022638905, 0.000113731883175, 0.000122260229546, 7.279147394e-05, 9.21345126699e-05, 0.000100433535408, 0.000101196274045, 0.000184815784451, 0.000638693396468, 0.000239788147155, 0.000173871740117, 0.00032522159745, 0.000507183314767, 0.000104828002804], "mean": [0.00844600517303, 0.00413805758581, 0.000877993297763, 0.00131296459585, 0.00100996531546, 0.000869333045557, 0.000575486512389, 0.000335804303177, 0.000254172744462, 0.000103481994302, 8.82302992977e-05, 6.18474077783e-05, 3.86282081308e-05, 2.99099592667e-05, 2.74610374618e-05, 2.83766494249e-05, 2.24303767027e-05, 4.26679216616e-05, 3.45295920852e-05, 3.73366565327e-05, 1.8484714019e-05, 1.83109186764e-05, 1.88240519492e-05, 1.68610185938e-05, 1.47782120621e-05, 1.13817322926e-05, 5.94327229919e-06, 5.3187022786e-06, 3.35423987963e-06, 2.40311965172e-06, 1.62744095178e-06, 1.27335556499e-06, 1.48318986248e-06, 2.51346546065e-06, 3.61834918294e-06, 4.1401181079e-06, 3.44892941939e-06, 3.63246567758e-06, 4.48390301244e-06, 2.41026350523e-06], "median": [0.00874203536659, 0.00354217481799, 0.000352108036168, 0.000376553856768, 0.000462796771899, 0.000475747743621, 0.000256161118159, 5.6988603319e-05, 4.66249330202e-05, 1.7087233573e-05, 1.85268636415e-05, 1.69347295014e-05, 8.43189445732e-06, 1.0247420505e-05, 1.06394199975e-05, 1.00948818726e-05, 8.18415901449e-06, 1.67322232301e-05, 1.54443914653e-05, 1.43367315104e-05, 9.47418629949e-06, 7.86711279943e-06, 7.56352801545e-06, 6.76166564517e-06, 5.37601135875e-06, 5.29613953404e-06, 3.17099397762e-06, 2.70197779173e-06, 1.73133253156e-06, 1.06915126707e-06, 6.75730802868e-07, 4.98444705954e-07, 3.5673483012e-07, 5.58383703719e-07, 7.54886627874e-07, 9.29087775603e-07, 7.58401483836e-07, 8.95140601642e-07, 1.52537018039e-06, 7.96615950094e-07], "min": [2.87901236298e-24, 2.65748424636e-24, 2.96197094793e-24, 3.11315357662e-24, 2.5609708617e-24, 2.89540351209e-24, 2.2593098599e-24, 1.88989714482e-24, 2.84179153889e-24, 2.83108077995e-24, 1.92399329086e-24, 3.20082718319e-24, 2.36881420595e-24, 2.78436660651e-24, 3.98436958819e-24, 2.802200385e-24, 4.83119323171e-24, 3.06333267172e-24, 6.11859845182e-24, 5.48261208471e-24, 5.05958424099e-24, 4.28884307633e-24, 4.2402910542e-24, 3.96326992556e-24, 3.97386314422e-24, 4.22858554166e-24, 4.43161901157e-24, 5.19769643056e-24, 4.8623678314e-24, 6.98342114018e-24, 5.02645523842e-24, 6.53309358155e-24, 5.32362032471e-24, 6.77012813977e-24, 7.10028141696e-24, 5.99574086001e-24, 5.67739328069e-24, 6.16696351392e-24, 6.8417519768e-24, 7.3510508324e-24], "var": [4.93895058753e-05, 1.71724932443e-05, 1.85743635939e-06, 4.54204337075e-06, 2.08709366234e-06, 1.35143545776e-06, 7.35167191124e-07, 5.20089088241e-07, 3.5159243339e-07, 1.09135385173e-07, 4.4412519884e-08, 2.36511059626e-08, 1.06439239644e-08, 6.00175820153e-09, 3.66387764572e-09, 2.95934454719e-09, 1.7169838884e-09, 9.61181978454e-09, 3.45527406687e-09, 4.37450342616e-09, 7.46016026731e-10, 8.36919200609e-10, 1.70691305534e-09, 9.70288405178e-10, 7.38022032376e-10, 4.67726302134e-10, 7.38135108591e-11, 6.55006743289e-11, 2.74597254657e-11, 1.71104172497e-11, 1.19750546285e-11, 8.16591152336e-12, 1.2768017546e-11, 4.03885119793e-11, 2.39760850063e-10, 1.55391130519e-10, 8.22104190279e-11, 1.11270770375e-10, 2.12559581048e-10, 3.55007898079e-11]}, "mfcc": {"mean": [-649.146240234, 116.858299255, 21.6453933716, 29.8030338287, 27.2620239258, -4.24769210815, 1.01773703098, -2.24805116653, -2.70897269249, 6.76469755173, 0.257992267609, 2.81392359734, 5.45295190811], "cov": [[9660.06054688, 264.111816406, 341.660766602, 196.285446167, 453.353973389, 58.3385238647, 182.191314697, 255.302642822, 74.9746246338, 218.549316406, 86.6408920288, 277.424591064, 150.368255615], [264.111816406, 1169.93505859, -325.367553711, 118.946968079, 95.8015441895, -26.474193573, 118.940048218, -39.5874900818, 52.152053833, 29.2784023285, 54.8647613525, 6.06035757065, 62.23878479], [341.660766602, -325.367553711, 723.782104492, -54.2664070129, 37.0641326904, -20.8608131409, -27.105342865, 18.0451793671, -63.7214851379, -21.768863678, -2.40994524956, 24.9239139557, -31.5431880951], [196.285446167, 118.946968079, -54.2664070129, 392.373016357, 138.997741699, 127.62878418, -27.1091365814, -0.358816981316, 69.5827713013, 7.49584197998, 44.1992721558, 59.2240600586, 76.8537139893], [453.353973389, 95.8015441895, 37.0641326904, 138.997741699, 319.592559814, 82.0824356079, 13.9484605789, 12.1284294128, 40.6726303101, 39.0883865356, 4.74481010437, 68.9667663574, 41.4714851379], [58.3385238647, -26.474193573, -20.8608131409, 127.62878418, 82.0824356079, 350.409240723, 57.9759368896, 47.2336425781, 77.5955352783, 41.6750526428, 28.8994045258, 51.2587394714, 52.1670608521], [182.191314697, 118.940048218, -27.105342865, -27.1091365814, 13.9484605789, 57.9759368896, 204.294372559, 71.8614044189, 30.2575016022, 34.993812561, 37.4249992371, 26.3036880493, 16.9383049011], [255.302642822, -39.5874900818, 18.0451793671, -0.358816981316, 12.1284294128, 47.2336425781, 71.8614044189, 165.467163086, 51.3659057617, 35.3035545349, 7.28984642029, 27.7071285248, 17.7393302917], [74.9746246338, 52.152053833, -63.7214851379, 69.5827713013, 40.6726303101, 77.5955352783, 30.2575016022, 51.3659057617, 144.437927246, 45.7741661072, 24.482460022, 17.5446357727, 18.459438324], [218.549316406, 29.2784023285, -21.768863678, 7.49584197998, 39.0883865356, 41.6750526428, 34.993812561, 35.3035545349, 45.7741661072, 141.487518311, 56.5887069702, 36.5159912109, 18.5817394257], [86.6408920288, 54.8647613525, -2.40994524956, 44.1992721558, 4.74481010437, 28.8994045258, 37.4249992371, 7.28984642029, 24.482460022, 56.5887069702, 128.05960083, 54.4935112, 40.6927833557], [277.424591064, 6.06035757065, 24.9239139557, 59.2240600586, 68.9667663574, 51.2587394714, 26.3036880493, 27.7071285248, 17.5446357727, 36.5159912109, 54.4935112, 139.793533325, 69.8685531616], [150.368255615, 62.23878479, -31.5431880951, 76.8537139893, 41.4714851379, 52.1670608521, 16.9383049011, 17.7393302917, 18.459438324, 18.5817394257, 40.6927833557, 69.8685531616, 127.410163879]], "icov": [[0.000122965488117, -3.21441184497e-05, -6.14647869952e-05, -3.17574558721e-05, -0.000110415589006, 6.05641544098e-05, -3.77240103262e-05, -0.000146753096487, 4.57781170553e-05, -0.000135982510983, 6.59665456624e-05, -0.000134105968755, -2.3220309231e-05], [-3.21441184497e-05, 0.00121942337137, 0.000470496073831, -0.000281972403172, -0.000365974003216, 0.00044526864076, -0.000926870852709, 0.000630559399724, -0.000213592793443, 4.82747491333e-05, -0.000282409077045, 0.000454414606793, -0.000434022367699], [-6.14647869952e-05, 0.000470496073831, 0.00177315936889, 0.000169286475284, -0.00047661762801, 3.05228386424e-05, 8.02144277259e-05, -0.000287867325824, 0.000688855187036, 0.000435899710283, -0.000557517400011, -0.000256834580796, 0.000507162243593], [-3.17574558721e-05, -0.000281972403172, 0.000169286475284, 0.00417390931398, -0.0013301015133, -0.00105196225923, 0.00146111741196, 2.06914519367e-05, -0.00122387474403, 0.00134334887844, -0.00141216570046, -9.06285276869e-06, -0.00119663972873], [-0.000110415589006, -0.000365974003216, -0.00047661762801, -0.0013301015133, 0.00465658120811, -0.000374584575184, -0.000211726161069, 0.000575711834244, -0.000394394679461, -0.00123201822862, 0.00196403963491, -0.00184526504017, 0.000200504029635], [6.05641544098e-05, 0.00044526864076, 3.05228386424e-05, -0.00105196225923, -0.000374584575184, 0.00400664657354, -0.00128962716553, 5.02469192725e-05, -0.00125551887322, -0.000492883031256, 0.000418216252001, -0.000258149317233, -0.000739223847631], [-3.77240103262e-05, -0.000926870852709, 8.02144277259e-05, 0.00146111741196, -0.000211726161069, -0.00128962716553, 0.00740026403219, -0.00302870199084, 0.000189291487914, 0.00028116395697, -0.00193815666717, -0.000255294231465, 0.000361202692147], [-0.000146753096487, 0.000630559399724, -0.000287867325824, 2.06914519367e-05, 0.000575711834244, 5.02469192725e-05, -0.00302870199084, 0.00896043237299, -0.00277720810845, -0.00110283517279, 0.00180195248686, -0.000862689921632, -0.000810687546618], [4.57781170553e-05, -0.000213592793443, 0.000688855187036, -0.00122387474403, -0.000394394679461, -0.00125551887322, 0.000189291487914, -0.00277720810845, 0.0101942233741, -0.00202846364118, -0.000639080826659, 0.000675855379086, 0.000615400378592], [-0.000135982510983, 4.82747491333e-05, 0.000435899710283, 0.00134334887844, -0.00123201822862, -0.000492883031256, 0.00028116395697, -0.00110283517279, -0.00202846364118, 0.010436758399, -0.00446823006496, -0.000455719535239, 0.000602264073677], [6.59665456624e-05, -0.000282409077045, -0.000557517400011, -0.00141216570046, 0.00196403963491, 0.000418216252001, -0.00193815666717, 0.00180195248686, -0.000639080826659, -0.00446823006496, 0.0127080464736, -0.00354124419391, -0.00140242243651], [-0.000134105968755, 0.000454414606793, -0.000256834580796, -9.06285276869e-06, -0.00184526504017, -0.000258149317233, -0.000255294231465, -0.000862689921632, 0.000675855379086, -0.000455719535239, -0.00354124419391, 0.0126314619556, -0.00508866785094], [-2.3220309231e-05, -0.000434022367699, 0.000507162243593, -0.00119663972873, 0.000200504029635, -0.000739223847631, 0.000361202692147, -0.000810687546618, 0.000615400378592, 0.000602264073677, -0.00140242243651, -0.00508866785094, 0.0122991325334]]}, "spectral_contrast_coeffs": {"dmean": [0.0512333922088, 0.0558858923614, 0.0461318604648, 0.035387236625, 0.0258181244135, 0.0241613574326], "dmean2": [0.0819388628006, 0.0888616517186, 0.0717571079731, 0.0555253699422, 0.0400867797434, 0.0374211557209], "dvar": [0.00207514269277, 0.00237594358623, 0.00154936651234, 0.000918970850762, 0.000513315433636, 0.000666545005515], "dvar2": [0.00492057204247, 0.00590537628159, 0.00369600974955, 0.00217009824701, 0.00110961333849, 0.00131082185544], "max": [-0.245579361916, -0.360993802547, -0.481021761894, -0.50316542387, -0.568245172501, -0.58143299818], "mean": [-0.641840994358, -0.635694980621, -0.752806961536, -0.741708695889, -0.772432267666, -0.801415085793], "median": [-0.658607721329, -0.632349252701, -0.761589109898, -0.742035090923, -0.779071688652, -0.811587393284], "min": [-0.976988732815, -0.976334691048, -0.976067483425, -0.971210360527, -0.967754423618, -0.963593840599], "var": [0.0108889685944, 0.00849511660635, 0.00607921462506, 0.00464435108006, 0.00320726353675, 0.00239318818785]}, "spectral_contrast_valleys": {"dmean": [0.48976033926, 0.475919693708, 0.47434052825, 0.355285197496, 0.369558602571, 0.599192798138], "dmean2": [0.773955345154, 0.759781301022, 0.757742285728, 0.550622463226, 0.536230564117, 0.803339719772], "dvar": [0.245675995946, 0.219639956951, 0.238719731569, 0.156363278627, 0.172323539853, 0.425806164742], "dvar2": [0.52053296566, 0.506294846535, 0.543416857719, 0.310721069574, 0.297905176878, 0.724703669548], "max": [-4.93002462387, -4.58737039566, -5.06202507019, -6.12474107742, -5.77130794525, -7.12747240067], "mean": [-7.14426231384, -7.