{"lowlevel": {"average_loudness": 0.90382361412, "barkbands_crest": {"dmean": 2.57335424423, "dmean2": 3.64546704292, "dvar": 6.1043047905, "dvar2": 12.4715013504, "max": 26.2646770477, "mean": 10.9064207077, "median": 9.59036064148, "min": 2.26678943634, "var": 30.5214557648}, "barkbands_flatness_db": {"dmean": 0.0270995348692, "dmean2": 0.0381324589252, "dvar": 0.000855134974699, "dvar2": 0.0014634844847, "max": 0.484694540501, "mean": 0.162907928228, "median": 0.124986127019, "min": 0.0261498633772, "var": 0.0108428066596}, "barkbands_kurtosis": {"dmean": 2.98762845993, "dmean2": 4.40435647964, "dvar": 48.8046646118, "dvar2": 111.583869934, "max": 180.959106445, "mean": 4.30982780457, "median": 1.34463238716, "min": -1.8034299612, "var": 108.264213562}, "barkbands_skewness": {"dmean": 0.512872636318, "dmean2": 0.739514529705, "dvar": 0.359414488077, "dvar2": 0.738246262074, "max": 11.2330970764, "mean": 1.32244169712, "median": 0.973533332348, "min": -2.03482103348, "var": 1.64313805103}, "barkbands_spread": {"dmean": 5.73173332214, "dmean2": 8.30764865875, "dvar": 53.0480308533, "dvar2": 102.248847961, "max": 81.0685348511, "mean": 21.3924789429, "median": 19.505115509, "min": 0.369476824999, "var": 239.973770142}, "dissonance": {"dmean": 0.0250290594995, "dmean2": 0.0417214855552, "dvar": 0.000774763873778, "dvar2": 0.00198815087788, "max": 0.499999880791, "mean": 0.446073740721, "median": 0.460739731789, "min": 0.172661811113, "var": 0.00248330202885}, "dynamic_complexity": 2.40234994888, "erbbands_crest": {"dmean": 2.61194658279, "dmean2": 3.81570696831, "dvar": 5.86617851257, "dvar2": 11.5418720245, "max": 32.909526825, "mean": 11.0510559082, "median": 9.54074287415, "min": 2.4148709774, "var": 36.9818000793}, "erbbands_flatness_db": {"dmean": 0.0202254746109, "dmean2": 0.0277269557118, "dvar": 0.00048843678087, "dvar2": 0.000823664304335, "max": 0.532326281071, "mean": 0.190796256065, "median": 0.151452898979, "min": 0.060267560184, "var": 0.0112408222631}, "erbbands_kurtosis": {"dmean": 1.32012009621, "dmean2": 1.84167802334, "dvar": 5.48255968094, "dvar2": 8.00644397736, "max": 91.6319274902, "mean": 1.85033082962, "median": 0.806567549706, "min": -1.63458240032, "var": 18.339345932}, "erbbands_skewness": {"dmean": 0.352545320988, "dmean2": 0.495732724667, "dvar": 0.106260284781, "dvar2": 0.222267329693, "max": 5.10361671448, "mean": 0.476207792759, "median": 0.447956264019, "min": -2.02031731606, "var": 0.5906945467}, "erbbands_spread": {"dmean": 7.66839599609, "dmean2": 11.0557079315, "dvar": 90.6334152222, "dvar2": 189.593032837, "max": 125.0418396, "mean": 30.3061542511, "median": 26.878993988, "min": 0.571445941925, "var": 415.880828857}, "hfc": {"dmean": 11.7054185867, "dmean2": 16.4260902405, "dvar": 321.771606445, "dvar2": 649.791870117, "max": 156.816680908, "mean": 27.2615680695, "median": 19.5325775146, "min": 8.48798117659e-06, "var": 668.130249023}, "melbands_crest": {"dmean": 3.02678966522, "dmean2": 4.54616928101, "dvar": 8.88021945953, "dvar2": 18.658826828, "max": 35.4086532593, "mean": 14.4429292679, "median": 13.0124320984, "min": 3.90111684799, "var": 40.5711021423}, "melbands_flatness_db": {"dmean": 0.0336165577173, "dmean2": 0.0457663238049, "dvar": 0.00125551153906, "dvar2": 0.00221180124208, "max": 0.504894018173, "mean": 0.224636241794, "median": 0.200476139784, "min": 0.0317088328302, "var": 0.0117788948119}, "melbands_kurtosis": {"dmean": 6.07000637054, "dmean2": 9.23209190369, "dvar": 175.358657837, "dvar2": 403.746185303, "max": 241.924179077, "mean": 10.7810602188, "median": 4.12582874298, "min": -1.56602096558, "var": 456.760070801}, "melbands_skewness": {"dmean": 0.668769180775, "dmean2": 0.947919547558, "dvar": 0.613346993923, "dvar2": 1.23632919788, "max": 12.1304044724, "mean": 2.05998587608, "median": 1.61736297607, "min": -3.51278138161, "var": 3.35414528847}, "melbands_spread": {"dmean": 6.79169082642, "dmean2": 9.91249275208, "dvar": 70.0548400879, "dvar2": 148.656173706, "max": 137.864547729, "mean": 23.8381214142, "median": 20.8812484741, "min": 0.741767346859, "var": 354.681243896}, "pitch_salience": {"dmean": 0.0774969384074, "dmean2": 0.112099163234, "dvar": 0.00539459520951, "dvar2": 0.0109051056206, "max": 0.902624249458, "mean": 0.510920107365, "median": 0.527805328369, "min": 0.0961031913757, "var": 0.0223657470196}, "silence_rate_20dB": {"dmean": 0, "dmean2": 0, "dvar": 0, "dvar2": 0, "max": 1, "mean": 1, "median": 1, "min": 1, "var": 0}, "silence_rate_30dB": {"dmean": 0.0553802996874, "dmean2": 0.110799439251, "dvar": 0.0523132793605, "dvar2": 0.0985235050321, "max": 1, "mean": 0.88997900486, "median": 1, "min": 0, "var": 0.0979175418615}, "silence_rate_60dB": {"dmean": 0.00771118141711, "dmean2": 0.0150771392509, "dvar": 0.00765161076561, "dvar2": 0.0183563362807, "max": 1, "mean": 0.00875963550061, "median": 0, "min": 0, "var": 0.00868288520724}, "spectral_centroid": {"dmean": 236.598342896, "dmean2": 349.677703857, "dvar": 109067.96875, "dvar2": 192561.375, "max": 10674.4697266, "mean": 1246.71643066, "median": 1074.57543945, "min": 253.807983398, "var": 389747.21875}, "spectral_complexity": {"dmean": 4.78654050827, "dmean2": 7.03085565567, "dvar": 30.9256534576, "dvar2": 57.6585273743, "max": 58, "mean": 19.8917312622, "median": 17, "min": 0, "var": 115.562332153}, "spectral_decrease": {"dmean": 3.51982776259e-09, "dmean2": 5.26895771458e-09, "dvar": 2.91800633485e-17, "dvar2": 6.13963626186e-17, "max": -2.4531215e-16, "mean": -1.02196997531e-08, "median": -6.75841516085e-09, "min": -5.31334123366e-08, "var": 1.04813087738e-16}, "spectral_energy": {"dmean": 0.0140487877652, "dmean2": 0.0209203157574, "dvar": 0.000427415157901, "dvar2": 0.000904423883185, "max": 0.204551279545, "mean": 0.041044164449, "median": 0.0277512855828, "min": 1.69574954079e-09, "var": 0.00155958835967}, "spectral_energyband_high": {"dmean": 0.000949820911046, "dmean2": 0.0013183002593, "dvar": 3.38368613484e-06, "dvar2": 6.3852698986e-06, "max": 0.0165260285139, "mean": 0.00138368667103, "median": 0.000445556273917, "min": 8.21869627909e-10, "var": 6.29759233561e-06}, "spectral_energyband_low": {"dmean": 0.0106815164909, "dmean2": 0.0154004329816, "dvar": 0.0004709167697, "dvar2": 0.000904031272512, "max": 0.190632075071, "mean": 0.021496290341, "median": 0.007519248873, "min": 1.27096874691e-11, "var": 0.00133849564008}, "spectral_energyband_middle_high": {"dmean": 0.00281845265999, "dmean2": 0.00437833927572, "dvar": 1.87109872058e-05, "dvar2": 4.25487778557e-05, "max": 0.0879207625985, "mean": 0.00761488778517, "median": 0.00631301105022, "min": 6.0960797521e-10, "var": 4.60093360743e-05}, "spectral_energyband_middle_low": {"dmean": 0.00472002383322, "dmean2": 0.00721886521205, "dvar": 6.15662283963e-05, "dvar2": 0.00015165557852, "max": 0.070474922657, "mean": 0.011969242245, "median": 0.00955926347524, "min": 2.84131967954e-10, "var": 9.80436452664e-05}, "spectral_entropy": {"dmean": 0.205761238933, "dmean2": 0.284383386374, "dvar": 0.0570304952562, "dvar2": 0.104594163597, "max": 9.8000421524, "mean": 7.40278911591, "median": 7.67288303375, "min": 4.42931413651, "var": 0.68469697237}, "spectral_flux": {"dmean": 0.0347250886261, "dmean2": 0.054812271148, "dvar": 0.00173300108872, "dvar2": 0.00431035039946, "max": 0.353568404913, "mean": 0.091270133853, "median": 0.0678966194391, "min": 4.11794790125e-05, "var": 0.00425364822149}, "spectral_kurtosis": {"dmean": 4.8381986618, "dmean2": 7.89703559875, "dvar": 94.2461547852, "dvar2": 262.122619629, "max": 109.186859131, "mean": 11.481256485, "median": 3.86057066917, "min": -1.20041871071, "var": 360.596282959}, "spectral_rms": {"dmean": 0.000977086252533, "dmean2": 0.00139806291554, "dvar": 1.30259911657e-06, "dvar2": 2.38626398641e-06, "max": 0.0141266500577, "mean": 0.00571844121441, "median": 0.00520330900326, "min": 1.28623082674e-06, "var": 7.34249351808e-06}, "spectral_rolloff": {"dmean": 545.765441895, "dmean2": 865.254882812, "dvar": 933841, "dvar2": 1975639.125, "max": 8677.88085938, "mean": 1536.15380859, "median": 1012.06054688, "min": 64.599609375, "var": 2306981.25}, "spectral_skewness": {"dmean": 0.417596817017, "dmean2": 0.663453876972, "dvar": 0.357155501842, "dvar2": 0.998368322849, "max": 8.39249038696, "mean": 2.09073019028, "median": 1.64467442036, "min": 0.0620279200375, "var": 1.94042766094}, "spectral_spread": {"dmean": 627419.375, "dmean2": 929954.5625, "dvar": 1092979720190.0, "dvar2": 1605502107650.0, "max": 40432924, "mean": 4466809.5, "median": 4670153.5, "min": 566918.0625, "var": 4729867337730.0}, "spectral_strongpeak": {"dmean": 0.515258729458, "dmean2": 0.848037540913, "dvar": 0.60813254118, "dvar2": 1.41304254532, "max": 7.66328525543, "mean": 1.15014600754, "median": 0.781861662865, "min": 0, "var": 1.28867936134}, "zerocrossingrate": {"dmean": 0.0116513185203, "dmean2": 0.0125182848424, "dvar": 0.000182897027116, "dvar2": 0.000217305059778, "max": 0.24365234375, "mean": 0.0599778406322, "median": 0.0498046875, "min": 0.001953125, "var": 0.00153672986198}, "barkbands": {"dmean": [0.00018131264369, 0.00837583094835, 0.00354171707295, 0.00135749345645, 0.0014704830246, 0.000881789484993, 0.000618588936049, 0.00105870107654, 0.00096787622897, 0.00130339595489, 0.000551997625735, 0.000519149296451, 0.000373810325982, 0.000487633544253, 0.000419626652729, 0.000311558629619, 0.000279038562439, 0.000219435620238, 0.000104008329799, 0.000144812001963, 0.000170407103724, 0.000226479241974, 0.000237563115661, 0.00015888690541, 0.000123159727082, 2.90722382488e-05, 7.37015125196e-06], "dmean2": [0.000214271276491, 0.0128463385627, 0.00488834222779, 0.00237735407427, 0.00255027529784, 0.0014139728155, 0.00100705563091, 0.00150487397332, 0.00132340821438, 0.00177831482142, 0.000915621872991, 0.000804240873549, 0.000562836707104, 0.000795543426648, 0.000659765850287, 0.000492708291858, 0.000458616239484, 0.000368599721696, 0.000162463416927, 0.000218315239181, 0.000261131732259, 0.000304308632622, 0.000355791882612, 0.000224760675337, 0.000182132731425, 4.40277835878e-05, 1.08375788841e-05], "dvar": [5.01770330175e-07, 0.000324688153341, 8.48560157465e-05, 1.60404724738e-05, 1.40775418913e-05, 3.96125233237e-06, 1.31973467887e-06, 3.51947824129e-06, 2.57145961768e-06, 7.44909584682e-06, 1.12796499252e-06, 6.76307877256e-07, 2.85740071604e-07, 6.38434471512e-07, 4.96615598422e-07, 3.17645174164e-07, 3.72193369458e-07, 2.59989093365e-07, 3.54386990864e-08, 7.83170506224e-08, 1.08220760353e-07, 2.4545784072e-07, 3.67883586705e-07, 1.0667727679e-07, 6.91825761123e-08, 2.91952262366e-09, 2.19794571432e-10], "dvar2": [6.42339443857e-07, 0.000629981106613, 0.000157804664923, 4.40624789917e-05, 3.97882249672e-05, 7.88390480011e-06, 3.43691272064e-06, 7.20060552339e-06, 4.34924368165e-06, 1.34416268338e-05, 2.89182253255e-06, 1.57848285198e-06, 6.54089035379e-07, 1.73517548774e-06, 1.121102855e-06, 7.22499521544e-07, 9.84382950264e-07, 6.76254671816e-07, 7.82354661055e-08, 1.70458946513e-07, 2.29932524576e-07, 4.92600008783e-07, 8.55005168887e-07, 2.02929186344e-07, 1.52151969246e-07, 6.41595310213e-09, 4.69553396165e-10], "max": [0.0145196598023, 0.146489292383, 0.0736305639148, 0.0322442799807, 0.033631592989, 0.0440241098404, 0.0132448291406, 0.0263379514217, 0.0248114969581, 0.0867644101381, 0.0112813990563, 0.0119574610144, 0.00615785364062, 0.00731031177565, 0.00752893229946, 0.00516128027812, 0.0123696932569, 0.00689792912453, 0.00258323270828, 0.00366705073975, 0.00426861550659, 0.00796178821474, 0.00893393345177, 0.00288094393909, 0.00207551405765, 0.000417091156123, 0.000202675204491], "mean": [0.000340432918165, 0.0158836673945, 0.00457137264311, 0.00126831256784, 0.00203386507928, 0.00194173050113, 0.000951347523369, 0.00223733973689, 0.00213605863973, 0.00296956300735, 0.000810159370303, 0.00101229874417, 0.00077058095485, 0.000789151818026, 0.000620821665507, 0.000395259499783, 0.00038094323827, 0.000279844040051, 0.000165061894222, 0.00021762023971, 0.000249038304901, 0.000325112370774, 0.000297832477372, 0.000204311130801, 0.000143037861562, 3.75865165552e-05, 1.18446650959e-05], "median": [7.7524324297e-05, 0.00461929105222, 0.000953959824983, 0.000196787281311, 0.000978447962552, 0.000838608015329, 0.000498871493619, 0.000800749228802, 0.000825967057608, 0.00132318912074, 0.000215864303755, 0.000427497318015, 0.000337549427059, 0.000410209933762, 0.000247857911745, 0.000150072941324, 0.000176792847924, 9.65456274571e-05, 6.23232335784e-05, 6.94962436683e-05, 8.07180404081e-05, 8.38971318444e-05, 6.04211090831e-05, 4.53949360235e-05, 2.54546175711e-05, 6.58376984575e-06, 1.52051597979e-06], "min": [9.99312394986e-13, 8.51408527014e-12, 2.42922001958e-12, 2.04067513755e-12, 1.83614668609e-11, 2.38307013012e-11, 2.46827436962e-11, 4.87102441715e-11, 9.65986249324e-11, 1.0680702156e-10, 1.38884209688e-10, 2.51610451224e-11, 3.79792898519e-11, 4.40692170256e-11, 1.0693142552e-11, 4.1602946782e-11, 2.19871881119e-11, 1.04106084864e-10, 6.86388237914e-11, 9.26801205225e-11, 9.64635524237e-11, 1.18362722401e-10, 9.34148869369e-11, 2.70036520922e-10, 3.45812024849e-11, 1.14945067353e-10, 2.38418226134e-11], "var": [1.53596249675e-06, 0.000839716987684, 0.000125155318528, 1.15565080705e-05, 1.07339101305e-05, 1.7602902517e-05, 1.61565708368e-06, 1.21408720588e-05, 1.11156123239e-05, 2.44909697358e-05, 1.91724461729e-06, 1.91950198314e-06, 9.63645220509e-07, 1.00500562894e-06, 8.48404113185e-07, 4.11875333839e-07, 3.77946378194e-07, 2.79242982515e-07, 7.28758422497e-08, 1.36718611543e-07, 1.90245756926e-07, 4.33650370724e-07, 4.56876648514e-07, 1.7730980062e-07, 9.12922644147e-08, 4.26769819484e-09, 5.46592215933e-10]}, "erbbands": {"dmean": [0.199618116021, 2.19812655449, 4.80209255219, 3.52700567245, 4.60885238647, 4.98013353348, 7.28721475601, 7.09827375412, 8.38209629059, 10.6954879761, 24.510597229, 13.6698665619, 40.0076408386, 36.7330856323, 21.8493213654, 21.1957607269, 14.4150428772, 23.7335147858, 22.5037708282, 19.1596298218, 17.7508335114, 13.6493682861, 11.86241436, 8.51514339447, 3.99940371513, 6.71288394928, 6.95545578003, 7.07555627823, 8.54699993134, 7.04904079437, 6.98188781738, 3.86407494545, 2.27033209801, 1.68661880493, 0.730364620686, 0.188472405076, 0.0451268814504, 0.00959757249802, 0.0013249834301, 7.54463835619e-05], "dmean2": [0.269733846188, 3.46298742294, 6.67975997925, 5.44627428055, 8.14867305756, 8.65838050842, 11.8594856262, 11.5990037918, 13.3450994492, 17.8733081818, 33.3618011475, 19.3434467316, 55.0351791382, 51.6405258179, 36.3193054199, 32.3267860413, 22.1607456207, 37.4101028442, 36.7283477783, 29.7787380219, 27.9727706909, 22.0858154297, 20.031955719, 13.4679050446, 6.16983366013, 10.1570587158, 10.7808036804, 10.3060483932, 11.6712694168, 10.1566305161, 10.5367088318, 5.38792562485, 3.32551312447, 2.52029800415, 1.10133171082, 0.287060797215, 0.0682965666056, 0.0143059091642, 0.00195769034326, 0.000104754180938], "dvar": [0.184757873416, 23.7731876373, 148.830429077, 80.4459762573, 189.914962769, 143.846481323, 244.949859619, 253.348297119, 214.1431427, 658.350219727, 1705.20556641, 372.844421387, 2853.06103516, 9631.54199219, 1497.13684082, 1163.97521973, 487.534667969, 1271.07922363, 1941.48022461, 1230.64025879, 1265.7208252, 692.126831055, 787.25567627, 279.115753174, 50.3807601929, 167.585037231, 166.282165527, 256.876831055, 309.396484375, 354.33013916, 296.596862793, 62.6043815613, 22.0291595459, 12.7286462784, 2.66171264648, 0.14171770215, 0.00707579078153, 0.000289831921691, 7.06008768248e-06, 2.44519746673e-08], "dvar2": [0.298361152411, 49.0373916626, 288.615081787, 186.182739258, 538.647033691, 410.195068359, 581.788818359, 519.112854004, 517.88482666, 1857.4510498, 3038.56030273, 741.927490234, 5276.22265625, 16871.8339844, 3881.36083984, 2572.46826172, 1157.53930664, 3037.53198242, 5155.88916016, 2730.67407227, 2977.00463867, 1741.91564941, 2104.21435547, 661.899841309, 109.811096191, 365.752532959, 357.376098633, 543.098754883, 604.780029297, 832.96661377, 666.422180176, 124.370620728, 39.5018692017, 28.0811729431, 6.02834033966, 0.319257408381, 0.0158377587795, 0.000632953364402, 1.52998072735e-05, 5.13875413333e-08], "max": [6.55198144913, 34.2544975281, 105.984024048, 71.3588638306, 118.130867004, 111.889396667, 235.717758179, 310.050628662, 200.658782959, 265.353179932, 648.48840332, 283.872161865, 784.085388184, 3164.38525391, 420.632659912, 612.003112793, 297.991210938, 405.584991455, 497.275970459, 459.654907227, 540.288208008, 335.46206665, 373.776550293, 221.109237671, 94.1890640259, 148.266616821, 141.606506348, 315.651428223, 211.54864502, 383.365356445, 145.848144531, 64.6007843018, 47.3988227844, 30.6378669739, 13.647646904, 2.98254299164, 0.710239291191, 0.180840358138, 0.0364276580513, 0.00282912841067], "mean": [0.379171937704, 3.75529456139, 6.56324529648, 4.38807821274, 4.9329161644, 6.60053300858, 14.604883194, 14.3308744431, 14.4815034866, 15.4469881058, 56.9796333313, 35.5396308899, 105.808189392, 70.2741088867, 37.8949546814, 42.8814582825, 31.5845413208, 45.7200698853, 33.5462875366, 27.6432800293, 24.0168628693, 18.7200908661, 15.4911394119, 12.874335289, 6.39919996262, 10.1873445511, 10.2921657562, 10.1788549423, 12.2845811844, 9.3380241394, 8.77045154572, 5.04318141937, 2.85470366478, 1.96252036095, 0.821918547153, 0.220706999302, 0.0614819824696, 0.0151416230947, 0.00205134786665, 0.000147263635881], "median": [0.121685788035, 0.98068267107, 1.71297097206, 1.149477005, 1.24493777752, 3.55356550217, 6.0014591217, 6.16034507751, 7.56970596313, 9.06303787231, 21.4701595306, 23.6658439636, 59.6783332825, 30.2249526978, 19.1826648712, 22.5316619873, 16.5170402527, 24.1515007019, 14.751991272, 10.9887542725, 10.0726470947, 7.92358207703, 5.74622631073, 4.95212364197, 2.37234973907, 3.40896964073, 3.60887241364, 2.6936943531, 2.95216035843, 2.44976520538, 1.66213083267, 1.12206113338, 0.629365086555, 0.391529738903, 0.128326714039, 0.0372879430652, 0.00938876532018, 0.00167434208561, 0.000307069625705, 6.50026850053e-05], "min": [2.87494528184e-10, 1.71747593924e-09, 3.14114112498e-09, 4.87792739534e-09, 2.14685140776e-08, 6.82662104623e-08, 9.22499481248e-08, 2.41809431145e-07, 4.5489670697e-07, 3.24149254993e-07, 1.30555633859e-06, 1.7374085246e-06, 5.05021534991e-06, 2.04279353966e-06, 5.76515185458e-06, 9.11881159027e-07, 1.52662551045e-06, 2.87021566692e-06, 7.29883822714e-07, 1.11499764444e-06, 2.13998782783e-06, 1.80897552582e-06, 5.04928993905e-06, 4.2134947762e-06, 3.35909817295e-06, 3.74785122403e-06, 3.68161772712e-06, 4.23759911428e-06, 3.34809851665e-06, 2.76515447695e-06, 3.58618740393e-06, 9.53194648901e-06, 1.52054690261e-06, 4.38868624997e-07, 2.2154439705e-07, 1.39301192803e-07, 3.77815069896e-07, 4.46996644143e-08, 6.87325441007e-09, 6.99142910232e-10], "var": [0.575909614563, 53.2970848083, 233.123748779, 93.8533630371, 133.152023315, 105.81439209, 662.449645996, 1091.32873535, 362.569274902, 507.823760986, 7949.28369141, 1534.73266602, 14609.4277344, 25809.9257812, 2314.63989258, 3206.41040039, 1628.60266113, 3212.35986328, 2361.40185547, 1848.53955078, 1542.55749512, 831.601867676, 793.993225098, 470.337860107, 98.0872344971, 290.804229736, 306.63848877, 403.874389648, 584.836486816, 449.677947998, 390.281921387, 104.79499054, 35.698059082, 16.6085128784, 3.29113984108, 0.183470755816, 0.0114632174373, 0.000710014312062, 1.61427724379e-05, 5.56636052806e-08]}, "gfcc": {"mean": [-1.53544557095, 101.59223175, -128.282669067, 10.7358884811, -59.9862365723, 14.2881317139, -26.2439556122, 2.36485123634, -12.3744525909, -1.83532571793, -14.3592586517, -0.0719245821238, -3.68259882927], "cov": [[9759.8671875, -3750.40600586, 2921.2878418, 2615.68920898, 793.053100586, 2503.95019531, -112.725883484, 1275.98596191, -339.765472412, 862.830993652, 11.0857524872, 556.741455078, -244.733718872], [-3750.40600586, 2421.74511719, -1256.01977539, -1159.49536133, 0.0390494726598, -972.556945801, 308.840332031, -449.878112793, 267.721557617, -323.680725098, 77.3765563965, -317.525512695, 121.617752075], [2921.2878418, -1256.01977539, 1805.57287598, 1042.79736328, 439.580352783, 1021.73590088, -23.5353050232, 487.950927734, -103.28099823, 318.377105713, -12.0427837372, 293.682891846, -105.165534973], [2615.68920898, -1159.49536133, 1042.79736328, 1178.7277832, 299.514862061, 900.000854492, -88.0860443115, 435.078857422, -102.03351593, 308.543060303, 75.4875335693, 230.816223145, -27.9283809662], [793.053100586, 0.0390494726598, 439.580352783, 299.514862061, 481.149932861, 357.440490723, 158.439544678, 223.841247559, 63.9500083923, 139.262924194, 52.1080207825, 43.8480072021, -23.4033889771], [2503.95019531, -972.556945801, 1021.73590088, 900.000854492, 357.440490723, 1003.70690918, 36.8247795105, 446.124023438, -86.4698486328, 303.773895264, 86.2301330566, 209.987716675, -32.6711769104], [-112.725883484, 308.840332031, -23.5353050232, -88.0860443115, 158.439544678, 36.8247795105, 271.698120117, 59.5467529297, 88.0018310547, 1.09052991867, 42.1430473328, -45.1203842163, -1.18102347851], [1275.98596191, -449.878112793, 487.950927734, 435.078857422, 223.841247559, 446.124023438, 59.5467529297, 361.515686035, -3.58143162727, 172.293655396, 53.7573394775, 96.2402267456, -15.2989263535], [-339.765472412, 267.721557617, -103.28099823, -102.03351593, 63.9500083923, -86.4698486328, 88.0018310547, -3.58143162727, 141.427520752, 12.4899663925, 26.8801937103, -47.7301635742, 8.69768810272], [862.830993652, -323.680725098, 318.377105713, 308.543060303, 139.262924194, 303.773895264, 1.09052991867, 172.293655396, 12.4899663925, 188.719161987, 73.3008422852, 79.1983184814, -15.7190513611], [11.0857524872, 77.3765563965, -12.0427837372, 75.4875335693, 52.1080207825, 86.2301330566, 42.1430473328, 53.7573394775, 26.8801937103, 73.3008422852, 138.244537354, 47.5671882629, 30.7074108124], [556.741455078, -317.525512695, 293.682891846, 230.816223145, 43.8480072021, 209.987716675, -45.1203842163, 96.2402267456, -47.7301635742, 79.1983184814, 47.5671882629, 156.253890991, 19.4055480957], [-244.733718872, 121.617752075, -105.165534973, -27.9283809662, -23.4033889771, -32.6711769104, -1.18102347851, -15.2989263535, 8.69768810272, -15.7190513611, 30.7074108124, 19.4055480957, 77.494682312]], "icov": [[0.000524412607774, 0.000417180097429, 2.02508417715e-05, -0.000211962178582, -0.000155585308676, -0.000399217591621, -0.000263203139184, -0.000281863904092, 0.000307236710796, -0.000596958387177, 0.000480612390675, 0.000145520767546, 0.000295110949082], [0.000417180097429, 0.00221640057862, -9.30554233491e-05, 0.000640776299406, -0.00156765268184, 0.000381807854865, -0.000665584986564, 0.000520700414199, -0.000398749514716, 0.00092478399165, -0.00195165409241, 0.00187960511539, -0.00174101977609], [2.02508417715e-05, -9.30554233491e-05, 0.0021811244078, -0.000551877776161, -0.000528841861524, -0.00116277567577, 2.11351616599e-05, -0.000172090207343, -0.000544321257621, -5.20929461345e-05, 0.00213145557791, -0.00278311152942, 0.00219030957669], [-0.000211962178582, 0.000640776299406, -0.000551877776161, 0.00398743757978, -0.000752802880015, -0.00164387037512, 0.00168367219158, -0.000472740997793, -0.000313541240757, 0.000294546684017, -0.00165222561918, 0.00083837780403, -0.0014352692524], [-0.000155585308676, -0.00156765268184, -0.000528841861524, -0.000752802880015, 0.00546703021973, -0.000831253186334, -0.00148240523413, -0.00107579666656, -0.000940450292546, -0.00167628668714, 0.00162991287652, -0.000811558915302, 0.00136841775384], [-0.000399217591621, 0.000381807854865, -0.00116277567577, -0.00164387037512, -0.000831253186334, 0.00650899158791, -0.00196870462969, -0.000822158297524, 0.00271623185836, -0.00212250323966, -0.00143614644185, 0.000840184453409, -0.00210626982152], [-0.000263203139184, -0.000665584986564, 2.11351616599e-05, 0.00168367219158, -0.00148240523413, -0.00196870462969, 0.00800662580878, -0.00166132708546, -0.00322885345668, 0.00386275001802, -0.00263042678125, 0.00115501845721, 0.00126415945124], [-0.000281863904092, 0.000520700414199, -0.000172090207343, -0.000472740997793, -0.00107579666656, -0.000822158297524, -0.00166132708546, 0.00806414149702, -0.00050950696459, -0.00206208229065, -0.000278233492281, 0.000207222052268, -0.00151876569726], [0.000307236710796, -0.000398749514716, -0.000544321257621, -0.000313541240757, -0.000940450292546, 0.00271623185836, -0.00322885345668, -0.00050950696459, 0.0137701071799, -0.00643391534686, 0.000300337327644, 0.00324099487625, -0.00232543470338], [-0.000596958387177, 0.00092478399165, -5.20929461345e-05, 0.000294546684017, -0.00167628668714, -0.00212250323966, 0.00386275001802, -0.00206208229065, -0.00643391534686, 0.0202006101608, -0.00912750698626, -0.000483713054564, 0.00350713310763], [0.000480612390675, -0.00195165409241, 0.00213145557791, -0.00165222561918, 0.00162991287652, -0.00143614644185, -0.00263042678125, -0.000278233492281, 0.000300337327644, -0.00912750698626, 0.0178837142885, -0.00701794680208, -0.000544712296687], [0.000145520767546, 0.00187960511539, -0.00278311152942, 0.00083837780403, -0.000811558915302, 0.000840184453409, 0.00115501845721, 0.000207222052268, 0.00324099487625, -0.000483713054564, -0.00701794680208, 0.0173407848924, -0.00782064720988], [0.000295110949082, -0.00174101977609, 0.00219030957669, -0.0014352692524, 0.00136841775384, -0.00210626982152, 0.00126415945124, -0.00151876569726, -0.00232543470338, 0.00350713310763, -0.000544712296687, -0.00782064720988, 0.0214148499072]]}, "melbands": {"dmean": [0.00207098457031, 0.00259071611799, 0.000603184860665, 0.000324194174027, 0.000248210883001, 0.000157983828103, 0.00012948398944, 0.000133461653604, 0.000181581053766, 0.000115263246698, 0.000201971211936, 0.000156338122906, 8.24385351734e-05, 6.3553918153e-05, 3.64695988537e-05, 3.93000955228e-05, 4.51682099083e-05, 3.83555016015e-05, 2.85839032585e-05, 2.3837763365e-05, 2.22841699724e-05, 1.53054807015e-05, 1.23570034702e-05, 1.14094982564e-05, 6.92989306117e-06, 3.12001361635e-06, 4.15779686591e-06, 4.53315442428e-06, 4.52083349956e-06, 4.33796003563e-06, 4.34730736742e-06, 5.51848734176e-06, 3.92718038711e-06, 4.11852397519e-06, 4.59503053207e-06, 2.92445952255e-06, 2.06643153433e-06, 1.7070915419e-06, 1.32099410166e-06, 1.49162087837e-06], "dmean2": [0.00302023207769, 0.00387743045576, 0.000896786805242, 0.000568490184378, 0.000409572239732, 0.000256247090874, 0.000206657117815, 0.000218485147343, 0.000246112438617, 0.000160530660651, 0.00027748499997, 0.000219179055421, 0.000136815331643, 9.89724358078e-05, 5.53110621695e-05, 6.01219107921e-05, 7.15722999303e-05, 6.33711897535e-05, 4.46720005129e-05, 3.79837147193e-05, 3.576574818e-05, 2.51112724072e-05, 2.05194519367e-05, 1.95585325855e-05, 1.08978701974e-05, 4.91666742164e-06, 6.49100820738e-06, 6.90246406521e-06, 7.09903588358e-06, 6.90158231009e-06, 6.30239946986e-06, 7.94198967924e-06, 5.39269467481e-06, 6.19605498287e-06, 7.12670498615e-06, 4.17792398366e-06, 2.94671212941e-06, 2.49299250754e-06, 2.02576597985e-06, 2.2671165425e-06], "dvar": [1.87180958164e-05, 3.80585588573e-05, 2.13263592741e-06, 7.80477705575e-07, 2.79610901543e-07, 1.26148904656e-07, 5.14817735109e-08, 9.93737003796e-08, 9.14159059562e-08, 3.31711689228e-08, 7.25449638139e-08, 1.89697033193e-07, 2.47177371904e-08, 1.05165911535e-08, 2.93124124973e-09, 3.16193604633e-09, 4.49293713345e-09, 6.33555607976e-09, 2.41188469197e-09, 1.87629178861e-09, 2.38589126234e-09, 9.64735957787e-10, 6.32476959694e-10, 7.84241227514e-10, 1.85610735115e-10, 3.23185957163e-11, 8.90555754141e-11, 7.52414172633e-11, 7.34769398103e-11, 6.40739614144e-11, 1.42932526925e-10, 1.4591847175e-10, 6.75613245904e-11, 1.47927073368e-10, 1.38322686638e-10, 4.23784687897e-11, 1.70239308761e-11, 1.31623757033e-11, 7.17409335063e-12, 1.05095793179e-11], "dvar2": [3.46382585121e-05, 7.60713010095e-05, 4.71641851618e-06, 2.22953030971e-06, 7.05901754827e-07, 2.51954702435e-07, 1.25965627262e-07, 2.69967245003e-07, 1.59640336506e-07, 6.00512635174e-08, 1.34786674266e-07, 3.31384995889e-07, 6.35337684685e-08, 2.47248266305e-08, 6.94514401545e-09, 7.04565827903e-09, 1.11417870485e-08, 1.72925069819e-08, 5.31229593648e-09, 4.45404468863e-09, 5.95496452149e-09, 2.50618836795e-09, 1.59169033509e-09, 2.13592565856e-09, 4.3409945083e-10, 7.45687608883e-11, 2.0251109123e-10, 1.6314538609e-10, 1.64649696655e-10, 1.46092513087e-10, 3.23192195228e-10, 3.17540660433e-10, 1.30716854008e-10, 3.66484342873e-10, 3.20596743597e-10, 8.51283904479e-11, 3.44709712163e-11, 2.37060180514e-11, 1.51216105609e-11, 2.35913077268e-11], "max": [0.0477361641824, 0.0538680814207, 0.0123444413766, 0.00877269543707, 0.00675696088001, 0.00731136091053, 0.00301032932475, 0.0032242895104, 0.00497988658026, 0.00280043599196, 0.0039089685306, 0.014122389257, 0.00166935939342, 0.00140095280949, 0.000673162168823, 0.000644165615086, 0.000719714327715, 0.000769031932577, 0.000616022385657, 0.000468133250251, 0.000931396731175, 0.000529871147592, 0.000308793853037, 0.000372567359591, 0.000204583848245, 7.25134814274e-05, 0.000119016745884, 0.000123058387544, 0.000102547171991, 0.000100227742223, 0.000267523952061, 0.000151785614435, 0.000136337985168, 0.00024522372405, 8.93023971003e-05, 8.80893785506e-05, 3.67312459275e-05, 3.50834161509e-05, 2.65149028564e-05, 3.06598340103e-05], "mean": [0.00398774119094, 0.00415025092661, 0.00080809922656, 0.000384707789635, 0.000475270819152, 0.000330152310198, 0.000218119603232, 0.000206034776056, 0.000425830483437, 0.000270512100542, 0.000533664831892, 0.000285621383227, 0.00012971846445, 0.000123366975458, 7.44701610529e-05, 7.92050050222e-05, 8.37356856209e-05, 5.32011181349e-05, 4.37879789388e-05, 3.00370684272e-05, 2.8890921385e-05, 1.99587975658e-05, 1.61876887432e-05, 1.36414410008e-05, 1.03719230538e-05, 4.77481989947e-06, 5.8277687458e-06, 6.78334708937e-06, 6.54413634038e-06, 5.76840557187e-06, 5.9759463511e-06, 7.38323478799e-06, 5.79069501327e-06, 5.03011233377e-06, 5.62206014365e-06, 3.83137603421e-06, 2.64587856691e-06, 2.07972766475e-06, 1.64057485108e-06, 1.66159645687e-06], "median": [0.00121593358926, 0.00119364366401, 0.000218703658902, 0.000148291088408, 0.000214131985558, 0.000144706398714, 0.000112117566459, 0.000109782609798, 0.000165058620041, 0.000134764850372, 0.000299960083794, 0.000105722167064, 4.74930930068e-05, 5.0922302762e-05, 3.60147751053e-05, 3.80439596483e-05, 4.42040109192e-05, 2.11805399886e-05, 1.69799986907e-05, 1.13226506073e-05, 1.20357635751e-05, 8.31511351862e-06, 5.55177393835e-06, 4.87773195346e-06, 3.76552907255e-06, 1.76741400537e-06, 1.60766830959e-06, 2.29514307648e-06, 2.16322814595e-06, 2.01447346626e-06, 1.38596533361e-06, 1.48618676121e-06, 1.57482918439e-06, 1.20404411064e-06, 9.49336936173e-07, 8.2264023149e-07, 6.12315147919e-07, 4.35251081399e-07, 3.70421389562e-07, 2.89825521804e-07], "min": [2.51297442057e-12, 1.90500523342e-12, 1.20093171518e-12, 3.09224998038e-12, 3.34671569971e-12, 5.58660799913e-12, 6.53092120315e-12, 4.77585072184e-12, 1.0260744511e-11, 1.31066251602e-11, 2.52659403815e-11, 6.82417490572e-12, 2.04082965805e-11, 5.31571748424e-12, 1.06697528417e-12, 5.03992897763e-12, 5.35199141949e-12, 1.08881946428e-12, 1.04479315824e-12, 2.66961973361e-12, 2.09936495271e-12, 1.54945663505e-12, 3.37795546743e-12, 4.84086295355e-12, 3.29830325378e-12, 3.0836761096e-12, 2.50094454694e-12, 2.44000522912e-12, 2.42814796048e-12, 2.08768028906e-12, 2.98660683858e-12, 1.57838640161e-12, 2.8620220343e-12, 8.61679813873e-13, 1.76057519258e-12, 2.52331489037e-12, 7.67609066588e-12, 6.7294330915e-13, 3.44967489904e-13, 3.59455249854e-13], "var": [5.22122427355e-05, 7.31375548639e-05, 2.80508447759e-06, 5.45490934201e-07, 5.98963708853e-07, 5.65176662803e-07, 8.35989837356e-08, 9.8158963624e-08, 4.45210247335e-07, 1.38879215683e-07, 3.70470019107e-07, 5.06848380155e-07, 4.02640871755e-08, 2.98153999267e-08, 8.83474449154e-09, 9.7312629066e-09, 1.05305595355e-08, 6.99968660811e-09, 4.63594007627e-09, 2.35561303796e-09, 2.51421328201e-09, 1.02674602154e-09, 7.93159427026e-10, 7.26397886286e-10, 3.25031224158e-10, 6.01191527116e-11, 1.26831531388e-10, 1.3284198741e-10, 1.27639163128e-10, 1.04774321164e-10, 1.84713980222e-10, 2.3428764484e-10, 1.26321231253e-10, 1.58740479095e-10, 1.7171981892e-10, 6.71536298791e-11, 2.78061341313e-11, 2.06104786016e-11, 1.03940979088e-11, 1.29525912565e-11]}, "mfcc": {"mean": [-641.190979004, 132.506408691, -7.01167154312, 1.06668388844, -6.8925909996, 6.04292583466, -5.32561349869, 3.73253059387, 4.78472566605, 1.52817761898, 0.350971907377, -0.936357915401, -5.57226991653], "cov": [[8208.11035156, -3183.59301758, 1588.44580078, 1175.84179688, 1327.17102051, 1423.78955078, 992.783813477, 924.063171387, 395.832061768, 435.140472412, 247.88180542, 531.360595703, 686.672302246], [-3183.59301758, 2203.03759766, -912.200866699, -490.303314209, -505.207550049, -517.973876953, -236.335845947, -293.527038574, -40.6843109131, -40.2056694031, 61.8206176758, -156.521697998, -306.646728516], [1588.44580078, -912.200866699, 1059.62902832, 372.023529053, 486.992340088, 447.609436035, 247.659729004, 296.42364502, 96.3050079346, 87.165222168, -18.7340526581, 115.97971344, 232.15965271], [1175.84179688, -490.303314209, 372.023529053, 449.919281006, 368.515899658, 334.786560059, 226.895599365, 223.344833374, 107.417106628, 100.18548584, 46.7779541016, 154.166748047, 186.654052734], [1327.17102051, -505.207550049, 486.992340088, 368.515899658, 558.317504883, 404.101898193, 273.436065674, 259.217498779, 134.712173462, 122.462432861, 57.438835144, 169.607711792, 223.248580933], [1423.78955078, -517.973876953, 447.609436035, 334.786560059, 404.101898193, 525.903198242, 306.866546631, 268.768188477, 112.337020874, 141.502182007, 64.4991531372, 145.480361938, 202.112823486], [992.783813477, -236.335845947, 247.659729004, 226.895599365, 273.436065674, 306.866546631, 344.471313477, 246.010299683, 104.751190186, 126.53313446, 95.39478302, 132.707336426, 135.295639038], [924.063171387, -293.527038574, 296.42364502, 223.344833374, 259.217498779, 268.768188477, 246.010299683, 272.367370605, 119.179580688, 100.535667419, 55.3634338379, 110.471542358, 136.060699463], [395.832061768, -40.6843109131, 96.3050079346, 107.417106628, 134.712173462, 112.337020874, 104.751190186, 119.179580688, 139.159378052, 96.6974487305, 47.8074455261, 45.1667137146, 42.0273246765], [435.140472412, -40.2056694031, 87.165222168, 100.18548584, 122.462432861, 141.502182007, 126.53313446, 100.535667419, 96.6974487305, 161.927627563, 100.368766785, 61.8882102966, 43.1092681885], [247.88180542, 61.8206176758, -18.7340526581, 46.7779541016, 57.438835144, 64.4991531372, 95.39478302, 55.3634338379, 47.8074455261, 100.368766785, 144.54750061, 76.4218063354, 23.5279045105], [531.360595703, -156.521697998, 115.97971344, 154.166748047, 169.607711792, 145.480361938, 132.707336426, 110.471542358, 45.1667137146, 61.8882102966, 76.4218063354, 159.546325684, 129.308364868], [686.672302246, -306.646728516, 232.15965271, 186.654052734, 223.248580933, 202.112823486, 135.295639038, 136.060699463, 42.0273246765, 43.1092681885, 23.5279045105, 129.308364868, 194.919509888]], "icov": [[0.000532465870492, 0.000662601203658, 0.000129773194203, -8.01580608822e-06, -0.000114787100756, -0.000394783361116, -0.000415337592131, -0.000104651779111, -0.000471456412924, 0.000106974133814, -0.000570139731281, -1.23501718008e-06, 6.9508481829e-05], [0.000662601203658, 0.00165762763936, 0.000608729897067, 0.000422249286203, -0.000214373372728, -0.000199272210011, -0.000787334807683, 8.17769905552e-05, -0.0011300399201, 0.000148028615513, -0.00103058898821, -1.79906473932e-05, 0.000432971282862], [0.000129773194203, 0.000608729897067, 0.00229972670786, -3.78372897103e-06, -0.00117514375597, -0.000500086927786, 0.000490200531203, -0.0015254082391, 0.000698513991665, -0.000502112845425, 0.000464512908366, 0.000899171398487, -0.000338115205523], [-8.01580608822e-06, 0.000422249286203, -3.78372897103e-06, 0.00625243829563, -0.00173256394919, -0.00108378799632, 8.63449604367e-05, -0.000702854944393, -0.00100761721842, -0.000157108908752, 0.000947573280428, -0.00249332003295, 4.02363511967e-05], [-0.000114787100756, -0.000214373372728, -0.00117514375597, -0.00173256394919, 0.00664460938424, -0.00160937942564, -0.000774551124778, 0.00110991275869, -0.00269466708414, 0.000710185966454, 8.2984151959e-05, -0.000937978213187, -0.00201662816107], [-0.000394783361116, -0.000199272210011, -0.000500086927786, -0.00108378799632, -0.00160937942564, 0.007490912918, -0.00244813226163, -0.000786993128713, 0.00202415371314, -0.00298117147759, 0.00112564931624, 0.00161621998996, -0.00194989191368], [-0.000415337592131, -0.000787334807683, 0.000490200531203, 8.63449604367e-05, -0.000774551124778, -0.00244813226163, 0.0118867596611, -0.00801705382764, 0.00287170172669, -0.00144018686842, -0.00154999783263, -0.00172132288571, 0.00135741429403], [-0.000104651779111, 8.17769905552e-05, -0.0015254082391, -0.000702854944393, 0.00110991275869, -0.000786993128713, -0.00801705382764, 0.0174341481179, -0.00832105800509, 0.00242338003591, 0.00028639685479, -0.000131829365273, -0.00276184640825], [-0.000471456412924, -0.0011300399201, 0.000698513991665, -0.00100761721842, -0.00269466708414, 0.00202415371314, 0.00287170172669, -0.00832105800509, 0.0193644482642, -0.00966650806367, 0.00285684550181, 0.000527555122972, 0.0020864137914], [0.000106974133814, 0.000148028615513, -0.000502112845425, -0.000157108908752, 0.000710185966454, -0.00298117147759, -0.00144018686842, 0.00242338003591, -0.00966650806367, 0.0196560975164, -0.0108347795904, 0.00235699373297, -0.000328448251821], [-0.000570139731281, -0.00103058898821, 0.000464512908366, 0.000947573280428, 8.2984151959e-05, 0.00112564931624, -0.00154999783263, 0.00028639685479, 0.00285684550181, -0.0108347795904, 0.0197260659188, -0.0103254662827, 0.00478935707361], [-1.23501718008e-06, -1.79906473932e-05, 0.000899171398487, -0.00249332003295, -0.000937978213187, 0.00161621998996, -0.00172132288571, -0.000131829365273, 0.000527555122972, 0.00235699373297, -0.0103254662827, 0.0234461352229, -0.0129647813737], [6.9508481829e-05, 0.000432971282862, -0.000338115205523, 4.02363511967e-05, -0.00201662816107, -0.00194989191368, 0.00135741429403, -0.00276184640825, 0.0020864137914, -0.000328448251821, 0.00478935707361, -0.0129647813737, 0.0188934598118]]}, "spectral_contrast_coeffs": {"dmean": [0.0505608357489, 0.0430640801787, 0.0466492250562, 0.0369342006743, 0.0227852743119, 0.0190248992294], "dmean2": [0.084816083312, 0.0690070092678, 0.0727216601372, 0.0579929165542, 0.0373102575541, 0.0301680434495], "dvar": [0.0020118218381, 0.00130854046438, 0.00174700294156, 0.00106317980681, 0.000387831736589, 0.000357755925506], "dvar2": [0.00520842522383, 0.00321419048123, 0.0039707897231, 0.00255067483522, 0.000977578572929, 0.000878876657225], "max": [-0.304697453976, -0.456112802029, -0.370940327644, -0.503566324711, -0.605688512325, -0.606119990349], "mean": [-0.639672338963, -0.718586087227, -0.698415994644, -0.750755012035, -0.782123804092, -0.75864648819], "median": [-0.662626683712, -0.722371459007, -0.702845573425, -0.760311245918, -0.790951251984, -0.762262880802], "min": [-0.935754656792, -0.961651444435, -0.969359278679, -0.96268337965, -0.96055662632, -0.959248065948], "var": [0.009831154719, 0.00503435637802, 0.00898234546185, 0.00486739492044, 0.0023850298021, 0.00147533719428]}, "spectral_contrast_valleys": {"dmean": [0.409553587437, 0.385124564171, 0.434292793274, 0.426101326942, 0.387352347374, 0.474754720926], "dmean2": [0.665829241276, 0.614406824112, 0.686460614204, 0.670963823795, 0.561954259872, 0.66050863266], "dvar": [0.244940698147, 0.252047091722, 0.312238544226, 0.3244176507, 0.281327873468, 0.348471909761], "dvar2": [0.432331740856, 0.4194201231, 0.54383212328, 0.594278693199, 0.468003720045, 0.61890155077], "max": [-5.27679538727, -4.76598787308, -5.060550