{"lowlevel": {"average_loudness": 0.938135743141, "barkbands_crest": {"dmean": 1.62597882748, "dmean2": 2.71218633652, "dvar": 4.86195373535, "dvar2": 13.955789566, "max": 21.2795333862, "mean": 8.54328346252, "median": 8.09644985199, "min": 3.66053676605, "var": 6.66818904877}, "barkbands_flatness_db": {"dmean": 0.0159408878535, "dmean2": 0.0275424309075, "dvar": 0.000474488799227, "dvar2": 0.00133382424247, "max": 0.339861065149, "mean": 0.105887442827, "median": 0.0972184464335, "min": 0.0358696989715, "var": 0.00187528668903}, "barkbands_kurtosis": {"dmean": 1.71843528748, "dmean2": 2.89029097557, "dvar": 9.8918170929, "dvar2": 27.1449756622, "max": 74.5085372925, "mean": 3.72379899025, "median": 3.22841882706, "min": -1.80595827103, "var": 9.12618923187}, "barkbands_skewness": {"dmean": 0.333537012339, "dmean2": 0.547704696655, "dvar": 0.255810141563, "dvar2": 0.696756362915, "max": 7.40610980988, "mean": 1.75209259987, "median": 1.81403362751, "min": -2.13665056229, "var": 0.688477873802}, "barkbands_spread": {"dmean": 6.49066114426, "dmean2": 11.2177858353, "dvar": 108.03150177, "dvar2": 306.773590088, "max": 85.8291473389, "mean": 26.2415561676, "median": 23.8468532562, "min": 2.21244311333, "var": 105.620834351}, "dissonance": {"dmean": 0.0202006921172, "dmean2": 0.0339684486389, "dvar": 0.000307225651341, "dvar2": 0.000819372886326, "max": 0.499984115362, "mean": 0.443214952946, "median": 0.445087403059, "min": 0.21816585958, "var": 0.00123759533744}, "dynamic_complexity": 2.77935910225, "erbbands_crest": {"dmean": 1.33140099049, "dmean2": 2.08111715317, "dvar": 2.62091875076, "dvar2": 5.83289194107, "max": 16.9506511688, "mean": 7.74613666534, "median": 7.42064142227, "min": 2.2028336525, "var": 9.20738124847}, "erbbands_flatness_db": {"dmean": 0.00853482075036, "dmean2": 0.0127906706184, "dvar": 0.00014787701366, "dvar2": 0.000294396450045, "max": 0.366549491882, "mean": 0.108125969768, "median": 0.0971726253629, "min": 0.0547857098281, "var": 0.00161376735196}, "erbbands_kurtosis": {"dmean": 0.331628203392, "dmean2": 0.53733754158, "dvar": 0.142693176866, "dvar2": 0.328477084637, "max": 5.0975561142, "mean": -0.25935164094, "median": -0.205189228058, "min": -1.6242814064, "var": 0.474516063929}, "erbbands_skewness": {"dmean": 0.18046964705, "dmean2": 0.295000344515, "dvar": 0.0476851984859, "dvar2": 0.125515371561, "max": 1.79001009464, "mean": 0.63096922636, "median": 0.724084734917, "min": -0.804522752762, "var": 0.132268860936}, "erbbands_spread": {"dmean": 8.14209842682, "dmean2": 12.2851486206, "dvar": 134.755432129, "dvar2": 304.903076172, "max": 118.689346313, "mean": 54.0412368774, "median": 50.0877876282, "min": 5.48873806, "var": 273.404022217}, "hfc": {"dmean": 11.0266809464, "dmean2": 17.9229621887, "dvar": 430.103668213, "dvar2": 1131.72351074, "max": 132.477111816, "mean": 24.2797794342, "median": 16.5493831635, "min": 1.06028851333e-16, "var": 454.166107178}, "melbands_crest": {"dmean": 1.90590572357, "dmean2": 3.06121397018, "dvar": 5.57660150528, "dvar2": 12.421787262, "max": 31.3147068024, "mean": 11.2957830429, "median": 10.6292238235, "min": 1.68421471119, "var": 15.4761142731}, "melbands_flatness_db": {"dmean": 0.0186019316316, "dmean2": 0.0313727818429, "dvar": 0.000651469978038, "dvar2": 0.00182132131886, "max": 0.436524093151, "mean": 0.174945116043, "median": 0.175219744444, "min": 0.00325695262291, "var": 0.00243572797626}, "melbands_kurtosis": {"dmean": 5.18939971924, "dmean2": 8.35565567017, "dvar": 113.24697113, "dvar2": 292.151824951, "max": 126.317062378, "mean": 14.7058458328, "median": 12.2166452408, "min": -1.39100646973, "var": 117.219284058}, "melbands_skewness": {"dmean": 0.481639951468, "dmean2": 0.728791236877, "dvar": 0.590873360634, "dvar2": 1.37840306759, "max": 9.28266334534, "mean": 2.98419284821, "median": 2.8909778595, "min": -0.245564684272, "var": 1.13312613964}, "melbands_spread": {"dmean": 4.74108457565, "dmean2": 7.94670200348, "dvar": 60.0147628784, "dvar2": 156.507644653, "max": 159.238265991, "mean": 22.860704422, "median": 18.4621620178, "min": 2.63494896889, "var": 430.850280762}, "pitch_salience": {"dmean": 0.0522903315723, "dmean2": 0.0871272161603, "dvar": 0.0036822820548, "dvar2": 0.00975873321295, "max": 0.854539811611, "mean": 0.57732707262, "median": 0.568601310253, "min": 0.242467567325, "var": 0.0106928450987}, "silence_rate_20dB": {"dmean": 0, "dmean2": 0, "dvar": 0, "dvar2": 0, "max": 1, "mean": 1, "median": 1, "min": 1, "var": 0}, "silence_rate_30dB": {"dmean": 0.0319510549307, "dmean2": 0.0639238357544, "dvar": 0.0309308040887, "dvar2": 0.0761599391699, "max": 1, "mean": 0.975535154343, "median": 1, "min": 0, "var": 0.0238660909235}, "silence_rate_60dB": {"dmean": 0.000679809658322, "dmean2": 0.00136008160189, "dvar": 0.000679362216033, "dvar2": 0.00135828927159, "max": 1, "mean": 0.0458715595305, "median": 0, "min": 0, "var": 0.0437674708664}, "spectral_centroid": {"dmean": 195.762817383, "dmean2": 328.400939941, "dvar": 115016.289062, "dvar2": 237008.28125, "max": 11653.0839844, "mean": 1437.07800293, "median": 1114.10180664, "min": 420.239624023, "var": 2869642.25}, "spectral_complexity": {"dmean": 3.16111493111, "dmean2": 4.85413122177, "dvar": 24.351442337, "dvar2": 41.4885253906, "max": 51, "mean": 17.3795452118, "median": 15, "min": 0, "var": 82.8974838257}, "spectral_decrease": {"dmean": 3.18095283447e-09, "dmean2": 4.89135532078e-09, "dvar": 4.02889401564e-17, "dvar2": 9.32711653358e-17, "max": 1.31472897467e-28, "mean": -7.67116503653e-09, "median": -5.33681809856e-09, "min": -5.92641988817e-08, "var": 5.74709075385e-17}, "spectral_energy": {"dmean": 0.0127140982077, "dmean2": 0.0194130074233, "dvar": 0.000625112093985, "dvar2": 0.00143777264748, "max": 0.228419855237, "mean": 0.0311550106853, "median": 0.0217849705368, "min": 9.96445191895e-21, "var": 0.000904657936189}, "spectral_energyband_high": {"dmean": 0.00100834714249, "dmean2": 0.00169294944499, "dvar": 3.79790139959e-06, "dvar2": 1.02822614281e-05, "max": 0.0110966311768, "mean": 0.00157222978305, "median": 0.000960849341936, "min": 7.17383049112e-21, "var": 3.38603604177e-06}, "spectral_energyband_low": {"dmean": 0.00663654692471, "dmean2": 0.0106456084177, "dvar": 0.00024798544473, "dvar2": 0.000614080578089, "max": 0.171908572316, "mean": 0.0102275507525, "median": 0.00453408015892, "min": 1.4891904754e-23, "var": 0.000270531076239}, "spectral_energyband_middle_high": {"dmean": 0.000728452811018, "dmean2": 0.00112154707313, "dvar": 1.68711881088e-06, "dvar2": 3.8090754515e-06, "max": 0.0160099137574, "mean": 0.00295817037113, "median": 0.00197226088494, "min": 1.26330442135e-21, "var": 4.12193230659e-06}, "spectral_energyband_middle_low": {"dmean": 0.0050932909362, "dmean2": 0.00782891921699, "dvar": 0.000127966050059, "dvar2": 0.000292714918032, "max": 0.111136652529, "mean": 0.0164066813886, "median": 0.0104571236297, "min": 1.87237776685e-22, "var": 0.000206014025025}, "spectral_entropy": {"dmean": 0.214015752077, "dmean2": 0.329763352871, "dvar": 0.0948883220553, "dvar2": 0.235222101212, "max": 9.81980705261, "mean": 7.54719352722, "median": 7.52201795578, "min": 5.23182916641, "var": 0.446049869061}, "spectral_flux": {"dmean": 0.0379323139787, "dmean2": 0.0591745600104, "dvar": 0.00307647953741, "dvar2": 0.00697001349181, "max": 0.400526940823, "mean": 0.0665747970343, "median": 0.0392369665205, "min": 6.30068844321e-11, "var": 0.00459007266909}, "spectral_kurtosis": {"dmean": 0.690217494965, "dmean2": 1.08977723122, "dvar": 2.40121340752, "dvar2": 5.35177612305, "max": 66.2154693604, "mean": 2.60589575768, "median": 1.91158151627, "min": -1.25736391544, "var": 23.0315532684}, "spectral_rms": {"dmean": 0.000905698456336, "dmean2": 0.00132136105094, "dvar": 2.36032087741e-06, "dvar2": 4.99559610034e-06, "max": 0.0149281155318, "mean": 0.00496592186391, "median": 0.00461016595364, "min": 3.11791846681e-12, "var": 5.73473334953e-06}, "spectral_rolloff": {"dmean": 666.400939941, "dmean2": 1211.04272461, "dvar": 2320962.25, "dvar2": 6086184, "max": 19616.7480469, "mean": 1817.35009766, "median": 990.52734375, "min": 43.06640625, "var": 10460009}, "spectral_skewness": {"dmean": 0.126374363899, "dmean2": 0.198961392045, "dvar": 0.0268899053335, "dvar2": 0.0545221678913, "max": 6.2588262558, "mean": 1.34488463402, "median": 1.29439938068, "min": -0.0490102656186, "var": 0.279146403074}, "spectral_spread": {"dmean": 649253.875, "dmean2": 918241.125, "dvar": 1336818794500.0, "dvar2": 1997114703870.0, "max": 43320152, "mean": 7848886, "median": 6654930, "min": 884388.0625, "var": 34771191201800.0}, "spectral_strongpeak": {"dmean": 0.247208192945, "dmean2": 0.431875675917, "dvar": 0.0976065918803, "dvar2": 0.232222229242, "max": 2.6287946701, "mean": 0.580014288425, "median": 0.529282391071, "min": 0, "var": 0.186269178987}, "zerocrossingrate": {"dmean": 0.0117232315242, "dmean2": 0.0153789501637, "dvar": 0.000268758565653, "dvar2": 0.000394163682358, "max": 0.53857421875, "mean": 0.0858988389373, "median": 0.0703125, "min": 0.01708984375, "var": 0.00610900809988}, "barkbands": {"dmean": [0.00186393118929, 0.00427337642759, 0.00176849612035, 0.00125252641737, 0.00284491293132, 0.00118082307745, 0.000470225902973, 0.000432030763477, 0.000460362382, 0.000196759734536, 0.000145431797137, 0.000116845141747, 0.000170952320332, 8.20466593723e-05, 0.000112834561151, 5.92657270317e-05, 0.00011376990733, 0.000120152020827, 5.65033406019e-05, 0.000130101019749, 9.18009900488e-05, 8.864429401e-05, 0.00018796310178, 0.000278991938103, 0.000302604370518, 7.16321519576e-05, 5.73235774937e-06], "dmean2": [0.00304847001098, 0.00718137063086, 0.00287221954204, 0.00205711484887, 0.00445826677606, 0.00187896913849, 0.000752722902689, 0.000683585647494, 0.000722329074051, 0.000297885562759, 0.000214162122575, 0.000187215235201, 0.000240763198235, 0.000132645538542, 0.000184220567462, 9.21607788769e-05, 0.000198175519472, 0.000214559229789, 9.46767177084e-05, 0.00021810393082, 0.000140394113259, 0.000149707731907, 0.000330572045641, 0.000457331392681, 0.000540063541848, 0.000131534252432, 9.2524151114e-06], "dvar": [4.41720003437e-05, 0.000123889738461, 1.9861427063e-05, 7.02451052348e-06, 4.2621333705e-05, 4.7658272706e-06, 8.00098234777e-07, 6.30574277238e-07, 7.5891131246e-07, 1.34157971843e-07, 6.78402614085e-08, 6.89734491743e-08, 8.61581881395e-08, 2.85710068937e-08, 2.41295534664e-08, 1.39168641056e-08, 3.1987553939e-08, 6.31335410617e-08, 1.05943467332e-08, 4.34908073998e-08, 2.69432050004e-08, 2.41697968306e-08, 1.28803691268e-07, 2.726463606e-07, 4.10610766721e-07, 2.41803697065e-08, 1.52011361831e-10], "dvar2": [0.000111716311949, 0.000321085768519, 5.31509067514e-05, 1.79236158147e-05, 0.000100750126876, 1.16540313684e-05, 1.79605183348e-06, 1.45080616676e-06, 1.79653898158e-06, 2.49168209621e-07, 1.40202843113e-07, 1.53647107481e-07, 1.5283056598e-07, 5.70657867627e-08, 6.10245223243e-08, 2.98224840378e-08, 8.82471695718e-08, 1.76607727553e-07, 2.47280755872e-08, 1.11858270202e-07, 4.97214749373e-08, 5.46428715609e-08, 3.53799549657e-07, 7.1264747703e-07, 1.13151259029e-06, 6.65831692004e-08, 2.56910714924e-10], "max": [0.0766475573182, 0.122469201684, 0.0471084974706, 0.0275348834693, 0.0634656995535, 0.0247187558562, 0.0118065197021, 0.0100055653602, 0.0107039297, 0.00458106771111, 0.00585701176897, 0.00304758059792, 0.00346052111126, 0.00366459973156, 0.00136128650047, 0.00177038111724, 0.00154583516996, 0.00179244030733, 0.000984806683846, 0.00186592596583, 0.00180897209793, 0.00131188647356, 0.00185447640251, 0.00257915281691, 0.00300818053074, 0.0007555836346, 0.00020655975095], "mean": [0.0015746258432, 0.00587215088308, 0.00288487551734, 0.00196952046826, 0.00614705821499, 0.00338917388581, 0.00149703165516, 0.0013873889111, 0.00154352886602, 0.000709825719241, 0.00034346076427, 0.000306987378281, 0.00045108734048, 0.000288351875497, 0.000302175030811, 0.000160443480127, 0.000279815605609, 0.000191000945051, 0.000154791065142, 0.000236637832131, 0.000212340470171, 0.000204699201277, 0.000262872839812, 0.000364945008187, 0.000274065649137, 9.60464240052e-05, 5.01075992361e-05], "median": [0.000207191391382, 0.00214251806028, 0.00138697586954, 0.000764207623433, 0.00336348731071, 0.00292802136391, 0.000825829221867, 0.000868752191309, 0.000859516556375, 0.000264969858108, 0.000106518571556, 7.41916010156e-05, 0.000371756614186, 0.000143863406265, 0.000300421641441, 0.000119421354611, 0.000220545611228, 0.000117420699098, 0.000109281791083, 0.00013989576837, 0.000120362681628, 0.000129193038447, 0.000161659816513, 0.000194451582502, 9.7008094599e-05, 4.77075045637e-05, 3.92692672904e-05], "min": [8.22933977085e-25, 5.38090069832e-24, 1.91419785709e-25, 2.11831852524e-24, 1.18389010326e-23, 7.76461983943e-24, 5.69665805286e-24, 5.0794556472e-24, 1.78883944802e-23, 1.71628712171e-23, 1.13405586661e-23, 2.9977657876e-23, 2.35842526281e-23, 2.2508509833e-23, 2.97293812611e-23, 6.82522896959e-23, 5.82302915225e-23, 1.12319454568e-22, 1.25005423396e-22, 1.58907648499e-22, 2.9074436752e-22, 3.11466039561e-22, 3.4548709867e-22, 5.41373353096e-22, 8.16110306589e-22, 1.31589582153e-21, 2.05678055415e-21], "var": [3.53027062374e-05, 0.000117302530271, 2.08537476283e-05, 1.00929155451e-05, 6.26938563073e-05, 7.80625759944e-06, 2.59284956883e-06, 2.18398827201e-06, 2.31901367442e-06, 8.12299219888e-07, 2.00333815314e-07, 2.51084799174e-07, 2.27547388931e-07, 1.74264087605e-07, 5.61858506387e-08, 2.8600254609e-08, 4.65618121837e-08, 5.63200259762e-08, 2.00387333393e-08, 7.74272876924e-08, 6.15660624703e-08, 5.12149540555e-08, 1.01727835045e-07, 2.35435891227e-07, 2.77082875755e-07, 1.64741802422e-08, 1.12205322811e-09]}, "erbbands": {"dmean": [0.106635697186, 1.01695585251, 2.17593765259, 2.95971131325, 8.85025501251, 9.12195587158, 7.02363348007, 11.2418889999, 7.97000551224, 9.34694099426, 8.50183391571, 10.7441959381, 7.51014995575, 4.01770448685, 6.17064332962, 5.53778791428, 6.97313022614, 5.0361661911, 4.15340614319, 5.37768793106, 3.46649074554, 6.23362398148, 6.30791664124, 4.41382694244, 3.3610355854, 6.02274036407, 3.44032144547, 4.57068014145, 3.32530808449, 4.0876531601, 5.27402353287, 5.21031618118, 4.89689350128, 3.11353540421, 2.31338572502, 0.604495406151, 0.0662618800998, 0.00595375709236, 0.00105774751864, 8.83723769221e-05], "dmean2": [0.178311288357, 1.69817340374, 3.4526116848, 4.87412643433, 14.1758241653, 14.1864757538, 11.2238016129, 17.819234848, 12.6361074448, 14.4032783508, 13.6795015335, 16.7771091461, 11.6310243607, 5.75509786606, 9.59691047668, 8.37513160706, 9.86285591125, 8.02219772339, 6.79314661026, 8.51117706299, 5.46697616577, 10.9956645966, 11.4236841202, 7.58352994919, 5.58372592926, 10.3230609894, 5.53555250168, 7.2447142601, 5.58568906784, 7.11287403107, 9.26135635376, 8.49930095673, 8.13249588013, 5.3933672905, 4.25928735733, 1.12269175053, 0.117705635726, 0.00971437525004, 0.00175307993777, 0.00014113553334], "dvar": [0.0839337930083, 7.45541191101, 29.5285739899, 37.4427375793, 637.852172852, 262.349761963, 138.51361084, 502.294281006, 252.069549561, 238.908584595, 257.496307373, 421.839385986, 251.041900635, 56.9487762451, 172.258056641, 103.466033936, 157.450866699, 97.719909668, 56.7144813538, 61.9935569763, 46.8927230835, 103.493034363, 166.011764526, 90.1347198486, 32.6053085327, 103.626647949, 50.9094009399, 61.0495605469, 32.2320709229, 56.1867790222, 101.477409363, 91.3136901855, 86.8738479614, 39.4322624207, 26.6788215637, 1.83730852604, 0.0174589715898, 0.00011234338308, 4.45700288765e-06, 2.89392065866e-08], "dvar2": [0.218948543072, 19.3782997131, 74.9017791748, 97.2534332275, 1584.84594727, 571.18170166, 326.674468994, 1228.59228516, 573.344665527, 497.52444458, 576.390319824, 997.491943359, 473.242126465, 97.863494873, 421.175964355, 215.516769409, 291.349365234, 191.513046265, 137.333389282, 157.94291687, 98.4242248535, 289.328063965, 464.160827637, 233.928527832, 71.0661239624, 275.86227417, 107.153541565, 130.486831665, 67.0216140747, 148.47845459, 278.913543701, 235.868606567, 229.515213013, 107.268127441, 74.1426620483, 5.09493160248, 0.0470991805196, 0.000233602884691, 8.60202544573e-06, 5.33327835228e-08], "max": [3.41773509979, 29.0781497955, 62.0627593994, 67.0620193481, 234.269454956, 174.573806763, 150.424484253, 277.543304443, 221.803466797, 221.047973633, 186.554046631, 252.268188477, 201.18649292, 102.576156616, 268.216247559, 145.063201904, 164.582794189, 215.203155518, 85.5761795044, 85.1107788086, 72.7603530884, 86.2388458252, 95.0076751709, 106.060020447, 55.0967254639, 92.2200546265, 77.7598800659, 85.9044723511, 42.6151199341, 51.8180618286, 53.6656799316, 48.6864318848, 45.5133934021, 29.6941108704, 23.2125606537, 6.29384088516, 0.87555783987, 0.153757661581, 0.0347313769162, 0.00280501204543], "mean": [0.166666954756, 1.31271505356, 3.40408492088, 5.02599668503, 13.7630748749, 21.5449523926, 22.2685775757, 27.9586791992, 25.010509491, 30.3904628754, 31.1751880646, 36.8027114868, 26.8683204651, 11.514957428, 15.1293363571, 17.8284721375, 19.4696006775, 19.1849975586, 11.8452634811, 14.3765249252, 11.7147922516, 13.2605295181, 9.99794006348, 9.95718574524, 8.86455249786, 11.2572021484, 8.62842559814, 9.21123600006, 7.56169176102, 7.16435098648, 7.62856578827, 7.3031206131, 5.86644697189, 3.14017724991, 1.83321070671, 0.569852769375, 0.139105632901, 0.0371395349503, 0.00799229275435, 0.000672421010677], "median": [0.0583401508629, 0.498343884945, 1.71747457981, 2.64850878716, 4.76704740524, 11.8433866501, 18.0302677155, 21.2869815826, 19.3195018768, 11.1406440735, 22.4292678833, 19.8979530334, 9.24352264404, 5.61004829407, 5.73311948776, 9.14298534393, 13.7660055161, 11.6902389526, 7.4648976326, 12.4795370102, 9.1100358963, 10.1165103912, 6.22882413864, 6.95636034012, 5.79021644592, 7.03800630569, 4.95732402802, 5.37880039215, 4.53443336487, 4.58231163025, 4.90178632736, 3.98867297173, 2.93077468872, 1.25464522839, 0.492834419012, 0.203378379345, 0.0862067639828, 0.0278209000826, 0.00614366633818, 0.000492883147672], "min": [1.31669038748e-22, 1.12324301329e-21, 1.1433645452e-21, 6.59452173848e-21, 4.5656088507e-21, 2.26378977258e-20, 3.12818963529e-20, 6.92835495082e-20, 1.27017861132e-19, 1.71551249059e-19, 2.61701515194e-19, 3.9977243509e-19, 4.62231369728e-19, 6.42162178112e-19, 8.31996044489e-19, 1.4675152902e-18, 1.42235505446e-18, 1.61058020964e-18, 2.06119760168e-18, 3.7756828632e-18, 4.5752054512e-18, 3.81730204213e-18, 5.50247119556e-18, 6.13679051239e-18, 6.61275106404e-18, 7.54680630687e-18, 9.23736909148e-18, 1.08419646494e-17, 1.17718571058e-17, 1.08305321861e-17, 1.03574096912e-17, 1.01348972792e-17, 9.85368730382e-18, 8.83043841631e-18, 5.70603993072e-18, 4.55985752853e-18, 2.40266747792e-18, 9.99619749527e-19, 2.7432775516e-19, 2.79985838571e-20], "var": [0.0899264588952, 6.67804765701, 31.5433368683, 47.8135185242, 662.65020752, 644.195678711, 354.642303467, 765.264465332, 626.760498047, 1169.2557373, 908.846496582, 1239.77697754, 1369.89611816, 257.052825928, 381.817871094, 491.754364014, 407.841369629, 610.870849609, 130.828994751, 145.64730835, 115.380905151, 119.850097656, 140.722885132, 111.648994446, 75.4048843384, 156.036087036, 107.569923401, 122.801254272, 69.9196472168, 60.2626075745, 78.9650115967, 83.1508712769, 71.6329498291, 28.8675670624, 16.6423282623, 1.14559209347, 0.0159593056887, 0.000610613729805, 2.94835517707e-05, 1.99303499926e-07]}, "gfcc": {"mean": [6.14825773239, 46.3452033997, -84.3208007812, 14.4941005707, -62.2368507385, 2.13414287567, -38.9931221008, 0.991132438183, -17.9730319977, 0.900828659534, -11.2080488205, -0.742487192154, -9.42919254303], "cov": [[46824.1914062, 1361.29614258, -1995.38745117, 1535.90246582, -2028.80603027, 820.499511719, -1275.9317627, 235.405853271, -696.657226562, 105.451019287, -529.341796875, -54.2926483154, -404.03213501], [1361.29614258, 1213.29101562, 346.61315918, 402.129882812, 307.750457764, 185.341369629, 130.847320557, 61.8780441284, 36.2091407776, -18.7480716705, -9.34528446198, -95.5145111084, -101.393363953], [-1995.38745117, 346.61315918, 831.459106445, 446.490783691, 451.093017578, 368.369659424, 244.104949951, 144.539871216, 103.423927307, 9.56091308594, 21.4726448059, -42.9765853882, -30.3781414032], [1535.90246582, 402.129882812, 446.490783691, 569.260009766, 193.826751709, 335.57244873, 120.215385437, 134.465103149, 36.2343063354, 3.64262580872, -14.7171411514, -39.4181365967, -36.6637916565], [-2028.80603027, 307.750457764, 451.093017578, 193.826751709, 346.655273438, 152.207824707, 193.330688477, 61.341758728, 89.7648696899, 7.41528320312, 33.1487808228, -20.8954772949, -16.0577831268], [820.499511719, 185.341369629, 368.369659424, 335.57244873, 152.207824707, 292.825408936, 87.3450698853, 127.606315613, 40.172908783, 18.8743076324, 6.73122406006, -14.0896816254, -20.6470298767], [-1275.9317627, 130.847320557, 244.104949951, 120.215385437, 193.330688477, 87.3450698853, 150.801925659, 49.7566986084, 72.3747940063, 13.5249004364, 29.30352211, -2.45300579071, 6.00548028946], [235.405853271, 61.8780441284, 144.539871216, 134.465103149, 61.341758728, 127.606315613, 49.7566986084, 101.705459595, 41.1636161804, 22.9189987183, 11.097161293, 1.93549704552, 1.9646089077], [-696.657226562, 36.2091407776, 103.423927307, 36.2343063354, 89.7648696899, 40.172908783, 72.3747940063, 41.1636161804, 68.1177749634, 20.8495311737, 25.895734787, 5.50761079788, 13.9171295166], [105.451019287, -18.7480716705, 9.56091308594, 3.64262580872, 7.41528320312, 18.8743076324, 13.5249004364, 22.9189987183, 20.8495311737, 32.4653167725, 16.9894981384, 12.0269136429, 7.75226831436], [-529.341796875, -9.34528446198, 21.4726448059, -14.7171411514, 33.1487808228, 6.73122406006, 29.30352211, 11.097161293, 25.895734787, 16.9894981384, 36.0954399109, 16.9169445038, 14.1471815109], [-54.2926483154, -95.5145111084, -42.9765853882, -39.4181365967, -20.8954772949, -14.0896816254, -2.45300579071, 1.93549704552, 5.50761079788, 12.0269136429, 16.9169445038, 30.1642837524, 19.1650772095], [-404.03213501, -101.393363953, -30.3781414032, -36.6637916565, -16.0577831268, -20.6470298767, 6.00548028946, 1.9646089077, 13.9171295166, 7.75226831436, 14.1471815109, 19.1650772095, 33.2618408203]], "icov": [[0.000167486286955, -0.000365663931007, 0.000652712013107, -0.000350646150764, 0.000930668378714, -0.00144104426727, 0.00016674035578, 0.000807179429103, -0.00046155587188, -0.00140636856668, 0.00223305332474, -0.00184797216207, 0.00124230468646], [-0.000365663931007, 0.00309263379313, 0.000712893262971, -0.00113978015725, -0.00631862459704, 0.00382108637132, 0.00132004520856, -0.00290870270692, 0.00167396129109, 0.00310451723635, -0.00744425272569, 0.00879829842597, 0.000308147049509], [0.000652712013107, 0.000712893262971, 0.0146504910663, -0.0025887216907, -0.0115955015644, -0.0138822030276, 0.00303855608217, 0.00318411365151, 0.0012680485379, -0.00569454906508, 0.0101601174101, 0.00224360218272, 0.000859123596456], [-0.000350646150764, -0.00113978015725, -0.0025887216907, 0.00909843109548, 0.00226581143215, -0.00568024162203, -0.00590946618468, 7.50916588004e-05, 0.00216097035445, 0.00358171178959, 0.000807310745586, 0.00371306971647, -0.00566035788506], [0.000930668378714, -0.00631862459704, -0.0115955015644, 0.00226581143215, 0.0403680354357, -0.00468247197568, -0.0191830527037, 0.01044151932, -0.0111881960183, -0.00304519059137, 0.00845565833151, -0.0206941403449, 0.017097806558], [-0.00144104426727, 0.00382108637132, -0.0138822030276, -0.00568024162203, -0.00468247197568, 0.0398675315082, 0.00311502162367, -0.0229046586901, 0.00690394453704, 0.010715495795, -0.0269351247698, 0.00960201118141, -0.000981373945251], [0.00016674035578, 0.00132004520856, 0.00303855608217, -0.00590946618468, -0.0191830527037, 0.00311502162367, 0.0372261106968, -0.00253408495337, -0.0132294725627, -0.000134882589919, -0.00199206685647, -0.00107712775934, -0.00455361744389], [0.000807179429103, -0.00290870270692, 0.00318411365151, 7.50916588004e-05, 0.01044151932, -0.0229046586901, -0.00253408495337, 0.0371455028653, -0.0173605885357, -0.0139532284811, 0.0182948764414, -0.0126275988296, 0.00302590196952], [-0.00046155587188, 0.00167396129109, 0.0012680485379, 0.00216097035445, -0.0111881960183, 0.00690394453704, -0.0132294725627, -0.0173605885357, 0.0527762584388, -0.0101986657828, -0.016212631017, 0.0203256905079, -0.0191863011569], [-0.00140636856668, 0.00310451723635, -0.00569454906508, 0.00358171178959, -0.00304519059137, 0.010715495795, -0.000134882589919, -0.0139532284811, -0.0101986657828, 0.0667164027691, -0.034924570471, 0.00320345978253, -0.00111605774146], [0.00223305332474, -0.00744425272569, 0.0101601174101, 0.000807310745586, 0.00845565833151, -0.0269351247698, -0.00199206685647, 0.0182948764414, -0.016212631017, -0.034924570471, 0.0968015640974, -0.0530007779598, 0.00553229730576], [-0.00184797216207, 0.00879829842597, 0.00224360218272, 0.00371306971647, -0.0206941403449, 0.00960201118141, -0.00107712775934, -0.0126275988296, 0.0203256905079, 0.00320345978253, -0.0530007779598, 0.107553556561, -0.0412545204163], [0.00124230468646, 0.000308147049509, 0.000859123596456, -0.00566035788506, 0.017097806558, -0.000981373945251, -0.00455361744389, 0.00302590196952, -0.0191863011569, -0.00111605774146, 0.00553229730576, -0.0412545204163, 0.0786332190037]]}, "melbands": {"dmean": [0.00114368624054, 0.00122863368597, 0.000694162445143, 0.000645224645268, 0.000282901281025, 0.000242447160417, 0.000117968920677, 0.000102775251435, 7.52229461796e-05, 6.13094525761e-05, 3.64913867088e-05, 1.7094091163e-05, 2.11497972487e-05, 1.49318502736e-05, 2.04434363695e-05, 9.78765729087e-06, 1.04884229586e-05, 6.63036325932e-06, 7.52534515414e-06, 5.15785086463e-06, 4.94681535201e-06, 5.57274415769e-06, 8.27475105325e-06, 4.88222076456e-06, 3.66767403648e-06, 2.2571991849e-06, 4.33547938883e-06, 3.90379273085e-06, 2.29560600928e-06, 1.91913704839e-06, 3.33533239427e-06, 2.19323010242e-06, 1.21535288145e-06, 3.09681149702e-06, 3.6589492538e-06, 1.62581306995e-06, 4.22945095124e-06, 4.18567969973e-06, 1.83639269835e-06, 3.05745879814e-06], "dmean2": [0.00191821227781, 0.00197333283722, 0.00112625909969, 0.00102213397622, 0.000442220713012, 0.00038365565706, 0.000187330879271, 0.000160063660587, 0.000120630080346, 9.54628776526e-05, 5.65366426599e-05, 2.46985764534e-05, 3.16845871566e-05, 2.35960196733e-05, 2.93930843327e-05, 1.41649798024e-05, 1.68786427821e-05, 1.08322483356e-05, 1.23629843074e-05, 7.8253196989e-06, 7.94900279288e-06, 9.76225510385e-06, 1.48417393575e-05, 8.67212474986e-06, 6.27537065157e-06, 3.69233998754e-06, 7.29699513613e-06, 6.74299781167e-06, 3.73641591978e-06, 2.98535724141e-06, 5.56717077416e-06, 3.72612566935e-06, 1.99540340873e-06, 5.39219036e-06, 6.49646472084e-06, 2.71770795734e-06, 6.93820356901e-06, 7.03695377524e-06, 3.15958186548e-06, 5.3285634749e-06], "dvar": [8.54512290971e-06, 9.68845142779e-06, 2.25390454034e-06, 2.37172025663e-06, 2.24121677661e-07, 2.22296151264e-07, 5.52479306748e-08, 2.92581958661e-08, 1.7849538736e-08, 1.34636675142e-08, 5.86709969497e-09, 1.24288557224e-09, 1.58003909956e-09, 1.07086628454e-09, 1.26989252447e-09, 2.66014321681e-10, 4.68828864619e-10, 1.60861962639e-10, 1.24056903639e-10, 6.47630907236e-11, 1.01414071585e-10, 7.43188080521e-11, 3.2005684214e-10, 7.91987447846e-11, 6.49267098418e-11, 1.49043555275e-11, 3.79973275066e-11, 5.31709086482e-11, 2.34466127069e-11, 1.88963410891e-11, 3.01975458528e-11, 1.34395064522e-11, 4.58972746961e-12, 3.37785632798e-11, 4.74228156744e-11, 7.93973220503e-12, 6.23119750243e-11, 6.41358910425e-11, 1.13101368548e-11, 3.97255006668e-11], "dvar2": [2.2091469873e-05, 2.39445016632e-05, 5.60011449124e-06, 5.7375355027e-06, 4.93388142786e-07, 5.42849761587e-07, 1.24888643427e-07, 6.31508854099e-08, 4.19539745167e-08, 3.17403170413e-08, 1.11309397255e-08, 2.14860151893e-09, 3.50829143514e-09, 2.46225417833e-09, 2.31939911721e-09, 5.49910728065e-10, 9.22787957158e-10, 3.95060067993e-10, 3.18650855702e-10, 1.47319087485e-10, 2.27515312146e-10, 2.02004302174e-10, 9.1989488249e-10, 2.20433366005e-10, 1.67251365535e-10, 3.48235051906e-11, 9.26595675188e-11, 1.44492681708e-10, 5.56854458378e-11, 3.60393902221e-11, 7.20807719068e-11, 2.9016761216e-11, 9.61776231573e-12, 9.1644906941e-11, 1.31270730397e-10, 2.03626056988e-11, 1.63633842587e-10, 1.68273533996e-10, 2.98175789615e-11, 1.08294283263e-10], "max": [0.0336188152432, 0.0351216197014, 0.0153618510813, 0.014471325092, 0.00713413814083, 0.00558045972139, 0.00310244294815, 0.00254847924225, 0.00144676037598, 0.00136995234061, 0.00095881515881, 0.00045964110177, 0.000909890164621, 0.000400047196308, 0.000394369941205, 0.000323521177052, 0.000472884246847, 0.000147585422383, 8.99517763173e-05, 0.000173679378349, 0.00010801479948, 7.80497357482e-05, 0.000140204283525, 7.09903688403e-05, 8.98934085853e-05, 4.87126308144e-05, 5.19716559211e-05, 7.02794204699e-05, 5.17081352882e-05, 4.19575735577e-05, 5.32600133738e-05, 2.80333915725e-05, 2.03846902878e-05, 3.91764915548e-05, 3.69877270714e-05, 1.73784319486e-05, 4.02366022172e-05, 3.94528724428e-05, 1.63287440955e-05, 3.05226058117e-05], "mean": [0.00160612165928, 0.00182702729944, 0.00114557996858, 0.00127552694175, 0.000875041645486, 0.000637481629383, 0.000374592200387, 0.000327261310304, 0.000277031824226, 0.000210286074434, 0.000126321203425, 4.34076864622e-05, 4.9013109674e-05, 4.3545045628e-05, 5.42410016351e-05, 2.81415468635e-05, 3.81386380468e-05, 1.63337081176e-05, 1.75529166881e-05, 1.51707390614e-05, 1.50799533003e-05, 1.35482496262e-05, 1.22189303511e-05, 8.03682632977e-06, 7.87343833508e-06, 6.38920346319e-06, 7.68907739257e-06, 7.19919262337e-06, 5.02313105244e-06, 4.53429856861e-06, 6.27366080153e-06, 4.63897004011e-06, 2.97252154269e-06, 4.62745174445e-06, 5.15027204528e-06, 2.73013756669e-06, 5.38280710316e-06, 4.84588326799e-06, 2.43446402237e-06, 2.79058963315e-06], "median": [0.000583957880735, 0.000890364637598, 0.000570032920223, 0.000630308291875, 0.000680913333781, 0.000502034206875, 0.000318494683597, 0.000148952909512, 0.000281869695755, 0.000135398440761, 3.45362459484e-05, 1.33258517963e-05, 1.49547104229e-05, 1.80855004146e-05, 3.96318246203e-05, 2.5804984034e-05, 2.13036219066e-05, 6.71772750138e-06, 1.44064661072e-05, 1.25508968267e-05, 9.6167814263e-06, 1.03891734398e-05, 9.22452545637e-06, 5.10052859681e-06, 5.91221305513e-06, 4.75018123325e-06, 4.90173397338e-06, 4.25654525316e-06, 2.98905411e-06, 2.48091373578e-06, 3.92151832784e-06, 2.79666915048e-06, 1.85071587566e-06, 2.82911605609e-06, 3.30072771249e-06, 1.77744027496e-06, 2.59505486611e-06, 2.40132544604e-06, 1.30393914333e-06, 9.37691879699e-07], "min": [2.35663636294e-24, 1.1806940333e-24, 1.96008052184e-24, 1.41497388924e-24, 1.33319386249e-24, 1.43630527976e-24, 1.97578260094e-24, 1.77478774482e-24, 2.09684454811e-24, 2.36332097304e-24, 1.69713641883e-24, 2.08547173766e-24, 2.03295845049e-24, 2.99562217642e-24, 1.77970372877e-24, 1.73554250643e-24, 2.2327992031e-24, 2.45466791042e-24, 3.01697900771e-24, 3.80469981171e-24, 4.53740604782e-24, 3.40713797573e-24, 4.30698884931e-24, 4.21337906442e-24, 3.89018590699e-24, 4.56106043649e-24, 4.69058666397e-24, 4.9125539789e-24, 4.35781042426e-24, 6.24944049928e-24, 5.66000875849e-24, 5.86896933482e-24, 5.9114124181e-24, 5.52512892649e-24, 5.70562976793e-24, 4.87590862883e-24, 5.37794010335e-24, 6.16470066641e-24, 5.88709301968e-24, 7.23410141434e-24], "var": [8.47117189551e-06, 1.00444549389e-05, 2.80108542938e-06, 3.22447772305e-06, 6.32272247003e-07, 3.52385114866e-07, 1.38225260571e-07, 1.33446675932e-07, 5.72702454349e-08, 4.01152000506e-08, 3.23849995709e-08, 5.5069424576e-09, 4.21188328659e-09, 4.06540712206e-09, 3.0762052905e-09, 7.64842689183e-10, 3.00948799214e-09, 3.77737369162e-10, 2.37032005135e-10, 2.06747105547e-10, 2.61805382928e-10, 1.09647776969e-10, 2.31622776514e-10, 9.2443726285e-11, 8.29407306724e-11, 3.85537365921e-11, 7.52838555385e-11, 7.17840231701e-11, 4.07306063877e-11, 4.16475152976e-11, 4.99315588876e-11, 2.76638364993e-11, 1.09109162677e-11, 3.03393803136e-11, 3.62390430164e-11, 7.77724325912e-12, 5.41791819741e-11, 5.18244717973e-11, 9.85001056414e-12, 2.81299410848e-11]}, "mfcc": {"mean": [-635.030822754, 87.338432312, 26.0911216736, 14.5573606491, -0.235629051924, -2.9948785305, -9.02776145935, -3.96180844307, -5.71865129471, -0.174679502845, -2.23523139954, 3.12024927139, -3.36037778854], "cov": [[12822.3613281, 2013.00427246, 897.128540039, 634.565673828, 452.572174072, 389.101074219, 254.982666016, 205.33140564, 85.9984054565, 64.72265625, -8.84952545166, 115.209899902, 60.5525665283], [2013.00427246, 951.959533691, 367.442352295, 298.110107422, 248.997787476, 218.828521729, 160.52041626, 124.134284973, 66.9825286865, 59.8673324585, 52.4553451538, 60.739490509, 42.4408950806], [897.128540039, 367.442352295, 493.62121582, 257.44619751, 280.850860596, 203.934158325, 203.031799316, 189.240997314, 119.916160583, 104.064414978, 71.5283508301, 58.1565704346, 31.5481128693], [634.565673828, 298.110107422, 257.44619751, 261.222412109, 169.26991272, 154.275466919, 128.586151123, 116.161338806, 80.663269043, 61.2221107483, 39.5626144409, 38.8925819397, 27.2809257507], [452.572174072, 248.997787476, 280.850860596, 169.26991272, 228.803512573, 160.596359253, 148.523010254, 133.411804199, 83.8073883057, 72.5072631836, 48.2119255066, 40.2118110657, 36.6445922852], [389.101074219, 218.828521729, 203.934158325, 154.275466919, 160.596359253, 156.269180298, 130.732681274, 100.189796448, 62.8163299561, 51.58644104, 34.6946182251, 36.3020477295, 37.0433883667], [254.982666016, 160.52041626, 203.031799316, 128.586151123, 148.523010254, 130.732681274, 140.81539917, 108.151542664, 64.1490631104, 52.5388298035, 38.718460083, 31.8824272156, 30.8787174225], [205.33140564, 124.134284973, 189.240997314, 116.161338806, 133.411804199, 100.189796448, 108.151542664, 118.914924622, 72.8017578125, 56.945514679, 38.1946754456, 30.4355373383, 19.2411594391], [85.9984054565, 66.9825286865, 119.916160583, 80.663269043, 83.8073883057, 62.8163299561, 64.1490631104, 72.8017578125, 71.4219894409, 51.6846122742, 31.6037693024, 20.1852149963, 10.177696228], [64.72265625, 59.8673324585, 104.064414978, 61.2221107483, 72.5072631836, 51.58644104, 52.5388298035, 56.945514679, 51.6846122742, 63.2555122375, 36.1254806519, 18.5675506592, 9.27617549896], [-8.84952545166, 52.4553451538, 71.5283508301, 39.5626144409, 48.2119255066, 34.6946182251, 38.718460083, 38.1946754456, 31.6037693024, 36.1254806519, 43.1640968323, 25.2794494629, 6.87460279465], [115.209899902, 60.739490509, 58.1565704346, 38.8925819397, 40.2118110657, 36.3020477295, 31.8824272156, 30.4355373383, 20.1852149963, 18.5675506592, 25.2794494629, 37.3801307678, 16.7477893829], [60.5525665283, 42.4408950806, 31.5481128693, 27.2809257507, 36.6445922852, 37.0433883667, 30.8787174225, 19.2411594391, 10.177696228, 9.27617549896, 6.87460279465, 16.7477893829, 36.8871955872]], "icov": [[0.000132417815621, -0.000269674899755, -0.000230682213441, -1.5766652723e-05, 0.000112575995445, 0.000107327097794, 4.10141146858e-05, 8.88631329872e-05, 3.7920763134e-05, -0.000183145544725, 0.00078565190779, -0.000425776612246, 8.40423163027e-05], [-0.000269674899755, 0.00255060987547, -0.000262584508164, -0.0013730598148, -0.00109097093809, -0.00212909909897, 0.00140457309317, 0.000632309005596, 0.00141258037183, 0.00100349867716, -0.00249672774225, 0.000440186500782, 8.77703132574e-05], [-0.000230682213441, -0.000262584508164, 0.00991369411349, -0.00278010126203, -0.00739934341982, 0.00424097292125, -0.00538980495185, -0.0022995211184, 0.000726651167497, -0.00217445963062, 0.00017127834144, -0.00254028872587, 0.00452898396179], [-1.5766652723e-05, -0.0013730598148, -0.00278010126203, 0.0125901801512, 0.00281434413046, -0.0102810803801, 0.00387586583383, -0.00252794194967, -0.00484490022063, 0.00112685537897, 0.000968932348769, 0.000127992592752, 0.00108955183532], [0.000112575995445, -0.00109097093809, -0.00739934341982, 0.00281434413046, 0.0287459343672, -0.0162526015192, 0.00325337029062, -0.0103499423712, 0.000400973513024, -0.00247136410326, -0.00249763182364, 0.00588234746829, -0.00593719445169], [0.000107327097794, -0.00212909909897, 0.00424097292125, -0.0102810803801, -0.0162526015192, 0.0562261603773, -0.0356168523431, 0.012347208336, -0.00279799313284, -0.00448390236124, 0.0125902462751, -0.0117411985993, -0.00580982258543], [4.10141146858e-05, 0.00140457309317, -0.00538980495185, 0.00387586583383, 0.00325337029062, -0.0356168523431, 0.0578358583152, -0.0265874043107, 0.00537767261267, 0.00700059020892, -0.0161201041192, 0.0136261768639, -0.00837765168399], [8.88631329872e-05, 0.000632309005596, -0.0022995211184, -0.00252794194967, -0.0103499423712, 0.012347208336, -0.0265874043107, 0.0537834614515, -0.0233165211976, -0.00174853822682, 0.00744218425825, -0.0111445663497, 0.00559333059937], [3.7920763134e-05, 0.00141258037183, 0.000726651167497, -0.00484490022063, 0.000400973513024, -0.00279799313284, 0.00537767261267, -0.0233165211976, 0.0561335012317, -0.0248419716954, -0.00175766646862, 0.000386949977838, 0.00225736596622], [-0.000183145544725, 0.00100349867716, -0.00217445963062, 0.00112685537897, -0.00247136410326, -0.00448390236124, 0.00700059020892, -0.00174853822682, -0.0248419716954, 0.0552727244794, -0.0323526524007, 0.013717064634, -0.00506163714454], [0.00078565190779, -0.00249672774225, 0.00017127834144, 0.000968932348769, -0.00249763182364, 0.0125902462751, -0.0161201041192, 0.00744218425825, -0.00175766646862, -0.0323526524007, 0.0768803209066, -0.0426599681377, 0.0138313807547], [-0.000425776612246, 0.000440186500782, -0.00254028872587, 0.000127992592752, 0.00588234746829, -0.0117411985993, 0.0136261768639, -0.0111445663497, 0.000386949977838, 0.013717064634, -0.0426599681377, 0.0657536238432, -0.0228354334831], [8.40423163027e-05, 8.77703132574e-05, 0.00452898396179, 0.00108955183532, -0.00593719445169, -0.00580982258543, -0.00837765168399, 0.00559333059937, 0.00225736596622, -0.00506163714454, 0.0138313807547, -0.0228354334831, 0.0464596785605]]}, "spectral_contrast_coeffs": {"dmean": [0.0428835824132, 0.0480738580227, 0.0400074645877, 0.0402704440057, 0.0299042928964, 0.0192659795284], "dmean2": [0.0691620334983, 0.0815957933664, 0.0654987990856, 0.063135355711, 0.0480602346361, 0.0298364218324], "dvar": [0.00196934724227, 0.00287859258242, 0.00221014115959, 0.00246038567275, 0.001448324183, 0.000613552809227], "dvar2": [0.00431851670146, 0.00706909131259, 0.0051706135273, 0.00524492189288, 0.00333421304822, 0.0012492594542], "max": [-0.249959081411, -0.35521453619, -0.447826683521, -0.459322482347, -0.484275102615, -0.482879817486], "mean": [-0.630196750164, -0.658407092094, -0.69819521904, -0.700032651424, -0.734144210815, -0.763366997242], "median": [-0.646756649017, -0.658487439156, -0.691915988922, -0.687330126762, -0.723386466503, -0.765694618225], "min": [-0.987643003464, -0.974910914898, -0.976688027382, -0.987542927265, -0.978530585766, -0.964601576328], "var": [0.0154948690906, 0.0108734946698, 0.00872390531003, 0.00906985811889, 0.00630496488884, 0.00430346745998]}, "spectral_contrast_valleys": {"dmean": [0.436075270176, 0.46258276701, 0.481997936964, 0.519587159157, 0.43736153841, 0.419892281294], "dmean2": [0.68433868885, 0.751289129257, 0.770055830479, 0.791303575039, 0.667994499207, 0.574204981327], "dvar": [0.400978624821, 0.404958933592, 0.466716617346, 0.537113964558, 0.473010629416, 0.396696925163], "dvar2": [0.665047585964, 0.691016376019, 0.847443878651, 1.00127148628, 0.935310959816, 0.817703187466], "max": [-4.85164070129, -4.57732343674, -5.77059698105, -6.1703619957, -5.91102695465, -7.79820251465], "mean": [-8.05810260773, -7.46454954147, -8.58248233795, -9.27283191681, -8.79521560669, -10.2087497711], "median": [-6.84901714325, -6.7378578186, -7.88324260712, -8.66119194031, -8.18101024628, -9.463714599