{"lowlevel": {"average_loudness": 0.956778943539, "barkbands_crest": {"dmean": 2.12776064873, "dmean2": 3.43617224693, "dvar": 8.19803524017, "dvar2": 19.2081394196, "max": 26.2720813751, "mean": 18.702167511, "median": 20.0411968231, "min": 3.99436926842, "var": 24.8687820435}, "barkbands_flatness_db": {"dmean": 0.0412196107209, "dmean2": 0.0536384359002, "dvar": 0.00212225597352, "dvar2": 0.00361882173456, "max": 0.584124922752, "mean": 0.284164398909, "median": 0.301965892315, "min": 0.0434010475874, "var": 0.00706121884286}, "barkbands_kurtosis": {"dmean": 11.1105442047, "dmean2": 17.6445884705, "dvar": 227.736526489, "dvar2": 563.145385742, "max": 405.08416748, "mean": 25.867067337, "median": 19.458026886, "min": -1.98299956322, "var": 803.989013672}, "barkbands_skewness": {"dmean": 0.899747848511, "dmean2": 1.40289366245, "dvar": 0.899581372738, "dvar2": 2.16398096085, "max": 15.2647447586, "mean": 4.00214195251, "median": 3.95031309128, "min": -8.08853530884, "var": 3.71534109116}, "barkbands_spread": {"dmean": 2.83633923531, "dmean2": 4.35316848755, "dvar": 20.4570903778, "dvar2": 46.4736251831, "max": 116.946060181, "mean": 6.92135000229, "median": 4.02379465103, "min": 0.470598161221, "var": 68.477684021}, "dissonance": {"dmean": 0.0305395778269, "dmean2": 0.0500982888043, "dvar": 0.000778615416493, "dvar2": 0.00206954311579, "max": 0.500000059605, "mean": 0.421640008688, "median": 0.43125551939, "min": 0.0702560842037, "var": 0.00248509971425}, "dynamic_complexity": 4.22139310837, "erbbands_crest": {"dmean": 2.36708498001, "dmean2": 3.76252889633, "dvar": 5.85647296906, "dvar2": 14.1680631638, "max": 30.5820102692, "mean": 10.5481452942, "median": 9.36463165283, "min": 2.66344833374, "var": 22.8688831329}, "erbbands_flatness_db": {"dmean": 0.0287871118635, "dmean2": 0.0375727638602, "dvar": 0.00122994137928, "dvar2": 0.00213010655716, "max": 0.52347111702, "mean": 0.186137720942, "median": 0.190875053406, "min": 0.0401773974299, "var": 0.00567627465352}, "erbbands_kurtosis": {"dmean": 1.0374212265, "dmean2": 1.56521213055, "dvar": 2.33029460907, "dvar2": 4.64095640182, "max": 116.83895874, "mean": 1.86023724079, "median": 0.181805491447, "min": -1.83965075016, "var": 77.9663085938}, "erbbands_skewness": {"dmean": 0.364014357328, "dmean2": 0.5393486619, "dvar": 0.148294568062, "dvar2": 0.322513073683, "max": 9.47899246216, "mean": 0.437074184418, "median": 0.365932762623, "min": -3.37821412086, "var": 1.17970716953}, "erbbands_spread": {"dmean": 8.00755119324, "dmean2": 11.8438234329, "dvar": 97.4193649292, "dvar2": 200.948532104, "max": 151.424880981, "mean": 31.4262752533, "median": 28.5691833496, "min": 1.28492891788, "var": 284.577606201}, "hfc": {"dmean": 7.17465686798, "dmean2": 9.97789573669, "dvar": 225.422927856, "dvar2": 444.826782227, "max": 274.761993408, "mean": 14.8495225906, "median": 8.4507188797, "min": 1.17616427487e-16, "var": 386.382110596}, "melbands_crest": {"dmean": 2.65986394882, "dmean2": 4.28820037842, "dvar": 12.69759655, "dvar2": 30.5913925171, "max": 37.837310791, "mean": 26.1467781067, "median": 26.9083461761, "min": 2.36986851692, "var": 39.993309021}, "melbands_flatness_db": {"dmean": 0.044635746628, "dmean2": 0.0581228286028, "dvar": 0.00255817570724, "dvar2": 0.00434894533828, "max": 0.640563666821, "mean": 0.41004678607, "median": 0.433192253113, "min": 0.00854402594268, "var": 0.00926677882671}, "melbands_kurtosis": {"dmean": 17.8815288544, "dmean2": 28.3040504456, "dvar": 625.131530762, "dvar2": 1596.67004395, "max": 612.007507324, "mean": 43.3429603577, "median": 35.1021270752, "min": -1.79721283913, "var": 1786.78259277}, "melbands_skewness": {"dmean": 1.05666697025, "dmean2": 1.63808465004, "dvar": 1.13849437237, "dvar2": 2.81999444962, "max": 20.3393421173, "mean": 4.99441194534, "median": 5.01062679291, "min": -0.514956355095, "var": 4.92613554001}, "melbands_spread": {"dmean": 1.96446084976, "dmean2": 3.02279281616, "dvar": 14.734793663, "dvar2": 31.5301647186, "max": 158.861175537, "mean": 5.4607925415, "median": 3.26427412033, "min": 0.37738519907, "var": 65.3573074341}, "pitch_salience": {"dmean": 0.0728288441896, "dmean2": 0.115876793861, "dvar": 0.0084526957944, "dvar2": 0.0194678269327, "max": 0.873215377331, "mean": 0.289820253849, "median": 0.248841881752, "min": 0.0671104937792, "var": 0.0198717173189}, "silence_rate_20dB": {"dmean": 0, "dmean2": 0, "dvar": 0, "dvar2": 0, "max": 1, "mean": 1, "median": 1, "min": 1, "var": 0}, "silence_rate_30dB": {"dmean": 0.136802688241, "dmean2": 0.273659318686, "dvar": 0.118090756238, "dvar2": 0.232281133533, "max": 1, "mean": 0.788726866245, "median": 1, "min": 0, "var": 0.166632190347}, "silence_rate_60dB": {"dmean": 0.000788488076068, "dmean2": 0.00157728709746, "dvar": 0.000787958560977, "dvar2": 0.0015746972058, "max": 1, "mean": 0.0672053620219, "median": 0, "min": 0, "var": 0.0626889243722}, "spectral_centroid": {"dmean": 143.868621826, "dmean2": 222.190658569, "dvar": 58132.5625, "dvar2": 127473.390625, "max": 11119.5039062, "mean": 609.475830078, "median": 483.832092285, "min": 143.912368774, "var": 166568.078125}, "spectral_complexity": {"dmean": 2.56652879715, "dmean2": 3.73422718048, "dvar": 16.0941696167, "dvar2": 24.0855979919, "max": 62, "mean": 11.9952697754, "median": 10, "min": 0, "var": 53.1993675232}, "spectral_decrease": {"dmean": 5.78383607674e-09, "dmean2": 9.01713725909e-09, "dvar": 9.151450503e-17, "dvar2": 2.33462688463e-16, "max": 6.25260345784e-16, "mean": -2.01257801535e-08, "median": -1.83069488457e-08, "min": -1.07719067444e-07, "var": 1.38458189315e-16}, "spectral_energy": {"dmean": 0.0222711823881, "dmean2": 0.0346229821444, "dvar": 0.00137298041955, "dvar2": 0.00347960740328, "max": 0.420185387135, "mean": 0.0773061662912, "median": 0.0701321959496, "min": 1.10973096952e-20, "var": 0.00207839161158}, "spectral_energyband_high": {"dmean": 0.000326124398271, "dmean2": 0.00046591667342, "dvar": 6.39551444692e-07, "dvar2": 1.13364671961e-06, "max": 0.017457133159, "mean": 0.00033138791332, "median": 1.0778714568e-05, "min": 8.18479464147e-21, "var": 1.04470416318e-06}, "spectral_energyband_low": {"dmean": 0.0178837105632, "dmean2": 0.0281821619719, "dvar": 0.00063303852221, "dvar2": 0.00164263590705, "max": 0.260311871767, "mean": 0.0634647682309, "median": 0.060450900346, "min": 3.50971789798e-23, "var": 0.00114680139814}, "spectral_energyband_middle_high": {"dmean": 0.00118539540563, "dmean2": 0.00166354363319, "dvar": 9.5040522865e-06, "dvar2": 1.69189333974e-05, "max": 0.0745186433196, "mean": 0.00281728501432, "median": 0.00102485471871, "min": 1.870435301e-21, "var": 3.04371660604e-05}, "spectral_energyband_middle_low": {"dmean": 0.00939765945077, "dmean2": 0.0160845387727, "dvar": 0.000882244319655, "dvar2": 0.00248739984818, "max": 0.3187263906, "mean": 0.0118651259691, "median": 0.00558803649619, "min": 3.85539497959e-22, "var": 0.000592400901951}, "spectral_entropy": {"dmean": 0.299173414707, "dmean2": 0.411463111639, "dvar": 0.126280143857, "dvar2": 0.223411634564, "max": 9.79079914093, "mean": 6.73639583588, "median": 6.62045860291, "min": 3.95206165314, "var": 0.494303196669}, "spectral_flux": {"dmean": 0.0396186970174, "dmean2": 0.0613679625094, "dvar": 0.003477698192, "dvar2": 0.00606175186113, "max": 0.56850528717, "mean": 0.0867005437613, "median": 0.0574343726039, "min": 1.05343768431e-10, "var": 0.00709811178967}, "spectral_kurtosis": {"dmean": 7.4421453476, "dmean2": 11.2591075897, "dvar": 81.6082229614, "dvar2": 210.550933838, "max": 248.291107178, "mean": 21.268497467, "median": 16.2751617432, "min": -1.18766999245, "var": 659.251403809}, "spectral_rms": {"dmean": 0.00113902159501, "dmean2": 0.00174403947312, "dvar": 2.5457936772e-06, "dvar2": 6.18640569883e-06, "max": 0.0202469006181, "mean": 0.00819446891546, "median": 0.00827173888683, "min": 3.29038640952e-12, "var": 8.27128042147e-06}, "spectral_rolloff": {"dmean": 106.307052612, "dmean2": 187.292144775, "dvar": 207434.734375, "dvar2": 493052.625, "max": 19638.28125, "mean": 336.578674316, "median": 107.666015625, "min": 43.06640625, "var": 1575690.75}, "spectral_skewness": {"dmean": 0.603745818138, "dmean2": 0.88277888298, "dvar": 0.344194769859, "dvar2": 0.840287923813, "max": 12.5141553879, "mean": 3.19135332108, "median": 3.10588479042, "min": 0.00485155871138, "var": 2.19890546799}, "spectral_spread": {"dmean": 1118806, "dmean2": 1538216, "dvar": 2528111230980.0, "dvar2": 4962724085760.0, "max": 39312108, "mean": 3643890, "median": 2652197, "min": 376824.53125, "var": 5935717679100.0}, "spectral_strongpeak": {"dmean": 0.173607081175, "dmean2": 0.297595322132, "dvar": 0.244912996888, "dvar2": 0.631459772587, "max": 11.1660900116, "mean": 0.640653312206, "median": 0.629255890846, "min": 0, "var": 0.27578240633}, "zerocrossingrate": {"dmean": 0.00581365590915, "dmean2": 0.00712657673284, "dvar": 0.00010389945237, "dvar2": 0.000120429154777, "max": 0.71337890625, "mean": 0.0171644240618, "median": 0.009765625, "min": 0.00146484375, "var": 0.00115545897279}, "barkbands": {"dmean": [0.00178380019497, 0.0149005595595, 0.00364264496602, 0.00431258929893, 0.0030457729008, 0.00149039551616, 0.000742897042073, 0.000803068687674, 0.000381064339308, 0.000238696564338, 9.67648084043e-05, 0.000379941484425, 0.000159710689331, 0.000145724101458, 0.000112684523629, 0.000205124146305, 0.000138559422339, 0.000117145355034, 6.14663513261e-05, 3.81280478905e-05, 3.27534144162e-05, 3.88549706258e-05, 4.69772530778e-05, 4.55737063021e-05, 7.42704214645e-05, 6.34210227872e-05, 2.9107724913e-05], "dmean2": [0.0029368349351, 0.0231595337391, 0.00616303738207, 0.00799732748419, 0.0054552112706, 0.00243349792436, 0.00106754875742, 0.0013035570737, 0.000516668427736, 0.000368609209545, 0.000144471850945, 0.000514782324899, 0.000240947221755, 0.000223962502787, 0.000187493526028, 0.000357709242962, 0.000209200836252, 0.000184096497833, 9.25066342461e-05, 5.71464588575e-05, 4.79916561744e-05, 5.75685990043e-05, 6.7735571065e-05, 7.0285066613e-05, 0.000117976902402, 0.000101815145172, 4.5152806706e-05], "dvar": [1.7485986973e-05, 0.000350628281012, 0.00011288416863, 0.000296949525364, 0.0001204059663, 6.85955501467e-06, 3.7639938455e-06, 3.81280665351e-06, 9.26382426769e-07, 4.61140700736e-07, 2.55244742675e-07, 4.38453980678e-06, 4.89354249567e-07, 1.02083663478e-06, 1.49478978528e-07, 4.28660456464e-07, 1.79553197199e-07, 1.61510925523e-07, 4.80660737878e-08, 1.56926134309e-08, 1.13839631055e-08, 1.28667467791e-08, 1.76697945165e-08, 1.8001662383e-08, 4.09929263867e-08, 2.33196839616e-08, 8.892476977e-09], "dvar2": [4.47302663815e-05, 0.000984094687738, 0.000308397546178, 0.000852682220284, 0.000346537912264, 1.77567653736e-05, 7.5048542385e-06, 9.62385547609e-06, 1.48907486164e-06, 1.04041259874e-06, 5.27001873252e-07, 6.92330968377e-06, 1.06103846065e-06, 2.11736528399e-06, 3.902560195e-07, 1.24586131278e-06, 3.96619014964e-07, 3.75000183794e-07, 1.19217972383e-07, 3.0642510751e-08, 2.05959249655e-08, 2.09003374607e-08, 3.12470298525e-08, 4.10398826034e-08, 9.44102183098e-08, 5.47226726155e-08, 2.04924468505e-08], "max": [0.0673887878656, 0.174706488848, 0.131612151861, 0.194739043713, 0.123967565596, 0.0404482372105, 0.046363260597, 0.0357279069722, 0.0272482503206, 0.015378896147, 0.0190396159887, 0.0709715038538, 0.0182787198573, 0.041682485491, 0.00762152485549, 0.00942222494632, 0.00671298103407, 0.0101520847529, 0.00807555019855, 0.00383559823968, 0.00388951669447, 0.00285634910688, 0.00208959029987, 0.00258774962276, 0.00300254463218, 0.00286576151848, 0.00262527097948], "mean": [0.00545973377302, 0.0513316504657, 0.00553624052554, 0.00307862297632, 0.00290305237286, 0.00277072703466, 0.0010781303281, 0.00111329008359, 0.000877038284671, 0.0005046108854, 0.000161411458976, 0.000918541569263, 0.000257468112977, 0.000238756823819, 0.000121288358059, 0.00022490536503, 0.000153244604007, 0.000148853883729, 7.38649468985e-05, 4.47374186479e-05, 3.67676911992e-05, 4.06130529882e-05, 4.80329945276e-05, 4.08114028687e-05, 6.4159205067e-05, 5.32997510163e-05, 2.64564969257e-05], "median": [0.00151248835027, 0.0514436177909, 0.00142421247438, 0.000524494622368, 0.000999753596261, 0.00136393983848, 0.000229519195273, 0.000407554209232, 0.000301923108054, 0.000128002429847, 2.21769987547e-05, 0.000255645310972, 7.82408096711e-05, 3.76709067496e-05, 1.59762566909e-05, 4.35980109614e-05, 2.41631387325e-05, 1.72880227183e-05, 5.88857892581e-06, 2.73492969427e-06, 1.15048715088e-06, 7.94201753251e-07, 7.76509523348e-07, 6.82843847244e-07, 9.68191670836e-07, 1.25870349166e-06, 1.0202750218e-06], "min": [1.83340235833e-23, 1.06003791562e-23, 1.48170134551e-23, 1.12933948419e-24, 5.08771833409e-23, 5.06957137783e-23, 5.8524265272e-23, 7.41044322332e-23, 1.2820939774e-22, 1.00310505101e-22, 1.67481165521e-23, 5.08797424057e-23, 8.54102037111e-23, 1.34120932037e-22, 1.05630292745e-22, 1.34995280221e-22, 3.50054010088e-22, 3.09918887688e-22, 3.06984274634e-22, 4.63403350966e-22, 4.02562838615e-22, 4.60936147464e-22, 7.28774139999e-22, 9.62774215372e-22, 1.0847611414e-21, 2.13525265046e-21, 2.33421018652e-21], "var": [9.32902257773e-05, 0.000772937550209, 0.00011333765724, 0.000169592560269, 7.23598859622e-05, 1.47012497109e-05, 7.05119782651e-06, 4.85227155878e-06, 3.85607563658e-06, 1.6749702354e-06, 5.21198103343e-07, 1.38196783155e-05, 7.08129164195e-07, 2.01480384021e-06, 1.46777310306e-07, 4.0619559627e-07, 2.17550521597e-07, 2.44313099529e-07, 6.57525518477e-08, 2.55182026621e-08, 1.95952729598e-08, 2.2042950576e-08, 2.74390359323e-08, 2.09411155083e-08, 4.31116937705e-08, 2.30080985375e-08, 8.81849793188e-09]}, "erbbands": {"dmean": [0.636696875095, 2.75072813034, 4.32439565659, 9.20541381836, 15.6604833603, 7.12435722351, 5.34520339966, 16.5146770477, 13.6998128891, 10.6937189102, 14.1416244507, 8.54831218719, 7.14087152481, 4.54684448242, 8.13872146606, 11.2461462021, 7.65205335617, 7.10862016678, 5.17994642258, 9.77165317535, 7.8747792244, 8.34708023071, 5.97476673126, 5.05156993866, 2.2151260376, 1.62353789806, 1.42808198929, 1.25506794453, 1.40053188801, 1.58177149296, 1.30697476864, 0.920536696911, 0.820312321186, 0.741808176041, 0.570340514183, 0.262371480465, 0.120411165059, 0.0334103219211, 0.00493738846853, 0.000282479159068], "dmean2": [0.97597938776, 4.4036397934, 7.21237230301, 16.5130519867, 28.7204475403, 12.655254364, 8.29890060425, 27.1593494415, 19.9375228882, 16.8659896851, 22.5850353241, 11.582903862, 10.528585434, 7.05051469803, 11.0068378448, 15.587562561, 11.3773775101, 10.4537286758, 8.2669878006, 16.9260902405, 13.1984596252, 12.6479711533, 9.37931919098, 7.91904401779, 3.27041077614, 2.4113445282, 2.08862161636, 1.82907903194, 2.05989122391, 2.29976415634, 1.92465734482, 1.37302577496, 1.27399480343, 1.18307721615, 0.906891465187, 0.422511190176, 0.19291652739, 0.053487110883, 0.00770073151216, 0.000434539542766], "dvar": [0.734346985817, 14.4581851959, 119.434333801, 1196.39172363, 3663.48364258, 616.411804199, 103.842857361, 883.45916748, 1177.20812988, 737.650695801, 955.307983398, 534.730529785, 346.136322021, 121.824829102, 2143.13647461, 2781.69213867, 900.161865234, 3699.67285156, 147.935684204, 1418.39526367, 468.294555664, 664.819519043, 359.510070801, 468.751281738, 36.1762733459, 30.2025737762, 24.8485221863, 16.4236621857, 17.2904014587, 23.47539711, 14.0494194031, 7.67231845856, 5.58637809753, 4.69118022919, 2.20551252365, 0.405411422253, 0.0855952650309, 0.00812397710979, 0.000224457937293, 1.20883714771e-06], "dvar2": [2.02608466148, 40.8127670288, 324.915435791, 3380.02563477, 10560.8779297, 1762.28137207, 268.271820068, 2325.91845703, 2396.66235352, 1809.59973145, 2279.63208008, 807.251403809, 709.621520996, 279.963195801, 3724.34033203, 4512.71044922, 1913.42590332, 7211.1484375, 363.194549561, 3988.75073242, 1243.32788086, 1494.10803223, 873.502746582, 1110.53942871, 67.4766159058, 57.4612770081, 47.5720863342, 29.7789478302, 30.2652053833, 45.576133728, 24.497631073, 16.3706054688, 12.8940238953, 11.0294208527, 5.16855859756, 0.952245116234, 0.202315256, 0.0190978907049, 0.000513377599418, 2.82449491351e-06], "max": [8.34467983246, 35.2828712463, 139.589584351, 389.49319458, 690.759033203, 306.522888184, 149.584030151, 499.288391113, 886.524719238, 524.252319336, 721.129333496, 813.09173584, 537.926147461, 241.849960327, 1338.11450195, 1732.50476074, 709.902893066, 2496.77099609, 261.904449463, 509.190155029, 357.950439453, 415.93536377, 255.216262817, 774.166442871, 149.656158447, 173.416748047, 184.046325684, 148.057006836, 123.113563538, 77.5293731689, 63.1267127991, 61.0153541565, 38.8355369568, 38.9000244141, 23.0969238281, 9.94084262848, 5.58245182037, 1.91942405701, 0.432189226151, 0.0326689854264], "mean": [2.14563512802, 8.72797393799, 8.72260570526, 7.93723058701, 12.0459899902, 7.10994529724, 10.6719417572, 29.0771617889, 21.756029129, 14.3358354568, 23.5853385925, 18.8604125977, 17.0035114288, 9.69983577728, 17.9773139954, 26.1886463165, 14.452495575, 11.6045150757, 8.66587543488, 10.093542099, 9.87087059021, 9.57301616669, 7.3696269989, 6.73740148544, 2.8065507412, 1.91476404667, 1.62678301334, 1.39779353142, 1.38852977753, 1.5830411911, 1.38039529324, 0.862053632736, 0.723448991776, 0.649316847324, 0.478450655937, 0.217519029975, 0.101168684661, 0.0288778394461, 0.00449936836958, 0.000331397983246], "median": [1.90455079079, 8.93285369873, 3.59390044212, 2.33836364746, 2.43546462059, 2.56948900223, 6.13840007782, 12.3729572296, 7.47790527344, 4.38027048111, 10.6367073059, 7.25724124908, 5.14771270752, 2.92643451691, 3.92733430862, 7.92338657379, 5.74416160583, 2.20443511009, 2.11426520348, 1.29223978519, 2.45908641815, 1.66044569016, 0.777990579605, 0.750352561474, 0.232573091984, 0.111391484737, 0.0758717954159, 0.0472279265523, 0.027789272368, 0.0287844128907, 0.0210062861443, 0.0135783134028, 0.0118564097211, 0.0095641547814, 0.00761536881328, 0.00470298388973, 0.00243697455153, 0.000837567378767, 0.000204668293009, 0.000103059064713], "min": [1.94587360236e-22, 2.98883761134e-21, 1.45342289845e-20, 1.30633572603e-20, 4.95158101804e-20, 2.40923255194e-19, 1.35577280542e-19, 4.57389674808e-19, 1.0430119901e-18, 1.02302203322e-18, 1.675843726e-18, 3.10188573125e-18, 2.79284815927e-18, 2.36896338347e-18, 7.97744408178e-19, 2.41345308592e-18, 3.9335506967e-18, 6.90752514713e-18, 3.84648993723e-18, 8.71411862422e-18, 8.22112559658e-18, 2.36935381272e-17, 1.67147327587e-17, 1.27439266744e-17, 2.12640855071e-17, 1.81879166143e-17, 1.51304370402e-17, 1.8311095388e-17, 1.62564697363e-17, 1.69609546486e-17, 2.29090234906e-17, 1.49390820404e-17, 1.79391304645e-17, 1.17434111917e-17, 8.06721789027e-18, 7.83719219681e-18, 3.78916756155e-18, 1.76240921108e-18, 3.37269866674e-19, 3.04379782576e-20], "var": [2.70834779739, 27.385389328, 171.651000977, 725.564697266, 2116.71777344, 380.175689697, 185.974975586, 1977.69055176, 1971.28149414, 1021.07244873, 1696.73486328, 2004.13366699, 1546.36071777, 413.018737793, 5952.08300781, 8628.84667969, 1520.34057617, 7546.11425781, 340.764709473, 1165.78662109, 544.443481445, 803.932250977, 478.454467773, 736.481079102, 68.3321990967, 50.5010223389, 39.2606086731, 28.7283477783, 26.8257694244, 33.8946876526, 22.6776390076, 9.92149543762, 6.22367572784, 5.0919919014, 2.15261435509, 0.402464896441, 0.0820538923144, 0.00778285460547, 0.000227769531193, 1.16963167329e-06]}, "gfcc": {"mean": [-69.4741668701, 145.713027954, -69.2178955078, 4.97945690155, -17.1313705444, 6.10356998444, -21.4819641113, 13.8754806519, -6.85017824173, 5.60599660873, -1.78329777718, 7.00596237183, -6.39333581924], "cov": [[20272.6269531, -2905.26538086, -230.145477295, 1826.72937012, -203.462173462, 1768.15490723, 160.734237671, 967.334899902, -46.5220794678, 636.836547852, -321.419067383, 426.607177734, -404.595123291], [-2905.26538086, 2845.53588867, -677.485046387, -617.439453125, 552.120910645, -297.680206299, 369.775543213, -100.505752563, 179.271453857, -149.151199341, 224.970825195, -171.852767944, 184.240432739], [-230.145477295, -677.485046387, 955.956848145, 28.2505645752, -127.282600403, 195.599411011, -116.458580017, 36.9248428345, -23.3553295135, 70.2836456299, -44.2191810608, 65.1653823853, -74.1355056763], [1826.72937012, -617.439453125, 28.2505645752, 430.13772583, -54.851776123, 155.389480591, -6.28671979904, 80.2904052734, -4.06598901749, 54.0854148865, -29.5062713623, 49.5855560303, -43.9272727966], [-203.462173462, 552.120910645, -127.282600403, -54.851776123, 288.534606934, 69.3467483521, 134.252593994, 44.1603012085, 59.1149101257, 4.98895168304, 84.3872070312, -2.35111927986, 37.7446212769], [1768.15490723, -297.680206299, 195.599411011, 155.389480591, 69.3467483521, 375.663848877, 93.3787918091, 121.996650696, 7.95651626587, 86.618812561, 4.95245838165, 78.4026107788, -41.7122383118], [160.734237671, 369.775543213, -116.458580017, -6.28671979904, 134.252593994, 93.3787918091, 201.259429932, 52.189666748, 40.1106643677, 12.6923503876, 46.4314613342, 3.75765967369, 40.1669273376], [967.334899902, -100.505752563, 36.9248428345, 80.2904052734, 44.1603012085, 121.996650696, 52.189666748, 147.660491943, 50.2670555115, 47.7766723633, 6.56606149673, 38.1549034119, -15.0298118591], [-46.5220794678, 179.271453857, -23.3553295135, -4.06598901749, 59.1149101257, 7.95651626587, 40.1106643677, 50.2670555115, 111.723045349, 30.3177490234, 28.8323440552, -5.54773044586, 25.9909229279], [636.836547852, -149.151199341, 70.2836456299, 54.0854148865, 4.98895168304, 86.618812561, 12.6923503876, 47.7766723633, 30.3177490234, 96.006980896, 21.6860332489, 27.2481765747, -12.3910961151], [-321.419067383, 224.970825195, -44.2191810608, -29.5062713623, 84.3872070312, 4.95245838165, 46.4314613342, 6.56606149673, 28.8323440552, 21.6860332489, 108.836509705, 38.9119033813, 22.2017555237], [426.607177734, -171.852767944, 65.1653823853, 49.5855560303, -2.35111927986, 78.4026107788, 3.75765967369, 38.1549034119, -5.54773044586, 27.2481765747, 38.9119033813, 100.599861145, 23.065164566], [-404.595123291, 184.240432739, -74.1355056763, -43.9272727966, 37.7446212769, -41.7122383118, 40.1669273376, -15.0298118591, 25.9909229279, -12.3910961151, 22.2017555237, 23.065164566, 114.102622986]], "icov": [[0.000369339919416, -0.000518582819495, 0.000630002643447, -0.000997322495095, 0.000692506378982, -0.00138685072307, 0.000981461373158, -0.00131898815744, 0.000945329724345, -0.00175814644899, 0.00172715412918, -0.00103580404539, 0.000384121522075], [-0.000518582819495, 0.00251403427683, -0.000583209563047, 0.00286632124335, -0.0024930855725, 0.00238926848397, -0.00315921194851, 0.00244028656743, -0.00274968589656, 0.00412891432643, -0.00427268678322, 0.003297572257, -0.000802468508482], [0.000630002643447, -0.000583209563047, 0.00269276159815, -0.000911283947062, 0.00144233740866, -0.00352328759618, 0.00244577461854, -0.00193407863844, 0.000962176418398, -0.00306282099336, 0.00290033128113, -0.00200577266514, 0.000982838799246], [-0.000997322495095, 0.00286632124335, -0.000911283947062, 0.00719857541844, -0.00234386394732, 0.00289543229155, -0.00370634673163, 0.00332277244888, -0.00390085810795, 0.00547659210861, -0.00532060023397, 0.00321834301576, -0.000541174667887], [0.000692506378982, -0.0024930855725, 0.00144233740866, -0.00234386394732, 0.0101081104949, -0.00561928329989, 0.00198861234821, -0.00454655149952, 0.0020427335985, -0.00233652093448, -0.00115650205407, 0.000669820758048, -0.000810384459328], [-0.00138685072307, 0.00238926848397, -0.00352328759618, 0.00289543229155, -0.00561928329989, 0.0133066540584, -0.00818875525147, 0.00416530668736, -0.00271954829805, 0.00324738235213, -0.00248610926792, -0.00147500995081, 0.00195861654356], [0.000981461373158, -0.00315921194851, 0.00244577461854, -0.00370634673163, 0.00198861234821, -0.00818875525147, 0.0149913709611, -0.00681096734479, 0.00455435551703, -0.00500488374382, 0.00253778067417, 0.000507901189849, -0.00325972703286], [-0.00131898815744, 0.00244028656743, -0.00193407863844, 0.00332277244888, -0.00454655149952, 0.00416530668736, -0.00681096734479, 0.0194160845131, -0.0108246365562, 0.00487196259201, -0.00137796415947, -0.00322565296665, 0.00330205704086], [0.000945329724345, -0.00274968589656, 0.000962176418398, -0.00390085810795, 0.0020427335985, -0.00271954829805, 0.00455435551703, -0.0108246365562, 0.0194664280862, -0.00975736603141, 0.00173045543488, 0.00269668083638, -0.00415927637368], [-0.00175814644899, 0.00412891432643, -0.00306282099336, 0.00547659210861, -0.00233652093448, 0.00324738235213, -0.00500488374382, 0.00487196259201, -0.00975736603141, 0.027088439092, -0.0152714671567, 0.00801553111523, -0.00190362043213], [0.00172715412918, -0.00427268678322, 0.00290033128113, -0.00532060023397, -0.00115650205407, -0.00248610926792, 0.00253778067417, -0.00137796415947, 0.00173045543488, -0.0152714671567, 0.0315270610154, -0.0211901254952, 0.00735473353416], [-0.00103580404539, 0.003297572257, -0.00200577266514, 0.00321834301576, 0.000669820758048, -0.00147500995081, 0.000507901189849, -0.00322565296665, 0.00269668083638, 0.00801553111523, -0.0211901254952, 0.0310479328036, -0.0123229324818], [0.000384121522075, -0.000802468508482, 0.000982838799246, -0.000541174667887, -0.000810384459328, 0.00195861654356, -0.00325972703286, 0.00330205704086, -0.00415927637368, -0.00190362043213, 0.00735473353416, -0.0123229324818, 0.0162192434072]]}, "melbands": {"dmean": [0.00472317216918, 0.00251490110531, 0.00181730336044, 0.000852470460813, 0.000180594652193, 0.000345501961419, 0.000184075892321, 0.000140589952935, 0.000106718362076, 5.38354142918e-05, 3.73789516743e-05, 2.21527643589e-05, 1.7846477931e-05, 4.32425295003e-05, 2.47147090704e-05, 1.91630242625e-05, 1.23855525089e-05, 9.08090441953e-06, 1.01767145679e-05, 1.80961051228e-05, 7.6118344623e-06, 9.20454203879e-06, 6.07431366006e-06, 5.72580529479e-06, 4.15466047343e-06, 1.98047928279e-06, 1.54485428538e-06, 1.02151159354e-06, 9.28715110149e-07, 8.29726616303e-07, 6.87590386406e-07, 7.99558335984e-07, 7.90688829966e-07, 9.11702272788e-07, 7.83615121236e-07, 6.86772921199e-07, 5.13578754635e-07, 5.38865208455e-07, 6.43990119897e-07, 6.21978699655e-07], "dmean2": [0.00725755468011, 0.00405429536477, 0.0032610532362, 0.00154643750284, 0.000284654350253, 0.000562421453651, 0.000269116251729, 0.000224695380894, 0.000167748876265, 7.24782876205e-05, 5.57550847589e-05, 3.45598091371e-05, 2.50462253462e-05, 5.69270778215e-05, 3.69591652998e-05, 2.87071397906e-05, 1.84416730917e-05, 1.44949381138e-05, 1.72428754013e-05, 3.18181555485e-05, 1.27650873765e-05, 1.411399262e-05, 9.3379203463e-06, 9.1259707915e-06, 6.55445637676e-06, 2.88991736852e-06, 2.45843875746e-06, 1.52504082962e-06, 1.34518188588e-06, 1.25045062305e-06, 1.01243063e-06, 1.19948538213e-06, 1.18353591461e-06, 1.33102969357e-06, 1.14139470497e-06, 1.02556202819e-06, 7.87551186932e-07, 8.42168901727e-07, 1.0307080629e-06, 9.93964818008e-07], "dvar": [3.60826888937e-05, 2.1743002435e-05, 4.72953324788e-05, 1.02975054688e-05, 1.22593760921e-07, 3.69352392227e-07, 2.05476553106e-07, 1.31630244482e-07, 5.41475060345e-08, 2.32984707083e-08, 1.00474277787e-08, 3.14292369907e-09, 8.32280999674e-09, 8.56840287611e-08, 9.94791360398e-09, 1.27920554149e-08, 1.0781439741e-08, 4.51937876011e-10, 1.2971578256e-09, 4.27189617014e-09, 3.86857684775e-10, 7.88178522448e-10, 3.82746861982e-10, 3.97696375831e-10, 3.67254948674e-10, 3.8274643871e-11, 2.16395790176e-11, 1.43742613298e-11, 1.14793608647e-11, 8.70812449927e-12, 4.31001588586e-12, 5.75902693589e-12, 6.20266078083e-12, 8.04312953046e-12, 5.27139876888e-12, 4.14867619425e-12, 2.5514067855e-12, 2.36568620596e-12, 4.05388309727e-12, 3.38518666224e-12], "dvar2": [0.000100568431662, 5.89432420384e-05, 0.000133661858854, 2.96451871691e-05, 3.23025403759e-07, 9.55339714892e-07, 4.20942427581e-07, 3.30729079678e-07, 1.22509675293e-07, 3.38282077905e-08, 2.10335446837e-08, 7.26356752523e-09, 1.55942512237e-08, 1.37434639669e-07, 1.65687836784e-08, 2.59970374117e-08, 2.13247659531e-08, 1.17587595216e-09, 3.45235973143e-09, 1.24179404537e-08, 9.81945080802e-10, 1.78130543649e-09, 8.88341511462e-10, 9.89239690163e-10, 8.98893237622e-10, 7.90952858765e-11, 5.01878573422e-11, 2.80503086036e-11, 2.26398309822e-11, 1.76088761628e-11, 7.97018354093e-12, 1.13456058784e-11, 1.08195223614e-11, 1.6732341207e-11, 1.00284763133e-11, 8.25492365436e-12, 5.70251875234e-12, 5.50712947467e-12, 9.58307565246e-12, 8.14423094936e-12], "max": [0.0570048429072, 0.0565824173391, 0.0764261484146, 0.0367152802646, 0.00449608685449, 0.0097774984315, 0.0114927599207, 0.00706496043131, 0.00614774227142, 0.00542226061225, 0.00271817017347, 0.00118580600247, 0.00261453539133, 0.0101978182793, 0.00351289007813, 0.00348631548695, 0.00429698964581, 0.000543367059436, 0.000653717142995, 0.000864583533257, 0.000290596071864, 0.000466542987851, 0.000272750301519, 0.000369709276129, 0.000694903603289, 0.000147255399497, 9.35008501983e-05, 0.000128722575027, 0.000126919214381, 0.000107672902232, 6.81508900016e-05, 6.86653365847e-05, 5.68066607229e-05, 4.60230148747e-05, 3.31320661644e-05, 4.68023936264e-05, 3.24442225974e-05, 2.66484876192e-05, 3.1518531614e-05, 4.31018524978e-05], "mean": [0.016480948776, 0.00692400615662, 0.00154960202053, 0.000717752438504, 0.00034244597191, 0.00062264042208, 0.000293501332635, 0.000182985138963, 0.000187326193554, 0.000117919546028, 8.7325606728e-05, 4.61204981548e-05, 3.70474335796e-05, 0.000102281337604, 4.88419755129e-05, 3.04117875203e-05, 1.93804207811e-05, 1.51903004735e-05, 1.04598748294e-05, 1.79458402272e-05, 9.37960339797e-06, 1.03389447759e-05, 6.65668312649e-06, 6.97867562849e-06, 5.39070742889e-06, 2.38241887018e-06, 1.65561129961e-06, 1.16711498777e-06, 1.0511240589e-06, 9.11926804292e-07, 7.39190568311e-07, 7.53953941057e-07, 8.24690175705e-07, 8.77718036918e-07, 8.13763904262e-07, 6.64977790166e-07, 4.71490125165e-07, 4.755003431e-07, 5.55461440399e-07, 5.41569306733e-07], "median": [0.0156037602574, 0.00531284790486, 0.000440006348072, 0.000179208989721, 0.000197394576389, 0.000284170673694, 9.7837895737e-05, 5.25796349393e-05, 8.09559569461e-05, 4.05876417062e-05, 2.47234711424e-05, 1.2670750948e-05, 7.67542769609e-06, 2.14863212022e-05, 1.55125235324e-05, 6.50915626466e-06, 2.39519431489e-06, 3.73705097445e-06, 1.20641993817e-06, 2.23815754907e-06, 2.51102437687e-06, 1.7341955072e-06, 8.05354716249e-07, 6.51207244573e-07, 5.8053575458e-07, 1.91481746015e-07, 8.60484590248e-08, 6.55406182659e-08, 5.87585553546e-08, 2.7244722034e-08, 2.30891270547e-08, 1.48494923025e-08, 1.42381360035e-08, 1.56076005453e-08, 1.2212085565e-08, 8.75473382678e-09, 7.69204877571e-09, 8.05608024734e-09, 8.45677927686e-09, 7.52813100746e-09], "min": [3.54275144838e-24, 6.9093447346e-24, 2.28548347587e-24, 1.15105471471e-23, 6.16734058943e-24, 1.1908475409e-23, 1.50291949505e-23, 1.35383235703e-23, 1.47045534445e-23, 1.88155647903e-23, 1.39718783684e-23, 1.06475498829e-23, 2.01797009329e-24, 5.50069750982e-24, 4.96089616403e-24, 1.17166268034e-23, 1.32856340674e-23, 6.46923450241e-24, 7.96622349895e-24, 1.20782406424e-23, 7.67985831289e-24, 2.57467128514e-23, 1.97541862052e-23, 1.16627239378e-23, 9.44038364976e-24, 1.38809163951e-23, 1.77527072491e-23, 1.03062878664e-23, 1.12814564182e-23, 5.58621279296e-24, 1.3415324378e-23, 9.37496341489e-24, 7.93977378166e-24, 9.8981407004e-24, 1.25837640097e-23, 1.31029354595e-23, 7.61771027305e-24, 1.15071526786e-23, 1.52998420831e-23, 7.71012375038e-24], "var": [0.000105732309748, 3.85043640563e-05, 2.8682179618e-05, 6.06821276961e-06, 1.84307751283e-07, 8.11734821582e-07, 3.58692687996e-07, 1.64719040185e-07, 1.1705017755e-07, 9.25241891991e-08, 4.35508518137e-08, 1.04118837996e-08, 2.06411563397e-08, 2.61671061708e-07, 3.02668681229e-08, 2.17021565163e-08, 2.18635509697e-08, 1.13692710801e-09, 1.23025289955e-09, 3.69023700486e-09, 4.60820159809e-10, 9.55290069271e-10, 4.23873297573e-10, 5.59163104707e-10, 5.43121214669e-10, 6.06142150361e-11, 2.75286668461e-11, 2.33523096693e-11, 1.73062814079e-11, 1.3197984372e-11, 7.50785544845e-12, 7.70629393632e-12, 1.01971903144e-11, 1.04384591249e-11, 7.95486593264e-12, 5.72072380786e-12, 3.10658551834e-12, 2.63669533256e-12, 4.18101837873e-12, 3.60082384916e-12]}, "mfcc": {"mean": [-729.878967285, 191.204391479, 15.8296689987, 22.6182765961, 23.0789833069, 4.36948490143, 6.89399385452, 12.3600816727, 5.50097703934, 3.67799496651, 8.76235198975, 9.85302066803, 7.60371208191], "cov": [[11639.3349609, -1158.01708984, 59.0172348022, 481.335296631, 265.669189453, 406.543457031, 162.473861694, 291.901855469, 227.984527588, 183.762908936, 219.167282104, 134.581756592, 183.712295532], [-1158.01708984, 2938.97705078, -669.205200195, -39.4998054504, 202.484924316, 40.5011672974, 308.043487549, 207.771713257, 141.171478271, 100.758308411, 147.991455078, 183.221252441, 93.9503173828], [59.0172348022, -669.205200195, 812.874206543, -88.919708252, 2.11941242218, 35.5039138794, -74.6193466187, -36.1228713989, -11.0699367523, -6.87079572678, -35.7141532898, 5.38660478592, 32.1497802734], [481.335296631, -39.4998054504, -88.919708252, 202.356155396, 23.7973632812, 3.47884631157, 11.3700990677, 20.7328071594, 13.5133161545, 11.5291004181, 18.991733551, 16.0979881287, 2.40635037422], [265.669189453, 202.484924316, 2.11941242218, 23.7973632812, 182.074523926, 41.9792098999, 48.3108520508, 69.5933837891, 22.2233600616, 25.0182762146, 42.2253684998, 56.7859802246, 44.5154151917], [406.543457031, 40.5011672974, 35.5039138794, 3.47884631157, 41.9792098999, 139.721435547, 88.1467056274, 40.1107330322, 32.547203064, 14.4748897552, 20.3994560242, 33.0597419739, 27.0313301086], [162.473861694, 308.043487549, -74.6193466187, 11.3700990677, 48.3108520508, 88.1467056274, 166.001052856, 83.7760696411, 36.1696891785, 15.4431934357, 30.0624542236, 53.6298522949, 32.599067688], [291.901855469, 207.771713257, -36.1228713989, 20.7328071594, 69.5933837891, 40.1107330322, 83.7760696411, 137.327102661, 50.4131393433, 13.0238714218, 28.165271759, 51.9639892578, 50.82421875], [227.984527588, 141.171478271, -11.0699367523, 13.5133161545, 22.2233600616, 32.547203064, 36.1696891785, 50.4131393433, 104.159721375, 52.8140220642, 11.7046585083, 13.2144861221, 10.3116798401], [183.762908936, 100.758308411, -6.87079572678, 11.5291004181, 25.0182762146, 14.4748897552, 15.4431934357, 13.0238714218, 52.8140220642, 88.5384979248, 48.7932510376, 9.1039686203, -11.1134767532], [219.167282104, 147.991455078, -35.7141532898, 18.991733551, 42.2253684998, 20.3994560242, 30.0624542236, 28.165271759, 11.7046585083, 48.7932510376, 95.9096221924, 56.152141571, -1.47745835781], [134.581756592, 183.221252441, 5.38660478592, 16.0979881287, 56.7859802246, 33.0597419739, 53.6298522949, 51.9639892578, 13.2144861221, 9.1039686203, 56.152141571, 112.336791992, 66.9258270264], [183.712295532, 93.9503173828, 32.1497802734, 2.40635037422, 44.5154151917, 27.0313301086, 32.599067688, 50.82421875, 10.3116798401, -11.1134767532, -1.47745835781, 66.9258270264, 136.049667358]], "icov": [[0.000130259024445, 9.01189632714e-05, 4.34355060861e-05, -0.000217251334107, -5.76940437895e-05, -0.000311132636853, 7.92886639829e-05, -0.000154550580191, -0.000181622701348, 7.06232242464e-07, -0.00037989433622, 0.000226809759624, -0.000226989126531], [9.01189632714e-05, 0.000704366597347, 0.00048760737991, 0.000358552351827, -0.000489204190671, 0.000513560487889, -0.00097169628134, 0.000122950135847, -0.000772697676439, -5.42997804587e-05, -0.000508706201799, -0.000309749331791, -0.000283758592559], [4.34355060861e-05, 0.00048760737991, 0.00188847724348, 0.000909714493901, -0.000400423392421, -0.000843345711473, 0.000800234382041, -7.54600405344e-05, -2.23197057494e-05, -0.000947462860495, 0.00106866052374, -0.00134494691156, -0.000125193357235], [-0.000217251334107, 0.000358552351827, 0.000909714493901, 0.00613792007789, -0.000681295234244, 0.000862005283125, -0.000284921145067, -2.17928954953e-05, -0.000529568293132, -0.000205575270229, 0.000286515773041, -0.00141701404937, 0.000573801633436], [-5.76940437895e-05, -0.000489204190671, -0.000400423392421, -0.000681295234244, 0.00821225252002, -0.00179554324131, 0.00148761621676, -0.00353670842014, 0.00220270943828, -0.00221203803085, -7.22479162505e-05, -0.00148114748299, -0.000462950090878], [-0.000311132636853, 0.000513560487889, -0.000843345711473, 0.000862005283125, -0.00179554324131, 0.0142754670233, -0.00892840977758, 0.0034620477818, -0.00387597782537, 0.00250435224734, -0.00241794949397, 0.000971765024588, -0.00115923420526], [7.92886639829e-05, -0.00097169628134, 0.000800234382041, -0.000284921145067, 0.00148761621676, -0.00892840977758, 0.0158715490252, -0.00699074473232, 0.00278140371665, -0.00243947468698, 0.00322932447307, -0.00393126066774, 0.00203448929824], [-0.000154550580191, 0.000122950135847, -7.54600405344e-05, -2.17928954953e-05, -0.00353670842014, 0.0034620477818, -0.00699074473232, 0.0166986733675, -0.00837806798518, 0.00647974433377, -0.0048796213232, 0.00136513949838, -0.00351194501854], [-0.000181622701348, -0.000772697676439, -2.23197057494e-05, -0.000529568293132, 0.00220270943828, -0.00387597782537, 0.00278140371665, -0.00837806798518, 0.022634845227, -0.0171491261572, 0.0118425590917, -0.00460074376315, 0.00258159497753], [7.06232242464e-07, -5.42997804587e-05, -0.000947462860495, -0.000205575270229, -0.00221203803085, 0.00250435224734, -0.00243947468698, 0.00647974433377, -0.0171491261572, 0.0312727056444, -0.020756168291, 0.0101973460987, -0.00273319147527], [-0.00037989433622, -0.000508706201799, 0.00106866052374, 0.000286515773041, -7.22479162505e-05, -0.00241794949397, 0.00322932447307, -0.0048796213232, 0.0118425590917, -0.020756168291, 0.0344441272318, -0.0201386231929, 0.00984741933644], [0.000226809759624, -0.000309749331791, -0.00134494691156, -0.00141701404937, -0.00148114748299, 0.000971765024588, -0.00393126066774, 0.00136513949838, -0.00460074376315, 0.0101973460987, -0.0201386231929, 0.0279206931591, -0.0117977363989], [-0.000226989126531, -0.000283758592559, -0.000125193357235, 0.000573801633436, -0.000462950090878, -0.00115923420526, 0.00203448929824, -0.00351194501854, 0.00258159497753, -0.00273319147527, 0.00984741933644, -0.0117977363989, 0.0145700033754]]}, "spectral_contrast_coeffs": {"dmean": [0.0469767004251, 0.0470967851579, 0.039002366364, 0.0305220950395, 0.0248301662505, 0.0184438824654], "dmean2": [0.0775250121951, 0.076086230576, 0.0591883435845, 0.0479398481548, 0.0398072637618, 0.0287705752999], "dvar": [0.00239256746136, 0.00163724785671, 0.00120498170145, 0.000676417315844, 0.000499321904499, 0.000333057512762], "dvar2": [0.00637402897701, 0.00413994118571, 0.00261368299834, 0.00160180451348, 0.00123467482626, 0.000796711596195], "max": [-0.352688550949, -0.381736695766, -0.450316369534, -0.54685229063, -0.504976212978, -0.604952394962], "mean": [-0.696633160114, -0.684933125973, -0.718657016754, -0.756784141064, -0.781903386116, -0.831826925278], "median": [-0.712938308716, -0.687831878662, -0.717881202698, -0.755010426044, -0.779190540314, -0.83798032999], "min": [-0.9641289711, -0.95493388176, -0.963460683823, -0.963436901569, -0.958469033241, -0.958119869232], "var": [0.0078410692513, 0.00481543457136, 0.00551274558529, 0.00323567865416, 0.00225358945318, 0.0017460801173]}, "spectral_contrast_valleys": {"dmean": [0.359750628471, 0.430428206921, 0.433885574341, 0.434716671705, 0.490051448345, 0.676948189735], "dmean2": [0.566991090775, 0.659523010254, 0.633096516132, 0.59934514761, 0.616229176521, 0.773716330528], "dvar": [0.128666847944, 0.195024505258, 0.200541913509, 0.20112785697, 0.30895319581, 0.676660239697], "dvar2": [0.277166247368, 0.393645375967, 0.384321153164, 0.358786165714, 0.470416009426, 1.14170742035], "max": [-4.92201423645, -4.55161809921, -5.6228928566, -5.44022464752, -5.46971988678, -7.52933979034], "mean": [-6.74585723877, -7.09188699722, -8.28330898285, -8.702709198, -9.1181344986, 