{"lowlevel": {"average_loudness": 0.963719189167, "barkbands_crest": {"dmean": 2.97312307358, "dmean2": 4.46632385254, "dvar": 8.06769371033, "dvar2": 16.8755226135, "max": 26.7116031647, "mean": 11.0116224289, "median": 10.0368318558, "min": 2.76478719711, "var": 21.9648151398}, "barkbands_flatness_db": {"dmean": 0.0236951913685, "dmean2": 0.0338674783707, "dvar": 0.000608440430369, "dvar2": 0.00118585454766, "max": 0.473456740379, "mean": 0.13290733099, "median": 0.117769062519, "min": 0.0255841501057, "var": 0.00373795395717}, "barkbands_kurtosis": {"dmean": 5.14183044434, "dmean2": 7.75394630432, "dvar": 238.799301147, "dvar2": 539.342651367, "max": 515.37512207, "mean": 7.7026424408, "median": 2.69306707382, "min": -1.94488227367, "var": 540.148681641}, "barkbands_skewness": {"dmean": 0.713253855705, "dmean2": 1.02734267712, "dvar": 0.857445478439, "dvar2": 1.62752091885, "max": 17.8705043793, "mean": 1.94129729271, "median": 1.85799407959, "min": -16.7241821289, "var": 3.81451034546}, "barkbands_spread": {"dmean": 7.32440805435, "dmean2": 11.2083425522, "dvar": 72.8584823608, "dvar2": 158.258392334, "max": 128.091262817, "mean": 26.8123970032, "median": 24.8423080444, "min": 0.343688219786, "var": 251.806838989}, "dissonance": {"dmean": 0.0116720413789, "dmean2": 0.0190549585968, "dvar": 0.00019494650769, "dvar2": 0.000490834994707, "max": 0.500000059605, "mean": 0.474810868502, "median": 0.481296569109, "min": 0.255160003901, "var": 0.000519779045135}, "dynamic_complexity": 3.37580513954, "erbbands_crest": {"dmean": 2.06747603416, "dmean2": 3.34296369553, "dvar": 5.1226811409, "dvar2": 12.8728666306, "max": 29.1566772461, "mean": 7.0625872612, "median": 5.94115924835, "min": 2.33811998367, "var": 13.4298295975}, "erbbands_flatness_db": {"dmean": 0.0158844385296, "dmean2": 0.0223033428192, "dvar": 0.00034459863673, "dvar2": 0.000637619115878, "max": 0.454193860292, "mean": 0.131242468953, "median": 0.119929865003, "min": 0.0334626659751, "var": 0.00286549562588}, "erbbands_kurtosis": {"dmean": 0.829980492592, "dmean2": 1.33401036263, "dvar": 6.50885725021, "dvar2": 15.4367408752, "max": 84.9488372803, "mean": -0.25192579627, "median": -0.849470853806, "min": -1.78706598282, "var": 7.48055124283}, "erbbands_skewness": {"dmean": 0.366258114576, "dmean2": 0.569145560265, "dvar": 0.192770436406, "dvar2": 0.434643387794, "max": 7.58815431595, "mean": -0.130177766085, "median": -0.183578014374, "min": -3.95245695114, "var": 0.604387223721}, "erbbands_spread": {"dmean": 10.169172287, "dmean2": 15.3441619873, "dvar": 111.184143066, "dvar2": 246.080154419, "max": 155.781646729, "mean": 57.0049667358, "median": 57.5410194397, "min": 1.8871666193, "var": 417.635437012}, "hfc": {"dmean": 6.51479005814, "dmean2": 9.1590719223, "dvar": 85.3564453125, "dvar2": 179.629638672, "max": 115.562614441, "mean": 22.8436965942, "median": 17.833442688, "min": 1.15885767122e-16, "var": 308.525024414}, "melbands_crest": {"dmean": 3.80552649498, "dmean2": 5.80703258514, "dvar": 11.2451896667, "dvar2": 25.1444263458, "max": 33.6185073853, "mean": 16.0658550262, "median": 15.3531475067, "min": 2.37821769714, "var": 32.4531822205}, "melbands_flatness_db": {"dmean": 0.029603511095, "dmean2": 0.041859164834, "dvar": 0.000924761639908, "dvar2": 0.00176040898077, "max": 0.603780090809, "mean": 0.200899451971, "median": 0.186529487371, "min": 0.0074019273743, "var": 0.0053930003196}, "melbands_kurtosis": {"dmean": 13.4121379852, "dmean2": 19.7809925079, "dvar": 661.335998535, "dvar2": 1345.81201172, "max": 551.83026123, "mean": 25.6043567657, "median": 16.3865509033, "min": -1.90474867821, "var": 1157.41369629}, "melbands_skewness": {"dmean": 1.01379883289, "dmean2": 1.46235370636, "dvar": 1.37851858139, "dvar2": 2.54215335846, "max": 19.5256996155, "mean": 3.97008728981, "median": 3.73638391495, "min": -1.83521425724, "var": 4.3927116394}, "melbands_spread": {"dmean": 8.18686103821, "dmean2": 12.6019010544, "dvar": 140.244827271, "dvar2": 293.190704346, "max": 280.036437988, "mean": 22.9177742004, "median": 17.7190055847, "min": 0.513631105423, "var": 428.28125}, "pitch_salience": {"dmean": 0.0853445753455, "dmean2": 0.130061104894, "dvar": 0.00650725932792, "dvar2": 0.0143687594682, "max": 0.863415300846, "mean": 0.564355313778, "median": 0.585216999054, "min": 0.101492524147, "var": 0.0172576494515}, "silence_rate_20dB": {"dmean": 0, "dmean2": 0, "dvar": 0, "dvar2": 0, "max": 1, "mean": 1, "median": 1, "min": 1, "var": 0}, "silence_rate_30dB": {"dmean": 0.000968640262727, "dmean2": 0.00193751510233, "dvar": 0.000967716157902, "dvar2": 0.00290257437155, "max": 1, "mean": 0.999515712261, "median": 1, "min": 0, "var": 0.00048403054825}, "silence_rate_60dB": {"dmean": 0.0162247251719, "dmean2": 0.0324533767998, "dvar": 0.015963440761, "dvar2": 0.0391572192311, "max": 1, "mean": 0.0675544813275, "median": 0, "min": 0, "var": 0.0630037710071}, "spectral_centroid": {"dmean": 317.935882568, "dmean2": 495.625061035, "dvar": 112376.507812, "dvar2": 252988.015625, "max": 10788.4853516, "mean": 1523.75732422, "median": 1478.48730469, "min": 161.783889771, "var": 408502.09375}, "spectral_complexity": {"dmean": 4.43637228012, "dmean2": 6.55098104477, "dvar": 20.4828891754, "dvar2": 39.0830116272, "max": 57, "mean": 21.1700973511, "median": 21, "min": 0, "var": 111.558639526}, "spectral_decrease": {"dmean": 2.78071188298e-09, "dmean2": 4.07256361967e-09, "dvar": 1.42820508255e-17, "dvar2": 2.63630286349e-17, "max": 1.15905394464e-15, "mean": -7.89395038225e-09, "median": -6.64258159588e-09, "min": -3.07957321866e-08, "var": 3.33128098901e-17}, "spectral_energy": {"dmean": 0.0107933850959, "dmean2": 0.0157629996538, "dvar": 0.000211392980418, "dvar2": 0.000389497436117, "max": 0.118949726224, "mean": 0.0318655110896, "median": 0.0271619260311, "min": 1.06112360721e-20, "var": 0.00050878879847}, "spectral_energyband_high": {"dmean": 0.000517210166436, "dmean2": 0.000724511803128, "dvar": 7.5316273751e-07, "dvar2": 1.56022633746e-06, "max": 0.0129954079166, "mean": 0.00134779885411, "median": 0.000775096938014, "min": 7.76773970858e-21, "var": 2.4825071705e-06}, "spectral_energyband_low": {"dmean": 0.00761928083375, "dmean2": 0.0106837050989, "dvar": 0.00014926030417, "dvar2": 0.000245182483923, "max": 0.112985730171, "mean": 0.0151198133826, "median": 0.00974189676344, "min": 9.05778863508e-23, "var": 0.000305615598336}, "spectral_energyband_middle_high": {"dmean": 0.00137658778112, "dmean2": 0.00206420314498, "dvar": 4.77243793284e-06, "dvar2": 1.0923849004e-05, "max": 0.0322902500629, "mean": 0.00409081298858, "median": 0.00275073759258, "min": 1.40033619964e-21, "var": 1.63541681104e-05}, "spectral_energyband_middle_low": {"dmean": 0.00658470299095, "dmean2": 0.010536997579, "dvar": 9.58469536272e-05, "dvar2": 0.000231477795751, "max": 0.102930054069, "mean": 0.0143105890602, "median": 0.0102447345853, "min": 4.24405955319e-22, "var": 0.000183689262485}, "spectral_entropy": {"dmean": 0.150171130896, "dmean2": 0.223952099681, "dvar": 0.0368510000408, "dvar2": 0.0746030658484, "max": 9.80215930939, "mean": 7.74541282654, "median": 7.80074882507, "min": 4.56324338913, "var": 0.197956249118}, "spectral_flux": {"dmean": 0.0316538773477, "dmean2": 0.0472747348249, "dvar": 0.0015472805826, "dvar2": 0.00331839756109, "max": 0.369523376226, "mean": 0.0924658924341, "median": 0.0830620378256, "min": 1.03010856789e-10, "var": 0.00348387053236}, "spectral_kurtosis": {"dmean": 1.61928534508, "dmean2": 2.61455082893, "dvar": 15.9177923203, "dvar2": 38.3073997498, "max": 128.252105713, "mean": 3.81232094765, "median": 2.67132616043, "min": -1.20240557194, "var": 29.3297271729}, "spectral_rms": {"dmean": 0.000894102558959, "dmean2": 0.00127686816268, "dvar": 1.14110889626e-06, "dvar2": 2.05202536563e-06, "max": 0.0107725812122, "mean": 0.00516616692767, "median": 0.00514776073396, "min": 3.21751848255e-12, "var": 4.39902214566e-06}, "spectral_rolloff": {"dmean": 673.781616211, "dmean2": 1107.80480957, "dvar": 1151786, "dvar2": 2486312.25, "max": 20176.6113281, "mean": 1655.90563965, "median": 882.861328125, "min": 64.599609375, "var": 5624825.5}, "spectral_skewness": {"dmean": 0.217124417424, "dmean2": 0.339350283146, "dvar": 0.124276712537, "dvar2": 0.280154913664, "max": 8.91636371613, "mean": 1.26999628544, "median": 1.19143283367, "min": -0.203941911459, "var": 0.292719513178}, "spectral_spread": {"dmean": 583883.5, "dmean2": 822597.3125, "dvar": 597360181248, "dvar2": 1032208711680.0, "max": 40435548, "mean": 5075908, "median": 4870339, "min": 747227.3125, "var": 4415523127300.0}, "spectral_strongpeak": {"dmean": 0.34590536356, "dmean2": 0.584167063236, "dvar": 0.366157948971, "dvar2": 0.895305037498, "max": 10.137928009, "mean": 0.656803131104, "median": 0.433849036694, "min": 0, "var": 0.595090389252}, "zerocrossingrate": {"dmean": 0.0130471419543, "dmean2": 0.0149342631921, "dvar": 0.00024386390578, "dvar2": 0.000257831823546, "max": 0.83349609375, "mean": 0.0718516483903, "median": 0.0595703125, "min": 0.00244140625, "var": 0.00577347539365}, "barkbands": {"dmean": [0.000135507783853, 0.0057533858344, 0.00355617748573, 0.00409284234047, 0.0026809037663, 0.00092959072208, 0.000602597079705, 0.000466011289973, 0.000553268182557, 0.000273510959232, 0.00014631394879, 0.000142096643685, 0.000203911753488, 0.000221404538024, 0.000243519592914, 0.000322590494761, 0.000279497529846, 0.000235384490225, 0.000235694780713, 0.000135445181513, 0.000146181220771, 0.00012359226821, 0.000120637407235, 8.08657641755e-05, 6.47173947073e-05, 4.74062180729e-05, 1.44020941661e-05], "dmean2": [0.000179215174285, 0.0086567318067, 0.00620132545009, 0.00658569484949, 0.00449868757278, 0.00153930857778, 0.000970789405983, 0.000724565354176, 0.000853073317558, 0.000416158902226, 0.000223650786211, 0.000221946931561, 0.000321343570249, 0.000346453714883, 0.00039034843212, 0.000525448762346, 0.000453926069895, 0.000379584613256, 0.000379127304768, 0.000209021469345, 0.000221017035074, 0.00018567754887, 0.000180075294338, 0.000120547352708, 9.46083091549e-05, 7.09146042936e-05, 2.13490620808e-05], "dvar": [7.15378050131e-08, 0.000165826015291, 6.70068184263e-05, 4.44291981694e-05, 1.79423914233e-05, 3.24165762322e-06, 1.93173627849e-06, 2.0407910597e-06, 2.24578207053e-06, 7.75609123593e-07, 1.95975644601e-07, 1.38549779649e-07, 1.71976765273e-07, 2.31475340229e-07, 3.54303182348e-07, 5.84569193052e-07, 2.66927912662e-07, 2.42198865408e-07, 2.01048791837e-07, 4.40015277547e-08, 5.70021612134e-08, 5.76042253897e-08, 7.01988867036e-08, 2.31090666603e-08, 5.04066903773e-08, 1.36203093248e-08, 2.41298181436e-09], "dvar2": [1.29285425032e-07, 0.000365519226762, 0.000189498678083, 0.000105154293124, 4.78381407447e-05, 8.52827179187e-06, 4.46052581538e-06, 4.70570830657e-06, 4.93266043122e-06, 1.59074215844e-06, 3.94962768269e-07, 3.07589516524e-07, 4.01887746193e-07, 5.04219144659e-07, 8.50639366945e-07, 1.47296589148e-06, 6.78309902469e-07, 6.17313389739e-07, 5.17906642017e-07, 9.9070092574e-08, 1.2714673403e-07, 1.3161391621e-07, 1.41549222121e-07, 5.19271416977e-08, 1.19966500733e-07, 3.06715683962e-08, 5.51835466212e-09], "max": [0.00332115660422, 0.107372000813, 0.0726727545261, 0.0633940845728, 0.0549782812595, 0.0269253142178, 0.0248388964683, 0.0272955149412, 0.0288028996438, 0.0248679276556, 0.0204056743532, 0.0126292444766, 0.00946110393852, 0.0126637564972, 0.0109289996326, 0.0139236673713, 0.00918675493449, 0.00863732304424, 0.00839898828417, 0.00358764803968, 0.00488503975794, 0.00637513305992, 0.00802322663367, 0.00246720039286, 0.00715796556324, 0.00158610509243, 0.000878517923411], "mean": [0.000191482322407, 0.00756961060688, 0.00444086827338, 0.00575062585995, 0.00435134908184, 0.00150314625353, 0.000943187391385, 0.000688196916599, 0.000921705330256, 0.000487137353048, 0.00024124297488, 0.000235735220485, 0.000327986985212, 0.000368546054233, 0.000371093163267, 0.000519174325746, 0.00055371975759, 0.000397037190851, 0.000494490319397, 0.000294972473057, 0.000327592308167, 0.000247342512012, 0.000255564838881, 0.00017393908638, 0.000121617362311, 6.89335502102e-05, 1.92406296264e-05], "median": [3.75526651624e-05, 0.0032555796206, 0.00184969580732, 0.00273349834606, 0.0029606577009, 0.000748108839616, 0.00026998273097, 0.000118346622912, 0.000286321068415, 0.000135663780384, 7.06659702701e-05, 0.000104918668512, 0.000133765657665, 0.000189211321413, 0.000147975108121, 0.000246946525294, 0.000325540546328, 0.000208447483601, 0.000379518198315, 0.000195315325982, 0.000191181025002, 0.000114779708383, 0.00010665829177, 9.02755127754e-05, 4.37163471361e-05, 1.35309710458e-05, 1.44865521179e-06], "min": [1.98936856066e-24, 2.9675982872e-24, 4.73980196035e-23, 6.72550117396e-23, 4.60354643381e-23, 4.13634230052e-23, 7.22842524458e-23, 9.00597435756e-23, 6.40665495566e-23, 8.37600770913e-23, 6.85211145598e-23, 9.50219058614e-23, 1.00095720364e-22, 8.78790669763e-23, 1.04244813181e-22, 6.0189209855e-23, 9.64594250009e-23, 2.24122930994e-22, 4.07563863345e-22, 2.90662023064e-22, 4.34110635771e-22, 4.17827259266e-22, 8.10322162759e-22, 9.17973681226e-22, 1.36777444486e-21, 1.58691096714e-21, 2.27943774371e-21], "var": [1.42346536336e-07, 0.000199205518584, 5.51775701751e-05, 6.48022614769e-05, 2.42584355874e-05, 5.28616556039e-06, 4.40968960902e-06, 3.85870134778e-06, 5.38091535418e-06, 2.14994383896e-06, 5.97495329657e-07, 2.95636112924e-07, 3.69410003032e-07, 5.27761812918e-07, 5.78145488817e-07, 8.78522428138e-07, 6.02912223258e-07, 4.13303553159e-07, 2.95426218599e-07, 1.20335798215e-07, 1.62696295547e-07, 1.391332205e-07, 2.28573284744e-07, 6.07871015745e-08, 8.45314716003e-08, 2.19611013819e-08, 3.67020613901e-09]}, "erbbands": {"dmean": [0.183368310332, 1.25317800045, 3.39635705948, 9.46088314056, 10.4834976196, 9.95776081085, 8.89968776703, 6.90926074982, 7.94428730011, 10.3751564026, 9.95057106018, 13.171995163, 8.45878314972, 7.4102230072, 5.43615674973, 6.06408977509, 8.99515247345, 10.464715004, 10.5115432739, 15.7109518051, 16.3179111481, 14.2994642258, 12.9789495468, 10.101442337, 11.6167402267, 6.27937173843, 5.97328519821, 5.62890195847, 4.36807441711, 4.23308515549, 3.43536734581, 1.94557118416, 1.31272411346, 0.963805735111, 0.340280741453, 0.239047065377, 0.0780917704105, 0.0191918965429, 0.00214501842856, 0.000119532829558], "dmean2": [0.26179882884, 1.92803549767, 5.72971868515, 15.6359424591, 17.5839252472, 16.6907444, 14.7740192413, 11.3472642899, 13.1585922241, 15.7134141922, 15.4041433334, 20.1750164032, 12.882068634, 11.2355852127, 8.26030921936, 9.42784118652, 14.2354211807, 16.3638496399, 16.8027153015, 25.0019550323, 26.7728691101, 23.1086597443, 20.9548473358, 16.0420436859, 18.8454647064, 9.67137622833, 9.08068847656, 8.51654338837, 6.58617591858, 6.38785982132, 5.14334249496, 2.89179801941, 1.99476337433, 1.45495176315, 0.496695190668, 0.362498879433, 0.117383353412, 0.0283498093486, 0.00320424465463, 0.000174320986844], "dvar": [0.199648827314, 7.16053390503, 52.7613601685, 275.691802979, 275.807739258, 255.911849976, 276.028869629, 202.622451782, 307.728546143, 798.994567871, 1015.52844238, 1354.58203125, 688.052978516, 676.604980469, 270.556549072, 204.307785034, 336.271392822, 547.127380371, 670.066345215, 1528.3548584, 1426.64318848, 701.702270508, 830.63885498, 343.229034424, 516.851806641, 98.1458969116, 94.3526535034, 110.189071655, 71.3335876465, 67.7564620972, 61.1187934875, 12.8325424194, 8.66735458374, 14.5096597672, 0.643188476562, 0.337436199188, 0.0417777784169, 0.00374100054614, 5.39337561349e-05, 1.42773018297e-07], "dvar2": [0.413023978472, 16.4684906006, 142.863143921, 708.369140625, 730.938293457, 673.782409668, 723.192077637, 521.110839844, 782.874084473, 1702.20031738, 2354.28833008, 2916.54052734, 1537.28417969, 1436.59301758, 599.007995605, 420.521087646, 794.455627441, 1200.22644043, 1654.0279541, 3668.61694336, 3725.2644043, 1725.72888184, 2155.55126953, 792.286376953, 1330.3503418, 226.502426147, 213.145782471, 250.989456177, 160.534790039, 145.186035156, 124.875297546, 27.7737426758, 20.3955135345, 36.6188354492, 1.29053783417, 0.761052548885, 0.0964998155832, 0.00848093256354, 0.000126100741909, 3.22292663668e-07], "max": [3.26317930222, 22.8898925781, 65.900932312, 143.706619263, 197.595062256, 239.226806641, 277.795074463, 257.470092773, 286.344360352, 595.175231934, 758.365356445, 830.215270996, 753.401489258, 959.571777344, 740.166015625, 584.603759766, 419.231842041, 630.446716309, 540.529907227, 1032.16137695, 676.397583008, 454.94644165, 536.945495605, 482.245422363, 393.129699707, 183.94102478, 207.375732422, 250.78956604, 278.318847656, 199.991378784, 256.508270264, 78.2408599854, 59.6054382324, 123.035766602, 18.1604652405, 8.51302528381, 3.36353230476, 0.991569340229, 0.143215671182, 0.00641770008951], "mean": [0.218601405621, 1.70929884911, 5.00195503235, 12.9221897125, 15.6584663391, 15.7059783936, 14.2298688889, 11.0707654953, 11.2021198273, 16.7511367798, 16.9818935394, 22.1275806427, 14.7575683594, 14.1804256439, 9.55313205719, 10.7540636063, 15.4379148483, 18.6239814758, 17.7589874268, 25.1244163513, 28.6416320801, 29.9595565796, 23.5826854706, 21.674331665, 24.894908905, 14.3586063385, 13.2949371338, 11.9139976501, 8.78732585907, 8.46811485291, 7.24692726135, 4.15729379654, 2.66742372513, 1.7468817234, 0.638772130013, 0.360718488693, 0.110063493252, 0.0259018652141, 0.00286902929656, 0.000189770420548], "median": [0.0560176447034, 0.857781052589, 2.64131498337, 6.75311803818, 9.67321491241, 9.8623752594, 7.49822664261, 5.27383327484, 3.80057001114, 3.89994478226, 3.92672586441, 6.87028503418, 4.60048389435, 4.06860256195, 3.43373632431, 5.34090805054, 6.69947910309, 8.92922592163, 9.21116256714, 9.47177886963, 17.3887672424, 17.8707084656, 12.2032213211, 15.2898311615, 19.022977829, 9.74108982086, 7.98536968231, 6.28792572021, 4.30566596985, 3.80788707733, 3.00960206985, 2.08562254906, 1.18262732029, 0.607810795307, 0.228532791138, 0.0886494442821, 0.0179631430656, 0.00275552691892, 0.000263555702986, 5.72772332816e-05], "min": [8.3674463595e-23, 1.40228126558e-21, 3.58337872532e-20, 1.71326423954e-19, 2.02759442327e-19, 1.06522703697e-19, 1.80256988964e-19, 4.23470203212e-19, 7.61686054314e-19, 2.14094153504e-18, 1.04785368502e-18, 1.18574748487e-18, 2.95442362306e-18, 3.35622350368e-18, 2.93377326587e-18, 3.04484542416e-18, 5.01386346594e-18, 4.30708602258e-18, 5.40771476126e-18, 5.46906137062e-18, 2.33595929062e-18, 5.97734028239e-18, 1.3689341175e-17, 2.11199062719e-17, 1.17945822388e-17, 1.61645484636e-17, 1.9985813528e-17, 1.25574851274e-17, 1.47573636947e-17, 1.95578005006e-17, 2.38996020527e-17, 2.31198106174e-17, 1.2401937122e-17, 1.40323415422e-17, 1.0474543429e-17, 5.6411033575e-18, 3.04022065735e-18, 1.25269141864e-18, 2.98881784463e-19, 3.4593992149e-20], "var": [0.255476862192, 8.19640159607, 51.7748069763, 304.043548584, 348.276763916, 360.609741211, 401.832214355, 328.142822266, 435.209350586, 1918.91442871, 2161.80322266, 3470.36230469, 1616.84399414, 2076.11083984, 596.193359375, 484.106811523, 736.585327148, 1382.44433594, 1028.22668457, 2864.27392578, 1775.06506348, 1750.01049805, 1378.08666992, 784.159240723, 765.450805664, 276.473236084, 273.834442139, 246.067062378, 174.947250366, 195.343322754, 191.590713501, 36.5427894592, 19.3099212646, 21.1964645386, 1.46777677536, 0.538287401199, 0.0649923160672, 0.00568782212213, 7.93841027189e-05, 2.26436043249e-07]}, "gfcc": {"mean": [1.45788383484, 79.4466705322, -106.61190033, 50.9243049622, -47.9263572693, 6.93427562714, -38.1767196655, 3.58440685272, -24.5422954559, -3.99864125252, -19.0616207123, -5.01803636551, -11.9652385712], "cov": [[17127.0410156, -1212.99182129, 436.860778809, 1287.43859863, -900.988037109, 1265.67419434, -937.909790039, 718.874267578, -353.507324219, 412.16809082, -470.328979492, 125.692466736, -481.217803955], [-1212.99182129, 1902.94580078, -705.835388184, 102.506408691, 283.41003418, -286.815673828, 235.304382324, -102.020309448, 83.7924118042, -133.285186768, 186.065307617, -118.859313965, 198.217910767], [436.860778809, -705.835388184, 896.62890625, 37.59167099, 48.1959266663, 244.921020508, -51.5919494629, 63.8848838806, -10.6241884232, 75.2953720093, -91.8475723267, 84.893447876, -106.511558533], [1287.43859863, 102.506408691, 37.59167099, 630.564086914, 33.8579673767, 270.386230469, -71.1873931885, 114.400642395, 28.229429245, 17.3836479187, 39.6831054688, -23.0210037231, 36.7280311584], [-900.988037109, 283.41003418, 48.1959266663, 33.8579673767, 430.797424316, -44.8800354004, 141.674438477, -29.160741806, 67.7749328613, 3.81680345535, 30.1752929688, 12.9924612045, 37.5602493286], [1265.67419434, -286.815673828, 244.921020508, 270.386230469, -44.8800354004, 370.325286865, -35.5608596802, 128.51260376, -15.979804039, 47.2756118774, -21.2697067261, 13.259926796, -29.122882843], [-937.909790039, 235.304382324, -51.5919494629, -71.1873931885, 141.674438477, -35.5608596802, 264.439422607, -17.0616226196, 27.3020515442, -16.899848938, 32.4159164429, -12.2179231644, 33.9705696106], [718.874267578, -102.020309448, 63.8848838806, 114.400642395, -29.160741806, 128.51260376, -17.0616226196, 160.124923706, 21.5184307098, 46.4521903992, 6.94239044189, 13.3161144257, -9.43437290192], [-353.507324219, 83.7924118042, -10.6241884232, 28.229429245, 67.7749328613, -15.979804039, 27.3020515442, 21.5184307098, 119.707496643, 19.7294025421, 33.9775085449, -6.11055898666, 21.3010559082], [412.16809082, -133.285186768, 75.2953720093, 17.3836479187, 3.81680345535, 47.2756118774, -16.899848938, 46.4521903992, 19.7294025421, 99.25025177, 3.43379402161, 32.1086235046, -17.4023151398], [-470.328979492, 186.065307617, -91.8475723267, 39.6831054688, 30.1752929688, -21.2697067261, 32.4159164429, 6.94239044189, 33.9775085449, 3.43379402161, 114.740066528, 16.2062397003, 57.6915931702], [125.692466736, -118.859313965, 84.893447876, -23.0210037231, 12.9924612045, 13.259926796, -12.2179231644, 13.3161144257, -6.11055898666, 32.1086235046, 16.2062397003, 89.1382751465, 14.4662752151], [-481.217803955, 198.217910767, -106.511558533, 36.7280311584, 37.5602493286, -29.122882843, 33.9705696106, -9.43437290192, 21.3010559082, -17.4023151398, 57.6915931702, 14.4662752151, 104.013771057]], "icov": [[0.000200835071155, -0.000197452332941, 0.000183583630132, -0.000250398094067, 0.000221137830522, -0.000381706486223, 0.000371183588868, -0.000357961049303, 0.000292776705464, -0.000514348328579, 0.000824043469038, -0.000721449148841, 0.00073869607877], [-0.000197452332941, 0.001412537531, 0.000311449548462, -0.000115283801279, -0.000776047119871, 0.000947953842115, -0.000794450344983, 0.000311707641231, -0.000147481609019, 0.0010289902566, -0.00170804793015, 0.00182813638821, -0.00151685997844], [0.000183583630132, 0.000311449548462, 0.00234559644014, -7.31975815143e-05, -0.000512267113663, -0.00161259667948, 0.000378681754228, 7.46685327613e-05, -0.000261262146523, -0.000237739135628, 0.00132306059822, -0.00222043786198, 0.00188886665273], [-0.000250398094067, -0.000115283801279, -7.31975815143e-05, 0.00358617957681, -0.000989945372567, -0.00224409252405, 0.00107090605889, -0.000112697576697, -0.000655329204164, 0.000805464107543, -0.00172485806979, 0.00213724700734, -0.00198243791237], [0.000221137830522, -0.000776047119871, -0.000512267113663, -0.000989945372567, 0.00398817751557, 0.000232094316743, -0.00132949464023, 0.000449775456218, -0.00117896927986, -0.00109418376815, 0.00169938744511, -0.00211102305911, 0.000836214749143], [-0.000381706486223, 0.000947953842115, -0.00161259667948, -0.00224409252405, 0.000232094316743, 0.00781653169543, -0.00196052482352, -0.00234081898816, 0.00108877522871, 0.00038043782115, -0.00136037613265, 0.00208643684164, -0.00159361923579], [0.000371183588868, -0.000794450344983, 0.000378681754228, 0.00107090605889, -0.00132949464023, -0.00196052482352, 0.00632005417719, -0.000975297822151, 0.000469951133709, -0.000552158278879, 0.000653978786431, -0.000136260568979, 0.000487068406073], [-0.000357961049303, 0.000311707641231, 7.46685327613e-05, -0.000112697576697, 0.000449775456218, -0.00234081898816, -0.000975297822151, 0.0108837410808, -0.00263826595619, -0.00186572677922, -0.00176921277307, 0.000232203907217, -0.000468822079711], [0.000292776705464, -0.000147481609019, -0.000261262146523, -0.000655329204164, -0.00117896927986, 0.00108877522871, 0.000469951133709, -0.00263826595619, 0.011828660965, -0.0034192437306, -0.00144227780402, 0.00233775586821, -0.000582393084187], [-0.000514348328579, 0.0010289902566, -0.000237739135628, 0.000805464107543, -0.00109418376815, 0.00038043782115, -0.000552158278879, -0.00186572677922, -0.0034192437306, 0.0162176433951, -0.00334915146232, -0.00284227705561, 0.00131081254221], [0.000824043469038, -0.00170804793015, 0.00132306059822, -0.00172485806979, 0.00169938744511, -0.00136037613265, 0.000653978786431, -0.00176921277307, -0.00144227780402, -0.00334915146232, 0.018069434911, -0.0067403158173, -0.00168709584977], [-0.000721449148841, 0.00182813638821, -0.00222043786198, 0.00213724700734, -0.00211102305911, 0.00208643684164, -0.000136260568979, 0.000232203907217, 0.00233775586821, -0.00284227705561, -0.0067403158173, 0.021087191999, -0.00858657434583], [0.00073869607877, -0.00151685997844, 0.00188886665273, -0.00198243791237, 0.000836214749143, -0.00159361923579, 0.000487068406073, -0.000468822079711, -0.000582393084187, 0.00131081254221, -0.00168709584977, -0.00858657434583, 0.0200753733516]]}, "melbands": {"dmean": [0.00163079309277, 0.00147340982221, 0.00165141513571, 0.000670379027724, 0.00032756102155, 0.00016215739015, 0.000118970456242, 0.000110478395072, 8.71009324328e-05, 7.95384621597e-05, 4.28641906183e-05, 3.18660931953e-05, 1.98972684302e-05, 1.55782963702e-05, 1.85146564036e-05, 2.03847739613e-05, 2.10307644011e-05, 1.79280650627e-05, 1.82715994015e-05, 2.41378056671e-05, 1.9461280317e-05, 1.62808792084e-05, 1.47860500874e-05, 1.10666032924e-05, 8.52137691254e-06, 1.02431249616e-05, 6.39924792267e-06, 4.19766502091e-06, 3.97184703615e-06, 3.85169323636e-06, 3.52977144757e-06, 2.729032758e-06, 2.36453001889e-06, 2.50414473157e-06, 2.30944465329e-06, 1.46104309806e-06, 1.18750597267e-06, 9.83881136563e-07, 9.5100517683e-07, 8.2828273662e-07], "dmean2": [0.00241422699764, 0.00225403765216, 0.00272365147248, 0.00112361984793, 0.000545389018953, 0.000266444170848, 0.000195133397938, 0.000167479724041, 0.000135212147143, 0.000121686236525, 6.56340416754e-05, 4.82893119624e-05, 3.02002372337e-05, 2.40383578785e-05, 2.92150070891e-05, 3.19987921102e-05, 3.29473696183e-05, 2.86897720798e-05, 2.91592150461e-05, 3.91218600271e-05, 3.21555235132e-05, 2.6708266887e-05, 2.37327512878e-05, 1.8111346435e-05, 1.36132084663e-05, 1.67347316165e-05, 1.02785070339e-05, 6.53620372759e-06, 6.16315264779e-06, 5.9543090174e-06, 5.40927248949e-06, 4.19410025643e-06, 3.66091535398e-06, 3.84723125535e-06, 3.52730171471e-06, 2.19918388211e-06, 1.80497170277e-06, 1.52127074671e-06, 1.4642679389e-06, 1.25005942664e-06], "dvar": [1.48065146277e-05, 7.19995387044e-06, 7.59374188419e-06, 1.10765915906e-06, 3.34081960318e-07, 1.02690719928e-07, 6.91281414333e-08, 8.75426806601e-08, 6.79490241851e-08, 5.32007504717e-08, 1.79940951028e-08, 1.3345094807e-08, 3.25949911506e-09, 2.07692085752e-09, 1.46550560576e-09, 1.99708827253e-09, 2.42298803244e-09, 1.87813675723e-09, 2.17418105741e-09, 3.50007933747e-09, 1.95699034755e-09, 9.4240448778e-10, 9.45077793801e-10, 5.64335300712e-10, 2.62943111728e-10, 4.43575037812e-10, 1.14220494174e-10, 4.82748147013e-11, 4.95014515489e-11, 3.95962949928e-11, 5.30089860895e-11, 2.79684921056e-11, 2.76588543735e-11, 2.70413413883e-11, 3.11859080226e-11, 8.90273965659e-12, 4.67210254859e-12, 3.78871370041e-12, 1.42033719855e-11, 8.50179215223e-12], "dvar2": [3.22231353493e-05, 1.6435598809e-05, 1.93336363736e-05, 2.92708296001e-06, 8.67950689099e-07, 2.67604974624e-07, 1.72187995418e-07, 1.91381502646e-07, 1.58083580004e-07, 1.14445207089e-07, 4.04037088231e-08, 2.81201142371e-08, 6.6854375369e-09, 4.57553639421e-09, 3.48761886038e-09, 4.69829375405e-09, 5.24694776516e-09, 4.58289006744e-09, 5.16980636078e-09, 8.50097237048e-09, 5.23959853282e-09, 2.39140596214e-09, 2.32770180908e-09, 1.46650336319e-09, 6.01525884658e-10, 1.17467557903e-09, 2.78137013421e-10, 1.11008445491e-10, 1.12549400355e-10, 9.12086725591e-11, 1.25977880905e-10, 6.34654551135e-11, 6.81826400895e-11, 5.8544967485e-11, 6.51704315513e-11, 1.8969287946e-11, 1.07027711346e-11, 8.85846517668e-12, 3.74629181843e-11, 2.0641077389e-11], "max": [0.0303706135601, 0.0265064761043, 0.0237012468278, 0.0104534896091, 0.0110578779131, 0.00498724589124, 0.0048934915103, 0.00549947703257, 0.00607929052785, 0.00525937369093, 0.00368719175458, 0.00420240079984, 0.00228245789185, 0.00183320336509, 0.00106833851896, 0.00126750650816, 0.00132420775481, 0.00111201300751, 0.00119758490473, 0.00122447218746, 0.000994812580757, 0.000550561177079, 0.000466663623229, 0.000432141241618, 0.000473121850519, 0.000445230281912, 0.000184616350452, 0.000124382568174, 0.000145486381371, 0.000176381072379, 0.000151975036715, 0.000161768693943, 0.000129522624775, 0.000138444214826, 0.000205519550946, 5.50332515559e-05, 4.81106289953e-05, 2.73546629614e-05, 0.000122024692246, 8.62473607413e-05], "mean": [0.00202365475707, 0.00249026250094, 0.00239048828371, 0.00110578245949, 0.000548451498616, 0.000260090513621, 0.000174573331606, 0.000174123750185, 0.000147470433149, 0.000130927670398, 7.09684973117e-05, 5.85869638599e-05, 3.36206430802e-05, 2.59683347394e-05, 3.08979288093e-05, 3.31906521751e-05, 3.50545669789e-05, 2.82266464637e-05, 2.77073140751e-05, 3.77667311113e-05, 3.23716667481e-05, 3.15378274536e-05, 2.65319431492e-05, 1.81239593076e-05, 1.69078120962e-05, 2.00075646717e-05, 1.36430908242e-05, 8.42355893838e-06, 7.93263916421e-06, 8.1331572801e-06, 6.53144115859e-06, 5.09210940436e-06, 4.37954804511e-06, 4.76578634334e-06, 4.57766509498e-06, 2.95467839351e-06, 2.3671980216e-06, 1.88967101167e-06, 1.67296059317e-06, 1.4175114984e-06], "median": [0.000733229680918, 0.00144397257827, 0.00138266361319, 0.00077087333193, 0.000318595382851, 0.00012653862359, 5.61863344046e-05, 3.81521058443e-05, 3.57511307811e-05, 3.98095580749e-05, 2.07529810723e-05, 1.587513907e-05, 1.0728424968e-05, 1.0758452845e-05, 1.60559302458e-05, 1.35151003633e-05, 1.64174907695e-05, 1.46933962242e-05, 1.02217209133e-05, 1.40612537507e-05, 2.09520439967e-05, 1.90765513253e-05, 1.18258867587e-05, 9.34623585636e-06, 1.14713948278e-05, 1.47142618516e-05, 9.83080462902e-06, 5.18431625096e-06, 4.29697774962e-06, 4.88026989842e-06, 2.93576408694e-06, 2.37184553953e-06, 1.98442012334e-06, 2.00713157028e-06, 1.78853508714e-06, 1.29532577375e-06, 1.20562231132e-06, 8.32727437228e-07, 5.9398803387e-07, 4.50892855497e-07], "min": [8.88272170421e-25, 1.31221166124e-23, 3.05158345628e-23, 1.18316608672e-23, 5.51884407166e-24, 8.98071282256e-24, 1.23726151332e-23, 2.47755193697e-23, 6.20481463787e-24, 9.24125780234e-24, 1.41653622826e-23, 1.2671810353e-23, 1.00976475676e-23, 8.34483650155e-24, 1.12327710786e-23, 8.93579429376e-24, 7.64671826626e-24, 8.28777030367e-24, 9.05351442892e-24, 5.34853491867e-24, 1.93978175024e-24, 4.81012039035e-24, 1.17195937093e-23, 1.00596749591e-23, 1.86685542497e-23, 1.38291434539e-23, 5.64079486785e-24, 1.18129340982e-23, 1.37984125885e-23, 7.85962156939e-24, 7.42161838468e-24, 8.37257679529e-24, 7.81164541571e-24, 1.23160459177e-23, 1.31192317481e-23, 1.35984095277e-23, 1.56359078727e-23, 7.0952784611e-24, 1.19103402762e-23, 1.10966744286e-23], "var": [1.77204256033e-05, 1.01840660136e-05, 9.03555610421e-06, 1.50876496718e-06, 4.95320762184e-07, 1.67501411852e-07, 1.15022388059e-07, 1.95041153006e-07, 1.50010251332e-07, 1.31473555598e-07, 4.14583389841e-08, 3.94519332758e-08, 9.72355707063e-09, 4.42228431652e-09, 2.86741941302e-09, 4.23864587873e-09, 5.71813352224e-09, 2.94278423851e-09, 3.69377883835e-09, 6.1484017877e-09, 2.09969841514e-09, 1.90003235367e-09, 2.12493622698e-09, 9.15120368372e-10, 5.75389458302e-10, 5.69078728585e-10, 2.44197218002e-10, 1.21050197643e-10, 1.18216533784e-10, 1.07149678019e-10, 9.4182897592e-11, 6.61084104125e-11, 4.96012814155e-11, 7.35367600146e-11, 8.99441077173e-11, 2.57542095289e-11, 1.14297538448e-11, 8.66671838462e-12, 1.8207355762e-11, 1.38794201826e-11]}, "mfcc": {"mean": [-636.315124512, 101.947257996, 5.97125053406, 40.0041503906, 13.0555639267, 7.34492206573, -0.766636610031, 3.24427080154, -1.72808790207, 1.00437068939, -3.26872134209, -3.19282603264, -6.36065673828], "cov": [[9968.0078125, -728.077636719, 518.276489258, 348.512939453, 146.930664062, 265.473480225, -38.9811592102, 135.041534424, 56.5771064758, 158.475189209, 38.9963951111, 159.214401245, 30.1636257172], [-728.077636719, 1185.90576172, -376.99520874, 207.967956543, 52.5769577026, -9.50837421417, 110.769561768, 14.3647212982, 42.6820640564, -0.559523522854, -0.237485662103, -5.46426296234, -11.9234371185], [518.276489258, -376.99520874, 600.003723145, -81.4046554565, 43.2437286377, 74.9711532593, -17.6580600739, 40.8032112122, -3.73024845123, 9.87762928009, 17.747209549, 9.97958278656, 16.5267944336], [348.512939453, 207.967956543, -81.4046554565, 373.376525879, 148.840866089, 106.932952881, 68.2925643921, 47.4693717957, 49.4431114197, 47.6840515137, 11.8940229416, 19.682264328, 25.3762321472], [146.930664062, 52.5769577026, 43.2437286377, 148.840866089, 271.330078125, 82.3842468262, 16.0824394226, 40.9901046753, 31.7454376221, 36.4440689087, 14.9499073029, 10.5704803467, 38.2099761963], [265.473480225, -9.50837421417, 74.9711532593, 106.932952881, 82.3842468262, 199.2784729, 72.1861038208, 51.9996452332, 41.2989616394, 40.71900177, 15.2157793045, -0.504205107689, 11.3694238663], [-38.9811592102, 110.769561768, -17.6580600739, 68.2925643921, 16.0824394226, 72.1861038208, 171.943466187, 63.6283149719, 36.0594482422, 24.5028400421, 15.8852100372, 9.4548740387, 1.41086089611], [135.041534424, 14.3647212982, 40.8032112122, 47.4693717957, 40.9901046753, 51.9996452332, 63.6283149719, 104.737030029, 40.3751792908, 27.606218338, 16.6422672272, 12.7714939117, 7.52804470062], [56.5771064758, 42.6820640564, -3.73024845123, 49.4431114197, 31.7454376221, 41.2989616394, 36.0594482422, 40.3751792908, 90.3362426758, 44.1071891785, 20.3758811951, 9.89740848541, 2.73348116875], [158.475189209, -0.559523522854, 9.87762928009, 47.6840515137, 36.4440689087, 40.71900177, 24.5028400421, 27.606218338, 44.1071891785, 87.5592575073, 32.9527130127, 16.5343513489, 6.15144681931], [38.9963951111, -0.237485662103, 17.747209549, 11.8940229416, 14.9499073029, 15.2157793045, 15.8852100372, 16.6422672272, 20.3758811951, 32.9527130127, 76.1460571289, 28.1238708496, -3.6855764389], [159.214401245, -5.46426296234, 9.97958278656, 19.682264328, 10.5704803467, -0.504205107689, 9.4548740387, 12.7714939117, 9.89740848541, 16.5343513489, 28.1238708496, 70.151550293, 26.8588123322], [30.1636257172, -11.9234371185, 16.5267944336, 25.3762321472, 38.2099761963, 11.3694238663, 1.41086089611, 7.52804470062, 2.73348116875, 6.15144681931, -3.6855764389, 26.8588123322, 84.3841018677]], "icov": [[0.000123886813526, 6.62046586513e-05, -6.85412815074e-05, -0.0001573664631, 5.06369578943e-05, -9.40883692238e-05, 0.000122384968563, -9.91411943687e-05, 6.46745975246e-05, -0.000151197920786, 0.000154446956003, -0.000317527941661, 0.000139103940455], [6.62046586513e-05, 0.00125418254174, 0.000588523922488, -0.000565613037907, -0.000174447355676, 0.000319472776027, -0.000637970340904, 9.39432065934e-05, -0.000355408992618, 0.000386942003388, -6.50658694212e-05, 2.04483476409e-05, 0.00022056789021], [-6.85412815074e-05, 0.000588523922488, 0.00243413145654, 0.000745094672311, -0.000493253697641, -0.00093834893778, 0.00026414822787, -0.000894805067219, 0.000301686610328, 0.000333565811161, -0.000451502710348, -1.62961696333e-05, -0.000216571235796], [-0.0001573664631, -0.000565613037907, 0.000745094672311, 0.00474210781977, -0.00187707284931, -0.00149988359772, -0.000496408494655, -5.90680247115e-05, -0.000365646323189, -0.000629938847851, 0.000575339712668, -0.000720909272786, -0.000217691107537], [5.06369578943e-05, -0.000174447355676, -0.000493253697641, -0.00187707284931, 0.00557717774063, -0.0010743784951, 0.00128268811386, -0.00111922330689, -8.10842266219e-06, -0.000612417119555, -0.000637533143163, 0.000786154763773, -0.00191707687918], [-9.40883692238e-05, 0.000319472776027, -0.00093834893778, -0.00149988359772, -0.0010743784951, 0.008360481821, -0.00266529549845, -0.000449179322459, -0.00106538843829, -0.00117717159446, -0.000336014287313, 0.00218318169937, -0.00043095878209], [0.000122384968563, -0.000637970340904, 0.00026414822787, -0.000496408494655, 0.00128268811386, -0.00266529549845, 0.00928256195039, -0.00453283311799, -0.000209219593671, -9.24521445995e-05, -0.000319843675243, -0.000775437976699, 0.000237492407905], [-9.91411943687e-05, 9.39432065934e-05, -0.000894805067219, -5.90680247115e-05, -0.00111922330689, -0.000449179322459, -0.00453283311799, 0.0152561422437, -0.00414190534502, -0.000184526288649, -0.000314588658512, -0.000842576380819, -7.41308758734e-05], [6.46745975246e-05, -0.000355408992618, 0.000301686610328, -0.000365646323189, -8.10842266219e-06, -0.00106538843829, -0.000209219593671, -0.00414190534502, 0.0171485934407, -0.00651457719505, -0.00057155021932, -0.000163955497555, 0.000444378412794], [-0.000151197920786, 0.000386942003388, 0.000333565811161, -0.000629938847851, -0.000612417119555, -0.00117717159446, -9.24521445995e-05, -0.000184526288649, -0.00651457719505, 0.0183820426464, -0.00561348954216, -0.000304430519463, -0.000590515963268], [0.000154446956003, -6.50658694212e-05, -0.000451502710348, 0.000575339712668, -0.000637533143163, -0.000336014287313, -0.000319843675243, -0.000314588658512, -0.00057155021932, -0.00561348954216, 0.0191638004035, -0.00809178221971, 0.00405865628272], [-0.000317527941661, 2.04483476409e-05, -1.62961696333e-05, -0.000720909272786, 0.000786154763773, 0.00218318169937, -0.000775437976699, -0.000842576380819, -0.000163955497555, -0.000304430519463, -0.00809178221971, 0.0215079244226, -0.00739734014496], [0.000139103940455, 0.00022056789021, -0.000216571235796, -0.000217691107537, -0.00191707687918, -0.00043095878209, 0.000237492407905, -7.41308758734e-05, 0.000444378412794, -0.000590515963268, 0.00405865628272, -0.00739734014496, 0.0154291121289]]}, "spectral_contrast_coeffs": {"dmean": [0.0575084127486, 0.0474924109876, 0.0367509052157, 0.0307376328856, 0.0229068342596, 0.0200406014919], "dmean2": [0.0927832424641, 0.0763649046421, 0.0594463124871, 0.0494762547314, 0.0368594154716, 0.0306619182229], "dvar": [0.00266581610776, 0.0015749593731, 0.0009924499318, 0.000681396399159, 0.00042139927973, 0.000404613470891], "dvar2": [0.00664013717324, 0.0040171300061, 0.00236828019843, 0.00167033157777, 0.000972287380137, 0.000858953513671], "max": [-0.26298135519, -0.394135296345, -0.373615980148, -0.532085895538, -0.551965475082, -0.605675041676], "mean": [-0.617204844952, -0.728084564209, -0.783642590046, -0.79429256916, -0.790117144585, -0.74478250742], "median": [-0.622269034386, -0.736090421677, -0.79621219635, -0.802347302437, -0.794981300831, -0.745713531971], "min": [-0.966227591038, -0.968012988567, -0.966765463352, -0.967190861702, -0.959262549877, -0.956981182098], "var": [0.00802663248032, 0.0061801681295, 0.00461354712024, 0.00274083670229, 0.00167180062272, 0.00182999356184]}, "spectral_contrast_valleys": {"dmean": [0.430206000805, 0.40414121747, 0.350826919079, 0.339664012194, 0.27930483222, 0.329632550478], "dmean2": [0.677005767822, 0.643202960491, 0.53824621439, 0.498466730118, 0.394754558802, 0.428155243397], "dvar": [0.167249277234, 0.154774561524, 0.122096583247, 0.137074097991, 0.136815041304, 0.197947993875], "dvar2": [0.350636005402, 0.331123590469, 0.231772616506, 0.251006305218, 0.228021174669, 0.349032253027], "max