{"lowlevel": {"average_loudness": 0.629220604897, "barkbands_crest": {"dmean": 2.22081518173, "dmean2": 3.58127808571, "dvar": 5.1159157753, "dvar2": 13.3296394348, "max": 26.4903125763, "mean": 11.0068864822, "median": 10.2947711945, "min": 2.63296508789, "var": 17.0075206757}, "barkbands_flatness_db": {"dmean": 0.0255992263556, "dmean2": 0.0368932001293, "dvar": 0.000914885196835, "dvar2": 0.00217450922355, "max": 0.58434265852, "mean": 0.181683316827, "median": 0.165843203664, "min": 0.0213167965412, "var": 0.00706245005131}, "barkbands_kurtosis": {"dmean": 6.10645580292, "dmean2": 9.80274200439, "dvar": 215.963592529, "dvar2": 608.450805664, "max": 479.245391846, "mean": 11.6565742493, "median": 6.87508010864, "min": -1.9558519125, "var": 357.138763428}, "barkbands_skewness": {"dmean": 0.690920114517, "dmean2": 1.05398750305, "dvar": 0.952426433563, "dvar2": 2.46186470985, "max": 18.8718566895, "mean": 2.37387537956, "median": 2.15195989609, "min": -6.3877491951, "var": 2.63096165657}, "barkbands_spread": {"dmean": 6.41708230972, "dmean2": 9.55260753632, "dvar": 125.80014801, "dvar2": 275.743164062, "max": 137.095794678, "mean": 16.5015926361, "median": 10.7542610168, "min": 0.531194627285, "var": 297.072967529}, "dissonance": {"dmean": 0.0256526321173, "dmean2": 0.0418553762138, "dvar": 0.000566812581383, "dvar2": 0.0014494570205, "max": 0.5, "mean": 0.438157111406, "median": 0.448176860809, "min": 0.153888627887, "var": 0.00214122561738}, "dynamic_complexity": 4.47719526291, "erbbands_crest": {"dmean": 2.80707669258, "dmean2": 4.4444770813, "dvar": 7.14098119736, "dvar2": 17.6711063385, "max": 29.9998149872, "mean": 10.0628595352, "median": 9.187707901, "min": 2.28626179695, "var": 19.9783344269}, "erbbands_flatness_db": {"dmean": 0.0201765764505, "dmean2": 0.0276019591838, "dvar": 0.000416554219555, "dvar2": 0.000762895913795, "max": 0.439515322447, "mean": 0.157308548689, "median": 0.149897038937, "min": 0.0266902279109, "var": 0.00282240752131}, "erbbands_kurtosis": {"dmean": 1.76023852825, "dmean2": 2.64956998825, "dvar": 7.57136726379, "dvar2": 15.7764196396, "max": 75.7100219727, "mean": 2.20856332779, "median": 0.961346268654, "min": -1.89670133591, "var": 21.7151298523}, "erbbands_skewness": {"dmean": 0.473077476025, "dmean2": 0.685050666332, "dvar": 0.277810335159, "dvar2": 0.598109483719, "max": 7.43046045303, "mean": 0.999710381031, "median": 1.04052186012, "min": -6.94092750549, "var": 1.09138047695}, "erbbands_spread": {"dmean": 12.2205305099, "dmean2": 17.5833320618, "dvar": 244.870864868, "dvar2": 503.224395752, "max": 191.165420532, "mean": 43.0308036804, "median": 35.2294769287, "min": 3.12854337692, "var": 762.792541504}, "hfc": {"dmean": 5.89880418777, "dmean2": 8.2292804718, "dvar": 125.755226135, "dvar2": 238.656173706, "max": 217.939666748, "mean": 15.8956327438, "median": 8.49439907074, "min": 1.06870438123e-16, "var": 403.389648438}, "melbands_crest": {"dmean": 2.55678653717, "dmean2": 4.15142059326, "dvar": 7.15327548981, "dvar2": 18.7501583099, "max": 33.4287567139, "mean": 14.6543521881, "median": 13.9529438019, "min": 1.71304130554, "var": 25.4854621887}, "melbands_flatness_db": {"dmean": 0.0305856820196, "dmean2": 0.0433578081429, "dvar": 0.00145866791718, "dvar2": 0.00333078764379, "max": 0.784362733364, "mean": 0.267215490341, "median": 0.250817447901, "min": 0.00339867407456, "var": 0.0126379700378}, "melbands_kurtosis": {"dmean": 15.7276468277, "dmean2": 24.6500549316, "dvar": 1783.71520996, "dvar2": 4563.82519531, "max": 709.159667969, "mean": 28.7624034882, "median": 14.8862638474, "min": -1.94130253792, "var": 2671.59448242}, "melbands_skewness": {"dmean": 0.954050779343, "dmean2": 1.41504728794, "dvar": 1.92660260201, "dvar2": 4.42622232437, "max": 21.0572376251, "mean": 3.44201588631, "median": 2.940710783, "min": -2.30384016037, "var": 5.26763296127}, "melbands_spread": {"dmean": 6.02400493622, "dmean2": 9.04650974274, "dvar": 204.079910278, "dvar2": 414.458770752, "max": 301.629821777, "mean": 16.0481529236, "median": 9.20487594604, "min": 0.409578412771, "var": 677.776489258}, "pitch_salience": {"dmean": 0.0669445171952, "dmean2": 0.108116917312, "dvar": 0.00510475505143, "dvar2": 0.0135910091922, "max": 0.962107717991, "mean": 0.535498321056, "median": 0.545458436012, "min": 0.0356571860611, "var": 0.0147622879595}, "silence_rate_20dB": {"dmean": 0, "dmean2": 0, "dvar": 0, "dvar2": 0, "max": 1, "mean": 1, "median": 1, "min": 1, "var": 0}, "silence_rate_30dB": {"dmean": 0.00741198286414, "dmean2": 0.0148257967085, "dvar": 0.00735699106008, "dvar2": 0.0202889479697, "max": 1, "mean": 0.995182812214, "median": 1, "min": 0, "var": 0.00479378411546}, "silence_rate_60dB": {"dmean": 0.0227300804108, "dmean2": 0.0454657785594, "dvar": 0.0222151726484, "dvar2": 0.0471070073545, "max": 1, "mean": 0.111907117069, "median": 0, "min": 0, "var": 0.099377386272}, "spectral_centroid": {"dmean": 250.498092651, "dmean2": 374.216796875, "dvar": 189188.15625, "dvar2": 389460.6875, "max": 11900.765625, "mean": 1012.57891846, "median": 689.872680664, "min": 137.5599823, "var": 1605119.5}, "spectral_complexity": {"dmean": 2.62606549263, "dmean2": 4.04571294785, "dvar": 15.7008523941, "dvar2": 32.7861213684, "max": 53, "mean": 12.7297430038, "median": 11, "min": 0, "var": 80.1655502319}, "spectral_decrease": {"dmean": 2.19110440902e-09, "dmean2": 3.50525830584e-09, "dvar": 1.8767867831e-17, "dvar2": 4.95855998998e-17, "max": 3.96914821583e-16, "mean": -7.10871894682e-09, "median": -5.63968427514e-09, "min": -4.78868393827e-08, "var": 4.17601966811e-17}, "spectral_energy": {"dmean": 0.00861603952944, "dmean2": 0.0136554324999, "dvar": 0.000274292513495, "dvar2": 0.000715536531061, "max": 0.183233842254, "mean": 0.0282717458904, "median": 0.0224888343364, "min": 9.93127987612e-21, "var": 0.000645083433483}, "spectral_energyband_high": {"dmean": 0.000587769085541, "dmean2": 0.000817171297967, "dvar": 1.78383538696e-06, "dvar2": 3.41682766702e-06, "max": 0.0233959313482, "mean": 0.000937688688282, "median": 0.000178059650352, "min": 7.13304418613e-21, "var": 4.34647427028e-06}, "spectral_energyband_low": {"dmean": 0.00584421958774, "dmean2": 0.00978711713105, "dvar": 0.000251802644925, "dvar2": 0.00068457640009, "max": 0.175091534853, "mean": 0.0126861063763, "median": 0.00823533907533, "min": 1.37899070902e-23, "var": 0.000266527000349}, "spectral_energyband_middle_high": {"dmean": 0.000735817477107, "dmean2": 0.00111691118218, "dvar": 2.20687365982e-06, "dvar2": 5.29033604835e-06, "max": 0.0337398573756, "mean": 0.00199258187786, "median": 0.000709692831151, "min": 1.2147790501e-21, "var": 9.25174481381e-06}, "spectral_energyband_middle_low": {"dmean": 0.00421514827758, "dmean2": 0.00650215381756, "dvar": 4.49889594165e-05, "dvar2": 0.000112594294478, "max": 0.0981319323182, "mean": 0.0139247514307, "median": 0.0100882109255, "min": 1.6147997876e-22, "var": 0.000188771547982}, "spectral_entropy": {"dmean": 0.242638364434, "dmean2": 0.322487354279, "dvar": 0.0856827050447, "dvar2": 0.162913739681, "max": 9.81944847107, "mean": 7.24154138565, "median": 7.29267978668, "min": 4.55947303772, "var": 0.608404397964}, "spectral_flux": {"dmean": 0.0225949455053, "dmean2": 0.0340301804245, "dvar": 0.00102854147553, "dvar2": 0.00195419415832, "max": 0.368941754103, "mean": 0.0665506869555, "median": 0.0566326566041, "min": 6.31646748794e-11, "var": 0.00273011508398}, "spectral_kurtosis": {"dmean": 2.40162491798, "dmean2": 3.54246687889, "dvar": 24.8455524445, "dvar2": 57.2235183716, "max": 304.311523438, "mean": 8.43664646149, "median": 3.74870085716, "min": -1.30450463295, "var": 659.149719238}, "spectral_rms": {"dmean": 0.000698100018781, "dmean2": 0.00105236726813, "dvar": 1.13788587441e-06, "dvar2": 2.7305002277e-06, "max": 0.0133702922612, "mean": 0.00468555325642, "median": 0.00468405010179, "min": 3.11272448789e-12, "var": 5.62776494917e-06}, "spectral_rolloff": {"dmean": 501.862640381, "dmean2": 839.345031738, "dvar": 1713419.875, "dvar2": 3597752.75, "max": 19552.1484375, "mean": 1248.0970459, "median": 516.796875, "min": 86.1328125, "var": 7018463.5}, "spectral_skewness": {"dmean": 0.313006490469, "dmean2": 0.433685809374, "dvar": 0.16062027216, "dvar2": 0.304499357939, "max": 15.055847168, "mean": 1.88279938698, "median": 1.64127087593, "min": -0.636879265308, "var": 2.62873530388}, "spectral_spread": {"dmean": 789885.5, "dmean2": 1014267.5625, "dvar": 1121842102270.0, "dvar2": 1904683778050.0, "max": 43008276, "mean": 5657492.5, "median": 4932509, "min": 392825.25, "var": 17738091200500.0}, "spectral_strongpeak": {"dmean": 0.320175647736, "dmean2": 0.540855646133, "dvar": 0.338718473911, "dvar2": 0.805769741535, "max": 12.5768985748, "mean": 0.629370689392, "median": 0.376920521259, "min": 0, "var": 0.588461041451}, "zerocrossingrate": {"dmean": 0.0122652389109, "dmean2": 0.0134092140943, "dvar": 0.000334652286256, "dvar2": 0.000323204410961, "max": 0.65869140625, "mean": 0.0529293008149, "median": 0.03466796875, "min": 0.001953125, "var": 0.0048121213913}, "barkbands": {"dmean": [7.74051441113e-05, 0.00379737932235, 0.00229142233729, 0.00109356374014, 0.00181738717947, 0.00151735835243, 0.000684201251715, 0.00133813195862, 0.000630621158052, 0.000413869885961, 0.000142256831168, 0.00010788016516, 8.52936427691e-05, 6.62010061205e-05, 8.94594195415e-05, 4.93277038913e-05, 6.12628937233e-05, 8.35157406982e-05, 8.73259341461e-05, 0.000102411293483, 0.000103775033494, 0.000142832504935, 0.000145797195728, 0.000126697836095, 6.33183808532e-05, 1.82906896953e-05, 8.50630476634e-06], "dmean2": [0.000130416214233, 0.00638021575287, 0.00382014317438, 0.00179094308987, 0.0029464608524, 0.0023906158749, 0.00111557717901, 0.00196791416965, 0.00100156047847, 0.000659637735225, 0.000223967450438, 0.000174650776898, 0.000136450718855, 0.000105846986116, 0.00013961060904, 7.64549040468e-05, 9.83806603472e-05, 0.000130115717184, 0.000138063871418, 0.000164890574524, 0.000167481484823, 0.000212820159504, 0.000206975950277, 0.000179119029781, 8.57119739521e-05, 2.63578695012e-05, 1.47064611156e-05], "dvar": [3.68244528204e-08, 0.000117391566164, 3.59403638868e-05, 5.70872180106e-06, 1.50720943566e-05, 7.4190329542e-06, 2.17921001422e-06, 9.84600865195e-06, 2.55473787547e-06, 1.2537703924e-06, 1.36718341537e-07, 1.02121603618e-07, 4.78332360387e-08, 2.82643046745e-08, 5.35504227628e-08, 1.63662523534e-08, 1.99805541001e-08, 2.91604180802e-08, 4.80594906094e-08, 6.65291537416e-08, 7.48045181354e-08, 1.34397623697e-07, 1.20740835996e-07, 1.24389202938e-07, 4.99353909333e-08, 4.45342340782e-09, 9.10649278207e-10], "dvar2": [9.68969473547e-08, 0.000319072365528, 9.8278214864e-05, 1.6818410586e-05, 3.9643040509e-05, 1.83044048754e-05, 5.63300955037e-06, 2.11180049519e-05, 6.5185472522e-06, 3.22103142025e-06, 3.50948113237e-07, 2.48976135708e-07, 1.21040031331e-07, 6.81627128074e-08, 1.22940377878e-07, 3.64919650053e-08, 5.05777251192e-08, 6.5388903181e-08, 1.1943323841e-07, 1.65363047699e-07, 1.85728879387e-07, 2.82835941334e-07, 2.37680623627e-07, 2.29118768402e-07, 9.14991389322e-08, 8.78194672538e-09, 2.43401832023e-09], "max": [0.00281722913496, 0.122583940625, 0.0711111426353, 0.0498430654407, 0.0495440997183, 0.0525188632309, 0.0361830443144, 0.0835110172629, 0.0283661279827, 0.02605416812, 0.008261625655, 0.0116862021387, 0.00431214878336, 0.00560562033206, 0.00592862907797, 0.00388205843046, 0.00371046038345, 0.0040202671662, 0.00618093786761, 0.00474793510512, 0.00425662612543, 0.00930844154209, 0.00620597088709, 0.0105217201635, 0.0088285477832, 0.00276420847513, 0.000509365345351], "mean": [0.00011019136582, 0.00692419707775, 0.00448555033654, 0.00240223039873, 0.00331428693607, 0.00333525217138, 0.0012258811621, 0.0023309532553, 0.00109876703937, 0.000693231064361, 0.000250635494012, 0.000165656078025, 0.000139636045787, 0.000112182795419, 0.000151946980623, 8.36118924781e-05, 0.000108965723484, 0.000165922523593, 0.000162684897077, 0.000164572935319, 0.000142608914757, 0.000208107201615, 0.000202689698199, 0.000173153282958, 8.89824295882e-05, 2.32906586461e-05, 6.56538622934e-06], "median": [2.69468364422e-05, 0.00357491639443, 0.0017348047113, 0.00131874252111, 0.00175306806341, 0.00157334189862, 0.000551252509467, 0.000651151058264, 0.000296050857287, 0.00014574463421, 5.47738054593e-05, 3.65564410458e-05, 2.98441409541e-05, 2.46903819061e-05, 2.86110589514e-05, 2.46886738751e-05, 3.46919259755e-05, 3.9767495764e-05, 3.61918282579e-05, 4.00940189138e-05, 2.69309311989e-05, 2.9664086469e-05, 2.82929868263e-05, 2.23710285354e-05, 1.18133448268e-05, 3.47420655089e-06, 6.19038814875e-07], "min": [3.00822541268e-25, 1.44957608955e-24, 5.02965387217e-25, 7.46541081454e-25, 9.37068621106e-24, 7.6638546917e-24, 9.74668098432e-24, 1.15201712502e-23, 1.45659695161e-23, 2.08934859458e-23, 1.24516960724e-23, 1.98662565185e-23, 2.99403100453e-23, 2.70530822877e-23, 4.26911737274e-23, 5.39114358386e-23, 7.89044299604e-23, 8.32298742106e-23, 1.48693502741e-22, 2.01788827264e-22, 2.44196146749e-22, 3.17760745688e-22, 4.10823840502e-22, 6.2386997794e-22, 7.96375455365e-22, 1.21361229326e-21, 1.94588402795e-21], "var": [3.9050391365e-08, 0.000120238270028, 4.83601434098e-05, 1.18622019727e-05, 2.22049675358e-05, 2.37712938542e-05, 4.07282959713e-06, 2.50581233558e-05, 5.76995716983e-06, 2.78582342617e-06, 3.299513196e-07, 1.88135032886e-07, 8.95057183925e-08, 6.60549872578e-08, 1.44432789284e-07, 3.68149564167e-08, 4.12260128257e-08, 9.08904596031e-08, 1.05639308856e-07, 1.24274222912e-07, 1.16791824212e-07, 2.68946564574e-07, 2.5107624424e-07, 3.06827530494e-07, 1.18233494106e-07, 9.44134193048e-09, 6.78427869438e-10]}, "erbbands": {"dmean": [0.0666241198778, 1.00951516628, 2.75932455063, 2.99882984161, 4.10859107971, 6.37395763397, 10.8497924805, 14.1453304291, 8.33172798157, 17.6241207123, 25.0783233643, 16.9125728607, 11.1799383163, 10.1270103455, 5.93610858917, 4.01874160767, 3.74547791481, 3.17307853699, 4.89177083969, 3.01168060303, 2.4841272831, 3.13786745071, 4.34154510498, 4.27937650681, 4.42174577713, 4.70897388458, 4.32465028763, 4.57750368118, 4.80999708176, 4.94936990738, 4.13566589355, 3.19552564621, 1.81316041946, 0.886817336082, 0.357152253389, 0.109074495733, 0.0294031929225, 0.00781657546759, 0.00100920326076, 0.00012929175864], "dmean2": [0.107048198581, 1.72483348846, 4.65029907227, 4.97372531891, 6.86584711075, 10.2223834991, 16.8776435852, 22.4069080353, 13.4021310806, 26.5904273987, 37.5586090088, 26.7960720062, 17.6240081787, 16.0114459991, 9.22346591949, 6.48474216461, 6.01056671143, 5.05690383911, 7.69493913651, 4.62891054153, 3.83603405952, 4.96231365204, 6.7062792778, 6.58548784256, 7.01933908463, 7.55516147614, 6.95381212234, 7.37200689316, 7.25009679794, 7.05184555054, 5.96376800537, 4.68260240555, 2.52007889748, 1.19742953777, 0.491301685572, 0.151650220156, 0.0434553362429, 0.0123665649444, 0.00169802468736, 0.000230384321185], "dvar": [0.0247239153832, 8.88941669464, 61.0586929321, 35.7700500488, 129.29586792, 162.751022339, 431.196136475, 709.397399902, 355.405975342, 1811.12194824, 3825.63598633, 1821.57104492, 932.09765625, 861.4765625, 250.259292603, 119.47959137, 93.9594497681, 67.031288147, 148.038253784, 68.5952453613, 30.252040863, 50.3461990356, 84.0100860596, 96.6985168457, 126.095489502, 145.81602478, 125.838630676, 141.010421753, 153.405044556, 168.038635254, 98.4438934326, 77.5544204712, 29.6136493683, 8.92404651642, 1.94560837746, 0.176847621799, 0.0125909578055, 0.00139391003177, 1.25898532133e-05, 2.41021240299e-07], "dvar2": [0.0627146586776, 24.5126647949, 167.946395874, 105.821029663, 352.463470459, 418.338806152, 1035.70812988, 1769.82348633, 922.558959961, 4001.29443359, 8648.04980469, 4701.27490234, 2315.86547852, 2180.87231445, 647.891967773, 288.873199463, 238.55078125, 161.271224976, 345.089385986, 154.732818604, 67.0951766968, 123.377983093, 185.672409058, 230.127243042, 303.433013916, 371.775238037, 311.423248291, 354.424682617, 327.367156982, 335.480255127, 202.639404297, 160.197143555, 53.3273620605, 15.7775363922, 3.80184602737, 0.319701641798, 0.0274482890964, 0.00335695943795, 3.29053364112e-05, 6.90711260631e-07], "max": [2.05846238136, 33.1286659241, 84.2238845825, 114.846473694, 195.346313477, 176.367874146, 404.74810791, 625.348327637, 616.909179688, 1336.28686523, 1443.93127441, 775.366760254, 731.745544434, 906.660888672, 567.721984863, 394.905822754, 206.575973511, 315.793151855, 379.602081299, 215.036437988, 158.99029541, 129.264709473, 257.075775146, 208.430206299, 394.133056641, 240.020904541, 162.145401001, 178.611114502, 194.466278076, 428.199768066, 181.106079102, 312.458190918, 169.307647705, 127.736106873, 54.7503967285, 21.6599197388, 3.36761069298, 1.02383565903, 0.061480242759, 0.00637968583032], "mean": [0.158394694328, 1.70934867859, 4.9494137764, 6.90269565582, 8.11021137238, 11.4298963547, 21.7216567993, 30.0809078217, 17.4833583832, 32.1301269531, 44.8886795044, 30.9110946655, 19.9013633728, 17.7646255493, 10.9458866119, 6.81412315369, 6.43013906479, 5.83467006683, 8.79224777222, 5.62207603455, 4.67010593414, 5.83495283127, 8.76396942139, 8.66590690613, 8.19306468964, 7.62666416168, 6.33233976364, 6.14567327499, 6.89700603485, 7.18790817261, 5.62291383743, 4.13724184036, 2.58019304276, 1.23274958134, 0.50332659483, 0.152386471629, 0.0345158874989, 0.00734326941893, 0.000862806919031, 0.000118259005831], "median": [0.0684405341744, 0.900245010853, 2.23268604279, 4.46140480042, 3.81165027618, 5.28547859192, 9.92526245117, 13.037607193, 9.46447849274, 11.4041023254, 12.690943718, 9.37000274658, 5.29983186722, 3.53337430954, 2.85236048698, 1.91418981552, 1.57162034512, 1.64199972153, 1.78994488716, 1.38250386715, 1.62382125854, 1.82418608665, 2.20711088181, 2.08189296722, 1.86077785492, 1.83533394337, 1.36742043495, 1.0363471508, 0.933097958565, 1.0551918745, 0.765779972076, 0.519987642765, 0.344170451164, 0.147464603186, 0.0721479803324, 0.0232738591731, 0.00497232796624, 0.000867394264787, 0.000120320895803, 4.08439154853e-05], "min": [7.09603860747e-23, 3.51653920978e-22, 8.48722548474e-22, 2.68837697658e-21, 8.29153002105e-21, 2.03953093032e-20, 5.77465125381e-20, 8.84636771771e-20, 1.32437031518e-19, 2.56007953489e-19, 3.0220769676e-19, 3.65648391388e-19, 4.24224023244e-19, 6.78595503289e-19, 6.10064520117e-19, 6.67987325523e-19, 1.50308881283e-18, 1.77756564144e-18, 2.41407078304e-18, 3.13143675863e-18, 2.78200630298e-18, 5.55275302346e-18, 5.0098119353e-18, 5.24406617605e-18, 5.84627682305e-18, 9.10054266482e-18, 8.08826219223e-18, 1.1662939753e-17, 9.760378022e-18, 1.15325032966e-17, 1.15196290575e-17, 1.12044484287e-17, 9.77755194588e-18, 7.59179831474e-18, 5.84921910449e-18, 3.4018838735e-18, 2.21417617737e-18, 1.00495082518e-18, 2.43451274243e-19, 2.71310717273e-20], "var": [0.0466079972684, 8.33494472504, 61.3293876648, 75.1159667969, 164.648483276, 288.693237305, 1057.84912109, 2199.89501953, 778.70904541, 4574.64794922, 8771.63378906, 4306.02490234, 1892.08630371, 2149.22924805, 585.497070312, 224.503311157, 176.180328369, 149.112258911, 426.990997314, 182.808883667, 79.7869338989, 112.886543274, 258.41418457, 252.830825806, 267.775024414, 258.189880371, 212.098007202, 234.700210571, 292.743804932, 324.086914062, 196.857696533, 162.667327881, 72.4557266235, 20.7973804474, 4.5522441864, 0.477952778339, 0.0184269994497, 0.00129599461798, 1.01482610262e-05, 1.45125952145e-07]}, "gfcc": {"mean": [-53.4568519592, 102.624946594, -71.375831604, 36.2822151184, -69.0639572144, 5.18116521835, -30.4126186371, 9.72285842896, -16.0295658112, 0.561644613743, -11.0855102539, -2.09620952606, -9.70778751373], "cov": [[26111.6269531, -348.397369385, -3666.73535156, 1106.47583008, -1353.61291504, 365.563354492, -1002.46099854, 477.317687988, -550.278991699, -133.286758423, -258.137664795, -121.16166687, -287.419128418], [-348.397369385, 2325.10693359, 76.6240844727, -398.2109375, 438.558166504, -178.356674194, 255.266921997, -69.9905319214, 66.0995407104, -46.6454162598, 110.527023315, -95.7665939331, -23.7981739044], [-3666.73535156, 76.6240844727, 1455.17236328, -22.3856811523, 129.606384277, 99.3925704956, 224.292999268, -78.2884216309, 108.761039734, 84.0224380493, 16.3396205902, 40.8737831116, 34.2730712891], [1106.47583008, -398.2109375, -22.3856811523, 467.96282959, -72.4418106079, 82.7479476929, -39.1290245056, 19.3013973236, -13.6500263214, -8.41083049774, -34.3549880981, -0.628035187721, -3.9094543457], [-1353.61291504, 438.558166504, 129.606384277, -72.4418106079, 448.995819092, 0.181417927146, 127.586723328, -1.24609911442, 59.8600997925, -13.4414548874, 31.5255680084, -32.3909568787, -8.83819675446], [365.563354492, -178.356674194, 99.3925704956, 82.7479476929, 0.181417927146, 241.293136597, 72.1237258911, 19.8085803986, -2.90254259109, 32.0104789734, -21.8069705963, -10.292599678, -6.04049444199], [-1002.46099854, 255.266921997, 224.292999268, -39.1290245056, 127.586723328, 72.1237258911, 248.191436768, -8.81346130371, 28.8982086182, 16.8424892426, 12.4621801376, -13.2898044586, -0.961268663406], [477.317687988, -69.9905319214, -78.2884216309, 19.3013973236, -1.24609911442, 19.8085803986, -8.81346130371, 129.152984619, 8.53179073334, -0.317371875048, -5.26289653778, -4.2705206871, -13.7176618576], [-550.278991699, 66.0995407104, 108.761039734, -13.6500263214, 59.8600997925, -2.90254259109, 28.8982086182, 8.53179073334, 109.349746704, 35.4172973633, 5.66967821121, -10.3144521713, 8.26289176941], [-133.286758423, -46.6454162598, 84.0224380493, -8.41083049774, -13.4414548874, 32.0104789734, 16.8424892426, -0.317371875048, 35.4172973633, 89.2332305908, 21.2224292755, 2.42055702209, 0.762167453766], [-258.137664795, 110.527023315, 16.3396205902, -34.3549880981, 31.5255680084, -21.8069705963, 12.4621801376, -5.26289653778, 5.66967821121, 21.2224292755, 76.9537734985, 18.1792106628, 5.29603099823], [-121.16166687, -95.7665939331, 40.8737831116, -0.628035187721, -32.3909568787, -10.292599678, -13.2898044586, -4.2705206871, -10.3144521713, 2.42055702209, 18.1792106628, 76.4380645752, 33.707611084], [-287.419128418, -23.7981739044, 34.2730712891, -3.9094543457, -8.83819675446, -6.04049444199, -0.961268663406, -13.7176618576, 8.26289176941, 0.762167453766, 5.29603099823, 33.707611084, 70.5396957397]], "icov": [[0.000141167707625, -0.000224258968956, 0.000272788136499, -0.000310372095555, 0.000316417979775, -0.000412600260461, 0.000405394850532, -0.000311605224852, 0.000282401248114, -0.000267433846602, 0.000358465040335, -0.000277959072264, 0.000374759169063], [-0.000224258968956, 0.00113343680277, -0.000393166439608, 0.000892338866834, -0.000857701932546, 0.00113008508924, -0.00128566741478, 0.000756601395551, -0.000581548723858, 0.000973373127636, -0.00148449733388, 0.00143756531179, -0.000689851294737], [0.000272788136499, -0.000393166439608, 0.001471783733, -0.000604981963988, 0.000515925232321, -0.000947960827034, 6.18668200332e-05, 5.83692371947e-06, -0.000177549489308, -0.000959461904131, 0.000942472543102, -0.00132459809538, 0.000809040153399], [-0.000310372095555, 0.000892338866834, -0.000604981963988, 0.0033292809967, -0.00062998814974, 0.000158394293976, -0.000703510595486, 0.000668836000841, -0.000851540709846, 0.00136378791649, -0.000742991513107, 0.00100400834344, -0.00076898856787], [0.000316417979775, -0.000857701932546, 0.000515925232321, -0.00062998814974, 0.00400637369603, -0.00117051100824, -7.72023340687e-05, -0.000850027019624, -0.000987436738797, 0.000992413843051, -0.000412304856582, 0.000101059602457, 0.00103730882984], [-0.000412600260461, 0.00113008508924, -0.000947960827034, 0.000158394293976, -0.00117051100824, 0.00725053949282, -0.003347735852, 6.93838665029e-05, 0.000713323708624, -0.00168430211488, 0.00042136432603, 0.00181889499072, -0.00135460880119], [0.000405394850532, -0.00128566741478, 6.18668200332e-05, -0.000703510595486, -7.72023340687e-05, -0.003347735852, 0.00769201712683, -0.000951536232606, 0.000792291655671, -0.000991036999039, 0.000971074332483, -0.000723788398318, 0.000963301281445], [-0.000311605224852, 0.000756601395551, 5.83692371947e-06, 0.000668836000841, -0.000850027019624, 6.93838665029e-05, -0.000951536232606, 0.00936817191541, -0.00241344491951, 0.00120508531108, -0.000857056875248, -0.000208942175959, 0.00116198125761], [0.000282401248114, -0.000581548723858, -0.000177549489308, -0.000851540709846, -0.000987436738797, 0.000713323708624, 0.000792291655671, -0.00241344491951, 0.0138451680541, -0.00640662480146, 0.00217624893412, 0.00201382441446, -0.00220591551624], [-0.000267433846602, 0.000973373127636, -0.000959461904131, 0.00136378791649, 0.000992413843051, -0.00168430211488, -0.000991036999039, 0.00120508531108, -0.00640662480146, 0.0174160208553, -0.00682339956984, 0.00145669828635, 0.000359912897693], [0.000358465040335, -0.00148449733388, 0.000942472543102, -0.000742991513107, -0.000412304856582, 0.00042136432603, 0.000971074332483, -0.000857056875248, 0.00217624893412, -0.00682339956984, 0.01903061755, -0.00663102883846, 0.00185031967703], [-0.000277959072264, 0.00143756531179, -0.00132459809538, 0.00100400834344, 0.000101059602457, 0.00181889499072, -0.000723788398318, -0.000208942175959, 0.00201382441446, 0.00145669828635, -0.00663102883846, 0.0214488338679, -0.00983359757811], [0.000374759169063, -0.000689851294737, 0.000809040153399, -0.00076898856787, 0.00103730882984, -0.00135460880119, 0.000963301281445, 0.00116198125761, -0.00220591551624, 0.000359912897693, 0.00185031967703, -0.00983359757811, 0.0201026219875]]}, "melbands": {"dmean": [0.000830170232803, 0.00141803792212, 0.000521169509739, 0.000363950821338, 0.000356496893801, 0.000296780373901, 0.000131247055833, 0.000222547736485, 0.000183877491509, 0.000103998441773, 5.62675704714e-05, 4.47914535471e-05, 1.83525771718e-05, 1.51489384734e-05, 7.44036242395e-06, 8.59890042193e-06, 6.14836835666e-06, 8.14045870356e-06, 5.52476785742e-06, 3.80726237381e-06, 3.17713374898e-06, 3.42253497365e-06, 3.67910183741e-06, 4.3810337047e-06, 3.66362996829e-06, 3.59535079042e-06, 3.11092048833e-06, 3.36910375154e-06, 3.01622344523e-06, 2.49570166488e-06, 2.87294710688e-06, 2.77040066976e-06, 2.93894072456e-06, 2.77967342299e-06, 2.45571754931e-06, 2.34193839788e-06, 1.8084358544e-06, 1.36726202982e-06, 1.01013836229e-06, 6.90084675625e-07], "dmean2": [0.00137399195228, 0.002403043909, 0.000857978069689, 0.000601437815931, 0.000552081968635, 0.000470368366223, 0.000211719074287, 0.000331045332132, 0.00027599191526, 0.000165244491654, 8.87525166036e-05, 7.10063177394e-05, 2.88250466838e-05, 2.41787747655e-05, 1.1789625205e-05, 1.38163759402e-05, 9.83354584605e-06, 1.29863910843e-05, 8.58012754179e-06, 5.85902262173e-06, 5.05241587234e-06, 5.52528672415e-06, 5.76870024815e-06, 6.86992370902e-06, 5.7192537497e-06, 5.75263402425e-06, 5.06160085934e-06, 5.47137960893e-06, 4.92885828862e-06, 4.04977481594e-06, 4.7234707381e-06, 4.27022632721e-06, 4.42023429059e-06, 3.97330359192e-06, 3.59886325896e-06, 3.46823003383e-06, 2.68352482635e-06, 1.9585361315e-06, 1.38606310429e-06, 9.59654926191e-07], "dvar": [4.98865483678e-06, 1.70425355464e-05, 1.05845106191e-06, 8.25649692615e-07, 4.36005876736e-07, 3.06746414935e-07, 7.90736507383e-08, 2.91779372219e-07, 2.09299017229e-07, 7.50915702952e-08, 2.41363729003e-08, 1.77775376642e-08, 2.19935913925e-09, 2.01162730917e-09, 3.96407379144e-10, 5.07272057693e-10, 2.66982352892e-10, 4.10172645848e-10, 2.62175781085e-10, 1.17380785647e-10, 5.14153442044e-11, 6.75836331343e-11, 6.47674136545e-11, 8.83284279052e-11, 7.67404612079e-11, 8.68944083354e-11, 6.28941690395e-11, 8.01515381843e-11, 6.03371380636e-11, 4.71227917798e-11, 5.74513769891e-11, 5.17157150437e-11, 6.24118950965e-11, 5.35257879686e-11, 3.66372626681e-11, 3.63482438592e-11, 3.07285238921e-11, 1.76617314523e-11, 1.1377667905e-11, 6.27268115921e-12], "dvar2": [1.33985495268e-05, 4.68848484161e-05, 3.0338230772e-06, 2.23719234782e-06, 1.04129367173e-06, 7.63928255765e-07, 2.03612046334e-07, 6.2292349412e-07, 4.83893302317e-07, 1.92412727529e-07, 6.01450977911e-08, 4.54398367822e-08, 5.73970471152e-09, 4.88241180818e-09, 9.66562829774e-10, 1.32532973485e-09, 6.3788402338e-10, 9.74619163152e-10, 6.1083416103e-10, 2.63163185688e-10, 1.23575330524e-10, 1.73115896618e-10, 1.50805770649e-10, 1.94624497074e-10, 1.86331047813e-10, 2.22177873321e-10, 1.46484421815e-10, 2.0913396015e-10, 1.5275036791e-10, 1.16497589353e-10, 1.4798283432e-10, 1.15824662361e-10, 1.31506042167e-10, 1.10327830205e-10, 7.72748393052e-11, 7.89797394152e-11, 6.46766251666e-11, 3.31336867665e-11, 2.12454932119e-11, 1.16125954339e-11], "max": [0.0250316485763, 0.0463614612818, 0.0167010445148, 0.0131463194266, 0.0106961792335, 0.0120919803157, 0.00798861123621, 0.0177287030965, 0.00947673525661, 0.00521486718208, 0.00367907690816, 0.00410273857415, 0.00137145374902, 0.00175951921847, 0.000508334254846, 0.000532790494617, 0.000568498275243, 0.00062464986695, 0.000407478219131, 0.000330556911649, 0.000164762052009, 0.00016234011855, 0.000222380767809, 0.000293351506116, 0.000196909168153, 0.000329352857079, 0.000230453646509, 0.000178251400939, 0.000135744106956, 0.000105598584923, 0.000132326356834, 0.000107720297819, 0.000201981049031, 0.00022261965205, 0.000121978802781, 0.000120625103591, 0.000229471290368, 0.000134758738568, 0.00015215986059, 0.00011492750491], "mean": [0.00170056824572, 0.00256319204345, 0.00128163851332, 0.00066748278914, 0.000737233785912, 0.000641129678115, 0.000261347013293, 0.000400322605856, 0.000330069218762, 0.000181520663318, 9.61501064012e-05, 7.5583193393e-05, 3.31534029101e-05, 2.53239759331e-05, 1.19949181681e-05, 1.39371340993e-05, 1.0350854609e-05, 1.41785731103e-05, 9.46705404203e-06, 6.35585047348e-06, 5.40966584595e-06, 5.84083863941e-06, 6.72366059007e-06, 8.58580369822e-06, 6.70298550176e-06, 6.41182123218e-06, 5.19127297594e-06, 5.09360688739e-06, 4.2160609155e-06, 3.32017384608e-06, 3.70004272554e-06, 3.81656445825e-06, 4.12235749536e-06, 3.87267346014e-06, 3.26501776726e-06, 2.97258384307e-06, 2.30699311032e-06, 1.88711487681e-06, 1.38923246595e-06, 9.28173619741e-07], "median": [0.000829461147077, 0.00145129370503, 0.000823984504677, 0.000340345985023, 0.000357351673301, 0.000287912116619, 0.000133938272484, 0.000133414199809, 9.27252476686e-05, 4.72200263175e-05, 2.33910723182e-05, 1.29734053189e-05, 7.85709198681e-06, 6.41401629764e-06, 3.10614564114e-06, 3.00114970742e-06, 2.54394558397e-06, 2.67535460807e-06, 1.81550717571e-06, 1.71555007e-06, 1.78585105459e-06, 1.78857794708e-06, 1.73537728188e-06, 1.99786563826e-06, 1.44775481203e-06, 1.27453665755e-06, 1.23230074678e-06, 1.15783427646e-06, 9.01923385754e-07, 5.50470758753e-07, 5.84784629609e-07, 4.9829100135e-07, 5.67245422189e-07, 5.59230613817e-07, 4.38082736309e-07, 3.62971263712e-07, 2.82524496242e-07, 2.54770839092e-07, 1.5694011779e-07, 1.05254912341e-07], "min": [8.95375665657e-25, 9.48928079854e-25, 8.1684466115e-25, 1.7459556676e-24, 1.89755343434e-24, 1.91226115427e-24, 1.95703847697e-24, 3.1542885313e-24, 2.35538700448e-24, 1.94099541274e-24, 1.84333206609e-24, 2.24897972634e-24, 1.65447284892e-24, 2.50399577725e-24, 1.54653182797e-24, 2.74106820079e-24, 3.24856233986e-24, 3.65431925735e-24, 4.18017945879e-24, 3.62489001242e-24, 2.74793858763e-24, 4.76981827557e-24, 3.76831833562e-24, 3.27572794842e-24, 4.09452770272e-24, 4.07030217875e-24, 3.20191226137e-24, 5.66244633869e-24, 4.43484269166e-24, 6.05906785246e-24, 5.88519028718e-24, 4.9084313918e-24, 5.57201211338e-24, 5.36939634531e-24, 5.5723556623e-24, 6.50788750348e-24, 6.23047233881e-24, 6.09375564419e-24, 6.90272540274e-24, 6.02250493837e-24], "var": [6.04454589848e-06, 1.55947873282e-05, 2.38329857893e-06, 1.04867092432e-06, 1.0961556427e-06, 9.58484633884e-07, 1.72300559598e-07, 7.65401921399e-07, 4.53559465541e-07, 1.78785981575e-07, 4.7919606061e-08, 4.31268674106e-08, 5.18478460165e-09, 3.93999544102e-09, 6.96690483082e-10, 9.1548574277e-10, 5.87301207666e-10, 1.15385556665e-09, 6.56619814077e-10, 2.41889619446e-10, 1.12191395063e-10, 1.25780372229e-10, 1.56862495215e-10, 2.64968991193e-10, 1.72477726545e-10, 1.77739073459e-10, 1.16482282153e-10, 1.36632219427e-10, 9.91760354396e-11, 7.0808886532e-11, 9.26686297142e-11, 9.25160920096e-11, 1.12875417346e-10, 9.73147465388e-11, 6.85599771399e-11, 6.76998387905e-11, 6.25548710054e-11, 4.01041491682e-11, 2.43380315901e-11, 1.37444552267e-11]}, "mfcc": {"mean": [-697.874511719, 128.70451355, 43.8020744324, 33.3169517517, -3.66679978371, -1.42584395409, -3.91041088104, 4.96492576599, -1.03655457497, 5.15787792206, 0.559044599533, 0.553162753582, -0.233077034354], "cov": [[14171.3408203, -845.638671875, -1726.32531738, -250.444030762, -78.9909744263, -260.340118408, -101.72492981, 123.298667908, -334.182128906, 166.440231323, 71.0834960938, -236.892776489, -276.87979126], [-845.638671875, 2291.66845703, -209.016433716, 88.8934707642, 65.1080932617, -26.0345859528, 131.564056396, 28.8867321014, 1.97868824005, 15.8425579071, 76.3493804932, 41.3266677856, 31.1288948059], [-1726.32531738, -209.016433716, 1094.15905762, 130.895217896, -18.7873516083, 167.958099365, 36.5590858459, -7.26500844955, 112.576705933, -19.0573215485, -23.3844585419, 79.8515167236, 66.7271957397], [-250.444030762, 88.8934707642, 130.895217896, 289.132171631, 77.3535385132, 42.3580741882, 21.9267311096, 25.4051532745, 30.4213504791, -12.8482646942, 6.03472185135, 31.7076797485, 19.325756073], [-78.9909744263, 65.1080932617, -18.7873516083, 77.3535385132, 224.795455933, 22.5724220276, 10.1847372055, 25.7440795898, 15.9973621368, 16.0491352081, 18.8515911102, 14.028002739, 8.59661579132], [-260.340118408, -26.0345859528, 167.958099365, 42.3580741882, 22.5724220276, 224.758605957, 85.7689666748, 12.9731826782, 59.9810409546, 12.3517713547, 19.2087841034, 19.8472270966, 16.4386539459], [-101.72492981, 131.564056396, 36.5590858459, 21.9267311096, 10.1847372055, 85.7689666748, 164.146606445, 59.0144348145, 24.1082363129, 22.1045227051, 21.0831756592, 3.086384058, 13.2778673172], [123.298667908, 28.8867321014, -7.26500844955, 25.4051532745, 25.7440795898, 12.9731826782, 59.0144348145, 104.931335449, 37.7324867249, 8.55474567413, 2.60736203194, -3.26089096069, 9.3684015274], [-334.182128906, 1.97868824005, 112.576705933, 30.4213504791, 15.9973621368, 59.9810409546, 24.1082363129, 37.7324867249, 118.640022278, 34.5453987122, 5.36646604538, 12.2174844742, 15.7753686905], [166.440231323, 15.8425579071, -19.0573215485, -12.8482646942, 16.0491352081, 12.3517713547, 22.1045227051, 8.55474567413, 34.5453987122, 100.547325134, 35.3580207825, -5.56567335129, -4.02456188202], [71.0834960938, 76.3493804932, -23.3844585419, 6.03472185135, 18.8515911102, 19.2087841034, 21.0831756592, 2.60736203194, 5.36646604538, 35.3580207825, 79.6995925903, 26.8127231598, 2.21489548683], [-236.892776489, 41.3266677856, 79.8515167236, 31.7076797485, 14.028002739, 19.8472270966, 3.086384058, -3.26089096069, 12.2174844742, -5.56567335129, 26.8127231598, 79.2429351807, 29.176448822], [-276.87979126, 31.1288948059, 66.7271957397, 19.325756073, 8.59661579132, 16.4386539459, 13.2778673172, 9.3684015274, 15.7753686905, -4.02456188202, 2.21489548683, 29.176448822, 66.9512176514]], "icov": [[0.00010800207383, 4.56742200186e-05, 0.000136652990477, -3.50254522345e-05, 7.67384990468e-05, -0.000100810277218, 0.000141643511597, -0.000328191119479, 0.000344095606124, -0.000260940403678, -4.09168933402e-05, 2.77956551145e-05, 0.000224534596782], [4.56742200186e-05, 0.000526588701177, 0.00018296779308, -0.000170428873389, -4.47331512987e-05, 0.00028312811628, -0.000564712914638, 0.000182990566827, -7.68068712205e-05, 8.9077395387e-05, -0.000388759508496, -0.00010739362915, -8.33797239466e-05], [0.000136652990477, 0.00018296779308, 0.00148629699834, -0.000473458785564, 0.000392562535126, -0.000699124240782, -2.44734656007e-06, 0.000173735053977, -0.000517014414072, -0.000145049474668, 0.000668530643452, -0.000941021251492, -0.000266097136773], [-3.50254522345e-05, -0.000170428873389, -0.000473458785564, 0.00433328654617, -0.00139240699355, -0.000194166030269, -1.84943874046e-05, -0.000550608441699, -0.000483947340399, 0.000954152550548, 2.89729014185e-05, -0.000872493314091, 1.32670002131e-05], [7.67384990468e-05, -4.47331512987e-05, 0.000392562535126, -0.00139240699355, 0.00532247079536, -0.000765254488215, 0.000962791731581, -0.00157132779714, 0.000577702128794, -0.00110798911192, -0.000495912099723, -0.000387750944356, -0.000135097870952], [-0.000100810277218, 0.00028312811628, -0.000699124240782, -0.000194166030269, -0.000765254488215, 0.00766079267487, -0.00469572888687, 0.00321031152271, -0.00385275739245, 0.00173847598489, -0.00144265848212, 9.83063509921e-05, -7.9179299064e-05], [0.000141643511597, -0.000564712914638, -2.44734656007e-06, -1.84943874046e-05, 0.000962791731581, -0.00469572888687, 0.0115651581436, -0.00704383803532, 0.00331169785932, -0.00246377033181, -0.000915479264222, 0.000878286955412, -0.000703423167579], [-0.000328191119479, 0.000182990566827, 0.000173735053977, -0.000550608441699, -0.00157132779714, 0.00321031152271, -0.00704383803532, 0.0163990426809, -0.00689049670473, 0.00288463849574, -7.51369298087e-05, 0.00131332187448, -0.00171364459675], [0.000344095606124, -7.68068712205e-05, -0.000517014414072, -0.000483947340399, 0.000577702128794, -0.00385275739245, 0.00331169785932, -0.00689049670473, 0.0153827378526, -0.00657485425472, 0.00208755489439, -0.00120690010954, -0.000269984651823], [-0.000260940403678, 8.9077395387e-05, -0.000145049474668, 0.000954152550548, -0.00110798911192, 0.00173847598489, -0.00246377033181, 0.00288463849574, -0.00657485425472, 0.0157364476472, -0.00731298839673, 0.0036127876956, -0.000288341456326], [-4.09168933402e-05, -0.000388759508496, 0.000668530643452, 2.89729014185e-05, -0.000495912099723, -0.00144265848212, -0.000915479264222, -7.51369298087e-05, 0.00208755489439, -0.00731298839673, 0.0197244789451, -0.00837337225676, 0.00201184744947], [2.77956551145e-05, -0.00010739362915, -0.000941021251492, -0.000872493314091, -0.000387750944356, 9.83063509921e-05, 0.000878286955412, 0.00131332187448, -0.00120690010954, 0.0036127876956, -0.00837337225676, 0.0199270732701, -0.00688309641555], [0.000224534596782, -8.33797239466e-05, -0.000266097136773, 1.32670002131e-05, -0.000135097870952, -7.9179299064e-05, -0.000703423167579, -0.00171364459675, -0.000269984651823, -0.000288341456326, 0.00201184744947, -0.00688309641555, 0.0195603333414]]}, "spectral_contrast_coeffs": {"dmean": [0.0431724525988, 0.0433140993118, 0.0365373529494, 0.0275471024215, 0.0207296665758, 0.0171501208097], "dmean2": [0.0708733052015, 0.070004068315, 0.0580169484019, 0.0444050841033, 0.0324772112072, 0.0267856102437], "dvar": [0.00149374245666, 0.00127726700157, 0.000953482405748, 0.000554204860236, 0.000316640129313, 0.000314082659315], "dvar2": [0.00388682936318, 0.00334650906734, 0.00231562159024, 0.00128226331435, 0.000709164654836, 0.000736086803954], "max": [-0.345555126667, -0.406195282936, -0.483029276133, -0.566342353821, -0.58997553587, -0.617719173431], "mean": [-0.65201741457, -0.700903236866, -0.743327617645, -0.789810478687, -0.798120737076, -0.789505779743], "median": [-0.654929876328, -0.701888978481, -0.744147777557, -0.793230414391, -0.801283061504, -0.790476918221], "min": [-0.979929208755, -0.979731500149, -0.975389480591, -0.973118185997, -0.967231214046, -0.964640974998], "var": [0.00711847003549, 0.00555047998205, 0.00538298301399, 0.00331833167002, 0.00284018437378, 0.00207579461858]}, "spectral_contrast_valleys": {"dmean": [0.340101152658, 0.312425971031, 0.337330311537, 0.33319863677, 0.325003713369, 0.422180563211], "dmean2": [0.553472340107, 0.499966025352, 0.525643706322, 0.494723975658, 0.444476515055, 0.496585071087], "dvar": [0.145712956786, 0.106341838837, 0.143849343061, 0.171128481627, 0.205512672663, 0.281947344542], "dvar2": [0.290125340223, 0.202514052391, 0.283379346132, 0.31248