{"lowlevel": {"average_loudness": 0.0292119625956, "barkbands_crest": {"dmean": 2.87364149094, "dmean2": 4.81044149399, "dvar": 6.40912151337, "dvar2": 17.3316040039, "max": 26.8261413574, "mean": 10.5173835754, "median": 9.73095321655, "min": 2.3384475708, "var": 18.3680763245}, "barkbands_flatness_db": {"dmean": 0.0239694844931, "dmean2": 0.0391941070557, "dvar": 0.000637429009657, "dvar2": 0.00153688469436, "max": 0.577602803707, "mean": 0.217028483748, "median": 0.209822282195, "min": 0.020638871938, "var": 0.00736400997266}, "barkbands_kurtosis": {"dmean": 3.27413010597, "dmean2": 5.50410985947, "dvar": 67.3820114136, "dvar2": 179.919830322, "max": 420.578063965, "mean": 4.85733985901, "median": 2.19298505783, "min": -1.89140927792, "var": 93.2804794312}, "barkbands_skewness": {"dmean": 0.532226204872, "dmean2": 0.869572222233, "dvar": 0.357224822044, "dvar2": 0.916524708271, "max": 20.0953636169, "mean": 1.21243679523, "median": 1.105281353, "min": -3.50423049927, "var": 1.53385901451}, "barkbands_spread": {"dmean": 4.01545953751, "dmean2": 6.6104593277, "dvar": 38.4303817749, "dvar2": 95.618057251, "max": 88.5027389526, "mean": 12.8263397217, "median": 9.36830711365, "min": 0.389683753252, "var": 126.623458862}, "dissonance": {"dmean": 0.0320860035717, "dmean2": 0.0547661110759, "dvar": 0.000981574994512, "dvar2": 0.00279254326597, "max": 0.500000059605, "mean": 0.442216366529, "median": 0.454943060875, "min": 0.106206193566, "var": 0.00225848704576}, "dynamic_complexity": 5.36850881577, "erbbands_crest": {"dmean": 2.82095718384, "dmean2": 4.74534368515, "dvar": 6.55699110031, "dvar2": 17.453742981, "max": 32.9490814209, "mean": 10.2972717285, "median": 9.36782741547, "min": 2.29800915718, "var": 19.1051158905}, "erbbands_flatness_db": {"dmean": 0.0201793350279, "dmean2": 0.0326866582036, "dvar": 0.000498141802382, "dvar2": 0.00115342822392, "max": 0.528178274632, "mean": 0.250698834658, "median": 0.242972075939, "min": 0.0395806021988, "var": 0.00808036606759}, "erbbands_kurtosis": {"dmean": 1.70402574539, "dmean2": 2.83513236046, "dvar": 11.442117691, "dvar2": 31.2967987061, "max": 209.767593384, "mean": 2.02820158005, "median": 0.79011297226, "min": -1.89257133007, "var": 18.6917629242}, "erbbands_skewness": {"dmean": 0.419995099306, "dmean2": 0.681288480759, "dvar": 0.174007877707, "dvar2": 0.447026789188, "max": 10.4990606308, "mean": 0.793830871582, "median": 0.721545994282, "min": -3.9213912487, "var": 0.812407791615}, "erbbands_spread": {"dmean": 5.45091915131, "dmean2": 8.89929294586, "dvar": 68.5442733765, "dvar2": 168.813156128, "max": 150.952865601, "mean": 21.5127677917, "median": 17.880563736, "min": 1.23119997978, "var": 256.409545898}, "hfc": {"dmean": 5.31004238129, "dmean2": 8.78599071503, "dvar": 251.449645996, "dvar2": 633.244506836, "max": 454.233276367, "mean": 13.1562356949, "median": 6.25738525391, "min": 1.15462171239e-16, "var": 423.92578125}, "melbands_crest": {"dmean": 3.39353775978, "dmean2": 5.74080848694, "dvar": 9.08300018311, "dvar2": 25.2888755798, "max": 39.5106430054, "mean": 12.941824913, "median": 11.957025528, "min": 1.90314185619, "var": 25.7468452454}, "melbands_flatness_db": {"dmean": 0.0262482985854, "dmean2": 0.0427021570504, "dvar": 0.000700274307746, "dvar2": 0.00169874541461, "max": 0.665397703648, "mean": 0.296320408583, "median": 0.282115221024, "min": 0.00385804940015, "var": 0.00991865061224}, "melbands_kurtosis": {"dmean": 4.85882329941, "dmean2": 7.97810792923, "dvar": 95.0129776001, "dvar2": 245.77532959, "max": 341.228607178, "mean": 8.32939052582, "median": 4.3957529068, "min": -1.79935276508, "var": 179.019226074}, "melbands_skewness": {"dmean": 0.601602733135, "dmean2": 0.976057231426, "dvar": 0.397534638643, "dvar2": 1.00397586823, "max": 15.7493591309, "mean": 1.64756917953, "median": 1.50826883316, "min": -2.75145721436, "var": 1.78452301025}, "melbands_spread": {"dmean": 4.01734256744, "dmean2": 6.58082675934, "dvar": 26.601234436, "dvar2": 68.0722122192, "max": 166.986251831, "mean": 14.1615362167, "median": 11.3722553253, "min": 0.59682816267, "var": 119.765701294}, "pitch_salience": {"dmean": 0.0732845813036, "dmean2": 0.123482681811, "dvar": 0.0038877944462, "dvar2": 0.0107177281752, "max": 0.944584608078, "mean": 0.61329627037, "median": 0.624747872353, "min": 0.0257033444941, "var": 0.011973073706}, "silence_rate_20dB": {"dmean": 0.000147901650053, "dmean2": 0.000295814243145, "dvar": 0.000147868777276, "dvar2": 0.000295682722935, "max": 1, "mean": 0.999741196632, "median": 1, "min": 0, "var": 0.000258717656834}, "silence_rate_30dB": {"dmean": 0.0111665744334, "dmean2": 0.0223339740187, "dvar": 0.0110397869721, "dvar2": 0.0261930618435, "max": 1, "mean": 0.986541450024, "median": 1, "min": 0, "var": 0.0132782524452}, "silence_rate_60dB": {"dmean": 0.035052690655, "dmean2": 0.070107974112, "dvar": 0.0338204912841, "dvar2": 0.0836632847786, "max": 1, "mean": 0.200547218323, "median": 0, "min": 0, "var": 0.160337492824}, "spectral_centroid": {"dmean": 125.538414001, "dmean2": 203.538208008, "dvar": 34372.7929688, "dvar2": 78837.4765625, "max": 11124.4345703, "mean": 799.856201172, "median": 689.494995117, "min": 196.282775879, "var": 238390.515625}, "spectral_complexity": {"dmean": 1.94498062134, "dmean2": 3.28597831726, "dvar": 3.81852340698, "dvar2": 9.65390872955, "max": 60, "mean": 13.0286550522, "median": 12, "min": 0, "var": 71.2127380371}, "spectral_decrease": {"dmean": 1.93108862234e-09, "dmean2": 3.11193537605e-09, "dvar": 3.08969925151e-17, "dvar2": 6.73289615288e-17, "max": 1.94208151512e-28, "mean": -5.57809398671e-09, "median": -3.26481019997e-09, "min": -6.03384819442e-07, "var": 7.18906442313e-17}, "spectral_energy": {"dmean": 0.00768118491396, "dmean2": 0.0123842200264, "dvar": 0.000469646649435, "dvar2": 0.00102978060022, "max": 2.28043937683, "mean": 0.0222464222461, "median": 0.013106778264, "min": 1.0627753835e-20, "var": 0.00109977624379}, "spectral_energyband_high": {"dmean": 0.000200931826839, "dmean2": 0.000347102759406, "dvar": 5.9091962612e-07, "dvar2": 1.61171669788e-06, "max": 0.0184991005808, "mean": 0.000320227700286, "median": 1.17575546028e-05, "min": 7.36730270496e-21, "var": 9.55877112574e-07}, "spectral_energyband_low": {"dmean": 0.00218917615712, "dmean2": 0.00349732208997, "dvar": 3.74981500499e-05, "dvar2": 7.61132978369e-05, "max": 0.711025178432, "mean": 0.00409407215193, "median": 0.00124434730969, "min": 2.70705729117e-23, "var": 8.9294378995e-05}, "spectral_energyband_middle_high": {"dmean": 0.00184561405331, "dmean2": 0.0030707588885, "dvar": 6.68191860314e-05, "dvar2": 0.000161600415595, "max": 0.278037697077, "mean": 0.00390904629603, "median": 0.00130968738813, "min": 1.3348357534e-21, "var": 9.05146080186e-05}, "spectral_energyband_middle_low": {"dmean": 0.00521311722696, "dmean2": 0.00846811756492, "dvar": 0.000107789106551, "dvar2": 0.000256523198914, "max": 0.321407526731, "mean": 0.013282337226, "median": 0.00701259355992, "min": 1.66417743156e-22, "var": 0.000310597853968}, "spectral_entropy": {"dmean": 0.188305914402, "dmean2": 0.309058189392, "dvar": 0.0493878163397, "dvar2": 0.121182270348, "max": 9.8102350235, "mean": 6.7608294487, "median": 6.81341552734, "min": 4.41926431656, "var": 0.466085195541}, "spectral_flux": {"dmean": 0.0169887635857, "dmean2": 0.028517421335, "dvar": 0.000702212681063, "dvar2": 0.00179587723687, "max": 0.87670224905, "mean": 0.0689783915877, "median": 0.0617463514209, "min": 6.67683200395e-11, "var": 0.00234639388509}, "spectral_kurtosis": {"dmean": 10.2669439316, "dmean2": 17.693655014, "dvar": 386.30670166, "dvar2": 1127.33837891, "max": 474.000549316, "mean": 29.6624507904, "median": 12.071844101, "min": -1.36576962471, "var": 2924.9621582}, "spectral_rms": {"dmean": 0.00067736627534, "dmean2": 0.00108499522321, "dvar": 9.01000134945e-07, "dvar2": 1.99298506232e-06, "max": 0.0471679866314, "mean": 0.00395247619599, "median": 0.00357590569183, "min": 3.22002168852e-12, "var": 6.08169875704e-06}, "spectral_rolloff": {"dmean": 298.198242188, "dmean2": 532.330200195, "dvar": 969611.625, "dvar2": 2561236, "max": 19702.8808594, "mean": 988.677490234, "median": 753.662109375, "min": 21.533203125, "var": 1427056.5}, "spectral_skewness": {"dmean": 0.646676898003, "dmean2": 1.10711729527, "dvar": 0.773848831654, "dvar2": 2.19790530205, "max": 17.7359409332, "mean": 3.32656049728, "median": 2.59610462189, "min": -0.024650696665, "var": 5.85769605637}, "spectral_spread": {"dmean": 661949.9375, "dmean2": 1054240.125, "dvar": 1767181778940.0, "dvar2": 3761246044160.0, "max": 48484020, "mean": 3142317.25, "median": 2306541, "min": 160733.46875, "var": 7073201913860.0}, "spectral_strongpeak": {"dmean": 0.444149821997, "dmean2": 0.747073054314, "dvar": 0.689723074436, "dvar2": 1.72302222252, "max": 23.7528972626, "mean": 0.760314226151, "median": 0.440454810858, "min": 0, "var": 1.18858337402}, "zerocrossingrate": {"dmean": 0.00651621213183, "dmean2": 0.00840369518846, "dvar": 0.000120724085718, "dvar2": 0.000186194156413, "max": 0.53173828125, "mean": 0.0416725985706, "median": 0.03466796875, "min": 0, "var": 0.000944614119362}, "barkbands": {"dmean": [0.00161913293414, 0.000717505754437, 0.000674179696944, 0.00132100866176, 0.00237806071527, 0.00119300524238, 0.00101053668186, 0.00140363618266, 0.000771346094552, 0.000772847270127, 0.000418861454818, 0.000436915928731, 0.00028280474362, 0.000518848595675, 0.000116486116895, 7.70875121816e-05, 5.43273199582e-05, 3.39015641657e-05, 4.98639710713e-05, 2.23357255891e-05, 3.16092628054e-05, 1.96984419745e-05, 1.58437851496e-05, 3.33345305989e-05, 7.2432019806e-05, 3.32436611643e-05, 1.41818209158e-05], "dmean2": [0.00275230128318, 0.00122512783855, 0.00102504750248, 0.00215018121526, 0.00399282388389, 0.00190592953004, 0.00171256845351, 0.00226844823919, 0.00129437888972, 0.00131255434826, 0.00071875192225, 0.000728028651793, 0.000479516806081, 0.000866356131155, 0.000192000123207, 0.000128969521029, 9.10842354642e-05, 5.68783470953e-05, 8.46836628625e-05, 3.67215616279e-05, 5.31827063242e-05, 3.20610051858e-05, 2.63350666501e-05, 5.98202022957e-05, 0.000128056635731, 6.10680508544e-05, 2.59865901171e-05], "dvar": [0.000267701747362, 3.69951180801e-06, 3.2216546515e-06, 1.15035654744e-05, 3.82533144148e-05, 6.66098503643e-06, 5.21934089193e-06, 1.40835927596e-05, 5.1363899729e-06, 9.47213266045e-06, 1.47947059759e-06, 4.41596830569e-06, 2.38405436903e-06, 2.58694999502e-05, 4.99063844472e-07, 1.35705747084e-07, 5.16935720896e-08, 3.40347057204e-08, 1.7652786255e-07, 1.11396332159e-08, 2.00935534878e-08, 1.0646072468e-08, 7.69520536181e-09, 2.31036647591e-08, 9.71442588593e-08, 2.64659281157e-08, 5.86177240081e-09], "dvar2": [0.000573330908082, 1.06135521492e-05, 6.83506641508e-06, 2.82871296804e-05, 9.52133341343e-05, 1.55244651978e-05, 1.48598783198e-05, 3.50464542862e-05, 1.37166007335e-05, 2.33953524003e-05, 4.1615498958e-06, 1.11207109512e-05, 5.7191518863e-06, 6.70178924338e-05, 1.13447640615e-06, 3.23455680018e-07, 1.27399758298e-07, 8.49422150395e-08, 4.5069305088e-07, 2.62660648787e-08, 5.34597077717e-08, 2.8469491653e-08, 2.01612984085e-08, 6.48452456176e-08, 2.69844036893e-07, 7.65795462598e-08, 1.69270162331e-08], "max": [2.23435640335, 0.0683378502727, 0.0407897680998, 0.121124386787, 0.133447408676, 0.0837346166372, 0.0910544544458, 0.185839653015, 0.066714733839, 0.149633228779, 0.0267738513649, 0.16081379354, 0.093861952424, 0.214614108205, 0.0431418307126, 0.022733964026, 0.00910268444568, 0.0213097780943, 0.0225562676787, 0.00993425492197, 0.0108070001006, 0.00464060064405, 0.0036041054409, 0.00282465666533, 0.00554500287399, 0.00283449213021, 0.00152498506941], "mean": [0.0027077421546, 0.00113880692516, 0.00101515499409, 0.00179452926386, 0.00353408837691, 0.00218081194907, 0.00171391130425, 0.00242971582338, 0.00140022172127, 0.00105522794183, 0.000602564541623, 0.000709223968443, 0.000448986073025, 0.000611710478552, 0.00018775126955, 0.000134902016725, 0.000102642377897, 6.51281588944e-05, 7.44749777368e-05, 4.64754084533e-05, 6.50512010907e-05, 3.93146692659e-05, 2.9575670851e-05, 4.07563056797e-05, 7.03071928001e-05, 3.2043804822e-05, 1.52289912876e-05], "median": [0.000149450206663, 0.000182063304237, 0.000132886867505, 0.000388721644413, 0.000851203221828, 0.00073677796172, 0.000590611249208, 0.000599735532887, 0.000298932602163, 0.000304850342218, 0.000151912827278, 0.000178719667019, 8.27224939712e-05, 8.79855651874e-05, 3.08515627694e-05, 2.80159401882e-05, 1.16433566291e-05, 7.39538882044e-06, 5.90491436014e-06, 3.43948636328e-06, 2.06075333153e-06, 7.35178730338e-07, 5.15378133059e-07, 4.1803593831e-07, 1.54124165874e-07, 9.81504797437e-08, 1.85387776241e-08], "min": [1.46818462806e-24, 8.12357916144e-24, 4.52823751195e-24, 1.26458860171e-24, 1.08313300191e-23, 2.20399264553e-23, 8.57416862189e-24, 2.43195356784e-23, 2.32800631299e-23, 2.43769505528e-23, 2.35152052108e-23, 3.53838194783e-23, 4.77318276733e-23, 7.44700724182e-23, 6.2621369e-23, 1.08928513878e-22, 1.40370035693e-22, 9.68501509627e-23, 2.0756258227e-22, 2.15942910413e-22, 3.81976976868e-22, 3.57564268828e-22, 3.67390825134e-22, 5.78141339473e-22, 1.12321211519e-21, 1.54349761649e-21, 2.53543923808e-21], "var": [0.000446315127192, 9.10196740733e-06, 6.29023315923e-06, 1.69529339473e-05, 5.89487171965e-05, 1.86983834283e-05, 1.14001813927e-05, 3.34789583576e-05, 1.61336683959e-05, 1.03031206891e-05, 2.24669179261e-06, 5.70952943235e-06, 3.88659918826e-06, 2.168291212e-05, 7.87893895904e-07, 1.94052475422e-07, 9.03503618588e-08, 7.10169913987e-08, 1.61136057386e-07, 3.53952920307e-08, 5.51364074397e-08, 2.68967745853e-08, 2.02803427385e-08, 2.77880261024e-08, 7.80743150131e-08, 1.89938962336e-08, 4.82603468299e-09]}, "erbbands": {"dmean": [0.0375347100198, 0.126976698637, 0.52083170414, 3.07497167587, 3.13110256195, 10.8965511322, 10.9564418793, 12.4226160049, 11.5502748489, 23.4714164734, 25.6736240387, 17.5871505737, 22.134513855, 21.2272663116, 14.9063968658, 15.7593107224, 12.8538179398, 15.3010940552, 20.7011623383, 4.30702352524, 4.24107265472, 2.83530163765, 1.85254752636, 2.42300677299, 1.57540035248, 1.10244643688, 1.39940619469, 0.956931352615, 0.812567591667, 0.507250845432, 0.486355125904, 0.875512361526, 0.381366878748, 0.911385774612, 0.427386373281, 0.0944638699293, 0.0794540271163, 0.024433767423, 0.00154273293447, 7.9106335761e-05], "dmean2": [0.0665105208755, 0.208117619157, 0.796926319599, 4.91089773178, 5.31587648392, 17.8954219818, 18.7492008209, 19.631231308, 19.3293190002, 38.999458313, 41.9634017944, 29.3643245697, 37.421836853, 36.4878768921, 25.3121814728, 26.2408237457, 21.6680240631, 25.4970989227, 34.1197547913, 7.15715694427, 7.03009462357, 4.73357725143, 3.1014149189, 4.06885385513, 2.66853404045, 1.77807855606, 2.35635876656, 1.6213414669, 1.31843948364, 0.832719087601, 0.821152806282, 1.60552728176, 0.642389118671, 1.60016739368, 0.77562135458, 0.170957893133, 0.145667359233, 0.0457640178502, 0.00275716395117, 0.00013717917318], "dvar": [0.011041386053, 0.123982004821, 1.6473236084, 70.4262542725, 45.4063835144, 947.540771484, 617.827087402, 873.840576172, 552.615356445, 3683.73901367, 5654.86669922, 2737.97070312, 6407.08984375, 3247.59179688, 2522.63378906, 4029.20483398, 4039.51538086, 11142.3164062, 43850.3671875, 310.694244385, 547.094604492, 152.205535889, 66.1962203979, 357.990509033, 100.434303284, 25.6931667328, 41.0250473022, 21.3532562256, 18.7037982941, 10.9084186554, 5.25590372086, 18.1294307709, 2.89192700386, 14.3658809662, 3.84234714508, 0.183952122927, 0.147172346711, 0.0188282299787, 5.77521750529e-05, 1.23388261386e-07], "dvar2": [0.0314636863768, 0.322457045317, 3.54978370667, 156.878204346, 124.14705658, 2262.94580078, 1652.82507324, 2020.36181641, 1532.30651855, 10262.2998047, 14790.3857422, 7063.14697266, 15788.4384766, 8620.78515625, 6584.11474609, 10290.7734375, 9653.24511719, 28453.765625, 111932.429688, 795.320495605, 1268.6652832, 370.941253662, 165.240478516, 902.877380371, 261.379425049, 58.078704834, 112.874336243, 56.2680625916, 49.8857879639, 29.0730609894, 13.8179426193, 52.3760643005, 7.37217664719, 39.6210708618, 10.923582077, 0.528105795383, 0.423884242773, 0.0548352971673, 0.000163510834682, 3.38099027886e-07], "max": [8.34506893158, 10.9898691177, 25.9511127472, 255.213394165, 289.990112305, 690.357971191, 665.035827637, 948.014892578, 600.319335938, 2272.16040039, 4144.26660156, 1484.47424316, 4039.28833008, 1585.04699707, 3139.7409668, 3851.15625, 3793.68261719, 4240.94042969, 8220.16796875, 1169.56811523, 1528.00427246, 511.858734131, 977.393981934, 864.806213379, 540.31463623, 379.611450195, 327.853607178, 336.735046387, 163.608139038, 179.415161133, 69.8044967651, 65.3841705322, 62.1471481323, 72.6161117554, 31.587518692, 7.79910755157, 6.76973390579, 2.54630923271, 0.151551425457, 0.00815091654658], "mean": [0.0509457699955, 0.211719438434, 0.87327092886, 4.43477582932, 4.76843547821, 15.1684417725, 16.2197685242, 21.469171524, 21.318693161, 42.1320419312, 45.5601234436, 30.7465057373, 34.6699943542, 31.7931976318, 24.3565540314, 27.1221065521, 21.7101840973, 22.2024841309, 24.9370326996, 8.00637531281, 7.8181219101, 5.66513729095, 3.83209896088, 3.85587286949, 2.71607899666, 2.35172104836, 3.00609874725, 1.96886491776, 1.64648711681, 0.988204538822, 0.85879856348, 0.940608561039, 0.594115674496, 0.886554896832, 0.387783885002, 0.109447292984, 0.0703726708889, 0.020857334137, 0.00196756934747, 0.000142916192999], "median": [0.00860594306141, 0.0366461351514, 0.165378212929, 0.996482729912, 1.78087353706, 2.53722667694, 6.14327144623, 6.26005268097, 8.26092243195, 12.6399478912, 12.3098220825, 7.6021733284, 9.15682411194, 10.7098617554, 7.39480018616, 7.06431674957, 4.8477640152, 4.03512954712, 3.31316375732, 1.63340592384, 1.47535383701, 0.728980720043, 0.501872599125, 0.333463907242, 0.267451226711, 0.164787560701, 0.112387746572, 0.0569993183017, 0.0299946330488, 0.0170878134668, 0.0166822001338, 0.0107042305171, 0.00556958280504, 0.00216195173562, 0.00101945118513, 0.000446520803962, 0.000190470498637, 3.74573064619e-05, 1.50035575643e-05, 1.8029295461e-05], "min": [3.50987592259e-22, 1.28558518547e-21, 5.54754413143e-21, 8.99065677399e-21, 2.86414712141e-20, 2.47682060738e-20, 1.3922164445e-19, 1.72903469641e-19, 1.03566508822e-19, 1.65235647534e-19, 5.58680991043e-19, 4.54651138293e-19, 9.88814185788e-19, 1.56611863133e-18, 1.13013251337e-18, 1.91359983588e-18, 2.24048651791e-18, 3.77302265035e-18, 3.67219181522e-18, 4.39035912203e-18, 4.89889197824e-18, 8.63723384064e-18, 6.41151332385e-18, 7.077169551e-18, 1.05674076877e-17, 1.07766364062e-17, 1.07221615997e-17, 1.44261341077e-17, 1.17531628239e-17, 1.43500417631e-17, 1.06735763193e-17, 1.1040266312e-17, 1.23672939707e-17, 1.13411011474e-17, 7.69411145753e-18, 5.63162717641e-18, 2.9218637262e-18, 1.15819347828e-18, 2.9959442641e-19, 3.31669052596e-20], "var": [0.0222051590681, 0.322392255068, 3.6876783371, 117.50440979, 72.219543457, 1407.57617188, 919.08770752, 2212.93164062, 1251.51843262, 7749.05371094, 12079.1816406, 7104.48339844, 8053.41015625, 4535.46777344, 3783.82714844, 5809.64501953, 6916.4375, 11834.78125, 38489.9882812, 499.830108643, 755.797546387, 274.013793945, 174.591171265, 355.124206543, 119.118354797, 89.6164016724, 122.458274841, 54.7962989807, 50.0752067566, 19.6336803436, 15.6611652374, 16.6622314453, 7.25037384033, 11.8785572052, 2.83776688576, 0.183115258813, 0.100473508239, 0.0121201714501, 6.92139219609e-05, 2.60012200215e-07]}, "gfcc": {"mean": [-112.151023865, 148.049911499, -123.836929321, -16.1632499695, -56.1817626953, -3.37783813477, -31.6365203857, -2.99426436424, -17.0575695038, -1.91330182552, -8.20217609406, -6.34006690979, -4.45530080795], "cov": [[16404.9257812, -2413.98974609, 748.711730957, 1507.18920898, -330.283416748, 717.382629395, -380.606018066, 288.282318115, -291.952911377, 382.054504395, -245.257492065, 352.836425781, 2.90884780884], [-2413.98974609, 3362.60424805, -403.027374268, -798.832885742, 385.215667725, -508.379486084, 170.717529297, -515.932678223, 200.93510437, -290.184539795, 245.149902344, -226.50201416, 86.2103729248], [748.711730957, -403.027374268, 2977.80859375, -171.294937134, 85.3940124512, 665.939453125, -613.760375977, 234.214553833, -419.847076416, -60.3506965637, -205.806762695, -30.2575378418, -118.650047302], [1507.18920898, -798.832885742, -171.294937134, 1084.78674316, -18.8001880646, 90.0291213989, 132.727111816, 55.3682975769, 49.046585083, 131.225738525, -130.458221436, 105.60005188, -39.3197402954], [-330.283416748, 385.215667725, 85.3940124512, -18.8001880646, 253.071060181, 27.5134735107, 85.192237854, -40.8200073242, 27.1385784149, -1.7326939106, 4.67155647278, -19.4467086792, -19.3296661377], [717.382629395, -508.379486084, 665.939453125, 90.0291213989, 27.5134735107, 489.656494141, -73.2945327759, 183.241867065, -87.678894043, 66.3511886597, -60.9346313477, 33.0483283997, -38.8692131042], [-380.606018066, 170.717529297, -613.760375977, 132.727111816, 85.192237854, -73.2945327759, 468.484710693, -13.4650659561, 153.231674194, 49.4952125549, 18.7193984985, 22.8820972443, -47.4865722656], [288.282318115, -515.932678223, 234.214553833, 55.3682975769, -40.8200073242, 183.241867065, -13.4650659561, 285.723327637, -1.84884226322, 87.6943817139, -22.3168544769, 52.9445495605, 2.46817159653], [-291.952911377, 200.93510437, -419.847076416, 49.046585083, 27.1385784149, -87.678894043, 153.231674194, -1.84884226322, 204.57913208, 59.1246070862, 26.7181072235, 11.6909122467, 22.452331543], [382.054504395, -290.184539795, -60.3506965637, 131.225738525, -1.7326939106, 66.3511886597, 49.4952125549, 87.6943817139, 59.1246070862, 181.845657349, 28.7372627258, 50.9602241516, 1.89720213413], [-245.257492065, 245.149902344, -205.806762695, -130.458221436, 4.67155647278, -60.9346313477, 18.7193984985, -22.3168544769, 26.7181072235, 28.7372627258, 177.623565674, 19.4101219177, 54.3712005615], [352.836425781, -226.50201416, -30.2575378418, 105.60005188, -19.4467086792, 33.0483283997, 22.8820972443, 52.9445495605, 11.6909122467, 50.9602241516, 19.4101219177, 116.989311218, 23.0506324768], [2.90884780884, 86.2103729248, -118.650047302, -39.3197402954, -19.3296661377, -38.8692131042, -47.4865722656, 2.46817159653, 22.452331543, 1.89720213413, 54.3712005615, 23.0506324768, 129.61831665]], "icov": [[8.30735443742e-05, -1.85039807548e-05, 2.39723758568e-05, -9.01275343494e-05, 8.46508846735e-05, -0.000101705998532, 7.24475394236e-05, 4.34988287452e-05, 0.000141981348861, -0.000152127453475, 8.81576488609e-05, -0.000148469494889, -2.00591603061e-05], [-1.85039807548e-05, 0.0010016678134, -0.000303571956465, 0.000344658386894, -0.00100077607203, 0.000439891970018, -0.000331324030412, 0.000981785240583, -0.00130755989812, 0.00109592161607, -0.00109979417175, 0.000865445879754, -0.000478664675029], [2.39723758568e-05, -0.000303571956465, 0.000999924377538, 2.56431940215e-05, -0.000315949961077, -0.00087369279936, 0.00104417034891, -0.000588867696933, 0.00118168757763, -0.000309983093757, 0.000850759854075, -0.000435986119555, 0.000729608291294], [-9.01275343494e-05, 0.000344658386894, 2.56431940215e-05, 0.00154852762353, -0.000356414471753, 4.31398621004e-05, -0.000359620782547, 0.000619343656581, -0.000393616763176, -0.000430507207057, 0.000943898106925, -0.000638392695691, -0.000125678212498], [8.46508846735e-05, -0.00100077607203, -0.000315949961077, -0.000356414471753, 0.00613766023889, -0.000952883448917, -0.00114595680498, 0.00035312451655, 0.000452647102065, -0.00126025662757, 0.000654743693303, -0.000238977343543, 0.000177280220669], [-0.000101705998532, 0.000439891970018, -0.00087369279936, 4.31398621004e-05, -0.000952883448917, 0.00426424574107, -0.000634944823105, -0.00131410325412, 0.000148264429299, -0.000280126114376, -0.00032958900556, 0.000432608358096, -0.00010818678129], [7.24475394236e-05, -0.000331324030412, 0.00104417034891, -0.000359620782547, -0.00114595680498, -0.000634944823105, 0.00457802368328, -0.000754031585529, -0.00113097112626, -8.08818658697e-05, 0.000225523050176, -0.00125600548927, 0.00272156461142], [4.34988287452e-05, 0.000981785240583, -0.000588867696933, 0.000619343656581, 0.00035312451655, -0.00131410325412, -0.000754031585529, 0.00685284053907, -0.00175698031671, -0.00101278861985, -0.000164616532857, -0.000572676770389, -0.00126321159769], [0.000141981348861, -0.00130755989812, 0.00118168757763, -0.000393616763176, 0.000452647102065, 0.000148264429299, -0.00113097112626, -0.00175698031671, 0.0108185801655, -0.00433223694563, 0.00252734986134, -0.000626124150585, -0.00119952240493], [-0.000152127453475, 0.00109592161607, -0.000309983093757, -0.000430507207057, -0.00126025662757, -0.000280126114376, -8.08818658697e-05, -0.00101278861985, -0.00433223694563, 0.010507600382, -0.00384459644556, -0.000444096862338, 0.000866173009854], [8.81576488609e-05, -0.00109979417175, 0.000850759854075, 0.000943898106925, 0.000654743693303, -0.00032958900556, 0.000225523050176, -0.000164616532857, 0.00252734986134, -0.00384459644556, 0.00998074188828, -0.00258955149911, -0.00222847028635], [-0.000148469494889, 0.000865445879754, -0.000435986119555, -0.000638392695691, -0.000238977343543, 0.000432608358096, -0.00125600548927, -0.000572676770389, -0.000626124150585, -0.000444096862338, -0.00258955149911, 0.0126699898392, -0.00257214903831], [-2.00591603061e-05, -0.000478664675029, 0.000729608291294, -0.000125678212498, 0.000177280220669, -0.00010818678129, 0.00272156461142, -0.00126321159769, -0.00119952240493, 0.000866173009854, -0.00222847028635, -0.00257214903831, 0.0112659297884]]}, "melbands": {"dmean": [0.000306879490381, 0.000228064440307, 0.000498545996379, 0.000421593751526, 0.000454880326288, 0.000256816041656, 0.000183175114216, 0.000283621688141, 0.000190089689568, 0.000105758714199, 0.000116387134767, 9.33780102059e-05, 5.3153547924e-05, 5.50303884665e-05, 3.20896942867e-05, 2.78796887869e-05, 3.16873120028e-05, 4.48554637842e-05, 7.03322257323e-06, 5.22059508512e-06, 5.16404224982e-06, 3.54434087058e-06, 1.98318912226e-06, 1.65819119502e-06, 2.16352646021e-06, 1.954952495e-06, 6.41523911327e-07, 8.09956986814e-07, 1.04426419512e-06, 7.92966318386e-07, 5.12532608354e-07, 5.43724183899e-07, 3.26190502165e-07, 3.27553721036e-07, 2.78082183058e-07, 5.20263711223e-07, 4.59876957848e-07, 2.19977465576e-07, 4.01886154577e-07, 1.00765373645e-06], "dmean2": [0.000529946468305, 0.000349628331605, 0.000802592199761, 0.000697986281011, 0.000774092273787, 0.000405129423598, 0.00030699983472, 0.000464423530502, 0.000312498712447, 0.000177605776116, 0.00019669442554, 0.000160059251357, 9.06232962734e-05, 9.23133047763e-05, 5.4138534324e-05, 4.69635815534e-05, 5.30799989065e-05, 7.41379408282e-05, 1.17467734526e-05, 8.84474411578e-06, 8.60820000526e-06, 5.97016696702e-06, 3.35483127856e-06, 2.81043048744e-06, 3.64012430509e-06, 3.33070761371e-06, 1.06669972411e-06, 1.32456477786e-06, 1.76548189756e-06, 1.35515892907e-06, 8.68268955401e-07, 9.00030613593e-07, 5.37356754648e-07, 5.42348175259e-07, 4.53921160215e-07, 9.68850031313e-07, 8.33652677557e-07, 3.70357724933e-07, 6.64703918574e-07, 1.78473999313e-06], "dvar": [1.07396328985e-06, 3.00096445471e-07, 1.60669094385e-06, 1.17557681278e-06, 1.25572557863e-06, 3.50897266799e-07, 1.4144845295e-07, 4.91494063226e-07, 3.07753310835e-07, 9.4295216968e-08, 1.87612414493e-07, 7.30463227683e-08, 2.48721256924e-08, 8.44891658858e-08, 1.57723203387e-08, 2.75138525296e-08, 5.88069219987e-08, 2.28477532005e-07, 1.10717002233e-09, 3.60869750748e-10, 7.5171979752e-10, 2.83768869513e-10, 5.91897225677e-11, 1.02137187596e-10, 3.07943809341e-10, 2.62944277463e-10, 1.03625632381e-11, 1.49907274094e-11, 2.4667469456e-11, 2.26772142731e-11, 6.18877605413e-12, 9.7681446265e-12, 3.62506986235e-12, 6.31810662816e-12, 3.09905877002e-12, 6.76575549058e-12, 4.60035351826e-12, 1.66298301085e-12, 2.42171864159e-12, 1.82926018083e-11], "dvar2": [2.44439956987e-06, 6.48245872981e-07, 3.71276564692e-06, 2.78743323179e-06, 3.28827104568e-06, 8.09512187061e-07, 3.96823111259e-07, 1.30704427193e-06, 8.23390053029e-07, 2.45486205586e-07, 4.61413236508e-07, 1.90304234593e-07, 6.84069121348e-08, 2.15538918269e-07, 4.24112407416e-08, 6.2691633218e-08, 1.52534141762e-07, 5.87143233588e-07, 2.69443645173e-09, 9.45782008266e-10, 1.74712777579e-09, 6.96531443634e-10, 1.42051273522e-10, 2.68855521179e-10, 7.78426212378e-10, 6.76082523299e-10, 2.54293790886e-11, 3.50151296846e-11, 6.7563704631e-11, 5.89081700086e-11, 1.67927685646e-11, 2.67055006581e-11, 9.67750792696e-12, 1.64338178482e-11, 8.08243576234e-12, 1.96538080949e-11, 1.30462411707e-11, 4.15409547039e-12, 6.25759990699e-12, 5.09507644408e-11], "max": [0.140389025211, 0.0108346063644, 0.0418687090278, 0.024012375623, 0.0258920043707, 0.0192938614637, 0.0108857546002, 0.0254688169807, 0.0317432060838, 0.00922399200499, 0.0218946803361, 0.00902567245066, 0.00502143707126, 0.0226495731622, 0.00677493959665, 0.011884634383, 0.0100665595382, 0.0194255355746, 0.00241427030414, 0.00145212549251, 0.00172257819213, 0.00075158366235, 0.000718730094377, 0.00106269679964, 0.000808322103694, 0.000942428421695, 0.000341111473972, 0.000263759342488, 0.00015854157391, 0.000494278909173, 9.32677212404e-05, 0.000102589612652, 8.53957390063e-05, 0.000104651182482, 6.34571333649e-05, 4.18818417529e-05, 3.90603090636e-05, 4.56969355582e-05, 4.47718412033e-05, 7.21292744856e-05], "mean": [0.000484091899125, 0.000401747500291, 0.000751436047722, 0.000640178681351, 0.000660936988425, 0.000455258385045, 0.000340902450262, 0.000513294828124, 0.000336300901836, 0.000188782680198, 0.000175883833435, 0.000134498171974, 8.16727042547e-05, 8.45155809657e-05, 5.23642411281e-05, 4.57763489976e-05, 4.19418938691e-05, 5.01585673192e-05, 1.19309361253e-05, 9.11152801564e-06, 8.99561746337e-06, 6.28386123935e-06, 3.90004106521e-06, 3.02810190078e-06, 3.14776116284e-06, 2.88503929369e-06, 1.21207926895e-06, 1.57884414875e-06, 2.01576108338e-06, 1.5373327642e-06, 9.65702156464e-07, 1.00328225017e-06, 6.33485967683e-07, 5.62383434044e-07, 5.45469958979e-07, 5.18521460435e-07, 5.20446803876e-07, 3.71164333046e-07, 5.07101788116e-07, 8.93982303296e-07], "median": [8.99271253729e-05, 7.54977954784e-05, 0.000202726601856, 0.000157228452736, 0.000218309578486, 0.000140545569593, 0.000127239502035, 0.000144221034134, 9.03753316379e-05, 4.11797154811e-05, 4.48052342108e-05, 4.1630853957e-05, 2.27990094572e-05, 1.98348934646e-05, 1.42264834722e-05, 7.91482489149e-06, 6.96947608958e-06, 5.45910552319e-06, 1.99023861569e-06, 1.92506786334e-06, 1.42551789395e-06, 6.87830834067e-07, 4.6859787517e-07, 3.66557401321e-07, 2.29145683761e-07, 2.26283560778e-07, 1.28939234401e-07, 9.1935262958e-08, 7.21904953593e-08, 4.29101945087e-08, 2.44418458806e-08, 1.61544715382e-08, 9.88323911599e-09, 7.10179470786e-09, 6.88756562894e-09, 7.31110549879e-09, 5.45549116993e-09, 3.68100572246e-09, 2.51240894755e-09, 1.4753702704e-09], "min": [4.33736985492e-24, 3.53399272575e-24, 1.5752538591e-24, 2.09837158561e-24, 4.77264831406e-24, 4.04225975129e-24, 1.55866638224e-24, 2.08813729866e-24, 3.49042512125e-24, 2.94936652838e-24, 4.55756696598e-24, 5.80340552726e-24, 3.16625614288e-24, 2.66839813699e-24, 6.03142932179e-24, 5.99001175768e-24, 6.69785507022e-24, 5.72090290392e-24, 4.83647662763e-24, 6.72188061794e-24, 5.01855558531e-24, 8.25269912554e-24, 6.24864729964e-24, 5.21199335117e-24, 5.32880471857e-24, 9.24737384094e-24, 4.26045631109e-24, 7.81941648449e-24, 5.00362323724e-24, 6.92577197409e-24, 7.59031392268e-24, 6.37313428365e-24, 5.77003947198e-24, 8.54169279615e-24, 6.35040325666e-24, 5.91593416881e-24, 6.02703615541e-24, 8.25879228718e-24, 8.87572569127e-24, 9.13978346866e-24], "var": [2.46539866566e-06, 7.55881501391e-07, 2.74109470411e-06, 1.9843669179e-06, 1.75947684511e-06, 9.25830079268e-07, 3.39445648478e-07, 1.12356372028e-06, 6.43268549538e-07, 2.86042393327e-07, 2.26047120577e-07, 9.55349577225e-08, 3.90556031959e-08, 9.71156950413e-08, 2.13440749519e-08, 4.8504698924e-08, 5.46089715669e-08, 1.9381120353e-07, 1.79923731469e-09, 5.96064253511e-10, 1.04133468515e-09, 4.06846278889e-10, 1.76363063042e-10, 1.70165367908e-10, 2.88847418206e-10, 2.47093956407e-10, 2.51789023659e-11, 4.65440706809e-11, 5.83961073941e-11, 5.12807435404e-11, 1.41806505774e-11, 2.25289092937e-11, 8.45550279099e-12, 1.02595319393e-11, 9.32585432489e-12, 5.56820084832e-12, 5.301083357e-12, 4.82763698809e-12, 3.93851401145e-12, 1.37833728805e-11]}, "mfcc": {"mean": [-750.782592773, 184.306991577, -8.30875778198, -6.16284132004, -8.14001178741, -6.42809295654, -3.27030396461, -7.31516838074, -2.75879430771, -1.06927168369, -1.83375525475, 0.289768755436, -1.29665529728], "cov": [[10378.5214844, -572.830749512, -335.133666992, 809.719848633, 18.5610561371, 464.88168335, -6.5961523056, 99.2049713135, 132.695709229, 18.9802913666, -4.68658065796, 0.944776713848, 89.7335739136], [-572.830749512, 2668.48950195, 73.2825088501, -395.759460449, 46.5614814758, -11.7736997604, -109.232307434, -90.034362793, -207.416885376, -115.480010986, -22.1917686462, -107.218315125, -92.0183944702], [-335.133666992, 73.2825088501, 2130.07958984, -278.698150635, 652.472961426, 71.7037963867, 188.008239746, 10.1699876785, -20.0226478577, -31.2875919342, -113.63961792, -119.763252258, -95.0763473511], [809.719848633, -395.759460449, -278.698150635, 759.27520752, -87.3136138916, 199.078659058, -62.5996818542, 60.2980461121, 86.9041213989, 5.11203432083, 37.1164665222, 57.1298522949, 18.6713638306], [18.5610561371, 46.5614814758, 652.472961426, -87.3136138916, 461.671569824, 16.8348083496, 75.3778915405, -30.5707015991, -3.24080014229, -5.61589241028, -73.4457550049, -66.3507080078, -30.4457683563], [464.88168335, -11.7736997604, 71.7037963867, 199.078659058, 16.8348083496, 348.922241211, 57.9693145752, 86.7556915283, 61.0661201477, 23.3043708801, 68.6792984009, 51.7991714478, -14.5254840851], [-6.5961523056, -109.232307434, 188.008239746, -62.5996818542, 75.3778915405, 57.9693145752, 234.973587036, 71.9781646729, 36.7046699524, 36.1321907043, 27.2552757263, 55.8962516785, 6.1007361412], [99.2049713135, -90.034362793, 10.1699876785, 60.2980461121, -30.5707015991, 86.7556915283, 71.9781646729, 177.732818604, 81.0692214966, 17.2378520966, 45.113117218, 45.9239654541, -4.3851723671], [132.695709229, -207.416885376, -20.0226478577, 86.9041213989, -3.24080014229, 61.0661201477, 36.7046699524, 81.0692214966, 194.080993652, 71.9923629761, 34.5765991211, 69.6347122192, 11.5856046677], [18.9802913666, -115.480010986, -31.2875919342, 5.11203432083, -5.61589241028, 23.3043708801, 36.1321907043, 17.2378520966, 71.9923629761, 122.640281677, 48.3608856201, 44.1501579285, 12.3056249619], [-4.68658065796, -22.1917686462, -113.63961792, 37.1164665222, -73.4457550049, 68.6792984009, 27.2552757263, 45.113117218, 34.5765991211, 48.3608856201, 142.144958496, 74.9421691895, 3.0621316433], [0.944776713848, -107.218315125, -119.763252258, 57.1298522949, -66.3507080078, 51.7991714478, 55.8962516785, 45.9239654541, 69.6347122192, 44.1501579285, 74.9421691895, 177.453170776, 60.9959220886], [89.7335739136, -92.0183944702, -95.0763473511, 18.6713638306, -30.4457683563, -14.5254840851, 6.1007361412, -4.3851723671, 11.5856046677, 12.3056249619, 3.0621316433, 60.9959220886, 132.455932617]], "icov": [[0.000111030349217, 9.61965724855e-06, 2.664063868e-05, -8.03905641078e-05, -3.56729906343e-05, -0.000128074447275, -1.57611193572e-05, 4.70326455115e-07, -2.27999644267e-05, -2.92691538561e-06, 4.77626927022e-05, 0.000104023049062, -0.000106324834633], [9.61965724855e-06, 0.000472573126899, 4.59800066892e-05, 0.000296989775961, -9.70603141468e-05, -0.000256225961493, 0.000290021853289, -1.1897256627e-05, 0.000334679963998, 0.000238044740399, -7.77238383307e-05, -6.54256509733e-05, 0.000229300101637], [2.664063868e-05, 4.59800066892e-05, 0.000922327919398, 0.000237118365476, -0.00116325891577, -0.000275588274235, -0.000240235895035, -0.000207539356779, 6.2481907662e-05, 0.000188054837054, 0.000187670084415, 0.000103923404822, 0.000273972254945], [-8.03905641078e-05, 0.000296989775961, 0.000237118365476, 0.00208524637856, -9.8312542832e-05, -0.00117596879136, 0.000919034180697, -0.000177499881829, -0.000362562597729, 0.000496545457281, 0.000193870058865, -0.00036064221058, 8.44552268973e-05], [-3.56729906343e-05, -9.70603141468e-05, -0.00116325891577, -9.8312542832e-05, 0.00431938609108, -0.000189275437151, -0.000994617119431, 0.00116515846457, -0.000674987211823, -0.000320597959217, 0.00107875990216, 0.000797464163043, -0.000111267945613], [-0.000128074447275, -0.000256225961493, -0.000275588274235, -0.00117596879136, -0.000189275437151, 0.00455337204039, -0.000693232403137, -0.00102144340053, -0.00022116531909, 5.43243040738e-05, -0.0016143436078, -0.000303067936329, 0.000521837617271], [-1.57611193572e-05, 0.000290021853289, -0.000240235895035, 0.000919034180697, -0.000994617119431, -0.000693232403137, 0.00660457881168, -0.0025294679217, 0.00110614986625, -0.00133308640216, 0.000306738802465, -0.00219538202509, 0.000248565920629], [4.70326455115e-07, -1.1897256627e-05, -0.000207539356779, -0.000177499881829, 0.00116515846457, -0.00102144340053, -0.0025294679217, 0.00917450431734, -0.00372110307217, 0.00223460444249, -0.00158828706481, 0.000517483567819, 0.000359801750164], [-2.27999644267e-05, 0.000334679963998, 6.2481907662e-05, -0.000362562597729, -0.000674987211823, -0.00022116531909, 0.00110614986625, -0.00372110307217, 0.00950693897903, -0.00477446522564, 0.00166205177084, -0.00274061248638, 0.000826007453725], [-2.92691538561e-06, 0.000238044740399, 0.000188054837054, 0.000496545457281, -0.000320597959217, 5.43243040738e-05, -0.00133308640216, 0.00223460444249, -0.00477446522564, 0.0127380024642, -0.00394663726911, 0.000376172771212, -0.000547791307326], [4.77626927022e-05, -7.77238383307e-05, 0.000187670084415, 0.000193870058865, 0.00107875990216, -0.0016143436078, 0.000306738802465, -0.00158828706481, 0.00166205177084, -0.00394663726911, 0.0120133338496, -0.00419027917087, 0.00189842027612], [0.000104023049062, -6.54256509733e-05, 0.000103923404822, -0.00036064221058, 0.000797464163043, -0.000303067936329, -0.00219538202509, 0.000517483567819, -0.00274061248638, 0.000376172771212, -0.00419027917087, 0.0110227856785, -0.0044965269044], [-0.000106324834633, 0.000229300101637, 0.000273972254945, 8.44552268973e-05, -0.000111267945613, 0.000521837617271, 0.000248565920629, 0.000359801750164, 0.000826007453725, -0.000547791307326, 0.00189842027612, -0.0044965269044, 0.0100032780319]]}, "spectral_contrast_coeffs": {"dmean": [0.0539947934449, 0.0455861464143, 0.0373980812728, 0.0276968125254, 0.0196587499231, 0.0173227526248], "dmean2": [0.0916066467762, 0.0762160792947, 0.0631637871265, 0.0466307923198, 0.0326833091676, 0.0287872813642], "dvar": [0.00185989204329, 0.00129792978987, 0.000932483409997, 0.00055003532907, 0.000361935759429, 0.000338876707247], "dvar2": [0.00523641752079, 0.00364222191274, 0.00262673920952, 0.00147169188131, 0.000891031406354, 0.000879834813531], "max": [-0.2639079988, -0.411154985428, -0.454308509827, -0.484536409378, -0.436590373516, -0.448307812214], "mean": [-0.596681475639, -0.741631090641, -0.772838413715, -0.775866150856, -0.792519688606, -0.772212326527], "median": [-0.591194391251, -0.751312434673, -0.78485929966, -0.784353017807, -0.799852907658, -0.772764027119], "min": [-0.977996170521, -0.978437125683, -0.97915828228, -0.982929587364, -0.96529519558, -0.965737581253], "var": [0.0150730377063, 0.00576350511983, 0.00464843679219, 0.00387735129334, 0.00338006159291, 0.00651245005429]}, "spectral_contrast_valleys": {"dmean": [0.388492047787, 0.330040246248, 0.293225497007, 0.245269328356, 0.21864259243, 0.28747099638], "dmean2": [0.667082846165, 0.559813976288, 0.497617840767, 0.411337703466, 0.359836906195, 0.464911162853], "dvar": [0.103651411831, 0.0911603793502, 0.093079209