{"lowlevel": {"average_loudness": 0.952454447746, "barkbands_crest": {"dmean": 2.70434403419, "dmean2": 4.46467971802, "dvar": 7.12206697464, "dvar2": 18.8507709503, "max": 25.8546218872, "mean": 13.7579107285, "median": 13.0474328995, "min": 3.40259289742, "var": 23.0131664276}, "barkbands_flatness_db": {"dmean": 0.0324681960046, "dmean2": 0.047990437597, "dvar": 0.0010626927251, "dvar2": 0.00234198500402, "max": 0.559679389, "mean": 0.201023846865, "median": 0.195733457804, "min": 0.0330610126257, "var": 0.00500308861956}, "barkbands_kurtosis": {"dmean": 8.26857280731, "dmean2": 12.9990930557, "dvar": 158.685333252, "dvar2": 386.120147705, "max": 360.858642578, "mean": 17.6804084778, "median": 9.33656406403, "min": -1.92651379108, "var": 929.188415527}, "barkbands_skewness": {"dmean": 0.863865077496, "dmean2": 1.32088828087, "dvar": 0.895928859711, "dvar2": 2.1274960041, "max": 14.6567153931, "mean": 2.95047354698, "median": 2.73991703987, "min": -3.60122156143, "var": 4.31168031693}, "barkbands_spread": {"dmean": 5.78967189789, "dmean2": 9.00358200073, "dvar": 80.1142349243, "dvar2": 184.990844727, "max": 102.646835327, "mean": 14.3373355865, "median": 11.1288156509, "min": 0.277168601751, "var": 158.085357666}, "dissonance": {"dmean": 0.0271937754005, "dmean2": 0.0449950732291, "dvar": 0.000744779594243, "dvar2": 0.00194981414825, "max": 0.500000059605, "mean": 0.435213476419, "median": 0.444833487272, "min": 0.207355961204, "var": 0.00185669434723}, "dynamic_complexity": 4.04611873627, "erbbands_crest": {"dmean": 2.78408908844, "dmean2": 4.20606708527, "dvar": 8.88666248322, "dvar2": 17.6921215057, "max": 33.3665657043, "mean": 12.8067798615, "median": 11.3902769089, "min": 2.64304733276, "var": 40.3554344177}, "erbbands_flatness_db": {"dmean": 0.0271606557071, "dmean2": 0.0357228443027, "dvar": 0.000890938797966, "dvar2": 0.00164440530352, "max": 0.403036594391, "mean": 0.158834964037, "median": 0.149484440684, "min": 0.0343390889466, "var": 0.00407482683659}, "erbbands_kurtosis": {"dmean": 1.80936491489, "dmean2": 2.58678078651, "dvar": 8.42580318451, "dvar2": 15.961482048, "max": 53.5054168701, "mean": 2.68935632706, "median": 0.867945432663, "min": -1.8490550518, "var": 28.9414329529}, "erbbands_skewness": {"dmean": 0.446611076593, "dmean2": 0.643366932869, "dvar": 0.237809538841, "dvar2": 0.49546122551, "max": 6.63847303391, "mean": 0.866936922073, "median": 0.801663637161, "min": -3.69188117981, "var": 1.22827601433}, "erbbands_spread": {"dmean": 12.9279108047, "dmean2": 17.9553070068, "dvar": 268.996185303, "dvar2": 511.930938721, "max": 168.435501099, "mean": 43.3386154175, "median": 35.3851890564, "min": 1.43974554539, "var": 904.547790527}, "hfc": {"dmean": 9.08081054688, "dmean2": 13.2766513824, "dvar": 237.951705933, "dvar2": 554.162353516, "max": 153.727966309, "mean": 15.5182180405, "median": 8.54079437256, "min": 1.18713573382e-16, "var": 345.494506836}, "melbands_crest": {"dmean": 3.12471413612, "dmean2": 5.191614151, "dvar": 8.47881221771, "dvar2": 22.2387447357, "max": 34.4204177856, "mean": 17.7685203552, "median": 17.7446422577, "min": 1.66781282425, "var": 26.9154567719}, "melbands_flatness_db": {"dmean": 0.037081245333, "dmean2": 0.0550792217255, "dvar": 0.00144063681364, "dvar2": 0.00317891943268, "max": 0.684537768364, "mean": 0.299264669418, "median": 0.296115189791, "min": 0.0030130809173, "var": 0.0072971326299}, "melbands_kurtosis": {"dmean": 18.687587738, "dmean2": 29.5817012787, "dvar": 916.166687012, "dvar2": 2263.4921875, "max": 433.11416626, "mean": 38.645526886, "median": 22.4740848541, "min": -1.84227633476, "var": 2542.20751953}, "melbands_skewness": {"dmean": 1.14768564701, "dmean2": 1.73942875862, "dvar": 1.81377220154, "dvar2": 4.10583639145, "max": 17.5864830017, "mean": 4.06581163406, "median": 3.66223692894, "min": -3.13703012466, "var": 7.08178377151}, "melbands_spread": {"dmean": 4.24384450912, "dmean2": 6.83504199982, "dvar": 53.2817192078, "dvar2": 126.56136322, "max": 179.837921143, "mean": 12.0027313232, "median": 7.83750677109, "min": 0.417988985777, "var": 204.896652222}, "pitch_salience": {"dmean": 0.0713151171803, "dmean2": 0.116715736687, "dvar": 0.00502229295671, "dvar2": 0.0129311475903, "max": 0.841705739498, "mean": 0.430516034365, "median": 0.419713586569, "min": 0.123862162232, "var": 0.014450693503}, "silence_rate_20dB": {"dmean": 0, "dmean2": 0, "dvar": 0, "dvar2": 0, "max": 1, "mean": 1, "median": 1, "min": 1, "var": 0}, "silence_rate_30dB": {"dmean": 0.0911725386977, "dmean2": 0.182365402579, "dvar": 0.0828544646502, "dvar2": 0.172730490565, "max": 1, "mean": 0.913518309593, "median": 1, "min": 0, "var": 0.0790093839169}, "silence_rate_60dB": {"dmean": 0.0332144461572, "dmean2": 0.0664362981915, "dvar": 0.0321086682379, "dvar2": 0.0698254704475, "max": 1, "mean": 0.0873732343316, "median": 0, "min": 0, "var": 0.0797348767519}, "spectral_centroid": {"dmean": 171.038299561, "dmean2": 268.742828369, "dvar": 65629.46875, "dvar2": 150105.90625, "max": 10723.4560547, "mean": 755.436950684, "median": 642.316162109, "min": 119.356040955, "var": 226654.78125}, "spectral_complexity": {"dmean": 2.63352656364, "dmean2": 3.96789646149, "dvar": 20.3603591919, "dvar2": 42.8873291016, "max": 60, "mean": 9.82235622406, "median": 9, "min": 0, "var": 39.0325660706}, "spectral_decrease": {"dmean": 6.09037398291e-09, "dmean2": 1.01258761376e-08, "dvar": 1.73850481634e-16, "dvar2": 4.69672410654e-16, "max": 2.02461223037e-18, "mean": -1.04211466123e-08, "median": -7.49882111961e-09, "min": -1.30715335445e-07, "var": 1.63319215122e-16}, "spectral_energy": {"dmean": 0.0236162133515, "dmean2": 0.0391510464251, "dvar": 0.0025672330521, "dvar2": 0.00691238045692, "max": 0.499009162188, "mean": 0.040739454329, "median": 0.0293181408197, "min": 1.06323259466e-20, "var": 0.00243663974106}, "spectral_energyband_high": {"dmean": 0.000554574013222, "dmean2": 0.000814200378954, "dvar": 1.04916648525e-06, "dvar2": 2.49033018918e-06, "max": 0.0109792118892, "mean": 0.000657266878989, "median": 0.000190879844013, "min": 7.58668812863e-21, "var": 1.28016824874e-06}, "spectral_energyband_low": {"dmean": 0.0183214750141, "dmean2": 0.0318439602852, "dvar": 0.00207639532164, "dvar2": 0.00576985953376, "max": 0.458258241415, "mean": 0.0263625308871, "median": 0.0179073940963, "min": 8.20762061575e-23, "var": 0.00168744963594}, "spectral_energyband_middle_high": {"dmean": 0.00160427356604, "dmean2": 0.00225623790175, "dvar": 2.13438288483e-05, "dvar2": 4.40133590018e-05, "max": 0.0860544517636, "mean": 0.00328952795826, "median": 0.00110627757385, "min": 1.4401028672e-21, "var": 4.34042231063e-05}, "spectral_energyband_middle_low": {"dmean": 0.00643639592454, "dmean2": 0.00971136894077, "dvar": 0.000164989702171, "dvar2": 0.000377445539925, "max": 0.168181359768, "mean": 0.0120850251988, "median": 0.00626310100779, "min": 3.22197147957e-22, "var": 0.000268818053883}, "spectral_entropy": {"dmean": 0.324858307838, "dmean2": 0.444102317095, "dvar": 0.130602240562, "dvar2": 0.269466519356, "max": 9.78408527374, "mean": 7.07231903076, "median": 7.10006427765, "min": 4.80963087082, "var": 0.453816175461}, "spectral_flux": {"dmean": 0.0453501306474, "dmean2": 0.0717905312777, "dvar": 0.00540813058615, "dvar2": 0.0108718359843, "max": 0.659801185131, "mean": 0.0860539600253, "median": 0.0544224381447, "min": 1.0311317078e-10, "var": 0.00803184229881}, "spectral_kurtosis": {"dmean": 3.06275415421, "dmean2": 4.43314790726, "dvar": 23.3337650299, "dvar2": 50.0382766724, "max": 106.839958191, "mean": 6.82459783554, "median": 4.30491781235, "min": -1.14858996868, "var": 55.6692047119}, "spectral_rms": {"dmean": 0.00144636549521, "dmean2": 0.00225213472731, "dvar": 5.59201589567e-06, "dvar2": 1.38806899486e-05, "max": 0.0220644101501, "mean": 0.00546231726184, "median": 0.00534818321466, "min": 3.22071427687e-12, "var": 9.90888838714e-06}, "spectral_rolloff": {"dmean": 346.003753662, "dmean2": 623.283996582, "dvar": 1228876.875, "dvar2": 2958419.5, "max": 19035.3515625, "mean": 814.964477539, "median": 366.064453125, "min": 64.599609375, "var": 2931115.75}, "spectral_skewness": {"dmean": 0.381271541119, "dmean2": 0.526164114475, "dvar": 0.214272245765, "dvar2": 0.427975028753, "max": 7.94432592392, "mean": 2.05334925652, "median": 1.88125944138, "min": 0.0212170425802, "var": 0.689482569695}, "spectral_spread": {"dmean": 1159190.5, "dmean2": 1455605.875, "dvar": 2008545361920.0, "dvar2": 3557899108350.0, "max": 38871184, "mean": 5943157, "median": 5791040.5, "min": 817788.6875, "var": 6644173897730.0}, "spectral_strongpeak": {"dmean": 0.402833431959, "dmean2": 0.680294692516, "dvar": 0.70566380024, "dvar2": 1.69138932228, "max": 10.5924024582, "mean": 0.80280226469, "median": 0.447714626789, "min": 0, "var": 1.20016765594}, "zerocrossingrate": {"dmean": 0.0116911036894, "dmean2": 0.0137567836791, "dvar": 0.000225874900934, "dvar2": 0.000287901086267, "max": 0.51123046875, "mean": 0.0456172116101, "median": 0.03662109375, "min": 0.0029296875, "var": 0.00204475526698}, "barkbands": {"dmean": [0.000226710530114, 0.0136006511748, 0.00521764438599, 0.00227612326853, 0.00271673849784, 0.00159096217249, 0.000409228116041, 0.000249450094998, 0.000467108562589, 0.000590830110013, 0.000537931220606, 0.000251974503044, 0.000203715346288, 8.37470215629e-05, 0.000124687721836, 7.6688338595e-05, 6.24007661827e-05, 4.17534793087e-05, 5.59887848794e-05, 4.42481068603e-05, 7.11402681191e-05, 8.08441400295e-05, 0.000149118364789, 6.9252178946e-05, 0.000103929160105, 6.22259030933e-05, 2.32679922192e-05], "dmean2": [0.000377806543838, 0.0236817728728, 0.00929314643145, 0.00397733133286, 0.00428857374936, 0.00233502802439, 0.000647742883302, 0.000362381746527, 0.000712117413059, 0.000753959466238, 0.000752642110456, 0.000361505983165, 0.000335261254804, 0.000135026260978, 0.000210054960917, 0.000118769938126, 0.000105339859147, 6.86863277224e-05, 9.21735627344e-05, 7.18684896128e-05, 0.000105671439087, 0.000123955920571, 0.000237258849666, 0.000101737568912, 0.000148258928675, 9.78917159955e-05, 3.74996343453e-05], "dvar": [2.15978857909e-07, 0.00113119801972, 0.000217559354496, 3.51998824044e-05, 3.68218097719e-05, 1.14569938887e-05, 1.8091069478e-06, 1.78511993454e-06, 5.01581871504e-06, 5.54226835447e-06, 6.65898414809e-06, 1.77742685992e-06, 1.00338536413e-06, 8.16334733145e-08, 5.7463205394e-07, 3.34831788962e-08, 4.49379342626e-08, 1.82974009277e-08, 2.90270065761e-08, 2.05498640327e-08, 2.22473470757e-08, 3.78066893347e-08, 1.18455162124e-07, 2.36677291099e-08, 3.88214687064e-08, 1.72625362893e-08, 2.66504929236e-09], "dvar2": [6.05277648447e-07, 0.00315165473148, 0.000622528255917, 9.55248906394e-05, 8.86564084794e-05, 2.30443638429e-05, 4.29347528552e-06, 3.67621078112e-06, 1.15679449664e-05, 7.97323991719e-06, 1.45947642523e-05, 3.08551966555e-06, 2.49113963946e-06, 2.10403214851e-07, 1.55133488988e-06, 7.94749581701e-08, 1.22124660606e-07, 4.91173466344e-08, 7.84119009722e-08, 5.52825554223e-08, 5.29926609261e-08, 9.08580517489e-08, 3.02581639744e-07, 4.98045693575e-08, 8.82296475879e-08, 4.14088674461e-08, 6.65949695389e-09], "max": [0.00485224695876, 0.386861145496, 0.177091106772, 0.0589640587568, 0.0878417044878, 0.100252106786, 0.0239461064339, 0.0330961942673, 0.0401410497725, 0.0471868738532, 0.0573459565639, 0.0345750823617, 0.0212050676346, 0.00611132849008, 0.0246854256839, 0.00433085346594, 0.00361614092253, 0.00214677443728, 0.00217057508416, 0.00239032320678, 0.00199002423324, 0.00381451286376, 0.00388853205368, 0.0030212989077, 0.00233051693067, 0.00116564857308, 0.000558767758776], "mean": [0.000268973672064, 0.0176752954721, 0.00714180199429, 0.00230245105922, 0.00349361379631, 0.0037207910791, 0.000579549698159, 0.000381494843168, 0.000872620788869, 0.00131672807038, 0.000814927392639, 0.000405022263294, 0.000451629399322, 0.000108970292786, 0.000156697671628, 0.000156017384143, 0.000100278368336, 4.66388992209e-05, 6.19861311861e-05, 5.29088720214e-05, 9.05556735233e-05, 9.78614407359e-05, 0.000150148407556, 9.04202024685e-05, 0.000120538796182, 6.1484555772e-05, 2.00686372409e-05], "median": [5.27688316652e-05, 0.00834132358432, 0.00290067587048, 0.000741376075894, 0.00126624305267, 0.00177495460957, 0.000130578395328, 4.28169369115e-05, 9.01752500795e-05, 0.000127996463561, 0.00010098056373, 4.43783792434e-05, 5.96691716055e-05, 2.38113661908e-05, 2.33058890444e-05, 3.73291441065e-05, 1.68425031006e-05, 9.70573364611e-06, 1.16617366075e-05, 8.61952048581e-06, 2.27180426009e-05, 2.02735463972e-05, 2.55447430391e-05, 1.78984246304e-05, 2.41632860707e-05, 1.02795838757e-05, 2.21611708184e-06], "min": [4.32867195346e-23, 4.04516354828e-23, 1.0183799856e-23, 7.9923190177e-24, 4.43168298819e-23, 1.07452081808e-22, 8.67872329964e-23, 2.40551110807e-23, 4.7538026637e-23, 9.35695876913e-23, 1.25713883598e-22, 6.33713043527e-23, 1.4865351696e-22, 6.28549475586e-23, 1.04071629814e-22, 1.84554841814e-22, 2.23389151513e-22, 1.34806559449e-22, 1.27436995629e-22, 3.82978994301e-22, 4.47865744629e-22, 5.09677250091e-22, 5.98817219716e-22, 1.02256477279e-21, 1.05404569978e-21, 1.44469911162e-21, 2.5213050721e-21], "var": [2.85848273052e-07, 0.000943171675317, 0.000160266936291, 2.8237071092e-05, 4.37430535385e-05, 4.14683127019e-05, 2.66477081823e-06, 3.03932006318e-06, 1.06297384264e-05, 2.15577947529e-05, 9.60638863035e-06, 4.03278590966e-06, 2.10901976061e-06, 8.58247020119e-08, 4.83679968966e-07, 8.37964932998e-08, 6.18346049919e-08, 1.54342778558e-08, 2.56207624005e-08, 1.97221030618e-08, 2.89583699242e-08, 4.43325376409e-08, 1.14337140644e-07, 3.79701816655e-08, 5.00390804348e-08, 1.7825739107e-08, 2.37280728399e-09]}, "erbbands": {"dmean": [0.320746809244, 3.34005737305, 6.54997062683, 6.32743883133, 8.56816291809, 8.07703876495, 13.4157857895, 14.1132211685, 6.48213005066, 6.52734565735, 5.18939733505, 13.2537584305, 16.4951324463, 12.8662128448, 26.0321216583, 11.9526319504, 9.84440803528, 5.12233018875, 6.93789052963, 4.01169538498, 3.58170390129, 2.96134257317, 2.46447396278, 3.07390141487, 2.19028735161, 2.21173000336, 2.29020190239, 3.23082590103, 2.96110391617, 2.41703438759, 5.53631401062, 1.98156678677, 0.957593560219, 0.640551686287, 0.961233258247, 0.449946582317, 0.0832260400057, 0.019151372835, 0.00346306175925, 0.000326382520143], "dmean2": [0.547337174416, 5.86067581177, 11.6685829163, 11.0471506119, 14.4538059235, 13.0133113861, 21.2417144775, 20.5444774628, 9.53861999512, 10.1642074585, 7.62609910965, 19.8444461823, 21.2887458801, 17.0016479492, 35.7929878235, 16.6035995483, 15.9417219162, 8.14358997345, 11.5699462891, 6.60993480682, 5.82673740387, 4.98932027817, 4.00464344025, 4.99115467072, 3.64185857773, 3.5670375824, 3.43885302544, 4.8560256958, 4.55903244019, 3.67781829834, 8.92485237122, 2.96539354324, 1.42263555527, 0.918357670307, 1.41480994225, 0.688551664352, 0.130691811442, 0.0303757563233, 0.00559624051675, 0.00052842363948], "dvar": [0.507191479206, 73.4635772705, 335.152893066, 278.266326904, 604.110595703, 350.248565674, 950.791137695, 978.725280762, 315.882843018, 714.955078125, 871.980773926, 3987.23364258, 4986.03466797, 3730.22265625, 14856.7509766, 4599.81494141, 2181.86474609, 285.100952148, 1512.20336914, 228.79826355, 110.192024231, 97.973449707, 60.7233200073, 67.9991836548, 53.2608451843, 51.5446243286, 28.8573932648, 48.9501609802, 51.3289909363, 25.3655033112, 185.226211548, 18.3404521942, 4.8612203598, 1.92294299603, 3.70367360115, 0.943129956722, 0.0316185764968, 0.00179742847104, 6.00871608185e-05, 4.79714572066e-07], "dvar2": [1.37888467312, 206.821762085, 954.082824707, 777.274475098, 1573.21630859, 879.057434082, 2247.23364258, 1896.59594727, 631.497497559, 1641.70007324, 1782.04296875, 9141.52148438, 7066.48681641, 5798.53759766, 31428.9648438, 8001.90136719, 5217.24023438, 736.189575195, 4011.71142578, 635.583679199, 300.164794922, 264.95022583, 161.48878479, 177.597991943, 146.866668701, 136.730422974, 69.7744293213, 117.732902527, 121.966880798, 57.461856842, 481.843383789, 38.4998474121, 11.1805391312, 4.23414707184, 8.58393096924, 2.22662782669, 0.0777038708329, 0.00439663603902, 0.000152410604642, 1.21227390082e-06], "max": [7.44190216064, 98.3847351074, 203.988739014, 191.52142334, 372.531921387, 313.206817627, 880.809692383, 1005.0244751, 442.718780518, 631.705688477, 848.263549805, 1161.8416748, 1823.97607422, 1703.78320312, 2923.5859375, 1775.82702637, 997.49041748, 301.970184326, 1184.96533203, 409.382476807, 186.418212891, 153.910873413, 131.302062988, 107.942573547, 95.4565353394, 115.449134827, 73.9165267944, 125.53477478, 162.015136719, 75.0768585205, 129.804367065, 90.6573181152, 39.4191474915, 49.0384216309, 16.9256687164, 8.06860733032, 1.71998393536, 0.746528983116, 0.0839034244418, 0.00623333314434], "mean": [0.43825596571, 4.20194149017, 8.58302021027, 8.30877876282, 8.31878566742, 10.8641309738, 22.5487785339, 34.5605354309, 12.6088085175, 9.08121109009, 7.52927684784, 25.6450901031, 37.781463623, 26.2041854858, 40.2903289795, 20.934305191, 22.1589450836, 8.71049594879, 9.45761585236, 6.23034238815, 6.71281337738, 4.30977535248, 3.42329335213, 3.58559751511, 2.53184366226, 2.63487935066, 3.07065343857, 3.8200905323, 3.57880234718, 3.03262829781, 5.23379802704, 2.4763686657, 1.20069670677, 0.841170847416, 1.04823946953, 0.456718176603, 0.0834949612617, 0.0178199801594, 0.00301120127551, 0.000300006038742], "median": [0.174671441317, 2.01470470428, 3.94967842102, 4.05616188049, 2.1588549614, 3.92067527771, 9.52357292175, 14.8148956299, 4.51485729218, 1.49169397354, 1.09429907799, 2.72234845161, 4.90486288071, 2.84403204918, 5.52026796341, 2.93405508995, 3.37795639038, 2.88095116615, 1.91847455502, 1.99924743176, 1.83972096443, 0.974310398102, 0.817276239395, 0.842275500298, 0.416429460049, 0.45032659173, 0.706391692162, 0.851519107819, 0.770357549191, 0.612806022167, 0.840826272964, 0.503123760223, 0.248257905245, 0.190247654915, 0.188561961055, 0.0701859742403, 0.0151050463319, 0.00250581954606, 0.000398841133574, 6.56458505546e-05], "min": [2.50018228006e-21, 4.41522111455e-21, 1.09746203926e-20, 2.12474862799e-20, 1.01019477544e-19, 8.28826314231e-20, 7.55756151598e-19, 7.12020320878e-19, 9.67834507309e-19, 1.09494755884e-18, 6.40985255197e-19, 8.32923055462e-19, 1.94242625304e-18, 3.94781294482e-18, 5.62077084446e-18, 2.13882353909e-18, 6.06280086096e-18, 4.19327217415e-18, 4.38255880885e-18, 5.79227102804e-18, 1.19490367115e-17, 1.43086628802e-17, 7.44793506261e-18, 5.37050073268e-18, 1.11413113869e-17, 1.66918314363e-17, 1.59199577739e-17, 2.091679869e-17, 1.7575391025e-17, 1.77012085049e-17, 1.69264165493e-17, 1.98269286759e-17, 1.57378556164e-17, 9.23081285794e-18, 1.02013430435e-17, 6.22305717848e-18, 2.59731548376e-18, 1.40807812389e-18, 3.56259451996e-19, 3.24789656397e-20], "var": [0.52278983593, 56.7484893799, 238.896881104, 215.25592041, 502.257843018, 415.95904541, 1777.95141602, 4374.96728516, 933.344116211, 1123.84692383, 1320.87390137, 8691.08789062, 20611.2753906, 12369.8857422, 22188.2714844, 10554.8476562, 5005.71875, 344.915924072, 1367.65368652, 198.606811523, 154.940185547, 104.371910095, 60.58070755, 67.565826416, 45.7101516724, 49.0712013245, 38.8007087708, 56.1323814392, 60.2670783997, 37.2451858521, 158.281066895, 28.9971351624, 6.54242992401, 2.94462609291, 4.37838411331, 1.00245130062, 0.032615263015, 0.00175931304693, 5.22712798556e-05, 4.14182778741e-07]}, "gfcc": {"mean": [-46.2718391418, 93.7816314697, -69.0673980713, 24.1743526459, -47.2033805847, 23.2474956512, -33.8792991638, -0.73998516798, -22.30119133, 2.40159249306, -12.4467163086, 10.2978725433, -1.87163162231], "cov": [[16149.5761719, -840.507141113, 730.67791748, 507.129333496, -557.057800293, 448.640380859, -62.2788124084, 179.31350708, -275.368652344, -107.749435425, -355.159210205, 99.0936050415, -106.663825989], [-840.507141113, 2037.48132324, -425.272125244, -97.0540161133, 333.244720459, -31.6839160919, 157.403823853, -4.25142478943, 204.540863037, -99.8860855103, 174.040939331, -76.3408660889, 108.081237793], [730.67791748, -425.272125244, 931.147277832, 297.123626709, 15.978767395, 88.6171875, 117.917701721, 119.663452148, 16.3027839661, 70.5925598145, -95.8506622314, -16.4058895111, -66.3303756714], [507.129333496, -97.0540161133, 297.123626709, 599.078369141, 187.315795898, 12.4264469147, 111.65763092, 81.083404541, 38.2560310364, -6.70452928543, 44.3217353821, -59.3752212524, -76.0621871948], [-557.057800293, 333.244720459, 15.978767395, 187.315795898, 418.823303223, 148.603607178, 90.4795837402, 27.1908760071, 92.4398117065, 8.27630710602, 78.0425109863, -29.2309379578, -14.0967788696], [448.640380859, -31.6839160919, 88.6171875, 12.4264469147, 148.603607178, 345.544555664, 99.7088546753, 20.8909778595, 13.8114109039, 17.222536087, -3.40745806694, -4.24793195724, 0.484649986029], [-62.2788124084, 157.403823853, 117.917701721, 111.65763092, 90.4795837402, 99.7088546753, 264.274597168, 102.997665405, 53.8905639648, -25.8547935486, 35.4154205322, -50.569316864, -30.0827198029], [179.31350708, -4.25142478943, 119.663452148, 81.083404541, 27.1908760071, 20.8909778595, 102.997665405, 190.518463135, 66.3451004028, -3.65706992149, -8.66156196594, -13.7222681046, -10.2503213882], [-275.368652344, 204.540863037, 16.3027839661, 38.2560310364, 92.4398117065, 13.8114109039, 53.8905639648, 66.3451004028, 189.037002563, 52.9732017517, 18.1115779877, -29.4516105652, -11.7537508011], [-107.749435425, -99.8860855103, 70.5925598145, -6.70452928543, 8.27630710602, 17.222536087, -25.8547935486, -3.65706992149, 52.9732017517, 170.60357666, 19.0297603607, -6.94025802612, -22.7839412689], [-355.159210205, 174.040939331, -95.8506622314, 44.3217353821, 78.0425109863, -3.40745806694, 35.4154205322, -8.66156196594, 18.1115779877, 19.0297603607, 156.570785522, 19.3159427643, 16.678560257], [99.0936050415, -76.3408660889, -16.4058895111, -59.3752212524, -29.2309379578, -4.24793195724, -50.569316864, -13.7222681046, -29.4516105652, -6.94025802612, 19.3159427643, 141.705947876, 46.4560623169], [-106.663825989, 108.081237793, -66.3303756714, -76.0621871948, -14.0967788696, 0.484649986029, -30.0827198029, -10.2503213882, -11.7537508011, -22.7839412689, 16.678560257, 46.4560623169, 138.537857056]], "icov": [[9.01737221284e-05, -6.54740942991e-05, -4.77465073345e-06, -0.000193318497622, 0.000280781707261, -0.000277084734989, 0.000153249144205, -0.000124013182358, 9.6347896033e-05, 1.16297760542e-05, 0.000133001987706, -0.0001176661317, 9.92558343569e-05], [-6.54740942991e-05, 0.000975979084615, 0.000156388487085, 0.000545861432329, -0.000917206751183, 0.000675229413901, -0.000650323578157, 0.000475401117001, -0.000931150803808, 0.000658708973788, -0.000617552781478, 0.000631190661807, -0.000746963254642], [-4.77465073345e-06, 0.000156388487085, 0.00181906495709, -0.000901583640371, 0.000105373153929, -0.000141809257912, -0.000835039943922, -0.000388042069972, 0.000255835300777, -0.00110590318218, 0.0014812318841, -0.000569006020669, -9.62453850661e-05], [-0.000193318497622, 0.000545861432329, -0.000901583640371, 0.00345938047394, -0.00215549464338, 0.00145939923823, -0.00054059678223, -0.000133914742037, -0.000231891681324, 0.00094630883541, -0.00164551683702, 0.00123934575822, 0.000459692761069], [0.000280781707261, -0.000917206751183, 0.000105373153929, -0.00215549464338, 0.00568677205592, -0.00313742621802, 0.00110620562918, -0.000179442766239, -0.000981156714261, 0.000196941560716, -0.000769963255152, -0.000482879171614, 0.000819078064524], [-0.000277084734989, 0.000675229413901, -0.000141809257912, 0.00145939923823, -0.00313742621802, 0.00538937142119, -0.00263646827079, 0.000902894185856, 0.000249730801443, -0.000717644405086, 0.000607361085713, 9.22135513974e-05, -0.0010514218593], [0.000153249144205, -0.000650323578157, -0.000835039943922, -0.00054059678223, 0.00110620562918, -0.00263646827079, 0.00775765022263, -0.00323568051681, -0.000284044479486, 0.00198807753623, -0.00240968260914, 0.00169156631455, 0.00152136583347], [-0.000124013182358, 0.000475401117001, -0.000388042069972, -0.000133914742037, -0.000179442766239, 0.000902894185856, -0.00323568051681, 0.00836571678519, -0.00302115315571, 0.000679984630551, 0.000719352799933, -0.00051376898773, -0.000889545015525], [9.6347896033e-05, -0.000931150803808, 0.000255835300777, -0.000231891681324, -0.000981156714261, 0.000249730801443, -0.000284044479486, -0.00302115315571, 0.00899910368025, -0.00355358584784, 0.00119501713198, 0.000182129486348, 0.000384008948458], [1.16297760542e-05, 0.000658708973788, -0.00110590318218, 0.00094630883541, 0.000196941560716, -0.000717644405086, 0.00198807753623, 0.000679984630551, -0.00355358584784, 0.00877256412059, -0.00309326383285, 0.00115667341743, 0.00111545645632], [0.000133001987706, -0.000617552781478, 0.0014812318841, -0.00164551683702, -0.000769963255152, 0.000607361085713, -0.00240968260914, 0.000719352799933, 0.00119501713198, -0.00309326383285, 0.0104173813015, -0.0029215416871, -0.000842351350002], [-0.0001176661317, 0.000631190661807, -0.000569006020669, 0.00123934575822, -0.000482879171614, 9.22135513974e-05, 0.00169156631455, -0.00051376898773, 0.000182129486348, 0.00115667341743, -0.0029215416871, 0.00973555631936, -0.00260240002535], [9.92558343569e-05, -0.000746963254642, -9.62453850661e-05, 0.000459692761069, 0.000819078064524, -0.0010514218593, 0.00152136583347, -0.000889545015525, 0.000384008948458, 0.00111545645632, -0.000842351350002, -0.00260240002535, 0.00962538458407]]}, "melbands": {"dmean": [0.00340702477843, 0.00377211952582, 0.00120356690604, 0.000524795963429, 0.000483169773361, 0.000304205750581, 9.57238080446e-05, 6.79364966345e-05, 4.48622013209e-05, 8.23944428703e-05, 8.09275152278e-05, 5.16441214131e-05, 7.53306012484e-05, 4.68911821372e-05, 2.10089565371e-05, 2.00040976779e-05, 8.89395414561e-06, 1.05753388198e-05, 7.61757019063e-06, 6.25060738457e-06, 3.93640630136e-06, 3.26622534885e-06, 2.99391513181e-06, 1.91973163055e-06, 2.71378144134e-06, 1.74414378762e-06, 1.50154687617e-06, 1.45704245824e-06, 1.41027192058e-06, 1.48878950768e-06, 2.15998193198e-06, 1.72997977188e-06, 1.53469761699e-06, 1.19737649129e-06, 3.59246450898e-06, 1.73461705799e-06, 1.19932030884e-06, 6.95860023825e-07, 4.76531653248e-07, 5.76600314162e-07], "dmean2": [0.00588037632406, 0.00663614086807, 0.00208482565358, 0.000843450194225, 0.000763378688134, 0.000441760668764, 0.00014331973216, 0.000104100618046, 6.64391773171e-05, 0.000123421559692, 0.0001049592247, 6.91806853865e-05, 0.000105412640551, 6.4074403781e-05, 3.19431346725e-05, 3.27195084537e-05, 1.42067246998e-05, 1.77382098627e-05, 1.30872003865e-05, 9.51826950768e-06, 6.64480285195e-06, 5.59850195714e-06, 4.904546131e-06, 3.12710835715e-06, 4.44175475423e-06, 2.97498172586e-06, 2.47255934482e-06, 2.39406972469e-06, 2.18551349462e-06, 2.2402389277e-06, 3.30128068526e-06, 2.72003512691e-06, 2.37964559346e-06, 1.81807286026e-06, 5.84595909459e-06, 2.73601881418e-06, 1.76261187335e-06, 1.05125184291e-06, 7.09951450517e-07, 8.32929686112e-07], "dvar": [6.49679495837e-05, 0.0001039169656, 9.37764343689e-06, 1.66761276432e-06, 1.1788208667e-06, 4.41166150722e-07, 7.34613081477e-08, 8.01660746674e-08, 5.88993138706e-08, 1.5370960682e-07, 1.23700786503e-07, 6.9498256039e-08, 1.33234124178e-07, 3.87573315663e-08, 1.15740395046e-08, 9.2272305352e-09, 8.82804496172e-10, 3.00464741976e-09, 2.24534102422e-09, 2.13795522952e-10, 2.049301423e-10, 1.42041656215e-10, 8.49614337217e-11, 3.63222889266e-11, 5.13171727334e-11, 3.98345072206e-11, 2.14931406006e-11, 2.4251033473e-11, 1.27687756202e-11, 1.09327720488e-11, 2.43484139101e-11, 2.25283368349e-11, 1.32608281994e-11, 7.34958708476e-12, 8.24916246422e-11, 1.39612314765e-11, 1.21179446685e-11, 2.83007059627e-12, 9.49214123101e-13, 2.0084999202e-12], "dvar2": [0.000180042494321, 0.000294359808322, 2.56268740486e-05, 4.13318275605e-06, 2.85458213511e-06, 8.63927141381e-07, 1.53847608431e-07, 1.80164448693e-07, 1.22982925177e-07, 3.50901245838e-07, 1.75497831378e-07, 1.06293903457e-07, 2.9209562058e-07, 7.15804588935e-08, 2.37736301756e-08, 2.40282176378e-08, 2.23471818828e-09, 7.97139243502e-09, 6.20079187996e-09, 4.69573990802e-10, 5.85197279523e-10, 3.92490179246e-10, 2.1989558785e-10, 9.64801780134e-11, 1.33660679746e-10, 1.11068924891e-10, 5.88795123768e-11, 6.46810174865e-11, 3.21326194819e-11, 2.61415559338e-11, 5.94189697445e-11, 5.32959301691e-11, 3.22059739988e-11, 1.49613446632e-11, 2.15044884677e-10, 3.52714663032e-11, 2.38775353656e-11, 6.54026225538e-12, 2.17990209217e-12, 4.36496498668e-12], "max": [0.0885777324438, 0.110928304493, 0.0317189916968, 0.0204909872264, 0.0246400050819, 0.0205679945648, 0.00592579320073, 0.00745448237285, 0.00623490195721, 0.00778636382893, 0.00908251293004, 0.0074965711683, 0.00872963760048, 0.00371088972315, 0.00228741532192, 0.00254528573714, 0.000639230129309, 0.00157008797396, 0.00159605604131, 0.00040059935418, 0.000294509140076, 0.00021113731782, 0.000165523786563, 0.00010851326806, 9.20250022318e-05, 8.66358095664e-05, 7.15437126928e-05, 7.63215575716e-05, 4.57616624772e-05, 6.58827630104e-05, 0.000114677575766, 0.00011778226326, 6.20516875642e-05, 5.34927276021e-05, 9.22334002098e-05, 3.55392548954e-05, 9.16734352359e-05, 3.19789432979e-05, 1.73519838427e-05, 4.57762362203e-05], "mean": [0.00454882159829, 0.0050397310406, 0.00150623451918, 0.000609532522503, 0.000796562118921, 0.000739930721465, 0.00017219055735, 9.52553746174e-05, 6.10893184785e-05, 0.000164453405887, 0.000184413482202, 0.000102413898276, 0.000115098751849, 7.55489090807e-05, 4.04544116464e-05, 4.49047292932e-05, 1.2554109162e-05, 1.41159016493e-05, 8.42334065965e-06, 1.33411849674e-05, 6.3626539486e-06, 4.28098792327e-06, 4.92310846312e-06, 2.17044339479e-06, 3.09250890496e-06, 1.77835408977e-06, 1.88974559023e-06, 1.62282367455e-06, 1.77111974153e-06, 1.97132180801e-06, 2.40631652559e-06, 2.02115734282e-06, 1.81455209258e-06, 1.58115153681e-06, 3.34527771884e-06, 1.77851222816e-06, 1.56465591772e-06, 8.54358063407e-07, 5.9156906218e-07, 7.56061183438e-07], "median": [0.00201871572062, 0.00325389578938, 0.000718715251423, 0.000208333993214, 0.000342586194165, 0.000334852549713, 5.66607086512e-05, 1.19958567666e-05, 6.90556453264e-06, 1.65418350662e-05, 2.25184394367e-05, 7.54265602154e-06, 1.51543681568e-05, 1.00572879091e-05, 4.46018475486e-06, 6.11267023487e-06, 3.24839766108e-06, 2.835418627e-06, 1.31182514451e-06, 2.94714300253e-06, 1.70416547007e-06, 8.2261561829e-07, 8.41715461775e-07, 4.3450009457e-07, 6.63361618081e-07, 2.54639644481e-07, 2.85447157466e-07, 2.60546272557e-07, 3.68757667957e-07, 4.49523014368e-07, 4.25778551971e-07, 3.98420525016e-07, 3.12584660378e-07, 2.63121933131e-07, 4.41945303464e-07, 3.54219054088e-07, 2.3630998669e-07, 1.58778021841e-07, 1.15375549115e-07, 1.47865350186e-07], "min": [1.8748235512e-23, 5.47074327796e-24, 6.35377721475e-24, 5.0603186705e-24, 2.03926318461e-23, 1.75456612382e-23, 1.63151660215e-23, 1.01032745125e-23, 4.38968474357e-24, 6.51367813695e-24, 1.07985875584e-23, 1.65260222306e-23, 1.81800915772e-23, 8.79397209136e-24, 5.17392726262e-24, 1.82875154998e-23, 6.41891069869e-24, 6.57515761717e-24, 7.81665941563e-24, 9.30196143786e-24, 1.41615962606e-23, 1.52320868199e-23, 8.76831123497e-24, 6.11107508536e-24, 3.79440754348e-24, 5.98403495303e-24, 1.07354171548e-23, 1.11293151263e-23, 8.61841819665e-24, 1.41658687313e-23, 1.1466452978e-23, 1.06249687395e-23, 8.25127128731e-24, 1.09672136766e-23, 8.98233550945e-24, 1.12714386736e-23, 1.24188005726e-23, 1.21220634434e-23, 7.05853963102e-24, 8.41073557499e-24], "var": [5.8794816141e-05, 7.46735022403e-05, 7.49668060962e-06, 1.69105965142e-06, 1.91927165361e-06, 1.85908379535e-06, 1.87404779695e-07, 1.33456993012e-07, 8.7085467726e-08, 3.62867126569e-07, 5.08743767114e-07, 2.36339843696e-07, 1.91059896792e-07, 7.73184254399e-08, 2.74271965139e-08, 1.73028009698e-08, 1.00280117543e-09, 2.72999400863e-09, 1.68381442123e-09, 6.58935628284e-10, 1.93139115812e-10, 1.27834756669e-10, 1.51446008512e-10, 3.17996427801e-11, 5.15582576632e-11, 3.07974340474e-11, 2.26587949792e-11, 2.14323732373e-11, 1.50878250865e-11, 1.49435325225e-11, 2.59949180237e-11, 2.67208824511e-11, 1.54538656177e-11, 1.40495271667e-11, 7.11877778947e-11, 1.35777942709e-11, 2.04192617675e-11, 3.70910290329e-12, 1.31050357198e-12, 3.04397696285e-12]}, "mfcc": {"mean": [-708.401306152, 134.866485596, 35.0320091248, 18.4326877594, 12.0217466354, 20.8459663391, 2.1097509861, 6.48698329926, -0.404424577951, -5.4141869545, -7.39680433273, -0.537394165993, -0.63841855526], "cov": [[10378.7919922, -583.828430176, 621.10559082, 360.463287354, -91.2331542969, 36.9033584595, 101.101448059, 176.365875244, 19.8980979919, -3.2924580574, -116.384239197, -47.933795929, 28.7603664398], [-583.828430176, 1886.76477051, -344.853210449, -113.468460083, 88.3440093994, 47.3482093811, -23.5384311676, 59.6188964844, 50.3157844543, -9.82435798645, 42.1683006287, -15.8086233139, -23.3819274902], [621.10559082, -344.853210449, 673.43951416, 220.756713867, 17.671628952, 57.6520729065, 66.8718338013, 72.0621261597, 74.3417816162, 109.256530762, 5.11164999008, 5.36160612106, -14.8088951111], [360.463287354, -113.468460083, 220.756713867, 493.614532471, 130.277832031, -13.7353696823, 71.271232605, 64.2275772095, 19.2083282471, 61.5929832458, 85.7832107544, 14.8378095627, 27.346698761], [-91.2331542969, 88.3440093994, 17.671628952, 130.277832031, 281.614898682, 133.244491577, 69.8219451904, 36.8010177612, 52.596862793, 22.518371582, 39.6686210632, 79.0287246704, 42.0295829773], [36.9033584595, 47.3482093811, 57.6520729065, -13.7353696823, 133.244491577, 267.463470459, 90.7735977173, 36.2626647949, 19.5545024872, 30.057718277, 40.9550590515, 36.5548629761, 23.3910121918], [101.101448059, -23.5384311676, 66.8718338013, 71.271232605, 69.8219451904, 90.7735977173, 250.089584351, 101.365982056, 34.3046684265, 29.2831726074, 31.0335903168, 25.3352909088, 15.6287288666], [176.365875244, 59.6188964844, 72.0621261597, 64.2275772095, 36.8010177612, 36.2626647949, 101.365982056, 217.780136108, 74.7306594849, 11.5999383926, 7.58193874359, 44.7157325745, 14.7768783569], [19.8980979919, 50.3157844543, 74.3417816162, 19.2083282471, 52.596862793, 19.5545024872, 34.3046684265, 74.7306594849, 162.602539062, 74.9811477661, 23.2045478821, 15.6397371292, 11.986787796], [-3.2924580574, -9.82435798645, 109.256530762, 61.5929832458, 22.518371582, 30.057718277, 29.2831726074, 11.5999383926, 74.9811477661, 216.376556396, 86.0702667236, -12.9198646545, -30.969461441], [-116.384239197, 42.1683006287, 5.11164999008, 85.7832107544, 39.6686210632, 40.9550590515, 31.0335903168, 7.58193874359, 23.2045478821, 86.0702667236, 189.009735107, 50.4184417725, 12.269282341], [-47.933795929, -15.8086233139, 5.36160612106, 14.8378095627, 79.0287246704, 36.5548629761, 25.3352909088, 44.7157325745, 15.6397371292, -12.9198646545, 50.4184417725, 168.085113525, 63.4513206482], [28.7603664398, -23.3819274902, -14.8088951111, 27.346698761, 42.0295829773, 23.3910121918, 15.6287288666, 14.7768783569, 11.986787796, -30.969461441, 12.269282341, 63.4513206482, 172.348068237]], "icov": [[0.000106804014649, 1.39238427437e-05, -5.84452136536e-05, -8.71121228556e-05, 9.95930022327e-05, -6.77715652273e-05, 6.12209669271e-06, -5.77449791308e-05, 2.07867188351e-07, 1.91843373614e-05, 8.97499994608e-05, 7.03064506524e-06, -2.3371705538e-05], [1.39238427437e-05, 0.000642827479169, 0.000326478446368, 0.000107451254735, -0.000278762017842, -6.81770907249e-05, 0.00019613612676, -0.000368435983546, -0.000162457974511, 4.5624874474e-05, -0.000225518335355, 0.000303313165205, 0.000110810928163], [-5.84452136536e-05, 0.000326478446368, 0.00249883905053, -0.00140199554153, 0.00116304482799, -0.0011972214561, 3.8045913243e-05, 1.10203964141e-05, -0.00103464955464, -0.000892640498932, 0.00116797618102, -0.000735159963369, 0.000464746990474], [-8.71121228556e-05, 0.000107451254735, -0.00140199554153, 0.00421960279346, -0.00324664637446, 0.00246797758155, -0.00032667935011, -0.00131069973577, 0.00179404765368, -7.88985198596e-05, -0.00233545945957, 0.00188566057477, -0.000829006312415], [9.95930022327e-05, -0.000278762017842, 0.00116304482799, -0.00324664637446, 0.00814961176366, -0.00418366771191, -0.000428825180279, 0.00171384529676, -0.00292131653987, 9.04745975276e-05, 0.00199769320898, -0.00353768886998, 0.000412643072195], [-6.77715652273e-05, -6.81770907249e-05, -0.0011972214561, 0.00246797758155, -0.00418366771191, 0.00689633656293, -0.00144886481576, -0.000788657693192, 0.00180827733129, -0.000303443492157, -0.00185284938198, 0.00133727653883, -0.000749842845835], [6.12209669271e-06, 0.00019613612676, 3.8045913243e-05, -0.00032667935011, -0.000428825180279, -0.00144886481576, 0.00575711159036, -0.00252818665467, 0.000372005422832, -0.000292742392048, -0.000362780323485, 0.000478507194202, -0.000152209235239], [-5.77449791308e-05, -0.000368435983546, 1.10203964141e-05, -0.00131069973577, 0.00171384529676, -0.000788657693192, -0.00252818665467, 0.00775469467044, -0.00363821908832, 0.000947240099777, 0.00118088454474, -0.00244443281554, 0.000661161786411], [2.07867188351e-07, -0.000162457974511, -0.00103464955464, 0.00179404765368, -0.00292131653987, 0.00180827733129, 0.000372005422832, -0.00363821908832, 0.010378590785, -0.00335806864314, -0.000411710410845, 0.00117118586786, -0.00137756962795], [1.91843373614e-05, 4.5624874474e-05, -0.000892640498932, -7.88985198596e-05, 9.04745975276e-05, -0.000303443492157, -0.000292742392048, 0.000947240099777, -0.00335806864314, 0.00796010997146, -0.00353943509981, 0.00134730350692, 0.00132312322967], [8.97499994608e-05, -0.000225518335355, 0.00116797618102, -0.00233545945957, 0.00199769320898, -0.00185284938198, -0.000362780323485, 0.00118088454474, -0.000411710410845, -0.00353943509981, 0.00904084555805, -0.0036487528123, 0.000213644685573], [7.03064506524e-06, 0.000303313165205, -0.000735159963369, 0.00188566057477, -0.00353768886998, 0.00133727653883, 0.000478507194202, -0.00244443281554, 0.00117118586786, 0.00134730350692, -0.0036487528123, 0.00989488791674, -0.00269746733829], [-2.3371705538e-05, 0.000110810928163, 0.000464746990474, -0.000829006312415, 0.000412643072195, -0.000749842845835, -0.000152209235239, 0.000661161786411, -0.00137756962795, 0.00132312322967, 0.000213644685573, -0.00269746733829, 0.00726232165471]]}, "spectral_contrast_coeffs": {"dmean": [0.053105533123, 0.0492823794484, 0.0393885821104, 0.0309765730053, 0.0211866684258, 0.0177244339138], "dmean2": [0.0881493240595, 0.0796739012003, 0.0598868243396, 0.0482780523598, 0.0335355624557, 0.0282307509333], "dvar": [0.00225765164942, 0.00203606230207, 0.00138201343361, 0.0008837293135, 0.000379008648451, 0.000281760236248], "dvar2": [0.0059109129943, 0.0048518339172, 0.00290464260615, 0.00197355961427, 0.00085334898904, 0.000667136511765], "max": [-0.246791601181, -0.345234632492, -0.411057591438, -0.472950935364, -0.623471498489, -0.642133712769], "mean": [-0.659953773022, -0.638658583164, -0.731019079685, -0.747109055519, -0.80972546339, -0.785518884659], "median": [-0.667369008064, -0.640127182007, -0.740045428276, -0.753619134426, -0.814121067524, -0.783179581165], "min": [-0.948740720749, -0.9775416255, -0.965399384499, -0.95855396986, -0.954071164131, -0.958186984062], "var": [0.00772437220439, 0.00996953248978, 0.00811934657395, 0.0053975796327, 0.00175518391188, 0.00111975334585]}, "spectral_contrast_valleys": {"dmean": [0.452470421791, 0.455989301205, 0.425182431936, 0.424179464579, 0.468328595161, 0.606859862804], "dmean2": [0.721948266029, 0.708375990391, 0.63285946846, 0.615720033646, 0.614677011967, 0.709156632423], "dvar": [0.232267126441, 0.214359909296, 0.207394450903, 0.259804874659, 0.302995085716, 0.402710586786], "dvar2": [0.451866567135, 0.427261322737, 0.396795421839, 0.512448728085, 0.574645340443, 0.812256395817], "max": [-4.52602434158, -4.64783716202, -5.1