{"lowlevel": {"average_loudness": 0.329523324966, "barkbands_crest": {"dmean": 2.05793261528, "dmean2": 3.15756011009, "dvar": 4.6395111084, "dvar2": 10.159029007, "max": 24.8957462311, "mean": 12.348739624, "median": 11.562002182, "min": 4.23075580597, "var": 18.7256813049}, "barkbands_flatness_db": {"dmean": 0.0196906141937, "dmean2": 0.0320617258549, "dvar": 0.000365713407518, "dvar2": 0.00089329079492, "max": 0.559588372707, "mean": 0.362019002438, "median": 0.361631989479, "min": 0.0948101356626, "var": 0.00153796712402}, "barkbands_kurtosis": {"dmean": 1.92505729198, "dmean2": 2.98520207405, "dvar": 21.5861854553, "dvar2": 59.9752197266, "max": 137.29699707, "mean": 4.00242090225, "median": 1.37705516815, "min": -1.84761857986, "var": 105.099723816}, "barkbands_skewness": {"dmean": 0.387542128563, "dmean2": 0.576243638992, "dvar": 0.203477054834, "dvar2": 0.414996892214, "max": 9.27375411987, "mean": 0.544226229191, "median": 0.573757529259, "min": -8.85074710846, "var": 2.00373840332}, "barkbands_spread": {"dmean": 1.07763004303, "dmean2": 1.63378298283, "dvar": 2.08992695808, "dvar2": 4.45608472824, "max": 32.8854827881, "mean": 6.12048530579, "median": 5.41680335999, "min": 0.400304943323, "var": 13.309217453}, "dissonance": {"dmean": 0.0431142523885, "dmean2": 0.0735132321715, "dvar": 0.00176163448486, "dvar2": 0.00475276168436, "max": 0.499995589256, "mean": 0.374621510506, "median": 0.380835592747, "min": 0.101678311825, "var": 0.00399778271094}, "dynamic_complexity": 7.25123977661, "erbbands_crest": {"dmean": 2.21479177475, "dmean2": 3.33873105049, "dvar": 6.78129386902, "dvar2": 13.3391208649, "max": 33.2098236084, "mean": 14.5270404816, "median": 13.6637763977, "min": 3.24476122856, "var": 36.0853843689}, "erbbands_flatness_db": {"dmean": 0.015195867978, "dmean2": 0.0236310269684, "dvar": 0.000268885196419, "dvar2": 0.000574617588427, "max": 0.567384123802, "mean": 0.396810680628, "median": 0.395115464926, "min": 0.046213015914, "var": 0.00264413934201}, "erbbands_kurtosis": {"dmean": 1.69438934326, "dmean2": 2.54954147339, "dvar": 8.87024784088, "dvar2": 21.5864868164, "max": 60.2820777893, "mean": 3.23617291451, "median": 1.16595554352, "min": -1.73255944252, "var": 40.7190093994}, "erbbands_skewness": {"dmean": 0.323732256889, "dmean2": 0.459162294865, "dvar": 0.142826288939, "dvar2": 0.274529695511, "max": 6.22477054596, "mean": 0.215648636222, "median": 0.266676604748, "min": -5.1307182312, "var": 1.65330946445}, "erbbands_spread": {"dmean": 1.9133245945, "dmean2": 2.85398650169, "dvar": 5.94995927811, "dvar2": 11.9133491516, "max": 54.0102310181, "mean": 10.4777498245, "median": 9.26655769348, "min": 0.464446038008, "var": 35.6902542114}, "hfc": {"dmean": 3.54801797867, "dmean2": 4.84063243866, "dvar": 65.9072952271, "dvar2": 112.021598816, "max": 161.076431274, "mean": 10.5321559906, "median": 4.42545509338, "min": 1.15490493904e-16, "var": 254.733306885}, "melbands_crest": {"dmean": 2.46176195145, "dmean2": 3.815939188, "dvar": 6.86132383347, "dvar2": 15.8434505463, "max": 33.0603599548, "mean": 14.7785625458, "median": 13.7182197571, "min": 2.12447404861, "var": 26.8241043091}, "melbands_flatness_db": {"dmean": 0.0220897905529, "dmean2": 0.0363792963326, "dvar": 0.000486696808366, "dvar2": 0.00116510875523, "max": 0.658081352711, "mean": 0.475929170847, "median": 0.474868714809, "min": 0.00823619868606, "var": 0.00244587985799}, "melbands_kurtosis": {"dmean": 1.69139885902, "dmean2": 2.51916074753, "dvar": 8.65065956116, "dvar2": 18.9478263855, "max": 108.789772034, "mean": 3.39601397514, "median": 1.79982876778, "min": -1.86235451698, "var": 37.2340660095}, "melbands_skewness": {"dmean": 0.389294028282, "dmean2": 0.577197194099, "dvar": 0.184598699212, "dvar2": 0.369031816721, "max": 6.12854576111, "mean": 0.810689926147, "median": 0.829825043678, "min": -4.69875335693, "var": 1.40288853645}, "melbands_spread": {"dmean": 1.88754165173, "dmean2": 2.80883693695, "dvar": 9.7712802887, "dvar2": 17.2097568512, "max": 126.100570679, "mean": 10.4469718933, "median": 8.59988975525, "min": 0.64337682724, "var": 60.1900138855}, "pitch_salience": {"dmean": 0.0519909895957, "dmean2": 0.0813726335764, "dvar": 0.00301410700195, "dvar2": 0.00733342487365, "max": 0.945868432522, "mean": 0.499662399292, "median": 0.50670337677, "min": 0.0892824903131, "var": 0.0117039596662}, "silence_rate_20dB": {"dmean": 0, "dmean2": 0, "dvar": 0, "dvar2": 0, "max": 1, "mean": 1, "median": 1, "min": 1, "var": 0}, "silence_rate_30dB": {"dmean": 0.00877522863448, "dmean2": 0.0175526570529, "dvar": 0.00869778543711, "dvar2": 0.0184974279255, "max": 1, "mean": 0.985334694386, "median": 1, "min": 0, "var": 0.0144494185224}, "silence_rate_60dB": {"dmean": 0.0433747023344, "dmean2": 0.0867602825165, "dvar": 0.0414970032871, "dvar2": 0.0880028307438, "max": 1, "mean": 0.324266731739, "median": 0, "min": 0, "var": 0.219114661217}, "spectral_centroid": {"dmean": 52.4283485413, "dmean2": 76.2382659912, "dvar": 13973.5029297, "dvar2": 21015.0898438, "max": 10966.0654297, "mean": 600.545715332, "median": 552.830444336, "min": 154.008850098, "var": 76003.1484375}, "spectral_complexity": {"dmean": 1.09088635445, "dmean2": 1.78360080719, "dvar": 1.64035439491, "dvar2": 3.59167170525, "max": 23, "mean": 9.39445972443, "median": 10, "min": 0, "var": 25.0954017639}, "spectral_decrease": {"dmean": 1.18894605272e-09, "dmean2": 1.58971769082e-09, "dvar": 6.84981813246e-18, "dvar2": 1.06270292118e-17, "max": 4.68002432259e-16, "mean": -4.53847359694e-09, "median": -2.15659268221e-09, "min": -7.8837267381e-08, "var": 3.96750464104e-17}, "spectral_energy": {"dmean": 0.00480131944641, "dmean2": 0.00642729829997, "dvar": 0.000111468041723, "dvar2": 0.000173996537342, "max": 0.312159925699, "mean": 0.018084526062, "median": 0.00856086052954, "min": 1.05051356183e-20, "var": 0.000630546011962}, "spectral_energyband_high": {"dmean": 3.00272063214e-07, "dmean2": 4.17283416709e-07, "dvar": 2.73267411303e-12, "dvar2": 5.71098290186e-12, "max": 7.41391631891e-05, "mean": 4.89805131565e-07, "median": 4.25302317808e-08, "min": 8.02524975744e-21, "var": 4.19184999212e-12}, "spectral_energyband_low": {"dmean": 0.000385071587516, "dmean2": 0.000519638706464, "dvar": 9.27222799874e-07, "dvar2": 1.6121941826e-06, "max": 0.026590205729, "mean": 0.00135755329393, "median": 0.000340922735631, "min": 1.54251131948e-23, "var": 6.37694211036e-06}, "spectral_energyband_middle_high": {"dmean": 0.00224072299898, "dmean2": 0.0031801587902, "dvar": 3.96295909013e-05, "dvar2": 7.35359426471e-05, "max": 0.111761361361, "mean": 0.00498659536242, "median": 0.00131790130399, "min": 1.39583507291e-21, "var": 0.000113062764285}, "spectral_energyband_middle_low": {"dmean": 0.0029127181042, "dmean2": 0.00383956707083, "dvar": 6.92213288858e-05, "dvar2": 9.80504555628e-05, "max": 0.306459367275, "mean": 0.012511074543, "median": 0.00472834892571, "min": 2.17273119226e-22, "var": 0.000457753572846}, "spectral_entropy": {"dmean": 0.145631447434, "dmean2": 0.22773784399, "dvar": 0.0342327952385, "dvar2": 0.0799610987306, "max": 9.80402374268, "mean": 5.67824220657, "median": 5.71249675751, "min": 3.77233839035, "var": 0.137410834432}, "spectral_flux": {"dmean": 0.0163463894278, "dmean2": 0.0261414404958, "dvar": 0.000787944707554, "dvar2": 0.00191130454186, "max": 0.29638710618, "mean": 0.0332032740116, "median": 0.0231935866177, "min": 1.02494561449e-10, "var": 0.00120062683709}, "spectral_kurtosis": {"dmean": 33.5861320496, "dmean2": 58.6025695801, "dvar": 922.082702637, "dvar2": 2551.65258789, "max": 320.271484375, "mean": 104.643989563, "median": 103.634468079, "min": -1.18902921677, "var": 2697.04736328}, "spectral_rms": {"dmean": 0.000449938292149, "dmean2": 0.000606143206824, "dvar": 5.3474991546e-07, "dvar2": 8.68109566454e-07, "max": 0.017451254651, "mean": 0.00341361458413, "median": 0.00288999290206, "min": 3.20139227628e-12, "var": 5.99068107476e-06}, "spectral_rolloff": {"dmean": 68.0729751587, "dmean2": 117.732833862, "dvar": 105976.507812, "dvar2": 168327.03125, "max": 19789.0136719, "mean": 817.9453125, "median": 753.662109375, "min": 86.1328125, "var": 502169.75}, "spectral_skewness": {"dmean": 1.8659992218, "dmean2": 3.30092930794, "dvar": 2.41150259972, "dvar2": 6.84669399261, "max": 14.1176071167, "mean": 6.85414218903, "median": 6.8793296814, "min": 0.034764751792, "var": 6.06908845901}, "spectral_spread": {"dmean": 266623.125, "dmean2": 472908.125, "dvar": 177096900608, "dvar2": 321708883968, "max": 40432372, "mean": 938914.1875, "median": 814545.75, "min": 258972.3125, "var": 832699695104}, "spectral_strongpeak": {"dmean": 0.578676700592, "dmean2": 0.870547294617, "dvar": 1.23129928112, "dvar2": 2.35823559761, "max": 17.9426765442, "mean": 1.67639672756, "median": 0.848417758942, "min": 0, "var": 4.29766941071}, "zerocrossingrate": {"dmean": 0.00274911453016, "dmean2": 0.00322512956336, "dvar": 6.54627438053e-05, "dvar2": 6.26124601695e-05, "max": 0.76611328125, "mean": 0.0304247327149, "median": 0.02734375, "min": 0.00537109375, "var": 0.000649419729598}, "barkbands": {"dmean": [1.8802620616e-06, 6.71650559525e-05, 0.000214921237784, 0.000360448029824, 0.000652307353448, 0.000371031230316, 0.00047830134281, 0.00120287481695, 0.000635676202364, 0.00106060877442, 0.000522744492628, 0.000513238483109, 0.000304390065139, 0.000162529293448, 2.96517991956e-05, 1.78889167728e-05, 1.42376466101e-05, 2.56402563537e-06, 2.81971051663e-06, 1.70214423179e-06, 1.52129842945e-07, 2.80538774433e-08, 4.12403977634e-09, 1.08787945319e-09, 7.46238792981e-10, 7.32614802157e-10, 9.48359613062e-10], "dmean2": [3.19543914884e-06, 9.78591488092e-05, 0.000279960688204, 0.000506422715262, 0.000955066236202, 0.000557167863008, 0.000768608064391, 0.00151443551295, 0.000847222516313, 0.00159140781034, 0.000638994970359, 0.000774712709244, 0.000403021287639, 0.000230552788707, 4.54948531114e-05, 2.58514191955e-05, 2.16376756725e-05, 3.8268890421e-06, 4.19044681621e-06, 2.34639060182e-06, 2.09025500908e-07, 4.59889442084e-08, 6.51578746513e-09, 1.92780769126e-09, 1.35620714659e-09, 1.33048938533e-09, 1.68532976463e-09], "dvar": [1.82018358719e-11, 2.23484342143e-08, 3.81120145221e-07, 1.48102492403e-06, 1.84831219485e-06, 6.41175006422e-07, 5.40587507203e-06, 4.09586245951e-05, 5.81378708375e-06, 1.58563871082e-05, 8.89792681846e-06, 7.38137032386e-06, 5.34806713404e-06, 1.01874081793e-06, 7.14643055844e-09, 5.90445825566e-09, 7.95953081223e-09, 1.93049701225e-10, 1.65846586464e-10, 1.65638766592e-10, 1.16991214893e-12, 2.83594789362e-13, 3.12806599267e-15, 2.99460987702e-17, 5.18962032096e-18, 4.95989034456e-18, 4.49879050621e-18], "dvar2": [4.93693211312e-11, 4.4315115133e-08, 6.31371335658e-07, 2.3767465791e-06, 3.6586970964e-06, 1.01206705949e-06, 8.7951138994e-06, 5.54977305001e-05, 1.0177654076e-05, 3.27624038619e-05, 1.22045630633e-05, 1.51893036673e-05, 8.58285784489e-06, 1.74799583874e-06, 1.68602376505e-08, 1.05679376361e-08, 1.63365978523e-08, 3.7902905814e-10, 3.76158632021e-10, 3.1534921896e-10, 2.17834756309e-12, 7.80745910631e-13, 7.36165397711e-15, 7.79127639362e-17, 1.45207867308e-17, 1.38530857132e-17, 1.2770524667e-17], "max": [8.31990910228e-05, 0.00340987066738, 0.015866920352, 0.0629340931773, 0.0399124026299, 0.0270774289966, 0.14467535913, 0.255672872066, 0.0505830384791, 0.0738749504089, 0.104166090488, 0.0545066595078, 0.0946504995227, 0.0431979671121, 0.00193814584054, 0.00247185467742, 0.0026740944013, 0.000691781518981, 0.000424215133535, 0.000283920788206, 6.62320890115e-05, 2.63191450358e-05, 2.58379918705e-06, 1.60153931006e-07, 1.24406312807e-07, 1.21613524584e-07, 1.11039412332e-07], "mean": [2.41059433392e-06, 0.000164841345395, 0.000648873799946, 0.00145536032505, 0.00329056265764, 0.00117425026838, 0.00141223298851, 0.00313096027821, 0.00160648836754, 0.00188623985741, 0.00115653313696, 0.00102737057023, 0.000644989777356, 0.000324934080709, 8.25020106276e-05, 4.10366774304e-05, 2.26267675316e-05, 5.01904014527e-06, 4.8434862947e-06, 2.19410117097e-06, 2.19348095243e-07, 2.59621604215e-08, 4.37965663735e-09, 1.1109969611e-09, 8.43046743526e-10, 9.70920233101e-10, 3.30301053175e-09], "median": [5.80612550038e-07, 3.5107434087e-05, 9.25404165173e-05, 0.000223515715334, 0.000816614541691, 0.00060155801475, 0.000308788119582, 0.00039436831139, 0.000343936379068, 0.000221752561629, 0.000161418458447, 0.00010293473315, 7.29751336621e-05, 3.3169897506e-05, 1.45721396621e-05, 8.51646655065e-06, 3.08657286041e-06, 9.3107757948e-07, 5.17732928529e-07, 8.82756410192e-08, 6.67090604978e-09, 1.04082265029e-09, 5.0200543722e-10, 3.85086351695e-10, 3.8841632688e-10, 5.34848498823e-10, 2.92603652419e-09], "min": [1.35146104115e-23, 1.00039742794e-23, 2.6904909755e-24, 1.93683101602e-24, 1.92619338449e-23, 4.08268145739e-23, 4.4657305404e-23, 6.62098294158e-24, 9.39101799649e-23, 4.30067244004e-23, 4.64819059679e-23, 4.19919116438e-23, 1.23157557747e-22, 1.00472013327e-22, 1.75454592898e-22, 1.14390776113e-22, 1.35538369933e-22, 2.13354664094e-22, 2.99458869764e-22, 2.87042375821e-22, 6.79038542517e-22, 5.55445520929e-22, 6.4591208954e-22, 8.29569460079e-22, 1.36321485407e-21, 1.46873157609e-21, 2.5820864893e-21], "var": [3.28173148378e-11, 1.40824653272e-07, 2.17679826164e-06, 1.35341733767e-05, 2.46490471909e-05, 3.65611981579e-06, 3.60495505447e-05, 0.000190339822439, 2.01363382075e-05, 3.19106366078e-05, 3.32826311933e-05, 1.63192053151e-05, 1.60882154887e-05, 2.6253374017e-06, 2.69748934301e-08, 1.87300948085e-08, 1.12987770251e-08, 3.80523668131e-10, 2.79198858477e-10, 2.31861335687e-10, 2.03075598872e-12, 1.87713424448e-13, 2.95731325611e-15, 2.36652104999e-17, 4.16714608809e-18, 3.94345204863e-18, 3.8108351441e-18]}, "erbbands": {"dmean": [0.00120326504111, 0.0197489969432, 0.184130072594, 0.712466299534, 1.82433772087, 2.19239974022, 2.92482328415, 3.45285272598, 6.3191037178, 17.3091106415, 20.7762928009, 13.8478183746, 26.3513126373, 26.0664234161, 16.825843811, 16.7844753265, 15.2326860428, 9.21506500244, 3.92457032204, 1.27117228508, 0.791521906853, 0.918855786324, 0.23175431788, 0.191340640187, 0.0778809562325, 0.0507674962282, 0.00986714381725, 0.00460641691461, 0.00137233443093, 0.000215725231101, 8.15149978735e-05, 3.27853013005e-05, 1.50562491399e-05, 1.00374309113e-05, 6.88294267093e-06, 4.4143971536e-06, 2.36838150158e-06, 7.79193328526e-07, 2.44181137532e-06, 5.5530190366e-06], "dmean2": [0.00203625345603, 0.0272175874561, 0.235870733857, 1.00101733208, 2.43549251556, 3.30045890808, 4.41148900986, 5.10798406601, 10.5343160629, 20.8064575195, 28.3025054932, 19.2599887848, 38.0210380554, 35.0370750427, 24.986322403, 25.3893451691, 20.1905574799, 12.1177434921, 5.85731363297, 1.90173625946, 1.11703300476, 1.39347076416, 0.339937627316, 0.280699431896, 0.107942871749, 0.0708504989743, 0.0130554558709, 0.00662922114134, 0.00213338970207, 0.000328521447955, 0.000124827711261, 5.45740185771e-05, 2.55051363638e-05, 1.67139769474e-05, 1.10780338218e-05, 6.80141874909e-06, 3.53100449502e-06, 1.20992012853e-06, 3.26558188135e-06, 7.44100179872e-06], "dvar": [7.13458894097e-06, 0.00230415351689, 0.271681576967, 4.34898233414, 22.6083259583, 20.2711086273, 29.0639724731, 89.4705505371, 462.085418701, 10718.4726562, 8034.55126953, 3512.7199707, 8839.77441406, 13579.0957031, 9444.65332031, 7337.56787109, 9935.02539062, 3059.77490234, 402.737304688, 10.310379982, 7.8849568367, 38.930683136, 1.17390155792, 0.856180846691, 0.182062789798, 0.126937136054, 0.0029561992269, 0.00102977431379, 0.000307984708343, 6.09921244177e-06, 5.17994692473e-07, 4.24324859694e-08, 1.64835101124e-09, 7.10341951926e-10, 2.96160540536e-10, 1.08487677175e-10, 2.87985347375e-11, 3.04134343578e-12, 2.84112594562e-11, 1.48801693189e-10], "dvar2": [2.14814881474e-05, 0.00378462811932, 0.411561816931, 7.91540813446, 30.8916568756, 44.0389213562, 65.1288070679, 126.880088806, 1006.82580566, 12497.828125, 14772.8574219, 6951.82226562, 16162.4091797, 19669.7988281, 21821.8027344, 14607.1425781, 15995.3710938, 4933.94091797, 748.239318848, 22.076051712, 13.6903648376, 80.6535415649, 2.27712082863, 1.92480325699, 0.343118518591, 0.243743017316, 0.00489707058296, 0.00231608562171, 0.000825247785542, 1.36198750624e-05, 1.10724647584e-06, 1.07314647835e-07, 4.32769242664e-09, 1.85079818138e-09, 7.35328853363e-10, 2.47488862737e-10, 6.07926278762e-11, 6.92193828297e-12, 4.45196657317e-11, 2.33810526495e-10], "max": [0.0492632575333, 1.23957908154, 14.089805603, 83.4904632568, 213.442611694, 126.350326538, 131.896881104, 345.070587158, 1122.11022949, 4567.50585938, 2054.08056641, 1387.28442383, 1756.6427002, 3909.69067383, 2639.64892578, 1989.2154541, 3868.16894531, 2152.46411133, 662.350097656, 68.0719680786, 84.5469284058, 188.326782227, 48.2069892883, 30.8274707794, 9.20276737213, 7.75392198563, 1.96828198433, 1.83936870098, 0.826618492603, 0.113628394902, 0.0360644198954, 0.00717111537233, 0.00204372289591, 0.00142327183858, 0.000873316661455, 0.000491249549668, 0.000231415819144, 8.13077494968e-05, 0.000151962623931, 0.00035249767825], "mean": [0.00198040460236, 0.0552395917475, 0.587693154812, 2.89035773277, 8.75724601746, 9.4164686203, 10.7939786911, 11.3712368011, 18.5635757446, 53.8971786499, 48.8120613098, 34.2075386047, 52.4267463684, 54.3019828796, 31.8111591339, 35.1241264343, 34.6328697205, 20.0371360779, 8.84885025024, 3.55110573769, 1.9278434515, 1.44507074356, 0.464302241802, 0.344141095877, 0.120424374938, 0.0687838196754, 0.0171448513865, 0.00544625101611, 0.00143191788811, 0.000264847330982, 0.000104428960185, 4.55249064544e-05, 2.81809298031e-05, 2.23051119974e-05, 1.76530484168e-05, 1.2913831597e-05, 7.67785331846e-06, 2.40208578361e-06, 9.31819340622e-06, 2.06588065339e-05], "median": [0.000773052219301, 0.0114096142352, 0.0949414297938, 0.67824947834, 1.80311655998, 1.78800797462, 4.41274785995, 4.57469749451, 5.16714954376, 7.13950014114, 10.7301054001, 6.63669967651, 8.11498260498, 9.81379318237, 4.54144477844, 4.30429840088, 4.33805179596, 2.44897460938, 1.57430994511, 1.14388751984, 0.620632052422, 0.232756361365, 0.106538370252, 0.054335705936, 0.0154058653861, 0.00424186699092, 0.0010919936467, 0.0002828342258, 7.44880890124e-05, 3.33379211952e-05, 2.17356646317e-05, 1.67244579643e-05, 1.37777515192e-05, 1.15488810479e-05, 9.24194137042e-06, 6.65165316605e-06, 4.06881190429e-06, 1.41930604514e-06, 4.6312725317e-06, 9.85047881841e-06], "min": [3.63018844402e-22, 1.74257935081e-21, 4.28958094212e-21, 5.26818851724e-21, 5.48920285664e-20, 5.10372344338e-20, 2.4838354544e-19, 2.87598575619e-19, 5.31388632021e-19, 4.65243961519e-19, 5.11557442124e-19, 1.80825383537e-18, 2.00828058315e-18, 9.11088779915e-19, 2.6029454818e-18, 1.75816184543e-18, 4.99133396119e-18, 4.8361197231e-18, 1.12783710785e-17, 6.03082454002e-18, 6.3065234246e-18, 8.17454374756e-18, 1.35971634763e-17, 8.36266529837e-18, 1.86750234247e-17, 1.28287887878e-17, 1.88410534629e-17, 3.11979671441e-17, 2.09585547673e-17, 1.75333222735e-17, 1.84684416841e-17, 1.88904741957e-17, 1.22341766219e-17, 1.22763603516e-17, 1.22694765546e-17, 6.47933593022e-18, 2.54510942696e-18, 1.37993640547e-18, 3.4081257784e-19, 3.55261471512e-20], "var": [1.12878788059e-05, 0.017254030332, 1.72620999813, 33.9964332581, 252.467712402, 241.464767456, 223.450973511, 521.010070801, 2531.1796875, 62725.0546875, 24190.5117188, 9378.97851562, 20649.9433594, 46994.7890625, 18082.1132812, 17639.3183594, 31093.8105469, 8806.640625, 794.705627441, 36.596206665, 26.8813304901, 52.9230957031, 2.28075361252, 1.46283304691, 0.273494869471, 0.177889302373, 0.00678670778871, 0.00118675956037, 0.000227642784012, 6.49453886581e-06, 6.18850606315e-07, 3.64151517829e-08, 2.18951257125e-09, 1.14064102608e-09, 6.27316865121e-10, 3.10452136221e-10, 1.00228651767e-10, 7.68962497844e-12, 1.54685819709e-10, 8.19805501262e-10]}, "gfcc": {"mean": [-244.245849609, 244.19859314, -130.266418457, -63.7583656311, -14.5084018707, -32.5348472595, -23.9485263824, -10.4853811264, -15.9779186249, -12.0558271408, -4.74922561646, -13.8722200394, -2.80540561676], "cov": [[14833.5693359, 2467.70458984, -4458.1015625, -536.317687988, 1021.55993652, -1094.04443359, -197.228851318, -499.276245117, -633.506469727, -612.339416504, -538.135009766, -838.796203613, -61.8812484741], [2467.70458984, 969.192260742, -476.157501221, -249.611587524, 258.824707031, -142.73425293, -171.328796387, -105.062927246, -131.388595581, -189.910705566, -139.326812744, -189.062438965, -35.2818756104], [-4458.1015625, -476.157501221, 2380.34594727, 542.513916016, -287.734954834, 476.294036865, -1.93373799324, -4.10757160187, 53.8852233887, 7.35541725159, -77.5707168579, 88.2631912231, -75.9881362915], [-536.317687988, -249.611587524, 542.513916016, 664.111022949, 3.50557208061, 5.55587720871, 98.8404998779, -87.6568908691, -74.6727218628, 8.07286453247, -119.478546143, -99.1448822021, -54.8322753906], [1021.55993652, 258.824707031, -287.734954834, 3.50557208061, 258.443847656, 1.35544395447, -45.8000526428, -72.4940261841, -89.440322876, -68.3866500854, -38.529094696, -83.2808761597, -25.4921970367], [-1094.04443359, -142.73425293, 476.294036865, 5.55587720871, 1.35544395447, 450.067871094, 103.675018311, -30.4893093109, 46.8844490051, 61.1324157715, 52.7205162048, 120.084648132, 15.5862550735], [-197.228851318, -171.328796387, -1.93373799324, 98.8404998779, -45.8000526428, 103.675018311, 220.965393066, 62.9577255249, 7.25213527679, 56.772064209, 32.2494850159, 53.3858947754, 31.351442337], [-499.276245117, -105.062927246, -4.10757160187, -87.6568908691, -72.4940261841, -30.4893093109, 62.9577255249, 186.234207153, 109.802749634, 43.260219574, 64.6119384766, 64.489906311, 31.0160484314], [-633.506469727, -131.388595581, 53.8852233887, -74.6727218628, -89.440322876, 46.8844490051, 7.25213527679, 109.802749634, 199.20916748, 131.151916504, 62.1896133423, 67.890914917, 38.1090927124], [-612.339416504, -189.910705566, 7.35541725159, 8.07286453247, -68.3866500854, 61.1324157715, 56.772064209, 43.260219574, 131.151916504, 237.572280884, 148.381790161, 61.3972587585, 30.5478801727], [-538.135009766, -139.326812744, -77.5707168579, -119.478546143, -38.529094696, 52.7205162048, 32.2494850159, 64.6119384766, 62.1896133423, 148.381790161, 218.688796997, 137.572662354, 22.384223938], [-838.796203613, -189.062438965, 88.2631912231, -99.1448822021, -83.2808761597, 120.084648132, 53.3858947754, 64.489906311, 67.890914917, 61.3972587585, 137.572662354, 196.415390015, 61.8788452148], [-61.8812484741, -35.2818756104, -75.9881362915, -54.8322753906, -25.4921970367, 15.5862550735, 31.351442337, 31.0160484314, 38.1090927124, 30.5478801727, 22.384223938, 61.8788452148, 100.881874084]], "icov": [[0.00054307380924, -0.00082317693159, 0.000939226301853, -0.000485828379169, 0.000347555644112, -8.83519678609e-05, -0.000661051773932, 0.00114046467934, -0.000803345232271, 0.00151847756933, -0.000962371821515, 0.00146890163887, -0.000398886477342], [-0.00082317693159, 0.0036386763677, -0.00186290149577, 0.00231369701214, -0.00254882336594, 0.00109472859185, 2.77945473499e-05, 8.59244028106e-05, -0.000122705023387, -0.000493552652188, 0.000442632532213, 0.000165498568094, -0.000230199599173], [0.000939226301853, -0.00186290149577, 0.00377971073613, -0.00333462283015, 0.00387412938289, -0.00412635551766, 0.00383896194398, -0.00288197770715, 0.00266219791956, 0.00042929922347, 0.000735982670449, 0.00127544952556, 0.000187360157724], [-0.000485828379169, 0.00231369701214, -0.00333462283015, 0.00647574895993, -0.00511992583051, 0.00523276440799, -0.00594215141609, 0.00459642056376, -0.0015134223504, -0.00260507618077, 0.00305454689078, -0.00162945117336, 0.00153269001748], [0.000347555644112, -0.00254882336594, 0.00387412938289, -0.00511992583051, 0.0125101450831, -0.00774337816983, 0.0070299776271, -0.00506459688768, 0.00445574009791, 0.00253756390885, -0.0038915888872, 0.00543509470299, -0.00173482927494], [-8.83519678609e-05, 0.00109472859185, -0.00412635551766, 0.00523276440799, -0.00774337816983, 0.0116789806634, -0.0118031958118, 0.011977060698, -0.00957995094359, 0.00301478803158, -0.00189132220112, -0.00260043353774, 0.00101010547951], [-0.000661051773932, 2.77945473499e-05, 0.00383896194398, -0.00594215141609, 0.0070299776271, -0.0118031958118, 0.0240068305284, -0.0232307966799, 0.0225211512297, -0.01814875938, 0.0160795673728, -0.0103189526126, 0.0022973951418], [0.00114046467934, 8.59244028106e-05, -0.00288197770715, 0.00459642056376, -0.00506459688768, 0.011977060698, -0.0232307966799, 0.0354093387723, -0.032464556396, 0.0283384714276, -0.0261879190803, 0.0164974965155, -0.00636604288593], [-0.000803345232271, -0.000122705023387, 0.00266219791956, -0.0015134223504, 0.00445574009791, -0.00957995094359, 0.0225211512297, -0.032464556396, 0.0435567945242, -0.0391602776945, 0.0355822406709, -0.0235394854099, 0.00818276312202], [0.00151847756933, -0.000493552652188, 0.00042929922347, -0.00260507618077, 0.00253756390885, 0.00301478803158, -0.01814875938, 0.0283384714276, -0.0391602776945, 0.0515915639699, -0.0484565198421, 0.0354543924332, -0.0150551619008], [-0.000962371821515, 0.000442632532213, 0.000735982670449, 0.00305454689078, -0.0038915888872, -0.00189132220112, 0.0160795673728, -0.0261879190803, 0.0355822406709, -0.0484565198421, 0.0562286898494, -0.0409494265914, 0.0180149730295], [0.00146890163887, 0.000165498568094, 0.00127544952556, -0.00162945117336, 0.00543509470299, -0.00260043353774, -0.0103189526126, 0.0164974965155, -0.0235394854099, 0.0354543924332, -0.0409494265914, 0.0428462401032, -0.0180946607143], [-0.000398886477342, -0.000230199599173, 0.000187360157724, 0.00153269001748, -0.00173482927494, 0.00101010547951, 0.0022973951418, -0.00636604288593, 0.00818276312202, -0.0150551619008, 0.0180149730295, -0.0180946607143, 0.0197797492146]]}, "melbands": {"dmean": [1.39227067848e-05, 7.20645402907e-05, 0.000149399769725, 0.000146338556078, 9.99849944492e-05, 8.05879026302e-05, 9.22371691559e-05, 0.000220449830522, 0.000169934952282, 8.44014648465e-05, 0.000142453092849, 0.000118590149214, 5.49951801077e-05, 4.52082749689e-05, 5.44700778846e-05, 3.18371712638e-05, 1.59354985954e-05, 8.04431965662e-06, 2.84908878712e-06, 1.45419221553e-06, 7.1005558766e-07, 1.06255652099e-06, 3.21980820672e-07, 1.30685194222e-07, 1.82618563827e-07, 3.80591984595e-08, 1.01222759952e-07, 1.41474663096e-08, 6.25477269978e-09, 3.97895139059e-09, 2.21761342623e-09, 8.24044610326e-10, 2.21101081888e-10, 1.12733863911e-10, 5.23181255263e-11, 2.20746719515e-11, 1.6521846391e-11, 9.4242218196e-12, 7.91323083449e-12, 6.94454823508e-12], "dmean2": [2.16881981032e-05, 9.26486318349e-05, 0.000203946925467, 0.000209009624086, 0.000151828106027, 0.000124330777908, 0.000151898042532, 0.000261980399955, 0.000234958642977, 0.000117242387205, 0.00020784130902, 0.00016478492762, 7.46828736737e-05, 7.13866684237e-05, 7.9418932728e-05, 3.91489120375e-05, 2.19431294681e-05, 1.20631975733e-05, 4.37298467659e-06, 2.16836883737e-06, 9.84549501482e-07, 1.62065987297e-06, 4.7955552418e-07, 1.9528879136e-07, 2.69629651939e-07, 5.739980935e-08, 1.39906859431e-07, 2.00974259457e-08, 8.3156175279e-09, 5.57660939648e-09, 3.31596972103e-09, 1.3488919981e-09, 3.20825949141e-10, 1.80843437447e-10, 8.06310296309e-11, 3.55433946164e-11, 2.91221248505e-11, 1.6954285198e-11, 1.43105284567e-11, 1.25975271881e-11], "dvar": [8.28110024997e-10, 3.94399179982e-08, 2.01556318302e-07, 1.11763696964e-07, 3.92747665501e-08, 3.94006711701e-08, 1.48632906871e-07, 1.74650790541e-06, 5.09022981987e-07, 1.43941988995e-07, 2.68240114565e-07, 2.4509887453e-07, 8.40108711486e-08, 8.46329299975e-08, 1.14623183833e-07, 9.83796510923e-08, 1.20027765504e-08, 2.05252059793e-09, 6.58958304589e-11, 4.41017153352e-11, 5.39003043587e-12, 5.20357680556e-11, 2.71726109495e-12, 4.39151861577e-13, 8.94473189093e-13, 2.00167522667e-14, 6.91205881594e-13, 5.54296243101e-15, 1.50086614957e-15, 1.99410677552e-15, 3.31973308443e-16, 2.46396246293e-16, 5.26762345272e-18, 3.91208866852e-18, 2.77270450189e-19, 1.36660851601e-20, 1.23574587739e-20, 7.67949603641e-22, 5.57188436524e-22, 4.43991516194e-22], "dvar2": [2.1076969059e-09, 5.94021329903e-08, 3.11765631977e-07, 1.9456155087e-07, 9.18476175116e-08, 6.99109108382e-08, 2.65196661076e-07, 2.08034157367e-06, 1.02827050341e-06, 2.84723284949e-07, 5.06329797645e-07, 4.04758623063e-07, 1.62141375881e-07, 2.00572273457e-07, 2.08520006595e-07, 1.52747773541e-07, 1.99048546534e-08, 3.90376397874e-09, 1.54542281749e-10, 7.99788360539e-11, 8.96747866935e-12, 1.07157296925e-10, 5.55994399826e-12, 9.19497984697e-13, 2.0189481597e-12, 4.32811745428e-14, 1.30926855729e-12, 1.13867206611e-14, 2.59085842752e-15, 4.16895047672e-15, 8.49542017663e-16, 6.79721970255e-16, 1.00758349291e-17, 9.3143969773e-18, 5.76027020187e-19, 3.17213392845e-20, 3.16709491218e-20, 2.13111190064e-21, 1.55413696459e-21, 1.2399676691e-21], "max": [0.000495743821375, 0.00545075256377, 0.0225799866021, 0.0108135901392, 0.00586831429973, 0.00664489436895, 0.0233105439693, 0.0582102350891, 0.0139220766723, 0.00918233394623, 0.0089116115123, 0.0143999215215, 0.00705658830702, 0.00737070385367, 0.00985457934439, 0.0131157580763, 0.00495063792914, 0.00149961968418, 0.000197351750103, 0.000217451583012, 5.92930482526e-05, 0.00021560699679, 4.56098096038e-05, 3.64010411431e-05, 3.18749152939e-05, 2.53686562246e-06, 1.84678519872e-05, 1.86573277006e-06, 9.34486479309e-07, 3.627867045e-06, 6.07911715633e-07, 7.78410935709e-07, 1.68607670048e-07, 9.41639726193e-08, 3.14210559793e-08, 2.84823031826e-09, 3.86508691719e-09, 1.44557288362e-09, 1.2729153287e-09, 1.16260134853e-09], "mean": [2.94341371045e-05, 0.000223984141485, 0.000690833025146, 0.000679437420331, 0.000415826041717, 0.000253889011219, 0.00027283228701, 0.000661447120365, 0.000386736908695, 0.000204862837563, 0.00027258717455, 0.000234952894971, 0.000111560555524, 8.16561951069e-05, 0.000119110765809, 6.8719527917e-05, 3.29930335283e-05, 1.63195109053e-05, 7.90534068074e-06, 3.25701080328e-06, 1.70858447746e-06, 1.60126523951e-06, 5.79856418881e-07, 2.53438912523e-07, 3.16780813137e-07, 6.42176587462e-08, 1.25082593172e-07, 2.14704414248e-08, 1.16448362064e-08, 5.11479392173e-09, 2.40844189037e-09, 7.53560824851e-10, 2.65622385198e-10, 1.15033579884e-10, 5.726423849e-11, 2.44939121069e-11, 1.60498454804e-11, 1.03113455274e-11, 8.85175092946e-12, 7.76206182662e-12], "median": [7.90839294496e-06, 3.52467104676e-05, 0.000161483345437, 0.000150854684762, 0.000131813198095, 0.000115526381705, 7.34284767532e-05, 6.77639618516e-05, 8.67929193191e-05, 3.53894392902e-05, 3.59711848432e-05, 3.82615908165e-05, 1.68223086803e-05, 8.18003445602e-06, 1.13926562335e-05, 4.69297629024e-06, 3.15820307151e-06, 1.81542350219e-06, 1.34575702759e-06, 6.55949577322e-07, 4.69534484182e-07, 1.69558290963e-07, 1.132440417e-07, 5.14291222942e-08, 3.05582688043e-08, 7.44962180832e-09, 3.4038039054e-09, 1.4600668452e-09, 4.520443464e-10, 1.32718391832e-10, 6.24231707991e-11, 2.19925223865e-11, 1.44036553518e-11, 1.05138016349e-11, 7.88256265816e-12, 5.74855267554e-12, 4.88277517377e-12, 4.33754291165e-12, 3.92939803959e-12, 3.58352063301e-12], "min": [2.83077391306e-24, 2.47904568454e-24, 2.31856041363e-24, 3.82092194736e-24, 6.99939715124e-24, 6.71153234059e-24, 8.57189749135e-24, 3.9678465021e-24, 6.08945477453e-24, 1.20121096438e-23, 1.01372633734e-23, 3.78202124397e-24, 6.61881436296e-24, 6.78894878325e-24, 4.69660882812e-24, 1.41438042918e-23, 7.27443823901e-24, 1.89903116803e-23, 9.53449081145e-24, 7.41115335591e-24, 6.96675803128e-24, 7.1257253366e-24, 1.35726453306e-23, 9.30749450825e-24, 5.6152614125e-24, 1.36980268829e-23, 1.06778642298e-23, 8.0910528486e-24, 1.12449897452e-23, 1.46960668789e-23, 1.85419610071e-23, 1.18170543187e-23, 9.28840644092e-24, 1.00364863928e-23, 9.3463908729e-24, 1.41409565039e-23, 1.05459098884e-23, 7.94158973947e-24, 8.05130609189e-24, 1.16678034131e-23], "var": [3.22465276703e-09, 2.58776225337e-07, 1.95403617909e-06, 1.24081418562e-06, 4.08091153759e-07, 2.07649108575e-07, 9.3259723144e-07, 9.69388656813e-06, 1.38510017678e-06, 3.74057776753e-07, 6.06186119967e-07, 7.41558778827e-07, 2.26910970014e-07, 1.47578830934e-07, 3.11394586561e-07, 2.93078187497e-07, 3.28649889525e-08, 3.79842157727e-09, 2.61945409807e-10, 1.34838556987e-10, 2.05731889857e-11, 7.15553380437e-11, 4.3332165113e-12, 7.51272633513e-13, 1.52642243463e-12, 3.48655566224e-14, 9.66928685557e-13, 8.50081588238e-15, 3.41676277318e-15, 2.67467276117e-15, 2.80919562218e-16, 1.61162616299e-16, 8.55741670179e-18, 3.56706212245e-18, 3.43908223734e-19, 1.62672596095e-20, 9.68145759864e-21, 6.35766404288e-22, 4.58327580088e-22, 3.59341036022e-22]}, "mfcc": {"mean": [-841.794677734, 235.655288696, -7.30192422867, -28.34516716, 2.8833129406, -10.8722963333, -9.69538211823, -4.29064178467, -6.97489595413, -4.6328291893, -3.53388738632, -4.61226940155, -3.29297876358], "cov": [[6955.77832031, 3823.8671875, -2270.07519531, -522.643493652, 400.668060303, -469.881286621, -93.4455795288, -42.9203033447, -242.296066284, -142.827011108, -279.300079346, -454.291503906, -496.448760986], [3823.8671875, 2450.00805664, -961.779174805, -459.611602783, 232.018661499, -170.360916138, -107.674476624, -7.36411762238, -125.979415894, -112.226066589, -154.545791626, -284.114349365, -323.324890137], [-2270.07519531, -961.779174805, 1166.9666748, 303.14743042, -66.4877166748, 249.049987793, 35.551410675, 6.49323987961, 93.8826599121, 45.543762207, 63.3430900574, 73.0492477417, 67.9682846069], [-522.643493652, -459.611602783, 303.14743042, 623.665405273, 179.980072021, 23.7581043243, 96.473526001, -25.198923111, 4.36497211456, 67.092956543, -23.758895874, -60.602104187, -58.6832542419], [400.668060303, 232.018661499, -66.4877166748, 179.980072021, 287.703521729, 90.7873764038, 26.8288631439, 8.03087520599, -45.4405632019, -11.5469150543, -24.0426673889, -125.737251282, -144.8881073], [-469.881286621, -170.360916138, 249.049987793, 23.7581043243, 90.7873764038, 292.20199585, 143.8855896, 15.7840194702, -2.91587090492, 1.55952382088, 30.6439990997, -23.1729259491, -38.8514137268], [-93.4455795288, -107.674476624, 35.551410675, 96.473526001, 26.8288631439, 143.8855896, 216.435043335, 65.5464706421, -11.9677724838, 6.11018037796, -2.27692818642, -5.21550989151, 3.22076821327], [-42.9203033447, -7.36411762238, 6.49323987961, -25.198923111, 8.03087520599, 15.7840194702, 65.5464706421, 147.737808228, 60.8141784668, -50.1447715759, -20.7248420715, 6.24185419083, -3.70738911629], [-242.296066284, -125.979415894, 93.8826599121, 4.36497211456, -45.4405632019, -2.91587090492, -11.9677724838, 60.8141784668, 133.106185913, 56.0016441345, -7.31465005875, 12.3242578506, 23.110742569], [-142.827011108, -112.226066589, 45.543762207, 67.092956543, -11.5469150543, 1.55952382088, 6.11018037796, -50.1447715759, 56.0016441345, 170.225830078, 60.3824996948, -26.9549312592, 15.2636766434], [-279.300079346, -154.545791626, 63.3430900574, -23.758895874, -24.0426673889, 30.6439990997, -2.27692818642, -20.7248420715, -7.31465005875, 60.3824996948, 126.902610779, 71.5065536499, 9.38782215118], [-454.291503906, -284.114349365, 73.0492477417, -60.602104187, -125.737251282, -23.1729259491, -5.21550989151, 6.24185419083, 12.3242578506, -26.9549312592, 71.5065536499, 229.498916626, 163.869873047], [-496.448760986, -323.324890137, 67.9682846069, -58.6832542419, -144.8881073, -38.8514137268, 3.22076821327, -3.70738911629, 23.110742569, 15.2636766434, 9.38782215118, 163.869873047, 266.179199219]], "icov": [[7.76263570786, -10.8299331665, 10.423377037, -9.73370265961, 8.82773208618, -7.70796346664, 6.45588874817, -5.13788700104, 3.8462100029, -2.65182805061, 1.61006319523, -0.832505702972, 0.319793105125], [-10.8299331665, 15.1109037399, -14.5441837311, 13.5859508514, -12.3247890472, 10.7648200989, -9.01939105988, 7.18083000183, -5.37709522247, 3.70852899551, -2.25137066841, 1.16506409645, -0.446693211794], [10.423377037, -14.5441837311, 14.0078802109, -13.0915374756, 11.8874378204, -10.3960437775, 8.72201633453, -6.95365953445, 5.21482658386, -3.60278654099, 2.19146728516, -1.13594555855, 0.437500596046], [-9.73370265961, 13.5859508514, -13.0915374756, 12.2517232895, -11.1403532028, 9.75859928131, -8.2045917511, 6.55575990677, -4.92696714401, 3.41024041176, -2.07719039917, 1.07991242409, -0.415959149599], [8.82773208618, -12.3247890472, 11.8874378204, -11.1403532028, 10.1567525864, -8.91681671143, 7.5189499855, -6.0298409462, 4.54971551895, -3.16136741638, 1.93357026577, -1.00872528553, 0.393453717232], [-7.70796346664, 10.7648200989, -10.3960437775, 9.75859928131, -8.91681671143, 7.8616566658, -6.65333747864, 5.35634613037, -4.0589838028, 2.83595013618, -1.74421668053, 0.916460454464, -0.358070492744], [6.45588874817, -9.01939105988, 8.72201633453, -8.2045917511, 7.5189499855, -6.65333747864, 5.6621670723, -4.58177232742, 3.49080896378, -2.45296168327, 1.51645314693, -0.802096962929, 0.316301643848], [-5.13788700104, 7.18083000183, -6.95365953445, 6.55575990677, -6.0298409462, 5.35634613037, -4.58177232742, 3.742582798, -2.8696949482, 2.03210496902, -1.26392447948, 0.674544274807, -0.270126372576], [3.8462100029, -5.37709522247, 5.21482658386, -4.92696714401, 4.54971551895, -4.0589838028, 3.49080896378, -2.8696949482, 2.22653222084, -1.58698964119, 0.997336685658, -0.537134110928, 0.219281196594], [-2.65182805061, 3.70852899551, -3.60278654099, 3.41024041176, -3.16136741638, 2.83595013618, -2.45296168327, 2.03210496902, -1.58698964119, 1.15203762054, -0.732053935528, 0.400421917439, -0.167255342007], [1.61006319523, -2.25137066841, 2.19146728516, -2.07719039917, 1.93357026577, -1.74421668053, 1.51645314693, -1.26392447948, 0.997336685658, -0.732053935528, 0.482183605433, -0.265505373478, 0.11445504427], [-0.832505702972, 1.16506409645, -1.13594555855, 1.07991242409, -1.00872528553, 0.916460454464, -0.802096962929, 0.674544274807, -0.537134110928, 0.400421917439, -0.265505373478, 0.156614124775, -0.0689522698522], [0.319793105125, -0.446693211794, 0.437500596046, -0.415959149599, 0.393453717232, -0.358070492744, 0.316301643848, -0.270126372576, 0.219281196594, -0.167255342007, 0.11445504427, -0.0689522698522, 0.0374663844705]]}, "spectral_contrast_coeffs": {"dmean": [0.0366679728031, 0.033929284662, 0.0316147617996, 0.0261530075222, 0.0183925312012, 0.0363260731101], "dmean2": [0.0611499398947, 0.0537379160523, 0.0491065904498, 0.0404756851494, 0.0289598237723, 0.0640244558454], "dvar": [0.000926837150473, 0.000991125358269, 0.000989646301605, 0.000793933169916, 0.000351520313416, 0.00114610558376], "dvar2": [0.00252527045086, 0.0023563480936, 0.00210314732976, 0.00178011856042, 0.000812293670606, 0.00324455904774], "max": [-0.219266697764, -0.37670186162, -0.411107927561, -0.454467236996, -0.555954754353, -0.595643401146], "mean": [-0.592597842216, -0.70583075285, -0.696895718575, -0.69379901886, -0.705497443676, -0.880388021469], "median": [-0.573187232018, -0.713501095772, -0.703076243401, -0.690946519375, -0.687388420105, -0.891889154911], "min": [-0.959447145462, -0.968321442604, -0.975545585155, -0.986451089382, -0.966638088226, -0.963512420654], "var": [0.0184729583561, 0.00546931149438, 0.00651824846864, 0.0060944785364, 0.00611973600462, 0.00258961832151]}, "spectral_contrast_valleys": {"dmean": [0.364334791899, 0.269651204348, 0.31817778945, 0.312442928553, 0.280449748039, 0.738818526268], "dmean2": [0.60022354126, 0.435929238796, 0.504293620586, 0.482618331909, 0.42591765523, 1.31433796883], "dvar": [0.103517301381, 0.0833994448185, 0.142420426011, 0.17099109292, 0.169982641935, 0.415424048901], "dvar2": [0.254474490881, 0.171790316701, 0.289146572351, 0.336624979973, 0.341038256884, 1.24366903305], "max": [-6.30506801605, -5.00315523148, -5.6703710556, -6.58599758148, -8.55779075623, -11.9375009537], "mean": [-8.85202884674, -7.16189289093, -8.51879024506, -9.79679965973, -12.1042423248, -14.7509355545], "median": [-8.76610946655, -6.85