{"lowlevel": {"average_loudness": 0.923305213451, "barkbands_crest": {"dmean": 2.8108689785, "dmean2": 4.5625743866, "dvar": 6.21932983398, "dvar2": 16.0501804352, "max": 25.0334358215, "mean": 11.5095214844, "median": 10.8845882416, "min": 3.01402282715, "var": 15.1299934387}, "barkbands_flatness_db": {"dmean": 0.0301105305552, "dmean2": 0.0443375594914, "dvar": 0.00107124878559, "dvar2": 0.00202932092361, "max": 0.464219361544, "mean": 0.17346149683, "median": 0.155557245016, "min": 0.034090988338, "var": 0.00600677588955}, "barkbands_kurtosis": {"dmean": 4.93493556976, "dmean2": 7.78588628769, "dvar": 91.1590118408, "dvar2": 211.23677063, "max": 239.755004883, "mean": 8.65951919556, "median": 4.05860805511, "min": -1.89801478386, "var": 239.891708374}, "barkbands_skewness": {"dmean": 0.748033702374, "dmean2": 1.12578761578, "dvar": 0.665065705776, "dvar2": 1.55382180214, "max": 11.4687261581, "mean": 2.09725046158, "median": 1.9887843132, "min": -5.19553136826, "var": 2.41824746132}, "barkbands_spread": {"dmean": 7.44373846054, "dmean2": 11.2121582031, "dvar": 102.400993347, "dvar2": 224.549423218, "max": 112.555366516, "mean": 20.8665714264, "median": 17.9448318481, "min": 0.445647716522, "var": 219.328491211}, "dissonance": {"dmean": 0.0202086176723, "dmean2": 0.0334648191929, "dvar": 0.000559748965316, "dvar2": 0.00146138935816, "max": 0.499999880791, "mean": 0.450490415096, "median": 0.463198512793, "min": 0.175608217716, "var": 0.00186780188233}, "dynamic_complexity": 3.80542683601, "erbbands_crest": {"dmean": 3.19862771034, "dmean2": 4.61754274368, "dvar": 10.3238954544, "dvar2": 20.6317405701, "max": 34.3921012878, "mean": 13.7332582474, "median": 12.7280454636, "min": 2.42415714264, "var": 43.7290229797}, "erbbands_flatness_db": {"dmean": 0.0260036066175, "dmean2": 0.0330326892436, "dvar": 0.000907902314793, "dvar2": 0.00158734433353, "max": 0.449504286051, "mean": 0.15427364409, "median": 0.139623180032, "min": 0.0370859913528, "var": 0.00483486847952}, "erbbands_kurtosis": {"dmean": 2.04590725899, "dmean2": 2.9394493103, "dvar": 21.4932327271, "dvar2": 44.5446243286, "max": 127.669403076, "mean": 2.75234127045, "median": 0.423620462418, "min": -1.90715706348, "var": 65.8588943481}, "erbbands_skewness": {"dmean": 0.462249904871, "dmean2": 0.685348153114, "dvar": 0.371379554272, "dvar2": 0.804746866226, "max": 7.12532377243, "mean": 0.332356065512, "median": 0.303140550852, "min": -5.248691082, "var": 1.25942969322}, "erbbands_spread": {"dmean": 14.046620369, "dmean2": 20.1944026947, "dvar": 304.853851318, "dvar2": 662.721313477, "max": 161.686187744, "mean": 44.4804191589, "median": 39.7008705139, "min": 0.622259259224, "var": 817.779052734}, "hfc": {"dmean": 13.7674312592, "dmean2": 20.976808548, "dvar": 638.508911133, "dvar2": 1532.78466797, "max": 191.95300293, "mean": 20.0136985779, "median": 11.0842952728, "min": 1.21726787213e-16, "var": 699.706420898}, "melbands_crest": {"dmean": 3.37911200523, "dmean2": 5.47061300278, "dvar": 8.41727352142, "dvar2": 21.735124588, "max": 31.6392650604, "mean": 16.6658973694, "median": 16.2922554016, "min": 1.89806139469, "var": 25.499879837}, "melbands_flatness_db": {"dmean": 0.0352714210749, "dmean2": 0.052646573633, "dvar": 0.00148395844735, "dvar2": 0.00282042007893, "max": 0.579507529736, "mean": 0.265035152435, "median": 0.250649869442, "min": 0.00605784542859, "var": 0.00807468593121}, "melbands_kurtosis": {"dmean": 17.5033912659, "dmean2": 27.8664627075, "dvar": 1024.11303711, "dvar2": 2477.31665039, "max": 638.74230957, "mean": 29.2250614166, "median": 14.2246665955, "min": -1.86763834953, "var": 2077.55273438}, "melbands_skewness": {"dmean": 1.27379131317, "dmean2": 1.92405772209, "dvar": 2.39272046089, "dvar2": 5.63556003571, "max": 21.536272049, "mean": 3.7252471447, "median": 3.23857569695, "min": -2.44534349442, "var": 6.80061912537}, "melbands_spread": {"dmean": 6.50577831268, "dmean2": 10.0096549988, "dvar": 128.330444336, "dvar2": 263.929870605, "max": 245.901290894, "mean": 17.0978717804, "median": 13.6118011475, "min": 0.329166710377, "var": 270.885009766}, "pitch_salience": {"dmean": 0.078165538609, "dmean2": 0.126262828708, "dvar": 0.00523291574791, "dvar2": 0.0133566763252, "max": 0.966244220734, "mean": 0.480389297009, "median": 0.480788677931, "min": 0.0804126784205, "var": 0.0125982090831}, "silence_rate_20dB": {"dmean": 0, "dmean2": 0, "dvar": 0, "dvar2": 0, "max": 1, "mean": 1, "median": 1, "min": 1, "var": 0}, "silence_rate_30dB": {"dmean": 0.065386608243, "dmean2": 0.130807161331, "dvar": 0.0611095651984, "dvar2": 0.156259343028, "max": 1, "mean": 0.95538264513, "median": 1, "min": 0, "var": 0.042625349015}, "silence_rate_60dB": {"dmean": 0.0176440067589, "dmean2": 0.0352971702814, "dvar": 0.0173331219703, "dvar2": 0.0392421223223, "max": 1, "mean": 0.0752269774675, "median": 0, "min": 0, "var": 0.06956769526}, "spectral_centroid": {"dmean": 260.561584473, "dmean2": 399.138183594, "dvar": 144289.375, "dvar2": 295966.84375, "max": 11324.6298828, "mean": 1027.46838379, "median": 939.502563477, "min": 120.936508179, "var": 373956.0625}, "spectral_complexity": {"dmean": 3.41982364655, "dmean2": 5.12379980087, "dvar": 35.455745697, "dvar2": 72.9878158569, "max": 58, "mean": 11.1486377716, "median": 10, "min": 0, "var": 64.0868301392}, "spectral_decrease": {"dmean": 4.95429830494e-09, "dmean2": 8.33765234631e-09, "dvar": 9.17805991069e-17, "dvar2": 2.48812619534e-16, "max": 6.42163007361e-17, "mean": -8.08442024436e-09, "median": -5.48907408415e-09, "min": -7.91169583181e-08, "var": 8.56206446422e-17}, "spectral_energy": {"dmean": 0.0197256337851, "dmean2": 0.0329942926764, "dvar": 0.0014259738382, "dvar2": 0.00384596083313, "max": 0.303634881973, "mean": 0.032327786088, "median": 0.021961228922, "min": 1.09731324369e-20, "var": 0.00134505110327}, "spectral_energyband_high": {"dmean": 0.00111733120866, "dmean2": 0.0017019304214, "dvar": 4.88787327413e-06, "dvar2": 1.15406883197e-05, "max": 0.0208346433938, "mean": 0.00116939423606, "median": 0.000318086153129, "min": 8.09712157447e-21, "var": 5.12593987878e-06}, "spectral_energyband_low": {"dmean": 0.0126130552962, "dmean2": 0.0218748580664, "dvar": 0.0010120975785, "dvar2": 0.00277557759546, "max": 0.262353420258, "mean": 0.0172590836883, "median": 0.0092076510191, "min": 6.89260021525e-23, "var": 0.000829412718304}, "spectral_energyband_middle_high": {"dmean": 0.00165123282932, "dmean2": 0.00214886874892, "dvar": 8.32207479107e-06, "dvar2": 1.4157237274e-05, "max": 0.0571171455085, "mean": 0.00431226519868, "median": 0.00292780133896, "min": 1.77668702054e-21, "var": 2.49862659985e-05}, "spectral_energyband_middle_low": {"dmean": 0.00792871508747, "dmean2": 0.0128688234836, "dvar": 0.00032423925586, "dvar2": 0.000854252488352, "max": 0.153469458222, "mean": 0.0117651540786, "median": 0.00610708259046, "min": 2.71263794565e-22, "var": 0.000314298318699}, "spectral_entropy": {"dmean": 0.283281832933, "dmean2": 0.372189134359, "dvar": 0.115534223616, "dvar2": 0.179548755288, "max": 9.79132080078, "mean": 7.32863521576, "median": 7.49458694458, "min": 4.87511539459, "var": 0.562416255474}, "spectral_flux": {"dmean": 0.0411292240024, "dmean2": 0.0638580694795, "dvar": 0.00383799895644, "dvar2": 0.00757936714217, "max": 0.507228791714, "mean": 0.0835111141205, "median": 0.0594002194703, "min": 1.04752720387e-10, "var": 0.00586976064369}, "spectral_kurtosis": {"dmean": 2.15727448463, "dmean2": 3.35603308678, "dvar": 15.6585836411, "dvar2": 42.9499702454, "max": 61.7629852295, "mean": 5.34049272537, "median": 3.45991373062, "min": -1.24553096294, "var": 39.917766571}, "spectral_rms": {"dmean": 0.00136837246828, "dmean2": 0.00213634595275, "dvar": 4.11087330576e-06, "dvar2": 1.04802957139e-05, "max": 0.0172113087028, "mean": 0.00493536423892, "median": 0.00462877843529, "min": 3.27192526545e-12, "var": 7.18144019629e-06}, "spectral_rolloff": {"dmean": 504.578948975, "dmean2": 880.176086426, "dvar": 1704204.125, "dvar2": 3993259, "max": 19745.9472656, "mean": 1092.16369629, "median": 796.728515625, "min": 64.599609375, "var": 3484428.25}, "spectral_skewness": {"dmean": 0.277663618326, "dmean2": 0.409184008837, "dvar": 0.114957660437, "dvar2": 0.262076318264, "max": 5.79188871384, "mean": 1.73472738266, "median": 1.56457054615, "min": -0.0311274640262, "var": 0.474211782217}, "spectral_spread": {"dmean": 1167419, "dmean2": 1504505.125, "dvar": 1840396632060.0, "dvar2": 3111054999550.0, "max": 42229052, "mean": 5996308, "median": 5858794, "min": 1001392.625, "var": 6048620478460.0}, "spectral_strongpeak": {"dmean": 0.462746173143, "dmean2": 0.78389030695, "dvar": 0.833226799965, "dvar2": 1.93427562714, "max": 13.465754509, "mean": 0.842676520348, "median": 0.462984204292, "min": 0, "var": 1.2897592783}, "zerocrossingrate": {"dmean": 0.0141705451533, "dmean2": 0.0164607688785, "dvar": 0.000318214442814, "dvar2": 0.000373701477656, "max": 0.69384765625, "mean": 0.0570949614048, "median": 0.048828125, "min": 0.00439453125, "var": 0.00256181741133}, "barkbands": {"dmean": [0.000160665324074, 0.00860869791359, 0.00423136074096, 0.00295908260159, 0.00508961314335, 0.000297134771245, 9.15786440601e-05, 6.01582432864e-05, 0.000157635455253, 0.000451293773949, 0.000664877530653, 0.00017319204926, 0.000395943323383, 0.000114991176815, 0.000145195343066, 8.00467314548e-05, 8.91040399438e-05, 6.99253578205e-05, 8.59151987243e-05, 6.28949346719e-05, 0.000149112413055, 0.000143215758726, 0.000213740451727, 9.86148006632e-05, 0.000170059822267, 0.000327604357153, 4.68128928333e-05], "dmean2": [0.000252819212619, 0.0148471407592, 0.00752884242684, 0.00492264423519, 0.00820193253458, 0.000480091228383, 0.000155473782797, 8.88845897862e-05, 0.000246654526563, 0.000614677846897, 0.000821274821647, 0.000238086009631, 0.000507079879753, 0.000168780636159, 0.000224030329264, 0.000125961421872, 0.000138816874824, 0.000110687702545, 0.000141266267747, 0.000104147715319, 0.000218701199628, 0.000227958604228, 0.000326239416609, 0.000154329900397, 0.000267201627139, 0.000539089087397, 7.69945327193e-05], "dvar": [1.67317338651e-07, 0.000598576269113, 7.83608411439e-05, 3.62316968676e-05, 0.000143956727698, 2.7665001312e-07, 5.18916962733e-08, 1.76190209089e-08, 1.39041901548e-07, 8.4824125679e-07, 3.95476263293e-06, 2.29329145895e-07, 3.05419712276e-06, 7.86801948038e-08, 2.74907790754e-07, 2.93410131746e-08, 2.8058893875e-08, 2.18956319742e-08, 4.21689314578e-08, 2.05386321284e-08, 1.59495741059e-07, 8.81552892906e-08, 2.81668434354e-07, 3.63734251607e-08, 1.19215229688e-07, 6.45515228825e-07, 1.14076179614e-08], "dvar2": [4.17368283934e-07, 0.001634993474, 0.000224910851102, 9.35676434892e-05, 0.0003833391238, 7.21197807252e-07, 1.44739132679e-07, 3.881267574e-08, 3.18361628615e-07, 1.54991209911e-06, 6.60290425003e-06, 3.53867193326e-07, 4.4127491492e-06, 1.52429436184e-07, 5.94635707785e-07, 6.51111449201e-08, 5.89475206425e-08, 5.22587590979e-08, 1.06845348569e-07, 5.3421796764e-08, 2.93149184927e-07, 2.24878078825e-07, 6.78385958963e-07, 8.72511733974e-08, 2.90411549031e-07, 1.61984212355e-06, 2.90965225247e-08], "max": [0.00494795339182, 0.199792742729, 0.0936881303787, 0.0579178705812, 0.0918582454324, 0.0104613853619, 0.0024771776516, 0.00246711401269, 0.0127672981471, 0.0227211024612, 0.046766191721, 0.0143571402878, 0.0550600029528, 0.0133210215718, 0.0220429114997, 0.00278972974047, 0.00495657045394, 0.00195773947053, 0.00376855139621, 0.00133257452399, 0.0110440868884, 0.0029045867268, 0.00689799664542, 0.00185265694745, 0.00286291283555, 0.00672941608354, 0.00100347248372], "mean": [0.000253659003647, 0.00989042967558, 0.00525052193552, 0.0039678812027, 0.00586237804964, 0.000673476199154, 0.000134951842483, 9.74550566752e-05, 0.000305055407807, 0.00143724330701, 0.00130460050423, 0.000325459055603, 0.000582375738304, 0.00021352811018, 0.000267708644969, 0.000124189653434, 0.000195233922568, 0.000107405452582, 0.000132250308525, 7.95669620857e-05, 0.000205415402888, 0.000148106104461, 0.000200037669856, 0.00010397247388, 0.000157699454576, 0.000269024283625, 3.81297249987e-05], "median": [4.71058992844e-05, 0.00337154860608, 0.00239649810828, 0.0015622805804, 0.00207207887433, 0.000410115724662, 5.24328133906e-05, 3.05338398903e-05, 8.22866277304e-05, 0.000331933639245, 0.000151107888087, 5.47070958419e-05, 2.6725945645e-05, 6.05102577538e-05, 8.87862988748e-05, 4.54554829048e-05, 7.48653255869e-05, 3.82105536119e-05, 5.56292907277e-05, 3.17198500852e-05, 6.99567463016e-05, 4.46424201073e-05, 3.1983556255e-05, 3.27011985064e-05, 3.10217983497e-05, 3.0221985071e-05, 5.24251754541e-06], "min": [1.29785084289e-23, 2.44739141798e-23, 2.22338253103e-23, 3.60672254577e-23, 7.76847626485e-23, 1.85414324702e-23, 3.4412782191e-23, 7.05197977928e-23, 2.89029642659e-23, 4.02450138791e-23, 1.00757303296e-22, 5.92920099485e-23, 1.07829889384e-22, 1.58349513631e-22, 8.2398162381e-23, 3.29295810632e-22, 1.86718529504e-22, 2.02238074083e-22, 2.91417385779e-22, 4.94482350174e-22, 3.51443642215e-22, 4.54142956976e-22, 5.06100239202e-22, 8.54642867526e-22, 1.3936305033e-21, 1.522106637e-21, 2.92057703545e-21], "var": [2.44892362389e-07, 0.000463860051241, 7.47746962588e-05, 4.15939284721e-05, 0.000128902422148, 6.8611370807e-07, 5.24587484563e-08, 4.184475344e-08, 5.35448805294e-07, 5.65173468203e-06, 9.74175600277e-06, 8.74008435403e-07, 8.73816225067e-06, 2.96970966929e-07, 6.38649055418e-07, 5.74988163748e-08, 1.97994921791e-07, 3.64170560374e-08, 5.86327502106e-08, 2.24244551816e-08, 3.69661478317e-07, 7.90322332023e-08, 2.67015593636e-07, 3.62891299233e-08, 1.11658316371e-07, 5.35433059667e-07, 9.21946696764e-09]}, "erbbands": {"dmean": [0.221945613623, 2.04717683792, 4.95963478088, 6.63797664642, 23.2076759338, 9.27524375916, 3.51014041901, 1.93409883976, 1.64124011993, 0.79493033886, 1.66356539726, 3.36199307442, 11.6819353104, 14.8112421036, 23.0341091156, 10.127286911, 19.7750835419, 7.15099477768, 6.88962554932, 6.11366796494, 4.7106256485, 3.81802725792, 4.07630157471, 5.08437204361, 3.04487466812, 3.1106710434, 5.12836790085, 5.91163539886, 4.95605134964, 4.17889451981, 7.00432538986, 3.16352558136, 1.42975199223, 1.45664191246, 1.70199346542, 2.0969119072, 0.326642096043, 0.0798986777663, 0.00663451198488, 0.000405642349506], "dmean2": [0.36619079113, 3.61330223083, 8.81536388397, 11.3828306198, 36.9690971375, 15.7403888702, 5.69554615021, 3.20153689384, 2.73179149628, 1.34693169594, 2.40024280548, 5.05795717239, 17.4433555603, 18.2578716278, 28.6072311401, 13.2374153137, 24.8738327026, 10.3907709122, 10.6839866638, 9.37022209167, 7.26038455963, 6.04570388794, 6.52958869934, 8.35747337341, 4.84950971603, 5.12214422226, 7.41003322601, 8.97594738007, 7.74340438843, 6.764752388, 10.8514184952, 4.85747337341, 2.21042490005, 2.22990775108, 2.71665143967, 3.43837976456, 0.533835291862, 0.135495334864, 0.0107381101698, 0.000647749868222], "dvar": [0.372981101274, 35.0390434265, 128.307800293, 131.575439453, 3056.57714844, 490.550140381, 42.3550338745, 11.7640762329, 12.3865661621, 3.87377858162, 12.8599271774, 62.3076705933, 676.279602051, 1113.29370117, 4107.23046875, 689.067199707, 8052.31933594, 298.392669678, 917.14642334, 175.763366699, 88.0220718384, 55.4213409424, 71.6800537109, 163.752258301, 54.8786659241, 49.9267807007, 232.646697998, 169.08732605, 89.8655548096, 87.2442016602, 342.041381836, 49.3610191345, 7.55714273453, 8.33018779755, 12.8931379318, 28.8652477264, 0.571381270885, 0.0496318414807, 0.000216214670218, 7.23059997654e-07], "dvar2": [0.953069865704, 98.1438903809, 366.332611084, 350.616607666, 8030.4140625, 1359.87902832, 111.91153717, 30.980266571, 33.9787025452, 10.8192892075, 26.6918811798, 122.827476501, 1569.2545166, 1737.32678223, 6856.93652344, 997.593994141, 11690.6083984, 581.872619629, 1981.6763916, 392.140014648, 195.573883057, 128.466918945, 165.519042969, 429.738922119, 120.547050476, 127.546897888, 382.365081787, 389.772033691, 216.921203613, 229.903030396, 827.211242676, 115.193946838, 18.3492679596, 19.7288532257, 32.0078125, 72.7435455322, 1.42235124111, 0.132228717208, 0.00054152373923, 1.78467519163e-06], "max": [5.38496303558, 47.5068092346, 108.936904907, 99.2700195312, 476.078460693, 161.058258057, 124.079391479, 57.2549514771, 46.3859939575, 22.4735126495, 66.6098556519, 354.449493408, 607.363220215, 827.915283203, 1458.15087891, 723.749755859, 2802.45849609, 779.066650391, 1331.43078613, 219.894073486, 154.84552002, 161.266998291, 130.291854858, 183.244873047, 244.471511841, 81.1191253662, 478.488616943, 182.583557129, 70.9003295898, 93.8373947144, 243.327453613, 68.3017120361, 27.9465751648, 28.3667392731, 26.0577011108, 46.9298477173, 6.53362560272, 2.80244874954, 0.143736451864, 0.00724709732458], "mean": [0.246713429689, 2.34293055534, 6.26027727127, 10.1064901352, 26.0033054352, 10.7318296432, 6.88048171997, 4.0329284668, 2.96534657478, 1.107421875, 3.14840888977, 8.18358039856, 35.7314758301, 40.4625930786, 46.8010864258, 20.4633560181, 29.9279632568, 13.0467815399, 12.8474006653, 10.7987995148, 9.40954589844, 7.87310028076, 6.57418203354, 7.1082701683, 5.2478260994, 4.21541976929, 7.65239048004, 7.24495458603, 5.29944467545, 3.95922088623, 6.35850048065, 3.2748105526, 1.46752560139, 1.4526168108, 1.49512636662, 1.7109246254, 0.279246389866, 0.0618829503655, 0.00563382403925, 0.000373130227672], "median": [0.0738653540611, 0.804643511772, 2.6639752388, 5.0404715538, 8.20106983185, 4.65714931488, 3.47368168831, 2.39088535309, 1.25819015503, 0.466623783112, 1.16294443607, 2.47700691223, 8.65390491486, 12.0773506165, 9.24239826202, 3.71851062775, 2.09154462814, 3.61083173752, 4.11651659012, 4.17444467545, 3.83779716492, 3.60976576805, 2.76711654663, 2.83927583694, 2.33494091034, 1.76732027531, 2.53088951111, 2.46599912643, 1.6402951479, 0.955458879471, 0.922256708145, 0.778268754482, 0.449332356453, 0.310870409012, 0.256127417088, 0.165982335806, 0.0445258244872, 0.00882299710065, 0.00088547921041, 8.0287361925e-05], "min": [4.09185963314e-22, 6.79211410341e-21, 2.56669426561e-20, 8.04138139497e-20, 2.23450874212e-19, 2.45678794084e-19, 1.1061724773e-19, 2.27081318221e-19, 4.16746388054e-19, 9.24217170212e-19, 1.31257629646e-18, 9.21008123025e-19, 6.53835299218e-19, 2.33548635011e-18, 4.63832843093e-18, 1.79947765587e-18, 5.22973113604e-18, 7.98565126442e-18, 5.69263050581e-18, 8.62804469122e-18, 1.63496450149e-17, 1.08105508113e-17, 1.01902960464e-17, 1.53509865526e-17, 1.46091775967e-17, 2.06935376796e-17, 1.81990951331e-17, 1.39913961019e-17, 1.62811428796e-17, 1.89336364801e-17, 1.38527771748e-17, 1.60138725519e-17, 1.49136015688e-17, 1.47402658715e-17, 9.43446968784e-18, 5.49285522094e-18, 2.47518247311e-18, 1.69874111933e-18, 4.16540342534e-19, 3.88861677241e-20], "var": [0.338365018368, 25.4011535645, 121.12776947, 182.090881348, 2789.23120117, 385.943328857, 90.6667175293, 25.2157459259, 19.6505222321, 3.72167658806, 38.3637580872, 376.537689209, 4859.87792969, 4609.04638672, 10382.4082031, 2650.13623047, 22602.1933594, 1069.69433594, 2137.8918457, 397.721435547, 279.994232178, 228.647766113, 135.709518433, 195.643783569, 125.632484436, 61.6522483826, 633.141784668, 226.234268188, 91.4597702026, 70.6558532715, 315.160186768, 49.7187042236, 7.59620380402, 8.57054424286, 11.4057340622, 23.7233333588, 0.481806844473, 0.0349433943629, 0.000183689597179, 6.53647703075e-07]}, "gfcc": {"mean": [-37.0245742798, 75.8424911499, -78.3430557251, 34.8339881897, -33.1395835876, 23.700838089, -25.875705719, -0.400031089783, -36.4183502197, -9.82468605042, -29.9699420929, 4.00012493134, -4.83731842041], "cov": [[22368.4179688, -2877.93041992, -344.350524902, 160.52633667, -666.857055664, 1565.54418945, -287.45111084, 907.999145508, -449.264587402, 252.548843384, -17.1037712097, 444.486328125, -203.762405396], [-2877.93041992, 2422.16235352, -498.068389893, -56.9103317261, 66.8452072144, -454.805267334, 195.278717041, -240.852935791, 133.042037964, -103.841178894, 40.9031333923, -145.502853394, 198.581085205], [-344.350524902, -498.068389893, 703.703796387, 137.170593262, 79.4414138794, 159.215301514, -27.9427585602, 46.16664505, 45.2774238586, 57.7477836609, -22.4381713867, 71.8668365479, -44.1971168518], [160.52633667, -56.9103317261, 137.170593262, 359.850830078, 169.833053589, 31.5519752502, -104.152961731, -45.334941864, 52.6426353455, 18.880979538, -14.569188118, -16.8655834198, -29.2811107635], [-666.857055664, 66.8452072144, 79.4414138794, 169.833053589, 358.5184021, 48.7291412354, -77.5880203247, -98.7396087646, 56.4216308594, 9.39495182037, 17.4395027161, -28.6554660797, -37.4543266296], [1565.54418945, -454.805267334, 159.215301514, 31.5519752502, 48.7291412354, 479.622924805, 67.7859268188, 132.460021973, -72.2070388794, 3.89900326729, 25.0365180969, 102.674102783, -19.2743396759], [-287.45111084, 195.278717041, -27.9427585602, -104.152961731, -77.5880203247, 67.7859268188, 254.825164795, 90.7872848511, -40.2376251221, -71.374786377, 20.4410152435, 45.2704277039, 74.9199066162], [907.999145508, -240.852935791, 46.16664505, -45.334941864, -98.7396087646, 132.460021973, 90.7872848511, 276.276641846, 14.2582292557, -6.76727771759, -6.35089874268, 90.5710067749, 44.3748245239], [-449.264587402, 133.042037964, 45.2774238586, 52.6426353455, 56.4216308594, -72.2070388794, -40.2376251221, 14.2582292557, 167.214706421, 64.6519393921, -18.7591876984, -28.4073238373, 12.940990448], [252.548843384, -103.841178894, 57.7477836609, 18.880979538, 9.39495182037, 3.89900326729, -71.374786377, -6.76727771759, 64.6519393921, 190.420776367, 63.5679092407, -7.18594837189, -59.859992981], [-17.1037712097, 40.9031333923, -22.4381713867, -14.569188118, 17.4395027161, 25.0365180969, 20.4410152435, -6.35089874268, -18.7591876984, 63.5679092407, 134.778640747, 40.3633308411, -30.3887996674], [444.486328125, -145.502853394, 71.8668365479, -16.8655834198, -28.6554660797, 102.674102783, 45.2704277039, 90.5710067749, -28.4073238373, -7.18594837189, 40.3633308411, 172.115982056, 36.8803405762], [-203.762405396, 198.581085205, -44.1971168518, -29.2811107635, -37.4543266296, -19.2743396759, 74.9199066162, 44.3748245239, 12.940990448, -59.859992981, -30.3887996674, 36.8803405762, 124.784950256]], "icov": [[9.9078664789e-05, 1.1453767911e-05, 0.000178865680937, -0.000151559404912, 0.000218788045458, -0.0003149175609, 0.000247932854109, -0.000214603365748, 0.000191499188077, -0.000182547111763, 0.000163076678291, -9.42571205087e-05, 7.59756512707e-05], [1.1453767911e-05, 0.000935362942982, 0.000426019250881, -0.000140237287269, -0.000115721064503, 0.000393256254029, -0.00088316592155, 0.000836739607621, -0.000892817217391, 0.000276971637504, -0.000748549646232, 0.000397565541789, -0.00116747571155], [0.000178865680937, 0.000426019250881, 0.00242851418443, -0.000901637191419, 0.000224575327593, -0.000776646891609, -0.000425332138548, 0.000149997635162, -0.000563132052775, -0.00084056018386, 0.0012461184524, -0.00124935712665, 0.000740050221793], [-0.000151559404912, -0.000140237287269, -0.000901637191419, 0.00438388669863, -0.00176476722118, 0.000163935081218, 0.0011192363454, 0.000155090223416, -0.000735417066608, 0.000721387274098, -0.0002213990374, 0.000331078073941, -0.000275922706351], [0.000218788045458, -0.000115721064503, 0.000224575327593, -0.00176476722118, 0.00541111268103, -0.00213177851401, 0.00131422723643, 0.00134786742274, -0.00218130811118, 0.00154102616943, -0.00137826171704, 3.27487614413e-05, 0.000853487697896], [-0.0003149175609, 0.000393256254029, -0.000776646891609, 0.000163935081218, -0.00213177851401, 0.00480077369139, -0.00217949831858, -0.000716475769877, 0.00139682251029, -0.000454571651062, 2.26094634854e-05, -0.000599314400461, 0.000108064523374], [0.000247932854109, -0.00088316592155, -0.000425332138548, 0.0011192363454, 0.00131422723643, -0.00217949831858, 0.00872637238353, -0.00268385047093, 0.0013653030619, 0.00200612284243, -0.00242500938475, 0.000916779565159, -0.00234548468143], [-0.000214603365748, 0.000836739607621, 0.000149997635162, 0.000155090223416, 0.00134786742274, -0.000716475769877, -0.00268385047093, 0.00777422776446, -0.00400673784316, 0.000904289481696, -0.000179581955308, -0.00186595297419, -0.00109475350473], [0.000191499188077, -0.000892817217391, -0.000563132052775, -0.000735417066608, -0.00218130811118, 0.00139682251029, 0.0013653030619, -0.00400673784316, 0.0127617986873, -0.00627138791606, 0.00372545723803, 0.000901002786122, -0.00216328212991], [-0.000182547111763, 0.000276971637504, -0.00084056018386, 0.000721387274098, 0.00154102616943, -0.000454571651062, 0.00200612284243, 0.000904289481696, -0.00627138791606, 0.0116938175634, -0.00679197302088, 0.00121625664178, 0.00224545784295], [0.000163076678291, -0.000748549646232, 0.0012461184524, -0.0002213990374, -0.00137826171704, 2.26094634854e-05, -0.00242500938475, -0.000179581955308, 0.00372545723803, -0.00679197302088, 0.0146413240582, -0.00515170907602, 0.00440023839474], [-9.42571205087e-05, 0.000397565541789, -0.00124935712665, 0.000331078073941, 3.27487614413e-05, -0.000599314400461, 0.000916779565159, -0.00186595297419, 0.000901002786122, 0.00121625664178, -0.00515170907602, 0.0105256466195, -0.00499648088589], [7.59756512707e-05, -0.00116747571155, 0.000740050221793, -0.000275922706351, 0.000853487697896, 0.000108064523374, -0.00234548468143, -0.00109475350473, -0.00216328212991, 0.00224545784295, 0.00440023839474, -0.00499648088589, 0.016113312915]]}, "melbands": {"dmean": [0.00221651629545, 0.00262063276023, 0.00166153779719, 0.00130001432262, 0.000126534345327, 4.53235443274e-05, 2.37132244365e-05, 8.46435250423e-06, 1.48309409269e-05, 2.32118545682e-05, 5.88248476561e-05, 5.80708110647e-05, 9.70993423834e-05, 2.37954300246e-05, 3.83933729609e-05, 3.11235708068e-05, 1.23822983369e-05, 1.03720303741e-05, 8.75799196365e-06, 7.1681688496e-06, 6.07411584497e-06, 4.60818000647e-06, 3.6336350604e-06, 3.67466941498e-06, 4.58349541077e-06, 2.1837058739e-06, 2.0147201667e-06, 2.17805177272e-06, 2.69861334345e-06, 4.27294344263e-06, 3.50262121174e-06, 2.86290128315e-06, 2.73304635812e-06, 1.9817989596e-06, 3.78738832296e-06, 3.97249323214e-06, 1.38898087698e-06, 9.83381369224e-07, 9.25274207475e-07, 1.35363882237e-06], "dmean2": [0.00374455819838, 0.00464747054502, 0.00276710721664, 0.00211201095954, 0.000210207537748, 7.43731434341e-05, 3.95736096834e-05, 1.41388718475e-05, 2.10613015952e-05, 3.56792043021e-05, 8.81946325535e-05, 7.17655057088e-05, 0.00011886748689, 3.26622684952e-05, 4.85107120767e-05, 4.11623223044e-05, 1.83353095053e-05, 1.61395819305e-05, 1.35550480991e-05, 1.10739420052e-05, 9.37617642194e-06, 7.18305909686e-06, 6.10046299698e-06, 5.71995587961e-06, 7.66243465478e-06, 3.52429970008e-06, 3.28453324983e-06, 3.62019500244e-06, 4.03282274419e-06, 6.28950328974e-06, 5.48784919374e-06, 4.45241448688e-06, 4.53037000625e-06, 3.20044955515e-06, 6.01054034632e-06, 5.9558956309e-06, 2.18776222027e-06, 1.54711733558e-06, 1.42334283737e-06, 2.07896118809e-06], "dvar": [3.89986562368e-05, 4.36515365436e-05, 1.02467965917e-05, 9.80951699603e-06, 5.64741675646e-08, 6.34703489766e-09, 2.6626605365e-09, 4.23111656822e-10, 9.95363236278e-10, 2.78087886052e-09, 1.67679363727e-08, 1.80274852823e-08, 8.67213145739e-08, 3.55712859168e-09, 2.44468516541e-08, 1.43772531658e-08, 9.17329434635e-10, 1.93336679999e-09, 6.56039500502e-10, 2.35238328816e-10, 1.43375464279e-10, 9.04622626807e-11, 4.37375725915e-11, 6.73498062875e-11, 1.40408851212e-10, 2.39873780561e-11, 2.06682379544e-11, 2.66996303538e-11, 3.83506247592e-11, 2.37140362902e-10, 5.96792962271e-11, 2.94928526046e-11, 4.45730743981e-11, 1.72546161387e-11, 9.37934868661e-11, 1.18430598661e-10, 8.6879392569e-12, 3.79350110352e-12, 3.47391451543e-12, 7.45647640854e-12], "dvar2": [0.000104110629763, 0.000124369864352, 2.66583338089e-05, 2.63216461462e-05, 1.5296623701e-07, 1.67155302933e-08, 7.31641147667e-09, 1.17163312385e-09, 1.93113325331e-09, 6.17485440557e-09, 3.88563314857e-08, 2.72357301156e-08, 1.43244690776e-07, 5.78165693099e-09, 3.42512542773e-08, 2.17866293895e-08, 1.86317028472e-09, 4.20561230285e-09, 1.45379597249e-09, 5.29569554875e-10, 3.12095432831e-10, 2.00375369075e-10, 1.1443494069e-10, 1.52017565203e-10, 3.69537983547e-10, 5.69088005886e-11, 4.80538803194e-11, 6.74006406243e-11, 7.66970653654e-11, 3.87635090693e-10, 1.47488091184e-10, 6.98426663726e-11, 1.19886350847e-10, 4.44062182858e-11, 2.31906410741e-10, 2.73686323604e-10, 2.1478433615e-11, 9.40373647007e-12, 8.46877689503e-12, 1.75833132776e-11], "max": [0.051668047905, 0.0579989701509, 0.0287983696908, 0.0242992956191, 0.00398764153942, 0.00136004993692, 0.000631613715086, 0.000224507166422, 0.00103637785651, 0.00191341189202, 0.00299288588576, 0.00369612406939, 0.00697214016691, 0.00168256263714, 0.00492523703724, 0.00362816010602, 0.00131941912696, 0.00193219736684, 0.000891493400559, 0.00028583832318, 0.000253959500697, 0.000264392263489, 9.67536543612e-05, 0.000128907122416, 0.000168292128365, 0.000130329033709, 0.000129289532197, 7.27534570615e-05, 0.000154609369929, 0.000483447278384, 0.000114903312351, 4.21486183768e-05, 7.31350301066e-05, 3.3711654396e-05, 0.00012488620996, 0.000143149591167, 3.41677368851e-05, 1.65048877534e-05, 2.37958120124e-05, 2.77259623545e-05], "mean": [0.00249129557051, 0.0032938469667, 0.00228746724315, 0.00144709076267, 0.000229088356718, 9.95341833914e-05, 4.11468499806e-05, 1.16846649689e-05, 3.0477409382e-05, 5.39914544788e-05, 0.000177836307557, 0.000156931389938, 0.000192776642507, 4.62710377178e-05, 6.45900072413e-05, 4.46795638709e-05, 2.28796689044e-05, 1.90845839825e-05, 1.52934335347e-05, 1.23682766571e-05, 1.22321116578e-05, 9.79333526629e-06, 5.53940617465e-06, 5.72499357077e-06, 5.97345615461e-06, 3.6133994854e-06, 3.11756866722e-06, 2.69339307124e-06, 3.86374222217e-06, 5.90734953221e-06, 3.90676132156e-06, 3.11121152663e-06, 2.53222628999e-06, 1.90284890778e-06, 3.34817195835e-06, 3.79244193027e-06, 1.45780950334e-06, 9.81641392173e-07, 9.34039462663e-07, 1.33728531182e-06], "median": [0.000827711308375, 0.00156456744298, 0.00111156015191, 0.000478777190438, 0.000126200931845, 6.05037203059e-05, 1.66566387634e-05, 4.13415637013e-06, 1.0198587006e-05, 1.51513904711e-05, 4.21517543145e-05, 3.75285453629e-05, 2.33576411119e-05, 8.15642215457e-06, 4.88858404424e-06, 2.91855599244e-06, 5.96786640017e-06, 5.92926880927e-06, 5.43259329788e-06, 4.75470324091e-06, 4.07778952649e-06, 3.75888498638e-06, 2.71135945695e-06, 1.81110794983e-06, 2.10878351936e-06, 1.7285276499e-06, 1.22545282011e-06, 9.26623215491e-07, 1.44073396768e-06, 1.52318898472e-06, 1.32524519358e-06, 9.55311293183e-07, 6.16591762537e-07, 4.46684623512e-07, 4.84111183141e-07, 5.19696641277e-07, 3.77384424155e-07, 2.97139308714e-07, 2.42576476239e-07, 2.44991241516e-07], "min": [5.94590654447e-24, 1.19560476659e-23, 1.69623553968e-23, 1.99715252732e-23, 4.89823339245e-24, 4.45965000055e-24, 6.27566696893e-24, 1.20417290042e-23, 9.7807802858e-24, 5.00368595168e-24, 3.1836110828e-24, 8.93786189819e-24, 1.56586949089e-23, 8.47107948994e-24, 4.47612536055e-24, 1.34846652515e-23, 1.55834170681e-23, 9.4410849471e-24, 6.33964122176e-24, 1.89222345619e-23, 1.98233677288e-23, 1.15863298588e-23, 7.83263779326e-24, 1.15945616224e-23, 1.28014241441e-23, 8.92359298214e-24, 1.29708336012e-23, 1.43831778226e-23, 1.2496706109e-23, 9.13924862096e-24, 7.81550531212e-24, 7.93485444506e-24, 1.12296992542e-23, 1.01454028402e-23, 8.24691046422e-24, 8.34776869754e-24, 9.46470975349e-24, 1.00485330877e-23, 1.10856848074e-23, 1.32176405683e-23], "var": [3.18061211146e-05, 3.53266477759e-05, 1.08736940092e-05, 8.48033232614e-06, 9.08881645501e-08, 1.44789291667e-08, 3.97278832054e-09, 4.52810539064e-10, 4.45920367298e-09, 1.30080222149e-08, 1.19102097074e-07, 8.03711017738e-08, 2.15199662534e-07, 1.33735804653e-08, 7.32894420707e-08, 3.95306116729e-08, 3.34468697183e-09, 4.39401715013e-09, 1.40050326891e-09, 5.14533748941e-10, 6.42768060999e-10, 5.40553990458e-10, 6.59274440595e-11, 1.25397581208e-10, 1.66264571555e-10, 4.40728495366e-11, 4.00255731337e-11, 3.47187348315e-11, 8.26529122921e-11, 6.33671670691e-10, 5.64182346674e-11, 3.139438709e-11, 3.32530496194e-11, 1.51652839592e-11, 8.26806748067e-11, 1.17980972214e-10, 8.15405902521e-12, 3.65717525708e-12, 3.42105922584e-12, 7.81036953862e-12]}, "mfcc": {"mean": [-690.862854004, 112.493049622, 19.6876049042, 28.6669139862, 16.5997581482, 24.1929969788, 13.3370056152, 13.9714641571, 8.42105960846, -6.26441383362, -13.3341321945, -12.5326242447, -11.1259241104], "cov": [[12553.6044922, -594.067810059, -106.929252625, -323.922210693, -387.039855957, 59.5510673523, 201.8959198, 300.664916992, 69.1506195068, 100.637252808, 10.4352340698, 187.772445679, 153.742752075], [-594.067810059, 1423.05761719, -240.86177063, 73.9420700073, -74.1846313477, -40.5262413025, 36.907333374, 22.6266002655, 92.0863876343, -4.71542263031, -66.271484375, -121.461143494, -50.189994812], [-106.929252625, -240.86177063, 505.269866943, 13.3616304398, 86.8573303223, 83.5835952759, -6.86903762817, 46.8939933777, 3.84615564346, 29.0912322998, 23.1383190155, 36.3464393616, 0.724647521973], [-323.922210693, 73.9420700073, 13.3616304398, 287.935028076, 145.009460449, 28.3929519653, -68.573600769, -44.4819602966, 26.6377506256, 1.35866320133, 18.8784885406, -9.1679019928, -42.2940597534], [-387.039855957, -74.1846313477, 86.8573303223, 145.009460449, 385.989685059, 183.473129272, -67.2271881104, -63.104057312, -23.2329730988, 4.58649635315, 61.2228164673, 40.2851638794, 1.37978339195], [59.5510673523, -40.5262413025, 83.5835952759, 28.3929519653, 183.473129272, 283.097808838, 67.008430481, 20.9688682556, -17.3859195709, -18.0423927307, 13.2780332565, 41.4633255005, 28.9468383789], [201.8959198, 36.907333374, -6.86903762817, -68.573600769, -67.2271881104, 67.008430481, 225.140975952, 130.002639771, 1.94755268097, -43.8754501343, -35.6034049988, 11.3022642136, 40.2542495728], [300.664916992, 22.6266002655, 46.8939933777, -44.4819602966, -63.104057312, 20.9688682556, 130.002639771, 267.061157227, 106.377464294, -38.6967353821, -72.739151001, -5.79984998703, 36.6965408325], [69.1506195068, 92.0863876343, 3.84615564346, 26.6377506256, -23.2329730988, -17.3859195709, 1.94755268097, 106.377464294, 192.243469238, 27.9582862854, -40.4499702454, -47.7088851929, -37.3018035889], [100.637252808, -4.71542263031, 29.0912322998, 1.35866320133, 4.58649635315, -18.0423927307, -43.8754501343, -38.6967353821, 27.9582862854, 143.841705322, 59.9353485107, -3.48985028267, -27.138212204], [10.4352340698, -66.271484375, 23.1383190155, 18.8784885406, 61.2228164673, 13.2780332565, -35.6034049988, -72.739151001, -40.4499702454, 59.9353485107, 125.235176086, 50.718585968, 1.48115110397], [187.772445679, -121.461143494, 36.3464393616, -9.1679019928, 40.2851638794, 41.4633255005, 11.3022642136, -5.79984998703, -47.7088851929, -3.48985028267, 50.718585968, 147.82081604, 84.0096740723], [153.742752075, -50.189994812, 0.724647521973, -42.2940597534, 1.37978339195, 28.9468383789, 40.2542495728, 36.6965408325, -37.3018035889, -27.138212204, 1.48115110397, 84.0096740723, 156.748336792]], "icov": [[9.20102756936e-05, 4.18334093411e-05, 6.02830114076e-05, 2.43855920417e-05, 0.000134382280521, -0.000112759320473, 4.13021589338e-05, -0.000114769929496, -2.06106506084e-06, -0.000107724306872, -1.36176768137e-05, -0.000110021414002, 5.30642637386e-06], [4.18334093411e-05, 0.000872293894645, 0.000381602760172, -0.00030374751077, 0.000192011415493, -0.000136745278724, -0.000215107284021, 7.69149846747e-05, -0.000285394635284, -0.000151553977048, 0.000113886475447, 0.000508193857968, -0.000152250708197], [6.02830114076e-05, 0.000381602760172, 0.00248440122232, -4.81499009766e-05, -9.76472656475e-05, -0.000684786064085, 0.000554487749469, -0.00111723982263, 0.00039504194865, -0.000753663189244, 2.20447109314e-05, -0.000407579180319, 0.000466824189061], [2.43855920417e-05, -0.00030374751077, -4.81499009766e-05, 0.00495590921491, -0.00200985162519, 0.000573289289605, 0.00051740888739, 0.000384408136597, -0.00100772234146, 0.000769414822571, -0.00013109491556, -0.000453784043202, 0.00104305543937], [0.000134382280521, 0.000192011415493, -9.76472656475e-05, -0.00200985162519, 0.00617011310533, -0.0041422653012, 0.00232702842914, -0.000266605784418, 9.24648848013e-05, 0.000605114968494, -0.00194770132657, 8.12579455669e-05, -0.000335092889145], [-0.000112759320473, -0.000136745278724, -0.000684786064085, 0.000573289289605, -0.0041422653012, 0.00715270312503, -0.00332737225108, 0.000769978621975, -0.000200339301955, 4.49703147751e-05, 0.000951202120632, -0.000720566546079, -4.82216964883e-05], [4.13021589338e-05, -0.000215107284021, 0.000554487749469, 0.00051740888739, 0.00232702842914, -0.00332737225108, 0.00891435518861, -0.00454654823989, 0.00211769621819, 0.000843563757371, -0.000973082380369, 0.000159870294738, -2.97244150715e-05], [-0.000114769929496, 7.69149846747e-05, -0.00111723982263, 0.000384408136597, -0.000266605784418, 0.000769978621975, -0.00454654823989, 0.00934324320406, -0.00526267569512, 0.0012888739584, 0.00222387677059, -0.00034028509981, -0.00178139330819], [-2.06106506084e-06, -0.000285394635284, 0.00039504194865, -0.00100772234146, 9.24648848013e-05, -0.000200339301955, 0.00211769621819, -0.00526267569512, 0.00970440916717, -0.0031610976439, 0.00177185470238, 0.00075255590491, 0.00170331867412], [-0.000107724306872, -0.000151553977048, -0.000753663189244, 0.000769414822571, 0.000605114968494, 4.49703147751e-05, 0.000843563757371, 0.0012888739584, -0.0031610976439, 0.0110256681219, -0.00616754265502, 0.00125039904378, 0.000280985143036], [-1.36176768137e-05, 0.000113886475447, 2.20447109314e-05, -0.00013109491556, -0.00194770132657, 0.000951202120632, -0.000973082380369, 0.00222387677059, 0.00177185470238, -0.00616754265502, 0.0155964912847, -0.00534260692075, 0.00165495532565], [-0.000110021414002, 0.000508193857968, -0.000407579180319, -0.000453784043202, 8.12579455669e-05, -0.000720566546079, 0.000159870294738, -0.00034028509981, 0.00075255590491, 0.00125039904378, -0.00534260692075, 0.0132559668273, -0.0063374764286], [5.30642637386e-06, -0.000152250708197, 0.000466824189061, 0.00104305543937, -0.000335092889145, -4.82216964883e-05, -2.97244150715e-05, -0.00178139330819, 0.00170331867412, 0.000280985143036, 0.00165495532565, -0.0063374764286, 0.0108764506876]]}, "spectral_contrast_coeffs": {"dmean": [0.0555109120905, 0.0423775874078, 0.0380282402039, 0.0305522494018, 0.0197229254991, 0.0218717176467], "dmean2": [0.0890186801553, 0.0688084065914, 0.0579075552523, 0.0481678918004, 0.0309792533517, 0.0352057479322], "dvar": [0.00254253833555, 0.00141337746754, 0.00120961910579, 0.000809822173323, 0.000343694875482, 0.000474922824651], "dvar2": [0.00620315223932, 0.00364165427163, 0.00276906485669, 0.00182458490599, 0.000708807026967, 0.00116096669808], "max": [-0.226017326117, -0.481539994478, -0.461389660835, -0.530864715576, -0.599232316017, -0.559727847576], "mean": [-0.622613430023, -0.71265155077, -0.712388336658, -0.781547784805, -0.809614241123, -0.764001429081], "median": [-0.629104852676, -0.71427077055, -0.711597084999, -0.79086458683, -0.815502107143, -0.767916798592], "min": [-0.979081690311, -0.965416252613, -0.993853747845, -0.965032815933, -0.959272265434, -0.966271877289], "var": [0.00747126201168, 0.00570966023952, 0.00983734149486, 0.004492031876, 0.00235624564812, 0.00175081985071]}, "spectral_contrast_valleys": {"dmean": [0.431603938341, 0.455536961555, 0.396334528923, 0.401798993349, 0.372766315937, 0.561824023724], "dmean2": [0.710005283356, 0.721787810326, 0.615341544151, 0.594819188118, 0.514154314995, 0.656389415264], "dvar": [0.216619729996, 0.300696581602, 0.232671678066, 0.268488794565, 0.268589794636, 0.385567486286], "dvar2": [0.461149156094, 0.604283452034, 0.432162880898, 0.481619924307, 0.461989223957, 0.630944371223], "max": [-5.02868843079, -5.45999908447, -5.35215759277, -5.7