{"lowlevel": {"average_loudness": 0.938023805618, "barkbands_crest": {"dmean": 2.95916461945, "dmean2": 4.64643859863, "dvar": 7.94510412216, "dvar2": 17.4016056061, "max": 26.158864975, "mean": 12.5642986298, "median": 12.3001527786, "min": 2.66825675964, "var": 28.2548847198}, "barkbands_flatness_db": {"dmean": 0.0306405313313, "dmean2": 0.0457491651177, "dvar": 0.000940589467064, "dvar2": 0.00212217937224, "max": 0.405493229628, "mean": 0.130302220583, "median": 0.126161128283, "min": 0.0230979509652, "var": 0.00265501555987}, "barkbands_kurtosis": {"dmean": 4.1838145256, "dmean2": 6.60856151581, "dvar": 46.61095047, "dvar2": 110.535072327, "max": 123.7315979, "mean": 7.12350273132, "median": 4.40594244003, "min": -1.83499038219, "var": 90.3085098267}, "barkbands_skewness": {"dmean": 0.618023335934, "dmean2": 0.969486951828, "dvar": 0.453980147839, "dvar2": 1.01602554321, "max": 10.0426959991, "mean": 2.05910801888, "median": 1.83874940872, "min": -1.81475925446, "var": 1.46719110012}, "barkbands_spread": {"dmean": 8.56158351898, "dmean2": 13.4082593918, "dvar": 147.032852173, "dvar2": 339.899658203, "max": 107.355743408, "mean": 19.3007335663, "median": 15.2094097137, "min": 1.03216552734, "var": 203.626586914}, "dissonance": {"dmean": 0.0267863459885, "dmean2": 0.0439427122474, "dvar": 0.000629848567769, "dvar2": 0.00154309137724, "max": 0.500000059605, "mean": 0.444040894508, "median": 0.452406316996, "min": 0.202813863754, "var": 0.00150197814219}, "dynamic_complexity": 3.11199569702, "erbbands_crest": {"dmean": 3.4038772583, "dmean2": 5.18985462189, "dvar": 11.5662555695, "dvar2": 25.6852474213, "max": 31.594209671, "mean": 13.1279163361, "median": 11.7673788071, "min": 2.40851163864, "var": 41.8071937561}, "erbbands_flatness_db": {"dmean": 0.0262770857662, "dmean2": 0.0389985777438, "dvar": 0.000856673112139, "dvar2": 0.00201234244741, "max": 0.383720368147, "mean": 0.145940497518, "median": 0.139297351241, "min": 0.0392140224576, "var": 0.00281568150967}, "erbbands_kurtosis": {"dmean": 2.11340546608, "dmean2": 3.12663316727, "dvar": 9.96512031555, "dvar2": 20.4357738495, "max": 92.1231307983, "mean": 3.00210285187, "median": 1.56486082077, "min": -1.68589031696, "var": 24.5692710876}, "erbbands_skewness": {"dmean": 0.478278458118, "dmean2": 0.717843472958, "dvar": 0.259166836739, "dvar2": 0.576649665833, "max": 7.99591064453, "mean": 1.29024851322, "median": 1.11986756325, "min": -1.52475202084, "var": 0.924105346203}, "erbbands_spread": {"dmean": 12.168589592, "dmean2": 18.9677009583, "dvar": 207.852981567, "dvar2": 474.666809082, "max": 124.295211792, "mean": 34.1481704712, "median": 28.7593364716, "min": 2.23699498177, "var": 387.974578857}, "hfc": {"dmean": 17.7161197662, "dmean2": 27.0959186554, "dvar": 1300.65246582, "dvar2": 3340.93530273, "max": 456.327606201, "mean": 33.3685569763, "median": 24.8484134674, "min": 7.32234326506e-08, "var": 1285.70385742}, "melbands_crest": {"dmean": 3.64913105965, "dmean2": 5.80722522736, "dvar": 15.572892189, "dvar2": 30.9960079193, "max": 35.0946769714, "mean": 18.3126506805, "median": 16.9959506989, "min": 4.22324466705, "var": 63.2057380676}, "melbands_flatness_db": {"dmean": 0.0354410894215, "dmean2": 0.0526277050376, "dvar": 0.00130892544985, "dvar2": 0.00281277461909, "max": 0.500280439854, "mean": 0.205273970962, "median": 0.198722451925, "min": 0.0165550466627, "var": 0.00363255245611}, "melbands_kurtosis": {"dmean": 8.62165260315, "dmean2": 13.7379179001, "dvar": 195.79498291, "dvar2": 474.351806641, "max": 259.740020752, "mean": 16.8700847626, "median": 10.7471342087, "min": -1.32912409306, "var": 394.540283203}, "melbands_skewness": {"dmean": 0.847223103046, "dmean2": 1.32873630524, "dvar": 0.817729651928, "dvar2": 1.89941859245, "max": 14.5581645966, "mean": 2.8000369072, "median": 2.53675985336, "min": -0.559978187084, "var": 2.73134684563}, "melbands_spread": {"dmean": 6.0881562233, "dmean2": 9.6976890564, "dvar": 80.5093612671, "dvar2": 185.483123779, "max": 155.116195679, "mean": 16.8608722687, "median": 14.4473552704, "min": 0.646935105324, "var": 123.119644165}, "pitch_salience": {"dmean": 0.0789901092649, "dmean2": 0.123728074133, "dvar": 0.00603158865124, "dvar2": 0.0133770452812, "max": 0.839446425438, "mean": 0.480066329241, "median": 0.490173250437, "min": 0.0931021049619, "var": 0.0193334780633}, "silence_rate_20dB": {"dmean": 0, "dmean2": 0, "dvar": 0, "dvar2": 0, "max": 1, "mean": 1, "median": 1, "min": 1, "var": 0}, "silence_rate_30dB": {"dmean": 0.0620316416025, "dmean2": 0.124089114368, "dvar": 0.0581821613014, "dvar2": 0.114936292171, "max": 1, "mean": 0.799375653267, "median": 1, "min": 0, "var": 0.160364359617}, "silence_rate_60dB": {"dmean": 0.00249791843817, "dmean2": 0.0047886739485, "dvar": 0.0024916799739, "dvar2": 0.00643133139238, "max": 1, "mean": 0.0426638908684, "median": 0, "min": 0, "var": 0.0408436432481}, "spectral_centroid": {"dmean": 246.389602661, "dmean2": 386.942108154, "dvar": 99631.6640625, "dvar2": 236816.65625, "max": 3856.5, "mean": 1106.70544434, "median": 1031.31933594, "min": 317.450317383, "var": 156840.84375}, "spectral_complexity": {"dmean": 4.66069936752, "dmean2": 6.95669364929, "dvar": 28.4248313904, "dvar2": 61.8321800232, "max": 53, "mean": 17.6770038605, "median": 17, "min": 0, "var": 77.4177093506}, "spectral_decrease": {"dmean": 4.77189887604e-09, "dmean2": 7.01429048178e-09, "dvar": 5.3648350418e-17, "dvar2": 1.1318684222e-16, "max": -1.27189927624e-19, "mean": -1.41094007589e-08, "median": -8.3443039145e-09, "min": -8.63050146904e-08, "var": 1.96854202416e-16}, "spectral_energy": {"dmean": 0.0184719376266, "dmean2": 0.027247775346, "dvar": 0.0008087962633, "dvar2": 0.00170404918026, "max": 0.334678858519, "mean": 0.0562787652016, "median": 0.0345965102315, "min": 7.12162967487e-12, "var": 0.00293928128667}, "spectral_energyband_high": {"dmean": 0.00154096866027, "dmean2": 0.00247715017758, "dvar": 1.2244777281e-05, "dvar2": 3.12304182444e-05, "max": 0.0380040742457, "mean": 0.00180917000398, "median": 0.000763256161008, "min": 4.89391209849e-12, "var": 1.05924036689e-05}, "spectral_energyband_low": {"dmean": 0.0145960636437, "dmean2": 0.0224353484809, "dvar": 0.000684577680659, "dvar2": 0.00155344430823, "max": 0.226266786456, "mean": 0.0320150367916, "median": 0.00746001908556, "min": 2.18504454439e-13, "var": 0.00227778963745}, "spectral_energyband_middle_high": {"dmean": 0.00218986044638, "dmean2": 0.00314266653731, "dvar": 9.07804042072e-06, "dvar2": 1.88251869986e-05, "max": 0.0466891005635, "mean": 0.00534128258005, "median": 0.00377842946909, "min": 1.0851986627e-12, "var": 2.59286680375e-05}, "spectral_energyband_middle_low": {"dmean": 0.00549175217748, "dmean2": 0.00779392756522, "dvar": 5.08526027261e-05, "dvar2": 0.000101911333331, "max": 0.103387631476, "mean": 0.0183221492916, "median": 0.0156809594482, "min": 1.3480258305e-13, "var": 0.000167433143361}, "spectral_entropy": {"dmean": 0.254312545061, "dmean2": 0.367595344782, "dvar": 0.0784533396363, "dvar2": 0.179071575403, "max": 8.88194179535, "mean": 7.71024990082, "median": 7.72461462021, "min": 4.78194904327, "var": 0.158381715417}, "spectral_flux": {"dmean": 0.0392912216485, "dmean2": 0.061830047518, "dvar": 0.00257860613056, "dvar2": 0.00500139035285, "max": 0.47274273634, "mean": 0.0970927998424, "median": 0.0777629837394, "min": 0.000110908586066, "var": 0.00497004203498}, "spectral_kurtosis": {"dmean": 1.51996541023, "dmean2": 2.50288009644, "dvar": 10.921746254, "dvar2": 29.3187465668, "max": 76.2796325684, "mean": 3.3865032196, "median": 2.99116373062, "min": -0.132519960403, "var": 9.42869663239}, "spectral_rms": {"dmean": 0.00114105106331, "dmean2": 0.00165376986843, "dvar": 2.2814967906e-06, "dvar2": 4.34846015196e-06, "max": 0.0180697534233, "mean": 0.00658617820591, "median": 0.00580970710143, "min": 8.33542515011e-08, "var": 1.15285602078e-05}, "spectral_rolloff": {"dmean": 715.901123047, "dmean2": 1284.03173828, "dvar": 3172802, "dvar2": 7946343, "max": 18669.2871094, "mean": 1168.4284668, "median": 710.595703125, "min": 64.599609375, "var": 2464713.75}, "spectral_skewness": {"dmean": 0.259171783924, "dmean2": 0.413615196943, "dvar": 0.126951903105, "dvar2": 0.317643523216, "max": 6.49750328064, "mean": 1.48685336113, "median": 1.47183310986, "min": 0.349588692188, "var": 0.165016040206}, "spectral_spread": {"dmean": 980793, "dmean2": 1443991.25, "dvar": 1440437239810.0, "dvar2": 2898356338690.0, "max": 14009013, "mean": 6052410.5, "median": 5781119.5, "min": 1153516.375, "var": 3131378499580.0}, "spectral_strongpeak": {"dmean": 0.528143286705, "dmean2": 0.829212486744, "dvar": 0.518029272556, "dvar2": 1.08797323704, "max": 6.21071720123, "mean": 1.42241322994, "median": 0.882629215717, "min": 0, "var": 1.75101053715}, "zerocrossingrate": {"dmean": 0.015801448375, "dmean2": 0.0195598173887, "dvar": 0.000409874657635, "dvar2": 0.000580498366617, "max": 0.5166015625, "mean": 0.0570484250784, "median": 0.05078125, "min": 0.00390625, "var": 0.00108069833368}, "barkbands": {"dmean": [0.00126581976656, 0.0125404968858, 0.00467154150829, 0.00111035397276, 0.0011479773093, 0.000648764078505, 0.000563487992622, 0.00155980442651, 0.00279121845961, 0.000847061106469, 0.000755668967031, 0.000382154859835, 0.000419954070821, 0.000262226618361, 0.000246348441578, 0.000154884313815, 0.000181029143278, 9.95706141111e-05, 9.25265339902e-05, 0.000107971813122, 0.000207634817343, 0.000217341861571, 0.000255256920354, 0.000268115254585, 0.000314405042445, 0.000250134908129, 6.26961700618e-05], "dmean2": [0.00166823749896, 0.0187005475163, 0.00815880764276, 0.00186005106661, 0.00182982126717, 0.000971995585132, 0.000850392447319, 0.00196398445405, 0.00400954065844, 0.00118558772374, 0.00116630969569, 0.000578087579925, 0.000602222746238, 0.000408083869843, 0.000373341667, 0.000244537746767, 0.000298529223073, 0.000156027934281, 0.000155017623911, 0.000172121930518, 0.000342310289852, 0.000361658021575, 0.000415717076976, 0.000428896746598, 0.000519109482411, 0.000419464602601, 0.000103024067357], "dvar": [5.76736692892e-06, 0.000523233029526, 0.000187093974091, 2.70572331829e-06, 2.86079375655e-06, 8.65881645495e-07, 6.64871095069e-07, 3.75309377887e-06, 3.73567963834e-05, 1.82394887815e-06, 1.99086593966e-06, 3.63493597888e-07, 4.59494629013e-07, 4.61470392565e-07, 2.95317050814e-07, 7.22289286159e-08, 1.20314282981e-07, 2.16892672711e-08, 1.59952069367e-08, 2.4830029588e-08, 1.49095157553e-07, 2.83422593839e-07, 5.28825637502e-07, 2.8665030527e-07, 6.51634877613e-07, 1.17698471058e-06, 4.69333549802e-08], "dvar2": [9.1269830591e-06, 0.00123826682102, 0.000511633930728, 6.93942138241e-06, 7.00775717632e-06, 1.96165569832e-06, 1.51037556861e-06, 5.53819245397e-06, 7.96121821622e-05, 3.45200351148e-06, 4.53852862847e-06, 7.51939296606e-07, 8.7515826408e-07, 1.17380238862e-06, 6.44090732749e-07, 1.65697159105e-07, 3.10626177225e-07, 5.0890115233e-08, 4.1406238438e-08, 6.07155286048e-08, 3.88483101688e-07, 7.64635615269e-07, 1.41197028825e-06, 6.88482430178e-07, 1.65228550486e-06, 3.23642416333e-06, 1.219223833e-07], "max": [0.0251113139093, 0.203147083521, 0.131766274571, 0.0205220133066, 0.0225483942777, 0.0140984654427, 0.0135059775785, 0.0351522900164, 0.0674635246396, 0.0266883186996, 0.0173785760999, 0.0120346350595, 0.0122589878738, 0.0140369310975, 0.014267867431, 0.00345468753949, 0.00454669911414, 0.00184671755414, 0.00170326814987, 0.00213669752702, 0.00373881822452, 0.00870842766017, 0.0100185815245, 0.00415414804593, 0.00929086189717, 0.0165219120681, 0.00307949795388], "mean": [0.0036648416426, 0.0229191593826, 0.00466229021549, 0.00155221822206, 0.00235819560476, 0.00126570160501, 0.0011673521949, 0.00463422480971, 0.00649214629084, 0.00148883392103, 0.00120426702779, 0.000644364510663, 0.00080330891069, 0.000374759547412, 0.000366439344361, 0.00025925389491, 0.000257970794337, 0.000147642218508, 0.000143336073961, 0.000174250628334, 0.000278484716546, 0.00028869198286, 0.000300461106235, 0.000273545650998, 0.000277516664937, 0.000214015686652, 6.55324402032e-05], "median": [2.40754397964e-05, 0.00265379995108, 0.00201906939037, 0.000893970718607, 0.00159724266268, 0.000811640697066, 0.000854952901136, 0.00227757170796, 0.00221697567031, 0.000723024073523, 0.000389216758776, 0.000295400270261, 0.000411712040659, 0.000156931375386, 0.000160896161105, 0.000137085749884, 0.000132591027068, 8.42590452521e-05, 9.06033528736e-05, 0.000114733731607, 0.000184567456017, 0.00017494475469, 0.000139018084155, 6.99369265931e-05, 4.13471971115e-05, 2.65272155957e-05, 2.18297445826e-05], "min": [1.86522306389e-13, 9.37708772935e-14, 3.10026323732e-14, 1.27645408756e-14, 2.19505640606e-14, 2.79085565422e-14, 2.14117155809e-14, 3.22884131406e-15, 3.75741071015e-14, 5.55160741867e-14, 6.4997161299e-14, 5.65462966436e-14, 1.92547272072e-13, 1.15455334095e-13, 1.13813147275e-13, 1.09881979275e-13, 5.01242995135e-14, 1.02428665322e-13, 5.90281811061e-14, 2.48545758627e-13, 2.7407432877e-13, 5.03854119885e-13, 3.91105659144e-13, 6.24274286778e-13, 8.74942696419e-13, 1.05188524991e-12, 1.30370811802e-12], "var": [3.90652639908e-05, 0.00149381556548, 0.000132271583425, 3.64771744898e-06, 6.0438374021e-06, 2.02735373023e-06, 1.52271786646e-06, 3.12541124003e-05, 0.000102909907582, 4.4400940169e-06, 3.82810640076e-06, 8.91768991096e-07, 1.2554719433e-06, 5.46052149275e-07, 4.44880043915e-07, 1.28789608311e-07, 1.5139303855e-07, 3.18169632862e-08, 2.42656845728e-08, 4.32765432379e-08, 1.34657000217e-07, 2.30240090104e-07, 4.16139386061e-07, 2.85119000409e-07, 5.23919879925e-07, 7.80153925461e-07, 3.68153898478e-08]}, "erbbands": {"dmean": [0.602656066418, 1.96900653839, 4.86354541779, 4.46511077881, 3.0330889225, 4.17739152908, 5.47914123535, 5.77162361145, 8.28069972992, 25.1558818817, 24.981092453, 79.5922393799, 32.6262893677, 16.0788955688, 36.6961631775, 17.9519462585, 19.9611759186, 13.9928741455, 15.0014638901, 7.7648897171, 8.83854484558, 7.19844961166, 5.28943252563, 5.77255249023, 3.63567590714, 5.50494623184, 7.80798482895, 8.40895366669, 8.23554992676, 7.21166706085, 7.5932264328, 5.44745397568, 4.47483682632, 3.81672286987, 2.09594655037, 1.00895047188, 0.542311370373, 0.0805490985513, 0.0092564355582, 0.000834671081975], "dmean2": [0.938044071198, 2.98868250847, 8.50593566895, 7.35954475403, 5.01597642899, 6.598757267, 8.64009475708, 8.59607791901, 11.8098936081, 32.8851966858, 34.6029396057, 113.160392761, 46.4462356567, 23.8395061493, 56.3279800415, 26.5064563751, 28.5618000031, 20.8433685303, 22.8332614899, 11.6326551437, 13.9408893585, 11.8237190247, 8.58261108398, 9.36445522308, 5.92637109756, 8.82706451416, 12.6972150803, 14.0130643845, 13.719953537, 11.776389122, 12.4247179031, 8.62855243683, 7.23392438889, 6.32328176498, 3.46327781677, 1.66723966599, 0.92518055439, 0.135857924819, 0.0152413425967, 0.00133883801755], "dvar": [1.38550496101, 13.4952192307, 212.030090332, 78.0681533813, 21.2039203644, 41.8262672424, 75.9410400391, 89.7640380859, 146.629760742, 1390.29968262, 908.867004395, 30842.671875, 3110.859375, 655.471130371, 4740.27197266, 816.556518555, 1040.5526123, 861.701660156, 1568.3425293, 191.651504517, 222.42539978, 170.807418823, 72.8227081299, 65.1855773926, 27.0338821411, 71.6078872681, 198.220596313, 237.321578979, 405.167999268, 412.566802979, 467.962738037, 115.789093018, 84.4759521484, 87.7665100098, 33.5690536499, 13.8638391495, 7.25699281693, 0.0987953990698, 0.000964970502537, 7.97685424914e-06], "dvar2": [3.10992527008, 31.3741149902, 587.087646484, 192.623886108, 54.036026001, 103.806480408, 185.986450195, 194.336273193, 319.666046143, 2216.07299805, 1729.55883789, 66656.9609375, 6099.93310547, 1366.31799316, 10786.2744141, 1608.42468262, 1987.5201416, 2053.55371094, 3743.55102539, 414.043273926, 544.256896973, 444.0234375, 184.9740448, 169.908996582, 67.4493713379, 177.405853271, 509.087799072, 622.167724609, 1089.52392578, 1120.61035156, 1253.33361816, 273.127624512, 206.922454834, 220.828598022, 86.5871887207, 37.4794769287, 20.1407489777, 0.271395415068, 0.00255954172462, 2.00442209461e-05], "max": [10.2723712921, 35.3763542175, 147.058364868, 87.4112319946, 66.575340271, 82.1517944336, 120.032806396, 176.458114624, 238.328063965, 651.195556641, 417.456268311, 1988.07104492, 1029.12207031, 440.457305908, 848.572143555, 626.870727539, 587.671020508, 619.532592773, 855.010559082, 260.901702881, 229.774780273, 193.625183105, 124.590187073, 118.922569275, 57.0113945007, 119.748970032, 152.144287109, 134.397338867, 324.852813721, 343.060058594, 288.744750977, 89.0569076538, 68.3067016602, 87.5162200928, 74.9633255005, 52.9344558716, 43.1726570129, 4.26598978043, 0.407009124756, 0.0413433238864], "mean": [1.21503221989, 2.94069623947, 4.99251794815, 5.81231403351, 5.39760494232, 7.96718740463, 9.97805118561, 11.1208343506, 17.2571849823, 76.4867553711, 69.5139160156, 185.161102295, 64.1586151123, 30.2817802429, 60.8401870728, 33.0847053528, 38.570930481, 23.7988376617, 21.916267395, 13.7782173157, 15.1357765198, 10.9160394669, 8.09049129486, 9.56714057922, 6.03634214401, 8.48329257965, 10.5102891922, 11.2656049728, 10.5531787872, 9.41592884064, 8.55774879456, 5.92940378189, 4.40506267548, 3.36641955376, 1.84613990784, 0.907696247101, 0.438680320978, 0.0698409006, 0.00948353577405, 0.000948154425714], "median": [0.0375104397535, 0.66205906868, 2.2233235836, 3.19467616081, 3.00423789024, 4.98285055161, 6.01728773117, 5.88699769974, 11.571015358, 24.0898838043, 55.3512496948, 63.9316291809, 35.5429916382, 16.2900047302, 22.2439613342, 17.3089523315, 19.8369941711, 11.9618320465, 9.49715709686, 7.951212883, 8.13992214203, 6.30963802338, 5.09283208847, 4.66902828217, 4.4087100029, 5.36418533325, 6.41985368729, 7.43070745468, 6.30310726166, 5.33255577087, 3.81539821625, 1.83728826046, 0.995303571224, 0.511967658997, 0.281100809574, 0.134514167905, 0.0446482263505, 0.0115394517779, 0.00299843912944, 0.000415917951614], "min": [5.0842407541e-12, 1.37683050724e-11, 3.27872937134e-11, 4.77108456909e-11, 3.57226435932e-11, 9.57816256864e-11, 1.06647406184e-10, 2.92503993249e-10, 3.03896047216e-10, 2.52074028317e-10, 1.31137475878e-10, 8.34894486879e-10, 1.30218624772e-09, 3.10684278304e-09, 1.81168713365e-09, 2.62024446585e-09, 8.71910010858e-09, 7.22649096119e-09, 7.44731876168e-09, 3.67824881664e-09, 5.54985613022e-09, 3.53456952595e-09, 5.50098455676e-09, 4.09202938201e-09, 4.93191532058e-09, 1.29418431527e-08, 8.83024853238e-09, 1.06682982448e-08, 1.9974624621e-08, 1.39893945317e-08, 1.22282628467e-08, 8.39625080573e-09, 1.42308946849e-08, 6.8789161034e-09, 7.6530817239e-09, 4.08498879167e-09, 2.07158001864e-09, 7.59590612631e-10, 1.50094756068e-10, 1.96819383708e-11], "var": [4.55291223526, 26.0285282135, 149.129898071, 78.4591674805, 43.0890960693, 80.9297943115, 144.970092773, 224.23085022, 363.430084229, 10939.0097656, 3395.02929688, 82296.984375, 6803.30078125, 1873.60107422, 9103.84960938, 2150.60571289, 2877.80419922, 1363.76098633, 1927.06103516, 354.540130615, 387.624786377, 209.925216675, 87.1680908203, 135.885772705, 35.7830505371, 115.248832703, 202.58140564, 212.65447998, 318.210418701, 326.256713867, 355.938598633, 120.75177002, 81.0806274414, 72.0697021484, 25.9157371521, 9.67097377777, 4.64850568771, 0.0666877403855, 0.000742794072721, 6.64542858431e-06]}, "gfcc": {"mean": [27.1494045258, 66.2666244507, -97.9366531372, 7.58022737503, -67.3074798584, 11.4373207092, -22.4648952484, 5.39666414261, -12.8743829727, 2.78801774979, -19.1546230316, -4.13960170746, -14.5137357712], "cov": [[13249.9296875, -515.691589355, 1219.28283691, 683.324707031, 731.25402832, 1639.02575684, 375.03427124, 1142.23693848, 52.9237442017, 432.911987305, -132.904388428, 270.07901001, -125.866203308], [-515.691589355, 1064.12133789, -68.3788146973, 244.225753784, 244.594345093, 16.8656387329, 169.711303711, 41.2207145691, 105.721420288, 8.5510969162, 117.58190918, 37.8978347778, 68.3084106445], [1219.28283691, -68.3788146973, 834.96282959, 314.74786377, 223.032028198, 292.289459229, 113.62651062, 197.494171143, 3.74818348885, 113.683860779, 7.46636819839, 86.725692749, 22.8772449493], [683.324707031, 244.225753784, 314.74786377, 492.781524658, 218.842605591, 223.352645874, 146.094573975, 132.852005005, 24.2997608185, 47.5718917847, 52.5417633057, 77.5560379028, 53.7527542114], [731.25402832, 244.594345093, 223.032028198, 218.842605591, 370.498840332, 254.353347778, 147.319793701, 119.291687012, 39.7215461731, 69.3220367432, 62.7195510864, 90.0066375732, 34.9711265564], [1639.02575684, 16.8656387329, 292.289459229, 223.352645874, 254.353347778, 409.597717285, 150.786453247, 211.067108154, 32.131477356, 69.5872573853, 26.5010910034, 73.3363571167, 29.5104827881], [375.03427124, 169.711303711, 113.62651062, 146.094573975, 147.319793701, 150.786453247, 209.556716919, 107.347663879, 65.843460083, 38.7612037659, 22.320016861, 45.2649993896, 19.5529270172], [1142.23693848, 41.2207145691, 197.494171143, 132.852005005, 119.291687012, 211.067108154, 107.347663879, 226.376068115, 68.3002471924, 64.3189315796, 6.815284729, 42.1243438721, 21.8797893524], [52.9237442017, 105.721420288, 3.74818348885, 24.2997608185, 39.7215461731, 32.131477356, 65.843460083, 68.3002471924, 133.7318573, 58.1009902954, 28.6572704315, 11.1049222946, 13.9805822372], [432.911987305, 8.5510969162, 113.683860779, 47.5718917847, 69.3220367432, 69.5872573853, 38.7612037659, 64.3189315796, 58.1009902954, 110.546287537, 45.3806648254, 43.8570213318, 1.00686466694], [-132.904388428, 117.58190918, 7.46636819839, 52.5417633057, 62.7195510864, 26.5010910034, 22.320016861, 6.815284729, 28.6572704315, 45.3806648254, 108.296440125, 61.0268058777, 31.9358634949], [270.07901001, 37.8978347778, 86.725692749, 77.5560379028, 90.0066375732, 73.3363571167, 45.2649993896, 42.1243438721, 11.1049222946, 43.8570213318, 61.0268058777, 100.909469604, 40.9196205139], [-125.866203308, 68.3084106445, 22.8772449493, 53.7527542114, 34.9711265564, 29.5104827881, 19.5529270172, 21.8797893524, 13.9805822372, 1.00686466694, 31.9358634949, 40.9196205139, 73.5096817017]], "icov": [[0.000295040721539, -0.000106927189336, 0.000165650330018, -4.03241538152e-05, 0.000277023907984, -0.00107531319372, 0.000521999318153, -0.000852552882861, 0.000407697923947, -0.000730751839001, 0.000950554443989, -0.000925303902477, 0.00103186478373], [-0.000106927189336, 0.00193697283976, 0.000276951002888, -0.000700177974068, -0.00173004856333, 0.0018777315272, -0.00112159934361, -0.000294046883937, -0.00072240451118, 0.00127537094522, -0.00227063754573, 0.00201461836696, -0.00111717754044], [0.000165650330018, 0.000276951002888, 0.0023625374306, -0.00107952451799, -0.000347226363374, -0.000705329293851, 0.000353080482455, -0.00129338272382, 0.00133711635135, -0.00242554931901, 0.00164396560285, -0.000755079498049, 0.000304831919493], [-4.03241538152e-05, -0.000700177974068, -0.00107952451799, 0.0039444770664, -0.000193492815015, -0.000701113487594, -0.000991082866676, -2.20027613977e-05, 0.000661965750623, 0.00048902106937, -0.000675189658068, -3.56620512321e-06, -0.00116037589032], [0.000277023907984, -0.00173004856333, -0.000347226363374, -0.000193492815015, 0.00785830710083, -0.00526941986755, -0.000375946692657, 0.00121862872038, 0.000453578832094, -0.00194191222545, 0.00147274520714, -0.00407869182527, 0.00201667379588], [-0.00107531319372, 0.0018777315272, -0.000705329293851, -0.000701113487594, -0.00526941986755, 0.0127170830965, -0.00370621774346, -0.00258510094136, 0.000549183401745, 0.00303502753377, -0.0050121913664, 0.00496529182419, -0.00442950427532], [0.000521999318153, -0.00112159934361, 0.000353080482455, -0.000991082866676, -0.000375946692657, -0.00370621774346, 0.0105330133811, -0.0021993976552, -0.00310473958962, 0.000234445615206, 0.00375996809453, -0.00483671342954, 0.00371668068692], [-0.000852552882861, -0.000294046883937, -0.00129338272382, -2.20027613977e-05, 0.00121862872038, -0.00258510094136, -0.0021993976552, 0.0145223941654, -0.00532724987715, 7.48188904254e-06, 0.000919918238651, 0.000847166404128, -0.00390554079786], [0.000407697923947, -0.00072240451118, 0.00133711635135, 0.000661965750623, 0.000453578832094, 0.000549183401745, -0.00310473958962, -0.00532724987715, 0.0157370567322, -0.00928858201951, -0.0002278322645, 0.00375667819753, -0.00241355993785], [-0.000730751839001, 0.00127537094522, -0.00242554931901, 0.00048902106937, -0.00194191222545, 0.00303502753377, 0.000234445615206, 7.48188904254e-06, -0.00928858201951, 0.0229072235525, -0.00893261376768, -0.00273562478833, 0.00445809075609], [0.000950554443989, -0.00227063754573, 0.00164396560285, -0.000675189658068, 0.00147274520714, -0.0050121913664, 0.00375996809453, 0.000919918238651, -0.0002278322645, -0.00893261376768, 0.0234669167548, -0.0130034582689, 0.000966299732681], [-0.000925303902477, 0.00201461836696, -0.000755079498049, -3.56620512321e-06, -0.00407869182527, 0.00496529182419, -0.00483671342954, 0.000847166404128, 0.00375667819753, -0.00273562478833, -0.0130034582689, 0.0279714353383, -0.0128355836496], [0.00103186478373, -0.00111717754044, 0.000304831919493, -0.00116037589032, 0.00201667379588, -0.00442950427532, 0.00371668068692, -0.00390554079786, -0.00241355993785, 0.00445809075609, 0.000966299732681, -0.0128355836496, 0.0252780709416]]}, "melbands": {"dmean": [0.00422601401806, 0.00225193332881, 0.000745717785321, 0.000229637764278, 0.000201235045097, 0.000129256150103, 0.00012051856902, 0.000308636226691, 0.000231401339988, 0.000482705101604, 0.000151364656631, 6.43452149234e-05, 0.000105728766357, 6.52995076962e-05, 3.96726536565e-05, 3.99280506826e-05, 2.74472404271e-05, 2.4084953111e-05, 1.45970661833e-05, 1.29603404275e-05, 1.11137269414e-05, 9.10813832888e-06, 5.88365810472e-06, 4.70285294796e-06, 5.01269278175e-06, 2.88622413791e-06, 2.67335303761e-06, 4.05145783589e-06, 4.97027667734e-06, 4.50197239843e-06, 5.39501479579e-06, 4.89449985253e-06, 4.17668843511e-06, 4.29321062256e-06, 5.12123415319e-06, 3.3583903587e-06, 3.40474753102e-06, 3.20555977851e-06, 2.9282050491e-06, 3.4050224258e-06], "dmean2": [0.00642433995381, 0.00370277604088, 0.00123263790738, 0.000371722853743, 0.000315481011057, 0.00019198100199, 0.000172836997081, 0.000394826813135, 0.000323095882777, 0.000697183713783, 0.000215041887714, 9.63196653174e-05, 0.000163178279763, 9.83301652013e-05, 5.76968632231e-05, 5.77263162995e-05, 4.1914612666e-05, 3.69594199583e-05, 2.21299942496e-05, 2.03175022762e-05, 1.78841655725e-05, 1.50258474605e-05, 9.80669756245e-06, 7.58831765779e-06, 8.21337198431e-06, 4.79295067635e-06, 4.35433548773e-06, 6.57514374325e-06, 8.0364097812e-06, 7.57237103244e-06, 9.07547382667e-06, 8.24096241558e-06, 6.97099949321e-06, 7.05954607838e-06, 8.60631917021e-06, 5.29044518771e-06, 5.47103854842e-06, 5.19377999808e-06, 4.78295442008e-06, 5.71577720621e-06], "dvar": [6.31200091448e-05, 3.37508681696e-05, 2.12873601413e-06, 1.16244429194e-07, 9.36548119057e-08, 4.04780884367e-08, 3.21344835186e-08, 2.05460082725e-07, 1.15419638291e-07, 1.21327650504e-06, 6.78768827811e-08, 1.19682095345e-08, 3.83349565425e-08, 9.23670206987e-09, 3.64796215457e-09, 4.84300377579e-09, 3.70581187958e-09, 4.39510028372e-09, 8.91291762617e-10, 5.40934352866e-10, 4.30539964791e-10, 3.24053062162e-10, 7.24572832289e-11, 5.22480114729e-11, 5.20236319301e-11, 1.62790527586e-11, 1.74410902387e-11, 3.93353162542e-11, 6.97614674361e-11, 9.19134698907e-11, 9.46315109607e-11, 1.4065848486e-10, 9.14276640507e-11, 1.77500542042e-10, 2.87940560284e-10, 4.30490469661e-11, 4.51874579421e-11, 4.21822680952e-11, 4.27608920495e-11, 7.47848866167e-11], "dvar2": [0.000145711674122, 8.90225928742e-05, 5.31823388883e-06, 2.82498291426e-07, 2.3215022793e-07, 8.87287896489e-08, 6.95266422213e-08, 3.07986624648e-07, 1.9747565716e-07, 2.70964505944e-06, 1.29584790898e-07, 2.49718947742e-08, 8.72048815381e-08, 1.99941467827e-08, 7.42192662884e-09, 9.24998300178e-09, 8.909153415e-09, 1.08113669128e-08, 1.97410288116e-09, 1.23614940506e-09, 1.08552145051e-09, 8.44261993649e-10, 1.90758867036e-10, 1.27600596755e-10, 1.38399153249e-10, 4.08105042815e-11, 4.43743097822e-11, 9.81719219806e-11, 1.7030123145e-10, 2.51971749021e-10, 2.49620990544e-10, 3.79374753834e-10, 2.47134701592e-10, 4.7935555525e-10, 7.90153276142e-10, 1.01240009431e-10, 1.06973055414e-10, 1.04097813702e-10, 1.05453562549e-10, 1.91644186631e-10], "max": [0.0680318772793, 0.0635918676853, 0.0138931069523, 0.00413926970214, 0.00405049649999, 0.00341161782853, 0.0034546116367, 0.00816483236849, 0.00496050016955, 0.0125932982191, 0.005127010867, 0.00190695293713, 0.00236885831691, 0.00138603232335, 0.000985519494861, 0.0016082029324, 0.00137002649717, 0.0013878486352, 0.000631984265056, 0.000345782784279, 0.000298948434647, 0.000264995847829, 0.00010135055345, 9.11180613912e-05, 0.000110238361231, 4.03107551392e-05, 4.75275301142e-05, 0.000105196704681, 9.70294131548e-05, 0.000118106101581, 9.54259812715e-05, 0.000191074432223, 0.000148250488564, 0.000209941994399, 0.000224974719458, 5.88418333791e-05, 5.23220624018e-05, 4.7881178034e-05, 5.99105296715e-05, 8.04954252089e-05], "mean": [0.00817523244768, 0.0029277538415, 0.00101486896165, 0.000454555469332, 0.000381291029043, 0.000250095035881, 0.000241325920797, 0.00094651064137, 0.000608287693467, 0.00111594737973, 0.000276238977676, 0.000111761386506, 0.000170335231815, 0.000117237548693, 7.43835989852e-05, 7.51542684156e-05, 4.15207468905e-05, 3.40360056725e-05, 2.20837209781e-05, 2.0887620849e-05, 1.74642682396e-05, 1.25711203509e-05, 8.52568246046e-06, 7.04638705429e-06, 7.99891040515e-06, 4.37534026787e-06, 4.11989185523e-06, 5.99514760324e-06, 6.73001250107e-06, 5.6634644352e-06, 7.04641934135e-06, 5.94219136474e-06, 5.50809181732e-06, 5.24897131982e-06, 5.40424343853e-06, 3.97226403948e-06, 3.50488562617e-06, 3.11244070872e-06, 2.83446638605e-06, 2.85883902507e-06], "median": [0.000549967749976, 0.00124517420772, 0.000607163179666, 0.000303052074742, 0.000235420477111, 0.00013985086116, 0.000151974891196, 0.000289127929136, 0.000434235524153, 0.000371876609279, 0.000135453010444, 4.63407814095e-05, 5.81606545893e-05, 5.73521756451e-05, 3.59368423233e-05, 3.8308542571e-05, 1.85307653737e-05, 1.47790697156e-05, 1.01683281173e-05, 1.13889254862e-05, 8.63785862748e-06, 6.30228487353e-06, 5.34646687811e-06, 3.95443203161e-06, 3.60957483281e-06, 2.96105417874e-06, 2.84195948552e-06, 3.60931949217e-06, 3.96182440454e-06, 3.67553479919e-06, 4.5697997848e-06, 3.35511731464e-06, 3.55739211955e-06, 2.68061012321e-06, 2.34802382693e-06, 1.50399841914e-06, 9.60157876762e-07, 7.15226519787e-07, 5.65224866023e-07, 3.76109710487e-07], "min": [4.4753470271e-14, 1.75935739637e-14, 7.51409873179e-15, 4.74355306418e-15, 3.99990853495e-15, 6.17554188261e-15, 4.71295018731e-15, 2.2608679438e-15, 1.47891973766e-15, 5.57829344579e-15, 6.42207802169e-15, 1.23933862847e-14, 6.90866118044e-15, 6.87713080249e-15, 9.04287631104e-15, 2.2075902914e-14, 1.20379272143e-14, 1.17063146625e-14, 6.78525864442e-15, 6.02100792116e-15, 6.31027263727e-15, 2.85655995758e-15, 5.34305842029e-15, 4.60542528389e-15, 3.21653413709e-15, 1.45994270563e-15, 8.3525461531e-15, 8.09032762252e-15, 5.0817779787e-15, 7.16864735569e-15, 4.74210040268e-15, 9.2571036489e-15, 1.31467932921e-14, 5.59194973448e-15, 7.12381644289e-15, 4.77226578703e-15, 5.16352343437e-15, 1.32747266074e-14, 4.41820643859e-15, 5.55263978243e-15], "var": [0.000196199194761, 3.24141547026e-05, 2.14518263419e-06, 2.34536585708e-07, 1.83788358754e-07, 1.00350689536e-07, 7.8661059888e-08, 1.70394309862e-06, 4.53628558716e-07, 2.99044722851e-06, 1.51269944126e-07, 3.42299415479e-08, 7.36420204817e-08, 2.18905267246e-08, 9.85273551635e-09, 1.23060006629e-08, 5.39174482839e-09, 4.97979169012e-09, 1.40186395825e-09, 9.21092813133e-10, 6.46016573569e-10, 3.77521541806e-10, 9.42181055397e-11, 7.31595686809e-11, 1.05190335609e-10, 2.16041056572e-11, 2.05450882002e-11, 6.57555121464e-11, 8.27475934995e-11, 7.09350148065e-11, 8.44053299476e-11, 1.10363669592e-10, 7.55427040366e-11, 1.35790587108e-10, 1.96908850336e-10, 5.24741812502e-11, 4.50232663651e-11, 4.00418483093e-11, 3.9242428751e-11, 5.83329287651e-11]}, "mfcc": {"mean": [-623.860717773, 109.200714111, 14.9724168777, 5.3798995018, -13.348733902, 6.09867572784, -5.6672000885, 4.0333647728, 5.02533912659, 5.55747032166, 4.49886894226, 4.42085981369, -2.83667397499], "cov": [[9727.765625, 518.888061523, 364.181488037, 31.2297172546, 475.872711182, 645.328613281, 623.407470703, 684.054931641, 552.182678223, 384.606109619, 316.21194458, 277.958587646, 224.438201904], [518.888061523, 817.683105469, -120.012374878, 152.429885864, 71.7482528687, 97.6601104736, 82.5412368774, 107.790031433, 69.0264434814, 69.5736236572, 55.9346961975, 55.6965103149, 76.6072845459], [364.181488037, -120.012374878, 582.751586914, 168.200424194, 156.631088257, 85.9625778198, 131.79788208, 75.8063430786, 91.003036499, 44.7458610535, 39.8388023376, 45.3426818848, 27.0027828217], [31.2297172546, 152.429885864, 168.200424194, 326.458129883, 94.9213180542, 107.542808533, 96.0399246216, 83.4950485229, 57.1343269348, 30.8277873993, 15.6921415329, 40.5809020996, 55.6737823486], [475.872711182, 71.7482528687, 156.631088257, 94.9213180542, 265.381835938, 136.663269043, 153.582748413, 100.675941467, 75.1832199097, 30.8095664978, 24.8903675079, 42.2412528992, 67.4036254883], [645.328613281, 97.6601104736, 85.9625778198, 107.542808533, 136.663269043, 221.534210205, 154.165649414, 121.708091736, 75.4247283936, 52.4353904724, 44.1157722473, 47.0510292053, 63.4759178162], [623.407470703, 82.5412368774, 131.79788208, 96.0399246216, 153.582748413, 154.165649414, 224.240951538, 146.550125122, 83.9577789307, 32.5397987366, 27.6332836151, 40.2355995178, 53.6614952087], [684.054931641, 107.790031433, 75.8063430786, 83.4950485229, 100.675941467, 121.708091736, 146.550125122, 189.066345215, 117.071609497, 62.6657028198, 41.2742195129, 41.7285766602, 48.478477478], [552.182678223, 69.0264434814, 91.003036499, 57.1343269348, 75.1832199097, 75.4247283936, 83.9577789307, 117.071609497, 140.994659424, 86.8270874023, 49.2341423035, 36.1554679871, 26.0518131256], [384.606109619, 69.5736236572, 44.7458610535, 30.8277873993, 30.8095664978, 52.4353904724, 32.5397987366, 62.6657028198, 86.8270874023, 109.745742798, 66.184387207, 30.9356956482, 9.28481864929], [316.21194458, 55.9346961975, 39.8388023376, 15.6921415329, 24.8903675079, 44.1157722473, 27.6332836151, 41.2742195129, 49.2341423035, 66.184387207, 83.4734954834, 49.7852630615, 23.6325759888], [277.958587646, 55.6965103149, 45.3426818848, 40.5809020996, 42.2412528992, 47.0510292053, 40.2355995178, 41.7285766602, 36.1554679871, 30.9356956482, 49.7852630615, 86.3835144043, 65.413192749], [224.438201904, 76.6072845459, 27.0027828217, 55.6737823486, 67.4036254883, 63.4759178162, 53.6614952087, 48.478477478, 26.0518131256, 9.28481864929, 23.6325759888, 65.413192749, 106.137664795]], "icov": [[0.000167410049471, -5.83402870689e-05, -5.61478555028e-05, 0.000270879245363, 1.7488222511e-05, -0.000270712276688, -6.37282500975e-05, -0.00026158784749, -0.000216294778511, -5.26850271854e-05, -5.33920319867e-05, -0.000211002043216, 6.2424405769e-05], [-5.83402870689e-05, 0.00174154271372, 0.000873949145898, -0.00103673629928, -0.000261583307292, 0.000397472525947, -0.000286788592348, -0.000223609182285, 0.000189150552615, -0.000621650717221, -0.000698527088389, 0.000282162218355, -0.000647032924462], [-5.61478555028e-05, 0.000873949145898, 0.00298521737568, -0.00161970395129, -0.00110421155114, 0.000852380762808, -0.0013167274883, 0.00117568089627, -0.00136203458533, 0.000345223845216, -0.00109809963033, -0.000612933654338, 0.000824629794806], [0.000270879245363, -0.00103673629928, -0.00161970395129, 0.00529835000634, 0.000282964872895, -0.00195106724277, 0.000346395012457, -0.00108070159331, 4.34497815149e-06, -0.000737423135433, 0.00222561392002, -0.00108616077341, -0.000648735382129], [1.7488222511e-05, -0.000261583307292, -0.00110421155114, 0.000282964872895, 0.00764461839572, -0.00189133465756, -0.00325855356641, 0.00149049668107, -0.00196314393543, 0.000498819747008, 0.000528124161065, 0.00115701754112, -0.00286509864964], [-0.000270712276688, 0.000397472525947, 0.000852380762808, -0.00195106724277, -0.00189133465756, 0.0116146383807, -0.00486865406856, -0.001149669406, 0.00224976777099, -0.0028289523907, -0.00204447633587, 0.00169373257086, -0.00255968002602], [-6.37282500975e-05, -0.000286788592348, -0.0013167274883, 0.000346395012457, -0.00325855356641, -0.00486865406856, 0.0151317864656, -0.00794382113963, 0.000735366833396, 0.00340945483185, 0.000481529277749, -0.000957667012699, 0.00145833659917], [-0.00026158784749, -0.000223609182285, 0.00117568089627, -0.00108070159331, 0.00149049668107, -0.001149669406, -0.00794382113963, 0.0194528214633, -0.0114399939775, 0.00154746789485, -0.000720384647138, 0.00135005684569, -0.00214453879744], [-0.000216294778511, 0.000189150552615, -0.00136203458533, 4.34497815149e-06, -0.00196314393543, 0.00224976777099, 0.000735366833396, -0.0114399939775, 0.0263417642564, -0.0159119460732, 0.00430548284203, -0.00213598296978, 0.000703817466274], [-5.26850271854e-05, -0.000621650717221, 0.000345223845216, -0.000737423135433, 0.000498819747008, -0.0028289523907, 0.00340945483185, 0.00154746789485, -0.0159119460732, 0.0316248051822, -0.0185844227672, 0.00355275673792, 0.00289113656618], [-5.33920319867e-05, -0.000698527088389, -0.00109809963033, 0.00222561392002, 0.000528124161065, -0.00204447633587, 0.000481529277749, -0.000720384647138, 0.00430548284203, -0.0185844227672, 0.0353808365762, -0.0176303125918, 0.00425863964483], [-0.000211002043216, 0.000282162218355, -0.000612933654338, -0.00108616077341, 0.00115701754112, 0.00169373257086, -0.000957667012699, 0.00135005684569, -0.00213598296978, 0.00355275673792, -0.0176303125918, 0.0347823947668, -0.0182094890624], [6.2424405769e-05, -0.000647032924462, 0.000824629794806, -0.000648735382129, -0.00286509864964, -0.00255968002602, 0.00145833659917, -0.00214453879744, 0.000703817466274, 0.00289113656618, 0.00425863964483, -0.0182094890624, 0.0233284719288]]}, "spectral_contrast_coeffs": {"dmean": [0.0509623847902, 0.049893707037, 0.0494735985994, 0.0325673818588, 0.0192310474813, 0.0234308391809], "dmean2": [0.0820703953505, 0.0774012356997, 0.0765561535954, 0.0490954555571, 0.032184690237, 0.033487200737], "dvar": [0.0018402626738, 0.00175003742334, 0.00179992290214, 0.000680174387526, 0.000239373490331, 0.000404068065109], "dvar2": [0.0045368312858, 0.00430197501555, 0.00407872209325, 0.00138352857903, 0.000621905084699, 0.000854250916746], "max": [-0.333881735802, -0.435069322586, -0.439217060804, -0.559602618217, -0.710214912891, -0.667241573334], "mean": [-0.65248554945, -0.679362654686, -0.689485669136, -0.778837323189, -0.817800223827, -0.759694516659], "median": [-0.657074272633, -0.682711243629, -0.693749606609, -0.784770548344, -0.818154335022, -0.755695819855], "min": [-0.941573500633, -0.948046505451, -0.964738726616, -0.948451459408, -0.955978751183, -0.916535198689], "var": [0.00870786514133, 0.00561982439831, 0.00670167943463, 0.00264260568656, 0.000747246260289, 0.00135460251477]}, "spectral_contrast_valleys": {"dmean": [0.475530236959, 0.414588570595, 0.450755506754, 0.395733654499, 0.344101190567, 0.523334443569], "dmean2": [0.7604778409, 0.651579797268, 0.67104780674, 0.576699197292, 0.504012227058, 0.722210526466], "dvar": [0.236772924662, 0.153447434306, 0.165346086025, 0.133488804102, 0.131586462259, 0.394202023745], "dvar2": [0.532313883305, 0.334090918303, 0.340362757444, 0.261757850647, 0.282117307186, 0.789095103741], "max": [-4.91809988022, -4.81264734268, -5.25308561325, -5.13857698441, -5.8522644043, -7.38946342468], "mean": [-7.41013097763, -6.69740056992, -7.24390602112, -7.71407938004, -7.53037118912, -9.625415802], "median": [-6.86026573181, -6.48513746262, -7.01861000061, -7.52766990662