{"lowlevel": {"average_loudness": 0.878920018673, "barkbands_crest": {"dmean": 1.55522418022, "dmean2": 2.40047550201, "dvar": 4.58676767349, "dvar2": 10.2621536255, "max": 26.6825332642, "mean": 15.6268863678, "median": 14.2961502075, "min": 5.20696592331, "var": 28.5416584015}, "barkbands_flatness_db": {"dmean": 0.0334883704782, "dmean2": 0.0589014962316, "dvar": 0.000814771046862, "dvar2": 0.00226040300913, "max": 0.732557535172, "mean": 0.504287183285, "median": 0.511296510696, "min": 0.06904386729, "var": 0.00512951379642}, "barkbands_kurtosis": {"dmean": 2.88261723518, "dmean2": 4.44488239288, "dvar": 108.229232788, "dvar2": 279.62512207, "max": 335.939605713, "mean": 8.98721694946, "median": 2.39028143883, "min": -1.96059989929, "var": 960.652038574}, "barkbands_skewness": {"dmean": 0.416789799929, "dmean2": 0.608757674694, "dvar": 0.398426234722, "dvar2": 0.73669219017, "max": 6.03480291367, "mean": -0.509756565094, "median": -0.0407650545239, "min": -14.2198791504, "var": 5.67215681076}, "barkbands_spread": {"dmean": 0.538725793362, "dmean2": 0.802479922771, "dvar": 1.20305323601, "dvar2": 2.23564743996, "max": 105.351501465, "mean": 3.6718416214, "median": 2.37980675697, "min": 0.0504280105233, "var": 75.9182662964}, "dissonance": {"dmean": 0.059993378818, "dmean2": 0.102752149105, "dvar": 0.00382219604217, "dvar2": 0.0102867400274, "max": 0.499999910593, "mean": 0.287079632282, "median": 0.290882766247, "min": 0.0338313318789, "var": 0.00880182720721}, "dynamic_complexity": 6.96202898026, "erbbands_crest": {"dmean": 1.64560639858, "dmean2": 2.52160000801, "dvar": 5.51424741745, "dvar2": 11.8323135376, "max": 31.7108154297, "mean": 17.4493598938, "median": 16.7860870361, "min": 3.4001853466, "var": 40.90259552}, "erbbands_flatness_db": {"dmean": 0.0202859826386, "dmean2": 0.0349156595767, "dvar": 0.000397244963096, "dvar2": 0.000992975430563, "max": 0.720636188984, "mean": 0.512038826942, "median": 0.521612286568, "min": 0.0652290657163, "var": 0.00692641362548}, "erbbands_kurtosis": {"dmean": 1.67597389221, "dmean2": 2.40506410599, "dvar": 10.482093811, "dvar2": 19.4164333344, "max": 76.8738632202, "mean": 5.69169521332, "median": 1.89561986923, "min": -1.72974026203, "var": 93.9712142944}, "erbbands_skewness": {"dmean": 0.308443695307, "dmean2": 0.440776526928, "dvar": 0.222932115197, "dvar2": 0.375811129808, "max": 3.67960929871, "mean": -0.609050214291, "median": -0.236215993762, "min": -6.08271026611, "var": 2.96523141861}, "erbbands_spread": {"dmean": 0.78571754694, "dmean2": 1.17214334011, "dvar": 2.01988530159, "dvar2": 4.04085588455, "max": 156.412612915, "mean": 5.78357505798, "median": 3.99431085587, "min": 0.204648673534, "var": 143.733642578}, "hfc": {"dmean": 3.5252737999, "dmean2": 3.84708023071, "dvar": 98.0434875488, "dvar2": 160.978820801, "max": 170.405075073, "mean": 10.8762407303, "median": 4.39090681076, "min": 1.20740695278e-16, "var": 367.33682251}, "melbands_crest": {"dmean": 1.66778206825, "dmean2": 2.62340974808, "dvar": 4.60554552078, "dvar2": 10.8666067123, "max": 32.0995178223, "mean": 15.8853235245, "median": 15.1534366608, "min": 1.62560331821, "var": 26.4684181213}, "melbands_flatness_db": {"dmean": 0.0421849563718, "dmean2": 0.0753874331713, "dvar": 0.00123033160344, "dvar2": 0.00356603576802, "max": 0.842837333679, "mean": 0.624715149403, "median": 0.639541506767, "min": 0.00382776767947, "var": 0.0107130231336}, "melbands_kurtosis": {"dmean": 1.36363840103, "dmean2": 2.0368642807, "dvar": 9.42122840881, "dvar2": 20.2042121887, "max": 118.225402832, "mean": 3.36308789253, "median": 1.18360733986, "min": -1.8710654974, "var": 82.5405197144}, "melbands_skewness": {"dmean": 0.323570400476, "dmean2": 0.465482294559, "dvar": 0.194278404117, "dvar2": 0.351859331131, "max": 8.61433029175, "mean": -0.0711394026875, "median": 0.0668724328279, "min": -8.23149776459, "var": 2.41496157646}, "melbands_spread": {"dmean": 1.07827746868, "dmean2": 1.69916284084, "dvar": 8.67900753021, "dvar2": 21.6457519531, "max": 145.961517334, "mean": 7.13665819168, "median": 4.86909866333, "min": 0.231744974852, "var": 192.165222168}, "pitch_salience": {"dmean": 0.0451109856367, "dmean2": 0.0713598504663, "dvar": 0.00436562346295, "dvar2": 0.00994326919317, "max": 0.852359354496, "mean": 0.470741152763, "median": 0.483063220978, "min": 0.0137616563588, "var": 0.0280379466712}, "silence_rate_20dB": {"dmean": 0, "dmean2": 0, "dvar": 0, "dvar2": 0, "max": 1, "mean": 1, "median": 1, "min": 1, "var": 0}, "silence_rate_30dB": {"dmean": 0.0151736214757, "dmean2": 0.0303560998291, "dvar": 0.0149432634935, "dvar2": 0.0341059826314, "max": 1, "mean": 0.984830796719, "median": 1, "min": 0, "var": 0.0149391042069}, "silence_rate_60dB": {"dmean": 0.0466880649328, "dmean2": 0.0934033840895, "dvar": 0.0445091798902, "dvar2": 0.0899343565106, "max": 1, "mean": 0.218494743109, "median": 0, "min": 0, "var": 0.170753598213}, "spectral_centroid": {"dmean": 29.824716568, "dmean2": 42.4138717651, "dvar": 19793.1601562, "dvar2": 27567.2089844, "max": 11257.9443359, "mean": 611.607666016, "median": 518.332824707, "min": 260.243621826, "var": 309210.75}, "spectral_complexity": {"dmean": 0.804785549641, "dmean2": 1.32224166393, "dvar": 1.19241464138, "dvar2": 2.45313096046, "max": 15, "mean": 6.03004646301, "median": 6, "min": 0, "var": 7.01742362976}, "spectral_decrease": {"dmean": 1.19449949931e-09, "dmean2": 1.32915889406e-09, "dvar": 8.21470998375e-18, "dvar2": 1.35354400862e-17, "max": 6.73927259044e-16, "mean": -4.08617673031e-09, "median": -2.28946173131e-09, "min": -5.04699215753e-08, "var": 3.19898304532e-17}, "spectral_energy": {"dmean": 0.00482687726617, "dmean2": 0.00536213535815, "dvar": 0.000137042501592, "dvar2": 0.000225687239436, "max": 0.205941408873, "mean": 0.0164086837322, "median": 0.00906312838197, "min": 1.08733376196e-20, "var": 0.000531701138243}, "spectral_energyband_high": {"dmean": 7.95490340266e-09, "dmean2": 1.43678278164e-08, "dvar": 2.83487263188e-16, "dvar2": 8.38223857542e-16, "max": 4.66068200922e-07, "mean": 1.13077049946e-08, "median": 5.25700194487e-09, "min": 7.86148092085e-21, "var": 4.34190306372e-16}, "spectral_energyband_low": {"dmean": 9.68190142885e-05, "dmean2": 0.000161697069416, "dvar": 6.28202769803e-08, "dvar2": 1.67173425325e-07, "max": 0.00483241537586, "mean": 0.000165429752087, "median": 7.12952023605e-05, "min": 9.48819051388e-23, "var": 7.92810226358e-08}, "spectral_energyband_middle_high": {"dmean": 0.00306190992706, "dmean2": 0.00340718682855, "dvar": 0.000127949504531, "dvar2": 0.000208391109481, "max": 0.20372954011, "mean": 0.0078387176618, "median": 0.000355553871486, "min": 1.54673555603e-21, "var": 0.000474101543659}, "spectral_energyband_middle_low": {"dmean": 0.00203373306431, "dmean2": 0.00237348442897, "dvar": 1.18251064123e-05, "dvar2": 1.97686058527e-05, "max": 0.0604282170534, "mean": 0.00857966858894, "median": 0.00593332573771, "min": 3.80479807222e-22, "var": 7.60232796893e-05}, "spectral_entropy": {"dmean": 0.153856322169, "dmean2": 0.246263951063, "dvar": 0.0549447052181, "dvar2": 0.120810121298, "max": 9.79399394989, "mean": 4.82911252975, "median": 4.75484275818, "min": 2.53643369675, "var": 0.595325827599}, "spectral_flux": {"dmean": 0.016646778211, "dmean2": 0.0268838070333, "dvar": 0.00133800006006, "dvar2": 0.00334823061712, "max": 0.327352076769, "mean": 0.0280490238219, "median": 0.0177914034575, "min": 1.04275296731e-10, "var": 0.00131084478926}, "spectral_kurtosis": {"dmean": 156.445724487, "dmean2": 282.711151123, "dvar": 19803.4199219, "dvar2": 61327.71875, "max": 1200.83032227, "mean": 358.815979004, "median": 333.355224609, "min": -1.1847641468, "var": 32007.625}, "spectral_rms": {"dmean": 0.000480321672512, "dmean2": 0.000532090896741, "dvar": 7.38180403914e-07, "dvar2": 1.19198375614e-06, "max": 0.0141745703295, "mean": 0.00334187224507, "median": 0.00297356303781, "min": 3.25701314877e-12, "var": 4.84031579617e-06}, "spectral_rolloff": {"dmean": 44.3668556213, "dmean2": 79.9539718628, "dvar": 175943.171875, "dvar2": 366279.03125, "max": 19853.6132812, "mean": 1212.91674805, "median": 710.595703125, "min": 279.931640625, "var": 9507771}, "spectral_skewness": {"dmean": 2.7563354969, "dmean2": 4.90023517609, "dvar": 5.92248344421, "dvar2": 17.884847641, "max": 29.650056839, "mean": 15.0676326752, "median": 15.3939256668, "min": -0.029635541141, "var": 16.4169654846}, "spectral_spread": {"dmean": 409632.75, "dmean2": 736618.9375, "dvar": 326687522816, "dvar2": 673574748160, "max": 39609880, "mean": 1133104.5, "median": 572828.75, "min": 88666.5703125, "var": 8751198765060.0}, "spectral_strongpeak": {"dmean": 0.487202763557, "dmean2": 0.616625666618, "dvar": 1.07677900791, "dvar2": 1.89956116676, "max": 14.9024744034, "mean": 2.04796099663, "median": 1.09153389931, "min": 1.38727440646e-09, "var": 5.82717752457}, "zerocrossingrate": {"dmean": 0.00202137324959, "dmean2": 0.0022073846776, "dvar": 9.4316121249e-05, "dvar2": 7.50196049921e-05, "max": 0.79150390625, "mean": 0.0441193729639, "median": 0.0263671875, "min": 0.009765625, "var": 0.0110202105716}, "barkbands": {"dmean": [3.73910069129e-07, 3.61293750757e-05, 5.87964641454e-05, 5.62756758882e-05, 0.000341012870194, 0.000627699540928, 0.000408642139519, 0.000208065743209, 0.000830120407045, 0.00207538041286, 0.00107830867637, 1.71819992829e-05, 1.23371528389e-05, 5.30926490683e-06, 8.86479654127e-07, 3.44267846231e-07, 5.2546365481e-08, 3.06081844315e-08, 2.32470984685e-08, 8.41728997614e-09, 1.55824841919e-09, 1.09633679912e-09, 9.15587161643e-10, 8.60992388496e-10, 8.27360679967e-10, 8.13586975568e-10, 1.05926656335e-09], "dmean2": [6.49922355933e-07, 6.17509285803e-05, 0.000101166013337, 8.83987304405e-05, 0.000512003258336, 0.000906933564693, 0.000529775104951, 0.000316714053042, 0.000853737292346, 0.00234067346901, 0.00122004316654, 2.59793705482e-05, 1.48087328853e-05, 6.96064671502e-06, 1.33657385959e-06, 5.11451332841e-07, 7.46487316405e-08, 3.96440071881e-08, 3.81341465072e-08, 1.19667857845e-08, 2.68010191817e-09, 2.01848160408e-09, 1.68712943616e-09, 1.59811885947e-09, 1.53609081011e-09, 1.5076637716e-09, 1.92287719081e-09], "dvar": [1.5378835358e-12, 8.55570370106e-09, 2.82912253624e-08, 4.56709372543e-08, 5.47188790279e-07, 2.00080080504e-06, 9.97147594717e-07, 3.7930269059e-07, 5.53610652787e-06, 8.54539102875e-05, 4.18461531808e-05, 2.02048031639e-08, 7.07756742102e-09, 9.70424074431e-10, 4.07972162997e-11, 5.30692850775e-12, 2.60340468801e-13, 8.89900268275e-14, 1.07161763458e-13, 6.26647552818e-15, 2.95924856758e-17, 4.973405235e-18, 3.47361966455e-18, 3.08154618717e-18, 2.84150478405e-18, 2.69699509027e-18, 2.98614041609e-18], "dvar2": [4.23869836799e-12, 2.30371650645e-08, 7.65455112628e-08, 1.05270331119e-07, 1.10772396056e-06, 5.03677620145e-06, 1.61917353125e-06, 8.27608232612e-07, 7.26667803974e-06, 0.000135256399517, 6.85901904944e-05, 4.76339998556e-08, 1.20225447375e-08, 1.95530214242e-09, 9.84283071714e-11, 1.12927315069e-11, 3.88932945095e-13, 1.3850792529e-13, 2.91041198303e-13, 1.01027415329e-14, 5.18697003427e-17, 1.6455486083e-17, 1.15018595636e-17, 1.0347731678e-17, 9.5452018749e-18, 9.06736445045e-18, 1.00658202535e-17], "max": [3.43795509252e-05, 0.00181002297904, 0.00293082604185, 0.00740033248439, 0.0203901510686, 0.0337027274072, 0.0351447165012, 0.0127276349813, 0.0516671948135, 0.203520029783, 0.120225206017, 0.00548456329852, 0.00311965565197, 0.00113091501407, 0.000264215952484, 6.92320681992e-05, 3.51032867911e-05, 1.80825627467e-05, 1.27465145852e-05, 4.82897758047e-06, 3.39005936212e-07, 2.88826100814e-08, 2.38592683388e-08, 2.26003660231e-08, 2.16421991439e-08, 2.1299292996e-08, 2.56204018001e-08], "mean": [3.83414146654e-07, 5.17664593644e-05, 8.61723528942e-05, 0.000141218828503, 0.0010939486092, 0.00242764060386, 0.00158183777239, 0.000528875098098, 0.00259338621981, 0.00488656386733, 0.00293416646309, 3.68870460079e-05, 3.08147464239e-05, 1.18372790894e-05, 2.37869267039e-06, 5.27124768723e-07, 1.61699915679e-07, 7.3343365159e-08, 2.8026397203e-08, 1.81795343224e-08, 1.83618487082e-09, 9.51610346078e-10, 7.76547881554e-10, 7.34318883477e-10, 7.0995398449e-10, 8.48046410873e-10, 3.8913157141e-09], "median": [1.08692773892e-07, 1.17929903354e-05, 2.29560828302e-05, 1.54801055032e-05, 0.000519031658769, 0.00120972970035, 0.00051123322919, 9.88670944935e-05, 0.000397259776946, 0.000115407252451, 6.37671619188e-05, 3.13976920552e-06, 2.26936413128e-06, 7.76928800406e-07, 1.01490769566e-07, 4.13188949722e-08, 8.32538926687e-09, 4.39857084089e-09, 1.27969657093e-09, 7.84567077972e-10, 3.25958787739e-10, 2.28993601858e-10, 1.89528046035e-10, 1.96511487638e-10, 1.95843938289e-10, 3.46659423389e-10, 3.49815842959e-09], "min": [2.67936685344e-24, 2.93683701118e-23, 3.23323035485e-23, 3.73206970371e-23, 4.28709172624e-23, 5.45099730064e-23, 6.74994450242e-23, 6.06988203107e-23, 1.0182448695e-22, 8.64080875127e-23, 6.87818425553e-23, 5.76768898203e-23, 1.14242697455e-22, 8.85572601628e-23, 1.60920215683e-22, 2.21653531304e-22, 2.15965023762e-22, 1.4581062634e-22, 2.10128387075e-22, 3.38373819981e-22, 5.18864084379e-22, 5.03190011416e-22, 5.29499191559e-22, 8.09085531782e-22, 1.29536423341e-21, 2.04681379517e-21, 2.20828163178e-21], "var": [1.22446139599e-12, 1.25938743878e-08, 3.30423191031e-08, 1.47539424233e-07, 2.48621608989e-06, 9.79946071311e-06, 6.90904380463e-06, 1.40504948831e-06, 3.1023122574e-05, 0.000316062243655, 0.000155003755935, 4.43012346807e-08, 2.48924685309e-08, 2.43191489169e-09, 1.45803993878e-10, 9.17228185765e-12, 2.38842626232e-12, 3.43796741293e-13, 9.02827075253e-14, 3.58779879992e-14, 1.08689388437e-16, 4.39629827883e-18, 3.02186055648e-18, 2.48780628323e-18, 2.28185113201e-18, 2.17018485124e-18, 2.62780536114e-18]}, "erbbands": {"dmean": [0.000377467396902, 0.0109394853935, 0.0639172717929, 0.102857023478, 0.528032779694, 1.3968783617, 3.82526683807, 5.17621517181, 4.51613664627, 5.8188624382, 6.32064914703, 16.9133014679, 51.2155303955, 66.3974761963, 11.2117967606, 0.913926005363, 0.576209902763, 0.406395763159, 0.0651741996408, 0.0431758463383, 0.0153108453378, 0.00295802671462, 0.00192945403978, 0.000820949557237, 0.00142854498699, 0.000340151920682, 8.12774378574e-05, 5.84235967835e-05, 4.13459820265e-05, 3.31985211233e-05, 2.61847944785e-05, 2.01126131287e-05, 1.50092510012e-05, 1.07500427475e-05, 7.30748206479e-06, 4.60670116809e-06, 2.43283034251e-06, 7.93768037965e-07, 2.45681917477e-06, 5.57739076612e-06], "dmean2": [0.00062719755806, 0.0187639817595, 0.110026836395, 0.164009839296, 0.835352301598, 2.07537007332, 5.41794157028, 7.72987174988, 5.59161424637, 8.65114974976, 8.22061347961, 17.3211593628, 55.5947990417, 74.6108779907, 13.0099182129, 1.19766044617, 0.693072855473, 0.50702893734, 0.0897440984845, 0.0624636746943, 0.0225506424904, 0.00430403836071, 0.00251476932317, 0.00118584791198, 0.0022764520254, 0.00048431934556, 0.000134291592985, 9.888211207e-05, 7.46719524614e-05, 5.98819933657e-05, 4.71512466902e-05, 3.59710611519e-05, 2.64109312411e-05, 1.84014916158e-05, 1.20102558867e-05, 7.21317928765e-06, 3.66443509847e-06, 1.24609834984e-06, 2.74218496088e-06, 6.18434341959e-06], "dvar": [5.5808311572e-07, 0.000823225069325, 0.0328565426171, 0.0928043723106, 3.30557775497, 11.606844902, 73.9684906006, 175.545532227, 110.123497009, 379.042449951, 486.537231445, 2914.70214844, 41385.921875, 72717.109375, 3633.65966797, 24.885892868, 12.117474556, 4.24941205978, 0.20487511158, 0.113445624709, 0.00953527539968, 0.000373789604055, 0.000289941759547, 0.000156342532136, 0.000263635942247, 9.10936705623e-06, 6.09239378946e-08, 5.65082061144e-08, 7.34094918187e-09, 4.52059989442e-09, 2.80959677745e-09, 1.66325808681e-09, 9.24501808441e-10, 4.76655992454e-10, 2.26975008233e-10, 9.60721710519e-11, 2.84205506351e-11, 2.9030857579e-12, 3.67128549783e-11, 1.87260609796e-10], "dvar2": [1.43311626744e-06, 0.00223101954907, 0.0905078426003, 0.220157489181, 8.34348106384, 22.4724769592, 144.780990601, 505.342956543, 140.73765564, 920.024963379, 719.706420898, 3578.64892578, 67976.9296875, 120326.695312, 6126.37304688, 48.6415061951, 21.0379333496, 8.19866752625, 0.453175634146, 0.256790965796, 0.0207351502031, 0.000654807605315, 0.000451912783319, 0.000383739388781, 0.000637939490844, 1.24568032334e-05, 1.16808450912e-07, 9.46138030145e-08, 2.25852456737e-08, 1.43256455587e-08, 8.87472850764e-09, 5.15817255575e-09, 2.75373168712e-09, 1.32694455424e-09, 5.67855984457e-10, 2.09423048347e-10, 5.60047702658e-11, 6.0727885394e-12, 5.97788138434e-11, 3.08106040681e-10], "max": [0.0109900627285, 0.579583823681, 3.43551373482, 9.57124996185, 54.2114486694, 117.453422546, 169.89704895, 324.073944092, 450.128845215, 622.136962891, 614.096435547, 1447.47937012, 4434.6875, 4246.77587891, 1145.59936523, 234.717926025, 125.456382751, 65.8851776123, 25.4111938477, 17.2954826355, 2.53313183784, 1.0879547596, 1.02402818203, 0.671564042568, 0.531372368336, 0.206084266305, 0.0126326978207, 0.0150641677901, 0.00152473244816, 0.00096239807317, 0.000775099440943, 0.000613415788393, 0.000472415355034, 0.000350943417288, 0.000247391784796, 0.000171617619344, 9.60941397352e-05, 3.0621769838e-05, 0.000106308267277, 0.000240402441705], "mean": [0.000551203382201, 0.0159044135362, 0.0932130813599, 0.245904892683, 1.36151206493, 4.75352525711, 14.8771476746, 18.5450668335, 17.9598770142, 20.051574707, 20.8306713104, 52.7742652893, 131.549636841, 174.40322876, 29.8991756439, 2.3653883934, 1.48377025127, 0.958397090435, 0.181368768215, 0.114817209542, 0.0286002382636, 0.00780415954068, 0.00479180831462, 0.00173349585384, 0.0018873529043, 0.000789277430158, 0.000125279533677, 8.1611025962e-05, 4.74088519695e-05, 3.8776495785e-05, 3.26673507516e-05, 2.78255047306e-05, 2.37632430071e-05, 1.98034431378e-05, 1.5737459762e-05, 1.1532478311e-05, 6.99651536706e-06, 2.43315116677e-06, 8.6618874775e-06, 1.88911853911e-05], "median": [0.000199116650037, 0.00421937787905, 0.0281661264598, 0.0815214589238, 0.470641195774, 1.91129994392, 6.32127761841, 9.02460289001, 7.16816329956, 5.68513011932, 4.55990362167, 10.1038780212, 9.73929405212, 8.3414440155, 1.74180018902, 0.386306196451, 0.223580121994, 0.102018326521, 0.0256895460188, 0.00818289257586, 0.00300239701755, 0.000960111268796, 0.000424840924097, 0.000159792718478, 8.66113405209e-05, 4.67620302516e-05, 2.38594220718e-05, 1.79428461706e-05, 1.47271402966e-05, 1.33872626975e-05, 1.23967693071e-05, 1.15747970995e-05, 1.0685334928e-05, 9.53388007474e-06, 7.82520146458e-06, 5.86219584875e-06, 3.77989090339e-06, 1.40648148772e-06, 4.84318206873e-06, 1.03089205368e-05], "min": [4.95006153815e-22, 7.59259067622e-21, 2.74654530276e-20, 1.18279938732e-19, 4.57634895085e-20, 1.24485990524e-19, 5.51225353688e-19, 3.72753950398e-19, 7.13841358997e-19, 1.01086020347e-18, 1.68139948458e-18, 2.44808796535e-18, 2.49890994219e-18, 2.30239602368e-18, 3.2804012336e-18, 2.88507445487e-18, 4.29522259824e-18, 5.03072595632e-18, 8.66382025271e-18, 7.24165772453e-18, 1.349721607e-17, 1.28495237243e-17, 6.20788709963e-18, 1.34795226767e-17, 1.26670774596e-17, 1.6395343435e-17, 2.28374889113e-17, 1.42283668037e-17, 1.59220869368e-17, 1.71318088041e-17, 1.45459760348e-17, 1.73065176213e-17, 1.36925382281e-17, 1.318072436e-17, 9.24578151831e-18, 5.74134896235e-18, 4.75091805205e-18, 1.32739802886e-18, 3.19161125306e-19, 3.45049571421e-20], "var": [8.91252113888e-07, 0.00112777994946, 0.0350383743644, 0.259031891823, 7.12736940384, 62.3129653931, 448.584197998, 711.69317627, 907.663269043, 1290.1986084, 2864.04321289, 16233.2519531, 154262.34375, 269393.125, 13041.8789062, 97.0310058594, 42.0935249329, 11.8515090942, 0.7079449296, 0.394801050425, 0.021263660863, 0.00261206342839, 0.00120866822544, 0.000265118229436, 0.000303298031213, 6.39485078864e-05, 2.52202227102e-07, 2.1624056501e-07, 9.67972990651e-09, 5.66773694644e-09, 3.70330477395e-09, 2.4405448773e-09, 1.60854474185e-09, 1.02521990897e-09, 6.11729888966e-10, 3.1223884589e-10, 1.01690905696e-10, 9.81556762952e-12, 1.43684342202e-10, 7.24285187381e-10]}, "gfcc": {"mean": [-334.535308838, 249.719711304, -59.1049842834, -110.140815735, -58.7909317017, -19.0211486816, -20.6180381775, -17.0527915955, -14.7345113754, -19.3516464233, -6.38798570633, -7.0159945488, 5.94401931763], "cov": [[16769.1679688, 5650.70507812, -2506.44091797, -1417.75915527, -22.7502765656, -279.850921631, 51.1284599304, -76.565574646, -316.101257324, -337.953216553, -178.614654541, -393.899261475, 231.450469971], [5650.70507812, 3570.09765625, -191.990249634, -739.984069824, -43.2086677551, -236.821960449, -245.741668701, -140.952163696, 2.05357098579, -40.0741157532, -65.6127090454, -219.250442505, -51.7630882263], [-2506.44091797, -191.990249634, 993.280639648, 204.231277466, -140.951568604, 29.3389472961, -43.1131896973, -50.3340759277, 57.144947052, 39.5081825256, 18.146446228, 81.2928695679, -40.9597625732], [-1417.75915527, -739.984069824, 204.231277466, 442.978668213, 122.137435913, 28.9345684052, 18.1854610443, 25.8316020966, 36.0630683899, 54.0953865051, -2.28748703003, -24.8522853851, -59.7835388184], [-22.7502765656, -43.2086677551, -140.951568604, 122.137435913, 318.171539307, 65.4230194092, -40.1791648865, 25.7821121216, 44.127784729, 29.5976257324, -10.8458738327, -69.5284729004, -45.6087265015], [-279.850921631, -236.821960449, 29.3389472961, 28.9345684052, 65.4230194092, 243.876434326, 181.645553589, 13.5549926758, -66.2655410767, -74.5357589722, -43.6230888367, 51.2560119629, 77.7520141602], [51.1284599304, -245.741668701, -43.1131896973, 18.1854610443, -40.1791648865, 181.645553589, 299.425598145, 101.814605713, -104.136024475, -117.989273071, -54.8722763062, 22.5026493073, 72.1525878906], [-76.565574646, -140.952163696, -50.3340759277, 25.8316020966, 25.7821121216, 13.5549926758, 101.814605713, 141.566970825, 59.0420722961, 0.0610563717782, -14.6340341568, -34.5965003967, -19.7643013], [-316.101257324, 2.05357098579, 57.144947052, 36.0630683899, 44.127784729, -66.2655410767, -104.136024475, 59.0420722961, 185.491394043, 138.247695923, 37.3887443542, -28.3419475555, -59.123085022], [-337.953216553, -40.0741157532, 39.5081825256, 54.0953865051, 29.5976257324, -74.5357589722, -117.989273071, 0.0610563717782, 138.247695923, 164.973648071, 86.3775100708, -5.07011127472, -62.738494873], [-178.614654541, -65.6127090454, 18.146446228, -2.28748703003, -10.8458738327, -43.6230888367, -54.8722763062, -14.6340341568, 37.3887443542, 86.3775100708, 114.321380615, 77.3040618896, -6.76826715469], [-393.899261475, -219.250442505, 81.2928695679, -24.8522853851, -69.5284729004, 51.2560119629, 22.5026493073, -34.5965003967, -28.3419475555, -5.07011127472, 77.3040618896, 190.686340332, 125.276313782], [231.450469971, -51.7630882263, -40.9597625732, -59.7835388184, -45.6087265015, 77.7520141602, 72.1525878906, -19.7643013, -59.123085022, -62.738494873, -6.76826715469, 125.276313782, 175.434967041]], "icov": [[0.000773966487031, -0.00129682896659, 0.00213326606899, -0.00185750250239, 0.00194800295867, -0.00126797519624, -0.000489506695885, 0.00240000430495, -0.00489774672315, 0.00708024157211, -0.00722142588347, 0.00469299545512, -0.00274694128893], [-0.00129682896659, 0.00310261361301, -0.00404303520918, 0.00482055079192, -0.00499945227057, 0.00539774401113, -0.00407084869221, 0.0029773239512, 0.00153047952335, -0.0064794048667, 0.008051504381, -0.00437328591943, 0.00327497837134], [0.00213326606899, -0.00404303520918, 0.00804476067424, -0.00744174839929, 0.00807003490627, -0.00657670153305, 0.00131313083693, 0.00547631829977, -0.0145365707576, 0.0212642084807, -0.0198654532433, 0.0109496796504, -0.0054553267546], [-0.00185750250239, 0.00482055079192, -0.00744174839929, 0.0132981482893, -0.012973504141, 0.0142076639459, -0.0114993043244, 0.00408552866429, 0.00977211166173, -0.0237196031958, 0.0266572572291, -0.0160650424659, 0.00949830748141], [0.00194800295867, -0.00499945227057, 0.00807003490627, -0.012973504141, 0.0226359479129, -0.0287487637252, 0.0304061062634, -0.0237179715186, 0.00610343413427, 0.0150235267356, -0.0273480918258, 0.0216597188264, -0.0122257703915], [-0.00126797519624, 0.00539774401113, -0.00657670153305, 0.0142076639459, -0.0287487637252, 0.0537917949259, -0.0648870840669, 0.0639456287026, -0.0444278791547, 0.0114199426025, 0.0159060563892, -0.0177969131619, 0.0115816323087], [-0.000489506695885, -0.00407084869221, 0.00131313083693, -0.0114993043244, 0.0304061062634, -0.0648870840669, 0.10525342077, -0.123740918934, 0.113730445504, -0.0727488696575, 0.0339250527322, -0.0105036571622, -0.00361255113967], [0.00240000430495, 0.0029773239512, 0.00547631829977, 0.00408552866429, -0.0237179715186, 0.0639456287026, -0.123740918934, 0.178285300732, -0.186478018761, 0.154603794217, -0.104452699423, 0.0561917647719, -0.014857666567], [-0.00489774672315, 0.00153047952335, -0.0145365707576, 0.00977211166173, 0.00610343413427, -0.0444278791547, 0.113730445504, -0.186478018761, 0.236533209682, -0.227754876018, 0.17393964529, -0.0990896448493, 0.036077234894], [0.00708024157211, -0.0064794048667, 0.0212642084807, -0.0237196031958, 0.0150235267356, 0.0114199426025, -0.0727488696575, 0.154603794217, -0.227754876018, 0.264047384262, -0.225994646549, 0.135757133365, -0.056178253144], [-0.00722142588347, 0.008051504381, -0.0198654532433, 0.0266572572291, -0.0273480918258, 0.0159060563892, 0.0339250527322, -0.104452699423, 0.17393964529, -0.225994646549, 0.235439062119, -0.155303031206, 0.0742525234818], [0.00469299545512, -0.00437328591943, 0.0109496796504, -0.0160650424659, 0.0216597188264, -0.0177969131619, -0.0105036571622, 0.0561917647719, -0.0990896448493, 0.135757133365, -0.155303031206, 0.120633587241, -0.063210748136], [-0.00274694128893, 0.00327497837134, -0.0054553267546, 0.00949830748141, -0.0122257703915, 0.0115816323087, -0.00361255113967, -0.014857666567, 0.036077234894, -0.056178253144, 0.0742525234818, -0.063210748136, 0.0438249744475]]}, "melbands": {"dmean": [6.5752374212e-06, 2.65030812443e-05, 2.87982875307e-05, 6.75873816363e-05, 0.000112997979159, 0.000114630078315, 7.38103190088e-05, 5.71029013372e-05, 5.97266371187e-05, 0.000115383685625, 0.000282866123598, 0.000298952130834, 7.44697390473e-05, 2.05937544706e-06, 1.07324353849e-06, 1.67744894952e-06, 5.83361838835e-07, 1.02062550411e-07, 8.02777151421e-08, 3.65474477348e-08, 1.35562201464e-08, 3.15274828466e-09, 1.43176637213e-09, 1.52392420905e-09, 5.65029134592e-10, 1.16692888685e-09, 6.96547930445e-10, 1.22822294002e-10, 5.18831297369e-11, 3.95318951185e-11, 3.01050746832e-11, 2.31005978235e-11, 1.99248170046e-11, 1.72628283196e-11, 1.48369493774e-11, 1.28008263711e-11, 1.11858057539e-11, 9.81814542861e-12, 8.6444783623e-12, 7.64118716218e-12], "dmean2": [1.11145773189e-05, 4.56163943454e-05, 4.53617722087e-05, 0.000103266058431, 0.000160684619914, 0.000167988982867, 9.20319725992e-05, 8.66836271598e-05, 7.60024777264e-05, 0.000117110008432, 0.00030776616768, 0.000333623145707, 8.53953533806e-05, 3.11771486849e-06, 1.57732324624e-06, 1.9543469989e-06, 7.53468043513e-07, 1.45442015764e-07, 1.18429227314e-07, 5.39611981765e-08, 2.01146743706e-08, 4.59227766925e-09, 1.94442817403e-09, 1.98603267165e-09, 8.39760538884e-10, 1.92385507525e-09, 1.03219921499e-09, 1.69161379349e-10, 8.65523347438e-11, 6.63598828665e-11, 5.30906048291e-11, 4.2556021207e-11, 3.6672588577e-11, 3.16708013981e-11, 2.73892523245e-11, 2.37565904448e-11, 2.07599666624e-11, 1.82229578649e-11, 1.60440480346e-11, 1.41845979407e-11], "dvar": [2.42662057115e-10, 5.49509149295e-09, 1.02251762613e-08, 2.97024751461e-08, 5.63673303589e-08, 7.58163167802e-08, 2.72706390803e-08, 3.46933077822e-08, 5.45548992648e-08, 1.35890104502e-07, 1.34606261781e-06, 1.28630586005e-06, 1.94334148773e-07, 3.03849556627e-10, 7.24044574296e-11, 1.38041258979e-10, 9.91794060073e-12, 8.53238703649e-13, 2.46209601101e-13, 8.18961733281e-14, 8.35615536048e-15, 6.80883305365e-16, 9.06249285295e-17, 2.27176115808e-16, 9.05540953993e-17, 2.75491669213e-16, 3.67284603237e-17, 1.29283687191e-18, 2.33993821031e-20, 3.06333253603e-20, 1.11521273744e-20, 2.24988441412e-21, 1.63350813515e-21, 1.24875262609e-21, 9.11062906287e-22, 6.82224934729e-22, 5.20280853321e-22, 3.99776708116e-22, 3.09710073051e-22, 2.42045143942e-22], "dvar2": [6.48571973905e-10, 1.50564609669e-08, 2.51391973904e-08, 6.05278245303e-08, 1.12544370268e-07, 2.11481875567e-07, 3.61640104529e-08, 8.64259703803e-08, 7.66999690427e-08, 1.68535649436e-07, 2.18160562326e-06, 2.10377288568e-06, 3.23247320466e-07, 7.06939617956e-10, 1.72965627931e-10, 2.40687553221e-10, 1.97914497291e-11, 1.74204921322e-12, 5.40968962334e-13, 1.80595311925e-13, 1.82238732026e-14, 1.1167736598e-15, 1.44222989675e-16, 3.70043363076e-16, 2.27261666136e-16, 7.43945278865e-16, 6.91058645986e-17, 1.28777442316e-18, 5.23662261037e-20, 4.7025670188e-20, 2.18996519538e-20, 7.35626986042e-21, 5.40449762321e-21, 4.06295849588e-21, 3.02550679447e-21, 2.28944246899e-21, 1.7469315406e-21, 1.34264600647e-21, 1.04032058026e-21, 8.130858265e-22], "max": [0.000282911671093, 0.00146648252849, 0.00348838372156, 0.00522923888639, 0.0049410238862, 0.00689127622172, 0.00696028908715, 0.00592160737142, 0.00649613235146, 0.00997431762516, 0.0254373401403, 0.0163317844272, 0.0083845378831, 0.0007688474725, 0.000382186321076, 0.000433690729551, 0.000112938592792, 5.22561349499e-05, 2.0485755158e-05, 1.21118218885e-05, 2.8344270504e-06, 1.67039365806e-06, 5.21931383446e-07, 8.80998015873e-07, 5.03302374e-07, 6.30240435839e-07, 2.70564470384e-07, 8.79954669131e-08, 5.09968822726e-09, 1.18593836973e-08, 5.92174087544e-09, 6.09351680225e-10, 5.23554088971e-10, 5.69143676632e-10, 3.87115783873e-10, 3.36517369526e-10, 2.93800705986e-10, 2.57347920751e-10, 2.26239013634e-10, 2.00114730342e-10], "mean": [9.51550100581e-06, 3.93492955482e-05, 7.12534892955e-05, 0.000204345706152, 0.000445540790679, 0.000427015358582, 0.00029577803798, 0.000187282494153, 0.000192391089513, 0.000356077827746, 0.000707816623617, 0.000770429440308, 0.000200539725483, 4.3990235099e-06, 2.46703621087e-06, 4.19858133682e-06, 1.28168994706e-06, 2.70480313702e-07, 2.23028038704e-07, 6.90177017759e-08, 2.47417926147e-08, 8.73605721097e-09, 3.43556361138e-09, 3.59527474458e-09, 1.07040898367e-09, 1.33688182746e-09, 1.23907872851e-09, 3.00794611441e-10, 6.25784701835e-11, 5.05216077307e-11, 3.24425868115e-11, 2.00550895335e-11, 1.73327775743e-11, 1.4719251859e-11, 1.25677203019e-11, 1.07488063589e-11, 9.48175132159e-12, 8.41012676167e-12, 7.4743223763e-12, 6.61139762728e-12], "median": [2.58000909525e-06, 1.146536124e-05, 1.7484109776e-05, 7.47683952795e-05, 0.00021975042182, 0.000215840627789, 0.000116139141028, 4.76594177599e-05, 2.4430162739e-05, 4.66478340968e-05, 3.58315992344e-05, 2.89951985906e-05, 6.09115431871e-06, 3.24361963067e-07, 2.57220904132e-07, 2.16954973098e-07, 1.0285412344e-07, 1.39108369268e-08, 8.35825098022e-09, 4.32160174313e-09, 1.50475487626e-09, 5.16707066023e-10, 2.74850975313e-10, 2.18057905066e-10, 7.09362013573e-11, 4.42641236165e-11, 3.88654178285e-11, 1.75597592023e-11, 1.05589434765e-11, 7.76889490239e-12, 5.91643400938e-12, 4.8183991519e-12, 4.16478700485e-12, 3.48687767028e-12, 3.07609536801e-12, 2.73213179511e-12, 2.48661442999e-12, 2.28449919572e-12, 2.07934190699e-12, 1.8657792325e-12], "min": [6.47209648978e-24, 1.42066828168e-23, 1.69481464341e-23, 4.102525569e-24, 1.71060479884e-23, 8.81611936127e-24, 1.21501863346e-23, 1.14860940368e-23, 1.45828779608e-23, 1.49100012232e-23, 1.26342558408e-23, 9.77576313045e-24, 9.84412660535e-24, 7.72334111484e-24, 7.9728854293e-24, 1.11856216511e-23, 8.41878668939e-24, 1.39917182202e-23, 1.02487136421e-23, 9.84514344706e-24, 1.74256660282e-23, 1.49306394022e-23, 6.24883307638e-24, 6.11579523459e-24, 1.17026876312e-23, 6.98314977203e-24, 1.14708090679e-23, 9.84632752728e-24, 1.68663668018e-23, 1.10583657654e-23, 6.50643560498e-24, 8.57430825027e-24, 1.03484067279e-23, 8.83544960889e-24, 5.92774026112e-24, 1.37685731359e-23, 8.72112315334e-24, 8.36461482217e-24, 1.10290666825e-23, 1.16347611853e-23], "var": [3.65602687014e-10, 6.11703177e-09, 2.70785793788e-08, 1.18938153548e-07, 3.38657173415e-07, 3.2480926393e-07, 2.23524637022e-07, 1.10811484433e-07, 3.28713639419e-07, 7.60848820391e-07, 5.04232730236e-06, 4.78221681988e-06, 7.06570801867e-07, 6.84654777316e-10, 1.39786154874e-10, 4.79344119952e-10, 2.47218322202e-11, 2.84186606539e-12, 1.26130648894e-12, 1.93637789722e-13, 2.16186660587e-14, 5.64022002456e-15, 4.07741914353e-16, 8.37596470826e-16, 1.35262122247e-16, 2.33741203484e-16, 1.31422336608e-16, 1.12082890283e-17, 6.25850990689e-20, 1.33261407471e-19, 3.26731010521e-20, 2.05087679486e-21, 1.440052784e-21, 1.15678664116e-21, 7.81777211971e-22, 5.53210507591e-22, 4.20620836612e-22, 3.22585090818e-22, 2.49320713407e-22, 1.94591424447e-22]}, "mfcc": {"mean": [-918.14666748, 227.059631348, 63.977973938, -34.7197570801, -42.2618560791, -20.1388130188, -9.15112495422, -7.2505531311, -5.91370010376, -6.94802188873, -11.6877317429, -13.7613744736, -8.46671867371], "cov": [[3817.58862305, 3319.06030273, -34.8313293457, -982.177124023, -215.790908813, 144.919219971, -98.0032119751, -223.237838745, -58.3228530884, 63.0362892151, -31.911945343, -126.806388855, -89.1524734497], [3319.06030273, 3086.49584961, 308.83215332, -774.195861816, -310.498504639, 65.9326553345, -62.2039871216, -164.739074707, -48.1795043945, 29.1226100922, -60.1051673889, -141.999237061, -98.4132843018], [-34.8313293457, 308.83215332, 620.157226562, 239.925704956, -162.427581787, -122.078437805, 30.086769104, 51.5282783508, -1.84522294998, -36.7542114258, -32.5881538391, -37.2787628174, -39.7365074158], [-982.177124023, -774.195861816, 239.925704956, 500.809936523, 145.471313477, -65.8599853516, 3.53891372681, 48.4528465271, 0.485679119825, -3.52211117744, 49.700340271, 60.1675338745, 9.16019821167], [-215.790908813, -310.498504639, -162.427581787, 145.471313477, 265.173522949, 126.892173767, -18.1040420532, -49.180606842, -9.78182220459, 37.0946578979, 56.9437561035, 54.2622413635, 26.229888916], [144.919219971, 65.9326553345, -122.078437805, -65.8599853516, 126.892173767, 180.053588867, 76.2871780396, -2.63602042198, 6.05891180038, 12.1650838852, -17.4718208313, -22.7879772186, 4.02195692062], [-98.0032119751, -62.2039871216, 30.086769104, 3.53891372681, -18.1040420532, 76.2871780396, 169.228225708, 145.836868286, 57.0263671875, -20.7365283966, -69.1920089722, -76.2437362671, -36.3896331787], [-223.237838745, -164.739074707, 51.5282783508, 48.4528465271, -49.180606842, -2.63602042198, 145.836868286, 203.271102905, 120.236488342, 0.272789776325, -72.6971359253, -89.8978729248, -54.4445343018], [-58.3228530884, -48.1795043945, -1.84522294998, 0.485679119825, -9.78182220459, 6.05891180038, 57.0263671875, 120.236488342, 134.36730957, 70.7300491333, -19.8193473816, -70.2640304565, -58.5232849121], [63.0362892151, 29.1226100922, -36.7542114258, -3.52211117744, 37.0946578979, 12.1650838852, -20.7365283966, 0.272789776325, 70.7300491333, 126.232292175, 101.806625366, 13.3366384506, -68.5275726318], [-31.911945343, -60.1051673889, -32.5881538391, 49.700340271, 56.9437561035, -17.4718208313, -69.1920089722, -72.6971359253, -19.8193473816, 101.806625366, 193.878799438, 139.006744385, -21.1988773346], [-126.806388855, -141.999237061, -37.2787628174, 60.1675338745, 54.2622413635, -22.7879772186, -76.2437362671, -89.8978729248, -70.2640304565, 13.3366384506, 139.006744385, 197.844909668, 120.640304565], [-89.1524734497, -98.4132843018, -39.7365074158, 9.16019821167, 26.229888916, 4.02195692062, -36.3896331787, -54.4445343018, -58.5232849121, -68.5275726318, -21.1988773346, 120.640304565, 231.552093506]], "icov": [[-762.774841309, 1038.50671387, -925.156188965, 758.894592285, -567.776367188, 381.275604248, -223.32510376, 107.935020447, -37.2888832092, 3.56866049767, 6.22583007812, -4.86542797089, 1.62255966663], [1038.50671387, -1412.25378418, 1253.43359375, -1021.04559326, 754.999450684, -497.092926025, 280.95715332, -125.879684448, 34.1234359741, 6.33050203323, -14.6291618347, 9.13551902771, -2.82546210289], [-925.156188965, 1253.43359375, -1099.25756836, 875.222167969, -621.703369141, 380.660339355, -185.011322021, 52.5525665283, 16.698381424, -37.3203811646, 30.4645690918, -15.2570400238, 4.26599979401], [758.894592285, -1021.04559326, 875.222167969, -665.473876953, 432.278289795, -217.247833252, 51.9290008545, 48.1104316711, -85.8734664917, 79.2213897705, -51.7712364197, 23.466342926, -6.19308662415], [-567.776367188, 754.999450684, -621.703369141, 432.278289795, -226.158630371, 43.4964599609, 86.3991470337, -150.601486206, 155.070953369, -120.536972046, 72.5489273071, -31.4095592499, 8.04736423492], [381.275604248, -497.092926025, 380.660339355, -217.247833252, 43.4964599609, 103.626327515, -198.007339478, 229.45526123, -206.017120361, 149.802200317, -86.8078231812, 36.7276649475, -9.26589870453], [-223.32510376, 280.95715332, -185.011322021, 51.9290008545, 86.3991470337, -198.007339478, 260.950378418, -267.560516357, 226.633850098, -159.535400391, 90.6678695679, -37.9007301331, 9.48624610901], [107.935020447, -125.879684448, 52.5525665283, 48.1104316711, -150.601486206, 229.45526123, -267.560516357, 259.50177002, -213.372039795, 147.637573242, -83.0586700439, 34.5171470642, -8.60919284821], [-37.2888832092, 34.1234359741, 16.698381424, -85.8734664917, 155.070953369, -206.017120361, 226.633850098, -213.372039795, 172.615478516, -118.363189697, 66.2935180664, -27.5027637482, 6.86415338516], [3.56866049767, 6.33050203323, -37.3203811646, 79.2213897705, -120.536972046, 149.802200317, -159.535400391, 147.637573242, -118.363189697, 80.8579406738, -45.2912330627, 18.8426170349, -4.72901582718], [6.22583007812, -14.6291618347, 30.4645690918, -51.7712364197, 72.5489273071, -86.8078231812, 90.6678695679, -83.0586700439, 66.2935180664, -45.2912330627, 25.5098266602, -10.7141389847, 2.73352909088], [-4.86542797089, 9.13551902771, -15.2570400238, 23.466342926, -31.4095592499, 36.7276649475, -37.9007301331, 34.5171470642, -27.5027637482, 18.8426170349, -10.7141389847, 4.57515096664, -1.19664788246], [1.62255966663, -2.82546210289, 4.26599979401, -6.19308662415, 8.04736423492, -9.26589870453, 9.48624610901, -8.60919284821, 6.86415338516, -4.72901582718, 2.73352909088, -1.19664788246, 0.330196350813]]}, "spectral_contrast_coeffs": {"dmean": [0.0410144999623, 0.0377924107015, 0.0312918797135, 0.0245594922453, 0.0398633293808, 0.0134329665452], "dmean2": [0.0676684677601, 0.0607897154987, 0.0465076714754, 0.0393692888319, 0.0700719878078, 0.0248712208122], "dvar": [0.00118610705249, 0.00156519049779, 0.00139688758645, 0.000672745693009, 0.000947586027905, 0.000285630841972], "dvar2": [0.00298781553283, 0.00357526773587, 0.0027498556301, 0.00150759192184, 0.00288093066774, 0.000791398750152], "max": [-0.341810852289, -0.353508323431, -0.293151050806, -0.51290589571, -0.62990373373, -0.722630083561], "mean": [-0.584260165691, -0.652497291565, -0.592848837376, -0.72879254818, -0.833076536655, -0.951986610889], "median": [-0.572722315788, -0.645541787148, -0.598374783993, -0.730829954147, -0.836195588112, -0.960803508759], "min": [-0.961898267269, -0.959017574787, -0.973839521408, -0.95684492588, -0.960942924023, -0.966686844826], "var": [0.00912577752024, 0.0084576793015, 0.019248181954, 0.00577712012455, 0.00386407296173, 0.000347705819877]}, "spectral_contrast_valleys": {"dmean": [0.471891582012, 0.349647819996, 0.371442884207, 0.406722396612, 0.709636867046, 0.950352907181], "dmean2": [0.759742438793, 0.56063324213, 0.575384140015, 0.660566210747, 1.26087927818, 1.71108043194], "dvar": [0.188287869096, 0.209936589003, 0.276925414801, 0.332647979259, 0.338395893574, 0.600764811039], "dvar2": [0.401120483875, 0.397569417953, 0.528802871704, 0.705857932568, 0.945760846138, 1.78130531311], "max": [-6.96124410629, -4.97088241577, -5.83928012848, -7.71014738083, -9.37393856049, -12.0931138992], "mean": [-9.6