{"lowlevel": {"average_loudness": 0.794273793697, "barkbands_crest": {"dmean": 1.82072865963, "dmean2": 2.84853386879, "dvar": 4.55002069473, "dvar2": 10.1581373215, "max": 24.619304657, "mean": 10.8454322815, "median": 10.1420383453, "min": 2.45131516457, "var": 15.8506908417}, "barkbands_flatness_db": {"dmean": 0.0177864674479, "dmean2": 0.0265915933996, "dvar": 0.000369962595869, "dvar2": 0.000794940220658, "max": 0.468132019043, "mean": 0.12794265151, "median": 0.122038945556, "min": 0.0245685018599, "var": 0.00247367681004}, "barkbands_kurtosis": {"dmean": 1.78314232826, "dmean2": 2.80384898186, "dvar": 14.370057106, "dvar2": 31.2135639191, "max": 94.4702758789, "mean": 2.45312047005, "median": 0.458659887314, "min": -1.80164003372, "var": 35.9913902283}, "barkbands_skewness": {"dmean": 0.398816615343, "dmean2": 0.592147529125, "dvar": 0.227395951748, "dvar2": 0.437610328197, "max": 8.89275455475, "mean": 1.10882389545, "median": 0.925737440586, "min": -2.70144104958, "var": 1.53056764603}, "barkbands_spread": {"dmean": 5.25519275665, "dmean2": 8.31067085266, "dvar": 51.8638916016, "dvar2": 115.190856934, "max": 107.816116333, "mean": 26.3270740509, "median": 25.3481044769, "min": 1.99876844883, "var": 167.933990479}, "dissonance": {"dmean": 0.0231697391719, "dmean2": 0.039216466248, "dvar": 0.000512529164553, "dvar2": 0.00139619025867, "max": 0.499999940395, "mean": 0.454744130373, "median": 0.460759460926, "min": 0.196349993348, "var": 0.000884111097548}, "dynamic_complexity": 4.11489295959, "erbbands_crest": {"dmean": 2.66853260994, "dmean2": 4.25833559036, "dvar": 6.53339481354, "dvar2": 15.7049875259, "max": 30.6356391907, "mean": 11.9760866165, "median": 10.9880180359, "min": 2.70368719101, "var": 29.3405246735}, "erbbands_flatness_db": {"dmean": 0.0172588340938, "dmean2": 0.0260180737823, "dvar": 0.000274281163001, "dvar2": 0.000606449553743, "max": 0.528772294521, "mean": 0.152010068297, "median": 0.14433003962, "min": 0.0331906862557, "var": 0.00332697317936}, "erbbands_kurtosis": {"dmean": 1.062743783, "dmean2": 1.67538058758, "dvar": 1.8822555542, "dvar2": 4.48430871964, "max": 26.5730190277, "mean": 1.81310784817, "median": 0.821361541748, "min": -1.65693461895, "var": 8.6904630661}, "erbbands_skewness": {"dmean": 0.328099042177, "dmean2": 0.527302742004, "dvar": 0.0866858884692, "dvar2": 0.219402477145, "max": 2.34990310669, "mean": 0.0400537885725, "median": 0.063645042479, "min": -2.670992136, "var": 0.408438414335}, "erbbands_spread": {"dmean": 6.16014003754, "dmean2": 9.61867713928, "dvar": 61.8151435852, "dvar2": 139.845199585, "max": 151.877746582, "mean": 28.5767402649, "median": 25.9931373596, "min": 2.59275603294, "var": 290.150512695}, "hfc": {"dmean": 7.35928440094, "dmean2": 11.7814903259, "dvar": 247.513931274, "dvar2": 682.434387207, "max": 221.709091187, "mean": 25.3131790161, "median": 17.8045520782, "min": 1.1890119118e-16, "var": 633.862548828}, "melbands_crest": {"dmean": 2.29222989082, "dmean2": 3.48525762558, "dvar": 8.69054985046, "dvar2": 18.7427825928, "max": 35.1334953308, "mean": 17.0526866913, "median": 16.4436302185, "min": 1.81289958954, "var": 38.7173423767}, "melbands_flatness_db": {"dmean": 0.0227956771851, "dmean2": 0.0338963977993, "dvar": 0.000645700027235, "dvar2": 0.00140827998985, "max": 0.517650723457, "mean": 0.209656476974, "median": 0.203598350286, "min": 0.00369019340724, "var": 0.00348714669235}, "melbands_kurtosis": {"dmean": 3.86158013344, "dmean2": 5.84448289871, "dvar": 72.7226104736, "dvar2": 150.220153809, "max": 231.92010498, "mean": 8.4667301178, "median": 3.17935228348, "min": -1.75616824627, "var": 211.635192871}, "melbands_skewness": {"dmean": 0.486703783274, "dmean2": 0.700690984726, "dvar": 0.393492788076, "dvar2": 0.706829786301, "max": 12.1200504303, "mean": 2.08220887184, "median": 1.80314385891, "min": -1.53500628471, "var": 2.76733016968}, "melbands_spread": {"dmean": 5.66129159927, "dmean2": 8.89001083374, "dvar": 65.3146057129, "dvar2": 160.389251709, "max": 167.924560547, "mean": 28.8480453491, "median": 27.2065296173, "min": 1.41691982746, "var": 263.605194092}, "pitch_salience": {"dmean": 0.0541384518147, "dmean2": 0.0870319604874, "dvar": 0.00380872515962, "dvar2": 0.00924165174365, "max": 0.951273977757, "mean": 0.447358161211, "median": 0.442045807838, "min": 0.0795989856124, "var": 0.00964353047311}, "silence_rate_20dB": {"dmean": 0, "dmean2": 0, "dvar": 0, "dvar2": 0, "max": 1, "mean": 1, "median": 1, "min": 1, "var": 0}, "silence_rate_30dB": {"dmean": 0.024123352021, "dmean2": 0.0482527054846, "dvar": 0.0235402695835, "dvar2": 0.0461702793837, "max": 1, "mean": 0.969911754131, "median": 1, "min": 0, "var": 0.0291808675975}, "silence_rate_60dB": {"dmean": 0.00770952505991, "dmean2": 0.015420967713, "dvar": 0.00765161309391, "dvar2": 0.0174206737429, "max": 1, "mean": 0.0798209607601, "median": 0, "min": 0, "var": 0.0734563097358}, "spectral_centroid": {"dmean": 201.102020264, "dmean2": 320.662841797, "dvar": 63135.3632812, "dvar2": 152884.21875, "max": 10987.59375, "mean": 1430.75866699, "median": 1421.86804199, "min": 302.557556152, "var": 207875.546875}, "spectral_complexity": {"dmean": 2.29694104195, "dmean2": 3.7729139328, "dvar": 8.2142906189, "dvar2": 19.9326934814, "max": 49, "mean": 16.0589332581, "median": 16, "min": 0, "var": 48.4924354553}, "spectral_decrease": {"dmean": 2.02037520047e-09, "dmean2": 2.81683498748e-09, "dvar": 2.89127450443e-17, "dvar2": 4.64096101594e-17, "max": 7.17691016209e-17, "mean": -7.44843076106e-09, "median": -5.74615421911e-09, "min": -7.25297937265e-08, "var": 6.58053676324e-17}, "spectral_energy": {"dmean": 0.00811509229243, "dmean2": 0.0114438291639, "dvar": 0.000424275174737, "dvar2": 0.000687099294737, "max": 0.282639086246, "mean": 0.0304080471396, "median": 0.0234950184822, "min": 1.07015150812e-20, "var": 0.0010165424319}, "spectral_energyband_high": {"dmean": 0.000442826625658, "dmean2": 0.000764562340919, "dvar": 1.86417582881e-06, "dvar2": 5.23086009707e-06, "max": 0.0191896557808, "mean": 0.000655643758364, "median": 0.000275239523035, "min": 7.80744599357e-21, "var": 1.68503152054e-06}, "spectral_energyband_low": {"dmean": 0.00552732031792, "dmean2": 0.0074417302385, "dvar": 0.000380982179195, "dvar2": 0.000627185392659, "max": 0.235169276595, "mean": 0.0144299501553, "median": 0.00862454436719, "min": 1.05197738222e-22, "var": 0.000618118792772}, "spectral_energyband_middle_high": {"dmean": 0.00239409459755, "dmean2": 0.0035649468191, "dvar": 1.75041423063e-05, "dvar2": 4.08384548791e-05, "max": 0.0879072993994, "mean": 0.00996998604387, "median": 0.00517085613683, "min": 1.53713715092e-21, "var": 0.000144268968143}, "spectral_energyband_middle_low": {"dmean": 0.00227369344793, "dmean2": 0.00373283307999, "dvar": 3.0282924854e-05, "dvar2": 8.13925580587e-05, "max": 0.0821238532662, "mean": 0.00573634402826, "median": 0.00428056484088, "min": 3.3250593178e-22, "var": 3.79451630579e-05}, "spectral_entropy": {"dmean": 0.215563386679, "dmean2": 0.332573711872, "dvar": 0.0563926063478, "dvar2": 0.129088804126, "max": 9.79374599457, "mean": 7.36184167862, "median": 7.34198093414, "min": 5.03326225281, "var": 0.222433909774}, "spectral_flux": {"dmean": 0.0231643076986, "dmean2": 0.0363019742072, "dvar": 0.00111772597302, "dvar2": 0.00238999864087, "max": 0.404139429331, "mean": 0.0685292482376, "median": 0.0526602528989, "min": 1.03448125066e-10, "var": 0.00321827991866}, "spectral_kurtosis": {"dmean": 1.84531438351, "dmean2": 2.92805624008, "dvar": 5.85982465744, "dvar2": 14.8068704605, "max": 108.10118866, "mean": 6.77096033096, "median": 6.17744541168, "min": -1.28234553337, "var": 44.6475067139}, "spectral_rms": {"dmean": 0.000564503076021, "dmean2": 0.000800740090199, "dvar": 1.09931113457e-06, "dvar2": 1.66861684647e-06, "max": 0.0166055858135, "mean": 0.00490153953433, "median": 0.00478768954054, "min": 3.231176611e-12, "var": 5.64125048186e-06}, "spectral_rolloff": {"dmean": 373.251586914, "dmean2": 653.318359375, "dvar": 900280.875, "dvar2": 2125272.25, "max": 19444.4824219, "mean": 1455.65344238, "median": 1335.05859375, "min": 64.599609375, "var": 1635265.625}, "spectral_skewness": {"dmean": 0.263144105673, "dmean2": 0.41272804141, "dvar": 0.0771046504378, "dvar2": 0.179905354977, "max": 8.72061061859, "mean": 2.04657864571, "median": 2.04432940483, "min": 0.0202423688024, "var": 0.417548090219}, "spectral_spread": {"dmean": 735717.875, "dmean2": 1099709.125, "dvar": 1061086035970.0, "dvar2": 1964030951420.0, "max": 38259780, "mean": 5156492, "median": 4732553, "min": 896918.25, "var": 3756711477250.0}, "spectral_strongpeak": {"dmean": 0.656456768513, "dmean2": 1.15151798725, "dvar": 2.20900630951, "dvar2": 5.4177312851, "max": 14.3967056274, "mean": 1.33506834507, "median": 0.294290453196, "min": 0, "var": 5.64172887802}, "zerocrossingrate": {"dmean": 0.00953429564834, "dmean2": 0.0115444725379, "dvar": 0.000159491770319, "dvar2": 0.000177034147782, "max": 0.57275390625, "mean": 0.0637956485152, "median": 0.05859375, "min": 0.00634765625, "var": 0.00116079603322}, "barkbands": {"dmean": [0.000567523704376, 0.00489626871422, 0.0010052541038, 0.000716925074812, 0.000719332252629, 0.000492815917823, 0.000428903382272, 0.000249341479503, 0.000453564251075, 0.000422151817475, 0.000370903668227, 0.000316542747896, 0.00107169686817, 0.000709902553353, 0.000473254622193, 0.000260970438831, 0.000300244806567, 0.000246196752414, 0.000160520139616, 7.06521313987e-05, 6.85620980221e-05, 6.76132694934e-05, 7.24532146705e-05, 9.13857875275e-05, 8.38374835439e-05, 4.24340869358e-05, 3.11057046929e-05], "dmean2": [0.000873576791491, 0.00706038251519, 0.00166092067957, 0.00130292447284, 0.00116710620932, 0.000789145531598, 0.000663776532747, 0.00040211569285, 0.000676987518091, 0.000615660101175, 0.000563772686291, 0.000430956017226, 0.00162954430562, 0.000993361813016, 0.000705072889104, 0.000425239646574, 0.000502983166371, 0.000382222206099, 0.000276250822935, 0.00011775004532, 0.000123335514218, 0.000122232595459, 0.000128124796902, 0.000160785522894, 0.000144595192978, 6.51413429296e-05, 4.57143396488e-05], "dvar": [5.50312188352e-06, 0.000356186210411, 1.47173668665e-05, 1.45978374348e-05, 4.23963365392e-06, 7.77380250838e-07, 8.79153219557e-07, 2.91767378258e-07, 1.01277282738e-06, 9.83095105767e-07, 7.1249684197e-07, 1.13051123662e-06, 1.06100787889e-05, 4.06765411753e-06, 1.77033996351e-06, 4.3115235826e-07, 3.05649621168e-07, 3.41391540815e-07, 3.11887646376e-07, 1.9927064443e-08, 6.06676664461e-08, 6.31897165704e-08, 4.60932909618e-08, 1.02023939519e-07, 6.6805242227e-08, 1.71852985176e-08, 8.0867437191e-09], "dvar2": [1.29609743453e-05, 0.00068040296901, 4.15296453866e-05, 4.20095893787e-05, 1.11646741061e-05, 1.88730632544e-06, 2.20312699639e-06, 8.08107529338e-07, 2.36419055e-06, 2.21753384722e-06, 1.71348892763e-06, 1.99761234398e-06, 2.63994661509e-05, 7.81400376582e-06, 3.87688896808e-06, 1.00646400369e-06, 7.23418963844e-07, 8.01437352038e-07, 9.11168399398e-07, 5.23680689923e-08, 1.78318884991e-07, 1.84872149589e-07, 1.2929535842e-07, 2.83512378019e-07, 1.71807599258e-07, 3.51388571573e-08, 1.58787099025e-08], "max": [0.0374415516853, 0.213034123182, 0.0512993037701, 0.0503201335669, 0.0287556387484, 0.0144889457151, 0.0341772921383, 0.0154542019591, 0.0343410968781, 0.0250471364707, 0.0183098092675, 0.037792313844, 0.0775051563978, 0.0521602295339, 0.037331905216, 0.0205628741533, 0.0125880595297, 0.0133368037641, 0.00821502879262, 0.00270733539946, 0.00334075000137, 0.0030988487415, 0.00348922959529, 0.00504478579387, 0.00526073900983, 0.00417540688068, 0.00136834848672], "mean": [0.000993147143163, 0.0103205554187, 0.00283856317401, 0.00065822864417, 0.00116870808415, 0.000927923654672, 0.000973744608928, 0.000631707836874, 0.00115581508726, 0.000920008926187, 0.000916689925361, 0.00101515569258, 0.00231127231382, 0.00197297055274, 0.00104155181907, 0.000486291741254, 0.000551115721464, 0.000527882773895, 0.000260327360593, 0.000135206602863, 6.91124441801e-05, 7.49493701733e-05, 9.45930441958e-05, 0.000105175735371, 0.000109066728328, 7.81292837928e-05, 7.01631361153e-05], "median": [0.000230279591051, 0.00538938492537, 0.0015221433714, 0.000143350756844, 0.000576933380216, 0.000406151724746, 0.000503105926327, 0.000364562642062, 0.000325591827277, 0.000220870220801, 0.000178177579073, 0.000119434611406, 0.000298596511129, 0.000176292014658, 0.000207431759918, 0.000137700146297, 0.000220709014684, 0.000165136822034, 0.000111640583782, 5.81965468882e-05, 1.90244627447e-05, 2.84350207949e-05, 4.13165762438e-05, 3.64544575859e-05, 3.84452032449e-05, 2.03350700758e-05, 3.96298491978e-06], "min": [1.92279008077e-23, 4.65977486141e-23, 2.95562136706e-23, 3.25457188223e-23, 4.85252576608e-23, 6.07367108777e-23, 5.04300475135e-23, 2.9996969191e-23, 9.47208134311e-23, 4.06683545061e-23, 9.34354434721e-23, 5.86754615086e-23, 1.26904899482e-22, 1.49963253254e-22, 1.00522992674e-22, 1.20734808134e-22, 8.9829913684e-23, 2.09111690518e-22, 3.07915307207e-22, 3.77377955656e-22, 4.52753249118e-22, 5.0652422985e-22, 8.09373510189e-22, 6.40286009295e-22, 1.23979207497e-21, 1.77371232073e-21, 2.45922371309e-21], "var": [6.05174045631e-06, 0.000466611643787, 1.61833540915e-05, 8.40556913317e-06, 4.20302876591e-06, 1.93369805856e-06, 2.01809848477e-06, 9.64112132351e-07, 5.06685637447e-06, 3.6611681935e-06, 3.02898297377e-06, 9.98406449071e-06, 3.39947655448e-05, 2.4612983907e-05, 6.48960804028e-06, 1.71685167061e-06, 9.75545049187e-07, 9.44307430473e-07, 2.50424420756e-07, 4.45490151435e-08, 4.33708251535e-08, 4.28158202226e-08, 3.77194702139e-08, 8.69124434644e-08, 7.14562489179e-08, 3.37500445369e-08, 2.44207640776e-08]}, "erbbands": {"dmean": [0.234358102083, 0.782395482063, 0.966642379761, 2.14862370491, 2.09385466576, 2.64886760712, 3.15711545944, 4.35206127167, 6.40561294556, 5.2015209198, 5.23162126541, 12.2119312286, 6.57409858704, 14.574757576, 15.2867679596, 18.934431076, 48.4823493958, 35.0642929077, 26.9602069855, 17.1550445557, 13.8697423935, 11.5729532242, 11.122420311, 11.9679145813, 4.83953428268, 3.82806038857, 2.19565343857, 2.98965382576, 2.49096846581, 2.01616930962, 2.31146168709, 1.55364739895, 1.69781780243, 1.12214720249, 0.543603003025, 0.212230920792, 0.071520447731, 0.023933602497, 0.00604543555528, 0.00033270320273], "dmean2": [0.340101838112, 1.12304067612, 1.49161219597, 3.87437343597, 3.53941607475, 4.24213647842, 5.27746105194, 6.91693210602, 9.72187137604, 8.28939056396, 8.28537750244, 18.2247142792, 9.3619594574, 21.4074420929, 22.457277298, 26.1609172821, 73.4024353027, 46.6281967163, 39.2824249268, 25.7846603394, 22.9551773071, 18.5292510986, 17.03399086, 20.0297298431, 8.23534584045, 6.35829925537, 3.82482838631, 5.38858318329, 4.51724100113, 3.55832719803, 4.12054634094, 2.70002889633, 3.00242137909, 1.95069289207, 0.941744565964, 0.346670746803, 0.108436457813, 0.0357249155641, 0.00900247786194, 0.000487085519126], "dvar": [0.915558576584, 7.97179365158, 9.80467128754, 117.975532532, 57.3317222595, 67.0678939819, 55.0980873108, 73.3979797363, 200.248352051, 145.706054688, 86.9617385864, 807.750488281, 284.754119873, 1185.02404785, 1000.58331299, 3049.45483398, 22155.03125, 10494.6357422, 5639.53417969, 1919.53979492, 950.614624023, 657.049072266, 787.13873291, 1380.14538574, 232.237533569, 51.6524848938, 39.6783447266, 112.737831116, 87.1590652466, 44.3660469055, 50.0870094299, 25.3838615417, 36.0285758972, 10.9611053467, 3.56615781784, 0.516078710556, 0.046964045614, 0.00458683818579, 0.000296527519822, 9.96912035589e-07], "dvar2": [1.82492351532, 15.5299835205, 25.874370575, 337.534454346, 159.897415161, 177.845169067, 151.215774536, 165.680236816, 484.672454834, 371.975494385, 227.666915894, 1869.80004883, 543.157165527, 2746.95092773, 2352.14160156, 5677.57763672, 56086.0703125, 18763.2714844, 12007.9394531, 3971.00927734, 2413.89794922, 1358.32702637, 1732.92749023, 3979.17285156, 675.733703613, 133.774795532, 111.786506653, 331.36428833, 255.680679321, 127.922355652, 140.478225708, 68.47215271, 101.002410889, 28.1603393555, 9.44314289093, 1.20101940632, 0.0918333083391, 0.00918754097074, 0.00059384474298, 1.96667178898e-06], "max": [10.641462326, 35.3582229614, 42.5262947083, 132.523605347, 109.833938599, 146.421463013, 162.843521118, 184.42036438, 510.596282959, 310.237457275, 322.215209961, 1012.50567627, 623.07409668, 956.721008301, 692.615966797, 1936.39648438, 3948.25683594, 3031.08325195, 2429.75146484, 1537.0177002, 658.180664062, 783.358154297, 716.113891602, 433.147705078, 307.294433594, 146.080368042, 82.4499359131, 149.519439697, 119.650238037, 87.4642181396, 112.619064331, 93.2564849854, 96.582359314, 90.1896362305, 32.4298248291, 20.6482925415, 7.67384195328, 1.30700647831, 0.245834589005, 0.018582066521], "mean": [0.487865388393, 1.5999610424, 3.10109972954, 2.66549015045, 2.89721608162, 4.36643648148, 4.74906349182, 8.3510389328, 14.2051639557, 13.1687612534, 15.985906601, 31.6024475098, 17.2724781036, 32.7801628113, 42.1699066162, 60.6601066589, 107.540679932, 111.702819824, 68.6803512573, 40.3464775085, 29.145532608, 24.8490486145, 26.0328197479, 23.7641067505, 9.63586521149, 7.31397485733, 2.87741184235, 3.00409078598, 2.59114289284, 2.85451388359, 2.75180959702, 1.90684127808, 1.89950859547, 1.44063985348, 0.6598046422, 0.326610594988, 0.140618890524, 0.0506171770394, 0.0131035326049, 0.000775469408836], "median": [0.240732744336, 0.8216406703, 1.85537266731, 1.22782552242, 1.31914889812, 2.06468105316, 2.47633910179, 3.41637825966, 7.50046348572, 7.47113466263, 8.69553279877, 9.59099674225, 4.63154888153, 10.944149971, 12.1439342499, 12.991399765, 20.2388076782, 14.8425750732, 14.8490409851, 11.6284294128, 10.7165384293, 8.81165122986, 8.25799369812, 11.0127944946, 4.76009273529, 3.1272881031, 1.1438075304, 0.780845761299, 0.874440133572, 1.31951844692, 1.16620874405, 0.714622378349, 0.621730208397, 0.577502965927, 0.173849314451, 0.0929471328855, 0.0345589108765, 0.00706121930853, 0.000756241730414, 6.64035032969e-05], "min": [2.81338767588e-21, 5.13009741867e-21, 2.31886578421e-20, 7.67110497975e-20, 1.4155270404e-19, 1.86800465823e-19, 2.08867654163e-19, 6.01601066583e-19, 9.98618343998e-19, 4.74260798882e-19, 9.47004238329e-19, 2.090572026e-18, 1.34547771551e-18, 2.8605702632e-18, 2.46513181508e-18, 2.4602967376e-18, 5.36750509809e-18, 7.73811994766e-18, 5.05673789145e-18, 8.52761338432e-18, 4.59928881474e-18, 6.34856032974e-18, 1.03253870481e-17, 1.32407007447e-17, 1.89690828237e-17, 1.62820643588e-17, 1.64514593677e-17, 1.72755678315e-17, 1.61245906769e-17, 2.26103600043e-17, 1.99758278036e-17, 1.45070059018e-17, 1.15167347525e-17, 1.24984360122e-17, 9.44751763482e-18, 6.48779261121e-18, 3.26706025789e-18, 1.25091049878e-18, 3.14558459733e-19, 4.10788231951e-20], "var": [1.12117528915, 10.4802999496, 15.1829481125, 69.6848831177, 41.3935279846, 65.1991577148, 60.0492744446, 190.718948364, 454.453643799, 441.660797119, 491.256378174, 3788.93310547, 1701.70007324, 4338.9375, 4985.15917969, 24206.53125, 65838.6171875, 80794.515625, 25909.8261719, 8166.8828125, 3673.49389648, 2730.88183594, 2702.77612305, 1433.39538574, 238.825454712, 127.465080261, 37.3393249512, 79.8115463257, 58.3955993652, 36.2470054626, 37.3362350464, 24.4867038727, 29.3236122131, 11.5148429871, 3.48401331902, 0.755162239075, 0.102563500404, 0.0118900695816, 0.000858704093844, 2.9212528716e-06]}, "gfcc": {"mean": [4.08516836166, 73.9128341675, -103.031158447, 10.1011009216, -34.6247596741, 21.3816223145, -33.5572891235, 15.0691738129, -16.2271633148, 7.08219337463, -3.78519678116, 5.04718971252, -16.4450473785], "cov": [[9915.34960938, -433.525085449, 659.381164551, 1346.40966797, 947.720336914, 186.636428833, 237.574127197, 484.026733398, 337.560516357, -0.296603232622, -209.676513672, -275.528259277, 44.2386512756], [-433.525085449, 727.807434082, -62.6992874146, 162.539550781, 84.4083633423, 88.9415283203, 23.1763744354, 23.1178436279, -17.6891708374, -4.4587893486, 39.9649505615, 26.461151123, -40.6127166748], [659.381164551, -62.6992874146, 802.246826172, 277.210449219, 176.487365723, 6.30120849609, 43.5583648682, 90.2785491943, 139.988647461, -26.5153656006, -138.245132446, -15.0636739731, 38.6403388977], [1346.40966797, 162.539550781, 277.210449219, 696.137512207, 173.289978027, 36.8671188354, -13.018866539, 160.532958984, 109.94657135, -16.7774448395, -95.43309021, 7.8834862709, 18.4928703308], [947.720336914, 84.4083633423, 176.487365723, 173.289978027, 326.789123535, 53.3128356934, 59.7279014587, 90.0665740967, 83.9019012451, 9.68544483185, -11.0743017197, -26.8515586853, 1.86103463173], [186.636428833, 88.9415283203, 6.30120849609, 36.8671188354, 53.3128356934, 209.732620239, 85.873085022, 15.1704521179, -35.5251655579, 20.5942668915, 45.571056366, -10.30768013, -43.6265525818], [237.574127197, 23.1763744354, 43.5583648682, -13.018866539, 59.7279014587, 85.873085022, 196.943313599, 37.1743812561, 12.5228681564, 32.480682373, 34.7215385437, -34.3296852112, -13.5782165527], [484.026733398, 23.1178436279, 90.2785491943, 160.532958984, 90.0665740967, 15.1704521179, 37.1743812561, 174.074111938, 101.102455139, 12.0501995087, -7.41550159454, -7.83201932907, 0.857752978802], [337.560516357, -17.6891708374, 139.988647461, 109.94657135, 83.9019012451, -35.5251655579, 12.5228681564, 101.102455139, 184.757019043, 43.7148780823, -43.9740753174, -0.65916121006, 37.5943260193], [-0.296603232622, -4.4587893486, -26.5153656006, -16.7774448395, 9.68544483185, 20.5942668915, 32.480682373, 12.0501995087, 43.7148780823, 92.508430481, 50.8765907288, 9.98989868164, 16.0883922577], [-209.676513672, 39.9649505615, -138.245132446, -95.43309021, -11.0743017197, 45.571056366, 34.7215385437, -7.41550159454, -43.9740753174, 50.8765907288, 143.550704956, 31.2836952209, -22.1073207855], [-275.528259277, 26.461151123, -15.0636739731, 7.8834862709, -26.8515586853, -10.30768013, -34.3296852112, -7.83201932907, -0.65916121006, 9.98989868164, 31.2836952209, 101.360496521, 33.9157752991], [44.2386512756, -40.6127166748, 38.6403388977, 18.4928703308, 1.86103463173, -43.6265525818, -13.5782165527, 0.857752978802, 37.5943260193, 16.0883922577, -22.1073207855, 33.9157752991, 106.581245422]], "icov": [[0.000232378704823, 0.000295284437016, 0.000107006890175, -0.000434816087363, -0.00050024111988, -9.03236214072e-05, -9.26743523451e-05, -5.50556796952e-05, 2.70963591902e-05, 8.91678282642e-05, -8.17938780528e-05, 0.000506518350448, -0.000188051053556], [0.000295284437016, 0.00204527494498, 0.000440495903604, -0.00105008843821, -0.00100787123665, -0.000534357212018, -0.000266982940957, 0.000297063204926, -0.000145256883116, 0.000569100433495, -0.000437416572822, -9.22250137592e-07, 0.000316651188768], [0.000107006890175, 0.000440495903604, 0.00200647907332, -0.000611142837442, -0.000872179633006, -0.000287415808998, -0.000688391621225, 0.000305485416902, -0.000883452827111, 0.000550901400857, 0.00138597935438, -0.000422602810431, -4.01142897317e-05], [-0.000434816087363, -0.00105008843821, -0.000611142837442, 0.00336530036293, 0.000318881473504, -0.000304987304844, 0.000912378134672, -0.002093662275, 0.000686323910486, -0.000955158495344, 0.00206102710217, -0.00169401580933, 0.000289333052933], [-0.00050024111988, -0.00100787123665, -0.000872179633006, 0.000318881473504, 0.00571404863149, -0.000645430700388, -0.000192857187358, -0.00020508824673, -0.00187116954476, 0.00112141179852, -0.00154017005116, 0.000573404307943, -0.000313616648782], [-9.03236214072e-05, -0.000534357212018, -0.000287415808998, -0.000304987304844, -0.000645430700388, 0.00757597200572, -0.00256879301742, -0.000546986062545, 0.00281668500975, -0.00247416552156, 1.91846320376e-05, -0.00101377617102, 0.00248697958887], [-9.26743523451e-05, -0.000266982940957, -0.000688391621225, 0.000912378134672, -0.000192857187358, -0.00256879301742, 0.00778941903263, -0.00148030451965, 0.000192268140381, -0.00136633426882, -0.00151811540127, 0.00282568112016, -0.00109147839248], [-5.50556796952e-05, 0.000297063204926, 0.000305485416902, -0.002093662275, -0.00020508824673, -0.000546986062545, -0.00148030451965, 0.0119988434017, -0.00746603542939, 0.0043276976794, -0.00399887561798, 0.000794644409325, 0.000781000184361], [2.70963591902e-05, -0.000145256883116, -0.000883452827111, 0.000686323910486, -0.00187116954476, 0.00281668500975, 0.000192268140381, -0.00746603542939, 0.015247204341, -0.0103735895827, 0.0068444465287, -0.00162784871645, -0.000469742866699], [8.91678282642e-05, 0.000569100433495, 0.000550901400857, -0.000955158495344, 0.00112141179852, -0.00247416552156, -0.00136633426882, 0.0043276976794, -0.0103735895827, 0.0225667711347, -0.0110648581758, 0.00261935614981, -0.00397136388347], [-8.17938780528e-05, -0.000437416572822, 0.00138597935438, 0.00206102710217, -0.00154017005116, 1.91846320376e-05, -0.00151811540127, -0.00399887561798, 0.0068444465287, -0.0110648581758, 0.0178933627903, -0.0070480867289, 0.00409099971876], [0.000506518350448, -9.22250137592e-07, -0.000422602810431, -0.00169401580933, 0.000573404307943, -0.00101377617102, 0.00282568112016, 0.000794644409325, -0.00162784871645, 0.00261935614981, -0.0070480867289, 0.0164066348225, -0.00633881147951], [-0.000188051053556, 0.000316651188768, -4.01142897317e-05, 0.000289333052933, -0.000313616648782, 0.00248697958887, -0.00109147839248, 0.000781000184361, -0.000469742866699, -0.00397136388347, 0.00409099971876, -0.00633881147951, 0.0140545330942]]}, "melbands": {"dmean": [0.00164650788065, 0.000564907561056, 0.000354007439455, 0.000177256937604, 0.000107572952402, 9.52922055149e-05, 9.48416054598e-05, 5.66367925785e-05, 5.21774309163e-05, 6.94775444572e-05, 3.42165840266e-05, 6.20635109954e-05, 5.36982806807e-05, 3.72631475329e-05, 9.93120338535e-05, 8.49571661092e-05, 7.03253608663e-05, 4.86369463033e-05, 2.65906473942e-05, 2.34152303165e-05, 1.83497650141e-05, 1.39690873766e-05, 1.33142575578e-05, 1.23052650451e-05, 1.04909522634e-05, 4.89453850605e-06, 2.54053838944e-06, 2.55288114204e-06, 1.24386122025e-06, 1.85759631677e-06, 1.68645487975e-06, 1.3712310647e-06, 1.43198690239e-06, 1.05474634893e-06, 1.61425703027e-06, 9.89398472484e-07, 9.13518761081e-07, 1.20472986964e-06, 1.14247438887e-06, 9.24391031276e-07], "dmean2": [0.00237981369719, 0.000816869142, 0.000633013667539, 0.000282107590465, 0.000180547664058, 0.000151580999955, 0.000144864054164, 9.04531771084e-05, 8.14568193164e-05, 0.00010357159772, 4.87128636451e-05, 9.07638750505e-05, 8.01014903118e-05, 5.14075472893e-05, 0.000150014981045, 0.000122867786558, 9.41932012211e-05, 6.94930931786e-05, 3.84485720133e-05, 3.62651408068e-05, 3.04447785311e-05, 2.27060336329e-05, 2.01338352781e-05, 1.91151666513e-05, 1.76010798896e-05, 8.42169447424e-06, 4.21455297328e-06, 4.22737002737e-06, 2.07021594179e-06, 3.43027136296e-06, 2.99804355564e-06, 2.47962589128e-06, 2.62912612925e-06, 1.81927532594e-06, 2.89149397759e-06, 1.74837589384e-06, 1.5784671632e-06, 2.15326804209e-06, 1.98562065634e-06, 1.61037291946e-06], "dvar": [4.35756301158e-05, 2.74705485026e-06, 3.0242624689e-06, 2.59890839516e-07, 7.83596050269e-08, 3.20925686026e-08, 4.31849791482e-08, 1.74444743095e-08, 9.0119058882e-09, 2.61862851403e-08, 7.64973862033e-09, 2.26824408145e-08, 1.47295811104e-08, 1.15199743078e-08, 9.70930358335e-08, 6.07138943565e-08, 4.45583019371e-08, 1.6998823682e-08, 5.31372856827e-09, 3.09571346335e-09, 1.60587720899e-09, 1.05465147726e-09, 1.07598441268e-09, 9.15037101645e-10, 1.08440423308e-09, 2.85854118154e-10, 3.43535165592e-11, 2.13197532545e-11, 7.99810825208e-12, 6.7881360255e-11, 2.72178373589e-11, 2.25239583929e-11, 3.58082730134e-11, 8.47467322013e-12, 2.37268572845e-11, 9.35416501202e-12, 9.59852336502e-12, 1.77593009743e-11, 1.51741449267e-11, 6.97788528348e-12], "dvar2": [8.44201495056e-05, 5.03425962961e-06, 8.64186313265e-06, 6.82066854552e-07, 2.17395950131e-07, 7.36929095524e-08, 1.06704540315e-07, 4.6189960301e-08, 2.25233041107e-08, 6.08481514064e-08, 1.478882794e-08, 5.27300052511e-08, 3.51474120919e-08, 2.05341912363e-08, 2.50863280371e-07, 1.29839037299e-07, 8.13150933254e-08, 3.52177806917e-08, 1.10089679595e-08, 6.35586161479e-09, 3.97230914828e-09, 2.16805129405e-09, 2.0882502394e-09, 2.22005791528e-09, 3.12374459632e-09, 8.34681213036e-10, 9.09156708251e-11, 5.42500940004e-11, 2.0517141805e-11, 2.01344968476e-10, 7.89170256921e-11, 6.54115789311e-11, 1.05909260528e-10, 2.34966785612e-11, 6.65097699137e-11, 2.56695237982e-11, 2.57702227613e-11, 5.06201573713e-11, 4.02189392901e-11, 1.80847767317e-11], "max": [0.0733601599932, 0.0203834362328, 0.0222343914211, 0.0068082632497, 0.00614030379802, 0.00354905403219, 0.00780731625855, 0.00344611424953, 0.0026550849434, 0.00579268811271, 0.00311995693482, 0.00421568844467, 0.00300511857495, 0.00442824373022, 0.00992087461054, 0.00513433851302, 0.00610026717186, 0.0045585851185, 0.00156010128558, 0.00198948406614, 0.000932171766181, 0.0010341044981, 0.00107929622754, 0.000714220805094, 0.000387543492252, 0.000357259938028, 0.000136172166094, 0.000104870261566, 4.05408754887e-05, 9.23710613279e-05, 7.37052323529e-05, 6.19843485765e-05, 7.7096883615e-05, 5.84925437579e-05, 7.97523534857e-05, 5.99254744884e-05, 6.42801605863e-05, 7.01041863067e-05, 9.12696850719e-05, 6.92753383191e-05], "mean": [0.00347775802948, 0.0017119232798, 0.000473441556096, 0.000296312180581, 0.000164322409546, 0.000184590797289, 0.000213852821616, 0.000141995842569, 0.00015798509412, 0.000175076769665, 8.18366679596e-05, 0.000132042972837, 0.000132208544528, 0.000130772707053, 0.000222394228331, 0.000195001019165, 0.000214700528886, 0.000112629270006, 5.65089176234e-05, 4.55230037915e-05, 3.36356715707e-05, 2.59607113549e-05, 2.49482509389e-05, 2.6987385354e-05, 1.84778036783e-05, 8.15475596028e-06, 5.05975140186e-06, 4.58355862065e-06, 1.73604985321e-06, 1.65848621236e-06, 1.74722276824e-06, 1.41354053085e-06, 1.49341053657e-06, 1.63061372405e-06, 1.77613185315e-06, 1.1983722743e-06, 1.10543135179e-06, 1.26413306134e-06, 1.3989248373e-06, 1.163888669e-06], "median": [0.00179090746678, 0.00114124105312, 0.00023691196111, 0.000133925263071, 9.29880770855e-05, 7.50093386159e-05, 0.000113916226837, 8.4698855062e-05, 7.10427557351e-05, 5.18771557836e-05, 1.51766880663e-05, 3.4272638004e-05, 2.83093795588e-05, 1.93955002032e-05, 4.21757431468e-05, 2.71744556812e-05, 1.62289034051e-05, 1.89218972082e-05, 1.29386562548e-05, 1.27334869831e-05, 1.17841991596e-05, 9.30630540097e-06, 7.04206559021e-06, 8.04536375654e-06, 7.46941577745e-06, 3.29251679432e-06, 2.20167044063e-06, 1.86053318885e-06, 6.70182373597e-07, 3.8664359181e-07, 4.34186858911e-07, 4.39829506149e-07, 5.54747487058e-07, 7.37636355552e-07, 7.23182324691e-07, 4.73132672596e-07, 3.74865550157e-07, 3.74548562831e-07, 4.97598250604e-07, 4.68433569267e-07], "min": [1.90017438525e-23, 1.02823980028e-23, 1.60634405067e-23, 1.19352438261e-23, 7.38811940634e-24, 1.43212191094e-23, 1.31714551289e-23, 5.09238389414e-24, 1.09911414056e-23, 1.23547939765e-23, 6.3078426331e-24, 1.10388493466e-23, 1.08666843983e-23, 7.37197931222e-24, 6.24136256361e-24, 1.46069255966e-23, 1.43575114442e-23, 8.28172131825e-24, 9.94818130306e-24, 1.06156309929e-23, 4.12670573347e-24, 5.36419104663e-24, 1.01301983352e-23, 9.15700035791e-24, 1.06470631557e-23, 1.20140052766e-23, 1.56541573809e-23, 9.14200805641e-24, 8.9415443009e-24, 1.26480877279e-23, 8.76814399646e-24, 8.663600205e-24, 1.12322046765e-23, 1.38599405837e-23, 1.1340060106e-23, 1.27042861788e-23, 7.04355521813e-24, 8.74040212501e-24, 7.03110935963e-24, 1.18095135973e-23], "var": [5.56627310289e-05, 4.91037053507e-06, 1.81465998139e-06, 2.72205539886e-07, 7.27607627482e-08, 8.71505960731e-08, 9.7806633903e-08, 5.0014360653e-08, 5.55736221486e-08, 1.15066157491e-07, 4.32662794481e-08, 8.2283442282e-08, 6.09706916066e-08, 1.29614477373e-07, 2.88970568363e-07, 2.35828238715e-07, 3.31916169216e-07, 7.72887247535e-08, 1.722482601e-08, 1.40652893776e-08, 4.8248613993e-09, 3.58271190493e-09, 3.60684104805e-09, 2.69880695569e-09, 1.03800867901e-09, 2.49051695933e-10, 6.43612663165e-11, 5.21706462753e-11, 1.07150902734e-11, 4.16238848944e-11, 2.17632509236e-11, 1.5896797767e-11, 2.2175455916e-11, 9.27609985352e-12, 1.70237313829e-11, 7.96725272562e-12, 9.67523977602e-12, 1.36109457038e-11, 1.43824561635e-11, 7.20826046421e-12]}, "mfcc": {"mean": [-652.287963867, 121.742828369, -1.89821875095, 6.23744297028, 19.9365005493, 4.20930051804, 5.52749967575, 9.26302719116, -4.9964928627, 5.86307382584, 10.4250507355, 4.45510053635, 8.78099441528], "cov": [[7323.45214844, -158.996307373, -180.797012329, 720.873718262, 643.51965332, 85.0070343018, 150.193527222, 182.918029785, 407.768585205, 520.19708252, 281.806488037, -183.161743164, -240.648925781], [-158.996307373, 588.249572754, -3.5238199234, 80.405128479, 127.055793762, 59.5933609009, 51.5832443237, 66.6873321533, -23.8832912445, 39.45703125, 23.0721263885, -19.2790699005, 24.8797836304], [-180.797012329, -3.5238199234, 498.230316162, 152.49861145, 68.5740585327, 64.5859222412, -26.5522460938, 46.6706314087, 122.0234375, 0.0903855189681, -30.3261222839, 59.8578948975, 11.434223175], [720.873718262, 80.405128479, 152.49861145, 428.900085449, 190.998733521, 19.9484939575, -57.7693138123, 77.4565200806, 153.885223389, 75.3720016479, -10.4638118744, 38.8452072144, 12.2868328094], [643.51965332, 127.055793762, 68.5740585327, 190.998733521, 306.586975098, 10.6570320129, -22.0861167908, 68.1597595215, 82.9751434326, 77.450088501, 21.602312088, -1.03403615952, 17.8075618744], [85.0070343018, 59.5933609009, 64.5859222412, 19.9484939575, 10.6570320129, 167.56678772, 67.679473877, 14.7699899673, 11.726770401, 7.29494428635, 28.7690486908, -1.35471630096, -11.0673427582], [150.193527222, 51.5832443237, -26.5522460938, -57.7693138123, -22.0861167908, 67.679473877, 218.311828613, 42.4570426941, -58.4232940674, 28.4119873047, 73.6925048828, -29.076461792, -3.77987647057], [182.918029785, 66.6873321533, 46.6706314087, 77.4565200806, 68.1597595215, 14.7699899673, 42.4570426941, 132.063583374, 35.6716537476, 40.5398139954, 35.8152999878, 5.42510318756, 16.8306236267], [407.768585205, -23.8832912445, 122.0234375, 153.885223389, 82.9751434326, 11.726770401, -58.4232940674, 35.6716537476, 228.635635376, 69.3161010742, -14.7416200638, 30.6398124695, -11.2241220474], [520.19708252, 39.45703125, 0.0903855189681, 75.3720016479, 77.450088501, 7.29494428635, 28.4119873047, 40.5398139954, 69.3161010742, 164.379684448, 68.9705429077, -7.87056303024, -21.9491767883], [281.806488037, 23.0721263885, -30.3261222839, -10.4638118744, 21.602312088, 28.7690486908, 73.6925048828, 35.8152999878, -14.7416200638, 68.9705429077, 137.784301758, 4.15119171143, -4.93925285339], [-183.161743164, -19.2790699005, 59.8578948975, 38.8452072144, -1.03403615952, -1.35471630096, -29.076461792, 5.42510318756, 30.6398124695, -7.87056303024, 4.15119171143, 114.649162292, 25.013420105], [-240.648925781, 24.8797836304, 11.434223175, 12.2868328094, 17.8075618744, -11.0673427582, -3.77987647057, 16.8306236267, -11.2241220474, -21.9491767883, -4.93925285339, 25.013420105, 110.969192505]], "icov": [[0.000309200608172, 0.000276304490399, 0.000277726823697, -0.000433719949797, -0.000453207670944, -6.08926020504e-05, -0.000256963161519, 7.77687382651e-05, -0.000264259928372, -0.00026528982562, -0.000340539088938, 0.000428040249972, 0.000483256037114], [0.000276304490399, 0.00235660583712, 0.000409443688113, -0.000554115977138, -0.00115505186841, -0.00082749791909, -0.000342478451785, -0.000608656264376, 0.000512120954227, -0.000635217234958, 0.000143500772538, 0.000528816366568, 8.68176721269e-05], [0.000277726823697, 0.000409443688113, 0.00299319531769, -0.000811753037851, -0.00058056198759, -0.00110430177301, -0.000294269324513, -0.000547005794942, -0.00118701905012, 0.00028638765798, 0.000345564709278, -0.000613402109593, 0.000438144081272], [-0.000433719949797, -0.000554115977138, -0.000811753037851, 0.00488583836704, -0.00105760502629, -0.000283825851511, 0.00102306692861, -0.00128338637296, -0.000922953477129, -0.00040142252692, 0.00130236172117, -0.0013845236972, -0.000705457990989], [-0.000453207670944, -0.00115505186841, -0.00058056198759, -0.00105760502629, 0.00607826467603, 0.000165529476362, 0.00118915364146, -0.00106942187995, 6.56302872812e-05, -0.000789184181485, -9.96275412035e-05, 0.000422703888034, -0.00155229994562], [-6.08926020504e-05, -0.00082749791909, -0.00110430177301, -0.000283825851511, 0.000165529476362, 0.0079896459356, -0.00259108608589, 0.00100290647242, -0.000947238353547, 0.0013577103382, -0.00132285431027, 4.00164972234e-05, 0.000833431084175], [-0.000256963161519, -0.000342478451785, -0.000294269324513, 0.00102306692861, 0.00118915364146, -0.00259108608589, 0.0079542985186, -0.00252897082828, 0.00191622052807, -0.000713218934834, -0.00214141490869, 0.00111469312105, -0.000651987444144], [7.77687382651e-05, -0.000608656264376, -0.000547005794942, -0.00128338637296, -0.00106942187995, 0.00100290647242, -0.00252897082828, 0.0110369697213, -0.00125567789655, -0.000150100735482, -0.00194613018539, 0.000257236708421, -0.00128620117903], [-0.000264259928372, 0.000512120954227, -0.00118701905012, -0.000922953477129, 6.56302872812e-05, -0.000947238353547, 0.00191622052807, -0.00125567789655, 0.00820440333337, -0.00327974976972, 0.0021852790378, -0.00142847478855, 0.000287704897346], [-0.00026528982562, -0.000635217234958, 0.00028638765798, -0.00040142252692, -0.000789184181485, 0.0013577103382, -0.000713218934834, -0.000150100735482, -0.00327974976972, 0.0114928670228, -0.00513816904277, 0.000844721042085, 0.0013649611501], [-0.000340539088938, 0.000143500772538, 0.000345564709278, 0.00130236172117, -9.96275412035e-05, -0.00132285431027, -0.00214141490869, -0.00194613018539, 0.0021852790378, -0.00513816904277, 0.0129276197404, -0.00292567443103, -0.000404586986406], [0.000428040249972, 0.000528816366568, -0.000613402109593, -0.0013845236972, 0.000422703888034, 4.00164972234e-05, 0.00111469312105, 0.000257236708421, -0.00142847478855, 0.000844721042085, -0.00292567443103, 0.0114833451807, -0.00173476571217], [0.000483256037114, 8.68176721269e-05, 0.000438144081272, -0.000705457990989, -0.00155229994562, 0.000833431084175, -0.000651987444144, -0.00128620117903, 0.000287704897346, 0.0013649611501, -0.000404586986406, -0.00173476571217, 0.0112502016127]]}, "spectral_contrast_coeffs": {"dmean": [0.0335628464818, 0.0379227399826, 0.0355428606272, 0.0327870361507, 0.0310403928161, 0.0187127981335], "dmean2": [0.0533594749868, 0.0628588348627, 0.056581415236, 0.052464209497, 0.0495922118425, 0.0288150738925], "dvar": [0.00102513446473, 0.000992309418507, 0.000916970020626, 0.000794094929006, 0.000805445248261, 0.000413825531723], "dvar2": [0.00252302270383, 0.00267119659111, 0.00227126758546, 0.00193820090499, 0.00192485854495, 0.000756416935474], "max": [-0.291664361954, -0.491775810719, -0.472409278154, -0.476491093636, -0.505789279938, -0.610232830048], "mean": [-0.711170256138, -0.727010846138, -0.700795352459, -0.683731496334, -0.724579393864, -0.799690902233], "median": [-0.720805644989, -0.730758547783, -0.702192664146, -0.686476588249, -0.724801421165, -0.808395445347], "min": [-0.949811220169, -0.975129365921, -0.959612965584, -0.949640870094, -0.959941327572, -0.956883072853], "var": [0.00657955370843, 0.003394639818, 0.00546089699492, 0.00514152785763, 0.00374800502323, 0.00201638089493]}, "spectral_contrast_valleys": {"dmean": [0.293274909258, 0.306090265512, 0.30061841011, 0.293627083302, 0.400062173605, 0.442906439304], "dmean2": [0.467200756073, 0.501862704754, 0.491347938776, 0.479730367661, 0.619630455971, 0.65919226408], "dvar": [0.118884928524, 0.0902971252799, 0.0981384292245, 0.107760056853, 0.223528832197, 0.339421451092], "dvar2": [0.263567984104, 0.205761313438, 0.22415523231, 0.245763406157, 0.497089713812, 0.684209823608], "max": [-4.9552230835, -5.22475814819, -5.686522960