{"lowlevel": {"average_loudness": 0.956011235714, "barkbands_crest": {"dmean": 3.42714762688, "dmean2": 5.37944984436, "dvar": 11.1858224869, "dvar2": 23.7600765228, "max": 26.6637477875, "mean": 16.3873348236, "median": 16.4931735992, "min": 2.80119013786, "var": 35.9958648682}, "barkbands_flatness_db": {"dmean": 0.0489674732089, "dmean2": 0.0705565735698, "dvar": 0.00224725133739, "dvar2": 0.00462263217196, "max": 0.79278087616, "mean": 0.291381090879, "median": 0.282236367464, "min": 0.0392071828246, "var": 0.0133576598018}, "barkbands_kurtosis": {"dmean": 28.8119220734, "dmean2": 45.0469932556, "dvar": 6305.99414062, "dvar2": 13614.9189453, "max": 2460.10839844, "mean": 40.3290672302, "median": 15.4172439575, "min": -1.77051019669, "var": 10696.0771484}, "barkbands_skewness": {"dmean": 1.57590270042, "dmean2": 2.36908507347, "dvar": 4.13867330551, "dvar2": 8.77429103851, "max": 37.6231803894, "mean": 3.94740319252, "median": 3.15870809555, "min": -1.96107041836, "var": 11.2278604507}, "barkbands_spread": {"dmean": 3.55435538292, "dmean2": 5.58026266098, "dvar": 44.0046920776, "dvar2": 96.3725662231, "max": 99.52734375, "mean": 7.06210374832, "median": 3.60152077675, "min": 0.0519516430795, "var": 98.5858230591}, "dissonance": {"dmean": 0.0328596681356, "dmean2": 0.0543017014861, "dvar": 0.000869283976499, "dvar2": 0.00230710837059, "max": 0.499999910593, "mean": 0.433418899775, "median": 0.442550867796, "min": 0.14785695076, "var": 0.00223651062697}, "dynamic_complexity": 3.32562923431, "erbbands_crest": {"dmean": 3.24173855782, "dmean2": 5.21589326859, "dvar": 8.51108837128, "dvar2": 20.1084537506, "max": 33.7865982056, "mean": 10.3892354965, "median": 9.41408443451, "min": 2.30408596992, "var": 21.6653900146}, "erbbands_flatness_db": {"dmean": 0.0296588819474, "dmean2": 0.0435340441763, "dvar": 0.000998876639642, "dvar2": 0.00213323696516, "max": 0.54649657011, "mean": 0.201674699783, "median": 0.189523175359, "min": 0.0604866705835, "var": 0.00548051996157}, "erbbands_kurtosis": {"dmean": 3.14417314529, "dmean2": 4.8435459137, "dvar": 35.6859741211, "dvar2": 83.2742156982, "max": 89.3521652222, "mean": 3.43555474281, "median": 1.06486129761, "min": -1.81758856773, "var": 59.114364624}, "erbbands_skewness": {"dmean": 0.641149699688, "dmean2": 0.946137607098, "dvar": 0.466207027435, "dvar2": 1.01451575756, "max": 8.58667087555, "mean": 1.06419610977, "median": 0.831119954586, "min": -2.29326891899, "var": 1.4357022047}, "erbbands_spread": {"dmean": 11.5918893814, "dmean2": 17.4355106354, "dvar": 209.168441772, "dvar2": 456.375488281, "max": 158.324737549, "mean": 32.2409095764, "median": 26.4011764526, "min": 1.10420000553, "var": 523.160583496}, "hfc": {"dmean": 4.43993902206, "dmean2": 6.76930952072, "dvar": 54.44165802, "dvar2": 132.389816284, "max": 64.0854873657, "mean": 7.90648412704, "median": 5.42428684235, "min": 4.3383647369e-11, "var": 67.8317947388}, "melbands_crest": {"dmean": 4.31900119781, "dmean2": 6.77202320099, "dvar": 16.972990036, "dvar2": 37.4043388367, "max": 38.382358551, "mean": 21.6602191925, "median": 20.8364086151, "min": 4.16435670853, "var": 57.0713653564}, "melbands_flatness_db": {"dmean": 0.0545088723302, "dmean2": 0.0776568874717, "dvar": 0.00286956760101, "dvar2": 0.00564284063876, "max": 0.969985723495, "mean": 0.395550251007, "median": 0.388054966927, "min": 0.0200066361576, "var": 0.0188102182001}, "melbands_kurtosis": {"dmean": 35.8469085693, "dmean2": 56.0573768616, "dvar": 4899.47460938, "dvar2": 11843.4716797, "max": 1814.01342773, "mean": 57.9307937622, "median": 29.5252456665, "min": -1.69463896751, "var": 8121.84667969}, "melbands_skewness": {"dmean": 1.63734507561, "dmean2": 2.48912525177, "dvar": 3.48484253883, "dvar2": 7.6987156868, "max": 31.1016845703, "mean": 4.75924015045, "median": 4.04463529587, "min": -1.38198852539, "var": 10.2749500275}, "melbands_spread": {"dmean": 3.155148983, "dmean2": 4.79755115509, "dvar": 55.3161048889, "dvar2": 102.971939087, "max": 206.993789673, "mean": 6.30298852921, "median": 2.99613666534, "min": 0.111348278821, "var": 121.96157074}, "pitch_salience": {"dmean": 0.112496323884, "dmean2": 0.173261135817, "dvar": 0.0112373316661, "dvar2": 0.02352440916, "max": 0.903713524342, "mean": 0.402932524681, "median": 0.410473465919, "min": 0.0344050116837, "var": 0.0369415618479}, "silence_rate_20dB": {"dmean": 0, "dmean2": 0, "dvar": 0, "dvar2": 0, "max": 1, "mean": 1, "median": 1, "min": 1, "var": 0}, "silence_rate_30dB": {"dmean": 0.107706591487, "dmean2": 0.215438187122, "dvar": 0.0961036682129, "dvar2": 0.202206537127, "max": 1, "mean": 0.862597167492, "median": 1, "min": 0, "var": 0.11851797998}, "silence_rate_60dB": {"dmean": 0.0366759523749, "dmean2": 0.0732443407178, "dvar": 0.0353289544582, "dvar2": 0.0834394395351, "max": 1, "mean": 0.0534988977015, "median": 0, "min": 0, "var": 0.0506418086588}, "spectral_centroid": {"dmean": 187.368270874, "dmean2": 283.492034912, "dvar": 100979.164062, "dvar2": 195977.59375, "max": 11276.1279297, "mean": 597.813415527, "median": 433.003265381, "min": 76.0491256714, "var": 266218}, "spectral_complexity": {"dmean": 2.28597950935, "dmean2": 3.34927463531, "dvar": 7.38136386871, "dvar2": 13.1882772446, "max": 40, "mean": 8.70488548279, "median": 8, "min": 0, "var": 26.5393486023}, "spectral_decrease": {"dmean": 7.11545178333e-09, "dmean2": 1.10909592621e-08, "dvar": 1.11669303285e-16, "dvar2": 2.80660634834e-16, "max": -6.17080487209e-24, "mean": -1.33417774606e-08, "median": -9.27915166926e-09, "min": -9.06728772065e-08, "var": 1.80193501095e-16}, "spectral_energy": {"dmean": 0.0271847080439, "dmean2": 0.0423919260502, "dvar": 0.00163398985751, "dvar2": 0.00410445500165, "max": 0.347357362509, "mean": 0.0510720275342, "median": 0.0356625132263, "min": 3.95831371153e-15, "var": 0.00262421695516}, "spectral_energyband_high": {"dmean": 0.00013003021013, "dmean2": 0.000186921402928, "dvar": 1.12337431801e-07, "dvar2": 2.39096721089e-07, "max": 0.00574418716133, "mean": 0.000148004226503, "median": 2.40661502175e-05, "min": 2.78902157378e-15, "var": 1.41419050692e-07}, "spectral_energyband_low": {"dmean": 0.0224222745746, "dmean2": 0.0350116156042, "dvar": 0.0010548644932, "dvar2": 0.00266992440447, "max": 0.338535994291, "mean": 0.0401390343904, "median": 0.0250702258199, "min": 8.05201894282e-17, "var": 0.00192382594105}, "spectral_energyband_middle_high": {"dmean": 0.00049568846589, "dmean2": 0.000714978843462, "dvar": 7.72521616454e-07, "dvar2": 1.65145149822e-06, "max": 0.0161068495363, "mean": 0.00104433158413, "median": 0.000436325848568, "min": 5.2511812859e-16, "var": 2.45887758865e-06}, "spectral_energyband_middle_low": {"dmean": 0.0118955587968, "dmean2": 0.0207973867655, "dvar": 0.0010546479607, "dvar2": 0.00283865630627, "max": 0.305608034134, "mean": 0.0120301730931, "median": 0.00467508425936, "min": 1.30311955824e-16, "var": 0.00072038784856}, "spectral_entropy": {"dmean": 0.331072539091, "dmean2": 0.485050946474, "dvar": 0.13181103766, "dvar2": 0.275388628244, "max": 9.80219459534, "mean": 6.72419881821, "median": 6.8214058876, "min": 3.73671078682, "var": 0.789485216141}, "spectral_flux": {"dmean": 0.0551161728799, "dmean2": 0.0833752974868, "dvar": 0.00399405043572, "dvar2": 0.00714040920138, "max": 0.53696835041, "mean": 0.111709840596, "median": 0.0759635791183, "min": 6.15032877249e-06, "var": 0.00917403586209}, "spectral_kurtosis": {"dmean": 12.1796922684, "dmean2": 19.9920387268, "dvar": 2115.93334961, "dvar2": 5564.25390625, "max": 1147.80908203, "mean": 24.4324264526, "median": 7.40790176392, "min": -1.22902619839, "var": 4967.85595703}, "spectral_rms": {"dmean": 0.00175311672501, "dmean2": 0.0026324079372, "dvar": 4.29719693784e-06, "dvar2": 9.52807567955e-06, "max": 0.0184088349342, "mean": 0.00621241889894, "median": 0.00589853338897, "min": 1.96513849637e-09, "var": 1.12321986308e-05}, "spectral_rolloff": {"dmean": 186.902145386, "dmean2": 306.517059326, "dvar": 376079.78125, "dvar2": 756254.6875, "max": 18669.2871094, "mean": 383.092773438, "median": 193.798828125, "min": 43.06640625, "var": 663747.8125}, "spectral_skewness": {"dmean": 0.704678177834, "dmean2": 1.07303285599, "dvar": 1.41056907177, "dvar2": 3.3810801506, "max": 28.9501094818, "mean": 2.91541814804, "median": 2.22028899193, "min": 0.0263336412609, "var": 7.19100093842}, "spectral_spread": {"dmean": 740788.25, "dmean2": 1095925.375, "dvar": 1136891265020.0, "dvar2": 2287735668740.0, "max": 41798620, "mean": 3592380.75, "median": 3499926.25, "min": 81687.9140625, "var": 3479292084220.0}, "spectral_strongpeak": {"dmean": 0.243708133698, "dmean2": 0.400302201509, "dvar": 0.0971365347505, "dvar2": 0.253897845745, "max": 4.25059700012, "mean": 0.503930807114, "median": 0.443984478712, "min": 0, "var": 0.137885689735}, "zerocrossingrate": {"dmean": 0.00702675012872, "dmean2": 0.008245293051, "dvar": 0.000132304412546, "dvar2": 0.000164236553246, "max": 0.4912109375, "mean": 0.0201478209347, "median": 0.0126953125, "min": 0.00146484375, "var": 0.000596505007707}, "barkbands": {"dmean": [0.000987337552942, 0.0173359941691, 0.00654029194266, 0.00599416159093, 0.00639546196908, 0.000565053662285, 0.000312640040647, 0.000313697237289, 0.000262960005784, 0.000282329536276, 0.000105967570562, 0.000118800729979, 5.43958813068e-05, 7.67566016293e-05, 5.31431578565e-05, 2.14110532397e-05, 1.93601445062e-05, 1.83015727089e-05, 2.54977603618e-05, 3.13285854645e-05, 2.61872155534e-05, 2.12645281863e-05, 3.24114007526e-05, 2.72942197626e-05, 1.16997634905e-05, 3.62333548765e-06, 2.77936919701e-07], "dmean2": [0.00141858856659, 0.0262015666813, 0.0111964643002, 0.0108424685895, 0.011766532436, 0.000955958035775, 0.000502247770783, 0.000487628829433, 0.00042320493958, 0.000456717447378, 0.000164229699294, 0.000190793653019, 8.54856625665e-05, 0.00012220867211, 8.13763108454e-05, 3.29465874529e-05, 3.03400138364e-05, 2.74935755442e-05, 3.69026347471e-05, 4.74840708193e-05, 3.90326749766e-05, 3.1229275919e-05, 4.84352749481e-05, 4.08821833844e-05, 1.75272725755e-05, 5.69886151425e-06, 4.58537130044e-07], "dvar": [2.62178878074e-06, 0.000647953245789, 0.000313089229167, 0.000335869903211, 0.000399540556828, 1.45278079344e-06, 3.27946082734e-07, 4.0394289158e-07, 8.23724690235e-07, 4.01344664169e-07, 3.29396030452e-08, 7.57484812652e-08, 2.251564446e-08, 3.66278776198e-08, 3.24858611123e-08, 3.13312686906e-09, 3.03928393564e-09, 1.95490668098e-09, 4.1323100497e-09, 6.10835826365e-09, 3.8177190298e-09, 3.66123753537e-09, 1.54978856415e-08, 7.51548157041e-09, 1.55189761042e-09, 1.5758189198e-10, 7.89212282765e-13], "dvar2": [5.14891235071e-06, 0.00152151950169, 0.000829306198284, 0.00093667046167, 0.00114994484466, 4.01128909289e-06, 8.52611208302e-07, 1.00192778518e-06, 2.14485044125e-06, 1.08238782559e-06, 8.35460269855e-08, 1.97008418468e-07, 4.91429545946e-08, 9.39898114893e-08, 8.37951859012e-08, 6.99050817232e-09, 7.41683070515e-09, 4.2590611038e-09, 8.61732551982e-09, 1.36228859304e-08, 8.47271230953e-09, 8.28208790438e-09, 3.38828662905e-08, 1.67872578061e-08, 3.34074368169e-09, 3.78574754878e-10, 1.88147522735e-12], "max": [0.0199205037206, 0.318950861692, 0.158076524734, 0.198218673468, 0.199762657285, 0.0165695436299, 0.0083516985178, 0.0102179637179, 0.0224973987788, 0.0123576167971, 0.00239910231903, 0.00439826678485, 0.00558262318373, 0.00442710751668, 0.00835215672851, 0.00116868026089, 0.00100600603037, 0.000774884189013, 0.00107790704351, 0.00109177536797, 0.0010865884833, 0.00111732073128, 0.00293991761282, 0.00110518501606, 0.000611272000242, 0.000280536332866, 1.99475798581e-05], "mean": [0.00162966072094, 0.0305255111307, 0.00585566367954, 0.00446761073545, 0.00545622967184, 0.000666744774207, 0.000392227026168, 0.000453782762634, 0.000321075058309, 0.000425556092523, 0.000161530319019, 0.000181654817425, 7.73015199229e-05, 0.000108468841063, 7.29210441932e-05, 2.91354335786e-05, 2.14429492189e-05, 2.41281904891e-05, 3.3516142139e-05, 3.65441119357e-05, 3.12266274705e-05, 2.44889470196e-05, 3.24580396409e-05, 2.79150699498e-05, 1.18051930258e-05, 3.3412677567e-06, 2.25029978651e-07], "median": [0.000509928562678, 0.0176018495113, 0.00108324782923, 0.000836720515508, 0.00133549270686, 0.000275790924206, 0.000164187760674, 0.000146677994053, 0.000122804747662, 9.55256473389e-05, 6.10711213085e-05, 5.35278304596e-05, 2.44964448939e-05, 2.53453690675e-05, 1.48109129441e-05, 7.05262891643e-06, 5.0110779739e-06, 5.79635798204e-06, 7.60004650147e-06, 8.2854367065e-06, 5.5933501244e-06, 3.0564874578e-06, 1.92230777429e-06, 1.71082569977e-06, 6.19968773208e-07, 1.82009344485e-07, 7.98307464578e-09], "min": [4.31578308226e-17, 4.53601363378e-17, 1.18441262215e-17, 3.06029674441e-18, 1.80197388016e-18, 5.94907634804e-18, 4.86074621342e-17, 5.33886090882e-17, 1.57528937599e-17, 6.0009980615e-18, 2.37909849664e-17, 2.09253021067e-17, 3.94228059545e-17, 2.93636544311e-17, 7.11359511102e-17, 4.99959046447e-17, 9.39786893097e-17, 4.52890550534e-17, 8.01552770466e-17, 9.33250842769e-17, 1.46807922472e-16, 2.18155611966e-16, 2.37176266193e-16, 3.31333189763e-16, 3.88984660903e-16, 7.16778655845e-16, 7.94830994929e-16], "var": [6.49637968309e-06, 0.00133579957765, 0.000229767538258, 0.000205996169825, 0.000233062150073, 1.36904611736e-06, 4.13511145325e-07, 7.44619342186e-07, 7.61162823437e-07, 8.34299555663e-07, 5.95198237363e-08, 1.23868147739e-07, 3.64157699551e-08, 5.73272629367e-08, 5.92650799547e-08, 4.81150896903e-09, 3.01633140687e-09, 2.87569745794e-09, 5.89878812463e-09, 7.29207938477e-09, 4.84572293402e-09, 4.48235537576e-09, 1.66876912289e-08, 8.39387581664e-09, 1.73232150846e-09, 1.45960868392e-10, 7.0482861084e-13]}, "erbbands": {"dmean": [0.652424871922, 3.56473183632, 6.71298408508, 14.7605876923, 24.8702869415, 18.44622612, 8.05980873108, 4.29149580002, 4.21495342255, 5.48707008362, 6.13330698013, 4.64115810394, 11.5925569534, 3.92122220993, 4.41032981873, 4.66082143784, 2.54613518715, 3.62037754059, 2.96454668045, 2.01650547981, 0.982900857925, 1.0039960146, 0.918786883354, 1.19046771526, 1.41791594028, 1.44265401363, 1.09979963303, 1.03006243706, 0.887293040752, 0.70344299078, 1.00445437431, 0.724467396736, 0.307620018721, 0.141737267375, 0.0827373862267, 0.0244317855686, 0.00512791238725, 0.000755780609325, 5.21224792465e-05, 3.05307767121e-05], "dmean2": [0.967449009418, 5.40316581726, 10.9431247711, 26.4085273743, 45.1008720398, 34.2640342712, 14.1600036621, 7.22253704071, 6.90625762939, 8.32967281342, 9.66799068451, 7.56977319717, 19.0488872528, 5.96253252029, 6.91233110428, 7.36575841904, 3.83141040802, 5.62815618515, 4.60912847519, 3.03686404228, 1.48479652405, 1.54824495316, 1.37717914581, 1.7537214756, 2.06587219238, 2.19679379463, 1.64854574203, 1.53155422211, 1.3244562149, 1.04070043564, 1.50232088566, 1.08082354069, 0.45373865962, 0.207292795181, 0.126862183213, 0.0383855514228, 0.00809370353818, 0.00123454490677, 8.31617362564e-05, 4.74498665426e-05], "dvar": [1.00597786903, 30.8580799103, 241.784942627, 1971.24645996, 5756.53759766, 3299.4987793, 393.097961426, 85.7465057373, 61.5385894775, 83.8825836182, 210.761428833, 222.384643555, 698.277160645, 40.7138519287, 76.4876937866, 132.950241089, 50.5540542603, 72.1894454956, 81.094039917, 43.0330505371, 4.66709423065, 8.06636619568, 4.77805995941, 8.12769985199, 13.4338703156, 13.7757711411, 7.28202104568, 6.13822984695, 6.47171592712, 5.83607721329, 15.3384380341, 5.85088300705, 0.838402688503, 0.241276592016, 0.085709117353, 0.00669070193544, 0.000356593111064, 4.91150422022e-06, 1.8077487951e-08, 1.96269933639e-09], "dvar2": [2.23742818832, 72.7129516602, 601.037841797, 5448.65429688, 16224.2324219, 9540.32519531, 1102.77160645, 233.237564087, 163.875167847, 185.879501343, 549.584472656, 581.960754395, 1886.53930664, 99.8962097168, 195.043914795, 341.441772461, 106.978469849, 180.977172852, 202.442260742, 95.9598007202, 10.3096208572, 19.0813617706, 10.2712268829, 17.2405109406, 29.0686988831, 31.2839736938, 16.7539348602, 13.4207801819, 14.9674959183, 12.9244012833, 34.4822463989, 13.0893630981, 1.63837516308, 0.498744934797, 0.203050464392, 0.0159776192158, 0.00087391375564, 1.17269528346e-05, 4.1378555693e-08, 4.89153650918e-09], "max": [14.5293865204, 60.9620170593, 141.177108765, 459.076263428, 834.804443359, 567.361328125, 202.017776489, 121.638938904, 117.931228638, 177.861877441, 353.869354248, 342.541687012, 484.743438721, 98.3111038208, 148.509780884, 197.31678772, 286.654052734, 203.232772827, 339.178039551, 279.067932129, 45.6210365295, 46.9951095581, 40.2507362366, 51.2953186035, 63.6818161011, 47.6477279663, 60.498249054, 40.4993515015, 44.2535171509, 55.6559524536, 81.8647766113, 41.1358757019, 14.179479599, 8.03873157501, 4.21121072769, 1.45358121395, 0.486489892006, 0.0312249772251, 0.00292287045158, 0.000379446340958], "mean": [1.11422836781, 5.82069158554, 7.51162147522, 11.6210098267, 20.0752182007, 15.4911346436, 9.03153324127, 5.11501932144, 5.42392492294, 8.36354255676, 8.84216022491, 6.15529727936, 16.5105018616, 6.43767547607, 6.92123031616, 7.0415930748, 4.06827020645, 5.28290557861, 4.34427833557, 2.87321686745, 1.45832145214, 1.17069375515, 1.26466071606, 1.59296345711, 1.75888288021, 1.64899861813, 1.31824600697, 1.21788263321, 1.00147068501, 0.742711305618, 0.988914787769, 0.734633684158, 0.331311553717, 0.147419527173, 0.079264074564, 0.0227659605443, 0.00465447083116, 0.000640210637357, 5.9341553424e-05, 5.73116449232e-05], "median": [0.617908418179, 2.92476081848, 2.25114941597, 2.41724705696, 3.49698758125, 4.30376577377, 3.1671628952, 2.04879498482, 2.48223042488, 4.02586603165, 3.1827507019, 2.73883032799, 4.93340396881, 2.36411118507, 2.4121940136, 2.09362411499, 1.45538878441, 1.55945909023, 0.95291697979, 0.678768575191, 0.449479073286, 0.271721243858, 0.318251311779, 0.399611532688, 0.369929164648, 0.36982101202, 0.25846645236, 0.208408400416, 0.119518995285, 0.0774661526084, 0.0497148297727, 0.0400720536709, 0.0219222530723, 0.00844381563365, 0.00366719276644, 0.0013177463552, 0.000231654412346, 2.69162246695e-05, 2.39409164351e-05, 4.07940897276e-05], "min": [1.96667031957e-15, 7.92830970146e-15, 1.46674393551e-14, 1.26688490224e-14, 6.06246129009e-15, 6.88516321593e-15, 6.7312082015e-15, 7.64491145085e-14, 4.73669931403e-13, 1.07307717399e-12, 1.03145107472e-12, 3.85790629043e-13, 1.85028804344e-13, 3.16828431979e-13, 1.34495257813e-12, 7.37597428881e-13, 1.75488280591e-12, 1.88714560471e-12, 1.32515005913e-12, 5.32585130511e-12, 2.57551749025e-12, 5.22786067908e-12, 2.65023029564e-12, 4.55162773791e-12, 3.83513490063e-12, 4.10812182883e-12, 4.39430349747e-12, 6.69193606778e-12, 8.90726034597e-12, 5.63882534416e-12, 8.20460279577e-12, 8.35348023392e-12, 4.44998551896e-12, 4.16436459968e-12, 2.8280253573e-12, 2.16200972056e-12, 1.35238966293e-12, 6.07750178308e-13, 1.13636747581e-13, 1.08804744796e-14], "var": [2.1849193573, 55.4849395752, 220.486587524, 1247.64001465, 3524.49731445, 1928.6439209, 339.894470215, 87.2683410645, 73.9218215942, 183.287216187, 320.292053223, 220.048736572, 1180.96777344, 90.125, 139.293411255, 211.121459961, 85.6385116577, 113.220222473, 131.243255615, 76.4572372437, 8.24895477295, 8.60057353973, 7.47304916382, 11.9474239349, 17.487443924, 15.6605854034, 8.77627849579, 7.84063196182, 7.51141452789, 6.65739297867, 16.0133781433, 6.52270746231, 1.07136106491, 0.287576377392, 0.0825437903404, 0.00626645842567, 0.000318101578159, 4.41880547442e-06, 1.79325052585e-08, 3.14301118465e-09]}, "gfcc": {"mean": [-104.501647949, 151.159301758, -77.3527374268, 36.6966552734, -45.6047668457, 16.2072296143, -13.6578378677, 2.49330711365, -13.0816841125, -2.5782020092, -4.9910774231, -8.58379268646, -0.722661614418], "cov": [[9457.15039062, -2547.3359375, -1318.7220459, 584.00213623, -458.912475586, 1332.12512207, -263.358154297, 411.484313965, -400.242431641, 387.160675049, -294.034637451, 181.259963989, -217.122375488], [-2547.3359375, 2652.43237305, 718.258728027, -464.95715332, 591.199707031, -718.551574707, 360.988464355, -343.724884033, 238.8777771, -387.450744629, 240.307189941, -183.918411255, 169.022659302], [-1318.7220459, 718.258728027, 1398.06994629, 119.474632263, 266.679931641, -224.962890625, 97.8274536133, -110.269424438, 22.0370635986, -143.163116455, 17.1331577301, -50.4436073303, 49.7376403809], [584.00213623, -464.95715332, 119.474632263, 643.465698242, 50.9112091064, 69.689125061, 62.6280899048, 41.7274055481, -38.6662216187, -51.6798248291, -23.9444465637, -30.0666770935, -0.817581534386], [-458.912475586, 591.199707031, 266.679931641, 50.9112091064, 534.780578613, 12.9887008667, 252.841049194, -6.71443080902, 138.959197998, -51.1906051636, 97.4786605835, -23.7358188629, 80.5124969482], [1332.12512207, -718.551574707, -224.962890625, 69.689125061, 12.9887008667, 558.08972168, 41.186050415, 154.430923462, 0.394819200039, 188.590438843, -29.015335083, 85.7423858643, -2.46339130402], [-263.358154297, 360.988464355, 97.8274536133, 62.6280899048, 252.841049194, 41.186050415, 363.551208496, 45.895614624, 98.3391418457, -4.77261638641, 102.920669556, -11.5004091263, 72.9243774414], [411.484313965, -343.724884033, -110.269424438, 41.7274055481, -6.71443080902, 154.430923462, 45.895614624, 191.068222046, 42.8307151794, 97.713973999, 8.23746395111, 20.4620418549, 2.27849626541], [-400.242431641, 238.8777771, 22.0370635986, -38.6662216187, 138.959197998, 0.394819200039, 98.3391418457, 42.8307151794, 213.897033691, 43.9682312012, 72.4433441162, 3.08547592163, 40.7670822144], [387.160675049, -387.450744629, -143.163116455, -51.6798248291, -51.1906051636, 188.590438843, -4.77261638641, 97.713973999, 43.9682312012, 226.768295288, 40.9885749817, 74.7420654297, -14.5618000031], [-294.034637451, 240.307189941, 17.1331577301, -23.9444465637, 97.4786605835, -29.015335083, 102.920669556, 8.23746395111, 72.4433441162, 40.9885749817, 173.863174438, 36.6342277527, 32.6066398621], [181.259963989, -183.918411255, -50.4436073303, -30.0666770935, -23.7358188629, 85.7423858643, -11.5004091263, 20.4620418549, 3.08547592163, 74.7420654297, 36.6342277527, 124.616828918, 10.3915872574], [-217.122375488, 169.022659302, 49.7376403809, -0.817581534386, 80.5124969482, -2.46339130402, 72.9243774414, 2.27849626541, 40.7670822144, -14.5618000031, 32.6066398621, 10.3915872574, 106.264152527]], "icov": [[0.000257886422332, -0.000423002638854, 0.00022288596665, -0.000508130295202, 0.000167826612596, -0.000699368363712, 0.000296782556688, -0.000519964203704, 0.000551547098439, -0.000316858408041, 0.00041620869888, -0.000386058061849, 0.000410650012782], [-0.000423002638854, 0.004536699038, -0.00103356107138, 0.00380162522197, -0.00188892066944, 0.0029758894816, -0.0023480260279, 0.00421173172072, -0.0027783298865, 0.00382371805608, -0.00369688798673, 0.00353709841147, -0.00216777902097], [0.00022288596665, -0.00103356107138, 0.00120385177433, -0.00112915365025, -5.80811356485e-05, -0.000557148770895, 0.000566045811865, -0.000794019550085, 0.000908109534066, -0.000875520752743, 0.00111221428961, -0.000943310675211, 0.000469490885735], [-0.000508130295202, 0.00380162522197, -0.00112915365025, 0.00508249970153, -0.00158247107174, 0.00238909712061, -0.00227593188174, 0.00301147904247, -0.00212887418456, 0.00392637168989, -0.00320954550989, 0.00325603107922, -0.00174458674155], [0.000167826612596, -0.00188892066944, -5.80811356485e-05, -0.00158247107174, 0.00447793025523, -0.00209922296926, -0.000638246012386, -0.00106685899664, -0.000466500292532, -0.000378563971026, 0.000672168971505, -0.00101620180067, 0.000402076955652], [-0.000699368363712, 0.0029758894816, -0.000557148770895, 0.00238909712061, -0.00209922296926, 0.00636185426265, -0.00216666306369, 0.00165591668338, -0.00152103859, -8.7628068286e-05, -0.00063760165358, 0.000957356649451, -0.00202032295056], [0.000296782556688, -0.0023480260279, 0.000566045811865, -0.00227593188174, -0.000638246012386, -0.00216666306369, 0.00638089748099, -0.00329920928925, 0.00130504218396, -0.0014440898085, -0.00021386044682, -0.000789562356658, -0.000371869129594], [-0.000519964203704, 0.00421173172072, -0.000794019550085, 0.00301147904247, -0.00106685899664, 0.00165591668338, -0.00329920928925, 0.0123155191541, -0.00415793294087, 0.00107442389708, -0.00294549204409, 0.0042233588174, -0.00228680181317], [0.000551547098439, -0.0027783298865, 0.000908109534066, -0.00212887418456, -0.000466500292532, -0.00152103859, 0.00130504218396, -0.00415793294087, 0.00930015183985, -0.00416361773387, 0.00117358285934, -0.00138706818689, 0.000253521342529], [-0.000316858408041, 0.00382371805608, -0.000875520752743, 0.00392637168989, -0.000378563971026, -8.7628068286e-05, -0.0014440898085, 0.00107442389708, -0.00416361773387, 0.0130437994376, -0.00560272764415, 0.000299253530102, 3.80668898288e-05], [0.00041620869888, -0.00369688798673, 0.00111221428961, -0.00320954550989, 0.000672168971505, -0.00063760165358, -0.00021386044682, -0.00294549204409, 0.00117358285934, -0.00560272764415, 0.0126049378887, -0.00584240397438, 0.00135679985397], [-0.000386058061849, 0.00353709841147, -0.000943310675211, 0.00325603107922, -0.00101620180067, 0.000957356649451, -0.000789562356658, 0.0042233588174, -0.00138706818689, 0.000299253530102, -0.00584240397438, 0.014477064833, -0.00375474616885], [0.000410650012782, -0.00216777902097, 0.000469490885735, -0.00174458674155, 0.000402076955652, -0.00202032295056, -0.000371869129594, -0.00228680181317, 0.000253521342529, 3.80668898288e-05, 0.00135679985397, -0.00375474616885, 0.0132760023698]]}, "melbands": {"dmean": [0.00515928724781, 0.00362771586515, 0.00278803752735, 0.00163211475592, 0.000366808410035, 9.70359396888e-05, 6.51986119919e-05, 6.39592326479e-05, 5.07866207045e-05, 3.15935867548e-05, 5.85751913604e-05, 1.58894345077e-05, 1.32430022859e-05, 1.49859506564e-05, 8.96727487998e-06, 5.23909375261e-06, 7.7410340964e-06, 5.14346675118e-06, 4.05676655646e-06, 1.95744314624e-06, 1.11965960059e-06, 1.18743014355e-06, 7.86093551142e-07, 9.14439624466e-07, 1.00970623862e-06, 9.39064022987e-07, 1.2035926602e-06, 9.14775057481e-07, 7.35941114272e-07, 6.68548182148e-07, 5.53987149488e-07, 6.07727884017e-07, 2.94199907103e-07, 4.56472321275e-07, 6.42023678665e-07, 5.70179565784e-07, 3.82415009881e-07, 2.36307542423e-07, 1.3604568494e-07, 1.15587319272e-07], "dmean2": [0.00773129984736, 0.00563211599365, 0.00486036390066, 0.00301363319159, 0.000652800605167, 0.000162850657944, 0.000105500344944, 9.69182729023e-05, 7.98117544036e-05, 5.16368163517e-05, 9.62590493145e-05, 2.43953727477e-05, 2.08476358239e-05, 2.41487450694e-05, 1.36046446642e-05, 8.14151462691e-06, 1.23345062093e-05, 8.16061401565e-06, 6.29987425782e-06, 3.02180933431e-06, 1.72910472429e-06, 1.88640183296e-06, 1.20506501844e-06, 1.37010965773e-06, 1.51336496401e-06, 1.36563096476e-06, 1.81538348443e-06, 1.40845065744e-06, 1.11526708224e-06, 1.02302101368e-06, 8.15522014364e-07, 9.39519850363e-07, 4.21951426688e-07, 6.90993033459e-07, 9.895373978e-07, 8.62173465066e-07, 5.71842520003e-07, 3.51968083123e-07, 2.07082820225e-07, 1.70322977056e-07], "dvar": [5.80230953346e-05, 4.20413234679e-05, 6.26658656984e-05, 2.67120740318e-05, 9.01443911516e-07, 4.1265654005e-08, 1.40043310282e-08, 1.20355521105e-08, 1.82619839251e-08, 1.19706227153e-08, 1.77862187201e-08, 7.16478654184e-10, 6.61213639397e-10, 1.18831477991e-09, 5.12427877908e-10, 2.50704346172e-10, 3.62620822258e-10, 2.16225551353e-10, 2.04854772035e-10, 3.59944643535e-11, 6.67272443897e-12, 1.32584299442e-11, 4.35957216507e-12, 5.02669347119e-12, 5.85102842912e-12, 6.36282823305e-12, 9.74992656055e-12, 5.73350091362e-12, 3.94145740351e-12, 2.81368873513e-12, 1.66940647504e-12, 3.45727504784e-12, 6.73674820355e-13, 2.95100749392e-12, 7.48469862477e-12, 4.04959442715e-12, 1.51494019152e-12, 5.05476845276e-13, 2.11677165596e-13, 1.75736026209e-13], "dvar2": [0.000132560919155, 0.000100288161775, 0.000168984188349, 7.649933832e-05, 2.55273062066e-06, 1.12495435189e-07, 3.7001608888e-08, 2.66704542895e-08, 4.72737973212e-08, 3.15758335034e-08, 4.81582453915e-08, 1.73721803609e-09, 1.73237402201e-09, 3.18590842596e-09, 1.22020271665e-09, 6.16680928545e-10, 9.54582302093e-10, 5.38111999404e-10, 5.17021869761e-10, 7.9050842261e-11, 1.5719852503e-11, 3.33726865587e-11, 9.8729704967e-12, 1.08958059589e-11, 1.27132323766e-11, 1.31153924526e-11, 2.22983662784e-11, 1.33671337887e-11, 9.60095457997e-12, 6.27253110563e-12, 3.60683163024e-12, 8.42371224857e-12, 1.36641143279e-12, 6.6480484312e-12, 1.76861095214e-11, 9.07374956421e-12, 3.28552116069e-12, 9.70586892107e-13, 4.65610731394e-13, 3.62855578917e-13], "max": [0.106599792838, 0.0628944635391, 0.0795291289687, 0.0531960465014, 0.00913071725518, 0.00274545839056, 0.0016876879381, 0.00210285186768, 0.00334898312576, 0.00298105902039, 0.00240825605579, 0.000379631645046, 0.000370749272406, 0.000559624109883, 0.000629440881312, 0.000661919766571, 0.000426328158937, 0.000402442004997, 0.000690650602337, 0.000138529328979, 4.68015168735e-05, 7.08445950295e-05, 4.81873103126e-05, 3.93999398511e-05, 4.51054183941e-05, 3.9880618715e-05, 6.24778112979e-05, 3.37882993335e-05, 5.51357443328e-05, 3.00117371808e-05, 2.00588001462e-05, 3.25707151205e-05, 1.87547157111e-05, 4.14468959207e-05, 5.72457793169e-05, 3.56456839654e-05, 2.09034496947e-05, 9.38109678827e-06, 9.28685858526e-06, 6.59192346575e-06], "mean": [0.00914214365184, 0.00531391892582, 0.00233465875499, 0.00131631281693, 0.000395898707211, 0.00011668127263, 8.43934831209e-05, 9.77162853815e-05, 7.12415421731e-05, 3.95265597035e-05, 8.28556367196e-05, 2.49788863584e-05, 2.04307434615e-05, 2.2213684133e-05, 1.29345044115e-05, 7.66227094573e-06, 1.05621757029e-05, 7.15773103366e-06, 5.66167955185e-06, 2.55336544797e-06, 1.51521214775e-06, 1.27659802729e-06, 1.03082129499e-06, 1.17659340049e-06, 1.31539684389e-06, 1.17984518511e-06, 1.38068401156e-06, 1.01457601431e-06, 8.66860773385e-07, 7.68248980876e-07, 6.55559972529e-07, 6.50247272915e-07, 3.52127017322e-07, 4.51046219041e-07, 5.94556865963e-07, 5.77077400976e-07, 3.87951814673e-07, 2.55663451298e-07, 1.40658386272e-07, 1.18292206253e-07], "median": [0.00566674396396, 0.00277584185824, 0.000470608909382, 0.000297819031402, 0.000128730971483, 4.80837697978e-05, 3.85426756111e-05, 4.38538045273e-05, 2.45554620051e-05, 1.62351825566e-05, 2.37087424466e-05, 8.18624812382e-06, 7.53568247092e-06, 6.10120150668e-06, 3.94004064219e-06, 2.6168563636e-06, 2.74518583865e-06, 1.35750474328e-06, 1.22569531413e-06, 5.49421429241e-07, 4.62960286995e-07, 2.67873872417e-07, 2.4189913006e-07, 2.73555031072e-07, 3.24109265648e-07, 2.20438167275e-07, 2.82004975816e-07, 2.17954053028e-07, 1.59333097827e-07, 1.28314283643e-07, 9.76971676891e-08, 7.28114812887e-08, 3.90544165896e-08, 3.84605094439e-08, 2.59487880072e-08, 2.63847432791e-08, 2.18625793025e-08, 1.58870765432e-08, 8.97937368904e-09, 5.75735015218e-09], "min": [1.71564488602e-17, 8.8041398631e-18, 2.04134506018e-18, 4.26115837003e-19, 2.36979542377e-19, 1.73919604155e-18, 8.04327762898e-18, 1.21478719056e-17, 7.70559107007e-18, 1.97116540265e-18, 8.66893760557e-19, 1.05068615823e-18, 4.00390778447e-18, 3.0456459282e-18, 2.40495773424e-18, 4.05123947271e-18, 3.46800600333e-18, 1.14568692101e-18, 6.71032570269e-18, 5.59977700051e-18, 2.5360199528e-18, 5.93364612089e-18, 3.63995121008e-18, 1.85374442637e-18, 4.04092825278e-18, 2.43950431213e-18, 3.72269987702e-18, 2.24564398903e-18, 2.45989390064e-18, 2.37861223852e-18, 4.71506680353e-18, 4.95702085502e-18, 3.92132000416e-18, 2.74438571513e-18, 4.03042554055e-18, 6.16594614745e-18, 4.68039759611e-18, 2.80205199115e-18, 3.4710918006e-18, 3.435670686e-18], "var": [0.00012699177023, 5.53555473743e-05, 4.23627279815e-05, 1.54668905452e-05, 7.54249981583e-07, 4.24339212657e-08, 1.75776833089e-08, 2.67052708836e-08, 2.63502535347e-08, 1.05006616735e-08, 3.02691489651e-08, 1.55227741772e-09, 1.11506170963e-09, 1.85145065945e-09, 6.98853530601e-10, 3.67306296489e-10, 4.97617169692e-10, 3.36162292447e-10, 4.07618910847e-10, 5.14215371672e-11, 9.34938498148e-12, 1.21015706137e-11, 6.01173277825e-12, 7.06004655779e-12, 8.33430546798e-12, 8.78709171398e-12, 1.11529258051e-11, 6.2545780187e-12, 4.24290767451e-12, 3.37013555084e-12, 2.24185622323e-12, 3.524906712e-12, 1.00881239126e-12, 3.1091889046e-12, 7.01786805751e-12, 4.50930655663e-12, 1.7355559264e-12, 6.4576951642e-13, 2.44916662905e-13, 2.05970521671e-13]}, "mfcc": {"mean": [-753.989013672, 172.296463013, 34.2143058777, 32.3570022583, 5.01716041565, 16.9480991364, 12.7185811996, 7.81018161774, 4.22987937927, 10.3756551743, 0.413147866726, 0.925449728966, -0.922705292702], "cov": [[8390.58398438, -1977.00488281, -1308.82580566, -581.968933105, -276.389862061, 495.713623047, 192.649642944, 153.823944092, -25.9734802246, 163.416931152, 80.0747070312, 113.233886719, -168.949203491], [-1977.00488281, 2405.64892578, 295.536468506, 173.308380127, 144.094329834, -155.200866699, 46.0565261841, -8.86478328705, 23.5630989075, -138.139007568, -15.7181549072, -11.2355337143, 90.6817626953], [-1308.82580566, 295.536468506, 1033.07922363, 283.320648193, 125.352226257, -50.5334320068, -29.8572978973, -26.725194931, -16.205575943, -56.6584129333, -67.9368438721, -58.1175460815, -11.3474588394], [-581.968933105, 173.308380127, 283.320648193, 637.192749023, 129.328536987, -21.5623703003, 85.0914459229, 75.1904220581, -3.67476892471, 19.4285469055, -78.8319015503, -47.8728981018, -3.31110191345], [-276.389862061, 144.094329834, 125.352226257, 129.328536987, 278.761810303, 76.4875030518, 35.859577179, 50.0857124329, 63.9943771362, 5.86784696579, 12.1641616821, 7.99431657791, 21.5988845825], [495.713623047, -155.200866699, -50.5334320068, -21.5623703003, 76.4875030518, 292.370361328, 121.55178833, 78.3466339111, 76.4738235474, 39.3253250122, 71.5201873779, 17.8899860382, 23.2391414642], [192.649642944, 46.0565261841, -29.8572978973, 85.0914459229, 35.859577179, 121.55178833, 257.82434082, 91.4608840942, 62.1413650513, 47.2439002991, 41.1759986877, 19.7998695374, 14.6321926117], [153.823944092, -8.86478328705, -26.725194931, 75.1904220581, 50.0857124329, 78.3466339111, 91.4608840942, 157.022964478, 56.3846168518, 49.1948127747, 16.5604248047, 17.6382408142, 13.2129592896], [-25.9734802246, 23.5630989075, -16.205575943, -3.67476892471, 63.9943771362, 76.4738235474, 62.1413650513, 56.3846168518, 165.089797974, 71.6632385254, 43.1825065613, -15.771689415, 21.9743118286], [163.416931152, -138.139007568, -56.6584129333, 19.4285469055, 5.86784696579, 39.3253250122, 47.2439002991, 49.1948127747, 71.6632385254, 177.248245239, 52.0057868958, 5.18603610992, 21.4681987762], [80.0747070312, -15.7181549072, -67.9368438721, -78.8319015503, 12.1641616821, 71.5201873779, 41.1759986877, 16.5604248047, 43.1825065613, 52.0057868958, 139.903945923, 69.9435424805, 40.8747558594], [113.233886719, -11.2355337143, -58.1175460815, -47.8728981018, 7.99431657791, 17.8899860382, 19.7998695374, 17.6382408142, -15.771689415, 5.18603610992, 69.9435424805, 143.579666138, 52.6926231384], [-168.949203491, 90.6817626953, -11.3474588394, -3.31110191345, 21.5988845825, 23.2391414642, 14.6321926117, 13.2129592896, 21.9743118286, 21.4681987762, 40.8747558594, 52.6926231384, 94.8210830688]], "icov": [[0.000217921988224, 9.61997720879e-05, 0.000192502207938, 9.00783052202e-05, 9.1638561571e-05, -0.000351294409484, -5.69927105971e-05, -7.6967276982e-05, 0.000125676742755, -0.000130169675685, 0.000236994426814, -0.00026306923246, 0.000451585248811], [9.61997720879e-05, 0.00059255346423, 7.40676250643e-06, 1.15270931929e-05, -0.000212922212086, 0.000408906314988, -0.000341775798006, -0.000105811544927, -0.000106698062154, 0.000574050471187, -0.000212098530028, 0.000267717376119, -0.000540807028301], [0.000192502207938, 7.40676250643e-06, 0.00138413289096, -0.000411793327658, -0.000297000922728, -0.000295758974971, 0.000124498226796, 0.000280070002191, 9.81945413514e-05, 0.000121686105558, 0.000235367537243, 1.52302345668e-05, 0.000408842897741], [9.00783052202e-05, 1.15270931929e-05, -0.000411793327658, 0.00250652455725, -0.000968485954218, 0.000416707247496, -0.000985774328001, -0.000965404789895, 0.000996836577542, -0.000761312840041, 0.00125139683951, 0.000483338779304, -0.00027383788256], [9.1638561571e-05, -0.000212922212086, -0.000297000922728, -0.000968485954218, 0.00520081724972, -0.00156481470913, 0.000818028463982, -0.000450554682175, -0.00189920770936, 0.000530129880644, 0.000277151790215, -0.00114617950749, 0.000270506396191], [-0.000351294409484, 0.000408906314988, -0.000295758974971, 0.000416707247496, -0.00156481470913, 0.00657190801576, -0.00202488689683, -0.00140204827767, -0.000733012100682, 0.0013137588976, -0.00284608919173, 0.00195694388822, -0.00177240138873], [-5.69927105971e-05, -0.000341775798006, 0.000124498226796, -0.000985774328001, 0.000818028463982, -0.00202488689683, 0.00619959505275, -0.00180591456592, -0.000963055470493, -0.000311339448672, -0.000568662944715, -0.000794159364887, 0.000790808408055], [-7.6967276982e-05, -0.000105811544927, 0.000280070002191, -0.000965404789895, -0.000450554682175, -0.00140204827767, -0.00180591456592, 0.0100575909019, -0.00202997098677, -0.00152687588707, 0.00186792737804, -0.00221472303383, 0.000528953503817], [0.000125676742755, -0.000106698062154, 9.81945413514e-05, 0.000996836577542, -0.00189920770936, -0.000733012100682, -0.000963055470493, -0.00202997098677, 0.0105618750677, -0.00283755850978, -0.00198269099928, 0.00364484172314, -0.00155972270295], [-0.000130169675685, 0.000574050471187, 0.000121686105558, -0.000761312840041, 0.000530129880644, 0.0013137588976, -0.000311339448672, -0.00152687588707, -0.00283755850978, 0.00883908011019, -0.00339467939921, 0.00165421760175, -0.00177442340646], [0.000236994426814, -0.000212098530028, 0.000235367537243, 0.00125139683951, 0.000277151790215, -0.00284608919173, -0.000568662944715, 0.00186792737804, -0.00198269099928, -0.00339467939921, 0.0143790412694, -0.00653700018302, -0.000178862464963], [-0.00026306923246, 0.000267717376119, 1.52302345668e-05, 0.000483338779304, -0.00114617950749, 0.00195694388822, -0.000794159364887, -0.00221472303383, 0.00364484172314, 0.00165421760175, -0.00653700018302, 0.0134179713205, -0.00635115243495], [0.000451585248811, -0.000540807028301, 0.000408842897741, -0.00027383788256, 0.000270506396191, -0.00177240138873, 0.000790808408055, 0.000528953503817, -0.00155972270295, -0.00177442340646, -0.000178862464963, -0.00635115243495, 0.0164540670812]]}, "spectral_contrast_coeffs": {"dmean": [0.0639757439494, 0.0452188663185, 0.043777924031, 0.0290460120887, 0.0217323619872, 0.0214462447912], "dmean2": [0.0999092534184, 0.0747622177005, 0.0681903883815, 0.0460450835526, 0.0343803651631, 0.0312055423856], "dvar": [0.00371821410954, 0.00136449956335, 0.00126643758267, 0.000555931183044, 0.000386716157664, 0.000407662591897], "dvar2": [0.00837094057351, 0.00373611971736, 0.00312753068283, 0.00137342722155, 0.000900851970073, 0.000887116650119], "max": [-0.275319755077, -0.527162015438, -0.504248023033, -0.627821087837, -0.657142758369, -0.586845993996], "mean": [-0.669706761837, -0.766149461269, -0.760881662369, -0.805492699146, -0.821871638298, -0.777252912521], "median": [-0.684506595135, -0.771806716919, -0.761360764503, -0.807463228703, -0.825858175755, -0.776696383953], "min": [-0.939171135426, -0.964932203293, -0.957419753075, -0.955202400684, -0.962432980537, -0.962872385979], "var": [0.00978172942996, 0.00301016052254, 0.00472829258069, 0.00218505389057, 0.00166234408971, 0.00186770362779]}, "spectral_contrast_valleys": {"dmean": [0.494198828936, 0.481828004122, 0.43044000864, 0.397821605206, 0.426318645477, 0.571995854378], "dmean2": [0.73146212101, 0.761208176613, 0.655700445175, 0.580635905266, 0.567769706249, 0.742471635342], "dvar": [0.255295485258, 0.288706898689, 0.257563710213, 0.218247562647, 0.276831328869, 0.478049606085], "dvar2": [0.437704086304, 0.620896339417, 0.505410730839, 0.385921537876, 0