{"lowlevel": {"average_loudness": 0.972875118256, "barkbands_crest": {"dmean": 3.35878682137, "dmean2": 5.41676425934, "dvar": 9.64279842377, "dvar2": 24.1306991577, "max": 26.6757640839, "mean": 13.0898599625, "median": 12.3506278992, "min": 3.11542844772, "var": 25.3529472351}, "barkbands_flatness_db": {"dmean": 0.0281846746802, "dmean2": 0.0434129685163, "dvar": 0.000729316088837, "dvar2": 0.00159934500698, "max": 0.487024992704, "mean": 0.144730955362, "median": 0.133805930614, "min": 0.0278325378895, "var": 0.00368590420112}, "barkbands_kurtosis": {"dmean": 7.01474523544, "dmean2": 11.189207077, "dvar": 186.119308472, "dvar2": 436.225372314, "max": 459.020111084, "mean": 11.4288730621, "median": 5.89579296112, "min": -1.93710231781, "var": 354.507965088}, "barkbands_skewness": {"dmean": 0.876813530922, "dmean2": 1.34870159626, "dvar": 0.987375974655, "dvar2": 2.33301997185, "max": 17.5501899719, "mean": 2.59647226334, "median": 2.42106628418, "min": -19.7421512604, "var": 3.29010868073}, "barkbands_spread": {"dmean": 7.92479896545, "dmean2": 12.6525259018, "dvar": 113.501785278, "dvar2": 262.66293335, "max": 108.143280029, "mean": 21.5861797333, "median": 19.5619049072, "min": 0.367086321115, "var": 198.527694702}, "dissonance": {"dmean": 0.0172555390745, "dmean2": 0.0288886092603, "dvar": 0.000268897390924, "dvar2": 0.000714897934813, "max": 0.499999940395, "mean": 0.465029895306, "median": 0.469846278429, "min": 0.272059291601, "var": 0.000515757885296}, "dynamic_complexity": 2.29559183121, "erbbands_crest": {"dmean": 3.10064864159, "dmean2": 4.7702755928, "dvar": 8.69116020203, "dvar2": 18.7661514282, "max": 31.9947624207, "mean": 10.7470417023, "median": 9.71375465393, "min": 2.3394715786, "var": 26.9327507019}, "erbbands_flatness_db": {"dmean": 0.020279135555, "dmean2": 0.0280261747539, "dvar": 0.000491236685775, "dvar2": 0.00085535395192, "max": 0.539456665516, "mean": 0.123326033354, "median": 0.107426300645, "min": 0.0241089090705, "var": 0.00324062095024}, "erbbands_kurtosis": {"dmean": 1.30154645443, "dmean2": 1.96759450436, "dvar": 12.5122423172, "dvar2": 23.3064937592, "max": 121.374336243, "mean": 0.901186406612, "median": -0.368621110916, "min": -1.91648983955, "var": 36.9314804077}, "erbbands_skewness": {"dmean": 0.40375187993, "dmean2": 0.605534613132, "dvar": 0.255452334881, "dvar2": 0.536146044731, "max": 8.86981391907, "mean": 0.501653373241, "median": 0.36368149519, "min": -7.13310098648, "var": 1.08497786522}, "erbbands_spread": {"dmean": 13.0036077499, "dmean2": 19.2100543976, "dvar": 198.852798462, "dvar2": 425.913970947, "max": 152.106521606, "mean": 53.362953186, "median": 52.761428833, "min": 0.444278329611, "var": 495.609771729}, "hfc": {"dmean": 12.374458313, "dmean2": 18.7060699463, "dvar": 436.988555908, "dvar2": 1004.7789917, "max": 190.601333618, "mean": 24.9286880493, "median": 19.4420642853, "min": 1.13957456913e-16, "var": 564.266906738}, "melbands_crest": {"dmean": 3.65365552902, "dmean2": 5.92299795151, "dvar": 9.77336120605, "dvar2": 25.3195762634, "max": 32.5490226746, "mean": 17.1971416473, "median": 17.4096927643, "min": 1.79420852661, "var": 22.4956569672}, "melbands_flatness_db": {"dmean": 0.0342373996973, "dmean2": 0.0521948002279, "dvar": 0.00103573361412, "dvar2": 0.00231739645824, "max": 0.540044188499, "mean": 0.227894321084, "median": 0.224608033895, "min": 0.00268443371169, "var": 0.00419215066358}, "melbands_kurtosis": {"dmean": 18.9638137817, "dmean2": 30.5634098053, "dvar": 788.631591797, "dvar2": 1943.62487793, "max": 455.268310547, "mean": 35.5886917114, "median": 23.3345336914, "min": -1.90780520439, "var": 1589.53381348}, "melbands_skewness": {"dmean": 1.27598667145, "dmean2": 1.96903836727, "dvar": 1.7918202877, "dvar2": 4.30806016922, "max": 15.4425830841, "mean": 4.36931610107, "median": 4.08341360092, "min": -9.96795845032, "var": 5.71426439285}, "melbands_spread": {"dmean": 6.8879699707, "dmean2": 10.7854833603, "dvar": 107.923965454, "dvar2": 268.810821533, "max": 161.997253418, "mean": 16.783826828, "median": 12.1680603027, "min": 0.482200682163, "var": 246.930984497}, "pitch_salience": {"dmean": 0.0917608886957, "dmean2": 0.15240868926, "dvar": 0.00790411047637, "dvar2": 0.0207409765571, "max": 0.853604793549, "mean": 0.447475194931, "median": 0.442182064056, "min": 0.0722478181124, "var": 0.0169762969017}, "silence_rate_20dB": {"dmean": 0, "dmean2": 0, "dvar": 0, "dvar2": 0, "max": 1, "mean": 1, "median": 1, "min": 1, "var": 0}, "silence_rate_30dB": {"dmean": 0.108343407512, "dmean2": 0.216713026166, "dvar": 0.0966016575694, "dvar2": 0.238444224, "max": 1, "mean": 0.925160169601, "median": 1, "min": 0, "var": 0.069245390594}, "silence_rate_60dB": {"dmean": 0.019588874653, "dmean2": 0.0391824878752, "dvar": 0.0192031767219, "dvar2": 0.0436922684312, "max": 1, "mean": 0.0397775359452, "median": 0, "min": 0, "var": 0.0381992124021}, "spectral_centroid": {"dmean": 265.190856934, "dmean2": 422.875854492, "dvar": 105658.484375, "dvar2": 256373.90625, "max": 11365.9775391, "mean": 1207.59057617, "median": 1131.78564453, "min": 218.643814087, "var": 440714.1875}, "spectral_complexity": {"dmean": 4.12430477142, "dmean2": 6.1572136879, "dvar": 25.300283432, "dvar2": 52.0708503723, "max": 58, "mean": 15.7505741119, "median": 15, "min": 0, "var": 74.0953979492}, "spectral_decrease": {"dmean": 6.09475581115e-09, "dmean2": 9.52470102789e-09, "dvar": 7.0034126682e-17, "dvar2": 1.67947217857e-16, "max": 3.00541869169e-10, "mean": -1.13550040481e-08, "median": -8.67873328758e-09, "min": -6.67801600684e-08, "var": 9.89383120613e-17}, "spectral_energy": {"dmean": 0.0237075220793, "dmean2": 0.0368969552219, "dvar": 0.00103375199251, "dvar2": 0.00246008695103, "max": 0.254869967699, "mean": 0.0451175458729, "median": 0.0348332375288, "min": 1.03105623818e-20, "var": 0.00148737081327}, "spectral_energyband_high": {"dmean": 0.00107066601049, "dmean2": 0.0016483211657, "dvar": 4.60148294223e-06, "dvar2": 1.0985303561e-05, "max": 0.0245287697762, "mean": 0.00155451858882, "median": 0.000946004642174, "min": 7.51190017682e-21, "var": 4.98850113217e-06}, "spectral_energyband_low": {"dmean": 0.0184209551662, "dmean2": 0.0300956163555, "dvar": 0.000939792895224, "dvar2": 0.00235725590028, "max": 0.240001186728, "mean": 0.0255784075707, "median": 0.0143612958491, "min": 2.43169639919e-23, "var": 0.00110351596959}, "spectral_energyband_middle_high": {"dmean": 0.00154758431017, "dmean2": 0.00234119035304, "dvar": 4.11338078266e-06, "dvar2": 9.47007538343e-06, "max": 0.030679743737, "mean": 0.00410723732784, "median": 0.0028665473219, "min": 1.34295165536e-21, "var": 1.54478148033e-05}, "spectral_energyband_middle_low": {"dmean": 0.00879218522459, "dmean2": 0.0143548045307, "dvar": 0.000204742420465, "dvar2": 0.00052186998073, "max": 0.202713117003, "mean": 0.0149361649528, "median": 0.0100496057421, "min": 1.36396562246e-22, "var": 0.000246467941906}, "spectral_entropy": {"dmean": 0.220216304064, "dmean2": 0.317154288292, "dvar": 0.0821216031909, "dvar2": 0.148391723633, "max": 9.8159160614, "mean": 7.5314283371, "median": 7.66278457642, "min": 3.92147827148, "var": 0.31468847394}, "spectral_flux": {"dmean": 0.0498505830765, "dmean2": 0.0744800046086, "dvar": 0.00313864951022, "dvar2": 0.00626909174025, "max": 0.44150853157, "mean": 0.107599928975, "median": 0.0840951874852, "min": 6.5864889931e-11, "var": 0.00588169787079}, "spectral_kurtosis": {"dmean": 1.23743355274, "dmean2": 1.94940984249, "dvar": 10.5788793564, "dvar2": 24.7432594299, "max": 141.835494995, "mean": 3.83757948875, "median": 3.01172447205, "min": -1.24233055115, "var": 32.1983718872}, "spectral_rms": {"dmean": 0.00157830538228, "dmean2": 0.00233729742467, "dvar": 3.203178494e-06, "dvar2": 7.04470221535e-06, "max": 0.0157687552273, "mean": 0.00605204422027, "median": 0.00582954939455, "min": 3.17160598999e-12, "var": 7.3899632298e-06}, "spectral_rolloff": {"dmean": 685.284179688, "dmean2": 1199.60327148, "dvar": 2964276, "dvar2": 7240349, "max": 19745.9472656, "mean": 1109.80444336, "median": 452.197265625, "min": 64.599609375, "var": 3397506.5}, "spectral_skewness": {"dmean": 0.204390048981, "dmean2": 0.310519933701, "dvar": 0.0920065268874, "dvar2": 0.212028935552, "max": 9.54069137573, "mean": 1.46710538864, "median": 1.42453110218, "min": -0.0343604907393, "var": 0.215492427349}, "spectral_spread": {"dmean": 715063.8125, "dmean2": 1016926.8125, "dvar": 1346373812220.0, "dvar2": 2526811783170.0, "max": 42005852, "mean": 6037944.5, "median": 5943880.5, "min": 498483.21875, "var": 4012013256700.0}, "spectral_strongpeak": {"dmean": 0.42993336916, "dmean2": 0.725231051445, "dvar": 0.52232927084, "dvar2": 1.20174896717, "max": 7.97876024246, "mean": 0.801794111729, "median": 0.574647128582, "min": 0, "var": 0.764194905758}, "zerocrossingrate": {"dmean": 0.0149081656709, "dmean2": 0.0188922733068, "dvar": 0.000433547596913, "dvar2": 0.000656851043459, "max": 0.51806640625, "mean": 0.0601202845573, "median": 0.05322265625, "min": 0.005859375, "var": 0.00153033819515}, "barkbands": {"dmean": [0.00029192288639, 0.0148795181885, 0.00463641202077, 0.00232658418827, 0.00583566445857, 0.00152410834562, 0.000509173318278, 0.000284471345367, 0.00024544048938, 0.000389135733712, 0.000216408458073, 0.000548391719349, 0.000241144894972, 0.00028719502734, 0.000234614592046, 0.00014602416195, 0.000115519658721, 0.00011520866974, 0.000140948744956, 0.000145426864037, 0.000153619504999, 0.00049462239258, 9.88713873085e-05, 0.00011403427925, 8.848671132e-05, 0.000121684184705, 8.85642148205e-05], "dmean2": [0.00048384492402, 0.0244516246021, 0.00812847353518, 0.0042186724022, 0.00955217704177, 0.00230809976347, 0.000839719956275, 0.00042306780233, 0.000375290605007, 0.000593704462517, 0.000338144163834, 0.000794782303274, 0.000351195049006, 0.000445850309916, 0.000360727513907, 0.000235443527345, 0.000188697726117, 0.000181036069989, 0.000221025708015, 0.0002269972465, 0.000242141264607, 0.000793806219008, 0.000157622707775, 0.000185869896086, 0.000138664749102, 0.000192209161469, 0.000140305288369], "dvar": [3.2139320183e-07, 0.000668233959004, 7.72706262069e-05, 2.80150397884e-05, 0.000113071051601, 4.8383108151e-06, 1.42085457355e-06, 3.29344032934e-07, 2.22308187858e-07, 5.19401055499e-07, 6.80522077801e-07, 1.26172778891e-06, 3.23175129324e-07, 4.71773546451e-07, 2.21144603074e-07, 7.76388660029e-08, 4.33040696635e-08, 5.29116697123e-08, 6.99070241694e-08, 1.27733514432e-07, 8.0742921682e-08, 1.54203985403e-06, 4.19238013194e-08, 6.3517965998e-08, 4.18412469116e-08, 1.49451750531e-07, 1.17388040621e-07], "dvar2": [8.19574381694e-07, 0.00169662816916, 0.000211712482269, 7.71400955273e-05, 0.0002839822846, 1.10435157694e-05, 3.74788987756e-06, 6.49687592613e-07, 4.98593692555e-07, 1.17552667689e-06, 1.59738783623e-06, 2.38404049924e-06, 5.6132608961e-07, 1.2359143966e-06, 4.41411629026e-07, 1.79696399982e-07, 1.04699694248e-07, 1.16192921951e-07, 1.63976707768e-07, 3.28107034875e-07, 2.13518930536e-07, 3.89518254451e-06, 1.05676342343e-07, 1.62286795558e-07, 9.88497177445e-08, 3.6115778812e-07, 2.94441861115e-07], "max": [0.00503084016964, 0.219314053655, 0.0844936966896, 0.0427150428295, 0.185204684734, 0.0337940678, 0.017855418846, 0.0134667567909, 0.00936113856733, 0.0111089264974, 0.0256326887757, 0.020479451865, 0.0149788055569, 0.0120821148157, 0.00860202405602, 0.00704010855407, 0.00460588745773, 0.00570963788778, 0.00562524190173, 0.0106234923005, 0.00685519305989, 0.0177948139608, 0.00419786619022, 0.00522884074599, 0.00231819530018, 0.00505295488983, 0.00442808726802], "mean": [0.000279794388916, 0.0188585426658, 0.00548987323418, 0.00194683216978, 0.00755700096488, 0.00345969432965, 0.000762241252232, 0.000554113008548, 0.000410924461903, 0.00061875564279, 0.000306399277179, 0.000964616599958, 0.000446448771982, 0.000518653600011, 0.000449421146186, 0.000216428481508, 0.000196238368517, 0.000188996898942, 0.00022239498503, 0.000227500728215, 0.000295648322208, 0.000508907367475, 0.000142127420986, 0.000149712097482, 0.000126284954604, 0.000131026012241, 8.89876828296e-05], "median": [0.000100608885987, 0.00652777031064, 0.00213488657027, 0.000394350790884, 0.00357941025868, 0.00244398089126, 0.000325081695337, 0.000169811974047, 0.000142523291288, 0.000213501800317, 5.57009989279e-05, 0.000267176626949, 0.000141799653647, 0.000111762412416, 0.000127867169795, 9.27111104829e-05, 0.000102708610939, 7.9080586147e-05, 9.98136383714e-05, 0.000122615325381, 0.000194906562683, 0.000187490848475, 7.28548548068e-05, 8.37595507619e-05, 7.4239425885e-05, 4.85025484522e-05, 2.2973281375e-05], "min": [3.89445443335e-25, 7.80950523608e-24, 3.77718868207e-24, 2.66218585736e-24, 2.97148472877e-23, 1.27265998983e-23, 2.40541218491e-23, 9.80110607589e-24, 8.60658922738e-24, 2.19736526729e-23, 2.6325446455e-23, 4.11479314494e-23, 5.05564514295e-23, 5.68192654877e-23, 5.44246561218e-23, 6.64851907811e-23, 7.78502719773e-23, 1.36218544739e-22, 1.56590088755e-22, 1.67111221311e-22, 3.37747350826e-22, 3.80409201016e-22, 5.0373724107e-22, 6.4838106009e-22, 1.08242520435e-21, 1.42443702364e-21, 1.98472132901e-21], "var": [2.94148804869e-07, 0.000754041248001, 7.02452234691e-05, 2.08846686292e-05, 0.000130344473291, 1.25888545881e-05, 1.51522544911e-06, 1.25520057281e-06, 6.00434134412e-07, 1.07161599772e-06, 1.33488845222e-06, 3.8940338527e-06, 1.21339269299e-06, 1.26579573134e-06, 7.49026810354e-07, 1.58472104772e-07, 7.99439519028e-08, 1.08827755696e-07, 1.1685322221e-07, 1.38436632824e-07, 1.17987426052e-07, 1.3061246591e-06, 4.63394336236e-08, 6.02824385965e-08, 4.15287040312e-08, 1.26988098259e-07, 9.10163819867e-08]}, "erbbands": {"dmean": [0.368318557739, 3.61015367508, 6.0440659523, 5.94791460037, 8.64819431305, 24.1676158905, 27.9141616821, 9.74391651154, 8.11884880066, 4.53700876236, 7.63763093948, 5.27107954025, 10.4758405685, 10.8618898392, 9.21332645416, 25.5309753418, 11.9496641159, 15.900141716, 12.9567890167, 8.25654411316, 8.63807296753, 4.9052696228, 5.82722043991, 7.23425197601, 7.64011764526, 6.2979016304, 5.34111070633, 7.71143054962, 20.357465744, 8.37504482269, 2.52292108536, 2.53148412704, 1.72014796734, 0.944015264511, 0.674297392368, 0.44184371829, 0.244137316942, 0.0689582899213, 0.0140960030258, 0.00114011764526], "dmean2": [0.597151935101, 6.02760457993, 10.466501236, 10.7516107559, 15.4767589569, 39.1296691895, 44.429851532, 15.0057573318, 13.4288644791, 7.35612916946, 11.3685798645, 8.11414527893, 16.013841629, 16.6511116028, 13.9159173965, 37.1753692627, 17.2589759827, 24.4561042786, 20.0668106079, 12.9127035141, 13.8432235718, 8.01092720032, 9.19854354858, 11.3350896835, 12.0458650589, 9.76331806183, 8.52256298065, 12.0983257294, 32.8317489624, 13.4125289917, 3.9608039856, 4.13364124298, 2.80421948433, 1.4717361927, 1.06947231293, 0.69702988863, 0.388895779848, 0.110584244132, 0.022448554635, 0.0017956023803], "dvar": [0.454790532589, 39.1444320679, 118.085800171, 159.731338501, 498.424987793, 2261.53320312, 2325.98388672, 242.395202637, 268.467803955, 112.17766571, 250.647537231, 99.3849945068, 479.639678955, 435.045227051, 630.094360352, 3021.39477539, 815.146240234, 1367.48352051, 754.573120117, 271.731414795, 335.581970215, 64.9793167114, 118.736251831, 201.903030396, 221.863647461, 196.5284729, 294.402618408, 209.079315186, 2794.09179688, 424.610046387, 22.0398311615, 30.5740394592, 15.7764997482, 3.7206761837, 2.59839391708, 1.34764206409, 0.782806038857, 0.0625746697187, 0.00319363060407, 1.85327262443e-05], "dvar2": [1.10101234913, 102.294487, 314.468414307, 446.680847168, 1391.16833496, 5625.91357422, 5887.625, 555.815979004, 713.139221191, 290.97958374, 497.435119629, 236.124542236, 1092.10449219, 978.858398438, 1427.60791016, 5748.77783203, 1416.54724121, 3526.89868164, 1518.53723145, 574.458312988, 767.655456543, 162.783676147, 266.070983887, 483.542236328, 504.576812744, 492.000213623, 838.168762207, 533.336914062, 7134.34912109, 1070.63696289, 54.2854118347, 77.7810287476, 41.1602134705, 8.61299705505, 6.29051780701, 3.3298728466, 1.89279091358, 0.155253946781, 0.00814212858677, 4.62527859781e-05], "max": [4.88562631607, 53.349105835, 92.5410232544, 95.4285736084, 249.834091187, 763.58972168, 961.918884277, 272.392791748, 242.242233276, 138.013336182, 370.23135376, 243.038650513, 366.484588623, 445.324279785, 759.907653809, 1045.35864258, 743.964416504, 700.112976074, 533.650878906, 382.098724365, 484.999755859, 150.735031128, 246.900283813, 265.532043457, 363.626251221, 272.27835083, 781.877868652, 341.458465576, 638.714904785, 339.992401123, 71.3036117554, 111.274452209, 124.098602295, 22.3407783508, 17.2760124207, 12.8458251953, 12.8815536499, 3.35265636444, 0.756245195866, 0.0581881515682], "mean": [0.414078354836, 4.60703325272, 8.03500938416, 5.76904535294, 8.15194606781, 30.8331680298, 47.7557945251, 19.2811832428, 13.432056427, 7.176653862, 15.1100063324, 9.62012958527, 16.9995326996, 17.2506790161, 16.9002895355, 45.2300453186, 23.5994682312, 30.735786438, 23.9658489227, 15.6380996704, 13.9365119934, 8.58657360077, 10.1343336105, 11.2865915298, 12.2478199005, 10.5562105179, 10.4120063782, 12.6029863358, 20.9397563934, 9.27303409576, 3.84383273125, 3.23391771317, 2.24435949326, 1.38848221302, 0.919539630413, 0.515678048134, 0.251723438501, 0.0696764811873, 0.0140291377902, 0.00118609820493], "median": [0.142313465476, 1.58071577549, 4.82235479355, 2.15137863159, 2.90558338165, 12.2078819275, 28.6793498993, 12.0496492386, 7.27112483978, 3.41869139671, 4.68046522141, 4.23156929016, 5.81337881088, 6.4442486763, 6.01885032654, 12.7352771759, 9.88182353973, 8.10579967499, 8.02406215668, 6.02184772491, 6.27838993073, 5.03285932541, 4.80083465576, 5.39971208572, 5.57292985916, 5.86836338043, 7.01226902008, 7.48191928864, 7.7685751915, 4.02233123779, 1.97897934914, 1.7535803318, 1.2138235569, 0.844860672951, 0.495123744011, 0.219417721033, 0.0866622328758, 0.0217003431171, 0.00366054172628, 0.000332284107571], "min": [2.06516754658e-22, 1.44820776298e-21, 4.45109886193e-21, 8.09262458768e-21, 1.24939968893e-20, 7.54467947041e-20, 2.08477509257e-19, 9.74932389049e-20, 3.56282380409e-19, 2.31998467523e-19, 2.16919843836e-19, 2.67577263428e-19, 7.46692320036e-19, 1.09677872992e-18, 1.32038684599e-18, 1.90294223407e-18, 2.27200788951e-18, 3.12229103619e-18, 3.41556916314e-18, 3.90583352873e-18, 4.71954888168e-18, 5.58280656306e-18, 7.50474334554e-18, 5.64550974863e-18, 8.23698678483e-18, 8.56326156e-18, 1.35603109256e-17, 1.34868225457e-17, 1.26393056977e-17, 1.50388152069e-17, 1.44064041957e-17, 1.10526897376e-17, 1.24177098019e-17, 9.92707228623e-18, 7.03162250494e-18, 4.72885755871e-18, 2.8281997907e-18, 1.23639575377e-18, 2.57567318191e-19, 2.59321138191e-20], "var": [0.477412194014, 43.865447998, 119.014030457, 112.289596558, 344.045898438, 2721.17602539, 3429.31030273, 587.540893555, 325.069702148, 136.011062622, 938.766174316, 253.632720947, 977.642700195, 888.624633789, 1566.70202637, 8461.60839844, 2956.6496582, 3965.47558594, 2239.61889648, 1046.83337402, 728.674804688, 109.809944153, 251.207458496, 267.452301025, 412.926635742, 256.099578857, 247.101974487, 266.202728271, 2297.86279297, 374.489105225, 28.6571769714, 28.5541648865, 14.5295286179, 4.05209779739, 2.4804956913, 1.18053972721, 0.646954357624, 0.0495904237032, 0.0023996590171, 1.456528571e-05]}, "gfcc": {"mean": [21.8352603912, 65.0872573853, -82.5322494507, 33.4550170898, -45.6995391846, 9.45686149597, -30.3656291962, -7.80927753448, -25.1968002319, 5.62929153442, -12.3448867798, 8.04448890686, -4.33430957794], "cov": [[9791.21777344, -797.243591309, 748.836791992, 32.5588951111, -165.305297852, 898.45513916, 323.999938965, 370.215301514, 81.2977371216, 526.77722168, -6.67518806458, -65.8034439087, -220.82510376], [-797.243591309, 896.493591309, -252.577316284, 151.114044189, 80.7680969238, -113.506996155, 31.4564743042, -73.999382019, 20.2264232635, -42.7818527222, 54.0925064087, -30.0811386108, 33.9186210632], [748.836791992, -252.577316284, 682.617431641, 20.3927001953, 87.372467041, 133.128234863, 53.1351356506, 81.2304763794, 15.6579933167, 95.132850647, -22.476726532, -5.68961381912, -37.5415077209], [32.5588951111, 151.114044189, 20.3927001953, 309.517944336, 45.9599723816, 2.11449241638, -23.8465175629, -60.3757858276, -9.15701961517, -32.9442977905, -8.5951499939, 5.1121006012, 19.2990264893], [-165.305297852, 80.7680969238, 87.372467041, 45.9599723816, 292.372924805, 103.897918701, 109.334243774, 137.169525146, 55.0393066406, 12.5759410858, 29.9389019012, 8.4021062851, -6.1105632782], [898.45513916, -113.506996155, 133.128234863, 2.11449241638, 103.897918701, 340.61807251, 180.825393677, 174.019485474, 79.1038818359, 138.219741821, 21.596075058, -15.4312295914, -29.5620307922], [323.999938965, 31.4564743042, 53.1351356506, -23.8465175629, 109.334243774, 180.825393677, 225.95375061, 169.735519409, 77.9155349731, 95.341468811, 43.996307373, -5.86979675293, -24.3706150055], [370.215301514, -73.999382019, 81.2304763794, -60.3757858276, 137.169525146, 174.019485474, 169.735519409, 273.031707764, 101.056884766, 78.0169906616, 21.0917510986, -6.89751148224, -39.5315742493], [81.2977371216, 20.2264232635, 15.6579933167, -9.15701961517, 55.0393066406, 79.1038818359, 77.9155349731, 101.056884766, 109.910545349, 57.9651679993, 18.4219970703, -11.1176233292, -9.48533630371], [526.77722168, -42.7818527222, 95.132850647, -32.9442977905, 12.5759410858, 138.219741821, 95.341468811, 78.0169906616, 57.9651679993, 137.892562866, 35.5888938904, -9.92033672333, -9.75969314575], [-6.67518806458, 54.0925064087, -22.476726532, -8.5951499939, 29.9389019012, 21.596075058, 43.996307373, 21.0917510986, 18.4219970703, 35.5888938904, 68.6073226929, 22.6525001526, 8.68704319], [-65.8034439087, -30.0811386108, -5.68961381912, 5.1121006012, 8.4021062851, -15.4312295914, -5.86979675293, -6.89751148224, -11.1176233292, -9.92033672333, 22.6525001526, 71.7452774048, 32.2344818115], [-220.82510376, 33.9186210632, -37.5415077209, 19.2990264893, -6.1105632782, -29.5620307922, -24.3706150055, -39.5315742493, -9.48533630371, -9.75969314575, 8.68704319, 32.2344818115, 85.6702194214]], "icov": [[0.000177657260792, 2.63227429969e-05, -5.69165531488e-05, -0.000141124939546, 0.000258034066064, -0.000375673669623, 0.000152636508574, -0.000175969355041, 0.000293522287393, -0.000445992278401, 7.35296998755e-05, -0.000121479410154, 0.000325296598021], [2.63227429969e-05, 0.00190424988978, 0.000554407306481, -0.000868897826876, -0.000690377724823, 0.00105768197682, -0.0012081960449, 0.000803664326668, -0.000403818441555, -0.00012617201719, -0.00127458188217, 0.00176084728446, -0.000496902910527], [-5.69165531488e-05, 0.000554407306481, 0.00218806113116, -0.000436747359345, -0.00119642924983, 0.000527680618688, 4.48061364295e-05, 0.00010473675502, 0.000711608387064, -0.00243693846278, 0.00163061404601, -0.000369516201317, 0.000623687228654], [-0.000141124939546, -0.000868897826876, -0.000436747359345, 0.00445123249665, -0.000878095743246, -0.00124204391614, 0.000303988374071, 0.00183993612882, -0.00111616461072, 0.00190827634651, 0.00070979713928, -0.000728495360818, -0.000473655149108], [0.000258034066064, -0.000690377724823, -0.00119642924983, -0.000878095743246, 0.00667939800769, -0.0019743910525, -0.000419880117988, -0.00294491648674, -0.000352139788447, 0.00354953389615, -0.00270017120056, -0.000152319626068, -0.000374759198166], [-0.000375673669623, 0.00105768197682, 0.000527680618688, -0.00124204391614, -0.0019743910525, 0.00919605698436, -0.00394177529961, -0.000870519375894, 0.000391765177483, -0.00549596641213, 0.00246053142473, 0.000776766741183, -0.000491144717671], [0.000152636508574, -0.0012081960449, 4.48061364295e-05, 0.000303988374071, -0.000419880117988, -0.00394177529961, 0.013142041862, -0.00493296096101, 0.000298791826935, -0.00243698898703, -0.00331642781384, -0.000324065069435, 0.00110875128303], [-0.000175969355041, 0.000803664326668, 0.00010473675502, 0.00183993612882, -0.00294491648674, -0.000870519375894, -0.00493296096101, 0.0114836525172, -0.00582380453125, 0.00137184245978, 0.00182835012674, -0.00130577373784, 0.00206232164055], [0.000293522287393, -0.000403818441555, 0.000711608387064, -0.00111616461072, -0.000352139788447, 0.000391765177483, 0.000298791826935, -0.00582380453125, 0.0173347685486, -0.00655352370813, 0.00030429448816, 0.00174711097497, -0.000528047326952], [-0.000445992278401, -0.00012617201719, -0.00243693846278, 0.00190827634651, 0.00354953389615, -0.00549596641213, -0.00243698898703, 0.00137184245978, -0.00655352370813, 0.022616699338, -0.0101645346731, 0.0042147571221, -0.00300517631695], [7.35296998755e-05, -0.00127458188217, 0.00163061404601, 0.00070979713928, -0.00270017120056, 0.00246053142473, -0.00331642781384, 0.00182835012674, 0.00030429448816, -0.0101645346731, 0.026501853019, -0.0101846437901, 0.00182603788562], [-0.000121479410154, 0.00176084728446, -0.000369516201317, -0.000728495360818, -0.000152319626068, 0.000776766741183, -0.000324065069435, -0.00130577373784, 0.00174711097497, 0.0042147571221, -0.0101846437901, 0.0223510395736, -0.00814918149263], [0.000325296598021, -0.000496902910527, 0.000623687228654, -0.000473655149108, -0.000374759198166, -0.000491144717671, 0.00110875128303, 0.00206232164055, -0.000528047326952, -0.00300517631695, 0.00182603788562, -0.00814918149263, 0.0166389811784]]}, "melbands": {"dmean": [0.00379998493008, 0.00366038060747, 0.00111865950748, 0.00103830953594, 0.00109521893319, 0.000223662907956, 0.000120716948004, 4.55385452369e-05, 6.04614397162e-05, 3.39432954206e-05, 5.31562145625e-05, 4.58970098407e-05, 3.27632151311e-05, 6.20915161562e-05, 4.17564842792e-05, 2.35541920119e-05, 3.10759314743e-05, 2.03555628104e-05, 1.2668358977e-05, 1.08813583211e-05, 1.07559353637e-05, 5.52319079361e-06, 5.09939536641e-06, 7.03869181962e-06, 6.09532571616e-06, 5.18412116435e-06, 5.94124867348e-06, 4.12020244767e-06, 3.82374537367e-06, 3.32408626491e-06, 5.1437714319e-06, 1.10185928861e-05, 1.11009503598e-05, 2.84538032247e-06, 1.53540497649e-06, 1.16912360681e-06, 1.79292055691e-06, 1.47260823269e-06, 7.72665373461e-07, 8.58099269863e-07], "dmean2": [0.00621552253142, 0.00617088237777, 0.00201274012215, 0.00173099490348, 0.00174818374217, 0.000343801657436, 0.000198922280106, 7.30880929041e-05, 9.04545377125e-05, 5.20000539836e-05, 8.14588638605e-05, 7.02621618984e-05, 5.02989787492e-05, 8.92127354746e-05, 6.10399729339e-05, 3.63761246263e-05, 4.72892352263e-05, 3.17310550599e-05, 2.00772137759e-05, 1.72696491063e-05, 1.72671407199e-05, 9.07788216864e-06, 8.54079280543e-06, 1.09359489215e-05, 9.69684242591e-06, 8.25272218208e-06, 9.33449518925e-06, 6.50209995001e-06, 6.21683057034e-06, 5.29426233697e-06, 8.09821813164e-06, 1.77721085493e-05, 1.80854713108e-05, 4.60743149233e-06, 2.41744510276e-06, 1.87935438589e-06, 2.956460321e-06, 2.4260139071e-06, 1.22451604057e-06, 1.3553193412e-06], "dvar": [4.56536799902e-05, 3.92807560274e-05, 5.76312595513e-06, 3.43484862242e-06, 4.12064036936e-06, 1.19985656966e-07, 6.11922388316e-08, 9.23095555549e-09, 1.52985712987e-08, 4.01708133424e-09, 1.20311298701e-08, 7.85946241422e-09, 1.4038663565e-08, 1.62174575991e-08, 6.15349504685e-09, 2.48907272571e-09, 5.56299273313e-09, 1.81710968494e-09, 5.41364231221e-10, 3.34987981798e-10, 5.38840361219e-10, 9.33033303396e-11, 1.01647010253e-10, 2.50924170331e-10, 1.60171417796e-10, 9.68478630625e-11, 1.77250922273e-10, 9.31251048497e-11, 2.83861406603e-10, 3.24543621144e-11, 9.44347378073e-11, 8.13650924414e-10, 8.48655479224e-10, 5.29979879427e-11, 7.96215177123e-12, 4.77650861572e-12, 1.72450196484e-11, 1.25326077641e-11, 1.7877253497e-12, 3.85790835042e-12], "dvar2": [0.000114209855383, 0.000103968559415, 1.59438768605e-05, 8.95979701454e-06, 1.02693356894e-05, 2.75645049896e-07, 1.61103073992e-07, 2.38901520788e-08, 3.15386650129e-08, 9.19435017011e-09, 2.75783307302e-08, 1.75602501429e-08, 3.25403846091e-08, 2.99475289012e-08, 1.17276490741e-08, 5.6276596716e-09, 1.36432527498e-08, 3.74896336197e-09, 1.22364174349e-09, 7.70637165193e-10, 1.23515742079e-09, 2.29426685983e-10, 2.68070010634e-10, 5.29089827506e-10, 3.92545079775e-10, 2.2279912637e-10, 4.11410239209e-10, 2.43435438474e-10, 8.18002721115e-10, 8.249007033e-11, 2.4041674207e-10, 2.08166706095e-09, 2.17218243392e-09, 1.36758993019e-10, 1.99861342753e-11, 1.20580290544e-11, 4.41388314787e-11, 3.32329511132e-11, 4.25511882673e-12, 8.9724443153e-12], "max": [0.054827362299, 0.0455446243286, 0.0174930766225, 0.0232497286052, 0.041454244405, 0.00568600045517, 0.00375561858527, 0.00132658006623, 0.00280840857886, 0.00131967733614, 0.00180083839223, 0.00192999094725, 0.00372215174139, 0.00254645082168, 0.00139511271846, 0.000959982105996, 0.00119916372932, 0.000803684524726, 0.000352442992153, 0.000333414762281, 0.000592571857851, 0.000211026519537, 0.000226493400987, 0.000431856169598, 0.000247361516813, 0.000348938832758, 0.000181967596291, 0.000216481173993, 0.000795152329374, 0.000118762050988, 0.000197079309146, 0.000341557752108, 0.000501243222971, 0.000147563885548, 4.18606869061e-05, 4.9259961088e-05, 7.38570233807e-05, 0.000114483191282, 2.66930601356e-05, 2.54467831837e-05], "mean": [0.00462533533573, 0.00507721910253, 0.0010804310441, 0.00124176125973, 0.00172828976065, 0.000465990713565, 0.000197699599084, 7.65755976317e-05, 0.000118808326079, 5.86770693189e-05, 8.48567942739e-05, 7.00889067957e-05, 5.10602076247e-05, 0.000112299501779, 7.48557940824e-05, 4.29570318374e-05, 5.87599897699e-05, 3.57415592589e-05, 2.34547114815e-05, 1.80969636858e-05, 1.63554686878e-05, 8.72728651302e-06, 8.10068013379e-06, 1.16876744869e-05, 8.47190676723e-06, 8.57235681906e-06, 8.29970304039e-06, 6.69963947075e-06, 6.53637835057e-06, 6.15658154857e-06, 7.79303536547e-06, 1.1488697055e-05, 1.05616782093e-05, 3.39906364388e-06, 2.30880982599e-06, 1.65561073118e-06, 2.09058543987e-06, 1.77971321591e-06, 1.11169026695e-06, 1.18384718917e-06], "median": [0.00159044284374, 0.00321492739022, 0.000382547703339, 0.000519236549735, 0.000969312444795, 0.000314588891342, 0.000102121994132, 3.62638602383e-05, 3.64126790373e-05, 2.31889971474e-05, 2.75154216069e-05, 2.41460929828e-05, 1.24772486743e-05, 3.13668824674e-05, 2.59201078734e-05, 1.54300596478e-05, 1.15768771138e-05, 1.04540358734e-05, 8.18869466457e-06, 6.96573215464e-06, 6.45571344648e-06, 4.94753976454e-06, 3.43704823536e-06, 4.20346259489e-06, 3.82082225769e-06, 3.71657279175e-06, 3.81659265258e-06, 3.475711992e-06, 3.96506356992e-06, 4.17512455897e-06, 4.12562212659e-06, 4.20174865212e-06, 3.44943987329e-06, 1.48457229443e-06, 1.10462815428e-06, 8.28364022709e-07, 1.00702254713e-06, 8.32274338336e-07, 6.40428368115e-07, 6.72013356962e-07], "min": [3.05489422661e-24, 2.08775272896e-24, 2.34055898326e-24, 1.74809939711e-24, 7.0478395217e-24, 2.1226375387e-24, 5.36782572325e-24, 2.57880464018e-24, 1.62596864201e-24, 1.6286780834e-24, 3.8495327491e-24, 3.88393615647e-24, 4.17857097141e-24, 2.717028848e-24, 5.67041738371e-24, 4.47382583101e-24, 5.69156595571e-24, 5.41599790886e-24, 5.10682596516e-24, 4.05141172108e-24, 5.10201549136e-24, 4.48601215428e-24, 7.54938387461e-24, 4.97860885236e-24, 4.0931933445e-24, 5.39702580409e-24, 4.23546401432e-24, 6.01417141177e-24, 7.89449079912e-24, 6.51536235498e-24, 6.94886903253e-24, 6.12526708748e-24, 5.91460691033e-24, 8.90186696395e-24, 8.13905740126e-24, 6.91779422376e-24, 5.35736542765e-24, 7.90389796541e-24, 7.9955454588e-24, 8.21043195824e-24], "var": [4.97776964039e-05, 4.30421168858e-05, 4.21543609264e-06, 3.70763768842e-06, 5.43907572137e-06, 2.90443551876e-07, 7.47926662825e-08, 1.28975603531e-08, 5.45215357306e-08, 1.05068957978e-08, 2.43667326316e-08, 1.57739208362e-08, 2.92565243143e-08, 5.45161604748e-08, 1.88335267381e-08, 7.86929099661e-09, 1.7562729937e-08, 5.13126829915e-09, 1.66000646562e-09, 1.02210273578e-09, 1.14472820112e-09, 1.43211997816e-10, 1.61243032815e-10, 5.69925329152e-10, 1.89699131403e-10, 2.46652587244e-10, 2.08512179745e-10, 1.2084608314e-10, 2.02372563152e-10, 5.40912280245e-11, 1.20213450305e-10, 6.71213140624e-10, 6.89733659076e-10, 4.6685533911e-11, 1.08919366582e-11, 5.47211624971e-12, 1.51469913001e-11, 1.11346791162e-11, 2.11541374695e-12, 3.84272258111e-12]}, "mfcc": {"mean": [-635.315063477, 106.136604309, 19.4822998047, 31.1309833527, 5.72626924515, 19.2969169617, 2.66981339455, -3.0889313221, -3.04773592949, -7.41324138641, -1.36767160892, -3.47515535355, -0.683775484562], "cov": [[6543.22900391, -295.111358643, 535.408874512, -233.722198486, -10.8663606644, 384.787078857, 349.444152832, 152.871826172, 275, 418.047210693, 319.695617676, 258.154968262, 178.07409668], [-295.111358643, 626.185424805, -84.8292007446, 98.1731872559, 18.5040493011, -1.87790381908, 39.4732627869, -16.7732601166, -3.4392991066, 7.21633386612, 20.875164032, 31.5683574677, 16.2166347504], [535.408874512, -84.8292007446, 387.807159424, 32.9901580811, 39.1034393311, 70.8457565308, 33.4402198792, -10.9899358749, 35.5289764404, 56.142616272, 26.6040534973, 9.99621772766, 20.3133544922], [-233.722198486, 98.1731872559, 32.9901580811, 263.993804932, 70.2928314209, 31.4288158417, -28.213054657, -17.7530956268, -47.4437980652, -57.8086395264, -42.6726455688, -71.6641082764, -15.1693153381], [-10.8663606644, 18.5040493011, 39.1034393311, 70.2928314209, 176.196807861, 36.4764480591, 39.483379364, 62.5121650696, 32.1554222107, 23.0449924469, 7.75820398331, 9.04901695251, -5.09415245056], [384.787078857, -1.87790381908, 70.8457565308, 31.4288158417, 36.4764480591, 167.674911499, 75.7298126221, 9.89698410034, 34.9418411255, 53.506313324, 25.0031833649, 19.5358028412, 28.9222564697], [349.444152832, 39.4732627869, 33.4402198792, -28.213054657, 39.483379364, 75.7298126221, 172.702072144, 86.6615753174, 84.5567474365, 86.3970184326, 67.6610488892, 88.7601394653, 46.4905853271], [152.871826172, -16.7732601166, -10.9899358749, -17.7530956268, 62.5121650696, 9.89698410034, 86.6615753174, 150.648651123, 87.8351516724, 54.370388031, 59.7906646729, 72.0292205811, 24.009847641], [275, -3.4392991066, 35.5289764404, -47.4437980652, 32.1554222107, 34.9418411255, 84.5567474365, 87.8351516724, 152.357513428, 105.053512573, 59.1766166687, 88.0401535034, 47.4827880859], [418.047210693, 7.21633386612, 56.142616272, -57.8086395264, 23.0449924469, 53.506313324, 86.3970184326, 54.370388031, 105.053512573, 185.190917969, 82.4970703125, 61.1862030029, 24.0540332794], [319.695617676, 20.875164032, 26.6040534973, -42.6726455688, 7.75820398331, 25.0031833649, 67.6610488892, 59.7906646729, 59.1766166687, 82.4970703125, 133.907791138, 92.7408905029, 17.5585403442], [258.154968262, 31.5683574677, 9.99621772766, -71.6641082764, 9.04901695251, 19.5358028412, 88.7601394653, 72.0292205811, 88.0401535034, 61.1862030029, 92.7408905029, 180.734451294, 65.0809783936], [178.07409668, 16.2166347504, 20.3133544922, -15.1693153381, -5.09415245056, 28.9222564697, 46.4905853271, 24.009847641, 47.4827880859, 24.0540332794, 17.5585403442, 65.0809783936, 114.476737976]], "icov": [[0.000228663207963, 7.05453567207e-05, -0.000211705832044, 0.000123387944768, 0.000137794137117, -0.000342677580193, -7.52524501877e-05, -7.8310687968e-05, 7.10778040229e-05, -0.000191440121853, -0.000268549803877, 3.93039917981e-05, -0.000142489996506], [7.05453567207e-05, 0.00205787830055, 0.000609353533946, -0.00116548733786, -0.000129943015054, 0.000553253281396, -0.00108107039705, 0.00134622619953, -3.39703765349e-05, -0.00038801584742, -0.000460429670056, -0.000572879274841, -0.000160764786415], [-0.000211705832044, 0.000609353533946, 0.00344560411759, -0.000820649322122, -0.000835204380564, -0.000189261787455, -0.000323577842209, 0.0018017522525, -0.000801657966804, -0.000365420390153, -0.0005183169269, 5.53519676032e-05, -0.00025565669057], [0.000123387944768, -0.00116548733786, -0.000820649322122, 0.00629485631362, -0.00218142918311, -0.00177947815973, 0.000910597329494, -0.000905396183953, 0.000586973212194, 0.0017896881327, -0.000477797264466, 0.00242516002618, -0.000799442757852], [0.000137794137117, -0.000129943015054, -0.000835204380564, -0.00218142918311, 0.00865703076124, -0.00136784417555, 5.17060216225e-05, -0.00429748836905, 0.000170204526512, -0.000962414022069, 0.00164882594254, -0.000766462006141, 0.00158882525284], [-0.000342677580193, 0.000553253281396, -0.000189261787455, -0.00177947815973, -0.00136784417555, 0.00993370357901, -0.00467521464452, 0.0033832769841, -0.00059891800629, -0.000901486957446, -0.000302030239254, 0.000784958538134, -0.00109114241786], [-7.52524501877e-05, -0.00108107039705, -0.000323577842209, 0.000910597329494, 5.17060216225e-05, -0.00467521464452, 0.0136399641633, -0.00572391459718, 0.000365444924682, -0.00209348183125, 0.000176150337211, -0.00241224910133, -0.00107443297748], [-7.8310687968e-05, 0.00134622619953, 0.0018017522525, -0.000905396183953, -0.00429748836905, 0.0033832769841, -0.00572391459718, 0.0164098460227, -0.00682305451483, 0.00228371960111, -0.00391260907054, -4.29717283623e-06, 0.000281022134004], [7.10778040229e-05, -3.39703765349e-05, -0.000801657966804, 0.000586973212194, 0.000170204526512, -0.00059891800629, 0.000365444924682, -0.00682305451483, 0.0176830887794, -0.00749879376963, 0.00302660441957, -0.00398612348363, -0.00240123993717], [-0.000191440121853, -0.00038801584742, -0.000365420390153, 0.0017896881327, -0.000962414022069, -0.000901486957446, -0.00209348183125, 0.00228371960111, -0.00749879376963, 0.0127215515822, -0.00542398542166, 0.0032326830551, 0.000642313854769], [-0.000268549803877, -0.000460429670056, -0.0005183169269, -0.000477797264466, 0.00164882594254, -0.000302030239254, 0.000176150337211, -0.00391260907054, 0.00302660441957, -0.00542398542166, 0.0165441036224, -0.00748631777242, 0.00301318475977], [3.93039917981e-05, -0.000572879274841, 5.53519676032e-05, 0.00242516002618, -0.000766462006141, 0.000784958538134, -0.00241224910133, -4.29717283623e-06, -0.00398612348363, 0.0032326830551, -0.00748631777242, 0.0140970367938, -0.00481223873794], [-0.000142489996506, -0.000160764786415, -0.00025565669057, -0.000799442757852, 0.00158882525284, -0.00109114241786, -0.00107443297748, 0.000281022134004, -0.00240123993717, 0.000642313854769, 0.00301318475977, -0.00481223873794, 0.0127776898444]]}, "spectral_contrast_coeffs": {"dmean": [0.0565711706877, 0.0484276525676, 0.0424265377223, 0.0335956662893, 0.0243129711598, 0.0216788165271], "dmean2": [0.0927751287818, 0.0755314603448, 0.0648965016007, 0.0509269721806, 0.037894397974, 0.0325788594782], "dvar": [0.00241382466629, 0.00172542885412, 0.00127504183911, 0.000914096308406, 0.000503384682816, 0.000453111133538], "dvar2": [0.00605524284765, 0.0040150671266, 0.00286632007919, 0.00191021268256, 0.00111979758367, 0.000948902277742], "max": [-0.20371183753, -0.333365768194, -0.478978514671, -0.525186955929, -0.468261659145, -0.56218868494], "mean": [-0.614453554153, -0.672189474106, -0.747464835644, -0.767540037632, -0.781122267246, -0.739897429943], "median": [-0.642062008381, -0.676917552948, -0.756049513817, -0.777262210846, -0.788946866989, -0.740337669849], "min": [-0.962989449501, -0.975141227245, -0.966544270515, -0.969110846519, -0.969589412212, -0.964439570904], "var": [0.0129615711048, 0.00771246477962, 0.00543572613969, 0.00426232209429, 0.00238959956914, 0.00198033312336]}, "spectral_contrast_valleys": {"dmean": [0.497760176659, 0.442290574312, 0.417264014482, 0.412040233612, 0.371184676886, 0.437360197306], "dmean2": [0.768276035786, 0.667621135712, 0.623290657997, 0.583430886269, 0.497985035181, 0.539108037949], "dvar": [0.205960124731, 0.189394235611, 0.173182919621, 0.193804144859, 0.175716087222, 0.272383153439], "dvar2": [0.439314514399, 0.379026502371, 0.337986648083, 0.352161288261, 0.290026396513, 0.407512426376], "max": [-4.73303556442, -4.68420648575, -5.66232347488, -5.75135326385, -5.90462589264, -7.92690086365], "mean": [-7.0608549118, -7.17029523849, -7.70606374741, -7.986493587