{"lowlevel": {"average_loudness": 0.970950365067, "barkbands_crest": {"dmean": 2.94846153259, "dmean2": 4.66031122208, "dvar": 8.8777256012, "dvar2": 22.6802768707, "max": 25.702627182, "mean": 12.3440532684, "median": 11.8289422989, "min": 3.0381102562, "var": 23.926486969}, "barkbands_flatness_db": {"dmean": 0.0419230349362, "dmean2": 0.0597258731723, "dvar": 0.00162628514227, "dvar2": 0.00304246577434, "max": 0.547097444534, "mean": 0.169292151928, "median": 0.155368760228, "min": 0.0255708619952, "var": 0.00625688582659}, "barkbands_kurtosis": {"dmean": 14.1037998199, "dmean2": 21.8078308105, "dvar": 1217.45483398, "dvar2": 2399.42382812, "max": 894.049926758, "mean": 20.1951465607, "median": 5.74121952057, "min": -1.86518979073, "var": 2264.03515625}, "barkbands_skewness": {"dmean": 1.16886663437, "dmean2": 1.77744615078, "dvar": 1.84395384789, "dvar2": 3.93017148972, "max": 22.7205944061, "mean": 2.81363677979, "median": 2.18841028214, "min": -2.93740820885, "var": 6.11564540863}, "barkbands_spread": {"dmean": 8.90522193909, "dmean2": 14.1102981567, "dvar": 150.124176025, "dvar2": 351.736114502, "max": 115.906105042, "mean": 18.1511192322, "median": 13.0081853867, "min": 0.238127440214, "var": 323.654968262}, "dissonance": {"dmean": 0.0281519610435, "dmean2": 0.0447088219225, "dvar": 0.000889645074494, "dvar2": 0.00216167513281, "max": 0.500000119209, "mean": 0.446317702532, "median": 0.458985596895, "min": 0.185730531812, "var": 0.00209534657188}, "dynamic_complexity": 3.43338155746, "erbbands_crest": {"dmean": 3.1079351902, "dmean2": 4.84281158447, "dvar": 10.115940094, "dvar2": 23.8085403442, "max": 32.1376647949, "mean": 9.91059684753, "median": 8.43682098389, "min": 2.28088450432, "var": 28.2913913727}, "erbbands_flatness_db": {"dmean": 0.0330432541668, "dmean2": 0.045076303184, "dvar": 0.00104241527151, "dvar2": 0.00182411354035, "max": 0.558786690235, "mean": 0.14531879127, "median": 0.130125626922, "min": 0.0394599549472, "var": 0.00463483761996}, "erbbands_kurtosis": {"dmean": 3.16260528564, "dmean2": 4.67699241638, "dvar": 107.339111328, "dvar2": 221.439025879, "max": 285.059661865, "mean": 2.94473648071, "median": 0.291479349136, "min": -1.8348095417, "var": 158.728347778}, "erbbands_skewness": {"dmean": 0.656173169613, "dmean2": 0.95597422123, "dvar": 0.619122207165, "dvar2": 1.178591609, "max": 15.5184078217, "mean": 0.68615937233, "median": 0.426241397858, "min": -3.29836678505, "var": 2.02458095551}, "erbbands_spread": {"dmean": 15.8427829742, "dmean2": 24.4798812866, "dvar": 302.869354248, "dvar2": 706.379882812, "max": 197.129638672, "mean": 42.1505241394, "median": 35.0377464294, "min": 0.972140491009, "var": 740.393066406}, "hfc": {"dmean": 12.3060588837, "dmean2": 20.0422649384, "dvar": 731.567687988, "dvar2": 1751.9798584, "max": 230.009994507, "mean": 14.0469408035, "median": 6.37969112396, "min": 1.18320325101e-16, "var": 659.787902832}, "melbands_crest": {"dmean": 3.91056752205, "dmean2": 6.27378416061, "dvar": 16.1149082184, "dvar2": 39.2257080078, "max": 38.6574211121, "mean": 18.555398941, "median": 18.1109733582, "min": 1.17185592651, "var": 47.3997840881}, "melbands_flatness_db": {"dmean": 0.049799028784, "dmean2": 0.0702982693911, "dvar": 0.00226480630226, "dvar2": 0.00415223510936, "max": 0.66710960865, "mean": 0.264518469572, "median": 0.254861414433, "min": 0.000206601413083, "var": 0.00946361105889}, "melbands_kurtosis": {"dmean": 27.6695785522, "dmean2": 42.625, "dvar": 3074.92016602, "dvar2": 7137.81445312, "max": 1027.69848633, "mean": 43.7439842224, "median": 15.4486198425, "min": -1.80198633671, "var": 5928.81054688}, "melbands_skewness": {"dmean": 1.50940215588, "dmean2": 2.25713253021, "dvar": 3.09557914734, "dvar2": 7.08729934692, "max": 26.5946998596, "mean": 4.04192066193, "median": 3.22008633614, "min": -2.19666409492, "var": 10.4650259018}, "melbands_spread": {"dmean": 7.31352615356, "dmean2": 11.7759199142, "dvar": 172.790985107, "dvar2": 441.941467285, "max": 273.049285889, "mean": 15.9053583145, "median": 10.3429145813, "min": 0.236879244447, "var": 521.180114746}, "pitch_salience": {"dmean": 0.0927092060447, "dmean2": 0.148941755295, "dvar": 0.00873558875173, "dvar2": 0.0218266937882, "max": 0.992158532143, "mean": 0.47413289547, "median": 0.485100239515, "min": 0.0411148667336, "var": 0.0214376803488}, "silence_rate_20dB": {"dmean": 0, "dmean2": 0, "dvar": 0, "dvar2": 0, "max": 1, "mean": 1, "median": 1, "min": 1, "var": 0}, "silence_rate_30dB": {"dmean": 0.0239708181471, "dmean2": 0.0479541309178, "dvar": 0.0233960878104, "dvar2": 0.0665060430765, "max": 1, "mean": 0.98645478487, "median": 1, "min": 0, "var": 0.0133614484221}, "silence_rate_60dB": {"dmean": 0.0489838458598, "dmean2": 0.0979932248592, "dvar": 0.0465821176767, "dvar2": 0.104552470148, "max": 1, "mean": 0.120864808559, "median": 0, "min": 0, "var": 0.106259129941}, "spectral_centroid": {"dmean": 339.784301758, "dmean2": 515.811706543, "dvar": 194438.0625, "dvar2": 421484.6875, "max": 10904.8544922, "mean": 1041.85009766, "median": 797.246765137, "min": 117.87323761, "var": 621133.4375}, "spectral_complexity": {"dmean": 4.8811879158, "dmean2": 7.44696378708, "dvar": 64.260017395, "dvar2": 128.849273682, "max": 56, "mean": 11.4154729843, "median": 9, "min": 0, "var": 113.173851013}, "spectral_decrease": {"dmean": 3.60699381474e-09, "dmean2": 5.68385871702e-09, "dvar": 4.37045938988e-17, "dvar2": 1.09210300465e-16, "max": 1.65581888478e-11, "mean": -6.29869489899e-09, "median": -4.3558205931e-09, "min": -5.53631451794e-08, "var": 4.81762694245e-17}, "spectral_energy": {"dmean": 0.0145606156439, "dmean2": 0.0228479411453, "dvar": 0.000699133554008, "dvar2": 0.00172688672319, "max": 0.211708948016, "mean": 0.0250467862934, "median": 0.0172393489629, "min": 1.07738344158e-20, "var": 0.00077291065827}, "spectral_energyband_high": {"dmean": 0.000854437705129, "dmean2": 0.00143038621172, "dvar": 4.86837097924e-06, "dvar2": 1.23407126011e-05, "max": 0.0201677642763, "mean": 0.000682031386532, "median": 0.00010431381088, "min": 7.84134343502e-21, "var": 3.80707524528e-06}, "spectral_energyband_low": {"dmean": 0.00894880853593, "dmean2": 0.01412443351, "dvar": 0.000344459927874, "dvar2": 0.000850420678034, "max": 0.200086146593, "mean": 0.0144825829193, "median": 0.00812997110188, "min": 2.33795306015e-23, "var": 0.000402646663133}, "spectral_energyband_middle_high": {"dmean": 0.00173346570227, "dmean2": 0.00279518892057, "dvar": 1.30992521008e-05, "dvar2": 3.28792666551e-05, "max": 0.0319729596376, "mean": 0.00250825216062, "median": 0.00089305365691, "min": 1.66801273444e-21, "var": 1.57229824254e-05}, "spectral_energyband_middle_low": {"dmean": 0.00662513775751, "dmean2": 0.0109021160752, "dvar": 0.000258004758507, "dvar2": 0.000696544128004, "max": 0.182384476066, "mean": 0.00955399964005, "median": 0.0053649218753, "min": 3.89186181043e-22, "var": 0.00020656149718}, "spectral_entropy": {"dmean": 0.363335311413, "dmean2": 0.504780352116, "dvar": 0.152444437146, "dvar2": 0.252552479506, "max": 9.79649925232, "mean": 7.37756538391, "median": 7.49974870682, "min": 3.83356356621, "var": 0.555507719517}, "spectral_flux": {"dmean": 0.0393657423556, "dmean2": 0.0612755864859, "dvar": 0.00283495592885, "dvar2": 0.00570506229997, "max": 0.434808731079, "mean": 0.0784589797258, "median": 0.0547809749842, "min": 1.03797082041e-10, "var": 0.00477369967848}, "spectral_kurtosis": {"dmean": 3.78627419472, "dmean2": 5.64695167542, "dvar": 58.8293228149, "dvar2": 142.061691284, "max": 123.596809387, "mean": 7.89087629318, "median": 4.62573051453, "min": -1.24888193607, "var": 154.109481812}, "spectral_rms": {"dmean": 0.00121379573829, "dmean2": 0.00179147406016, "dvar": 3.01570617012e-06, "dvar2": 6.59659281155e-06, "max": 0.0143716847524, "mean": 0.00431125378236, "median": 0.00410108221695, "min": 3.24207609544e-12, "var": 5.84902682021e-06}, "spectral_rolloff": {"dmean": 706.543457031, "dmean2": 1250.44897461, "dvar": 3072260.75, "dvar2": 7548211, "max": 18733.8867188, "mean": 1174.52587891, "median": 581.396484375, "min": 43.06640625, "var": 5625183.5}, "spectral_skewness": {"dmean": 0.474933177233, "dmean2": 0.687011957169, "dvar": 0.323492765427, "dvar2": 0.735050499439, "max": 8.55613994598, "mean": 2.03018403053, "median": 1.77963602543, "min": -0.0144517896697, "var": 0.971045851707}, "spectral_spread": {"dmean": 1362479, "dmean2": 1900682.875, "dvar": 2012000288770.0, "dvar2": 3685641617410.0, "max": 41006976, "mean": 5642827.5, "median": 5293362.5, "min": 534352.9375, "var": 5829751209980.0}, "spectral_strongpeak": {"dmean": 0.282363981009, "dmean2": 0.473411440849, "dvar": 0.184759095311, "dvar2": 0.472907394171, "max": 3.88322377205, "mean": 0.560799300671, "median": 0.428257673979, "min": 0, "var": 0.267345786095}, "zerocrossingrate": {"dmean": 0.0155711844563, "dmean2": 0.0199309606105, "dvar": 0.000489808444399, "dvar2": 0.000683735008352, "max": 0.7119140625, "mean": 0.0539901182055, "median": 0.0390625, "min": 0.0048828125, "var": 0.00452673761174}, "barkbands": {"dmean": [0.000403015001211, 0.00464027933776, 0.00375919276848, 0.00246747257188, 0.00096169085009, 0.00249044201337, 0.000525561801624, 0.000760451715905, 0.000432197266491, 0.000317390396958, 0.000261794833932, 0.000141464362969, 0.000164777433383, 0.000258359126747, 0.000188486796105, 0.000146174323163, 0.000209172518225, 0.000273355661193, 0.00020143405709, 0.000215419218875, 0.000164093231433, 0.000106822357338, 9.84565485851e-05, 0.000119937270938, 0.000128107261844, 0.00011512144556, 4.54650107713e-05], "dmean2": [0.000656080490444, 0.00759981991723, 0.00612010341138, 0.00408679852262, 0.00141924340278, 0.00434796605259, 0.000837273953948, 0.00127557944506, 0.000704326259438, 0.000507198274136, 0.000414339563577, 0.000230309859035, 0.000276460719761, 0.000421632197686, 0.000309508148348, 0.000252446479863, 0.000354785239324, 0.000477416848298, 0.00033437035745, 0.000370272173313, 0.000280533073237, 0.000179172493517, 0.000164795361343, 0.000201519433176, 0.000219215202378, 0.00019534076273, 7.88114848547e-05], "dvar": [5.91642560721e-07, 0.0001039676863, 9.08004076337e-05, 4.16884322476e-05, 2.74720287052e-06, 0.000155356610776, 1.64364632838e-06, 4.55954477729e-06, 8.28587303658e-07, 3.31946409915e-07, 2.95745905987e-07, 5.84049182351e-08, 1.38670699812e-07, 2.89382256824e-07, 1.46956338654e-07, 1.22208930975e-07, 3.03717541783e-07, 7.15202361334e-07, 2.86734803012e-07, 4.53007771739e-07, 2.62211500512e-07, 1.12392712026e-07, 8.59342677018e-08, 1.07103900859e-07, 1.88707403481e-07, 1.19145127542e-07, 2.43502888964e-08], "dvar2": [1.48977881054e-06, 0.000269051408395, 0.0002481630072, 0.000109988897748, 5.31375098944e-06, 0.000431384687545, 4.14108399127e-06, 1.25617243611e-05, 2.12440909308e-06, 7.88836814536e-07, 7.16981901405e-07, 1.46734350892e-07, 3.53795712726e-07, 7.31137731691e-07, 3.75957029064e-07, 3.31110669549e-07, 7.95138419107e-07, 1.93223240785e-06, 6.99834572515e-07, 1.19270430332e-06, 7.01284989191e-07, 3.00568558487e-07, 2.21518106969e-07, 2.73020248187e-07, 4.82234327137e-07, 2.9822695069e-07, 6.3822213292e-08], "max": [0.00859055388719, 0.0928702950478, 0.144525483251, 0.0740628093481, 0.0259797982872, 0.161179497838, 0.0271103717387, 0.0204894710332, 0.0156583804637, 0.00633580237627, 0.00959966611117, 0.00437760399655, 0.00709739467129, 0.00680326065049, 0.00595455896109, 0.00387353403494, 0.00551721593365, 0.00719927763566, 0.00447085639462, 0.00577575992793, 0.00610771495849, 0.00324432249181, 0.00243723043241, 0.00305164605379, 0.00502630090341, 0.00347030023113, 0.00174896745011], "mean": [0.000562555622309, 0.00659550679848, 0.00523836445063, 0.00311869685538, 0.00182731624227, 0.00205294485204, 0.000812984944787, 0.000944224768318, 0.000620392558631, 0.000468209997052, 0.000383342936402, 0.000188037389307, 0.000176528847078, 0.000326631154167, 0.000246014678851, 0.000144683697727, 0.000178415546543, 0.000218575078179, 0.000174469460035, 0.000167656602571, 0.000129101768835, 8.78987193573e-05, 7.89194164099e-05, 9.25625427044e-05, 9.44226776483e-05, 8.58534840518e-05, 3.24830689351e-05], "median": [0.000115595423267, 0.00209192489274, 0.00140912365168, 0.000386622210499, 0.000903412583284, 0.000291787728202, 0.000122728495626, 0.00028096899041, 0.000176333458512, 0.000120445532957, 0.000104157494206, 6.2927196268e-05, 4.1721155867e-05, 7.61767441873e-05, 5.13429840794e-05, 2.74713293038e-05, 2.13132243516e-05, 3.17699741572e-05, 2.93372031592e-05, 2.33135742747e-05, 1.80821189133e-05, 1.15303582788e-05, 8.90402498044e-06, 8.38740561449e-06, 1.02381918623e-05, 1.18162342915e-05, 3.4990905533e-06], "min": [4.34806365335e-24, 6.49536157559e-24, 7.43169056071e-24, 1.23737629258e-23, 5.87115471618e-23, 5.04342758079e-23, 4.79190401433e-23, 1.42152217628e-22, 5.02651345635e-23, 5.34445942658e-23, 6.42687756274e-23, 8.29769590935e-23, 1.50060996276e-22, 1.27114496669e-22, 1.6412506093e-22, 2.40883738741e-22, 7.88531035145e-23, 2.15465151005e-22, 2.87345071216e-22, 3.49997287833e-22, 3.75389672765e-22, 4.33033140126e-22, 6.32513924464e-22, 9.50666298571e-22, 1.25209658853e-21, 1.7370302129e-21, 2.54594681485e-21], "var": [1.05328263089e-06, 0.000126669328893, 8.76516642165e-05, 4.59687580587e-05, 8.0333702499e-06, 9.65654835454e-05, 3.69153553947e-06, 3.98455176764e-06, 1.25348992697e-06, 6.25721099823e-07, 5.56188183509e-07, 9.33373840439e-08, 1.46148124713e-07, 4.38483056087e-07, 2.07127072827e-07, 1.03314775401e-07, 2.54821856061e-07, 5.04274282775e-07, 2.50674617064e-07, 3.3070483596e-07, 1.84565465133e-07, 8.07658011581e-08, 6.4776784825e-08, 8.22252346211e-08, 1.39133035759e-07, 9.12935078645e-08, 1.70629981255e-08]}, "erbbands": {"dmean": [0.132637232542, 1.09927034378, 3.40447688103, 7.92641735077, 3.77966666222, 3.67254018784, 9.37522125244, 25.1356449127, 9.09731769562, 12.0765151978, 15.4178209305, 9.49414634705, 8.71484375, 11.147485733, 7.61419296265, 5.81863307953, 6.99979686737, 14.1261034012, 9.60924816132, 8.21014308929, 8.45540618896, 11.3632860184, 15.5406112671, 11.7282648087, 10.1933889389, 10.7260503769, 6.32364463806, 6.44137573242, 3.90213036537, 3.45374107361, 2.7996366024, 2.3212890625, 2.17218089104, 1.44063580036, 0.901993513107, 0.5102404356, 0.206951633096, 0.0615639090538, 0.00760603416711, 0.000292952958262], "dmean2": [0.195061683655, 1.83905053139, 5.44098854065, 13.1308574677, 5.88689994812, 5.38912439346, 15.6134023666, 44.6618003845, 15.0500230789, 19.6423835754, 25.0771179199, 15.5820331573, 13.8831539154, 17.8344497681, 12.0649147034, 9.46144390106, 11.623374939, 22.9593982697, 15.6255779266, 13.6620082855, 14.4893102646, 19.059928894, 27.3627929688, 19.8970470428, 17.0993003845, 18.6617431641, 10.5661325455, 11.1019897461, 6.54235839844, 5.78704023361, 4.71258687973, 3.9013979435, 3.71345090866, 2.49127340317, 1.53468954563, 0.866028010845, 0.352793514729, 0.106634303927, 0.0130876870826, 0.000501066737343], "dvar": [0.0654104873538, 6.67041635513, 64.0687561035, 477.018341064, 57.7730979919, 47.6481323242, 629.290771484, 20068.3496094, 999.298034668, 983.979553223, 1261.34106445, 436.183105469, 252.130844116, 433.080383301, 289.838378906, 111.278312683, 235.40196228, 804.159057617, 359.789703369, 313.412506104, 411.1875, 869.587158203, 2596.02001953, 1088.93994141, 798.735534668, 1227.23876953, 288.749359131, 514.176513672, 144.787063599, 116.192077637, 71.37134552, 37.4021377563, 39.2531051636, 27.2967185974, 8.60628890991, 2.28103351593, 0.419526964426, 0.0396390706301, 0.000615285884123, 1.0671714108e-06], "dvar2": [0.126914680004, 17.9851055145, 171.975372314, 1267.87487793, 130.130844116, 88.0882873535, 1701.06896973, 55919.7929688, 2683.01464844, 2600.23291016, 3384.05712891, 1121.32666016, 580.642272949, 1061.07226562, 675.366638184, 279.491027832, 617.594543457, 2028.00512695, 922.813110352, 825.460021973, 1110.16552734, 2230.03149414, 7088.27050781, 2855.68676758, 1993.26831055, 3277.07543945, 722.550048828, 1419.44140625, 386.850708008, 301.904815674, 188.500900269, 95.4267654419, 101.286140442, 71.3823165894, 21.6573219299, 5.69939184189, 1.0626591444, 0.103699013591, 0.00158427015413, 2.75958950624e-06], "max": [3.37160205841, 24.2754497528, 122.147407532, 240.586410522, 103.587379456, 128.801559448, 276.504882812, 1855.13391113, 424.111816406, 431.142852783, 394.162139893, 449.7996521, 236.162033081, 439.913421631, 332.739562988, 221.78793335, 220.37550354, 355.632415771, 268.717193604, 324.528137207, 249.377929688, 378.567993164, 458.319885254, 279.480072021, 207.038818359, 322.323822021, 137.466659546, 285.24206543, 121.633346558, 93.1463470459, 76.8825683594, 56.6518554688, 63.3006782532, 60.2695388794, 33.592010498, 14.1284370422, 7.10217666626, 2.15376877785, 0.275247782469, 0.0122082391754], "mean": [0.215029940009, 1.39883780479, 5.19344711304, 10.067399025, 6.13125896454, 6.68150901794, 11.1269388199, 18.5840339661, 11.0248451233, 16.7512722015, 21.4523429871, 14.0395994186, 13.4511232376, 17.4996147156, 11.6604614258, 8.07583808899, 8.36219596863, 18.2251472473, 13.3574237823, 9.99095630646, 8.37087059021, 10.0273704529, 12.0985012054, 9.94164562225, 8.61626338959, 8.08565139771, 5.29515552521, 4.92017507553, 3.21763300896, 2.81447196007, 2.18477010727, 1.79501831532, 1.6403055191, 1.05012333393, 0.670341491699, 0.383606135845, 0.152998894453, 0.0441012643278, 0.00551478937268, 0.000226316420594], "median": [0.0501557961106, 0.433834403753, 1.77712261677, 2.16636824608, 2.12734913826, 2.96980500221, 4.14355278015, 1.59242761135, 1.29245519638, 4.12803411484, 6.45283794403, 4.31729793549, 4.04665517807, 4.79578256607, 3.71706724167, 2.81605386734, 2.57171869278, 4.53841543198, 3.05631160736, 2.43127131462, 1.56398224831, 1.37965977192, 1.66300582886, 1.66503334045, 1.33752012253, 1.06089639664, 0.865462124348, 0.61862963438, 0.427421361208, 0.338952600956, 0.236558273435, 0.166944921017, 0.143621653318, 0.0993607193232, 0.079469203949, 0.0551619380713, 0.0197435207665, 0.00530050415546, 0.000590968586039, 3.9506041503e-05], "min": [2.17768953015e-22, 1.531216327e-21, 1.02187663365e-20, 2.19207902958e-20, 4.86091103691e-20, 2.41261158475e-19, 2.47379244779e-19, 5.93090618851e-19, 3.98262727074e-19, 2.21101448628e-18, 2.70252003638e-18, 1.13860511759e-18, 2.00768418593e-18, 2.1038455865e-18, 3.16395219454e-18, 3.72050081736e-18, 5.66034771445e-18, 4.49654305649e-18, 1.00601557206e-17, 8.279900915e-18, 1.27684021216e-17, 4.67954766803e-18, 1.07299246898e-17, 1.25744853434e-17, 1.6704919088e-17, 1.71102078096e-17, 1.40372682299e-17, 1.56144088361e-17, 1.4008012506e-17, 2.05420643658e-17, 1.75176223854e-17, 1.76961163811e-17, 1.58915904419e-17, 1.31847643101e-17, 9.81427297482e-18, 6.50230342711e-18, 3.18516606852e-18, 1.6193669357e-18, 3.14574899948e-19, 3.48497622105e-20], "var": [0.166233509779, 6.19829511642, 70.9570770264, 449.917785645, 119.111671448, 136.638076782, 503.689575195, 12237.4101562, 1039.74462891, 1404.7388916, 1545.38195801, 728.327453613, 517.96081543, 915.203063965, 537.506896973, 179.170333862, 252.47366333, 1274.19189453, 560.486999512, 368.761047363, 343.731628418, 772.846862793, 1761.90576172, 838.428588867, 663.036376953, 858.77545166, 237.373886108, 335.374084473, 104.637641907, 86.6094436646, 51.2980575562, 28.9091873169, 29.0702877045, 19.1999950409, 6.53147602081, 1.75535213947, 0.313867002726, 0.0279211830348, 0.000446967605967, 7.67984829508e-07]}, "gfcc": {"mean": [-54.2214736938, 78.9116897583, -78.9515686035, 16.986492157, -41.8549919128, 10.9965295792, -28.8839855194, 10.0839509964, -24.4010906219, 3.71581220627, -20.3877868652, -0.26811555028, -12.8020782471], "cov": [[17983.4746094, 444.781402588, -534.028198242, 886.677062988, -361.812072754, 432.107666016, -173.145980835, 191.702865601, 118.779914856, 251.055648804, 65.9954452515, 25.4849014282, -254.225097656], [444.781402588, 2250.82519531, -472.147125244, -730.38269043, -38.0696334839, -232.412780762, -77.5149993896, -219.454284668, 14.1630935669, -117.512985229, -23.1870670319, -135.493148804, 44.2008209229], [-534.028198242, -472.147125244, 1667.11303711, 619.078491211, 108.471252441, 267.0262146, 99.2981719971, 96.957069397, -123.853347778, 1.80061125755, -95.5290222168, -31.5679931641, -156.782302856], [886.677062988, -730.38269043, 619.078491211, 1200.84765625, 256.795715332, 233.776855469, 231.961486816, 167.834747314, 31.7006626129, -14.4060869217, 10.3362760544, 46.9583511353, -84.8287734985], [-361.812072754, -38.0696334839, 108.471252441, 256.795715332, 369.668304443, 136.226425171, 86.3642578125, 16.0192127228, -29.3000621796, -29.9611282349, -35.128326416, -13.1898488998, -21.3439006805], [432.107666016, -232.412780762, 267.0262146, 233.776855469, 136.226425171, 298.443908691, 80.375579834, 38.4505805969, -26.1561107635, 28.3402309418, -23.6947002411, -9.53423404694, -38.0481834412], [-173.145980835, -77.5149993896, 99.2981719971, 231.961486816, 86.3642578125, 80.375579834, 196.077606201, 101.72858429, 55.9165802002, 7.10019826889, 0.932412445545, 18.419960022, -10.8576583862], [191.702865601, -219.454284668, 96.957069397, 167.834747314, 16.0192127228, 38.4505805969, 101.72858429, 193.659790039, 106.429000854, 53.3087425232, 9.02813243866, 32.9266242981, 4.98759841919], [118.779914856, 14.1630935669, -123.853347778, 31.7006626129, -29.3000621796, -26.1561107635, 55.9165802002, 106.429000854, 179.401168823, 74.5353012085, 55.7009239197, 30.843547821, 37.4198570251], [251.055648804, -117.512985229, 1.80061125755, -14.4060869217, -29.9611282349, 28.3402309418, 7.10019826889, 53.3087425232, 74.5353012085, 131.729003906, 65.5650787354, 52.2310333252, 19.2304134369], [65.9954452515, -23.1870670319, -95.5290222168, 10.3362760544, -35.128326416, -23.6947002411, 0.932412445545, 9.02813243866, 55.7009239197, 65.5650787354, 133.951263428, 74.0520019531, 52.4023590088], [25.4849014282, -135.493148804, -31.5679931641, 46.9583511353, -13.1898488998, -9.53423404694, 18.419960022, 32.9266242981, 30.843547821, 52.2310333252, 74.0520019531, 110.144767761, 60.9181594849], [-254.225097656, 44.2008209229, -156.782302856, -84.8287734985, -21.3439006805, -38.0481834412, -10.8576583862, 4.98759841919, 37.4198570251, 19.2304134369, 52.4023590088, 60.9181594849, 105.19254303]], "icov": [[0.000108669089968, -0.000159163479111, 0.00017678293807, -0.000266853137873, 0.000277411221759, -0.000339268619427, 0.000466426223284, -0.000342533661751, 0.000178888964001, -0.000242301844992, 0.000130175147206, -0.000312226475216, 0.000472378713312], [-0.000159163479111, 0.00100087351166, -0.000364336388884, 0.000873656477779, -0.000687067280523, 0.000809880613815, -0.00126921292394, 0.0014287950471, -0.00107390014455, 0.000968481588643, -0.00058779923711, 0.00133362656925, -0.000963465019595], [0.00017678293807, -0.000364336388884, 0.00128638849128, -0.000919295300264, 0.000737197464332, -0.000956942385528, 0.00093446840765, -0.00126137689222, 0.00144085322972, -0.00103503128048, 0.000638193800114, -0.000644931802526, 0.00144821836147], [-0.000266853137873, 0.000873656477779, -0.000919295300264, 0.00271271727979, -0.00153976283036, 0.000439216586528, -0.00209533865564, 0.000813617720269, -0.00172657275107, 0.00277340668254, -0.00158083904535, -0.000372045644326, 0.000507135817315], [0.000277411221759, -0.000687067280523, 0.000737197464332, -0.00153976283036, 0.00469455635175, -0.0022242704872, 0.000371480273316, -0.000734471657779, 0.00132794713136, -0.000670654699206, 0.00122995930724, -0.000642526254524, 0.000446976802777], [-0.000339268619427, 0.000809880613815, -0.000956942385528, 0.000439216586528, -0.0022242704872, 0.00686132302508, -0.00331898359582, 0.00144399749115, 0.0012808839092, -0.00266795279458, 7.7237818914e-05, 0.00332679366693, -0.00254588271491], [0.000466426223284, -0.00126921292394, 0.00093446840765, -0.00209533865564, 0.000371480273316, -0.00331898359582, 0.0118431886658, -0.00544473575428, -0.000942496058997, 0.00135675410274, 0.000628371781204, -0.00401885528117, 0.0038206493482], [-0.000342533661751, 0.0014287950471, -0.00126137689222, 0.000813617720269, -0.000734471657779, 0.00144399749115, -0.00544473575428, 0.0141806388274, -0.00784016121179, -0.000438777002273, 0.00331764668226, -0.0010590213351, -0.00168339558877], [0.000178888964001, -0.00107390014455, 0.00144085322972, -0.00172657275107, 0.00132794713136, 0.0012808839092, -0.000942496058997, -0.00784016121179, 0.0159419830889, -0.0076450901106, -0.00245850323699, 0.00528849102557, -0.00346536491998], [-0.000242301844992, 0.000968481588643, -0.00103503128048, 0.00277340668254, -0.000670654699206, -0.00266795279458, 0.00135675410274, -0.000438777002273, -0.0076450901106, 0.0186093300581, -0.00563902547583, -0.00591749837622, 0.00431467918679], [0.000130175147206, -0.00058779923711, 0.000638193800114, -0.00158083904535, 0.00122995930724, 7.7237818914e-05, 0.000628371781204, 0.00331764668226, -0.00245850323699, -0.00563902547583, 0.0166980065405, -0.00793023779988, -0.00139728037175], [-0.000312226475216, 0.00133362656925, -0.000644931802526, -0.000372045644326, -0.000642526254524, 0.00332679366693, -0.00401885528117, -0.0010590213351, 0.00528849102557, -0.00591749837622, -0.00793023779988, 0.0263529513031, -0.0139781283215], [0.000472378713312, -0.000963465019595, 0.00144821836147, 0.000507135817315, 0.000446976802777, -0.00254588271491, 0.0038206493482, -0.00168339558877, -0.00346536491998, 0.00431467918679, -0.00139728037175, -0.0139781283215, 0.0224991962314]]}, "melbands": {"dmean": [0.00122660608031, 0.00162974337582, 0.0012031927472, 0.000216332147829, 0.000301543652313, 0.000523024937138, 0.000131552820676, 0.000144541438203, 0.000123872232507, 5.60364860576e-05, 4.34664798377e-05, 4.55267581856e-05, 3.07658847305e-05, 1.40587735586e-05, 1.67801827047e-05, 1.89428137674e-05, 2.83651406789e-05, 1.55490615725e-05, 1.31133574541e-05, 1.02603216874e-05, 1.03015627246e-05, 1.15900556921e-05, 1.41870714288e-05, 1.30304579216e-05, 9.35166826821e-06, 7.59671866035e-06, 7.77788136475e-06, 6.82852714817e-06, 3.96029554395e-06, 3.5474354263e-06, 3.96314635509e-06, 2.12225791074e-06, 2.0426402898e-06, 1.8270268356e-06, 1.60526315085e-06, 1.47310174725e-06, 1.44819841807e-06, 1.63062486536e-06, 1.34179094857e-06, 1.1578969179e-06], "dmean2": [0.00192758766934, 0.00261920038611, 0.00197206600569, 0.000320157385431, 0.000493300438393, 0.000923573854379, 0.000217950699152, 0.0002386427077, 0.000200544935069, 9.14356351132e-05, 6.94940026733e-05, 7.28042286937e-05, 4.89764424856e-05, 2.26604952331e-05, 2.77518283838e-05, 3.22072664858e-05, 4.6077024308e-05, 2.53985799645e-05, 2.15593045141e-05, 1.75678342202e-05, 1.78014433914e-05, 1.93538544409e-05, 2.50679731835e-05, 2.27835644182e-05, 1.59192677529e-05, 1.27023777168e-05, 1.32268260131e-05, 1.19423402793e-05, 6.57608597976e-06, 5.98534279561e-06, 6.88503405399e-06, 3.5446714719e-06, 3.43339797837e-06, 3.05472644868e-06, 2.714440825e-06, 2.49535014518e-06, 2.45564206125e-06, 2.79539472103e-06, 2.30082150665e-06, 2.00430213226e-06], "dvar": [6.27589270152e-06, 1.33299990921e-05, 9.93649337033e-06, 1.5727530922e-07, 5.79124048272e-07, 8.16214196675e-06, 1.83020702593e-07, 1.63144378007e-07, 6.95271182849e-08, 1.45337715196e-08, 6.36930019837e-09, 7.2753683078e-09, 4.29326618701e-09, 6.72204236718e-10, 9.54888057514e-10, 2.03385464026e-09, 3.55381013506e-09, 1.06916242526e-09, 8.45018777174e-10, 5.75475000986e-10, 6.61272092639e-10, 8.68112748353e-10, 2.39132091906e-09, 1.60739843658e-09, 6.98468338722e-10, 4.11953832158e-10, 5.65898550242e-10, 5.04060959639e-10, 1.07014327955e-10, 1.30525340536e-10, 2.07893036119e-10, 4.16403543591e-11, 3.92470986266e-11, 3.26975425902e-11, 2.45843709973e-11, 1.74032177558e-11, 1.42852925669e-11, 2.16358909955e-11, 2.03800760989e-11, 1.81669609911e-11], "dvar2": [1.50469468281e-05, 3.42036837537e-05, 2.64153568423e-05, 2.99699195239e-07, 1.54916733663e-06, 2.27055224968e-05, 4.90546483434e-07, 4.41550810137e-07, 1.84800612146e-07, 3.63600918263e-08, 1.47466723277e-08, 1.77633783238e-08, 1.01102877181e-08, 1.61544855271e-09, 2.41586683991e-09, 5.34752686576e-09, 8.86333495487e-09, 2.76912182073e-09, 2.12597428551e-09, 1.55986301653e-09, 1.80379611248e-09, 2.19085261044e-09, 6.49470255354e-09, 4.37698544076e-09, 1.84432158434e-09, 1.02590747009e-09, 1.46137513202e-09, 1.35096023257e-09, 2.60624272164e-10, 3.48635481595e-10, 5.81235892749e-10, 1.11297568384e-10, 1.03606644097e-10, 8.35320493331e-11, 6.52793305522e-11, 4.51788433053e-11, 3.6992860164e-11, 5.65913600703e-11, 5.32249036511e-11, 4.74330887068e-11], "max": [0.0262960270047, 0.0469956174493, 0.0343787111342, 0.00651406450197, 0.00849512033165, 0.0373122692108, 0.00634279614314, 0.00423092953861, 0.00277337641455, 0.00302502093837, 0.00118686119094, 0.00164896680508, 0.00121380784549, 0.000455393223092, 0.000452984502772, 0.000891938747372, 0.000816769548692, 0.000501426053233, 0.000634681142401, 0.000282601249637, 0.000285722257104, 0.000500439491589, 0.000438958784798, 0.000388871732866, 0.000237210610067, 0.000166525918758, 0.000183998548891, 0.000210253536352, 7.72230923758e-05, 0.00012697080092, 0.000185437718756, 6.25613538432e-05, 5.9828387748e-05, 4.96294233017e-05, 4.76055538456e-05, 3.96989271394e-05, 3.3734653698e-05, 4.12176086684e-05, 5.21500442119e-05, 4.85163400299e-05], "mean": [0.00184443837497, 0.00247675436549, 0.00161582278088, 0.000407978775911, 0.00038695477997, 0.000399289245252, 0.000168551734532, 0.000185630444321, 0.000171110688825, 8.26547475299e-05, 6.5107618866e-05, 6.92479516147e-05, 4.58243885078e-05, 1.92196275748e-05, 2.1188192477e-05, 2.04356729228e-05, 3.5741708416e-05, 2.05940323212e-05, 1.65238270711e-05, 1.08368640213e-05, 9.48174874793e-06, 1.04692335299e-05, 1.07253017632e-05, 1.03569163912e-05, 7.81612379797e-06, 6.4344585553e-06, 6.14582813796e-06, 5.10770860274e-06, 3.38548807122e-06, 2.87071088678e-06, 2.90667094305e-06, 1.754785103e-06, 1.67574228271e-06, 1.49428558416e-06, 1.25741121337e-06, 1.12711120437e-06, 1.10376697648e-06, 1.22009043935e-06, 9.8891473499e-07, 8.35994114823e-07], "median": [0.000593536824454, 0.00104603043292, 0.00046053098049, 0.00019533727027, 0.000161157877301, 3.9151222154e-05, 2.13951243495e-05, 4.90855964017e-05, 4.94914347655e-05, 2.39602686634e-05, 1.86671350093e-05, 1.71891133505e-05, 1.31740398501e-05, 6.76240415487e-06, 6.20776563665e-06, 4.36391246694e-06, 8.29843065731e-06, 4.39267796537e-06, 3.70859993382e-06, 2.32882644013e-06, 1.58857039878e-06, 1.31142166993e-06, 1.25830854358e-06, 1.5677862848e-06, 1.28481656247e-06, 1.07659968762e-06, 7.66284756537e-07, 6.4642659936e-07, 5.45260832041e-07, 4.38544503822e-07, 3.14361358278e-07, 2.40910054572e-07, 2.05190346492e-07, 1.80911570169e-07, 1.39873478133e-07, 1.0154752772e-07, 9.60217718671e-08, 9.83181394076e-08, 8.99462904158e-08, 7.81325368848e-08], "min": [2.26780865286e-24, 3.9248527939e-24, 4.44466322107e-24, 9.33939052123e-24, 1.06722696282e-23, 1.19765801375e-23, 6.91989101604e-24, 2.6313695583e-23, 1.95588626673e-23, 6.72856384753e-24, 9.73369633382e-24, 7.76459301816e-24, 9.72271144571e-24, 1.02386438327e-23, 1.57969475157e-23, 9.04457821259e-24, 8.49650132147e-24, 1.72496869374e-23, 1.09395499024e-23, 1.60506798927e-23, 1.35186935556e-23, 4.81597452713e-24, 5.56257970353e-24, 1.1706829151e-23, 9.96464088584e-24, 9.58371257649e-24, 1.46350200889e-23, 1.03340060721e-23, 8.31338146182e-24, 9.0999791251e-24, 9.22549557259e-24, 7.69978020619e-24, 8.36547468056e-24, 1.31798841076e-23, 1.09570570925e-23, 8.82647473837e-24, 1.06762084107e-23, 1.06423765331e-23, 1.08916747229e-23, 1.16767806502e-23], "var": [1.02267349575e-05, 1.47208802446e-05, 9.6125068012e-06, 4.38088221699e-07, 5.0365468951e-07, 5.00997748532e-06, 2.13658083226e-07, 1.75189015295e-07, 9.02353320953e-08, 2.79589205121e-08, 1.25638939252e-08, 1.47536747264e-08, 8.01358446267e-09, 1.08677666866e-09, 1.43239686778e-09, 2.11308059939e-09, 5.617292409e-09, 1.56817936414e-09, 1.13977727256e-09, 5.33465716046e-10, 5.20206266952e-10, 8.39802172248e-10, 1.63315594381e-09, 1.11572173722e-09, 5.30611221627e-10, 3.47147227631e-10, 4.31607138918e-10, 3.49409057243e-10, 9.35270819125e-11, 9.29020957385e-11, 1.30901012252e-10, 3.02188656043e-11, 2.89447112112e-11, 2.49994261403e-11, 1.74229866645e-11, 1.29318760561e-11, 1.07508940986e-11, 1.56943433943e-11, 1.45204959168e-11, 1.27977220835e-11]}, "mfcc": {"mean": [-710.342468262, 125.934089661, 17.8550510406, 20.2661952972, 8.12574577332, 6.60631895065, 6.19924688339, 4.43749237061, 3.72801494598, 4.61524295807, 0.821662604809, -4.37786340714, -4.98047685623], "cov": [[11243.9111328, 24.7910728455, -823.795715332, 313.585479736, 44.7801704407, 44.6989898682, -14.3870077133, 72.2589187622, -35.8225669861, 263.980316162, 243.164474487, 280.829284668, 99.417175293], [24.7910728455, 1870.42163086, -172.844772339, -528.546325684, -133.119018555, -64.478805542, -111.905952454, -175.998748779, -48.5795669556, -8.88418102264, -61.4383430481, -121.507240295, -26.2811031342], [-823.795715332, -172.844772339, 1111.62451172, 364.428131104, 163.564483643, 112.797103882, 167.554763794, 108.734909058, 39.074634552, -1.36305809021, 53.5981063843, 30.5985984802, -50.6040115356], [313.585479736, -528.546325684, 364.428131104, 817.432250977, 246.789245605, 187.405929565, 213.318283081, 251.519332886, 102.453903198, 54.0199813843, 90.4850234985, 83.1144180298, 22.227645874], [44.7801704407, -133.119018555, 163.564483643, 246.789245605, 310.25491333, 173.683303833, 148.687789917, 83.2542648315, 42.8761711121, 8.00641059875, 8.06686115265, 26.935508728, -10.0450229645], [44.6989898682, -64.478805542, 112.797103882, 187.405929565, 173.683303833, 256.024780273, 166.828994751, 78.2040481567, 20.4303531647, 17.1308574677, 9.66203689575, -5.31819725037, -12.620759964], [-14.3870077133, -111.905952454, 167.554763794, 213.318283081, 148.687789917, 166.828994751, 211.07723999, 112.508621216, 34.5033226013, 15.3739442825, 21.7413768768, 0.874504864216, -13.7803001404], [72.2589187622, -175.998748779, 108.734909058, 251.519332886, 83.2542648315, 78.2040481567, 112.508621216, 173.534881592, 95.9321289062, 45.0812797546, 37.0345306396, 28.6665344238, 18.6995735168], [-35.8225669861, -48.5795669556, 39.074634552, 102.453903198, 42.8761711121, 20.4303531647, 34.5033226013, 95.9321289062, 139.00819397, 79.2573699951, 32.3225517273, 20.5259284973, 25.8349628448], [263.980316162, -8.88418102264, -1.36305809021, 54.0199813843, 8.00641059875, 17.1308574677, 15.3739442825, 45.0812797546, 79.2573699951, 106.410385132, 58.6067047119, 33.9249610901, 26.3760967255], [243.164474487, -61.4383430481, 53.5981063843, 90.4850234985, 8.06686115265, 9.66203689575, 21.7413768768, 37.0345306396, 32.3225517273, 58.6067047119, 96.1818313599, 59.3945999146, 33.7415847778], [280.829284668, -121.507240295, 30.5985984802, 83.1144180298, 26.935508728, -5.31819725037, 0.874504864216, 28.6665344238, 20.5259284973, 33.9249610901, 59.3945999146, 98.6789474487, 48.3959770203], [99.417175293, -26.2811031342, -50.6040115356, 22.227645874, -10.0450229645, -12.620759964, -13.7803001404, 18.6995735168, 25.8349628448, 26.3760967255, 33.7415847778, 48.3959770203, 86.3174209595]], "icov": [[0.00011932313646, -3.44226282323e-05, 0.000121307421068, -7.4737923569e-05, -3.55804004357e-05, 1.47598284457e-05, 3.48006142303e-05, -0.000138222312671, 0.000406717095757, -0.000449192622909, 1.1946279983e-06, -0.000321051775245, 0.000171035295352], [-3.44226282323e-05, 0.000715256202966, -9.35619245865e-05, 0.000439032795839, -8.50927608553e-05, -0.000116408060421, 4.66549681732e-05, 0.000277429411653, -0.000149812738528, -0.000151572487084, -0.000257571344264, 0.000983694801107, -0.000349754060153], [0.000121307421068, -9.35619245865e-05, 0.00133040104993, -0.000523886759765, -7.2222072049e-05, 0.000218844332267, -0.000707987986971, 0.000361390091712, -0.000269977987045, 0.000447294529295, -0.000768554979004, -0.000741785217542, 0.00123938475735], [-7.4737923569e-05, 0.000439032795839, -0.000523886759765, 0.0032870604191, -0.00126774900127, -0.000420653843321, 0.000558366649784, -0.00388244027272, 0.00104179605842, 0.000230338977417, -0.00137188204098, 0.000209651596379, -0.000176117551746], [-3.55804004357e-05, -8.50927608553e-05, -7.2222072049e-05, -0.00126774900127, 0.0072038108483, -0.0031240331009, -0.00253188749775, 0.00287524354644, -0.00368398497812, 0.00224627391435, 0.00222739577293, -0.00388230243698, 0.00137589522637], [1.47598284457e-05, -0.000116408060421, 0.000218844332267, -0.000420653843321, -0.0031240331009, 0.0100084543228, -0.00598920509219, 0.000233276659856, 0.00254694721662, -0.00323021947406, 0.000906851782929, 0.00198763166554, -0.000966847292148], [3.48006142303e-05, 4.66549681732e-05, -0.000707987986971, 0.000558366649784, -0.00253188749775, -0.00598920509219, 0.0155366985127, -0.00837665610015, 0.00351795041934, -9.66485968092e-05, -0.00297122192569, 0.00296285329387, 0.00101687328424], [-0.000138222312671, 0.000277429411653, 0.000361390091712, -0.00388244027272, 0.00287524354644, 0.000233276659856, -0.00837665610015, 0.0220682136714, -0.013585017994, 0.00474074063823, 0.000111070323328, -0.00171471363865, -0.000758724461775], [0.000406717095757, -0.000149812738528, -0.000269977987045, 0.00104179605842, -0.00368398497812, 0.00254694721662, 0.00351795041934, -0.013585017994, 0.0249115061015, -0.0174285359681, 0.00414841575548, 0.00254584709182, -0.00267168995924], [-0.000449192622909, -0.000151572487084, 0.000447294529295, 0.000230338977417, 0.00224627391435, -0.00323021947406, -9.66485968092e-05, 0.00474074063823, -0.0174285359681, 0.0286402069032, -0.0127896433696, -0.000498700130265, 0.00116465473548], [1.1946279983e-06, -0.000257571344264, -0.000768554979004, -0.00137188204098, 0.00222739577293, 0.000906851782929, -0.00297122192569, 0.000111070323328, 0.00414841575548, -0.0127896433696, 0.0259202104062, -0.010700921528, -0.00174969201908], [-0.000321051775245, 0.000983694801107, -0.000741785217542, 0.000209651596379, -0.00388230243698, 0.00198763166554, 0.00296285329387, -0.00171471363865, 0.00254584709182, -0.000498700130265, -0.010700921528, 0.0246303211898, -0.00937245599926], [0.000171035295352, -0.000349754060153, 0.00123938475735, -0.000176117551746, 0.00137589522637, -0.000966847292148, 0.00101687328424, -0.000758724461775, -0.00267168995924, 0.00116465473548, -0.00174969201908, -0.00937245599926, 0.0187816824764]]}, "spectral_contrast_coeffs": {"dmean": [0.0613329783082, 0.0528393946588, 0.0445198230445, 0.0357370451093, 0.0239328965545, 0.0293528456241], "dmean2": [0.0944669321179, 0.0856070965528, 0.0722911283374, 0.0565144494176, 0.0383979864419, 0.044753741473], "dvar": [0.00300708971918, 0.0021027692128, 0.00138375896495, 0.0011749973055, 0.000550829921849, 0.000782033137511], "dvar2": [0.00644674431533, 0.00509493798018, 0.00347023876384, 0.00260103796609, 0.00122407567687, 0.00166499637999], "max": [-0.235809862614, -0.347336828709, -0.495913386345, -0.470043152571, -0.548127710819, -0.652664661407], "mean": [-0.617603540421, -0.728057742119, -0.776219367981, -0.80147588253, -0.823331773281, -0.80711722374], "median": [-0.62166851759, -0.730516731739, -0.779633820057, -0.818503499031, -0.830988526344, -0.815744400024], "min": [-0.969771265984, -0.97258913517, -0.980073690414, -0.958826422691, -0.964280664921, -0.9612621665], "var": [0.0124485837296, 0.00762487621978, 0.00591729860753, 0.00568390777335, 0.002090762835, 0.0021552068647]}, "spectral_contrast_valleys": {"dmean": [0.624341130257, 0.615116596222, 0.55164116621, 0.623230755329, 0.615037441254, 0.727875709534], "dmean2": [0.938899815083, 0.901599645615, 0.805364727974, 0.897974014282, 0.830251932144, 0.956423521042], "dvar": [0.452852040529, 0.47126480937, 0.347453266382, 0.445131182671, 0.403754591942, 0.466284424067], "dvar2": [0.860889494419, 0.862321376801, 0.619753301144, 0.822470843792, 0.664831638336, 0.835040807724], "max": [-5.20837116241, -4.38868093491, -5.79016065598, -5.76662158966, -5.2649846077, -7.42367887497], "mean": [-7