{"lowlevel": {"average_loudness": 0.296410620213, "barkbands_crest": {"dmean": 3.67725348473, "dmean2": 6.2964553833, "dvar": 7.49208021164, "dvar2": 21.4871501923, "max": 26.490228653, "mean": 15.0088291168, "median": 14.9558343887, "min": 3.79208302498, "var": 18.5035934448}, "barkbands_flatness_db": {"dmean": 0.0471713319421, "dmean2": 0.080122962594, "dvar": 0.00162226671819, "dvar2": 0.00473585212603, "max": 0.731011152267, "mean": 0.444936513901, "median": 0.471729755402, "min": 0.0691138133407, "var": 0.0153695130721}, "barkbands_kurtosis": {"dmean": 11.1479253769, "dmean2": 19.3803577423, "dvar": 456.642425537, "dvar2": 1316.08703613, "max": 918.296630859, "mean": 15.7802324295, "median": 8.66360473633, "min": -1.95331394672, "var": 535.497924805}, "barkbands_skewness": {"dmean": 1.10309314728, "dmean2": 1.87032353878, "dvar": 1.00865066051, "dvar2": 2.8408703804, "max": 16.2740325928, "mean": 2.47483325005, "median": 2.31624746323, "min": -8.86729431152, "var": 2.25777387619}, "barkbands_spread": {"dmean": 1.56065511703, "dmean2": 2.66272592545, "dvar": 4.33071613312, "dvar2": 12.1202430725, "max": 120.271522522, "mean": 4.07765769958, "median": 2.89010500908, "min": 0.0362588874996, "var": 45.4442520142}, "dissonance": {"dmean": 0.0611182674766, "dmean2": 0.105429977179, "dvar": 0.00304617034271, "dvar2": 0.00861535314471, "max": 0.5, "mean": 0.403423786163, "median": 0.42178812623, "min": 0.0896519944072, "var": 0.00489364471287}, "dynamic_complexity": 6.81923007965, "erbbands_crest": {"dmean": 3.45201444626, "dmean2": 5.92271995544, "dvar": 8.00528430939, "dvar2": 22.2947788239, "max": 28.3850460052, "mean": 12.2186021805, "median": 11.7926387787, "min": 2.24264240265, "var": 17.1308097839}, "erbbands_flatness_db": {"dmean": 0.0245929658413, "dmean2": 0.0413115769625, "dvar": 0.000415183050791, "dvar2": 0.00117381673772, "max": 0.513116419315, "mean": 0.325733065605, "median": 0.321922004223, "min": 0.0292458645999, "var": 0.00519243674353}, "erbbands_kurtosis": {"dmean": 3.07271790504, "dmean2": 5.19658565521, "dvar": 19.5951499939, "dvar2": 55.066493988, "max": 86.7040100098, "mean": 4.06309080124, "median": 2.38862943649, "min": -1.61775064468, "var": 33.3404769897}, "erbbands_skewness": {"dmean": 0.553626477718, "dmean2": 0.927949488163, "dvar": 0.252722501755, "dvar2": 0.705405175686, "max": 7.25987100601, "mean": 0.185005560517, "median": 0.0700758099556, "min": -3.79755687714, "var": 2.18283557892}, "erbbands_spread": {"dmean": 3.44796824455, "dmean2": 5.82156038284, "dvar": 9.62723064423, "dvar2": 26.4835357666, "max": 129.468383789, "mean": 11.357884407, "median": 9.82461738586, "min": 1.06803250313, "var": 66.3402862549}, "hfc": {"dmean": 6.47276163101, "dmean2": 10.8677530289, "dvar": 73.4881591797, "dvar2": 207.097335815, "max": 129.938842773, "mean": 14.2005138397, "median": 10.7242679596, "min": 1.08269690229e-16, "var": 199.163330078}, "melbands_crest": {"dmean": 5.73117399216, "dmean2": 9.8032951355, "dvar": 20.8833255768, "dvar2": 58.9482116699, "max": 39.646194458, "mean": 24.4419689178, "median": 26.0766677856, "min": 2.13459634781, "var": 72.4121322632}, "melbands_flatness_db": {"dmean": 0.0504618175328, "dmean2": 0.0872450396419, "dvar": 0.00184214615729, "dvar2": 0.00556233106181, "max": 0.87249404192, "mean": 0.584351360798, "median": 0.62081515789, "min": 0.00489210849628, "var": 0.0193960443139}, "melbands_kurtosis": {"dmean": 20.5087871552, "dmean2": 35.2463798523, "dvar": 1542.81518555, "dvar2": 4205.53759766, "max": 1237.59143066, "mean": 28.6132698059, "median": 10.9498901367, "min": -1.83551800251, "var": 2196.3293457}, "melbands_skewness": {"dmean": 1.46459162235, "dmean2": 2.47854995728, "dvar": 2.03520941734, "dvar2": 5.67545413971, "max": 27.9915180206, "mean": 3.3684258461, "median": 2.88162279129, "min": -1.72853577137, "var": 5.42504453659}, "melbands_spread": {"dmean": 1.8171325922, "dmean2": 3.09164738655, "dvar": 4.88962364197, "dvar2": 12.7633304596, "max": 178.916885376, "mean": 4.21383953094, "median": 3.34058761597, "min": 0.0432026199996, "var": 23.4942722321}, "pitch_salience": {"dmean": 0.111516416073, "dmean2": 0.190137013793, "dvar": 0.00794115290046, "dvar2": 0.0221858397126, "max": 0.969926953316, "mean": 0.373713850975, "median": 0.322991549969, "min": 0.0282495617867, "var": 0.0405955351889}, "silence_rate_20dB": {"dmean": 0.123913273215, "dmean2": 0.247835338116, "dvar": 0.108582094312, "dvar2": 0.245319470763, "max": 1, "mean": 0.834646224976, "median": 1, "min": 0, "var": 0.138007923961}, "silence_rate_30dB": {"dmean": 0.145913913846, "dmean2": 0.291838169098, "dvar": 0.124603316188, "dvar2": 0.282753139734, "max": 1, "mean": 0.414874732494, "median": 0, "min": 0, "var": 0.242747157812}, "silence_rate_60dB": {"dmean": 0.00156133563723, "dmean2": 0.00312278210185, "dvar": 0.00155907997396, "dvar2": 0.00382242840715, "max": 1, "mean": 0.191185861826, "median": 0, "min": 0, "var": 0.15463770926}, "spectral_centroid": {"dmean": 50.8085861206, "dmean2": 84.7863769531, "dvar": 6582.78759766, "dvar2": 10549.8671875, "max": 11507.8242188, "mean": 352.522613525, "median": 378.646453857, "min": 70.8880157471, "var": 31766.1914062}, "spectral_complexity": {"dmean": 1.29825055599, "dmean2": 2.23832511902, "dvar": 1.3770815134, "dvar2": 3.71536636353, "max": 19, "mean": 6.77088212967, "median": 7, "min": 0, "var": 14.1479463577}, "spectral_decrease": {"dmean": 3.36835874748e-08, "dmean2": 5.65692985788e-08, "dvar": 2.29064877519e-15, "dvar2": 6.3797539029e-15, "max": 8.44763576582e-15, "mean": -4.86106870312e-08, "median": -3.01181160012e-08, "min": -6.10859217431e-07, "var": 3.37063081778e-15}, "spectral_energy": {"dmean": 0.127590477467, "dmean2": 0.214273750782, "dvar": 0.0328583084047, "dvar2": 0.0915241762996, "max": 2.31076288223, "mean": 0.184756740928, "median": 0.114935711026, "min": 1.02276932632e-20, "var": 0.0484382174909}, "spectral_energyband_high": {"dmean": 2.15581707153e-07, "dmean2": 3.7661470742e-07, "dvar": 1.38588928745e-13, "dvar2": 4.08579637137e-13, "max": 1.34556839839e-05, "mean": 8.73758835951e-07, "median": 1.92154587353e-07, "min": 7.38826252464e-21, "var": 1.00591084941e-12}, "spectral_energyband_low": {"dmean": 0.114620186388, "dmean2": 0.19601264596, "dvar": 0.0272022262216, "dvar2": 0.0769817233086, "max": 1.94596791267, "mean": 0.15034763515, "median": 0.0852318257093, "min": 5.86622717542e-23, "var": 0.0368685536087}, "spectral_energyband_middle_high": {"dmean": 0.00017188093625, "dmean2": 0.000291966367513, "dvar": 1.78752131319e-07, "dvar2": 4.82500752241e-07, "max": 0.0125590069219, "mean": 0.000316723511787, "median": 0.000132656889036, "min": 1.76791418045e-21, "var": 3.42324653957e-07}, "spectral_energyband_middle_low": {"dmean": 0.00583401974291, "dmean2": 0.00960794091225, "dvar": 8.98277794477e-05, "dvar2": 0.000238267559325, "max": 0.239466905594, "mean": 0.0146314222366, "median": 0.00671955384314, "min": 2.76105052873e-22, "var": 0.000343806372257}, "spectral_entropy": {"dmean": 0.188139677048, "dmean2": 0.313431024551, "dvar": 0.0260787494481, "dvar2": 0.0708699375391, "max": 9.81505298615, "mean": 5.75644016266, "median": 5.61392021179, "min": 4.21228408813, "var": 0.278153210878}, "spectral_flux": {"dmean": 0.0909844115376, "dmean2": 0.153206124902, "dvar": 0.00999460183084, "dvar2": 0.0272881817073, "max": 1.23248815536, "mean": 0.224810361862, "median": 0.211459577084, "min": 1.01132061059e-10, "var": 0.0268302969635}, "spectral_kurtosis": {"dmean": 31.1350574493, "dmean2": 53.886844635, "dvar": 1186.62158203, "dvar2": 3522.14770508, "max": 543.076660156, "mean": 110.277107239, "median": 87.744468689, "min": -1.19093585014, "var": 7187.95556641}, "spectral_rms": {"dmean": 0.00398379797116, "dmean2": 0.00656541530043, "dvar": 1.85426761163e-05, "dvar2": 5.10824429512e-05, "max": 0.0474805496633, "mean": 0.0110519202426, "median": 0.0105892587453, "min": 3.15883495576e-12, "var": 5.81035565119e-05}, "spectral_rolloff": {"dmean": 118.559387207, "dmean2": 213.879501343, "dvar": 161158.59375, "dvar2": 439864.3125, "max": 19745.9472656, "mean": 341.405731201, "median": 107.666015625, "min": 21.533203125, "var": 1453762.375}, "spectral_skewness": {"dmean": 1.33234155178, "dmean2": 2.33699369431, "dvar": 1.62514984608, "dvar2": 4.84517383575, "max": 18.4404220581, "mean": 7.45032024384, "median": 7.0182094574, "min": -0.020550429821, "var": 10.6632671356}, "spectral_spread": {"dmean": 282515.96875, "dmean2": 506198.875, "dvar": 113591975936, "dvar2": 248095227904, "max": 40153964, "mean": 1219552.25, "median": 959104.125, "min": 159816.109375, "var": 1371885928450.0}, "spectral_strongpeak": {"dmean": 0.33320581913, "dmean2": 0.590152859688, "dvar": 0.244449332356, "dvar2": 0.658679187298, "max": 5.39480304718, "mean": 0.35000628233, "median": 0.206366121769, "min": 0, "var": 0.236672565341}, "zerocrossingrate": {"dmean": 0.00249865348451, "dmean2": 0.00346651952714, "dvar": 2.80725798802e-05, "dvar2": 4.85623022541e-05, "max": 0.734375, "mean": 0.0135293509811, "median": 0.00732421875, "min": 0.00048828125, "var": 0.00113615149166}, "barkbands": {"dmean": [0.0594881810248, 0.0843271911144, 0.00364934443496, 0.00070465519093, 0.000840401800815, 0.0012159870239, 0.00304841669276, 0.00271511473693, 0.0018829756882, 0.00011951909255, 7.13427725714e-05, 3.1436131394e-05, 8.7770367827e-06, 3.1705174024e-06, 9.87225348581e-07, 4.03041440222e-07, 1.56821187147e-07, 8.29230728527e-08, 4.60584459461e-08, 6.36120915942e-08, 1.70813052591e-07, 1.53281582982e-08, 1.13305222982e-08, 8.34629787505e-09, 7.75975994571e-09, 7.53226547801e-09, 1.03992228162e-08], "dmean2": [0.0971299260855, 0.146765768528, 0.00643463386223, 0.00120409741066, 0.00144203135278, 0.00205377466045, 0.00516763189808, 0.0045434939675, 0.00319645158015, 0.000203675706871, 0.000124459998915, 5.43951900909e-05, 1.53278633661e-05, 5.48060324945e-06, 1.73207138232e-06, 7.24458686818e-07, 2.78191407688e-07, 1.4667612902e-07, 8.14902350044e-08, 1.11163458882e-07, 2.95144644724e-07, 2.74716889237e-08, 2.04185681696e-08, 1.5347461968e-08, 1.42909515333e-08, 1.3891961359e-08, 1.86664710355e-08], "dvar": [0.00889968499541, 0.0159603189677, 2.41878660745e-05, 1.07528455828e-06, 3.87084992326e-06, 1.08988260763e-05, 2.99345883832e-05, 3.86931460525e-05, 2.13374223677e-05, 9.3073573737e-08, 3.54695863791e-08, 5.25587662281e-09, 8.05564115414e-10, 2.66524267933e-11, 6.29325454596e-12, 1.47686214386e-12, 3.95113005898e-13, 7.60233821967e-14, 3.2025089232e-14, 1.97686088826e-14, 9.33608930182e-14, 1.4433006258e-15, 6.94615774083e-16, 3.22101748248e-16, 2.16586761364e-16, 1.82149750156e-16, 1.98699662215e-16], "dvar2": [0.022853307426, 0.0464751236141, 6.93488545949e-05, 2.97606402455e-06, 9.88703686744e-06, 3.02300668409e-05, 8.01275018603e-05, 0.000106355364551, 6.00770144956e-05, 2.54868126603e-07, 9.8781207214e-08, 1.56094301929e-08, 2.40326114564e-09, 7.58379123389e-11, 1.8417229547e-11, 4.40171857297e-12, 1.1728212802e-12, 2.2748193303e-13, 9.38827805102e-14, 5.85987354018e-14, 2.75332816442e-13, 4.23158983372e-15, 2.05010158257e-15, 9.60041541978e-16, 6.57894725297e-16, 5.60757939818e-16, 6.20709237759e-16], "max": [1.84877085686, 1.78242683411, 0.0745660886168, 0.0290149226785, 0.100752949715, 0.178288653493, 0.074693530798, 0.0888395681977, 0.068135291338, 0.00968775618821, 0.0036144440528, 0.00332358665764, 0.00160327076446, 0.000189063546713, 0.000138391304063, 6.69052678859e-05, 3.96569994336e-05, 1.14824488264e-05, 1.05851495391e-05, 6.29306896371e-06, 6.54684299661e-06, 1.44436171468e-06, 1.30864623316e-06, 9.23150025756e-07, 8.92346974979e-07, 8.64067146722e-07, 9.24263872548e-07], "mean": [0.0647127330303, 0.100869059563, 0.00425928970799, 0.000841477478389, 0.00128279940691, 0.00184634770267, 0.00449893716723, 0.00354176317342, 0.00256029237062, 0.000171737978235, 9.48738161242e-05, 5.05425450683e-05, 1.47865075633e-05, 5.55517635803e-06, 1.65746791936e-06, 6.91444256518e-07, 3.0025753972e-07, 1.79583025783e-07, 1.04626572295e-07, 1.84904067169e-07, 6.15988881236e-07, 3.64341268266e-08, 2.54352148232e-08, 7.53193418745e-09, 7.24348714343e-09, 8.94064555723e-09, 4.48481678461e-08], "median": [0.0251697190106, 0.0548776127398, 0.00232803961262, 0.000476025801618, 0.000847335031722, 0.000661642407067, 0.000792962033302, 0.000169931736309, 0.000272976409178, 4.52042913821e-05, 2.24024915951e-05, 2.93761186185e-05, 8.05381205282e-06, 3.35530330631e-06, 7.5182464343e-07, 2.99659291159e-07, 1.77442331051e-07, 1.03889433944e-07, 6.73036950616e-08, 5.23461238799e-08, 4.58506761447e-08, 2.91246067263e-08, 2.02150776119e-08, 2.56278909205e-09, 2.68402344794e-09, 4.702251033e-09, 4.18976711103e-08], "min": [2.8943224571e-23, 1.06792826017e-23, 2.59438523471e-23, 2.89427985861e-23, 2.3861890646e-23, 4.07352088901e-23, 4.69756508531e-23, 4.69149338069e-23, 7.86034195717e-23, 7.69101075505e-23, 4.26187026538e-23, 1.25078970476e-22, 4.75060178169e-23, 1.12665796059e-22, 1.59198681375e-22, 1.10920482327e-22, 2.87712617289e-22, 3.08851994335e-22, 3.14961135133e-22, 3.89410848629e-22, 4.84025664398e-22, 2.64909059278e-22, 5.92050989338e-22, 1.04418243936e-21, 1.08822849431e-21, 1.64153659346e-21, 2.20564034877e-21], "var": [0.0107521386817, 0.0196084566414, 2.98190279864e-05, 1.26930501665e-06, 6.90397610015e-06, 1.54321223818e-05, 4.83522599097e-05, 5.62566892768e-05, 3.12315278279e-05, 1.47041774312e-07, 4.4127702381e-08, 6.25942409016e-09, 9.00819419059e-10, 4.12969033969e-11, 7.52722363606e-12, 1.77753948713e-12, 4.20612112847e-13, 9.24768616718e-14, 5.1392036785e-14, 5.35482845131e-14, 6.63796708572e-13, 1.58950825338e-15, 6.82144696242e-16, 2.46008516962e-16, 1.7096793587e-16, 1.43659024551e-16, 1.78585991379e-16]}, "erbbands": {"dmean": [4.76272249222, 12.1096229553, 6.40453338623, 2.53565120697, 2.33406281471, 3.21912097931, 7.28427886963, 9.73432350159, 31.616355896, 50.7170066833, 50.5066261292, 40.7452278137, 5.39794111252, 3.84386730194, 1.44273352623, 1.14905893803, 0.454438716173, 0.175181612372, 0.0842516869307, 0.0325092226267, 0.0196967478842, 0.00866507831961, 0.00480115041137, 0.00285143288784, 0.00210419553332, 0.00282244966365, 0.00569510320202, 0.00784199777991, 0.000880982319359, 0.000430784915807, 0.000311930576572, 0.000189033948118, 0.000135632421006, 9.78451280389e-05, 7.19383824617e-05, 5.29428580194e-05, 3.18819693348e-05, 5.36229072168e-06, 5.54641119379e-05, 0.000137206370709], "dmean2": [8.34025764465, 20.875711441, 11.0672569275, 4.22351360321, 4.07992601395, 5.46638679504, 12.3030099869, 16.3156795502, 52.8168678284, 85.0762329102, 85.0375823975, 68.7517547607, 9.10599517822, 6.55441808701, 2.46725177765, 2.01044297218, 0.798862099648, 0.30085632205, 0.146910458803, 0.0567726492882, 0.0355016253889, 0.015388042666, 0.00848176516593, 0.0050220801495, 0.00375481322408, 0.00494761625305, 0.00989402364939, 0.013586692512, 0.0015451250365, 0.00077002053149, 0.000555656151846, 0.000337703822879, 0.000237659434788, 0.000165561330505, 0.00011698059825, 8.40116626932e-05, 5.05431999045e-05, 9.40274276218e-06, 9.28443405428e-05, 0.000230383244343], "dvar": [47.1092185974, 420.71774292, 98.1071166992, 13.6841249466, 23.9285526276, 73.6141052246, 248.606216431, 941.300170898, 3234.40478516, 8341.59667969, 12854.5761719, 9370.49023438, 135.247909546, 118.215080261, 10.7533493042, 8.46913433075, 2.3694460392, 0.0780247077346, 0.0319028347731, 0.00834582652897, 0.0034291734919, 0.00112948089372, 0.000276162812952, 0.000105425933725, 6.81639503455e-05, 4.11698783864e-05, 0.000106973442598, 0.000203341696761, 2.61760374087e-06, 1.38773214076e-06, 4.63154862018e-07, 1.73841797846e-07, 7.89902259157e-08, 3.17043244991e-08, 1.38547626705e-08, 6.2346541263e-09, 2.07988870571e-09, 7.26702725773e-11, 6.14385209374e-09, 3.79687996599e-08], "dvar2": [137.378677368, 1194.97302246, 269.177246094, 37.8309364319, 64.4350585938, 194.300338745, 684.424438477, 2544.73608398, 8467.140625, 22851.5976562, 35548, 26217.6074219, 364.599609375, 321.543395996, 29.815984726, 25.3342876434, 7.1141371727, 0.220857664943, 0.0934785827994, 0.0243133045733, 0.0102546643466, 0.00335470051505, 0.00082580948947, 0.000308261543978, 0.000200823415071, 0.000122294120956, 0.000317633996019, 0.00059688318288, 7.66285666032e-06, 4.10125949202e-06, 1.35185155159e-06, 5.02697389493e-07, 2.26176297247e-07, 8.78550068251e-08, 3.68102348602e-08, 1.61003583798e-08, 5.37301447778e-09, 2.11991757482e-10, 1.70270126887e-08, 1.0575683973e-07], "max": [79.1317214966, 355.70602417, 177.984558105, 89.9704284668, 249.561126709, 467.391113281, 584.391357422, 1736.23669434, 757.11907959, 1331.76989746, 2141.55297852, 1325.40612793, 394.847747803, 221.401824951, 91.8186035156, 140.405853271, 76.7893447876, 7.43733882904, 11.1824550629, 5.235871315, 3.33102726936, 2.01430773735, 0.77654594183, 0.531157970428, 0.440532714128, 0.297587126493, 0.266010671854, 0.223353102803, 0.0541319213808, 0.0666594430804, 0.0354269109666, 0.0204766076058, 0.0151267303154, 0.0100067332387, 0.00634159473702, 0.00337104289792, 0.0016270839842, 0.000592851720285, 0.00100811175071, 0.00248215603642], "mean": [5.08000993729, 14.6008644104, 8.96134567261, 3.64257764816, 3.11940455437, 4.61584377289, 10.5529184341, 15.5704708099, 50.3247032166, 75.5035247803, 76.2445373535, 58.7082099915, 9.00383853912, 5.49251413345, 2.44282460213, 1.85379779339, 0.83251452446, 0.348857402802, 0.159577265382, 0.0630670636892, 0.0358012504876, 0.0182066336274, 0.010932832025, 0.00657375343144, 0.00523787317798, 0.00880751293153, 0.0199411679059, 0.0223929174244, 0.00249390886165, 0.00109709938988, 0.00075110187754, 0.000278472609352, 0.000203232732019, 0.000168773811311, 0.000135560097988, 0.000101654368336, 6.35690885247e-05, 1.54896042659e-05, 8.71114607435e-05, 0.000200254973606], "median": [2.6020386219, 7.27205467224, 5.71936702728, 2.28523254395, 2.11517858505, 2.66925477982, 4.25895118713, 6.10338401794, 10.2269487381, 9.74759101868, 5.66558361053, 6.47451353073, 2.56486368179, 1.19608056545, 1.00649857521, 1.07954955101, 0.455752521753, 0.233563616872, 0.100906252861, 0.0274212099612, 0.0157135091722, 0.0109027195722, 0.00642556790262, 0.00415705144405, 0.0031494051218, 0.00246814638376, 0.0020710634999, 0.00169562106021, 0.00131469639018, 0.00089843722526, 0.000609778449871, 0.000176318135345, 0.00012600372429, 0.000111718742119, 9.28046210902e-05, 7.08262523403e-05, 4.55351982964e-05, 1.30455755425e-05, 5.69287985854e-05, 0.000125491947983], "min": [3.30337384706e-22, 2.99266978402e-21, 2.27805443762e-20, 5.8882321992e-20, 1.35897412363e-19, 5.03728856173e-20, 1.91822964331e-19, 3.21813350693e-19, 6.24097949401e-19, 5.68709883886e-19, 1.5188249934e-18, 1.98440008566e-18, 1.51598641973e-18, 2.62611460396e-18, 3.4351373613e-18, 4.22337286305e-18, 2.25290063775e-18, 5.73555332139e-18, 7.30040905472e-18, 6.28794825676e-18, 7.14762714122e-18, 1.59035514736e-17, 2.10463715699e-17, 1.39217756184e-17, 1.42561551092e-17, 2.09860155093e-17, 1.70740236209e-17, 2.04778222107e-17, 9.77585457127e-18, 1.28620067069e-17, 1.85161666968e-17, 1.78821013244e-17, 1.87209402205e-17, 1.13900528689e-17, 7.45455747059e-18, 6.66770232649e-18, 2.76103375893e-18, 1.26317014264e-18, 3.41762051936e-19, 2.92942588891e-20], "var": [50.9649124146, 531.049438477, 146.622467041, 20.5987472534, 29.8716697693, 116.608322144, 370.581970215, 1331.51745605, 5826.55810547, 14524.7207031, 23281.9570312, 15248.2636719, 266.492279053, 156.912216187, 19.0712242126, 9.78522968292, 2.72387838364, 0.139952361584, 0.0399116910994, 0.0109633086249, 0.00427545979619, 0.0012866021134, 0.000341395294527, 0.000164080207469, 9.89694963209e-05, 0.000119030781207, 0.000671881251037, 0.000929596251808, 6.29770602245e-06, 1.32280138132e-06, 4.94393816552e-07, 1.61288667755e-07, 8.36260625192e-08, 4.34852651665e-08, 2.40165398679e-08, 1.24424515136e-08, 4.22384438536e-09, 9.3635349474e-11, 9.34241750628e-09, 5.61474351457e-08]}, "gfcc": {"mean": [-204.4765625, 223.319869995, -39.496925354, -19.2830257416, -32.5315284729, -6.91800165176, 10.8555431366, -10.0960531235, 5.42369031906, 7.77574539185, -0.399835914373, -4.18248128891, -0.542873382568], "cov": [[7510.33349609, 3110.93310547, 1444.22766113, -187.263870239, 255.317642212, 553.147094727, 993.64831543, 889.835205078, 766.477722168, 744.147399902, 442.687988281, -167.981140137, 452.082580566], [3110.93310547, 1759.69055176, 514.514160156, -467.599609375, -20.7574119568, 234.02444458, 337.950958252, 342.123535156, 359.364349365, 246.659561157, 199.521102905, -68.433555603, 86.3609008789], [1444.22766113, 514.514160156, 997.415588379, 258.49017334, 426.39440918, 335.235626221, 262.332702637, 300.838409424, 181.223175049, 183.675933838, 190.001098633, -55.3974380493, 171.539825439], [-187.263870239, -467.599609375, 258.49017334, 763.146118164, 368.978942871, 61.2821884155, 123.491386414, -66.6846847534, -117.558853149, 33.3470916748, -16.7383213043, 15.2626056671, 110.250366211], [255.317642212, -20.7574119568, 426.39440918, 368.978942871, 435.934661865, 239.398803711, 104.259605408, 58.867729187, 19.083404541, 26.241235733, 60.4639358521, -10.9640884399, 78.0197143555], [553.147094727, 234.02444458, 335.235626221, 61.2821884155, 239.398803711, 238.549026489, 96.5946350098, 108.195480347, 64.8619995117, 25.7067146301, 74.787109375, -21.5975055695, 39.5697174072], [993.64831543, 337.950958252, 262.332702637, 123.491386414, 104.259605408, 96.5946350098, 247.123458862, 148.521286011, 96.5868530273, 128.122802734, 44.99974823, -29.0022754669, 103.954292297], [889.835205078, 342.123535156, 300.838409424, -66.6846847534, 58.867729187, 108.195480347, 148.521286011, 225.930786133, 166.805633545, 112.372627258, 64.4172286987, -41.8806304932, 73.4743423462], [766.477722168, 359.364349365, 181.223175049, -117.558853149, 19.083404541, 64.8619995117, 96.5868530273, 166.805633545, 166.109313965, 106.542037964, 56.9728050232, -28.7718200684, 43.9581756592], [744.147399902, 246.659561157, 183.675933838, 33.3470916748, 26.241235733, 25.7067146301, 128.122802734, 112.372627258, 106.542037964, 148.335968018, 64.1019515991, -16.3509521484, 74.6687469482], [442.687988281, 199.521102905, 190.001098633, -16.7383213043, 60.4639358521, 74.787109375, 44.99974823, 64.4172286987, 56.9728050232, 64.1019515991, 92.6423187256, 14.4889850616, 28.7541370392], [-167.981140137, -68.433555603, -55.3974380493, 15.2626056671, -10.9640884399, -21.5975055695, -29.0022754669, -41.8806304932, -28.7718200684, -16.3509521484, 14.4889850616, 42.7975959778, 2.77261805534], [452.082580566, 86.3609008789, 171.539825439, 110.250366211, 78.0197143555, 39.5697174072, 103.954292297, 73.4743423462, 43.9581756592, 74.6687469482, 28.7541370392, 2.77261805534, 98.3181762695]], "icov": [[0.00212932820432, -0.00352237746119, 0.00214404752478, -0.00277497642674, 0.00180961063597, -0.00153330981266, 0.000962996447925, -0.00333279254846, 0.00136007927358, -0.000186259450857, -0.00556202232838, 0.00666674645618, -0.0057004862465], [-0.00352237746119, 0.00890089850873, -0.00455489242449, 0.0055949059315, -0.000325719563989, 0.00171461747959, -0.00774232344702, 0.0150800719857, -0.0129589457065, 0.00696283159778, 0.00189237575978, -0.00431255996227, 0.00661042518914], [0.00214404752478, -0.00455489242449, 0.00952128786594, -0.00477390736341, -0.00112640089355, 0.000388215208659, 0.00329449237324, -0.0100753745064, 0.00541893998161, 0.00518653355539, -0.0211477857083, 0.0210724137723, -0.0131040895358], [-0.00277497642674, 0.0055949059315, -0.00477390736341, 0.0126924430951, -0.0118555212393, 0.00729256402701, -0.00522050540894, 0.00259360601194, 0.00834745075554, -0.00982141587883, 0.0167752299458, -0.0175606366247, 0.01131206844], [0.00180961063597, -0.000325719563989, -0.00112640089355, -0.0118555212393, 0.0258038695902, -0.018872577697, -0.00132792454679, 0.017763890326, -0.0259092748165, 0.0158416200429, -0.0144099658355, 0.0173576213419, -0.0142493480816], [-0.00153330981266, 0.00171461747959, 0.000388215208659, 0.00729256402701, -0.018872577697, 0.0304706636816, -0.00756377913058, -0.0049331150949, 0.00523437280208, 0.0140655804425, -0.0162390209734, 0.00943950004876, 0.00254663988017], [0.000962996447925, -0.00774232344702, 0.00329449237324, -0.00522050540894, -0.00132792454679, -0.00756377913058, 0.0274881608784, -0.0278126113117, 0.0272735767066, -0.026344275102, 0.0208574980497, -0.0140374321491, 0.000406703795306], [-0.00333279254846, 0.0150800719857, -0.0100753745064, 0.00259360601194, 0.017763890326, -0.0049331150949, -0.0278126113117, 0.0795163139701, -0.0766367390752, 0.0457894876599, -0.0291630774736, 0.0351266004145, -0.0183507781476], [0.00136007927358, -0.0129589457065, 0.00541893998161, 0.00834745075554, -0.0259092748165, 0.00523437280208, 0.0272735767066, -0.0766367390752, 0.101713344455, -0.0685436949134, 0.048525467515, -0.0478354468942, 0.0269391201437], [-0.000186259450857, 0.00696283159778, 0.00518653355539, -0.00982141587883, 0.0158416200429, 0.0140655804425, -0.026344275102, 0.0457894876599, -0.0685436949134, 0.0939716622233, -0.0889441221952, 0.0815734416246, -0.0449014306068], [-0.00556202232838, 0.00189237575978, -0.0211477857083, 0.0167752299458, -0.0144099658355, -0.0162390209734, 0.0208574980497, -0.0291630774736, 0.048525467515, -0.0889441221952, 0.143990948796, -0.132911846042, 0.0672007873654], [0.00666674645618, -0.00431255996227, 0.0210724137723, -0.0175606366247, 0.0173576213419, 0.00943950004876, -0.0140374321491, 0.0351266004145, -0.0478354468942, 0.0815734416246, -0.132911846042, 0.159376218915, -0.0791098251939], [-0.0057004862465, 0.00661042518914, -0.0131040895358, 0.01131206844, -0.0142493480816, 0.00254663988017, 0.000406703795306, -0.0183507781476, 0.0269391201437, -0.0449014306068, 0.0672007873654, -0.0791098251939, 0.0689546391368]]}, "melbands": {"dmean": [0.0335928834975, 0.0069314413704, 0.000409668282373, 0.000198795809411, 0.000211109538213, 0.00023461112869, 0.000541480316315, 0.00060650985688, 0.000424968224252, 0.000223281458602, 2.2455900762e-05, 1.55823563546e-05, 6.74670491208e-06, 3.13497366733e-06, 2.57411898019e-06, 6.41851897853e-07, 3.2721013099e-07, 1.71620527567e-07, 7.13696621801e-08, 2.89189685532e-08, 2.44874271971e-08, 1.03437756138e-08, 5.84013326588e-09, 3.82775766639e-09, 2.39980391115e-09, 1.7411462272e-09, 1.62790014802e-09, 2.23892482332e-09, 3.60788643405e-09, 5.37244559951e-09, 4.50014603359e-09, 3.53637452655e-10, 2.91343005276e-10, 2.39856412509e-10, 1.98681987529e-10, 1.42454964491e-10, 1.09486815447e-10, 9.48523759536e-11, 8.27203791576e-11, 7.20547649324e-11], "dmean2": [0.0580905228853, 0.0117531586438, 0.000689278822392, 0.000343977939337, 0.000355969415978, 0.00039297825424, 0.00091042969143, 0.00101282971445, 0.000717094517313, 0.000377045304049, 3.82397265639e-05, 2.65292455879e-05, 1.16283599709e-05, 5.38719723409e-06, 4.53910888609e-06, 1.11716144602e-06, 5.62531795367e-07, 2.99187604469e-07, 1.25021770714e-07, 5.13822620007e-08, 4.40874465824e-08, 1.83353474625e-08, 1.0320464483e-08, 6.75915279302e-09, 4.22147383716e-09, 3.08338066191e-09, 2.87805512755e-09, 3.91959575907e-09, 6.26322860242e-09, 9.28051413496e-09, 7.80998288263e-09, 6.29174767841e-10, 5.22559884253e-10, 4.28906077321e-10, 3.56423612846e-10, 2.58271126707e-10, 2.01283115175e-10, 1.74385311746e-10, 1.52272555676e-10, 1.32685473719e-10], "dvar": [0.0023445726838, 0.000147951563122, 3.74249566448e-07, 2.3226512269e-07, 2.05107596685e-07, 4.34025110962e-07, 9.39521839882e-07, 1.27731755128e-06, 9.30418536882e-07, 2.80402787212e-07, 2.68366950884e-09, 1.99630711961e-09, 2.92044305406e-10, 4.09710806948e-11, 5.89755258518e-11, 2.97079938774e-12, 2.66721296742e-13, 1.09257932833e-13, 3.35162263611e-14, 8.62763365524e-15, 4.71071867901e-15, 1.50075751759e-15, 4.59532738061e-16, 1.41944841624e-16, 7.1423803346e-17, 5.22755813257e-17, 2.64887468531e-17, 2.15674258726e-17, 4.47669187984e-17, 9.37770292938e-17, 6.82531340313e-17, 6.73947472029e-19, 6.04765394318e-19, 4.03417509856e-19, 1.86192940438e-19, 8.51023382852e-20, 6.00803703247e-20, 4.07360408418e-20, 2.88376293416e-20, 1.86648264591e-20], "dvar2": [0.0067394785583, 0.000410467764596, 1.04178843685e-06, 5.99741156293e-07, 5.50342292627e-07, 1.17961712931e-06, 2.48360902333e-06, 3.48315575138e-06, 2.57567558037e-06, 7.85617544352e-07, 7.19312431841e-09, 5.43146816412e-09, 8.25223611667e-10, 1.18486734313e-10, 1.77252379441e-10, 9.1355048526e-12, 7.50204260692e-13, 3.19083003292e-13, 9.73539554094e-14, 2.54277952454e-14, 1.41969244114e-14, 4.44712837857e-15, 1.36430876836e-15, 4.2163531933e-16, 2.08223978606e-16, 1.53715304103e-16, 7.8050300911e-17, 6.40038344327e-17, 1.32992285706e-16, 2.78037638494e-16, 1.99905122447e-16, 1.97977800719e-18, 1.79235811234e-18, 1.1969159741e-18, 5.47656121044e-19, 2.51784550227e-19, 1.78316642967e-19, 1.22043429573e-19, 8.6689704343e-20, 5.65374523635e-20], "max": [0.55242562294, 0.21618321538, 0.014665581286, 0.0257300063968, 0.0168697629124, 0.0364276766777, 0.0130495764315, 0.0140151884407, 0.0176136679947, 0.00706241931766, 0.00175713398494, 0.000959802244324, 0.000396135437768, 0.000255580089288, 0.000383198930649, 8.58851708472e-05, 1.38745581353e-05, 1.9968380002e-05, 9.08529455046e-06, 5.04469244333e-06, 3.74443970941e-06, 2.37466906583e-06, 9.55796508606e-07, 4.78787342217e-07, 4.26813898002e-07, 4.33085460827e-07, 2.60090644133e-07, 2.05930376751e-07, 1.95004034254e-07, 1.45360274928e-07, 1.05981420973e-07, 3.56657565703e-08, 4.78220236744e-08, 3.37701244746e-08, 2.36803909814e-08, 1.38174316433e-08, 1.25531194328e-08, 1.06152251433e-08, 9.60276391737e-09, 8.04986033387e-09], "mean": [0.0402921028435, 0.00957127287984, 0.000602248066571, 0.000278965453617, 0.00032371468842, 0.000373144313926, 0.000827776791994, 0.000863786088303, 0.000663160171825, 0.000312034972012, 3.38696518156e-05, 2.18424484046e-05, 1.00730421764e-05, 5.21304173162e-06, 3.78953063773e-06, 1.12078032544e-06, 5.92317178416e-07, 2.94599857398e-07, 1.18802873317e-07, 5.06306570003e-08, 4.00525301814e-08, 1.9263961093e-08, 1.18939462723e-08, 7.87960008353e-09, 5.01011987453e-09, 3.70633235214e-09, 3.8801579727e-09, 6.11290928987e-09, 1.06648965215e-08, 1.68620442054e-08, 1.05138626694e-08, 7.99297739107e-10, 6.34687635781e-10, 5.32294264222e-10, 4.42171743664e-10, 2.10881381801e-10, 9.75065167497e-11, 8.61055185486e-11, 7.6572956309e-11, 6.73260058814e-11], "median": [0.0216034371406, 0.00571070238948, 0.000403855985496, 0.000171141189639, 0.000152542837895, 0.000135396854603, 0.000161133124493, 8.88896902325e-05, 4.38692804892e-05, 3.72776157747e-05, 9.76242608886e-06, 4.51582400274e-06, 3.07993423121e-06, 3.11881103698e-06, 1.708726586e-06, 6.5921415171e-07, 3.7367232153e-07, 1.76634230797e-07, 4.61704949828e-08, 2.28125536239e-08, 1.65683538e-08, 1.09980939911e-08, 6.86091139457e-09, 4.52745929636e-09, 3.17989989895e-09, 2.3449806541e-09, 1.98654004357e-09, 1.57108026588e-09, 1.3427092771e-09, 1.13527265366e-09, 9.34274879683e-10, 6.38884500859e-10, 5.09616682187e-10, 4.310134194e-10, 3.57911311699e-10, 1.44571507543e-10, 3.23164620064e-11, 3.00087524274e-11, 2.80187296975e-11, 2.51532423362e-11], "min": [5.12742903986e-24, 9.58513331498e-24, 1.47004466346e-23, 5.95615660864e-24, 5.65807644371e-24, 7.24746077377e-24, 1.0258843405e-23, 5.9342732127e-24, 1.42804302674e-23, 1.14275384695e-23, 7.51383070247e-24, 1.10552111106e-23, 8.76244763186e-24, 1.52819302074e-23, 6.0408522653e-24, 4.37873417091e-24, 1.19503773337e-23, 1.09787342013e-23, 1.06884507431e-23, 6.83385784572e-24, 8.7742813343e-24, 1.38915881055e-23, 2.19115551202e-23, 1.61088220968e-23, 1.02444853477e-23, 1.26225436229e-23, 9.36920946344e-24, 1.46435271649e-23, 1.16989555303e-23, 8.31077506539e-24, 1.35612541791e-23, 5.51071170458e-24, 4.14859662359e-24, 9.18290576118e-24, 1.25058553178e-23, 9.742122946e-24, 1.03925537507e-23, 1.21284689939e-23, 1.3155069699e-23, 9.03508663818e-24], "var": [0.00289645162411, 0.000207609671634, 5.34674143182e-07, 3.81378811198e-07, 3.33259947638e-07, 6.41175688543e-07, 1.60041861363e-06, 2.1524595013e-06, 1.7949149651e-06, 4.33830280144e-07, 4.95849139526e-09, 2.69250843843e-09, 4.20707718662e-10, 6.15811568405e-11, 5.87922627249e-11, 3.4045626561e-12, 4.37467905868e-13, 1.39352179969e-13, 4.20858585883e-14, 1.02822015564e-14, 5.52764129906e-15, 1.62794713792e-15, 5.09279088932e-16, 1.76516081084e-16, 1.07336597411e-16, 7.42538661542e-17, 3.52718978354e-17, 5.96016718569e-17, 1.96191068262e-16, 5.19177515954e-16, 2.17627142817e-16, 8.0299436843e-19, 5.33117542899e-19, 3.65458294944e-19, 1.9121355194e-19, 7.04078882935e-20, 4.52614781184e-20, 3.08230954562e-20, 2.20554010158e-20, 1.4785021422e-20]}, "mfcc": {"mean": [-863.04699707, 252.705688477, 63.8074607849, 3.99269652367, -3.11944103241, 10.8573389053, 9.72420692444, -0.956504583359, 10.2982854843, 8.5372133255, 9.52268314362, 15.4600543976, 3.60517430305], "cov": [[4089.28955078, 3230.94140625, 473.651489258, 64.4121551514, -277.145782471, 77.3712692261, 229.994766235, 140.707946777, 621.956542969, 484.039245605, 406.955749512, 594.47076416, 260.642059326], [3230.94140625, 3009.36889648, 581.758117676, -281.357727051, -149.089080811, 57.5396385193, 128.110794067, 207.749328613, 382.302825928, 436.600158691, 413.029876709, 385.752960205, 275.405212402], [473.651489258, 581.758117676, 314.613250732, 112.48033905, 98.3926925659, 109.273109436, 112.066741943, 91.121421814, 78.2028884888, 96.7185058594, 101.906982422, 87.7536392212, 65.2248077393], [64.4121551514, -281.357727051, 112.48033905, 698.514831543, 211.028991699, 231.656936646, 247.537094116, 10.715464592, 185.626861572, 5.08498859406, -31.4741306305, 153.228652954, -34.8317565918], [-277.145782471, -149.089080811, 98.3926925659, 211.028991699, 345.091369629, 230.285797119, 127.535423279, 102.8751297, -12.2772045135, 10.5359859467, 15.6733036041, -42.8784370422, 9.23625278473], [77.3712692261, 57.5396385193, 109.273109436, 231.656936646, 230.285797119, 229.202178955, 176.08770752, 78.3346481323, 53.7867126465, 26.1105613708, 22.5912189484, 34.2516937256, 3.92610692978], [229.994766235, 128.110794067, 112.066741943, 247.537094116, 127.535423279, 176.08770752, 190.097076416, 74.3990707397, 92.8620605469, 33.0733108521, 23.6733398438, 71.9314727783, -2.0032324791], [140.707946777, 207.749328613, 91.121421814, 10.715464592, 102.8751297, 78.3346481323, 74.3990707397, 115.413391113, 47.8469238281, 60.6618919373, 53.2689323425, -4.06245708466, 27.5013408661], [621.956542969, 382.302825928, 78.2028884888, 185.626861572, -12.2772045135, 53.7867126465, 92.8620605469, 47.8469238281, 216.129074097, 120.296287537, 61.9778709412, 140.878463745, 28.9083404541], [484.039245605, 436.600158691, 96.7185058594, 5.08498859406, 10.5359859467, 26.1105613708, 33.0733108521, 60.6618919373, 120.296287537, 131.357666016, 100.225372314, 74.9159622192, 49.4142570496], [406.955749512, 413.029876709, 101.906982422, -31.4741306305, 15.6733036041, 22.5912189484, 23.6733398438, 53.2689323425, 61.9778709412, 100.225372314, 108.027778625, 69.12890625, 53.0878677368], [594.47076416, 385.752960205, 87.7536392212, 153.228652954, -42.8784370422, 34.2516937256, 71.9314727783, -4.06245708466, 140.878463745, 74.9159622192, 69.12890625, 174.250823975, 50.3376350403], [260.642059326, 275.405212402, 65.2248077393, -34.8317565918, 9.23625278473, 3.92610692978, -2.0032324791, 27.5013408661, 28.9083404541, 49.4142570496, 53.0878677368, 50.3376350403, 71.3763122559]], "icov": [[0.527808010578, -0.744833171368, 0.738211870193, -0.735195279121, 0.721732437611, -0.68716353178, 0.630573749542, -0.560522556305, 0.481463879347, -0.395046293736, 0.303156793118, -0.202587887645, 0.0871526971459], [-0.744833171368, 1.05321931839, -1.04516494274, 1.04293620586, -1.0230191946, 0.975642561913, -0.899521350861, 0.802407205105, -0.693963289261, 0.569846868515, -0.440353184938, 0.293006062508, -0.128181621432], [0.738211870193, -1.04516494274, 1.0457406044, -1.04328989983, 1.02745985985, -0.984347224236, 0.910799384117, -0.822094917297, 0.719287574291, -0.595255851746, 0.459145665169, -0.308927476406, 0.132975816727], [-0.735195279121, 1.04293620586, -1.04328989983, 1.06776177883, -1.07242906094, 1.04465329647, -0.982962548733, 0.889780879021, -0.78687864542, 0.657114565372, -0.512672543526, 0.343935847282, -0.151618987322], [0.721732437611, -1.0230191946, 1.02745985985, -1.07242906094, 1.12228810787, -1.12260532379, 1.05524003506, -0.956212520599, 0.84436070919, -0.71224373579, 0.560936868191, -0.379860550165, 0.165902987123], [-0.68716353178, 0.975642561913, -0.984347224236, 1.04465329647, -1.12260532379, 1.16508257389, -1.10921347141, 0.998471975327, -0.884558320045, 0.755306780338, -0.610001385212, 0.425164818764, -0.191368594766], [0.630573749542, -0.899521350861, 0.910799384117, -0.982962548733, 1.05524003506, -1.10921347141, 1.10190069675, -1.01356756687, 0.909908294678, -0.78973120451, 0.661264538765, -0.478794783354, 0.226130664349], [-0.560522556305, 0.802407205105, -0.822094917297, 0.889780879021, -0.956212520599, 0.998471975327, -1.01356756687, 0.995730221272, -0.923544347286, 0.823907613754, -0.709043860435, 0.521782159805, -0.244040116668], [0.481463879347, -0.693963289261, 0.719287574291, -0.78687864542, 0.84436070919, -0.884558320045, 0.909908294678, -0.923544347286, 0.933764159679, -0.871136069298, 0.745477616787, -0.540629684925, 0.250704973936], [-0.395046293736, 0.569846868515, -0.595255851746, 0.657114565372, -0.71224373579, 0.755306780338, -0.78973120451, 0.823907613754, -0.871136069298, 0.865429162979, -0.746790766716, 0.528690040112, -0.244278073311], [0.303156793118, -0.440353184938, 0.459145665169, -0.512672543526, 0.560936868191, -0.610001385212, 0.661264538765, -0.709043860435, 0.745477616787, -0.746790766716, 0.688266932964, -0.490878492594, 0.224389597774], [-0.202587887645, 0.293006062508, -0.308927476406, 0.343935847282, -0.379860550165, 0.425164818764, -0.478794783354, 0.521782159805, -0.540629684925, 0.528690040112, -0.490878492594, 0.393134683371, -0.188554808497], [0.0871526971459, -0.128181621432, 0.132975816727, -0.151618987322, 0.165902987123, -0.191368594766, 0.226130664349, -0.244040116668, 0.250704973936, -0.244278073311, 0.224389597774, -0.188554808497, 0.117932379246]]}, "spectral_contrast_coeffs": {"dmean": [0.0553581602871, 0.0509290099144, 0.0372127890587, 0.0255485381931, 0.0121964039281, 0.0335986912251], "dmean2": [0.0942686200142, 0.086312122643, 0.0634717568755, 0.0440381243825, 0.0211731493473, 0.0602993369102], "dvar": [0.00178625038825, 0.00156932347454, 0.000867487571668, 0.000406618462875, 9.98405157588e-05, 0.000866603804752], "dvar2": [0.00517190573737, 0.00445685721934, 0.0025254082866, 0.00121324078646, 0.000297694379697, 0.00275345775299], "max": [-0.430985808372, -0.462695270777, -0.529393851757, -0.55959045887, -0.797262430191, -0.584676265717], "mean": [-0.721144318581, -0.748998165131, -0.79159116745, -0.814298450947, -0.877947211266, -0.767170846462], "median": [-0.730714201927, -0.752678871155, -0.798650383949, -0.812559962273, -0.879399120808, -0.771191596985], "min": [-0.972012341022, -0.995216786861, -0.989591240883, -0.971113324165, -0.959633886814, -0.964587569237], "var": [0.00483997678384, 0.00563589250669, 0.00479989405721, 0.00197431608103, 0.000261801789748, 0.00391933368519]}, "spectral_contrast_valleys": {"dmean": [0.380459100008, 0.339431583881, 0.294887155294, 0.240878596902, 0.140990316868, 0.530346870422], "dmean2": [0.649257004261, 0.575133860111, 0.496712714434, 0.414153039455, 0.24379196763, 0.956135988235], "dvar": [0.0962638109922, 0.0802830606699, 0.0673850700259, 0.0654990449548, 0.0286594424397, 0.238597229123], "dvar2": [0.258986532688, 0.20154312253, 0.165411382914, 0.165804132819, 0.0640931278467, 0.73951870203], "max": [-4.56665468216, -3.74893116951, -5.27004814148, -6.85389375687, -8.16219234467, -11.0883054733], "mean": [-6.84850502014, -6.68222856522, -8.12796592712, -9.80144119263, -10.7939596176, -14.3230371475], "median": [-6.16205215454, -6.6237783432, -7.95983695984