{"lowlevel": {"average_loudness": 0.960702359676, "barkbands_crest": {"dmean": 2.36345911026, "dmean2": 3.56960058212, "dvar": 6.56531953812, "dvar2": 14.6387014389, "max": 26.5291442871, "mean": 11.9813737869, "median": 11.2851161957, "min": 1.98343145847, "var": 31.833656311}, "barkbands_flatness_db": {"dmean": 0.026978764683, "dmean2": 0.0373441502452, "dvar": 0.000914956326596, "dvar2": 0.00176454812754, "max": 0.626509904861, "mean": 0.159261360765, "median": 0.147079646587, "min": 0.0279366150498, "var": 0.00503585347906}, "barkbands_kurtosis": {"dmean": 6.12856912613, "dmean2": 9.35144233704, "dvar": 460.158782959, "dvar2": 1067.74133301, "max": 714.563415527, "mean": 6.19862556458, "median": -0.0712463855743, "min": -1.9458039999, "var": 586.066894531}, "barkbands_skewness": {"dmean": 0.795074641705, "dmean2": 1.12247097492, "dvar": 1.3679497242, "dvar2": 2.79067850113, "max": 25.3280906677, "mean": 1.33359885216, "median": 0.880627989769, "min": -4.40367174149, "var": 4.44871711731}, "barkbands_spread": {"dmean": 9.4886341095, "dmean2": 14.0527057648, "dvar": 123.976394653, "dvar2": 246.133529663, "max": 123.284454346, "mean": 35.8392372131, "median": 33.7398376465, "min": 0.105273842812, "var": 426.174987793}, "dissonance": {"dmean": 0.0144843840972, "dmean2": 0.0237001087517, "dvar": 0.00033720486681, "dvar2": 0.000868057017215, "max": 0.500000119209, "mean": 0.475569754839, "median": 0.482061833143, "min": 0.0933994427323, "var": 0.000644934247248}, "dynamic_complexity": 2.97800660133, "erbbands_crest": {"dmean": 2.49677276611, "dmean2": 4.0753903389, "dvar": 5.50395393372, "dvar2": 14.0266571045, "max": 27.784822464, "mean": 8.32519435883, "median": 7.73585128784, "min": 2.23693394661, "var": 10.9540805817}, "erbbands_flatness_db": {"dmean": 0.0197997763753, "dmean2": 0.0279299523681, "dvar": 0.000373831338948, "dvar2": 0.000726502446923, "max": 0.614502370358, "mean": 0.168452993035, "median": 0.157635718584, "min": 0.0479053482413, "var": 0.00390454521403}, "erbbands_kurtosis": {"dmean": 1.44972229004, "dmean2": 2.18727850914, "dvar": 14.7719898224, "dvar2": 31.3866939545, "max": 172.367095947, "mean": 1.17058300972, "median": 0.291813015938, "min": -1.83931696415, "var": 19.3023204803}, "erbbands_skewness": {"dmean": 0.455483824015, "dmean2": 0.653169155121, "dvar": 0.230659902096, "dvar2": 0.47608307004, "max": 10.2688579559, "mean": -0.445851773024, "median": -0.427760839462, "min": -5.70815372467, "var": 0.826241314411}, "erbbands_spread": {"dmean": 10.9116029739, "dmean2": 15.9832429886, "dvar": 169.360427856, "dvar2": 362.74130249, "max": 170.94732666, "mean": 38.5186729431, "median": 33.4672889709, "min": 0.572771310806, "var": 478.099456787}, "hfc": {"dmean": 12.7660703659, "dmean2": 18.6562824249, "dvar": 268.416992188, "dvar2": 527.189208984, "max": 133.049957275, "mean": 32.0512123108, "median": 26.9154930115, "min": 1.19373081175e-16, "var": 675.490661621}, "melbands_crest": {"dmean": 3.13640594482, "dmean2": 4.70853328705, "dvar": 12.3751916885, "dvar2": 27.3053474426, "max": 38.4721870422, "mean": 21.2517032623, "median": 22.3088798523, "min": 1.92502641678, "var": 94.9688796997}, "melbands_flatness_db": {"dmean": 0.0331800431013, "dmean2": 0.0441468507051, "dvar": 0.00139729108196, "dvar2": 0.00257587665692, "max": 0.737449645996, "mean": 0.193191513419, "median": 0.176711335778, "min": 0.00451351702213, "var": 0.00956679135561}, "melbands_kurtosis": {"dmean": 21.5127391815, "dmean2": 32.6644172668, "dvar": 6041.67529297, "dvar2": 13960.5283203, "max": 1981.40356445, "mean": 29.1446647644, "median": 5.51351690292, "min": -1.85646677017, "var": 8117.08886719}, "melbands_skewness": {"dmean": 1.22000098228, "dmean2": 1.72685694695, "dvar": 4.38413238525, "dvar2": 8.92093086243, "max": 37.4759483337, "mean": 3.32019042969, "median": 2.34646463394, "min": -2.41014766693, "var": 13.6972169876}, "melbands_spread": {"dmean": 13.2581930161, "dmean2": 18.9589385986, "dvar": 263.926818848, "dvar2": 525.95690918, "max": 249.649780273, "mean": 41.6814308167, "median": 36.4757080078, "min": 0.137989133596, "var": 953.583679199}, "pitch_salience": {"dmean": 0.0780007764697, "dmean2": 0.121464878321, "dvar": 0.00713754072785, "dvar2": 0.0168048273772, "max": 0.914750337601, "mean": 0.455231547356, "median": 0.455261945724, "min": 0.0329518504441, "var": 0.0348101221025}, "silence_rate_20dB": {"dmean": 0, "dmean2": 0, "dvar": 0, "dvar2": 0, "max": 1, "mean": 1, "median": 1, "min": 1, "var": 0}, "silence_rate_30dB": {"dmean": 0.000725426187273, "dmean2": 0.00145102781244, "dvar": 0.000724869489204, "dvar2": 0.00217431457713, "max": 1, "mean": 0.999637305737, "median": 1, "min": 0, "var": 0.000362557912013}, "silence_rate_60dB": {"dmean": 0.0132994800806, "dmean2": 0.0266021769494, "dvar": 0.0131213162094, "dvar2": 0.0324195511639, "max": 1, "mean": 0.0661266893148, "median": 0, "min": 0, "var": 0.0617462843657}, "spectral_centroid": {"dmean": 404.652954102, "dmean2": 574.112792969, "dvar": 215564.765625, "dvar2": 406036.4375, "max": 10620.2138672, "mean": 2476.92114258, "median": 2593.29589844, "min": 110.211532593, "var": 792405.375}, "spectral_complexity": {"dmean": 5.02478551865, "dmean2": 6.94292640686, "dvar": 37.2446289062, "dvar2": 59.1487426758, "max": 59, "mean": 17.4794483185, "median": 17, "min": 0, "var": 142.166244507}, "spectral_decrease": {"dmean": 1.50010048827e-09, "dmean2": 2.07631711824e-09, "dvar": 5.72010613704e-18, "dvar2": 1.21544744612e-17, "max": 6.26435921636e-17, "mean": -5.91791371463e-09, "median": -5.22135490399e-09, "min": -3.43694459559e-08, "var": 1.67259807607e-17}, "spectral_energy": {"dmean": 0.00654462026432, "dmean2": 0.00912694167346, "dvar": 9.1935362434e-05, "dvar2": 0.000192497784155, "max": 0.132209151983, "mean": 0.0252426713705, "median": 0.0232237800956, "min": 1.0715399437e-20, "var": 0.000267785682809}, "spectral_energyband_high": {"dmean": 0.00127863686066, "dmean2": 0.00191706069745, "dvar": 3.37871256306e-06, "dvar2": 6.83978078087e-06, "max": 0.0192079432309, "mean": 0.00260160327889, "median": 0.00161111354828, "min": 7.86754502716e-21, "var": 7.91996262706e-06}, "spectral_energyband_low": {"dmean": 0.00359666976146, "dmean2": 0.00488550122827, "dvar": 7.22309850971e-05, "dvar2": 0.000162030570209, "max": 0.130341514945, "mean": 0.0133059192449, "median": 0.00997756328434, "min": 4.33014775445e-23, "var": 0.000198534864467}, "spectral_energyband_middle_high": {"dmean": 0.00217762799002, "dmean2": 0.003085993696, "dvar": 7.42825386624e-06, "dvar2": 1.3910400412e-05, "max": 0.0316892117262, "mean": 0.00583446538076, "median": 0.00506296148524, "min": 1.52592830836e-21, "var": 2.44288348767e-05}, "spectral_energyband_middle_low": {"dmean": 0.00240069278516, "dmean2": 0.00390627421439, "dvar": 2.30676632782e-05, "dvar2": 6.16885372438e-05, "max": 0.0472148656845, "mean": 0.00384246348403, "median": 0.00238815508783, "min": 3.49787690646e-22, "var": 2.39336968662e-05}, "spectral_entropy": {"dmean": 0.225316330791, "dmean2": 0.316467136145, "dvar": 0.0553184635937, "dvar2": 0.101763673127, "max": 9.81740951538, "mean": 7.70551013947, "median": 7.76184558868, "min": 3.69251728058, "var": 0.308544188738}, "spectral_flux": {"dmean": 0.0247308425605, "dmean2": 0.036102194339, "dvar": 0.000822070694994, "dvar2": 0.00148946919944, "max": 0.325706005096, "mean": 0.0779212489724, "median": 0.069423802197, "min": 1.03515210292e-10, "var": 0.0022913061548}, "spectral_kurtosis": {"dmean": 2.18625283241, "dmean2": 3.37285232544, "dvar": 122.608955383, "dvar2": 259.737182617, "max": 583.806518555, "mean": 5.51422357559, "median": 2.78619718552, "min": -1.32343065739, "var": 625.014221191}, "spectral_rms": {"dmean": 0.00062596204225, "dmean2": 0.000859480991494, "dvar": 6.11704763287e-07, "dvar2": 1.19909861951e-06, "max": 0.0113571360707, "mean": 0.0046477066353, "median": 0.00475997338071, "min": 3.23327215696e-12, "var": 3.02585908685e-06}, "spectral_rolloff": {"dmean": 885.210266113, "dmean2": 1425.84484863, "dvar": 1764269.75, "dvar2": 3473683.75, "max": 18992.2851562, "mean": 2799.62109375, "median": 2605.51757812, "min": 43.06640625, "var": 5506358}, "spectral_skewness": {"dmean": 0.240890309215, "dmean2": 0.37215551734, "dvar": 0.190213739872, "dvar2": 0.399005919695, "max": 20.8299713135, "mean": 1.35652160645, "median": 1.23522865772, "min": -0.379073619843, "var": 1.2429817915}, "spectral_spread": {"dmean": 788828.75, "dmean2": 1140708.5, "dvar": 871774683136, "dvar2": 1698338832380.0, "max": 40213116, "mean": 5182951, "median": 4904123, "min": 179419.53125, "var": 3606077243390.0}, "spectral_strongpeak": {"dmean": 0.53920429945, "dmean2": 0.928221523762, "dvar": 2.36182951927, "dvar2": 5.47486305237, "max": 19.2626171112, "mean": 0.984856843948, "median": 0.275625646114, "min": 4.55226523144e-09, "var": 4.42378997803}, "zerocrossingrate": {"dmean": 0.0158181041479, "dmean2": 0.0171659495682, "dvar": 0.000313144439133, "dvar2": 0.000338573299814, "max": 0.619140625, "mean": 0.086447916925, "median": 0.076416015625, "min": 0.00146484375, "var": 0.0033707015682}, "barkbands": {"dmean": [0.000330483104335, 0.0025037380401, 0.00131556205451, 0.000755746325012, 0.000852941942867, 0.000425582838943, 0.000544532609638, 0.000288843759336, 0.000327397603542, 0.000309327151626, 0.000289059418719, 0.000257449311903, 0.000324452412315, 0.000258368760115, 0.000358939403668, 0.00045564287575, 0.000515950086992, 0.000354197603883, 0.000409940374084, 0.00055397930555, 0.000390917470213, 0.000216943211854, 0.000223503971938, 0.000256106024608, 0.000133289286168, 6.80115408613e-05, 1.59632770647e-06], "dmean2": [0.00037328019971, 0.00357065210119, 0.00232964660972, 0.00137971329968, 0.00136909575667, 0.000691983674187, 0.00086681812536, 0.000457038520835, 0.000514739018399, 0.000480467046145, 0.000451892614365, 0.000395946990466, 0.000502044917084, 0.000400389457354, 0.000544102862477, 0.000701382756233, 0.000816404877696, 0.000550999189727, 0.000621792161837, 0.000834748381749, 0.000600279890932, 0.000339531077771, 0.000341159029631, 0.000389912980609, 0.000208233017474, 0.000108352578536, 2.63542096945e-06], "dvar": [4.60534749891e-07, 3.44074651366e-05, 3.14098797389e-05, 8.12426060293e-06, 3.61494699064e-06, 1.40482211464e-06, 1.53594316998e-06, 4.73405805224e-07, 5.0010544328e-07, 4.04162449286e-07, 2.5362092515e-07, 4.00672888645e-07, 4.87246211378e-07, 2.94121349498e-07, 4.35106983332e-07, 5.23063590663e-07, 7.76079161824e-07, 3.22181364254e-07, 4.08150413023e-07, 8.25512245228e-07, 5.06608557771e-07, 1.25323211364e-07, 1.05761920111e-07, 1.76693006892e-07, 6.16451387714e-08, 1.32457342872e-08, 8.19927372525e-12], "dvar2": [6.07410413522e-07, 8.368435374e-05, 8.41172004584e-05, 2.32942165894e-05, 8.95234279596e-06, 3.43092642652e-06, 3.65331402463e-06, 1.07753805878e-06, 1.20374897961e-06, 9.3601329354e-07, 5.9652705886e-07, 9.45206807046e-07, 1.07806192773e-06, 6.83897383169e-07, 9.80842628451e-07, 1.17586489523e-06, 1.90029845726e-06, 7.15903468063e-07, 8.70153428423e-07, 1.61280024713e-06, 9.54653614826e-07, 2.87054774617e-07, 2.29157421927e-07, 3.94199759057e-07, 1.27581628817e-07, 3.08416581163e-08, 2.0022076011e-11], "max": [0.0123975537717, 0.0882342457771, 0.0855805799365, 0.0348588787019, 0.0273108053952, 0.0205653142184, 0.0218353755772, 0.0100009553134, 0.0106025775895, 0.0105879493058, 0.00763190165162, 0.0126047031954, 0.0128374118358, 0.0101708406582, 0.00928044132888, 0.0100008938462, 0.0126567212865, 0.0077021443285, 0.0200934801251, 0.0107696605846, 0.00751882093027, 0.0038489389699, 0.00462964642793, 0.00522701162845, 0.00387166254222, 0.00140793668106, 3.67734392057e-05], "mean": [0.00163880293258, 0.0105292741209, 0.000890828145202, 0.000550417287741, 0.00111921573989, 0.000461299379822, 0.000689615088049, 0.000365909480024, 0.000485840573674, 0.000434443267295, 0.000436302070739, 0.000344813277479, 0.00043729780009, 0.00036631396506, 0.000516786123626, 0.000713868299499, 0.000811315665487, 0.000579465762712, 0.000729997409508, 0.000995303737, 0.000718506111298, 0.000353179319063, 0.000387199339457, 0.000400163669838, 0.000196433727979, 8.83643515408e-05, 1.73862906649e-06], "median": [0.000407220795751, 0.00837119854987, 2.52185091085e-05, 1.8252107111e-05, 0.000209410573007, 4.65670163976e-05, 0.000140156553243, 7.61762057664e-05, 0.000131919106934, 0.000155025743879, 0.000177342648385, 9.19961894397e-05, 0.000116247378173, 9.16594144655e-05, 0.000180256538442, 0.000326642941218, 0.000401274301112, 0.000234526101849, 0.000345792039298, 0.000385456893127, 0.000207080680411, 0.000170689600054, 0.00020925005083, 0.00017258990556, 7.88997349446e-05, 2.59326097876e-05, 1.89815494878e-07], "min": [9.67212416244e-24, 6.73120653157e-24, 2.15729523538e-23, 1.09397368624e-23, 7.04641799435e-23, 1.0514380538e-22, 4.52285890053e-23, 8.26246916786e-23, 2.58288490489e-23, 3.83145260936e-23, 1.88917072225e-23, 6.31353529005e-23, 1.11114617841e-22, 7.84754221566e-23, 1.57535813073e-22, 1.84707085657e-22, 2.19192512471e-22, 2.43264079191e-22, 2.95114985101e-22, 3.56318752122e-22, 5.32481464434e-22, 3.13367989514e-22, 4.97322855278e-22, 9.16044771162e-22, 1.26524221715e-21, 1.92818244362e-21, 2.39077714274e-21], "var": [5.25650784766e-06, 0.000116417373647, 2.1120904421e-05, 4.92485833092e-06, 4.86686576551e-06, 1.70465887095e-06, 1.98368934434e-06, 7.26619362013e-07, 8.66315360781e-07, 6.61254944134e-07, 4.73843130067e-07, 5.66032781535e-07, 8.20079606001e-07, 5.41969711776e-07, 7.25265294932e-07, 9.68651193034e-07, 1.31009983306e-06, 6.76563729485e-07, 1.00614147414e-06, 2.08341043617e-06, 1.3371050045e-06, 2.21450719096e-07, 2.3370546387e-07, 3.3204690908e-07, 1.23418374187e-07, 2.01064995764e-08, 1.14419532876e-11]}, "erbbands": {"dmean": [0.119421437383, 0.494946926832, 1.41282629967, 2.17135620117, 2.47298383713, 3.18464064598, 2.88620448112, 3.76453018188, 5.90847110748, 10.0558605194, 4.71572256088, 7.84970140457, 8.86044788361, 8.92827224731, 11.8991756439, 9.54924297333, 15.1214809418, 13.6856813431, 13.394952774, 22.0785293579, 25.0929813385, 24.764831543, 20.2749481201, 21.7323379517, 19.5388813019, 28.5204353333, 16.0423870087, 14.5169582367, 8.67450332642, 7.45601511002, 6.19691753387, 5.96055793762, 3.8741979599, 1.70668756962, 0.909556865692, 0.400465577841, 0.108177021146, 0.0112798446789, 0.000268585194135, 2.03299041459e-05], "dmean2": [0.158355653286, 0.748539984226, 2.44974970818, 3.88091850281, 4.21671676636, 4.98322629929, 4.62691688538, 6.15383434296, 9.52692317963, 15.8047065735, 7.38793897629, 12.3245153427, 13.555727005, 14.0353956223, 18.3632507324, 14.4183063507, 22.9257774353, 20.9239616394, 20.386756897, 33.5078849792, 37.8005371094, 38.8913269043, 31.0393314362, 32.6468048096, 29.4104347229, 42.6756324768, 24.4039287567, 22.165304184, 13.4172582626, 11.2870492935, 9.52159023285, 9.11607933044, 5.98901367188, 2.62974858284, 1.44746470451, 0.635949671268, 0.174782007933, 0.018040060997, 0.00042718986515, 3.04505283566e-05], "dvar": [0.0540210716426, 2.2318751812, 33.469833374, 71.4857330322, 46.9792137146, 54.0262413025, 61.4443778992, 123.721588135, 180.336959839, 663.684326172, 118.341636658, 338.576202393, 436.099884033, 267.077056885, 405.555084229, 491.166137695, 1042.41296387, 840.50994873, 681.905151367, 1551.26879883, 1851.79345703, 1645.76696777, 974.676635742, 1243.50366211, 1057.67248535, 2449.15185547, 722.614685059, 977.658996582, 218.937835693, 111.08391571, 95.2231903076, 93.8303909302, 45.7063179016, 11.1737985611, 2.68070101738, 0.469939887524, 0.0332835353911, 0.000394177099224, 2.08846287819e-07, 7.74806774295e-10], "dvar2": [0.117627635598, 5.56220054626, 87.7067184448, 198.896057129, 127.830665588, 127.70790863, 138.330276489, 303.794586182, 434.315216064, 1606.52539062, 283.214202881, 819.352478027, 972.427307129, 648.668640137, 936.687133789, 1149.45532227, 2294.80981445, 1958.19604492, 1508.17895508, 3601.20043945, 4120.1015625, 4036.9050293, 2204.46606445, 2581.7668457, 2357.42382812, 4649.06396484, 1370.70397949, 1923.5579834, 479.188079834, 242.679718018, 217.435745239, 212.164779663, 100.854400635, 23.4704055786, 6.0524520874, 1.07045030594, 0.0782944411039, 0.000910294591449, 4.86691021706e-07, 1.75768433142e-09], "max": [4.96445322037, 22.9286308289, 86.8355636597, 110.415420532, 90.3943939209, 105.56791687, 197.37109375, 213.009750366, 206.55368042, 558.124023438, 198.440444946, 308.509552002, 388.262023926, 247.907394409, 313.513549805, 485.194335938, 597.289733887, 588.822937012, 455.534759521, 582.190490723, 608.05291748, 529.67590332, 476.981262207, 842.855895996, 1269.70507812, 614.328552246, 304.313201904, 420.111694336, 179.278747559, 122.159767151, 149.525970459, 160.69367981, 90.7110137939, 54.4193458557, 28.1778926849, 9.75503349304, 2.22005391121, 0.232822269201, 0.00623441953212, 0.000403198588174], "mean": [0.5563814044, 1.34948956966, 1.10327744484, 1.58794736862, 2.49069833755, 4.29863166809, 3.48047780991, 4.05045413971, 7.09009170532, 13.5430002213, 6.65662240982, 12.015414238, 12.8836698532, 13.335600853, 19.2820320129, 14.7595844269, 21.5904159546, 20.6815414429, 19.7074337006, 33.6120262146, 42.177936554, 41.0468406677, 34.2491416931, 38.7453384399, 34.9725608826, 52.5285568237, 29.4659385681, 25.2513484955, 14.3646945953, 13.0416498184, 10.2946100235, 9.21478366852, 5.78342437744, 2.52003955841, 1.25929844379, 0.540304362774, 0.135611057281, 0.0138298142701, 0.000349885871401, 4.99168672832e-05], "median": [0.409283936024, 0.79723572731, 0.140892282128, 0.0829238891602, 0.304307878017, 0.766596436501, 0.522436618805, 0.572007000446, 1.55297124386, 2.83871054649, 2.54927301407, 3.26977586746, 4.62870693207, 5.81900501251, 8.59201717377, 5.42384290695, 6.32961702347, 5.78749370575, 6.98358345032, 16.1534900665, 21.3437976837, 22.903842926, 18.6399040222, 16.7139358521, 18.9290771484, 19.6585636139, 11.2849302292, 5.4402756691, 6.02204608917, 7.07260560989, 5.43158769608, 3.975928545, 2.30524921417, 0.943960785866, 0.522064089775, 0.193429991603, 0.0329287573695, 0.00233122496866, 9.57876909524e-05, 4.01859215344e-05], "min": [1.92936823409e-22, 1.95644592883e-21, 1.93009008851e-20, 4.06817474206e-20, 3.7779781343e-20, 2.45479753749e-19, 9.59250854093e-19, 7.17726522936e-19, 7.93333829453e-19, 6.43439344978e-19, 1.83835266312e-18, 6.02786157907e-19, 8.56642924816e-19, 1.66097536128e-18, 8.38214323045e-19, 3.0289931281e-18, 4.20651492217e-18, 4.69255921907e-18, 7.65614800332e-18, 7.5302420151e-18, 9.90576328647e-18, 1.30739957271e-17, 1.33973257393e-17, 1.52067659584e-17, 1.32991592529e-17, 1.59730908933e-17, 2.29682827097e-17, 1.85271516553e-17, 1.32445396899e-17, 1.0633730202e-17, 1.63540902835e-17, 1.40808391415e-17, 1.90179691979e-17, 1.43653628024e-17, 8.19442916949e-18, 6.4857027394e-18, 3.78453576371e-18, 1.41572509846e-18, 3.19489309214e-19, 3.64730395392e-20], "var": [0.3094137609, 3.64189481735, 23.9371509552, 45.2296142578, 41.0322570801, 83.0710830688, 90.7839508057, 140.669403076, 233.153640747, 909.311645508, 171.234191895, 585.136535645, 757.366455078, 420.027008057, 800.049194336, 771.350891113, 1826.77197266, 1624.14648438, 1206.18005371, 2379.16210938, 3444.77905273, 2818.49926758, 1970.66821289, 2909.63696289, 2173.58105469, 6477.33984375, 1927.51977539, 2424.94677734, 426.63848877, 240.882858276, 184.487258911, 171.640319824, 83.0205230713, 21.5565452576, 4.76671600342, 0.775910377502, 0.0466865152121, 0.000581509200856, 3.20233311868e-07, 1.51438184215e-09]}, "gfcc": {"mean": [-18.8497982025, 33.2308158875, -133.225265503, 41.1859397888, -60.0169219971, 20.6347503662, -36.1565895081, 20.4181156158, -19.9267368317, 6.87127971649, -11.9168272018, 7.41998338699, -5.50187969208], "cov": [[13708.2607422, -1853.01867676, -105.593460083, 1588.20446777, -169.532104492, 922.250549316, 0.175131857395, 932.649902344, -1.04361116886, 688.459106445, -22.4361457825, 412.259979248, -53.0288314819], [-1853.01867676, 2741.28637695, 568.400085449, -18.8952217102, 621.730285645, 156.394424438, 412.983398438, -6.3455915451, 355.316497803, -95.886390686, 387.852264404, -34.1308898926, 187.710906982], [-105.593460083, 568.400085449, 2191.08935547, 1106.7298584, 739.681518555, 659.72265625, 312.529663086, 376.269500732, 321.338592529, 297.078796387, 224.467803955, 320.797454834, 97.9214706421], [1588.20446777, -18.8952217102, 1106.7298584, 1431.68896484, 643.879333496, 535.414489746, 280.106018066, 409.107147217, 287.781463623, 286.381530762, 188.972305298, 223.788803101, 123.880401611], [-169.532104492, 621.730285645, 739.681518555, 643.879333496, 817.616821289, 490.034301758, 441.409362793, 285.11505127, 303.733123779, 207.621673584, 195.308837891, 137.5625, 99.7213821411], [922.250549316, 156.394424438, 659.72265625, 535.414489746, 490.034301758, 802.310852051, 428.042480469, 350.051513672, 270.826324463, 223.284744263, 198.463790894, 153.9715271, 68.119430542], [0.175131857395, 412.983398438, 312.529663086, 280.106018066, 441.409362793, 428.042480469, 678.436706543, 249.32572937, 191.874862671, 204.72756958, 110.763145447, 118.46685791, 56.1948394775], [932.649902344, -6.3455915451, 376.269500732, 409.107147217, 285.11505127, 350.051513672, 249.32572937, 398.32989502, 201.694198608, 180.955856323, 135.36932373, 113.824462891, 41.5212478638], [-1.04361116886, 355.316497803, 321.338592529, 287.781463623, 303.733123779, 270.826324463, 191.874862671, 201.694198608, 334.708526611, 123.464141846, 152.762863159, 87.135597229, 55.6927337646], [688.459106445, -95.886390686, 297.078796387, 286.381530762, 207.621673584, 223.284744263, 204.72756958, 180.955856323, 123.464141846, 267.452423096, 62.172744751, 106.75932312, 21.6895675659], [-22.4361457825, 387.852264404, 224.467803955, 188.972305298, 195.308837891, 198.463790894, 110.763145447, 135.36932373, 152.762863159, 62.172744751, 237.314956665, 59.5621681213, 54.5164070129], [412.259979248, -34.1308898926, 320.797454834, 223.788803101, 137.5625, 153.9715271, 118.46685791, 113.824462891, 87.135597229, 106.75932312, 59.5621681213, 190.876022339, 36.8268928528], [-53.0288314819, 187.710906982, 97.9214706421, 123.880401611, 99.7213821411, 68.119430542, 56.1948394775, 41.5212478638, 55.6927337646, 21.6895675659, 54.5164070129, 36.8268928528, 127.24017334]], "icov": [[0.000226461255806, -0.000275717029581, 0.000390675326344, -0.000462062453153, 0.000416603143094, -0.000527595751919, 0.000486484757857, -0.000608009810094, 0.000506412994582, -0.000624291715212, 0.000587391143199, -0.00060964608565, 0.000399384298362], [-0.000275717029581, 0.00147037091665, -0.000957986456342, 0.00105838757008, -0.00111950712744, 0.00130377500318, -0.00142461492214, 0.00142525788397, -0.00140831444878, 0.00169795751572, -0.00232714414597, 0.00170721160248, -0.00140385364648], [0.000390675326344, -0.000957986456342, 0.00183823995758, -0.00140866276342, 0.000514703220688, -0.00151212466881, 0.00149722560309, -0.00118825212121, 0.00125855498482, -0.00150731042959, 0.00167030608281, -0.00233443407342, 0.00133161596023], [-0.000462062453153, 0.00105838757008, -0.00140866276342, 0.00278710317798, -0.00183659396134, 0.00124930252787, -0.000857482431456, 0.00073382165283, -0.00121087068692, 0.00121249840595, -0.00169141823426, 0.00145624857396, -0.00184706423897], [0.000416603143094, -0.00111950712744, 0.000514703220688, -0.00183659396134, 0.00458900537342, -0.00159760401584, -6.80664088577e-05, -0.00107291305903, 0.000147073573316, -0.00163592433091, 0.00144126371015, -0.000887057336513, 0.000709833751898], [-0.000527595751919, 0.00130377500318, -0.00151212466881, 0.00124930252787, -0.00159760401584, 0.00457636546344, -0.00253126188181, 0.00081669370411, -0.00192951003555, 0.00185768969823, -0.00299148238264, 0.00202273926698, -0.00131825311109], [0.000486484757857, -0.00142461492214, 0.00149722560309, -0.000857482431456, -6.80664088577e-05, -0.00253126188181, 0.00476720742881, -0.00236122380011, 0.00186905323062, -0.0029901934322, 0.00287617789581, -0.00260001327842, 0.00127245474141], [-0.000608009810094, 0.00142525788397, -0.00118825212121, 0.00073382165283, -0.00107291305903, 0.00081669370411, -0.00236122380011, 0.00776146259159, -0.00307018123567, 0.000885497778654, -0.00343686691485, 0.00184963596985, -0.00111220043618], [0.000506412994582, -0.00140831444878, 0.00125855498482, -0.00121087068692, 0.000147073573316, -0.00192951003555, 0.00186905323062, -0.00307018123567, 0.0076316902414, -0.00257420819253, 0.000592479831539, -0.00236539170146, 0.00112232891843], [-0.000624291715212, 0.00169795751572, -0.00150731042959, 0.00121249840595, -0.00163592433091, 0.00185768969823, -0.0029901934322, 0.000885497778654, -0.00257420819253, 0.00928980764002, -0.00239200540818, 0.000710620894097, -0.00110399606638], [0.000587391143199, -0.00232714414597, 0.00167030608281, -0.00169141823426, 0.00144126371015, -0.00299148238264, 0.00287617789581, -0.00343686691485, 0.000592479831539, -0.00239200540818, 0.0106376642361, -0.00329725700431, 0.000907487643417], [-0.00060964608565, 0.00170721160248, -0.00233443407342, 0.00145624857396, -0.000887057336513, 0.00202273926698, -0.00260001327842, 0.00184963596985, -0.00236539170146, 0.000710620894097, -0.00329725700431, 0.0108978096396, -0.00306410645135], [0.000399384298362, -0.00140385364648, 0.00133161596023, -0.00184706423897, 0.000709833751898, -0.00131825311109, 0.00127245474141, -0.00111220043618, 0.00112232891843, -0.00110399606638, 0.000907487643417, -0.00306410645135, 0.0110155036673]]}, "melbands": {"dmean": [0.000824571587145, 0.000684562255628, 0.000375209725462, 0.00020351720741, 0.000109181419248, 8.36126564536e-05, 9.55495925155e-05, 0.000101599449408, 4.02674486395e-05, 4.81199676869e-05, 4.46949379693e-05, 3.69559238607e-05, 4.09527237935e-05, 2.87877464871e-05, 3.74794944946e-05, 2.51682831731e-05, 2.76881328318e-05, 2.0741190383e-05, 2.58397467405e-05, 3.45420994563e-05, 3.09049682983e-05, 2.76362879958e-05, 2.73794739769e-05, 1.805419015e-05, 1.93788018805e-05, 1.55540183187e-05, 1.6964659153e-05, 2.02272167371e-05, 1.13264104584e-05, 8.29418331705e-06, 9.98889845505e-06, 5.34689979759e-06, 4.47965840067e-06, 4.64692629976e-06, 3.95735605707e-06, 3.53142468157e-06, 4.01982288167e-06, 3.16540831591e-06, 1.88595686268e-06, 1.38331131438e-06], "dmean2": [0.00110577291343, 0.00110128009692, 0.000657930446323, 0.000327987567289, 0.000174253829755, 0.000137043840368, 0.000153238564963, 0.000159476097906, 6.2796396378e-05, 7.57310335757e-05, 6.84919432388e-05, 5.83390865359e-05, 6.37209304841e-05, 4.44765755674e-05, 5.64623587707e-05, 3.88918815588e-05, 4.26509359386e-05, 3.21624502249e-05, 4.00062308472e-05, 5.33153506694e-05, 4.72496758448e-05, 4.41421361757e-05, 4.31354310422e-05, 2.75400288956e-05, 2.98318627756e-05, 2.35365278058e-05, 2.58288382611e-05, 3.04499626509e-05, 1.75996592588e-05, 1.25763581309e-05, 1.53761957336e-05, 8.43631096359e-06, 7.06672153683e-06, 7.13522331353e-06, 6.20361743131e-06, 5.58424926567e-06, 6.24110134595e-06, 4.96929260407e-06, 2.92929189527e-06, 2.15515592572e-06], "dvar": [2.6871391583e-06, 6.16275201537e-06, 1.83519898656e-06, 2.09996215972e-07, 7.48287050101e-08, 5.69556029006e-08, 4.42057057626e-08, 6.27738572234e-08, 8.22524626187e-09, 1.18215410794e-08, 1.11393125835e-08, 4.79086637029e-09, 4.89749174548e-09, 4.33094760055e-09, 6.53764686831e-09, 2.56817944688e-09, 3.70451846976e-09, 1.701335961e-09, 2.51887399827e-09, 3.13760706305e-09, 3.20981197177e-09, 2.46400411186e-09, 1.94176563717e-09, 9.26714538441e-10, 1.10347531113e-09, 6.79395650849e-10, 8.14108724878e-10, 1.32884037107e-09, 3.21876414411e-10, 2.41447167815e-10, 6.84244161331e-10, 9.92975424108e-11, 6.20284240638e-11, 4.54976577247e-11, 4.38988914664e-11, 4.00173817694e-11, 4.54115321735e-11, 3.25710326765e-11, 1.30668939211e-11, 7.73979491608e-12], "dvar2": [6.13843803876e-06, 1.5389334294e-05, 5.0541402743e-06, 5.24921119904e-07, 1.72819810018e-07, 1.39715055525e-07, 1.05343744394e-07, 1.49993397258e-07, 1.98041885113e-08, 2.88972596962e-08, 2.49438958377e-08, 1.15025358127e-08, 1.13718465755e-08, 1.05833812825e-08, 1.40167379925e-08, 5.96079852144e-09, 8.54586801324e-09, 3.77392739281e-09, 6.06694117167e-09, 7.22733650704e-09, 7.50121653681e-09, 6.25723561853e-09, 4.66584904046e-09, 2.15839945916e-09, 2.38422237508e-09, 1.49247647574e-09, 1.78285608499e-09, 2.56382381991e-09, 6.91738444303e-10, 5.0337534141e-10, 1.29776889235e-09, 2.26000385073e-10, 1.62497931777e-10, 1.0919602722e-10, 1.09102636647e-10, 9.49857137389e-11, 1.05757222424e-10, 7.33921048934e-11, 2.88690651246e-11, 1.65264954499e-11], "max": [0.0325451232493, 0.0382870063186, 0.0165600012988, 0.00564896082506, 0.00618685409427, 0.00451911333948, 0.00314498948865, 0.00509791169316, 0.00164022727404, 0.00167743663769, 0.00193735584617, 0.00108248647302, 0.00113715371117, 0.00123763002921, 0.00170086557046, 0.000700996897649, 0.00106473627966, 0.000885334913619, 0.000831757613923, 0.000866053858772, 0.000730081694201, 0.000680356635712, 0.000559642561711, 0.00054301234195, 0.000796242675278, 0.000720229232684, 0.000628997629974, 0.000502313952893, 0.000189452242921, 0.000168523169123, 0.000397241296014, 0.000128921848955, 0.000106600105937, 8.31311772345e-05, 0.000124168480397, 9.18167206692e-05, 0.000132734960061, 7.92111604824e-05, 6.57794880681e-05, 4.51607993455e-05], "mean": [0.00378804653883, 0.000927782675717, 0.000294568599202, 0.000255078339251, 0.000140678006574, 8.98789367056e-05, 0.000117391798995, 0.000135924216011, 5.67547940591e-05, 7.21390315448e-05, 6.31503789918e-05, 5.24062925251e-05, 6.44195024506e-05, 4.12903682445e-05, 5.20180947206e-05, 3.51102862624e-05, 3.94828966819e-05, 2.83030531136e-05, 3.53974464815e-05, 5.34138780495e-05, 4.74463049613e-05, 4.22329794674e-05, 3.97763105866e-05, 2.75457587122e-05, 3.16713376378e-05, 2.55474242294e-05, 2.79125433735e-05, 3.58280340151e-05, 1.93276282516e-05, 1.26949016703e-05, 1.70875464391e-05, 8.19216711534e-06, 6.63980335958e-06, 7.67041456129e-06, 6.1180035118e-06, 5.33021329829e-06, 5.80405549044e-06, 4.52851963928e-06, 2.62614980784e-06, 1.95088887267e-06], "median": [0.00298978202045, 0.000335386430379, 1.50636151375e-05, 4.38458482677e-05, 2.36936684814e-05, 1.03083175418e-05, 2.4969003789e-05, 2.78424995486e-05, 1.77927722689e-05, 2.0537940145e-05, 2.0417775886e-05, 1.96940927708e-05, 2.79346932075e-05, 1.48781846292e-05, 1.45486401379e-05, 1.08276926767e-05, 9.05772685655e-06, 8.50570359034e-06, 1.29036934595e-05, 2.46985437116e-05, 2.20112451643e-05, 2.12014529097e-05, 1.75548666448e-05, 1.07391942947e-05, 1.13439018605e-05, 1.05569142761e-05, 1.08468739199e-05, 1.11084782475e-05, 7.06849186827e-06, 2.93333323498e-06, 2.57376109403e-06, 2.8173908504e-06, 3.11482313009e-06, 4.05918217439e-06, 3.05681101054e-06, 2.27052623814e-06, 2.28872863772e-06, 1.61259345077e-06, 9.90919829746e-07, 6.41060239559e-07], "min": [2.55480118056e-24, 7.65110196631e-24, 6.31985027937e-24, 7.63710994043e-24, 3.03481889987e-23, 1.7384986049e-23, 1.02844861176e-23, 8.81520586034e-24, 1.38791635462e-23, 3.3703569416e-24, 4.12633772986e-24, 6.62933776743e-24, 2.26581362363e-24, 6.01156028217e-24, 1.02098582982e-23, 9.9828485844e-24, 8.06711959759e-24, 1.08590064151e-23, 1.25357050256e-23, 9.81442914772e-24, 1.17990028146e-23, 1.45726211913e-23, 1.07237988114e-23, 1.205443992e-23, 1.25006527801e-23, 1.07361965494e-23, 7.48245533769e-24, 1.1456459688e-23, 1.43474392681e-23, 1.23904331345e-23, 1.0930625519e-23, 6.54996100543e-24, 7.25220656098e-24, 5.70479791411e-24, 9.96334084307e-24, 6.90266939362e-24, 9.39097965785e-24, 1.23052653446e-23, 1.4881345062e-23, 1.11394512001e-23], "var": [1.39417870741e-05, 5.54507596462e-06, 1.22418975934e-06, 2.70213831755e-07, 1.14382601168e-07, 6.63955148639e-08, 5.78100127768e-08, 8.90732607672e-08, 1.23228547366e-08, 1.95671852055e-08, 1.91127575988e-08, 7.43698391759e-09, 9.70269020684e-09, 6.2610521212e-09, 1.17205321004e-08, 4.19918366745e-09, 6.97723345766e-09, 2.860096604e-09, 3.46311468391e-09, 5.66974245331e-09, 5.21433651812e-09, 3.671515314e-09, 3.16246095977e-09, 1.68279845614e-09, 2.30463603756e-09, 1.43708034361e-09, 1.62924618241e-09, 3.42869621583e-09, 7.60435991953e-10, 5.12091646865e-10, 1.8179358019e-09, 1.80762654844e-10, 8.54957354912e-11, 9.00574684271e-11, 7.23714838058e-11, 6.89835549794e-11, 7.57706328236e-11, 5.58915622118e-11, 2.28940165437e-11, 1.45209200567e-11]}, "mfcc": {"mean": [-652.744018555, 60.721786499, -11.6787862778, 18.0611820221, 2.89816069603, 1.99837243557, 0.0537770278752, 10.1258649826, 1.60497331619, 5.81370687485, -4.12191772461, 4.85839605331, 5.88049650192], "cov": [[9625.46191406, -1243.09155273, -352.354827881, 448.935058594, 95.8966293335, 77.7018585205, 193.004623413, 191.501327515, 186.458435059, 341.689819336, 124.133026123, 246.475952148, 143.72454834], [-1243.09155273, 1982.78125, 337.791656494, 114.953361511, 252.365982056, 271.137634277, 283.34161377, 245.511291504, 128.217834473, 129.515609741, 169.460235596, 146.533447266, 171.925552368], [-352.354827881, 337.791656494, 1510.12792969, 676.039672852, 720.604370117, 481.734222412, 319.629333496, 355.826934814, 237.95803833, 164.231567383, 248.015396118, 188.741531372, 245.249298096], [448.935058594, 114.953361511, 676.039672852, 1051.0760498, 576.78692627, 379.126068115, 291.646514893, 270.942138672, 278.125427246, 189.499725342, 205.83404541, 169.354202271, 206.744812012], [95.8966293335, 252.365982056, 720.604370117, 576.78692627, 860.655090332, 392.698730469, 264.072937012, 332.471435547, 203.985122681, 250.259994507, 234.815124512, 173.45123291, 198.671813965], [77.7018585205, 271.137634277, 481.734222412, 379.126068115, 392.698730469, 640.489318848, 395.660461426, 328.979400635, 308.404663086, 207.129745483, 279.235931396, 170.876022339, 165.217453003], [193.004623413, 283.34161377, 319.629333496, 291.646514893, 264.072937012, 395.660461426, 537.521911621, 306.227081299, 260.119537354, 217.716583252, 241.164855957, 159.720825195, 132.229995728], [191.501327515, 245.511291504, 355.826934814, 270.942138672, 332.471435547, 328.979400635, 306.227081299, 443.419006348, 226.047729492, 205.693664551, 234.403839111, 153.195632935, 169.094024658], [186.458435059, 128.217834473, 237.95803833, 278.125427246, 203.985122681, 308.404663086, 260.119537354, 226.047729492, 353.416503906, 171.809555054, 184.430786133, 137.445388794, 123.70010376], [341.689819336, 129.515609741, 164.231567383, 189.499725342, 250.259994507, 207.129745483, 217.716583252, 205.693664551, 171.809555054, 290.59979248, 186.353759766, 113.881874084, 105.343612671], [124.133026123, 169.460235596, 248.015396118, 205.83404541, 234.815124512, 279.235931396, 241.164855957, 234.403839111, 184.430786133, 186.353759766, 306.420928955, 147.962539673, 130.793731689], [246.475952148, 146.533447266, 188.741531372, 169.354202271, 173.45123291, 170.876022339, 159.720825195, 153.195632935, 137.445388794, 113.881874084, 147.962539673, 204.162765503, 122.381072998], [143.72454834, 171.925552368, 245.249298096, 206.744812012, 198.671813965, 165.217453003, 132.229995728, 169.094024658, 123.70010376, 105.343612671, 130.793731689, 122.381072998, 194.785476685]], "icov": [[0.000133162902785, 9.92394343484e-05, 6.74904877087e-05, -7.32137923478e-05, 3.49360489054e-05, 3.39209600497e-06, -2.52741847362e-05, -4.44114666607e-05, 5.91853713559e-05, -0.000173980617546, 9.94559377432e-05, -0.000186627134099, -6.89352746122e-05], [9.92394343484e-05, 0.000656753603835, 8.86775706022e-06, 7.60176480981e-05, -2.89270174108e-05, -6.05674940743e-05, -0.000246349460213, -9.94002330117e-05, 0.000166257101228, -7.63603020459e-05, 0.000117286559544, -0.000228540593525, -0.000409802771173], [6.74904877087e-05, 8.86775706022e-06, 0.00135051913094, -0.000328662426909, -0.000741992029361, -0.00032848387491, -0.000105905106466, -0.000150352221681, 0.000133733803523, 0.000566037662793, -2.01334205485e-05, -3.99520904466e-05, -0.000523787573911], [-7.32137923478e-05, 7.60176480981e-05, -0.000328662426909, 0.00188654742669, -0.000854978396092, -3.56405166713e-07, -0.000284800829832, 0.000353661598638, -0.000801372516435, 0.000290892756311, 0.000110146967927, 0.000149429281009, -0.000659227545839], [3.49360489054e-05, -2.89270174108e-05, -0.000741992029361, -0.000854978396092, 0.00306148361415, -0.000640386133455, 0.000568801129702, -0.000741523399483, 0.000848450348713, -0.00159427488688, 0.000194967593416, -0.000369685061742, -5.5600914493e-05], [3.39209600497e-06, -6.05674940743e-05, -0.00032848387491, -3.56405166713e-07, -0.000640386133455, 0.00439159013331, -0.0014381807996, -0.000356388452929, -0.0017052043695, 0.000708737585228, -0.00141882349271, 0.000299592706142, 0.000142898730701], [-2.52741847362e-05, -0.000246349460213, -0.000105905106466, -0.000284800829832, 0.000568801129702, -0.0014381807996, 0.00456742802635, -0.00119020114653, -0.000572573451791, -0.00111699092668, -0.000444384291768, -0.000631074188277, 0.000906652479898], [-4.44114666607e-05, -9.94002330117e-05, -0.000150352221681, 0.000353661598638, -0.000741523399483, -0.000356388452929, -0.00119020114653, 0.00573071045801, -0.000764683180023, -0.000597612466663, -0.00115111726336, 0.000267251947662, -0.00175998918712], [5.91853713559e-05, 0.000166257101228, 0.000133733803523, -0.000801372516435, 0.000848450348713, -0.0017052043695, -0.000572573451791, -0.000764683180023, 0.00653750589117, -0.00145296019036, -5.74204705117e-06, -0.00122995802667, -0.000464013835881], [-0.000173980617546, -7.63603020459e-05, 0.000566037662793, 0.000290892756311, -0.00159427488688, 0.000708737585228, -0.00111699092668, -0.000597612466663, -0.00145296019036, 0.00774843199179, -0.00243269419298, 0.000156589245307, -0.000256344559602], [9.94559377432e-05, 0.000117286559544, -2.01334205485e-05, 0.000110146967927, 0.000194967593416, -0.00141882349271, -0.000444384291768, -0.00115111726336, -5.74204705117e-06, -0.00243269419298, 0.00842495635152, -0.00226114992984, -0.000880127307028], [-0.000186627134099, -0.000228540593525, -3.99520904466e-05, 0.000149429281009, -0.000369685061742, 0.000299592706142, -0.000631074188277, 0.000267251947662, -0.00122995802667, 0.000156589245307, -0.00226114992984, 0.0100719677284, -0.00356289418414], [-6.89352746122e-05, -0.000409802771173, -0.000523787573911, -0.000659227545839, -5.5600914493e-05, 0.000142898730701, 0.000906652479898, -0.00175998918712, -0.000464013835881, -0.000256344559602, -0.000880127307028, -0.00356289418414, 0.011016305536]]}, "spectral_contrast_coeffs": {"dmean": [0.0508556887507, 0.054067119956, 0.0431605167687, 0.0405033044517, 0.0382925197482, 0.028440291062], "dmean2": [0.0791930109262, 0.0849346220493, 0.0677017197013, 0.0609772987664, 0.0546130686998, 0.0428723171353], "dvar": [0.00202857330441, 0.00205229688436, 0.00121244392358, 0.00117292476352, 0.0011380398646, 0.000685711507685], "dvar2": [0.00465235672891, 0.00493398495018, 0.00284921564162, 0.00250089052133, 0.00216913060285, 0.00148430850822], "max": [-0.231603056192, -0.395180702209, -0.479267269373, -0.50640887022, -0.49710687995, -0.540043115616], "mean": [-0.637920737267, -0.725599765778, -0.771169900894, -0.743212521076, -0.732314288616, -0.754181087017], "median": [-0.666509985924, -0.733274698257, -0.777856349945, -0.74936568737, -0.744274020195, -0.757109999657], "min": [-0.961142718792, -0.976495027542, -0.962618589401, -0.962409973145, -0.964353442192, -0.961953401566], "var": [0.0162039585412, 0.00846559554338, 0.00479525700212, 0.00561738805845, 0.00659833149984, 0.00352075789124]}, "spectral_contrast_valleys": {"dmean": [0.458421826363, 0.528255105019, 0.433684378862, 0.425540566444, 0.431494176388, 0.488932967186], "dmean2": [0.717557370663, 0.818952560425, 0.648758471012, 0.614774286747, 0.604233205318, 0.676700592041], "dvar": [0.187719300389, 0.27068156004, 0.180250674486, 0.181136116385, 0.201437994838, 0.286249130964], "dvar2": [0.408006697893, 0.576740264893, 0.328958749771, 0.336776137352, 0.380764305592, 0.578302025795], "max": [-5.61984729767, -4.85410690308, -5.17214536667, -5.9436