{"lowlevel": {"average_loudness": 0.942335009575, "barkbands_crest": {"dmean": 3.28015470505, "dmean2": 4.67583608627, "dvar": 6.93668365479, "dvar2": 14.9756793976, "max": 24.7962284088, "mean": 11.0358095169, "median": 10.1556243896, "min": 2.28059792519, "var": 23.2800178528}, "barkbands_flatness_db": {"dmean": 0.0405569560826, "dmean2": 0.0559788607061, "dvar": 0.00136555160861, "dvar2": 0.00300117209554, "max": 0.469887554646, "mean": 0.156217053533, "median": 0.137851297855, "min": 0.0157616268843, "var": 0.00658465130255}, "barkbands_kurtosis": {"dmean": 4.15267944336, "dmean2": 6.12421226501, "dvar": 56.6887550354, "dvar2": 126.433708191, "max": 110.721702576, "mean": 4.06210803986, "median": 1.22453045845, "min": -1.83027005196, "var": 80.8704452515}, "barkbands_skewness": {"dmean": 0.829297423363, "dmean2": 1.12282049656, "dvar": 0.660842239857, "dvar2": 1.32247030735, "max": 8.85071086884, "mean": 1.30531299114, "median": 1.08106946945, "min": -3.14442849159, "var": 2.20463895798}, "barkbands_spread": {"dmean": 11.2906808853, "dmean2": 16.2298698425, "dvar": 164.742034912, "dvar2": 293.612701416, "max": 94.4763336182, "mean": 25.8402080536, "median": 18.8350391388, "min": 0.709424316883, "var": 458.269134521}, "dissonance": {"dmean": 0.0230025555938, "dmean2": 0.0380621924996, "dvar": 0.000565356283914, "dvar2": 0.00144072412513, "max": 0.499995529652, "mean": 0.456499516964, "median": 0.467694103718, "min": 0.183476924896, "var": 0.00157133326866}, "dynamic_complexity": 3.50141906738, "erbbands_crest": {"dmean": 2.48297309875, "dmean2": 3.99159884453, "dvar": 5.79446029663, "dvar2": 13.09836483, "max": 30.2084350586, "mean": 7.78708362579, "median": 6.93586111069, "min": 2.13234996796, "var": 15.9018001556}, "erbbands_flatness_db": {"dmean": 0.0316388234496, "dmean2": 0.0445861369371, "dvar": 0.00125682761427, "dvar2": 0.00237116171047, "max": 0.503352999687, "mean": 0.178695619106, "median": 0.154704451561, "min": 0.0312316063792, "var": 0.00860747788101}, "erbbands_kurtosis": {"dmean": 1.15049421787, "dmean2": 1.83037078381, "dvar": 2.37926578522, "dvar2": 5.35240507126, "max": 24.8782691956, "mean": 0.464195877314, "median": -0.103595256805, "min": -1.6900935173, "var": 4.07097530365}, "erbbands_skewness": {"dmean": 0.49615034461, "dmean2": 0.743917286396, "dvar": 0.267000079155, "dvar2": 0.570648908615, "max": 4.51173067093, "mean": 0.231482446194, "median": 0.204693496227, "min": -2.25202894211, "var": 0.581497311592}, "erbbands_spread": {"dmean": 12.6991300583, "dmean2": 18.5710163116, "dvar": 208.496566772, "dvar2": 393.596099854, "max": 129.345474243, "mean": 37.8537483215, "median": 31.3700942993, "min": 2.76010513306, "var": 573.790283203}, "hfc": {"dmean": 24.8834590912, "dmean2": 36.6870117188, "dvar": 2416.97436523, "dvar2": 5804.78759766, "max": 372.451141357, "mean": 31.4615650177, "median": 11.2878437042, "min": 1.09257370351e-16, "var": 2660.5793457}, "melbands_crest": {"dmean": 3.97972750664, "dmean2": 6.01372528076, "dvar": 12.0074110031, "dvar2": 25.0612468719, "max": 33.6448402405, "mean": 15.4172592163, "median": 14.3750648499, "min": 1.68030118942, "var": 47.6447563171}, "melbands_flatness_db": {"dmean": 0.0507580526173, "dmean2": 0.0656961426139, "dvar": 0.00213899766095, "dvar2": 0.00413582567126, "max": 0.598884284496, "mean": 0.213741108775, "median": 0.202428072691, "min": 0.0036556115374, "var": 0.0109008038417}, "melbands_kurtosis": {"dmean": 10.0082530975, "dmean2": 14.5914354324, "dvar": 405.465545654, "dvar2": 886.609130859, "max": 275.780059814, "mean": 13.3925991058, "median": 5.19049119949, "min": -1.78276908398, "var": 578.88079834}, "melbands_skewness": {"dmean": 1.04308843613, "dmean2": 1.42200028896, "dvar": 1.21472012997, "dvar2": 2.39649677277, "max": 13.2993841171, "mean": 2.50528907776, "median": 1.97542047501, "min": -1.13383567333, "var": 4.01101732254}, "melbands_spread": {"dmean": 15.8471927643, "dmean2": 22.3792591095, "dvar": 561.2578125, "dvar2": 1083.00024414, "max": 200.818771362, "mean": 30.3313751221, "median": 17.6998977661, "min": 0.901745140553, "var": 1227.85107422}, "pitch_salience": {"dmean": 0.0941642746329, "dmean2": 0.137417972088, "dvar": 0.00794460531324, "dvar2": 0.0164553504437, "max": 0.921453416348, "mean": 0.522603034973, "median": 0.5281214118, "min": 0.100162811577, "var": 0.0231870058924}, "silence_rate_20dB": {"dmean": 0, "dmean2": 0, "dvar": 0, "dvar2": 0, "max": 1, "mean": 1, "median": 1, "min": 1, "var": 0}, "silence_rate_30dB": {"dmean": 0.0806675925851, "dmean2": 0.16135558486, "dvar": 0.0741616487503, "dvar2": 0.163644686341, "max": 1, "mean": 0.931858420372, "median": 1, "min": 0, "var": 0.0634951293468}, "silence_rate_60dB": {"dmean": 0.109495513141, "dmean2": 0.21901871264, "dvar": 0.0974972322583, "dvar2": 0.213796928525, "max": 1, "mean": 0.174462705851, "median": 0, "min": 0, "var": 0.144031912088}, "spectral_centroid": {"dmean": 479.859954834, "dmean2": 674.291809082, "dvar": 355287.4375, "dvar2": 613954.4375, "max": 11719.9238281, "mean": 1578.06188965, "median": 1293.48852539, "min": 213.40133667, "var": 1364095.5}, "spectral_complexity": {"dmean": 5.55898332596, "dmean2": 8.20763778687, "dvar": 44.2658500671, "dvar2": 89.9496078491, "max": 58, "mean": 16.6372947693, "median": 13, "min": 0, "var": 135.999084473}, "spectral_decrease": {"dmean": 3.46975470578e-09, "dmean2": 4.62760940678e-09, "dvar": 3.39039660953e-17, "dvar2": 5.35701222931e-17, "max": 1.03846371306e-28, "mean": -6.72984734607e-09, "median": -3.19482174049e-09, "min": -4.47692052319e-08, "var": 8.26321999077e-17}, "spectral_energy": {"dmean": 0.0148736741394, "dmean2": 0.0203629303724, "dvar": 0.000531628495082, "dvar2": 0.00085032498464, "max": 0.171983763576, "mean": 0.0282536633313, "median": 0.0147227589041, "min": 1.02465245468e-20, "var": 0.0012917915592}, "spectral_energyband_high": {"dmean": 0.00254504964687, "dmean2": 0.00391949946061, "dvar": 3.11043877446e-05, "dvar2": 7.45674842619e-05, "max": 0.0415716320276, "mean": 0.0027251879219, "median": 0.000263956666458, "min": 7.09470630344e-21, "var": 3.21579827869e-05}, "spectral_energyband_low": {"dmean": 0.0108098629862, "dmean2": 0.0137491058558, "dvar": 0.000428831728641, "dvar2": 0.000772538362071, "max": 0.154076203704, "mean": 0.0162995699793, "median": 0.00229605659842, "min": 1.0743877688e-23, "var": 0.000853451609146}, "spectral_energyband_middle_high": {"dmean": 0.00199092249386, "dmean2": 0.00284994021058, "dvar": 6.9985258051e-06, "dvar2": 1.38629902722e-05, "max": 0.0221782177687, "mean": 0.00362158776261, "median": 0.00211300631054, "min": 1.19614880609e-21, "var": 1.63242784765e-05}, "spectral_energyband_middle_low": {"dmean": 0.00593206100166, "dmean2": 0.0101305581629, "dvar": 0.000188850273844, "dvar2": 0.000527867814526, "max": 0.0932581946254, "mean": 0.00667307851836, "median": 0.0028622362297, "min": 2.1382984866e-22, "var": 0.000136265487527}, "spectral_entropy": {"dmean": 0.315080583096, "dmean2": 0.419031232595, "dvar": 0.124460816383, "dvar2": 0.219235286117, "max": 9.83208751678, "mean": 7.6021566391, "median": 7.6275844574, "min": 4.4863820076, "var": 0.671716988087}, "spectral_flux": {"dmean": 0.042851805687, "dmean2": 0.0594667159021, "dvar": 0.00246209511533, "dvar2": 0.00397616857663, "max": 0.401757717133, "mean": 0.0976709499955, "median": 0.0693578720093, "min": 6.37496236355e-11, "var": 0.00690113287419}, "spectral_kurtosis": {"dmean": 5.56600999832, "dmean2": 8.81627178192, "dvar": 125.928657532, "dvar2": 320.580810547, "max": 218.921463013, "mean": 9.78249263763, "median": 3.94663500786, "min": -1.26137971878, "var": 375.973419189}, "spectral_rms": {"dmean": 0.00128872715868, "dmean2": 0.00168993289117, "dvar": 2.39551195591e-06, "dvar2": 3.81124709747e-06, "max": 0.0129533410072, "mean": 0.00437199277803, "median": 0.00378994317725, "min": 3.16174148494e-12, "var": 8.45022168505e-06}, "spectral_rolloff": {"dmean": 1291.34350586, "dmean2": 2008.4765625, "dvar": 4668524, "dvar2": 7176355.5, "max": 19444.4824219, "mean": 2683.16503906, "median": 1238.15917969, "min": 64.599609375, "var": 11965043}, "spectral_skewness": {"dmean": 0.548730909824, "dmean2": 0.833031237125, "dvar": 0.49673268199, "dvar2": 1.18809640408, "max": 12.0718765259, "mean": 1.88032209873, "median": 1.55531525612, "min": -0.111724436283, "var": 1.75659561157}, "spectral_spread": {"dmean": 1151344, "dmean2": 1543045.875, "dvar": 2083548430340.0, "dvar2": 3132059025410.0, "max": 42316736, "mean": 5419976.5, "median": 5038433.5, "min": 400595.0625, "var": 14155410047000.0}, "spectral_strongpeak": {"dmean": 0.471859306097, "dmean2": 0.786479771137, "dvar": 0.866990983486, "dvar2": 2.10412502289, "max": 9.29978942871, "mean": 0.703563809395, "median": 0.43000125885, "min": 0, "var": 0.969030916691}, "zerocrossingrate": {"dmean": 0.0279354415834, "dmean2": 0.0267924275249, "dvar": 0.00114385853522, "dvar2": 0.000998966395855, "max": 0.513671875, "mean": 0.0876966118813, "median": 0.05712890625, "min": 0.00341796875, "var": 0.00706061022356}, "barkbands": {"dmean": [0.000559486274142, 0.00796490721405, 0.00532950181514, 0.00293646054342, 0.00187816587277, 0.000444489240181, 0.000874289195053, 0.000351221242454, 0.00036665686639, 0.000340664322721, 0.000553668185603, 0.000249094853643, 0.000345218402799, 0.000223354712944, 0.000265601731371, 0.000171134466655, 0.000154054607265, 0.000174000189872, 0.000167367470567, 0.000160054769367, 0.000346592249116, 0.000302606029436, 0.000417652714532, 0.000836261082441, 0.000482690113131, 0.000137723502121, 1.53731598402e-05], "dmean2": [0.000950604910031, 0.011419961229, 0.00878562312573, 0.00557606201619, 0.00332841253839, 0.000669282337185, 0.00132384127937, 0.000556128099561, 0.000557308609132, 0.000555036822334, 0.000859903520904, 0.000398463656893, 0.000557054008823, 0.000334535550792, 0.00040718447417, 0.00026201287983, 0.000253987236647, 0.000283518631477, 0.000260645931121, 0.000262833287707, 0.000573216064367, 0.000492506835144, 0.000654543633573, 0.00134887685999, 0.000717544520739, 0.000201551622013, 2.37891053985e-05], "dvar": [1.21750247217e-06, 0.000261080655036, 0.000212929866393, 9.22599938349e-05, 2.29239722103e-05, 1.04353387087e-06, 1.90257128452e-06, 8.64091305175e-07, 3.91816371348e-07, 3.11312589929e-07, 8.02654824383e-07, 1.50053423909e-07, 4.0945587898e-07, 1.4268162829e-07, 2.4834952228e-07, 1.16428331864e-07, 7.30482270228e-08, 8.2257521683e-08, 7.53568798473e-08, 8.27312760521e-08, 4.91479511311e-07, 3.45152045611e-07, 6.90246679369e-07, 4.50577226729e-06, 1.51619303779e-06, 1.2848565234e-07, 2.29751728753e-09], "dvar2": [3.36586799676e-06, 0.000641407154035, 0.000512865721248, 0.000262631248916, 6.56392221572e-05, 2.4147948352e-06, 3.84955546906e-06, 2.01410330192e-06, 8.31456702599e-07, 7.68061113376e-07, 1.78788241101e-06, 3.40077349392e-07, 9.70183350546e-07, 2.97220282164e-07, 5.39292727808e-07, 2.08887655617e-07, 1.7967973065e-07, 2.08124760093e-07, 1.84559226568e-07, 2.02598457122e-07, 1.26360691866e-06, 8.46152488521e-07, 1.53213795784e-06, 1.16277897177e-05, 3.63213575838e-06, 2.67773600626e-07, 4.17446477385e-09], "max": [0.00914538837969, 0.106841698289, 0.0813461840153, 0.0524706356227, 0.0351855680346, 0.0215503908694, 0.016965162009, 0.0187644194812, 0.0165676474571, 0.0119736120105, 0.0111573142931, 0.00490185478702, 0.0070061488077, 0.00601194147021, 0.00707110995427, 0.0102366087958, 0.00270643807016, 0.00336973741651, 0.00225981115364, 0.00270360754803, 0.00430192193016, 0.00398978963494, 0.00585092650726, 0.0164950918406, 0.0106453513727, 0.00282049411908, 0.00113896408584], "mean": [0.000635180738755, 0.0100198928267, 0.00462209247053, 0.00179267756175, 0.00162796047516, 0.000567704148125, 0.00132605747785, 0.000565837137401, 0.000726956059225, 0.000463207077701, 0.000800028035883, 0.000348378671333, 0.000469822989544, 0.000289075484034, 0.000357597367838, 0.000238700522459, 0.000177423571586, 0.00021129308152, 0.000211074890103, 0.000182926189154, 0.000363887345884, 0.000326047331328, 0.000462499447167, 0.000771063030697, 0.000502288516145, 0.000153859538841, 4.00051394536e-05], "median": [0.000118224583275, 0.00163200707175, 8.82156473381e-06, 3.38132304023e-05, 0.000246879877523, 0.000188761812751, 0.000706086633727, 0.000178616173798, 0.000263695663307, 0.00024832400959, 0.000367283530068, 0.000145133046317, 0.000197234970983, 0.00010652471974, 0.000114710295747, 7.70325859776e-05, 5.82280226809e-05, 4.28120401921e-05, 6.3447158027e-05, 3.84598533856e-05, 5.37407031516e-05, 2.89503004751e-05, 2.25104031415e-05, 2.57364372374e-05, 1.35595328175e-05, 5.8617833929e-06, 1.06326774585e-06], "min": [2.09766052611e-25, 2.71988314397e-24, 1.12142651906e-24, 3.09693932957e-24, 5.41407782142e-24, 9.78910276835e-24, 1.17804503838e-23, 6.33483272012e-24, 2.36933536691e-23, 2.1152173947e-23, 3.32913753935e-23, 1.59856051789e-23, 3.31281190514e-23, 3.82716215267e-23, 5.81068947443e-23, 7.25261298211e-23, 9.73223126134e-23, 8.47437172204e-23, 1.44207093001e-22, 2.08277466955e-22, 3.09738598261e-22, 3.12562518354e-22, 4.35237356335e-22, 6.33429306037e-22, 8.69967923181e-22, 1.28734748811e-21, 2.04848794734e-21], "var": [1.17955994483e-06, 0.00033923322917, 0.000183967058547, 5.28121418029e-05, 1.5313462427e-05, 1.3707456219e-06, 3.21655147673e-06, 2.0113041046e-06, 1.86153408777e-06, 4.28854519896e-07, 1.54134227159e-06, 2.86377911607e-07, 5.9897047322e-07, 2.37803590153e-07, 4.12097108438e-07, 3.48223693436e-07, 8.41883007752e-08, 1.29730267417e-07, 1.02085330411e-07, 1.06443479808e-07, 4.67880767019e-07, 3.67212976471e-07, 8.06291438948e-07, 3.84561599276e-06, 1.61427590228e-06, 1.53889914145e-07, 1.66517128974e-08]}, "erbbands": {"dmean": [0.188576087356, 1.96250343323, 5.89522743225, 8.74552440643, 7.23019504547, 6.13766098022, 4.90844774246, 3.3271613121, 7.26412153244, 14.2731256485, 8.51810836792, 5.81775522232, 11.0156126022, 18.2540950775, 13.0531749725, 8.9257144928, 15.178103447, 12.8433799744, 11.9183702469, 12.2864046097, 9.71958732605, 9.26435184479, 8.90063858032, 8.7003660202, 7.882563591, 7.81297492981, 8.9306602478, 16.7393665314, 11.8855838776, 10.9218130112, 12.0864057541, 14.6694478989, 14.5966815948, 7.5795750618, 2.56428146362, 0.759041309357, 0.230267107487, 0.0300830155611, 0.00224263221025, 0.000228772245464], "dmean2": [0.241618573666, 2.9165096283, 9.23184394836, 15.4212350845, 13.3216667175, 10.8019714355, 7.61158561707, 4.9253115654, 10.7171421051, 22.3371086121, 13.4971389771, 9.02861785889, 17.2538166046, 28.3404388428, 20.1888008118, 14.3163509369, 23.9955463409, 19.5965251923, 17.7217617035, 18.8251934052, 14.7529153824, 15.298789978, 14.7078800201, 13.8822154999, 12.2337903976, 12.8769207001, 14.7386493683, 27.9571094513, 19.9502048492, 16.9964942932, 18.8784446716, 23.489282608, 23.5790634155, 11.8906917572, 3.62830042839, 1.08265447617, 0.345606863499, 0.0445893891156, 0.0033718822524, 0.000333156844135], "dvar": [0.0859268978238, 20.3832817078, 236.051254272, 705.717773438, 459.295257568, 225.564224243, 96.5249786377, 101.451255798, 147.448318481, 564.517822266, 620.984008789, 100.156486511, 276.500793457, 831.757629395, 395.438079834, 194.922866821, 814.695556641, 443.465698242, 415.243011475, 471.330352783, 429.016265869, 275.317108154, 224.371307373, 203.055953979, 155.938171387, 211.694580078, 238.520797729, 1264.84863281, 585.298156738, 519.271728516, 563.169799805, 1244.12463379, 1395.93615723, 415.638702393, 37.9914131165, 3.59966564178, 0.384989231825, 0.00516931898892, 4.53551401733e-05, 9.02741589925e-07], "dvar2": [0.196882799268, 48.5668487549, 563.700134277, 1907.03234863, 1304.34143066, 639.569702148, 221.746353149, 237.943817139, 276.444152832, 1220.72705078, 1515.05212402, 235.90763855, 668.061950684, 1932.27319336, 878.030761719, 434.691986084, 1930.24377441, 973.851074219, 853.14453125, 1034.00256348, 736.332275391, 682.299865723, 577.863952637, 505.38760376, 373.747497559, 520.551818848, 613.638671875, 3237.03076172, 1504.62426758, 1200.10852051, 1219.78796387, 3175.92089844, 3589.89233398, 1053.04394531, 80.7674102783, 7.39040470123, 0.813363492489, 0.0107185989618, 9.01070525288e-05, 1.71211718225e-06], "max": [2.22971510887, 29.0220680237, 96.4072723389, 156.253677368, 151.028945923, 117.650215149, 165.387283325, 259.744384766, 208.946105957, 371.562866211, 715.431335449, 282.45526123, 267.01083374, 411.193481445, 274.014770508, 168.915039062, 333.153015137, 352.618652344, 221.852813721, 257.925079346, 680.232788086, 166.553405762, 128.934860229, 117.336364746, 108.71030426, 144.749282837, 166.451004028, 212.865356445, 162.415878296, 182.099304199, 148.25592041, 276.236480713, 293.85369873, 178.389007568, 49.1171455383, 15.8745679855, 4.70149230957, 0.646563112736, 0.167138710618, 0.0238625369966], "mean": [0.29944100976, 2.17306852341, 5.41979455948, 6.09227657318, 5.02242040634, 5.56240797043, 5.98249006271, 4.26006412506, 11.3868083954, 21.3371448517, 15.2344312668, 11.4394159317, 17.9367599487, 27.5971469879, 19.8867759705, 13.2882137299, 21.1735954285, 17.5925445557, 16.1835231781, 16.6266479492, 13.7647304535, 10.7247228622, 10.7706775665, 10.9660587311, 9.94456863403, 9.08785629272, 11.1309919357, 15.8275060654, 12.2990884781, 12.0567207336, 13.4830007553, 14.2570829391, 13.2889566422, 7.1529340744, 2.89180898666, 0.85105407238, 0.256448477507, 0.0404183603823, 0.00544794136658, 0.000651524751447], "median": [0.0741301253438, 0.262930303812, 0.0548159629107, 0.0870290920138, 0.415882229805, 0.854992747307, 1.59937942028, 1.48829209805, 6.00527095795, 10.6670103073, 4.46621704102, 4.63533496857, 9.61857509613, 15.2306137085, 9.74589538574, 5.97089290619, 9.28748893738, 6.94145488739, 6.39572525024, 5.72437286377, 4.52965211868, 3.59063148499, 2.49638772011, 2.61265707016, 3.12410187721, 2.04959154129, 2.45196461678, 1.60148072243, 1.15611457825, 0.764018177986, 0.643651127815, 0.536833941936, 0.402355194092, 0.191082641482, 0.079842031002, 0.0298306420445, 0.0104171764106, 0.00244652107358, 0.00019994971808, 4.38280767412e-05], "min": [1.35742766949e-22, 3.2914152206e-22, 2.09448553057e-21, 8.5045645717e-21, 1.38919571661e-20, 2.2404214356e-20, 3.3290307036e-20, 9.76435402071e-20, 1.35736396487e-19, 2.07715986106e-19, 5.0122693855e-19, 5.82787153743e-19, 5.90239844267e-19, 6.54575367372e-19, 1.37529933435e-18, 9.6385928408e-19, 1.89827817618e-18, 2.04393165396e-18, 2.54770760127e-18, 4.3520891974e-18, 4.0449723388e-18, 5.08397901697e-18, 4.84584116325e-18, 6.24758597877e-18, 9.00986464453e-18, 9.39424141311e-18, 9.58912516543e-18, 1.16901539951e-17, 8.4076126385e-18, 1.2397874838e-17, 1.29751749408e-17, 1.30124956757e-17, 1.01561922169e-17, 7.45107421303e-18, 6.52731240575e-18, 4.13639523523e-18, 2.44923526486e-18, 1.0770251399e-18, 2.59591196505e-19, 2.82509838039e-20], "var": [0.179116472602, 22.849943161, 219.079879761, 473.795318604, 274.367614746, 164.677001953, 131.862319946, 120.711196899, 259.22076416, 932.107971191, 1957.0078125, 421.215576172, 525.721130371, 1473.89050293, 799.129943848, 383.787414551, 1166.0324707, 755.547485352, 679.25769043, 812.643127441, 1368.78723145, 312.949401855, 301.983459473, 285.59753418, 220.779754639, 271.790435791, 317.491088867, 1107.93103027, 551.904174805, 581.539855957, 670.762451172, 1117.1451416, 1187.0723877, 372.837463379, 49.5354385376, 4.51071834564, 0.447415679693, 0.00754752568901, 0.000273342942819, 5.59293766855e-06]}, "gfcc": {"mean": [-50.0197563171, 75.3373641968, -125.823104858, 2.02739906311, -62.9979705811, 11.223695755, -30.6802349091, 4.76814937592, -17.9482803345, 4.4886713028, -8.66223907471, 0.663599967957, -4.5213599205], "cov": [[24279.7128906, -4532.84570312, 2817.27661133, 3693.19165039, -236.93170166, 2670.83178711, -365.105773926, 1313.13378906, -269.399932861, 363.570281982, -528.547424316, 274.462860107, -492.864868164], [-4532.84570312, 5703.39111328, -1140.3729248, -655.285400391, 991.88848877, -865.381896973, 492.45904541, -579.077331543, 233.565582275, -317.914154053, 357.871368408, -271.734619141, 369.008148193], [2817.27661133, -1140.3729248, 2418, 939.62701416, 414.583587646, 1064.81933594, 106.455818176, 431.245849609, 75.632774353, 109.934539795, -81.7844696045, 132.463394165, -157.35144043], [3693.19165039, -655.285400391, 939.62701416, 1479.01782227, 354.557373047, 906.660888672, 200.339630127, 468.365112305, 82.5600814819, 179.443725586, 4.19202661514, 95.253944397, -50.4317207336], [-236.93170166, 991.88848877, 414.583587646, 354.557373047, 696.556213379, 184.732376099, 332.065155029, 106.596878052, 185.198471069, 10.8770227432, 116.966560364, -30.3052310944, 39.4044914246], [2670.83178711, -865.381896973, 1064.81933594, 906.660888672, 184.732376099, 903.797180176, 94.0912322998, 432.986663818, 46.4197273254, 163.100799561, -47.6084442139, 112.267677307, -87.8207092285], [-365.105773926, 492.45904541, 106.455818176, 200.339630127, 332.065155029, 94.0912322998, 333.683624268, 92.9588394165, 168.190429688, 63.8200569153, 103.023406982, 2.12991309166, 61.8941879272], [1313.13378906, -579.077331543, 431.245849609, 468.365112305, 106.596878052, 432.986663818, 92.9588394165, 360.317840576, 87.2797698975, 136.630477905, 10.5405035019, 68.616394043, -41.442237854], [-269.399932861, 233.565582275, 75.632774353, 82.5600814819, 185.198471069, 46.4197273254, 168.190429688, 87.2797698975, 175.578125, 75.6018371582, 89.7051773071, 19.0312080383, 37.1851463318], [363.570281982, -317.914154053, 109.934539795, 179.443725586, 10.8770227432, 163.100799561, 63.8200569153, 136.630477905, 75.6018371582, 156.445617676, 46.6405639648, 60.7453765869, 4.6406750679], [-528.547424316, 357.871368408, -81.7844696045, 4.19202661514, 116.966560364, -47.6084442139, 103.023406982, 10.5405035019, 89.7051773071, 46.6405639648, 129.669204712, 30.9063301086, 58.0443115234], [274.462860107, -271.734619141, 132.463394165, 95.253944397, -30.3052310944, 112.267677307, 2.12991309166, 68.616394043, 19.0312080383, 60.7453765869, 30.9063301086, 97.5932159424, 19.1221599579], [-492.864868164, 369.008148193, -157.35144043, -50.4317207336, 39.4044914246, -87.8207092285, 61.8941879272, -41.442237854, 37.1851463318, 4.6406750679, 58.0443115234, 19.1221599579, 97.4853515625]], "icov": [[8.76469348441e-05, -1.0268711776e-05, -6.0781699176e-06, -0.00022412231192, 8.96319907042e-05, -1.05475446617e-05, 0.000110887085611, -5.89969495195e-05, -5.08338780492e-05, 3.4982636862e-05, 0.000204417403438, -7.01037715771e-05, 0.000124786063679], [-1.0268711776e-05, 0.000656631367747, 0.000256413739407, 0.000256365223322, -0.000916714081541, -0.000584327674005, 0.000206537573831, 0.000703873287421, -0.000118261603347, 0.000772347848397, -0.00112788006663, 0.00135305605363, -0.00156420620624], [-6.0781699176e-06, 0.000256413739407, 0.00125314667821, 0.000338038313203, -0.00101472076494, -0.00178945192602, 0.00038825822412, 0.000881988438778, -0.000764562282711, 0.000869585375767, 0.000108382140752, -0.000698750431184, 0.000445581128588], [-0.00022412231192, 0.000256365223322, 0.000338038313203, 0.00273391138762, -0.00114720442798, -0.00229723495431, -0.000412251712987, -3.13738855766e-05, 0.000986369559541, -0.000144510529935, -0.00127175892703, 0.00109491439071, -0.00132785737514], [8.96319907042e-05, -0.000916714081541, -0.00101472076494, -0.00114720442798, 0.00567207019776, 0.000679609365761, -0.00287680653855, -0.000885422050487, -0.00128441827837, 0.00144405849278, -0.00105908827391, 0.000573947327211, 0.00240066275001], [-1.05475446617e-05, -0.000584327674005, -0.00178945192602, -0.00229723495431, 0.000679609365761, 0.00811616331339, -0.000871488009579, -0.00435509998351, 0.00203195190988, -0.00237133027986, 0.0033539547585, -0.00330785661936, 0.00181012682151], [0.000110887085611, 0.000206537573831, 0.00038825822412, -0.000412251712987, -0.00287680653855, -0.000871488009579, 0.00934079755098, 0.0001005558006, -0.00477892253548, -0.00078007823322, -0.000290051917545, 0.00221123709343, -0.00371882994659], [-5.89969495195e-05, 0.000703873287421, 0.000881988438778, -3.13738855766e-05, -0.000885422050487, -0.00435509998351, 0.0001005558006, 0.0100683392957, -0.00363651802763, -0.00137110752985, -0.000813953229226, 0.000240381908952, 0.000985540915281], [-5.08338780492e-05, -0.000118261603347, -0.000764562282711, 0.000986369559541, -0.00128441827837, 0.00203195190988, -0.00477892253548, -0.00363651802763, 0.0173840411007, -0.00507417460904, -0.00462472578511, 0.00115567399189, -0.000557770661544], [3.4982636862e-05, 0.000772347848397, 0.000869585375767, -0.000144510529935, 0.00144405849278, -0.00237133027986, -0.00078007823322, -0.00137110752985, -0.00507417460904, 0.0161017850041, -0.00467143021524, -0.00242246733978, 0.000200250040507], [0.000204417403438, -0.00112788006663, 0.000108382140752, -0.00127175892703, -0.00105908827391, 0.0033539547585, -0.000290051917545, -0.000813953229226, -0.00462472578511, -0.00467143021524, 0.0217908658087, -0.00910658761859, -0.0010943626985], [-7.01037715771e-05, 0.00135305605363, -0.000698750431184, 0.00109491439071, 0.000573947327211, -0.00330785661936, 0.00221123709343, 0.000240381908952, 0.00115567399189, -0.00242246733978, -0.00910658761859, 0.0240152273327, -0.010165178217], [0.000124786063679, -0.00156420620624, 0.000445581128588, -0.00132785737514, 0.00240066275001, 0.00181012682151, -0.00371882994659, 0.000985540915281, -0.000557770661544, 0.000200250040507, -0.0010943626985, -0.010165178217, 0.023131210357]]}, "melbands": {"dmean": [0.00189249566756, 0.00281250430271, 0.00143076665699, 0.000470064376714, 0.000189116995898, 7.85291485954e-05, 0.000132905406645, 0.000136086513521, 7.07749932189e-05, 4.20510441472e-05, 5.80154010095e-05, 7.18551891623e-05, 6.11246505287e-05, 2.40028075496e-05, 2.62247976934e-05, 4.26243786933e-05, 2.14585270442e-05, 1.88629692275e-05, 2.10416401387e-05, 1.35847012643e-05, 1.09936509034e-05, 1.07036285044e-05, 7.59176054999e-06, 8.28826068755e-06, 7.08886591383e-06, 6.85117538524e-06, 4.88548766953e-06, 5.39265647603e-06, 5.39108259545e-06, 8.29381860967e-06, 9.52553546085e-06, 6.47655633657e-06, 6.45346790407e-06, 6.45832824375e-06, 7.28189888832e-06, 6.0760589804e-06, 1.07381856651e-05, 1.04502669274e-05, 8.67423477757e-06, 5.79047946303e-06], "dmean2": [0.00252709561028, 0.00416314974427, 0.00246984651312, 0.000856742961332, 0.000299631676171, 0.00011542399443, 0.000197042070795, 0.000211533508264, 0.000111917317554, 6.48270433885e-05, 9.11322713364e-05, 0.000111672088678, 9.46367581491e-05, 3.92990514229e-05, 4.12688605138e-05, 6.8162837124e-05, 3.26424269588e-05, 2.84486723103e-05, 3.24519642163e-05, 2.11352544284e-05, 1.70696712303e-05, 1.78236005013e-05, 1.2881974726e-05, 1.33508037834e-05, 1.14146396299e-05, 1.07729374577e-05, 7.84547682997e-06, 8.9365958047e-06, 9.33604769671e-06, 1.34289830385e-05, 1.60885410878e-05, 1.10746232167e-05, 1.05761309896e-05, 1.03280826806e-05, 1.15399216156e-05, 9.68250606093e-06, 1.73724838533e-05, 1.69432460098e-05, 1.41448463182e-05, 8.95718585525e-06], "dvar": [1.07156101876e-05, 4.62063762825e-05, 1.72198670043e-05, 1.65107223893e-06, 1.47062266365e-07, 4.31742748219e-08, 4.4575550362e-08, 5.04750978791e-08, 4.64952911727e-08, 4.55141613287e-09, 7.75667619024e-09, 1.19606449189e-08, 9.53656886793e-09, 1.89879090229e-09, 1.69626090951e-09, 7.0000081287e-09, 1.36768751879e-09, 1.12319387124e-09, 1.89888926805e-09, 5.86425463744e-10, 5.49169265618e-10, 4.04657113373e-10, 1.74121397856e-10, 1.99515806654e-10, 1.42720502083e-10, 1.29017435624e-10, 6.67402175192e-11, 1.17732282257e-10, 8.65265636918e-11, 3.30829391659e-10, 3.91070481554e-10, 1.70563757562e-10, 1.73906153367e-10, 2.09352438163e-10, 2.19448792471e-10, 1.22425555804e-10, 7.66636754079e-10, 6.760840221e-10, 5.75916758727e-10, 2.35912983593e-10], "dvar2": [2.53551570495e-05, 0.000104352548078, 4.55245935882e-05, 4.75144724987e-06, 3.62856269476e-07, 1.00700503936e-07, 8.53986392713e-08, 1.08161025025e-07, 1.14452177513e-07, 1.06509432385e-08, 1.85750774762e-08, 2.79321987762e-08, 2.119631759e-08, 4.63634020065e-09, 3.39892736179e-09, 1.68055773742e-08, 2.96443802839e-09, 2.32035857195e-09, 4.17282608467e-09, 1.26189492189e-09, 9.9414532162e-10, 1.0032500386e-09, 4.54809884198e-10, 4.83877826696e-10, 3.60032531566e-10, 3.12820741533e-10, 1.6760853816e-10, 2.9398267154e-10, 2.24729707066e-10, 8.5086226953e-10, 1.00496477806e-09, 4.46697540069e-10, 4.25425528139e-10, 5.01886476822e-10, 4.48200254688e-10, 2.8690824716e-10, 1.99923255728e-09, 1.71523251158e-09, 1.51213119803e-09, 5.8914961798e-10], "max": [0.0241351313889, 0.0446029528975, 0.0232391878963, 0.00850168801844, 0.00591525482014, 0.00517340702936, 0.00276189274155, 0.0033958167769, 0.00684033613652, 0.00134202186018, 0.00152097514365, 0.00151308311615, 0.00134191301186, 0.000457133282907, 0.000626769324299, 0.000927814689931, 0.000599814229645, 0.000470855418826, 0.000667430693284, 0.000360813079169, 0.000745935132727, 0.000216444052057, 9.76842202363e-05, 0.00024091610976, 0.000103537960968, 0.000115002098028, 6.04942797509e-05, 0.000112364235974, 0.000133157591335, 0.000129969979753, 0.000116768744192, 8.37048137328e-05, 9.26801367314e-05, 0.000121890334412, 9.42944316193e-05, 6.91506138537e-05, 0.000226593445404, 0.000216797852772, 0.000201957242098, 0.000138288611197], "mean": [0.00271286442876, 0.00293620000593, 0.00104282738175, 0.000367149041267, 0.000220841422561, 0.000101087163785, 0.00020746550581, 0.000208999495953, 0.000124768601381, 7.91893980931e-05, 9.04885164346e-05, 0.000108147374704, 8.94278782653e-05, 3.25326873281e-05, 3.76745629183e-05, 5.53632817173e-05, 2.77696999547e-05, 2.4091477826e-05, 2.86146205326e-05, 1.74466313183e-05, 1.48657281898e-05, 1.18925727293e-05, 8.24840390123e-06, 1.04773316707e-05, 8.54192967381e-06, 8.62260458234e-06, 5.58869123779e-06, 6.03665421295e-06, 6.46585931463e-06, 8.69920131663e-06, 8.67577909958e-06, 6.58403405396e-06, 6.73800923323e-06, 6.92039066053e-06, 8.25986808195e-06, 6.6677448558e-06, 9.77961190074e-06, 9.62994545262e-06, 7.72999283072e-06, 5.53862764718e-06], "median": [0.000565027585253, 0.00015834273654, 2.15144464164e-05, 4.53600150649e-05, 5.26549156348e-05, 3.51287380909e-05, 0.000110856766696, 0.000102661222627, 2.98613631458e-05, 3.0910341593e-05, 4.58606446045e-05, 6.10593124293e-05, 4.13952730014e-05, 1.32657551148e-05, 1.66277077369e-05, 1.97841436602e-05, 1.04518258013e-05, 8.45785143611e-06, 8.55281086842e-06, 5.03813225805e-06, 4.789833838e-06, 3.59861860488e-06, 2.28652788792e-06, 1.89040690657e-06, 1.99279338631e-06, 2.68612620857e-06, 1.22856954476e-06, 1.17977367609e-06, 1.48939670908e-06, 1.27540715766e-06, 7.50805554617e-07, 6.67736003379e-07, 4.89333615405e-07, 3.98041322569e-07, 3.69684414636e-07, 3.37725566624e-07, 3.1644651699e-07, 2.86124958393e-07, 2.22116995019e-07, 1.3802339538e-07], "min": [1.20210381688e-24, 9.56810673842e-25, 2.7423544385e-24, 9.61555869402e-25, 1.24506606924e-24, 2.07422573659e-24, 2.29524681286e-24, 1.96359312223e-24, 3.4622947358e-24, 3.55773546685e-24, 3.11720319407e-24, 2.02094271839e-24, 5.81039917362e-24, 1.64953941143e-24, 3.58683102361e-24, 4.24314554739e-24, 3.15443506222e-24, 3.16547438172e-24, 4.39742859665e-24, 5.04142150751e-24, 4.57351457804e-24, 5.50215414148e-24, 3.11095423241e-24, 4.29037464978e-24, 4.07968370706e-24, 4.31594833704e-24, 4.03633027829e-24, 5.24320266074e-24, 4.33299404348e-24, 4.91773245631e-24, 5.14965716801e-24, 3.46505732669e-24, 6.87160089573e-24, 5.08724762079e-24, 6.51150955832e-24, 6.19520670647e-24, 6.97654069537e-24, 6.61797738154e-24, 6.43017721013e-24, 6.18199525846e-24], "var": [1.85488534044e-05, 5.09902383783e-05, 1.22390920296e-05, 1.01180410184e-06, 1.74681389353e-07, 5.30768602403e-08, 7.97924144536e-08, 8.95815404078e-08, 1.64113984624e-07, 1.71113256897e-08, 1.45056180401e-08, 2.1092207092e-08, 1.86442559169e-08, 2.75380651615e-09, 3.80051634608e-09, 1.03557580289e-08, 2.23698948254e-09, 1.67854541377e-09, 3.16487414054e-09, 1.16294307517e-09, 1.63422919641e-09, 4.43775238779e-10, 1.81749254535e-10, 4.08957007147e-10, 1.81016784895e-10, 1.84269821624e-10, 8.29193658181e-11, 1.3904799534e-10, 1.17499829311e-10, 3.06771746894e-10, 3.36719152561e-10, 1.57270405032e-10, 1.75109746148e-10, 2.16408321818e-10, 2.67059735437e-10, 1.4630290035e-10, 6.4426675106e-10, 5.9035654143e-10, 4.63209803847e-10, 2.20692394914e-10]}, "mfcc": {"mean": [-684.125183105, 112.895019531, -5.74286317825, -5.71745586395, -8.33338546753, 0.0961843207479, -1.1815867424, -1.511890769, -0.657591283321, 0.931790292263, -1.37732326984, 2.08492541313, 0.110391609371], "cov": [[13294.7128906, -3752.06738281, 1858.10656738, 1477.97180176, 1077.13134766, 1099.8996582, 766.913879395, 871.960754395, 568.817993164, 581.129638672, 367.08782959, 234.940170288, 98.5653686523], [-3752.06738281, 4435.48291016, -924.855895996, 37.993724823, 27.2167110443, -90.1975708008, 9.001329422, -186.129776001, -95.2620697021, -100.400787354, -128.154907227, -21.9531154633, 14.4558649063], [1858.10656738, -924.855895996, 1526.38305664, 182.229812622, 518.116149902, 470.907958984, 268.756988525, 352.775512695, 181.345901489, 139.681381226, 117.196372986, 42.5811004639, 70.4058303833], [1477.97180176, 37.993724823, 182.229812622, 702.609191895, 358.918701172, 352.18927002, 320.205688477, 238.905487061, 197.319549561, 186.747695923, 124.144195557, 123.075202942, 73.185585022], [1077.13134766, 27.2167110443, 518.116149902, 358.918701172, 494.74432373, 345.364013672, 262.791687012, 272.035583496, 150.515365601, 161.574310303, 98.9773483276, 62.2319564819, 78.5899658203], [1099.8996582, -90.1975708008, 470.907958984, 352.18927002, 345.364013672, 394.679443359, 266.554656982, 237.3309021, 169.145706177, 138.134185791, 94.349281311, 84.3616485596, 61.7215843201], [766.913879395, 9.001329422, 268.756988525, 320.205688477, 262.791687012, 266.554656982, 280.236663818, 210.317855835, 157.931106567, 141.813247681, 91.1111221313, 75.1192321777, 62.0803871155], [871.960754395, -186.129776001, 352.775512695, 238.905487061, 272.035583496, 237.3309021, 210.317855835, 264.700469971, 152.310470581, 154.579986572, 93.1863021851, 63.1612129211, 70.5409393311], [568.817993164, -95.2620697021, 181.345901489, 197.319549561, 150.515365601, 169.145706177, 157.931106567, 152.310470581, 175.14201355, 127.097267151, 89.2073822021, 70.9140472412, 47.7317886353], [581.129638672, -100.400787354, 139.681381226, 186.747695923, 161.574310303, 138.134185791, 141.813247681, 154.579986572, 127.097267151, 184.928253174, 107.080192566, 71.5974807739, 63.8143997192], [367.08782959, -128.154907227, 117.196372986, 124.144195557, 98.9773483276, 94.349281311, 91.1111221313, 93.1863021851, 89.2073822021, 107.080192566, 114.869804382, 78.6650543213, 53.2449531555], [234.940170288, -21.9531154633, 42.5811004639, 123.075202942, 62.2319564819, 84.3616485596, 75.1192321777, 63.1612129211, 70.9140472412, 71.5974807739, 78.6650543213, 100.332984924, 57.6288757324], [98.5653686523, 14.4558649063, 70.4058303833, 73.185585022, 78.5899658203, 61.7215843201, 62.0803871155, 70.5409393311, 47.7317886353, 63.8143997192, 53.2449531555, 57.6288757324, 89.3994750977]], "icov": [[0.00016178257647, 0.000124509984744, -4.04130478273e-05, -0.000280499079963, -6.42568047624e-05, -0.00012335194333, 0.000144450983498, -9.25520798774e-05, 3.92323199776e-05, -0.000190049730008, 0.000150430496433, -3.65258929378e-05, 0.000225984113058], [0.000124509984744, 0.000423292163759, 0.000285947578959, -2.79387877526e-05, -0.000599848048296, -0.00017203335301, -0.00025425007334, 0.000439729134087, -6.89750086167e-05, -6.62708262098e-05, 0.000589495699387, -0.000170589250047, -8.93664255273e-05], [-4.04130478273e-05, 0.000285947578959, 0.00186996022239, 0.00112861488014, -0.00135050562676, -0.0018757028738, 0.000216268075746, -0.000599482969847, -0.000210376980249, 0.00114789884537, -0.0010951468721, 0.000945513835177, -0.000257538049482], [-0.000280499079963, -2.79387877526e-05, 0.00112861488014, 0.0046445527114, -0.00179302343167, -0.00141170807183, -0.00277594756335, 0.00101975968573, -0.000404932769015, -0.000111348526843, 0.000242916183197, -0.00206054956652, 0.000775916385464], [-6.42568047624e-05, -0.000599848048296, -0.00135050562676, -0.00179302343167, 0.00888187065721, -0.00311200437136, 0.000173060150701, -0.00383457913995, 0.00270482036285, -0.00117173802573, -0.00195460859686, 0.0037356368266, -0.00190632836893], [-0.00012335194333, -0.00017203335301, -0.0018757028738, -0.00141170807183, -0.00311200437136, 0.0134483790025, -0.00509361410514, -0.000575197918806, -0.0023376995232, 0.00143986288458, 0.00288745923899, -0.00530007854104, 0.00215573236346], [0.000144450983498, -0.00025425007334, 0.000216268075746, -0.00277594756335, 0.000173060150701, -0.00509361410514, 0.0167539492249, -0.00507522141561, -0.00321320490912, -0.000625875487458, -0.000651473237667, 0.00130212132353, -0.000570088042878], [-9.25520798774e-05, 0.000439729134087, -0.000599482969847, 0.00101975968573, -0.00383457913995, -0.000575197918806, -0.00507522141561, 0.0180867351592, -0.00435383059084, -0.00509766070172, 0.00200264062732, 0.00189951562788, -0.00376465311274], [3.92323199776e-05, -6.89750086167e-05, -0.000210376980249, -0.000404932769015, 0.00270482036285, -0.0023376995232, -0.00321320490912, -0.00435383059084, 0.0181502681226, -0.00474293110892, -0.00283786305226, -0.00275961356238, 0.0025318947155], [-0.000190049730008, -6.62708262098e-05, 0.00114789884537, -0.000111348526843, -0.00117173802573, 0.00143986288458, -0.000625875487458, -0.00509766070172, -0.00474293110892, 0.0195402670652, -0.0116266114637, 0.00339362560771, -0.00277841696516], [0.000150430496433, 0.000589495699387, -0.0010951468721, 0.000242916183197, -0.00195460859686, 0.00288745923899, -0.000651473237667, 0.00200264062732, -0.00283786305226, -0.0116266114637, 0.0329782366753, -0.018070101738, 0.000820855319034], [-3.65258929378e-05, -0.000170589250047, 0.000945513835177, -0.00206054956652, 0.0037356368266, -0.00530007854104, 0.00130212132353, 0.00189951562788, -0.00275961356238, 0.00339362560771, -0.018070101738, 0.0329570807517, -0.0124493306503], [0.000225984113058, -8.93664255273e-05, -0.000257538049482, 0.000775916385464, -0.00190632836893, 0.00215573236346, -0.000570088042878, -0.00376465311274, 0.0025318947155, -0.00277841696516, 0.000820855319034, -0.0124493306503, 0.0222402438521]]}, "spectral_contrast_coeffs": {"dmean": [0.0746644586325, 0.0521016530693, 0.0431319028139, 0.0359708853066, 0.0270981416106, 0.0277916286141], "dmean2": [0.114614367485, 0.0805876255035, 0.0689139142632, 0.0568893700838, 0.040775064379, 0.0427523814142], "dvar": [0.00451566372067, 0.00170045730192, 0.00122469826601, 0.00102195621002, 0.000638560042717, 0.000719134928659], "dvar2": [0.00951069220901, 0.00415353430435, 0.00314685981721, 0.00227910024114, 0.00129019247834, 0.00165761343669], "max": [-0.204822778702, -0.392596423626, -0.433483332396, -0.526351511478, -0.509318947792, -0.500816941261], "mean": [-0.640579640865, -0.711809933186, -0.746457457542, -0.784232914448, -0.79968893528, -0.78983271122], "median": [-0.653868496418, -0.715513825417, -0.752323150635, -0.797745466232, -0.809152603149, -0.794780254364], "min": [-0.981944978237, -0.970509231091, -0.973794460297, -0.968501031399, -0.965623497963, -0.967429995537], "var": [0.0140159605071, 0.00562082231045, 0.00481800036505, 0.00390111724846, 0.002646809211, 0.00275297905318]}, "spectral_contrast_valleys": {"dmean": [0.855568349361, 0.405772566795, 0.370386958122, 0.386393725872, 0.577942490578, 0.828435122967], "dmean2": [1.20510590076, 0.65495288372, 0.59168702364, 0.574644505978, 0.763888597488, 1.04759216309], "dvar": [0.847452580929, 0.180811598897, 0.171899631619, 0.204990595579, 0.456107497215, 0.948640167713], "dvar2": [1.30682277679, 0.374440819025, 0.361336052418, 0.391933709383, 0.84851205349, 1.6859228611], "max": [-5.38394832611, -5.27035808563, -5.426217556, -5.79759454727, -5.63838338852, -6.90579748154], "mean": [-8.65543556213, -7.29983329773, -7.62506914139, -7.