{"lowlevel": {"average_loudness": 0.121102042496, "barkbands_crest": {"dmean": 2.12255620956, "dmean2": 3.32274532318, "dvar": 4.30656003952, "dvar2": 10.9302339554, "max": 26.8600711823, "mean": 14.1822223663, "median": 13.3297710419, "min": 4.43871450424, "var": 25.3918628693}, "barkbands_flatness_db": {"dmean": 0.0181962307543, "dmean2": 0.0289424657822, "dvar": 0.000332761002937, "dvar2": 0.000870871415827, "max": 0.659048438072, "mean": 0.319690108299, "median": 0.297603607178, "min": 0.0765825212002, "var": 0.0106457909569}, "barkbands_kurtosis": {"dmean": 3.99906373024, "dmean2": 6.24236297607, "dvar": 197.773208618, "dvar2": 439.696411133, "max": 784.220275879, "mean": 9.48970413208, "median": 4.42928361893, "min": -1.96659708023, "var": 688.299194336}, "barkbands_skewness": {"dmean": 0.490656644106, "dmean2": 0.755642354488, "dvar": 0.385055601597, "dvar2": 0.896742105484, "max": 16.6480579376, "mean": 1.40018045902, "median": 1.36015474796, "min": -7.23364257812, "var": 3.06896829605}, "barkbands_spread": {"dmean": 1.17156767845, "dmean2": 1.82754385471, "dvar": 3.5497841835, "dvar2": 8.83443832397, "max": 78.2205657959, "mean": 5.79065990448, "median": 4.96533489227, "min": 0.0427986904979, "var": 24.9910259247}, "dissonance": {"dmean": 0.0433297008276, "dmean2": 0.0737839788198, "dvar": 0.00215483317152, "dvar2": 0.00581152550876, "max": 0.5, "mean": 0.38375377655, "median": 0.398451656103, "min": 0.0593604817986, "var": 0.00554115558043}, "dynamic_complexity": 5.72005748749, "erbbands_crest": {"dmean": 2.28051877022, "dmean2": 3.48797416687, "dvar": 5.63885068893, "dvar2": 13.3284101486, "max": 32.7763519287, "mean": 15.2290973663, "median": 14.3089790344, "min": 2.62272071838, "var": 36.9502983093}, "erbbands_flatness_db": {"dmean": 0.0158095993102, "dmean2": 0.0241974722594, "dvar": 0.000253620528383, "dvar2": 0.000574298435822, "max": 0.620633840561, "mean": 0.331914424896, "median": 0.311685621738, "min": 0.0421833619475, "var": 0.00930789113045}, "erbbands_kurtosis": {"dmean": 2.07027864456, "dmean2": 3.06270289421, "dvar": 12.4279136658, "dvar2": 25.7814025879, "max": 103.272247314, "mean": 4.79221391678, "median": 2.14666938782, "min": -1.84458780289, "var": 70.5076904297}, "erbbands_skewness": {"dmean": 0.355700880289, "dmean2": 0.543612003326, "dvar": 0.151016414165, "dvar2": 0.329441457987, "max": 7.22450351715, "mean": 0.839096963406, "median": 0.889869630337, "min": -7.53145933151, "var": 1.98525047302}, "erbbands_spread": {"dmean": 2.82855534554, "dmean2": 4.37820243835, "dvar": 12.9822807312, "dvar2": 30.6291599274, "max": 132.727844238, "mean": 13.6851968765, "median": 11.5427360535, "min": 0.402510881424, "var": 122.497657776}, "hfc": {"dmean": 2.15036344528, "dmean2": 2.85893130302, "dvar": 30.7079086304, "dvar2": 45.5576095581, "max": 194.024993896, "mean": 8.56937503815, "median": 3.67647790909, "min": 1.1977665267e-16, "var": 222.757446289}, "melbands_crest": {"dmean": 2.1834321022, "dmean2": 3.46014642715, "dvar": 4.64273881912, "dvar2": 12.0185585022, "max": 31.9224643707, "mean": 15.1925144196, "median": 14.0896711349, "min": 1.73566806316, "var": 29.2151050568}, "melbands_flatness_db": {"dmean": 0.0193373654038, "dmean2": 0.0309781618416, "dvar": 0.000408441352192, "dvar2": 0.00104688771535, "max": 0.773409187794, "mean": 0.397574871778, "median": 0.368569344282, "min": 0.00461051333696, "var": 0.0169270075858}, "melbands_kurtosis": {"dmean": 3.25469303131, "dmean2": 5.18408536911, "dvar": 29.859413147, "dvar2": 75.8576812744, "max": 197.53364563, "mean": 8.09953022003, "median": 4.8358259201, "min": -1.92579221725, "var": 164.861679077}, "melbands_skewness": {"dmean": 0.483272612095, "dmean2": 0.73958927393, "dvar": 0.233298480511, "dvar2": 0.553638219833, "max": 11.8694677353, "mean": 1.44783878326, "median": 1.41839683056, "min": -5.52029418945, "var": 2.17397594452}, "melbands_spread": {"dmean": 1.72496175766, "dmean2": 2.66671323776, "dvar": 12.2358207703, "dvar2": 24.3190917969, "max": 168.401794434, "mean": 9.25189495087, "median": 7.48162317276, "min": 0.320249676704, "var": 102.20464325}, "pitch_salience": {"dmean": 0.0551157407463, "dmean2": 0.087459243834, "dvar": 0.00310083315708, "dvar2": 0.00759335793555, "max": 0.826879441738, "mean": 0.482881903648, "median": 0.489983797073, "min": 0.0513108111918, "var": 0.0165152009577}, "silence_rate_20dB": {"dmean": 0, "dmean2": 0, "dvar": 0, "dvar2": 0, "max": 1, "mean": 1, "median": 1, "min": 1, "var": 0}, "silence_rate_30dB": {"dmean": 0.00464252568781, "dmean2": 0.00928648840636, "dvar": 0.00462082307786, "dvar2": 0.00951012223959, "max": 1, "mean": 0.989633321762, "median": 1, "min": 0, "var": 0.0102589614689}, "silence_rate_60dB": {"dmean": 0.0349736921489, "dmean2": 0.0699582099915, "dvar": 0.0337488316, "dvar2": 0.0783692151308, "max": 1, "mean": 0.2370416224, "median": 0, "min": 0, "var": 0.180861055851}, "spectral_centroid": {"dmean": 57.5869560242, "dmean2": 88.8760375977, "dvar": 19422.1367188, "dvar2": 26342.9257812, "max": 11021.6416016, "mean": 594.445129395, "median": 520.806396484, "min": 209.659713745, "var": 115388.3125}, "spectral_complexity": {"dmean": 1.21727013588, "dmean2": 2.07057738304, "dvar": 1.59000527859, "dvar2": 4.06348323822, "max": 31, "mean": 8.13909912109, "median": 8, "min": 0, "var": 20.3069572449}, "spectral_decrease": {"dmean": 8.87269036021e-10, "dmean2": 1.26709420734e-09, "dvar": 3.39334695598e-18, "dvar2": 6.46987174324e-18, "max": 3.61195098091e-16, "mean": -3.93257693077e-09, "median": -2.00815564178e-09, "min": -5.29450154829e-08, "var": 2.88645601193e-17}, "spectral_energy": {"dmean": 0.00353484484367, "dmean2": 0.00502576353028, "dvar": 5.49287578906e-05, "dvar2": 0.000103086589661, "max": 0.217425122857, "mean": 0.015619722195, "median": 0.00793235655874, "min": 1.0638831916e-20, "var": 0.000463660690002}, "spectral_energyband_high": {"dmean": 7.29697330826e-06, "dmean2": 1.19184196592e-05, "dvar": 1.89016469143e-09, "dvar2": 4.91938534353e-09, "max": 0.00220113270916, "mean": 2.25324511121e-05, "median": 1.89034426512e-06, "min": 8.00504280136e-21, "var": 7.50802353622e-09}, "spectral_energyband_low": {"dmean": 0.00022616708884, "dmean2": 0.000348927889718, "dvar": 1.60057211929e-07, "dvar2": 3.80323683657e-07, "max": 0.0107827130705, "mean": 0.000779817055445, "median": 0.000212497674511, "min": 4.37954117562e-23, "var": 1.59843114034e-06}, "spectral_energyband_middle_high": {"dmean": 0.00115071469918, "dmean2": 0.00132544548251, "dvar": 2.17711276491e-05, "dvar2": 2.07498851523e-05, "max": 0.183026328683, "mean": 0.00347960623913, "median": 0.000619212456513, "min": 1.41191178048e-21, "var": 0.000152757696924}, "spectral_energyband_middle_low": {"dmean": 0.00282335747033, "dmean2": 0.00432146573439, "dvar": 3.64032384823e-05, "dvar2": 8.38436826598e-05, "max": 0.18668782711, "mean": 0.0116381505504, "median": 0.00556426448748, "min": 2.66676511603e-22, "var": 0.000262216199189}, "spectral_entropy": {"dmean": 0.132779568434, "dmean2": 0.206315755844, "dvar": 0.0238215066493, "dvar2": 0.0573404245079, "max": 9.80070209503, "mean": 5.84945011139, "median": 5.94971704483, "min": 3.24435043335, "var": 0.557064592838}, "spectral_flux": {"dmean": 0.0115826791152, "dmean2": 0.0189906265587, "dvar": 0.000392356916564, "dvar2": 0.000983457895927, "max": 0.389115363359, "mean": 0.0336954183877, "median": 0.0269340854138, "min": 1.03144714991e-10, "var": 0.000826852512546}, "spectral_kurtosis": {"dmean": 25.4622821808, "dmean2": 45.5444221497, "dvar": 1818.20678711, "dvar2": 5782.61962891, "max": 618.702636719, "mean": 78.1816711426, "median": 29.9147338867, "min": -1.21304810047, "var": 9598.92480469}, "spectral_rms": {"dmean": 0.000378702650778, "dmean2": 0.000552286452148, "dvar": 2.91731794277e-07, "dvar2": 5.78374113047e-07, "max": 0.0145644107834, "mean": 0.00326324929483, "median": 0.00278188497759, "min": 3.22169959981e-12, "var": 4.58991235064e-06}, "spectral_rolloff": {"dmean": 74.1591491699, "dmean2": 132.634002686, "dvar": 117825.601562, "dvar2": 238610.046875, "max": 19875.1464844, "mean": 813.680541992, "median": 710.595703125, "min": 236.865234375, "var": 2584343.75}, "spectral_skewness": {"dmean": 1.03633475304, "dmean2": 1.8301063776, "dvar": 1.39672017097, "dvar2": 4.07869291306, "max": 20.0967330933, "mean": 5.60453033447, "median": 3.77442860603, "min": 0.0120451739058, "var": 16.0322532654}, "spectral_spread": {"dmean": 297655.84375, "dmean2": 524517.0625, "dvar": 220537487360, "dvar2": 450640379904, "max": 40858264, "mean": 1724415.625, "median": 1619619.875, "min": 163809.546875, "var": 2190684192770.0}, "spectral_strongpeak": {"dmean": 0.393887221813, "dmean2": 0.602432668209, "dvar": 0.473513543606, "dvar2": 0.971671760082, "max": 16.2499408722, "mean": 1.34771263599, "median": 0.783913314342, "min": 0, "var": 2.49830913544}, "zerocrossingrate": {"dmean": 0.00245417631231, "dmean2": 0.00313562573865, "dvar": 5.7530021877e-05, "dvar2": 5.83973669563e-05, "max": 0.7392578125, "mean": 0.0318031795323, "median": 0.02490234375, "min": 0.00830078125, "var": 0.00311459996738}, "barkbands": {"dmean": [1.62164738526e-07, 7.21662363503e-05, 0.000116026341857, 0.000259448221186, 0.0010307605844, 0.000727300764993, 0.00104412296787, 0.000123987265397, 0.000838414416648, 0.000433116656495, 0.000671196903568, 5.72433709749e-05, 4.81861861772e-05, 0.000133073102916, 5.18627530255e-05, 4.86704011564e-05, 1.37017568704e-05, 1.72754662344e-05, 9.93793491944e-06, 7.17300918041e-06, 3.82218968298e-06, 1.81701773272e-06, 8.90212675131e-07, 3.12744418807e-07, 2.4007454158e-07, 7.10251057967e-08, 1.27800925398e-08], "dmean2": [2.67937139142e-07, 0.000111716362881, 0.000186857301742, 0.00041635351954, 0.00164360448252, 0.00107529084198, 0.00159707595594, 0.00019020975742, 0.00128147820942, 0.000623174302746, 0.000628482084721, 9.41148173297e-05, 7.96801614342e-05, 0.000208585057408, 8.58248677105e-05, 8.04611117928e-05, 2.34528106375e-05, 2.91350606858e-05, 1.61108800967e-05, 1.1939131582e-05, 6.33155832475e-06, 3.05870617012e-06, 1.42729129493e-06, 5.23740993685e-07, 4.03489025302e-07, 1.15036975501e-07, 2.20521698679e-08], "dvar": [5.69282359968e-13, 5.15347942098e-08, 4.515769092e-08, 2.56539294696e-07, 5.17453190696e-06, 4.44604438599e-06, 1.81230479939e-05, 3.71102572672e-07, 7.8570237747e-06, 2.66503479907e-06, 1.81611121661e-05, 5.5442562541e-08, 3.30199618759e-08, 4.37426308508e-07, 6.39690327375e-08, 2.14252562358e-08, 1.84488802013e-09, 1.71370162505e-09, 8.65803650996e-10, 8.64945004508e-10, 3.51237761098e-10, 2.26151181115e-10, 3.83398868209e-11, 2.64552789397e-12, 2.41039284886e-12, 4.07002122976e-13, 1.87967961237e-14], "dvar2": [1.53909144544e-12, 1.24537535839e-07, 1.28552187562e-07, 6.644752375e-07, 1.36346498039e-05, 8.5446263256e-06, 4.2677642341e-05, 6.84523399741e-07, 1.77592992259e-05, 5.63184448765e-06, 1.33363400892e-05, 1.60926987292e-07, 8.18850267592e-08, 1.0643547057e-06, 1.69549934981e-07, 5.0200867463e-08, 5.1605577589e-09, 4.86789675236e-09, 2.07350758785e-09, 2.20622697888e-09, 9.35349686593e-10, 6.12207728956e-10, 9.52013190503e-11, 7.72020815332e-12, 6.51602209689e-12, 1.13916883739e-12, 5.49050483355e-14], "max": [2.67047107627e-05, 0.00767983682454, 0.00590004678816, 0.017269551754, 0.0590446256101, 0.118629828095, 0.180582672358, 0.0436541438103, 0.0867021083832, 0.0560433156788, 0.171962410212, 0.00811743829399, 0.00711820740253, 0.0335120260715, 0.0131241437048, 0.00555066671222, 0.000948614964727, 0.000782703922596, 0.000816099229269, 0.00116364320274, 0.000912417948712, 0.000879978470039, 0.000320988910971, 9.8750962934e-05, 8.59369902173e-05, 2.89720155706e-05, 5.14327712153e-06], "mean": [3.20281543509e-07, 0.000245719827944, 0.000271167315077, 0.00060378870694, 0.00288195163012, 0.00313752354123, 0.00285888812505, 0.000301838794257, 0.00173614080995, 0.00113631249405, 0.00179506256245, 0.000102260331914, 7.25369754946e-05, 0.000201909875614, 8.73288445291e-05, 8.38043706608e-05, 2.49589174928e-05, 3.13000164169e-05, 1.61694733833e-05, 1.3581246094e-05, 9.25510721572e-06, 4.13756970374e-06, 2.07206039704e-06, 7.88682712027e-07, 6.86307714659e-07, 1.90460795579e-07, 2.00972110065e-08], "median": [1.57019162117e-08, 1.3479615518e-05, 8.62117158249e-05, 0.000116122202598, 0.00114952202421, 0.000902946863789, 0.000427132472396, 6.76860508975e-05, 0.000167547812453, 0.000101785284642, 5.5140684708e-05, 2.61914738076e-05, 1.67335765582e-05, 2.27733908105e-05, 1.08151507447e-05, 8.28240172268e-06, 3.25524842992e-06, 4.43179260401e-06, 2.47329217018e-06, 1.72357181327e-06, 6.78508570218e-07, 2.01442617254e-07, 7.83656233239e-08, 3.44573862776e-08, 1.31307231754e-08, 2.11676920436e-09, 2.40141728725e-09], "min": [5.7728008007e-23, 1.05879979843e-23, 1.30777786852e-23, 2.6103255498e-24, 6.37836577251e-23, 2.1609560233e-23, 5.46408734296e-23, 4.50056222036e-23, 5.39434888349e-23, 9.67124537139e-23, 1.31618791463e-22, 7.67567340579e-23, 8.52329876865e-23, 1.20814918537e-22, 1.46320041159e-22, 1.45636395365e-22, 1.37398529191e-22, 1.45080002303e-22, 2.16539415475e-22, 3.15366016415e-22, 5.76314867731e-22, 4.81231607424e-22, 5.57132850229e-22, 1.13494652844e-21, 8.4700361425e-22, 1.57017065715e-21, 2.8234552071e-21], "var": [1.68499665176e-12, 2.7422072435e-07, 2.29188444223e-07, 1.63891968441e-06, 2.76678802038e-05, 7.38553499104e-05, 6.40672806185e-05, 1.96542009689e-06, 2.2364754841e-05, 1.29079999169e-05, 0.000123225079733, 1.41618244243e-07, 4.42486296492e-08, 7.47069407225e-07, 8.95154812497e-08, 5.51106857927e-08, 4.33979607806e-09, 4.17613721382e-09, 1.69301106467e-09, 2.05130046282e-09, 1.25670696072e-09, 5.693759908e-10, 1.45373338367e-10, 2.04226496825e-11, 1.59783002801e-11, 1.3414264274e-12, 1.95882840384e-14]}, "erbbands": {"dmean": [0.000752441002987, 0.0208098497242, 0.109093748033, 0.453440010548, 1.76797437668, 5.17086267471, 3.33951067924, 6.86769151688, 10.2991571426, 14.0244617462, 2.87090706825, 10.9022321701, 24.4141292572, 21.7948818207, 13.168885231, 2.01616120338, 1.90864300728, 6.38820934296, 2.56067180634, 2.90142917633, 2.85812664032, 1.04350090027, 0.753131985664, 0.64973205328, 0.412316679955, 0.276866436005, 0.191822484136, 0.151336684823, 0.0681619867682, 0.041467372328, 0.0177081841975, 0.00926733203232, 0.00491106510162, 0.00347603135742, 0.00138901825994, 0.000414272362832, 0.000121454053442, 2.81445227301e-05, 3.19612604471e-06, 4.03448348152e-06], "dmean2": [0.00115076510701, 0.0323807485402, 0.176888570189, 0.70078098774, 3.02094578743, 7.92448806763, 5.17625141144, 10.0281915665, 14.8777513504, 22.3211803436, 4.20260477066, 17.0121440887, 36.2548522949, 23.2783966064, 12.6018342972, 3.10402536392, 3.0823943615, 10.1519393921, 3.97216296196, 4.81398630142, 4.71527862549, 1.77055370808, 1.27220892906, 1.05072784424, 0.701246798038, 0.450340628624, 0.323762655258, 0.247642293572, 0.11453513056, 0.0684988945723, 0.0291522443295, 0.0150963710621, 0.00841700099409, 0.00589780323207, 0.00235121743754, 0.000677098869346, 0.000195925327716, 4.57013375126e-05, 5.0480111895e-06, 5.71583268538e-06], "dvar": [7.66158427723e-06, 0.00385563028976, 0.0418497286737, 0.709044396877, 11.0826311111, 163.050231934, 73.1354522705, 529.67980957, 1420.74584961, 3735.4128418, 256.667510986, 1343.14807129, 4896.70117188, 15035.6298828, 8848.17871094, 47.4432868958, 46.7175559998, 1027.85253906, 341.720794678, 169.017105103, 88.5437240601, 8.77569770813, 4.17059135437, 2.69663906097, 1.47960805893, 1.79545307159, 0.646785140038, 0.897305727005, 0.216676309705, 0.0832624360919, 0.00956054124981, 0.00279165199026, 0.000922109407838, 0.000464393466245, 0.000126941435155, 1.16573464766e-05, 1.03185095668e-06, 8.03427155915e-08, 5.00571972761e-10, 7.31085053607e-11], "dvar2": [1.8245760657e-05, 0.00939097814262, 0.122247077525, 1.63488149643, 35.7635726929, 406.868469238, 184.148635864, 944.772644043, 2825.01342773, 9281.91503906, 609.104492188, 3254.51489258, 10916.6992188, 12451.578125, 6385.01708984, 117.850921631, 104.716529846, 2346.58544922, 741.462097168, 467.426727295, 200.535293579, 24.0638332367, 11.7882556915, 6.8368601799, 4.08365297318, 4.38585805893, 1.7641377449, 2.32195687294, 0.586962223053, 0.209597617388, 0.0242943000048, 0.00670489389449, 0.0027706224937, 0.00130530726165, 0.000347649038304, 3.31183146045e-05, 2.89312697532e-06, 2.29770748206e-07, 1.4717338459e-09, 1.3500822682e-10], "max": [0.139331161976, 1.94728147984, 5.53124761581, 30.9908409119, 58.9602165222, 316.136077881, 226.401672363, 1402.95251465, 1340.54406738, 2270.20727539, 887.852111816, 1059.33190918, 1934.85986328, 6194.12597656, 5343.70996094, 207.447875977, 358.152709961, 1829.21240234, 1422.26074219, 559.647460938, 377.363037109, 69.0899887085, 53.28565979, 43.8395614624, 33.1815643311, 72.2901382446, 29.4901371002, 51.5426254272, 25.899477005, 15.3239994049, 5.60790967941, 4.31246757507, 1.42685985565, 1.15160381794, 0.605404913425, 0.162216335535, 0.0437696389854, 0.0127476379275, 0.000884699635208, 0.000256229483057], "mean": [0.0030966217164, 0.0704713761806, 0.292165637016, 1.25832808018, 4.53165197372, 13.9608831406, 11.9665307999, 30.4354915619, 32.41796875, 36.7065200806, 8.91745281219, 23.2370491028, 55.7493896484, 62.0683059692, 34.6982955933, 4.38972330093, 3.51739764214, 9.51274776459, 4.76115322113, 5.26698303223, 5.00538873672, 1.99718284607, 1.49255001545, 1.32773911953, 0.799144506454, 0.566158473492, 0.410966485739, 0.329875081778, 0.168181881309, 0.101505845785, 0.0444260463119, 0.024423988536, 0.012307824567, 0.00920979958028, 0.00389237655327, 0.00117743085138, 0.000301453779684, 5.42011002835e-05, 1.08077683763e-05, 1.78771715582e-05], "median": [0.000136042333907, 0.0061092833057, 0.092376716435, 0.367185890675, 1.92017686367, 4.69239377975, 5.63331890106, 6.74578952789, 7.25324630737, 3.61853384972, 2.45590591431, 3.43127083778, 5.62308454514, 4.92254400253, 1.88998866081, 1.28354895115, 1.05462419987, 1.08681690693, 0.986832976341, 0.867963254452, 0.62408220768, 0.364358186722, 0.318994164467, 0.257241815329, 0.114842817187, 0.0682425647974, 0.0347970314324, 0.0200573317707, 0.00860778801143, 0.00486907828599, 0.00220149196684, 0.00110088370275, 0.000453390326584, 0.000192642677575, 7.11153552402e-05, 2.227548066e-05, 8.10175151855e-06, 1.88420881386e-06, 4.46641388407e-06, 9.00853046915e-06], "min": [5.03115441972e-22, 2.18973428759e-21, 1.46212186581e-20, 1.33059279749e-20, 8.09504602968e-20, 3.09191815317e-19, 8.55643121949e-20, 2.17624446621e-19, 8.38616591317e-19, 8.79339830246e-19, 8.17770295712e-19, 1.10396062219e-18, 3.08904395903e-18, 3.88890320954e-18, 3.46681651761e-18, 3.99322226532e-18, 3.3733318735e-18, 5.94436927676e-18, 4.94128250309e-18, 1.04376536552e-17, 7.61254814041e-18, 8.08345627287e-18, 7.38121219286e-18, 1.10622850327e-17, 1.09270269405e-17, 1.50344162604e-17, 2.36098042882e-17, 2.01378212004e-17, 1.85566853119e-17, 1.70952639647e-17, 1.54536992236e-17, 2.23519851769e-17, 1.6346549705e-17, 8.37124316133e-18, 7.35195150587e-18, 5.56337195457e-18, 2.59710227796e-18, 1.50322405686e-18, 4.42272535523e-19, 3.98868074648e-20], "var": [6.67826170684e-05, 0.020312551409, 0.238924235106, 5.62912511826, 44.0417137146, 882.54095459, 352.504943848, 9687.60351562, 5641.74511719, 12951.3447266, 1001.83496094, 3579.91333008, 16854.9453125, 108970.015625, 54427.9492188, 160.702392578, 79.2339019775, 1527.93127441, 619.485534668, 265.554901123, 232.052902222, 21.4900131226, 10.9658727646, 9.44011497498, 3.74553155899, 5.09666252136, 1.54330313206, 2.52458143234, 0.709546327591, 0.327034682035, 0.0550595894456, 0.0222254488617, 0.00506533263251, 0.00272691482678, 0.000620025151875, 5.47184208699e-05, 3.0742967283e-06, 1.16930571892e-07, 6.6201955029e-10, 6.14183814918e-10]}, "gfcc": {"mean": [-195.32774353, 192.370300293, -122.524375916, -21.2947330475, -53.7216911316, -27.0572395325, -33.8255157471, -20.4180259705, -21.3183765411, -18.7275028229, -13.461892128, -10.4015426636, 0.930220484734], "cov": [[19671.2753906, -2916.8671875, -3670.19726562, 3372.20141602, -1365.97607422, 525.317993164, -235.657363892, 1140.69384766, 157.739303589, 347.535461426, -317.628051758, 20.2918624878, -7.28025960922], [-2916.8671875, 2511.55566406, 980.289306641, -1221.17626953, 546.629150391, -235.789016724, 174.609771729, -365.060791016, 63.9297561646, -191.206939697, 117.095596313, -113.883331299, 78.9758758545], [-3670.19726562, 980.289306641, 1528.03662109, -733.905151367, 269.367950439, 33.0939025879, 52.2567062378, -115.433006287, 19.4019966125, -8.51099300385, 19.9421691895, -4.2763004303, -0.521050572395], [3372.20141602, -1221.17626953, -733.905151367, 1369.31860352, -275.755645752, 126.99785614, -66.5935897827, 299.655822754, 38.8289909363, 102.683395386, -36.2232627869, 34.4419136047, -70.9723815918], [-1365.97607422, 546.629150391, 269.367950439, -275.755645752, 368.580780029, 17.8093910217, 57.1375350952, -118.226257324, 0.182555004954, -19.1121959686, 48.4057922363, -8.55272388458, 28.2981376648], [525.317993164, -235.789016724, 33.0939025879, 126.99785614, 17.8093910217, 359.667053223, 104.717666626, 91.2655487061, -61.1281776428, 4.74894285202, -91.1868057251, 22.3590679169, 65.6171722412], [-235.657363892, 174.609771729, 52.2567062378, -66.5935897827, 57.1375350952, 104.717666626, 232.032150269, 37.1122131348, -21.5459728241, -66.4076538086, -49.7176971436, -4.84481477737, 68.9925384521], [1140.69384766, -365.060791016, -115.433006287, 299.655822754, -118.226257324, 91.2655487061, 37.1122131348, 244.200012207, 44.3825569153, 39.1559867859, -48.3502235413, 15.8149490356, -1.43589818478], [157.739303589, 63.9297561646, 19.4019966125, 38.8289909363, 0.182555004954, -61.1281776428, -21.5459728241, 44.3825569153, 146.270812988, 62.9757652283, 35.7345314026, -15.5060052872, -26.7844467163], [347.535461426, -191.206939697, -8.51099300385, 102.683395386, -19.1121959686, 4.74894285202, -66.4076538086, 39.1559867859, 62.9757652283, 160.288635254, 47.7291679382, -1.87226963043, -51.7397994995], [-317.628051758, 117.095596313, 19.9421691895, -36.2232627869, 48.4057922363, -91.1868057251, -49.7176971436, -48.3502235413, 35.7345314026, 47.7291679382, 137.665512085, 11.1054468155, -39.5518112183], [20.2918624878, -113.883331299, -4.2763004303, 34.4419136047, -8.55272388458, 22.3590679169, -4.84481477737, 15.8149490356, -15.5060052872, -1.87226963043, 11.1054468155, 79.8227920532, 26.4130210876], [-7.28025960922, 78.9758758545, -0.521050572395, -70.9723815918, 28.2981376648, 65.6171722412, 68.9925384521, -1.43589818478, -26.7844467163, -51.7397994995, -39.5518112183, 26.4130210876, 131.296081543]], "icov": [[0.000316489080433, -0.000625676533673, 0.000710520602297, -0.000473689200589, 0.000800648413133, -0.000559561769478, 0.000608023256063, -0.000770031590946, 0.000220659741899, -0.000837974017486, 0.000550119497348, -0.000306317902869, -0.000138033545227], [-0.000625676533673, 0.00268475222401, -0.00182902836241, 0.0014715368161, -0.0025364854373, 0.00157916639, -0.00178017979488, 0.00194358080626, -0.00148087169509, 0.00307815661654, -0.00204480532557, 0.00221696402878, -0.000298307480989], [0.000710520602297, -0.00182902836241, 0.00272307917476, -0.000632821931504, 0.00164243509062, -0.00172545504756, 0.00157660676632, -0.00206181337126, 0.000483197363792, -0.00233129621483, 0.0017036710633, -0.00156202516519, 0.000472956162412], [-0.000473689200589, 0.0014715368161, -0.000632821931504, 0.00239658448845, -0.00137668917887, 0.000473312888062, -0.00073234672891, 2.97419137496e-05, -0.000805036281236, 0.00169209868181, -0.00126850453671, 0.000608263362665, 0.000824969087262], [0.000800648413133, -0.0025364854373, 0.00164243509062, -0.00137668917887, 0.00691039301455, -0.00266188802198, 0.000907610636204, -0.00034568074625, 0.000437545619207, -0.00285252509639, 0.000267057999736, -0.00139029230922, -0.000482014816953], [-0.000559561769478, 0.00157916639, -0.00172545504756, 0.000473312888062, -0.00266188802198, 0.00639182701707, -0.00279844901524, 0.000286785478238, 0.00194003374781, -0.000633607676718, 0.00126394047402, 0.000460516661406, -0.00144476850983], [0.000608023256063, -0.00178017979488, 0.00157660676632, -0.00073234672891, 0.000907610636204, -0.00279844901524, 0.00833568442613, -0.00359315588139, 0.000438619463239, 0.000482267147163, 0.00120462325867, 0.000374078837922, -0.00193447386846], [-0.000770031590946, 0.00194358080626, -0.00206181337126, 2.97419137496e-05, -0.00034568074625, 0.000286785478238, -0.00359315588139, 0.010458374396, -0.00397523632273, 0.00144812371582, 0.000344732165104, -0.000583538436331, 0.000710726599209], [0.000220659741899, -0.00148087169509, 0.000483197363792, -0.000805036281236, 0.000437545619207, 0.00194003374781, 0.000438619463239, -0.00397523632273, 0.0117855360731, -0.00540598062798, -0.000120794175018, 0.00097502337303, -0.00082668865798], [-0.000837974017486, 0.00307815661654, -0.00233129621483, 0.00169209868181, -0.00285252509639, -0.000633607676718, 0.000482267147163, 0.00144812371582, -0.00540598062798, 0.0145848570392, -0.00579482503235, 0.00278711132705, 0.00203958502971], [0.000550119497348, -0.00204480532557, 0.0017036710633, -0.00126850453671, 0.000267057999736, 0.00126394047402, 0.00120462325867, 0.000344732165104, -0.000120794175018, -0.00579482503235, 0.0141652189195, -0.00564977247268, 0.00235859956592], [-0.000306317902869, 0.00221696402878, -0.00156202516519, 0.000608263362665, -0.00139029230922, 0.000460516661406, 0.000374078837922, -0.000583538436331, 0.00097502337303, 0.00278711132705, -0.00564977247268, 0.0180428661406, -0.00519579648972], [-0.000138033545227, -0.000298307480989, 0.000472956162412, 0.000824969087262, -0.000482014816953, -0.00144476850983, -0.00193447386846, 0.000710726599209, -0.00082668865798, 0.00203958502971, 0.00235859956592, -0.00519579648972, 0.0124770365655]]}, "melbands": {"dmean": [1.37650604302e-05, 4.49971485068e-05, 0.000103589300124, 0.000255279650446, 0.000131187451188, 0.000150114312419, 0.000178265865543, 0.00012582357158, 2.20044912567e-05, 9.82263081823e-05, 0.000127812440041, 8.73798198882e-05, 7.01686440152e-05, 5.71487453271e-06, 4.74311582366e-06, 8.48371928441e-06, 1.1388715393e-05, 4.64217964691e-06, 4.95185122418e-06, 2.57121359937e-06, 3.53467498826e-06, 1.09566428819e-06, 4.08611015246e-07, 1.05867502498e-06, 5.08281061684e-07, 3.35834101861e-07, 3.1430170111e-07, 1.77822911951e-07, 1.64303656902e-07, 9.26708594307e-08, 8.41896508064e-08, 4.25028794382e-08, 3.87423249038e-08, 2.55191903165e-08, 1.03773460935e-08, 1.13739799801e-08, 5.02370323119e-09, 3.49815354461e-09, 3.89581744642e-09, 3.01872193909e-09], "dmean2": [2.11276601476e-05, 7.2296061262e-05, 0.000168922226294, 0.000409553846112, 0.000203144139959, 0.000218942921492, 0.000265390030108, 0.000199718881049, 3.17463091051e-05, 0.000152480715769, 0.000190033562831, 9.70444671111e-05, 6.58322242089e-05, 9.35605112318e-06, 7.60572856962e-06, 1.37601509778e-05, 1.80794668267e-05, 7.11977372703e-06, 8.0983618318e-06, 4.39814812125e-06, 5.74251453145e-06, 1.89094032521e-06, 6.73455133438e-07, 1.79620292329e-06, 8.13026417745e-07, 5.62101831747e-07, 5.34565231192e-07, 2.83634165044e-07, 2.7565275218e-07, 1.54158414034e-07, 1.39601922911e-07, 7.10111081048e-08, 6.32940100331e-08, 4.2394272981e-08, 1.77699135406e-08, 1.79696808544e-08, 8.49509618206e-09, 6.03964300794e-09, 6.72403288604e-09, 5.01840435874e-09], "dvar": [2.23706564384e-09, 7.8375510526e-09, 3.64174184142e-08, 3.29144654643e-07, 8.74677397178e-08, 2.19911242993e-07, 4.68478134508e-07, 2.99947657822e-07, 2.43288820201e-08, 1.09385993596e-07, 1.31711644258e-07, 2.06710055295e-07, 2.27330616553e-07, 1.0725830224e-09, 1.56924639949e-10, 1.7786357942e-09, 3.05951286528e-09, 1.7558936527e-09, 7.02274738362e-10, 8.33170962777e-11, 1.5561363309e-10, 1.21478521686e-11, 2.01066680666e-12, 6.58339658829e-12, 2.0241881088e-12, 1.87595533725e-12, 9.08421612673e-13, 9.71835459329e-13, 5.51798678364e-13, 5.78619942758e-13, 2.49002641423e-13, 1.13129286754e-13, 4.54574088603e-14, 3.54811767803e-14, 2.85298801964e-15, 7.1714705165e-15, 6.13448259577e-16, 5.12707243028e-16, 5.60582762817e-16, 3.41692005661e-16], "dvar2": [5.37226130248e-09, 2.1773042036e-08, 1.00396945868e-07, 8.98463440535e-07, 2.12527638155e-07, 3.9505889049e-07, 1.02519879874e-06, 7.37974914955e-07, 6.27466860692e-08, 2.56132352661e-07, 2.9278012903e-07, 1.81930602139e-07, 1.63460214253e-07, 3.12064729613e-09, 3.86709636535e-10, 3.94741750398e-09, 7.04830371845e-09, 3.74537600933e-09, 1.8315288175e-09, 2.42033476594e-10, 3.42500777739e-10, 3.48561249308e-11, 5.40475953922e-12, 1.88977861137e-11, 4.97227259366e-12, 4.84426387892e-12, 2.51358179063e-12, 2.38187009179e-12, 1.47799491829e-12, 1.57511113527e-12, 6.48807884588e-13, 3.00615977424e-13, 1.15711043178e-13, 9.02586992234e-14, 8.12783254735e-15, 1.5049573187e-14, 1.74747132183e-15, 1.50071527183e-15, 1.62081003831e-15, 9.30260498827e-16], "max": [0.00177218823228, 0.00230959057808, 0.00619383761659, 0.0133990086615, 0.00757033890113, 0.0282246656716, 0.0282796081156, 0.0201725289226, 0.00960198696703, 0.0100945597515, 0.010040522553, 0.0227881949395, 0.0253755226731, 0.00118107139133, 0.000455390574643, 0.00236652209423, 0.00312048662454, 0.00324937119149, 0.00146266748197, 0.000313715136144, 0.000515248801094, 6.83347025188e-05, 3.85870007449e-05, 4.88127880089e-05, 4.14008027292e-05, 5.02783514094e-05, 3.4413231333e-05, 4.48589380539e-05, 3.40149999829e-05, 4.25779398938e-05, 2.70732307399e-05, 1.88236135727e-05, 1.1903169252e-05, 8.93310607353e-06, 2.52886434282e-06, 7.38391281629e-06, 1.66370443822e-06, 1.06442450942e-06, 1.08545191324e-06, 1.04824812297e-06], "mean": [4.91934843012e-05, 0.000133792884299, 0.000281352142338, 0.000688411120791, 0.000455427652923, 0.000661341648083, 0.000553061836399, 0.000326130975736, 6.58344797557e-05, 0.000198330613784, 0.00028940232005, 0.000248181750067, 0.000183822441613, 1.12145844469e-05, 7.90351623436e-06, 1.27597086248e-05, 1.69906979863e-05, 7.72015118855e-06, 8.44777332532e-06, 4.54267183159e-06, 5.86709029449e-06, 1.94310564439e-06, 7.60177158554e-07, 1.90298112557e-06, 9.78222260528e-07, 5.49535855043e-07, 5.94037203427e-07, 3.18622454643e-07, 3.10554383987e-07, 1.88371842569e-07, 1.69037946307e-07, 8.77533423704e-08, 8.42366105758e-08, 4.95634893127e-08, 2.28217142961e-08, 2.477438521e-08, 1.13554623482e-08, 8.15233036633e-09, 8.38441671647e-09, 7.50992512621e-09], "median": [2.09370114135e-06, 3.35163749696e-05, 0.00010225486767, 0.000262787216343, 0.000214832471102, 0.000170501269167, 0.00011505348084, 2.77942490357e-05, 1.2847563994e-05, 1.87994482985e-05, 2.6554289434e-05, 1.48033350342e-05, 6.45794443699e-06, 2.15090540223e-06, 2.35666129811e-06, 1.3921558093e-06, 1.91377330339e-06, 9.79152105174e-07, 9.24493122056e-07, 6.00040891641e-07, 3.59571970421e-07, 2.15825394889e-07, 1.48217452534e-07, 2.27025267918e-07, 1.64421763316e-07, 6.00037921572e-08, 5.65242004313e-08, 2.51787000138e-08, 2.37563853034e-08, 1.13940732405e-08, 9.64509183632e-09, 4.22783852372e-09, 3.69795483124e-09, 1.93082727584e-09, 1.08522335562e-09, 1.02606212415e-09, 4.24506874097e-10, 3.11890818727e-10, 1.89461946132e-10, 1.20303808582e-10], "min": [5.89229200748e-24, 6.05819576673e-24, 2.80517872934e-24, 1.57347773877e-23, 5.11517605784e-24, 5.93664452858e-24, 1.16399029806e-23, 9.511093197e-24, 6.12207062309e-24, 7.76393905247e-24, 1.59253030735e-23, 1.57947686818e-23, 1.52563490259e-23, 7.91878298183e-24, 8.16655078153e-24, 9.38121987073e-24, 1.15186448043e-23, 7.58102350779e-24, 1.31761938163e-23, 1.11899927294e-23, 8.47478871391e-24, 7.72319044241e-24, 6.95467425994e-24, 7.50443852453e-24, 8.77825955985e-24, 9.34366772506e-24, 6.98479218044e-24, 1.00382384529e-23, 1.68952548882e-23, 1.11367935277e-23, 1.18469158594e-23, 1.17149417965e-23, 7.53074466914e-24, 1.01058824866e-23, 7.65803684253e-24, 1.08843998477e-23, 1.57899045655e-23, 1.29299287967e-23, 7.48997870414e-24, 7.09303494069e-24], "var": [1.2256116122e-08, 5.25489554093e-08, 2.37415349602e-07, 1.59359592544e-06, 5.3655770671e-07, 3.98449810746e-06, 1.78885125024e-06, 1.0515533404e-06, 7.32604306108e-08, 2.9667504009e-07, 4.67085897071e-07, 1.50050186676e-06, 1.43688566823e-06, 2.80205192382e-09, 3.12380010747e-10, 2.54745557982e-09, 4.71172301175e-09, 3.10914449742e-09, 9.72242397701e-10, 1.5418005761e-10, 3.98694965931e-10, 2.77162043316e-11, 4.75003586811e-12, 1.5369035905e-11, 7.0317076814e-12, 3.0874107524e-12, 3.300269346e-12, 2.06827675646e-12, 8.61118088728e-13, 1.27966832009e-12, 6.0626379134e-13, 2.37508499196e-13, 2.23077131311e-13, 8.72184946878e-14, 1.16186188003e-14, 3.2032211085e-14, 4.03554490511e-15, 2.63036362067e-15, 2.1368720612e-15, 1.9170684937e-15]}, "mfcc": {"mean": [-815.006103516, 198.659469604, 5.86070775986, 3.68233990669, -13.0817661285, -11.2246789932, -11.9733419418, -10.2490587234, -10.1954393387, -10.162317276, -13.330245018, -17.0089893341, -9.51217842102], "cov": [[10735.5292969, 241.115036011, -2855.54907227, 1142.51538086, -193.791885376, 35.3187141418, -246.431564331, 205.185058594, 385.58782959, 357.152282715, 287.680511475, 105.430023193, -45.6796913147], [241.115036011, 1329.05078125, 160.473403931, -185.088684082, 97.2182693481, -68.7546157837, -18.9832115173, -39.8498878479, -22.319858551, 24.1028442383, -18.0509777069, -23.2137489319, 25.4514713287], [-2855.54907227, 160.473403931, 1448.22302246, -289.177154541, 7.97629642487, 59.6024551392, 84.460105896, -21.6929454803, -28.7613639832, -39.1394844055, -51.9628753662, -3.47791957855, -8.96334838867], [1142.51538086, -185.088684082, -289.177154541, 462.371124268, 82.7970275879, -12.0947990417, -31.7838115692, 48.6979179382, 39.5616912842, 25.9136447906, 105.853683472, 90.4172744751, -2.9317779541], [-193.791885376, 97.2182693481, 7.97629642487, 82.7970275879, 227.582351685, 23.9385261536, 2.11035585403, -13.0008049011, -37.6133155823, 6.66015911102, 55.8312187195, 38.7685508728, 14.7300167084], [35.3187141418, -68.7546157837, 59.6024551392, -12.0947990417, 23.9385261536, 216.282958984, 102.11063385, 33.7279586792, 50.647026062, 28.353521347, 1.57071280479, -28.3719482422, -43.5633659363], [-246.431564331, -18.9832115173, 84.460105896, -31.7838115692, 2.11035585403, 102.11063385, 183.342559814, 89.1774597168, 54.398891449, 14.1098003387, -30.7175292969, -42.8616752625, -33.7064094543], [205.185058594, -39.8498878479, -21.6929454803, 48.6979179382, -13.0008049011, 33.7279586792, 89.1774597168, 164.755950928, 108.942344666, 25.2946453094, -35.6198425293, -36.7240142822, -24.6725406647], [385.58782959, -22.319858551, -28.7613639832, 39.5616912842, -37.6133155823, 50.647026062, 54.398891449, 108.942344666, 190.257904053, 71.4907684326, -27.9089660645, -25.0738258362, -20.3643131256], [357.152282715, 24.1028442383, -39.1394844055, 25.9136447906, 6.66015911102, 28.353521347, 14.1098003387, 25.2946453094, 71.4907684326, 133.966003418, 62.2305488586, 4.65482759476, -27.382358551], [287.680511475, -18.0509777069, -51.9628753662, 105.853683472, 55.8312187195, 1.57071280479, -30.7175292969, -35.6198425293, -27.9089660645, 62.2305488586, 192.629394531, 95.8918380737, -15.8556165695], [105.430023193, -23.2137489319, -3.47791957855, 90.4172744751, 38.7685508728, -28.3719482422, -42.8616752625, -36.7240142822, -25.0738258362, 4.65482759476, 95.8918380737, 136.819137573, 49.9453163147], [-45.6796913147, 25.4514713287, -8.96334838867, -2.9317779541, 14.7300167084, -43.5633659363, -33.7064094543, -24.6725406647, -20.3643131256, -27.382358551, -15.8556165695, 49.9453163147, 152.286407471]], "icov": [[0.000448486563982, -0.000381693098461, 0.000716052541975, -0.00084889360005, 0.000909312570002, -0.000732140848413, 0.000684776634444, -0.000331009738147, -0.000109239968879, -0.00057596625993, -8.0798570707e-05, -2.44911898335e-05, -9.38833763939e-05], [-0.000381693098461, 0.00122413458303, -0.000641734804958, 0.00117032905109, -0.00141267362051, 0.00110215821769, -0.000626503664535, 0.00044806645019, -0.000123842459288, 0.000232304635574, 7.6679745689e-05, 0.000170021623489, 2.89631007035e-05], [0.000716052541975, -0.000641734804958, 0.00199605198577, -0.000744737917557, 0.00126741069835, -0.00125919608399, 0.000753371103201, -0.000485608208692, -0.000230827106861, -0.000706877210177, 6.53086754028e-05, -0.000741012045182, 0.000122318801004], [-0.00084889360005, 0.00117032905109, -0.000744737917557, 0.00546484533697, -0.00309474859387, 0.00159587489907, -0.000460623414256, -0.000985560007393, -0.000727595877834, 0.00188634591177, -0.000928424182348, -0.00183688523248, 0.000853040080983], [0.000909312570002, -0.00141267362051, 0.00126741069835, -0.00309474859387, 0.00772741856053, -0.00278873695061, 0.00120903016068, -0.00117671396583, 0.00177082535811, -0.00163124641404, -0.000903980166186, -0.000175711174961, -0.00103736319579], [-0.000732140848413, 0.00110215821769, -0.00125919608399, 0.00159587489907, -0.00278873695061, 0.00861903838813, -0.00533491093665, 0.00295676686801, -0.00215223291889, 0.00102249253541, -0.000618923746515, 0.000967143219896, 0.0011007625144], [0.000684776634444, -0.000626503664535, 0.000753371103201, -0.000460623414256, 0.00120903016068, -0.00533491093665, 0.0118553843349, -0.00652572279796, 0.00121864362154, -0.00103381392546, 0.000110923487227, 0.000329097005306, 0.000149974948727], [-0.000331009738147, 0.00044806645019, -0.000485608208692, -0.000985560007393, -0.00117671396583, 0.00295676686801, -0.00652572279796, 0.0145611278713, -0.00693804305047, 0.00177430326585, 0.00034586674883, 0.00205869670026, 0.000404713617172], [-0.000109239968879, -0.000123842459288, -0.000230827106861, -0.000727595877834, 0.00177082535811, -0.00215223291889, 0.00121864362154, -0.00693804305047, 0.0129882292822, -0.0067967181094, 0.00399803183973, -0.00205306150019, -7.66173980082e-05], [-0.00057596625993, 0.000232304635574, -0.000706877210177, 0.00188634591177, -0.00163124641404, 0.00102249253541, -0.00103381392546, 0.00177430326585, -0.0067967181094, 0.0148723432794, -0.00702936854213, 0.00310872821137, 0.000305882742396], [-8.0798570707e-05, 7.6679745689e-05, 6.53086754028e-05, -0.000928424182348, -0.000903980166186, -0.000618923746515, 0.000110923487227, 0.00034586674883, 0.00399803183973, -0.00702936854213, 0.0139141753316, -0.00917317718267, 0.00366781279445], [-2.44911898335e-05, 0.000170021623489, -0.000741012045182, -0.00183688523248, -0.000175711174961, 0.000967143219896, 0.000329097005306, 0.00205869670026, -0.00205306150019, 0.00310872821137, -0.00917317718267, 0.0175354611129, -0.00583645375445], [-9.38833763939e-05, 2.89631007035e-05, 0.000122318801004, 0.000853040080983, -0.00103736319579, 0.0011007625144, 0.000149974948727, 0.000404713617172, -7.66173980082e-05, 0.000305882742396, 0.00366781279445, -0.00583645375445, 0.0094120008871]]}, "spectral_contrast_coeffs": {"dmean": [0.0415823124349, 0.0340741239488, 0.0324566215277, 0.0258612837642, 0.0186065845191, 0.0240600612015], "dmean2": [0.0714741721749, 0.0557159781456, 0.0516065880656, 0.0421632304788, 0.0306546781212, 0.0421558432281], "dvar": [0.00123665726278, 0.000925726490095, 0.000799237284809, 0.000483925599838, 0.000250977813266, 0.000566892733332], "dvar2": [0.00359778967686, 0.00235417415388, 0.00193973374553, 0.00125749688596, 0.000667731801514, 0.00170569319744], "max": [-0.221906483173, -0.330027580261, -0.385084271431, -0.46954202652, -0.494287669659, -0.591973900795], "mean": [-0.552848279476, -0.668890297413, -0.69195151329, -0.733984172344, -0.742221415043, -0.784345209599], "median": [-0.551185667515, -0.676153063774, -0.697124540806, -0.739459037781, -0.734079897404, -0.757334411144], "min": [-0.968204975128, -0.947033047676, -0.9660628438, -0.958053052425, -0.965394854546, -0.964988768101], "var": [0.00789117347449, 0.00890723057091, 0.00868398882449, 0.00387387000956, 0.00532669713721, 0.00688317185268]}, "spectral_contrast_valleys": {"dmean": [0.365539640188, 0.288149267435, 0.257099449635, 0.228511542082, 0.193599790335, 0.401318252087], "dmean2": [0.634504973888, 0.