{"lowlevel": {"average_loudness": 0.618023574352, "barkbands_crest": {"dmean": 1.39071595669, "dmean2": 2.26303696632, "dvar": 2.04797625542, "dvar2": 5.10773229599, "max": 24.8360519409, "mean": 6.68968343735, "median": 5.42246437073, "min": 2.03237366676, "var": 18.3016204834}, "barkbands_flatness_db": {"dmean": 0.0107380291447, "dmean2": 0.0169274695218, "dvar": 9.40215832088e-05, "dvar2": 0.000231149737374, "max": 0.348373293877, "mean": 0.126724392176, "median": 0.139659166336, "min": 0.0241782926023, "var": 0.00474094506353}, "barkbands_kurtosis": {"dmean": 0.902142643929, "dmean2": 1.44332313538, "dvar": 6.05720472336, "dvar2": 16.149055481, "max": 115.387519836, "mean": 1.22275221348, "median": -0.859465122223, "min": -1.91315448284, "var": 75.0555114746}, "barkbands_skewness": {"dmean": 0.298892110586, "dmean2": 0.478352308273, "dvar": 0.0881149843335, "dvar2": 0.222955644131, "max": 8.51163768768, "mean": -0.228320762515, "median": -0.260989159346, "min": -7.26275777817, "var": 1.62803840637}, "barkbands_spread": {"dmean": 5.18417310715, "dmean2": 8.3361825943, "dvar": 28.1692562103, "dvar2": 67.3841247559, "max": 120.418380737, "mean": 35.3328285217, "median": 36.1654548645, "min": 1.1612149477, "var": 261.232940674}, "dissonance": {"dmean": 0.007887609303, "dmean2": 0.0134299751371, "dvar": 9.16966746445e-05, "dvar2": 0.000246821145993, "max": 0.500000119209, "mean": 0.484769523144, "median": 0.490319013596, "min": 0.319884330034, "var": 0.000312072894303}, "dynamic_complexity": 7.52249479294, "erbbands_crest": {"dmean": 1.81560814381, "dmean2": 2.98247766495, "dvar": 3.152125597, "dvar2": 8.03783226013, "max": 28.2401313782, "mean": 7.58939504623, "median": 6.76927614212, "min": 2.69952988625, "var": 10.0459356308}, "erbbands_flatness_db": {"dmean": 0.0105711044744, "dmean2": 0.0164981875569, "dvar": 9.16087956284e-05, "dvar2": 0.000207031160244, "max": 0.431431204081, "mean": 0.197463199496, "median": 0.206296861172, "min": 0.0469637513161, "var": 0.00596351223066}, "erbbands_kurtosis": {"dmean": 0.805127382278, "dmean2": 1.26024353504, "dvar": 1.00297832489, "dvar2": 2.07000637054, "max": 60.9139137268, "mean": 1.05675554276, "median": 0.609525442123, "min": -1.7630341053, "var": 12.4769239426}, "erbbands_skewness": {"dmean": 0.261460512877, "dmean2": 0.40671312809, "dvar": 0.0592971220613, "dvar2": 0.134287804365, "max": 6.53697681427, "mean": -0.552794575691, "median": -0.667585909367, "min": -4.08598804474, "var": 0.645893275738}, "erbbands_spread": {"dmean": 4.73618507385, "dmean2": 7.72838592529, "dvar": 17.0593223572, "dvar2": 45.1902351379, "max": 142.452941895, "mean": 28.3012485504, "median": 27.8800582886, "min": 2.48351049423, "var": 112.48664856}, "hfc": {"dmean": 7.25644636154, "dmean2": 11.3986253738, "dvar": 480.923156738, "dvar2": 1255.55273438, "max": 330.947631836, "mean": 27.3575725555, "median": 4.91481113434, "min": 1.19828096687e-16, "var": 1341.4465332}, "melbands_crest": {"dmean": 2.08715653419, "dmean2": 3.37309813499, "dvar": 4.42295074463, "dvar2": 11.3060998917, "max": 30.5804824829, "mean": 9.18051052094, "median": 8.58027076721, "min": 1.59069919586, "var": 16.976436615}, "melbands_flatness_db": {"dmean": 0.0122716762125, "dmean2": 0.0196455027908, "dvar": 0.000146794918692, "dvar2": 0.000382993777748, "max": 0.47323423624, "mean": 0.139200299978, "median": 0.167245447636, "min": 0.00355417164974, "var": 0.00863736029714}, "melbands_kurtosis": {"dmean": 0.933822870255, "dmean2": 1.47683763504, "dvar": 2.11591696739, "dvar2": 4.52284193039, "max": 160.369415283, "mean": 1.43301951885, "median": -0.311737298965, "min": -1.8398951292, "var": 86.224029541}, "melbands_skewness": {"dmean": 0.332450687885, "dmean2": 0.534038722515, "dvar": 0.0951743721962, "dvar2": 0.238357082009, "max": 8.67091655731, "mean": 0.943566083908, "median": 0.849197626114, "min": -2.80685591698, "var": 0.770408689976}, "melbands_spread": {"dmean": 9.17180538177, "dmean2": 15.0457935333, "dvar": 77.2798538208, "dvar2": 206.690826416, "max": 151.262039185, "mean": 68.0529022217, "median": 66.7336196899, "min": 1.29123985767, "var": 1106.10717773}, "pitch_salience": {"dmean": 0.0446247197688, "dmean2": 0.0731473788619, "dvar": 0.00155611743685, "dvar2": 0.00419738283381, "max": 0.861602008343, "mean": 0.612246215343, "median": 0.634238183498, "min": 0.212459072471, "var": 0.0110933529213}, "silence_rate_20dB": {"dmean": 0, "dmean2": 0, "dvar": 0, "dvar2": 0, "max": 1, "mean": 1, "median": 1, "min": 1, "var": 0}, "silence_rate_30dB": {"dmean": 0, "dmean2": 0, "dvar": 0, "dvar2": 0, "max": 1, "mean": 1, "median": 1, "min": 1, "var": 0}, "silence_rate_60dB": {"dmean": 0.0419999994338, "dmean2": 0.0840120017529, "dvar": 0.0402396321297, "dvar2": 0.0912526547909, "max": 1, "mean": 0.430224239826, "median": 0, "min": 0, "var": 0.2451171875}, "spectral_centroid": {"dmean": 182.442977905, "dmean2": 288.485900879, "dvar": 40146.5585938, "dvar2": 81113.6796875, "max": 10744.8339844, "mean": 2642.08862305, "median": 2843.81347656, "min": 221.807952881, "var": 504765.0625}, "spectral_complexity": {"dmean": 2.63628578186, "dmean2": 4.23546218872, "dvar": 8.15167236328, "dvar2": 19.8010635376, "max": 63, "mean": 22.4907875061, "median": 13, "min": 0, "var": 358.346405029}, "spectral_decrease": {"dmean": 4.48944770248e-10, "dmean2": 7.04688807307e-10, "dvar": 9.1827263674e-19, "dvar2": 2.28085210462e-18, "max": 4.16357695264e-16, "mean": -1.84447424001e-09, "median": -9.3318885952e-10, "min": -1.38801068417e-08, "var": 3.53450470713e-18}, "spectral_energy": {"dmean": 0.00225738203153, "dmean2": 0.00351430685259, "dvar": 2.92010081466e-05, "dvar2": 7.38959788578e-05, "max": 0.0742480754852, "mean": 0.00944288261235, "median": 0.00397962750867, "min": 1.06823849139e-20, "var": 0.000104973645648}, "spectral_energyband_high": {"dmean": 0.000780660193413, "dmean2": 0.0012994215358, "dvar": 7.53214726501e-06, "dvar2": 2.07342181966e-05, "max": 0.0456369780004, "mean": 0.00225830869749, "median": 0.000200014052098, "min": 7.74410932337e-21, "var": 1.28783212858e-05}, "spectral_energyband_low": {"dmean": 0.000572110235225, "dmean2": 0.000907000503503, "dvar": 2.53672214967e-06, "dvar2": 6.01682813794e-06, "max": 0.0347736477852, "mean": 0.00122295983601, "median": 0.000761228147894, "min": 5.10745026968e-23, "var": 3.40850965586e-06}, "spectral_energyband_middle_high": {"dmean": 0.00107509747613, "dmean2": 0.00169665110298, "dvar": 3.91812136513e-06, "dvar2": 9.88251031231e-06, "max": 0.0344918705523, "mean": 0.00430494500324, "median": 0.00171159661841, "min": 1.66654679106e-21, "var": 2.13415769394e-05}, "spectral_energyband_middle_low": {"dmean": 0.000623975764029, "dmean2": 0.00104931485839, "dvar": 1.08862616344e-06, "dvar2": 3.12684892378e-06, "max": 0.0200290232897, "mean": 0.00188762345351, "median": 0.00147079571616, "min": 2.39011424714e-22, "var": 3.36285620506e-06}, "spectral_entropy": {"dmean": 0.0851973295212, "dmean2": 0.132673963904, "dvar": 0.00630090944469, "dvar2": 0.013935547322, "max": 9.80769252777, "mean": 7.63010120392, "median": 7.46701335907, "min": 5.40306520462, "var": 0.360001862049}, "spectral_flux": {"dmean": 0.00733597623184, "dmean2": 0.0109493052587, "dvar": 0.000152321910718, "dvar2": 0.000288823415758, "max": 0.211716040969, "mean": 0.0469891279936, "median": 0.0320182293653, "min": 1.03355622671e-10, "var": 0.00142490479629}, "spectral_kurtosis": {"dmean": 2.56377863884, "dmean2": 4.52498483658, "dvar": 11.4952793121, "dvar2": 35.9753456116, "max": 47.1461181641, "mean": 5.4411110878, "median": 3.62081813812, "min": -1.21601176262, "var": 23.3735675812}, "spectral_rms": {"dmean": 0.000274015095783, "dmean2": 0.000415661867009, "dvar": 2.14799683818e-07, "dvar2": 5.11613393428e-07, "max": 0.00851100124419, "mean": 0.00251848134212, "median": 0.00197042222135, "min": 3.22828721221e-12, "var": 2.86989029519e-06}, "spectral_rolloff": {"dmean": 568.049499512, "dmean2": 931.565551758, "dvar": 523993.15625, "dvar2": 1217336.25, "max": 19982.8125, "mean": 4612.65380859, "median": 3660.64453125, "min": 236.865234375, "var": 13108312}, "spectral_skewness": {"dmean": 0.27040708065, "dmean2": 0.467343002558, "dvar": 0.0936087667942, "dvar2": 0.281941741705, "max": 5.6004076004, "mean": 1.21039199829, "median": 1.25521695614, "min": -0.379895061255, "var": 0.335782200098}, "spectral_spread": {"dmean": 273270.25, "dmean2": 433067.65625, "dvar": 205790412800, "dvar2": 297467904000, "max": 41289812, "mean": 3800764.5, "median": 2922879, "min": 930999.0625, "var": 4859591917570.0}, "spectral_strongpeak": {"dmean": 0.554399907589, "dmean2": 0.993262588978, "dvar": 1.07527041435, "dvar2": 2.94203472137, "max": 9.72914505005, "mean": 0.652381777763, "median": 0.251207798719, "min": 3.31787686214e-09, "var": 1.08207678795}, "zerocrossingrate": {"dmean": 0.00903118029237, "dmean2": 0.0110315009952, "dvar": 9.19031590456e-05, "dvar2": 0.00011787256517, "max": 0.79833984375, "mean": 0.147407725453, "median": 0.119140625, "min": 0.0107421875, "var": 0.0160373933613}, "barkbands": {"dmean": [8.64157300384e-06, 0.000456789333839, 0.000170238068677, 0.000138531308039, 0.000173839405761, 0.00026301125763, 0.000199588132091, 8.8345426775e-05, 8.92886091606e-05, 0.000157914721058, 9.73543064902e-05, 0.000136663438752, 4.9743524869e-05, 8.72092059581e-05, 0.000167272752151, 0.000191927290871, 0.000293138786219, 0.000388835469494, 0.00037195236655, 0.000326139444951, 0.000231569356401, 0.000186199613381, 0.000165654404555, 0.000131220338517, 8.30583521747e-05, 7.31040927349e-05, 3.40455790138e-06], "dmean2": [1.30406251628e-05, 0.000745695026126, 0.000284606911009, 0.000232286911341, 0.000296334706945, 0.000439819588792, 0.000351621099981, 0.000141409123898, 0.000145739584696, 0.000249941949733, 0.000157214089995, 0.000223224415095, 8.38585183374e-05, 0.000145279613207, 0.000274608115433, 0.000325606873957, 0.000494330364745, 0.000650050234981, 0.000607566733379, 0.000541827292182, 0.000388725748053, 0.000329796399456, 0.000293542165309, 0.000220756526687, 0.000125595281133, 0.000106547071482, 5.81456970394e-06], "dvar": [4.89745966004e-10, 2.13017051465e-06, 1.97446269112e-07, 1.24163733517e-07, 1.91136436456e-07, 1.53550743676e-07, 1.06243177811e-07, 2.38049526757e-08, 1.90685423007e-08, 6.14939139609e-08, 2.59117260981e-08, 3.710110974e-08, 5.87348969461e-09, 1.78947221485e-08, 7.09308523028e-08, 1.05365060676e-07, 2.31750121316e-07, 4.73113004773e-07, 5.28999748894e-07, 6.72380963351e-07, 4.22280578505e-07, 8.27470387321e-07, 3.9261064444e-07, 8.24963279911e-08, 3.28721725396e-08, 5.42683480376e-08, 1.75468389818e-10], "dvar2": [1.15912690557e-09, 5.41578083357e-06, 5.72825172185e-07, 3.57584895028e-07, 5.56206430247e-07, 4.23657951387e-07, 3.25267848211e-07, 5.86953596837e-08, 4.88199347615e-08, 1.5140882681e-07, 6.40026200927e-08, 9.53749648147e-08, 1.60855524456e-08, 4.79082871152e-08, 1.89351538893e-07, 2.95044117138e-07, 6.37912137336e-07, 1.27970110952e-06, 1.35880759444e-06, 1.82685516847e-06, 1.17192985272e-06, 2.37404356085e-06, 1.13493433673e-06, 2.29629065984e-07, 7.00878359794e-08, 1.04309648918e-07, 4.68263094966e-10], "max": [0.000347985507688, 0.0333124697208, 0.00644080713391, 0.00714646000415, 0.00863299984485, 0.00615094881505, 0.00401366502047, 0.00301102898084, 0.00307769188657, 0.00483749248087, 0.00249847630039, 0.00256115151569, 0.00137226481456, 0.00195940304548, 0.00424436619505, 0.00411592144519, 0.00588714145124, 0.0101385498419, 0.0113574462011, 0.0138378143311, 0.0120429415256, 0.0202177613974, 0.0122617101297, 0.00462595792487, 0.00510331569239, 0.00399843556806, 0.000206016848097], "mean": [2.77658382402e-05, 0.000713873130735, 0.000346069864463, 0.00023247153149, 0.000320222374285, 0.000554372789338, 0.00030875048833, 0.000147377009853, 0.000167599631823, 0.000300800224068, 0.000156739508384, 0.000268067204161, 8.96049605217e-05, 0.000159934788826, 0.000329968170263, 0.000385589752113, 0.000615302764345, 0.000884087872691, 0.000869307725225, 0.00070323102409, 0.000486342061777, 0.000270601798547, 0.000277093291515, 0.000393532740418, 0.000268795673037, 0.000162502241437, 2.88278556582e-06], "median": [1.22909232232e-05, 0.000377368822228, 9.13454205147e-05, 2.58360869339e-05, 0.000115744063805, 0.000307048438117, 0.000150858235429, 7.06774953869e-05, 0.000113518675789, 0.000173629741766, 6.60087243887e-05, 0.000165818200912, 5.38782187505e-05, 9.07289577299e-05, 0.000171346749994, 0.000129358188133, 0.00024093016691, 0.000209449601243, 0.000251726538409, 0.000134383357363, 9.28634035517e-05, 1.56271346441e-06, 1.78875154688e-07, 1.3945710009e-07, 1.24967826309e-07, 4.21056824962e-08, 1.43779155248e-09], "min": [6.50826221241e-25, 3.75958043892e-23, 9.00332788699e-24, 5.59541169998e-24, 2.72776457438e-23, 3.21780244435e-23, 2.74297160383e-23, 9.57271475106e-23, 4.36675531807e-23, 4.5441732911e-23, 8.71602569195e-23, 8.25852991204e-23, 1.49136930922e-22, 1.31036662603e-22, 1.75988897855e-22, 9.74599783077e-23, 1.43184224397e-22, 1.64426999019e-22, 2.91972996292e-22, 4.85959926094e-22, 3.01890631323e-22, 4.16747138293e-22, 4.82610965427e-22, 8.32007027654e-22, 1.40582273355e-21, 2.00919101174e-21, 2.36231655589e-21], "var": [1.32519950569e-09, 1.96274368136e-06, 3.38115285103e-07, 2.07012774922e-07, 2.59745490894e-07, 4.71527044965e-07, 1.74341678871e-07, 4.73819845581e-08, 4.15688496958e-08, 1.5336659942e-07, 5.3677727152e-08, 9.26278502789e-08, 1.1299777114e-08, 3.85790954738e-08, 1.71614573219e-07, 2.49588225643e-07, 5.9784917994e-07, 1.30413775423e-06, 1.31857518681e-06, 1.11482381726e-06, 5.98163296672e-07, 6.14526300069e-07, 3.81612522915e-07, 3.20443632518e-07, 1.86515549672e-07, 1.19794592024e-07, 1.50751799932e-10]}, "erbbands": {"dmean": [0.0129077332094, 0.104677714407, 0.183762222528, 0.332946807146, 0.488253653049, 0.651493489742, 1.24630022049, 2.1009311676, 3.78077578545, 1.49105131626, 2.39150333405, 2.05902552605, 4.79375267029, 4.31485128403, 2.18706345558, 5.73520326614, 2.54044032097, 3.73989248276, 5.70871353149, 10.2273902893, 9.56456279755, 16.7567424774, 20.6179866791, 20.329990387, 17.2217006683, 15.3600034714, 13.005698204, 6.61786794662, 6.36855649948, 5.77801942825, 4.63410043716, 4.11235141754, 1.86246228218, 0.954845964909, 0.646859765053, 0.323641747236, 0.143326550722, 0.0223043840379, 0.000420932279667, 1.62486994668e-05], "dmean2": [0.0211841203272, 0.171763449907, 0.305691897869, 0.554293990135, 0.844217300415, 1.10287547112, 2.13464951515, 3.49182891846, 6.63647508621, 2.50795984268, 3.81004214287, 3.32066130638, 7.55398416519, 6.97714328766, 3.64879965782, 9.44772052765, 4.18434667587, 6.19144201279, 9.35766601562, 17.0129585266, 16.106136322, 28.2443637848, 34.6438446045, 33.4571533203, 28.1448249817, 25.5323162079, 21.5540180206, 11.685874939, 11.2124328613, 10.2180957794, 8.28327846527, 6.84700155258, 3.17585325241, 1.54404258728, 0.928899168968, 0.486854404211, 0.212174549699, 0.033112924546, 0.000624499982223, 2.31458343478e-05], "dvar": [0.00174616265576, 0.110310867429, 0.228456661105, 0.679111003876, 2.27739262581, 2.24507427216, 5.47045850754, 11.4177331924, 42.1672134399, 9.04122257233, 16.8031425476, 10.784611702, 67.7323455811, 54.2111244202, 14.5550832748, 64.2026443481, 13.5235996246, 35.4213142395, 91.8097686768, 247.386108398, 272.747314453, 781.442382812, 1256.18725586, 1569.9621582, 1346.25744629, 1486.8828125, 991.00793457, 692.311828613, 896.238647461, 739.211669922, 322.65322876, 84.9223632812, 14.540804863, 4.46802711487, 2.10662436485, 0.838185071945, 0.2281293571, 0.00580692244694, 2.15567251871e-06, 2.4885256078e-09], "dvar2": [0.00457077054307, 0.279353022575, 0.634337365627, 1.94527494907, 6.79479694366, 6.40838098526, 16.1906986237, 31.2065467834, 129.321060181, 25.7738227844, 41.1143684387, 27.092508316, 162.928131104, 140.490509033, 40.0062866211, 166.060058594, 35.9295730591, 93.4364624023, 243.26739502, 677.243652344, 758.578796387, 2160.67993164, 3418.47509766, 4122.55419922, 3521.94287109, 4007.00219727, 2661.78710938, 1995.83850098, 2571.45996094, 2117.23803711, 935.475952148, 232.383499146, 40.9077529907, 11.0472068787, 4.11632490158, 1.61198568344, 0.46030497551, 0.0122447246686, 4.63366768599e-06, 4.99742114357e-09], "max": [0.957447230816, 7.38011932373, 6.69822835922, 14.0501918793, 25.5757389069, 28.8886985779, 29.1390171051, 48.7215957642, 77.7573165894, 50.3540382385, 79.718536377, 69.9136734009, 183.912628174, 121.374320984, 78.9046096802, 100.810874939, 52.0056190491, 98.4398040771, 150.564682007, 185.588699341, 232.679870605, 373.889953613, 470.383850098, 641.982116699, 652.368774414, 700.401916504, 667.238708496, 404.407897949, 635.112060547, 530.996276855, 349.978546143, 153.802764893, 74.1422958374, 75.2256774902, 33.7289123535, 17.4666175842, 8.57705593109, 1.15797770023, 0.0228087361902, 0.000807327451184], "mean": [0.0211229082197, 0.157675206661, 0.39341750741, 0.650930821896, 0.791668593884, 1.17982459068, 2.18963360786, 4.32228040695, 6.22514867783, 2.58929800987, 4.30146789551, 4.10473823547, 9.08079624176, 8.34408283234, 4.40497159958, 11.3468112946, 5.57381629944, 7.53235244751, 12.0334215164, 21.5749130249, 22.9439888, 37.4241714478, 46.7945327759, 46.4594688416, 39.0922889709, 33.5082168579, 29.1041507721, 12.7699298859, 9.8426990509, 8.26254081726, 7.9105463028, 9.67642116547, 5.6172003746, 3.07976150513, 1.874994874, 0.816690385342, 0.276868313551, 0.0342868939042, 0.000680029508658, 4.37649287051e-05], "median": [0.012159193866, 0.0691395848989, 0.164890870452, 0.0991632118821, 0.176100760698, 0.468801349401, 0.879619956017, 2.24343752861, 2.83842682838, 1.44802284241, 2.22089934349, 2.94318842888, 4.79083347321, 4.00192022324, 3.07232642174, 7.02690458298, 3.62057232857, 4.28496170044, 5.70398712158, 11.5721673965, 6.97073364258, 16.0896244049, 11.4920215607, 11.7800884247, 8.92673206329, 8.14064216614, 6.57643175125, 0.477648407221, 0.0659193918109, 0.0165326651186, 0.00532252760604, 0.00373682519421, 0.00194922904484, 0.00140692130663, 0.000796620501205, 0.000253443955444, 7.72232888266e-05, 8.76781450643e-06, 2.78757875094e-06, 5.2133036661e-06], "min": [8.34184738137e-22, 9.25092786126e-21, 1.23150972714e-20, 1.8565981607e-20, 5.5500142026e-20, 7.50686116055e-20, 9.490064807e-20, 3.56616380431e-19, 5.22966744313e-19, 1.27788909785e-18, 1.37960997932e-18, 9.04426770659e-19, 1.24356730629e-18, 1.74247353793e-18, 4.49314996162e-18, 3.41897177059e-18, 8.43803799579e-18, 6.62859364072e-18, 9.43166223684e-18, 4.86104184777e-18, 6.36843706627e-18, 9.77758916901e-18, 7.59607897441e-18, 1.0514383756e-17, 2.49432525228e-17, 1.80029656468e-17, 1.4563604908e-17, 1.04567011432e-17, 1.16221705021e-17, 1.56537462373e-17, 1.75413012576e-17, 1.65626423682e-17, 1.32519983775e-17, 1.52759993214e-17, 1.0860012076e-17, 7.54207814248e-18, 3.6466017422e-18, 1.41901862146e-18, 3.49113025094e-19, 3.24794664717e-20], "var": [0.00153995340224, 0.104003809392, 0.382574945688, 1.25161266327, 2.32579088211, 3.626329422, 10.5543117523, 33.2515411377, 78.3926849365, 12.2919626236, 36.8735771179, 24.2211532593, 175.788589478, 133.089447021, 27.298992157, 161.854248047, 37.0118942261, 83.1233825684, 232.168945312, 609.798217773, 803.461547852, 2099.42944336, 3504.1784668, 3845.31103516, 2926.87182617, 2451.57739258, 1780.37890625, 670.408203125, 694.57598877, 583.567810059, 299.221588135, 214.659622192, 67.2461013794, 22.9389266968, 10.2922754288, 2.34190368652, 0.427984803915, 0.00922439992428, 3.38255858878e-06, 6.06642336365e-09]}, "gfcc": {"mean": [-118.457565308, 68.6944122314, -157.561096191, 35.6498832703, -45.7461357117, -11.4038619995, -29.4640235901, 14.9453887939, -26.1427097321, 7.11066770554, -7.297914505, 1.20896291733, -0.650657832623], "cov": [[54011.828125, -564.535339355, 1038.70336914, 3619.92260742, -1769.52697754, 2983.49511719, -2096.61767578, 1992.14587402, -1182.0670166, 186.25352478, -1425.20202637, 367.653015137, -1238.48144531], [-564.535339355, 5392.70068359, -2295.89819336, -124.299255371, 629.335449219, -1218.03613281, 926.765563965, -336.310546875, 324.092193604, 41.9390983582, 427.139404297, -403.438720703, 553.003112793], [1038.70336914, -2295.89819336, 2802.09692383, 490.007781982, -236.652099609, 1096.8404541, -500.028900146, 395.872711182, -175.656341553, -53.2675933838, -327.60760498, 222.273681641, -352.781707764], [3619.92260742, -124.299255371, 490.007781982, 543.322265625, -44.1676292419, 344.641296387, -112.617225647, 206.571533203, -45.4022293091, 32.2837295532, -101.253761292, 38.7232055664, -95.0015335083], [-1769.52697754, 629.335449219, -236.652099609, -44.1676292419, 298.181182861, -146.777130127, 246.257064819, -40.2769470215, 112.390617371, 40.1756744385, 108.154708862, -50.1301612854, 109.479759216], [2983.49511719, -1218.03613281, 1096.8404541, 344.641296387, -146.777130127, 770.381652832, -270.238861084, 301.763397217, -104.001693726, -16.2905578613, -192.340515137, 104.139297485, -205.093414307], [-2096.61767578, 926.765563965, -500.028900146, -112.617225647, 246.257064819, -270.238861084, 407.286468506, -82.6005249023, 161.739517212, 25.453546524, 144.998397827, -94.3136978149, 153.522476196], [1992.14587402, -336.310546875, 395.872711182, 206.571533203, -40.2769470215, 301.763397217, -82.6005249023, 253.300216675, -25.2719993591, 41.6666641235, -63.785785675, 47.8249282837, -68.9427871704], [-1182.0670166, 324.092193604, -175.656341553, -45.4022293091, 112.390617371, -104.001693726, 161.739517212, -25.2719993591, 157.285507202, 34.2277259827, 89.9486846924, -40.2578735352, 64.309463501], [186.25352478, 41.9390983582, -53.2675933838, 32.2837295532, 40.1756744385, -16.2905578613, 25.453546524, 41.6666641235, 34.2277259827, 102.359527588, 48.583152771, 15.3473892212, 12.1576766968], [-1425.20202637, 427.139404297, -327.60760498, -101.253761292, 108.154708862, -192.340515137, 144.998397827, -63.785785675, 89.9486846924, 48.583152771, 171.311859131, -2.39038133621, 99.8232345581], [367.653015137, -403.438720703, 222.273681641, 38.7232055664, -50.1301612854, 104.139297485, -94.3136978149, 47.8249282837, -40.2578735352, 15.3473892212, -2.39038133621, 104.023590088, -22.7163333893], [-1238.48144531, 553.003112793, -352.781707764, -95.0015335083, 109.479759216, -205.093414307, 153.522476196, -68.9427871704, 64.309463501, 12.1576766968, 99.8232345581, -22.7163333893, 143.033462524]], "icov": [[0.000219715933781, -0.000390448287362, 0.000586826354265, -0.000746711564716, 0.00076226121746, -0.000782090122811, 0.000390556640923, -0.000510274840053, 0.00013945234241, -0.000504352501594, 0.00103131344076, -0.00114148284774, 0.00107253005262], [-0.000390448287362, 0.00135049573146, -0.000949195178691, 0.000662574369926, -0.00161838089116, 0.00198129354976, -0.000975824019406, 0.000535790168215, 0.000286627066089, 0.00130771123804, -0.00245637982152, 0.00369888730347, -0.0030561175663], [0.000586826354265, -0.000949195178691, 0.00253179785796, -0.00213103462011, 0.00156895350665, -0.00296718720347, 0.00125067890622, -0.0012719106162, -5.85489688092e-05, -0.000886992318556, 0.00323577946983, -0.00400676950812, 0.00337620428763], [-0.000746711564716, 0.000662574369926, -0.00213103462011, 0.00616768794134, -0.00261578615755, 0.00143188063521, -0.000998390140012, 0.000771509308834, -0.000834678532556, 0.000412289984524, -0.00210251519457, 0.00253932084888, -0.00247707753442], [0.00076226121746, -0.00161838089116, 0.00156895350665, -0.00261578615755, 0.0103630712256, -0.00337522709742, -0.00222578435205, -0.000977469608188, 5.93375261815e-05, -0.00386330741458, 0.00298652215861, -0.00349063915201, 0.00179873686284], [-0.000782090122811, 0.00198129354976, -0.00296718720347, 0.00143188063521, -0.00337522709742, 0.00871217157692, -0.0013354732655, -0.00212440593168, -0.000470080965897, 0.00396450143307, -0.00348845659755, 0.00431942474097, -0.00231925747357], [0.000390556640923, -0.000975824019406, 0.00125067890622, -0.000998390140012, -0.00222578435205, -0.0013354732655, 0.00948613975197, -0.00167579436675, -0.00334740709513, 0.000378723343601, 0.00070589792449, 0.000718826253433, -0.000530361372512], [-0.000510274840053, 0.000535790168215, -0.0012719106162, 0.000771509308834, -0.000977469608188, -0.00212440593168, -0.00167579436675, 0.0112609239295, -0.000793478102423, -0.00357797369361, -0.000493553932756, 0.000814285071101, -0.00305127864704], [0.00013945234241, 0.000286627066089, -5.85489688092e-05, -0.000834678532556, 5.93375261815e-05, -0.000470080965897, -0.00334740709513, -0.000793478102423, 0.0137951308861, -0.00211666058749, -0.00466509256512, 0.00438860151917, -0.000178298258106], [-0.000504352501594, 0.00130771123804, -0.000886992318556, 0.000412289984524, -0.00386330741458, 0.00396450143307, 0.000378723343601, -0.00357797369361, -0.00211666058749, 0.0171072017401, -0.00742425536737, 0.00125128449872, 5.1444330893e-05], [0.00103131344076, -0.00245637982152, 0.00323577946983, -0.00210251519457, 0.00298652215861, -0.00348845659755, 0.00070589792449, -0.000493553932756, -0.00466509256512, -0.00742425536737, 0.0221909489483, -0.0132992286235, 0.00185689260252], [-0.00114148284774, 0.00369888730347, -0.00400676950812, 0.00253932084888, -0.00349063915201, 0.00431942474097, 0.000718826253433, 0.000814285071101, 0.00438860151917, 0.00125128449872, -0.0132992286235, 0.0284293424338, -0.0121769625694], [0.00107253005262, -0.0030561175663, 0.00337620428763, -0.00247707753442, 0.00179873686284, -0.00231925747357, -0.000530361372512, -0.00305127864704, -0.000178298258106, 5.1444330893e-05, 0.00185689260252, -0.0121769625694, 0.0260178335011]]}, "melbands": {"dmean": [0.000124395664898, 0.000103155034594, 5.93849035795e-05, 4.01772595069e-05, 3.65811538359e-05, 5.39010834473e-05, 5.16156906087e-05, 1.48301742229e-05, 2.03032486752e-05, 1.32331424538e-05, 2.42343812715e-05, 1.74707456608e-05, 9.37216100283e-06, 1.08611639007e-05, 1.52477823576e-05, 5.07160166308e-06, 8.072750461e-06, 8.94633649295e-06, 1.35031168611e-05, 1.67903181136e-05, 1.17335357572e-05, 2.1143561753e-05, 1.79305461643e-05, 1.86790603038e-05, 1.82732001122e-05, 1.5002325199e-05, 1.13958421935e-05, 1.10298369691e-05, 1.0368277799e-05, 4.96830398333e-06, 3.78104482479e-06, 3.68548035112e-06, 3.93500477003e-06, 3.2213108625e-06, 2.83060353468e-06, 2.91908509098e-06, 2.28657199841e-06, 1.51882704813e-06, 9.50730282057e-07, 9.66554352999e-07], "dmean2": [0.000203362258617, 0.000167298479937, 9.96583330561e-05, 6.89445005264e-05, 6.24176682322e-05, 9.07629219e-05, 8.98513317225e-05, 2.47148309427e-05, 3.24449501932e-05, 2.14084429899e-05, 3.82773941965e-05, 2.83465269604e-05, 1.55038615048e-05, 1.80952265509e-05, 2.4743105314e-05, 8.46763214213e-06, 1.34353476824e-05, 1.48305653056e-05, 2.21889185923e-05, 2.83309836959e-05, 1.98134930542e-05, 3.56094678864e-05, 3.02833850583e-05, 3.10394607368e-05, 3.03084634652e-05, 2.46005929512e-05, 1.89855545614e-05, 1.83553620445e-05, 1.71622577909e-05, 8.51708682603e-06, 6.75645242154e-06, 6.44805413685e-06, 7.02084525983e-06, 5.65629625271e-06, 5.08033735969e-06, 5.03155933984e-06, 3.77356423087e-06, 2.6070883905e-06, 1.5898572201e-06, 1.56714486366e-06], "dvar": [1.63227042549e-07, 7.62751781735e-08, 2.2497001595e-08, 1.23968630916e-08, 4.58689664029e-09, 7.2584818156e-09, 7.41844274899e-09, 8.70091887428e-10, 1.15104492604e-09, 4.43260511629e-10, 1.7223591442e-09, 8.84207151941e-10, 2.34963964951e-10, 2.49715415013e-10, 5.49652601212e-10, 6.88614304467e-11, 1.69740277389e-10, 2.07696387866e-10, 4.87505424918e-10, 7.55178974909e-10, 4.29665275581e-10, 1.26617683005e-09, 8.98658258919e-10, 1.19518983599e-09, 1.22452303852e-09, 8.76051287069e-10, 7.92569232466e-10, 7.20224102579e-10, 5.27331400768e-10, 2.56189375269e-10, 2.45673842381e-10, 2.54888249396e-10, 4.26140261967e-10, 1.8548799996e-10, 1.3265184784e-10, 5.88028861714e-11, 2.45539352739e-11, 9.32055387731e-12, 4.94481365576e-12, 4.1148937556e-12], "dvar2": [4.20207982188e-07, 1.89985428278e-07, 6.54319336491e-08, 3.65991681406e-08, 1.33066517805e-08, 2.0315848559e-08, 2.24649685521e-08, 2.44202102984e-09, 2.8472553204e-09, 1.12156839371e-09, 4.16775947087e-09, 2.30706964643e-09, 6.17405071512e-10, 6.53225029623e-10, 1.40335787435e-09, 1.87705073706e-10, 4.4764919549e-10, 5.51715395591e-10, 1.31417887683e-09, 2.11277240147e-09, 1.19645970909e-09, 3.52661122527e-09, 2.4962281131e-09, 3.25896909459e-09, 3.24534332741e-09, 2.31976615694e-09, 2.15397055747e-09, 1.9605339574e-09, 1.42729061903e-09, 7.15108749993e-10, 7.14746484221e-10, 7.32325033947e-10, 1.2207426181e-09, 5.3217363849e-10, 3.86071175029e-10, 1.68744615503e-10, 6.60743751379e-11, 2.65976650426e-11, 1.31081335022e-11, 1.05025502184e-11], "max": [0.00943858269602, 0.00437948806211, 0.00264433003031, 0.00220147124492, 0.000801423972007, 0.00119589141104, 0.00104453065433, 0.000493209576234, 0.000622672785539, 0.000447251659352, 0.00091425498249, 0.00047633270151, 0.000263786670985, 0.000233695405768, 0.000313609372824, 0.000146747785038, 0.000223395632929, 0.000231218262343, 0.000352219067281, 0.000377316318918, 0.000276573759038, 0.000495111162309, 0.000368390843505, 0.000469787803013, 0.000536059320439, 0.00047839639592, 0.000485370575916, 0.000462198775494, 0.000467887584819, 0.000294208992273, 0.000226143776672, 0.000314975244692, 0.000487579731271, 0.000244127993938, 0.000230107369134, 0.000112913148769, 7.71640116e-05, 5.29553508386e-05, 8.11227000668e-05, 5.99741360929e-05], "mean": [0.000194317850401, 0.000210455167689, 0.000116453724331, 6.92287067068e-05, 6.87156352797e-05, 0.000108451240521, 9.00165759958e-05, 2.53818052443e-05, 3.60981648555e-05, 2.5177398129e-05, 4.48622995464e-05, 3.30711227434e-05, 1.63716613315e-05, 2.1215992092e-05, 2.78598672594e-05, 8.87212354428e-06, 1.4737543097e-05, 1.67086509464e-05, 2.63511228695e-05, 3.18032434734e-05, 2.45991177508e-05, 4.07725383411e-05, 3.90108216379e-05, 3.92417023249e-05, 3.77320830012e-05, 3.21437546518e-05, 2.25192979997e-05, 2.22031012527e-05, 2.16782409552e-05, 9.9424214568e-06, 6.33971285424e-06, 5.74691966904e-06, 4.81288725496e-06, 4.57965370515e-06, 4.11874270867e-06, 5.96222480453e-06, 5.38865879207e-06, 4.07082188758e-06, 2.77054846265e-06, 2.66464439846e-06], "median": [0.000107859508717, 9.49245222728e-05, 1.7781425413e-05, 2.32358725043e-05, 2.7894961022e-05, 5.69363146496e-05, 4.27100167144e-05, 1.3805260096e-05, 1.87400728464e-05, 1.76504199771e-05, 2.27201871894e-05, 1.48859180626e-05, 8.83029224497e-06, 1.41694645208e-05, 1.55804355018e-05, 4.65467473987e-06, 7.75359058025e-06, 8.12592224975e-06, 1.25883780129e-05, 1.38054692798e-05, 6.30354543318e-06, 1.78784721356e-05, 1.1753405488e-05, 8.1059824879e-06, 9.87035218714e-06, 8.60599720909e-06, 3.47696550307e-06, 6.08901291343e-06, 5.89165256315e-06, 6.82645691086e-07, 8.76093650959e-08, 4.04399713716e-08, 9.6682351014e-09, 6.5886984757e-09, 2.83859180605e-09, 2.66712141261e-09, 2.19596829609e-09, 1.49836409946e-09, 1.22749110876e-09, 1.13181042316e-09], "min": [9.59435273238e-24, 8.86372001715e-24, 3.79049242681e-24, 5.14248247808e-24, 3.33065317781e-24, 7.77956323156e-24, 7.24077991076e-24, 1.69084809301e-23, 9.81643443214e-24, 6.20065694647e-24, 6.78718962343e-24, 6.72340864152e-24, 1.42855057985e-23, 9.82274058621e-24, 1.22540304065e-23, 1.73599823138e-23, 1.07013809622e-23, 1.3777845407e-23, 1.18652150658e-23, 3.79053029213e-24, 7.82581099099e-24, 9.88023592443e-24, 7.86008226416e-24, 7.08144815171e-24, 8.11449069495e-24, 1.40759023005e-23, 2.11160236071e-23, 1.0437820956e-23, 8.22667539314e-24, 9.46152275543e-24, 4.9717848111e-24, 5.89972307721e-24, 8.73481304549e-24, 7.85509587437e-24, 1.01769840977e-23, 9.13248808301e-24, 1.06306438048e-23, 8.31233700998e-24, 1.09006038395e-23, 1.39131650289e-23], "var": [1.44688684145e-07, 1.10354093863e-07, 3.85218008603e-08, 1.42513885137e-08, 9.80562209207e-09, 2.05774295381e-08, 1.5170179779e-08, 1.18150556006e-09, 2.55341525701e-09, 9.50147516221e-10, 4.41654668393e-09, 2.13765782853e-09, 4.66869487514e-10, 5.82967063512e-10, 1.23321119982e-09, 1.33994870755e-10, 3.59820673257e-10, 4.45683462358e-10, 1.17715126535e-09, 1.57478341478e-09, 1.05563402464e-09, 2.83596479633e-09, 2.37241759571e-09, 2.7932700597e-09, 2.68386157742e-09, 1.92371274466e-09, 1.2472466393e-09, 1.10188136393e-09, 9.49316847354e-10, 3.13764542126e-10, 2.10745060292e-10, 2.06365119437e-10, 2.92558755e-10, 1.58162385966e-10, 1.06596599603e-10, 9.90729720485e-11, 6.57847942787e-11, 3.6000841197e-11, 1.90429269575e-11, 1.79141441264e-11]}, "mfcc": {"mean": [-723.740478516, 92.514289856, -41.1369590759, 33.1383857727, 1.15816962719, -14.8507347107, 7.08087778091, -4.11611747742, -0.223625600338, 1.81532406807, -7.05728769302, 5.36095380783, 1.72963273525], "cov": [[27607.7421875, -1992.13000488, 1879.73095703, 1039.63574219, 885.428955078, 504.409576416, 238.56703186, 911.574645996, 233.577957153, 231.933288574, -62.8444595337, -2.25021362305, -167.328292847], [-1992.13000488, 3873.4543457, -1797.73242188, 723.778076172, -376.811157227, -302.980102539, 336.686309814, -296.157836914, 211.089233398, 165.822296143, 66.1566619873, 245.768569946, 167.334014893], [1879.73095703, -1797.73242188, 1800.5144043, -138.736160278, 376.297332764, 366.207183838, -131.702224731, 331.984985352, -35.9495277405, -63.2159347534, 10.9127626419, -157.556396484, -92.9530944824], [1039.63574219, 723.778076172, -138.736160278, 501.423400879, 20.5660953522, 17.1083049774, 121.448028564, 12.0610761642, 103.989105225, 73.1294174194, 51.5777206421, 82.4827957153, 52.1279602051], [885.428955078, -376.811157227, 376.297332764, 20.5660953522, 199.68862915, 115.789863586, -6.06740379333, 98.6944656372, 4.2320857048, 5.5674123764, 6.15356731415, -16.3392562866, -12.5083827972], [504.409576416, -302.980102539, 366.207183838, 17.1083049774, 115.789863586, 188.416610718, 22.7496032715, 104.839027405, 29.7127685547, 12.1439876556, 28.8459148407, -17.8992328644, -4.02495098114], [238.56703186, 336.686309814, -131.702224731, 121.448028564, -6.06740379333, 22.7496032715, 128.300857544, 34.0802688599, 49.9889793396, 37.8481903076, 18.8392677307, 42.6300239563, 20.2934837341], [911.574645996, -296.157836914, 331.984985352, 12.0610761642, 98.6944656372, 104.839027405, 34.0802688599, 167.499572754, 46.3428955078, 13.0602760315, 12.4009056091, -18.7933616638, -13.3719911575], [233.577957153, 211.089233398, -35.9495277405, 103.989105225, 4.2320857048, 29.7127685547, 49.9889793396, 46.3428955078, 99.3970718384, 52.0759963989, 26.0392475128, 24.3078098297, 12.630651474], [231.933288574, 165.822296143, -63.2159347534, 73.1294174194, 5.5674123764, 12.1439876556, 37.8481903076, 13.0602760315, 52.0759963989, 88.1285552979, 45.5088882446, 24.8530158997, 9.13594150543], [-62.8444595337, 66.1566619873, 10.9127626419, 51.5777206421, 6.15356731415, 28.8459148407, 18.8392677307, 12.4009056091, 26.0392475128, 45.5088882446, 80.414680481, 31.9924926758, 9.38618087769], [-2.25021362305, 245.768569946, -157.556396484, 82.4827957153, -16.3392562866, -17.8992328644, 42.6300239563, -18.7933616638, 24.3078098297, 24.8530158997, 31.9924926758, 87.4738922119, 42.6619911194], [-167.328292847, 167.334014893, -92.9530944824, 52.1279602051, -12.5083827972, -4.02495098114, 20.2934837341, -13.3719911575, 12.630651474, 9.13594150543, 9.38618087769, 42.6619911194, 73.3848648071]], "icov": [[6.05995592196e-05, 4.89348567498e-05, 3.4614422475e-05, -0.000218058979954, -6.73319227644e-05, 1.94779622689e-05, 6.95493654348e-05, -0.000341689912602, 0.000192616716959, -0.000271020282526, 0.000312357122311, -0.000168190555996, 0.000191843486391], [4.89348567498e-05, 0.000870292074978, 0.000491683778819, -0.000885132700205, 0.000198963622097, 0.000234012099099, -0.000957948039286, 0.000495854357723, -0.000710045511369, -3.82001053367e-05, 5.65423761145e-05, 0.000238399006776, -0.000238200271269], [3.4614422475e-05, 0.000491683778819, 0.00231560855173, -0.000918940117117, -0.000925190921407, -0.00193107326049, 0.00195018143859, -0.00261760945432, 0.00103398086503, 0.000602309650276, -0.000559932377655, 0.00110885978211, 0.000437763257651], [-0.000218058979954, -0.000885132700205, -0.000918940117117, 0.00483077252284, -0.00127434218302, 0.000756468623877, -0.00219752104022, 0.00259086326696, -0.0031348397024, 0.0011248398805, -0.00181566656101, -0.000305291614495, -0.0013610572787], [-6.73319227644e-05, 0.000198963622097, -0.000925190921407, -0.00127434218302, 0.0111915115267, -0.00413221633062, 0.00191195798106, -0.00292525137775, 0.00335403741337, -0.00319655099884, 0.0031470132526, -0.00294181494974, 0.000873663404491], [1.94779622689e-05, 0.000234012099099, -0.00193107326049, 0.000756468623877, -0.00413221633062, 0.013753246516, -0.00519049027935, 0.000382763595553, -0.00386933377013, 0.00215842248872, -0.00486971065402, 0.00347025133669, -0.00291474279948], [6.95493654348e-05, -0.000957948039286, 0.00195018143859, -0.00219752104022, 0.00191195798106, -0.00519049027935, 0.0183618906885, -0.00869736075401, 0.00314930221066, -0.00360561907291, 0.00372834620066, -0.0056664571166, 0.00247693085112], [-0.000341689912602, 0.000495854357723, -0.00261760945432, 0.00259086326696, -0.00292525137775, 0.000382763595553, -0.00869736075401, 0.0200744476169, -0.010774364695, 0.00387916225009, -0.00274828914553, 0.00321346567944, -0.00162544322666], [0.000192616716959, -0.000710045511369, 0.00103398086503, -0.0031348397024, 0.00335403741337, -0.00386933377013, 0.00314930221066, -0.010774364695, 0.0245687887073, -0.0111742969602, 0.00408093305305, -0.00310531910509, 0.00156581110787], [-0.000271020282526, -3.82001053367e-05, 0.000602309650276, 0.0011248398805, -0.00319655099884, 0.00215842248872, -0.00360561907291, 0.00387916225009, -0.0111742969602, 0.0249281246215, -0.0131940599531, 0.0039274902083, -0.00106528308243], [0.000312357122311, 5.65423761145e-05, -0.000559932377655, -0.00181566656101, 0.0031470132526, -0.00486971065402, 0.00372834620066, -0.00274828914553, 0.00408093305305, -0.0131940599531, 0.0248470325023, -0.0106028905138, 0.0038274070248], [-0.000168190555996, 0.000238399006776, 0.00110885978211, -0.000305291614495, -0.00294181494974, 0.00347025133669, -0.0056664571166, 0.00321346567944, -0.00310531910509, 0.0039274902083, -0.0106028905138, 0.0256257448345, -0.0109600257128], [0.000191843486391, -0.000238200271269, 0.000437763257651, -0.0013610572787, 0.000873663404491, -0.00291474279948, 0.00247693085112, -0.00162544322666, 0.00156581110787, -0.00106528308243, 0.0038274070248, -0.0109600257128, 0.0208817292005]]}, "spectral_contrast_coeffs": {"dmean": [0.0374261438847, 0.0421602539718, 0.0326960347593, 0.0276803039014, 0.0205995105207, 0.0205510575324], "dmean2": [0.0622624233365, 0.0711847394705, 0.0541333183646, 0.0460528768599, 0.033490832895, 0.033274371177], "dvar": [0.00103821558878, 0.00113023386803, 0.000677802134305, 0.000475633802125, 0.000294807658065, 0.000371490285033], "dvar2": [0.0028993873857, 0.00315703079104, 0.00186029984616, 0.00131712749135, 0.000747107842471, 0.000929343979806], "max": [-0.458191096783, -0.521129727364, -0.580611944199, -0.645241260529, -0.624640226364, -0.515106618404], "mean": [-0.72538882494, -0.768551051617, -0.806645929813, -0.788935065269, -0.771522939205, -0.749390363693], "median": [-0.727252662182, -0.768074691296, -0.806746482849, -0.783591985703, -0.772636711597, -0.749360978603], "min": [-0.953948199749, -0.964694917202, -0.970902502537, -0.957849800587, -0.958217322826, -0.961380600929], "var": [0.00499794166535, 0.00421870313585, 0.00270209321752, 0.00228481926024, 0.00283093610778, 0.00341608817689]}, "spectral_contrast_valleys": {"dmean": [0.33667910099, 0.330741465092, 0.28890734911, 0.2381169945, 0.198660418391, 0.212495326996], "dmean2": [0.545239329338, 0.540584862232, 0.4718323946, 0.383227109909, 0.310698360205, 0.33882728219], "dvar": [0.0964533239603, 0.0882863253355, 0.0708600208163, 0.0520643033087, 0.0532272346318, 0.0618539825082], "dvar2": [0.234415307641, 0.203518569469, 0.151318773627, 0.105028524995, 0.0985559597611, 0.130609095097], "max": [-5.8999