{"lowlevel": {"average_loudness": 0.896378874779, "barkbands_crest": {"dmean": 1.80344629288, "dmean2": 2.69681692123, "dvar": 3.36510109901, "dvar2": 7.09193992615, "max": 25.6644992828, "mean": 15.7910966873, "median": 16.4632472992, "min": 3.75926733017, "var": 32.8155097961}, "barkbands_flatness_db": {"dmean": 0.0201650299132, "dmean2": 0.0285845603794, "dvar": 0.000482635368826, "dvar2": 0.000849279167596, "max": 0.377111136913, "mean": 0.215583190322, "median": 0.217861890793, "min": 0.0218234136701, "var": 0.00465473672375}, "barkbands_kurtosis": {"dmean": 6.10044527054, "dmean2": 9.2111530304, "dvar": 68.7933731079, "dvar2": 150.710250854, "max": 160.939300537, "mean": 19.9815731049, "median": 14.3750629425, "min": -1.55603182316, "var": 365.260070801}, "barkbands_skewness": {"dmean": 0.566417753696, "dmean2": 0.848387300968, "dvar": 0.311598658562, "dvar2": 0.644057929516, "max": 10.9820947647, "mean": 3.46479392052, "median": 3.38859844208, "min": -2.33984375, "var": 3.50260138512}, "barkbands_spread": {"dmean": 2.50237703323, "dmean2": 3.8685131073, "dvar": 17.3927440643, "dvar2": 37.671131134, "max": 70.5763626099, "mean": 8.84431743622, "median": 5.66356945038, "min": 0.90297794342, "var": 85.4843597412}, "dissonance": {"dmean": 0.0214685779065, "dmean2": 0.0345783494413, "dvar": 0.000349191337591, "dvar2": 0.000907152891159, "max": 0.499995797873, "mean": 0.442328035831, "median": 0.446574389935, "min": 0.309169024229, "var": 0.00103038398083}, "dynamic_complexity": 4.33842515945, "erbbands_crest": {"dmean": 1.97960734367, "dmean2": 2.7969186306, "dvar": 3.85084748268, "dvar2": 7.6831035614, "max": 27.7816371918, "mean": 12.1058149338, "median": 11.3745861053, "min": 2.79060077667, "var": 27.812412262}, "erbbands_flatness_db": {"dmean": 0.0184619054198, "dmean2": 0.0250192563981, "dvar": 0.000527042662725, "dvar2": 0.000829918310046, "max": 0.372719168663, "mean": 0.2080540061, "median": 0.205397427082, "min": 0.0701882615685, "var": 0.00345793203451}, "erbbands_kurtosis": {"dmean": 1.26937615871, "dmean2": 1.98143005371, "dvar": 2.30370998383, "dvar2": 5.1424703598, "max": 20.9738998413, "mean": 2.3354344368, "median": 1.31059646606, "min": -1.58960855007, "var": 9.87480545044}, "erbbands_skewness": {"dmean": 0.303389281034, "dmean2": 0.451180458069, "dvar": 0.074753202498, "dvar2": 0.158442392945, "max": 4.284471035, "mean": 1.37704539299, "median": 1.32353842258, "min": -0.905100226402, "var": 0.695723593235}, "erbbands_spread": {"dmean": 6.03856086731, "dmean2": 9.3423871994, "dvar": 54.4243087769, "dvar2": 120.279983521, "max": 86.4766769409, "mean": 29.1272563934, "median": 26.0943527222, "min": 6.57339191437, "var": 195.226989746}, "hfc": {"dmean": 2.51931715012, "dmean2": 3.86663126945, "dvar": 17.7699012756, "dvar2": 42.3664588928, "max": 46.3751907349, "mean": 8.1790599823, "median": 6.81049489975, "min": 1.09386781103e-16, "var": 43.0110816956}, "melbands_crest": {"dmean": 2.24354505539, "dmean2": 3.3244638443, "dvar": 5.05398988724, "dvar2": 11.1868629456, "max": 33.3842964172, "mean": 17.7723178864, "median": 17.9089202881, "min": 1.38046061993, "var": 38.1096763611}, "melbands_flatness_db": {"dmean": 0.0195885971189, "dmean2": 0.0279005970806, "dvar": 0.000493191473652, "dvar2": 0.000916860997677, "max": 0.469049930573, "mean": 0.283163696527, "median": 0.293602883816, "min": 0.000751199549995, "var": 0.00739080784842}, "melbands_kurtosis": {"dmean": 8.80811023712, "dmean2": 12.9455299377, "dvar": 110.099952698, "dvar2": 233.988494873, "max": 185.006912231, "mean": 30.2914600372, "median": 23.8882980347, "min": -1.41033005714, "var": 616.544921875}, "melbands_skewness": {"dmean": 0.622140109539, "dmean2": 0.925552487373, "dvar": 0.336304992437, "dvar2": 0.717391371727, "max": 10.1890821457, "mean": 3.96459984779, "median": 3.81434202194, "min": -0.367351830006, "var": 2.82953262329}, "melbands_spread": {"dmean": 2.11716151237, "dmean2": 3.19323754311, "dvar": 27.9062995911, "dvar2": 61.08385849, "max": 156.485961914, "mean": 11.3778905869, "median": 5.26463222504, "min": 0.902984976768, "var": 545.908874512}, "pitch_salience": {"dmean": 0.0665789321065, "dmean2": 0.100823998451, "dvar": 0.00371879898012, "dvar2": 0.00871031731367, "max": 0.96557110548, "mean": 0.511627137661, "median": 0.516902923584, "min": 0.194319158792, "var": 0.0185133386403}, "silence_rate_20dB": {"dmean": 0, "dmean2": 0, "dvar": 0, "dvar2": 0, "max": 1, "mean": 1, "median": 1, "min": 1, "var": 0}, "silence_rate_30dB": {"dmean": 0.00132538110483, "dmean2": 0.0026525198482, "dvar": 0.00132364185993, "dvar2": 0.00397180858999, "max": 1, "mean": 0.999337732792, "median": 1, "min": 0, "var": 0.000661801197566}, "silence_rate_60dB": {"dmean": 0.0251822397113, "dmean2": 0.0503978766501, "dvar": 0.0245475433767, "dvar2": 0.0597948245704, "max": 1, "mean": 0.118543043733, "median": 0, "min": 0, "var": 0.10449142009}, "spectral_centroid": {"dmean": 95.4953536987, "dmean2": 150.762405396, "dvar": 63069.1367188, "dvar2": 103104.148438, "max": 11507.9667969, "mean": 879.156860352, "median": 449.304138184, "min": 250.714202881, "var": 3292817.75}, "spectral_complexity": {"dmean": 2.01457929611, "dmean2": 3.33289122581, "dvar": 6.30195569992, "dvar2": 15.537651062, "max": 30, "mean": 9.48410606384, "median": 9, "min": 0, "var": 21.465681076}, "spectral_decrease": {"dmean": 1.50630463658e-09, "dmean2": 2.2945900735e-09, "dvar": 6.88150163147e-18, "dvar2": 1.58359129149e-17, "max": 1.95623288724e-28, "mean": -5.58961099628e-09, "median": -4.27365165478e-09, "min": -2.62869868095e-08, "var": 2.31652046351e-17}, "spectral_energy": {"dmean": 0.00588882574812, "dmean2": 0.00897094514221, "dvar": 0.000105070306745, "dvar2": 0.000242163587245, "max": 0.10341938585, "mean": 0.0218383483589, "median": 0.0167404972017, "min": 1.02490626342e-20, "var": 0.000350125104887}, "spectral_energyband_high": {"dmean": 8.99390361155e-05, "dmean2": 0.000146337726619, "dvar": 2.84582792887e-08, "dvar2": 7.07786256271e-08, "max": 0.000972248439211, "mean": 9.79459437076e-05, "median": 2.48850737989e-05, "min": 6.99539454673e-21, "var": 2.73140923213e-08}, "spectral_energyband_low": {"dmean": 0.00111598568037, "dmean2": 0.0019964040257, "dvar": 6.85234499542e-06, "dvar2": 1.91370090761e-05, "max": 0.0260883066803, "mean": 0.00119421642739, "median": 0.000615259225015, "min": 3.80834908226e-23, "var": 4.92755452797e-06}, "spectral_energyband_middle_high": {"dmean": 0.000412433961174, "dmean2": 0.000655433745123, "dvar": 8.47164187689e-07, "dvar2": 1.95268148673e-06, "max": 0.0125314733014, "mean": 0.0011306728702, "median": 0.000652721035294, "min": 1.19347399964e-21, "var": 2.08500068766e-06}, "spectral_energyband_middle_low": {"dmean": 0.00509412260726, "dmean2": 0.00763978436589, "dvar": 7.06013743184e-05, "dvar2": 0.000154597408255, "max": 0.0937910601497, "mean": 0.0199924129993, "median": 0.0150170652196, "min": 1.70387089282e-22, "var": 0.000302025669953}, "spectral_entropy": {"dmean": 0.163132831454, "dmean2": 0.241359636188, "dvar": 0.0385376960039, "dvar2": 0.07116574049, "max": 9.8161649704, "mean": 6.91222429276, "median": 6.83518028259, "min": 5.62771320343, "var": 0.518202781677}, "spectral_flux": {"dmean": 0.0202428661287, "dmean2": 0.0305995326489, "dvar": 0.000930115114897, "dvar2": 0.0020639966242, "max": 0.244279056787, "mean": 0.0454934649169, "median": 0.0358542427421, "min": 6.2791195854e-11, "var": 0.00137978070416}, "spectral_kurtosis": {"dmean": 4.67779350281, "dmean2": 7.97420740128, "dvar": 31.8669433594, "dvar2": 92.4779815674, "max": 62.6202316284, "mean": 10.8322992325, "median": 9.25719451904, "min": -1.2805711031, "var": 65.4761505127}, "spectral_rms": {"dmean": 0.000571426004171, "dmean2": 0.000844920577947, "dvar": 7.30229658075e-07, "dvar2": 1.59381454523e-06, "max": 0.0100447479635, "mean": 0.00410871533677, "median": 0.00404131039977, "min": 3.16213309877e-12, "var": 4.42415012003e-06}, "spectral_rolloff": {"dmean": 171.894302368, "dmean2": 292.025512695, "dvar": 573918.0625, "dvar2": 1211216.25, "max": 19401.4160156, "mean": 1190.1550293, "median": 409.130859375, "min": 236.865234375, "var": 10644115}, "spectral_skewness": {"dmean": 0.436344385147, "dmean2": 0.730765402317, "dvar": 0.221369490027, "dvar2": 0.617291331291, "max": 6.01977157593, "mean": 2.30831003189, "median": 2.37040710449, "min": -0.0774347856641, "var": 0.777369916439}, "spectral_spread": {"dmean": 609575.8125, "dmean2": 868032.1875, "dvar": 1281725169660.0, "dvar2": 2258000674820.0, "max": 43387160, "mean": 4519051, "median": 3146080, "min": 1224803.375, "var": 40971471421400.0}, "spectral_strongpeak": {"dmean": 0.228640958667, "dmean2": 0.355820477009, "dvar": 0.101108640432, "dvar2": 0.223121851683, "max": 3.37860131264, "mean": 1.01460766792, "median": 0.960540533066, "min": 0, "var": 0.459224522114}, "zerocrossingrate": {"dmean": 0.00765621103346, "dmean2": 0.00961797498167, "dvar": 0.000264614413027, "dvar2": 0.000421304168412, "max": 0.5263671875, "mean": 0.0484106615186, "median": 0.025390625, "min": 0.009765625, "var": 0.00734357815236}, "barkbands": {"dmean": [2.82624705505e-06, 0.000325028668158, 0.000387691747164, 0.0010542452801, 0.0034816598054, 0.0011350720888, 0.000449742452474, 0.000204037918593, 0.000204255164135, 0.000166565354448, 0.000173217282281, 6.40928556095e-05, 4.40913609054e-05, 3.22728192259e-05, 5.05979878653e-05, 3.26317203871e-05, 2.82631954178e-05, 3.21238148899e-05, 4.01375145884e-05, 2.46842846536e-05, 2.35460374824e-05, 1.23998179333e-05, 2.95643349091e-06, 5.90501394981e-06, 3.90152263208e-06, 3.74750707124e-05, 1.13435987714e-06], "dmean2": [4.31301987192e-06, 0.000602130836342, 0.000695448077749, 0.00184776622336, 0.00528002018109, 0.00141407747287, 0.00064147968078, 0.000286506285192, 0.0003125059593, 0.000263712980086, 0.000266029353952, 0.000105239596451, 7.48832389945e-05, 5.54143989575e-05, 8.47879055073e-05, 5.39872380614e-05, 4.71368875878e-05, 5.52012643311e-05, 7.11447573849e-05, 4.28643506893e-05, 4.20271790063e-05, 2.27704967983e-05, 5.23106245964e-06, 9.17987108551e-06, 5.51666516913e-06, 5.74294936087e-05, 1.72774150542e-06], "dvar": [5.4449826592e-11, 1.12527629881e-06, 8.31494162412e-07, 3.92218862544e-06, 4.154074486e-05, 4.50871129942e-06, 5.69157577957e-07, 1.51178753072e-07, 2.0099862752e-07, 1.17419112655e-07, 1.95158776251e-07, 2.26260219449e-08, 4.5120525094e-09, 1.86948811987e-09, 5.91330051591e-09, 2.64579358422e-09, 2.03062122672e-09, 5.4399555971e-09, 1.03809192353e-08, 5.24810550573e-09, 5.11662490155e-09, 1.34650313122e-09, 3.37472411127e-11, 1.09687939287e-10, 6.86936965644e-11, 1.03206767577e-08, 9.05783868049e-12], "dvar2": [1.18339255062e-10, 3.18012939715e-06, 2.38808206632e-06, 1.0973373719e-05, 8.41321816551e-05, 6.50235460853e-06, 1.10921303076e-06, 2.68143736548e-07, 4.29632052601e-07, 2.54179781223e-07, 3.78453563599e-07, 5.73091512024e-08, 1.23305854416e-08, 5.07230746294e-09, 1.65104356853e-08, 6.90092871736e-09, 5.20041654184e-09, 1.47365772918e-08, 2.86038961406e-08, 1.41692328981e-08, 1.41101743623e-08, 3.81354636758e-09, 9.5165757219e-11, 2.20763740622e-10, 1.55598006701e-10, 2.29864749457e-08, 2.10368892445e-11], "max": [5.99983941356e-05, 0.00870823767036, 0.00982397794724, 0.0218220502138, 0.0881049707532, 0.0513991713524, 0.0139870615676, 0.0061205662787, 0.00711592007428, 0.00684185698628, 0.00794368609786, 0.00180808175355, 0.000865953334142, 0.000643813109491, 0.00108971167356, 0.000887812580913, 0.000553979130927, 0.000751649960876, 0.00105885486118, 0.000845229544211, 0.000540763488971, 0.000257802224951, 7.49782193452e-05, 0.000105972590973, 6.58437493257e-05, 0.000742157513741, 2.3178765332e-05], "mean": [2.66800134341e-06, 0.000228687407798, 0.000438507355284, 0.00124605093151, 0.0129858609289, 0.00366259273142, 0.00114334747195, 0.000481605093228, 0.000365864136256, 0.000275367172435, 0.000363085680874, 0.000105055180029, 7.60227776482e-05, 5.57855710213e-05, 8.79269791767e-05, 6.28857451375e-05, 5.25697760168e-05, 4.43060816906e-05, 4.40505973529e-05, 2.69844313152e-05, 2.03036088351e-05, 1.106925356e-05, 5.00151827509e-06, 1.23442987388e-05, 5.48424895896e-06, 3.39468970196e-05, 1.01857074242e-06], "median": [5.62302631124e-08, 2.40586559812e-05, 0.000209956997423, 0.000689593842253, 0.00759273348376, 0.00107876281254, 0.000527614727616, 0.000189603262697, 0.000168388418388, 0.000133206922328, 8.17988620838e-05, 4.80144299217e-05, 5.16307372891e-05, 3.73940929421e-05, 5.89819537709e-05, 4.50386141893e-05, 3.06096553686e-05, 2.39159835473e-05, 1.66277495737e-05, 8.83022767084e-06, 3.33926755047e-06, 1.79831954483e-06, 2.04822595151e-06, 4.10709890275e-06, 6.83307803229e-07, 2.48921338653e-07, 1.33435857919e-08], "min": [2.18456686685e-24, 7.09548514266e-24, 1.85124749641e-24, 1.97191757693e-24, 8.0892589789e-24, 8.0957118611e-24, 9.25733084328e-24, 9.93151819416e-24, 2.13059182042e-23, 1.48105511066e-23, 1.11273398186e-23, 1.50627436271e-23, 1.77260327065e-23, 4.50384829934e-23, 4.30030104432e-23, 5.69878355968e-23, 8.00200812288e-23, 1.10918828875e-22, 1.18770607589e-22, 1.95561344708e-22, 2.87506301764e-22, 3.02249443128e-22, 3.75494080084e-22, 5.07687301126e-22, 8.92338756276e-22, 1.26909185836e-21, 1.82026405035e-21], "var": [5.89491302994e-11, 6.70103304401e-07, 6.21505535037e-07, 3.54040480488e-06, 0.00022758198611, 3.87872423744e-05, 2.43655040322e-06, 6.26270434623e-07, 4.1595347966e-07, 2.80839458355e-07, 7.94401330495e-07, 3.35184289213e-08, 7.21073778465e-09, 3.30744098775e-09, 9.8181986985e-09, 4.72813743713e-09, 4.01889277413e-09, 4.95244067977e-09, 7.93255949816e-09, 4.01813560202e-09, 3.41013506322e-09, 8.67899641044e-10, 7.6541564753e-11, 2.83047751903e-10, 1.06323339022e-10, 1.05922941529e-08, 8.78818805922e-12]}, "erbbands": {"dmean": [0.00522471871227, 0.0890890583396, 0.396069347858, 2.05375647545, 6.34348487854, 15.9412965775, 12.6434106827, 9.71191883087, 7.30701875687, 4.6400718689, 4.51240873337, 4.96120738983, 4.70100879669, 4.87106990814, 7.05547428131, 2.56434631348, 2.02779817581, 1.81489467621, 2.15066766739, 2.33189368248, 1.71724355221, 1.54433083534, 1.7179350853, 1.37149047852, 2.38973331451, 0.981810212135, 0.520479023457, 1.28341853619, 0.492629349232, 0.151353254914, 0.0891591757536, 0.191977068782, 0.0580329149961, 0.0277440454811, 0.0440606437624, 0.210541397333, 0.0602072887123, 0.00350844650529, 0.000192388513824, 2.84472989733e-05], "dmean2": [0.00916530191898, 0.167032957077, 0.720931947231, 3.61338615417, 10.5903511047, 23.4120445251, 16.9631710052, 12.7435789108, 10.1187295914, 6.93550157547, 6.34783887863, 7.45926713943, 7.38561868668, 7.67344617844, 10.6638669968, 4.11140632629, 3.47134852409, 3.09426093102, 3.65977215767, 3.92104196548, 2.83752417564, 2.59950828552, 2.9635643959, 2.36550593376, 4.27466917038, 1.66908967495, 0.874905109406, 2.39327573776, 0.909548997879, 0.266317814589, 0.15619944036, 0.325294733047, 0.0929908975959, 0.0394722372293, 0.0649728924036, 0.327576398849, 0.0904282256961, 0.00519036129117, 0.000286017690087, 4.26746883022e-05], "dvar": [0.000254702579696, 0.0851800888777, 1.01834011078, 15.9937992096, 147.282073975, 1016.57885742, 419.295532227, 498.746948242, 157.984527588, 74.7087402344, 83.0596313477, 134.841186523, 65.6000900269, 163.342193604, 345.472900391, 33.9935836792, 10.990190506, 6.64722490311, 12.092508316, 14.627579689, 6.73144292831, 7.03819608688, 16.1163253784, 8.58944320679, 41.7985572815, 7.44737243652, 1.6937302351, 18.1587371826, 2.30714058876, 0.126244455576, 0.0243199244142, 0.111607670784, 0.0116133261472, 0.00248034624383, 0.0110220983624, 0.333724945784, 0.0260115172714, 8.29850614537e-05, 2.42549305085e-07, 4.00280297796e-09], "dvar2": [0.000684609403834, 0.24337041378, 2.91065382957, 44.7402648926, 353.796081543, 1914.63256836, 705.725708008, 777.866882324, 292.875610352, 164.681686401, 147.175308228, 282.989959717, 155.034469604, 345.525909424, 628.684265137, 80.1490707397, 30.328868866, 18.2712440491, 34.5598449707, 38.5958518982, 17.367225647, 18.1968078613, 43.4006919861, 23.2570953369, 115.564300537, 19.7013893127, 4.1926908493, 51.6950073242, 6.55955076218, 0.348035484552, 0.0676388964057, 0.25703561306, 0.0266585107893, 0.00515007087961, 0.0256968103349, 0.765223443508, 0.0562150999904, 0.000178489266546, 5.36942195595e-07, 9.14499853621e-09], "max": [0.123090423644, 2.46262097359, 10.4471092224, 46.8599662781, 147.940673828, 510.21081543, 421.322814941, 652.766723633, 302.556640625, 149.984237671, 168.180221558, 202.187789917, 90.688949585, 253.851882935, 408.971893311, 66.7249603271, 45.8539123535, 39.9621582031, 43.4467582703, 46.5493774414, 39.7364730835, 35.0286903381, 37.6879310608, 23.7799663544, 71.072052002, 33.6215324402, 9.27453613281, 31.1506843567, 11.1416788101, 2.73936891556, 2.23679971695, 2.91924524307, 1.47027564049, 0.753289043903, 0.814934909344, 4.27030229568, 1.15088939667, 0.0622967742383, 0.00367895071395, 0.000559770734981], "mean": [0.0037470664829, 0.0661919936538, 0.436705708504, 2.64210605621, 15.8499069214, 55.7062339783, 44.5582199097, 28.8543586731, 20.1974525452, 9.92104530334, 11.3857374191, 9.88358879089, 8.18373298645, 8.52254390717, 16.2180805206, 4.88465833664, 3.61537575722, 3.31629490852, 3.80859494209, 4.24031066895, 3.58883476257, 2.89859509468, 2.50145936012, 1.95097625256, 2.39997243881, 1.18095135689, 0.668441176414, 0.920145153999, 0.424848794937, 0.194376602769, 0.166278839111, 0.380318015814, 0.093040175736, 0.0469744689763, 0.0530251041055, 0.188582524657, 0.054875086993, 0.00326216500252, 0.000190467821085, 4.44735924248e-05], "median": [0.000391878042137, 0.0100560579449, 0.188994780183, 1.69493818283, 7.49994945526, 24.3224239349, 27.0079917908, 8.5205078125, 10.5569162369, 5.49794769287, 4.69930505753, 4.64070940018, 4.54727268219, 3.42159891129, 3.74684667587, 2.42439699173, 2.42166090012, 2.27163934708, 2.62801837921, 2.70477747917, 2.57567811012, 1.6914935112, 1.38619363308, 1.01646137238, 0.757409214973, 0.426405280828, 0.20462423563, 0.0911819040775, 0.0606998838484, 0.0398438051343, 0.0728338807821, 0.140301674604, 0.0288085509092, 0.00839809887111, 0.00469941273332, 0.00152110029012, 0.000398548902012, 5.23566523043e-05, 1.81809664355e-05, 2.50854172918e-05], "min": [8.29462124509e-23, 1.25980909859e-21, 2.22051990627e-21, 1.09180126428e-20, 1.80046507041e-20, 3.32238934801e-20, 5.64189135043e-20, 1.28852263388e-19, 1.13605618638e-19, 2.15094669814e-19, 3.42544538946e-19, 5.83254976078e-19, 5.85929044204e-19, 7.46889085625e-19, 1.30400980724e-18, 1.05520835464e-18, 1.60573655017e-18, 2.76482410729e-18, 1.84344313261e-18, 3.50520886497e-18, 4.33139148411e-18, 4.55523110736e-18, 5.94910116345e-18, 5.09486140511e-18, 7.48130601006e-18, 9.70799680971e-18, 1.19450298486e-17, 1.02735633556e-17, 1.07325410621e-17, 1.27378593046e-17, 1.09810459704e-17, 1.0524358727e-17, 8.38783888596e-18, 8.16603371342e-18, 6.85502895673e-18, 3.66247906047e-18, 2.26030183628e-18, 8.93995609544e-19, 2.43837257396e-19, 3.01181307792e-20], "var": [0.000172473286511, 0.0495574176311, 0.719755589962, 13.7770576477, 477.075622559, 5633.12304688, 3077.26660156, 3961.76757812, 718.858581543, 205.157470703, 357.060668945, 308.449432373, 118.914054871, 386.905639648, 1785.01574707, 64.2927093506, 16.6258220673, 11.6535997391, 18.3485202789, 24.876663208, 14.1094579697, 12.7879076004, 15.2085409164, 8.55147266388, 30.1386947632, 6.2057352066, 1.69362545013, 10.6509304047, 1.44766104221, 0.14668187499, 0.0635301992297, 0.258683443069, 0.02233328484, 0.00700646778569, 0.0133035443723, 0.329921662807, 0.0276183094829, 8.99681181181e-05, 2.56421657241e-07, 4.51699389004e-09]}, "gfcc": {"mean": [-121.439872742, 123.036186218, -112.4427948, 5.90508508682, -61.6205596924, -19.1590118408, -54.1088676453, -12.4515895844, -34.3660621643, -16.0982952118, -16.915435791, -7.05366516113, -8.76721668243], "cov": [[44264.0273438, 4128.51318359, -3120.58544922, -118.08719635, -1934.1817627, -464.713684082, -2258.14282227, -362.263000488, -1329.00354004, -502.98727417, -778.827270508, -110.741622925, -307.976013184], [4128.51318359, 2457.22558594, -1122.74084473, 214.679397583, -14.0930252075, -406.683776855, 153.127532959, -434.947570801, 138.189346313, -310.79977417, 146.030059814, -239.411483765, 291.805328369], [-3120.58544922, -1122.74084473, 1029.74572754, -231.218643188, 280.830169678, 180.88885498, -55.7650566101, 190.307006836, -37.9987449646, 129.497375488, -71.1368484497, 88.4305953979, -157.58505249], [-118.08719635, 214.679397583, -231.218643188, 471.003265381, -54.5662384033, 28.3571071625, 187.437026978, -68.6387786865, 96.2420883179, -26.8148288727, 46.93800354, -61.6853866577, 82.4780731201], [-1934.1817627, -14.0930252075, 280.830169678, -54.5662384033, 317.109680176, -20.0750389099, 113.139152527, -24.9948234558, 69.1215133667, 13.9333972931, 12.2500047684, -16.7629508972, 22.0742321014], [-464.713684082, -406.683776855, 180.88885498, 28.3571071625, -20.0750389099, 177.236434937, -12.3507375717, 96.8385314941, -19.5352916718, 40.4108200073, -28.1824836731, 29.3234004974, -54.5056800842], [-2258.14282227, 153.127532959, -55.7650566101, 187.437026978, 113.139152527, -12.3507375717, 379.283843994, -47.8148651123, 157.742004395, 11.2452125549, 111.193382263, 10.7110691071, 136.809417725], [-362.263000488, -434.947570801, 190.307006836, -68.6387786865, -24.9948234558, 96.8385314941, -47.8148651123, 137.125900269, -39.8322372437, 56.8312225342, -41.2009048462, 47.8204116821, -79.6405105591], [-1329.00354004, 138.189346313, -37.9987449646, 96.2420883179, 69.1215133667, -19.5352916718, 157.742004395, -39.8322372437, 135.232162476, 4.63388681412, 67.431930542, -26.3025569916, 79.5324172974], [-502.98727417, -310.79977417, 129.497375488, -26.8148288727, 13.9333972931, 40.4108200073, 11.2452125549, 56.8312225342, 4.63388681412, 94.580909729, -5.68126964569, 45.8579368591, -33.5037231445], [-778.827270508, 146.030059814, -71.1368484497, 46.93800354, 12.2500047684, -28.1824836731, 111.193382263, -41.2009048462, 67.431930542, -5.68126964569, 94.7215576172, 6.5602273941, 65.4600143433], [-110.741622925, -239.411483765, 88.4305953979, -61.6853866577, -16.7629508972, 29.3234004974, 10.7110691071, 47.8204116821, -26.3025569916, 45.8579368591, 6.5602273941, 97.2640304565, -0.0574564300478], [-307.976013184, 291.805328369, -157.58505249, 82.4780731201, 22.0742321014, -54.5056800842, 136.809417725, -79.6405105591, 79.5324172974, -33.5037231445, 65.4600143433, -0.0574564300478, 124.663902283]], "icov": [[0.000153007917106, -0.000627077941317, -9.07049616217e-05, -0.000289818737656, 0.000461872812593, -0.000258953659795, 0.000695501861628, -0.000221187860006, 0.000926556123886, -0.000980715500191, 0.0009386818856, -0.000631497998256, -0.000524534669239], [-0.000627077941317, 0.00483772112057, 0.00213128887117, 0.00159275811166, -0.00303526758216, 0.00214894767851, -0.00289344508201, 0.00280912732705, -0.00392351299524, 0.0069712465629, -0.00460919179022, 0.00399708328769, 0.00201303255744], [-9.07049616217e-05, 0.00213128887117, 0.00440261466429, 0.000732743472327, -0.0042416350916, -0.000691597873811, 0.00011979691044, 0.000589066010434, -0.00164224719629, 0.00275897653773, -0.00134797638748, -0.00087276333943, 0.00305774086155], [-0.000289818737656, 0.00159275811166, 0.000732743472327, 0.00489499792457, 0.0006731057656, -0.00174222700298, -0.00389737146907, 0.0034188751597, -0.00255532260053, 0.00171722029336, -0.000379843550036, 0.00394393596798, 0.0011167692719], [0.000461872812593, -0.00303526758216, -0.0042416350916, 0.0006731057656, 0.0102127213031, -0.00016796818818, -0.00119142176118, 0.00246266904287, 0.000748001679312, -0.00448350887746, 0.00634964602068, -4.38907554781e-05, -0.00157867721282], [-0.000258953659795, 0.00214894767851, -0.000691597873811, -0.00174222700298, -0.00016796818818, 0.0125832492486, -0.00118732568808, -0.00594409648329, -0.00131456309464, 0.0037667111028, -0.00178243394475, 0.00173825561069, 0.000433358567534], [0.000695501861628, -0.00289344508201, 0.00011979691044, -0.00389737146907, -0.00119142176118, -0.00118732568808, 0.0121790105477, -0.00474903360009, 0.00109362299554, -0.0053744581528, 0.000243036134634, -0.00495584914461, -0.00775866396725], [-0.000221187860006, 0.00280912732705, 0.000589066010434, 0.0034188751597, 0.00246266904287, -0.00594409648329, -0.00474903360009, 0.0287162736058, -0.00865230429918, 0.00371520989574, 0.00433501880616, -0.00745795015246, 0.016121448949], [0.000926556123886, -0.00392351299524, -0.00164224719629, -0.00255532260053, 0.000748001679312, -0.00131456309464, 0.00109362299554, -0.00865230429918, 0.0354780107737, -0.0172226782888, -0.00435895705596, 0.0139242857695, -0.0213146656752], [-0.000980715500191, 0.0069712465629, 0.00275897653773, 0.00171722029336, -0.00448350887746, 0.0037667111028, -0.0053744581528, 0.00371520989574, -0.0172226782888, 0.0329376012087, -0.00460232049227, -0.00838617049158, 0.0165755394846], [0.0009386818856, -0.00460919179022, -0.00134797638748, -0.000379843550036, 0.00634964602068, -0.00178243394475, 0.000243036134634, 0.00433501880616, -0.00435895705596, -0.00460232049227, 0.0295868832618, -0.0108237965032, -0.00174254947342], [-0.000631497998256, 0.00399708328769, -0.00087276333943, 0.00394393596798, -4.38907554781e-05, 0.00173825561069, -0.00495584914461, -0.00745795015246, 0.0139242857695, -0.00838617049158, -0.0108237965032, 0.0348150022328, -0.0186243765056], [-0.000524534669239, 0.00201303255744, 0.00305774086155, 0.0011167692719, -0.00157867721282, 0.000433358567534, -0.00775866396725, 0.016121448949, -0.0213146656752, 0.0165755394846, -0.00174254947342, -0.0186243765056, 0.0433820933104]]}, "melbands": {"dmean": [6.87105712132e-05, 0.0001759948791, 0.000428912026109, 0.000811875914223, 0.0005240503815, 0.000207782912184, 0.000106847495772, 4.54103792435e-05, 3.63922408724e-05, 3.19160353683e-05, 2.35175139096e-05, 2.01631592063e-05, 2.40650315391e-05, 1.09388474812e-05, 4.95626500197e-06, 3.82946109312e-06, 3.57825797437e-06, 3.40569863511e-06, 2.94444180327e-06, 2.9161801649e-06, 2.037713557e-06, 1.66874008301e-06, 2.1519879283e-06, 1.24584016703e-06, 1.08253732378e-06, 1.85676049114e-06, 1.52401992182e-06, 4.67802209414e-07, 3.14896993814e-07, 4.18043299533e-07, 8.97555196389e-07, 3.06544620798e-07, 1.41202590953e-07, 6.12584116766e-08, 3.61351624178e-08, 1.24163193505e-07, 9.58248662641e-08, 5.16095681746e-08, 2.19245102073e-08, 1.98864160694e-08], "dmean2": [0.000125037797261, 0.000322901905747, 0.000748683989514, 0.00124310166575, 0.000718000461347, 0.000269426614977, 0.000148290026118, 6.79934819345e-05, 5.17120206496e-05, 4.81472925458e-05, 3.70709894923e-05, 3.1819621654e-05, 3.73501497961e-05, 1.70426192199e-05, 8.18783337309e-06, 6.44658575766e-06, 6.10923780187e-06, 5.79211064178e-06, 4.95305175718e-06, 4.91299488203e-06, 3.39828420692e-06, 2.80444237433e-06, 3.77977039534e-06, 2.10816006074e-06, 1.85880651316e-06, 3.32339118359e-06, 2.72610736829e-06, 7.76765489263e-07, 5.25771270077e-07, 7.42821782751e-07, 1.69501061009e-06, 5.72372414354e-07, 2.4207486149e-07, 1.08088805462e-07, 6.34898924545e-08, 2.1571716502e-07, 1.58674126283e-07, 8.43838563469e-08, 3.56770186727e-08, 2.91738633251e-08], "dvar": [4.86766644769e-08, 2.30872004181e-07, 6.19293700765e-07, 2.62919616034e-06, 6.82655354467e-07, 1.98185958311e-07, 3.33181517931e-08, 7.45321049322e-09, 4.89081752875e-09, 5.86977799699e-09, 1.67797709061e-09, 2.91608892589e-09, 3.93970189805e-09, 7.65698560112e-10, 6.71650304818e-11, 3.2249220655e-11, 2.52304219184e-11, 2.93811225349e-11, 1.98263020584e-11, 2.25934063125e-11, 8.98803861199e-12, 7.71699284335e-12, 3.3758437018e-11, 5.45153809248e-12, 5.03882048933e-12, 2.2863971133e-11, 2.12575356623e-11, 1.44716476216e-12, 5.3635562788e-13, 1.36310396564e-12, 9.42313414798e-12, 9.71663613285e-13, 8.01566793626e-14, 2.33017848994e-14, 7.10693253515e-15, 4.63969547461e-14, 2.58236171298e-14, 1.16232495295e-14, 1.85849870649e-15, 1.27183024058e-15], "dvar2": [1.3582422298e-07, 6.5931357085e-07, 1.69001725681e-06, 5.35511026101e-06, 1.24925611544e-06, 3.03829921222e-07, 6.15044086771e-08, 1.58930717475e-08, 8.98161101048e-09, 1.22213288378e-08, 4.01075483936e-09, 6.08286709891e-09, 7.81030262686e-09, 1.61516022779e-09, 1.7700439725e-10, 8.75830311053e-11, 7.01217348076e-11, 8.40205821584e-11, 5.3329229921e-11, 5.82592793452e-11, 2.30459019923e-11, 1.97719392941e-11, 9.34839428091e-11, 1.43943797853e-11, 1.36819713545e-11, 6.32364993702e-11, 5.86111298384e-11, 3.709816742e-12, 1.29476637745e-12, 3.71783203182e-12, 2.70321265372e-11, 2.78115117741e-12, 2.12534986355e-13, 6.57349134435e-14, 2.10144520464e-14, 1.16203406489e-13, 5.58085106177e-14, 2.89948593564e-14, 4.99435867283e-15, 2.49283236333e-15], "max": [0.00177703332156, 0.00477848714218, 0.00828373618424, 0.020566675812, 0.0119602857158, 0.012564365752, 0.00409070495516, 0.00144096580334, 0.00128142139874, 0.00134280428756, 0.000466192141175, 0.00112579436973, 0.00107859715354, 0.000536046398338, 8.36278268252e-05, 8.20567656774e-05, 8.09167322586e-05, 7.48269158066e-05, 5.58528263355e-05, 6.54336545267e-05, 4.32196611655e-05, 4.83006915601e-05, 5.6379911257e-05, 2.41103898588e-05, 2.03256367968e-05, 4.35978108726e-05, 4.81557362946e-05, 1.64476878126e-05, 5.48048228666e-06, 7.67918209021e-06, 2.28735643759e-05, 7.21970900486e-06, 1.91228104995e-06, 1.42019928262e-06, 1.41669738696e-06, 1.87751879821e-06, 1.38927293847e-06, 1.02938486179e-06, 1.07671121441e-06, 5.60030287033e-07], "mean": [4.76550485473e-05, 0.000173964901478, 0.000656675896607, 0.00267685833387, 0.00188185856678, 0.000622939493041, 0.000290511641651, 9.63467900874e-05, 8.79225044628e-05, 5.9457936004e-05, 3.94851922465e-05, 3.2769250538e-05, 5.09931815031e-05, 2.28613516811e-05, 8.31005036162e-06, 6.93324273016e-06, 5.93631602896e-06, 5.71399687033e-06, 5.32397143616e-06, 5.41115150554e-06, 3.94230892198e-06, 3.10708492179e-06, 2.66592019216e-06, 1.91025355889e-06, 1.47095863667e-06, 1.85426188182e-06, 1.46629031406e-06, 6.122077707e-07, 4.21549486873e-07, 3.90043993548e-07, 5.96196002789e-07, 2.50168199045e-07, 1.62275384241e-07, 8.38759888211e-08, 6.38284234356e-08, 2.33835493191e-07, 1.924278763e-07, 6.98045852232e-08, 3.73664548192e-08, 3.48854207743e-08], "median": [4.94423193231e-06, 6.44408428343e-05, 0.000412193796365, 0.00109516410157, 0.00122745300177, 0.000178731279448, 0.000146039048559, 5.37865053047e-05, 3.81046484108e-05, 2.60324268311e-05, 2.13852999877e-05, 1.17546787806e-05, 1.23654535855e-05, 6.51364825899e-06, 5.26313215232e-06, 4.58842669104e-06, 3.93751543015e-06, 3.79587459065e-06, 3.50921663994e-06, 3.59509749615e-06, 2.69155179922e-06, 1.74878618964e-06, 1.3485407635e-06, 1.08598487714e-06, 7.35410822017e-07, 6.31542206975e-07, 3.99646978622e-07, 2.42081284796e-07, 1.42411337833e-07, 7.79459199407e-08, 4.18709333871e-08, 2.62143551311e-08, 4.68666314646e-08, 1.02835944205e-08, 1.13854543571e-08, 1.00090055355e-07, 6.76466811456e-08, 1.99683185542e-08, 6.97001389938e-09, 5.78134695672e-09], "min": [1.34778700037e-24, 1.05063177484e-24, 1.92166516512e-24, 1.32894653676e-24, 2.53402179546e-24, 3.00741268873e-24, 1.58245753967e-24, 2.39811762756e-24, 2.30236963519e-24, 3.14568738364e-24, 2.6663194885e-24, 2.81984424522e-24, 2.93310830234e-24, 2.02305942942e-24, 3.30603322339e-24, 2.75012984601e-24, 4.3297549806e-24, 2.37956736616e-24, 3.5428398008e-24, 3.67404709086e-24, 4.61618485326e-24, 4.18362993639e-24, 4.85361739181e-24, 5.14275266294e-24, 3.12382173707e-24, 5.22013755116e-24, 5.49295720662e-24, 5.5802876587e-24, 5.0498339202e-24, 6.04434573582e-24, 4.70855415437e-24, 5.22384559184e-24, 5.14203795496e-24, 7.54940201841e-24, 5.36090701868e-24, 5.1708404499e-24, 6.37035591554e-24, 4.82184128568e-24, 6.48761141163e-24, 6.623646136e-24], "var": [3.00010114529e-08, 1.51354740296e-07, 6.75936803418e-07, 1.35152004077e-05, 3.92935407945e-06, 1.59473631811e-06, 1.53427876626e-07, 2.06108854428e-08, 2.01588505888e-08, 1.34298492327e-08, 2.94929636269e-09, 7.15273351659e-09, 1.50702668122e-08, 3.12054404539e-09, 1.04087120867e-10, 6.07678768416e-11, 3.97075740344e-11, 4.41127412376e-11, 3.55823322196e-11, 3.85105280998e-11, 1.83154342387e-11, 1.61779339924e-11, 2.57106853169e-11, 6.7212307768e-12, 5.05406046875e-12, 1.66567593052e-11, 1.49130152671e-11, 1.36486601101e-12, 5.90946399887e-13, 9.86671356597e-13, 5.34781160327e-12, 5.92081939033e-13, 8.1292503111e-14, 3.38195183663e-14, 2.17331323971e-14, 9.01927526263e-14, 6.60487357623e-14, 1.48323380352e-14, 6.40686869809e-15, 3.74685574789e-15]}, "mfcc": {"mean": [-745.83996582, 159.560073853, -6.42199993134, 17.9134712219, -0.187929704785, -14.272236824, -13.6655483246, -11.2348947525, -18.5653038025, -9.54369163513, -21.2349567413, -9.66988658905, -13.1283369064], "cov": [[11268.5712891, 3115.09375, -169.645187378, 544.87121582, -6.92634487152, -134.422241211, -269.777404785, -143.360290527, -291.224334717, -176.561645508, -386.607513428, -185.652618408, -273.094665527], [3115.09375, 2530.66259766, -459.105621338, 291.762908936, 20.7603302002, -77.3184509277, -118.880882263, -125.084098816, -130.431228638, -116.427726746, -165.275695801, -122.478637695, -136.489318848], [-169.645187378, -459.105621338, 321.443725586, -96.8431777954, 81.4312210083, -26.0405426025, 31.3930168152, 26.4232158661, -22.4595584869, 41.5531349182, -3.294049263, 40.3385314941, -30.6284770966], [544.87121582, 291.762908936, -96.8431777954, 319.370788574, -70.641746521, 124.785598755, 11.0501861572, 13.0310468674, 47.380695343, -22.3609237671, 47.6822814941, -45.8494758606, 13.8144216537], [-6.92634487152, 20.7603302002, 81.4312210083, -70.641746521, 199.081695557, -35.4723968506, -5.63202047348, -23.1491031647, -37.5960197449, 38.8108291626, -38.3561553955, 12.9591426849, -75.7216262817], [-134.422241211, -77.3184509277, -26.0405426025, 124.785598755, -35.4723968506, 139.687957764, 43.3143692017, 30.0611591339, 64.2567062378, 3.46824193001, 53.5039176941, -5.30571126938, 29.4341430664], [-269.777404785, -118.880882263, 31.3930168152, 11.0501861572, -5.63202047348, 43.3143692017, 79.3416900635, 44.2500114441, 29.3084697723, 8.48573684692, 28.5981788635, 7.7785358429, 17.1622924805], [-143.360290527, -125.084098816, 26.4232158661, 13.0310468674, -23.1491031647, 30.0611591339, 44.2500114441, 68.5682449341, 36.4914245605, 4.37573671341, 14.3691034317, 8.08463191986, 12.0299348831], [-291.224334717, -130.431228638, -22.4595584869, 47.380695343, -37.5960197449, 64.2567062378, 29.3084697723, 36.4914245605, 86.2092208862, 14.9234085083, 50.7002296448, -6.72322368622, 31.896232605], [-176.561645508, -116.427726746, 41.5531349182, -22.3609237671, 38.8108291626, 3.46824193001, 8.48573684692, 4.37573671341, 14.9234085083, 65.7429199219, 13.27871418, 19.0401306152, -22.9686031342], [-386.607513428, -165.275695801, -3.294049263, 47.6822814941, -38.3561553955, 53.5039176941, 28.5981788635, 14.3691034317, 50.7002296448, 13.27871418, 98.473991394, 6.38537311554, 47.1678619385], [-185.652618408, -122.478637695, 40.3385314941, -45.8494758606, 12.9591426849, -5.30571126938, 7.7785358429, 8.08463191986, -6.72322368622, 19.0401306152, 6.38537311554, 60.5828742981, 11.7572660446], [-273.094665527, -136.489318848, -30.6284770966, 13.8144216537, -75.7216262817, 29.4341430664, 17.1622924805, 12.0299348831, 31.896232605, -22.9686031342, 47.1678619385, 11.7572660446, 96.1910552979]], "icov": [[0.000178208269062, -0.000217046865146, -0.000345587875927, -0.000222429647692, 0.000155455258209, -7.5717252912e-05, 0.000425548001658, -0.000224619725486, 0.000210777216125, -7.06690407242e-05, 0.00036588756484, 0.000123942052596, -6.37448974885e-05], [-0.000217046865146, 0.00121302425396, 0.00162649853155, -0.000869335897733, -0.000447222206276, 0.00108967907727, -0.00114137667697, 0.00103632418904, 0.000124255529954, 0.000935176969506, 0.000331261981046, -0.000300856365357, 0.00119272398297], [-0.000345587875927, 0.00162649853155, 0.00662729749456, -0.000126862927573, -0.00175064906944, 0.00120624189731, -0.00229352666065, -0.00123666110449, 0.00249117799103, -0.000218156317715, -0.00097656622529, -0.00128585321363, 0.00202972302213], [-0.000222429647692, -0.000869335897733, -0.000126862927573, 0.00816286355257, 0.00128450035118, -0.00739046558738, 0.00229998794384, -0.00201148353517, 0.0016400613822, -0.000143257333548, -0.00357351312414, 0.00332173495553, 0.000804330629762], [0.000155455258209, -0.000447222206276, -0.00175064906944, 0.00128450035118, 0.00929706078023, -0.00113281712402, -0.00164300051983, 0.00354664539918, 0.000357411248842, -0.00226666498929, 0.000873497396242, -0.00107144971844, 0.00562262767926], [-7.5717252912e-05, 0.00108967907727, 0.00120624189731, -0.00739046558738, -0.00113281712402, 0.0197582803667, -0.0076807634905, 0.00395649531856, -0.00966139510274, 0.0025034584105, 5.53170793864e-05, -0.00405022641644, 0.000983893405646], [0.000425548001658, -0.00114137667697, -0.00229352666065, 0.00229998794384, -0.00164300051983, -0.0076807634905, 0.0264645256102, -0.0165251847357, 0.00520791532472, -0.00220423005521, -0.00396105647087, 0.00317001040094, -0.00376851204783], [-0.000224619725486, 0.00103632418904, -0.00123666110449, -0.00201148353517, 0.00354664539918, 0.00395649531856, -0.0165251847357, 0.0334180928767, -0.0152423325926, 0.00499449158087, 0.00608274387196, -0.00695200776681, 0.00519201625139], [0.000210777216125, 0.000124255529954, 0.00249117799103, 0.0016400613822, 0.000357411248842, -0.00966139510274, 0.00520791532472, -0.0152423325926, 0.0331472791731, -0.0104393521324, -0.00717865489423, 0.00972635857761, -0.00560566550121], [-7.06690407242e-05, 0.000935176969506, -0.000218156317715, -0.000143257333548, -0.00226666498929, 0.0025034584105, -0.00220423005521, 0.00499449158087, -0.0104393521324, 0.0281845703721, -0.00445253541693, -0.00981937907636, 0.0118708014488], [0.00036588756484, 0.000331261981046, -0.00097656622529, -0.00357351312414, 0.000873497396242, 5.53170793864e-05, -0.00396105647087, 0.00608274387196, -0.00717865489423, -0.00445253541693, 0.0221865456551, -0.00110645394307, -0.00709908362478], [0.000123942052596, -0.000300856365357, -0.00128585321363, 0.00332173495553, -0.00107144971844, -0.00405022641644, 0.00317001040094, -0.00695200776681, 0.00972635857761, -0.00981937907636, -0.00110645394307, 0.0259676519781, -0.00846303068101], [-6.37448974885e-05, 0.00119272398297, 0.00202972302213, 0.000804330629762, 0.00562262767926, 0.000983893405646, -0.00376851204783, 0.00519201625139, -0.00560566550121, 0.0118708014488, -0.00709908362478, -0.00846303068101, 0.02579510957]]}, "spectral_contrast_coeffs": {"dmean": [0.0451548062265, 0.0377217717469, 0.034980263561, 0.0232669562101, 0.0179702546448, 0.0217420198023], "dmean2": [0.0754267573357, 0.059030354023, 0.0562648251653, 0.0395366214216, 0.0302610099316, 0.0335490070283], "dvar": [0.00171584286727, 0.00103712431155, 0.000801886315458, 0.000343490421074, 0.000239084882196, 0.00068165070843], "dvar2": [0.00456260191277, 0.00236131576821, 0.00207315734588, 0.000958887743764, 0.000659382960293, 0.00145401956979], "max": [-0.219357773662, -0.395061820745, -0.545049190521, -0.691275119781, -0.71603000164, -0.62669479847], "mean": [-0.471905201674, -0.711968004704, -0.779482185841, -0.813437819481, -0.816670775414, -0.771733880043], "median": [-0.454004555941, -0.72086763382, -0.783188998699, -0.809767723083, -0.812079071999, -0.76923930645], "min": [-0.976211309433, -0.980890452862, -0.978375732899, -0.972091913223, -0.971827566624, -0.963977813721], "var": [0.0162814874202, 0.0090024471283, 0.00438599009067, 0.00153504684567, 0.00116065994371, 0.00248904386535]}, "spectral_contrast_valleys": {"dmean": [0.561646997929, 0.329689770937, 0.360161870718, 0.24003072083, 0.265063196421, 0.33290836215], "dmean2": [0.90707141161, 0.526632845402, 0.568953871727, 0.376377463341, 0.395940244198, 0.466232657433], "dvar": [0.431554079056, 0.189470261335, 0.244278416038, 0.140093162656, 0.206176310778, 0.234873011708], "dvar2": [0.