{"lowlevel": {"average_loudness": 0.324613034725, "barkbands_crest": {"dmean": 1.09553182125, "dmean2": 1.67124199867, "dvar": 1.69537186623, "dvar2": 4.37785959244, "max": 22.9491539001, "mean": 13.2271318436, "median": 12.8579397202, "min": 4.13214826584, "var": 16.6451969147}, "barkbands_flatness_db": {"dmean": 0.0112571725622, "dmean2": 0.0181732438505, "dvar": 0.000185926503036, "dvar2": 0.00044752669055, "max": 0.536164820194, "mean": 0.413166850805, "median": 0.420199275017, "min": 0.0371555611491, "var": 0.00413076626137}, "barkbands_kurtosis": {"dmean": 1.32979798317, "dmean2": 2.07438206673, "dvar": 11.4317922592, "dvar2": 33.54870224, "max": 144.986923218, "mean": 5.01980400085, "median": 3.00100278854, "min": -1.82950139046, "var": 61.8798789978}, "barkbands_skewness": {"dmean": 0.23641037941, "dmean2": 0.36459928751, "dvar": 0.100365206599, "dvar2": 0.263080507517, "max": 9.87248325348, "mean": 0.917001783848, "median": 0.840765714645, "min": -2.91271662712, "var": 1.44622802734}, "barkbands_spread": {"dmean": 0.62336564064, "dmean2": 1.0721091032, "dvar": 8.34255504608, "dvar2": 26.2474136353, "max": 112.070030212, "mean": 4.12034606934, "median": 2.74240207672, "min": 0.537586450577, "var": 80.4676055908}, "dissonance": {"dmean": 0.0364073999226, "dmean2": 0.0631177350879, "dvar": 0.00121267151553, "dvar2": 0.00334802223369, "max": 0.498571515083, "mean": 0.282488793135, "median": 0.275066941977, "min": 0.084186591208, "var": 0.00693632848561}, "dynamic_complexity": 8.823346138, "erbbands_crest": {"dmean": 1.20595157146, "dmean2": 1.82205879688, "dvar": 1.93058085442, "dvar2": 4.29977226257, "max": 32.0070571899, "mean": 14.9214363098, "median": 13.6945075989, "min": 2.53812265396, "var": 37.0830459595}, "erbbands_flatness_db": {"dmean": 0.00905817002058, "dmean2": 0.0141656603664, "dvar": 0.000137706869282, "dvar2": 0.000271834462183, "max": 0.55521684885, "mean": 0.388813704252, "median": 0.392021715641, "min": 0.045539136976, "var": 0.00516416272148}, "erbbands_kurtosis": {"dmean": 0.724270880222, "dmean2": 1.02691316605, "dvar": 1.38094139099, "dvar2": 2.61748528481, "max": 31.2932090759, "mean": 3.27087235451, "median": 1.79758810997, "min": -1.64438223839, "var": 18.6500873566}, "erbbands_skewness": {"dmean": 0.173785015941, "dmean2": 0.254112362862, "dvar": 0.0457540787756, "dvar2": 0.0978001877666, "max": 4.15308952332, "mean": 0.853274405003, "median": 0.759764313698, "min": -1.89753520489, "var": 0.75981259346}, "erbbands_spread": {"dmean": 0.995440661907, "dmean2": 1.52887558937, "dvar": 3.75276255608, "dvar2": 9.8942117691, "max": 114.62121582, "mean": 9.172290802, "median": 7.16400527954, "min": 1.00070405006, "var": 93.392616272}, "hfc": {"dmean": 1.10148894787, "dmean2": 1.36837077141, "dvar": 12.8236188889, "dvar2": 18.9026355743, "max": 83.156539917, "mean": 6.49109792709, "median": 1.94737374783, "min": 1.18954766014e-16, "var": 107.468055725}, "melbands_crest": {"dmean": 1.36900866032, "dmean2": 2.09635210037, "dvar": 2.75324130058, "dvar2": 6.80217695236, "max": 31.4041576385, "mean": 16.6031398773, "median": 15.8874874115, "min": 1.83152365685, "var": 27.0658473969}, "melbands_flatness_db": {"dmean": 0.0129684535787, "dmean2": 0.0208713188767, "dvar": 0.000284660491161, "dvar2": 0.000710341031663, "max": 0.689053118229, "mean": 0.546704530716, "median": 0.55481505394, "min": 0.00433571636677, "var": 0.00666814530268}, "melbands_kurtosis": {"dmean": 1.82144522667, "dmean2": 2.96984863281, "dvar": 32.037437439, "dvar2": 101.387290955, "max": 175.243179321, "mean": 6.28032207489, "median": 3.97032094002, "min": -1.58378088474, "var": 122.596794128}, "melbands_skewness": {"dmean": 0.25129622221, "dmean2": 0.39015609026, "dvar": 0.134039908648, "dvar2": 0.375476390123, "max": 9.59840965271, "mean": 1.23478007317, "median": 1.11391973495, "min": -2.28388166428, "var": 1.76831948757}, "melbands_spread": {"dmean": 0.962722718716, "dmean2": 1.61300396919, "dvar": 24.5560741425, "dvar2": 77.1734237671, "max": 181.844497681, "mean": 5.89354753494, "median": 3.87452316284, "min": 0.807868480682, "var": 193.9662323}, "pitch_salience": {"dmean": 0.0369240231812, "dmean2": 0.059266872704, "dvar": 0.00200978456996, "dvar2": 0.00528870103881, "max": 0.878546118736, "mean": 0.514533638954, "median": 0.526855945587, "min": 0.112734429538, "var": 0.0174944605678}, "silence_rate_20dB": {"dmean": 0, "dmean2": 0, "dvar": 0, "dvar2": 0, "max": 1, "mean": 1, "median": 1, "min": 1, "var": 0}, "silence_rate_30dB": {"dmean": 0.00635677389801, "dmean2": 0.0127186011523, "dvar": 0.00631616264582, "dvar2": 0.0149413384497, "max": 1, "mean": 0.992851495743, "median": 1, "min": 0, "var": 0.00709759024903}, "silence_rate_60dB": {"dmean": 0.019070321694, "dmean2": 0.0381558015943, "dvar": 0.0187064260244, "dvar2": 0.044650234282, "max": 1, "mean": 0.385623514652, "median": 0, "min": 0, "var": 0.236920535564}, "spectral_centroid": {"dmean": 23.1794757843, "dmean2": 35.0790328979, "dvar": 29515.8515625, "dvar2": 40411.4960938, "max": 10911.3945312, "mean": 407.120697021, "median": 353.180603027, "min": 165.307800293, "var": 197266.265625}, "spectral_complexity": {"dmean": 0.568931281567, "dmean2": 0.965023875237, "dvar": 0.758558511734, "dvar2": 1.49479079247, "max": 16, "mean": 5.74741840363, "median": 6, "min": 0, "var": 10.3436584473}, "spectral_decrease": {"dmean": 6.46721787234e-10, "dmean2": 8.39882940973e-10, "dvar": 2.97170859594e-18, "dvar2": 4.524979458e-18, "max": 4.71079106413e-22, "mean": -4.23012602724e-09, "median": -1.77476455754e-09, "min": -3.67336880913e-08, "var": 3.02228072287e-17}, "spectral_energy": {"dmean": 0.00253893970512, "dmean2": 0.00329080340452, "dvar": 4.65382654511e-05, "dvar2": 7.06954597263e-05, "max": 0.146183997393, "mean": 0.0165542066097, "median": 0.00685966666788, "min": 1.07221824796e-20, "var": 0.000468941929284}, "spectral_energyband_high": {"dmean": 7.52735029863e-09, "dmean2": 1.2014194084e-08, "dvar": 3.43212112164e-16, "dvar2": 6.65042518702e-16, "max": 7.17384182281e-07, "mean": 3.01652463008e-08, "median": 2.11192840993e-08, "min": 7.48497237827e-21, "var": 9.06435579603e-16}, "spectral_energyband_low": {"dmean": 0.000507607415784, "dmean2": 0.000797089422122, "dvar": 1.41426926348e-06, "dvar2": 3.47390323441e-06, "max": 0.0365190766752, "mean": 0.00296340161003, "median": 0.000910951464903, "min": 7.86756792306e-23, "var": 2.22486214625e-05}, "spectral_energyband_middle_high": {"dmean": 0.000149987579789, "dmean2": 0.00017295787984, "dvar": 3.8030509586e-07, "dvar2": 5.37297808023e-07, "max": 0.0211696028709, "mean": 0.000578008184675, "median": 9.35170028242e-05, "min": 1.70580010581e-21, "var": 2.0417091946e-06}, "spectral_energyband_middle_low": {"dmean": 0.00227825110778, "dmean2": 0.00295259198174, "dvar": 4.01416436944e-05, "dvar2": 6.18190606474e-05, "max": 0.132965609431, "mean": 0.0136851519346, "median": 0.00510779209435, "min": 2.44709499561e-22, "var": 0.000373467482859}, "spectral_entropy": {"dmean": 0.0841947793961, "dmean2": 0.132344096899, "dvar": 0.0213842429221, "dvar2": 0.0482180677354, "max": 9.78900337219, "mean": 5.06762361526, "median": 5.01605606079, "min": 3.66316437721, "var": 0.38255661726}, "spectral_flux": {"dmean": 0.007971460931, "dmean2": 0.0126863522455, "dvar": 0.000378488039132, "dvar2": 0.000885805115104, "max": 0.245509162545, "mean": 0.0184345804155, "median": 0.0106045361608, "min": 1.03547968811e-10, "var": 0.000612139061559}, "spectral_kurtosis": {"dmean": 34.5628242493, "dmean2": 60.1678276062, "dvar": 1406.58935547, "dvar2": 3985.20947266, "max": 478.809051514, "mean": 174.345626831, "median": 174.337799072, "min": -1.24849057198, "var": 6387.85546875}, "spectral_rms": {"dmean": 0.000245055212872, "dmean2": 0.000315175158903, "dvar": 2.77457672837e-07, "dvar2": 3.83030567264e-07, "max": 0.0119423000142, "mean": 0.00320949591696, "median": 0.0025869589299, "min": 3.23429521012e-12, "var": 5.84956569583e-06}, "spectral_rolloff": {"dmean": 53.8456687927, "dmean2": 95.5639190674, "dvar": 199113.625, "dvar2": 451353.90625, "max": 19358.3496094, "mean": 674.863647461, "median": 452.197265625, "min": 129.19921875, "var": 3909558.75}, "spectral_skewness": {"dmean": 1.28742742538, "dmean2": 2.26436758041, "dvar": 1.90338492393, "dvar2": 5.1783747673, "max": 17.8253307343, "mean": 10.3378772736, "median": 10.619260788, "min": 0.0459194481373, "var": 8.22332382202}, "spectral_spread": {"dmean": 291889.25, "dmean2": 501563.375, "dvar": 471393206272, "dvar2": 580238049280, "max": 41987772, "mean": 1087838, "median": 782549.1875, "min": 197175.6875, "var": 2766789148670.0}, "spectral_strongpeak": {"dmean": 0.144416958094, "dmean2": 0.206697866321, "dvar": 0.131990969181, "dvar2": 0.223873481154, "max": 7.37629556656, "mean": 1.00104677677, "median": 0.356375068426, "min": 3.25720472816e-09, "var": 1.6786917448}, "zerocrossingrate": {"dmean": 0.00195506494492, "dmean2": 0.00246197776869, "dvar": 0.000109281696496, "dvar2": 0.000196676381165, "max": 0.50390625, "mean": 0.0228476058692, "median": 0.01611328125, "min": 0.00537109375, "var": 0.00256377994083}, "barkbands": {"dmean": [2.73423296449e-07, 0.000209538513445, 0.000287294882583, 0.000275503523881, 0.000486042408738, 0.000561328663025, 0.000537583197001, 0.00103050342295, 6.35033866274e-05, 5.42913949175e-05, 8.60252112034e-05, 2.25499588851e-05, 1.10676628537e-05, 8.50098422234e-06, 6.08065101915e-06, 5.42959969607e-06, 1.25586268496e-06, 1.28594280113e-07, 1.41890296845e-07, 1.39298963475e-08, 2.13617834532e-09, 1.00062358399e-09, 8.44231795583e-10, 8.24802282029e-10, 8.82719786155e-10, 9.63786161989e-10, 1.09820819105e-09], "dmean2": [4.6990655278e-07, 0.000324976310367, 0.000459729955764, 0.000408894586144, 0.000699472089764, 0.000851645483635, 0.00064990442479, 0.0012935976265, 8.24508533697e-05, 6.14109812886e-05, 9.73586938926e-05, 3.03171673295e-05, 1.50394098455e-05, 1.16377332233e-05, 7.74712498242e-06, 5.89028604736e-06, 1.72376292085e-06, 1.76623004222e-07, 1.93324581232e-07, 2.00819840757e-08, 3.2741227507e-09, 1.73733460951e-09, 1.46819068014e-09, 1.43932554764e-09, 1.54733492685e-09, 1.67250724381e-09, 1.90875315553e-09], "dvar": [2.67070626682e-13, 3.47532250089e-07, 5.09057088038e-07, 5.08284415446e-07, 3.14039743898e-06, 2.16853709389e-06, 4.23578512709e-06, 1.8053853637e-05, 2.67157247436e-07, 4.36167823636e-07, 1.3753658834e-07, 1.1164782876e-08, 2.09939865492e-09, 1.55667501112e-09, 4.00447852655e-09, 1.48370271624e-09, 8.38858496555e-11, 1.34505156579e-12, 1.70061924612e-12, 1.52301741639e-14, 3.99177643632e-17, 2.98800384721e-18, 1.63272848753e-18, 1.43820910828e-18, 1.33236100914e-18, 1.22181617849e-18, 1.56329391294e-18], "dvar2": [7.8232261164e-13, 6.92298158356e-07, 1.38207553846e-06, 1.11915790058e-06, 5.56857276024e-06, 4.67091012979e-06, 5.21833362654e-06, 2.90387615678e-05, 4.8496809768e-07, 5.29019757778e-07, 1.93989279751e-07, 2.01380174758e-08, 4.06219236027e-09, 3.47148598756e-09, 8.09756972586e-09, 2.39193664875e-09, 1.98130511997e-10, 2.92627684237e-12, 3.74242043605e-12, 2.95907504229e-14, 8.07922458229e-17, 8.48002899241e-18, 5.06705159292e-18, 4.50455471431e-18, 4.17547124737e-18, 3.82948806692e-18, 4.86450235787e-18], "max": [1.2229332242e-05, 0.028431955725, 0.0189080201089, 0.0182138029486, 0.0877452269197, 0.0331506617367, 0.076871201396, 0.117034643888, 0.0157806240022, 0.0410676151514, 0.00916807353497, 0.00374090718105, 0.00124042760581, 0.0010902696522, 0.0027722613886, 0.0014463866828, 0.000338218786055, 4.1663472075e-05, 5.3489144193e-05, 4.98180861541e-06, 1.13225368636e-07, 2.3713253583e-08, 1.75383494394e-08, 1.63140203568e-08, 1.67212697022e-08, 1.7235334937e-08, 1.98326866041e-08], "mean": [3.74579911977e-07, 0.00135584233794, 0.00101740017999, 0.00126927322708, 0.00192308763508, 0.00265369517729, 0.00241024792194, 0.00506914500147, 0.000192705600057, 0.000215122112422, 0.000261772685917, 9.46362852119e-05, 3.18323764077e-05, 2.45287101279e-05, 1.63360964507e-05, 1.5321536921e-05, 2.27910140893e-06, 2.34924428355e-07, 3.49871754679e-07, 2.98227895712e-08, 4.53893012065e-09, 2.19446016914e-09, 2.11613082612e-09, 2.54174148395e-09, 3.40329275872e-09, 4.6500225892e-09, 5.88941295732e-09], "median": [1.45605980606e-07, 0.000128696934553, 0.00032218551496, 0.000492875813507, 0.000519833876751, 0.000520199071616, 0.000374486902729, 0.000282622233499, 1.61530006153e-05, 1.12585748866e-05, 1.3544511603e-05, 7.58423448133e-06, 1.27773580516e-06, 1.75152831616e-06, 5.6510327795e-07, 2.19404540758e-07, 3.97704944533e-08, 7.25932647327e-09, 3.39980044117e-09, 1.64402103042e-09, 1.60687774198e-09, 1.57527713096e-09, 1.74427638999e-09, 2.23802087973e-09, 3.15942871865e-09, 4.42575398552e-09, 5.67655966677e-09], "min": [2.59599703531e-23, 4.5106258767e-23, 2.81014405654e-23, 3.86116016442e-24, 3.61535489288e-23, 2.68303679215e-23, 3.30792885614e-23, 3.28983554242e-23, 9.70778982614e-23, 7.57432812975e-23, 9.48673900981e-23, 1.27845814904e-22, 1.62216787467e-22, 9.39698935799e-23, 9.47939566142e-23, 1.7864624839e-22, 2.0976509454e-22, 2.9102994779e-22, 2.65376973702e-22, 2.70559171382e-22, 5.48885025475e-22, 4.51299069236e-22, 5.6629146223e-22, 8.15165995909e-22, 1.16349405407e-21, 1.66601223367e-21, 2.32015821353e-21], "var": [3.73253403012e-13, 8.48327090353e-06, 3.74577462026e-06, 4.30355157732e-06, 1.91537874343e-05, 2.10502057598e-05, 4.69828919449e-05, 0.000145814105053, 9.97243660095e-07, 2.43550016421e-06, 5.79540085255e-07, 1.21714734291e-07, 8.70984884216e-09, 7.01326152708e-09, 1.18788907599e-08, 5.4179447595e-09, 1.35281008617e-10, 2.78445278987e-12, 4.94658047162e-12, 3.45972911236e-14, 8.93297158914e-17, 3.9901550796e-18, 1.6795043104e-18, 1.44293913381e-18, 1.34371664799e-18, 1.35188092063e-18, 1.7069640184e-18]}, "erbbands": {"dmean": [0.00205501751043, 0.061602294445, 0.295949876308, 0.572834670544, 1.15438210964, 2.12917804718, 2.1185541153, 5.46647548676, 4.8969669342, 23.0619468689, 11.3169078827, 2.06780433655, 2.19518065453, 0.867302954197, 3.84973311424, 1.07662045956, 0.564569830894, 0.489967286587, 0.328794181347, 0.270218044519, 0.186568111181, 0.0543347299099, 0.0238368958235, 0.0124074351043, 0.00226794881746, 0.000441301090177, 0.000131623484776, 5.95838246227e-05, 3.78839031328e-05, 2.95540339721e-05, 2.41471316258e-05, 1.886854443e-05, 1.45790472743e-05, 1.07864170786e-05, 7.51274137656e-06, 4.6445161388e-06, 2.32872093875e-06, 8.10362394077e-07, 1.254352469e-06, 2.84064276457e-06], "dmean2": [0.00338831078261, 0.0955870598555, 0.475419193506, 0.882772028446, 1.67557144165, 3.11027860641, 3.09610033035, 8.44268321991, 6.54764890671, 28.0566501617, 13.6525249481, 2.41508603096, 2.21573233604, 1.09744203091, 4.33759260178, 1.34109306335, 0.746743083, 0.672299265862, 0.413607537746, 0.315844267607, 0.207405954599, 0.0730563104153, 0.0330533348024, 0.0162482857704, 0.00341140641831, 0.000645701948088, 0.000193006824702, 9.48831584537e-05, 6.535481225e-05, 5.08414050273e-05, 4.18161689595e-05, 3.26900444634e-05, 2.50204138865e-05, 1.84222899406e-05, 1.27842504298e-05, 7.78597768658e-06, 3.86191231883e-06, 1.37756535423e-06, 1.65835456301e-06, 3.67414895663e-06], "dvar": [3.36394296028e-05, 0.0284157171845, 0.516462743282, 1.79274988174, 11.811914444, 81.809425354, 59.3332328796, 208.179824829, 170.144699097, 7721.27148438, 3418.96459961, 258.665496826, 670.706420898, 15.3335113525, 306.380523682, 25.9439659119, 4.85062456131, 4.99428033829, 15.087389946, 2.9310541153, 1.8358874321, 0.144681036472, 0.0522445589304, 0.0110721495003, 0.000279514060821, 8.6546269813e-06, 1.72231167994e-07, 3.95796035946e-08, 5.00216890131e-09, 2.15780859847e-09, 1.28251387288e-09, 7.18023973612e-10, 3.97791466433e-10, 1.87583379385e-10, 8.37717742397e-11, 3.21459213415e-11, 8.37037557322e-12, 8.40784202243e-13, 1.07350352566e-11, 5.92687912637e-11], "dvar2": [7.72862476879e-05, 0.0577072612941, 1.37390494347, 4.42832946777, 28.5777740479, 136.283233643, 122.725242615, 461.746673584, 260.34854126, 11648.8232422, 5410.55859375, 397.093200684, 797.588623047, 25.9517593384, 419.810821533, 44.1410484314, 9.2011013031, 11.0210895538, 30.8555145264, 4.92075300217, 3.0891597271, 0.333130717278, 0.124753519893, 0.0243044178933, 0.000676547468174, 1.6712323486e-05, 3.43614630083e-07, 7.17218995305e-08, 1.3388129716e-08, 6.37457153729e-09, 3.893550371e-09, 2.19906692855e-09, 1.20275778226e-09, 5.50011647338e-10, 2.33876112921e-10, 8.04105740326e-11, 1.89201640466e-11, 2.26920370515e-12, 1.61683808703e-11, 8.97965382607e-11], "max": [0.271135300398, 7.93690824509, 15.6799097061, 44.7450218201, 77.7719039917, 464.391326904, 300.595428467, 298.964233398, 385.618865967, 2132.60253906, 2209.64697266, 592.087402344, 1621.18981934, 140.414718628, 461.501098633, 193.848754883, 60.3175811768, 57.0199813843, 180.830078125, 53.0308113098, 52.5144958496, 13.8938474655, 8.7508764267, 4.10973405838, 0.55461114645, 0.109303094447, 0.00751442695037, 0.0066246795468, 0.00143715192098, 0.000682577374391, 0.000543402333278, 0.000419910735218, 0.000328818598064, 0.000256352388533, 0.000178904621862, 0.000119332085887, 6.4768071752e-05, 1.83332631423e-05, 7.28134036763e-05, 0.00016616783978], "mean": [0.0114644048735, 0.391345530748, 1.22733020782, 2.84697937965, 4.94573116302, 7.23550128937, 10.2113637924, 23.8301563263, 24.4576263428, 116.030952454, 49.9155654907, 7.54527711868, 8.44694328308, 3.54114627838, 11.7747449875, 4.88405513763, 1.82543385029, 1.48462951183, 0.999216496944, 0.806181967258, 0.526401758194, 0.110197521746, 0.0407727435231, 0.0293912794441, 0.004713232629, 0.00100614898838, 0.000302200292936, 0.000128323314129, 8.72805612744e-05, 7.54780921852e-05, 6.84121332597e-05, 6.07799083809e-05, 5.30911202077e-05, 4.46242374892e-05, 3.51744274667e-05, 2.44846905844e-05, 1.36239232233e-05, 4.33980585512e-06, 8.65561378305e-06, 1.85277403943e-05], "median": [0.001256050542, 0.0488064736128, 0.382812142372, 1.13566148281, 1.47330737114, 1.78761839867, 2.82087278366, 4.27449703217, 5.73756837845, 7.81470346451, 3.95341730118, 0.937267899513, 0.5543820858, 0.674274981022, 0.791973829269, 0.48094856739, 0.16157913208, 0.155928641558, 0.0730503350496, 0.038678266108, 0.0142778968439, 0.00308881723322, 0.000743918586522, 0.000292718643323, 0.000141471202369, 8.90644878382e-05, 7.550886221e-05, 6.17465993855e-05, 5.95573001192e-05, 5.6727694755e-05, 5.52503552171e-05, 5.0653667131e-05, 4.46506928711e-05, 3.78339755116e-05, 2.90852658509e-05, 1.9972147129e-05, 1.08482845462e-05, 3.8246234908e-06, 3.98884913011e-06, 7.67396977608e-06], "min": [6.33756260483e-22, 1.24853106851e-20, 3.03853068859e-20, 2.78764002333e-20, 8.98261211942e-20, 8.87282392638e-20, 1.44050556845e-19, 2.69943465269e-19, 2.66385037671e-19, 9.67362704167e-19, 1.01295110927e-18, 1.44924928112e-18, 1.85511961413e-18, 4.35669535264e-18, 4.69220890808e-18, 4.66425888877e-18, 6.87652034982e-18, 6.14883343493e-18, 3.36963582373e-18, 9.76393324428e-18, 7.16185878366e-18, 1.19826558131e-17, 1.44928677308e-17, 1.31375811008e-17, 1.58988067656e-17, 1.27021399914e-17, 1.95366660359e-17, 2.14310204809e-17, 1.46491271116e-17, 1.84724932148e-17, 1.6788611568e-17, 1.41569976605e-17, 1.57106479917e-17, 1.2363544361e-17, 8.7851750932e-18, 6.66949069098e-18, 3.47200376723e-18, 1.13578598266e-18, 3.0806571231e-19, 3.53501838629e-20], "var": [0.000722189550288, 0.664909005165, 4.44410181046, 19.299407959, 77.4915847778, 430.515930176, 367.487304688, 1879.1114502, 2244.31054688, 70645.09375, 19634.8808594, 1245.48571777, 3771.57104492, 86.5772476196, 1312.2166748, 306.939819336, 23.058265686, 21.6382293701, 43.311416626, 11.4999094009, 6.47777175903, 0.265467405319, 0.0814238488674, 0.0304685868323, 0.000533045153134, 2.07150005735e-05, 4.36958856653e-07, 8.09272364677e-08, 7.8597182096e-09, 3.39927086479e-09, 1.92259785869e-09, 1.23018106812e-09, 8.08088818083e-10, 5.1027115866e-10, 3.26565136044e-10, 1.7617983461e-10, 5.84967907447e-11, 3.07389942493e-12, 1.07472156174e-10, 5.91328763733e-10]}, "gfcc": {"mean": [-287.046417236, 234.872940063, -46.8477935791, -58.5061302185, -37.368522644, -7.83172702789, -34.718208313, -15.1919116974, -11.0818052292, -6.16241550446, -8.77780723572, -12.0377569199, -10.9167804718], "cov": [[10362.2216797, 4452.08056641, -2382.84643555, -1681.68713379, 1223.32861328, -1095.1862793, -358.988220215, 101.393234253, 722.839233398, 13.8166780472, 790.659240723, -83.6013793945, 100.018440247], [4452.08056641, 2644.7109375, -329.045654297, -743.830200195, 400.97177124, -264.108337402, -103.458580017, -140.178573608, 244.148269653, 24.2517776489, 317.346557617, -45.2738113403, 75.1291503906], [-2382.84643555, -329.045654297, 1600.33776855, 607.667236328, -447.471740723, 482.835235596, 278.340026855, -164.265884399, -275.303375244, 22.7633609772, -144.585693359, 37.0296478271, 11.7438488007], [-1681.68713379, -743.830200195, 607.667236328, 552.997558594, -96.8233337402, 221.689193726, 162.257247925, 35.2317276001, -142.672927856, -4.23813772202, -85.2932662964, 40.2666816711, -11.5742034912], [1223.32861328, 400.97177124, -447.471740723, -96.8233337402, 425.75112915, -50.1120605469, -47.2777252197, 43.4163703918, 125.202911377, -15.9049911499, 96.8880996704, 2.12656378746, 24.858247757], [-1095.1862793, -264.108337402, 482.835235596, 221.689193726, -50.1120605469, 360.247924805, 107.462654114, -97.8675308228, -107.436317444, 11.3687849045, -116.935401917, -2.02704930305, 7.04206800461], [-358.988220215, -103.458580017, 278.340026855, 162.257247925, -47.2777252197, 107.462654114, 168.903518677, 40.8616981506, -52.6791877747, 13.3601913452, 22.3035011292, 17.8816738129, -0.967613220215], [101.393234253, -140.178573608, -164.265884399, 35.2317276001, 43.4163703918, -97.8675308228, 40.8616981506, 163.858032227, 72.0791397095, -11.8261098862, 27.8195915222, 13.7386922836, -25.7055950165], [722.839233398, 244.148269653, -275.303375244, -142.672927856, 125.202911377, -107.436317444, -52.6791877747, 72.0791397095, 159.237106323, 39.3485183716, 51.8194236755, -14.029961586, -3.33748435974], [13.8166780472, 24.2517776489, 22.7633609772, -4.23813772202, -15.9049911499, 11.3687849045, 13.3601913452, -11.8261098862, 39.3485183716, 95.2568817139, 55.9849967957, 0.639090836048, 2.8174161911], [790.659240723, 317.346557617, -144.585693359, -85.2932662964, 96.8880996704, -116.935401917, 22.3035011292, 27.8195915222, 51.8194236755, 55.9849967957, 197.322723389, 60.0106964111, 18.6765098572], [-83.6013793945, -45.2738113403, 37.0296478271, 40.2666816711, 2.12656378746, -2.02704930305, 17.8816738129, 13.7386922836, -14.029961586, 0.639090836048, 60.0106964111, 73.1273193359, 22.9504070282], [100.018440247, 75.1291503906, 11.7438488007, -11.5742034912, 24.858247757, 7.04206800461, -0.967613220215, -25.7055950165, -3.33748435974, 2.8174161911, 18.6765098572, 22.9504070282, 50.5133247375]], "icov": [[0.00295682647265, -0.00481741363183, 0.00492870481685, -0.00400144187734, 0.00216448958963, 0.000471696141176, -0.00273568276316, 0.002692875918, -0.00415127212182, 0.00461968267336, -0.00413808180019, 0.0030811431352, -0.000967183324974], [-0.00481741363183, 0.0103782722726, -0.0115169547498, 0.0119621288031, -0.00824641808867, 0.00243036309257, 0.00295376800932, -0.00341875455342, 0.00692557729781, -0.00785247515887, 0.00646093161777, -0.00412261905149, 0.00193739775568], [0.00492870481685, -0.0115169547498, 0.0185254178941, -0.0209339205176, 0.0183182079345, -0.00893812812865, -0.00524867791682, 0.0118264425546, -0.0181526634842, 0.0197360701859, -0.0152794318274, 0.00920110661536, -0.00441538449377], [-0.00400144187734, 0.0119621288031, -0.0209339205176, 0.0309323798865, -0.0261064451188, 0.0143040791154, -0.000287551316433, -0.0144123407081, 0.026055675, -0.0287195835263, 0.0237207133323, -0.0162479504943, 0.00753469252959], [0.00216448958963, -0.00824641808867, 0.0183182079345, -0.0261064451188, 0.0319705083966, -0.0232346020639, 0.00715035991743, 0.00731805898249, -0.0265529770404, 0.0352764464915, -0.0337206944823, 0.0241603907198, -0.013125683181], [0.000471696141176, 0.00243036309257, -0.00893812812865, 0.0143040791154, -0.0232346020639, 0.0318860411644, -0.0228140894324, 0.0129001904279, 0.0100153023377, -0.0274217687547, 0.0378031171858, -0.0304685588926, 0.0159806665033], [-0.00273568276316, 0.00295376800932, -0.00524867791682, -0.000287551316433, 0.00715035991743, -0.0228140894324, 0.0406171828508, -0.0334890671074, 0.0157974995673, 0.00445120455697, -0.0267744455487, 0.0270245671272, -0.0160079393536], [0.002692875918, -0.00341875455342, 0.0118264425546, -0.0144123407081, 0.00731805898249, 0.0129001904279, -0.0334890671074, 0.051987182349, -0.0389083959162, 0.0204721726477, 0.00526204705238, -0.0153252631426, 0.0154200885445], [-0.00415127212182, 0.00692557729781, -0.0181526634842, 0.026055675, -0.0265529770404, 0.0100153023377, 0.0157974995673, -0.0389083959162, 0.0586508773267, -0.0494170226157, 0.0286992061883, -0.0137899843976, 0.00256884144619], [0.00461968267336, -0.00785247515887, 0.0197360701859, -0.0287195835263, 0.0352764464915, -0.0274217687547, 0.00445120455697, 0.0204721726477, -0.0494170226157, 0.0730251446366, -0.0604015551507, 0.044231902808, -0.0167729277164], [-0.00413808180019, 0.00646093161777, -0.0152794318274, 0.0237207133323, -0.0337206944823, 0.0378031171858, -0.0267744455487, 0.00526204705238, 0.0286992061883, -0.0604015551507, 0.0784633904696, -0.065291300416, 0.0269799903035], [0.0030811431352, -0.00412261905149, 0.00920110661536, -0.0162479504943, 0.0241603907198, -0.0304685588926, 0.0270245671272, -0.0153252631426, -0.0137899843976, 0.044231902808, -0.065291300416, 0.074878834188, -0.0340128913522], [-0.000967183324974, 0.00193739775568, -0.00441538449377, 0.00753469252959, -0.013125683181, 0.0159806665033, -0.0160079393536, 0.0154200885445, 0.00256884144619, -0.0167729277164, 0.0269799903035, -0.0340128913522, 0.0399385280907]]}, "melbands": {"dmean": [3.84111117455e-05, 0.000129113250296, 0.000116801165859, 0.000104448932689, 8.54699974298e-05, 0.000121660988952, 7.95204541646e-05, 0.000261654611677, 7.17733200872e-05, 1.03066622614e-05, 1.06195539047e-05, 2.76906052932e-06, 1.18906482385e-05, 5.19356899531e-06, 1.61802938692e-06, 1.02572812466e-06, 1.00507975276e-06, 5.30500301466e-07, 3.31828289291e-07, 5.2197867717e-07, 1.37416634516e-07, 5.04227912757e-08, 5.80503289882e-08, 6.21778850629e-09, 1.15843965531e-08, 1.36260014383e-09, 1.02739883268e-09, 1.45832193543e-10, 9.69136576545e-11, 4.41314242094e-11, 3.21778229062e-11, 2.24590190195e-11, 1.96720851414e-11, 1.63732517128e-11, 1.47577939452e-11, 1.33256799692e-11, 1.18253887585e-11, 1.09881782492e-11, 1.024269905e-11, 9.42017904654e-12], "dmean2": [6.0699388996e-05, 0.000203559888178, 0.000175508263055, 0.000146227612277, 0.000126899205497, 0.000185039782082, 0.000102398742456, 0.000320953375194, 8.72371674632e-05, 1.2795983821e-05, 1.07712603494e-05, 3.78372624255e-06, 1.36821845445e-05, 6.06186813457e-06, 2.15328509512e-06, 1.34672234253e-06, 1.38719724418e-06, 6.59428508243e-07, 4.37425853761e-07, 5.7250105101e-07, 1.577549682e-07, 6.69630537686e-08, 8.32518907146e-08, 7.89920484578e-09, 1.52007189058e-08, 2.22641305392e-09, 1.52467982684e-09, 2.212718897e-10, 1.41742423354e-10, 7.16710440996e-11, 5.23270558828e-11, 3.90062322719e-11, 3.43075463871e-11, 2.82908974025e-11, 2.56275452248e-11, 2.32151953911e-11, 2.06276176695e-11, 1.90763134456e-11, 1.7734102381e-11, 1.64415599191e-11], "dvar": [1.19535208398e-08, 9.72071489969e-08, 8.30743331903e-08, 1.34638497684e-07, 8.53167563264e-08, 1.00704944828e-07, 4.9206789754e-08, 1.01119258034e-06, 1.7718328138e-07, 7.50204964817e-09, 1.63694924282e-08, 2.02089289747e-10, 2.59228927213e-09, 5.29169430497e-10, 6.70422189986e-11, 1.86419664427e-11, 2.3761683593e-11, 4.14965319051e-11, 6.94521350153e-12, 1.21284241331e-11, 9.77233159845e-13, 7.41806721843e-14, 4.10775471797e-13, 4.53907338148e-15, 1.03619234504e-14, 1.17023636773e-16, 6.67060151182e-17, 6.34958313856e-19, 1.00983398253e-19, 1.3110562293e-20, 1.22501603622e-20, 1.62773321894e-21, 9.99685736568e-22, 5.72525104212e-22, 4.37370082813e-22, 3.21020874306e-22, 2.43480062996e-22, 1.97327560098e-22, 1.4937391736e-22, 1.1836012224e-22], "dvar2": [2.44610429689e-08, 2.42437778297e-07, 1.99615683982e-07, 2.29310543887e-07, 1.68210561924e-07, 2.14364632711e-07, 6.61863310825e-08, 1.55848101713e-06, 2.8778904948e-07, 1.24320553851e-08, 1.93494607004e-08, 4.10233402803e-10, 3.70616803913e-09, 7.57157558873e-10, 1.17532358845e-10, 2.94953783619e-11, 5.4450020881e-11, 8.43131398032e-11, 1.38618413623e-11, 1.92600102533e-11, 1.70149202887e-12, 1.58259527445e-13, 9.90348645105e-13, 9.61710112181e-15, 2.26192457505e-14, 3.26028884159e-16, 1.32274544398e-16, 1.13794120175e-18, 2.08137706047e-19, 2.68725858639e-20, 2.22725068461e-20, 4.50003014945e-21, 2.71113009798e-21, 1.76926561909e-21, 1.34761908659e-21, 9.94573413031e-22, 7.62508053738e-22, 6.16935019681e-22, 4.64023181067e-22, 3.66164342064e-22], "max": [0.00537182483822, 0.00938853621483, 0.00638892315328, 0.018576959148, 0.0103602139279, 0.00733909243718, 0.00639906618744, 0.026974324137, 0.0168783813715, 0.00291960779577, 0.00801393855363, 0.000405070226407, 0.00122115621343, 0.000569550320506, 0.000378818920581, 0.000122871060739, 0.000129644817207, 0.000302550266497, 0.000101164696389, 0.000124080484966, 3.84680897696e-05, 7.79610491008e-06, 2.4661740099e-05, 2.55886652667e-06, 4.08686082665e-06, 3.10743416776e-07, 3.17178091791e-07, 3.36995178429e-08, 6.09662720308e-09, 3.02989255907e-09, 3.83142584326e-09, 8.08770383998e-10, 5.14914499927e-10, 3.25594079476e-10, 2.85492574026e-10, 2.49891801696e-10, 2.07839578881e-10, 1.87286630648e-10, 1.68623476293e-10, 1.60940358263e-10], "mean": [0.000242781286943, 0.000637925521005, 0.000577105267439, 0.00041102495743, 0.000378853175789, 0.000548164476641, 0.000381684629247, 0.00133020454086, 0.000299173087114, 3.42447856383e-05, 4.05184655392e-05, 1.14750910143e-05, 3.67919928976e-05, 1.83432130143e-05, 6.35496598989e-06, 3.33161051458e-06, 2.76901801044e-06, 1.63364813943e-06, 9.48481215346e-07, 1.45618901115e-06, 3.80242681786e-07, 1.03853956546e-07, 8.85360265102e-08, 1.22266801128e-08, 2.80240008976e-08, 2.25289875644e-09, 2.0427306513e-09, 2.87410789612e-10, 1.96555716148e-10, 9.23461238034e-11, 5.95473254039e-11, 4.48571284284e-11, 4.12025795427e-11, 3.62165887557e-11, 3.45066579477e-11, 3.33127934959e-11, 3.09319583836e-11, 3.02745571668e-11, 2.97184915565e-11, 2.93167573551e-11], "median": [2.1971482056e-05, 0.000162657554029, 0.000230355479289, 0.000124279380543, 0.000118450130685, 9.25054991967e-05, 7.1565140388e-05, 8.30877324915e-05, 2.12577651837e-05, 2.99482144328e-06, 1.90585660675e-06, 1.35093341669e-06, 2.17049569073e-06, 1.21227913041e-06, 5.29085866674e-07, 1.2641200442e-07, 2.44481498157e-07, 9.84933166137e-08, 3.73741215753e-08, 2.53071572587e-08, 8.1457915968e-09, 2.32732189076e-09, 5.06709396664e-10, 3.51528639531e-10, 1.77356157538e-10, 9.17765724529e-11, 6.97346624889e-11, 4.90599019742e-11, 4.5406397392e-11, 3.8330758706e-11, 3.28546981287e-11, 3.17676301931e-11, 3.0408189855e-11, 2.90288452998e-11, 2.88326862385e-11, 2.82881808256e-11, 2.68889528698e-11, 2.68070218801e-11, 2.68180581908e-11, 2.6828640004e-11], "min": [1.02686087141e-23, 1.75688789924e-23, 6.49431949034e-24, 7.08185520394e-24, 4.97108035831e-24, 5.98139108571e-24, 4.2955026401e-24, 9.85227317192e-24, 9.96602928104e-24, 1.0515609741e-23, 8.83103829871e-24, 1.67369368154e-23, 1.24427811553e-23, 1.77523270181e-23, 1.0197133183e-23, 1.80830427532e-23, 9.73012042733e-24, 4.80003795912e-24, 8.29625765815e-24, 1.5473557143e-23, 6.59322450405e-24, 9.90499984597e-24, 1.94639169465e-23, 1.05455059916e-23, 1.07404059112e-23, 8.93642853793e-24, 1.19157715835e-23, 7.83723921892e-24, 1.15144196653e-23, 1.32268055543e-23, 1.14023146421e-23, 7.83276164442e-24, 9.68707465432e-24, 9.95965607378e-24, 9.821528107e-24, 7.99389752837e-24, 8.84990469612e-24, 1.2815523455e-23, 9.03949321519e-24, 9.94722835908e-24], "var": [2.94794233469e-07, 1.23999222978e-06, 7.15230839887e-07, 8.44633461838e-07, 4.77494893403e-07, 9.71093299995e-07, 6.4200213501e-07, 9.12081486604e-06, 9.35635398491e-07, 3.18656354636e-08, 9.2474707003e-08, 1.08286823952e-09, 1.09876889809e-08, 3.00470603953e-09, 6.48014197857e-10, 1.16332325717e-10, 9.5355355556e-11, 1.17531706589e-10, 2.65600510335e-11, 4.51496826037e-11, 3.36306286638e-12, 1.70353667154e-13, 6.10474669947e-13, 9.44307989686e-15, 2.99779867813e-14, 1.20104758823e-16, 1.46661465181e-16, 1.49224923128e-18, 2.2694400624e-19, 2.8981500607e-20, 2.269779885e-20, 2.04092417227e-21, 1.49002481256e-21, 6.31695882017e-22, 4.65369015637e-22, 3.48759975281e-22, 2.6029953675e-22, 2.05513071152e-22, 1.62945922136e-22, 1.26847684978e-22]}, "mfcc": {"mean": [-903.512817383, 231.928436279, 60.5815696716, -10.6751031876, -1.83919274807, 0.523353040218, -10.144156456, -11.8388156891, -7.22066116333, -4.46133756638, -3.48801374435, 0.108220048249, 4.23423862457], "cov": [[5366.96435547, 3867.38061523, -1148.86767578, -1121.54553223, 379.978515625, -31.1551952362, -530.135375977, -260.873687744, -71.8055801392, 28.0877380371, 167.899780273, 307.777648926, 415.258453369], [3867.38061523, 3087.36816406, -351.851501465, -728.695251465, 177.82472229, 82.1575164795, -263.904449463, -194.935714722, -75.1304779053, 1.29006409645, 96.1892776489, 201.671813965, 272.709503174], [-1148.86767578, -351.851501465, 1059.85412598, 483.378479004, -200.390563965, 130.345306396, 320.684753418, 98.1236495972, -20.4249000549, -47.2777748108, -59.7816963196, -74.6808853149, -107.516326904], [-1121.54553223, -728.695251465, 483.378479004, 506.359893799, 15.1727685928, -5.40666770935, 183.729827881, 157.423828125, 24.3662109375, -27.7544078827, -7.9533572197, -10.870891571, -38.664264679], [379.978515625, 177.82472229, -200.390563965, 15.1727685928, 232.139923096, 88.0551071167, -25.3120040894, 18.5602645874, 34.8974647522, 23.3910198212, 40.9838371277, 68.5917892456, 64.053604126], [-31.1551952362, 82.1575164795, 130.345306396, -5.40666770935, 88.0551071167, 262.919708252, 150.438201904, -6.92806625366, 10.2262592316, 29.4566421509, -0.736429750919, -18.3023605347, -39.547039032], [-530.135375977, -263.904449463, 320.684753418, 183.729827881, -25.3120040894, 150.438201904, 257.089019775, 117.835021973, 1.45787596703, -9.86098384857, -7.66249656677, -39.6267623901, -61.4982757568], [-260.873687744, -194.935714722, 98.1236495972, 157.423828125, 18.5602645874, -6.92806625366, 117.835021973, 147.898254395, 43.7191963196, -15.1612281799, 5.41190624237, 17.6514587402, 16.2997913361], [-71.8055801392, -75.1304779053, -20.4249000549, 24.3662109375, 34.8974647522, 10.2262592316, 1.45787596703, 43.7191963196, 75.6998291016, 45.9851989746, 6.36585760117, 4.75904607773, 10.9263248444], [28.0877380371, 1.29006409645, -47.2777748108, -27.7544078827, 23.3910198212, 29.4566421509, -9.86098384857, -15.1612281799, 45.9851989746, 85.7773590088, 42.5162086487, -14.1847639084, -21.5445785522], [167.899780273, 96.1892776489, -59.7816963196, -7.9533572197, 40.9838371277, -0.736429750919, -7.66249656677, 5.41190624237, 6.36585760117, 42.5162086487, 74.9280090332, 57.750087738, 30.4534702301], [307.777648926, 201.671813965, -74.6808853149, -10.870891571, 68.5917892456, -18.3023605347, -39.6267623901, 17.6514587402, 4.75904607773, -14.1847639084, 57.750087738, 148.342758179, 140.479431152], [415.258453369, 272.709503174, -107.516326904, -38.664264679, 64.053604126, -39.547039032, -61.4982757568, 16.2997913361, 10.9263248444, -21.5445785522, 30.4534702301, 140.479431152, 191.234054565]], "icov": [[-176.636199951, 238.486038208, -206.893295288, 161.403823853, -110.711860657, 63.5690193176, -26.5647392273, 2.63534188271, 8.7501115799, -10.7418613434, 7.88579130173, -3.90840435028, 1.14573955536], [238.486038208, -320.718109131, 274.64541626, -208.735992432, 136.112319946, -69.8218688965, 19.4661235809, 11.0657320023, -23.1466655731, 21.9839992523, -14.7251853943, 6.96573877335, -1.98060905933], [-206.893295288, 274.64541626, -225.048751831, 155.214660645, -80.4071960449, 15.4231424332, 29.4101886749, -50.9203300476, 52.1342163086, -40.2504882812, 24.3306922913, -10.8335971832, 2.94784665108], [161.403823853, -208.735992432, 155.214660645, -81.2019882202, 4.57875347137, 57.7521934509, -94.6243667603, 103.819099426, -90.4972686768, 64.4008560181, -37.0338745117, 15.95586586, -4.23414611816], [-110.711860657, 136.112319946, -80.4071960449, 4.57875347137, 71.5271453857, -129.391464233, 157.333496094, -154.087097168, 126.683906555, -87.104927063, 48.9711456299, -20.7842845917, 5.45489215851], [63.5690193176, -69.8218688965, 15.4231424332, 57.7521934509, -129.391464233, 180.695037842, -200.118453979, 187.154525757, -149.889007568, 101.432739258, -56.4440574646, 23.7992229462, -6.22378015518], [-26.5647392273, 19.4661235809, 29.4101886749, -94.6243667603, 157.333496094, -200.118453979, 212.470504761, -194.315917969, 153.66494751, -103.256019592, 57.2439193726, -24.1048355103, 6.31422567368], [2.63534188271, 11.0657320023, -50.9203300476, 103.819099426, -154.087097168, 187.154525757, -194.315917969, 175.690216064, -138.137786865, 92.6331100464, -51.3772392273, 21.684923172, -5.70982789993], [8.7501115799, -23.1466655731, 52.1342163086, -90.4972686768, 126.683906555, -149.889007568, 153.66494751, -138.137786865, 108.441558838, -72.7967453003, 40.5057868958, -17.1795597076, 4.5553393364], [-10.7418613434, 21.9839992523, -40.2504882812, 64.4008560181, -87.104927063, 101.432739258, -103.256019592, 92.6331100464, -72.7967453003, 49.0640563965, -27.4634647369, 11.7397193909, -3.14668679237], [7.88579130173, -14.7251853943, 24.3306922913, -37.0338745117, 48.9711456299, -56.4440574646, 57.2439193726, -51.3772392273, 40.5057868958, -27.4634647369, 15.5221271515, -6.70919942856, 1.82768905163], [-3.90840435028, 6.96573877335, -10.8335971832, 15.95586586, -20.7842845917, 23.7992229462, -24.1048355103, 21.684923172, -17.1795597076, 11.7397193909, -6.70919942856, 2.96017742157, -0.83013099432], [1.14573955536, -1.98060905933, 2.94784665108, -4.23414611816, 5.45489215851, -6.22378015518, 6.31422567368, -5.70982789993, 4.5553393364, -3.14668679237, 1.82768905163, -0.83013099432, 0.250057190657]]}, "spectral_contrast_coeffs": {"dmean": [0.0310443527997, 0.0253532100469, 0.020623812452, 0.020138150081, 0.0142168505117, 0.0144593287259], "dmean2": [0.0511475391686, 0.0408372879028, 0.0315221771598, 0.0318545550108, 0.021988928318, 0.0252005457878], "dvar": [0.000728457875084, 0.000727440870833, 0.000581125728786, 0.000605408218689, 0.000259993190411, 0.00024164954084], "dvar2": [0.0020168882329, 0.0017473428743, 0.0012847481994, 0.00133262376767, 0.000479426729726, 0.000722811906599], "max": [-0.278411597013, -0.315345942974, -0.424372464418, -0.527626514435, -0.6023914814, -0.788606822491], "mean": [-0.590451359749, -0.635039448738, -0.705918967724, -0.719866991043, -0.828844130039, -0.897468626499], "median": [-0.603940725327, -0.642267107964, -0.705214500427, -0.716943740845, -0.841135263443, -0.894991695881], "min": [-0.954877436161, -0.979898035526, -0.968393802643, -0.963082849979, -0.959820628166, -0.960463583469], "var": [0.00829530134797, 0.0175448376685, 0.00667174113914, 0.00631238520145, 0.00532050197944, 0.000282306689769]}, "spectral_contrast_valleys": {"dmean": [0.344440430403, 0.250630646944, 0.238214731216, 0.258997380733, 0.181462332606, 0.314775079489], "dmean2": [0.574317038059, 0.39896890521, 0.370757043362, 0.410228729248, 0.291036039591, 0.549829363823], "dvar": [0.16418863833, 0.183769375086, 0.193939298391, 0.220508545637, 0.124560892582, 0.205035418272], "dvar2": [0.320206254721, 0.285212308168, 0.300389558077, 0.366562098265, 0.170624226332, 0.479340434074], "max": [-5.43246364594, -4.87411832809, -6.58785629272, -7.17994451523, -9.80941200256, -12.3174619675], "mean": [-8.64136886597, -7.97126483917, -9.68385601044, -11.4790935516, -12.6642942429, -14.3316841125], "median": [-8.21079158783, -7.78