{"lowlevel": {"average_loudness": 0.836064040661, "barkbands_crest": {"dmean": 2.03684592247, "dmean2": 3.11437296867, "dvar": 6.21458959579, "dvar2": 14.4228715897, "max": 26.3801212311, "mean": 11.7839622498, "median": 11.3332014084, "min": 2.17735958099, "var": 16.7078475952}, "barkbands_flatness_db": {"dmean": 0.0383988469839, "dmean2": 0.0500396564603, "dvar": 0.00179461960215, "dvar2": 0.00354416598566, "max": 0.721159219742, "mean": 0.245679482818, "median": 0.230655238032, "min": 0.0228515192866, "var": 0.012783203274}, "barkbands_kurtosis": {"dmean": 9.10847949982, "dmean2": 14.0201272964, "dvar": 629.737548828, "dvar2": 1510.63891602, "max": 681.845825195, "mean": 15.4375095367, "median": 8.25120925903, "min": -1.98189485073, "var": 819.008300781}, "barkbands_skewness": {"dmean": 0.875362694263, "dmean2": 1.27079749107, "dvar": 1.71704280376, "dvar2": 3.81019210815, "max": 24.9948596954, "mean": 2.57220101357, "median": 2.29666376114, "min": -12.101140976, "var": 3.73614549637}, "barkbands_spread": {"dmean": 7.248046875, "dmean2": 11.0223302841, "dvar": 156.92098999, "dvar2": 353.097595215, "max": 99.5986633301, "mean": 13.9374017715, "median": 7.47378015518, "min": 0.347538232803, "var": 273.876342773}, "dissonance": {"dmean": 0.0272056143731, "dmean2": 0.0422526448965, "dvar": 0.000856082770042, "dvar2": 0.00186144222971, "max": 0.499968588352, "mean": 0.401838690042, "median": 0.415780454874, "min": 0.0928085371852, "var": 0.00484883924946}, "dynamic_complexity": 3.09698796272, "erbbands_crest": {"dmean": 2.36716985703, "dmean2": 3.53877019882, "dvar": 6.23116445541, "dvar2": 14.7335042953, "max": 33.5651435852, "mean": 11.9607820511, "median": 11.2676963806, "min": 2.46231126785, "var": 22.5469150543}, "erbbands_flatness_db": {"dmean": 0.0310942735523, "dmean2": 0.0404837653041, "dvar": 0.00118799554184, "dvar2": 0.00223979447037, "max": 0.610131323338, "mean": 0.226290211082, "median": 0.213123619556, "min": 0.0606546364725, "var": 0.00946629513055}, "erbbands_kurtosis": {"dmean": 2.68238902092, "dmean2": 3.76840186119, "dvar": 27.9200782776, "dvar2": 58.3590011597, "max": 95.9617996216, "mean": 5.14113664627, "median": 1.77749919891, "min": -1.92315328121, "var": 87.7389831543}, "erbbands_skewness": {"dmean": 0.546506166458, "dmean2": 0.779418826103, "dvar": 0.452981263399, "dvar2": 0.975342035294, "max": 9.0228395462, "mean": 1.44425177574, "median": 1.31920862198, "min": -8.29153823853, "var": 1.88017117977}, "erbbands_spread": {"dmean": 10.7475862503, "dmean2": 15.8363742828, "dvar": 242.09513855, "dvar2": 565.64831543, "max": 216.213943481, "mean": 30.4551086426, "median": 25.6875190735, "min": 1.14709126949, "var": 513.92980957}, "hfc": {"dmean": 15.9844532013, "dmean2": 23.5795993805, "dvar": 1386.65649414, "dvar2": 3140.4855957, "max": 337.639221191, "mean": 22.0669784546, "median": 9.1911611557, "min": 1.19593627379e-16, "var": 1632.57653809}, "melbands_crest": {"dmean": 2.38889360428, "dmean2": 3.64724755287, "dvar": 7.67457103729, "dvar2": 17.5728778839, "max": 34.5709533691, "mean": 15.7158136368, "median": 14.9529600143, "min": 1.56417953968, "var": 29.3949394226}, "melbands_flatness_db": {"dmean": 0.0439780503511, "dmean2": 0.0567427240312, "dvar": 0.00246242713183, "dvar2": 0.00491478852928, "max": 0.913636028767, "mean": 0.321282148361, "median": 0.309241205454, "min": 0.00279736868106, "var": 0.0170500949025}, "melbands_kurtosis": {"dmean": 14.7088747025, "dmean2": 22.2827186584, "dvar": 1475.46655273, "dvar2": 3140.82495117, "max": 962.49029541, "mean": 26.4411144257, "median": 13.6800441742, "min": -1.92358255386, "var": 2203.03100586}, "melbands_skewness": {"dmean": 0.902075350285, "dmean2": 1.30378985405, "dvar": 1.70218288898, "dvar2": 3.39646601677, "max": 22.0845623016, "mean": 3.17518544197, "median": 2.70161437988, "min": -1.29986155033, "var": 4.18497228622}, "melbands_spread": {"dmean": 5.71313476562, "dmean2": 9.17276287079, "dvar": 166.173751831, "dvar2": 402.119873047, "max": 274.933654785, "mean": 12.0230503082, "median": 6.44464540482, "min": 0.328890025616, "var": 339.635986328}, "pitch_salience": {"dmean": 0.061972618103, "dmean2": 0.0947922840714, "dvar": 0.00619387673214, "dvar2": 0.014174262993, "max": 0.968663990498, "mean": 0.524676024914, "median": 0.524998426437, "min": 0.0442735850811, "var": 0.016116540879}, "silence_rate_20dB": {"dmean": 0.00793319381773, "dmean2": 0.0158697012812, "dvar": 0.00787014700472, "dvar2": 0.0235526878387, "max": 1, "mean": 0.99603420496, "median": 1, "min": 0, "var": 0.0039499704726}, "silence_rate_30dB": {"dmean": 0.0200417544693, "dmean2": 0.0400918759406, "dvar": 0.0196403060108, "dvar2": 0.039736893028, "max": 1, "mean": 0.972239613533, "median": 1, "min": 0, "var": 0.0269899629056}, "silence_rate_60dB": {"dmean": 0.031315241009, "dmean2": 0.0626435577869, "dvar": 0.0303328707814, "dvar2": 0.0649900436401, "max": 1, "mean": 0.094134837389, "median": 0, "min": 0, "var": 0.0852658078074}, "spectral_centroid": {"dmean": 259.138763428, "dmean2": 411.132232666, "dvar": 250740.703125, "dvar2": 589391.375, "max": 10288.8828125, "mean": 741.190490723, "median": 513.17578125, "min": 117.25428009, "var": 425667.03125}, "spectral_complexity": {"dmean": 3.07348632812, "dmean2": 4.43307590485, "dvar": 33.1146430969, "dvar2": 58.6122894287, "max": 62, "mean": 10.7380504608, "median": 9, "min": 0, "var": 75.6699066162}, "spectral_decrease": {"dmean": 3.12762460375e-09, "dmean2": 4.77685668798e-09, "dvar": 1.20644543804e-16, "dvar2": 2.6095870142e-16, "max": 6.31609625712e-11, "mean": -8.1574142996e-09, "median": -6.0229883303e-09, "min": -1.28509256569e-07, "var": 1.42230649069e-16}, "spectral_energy": {"dmean": 0.0128170112148, "dmean2": 0.0194990076125, "dvar": 0.00176868599374, "dvar2": 0.00380100659095, "max": 0.489638090134, "mean": 0.0327894389629, "median": 0.0241176504642, "min": 1.0610645575e-20, "var": 0.00211890530773}, "spectral_energyband_high": {"dmean": 0.00127538887318, "dmean2": 0.00196044123732, "dvar": 1.07201212813e-05, "dvar2": 2.50537232205e-05, "max": 0.0299869012088, "mean": 0.00119760411326, "median": 6.44273241051e-05, "min": 7.37427234785e-21, "var": 1.14700051199e-05}, "spectral_energyband_low": {"dmean": 0.00756378797814, "dmean2": 0.0121010970324, "dvar": 0.00175771734212, "dvar2": 0.00391417834908, "max": 0.480094462633, "mean": 0.0131257837638, "median": 0.00185151805636, "min": 7.57941912249e-23, "var": 0.00182583089918}, "spectral_energyband_middle_high": {"dmean": 0.00127542845439, "dmean2": 0.00193175324239, "dvar": 1.00878460216e-05, "dvar2": 2.24994146265e-05, "max": 0.0383797511458, "mean": 0.00201012124307, "median": 0.000940272177104, "min": 1.68343523019e-21, "var": 1.29603440655e-05}, "spectral_energyband_middle_low": {"dmean": 0.00518014561385, "dmean2": 0.00800383184105, "dvar": 7.54070133553e-05, "dvar2": 0.000182903037057, "max": 0.116192474961, "mean": 0.0171245206147, "median": 0.0162150915712, "min": 2.26743892953e-22, "var": 0.00018303815159}, "spectral_entropy": {"dmean": 0.373775541782, "dmean2": 0.487198650837, "dvar": 0.207221016288, "dvar2": 0.376311719418, "max": 9.79049491882, "mean": 6.53571653366, "median": 6.54770803452, "min": 3.44560837746, "var": 1.0423630476}, "spectral_flux": {"dmean": 0.0334591083229, "dmean2": 0.0468859747052, "dvar": 0.00304087786935, "dvar2": 0.0056985495612, "max": 0.600611746311, "mean": 0.0634324923158, "median": 0.0346223115921, "min": 1.03007991026e-10, "var": 0.00635739509016}, "spectral_kurtosis": {"dmean": 12.7770738602, "dmean2": 20.7688617706, "dvar": 1826.27600098, "dvar2": 5282.60546875, "max": 1053.97668457, "mean": 27.4937896729, "median": 8.61626529694, "min": -1.58303582668, "var": 5953.16015625}, "spectral_rms": {"dmean": 0.000833893893287, "dmean2": 0.00120164488908, "dvar": 2.85810142486e-06, "dvar2": 5.32440390089e-06, "max": 0.0218562502414, "mean": 0.00497757224366, "median": 0.00485071307048, "min": 3.21742892745e-12, "var": 7.21342485122e-06}, "spectral_rolloff": {"dmean": 846.412597656, "dmean2": 1486.37939453, "dvar": 4966105, "dvar2": 11734776, "max": 19186.0839844, "mean": 1361.45373535, "median": 473.73046875, "min": 64.599609375, "var": 7880329.5}, "spectral_skewness": {"dmean": 0.705798149109, "dmean2": 1.06926631927, "dvar": 1.05858695507, "dvar2": 2.5562608242, "max": 24.322555542, "mean": 3.16971564293, "median": 2.38998389244, "min": -0.441591888666, "var": 8.81828594208}, "spectral_spread": {"dmean": 1289009.125, "dmean2": 1795063.5, "dvar": 3115651694590.0, "dvar2": 6557116399620.0, "max": 38667816, "mean": 4295353, "median": 3541341, "min": 119826.390625, "var": 7450462257150.0}, "spectral_strongpeak": {"dmean": 0.392082005739, "dmean2": 0.688263654709, "dvar": 2.80053257942, "dvar2": 8.1122751236, "max": 39.5068664551, "mean": 0.986847817898, "median": 0.835994184017, "min": 0, "var": 1.86838197708}, "zerocrossingrate": {"dmean": 0.0167159363627, "dmean2": 0.0190979242325, "dvar": 0.000612950592767, "dvar2": 0.000806254916824, "max": 0.548828125, "mean": 0.0523026585579, "median": 0.02978515625, "min": 0.001953125, "var": 0.00416451646015}, "barkbands": {"dmean": [0.000134946851176, 0.00650987727568, 0.001995483879, 0.000599285471253, 0.00208228663541, 0.00161413114984, 0.00200283108279, 0.000723198521882, 0.000155580331921, 0.00018039625138, 0.000128859450342, 0.00015636178432, 8.615556726e-05, 0.000105401093606, 0.000137531751534, 0.000359643774573, 0.000159749892191, 0.00012434645032, 0.000132125322125, 0.00011097042443, 0.000214185449295, 0.00012974452693, 0.000111051107524, 9.71555055003e-05, 0.000169182065292, 0.000556666229386, 1.89933762158e-05], "dmean2": [0.000199746908038, 0.0106786843389, 0.00367945036851, 0.00108688871842, 0.00331803713925, 0.00242446293123, 0.003054109402, 0.00101716595236, 0.000251152872806, 0.000279502593912, 0.000204850555747, 0.000249060685746, 0.000129206528072, 0.000156971713295, 0.000210864178371, 0.000589585513808, 0.000265827984549, 0.000214545114432, 0.000227903321502, 0.000199660469661, 0.000383068603696, 0.000214606916416, 0.000167387537658, 0.000154724722961, 0.000258691288764, 0.000873332610354, 3.29172908096e-05], "dvar": [6.24266135674e-07, 0.00147722882684, 0.000140868563903, 8.39248878037e-06, 1.44020605148e-05, 8.48407034937e-06, 1.79729049705e-05, 1.78431582754e-06, 2.13169357721e-07, 2.67294524292e-07, 1.45086687553e-07, 2.82579776467e-07, 1.09153823757e-07, 1.37517176313e-07, 1.84711154816e-07, 1.74445801804e-06, 2.82646340111e-07, 1.97462483698e-07, 1.70586886838e-07, 1.29705213681e-07, 5.2249009741e-07, 1.831435128e-07, 1.2459291554e-07, 5.63717748037e-08, 2.1143054596e-07, 2.50764560406e-06, 5.76977177147e-09], "dvar2": [1.33445723804e-06, 0.00358540564775, 0.000411469227402, 2.46525796683e-05, 3.40656406479e-05, 1.81020586751e-05, 4.54672590422e-05, 4.07153811466e-06, 5.42197483355e-07, 6.47003730592e-07, 3.67803522749e-07, 7.50689025608e-07, 2.51146843766e-07, 2.79698582517e-07, 4.33831559121e-07, 4.07999004892e-06, 7.24024516785e-07, 5.48881018858e-07, 4.7048547458e-07, 3.67620373254e-07, 1.43723673318e-06, 4.637002462e-07, 2.77814535821e-07, 1.22091350363e-07, 4.66830385903e-07, 6.19835418547e-06, 1.55004258318e-08], "max": [0.0179107636213, 0.428754031658, 0.140258580446, 0.0403420589864, 0.0798043832183, 0.0731308236718, 0.0451052300632, 0.0234453938901, 0.00614362489432, 0.0147868404165, 0.00689828395844, 0.00794481020421, 0.00664103869349, 0.00744322082028, 0.00776154687628, 0.0165617596358, 0.0101252608001, 0.00638509262353, 0.00520000839606, 0.00550056993961, 0.00646619219333, 0.00424417061731, 0.00543216103688, 0.00273927580565, 0.00386376352981, 0.0152279604226, 0.000956491159741], "mean": [0.000126321494463, 0.00890338420868, 0.00352747715078, 0.000925256172195, 0.00523965340108, 0.00569499842823, 0.00322178914212, 0.00164412520826, 0.000208773257327, 0.000300097453874, 0.000191747836652, 0.000234331178945, 0.000152766922838, 0.00019363105821, 0.000202557799639, 0.000354587042239, 0.000199605725356, 0.000102795842395, 0.000122580953757, 8.79895087564e-05, 0.000158441369422, 0.000114340604341, 0.000113301051897, 0.000102168349258, 0.000155259447638, 0.000498230569065, 1.33014918902e-05], "median": [4.96733662203e-07, 0.000167101447005, 0.000294499477604, 0.00019546567637, 0.00380618614145, 0.00361377722584, 0.00124389491975, 0.000688169151545, 5.73158795305e-05, 0.000100647586805, 5.08976590936e-05, 3.65130108548e-05, 3.30109178321e-05, 2.60634460574e-05, 2.37759413722e-05, 2.04992866202e-05, 2.79018877336e-05, 1.57938175107e-05, 1.74483557203e-05, 9.81571247394e-06, 9.62736248766e-06, 6.7096220846e-06, 4.2765186663e-06, 2.13764155887e-06, 1.71089175183e-06, 2.81284610537e-06, 5.09494206824e-08], "min": [1.88687955464e-23, 4.87885699647e-23, 1.34639828963e-23, 3.70384907257e-24, 6.03557478585e-23, 2.58172117728e-23, 2.70617092705e-23, 7.41670109911e-23, 2.93793636774e-23, 8.41435455328e-23, 7.71254791994e-23, 1.91823141137e-22, 8.60089491382e-23, 4.95489529912e-23, 1.47853460541e-22, 1.5130863344e-22, 1.0759883518e-22, 1.87061273791e-22, 4.44941683377e-22, 2.72037686045e-22, 3.04987535154e-22, 5.67324933125e-22, 6.22271758368e-22, 8.7503672684e-22, 1.04884108583e-21, 1.82399747027e-21, 2.37336696994e-21], "var": [7.01211376963e-07, 0.00130184995942, 9.79190008366e-05, 5.89468072576e-06, 3.71062305931e-05, 4.31443586422e-05, 2.50243720075e-05, 5.77333139518e-06, 2.4289920475e-07, 4.58263087921e-07, 1.72046981106e-07, 3.70202315025e-07, 1.9420340891e-07, 3.37412046747e-07, 3.34583234007e-07, 1.62695744166e-06, 4.22643353204e-07, 1.31402373427e-07, 1.33627196419e-07, 8.4935805944e-08, 3.58256954769e-07, 1.59579869319e-07, 1.45688815678e-07, 7.75038557776e-08, 2.25355890393e-07, 2.4399009817e-06, 4.02033606406e-09]}, "erbbands": {"dmean": [0.145754486322, 1.62956166267, 2.71615290642, 1.94212281704, 3.27989411354, 6.10005521774, 16.8236351013, 12.0090341568, 25.9282073975, 25.7049732208, 9.33012580872, 3.98283815384, 6.16777896881, 3.71628642082, 5.59996080399, 7.30805492401, 4.47817277908, 5.70000267029, 6.1450843811, 10.4591646194, 18.775188446, 8.50638198853, 6.22985935211, 7.48166322708, 6.57025241852, 4.94822359085, 7.0962805748, 9.17952632904, 4.58150911331, 3.45286202431, 2.88479065895, 2.26486182213, 1.89631617069, 2.258872509, 1.58051860332, 3.99626040459, 0.36574870348, 0.0309913326055, 0.00336684868671, 0.00016750737268], "dmean2": [0.230147495866, 2.73434901237, 4.75421762466, 3.54485177994, 5.32008123398, 9.75273513794, 26.5002384186, 18.331489563, 37.8300895691, 40.0674476624, 13.6707038879, 6.16709899902, 9.59797954559, 5.95094537735, 8.82647609711, 11.4755516052, 6.69135904312, 8.49836826324, 9.12862682343, 16.7975845337, 30.8305873871, 14.0643892288, 10.5589265823, 13.0054416656, 11.4577465057, 8.8533449173, 12.6681699753, 16.4883480072, 7.52074670792, 5.75668144226, 4.33138990402, 3.33306646347, 3.06012368202, 3.52464795113, 2.3823621273, 6.26315975189, 0.583192169666, 0.0509433634579, 0.00576735055074, 0.000271674187388], "dvar": [0.740092098713, 95.7024154663, 245.272476196, 116.806274414, 115.143669128, 138.55519104, 939.753662109, 493.453613281, 3169.95410156, 2459.99902344, 346.164459229, 138.55770874, 389.989044189, 113.03842926, 219.99269104, 607.457214355, 268.599365234, 404.139282227, 406.674682617, 1233.73669434, 4509.88574219, 790.253295898, 430.202606201, 591.957824707, 417.034057617, 233.163467407, 534.665161133, 1079.13696289, 211.894073486, 133.438690186, 82.2165603638, 32.2124328613, 27.5397605896, 45.7177124023, 15.9298248291, 137.189712524, 1.43040835857, 0.0119264852256, 0.000159961768077, 3.67626142861e-07], "dvar2": [1.78701150417, 238.715835571, 672.309143066, 341.910491943, 282.322662354, 320.158905029, 2242.78588867, 1126.72546387, 7677.72460938, 6477.2109375, 835.512939453, 348.475372314, 947.653686523, 290.199554443, 552.262084961, 1601.82446289, 624.861572266, 841.325744629, 930.619445801, 2865.92749023, 10371.3222656, 2028.20422363, 1173.10131836, 1638.69763184, 1154.44128418, 659.890441895, 1459.78259277, 2985.96801758, 518.60144043, 341.375091553, 182.471343994, 59.3014183044, 66.6420135498, 101.641731262, 36.5588188171, 340.215301514, 3.57822322845, 0.0308632738888, 0.000434010493336, 9.59874682849e-07], "max": [10.1136426926, 108.122840881, 186.031738281, 145.004882812, 182.615371704, 312.534912109, 808.630615234, 612.516967773, 1002.55218506, 478.155181885, 621.447509766, 177.82989502, 567.82043457, 168.301437378, 239.24319458, 411.127288818, 336.432830811, 368.574523926, 450.657745361, 525.529968262, 686.721435547, 446.674468994, 340.646911621, 362.859680176, 299.251220703, 231.166732788, 236.563827515, 337.522766113, 146.827178955, 124.128463745, 144.086654663, 71.2131500244, 95.9565353394, 72.7096252441, 36.2189826965, 119.025794983, 11.9202022552, 1.1840429306, 0.131592601538, 0.00812458992004], "mean": [0.164319694042, 2.27046203613, 4.83815908432, 3.53025531769, 5.13883686066, 16.5957698822, 51.3953514099, 38.2972831726, 54.2478179932, 45.9886856079, 19.7548847198, 6.41291761398, 9.96542167664, 5.65127468109, 8.8699426651, 11.9186916351, 8.32540035248, 10.8433990479, 10.5339546204, 12.4551067352, 18.4734668732, 9.78229236603, 6.11449289322, 6.46963310242, 5.75261306763, 4.15808439255, 5.63249206543, 6.48861122131, 4.16818237305, 3.0214214325, 2.99775004387, 2.49138998985, 1.77837657928, 2.09296059608, 1.46476066113, 3.57757878304, 0.315114736557, 0.0243551824242, 0.00244428706355, 0.000156374735525], "median": [0.00468631833792, 0.180561438203, 0.523235619068, 0.884141266346, 1.61957895756, 9.52704715729, 35.4211006165, 29.1659870148, 25.893989563, 27.8988037109, 10.1738672256, 2.4838745594, 2.89235424995, 2.24493646622, 2.61074638367, 2.18411397934, 2.38312029839, 1.86305904388, 1.5972019434, 1.53966355324, 1.48833727837, 1.51240563393, 1.15687227249, 0.812501192093, 0.846272408962, 0.592355430126, 0.469927191734, 0.298032045364, 0.246226906776, 0.117318749428, 0.119188375771, 0.0811847820878, 0.0306875165552, 0.0227641649544, 0.0182656217366, 0.0203479472548, 0.00260789692402, 0.00018276560877, 2.79623272945e-05, 3.27992056555e-05], "min": [1.28820627364e-21, 1.15756761598e-20, 1.97686456721e-20, 1.19396081643e-20, 4.18557881284e-20, 3.40522314993e-19, 1.30536687458e-19, 2.58260547243e-19, 4.2655072721e-19, 4.81191693536e-19, 2.00324284642e-18, 7.3480077155e-19, 1.17577137649e-18, 4.20824703837e-18, 3.32214304206e-18, 8.22894907081e-18, 3.66020720892e-18, 2.92178535084e-18, 7.04460510465e-18, 8.0660730723e-18, 6.62209365547e-18, 7.10827402358e-18, 9.93872229797e-18, 2.03086786647e-17, 1.83653832516e-17, 1.1394316985e-17, 1.42759875916e-17, 1.16626097079e-17, 2.03430116232e-17, 1.82247575844e-17, 1.68992089246e-17, 2.04634788989e-17, 1.29719141949e-17, 1.28562966791e-17, 7.04178938184e-18, 6.20869442791e-18, 2.83692178987e-18, 1.43349428218e-18, 3.28630327067e-19, 3.69463354836e-20], "var": [0.678932726383, 78.68800354, 191.056610107, 89.3317489624, 164.508163452, 486.050811768, 3381.57910156, 1905.5189209, 6626.59228516, 3253.24829102, 941.535461426, 175.044403076, 650.976928711, 122.015357971, 297.399261475, 878.504577637, 471.778869629, 978.363830566, 917.082336426, 1403.65039062, 4196.37841797, 858.207336426, 359.535858154, 415.938323975, 331.044525146, 159.062545776, 386.756835938, 710.444396973, 197.780807495, 116.927314758, 97.8396072388, 50.4275054932, 28.4988651276, 47.0960350037, 17.293384552, 132.082962036, 1.30091440678, 0.00948378816247, 0.000111650246254, 2.89033295076e-07]}, "gfcc": {"mean": [-88.9781646729, 110.294197083, -93.8321304321, 3.31480789185, -69.282913208, -16.1681613922, -52.6405105591, -3.98058247566, -24.7799396515, 7.98824310303, -9.73525333405, 5.82490682602, -6.13867950439], "cov": [[26307.4023438, -2257.88696289, 763.29284668, 2362.14111328, 220.432022095, 1494.38366699, -274.85369873, 1278.94836426, -358.538299561, 843.547302246, -581.958129883, 301.556152344, -870.247680664], [-2257.88696289, 4227.34667969, 376.015289307, -41.5772132874, 695.434265137, -259.568817139, 653.064758301, -608.308898926, 292.235412598, -240.261566162, 459.010131836, -335.599700928, 208.542785645], [763.29284668, 376.015289307, 1632.75061035, 169.137771606, 501.805480957, 513.714660645, 193.106582642, 232.155395508, -44.1093177795, 196.817092896, 50.3741416931, 40.194694519, -127.329452515], [2362.14111328, -41.5772132874, 169.137771606, 1110.01635742, 530.374084473, 462.344482422, 349.616821289, 257.32611084, 132.838150024, 143.470626831, 10.4385576248, -61.0614814758, -115.928863525], [220.432022095, 695.434265137, 501.805480957, 530.374084473, 974.392822266, 573.384094238, 404.354705811, 113.853637695, 106.405654907, 158.106582642, 11.4848861694, -115.779212952, -117.8777771], [1494.38366699, -259.568817139, 513.714660645, 462.344482422, 573.384094238, 728.110412598, 220.955535889, 234.73210144, -3.08261084557, 198.963607788, -51.0918655396, -21.3614025116, -171.967269897], [-274.85369873, 653.064758301, 193.106582642, 349.616821289, 404.354705811, 220.955535889, 473.948547363, 23.488117218, 81.0849456787, 0.365685641766, 111.20526886, -88.4644241333, -6.20228385925], [1278.94836426, -608.308898926, 232.155395508, 257.32611084, 113.853637695, 234.73210144, 23.488117218, 361.017730713, -7.85022163391, 116.35043335, -85.2485046387, 75.1974716187, -91.5049285889], [-358.538299561, 292.235412598, -44.1093177795, 132.838150024, 106.405654907, -3.08261084557, 81.0849456787, -7.85022163391, 222.51789856, 15.0230331421, 45.062335968, -34.8627433777, 75.4657974243], [843.547302246, -240.261566162, 196.817092896, 143.470626831, 158.106582642, 198.963607788, 0.365685641766, 116.35043335, 15.0230331421, 196.03868103, -34.0241241455, 16.3445587158, -80.3313140869], [-581.958129883, 459.010131836, 50.3741416931, 10.4385576248, 11.4848861694, -51.0918655396, 111.20526886, -85.2485046387, 45.062335968, -34.0241241455, 179.370315552, -20.5925922394, 48.9793205261], [301.556152344, -335.599700928, 40.194694519, -61.0614814758, -115.779212952, -21.3614025116, -88.4644241333, 75.1974716187, -34.8627433777, 16.3445587158, -20.5925922394, 170.950805664, 13.5682315826], [-870.247680664, 208.542785645, -127.329452515, -115.928863525, -117.8777771, -171.967269897, -6.20228385925, -91.5049285889, 75.4657974243, -80.3313140869, 48.9793205261, 13.5682315826, 189.233963013]], "icov": [[8.54296886246e-05, -0.000126397033455, 3.26863773807e-05, -0.000239584333031, 0.000273706391454, -0.000204706841032, 0.000151493601152, -0.000145187339513, 0.000171045860043, -0.000224459319725, 0.000238083142904, -0.000113721733214, 0.000109648804937], [-0.000126397033455, 0.00100252416451, -0.000357545504812, 0.00047583488049, -0.00123128632549, 0.00109851930756, -0.000667915563099, 0.00106079480611, -0.000713713525329, 0.000830472563393, -0.0011882907711, 0.000568798044696, -8.86490306584e-06], [3.26863773807e-05, -0.000357545504812, 0.00109827925917, 0.000174350687303, 5.00516689499e-05, -0.000778478803113, 0.000213474282646, -0.000880016537849, 0.000581809435971, -0.000651287729852, -0.000360701436875, -0.000376497628167, -9.27981382119e-05], [-0.000239584333031, 0.00047583488049, 0.000174350687303, 0.00250429916196, -0.00112731102854, 0.000200105307158, -0.00123699870892, -0.000459490926005, -0.00130399502814, 0.000548572978005, -0.00107908167411, 0.000566853675991, 0.000233762097196], [0.000273706391454, -0.00123128632549, 5.00516689499e-05, -0.00112731102854, 0.00482530193403, -0.00294330366887, -0.000688088242896, -0.000441942334874, -7.11007623977e-06, -0.00183650304098, 0.00263273203745, -0.00013260137348, 0.000604792963713], [-0.000204706841032, 0.00109851930756, -0.000778478803113, 0.000200105307158, -0.00294330366887, 0.00535415485501, -0.00116090499796, 0.000456150213722, -0.000111205561552, -0.000337929144735, -0.000796830106992, 0.000501892645843, 0.000732606975362], [0.000151493601152, -0.000667915563099, 0.000213474282646, -0.00123699870892, -0.000688088242896, -0.00116090499796, 0.00559053104371, -0.001378849498, 0.000729464110918, 0.00110024027526, -0.00195255340077, 0.000667210726533, -0.000514842919074], [-0.000145187339513, 0.00106079480611, -0.000880016537849, -0.000459490926005, -0.000441942334874, 0.000456150213722, -0.001378849498, 0.00681877648458, -0.00142460118514, -0.000124703423353, 0.00119358289521, -0.00178931572009, 0.0010154893389], [0.000171045860043, -0.000713713525329, 0.000581809435971, -0.00130399502814, -7.11007623977e-06, -0.000111205561552, 0.000729464110918, -0.00142460118514, 0.00794551614672, -0.00257869181223, -0.000198110108613, 0.000830722390674, -0.0038762872573], [-0.000224459319725, 0.000830472563393, -0.000651287729852, 0.000548572978005, -0.00183650304098, -0.000337929144735, 0.00110024027526, -0.000124703423353, -0.00257869181223, 0.0100751994178, -0.00147043657489, -0.000124991958728, 0.00216998276301], [0.000238083142904, -0.0011882907711, -0.000360701436875, -0.00107908167411, 0.00263273203745, -0.000796830106992, -0.00195255340077, 0.00119358289521, -0.000198110108613, -0.00147043657489, 0.0106010138988, -0.00150821788702, -0.000251232500887], [-0.000113721733214, 0.000568798044696, -0.000376497628167, 0.000566853675991, -0.00013260137348, 0.000501892645843, 0.000667210726533, -0.00178931572009, 0.000830722390674, -0.000124991958728, -0.00150821788702, 0.00873312819749, -0.0021459015552], [0.000109648804937, -8.86490306584e-06, -9.27981382119e-05, 0.000233762097196, 0.000604792963713, 0.000732606975362, -0.000514842919074, 0.0010154893389, -0.0038762872573, 0.00216998276301, -0.000251232500887, -0.0021459015552, 0.0100818332285]]}, "melbands": {"dmean": [0.00158472673502, 0.00167582475115, 0.000379995210096, 0.00028685448342, 0.00054718676256, 0.000280518113868, 0.000411559740314, 0.000256497936789, 6.26325199846e-05, 2.31323210755e-05, 3.07286318275e-05, 1.47615564856e-05, 1.79402231879e-05, 1.95616885321e-05, 1.24070429592e-05, 7.99172721599e-06, 1.16469318527e-05, 9.02757983567e-06, 1.00282331914e-05, 2.13624643948e-05, 2.21654627239e-05, 8.80314473761e-06, 6.33643776382e-06, 6.14800455878e-06, 6.09586322753e-06, 5.59832142244e-06, 4.13867519455e-06, 3.00997658087e-06, 4.21413187723e-06, 5.26366738995e-06, 5.25331324752e-06, 2.78846709989e-06, 1.95119537238e-06, 2.05074911719e-06, 1.60582624176e-06, 1.96106202566e-06, 1.16341959711e-06, 1.1899413721e-06, 1.92801235244e-06, 1.90355899576e-06], "dmean2": [0.00260222330689, 0.00279743084684, 0.000678588054143, 0.000459778006189, 0.000861237291247, 0.000422824028647, 0.0006076846621, 0.000394259463064, 9.22170947888e-05, 3.6679328332e-05, 4.79924674437e-05, 2.39321288973e-05, 2.83961398964e-05, 3.09404422296e-05, 1.86089455383e-05, 1.22207666209e-05, 1.73398184415e-05, 1.32607174237e-05, 1.58072671184e-05, 3.50229602191e-05, 3.67171669495e-05, 1.44847626871e-05, 1.070216058e-05, 1.08486938188e-05, 1.05926419565e-05, 9.77396302915e-06, 7.40765472074e-06, 5.40007886229e-06, 7.51737070459e-06, 9.48260094447e-06, 9.43390568864e-06, 4.62661864731e-06, 3.19349169331e-06, 3.45839021065e-06, 2.56357316175e-06, 2.8345436931e-06, 1.77599270046e-06, 1.95448910745e-06, 3.08848325403e-06, 2.94263873002e-06], "dvar": [8.91924210009e-05, 8.95333869266e-05, 3.38810332323e-06, 5.08292771428e-07, 9.41430926105e-07, 2.74482601981e-07, 7.81220705903e-07, 2.34700706869e-07, 1.69354343882e-08, 4.85724305221e-09, 9.77733982666e-09, 1.76881342906e-09, 2.61474530916e-09, 3.74627706634e-09, 1.32507005368e-09, 1.03104080829e-09, 1.83383030983e-09, 8.79073924764e-10, 9.60473034439e-10, 5.8937805747e-09, 6.25522211806e-09, 7.66118501971e-10, 5.85022863486e-10, 5.89258031258e-10, 4.12331280231e-10, 4.29823010517e-10, 2.32243266285e-10, 8.980168692e-11, 1.93615956601e-10, 3.51493584239e-10, 3.67595315298e-10, 7.98155708193e-11, 3.9505964472e-11, 5.05339728396e-11, 3.66919931938e-11, 3.29565680302e-11, 7.92493067697e-12, 1.12203371594e-11, 3.61234896162e-11, 2.89933771436e-11], "dvar2": [0.000215917476453, 0.000223016264499, 9.84791404335e-06, 1.23366271509e-06, 2.29852230405e-06, 5.98942790475e-07, 1.91756453205e-06, 6.06050491569e-07, 4.00347133223e-08, 1.23884689174e-08, 2.37953976523e-08, 4.55659288079e-09, 6.60255095042e-09, 1.00509920387e-08, 3.1311886417e-09, 2.41086639541e-09, 3.73312314395e-09, 1.99367877762e-09, 2.31708341403e-09, 1.41983846902e-08, 1.43559644172e-08, 1.94628269057e-09, 1.5749955784e-09, 1.66489599884e-09, 1.14183440481e-09, 1.20997345476e-09, 6.61440013872e-10, 2.56006243982e-10, 5.31825083971e-10, 9.83590764392e-10, 1.01556174581e-09, 1.95057553443e-10, 1.00941650871e-10, 1.3071997651e-10, 9.16119818895e-11, 5.54769702399e-11, 1.68043218229e-11, 2.73179638632e-11, 8.73526667666e-11, 6.29485283343e-11], "max": [0.10254830122, 0.118634797633, 0.0238673035055, 0.0108606452122, 0.0229711048305, 0.0162054039538, 0.0134922992438, 0.00471228407696, 0.00453750276938, 0.00100857915822, 0.00282743247226, 0.000698835938238, 0.000865631678607, 0.000829958647955, 0.00055364187574, 0.000754228327423, 0.000818249478471, 0.000658957054839, 0.000456072535599, 0.00129392987583, 0.000730624131393, 0.000411917601014, 0.000542804424185, 0.000366937252693, 0.000303522363538, 0.00029143190477, 0.00025622305111, 0.000133083551191, 0.000180106682819, 0.000199572226848, 0.000205388161703, 9.98506293399e-05, 5.98314290983e-05, 9.43626291701e-05, 0.000120848104416, 6.30185968475e-05, 3.90006425732e-05, 6.99110896676e-05, 7.13112676749e-05, 5.23729759152e-05], "mean": [0.00202336418442, 0.00285498471931, 0.000658833188936, 0.00061971420655, 0.00165458547417, 0.00091950368369, 0.000804363051429, 0.000483536859974, 0.000128114101244, 3.40415354003e-05, 4.87442521262e-05, 2.12292361539e-05, 2.73000932793e-05, 3.05307512463e-05, 2.25759304158e-05, 1.31975803015e-05, 2.21102382056e-05, 1.55813013407e-05, 1.24439311548e-05, 2.42833193624e-05, 2.09243644349e-05, 1.02351923488e-05, 7.47538160795e-06, 4.75739261674e-06, 5.26054282091e-06, 4.8359502216e-06, 3.24974166688e-06, 2.52259042099e-06, 3.39563234775e-06, 3.7667007291e-06, 3.68633095604e-06, 2.50155039794e-06, 1.73831233496e-06, 1.71123190285e-06, 1.49391007653e-06, 2.33025048146e-06, 1.16219530355e-06, 1.10033977307e-06, 1.67338760093e-06, 1.74339584191e-06], "median": [3.46510205418e-05, 0.00037522855564, 0.00019017753948, 0.000302978907712, 0.00139030208811, 0.000665547326207, 0.000373405608116, 0.000260541797616, 6.00240236963e-05, 1.16373039418e-05, 1.35184309329e-05, 7.36167703508e-06, 7.43132750358e-06, 6.42230861558e-06, 5.25185760125e-06, 3.1541228509e-06, 2.6695311135e-06, 2.22873495659e-06, 1.58940099482e-06, 1.67374923876e-06, 1.55453756179e-06, 1.30332648496e-06, 1.30845285184e-06, 6.04869569543e-07, 5.25047141764e-07, 6.01769272635e-07, 4.02300884161e-07, 3.43226957966e-07, 2.7801038982e-07, 2.1395577221e-07, 1.34856193768e-07, 1.44903651744e-07, 9.10899160544e-08, 4.76661590199e-08, 5.48220953078e-08, 7.20778885466e-08, 2.81679586323e-08, 1.52500838624e-08, 2.02326724263e-08, 1.61936455356e-08], "min": [1.45954697585e-23, 1.23835937104e-23, 2.1804253471e-24, 1.35296161236e-23, 7.44983199495e-24, 5.36399738128e-24, 6.6486932586e-24, 6.59781646338e-24, 1.55614835795e-23, 3.81719024085e-24, 5.97248563495e-24, 1.72574698391e-23, 9.81952124486e-24, 2.27034910052e-23, 1.26615953932e-23, 7.68823522684e-24, 4.86374754912e-24, 1.05254507808e-23, 1.07306169362e-23, 1.26555882174e-23, 6.17565754995e-24, 7.57248961052e-24, 7.76196374476e-24, 8.9852258958e-24, 1.73923193e-23, 1.71282433788e-23, 1.00431278127e-23, 6.38500111824e-24, 9.39386215559e-24, 7.40324581419e-24, 6.56776559606e-24, 1.13965796233e-23, 1.10994236089e-23, 9.99507356185e-24, 7.36837106243e-24, 1.46709842575e-23, 1.19881827037e-23, 9.4356307628e-24, 7.46097859954e-24, 1.28526078062e-23], "var": [7.96933309175e-05, 7.79812617111e-05, 2.54249994214e-06, 1.02880824215e-06, 2.99482235278e-06, 1.21283756016e-06, 1.47434354858e-06, 3.85520280588e-07, 4.67945149296e-08, 5.71977043506e-09, 1.62077729016e-08, 1.91284099671e-09, 3.21147086702e-09, 4.84364237607e-09, 2.45592923775e-09, 1.57339041795e-09, 4.78739314858e-09, 2.05455186197e-09, 1.18497045509e-09, 6.14872508464e-09, 5.84351189659e-09, 8.66623661722e-10, 8.81863249091e-10, 3.65982966155e-10, 2.90975715744e-10, 3.11993764157e-10, 1.45581921518e-10, 6.06451763807e-11, 1.40555622696e-10, 2.25946816812e-10, 2.43418563084e-10, 7.31194271797e-11, 3.61599361565e-11, 4.25936196036e-11, 3.40291995971e-11, 5.39563810298e-11, 1.05517755991e-11, 1.1590816848e-11, 3.35827754494e-11, 3.07481887174e-11]}, "mfcc": {"mean": [-737.082214355, 147.948562622, 16.3696403503, 17.0307159424, -6.66381597519, -12.5921058655, -19.0880584717, -16.7430858612, -13.2977828979, -9.66802024841, -7.5156545639, 2.53044629097, 2.95251560211], "cov": [[15542.0839844, -1074.85131836, 202.687362671, 1066.56921387, 905.984313965, 790.347351074, 642.259033203, 631.429931641, 455.022033691, 505.040283203, 452.521911621, 355.397918701, 202.714157104], [-1074.85131836, 2820.30053711, 201.775177002, 504.586791992, 111.620628357, 343.652984619, 227.214324951, 34.0730628967, -88.9851379395, 117.056381226, 43.2534637451, 63.0934944153, 13.5084695816], [202.687362671, 201.775177002, 991.806396484, 113.300354004, 260.90725708, 168.885223389, 236.606781006, 117.597846985, 29.6229782104, 105.807975769, 94.1014251709, 26.0019035339, 21.3288631439], [1066.56921387, 504.586791992, 113.300354004, 739.719909668, 310.885528564, 381.667419434, 335.305480957, 215.069915771, 150.919464111, 201.786590576, 173.589172363, 84.0993118286, 72.6390457153], [905.984313965, 111.620628357, 260.90725708, 310.885528564, 642.143188477, 489.49206543, 367.950805664, 210.787918091, 204.900436401, 248.055007935, 172.32723999, 71.3041915894, 48.7802658081], [790.347351074, 343.652984619, 168.885223389, 381.667419434, 489.49206543, 680.829223633, 448.021911621, 218.830917358, 178.961669922, 240.844390869, 178.341995239, 69.8090362549, 48.5060844421], [642.259033203, 227.214324951, 236.606781006, 335.305480957, 367.950805664, 448.021911621, 571.96307373, 239.187866211, 149.923843384, 148.530303955, 191.003692627, 75.6459884644, 43.1176300049], [631.429931641, 34.0730628967, 117.597846985, 215.069915771, 210.787918091, 218.830917358, 239.187866211, 253.64730835, 131.10874939, 81.6075057983, 84.7333984375, 77.8040161133, 50.537021637], [455.022033691, -88.9851379395, 29.6229782104, 150.919464111, 204.900436401, 178.961669922, 149.923843384, 131.10874939, 235.456726074, 116.421386719, 67.8535232544, 23.2426433563, 53.4523925781], [505.040283203, 117.056381226, 105.807975769, 201.786590576, 248.055007935, 240.844390869, 148.530303955, 81.6075057983, 116.421386719, 260.913848877, 117.823814392, -5.5465388298, 11.1181373596], [452.521911621, 43.2534637451, 94.1014251709, 173.589172363, 172.32723999, 178.341995239, 191.003692627, 84.7333984375, 67.8535232544, 117.823814392, 183.391738892, 38.2632827759, 14.7674293518], [355.397918701, 63.0934944153, 26.0019035339, 84.0993118286, 71.3041915894, 69.8090362549, 75.6459884644, 77.8040161133, 23.2426433563, -5.5465388298, 38.2632827759, 143.337402344, 45.7812461853], [202.714157104, 13.5084695816, 21.3288631439, 72.6390457153, 48.7802658081, 48.5060844421, 43.1176300049, 50.537021637, 53.4523925781, 11.1181373596, 14.7674293518, 45.7812461853, 111.03200531]], "icov": [[8.46925468068e-05, 5.87534159422e-05, 5.92716332903e-06, -0.00010316260159, -2.77361777989e-05, -1.13388232421e-05, 3.76354328182e-05, -7.94340885477e-05, 3.99793570978e-05, -8.00218986114e-05, -2.85566657112e-05, -0.000132767978357, -9.43465238379e-06], [5.87534159422e-05, 0.000519264605828, -8.00987254479e-05, -0.000448290316854, 0.000156594862347, -0.000282466498902, -7.72573766881e-05, 0.000205448901397, 0.000431854045019, -0.000240170018515, 0.000364703475498, -0.00028968215338, 1.64011162269e-05], [5.92716332903e-06, -8.00987254479e-05, 0.00126201822422, 0.000175303968717, -0.000597573409323, 0.000449752085842, -0.000468407786684, -0.000385010032915, 0.000583171204198, -0.000295328936772, -6.99949814589e-05, 0.000221543334192, -0.000268212199444], [-0.00010316260159, -0.000448290316854, 0.000175303968717, 0.00278849434108, 0.000102962141682, -0.000239921078901, -0.000310610543238, -0.000946621585172, -0.000188618374523, -0.000716820883099, -0.000882713356987, -1.89583749943e-06, -0.000723242061213], [-2.77361777989e-05, 0.000156594862347, -0.000597573409323, 0.000102962141682, 0.00471502915025, -0.00211461423896, -0.000262481189566, -0.000168724640389, -0.00125870644115, -0.00160401174799, -0.000109097636596, -0.000957944721449, 0.000286141177639], [-1.13388232421e-05, -0.000282466498902, 0.000449752085842, -0.000239921078901, -0.00211461423896, 0.00509281363338, -0.00229875021614, -0.000105220045953, 0.000141646829434, -0.00148346635979, 0.000504953088239, -0.000106569546915, -0.000172505373484], [3.76354328182e-05, -7.72573766881e-05, -0.000468407786684, -0.000310610543238, -0.000262481189566, -0.00229875021614, 0.00554660987109, -0.00232767104171, -0.000277344224742, 0.00179012469016, -0.002957792487, 0.000580845226068, 0.000367107131751], [-7.94340885477e-05, 0.000205448901397, -0.000385010032915, -0.000946621585172, -0.000168724640389, -0.000105220045953, -0.00232767104171, 0.00939351599663, -0.00278644054197, 0.000339215708664, 0.000985401216894, -0.00276231626049, -0.000122855301015], [3.99793570978e-05, 0.000431854045019, 0.000583171204198, -0.000188618374523, -0.00125870644115, 0.000141646829434, -0.000277344224742, -0.00278644054197, 0.00850620400161, -0.00214796839282, 0.0005001196987, 0.00119353015907, -0.00268563604914], [-8.00218986114e-05, -0.000240170018515, -0.000295328936772, -0.000716820883099, -0.00160401174799, -0.00148346635979, 0.00179012469016, 0.000339215708664, -0.00214796839282, 0.00919696316123, -0.00370883848518, 0.00263244193047, 0.000725205172785], [-2.85566657112e-05, 0.000364703475498, -6.99949814589e-05, -0.000882713356987, -0.000109097636596, 0.000504953088239, -0.002957792487, 0.000985401216894, 0.0005001196987, -0.00370883848518, 0.0111350947991, -0.00213075359352, 0.000654329371173], [-0.000132767978357, -0.00028968215338, 0.000221543334192, -1.89583749943e-06, -0.000957944721449, -0.000106569546915, 0.000580845226068, -0.00276231626049, 0.00119353015907, 0.00263244193047, -0.00213075359352, 0.0106131844223, -0.00319540081546], [-9.43465238379e-06, 1.64011162269e-05, -0.000268212199444, -0.000723242061213, 0.000286141177639, -0.000172505373484, 0.000367107131751, -0.000122855301015, -0.00268563604914, 0.000725205172785, 0.000654329371173, -0.00319540081546, 0.0118601312861]]}, "spectral_contrast_coeffs": {"dmean": [0.0440529994667, 0.0464586913586, 0.0380190685391, 0.0338424183428, 0.0284493435174, 0.0286858379841], "dmean2": [0.0703561380506, 0.0693478882313, 0.0576605275273, 0.0516421087086, 0.043833270669, 0.0459344610572], "dvar": [0.00192163663451, 0.00235670269467, 0.0013563769171, 0.00103669858072, 0.000781586801168, 0.000948168511968], "dvar2": [0.00436614733189, 0.00523101910949, 0.00286984955892, 0.00229453737848, 0.00160633958876, 0.00245134299621], "max": [-0.219177991152, -0.373360991478, -0.472878485918, -0.50606828928, -0.524498462677, -0.583286106586], "mean": [-0.540967226028, -0.613517999649, -0.740353286266, -0.760889410973, -0.777125000954, -0.784343540668], "median": [-0.545094609261, -0.596208274364, -0.737528502941, -0.76508295536, -0.776991009712, -0.785903096199], "min": [-0.998068392277, -0.971060812473, -0.973228871822, -0.96640753746, -0.955038905144, -0.965540468693], "var": [0.0149335023016, 0.00973393209279, 0.00596838304773, 0.00580087862909, 0.00326681300066, 0.0031182859093]}, "spectral_contrast_valleys": {"dmean": [0.452039480209, 0.458518177271, 0.481150299311, 0.486116349697, 0.601592302322, 0.787584483624], "dmean2": [0.702041685581, 0.663104772568, 0.694678425789, 0.686973929405, 0.794064044952, 0.995991706848], "dvar": [0.244820699096, 0.287720769644, 0.308322459459, 0.331680357456, 0.560297608376, 0.807332515717], "dvar2": [0.472808271646, 0.521306395531, 0.523563206196, 0.53457832