{"lowlevel": {"average_loudness": 0.949130952358, "barkbands_crest": {"dmean": 2.4695649147, "dmean2": 3.83306002617, "dvar": 8.09927272797, "dvar2": 19.7623138428, "max": 25.2102584839, "mean": 13.0232543945, "median": 12.3632011414, "min": 3.62102127075, "var": 18.7771682739}, "barkbands_flatness_db": {"dmean": 0.0384168587625, "dmean2": 0.0497228130698, "dvar": 0.0015330365859, "dvar2": 0.00283369235694, "max": 0.553122520447, "mean": 0.255835205317, "median": 0.249208599329, "min": 0.0344349257648, "var": 0.0101199233904}, "barkbands_kurtosis": {"dmean": 9.51400756836, "dmean2": 15.3427581787, "dvar": 729.90020752, "dvar2": 1935.57873535, "max": 675.61730957, "mean": 14.2891530991, "median": 7.83405685425, "min": -1.859151721, "var": 727.693481445}, "barkbands_skewness": {"dmean": 0.853905975819, "dmean2": 1.27477347851, "dvar": 1.25546324253, "dvar2": 2.82026648521, "max": 15.6000442505, "mean": 2.36211061478, "median": 2.10039377213, "min": -2.05257296562, "var": 2.84982180595}, "barkbands_spread": {"dmean": 4.10532140732, "dmean2": 6.69177627563, "dvar": 83.8399734497, "dvar2": 198.097640991, "max": 108.389945984, "mean": 9.2000207901, "median": 5.47955799103, "min": 0.176689311862, "var": 165.531051636}, "dissonance": {"dmean": 0.0353311747313, "dmean2": 0.0574209801853, "dvar": 0.00125648838002, "dvar2": 0.00319931493141, "max": 0.499999940395, "mean": 0.40049123764, "median": 0.414718836546, "min": 0.133052423596, "var": 0.00449200160801}, "dynamic_complexity": 6.52665567398, "erbbands_crest": {"dmean": 2.64781832695, "dmean2": 4.12502908707, "dvar": 10.1862974167, "dvar2": 22.7133769989, "max": 32.4780197144, "mean": 12.5645275116, "median": 10.9733390808, "min": 2.94268393517, "var": 36.4307479858}, "erbbands_flatness_db": {"dmean": 0.0324268043041, "dmean2": 0.0412294194102, "dvar": 0.00107637920883, "dvar2": 0.00206768373027, "max": 0.442964851856, "mean": 0.20690703392, "median": 0.204510718584, "min": 0.0340043902397, "var": 0.00568417645991}, "erbbands_kurtosis": {"dmean": 3.17901682854, "dmean2": 5.01486825943, "dvar": 41.7601852417, "dvar2": 100.795425415, "max": 97.0425262451, "mean": 4.66669130325, "median": 1.99188947678, "min": -1.85067331791, "var": 81.6846466064}, "erbbands_skewness": {"dmean": 0.567400634289, "dmean2": 0.839756309986, "dvar": 0.545922875404, "dvar2": 1.15908551216, "max": 7.6372551918, "mean": 1.21237099171, "median": 1.10248923302, "min": -3.04738044739, "var": 1.28126621246}, "erbbands_spread": {"dmean": 9.79004192352, "dmean2": 15.0374059677, "dvar": 263.403381348, "dvar2": 598.40234375, "max": 164.790115356, "mean": 26.4030056, "median": 20.0697021484, "min": 1.12741112709, "var": 480.694793701}, "hfc": {"dmean": 7.02887487411, "dmean2": 10.8627891541, "dvar": 299.347106934, "dvar2": 754.17388916, "max": 151.480300903, "mean": 10.313744545, "median": 4.98361158371, "min": 6.50448445105e-11, "var": 306.25201416}, "melbands_crest": {"dmean": 2.87106513977, "dmean2": 4.49929857254, "dvar": 12.5580377579, "dvar2": 27.5795955658, "max": 36.1883888245, "mean": 17.0766201019, "median": 16.3853530884, "min": 1.67409169674, "var": 33.6763038635}, "melbands_flatness_db": {"dmean": 0.0439335852861, "dmean2": 0.0558674260974, "dvar": 0.00207938696258, "dvar2": 0.00384049653076, "max": 0.732225596905, "mean": 0.364552199841, "median": 0.359138011932, "min": 0.00403112638742, "var": 0.015804996714}, "melbands_kurtosis": {"dmean": 16.2750644684, "dmean2": 25.1832790375, "dvar": 1884.12719727, "dvar2": 4751.640625, "max": 847.484741211, "mean": 24.0647201538, "median": 13.2487611771, "min": -1.73860275745, "var": 1944.32751465}, "melbands_skewness": {"dmean": 0.991926312447, "dmean2": 1.4634449482, "dvar": 2.07785511017, "dvar2": 4.7192234993, "max": 19.6419277191, "mean": 2.92897844315, "median": 2.60572290421, "min": -1.52233850956, "var": 3.98319602013}, "melbands_spread": {"dmean": 3.64598894119, "dmean2": 5.7248339653, "dvar": 110.881164551, "dvar2": 257.110015869, "max": 187.976470947, "mean": 9.33730888367, "median": 5.57667064667, "min": 0.156336665154, "var": 304.354309082}, "pitch_salience": {"dmean": 0.0664281621575, "dmean2": 0.103434249759, "dvar": 0.00608428474516, "dvar2": 0.0137153407559, "max": 0.954322934151, "mean": 0.489724248648, "median": 0.487077951431, "min": 0.0590977109969, "var": 0.0161511991173}, "silence_rate_20dB": {"dmean": 0.0218931101263, "dmean2": 0.0438144318759, "dvar": 0.0214137788862, "dvar2": 0.0625139474869, "max": 1, "mean": 0.988416969776, "median": 1, "min": 0, "var": 0.0114487661049}, "silence_rate_30dB": {"dmean": 0.0424983911216, "dmean2": 0.0850515440106, "dvar": 0.0406913757324, "dvar2": 0.0816830247641, "max": 1, "mean": 0.929214954376, "median": 1, "min": 0, "var": 0.0657751038671}, "silence_rate_60dB": {"dmean": 0.0515131987631, "dmean2": 0.102448455989, "dvar": 0.048860553652, "dvar2": 0.0983973816037, "max": 1, "mean": 0.166023164988, "median": 0, "min": 0, "var": 0.138458013535}, "spectral_centroid": {"dmean": 143.074447632, "dmean2": 225.214920044, "dvar": 106302.8125, "dvar2": 248683.921875, "max": 4555.97753906, "mean": 536.524353027, "median": 404.643981934, "min": 131.813247681, "var": 284644.96875}, "spectral_complexity": {"dmean": 2.04893755913, "dmean2": 3.11082482338, "dvar": 11.5042648315, "dvar2": 25.7814559937, "max": 34, "mean": 8.06821060181, "median": 7, "min": 0, "var": 30.8860759735}, "spectral_decrease": {"dmean": 4.53610260465e-09, "dmean2": 6.60149224174e-09, "dvar": 1.48856312836e-16, "dvar2": 2.56586555575e-16, "max": 6.41676509355e-18, "mean": -9.76337855008e-09, "median": -5.61907498309e-09, "min": -1.23417521536e-07, "var": 2.77858252798e-16}, "spectral_energy": {"dmean": 0.0175719968975, "dmean2": 0.0256140567362, "dvar": 0.0021955461707, "dvar2": 0.00380032742396, "max": 0.470059931278, "mean": 0.0377847366035, "median": 0.0217824913561, "min": 6.22257508107e-15, "var": 0.00409114919603}, "spectral_energyband_high": {"dmean": 0.000369860295905, "dmean2": 0.000634013034869, "dvar": 1.46485672303e-06, "dvar2": 3.88115859096e-06, "max": 0.0118990596384, "mean": 0.000272442353889, "median": 1.23802874441e-05, "min": 4.37976977751e-15, "var": 1.04182390714e-06}, "spectral_energyband_low": {"dmean": 0.0115207647905, "dmean2": 0.0171307735145, "dvar": 0.00182300677989, "dvar2": 0.00322316354141, "max": 0.438890874386, "mean": 0.0218490567058, "median": 0.00864966958761, "min": 9.32229043101e-17, "var": 0.00286932312883}, "spectral_energyband_middle_high": {"dmean": 0.000875852885656, "dmean2": 0.00141727586742, "dvar": 5.85304633205e-06, "dvar2": 1.58059137902e-05, "max": 0.0247442424297, "mean": 0.00110523414332, "median": 0.000318973266985, "min": 1.00062416103e-15, "var": 5.17860053151e-06}, "spectral_energyband_middle_low": {"dmean": 0.00714992033318, "dmean2": 0.0107016330585, "dvar": 0.000248718773946, "dvar2": 0.000568769755773, "max": 0.195446148515, "mean": 0.0151210119948, "median": 0.00858762301505, "min": 2.14377275921e-16, "var": 0.000430312735261}, "spectral_entropy": {"dmean": 0.374323099852, "dmean2": 0.496227800846, "dvar": 0.181417837739, "dvar2": 0.316898733377, "max": 8.84340381622, "mean": 6.45692443848, "median": 6.35863780975, "min": 4.14693641663, "var": 0.842623710632}, "spectral_flux": {"dmean": 0.0393623746932, "dmean2": 0.0636313259602, "dvar": 0.00525647541508, "dvar2": 0.0141852702945, "max": 0.667264997959, "mean": 0.0666429400444, "median": 0.034936837852, "min": 5.20111916558e-06, "var": 0.0078149298206}, "spectral_kurtosis": {"dmean": 9.91772460938, "dmean2": 14.5206336975, "dvar": 238.041549683, "dvar2": 522.290222168, "max": 264.258209229, "mean": 24.3687400818, "median": 11.5377883911, "min": -0.448189973831, "var": 1259.48217773}, "spectral_rms": {"dmean": 0.00109662115574, "dmean2": 0.0015128335217, "dvar": 4.36191476183e-06, "dvar2": 7.4288527685e-06, "max": 0.0214148331434, "mean": 0.00485486723483, "median": 0.00460990238935, "min": 2.46390041703e-09, "var": 1.32933973873e-05}, "spectral_rolloff": {"dmean": 269.337280273, "dmean2": 467.53036499, "dvar": 1217369.375, "dvar2": 2810018, "max": 19121.484375, "mean": 841.818359375, "median": 387.59765625, "min": 43.06640625, "var": 5934265}, "spectral_skewness": {"dmean": 0.769101917744, "dmean2": 1.05534541607, "dvar": 0.764576733112, "dvar2": 1.57028603554, "max": 13.5235843658, "mean": 3.4139547348, "median": 2.88942098618, "min": 0.436910718679, "var": 4.44793128967}, "spectral_spread": {"dmean": 1218530.875, "dmean2": 1651975.625, "dvar": 2136699699200.0, "dvar2": 3735734190080.0, "max": 13437620, "mean": 4217815.5, "median": 3427018.5, "min": 460177.8125, "var": 7823620046850.0}, "spectral_strongpeak": {"dmean": 0.310695916414, "dmean2": 0.512401998043, "dvar": 0.274111241102, "dvar2": 0.596431016922, "max": 6.35040998459, "mean": 0.604782223701, "median": 0.411837339401, "min": 0, "var": 0.567069709301}, "zerocrossingrate": {"dmean": 0.00919496826828, "dmean2": 0.0115771740675, "dvar": 0.000278941588476, "dvar2": 0.000394323200453, "max": 0.5185546875, "mean": 0.0349218510091, "median": 0.02001953125, "min": 0.001953125, "var": 0.00396087253466}, "barkbands": {"dmean": [0.00245323730633, 0.00953817181289, 0.0015176498564, 0.00106170680374, 0.00389441568404, 0.000856013561133, 0.00200927490368, 0.00058984773932, 0.000316471181577, 0.000271883123787, 0.000135626250994, 0.000209680525586, 9.79290998657e-05, 6.68087450322e-05, 8.63689638209e-05, 3.20909457514e-05, 4.53918983112e-05, 3.42732928402e-05, 2.22151411435e-05, 2.56081675616e-05, 1.74605047505e-05, 5.25906580151e-05, 6.19268976152e-05, 4.5701784984e-05, 8.15618914203e-05, 6.41654914944e-05, 3.99373275286e-05], "dmean2": [0.00390939041972, 0.0144569985569, 0.00238224770874, 0.00165443646256, 0.00613269675523, 0.00131721061189, 0.00309508270584, 0.000856652564835, 0.000428191793617, 0.000451047060778, 0.000214907064219, 0.000330869544996, 0.000173008535057, 0.000106935360236, 0.000142883800436, 5.45670118299e-05, 7.69819598645e-05, 5.94176417508e-05, 3.73158691218e-05, 4.53498869319e-05, 2.95272093354e-05, 9.10129238036e-05, 0.000106246807263, 7.82030401751e-05, 0.000144792880747, 0.000112367953989, 7.09624800947e-05], "dvar": [0.000110242712253, 0.00149842794053, 1.4307440324e-05, 8.90780393092e-06, 0.000117439878522, 5.58086503588e-06, 3.20114377246e-05, 3.15190777656e-06, 1.8942441784e-06, 8.73831993431e-07, 2.39496927179e-07, 7.77803052188e-07, 1.36485112989e-07, 4.42779075627e-08, 1.0167347142e-07, 9.72584945913e-09, 2.83465926287e-08, 1.20733716358e-08, 4.72928007866e-09, 1.1294047475e-08, 3.63107277579e-09, 4.06401134967e-08, 3.99385875482e-08, 2.17421654014e-08, 9.76786225237e-08, 5.92361040219e-08, 2.8615163572e-08], "dvar2": [0.000273006211501, 0.00267388438806, 3.89815540984e-05, 2.32983693422e-05, 0.000272425764706, 1.44387431646e-05, 7.54742432036e-05, 6.91633340466e-06, 2.94218261843e-06, 2.35454376707e-06, 6.38886376692e-07, 1.95700431505e-06, 3.82409666599e-07, 1.13019567038e-07, 2.83680833491e-07, 2.67865800652e-08, 7.83156224315e-08, 3.47361286401e-08, 1.26502612829e-08, 3.21146558235e-08, 1.00923216451e-08, 1.14277106888e-07, 1.05289785779e-07, 5.66499878119e-08, 2.64772410219e-07, 1.60074705491e-07, 7.83247102731e-08], "max": [0.119121983647, 0.366587668657, 0.0470776595175, 0.0543850362301, 0.137180924416, 0.0308704562485, 0.0781335756183, 0.0269510820508, 0.0441168695688, 0.00900706741959, 0.00698988884687, 0.0150059992447, 0.00397185236216, 0.00414103688672, 0.00448239035904, 0.00114835170098, 0.00206705834717, 0.00152569019701, 0.000882704043761, 0.00179444986861, 0.000961006211583, 0.00393269956112, 0.0019872202538, 0.00163852842525, 0.00335144903511, 0.00245702872053, 0.00201948685572], "mean": [0.00253829569556, 0.0153825981542, 0.00341004366055, 0.00219117011875, 0.00644191354513, 0.00157182244584, 0.00298874662258, 0.0010810312815, 0.000749057566281, 0.000337792153005, 0.000160919458722, 0.000233177881455, 8.59564170241e-05, 9.03730688151e-05, 9.81378179858e-05, 3.71410387743e-05, 4.68985344924e-05, 3.5260032746e-05, 2.33059454331e-05, 2.07419780054e-05, 1.59263399837e-05, 3.95448587369e-05, 4.67743666377e-05, 3.48554021912e-05, 5.52700112166e-05, 4.23267374572e-05, 2.56865932897e-05], "median": [1.82550174941e-05, 0.00509779620916, 0.00135614792816, 0.000659437617287, 0.00265557738021, 0.00051476736553, 0.000544457929209, 0.00021512620151, 6.10274437349e-05, 2.92018976324e-05, 1.81355044333e-05, 2.56963157881e-05, 7.75094213168e-06, 1.12200705189e-05, 1.78534864972e-05, 5.76581305722e-06, 5.6101634982e-06, 3.66754557035e-06, 2.47398884312e-06, 1.51182916852e-06, 1.19925744002e-06, 2.13892622014e-06, 1.80141489636e-06, 1.37466577144e-06, 1.1601210872e-06, 5.52673100174e-07, 1.67359416992e-07], "min": [3.87639963012e-17, 4.79886152307e-17, 1.98796548225e-17, 1.03217218108e-17, 7.73479550878e-18, 1.96393538915e-17, 3.89057221187e-17, 5.68492912344e-17, 7.14806273453e-17, 2.45767916591e-17, 3.52491437511e-17, 6.87058466718e-17, 1.05728088462e-16, 3.81870775286e-17, 1.10206047251e-16, 5.88037006461e-17, 1.00711780677e-16, 1.41122729974e-16, 2.16641646452e-16, 1.96537385624e-16, 1.65566697933e-16, 4.60646268749e-16, 3.49272474083e-16, 6.58885965604e-16, 6.03674664036e-16, 1.01909720846e-15, 1.17544350277e-15], "var": [0.000122591853142, 0.00205891299993, 2.43441736529e-05, 1.4698231098e-05, 0.000165544639458, 7.28446548237e-06, 4.7319848818e-05, 6.54135283185e-06, 8.2411997937e-06, 8.10055439615e-07, 2.11205204437e-07, 7.80992934324e-07, 9.39470368166e-08, 6.26777207913e-08, 7.51724300585e-08, 8.28746049564e-09, 2.09751007674e-08, 8.75142269763e-09, 4.09368494658e-09, 7.0642003358e-09, 2.57907473156e-09, 2.51221266012e-08, 2.87202226446e-08, 1.60122421988e-08, 6.41995683281e-08, 3.93111498909e-08, 1.83152994992e-08]}, "erbbands": {"dmean": [0.436427146196, 1.62779211998, 1.81291806698, 2.63336873055, 13.2937889099, 9.70214271545, 2.63732433319, 8.47260093689, 29.4225788116, 19.8761062622, 11.2776384354, 7.4122710228, 7.24021053314, 7.81252813339, 6.85265016556, 8.61407756805, 4.95055103302, 3.64196944237, 4.85882997513, 2.75994777679, 1.83593988419, 2.58191156387, 1.91195952892, 1.45584201813, 1.02201962471, 1.1855276823, 0.912053227425, 0.718876063824, 1.80167412758, 2.42423439026, 1.58445203304, 1.03452682495, 0.746022462845, 0.650422155857, 0.692755997181, 0.296301811934, 0.115279838443, 0.0383087135851, 0.00726403202862, 0.000372320821043], "dmean2": [0.631261110306, 2.61301612854, 2.82081961632, 4.07023143768, 20.3510456085, 15.6168050766, 4.02825307846, 13.1647405624, 45.8645896912, 29.6021690369, 15.5341901779, 9.91450977325, 11.0804681778, 12.5378694534, 10.9571256638, 13.5478363037, 8.51024627686, 5.93872022629, 7.95115184784, 4.54962730408, 3.17391896248, 4.42463684082, 3.29202485085, 2.51024031639, 1.70761740208, 2.09197282791, 1.58372986317, 1.21905171871, 3.13271021843, 4.16275262833, 2.70305919647, 1.76761746407, 1.27849662304, 1.13812923431, 1.23263609409, 0.518476188183, 0.202991753817, 0.0678789466619, 0.0129530550912, 0.000644214625936], "dvar": [3.23724627495, 45.136554718, 26.6441268921, 35.1338500977, 1528.0847168, 562.444641113, 59.1490402222, 519.509521484, 7781.81005859, 2957.02563477, 1157.79443359, 798.479064941, 929.067932129, 685.459655762, 868.174926758, 1241.90270996, 334.407806396, 148.378082275, 294.628814697, 92.729133606, 31.8048267365, 102.493186951, 39.0060348511, 17.9341545105, 11.805355072, 24.5763969421, 14.4440698624, 5.10372257233, 66.58177948, 68.4576187134, 23.8078861237, 11.2596082687, 5.95649528503, 5.27154302597, 7.73089504242, 1.19163990021, 0.197672471404, 0.0257007945329, 0.000998758710921, 2.21097229769e-06], "dvar2": [5.70404481888, 89.8415679932, 70.8321838379, 86.1185302734, 3466.06542969, 1383.61340332, 145.653686523, 1344.75561523, 19054.9238281, 6412.01953125, 2209.64697266, 1470.19494629, 1579.21618652, 1801.68212891, 2339.27978516, 3111.0949707, 929.175231934, 396.121490479, 819.604675293, 255.773605347, 88.0063247681, 282.649536133, 111.38710022, 49.8127937317, 31.5979709625, 70.0108642578, 41.1822547913, 13.8208827972, 191.55909729, 184.631820679, 62.05311203, 29.3041934967, 15.6297082901, 14.159198761, 21.142326355, 3.20708465576, 0.535560846329, 0.0702693015337, 0.00275024794973, 5.98355973125e-06], "max": [16.5530033112, 68.8639678955, 66.9362411499, 80.4226226807, 492.332458496, 269.85736084, 154.231613159, 285.709503174, 1163.56689453, 859.732910156, 737.806274414, 774.665466309, 1111.19567871, 262.768768311, 482.154907227, 616.593688965, 209.177383423, 203.801040649, 233.990875244, 150.4427948, 67.0553512573, 135.662139893, 90.4069747925, 38.5503501892, 59.9090805054, 80.899520874, 62.4715232849, 23.9037742615, 185.099075317, 96.3002624512, 46.4881858826, 39.0661087036, 22.2347545624, 21.2349414825, 32.7843093872, 9.66969108582, 4.32687044144, 1.7431769371, 0.390209794044, 0.0159066915512], "mean": [0.604973375797, 2.80457854271, 4.23986911774, 6.10199022293, 21.261598587, 17.1505222321, 6.63542556763, 14.8599691391, 40.0617218018, 37.2477035522, 22.9819889069, 18.123298645, 12.4806146622, 9.91934108734, 7.90111255646, 9.92719173431, 4.7415561676, 4.55826711655, 5.60349798203, 3.52362990379, 2.03259444237, 2.50821828842, 2.16576385498, 1.4565435648, 1.05933654308, 0.976811766624, 0.786313414574, 0.638795554638, 1.33773291111, 1.79420685768, 1.2038449049, 0.799143433571, 0.557490468025, 0.450312316418, 0.462136536837, 0.199517577887, 0.0750754028559, 0.0246010702103, 0.00466124108061, 0.000273124867817], "median": [0.126972258091, 1.16719686985, 2.37440538406, 2.92713785172, 6.54071474075, 7.585978508, 3.87288022041, 4.7269449234, 7.40484237671, 7.10153961182, 5.28342056274, 2.63721227646, 1.51319909096, 1.34677064419, 1.59404921532, 1.23214101791, 0.598341464996, 0.746861219406, 1.23716449738, 0.683550000191, 0.39790225029, 0.310540258884, 0.2670327425, 0.18593659997, 0.108469456434, 0.0735390484333, 0.063985273242, 0.0457038506866, 0.071618616581, 0.0691369920969, 0.0523912459612, 0.034419298172, 0.0206041503698, 0.0110830208287, 0.00835536234081, 0.00365056283772, 0.00080630753655, 0.000157042493811, 4.45790428785e-05, 3.13057789754e-05], "min": [1.91992024187e-15, 9.01320813503e-15, 2.22539780386e-14, 3.19198877399e-14, 2.83461964432e-14, 2.3018437132e-14, 6.31237209313e-14, 1.9860766406e-13, 4.44917025314e-13, 8.44586174002e-13, 1.41727764507e-12, 1.64728604021e-12, 1.02871736737e-12, 9.45421041801e-13, 1.68665992631e-12, 3.23650221207e-12, 4.9469412941e-12, 1.79736152177e-12, 5.09781279689e-12, 4.15117332869e-12, 4.44417896581e-12, 5.27500395794e-12, 6.39604818761e-12, 1.01242287123e-11, 1.16901618594e-11, 1.03566148713e-11, 7.01979533529e-12, 7.0067627915e-12, 1.47712970328e-11, 1.89189150457e-11, 8.34838274899e-12, 9.61482456152e-12, 1.31501328923e-11, 4.26130788642e-12, 5.87391073281e-12, 2.90076383053e-12, 2.25770270534e-12, 6.38661161716e-13, 1.84871269768e-13, 1.66987564997e-14], "var": [4.76391363144, 51.2082366943, 35.3635101318, 66.2219543457, 2212.93115234, 857.165039062, 96.0591506958, 676.310058594, 9737.72460938, 7138.70458984, 3336.02441406, 2940.36010742, 3604.4753418, 712.94934082, 660.72442627, 1378.12145996, 240.457946777, 168.744979858, 224.54460144, 80.2622528076, 24.9217071533, 72.7185897827, 29.9601783752, 14.0721435547, 9.81006240845, 15.3542938232, 9.04781341553, 3.80902552605, 38.4809532166, 46.7037467957, 17.5999679565, 8.34306240082, 4.31264448166, 3.57618188858, 4.96883535385, 0.799834012985, 0.130006104708, 0.0165137443691, 0.000630066089798, 1.47887146795e-06]}, "gfcc": {"mean": [-138.39440918, 135.770797729, -59.852355957, 12.5587148666, -48.4290122986, 5.21433734894, -33.3030776978, 2.58407998085, -11.3780727386, -1.45750355721, -12.3443317413, -3.81414294243, -13.538069725], "cov": [[33041.421875, 1027.87316895, -1782.01965332, 349.677764893, -624.84552002, 361.442810059, -794.551330566, -173.842025757, -381.901275635, 5.47073078156, -76.8563156128, 187.537994385, -128.287887573], [1027.87316895, 4240.55810547, -110.310394287, -353.978363037, 908.784301758, -251.698532104, 310.704498291, -177.527328491, 213.007492065, -300.15246582, 182.669082642, -299.936706543, 336.35256958], [-1782.01965332, -110.310394287, 1462.78149414, 279.303649902, -10.4360990524, 252.928512573, 156.373886108, 112.26776123, 273.593078613, 203.93522644, 108.538284302, 44.2836761475, -76.4683761597], [349.677764893, -353.978363037, 279.303649902, 399.931304932, -39.0579414368, 89.4267044067, -2.41220879555, 43.8656082153, 52.8206710815, 83.7372360229, 32.6209487915, 39.0737266541, -30.2376098633], [-624.84552002, 908.784301758, -10.4360990524, -39.0579414368, 557.730102539, -19.7025566101, 136.185241699, -26.8647708893, 52.9070243835, -84.9664764404, 56.6446533203, -74.4901123047, 117.280387878], [361.442810059, -251.698532104, 252.928512573, 89.4267044067, -19.7025566101, 243.539199829, 41.3008956909, 21.5054512024, 17.5612754822, 48.949962616, 7.6026892662, 45.8596458435, -31.9721984863], [-794.551330566, 310.704498291, 156.373886108, -2.41220879555, 136.185241699, 41.3008956909, 189.247329712, 38.9281349182, 44.9922294617, -24.5038204193, 36.6823272705, -17.1604366302, 47.1948432922], [-173.842025757, -177.527328491, 112.26776123, 43.8656082153, -26.8647708893, 21.5054512024, 38.9281349182, 129.39213562, 81.4533843994, 68.0927810669, 19.3655052185, 21.8846378326, -12.8827571869], [-381.901275635, 213.007492065, 273.593078613, 52.8206710815, 52.9070243835, 17.5612754822, 44.9922294617, 81.4533843994, 241.597015381, 130.276443481, 74.3246154785, -2.84211659431, 23.4066772461], [5.47073078156, -300.15246582, 203.93522644, 83.7372360229, -84.9664764404, 48.949962616, -24.5038204193, 68.0927810669, 130.276443481, 195.451431274, 71.7615509033, 42.0408325195, -25.1366138458], [-76.8563156128, 182.669082642, 108.538284302, 32.6209487915, 56.6446533203, 7.6026892662, 36.6823272705, 19.3655052185, 74.3246154785, 71.7615509033, 117.91834259, 27.4255771637, 21.4579334259], [187.537994385, -299.936706543, 44.2836761475, 39.0737266541, -74.4901123047, 45.8596458435, -17.1604366302, 21.8846378326, -2.84211659431, 42.0408325195, 27.4255771637, 108.258369446, -7.29798841476], [-128.287887573, 336.35256958, -76.4683761597, -30.2376098633, 117.280387878, -31.9721984863, 47.1948432922, -12.8827571869, 23.4066772461, -25.1366138458, 21.4579334259, -7.29798841476, 110.67539978]], "icov": [[5.14241801284e-05, -0.000106251434772, 9.51830297709e-05, -0.0001110642188, 8.04966985015e-05, -0.000216992601054, 0.000235005310969, -0.000134318455821, 0.000125065038446, -0.000125182603369, 8.04165829322e-05, -0.00013402888726, 7.4791998486e-05], [-0.000106251434772, 0.000995644368231, -0.000245011557126, 0.000568240357097, -0.000476292625535, 0.000532610341907, -0.000511121936142, 0.000998379429802, -0.00145378930029, 0.00196676002815, -0.00183251104318, 0.00159939308651, -0.000955394643825], [9.51830297709e-05, -0.000245011557126, 0.00152615690604, -0.00073195429286, 0.000258615182247, -0.00111637846567, -0.000762379961088, 0.000356030912371, -0.00108720641583, -0.000536768464372, 0.000224126226385, -0.000520871486515, 0.00150963570923], [-0.0001110642188, 0.000568240357097, -0.00073195429286, 0.00353416940197, -0.000432306551374, -6.88728323439e-05, 0.000165434670635, -7.27543811081e-05, -0.000339365127729, 0.000447841710411, -0.001184021472, 0.000640477461275, -0.000591352814808], [8.04966985015e-05, -0.000476292625535, 0.000258615182247, -0.000432306551374, 0.00351964123547, -0.000957865267992, -0.000394079950638, -0.000232581529417, -0.000264631904429, 0.00119370257016, -0.00133508397266, 0.00116305693518, -0.00160142919049], [-0.000216992601054, 0.000532610341907, -0.00111637846567, -6.88728323439e-05, -0.000957865267992, 0.00722410110757, -0.00318322470412, 0.00179962522816, 0.000241914967773, -0.00145545066334, 0.00177139043808, -0.00205445545726, 0.00114787253551], [0.000235005310969, -0.000511121936142, -0.000762379961088, 0.000165434670635, -0.000394079950638, -0.00318322470412, 0.0118050277233, -0.00565294129774, 0.00107597000897, 0.00375816877931, -0.00349481985904, 0.0017431123415, -0.00343123427592], [-0.000134318455821, 0.000998379429802, 0.000356030912371, -7.27543811081e-05, -0.000232581529417, 0.00179962522816, -0.00565294129774, 0.0143651328981, -0.00528434477746, -0.0015249926364, 0.0016970585566, -0.0016699709231, 0.00221735541709], [0.000125065038446, -0.00145378930029, -0.00108720641583, -0.000339365127729, -0.000264631904429, 0.000241914967773, 0.00107597000897, -0.00528434477746, 0.0130000161007, -0.008703738451, 0.00141672603786, 0.000506430747919, -0.00197179010138], [-0.000125182603369, 0.00196676002815, -0.000536768464372, 0.000447841710411, 0.00119370257016, -0.00145545066334, 0.00375816877931, -0.0015249926364, -0.008703738451, 0.0194089580327, -0.010946164839, 0.00298754847609, -0.00126808951609], [8.04165829322e-05, -0.00183251104318, 0.000224126226385, -0.001184021472, -0.00133508397266, 0.00177139043808, -0.00349481985904, 0.0016970585566, 0.00141672603786, -0.010946164839, 0.0201472658664, -0.00813607126474, 0.00187965482473], [-0.00013402888726, 0.00159939308651, -0.000520871486515, 0.000640477461275, 0.00116305693518, -0.00205445545726, 0.0017431123415, -0.0016699709231, 0.000506430747919, 0.00298754847609, -0.00813607126474, 0.0167636480182, -0.00471034878865], [7.4791998486e-05, -0.000955394643825, 0.00150963570923, -0.000591352814808, -0.00160142919049, 0.00114787253551, -0.00343123427592, 0.00221735541709, -0.00197179010138, -0.00126808951609, 0.00187965482473, -0.00471034878865, 0.0161109790206]]}, "melbands": {"dmean": [0.00317695201375, 0.00127564033028, 0.000685026636347, 0.00101814710069, 0.000106418279756, 0.000204932672204, 0.00043806724716, 0.000189719299669, 8.48811323522e-05, 4.37385970145e-05, 3.74269402528e-05, 3.40082406183e-05, 2.16671542148e-05, 2.35287952819e-05, 1.59884402819e-05, 9.08697620616e-06, 6.50174388284e-06, 7.83300492913e-06, 5.1604570217e-06, 2.61700074589e-06, 2.12704730984e-06, 2.66727670351e-06, 2.17099363908e-06, 1.68512553955e-06, 1.17973263514e-06, 7.48578315779e-07, 6.96205461281e-07, 8.56018004924e-07, 6.66563835239e-07, 3.8756886056e-07, 4.33421803336e-07, 8.58789235281e-07, 1.34045490086e-06, 1.36551216201e-06, 9.69502593762e-07, 6.79268907788e-07, 6.02608679401e-07, 5.3669788258e-07, 4.42407298351e-07, 5.73402587634e-07], "dmean2": [0.00464260531589, 0.00199367711321, 0.00102220871486, 0.0016162856482, 0.000164361845236, 0.000322393811075, 0.000676044321153, 0.00028167545679, 0.000115262562758, 5.91302014072e-05, 5.83803484915e-05, 5.51412376808e-05, 3.38931822625e-05, 3.72323884221e-05, 2.61000313913e-05, 1.60780618899e-05, 1.03502643469e-05, 1.28263100123e-05, 8.69181258167e-06, 4.26708493251e-06, 3.73942089027e-06, 4.61181844003e-06, 3.70265479432e-06, 2.921657142e-06, 2.03997183235e-06, 1.23834195165e-06, 1.1937254385e-06, 1.52406016696e-06, 1.16833518859e-06, 6.47969272904e-07, 7.45343982089e-07, 1.49598758981e-06, 2.34820936384e-06, 2.34603726312e-06, 1.65724770795e-06, 1.16311844067e-06, 1.03701097487e-06, 9.23166908251e-07, 7.60817499668e-07, 1.00590932561e-06], "dvar": [0.000166128200362, 1.85424723895e-05, 2.7510864129e-06, 7.83680934546e-06, 7.86713627576e-08, 3.38943067391e-07, 1.68133828993e-06, 2.77851313513e-07, 6.75656295357e-08, 3.24134319385e-08, 2.43952431589e-08, 1.45399736695e-08, 6.9383139234e-09, 1.13043565619e-08, 3.14295256487e-09, 1.21802845587e-09, 5.02420438586e-10, 7.95660870523e-10, 4.66336969041e-10, 6.06627109656e-11, 4.77838567325e-11, 1.14033442411e-10, 6.34737470917e-11, 2.57344597021e-11, 1.26649888493e-11, 6.82417794148e-12, 4.87560252588e-12, 1.52413706656e-11, 8.31427808545e-12, 1.76011202141e-12, 2.25036807765e-12, 1.49520430759e-11, 2.81176592426e-11, 2.32269030398e-11, 9.27609898616e-12, 4.69796207145e-12, 4.3915439861e-12, 3.19588192715e-12, 2.24943111013e-12, 4.20297043696e-12], "dvar2": [0.000286829745164, 4.09784588555e-05, 6.42710801912e-06, 1.85736043932e-05, 1.97587539219e-07, 8.8639040996e-07, 4.04302500101e-06, 6.15572503193e-07, 1.24525726619e-07, 5.55455308415e-08, 4.2940367706e-08, 3.83956972883e-08, 1.83992767688e-08, 2.89712076551e-08, 8.26325496917e-09, 3.43506179057e-09, 1.28675892164e-09, 2.21138485301e-09, 1.31669375403e-09, 1.63281582699e-10, 1.33010075176e-10, 3.14791553935e-10, 1.7720269696e-10, 7.34822272475e-11, 3.50698671492e-11, 1.81702170671e-11, 1.32263184779e-11, 4.38638916855e-11, 2.37750982096e-11, 4.84789855829e-12, 6.19930669299e-12, 4.29627340648e-11, 7.92578086495e-11, 6.26627846834e-11, 2.41717739574e-11, 1.22837452016e-11, 1.16676251993e-11, 8.43902812214e-12, 5.89288123506e-12, 1.13932847531e-11], "max": [0.123106479645, 0.0529426336288, 0.0285991355777, 0.0345919132233, 0.0058871707879, 0.00734011689201, 0.0179376173764, 0.00778584461659, 0.00578920403495, 0.00465868506581, 0.00554154859856, 0.00116420164704, 0.00126978720073, 0.00187931279652, 0.000749016413465, 0.000417976261815, 0.000468153855763, 0.00036348841968, 0.000351436203346, 0.00015477881243, 8.92428433872e-05, 0.00014034587366, 0.000127866122057, 5.85300185776e-05, 3.39574544341e-05, 4.71453458886e-05, 3.12710144499e-05, 6.79650911479e-05, 5.3152340115e-05, 2.23432471103e-05, 1.87221758097e-05, 8.67134222062e-05, 9.95540540316e-05, 5.9173329646e-05, 2.64560349024e-05, 2.77050494333e-05, 3.06353649648e-05, 1.6719701307e-05, 1.58258135343e-05, 2.07031662285e-05], "mean": [0.00490100029856, 0.00275025120936, 0.00145027646795, 0.00162427441683, 0.000271843600785, 0.000342481391272, 0.000624535954557, 0.000354847172275, 0.000178652058821, 0.00010435126751, 6.04778360866e-05, 4.10325374105e-05, 2.60432025243e-05, 2.6156718377e-05, 1.71005485754e-05, 7.57339239499e-06, 8.82737731445e-06, 9.09440495889e-06, 5.75649710299e-06, 3.56684586222e-06, 2.16024727706e-06, 2.47885486715e-06, 2.4186497285e-06, 1.80571066721e-06, 1.10812641196e-06, 8.00391660505e-07, 6.32238652543e-07, 6.68554605454e-07, 5.53841005058e-07, 3.51597577719e-07, 3.67677444046e-07, 6.53268784845e-07, 9.73348733169e-07, 1.00369595657e-06, 7.32824503302e-07, 5.22245443335e-07, 4.60818824877e-07, 4.00578784365e-07, 3.24540366137e-07, 3.89212516438e-07], "median": [0.00134912040085, 0.0013088604901, 0.000757197034545, 0.000681140285451, 0.000140522490256, 0.00010397520964, 0.000121374614537, 6.98700241628e-05, 3.12386910082e-05, 1.08814374471e-05, 5.26162421011e-06, 4.15463364334e-06, 4.42258351541e-06, 3.29185832015e-06, 1.92972311197e-06, 7.14507393695e-07, 1.11575957362e-06, 1.91868821275e-06, 1.09141274152e-06, 4.77611308725e-07, 3.37058878586e-07, 2.80212475445e-07, 2.26698986694e-07, 1.72757140149e-07, 1.22479391962e-07, 9.14571671728e-08, 4.46732109083e-08, 4.29528768109e-08, 4.34646025838e-08, 2.42854305554e-08, 2.24284555372e-08, 3.41291475081e-08, 4.83424784647e-08, 3.13651291606e-08, 3.03146237002e-08, 2.25548966171e-08, 1.77955357117e-08, 1.49440051445e-08, 9.52529877196e-09, 9.29587162801e-09], "min": [1.70983460396e-17, 1.19864037684e-17, 5.54690568371e-18, 1.72721246922e-18, 1.93182241797e-18, 4.43790918595e-18, 7.15283589754e-18, 9.89988864976e-18, 1.20598110847e-17, 1.01270498168e-17, 4.86483902037e-18, 3.53042091645e-18, 5.20921788403e-18, 6.55697220738e-18, 1.17506523308e-17, 8.77061671442e-18, 2.47173002803e-18, 7.78208128849e-18, 8.00597426489e-18, 3.04599396444e-18, 6.17567792735e-18, 5.41515276933e-18, 5.50115184248e-18, 6.82447455927e-18, 8.36341720555e-18, 7.74245933715e-18, 8.09568613823e-18, 6.6130471947e-18, 4.24313999815e-18, 3.3752900168e-18, 4.04893701547e-18, 7.53863128087e-18, 1.01225301019e-17, 9.91664732897e-18, 5.06989089037e-18, 3.55409647994e-18, 6.66300352702e-18, 9.82072581077e-18, 7.44245995413e-18, 1.90201537819e-18], "var": [0.00025000757887, 2.13014445762e-05, 4.58416616311e-06, 1.07455443867e-05, 1.44099743693e-07, 4.04812709576e-07, 2.23908932639e-06, 6.35928131487e-07, 2.12062246874e-07, 1.29566942064e-07, 9.0577266576e-08, 1.43252556484e-08, 5.92763660379e-09, 1.05565343134e-08, 2.9972702098e-09, 7.9494516525e-10, 7.11562475608e-10, 6.13852857434e-10, 3.19121062908e-10, 6.5645794356e-11, 3.52918735902e-11, 7.91764570574e-11, 5.0062756024e-11, 2.11369498293e-11, 9.748352299e-12, 5.69029849282e-12, 3.85992670118e-12, 9.08706356689e-12, 5.08551360745e-12, 1.31175127184e-12, 1.55957972231e-12, 8.705133836e-12, 1.70642614622e-11, 1.58323007482e-11, 6.84105159673e-12, 3.45135161769e-12, 3.10661544232e-12, 2.27835307044e-12, 1.62850603228e-12, 2.79130364655e-12]}, "mfcc": {"mean": [-786.19128418, 168.186584473, 42.5417938232, 19.4455509186, 11.3335609436, 5.51365756989, -6.74309110641, 3.88933205605, -2.10764145851, 2.89406633377, 3.53711414337, -0.190638139844, 1.47093689442], "cov": [[17335.3359375, 1386.44360352, -895.754821777, 7.28506326675, -111.76927948, -85.9283752441, -290.244293213, -49.3489532471, -321.836853027, -55.9416046143, -96.9797439575, -221.356994629, -26.304189682], [1386.44360352, 3649.10717773, 57.3067970276, 164.418411255, 357.322570801, 62.8278198242, 114.377624512, 40.7344169617, 104.109352112, 46.8984947205, -62.1450653076, -101.529960632, -79.44871521], [-895.754821777, 57.3067970276, 1280.88452148, 193.967193604, 64.3739852905, 207.348693848, -1.60784161091, 91.3441543579, 53.3976898193, 158.344604492, 214.680130005, 162.651626587, 164.140914917], [7.28506326675, 164.418411255, 193.967193604, 292.853118896, 114.282859802, 31.7721767426, 19.8108768463, 12.3482837677, 36.6239242554, 60.8406829834, 44.9396018982, 44.9420623779, 35.9964904785], [-111.76927948, 357.322570801, 64.3739852905, 114.282859802, 254.321289062, 98.9831771851, 42.3077392578, 22.5332775116, 46.4631652832, 54.1632232666, 19.802488327, -10.2414522171, 8.54170703888], [-85.9283752441, 62.8278198242, 207.348693848, 31.7721767426, 98.9831771851, 181.223922729, 66.4309921265, 46.2001228333, 16.0349960327, 26.7500076294, 26.885679245, 12.1088943481, 20.5991210938], [-290.244293213, 114.377624512, -1.60784161091, 19.8108768463, 42.3077392578, 66.4309921265, 183.925186157, 69.650894165, 19.0371608734, -9.6894865036, -24.9985027313, -23.5202980042, -25.7115440369], [-49.3489532471, 40.7344169617, 91.3441543579, 12.3482837677, 22.5332775116, 46.2001228333, 69.650894165, 121.516914368, 37.2002868652, -13.8338413239, 6.24026250839, 3.92912006378, -6.68812274933], [-321.836853027, 104.109352112, 53.3976898193, 36.6239242554, 46.4631652832, 16.0349960327, 19.0371608734, 37.2002868652, 116.582130432, 52.1622924805, 5.2924580574, 14.0526742935, 2.33844947815], [-55.9416046143, 46.8984947205, 158.344604492, 60.8406829834, 54.1632232666, 26.7500076294, -9.6894865036, -13.8338413239, 52.1622924805, 151.040130615, 67.7935333252, 14.4569616318, 41.1599159241], [-96.9797439575, -62.1450653076, 214.680130005, 44.9396018982, 19.802488327, 26.885679245, -24.9985027313, 6.24026250839, 5.2924580574, 67.7935333252, 142.031677246, 73.0612030029, 48.2561187744], [-221.356994629, -101.529960632, 162.651626587, 44.9420623779, -10.2414522171, 12.1088943481, -23.5202980042, 3.92912006378, 14.0526742935, 14.4569616318, 73.0612030029, 136.622528076, 67.5456542969], [-26.304189682, -79.44871521, 164.140914917, 35.9964904785, 8.54170703888, 20.5991210938, -25.7115440369, -6.68812274933, 2.33844947815, 41.1599159241, 48.2561187744, 67.5456542969, 129.154174805]], "icov": [[7.74474392529e-05, -4.95484418934e-05, 0.000117611416499, -0.00010847991507, 0.000155972084031, -0.00017358387413, 0.000248550000833, -0.000252773519605, 0.00030252666329, -0.000159417482791, 1.56199507728e-06, 8.61816079123e-05, -8.05106537882e-05], [-4.95484418934e-05, 0.000372735259589, -0.000184022122994, 8.03283037385e-05, -0.00065492046997, 0.000400849967264, -0.000306735862978, 0.000254426995525, -0.000334522250341, 0.000176125293365, 0.000149045779835, 7.27331644157e-05, 0.000218372952077], [0.000117611416499, -0.000184022122994, 0.00183433503844, -0.000928844383452, 0.00127163622528, -0.00212624063715, 0.00102522713132, -0.00147155474406, 0.000581027765293, -0.00102201360278, -0.00111396261491, -0.00021579505119, -0.00093444250524], [-0.00010847991507, 8.03283037385e-05, -0.000928844383452, 0.00524632167071, -0.00286561483517, 0.00203134445474, -0.00119695393369, 0.000585336587392, -0.000256787840044, -0.000650831905659, 0.000587839924265, -0.00171832437627, 0.000294225435937], [0.000155972084031, -0.00065492046997, 0.00127163622528, -0.00286561483517, 0.00831914786249, -0.00505576329306, 0.00103011785541, -0.000423653342295, -0.00103175535332, -0.000956993200816, -0.00133787177037, 0.00181012251414, -0.0008723778883], [-0.00017358387413, 0.000400849967264, -0.00212624063715, 0.00203134445474, -0.00505576329306, 0.0113632613793, -0.00361676490866, -0.000254743237747, 0.000520761299413, 0.000320571358316, 0.000666863576043, -0.000613281037658, 9.60860052146e-05], [0.000248550000833, -0.000306735862978, 0.00102522713132, -0.00119695393369, 0.00103011785541, -0.00361676490866, 0.00935308355838, -0.00536883249879, 0.00169994332828, -0.00152923807036, 0.00155185849871, 0.000325329485349, 0.000691866094712], [-0.000252773519605, 0.000254426995525, -0.00147155474406, 0.000585336587392, -0.000423653342295, -0.000254743237747, -0.00536883249879, 0.0152375809848, -0.00691652391106, 0.00590594206005, -0.00293665681966, 0.0015628474066, 0.000123938531033], [0.00030252666329, -0.000334522250341, 0.000581027765293, -0.000256787840044, -0.00103175535332, 0.000520761299413, 0.00169994332828, -0.00691652391106, 0.0157422889024, -0.00824597105384, 0.0047982307151, -0.00426754588261, 0.00193636678159], [-0.000159417482791, 0.000176125293365, -0.00102201360278, -0.000650831905659, -0.000956993200816, 0.000320571358316, -0.00152923807036, 0.00590594206005, -0.00824597105384, 0.0150899039581, -0.00740250060335, 0.00558431213722, -0.00324467639439], [1.56199507728e-06, 0.000149045779835, -0.00111396261491, 0.000587839924265, -0.00133787177037, 0.000666863576043, 0.00155185849871, -0.00293665681966, 0.0047982307151, -0.00740250060335, 0.015690183267, -0.00758074736223, 0.00185735523701], [8.61816079123e-05, 7.27331644157e-05, -0.00021579505119, -0.00171832437627, 0.00181012251414, -0.000613281037658, 0.000325329485349, 0.0015628474066, -0.00426754588261, 0.00558431213722, -0.00758074736223, 0.0153961600736, -0.00598267884925], [-8.05106537882e-05, 0.000218372952077, -0.00093444250524, 0.000294225435937, -0.0008723778883, 9.60860052146e-05, 0.000691866094712, 0.000123938531033, 0.00193636678159, -0.00324467639439, 0.00185735523701, -0.00598267884925, 0.0125865750015]]}, "spectral_contrast_coeffs": {"dmean": [0.0448271930218, 0.0433359630406, 0.0374143309891, 0.0339194647968, 0.0258775055408, 0.0179767329246], "dmean2": [0.0685876980424, 0.0676783174276, 0.0547350645065, 0.0476664155722, 0.0370355322957, 0.027423389256], "dvar": [0.00198682537302, 0.00230468576774, 0.00146059412509, 0.00100714084692, 0.000699178897776, 0.000303349923342], "dvar2": [0.00420778058469, 0.00533795403317, 0.00296662817709, 0.00201971502975, 0.00131205073558, 0.000761319126468], "max": [-0.263228923082, -0.383709907532, -0.448625475168, -0.536460995674, -0.586081981659, -0.673757135868], "mean": [-0.626661479473, -0.689966440201, -0.740513086319, -0.771430492401, -0.800462722778, -0.826752066612], "median": [-0.643867015839, -0.691636919975, -0.740316987038, -0.774843215942, -0.810951888561, -0.827448129654], "min": [-0.971251308918, -0.975744128227, -0.982381284237, -0.964877903461, -0.972137033939, -0.933034539223], "var": [0.0144591741264, 0.0101321302354, 0.00851613190025, 0.0066342772916, 0.00483019649982, 0.00151181744877]}, "spectral_contrast_valleys": {"dmean": [0.388448446989, 0.413390100002, 0.481240957975, 0.540573179722, 0.577369570732, 0.675319552422], "dmean2": [0.593770623207, 0.603415131569, 0.678494811058, 0.714164793491, 0.689262866974, 0.785291612148], "dvar": [0.262711554766, 0.253980249166, 0.319537848234, 0.380234956741, 0.376531094313, 0.442271351814], "dvar2": [0.421898603439, 0.420351713896, 0.559479951859, 0.662245035172, 0.651067018509, 0.674669086933], "max": [-4.7655420