{"lowlevel": {"average_loudness": 0.777946710587, "barkbands_crest": {"dmean": 2.89515590668, "dmean2": 4.77314090729, "dvar": 10.9298686981, "dvar2": 27.0514831543, "max": 26.6463985443, "mean": 17.1469230652, "median": 17.4201831818, "min": 3.15048217773, "var": 36.5587272644}, "barkbands_flatness_db": {"dmean": 0.0525740943849, "dmean2": 0.0806993544102, "dvar": 0.00300368876196, "dvar2": 0.0067682066001, "max": 0.590271770954, "mean": 0.342274069786, "median": 0.345676451921, "min": 0.0610400438309, "var": 0.00693935807794}, "barkbands_kurtosis": {"dmean": 41.1398391724, "dmean2": 65.2993469238, "dvar": 9534.58300781, "dvar2": 22743.9746094, "max": 1353.73510742, "mean": 58.3284988403, "median": 21.4502696991, "min": -1.84464073181, "var": 11870.4462891}, "barkbands_skewness": {"dmean": 1.86168992519, "dmean2": 2.87000393867, "dvar": 6.9373831749, "dvar2": 15.5085611343, "max": 31.5230484009, "mean": 4.88338947296, "median": 3.81777334213, "min": -4.64960479736, "var": 16.4152774811}, "barkbands_spread": {"dmean": 5.65589857101, "dmean2": 9.77997398376, "dvar": 126.909225464, "dvar2": 342.793670654, "max": 83.2026138306, "mean": 7.17661190033, "median": 3.84627985954, "min": 0.11158875376, "var": 100.042793274}, "dissonance": {"dmean": 0.0262424889952, "dmean2": 0.0422293916345, "dvar": 0.000708972394932, "dvar2": 0.00195376877673, "max": 0.499757140875, "mean": 0.440821409225, "median": 0.453784018755, "min": 0.160547986627, "var": 0.00228626350872}, "dynamic_complexity": 3.72005295753, "erbbands_crest": {"dmean": 2.4742538929, "dmean2": 3.81958603859, "dvar": 6.29198884964, "dvar2": 13.9091367722, "max": 28.1553936005, "mean": 9.31499576569, "median": 8.32101249695, "min": 2.38294768333, "var": 16.2881298065}, "erbbands_flatness_db": {"dmean": 0.0236682035029, "dmean2": 0.0326910689473, "dvar": 0.000427128601586, "dvar2": 0.000882324646227, "max": 0.474237591028, "mean": 0.234045237303, "median": 0.211740255356, "min": 0.0325766839087, "var": 0.0058890208602}, "erbbands_kurtosis": {"dmean": 1.97238075733, "dmean2": 3.05619525909, "dvar": 7.57879400253, "dvar2": 16.0077323914, "max": 97.7521209717, "mean": 1.67149698734, "median": 0.365688562393, "min": -1.83267748356, "var": 26.9717712402}, "erbbands_skewness": {"dmean": 0.688887834549, "dmean2": 1.04596507549, "dvar": 0.596030294895, "dvar2": 1.3646146059, "max": 8.73635005951, "mean": 0.694615840912, "median": 0.740146994591, "min": -3.64455938339, "var": 1.44731867313}, "erbbands_spread": {"dmean": 17.5023155212, "dmean2": 26.4951019287, "dvar": 390.337554932, "dvar2": 893.595031738, "max": 142.961288452, "mean": 43.5941085815, "median": 34.8857765198, "min": 1.40127944946, "var": 860.135803223}, "hfc": {"dmean": 9.98377895355, "dmean2": 16.1080436707, "dvar": 535.105102539, "dvar2": 1350.88439941, "max": 232.233703613, "mean": 15.8233575821, "median": 8.58201694489, "min": 1.19988159444e-16, "var": 573.904418945}, "melbands_crest": {"dmean": 2.95567154884, "dmean2": 4.6918592453, "dvar": 9.9548997879, "dvar2": 23.7459125519, "max": 34.3056488037, "mean": 20.3880138397, "median": 19.8931369781, "min": 2.33450603485, "var": 37.010471344}, "melbands_flatness_db": {"dmean": 0.0642630681396, "dmean2": 0.095958262682, "dvar": 0.00471790507436, "dvar2": 0.0107580702752, "max": 0.736984431744, "mean": 0.43337315321, "median": 0.438973635435, "min": 0.00551877170801, "var": 0.012477170676}, "melbands_kurtosis": {"dmean": 49.6745071411, "dmean2": 77.5848999023, "dvar": 6456.875, "dvar2": 14082.8173828, "max": 1109.3614502, "mean": 86.0261306763, "median": 48.0308876038, "min": -1.78570699692, "var": 11688.75}, "melbands_skewness": {"dmean": 1.84397637844, "dmean2": 2.88926935196, "dvar": 4.5955953598, "dvar2": 10.6407423019, "max": 26.0015697479, "mean": 5.72515916824, "median": 5.07420921326, "min": -3.02589726448, "var": 12.4452610016}, "melbands_spread": {"dmean": 4.70255231857, "dmean2": 8.34914302826, "dvar": 137.064666748, "dvar2": 387.485412598, "max": 142.132614136, "mean": 6.38860034943, "median": 2.75607705116, "min": 0.20061892271, "var": 130.59538269}, "pitch_salience": {"dmean": 0.0858116745949, "dmean2": 0.13945120573, "dvar": 0.00945670343935, "dvar2": 0.0222179219127, "max": 0.845422029495, "mean": 0.397117823362, "median": 0.412029117346, "min": 0.0372716225684, "var": 0.0302103739232}, "silence_rate_20dB": {"dmean": 0.0505502074957, "dmean2": 0.101117797196, "dvar": 0.0479928217828, "dvar2": 0.0933015495539, "max": 1, "mean": 0.933127045631, "median": 1, "min": 0, "var": 0.0624038428068}, "silence_rate_30dB": {"dmean": 0.0887207686901, "dmean2": 0.177472054958, "dvar": 0.0808514431119, "dvar2": 0.168675541878, "max": 1, "mean": 0.69761043787, "median": 1, "min": 0, "var": 0.210944741964}, "silence_rate_60dB": {"dmean": 0.00275103165768, "dmean2": 0.0055030095391, "dvar": 0.00274352286942, "dvar2": 0.00616083294153, "max": 1, "mean": 0.0849234983325, "median": 0, "min": 0, "var": 0.0777030438185}, "spectral_centroid": {"dmean": 359.812744141, "dmean2": 578.451293945, "dvar": 335387.71875, "dvar2": 814388.6875, "max": 10701.1044922, "mean": 676.810241699, "median": 452.742767334, "min": 109.025993347, "var": 445026.3125}, "spectral_complexity": {"dmean": 3.92812919617, "dmean2": 6.43267393112, "dvar": 50.2080154419, "dvar2": 116.534873962, "max": 60, "mean": 10.5798521042, "median": 9, "min": 0, "var": 61.0942230225}, "spectral_decrease": {"dmean": 1.44591254525e-08, "dmean2": 2.22828191454e-08, "dvar": 1.22632276021e-15, "dvar2": 2.53565114936e-15, "max": 1.04665529496e-28, "mean": -2.77657292713e-08, "median": -1.44049350226e-08, "min": -3.17092911928e-07, "var": 1.70384616043e-15}, "spectral_energy": {"dmean": 0.0549088157713, "dmean2": 0.0842383950949, "dvar": 0.0174613073468, "dvar2": 0.0359837412834, "max": 1.20385456085, "mean": 0.106229670346, "median": 0.0555289015174, "min": 1.04882414236e-20, "var": 0.0246003810316}, "spectral_energyband_high": {"dmean": 0.000941242964473, "dmean2": 0.00164894585032, "dvar": 6.53106599202e-06, "dvar2": 1.73081953108e-05, "max": 0.0220512580127, "mean": 0.000700591073837, "median": 5.22201080457e-05, "min": 7.73390285165e-21, "var": 4.73431191494e-06}, "spectral_energyband_low": {"dmean": 0.0546253211796, "dmean2": 0.0853424593806, "dvar": 0.0182354394346, "dvar2": 0.0382025949657, "max": 1.18483793736, "mean": 0.0962066724896, "median": 0.044112212956, "min": 4.66901904905e-23, "var": 0.0241529215127}, "spectral_energyband_middle_high": {"dmean": 0.00193204393145, "dmean2": 0.00336781423539, "dvar": 2.55657287198e-05, "dvar2": 7.14618145139e-05, "max": 0.0433917939663, "mean": 0.00191747536883, "median": 0.000578547012992, "min": 1.29035954837e-21, "var": 1.78628815775e-05}, "spectral_energyband_middle_low": {"dmean": 0.00304706883617, "dmean2": 0.00504180090502, "dvar": 5.28554883203e-05, "dvar2": 0.00014193856623, "max": 0.181733369827, "mean": 0.00949244014919, "median": 0.00693966727704, "min": 2.54447602472e-22, "var": 0.000117088937259}, "spectral_entropy": {"dmean": 0.374794006348, "dmean2": 0.526177048683, "dvar": 0.147652640939, "dvar2": 0.305742710829, "max": 9.80944252014, "mean": 6.7349190712, "median": 6.75798749924, "min": 4.21466588974, "var": 0.512284457684}, "spectral_flux": {"dmean": 0.0646977573633, "dmean2": 0.101771898568, "dvar": 0.0105386963114, "dvar2": 0.0255128685385, "max": 0.955419242382, "mean": 0.114296108484, "median": 0.0709478333592, "min": 1.04574404691e-10, "var": 0.0194012820721}, "spectral_kurtosis": {"dmean": 12.2336559296, "dmean2": 20.1650829315, "dvar": 517.869140625, "dvar2": 1328.91784668, "max": 282.651885986, "mean": 24.8031921387, "median": 4.22535705566, "min": -1.31098139286, "var": 2353.65722656}, "spectral_rms": {"dmean": 0.00198433641344, "dmean2": 0.00293836789206, "dvar": 1.12278157758e-05, "dvar2": 1.97959125217e-05, "max": 0.0342708677053, "mean": 0.00845587160438, "median": 0.00736033543944, "min": 3.19881707928e-12, "var": 3.21369188896e-05}, "spectral_rolloff": {"dmean": 261.483642578, "dmean2": 492.182067871, "dvar": 598193.0625, "dvar2": 1581817.625, "max": 19164.5507812, "mean": 395.677825928, "median": 172.265625, "min": 64.599609375, "var": 710779.3125}, "spectral_skewness": {"dmean": 1.00471544266, "dmean2": 1.56269180775, "dvar": 1.39790427685, "dvar2": 3.77605032921, "max": 13.0073471069, "mean": 2.48586702347, "median": 1.61038684845, "min": -0.231391981244, "var": 6.34145355225}, "spectral_spread": {"dmean": 770343.375, "dmean2": 1095033.5, "dvar": 1037820952580.0, "dvar2": 1633210073090.0, "max": 47838672, "mean": 3157528, "median": 3163777.25, "min": 273216.75, "var": 3071932891140.0}, "spectral_strongpeak": {"dmean": 0.252977401018, "dmean2": 0.412959486246, "dvar": 0.174255609512, "dvar2": 0.436566472054, "max": 5.14052963257, "mean": 0.669263720512, "median": 0.574726939201, "min": 0, "var": 0.259388953447}, "zerocrossingrate": {"dmean": 0.00627344008535, "dmean2": 0.00859710853547, "dvar": 9.85079677776e-05, "dvar2": 0.000140551303048, "max": 0.51513671875, "mean": 0.0183054693043, "median": 0.01318359375, "min": 0.001953125, "var": 0.000580766005442}, "barkbands": {"dmean": [0.00257841055281, 0.0523088723421, 0.00530936056748, 0.00187141890638, 0.00114790152293, 0.000515442166943, 0.000160406474606, 0.000216769709368, 0.000118882649986, 0.000255848630331, 8.13393635326e-05, 0.0004563688708, 8.94704862731e-05, 0.000111950575956, 0.000149549654452, 0.000189968021004, 0.000221835507546, 0.000255109858699, 0.000277452869341, 0.000360708858352, 0.000243984803092, 0.000247166084591, 0.000159541581525, 6.37078410364e-05, 2.62458513589e-07, 7.86386955554e-09, 3.76915165745e-09], "dmean2": [0.00422810018063, 0.082862958312, 0.00970829185098, 0.00316899619065, 0.00188612379134, 0.000805797171779, 0.000240500870859, 0.000295378238661, 0.000204111245694, 0.00043565130909, 0.000125324761029, 0.000670164183248, 0.000161393676535, 0.000204634896363, 0.000276083766948, 0.000354159623384, 0.00042211971595, 0.000489422061946, 0.000531490368303, 0.000625518267043, 0.000430969521403, 0.000445087644039, 0.000282041786704, 0.000110904540634, 4.43650918669e-07, 1.37678650702e-08, 6.82488998649e-09], "dvar": [4.59647999378e-05, 0.0176120270044, 0.000327458285028, 3.20230756188e-05, 5.69457461097e-06, 1.00707416095e-06, 1.29482756961e-07, 1.72955594735e-07, 1.20477082532e-07, 6.17606247033e-07, 1.70275189504e-08, 1.04843502413e-06, 1.03684676844e-07, 1.90010197798e-07, 4.15033156287e-07, 4.2072309725e-07, 6.54939412925e-07, 1.1675119822e-06, 1.53044845774e-06, 9.51017398165e-07, 6.36837398815e-07, 6.32072442386e-07, 1.88089856579e-07, 4.06241333906e-08, 8.89545056539e-13, 2.13871456962e-15, 4.53864539162e-17], "dvar2": [0.000111858978926, 0.0395500548184, 0.000948862230871, 8.29513810459e-05, 1.57378344738e-05, 2.54080418927e-06, 2.9070531582e-07, 3.15270682449e-07, 3.41208846066e-07, 1.59003047884e-06, 4.14192236065e-08, 1.96738233171e-06, 2.94712691584e-07, 5.34554033038e-07, 1.18663513149e-06, 1.20449169572e-06, 1.88839942439e-06, 3.40829478773e-06, 4.47303182227e-06, 2.47761954597e-06, 1.77420633918e-06, 1.76579419531e-06, 4.96417897011e-07, 1.09457587882e-07, 2.37924784041e-12, 5.90038026508e-15, 1.33123443464e-16], "max": [0.0665442496538, 1.13741850853, 0.180521994829, 0.157495647669, 0.0688449516892, 0.0160507783294, 0.00811499729753, 0.0144462976605, 0.00563882570714, 0.00961781293154, 0.00219248700887, 0.0147224953398, 0.00679250014946, 0.00730191543698, 0.0136202313006, 0.00803268421441, 0.00940112490207, 0.0102803567424, 0.0120625514537, 0.00950333382934, 0.00846595037729, 0.00729426927865, 0.00395324965939, 0.00211309082806, 1.00272345662e-05, 1.34208858071e-06, 1.00792824753e-07], "mean": [0.00273148505948, 0.0849079936743, 0.00650262413546, 0.00388096855022, 0.00316722830757, 0.00132779043633, 0.000349712296156, 0.000566048605833, 0.000163033502758, 0.000267069117399, 0.000126766899484, 0.000583206012379, 8.8303037046e-05, 8.7095744675e-05, 0.000103934580693, 0.000142091463204, 0.000129337990074, 0.000148643463035, 0.000166204525158, 0.00027726549888, 0.000187823461602, 0.000170320054167, 0.000110934524855, 4.38239439973e-05, 1.84756558497e-07, 6.32157837188e-09, 3.28274740724e-09], "median": [0.000821640889626, 0.0334169007838, 0.00301227602176, 0.00173390062992, 0.00232072011568, 0.000722590426449, 0.000150883191964, 0.000176696732524, 7.93776562205e-05, 5.78566687182e-05, 5.50182048755e-05, 8.41999062686e-05, 2.27452073887e-05, 2.09494191949e-05, 1.31033866637e-05, 2.18137756747e-05, 4.79562686451e-06, 7.93362232798e-06, 1.04468708741e-05, 1.89916972886e-05, 1.8356480723e-05, 7.73749070504e-06, 2.60677438746e-06, 7.19558158835e-07, 4.02673805411e-09, 1.05408626272e-09, 9.6326591148e-10], "min": [8.27458291592e-25, 1.69917799085e-23, 1.28009839597e-23, 1.82090060904e-24, 1.02009149822e-23, 3.51364106103e-23, 3.76827337055e-23, 8.04711014073e-23, 3.7496442625e-23, 1.41602693966e-23, 6.0440509385e-23, 7.28310150947e-23, 7.56317742308e-23, 6.2814797694e-23, 1.35789934521e-22, 9.0010916241e-23, 1.58118005043e-22, 1.49960350246e-22, 1.6080489053e-22, 2.89431198103e-22, 4.39086189759e-22, 4.32788631111e-22, 5.41998383369e-22, 7.7045356175e-22, 8.6948657919e-22, 1.81373627054e-21, 2.33643141688e-21], "var": [4.40741350758e-05, 0.0213544201106, 0.000208779121749, 7.15070782462e-05, 1.08029244075e-05, 3.04254513139e-06, 3.87097372823e-07, 1.11843792183e-06, 8.81522836949e-08, 5.95082497057e-07, 3.07488008389e-08, 1.81648488251e-06, 6.89367354312e-08, 1.17437416236e-07, 2.4265230536e-07, 2.4565886747e-07, 3.60793677601e-07, 6.22892002866e-07, 8.17936040676e-07, 7.29924011011e-07, 4.15205846593e-07, 3.95379601059e-07, 1.35450520133e-07, 2.7996170715e-08, 6.29661687374e-13, 1.39947514111e-15, 4.22725622787e-17]}, "erbbands": {"dmean": [2.04530310631, 10.207028389, 8.14191150665, 5.91956663132, 4.58965826035, 3.99444556236, 4.47407054901, 4.8549747467, 2.90895271301, 2.34391784668, 4.28832960129, 2.31231427193, 6.97713422775, 5.70544624329, 9.62789058685, 11.7434997559, 4.28027153015, 5.11430454254, 8.10241317749, 6.72694683075, 12.2704648972, 12.4876232147, 15.4646072388, 13.7211103439, 13.7739810944, 14.766535759, 13.5839700699, 9.26193714142, 8.86683177948, 5.20678806305, 5.03860330582, 2.46898436546, 0.490724503994, 0.0259269811213, 0.00114843307529, 0.000157729562488, 4.05074242735e-05, 1.05411500044e-05, 2.47897442023e-05, 5.94266566623e-05], "dmean2": [3.34106874466, 16.1382579803, 14.1452226639, 10.1390275955, 7.58223152161, 6.49270009995, 6.62412548065, 7.6703004837, 4.50905561447, 3.43466186523, 5.91310882568, 3.97177886963, 12.0509567261, 9.25112056732, 14.0542974472, 17.7004470825, 7.6620631218, 9.35917854309, 15.0545301437, 12.3655347824, 22.9333648682, 23.7209320068, 29.7156524658, 26.2564544678, 25.8794784546, 25.4603557587, 23.975233078, 16.3473434448, 15.8243837357, 9.23988819122, 8.99869823456, 4.28804636002, 0.84341865778, 0.04516575858, 0.00194508512504, 0.000261217472143, 6.40981234028e-05, 1.78037043952e-05, 3.66932763427e-05, 9.01411985978e-05], "dvar": [31.6775188446, 617.006835938, 614.652160645, 283.989654541, 150.516036987, 55.1930465698, 53.026134491, 108.049171448, 51.2709693909, 18.05975914, 67.9114608765, 50.0799179077, 378.472869873, 163.777786255, 434.756408691, 600.855041504, 236.195877075, 359.959228516, 1699.24609375, 534.416992188, 1632.08447266, 2107.60327148, 4333.22265625, 3524.47924805, 3533.72216797, 1491.81872559, 1660.66210938, 976.949462891, 782.478881836, 236.238357544, 199.551818848, 57.0758895874, 2.3895418644, 0.00749016273767, 1.28464971567e-05, 2.72566012427e-07, 1.1660863386e-08, 7.03257396761e-10, 3.11389958263e-09, 1.97715426253e-08], "dvar2": [77.0541915894, 1385.08862305, 1705.48974609, 783.321899414, 407.627685547, 144.799118042, 127.270439148, 283.270965576, 111.286552429, 39.7661361694, 129.044448853, 141.359344482, 1005.18023682, 417.851196289, 801.953491211, 1193.45959473, 669.848083496, 1000.35424805, 4919.35449219, 1507.97741699, 4689.61376953, 6078.08691406, 12646.1298828, 10288.8300781, 10279.7470703, 3865.69775391, 4450.48974609, 2725.57592773, 2175.61669922, 641.763916016, 536.094421387, 152.497650146, 6.34116840363, 0.0202242080122, 3.379680129e-05, 7.18426690582e-07, 2.83494774322e-08, 1.78896963909e-09, 6.16461681702e-09, 4.03846129871e-08], "max": [51.3513336182, 240.936309814, 245.93637085, 297.353271484, 411.736419678, 143.10748291, 112.032493591, 185.729827881, 170.820388794, 107.592575073, 291.930145264, 129.687271118, 216.236022949, 155.095901489, 303.166717529, 332.413146973, 334.467559814, 320.565948486, 834.687255859, 374.028869629, 402.197631836, 568.346557617, 620.557861328, 527.060424805, 612.026489258, 361.406829834, 447.387298584, 300.957885742, 296.992431641, 132.108764648, 134.720199585, 79.4606933594, 14.8222751617, 0.845824241638, 0.0382029637694, 0.0112148346379, 0.00206646462902, 0.000311700132443, 0.000537177897058, 0.00129947054666], "mean": [2.73837661743, 17.6600208282, 12.3682956696, 10.8650074005, 11.6683444977, 9.05406761169, 10.5180940628, 12.1619338989, 7.66061067581, 6.156873703, 11.1169366837, 3.36331415176, 7.82204818726, 7.91948795319, 13.4993114471, 14.5828943253, 4.38080024719, 4.09716463089, 5.58227777481, 4.96792650223, 9.17181682587, 7.48399543762, 8.87927341461, 8.18543148041, 8.79257678986, 11.8930044174, 10.2492656708, 6.99132585526, 6.30431890488, 3.68445825577, 3.36271739006, 1.69680595398, 0.343933135271, 0.0176306776702, 0.000872009026352, 0.000156934256665, 5.52993587917e-05, 1.0530747204e-05, 4.9823851441e-05, 0.000116533577966], "median": [0.710981011391, 7.86692476273, 8.00538158417, 5.41347074509, 7.5523724556, 6.51878452301, 6.16571140289, 5.7515540123, 3.38557386398, 3.06715750694, 3.85408258438, 1.74785232544, 2.42286705971, 3.28137111664, 3.27765440941, 2.65177321434, 1.34980511665, 1.03548943996, 0.82004314661, 0.911584794521, 1.38408625126, 0.475150406361, 0.424980223179, 0.452187508345, 0.660691201687, 0.921442866325, 0.943706214428, 0.550069332123, 0.315839022398, 0.150165677071, 0.072950348258, 0.0302035603672, 0.00584460003302, 0.000329319969751, 8.21827779873e-05, 4.115037882e-05, 2.20008623728e-05, 3.32598688146e-06, 2.61766163021e-05, 6.13406664343e-05], "min": [8.15273684889e-22, 2.48628560538e-21, 1.48563447472e-20, 8.32235219239e-21, 2.23114247245e-20, 3.06702189081e-20, 5.67507680263e-20, 4.44177480775e-19, 3.11697164446e-19, 1.28505878921e-18, 1.43325253865e-18, 1.06160390834e-18, 1.18778493411e-18, 1.26754665186e-18, 2.10090723417e-18, 2.77622803281e-18, 3.28179027665e-18, 3.11142146935e-18, 5.66939376163e-18, 7.74742821109e-18, 4.73941651923e-18, 8.65365420298e-18, 7.72392387399e-18, 1.08577786883e-17, 8.23892404182e-18, 1.38228034581e-17, 1.79898415992e-17, 1.68829515168e-17, 1.86675887253e-17, 1.08462279383e-17, 1.69520475678e-17, 1.6323613641e-17, 1.35220960085e-17, 1.02954489002e-17, 6.47998278546e-18, 5.92196095397e-18, 3.5007532566e-18, 1.26907600542e-18, 2.83670062245e-19, 3.75852388027e-20], "var": [31.9458007812, 785.999511719, 455.084411621, 416.287811279, 290.782501221, 100.707443237, 152.183135986, 325.700439453, 195.286621094, 76.8395614624, 395.056213379, 36.5846710205, 338.294372559, 196.08921814, 791.674316406, 987.342285156, 155.474456787, 229.367172241, 956.229309082, 325.306396484, 942.856445312, 1161.7409668, 2312.35327148, 1887.00427246, 1934.5234375, 1238.64733887, 1156.60327148, 633.209838867, 501.569274902, 162.100906372, 135.253219604, 39.7989196777, 1.71138989925, 0.00510885054246, 9.45758711168e-06, 2.08459610462e-07, 1.2112370662e-08, 6.13145201278e-10, 4.96934493555e-09, 2.88135701965e-08]}, "gfcc": {"mean": [-117.899787903, 189.841384888, -99.2409439087, 51.7451820374, -37.4675216675, 2.91935348511, 2.30602121353, -19.4794044495, 2.22020959854, -15.179772377, 4.4876999855, -9.88465023041, 5.79288101196], "cov": [[17980.5761719, -2340.34033203, -1874.09802246, 4762.93847656, -1297.00134277, 1082.46044922, 908.664916992, -177.449279785, 1087.17578125, -275.679107666, 770.064208984, -55.3425369263, 387.127502441], [-2340.34033203, 2709.10107422, 226.029602051, -2334.9387207, 1217.89550781, -411.346832275, -72.3536071777, 151.091812134, -347.548431396, 55.5586471558, -128.326690674, 143.766052246, 10.2732410431], [-1874.09802246, 226.029602051, 1221.15332031, -9.73725128174, 149.714523315, 78.0304794312, 92.3504257202, 77.5225601196, -24.1550712585, 80.66746521, -23.4111480713, -9.05257606506, 9.89388465881], [4762.93847656, -2334.9387207, -9.73725128174, 3363.5234375, -922.060852051, 346.859008789, 524.210021973, -96.3133773804, 454.556518555, -73.3950881958, 220.513885498, -113.384361267, 78.5484695435], [-1297.00134277, 1217.89550781, 149.714523315, -922.060852051, 1130.5513916, -267.140106201, 82.5208206177, 283.986907959, -168.83505249, 72.8988494873, -59.8974151611, 156.800384521, 37.9458427429], [1082.46044922, -411.346832275, 78.0304794312, 346.859008789, -267.140106201, 355.550109863, -11.2260503769, -42.4660186768, 124.101379395, -53.2798309326, 77.1523132324, -26.5803928375, 28.2710361481], [908.664916992, -72.3536071777, 92.3504257202, 524.210021973, 82.5208206177, -11.2260503769, 358.918945312, 62.4124679565, 42.2902679443, 54.0349082947, 61.1885032654, 35.1775398254, 53.4431686401], [-177.449279785, 151.091812134, 77.5225601196, -96.3133773804, 283.986907959, -42.4660186768, 62.4124679565, 226.363632202, -19.7439022064, 36.5343284607, 38.3479881287, 41.915977478, 28.8370170593], [1087.17578125, -347.548431396, -24.1550712585, 454.556518555, -168.83505249, 124.101379395, 42.2902679443, -19.7439022064, 190.718948364, -11.2898159027, 56.7221069336, -6.95292568207, 17.663892746], [-275.679107666, 55.5586471558, 80.66746521, -73.3950881958, 72.8988494873, -53.2798309326, 54.0349082947, 36.5343284607, -11.2898159027, 115.968963623, 15.5446119308, -2.01464009285, 16.329044342], [770.064208984, -128.326690674, -23.4111480713, 220.513885498, -59.8974151611, 77.1523132324, 61.1885032654, 38.3479881287, 56.7221069336, 15.5446119308, 115.046325684, 16.9070205688, 31.4470233917], [-55.3425369263, 143.766052246, -9.05257606506, -113.384361267, 156.800384521, -26.5803928375, 35.1775398254, 41.915977478, -6.95292568207, -2.01464009285, 16.9070205688, 98.7411270142, 19.1660671234], [387.127502441, 10.2732410431, 9.89388465881, 78.5484695435, 37.9458427429, 28.2710361481, 53.4431686401, 28.8370170593, 17.663892746, 16.329044342, 31.4470233917, 19.1660671234, 78.3274765015]], "icov": [[0.000360021571396, -0.000672735041007, 0.000706761027686, -0.00072259712033, 0.000176179702976, -0.00088421109831, 1.64336815942e-05, -9.82302371995e-05, -0.000566216767766, -0.00018837643438, -0.000506446172949, 6.32060400676e-05, -0.000442216580268], [-0.000672735041007, 0.00392236653715, -0.0018972964026, 0.00337720499374, -0.00225255847909, 0.00330685614608, -0.00214027310722, 0.0023485601414, 0.000127985898871, 0.00352697842754, -0.00177004060242, 0.00232321722433, -0.000465183955384], [0.000706761027686, -0.0018972964026, 0.00251134694554, -0.00191195833031, 0.000634236319456, -0.00285344873555, 0.00028106677928, -0.000959279597737, -0.000588602037169, -0.00198688334785, 0.000437709619291, -0.000374116469175, -0.000297331891488], [-0.00072259712033, 0.00337720499374, -0.00191195833031, 0.00386609113775, -0.00125574599952, 0.00329492310993, -0.00296801514924, 0.00161258678418, -0.000852129829582, 0.00381112075411, -0.00139654800296, 0.00251357443631, -0.00031326370663], [0.000176179702976, -0.00225255847909, 0.000634236319456, -0.00125574599952, 0.00402396265417, -0.000922006031033, 0.000608905625995, -0.00396970240399, 0.000352387869498, -0.00219189096242, 0.00322106969543, -0.00375382020138, 3.60631165677e-05], [-0.00088421109831, 0.00330685614608, -0.00285344873555, 0.00329492310993, -0.000922006031033, 0.00869839824736, -0.00104767631274, 0.00188460422214, -0.00157212023623, 0.00545398378745, -0.00355419074185, 0.00252023083158, -0.0016514462186], [1.64336815942e-05, -0.00214027310722, 0.00028106677928, -0.00296801514924, 0.000608905625995, -0.00104767631274, 0.00736511778086, -0.00146860105451, 0.00179212109651, -0.00485928123817, 0.00121689320076, -0.0036391527392, -0.000250253302511], [-9.82302371995e-05, 0.0023485601414, -0.000959279597737, 0.00161258678418, -0.00396970240399, 0.00188460422214, -0.00146860105451, 0.00979487970471, -0.000385564839235, 0.00229101558216, -0.0059819361195, 0.00277093239129, -0.00134668801911], [-0.000566216767766, 0.000127985898871, -0.000588602037169, -0.000852129829582, 0.000352387869498, -0.00157212023623, 0.00179212109651, -0.000385564839235, 0.0109420754015, -0.00248284824193, 0.00080970505951, -0.00268597481772, 0.0014086458832], [-0.00018837643438, 0.00352697842754, -0.00198688334785, 0.00381112075411, -0.00219189096242, 0.00545398378745, -0.00485928123817, 0.00229101558216, -0.00248284824193, 0.0169529076666, -0.00657888362184, 0.00663656275719, -0.00349396350794], [-0.000506446172949, -0.00177004060242, 0.000437709619291, -0.00139654800296, 0.00322106969543, -0.00355419074185, 0.00121689320076, -0.0059819361195, 0.00080970505951, -0.00657888362184, 0.0197338350117, -0.00670835515484, 8.24376766104e-05], [6.32060400676e-05, 0.00232321722433, -0.000374116469175, 0.00251357443631, -0.00375382020138, 0.00252023083158, -0.0036391527392, 0.00277093239129, -0.00268597481772, 0.00663656275719, -0.00670835515484, 0.0181150753051, -0.00323587446474], [-0.000442216580268, -0.000465183955384, -0.000297331891488, -0.00031326370663, 3.60631165677e-05, -0.0016514462186, -0.000250253302511, -0.00134668801911, 0.0014086458832, -0.00349396350794, 8.24376766104e-05, -0.00323587446474, 0.0177798047662]]}, "melbands": {"dmean": [0.0163228474557, 0.00698601454496, 0.000964841456152, 0.000271791737759, 0.000159557355801, 0.000102459351183, 4.28535677202e-05, 3.34948708769e-05, 2.98595678032e-05, 1.64785851666e-05, 3.74766677851e-05, 2.62274843408e-05, 1.93325704458e-05, 6.14810778643e-05, 9.70548262558e-06, 1.00286206361e-05, 9.18408295547e-06, 1.30480830194e-05, 1.0498053598e-05, 9.24421601667e-06, 1.56680853252e-05, 1.26065233417e-05, 1.31477354444e-05, 1.25636988741e-05, 1.09850898298e-05, 1.08402064143e-05, 9.4216220532e-06, 1.10220962597e-05, 9.99525036605e-06, 6.73541944707e-06, 4.97538530908e-06, 5.2606551435e-06, 4.24966765422e-06, 2.38771644945e-06, 3.09375695906e-06, 1.93852633856e-06, 1.47069317791e-06, 3.73806642529e-07, 4.90417946253e-08, 1.51562074002e-09], "dmean2": [0.0260838698596, 0.0109993824735, 0.00165545009077, 0.000449614541139, 0.000240406385274, 0.000161149015184, 6.58954013488e-05, 4.69822225568e-05, 4.17121846112e-05, 2.84454217763e-05, 6.44847095828e-05, 4.2894967919e-05, 2.84813286271e-05, 8.97311692825e-05, 1.75310160557e-05, 1.81543673534e-05, 1.68214810401e-05, 2.42558726313e-05, 1.91878043552e-05, 1.71523879544e-05, 2.93800894724e-05, 2.39736000367e-05, 2.51342844422e-05, 2.4126502467e-05, 2.10438047361e-05, 2.07491411857e-05, 1.7250991732e-05, 1.915419125e-05, 1.76838111656e-05, 1.19476853797e-05, 8.79607068782e-06, 9.38654739002e-06, 7.66862285673e-06, 4.20636888521e-06, 5.58266128792e-06, 3.32679701387e-06, 2.60678029917e-06, 6.29888916137e-07, 8.72791900974e-08, 2.40806974361e-09], "dvar": [0.00183571642265, 0.000286696478724, 7.3928117672e-06, 3.98473076757e-07, 6.8264625952e-08, 4.75193395744e-08, 9.79973169279e-09, 3.62335317305e-09, 3.24533000473e-09, 2.55886045686e-09, 1.12898943527e-08, 4.48199477532e-09, 1.33808675251e-09, 2.02522603132e-08, 7.95748134053e-10, 1.58704305253e-09, 1.15308707027e-09, 4.84285678226e-09, 1.54606449865e-09, 1.11323406049e-09, 2.73509348503e-09, 2.08820538639e-09, 2.65395749821e-09, 2.98028601797e-09, 2.25821583655e-09, 2.39877873121e-09, 1.38635403157e-09, 7.32970018014e-10, 8.43642600223e-10, 4.82680062586e-10, 3.23942234148e-10, 2.94167301629e-10, 1.63030977607e-10, 4.97286274659e-11, 7.51444809155e-11, 3.05054939642e-11, 2.2820629067e-11, 1.35924680799e-12, 3.07032773771e-14, 2.69766312133e-17], "dvar2": [0.0042705303058, 0.000660153920762, 2.02519931918e-05, 1.10078303805e-06, 1.67880543245e-07, 1.22378892797e-07, 2.14084980854e-08, 7.09970793267e-09, 6.49085363236e-09, 7.27391435973e-09, 2.97379028069e-08, 1.14948104368e-08, 2.56938093024e-09, 3.80811258083e-08, 2.19038831517e-09, 4.55835591495e-09, 3.18953241596e-09, 1.40684184302e-08, 4.38259473157e-09, 3.16036130599e-09, 7.89301690673e-09, 6.01918692666e-09, 7.69734764816e-09, 8.70839134137e-09, 6.59230714462e-09, 7.01557700822e-09, 3.99886523894e-09, 1.86821202952e-09, 2.2263910715e-09, 1.33875122099e-09, 9.10141573218e-10, 8.22182488758e-10, 4.50663978357e-10, 1.30676094945e-10, 2.03684194511e-10, 7.86521195395e-11, 6.25750007366e-11, 3.5324531928e-12, 8.41101412694e-14, 6.73022336688e-17], "max": [0.377518057823, 0.187372148037, 0.0509399324656, 0.0207413490862, 0.00405897852033, 0.00393294170499, 0.00230114581063, 0.00181376980618, 0.00193558551837, 0.00086087960517, 0.00120879092719, 0.000812939426396, 0.000512638769578, 0.00204771151766, 0.000364352483302, 0.000874647172168, 0.000560467888135, 0.00134391477332, 0.000774910498876, 0.000537151587196, 0.000533912621904, 0.000544879410882, 0.000569320982322, 0.00051835202612, 0.000428723462392, 0.000509616278578, 0.000360047764843, 0.000243874732405, 0.000319472019328, 0.00024929078063, 0.000204442039831, 0.000188713791431, 0.000109269261884, 8.14102750155e-05, 8.15630046418e-05, 5.30360848643e-05, 5.03982701048e-05, 1.03092552308e-05, 1.62950914273e-06, 5.76906593608e-08], "mean": [0.0247488748282, 0.0125437751412, 0.00192955625243, 0.000701563432813, 0.00038177362876, 0.000261563545791, 0.000112423891551, 9.09025111469e-05, 7.49873070163e-05, 2.15062973439e-05, 4.14713722421e-05, 3.43951505783e-05, 2.98328650388e-05, 7.86434393376e-05, 8.76241301739e-06, 9.54882671067e-06, 7.06950095264e-06, 8.94173899724e-06, 7.66297398513e-06, 6.51971868137e-06, 1.16181154226e-05, 7.39167444408e-06, 7.5486464084e-06, 7.28313034415e-06, 6.53565757602e-06, 6.54033738101e-06, 6.49349749438e-06, 8.80605421116e-06, 7.25954669178e-06, 5.11891221322e-06, 3.67565121451e-06, 3.76452453565e-06, 2.84636348624e-06, 1.75732418484e-06, 2.03658100872e-06, 1.36157950692e-06, 9.74591557679e-07, 2.71375370176e-07, 3.17631467794e-08, 1.19921184094e-09], "median": [0.00827649794519, 0.00715232407674, 0.00111047597602, 0.000528333941475, 0.000235097599216, 0.000127091159811, 5.38459207746e-05, 3.86483407055e-05, 2.69028842013e-05, 1.06551833596e-05, 1.19852866192e-05, 1.26569493659e-05, 1.06807683551e-05, 1.08654430733e-05, 2.23210349759e-06, 2.55243276115e-06, 1.62618346167e-06, 1.25085136915e-06, 1.1232880297e-06, 1.15796194677e-06, 1.61836999268e-06, 2.9996240869e-07, 2.85945077394e-07, 3.78292696723e-07, 3.30995334252e-07, 4.36697121131e-07, 5.28064958871e-07, 6.21169704118e-07, 5.73262127546e-07, 4.56279991567e-07, 2.41471724394e-07, 1.7712591216e-07, 1.1159330171e-07, 6.24719902476e-08, 3.99328428102e-08, 2.39385595791e-08, 1.45511886984e-08, 4.69953276294e-09, 2.70478445197e-10, 3.42737366266e-11], "min": [5.56898209864e-24, 5.99225291151e-24, 1.63186784247e-24, 2.45193687396e-24, 1.96433031275e-24, 9.02672313486e-24, 5.97712689809e-24, 1.61890981603e-23, 1.05135310926e-23, 5.90566753856e-24, 5.4128069665e-24, 4.38231717715e-24, 7.42034121887e-24, 5.10094303496e-24, 6.41469423715e-24, 7.55750361991e-24, 5.21590965114e-24, 7.69913491797e-24, 1.18788221276e-23, 1.0971765404e-23, 4.74882589802e-24, 9.72446035034e-24, 7.09542676695e-24, 6.71547112309e-24, 9.14856585712e-24, 6.21307282826e-24, 4.96147952667e-24, 1.09569584849e-23, 1.15040705991e-23, 8.7363039926e-24, 1.06241057256e-23, 1.19127928447e-23, 6.09924059406e-24, 5.69366393129e-24, 8.44768345321e-24, 1.15900075284e-23, 9.73784337559e-24, 9.34596883232e-24, 7.78301055372e-24, 9.44030476367e-24], "var": [0.00208491482772, 0.000337102508638, 1.09114762381e-05, 6.62435695631e-07, 1.87616933545e-07, 1.46029989878e-07, 3.67690908831e-08, 2.18361009274e-08, 1.70878831085e-08, 1.78395409556e-09, 1.03448911659e-08, 4.94652629968e-09, 2.59268184699e-09, 3.45873161223e-08, 5.35814059788e-10, 1.00608310571e-09, 7.41184613684e-10, 2.69985211965e-09, 9.38630728697e-10, 6.58813670285e-10, 1.55951662695e-09, 1.1516485543e-09, 1.44002687552e-09, 1.58637203374e-09, 1.20890675248e-09, 1.28123534004e-09, 7.94787180514e-10, 6.46980635732e-10, 5.95778537615e-10, 3.16620701879e-10, 2.05376646245e-10, 1.87289891929e-10, 1.03797630213e-10, 3.82124262788e-11, 4.97982800829e-11, 2.28041665412e-11, 1.49298681057e-11, 1.02867931187e-12, 1.99337972479e-14, 2.25041500137e-17]}, "mfcc": {"mean": [-739.749267578, 180.12046814, 23.6677570343, 49.4669075012, -4.21288967133, 29.9756126404, 5.1338057518, 12.1293420792, 1.09987509251, 9.32730197906, -10.0137472153, 7.30255794525, 3.64308476448], "cov": [[10938.7431641, -1641.66247559, -520.345703125, 2352.39477539, -587.568237305, 1160.4041748, -279.225708008, 796.346984863, -131.828140259, 723.166381836, -278.735656738, 657.73425293, -37.2248077393], [-1641.66247559, 3115.99975586, -216.005050659, -1152.84570312, 509.291229248, -444.318786621, 345.351806641, -137.83984375, 206.783706665, -362.346282959, 134.597045898, -176.854858398, 193.758255005], [-520.345703125, -216.005050659, 854.452819824, 64.9701766968, -98.384552002, 164.803527832, 1.01875436306, -16.9374332428, -2.03680801392, 74.3786849976, -14.7308473587, 33.645111084, -24.0846824646], [2352.39477539, -1152.84570312, 64.9701766968, 1762.84228516, -85.3916549683, 426.065460205, 50.8973617554, 317.09942627, 99.791633606, 275.721069336, 24.1357841492, 188.299255371, -4.67494010925], [-587.568237305, 509.291229248, -98.384552002, -85.3916549683, 447.980834961, -101.21521759, 115.752822876, 83.5217971802, 122.432899475, -55.0701789856, 69.9566040039, 1.10451793671, 35.7049446106], [1160.4041748, -444.318786621, 164.803527832, 426.065460205, -101.21521759, 337.882751465, -32.0899124146, 121.718887329, -2.98518037796, 117.389686584, -28.6908683777, 80.4133453369, -15.5550251007], [-279.225708008, 345.351806641, 1.01875436306, 50.8973617554, 115.752822876, -32.0899124146, 211.68208313, 41.0262947083, 86.2391586304, -13.7167348862, 34.4982566833, 4.71066045761, 46.9464416504], [796.346984863, -137.83984375, -16.9374332428, 317.09942627, 83.5217971802, 121.718887329, 41.0262947083, 258.966461182, 61.3940467834, 55.2278366089, 12.605301857, 75.0666122437, 32.4916725159], [-131.828140259, 206.783706665, -2.03680801392, 99.791633606, 122.432899475, -2.98518037796, 86.2391586304, 61.3940467834, 134.799545288, 6.62087154388, 37.0762672424, 13.5381374359, 42.0509872437], [723.166381836, -362.346282959, 74.3786849976, 275.721069336, -55.0701789856, 117.389686584, -13.7167348862, 55.2278366089, 6.62087154388, 162.036071777, -0.662358224392, 85.0460510254, -11.5489091873], [-278.735656738, 134.597045898, -14.7308473587, 24.1357841492, 69.9566040039, -28.6908683777, 34.4982566833, 12.605301857, 37.0762672424, -0.662358224392, 97.2551116943, 2.19610762596, 19.2990837097], [657.73425293, -176.854858398, 33.645111084, 188.299255371, 1.10451793671, 80.4133453369, 4.71066045761, 75.0666122437, 13.5381374359, 85.0460510254, 2.19610762596, 122.169242859, 23.5465583801], [-37.2248077393, 193.758255005, -24.0846824646, -4.67494010925, 35.7049446106, -15.5550251007, 46.9464416504, 32.4916725159, 42.0509872437, -11.5489091873, 19.2990837097, 23.5465583801, 99.2499389648]], "icov": [[0.000622752238996, -0.000612195290159, 0.000738795672078, -0.000497587490827, 0.000652858521789, -0.000972069741692, 0.00082587020006, -0.00103930116165, 0.000849974574521, -0.00133396079764, 0.00150917260908, -0.00177383678965, 0.000758966198191], [-0.000612195290159, 0.00143048644532, -0.000659703917336, 0.00091705279192, -0.000974867783953, 0.000801462330855, -0.00163004675414, 0.00129354582168, -0.00141553359572, 0.00213003484532, -0.00189500628039, 0.00189072953071, -0.00154774228577], [0.000738795672078, -0.000659703917336, 0.00228242995217, -0.000359065568773, 0.000937255681492, -0.00207823817618, 0.000612331321463, -0.000787488359492, 0.000609468319453, -0.00182958168443, 0.00164088536985, -0.00223236973397, 0.00114664598368], [-0.000497587490827, 0.00091705279192, -0.000359065568773, 0.00173129490577, -0.000333726668032, -0.000146834849147, -0.00137607206125, 0.000307144306134, -0.00163221836556, 0.000604139931966, -0.00183314585593, 0.00129517412279, -0.000524081056938], [0.000652858521789, -0.000974867783953, 0.000937255681492, -0.000333726668032, 0.00482939975336, -0.000126281360281, 0.000473282067105, -0.00258672307245, -0.00166606274433, -0.000443066062871, 0.000296881335089, -0.00306274974719, 0.0025487691164], [-0.000972069741692, 0.000801462330855, -0.00207823817618, -0.000146834849147, -0.000126281360281, 0.00776589289308, -0.000472762709251, -0.000466075434815, -0.00107230083086, 0.000626137363724, -0.00108393491246, 0.00220184423961, -0.000586136069614], [0.00082587020006, -0.00163004675414, 0.000612331321463, -0.00137607206125, 0.000473282067105, -0.000472762709251, 0.00885909423232, -0.00171734637115, -0.00128398416564, -0.0022002661135, 0.00216273451224, -0.00221668882295, 9.64787759585e-05], [-0.00103930116165, 0.00129354582168, -0.000787488359492, 0.000307144306134, -0.00258672307245, -0.000466075434815, -0.00171734637115, 0.00877941679209, -0.00261434563436, 0.00316469185054, -0.00225875596516, 0.000837767787743, -0.00257964106277], [0.000849974574521, -0.00141553359572, 0.000609468319453, -0.00163221836556, -0.00166606274433, -0.00107230083086, -0.00128398416564, -0.00261434563436, 0.0158044919372, -0.00404042797163, 0.000963224621955, -0.000431938911788, -0.00220338650979], [-0.00133396079764, 0.00213003484532, -0.00182958168443, 0.000604139931966, -0.000443066062871, 0.000626137363724, -0.0022002661135, 0.00316469185054, -0.00404042797163, 0.0171000491828, -0.0047262897715, -0.00394459441304, 0.000744630116969], [0.00150917260908, -0.00189500628039, 0.00164088536985, -0.00183314585593, 0.000296881335089, -0.00108393491246, 0.00216273451224, -0.00225875596516, 0.000963224621955, -0.0047262897715, 0.0164632350206, -0.00373548432253, 0.000744019111153], [-0.00177383678965, 0.00189072953071, -0.00223236973397, 0.00129517412279, -0.00306274974719, 0.00220184423961, -0.00221668882295, 0.000837767787743, -0.000431938911788, -0.00394459441304, -0.00373548432253, 0.0215016100556, -0.00726676313207], [0.000758966198191, -0.00154774228577, 0.00114664598368, -0.000524081056938, 0.0025487691164, -0.000586136069614, 9.64787759585e-05, -0.00257964106277, -0.00220338650979, 0.000744630116969, 0.000744019111153, -0.00726676313207, 0.0160249564797]]}, "spectral_contrast_coeffs": {"dmean": [0.0407194942236, 0.038514316082, 0.0368660762906, 0.0265552848577, 0.0314102768898, 0.0362570136786], "dmean2": [0.0669132322073, 0.0623335242271, 0.0592916235328, 0.0438516587019, 0.0494595468044, 0.05802109465], "dvar": [0.00129592674784, 0.00107944908086, 0.000955968338531, 0.000493736413773, 0.000836211198475, 0.00161870929878], "dvar2": [0.00345812086016, 0.00271074823104, 0.002428320935, 0.00130306405481, 0.00212871236727, 0.00417361035943], "max": [-0.306590616703, -0.452341556549, -0.533842563629, -0.592754662037, -0.60426825285, -0.444548308849], "mean": [-0.66027033329, -0.718595743179, -0.773399889469, -0.808662414551, -0.805471420288, -0.688786447048], "median": [-0.671989619732, -0.719457626343, -0.781924724579, -0.816139996052, -0.817368745804, -0.661260247231], "min": [-0.972184658051, -0.984650790691, -0.974997937679, -0.961960196495, -0.960973680019, -0.961242794991], "var": [0.00657375762239, 0.00416232924908, 0.00406924728304, 0.00251822080463, 0.00327225611545, 0.0116162942722]}, "spectral_contrast_valleys": {"dmean": [0.323875278234, 0.342930018902, 0.43232485652, 0.564391613007, 0.639692246914, 0.849158287048], "dmean2": [0.52417910099, 0.548636555672, 0.693265259266, 0.872288644314, 0.913281857967, 1.15361130238], "dvar": [0.112945832312, 0.146755933762, 0.246863260865, 0.470691621304, 0.579441130161, 0.535157620907], "dvar2": [0.234553039