{"lowlevel": {"average_loudness": 0.93851941824, "barkbands_crest": {"dmean": 2.19005823135, "dmean2": 3.6025416851, "dvar": 5.61682653427, "dvar2": 15.3472852707, "max": 25.0041694641, "mean": 10.8156604767, "median": 10.1684417725, "min": 2.56521081924, "var": 17.6498622894}, "barkbands_flatness_db": {"dmean": 0.0216689556837, "dmean2": 0.0316303446889, "dvar": 0.000566679926123, "dvar2": 0.00126853841357, "max": 0.522094964981, "mean": 0.143091961741, "median": 0.125045090914, "min": 0.0155231589451, "var": 0.00588945904747}, "barkbands_kurtosis": {"dmean": 4.42253398895, "dmean2": 6.95024633408, "dvar": 124.219589233, "dvar2": 333.118133545, "max": 303.004241943, "mean": 9.11826324463, "median": 5.18027257919, "min": -1.95686411858, "var": 228.496170044}, "barkbands_skewness": {"dmean": 0.536891579628, "dmean2": 0.825137317181, "dvar": 0.525034368038, "dvar2": 1.35053169727, "max": 14.5756502151, "mean": 2.29170179367, "median": 2.101541996, "min": -2.0168299675, "var": 1.76217710972}, "barkbands_spread": {"dmean": 5.72362470627, "dmean2": 8.4690694809, "dvar": 55.4977073669, "dvar2": 116.493087769, "max": 110.983764648, "mean": 20.3136367798, "median": 18.4395294189, "min": 0.419702351093, "var": 188.60635376}, "dissonance": {"dmean": 0.018012214452, "dmean2": 0.0294192880392, "dvar": 0.000360683276085, "dvar2": 0.000914874603041, "max": 0.500000059605, "mean": 0.452424883842, "median": 0.463279664516, "min": 0.226550504565, "var": 0.00145747989882}, "dynamic_complexity": 2.52107429504, "erbbands_crest": {"dmean": 2.06412029266, "dmean2": 3.18252468109, "dvar": 4.67230033875, "dvar2": 10.9251689911, "max": 28.5887241364, "mean": 8.96644020081, "median": 8.09585475922, "min": 2.38841509819, "var": 17.6980247498}, "erbbands_flatness_db": {"dmean": 0.0158522892743, "dmean2": 0.0211994312704, "dvar": 0.000355235417373, "dvar2": 0.000630643218756, "max": 0.328913211823, "mean": 0.122253015637, "median": 0.112074926496, "min": 0.0303822141141, "var": 0.00220950692892}, "erbbands_kurtosis": {"dmean": 1.01643240452, "dmean2": 1.47575986385, "dvar": 2.80517601967, "dvar2": 5.61558485031, "max": 47.2344818115, "mean": 1.31019318104, "median": -0.0492563247681, "min": -1.78775691986, "var": 17.7276706696}, "erbbands_skewness": {"dmean": 0.346409231424, "dmean2": 0.497893750668, "dvar": 0.155658438802, "dvar2": 0.325139701366, "max": 5.51204109192, "mean": 0.695842325687, "median": 0.59861266613, "min": -5.64103984833, "var": 0.857570111752}, "erbbands_spread": {"dmean": 8.93434047699, "dmean2": 13.0608539581, "dvar": 136.372940063, "dvar2": 295.093353271, "max": 174.449142456, "mean": 45.9320297241, "median": 43.4605484009, "min": 4.74354553223, "var": 555.582763672}, "hfc": {"dmean": 6.14303874969, "dmean2": 8.98449707031, "dvar": 80.3342514038, "dvar2": 158.493545532, "max": 168.219421387, "mean": 23.3347358704, "median": 19.0951595306, "min": 1.06968502039e-16, "var": 347.923217773}, "melbands_crest": {"dmean": 2.65421772003, "dmean2": 4.3388967514, "dvar": 7.71704149246, "dvar2": 21.0547237396, "max": 32.3435974121, "mean": 14.8852396011, "median": 14.1060848236, "min": 1.13924014568, "var": 24.0049228668}, "melbands_flatness_db": {"dmean": 0.0262064058334, "dmean2": 0.0382899306715, "dvar": 0.000825531897135, "dvar2": 0.00188774941489, "max": 0.654015004635, "mean": 0.240072637796, "median": 0.221767693758, "min": 5.2692808822e-05, "var": 0.00842004176229}, "melbands_kurtosis": {"dmean": 10.3452167511, "dmean2": 16.4351673126, "dvar": 564.213928223, "dvar2": 1380.7746582, "max": 576.908630371, "mean": 25.821767807, "median": 14.1740703583, "min": -1.35737299919, "var": 1845.34204102}, "melbands_skewness": {"dmean": 0.73462074995, "dmean2": 1.14278697968, "dvar": 1.0238815546, "dvar2": 2.48319768906, "max": 18.4252681732, "mean": 3.44714331627, "median": 3.01082754135, "min": -0.236000388861, "var": 4.40897083282}, "melbands_spread": {"dmean": 4.22690963745, "dmean2": 6.39218378067, "dvar": 40.3180351257, "dvar2": 86.7850265503, "max": 165.651107788, "mean": 15.2875776291, "median": 12.5631141663, "min": 0.362870693207, "var": 158.68850708}, "pitch_salience": {"dmean": 0.0574678257108, "dmean2": 0.0935297682881, "dvar": 0.00346818845719, "dvar2": 0.00945969298482, "max": 0.992397367954, "mean": 0.520282447338, "median": 0.525689840317, "min": 0.134805470705, "var": 0.0112995775416}, "silence_rate_20dB": {"dmean": 0, "dmean2": 0, "dvar": 0, "dvar2": 0, "max": 1, "mean": 1, "median": 1, "min": 1, "var": 0}, "silence_rate_30dB": {"dmean": 0.0175351202488, "dmean2": 0.0350737348199, "dvar": 0.0172263924032, "dvar2": 0.0479903779924, "max": 1, "mean": 0.98953974247, "median": 1, "min": 0, "var": 0.0103504024446}, "silence_rate_60dB": {"dmean": 0.000398525444325, "dmean2": 0.000797130342107, "dvar": 0.000398355536163, "dvar2": 0.000995797803625, "max": 1, "mean": 0.0179318580776, "median": 0, "min": 0, "var": 0.0176101513207}, "spectral_centroid": {"dmean": 221.927215576, "dmean2": 325.383117676, "dvar": 86930.2265625, "dvar2": 177585.34375, "max": 11439.7177734, "mean": 1083.91589355, "median": 1006.13757324, "min": 142.3984375, "var": 429322.34375}, "spectral_complexity": {"dmean": 3.81329083443, "dmean2": 5.72140312195, "dvar": 24.1849765778, "dvar2": 49.2405090332, "max": 60, "mean": 19.4908351898, "median": 17, "min": 0, "var": 144.943664551}, "spectral_decrease": {"dmean": 2.84263701467e-09, "dmean2": 4.78385997482e-09, "dvar": 2.32235225226e-17, "dvar2": 6.37375815371e-17, "max": 1.70393312524e-19, "mean": -9.99603688712e-09, "median": -8.99558383338e-09, "min": -4.97091754426e-08, "var": 3.49954673096e-17}, "spectral_energy": {"dmean": 0.0109532140195, "dmean2": 0.0183622520417, "dvar": 0.000337002100423, "dvar2": 0.000919282552786, "max": 0.189466178417, "mean": 0.0398438982666, "median": 0.0360977053642, "min": 1.00009561102e-20, "var": 0.000533342943527}, "spectral_energyband_high": {"dmean": 0.000477761757793, "dmean2": 0.000689229986165, "dvar": 1.01076261672e-06, "dvar2": 1.82642486379e-06, "max": 0.0199684072286, "mean": 0.00110536965076, "median": 0.000694431830198, "min": 7.11647795566e-21, "var": 2.85908868136e-06}, "spectral_energyband_low": {"dmean": 0.00888007041067, "dmean2": 0.0152331395075, "dvar": 0.000330078386469, "dvar2": 0.000923715298995, "max": 0.174249470234, "mean": 0.0196232255548, "median": 0.0153421647847, "min": 3.33857578676e-23, "var": 0.000353563722456}, "spectral_energyband_middle_high": {"dmean": 0.00132446689531, "dmean2": 0.00192278984468, "dvar": 4.93060542794e-06, "dvar2": 1.09134043669e-05, "max": 0.04870242998, "mean": 0.0045706955716, "median": 0.0027414415963, "min": 1.5423796302e-21, "var": 3.27954221575e-05}, "spectral_energyband_middle_low": {"dmean": 0.00434956839308, "dmean2": 0.00697910180315, "dvar": 4.63936230517e-05, "dvar2": 0.000123289210023, "max": 0.0877688676119, "mean": 0.0163640286773, "median": 0.0143648199737, "min": 2.08597138638e-22, "var": 0.000117426614452}, "spectral_entropy": {"dmean": 0.178918540478, "dmean2": 0.237486183643, "dvar": 0.0530883036554, "dvar2": 0.099591344595, "max": 9.81036663055, "mean": 7.47968196869, "median": 7.63382863998, "min": 4.97985982895, "var": 0.354887485504}, "spectral_flux": {"dmean": 0.0268979649991, "dmean2": 0.0408259406686, "dvar": 0.00122820446268, "dvar2": 0.00234670983627, "max": 0.34341186285, "mean": 0.0812134072185, "median": 0.0692138522863, "min": 6.48481754406e-11, "var": 0.00298028229736}, "spectral_kurtosis": {"dmean": 1.48233640194, "dmean2": 2.28155422211, "dvar": 7.38652467728, "dvar2": 17.9155712128, "max": 48.3223953247, "mean": 5.16998529434, "median": 4.19622612, "min": -1.23579514027, "var": 19.9909896851}, "spectral_rms": {"dmean": 0.000754711276386, "dmean2": 0.00123564875685, "dvar": 1.10955079435e-06, "dvar2": 2.92833760795e-06, "max": 0.0135957729071, "mean": 0.00598021270707, "median": 0.0059344144538, "min": 3.12362440601e-12, "var": 3.10908308165e-06}, "spectral_rolloff": {"dmean": 332.150665283, "dmean2": 550.533874512, "dvar": 587253.5625, "dvar2": 1283828.625, "max": 19336.8164062, "mean": 908.771972656, "median": 559.86328125, "min": 64.599609375, "var": 1773653.25}, "spectral_skewness": {"dmean": 0.224970757961, "dmean2": 0.337676256895, "dvar": 0.0917910262942, "dvar2": 0.199822410941, "max": 5.55129909515, "mean": 1.75169551373, "median": 1.6670717001, "min": -0.240444213152, "var": 0.39551115036}, "spectral_spread": {"dmean": 655950, "dmean2": 906432.125, "dvar": 1069146701820.0, "dvar2": 2008857313280.0, "max": 43123136, "mean": 5671383.5, "median": 5354256.5, "min": 1202539.875, "var": 4806801358850.0}, "spectral_strongpeak": {"dmean": 0.350429356098, "dmean2": 0.609052062035, "dvar": 0.430837988853, "dvar2": 1.0880241394, "max": 9.85043048859, "mean": 0.688554644585, "median": 0.413196742535, "min": 0, "var": 0.70527690649}, "zerocrossingrate": {"dmean": 0.0114400452003, "dmean2": 0.0131193231791, "dvar": 0.000183839685633, "dvar2": 0.000232522230363, "max": 0.51806640625, "mean": 0.0560092367232, "median": 0.051513671875, "min": 0.001953125, "var": 0.00139330595266}, "barkbands": {"dmean": [0.000630378723145, 0.00751944771037, 0.0018990902463, 0.00107582099736, 0.00234999367967, 0.00107143411878, 0.000963354134001, 0.00099812890403, 0.00031100565684, 0.000547025178093, 0.000291505537461, 0.000357193144737, 0.000202460680157, 0.000237063562963, 0.000197349945665, 0.000158584851306, 0.000218467219383, 0.000197138710064, 0.000137912444188, 0.000144598612678, 0.000123446458019, 8.93062751857e-05, 6.88843792886e-05, 7.44308417779e-05, 6.80609155097e-05, 6.51032169117e-05, 4.35305591964e-05], "dmean2": [0.00109224801417, 0.0130185447633, 0.00319356634282, 0.00174411537591, 0.00386417657137, 0.0017022578977, 0.00149152509402, 0.00149690127, 0.000489881378599, 0.000829762022477, 0.000446352409199, 0.000557707040571, 0.000317456229823, 0.000373883667635, 0.000311932468321, 0.000246791139944, 0.000342546292813, 0.00031123359804, 0.000220094516408, 0.000235606232309, 0.000199628499104, 0.000137378156069, 0.000102060788777, 9.73741189227e-05, 9.61689147516e-05, 9.95752998278e-05, 6.65265251882e-05], "dvar": [1.67867347045e-06, 0.000256716331933, 1.37946299219e-05, 3.99517148253e-06, 1.97095178009e-05, 3.78377853849e-06, 4.15298563894e-06, 5.95939945924e-06, 5.61831996038e-07, 2.21528239308e-06, 1.22045685202e-06, 1.1766520629e-06, 3.10095913392e-07, 3.81655183901e-07, 1.35227608666e-07, 7.48689927832e-08, 1.75984894213e-07, 1.03029819343e-07, 5.86946917736e-08, 6.82491290149e-08, 8.73264696111e-08, 5.7480637139e-08, 4.87737530364e-08, 1.11925238855e-07, 2.94732203088e-08, 1.24619790043e-08, 6.32286134561e-09], "dvar2": [5.16506042914e-06, 0.000720963231288, 3.95608622057e-05, 1.05140406959e-05, 5.34128776053e-05, 9.82028632279e-06, 8.84103519638e-06, 1.29840782392e-05, 1.34712047384e-06, 4.82160339743e-06, 2.80124413621e-06, 3.0600494938e-06, 7.37047457733e-07, 9.69817619989e-07, 3.37353725399e-07, 1.80264265737e-07, 4.26189160407e-07, 2.56889762795e-07, 1.4289892647e-07, 1.66242514865e-07, 2.05967523925e-07, 1.24073281427e-07, 9.35343393849e-08, 1.75594351504e-07, 5.95951838989e-08, 3.10141565762e-08, 1.52378500928e-08], "max": [0.0123707782477, 0.155573695898, 0.0423820465803, 0.0331797003746, 0.060308419168, 0.034995239228, 0.040419742465, 0.0760485082865, 0.0242550000548, 0.0353735387325, 0.0403183698654, 0.0419335179031, 0.0167351868004, 0.0117296269163, 0.0068155140616, 0.00562663795426, 0.0110278390348, 0.00589010864496, 0.00468748575076, 0.00519541790709, 0.00830335915089, 0.0059011047706, 0.00719415722415, 0.01199627202, 0.00806780904531, 0.00115915155038, 0.000750819977839], "mean": [0.000898536469322, 0.0134574053809, 0.00383016956039, 0.00244398182258, 0.00550550641492, 0.00279118632898, 0.00211115204729, 0.00218008109368, 0.000596187484916, 0.00114053790458, 0.000550772354472, 0.000697794312146, 0.000367101951269, 0.000406257371651, 0.000349996582372, 0.00028312500217, 0.000360178906703, 0.000368844921468, 0.000249571632594, 0.000289744901238, 0.000219294437557, 0.000164505909197, 0.000132345187012, 0.000150291554746, 0.000130833272124, 0.000101147546957, 6.7264540121e-05], "median": [0.00024682743242, 0.00889580044895, 0.00265652127564, 0.00146425026469, 0.00363470101729, 0.00169854494743, 0.00102919223718, 0.000724189914763, 0.000231550075114, 0.000496577064041, 0.000183619311429, 0.000174216998857, 0.000120376564155, 9.93748981273e-05, 0.000150111794937, 0.000124139594845, 0.000157935195602, 0.000175326567842, 0.000131831009639, 0.000159332339535, 0.000115360380732, 6.99447846273e-05, 6.69696455589e-05, 6.77437055856e-05, 6.362413842e-05, 3.8854766899e-05, 1.92783536477e-05], "min": [1.2474162831e-24, 8.45944773589e-24, 7.50598548077e-24, 4.69663012736e-24, 1.13013349242e-23, 2.961311263e-23, 1.45844115063e-23, 2.59107959197e-23, 3.1744274008e-23, 6.36455250252e-23, 1.87361943391e-23, 5.10714955591e-23, 6.49690442975e-23, 7.44770964357e-23, 6.48436406571e-23, 1.01236015647e-22, 1.10535505584e-22, 1.27385107514e-22, 2.31702483277e-22, 2.1658212756e-22, 3.03792858956e-22, 3.17468804044e-22, 4.91846570252e-22, 6.36775994785e-22, 9.00005928917e-22, 1.48457119624e-21, 2.1093309588e-21], "var": [2.20234551307e-06, 0.000262298068264, 1.57273225341e-05, 9.00698341866e-06, 3.49610963895e-05, 1.13346686703e-05, 1.22443307191e-05, 2.01904313144e-05, 1.24588700601e-06, 5.28828286406e-06, 2.75909360425e-06, 3.68749965673e-06, 7.20682578503e-07, 8.36482172417e-07, 2.87345756078e-07, 1.62290675121e-07, 3.21461470776e-07, 2.68084278332e-07, 1.09163657669e-07, 1.45056915812e-07, 1.41097103779e-07, 1.15707436521e-07, 1.10881501314e-07, 2.54460616134e-07, 5.91596105437e-08, 2.05730614766e-08, 1.04608073315e-08]}, "erbbands": {"dmean": [0.265061348677, 1.60658180714, 2.49744653702, 2.59235739708, 5.99027061462, 8.23902320862, 10.9908046722, 6.92471504211, 11.338514328, 19.7901248932, 16.8798179626, 7.61682081223, 18.7465667725, 9.30248451233, 12.3226070404, 14.7629270554, 8.85367584229, 10.6837759018, 10.5601482391, 8.23236465454, 8.56901454926, 10.6560192108, 12.4169578552, 7.7812256813, 6.16400146484, 6.93456220627, 5.31737709045, 4.48282432556, 3.40925693512, 2.50109577179, 1.96909677982, 1.68926024437, 1.2152736187, 0.869262754917, 0.43197157979, 0.291214257479, 0.114640548825, 0.0328403748572, 0.00731827551499, 0.000539683911484], "dmean2": [0.455584466457, 2.80816102028, 4.34115171432, 4.20365142822, 10.0064516068, 13.6855354309, 17.3690109253, 11.0790948868, 17.3445110321, 29.5556659698, 25.745470047, 11.7256240845, 28.4678039551, 14.2283821106, 18.5903148651, 22.997133255, 13.7838792801, 16.6309947968, 16.7326774597, 12.7274303436, 13.3051280975, 16.5430240631, 19.2975292206, 12.3498411179, 10.0176944733, 11.3693552017, 8.61702346802, 7.13200998306, 5.34417486191, 3.86143875122, 2.87280249596, 2.38362383842, 1.60973584652, 1.22530674934, 0.629863023758, 0.450794130564, 0.174584537745, 0.0493091493845, 0.0112667297944, 0.00084902625531], "dvar": [0.272131174803, 14.1321439743, 30.8315830231, 19.395652771, 222.719238281, 231.547058105, 411.030090332, 164.1900177, 463.32699585, 2155.81396484, 1674.57348633, 259.728881836, 2867.08349609, 504.058074951, 3003.70263672, 2193.74487305, 568.473510742, 826.055908203, 478.95690918, 207.679779053, 199.788269043, 384.356445312, 408.193817139, 164.704376221, 152.975219727, 158.773208618, 106.797935486, 171.018600464, 76.0653305054, 56.1665382385, 50.6676940918, 51.1772689819, 31.4575500488, 9.15101337433, 0.566065251827, 0.251072138548, 0.0386769510806, 0.00324461772107, 0.000175479552126, 1.08230256046e-06], "dvar2": [0.763913929462, 39.9518547058, 88.0312194824, 50.2477874756, 611.890869141, 619.158752441, 1087.54675293, 399.881774902, 1034.40661621, 4462.79931641, 3920.93212891, 586.152526855, 6337.82373047, 1018.16888428, 6952.37792969, 5655.48779297, 1350.39282227, 2074.60644531, 1214.56884766, 478.741577148, 469.903137207, 915.61151123, 988.112365723, 405.93649292, 390.927124023, 395.953704834, 259.561218262, 396.487457275, 169.350265503, 116.845481873, 95.4459533691, 85.9131393433, 53.4337081909, 17.2928085327, 1.29358434677, 0.630192577839, 0.0944369658828, 0.00778898596764, 0.000411416142015, 2.7721744118e-06], "max": [4.93331718445, 38.3508224487, 63.2864379883, 60.7339286804, 244.5834198, 221.099990845, 421.101379395, 291.651916504, 480.693939209, 1440.82922363, 1062.79321289, 433.068115234, 1255.44482422, 1110.57629395, 1986.42626953, 2164.22973633, 791.604003906, 661.194763184, 517.475585938, 295.376220703, 203.254806519, 454.772949219, 315.824798584, 248.209381104, 274.198394775, 258.860839844, 214.201965332, 434.457763672, 216.717575073, 259.343780518, 259.026306152, 231.930084229, 220.897125244, 148.226913452, 27.3859653473, 5.84203386307, 1.84763848782, 0.598104774952, 0.139555379748, 0.0119354063645], "mean": [0.403362631798, 2.88501191139, 5.21469020844, 6.87275838852, 12.5118017197, 17.0677204132, 27.8709907532, 16.7787227631, 27.6658096313, 44.1277694702, 36.2533187866, 17.5237865448, 38.5964050293, 21.3377609253, 24.7889881134, 30.3036651611, 18.2386341095, 20.3438129425, 20.1237831116, 16.0356140137, 16.4445762634, 18.7782497406, 23.7694282532, 15.1216592789, 11.5648441315, 13.7840223312, 10.1005449295, 7.56327295303, 6.15491294861, 4.68604707718, 3.74574708939, 3.3146378994, 2.40309619904, 1.64861476421, 0.798024535179, 0.443221330643, 0.181510463357, 0.0531583428383, 0.0114264525473, 0.000784740434028], "median": [0.208008661866, 2.01284694672, 3.80994653702, 4.75977611542, 7.35830831528, 9.31497001648, 14.8053474426, 11.214720726, 16.7862453461, 13.8967266083, 15.4944210052, 8.98387432098, 17.4017410278, 10.7820968628, 6.71469306946, 8.65284347534, 6.58498382568, 5.99311256409, 7.5017747879, 7.78127765656, 8.06824493408, 8.63356399536, 11.4031324387, 8.26305484772, 5.87441730499, 7.8162984848, 5.94485473633, 3.07873392105, 2.6099588871, 2.00154709816, 1.87685132027, 1.52330970764, 1.12084412575, 0.776074767113, 0.377913475037, 0.180039763451, 0.0659061819315, 0.0181803144515, 0.00327717815526, 0.000231710902881], "min": [1.63697460454e-22, 1.62557762181e-21, 7.00271638762e-21, 1.1280185273e-20, 5.29276426327e-20, 4.67994621399e-20, 6.05445931317e-20, 1.76401732774e-19, 3.26154911536e-19, 2.83609574663e-19, 5.17942914562e-19, 5.73190721264e-19, 1.54573152437e-18, 1.4274649627e-18, 8.95989425013e-19, 2.25589689272e-18, 2.78321605462e-18, 3.70206337509e-18, 3.97988935461e-18, 4.30426781823e-18, 4.88975576838e-18, 6.93032803507e-18, 7.75803597527e-18, 6.96444882175e-18, 1.17624181478e-17, 1.22978405778e-17, 1.27087326209e-17, 1.43209068076e-17, 1.26457626696e-17, 1.44482082495e-17, 1.38540377981e-17, 1.02397829537e-17, 1.13227137496e-17, 9.21705270845e-18, 6.98871333784e-18, 5.22887376333e-18, 2.96222352265e-18, 9.97964767917e-19, 2.62066973928e-19, 2.9565444883e-20], "var": [0.340780109167, 12.2352743149, 29.0589237213, 49.3342666626, 267.580566406, 486.183349609, 1349.80578613, 392.335601807, 1447.79150391, 7772.515625, 3862.38818359, 783.181945801, 6115.11083984, 1605.39440918, 7834.7265625, 6716.85693359, 1457.35632324, 1962.16040039, 1192.36486816, 497.142608643, 463.079589844, 754.051330566, 1072.15270996, 364.496276855, 265.114807129, 321.946716309, 186.343521118, 264.045166016, 148.530776978, 119.201644897, 108.752319336, 111.356521606, 65.259475708, 16.6457424164, 1.30341851711, 0.393731325865, 0.0674622505903, 0.00578291062266, 0.000300206767861, 1.50339224092e-06]}, "gfcc": {"mean": [21.3309936523, 81.2363739014, -71.732925415, 30.2851066589, -45.1445426941, 4.94525003433, -28.941576004, 11.0733909607, -19.5566673279, 2.46761965752, -13.2902736664, 1.24784660339, -8.99984836578], "cov": [[13768.0644531, -1335.18457031, -2060.70410156, -917.502868652, -236.408737183, 311.781982422, -314.404632568, 214.550033569, -56.243598938, 276.671478271, -166.732788086, 117.054824829, -308.976013184], [-1335.18457031, 1433.74865723, -172.07913208, 32.1258239746, -13.1948776245, -113.335968018, 112.728096008, -3.37684679031, 35.6104927063, -110.511146545, 82.1281967163, -58.809715271, 66.2521362305], [-2060.70410156, -172.07913208, 1161.06445312, 100.387481689, 89.4749755859, -82.7925338745, 45.8672332764, -1.82459270954, 14.1588401794, -37.4333992004, -71.426574707, 9.75208950043, 28.8621311188], [-917.502868652, 32.1258239746, 100.387481689, 567.377990723, -1.22833430767, 40.1378326416, 1.85488843918, -72.1920318604, 12.4780845642, -3.50038695335, 21.7518558502, -28.5990581512, 52.7447509766], [-236.408737183, -13.1948776245, 89.4749755859, -1.22833430767, 212.333633423, 10.5657339096, 28.0328121185, 17.8109130859, 12.6285171509, -1.90206861496, 11.1263580322, 19.9200153351, -4.41885328293], [311.781982422, -113.335968018, -82.7925338745, 40.1378326416, 10.5657339096, 186.881240845, 54.6073951721, -6.86028862, -21.4296798706, 23.1757564545, 14.9344158173, 1.52145147324, -5.68280744553], [-314.404632568, 112.728096008, 45.8672332764, 1.85488843918, 28.0328121185, 54.6073951721, 140.921020508, 36.436164856, 0.271546930075, -13.4451656342, 20.5338897705, -3.12761425972, 6.64297580719], [214.550033569, -3.37684679031, -1.82459270954, -72.1920318604, 17.8109130859, -6.86028862, 36.436164856, 104.756896973, 41.1920318604, -4.61474227905, -13.6571531296, 15.6771879196, -1.7245016098], [-56.243598938, 35.6104927063, 14.1588401794, 12.4780845642, 12.6285171509, -21.4296798706, 0.271546930075, 41.1920318604, 87.0716323853, 23.1719703674, -1.2246786356, -8.23868656158, 2.18776464462], [276.671478271, -110.511146545, -37.4333992004, -3.50038695335, -1.90206861496, 23.1757564545, -13.4451656342, -4.61474227905, 23.1719703674, 82.0017089844, 30.2190170288, -4.75830936432, -22.3779792786], [-166.732788086, 82.1281967163, -71.426574707, 21.7518558502, 11.1263580322, 14.9344158173, 20.5338897705, -13.6571531296, -1.2246786356, 30.2190170288, 98.7783813477, 14.6593866348, 6.56381559372], [117.054824829, -58.809715271, 9.75208950043, -28.5990581512, 19.9200153351, 1.52145147324, -3.12761425972, 15.6771879196, -8.23868656158, -4.75830936432, 14.6593866348, 84.1637039185, 32.6368255615], [-308.976013184, 66.2521362305, 28.8621311188, 52.7447509766, -4.41885328293, -5.68280744553, 6.64297580719, -1.7245016098, 2.18776464462, -22.3779792786, 6.56381559372, 32.6368255615, 80.7089614868]], "icov": [[0.000173639054992, 5.09116034664e-05, 0.0002834397892, 0.000110023735033, 8.2347287389e-05, -0.000189862767002, 0.000255021965131, -0.000369519955711, 0.000235702391365, -0.000486298726173, 0.000530108634848, -0.00038442175719, 0.000383052392863], [5.09116034664e-05, 0.00128289603163, 0.000371242553229, 0.000185858662007, 5.84627050557e-05, 0.000856499711517, -0.00110561295878, 0.000675073300954, -0.00112341961358, 0.00202974560671, -0.00132604571991, 0.00116149010137, -0.000712085922714], [0.0002834397892, 0.000371242553229, 0.00160663388669, -1.80083206942e-05, -0.000302436441416, 0.000676622439642, -0.000762786890846, 0.000102020720078, 5.74841251364e-05, -0.000660413119476, 0.00173638644628, -0.000764323223848, 0.000296801590594], [0.000110023735033, 0.000185858662007, -1.80083206942e-05, 0.00245779682882, 1.98578368327e-06, -0.000837617670186, 0.000182890929864, 0.00164854805917, -0.00133189884946, 0.000496411055792, -0.000435220572399, 0.001129139564, -0.00161729857791], [8.2347287389e-05, 5.84627050557e-05, -0.000302436441416, 1.98578368327e-06, 0.00537186674774, -0.000495725311339, -0.000541703426279, -0.000209085104871, -0.00115866318811, 0.000759955728427, -0.000653787865303, -0.00191396195441, 0.00174269068521], [-0.000189862767002, 0.000856499711517, 0.000676622439642, -0.000837617670186, -0.000495725311339, 0.00861837156117, -0.00514940312132, 0.00158428808209, 0.00154514645692, -0.00187477306463, 0.000287577771815, 0.000273276120424, -0.000782711722422], [0.000255021965131, -0.00110561295878, -0.000762786890846, 0.000182890929864, -0.000541703426279, -0.00514940312132, 0.0131570762023, -0.00685382913798, 0.0026240828447, 0.000857575680129, -0.00257777213119, 0.00172853574622, 9.28235822357e-05], [-0.000369519955711, 0.000675073300954, 0.000102020720078, 0.00164854805917, -0.000209085104871, 0.00158428808209, -0.00685382913798, 0.0192312132567, -0.0109409913421, 0.00437870947644, 0.00140763202216, -0.00369266420603, 0.00088192318799], [0.000235702391365, -0.00112341961358, 5.74841251364e-05, -0.00133189884946, -0.00115866318811, 0.00154514645692, 0.0026240828447, -0.0109409913421, 0.0211630109698, -0.010520035401, 0.00274068093859, 0.00280952709727, -0.00257953978144], [-0.000486298726173, 0.00202974560671, -0.000660413119476, 0.000496411055792, 0.000759955728427, -0.00187477306463, 0.000857575680129, 0.00437870947644, -0.010520035401, 0.0253387242556, -0.0109361167997, 0.00233189994469, 0.00357368332334], [0.000530108634848, -0.00132604571991, 0.00173638644628, -0.000435220572399, -0.000653787865303, 0.000287577771815, -0.00257777213119, 0.00140763202216, 0.00274068093859, -0.0109361167997, 0.018463768065, -0.00612779892981, 0.000877916871104], [-0.00038442175719, 0.00116149010137, -0.000764323223848, 0.001129139564, -0.00191396195441, 0.000273276120424, 0.00172853574622, -0.00369266420603, 0.00280952709727, 0.00233189994469, -0.00612779892981, 0.0203980561346, -0.010376160033], [0.000383052392863, -0.000712085922714, 0.000296801590594, -0.00161729857791, 0.00174269068521, -0.000782711722422, 9.28235822357e-05, 0.00088192318799, -0.00257953978144, 0.00357368332334, 0.000877916871104, -0.010376160033, 0.0206287316978]]}, "melbands": {"dmean": [0.00218281615525, 0.001538971439, 0.000511674268637, 0.000509320525452, 0.000375131465262, 0.000171430612681, 0.000183737574844, 0.00022133620223, 0.000121640819998, 4.94834785059e-05, 9.40717000049e-05, 3.87030813727e-05, 3.72106915165e-05, 4.32040615124e-05, 2.76469290839e-05, 1.94848871615e-05, 2.27012915275e-05, 1.8213153453e-05, 1.42650360431e-05, 1.1710137187e-05, 1.00753268271e-05, 1.08808590085e-05, 1.42621456689e-05, 9.39901929087e-06, 6.75492947266e-06, 4.80337530462e-06, 5.30431952939e-06, 4.69285669169e-06, 3.78300273951e-06, 3.1453982956e-06, 2.5518666007e-06, 2.11929977922e-06, 1.68337601281e-06, 1.39124097132e-06, 1.24812038393e-06, 1.03501918147e-06, 1.14114607186e-06, 9.80678919404e-07, 7.07968865754e-07, 8.03837622243e-07], "dmean2": [0.00376644404605, 0.00268751545809, 0.000837260857224, 0.000853132456541, 0.000595022749621, 0.000272029370535, 0.000280643347651, 0.000328626978444, 0.000186590943485, 7.63646239648e-05, 0.000143056604429, 5.93897202634e-05, 5.65097179788e-05, 6.76435302012e-05, 4.2780469812e-05, 3.02340522467e-05, 3.55708943971e-05, 2.89009894914e-05, 2.23975894187e-05, 1.82935764315e-05, 1.58745933732e-05, 1.72014933923e-05, 2.2238918973e-05, 1.49706011143e-05, 1.08379836092e-05, 7.80879599915e-06, 8.78874197952e-06, 7.71675877331e-06, 6.15578937868e-06, 5.11182634e-06, 4.08681353292e-06, 3.39413509209e-06, 2.62396883954e-06, 2.18737727664e-06, 1.84635075584e-06, 1.50623679929e-06, 1.65047083556e-06, 1.36004962314e-06, 1.00374643353e-06, 1.16208400414e-06], "dvar": [2.00513059099e-05, 1.30928901854e-05, 8.81786945683e-07, 1.19396577247e-06, 4.01567888275e-07, 9.29422157014e-08, 1.26102193576e-07, 2.73505605719e-07, 8.45895300472e-08, 1.34531505935e-08, 7.22774231576e-08, 1.03542694418e-08, 2.24115392911e-08, 1.94696436751e-08, 5.45323830536e-09, 2.87670864907e-09, 4.08642941707e-09, 1.64651547951e-09, 6.55536624983e-10, 4.63515892335e-10, 2.80641399009e-10, 3.80479786566e-10, 6.95644819526e-10, 2.90407836667e-10, 1.30713481705e-10, 8.8081091032e-11, 1.11415147941e-10, 7.5736923677e-11, 4.4404341315e-11, 5.95292148908e-11, 5.92366503072e-11, 2.58221291571e-11, 2.56970486556e-11, 1.7096143945e-11, 2.19702936399e-11, 1.23645512232e-11, 2.79920288337e-11, 2.13119626113e-11, 8.814330342e-12, 7.31929621078e-12], "dvar2": [5.66136259295e-05, 3.71970054402e-05, 2.37885751631e-06, 3.2888028727e-06, 1.04792752609e-06, 2.25516572527e-07, 2.76060347915e-07, 5.66061089557e-07, 1.97354637521e-07, 3.08059568965e-08, 1.59504693897e-07, 2.08632364718e-08, 5.13198017416e-08, 5.21179828183e-08, 1.25719923361e-08, 6.65205091011e-09, 1.02890407305e-08, 4.12945233563e-09, 1.58598933986e-09, 1.12336528968e-09, 6.6759703321e-10, 9.25800602847e-10, 1.67246938521e-09, 7.08649028347e-10, 3.28237631519e-10, 2.25214888405e-10, 2.82494722059e-10, 1.87130325124e-10, 1.10224190886e-10, 1.41589961977e-10, 1.40350453481e-10, 6.01921013033e-11, 5.42918418556e-11, 3.77566138077e-11, 4.49857200102e-11, 2.23098674951e-11, 5.07369354863e-11, 3.89667083323e-11, 1.62334156534e-11, 1.41024535799e-11], "max": [0.0413288995624, 0.0354154258966, 0.014263626188, 0.0150516740978, 0.0114603983238, 0.00719996541739, 0.00758815230802, 0.0179628673941, 0.00725641101599, 0.00342429522425, 0.00641993246973, 0.00500720273703, 0.00561562879011, 0.00442712474614, 0.00262788380496, 0.00151557440404, 0.00141691579483, 0.00115588004701, 0.000408358086133, 0.000509566511028, 0.000290966854664, 0.000454312888905, 0.000672486552503, 0.000454429944512, 0.000221596565098, 0.000250225537457, 0.000193746484001, 0.00019472852, 0.00015219906345, 0.00025240672403, 0.000251208315603, 0.000114709582704, 0.000161498304806, 0.000142090997542, 0.00017716671573, 0.000117860399769, 0.000195812608581, 0.000157844871865, 0.000146712758578, 0.00017446136917], "mean": [0.00370237464085, 0.00319678848609, 0.00132676376961, 0.00103389960714, 0.000955834868364, 0.000429990497651, 0.000442397373263, 0.000495593703818, 0.000254596234299, 0.000104589169496, 0.000190873644897, 8.18616463221e-05, 7.19965319149e-05, 8.46963521326e-05, 5.68895156903e-05, 3.52108290826e-05, 3.93555237679e-05, 3.2779720641e-05, 2.51881847362e-05, 2.08464534808e-05, 1.84721502592e-05, 1.80500883289e-05, 2.41247144004e-05, 1.72965628735e-05, 1.19558062579e-05, 8.15007024357e-06, 9.33358205657e-06, 8.94439199328e-06, 6.95699873177e-06, 4.97971632285e-06, 4.02340856454e-06, 3.5768921407e-06, 2.94021538139e-06, 2.47101888817e-06, 2.20634910875e-06, 1.93260143533e-06, 2.06744539355e-06, 1.79131450295e-06, 1.33888727305e-06, 1.43688669141e-06], "median": [0.00223462283611, 0.00254017207772, 0.000953497481532, 0.000655577867292, 0.000532634090632, 0.000281087239273, 0.000253957638051, 0.000148272971273, 0.000108745371108, 4.60419032606e-05, 8.28231422929e-05, 3.78575859941e-05, 2.19124485739e-05, 2.21019945457e-05, 1.78955979209e-05, 1.1514455764e-05, 9.71731515165e-06, 1.03152260635e-05, 1.14716040116e-05, 8.92715070222e-06, 8.73503540788e-06, 8.14013401396e-06, 1.03834263427e-05, 7.87046701589e-06, 6.25811981081e-06, 4.13361931351e-06, 4.24143900091e-06, 4.82405084767e-06, 4.16975171902e-06, 2.19068260776e-06, 1.44581110817e-06, 1.54484143877e-06, 1.09569236884e-06, 1.09007487481e-06, 1.03607771962e-06, 1.01039631772e-06, 8.36521167003e-07, 8.03838020147e-07, 6.17638875156e-07, 6.61011881675e-07], "min": [2.65161827667e-24, 3.92250356613e-24, 3.44041528416e-24, 3.61704557957e-24, 2.01468212104e-24, 4.80326716124e-24, 5.81415494039e-24, 3.94865114969e-24, 3.70255021309e-24, 3.93581362175e-24, 7.47577289696e-24, 5.43495423641e-24, 2.1149556112e-24, 5.88706501512e-24, 3.19036747923e-24, 7.71684168985e-24, 6.51754434425e-24, 4.76448320926e-24, 5.68018348171e-24, 5.38599397876e-24, 3.96529138163e-24, 6.09671466144e-24, 8.18350261352e-24, 5.21599918685e-24, 4.34101754774e-24, 8.05132660227e-24, 9.62310119035e-24, 7.00761787073e-24, 6.45805713225e-24, 7.14288858331e-24, 7.53150039789e-24, 6.34552257424e-24, 6.38834667734e-24, 7.13827926904e-24, 6.11819455503e-24, 7.0381317994e-24, 5.78903327043e-24, 7.95606612594e-24, 7.01861853605e-24, 7.00376822951e-24], "var": [2.24603027164e-05, 1.07135201688e-05, 1.51124959302e-06, 1.47202979406e-06, 1.39523160669e-06, 2.53785486848e-07, 4.00652140797e-07, 1.05860067379e-06, 1.94535715536e-07, 3.5950080246e-08, 1.55479440878e-07, 3.09505736595e-08, 5.77173970839e-08, 6.19531448365e-08, 1.61434385859e-08, 7.66385443995e-09, 8.62996341056e-09, 4.02235444952e-09, 1.38729183696e-09, 9.97798510483e-10, 6.12243256093e-10, 7.03360258925e-10, 1.34989286416e-09, 7.58817453317e-10, 2.49117282358e-10, 1.32245228657e-10, 2.07853317891e-10, 1.483698997e-10, 7.95521010177e-11, 8.93752780118e-11, 8.73827052383e-11, 4.68858736558e-11, 5.06027615643e-11, 3.38808391065e-11, 4.1777834664e-11, 2.65220675283e-11, 5.45142646302e-11, 4.04701341883e-11, 1.65146125941e-11, 1.23231806703e-11]}, "mfcc": {"mean": [-636.04095459, 122.821426392, 25.8678607941, 32.3203620911, 10.7044267654, 2.49373173714, 3.92036509514, 4.65277719498, 3.0798163414, 2.22703194618, -0.0251103509218, 2.97585535049, 0.414586037397], "cov": [[8559.44628906, -739.294494629, -1361.9909668, -531.252319336, -373.483612061, -126.379859924, -121.940559387, -151.567245483, -122.868995667, 14.5769262314, 34.7602882385, 72.5639038086, 43.0848503113], [-739.294494629, 1227.140625, -39.1781539917, -5.80131864548, -50.3944969177, -147.033599854, 23.8147563934, 74.9677963257, -4.88283729553, 14.7272205353, -5.63325071335, -12.164768219, 6.4263625145], [-1361.9909668, -39.1781539917, 724.053955078, 169.926223755, 82.1621170044, 49.2493438721, -0.0349536687136, 10.1672096252, 67.3740310669, -10.8607158661, -17.83735466, -11.9705533981, -18.4906539917], [-531.252319336, -5.80131864548, 169.926223755, 321.508666992, 95.4054336548, 53.1191101074, -17.3589515686, 8.47099685669, 20.725894928, 0.0604261904955, -6.98619413376, -18.0431346893, 5.04022455215], [-373.483612061, -50.3944969177, 82.1621170044, 95.4054336548, 171.211090088, 38.3637428284, -5.36495018005, 3.9634437561, 15.3671588898, -9.22371482849, 0.38014408946, 9.40657138824, -2.63624596596], [-126.379859924, -147.033599854, 49.2493438721, 53.1191101074, 38.3637428284, 176.911483765, 69.1981811523, -4.46133089066, -12.653468132, 6.68294429779, 8.76339530945, -3.63934874535, -0.544695258141], [-121.940559387, 23.8147563934, -0.0349536687136, -17.3589515686, -5.36495018005, 69.1981811523, 137.859008789, 44.2369041443, -9.67736053467, 5.07012653351, 10.2858829498, 9.20560073853, 5.4244017601], [-151.567245483, 74.9677963257, 10.1672096252, 8.47099685669, 3.9634437561, -4.46133089066, 44.2369041443, 108.064796448, 49.4865188599, -10.0735960007, -2.27002620697, 1.49207282066, -0.64130795002], [-122.868995667, -4.88283729553, 67.3740310669, 20.725894928, 15.3671588898, -12.653468132, -9.67736053467, 49.4865188599, 99.5869445801, 12.5480031967, -6.31293582916, -4.30429553986, -9.92840957642], [14.5769262314, 14.7272205353, -10.8607158661, 0.0604261904955, -9.22371482849, 6.68294429779, 5.07012653351, -10.0735960007, 12.5480031967, 91.9631271362, 30.6245555878, -0.48147007823, 2.81841731071], [34.7602882385, -5.63325071335, -17.83735466, -6.98619413376, 0.38014408946, 8.76339530945, 10.2858829498, -2.27002620697, -6.31293582916, 30.6245555878, 65.7329025269, 29.2196426392, 5.14482879639], [72.5639038086, -12.164768219, -11.9705533981, -18.0431346893, 9.40657138824, -3.63934874535, 9.20560073853, 1.49207282066, -4.30429553986, -0.48147007823, 29.2196426392, 74.4975204468, 26.8094425201], [43.0848503113, 6.4263625145, -18.4906539917, 5.04022455215, -2.63624596596, -0.544695258141, 5.4244017601, -0.64130795002, -9.92840957642, 2.81841731071, 5.14482879639, 26.8094425201, 64.5568389893]], "icov": [[0.00020610181673, 0.000136674047098, 0.000350357295247, 6.44167666906e-05, 0.000302416650811, 2.01336442842e-05, 0.000121323108033, 0.000149208935909, -0.000103041747934, 2.14883330045e-05, 5.01630929648e-05, -0.000189295606106, 5.80105734116e-06], [0.000136674047098, 0.00111063651275, 0.000198122870643, -0.000163464050274, 0.000287252041744, 0.00113934336696, -0.000387379783206, -0.000699977390468, 0.000596699188463, -0.000414270150941, 0.000147335929796, 0.000107176936581, -3.17218800774e-05], [0.000350357295247, 0.000198122870643, 0.00234070164151, -0.000675455783494, 0.000281983899185, -0.000147906917846, -0.000198851514142, 0.00105501711369, -0.00162622774951, 0.000463438977022, 0.000295008008834, -0.000492846069392, 0.000417902279878], [6.44167666906e-05, -0.000163464050274, -0.000675455783494, 0.00455822329968, -0.00186255783774, -0.00145079847425, 0.00159886013716, -0.000894614262506, 0.000224836345296, -0.000232256381423, -0.000249863689533, 0.0014902522089, -0.00136184552684], [0.000302416650811, 0.000287252041744, 0.000281983899185, -0.00186255783774, 0.00808030553162, -0.00132648739964, 0.000922576989979, 0.000148213483044, -0.00090216047829, 0.000811757985502, 0.000240940178628, -0.00236683688127, 0.00102800992317], [2.01336442842e-05, 0.00113934336696, -0.000147906917846, -0.00145079847425, -0.00132648739964, 0.00991061516106, -0.00605152547359, 0.00207246444188, 0.000363237923011, -0.000220111513045, -0.000949766661506, 0.00153974012937, 4.30675527241e-06], [0.000121323108033, -0.000387379783206, -0.000198851514142, 0.00159886013716, 0.000922576989979, -0.00605152547359, 0.0135974930599, -0.00761946802959, 0.00429923646152, -0.00176401506178, 0.000410452892538, -0.0016693440266, -5.70545525989e-05], [0.000149208935909, -0.000699977390468, 0.00105501711369, -0.000894614262506, 0.000148213483044, 0.00207246444188, -0.00761946802959, 0.0184411685914, -0.0107981674373, 0.0046512875706, -0.00189007259905, 0.000804194656666, -0.000858003913891], [-0.000103041747934, 0.000596699188463, -0.00162622774951, 0.000224836345296, -0.00090216047829, 0.000363237923011, 0.00429923646152, -0.0107981674373, 0.0180310681462, -0.00543015217409, 0.00325543410145, -0.00129456515424, 0.00231203506701], [2.14883330045e-05, -0.000414270150941, 0.000463438977022, -0.000232256381423, 0.000811757985502, -0.000220111513045, -0.00176401506178, 0.0046512875706, -0.00543015217409, 0.0154410582036, -0.00877381395549, 0.0038972934708, -0.00202501448803], [5.01630929648e-05, 0.000147335929796, 0.000295008008834, -0.000249863689533, 0.000240940178628, -0.000949766661506, 0.000410452892538, -0.00189007259905, 0.00325543410145, -0.00877381395549, 0.0241325888783, -0.0106860864908, 0.00340265966952], [-0.000189295606106, 0.000107176936581, -0.000492846069392, 0.0014902522089, -0.00236683688127, 0.00153974012937, -0.0016693440266, 0.000804194656666, -0.00129456515424, 0.0038972934708, -0.0106860864908, 0.0217118691653, -0.00861147232354], [5.80105734116e-06, -3.17218800774e-05, 0.000417902279878, -0.00136184552684, 0.00102800992317, 4.30675527241e-06, -5.70545525989e-05, -0.000858003913891, 0.00231203506701, -0.00202501448803, 0.00340265966952, -0.00861147232354, 0.0195028409362]]}, "spectral_contrast_coeffs": {"dmean": [0.0415224768221, 0.044342122972, 0.0380307808518, 0.0279438793659, 0.0215001292527, 0.0176102668047], "dmean2": [0.0675536468625, 0.0710698962212, 0.0613145045936, 0.0452472940087, 0.0345217809081, 0.0285820867866], "dvar": [0.00140621291939, 0.00151664880104, 0.00102480966598, 0.000530817080289, 0.000340776576195, 0.00037495806464], "dvar2": [0.00364389806055, 0.00367394182831, 0.00242013833486, 0.00130128092133, 0.000778869260103, 0.000903565844055], "max": [-0.313411921263, -0.377153307199, -0.465367287397, -0.54802107811, -0.613276600838, -0.575638651848], "mean": [-0.650783360004, -0.681013345718, -0.750642180443, -0.800183475018, -0.790957272053, -0.775197207928], "median": [-0.653924465179, -0.682454228401, -0.756406605244, -0.805216789246, -0.791641950607, -0.773617625237], "min": [-0.971614897251, -0.994648337364, -0.992647230625, -0.985466957092, -0.986103177071, -0.961794435978], "var": [0.00551749207079, 0.00591954961419, 0.00557063473389, 0.00255930633284, 0.00144044496119, 0.00123349612113]}, "spectral_contrast_valleys": {"dmean": [0.316602051258, 0.344083160162, 0.340936154127, 0.315039932728, 0.294906437397, 0.276735633612], "dmean2": [0.516757488251, 0.555774927139, 0.546712577343, 0.483657181263, 0.422382116318, 0.347680330276], "dvar": [0.0914764404297, 0.115857973695, 0.122102752328, 0.119868583977, 0.142590388656, 0.133009031415], "dvar2": [0.21092645824, 0.249555051327, 0.249206393957, 0.228209018707, 0.271047204733, 0.219058096409], "max": [-4.89942073822, -4.79544067383, -