{"lowlevel": {"average_loudness": 0.961449325085, "barkbands_crest": {"dmean": 2.58923721313, "dmean2": 4.42980194092, "dvar": 9.43852233887, "dvar2": 23.6464004517, "max": 26.5050792694, "mean": 8.49432945251, "median": 6.99697494507, "min": 2.31626653671, "var": 14.7489213943}, "barkbands_flatness_db": {"dmean": 0.0252117868513, "dmean2": 0.0393854863942, "dvar": 0.000977342016995, "dvar2": 0.00214799912646, "max": 0.393257319927, "mean": 0.0829282999039, "median": 0.0660878866911, "min": 0.0122754322365, "var": 0.00315536395647}, "barkbands_kurtosis": {"dmean": 2.01827955246, "dmean2": 3.10697674751, "dvar": 15.4470081329, "dvar2": 36.4424781799, "max": 153.53024292, "mean": 2.1829020977, "median": 0.500614285469, "min": -1.65750086308, "var": 20.8860816956}, "barkbands_skewness": {"dmean": 0.513195335865, "dmean2": 0.785963356495, "dvar": 0.432671010494, "dvar2": 1.00982260704, "max": 11.5462017059, "mean": 1.23503255844, "median": 0.982887268066, "min": -2.14605522156, "var": 1.06342947483}, "barkbands_spread": {"dmean": 13.928360939, "dmean2": 21.6786632538, "dvar": 306.503540039, "dvar2": 693.562683105, "max": 102.015419006, "mean": 39.1263389587, "median": 37.0672988892, "min": 2.39430761337, "var": 398.716064453}, "dissonance": {"dmean": 0.0147390598431, "dmean2": 0.0249003283679, "dvar": 0.000236530322582, "dvar2": 0.000597511418164, "max": 0.500000238419, "mean": 0.468200415373, "median": 0.471606194973, "min": 0.326684236526, "var": 0.0004980507656}, "dynamic_complexity": 2.96364116669, "erbbands_crest": {"dmean": 1.12178182602, "dmean2": 1.81811499596, "dvar": 1.65555560589, "dvar2": 3.91334080696, "max": 14.6763906479, "mean": 5.65005159378, "median": 5.60957050323, "min": 1.89084231853, "var": 6.38141393661}, "erbbands_flatness_db": {"dmean": 0.0180029273033, "dmean2": 0.0270192828029, "dvar": 0.000631797360256, "dvar2": 0.00122891785577, "max": 0.265161544085, "mean": 0.0983443260193, "median": 0.0941392332315, "min": 0.0324323177338, "var": 0.00186993961688}, "erbbands_kurtosis": {"dmean": 0.296262204647, "dmean2": 0.46748688817, "dvar": 0.0823982357979, "dvar2": 0.194740906358, "max": 4.82297039032, "mean": -0.264581412077, "median": -0.298072814941, "min": -1.23479366302, "var": 0.271048605442}, "erbbands_skewness": {"dmean": 0.19775827229, "dmean2": 0.308649092913, "dvar": 0.0481521971524, "dvar2": 0.107942834496, "max": 2.23879766464, "mean": 0.376309216022, "median": 0.398934811354, "min": -0.833275914192, "var": 0.124660484493}, "erbbands_spread": {"dmean": 6.72519159317, "dmean2": 9.96813106537, "dvar": 50.6550445557, "dvar2": 118.316642761, "max": 86.1133422852, "mean": 44.7085266113, "median": 41.4350776672, "min": 23.6040916443, "var": 182.010910034}, "hfc": {"dmean": 29.496635437, "dmean2": 44.1787948608, "dvar": 1257.65942383, "dvar2": 3065.24487305, "max": 206.444534302, "mean": 51.9960517883, "median": 41.6025657654, "min": 1.2002173636e-16, "var": 2001.54992676}, "melbands_crest": {"dmean": 2.97465205193, "dmean2": 4.89156961441, "dvar": 11.7965841293, "dvar2": 30.2856578827, "max": 37.8873062134, "mean": 13.1326313019, "median": 12.5512628555, "min": 1.66091656685, "var": 25.8657817841}, "melbands_flatness_db": {"dmean": 0.0337001718581, "dmean2": 0.0515540502965, "dvar": 0.00176801322959, "dvar2": 0.00406341115013, "max": 0.425864994526, "mean": 0.152839228511, "median": 0.129703223705, "min": 0.00343945343047, "var": 0.00566673604771}, "melbands_kurtosis": {"dmean": 4.62128400803, "dmean2": 7.28645181656, "dvar": 52.6306343079, "dvar2": 132.428939819, "max": 81.6304779053, "mean": 9.77917098999, "median": 4.78352355957, "min": -1.32849252224, "var": 123.043914795}, "melbands_skewness": {"dmean": 0.54983663559, "dmean2": 0.847829341888, "dvar": 0.435576140881, "dvar2": 1.08303415775, "max": 7.5846118927, "mean": 2.3692548275, "median": 2.02193069458, "min": -0.291003167629, "var": 1.87949597836}, "melbands_spread": {"dmean": 10.634850502, "dmean2": 17.4623661041, "dvar": 207.437255859, "dvar2": 521.697875977, "max": 164.069747925, "mean": 34.1824073792, "median": 33.1580581665, "min": 3.5305826664, "var": 481.941314697}, "pitch_salience": {"dmean": 0.0817156657577, "dmean2": 0.138066843152, "dvar": 0.00642880517989, "dvar2": 0.0182644184679, "max": 0.8122600317, "mean": 0.538627326488, "median": 0.531287491322, "min": 0.0785508453846, "var": 0.0127030434087}, "silence_rate_20dB": {"dmean": 0, "dmean2": 0, "dvar": 0, "dvar2": 0, "max": 1, "mean": 1, "median": 1, "min": 1, "var": 0}, "silence_rate_30dB": {"dmean": 0, "dmean2": 0, "dvar": 0, "dvar2": 0, "max": 1, "mean": 1, "median": 1, "min": 1, "var": 0}, "silence_rate_60dB": {"dmean": 0.00654530571774, "dmean2": 0.0128887072206, "dvar": 0.00650170911103, "dvar2": 0.0188616160303, "max": 1, "mean": 0.0257668718696, "median": 0, "min": 0, "var": 0.0251027494669}, "spectral_centroid": {"dmean": 359.553039551, "dmean2": 568.845214844, "dvar": 217322.828125, "dvar2": 506025.53125, "max": 9488.38476562, "mean": 1694.36499023, "median": 1737.03466797, "min": 466.77935791, "var": 430302.65625}, "spectral_complexity": {"dmean": 6.8165268898, "dmean2": 10.3154668808, "dvar": 63.1774902344, "dvar2": 144.203643799, "max": 55, "mean": 22.580368042, "median": 21, "min": 0, "var": 121.753639221}, "spectral_decrease": {"dmean": 2.74406697365e-09, "dmean2": 3.81757114809e-09, "dvar": 1.24198894228e-17, "dvar2": 2.42001912155e-17, "max": 2.3304690861e-18, "mean": -6.67918387265e-09, "median": -5.58258683725e-09, "min": -2.84564745101e-08, "var": 2.48145465282e-17}, "spectral_energy": {"dmean": 0.0116307856515, "dmean2": 0.0152400294319, "dvar": 0.000177256573807, "dvar2": 0.000317282625474, "max": 0.115715906024, "mean": 0.0299249943346, "median": 0.0255148112774, "min": 1.1096699811e-20, "var": 0.000452663662145}, "spectral_energyband_high": {"dmean": 0.00235476577654, "dmean2": 0.0036049396731, "dvar": 8.15280691313e-06, "dvar2": 2.01588245545e-05, "max": 0.0154283251613, "mean": 0.00332507072017, "median": 0.00231066346169, "min": 8.19154941127e-21, "var": 1.0876910892e-05}, "spectral_energyband_low": {"dmean": 0.00521660316736, "dmean2": 0.00773327378556, "dvar": 7.76961751399e-05, "dvar2": 0.000182104835403, "max": 0.0611355192959, "mean": 0.00958426203579, "median": 0.005985729862, "min": 4.26025878032e-23, "var": 0.000110481203592}, "spectral_energyband_middle_high": {"dmean": 0.00181407947093, "dmean2": 0.00269421539269, "dvar": 5.24293591297e-06, "dvar2": 1.10468963612e-05, "max": 0.0266127251089, "mean": 0.00803100224584, "median": 0.00730877555907, "min": 1.49061581453e-21, "var": 3.87782602047e-05}, "spectral_energyband_middle_low": {"dmean": 0.00535183912143, "dmean2": 0.00797962211072, "dvar": 0.000102456870081, "dvar2": 0.000206751559745, "max": 0.0735898986459, "mean": 0.00982240308076, "median": 0.00661448994651, "min": 4.05163378543e-22, "var": 0.000134872010676}, "spectral_entropy": {"dmean": 0.299839198589, "dmean2": 0.435426145792, "dvar": 0.0871476009488, "dvar2": 0.207019597292, "max": 9.7476978302, "mean": 7.81901454926, "median": 7.89169073105, "min": 6.24776220322, "var": 0.22455355525}, "spectral_flux": {"dmean": 0.0399526692927, "dmean2": 0.0612831972539, "dvar": 0.00140747381374, "dvar2": 0.00299944798462, "max": 0.25246194005, "mean": 0.0863417163491, "median": 0.0792645290494, "min": 1.41514465213e-06, "var": 0.00364622566849}, "spectral_kurtosis": {"dmean": 1.12402808666, "dmean2": 1.89606440067, "dvar": 6.04625320435, "dvar2": 17.8034648895, "max": 53.155921936, "mean": 4.33741807938, "median": 3.98345780373, "min": -1.21152341366, "var": 6.44473695755}, "spectral_rms": {"dmean": 0.000970493943896, "dmean2": 0.00122002267744, "dvar": 1.01337855085e-06, "dvar2": 1.66467145846e-06, "max": 0.0106251388788, "mean": 0.00502070738003, "median": 0.00498923845589, "min": 3.2902962039e-12, "var": 3.98749125452e-06}, "spectral_rolloff": {"dmean": 2301.49121094, "dmean2": 3975.59985352, "dvar": 11126249, "dvar2": 27344648, "max": 19250.6835938, "mean": 3331.30639648, "median": 2196.38671875, "min": 21.533203125, "var": 13487528}, "spectral_skewness": {"dmean": 0.155330806971, "dmean2": 0.252840071917, "dvar": 0.0472492016852, "dvar2": 0.132048413157, "max": 5.36180591583, "mean": 1.60328805447, "median": 1.60053694248, "min": 0.0235243234783, "var": 0.0704024583101}, "spectral_spread": {"dmean": 800757.6875, "dmean2": 1200350.125, "dvar": 1183053250560.0, "dvar2": 2040942034940.0, "max": 42699044, "mean": 6305458, "median": 6625737, "min": 1172109.25, "var": 2940055846910.0}, "spectral_strongpeak": {"dmean": 0.524430990219, "dmean2": 0.913259029388, "dvar": 0.595102488995, "dvar2": 1.52029001713, "max": 5.1486120224, "mean": 0.998394072056, "median": 0.445471674204, "min": 0, "var": 1.06297886372}, "zerocrossingrate": {"dmean": 0.0360259488225, "dmean2": 0.0463451631367, "dvar": 0.00105048564728, "dvar2": 0.00180604157504, "max": 0.52294921875, "mean": 0.105310380459, "median": 0.09423828125, "min": 0, "var": 0.00571711035445}, "barkbands": {"dmean": [0.000223700510105, 0.00195125176106, 0.00403509940952, 0.00104385719169, 0.00311663467437, 0.000836331979372, 0.000370559224393, 0.000611324852798, 0.000840613560285, 0.000644778891001, 0.000434950401541, 0.00047947166604, 0.000368232635083, 0.000238859603996, 0.000314655015245, 0.000206054173759, 0.000230263874982, 0.000173804146471, 0.000174771455931, 0.000180532282684, 0.000243790607783, 0.000216245243791, 0.000232104212046, 0.000312943127938, 9.65186627582e-05, 0.000584249733947, 0.000623894040473], "dmean2": [0.000346685817931, 0.00306844711304, 0.00646467413753, 0.00181939837057, 0.00499448273331, 0.00134280347265, 0.000591850024648, 0.00098928285297, 0.00133790890686, 0.00103591871448, 0.000729036750272, 0.000793466868345, 0.000564537534956, 0.000387513573514, 0.000484963646159, 0.000326100736856, 0.00034561404027, 0.000286276801489, 0.000292807642836, 0.000272352335742, 0.000361194252037, 0.00032900943188, 0.000351708615199, 0.000494992011227, 0.00015137331502, 0.000929920352064, 0.000969304703176], "dvar": [1.52791201913e-07, 8.82283802639e-06, 6.63070677547e-05, 3.48160301655e-06, 7.83295399742e-05, 2.09252243621e-06, 6.97725795362e-07, 1.2065959254e-06, 1.75441300598e-06, 1.11340455078e-06, 8.30445060274e-07, 7.85994529906e-07, 3.56826546977e-07, 1.28372747099e-07, 2.52104513265e-07, 8.99373873153e-08, 9.16557993946e-08, 5.82544288363e-08, 4.7263227998e-08, 5.04152950498e-08, 8.66826894708e-08, 6.32064427464e-08, 8.23265438044e-08, 1.70401165178e-07, 1.27054944343e-08, 5.22998561792e-07, 5.63116827834e-07], "dvar2": [3.6218463606e-07, 2.28825902013e-05, 0.000151448359247, 9.33851151785e-06, 0.000166146710399, 4.69724000141e-06, 1.38609459555e-06, 2.65130711341e-06, 3.83086535294e-06, 2.30822115554e-06, 1.83695658507e-06, 1.81625637197e-06, 6.83433654558e-07, 2.58508805473e-07, 5.09108588176e-07, 2.08351536912e-07, 2.0791588895e-07, 1.42028824257e-07, 1.19080560523e-07, 1.18713415986e-07, 1.86570474625e-07, 1.52012333388e-07, 1.96964990096e-07, 4.12708715203e-07, 3.06048448806e-08, 1.36357607516e-06, 1.41500856898e-06], "max": [0.00315510388464, 0.0260778982192, 0.048580519855, 0.0166740454733, 0.0541799068451, 0.0111003322527, 0.0118450373411, 0.0185245927423, 0.0159529000521, 0.014499951154, 0.00976022984833, 0.011156947352, 0.00734628178179, 0.00449061067775, 0.00749120023102, 0.00294738193043, 0.00543009862304, 0.00242400029674, 0.00245120259933, 0.00199553044513, 0.00219957414083, 0.00165787187871, 0.00227225688286, 0.00256374524906, 0.00126136257313, 0.00369511777535, 0.00386365083978], "mean": [0.000244784052484, 0.00396863045171, 0.00459043635055, 0.00137703702785, 0.00327644078061, 0.00101615651511, 0.000862935208715, 0.00119491782971, 0.0019831135869, 0.00177945545875, 0.000759066082537, 0.00123443512712, 0.000971548783127, 0.000493139785249, 0.000883864471689, 0.000432627974078, 0.00059856736334, 0.000298206752632, 0.000430949148722, 0.000336278608302, 0.000507022312377, 0.000356009055395, 0.000360608595656, 0.000430952262832, 0.000226736781769, 0.000626199413091, 0.000684871221893], "median": [4.86472636112e-05, 0.00314136734232, 0.00152152264491, 0.000697894836776, 0.000881621497683, 0.000440876872744, 0.000306741916575, 0.000228042132221, 0.000429400883149, 0.000406537379604, 0.000148537757923, 0.000307672220515, 0.000495010521263, 0.000186303223018, 0.000519322056789, 0.000248512194958, 0.000462150142994, 0.000197369983653, 0.000354727089871, 0.000266143120825, 0.000414118287154, 0.000281003682176, 0.000274553429335, 0.000295848061796, 0.000219496520003, 0.000312525604386, 0.000337051169481], "min": [3.2755372413e-24, 1.61405942586e-23, 2.05672793397e-23, 7.47553544983e-24, 2.44855561891e-23, 6.64510299485e-23, 1.20286356487e-22, 6.3476620439e-23, 1.01146028706e-22, 9.19031726716e-23, 6.87760491608e-23, 7.12942635642e-23, 8.4397520879e-23, 1.60970286263e-22, 2.17936746885e-22, 2.24125051453e-22, 1.43746978834e-22, 1.25376288996e-22, 1.89097166015e-22, 3.0789114913e-22, 4.59811143461e-22, 5.99719929027e-22, 8.7283478255e-22, 9.51824169675e-22, 1.31125585528e-21, 1.57089050219e-21, 2.44111863588e-21], "var": [2.02463937171e-07, 1.54151639435e-05, 6.5001877374e-05, 3.35692834597e-06, 7.84598523751e-05, 2.28775502364e-06, 2.64713753495e-06, 3.61670618076e-06, 6.40802500129e-06, 5.17219177709e-06, 2.2643775992e-06, 3.37292499353e-06, 1.61613115779e-06, 4.4098555918e-07, 9.34326635615e-07, 2.68802750725e-07, 3.56909652055e-07, 1.1587567883e-07, 1.3673403032e-07, 9.55391072921e-08, 1.90082133145e-07, 1.00217704357e-07, 1.20283829119e-07, 2.05797078934e-07, 3.32393028657e-08, 5.64864251373e-07, 6.62184902467e-07]}, "erbbands": {"dmean": [0.0529592782259, 0.491704821587, 3.60582709312, 4.46932554245, 9.4226026535, 9.38478183746, 4.38137674332, 8.03139781952, 5.48163700104, 6.09698295593, 16.1948814392, 20.0139446259, 12.8051233292, 20.2820262909, 17.8866214752, 14.3857879639, 17.121263504, 11.5949115753, 14.5858125687, 13.8472452164, 12.8384742737, 10.4432582855, 9.19384384155, 10.2850694656, 6.58009386063, 9.34297180176, 9.43025112152, 9.48097801208, 8.25367641449, 6.73860645294, 7.21631383896, 7.63291883469, 3.95325517654, 1.57569921017, 0.497675448656, 1.01342177391, 1.40632605553, 0.500468075275, 0.0911124497652, 0.00825991667807], "dmean2": [0.0832723379135, 0.788858056068, 5.64468955994, 6.99116706848, 15.2339849472, 15.0212812424, 7.28176164627, 13.0147781372, 8.7439699173, 9.63452625275, 25.8030910492, 31.8676223755, 20.4839096069, 33.0062255859, 29.1276683807, 23.0166358948, 26.0620174408, 18.0431041718, 22.9477291107, 20.4487953186, 20.8937969208, 15.4233407974, 14.4836578369, 17.8723220825, 10.3207836151, 14.3919734955, 13.9661226273, 13.9114904404, 12.4740285873, 10.7404594421, 11.2156848907, 12.3136510849, 6.04547643661, 2.49256229401, 0.765869319439, 1.60347950459, 2.25290060043, 0.783658385277, 0.141401156783, 0.0129089634866], "dvar": [0.00769906817004, 0.611026823521, 49.4829521179, 72.397895813, 745.414489746, 646.221618652, 47.177947998, 198.380523682, 127.156013489, 187.752471924, 731.101501465, 1101.52172852, 432.877593994, 1178.31542969, 810.313171387, 636.11529541, 855.225524902, 394.597625732, 565.387939453, 697.482849121, 351.273193359, 169.946289062, 141.654037476, 184.493423462, 76.8523483276, 134.363922119, 131.021896362, 138.236602783, 96.0407028198, 70.3793563843, 90.5686950684, 110.443443298, 22.6560668945, 3.37541031837, 0.368785738945, 1.61405920982, 3.22042274475, 0.349606782198, 0.011839710176, 0.00010598377412], "dvar2": [0.0202834904194, 1.4888395071, 110.010292053, 180.631668091, 1762.33508301, 1364.12573242, 119.276100159, 453.104644775, 262.001190186, 377.547424316, 1652.18371582, 2404.54492188, 948.296447754, 2534.60498047, 1822.70336914, 1289.40075684, 1600.06469727, 797.936828613, 1050.53186035, 1512.74072266, 896.071105957, 403.017272949, 351.955413818, 503.836029053, 154.203948975, 314.654052734, 286.783172607, 298.128753662, 224.68951416, 180.132995605, 218.832809448, 273.917388916, 53.3714370728, 7.9503121376, 0.870522081852, 4.03980827332, 8.37219619751, 0.932826936245, 0.0299791935831, 0.000261549197603], "max": [0.936275482178, 6.10136985779, 50.2017745972, 76.2245635986, 183.264083862, 173.63848877, 57.2717514038, 100.965988159, 190.051177979, 226.064956665, 367.813934326, 482.107147217, 469.064941406, 502.505218506, 348.176147461, 373.514099121, 356.120361328, 306.29083252, 450.180389404, 503.44342041, 203.02772522, 207.989318848, 132.883010864, 103.684783936, 159.654724121, 116.421447754, 101.077186584, 117.909606934, 64.5465087891, 54.1334190369, 65.1025695801, 66.120262146, 37.9212112427, 21.9003944397, 5.75009202957, 7.56435632706, 9.29155158997, 3.35107040405, 0.548864424229, 0.0536819323897], "mean": [0.0908094570041, 1.01716959476, 4.63551473618, 5.57089710236, 9.25131320953, 10.2815561295, 6.1064453125, 9.46312236786, 10.9236736298, 15.7468318939, 33.6508789062, 48.3520812988, 32.2393760681, 60.8485603333, 43.7184295654, 45.4020767212, 47.9626617432, 24.5617866516, 43.6304626465, 33.4682617188, 30.9350070953, 27.4706859589, 21.8266887665, 19.6410865784, 19.6021461487, 18.8420238495, 19.799741745, 16.6550178528, 13.7360553741, 11.2646789551, 10.4745817184, 9.64506626129, 6.1599779129, 2.97805047035, 1.39827394485, 1.3984593153, 1.43510568142, 0.520349264145, 0.102170802653, 0.00897061079741], "median": [0.0460082292557, 0.797771632671, 1.95388007164, 2.42931342125, 2.65887880325, 2.9289264679, 3.20328760147, 4.07368755341, 4.39201927185, 5.49975681305, 13.9950847626, 11.1885566711, 12.9868717194, 20.5156860352, 17.1817798615, 19.0860919952, 23.2175292969, 13.2190170288, 24.3763046265, 20.0373954773, 17.5993041992, 22.980255127, 18.1892795563, 16.4506492615, 15.5876169205, 14.2993869781, 15.8394184113, 13.7242507935, 11.0150966644, 8.92634963989, 7.42823553085, 6.32970523834, 4.50041294098, 2.6533446312, 1.39981126785, 0.99485874176, 0.651876330376, 0.233779549599, 0.0514424070716, 0.0043726102449], "min": [3.09891574168e-22, 3.93485172578e-21, 1.34611010802e-20, 3.52921487419e-20, 4.47231515607e-20, 1.14161742504e-19, 1.98303872732e-19, 7.42479023888e-19, 1.52264687802e-18, 1.52708997529e-18, 1.63051733036e-18, 2.13615257289e-18, 2.5036453444e-18, 3.30658873782e-18, 3.42605905408e-18, 2.39927872574e-18, 5.03098238231e-18, 8.48136323473e-18, 7.82969215019e-18, 1.66535213934e-17, 9.45267427876e-18, 6.60744221887e-18, 6.29264664264e-18, 6.23030741655e-18, 1.30621819336e-17, 1.56470394569e-17, 1.67432473288e-17, 2.02280417899e-17, 2.20856495633e-17, 2.22984219235e-17, 2.65331978849e-17, 2.04186374379e-17, 1.54619213989e-17, 1.47930300684e-17, 9.429991332e-18, 6.33912385331e-18, 2.75874722492e-18, 1.26976111776e-18, 3.35893283038e-19, 3.56909273453e-20], "var": [0.0131253423169, 1.02640748024, 52.2676391602, 70.4783554077, 651.500793457, 652.521240234, 52.6239471436, 206.428253174, 422.779724121, 759.539855957, 2040.99938965, 4098.69091797, 1853.5423584, 5538.41699219, 3075.74316406, 4052.90307617, 3966.17333984, 1243.50585938, 2540.89501953, 1932.85522461, 1310.82141113, 606.579467773, 357.681060791, 280.96496582, 324.475036621, 291.356262207, 314.253875732, 235.150741577, 154.062561035, 100.586486816, 116.379203796, 118.322189331, 33.7941322327, 6.31502389908, 1.24596703053, 2.02013492584, 3.32622146606, 0.390959918499, 0.014128643088, 0.000121194636449]}, "gfcc": {"mean": [41.2628517151, 39.6795806885, -90.077255249, 9.68647289276, -35.9434585571, 7.2733039856, -17.5301990509, 2.67438602448, -17.0547389984, -2.54864358902, -17.3064899445, -1.58738267422, -13.7117176056], "cov": [[25364.9550781, -2025.78503418, 742.725402832, -370.486114502, -664.251281738, 402.450439453, -364.04296875, -207.546112061, -334.738891602, -274.752838135, -493.274078369, -36.8862609863, -350.365844727], [-2025.78503418, 3559.63476562, -493.553070068, 398.404663086, 402.759613037, -544.295532227, 31.377073288, -144.980148315, 3.01622772217, -5.61355781555, 141.175827026, -78.4361953735, 124.595252991], [742.725402832, -493.553070068, 576.420898438, 28.5730628967, -1.74604582787, 68.3548126221, -93.9034347534, -54.7945404053, 1.93998110294, 4.25654029846, 9.82203388214, 75.9212722778, -31.3255081177], [-370.486114502, 398.404663086, 28.5730628967, 172.341995239, 60.2360839844, -61.7860374451, -0.199432000518, -82.5169677734, -19.3029766083, -7.2445063591, 40.3728866577, 34.3666191101, 22.3812084198], [-664.251281738, 402.759613037, -1.74604582787, 60.2360839844, 169.581192017, -32.475479126, 26.8504638672, 10.7449321747, -2.72052097321, 10.4190454483, 64.9890670776, 32.5110435486, 50.7433395386], [402.450439453, -544.295532227, 68.3548126221, -61.7860374451, -32.475479126, 164.263198853, 18.1717758179, 76.6156005859, 18.8325042725, 11.7261781693, -3.93507385254, 33.0716323853, 7.56828308105], [-364.04296875, 31.377073288, -93.9034347534, -0.199432000518, 26.8504638672, 18.1717758179, 89.1304626465, 53.6843490601, 45.3459701538, 30.6335105896, 14.9386444092, -1.49800884724, 28.5517807007], [-207.546112061, -144.980148315, -54.7945404053, -82.5169677734, 10.7449321747, 76.6156005859, 53.6843490601, 130.272186279, 55.971736908, 41.1755104065, 8.34960269928, -6.85723781586, 24.0107593536], [-334.738891602, 3.01622772217, 1.93998110294, -19.3029766083, -2.72052097321, 18.8325042725, 45.3459701538, 55.971736908, 86.2047805786, 45.5554084778, 16.5228424072, -7.38364267349, -1.5506285429], [-274.752838135, -5.61355781555, 4.25654029846, -7.2445063591, 10.4190454483, 11.7261781693, 30.6335105896, 41.1755104065, 45.5554084778, 56.4927062988, 30.8380680084, 1.09752857685, -5.59604072571], [-493.274078369, 141.175827026, 9.82203388214, 40.3728866577, 64.9890670776, -3.93507385254, 14.9386444092, 8.34960269928, 16.5228424072, 30.8380680084, 71.0518417358, 37.6761856079, 13.0369119644], [-36.8862609863, -78.4361953735, 75.9212722778, 34.3666191101, 32.5110435486, 33.0716323853, -1.49800884724, -6.85723781586, -7.38364267349, 1.09752857685, 37.6761856079, 66.9935073853, 23.6212749481], [-350.365844727, 124.595252991, -31.3255081177, 22.3812084198, 50.7433395386, 7.56828308105, 28.5517807007, 24.0107593536, -1.5506285429, -5.59604072571, 13.0369119644, 23.6212749481, 63.2083625793]], "icov": [[6.47867127554e-05, -0.000126831873786, -0.000125665770611, 0.00022650838946, 0.000178112066351, -0.00037930480903, -0.000294298864901, 7.06653590896e-05, 0.000413071946241, -5.59049585718e-05, 0.000509622565005, -0.000411883083871, 0.000529159617145], [-0.000126831873786, 0.00177488103509, 0.00130617362447, -0.00315011595376, -0.00256673293188, 0.0042470311746, 0.00344137800857, -0.00166792876553, -0.00308791804127, 0.000865473062731, -0.00122019136325, 0.0023948084563, -0.00245019188151], [-0.000125665770611, 0.00130617362447, 0.00499794632196, -0.00242318608798, -0.00478836707771, 0.000857272534631, 0.00837689358741, 0.00188233016524, -0.00633736234158, -0.00406791688874, 0.0051231677644, -0.00390947330743, -0.000805137155112], [0.00022650838946, -0.00315011595376, -0.00242318608798, 0.0206191483885, 0.00306336558424, -0.008111753501, -0.00901320576668, 0.0177749227732, 0.00338459108025, -0.00464569451287, -0.00308685912751, -0.00385512411594, -0.00345652876422], [0.000178112066351, -0.00256673293188, -0.00478836707771, 0.00306336558424, 0.0198182482272, -0.00160629174206, -0.0101122893393, -0.00357656227425, 0.0101239243522, 0.00656974455342, -0.0166377909482, 0.00337815703824, -0.00420305179432], [-0.00037930480903, 0.0042470311746, 0.000857272534631, -0.008111753501, -0.00160629174206, 0.0267080776393, 0.0035880219657, -0.0188092663884, -0.00314385979436, 0.00742473965511, -0.00154298951384, -0.00571080856025, -0.00052855029935], [-0.000294298864901, 0.00344137800857, 0.00837689358741, -0.00901320576668, -0.0101122893393, 0.0035880219657, 0.0372599735856, -0.00201863842085, -0.0187027566135, -0.0110238771886, 0.00791780091822, 0.000966731051449, -0.0128764342517], [7.06653590896e-05, -0.00166792876553, 0.00188233016524, 0.0177749227732, -0.00357656227425, -0.0188092663884, -0.00201863842085, 0.0431578047574, -0.008694649674, -0.0183636154979, 0.000182672680239, 0.00734233949333, -0.0166611261666], [0.000413071946241, -0.00308791804127, -0.00633736234158, 0.00338459108025, 0.0101239243522, -0.00314385979436, -0.0187027566135, -0.008694649674, 0.0360653400421, -0.00893937889487, -0.00256686541252, -0.000115140210255, 0.00870312843472], [-5.59049585718e-05, 0.000865473062731, -0.00406791688874, -0.00464569451287, 0.00656974455342, 0.00742473965511, -0.0110238771886, -0.0183636154979, -0.00893937889487, 0.0589703693986, -0.0312612839043, 0.0108128702268, 0.0108136599883], [0.000509622565005, -0.00122019136325, 0.0051231677644, -0.00308685912751, -0.0166377909482, -0.00154298951384, 0.00791780091822, 0.000182672680239, -0.00256686541252, -0.0312612839043, 0.0665302798152, -0.0395085662603, 0.0169694777578], [-0.000411883083871, 0.0023948084563, -0.00390947330743, -0.00385512411594, 0.00337815703824, -0.00571080856025, 0.000966731051449, 0.00734233949333, -0.000115140210255, 0.0108128702268, -0.0395085662603, 0.0566761083901, -0.0249070189893], [0.000529159617145, -0.00245019188151, -0.000805137155112, -0.00345652876422, -0.00420305179432, -0.00052855029935, -0.0128764342517, -0.0166611261666, 0.00870312843472, 0.0108136599883, 0.0169694777578, -0.0249070189893, 0.0469701327384]]}, "melbands": {"dmean": [0.000489971600473, 0.0013883045176, 0.000855778343976, 0.000833668862469, 0.000164034820045, 0.000170338826138, 8.27921030577e-05, 7.71782360971e-05, 0.000147460988956, 0.000113266367407, 6.83506441419e-05, 8.92249154276e-05, 6.54529503663e-05, 6.31054572295e-05, 3.47946916008e-05, 2.95410209219e-05, 2.20286092372e-05, 2.39918917941e-05, 1.88950962183e-05, 1.43503802974e-05, 1.56759961101e-05, 1.06687193693e-05, 1.40241327244e-05, 9.20550610317e-06, 9.11723236641e-06, 6.34368143437e-06, 4.52573112852e-06, 6.33670151728e-06, 6.26671589998e-06, 6.39292329652e-06, 5.50849699721e-06, 5.13858094564e-06, 3.9767915041e-06, 3.83551241612e-06, 4.64478534923e-06, 3.57198086931e-06, 5.1263059504e-06, 2.80046037915e-06, 2.17279489334e-06, 1.07899859358e-06], "dmean2": [0.000758767186198, 0.00207161926664, 0.00132692547049, 0.00135290855542, 0.000268877454801, 0.000274807505775, 0.000132426459459, 0.000121659955767, 0.000234432140132, 0.000180777118658, 0.000109970787889, 0.000145307174535, 0.000106892664917, 0.000102510064607, 5.57762796234e-05, 4.53130742244e-05, 3.57998433174e-05, 3.79790144507e-05, 2.90073603537e-05, 2.1608930183e-05, 2.61791847151e-05, 1.64005650731e-05, 2.00364356715e-05, 1.53939272423e-05, 1.60242871061e-05, 1.01412051663e-05, 7.15049645805e-06, 9.82408164418e-06, 9.24795949686e-06, 9.68279164226e-06, 8.07289598015e-06, 7.94162951934e-06, 6.37868197373e-06, 6.11097539149e-06, 7.38096696296e-06, 5.477076229e-06, 8.4208422777e-06, 4.23649134973e-06, 3.43751571563e-06, 1.71245733327e-06], "dvar": [5.51921914393e-07, 6.35596506982e-06, 2.0342370135e-06, 5.77772652832e-06, 7.5975528091e-08, 8.77362467122e-08, 2.98566611434e-08, 2.37591599728e-08, 5.41479607818e-08, 3.41579813323e-08, 1.25364909564e-08, 2.32903278885e-08, 1.52404311393e-08, 1.44629890286e-08, 2.75283862372e-09, 1.8817452041e-09, 1.34156985521e-09, 1.36883726576e-09, 8.25464030463e-10, 5.50256507026e-10, 5.27656585092e-10, 1.99620930896e-10, 3.7558142707e-10, 2.21657969757e-10, 1.56843524279e-10, 7.26260579453e-11, 3.00948571619e-11, 6.36500990803e-11, 6.27352961247e-11, 7.53540424503e-11, 4.65852113829e-11, 3.84406118048e-11, 2.51733096174e-11, 2.32430498459e-11, 4.29735726171e-11, 1.91841976332e-11, 5.46945995439e-11, 1.1019082348e-11, 6.91701123462e-12, 1.52147229277e-12], "dvar2": [1.45315357258e-06, 1.38869145303e-05, 4.99795487485e-06, 1.25966780615e-05, 1.90213015117e-07, 1.97730898321e-07, 6.09326704648e-08, 4.94598886291e-08, 1.24724863326e-07, 7.46601855894e-08, 2.71969273768e-08, 4.92514260486e-08, 3.42673871501e-08, 3.27402283062e-08, 5.78068304335e-09, 3.8468539465e-09, 2.78990208713e-09, 2.56482390881e-09, 1.71117298109e-09, 1.21279242205e-09, 1.36564415332e-09, 5.18588116893e-10, 7.25144222447e-10, 5.15981146698e-10, 4.32048924415e-10, 1.54736085056e-10, 6.98782698372e-11, 1.49070131239e-10, 1.27913402093e-10, 1.72859587755e-10, 9.38567210063e-11, 8.92712709311e-11, 6.39158864724e-11, 5.75930934887e-11, 1.06794087462e-10, 4.55214303752e-11, 1.37245478871e-10, 2.5116644875e-11, 1.61928716963e-11, 3.69295653085e-12], "max": [0.00723731098697, 0.0194833297282, 0.0108427638188, 0.0147881582379, 0.00261565251276, 0.00210034660995, 0.00285938801244, 0.00222198548727, 0.00254900148138, 0.00269182701595, 0.00230584898964, 0.00224312511273, 0.00149056129158, 0.00149829022121, 0.0006961383624, 0.000486384378746, 0.000515547872055, 0.000673191330861, 0.000451016210718, 0.000443814264145, 0.000255481572822, 0.000145376558066, 0.000377789983759, 0.000172698346432, 9.18496953091e-05, 0.00014607590856, 6.30209106021e-05, 6.90376982675e-05, 8.20935165393e-05, 7.0479385613e-05, 0.00010020636546, 4.65956873086e-05, 4.02300393034e-05, 3.90999412048e-05, 5.06385949848e-05, 4.38474307884e-05, 4.43850476586e-05, 2.39594828599e-05, 3.01555974147e-05, 1.38096938826e-05], "mean": [0.000970714259893, 0.00210995972157, 0.00103943026625, 0.000832196325064, 0.000235202882322, 0.000203686679015, 0.000170811123098, 0.000192893930944, 0.000312042102451, 0.000274730264209, 0.000163682881976, 0.000264413887635, 0.000136060960358, 0.000159804942086, 0.000102224221337, 7.94142761151e-05, 4.07912448281e-05, 6.91985696903e-05, 4.81442548335e-05, 3.45542648574e-05, 3.62269347534e-05, 2.54150745604e-05, 3.06403999275e-05, 1.64020784723e-05, 1.50327177835e-05, 1.85305652849e-05, 1.06649213194e-05, 1.15761258712e-05, 1.36290946102e-05, 9.76358114713e-06, 9.7784004538e-06, 7.79043966759e-06, 6.90503793521e-06, 6.24622725809e-06, 6.51817163089e-06, 5.31573869011e-06, 5.83537530474e-06, 4.58858767161e-06, 3.32683157467e-06, 2.18255490836e-06], "median": [0.000677868432831, 0.00110969354864, 0.000423364690505, 0.000207397621125, 0.000123392703244, 8.74017496244e-05, 6.45552863716e-05, 5.65683476452e-05, 0.000120155891636, 5.89924093219e-05, 5.44389877177e-05, 7.75588050601e-05, 4.15427275584e-05, 3.95464012399e-05, 4.93951338285e-05, 4.50350125902e-05, 1.79979506356e-05, 3.65624655387e-05, 3.3598022128e-05, 2.42003006861e-05, 1.78096488526e-05, 1.81038267328e-05, 1.99640671781e-05, 8.07969263406e-06, 1.14431259135e-05, 1.37878287205e-05, 9.29463749344e-06, 7.93123581388e-06, 1.03677048173e-05, 6.18116337137e-06, 7.90513877291e-06, 5.40213522982e-06, 5.70210477235e-06, 4.69621818411e-06, 4.60840783489e-06, 3.87402178603e-06, 3.43095689459e-06, 3.37311189469e-06, 2.43490148932e-06, 2.03633635465e-06], "min": [3.92119326816e-24, 7.962729634e-24, 6.62387175022e-24, 5.3795623958e-24, 6.42303013033e-24, 1.64083005177e-23, 2.34136535688e-23, 1.48535314042e-23, 1.36562598534e-23, 1.4490415574e-23, 1.26152040611e-23, 1.36044522023e-23, 1.09509031885e-23, 8.98908736993e-24, 7.82963065549e-24, 9.18744250025e-24, 1.68421282616e-23, 1.01624248809e-23, 1.89070884325e-23, 1.91456983459e-23, 1.10404231241e-23, 7.84336314613e-24, 4.77532531354e-24, 6.68597798043e-24, 4.40693437055e-24, 7.85907331106e-24, 1.01476171728e-23, 1.06846752548e-23, 9.15291563615e-24, 1.08818747039e-23, 1.2429812282e-23, 1.16991298685e-23, 1.25636370125e-23, 1.25189764413e-23, 1.63043901816e-23, 1.2080953535e-23, 1.25649859647e-23, 1.15649201739e-23, 8.83649406073e-24, 1.3989558319e-23], "var": [1.0272704003e-06, 7.74546606408e-06, 2.05457558877e-06, 5.51905259272e-06, 8.17082934645e-08, 9.35634503207e-08, 1.02899335275e-07, 9.38140800599e-08, 1.42029250583e-07, 1.28106663055e-07, 5.30252464159e-08, 1.10271365372e-07, 4.86974833791e-08, 5.93852647057e-08, 1.54329384827e-08, 8.67745697519e-09, 3.81027520646e-09, 6.31562135922e-09, 2.51362286541e-09, 1.66433034021e-09, 2.10127382161e-09, 5.98162130938e-10, 1.26151977753e-09, 5.42219324995e-10, 2.06638803291e-10, 3.09422848455e-10, 7.74251149305e-11, 1.26251786803e-10, 1.78744533064e-10, 1.1287445284e-10, 8.77817957212e-11, 5.68302384318e-11, 3.86715971745e-11, 3.49668384525e-11, 5.10297602785e-11, 2.67848104807e-11, 5.25170948396e-11, 1.80686680895e-11, 9.77322216211e-12, 3.33195970814e-12]}, "mfcc": {"mean": [-611.551269531, 95.915222168, 3.90443062782, 14.1498260498, 3.45717740059, 8.9187335968, 5.53581523895, 7.56697177887, 4.60711240768, 4.83850097656, -1.77058827877, 0.511311411858, -2.28967404366], "cov": [[11047.4960938, -1449.76953125, 695.229797363, -394.901824951, -143.129302979, 241.61164856, -81.1707000732, 98.5071411133, 25.8431758881, -27.0054016113, -92.6146240234, 12.6616783142, -18.0284938812], [-1449.76953125, 2102.12182617, -209.319778442, 498.960723877, 235.432678223, -91.3332061768, 18.95454216, -95.8402481079, -80.4286804199, -52.9722328186, 37.6344909668, 57.3447723389, 34.3404960632], [695.229797363, -209.319778442, 274.510620117, -1.52798914909, 44.4284362793, 52.1782493591, -45.5179023743, -2.75688862801, -31.7572002411, -23.8000125885, -7.31274032593, 31.0753955841, 10.9225158691], [-394.901824951, 498.960723877, -1.52798914909, 224.461929321, 64.6756668091, 13.2968654633, 5.34676408768, -41.9787101746, -54.7305679321, -61.0944709778, -12.4235038757, 38.7615356445, 21.3330955505], [-143.129302979, 235.432678223, 44.4284362793, 64.6756668091, 135.900344849, 10.2963352203, 32.0207176208, 8.09693908691, -31.4045619965, -39.2291641235, -6.96820259094, 41.9386940002, 39.4736175537], [241.61164856, -91.3332061768, 52.1782493591, 13.2968654633, 10.2963352203, 59.2293548584, 8.0821018219, 15.6261329651, -7.02671957016, -13.2371406555, -5.46339416504, 13.0656356812, 13.2310752869], [-81.1707000732, 18.95454216, -45.5179023743, 5.34676408768, 32.0207176208, 8.0821018219, 72.7130203247, 27.6997089386, 18.256696701, 5.17422008514, -2.20286297798, 13.4325590134, 25.5245838165], [98.5071411133, -95.8402481079, -2.75688862801, -41.9787101746, 8.09693908691, 15.6261329651, 27.6997089386, 62.529045105, 42.9878425598, 23.5511741638, -10.8555011749, -17.1401901245, 19.6056556702], [25.8431758881, -80.4286804199, -31.7572002411, -54.7305679321, -31.4045619965, -7.02671957016, 18.256696701, 42.9878425598, 90.1890182495, 80.6024703979, 14.6570711136, -42.6070251465, -10.2696304321], [-27.0054016113, -52.9722328186, -23.8000125885, -61.0944709778, -39.2291641235, -13.2371406555, 5.17422008514, 23.5511741638, 80.6024703979, 128.280654907, 61.2595939636, -35.0825386047, -46.0791664124], [-92.6146240234, 37.6344909668, -7.31274032593, -12.4235038757, -6.96820259094, -5.46339416504, -2.20286297798, -10.8555011749, 14.6570711136, 61.2595939636, 92.572769165, 40.4422302246, -22.0401802063], [12.6616783142, 57.3447723389, 31.0753955841, 38.7615356445, 41.9386940002, 13.0656356812, 13.4325590134, -17.1401901245, -42.6070251465, -35.0825386047, 40.4422302246, 121.85369873, 57.2400283813], [-18.0284938812, 34.3404960632, 10.9225158691, 21.3330955505, 39.4736175537, 13.2310752869, 25.5245838165, 19.6056556702, -10.2696304321, -46.0791664124, -22.0401802063, 57.2400283813, 106.841697693]], "icov": [[0.000138126139063, -0.000154087116243, -0.000458990049083, 0.000550899014343, 0.000449457846116, -0.000508441589773, -0.000279129017144, 3.95954011765e-05, -0.000232090053032, 0.000234592371271, 0.000329733768012, -0.00032067936263, 0.000284775218461], [-0.000154087116243, 0.00244956999086, 0.00244346144609, -0.00540186138824, -0.00403241859749, 0.00335517246276, 0.00271173613146, -0.000278177758446, 0.000760196126066, -0.00177599140443, -0.00178968359251, 0.00168941973243, -0.00147418887354], [-0.000458990049083, 0.00244346144609, 0.0101166022941, -0.00430039828643, -0.00856954790652, -0.00271098408848, 0.0099729411304, 0.000783265801147, 0.00115978706162, -0.00478914799169, 0.00138056604192, -0.000910287024453, -0.00124436849728], [0.000550899014343, -0.00540186138824, -0.00430039828643, 0.0194712243974, 0.00524239987135, -0.0118271466345, -0.00564696034417, 0.0076656807214, -0.00348796672188, 0.0051103704609, 0.00539988745004, -0.00451633473858, 0.00325350719504], [0.000449457846116, -0.00403241859749, -0.00856954790652, 0.00524239987135, 0.0211549140513, -0.000106562016299, -0.0124064879492, -0.00675811851397, 0.00493066618219, 0.00400111777708, 0.000447812606581, -0.00228079408407, 0.00111647730228], [-0.000508441589773, 0.00335517246276, -0.00271098408848, -0.0118271466345, -0.000106562016299, 0.0330890901387, -0.00256166770123, -0.0136145595461, 0.00668996898457, 0.000141525248182, -0.00626949546859, 0.00303839845583, -0.00169061566703], [-0.000279129017144, 0.00271173613146, 0.0099729411304, -0.00564696034417, -0.0124064879492, -0.00256166770123, 0.0300603304058, -0.00563933933154, -0.00389975612052, -0.00491136265919, 0.00328091019765, -0.00481579871848, -0.00129257829394], [3.95954011765e-05, -0.000278177758446, 0.000783265801147, 0.0076656807214, -0.00675811851397, -0.0136145595461, -0.00563933933154, 0.0440794304013, -0.0197497345507, 0.00109994539525, 0.00473595038056, 0.00275124190375, -0.00599410990253], [-0.000232090053032, 0.000760196126066, 0.00115978706162, -0.00348796672188, 0.00493066618219, 0.00668996898457, -0.00389975612052, -0.0197497345507, 0.053446251899, -0.0318417288363, 0.00367998192087, 0.00890559796244, -0.0104075958952], [0.000234592371271, -0.00177599140443, -0.00478914799169, 0.0051103704609, 0.00400111777708, 0.000141525248182, -0.00491136265919, 0.00109994539525, -0.0318417288363, 0.0466486364603, -0.0253635048866, 0.00678761536255, 0.00774491205812], [0.000329733768012, -0.00178968359251, 0.00138056604192, 0.00539988745004, 0.000447812606581, -0.00626949546859, 0.00328091019765, 0.00473595038056, 0.00367998192087, -0.0253635048866, 0.0427497327328, -0.025453062728, 0.0102396020666], [-0.00032067936263, 0.00168941973243, -0.000910287024453, -0.00451633473858, -0.00228079408407, 0.00303839845583, -0.00481579871848, 0.00275124190375, 0.00890559796244, 0.00678761536255, -0.025453062728, 0.0320530869067, -0.0171298328787], [0.000284775218461, -0.00147418887354, -0.00124436849728, 0.00325350719504, 0.00111647730228, -0.00169061566703, -0.00129257829394, -0.00599410990253, -0.0104075958952, 0.00774491205812, 0.0102396020666, -0.0171298328787, 0.0241941381246]]}, "spectral_contrast_coeffs": {"dmean": [0.0605033673346, 0.0485659167171, 0.0420822650194, 0.0340396203101, 0.0330482721329, 0.0281042326242], "dmean2": [0.095909178257, 0.0810344219208, 0.0685426667333, 0.0543594919145, 0.0515350438654, 0.044199988246], "dvar": [0.00317972945049, 0.00222713896073, 0.00173683953471, 0.00112348806579, 0.00113688933197, 0.00120707054157], "dvar2": [0.00711777573451, 0.00590046634898, 0.00408215960488, 0.00251754233614, 0.00249521271326, 0.0022631091997], "max": [-0.210765108466, -0.385431796312, -0.346291422844, -0.416039347649, -0.469553291798, -0.523241400719], "mean": [-0.643116593361, -0.741439640522, -0.73238837719, -0.768116652966, -0.761357605457, -0.735751271248], "median": [-0.652020454407, -0.747501969337, -0.723268508911, -0.769639849663, -0.772489905357, -0.752736032009], "min": [-0.964940428734, -0.959487199783, -0.966029047966, -0.962937772274, -0.958429574966, -0.95747756958], "var": [0.0140760270879, 0.00709343980998, 0.00951193831861, 0.00607594801113, 0.00552931800485, 0.00446680979803]}, "spectral_contrast_valleys": {"dmean": [0.457194000483, 0.437340438366, 0.433320939541, 0.437341958284, 0.518559753895, 0.803829669952], "dmean2": [0.737446010113, 0.645231842995, 0.685115814209, 0.636472404003, 0.720217883587, 1.04645848274], "dvar": [0.209106087685, 0.191575706005, 0.212344691157, 0.221899211407, 0.297179847956, 0.757251739502], "dvar2": [0.453926593065, 0.38265106082, 0.422452449799, 0.406581133604, 0.591474592686, 1.43342149258], "max": [-5.8099527359, -4.91500377655, -5.54296779633, -6.08334779739, -5.91437911987, -7.84343290329], "mean": [-7.52004671097, -6.91089057922, -7.29348802567, -7.64095163345, -7.6298289299, -10.0207481384], "median": [-7.05111694336, -6.63935089111, -7.00748729706