{"lowlevel": {"average_loudness": 0.89192199707, "barkbands_crest": {"dmean": 2.42402243614, "dmean2": 3.98103952408, "dvar": 5.19706773758, "dvar2": 13.2685136795, "max": 26.3181114197, "mean": 9.88396930695, "median": 9.05512619019, "min": 3.08961796761, "var": 14.0713853836}, "barkbands_flatness_db": {"dmean": 0.0218014288694, "dmean2": 0.0324588492513, "dvar": 0.000504919094965, "dvar2": 0.00116699712817, "max": 0.393960386515, "mean": 0.137699902058, "median": 0.129829376936, "min": 0.0322833284736, "var": 0.00311287492514}, "barkbands_kurtosis": {"dmean": 3.24988126755, "dmean2": 5.27477455139, "dvar": 47.6496124268, "dvar2": 128.918914795, "max": 180.949935913, "mean": 5.99944639206, "median": 3.58850193024, "min": -1.90815973282, "var": 114.647361755}, "barkbands_skewness": {"dmean": 0.508926689625, "dmean2": 0.802955687046, "dvar": 0.429509848356, "dvar2": 1.06958723068, "max": 11.4428367615, "mean": 1.83719563484, "median": 1.73955440521, "min": -4.89841794968, "var": 1.37391996384}, "barkbands_spread": {"dmean": 5.6215763092, "dmean2": 8.38688373566, "dvar": 64.246635437, "dvar2": 137.151153564, "max": 105.138397217, "mean": 19.2048110962, "median": 15.1533145905, "min": 0.682050704956, "var": 215.375686646}, "dissonance": {"dmean": 0.0219498183578, "dmean2": 0.036662787199, "dvar": 0.000419965246692, "dvar2": 0.00112092716154, "max": 0.500000178814, "mean": 0.450366288424, "median": 0.458535075188, "min": 0.1424344033, "var": 0.00133489212021}, "dynamic_complexity": 2.2257707119, "erbbands_crest": {"dmean": 2.59106254578, "dmean2": 4.09459066391, "dvar": 7.08222341537, "dvar2": 17.1008281708, "max": 30.2231254578, "mean": 9.6385974884, "median": 8.41622447968, "min": 2.47534942627, "var": 23.025976181}, "erbbands_flatness_db": {"dmean": 0.0216727368534, "dmean2": 0.0279240701348, "dvar": 0.000489892961923, "dvar2": 0.000865655543748, "max": 0.413792103529, "mean": 0.152542188764, "median": 0.145857363939, "min": 0.0344381891191, "var": 0.00369136454538}, "erbbands_kurtosis": {"dmean": 1.04248261452, "dmean2": 1.61829328537, "dvar": 2.63652515411, "dvar2": 5.86227846146, "max": 88.706741333, "mean": 0.893186271191, "median": -0.0156695842743, "min": -1.86234855652, "var": 16.0041694641}, "erbbands_skewness": {"dmean": 0.353905320168, "dmean2": 0.542037248611, "dvar": 0.133138239384, "dvar2": 0.297810912132, "max": 7.0840139389, "mean": 0.719430148602, "median": 0.671040475368, "min": -5.30613946915, "var": 0.565264761448}, "erbbands_spread": {"dmean": 9.32947158813, "dmean2": 13.6347522736, "dvar": 138.172225952, "dvar2": 272.592651367, "max": 177.447036743, "mean": 40.8612289429, "median": 34.5817680359, "min": 1.84869158268, "var": 598.199401855}, "hfc": {"dmean": 8.85564804077, "dmean2": 12.5540876389, "dvar": 237.037033081, "dvar2": 495.233398438, "max": 250.855743408, "mean": 26.8842582703, "median": 19.1391658783, "min": 1.06598394963e-16, "var": 655.76751709}, "melbands_crest": {"dmean": 3.30398869514, "dmean2": 5.47529220581, "dvar": 11.1642036438, "dvar2": 30.1515769958, "max": 32.7659416199, "mean": 12.7778186798, "median": 11.7914180756, "min": 1.5672544241, "var": 23.2032146454}, "melbands_flatness_db": {"dmean": 0.0248815789819, "dmean2": 0.0378742329776, "dvar": 0.000739908602554, "dvar2": 0.001794395037, "max": 0.517535150051, "mean": 0.216430723667, "median": 0.212071329355, "min": 0.00354267191142, "var": 0.0046428903006}, "melbands_kurtosis": {"dmean": 7.51457738876, "dmean2": 12.4304170609, "dvar": 357.792755127, "dvar2": 968.658935547, "max": 447.760559082, "mean": 14.3534622192, "median": 9.52206325531, "min": -1.91035163403, "var": 425.949462891}, "melbands_skewness": {"dmean": 0.737599074841, "dmean2": 1.16070592403, "dvar": 0.971435427666, "dvar2": 2.42261385918, "max": 18.0416240692, "mean": 2.65907359123, "median": 2.43614125252, "min": -1.14400207996, "var": 2.49455428123}, "melbands_spread": {"dmean": 4.9010720253, "dmean2": 7.69214344025, "dvar": 99.9641265869, "dvar2": 198.807373047, "max": 260.000579834, "mean": 18.2800388336, "median": 14.7446842194, "min": 0.655166506767, "var": 408.760620117}, "pitch_salience": {"dmean": 0.0731932297349, "dmean2": 0.120115399361, "dvar": 0.00574014382437, "dvar2": 0.0154741983861, "max": 0.861674487591, "mean": 0.572906553745, "median": 0.585406184196, "min": 0.0734778642654, "var": 0.0122130187228}, "silence_rate_20dB": {"dmean": 0, "dmean2": 0, "dvar": 0, "dvar2": 0, "max": 1, "mean": 1, "median": 1, "min": 1, "var": 0}, "silence_rate_30dB": {"dmean": 0.00179282866884, "dmean2": 0.00358601449989, "dvar": 0.00178964086808, "dvar2": 0.00496741430834, "max": 1, "mean": 0.998904466629, "median": 1, "min": 0, "var": 0.00109425722621}, "silence_rate_60dB": {"dmean": 0.010358565487, "dmean2": 0.0207191947848, "dvar": 0.010250819847, "dvar2": 0.0218825768679, "max": 1, "mean": 0.0387411601841, "median": 0, "min": 0, "var": 0.0372382290661}, "spectral_centroid": {"dmean": 185.261352539, "dmean2": 289.161407471, "dvar": 69639.265625, "dvar2": 149885.625, "max": 11584.5439453, "mean": 1077.81091309, "median": 917.283935547, "min": 176.864990234, "var": 1110604}, "spectral_complexity": {"dmean": 3.33804774284, "dmean2": 5.22233295441, "dvar": 16.5949954987, "dvar2": 38.0562973022, "max": 54, "mean": 18.636888504, "median": 19, "min": 0, "var": 63.1494483948}, "spectral_decrease": {"dmean": 2.90930768365e-09, "dmean2": 4.75935735267e-09, "dvar": 1.98266292366e-17, "dvar2": 5.19797186729e-17, "max": 1.93594126841e-10, "mean": -8.8551308508e-09, "median": -8.09805644764e-09, "min": -3.6581084828e-08, "var": 3.30404424754e-17}, "spectral_energy": {"dmean": 0.0115074198693, "dmean2": 0.0186980329454, "dvar": 0.000296968268231, "dvar2": 0.000771631603129, "max": 0.140361979604, "mean": 0.03585973382, "median": 0.0327427983284, "min": 1.00976659639e-20, "var": 0.000517323380336}, "spectral_energyband_high": {"dmean": 0.000665149826091, "dmean2": 0.000924200576264, "dvar": 2.14473357119e-06, "dvar2": 4.40406302005e-06, "max": 0.0190028659999, "mean": 0.00126414047554, "median": 0.000364413048374, "min": 6.94378865471e-21, "var": 5.49538890482e-06}, "spectral_energyband_low": {"dmean": 0.00811145827174, "dmean2": 0.0139053231105, "dvar": 0.000309747149004, "dvar2": 0.000830389966723, "max": 0.130362674594, "mean": 0.0106969410554, "median": 0.00558107113466, "min": 1.40705033365e-23, "var": 0.000285581394564}, "spectral_energyband_middle_high": {"dmean": 0.00145740248263, "dmean2": 0.00223106867634, "dvar": 8.33601370687e-06, "dvar2": 2.03639046958e-05, "max": 0.0745456963778, "mean": 0.00447498215362, "median": 0.00294790207408, "min": 1.04502638169e-21, "var": 2.82436703856e-05}, "spectral_energyband_middle_low": {"dmean": 0.00574421463534, "dmean2": 0.0090811830014, "dvar": 4.48726277682e-05, "dvar2": 0.000110907232738, "max": 0.0916182175279, "mean": 0.0203531198204, "median": 0.0187540911138, "min": 1.46805701797e-22, "var": 0.000159409217304}, "spectral_entropy": {"dmean": 0.191556587815, "dmean2": 0.259770452976, "dvar": 0.0460658445954, "dvar2": 0.0806590095162, "max": 9.82299804688, "mean": 7.41832876205, "median": 7.40795660019, "min": 4.58940982819, "var": 0.378737688065}, "spectral_flux": {"dmean": 0.029846528545, "dmean2": 0.04612621665, "dvar": 0.00134714634623, "dvar2": 0.00271453359164, "max": 0.326620399952, "mean": 0.090658955276, "median": 0.0804349482059, "min": 6.292107807e-11, "var": 0.00297060469165}, "spectral_kurtosis": {"dmean": 2.22409749031, "dmean2": 3.59046053886, "dvar": 14.9369440079, "dvar2": 40.1934127808, "max": 97.0021743774, "mean": 6.75492811203, "median": 5.25075531006, "min": -1.39362549782, "var": 69.0396652222}, "spectral_rms": {"dmean": 0.000867207592819, "dmean2": 0.00136507116258, "dvar": 1.28226020024e-06, "dvar2": 3.17088370139e-06, "max": 0.0117020728067, "mean": 0.00557133927941, "median": 0.00565191963688, "min": 3.13869112992e-12, "var": 3.94543167204e-06}, "spectral_rolloff": {"dmean": 499.207122803, "dmean2": 832.225585938, "dvar": 1633987.75, "dvar2": 3624251.25, "max": 19552.1484375, "mean": 1478.20690918, "median": 753.662109375, "min": 86.1328125, "var": 6476359.5}, "spectral_skewness": {"dmean": 0.270312845707, "dmean2": 0.426147580147, "dvar": 0.112909860909, "dvar2": 0.272490262985, "max": 8.26789951324, "mean": 1.84785294533, "median": 1.76987826824, "min": -0.400694817305, "var": 0.705514967442}, "spectral_spread": {"dmean": 792790, "dmean2": 1009955.1875, "dvar": 1055401705470.0, "dvar2": 1821497360380.0, "max": 42485124, "mean": 5394574.5, "median": 4610676, "min": 982497.75, "var": 16638686527500.0}, "spectral_strongpeak": {"dmean": 0.590094447136, "dmean2": 0.981262147427, "dvar": 0.686978936195, "dvar2": 1.67656099796, "max": 10.2980833054, "mean": 1.19072842598, "median": 0.811096906662, "min": 0, "var": 1.39242732525}, "zerocrossingrate": {"dmean": 0.0123379044235, "dmean2": 0.0138150667772, "dvar": 0.000335620658007, "dvar2": 0.000353414739948, "max": 0.53515625, "mean": 0.0639126673341, "median": 0.0458984375, "min": 0.00732421875, "var": 0.00410352181643}, "barkbands": {"dmean": [7.5829855632e-05, 0.00417350092903, 0.00436963373795, 0.00149386655539, 0.00290734600276, 0.00160274235532, 0.00119757826906, 0.000979099073447, 0.00172553176526, 0.000453218672192, 0.000512667291332, 0.000311571639031, 0.000295337260468, 0.000354123942088, 0.00016789601068, 0.000160576746566, 0.000119995522255, 0.000151910542627, 0.000101310906757, 8.12176876934e-05, 9.7680320323e-05, 0.00012617566972, 0.000110445638711, 0.000111274675874, 0.000112366666144, 0.00014667477808, 6.55698895571e-05], "dmean2": [0.000127918319777, 0.00719702523202, 0.00765154557303, 0.00259779393673, 0.00464289309457, 0.00244952901267, 0.0018024003366, 0.00152605294716, 0.00263839750551, 0.000701898185071, 0.000806958938483, 0.000501838629134, 0.000467263598694, 0.000567881856114, 0.000269380572718, 0.000254127924563, 0.000190817125258, 0.000240086155827, 0.000159910268849, 0.000130782646011, 0.000160184441484, 0.000195537999389, 0.000163176999195, 0.000161355652381, 0.000159839357366, 0.000221159672947, 0.000103834034235], "dvar": [2.54331684602e-08, 8.81299492903e-05, 9.33233459364e-05, 6.3265188146e-06, 1.63453314599e-05, 6.58287808619e-06, 4.61805302621e-06, 4.33656759924e-06, 1.66562349477e-05, 3.74272690351e-06, 2.94065785056e-06, 8.28622944482e-07, 7.03381431322e-07, 7.82582276315e-07, 1.25098964077e-07, 1.189094192e-07, 3.45012907133e-08, 5.15215781149e-08, 2.21468550166e-08, 1.80658101812e-08, 5.66822713211e-08, 1.00208474407e-07, 7.3618849683e-08, 1.1240117459e-07, 1.0916558324e-07, 1.83829428124e-07, 2.80624607996e-08], "dvar2": [6.63703900727e-08, 0.000236986379605, 0.000256183702732, 1.78074424184e-05, 4.11868059018e-05, 1.51689737322e-05, 1.07948926598e-05, 1.00019324236e-05, 4.07547777286e-05, 1.01957775769e-05, 7.27504993847e-06, 2.11204860534e-06, 1.70863324911e-06, 1.92384300135e-06, 3.11010865062e-07, 2.47675501441e-07, 8.46815666478e-08, 1.28894157569e-07, 5.39483480111e-08, 4.48635155692e-08, 1.51038136664e-07, 2.51609804991e-07, 1.47539921613e-07, 2.36941815501e-07, 2.21995222205e-07, 4.23923410153e-07, 6.68994104558e-08], "max": [0.00313990027644, 0.0794893056154, 0.0834756866097, 0.0399170592427, 0.0725296214223, 0.0492826364934, 0.0625977739692, 0.0406198762357, 0.0773833394051, 0.0658124983311, 0.0461806133389, 0.0376259125769, 0.0201409738511, 0.0204536095262, 0.0104097574949, 0.0112668713555, 0.00369149912149, 0.00551900919527, 0.00244836369529, 0.00219446001574, 0.0027183459606, 0.00409060902894, 0.00812058337033, 0.00935344956815, 0.00628664111719, 0.00974006764591, 0.00327592995018], "mean": [8.54078971315e-05, 0.00461327796802, 0.00515252025798, 0.00216681929305, 0.00634343735874, 0.0038474809844, 0.00240762671456, 0.00180317251943, 0.00351563002914, 0.000777778390329, 0.000846924900543, 0.000528062751982, 0.000492449325975, 0.000600518251304, 0.000321049854392, 0.000292021461064, 0.000224548508413, 0.000308013957692, 0.000198484965949, 0.000144257661304, 0.000146122562001, 0.000213754115975, 0.000203612959012, 0.000197648681933, 0.000180273214937, 0.000180888659088, 6.79972072248e-05], "median": [2.58962627413e-05, 0.0018056234112, 0.00181761221029, 0.00133951648604, 0.00465630926192, 0.00248885853216, 0.00129228038713, 0.000862210988998, 0.00120605027769, 0.000233215338085, 0.000267077237368, 0.000228365766816, 0.000158654744155, 0.000244069247856, 0.000191183251445, 0.000156483758474, 0.000135230555316, 0.000213819686905, 0.000126200087834, 7.19146191841e-05, 4.87075230922e-05, 5.38851054444e-05, 4.65190751129e-05, 2.92275635729e-05, 2.49189943133e-05, 2.33407245105e-05, 7.89769910625e-06], "min": [1.97560445396e-26, 1.8354740254e-24, 1.65785075132e-24, 4.91254303345e-25, 6.6691539439e-24, 5.54410182012e-24, 8.47796545678e-24, 6.69295072197e-24, 1.28448280599e-23, 1.74565846425e-23, 1.97654637607e-23, 1.86203958691e-23, 2.92602519916e-23, 2.12411290581e-23, 5.8608275803e-23, 4.50275367595e-23, 7.92750620572e-23, 9.9307585211e-23, 1.4002539814e-22, 1.61742006798e-22, 2.61377587752e-22, 3.11081681284e-22, 3.69283283513e-22, 5.80765911259e-22, 8.76598393753e-22, 1.40394219013e-21, 1.98249000123e-21], "var": [2.58968650968e-08, 7.37668742659e-05, 8.55053440318e-05, 7.40797713661e-06, 3.52033530362e-05, 2.11287660932e-05, 1.09060938485e-05, 8.9625509645e-06, 4.59652292193e-05, 7.38960034141e-06, 5.33978709427e-06, 1.30288276523e-06, 1.3358111346e-06, 1.53997916641e-06, 2.20910550297e-07, 2.87299315005e-07, 8.22958057256e-08, 1.0883348267e-07, 4.97832779445e-08, 3.91437957603e-08, 6.69891946359e-08, 1.57016657454e-07, 2.11448465848e-07, 3.02077353354e-07, 2.67079087735e-07, 2.80144632825e-07, 3.4405626792e-08]}, "erbbands": {"dmean": [0.0623432658613, 1.17303109169, 4.86562013626, 4.19758939743, 8.88221168518, 11.1011400223, 7.89019536972, 14.9642372131, 9.09563732147, 30.3761539459, 19.7792072296, 33.7608718872, 30.0549869537, 11.8370828629, 18.9041213989, 11.1420688629, 12.5552186966, 15.8134365082, 11.2862815857, 9.12606716156, 8.87304401398, 6.90767765045, 7.61267280579, 5.73757171631, 4.73077726364, 3.83021855354, 3.72891664505, 4.14311361313, 4.5174946785, 3.76869058609, 3.21073555946, 2.59184622765, 1.78017377853, 1.29294753075, 0.824710607529, 0.539118111134, 0.282586991787, 0.0913015827537, 0.010663065128, 0.000445498648332], "dmean2": [0.103590078652, 2.04560661316, 8.60146331787, 7.21496868134, 14.3697347641, 17.7803516388, 12.5180683136, 22.6437282562, 14.1372461319, 45.3588256836, 30.417842865, 51.5660438538, 46.3039970398, 18.1637783051, 29.5570774078, 17.7274246216, 20.0907897949, 25.2385406494, 17.806180954, 14.619096756, 14.0375070572, 10.8572540283, 12.0476703644, 9.09433555603, 7.47617006302, 6.16756343842, 6.11668205261, 6.74118614197, 7.10443019867, 5.77449655533, 4.77110052109, 3.79370880127, 2.61249399185, 1.87549436092, 1.18412780762, 0.806556820869, 0.429436296225, 0.142453834414, 0.0169084779918, 0.000700816570316], "dvar": [0.0142530025914, 7.48258590698, 128.843826294, 49.063457489, 242.904556274, 240.85218811, 135.403274536, 618.032836914, 296.056610107, 3181.875, 2271.92382812, 8409.15136719, 7371.41845703, 1078.69677734, 4737.76025391, 914.630249023, 1292.82165527, 1716.33483887, 691.11126709, 483.774963379, 302.118621826, 103.990142822, 120.592140198, 69.190536499, 51.3808250427, 42.9709396362, 67.979888916, 119.047187805, 136.381546021, 76.2451019287, 68.840965271, 64.08253479, 29.6256198883, 16.3637104034, 5.76558160782, 2.91071224213, 0.653127253056, 0.069573841989, 0.000683118996676, 1.11826341254e-06], "dvar2": [0.0365492738783, 20.3406963348, 357.800201416, 132.744140625, 579.495422363, 635.639892578, 333.903747559, 1419.23474121, 746.512390137, 7311.78027344, 5386.27490234, 20228.15625, 18512.7421875, 2689.34912109, 11600.6738281, 2289.69165039, 3232.41845703, 4239.81054688, 1644.47668457, 1149.36889648, 628.053710938, 252.919784546, 292.749084473, 167.313644409, 127.460525513, 108.57358551, 177.499053955, 320.317230225, 347.502593994, 174.551986694, 142.696136475, 136.920578003, 63.6426048279, 35.7179450989, 11.704416275, 6.88518857956, 1.50102388859, 0.162497058511, 0.00162913755048, 2.66584197561e-06], "max": [1.52142620087, 22.1331615448, 89.7659606934, 115.567893982, 180.900741577, 414.632171631, 202.967147827, 471.753845215, 448.205535889, 1285.11950684, 985.266723633, 1930.78686523, 2467.98510742, 920.209533691, 1984.40319824, 1106.62927246, 1134.33154297, 1230.5057373, 732.639404297, 705.746398926, 668.812316895, 226.356765747, 172.610809326, 168.697235107, 105.648323059, 107.649230957, 105.918907166, 123.057022095, 155.271179199, 213.092453003, 235.902740479, 258.776794434, 139.385437012, 95.2536849976, 48.8251914978, 52.5821456909, 17.0674705505, 7.39015722275, 0.419102191925, 0.0151465954259], "mean": [0.085605815053, 1.24496173859, 5.42799043655, 6.61208486557, 14.910736084, 24.924041748, 18.4984893799, 36.2571182251, 21.4008045197, 60.7586326599, 40.6038246155, 68.0367431641, 56.6234359741, 23.7651195526, 31.7278842926, 21.28789711, 23.7468223572, 29.2036781311, 21.4890499115, 17.0170326233, 16.2913227081, 14.5054416656, 16.1707801819, 12.2223939896, 9.04439640045, 6.80218458176, 5.82370662689, 6.26465511322, 7.43202066422, 6.77295589447, 5.78740119934, 4.58669710159, 3.05266952515, 2.1005282402, 1.23173117638, 0.706494569778, 0.337404966354, 0.100017726421, 0.0110139911994, 0.000490503327455], "median": [0.0393753834069, 0.469001740217, 1.98193705082, 4.12118196487, 9.59677314758, 17.2040309906, 13.6771593094, 22.9407463074, 13.5031290054, 29.4479808807, 19.2667732239, 21.6899471283, 21.2683773041, 10.2478790283, 12.168879509, 9.29408454895, 9.21112346649, 11.0775146484, 11.2022628784, 10.0682353973, 9.22183227539, 9.44697570801, 11.4030342102, 8.71451663971, 5.81291437149, 3.41160702705, 2.10748958588, 1.81646585464, 1.89263093472, 1.70989978313, 1.26470291615, 0.731080591679, 0.395389020443, 0.23988263309, 0.177111536264, 0.086520716548, 0.0420077703893, 0.0114629212767, 0.00133957597427, 0.000106308718387], "min": [4.99493030561e-23, 6.1344833021e-22, 4.06359261383e-21, 6.81796026637e-21, 1.05656199694e-20, 2.08726167504e-20, 3.43029053528e-20, 4.0565964753e-20, 1.30272648822e-19, 2.07218902256e-19, 2.56236487983e-19, 2.6853330327e-19, 7.22945774108e-19, 7.68739164903e-19, 1.02527858194e-18, 1.07122856836e-18, 1.62134265659e-18, 1.16040091314e-18, 2.88247421261e-18, 2.56582781977e-18, 3.42975841257e-18, 4.85257275907e-18, 4.93567008264e-18, 4.57698430311e-18, 7.32365779302e-18, 9.24694949733e-18, 1.10848124695e-17, 1.09436516165e-17, 1.01200907463e-17, 1.11084475012e-17, 1.12816086634e-17, 1.20247890848e-17, 9.42243338275e-18, 8.38735167658e-18, 6.20258114959e-18, 4.27002750396e-18, 2.27303731578e-18, 9.95828056997e-19, 2.51959059487e-19, 2.73153779076e-20], "var": [0.0159703213722, 5.95965003967, 105.746513367, 64.0463256836, 339.452941895, 641.73614502, 373.090118408, 1909.3939209, 738.692932129, 7507.17919922, 5532.13671875, 22181.8535156, 16202.7763672, 2540.28662109, 7300.13671875, 2007.80505371, 2584.11401367, 3788.44287109, 1422.98193359, 1011.38085938, 746.17376709, 280.489105225, 283.587158203, 160.199737549, 101.405540466, 88.8362503052, 93.1853179932, 138.891601562, 195.338272095, 164.570129395, 185.928436279, 164.43208313, 74.6024703979, 36.6580162048, 13.7176017761, 4.55748939514, 0.991781175137, 0.0914127752185, 0.000841360597406, 1.34465926749e-06]}, "gfcc": {"mean": [8.84485626221, 90.1067581177, -97.8731307983, 12.6630373001, -55.0720481873, -3.42647647858, -36.3263778687, 2.26648950577, -20.1769638062, -2.99384737015, -18.9939537048, 0.468583971262, -16.8109493256], "cov": [[19266.9023438, -800.223693848, -289.007507324, 664.077941895, -427.932769775, 921.74432373, -456.617370605, 342.476135254, -264.564361572, 233.317977905, -311.317382812, 45.8446846008, -311.981689453], [-800.223693848, 2265.37426758, -813.92376709, 23.22996521, 186.119033813, -411.51272583, 189.036331177, -118.488311768, 108.935050964, -126.228340149, 103.794807434, -59.305847168, 52.2525444031], [-289.007507324, -813.92376709, 1430.9942627, 119.371665955, 90.0346679688, 289.47253418, -99.850944519, 90.7510986328, -61.2498321533, 124.949676514, -18.5517520905, 37.6709403992, -35.5630722046], [664.077941895, 23.22996521, 119.371665955, 553.993347168, 13.2881555557, 129.365127563, 15.0178956985, 23.8800888062, 18.3878898621, 18.6838169098, -5.21003293991, -31.5262203217, 44.3121185303], [-427.932769775, 186.119033813, 90.0346679688, 13.2881555557, 370.271789551, -5.28513765335, 97.8623046875, 51.7151947021, 42.6801147461, 29.5293579102, 18.4959125519, 15.5077466965, -9.57061862946], [921.74432373, -411.51272583, 289.47253418, 129.365127563, -5.28513765335, 377.199859619, 15.8405094147, 65.2282104492, -30.1618022919, 52.2428474426, -9.02233409882, -9.88117218018, -12.8581295013], [-456.617370605, 189.036331177, -99.850944519, 15.0178956985, 97.8623046875, 15.8405094147, 233.5287323, 18.8553581238, 20.7790775299, -12.3438215256, 16.9651241302, -4.38998985291, -7.04602766037], [342.476135254, -118.488311768, 90.7510986328, 23.8800888062, 51.7151947021, 65.2282104492, 18.8553581238, 125.802864075, 24.8788433075, 33.6379852295, -5.06380176544, -2.15892505646, -11.0433664322], [-264.564361572, 108.935050964, -61.2498321533, 18.3878898621, 42.6801147461, -30.1618022919, 20.7790775299, 24.8788433075, 112.328475952, 21.3894500732, 10.6972818375, -11.1645336151, 7.92948675156], [233.317977905, -126.228340149, 124.949676514, 18.6838169098, 29.5293579102, 52.2428474426, -12.3438215256, 33.6379852295, 21.3894500732, 100.746154785, 11.6626472473, 1.56728565693, -8.83067798615], [-311.317382812, 103.794807434, -18.5517520905, -5.21003293991, 18.4959125519, -9.02233409882, 16.9651241302, -5.06380176544, 10.6972818375, 11.6626472473, 94.9804763794, 19.2931118011, 2.46719384193], [45.8446846008, -59.305847168, 37.6709403992, -31.5262203217, 15.5077466965, -9.88117218018, -4.38998985291, -2.15892505646, -11.1645336151, 1.56728565693, 19.2931118011, 81.4733123779, 9.2526845932], [-311.981689453, 52.2525444031, -35.5630722046, 44.3121185303, -9.57061862946, -12.8581295013, -7.04602766037, -11.0433664322, 7.92948675156, -8.83067798615, 2.46719384193, 9.2526845932, 98.0287322998]], "icov": [[0.000104459155409, -7.62398994993e-05, 0.000141667624121, -0.000133570996695, 9.21495811781e-05, -0.000283612695057, 0.000275142578175, -0.000292110344162, 0.000272709177807, -0.000299557927065, 0.000408293504734, -0.000377547723474, 0.00041983864503], [-7.62398994993e-05, 0.00089206523262, 0.000149150335346, -9.43141276366e-05, -0.000511785503477, 0.000822681176942, -0.000527085794602, 0.000645630410872, -0.000476756889839, 0.000742719916161, -0.00112539646216, 0.00101528782398, -0.000490641104989], [0.000141667624121, 0.000149150335346, 0.00128211942501, -0.000358446734026, -0.000353292067302, -0.00076330587035, 0.000804060779046, -0.000490934529807, 0.000858667888679, -0.00106809532735, 0.000529981334694, -0.000771296850871, 0.000760185474064], [-0.000133570996695, -9.43141276366e-05, -0.000358446734026, 0.00236888090149, -8.24253002065e-05, -0.000497247674502, -0.000366462074453, 0.000336068304023, -0.000708545616362, 0.000353088515112, -0.000388890184695, 0.00120931759011, -0.00165265856776], [9.21495811781e-05, -0.000511785503477, -0.000353292067302, -8.24253002065e-05, 0.00382457464002, -2.49482473009e-05, -0.00110408244655, -0.00142476416659, -0.000444518664153, -0.00106523465365, 0.000605938665103, -0.0013800910674, 0.000660430581775], [-0.000283612695057, 0.000822681176942, -0.00076330587035, -0.000497247674502, -2.49482473009e-05, 0.00516228564084, -0.00173854827881, -0.000416947645135, 0.00045236031292, -4.82778559672e-05, -0.00164895982016, 0.0020211932715, -0.00108073244337], [0.000275142578175, -0.000527085794602, 0.000804060779046, -0.000366462074453, -0.00110408244655, -0.00173854827881, 0.00626452453434, -0.0013331847731, 0.000435624679085, 0.000213200313738, 0.000562827801332, -0.0010149225127, 0.00164381519426], [-0.000292110344162, 0.000645630410872, -0.000490934529807, 0.000336068304023, -0.00142476416659, -0.000416947645135, -0.0013331847731, 0.011399817653, -0.00316667719744, -0.000642839528155, -0.00044853502186, 0.00118496979121, -0.000511507154442], [0.000272709177807, -0.000476756889839, 0.000858667888679, -0.000708545616362, -0.000444518664153, 0.00045236031292, 0.000435624679085, -0.00316667719744, 0.012240966782, -0.00380574422888, 0.000400741177145, 0.000557552149985, 4.86331155116e-05], [-0.000299557927065, 0.000742719916161, -0.00106809532735, 0.000353088515112, -0.00106523465365, -4.82778559672e-05, 0.000213200313738, -0.000642839528155, -0.00380574422888, 0.0145334582776, -0.00352451857179, 0.00162261829246, -0.000511167221703], [0.000408293504734, -0.00112539646216, 0.000529981334694, -0.000388890184695, 0.000605938665103, -0.00164895982016, 0.000562827801332, -0.00044853502186, 0.000400741177145, -0.00352451857179, 0.0141723453999, -0.00518856663257, 0.00188327394426], [-0.000377547723474, 0.00101528782398, -0.000771296850871, 0.00120931759011, -0.0013800910674, 0.0020211932715, -0.0010149225127, 0.00118496979121, 0.000557552149985, 0.00162261829246, -0.00518856663257, 0.016226131469, -0.00367818190716], [0.00041983864503, -0.000490641104989, 0.000760185474064, -0.00165265856776, 0.000660430581775, -0.00108073244337, 0.00164381519426, -0.000511507154442, 4.86331155116e-05, -0.000511167221703, 0.00188327394426, -0.00367818190716, 0.0130546595901]]}, "melbands": {"dmean": [0.000851393502671, 0.00220062839799, 0.000827947456855, 0.000712345878128, 0.000307679176331, 0.000321325467667, 0.000162475800607, 0.000308663729811, 0.000175548004336, 0.000226800402743, 0.000151213462232, 4.87120996695e-05, 7.46354344301e-05, 3.20033977914e-05, 3.89528686355e-05, 2.80389667751e-05, 3.04624409182e-05, 2.20164893108e-05, 1.1778199223e-05, 1.0151899005e-05, 1.17767040138e-05, 7.5749089774e-06, 7.95827327238e-06, 7.69093094277e-06, 4.74360876979e-06, 4.01714305553e-06, 3.27076509166e-06, 2.61047057393e-06, 2.39970654548e-06, 2.31890544455e-06, 2.61024183601e-06, 2.70789018941e-06, 2.53730217992e-06, 2.06926665669e-06, 1.96933046936e-06, 1.87867942714e-06, 1.56837893428e-06, 1.24682117075e-06, 1.32421246235e-06, 1.07445487174e-06], "dmean2": [0.00144669867586, 0.00386638287455, 0.00139090942685, 0.00115468457807, 0.000483334675664, 0.000487492012326, 0.000249428994721, 0.00046472233953, 0.00026957996306, 0.000347148103174, 0.000232587874052, 7.42230113246e-05, 0.00011730818369, 5.04286690557e-05, 6.30383001408e-05, 4.43198659923e-05, 4.88015612063e-05, 3.47846107616e-05, 1.89347574633e-05, 1.61126936291e-05, 1.89314578165e-05, 1.20987551782e-05, 1.25017895698e-05, 1.24404723465e-05, 7.55670544095e-06, 6.39525160295e-06, 5.26143276147e-06, 4.2318274609e-06, 3.96954101234e-06, 3.83141423299e-06, 4.29978854299e-06, 4.34346293332e-06, 4.02522209697e-06, 3.1761635455e-06, 2.99438647744e-06, 2.82633641291e-06, 2.35027437157e-06, 1.86098623089e-06, 1.97127428692e-06, 1.58352850121e-06], "dvar": [3.22302480527e-06, 2.64695445367e-05, 1.69210943568e-06, 1.04383514099e-06, 1.71820559558e-07, 2.7509278766e-07, 8.059898704e-08, 3.17981402986e-07, 1.98692845288e-07, 3.32001604875e-07, 1.91848187114e-07, 2.42905908721e-08, 6.56917009678e-08, 1.36448834454e-08, 1.2964006757e-08, 6.42398800821e-09, 6.51548726083e-09, 3.27008575773e-09, 6.65793087329e-10, 6.37855379626e-10, 5.39137290367e-10, 1.37994712879e-10, 1.52335977166e-10, 1.56389179384e-10, 4.78468827059e-11, 3.7372157452e-11, 2.64506801878e-11, 2.14786036179e-11, 2.66399853566e-11, 3.19293133599e-11, 4.95090253516e-11, 5.17625352303e-11, 3.72894701228e-11, 2.32947515444e-11, 2.73728314321e-11, 3.05824601754e-11, 2.47303462431e-11, 1.64145797649e-11, 1.68451121108e-11, 1.23532651122e-11], "dvar2": [8.49510524858e-06, 7.28263548808e-05, 4.4151684051e-06, 2.69212205239e-06, 4.16169228856e-07, 6.29375279004e-07, 2.01000148081e-07, 7.33570175271e-07, 4.77963851608e-07, 8.01096120995e-07, 4.84656254685e-07, 6.23652240961e-08, 1.63998336689e-07, 3.47152919744e-08, 3.29347145112e-08, 1.53328922892e-08, 1.61093520745e-08, 7.79297071318e-09, 1.63711622037e-09, 1.36372813042e-09, 1.16736109668e-09, 3.34067246088e-10, 3.58660739996e-10, 4.13080014638e-10, 1.15427688241e-10, 9.34944552333e-11, 6.6111845165e-11, 5.49123628513e-11, 6.99840810303e-11, 8.42267297574e-11, 1.34042402178e-10, 1.33424077342e-10, 9.36456467926e-11, 5.1657289557e-11, 6.0549280867e-11, 6.44702208286e-11, 5.56107000727e-11, 3.66947305874e-11, 3.82508399954e-11, 2.74727463001e-11], "max": [0.0163878537714, 0.0380720198154, 0.0173252467066, 0.0162509717047, 0.00951199047267, 0.00943710468709, 0.00616482505575, 0.0112346578389, 0.0107340384275, 0.0113341649994, 0.0124408518896, 0.00496941199526, 0.00731771998107, 0.00559129007161, 0.00294061214663, 0.00211159070022, 0.00206146365963, 0.00159481773153, 0.000539198401384, 0.00103356852196, 0.000811469042674, 0.000233884842601, 0.000222139977268, 0.000355158961611, 0.000133225621539, 9.84037906164e-05, 8.33038793644e-05, 8.72253367561e-05, 8.47849296406e-05, 7.84285439295e-05, 9.62398917181e-05, 9.53045964707e-05, 0.000103407386632, 0.000132939079776, 0.000171025967575, 0.000176980800461, 0.000142652730574, 0.000107971063699, 0.000114456677693, 8.72991222423e-05], "mean": [0.00103247840889, 0.00249997456558, 0.00142598152161, 0.00148314237595, 0.000782720395364, 0.000779928930569, 0.000371802161681, 0.000618988880888, 0.000342278799508, 0.000455577042885, 0.00027534115361, 8.9948058303e-05, 0.00012274531764, 5.30161269126e-05, 6.58879507682e-05, 5.03218834638e-05, 5.2866362239e-05, 3.75438212359e-05, 2.22621147259e-05, 1.81227023859e-05, 1.94532094611e-05, 1.395880372e-05, 1.54467306857e-05, 1.41762247949e-05, 9.39573237702e-06, 7.38389644539e-06, 5.45782586414e-06, 4.29844385508e-06, 3.61851948583e-06, 3.3014159726e-06, 3.79705852538e-06, 4.20379456045e-06, 4.16018156102e-06, 3.58625698027e-06, 3.35927552442e-06, 3.14512340083e-06, 2.65336416305e-06, 2.04072421184e-06, 2.09313679989e-06, 1.66066126894e-06], "median": [0.000451619969681, 0.00101454439573, 0.00097937323153, 0.00107948109508, 0.000605611247011, 0.000497973407619, 0.00023816342582, 0.000305741355987, 0.000131623906782, 0.00014795246534, 9.89811887848e-05, 3.33693133143e-05, 4.09004169342e-05, 2.31292087847e-05, 2.23795232159e-05, 1.78438076546e-05, 1.89682505152e-05, 1.72599884536e-05, 1.30265389089e-05, 1.02005233202e-05, 1.01512569017e-05, 8.04715637059e-06, 9.62855392572e-06, 9.5000696092e-06, 6.27855160928e-06, 4.50450352218e-06, 3.0861419873e-06, 1.86537874924e-06, 1.18952141293e-06, 1.15549983093e-06, 9.65997173807e-07, 9.88652004708e-07, 1.09074585453e-06, 8.39411143261e-07, 7.44968303934e-07, 5.3780053122e-07, 3.89817330415e-07, 2.57036958828e-07, 2.16548372123e-07, 1.78483858804e-07], "min": [8.93335276926e-25, 1.8917659563e-24, 1.19391031308e-24, 1.56301971114e-24, 1.1207910916e-24, 1.00897064993e-24, 2.03493553313e-24, 2.01534160875e-24, 1.30074012484e-24, 1.65429851066e-24, 3.34826844182e-24, 2.38826672701e-24, 3.30307460056e-24, 2.57881292322e-24, 2.77544242031e-24, 2.63672201898e-24, 1.33336879239e-24, 3.5757747436e-24, 4.03407610826e-24, 3.40616531024e-24, 4.60634972992e-24, 3.54249585745e-24, 3.65516452181e-24, 4.11307500589e-24, 3.23137858276e-24, 5.26675449749e-24, 4.94660200443e-24, 5.3678458392e-24, 6.04993994293e-24, 5.32754254113e-24, 5.42138780099e-24, 4.51855266662e-24, 6.32190526203e-24, 5.51445918831e-24, 5.59502121383e-24, 7.19280849026e-24, 6.64440816616e-24, 6.55676295858e-24, 6.18856410322e-24, 5.63425678867e-24], "var": [2.97622659673e-06, 2.15687414311e-05, 2.35609354604e-06, 2.02047340281e-06, 5.27106806203e-07, 8.74062720868e-07, 1.98058941692e-07, 7.39353765766e-07, 5.22864127106e-07, 8.90091712336e-07, 4.17909461703e-07, 5.31522381664e-08, 1.12117632511e-07, 1.66457301276e-08, 2.77028142648e-08, 1.33812925185e-08, 1.33871305152e-08, 6.4019571866e-09, 1.26104737763e-09, 1.44353817788e-09, 1.20053034181e-09, 3.29815730282e-10, 3.58821972135e-10, 2.61192012463e-10, 1.07193601218e-10, 7.73039826596e-11, 4.69199748498e-11, 4.45352331402e-11, 3.81386172643e-11, 3.64276109277e-11, 5.69072081125e-11, 6.88923570968e-11, 5.88118651002e-11, 5.34810286335e-11, 6.35496169576e-11, 7.71800609534e-11, 5.81609448103e-11, 3.63747608423e-11, 3.61633396839e-11, 2.54460272298e-11]}, "mfcc": {"mean": [-638.720458984, 133.832855225, 6.16532182693, 19.4426956177, -1.18314182758, -2.48423457146, -9.72279548645, 2.93120598793, -6.29673051834, -0.47891253233, 0.570007622242, -5.30449867249, -5.21246814728], "cov": [[7909.91943359, -579.746520996, 460.431976318, 130.317672729, 281.224578857, 438.076599121, 218.264465332, 216.759979248, 137.599899292, 142.590148926, 186.714370728, 75.8930435181, -21.8312225342], [-579.746520996, 1881.15722656, -619.697509766, 218.096832275, -65.7602920532, -113.954620361, -47.9483718872, 31.3914375305, -61.2158813477, -19.2503604889, 48.3835487366, -39.8490867615, 33.5577163696], [460.431976318, -619.697509766, 1119.98608398, -43.9623641968, 214.160110474, 133.124084473, 82.0192184448, -43.4817428589, 42.4047813416, 13.1354999542, -46.8079910278, 69.8506851196, 24.1661453247], [130.317672729, 218.096832275, -43.9623641968, 420.218719482, 65.2123184204, 44.2130088806, 18.6179409027, 17.9069271088, 56.3597183228, 0.483331471682, 7.96604776382, 8.85778331757, 33.8240280151], [281.224578857, -65.7602920532, 214.160110474, 65.2123184204, 276.89263916, 56.0712471008, 36.2624053955, 6.3593878746, 35.9469604492, 41.2609710693, -5.23500394821, 32.6495628357, 32.3111801147], [438.076599121, -113.954620361, 133.124084473, 44.2130088806, 56.0712471008, 204.699829102, 93.543548584, 40.2698097229, 40.6746330261, 16.5644874573, 31.1088142395, 18.992980957, -7.44620418549], [218.264465332, -47.9483718872, 82.0192184448, 18.6179409027, 36.2624053955, 93.543548584, 191.761932373, 58.0339584351, 34.3585586548, 20.3778991699, 25.9194774628, 27.9206676483, -0.683008134365], [216.759979248, 31.3914375305, -43.4817428589, 17.9069271088, 6.3593878746, 40.2698097229, 58.0339584351, 131.431243896, 16.5104846954, 18.8516426086, 21.3149967194, 2.66467118263, 9.37299728394], [137.599899292, -61.2158813477, 42.4047813416, 56.3597183228, 35.9469604492, 40.6746330261, 34.3585586548, 16.5104846954, 138.074142456, 32.7472419739, 10.2675189972, 3.72132921219, -9.57498073578], [142.590148926, -19.2503604889, 13.1354999542, 0.483331471682, 41.2609710693, 16.5644874573, 20.3778991699, 18.8516426086, 32.7472419739, 106.411529541, 36.8465652466, 9.72644042969, -0.737178266048], [186.714370728, 48.3835487366, -46.8079910278, 7.96604776382, -5.23500394821, 31.1088142395, 25.9194774628, 21.3149967194, 10.2675189972, 36.8465652466, 111.137237549, 18.3473434448, -3.52049875259], [75.8930435181, -39.8490867615, 69.8506851196, 8.85778331757, 32.6495628357, 18.992980957, 27.9206676483, 2.66467118263, 3.72132921219, 9.72644042969, 18.3473434448, 80.3869781494, 27.3340988159], [-21.8312225342, 33.5577163696, 24.1661453247, 33.8240280151, 32.3111801147, -7.44620418549, -0.683008134365, 9.37299728394, -9.57498073578, -0.737178266048, -3.52049875259, 27.3340988159, 84.4362106323]], "icov": [[0.000155196306878, 3.48188805219e-05, -2.22349626711e-05, -2.89750842057e-05, -8.88564318302e-05, -0.000222510047024, 5.76366546738e-05, -0.000190575869055, 6.18238618699e-06, -4.3693362386e-05, -0.000183855416253, -1.0805927559e-05, 7.64126962167e-05], [3.48188805219e-05, 0.00073660275666, 0.000340404891176, -0.000379899604013, -0.000136677772389, 0.000242801208515, -8.48633862915e-05, -8.66419577505e-05, 0.000321994506521, 9.33234696276e-05, -0.000351553346263, 0.000230280871619, -0.000198221634491], [-2.22349626711e-05, 0.000340404891176, 0.0014332877472, 0.000173120759428, -0.000815175822936, -0.000547396659385, -0.000296970683848, 0.000663760642055, -3.96500181523e-05, 0.000113935340778, 0.000596712867264, -0.000608338858001, -0.000214704545215], [-2.89750842057e-05, -0.000379899604013, 0.000173120759428, 0.00302326167002, -0.000577919301577, -0.000675588729791, 0.000131938111736, 0.000114074624435, -0.00135079212487, 0.000600500556175, 5.91569878452e-05, 6.17023397353e-05, -0.00113259954378], [-8.88564318302e-05, -0.000136677772389, -0.000815175822936, -0.000577919301577, 0.00514337001368, -0.000565429625567, -6.16785036982e-05, 0.000204514377401, -0.000361914921086, -0.00192324898671, 0.00102368404623, -0.00068125675898, -0.00133972649928], [-0.000222510047024, 0.000242801208515, -0.000547396659385, -0.000675588729791, -0.000565429625567, 0.00784719828516, -0.00261923670769, -0.000863314373419, -0.000636837619822, 0.000794807798229, -0.00154910620768, 0.000110486274934, 0.00109068187885], [5.76366546738e-05, -8.48633862915e-05, -0.000296970683848, 0.000131938111736, -6.16785036982e-05, -0.00261923670769, 0.00782589707524, -0.00269583705813, -0.000734632252716, -0.000125646576635, -0.000310636474751, -0.00198319111951, 0.000780604081228], [-0.000190575869055, -8.66419577505e-05, 0.000663760642055, 0.000114074624435, 0.000204514377401, -0.000863314373419, -0.00269583705813, 0.00993540603667, -0.000335793854902, -0.000940889236517, -0.000303437176626, 0.00113982125185, -0.00195754156448], [6.18238618699e-06, 0.000321994506521, -3.96500181523e-05, -0.00135079212487, -0.000361914921086, -0.000636837619822, -0.000734632252716, -0.000335793854902, 0.00909543503076, -0.00240980531089, 0.000300906394841, 0.000192502498976, 0.00150035298429], [-4.3693362386e-05, 9.33234696276e-05, 0.000113935340778, 0.000600500556175, -0.00192324898671, 0.000794807798229, -0.000125646576635, -0.000940889236517, -0.00240980531089, 0.0123751275241, -0.00394085561857, 1.83512893273e-05, 0.000252462690696], [-0.000183855416253, -0.000351553346263, 0.000596712867264, 5.91569878452e-05, 0.00102368404623, -0.00154910620768, -0.000310636474751, -0.000303437176626, 0.000300906394841, -0.00394085561857, 0.012133449316, -0.00306996237487, 0.000899962440599], [-1.0805927559e-05, 0.000230280871619, -0.000608338858001, 6.17023397353e-05, -0.00068125675898, 0.000110486274934, -0.00198319111951, 0.00113982125185, 0.000192502498976, 1.83512893273e-05, -0.00306996237487, 0.0164632163942, -0.00525261415169], [7.64126962167e-05, -0.000198221634491, -0.000214704545215, -0.00113259954378, -0.00133972649928, 0.00109068187885, 0.000780604081228, -0.00195754156448, 0.00150035298429, 0.000252462690696, 0.000899962440599, -0.00525261415169, 0.0151996901259]]}, "spectral_contrast_coeffs": {"dmean": [0.0520968660712, 0.0468346513808, 0.0397434718907, 0.0306633170694, 0.0241711046547, 0.0211405865848], "dmean2": [0.0857003033161, 0.0742580741644, 0.0624654963613, 0.0488381013274, 0.0373033359647, 0.0326570011675], "dvar": [0.00186797522474, 0.00165995920543, 0.00111022219062, 0.000653540308122, 0.000460477371234, 0.000466086756205], "dvar2": [0.00495186727494, 0.00402621226385, 0.00257719866931, 0.00154440279584, 0.000973899848759, 0.00106431334279], "max": [-0.273703217506, -0.350453853607, -0.449923157692, -0.528706371784, -0.554062664509, -0.554885864258], "mean": [-0.590312600136, -0.682644069195, -0.724115669727, -0.766158282757, -0.777151286602, -0.764476776123], "median": [-0.593674302101, -0.686964035034, -0.730499148369, -0.770634770393, -0.780233442783, -0.765960276127], "min": [-0.982491195202, -0.977913081646, -0.974687695503, -0.968386590481, -0.967554807663, -0.965408205986], "var": [0.0073005091399, 0.0068169622682, 0.00599287217483, 0.00333487405442, 0.00269781774841, 0.00251488992944]}, "spectral_contrast_valleys": {"dmean": [0.422941446304, 0.325221806765, 0.318588972092, 0.280874073505, 0.305185347795, 0.399066537619], "dmean2": [0.690356612206, 0.525869488716, 0.506752729416, 0.435511618853, 0.442757606506, 0.487638294697], "dvar": [0.158313110471, 0.098083563149, 0.0858047604561, 0.0792212039232, 0.1270288378, 0.252248466015], "dvar2": [0.351594895124, 0.237062305212, 0.193239420652, 0.161401107907, 0.247435316443, 0.43431159853