{"lowlevel": {"average_loudness": 0.571019291878, "barkbands_crest": {"dmean": 1.8419522047, "dmean2": 3.04449629784, "dvar": 4.27278232574, "dvar2": 11.8176403046, "max": 24.6108074188, "mean": 13.5223150253, "median": 13.1175632477, "min": 2.27317118645, "var": 18.8242931366}, "barkbands_flatness_db": {"dmean": 0.020637601614, "dmean2": 0.0302127283067, "dvar": 0.000723193807062, "dvar2": 0.00134428043384, "max": 0.42891767621, "mean": 0.210328310728, "median": 0.208712458611, "min": 0.0106217032298, "var": 0.00408398313448}, "barkbands_kurtosis": {"dmean": 4.65277242661, "dmean2": 7.22449827194, "dvar": 40.1538505554, "dvar2": 100.803924561, "max": 142.101211548, "mean": 14.9764518738, "median": 12.4288005829, "min": -1.88674271107, "var": 138.983230591}, "barkbands_skewness": {"dmean": 0.489877462387, "dmean2": 0.762196004391, "dvar": 0.348818898201, "dvar2": 0.914291739464, "max": 8.15458297729, "mean": 2.85981702805, "median": 2.74862003326, "min": -1.88814508915, "var": 1.34573411942}, "barkbands_spread": {"dmean": 4.06513357162, "dmean2": 6.54522037506, "dvar": 97.8763275146, "dvar2": 241.231719971, "max": 102.495895386, "mean": 8.57688808441, "median": 5.23018836975, "min": 1.00537240505, "var": 120.05657959}, "dissonance": {"dmean": 0.019534887746, "dmean2": 0.0309358909726, "dvar": 0.000348295201547, "dvar2": 0.000787978817243, "max": 0.499996244907, "mean": 0.42067733407, "median": 0.427122175694, "min": 0.176759421825, "var": 0.0022924807854}, "dynamic_complexity": 4.11829614639, "erbbands_crest": {"dmean": 1.71640479565, "dmean2": 2.69713592529, "dvar": 4.22186946869, "dvar2": 11.44024086, "max": 24.62865448, "mean": 10.7907447815, "median": 10.1960430145, "min": 2.54857683182, "var": 16.170419693}, "erbbands_flatness_db": {"dmean": 0.018285125494, "dmean2": 0.0249586068094, "dvar": 0.00066594715463, "dvar2": 0.00113269709982, "max": 0.320835798979, "mean": 0.178319245577, "median": 0.178434431553, "min": 0.0408298261464, "var": 0.0029276269488}, "erbbands_kurtosis": {"dmean": 0.999707818031, "dmean2": 1.55002248287, "dvar": 1.85858333111, "dvar2": 4.73307752609, "max": 25.8355674744, "mean": 2.20657062531, "median": 1.55440998077, "min": -1.50132215023, "var": 7.74626398087}, "erbbands_skewness": {"dmean": 0.26306271553, "dmean2": 0.406525343657, "dvar": 0.095423579216, "dvar2": 0.250440329313, "max": 3.83369064331, "mean": 1.22831380367, "median": 1.2216578722, "min": -3.53183984756, "var": 0.470359832048}, "erbbands_spread": {"dmean": 7.86455631256, "dmean2": 11.2637386322, "dvar": 198.717971802, "dvar2": 415.340209961, "max": 143.706832886, "mean": 29.9624328613, "median": 24.5642127991, "min": 5.32115268707, "var": 366.018859863}, "hfc": {"dmean": 3.68712568283, "dmean2": 5.69628334045, "dvar": 110.188110352, "dvar2": 280.314117432, "max": 151.677062988, "mean": 8.5365152359, "median": 4.95816707611, "min": 1.24333306115e-16, "var": 136.983764648}, "melbands_crest": {"dmean": 2.07817673683, "dmean2": 3.45682191849, "dvar": 4.98833608627, "dvar2": 14.282491684, "max": 32.1021957397, "mean": 15.6775083542, "median": 15.2706680298, "min": 3.2155175209, "var": 16.9431095123}, "melbands_flatness_db": {"dmean": 0.0226903464645, "dmean2": 0.0330538004637, "dvar": 0.00089079659665, "dvar2": 0.00170418678317, "max": 0.571098148823, "mean": 0.305936068296, "median": 0.301752328873, "min": 0.0111394077539, "var": 0.00573845673352}, "melbands_kurtosis": {"dmean": 7.78829145432, "dmean2": 11.6928691864, "dvar": 142.410919189, "dvar2": 339.232940674, "max": 150.161178589, "mean": 24.3452262878, "median": 19.0688858032, "min": -1.76609373093, "var": 376.569091797}, "melbands_skewness": {"dmean": 0.578318059444, "dmean2": 0.848235249519, "dvar": 0.574425876141, "dvar2": 1.25169491768, "max": 9.9198217392, "mean": 3.44978737831, "median": 3.20886230469, "min": 0.00993637833744, "var": 2.08269643784}, "melbands_spread": {"dmean": 1.80350875854, "dmean2": 2.89863634109, "dvar": 17.0473194122, "dvar2": 40.8217315674, "max": 145.501052856, "mean": 6.88601255417, "median": 5.21609449387, "min": 0.946078956127, "var": 67.9703598022}, "pitch_salience": {"dmean": 0.0504572540522, "dmean2": 0.0832386463881, "dvar": 0.00256277294829, "dvar2": 0.006933033932, "max": 0.821751654148, "mean": 0.559859573841, "median": 0.574784040451, "min": 0.173199564219, "var": 0.0103051261976}, "silence_rate_20dB": {"dmean": 0, "dmean2": 0, "dvar": 0, "dvar2": 0, "max": 1, "mean": 1, "median": 1, "min": 1, "var": 0}, "silence_rate_30dB": {"dmean": 0.0128437345847, "dmean2": 0.0256916992366, "dvar": 0.0126786781475, "dvar2": 0.0283259917051, "max": 1, "mean": 0.983371734619, "median": 1, "min": 0, "var": 0.0163506176323}, "silence_rate_60dB": {"dmean": 0.0161370001733, "dmean2": 0.0322793163359, "dvar": 0.0158758889884, "dvar2": 0.0351890511811, "max": 1, "mean": 0.0768850818276, "median": 0, "min": 0, "var": 0.0709715336561}, "spectral_centroid": {"dmean": 77.9893569946, "dmean2": 122.755104065, "dvar": 35031.6289062, "dvar2": 68703.8984375, "max": 10788.3583984, "mean": 457.26449585, "median": 377.787902832, "min": 171.794830322, "var": 105380.4375}, "spectral_complexity": {"dmean": 1.51325535774, "dmean2": 2.31455874443, "dvar": 3.93990778923, "dvar2": 7.07352590561, "max": 31, "mean": 10.2660522461, "median": 10, "min": 0, "var": 18.9808654785}, "spectral_decrease": {"dmean": 1.64351521281e-09, "dmean2": 2.40210096258e-09, "dvar": 1.13545808827e-17, "dvar2": 2.2392622906e-17, "max": 1.96991481394e-28, "mean": -5.88729731632e-09, "median": -3.77546527375e-09, "min": -7.21935933257e-08, "var": 4.27041421089e-17}, "spectral_energy": {"dmean": 0.00640055071563, "dmean2": 0.00932235270739, "dvar": 0.000169954873854, "dvar2": 0.000334227719577, "max": 0.277864456177, "mean": 0.0229942556471, "median": 0.0148470122367, "min": 1.05339011472e-20, "var": 0.000645269930828}, "spectral_energyband_high": {"dmean": 0.000243157584919, "dmean2": 0.000400505232392, "dvar": 7.11257939656e-07, "dvar2": 1.88419699043e-06, "max": 0.0121819097549, "mean": 0.000213947118027, "median": 2.73571167781e-05, "min": 7.57864169691e-21, "var": 5.19620982686e-07}, "spectral_energyband_low": {"dmean": 0.0020378222689, "dmean2": 0.00342302070931, "dvar": 1.61321895575e-05, "dvar2": 4.72088649985e-05, "max": 0.0817440822721, "mean": 0.00475428439677, "median": 0.00233898544684, "min": 7.86225036947e-23, "var": 4.42833661509e-05}, "spectral_energyband_middle_high": {"dmean": 0.000266789225861, "dmean2": 0.000349361740518, "dvar": 3.84920952001e-07, "dvar2": 8.42629106046e-07, "max": 0.0189307238907, "mean": 0.00090002064826, "median": 0.000559971260373, "min": 1.2341633694e-21, "var": 1.10436599243e-06}, "spectral_energyband_middle_low": {"dmean": 0.00544774765149, "dmean2": 0.00791568681598, "dvar": 0.000137045208248, "dvar2": 0.00027670423151, "max": 0.267441689968, "mean": 0.0183437336236, "median": 0.0117567628622, "min": 4.67465088482e-22, "var": 0.000451255531516}, "spectral_entropy": {"dmean": 0.239377766848, "dmean2": 0.329523473978, "dvar": 0.120038732886, "dvar2": 0.209214448929, "max": 9.79140472412, "mean": 6.5445971489, "median": 6.46057748795, "min": 4.75244379044, "var": 0.452582329512}, "spectral_flux": {"dmean": 0.0164356846362, "dmean2": 0.0242964923382, "dvar": 0.000629537622444, "dvar2": 0.00135847344063, "max": 0.353461056948, "mean": 0.0439900644124, "median": 0.0306735169142, "min": 1.02634796495e-10, "var": 0.00163912284188}, "spectral_kurtosis": {"dmean": 4.79429483414, "dmean2": 7.81740903854, "dvar": 40.6835823059, "dvar2": 93.5905609131, "max": 102.447540283, "mean": 16.6561317444, "median": 12.0882225037, "min": -1.21665251255, "var": 224.474395752}, "spectral_rms": {"dmean": 0.000557754188776, "dmean2": 0.000788864097558, "dvar": 7.27365716102e-07, "dvar2": 1.363712272e-06, "max": 0.016464728862, "mean": 0.00419453391805, "median": 0.00380590185523, "min": 3.20577245305e-12, "var": 4.83928351969e-06}, "spectral_rolloff": {"dmean": 264.623077393, "dmean2": 492.796447754, "dvar": 1543289.375, "dvar2": 4395962, "max": 19272.2167969, "mean": 548.718505859, "median": 322.998046875, "min": 150.732421875, "var": 1159022.25}, "spectral_skewness": {"dmean": 0.425692677498, "dmean2": 0.660150587559, "dvar": 0.265209943056, "dvar2": 0.525886178017, "max": 8.77820587158, "mean": 3.1420443058, "median": 2.88121247292, "min": 0.021832106635, "var": 1.65444755554}, "spectral_spread": {"dmean": 969461.4375, "dmean2": 1390633.75, "dvar": 2691507421180.0, "dvar2": 4719980838910.0, "max": 40755604, "mean": 4080905.75, "median": 3475865.75, "min": 954241.125, "var": 5193491021820.0}, "spectral_strongpeak": {"dmean": 0.186439037323, "dmean2": 0.305745124817, "dvar": 0.0653213188052, "dvar2": 0.168361008167, "max": 3.46642422676, "mean": 0.657454848289, "median": 0.546233355999, "min": 0, "var": 0.227251619101}, "zerocrossingrate": {"dmean": 0.00716429902241, "dmean2": 0.00907678809017, "dvar": 0.000115631861263, "dvar2": 0.000159863135195, "max": 0.51171875, "mean": 0.0294943097979, "median": 0.0224609375, "min": 0.00537109375, "var": 0.000714013935067}, "barkbands": {"dmean": [7.75278124365e-07, 0.000414356676629, 0.00155422149692, 0.00163055746816, 0.00409604655579, 0.00058440718567, 0.000123799574794, 0.000113763162517, 0.000164655866683, 7.06522259861e-05, 3.19424034387e-05, 0.000103191421658, 4.52559033874e-05, 3.29554459313e-05, 1.92174738913e-05, 1.5224964045e-05, 3.94756934838e-05, 2.45990650001e-05, 1.69994018506e-05, 1.00377365015e-05, 9.68314270722e-06, 2.02232586162e-05, 1.11359095172e-05, 1.99342011911e-05, 8.12082071207e-05, 9.32608963922e-05, 9.65448725765e-06], "dmean2": [1.31768274514e-06, 0.000687311810907, 0.00266279978678, 0.00258984067477, 0.00599842006341, 0.000901422172319, 0.000160377385328, 0.000177047739271, 0.000192207531654, 0.000101020821603, 3.88572843804e-05, 0.000139330368256, 6.29241694696e-05, 4.88144760311e-05, 2.65267153736e-05, 2.25003059313e-05, 6.38039055048e-05, 3.64281586371e-05, 2.34473864111e-05, 1.49765664901e-05, 1.36479911816e-05, 3.09299903165e-05, 1.64310913533e-05, 2.95422960335e-05, 0.000139212497743, 0.000165329882293, 1.61373063747e-05], "dvar": [4.6129701621e-12, 6.2435668724e-07, 1.04618911791e-05, 1.65713190654e-05, 8.1075449998e-05, 1.22475273656e-06, 1.13590253648e-07, 4.52252955085e-08, 1.05252560445e-07, 1.62745870114e-08, 4.98535612792e-09, 4.80026542959e-08, 3.10760945865e-08, 2.62671804308e-08, 2.43308750925e-09, 1.15734610784e-09, 2.98522877529e-08, 5.36557598352e-09, 2.45150721945e-09, 8.42167779957e-10, 4.8228582239e-10, 3.15946380169e-09, 8.23716483911e-10, 2.75763500923e-09, 9.5672731959e-08, 1.59938622346e-07, 1.09717901431e-09], "dvar2": [1.29498625365e-11, 1.89990782928e-06, 3.224122338e-05, 4.43878743681e-05, 0.000168445825693, 3.52131655745e-06, 1.90405259559e-07, 9.74960485678e-08, 1.78956668151e-07, 3.67061652184e-08, 7.93860088777e-09, 1.0305446807e-07, 8.00223176611e-08, 7.33431306799e-08, 5.69502578429e-09, 2.53898146951e-09, 8.45487448942e-08, 1.21805916464e-08, 5.39911049202e-09, 1.97491245579e-09, 1.02650055123e-09, 7.90099008441e-09, 1.95772753564e-09, 6.40758068826e-09, 2.59629160837e-07, 4.40971973603e-07, 2.81269674218e-09], "max": [4.64479708171e-05, 0.0165843889117, 0.0672550648451, 0.0859275013208, 0.17699714005, 0.0212010368705, 0.0110947871581, 0.005380442366, 0.00843433104455, 0.00292663252912, 0.00230928580277, 0.00473681557924, 0.00884732231498, 0.00857655517757, 0.00176225299947, 0.00069966953015, 0.0061274562031, 0.00130589469336, 0.00106357550249, 0.000562192115467, 0.000353856041329, 0.000685356149916, 0.00044648203766, 0.000762062089052, 0.00577037641779, 0.00537385651842, 0.000561792345252], "mean": [2.16475723391e-06, 0.000852798460983, 0.00269820960239, 0.00343606900424, 0.0116201229393, 0.00183089578059, 0.000443682482, 0.000311304349452, 0.000669386121444, 0.000192317500478, 9.35045463848e-05, 0.000258941116044, 0.000104920698504, 7.41800686228e-05, 4.43687495135e-05, 2.61484474322e-05, 5.34623140993e-05, 3.43451283698e-05, 2.66739625658e-05, 1.31022570713e-05, 1.57267313625e-05, 2.46766830969e-05, 1.29308618853e-05, 2.23619790631e-05, 6.13291267655e-05, 6.33613744867e-05, 7.31895852368e-06], "median": [8.87629425961e-07, 0.000492626335472, 0.0011532031931, 0.00128513202071, 0.00638370122761, 0.00111612677574, 0.000172868429217, 0.000182541232789, 0.000371482514311, 0.000102638805402, 3.47937857441e-05, 0.000135990499984, 4.59102484456e-05, 3.12086121994e-05, 1.98578527488e-05, 1.05541976154e-05, 1.88629128388e-05, 9.31362228584e-06, 8.85623558133e-06, 3.31810406351e-06, 5.13862141815e-06, 5.96900645178e-06, 2.21177811e-06, 3.12642600875e-06, 3.0417245398e-06, 1.66397603607e-06, 2.44134923832e-07], "min": [4.62468473091e-25, 3.86351175878e-24, 1.5128821772e-23, 9.29436044749e-23, 4.34499001461e-23, 5.82812140717e-23, 9.50266390268e-23, 9.14942271783e-23, 7.19286718151e-23, 5.31495476655e-23, 1.00598552927e-22, 1.30245908431e-22, 4.49737711557e-23, 1.60195637476e-22, 5.29145302246e-23, 1.1052309838e-22, 1.05137361964e-22, 2.20023403886e-22, 1.56141220589e-22, 2.14747476908e-22, 2.83491794928e-22, 6.60883634536e-22, 5.10500846119e-22, 7.12713840736e-22, 1.28180137942e-21, 1.44232248198e-21, 2.87980930971e-21], "var": [1.18035433858e-11, 1.26328723127e-06, 2.04585649044e-05, 3.23999556713e-05, 0.000237598447711, 4.72102101412e-06, 6.20016351149e-07, 2.17029537453e-07, 7.28876216272e-07, 6.28246397127e-08, 3.14283212788e-08, 1.27913409642e-07, 4.26392574582e-08, 2.60398369534e-08, 5.37680744372e-09, 1.97845717587e-09, 2.13508819513e-08, 6.50988862816e-09, 3.30722071951e-09, 9.52173784263e-10, 7.82676090605e-10, 3.12798187352e-09, 8.79376016449e-10, 2.94773050413e-09, 6.42111785965e-08, 1.0116004745e-07, 8.23880241807e-10]}, "erbbands": {"dmean": [0.00251057348214, 0.141366019845, 1.50106954575, 2.86832666397, 12.4345197678, 15.5087661743, 5.81324720383, 3.79583144188, 0.822403371334, 3.11002850533, 2.6125228405, 3.46797084808, 2.74213957787, 1.73545515537, 2.65187954903, 2.7076895237, 2.05828142166, 1.75899398327, 1.10345649719, 0.934705615044, 1.02776300907, 1.95662760735, 1.4856082201, 1.40129804611, 0.572591900826, 0.511201679707, 0.436390817165, 0.365040898323, 0.754080295563, 0.522004425526, 0.295386612415, 0.362412422895, 0.382901668549, 0.667676210403, 0.669209480286, 0.486399650574, 0.16300919652, 0.0213208422065, 0.00162859808188, 7.30320825824e-05], "dmean2": [0.00416612392291, 0.234392121434, 2.55708670616, 4.55788564682, 18.1597251892, 24.0816459656, 8.0748796463, 6.09594249725, 1.21662139893, 4.20300912857, 3.77550601959, 4.21633577347, 3.42507553101, 2.34992575645, 3.50083732605, 3.57883071899, 2.72219729424, 2.682254076, 1.51128339767, 1.33501636982, 1.51585793495, 3.12250256538, 2.21678233147, 1.94952642918, 0.798718750477, 0.76464176178, 0.641972839832, 0.496634185314, 1.13504827023, 0.814795792103, 0.434728682041, 0.534987688065, 0.577148795128, 1.1192561388, 1.16467440128, 0.86932182312, 0.290141135454, 0.0360941551626, 0.00270869978704, 0.000121584816952], "dvar": [2.04216103157e-05, 0.0757753103971, 9.9743642807, 38.533821106, 955.452270508, 1198.57617188, 85.9964141846, 58.0984725952, 3.16570687294, 73.1936950684, 21.6289730072, 58.5786361694, 21.5403003693, 8.44497585297, 31.3490447998, 31.6396808624, 34.1080513, 165.620941162, 6.63403654099, 5.96656179428, 5.44902181625, 80.588180542, 20.8025341034, 24.8042945862, 2.03883218765, 2.2310051918, 1.17890095711, 0.612407028675, 4.07195234299, 2.49969768524, 0.54146707058, 0.953618526459, 1.1530200243, 5.8727645874, 7.05437040329, 5.09241867065, 0.457988530397, 0.00637094955891, 2.91356464004e-05, 5.57722827921e-08], "dvar2": [6.10952847637e-05, 0.224837273359, 30.2323570251, 101.202133179, 1867.78527832, 2984.17285156, 185.472229004, 159.840316772, 7.31153678894, 124.094810486, 45.8168678284, 103.994102478, 42.1316757202, 17.5983848572, 68.1788864136, 65.8229446411, 74.9934692383, 476.343200684, 13.2105112076, 14.2087640762, 12.1672677994, 228.393875122, 52.0563659668, 55.1452102661, 4.35646104813, 5.28748464584, 2.71799087524, 1.19366633892, 9.99673366547, 6.22427606583, 1.2589379549, 2.19039845467, 2.7992143631, 15.7513303757, 19.2207565308, 14.2494392395, 1.254088521, 0.0164973083884, 7.44576245779e-05, 1.45121433093e-07], "max": [0.0800129249692, 5.88767147064, 70.3804397583, 125.014335632, 758.140197754, 650.37310791, 175.718292236, 177.401443481, 52.8193359375, 282.246887207, 101.976539612, 205.474731445, 110.497619629, 64.6139221191, 112.993148804, 134.282424927, 219.389038086, 728.514404297, 64.7997360229, 66.1531143188, 44.489490509, 323.592376709, 112.825386047, 117.841567993, 32.0353126526, 25.558839798, 15.9718313217, 13.083190918, 24.1580581665, 21.8582077026, 11.4813528061, 14.8624982834, 19.2133827209, 41.6445007324, 48.0244293213, 39.8552360535, 8.24393749237, 1.087485075, 0.086738102138, 0.0030920971185], "mean": [0.0110222594813, 0.286546766758, 2.67867350578, 7.14475250244, 23.2941017151, 50.5793914795, 24.2758922577, 12.3485746384, 3.04947948456, 11.0312538147, 8.30272102356, 13.4530992508, 9.99505805969, 5.51792621613, 7.11889314651, 7.67670536041, 5.50653934479, 3.85109853745, 2.70068025589, 1.94131481647, 1.78530931473, 2.71763396263, 2.22879624367, 1.92748892307, 0.947791039944, 0.679978013039, 0.604858696461, 0.645676255226, 0.976451873779, 0.543351590633, 0.362921714783, 0.423590421677, 0.406394451857, 0.537085473537, 0.481091201305, 0.327824473381, 0.110095769167, 0.015921857208, 0.00124382565264, 7.62661584304e-05], "median": [0.010850337334, 0.14984691143, 1.11969208717, 3.2343211174, 9.71137523651, 27.4279060364, 17.2221031189, 6.29252338409, 1.87439894676, 3.67783355713, 5.60162353516, 6.78593254089, 5.69872379303, 3.34862446785, 3.75695419312, 4.34190750122, 2.4542798996, 1.8694691658, 1.20857083797, 0.793390631676, 0.722769618034, 0.946875751019, 0.748918771744, 0.465540409088, 0.351111710072, 0.177385300398, 0.175828933716, 0.213865488768, 0.241021245718, 0.0951403751969, 0.0677254199982, 0.0640958696604, 0.0490735322237, 0.0314537398517, 0.0195492394269, 0.00974425207824, 0.00261835334823, 0.000420407450292, 5.23913549841e-05, 2.23374263442e-05], "min": [1.03953698264e-22, 1.39646949379e-21, 1.98950411316e-20, 1.93933360568e-19, 1.87062307261e-19, 1.79257832333e-19, 2.25816740011e-19, 4.57648478942e-19, 5.30638637699e-19, 3.07075396171e-18, 1.32680101126e-18, 2.20209706568e-18, 1.20410024452e-18, 4.28868042677e-18, 3.192791433e-18, 4.94104137995e-18, 2.52778309506e-18, 5.84982666865e-18, 5.55211485361e-18, 3.16564150414e-18, 6.42601255921e-18, 5.86523580269e-18, 1.15647467968e-17, 1.01401531848e-17, 7.9989299948e-18, 8.83871849425e-18, 1.18425918015e-17, 1.24394026135e-17, 2.81411575864e-17, 1.41883775842e-17, 1.59956100583e-17, 1.42082613518e-17, 1.26758885875e-17, 1.24896058592e-17, 9.60128637479e-18, 5.01376875376e-18, 2.81788939795e-18, 1.31741664721e-18, 4.08224747534e-19, 4.32729617752e-20], "var": [4.90111706313e-05, 0.172847136855, 21.5503845215, 107.275466919, 1977.90588379, 4265.19824219, 566.872375488, 267.832366943, 14.326379776, 408.430206299, 98.566986084, 351.019378662, 143.537033081, 41.7155532837, 97.7259292603, 95.2516479492, 84.6881561279, 115.119354248, 21.7412719727, 11.3371362686, 8.94729804993, 57.012752533, 22.5270462036, 29.4023571014, 3.01157784462, 2.51231646538, 1.49352681637, 1.22617709637, 4.47508335114, 2.2328979969, 0.632322013378, 1.05108511448, 1.11998105049, 4.14829969406, 4.62110424042, 3.10186767578, 0.293586164713, 0.00466638198122, 2.21176906052e-05, 4.29212683173e-08]}, "gfcc": {"mean": [-76.298500061, 123.645004272, -72.7561569214, 8.73441314697, -53.6398468018, 5.31831169128, -41.6823768616, -3.80693411827, -36.0805702209, -10.082985878, -23.3973960876, -0.79196959734, -12.7419919968], "cov": [[11930.3945312, -754.486328125, -568.211914062, 57.8652572632, -416.090637207, 258.704772949, -337.172943115, 178.356842041, -504.748687744, -126.422454834, -336.957275391, 4.91608428955, -86.4397125244], [-754.486328125, 1735.67687988, 6.10757923126, -340.238525391, 38.7220420837, -85.429145813, 141.210189819, -146.963043213, 146.810974121, -15.1987075806, 110.458702087, -77.2871246338, 75.2712020874], [-568.211914062, 6.10757923126, 520.213928223, -64.0508575439, -13.8431978226, -37.4177513123, 26.1732769012, 17.2346248627, 23.1864624023, 40.4920806885, 13.5357341766, -14.8596038818, -30.5786552429], [57.8652572632, -340.238525391, -64.0508575439, 236.262252808, -27.1213626862, 11.8413915634, -16.9827919006, 17.8902244568, -2.618881464, -12.3746652603, -18.9897441864, 5.42263221741, 15.0849466324], [-416.090637207, 38.7220420837, -13.8431978226, -27.1213626862, 154.226882935, -1.81727206707, -2.8989880085, -10.0490875244, -8.49374771118, 1.41622030735, 4.1850643158, 1.78648912907, -29.4625511169], [258.704772949, -85.429145813, -37.4177513123, 11.8413915634, -1.81727206707, 76.583190918, 1.80843853951, 12.4824619293, -14.6629047394, -6.88852119446, -8.11557006836, 3.31159472466, 3.01459383965], [-337.172943115, 141.210189819, 26.1732769012, -16.9827919006, -2.8989880085, 1.80843853951, 89.9206542969, 10.2666797638, 16.3738441467, 4.74547195435, 18.2124252319, 1.03511631489, 14.4037208557], [178.356842041, -146.963043213, 17.2346248627, 17.8902244568, -10.0490875244, 12.4824619293, 10.2666797638, 85.6333007812, -7.1971988678, 7.66717290878, -9.02449512482, 8.44434642792, -6.32103633881], [-504.748687744, 146.810974121, 23.1864624023, -2.618881464, -8.49374771118, -14.6629047394, 16.3738441467, -7.1971988678, 98.3289260864, 21.2579555511, 16.8148536682, -4.62495517731, 16.4848442078], [-126.422454834, -15.1987075806, 40.4920806885, -12.3746652603, 1.41622030735, -6.88852119446, 4.74547195435, 7.66717290878, 21.2579555511, 55.747303009, 19.3001213074, 3.87284350395, -1.92173016071], [-336.957275391, 110.458702087, 13.5357341766, -18.9897441864, 4.1850643158, -8.11557006836, 18.2124252319, -9.02449512482, 16.8148536682, 19.3001213074, 68.3266372681, 11.1735496521, 12.4893598557], [4.91608428955, -77.2871246338, -14.8596038818, 5.42263221741, 1.78648912907, 3.31159472466, 1.03511631489, 8.44434642792, -4.62495517731, 3.87284350395, 11.1735496521, 60.7091217041, 11.6877775192], [-86.4397125244, 75.2712020874, -30.5786552429, 15.0849466324, -29.4625511169, 3.01459383965, 14.4037208557, -6.32103633881, 16.4848442078, -1.92173016071, 12.4893598557, 11.6877775192, 75.6015853882]], "icov": [[0.000222478382057, -0.000325007684296, 0.000147071434185, -0.000208330748137, 0.000756717752665, -0.000627147848718, 0.000925046799239, -0.000612018047832, 0.00123977428302, -0.000585368776228, 0.000943083432503, -0.000413590896642, 0.000394440954551], [-0.000325007684296, 0.00239465199411, 0.000147374361404, 0.00276388716884, -0.00141470285598, 0.00216012378223, -0.0034387500491, 0.00276127969846, -0.00384993036278, 0.00290265143849, -0.00309343123809, 0.00294412299991, -0.00202995561995], [0.000147071434185, 0.000147374361404, 0.0024444158189, 0.000799368077423, 0.000885814195499, 0.000758469686843, -0.000381683581509, -0.000485887838295, 0.000284622452455, -0.001279797405, 0.00032100174576, 0.000568273942918, 0.000962204125244], [-0.000208330748137, 0.00276388716884, 0.000799368077423, 0.00808955077082, -0.000481401773868, 0.00197315122932, -0.00264963181689, 0.00185716897249, -0.0041175885126, 0.0037294360809, -0.00219149817713, 0.0031345426105, -0.00301692658104], [0.000756717752665, -0.00141470285598, 0.000885814195499, -0.000481401773868, 0.00997007079422, -0.00231881765649, 0.00318403472193, -0.00142210361082, 0.00478544132784, -0.00250692805275, 0.00285795447417, -0.0025505956728, 0.00479540927336], [-0.000627147848718, 0.00216012378223, 0.000758469686843, 0.00197315122932, -0.00231881765649, 0.0169746875763, -0.00478248298168, 0.000990175059997, -0.00305040902458, 0.00331878080033, -0.00271659484133, 0.00247696740553, -0.00272588827647], [0.000925046799239, -0.0034387500491, -0.000381683581509, -0.00264963181689, 0.00318403472193, -0.00478248298168, 0.019096147269, -0.00695281615481, 0.00573756732047, -0.00331948767416, 0.00263336882927, -0.00349789205939, 0.000837967847474], [-0.000612018047832, 0.00276127969846, -0.000485887838295, 0.00185716897249, -0.00142210361082, 0.000990175059997, -0.00695281615481, 0.0171559751034, -0.00433197058737, 0.000659631215967, -0.00170250108931, 0.00109090958722, -0.000776730768848], [0.00123977428302, -0.00384993036278, 0.000284622452455, -0.0041175885126, 0.00478544132784, -0.00305040902458, 0.00573756732047, -0.00433197058737, 0.0215054694563, -0.00981706380844, 0.00614602025598, -0.00314112030901, 0.00125006085727], [-0.000585368776228, 0.00290265143849, -0.001279797405, 0.0037294360809, -0.00250692805275, 0.00331878080033, -0.00331948767416, 0.000659631215967, -0.00981706380844, 0.0268660224974, -0.0101560465991, 0.00258093047887, -0.00114047294483], [0.000943083432503, -0.00309343123809, 0.00032100174576, -0.00219149817713, 0.00285795447417, -0.00271659484133, 0.00263336882927, -0.00170250108931, 0.00614602025598, -0.0101560465991, 0.0245618969202, -0.00703010382131, 0.000734261295293], [-0.000413590896642, 0.00294412299991, 0.000568273942918, 0.0031345426105, -0.0025505956728, 0.00247696740553, -0.00349789205939, 0.00109090958722, -0.00314112030901, 0.00258093047887, -0.00703010382131, 0.0219311770052, -0.00561345322058], [0.000394440954551, -0.00202995561995, 0.000962204125244, -0.00301692658104, 0.00479540927336, -0.00272588827647, 0.000837967847474, -0.000776730768848, 0.00125006085727, -0.00114047294483, 0.000734261295293, -0.00561345322058, 0.018888335675]]}, "melbands": {"dmean": [6.31319417153e-05, 0.00056228361791, 0.000776851957198, 0.00104116264265, 0.000280218693661, 9.00090381037e-05, 1.5005505702e-05, 3.24351276504e-05, 2.22003964154e-05, 2.19493740587e-05, 1.40622514664e-05, 7.79493257141e-06, 6.81505434841e-06, 1.33918256324e-05, 5.17240596309e-06, 3.85937892133e-06, 3.26901340486e-06, 2.05423657462e-06, 1.21221728477e-06, 9.94497213469e-07, 1.2830240621e-06, 1.75979005235e-06, 2.48836659011e-06, 1.06835761926e-06, 1.20211495869e-06, 4.68319967695e-07, 3.49646597897e-07, 3.43218431453e-07, 2.7348534104e-07, 2.45438087632e-07, 2.03777915431e-07, 3.805325548e-07, 5.01720251123e-07, 2.27252982654e-07, 1.45472796476e-07, 2.13960163364e-07, 2.38089057802e-07, 2.41113895072e-07, 3.41069181786e-07, 6.58111332541e-07], "dmean2": [0.000104964026832, 0.00095737708034, 0.00117607216816, 0.00155738356989, 0.000396503368393, 0.000143434357597, 2.07034390769e-05, 4.51711130154e-05, 3.04356690322e-05, 2.65034595941e-05, 1.76679786819e-05, 1.07671830847e-05, 8.47743649501e-06, 1.81068699021e-05, 6.6291049734e-06, 5.57803514312e-06, 4.99084490002e-06, 2.85442297354e-06, 1.71292231244e-06, 1.43445367939e-06, 1.91951880879e-06, 2.80751419268e-06, 3.99358441427e-06, 1.56679766405e-06, 1.69017357621e-06, 6.57951716221e-07, 5.00358567024e-07, 5.30005706878e-07, 4.16221638488e-07, 3.5613678051e-07, 2.79331459296e-07, 5.53895688427e-07, 8.21414005259e-07, 3.54054066065e-07, 2.16514308704e-07, 3.26205849888e-07, 3.52633662715e-07, 3.61931029147e-07, 5.30947602329e-07, 1.1290655948e-06], "dvar": [1.39742475369e-08, 1.36887058488e-06, 3.41643772117e-06, 5.23122525919e-06, 2.68089195288e-07, 3.1832637859e-08, 1.18468457266e-09, 6.47553832778e-09, 1.33992783535e-09, 2.07298667121e-09, 5.58757595748e-10, 1.70497241325e-10, 1.85668078134e-10, 8.50703285593e-10, 1.19396728615e-10, 5.38308675413e-10, 4.69077443555e-10, 2.29279980418e-11, 1.15978693663e-11, 5.20489033817e-12, 9.15110869026e-12, 6.18724377288e-11, 9.46907066646e-11, 9.38888116558e-12, 1.95572551209e-11, 1.26193684408e-12, 8.61090929463e-13, 1.1008257023e-12, 4.89982078349e-13, 3.90516015792e-13, 1.99402587541e-13, 9.2063726434e-13, 2.54863599843e-12, 5.01913506416e-13, 1.36901801744e-13, 3.49949561516e-13, 4.3546278237e-13, 4.40912226434e-13, 1.13130826322e-12, 6.29651409137e-12], "dvar2": [4.30099547089e-08, 4.12681310991e-06, 7.82611186878e-06, 1.154147958e-05, 5.43445423773e-07, 8.9799847558e-08, 2.31677188545e-09, 1.12493623305e-08, 2.62200283707e-09, 3.73425868005e-09, 1.11600584329e-09, 3.63766017308e-10, 3.46305567556e-10, 1.84606885334e-09, 2.14710416113e-10, 1.52028478695e-09, 1.3412163602e-09, 4.43400108296e-11, 2.85805545897e-11, 1.18234623481e-11, 2.09112102634e-11, 1.7544121711e-10, 2.60588828294e-10, 2.07759885684e-11, 4.39774189287e-11, 2.78701736169e-12, 1.9028906055e-12, 2.70481358665e-12, 1.1707464425e-12, 8.91203885862e-13, 3.8745843014e-13, 2.13083760706e-12, 6.67189871059e-12, 1.24904492131e-12, 3.20921620441e-13, 8.51205716156e-13, 1.00424399699e-12, 1.04732140929e-12, 2.86172539658e-12, 1.70870990968e-11], "max": [0.00236593326554, 0.0261132232845, 0.0446810163558, 0.0439132601023, 0.01006738469, 0.00393890822306, 0.000954343355261, 0.00255502643995, 0.000736262707505, 0.00119120627642, 0.000539898988791, 0.00028475173167, 0.000346983724739, 0.000652268819977, 0.000247012329055, 0.00129580555949, 0.00121455371846, 0.000119623604405, 0.000132964851218, 5.06617179781e-05, 5.8718436776e-05, 0.000275804282865, 0.000311172741931, 5.77351202082e-05, 0.000106641069578, 2.06762215385e-05, 2.18037966988e-05, 1.78522732313e-05, 1.00436018329e-05, 1.29547497636e-05, 7.6093615462e-06, 1.69337345142e-05, 2.22726757784e-05, 1.08039657789e-05, 4.81268853036e-06, 9.61084788287e-06, 1.19967708088e-05, 1.13895039249e-05, 1.99417372642e-05, 4.46857702627e-05], "mean": [0.000161646632478, 0.00102902960498, 0.00170114962384, 0.00274985190481, 0.00120660942048, 0.000283179775579, 5.44276226719e-05, 0.000110422952275, 7.39627284929e-05, 8.55629841681e-05, 4.96228894917e-05, 2.30919431488e-05, 1.98592970264e-05, 3.09258430207e-05, 1.47467790157e-05, 9.00705344975e-06, 7.03376554156e-06, 4.73560839964e-06, 2.6593675102e-06, 1.97499662136e-06, 2.10183611671e-06, 2.47181401392e-06, 3.21259472003e-06, 1.54706310695e-06, 1.59508510933e-06, 7.67025881032e-07, 5.36179356914e-07, 4.18289516801e-07, 3.55497292048e-07, 3.58720910754e-07, 3.66462387547e-07, 5.6126890513e-07, 4.69998411745e-07, 2.41997923922e-07, 1.83623782846e-07, 2.3802101623e-07, 2.83058341211e-07, 2.7071470754e-07, 3.28072360389e-07, 4.98629390222e-07], "median": [0.000124239129946, 0.000458090624306, 0.000754209933802, 0.00148585520219, 0.000773909734562, 0.00014721811749, 2.90808802674e-05, 4.27862178185e-05, 4.94728228659e-05, 4.57234200439e-05, 2.81602679024e-05, 1.36302624014e-05, 9.75799775915e-06, 1.49188927026e-05, 6.51740720059e-06, 4.23394521931e-06, 3.19338869303e-06, 1.80338099653e-06, 1.17250124276e-06, 8.30937892715e-07, 7.95623464001e-07, 8.73289422998e-07, 9.86495706456e-07, 4.20811744561e-07, 3.52984670826e-07, 2.88389770731e-07, 1.73440639628e-07, 8.78643078295e-08, 9.58878416668e-08, 9.63141388866e-08, 1.18731620091e-07, 1.46953098579e-07, 6.98416613432e-08, 3.55134091024e-08, 3.52911797563e-08, 3.36290710834e-08, 3.96985129214e-08, 3.57212464053e-08, 2.46392133363e-08, 2.46810891724e-08], "min": [1.05025667148e-24, 5.64413529936e-24, 3.21165595572e-23, 1.30718598619e-23, 7.43835485764e-24, 1.08037758966e-23, 1.09519452738e-23, 3.17001640616e-23, 9.70230361409e-24, 1.30146445693e-23, 4.91696607794e-24, 1.63081546258e-23, 1.05245499017e-23, 1.76574191626e-23, 5.01659171609e-24, 6.45614927215e-24, 1.1913970614e-23, 1.10394772798e-23, 3.67593049627e-24, 5.25983579292e-24, 8.1542406071e-24, 5.18623467603e-24, 8.71913995703e-24, 1.16148771573e-23, 7.96382772838e-24, 5.68185507797e-24, 6.32187410203e-24, 5.44978166599e-24, 8.28774032695e-24, 6.06046413627e-24, 7.09829664292e-24, 1.72786949307e-23, 1.08869975666e-23, 6.6485559968e-24, 8.27262969632e-24, 1.00734839692e-23, 8.45484236593e-24, 8.91492418965e-24, 8.89641199079e-24, 1.12916879442e-23], "var": [2.59810271075e-08, 2.96809980682e-06, 7.69126381783e-06, 1.40813199323e-05, 1.78394191153e-06, 1.38106130976e-07, 5.71523939286e-09, 3.59173029096e-08, 7.03419633652e-09, 1.28121735443e-08, 3.56950469182e-09, 7.94172005936e-10, 9.24046172912e-10, 2.08625827725e-09, 5.1737619744e-10, 4.4619252737e-10, 3.4497396606e-10, 7.96076052301e-11, 2.0549674809e-11, 1.03944084243e-11, 1.38627546942e-11, 4.433511544e-11, 7.46839812216e-11, 1.24627556539e-11, 2.2506718711e-11, 1.87848846721e-12, 1.17154940263e-12, 1.12980740215e-12, 5.62213903904e-13, 5.29225643343e-13, 4.23854229709e-13, 1.29641956892e-12, 1.99885008718e-12, 4.56812213924e-13, 1.61088048282e-13, 3.54181554961e-13, 4.81973456371e-13, 4.56783753617e-13, 1.02087630884e-12, 4.23885666151e-12]}, "mfcc": {"mean": [-735.498596191, 169.088439941, 28.9709568024, 14.2650756836, 5.63671827316, 2.29996585846, 0.574836790562, 1.6379160881, -5.72638177872, -13.7281217575, -3.757822752, -8.5910987854, -13.4902553558], "cov": [[8116.16064453, -567.45489502, -456.428009033, -126.794029236, 113.171043396, -50.7469177246, 50.2790870667, 81.8393173218, -47.3104820251, -251.634185791, -73.9309158325, -187.998046875, -180.001190186], [-567.45489502, 1898.19506836, -21.3455505371, -127.879219055, -73.1807632446, 62.9966773987, -23.538640976, -25.6299304962, -44.6861419678, -12.1367340088, 88.0337905884, -68.3580780029, 17.3482189178], [-456.428009033, -21.3455505371, 360.127410889, 46.3242111206, -12.4597425461, -19.5557250977, -10.628818512, -20.6009025574, 10.0344200134, 38.6423835754, -7.07832193375, 20.2642307281, 10.5437364578], [-126.794029236, -127.879219055, 46.3242111206, 147.172912598, 9.76531600952, -7.52645111084, -8.34666919708, -1.77396798134, 10.1311321259, 7.98829746246, -16.6465053558, 18.9995632172, 1.50157237053], [113.171043396, -73.1807632446, -12.4597425461, 9.76531600952, 103.053260803, 8.66321277618, 2.8789358139, -5.04635477066, -8.00419998169, -5.5635342598, 9.00814819336, -11.3585042953, 1.5315682888], [-50.7469177246, 62.9966773987, -19.5557250977, -7.52645111084, 8.66321277618, 75.9975128174, -3.55843353271, -2.37070393562, -5.98551177979, -0.0095989741385, -2.96867537498, -4.56540155411, -5.48916769028], [50.2790870667, -23.538640976, -10.628818512, -8.34666919708, 2.8789358139, -3.55843353271, 94.6465301514, 16.822183609, -6.15552854538, -3.58874797821, -4.64517116547, -0.117360211909, 2.10335993767], [81.8393173218, -25.6299304962, -20.6009025574, -1.77396798134, -5.04635477066, -2.37070393562, 16.822183609, 69.5872344971, 10.3125629425, -7.13581037521, -5.42974710464, 0.652606725693, 2.06710028648], [-47.3104820251, -44.6861419678, 10.0344200134, 10.1311321259, -8.00419998169, -5.98551177979, -6.15552854538, 10.3125629425, 72.5342102051, 9.18444824219, -10.9300022125, 7.26476764679, 1.86434221268], [-251.634185791, -12.1367340088, 38.6423835754, 7.98829746246, -5.5635342598, -0.0095989741385, -3.58874797821, -7.13581037521, 9.18444824219, 75.1529464722, 2.23755431175, 6.99048566818, -0.447238773108], [-73.9309158325, 88.0337905884, -7.07832193375, -16.6465053558, 9.00814819336, -2.96867537498, -4.64517116547, -5.42974710464, -10.9300022125, 2.23755431175, 80.6991119385, -4.4252538681, 7.85587406158], [-187.998046875, -68.3580780029, 20.2642307281, 18.9995632172, -11.3585042953, -4.56540155411, -0.117360211909, 0.652606725693, 7.26476764679, 6.99048566818, -4.4252538681, 72.2685546875, 6.46255588531], [-180.001190186, 17.3482189178, 10.5437364578, 1.50157237053, 1.5315682888, -5.48916769028, 2.10335993767, 2.06710028648, 1.86434221268, -0.447238773108, 7.85587406158, 6.46255588531, 63.9972724915]], "icov": [[0.000172717831447, 5.58263782295e-05, 0.000128117244458, 0.000107515996206, -0.000114563539682, 0.0001817298471, -7.44230555938e-06, -0.000109553060611, 4.54541186627e-05, 0.000451472267741, 0.000114437068987, 0.000353470852133, 0.000421230681241], [5.58263782295e-05, 0.000672263733577, -1.75866516656e-05, 0.000398827221943, 0.00058073468972, -0.000515011255629, 0.000108514039312, 0.000127493112814, 0.00022356545378, 0.00025061055203, -0.000601412262768, 0.000663947197609, -9.54150309553e-05], [0.000128117244458, -1.75866516656e-05, 0.00327245681547, -0.000758023757953, 0.000162457057741, 0.000863516470417, 9.89360269159e-05, 0.000743940530811, -6.98655712768e-05, -0.00107456813566, 0.000361046433682, -0.000182125106221, -0.000144752164488], [0.000107515996206, 0.000398827221943, -0.000758023757953, 0.00793007109314, -0.00101660564542, 0.000435535766883, 0.000750783889089, -7.43492710171e-05, -0.000383907958167, 5.11988728249e-05, 0.00126347597688, -0.00124858040363, 0.00015505484771], [-0.000114563539682, 0.00058073468972, 0.000162457057741, -0.00101660564542, 0.0110486336052, -0.00182816805318, -0.000454546679975, 0.00100519950502, 0.000781295122579, 0.000402403937187, -0.00190463708714, 0.00193082692567, -0.000902435858734], [0.0001817298471, -0.000515011255629, 0.000863516470417, 0.000435535766883, -0.00182816805318, 0.0144620724022, 0.000605878303759, 4.11663177147e-06, 0.000887388712727, -0.000232204227359, 0.00165264157113, 0.000155040426762, 0.00151641003322], [-7.44230555938e-06, 0.000108514039312, 9.89360269159e-05, 0.000750783889089, -0.000454546679975, 0.000605878303759, 0.0113507481292, -0.00280785490759, 0.00146769790445, -8.52137090988e-05, 0.000808614131529, -0.00018273468595, -0.000427942519309], [-0.000109553060611, 0.000127493112814, 0.000743940530811, -7.43492710171e-05, 0.00100519950502, 4.11663177147e-06, -0.00280785490759, 0.0160531140864, -0.00254770019092, 0.00104907131754, 0.000321544386679, -9.33282062761e-05, -0.000861943524797], [4.54541186627e-05, 0.00022356545378, -6.98655712768e-05, -0.000383907958167, 0.000781295122579, 0.000887388712727, 0.00146769790445, -0.00254770019092, 0.0152016086504, -0.00170664221514, 0.00168748910073, -0.000567202398088, -0.000425413221819], [0.000451472267741, 0.00025061055203, -0.00107456813566, 5.11988728249e-05, 0.000402403937187, -0.000232204227359, -8.52137090988e-05, 0.00104907131754, -0.00170664221514, 0.0157516337931, -0.000738644681405, 0.000202654395252, 0.0015471020015], [0.000114437068987, -0.000601412262768, 0.000361046433682, 0.00126347597688, -0.00190463708714, 0.00165264157113, 0.000808614131529, 0.000321544386679, 0.00168748910073, -0.000738644681405, 0.0141554381698, -2.13121438719e-05, -0.00124365475494], [0.000353470852133, 0.000663947197609, -0.000182125106221, -0.00124858040363, 0.00193082692567, 0.000155040426762, -0.00018273468595, -9.33282062761e-05, -0.000567202398088, 0.000202654395252, -2.13121438719e-05, 0.0161823686212, -0.000763951742556], [0.000421230681241, -9.54150309553e-05, -0.000144752164488, 0.00015505484771, -0.000902435858734, 0.00151641003322, -0.000427942519309, -0.000861943524797, -0.000425413221819, 0.0015471020015, -0.00124365475494, -0.000763951742556, 0.0173030905426]]}, "spectral_contrast_coeffs": {"dmean": [0.0390178188682, 0.0298052243888, 0.0269429627806, 0.0248770192266, 0.0208993293345, 0.0158656071872], "dmean2": [0.0648783519864, 0.0476146191359, 0.0404528826475, 0.0376405380666, 0.031830355525, 0.022938741371], "dvar": [0.00129564560484, 0.000766788376495, 0.00071978190681, 0.000576948979869, 0.000434511486674, 0.000306188885588], "dvar2": [0.00339181465097, 0.00199764664285, 0.00152323395014, 0.00117856590077, 0.000867240363732, 0.00060335744638], "max": [-0.245695978403, -0.390722870827, -0.529875516891, -0.585460245609, -0.589313268661, -0.679485559464], "mean": [-0.549675166607, -0.678749501705, -0.724850535393, -0.749108195305, -0.770988404751, -0.793809354305], "median": [-0.548647642136, -0.681455612183, -0.719890773296, -0.7415984869, -0.763302087784, -0.791907191277], "min": [-0.965820908546, -0.968419373035, -0.963114023209, -0.95790964365, -0.958424210548, -0.958395898342], "var": [0.00656478991732, 0.00528092542663, 0.00320963538252, 0.00286877993494, 0.00220579886809, 0.00178466853686]}, "spectral_contrast_valleys": {"dmean": [0.323887139559, 0.248206675053, 0.278052657843, 0.316639095545, 0.362958997488, 0.413372009993], "dmean2": [0.544949293137, 0.380728930235, 0.406916588545, 0.440381526947, 0.444605410099, 0.508029401302], "dvar": [0.122180089355, 0.0912125408649, 0.12822535634, 0.159382745624, 0.224945276976, 0.34318241477], "dvar2": [0.264921