{"lowlevel": {"average_loudness": 0.39107349515, "barkbands_crest": {"dmean": 1.47530114651, "dmean2": 2.17255830765, "dvar": 2.38384962082, "dvar2": 5.4925532341, "max": 26.6322307587, "mean": 12.7479877472, "median": 11.1365804672, "min": 3.09464287758, "var": 34.5641517639}, "barkbands_flatness_db": {"dmean": 0.0120648080483, "dmean2": 0.0180563777685, "dvar": 0.000134902671562, "dvar2": 0.000272960751317, "max": 0.496702671051, "mean": 0.208369269967, "median": 0.194805324078, "min": 0.0502842739224, "var": 0.00504644215107}, "barkbands_kurtosis": {"dmean": 5.18582582474, "dmean2": 8.42692375183, "dvar": 379.096588135, "dvar2": 1042.33569336, "max": 640.777893066, "mean": 22.09516716, "median": 2.22824668884, "min": -1.83686721325, "var": 6144.87939453}, "barkbands_skewness": {"dmean": 0.370446532965, "dmean2": 0.564990758896, "dvar": 0.298273444176, "dvar2": 0.672851264477, "max": 11.2677488327, "mean": 0.54975348711, "median": 1.1495937109, "min": -22.8937644958, "var": 17.5428237915}, "barkbands_spread": {"dmean": 1.9105052948, "dmean2": 2.92582893372, "dvar": 5.03780651093, "dvar2": 11.861035347, "max": 81.9788284302, "mean": 12.0875787735, "median": 10.3753919601, "min": 0.181876733899, "var": 72.2337188721}, "dissonance": {"dmean": 0.0208959951997, "dmean2": 0.0348856076598, "dvar": 0.000498032488395, "dvar2": 0.00135637563653, "max": 0.499992132187, "mean": 0.435884743929, "median": 0.445633500814, "min": 0.161905705929, "var": 0.00232918071561}, "dynamic_complexity": 7.69959640503, "erbbands_crest": {"dmean": 2.02453160286, "dmean2": 3.08379793167, "dvar": 3.98374652863, "dvar2": 9.50454139709, "max": 34.6406288147, "mean": 13.0339918137, "median": 10.9957036972, "min": 3.26853132248, "var": 44.7576065063}, "erbbands_flatness_db": {"dmean": 0.0106018204242, "dmean2": 0.0155466906726, "dvar": 9.90447006188e-05, "dvar2": 0.000208505996852, "max": 0.536512315273, "mean": 0.238649249077, "median": 0.227560803294, "min": 0.0661250278354, "var": 0.0056083984673}, "erbbands_kurtosis": {"dmean": 1.31711542606, "dmean2": 1.96432244778, "dvar": 11.6683883667, "dvar2": 22.2116127014, "max": 175.988861084, "mean": 2.74067902565, "median": 0.157517433167, "min": -1.72757601738, "var": 118.099662781}, "erbbands_skewness": {"dmean": 0.289997190237, "dmean2": 0.43515086174, "dvar": 0.0837071537971, "dvar2": 0.176202818751, "max": 10.1820306778, "mean": 0.738700151443, "median": 0.555120110512, "min": -1.96813702583, "var": 1.82830536366}, "erbbands_spread": {"dmean": 3.32458496094, "dmean2": 5.10834884644, "dvar": 10.5481042862, "dvar2": 25.4371891022, "max": 128.620239258, "mean": 23.6497993469, "median": 21.2958145142, "min": 0.432273119688, "var": 200.464080811}, "hfc": {"dmean": 1.60122489929, "dmean2": 2.26805090904, "dvar": 4.70235776901, "dvar2": 9.47036170959, "max": 67.4457397461, "mean": 10.9863042831, "median": 8.99947738647, "min": 1.25348263344e-16, "var": 84.6608047485}, "melbands_crest": {"dmean": 1.78787887096, "dmean2": 2.67040395737, "dvar": 3.86793041229, "dvar2": 9.47065258026, "max": 34.5499801636, "mean": 14.4546298981, "median": 13.4060487747, "min": 1.64126396179, "var": 41.0792503357}, "melbands_flatness_db": {"dmean": 0.0119431996718, "dmean2": 0.0174607504159, "dvar": 0.000131485343445, "dvar2": 0.000274775200523, "max": 0.530675947666, "mean": 0.238339185715, "median": 0.241936758161, "min": 0.00368850002997, "var": 0.00651249103248}, "melbands_kurtosis": {"dmean": 2.65396380424, "dmean2": 3.88110995293, "dvar": 31.2900981903, "dvar2": 56.0157814026, "max": 285.497772217, "mean": 9.31896114349, "median": 4.2051525116, "min": -1.69815206528, "var": 410.505096436}, "melbands_skewness": {"dmean": 0.345814585686, "dmean2": 0.515222966671, "dvar": 0.133594468236, "dvar2": 0.300169378519, "max": 11.6792917252, "mean": 1.78930521011, "median": 1.57109057903, "min": -1.5134203434, "var": 2.15244102478}, "melbands_spread": {"dmean": 3.37426543236, "dmean2": 5.22487783432, "dvar": 20.0250396729, "dvar2": 50.7394752502, "max": 160.986816406, "mean": 22.3934707642, "median": 15.1779251099, "min": 0.268212229013, "var": 666.696594238}, "pitch_salience": {"dmean": 0.0412894412875, "dmean2": 0.0630671828985, "dvar": 0.00147861998994, "dvar2": 0.00362166319974, "max": 0.855303347111, "mean": 0.506692945957, "median": 0.502308428288, "min": 0.0385130234063, "var": 0.0195577386767}, "silence_rate_20dB": {"dmean": 0, "dmean2": 0, "dvar": 0, "dvar2": 0, "max": 1, "mean": 1, "median": 1, "min": 1, "var": 0}, "silence_rate_30dB": {"dmean": 0, "dmean2": 0, "dvar": 0, "dvar2": 0, "max": 1, "mean": 1, "median": 1, "min": 1, "var": 0}, "silence_rate_60dB": {"dmean": 0.0269320849329, "dmean2": 0.0538704767823, "dvar": 0.0262115392834, "dvar2": 0.0577585101128, "max": 1, "mean": 0.241423726082, "median": 0, "min": 0, "var": 0.183114811778}, "spectral_centroid": {"dmean": 122.983901978, "dmean2": 192.944366455, "dvar": 20793.6835938, "dvar2": 43248.2421875, "max": 10825.6269531, "mean": 1363.23620605, "median": 1250.7578125, "min": 333.859893799, "var": 672982.125}, "spectral_complexity": {"dmean": 1.47283375263, "dmean2": 2.47780776024, "dvar": 2.02283406258, "dvar2": 5.33818340302, "max": 35, "mean": 12.0464820862, "median": 13, "min": 0, "var": 47.401966095}, "spectral_decrease": {"dmean": 6.28984198059e-10, "dmean2": 9.04636421328e-10, "dvar": 9.04873551587e-19, "dvar2": 2.24678280994e-18, "max": 1.49848090479e-15, "mean": -4.78829420558e-09, "median": -2.80508927197e-09, "min": -2.6138982534e-08, "var": 2.55940285979e-17}, "spectral_energy": {"dmean": 0.0024963284377, "dmean2": 0.00358465849422, "dvar": 1.38702716868e-05, "dvar2": 3.41616214428e-05, "max": 0.10298281163, "mean": 0.0190686024725, "median": 0.0115447118878, "min": 1.10501805951e-20, "var": 0.000392206042306}, "spectral_energyband_high": {"dmean": 2.42141813942e-05, "dmean2": 4.0081285988e-05, "dvar": 1.67488090064e-09, "dvar2": 4.43263026284e-09, "max": 0.0013650294859, "mean": 9.3685783213e-05, "median": 4.00719254685e-05, "min": 7.76666776652e-21, "var": 2.66721986719e-08}, "spectral_energyband_low": {"dmean": 0.000544150010683, "dmean2": 0.000796341744717, "dvar": 1.33088826715e-06, "dvar2": 2.89399395115e-06, "max": 0.0590154863894, "mean": 0.00370035297237, "median": 0.00012099702144, "min": 5.36376316848e-23, "var": 4.65503180749e-05}, "spectral_energyband_middle_high": {"dmean": 0.000829246186186, "dmean2": 0.0011102934368, "dvar": 1.68917972587e-06, "dvar2": 2.89899048767e-06, "max": 0.0547414831817, "mean": 0.00388422817923, "median": 0.00290854880586, "min": 1.68302749639e-21, "var": 1.59149512911e-05}, "spectral_energyband_middle_low": {"dmean": 0.00202425266616, "dmean2": 0.00290760328062, "dvar": 1.25813012346e-05, "dvar2": 3.23315252899e-05, "max": 0.0812591314316, "mean": 0.0124247251078, "median": 0.00488470913842, "min": 3.03395752687e-22, "var": 0.000248252094025}, "spectral_entropy": {"dmean": 0.0886553674936, "dmean2": 0.132915213704, "dvar": 0.00757872359827, "dvar2": 0.0159128773957, "max": 9.80167007446, "mean": 6.79792308807, "median": 6.75774908066, "min": 4.04188108444, "var": 0.499740839005}, "spectral_flux": {"dmean": 0.00687830569223, "dmean2": 0.0114468531683, "dvar": 6.97547075106e-05, "dvar2": 0.000193204832613, "max": 0.150050759315, "mean": 0.0327568352222, "median": 0.0310187544674, "min": 1.05119836447e-10, "var": 0.000453439599369}, "spectral_kurtosis": {"dmean": 3.04057979584, "dmean2": 5.3059053421, "dvar": 9.56292438507, "dvar2": 28.4029979706, "max": 44.2082481384, "mean": 9.80548191071, "median": 8.66979980469, "min": -1.15718412399, "var": 30.7362422943}, "spectral_rms": {"dmean": 0.000261355948169, "dmean2": 0.000367937638657, "dvar": 9.47755225411e-08, "dvar2": 2.26497476774e-07, "max": 0.0100235240534, "mean": 0.00365247600712, "median": 0.00335605908185, "min": 3.2833922213e-12, "var": 5.26281701241e-06}, "spectral_rolloff": {"dmean": 187.568389893, "dmean2": 331.288208008, "dvar": 182724.96875, "dvar2": 437441.59375, "max": 19853.6132812, "mean": 2279.17700195, "median": 1184.32617188, "min": 107.666015625, "var": 17075678}, "spectral_skewness": {"dmean": 0.277747809887, "dmean2": 0.479384988546, "dvar": 0.0625679716468, "dvar2": 0.186533048749, "max": 5.10235691071, "mean": 2.10607600212, "median": 2.01310968399, "min": -0.0226417630911, "var": 0.328056961298}, "spectral_spread": {"dmean": 227912.28125, "dmean2": 379896.9375, "dvar": 150589833216, "dvar2": 308502396928, "max": 39301104, "mean": 3744267.25, "median": 2819875.5, "min": 1389642.875, "var": 15613333340200.0}, "spectral_strongpeak": {"dmean": 0.349661201239, "dmean2": 0.543692588806, "dvar": 0.337858974934, "dvar2": 0.771012067795, "max": 11.8067159653, "mean": 1.495860219, "median": 1.14872586727, "min": 0, "var": 1.85433852673}, "zerocrossingrate": {"dmean": 0.00428183795884, "dmean2": 0.00550655927509, "dvar": 8.02823487902e-05, "dvar2": 0.000139872543514, "max": 0.81689453125, "mean": 0.0878781080246, "median": 0.04833984375, "min": 0.005859375, "var": 0.0269581843168}, "barkbands": {"dmean": [5.70147540202e-06, 0.000351487018634, 0.000158395429025, 0.000353404058842, 0.000803528993856, 0.000757895584684, 0.000556745624635, 0.000296574406093, 0.000212484912481, 0.000412111054175, 0.000286079593934, 0.000107560292236, 0.000181941592018, 0.0001658918045, 0.000100857636426, 0.000138273113407, 0.000109157983388, 0.000100489603938, 6.25470856903e-05, 3.63422477676e-05, 8.02163140179e-06, 5.74525120101e-06, 3.41596000908e-06, 1.62415346949e-06, 9.7067572824e-07, 3.96756149712e-07, 9.51335721311e-08], "dmean2": [9.76456612989e-06, 0.000488467281684, 0.000227859534789, 0.00056999840308, 0.00125235074665, 0.000916791381314, 0.000821158813778, 0.000347606517607, 0.000255104183452, 0.000452634732937, 0.000367070373613, 0.000145501311636, 0.000270190677838, 0.000249239121331, 0.000163122822414, 0.000231273734244, 0.000176580797415, 0.000169235354406, 0.000103138430859, 6.12699514022e-05, 1.33960647872e-05, 9.30738769966e-06, 5.59174623049e-06, 2.42018381869e-06, 1.41883401739e-06, 5.82436200602e-07, 1.53569331474e-07], "dvar": [1.86744814057e-10, 7.21463038644e-07, 1.33413479375e-07, 8.50287676712e-07, 4.41591873823e-06, 2.76512150776e-06, 2.66481833933e-06, 4.49184653917e-07, 1.47721223698e-07, 1.10119447072e-06, 5.14112912242e-07, 5.40972244778e-08, 5.12836322741e-07, 2.83307741711e-07, 3.84184204449e-08, 7.29282021439e-08, 6.20405131713e-08, 3.81537468286e-08, 1.79424528568e-08, 6.91581725221e-09, 4.86729878624e-10, 1.81428802537e-10, 1.21988627533e-10, 2.65025761753e-11, 7.6899363613e-12, 1.32934060895e-12, 1.04717653277e-13], "dvar2": [5.13294240445e-10, 1.34195317969e-06, 2.86287132667e-07, 2.79354640043e-06, 1.17756126201e-05, 5.20350567967e-06, 7.36584706829e-06, 5.80741186695e-07, 1.99371115173e-07, 1.18111029224e-06, 7.29286512069e-07, 8.87576447894e-08, 9.84272674032e-07, 6.16969600742e-07, 9.32625781047e-08, 1.8149533787e-07, 1.59239348818e-07, 1.02951084102e-07, 4.28166408994e-08, 1.89153031016e-08, 1.32766897476e-09, 4.61535532015e-10, 3.45626000042e-10, 5.07067755839e-11, 1.51152996369e-11, 2.64591235206e-12, 3.07569860422e-13], "max": [0.000232589125517, 0.047909040004, 0.0412987172604, 0.023165544495, 0.0601423941553, 0.0779347941279, 0.0644063651562, 0.0360909104347, 0.018819341436, 0.0657606646419, 0.0487306714058, 0.0255772694945, 0.042394246906, 0.0246114265174, 0.00810302048922, 0.00949212629348, 0.00600154185668, 0.00750057119876, 0.00526025425643, 0.00264557870105, 0.000633378862403, 0.000386709987652, 0.000399032287532, 0.000256458763033, 0.000125319624203, 5.81501662964e-05, 1.21338080135e-05], "mean": [6.73046270094e-06, 0.00200837268494, 0.00102052546572, 0.00117607123684, 0.00296328309923, 0.00391202745959, 0.00177045119926, 0.00116471841466, 0.000583174929488, 0.00143873970956, 0.000768653233536, 0.000324321154039, 0.00043000371079, 0.000398342323024, 0.000192103645531, 0.000218647604925, 0.000224814633839, 0.000196476787096, 0.000129995998577, 8.14495579107e-05, 2.01773909794e-05, 1.65917190316e-05, 1.151925062e-05, 5.91542948314e-06, 3.62867945114e-06, 1.56756402703e-06, 3.46608032942e-07], "median": [4.12182998843e-07, 6.51972004562e-06, 1.61767511599e-05, 8.9786699391e-05, 0.00059608038282, 0.000534338934813, 0.000198069203179, 0.000142833669088, 0.000256463565165, 0.000383428559871, 0.0002246441436, 0.00010181277321, 0.000122196535813, 7.0221722126e-05, 0.000106293278805, 0.000102541634988, 7.93701328803e-05, 9.35972566367e-05, 5.6522032537e-05, 3.31800038111e-05, 6.33878698864e-06, 4.99368115925e-06, 2.44374700742e-06, 1.29980867314e-06, 1.03171737464e-06, 5.46185503936e-07, 1.42294908301e-07], "min": [2.17904050178e-24, 4.04670340477e-23, 9.37102226581e-24, 5.8452392155e-24, 4.94231391432e-23, 4.31800750066e-23, 2.07418574134e-23, 1.43627636801e-23, 1.40444365323e-22, 1.24916957379e-22, 1.07268599073e-22, 7.66239277467e-23, 1.44444962963e-22, 1.55974120917e-22, 1.11567651192e-22, 1.8865271547e-22, 1.27246280616e-22, 2.24454580741e-22, 3.65644981288e-22, 1.82565422963e-22, 3.54485742301e-22, 4.37706225911e-22, 7.00886783661e-22, 8.33654371173e-22, 1.27443985567e-21, 1.93428592986e-21, 2.40655193746e-21], "var": [2.65816285649e-10, 1.81769391929e-05, 7.33451270207e-06, 6.37055200059e-06, 4.74980079161e-05, 7.2331939009e-05, 2.65554590442e-05, 6.51185837341e-06, 9.53355254296e-07, 1.26963877847e-05, 4.31324679084e-06, 1.50826622303e-06, 2.52784070653e-06, 1.76604987701e-06, 1.10334902104e-07, 1.65008216868e-07, 2.09448486999e-07, 1.09889718658e-07, 5.7513034335e-08, 2.40243682725e-08, 2.05610950488e-09, 1.34131183938e-09, 1.18276632932e-09, 2.86818457873e-10, 7.13858139267e-11, 1.25987831279e-11, 5.85149604552e-13]}, "erbbands": {"dmean": [0.00680575007573, 0.0898579359055, 0.166117176414, 0.748014688492, 1.68784821033, 3.16699099541, 3.73306679726, 7.46941900253, 9.3240776062, 6.11574602127, 4.73593568802, 5.5771613121, 13.7368440628, 7.86395740509, 10.0084171295, 4.60248708725, 7.83901405334, 7.2127995491, 6.48775625229, 5.95740270615, 5.52434015274, 6.40774583817, 5.98528575897, 4.56601667404, 1.91583740711, 1.22613596916, 0.547778606415, 0.23124717176, 0.227619603276, 0.136106565595, 0.0978715270758, 0.0420459918678, 0.0224653910846, 0.0143337277696, 0.00796153768897, 0.00263465265743, 0.000675043964293, 0.00015648578119, 1.44873702084e-05, 2.96692110169e-06], "dmean2": [0.00991850253195, 0.124343857169, 0.254063099623, 1.13519477844, 2.71158576012, 5.00951385498, 5.15087985992, 8.51438522339, 14.5892648697, 6.88906812668, 5.69095754623, 6.67649459839, 14.9490652084, 9.50396347046, 13.18268013, 6.04953098297, 11.7883825302, 10.7779626846, 9.84059524536, 9.8131313324, 9.09382820129, 10.3703327179, 10.0926570892, 7.63009691238, 3.1820628643, 2.07112765312, 0.912314414978, 0.387026816607, 0.37064191699, 0.224178895354, 0.156655788422, 0.0650827810168, 0.0346408002079, 0.0214337389916, 0.0115730101243, 0.00399320432916, 0.00102364900522, 0.000247888441663, 2.28673125093e-05, 4.27961549576e-06], "dvar": [0.000256215367699, 0.0484020635486, 0.119900360703, 3.28751540184, 15.3116455078, 94.9153518677, 148.603713989, 261.684356689, 906.33605957, 202.252853394, 111.463890076, 107.736152649, 1547.54528809, 231.455749512, 1015.57598877, 98.6061401367, 779.899658203, 372.457519531, 378.449615479, 83.934715271, 134.550888062, 262.211547852, 159.651062012, 96.5932693481, 17.7184696198, 4.36524343491, 1.64878630638, 0.34815505147, 0.291590481997, 0.167128622532, 0.0905790477991, 0.0192558784038, 0.00440466077998, 0.00176301330794, 0.000573143130168, 6.52498492855e-05, 4.22471612183e-06, 2.68338396836e-07, 1.53660040247e-09, 1.79452286364e-11], "dvar2": [0.000479925860418, 0.0910406783223, 0.280159056187, 10.1294803619, 43.3692016602, 257.543914795, 381.737243652, 369.267150879, 2818.1652832, 225.880905151, 152.965148926, 143.583572388, 1597.79907227, 349.63873291, 1423.72961426, 136.377471924, 1559.60864258, 791.705383301, 838.521606445, 212.634658813, 301.434448242, 668.979003906, 432.488800049, 255.009872437, 47.6172599792, 11.8378276825, 4.38471031189, 0.969287872314, 0.720457732677, 0.443796098232, 0.240173816681, 0.0432875081897, 0.00976046919823, 0.00326584535651, 0.00109085021541, 0.000142368953675, 9.01973453438e-06, 7.19232218671e-07, 3.91104437725e-09, 4.32132211958e-11], "max": [0.995268583298, 11.9856386185, 27.556760788, 71.6428146362, 78.3798370361, 271.724914551, 364.307769775, 997.648925781, 1150.9017334, 698.063110352, 989.310058594, 547.313903809, 2604.33837891, 473.971588135, 2407.30200195, 1316.04089355, 1682.97583008, 575.649597168, 973.236816406, 291.152984619, 655.148864746, 420.753479004, 515.756225586, 226.431350708, 125.185882568, 50.2793922424, 38.6724891663, 18.1352367401, 17.0036582947, 15.4659643173, 12.6261997223, 6.28795385361, 2.20827579498, 2.39907836914, 0.734588086605, 0.323946386576, 0.106372915208, 0.0202302001417, 0.00174915371463, 0.00013311317889], "mean": [0.0340654365718, 0.528288185596, 1.06491744518, 3.12787652016, 4.74219894409, 11.3399658203, 16.734998703, 42.8712882996, 30.434047699, 25.8855724335, 18.0445423126, 15.8563871384, 47.7032279968, 24.0430908203, 28.2747936249, 15.9418373108, 19.7289714813, 17.6895370483, 16.7665901184, 11.5105323792, 10.7850885391, 13.8765563965, 12.1163349152, 9.189453125, 4.82493972778, 2.94517469406, 1.3633711338, 0.657708764076, 0.613620400429, 0.43778938055, 0.32116946578, 0.159893587232, 0.077734619379, 0.0507609434426, 0.0240160524845, 0.00871231872588, 0.00255421199836, 0.000564430898521, 6.76529816701e-05, 2.39287564909e-05], "median": [0.000153161032358, 0.00201385561377, 0.0261770524085, 0.320362240076, 1.03802978992, 1.83679866791, 2.73985362053, 5.72748374939, 4.41006469727, 2.44340991974, 3.89041519165, 7.92894220352, 12.242723465, 10.8492088318, 9.12568473816, 5.57317304611, 7.10183382034, 5.82500886917, 6.6856470108, 7.36643886566, 6.2482252121, 5.13542413712, 5.76637649536, 4.22306156158, 2.29998636246, 1.46278893948, 0.580140650272, 0.229245737195, 0.210757002234, 0.0993300005794, 0.0787098184228, 0.0312297865748, 0.0197682604194, 0.0135736325756, 0.00614478671923, 0.00273098913021, 0.000887676957063, 0.00020493035845, 3.56717573595e-05, 1.60003710334e-05], "min": [4.24421808267e-22, 1.12190046038e-20, 1.90724924073e-20, 1.02283984669e-20, 4.08602665677e-20, 2.12414552931e-19, 3.12625286943e-19, 4.05330778613e-19, 2.21941140347e-19, 4.73265648907e-19, 9.95638115649e-19, 2.93461616291e-18, 3.73137989677e-18, 3.15084965363e-18, 4.45525102749e-18, 4.06907348672e-18, 6.1959376485e-18, 6.33144348132e-18, 8.59227078408e-18, 4.33671025545e-18, 1.16619355557e-17, 8.68821215461e-18, 1.17028785145e-17, 1.74055857345e-17, 1.42352290941e-17, 7.79215634835e-18, 1.33539368074e-17, 1.42132161636e-17, 1.45718171572e-17, 2.16658190065e-17, 1.8588584705e-17, 1.50302174916e-17, 1.58555253672e-17, 1.10279669635e-17, 1.09160585256e-17, 6.54216691519e-18, 3.61384952585e-18, 1.41319899226e-18, 3.29898369097e-19, 3.55996951399e-20], "var": [0.00577701395378, 1.24933409691, 5.10773706436, 51.9788208008, 68.8161697388, 949.701721191, 1394.91442871, 10322.84375, 6757.23388672, 3274.38793945, 1669.91625977, 658.223510742, 18531.0546875, 1317.29943848, 9397.32714844, 3914.42675781, 4198.84570312, 1701.62365723, 2357.19604492, 219.96685791, 378.954803467, 886.338806152, 468.759674072, 270.052337646, 68.1300964355, 18.5950393677, 6.94509601593, 1.73848843575, 1.65194833279, 1.53026890755, 0.788213908672, 0.230817139149, 0.0390248261392, 0.0172229409218, 0.0028368413914, 0.000412941910326, 3.20035251207e-05, 1.83227712114e-06, 1.43035006062e-08, 5.42496714218e-10]}, "gfcc": {"mean": [-127.235275269, 81.546081543, -155.460571289, -2.50084757805, -51.1525039673, -6.91394138336, -30.3976650238, 6.25588560104, -21.3620414734, -4.55821561813, -10.9525537491, 1.86786317825, -6.66994428635], "cov": [[45236.953125, 11447.2294922, -2491.39428711, 2620.03149414, -1957.14575195, -343.838104248, -2374.53271484, 274.643554688, -1042.48632812, 153.061676025, -304.140533447, -46.8465766907, -121.498916626], [11447.2294922, 5369.54003906, 1003.45349121, 1115.0769043, -195.548171997, -577.228759766, -757.924072266, -249.640197754, -135.840133667, -61.5566520691, -15.0679693222, -304.334533691, 28.8147010803], [-2491.39428711, 1003.45349121, 2290.40698242, 746.421142578, 531.524353027, -179.631958008, -14.4341135025, -273.570159912, 156.88117981, -20.4727458954, 107.237190247, -187.725418091, 10.6306552887], [2620.03149414, 1115.0769043, 746.421142578, 896.073181152, 273.997772217, 68.350730896, -189.707015991, -69.9871368408, -34.3781166077, 14.2979192734, 1.90084993839, -99.0184249878, -49.8661422729], [-1957.14575195, -195.548171997, 531.524353027, 273.997772217, 512.751098633, 193.599456787, 172.279129028, 5.01470994949, 105.010917664, 21.4366912842, 34.7428512573, -52.7995033264, -27.612531662], [-343.838104248, -577.228759766, -179.631958008, 68.350730896, 193.599456787, 358.377380371, 209.553543091, 144.990890503, 36.2526473999, 36.7561416626, 6.39689207077, 49.4354515076, -42.5467262268], [-2374.53271484, -757.924072266, -14.4341135025, -189.707015991, 172.279129028, 209.553543091, 406.673431396, 166.448455811, 137.104171753, 13.8652658463, 32.1059265137, 41.7365074158, 2.64680624008], [274.643554688, -249.640197754, -273.570159912, -69.9871368408, 5.01470994949, 144.990890503, 166.448455811, 219.273178101, 91.4313812256, 34.2124786377, -11.3759660721, 39.3233146667, 1.82232272625], [-1042.48632812, -135.840133667, 156.88117981, -34.3781166077, 105.010917664, 36.2526473999, 137.104171753, 91.4313812256, 202.039871216, 65.746635437, 35.9609642029, -13.1901521683, -0.801129937172], [153.061676025, -61.5566520691, -20.4727458954, 14.2979192734, 21.4366912842, 36.7561416626, 13.8652658463, 34.2124786377, 65.746635437, 135.199630737, 71.1219940186, 26.1684055328, -23.1347789764], [-304.140533447, -15.0679693222, 107.237190247, 1.90084993839, 34.7428512573, 6.39689207077, 32.1059265137, -11.3759660721, 35.9609642029, 71.1219940186, 145.974716187, 72.7626800537, 10.6330766678], [-46.8465766907, -304.334533691, -187.725418091, -99.0184249878, -52.7995033264, 49.4354515076, 41.7365074158, 39.3233146667, -13.1901521683, 26.1684055328, 72.7626800537, 169.151000977, 67.702003479], [-121.498916626, 28.8147010803, 10.6306552887, -49.8661422729, -27.612531662, -42.5467262268, 2.64680624008, 1.82232272625, -0.801129937172, -23.1347789764, 10.6330766678, 67.702003479, 142.679519653]], "icov": [[0.000629413931165, -0.00134387076832, 0.000568170973565, -0.00086487835506, 0.00159661914222, -0.0018518732395, 0.00151385599747, -0.00187150482088, 0.00125293666497, -0.00133292726241, 0.000966445135418, -0.00136238103732, 0.000580698251724], [-0.00134387076832, 0.00331942900084, -0.0011772706639, 0.00124426186085, -0.00316864275374, 0.00450444035232, -0.00290389731526, 0.00347999250516, -0.00262788240798, 0.00315363379195, -0.00280380062759, 0.00379719003104, -0.0016489905538], [0.000568170973565, -0.0011772706639, 0.00203124294057, -0.00218194816262, 0.000908264657483, -0.000354161311407, 1.97014196601e-05, 0.000293083896395, -0.000245125469519, -0.000531693396624, 6.49410212645e-05, -0.000675236107782, 0.000101684199763], [-0.00086487835506, 0.00124426186085, -0.00218194816262, 0.0053936233744, -0.00355830811895, -0.00012927003263, 0.00101955176797, 0.000505721545778, -0.000229751851293, 0.00119351805188, -0.000711214262992, 0.00145059637725, -0.000135774971568], [0.00159661914222, -0.00316864275374, 0.000908264657483, -0.00355830811895, 0.00958705879748, -0.00768832676113, 0.0023047789, -0.00222049700096, 0.00122189137619, -0.00292725278996, 0.00154919573106, -0.00139030523133, 0.000313035270665], [-0.0018518732395, 0.00450444035232, -0.000354161311407, -0.00012927003263, -0.00768832676113, 0.0156889576465, -0.00811266433448, 0.00265490007587, -0.00119568838272, 0.00252624833956, -0.00175150786527, 0.00155196373817, 0.000598666083533], [0.00151385599747, -0.00290389731526, 1.97014196601e-05, 0.00101955176797, 0.0023047789, -0.00811266433448, 0.0133349103853, -0.0100041627884, 0.00172918126918, -0.000113496113045, -0.000439766590716, -0.00220229686238, 0.00120678427629], [-0.00187150482088, 0.00347999250516, 0.000293083896395, 0.000505721545778, -0.00222049700096, 0.00265490007587, -0.0100041627884, 0.0209520477802, -0.0104805994779, 0.00290459138341, 0.000942401704378, 0.00176404113881, -0.00235678930767], [0.00125293666497, -0.00262788240798, -0.000245125469519, -0.000229751851293, 0.00122189137619, -0.00119568838272, 0.00172918126918, -0.0104805994779, 0.0153040979058, -0.00807011220604, 0.00139613589272, -0.00034802997834, 0.000355815835064], [-0.00133292726241, 0.00315363379195, -0.000531693396624, 0.00119351805188, -0.00292725278996, 0.00252624833956, -0.000113496113045, 0.00290459138341, -0.00807011220604, 0.0176181681454, -0.00972091220319, 0.00369253591634, 0.000620331149548], [0.000966445135418, -0.00280380062759, 6.49410212645e-05, -0.000711214262992, 0.00154919573106, -0.00175150786527, -0.000439766590716, 0.000942401704378, 0.00139613589272, -0.00972091220319, 0.018562367186, -0.0120864426717, 0.00369280995801], [-0.00136238103732, 0.00379719003104, -0.000675236107782, 0.00145059637725, -0.00139030523133, 0.00155196373817, -0.00220229686238, 0.00176404113881, -0.00034802997834, 0.00369253591634, -0.0120864426717, 0.0199692100286, -0.00913561880589], [0.000580698251724, -0.0016489905538, 0.000101684199763, -0.000135774971568, 0.000313035270665, 0.000598666083533, 0.00120678427629, -0.00235678930767, 0.000355815835064, 0.000620331149548, 0.00369280995801, -0.00913561880589, 0.0121902814135]]}, "melbands": {"dmean": [8.33726880956e-05, 9.54623683356e-05, 0.000145890749991, 0.000170875689946, 0.000136624337756, 0.000170478291693, 0.000127418024931, 6.79902077536e-05, 3.68762594007e-05, 3.7379180867e-05, 6.94451082381e-05, 3.2128948078e-05, 3.13416385325e-05, 1.61647913046e-05, 1.1199275832e-05, 2.38591164816e-05, 1.40300044222e-05, 1.20207150758e-05, 9.02864485397e-06, 1.25256419778e-05, 5.16051886734e-06, 8.27685653348e-06, 5.42819407201e-06, 3.75598119717e-06, 4.23241726821e-06, 1.54489691795e-06, 1.51201686549e-06, 8.62147942371e-07, 4.79056154745e-07, 2.11042745946e-07, 1.34700599119e-07, 1.84975391448e-07, 7.15972205967e-08, 7.91675205392e-08, 7.02853952816e-08, 5.11036652995e-08, 2.55863419341e-08, 1.94667535425e-08, 1.82331767462e-08, 1.17876366446e-08], "dmean2": [0.000116635186714, 0.000138432224048, 0.000228062053793, 0.000276618200587, 0.000191853978322, 0.000209305711905, 0.000193600761122, 7.62022755225e-05, 4.48889004474e-05, 4.45844270871e-05, 7.56714871386e-05, 3.89451233787e-05, 4.09209496866e-05, 2.09962036024e-05, 1.57695776579e-05, 3.53863397322e-05, 2.12467111851e-05, 1.79638391273e-05, 1.46477786984e-05, 2.10998568946e-05, 8.39693893795e-06, 1.34228221214e-05, 9.10499784368e-06, 6.32986257187e-06, 7.09773576091e-06, 2.53185930887e-06, 2.54568317359e-06, 1.45879505453e-06, 8.0010028114e-07, 3.55101008154e-07, 2.2787574494e-07, 3.03793825651e-07, 1.17621155482e-07, 1.28754038542e-07, 1.13666366985e-07, 8.14887002321e-08, 3.94008310423e-08, 3.07573841951e-08, 2.77371245971e-08, 1.80088015611e-08], "dvar": [3.98535568991e-08, 4.45139036742e-08, 1.13347844888e-07, 1.9635336912e-07, 1.68721243199e-07, 1.35830106274e-07, 1.53371999545e-07, 2.5445597629e-08, 7.0999863766e-09, 5.06620345675e-09, 3.82003619848e-08, 4.02674960043e-09, 7.89636889209e-09, 1.59550228584e-09, 7.19154569229e-10, 9.75128600089e-09, 1.58544188888e-09, 1.97459915086e-09, 4.26970819811e-10, 5.46107381538e-10, 1.68790495469e-10, 4.60597393559e-10, 1.17950010869e-10, 4.70113219186e-11, 8.62602489438e-11, 1.30495397474e-11, 2.47475755166e-11, 2.1519006195e-12, 1.3248780328e-12, 3.51334060586e-13, 1.27032431341e-13, 2.13878461925e-13, 4.15888975818e-14, 6.57328534594e-14, 5.33856507991e-14, 2.997856954e-14, 7.08473349567e-15, 3.99488393551e-15, 3.86827749737e-15, 1.30606911225e-15], "dvar2": [7.21035533502e-08, 9.14760462933e-08, 3.57169454901e-07, 5.74758814764e-07, 4.18066605334e-07, 2.59851049123e-07, 4.56163434137e-07, 2.95507565085e-08, 1.01466772762e-08, 6.57214371813e-09, 3.96940826874e-08, 5.97077765008e-09, 1.11117479662e-08, 2.18334461621e-09, 1.46112966171e-09, 1.87607138713e-08, 3.49885942441e-09, 4.30419389019e-09, 1.01620079018e-09, 1.44631329135e-09, 3.62686214395e-10, 1.18228926649e-09, 3.17720627585e-10, 1.27277563489e-10, 2.26645271995e-10, 3.16535513079e-11, 6.81826539672e-11, 5.83675859381e-12, 3.49846475574e-12, 9.40354456629e-13, 3.55949211078e-13, 5.31478507038e-13, 1.11521503024e-13, 1.78589470144e-13, 1.33040063341e-13, 8.24720540883e-14, 1.45062218802e-14, 9.99739604524e-15, 6.86928050114e-15, 2.76967195313e-15], "max": [0.0122930677608, 0.0124863320962, 0.0102050611749, 0.0128795737401, 0.0125750647858, 0.0191488433629, 0.0148650156334, 0.00618880335242, 0.00735748047009, 0.00369695690461, 0.0128374369815, 0.00174993218388, 0.00648122094572, 0.00280690635554, 0.0014874843182, 0.00587421888486, 0.00119459035341, 0.00228758528829, 0.000877858605236, 0.000441607786343, 0.000821138790343, 0.000528552511241, 0.000403804064263, 0.000268943083938, 0.000213539300603, 0.000205089658266, 0.000158389622811, 4.30355248682e-05, 3.37113851856e-05, 2.82817618427e-05, 1.03318216134e-05, 1.52406337293e-05, 7.33251863494e-06, 9.15341479413e-06, 1.15647144412e-05, 5.94578068558e-06, 4.2084816414e-06, 2.05622222893e-06, 3.79087077818e-06, 2.00107956516e-06], "mean": [0.000461673073005, 0.00065452826675, 0.000572663615458, 0.000541749526747, 0.000639445148408, 0.000899313134141, 0.000426825106842, 0.000282097345917, 0.000131256674649, 0.000101736673969, 0.000239151107962, 9.5760471595e-05, 8.60682630446e-05, 5.21574584127e-05, 3.01257132378e-05, 5.36029328941e-05, 3.18994716508e-05, 3.0767350836e-05, 1.61479711096e-05, 1.93166706595e-05, 9.82753590506e-06, 1.65228866535e-05, 1.04170048871e-05, 7.93454000814e-06, 7.77219793235e-06, 3.49042056769e-06, 3.23815902448e-06, 1.79512687737e-06, 1.0331973499e-06, 5.01339911807e-07, 3.25377783383e-07, 4.31009794966e-07, 2.08316976114e-07, 2.34917123976e-07, 2.00493786906e-07, 1.48197415228e-07, 8.09726614648e-08, 5.58890249636e-08, 5.40789066861e-08, 3.66125973983e-08], "median": [1.52392658492e-06, 6.37144603388e-06, 8.79339931998e-05, 0.000113271824375, 9.99612529995e-05, 0.000119234529848, 5.74107070861e-05, 2.52723802987e-05, 2.77018989436e-05, 4.49853469036e-05, 5.69507064938e-05, 3.48705798388e-05, 2.73989371635e-05, 1.71549509105e-05, 1.16911387522e-05, 1.18986636153e-05, 7.90345620771e-06, 8.33515423437e-06, 6.76508307151e-06, 9.20279217098e-06, 5.06991773364e-06, 4.79812888443e-06, 4.76264995086e-06, 3.92803622162e-06, 2.95200311484e-06, 1.6023467424e-06, 8.87509486347e-07, 7.95085895788e-07, 4.28187007628e-07, 1.37977934855e-07, 9.8713471175e-08, 1.25654295857e-07, 4.56892230716e-08, 4.61166926868e-08, 4.80372293055e-08, 1.94244140772e-08, 1.70582907799e-08, 1.32368187522e-08, 1.44617473552e-08, 9.18864717647e-09], "min": [8.14735227368e-24, 1.27180699454e-23, 2.13635878807e-24, 9.12055419523e-24, 1.12025671723e-23, 8.52099150827e-24, 3.56234793656e-24, 4.54151246326e-24, 1.30420519637e-23, 1.74700930966e-23, 1.91676034355e-23, 1.29063497442e-23, 1.60532168693e-23, 7.08581370796e-24, 1.80556834792e-23, 1.12925075706e-23, 1.13041700903e-23, 1.50684297365e-23, 6.97496928444e-24, 5.855558305e-24, 1.54809140598e-23, 6.69104167858e-24, 1.32453011871e-23, 8.97539432234e-24, 1.47488132744e-23, 1.47333421344e-23, 5.57223891089e-24, 4.93018107582e-24, 8.2091192937e-24, 7.23016420956e-24, 8.90680444435e-24, 6.66680471612e-24, 1.09607205625e-23, 1.27934511269e-23, 9.09467797982e-24, 1.10302578624e-23, 8.82231586368e-24, 1.13165662505e-23, 1.16604173085e-23, 8.42927932829e-24], "var": [9.63611114457e-07, 1.6688817368e-06, 1.29947693495e-06, 1.30515104502e-06, 2.10598682315e-06, 4.02698742619e-06, 1.28736166971e-06, 3.89158913094e-07, 9.41678734989e-08, 3.16947819101e-08, 4.55298703628e-07, 2.40408333241e-08, 7.01884985688e-08, 2.91932895635e-08, 6.63907373522e-09, 4.79149804278e-08, 7.51144568767e-09, 1.27053869647e-08, 1.20069076903e-09, 1.06037933989e-09, 4.99764951645e-10, 1.50423173917e-09, 3.23966797833e-10, 1.55374615951e-10, 2.33006725026e-10, 4.60660815049e-11, 7.85685405624e-11, 8.36278008648e-12, 4.23685132117e-12, 1.44287511626e-12, 5.26912660639e-13, 9.27946304866e-13, 3.36127149335e-13, 5.19396971179e-13, 3.40143684703e-13, 2.33116829876e-13, 5.8445131059e-14, 2.43669101959e-14, 2.52552478577e-14, 1.10198351163e-14]}, "mfcc": {"mean": [-747.388122559, 124.450897217, -45.3432350159, 6.7064204216, -8.42993354797, -11.2575521469, -4.05333137512, 3.79244017601, -5.3133392334, -4.85249042511, -4.68625497818, -3.6435945034, -1.44099378586], "cov": [[16953.953125, 6279.87451172, 1121.62036133, 1878.91516113, 697.928405762, -46.9690093994, -328.548065186, -261.043457031, -290.260925293, 266.177093506, -132.41633606, -425.162414551, -147.895721436], [6279.87451172, 3924.92822266, 1071.8347168, 1094.70751953, 374.726318359, -84.9980010986, -256.29309082, -334.609069824, -200.359359741, 124.724197388, -106.385360718, -277.559692383, -79.8808746338], [1121.62036133, 1071.8347168, 1338.82043457, 774.039489746, 414.747528076, 139.006546021, -71.6892852783, -189.938858032, -109.244499207, 99.7018051147, -6.25746154785, -112.748809814, -66.834777832], [1878.91516113, 1094.70751953, 774.039489746, 751.564697266, 391.855438232, 136.566802979, -34.5009460449, -125.225746155, -72.2988891602, 123.095024109, 26.2195472717, -83.4220581055, -41.9641036987], [697.928405762, 374.726318359, 414.747528076, 391.855438232, 380.141082764, 193.052734375, 53.2605514526, -22.5370845795, -11.5374345779, 87.4687423706, 55.8397445679, -3.70041203499, -12.6111516953], [-46.9690093994, -84.9980010986, 139.006546021, 136.566802979, 193.052734375, 237.107849121, 134.017547607, 78.1508255005, 44.2653846741, 54.9631309509, 67.1596908569, 67.8605728149, 43.4349098206], [-328.548065186, -256.29309082, -71.6892852783, -34.5009460449, 53.2605514526, 134.017547607, 212.091751099, 152.625610352, 78.7666473389, 20.1950855255, 40.0323181152, 60.4717292786, 58.8882904053], [-261.043457031, -334.609069824, -189.938858032, -125.225746155, -22.5370845795, 78.1508255005, 152.625610352, 270.13760376, 158.614440918, 25.8990345001, 35.9532737732, 55.6670379639, 56.9042739868], [-290.260925293, -200.359359741, -109.244499207, -72.2988891602, -11.5374345779, 44.2653846741, 78.7666473389, 158.614440918, 204.746231079, 84.9424057007, 33.9680671692, 8.91927909851, 18.3025493622], [266.177093506, 124.724197388, 99.7018051147, 123.095024109, 87.4687423706, 54.9631309509, 20.1950855255, 25.8990345001, 84.9424057007, 188.919692993, 88.9338684082, -20.5140972137, -26.4433822632], [-132.41633606, -106.385360718, -6.25746154785, 26.2195472717, 55.8397445679, 67.1596908569, 40.0323181152, 35.9532737732, 33.9680671692, 88.9338684082, 169.026794434, 103.322792053, 32.3249473572], [-425.162414551, -277.559692383, -112.748809814, -83.4220581055, -3.70041203499, 67.8605728149, 60.4717292786, 55.6670379639, 8.91927909851, -20.5140972137, 103.322792053, 252.354309082, 153.97668457], [-147.895721436, -79.8808746338, -66.834777832, -41.9641036987, -12.6111516953, 43.4349098206, 58.8882904053, 56.9042739868, 18.3025493622, -26.4433822632, 32.3249473572, 153.97668457, 223.648452759]], "icov": [[0.000185597324162, -0.000280369044049, 0.000236140956986, -0.000293780583888, -2.64070095e-05, -3.51830931322e-05, 0.000182388568646, -0.000421795353759, 0.00030552741373, -0.000133464258397, 0.000112891117169, -4.23505189246e-05, 7.47346566641e-05], [-0.000280369044049, 0.000961568905041, -0.000282339693513, -0.000528137374204, 0.000173767402885, 0.000515232793987, -0.000133747147629, 0.000636926328298, -0.000346068234649, 7.44131029933e-05, 1.25701581055e-05, 0.000309769675368, -0.000420502270572], [0.000236140956986, -0.000282339693513, 0.00225562858395, -0.00230283895507, -0.000158838389325, -0.000408472609706, 0.000505123287439, -4.68056496175e-05, 0.000284571258817, 6.59084662402e-06, 0.000420422089519, 8.50691067171e-05, 0.000104727339931], [-0.000293780583888, -0.000528137374204, -0.00230283895507, 0.00766645884141, -0.00387488701381, -9.37450240599e-05, -2.62524372374e-05, 0.000518017914146, 0.000617092417087, -0.00144132180139, -0.000240887893597, 0.000581918982789, -0.000544515845831], [-2.64070095e-05, 0.000173767402885, -0.000158838389325, -0.00387488701381, 0.0097938561812, -0.00591011717916, 0.000200552327442, 0.00059215381043, -1.24083162518e-05, 3.66302665498e-05, -0.000626964669209, 0.000142637596582, 0.000764429802075], [-3.51830931322e-05, 0.000515232793987, -0.000408472609706, -9.37450240599e-05, -0.00591011717916, 0.0136710787192, -0.0058047589846, -0.000209201374673, -0.000322024163324, -0.000602585729212, -0.000168416459928, -0.00197022571228, -4.96612155985e-05], [0.000182388568646, -0.000133747147629, 0.000505123287439, -2.62524372374e-05, 0.000200552327442, -0.0058047589846, 0.0121973082423, -0.00558843370527, 0.00138003390748, -8.41660948936e-05, 7.48975216993e-05, 0.000879471830558, -0.00117143068928], [-0.000421795353759, 0.000636926328298, -4.68056496175e-05, 0.000518017914146, 0.00059215381043, -0.000209201374673, -0.00558843370527, 0.0121452044696, -0.00784515030682, 0.0025966737885, -0.00115430448204, 0.000118037794891, -0.000478300149553], [0.00030552741373, -0.000346068234649, 0.000284571258817, 0.000617092417087, -1.24083162518e-05, -0.000322024163324, 0.00138003390748, -0.00784515030682, 0.013471446, -0.00686738546938, 0.00223073828965, 0.000283290079096, -0.000458062480902], [-0.000133464258397, 7.44131029933e-05, 6.59084662402e-06, -0.00144132180139, 3.66302665498e-05, -0.000602585729212, -8.41660948936e-05, 0.0025966737885, -0.00686738546938, 0.013457082212, -0.00807135738432, 0.00366878742352, -5.57492712687e-05], [0.000112891117169, 1.25701581055e-05, 0.000420422089519, -0.000240887893597, -0.000626964669209, -0.000168416459928, 7.48975216993e-05, -0.00115430448204, 0.00223073828965, -0.00807135738432, 0.0145308328792, -0.00756516633555, 0.00240225996822], [-4.23505189246e-05, 0.000309769675368, 8.50691067171e-05, 0.000581918982789, 0.000142637596582, -0.00197022571228, 0.000879471830558, 0.000118037794891, 0.000283290079096, 0.00366878742352, -0.00756516633555, 0.012095136568, -0.00647686468437], [7.47346566641e-05, -0.000420502270572, 0.000104727339931, -0.000544515845831, 0.000764429802075, -4.96612155985e-05, -0.00117143068928, -0.000478300149553, -0.000458062480902, -5.57492712687e-05, 0.00240225996822, -0.00647686468437, 0.00892540533096]]}, "spectral_contrast_coeffs": {"dmean": [0.0340805314481, 0.0314170606434, 0.0284191798419, 0.0265057981014, 0.019500689581, 0.0115749463439], "dmean2": [0.0572087168694, 0.0490761771798, 0.0428530797362, 0.0434920787811, 0.0328196845949, 0.0194312911481], "dvar": [0.000792672217358, 0.000691846711561, 0.000550451688468, 0.000449448591098, 0.00023450399749, 8.20553905214e-05], "dvar2": [0.00230522197671, 0.00173029152211, 0.00124226603657, 0.00118684291374, 0.000647047359962, 0.000230523422942], "max": [-0.250508904457, -0.339587748051, -0.284288108349, -0.459847271442, -0.552650213242, -0.655793249607], "mean": [-0.646629929543, -0.646437942982, -0.648890852928, -0.684599041939, -0.713816106319, -0.760248064995], "median": [-0.640874922276, -0.637522220612, -0.659612834454, -0.68236553669, -0.705093502998, -0.753421783447], "min": [-0.966968357563, -0.969217181206, -0.962483406067, -0.960317969322, -0.960858285427, -0.959420859814], "var": [0.0226798485965, 0.0137250497937, 0.0138748260215, 0.00840460043401, 0.00455242674798, 0.00180977373384]}, "spectral_contrast_valleys": {"dmean": [0.335290253162, 0.273747861385, 0.235080331564, 0.190944314003, 0.129721269011, 0.0942645817995], "dmean2": [0.569017469883, 0.449077606201, 0.386484384537, 0.322829931974, 0.218140557408, 0.153703540564], "dvar": [0.0842982083559, 0.0603880994022, 0.0476471148431, 0.035409014672, 