{"lowlevel": {"average_loudness": 0.949249923229, "barkbands_crest": {"dmean": 2.50093102455, "dmean2": 4.17197656631, "dvar": 5.57606935501, "dvar2": 14.8991508484, "max": 26.9210853577, "mean": 10.4774494171, "median": 9.23810386658, "min": 2.92845988274, "var": 23.2185401917}, "barkbands_flatness_db": {"dmean": 0.0194171667099, "dmean2": 0.030050739646, "dvar": 0.00050637498498, "dvar2": 0.000979275209829, "max": 1, "mean": 0.141228452325, "median": 0.115008622408, "min": 0.0213967449963, "var": 0.0156404245645}, "barkbands_kurtosis": {"dmean": 51.4366722107, "dmean2": 86.3629302979, "dvar": 390202.6875, "dvar2": 766507.5625, "max": 38507.015625, "mean": 449.652740479, "median": 3.52566003799, "min": -1.92582118511, "var": 9730189}, "barkbands_skewness": {"dmean": 0.588452875614, "dmean2": 0.941611349583, "dvar": 6.21324729919, "dvar2": 11.3352746964, "max": 172.162963867, "mean": 3.78821325302, "median": 1.8244202137, "min": -1.8492770195, "var": 158.340713501}, "barkbands_spread": {"dmean": 5.47686815262, "dmean2": 8.50488185883, "dvar": 62.9163818359, "dvar2": 136.784255981, "max": 122.270561218, "mean": 21.6032142639, "median": 18.8409194946, "min": 0.00338372727856, "var": 220.488510132}, "dissonance": {"dmean": 0.0161608718336, "dmean2": 0.0269198585302, "dvar": 0.000226862670388, "dvar2": 0.000610691902693, "max": 0.500000059605, "mean": 0.464820683002, "median": 0.470398664474, "min": 0.277988612652, "var": 0.000605822948273}, "dynamic_complexity": 3.45862221718, "erbbands_crest": {"dmean": 2.31004786491, "dmean2": 3.64883923531, "dvar": 6.02985811234, "dvar2": 13.933681488, "max": 35.5404853821, "mean": 8.93079566956, "median": 7.39989948273, "min": 2.16926383972, "var": 29.521938324}, "erbbands_flatness_db": {"dmean": 0.0141233643517, "dmean2": 0.0210909787565, "dvar": 0.000240766312345, "dvar2": 0.000512184982654, "max": 0.308313518763, "mean": 0.132244408131, "median": 0.126057073474, "min": 0.0468106269836, "var": 0.00135961931664}, "erbbands_kurtosis": {"dmean": 0.784783482552, "dmean2": 1.2364333868, "dvar": 3.80351448059, "dvar2": 8.80494117737, "max": 112.041503906, "mean": 1.20383989811, "median": -0.552876234055, "min": -1.7323063612, "var": 114.031768799}, "erbbands_skewness": {"dmean": 0.325074195862, "dmean2": 0.49303779006, "dvar": 0.115948058665, "dvar2": 0.246497839689, "max": 10.2431259155, "mean": 0.575254797935, "median": 0.436594724655, "min": -3.80801868439, "var": 1.48469483852}, "erbbands_spread": {"dmean": 7.2450838089, "dmean2": 11.0824651718, "dvar": 66.9082489014, "dvar2": 154.063430786, "max": 140.118606567, "mean": 45.2984619141, "median": 45.2186050415, "min": 6.55524396896, "var": 280.670928955}, "hfc": {"dmean": 6.9009718895, "dmean2": 9.87318134308, "dvar": 260.979644775, "dvar2": 526.630859375, "max": 349.683166504, "mean": 22.0971469879, "median": 16.2164497375, "min": 1.22515996926e-16, "var": 713.757141113}, "melbands_crest": {"dmean": 2.9250600338, "dmean2": 4.90555524826, "dvar": 7.56964540482, "dvar2": 20.0423221588, "max": 40, "mean": 14.0361146927, "median": 12.7259531021, "min": 3.12508559227, "var": 40.7282981873}, "melbands_flatness_db": {"dmean": 0.023275192827, "dmean2": 0.0351340509951, "dvar": 0.000626723980531, "dvar2": 0.00123759219423, "max": 1, "mean": 0.215449556708, "median": 0.194302931428, "min": 0.00492931809276, "var": 0.0137317823246}, "melbands_kurtosis": {"dmean": 3927.57446289, "dmean2": 7002.70654297, "dvar": 2870833664, "dvar2": 7229133824, "max": 3220920.5, "mean": 30235.8378906, "median": 11.892873764, "min": -1.80112493038, "var": 80884072448}, "melbands_skewness": {"dmean": 2.46815872192, "dmean2": 4.18214559555, "dvar": 707.777770996, "dvar2": 1610.91699219, "max": 1741.79394531, "mean": 22.3137664795, "median": 2.85734319687, "min": -0.584948837757, "var": 27615.3710938}, "melbands_spread": {"dmean": 5.41549968719, "dmean2": 8.37749576569, "dvar": 88.4309082031, "dvar2": 180.099609375, "max": 239.870269775, "mean": 19.3204498291, "median": 15.9691314697, "min": 0.000290169904474, "var": 277.35635376}, "pitch_salience": {"dmean": 0.0685846805573, "dmean2": 0.11370574683, "dvar": 0.00409147283062, "dvar2": 0.0107005136088, "max": 0.838410556316, "mean": 0.545897722244, "median": 0.567905545235, "min": 8.17084946902e-05, "var": 0.0208344366401}, "silence_rate_20dB": {"dmean": 0, "dmean2": 0, "dvar": 0, "dvar2": 0, "max": 1, "mean": 1, "median": 1, "min": 1, "var": 0}, "silence_rate_30dB": {"dmean": 0, "dmean2": 0, "dvar": 0, "dvar2": 0, "max": 1, "mean": 1, "median": 1, "min": 1, "var": 0}, "silence_rate_60dB": {"dmean": 0.00159214541782, "dmean2": 0.00318471342325, "dvar": 0.00158992642537, "dvar2": 0.00317398575135, "max": 1, "mean": 0.0551870539784, "median": 0, "min": 0, "var": 0.0521399974823}, "spectral_centroid": {"dmean": 223.151992798, "dmean2": 343.632202148, "dvar": 79049.9375, "dvar2": 154339.453125, "max": 10964.78125, "mean": 1257.71166992, "median": 1132.4498291, "min": 271.727966309, "var": 405377.71875}, "spectral_complexity": {"dmean": 3.29972147942, "dmean2": 4.80812120438, "dvar": 12.5917224884, "dvar2": 22.1389007568, "max": 50, "mean": 19.9011669159, "median": 19, "min": 0, "var": 95.2354125977}, "spectral_decrease": {"dmean": 2.47632292449e-09, "dmean2": 3.87454868189e-09, "dvar": 7.56301573815e-18, "dvar2": 1.72367085407e-17, "max": 8.63206115139e-32, "mean": -7.84345832727e-09, "median": -7.01278457527e-09, "min": -2.75612954681e-08, "var": 2.04984289341e-17}, "spectral_energy": {"dmean": 0.00969850551337, "dmean2": 0.0150935919955, "dvar": 0.000115369177365, "dvar2": 0.000261345558101, "max": 0.107545211911, "mean": 0.031607478857, "median": 0.0284429769963, "min": 1.11122239878e-20, "var": 0.000329250004143}, "spectral_energyband_high": {"dmean": 0.000493263127282, "dmean2": 0.000716490729246, "dvar": 3.35752224601e-06, "dvar2": 6.85827626512e-06, "max": 0.0398164428771, "mean": 0.00106761814095, "median": 0.000507725751959, "min": 7.77996081746e-21, "var": 7.22309778212e-06}, "spectral_energyband_low": {"dmean": 0.00522484444082, "dmean2": 0.0086776772514, "dvar": 4.54145374533e-05, "dvar2": 0.000112355584861, "max": 0.0695209130645, "mean": 0.0108399502933, "median": 0.00898786447942, "min": 7.76127806687e-23, "var": 7.1553986345e-05}, "spectral_energyband_middle_high": {"dmean": 0.00127017241903, "dmean2": 0.00183402537368, "dvar": 4.09325821238e-06, "dvar2": 9.04754142539e-06, "max": 0.0420765131712, "mean": 0.00409060902894, "median": 0.00284827058204, "min": 1.63848626398e-21, "var": 1.76027006091e-05}, "spectral_energyband_middle_low": {"dmean": 0.00622715055943, "dmean2": 0.00950595457107, "dvar": 6.71802990837e-05, "dvar2": 0.000147809172631, "max": 0.0933977514505, "mean": 0.016298789531, "median": 0.0124914878979, "min": 4.45715852537e-22, "var": 0.000170914412593}, "spectral_entropy": {"dmean": 0.144530266523, "dmean2": 0.211767464876, "dvar": 0.0269692670554, "dvar2": 0.0519434437156, "max": 9.81272315979, "mean": 7.6244096756, "median": 7.64518880844, "min": 6.16132497787, "var": 0.167885154486}, "spectral_flux": {"dmean": 0.0237377882004, "dmean2": 0.0375723689795, "dvar": 0.000606386049185, "dvar2": 0.00142524274997, "max": 0.272625029087, "mean": 0.0875022038817, "median": 0.0839973390102, "min": 1.05414531271e-10, "var": 0.00215774285607}, "spectral_kurtosis": {"dmean": 1.13457691669, "dmean2": 1.83206534386, "dvar": 2.33106517792, "dvar2": 6.08053731918, "max": 38.1125259399, "mean": 4.06786346436, "median": 3.43066358566, "min": -1.30331587791, "var": 6.695728302}, "spectral_rms": {"dmean": 0.000802793249022, "dmean2": 0.00124171003699, "dvar": 6.64724666422e-07, "dvar2": 1.4706837419e-06, "max": 0.0102431522682, "mean": 0.00523907132447, "median": 0.00526775512844, "min": 3.29259688091e-12, "var": 3.38827044288e-06}, "spectral_rolloff": {"dmean": 420.277832031, "dmean2": 709.086608887, "dvar": 885669.1875, "dvar2": 1926377, "max": 19143.0175781, "mean": 1076.55749512, "median": 602.9296875, "min": 21.533203125, "var": 1991523.125}, "spectral_skewness": {"dmean": 0.171456098557, "dmean2": 0.256983309984, "dvar": 0.0336746498942, "dvar2": 0.0745571032166, "max": 4.26562976837, "mean": 1.55519104004, "median": 1.49990689754, "min": -0.305013239384, "var": 0.192742735147}, "spectral_spread": {"dmean": 530127.5, "dmean2": 807781.125, "dvar": 722476728320, "dvar2": 1371790770180.0, "max": 40934136, "mean": 5137515, "median": 4978221.5, "min": 1550871.75, "var": 2565890637820.0}, "spectral_strongpeak": {"dmean": 0.456870734692, "dmean2": 0.768570065498, "dvar": 0.566587984562, "dvar2": 1.36886775494, "max": 18.5913772583, "mean": 0.761698305607, "median": 0.306182324886, "min": 0, "var": 1.13590824604}, "zerocrossingrate": {"dmean": 0.00945083703846, "dmean2": 0.011269020848, "dvar": 0.000188024525414, "dvar2": 0.000195627522771, "max": 0.48388671875, "mean": 0.0537116490304, "median": 0.048828125, "min": 0, "var": 0.00128745334223}, "barkbands": {"dmean": [0.00131668394897, 0.00391718745232, 0.0014816201292, 0.00171541923191, 0.0020331540145, 0.00245039328001, 0.00146062811837, 0.000845020927954, 0.000925929169171, 0.0004101106897, 0.000291584728984, 0.000216948683374, 0.000255860999459, 0.000231840967899, 0.000230283418205, 0.000188594131032, 0.000158690178068, 0.000176709712832, 0.00013673119247, 9.89347608993e-05, 6.44365645712e-05, 6.78462020005e-05, 9.62639969657e-05, 0.000158607756021, 0.00012664537644, 3.07178524963e-05, 6.93343599778e-06], "dmean2": [0.00242437352426, 0.00666141649708, 0.00256173568778, 0.00283462996595, 0.00332525395788, 0.0039630709216, 0.00232277042232, 0.00131711398717, 0.00140204315539, 0.00061397603713, 0.000451504107332, 0.000337172939908, 0.000394877162762, 0.000370459310943, 0.000362590450095, 0.000297525664791, 0.000252948550042, 0.000279758969555, 0.0002191997919, 0.000152635198901, 0.000100175151601, 0.000104431041109, 0.000149885207065, 0.000243614180363, 0.000187658326467, 4.93626976095e-05, 1.23821355373e-05], "dvar": [1.00596271295e-05, 2.48151682172e-05, 6.13420434092e-06, 9.77754916676e-06, 1.04431655927e-05, 1.64351986314e-05, 1.09788570626e-05, 7.55837936595e-06, 9.71563713392e-06, 1.6023424223e-06, 9.6939299965e-07, 4.25870382514e-07, 3.38329698479e-07, 2.87901173124e-07, 2.09623479464e-07, 1.22048447793e-07, 7.33410345788e-08, 1.21174863921e-07, 4.90136962128e-08, 3.6345962684e-08, 1.64808291458e-08, 7.23351547549e-08, 1.9370378368e-07, 6.61882097575e-07, 4.14116783531e-07, 1.91235542957e-08, 1.5431431688e-09], "dvar2": [3.41690720234e-05, 6.68921129545e-05, 1.5931776943e-05, 2.29990746448e-05, 2.49665117735e-05, 3.87692016375e-05, 2.51993296843e-05, 1.75595232577e-05, 2.11750866583e-05, 3.50580830855e-06, 2.44390457738e-06, 9.23947823139e-07, 7.79927972872e-07, 7.36551669434e-07, 5.13762245191e-07, 2.86412955575e-07, 1.79845741854e-07, 3.08236849378e-07, 1.22506577327e-07, 8.32270572459e-08, 4.12800211791e-08, 1.56352641056e-07, 4.6469682502e-07, 1.37033805458e-06, 8.13260953691e-07, 4.31168629689e-08, 4.44526149224e-09], "max": [0.0430463925004, 0.0503364577889, 0.0317131280899, 0.032039295882, 0.051855172962, 0.0793905034661, 0.0838112533092, 0.060259193182, 0.0703444927931, 0.0350344143808, 0.0381638668478, 0.0293411500752, 0.0182392913848, 0.0213248487562, 0.00956624560058, 0.00594022357836, 0.00761376554146, 0.0115686133504, 0.00452477764338, 0.00408363109455, 0.00373589876108, 0.0124563993886, 0.0144385462627, 0.0223558731377, 0.0188264884055, 0.00625241175294, 0.000651272421237], "mean": [0.00127643242013, 0.0069382218644, 0.00208641495556, 0.00227180309594, 0.00366429053247, 0.0045860898681, 0.00276988511905, 0.00119995709974, 0.00149079598486, 0.000729740888346, 0.000499638845213, 0.000370781723177, 0.000445839570602, 0.000398756732466, 0.000383766717277, 0.000332629366312, 0.000297479971778, 0.000357264885679, 0.000318761565723, 0.000225843265071, 0.000158951705089, 0.000137299401104, 0.000170736704604, 0.000241997113335, 0.000201492628548, 4.57147289126e-05, 6.70526605973e-06], "median": [0.000324764900142, 0.0055608889088, 0.0012572723208, 0.00115622906014, 0.00231279991567, 0.00276474142447, 0.00121444743127, 0.000389183231164, 0.000293296878226, 0.00026791341952, 0.000123895501019, 0.000147212529555, 0.000217898515984, 0.000207477685763, 0.000212733837543, 0.00020516270888, 0.000201154616661, 0.000199533635168, 0.000212579267099, 0.000112336914754, 8.3235790953e-05, 6.18033081992e-05, 7.65172881074e-05, 6.66990381433e-05, 4.99517700518e-05, 1.28182282424e-05, 1.79063385986e-06], "min": [1.48615588527e-23, 3.5200709085e-23, 2.06233578837e-23, 3.75359961108e-23, 3.1459337449e-23, 3.09367770527e-23, 8.0277969325e-23, 1.53256450922e-22, 1.09699704299e-22, 6.5276731605e-23, 4.68718020481e-23, 9.77094224368e-23, 8.71553722927e-23, 1.55362444482e-22, 1.75745247121e-22, 1.363552638e-22, 2.16069304863e-22, 2.39377102764e-22, 2.96319228605e-22, 2.97052099318e-22, 3.46915631106e-22, 4.48724984548e-22, 7.38101883777e-22, 1.08387478991e-21, 1.26491950362e-21, 1.46171629285e-21, 2.52609912497e-21], "var": [9.59725184657e-06, 3.70877423848e-05, 7.06208129486e-06, 1.14538761409e-05, 1.95099491975e-05, 3.76392817998e-05, 2.14845986193e-05, 1.17780009532e-05, 2.11290425796e-05, 3.43375131706e-06, 2.18470518121e-06, 9.22057324715e-07, 7.16923409527e-07, 5.81619701734e-07, 3.26408837736e-07, 2.00942523065e-07, 1.4355418898e-07, 2.39618543674e-07, 1.3613330907e-07, 1.0945156248e-07, 3.84394809316e-08, 1.0840202691e-07, 2.39908388266e-07, 1.16220132895e-06, 9.07697881303e-07, 4.56140405447e-08, 9.57111834232e-10]}, "erbbands": {"dmean": [0.117539055645, 0.911975085735, 1.58736824989, 3.9257414341, 6.32295513153, 6.26922798157, 14.3406620026, 21.3151092529, 22.3204250336, 18.3079032898, 18.215593338, 21.8975105286, 16.1455535889, 10.4895429611, 10.1786231995, 9.56318092346, 11.9947500229, 9.91659641266, 11.9234666824, 11.5391769409, 9.50828075409, 7.92317438126, 9.74938392639, 6.34071111679, 7.32657575607, 4.6270160675, 3.18594050407, 2.30577468872, 2.24913239479, 2.69613742828, 2.83573746681, 3.01271653175, 2.97431516647, 1.83807682991, 0.660241901875, 0.195706352592, 0.0434743128717, 0.00959079898894, 0.00116101210006, 6.21695289738e-05], "dmean2": [0.20185276866, 1.54731023312, 2.71282982826, 6.4784154892, 10.4168100357, 10.1839342117, 23.6337184906, 34.2976570129, 36.346786499, 28.3306503296, 27.5238819122, 32.9612350464, 23.9780807495, 15.7060422897, 15.8151445389, 14.8717947006, 18.2896080017, 15.7150039673, 19.0007247925, 17.885974884, 14.8474340439, 12.4677629471, 15.4535913467, 9.87264251709, 11.808719635, 7.11913251877, 4.97222995758, 3.66703033447, 3.43510222435, 4.09906959534, 4.37737035751, 4.72879695892, 4.53903150558, 2.73200440407, 1.01711118221, 0.302198708057, 0.0726330578327, 0.0169968549162, 0.00205143354833, 0.000107078638393], "dvar": [0.022697661072, 1.47022664547, 6.72372913361, 49.1540222168, 106.998580933, 122.354698181, 583.048400879, 1545.01696777, 2309.0871582, 3401.77172852, 3699.2121582, 6335.86767578, 3038.42504883, 594.668823242, 1156.07116699, 910.799804688, 710.612976074, 618.265319824, 518.284057617, 539.161560059, 320.008636475, 166.568115234, 414.442840576, 128.821350098, 157.513473511, 85.9168548584, 27.2694911957, 37.7209854126, 67.866027832, 164.503540039, 178.552047729, 210.25894165, 252.224655151, 93.0659408569, 10.6269054413, 0.816565155983, 0.0472604818642, 0.00252395798452, 4.15742251789e-05, 9.62125454862e-08], "dvar2": [0.0637518316507, 3.92609858513, 16.9892807007, 113.682556152, 262.920379639, 267.103149414, 1554.67004395, 3526.67675781, 5699.64746094, 7408.81787109, 8235.69238281, 13584.4072266, 6397.65136719, 1350.40795898, 2939.72729492, 1899.98950195, 1578.39550781, 1532.91589355, 1313.23339844, 1213.08679199, 749.72467041, 393.475830078, 1060.4798584, 296.039886475, 403.361297607, 191.918258667, 66.0400085449, 98.4541931152, 148.908416748, 367.806091309, 435.869659424, 462.983001709, 526.245727539, 183.394760132, 21.2389411926, 1.57261419296, 0.127954334021, 0.00722802663222, 0.000119318909128, 2.74585914894e-07], "max": [2.00937652588, 12.4999656677, 39.6510314941, 70.5225524902, 107.175254822, 275.69631958, 574.320983887, 857.599060059, 917.351379395, 1594.08251953, 1558.63891602, 2052.81030273, 1397.56872559, 695.475097656, 1250.87207031, 1475.68408203, 963.367370605, 940.235961914, 476.361877441, 564.607543945, 336.901306152, 313.781982422, 824.575378418, 395.979980469, 264.623352051, 208.507598877, 123.359916687, 245.135620117, 342.351074219, 509.515228271, 472.15725708, 442.186157227, 521.814331055, 297.782745361, 108.432731628, 46.2720146179, 8.91318321228, 1.0466542244, 0.121090710163, 0.00618473254144], "mean": [0.209690928459, 1.52074694633, 2.47390818596, 5.63079690933, 8.62936115265, 11.7722644806, 27.0135974884, 38.5756492615, 41.7244148254, 31.7101020813, 29.8387393951, 35.9613609314, 27.5375366211, 21.1549301147, 18.4797363281, 17.5544815063, 21.6910858154, 18.2883605957, 21.3517951965, 20.1813182831, 18.0131969452, 16.1652030945, 20.6126174927, 15.1418991089, 17.0823097229, 10.7541017532, 7.98015928268, 5.29590177536, 4.7774939537, 4.76178693771, 4.97954463959, 4.63315725327, 4.32655239105, 2.80187559128, 1.10128283501, 0.317863792181, 0.0594049692154, 0.010097223334, 0.00117644469719, 9.32303519221e-05], "median": [0.162585929036, 1.15120863914, 1.6351044178, 3.24098491669, 4.64146137238, 6.79164218903, 17.9335289001, 21.7832736969, 21.0256195068, 11.7060241699, 9.73694229126, 7.76981639862, 7.51005935669, 7.94302368164, 6.6971282959, 7.69119739532, 11.1430301666, 9.21987724304, 13.4159049988, 11.5716943741, 11.6593379974, 10.5620956421, 11.8406219482, 10.0745534897, 10.2488479614, 5.85252904892, 4.28518486023, 2.85895967484, 2.11797332764, 2.03868865967, 2.2003364563, 1.5932456255, 0.968284845352, 0.639219999313, 0.286261200905, 0.0828904807568, 0.0190178994089, 0.00291308760643, 0.000344063795637, 5.3877785831e-05], "min": [1.34850160107e-21, 6.61865174401e-21, 2.24805508481e-20, 7.1759772833e-20, 1.39249031883e-19, 1.00363587942e-19, 1.14374870758e-19, 2.81527225019e-19, 8.56760694656e-19, 2.97260257138e-18, 2.02208333244e-18, 2.47326382768e-18, 1.62304954379e-18, 3.07427692394e-18, 2.43722253441e-18, 3.62593628896e-18, 4.23222286842e-18, 6.63248842063e-18, 1.05514629542e-17, 7.04521390958e-18, 9.02256765719e-18, 1.39107327573e-17, 1.25515046116e-17, 1.33396025946e-17, 1.32615696843e-17, 1.5385987873e-17, 1.24042002881e-17, 1.70340906496e-17, 1.3270883738e-17, 1.70380875864e-17, 2.2683393435e-17, 2.13757300744e-17, 1.85910182704e-17, 1.22226399339e-17, 9.23529700405e-18, 6.17178604257e-18, 2.79442187038e-18, 1.18608590514e-18, 3.59652805363e-19, 3.76945720464e-20], "var": [0.0365114994347, 2.02891945839, 7.88694238663, 59.7862167358, 128.326705933, 348.083770752, 1036.10925293, 3359.44702148, 3850.65820312, 6650.26708984, 7154.60644531, 14095.4306641, 5966.39404297, 1873.29199219, 2162.40649414, 1967.23291016, 1540.74023438, 1380.22387695, 767.156616211, 961.342407227, 519.572570801, 373.025482178, 780.627502441, 328.274719238, 470.938232422, 242.325057983, 93.1072998047, 56.6007156372, 107.646903992, 208.570007324, 214.987136841, 319.369903564, 463.441802979, 183.190994263, 27.731502533, 2.56024098396, 0.0659751221538, 0.00177010276821, 2.70105465461e-05, 6.44804458716e-08]}, "gfcc": {"mean": [-4.61810302734, 90.2430343628, -98.4147796631, 37.5667915344, -53.2494049072, 10.2239704132, -42.1980552673, 11.5302667618, -18.8580341339, 6.74423742294, -5.45451545715, 2.91400384903, -6.35134840012], "cov": [[29935.1914062, -68.8926010132, -2051.05541992, 244.42086792, -1764.88269043, 314.517822266, -1588.64538574, -77.7923965454, -1102.6270752, -252.702270508, -831.44744873, -161.348556519, -552.935791016], [-68.8926010132, 925.73828125, -191.214538574, -82.1315078735, 142.046707153, -53.9997215271, 70.2150192261, -43.7297363281, 43.3024635315, -50.3479576111, 76.16431427, -69.1648788452, 2.98599767685], [-2051.05541992, -191.214538574, 706.1328125, 7.87817811966, 164.215820312, 89.8547515869, 55.5133857727, 12.6246423721, 69.8227844238, 36.0215454102, 14.6297607422, 26.4258022308, 8.95492362976], [244.42086792, -82.1315078735, 7.87817811966, 308.742004395, -1.84522652626, -18.1483345032, -17.9370803833, -46.1908340454, 18.3131046295, 7.42453813553, -11.0742483139, 12.2576847076, 13.3254270554], [-1764.88269043, 142.046707153, 164.215820312, -1.84522652626, 263.418151855, 23.6724300385, 135.900588989, -3.3066174984, 74.080078125, 7.4893078804, 48.9014587402, 5.75178861618, 37.1428337097], [314.517822266, -53.9997215271, 89.8547515869, -18.1483345032, 23.6724300385, 138.24772644, 25.8723506927, 21.9049854279, -25.3918361664, -17.0534515381, -24.2336330414, -0.864445030689, -6.34919595718], [-1588.64538574, 70.2150192261, 55.5133857727, -17.9370803833, 135.900588989, 25.8723506927, 217.657974243, 27.5200061798, 57.7202301025, 5.10000038147, 39.3470954895, 3.87654423714, 25.1405277252], [-77.7923965454, -43.7297363281, 12.6246423721, -46.1908340454, -3.3066174984, 21.9049854279, 27.5200061798, 98.6757354736, 16.5678710938, -2.75414800644, 4.67985582352, -16.7475643158, -1.77586042881], [-1102.6270752, 43.3024635315, 69.8227844238, 18.3131046295, 74.080078125, -25.3918361664, 57.7202301025, 16.5678710938, 105.137863159, 31.5893669128, 46.8879241943, 0.475006043911, 20.4779262543], [-252.702270508, -50.3479576111, 36.0215454102, 7.42453813553, 7.4893078804, -17.0534515381, 5.10000038147, -2.75414800644, 31.5893669128, 68.9609527588, 27.5482578278, 19.1956920624, -1.65959501266], [-831.44744873, 76.16431427, 14.6297607422, -11.0742483139, 48.9014587402, -24.2336330414, 39.3470954895, 4.67985582352, 46.8879241943, 27.5482578278, 101.741523743, 16.0006389618, 20.7906856537], [-161.348556519, -69.1648788452, 26.4258022308, 12.2576847076, 5.75178861618, -0.864445030689, 3.87654423714, -16.7475643158, 0.475006043911, 19.1956920624, 16.0006389618, 67.9194412231, 22.4846172333], [-552.935791016, 2.98599767685, 8.95492362976, 13.3254270554, 37.1428337097, -6.34919595718, 25.1405277252, -1.77586042881, 20.4779262543, -1.65959501266, 20.7906856537, 22.4846172333, 66.3960189819]], "icov": [[0.000188571502804, -0.000278162769973, 0.000359752884833, -0.000313248368911, 0.000388914573705, -0.000740487885196, 0.000868479546625, -0.000457456801087, 0.000767793215346, -0.000486974429805, 0.00069254101254, -0.000360996229574, 0.000624213600531], [-0.000278162769973, 0.00229389220476, 0.000132228946313, 0.00103035615757, -0.00175569509156, 0.00128141988534, -0.00116390408948, 0.00210504466668, -0.00180239824113, 0.00232162489556, -0.00246234354563, 0.00226540328003, -0.000424775760621], [0.000359752884833, 0.000132228946313, 0.00292978365906, -0.000400959484978, -0.000925647444092, -0.00274489517324, 0.00235908129252, -0.000513983075507, -2.7174317438e-05, -0.0010587166762, 0.00133632647339, -0.00094271323178, 0.00190639740322], [-0.000313248368911, 0.00103035615757, -0.000400959484978, 0.00438886182383, -0.000686649349518, 0.00123448472004, -0.00120148085989, 0.00305430591106, -0.00306386873126, 0.00129188434221, -0.000602390500717, 0.000884790380951, -0.0015767236473], [0.000388914573705, -0.00175569509156, -0.000925647444092, -0.000686649349518, 0.00931414589286, -0.00250819022767, -0.00184745283332, 0.000644823128823, -0.000763095158618, -0.000668489316013, 0.00100560369901, -0.000636576849502, -0.00103377038613], [-0.000740487885196, 0.00128141988534, -0.00274489517324, 0.00123448472004, -0.00250819022767, 0.0130494413897, -0.00482394360006, -0.000612497562543, 0.00096780207241, 0.00316719524562, -0.00136286532506, 0.000886869791429, -0.00173358421307], [0.000868479546625, -0.00116390408948, 0.00235908129252, -0.00120148085989, -0.00184745283332, -0.00482394360006, 0.0117521872744, -0.00370722869411, 0.00135797925759, -0.0016729318304, 0.00249143689871, -0.00236001331359, 0.00278941099532], [-0.000457456801087, 0.00210504466668, -0.000513983075507, 0.00305430591106, 0.000644823128823, -0.000612497562543, -0.00370722869411, 0.0154896527529, -0.00601766211912, 0.00296044256538, -0.00310279638506, 0.0052478723228, -0.00192484713625], [0.000767793215346, -0.00180239824113, -2.7174317438e-05, -0.00306386873126, -0.000763095158618, 0.00096780207241, 0.00135797925759, -0.00601766211912, 0.0229594875127, -0.00897611677647, -0.00063662067987, 0.00185787817463, -0.000797380052973], [-0.000486974429805, 0.00232162489556, -0.0010587166762, 0.00129188434221, -0.000668489316013, 0.00316719524562, -0.0016729318304, 0.00296044256538, -0.00897611677647, 0.023789068684, -0.0062766354531, -0.00414656009525, 0.00384577526711], [0.00069254101254, -0.00246234354563, 0.00133632647339, -0.000602390500717, 0.00100560369901, -0.00136286532506, 0.00249143689871, -0.00310279638506, -0.00063662067987, -0.0062766354531, 0.0181794390082, -0.00481295911595, 7.63292846386e-05], [-0.000360996229574, 0.00226540328003, -0.00094271323178, 0.000884790380951, -0.000636576849502, 0.000886869791429, -0.00236001331359, 0.0052478723228, 0.00185787817463, -0.00414656009525, -0.00481295911595, 0.0230309125036, -0.00865258928388], [0.000624213600531, -0.000424775760621, 0.00190639740322, -0.0015767236473, -0.00103377038613, -0.00173358421307, 0.00278941099532, -0.00192484713625, -0.000797380052973, 0.00384577526711, 7.63292846386e-05, -0.00865258928388, 0.0228910781443]]}, "melbands": {"dmean": [0.00108565133996, 0.000908106740098, 0.000716758077033, 0.000439312658273, 0.000447869882919, 0.000479755428387, 0.000328894617269, 0.000192335690372, 0.000151835818542, 0.000135736438097, 8.01791029517e-05, 4.36253212683e-05, 4.02641162509e-05, 2.57610263361e-05, 2.69042047876e-05, 2.20201982302e-05, 2.00997346838e-05, 2.11040533031e-05, 1.59057508426e-05, 1.48618964886e-05, 1.10899482024e-05, 7.95055711933e-06, 1.08990288936e-05, 9.21076207305e-06, 5.24518100065e-06, 6.21108665655e-06, 4.38513052359e-06, 3.06230117531e-06, 2.51498158832e-06, 1.48867297867e-06, 1.46983302329e-06, 1.35534276069e-06, 1.47754929003e-06, 1.60388287895e-06, 1.63053096003e-06, 2.03238482754e-06, 1.86954628134e-06, 2.16978219214e-06, 2.03413605959e-06, 1.49001027694e-06], "dmean2": [0.00185226264875, 0.00152065511793, 0.00117643235717, 0.000713438203093, 0.000734971894417, 0.000771762395743, 0.000530307064764, 0.000299702980556, 0.000229728757404, 0.000205661621294, 0.000118622017908, 6.58190692775e-05, 6.26533073955e-05, 3.98638439947e-05, 4.14780079154e-05, 3.40583646903e-05, 3.21909938066e-05, 3.36743905791e-05, 2.47727093665e-05, 2.31653939409e-05, 1.76028697751e-05, 1.26557697513e-05, 1.76065113919e-05, 1.4649474906e-05, 8.22329457151e-06, 1.02347657958e-05, 6.93062293067e-06, 4.79683467347e-06, 4.00341878048e-06, 2.37425479099e-06, 2.37189146901e-06, 2.09940162677e-06, 2.36593132286e-06, 2.49743061431e-06, 2.53994471677e-06, 3.20950152854e-06, 2.98197187476e-06, 3.38693075719e-06, 3.11881422022e-06, 2.26181327889e-06], "dvar": [1.80201084277e-06, 1.68873009443e-06, 1.42917406265e-06, 5.46901162579e-07, 5.01365889249e-07, 7.09138362254e-07, 4.79347136206e-07, 3.70339989786e-07, 2.5144220217e-07, 2.37743535081e-07, 7.76944872882e-08, 1.02825694626e-08, 2.01612007089e-08, 5.87723070211e-09, 4.48512915696e-09, 2.62771138182e-09, 2.67915289953e-09, 1.79885473184e-09, 1.34381061834e-09, 7.85565223982e-10, 4.59442150991e-10, 1.89002952178e-10, 4.1556430519e-10, 3.75695391464e-10, 9.79204703433e-11, 1.16433168662e-10, 7.31326110781e-11, 3.76356827647e-11, 1.73789472396e-11, 9.10046604047e-12, 1.70758043122e-11, 1.80497717467e-11, 4.82026397963e-11, 5.57804635815e-11, 5.75479108811e-11, 8.76730216204e-11, 9.28162754987e-11, 1.5609460946e-10, 1.20452259278e-10, 6.95688298635e-11], "dvar2": [4.95540461998e-06, 4.26969472755e-06, 3.3400913253e-06, 1.27984958453e-06, 1.32368143113e-06, 1.6332804762e-06, 1.16401599826e-06, 8.33900003272e-07, 5.5237376273e-07, 5.20791445524e-07, 1.63935666819e-07, 2.34585399994e-08, 5.12445943457e-08, 1.29082806666e-08, 1.03139052854e-08, 5.80313308518e-09, 6.71589717172e-09, 4.55924764609e-09, 3.24986193512e-09, 1.81952153344e-09, 1.09574971319e-09, 4.4716363945e-10, 1.10717668367e-09, 9.23064180647e-10, 2.2872014005e-10, 3.03340491614e-10, 1.66024680115e-10, 8.66416174916e-11, 4.20658820277e-11, 2.36734156583e-11, 4.53568953229e-11, 4.0300204146e-11, 1.07528659588e-10, 1.26154281466e-10, 1.42311024076e-10, 2.06888728371e-10, 2.06384465073e-10, 3.42812916942e-10, 2.38042557887e-10, 1.45315037781e-10], "max": [0.0159323047847, 0.0172717384994, 0.0116813350469, 0.00976669974625, 0.0150976954028, 0.0174845997244, 0.0133963767439, 0.0169146675617, 0.0107827177271, 0.0113631952554, 0.00716498307884, 0.00270344596356, 0.00579754449427, 0.00249316240661, 0.00244916486554, 0.00159336009528, 0.00215854495764, 0.00105368974619, 0.00100976950489, 0.000603116233833, 0.000340446713381, 0.000435765134171, 0.000504482770339, 0.000599884486292, 0.000348853587639, 0.000232390069868, 0.000183413198101, 0.000144040692248, 8.05929812486e-05, 6.98700678186e-05, 0.000175675144419, 0.000165773133631, 0.000294744037092, 0.000279040948953, 0.000271026801784, 0.000233648868743, 0.000367930741049, 0.000339536258252, 0.000456511828816, 0.000256288418313], "mean": [0.00200755312108, 0.00157402467448, 0.00106435013004, 0.000697811192367, 0.000888354203198, 0.000870893883985, 0.000629031157587, 0.000313781842124, 0.000247673713602, 0.00021682534134, 0.000132180517539, 8.34755264805e-05, 6.94476548233e-05, 4.4842443458e-05, 4.63607684651e-05, 3.96315917897e-05, 3.45872394973e-05, 3.57632234227e-05, 2.60848064499e-05, 2.58533709712e-05, 1.95703159989e-05, 1.47386854223e-05, 2.09234258364e-05, 1.72220061359e-05, 1.10944474727e-05, 1.34682295538e-05, 9.48903652898e-06, 6.45147383693e-06, 5.8126456679e-06, 3.20616277349e-06, 3.02237162941e-06, 2.76551782008e-06, 2.5343103971e-06, 2.63998208538e-06, 2.79320602203e-06, 3.0781075111e-06, 2.6673242246e-06, 3.01355521515e-06, 2.91879246106e-06, 2.20696324504e-06], "median": [0.00165343738627, 0.00120290613268, 0.00065461313352, 0.000386451138183, 0.000607991532888, 0.000494414300192, 0.000311590556521, 0.000115420494694, 6.96521892678e-05, 4.38832794316e-05, 3.44109757862e-05, 2.9987488233e-05, 1.97557419597e-05, 1.83160373126e-05, 2.36347186728e-05, 1.99364149012e-05, 1.61965544976e-05, 2.17028900806e-05, 1.38085442813e-05, 1.50010691868e-05, 1.21026741908e-05, 9.15154305403e-06, 1.30751996039e-05, 9.07228059077e-06, 6.88606633048e-06, 8.1652742665e-06, 4.72053125122e-06, 3.15053966915e-06, 2.90569869321e-06, 1.53944711201e-06, 1.48215076479e-06, 1.17450531434e-06, 1.00115153145e-06, 1.08600738713e-06, 1.1629626897e-06, 1.1993734006e-06, 8.1495267068e-07, 6.77255854953e-07, 5.57549753921e-07, 5.0483117775e-07], "min": [1.1154775612e-23, 1.08217280042e-23, 1.59919697086e-23, 8.10639303776e-24, 3.69487104661e-24, 7.15499444276e-24, 1.31471629462e-23, 3.58205675853e-23, 1.26347607118e-23, 1.78420331248e-23, 8.03394089678e-24, 1.26248881175e-23, 7.2515462844e-24, 9.80490286342e-24, 1.10592855772e-23, 7.92981441273e-24, 1.25765530321e-23, 1.81461248043e-23, 1.12461754031e-23, 8.54045901769e-24, 1.09712171457e-23, 1.49567901412e-23, 1.35581602666e-23, 8.78687470979e-24, 1.06931207997e-23, 1.22496017414e-23, 7.40584589974e-24, 1.07423969961e-23, 7.93005422645e-24, 8.3694347623e-24, 1.00574448493e-23, 7.23125441533e-24, 8.89775778749e-24, 8.65934982244e-24, 1.33553788378e-23, 1.32002982502e-23, 1.29299422073e-23, 1.10041938981e-23, 1.50751034998e-23, 8.83354293209e-24], "var": [2.87571333502e-06, 2.17900560529e-06, 1.76185949385e-06, 9.03977536382e-07, 9.74961949396e-07, 1.57513613885e-06, 8.52186076372e-07, 6.40490611659e-07, 4.99924965425e-07, 4.94159792197e-07, 1.49011839312e-07, 3.06139398276e-08, 4.15556122846e-08, 1.24163470616e-08, 7.53625872818e-09, 6.03234617813e-09, 6.18161921651e-09, 2.50847187466e-09, 2.01595429239e-09, 1.42180067719e-09, 7.00170865731e-10, 3.78321540762e-10, 7.61494589607e-10, 7.16130432732e-10, 2.15391413039e-10, 2.87547596844e-10, 2.29441299293e-10, 9.14965950227e-11, 5.60685907425e-11, 1.90222664009e-11, 2.28034049976e-11, 3.02866308421e-11, 6.17032466788e-11, 6.88140863736e-11, 6.58190099645e-11, 1.13499792898e-10, 1.3287944356e-10, 2.46625581068e-10, 2.36787145447e-10, 1.24553714564e-10]}, "mfcc": {"mean": [-639.507629395, 116.087486267, 13.2163658142, 27.4158039093, 13.3309011459, 0.845354318619, -1.60479176044, 0.0968774184585, -5.1754784584, 3.62647604942, 1.02754497528, 1.95841276646, 2.2156586647], "cov": [[13258.1494141, 1270.06262207, 86.8236083984, 26.6697540283, 1.17960429192, -208.981307983, -186.238967896, -155.935317993, -270.474700928, -171.503845215, -267.921783447, -221.523529053, -248.393936157], [1270.06262207, 1245.82177734, -131.007873535, 0.753580629826, 58.0389175415, -9.55857086182, 28.1171169281, -5.28417253494, -68.8466567993, -9.35908126831, -10.30148983, -21.8966579437, -27.2166252136], [86.8236083984, -131.007873535, 311.210144043, -3.4712677002, 49.1831283569, 0.820991158485, -38.5301933289, -20.1929950714, -4.75572872162, -22.6473255157, 1.15644979477, 0.763042628765, -1.08102035522], [26.6697540283, 0.753580629826, -3.4712677002, 260.92565918, 21.057056427, 52.8013572693, -43.836730957, -21.1742153168, -3.63442325592, -6.32340908051, -9.32960700989, 15.6460523605, 20.3218021393], [1.17960429192, 58.0389175415, 49.1831283569, 21.057056427, 127.182891846, 8.54605579376, -9.9997215271, -6.57501077652, 0.777934610844, 2.22828769684, -9.7161283493, -5.98838329315, 7.20449829102], [-208.981307983, -9.55857086182, 0.820991158485, 52.8013572693, 8.54605579376, 136.546737671, 17.5795154572, 15.9878559113, 16.2789649963, -14.7200937271, -0.98918825388, 5.72427272797, 10.1419038773], [-186.238967896, 28.1171169281, -38.5301933289, -43.836730957, -9.9997215271, 17.5795154572, 100.965248108, 46.1405639648, 15.730047226, 17.6310062408, 8.85377693176, -1.64202713966, -0.098981782794], [-155.935317993, -5.28417253494, -20.1929950714, -21.1742153168, -6.57501077652, 15.9878559113, 46.1405639648, 78.9660568237, 31.824760437, 9.70810413361, 3.25027370453, -4.71854686737, -3.09889793396], [-270.474700928, -68.8466567993, -4.75572872162, -3.63442325592, 0.777934610844, 16.2789649963, 15.730047226, 31.824760437, 77.0146942139, 21.4079608917, 4.28479146957, -5.19799470901, -1.24672269821], [-171.503845215, -9.35908126831, -22.6473255157, -6.32340908051, 2.22828769684, -14.7200937271, 17.6310062408, 9.70810413361, 21.4079608917, 68.9460525513, 20.1680049896, 0.3713760674, -1.59809339046], [-267.921783447, -10.30148983, 1.15644979477, -9.32960700989, -9.7161283493, -0.98918825388, 8.85377693176, 3.25027370453, 4.28479146957, 20.1680049896, 74.7710800171, 20.8708972931, 7.88229703903], [-221.523529053, -21.8966579437, 0.763042628765, 15.6460523605, -5.98838329315, 5.72427272797, -1.64202713966, -4.71854686737, -5.19799470901, 0.3713760674, 20.8708972931, 73.2706375122, 30.4762439728], [-248.393936157, -27.2166252136, -1.08102035522, 20.3218021393, 7.20449829102, 10.1419038773, -0.098981782794, -3.09889793396, -1.24672269821, -1.59809339046, 7.88229703903, 30.4762439728, 68.0483474731]], "icov": [[0.000106171501102, -9.8262928077e-05, -6.31492803222e-05, -3.66049098375e-05, 8.52828015923e-05, 0.000113173555292, 9.52973859967e-05, 2.10073794733e-05, 0.000201165283215, 8.58613711898e-05, 0.000264595844783, 0.00013751424558, 0.000246844661888], [-9.8262928077e-05, 0.00104986375663, 0.000556453480385, 3.14439830618e-06, -0.00076849287143, -7.62881827541e-05, -0.000374597409973, -0.000109010070446, 0.000778080953751, 6.77048228681e-05, -0.00035419568303, 6.13912106928e-06, 0.000210466867429], [-6.31492803222e-05, 0.000556453480385, 0.00400805193931, 0.000417799310526, -0.00188663764857, -0.000172485903022, 0.00104210735299, 0.00020653262618, -9.95517893898e-06, 0.00126975763123, -0.000872058328241, -0.00017491079052, 0.00037630967563], [-3.66049098375e-05, 3.14439830618e-06, 0.000417799310526, 0.00490994052961, -0.000530518416781, -0.00228765280917, 0.00252807373181, 0.000234393257415, 0.000159738527145, -0.00089681748068, 0.000599228194915, -0.000716201611795, -0.000947332184296], [8.52828015923e-05, -0.00076849287143, -0.00188663764857, -0.000530518416781, 0.00940588023514, -0.000438661198132, 0.000456106325146, 0.000389203400118, -0.000399864948122, -0.00150736735668, 0.00157331197988, 0.00116551318206, -0.00152662349865], [0.000113173555292, -7.62881827541e-05, -0.000172485903022, -0.00228765280917, -0.000438661198132, 0.00941813644022, -0.0025444268249, -0.000516744912602, -0.00199152156711, 0.00344764115289, -0.000277839193586, -3.69781373593e-05, -0.000228203367442], [9.52973859967e-05, -0.000374597409973, 0.00104210735299, 0.00252807373181, 0.000456106325146, -0.0025444268249, 0.0161879956722, -0.00807787571102, 0.00167136243545, -0.00329664978199, -0.000129948122776, 0.000147411279613, -0.000651540001854], [2.10073794733e-05, -0.000109010070446, 0.00020653262618, 0.000234393257415, 0.000389203400118, -0.000516744912602, -0.00807787571102, 0.0203739386052, -0.00701186060905, 0.0013748856727, 5.38622334716e-05, 0.000396768067731, 0.0006381336716], [0.000201165283215, 0.000778080953751, -9.95517893898e-06, 0.000159738527145, -0.000399864948122, -0.00199152156711, 0.00167136243545, -0.00701186060905, 0.0189202260226, -0.00533157447353, 0.000771084683947, 0.00145748443902, 0.000499268993735], [8.58613711898e-05, 6.77048228681e-05, 0.00126975763123, -0.00089681748068, -0.00150736735668, 0.00344764115289, -0.00329664978199, 0.0013748856727, -0.00533157447353, 0.0195995364338, -0.0048818057403, 0.000576448917855, 0.00100197817665], [0.000264595844783, -0.00035419568303, -0.000872058328241, 0.000599228194915, 0.00157331197988, -0.000277839193586, -0.000129948122776, 5.38622334716e-05, 0.000771084683947, -0.0048818057403, 0.0169762764126, -0.00415607588366, 0.000302874628687], [0.00013751424558, 6.13912106928e-06, -0.00017491079052, -0.000716201611795, 0.00116551318206, -3.69781373593e-05, 0.000147411279613, 0.000396768067731, 0.00145748443902, 0.000576448917855, -0.00415607588366, 0.0186287779361, -0.00720553891733], [0.000246844661888, 0.000210466867429, 0.00037630967563, -0.000947332184296, -0.00152662349865, -0.000228203367442, -0.000651540001854, 0.0006381336716, 0.000499268993735, 0.00100197817665, 0.000302874628687, -0.00720553891733, 0.0194179788232]]}, "spectral_contrast_coeffs": {"dmean": [0.0495438463986, 0.0473944880068, 0.0353776887059, 0.0279882252216, 0.0200809910893, 0.0147360321134], "dmean2": [0.0829720422626, 0.0773019492626, 0.056039031595, 0.0455974638462, 0.0325141511858, 0.0234910640866], "dvar": [0.00169126084074, 0.00158217013814, 0.000852487573866, 0.000526138057467, 0.000272825825959, 0.000169891121914], "dvar2": [0.00451154960319, 0.00416809692979, 0.00203203479759, 0.00129371718504, 0.000655553245451, 0.000400653487304], "max": [-0.363774180412, -0.415335416794, -0.489024072886, -0.576708495617, -0.610765218735, -0.627884566784], "mean": [-0.683529496193, -0.679082930088, -0.766407251358, -0.774654686451, -0.787976264954, -0.788950622082], "median": [-0.68389493227, -0.67769575119, -0.776652812958, -0.777703523636, -0.792826652527, -0.785984635353], "min": [-0.974747896194, -0.969950318336, -0.971764564514, -0.9910145998, -0.982833743095, -0.959982216358], "var": [0.00583568727598, 0.00706410082057, 0.0050780554302, 0.00304518919438, 0.00211371667683, 0.00151879014447]}, "spectral_contrast_valleys": {"dmean": [0.359313607216, 0.361322969198, 0.317247509956, 0.277037382126, 0.227013841271, 0.266439199448], "dmean2": [0.601905465126, 0.574136853218, 0.501464009285, 0.417577445507, 0.3187084198, 0.363423466682], "dvar": [0.137557953596, 0.141716361046, 0.117058068514, 0.10503539443, 0.091652110219, 0.143634706736], "dvar2": [0.310096442699, 0.307292431593, 0.247843489051, 0.200310572982, 0.151145160198, 0.252547830343], "max": [-5.34967088699, -4.52585840225, -5.67328548431, -5.79605436325, -5.93470811844, -6.92369270325], "mean": [-7.00994586945, -6.89150810242, -7.69959402084, -7.93987941742, -7.69827365