{"lowlevel": {"average_loudness": 0.981804192066, "barkbands_crest": {"dmean": 3.06885528564, "dmean2": 4.75905275345, "dvar": 9.06452941895, "dvar2": 19.2019405365, "max": 25.0561695099, "mean": 9.0669965744, "median": 7.64278841019, "min": 2.4145731926, "var": 21.1755847931}, "barkbands_flatness_db": {"dmean": 0.0162249077111, "dmean2": 0.0253740306944, "dvar": 0.000265663838945, "dvar2": 0.000620513455942, "max": 0.266012281179, "mean": 0.0785335674882, "median": 0.0701781734824, "min": 0.0221209153533, "var": 0.000950235233176}, "barkbands_kurtosis": {"dmean": 1.34600996971, "dmean2": 2.1622838974, "dvar": 4.66465950012, "dvar2": 11.2433614731, "max": 41.411819458, "mean": 1.02288115025, "median": 0.165530204773, "min": -1.74389445782, "var": 9.27714252472}, "barkbands_skewness": {"dmean": 0.423593133688, "dmean2": 0.655228674412, "dvar": 0.20191667974, "dvar2": 0.463032841682, "max": 5.82953977585, "mean": 1.03216588497, "median": 0.937929034233, "min": -5.72530841827, "var": 0.61384499073}, "barkbands_spread": {"dmean": 5.66664266586, "dmean2": 9.00372028351, "dvar": 28.9297904968, "dvar2": 70.4778060913, "max": 89.9712219238, "mean": 31.1220703125, "median": 31.2281646729, "min": 4.99496030807, "var": 88.0227508545}, "dissonance": {"dmean": 0.0138117549941, "dmean2": 0.0231713652611, "dvar": 0.000165111734532, "dvar2": 0.000460857670987, "max": 0.500000178814, "mean": 0.474317282438, "median": 0.477797687054, "min": 0.319233894348, "var": 0.000297876336845}, "dynamic_complexity": 1.57288444042, "erbbands_crest": {"dmean": 2.3909702301, "dmean2": 3.89287042618, "dvar": 5.16700410843, "dvar2": 12.5676450729, "max": 28.9551258087, "mean": 7.35780334473, "median": 6.30609703064, "min": 2.18760299683, "var": 13.5068788528}, "erbbands_flatness_db": {"dmean": 0.013772316277, "dmean2": 0.0211226847023, "dvar": 0.000174746208359, "dvar2": 0.000394556380343, "max": 0.268914967775, "mean": 0.117332488298, "median": 0.112252451479, "min": 0.0463631674647, "var": 0.00077617180068}, "erbbands_kurtosis": {"dmean": 0.609398663044, "dmean2": 0.973161637783, "dvar": 0.912682831287, "dvar2": 2.19318151474, "max": 21.3970165253, "mean": -0.020475756377, "median": -0.490967750549, "min": -1.66237854958, "var": 2.56063294411}, "erbbands_skewness": {"dmean": 0.293351173401, "dmean2": 0.454027920961, "dvar": 0.0638819858432, "dvar2": 0.148680523038, "max": 2.9731156826, "mean": 0.132277414203, "median": 0.106181174517, "min": -2.19337582588, "var": 0.247962459922}, "erbbands_spread": {"dmean": 6.95032596588, "dmean2": 11.0575084686, "dvar": 39.7965927124, "dvar2": 94.2771377563, "max": 134.671310425, "mean": 41.4110794067, "median": 41.4900894165, "min": 4.95459127426, "var": 168.396835327}, "hfc": {"dmean": 7.39499235153, "dmean2": 11.5583992004, "dvar": 63.6400604248, "dvar2": 155.747436523, "max": 125.857032776, "mean": 36.4147224426, "median": 37.4130859375, "min": 1.57057133965e-09, "var": 213.347900391}, "melbands_crest": {"dmean": 3.71031951904, "dmean2": 5.75152301788, "dvar": 11.1333189011, "dvar2": 24.2258033752, "max": 30.0847663879, "mean": 12.394651413, "median": 10.8744468689, "min": 1.83423650265, "var": 29.3262386322}, "melbands_flatness_db": {"dmean": 0.0215029139072, "dmean2": 0.0326691716909, "dvar": 0.000478759669932, "dvar2": 0.000999371754006, "max": 0.36565592885, "mean": 0.139770552516, "median": 0.128664299846, "min": 0.00710966438055, "var": 0.00192868453451}, "melbands_kurtosis": {"dmean": 4.53198242188, "dmean2": 7.27674674988, "dvar": 61.6921310425, "dvar2": 144.135986328, "max": 230.999023438, "mean": 7.02403974533, "median": 4.28184223175, "min": -1.5945199728, "var": 97.2375564575}, "melbands_skewness": {"dmean": 0.670109391212, "dmean2": 1.03405272961, "dvar": 0.590629577637, "dvar2": 1.36059081554, "max": 13.3959493637, "mean": 2.11568856239, "median": 1.91037905216, "min": -1.16701614857, "var": 1.38598406315}, "melbands_spread": {"dmean": 7.61107158661, "dmean2": 11.8279085159, "dvar": 55.6751022339, "dvar2": 127.910758972, "max": 164.703140259, "mean": 32.9957008362, "median": 32.6739692688, "min": 3.09763813019, "var": 192.197494507}, "pitch_salience": {"dmean": 0.0758972838521, "dmean2": 0.118277356029, "dvar": 0.00478144921362, "dvar2": 0.0104817952961, "max": 0.841381192207, "mean": 0.558443129063, "median": 0.575399398804, "min": 0.131387591362, "var": 0.0135181490332}, "silence_rate_20dB": {"dmean": 0, "dmean2": 0, "dvar": 0, "dvar2": 0, "max": 1, "mean": 1, "median": 1, "min": 1, "var": 0}, "silence_rate_30dB": {"dmean": 0.000850701821037, "dmean2": 0.00170158455148, "dvar": 0.000850200362038, "dvar2": 0.00212465389632, "max": 1, "mean": 0.999362051487, "median": 1, "min": 0, "var": 0.000637617718894}, "silence_rate_60dB": {"dmean": 0.00255210557953, "dmean2": 0.00499840453267, "dvar": 0.00254482030869, "dvar2": 0.00582589162514, "max": 1, "mean": 0.0203083474189, "median": 0, "min": 0, "var": 0.0198954548687}, "spectral_centroid": {"dmean": 225.067550659, "dmean2": 351.615325928, "dvar": 40606.1367188, "dvar2": 92384, "max": 4347.04492188, "mean": 1790.80383301, "median": 1804.44128418, "min": 339.772247314, "var": 201178.40625}, "spectral_complexity": {"dmean": 5.09208869934, "dmean2": 7.71498441696, "dvar": 23.2603588104, "dvar2": 47.4342155457, "max": 61, "mean": 31.0490169525, "median": 31, "min": 0, "var": 105.760955811}, "spectral_decrease": {"dmean": 2.89607160475e-09, "dmean2": 4.43661729577e-09, "dvar": 1.40025862012e-17, "dvar2": 3.29347552629e-17, "max": 4.41889941742e-17, "mean": -8.94897222992e-09, "median": -8.05984701202e-09, "min": -4.01955730922e-08, "var": 2.32362230537e-17}, "spectral_energy": {"dmean": 0.011324939318, "dmean2": 0.0173380486667, "dvar": 0.000204567812034, "dvar2": 0.000482307688799, "max": 0.154926225543, "mean": 0.0370783545077, "median": 0.0339901596308, "min": 1.37239598483e-13, "var": 0.00035001107608}, "spectral_energyband_high": {"dmean": 0.000552959507331, "dmean2": 0.000879648607224, "dvar": 5.00222370192e-07, "dvar2": 1.23905931559e-06, "max": 0.0122845498845, "mean": 0.0019380239537, "median": 0.00183242792264, "min": 1.03011566291e-13, "var": 1.31234969558e-06}, "spectral_energyband_low": {"dmean": 0.00885890424252, "dmean2": 0.0133598940447, "dvar": 0.000229434881476, "dvar2": 0.000528083415702, "max": 0.140332505107, "mean": 0.0126605341211, "median": 0.00595960393548, "min": 2.98632942851e-15, "var": 0.000319788407069}, "spectral_energyband_middle_high": {"dmean": 0.00281884870492, "dmean2": 0.00443877279758, "dvar": 9.39120764087e-06, "dvar2": 2.26669344556e-05, "max": 0.0508424937725, "mean": 0.00978164002299, "median": 0.00924164988101, "min": 1.67685486265e-14, "var": 3.12528864015e-05}, "spectral_energyband_middle_low": {"dmean": 0.00432138470933, "dmean2": 0.006824222859, "dvar": 2.60009910562e-05, "dvar2": 6.73047470627e-05, "max": 0.0688040927052, "mean": 0.0133075611666, "median": 0.0119206383824, "min": 1.6478163074e-15, "var": 5.62002896913e-05}, "spectral_entropy": {"dmean": 0.101454123855, "dmean2": 0.154933184385, "dvar": 0.00962172262371, "dvar2": 0.0216407217085, "max": 9.00135040283, "mean": 7.94136333466, "median": 7.95815134048, "min": 6.59282445908, "var": 0.0414495393634}, "spectral_flux": {"dmean": 0.0288453809917, "dmean2": 0.0462557636201, "dvar": 0.00106092472561, "dvar2": 0.0025490373373, "max": 0.290069431067, "mean": 0.103149592876, "median": 0.0960802212358, "min": 8.08100867289e-06, "var": 0.0017258914886}, "spectral_kurtosis": {"dmean": 0.584928512573, "dmean2": 0.966349065304, "dvar": 0.517715036869, "dvar2": 1.3870344162, "max": 21.9900894165, "mean": 3.28036737442, "median": 3.15769100189, "min": -0.362760305405, "var": 1.49304163456}, "spectral_rms": {"dmean": 0.000853294623084, "dmean2": 0.00128252222203, "dvar": 8.87186843102e-07, "dvar2": 1.99381702259e-06, "max": 0.0122942076996, "mean": 0.00580364605412, "median": 0.00575857004151, "min": 1.15711831228e-08, "var": 2.49163190347e-06}, "spectral_rolloff": {"dmean": 537.350463867, "dmean2": 870.622619629, "dvar": 447300.28125, "dvar2": 957966.3125, "max": 19789.0136719, "mean": 2090.359375, "median": 1916.45507812, "min": 86.1328125, "var": 2477123.25}, "spectral_skewness": {"dmean": 0.111838743091, "dmean2": 0.179267510772, "dvar": 0.012446870096, "dvar2": 0.0299003403634, "max": 3.18358254433, "mean": 1.40166461468, "median": 1.3870806694, "min": 0.70430624485, "var": 0.0495827421546}, "spectral_spread": {"dmean": 397555.34375, "dmean2": 597944.8125, "dvar": 205173604352, "dvar2": 384570589184, "max": 14924898, "mean": 5381571, "median": 5239084.5, "min": 1915783, "var": 1275104722940.0}, "spectral_strongpeak": {"dmean": 0.793613493443, "dmean2": 1.36059963703, "dvar": 1.39888858795, "dvar2": 3.38887810707, "max": 11.9369812012, "mean": 1.23637640476, "median": 0.69787979126, "min": 0, "var": 2.07331609726}, "zerocrossingrate": {"dmean": 0.0111086061224, "dmean2": 0.0127509795129, "dvar": 0.000106408981082, "dvar2": 0.000126045735669, "max": 0.734375, "mean": 0.0817199572921, "median": 0.07958984375, "min": 0.00927734375, "var": 0.00192628335208}, "barkbands": {"dmean": [0.000243092086748, 0.00787801388651, 0.0014562465949, 0.000578431296162, 0.0027357598301, 0.000911422190256, 0.00157979107462, 0.00084050843725, 0.000889837567229, 0.000793745042756, 0.000752905965783, 0.000930368434638, 0.000546112889424, 0.000752484542318, 0.000462960655568, 0.000376217649318, 0.000412600522395, 0.000330900744302, 0.000332642433932, 0.000279851985397, 0.000207508463063, 0.000145517798956, 0.000102901562059, 8.02832582849e-05, 7.38637536415e-05, 3.85676030419e-05, 1.04274413388e-05], "dmean2": [0.00039959300193, 0.0117138857022, 0.0025424330961, 0.000943668885157, 0.00450161658227, 0.00142286578193, 0.00241381954402, 0.00133369443938, 0.00137781153899, 0.00124648248311, 0.00118488213047, 0.00151258683763, 0.000903138192371, 0.00123697507661, 0.000769190141, 0.000623761094175, 0.000685984501615, 0.000542037189007, 0.000542916706763, 0.00045706552919, 0.000339587684721, 0.00023623018933, 0.000174811342731, 0.000130504980916, 0.000113491056254, 6.00261737418e-05, 1.68403912539e-05], "dvar": [1.6757851995e-07, 0.000205758275115, 5.55986525796e-06, 7.03928151324e-07, 2.3417889679e-05, 9.84991629593e-07, 4.31796979683e-06, 1.70931843968e-06, 2.45671117227e-06, 2.19565799853e-06, 2.75529419014e-06, 3.30388593284e-06, 1.04704827208e-06, 2.01364559871e-06, 6.05895991157e-07, 2.26614801591e-07, 3.85807567227e-07, 2.8479280445e-07, 1.95042815676e-07, 1.12293804477e-07, 6.06403389725e-08, 3.90400209938e-08, 2.34361969831e-08, 1.37162459168e-08, 1.54203583236e-08, 6.95770507875e-09, 2.30343633056e-10], "dvar2": [4.20992762429e-07, 0.000463881675387, 1.51254262164e-05, 1.7074111156e-06, 6.18814883637e-05, 2.36277560361e-06, 9.62096328294e-06, 4.25514417657e-06, 6.10766892351e-06, 5.04252193423e-06, 6.25283973932e-06, 7.95200139692e-06, 2.53282451013e-06, 4.96206075695e-06, 1.59648823228e-06, 6.07974641298e-07, 1.05635456293e-06, 6.99624479239e-07, 4.79595883007e-07, 2.85211257278e-07, 1.56113472372e-07, 9.6633208102e-08, 6.15403408233e-08, 3.35235128546e-08, 3.23790807499e-08, 1.56202606405e-08, 5.96176941148e-10], "max": [0.00513626076281, 0.134064942598, 0.0367515981197, 0.0181768331677, 0.0601360760629, 0.0191798955202, 0.032450184226, 0.0259302873164, 0.029452579096, 0.0433746576309, 0.0341156758368, 0.0441500470042, 0.0220201946795, 0.0352835431695, 0.0192482620478, 0.00800914317369, 0.013250855729, 0.00863703712821, 0.00809276569635, 0.00488701881841, 0.00355115812272, 0.00220856675878, 0.00227474770509, 0.00496382964775, 0.00342427822761, 0.00168632448185, 0.000456732494058], "mean": [0.000302479515085, 0.0101427575573, 0.00173909531441, 0.000899791542906, 0.00394253991544, 0.00194162130356, 0.00296491989866, 0.00148547254503, 0.00184012844693, 0.00129542977083, 0.00114281743299, 0.00150713138282, 0.000886538997293, 0.00127989635803, 0.000782051647548, 0.000690826796927, 0.000666250707582, 0.000628688430879, 0.000644827727228, 0.000649118272122, 0.000509458128363, 0.000343864056049, 0.000227636177442, 0.000235862666159, 0.000213708146475, 9.0573928901e-05, 2.48325013672e-05], "median": [9.6019852208e-05, 0.00340847531334, 0.000922629085835, 0.00049286626745, 0.00239170808345, 0.00143732805736, 0.00175168109126, 0.000789637269918, 0.000884335953742, 0.000620751234237, 0.000432816334069, 0.000732961168978, 0.000527950527612, 0.000705673417542, 0.000471649458632, 0.000509871519171, 0.000419237709139, 0.000452332082205, 0.000482484290842, 0.000536849605851, 0.000434314395534, 0.000276723585557, 0.000185181896086, 0.00020231497183, 0.000161452000611, 6.39108184259e-05, 2.1754662157e-05], "min": [2.70868536917e-15, 1.40837671623e-15, 2.31707503848e-16, 1.77810506246e-16, 3.97487442326e-16, 3.12038434352e-17, 1.41188772074e-16, 3.88750032777e-16, 4.98586250885e-16, 3.27909323772e-16, 2.71432819678e-16, 1.35016162408e-15, 2.67095640412e-15, 1.06401833026e-15, 2.38581843253e-15, 1.97100670475e-15, 1.12643872925e-15, 1.72476067445e-15, 3.35982077155e-15, 1.22970030409e-15, 5.95168081553e-15, 3.67437217398e-15, 8.54394510599e-15, 1.34873428886e-14, 1.63458114232e-14, 1.89689640406e-14, 3.78917037992e-14], "var": [2.31943417361e-07, 0.00028666696744, 6.33572381048e-06, 1.42035332829e-06, 2.46270228672e-05, 2.90347566079e-06, 1.17081153803e-05, 3.89032948078e-06, 8.6614418251e-06, 4.96166239827e-06, 5.33874754183e-06, 7.15033274901e-06, 1.80077881851e-06, 3.86784904549e-06, 1.20642823731e-06, 3.83079623134e-07, 6.1593806322e-07, 5.10444237989e-07, 3.74299389705e-07, 2.8285748499e-07, 1.40089554179e-07, 7.90893253111e-08, 4.06774560702e-08, 4.34337614763e-08, 5.43814593357e-08, 1.42842404571e-08, 4.59467242031e-10]}, "erbbands": {"dmean": [0.210420772433, 1.88510918617, 2.26758551598, 1.53626799583, 4.66933822632, 12.4026527405, 8.25234794617, 6.42306900024, 18.4600601196, 24.6231899261, 16.8473415375, 16.6084823608, 24.8444862366, 22.10206604, 29.5252361298, 30.607629776, 22.2963294983, 28.4715576172, 29.2329921722, 23.1767940521, 21.3952484131, 24.7900352478, 17.282081604, 16.739151001, 15.3275413513, 11.4724473953, 10.7529630661, 6.95764017105, 5.4297337532, 3.88897514343, 2.85731554031, 1.74254822731, 1.47547781467, 0.982982873917, 0.516580462456, 0.203777253628, 0.0678976923227, 0.0129451323301, 0.0018111851532, 0.00010780881712], "dmean2": [0.331529587507, 2.7402074337, 3.79660201073, 2.5240623951, 7.5931391716, 20.7895126343, 12.8552389145, 10.3996086121, 28.346118927, 38.3853874207, 26.4074516296, 26.1231765747, 38.9787940979, 34.3263778687, 46.8229370117, 49.9724655151, 37.1333465576, 47.3031463623, 47.7336082458, 38.4202461243, 35.5341110229, 41.3745536804, 27.9951782227, 27.1929130554, 24.9384346008, 18.6634693146, 17.4891605377, 11.4690752029, 8.77904319763, 6.57776260376, 4.86995983124, 2.9047460556, 2.38599658012, 1.54425799847, 0.780269801617, 0.308535218239, 0.108866930008, 0.0206605065614, 0.00294155674055, 0.000172342843143], "dvar": [0.156666532159, 11.6091041565, 13.8194818497, 5.32094478607, 58.0179367065, 554.231201172, 103.51714325, 49.5784759521, 712.178039551, 1692.81616211, 526.059082031, 862.594116211, 1965.45910645, 1419.82214355, 4245.08642578, 3267.41918945, 1125.86132812, 3028.03613281, 2493.63305664, 1092.08129883, 786.715576172, 1529.97717285, 836.706542969, 480.100006104, 479.429168701, 186.939712524, 178.922012329, 81.8027801514, 51.5354766846, 33.5768737793, 20.128780365, 6.73233747482, 4.67011260986, 2.50934505463, 0.934565126896, 0.188752129674, 0.0227080564946, 0.000477159075672, 7.26595862943e-06, 1.98093150772e-08], "dvar2": [0.377975136042, 25.6831874847, 37.2692871094, 13.1888284683, 150.073623657, 1480.59411621, 254.061096191, 128.226089478, 1477.11279297, 3908.28295898, 1274.66650391, 2160.19799805, 4507.72607422, 3097.57470703, 10010.4609375, 7742.52734375, 2975.12402344, 7506.61083984, 6206.82763672, 2880.59179688, 2111.77563477, 4272.94189453, 2044.8104248, 1162.37768555, 1172.4251709, 476.052276611, 453.82131958, 214.768829346, 126.738616943, 88.7886962891, 53.398223877, 17.2196750641, 11.289352417, 5.65303611755, 1.9478083849, 0.389519691467, 0.0561719201505, 0.00118069746532, 1.87665973499e-05, 5.25524548323e-08], "max": [3.5198764801, 30.8378009796, 34.6310348511, 66.6478652954, 134.391235352, 243.619674683, 172.671768188, 127.11907959, 495.697479248, 702.24987793, 381.903015137, 807.604614258, 1176.1887207, 1222.0604248, 1342.64477539, 2040.93713379, 604.107666016, 1007.67700195, 1159.42004395, 550.069641113, 521.32824707, 915.401794434, 494.894622803, 388.440155029, 410.811889648, 231.664886475, 211.941772461, 153.285522461, 92.5000457764, 69.5452194214, 66.7234115601, 93.7597961426, 78.7022323608, 40.8808670044, 25.1257476807, 9.04287815094, 3.54213118553, 0.55902582407, 0.0923232808709, 0.00294023286551], "mean": [0.274857193232, 2.29238367081, 2.70481300354, 2.66469407082, 7.15290880203, 15.7621393204, 16.8257732391, 13.2611265182, 33.8514938354, 45.4305610657, 33.1204185486, 34.6666717529, 46.918346405, 39.5068397522, 48.0994377136, 52.5567588806, 40.1169929504, 51.4101028442, 54.6892700195, 43.6286773682, 41.2317810059, 42.6810112, 34.2986946106, 34.4023933411, 32.3656158447, 27.8795146942, 25.133102417, 16.5916137695, 12.9208631516, 8.50771045685, 6.21856594086, 4.5534529686, 4.15715742111, 2.68550753593, 1.42264568806, 0.510138869286, 0.143744006753, 0.0290296822786, 0.00420492142439, 0.000298310798826], "median": [0.06720264256, 0.773140609264, 1.54906821251, 1.64771473408, 4.1752614975, 8.73292255402, 12.0387973785, 10.4203176498, 19.9721488953, 21.0447025299, 21.2807159424, 18.3333530426, 24.1143417358, 22.4678382874, 22.5827884674, 29.3460121155, 26.8189029694, 31.9817256927, 32.0887184143, 31.7481880188, 31.4438724518, 28.9397830963, 25.3448429108, 26.6917533875, 25.5635948181, 23.3812007904, 21.2142696381, 13.9172801971, 10.3699169159, 6.74880456924, 5.10977315903, 3.85969901085, 3.38901805878, 2.05838799477, 1.0065728426, 0.344477057457, 0.102543622255, 0.0236848406494, 0.00365122966468, 0.000270433491096], "min": [8.13763864778e-14, 1.84352546792e-13, 2.70978985778e-13, 4.73611872377e-13, 9.33152101597e-13, 1.44647271591e-12, 8.90205498292e-13, 1.60227476361e-13, 8.95954805572e-13, 5.53536426764e-12, 9.6915869427e-12, 1.27440488717e-11, 4.86699959848e-12, 1.65036491417e-11, 1.4087848943e-11, 6.9204447728e-11, 1.11525316759e-10, 7.83219739064e-11, 8.91741264164e-11, 1.13236704735e-10, 9.34026397892e-11, 6.28420926407e-11, 6.48993081498e-11, 2.2651688858e-10, 1.00534448821e-10, 6.21745571694e-11, 1.59617472018e-10, 2.3970359031e-10, 1.15117956834e-10, 2.40546194075e-10, 2.64307215003e-10, 2.88353424471e-10, 1.8962267867e-10, 1.82535889182e-10, 1.21002236009e-10, 6.11244527216e-11, 3.87420234782e-11, 1.92418980055e-11, 5.12121204818e-12, 5.40830292876e-13], "var": [0.222152918577, 15.4757127762, 13.0560598373, 10.2686262131, 75.9344177246, 529.166992188, 246.706512451, 116.701980591, 1835.109375, 4580.91503906, 1272.84570312, 2941.8605957, 5915.10791016, 3373.00488281, 7875.52246094, 7160.67724609, 1987.70532227, 5487.11523438, 5244.38378906, 2088.02392578, 1310.20166016, 2321.3515625, 1573.34631348, 993.034667969, 961.666870117, 476.339019775, 386.97644043, 160.123764038, 110.847770691, 55.9905319214, 32.0969200134, 16.2659168243, 15.7057533264, 8.28635215759, 2.90444970131, 0.487996220589, 0.0354412160814, 0.000867992406711, 1.34424590215e-05, 4.84696975889e-08]}, "gfcc": {"mean": [66.4966888428, 58.1766929626, -112.393592834, 24.7752971649, -54.1313743591, 11.8390045166, -34.9464836121, 10.0892515182, -23.6242980957, 8.84884166718, -13.4944038391, 0.666325092316, -7.5448474884], "cov": [[8253.52148438, 598.335266113, 316.959869385, 312.412384033, -63.3735961914, 211.21383667, -25.0819206238, 47.3165168762, 91.0773849487, 119.447441101, -23.0526161194, 74.2909393311, -16.166847229], [598.335266113, 619.223449707, 33.6401786804, 100.112014771, 120.995483398, 77.8524703979, 54.7463493347, 6.10404014587, -18.8228740692, 67.7705993652, 39.6495857239, 0.247420296073, 67.8057403564], [316.959869385, 33.6401786804, 290.428985596, 53.3657455444, 88.4386901855, 85.3081741333, 13.9442710876, 57.7426109314, 33.5920715332, 29.4523143768, 17.0922355652, 34.9101295471, -6.30423307419], [312.412384033, 100.112014771, 53.3657455444, 190.746337891, 69.1108703613, 4.92952871323, 37.0665092468, 38.6091003418, 44.3034477234, 9.02759838104, 19.4362831116, 20.1210384369, 7.02222776413], [-63.3735961914, 120.995483398, 88.4386901855, 69.1108703613, 192.079971313, 78.5369338989, 75.2669906616, 45.2499351501, 45.683303833, 48.2033920288, 29.0791950226, 9.5237159729, 24.6363182068], [211.21383667, 77.8524703979, 85.3081741333, 4.92952871323, 78.5369338989, 203.856399536, 57.2064361572, 34.3452606201, -14.4842786789, 48.5855827332, 24.851934433, 6.53164815903, 41.4449005127], [-25.0819206238, 54.7463493347, 13.9442710876, 37.0665092468, 75.2669906616, 57.2064361572, 142.408187866, 46.7863197327, 50.2770004272, 9.57358360291, 16.6836433411, 9.84033203125, 12.3480091095], [47.3165168762, 6.10404014587, 57.7426109314, 38.6091003418, 45.2499351501, 34.3452606201, 46.7863197327, 111.034934998, 40.1236724854, 26.2651138306, 18.365814209, 19.0397777557, 9.5137720108], [91.0773849487, -18.8228740692, 33.5920715332, 44.3034477234, 45.683303833, -14.4842786789, 50.2770004272, 40.1236724854, 138.305664062, 32.0448951721, 16.4715251923, 18.1498718262, -16.8141937256], [119.447441101, 67.7705993652, 29.4523143768, 9.02759838104, 48.2033920288, 48.5855827332, 9.57358360291, 26.2651138306, 32.0448951721, 102.553543091, 45.1627845764, 15.2359037399, 22.0608692169], [-23.0526161194, 39.6495857239, 17.0922355652, 19.4362831116, 29.0791950226, 24.851934433, 16.6836433411, 18.365814209, 16.4715251923, 45.1627845764, 68.4024124146, 29.088186264, 18.8240089417], [74.2909393311, 0.247420296073, 34.9101295471, 20.1210384369, 9.5237159729, 6.53164815903, 9.84033203125, 19.0397777557, 18.1498718262, 15.2359037399, 29.088186264, 61.4292984009, 19.263250351], [-16.166847229, 67.8057403564, -6.30423307419, 7.02222776413, 24.6363182068, 41.4449005127, 12.3480091095, 9.5137720108, -16.8141937256, 22.0608692169, 18.8240089417, 19.263250351, 71.4369354248]], "icov": [[0.000171470543137, -0.000201424642, -0.000109816501208, -0.000292453129077, 0.000429954496212, -0.000296706304653, 9.50433750404e-05, 4.79090631416e-05, -0.000169834616827, -0.000236626714468, 0.000423229823355, -0.000282835942926, 0.000247943738941], [-0.000201424642, 0.00258201058023, -5.40447363164e-05, -0.000821565510705, -0.0012019101996, 0.000627507222816, -0.000910619099159, 0.000784517615102, 0.00126445060596, -0.00114968488924, -0.000629806658253, 0.00134907034226, -0.00186215969734], [-0.000109816501208, -5.40447363164e-05, 0.00582620035857, -0.000286106136627, -0.0024919367861, -0.00255882670172, 0.00247895065695, -0.00191625917796, -0.000470377650345, 0.000831531826407, 0.000766469340306, -0.00364815630019, 0.00315362331457], [-0.000292453129077, -0.000821565510705, -0.000286106136627, 0.00783700123429, -0.00247413758188, 0.00131810223684, 0.000117660129035, -0.00155032717157, -0.00132291729096, 0.00258449907415, -0.00186778174248, -0.000627945584711, -0.000255345948972], [0.000429954496212, -0.0012019101996, -0.0024919367861, -0.00247413758188, 0.0110438345, -0.00163990003057, -0.00316493283026, 0.000313486059895, -0.00165684730746, -0.00265867169946, 0.000447729136795, 0.0019271163037, -0.00129709695466], [-0.000296706304653, 0.000627507222816, -0.00255882670172, 0.00131810223684, -0.00163990003057, 0.00965737458318, -0.00414224993438, -0.000137449038448, 0.00355602614582, -0.00313033536077, -0.000779000343755, 0.00267142080702, -0.0040325243026], [9.50433750404e-05, -0.000910619099159, 0.00247895065695, 0.000117660129035, -0.00316493283026, -0.00414224993438, 0.0130646377802, -0.00336569431238, -0.00472498731688, 0.00494867982343, -0.00141181342769, -0.00109199772123, 0.000803805538453], [4.79090631416e-05, 0.000784517615102, -0.00191625917796, -0.00155032717157, 0.000313486059895, -0.000137449038448, -0.00336569431238, 0.012991935946, -0.00118388026021, -0.00231364462525, 0.000232981838053, -0.000748993712477, -0.0013509246055], [-0.000169834616827, 0.00126445060596, -0.000470377650345, -0.00132291729096, -0.00165684730746, 0.00355602614582, -0.00472498731688, -0.00118388026021, 0.0128416875377, -0.00542660709471, 0.00104915373959, -0.00208132225089, 0.00331580033526], [-0.000236626714468, -0.00114968488924, 0.000831531826407, 0.00258449907415, -0.00265867169946, -0.00313033536077, 0.00494867982343, -0.00231364462525, -0.00542660709471, 0.0197300892323, -0.0107048256323, 0.00206718430854, -0.00206413515843], [0.000423229823355, -0.000629806658253, 0.000766469340306, -0.00186778174248, 0.000447729136795, -0.000779000343755, -0.00141181342769, 0.000232981838053, 0.00104915373959, -0.0107048256323, 0.0270635019988, -0.0108909793198, 0.000813543156255], [-0.000282835942926, 0.00134907034226, -0.00364815630019, -0.000627945584711, 0.0019271163037, 0.00267142080702, -0.00109199772123, -0.000748993712477, -0.00208132225089, 0.00206718430854, -0.0108909793198, 0.026805749163, -0.00901738274843], [0.000247943738941, -0.00186215969734, 0.00315362331457, -0.000255345948972, -0.00129709695466, -0.0040325243026, 0.000803805538453, -0.0013509246055, 0.00331580033526, -0.00206413515843, 0.000813543156255, -0.00901738274843, 0.022588275373]]}, "melbands": {"dmean": [0.00207698089071, 0.00165532936808, 0.000290317024337, 0.000676702009514, 0.000310411094688, 0.000167887250427, 0.000276504753856, 0.000253205100307, 0.000141462965985, 0.000113756468636, 0.000132932182169, 9.74473878159e-05, 0.00010691137868, 8.26332616271e-05, 9.23047482502e-05, 5.56165978196e-05, 5.64809597563e-05, 6.00454368396e-05, 4.13040397689e-05, 2.59622502199e-05, 2.65213802777e-05, 3.068289152e-05, 1.59270111908e-05, 1.65204801306e-05, 1.46016991494e-05, 1.35146920002e-05, 1.26045724755e-05, 7.67796973378e-06, 8.88422346179e-06, 4.65234461444e-06, 4.17398086938e-06, 3.59055047738e-06, 2.87043144453e-06, 2.12966983781e-06, 1.81341283678e-06, 1.49577090269e-06, 1.0735819842e-06, 1.09907171009e-06, 1.06857430637e-06, 8.74801173723e-07], "dmean2": [0.00312139652669, 0.00253186817281, 0.000474894623039, 0.00112699414603, 0.000493250787258, 0.000268998468528, 0.000424953846959, 0.000395817594836, 0.000220485337195, 0.000178953414434, 0.000208281649975, 0.000150895924889, 0.000169757942786, 0.000131793465698, 0.000154997775098, 9.18812729651e-05, 9.37675358728e-05, 9.78171665338e-05, 6.87268111506e-05, 4.31942389696e-05, 4.39658833784e-05, 5.12692677148e-05, 2.60567376245e-05, 2.69534921244e-05, 2.39350629272e-05, 2.21789214265e-05, 2.08705223486e-05, 1.24969828903e-05, 1.4487770386e-05, 7.65559070715e-06, 6.89918215357e-06, 5.80068672207e-06, 4.86407361677e-06, 3.62936930287e-06, 3.09531242237e-06, 2.54736869465e-06, 1.78491961833e-06, 1.80594963695e-06, 1.71274268723e-06, 1.37905590236e-06], "dvar": [1.50226251208e-05, 7.57881161917e-06, 1.52185251068e-07, 1.56022895226e-06, 1.80188294507e-07, 3.22911830608e-08, 1.34834976961e-07, 1.62518091429e-07, 3.81771094737e-08, 4.62368312526e-08, 5.56690906706e-08, 2.60479371406e-08, 5.23347978287e-08, 3.8271767977e-08, 3.37483783142e-08, 1.33992719142e-08, 1.14264464557e-08, 1.318891929e-08, 6.06191719044e-09, 1.0639635839e-09, 1.24703114501e-09, 2.6212771953e-09, 8.47368286649e-10, 7.47773010179e-10, 3.7793354557e-10, 3.66826624631e-10, 3.14240966581e-10, 9.52259868181e-11, 1.40983294483e-10, 3.3345784467e-11, 3.03061742368e-11, 2.06968990557e-11, 1.90436867664e-11, 9.64277182408e-12, 8.34757436785e-12, 4.71967603888e-12, 2.51724292452e-12, 2.86061387252e-12, 2.45548481721e-12, 2.09524043081e-12], "dvar2": [3.38985410053e-05, 1.85126627912e-05, 3.84207709203e-07, 4.13032830693e-06, 4.68324572012e-07, 8.31861797224e-08, 2.87751788619e-07, 3.80476620876e-07, 8.89878108978e-08, 1.18616107159e-07, 1.27801115468e-07, 5.76943079977e-08, 1.2173681796e-07, 9.07544901452e-08, 8.89022189199e-08, 3.33871632563e-08, 2.80501897265e-08, 3.24570557098e-08, 1.60681796757e-08, 2.81723688822e-09, 3.29081251138e-09, 7.28076221534e-09, 2.16262585617e-09, 1.80665205018e-09, 9.32453114721e-10, 9.08484787399e-10, 7.91039400649e-10, 2.48023684923e-10, 3.59663770988e-10, 8.65365071268e-11, 8.0267972824e-11, 5.04426778125e-11, 5.00650423896e-11, 2.58520028301e-11, 2.24314976316e-11, 1.24363670403e-11, 6.34888582679e-12, 7.23097103028e-12, 5.81255182874e-12, 4.70639933275e-12], "max": [0.0367459654808, 0.024481145665, 0.00930489227176, 0.0165675338358, 0.005184749607, 0.00272024329752, 0.0064585483633, 0.00652609579265, 0.00431256275624, 0.00508312322199, 0.00637570256367, 0.00461363606155, 0.00461526680738, 0.00427660113201, 0.0050257127732, 0.0022495535668, 0.00200059683993, 0.00280716619454, 0.00190304138232, 0.000530691817403, 0.000602765823714, 0.00117751245853, 0.000605923705734, 0.000664582359605, 0.000349489273503, 0.000313703756547, 0.000341721082805, 0.000195467844605, 0.000207976307138, 8.29488853924e-05, 8.61240114318e-05, 7.42770789657e-05, 4.67867139378e-05, 4.43995413661e-05, 4.21718796133e-05, 5.0093880418e-05, 5.94231896685e-05, 7.36409347155e-05, 4.1941213567e-05, 3.44967047567e-05], "mean": [0.00273621687666, 0.00205335975625, 0.000526352610905, 0.000905080931261, 0.000592569354922, 0.000349375972291, 0.000519122753758, 0.000463333301013, 0.000264313915977, 0.000231873913435, 0.00024214896257, 0.000167094782228, 0.000165806675795, 0.000140046817251, 0.000136760572786, 8.83451211848e-05, 9.68721215031e-05, 9.99713811325e-05, 6.74508846714e-05, 4.65495468234e-05, 4.62509487988e-05, 4.73451000289e-05, 2.91640808427e-05, 2.9981145417e-05, 2.76027494692e-05, 2.45897390414e-05, 2.41258967435e-05, 1.66680529219e-05, 1.8349452148e-05, 1.05168774098e-05, 8.94808181329e-06, 7.91042566561e-06, 5.55103406441e-06, 4.35872061644e-06, 3.58472470907e-06, 3.18780803354e-06, 2.61542572844e-06, 2.86326326204e-06, 2.75374873127e-06, 2.13421594708e-06], "median": [0.000802138529252, 0.00103526085149, 0.000379396806238, 0.000506058742758, 0.000432323315181, 0.000271088269074, 0.000321998697473, 0.000214231578866, 0.000157172325999, 0.000108464671939, 0.000118751682749, 9.05167980818e-05, 6.94110858603e-05, 6.09976304986e-05, 6.23414671281e-05, 4.77548855997e-05, 5.83919791097e-05, 4.77050816698e-05, 3.68483670172e-05, 3.55386291631e-05, 3.23870845023e-05, 2.75344500551e-05, 2.02496012207e-05, 2.09517675103e-05, 2.02587998501e-05, 1.72362051671e-05, 1.76296871359e-05, 1.28480596686e-05, 1.4605616343e-05, 8.98097096069e-06, 7.20721845937e-06, 6.14434020463e-06, 4.25005646321e-06, 3.41014356309e-06, 2.87423381451e-06, 2.59552984971e-06, 2.18545824282e-06, 2.34603135141e-06, 2.05871060643e-06, 1.56931184847e-06], "min": [6.88599404937e-16, 1.73054138315e-16, 9.39566201309e-17, 8.97289463423e-17, 3.94106662518e-17, 3.61365348404e-18, 1.73426819577e-17, 6.71916958692e-17, 8.63561471731e-17, 7.3242892627e-17, 2.23998557733e-17, 6.7691101201e-17, 3.76364796431e-17, 9.73172696713e-17, 3.14585601391e-16, 2.09274656803e-16, 1.29044569542e-16, 1.03691629351e-16, 2.13462705331e-16, 1.3283027742e-16, 9.17042734974e-17, 5.2218677917e-17, 7.4636050067e-17, 6.81285871008e-17, 2.0619268772e-16, 9.07893124782e-17, 4.95631436006e-17, 3.79361109308e-17, 7.41422364762e-17, 1.71633875821e-16, 1.10295773187e-16, 4.70182728152e-17, 1.01591384688e-16, 1.44727887486e-16, 1.75807763017e-16, 8.4316505071e-17, 2.30683864531e-16, 1.2565916414e-16, 1.5058770112e-16, 1.52585203333e-16], "var": [2.16143544094e-05, 8.70842904988e-06, 2.69512867135e-07, 1.56839132615e-06, 3.02273775787e-07, 8.12439537867e-08, 3.53904653139e-07, 4.37970470557e-07, 9.23429510635e-08, 1.63971350275e-07, 1.61690010714e-07, 6.03851688652e-08, 9.65575495115e-08, 8.65824176799e-08, 5.87844830591e-08, 2.33015402529e-08, 2.11109725257e-08, 2.65906088259e-08, 1.19606635707e-08, 1.7714858469e-09, 2.07412331754e-09, 3.88380616556e-09, 1.43133416231e-09, 1.24983512428e-09, 7.29647897657e-10, 6.41757591513e-10, 6.59238497125e-10, 2.0982847404e-10, 2.79901046785e-10, 6.10432746018e-11, 5.33034068273e-11, 4.53710194415e-11, 2.77065072274e-11, 1.57817925395e-11, 1.18621527531e-11, 8.73590522837e-12, 6.3233081965e-12, 8.51592320966e-12, 7.58361255737e-12, 6.27278654367e-12]}, "mfcc": {"mean": [-578.235961914, 98.0557250977, -1.86100661755, 17.4219112396, 2.15853953362, 2.97396206856, 3.4905295372, -3.00083971024, 1.76079654694, 1.73854267597, 0.42755407095, 1.14038050175, 0.388234943151], "cov": [[4727.46582031, 326.828857422, 152.54901123, 207.78338623, 18.5654983521, 112.196762085, -47.9055404663, 65.3836593628, 44.3758964539, 83.8913421631, 58.2032165527, 31.0449905396, 58.6354026794], [326.828857422, 526.078979492, -8.28774929047, 59.7925872803, 74.0877914429, 84.7858657837, 108.338478088, -35.6027336121, 51.072265625, 7.59668922424, 17.5960674286, 29.7692279816, 18.8877048492], [152.54901123, -8.28774929047, 175.004760742, -2.42485642433, 54.2279663086, 15.9023189545, 9.11849021912, 33.2265319824, 3.11334824562, 6.25685548782, 15.4050951004, 8.35978221893, 19.3367366791], [207.78338623, 59.7925872803, -2.42485642433, 209.713058472, 38.0035438538, -5.94238519669, -14.0620193481, 44.3035888672, 21.6691188812, 14.3092927933, 38.6874656677, 21.5326099396, 11.8278598785], [18.5654983521, 74.0877914429, 54.2279663086, 38.0035438538, 140.205383301, 43.1703338623, 49.2149200439, 6.27434635162, 31.8685665131, 20.9022979736, 28.4803905487, 24.3918972015, 18.7680702209], [112.196762085, 84.7858657837, 15.9023189545, -5.94238519669, 43.1703338623, 130.581710815, 59.0898895264, 12.6671524048, 30.3476715088, 30.2596702576, 8.05719947815, 15.9279842377, 20.4303512573], [-47.9055404663, 108.338478088, 9.11849021912, -14.0620193481, 49.2149200439, 59.0898895264, 158.444335938, 10.4825620651, 38.8044204712, 12.1084442139, 3.2469727993, 5.81315898895, 11.108464241], [65.3836593628, -35.6027336121, 33.2265319824, 44.3035888672, 6.27434635162, 12.6671524048, 10.4825620651, 123.503669739, 33.711971283, 31.9908809662, 17.4518680573, 11.6526498795, 10.854092598], [44.3758964539, 51.072265625, 3.11334824562, 21.6691188812, 31.8685665131, 30.3476715088, 38.8044204712, 33.711971283, 87.0497741699, 35.2760925293, 23.6014347076, 20.4214515686, 15.8126497269], [83.8913421631, 7.59668922424, 6.25685548782, 14.3092927933, 20.9022979736, 30.2596702576, 12.1084442139, 31.9908809662, 35.2760925293, 84.5184402466, 32.6023750305, 21.1696166992, 11.6883106232], [58.2032165527, 17.5960674286, 15.4050951004, 38.6874656677, 28.4803905487, 8.05719947815, 3.2469727993, 17.4518680573, 23.6014347076, 32.6023750305, 72.8610076904, 39.2687835693, 19.7401256561], [31.0449905396, 29.7692279816, 8.35978221893, 21.5326099396, 24.3918972015, 15.9279842377, 5.81315898895, 11.6526498795, 20.4214515686, 21.1696166992, 39.2687835693, 70.8466110229, 39.1868133545], [58.6354026794, 18.8877048492, 19.3367366791, 11.8278598785, 18.7680702209, 20.4303512573, 11.108464241, 10.854092598, 15.8126497269, 11.6883106232, 19.7401256561, 39.1868133545, 70.2474822998]], "icov": [[0.000254290731391, -0.000181186042028, -0.00029181415448, -0.000236706327996, 0.000252046709647, -0.000204983298318, 0.000213643623283, 2.17898268602e-05, 1.48320918925e-06, -0.000218272674829, -1.28482170112e-05, 0.00015632621944, -0.000135842798045], [-0.000181186042028, 0.00288026267663, 0.000233650789596, -0.000959056895226, -0.000367011351045, -0.0010015523294, -0.00154537800699, 0.00158113322686, -0.000992498826236, 0.000617477926426, 0.000292471260764, -0.000947188120335, 0.000430246203905], [-0.00029181415448, 0.000233650789596, 0.00789385288954, 0.00163958198391, -0.00386796728708, 0.000161021816893, 0.000414775364334, -0.00282423291355, 0.00152917916421, 0.00115144264419, -0.0014579606941, 0.00133450643625, -0.00178139610216], [-0.000236706327996, -0.000959056895226, 0.00163958198391, 0.00694084679708, -0.00242561637424, 0.00121804885566, 0.00155567622278, -0.00316197588108, 0.000149138635607, 0.00111264071893, -0.00286529934965, 0.000568630523048, -0.000358905555913], [0.000252046709647, -0.000367011351045, -0.00386796728708, -0.00242561637424, 0.0116697121412, -0.00194683263544, -0.00216959696263, 0.00243792776018, -0.00184073881246, -0.000780110887717, -0.00130135635845, -0.00131173094269, 0.000417799659772], [-0.000204983298318, -0.0010015523294, 0.000161021816893, 0.00121804885566, -0.00194683263544, 0.0113381901756, -0.00244541745633, -0.000683758524247, -0.000297099846648, -0.0030691314023, 0.00166008924134, -0.00038298140862, -0.00176937878132], [0.000213643623283, -0.00154537800699, 0.000414775364334, 0.00155567622278, -0.00216959696263, -0.00244541745633, 0.0097243161872, -0.00135998253245, -0.00235789921135, 0.000843065034132, 4.35062283941e-05, 0.00151578872465, -0.000642973056529], [2.17898268602e-05, 0.00158113322686, -0.00282423291355, -0.00316197588108, 0.00243792776018, -0.000683758524247, -0.00135998253245, 0.0121819116175, -0.00380497588776, -0.00283209886402, 0.000932580558583, -0.000618248479441, 0.000157362330356], [1.48320918925e-06, -0.000992498826236, 0.00152917916421, 0.000149138635607, -0.00184073881246, -0.000297099846648, -0.00235789921135, -0.00380497588776, 0.0177716743201, -0.00418411707506, -0.00163320347201, -0.00062818848528, -0.00113627931569], [-0.000218272674829, 0.000617477926426, 0.00115144264419, 0.00111264071893, -0.000780110887717, -0.0030691314023, 0.000843065034132, -0.00283209886402, -0.00418411707506, 0.0181225817651, -0.00623382395133, -0.000529025506694, 0.000890518305823], [-1.28482170112e-05, 0.000292471260764, -0.0014579606941, -0.00286529934965, -0.00130135635845, 0.00166008924134, 4.35062283941e-05, 0.000932580558583, -0.00163320347201, -0.00623382395133, 0.024574931711, -0.0111284554005, 0.00123674969655], [0.00015632621944, -0.000947188120335, 0.00133450643625, 0.000568630523048, -0.00131173094269, -0.00038298140862, 0.00151578872465, -0.000618248479441, -0.00062818848528, -0.000529025506694, -0.0111284554005, 0.0279006045312, -0.0122286677361], [-0.000135842798045, 0.000430246203905, -0.00178139610216, -0.000358905555913, 0.000417799659772, -0.00176937878132, -0.000642973056529, 0.000157362330356, -0.00113627931569, 0.000890518305823, 0.00123674969655, -0.0122286677361, 0.0218459125608]]}, "spectral_contrast_coeffs": {"dmean": [0.055362097919, 0.0493937283754, 0.0416507273912, 0.0319145321846, 0.0225672274828, 0.0169310774654], "dmean2": [0.0893216952682, 0.0793789029121, 0.068149484694, 0.0519399121404, 0.0368121080101, 0.0270018428564], "dvar": [0.00217758840881, 0.00150966155343, 0.00104922661558, 0.000613129581325, 0.000341030914569, 0.000223774899496], "dvar2": [0.00553237088025, 0.00384481111541, 0.00274348910898, 0.00157866708469, 0.000847611634526, 0.000524292408954], "max": [-0.318848073483, -0.47233080864, -0.507117450237, -0.572636246681, -0.638903856277, -0.626462221146], "mean": [-0.652462363243, -0.727077126503, -0.7613697052, -0.773604691029, -0.784966289997, -0.761543154716], "median": [-0.66155320406, -0.729962229729, -0.769814133644, -0.779222488403, -0.788900315762, -0.760013699532], "min": [-0.948948204517, -0.954275965691, -0.958677887917, -0.95442712307, -0.94134670496, -0.933933019638], "var": [0.00662663811818, 0.00412039365619, 0.00399046996608, 0.00219617714174, 0.00124079978559, 0.00100430881139]}, "spectral_contrast_valleys": {"dmean": [0.415325403214, 0.327027261257, 0.285045772791, 0.244972452521, 0.232528984547, 0.19342854619], "dmean2": [0.691471159458, 0.534297525883, 0.464349865913, 0.388392269611, 0.353851050138, 0.301074236631], "dvar": [0.131688058376, 0.0759217515588, 0.0550365447998, 0.0423825383186, 0.0560156628489, 0.0636826753616], "dvar2": [0.33228251338, 0.188762530684, 0.136358976364, 0.0968046486378, 0.113665178418, 0.133929640055], "max": [-5.19035720825, -4.89509725571, -5.54872369766, -5.88757896423, -5.47429990768, -7.50773239136], "mean": [-7.06509494781, -6.29183340073, -6.82663536