{"lowlevel": {"average_loudness": 0.0136453388259, "barkbands_crest": {"dmean": 1.44858753681, "dmean2": 2.34260702133, "dvar": 2.90645027161, "dvar2": 7.41567802429, "max": 26.3526611328, "mean": 13.8099374771, "median": 13.4719333649, "min": 4.3457608223, "var": 17.6856784821}, "barkbands_flatness_db": {"dmean": 0.0339057557285, "dmean2": 0.0597361475229, "dvar": 0.000869637704454, "dvar2": 0.00261413771659, "max": 0.758848488331, "mean": 0.534586787224, "median": 0.543157994747, "min": 0.0597244650126, "var": 0.00822841748595}, "barkbands_kurtosis": {"dmean": 1.36228597164, "dmean2": 2.22299456596, "dvar": 7.11226081848, "dvar2": 17.8183231354, "max": 72.8650360107, "mean": 2.84001398087, "median": 1.26863861084, "min": -1.85241293907, "var": 28.0355930328}, "barkbands_skewness": {"dmean": 0.331215560436, "dmean2": 0.530948698521, "dvar": 0.159988671541, "dvar2": 0.38731944561, "max": 6.53357982635, "mean": 0.0472133941948, "median": 0.00530561292544, "min": -4.92199373245, "var": 1.09867525101}, "barkbands_spread": {"dmean": 0.491305321455, "dmean2": 0.790163457394, "dvar": 0.63784301281, "dvar2": 1.59192681313, "max": 35.1499481201, "mean": 2.93843746185, "median": 2.16332149506, "min": 0.217871531844, "var": 14.1626462936}, "dissonance": {"dmean": 0.0487818345428, "dmean2": 0.0846203789115, "dvar": 0.00314049678855, "dvar2": 0.00826366059482, "max": 0.499998599291, "mean": 0.248117938638, "median": 0.244303911924, "min": 0.0203983187675, "var": 0.0110551975667}, "dynamic_complexity": 7.93850946426, "erbbands_crest": {"dmean": 1.57709038258, "dmean2": 2.47975277901, "dvar": 4.36794281006, "dvar2": 11.6765012741, "max": 33.1834526062, "mean": 17.25715065, "median": 16.8750801086, "min": 2.65649175644, "var": 34.0539398193}, "erbbands_flatness_db": {"dmean": 0.0234455652535, "dmean2": 0.0413979999721, "dvar": 0.000465240649646, "dvar2": 0.00138701102696, "max": 0.629137635231, "mean": 0.488071292639, "median": 0.49785888195, "min": 0.0770810097456, "var": 0.00542918639258}, "erbbands_kurtosis": {"dmean": 1.2142175436, "dmean2": 1.88633835316, "dvar": 6.40093612671, "dvar2": 14.4560956955, "max": 134.930023193, "mean": 4.38257551193, "median": 2.3783864975, "min": -1.81667292118, "var": 74.1058120728}, "erbbands_skewness": {"dmean": 0.255495220423, "dmean2": 0.391224533319, "dvar": 0.102926395833, "dvar2": 0.23994782567, "max": 7.68041563034, "mean": 0.561148226261, "median": 0.558303356171, "min": -4.42851114273, "var": 1.25886332989}, "erbbands_spread": {"dmean": 0.661628067493, "dmean2": 1.01547729969, "dvar": 1.22915828228, "dvar2": 2.81597042084, "max": 43.3903312683, "mean": 4.83048677444, "median": 3.65112614632, "min": 0.382720649242, "var": 27.981338501}, "hfc": {"dmean": 1.0498509407, "dmean2": 1.30010330677, "dvar": 13.5063076019, "dvar2": 22.2413387299, "max": 172.355758667, "mean": 4.78172636032, "median": 1.26267302036, "min": 1.0603489306e-16, "var": 92.9417114258}, "melbands_crest": {"dmean": 1.73644578457, "dmean2": 2.82652330399, "dvar": 4.11106014252, "dvar2": 10.4645586014, "max": 32.6820030212, "mean": 17.2212085724, "median": 16.8064422607, "min": 1.61351430416, "var": 30.0908279419}, "melbands_flatness_db": {"dmean": 0.0409182943404, "dmean2": 0.0723688155413, "dvar": 0.00125070242211, "dvar2": 0.00379130081274, "max": 0.962337493896, "mean": 0.684451758862, "median": 0.696577310562, "min": 0.0028473995626, "var": 0.0147692002356}, "melbands_kurtosis": {"dmean": 1.11158668995, "dmean2": 1.78735840321, "dvar": 3.42782878876, "dvar2": 7.83514928818, "max": 65.6563262939, "mean": 2.48755121231, "median": 1.31278586388, "min": -1.85555827618, "var": 17.8001041412}, "melbands_skewness": {"dmean": 0.30081769824, "dmean2": 0.483635753393, "dvar": 0.139747992158, "dvar2": 0.346748501062, "max": 5.97052717209, "mean": 0.535129010677, "median": 0.462846577168, "min": -3.53988909721, "var": 0.815742433071}, "melbands_spread": {"dmean": 0.794273614883, "dmean2": 1.29328787327, "dvar": 5.9302983284, "dvar2": 15.5852413177, "max": 155.837768555, "mean": 6.10094356537, "median": 2.83578824997, "min": 0.289107501507, "var": 344.206329346}, "pitch_salience": {"dmean": 0.0421797670424, "dmean2": 0.0686181858182, "dvar": 0.00262898975052, "dvar2": 0.00681714620441, "max": 0.939751029015, "mean": 0.51623916626, "median": 0.513526201248, "min": 0.0997245162725, "var": 0.0153251439333}, "silence_rate_20dB": {"dmean": 0.000661594443955, "dmean2": 0.00132333475631, "dvar": 0.000661163823679, "dvar2": 0.0017627235502, "max": 1, "mean": 0.999558985233, "median": 1, "min": 0, "var": 0.00044082783279}, "silence_rate_30dB": {"dmean": 0.0116881681606, "dmean2": 0.0233789142221, "dvar": 0.0115519519895, "dvar2": 0.0254798587412, "max": 1, "mean": 0.97078281641, "median": 1, "min": 0, "var": 0.0283640064299}, "silence_rate_60dB": {"dmean": 0.0401367284358, "dmean2": 0.0802823081613, "dvar": 0.0385295301676, "dvar2": 0.0813411101699, "max": 1, "mean": 0.405622929335, "median": 0, "min": 0, "var": 0.241099253297}, "spectral_centroid": {"dmean": 20.3965072632, "dmean2": 32.2778549194, "dvar": 10764.6201172, "dvar2": 19419.5527344, "max": 12067.0771484, "mean": 541.359008789, "median": 301.746948242, "min": 141.712036133, "var": 2334346.5}, "spectral_complexity": {"dmean": 0.503914415836, "dmean2": 0.869430959225, "dvar": 0.743521511555, "dvar2": 1.49790179729, "max": 16, "mean": 4.76207256317, "median": 4, "min": 0, "var": 8.12529850006}, "spectral_decrease": {"dmean": 1.02042552186e-09, "dmean2": 1.32982191925e-09, "dvar": 1.00245613117e-17, "dvar2": 1.77924035131e-17, "max": 1.08411823869e-21, "mean": -4.33713021053e-09, "median": -1.25540822182e-09, "min": -1.26862047978e-07, "var": 6.97455796145e-17}, "spectral_energy": {"dmean": 0.00394111080095, "dmean2": 0.00512794172391, "dvar": 0.000149057712406, "dvar2": 0.000263870490016, "max": 0.485909759998, "mean": 0.0168031100184, "median": 0.00485440995544, "min": 9.92946637956e-21, "var": 0.00104317907244}, "spectral_energyband_high": {"dmean": 6.52941700707e-09, "dmean2": 1.18442544661e-08, "dvar": 3.75155974537e-16, "dvar2": 1.16138275585e-15, "max": 5.71369412228e-07, "mean": 6.3628911029e-09, "median": 1.19233078966e-09, "min": 7.05861570246e-21, "var": 3.80066568639e-16}, "spectral_energyband_low": {"dmean": 0.00206160033122, "dmean2": 0.00296810269356, "dvar": 7.15112910257e-05, "dvar2": 0.000141140553751, "max": 0.349360138178, "mean": 0.0052428143099, "median": 0.000744880991988, "min": 1.14112950346e-23, "var": 0.000277037441265}, "spectral_energyband_middle_high": {"dmean": 0.00019831462123, "dmean2": 0.00025574080064, "dvar": 6.69309838486e-06, "dvar2": 1.19032265502e-05, "max": 0.18536490202, "mean": 0.000540419365279, "median": 6.23431424174e-06, "min": 1.10064165611e-21, "var": 2.16377447941e-05}, "spectral_energyband_middle_low": {"dmean": 0.00243472144939, "dmean2": 0.00310848769732, "dvar": 4.66897145088e-05, "dvar2": 8.14834638732e-05, "max": 0.191530272365, "mean": 0.0113649563864, "median": 0.0035124188289, "min": 1.33832764304e-22, "var": 0.000398604752263}, "spectral_entropy": {"dmean": 0.111192308366, "dmean2": 0.182345271111, "dvar": 0.0265538226813, "dvar2": 0.0601943060756, "max": 9.8253660202, "mean": 4.57523679733, "median": 4.45686483383, "min": 3.3251183033, "var": 0.74284106493}, "spectral_flux": {"dmean": 0.0110756140202, "dmean2": 0.0176223944873, "dvar": 0.000600601430051, "dvar2": 0.0014046181459, "max": 0.395761847496, "mean": 0.0239844620228, "median": 0.0124015137553, "min": 6.33348373746e-11, "var": 0.00118949497119}, "spectral_kurtosis": {"dmean": 201.341583252, "dmean2": 361.903656006, "dvar": 41815.1914062, "dvar2": 127872.03125, "max": 1875.48547363, "mean": 408.518737793, "median": 353.994628906, "min": -1.26114058495, "var": 58408.6484375}, "spectral_rms": {"dmean": 0.000351843045792, "dmean2": 0.000459165166831, "dvar": 5.20465675891e-07, "dvar2": 8.31854606531e-07, "max": 0.0217728801072, "mean": 0.00300030829385, "median": 0.00217623729259, "min": 3.11244021008e-12, "var": 7.3914047789e-06}, "spectral_rolloff": {"dmean": 32.5378112793, "dmean2": 58.6715087891, "dvar": 47063.3945312, "dvar2": 104382.28125, "max": 19767.4804688, "mean": 761.697875977, "median": 344.53125, "min": 86.1328125, "var": 6863795}, "spectral_skewness": {"dmean": 3.52750515938, "dmean2": 6.2848777771, "dvar": 10.6317539215, "dvar2": 33.2349243164, "max": 34.677898407, "mean": 16.5732536316, "median": 16.2574386597, "min": -0.092379912734, "var": 25.5401821136}, "spectral_spread": {"dmean": 430074.59375, "dmean2": 775549.3125, "dvar": 327665516544, "dvar2": 824615370752, "max": 42599804, "mean": 1467037.875, "median": 554198.9375, "min": 65501.4179688, "var": 32590534803500.0}, "spectral_strongpeak": {"dmean": 0.147745415568, "dmean2": 0.228248685598, "dvar": 0.146765992045, "dvar2": 0.297468930483, "max": 14.3128328323, "mean": 0.699981093407, "median": 0.398534506559, "min": 0, "var": 0.802044928074}, "zerocrossingrate": {"dmean": 0.00128593109548, "dmean2": 0.00181818532292, "dvar": 3.22321393469e-05, "dvar2": 6.97193609085e-05, "max": 0.5283203125, "mean": 0.0238164421171, "median": 0.01318359375, "min": 0.0029296875, "var": 0.0048264269717}, "barkbands": {"dmean": [1.50264186232e-05, 0.00144325045403, 0.000700166041497, 0.000252814090345, 0.000975417206064, 0.00102964695543, 0.000381201913115, 0.000186109435163, 0.000204269366805, 0.000149221043102, 6.32462761132e-05, 8.97123300092e-06, 3.79366133529e-06, 3.71514101971e-06, 9.99294002213e-07, 2.14584531477e-07, 5.88503077381e-08, 1.54638044592e-08, 1.0094556302e-08, 3.18321546899e-09, 1.16782794546e-09, 9.27532550765e-10, 7.73090536033e-10, 7.37042038512e-10, 7.10066450083e-10, 6.96687707524e-10, 7.45231210075e-10], "dmean2": [2.59416447079e-05, 0.00210423301905, 0.00109547574539, 0.000370719586499, 0.0013449623948, 0.00145590526517, 0.00051583169261, 0.000286387919914, 0.000209666221053, 0.000202545197681, 7.37734007998e-05, 1.22866322272e-05, 5.31465184395e-06, 5.11328335051e-06, 1.45132946727e-06, 3.53296741196e-07, 8.39569764821e-08, 2.05387351571e-08, 1.33008635217e-08, 5.00337682396e-09, 2.11274731043e-09, 1.70350500373e-09, 1.4203864751e-09, 1.35418287694e-09, 1.30484001382e-09, 1.27939459027e-09, 1.36809952256e-09], "dvar": [1.70059599736e-09, 5.28375057911e-05, 5.85858470004e-06, 1.06216418772e-06, 8.81924461282e-06, 1.49003426486e-05, 2.3387544843e-06, 1.27810346839e-06, 2.84829275188e-06, 4.6675863814e-06, 1.74802687525e-06, 1.03484936176e-08, 8.08413613829e-10, 1.23078303105e-09, 9.0032488409e-11, 3.43296550041e-12, 2.55497012436e-13, 8.81191753138e-15, 8.79185132086e-15, 8.70861784006e-16, 1.27994644079e-17, 6.94720376034e-18, 4.76532257524e-18, 4.3208407954e-18, 4.00786832524e-18, 3.83549670688e-18, 4.37064575367e-18], "dvar2": [4.61869875679e-09, 0.000103169644717, 1.26962777358e-05, 2.35815605265e-06, 1.47392092913e-05, 3.56695090886e-05, 4.04596494263e-06, 3.12268525704e-06, 3.48263324668e-06, 8.31208581076e-06, 2.96136499855e-06, 2.23070895089e-08, 1.67433056308e-09, 2.48433251748e-09, 1.76798770068e-10, 8.42679658691e-12, 5.02541422105e-13, 1.41417884957e-14, 1.76628256834e-14, 2.19180468893e-15, 3.9201005745e-17, 2.2664199536e-17, 1.57081102015e-17, 1.42442767957e-17, 1.32152740398e-17, 1.26484402532e-17, 1.44168035104e-17], "max": [0.00155834062025, 0.336218357086, 0.0562609694898, 0.0380357727408, 0.124517031014, 0.127295702696, 0.0731178224087, 0.0463268645108, 0.108503289521, 0.185152411461, 0.104940995574, 0.00802205596119, 0.00137840723619, 0.00201736623421, 0.000553245015908, 0.000108004649519, 2.76205319096e-05, 4.68825692224e-06, 4.95664062328e-06, 1.57918282184e-06, 1.2019023643e-07, 4.23451922416e-08, 3.55423921405e-08, 3.38987149462e-08, 3.26638698311e-08, 3.19758477474e-08, 3.42519435037e-08], "mean": [1.6078554836e-05, 0.00333043909632, 0.00159743288532, 0.000646442524157, 0.00401851674542, 0.00374626321718, 0.00168666045647, 0.000527317984961, 0.00064651214052, 0.000390481756767, 0.000155073634232, 2.20345846174e-05, 9.03553063836e-06, 7.83920768299e-06, 2.3137131393e-06, 4.17798503349e-07, 1.5499564654e-07, 4.56325075504e-08, 2.00015666252e-08, 4.21099555226e-09, 1.07224884527e-09, 7.94879995158e-10, 6.52415899083e-10, 6.35285324346e-10, 6.37018549021e-10, 6.61410759495e-10, 7.44505457284e-10], "median": [5.34097762284e-06, 0.000146621328895, 0.0002973395749, 5.07603981532e-05, 0.00108441500925, 0.000765441509429, 0.00011862089741, 3.2100797398e-05, 8.09328776086e-06, 3.04822015096e-06, 4.49428853244e-07, 1.49032786112e-07, 3.49423032731e-08, 2.52738576734e-08, 3.26045568322e-09, 1.52195900327e-09, 8.67937166582e-10, 5.38599831401e-10, 3.15752313185e-10, 2.25697724399e-10, 1.45853190636e-10, 1.21094662076e-10, 1.12134170005e-10, 1.22379967271e-10, 1.44354389553e-10, 1.79794651389e-10, 2.32599800531e-10], "min": [2.30106889601e-26, 1.75060619985e-24, 1.03003225003e-24, 7.04743680821e-25, 7.50089811679e-24, 5.34792197375e-24, 7.21606805405e-24, 3.68060331385e-24, 1.13564226589e-23, 1.38530490948e-23, 1.48844878838e-23, 1.55463122066e-23, 2.59301656104e-23, 3.83216700179e-23, 5.00120963841e-23, 4.4115812346e-23, 5.5132977484e-23, 8.78628479961e-23, 1.09986445772e-22, 1.39854007065e-22, 2.13516071346e-22, 2.68965899546e-22, 3.79005205309e-22, 5.58293346662e-22, 8.67093086851e-22, 1.30395935891e-21, 1.89556111405e-21], "var": [2.08406336633e-09, 0.000202382187126, 1.41727050504e-05, 3.87117052014e-06, 7.99267727416e-05, 7.27940059733e-05, 2.25652693189e-05, 4.7610992624e-06, 1.6235453586e-05, 1.55151046783e-05, 5.51391985937e-06, 1.83214048377e-08, 2.01922012444e-09, 2.35677721783e-09, 1.98408456331e-10, 7.1330224713e-12, 8.34648756359e-13, 4.86318613418e-14, 2.32185740767e-14, 9.05315166773e-16, 1.29874089421e-17, 5.8233461357e-18, 3.67459436131e-18, 3.32649587324e-18, 3.08835574476e-18, 2.96608211341e-18, 3.38630371986e-18]}, "erbbands": {"dmean": [0.0231948755682, 0.385576695204, 0.882464230061, 0.758400559425, 1.61075246334, 3.55693101883, 8.64502716064, 6.89998865128, 5.4926905632, 5.2781920433, 3.38482666016, 4.36739349365, 5.27668237686, 3.84871196747, 0.827152490616, 0.345473855734, 0.218111589551, 0.164553910494, 0.110118724406, 0.040159445256, 0.00824219640344, 0.00334784155712, 0.00110451341607, 0.0005206145579, 0.000441609154223, 0.000144109682878, 5.64607362321e-05, 4.14650021412e-05, 3.39793077728e-05, 2.74020312645e-05, 2.16990338231e-05, 1.66358440765e-05, 1.22717156046e-05, 8.62908746058e-06, 5.74029718337e-06, 3.54199642061e-06, 1.83583063063e-06, 5.07370884861e-07, 1.80075062417e-06, 4.32990691479e-06], "dmean2": [0.0334302410483, 0.562682688236, 1.36924362183, 1.09899401665, 2.30360364914, 4.90244340897, 12.0435705185, 9.72328948975, 7.24974060059, 7.93921899796, 4.78001451492, 4.44604301453, 6.38382101059, 4.89458751678, 1.04216980934, 0.462225228548, 0.295638263226, 0.224813938141, 0.1549372226, 0.0581083633006, 0.0130142299458, 0.004731440451, 0.00148242700379, 0.000635226373561, 0.000637424818706, 0.000229047087487, 9.95753798634e-05, 7.5459931395e-05, 6.20861828793e-05, 4.99227899127e-05, 3.9368544094e-05, 2.99921885016e-05, 2.18691257032e-05, 1.50689584189e-05, 9.69346456259e-06, 5.70924430576e-06, 2.84697262032e-06, 8.68550444011e-07, 2.31902845371e-06, 5.62091599932e-06], "dvar": [0.0164661090821, 3.62367081642, 9.75036048889, 9.11227226257, 32.8526039124, 143.409942627, 909.754272461, 638.332458496, 395.431182861, 987.472167969, 330.693969727, 1641.60864258, 2959.56274414, 3446.05322266, 158.270767212, 13.3251714706, 3.7162604332, 2.26018261909, 1.1423522234, 0.117337889969, 0.00381478108466, 0.00118798750918, 4.95422063977e-05, 9.89815362118e-06, 3.34193973686e-05, 1.77143488145e-06, 3.7942008646e-08, 1.37109994469e-08, 9.30941013166e-09, 5.91820548124e-09, 3.68561270392e-09, 2.14441131519e-09, 1.14456000233e-09, 5.50249790177e-10, 2.35011204941e-10, 8.73331684748e-11, 2.36438559703e-11, 1.88377872329e-12, 3.08188370657e-11, 1.79458378713e-10], "dvar2": [0.0303854886442, 7.17418336868, 21.5067329407, 19.602142334, 65.9564590454, 232.581878662, 1917.1607666, 1497.92333984, 600.146240234, 2250.19921875, 646.531066895, 1894.46582031, 5213.37890625, 6065.86328125, 279.815612793, 27.4587421417, 6.89726305008, 4.07879590988, 2.58480620384, 0.226864874363, 0.00886937789619, 0.0023111011833, 8.31540164654e-05, 1.34306274049e-05, 7.51794577809e-05, 4.5475449042e-06, 1.04612091434e-07, 4.38470451058e-08, 3.00214857418e-08, 1.92671887334e-08, 1.19479626193e-08, 6.88415990879e-09, 3.61055674247e-09, 1.67886249347e-09, 6.72853661676e-10, 2.25119117792e-10, 5.53560947081e-11, 5.54472700393e-12, 5.35498798082e-11, 3.16572934533e-10], "max": [6.59923934937, 84.2297134399, 96.5997467041, 127.483108521, 214.965454102, 711.92010498, 1018.63043213, 1004.27624512, 706.642089844, 1436.14526367, 708.51739502, 3077.31396484, 4066.80273438, 4117.97412109, 998.597839355, 288.257659912, 132.833343506, 114.807846069, 54.2090377808, 20.4667758942, 3.57143998146, 2.01536250114, 0.341281980276, 0.17779506743, 0.34710419178, 0.0724871233106, 0.00724545912817, 0.00199625338428, 0.00165180815384, 0.00136936455965, 0.00110984919593, 0.000889296003152, 0.000694928690791, 0.000526706746314, 0.000380984332878, 0.000253782520304, 0.0001378198358, 4.133406037e-05, 0.000217449967749, 0.000529104319867], "mean": [0.0514588057995, 0.896008968353, 2.08386254311, 1.95395100117, 4.75887155533, 15.3639678955, 31.4106426239, 27.6945095062, 25.4759311676, 18.7867908478, 11.172036171, 14.0973920822, 14.547457695, 9.98295497894, 2.22936940193, 0.869240939617, 0.542790412903, 0.360011070967, 0.240479543805, 0.102138400078, 0.0195482838899, 0.00855375267565, 0.00335989310406, 0.00139112828765, 0.000744008284528, 0.000199754416826, 6.41812512185e-05, 4.12651934312e-05, 3.43462670571e-05, 2.90312400466e-05, 2.52171557804e-05, 2.19417379412e-05, 1.8997630832e-05, 1.61807729455e-05, 1.327087557e-05, 9.98216910375e-06, 5.84934559811e-06, 1.06048582893e-06, 7.79860693001e-06, 1.85288208741e-05], "median": [0.00261839781888, 0.0492241755128, 0.339187353849, 0.370366662741, 0.8037520051, 3.45826864243, 7.63260746002, 5.01967811584, 2.68208122253, 1.3988969326, 0.889942169189, 0.310149431229, 0.150981962681, 0.114957809448, 0.0295189321041, 0.00837088190019, 0.00260390760377, 0.00188330863602, 0.000543524860404, 0.000177850859473, 0.000107731160824, 5.70674201299e-05, 3.60489502782e-05, 2.45852606895e-05, 1.76973717316e-05, 1.20666263683e-05, 8.6458030637e-06, 7.34888726583e-06, 6.84997439748e-06, 6.57177679386e-06, 6.23477990302e-06, 5.85311045143e-06, 5.35890831088e-06, 4.85874898004e-06, 4.07746711062e-06, 3.1293061511e-06, 1.82657106507e-06, 3.37275707807e-07, 2.27630243899e-06, 5.3544340517e-06], "min": [7.65947462041e-23, 4.24658744218e-22, 1.81281316444e-21, 3.88104176901e-21, 1.20027146134e-20, 2.35389704471e-20, 3.40057116371e-20, 6.70733164491e-20, 1.01600281119e-19, 2.07863405201e-19, 1.94746026746e-19, 2.51076406075e-19, 2.6778622993e-19, 2.29252925823e-19, 9.30942045194e-19, 8.2575910267e-19, 1.39891999373e-18, 1.80686107002e-18, 2.61476030929e-18, 2.49763401609e-18, 3.08116444331e-18, 3.97165601239e-18, 4.69191153665e-18, 5.33730307957e-18, 8.09269670749e-18, 8.5804942137e-18, 8.8636331743e-18, 9.39222143805e-18, 8.54904067091e-18, 1.09793519045e-17, 1.17395689378e-17, 1.07921013749e-17, 8.58627620619e-18, 8.25735858895e-18, 5.78679881469e-18, 4.20768372837e-18, 2.20217626823e-18, 8.71479029487e-19, 2.43601924512e-19, 2.48550002614e-20], "var": [0.0763650387526, 13.2161560059, 25.0495643616, 28.7032260895, 147.219436646, 1651.18554688, 4813.72216797, 4545.08007812, 4316.32177734, 4225.73046875, 1827.97277832, 9827.12988281, 10411.2314453, 10679.640625, 488.71307373, 25.3944740295, 8.65279769897, 4.3236656189, 2.21565079689, 0.313362240791, 0.00946477428079, 0.00362085271627, 0.000244897702942, 5.3572057368e-05, 4.90739512315e-05, 1.85519104434e-06, 5.3341540962e-08, 1.39089628703e-08, 9.13498343635e-09, 5.70356206708e-09, 3.85473342135e-09, 2.58189691849e-09, 1.69669400751e-09, 1.09048048369e-09, 6.70091315769e-10, 3.58933466282e-10, 1.20748008814e-10, 4.38451141713e-12, 2.2198133609e-10, 1.26427024405e-09]}, "gfcc": {"mean": [-394.26739502, 262.840423584, 8.75254917145, -52.2906265259, -50.3586578369, -23.0726833344, -25.6609725952, -15.149930954, -8.88419628143, -11.3640193939, -1.55019152164, -6.65856981277, 4.53340148926], "cov": [[26443.5585938, 6421.4453125, -3623.95092773, -2878.37573242, 1033.53564453, 150.872070312, -597.331298828, -257.148010254, 342.101196289, -191.171112061, 99.8384017944, -448.780487061, 6.45664739609], [6421.4453125, 2151.15869141, -330.636810303, -764.688415527, 37.4082603455, -11.5992469788, -137.654418945, -95.3376693726, 50.5464820862, -87.5641174316, 2.62071323395, -148.868118286, -6.82457447052], [-3623.95092773, -330.636810303, 1985.83679199, 955.34777832, -543.614135742, -204.799957275, 138.01423645, -4.33426904678, -100.422897339, -20.9087181091, -63.3315010071, 7.04161262512, -7.2503247261], [-2878.37573242, -764.688415527, 955.34777832, 909.209533691, -140.418121338, -95.1772003174, 97.0204162598, 69.9393463135, -41.669757843, 27.3843784332, -36.0638008118, 30.085149765, -22.7780647278], [1033.53564453, 37.4082603455, -543.614135742, -140.418121338, 507.474853516, 174.129699707, -32.57579422, 26.2403755188, 84.2065582275, 10.5776405334, 13.0216407776, -43.6847686768, -20.7427196503], [150.872070312, -11.5992469788, -204.799957275, -95.1772003174, 174.129699707, 174.576477051, 58.3783226013, 11.8542451859, 15.6525506973, 1.52952742577, -13.3999490738, -4.20512342453, 9.47046947479], [-597.331298828, -137.654418945, 138.01423645, 97.0204162598, -32.57579422, 58.3783226013, 164.308166504, 105.174842834, 15.4633607864, 2.404255867, -4.17106103897, -2.16611409187, -6.96238565445], [-257.148010254, -95.3376693726, -4.33426904678, 69.9393463135, 26.2403755188, 11.8542451859, 105.174842834, 175.209671021, 94.9762878418, 41.0498962402, 18.0459747314, 3.64408278465, -25.4920978546], [342.101196289, 50.5464820862, -100.422897339, -41.669757843, 84.2065582275, 15.6525506973, 15.4633607864, 94.9762878418, 152.730834961, 93.3682403564, 36.9503669739, -11.4162817001, -16.6050491333], [-191.171112061, -87.5641174316, -20.9087181091, 27.3843784332, 10.5776405334, 1.52952742577, 2.404255867, 41.0498962402, 93.3682403564, 114.930252075, 67.4369659424, 23.1169605255, -6.37349224091], [99.8384017944, 2.62071323395, -63.3315010071, -36.0638008118, 13.0216407776, -13.3999490738, -4.17106103897, 18.0459747314, 36.9503669739, 67.4369659424, 100.514778137, 64.8262329102, 10.8159780502], [-448.780487061, -148.868118286, 7.04161262512, 30.085149765, -43.6847686768, -4.20512342453, -2.16611409187, 3.64408278465, -11.4162817001, 23.1169605255, 64.8262329102, 118.748527527, 61.8325424194], [6.45664739609, -6.82457447052, -7.2503247261, -22.7780647278, -20.7427196503, 9.47046947479, -6.96238565445, -25.4920978546, -16.6050491333, -6.37349224091, 10.8159780502, 61.8325424194, 83.0651168823]], "icov": [[0.000473174557555, -0.00148946593981, 0.00125097425189, -0.00127585243899, 0.000329280621372, 0.000113463618618, -0.00050783297047, 0.00124504591804, -0.0017501662951, 0.00172923388891, -0.00133949983865, 0.00080286472803, -0.000631412491202], [-0.00148946593981, 0.00645193783566, -0.00396290235221, 0.00345617649145, 0.00292875384912, -0.00657832249999, 0.00780256930739, -0.00625542877242, 0.000804490584414, 0.00542052555829, -0.00878920406103, 0.00842516962439, -0.00308706657961], [0.00125097425189, -0.00396290235221, 0.0058371052146, -0.00713221495971, 0.00522875832394, -0.00363382906653, -4.03395233661e-06, 0.00514139048755, -0.0102340681478, 0.0128546133637, -0.0114682167768, 0.00761304516345, -0.00380487344228], [-0.00127585243899, 0.00345617649145, -0.00713221495971, 0.0124518508092, -0.0123972240835, 0.0153793618083, -0.00946118123829, -0.00303402589634, 0.0189355798066, -0.0304478351027, 0.0317465141416, -0.0224231928587, 0.0106086106971], [0.000329280621372, 0.00292875384912, 0.00522875832394, -0.0123972240835, 0.027899954468, -0.0391003414989, 0.0315413586795, -0.00882496405393, -0.0285368748009, 0.0577558241785, -0.0664611011744, 0.0513213723898, -0.0221897773445], [0.000113463618618, -0.00657832249999, -0.00363382906653, 0.0153793618083, -0.0391003414989, 0.0673125013709, -0.0563574880362, 0.022767804563, 0.0335003249347, -0.081985026598, 0.100752867758, -0.0788230672479, 0.0341378003359], [-0.00050783297047, 0.00780256930739, -4.03395233661e-06, -0.00946118123829, 0.0315413586795, -0.0563574880362, 0.0630362704396, -0.0350326560438, -0.0167821776122, 0.0636836290359, -0.0855981558561, 0.0728385001421, -0.0346227176487], [0.00124504591804, -0.00625542877242, 0.00514139048755, -0.00303402589634, -0.00882496405393, 0.022767804563, -0.0350326560438, 0.0389774814248, -0.0193879716098, -0.00612104451284, 0.0268844291568, -0.0324865616858, 0.0195685513318], [-0.0017501662951, 0.000804490584414, -0.0102340681478, 0.0189355798066, -0.0285368748009, 0.0335003249347, -0.0167821776122, -0.0193879716098, 0.0705561339855, -0.0901605635881, 0.0734143406153, -0.0426853895187, 0.0156007055193], [0.00172923388891, 0.00542052555829, 0.0128546133637, -0.0304478351027, 0.0577558241785, -0.081985026598, 0.0636836290359, -0.00612104451284, -0.0901605635881, 0.168005675077, -0.168771460652, 0.116572938859, -0.0496191941202], [-0.00133949983865, -0.00878920406103, -0.0114682167768, 0.0317465141416, -0.0664611011744, 0.100752867758, -0.0855981558561, 0.0268844291568, 0.0734143406153, -0.168771460652, 0.21113550663, -0.160469442606, 0.0737642496824], [0.00080286472803, 0.00842516962439, 0.00761304516345, -0.0224231928587, 0.0513213723898, -0.0788230672479, 0.0728385001421, -0.0324865616858, -0.0426853895187, 0.116572938859, -0.160469442606, 0.144611313939, -0.0732569545507], [-0.000631412491202, -0.00308706657961, -0.00380487344228, 0.0106086106971, -0.0221897773445, 0.0341378003359, -0.0346227176487, 0.0195685513318, 0.0156007055193, -0.0496191941202, 0.0737642496824, -0.0732569545507, 0.0523193106055]]}, "melbands": {"dmean": [0.000316296267556, 0.000487529643578, 0.000144981124322, 0.000176775545697, 0.000273050187388, 0.000165871766512, 8.01515561761e-05, 5.509777111e-05, 2.70065029326e-05, 2.90404295811e-05, 2.70168166026e-05, 1.69239629031e-05, 4.82317091155e-06, 6.97077780387e-07, 9.99862209028e-07, 3.73853424662e-07, 3.02649169726e-07, 2.12295162783e-07, 8.53731876305e-08, 2.59688750504e-08, 5.96454929891e-09, 3.71187325321e-09, 1.41331824022e-09, 7.962601134e-10, 4.22007734313e-10, 3.86989357226e-10, 2.04627412237e-10, 7.27640933618e-11, 3.52827211891e-11, 2.82193417939e-11, 2.26778439777e-11, 1.96224304166e-11, 1.67368827131e-11, 1.44559034881e-11, 1.25642144258e-11, 1.09471008647e-11, 9.57734759555e-12, 8.41307232213e-12, 7.40837512864e-12, 6.5600224905e-12], "dmean2": [0.00045570297516, 0.000730356492568, 0.000203945106477, 0.000249610369792, 0.000377500575269, 0.000232830177993, 0.000105912185973, 8.36479230202e-05, 3.6838962842e-05, 2.90816169581e-05, 3.34693359036e-05, 2.19359753828e-05, 5.83780865782e-06, 1.0182262713e-06, 1.31128899739e-06, 5.36602897228e-07, 4.12093214663e-07, 3.01068098452e-07, 1.21518581864e-07, 4.12847391829e-08, 9.45446476663e-09, 5.30361532469e-09, 1.93951144034e-09, 1.04663799849e-09, 5.01180652535e-10, 5.40422040451e-10, 3.10839104456e-10, 1.18355381051e-10, 6.27393553776e-11, 5.09343227317e-11, 4.16094381173e-11, 3.60188580351e-11, 3.07318198667e-11, 2.65507789365e-11, 2.30822427144e-11, 2.01097107716e-11, 1.75962976828e-11, 1.54540095998e-11, 1.36111157067e-11, 1.2054148478e-11], "dvar": [2.85190253635e-06, 3.56018267667e-06, 2.58048970636e-07, 3.33129804631e-07, 7.99631663995e-07, 3.59812560191e-07, 7.90147467455e-08, 1.0768159342e-07, 2.64152895113e-08, 7.72754518152e-08, 8.97091965157e-08, 6.2776095433e-08, 8.22592660654e-09, 4.04202157855e-11, 2.07062644808e-10, 1.05453389077e-11, 7.35638286398e-12, 5.5812065039e-12, 8.96855614947e-13, 3.88546887806e-14, 1.82690458932e-15, 1.30102640748e-15, 1.41952597269e-16, 2.47560201912e-17, 7.72516299054e-18, 2.25600128292e-17, 5.05368849012e-18, 5.68562438942e-19, 1.49616147893e-20, 7.70539339329e-21, 4.08393043246e-21, 3.18803990885e-21, 2.22845001572e-21, 1.66361752964e-21, 1.25514732191e-21, 9.54073571836e-22, 7.28669278296e-22, 5.61397091495e-22, 4.35702796891e-22, 3.40919909573e-22], "dvar2": [5.34771515959e-06, 7.51698325985e-06, 5.32242438567e-07, 6.07936328834e-07, 1.61187153935e-06, 8.52058064993e-07, 1.23119235695e-07, 2.52388446143e-07, 4.48525980801e-08, 9.07087951418e-08, 1.5818577026e-07, 1.09800680548e-07, 1.42866865005e-08, 1.04597761008e-10, 3.95926819108e-10, 2.19387147338e-11, 1.32695235008e-11, 1.27316334558e-11, 1.71445746055e-12, 9.11956464121e-14, 4.23596814702e-15, 2.52282516472e-15, 2.75582725255e-16, 3.96556705318e-17, 9.7127034674e-18, 4.79224275469e-17, 1.21035308888e-17, 1.47387031205e-18, 4.16949305798e-20, 2.30830501423e-20, 1.33560677216e-20, 1.02886687528e-20, 7.32970799235e-21, 5.48183375983e-21, 4.13739707697e-21, 3.14512426001e-21, 2.40207878058e-21, 1.85108682754e-21, 1.43653817517e-21, 1.12419711847e-21], "max": [0.082937002182, 0.0682917833328, 0.0191700197756, 0.0329066179693, 0.0322743505239, 0.0206251200289, 0.00912306364626, 0.0128240343183, 0.00778182409704, 0.0211060158908, 0.0230687391013, 0.0152946319431, 0.00724494177848, 0.000356896023732, 0.00113764882553, 0.0001427725947, 0.000196504071937, 0.000122348574223, 6.10989591223e-05, 1.04788787212e-05, 2.14730357584e-06, 2.02747605726e-06, 6.47700915124e-07, 2.60226528326e-07, 1.81726392157e-07, 2.6458920388e-07, 1.04544746193e-07, 4.87899782797e-08, 4.7039794282e-09, 2.68531641368e-09, 1.03750352753e-09, 1.10562115019e-09, 7.66350316539e-10, 6.64028942943e-10, 5.77182357464e-10, 5.02919039747e-10, 4.39837166688e-10, 3.86343401715e-10, 3.40716566072e-10, 3.01403124681e-10], "mean": [0.000727900536731, 0.00118399551138, 0.000402673467761, 0.000673088245094, 0.00104635150637, 0.000651547627058, 0.000371618632926, 0.000183484662557, 8.77578931977e-05, 9.17407232919e-05, 7.36866495572e-05, 4.40144758613e-05, 1.22780284073e-05, 1.82672920346e-06, 2.35884976973e-06, 8.77003287769e-07, 6.31288230579e-07, 4.49057296237e-07, 1.9924222272e-07, 6.20948910068e-08, 1.35408351198e-08, 9.28291310487e-09, 3.92271548577e-09, 2.20081153302e-09, 1.03686392805e-09, 7.00330016201e-10, 2.71172612143e-10, 8.96456034405e-11, 3.61813669303e-11, 2.64471309436e-11, 1.93977924001e-11, 1.69508053427e-11, 1.41423305358e-11, 1.21524621963e-11, 1.06062623961e-11, 9.28125458433e-12, 8.20111773631e-12, 7.27410015902e-12, 6.5066029821e-12, 5.82423389031e-12], "median": [3.22045088978e-05, 0.000160992145538, 8.06888856459e-05, 0.000140449905302, 0.00027620641049, 0.00012418992992, 3.76231182599e-05, 1.24173711811e-05, 5.35423396286e-06, 1.20486265587e-06, 5.76571892452e-07, 3.89368778997e-07, 7.57028999487e-08, 2.18104432292e-08, 4.74897721148e-09, 3.35552985398e-09, 2.45630316087e-09, 6.16583450963e-10, 2.20478552082e-10, 1.27907462399e-10, 9.21322601544e-11, 4.91041582396e-11, 3.22309193224e-11, 2.43156033503e-11, 1.67535187112e-11, 1.12022353199e-11, 9.13095467292e-12, 6.03469704763e-12, 4.31727483624e-12, 3.50575124486e-12, 2.8838645881e-12, 2.52481737774e-12, 2.23069587975e-12, 2.0184188522e-12, 1.84746228732e-12, 1.66173596151e-12, 1.53374838871e-12, 1.44517232382e-12, 1.38590170156e-12, 1.29443179266e-12], "min": [8.25603679603e-25, 6.31006288212e-25, 7.61217986507e-25, 1.5920102508e-24, 1.03047657593e-24, 1.56431965531e-24, 1.66175087964e-24, 1.87034404399e-24, 1.61463083726e-24, 1.56933779674e-24, 8.33074093768e-25, 5.03240502458e-25, 2.58528177986e-24, 2.49649173789e-24, 1.91512353606e-24, 2.57761523515e-24, 3.04621675666e-24, 3.52915030308e-24, 3.42012775383e-24, 3.50321413424e-24, 2.71002731303e-24, 3.73580740556e-24, 3.01670606184e-24, 4.22945368308e-24, 3.06295322962e-24, 4.25713717883e-24, 3.80293355214e-24, 4.00757511501e-24, 5.11342715322e-24, 4.61059656261e-24, 4.8142307501e-24, 4.52922950454e-24, 5.40838185125e-24, 4.34414617009e-24, 4.73775699622e-24, 5.19243748933e-24, 5.77351124883e-24, 5.53182201684e-24, 5.32565361369e-24, 5.83722320541e-24], "var": [1.18587067846e-05, 1.11118479253e-05, 9.4982834753e-07, 3.19061427945e-06, 4.77040794067e-06, 2.24668906412e-06, 8.69388316005e-07, 4.23039409725e-07, 1.54300963118e-07, 4.51698468851e-07, 3.11043294232e-07, 1.99755788799e-07, 2.54975383029e-08, 6.25671112142e-11, 3.98450550332e-10, 2.45282127942e-11, 1.42490377136e-11, 1.06130486344e-11, 1.93116074347e-12, 1.23025165901e-13, 4.29633491462e-15, 4.04011210676e-15, 4.85672439511e-16, 1.2327335026e-16, 3.93583354975e-17, 5.49709758215e-17, 5.24817643652e-18, 5.63195794525e-19, 1.89652174216e-20, 9.18209657922e-21, 3.3985818105e-21, 2.83168460406e-21, 1.76586864519e-21, 1.28989345148e-21, 9.6821652258e-22, 7.34306970574e-22, 5.61275670024e-22, 4.32117152709e-22, 3.35575522091e-22, 2.62525109001e-22]}, "mfcc": {"mean": [-950.050415039, 210.130203247, 98.5981369019, 21.1708145142, -5.06668996811, -11.0028028488, -12.4764881134, -9.5009765625, -5.28990650177, -4.04895925522, -5.46185779572, -5.92950630188, -2.67421269417], "cov": [[5387.20703125, 4556.73535156, -363.72857666, -1637.63269043, -335.493438721, 297.552703857, 82.7578887939, 4.23148584366, 95.2354278564, 122.200653076, 47.0649757385, -51.2183647156, -31.2184638977], [4556.73535156, 4069.8215332, 123.816795349, -1153.08239746, -327.550018311, 175.454742432, 54.0071525574, 4.99178886414, 89.5983810425, 113.186668396, 37.2701377869, -51.9451751709, -37.2452430725], [-363.72857666, 123.816795349, 937.174560547, 691.377502441, 14.5743741989, -177.452468872, -51.4038619995, 13.2802209854, 19.3048057556, 16.3593921661, 3.15678048134, -5.06117248535, -17.9120616913], [-1637.63269043, -1153.08239746, 691.377502441, 1037.91149902, 283.142852783, -148.904159546, -72.0181121826, 17.0075798035, -1.62055206299, -14.7163944244, 7.70595836639, 27.0051441193, 3.26053571701], [-335.493438721, -327.550018311, 14.5743741989, 283.142852783, 274.906524658, 104.555809021, 2.25634431839, -3.36407661438, 1.21324837208, 0.457931578159, 9.28869915009, 13.7187604904, 5.42708110809], [297.552703857, 175.454742432, -177.452468872, -148.904159546, 104.555809021, 187.951019287, 86.083404541, 4.04830741882, -0.416597604752, 7.56434249878, -3.77190923691, -17.0631561279, -14.0359535217], [82.7578887939, 54.0071525574, -51.4038619995, -72.0181121826, 2.25634431839, 86.083404541, 105.867729187, 64.9211349487, 22.1402606964, 6.81117963791, -3.20159244537, -19.2680931091, -25.5419235229], [4.23148584366, 4.99178886414, 13.2802209854, 17.0075798035, -3.36407661438, 4.04830741882, 64.9211349487, 101.436248779, 70.147819519, 26.3999710083, 8.66401195526, -1.76038348675, -15.0674858093], [95.2354278564, 89.5983810425, 19.3048057556, -1.62055206299, 1.21324837208, -0.416597604752, 22.1402606964, 70.147819519, 94.5487213135, 73.483291626, 36.054309845, 9.37020111084, -7.09125471115], [122.200653076, 113.186668396, 16.3593921661, -14.7163944244, 0.457931578159, 7.56434249878, 6.81117963791, 26.3999710083, 73.483291626, 108.18598938, 88.1957626343, 34.6564445496, -5.24740219116], [47.0649757385, 37.2701377869, 3.15678048134, 7.70595836639, 9.28869915009, -3.77190923691, -3.20159244537, 8.66401195526, 36.054309845, 88.1957626343, 118.570373535, 85.5701370239, 24.891418457], [-51.2183647156, -51.9451751709, -5.06117248535, 27.0051441193, 13.7187604904, -17.0631561279, -19.2680931091, -1.76038348675, 9.37020111084, 34.6564445496, 85.5701370239, 113.321060181, 82.961769104], [-31.2184638977, -37.2452430725, -17.9120616913, 3.26053571701, 5.42708110809, -14.0359535217, -25.5419235229, -15.0674858093, -7.09125471115, -5.24740219116, 24.891418457, 82.961769104, 113.693756104]], "icov": [[-296.37588501, 694.265258789, -1415.33740234, 2312.68310547, -3061.80981445, 3408.8203125, -3260.88208008, 2699.72363281, -1924.43200684, 1159.49707031, -567.437255859, 206.73109436, -44.1861038208], [694.265258789, -1554.11022949, 3053.1953125, -4916.30712891, 6466.62207031, -7175.28466797, 6850.21337891, -5663.90576172, 4033.49267578, -2428.35205078, 1187.5657959, -432.364654541, 92.3443374634], [-1415.33740234, 3053.1953125, -5806.51367188, 9223.9765625, -12058.4609375, 13336.84375, -12708.0664062, 10493.7158203, -7465.8046875, 4491.20703125, -2194.79321289, 798.494506836, -170.406188965], [2312.68310547, -4916.30712891, 9223.9765625, -14567.3886719, 18992.4199219, -20975.3886719, 19968.5351562, -16478.6757812, 11718.0117188, -7046.12988281, 3441.87109375, -1251.62915039, 266.969268799], [-3061.80981445, 6466.62207031, -12058.4609375, 18992.4199219, -24729.8007812, 27292.078125, -25969.5507812, 21422.9589844, -15228.9238281, 9154.33398438, -4470.125, 1624.90759277, -346.419921875], [3408.8203125, -7175.28466797, 13336.84375, -20975.3886719, 27292.078125, -30106.5507812, 28638.2070312, -23617.5410156, 16784.1347656, -10086.0390625, 4923.27832031, -1788.84558105, 381.157226562], [-3260.88208008, 6850.21337891, -12708.0664062, 19968.5351562, -25969.5507812, 28638.2070312, -27233.7675781, 22452.9941406, -15951.6279297, 9582.359375, -4675.38037109, 1697.86010742, -361.515991211], [2699.72363281, -5663.90576172, 10493.7158203, -16478.6757812, 21422.9589844, -23617.5410156, 22452.9941406, -18505.7539062, 13142.6279297, -7891.56005859, 3848.31494141, -1396.54833984, 297.090515137], [-1924.43200684, 4033.49267578, -7465.8046875, 11718.0117188, -15228.9238281, 16784.1347656, -15951.6279297, 13142.6279297, -9329.71582031, 5599.05126953, -2728.45019531, 989.241333008, -210.1824646], [1159.49707031, -2428.35205078, 4491.20703125, -7046.12988281, 9154.33398438, -10086.0390625, 9582.359375, -7891.56005859, 5599.05126953, -3357.81884766, 1634.74865723, -591.956970215, 125.552780151], [-567.437255859, 1187.5657959, -2194.79321289, 3441.87109375, -4470.125, 4923.27832031, -4675.38037109, 3848.31494141, -2728.45019531, 1634.74865723, -794.804626465, 287.256958008, -60.7559967041], [206.73109436, -432.364654541, 798.494506836, -1251.62915039, 1624.90759277, -1788.84558105, 1697.86010742, -1396.54833984, 989.241333008, -591.956970215, 287.256958008, -103.506057739, 21.7864952087], [-44.1861038208, 92.3443374634, -170.406188965, 266.969268799, -346.419921875, 381.157226562, -361.515991211, 297.090515137, -210.1824646, 125.552780151, -60.7559967041, 21.7864952087, -4.5389585495]]}, "spectral_contrast_coeffs": {"dmean": [0.0359398834407, 0.0289841275662, 0.0241736322641, 0.0283679179847, 0.0237381774932, 0.0193356573582], "dmean2": [0.0593913048506, 0.0464089661837, 0.037804286927, 0.047945022583, 0.0415183715522, 0.0351123660803], "dvar": [0.00106016895734, 0.0010386974318, 0.000684452999849, 0.00065030780388, 0.000549243472051, 0.000313099066261], "dvar2": [0.00269290618598, 0.00248182076029, 0.00145341677126, 0.00174809864257, 0.00162082957104, 0.000902895058971], "max": [-0.243960991502, -0.326530277729, -0.320209145546, -0.497711926699, -0.63718098402, -0.802978754044], "mean": [-0.582800209522, -0.622718989849, -0.704339265823, -0.79844045639, -0.871500313282, -0.938313663006], "median": [-0.575752437115, -0.619014978409, -0.711422920227, -0.805872499943, -0.898914694786, -0.942698895931], "min": [-0.98135882616, -0.978707313538, -0.977617621422, -0.984683930874, -0.973695516586, -0.965374946594], "var": [0.0119909858331, 0.00940499547869, 0.00838852114975, 0.00797547772527, 0.00461348192766, 0.00048051396152]}, "spectral_contrast_valleys": {"dmean": [0.407910913229, 0.288944542408, 0.305037349463, 0.46929988265, 0.514585256577, 0.839778959751], "dmean2": [0.662327885628, 0.457590401173, 0.492965787649, 0.816481530666, 0.917469024658, 1.50918853283], "dvar": [0.189145728946, 0.159546390176, 0.177257359028, 0.248315453529, 0.21444863081, 0.509771049023], "dvar2": [0.366816431284, 0.291817486286, 0.349995166063, 0.659191787243, 0.625972211361, 1.54282593727], "max": [-4.9019536972, -4.54025030136, -6.23470592499, -7.75648880005, -10.0519332886, -11.966006279], "mean"