{"lowlevel": {"average_loudness": 0.906457901001, "barkbands_crest": {"dmean": 2.52167892456, "dmean2": 3.67449402809, "dvar": 5.32389736176, "dvar2": 10.2813768387, "max": 24.7881355286, "mean": 10.9421339035, "median": 9.57681179047, "min": 2.68228435516, "var": 26.1015586853}, "barkbands_flatness_db": {"dmean": 0.0236022844911, "dmean2": 0.0292135737836, "dvar": 0.000489356869366, "dvar2": 0.000802304130048, "max": 0.293280929327, "mean": 0.135868445039, "median": 0.130100846291, "min": 0.0222814492881, "var": 0.00242348457687}, "barkbands_kurtosis": {"dmean": 4.10372018814, "dmean2": 4.82551527023, "dvar": 51.3350334167, "dvar2": 70.3987731934, "max": 96.0970458984, "mean": 6.06828927994, "median": 1.85066127777, "min": -1.73071348667, "var": 136.876617432}, "barkbands_skewness": {"dmean": 0.638096809387, "dmean2": 0.713776111603, "dvar": 0.438354164362, "dvar2": 0.534921586514, "max": 8.95544719696, "mean": 1.88692045212, "median": 1.50196397305, "min": -2.01369762421, "var": 2.47443509102}, "barkbands_spread": {"dmean": 7.3947930336, "dmean2": 9.79228687286, "dvar": 65.9482269287, "dvar2": 129.029251099, "max": 82.1208496094, "mean": 24.3081207275, "median": 20.2560138702, "min": 2.34080672264, "var": 227.303192139}, "dissonance": {"dmean": 0.017801489681, "dmean2": 0.028839122504, "dvar": 0.000280835578451, "dvar2": 0.000649174442515, "max": 0.500000119209, "mean": 0.457373976707, "median": 0.464097678661, "min": 0.231613203883, "var": 0.00082433357602}, "dynamic_complexity": 3.4100022316, "erbbands_crest": {"dmean": 2.3836042881, "dmean2": 3.72879219055, "dvar": 5.45926380157, "dvar2": 12.5751199722, "max": 29.537361145, "mean": 8.2164182663, "median": 7.29735088348, "min": 2.64818954468, "var": 15.111492157}, "erbbands_flatness_db": {"dmean": 0.0167849045247, "dmean2": 0.0237204097211, "dvar": 0.000358843884896, "dvar2": 0.000671353249345, "max": 0.310263097286, "mean": 0.138893336058, "median": 0.127643808722, "min": 0.055772382766, "var": 0.00288872327656}, "erbbands_kurtosis": {"dmean": 0.689650118351, "dmean2": 1.04135501385, "dvar": 0.748129069805, "dvar2": 1.72626006603, "max": 10.4887475967, "mean": -0.117688283324, "median": -0.373701810837, "min": -1.70576381683, "var": 1.56935214996}, "erbbands_skewness": {"dmean": 0.322900354862, "dmean2": 0.456225186586, "dvar": 0.081383548677, "dvar2": 0.178786620498, "max": 2.73536849022, "mean": 0.242156088352, "median": 0.235657468438, "min": -2.53571987152, "var": 0.37955224514}, "erbbands_spread": {"dmean": 10.4291887283, "dmean2": 13.6730499268, "dvar": 132.970046997, "dvar2": 199.619628906, "max": 136.010345459, "mean": 50.3557777405, "median": 43.0301170349, "min": 6.35578155518, "var": 753.134399414}, "hfc": {"dmean": 10.9736118317, "dmean2": 14.7716827393, "dvar": 403.322845459, "dvar2": 865.729980469, "max": 154.369140625, "mean": 20.0386199951, "median": 10.4462690353, "min": 0.000203362171305, "var": 645.018920898}, "melbands_crest": {"dmean": 3.08716893196, "dmean2": 4.56004190445, "dvar": 8.36345291138, "dvar2": 17.9442806244, "max": 31.1589126587, "mean": 15.2644090652, "median": 14.4672174454, "min": 3.13326787949, "var": 38.3779754639}, "melbands_flatness_db": {"dmean": 0.0292402748019, "dmean2": 0.033965844661, "dvar": 0.000729755091015, "dvar2": 0.00119003001601, "max": 0.392194390297, "mean": 0.199673041701, "median": 0.192038670182, "min": 0.0193516816944, "var": 0.00405455566943}, "melbands_kurtosis": {"dmean": 14.0194883347, "dmean2": 16.2825317383, "dvar": 695.071716309, "dvar2": 1023.53045654, "max": 334.439941406, "mean": 25.9632091522, "median": 10.4098052979, "min": -1.57594776154, "var": 1778.58447266}, "melbands_skewness": {"dmean": 1.01002454758, "dmean2": 1.09152328968, "dvar": 1.26623368263, "dvar2": 1.44755518436, "max": 15.4699783325, "mean": 3.53782844543, "median": 2.80374073982, "min": -0.614977955818, "var": 7.37300205231}, "melbands_spread": {"dmean": 7.11196327209, "dmean2": 9.2841758728, "dvar": 62.2319030762, "dvar2": 114.200241089, "max": 146.601547241, "mean": 21.9779968262, "median": 19.0103969574, "min": 1.23073613644, "var": 243.617828369}, "pitch_salience": {"dmean": 0.0789102017879, "dmean2": 0.112772256136, "dvar": 0.00641000969335, "dvar2": 0.0135529469699, "max": 0.930588960648, "mean": 0.490978181362, "median": 0.52676898241, "min": 0.0801287144423, "var": 0.0247287191451}, "silence_rate_20dB": {"dmean": 0, "dmean2": 0, "dvar": 0, "dvar2": 0, "max": 1, "mean": 1, "median": 1, "min": 1, "var": 0}, "silence_rate_30dB": {"dmean": 0.0601036287844, "dmean2": 0.120269566774, "dvar": 0.0564902462065, "dvar2": 0.10787872225, "max": 1, "mean": 0.922837913036, "median": 1, "min": 0, "var": 0.0712071731687}, "silence_rate_60dB": {"dmean": 0.05284973979, "dmean2": 0.105235874653, "dvar": 0.050056040287, "dvar2": 0.1117894575, "max": 1, "mean": 0.134645268321, "median": 0, "min": 0, "var": 0.116514451802}, "spectral_centroid": {"dmean": 265.074249268, "dmean2": 347.96572876, "dvar": 70431.171875, "dvar2": 129615.578125, "max": 3797.65625, "mean": 1372.15808105, "median": 1256.8581543, "min": 240.496902466, "var": 365064.21875}, "spectral_complexity": {"dmean": 3.90984463692, "dmean2": 5.83877658844, "dvar": 26.6458358765, "dvar2": 53.238494873, "max": 48, "mean": 14.7809429169, "median": 13, "min": 0, "var": 55.6811790466}, "spectral_decrease": {"dmean": 3.39699579577e-09, "dmean2": 3.5752039107e-09, "dvar": 2.87959305982e-17, "dvar2": 3.37076463575e-17, "max": -4.29989843517e-16, "mean": -7.95854315783e-09, "median": -3.61237306734e-09, "min": -5.00619918853e-08, "var": 1.03657886999e-16}, "spectral_energy": {"dmean": 0.0134822819382, "dmean2": 0.0143006853759, "dvar": 0.000433135341154, "dvar2": 0.000518271292094, "max": 0.194866865873, "mean": 0.0318549498916, "median": 0.0147191667929, "min": 2.00684286966e-08, "var": 0.00157301221043}, "spectral_energyband_high": {"dmean": 0.00112743477803, "dmean2": 0.00159254379105, "dvar": 5.1039214668e-06, "dvar2": 1.11124618343e-05, "max": 0.0175431035459, "mean": 0.00150934769772, "median": 0.000365471758414, "min": 1.63792552854e-08, "var": 7.1700483204e-06}, "spectral_energyband_low": {"dmean": 0.0116359451786, "dmean2": 0.0138414436951, "dvar": 0.000556504703127, "dvar2": 0.000868509814609, "max": 0.176649451256, "mean": 0.0207857862115, "median": 0.00486639002338, "min": 8.81112266482e-11, "var": 0.00126789289061}, "spectral_energyband_middle_high": {"dmean": 0.00101319723763, "dmean2": 0.00155824667308, "dvar": 1.77274955604e-06, "dvar2": 4.09758604292e-06, "max": 0.0155116813257, "mean": 0.00262326304801, "median": 0.00200386345387, "min": 2.98716540392e-09, "var": 4.16992224928e-06}, "spectral_energyband_middle_low": {"dmean": 0.00600833678618, "dmean2": 0.00939745735377, "dvar": 0.00018526086933, "dvar2": 0.000387203443097, "max": 0.102181077003, "mean": 0.00932369381189, "median": 0.00389286736026, "min": 6.56430354518e-10, "var": 0.0002097372344}, "spectral_entropy": {"dmean": 0.176687225699, "dmean2": 0.252075940371, "dvar": 0.0383016467094, "dvar2": 0.0807122886181, "max": 8.67463874817, "mean": 7.62516736984, "median": 7.63796138763, "min": 6.24763250351, "var": 0.212058201432}, "spectral_flux": {"dmean": 0.032877869904, "dmean2": 0.0399032346904, "dvar": 0.00167278107256, "dvar2": 0.0022108796984, "max": 0.37198522687, "mean": 0.086155667901, "median": 0.0535015724599, "min": 0.000141663083923, "var": 0.00676147267222}, "spectral_kurtosis": {"dmean": 1.32725763321, "dmean2": 2.15506982803, "dvar": 3.06610965729, "dvar2": 8.06571674347, "max": 21.0668087006, "mean": 3.77204298973, "median": 2.44245672226, "min": -0.404328584671, "var": 12.4064283371}, "spectral_rms": {"dmean": 0.00101300596725, "dmean2": 0.00106349796988, "dvar": 1.60731963206e-06, "dvar2": 1.98841644306e-06, "max": 0.0137881841511, "mean": 0.00468334089965, "median": 0.00378948054276, "min": 4.42481132268e-06, "var": 9.14431348065e-06}, "spectral_rolloff": {"dmean": 725.803161621, "dmean2": 1119.51501465, "dvar": 1317633.875, "dvar2": 2686657.25, "max": 16343.7011719, "mean": 1641.74450684, "median": 1076.66015625, "min": 86.1328125, "var": 2798455.75}, "spectral_skewness": {"dmean": 0.208564132452, "dmean2": 0.313543409109, "dvar": 0.0492785833776, "dvar2": 0.107246041298, "max": 3.39921164513, "mean": 1.42949068546, "median": 1.31903958321, "min": 0.272425174713, "var": 0.297063618898}, "spectral_spread": {"dmean": 611837.5625, "dmean2": 873126.6875, "dvar": 583223345152, "dvar2": 1177377701890.0, "max": 11075102, "mean": 5561866.5, "median": 5596398.5, "min": 1891655.875, "var": 4021868560380.0}, "spectral_strongpeak": {"dmean": 0.359906971455, "dmean2": 0.581317484379, "dvar": 0.478213518858, "dvar2": 1.18793833256, "max": 8.87940883636, "mean": 0.732411324978, "median": 0.506531834602, "min": 0.000465143442852, "var": 0.683501243591}, "zerocrossingrate": {"dmean": 0.0144614735618, "dmean2": 0.0148033509031, "dvar": 0.000195358006749, "dvar2": 0.000246583978878, "max": 0.3701171875, "mean": 0.0682468488812, "median": 0.0615234375, "min": 0.0068359375, "var": 0.00139022036456}, "barkbands": {"dmean": [1.5204968804e-05, 0.00625797826797, 0.00807630736381, 0.00427528610453, 0.00253140134737, 0.000430134503404, 0.00033003705903, 0.000441596173914, 0.000167631034856, 0.000210153753869, 0.000326830981066, 0.000168194281287, 0.000154660127009, 0.00020844808023, 0.000127094928757, 0.000115284361527, 0.000121489036246, 4.96457505506e-05, 8.94212571438e-05, 0.000145082638483, 0.000210303784115, 0.000245448085479, 0.000242293026531, 0.000200719732675, 0.00011421576346, 7.87078024587e-05, 2.54549995589e-05], "dmean2": [1.64101511473e-05, 0.00778263900429, 0.0126256179065, 0.00747099425644, 0.00454374682158, 0.000583578890655, 0.00044745602645, 0.000633539224509, 0.000244477036176, 0.000324145075865, 0.000512406462803, 0.000278112944216, 0.000254262180533, 0.000333974108798, 0.000209951336728, 0.000191380415345, 0.000203719435376, 8.12417711131e-05, 0.000140763586387, 0.000211338003282, 0.000327376532368, 0.00034600586514, 0.0003524114436, 0.000286206050077, 0.000163323231391, 0.000117162693641, 3.77201795345e-05], "dvar": [5.71477143385e-10, 0.000151050859131, 0.000514772895258, 0.000159089875524, 5.4680811445e-05, 4.33879847606e-07, 2.12543369571e-07, 5.27878910361e-07, 1.10970724165e-07, 1.25638237591e-07, 3.05109779219e-07, 9.08712820546e-08, 1.16785081161e-07, 1.80233215019e-07, 4.47737740217e-08, 5.22682412907e-08, 4.43564651675e-08, 1.29213493238e-08, 4.77607606797e-08, 7.52739879317e-08, 2.0627003039e-07, 2.17640433675e-07, 3.0016175856e-07, 1.60078727163e-07, 5.37241504617e-08, 3.20784074859e-08, 3.84814358156e-09], "dvar2": [5.87144888264e-10, 0.000261888053501, 0.00116387498565, 0.000422076729592, 0.00015313156473, 9.48062449879e-07, 3.77745692504e-07, 1.04733771877e-06, 2.21591932359e-07, 2.88920318781e-07, 7.16570127679e-07, 2.44704409624e-07, 3.09837332679e-07, 4.03902447488e-07, 1.02766733789e-07, 1.26394567701e-07, 1.17312154657e-07, 3.48827704499e-08, 1.00165301831e-07, 1.58107525294e-07, 5.01278293541e-07, 4.56910413504e-07, 6.87718738845e-07, 3.52517133706e-07, 1.09200612997e-07, 7.2148424124e-08, 8.69290328609e-09], "max": [0.000448883336503, 0.0900123119354, 0.139921888709, 0.0799686089158, 0.06558059901, 0.0106513891369, 0.0133051751181, 0.0114972637966, 0.00743993278593, 0.00525519391522, 0.00824155658484, 0.00421547656879, 0.0080944634974, 0.00765376770869, 0.00334393489175, 0.00359817454591, 0.00278919492848, 0.00245716422796, 0.00787882506847, 0.00218822387978, 0.00346071529202, 0.00382913881913, 0.00485525419936, 0.00392462546006, 0.00256214058027, 0.00214915955439, 0.000635921955109], "mean": [3.37803685397e-05, 0.0103271240368, 0.00813329406083, 0.00370548269711, 0.00241565308534, 0.00104418105911, 0.000791972561274, 0.000871268042829, 0.000306260713842, 0.000331042479957, 0.000514200364705, 0.000244759925408, 0.000233046070207, 0.000341543316608, 0.000199748115847, 0.000194175692741, 0.000239354310906, 0.000102408703242, 0.000206748198252, 0.000208871322684, 0.000249868462561, 0.000322960142512, 0.000323583139107, 0.000250772194704, 0.000153725588461, 8.3915394498e-05, 2.52168338193e-05], "median": [5.17485295859e-06, 0.00240466184914, 0.000250325887464, 0.000179481794476, 0.000567061186302, 0.000676094787195, 0.000477718131151, 0.00043351794011, 0.000160532697919, 0.000154154171469, 0.000252467900282, 0.000136377071613, 0.000118840107461, 0.000122139856103, 8.87682836037e-05, 8.75019686646e-05, 0.000120932374557, 3.12472911901e-05, 6.03795633651e-05, 6.84942351654e-05, 6.86358689563e-05, 7.37492446206e-05, 5.40428336535e-05, 4.60256051156e-05, 3.0589850212e-05, 1.2567322301e-05, 1.97195481633e-06], "min": [7.88651370771e-13, 2.26504787149e-11, 5.74824285393e-11, 7.23692937174e-12, 5.99529315082e-11, 2.36174357848e-10, 1.38877659372e-10, 4.37211933324e-11, 1.1128592492e-10, 1.64775956768e-10, 1.88840970639e-10, 1.42011027937e-10, 1.07595536647e-10, 1.0502031883e-10, 4.15920353714e-10, 1.84997545061e-10, 1.94970789513e-10, 9.2231694504e-10, 4.39984604306e-10, 2.06795150448e-10, 5.44344125331e-10, 7.72867214671e-10, 9.00472862941e-10, 2.69114086571e-09, 9.02231955813e-10, 8.11633038555e-10, 7.38120342625e-10], "var": [2.75644795877e-09, 0.000311571900966, 0.000497499771882, 0.000113908761705, 3.53683681169e-05, 1.47316211496e-06, 1.21644745832e-06, 1.42937585679e-06, 2.95125545335e-07, 2.43379815856e-07, 5.25492566794e-07, 1.10809736498e-07, 1.33126377477e-07, 4.45844847263e-07, 9.28868288952e-08, 9.40898701174e-08, 1.10744878157e-07, 5.36320143851e-08, 3.00113839558e-07, 1.18689058581e-07, 2.23750546979e-07, 3.31996744762e-07, 3.88599914913e-07, 2.20466574774e-07, 8.08153686194e-08, 3.58904408415e-08, 4.22746371243e-09]}, "erbbands": {"dmean": [0.0797827988863, 1.73978245258, 7.85449171066, 13.0210151672, 10.9479608536, 6.69038200378, 3.34062814713, 3.50177192688, 4.1301612854, 10.1929016113, 6.1898651123, 4.16942596436, 6.71398019791, 5.0423169136, 14.1549882889, 7.88422679901, 7.11370658875, 10.4479045868, 7.1624546051, 6.75035810471, 5.98090028763, 4.35654401779, 2.5968580246, 4.69422578812, 5.40474557877, 6.60731649399, 7.76068305969, 8.9496049881, 9.30706119537, 7.46838521957, 6.8575963974, 4.89380550385, 2.83099651337, 1.46584153175, 0.715196073055, 0.363820046186, 0.130458697677, 0.0338331200182, 0.00458855554461, 0.00024079225841], "dmean2": [0.0863904803991, 2.12195706367, 11.5139446259, 21.549030304, 18.4069843292, 11.9469928741, 5.24427032471, 4.78831243515, 5.2130150795, 14.8863801956, 8.93703746796, 5.88049459457, 10.4331865311, 7.90432786942, 22.6674442291, 12.8176765442, 11.5698337555, 16.9647674561, 11.2700576782, 11.3607492447, 9.88733482361, 7.13311958313, 4.23178243637, 7.80856132507, 8.09311389923, 9.55550861359, 12.4397029877, 13.6422586441, 13.9377441406, 10.9665613174, 10.1270647049, 7.0793762207, 4.04908800125, 2.13043451309, 1.02216410637, 0.538339436054, 0.194584906101, 0.0509923137724, 0.00673707155511, 0.000352749309968], "dvar": [0.0147701129317, 11.6435689926, 411.907867432, 1414.17858887, 867.075317383, 326.657470703, 40.97057724, 29.0532417297, 50.6942443848, 219.550079346, 171.830673218, 66.2542114258, 152.892730713, 62.1380882263, 737.718139648, 180.000076294, 163.121261597, 342.984313965, 183.865432739, 122.946472168, 103.059211731, 50.8748054504, 20.1959037781, 202.631622314, 162.773071289, 156.257598877, 259.498565674, 367.384033203, 347.955108643, 227.432266235, 251.514846802, 103.464263916, 32.5512466431, 8.42754459381, 2.30994606018, 0.616077065468, 0.0896127969027, 0.0067531503737, 0.000130327156512, 3.58860773986e-07], "dvar2": [0.0167407821864, 18.8732089996, 852.450378418, 3535.03417969, 2172.0690918, 917.407165527, 111.130371094, 62.7614974976, 72.5548934937, 488.961242676, 368.423736572, 121.730682373, 350.813140869, 138.901229858, 1777.0559082, 468.402313232, 412.53793335, 838.393188477, 348.170135498, 325.529205322, 234.96194458, 130.173660278, 49.2691345215, 462.50088501, 303.775665283, 320.656402588, 653.296203613, 848.025695801, 767.958679199, 515.949401855, 584.135742188, 239.001800537, 61.9706993103, 16.2854537964, 4.92017650604, 1.32450449467, 0.203205302358, 0.0159073136747, 0.000285857648123, 8.12540235984e-07], "max": [1.3928937912, 25.74360466, 130.391403198, 233.178771973, 202.050552368, 185.738616943, 71.1594772339, 85.8988876343, 163.06161499, 219.293746948, 307.960723877, 198.82572937, 167.579360962, 108.656448364, 429.433013916, 208.619689941, 287.166473389, 288.055389404, 225.316040039, 118.882293701, 165.48600769, 106.752357483, 65.5263290405, 409.200531006, 444.44152832, 103.707054138, 114.256187439, 153.079620361, 136.827072144, 103.329093933, 165.601257324, 121.000732422, 56.1132583618, 27.7085800171, 17.3271102905, 7.29385519028, 3.29552507401, 1.15442562103, 0.118524000049, 0.00492558209226], "mean": [0.167483776808, 2.79301762581, 9.02988433838, 12.1584300995, 10.6271276474, 6.93051862717, 5.59235286713, 8.33991336823, 11.2204875946, 18.9041805267, 13.6235876083, 8.79882717133, 10.2164468765, 8.66042137146, 23.0768127441, 13.0688972473, 11.6749868393, 17.5105285645, 12.1677570343, 10.9515075684, 11.2907152176, 8.87581348419, 5.45483016968, 12.0333309174, 9.83822441101, 9.83557987213, 9.64453220367, 10.6242856979, 11.881070137, 10.1641330719, 9.00936508179, 6.12578582764, 3.72766804695, 2.02465343475, 0.936959207058, 0.418073296547, 0.132621020079, 0.033692587167, 0.00463655032218, 0.000269567914074], "median": [0.0535721369088, 0.602115213871, 0.725157558918, 0.549052238464, 1.66229236126, 1.4367762804, 2.70673942566, 5.27063512802, 6.43387413025, 10.7283859253, 7.19764614105, 5.09456253052, 4.57253456116, 4.69175338745, 10.3615808487, 7.889128685, 6.52962064743, 7.14659261703, 5.52103757858, 6.20137500763, 6.23328828812, 4.88106441498, 2.7798333168, 2.38700461388, 3.39781999588, 3.31722688675, 3.02244591713, 2.55536341667, 2.52214813232, 2.01265835762, 1.52356767654, 1.12610626221, 0.615892887115, 0.390486121178, 0.173309922218, 0.0608958899975, 0.0167725794017, 0.00369590474293, 0.00041717273416, 4.35194051533e-05], "min": [2.94665875034e-10, 7.08404801486e-09, 5.56720536338e-08, 5.29814485617e-08, 1.30934845188e-08, 1.68879523699e-07, 1.73629825895e-06, 1.59386070209e-06, 1.05223637092e-06, 2.51320102507e-06, 9.25665574414e-07, 2.17610454456e-06, 4.74299577036e-06, 9.29868292587e-06, 4.92358776683e-06, 5.43054738955e-06, 6.41438100502e-06, 2.9774594168e-06, 7.5760431173e-06, 2.84198067675e-05, 1.07827618194e-05, 1.21760340335e-05, 4.18534727942e-05, 2.14246847463e-05, 3.24429929606e-05, 1.03167794805e-05, 6.90499291522e-06, 3.30053153448e-05, 3.08727649099e-05, 1.75647146534e-05, 2.90632578981e-05, 1.79601356649e-05, 6.40578073217e-05, 1.33873681989e-05, 6.36918684904e-06, 3.40832275469e-06, 1.40802956139e-06, 4.66912325692e-07, 1.07887615286e-07, 1.13555591597e-08], "var": [0.0581386573613, 24.5903911591, 482.202697754, 1142.16931152, 700.406799316, 233.030914307, 57.1656608582, 97.5479888916, 306.739440918, 541.179321289, 436.434814453, 199.766906738, 260.890258789, 142.628082275, 1212.50097656, 255.477005005, 241.645477295, 809.536193848, 393.776397705, 171.946899414, 234.631729126, 122.53301239, 49.6847229004, 1403.93041992, 610.427368164, 254.4243927, 280.803100586, 426.081634521, 483.912384033, 322.260345459, 315.91897583, 135.273696899, 49.9961585999, 13.0589971542, 3.42401480675, 0.772110581398, 0.0956294834614, 0.00711701903492, 0.000149550542119, 4.00584582394e-07]}, "gfcc": {"mean": [-6.52966690063, 67.1367340088, -108.383224487, 20.42329216, -62.3971710205, 15.3849525452, -35.7990684509, 3.37265849113, -17.2878131866, 7.25660467148, -12.6017789841, 1.96887397766, -12.2460289001], "cov": [[5657.74365234, -895.781677246, 2228.90185547, 1696.87585449, 400.953369141, 972.239990234, 428.614562988, 126.697792053, -76.9838104248, -23.9829616547, -248.045089722, -328.717529297, -316.241851807], [-895.781677246, 1131.82922363, -284.391601562, -9.2381439209, 118.533813477, 21.0687904358, 59.0572929382, -0.491663098335, 133.389266968, 29.2033634186, 117.207801819, 34.461517334, 103.439353943], [2228.90185547, -284.391601562, 1607.35925293, 817.918151855, 250.422943115, 600.382629395, 170.380844116, 160.942276001, 26.788476944, -20.3992900848, -105.062942505, -110.227104187, -184.184280396], [1696.87585449, -9.2381439209, 817.918151855, 866.149719238, 219.252670288, 466.321685791, 257.746337891, 104.728973389, 52.5691146851, 29.0153141022, -16.5293483734, -128.34942627, -94.0575866699], [400.953369141, 118.533813477, 250.422943115, 219.252670288, 314.038726807, 173.559951782, 125.977561951, 120.924430847, 67.5668334961, 36.7887840271, 18.1781425476, -10.437379837, -41.34167099], [972.239990234, 21.0687904358, 600.382629395, 466.321685791, 173.559951782, 455.840057373, 188.111801147, 150.664291382, 103.034477234, 59.84740448, -3.29033923149, -37.8295249939, -47.1532516479], [428.614562988, 59.0572929382, 170.380844116, 257.746337891, 125.977561951, 188.111801147, 220.780197144, 108.171981812, 71.399307251, 58.1991043091, 41.8079948425, -36.6428794861, -12.3268299103], [126.697792053, -0.491663098335, 160.942276001, 104.728973389, 120.924430847, 150.664291382, 108.171981812, 221.124206543, 98.1682510376, 58.3742256165, 73.036567688, 16.822555542, -20.7247886658], [-76.9838104248, 133.389266968, 26.788476944, 52.5691146851, 67.5668334961, 103.034477234, 71.399307251, 98.1682510376, 153.907806396, 75.8687973022, 52.7670783997, 34.5102767944, 22.3268680573], [-23.9829616547, 29.2033634186, -20.3992900848, 29.0153141022, 36.7887840271, 59.84740448, 58.1991043091, 58.3742256165, 75.8687973022, 115.347572327, 59.3172111511, 25.9048271179, 20.7321662903], [-248.045089722, 117.207801819, -105.062942505, -16.5293483734, 18.1781425476, -3.29033923149, 41.8079948425, 73.036567688, 52.7670783997, 59.3172111511, 171.549530029, 42.6999778748, 31.6514701843], [-328.717529297, 34.461517334, -110.227104187, -128.34942627, -10.437379837, -37.8295249939, -36.6428794861, 16.822555542, 34.5102767944, 25.9048271179, 42.6999778748, 119.585861206, 40.6970443726], [-316.241851807, 103.439353943, -184.184280396, -94.0575866699, -41.34167099, -47.1532516479, -12.3268299103, -20.7247886658, 22.3268680573, 20.7321662903, 31.6514701843, 40.6970443726, 103.700111389]], "icov": [[0.000780067290179, 0.000481306633446, -0.00041114303167, -0.000925918691792, -0.000240124441916, -0.000199004789465, -0.000241874222411, 0.000464637938421, 0.000347838620655, -0.000129270425532, 0.000214891842916, 0.000264316418907, -1.17588797366e-05], [0.000481306633446, 0.00167539948598, 7.3493742093e-05, -0.000576868711505, -0.000988799380139, -0.000566563569009, -3.72068425349e-05, 0.00134364806581, -0.00130404904485, 0.00113137229346, -0.000899120757822, 0.000574757985305, -0.000880366482306], [-0.00041114303167, 7.3493742093e-05, 0.00228142482229, -0.000635647505987, -0.000172812055098, -0.0018326001009, 0.00146313151345, -0.000636022014078, 4.33216991951e-05, 0.000806867377833, 0.000181551440619, -0.000465018907562, 0.00124949205201], [-0.000925918691792, -0.000576868711505, -0.000635647505987, 0.00549677340314, -0.000252730533248, -0.00207353732549, -0.00219137477688, 0.00137397472281, -0.000284223351628, 0.000507466902491, -0.00145294342656, 0.00178738927934, 0.00028066712548], [-0.000240124441916, -0.000988799380139, -0.000172812055098, -0.000252730533248, 0.00556476414204, 0.000381985970307, -0.00146897684317, -0.00223896419629, 0.000216900574742, -0.000580711232033, 0.00105032650754, -0.00123147689737, 0.00172006862704], [-0.000199004789465, -0.000566563569009, -0.0018326001009, -0.00207353732549, 0.000381985970307, 0.00912392232567, -0.00201997975819, -0.00244789500721, -0.00180916069075, -0.00173204217572, 0.00208024540916, -0.00113892043009, -0.00105790118687], [-0.000241874222411, -3.72068425349e-05, 0.00146313151345, -0.00219137477688, -0.00146897684317, -0.00201997975819, 0.0114767756313, -0.00264014024287, -0.000492096238304, -0.00179523590486, -0.000892166921403, 0.0026770955883, -0.00107039185241], [0.000464637938421, 0.00134364806581, -0.000636022014078, 0.00137397472281, -0.00223896419629, -0.00244789500721, -0.00264014024287, 0.0112822232768, -0.00425764126703, 0.00140536774416, -0.00403787475079, 0.000114341964945, 0.00195180636365], [0.000347838620655, -0.00130404904485, 4.33216991951e-05, -0.000284223351628, 0.000216900574742, -0.00180916069075, -0.000492096238304, -0.00425764126703, 0.0152083560824, -0.00634597800672, 0.00153769622557, -0.00224073440768, -0.00106052635238], [-0.000129270425532, 0.00113137229346, 0.000806867377833, 0.000507466902491, -0.000580711232033, -0.00173204217572, -0.00179523590486, 0.00140536774416, -0.00634597800672, 0.0161211788654, -0.00381337711588, -0.000698391755577, -0.000999690731987], [0.000214891842916, -0.000899120757822, 0.000181551440619, -0.00145294342656, 0.00105032650754, 0.00208024540916, -0.000892166921403, -0.00403787475079, 0.00153769622557, -0.00381337711588, 0.0101895323023, -0.00252235401422, -0.000680442666635], [0.000264316418907, 0.000574757985305, -0.000465018907562, 0.00178738927934, -0.00123147689737, -0.00113892043009, 0.0026770955883, 0.000114341964945, -0.00224073440768, -0.000698391755577, -0.00252235401422, 0.0136784305796, -0.00361590110697], [-1.17588797366e-05, -0.000880366482306, 0.00124949205201, 0.00028066712548, 0.00172006862704, -0.00105790118687, -0.00107039185241, 0.00195180636365, -0.00106052635238, -0.000999690731987, -0.000680442666635, -0.00361590110697, 0.0154817802832]]}, "melbands": {"dmean": [0.00121344544459, 0.00323739950545, 0.00201794947498, 0.000660881167278, 0.000131825378048, 8.15744569991e-05, 6.24632375548e-05, 0.000112031128083, 4.52158201369e-05, 2.44295715675e-05, 3.36008342856e-05, 1.97648496396e-05, 4.53139873571e-05, 2.65974686045e-05, 1.80520364665e-05, 1.21380826386e-05, 2.26802949328e-05, 1.27367857203e-05, 8.3224131231e-06, 1.12063607958e-05, 7.38229482522e-06, 4.99972611578e-06, 4.23961364504e-06, 2.42115766014e-06, 4.15047816205e-06, 3.12896713694e-06, 5.37800406164e-06, 4.21858339905e-06, 4.71879820907e-06, 4.84654810862e-06, 5.62646573599e-06, 5.52354458705e-06, 4.5549600145e-06, 4.30881027569e-06, 4.19452680944e-06, 3.41215491062e-06, 2.85827945845e-06, 2.11340784517e-06, 1.60669333127e-06, 1.17210174722e-06], "dmean2": [0.00141610892024, 0.00426413537934, 0.00312016485259, 0.00115717970766, 0.000217480177525, 0.000108806867502, 7.93025828898e-05, 0.000163097167388, 6.47325068712e-05, 3.48769244738e-05, 5.2240488003e-05, 3.14565404551e-05, 7.18887313269e-05, 4.31665175711e-05, 2.92521144729e-05, 1.97948647838e-05, 3.66985950677e-05, 2.00649938051e-05, 1.38958193929e-05, 1.90127811948e-05, 1.22872916108e-05, 8.29807413538e-06, 7.00516739016e-06, 3.93801747123e-06, 6.95782819093e-06, 4.71219436804e-06, 8.05056424724e-06, 6.07148649578e-06, 7.73663123255e-06, 7.68849622546e-06, 8.64465710038e-06, 8.56645146996e-06, 6.25972552371e-06, 6.53852066534e-06, 6.38873007119e-06, 4.97996825288e-06, 4.31749595009e-06, 3.06697779706e-06, 2.41878115048e-06, 1.69728059518e-06], "dvar": [4.62989464722e-06, 5.37696942047e-05, 2.73402547464e-05, 3.54917710865e-06, 7.46320765188e-08, 1.56058845846e-08, 1.02782635736e-08, 2.77815548344e-08, 9.64526769565e-09, 2.14222906081e-09, 3.78349129804e-09, 1.07765552038e-09, 6.0064762053e-09, 2.05410799481e-09, 1.57688784252e-09, 4.3297954111e-10, 1.82805770521e-09, 8.18179524131e-10, 2.30358107589e-10, 4.61532312368e-10, 1.99473826346e-10, 6.42049538535e-11, 1.00767366673e-10, 2.68600384989e-11, 1.72243636021e-10, 9.92039020375e-11, 1.06032044256e-10, 6.13962006235e-11, 9.00558863592e-11, 1.03408545615e-10, 1.55789423029e-10, 1.34815589248e-10, 6.7407197879e-11, 8.83197542878e-11, 1.01536348773e-10, 4.70445661593e-11, 3.78224361552e-11, 1.93848374852e-11, 1.06009515402e-11, 5.34663979757e-12], "dvar2": [6.84163160258e-06, 9.53525232035e-05, 6.11113500781e-05, 9.6259136626e-06, 2.06958347349e-07, 3.07266496691e-08, 1.48821728274e-08, 5.9697164545e-08, 2.07524735174e-08, 4.10683664853e-09, 8.68991012482e-09, 2.40360686909e-09, 1.43536125208e-08, 5.3519579879e-09, 3.67224606279e-09, 1.13826892356e-09, 4.42317649174e-09, 1.53759993626e-09, 6.20602680357e-10, 1.21768073402e-09, 5.01137853437e-10, 1.69543934447e-10, 2.56153265266e-10, 6.47626535732e-11, 3.89058812944e-10, 1.64892086096e-10, 2.24300023e-10, 1.27379967685e-10, 2.26378707446e-10, 2.49288895082e-10, 3.63608254617e-10, 3.02460362311e-10, 1.35908534427e-10, 2.13049397568e-10, 2.42254188931e-10, 1.0010874768e-10, 9.10345271388e-11, 3.76468717311e-11, 2.23879109695e-11, 1.02463306936e-11], "max": [0.0170867145061, 0.0497367680073, 0.0332709997892, 0.0173519756645, 0.00252267066389, 0.00224567414261, 0.00260254368186, 0.00250142277218, 0.00230462336913, 0.00105581281241, 0.000842996349093, 0.000489544938318, 0.00116717314813, 0.000564758258406, 0.00114084105007, 0.00030787504511, 0.000681056641042, 0.000428442086559, 0.000239935499849, 0.000349653651938, 0.000243663118454, 9.85950464383e-05, 0.000175571258296, 0.000122173631098, 0.000378459866624, 0.000423112651333, 0.000117040079203, 7.63988427934e-05, 6.47437555017e-05, 9.97604147415e-05, 0.000110968707304, 8.51325748954e-05, 6.93481124472e-05, 6.55372132314e-05, 0.000118115349323, 5.16899854119e-05, 7.96680833446e-05, 3.89985580114e-05, 2.82176551991e-05, 2.07517532544e-05], "mean": [0.00224524876103, 0.00457332469523, 0.00209482060745, 0.000647661916446, 0.000200523703825, 0.000199477319256, 0.000168017635588, 0.000208333105547, 0.000101435871329, 4.73910185974e-05, 4.94040868944e-05, 3.10252216877e-05, 7.17583825462e-05, 4.24580575782e-05, 2.92364966299e-05, 1.87426740013e-05, 3.66550084436e-05, 2.03878425964e-05, 1.17375602713e-05, 1.84651999007e-05, 1.31376400532e-05, 9.76990395429e-06, 7.57611087465e-06, 5.26731582795e-06, 1.02229905679e-05, 6.27359440841e-06, 7.44096041672e-06, 6.13973952568e-06, 5.78343087909e-06, 5.97119515078e-06, 6.28125644653e-06, 6.86217026669e-06, 6.13604333921e-06, 5.52422125111e-06, 5.32661715624e-06, 4.55610779682e-06, 3.37479627888e-06, 2.686782409e-06, 2.11870883504e-06, 1.5822710111e-06], "median": [0.000601907435339, 0.000739080365747, 0.000136176196975, 0.000104587736132, 9.39886231208e-05, 0.000127169958432, 9.74667054834e-05, 0.000113523368782, 5.81581080041e-05, 2.72966353805e-05, 2.07575703826e-05, 1.36859780469e-05, 3.62543032679e-05, 2.27442324103e-05, 1.68698115885e-05, 1.00372290035e-05, 1.28444225993e-05, 8.65522997628e-06, 5.91285879636e-06, 8.23447589937e-06, 6.33093486613e-06, 5.23576181877e-06, 2.8655758797e-06, 1.46745014717e-06, 1.74377032636e-06, 2.00838530873e-06, 2.19720914174e-06, 2.07623634196e-06, 1.7031157995e-06, 1.75915170075e-06, 1.27725343191e-06, 1.30206615268e-06, 1.39993301218e-06, 9.40828044804e-07, 8.79005540355e-07, 8.5094637825e-07, 5.95711810547e-07, 4.0099286025e-07, 3.52888292809e-07, 3.22064039437e-07], "min": [4.2942689335e-12, 2.29248460493e-11, 8.03708228442e-12, 2.64116766652e-12, 4.99286167965e-11, 3.69753394569e-11, 2.01712032494e-11, 2.35546131211e-11, 6.05571278886e-12, 1.65594413182e-11, 2.23444335951e-11, 3.55986802536e-11, 1.92311826186e-11, 1.20011466043e-11, 1.7149228218e-11, 9.85768931761e-12, 5.93827244322e-12, 9.2872489213e-12, 3.83242777791e-11, 2.12547601047e-11, 1.27717836307e-11, 7.96632378119e-12, 3.31330969605e-11, 4.28472118896e-11, 1.37779189099e-11, 1.7240844169e-11, 2.18130600388e-11, 3.98303091897e-12, 2.84097701961e-12, 6.11024772446e-12, 2.6558793359e-11, 1.89655444127e-11, 1.3418360173e-11, 8.12810235784e-12, 1.86592373497e-11, 1.14104567808e-11, 9.901327154e-12, 4.59025838173e-11, 2.43252484128e-11, 7.31024008688e-12], "var": [1.24695834529e-05, 8.6871048552e-05, 2.73995847238e-05, 2.50787161349e-06, 7.68274475149e-08, 6.0061616125e-08, 6.52426592751e-08, 6.91711363743e-08, 2.50737652863e-08, 5.9797242713e-09, 6.51283871278e-09, 2.50061349405e-09, 1.0147089391e-08, 2.92671797908e-09, 2.08154116166e-09, 5.92479287853e-10, 4.36842650942e-09, 1.54354251602e-09, 2.94997803962e-10, 7.33995364488e-10, 4.25449647734e-10, 1.62849164709e-10, 2.00057082012e-10, 1.38516240145e-10, 1.14411657925e-09, 4.69671190828e-10, 1.72699840539e-10, 1.00416355786e-10, 9.77907685384e-11, 1.2074985456e-10, 1.69709232778e-10, 1.75721687201e-10, 1.13011544567e-10, 1.08486233885e-10, 1.20617002497e-10, 6.93093360482e-11, 4.49286857718e-11, 2.80260606389e-11, 1.51355993711e-11, 8.23692763302e-12]}, "mfcc": {"mean": [-655.893615723, 106.918151855, 7.29945755005, 10.5539999008, -2.6984398365, 9.63781929016, -6.11788892746, -1.46382534504, -1.62522292137, 1.31517219543, -0.310067415237, 4.24294757843, 7.3788189888], "cov": [[4872.92578125, -1371.21911621, 1871.79089355, 923.560668945, 580.641052246, 848.508361816, 665.373352051, 381.536895752, 275.214019775, 354.591247559, 102.500854492, 91.6300582886, -69.0734710693], [-1371.21911621, 994.91192627, -522.658752441, -165.977508545, -40.2171478271, -139.619003296, -148.224960327, -48.3335266113, -24.984003067, -76.6871032715, -31.0333099365, 12.1436395645, 91.2969284058], [1871.79089355, -522.658752441, 1487.93103027, 403.775848389, 446.934020996, 458.711090088, 343.414825439, 276.624023438, 165.957366943, 184.901473999, 75.1370010376, 137.015991211, 36.516746521], [923.560668945, -165.977508545, 403.775848389, 369.124572754, 176.464584351, 230.926971436, 196.356170654, 108.797424316, 73.3612442017, 112.565071106, 49.7457847595, 33.610332489, 2.51368141174], [580.641052246, -40.2171478271, 446.934020996, 176.464584351, 327.160736084, 189.411605835, 158.217178345, 155.010345459, 105.184242249, 90.4615783691, 68.1726989746, 95.0445709229, 49.465133667], [848.508361816, -139.619003296, 458.711090088, 230.926971436, 189.411605835, 337.373199463, 167.329147339, 124.473381042, 126.179832458, 91.0908279419, 41.4959030151, 78.2621002197, 42.4012947083], [665.373352051, -148.224960327, 343.414825439, 196.356170654, 158.217178345, 167.329147339, 261.512542725, 135.357650757, 66.7059555054, 144.849533081, 80.9849014282, 35.0848846436, 9.02254486084], [381.536895752, -48.3335266113, 276.624023438, 108.797424316, 155.010345459, 124.473381042, 135.357650757, 183.725845337, 92.6643829346, 88.5865020752, 66.4660949707, 70.5637969971, 40.0253868103], [275.214019775, -24.984003067, 165.957366943, 73.3612442017, 105.184242249, 126.179832458, 66.7059555054, 92.6643829346, 164.08996582, 69.4211349487, 43.3196334839, 64.6580200195, 53.8703231812], [354.591247559, -76.6871032715, 184.901473999, 112.565071106, 90.4615783691, 91.0908279419, 144.849533081, 88.5865020752, 69.4211349487, 177.828720093, 90.5441055298, 37.2424736023, 17.3027267456], [102.500854492, -31.0333099365, 75.1370010376, 49.7457847595, 68.1726989746, 41.4959030151, 80.9849014282, 66.4660949707, 43.3196334839, 90.5441055298, 137.897201538, 65.1026611328, 23.5921974182], [91.6300582886, 12.1436395645, 137.015991211, 33.610332489, 95.0445709229, 78.2621002197, 35.0848846436, 70.5637969971, 64.6580200195, 37.2424736023, 65.1026611328, 152.441696167, 70.2139434814], [-69.0734710693, 91.2969284058, 36.516746521, 2.51368141174, 49.465133667, 42.4012947083, 9.02254486084, 40.0253868103, 53.8703231812, 17.3027267456, 23.5921974182, 70.2139434814, 124.727409363]], "icov": [[0.000892536714673, 0.00074793206295, -0.00028785225004, -0.000902937958017, -0.000144881632878, -0.000746551493648, -0.000283807486994, -1.60765284818e-05, -0.000114207679871, -0.000143554832903, 0.000462029041955, 0.000168431914062, 0.000273260346148], [0.00074793206295, 0.00216105114669, 0.000491554150358, -0.000612998381257, -0.00105160067324, -0.000702887715306, 0.000254708807915, -0.000371135538444, 0.000292466429528, -0.000284362438833, 0.000786479271483, 0.000228506032727, -0.000906782282982], [-0.00028785225004, 0.000491554150358, 0.00202511413954, 0.000201953982469, -0.00152128760237, -0.000968938460574, -3.52732968167e-05, -0.000775909982622, 0.000739642768167, -0.000366375781596, 0.000822811562102, -0.000444410950877, -0.000106014034827], [-0.000902937958017, -0.000612998381257, 0.000201953982469, 0.00708487583324, -0.000913617375772, -0.00211836420931, -0.00180742470548, 0.00055322679691, 0.000752982043196, -0.000671236950438, -0.000337860401487, 0.000500922265928, 0.000332244613674], [-0.000144881632878, -0.00105160067324, -0.00152128760237, -0.000913617375772, 0.00792430620641, 8.55903927004e-05, -0.00113445706666, -0.00215947674587, -0.00112866808195, 0.0011278023012, -0.000938325130846, -0.0014065480791, 5.69011317566e-05], [-0.000746551493648, -0.000702887715306, -0.000968938460574, -0.00211836420931, 8.55903927004e-05, 0.00928628817201, -0.00179329654202, 0.000816334097181, -0.00370609923266, 0.00126804807223, 0.000760039896704, -0.00170384952798, -0.000655472103972], [-0.000283807486994, 0.000254708807915, -3.52732968167e-05, -0.00180742470548, -0.00113445706666, -0.00179329654202, 0.0128195816651, -0.00441982597113, 0.00267533655278, -0.00559425866231, -0.00157214223873, 0.00225141318515, -9.57913434831e-05], [-1.60765284818e-05, -0.000371135538444, -0.000775909982622, 0.00055322679691, -0.00215947674587, 0.000816334097181, -0.00441982597113, 0.0135849015787, -0.00367363868281, 0.000239118526224, -0.00118204497267, -0.00157898955513, -0.000316087011015], [-0.000114207679871, 0.000292466429528, 0.000739642768167, 0.000752982043196, -0.00112866808195, -0.00370609923266, 0.00267533655278, -0.00367363868281, 0.0120901577175, -0.00335204042494, 0.000380631361622, -0.000469454884296, -0.00238069123589], [-0.000143554832903, -0.000284362438833, -0.000366375781596, -0.000671236950438, 0.0011278023012, 0.00126804807223, -0.00559425866231, 0.000239118526224, -0.00335204042494, 0.0138680851087, -0.00577968871221, 0.00103319017217, -0.000265438051429], [0.000462029041955, 0.000786479271483, 0.000822811562102, -0.000337860401487, -0.000938325130846, 0.000760039896704, -0.00157214223873, -0.00118204497267, 0.000380631361622, -0.00577968871221, 0.0144891478121, -0.00525774993002, 0.000909455935471], [0.000168431914062, 0.000228506032727, -0.000444410950877, 0.000500922265928, -0.0014065480791, -0.00170384952798, 0.00225141318515, -0.00157898955513, -0.000469454884296, 0.00103319017217, -0.00525774993002, 0.01309177652, -0.00478902319446], [0.000273260346148, -0.000906782282982, -0.000106014034827, 0.000332244613674, 5.69011317566e-05, -0.000655472103972, -9.57913434831e-05, -0.000316087011015, -0.00238069123589, -0.000265438051429, 0.000909455935471, -0.00478902319446, 0.0127544794232]]}, "spectral_contrast_coeffs": {"dmean": [0.0577967166901, 0.0396387018263, 0.0409674197435, 0.0339322499931, 0.0223270077258, 0.019920675084], "dmean2": [0.0854068621993, 0.0616507045925, 0.0662207379937, 0.0555147156119, 0.0364306941628, 0.0307716894895], "dvar": [0.00303116603754, 0.00114089390263, 0.00113761425018, 0.000887667760253, 0.0003217983176, 0.000408103311202], "dvar2": [0.00638664513826, 0.00280563626438, 0.00287296366878, 0.00218901969492, 0.000815775536466, 0.000875914935023], "max": [-0.326402783394, -0.471726566553, -0.548274338245, -0.570254445076, -0.607235491276, -0.500693142414], "mean": [-0.627077162266, -0.716030776501, -0.74238795042, -0.770372033119, -0.779682636261, -0.751689374447], "median": [-0.643114626408, -0.71823823452, -0.742405295372, -0.776963353157, -0.785415947437, -0.759528160095], "min": [-0.881200373173, -0.9458091259, -0.921580016613, -0.929870903492, -0.916901648045, -0.881361663342], "var": [0.010336201638, 0.0036858629901, 0.00316873681732, 0.00276250974275, 0.00180705811363, 0.00237541971728]}, "spectral_contrast_valleys": {"dmean": [0.476511240005, 0.345681399107, 0.388958483934, 0.357536494732, 0.330334573984, 0.374538064003], "dmean2": [0.712195456028, 0.547925710678, 0.615375339985, 0.557830750942, 0.466209828854, 0.495454370975], "dvar": [0.203608050942, 0.136948436499, 0.148851782084, 0.132577940822, 0.138710916042, 0.251413017511], "dvar2": [0.40209209919, 0.293689012527, 0.329278677702, 0.273548126221, 0.253914475441, 0.486081421375], "max": [-5.60