{"lowlevel": {"average_loudness": 0.892279028893, "barkbands_crest": {"dmean": 2.26472616196, "dmean2": 3.50799250603, "dvar": 5.61214876175, "dvar2": 13.3443717957, "max": 26.5800933838, "mean": 14.1272182465, "median": 13.1202259064, "min": 2.84095335007, "var": 32.7207221985}, "barkbands_flatness_db": {"dmean": 0.0328170694411, "dmean2": 0.0429823473096, "dvar": 0.00108293211088, "dvar2": 0.00179698807187, "max": 0.550947725773, "mean": 0.23797018826, "median": 0.229652822018, "min": 0.0102524859831, "var": 0.00907316058874}, "barkbands_kurtosis": {"dmean": 7.53863620758, "dmean2": 11.952747345, "dvar": 435.038543701, "dvar2": 1055.55871582, "max": 558.69708252, "mean": 13.2186374664, "median": 2.82687544823, "min": -1.88009357452, "var": 1418.02905273}, "barkbands_skewness": {"dmean": 0.762395381927, "dmean2": 1.12358379364, "dvar": 0.868533551693, "dvar2": 1.88179647923, "max": 18.605430603, "mean": 2.06504511833, "median": 1.44164681435, "min": -3.78752398491, "var": 5.65768909454}, "barkbands_spread": {"dmean": 4.12859106064, "dmean2": 6.26134109497, "dvar": 41.2102355957, "dvar2": 98.6864624023, "max": 96.1853790283, "mean": 13.0121326447, "median": 10.7718877792, "min": 0.129609167576, "var": 119.070251465}, "dissonance": {"dmean": 0.037764519453, "dmean2": 0.0612670183182, "dvar": 0.00117545633111, "dvar2": 0.00302081438713, "max": 0.500000178814, "mean": 0.40712594986, "median": 0.415802538395, "min": 0.169641256332, "var": 0.00312035903335}, "dynamic_complexity": 4.7518119812, "erbbands_crest": {"dmean": 3.77210330963, "dmean2": 5.6955242157, "dvar": 11.1917133331, "dvar2": 24.4899234772, "max": 32.1267967224, "mean": 15.0891971588, "median": 14.2757196426, "min": 2.38011026382, "var": 40.0481376648}, "erbbands_flatness_db": {"dmean": 0.0338765792549, "dmean2": 0.0438478887081, "dvar": 0.000999938347377, "dvar2": 0.00169954216108, "max": 0.455394208431, "mean": 0.220199242234, "median": 0.218437716365, "min": 0.0544360540807, "var": 0.00502099143341}, "erbbands_kurtosis": {"dmean": 2.21021676064, "dmean2": 3.44339680672, "dvar": 8.25290679932, "dvar2": 19.526720047, "max": 56.0250320435, "mean": 2.50915765762, "median": 1.28793239594, "min": -1.79969596863, "var": 16.5088329315}, "erbbands_skewness": {"dmean": 0.57281601429, "dmean2": 0.877223074436, "dvar": 0.289177387953, "dvar2": 0.666681647301, "max": 4.56701040268, "mean": 0.468287080526, "median": 0.478347510099, "min": -3.77496695518, "var": 1.14819979668}, "erbbands_spread": {"dmean": 9.13796043396, "dmean2": 13.151473999, "dvar": 129.272689819, "dvar2": 271.515899658, "max": 146.596389771, "mean": 26.2434749603, "median": 20.2584190369, "min": 1.87000107765, "var": 399.787078857}, "hfc": {"dmean": 4.88602018356, "dmean2": 7.1342716217, "dvar": 55.0314865112, "dvar2": 124.16721344, "max": 109.630752563, "mean": 13.8763227463, "median": 10.8124351501, "min": 1.33210436395e-16, "var": 156.35206604}, "melbands_crest": {"dmean": 2.43473982811, "dmean2": 3.70041370392, "dvar": 6.13447332382, "dvar2": 14.5075550079, "max": 30.6522350311, "mean": 16.5315818787, "median": 16.6600265503, "min": 2.5998415947, "var": 29.5579185486}, "melbands_flatness_db": {"dmean": 0.0366523042321, "dmean2": 0.048058398068, "dvar": 0.00146816368215, "dvar2": 0.00238797673956, "max": 0.68892544508, "mean": 0.328831493855, "median": 0.322050094604, "min": 0.0102708796039, "var": 0.0141103463247}, "melbands_kurtosis": {"dmean": 11.8895053864, "dmean2": 18.5027294159, "dvar": 641.650939941, "dvar2": 1564.89318848, "max": 497.671447754, "mean": 21.0018482208, "median": 6.50161838531, "min": -1.83638870716, "var": 1394.56726074}, "melbands_skewness": {"dmean": 0.889395356178, "dmean2": 1.28865373135, "dvar": 1.11461722851, "dvar2": 2.28605175018, "max": 14.7256755829, "mean": 2.76713395119, "median": 2.13414144516, "min": -2.90676784515, "var": 5.71691560745}, "melbands_spread": {"dmean": 4.60919618607, "dmean2": 7.14487218857, "dvar": 96.5343856812, "dvar2": 233.889434814, "max": 222.619262695, "mean": 14.5400924683, "median": 12.2163105011, "min": 0.304108291864, "var": 223.578903198}, "pitch_salience": {"dmean": 0.0631994605064, "dmean2": 0.0977539718151, "dvar": 0.00451454054564, "dvar2": 0.0103668365628, "max": 0.93007516861, "mean": 0.418775826693, "median": 0.429571449757, "min": 0.0480824150145, "var": 0.0210584606975}, "silence_rate_20dB": {"dmean": 0.0178919602185, "dmean2": 0.035788025707, "dvar": 0.0175721384585, "dvar2": 0.039555169642, "max": 1, "mean": 0.978784382343, "median": 1, "min": 0, "var": 0.0207631606609}, "silence_rate_30dB": {"dmean": 0.0555109530687, "dmean2": 0.11103463918, "dvar": 0.0524301938713, "dvar2": 0.113618701696, "max": 1, "mean": 0.830848634243, "median": 1, "min": 0, "var": 0.140537023544}, "silence_rate_60dB": {"dmean": 0.0206445697695, "dmean2": 0.041293874383, "dvar": 0.0202191136777, "dvar2": 0.0446388535202, "max": 1, "mean": 0.112041287124, "median": 0, "min": 0, "var": 0.0994898825884}, "spectral_centroid": {"dmean": 170.595550537, "dmean2": 256.99420166, "dvar": 67539.78125, "dvar2": 144024.59375, "max": 10540.1708984, "mean": 806.207702637, "median": 698.221740723, "min": 103.331375122, "var": 266251.78125}, "spectral_complexity": {"dmean": 1.92934966087, "dmean2": 3.00688242912, "dvar": 5.71389389038, "dvar2": 11.1178150177, "max": 32, "mean": 10.6805047989, "median": 11, "min": 0, "var": 24.915189743}, "spectral_decrease": {"dmean": 5.73810243765e-09, "dmean2": 8.36673486049e-09, "dvar": 1.61213729443e-16, "dvar2": 3.49443177692e-16, "max": 3.18499105365e-16, "mean": -1.50393635323e-08, "median": -6.65483890216e-09, "min": -2.62863153466e-07, "var": 4.90426888383e-16}, "spectral_energy": {"dmean": 0.0220301747322, "dmean2": 0.0321241915226, "dvar": 0.00234012189321, "dvar2": 0.00507462071255, "max": 1.00204968452, "mean": 0.0580205209553, "median": 0.026196103543, "min": 1.17651619124e-20, "var": 0.00711858319119}, "spectral_energyband_high": {"dmean": 0.000139345298521, "dmean2": 0.000203155097552, "dvar": 6.37494679268e-08, "dvar2": 1.36171863119e-07, "max": 0.00227380939759, "mean": 0.000208836820093, "median": 2.20003294089e-05, "min": 8.20130836536e-21, "var": 1.42301331607e-07}, "spectral_energyband_low": {"dmean": 0.018042286858, "dmean2": 0.0257403608412, "dvar": 0.0021141662728, "dvar2": 0.0044495081529, "max": 0.954492747784, "mean": 0.0442853756249, "median": 0.0093100797385, "min": 1.00649084201e-22, "var": 0.00658493163064}, "spectral_energyband_middle_high": {"dmean": 0.00164875085466, "dmean2": 0.00240367394872, "dvar": 6.30922386335e-06, "dvar2": 1.33699095386e-05, "max": 0.0502185821533, "mean": 0.00348198530264, "median": 0.00207103113644, "min": 1.68445113158e-21, "var": 1.70270086528e-05}, "spectral_energyband_middle_low": {"dmean": 0.00577602349222, "dmean2": 0.00934058614075, "dvar": 0.0001714322716, "dvar2": 0.000469061575131, "max": 0.12403742224, "mean": 0.0116544160992, "median": 0.00611070264131, "min": 5.62154498938e-22, "var": 0.000230140067288}, "spectral_entropy": {"dmean": 0.29087305069, "dmean2": 0.378558278084, "dvar": 0.0904184132814, "dvar2": 0.155181214213, "max": 9.81123447418, "mean": 6.81655550003, "median": 6.74878883362, "min": 5.05777025223, "var": 0.536341786385}, "spectral_flux": {"dmean": 0.034688372165, "dmean2": 0.0559551231563, "dvar": 0.00335983396508, "dvar2": 0.00779111636803, "max": 0.773571312428, "mean": 0.0744959115982, "median": 0.0499682351947, "min": 1.08467332338e-10, "var": 0.0054868971929}, "spectral_kurtosis": {"dmean": 8.39458656311, "dmean2": 13.0089235306, "dvar": 135.935470581, "dvar2": 316.310913086, "max": 136.952346802, "mean": 15.5682630539, "median": 7.68870925903, "min": -1.21508264542, "var": 366.069519043}, "spectral_rms": {"dmean": 0.00117163639516, "dmean2": 0.00166380777955, "dvar": 3.73665875486e-06, "dvar2": 7.73645479057e-06, "max": 0.0312667451799, "mean": 0.0061076739803, "median": 0.0050554103218, "min": 3.38795029357e-12, "var": 1.93016967387e-05}, "spectral_rolloff": {"dmean": 254.016723633, "dmean2": 452.097930908, "dvar": 506044.09375, "dvar2": 1245666, "max": 19078.4179688, "mean": 801.19140625, "median": 667.529296875, "min": 86.1328125, "var": 1430616.875}, "spectral_skewness": {"dmean": 0.700545489788, "dmean2": 1.04541373253, "dvar": 0.601051568985, "dvar2": 1.31120538712, "max": 9.03452014923, "mean": 2.63793444633, "median": 2.23821115494, "min": 0.0465466342866, "var": 2.38354086876}, "spectral_spread": {"dmean": 955720.6875, "dmean2": 1328070.875, "dvar": 1531253096450.0, "dvar2": 3082267918340.0, "max": 41056648, "mean": 3825206.75, "median": 3425504.5, "min": 528233.625, "var": 4728617435140.0}, "spectral_strongpeak": {"dmean": 0.393270492554, "dmean2": 0.633525788784, "dvar": 0.467141240835, "dvar2": 1.10306429863, "max": 7.45677423477, "mean": 1.01739108562, "median": 0.625865936279, "min": 0, "var": 1.21595001221}, "zerocrossingrate": {"dmean": 0.00736890826374, "dmean2": 0.00889385398477, "dvar": 0.000120886310469, "dvar2": 0.000158086142619, "max": 0.55908203125, "mean": 0.0358111187816, "median": 0.029296875, "min": 0.00244140625, "var": 0.0012979102321}, "barkbands": {"dmean": [0.000172927830135, 0.0141332410276, 0.00433988217264, 0.00193438248243, 0.00181986414827, 0.000465141172754, 0.000609831244219, 0.00104917108547, 0.000960506324191, 0.000682286045048, 0.000569303170778, 0.000325765286107, 0.000336442550179, 0.000124127938761, 0.000128722036607, 6.97863360983e-05, 0.000149489016621, 4.67582904093e-05, 2.7595402571e-05, 2.17290453293e-05, 3.00519968732e-05, 2.62095127255e-05, 4.79612790514e-05, 2.13679795706e-05, 8.91792114999e-06, 7.16429667591e-06, 1.08804476895e-06], "dmean2": [0.000278352003079, 0.0195580963045, 0.00670056184754, 0.00353149790317, 0.00317190773785, 0.000630951835774, 0.000897990888916, 0.00145025528036, 0.00128165399656, 0.000934264680836, 0.000798238324933, 0.000502006616443, 0.000503880612087, 0.000195737331524, 0.000213500752579, 0.000112505513243, 0.000270077289315, 7.77417226345e-05, 4.29725005233e-05, 3.5147942981e-05, 4.4973079639e-05, 3.73596267309e-05, 7.67802630435e-05, 3.37164165103e-05, 1.38147925099e-05, 1.16035944302e-05, 1.7730478703e-06], "dvar": [1.73662982661e-07, 0.00138671207242, 0.000145967045682, 5.71897144255e-05, 3.07821865135e-05, 1.40387226111e-06, 2.05331502912e-06, 6.87807050781e-06, 5.74548266741e-06, 2.42936494033e-06, 2.09425320463e-06, 1.68028293501e-06, 8.49364482747e-07, 1.14101325721e-07, 1.77882498065e-07, 3.31320038072e-08, 2.29387396189e-07, 1.16938636552e-08, 4.3431445107e-09, 2.68149080718e-09, 2.82188516998e-09, 2.08634221011e-09, 9.42195566012e-09, 2.22866880506e-09, 7.03775149269e-10, 3.37366135028e-10, 8.29244312106e-12], "dvar2": [4.29302900784e-07, 0.00277743511833, 0.000330521870637, 0.00016422351473, 8.33446756587e-05, 3.05394314637e-06, 5.13696477356e-06, 1.43578945426e-05, 1.07655851025e-05, 4.6512791414e-06, 3.74610499421e-06, 3.84554414268e-06, 1.71002795923e-06, 2.62248477156e-07, 4.5682770633e-07, 7.97632964122e-08, 6.45971908853e-07, 2.99280316085e-08, 9.14438214039e-09, 6.60855548063e-09, 6.16100326312e-09, 4.16248679969e-09, 2.1991388266e-08, 5.43271916342e-09, 1.67382574467e-09, 8.28075774617e-10, 1.97973269722e-11], "max": [0.00597058236599, 0.708401203156, 0.261827558279, 0.0755474492908, 0.0605952218175, 0.0447136647999, 0.0309284515679, 0.0685103237629, 0.0572973638773, 0.0398089103401, 0.0301220025867, 0.0477261506021, 0.0230085775256, 0.0069664302282, 0.0149033870548, 0.00426653632894, 0.00392625154927, 0.00102142023388, 0.000632851151749, 0.000438535847934, 0.000450566905783, 0.000423117424361, 0.000876307138242, 0.000391854846384, 0.000337479810696, 0.000171016305103, 2.42459227593e-05], "mean": [0.000246707320912, 0.0368099957705, 0.00602987688035, 0.00182234973181, 0.00198440626264, 0.000993790919892, 0.00131364294793, 0.00260340981185, 0.00215965812095, 0.00145163829438, 0.000947350519709, 0.000398398406105, 0.000407836138038, 0.000157490576385, 0.000172229061718, 9.11063179956e-05, 0.000115035909403, 5.55687729502e-05, 3.88353364542e-05, 2.87791517621e-05, 4.39593932242e-05, 4.06051149184e-05, 6.02931686444e-05, 2.76620830846e-05, 1.0950122487e-05, 7.95047435531e-06, 1.07315202058e-06], "median": [7.09973173798e-05, 0.00682274531573, 0.00106738216709, 0.000410688429838, 0.000621989136562, 0.00028302858118, 0.000353501876816, 0.000197102563106, 0.000270754564553, 0.000293860211968, 0.000173684064066, 3.45330699929e-05, 0.000104325190478, 3.10785871989e-05, 3.50545888068e-05, 1.81821233127e-05, 1.24099697132e-05, 7.17941566108e-06, 4.81326696899e-06, 3.41051440955e-06, 5.02791226609e-06, 4.45386740466e-06, 5.58725696465e-06, 2.72475244856e-06, 6.50145409509e-07, 3.45604235008e-07, 3.75312936285e-08], "min": [7.16016601764e-25, 7.94251901761e-24, 3.24703068752e-23, 1.15545264581e-22, 9.43230886953e-23, 1.12644611989e-23, 5.17143603988e-23, 2.28602070593e-22, 5.65124680153e-23, 9.49511718594e-24, 8.23884373038e-23, 3.7554171466e-23, 1.35272454389e-22, 1.22390898543e-22, 1.6202006449e-22, 2.010088016e-22, 2.18909557531e-22, 2.70283839994e-22, 1.83433624343e-22, 3.94020194453e-22, 3.82607787913e-22, 6.12877523081e-22, 6.0358703878e-22, 8.3588802136e-22, 1.16708116238e-21, 1.92826019375e-21, 2.81556770877e-21], "var": [2.28941246405e-07, 0.00500949565321, 0.000247643562034, 3.6713132431e-05, 2.26990596275e-05, 4.86013095724e-06, 8.00355883257e-06, 4.07261213695e-05, 2.92372842523e-05, 9.63679940469e-06, 5.39220809515e-06, 2.37519179791e-06, 1.21310370105e-06, 1.51991230268e-07, 1.95806123315e-07, 4.0822868641e-08, 1.42808403325e-07, 1.30910731144e-08, 7.89300091952e-09, 3.71141251065e-09, 6.18188167323e-09, 5.46771561361e-09, 1.47725955912e-08, 3.15527026729e-09, 9.80723058319e-10, 4.4911363517e-10, 8.70115784979e-12]}, "erbbands": {"dmean": [0.287180364132, 3.61091852188, 6.01581954956, 5.88838720322, 4.45132637024, 7.22298383713, 5.60506868362, 3.79671955109, 8.51142501831, 13.9225749969, 20.9596881866, 26.2113895416, 20.1633644104, 17.9635829926, 21.5768508911, 16.9560146332, 17.6430473328, 7.3457736969, 3.70326781273, 8.5892457962, 2.84596419334, 7.38967657089, 4.47249174118, 1.65927302837, 1.10402202606, 1.07716822624, 0.94941931963, 1.28794324398, 1.01812589169, 1.28429079056, 1.29435431957, 0.633012712002, 0.252088427544, 0.110126912594, 0.0616681389511, 0.0369485914707, 0.0127430260181, 0.0020949402824, 0.000163281772984, 2.71109565801e-05], "dmean2": [0.413644701242, 4.99449872971, 8.81034851074, 10.5471544266, 8.05288314819, 12.5073461533, 8.74313735962, 5.02609157562, 12.2024440765, 20.5384998322, 28.1999816895, 34.4529380798, 27.0743503571, 25.0573616028, 30.0977172852, 26.0876750946, 26.3707733154, 11.4659032822, 6.02893877029, 14.1778373718, 4.63200187683, 13.2611169815, 7.71959877014, 2.54489612579, 1.77205240726, 1.73427939415, 1.3526506424, 1.90265846252, 1.46280026436, 2.07520270348, 2.02726554871, 0.987098574638, 0.397008687258, 0.172420531511, 0.0973781719804, 0.0601467639208, 0.0207439716905, 0.00340855051763, 0.000262008688878, 3.94191520172e-05], "dvar": [0.501453399658, 94.8073196411, 289.075744629, 481.794769287, 182.841262817, 629.2109375, 438.320587158, 83.1418533325, 447.04498291, 1245.94921875, 3117.44116211, 4277.75292969, 2479.5625, 1753.80529785, 2733.58325195, 4124.24658203, 2311.03833008, 339.469116211, 92.2046279907, 1214.54528809, 34.7244644165, 533.807128906, 164.482559204, 14.6333751678, 7.56451225281, 7.25466585159, 3.20805978775, 4.70649003983, 3.17737579346, 6.87421178818, 6.82118606567, 1.92162501812, 0.242044195533, 0.095002129674, 0.0333610922098, 0.00987831037492, 0.00105218891986, 2.91217093036e-05, 1.62114702107e-07, 2.74769385022e-09], "dvar2": [1.08610141277, 190.036026001, 569.842102051, 1369.06311035, 528.029541016, 1703.56738281, 1173.32946777, 154.331069946, 1099.00402832, 2739.67382812, 6366.36474609, 7651.26464844, 4825.54931641, 3308.9699707, 4911.38183594, 9424.74316406, 4631.3828125, 777.238952637, 225.288253784, 3083.56469727, 87.9871673584, 1500.0123291, 450.430236816, 32.3279380798, 16.3239116669, 17.7092266083, 6.86964464188, 10.2759904861, 6.29454183578, 16.6235237122, 15.3848323822, 4.70851182938, 0.560130238533, 0.243604704738, 0.0735189393163, 0.0240901745856, 0.00245356583036, 6.87057763571e-05, 3.78933037837e-07, 5.88811088775e-09], "max": [11.6052789688, 192.670501709, 383.461395264, 273.312286377, 201.34715271, 257.433410645, 243.518585205, 397.259307861, 449.625946045, 1204.25854492, 1151.8338623, 1581.45324707, 1512.70275879, 976.151611328, 1024.42724609, 2470.26049805, 1193.02050781, 363.451965332, 316.824798584, 1254.40002441, 116.053268433, 186.436798096, 113.637535095, 43.3196220398, 28.6571903229, 22.7976932526, 17.8964805603, 17.8718585968, 16.9463043213, 21.8007106781, 26.8315010071, 11.292924881, 4.07024621964, 3.84293603897, 2.40499353409, 1.03150629997, 0.282149940729, 0.0421484559774, 0.00350569491275, 0.0010873778956], "mean": [0.71963340044, 9.21569919586, 10.7869338989, 6.52097606659, 4.91882133484, 7.41632795334, 7.3974275589, 8.69190502167, 19.3561897278, 34.5365028381, 50.6826400757, 62.5550117493, 44.0420341492, 35.7467041016, 36.6281280518, 21.9482078552, 21.9735736847, 9.88090419769, 5.6398692131, 11.0152482986, 3.87510490417, 5.9886932373, 4.25754213333, 2.30716347694, 1.57327270508, 1.41524815559, 1.50668883324, 1.86765885353, 1.47278678417, 1.75055801868, 1.61475503445, 0.771287024021, 0.353748708963, 0.14017984271, 0.0755456089973, 0.0419687442482, 0.0143233062699, 0.00223607220687, 0.000189501748537, 6.9543835707e-05], "median": [0.166293650866, 1.48460578918, 1.97503328323, 1.62034296989, 1.73386752605, 2.06482553482, 2.242831707, 2.49155378342, 5.1999464035, 5.67054843903, 6.39134168625, 8.66964817047, 9.70928382874, 11.4620666504, 8.89284133911, 4.9213514328, 6.24967384338, 3.03261709213, 2.11549901962, 1.75750255585, 1.12777030468, 0.752028465271, 0.515522897243, 0.357847392559, 0.202672243118, 0.160724550486, 0.167393684387, 0.208452373743, 0.171042561531, 0.15952077508, 0.153609663248, 0.079006254673, 0.0289350934327, 0.00907458085567, 0.00399079686031, 0.00188803544734, 0.000570747477468, 8.94085897016e-05, 3.58444085578e-05, 3.52470960934e-05], "min": [3.32468571327e-22, 1.65556978526e-21, 2.47756216187e-20, 2.43696765939e-19, 3.31824329906e-19, 3.20839397221e-19, 1.88640296452e-19, 1.35362665947e-19, 4.03785398434e-19, 3.09975987707e-18, 3.98743365539e-18, 1.44201693083e-18, 6.95258539741e-19, 1.19689219266e-18, 2.68186471609e-18, 2.07593651263e-18, 6.36581531731e-18, 6.54999907482e-18, 9.51374585057e-18, 1.01525865366e-17, 8.48694256797e-18, 1.22185950208e-17, 1.41345347438e-17, 1.27606051171e-17, 1.37080346297e-17, 1.69711554399e-17, 1.82722559495e-17, 1.35238124083e-17, 1.97634491814e-17, 1.90759148542e-17, 1.92475052005e-17, 1.53499244527e-17, 1.40031437209e-17, 1.21495535637e-17, 9.87832570555e-18, 6.64613317843e-18, 3.8112532839e-18, 1.26079654787e-18, 3.62375522048e-19, 4.51834161793e-20], "var": [1.99811255932, 326.345733643, 632.598937988, 344.292144775, 135.274032593, 444.334411621, 396.525970459, 366.036407471, 1720.1817627, 9208.28027344, 13172.1005859, 23001.4375, 10000.4013672, 5272.92138672, 6986.74609375, 5895.421875, 3293.68530273, 461.998352051, 128.644668579, 1272.82287598, 47.0622215271, 337.713165283, 120.39099884, 24.0422611237, 13.320646286, 9.83243083954, 7.9638633728, 10.4318466187, 7.30038547516, 11.9642190933, 10.5564174652, 2.44752788544, 0.508755505085, 0.136464372277, 0.0487980432808, 0.0137372799218, 0.00143582746387, 3.46869201167e-05, 1.86022617754e-07, 8.54356141389e-09]}, "gfcc": {"mean": [-75.903968811, 140.685150146, -93.2509384155, 13.7059001923, -50.8865127563, 27.3668823242, -14.5259437561, 4.39204025269, -5.13306522369, -3.2101213932, -10.4744329453, 0.743100583553, -8.44309139252], "cov": [[10347.6826172, -1130.3840332, -210.574432373, 1382.44299316, -735.749938965, 213.910766602, 135.535720825, 479.073791504, 85.1081542969, 135.83555603, -63.1263389587, 136.715301514, -137.760314941], [-1130.3840332, 3063.87597656, -233.762130737, -916.851867676, 1003.89813232, -128.418624878, 300.125671387, -283.000823975, 450.506866455, -185.811798096, 318.043701172, -299.371185303, 139.698104858], [-210.574432373, -233.762130737, 985.57598877, 144.734603882, 55.0273399353, 241.596908569, 108.393798828, -17.3347415924, 16.7940216064, 156.25390625, -40.2398452759, -32.0349082947, -122.69178009], [1382.44299316, -916.851867676, 144.734603882, 1003.40716553, -178.354171753, 2.61599755287, 81.2777481079, 158.345855713, -122.720054626, -37.5927314758, -28.4258785248, 46.715927124, -34.9940109253], [-735.749938965, 1003.89813232, 55.0273399353, -178.354171753, 852.199035645, 28.2040920258, 163.923400879, 22.5717163086, 173.891555786, -198.554870605, 24.4509830475, -100.417366028, 73.4716033936], [213.910766602, -128.418624878, 241.596908569, 2.61599755287, 28.2040920258, 278.54598999, 91.4141159058, -2.35750102997, 34.8675804138, 85.3624801636, -40.098449707, -20.1853981018, -36.0809402466], [135.535720825, 300.125671387, 108.393798828, 81.2777481079, 163.923400879, 91.4141159058, 218.603256226, 6.225918293, 58.5374946594, -22.0281963348, 66.0153198242, -60.9040527344, 0.611500144005], [479.073791504, -283.000823975, -17.3347415924, 158.345855713, 22.5717163086, -2.35750102997, 6.225918293, 171.481689453, 2.40171456337, -42.5237617493, -68.2850952148, 37.7988243103, 0.119583681226], [85.1081542969, 450.506866455, 16.7940216064, -122.720054626, 173.891555786, 34.8675804138, 58.5374946594, 2.40171456337, 238.015304565, 40.5506324768, 11.401761055, -96.6268081665, 1.95225715637], [135.83555603, -185.811798096, 156.25390625, -37.5927314758, -198.554870605, 85.3624801636, -22.0281963348, -42.5237617493, 40.5506324768, 211.755874634, 22.5083885193, -26.7176685333, -74.2595901489], [-63.1263389587, 318.043701172, -40.2398452759, -28.4258785248, 24.4509830475, -40.098449707, 66.0153198242, -68.2850952148, 11.401761055, 22.5083885193, 167.762771606, -0.577131986618, -3.6587407589], [136.715301514, -299.371185303, -32.0349082947, 46.715927124, -100.417366028, -20.1853981018, -60.9040527344, 37.7988243103, -96.6268081665, -26.7176685333, -0.577131986618, 129.165328979, 26.1359062195], [-137.760314941, 139.698104858, -122.69178009, -34.9940109253, 73.4716033936, -36.0809402466, 0.611500144005, 0.119583681226, 1.95225715637, -74.2595901489, -3.6587407589, 26.1359062195, 96.3958129883]], "icov": [[0.000192735577002, -0.00032538085361, 0.000160537965712, -0.000421095668571, 0.000326319335727, -0.000363229744835, 6.95855414961e-05, -0.000496811931953, -0.000114524831588, -0.000170094979694, 0.000331146613462, -0.000603663967922, 0.00046147784451], [-0.00032538085361, 0.00301873660646, -0.000420321361162, 0.00219361437485, -0.00159046077169, 0.00155142613221, -0.00118373741861, 0.00242151808925, -0.00197634939104, 0.00230038212612, -0.00372779765166, 0.00358462822624, -0.00208225683309], [0.000160537965712, -0.000420321361162, 0.00203988398425, -0.000812128477264, -0.000521168869454, -0.000434119196143, -0.00140155572444, 0.00095076469006, 0.000114225760626, -0.00210242392495, 0.0024408348836, -0.00261347624473, 0.00256183394231], [-0.000421095668571, 0.00219361437485, -0.000812128477264, 0.00336036994122, -0.000718769733794, 0.00148427404929, -0.00143250799738, 0.00030003869324, -0.000297685153782, 0.00221891351976, -0.003102888586, 0.00362329278141, -0.00186723237857], [0.000326319335727, -0.00159046077169, -0.000521168869454, -0.000718769733794, 0.00405170302838, -0.00218683830462, 0.0011428904254, -0.00289611425251, -0.00072416535113, 0.0031809178181, -0.000220433037612, 0.000348386325641, 0.000298945669783], [-0.000363229744835, 0.00155142613221, -0.000434119196143, 0.00148427404929, -0.00218683830462, 0.00955399870872, -0.00733431428671, 0.00452241674066, -0.000891183095518, -0.00423612166196, 0.00502356654033, -0.00323950801976, 0.000326304376358], [6.95855414961e-05, -0.00118373741861, -0.00140155572444, -0.00143250799738, 0.0011428904254, -0.00733431428671, 0.0152327995747, -0.00636833719909, 0.00137935962994, 0.00472709629685, -0.00958478450775, 0.00878146383911, -0.00332513637841], [-0.000496811931953, 0.00242151808925, 0.00095076469006, 0.00030003869324, -0.00289611425251, 0.00452241674066, -0.00636833719909, 0.0159651767462, -0.00475408136845, 0.000399830023525, 0.0063320226036, -0.00712746009231, 0.00359756941907], [-0.000114524831588, -0.00197634939104, 0.000114225760626, -0.000297685153782, -0.00072416535113, -0.000891183095518, 0.00137935962994, -0.00475408136845, 0.0109942499548, -0.00552023528144, 0.00104487978388, 0.0046589076519, -0.00274542323314], [-0.000170094979694, 0.00230038212612, -0.00210242392495, 0.00221891351976, 0.0031809178181, -0.00423612166196, 0.00472709629685, 0.000399830023525, -0.00552023528144, 0.0177428331226, -0.00966443959624, 0.00720908725634, 0.00197098916396], [0.000331146613462, -0.00372779765166, 0.0024408348836, -0.003102888586, -0.000220433037612, 0.00502356654033, -0.00958478450775, 0.0063320226036, 0.00104487978388, -0.00966443959624, 0.0221311468631, -0.0156741067767, 0.00758061278611], [-0.000603663967922, 0.00358462822624, -0.00261347624473, 0.00362329278141, 0.000348386325641, -0.00323950801976, 0.00878146383911, -0.00712746009231, 0.0046589076519, 0.00720908725634, -0.0156741067767, 0.0281280782074, -0.0123556768522], [0.00046147784451, -0.00208225683309, 0.00256183394231, -0.00186723237857, 0.000298945669783, 0.000326304376358, -0.00332513637841, 0.00359756941907, -0.00274542323314, 0.00197098916396, 0.00758061278611, -0.0123556768522, 0.0217564851046]]}, "melbands": {"dmean": [0.00334455701523, 0.00381736923009, 0.000944380823057, 0.000395027949708, 0.000244681228651, 8.82506647031e-05, 0.000126893821289, 0.000170495230122, 0.000174773143954, 0.000152691529365, 9.8788041214e-05, 7.13654007996e-05, 8.56512560858e-05, 4.19236166636e-05, 4.08932719438e-05, 2.58892214333e-05, 1.43535080497e-05, 5.61718434255e-06, 8.65052516019e-06, 9.02193278307e-06, 2.76501850749e-06, 5.86762689636e-06, 1.05257577161e-05, 1.49726122345e-06, 1.40930399084e-06, 9.64014589044e-07, 7.61402532135e-07, 7.2807330298e-07, 5.06548701651e-07, 9.33578917284e-07, 6.44935312266e-07, 6.4173860892e-07, 4.57057041103e-07, 8.65972594966e-07, 8.75068678852e-07, 4.78155925521e-07, 3.74875980924e-07, 1.81224876883e-07, 1.13484603048e-07, 9.12372826178e-08], "dmean2": [0.00465220585465, 0.00542778242379, 0.00169144105166, 0.000696068222169, 0.000395260052755, 0.000117806986964, 0.000180989838555, 0.000249769160291, 0.000233525614021, 0.00020058946393, 0.000133154535433, 9.95563095785e-05, 0.000119660420751, 6.47208435112e-05, 6.20758000878e-05, 3.85125058529e-05, 2.25977764785e-05, 9.24828782445e-06, 1.42233866427e-05, 1.48349809024e-05, 4.57625810668e-06, 1.03343163573e-05, 1.90990576812e-05, 2.43390945798e-06, 2.15519548874e-06, 1.44932118928e-06, 1.29574721086e-06, 1.16532885386e-06, 7.14812756542e-07, 1.40926454151e-06, 9.71452891463e-07, 9.25895108139e-07, 6.92480057296e-07, 1.43596832913e-06, 1.38932261962e-06, 7.72897692514e-07, 5.99666236667e-07, 2.88226857492e-07, 1.8002189961e-07, 1.46760214648e-07], "dvar": [7.30375395506e-05, 0.000108218860987, 1.18429916256e-05, 1.08217489014e-06, 9.18038892905e-07, 4.59907951722e-08, 9.53915346713e-08, 1.93932294223e-07, 1.96212525339e-07, 1.5106300566e-07, 6.16597404246e-08, 3.21545101656e-08, 4.94470100421e-08, 2.32279813162e-08, 1.08540669785e-08, 4.31122693101e-09, 1.61527491382e-09, 2.18258522366e-10, 8.48906889228e-10, 1.13857145934e-09, 4.16382796298e-11, 2.86813600647e-10, 1.2385769077e-09, 8.94672530505e-12, 1.21876484599e-11, 5.33412767081e-12, 3.83793040751e-12, 3.27261568539e-12, 9.79503153933e-13, 2.88097128619e-12, 1.25441020418e-12, 1.21674773122e-12, 7.60722160178e-13, 3.67989666517e-12, 3.2418275963e-12, 9.67803094609e-13, 7.41554821021e-13, 1.16559038354e-13, 5.20325461591e-14, 8.32604384743e-14], "dvar2": [0.000148315739352, 0.000213777209865, 3.37360688718e-05, 2.9772736525e-06, 2.44610350819e-06, 9.12008459864e-08, 2.32333093209e-07, 4.23932789317e-07, 4.01466508038e-07, 2.72086850828e-07, 1.20232272138e-07, 6.05271139875e-08, 8.84156250436e-08, 5.40748317235e-08, 2.2801826205e-08, 8.57185344927e-09, 3.72082897826e-09, 5.36751032509e-10, 2.15201967357e-09, 2.87147905453e-09, 1.10881269444e-10, 8.00506605447e-10, 3.48936701755e-09, 2.21954347263e-11, 2.77684299166e-11, 1.0932484952e-11, 9.92178214587e-12, 8.02500860902e-12, 2.0621982854e-12, 6.72369278309e-12, 2.6455023068e-12, 2.45696410266e-12, 1.62600195894e-12, 9.26381974603e-12, 7.40710444369e-12, 2.31373861043e-12, 1.90518325942e-12, 2.69680436836e-13, 1.21278624621e-13, 2.21189359146e-13], "max": [0.142196238041, 0.230857491493, 0.0430067256093, 0.0109453927726, 0.0102903498337, 0.00871267169714, 0.00675327749923, 0.0154090598226, 0.009058422409, 0.0104568190873, 0.00759014859796, 0.00428380817175, 0.00470791338012, 0.00493832025677, 0.00309019116685, 0.00159094959963, 0.000834587670397, 0.000466623663669, 0.00105043372605, 0.00118169863708, 0.000118630588986, 0.00013825649512, 0.000283574976493, 3.17310186801e-05, 4.17899282183e-05, 2.45825594902e-05, 1.96369874175e-05, 1.62392425409e-05, 9.79015203484e-06, 1.55938942044e-05, 9.97695497063e-06, 9.92177592707e-06, 8.30320641398e-06, 1.72390537045e-05, 1.94527819986e-05, 7.74541877036e-06, 7.24272740626e-06, 2.68484109256e-06, 2.02827095563e-06, 3.70255452253e-06], "mean": [0.00883148051798, 0.00851170998067, 0.00107626849785, 0.000432654371252, 0.000297771126498, 0.000195096392417, 0.000286709633656, 0.000424467027187, 0.000421653297963, 0.000355745840352, 0.000206064374652, 0.000137401613756, 0.000142010816489, 5.48938769498e-05, 5.11968282808e-05, 3.19423415931e-05, 1.82195344678e-05, 7.99279678176e-06, 1.17539912026e-05, 1.15416842164e-05, 3.44697423316e-06, 5.15762940267e-06, 7.68003519624e-06, 1.99581677407e-06, 1.86947033853e-06, 1.32123579988e-06, 9.41433313528e-07, 9.29627958612e-07, 8.07424157756e-07, 1.27811495076e-06, 9.65291633293e-07, 8.74690499586e-07, 7.00486964433e-07, 1.11961082894e-06, 1.05366552816e-06, 5.73997681386e-07, 4.3257907123e-07, 2.53494704339e-07, 1.53810205461e-07, 1.08656102782e-07], "median": [0.00180057715625, 0.00146388041321, 0.000288874405669, 0.000141557131428, 8.70587173267e-05, 5.37033665751e-05, 7.34264685889e-05, 5.7490033214e-05, 5.51971825189e-05, 4.74586195196e-05, 4.03323392675e-05, 3.85053754144e-05, 2.67064879154e-05, 7.10454605723e-06, 1.3774524632e-05, 9.65728577285e-06, 3.18077991324e-06, 2.42164469455e-06, 2.04038155971e-06, 1.89751892776e-06, 7.75905277806e-07, 6.49719140711e-07, 6.50864876661e-07, 3.06985498355e-07, 2.72401507573e-07, 1.41064319337e-07, 1.07823076689e-07, 1.02666135149e-07, 9.2607685076e-08, 1.2966646068e-07, 1.10657865093e-07, 9.78421326181e-08, 8.0029231242e-08, 9.00510741531e-08, 9.42813755955e-08, 6.19268760715e-08, 4.06101605677e-08, 2.16036983858e-08, 1.07382245318e-08, 6.10284001112e-09], "min": [2.3251113118e-24, 8.89502280673e-24, 4.61927852907e-23, 2.16124253758e-23, 9.70072115912e-24, 2.74077119466e-24, 6.406335467e-24, 3.91693862576e-23, 2.86705626877e-23, 7.9712509095e-24, 3.16359708999e-24, 4.18989191426e-24, 1.16932410219e-23, 4.36902999849e-24, 7.54024570988e-24, 1.55362810513e-23, 1.06515951616e-23, 1.59917993147e-23, 9.25953255407e-24, 1.75602567427e-23, 7.78499690547e-24, 1.31079636589e-23, 1.12830436064e-23, 1.4208899516e-23, 9.9430450297e-24, 6.60255199539e-24, 1.50254589053e-23, 9.81627271565e-24, 1.05375992388e-23, 1.06008871826e-23, 7.32130367652e-24, 1.14729153265e-23, 1.23106800858e-23, 9.90388439665e-24, 1.2463154277e-23, 8.84229061066e-24, 9.07388518408e-24, 9.79045645367e-24, 8.99897968568e-24, 1.10570546785e-23], "var": [0.000289903779048, 0.000292802404147, 8.69934865477e-06, 8.28444910894e-07, 7.42904035178e-07, 1.8676723812e-07, 3.97656094719e-07, 1.45819171848e-06, 8.31663783174e-07, 8.0185088791e-07, 2.45631127882e-07, 9.68346114405e-08, 1.25333059486e-07, 3.2538537198e-08, 1.6375320655e-08, 6.20355855574e-09, 2.16555950949e-09, 2.97041335973e-10, 9.58606971579e-10, 1.20785093038e-09, 4.9579767375e-11, 1.98279476171e-10, 7.56754103826e-10, 1.46262533335e-11, 1.84829981181e-11, 9.75633029227e-12, 4.93958476552e-12, 4.3239314039e-12, 2.46540570077e-12, 5.65125810731e-12, 2.70725694466e-12, 2.62894350386e-12, 1.689151965e-12, 5.50008866576e-12, 4.75386613755e-12, 1.29946476756e-12, 8.3492842631e-13, 2.57504277233e-13, 1.0300407852e-13, 1.05354852446e-13]}, "mfcc": {"mean": [-726.950805664, 168.684860229, 23.0106811523, 9.80846500397, -2.80385541916, 19.3483104706, 0.520749688148, 18.0166625977, 6.19489431381, 8.49478435516, 2.88533830643, 6.28835010529, -0.541823506355], "cov": [[8059.5078125, -894.96484375, -117.566474915, 444.429473877, -225.49005127, -164.472427368, -195.044708252, 288.570037842, 120.110710144, 40.9124412537, -47.1262893677, 220.003753662, 120.517662048], [-894.96484375, 3405.77294922, -583.12097168, -474.222229004, 444.55255127, 258.822509766, 49.6296043396, 9.90484809875, 81.9614944458, 164.422103882, 222.914627075, 86.845451355, 102.646789551], [-117.566474915, -583.12097168, 828.244445801, 76.3596420288, -109.116645813, 193.236236572, 91.1114654541, -85.6350708008, -19.7399940491, 34.9721565247, 74.1552886963, 119.252807617, 14.0361003876], [444.429473877, -474.222229004, 76.3596420288, 588.444885254, 108.541053772, -58.2222251892, 115.938667297, 161.192886353, 8.13284111023, -20.345659256, -33.551651001, -31.8884944916, -31.8105506897], [-225.49005127, 444.55255127, -109.116645813, 108.541053772, 395.898742676, 86.6548919678, 51.9494400024, 148.381027222, 140.829483032, 51.9628829956, 36.6391868591, -25.0612239838, -30.5404033661], [-164.472427368, 258.822509766, 193.236236572, -58.2222251892, 86.6548919678, 274.747467041, 83.7471618652, -19.146938324, 58.9769248962, 95.8684463501, 84.3895111084, 72.1042098999, 19.4373588562], [-195.044708252, 49.6296043396, 91.1114654541, 115.938667297, 51.9494400024, 83.7471618652, 199.319488525, 87.2793121338, -12.602689743, 3.873306036, 17.3283176422, -22.4947929382, -0.070023059845], [288.570037842, 9.90484809875, -85.6350708008, 161.192886353, 148.381027222, -19.146938324, 87.2793121338, 226.316360474, 85.9080276489, -16.0238323212, -29.4124279022, -44.4629020691, -40.6778831482], [120.110710144, 81.9614944458, -19.7399940491, 8.13284111023, 140.829483032, 58.9769248962, -12.602689743, 85.9080276489, 183.374710083, 77.5973587036, 8.06614780426, -6.70434331894, -18.5121688843], [40.9124412537, 164.422103882, 34.9721565247, -20.345659256, 51.9628829956, 95.8684463501, 3.873306036, -16.0238323212, 77.5973587036, 150.880447388, 81.4790267944, 23.1186389923, 9.1780128479], [-47.1262893677, 222.914627075, 74.1552886963, -33.551651001, 36.6391868591, 84.3895111084, 17.3283176422, -29.4124279022, 8.06614780426, 81.4790267944, 142.923614502, 86.2540969849, -4.33158063889], [220.003753662, 86.845451355, 119.252807617, -31.8884944916, -25.0612239838, 72.1042098999, -22.4947929382, -44.4629020691, -6.70434331894, 23.1186389923, 86.2540969849, 159.774871826, 53.7145271301], [120.517662048, 102.646789551, 14.0361003876, -31.8105506897, -30.5404033661, 19.4373588562, -0.070023059845, -40.6778831482, -18.5121688843, 9.1780128479, -4.33158063889, 53.7145271301, 147.884277344]], "icov": [[0.000185066412087, 1.9794302716e-05, 6.20851496933e-05, -0.000149652783875, 0.000303392822389, -0.000126898827148, 0.000442791497335, -0.000609053589869, 7.80602713348e-05, -0.000240738401772, 9.32960247155e-05, -0.000305125868181, -0.000152354783495], [1.9794302716e-05, 0.000624019652605, 0.000503176415805, 0.000511856749654, -0.000689156295266, -0.000304986839183, -0.000285267189611, -3.60873091267e-05, 0.00040962244384, -0.000158252427354, -0.000551390636247, -0.000193686821149, -0.000383917940781], [6.20851496933e-05, 0.000503176415805, 0.00242746272124, -0.000332120136591, 0.000462236086605, -0.00157967652194, -0.00103298388422, 0.00103116442915, -0.000642337021418, 0.000589783070609, -0.000514575396664, -0.00120909686666, 0.00019163012621], [-0.000149652783875, 0.000511856749654, -0.000332120136591, 0.0034388427157, -0.00204703211784, 0.00184383464511, -0.0021740347147, -0.000850754964631, 0.0017234912375, -0.0020968108438, 0.00174334982876, -0.0016073116567, 0.000618527294137], [0.000303392822389, -0.000689156295266, 0.000462236086605, -0.00204703211784, 0.0069661475718, -0.00286412285641, 0.00255875359289, -0.00305952550843, -0.00360951968469, 0.00284946872853, -0.00382450083271, 0.00296689756215, -0.00109673442785], [-0.000126898827148, -0.000304986839183, -0.00157967652194, 0.00184383464511, -0.00286412285641, 0.0106790326536, -0.0067221163772, 0.00370146124624, -0.00157764228061, -0.00483738956973, 0.00390479993075, -0.00547307590023, 0.00208655232564], [0.000442791497335, -0.000285267189611, -0.00103298388422, -0.0021740347147, 0.00255875359289, -0.0067221163772, 0.014862219803, -0.00895773991942, 0.00449926499277, 0.00200571375899, -0.00551229156554, 0.00709488103166, -0.00387714407407], [-0.000609053589869, -3.60873091267e-05, 0.00103116442915, -0.000850754964631, -0.00305952550843, 0.00370146124624, -0.00895773991942, 0.0153911523521, -0.00739815365523, 0.00342515716329, 0.0016872335691, -0.00192162173335, 0.00296022882685], [7.80602713348e-05, 0.00040962244384, -0.000642337021418, 0.0017234912375, -0.00360951968469, -0.00157764228061, 0.00449926499277, -0.00739815365523, 0.0162019878626, -0.0102009186521, 0.00635184766725, -0.00248379376717, 0.00126232020557], [-0.000240738401772, -0.000158252427354, 0.000589783070609, -0.0020968108438, 0.00284946872853, -0.00483738956973, 0.00200571375899, 0.00342515716329, -0.0102009186521, 0.0214442238212, -0.015933489427, 0.0101011004299, -0.00477706361562], [9.32960247155e-05, -0.000551390636247, -0.000514575396664, 0.00174334982876, -0.00382450083271, 0.00390479993075, -0.00551229156554, 0.0016872335691, 0.00635184766725, -0.015933489427, 0.0274423975497, -0.0169049799442, 0.00861698575318], [-0.000305125868181, -0.000193686821149, -0.00120909686666, -0.0016073116567, 0.00296689756215, -0.00547307590023, 0.00709488103166, -0.00192162173335, -0.00248379376717, 0.0101011004299, -0.0169049799442, 0.0210561491549, -0.00812200736254], [-0.000152354783495, -0.000383917940781, 0.00019163012621, 0.000618527294137, -0.00109673442785, 0.00208655232564, -0.00387714407407, 0.00296022882685, 0.00126232020557, -0.00477706361562, 0.00861698575318, -0.00812200736254, 0.011236185208]]}, "spectral_contrast_coeffs": {"dmean": [0.0479727238417, 0.0427305474877, 0.0385530665517, 0.0372623279691, 0.0250073932111, 0.0191317126155], "dmean2": [0.0780434682965, 0.0669213607907, 0.0582242123783, 0.057421579957, 0.0401403978467, 0.0312685444951], "dvar": [0.00238128635101, 0.00157805799972, 0.00104457838461, 0.000948151980992, 0.000565960654058, 0.000432227097917], "dvar2": [0.00589418318123, 0.00387380924076, 0.00228553102352, 0.00210360228084, 0.0013577187201, 0.0010137881618], "max": [-0.275251865387, -0.400978177786, -0.410031706095, -0.441571980715, -0.594732999802, -0.682105064392], "mean": [-0.683943629265, -0.702918827534, -0.666854560375, -0.703601896763, -0.815646529198, -0.774075508118], "median": [-0.691952347755, -0.708294332027, -0.669500112534, -0.704763352871, -0.825885772705, -0.776272535324], "min": [-0.95452439785, -0.986244440079, -0.9786490798, -0.961179673672, -0.962004840374, -0.961265265942], "var": [0.00615723617375, 0.00790312420577, 0.00771671254188, 0.00576717127115, 0.00283427070826, 0.00182290258817]}, "spectral_contrast_valleys": {"dmean": [0.347993552685, 0.361270904541, 0.318700760603, 0.300031453371, 0.428835630417, 0.578976809978], "dmean2": [0.563050091267, 0.580353915691, 0.501636922359, 0.45246899128, 0.584300041199, 0.70463591814], "dvar": [0.127362713218, 0.198894232512, 0.145631954074, 0.133352011442, 0.28837877512, 0.372310250998], "dvar2": [0.258144825697, 0.444842398167, 0.271794646978, 0.223029538989, 0.469742447138, 0.589995622635], "ma