{"lowlevel": {"average_loudness": 0.786899626255, "barkbands_crest": {"dmean": 2.62148737907, "dmean2": 4.14096021652, "dvar": 5.98415231705, "dvar2": 14.4682188034, "max": 25.9514446259, "mean": 12.0705213547, "median": 11.3525791168, "min": 2.11901712418, "var": 21.4200649261}, "barkbands_flatness_db": {"dmean": 0.0266413521022, "dmean2": 0.0372063592076, "dvar": 0.000864143192302, "dvar2": 0.00151480780914, "max": 0.509062111378, "mean": 0.179560601711, "median": 0.159238308668, "min": 0.00682000862435, "var": 0.00827457197011}, "barkbands_kurtosis": {"dmean": 5.44549703598, "dmean2": 8.09596252441, "dvar": 117.486953735, "dvar2": 231.983123779, "max": 379.858886719, "mean": 10.3409004211, "median": 4.88293170929, "min": -1.92982172966, "var": 316.804077148}, "barkbands_skewness": {"dmean": 0.65891122818, "dmean2": 0.955498635769, "dvar": 0.561003565788, "dvar2": 1.12203228474, "max": 14.2990007401, "mean": 2.16818523407, "median": 1.93522810936, "min": -5.58423900604, "var": 3.00685286522}, "barkbands_spread": {"dmean": 4.64648008347, "dmean2": 6.88792800903, "dvar": 45.9914131165, "dvar2": 90.6243591309, "max": 108.461662292, "mean": 15.4143829346, "median": 12.7116661072, "min": 0.309004575014, "var": 156.308929443}, "dissonance": {"dmean": 0.0229494366795, "dmean2": 0.0381833724678, "dvar": 0.000613857642747, "dvar2": 0.00165034853853, "max": 0.500000119209, "mean": 0.446897357702, "median": 0.461768984795, "min": 0.139559179544, "var": 0.00255292956717}, "dynamic_complexity": 4.07326173782, "erbbands_crest": {"dmean": 2.83479237556, "dmean2": 4.54003810883, "dvar": 8.36948108673, "dvar2": 19.7016639709, "max": 30.7794437408, "mean": 11.1851158142, "median": 10.4250812531, "min": 2.60589051247, "var": 27.0564632416}, "erbbands_flatness_db": {"dmean": 0.0239323135465, "dmean2": 0.0319258198142, "dvar": 0.00071164680412, "dvar2": 0.00122658163309, "max": 0.492303818464, "mean": 0.190216824412, "median": 0.170560568571, "min": 0.0641670078039, "var": 0.00587629899383}, "erbbands_kurtosis": {"dmean": 2.024320364, "dmean2": 3.06567764282, "dvar": 18.8771266937, "dvar2": 37.2192344666, "max": 126.276443481, "mean": 2.41486549377, "median": 0.0237057209015, "min": -1.86397790909, "var": 55.5918540955}, "erbbands_skewness": {"dmean": 0.490736991167, "dmean2": 0.720308959484, "dvar": 0.303530067205, "dvar2": 0.57604598999, "max": 9.56652069092, "mean": 0.984875321388, "median": 0.72971278429, "min": -3.57818818092, "var": 1.54667878151}, "erbbands_spread": {"dmean": 8.34485340118, "dmean2": 12.5444602966, "dvar": 106.906997681, "dvar2": 217.869567871, "max": 140.505935669, "mean": 36.3889198303, "median": 35.3946456909, "min": 1.02893638611, "var": 401.459686279}, "hfc": {"dmean": 4.55920982361, "dmean2": 6.57725715637, "dvar": 65.8532409668, "dvar2": 144.342819214, "max": 209.173583984, "mean": 12.1855516434, "median": 8.06534576416, "min": 1.05023727627e-16, "var": 194.578414917}, "melbands_crest": {"dmean": 2.85333228111, "dmean2": 4.59501743317, "dvar": 7.46321392059, "dvar2": 18.7005519867, "max": 32.3286132812, "mean": 14.1035060883, "median": 13.5696287155, "min": 1.00151920319, "var": 24.5207901001}, "melbands_flatness_db": {"dmean": 0.0290747247636, "dmean2": 0.0401850752532, "dvar": 0.00105887663085, "dvar2": 0.00186062883586, "max": 0.598066926003, "mean": 0.239319071174, "median": 0.223250120878, "min": 1.7688766718e-07, "var": 0.0103976279497}, "melbands_kurtosis": {"dmean": 9.60501384735, "dmean2": 14.4053907394, "dvar": 258.892852783, "dvar2": 526.237487793, "max": 373.195892334, "mean": 21.7417411804, "median": 12.7790250778, "min": -1.89262628555, "var": 821.053405762}, "melbands_skewness": {"dmean": 0.784625828266, "dmean2": 1.16274106503, "dvar": 0.756113827229, "dvar2": 1.56064033508, "max": 16.3093776703, "mean": 3.08051896095, "median": 2.81352496147, "min": -4.02691507339, "var": 3.72281551361}, "melbands_spread": {"dmean": 5.83667993546, "dmean2": 8.88409900665, "dvar": 161.962615967, "dvar2": 358.034790039, "max": 282.621826172, "mean": 17.7842578888, "median": 11.570526123, "min": 0.479925602674, "var": 569.778381348}, "pitch_salience": {"dmean": 0.0674248635769, "dmean2": 0.108702532947, "dvar": 0.0042694141157, "dvar2": 0.0103905294091, "max": 0.99600982666, "mean": 0.543244957924, "median": 0.547306239605, "min": 0.0795314237475, "var": 0.0154467225075}, "silence_rate_20dB": {"dmean": 0, "dmean2": 0, "dvar": 0, "dvar2": 0, "max": 1, "mean": 1, "median": 1, "min": 1, "var": 0}, "silence_rate_30dB": {"dmean": 0.00131995778065, "dmean2": 0.00264026410878, "dvar": 0.00131827394944, "dvar2": 0.00342539511621, "max": 1, "mean": 0.999076128006, "median": 1, "min": 0, "var": 0.000923037354369}, "silence_rate_60dB": {"dmean": 0.0406547002494, "dmean2": 0.0813201293349, "dvar": 0.0389986932278, "dvar2": 0.086323261261, "max": 1, "mean": 0.127227127552, "median": 0, "min": 0, "var": 0.111030511558}, "spectral_centroid": {"dmean": 201.975128174, "dmean2": 298.49005127, "dvar": 111989.4375, "dvar2": 224715.234375, "max": 11819.3466797, "mean": 1108.52648926, "median": 795.481506348, "min": 214.458572388, "var": 2083657.75}, "spectral_complexity": {"dmean": 2.99128818512, "dmean2": 4.33320140839, "dvar": 17.4266452789, "dvar2": 30.8157329559, "max": 50, "mean": 12.4086046219, "median": 10, "min": 0, "var": 88.2149734497}, "spectral_decrease": {"dmean": 2.00548311291e-09, "dmean2": 2.91839219457e-09, "dvar": 9.30765380095e-18, "dvar2": 2.08485380915e-17, "max": 5.41386188936e-20, "mean": -4.89998042141e-09, "median": -3.73898245698e-09, "min": -3.252589309e-08, "var": 2.03479647807e-17}, "spectral_energy": {"dmean": 0.00793072767556, "dmean2": 0.0115243848413, "dvar": 0.000147136728629, "dvar2": 0.000329121132381, "max": 0.141732558608, "mean": 0.0195989608765, "median": 0.014918060042, "min": 1.00000126074e-20, "var": 0.000327585468767}, "spectral_energyband_high": {"dmean": 0.000154278619448, "dmean2": 0.000227041658945, "dvar": 8.53238617537e-08, "dvar2": 1.89991581578e-07, "max": 0.00454392936081, "mean": 0.000332806317601, "median": 0.000140853851917, "min": 6.75163475997e-21, "var": 2.1008064266e-07}, "spectral_energyband_low": {"dmean": 0.00249136891216, "dmean2": 0.00378162204288, "dvar": 2.60106644419e-05, "dvar2": 5.86137757637e-05, "max": 0.0580821037292, "mean": 0.00384263275191, "median": 0.00153234170284, "min": 1.58425026552e-23, "var": 3.77707801817e-05}, "spectral_energyband_middle_high": {"dmean": 0.00135415280238, "dmean2": 0.00202512950636, "dvar": 8.64104185894e-06, "dvar2": 2.00305821636e-05, "max": 0.130047604442, "mean": 0.00293501513079, "median": 0.000981210498139, "min": 1.10343854036e-21, "var": 3.2995485526e-05}, "spectral_energyband_middle_low": {"dmean": 0.00563576212153, "dmean2": 0.00837483908981, "dvar": 9.2059126473e-05, "dvar2": 0.000211204605876, "max": 0.106421612203, "mean": 0.0130261396989, "median": 0.00907025765628, "min": 1.37096553237e-22, "var": 0.000177674679435}, "spectral_entropy": {"dmean": 0.228664711118, "dmean2": 0.312571465969, "dvar": 0.088387824595, "dvar2": 0.154066756368, "max": 9.82429790497, "mean": 7.21672153473, "median": 7.41030454636, "min": 4.35442113876, "var": 0.781078755856}, "spectral_flux": {"dmean": 0.0253017954528, "dmean2": 0.0395155958831, "dvar": 0.00104252435267, "dvar2": 0.00234188372269, "max": 0.285072892904, "mean": 0.0664103701711, "median": 0.0572531558573, "min": 6.38060715374e-11, "var": 0.00233490392566}, "spectral_kurtosis": {"dmean": 3.4058265686, "dmean2": 5.40246152878, "dvar": 74.5135345459, "dvar2": 178.473449707, "max": 281.734985352, "mean": 9.5483083725, "median": 4.01066923141, "min": -1.34876894951, "var": 511.711975098}, "spectral_rms": {"dmean": 0.000809716060758, "dmean2": 0.00112509401515, "dvar": 1.04715741145e-06, "dvar2": 2.14522469832e-06, "max": 0.0117590669543, "mean": 0.00389238446951, "median": 0.00381499738432, "min": 3.12347717135e-12, "var": 3.97029316446e-06}, "spectral_rolloff": {"dmean": 389.645751953, "dmean2": 629.058105469, "dvar": 784622.1875, "dvar2": 1557682.875, "max": 20112.0117188, "mean": 1396.55786133, "median": 559.86328125, "min": 64.599609375, "var": 7325539}, "spectral_skewness": {"dmean": 0.334106832743, "dmean2": 0.507938325405, "dvar": 0.248520612717, "dvar2": 0.565889716148, "max": 13.5132722855, "mean": 2.00143766403, "median": 1.65558302402, "min": -0.099661692977, "var": 2.06168413162}, "spectral_spread": {"dmean": 682007.875, "dmean2": 959212.125, "dvar": 1311204311040.0, "dvar2": 2791482851330.0, "max": 43426184, "mean": 5079443.5, "median": 4433444, "min": 302674.8125, "var": 23873900773400.0}, "spectral_strongpeak": {"dmean": 0.430262714624, "dmean2": 0.712008953094, "dvar": 0.469519227743, "dvar2": 1.15359008312, "max": 14.6389970779, "mean": 0.881173491478, "median": 0.66568338871, "min": 0, "var": 0.992582976818}, "zerocrossingrate": {"dmean": 0.00982820708305, "dmean2": 0.0112937679514, "dvar": 0.000234558639931, "dvar2": 0.000304476532619, "max": 0.52587890625, "mean": 0.0571791082621, "median": 0.0419921875, "min": 0.00390625, "var": 0.00523726642132}, "barkbands": {"dmean": [0.00010667067545, 0.00142728514038, 0.00119240803178, 0.00087551708566, 0.00161209807266, 0.0030196052976, 0.00102000404149, 0.000444084347691, 0.00050306704361, 0.000236874911934, 0.000210614700336, 0.000169267965248, 0.000344766798662, 0.000330148584908, 0.000290200201562, 0.00016520061763, 9.94308138615e-05, 9.61190380622e-05, 7.40314790164e-05, 5.6445474911e-05, 3.72373106075e-05, 2.922773092e-05, 2.9997620004e-05, 3.18642014463e-05, 2.63516249106e-05, 9.15186774364e-06, 7.36233232601e-07], "dmean2": [0.00016878284805, 0.00209273258224, 0.00210354989395, 0.00148532679304, 0.00239123380743, 0.00482554780319, 0.00157722225413, 0.000740107963793, 0.000767052930314, 0.000382274913136, 0.000341945269611, 0.000273808924248, 0.000562464760151, 0.000541565183084, 0.000459240283817, 0.00026602766593, 0.000157860078616, 0.000150720748934, 0.000116983253974, 8.92673924682e-05, 5.9202342527e-05, 4.51126834378e-05, 4.47290658485e-05, 4.85326600028e-05, 4.19374009653e-05, 1.49066427184e-05, 1.19916876429e-06], "dvar": [4.62938771761e-08, 8.42693225422e-06, 1.08686017484e-05, 3.7096158394e-06, 1.17193785627e-05, 3.75022209482e-05, 4.85034024678e-06, 2.08460801332e-06, 4.06751269111e-06, 7.84066287451e-07, 6.57845021124e-07, 6.70458689456e-07, 1.61261561971e-06, 2.73693740382e-06, 8.50828485e-07, 2.34114878594e-07, 5.59178801041e-08, 5.7383381602e-08, 2.99414821825e-08, 1.51720787045e-08, 4.8299235722e-09, 3.63942409543e-09, 2.85164714064e-09, 5.34588373569e-09, 4.10989819954e-09, 6.35376751212e-10, 4.65835096192e-12], "dvar2": [1.02743761943e-07, 1.97625377041e-05, 3.07793379761e-05, 9.88311876426e-06, 2.52815043496e-05, 9.68880121945e-05, 1.16020537462e-05, 5.57435259907e-06, 8.80161405803e-06, 1.88719445759e-06, 1.64745472375e-06, 1.85848853107e-06, 4.24150630352e-06, 6.49733010505e-06, 2.02383444048e-06, 6.09718483702e-07, 1.35023839221e-07, 1.43060574942e-07, 7.57891029934e-08, 3.67513806054e-08, 1.20538601323e-08, 8.57260751275e-09, 6.44086251e-09, 1.25863452993e-08, 9.94026549961e-09, 1.60405555505e-09, 1.2092308925e-11], "max": [0.00203497009352, 0.0334865823388, 0.0381495058537, 0.0236635878682, 0.0545271784067, 0.0922965630889, 0.0353529267013, 0.0380148887634, 0.0570381321013, 0.0435712747276, 0.0217050611973, 0.0307049807161, 0.0450017973781, 0.107483483851, 0.0297203715891, 0.0189851727337, 0.00579517241567, 0.005393167492, 0.00692594889551, 0.00371659873053, 0.000969798304141, 0.00124023552053, 0.000768502592109, 0.00173093064222, 0.00134068285115, 0.00042093754746, 3.21778534271e-05], "mean": [9.92006825982e-05, 0.00207394780591, 0.00122210010886, 0.000866628019139, 0.00258923787624, 0.00643203500658, 0.00162439025007, 0.000546322669834, 0.000789128418546, 0.000316200777888, 0.000303707842249, 0.000259589840425, 0.000504524621647, 0.000499425572343, 0.000400125572924, 0.000222365313675, 0.000151721236762, 0.000164547760505, 0.000134206537041, 0.000110203211079, 7.51723346184e-05, 5.85524576309e-05, 5.64352412766e-05, 5.43204660062e-05, 3.50135524059e-05, 9.13772873901e-06, 6.93591289291e-07], "median": [9.4344622994e-06, 0.000789625337347, 0.000229434750509, 0.000229731478612, 0.00116899504792, 0.00406453339383, 0.000543581263628, 0.000112837587949, 0.000119198972243, 4.15416834585e-05, 2.78411771433e-05, 3.22061860061e-05, 9.29065863602e-05, 9.9543860415e-05, 9.14798656595e-05, 6.15673416178e-05, 5.19786117366e-05, 5.09258206876e-05, 5.17523476447e-05, 3.31040901074e-05, 2.48637679761e-05, 1.94866715901e-05, 2.35620427702e-05, 2.27293148782e-05, 1.16599785542e-05, 1.7134227619e-06, 1.0209502932e-07], "min": [1.89921516983e-25, 1.73333487919e-24, 2.39899405203e-25, 1.23381188375e-24, 6.23896442646e-24, 6.34278009931e-24, 5.15504429913e-24, 6.96175113112e-24, 9.18186367592e-24, 1.12505804024e-23, 1.41349248734e-23, 2.54557288847e-23, 2.99637171261e-23, 2.51702006801e-23, 2.87126436839e-23, 4.52281440877e-23, 6.21396589769e-23, 1.0316883215e-22, 1.10864151348e-22, 1.77532667093e-22, 2.33116374454e-22, 3.53442779832e-22, 3.79136547495e-22, 5.58071102457e-22, 7.45923496451e-22, 1.26990470064e-21, 1.78843940719e-21], "var": [5.11040987305e-08, 1.08356543933e-05, 8.67680228112e-06, 3.05517778543e-06, 1.73087919393e-05, 6.09084017924e-05, 8.8668321041e-06, 2.77989238384e-06, 9.68346830632e-06, 1.52011853061e-06, 1.33498519972e-06, 1.3260595324e-06, 2.87813304567e-06, 6.84512588123e-06, 1.422258606e-06, 2.83211903707e-07, 8.67571827712e-08, 1.13764080822e-07, 5.82037031904e-08, 4.3951768447e-08, 1.18126317616e-08, 8.61504378946e-09, 6.24879303857e-09, 9.00731134124e-09, 5.57861978834e-09, 5.62482393995e-10, 3.75258157881e-12]}, "erbbands": {"dmean": [0.05042437464, 0.322294384241, 1.01080441475, 2.44957828522, 5.10490703583, 4.3989405632, 11.3563604355, 29.5266571045, 16.7774066925, 16.5093593597, 7.83586645126, 12.7756357193, 9.81594085693, 5.45275115967, 7.75357818604, 7.8186545372, 15.3320102692, 15.9602975845, 13.6687202454, 14.4200277328, 7.54063367844, 5.55164575577, 4.89988279343, 4.11944723129, 4.01356363297, 2.67382788658, 1.70900130272, 1.34078526497, 1.0905354023, 0.889165461063, 0.880473613739, 0.727456510067, 0.508998215199, 0.317798435688, 0.176296457648, 0.0660627260804, 0.0109133273363, 0.00151109835133, 0.000124701939058, 1.29165155158e-05], "dmean2": [0.0789034888148, 0.478537946939, 1.67042851448, 4.16708374023, 7.82587337494, 6.7176733017, 17.9072284698, 47.850769043, 26.304315567, 26.5271453857, 12.495136261, 19.3736572266, 15.726149559, 8.85067653656, 12.3741531372, 12.5436306, 25.032409668, 26.0941257477, 21.8461360931, 22.687582016, 11.8078889847, 8.68504905701, 7.58100271225, 6.48432683945, 6.40142679214, 4.22512483597, 2.77085709572, 2.08684396744, 1.71562504768, 1.34623038769, 1.32793605328, 1.10578346252, 0.7834892869, 0.496437072754, 0.284153670073, 0.107572235167, 0.0177883543074, 0.00247262604535, 0.0001997705549, 1.90193186427e-05], "dvar": [0.0126153072342, 0.406120568514, 6.70437145233, 29.4801502228, 179.141220093, 78.0244140625, 388.029907227, 4235.60205078, 1427.79064941, 2384.06591797, 974.908569336, 3033.21435547, 1445.62353516, 248.628448486, 912.296508789, 1558.39990234, 3129.85961914, 5440.07519531, 1537.88659668, 2383.90405273, 396.649230957, 178.596786499, 146.284362793, 100.846122742, 88.8072357178, 38.1015701294, 12.3131875992, 6.25408411026, 5.46234941483, 2.68126606941, 2.46989703178, 2.53682422638, 1.56479656696, 0.565744638443, 0.217906787992, 0.0322143472731, 0.000987846520729, 1.97516365006e-05, 1.28314653125e-07, 5.0701731702e-10], "dvar2": [0.0305206608027, 0.940789163113, 17.8293056488, 76.8456573486, 395.142913818, 177.623733521, 958.933898926, 10987.1376953, 3527.89477539, 6060.3359375, 2527.15698242, 6512.5859375, 3471.29125977, 661.994873047, 2184.40332031, 4363.01074219, 8197.97851562, 13272.2705078, 3568.6809082, 5661.72705078, 970.463500977, 435.077850342, 356.840820312, 259.859405518, 227.435592651, 92.3450393677, 32.0380210876, 15.7782392502, 12.973069191, 6.15101337433, 5.59960603714, 6.04850244522, 3.70255017281, 1.31666481495, 0.553628861904, 0.0815239474177, 0.0025535186287, 5.11691214342e-05, 3.29735883042e-07, 1.10113262952e-09], "max": [1.22344493866, 7.92834043503, 33.7976570129, 47.6200752258, 182.442474365, 153.919006348, 299.876312256, 1043.11987305, 598.632873535, 837.784851074, 1044.09741211, 1657.12963867, 1789.97167969, 381.726409912, 800.442016602, 1544.69689941, 1757.84362793, 4166.87988281, 2176.0793457, 1992.35913086, 355.473358154, 287.575164795, 351.263580322, 278.377227783, 410.708831787, 224.281677246, 55.4112548828, 44.5824623108, 34.7932662964, 42.476940155, 24.2412166595, 33.4594688416, 27.2141418457, 16.8654632568, 9.32370090485, 2.96943378448, 0.769916415215, 0.083146519959, 0.00552159268409, 0.000281002372503], "mean": [0.0596227906644, 0.46164649725, 1.25434660912, 2.51853299141, 5.50197696686, 7.84293222427, 27.6961936951, 57.3289260864, 28.4578876495, 22.0312919617, 11.3969774246, 20.3775615692, 13.7493610382, 8.2456035614, 12.0256500244, 12.737241745, 23.8393383026, 25.0906410217, 20.7276363373, 20.1244125366, 11.0212450027, 8.63203048706, 8.59334468842, 7.51731824875, 7.36875724792, 5.16945886612, 3.21848940849, 2.78522253036, 2.14194345474, 1.79910624027, 1.60903227329, 1.24771058559, 0.817424952984, 0.466356307268, 0.204176783562, 0.0669370219111, 0.0109376981854, 0.00147493765689, 0.00013118176139, 2.79262967524e-05], "median": [0.0153128737584, 0.180367037654, 0.360619425774, 0.614895641804, 0.894974291325, 3.5100736618, 18.8764457703, 34.1548194885, 12.2886190414, 4.41517210007, 3.04820823669, 3.06769657135, 1.99555301666, 1.37239229679, 1.51697516441, 1.99997293949, 4.60971784592, 5.12129735947, 4.95153522491, 4.78019237518, 3.32713246346, 2.89001607895, 2.79653596878, 2.69372677803, 2.67734003067, 1.62675201893, 1.02436232567, 0.913858413696, 0.719280362129, 0.699140191078, 0.665040254593, 0.544757723808, 0.312848240137, 0.168007537723, 0.0560269206762, 0.0130870342255, 0.00230901921168, 0.000286394846626, 3.05776011373e-05, 2.04040916287e-05], "min": [3.16077316516e-23, 6.27315318477e-22, 9.93466533896e-22, 9.19371588189e-21, 5.14633972392e-21, 8.97736695423e-21, 3.82336256183e-20, 7.3559885867e-20, 1.04959106158e-19, 1.65970429488e-19, 1.98944666288e-19, 2.13306189008e-19, 3.41774511344e-19, 4.34107900985e-19, 7.81486586829e-19, 1.4961139225e-18, 1.79287303227e-18, 1.58059429205e-18, 2.69517674049e-18, 2.47589881152e-18, 2.63110829332e-18, 4.57948859241e-18, 5.71914619394e-18, 5.18880844318e-18, 6.53295667266e-18, 8.63228068313e-18, 8.25597967887e-18, 9.53408456747e-18, 1.24335734717e-17, 1.19593442091e-17, 1.05372544728e-17, 9.62458308956e-18, 1.01058160904e-17, 8.2824353964e-18, 6.04914534982e-18, 3.64732593883e-18, 2.45700766069e-18, 9.37659889141e-19, 2.09401250282e-19, 2.52481420813e-20], "var": [0.0133566465229, 0.529404103756, 6.44031667709, 25.7899112701, 205.770278931, 149.962661743, 896.949829102, 6132.19677734, 2222.54443359, 3163.82250977, 1608.42041016, 7447.59472656, 2686.13574219, 466.747802734, 1980.71643066, 2962.29736328, 5733.41748047, 14510.0234375, 3004.53076172, 4041.20361328, 540.784912109, 264.703613281, 306.129394531, 212.254638672, 171.259613037, 102.319160461, 24.529542923, 16.5133781433, 12.0331907272, 6.33349132538, 5.43975353241, 4.1930513382, 2.56647181511, 0.918810606003, 0.233930751681, 0.0290778372437, 0.000825460709166, 1.6049709302e-05, 1.07429308116e-07, 8.46233860763e-10]}, "gfcc": {"mean": [-83.9934539795, 100.320648193, -112.013801575, 27.3792152405, -66.7848434448, 1.21701622009, -56.6764259338, -2.69379115105, -17.9366054535, 6.36855983734, 0.0362042561173, -0.0842428058386, -1.24685549736], "cov": [[36887.5898438, 600.070495605, -2601.2487793, 2213.71655273, -925.626159668, 992.562683105, -1169.60217285, 559.798095703, -797.893920898, 548.370300293, -374.627960205, 82.4610977173, -619.479797363], [600.070495605, 2039.53442383, -283.970214844, -398.346252441, 131.456237793, -323.490661621, -28.476026535, -222.113235474, 167.807800293, -172.585464478, 227.799545288, -166.716796875, 149.047424316], [-2601.2487793, -283.970214844, 1073.62902832, 348.294921875, 261.6300354, 207.86177063, 202.872268677, 89.4425354004, 77.0502319336, 94.9954071045, -51.4050483704, 60.0746040344, -41.4694786072], [2213.71655273, -398.346252441, 348.294921875, 1106.58215332, 210.95413208, 343.567047119, 120.354919434, 168.714874268, 35.2497749329, 154.477508545, -108.174690247, 36.9802436829, -104.390327454], [-925.626159668, 131.456237793, 261.6300354, 210.95413208, 441.449035645, 152.053024292, 189.60546875, 85.6200637817, 77.1500396729, 2.59069252014, -21.30909729, -40.8962745667, -35.2846374512], [992.562683105, -323.490661621, 207.86177063, 343.567047119, 152.053024292, 413.069366455, 155.093948364, 163.564041138, -49.9563217163, 78.1664810181, -93.6975631714, 11.645324707, -116.564361572], [-1169.60217285, -28.476026535, 202.872268677, 120.354919434, 189.60546875, 155.093948364, 328.97454834, 58.808795929, 27.1969127655, 17.8946647644, -29.1669979095, -8.81527519226, -38.6836624146], [559.798095703, -222.113235474, 89.4425354004, 168.714874268, 85.6200637817, 163.564041138, 58.808795929, 207.251083374, -8.72204494476, 33.1326599121, -34.3032073975, 3.53120660782, -56.788860321], [-797.893920898, 167.807800293, 77.0502319336, 35.2497749329, 77.1500396729, -49.9563217163, 27.1969127655, -8.72204494476, 144.310211182, 13.9276094437, 32.6403884888, -14.9363327026, 43.7888298035], [548.370300293, -172.585464478, 94.9954071045, 154.477508545, 2.59069252014, 78.1664810181, 17.8946647644, 33.1326599121, 13.9276094437, 120.580070496, -0.101188085973, 36.1774673462, -31.5109672546], [-374.627960205, 227.799545288, -51.4050483704, -108.174690247, -21.30909729, -93.6975631714, -29.1669979095, -34.3032073975, 32.6403884888, -0.101188085973, 163.531692505, 7.55617332458, 38.1687889099], [82.4610977173, -166.716796875, 60.0746040344, 36.9802436829, -40.8962745667, 11.645324707, -8.81527519226, 3.53120660782, -14.9363327026, 36.1774673462, 7.55617332458, 83.3500366211, 14.0215492249], [-619.479797363, 149.047424316, -41.4694786072, -104.390327454, -35.2846374512, -116.564361572, -38.6836624146, -56.788860321, 43.7888298035, -31.5109672546, 38.1687889099, 14.0215492249, 115.375274658]], "icov": [[0.000162107462529, -0.000412187480833, 0.000425342557719, -0.000362218066584, 0.000209814286791, -0.00024268112611, 0.000554026570171, -0.000449994986411, 0.000678305164911, -0.000798555091023, 0.000521859969012, -0.000568028306589, 0.000432130909758], [-0.000412187480833, 0.00202081445605, -0.000963388592936, 0.000943434657529, -0.000890926399734, 0.000538243039045, -0.00139694917016, 0.00186594459228, -0.00223282235675, 0.00264911423437, -0.00242294953205, 0.00292156147771, -0.00157754786778], [0.000425342557719, -0.000963388592936, 0.00247600045986, -0.00104272679891, -3.50795307895e-05, -0.000820628833026, 0.00112089829054, -0.000994293950498, 0.00108995416667, -0.00230559892952, 0.00152087246533, -0.00256998557597, 0.00128725345712], [-0.000362218066584, 0.000943434657529, -0.00104272679891, 0.00230541545898, -0.000842317182105, -0.000206021257327, -0.000953788461629, 0.000816878513433, -0.00209036353044, 0.000684124184772, -0.000621169572696, 0.000968079548329, -0.000767896417528], [0.000209814286791, -0.000890926399734, -3.50795307895e-05, -0.000842317182105, 0.00460815802217, -0.00113181222696, -0.000642484636046, -0.00134368659928, -0.000837019935716, 0.000243374888669, 0.000620423990767, 0.000332327763317, 0.00103029143065], [-0.00024268112611, 0.000538243039045, -0.000820628833026, -0.000206021257327, -0.00113181222696, 0.00688969623297, -0.00232849549502, -0.00189412361942, 0.0014042602852, -0.000773888896219, 0.000654844683595, 0.000610515649896, 0.00138667703141], [0.000554026570171, -0.00139694917016, 0.00112089829054, -0.000953788461629, -0.000642484636046, -0.00232849549502, 0.00653203530237, -0.00118255557027, 0.00162756070495, -0.00239373347722, 0.00179366976954, -0.00210559577681, 0.00176933954936], [-0.000449994986411, 0.00186594459228, -0.000994293950498, 0.000816878513433, -0.00134368659928, -0.00189412361942, -0.00118255557027, 0.00909290462732, -0.00298929098062, 0.00309327268042, -0.00242447527125, 0.00199366291054, -0.000151243584696], [0.000678305164911, -0.00223282235675, 0.00108995416667, -0.00209036353044, -0.000837019935716, 0.0014042602852, 0.00162756070495, -0.00298929098062, 0.0151370977983, -0.00772916013375, 0.00166988244746, 0.00116535322741, -0.00328608858399], [-0.000798555091023, 0.00264911423437, -0.00230559892952, 0.000684124184772, 0.000243374888669, -0.000773888896219, -0.00239373347722, 0.00309327268042, -0.00772916013375, 0.0186946038157, -0.00479045789689, -0.00210659112781, 0.0019730029162], [0.000521859969012, -0.00242294953205, 0.00152087246533, -0.000621169572696, 0.000620423990767, 0.000654844683595, 0.00179366976954, -0.00242447527125, 0.00166988244746, -0.00479045789689, 0.0105935838073, -0.00447393860668, 0.00127306673676], [-0.000568028306589, 0.00292156147771, -0.00256998557597, 0.000968079548329, 0.000332327763317, 0.000610515649896, -0.00210559577681, 0.00199366291054, 0.00116535322741, -0.00210659112781, -0.00447393860668, 0.0224964413792, -0.00814971234649], [0.000432130909758, -0.00157754786778, 0.00128725345712, -0.000767896417528, 0.00103029143065, 0.00138667703141, 0.00176933954936, -0.000151243584696, -0.00328608858399, 0.0019730029162, 0.00127306673676, -0.00814971234649, 0.0173836033791]]}, "melbands": {"dmean": [0.000406596343964, 0.000475823122542, 0.000497745291796, 0.000342111015925, 0.000351407827111, 0.000631728908047, 0.000247840274824, 0.000161896197824, 6.33423987892e-05, 7.85267257015e-05, 4.75976521557e-05, 2.12139821087e-05, 2.96272664855e-05, 1.95631291717e-05, 2.8124808523e-05, 3.29711365339e-05, 3.18127931678e-05, 2.36776158999e-05, 2.2395814085e-05, 1.46408665387e-05, 8.40422217152e-06, 5.71707687413e-06, 5.69187341171e-06, 4.57083388028e-06, 3.39354915013e-06, 3.1152549127e-06, 2.81645498035e-06, 1.70829775925e-06, 1.13456212603e-06, 9.70088080976e-07, 8.26597215564e-07, 6.99831957718e-07, 5.38060817235e-07, 5.23636572325e-07, 5.28410964762e-07, 5.39848883818e-07, 4.10307194443e-07, 3.75616934889e-07, 3.33574035949e-07, 2.60793797224e-07], "dmean2": [0.000608591479249, 0.000733847147785, 0.000821824360173, 0.000515396182891, 0.000547333038412, 0.0010165622225, 0.000385700142942, 0.000262727902737, 9.94927977445e-05, 0.000120085409435, 7.66074226703e-05, 3.47377390426e-05, 4.77285248053e-05, 3.13835007546e-05, 4.51515807072e-05, 5.41288718523e-05, 5.23092276126e-05, 3.81847603421e-05, 3.53758077836e-05, 2.3227692509e-05, 1.34273641379e-05, 9.08192851057e-06, 8.95017092262e-06, 7.25078962205e-06, 5.43451687918e-06, 5.01285694554e-06, 4.54006976724e-06, 2.77150206784e-06, 1.88577826066e-06, 1.54993347223e-06, 1.30092996642e-06, 1.13345299724e-06, 8.41655264594e-07, 8.05312026841e-07, 8.08902427707e-07, 8.39146082399e-07, 6.32609669537e-07, 5.87374074712e-07, 5.17622424923e-07, 4.14190935771e-07], "dvar": [7.45166460092e-07, 1.1729491689e-06, 1.067533276e-06, 6.54259679322e-07, 3.54237357669e-07, 1.84314274065e-06, 2.90215155019e-07, 2.29455679346e-07, 6.67668160759e-08, 1.1729757432e-07, 3.54525404589e-08, 3.87901666343e-09, 1.40936071702e-08, 8.63872440249e-09, 8.41007441466e-09, 1.90051991922e-08, 2.79011622695e-08, 7.046355055e-09, 7.15191372791e-09, 2.25638041584e-09, 5.20309906271e-10, 1.94495988759e-10, 1.70846031766e-10, 1.54381521456e-10, 7.21499110456e-11, 6.63722965477e-11, 3.30706469154e-11, 1.66804851182e-11, 6.05619330726e-12, 2.8602083809e-12, 2.35452542879e-12, 2.73513156568e-12, 1.11302904827e-12, 8.93849068113e-13, 8.53207044946e-13, 1.38313178185e-12, 8.28662388274e-13, 8.31335597151e-13, 7.25816921756e-13, 3.9883686089e-13], "dvar2": [1.77323067874e-06, 2.85376131615e-06, 2.69119254881e-06, 1.42675844472e-06, 8.60259603996e-07, 4.77973389934e-06, 7.10407618953e-07, 5.90846752857e-07, 1.66218029563e-07, 2.57068165865e-07, 8.52843839994e-08, 1.02247925682e-08, 3.5189213321e-08, 2.34184316383e-08, 2.18655156203e-08, 5.19542169286e-08, 6.71712996336e-08, 1.5881544968e-08, 1.64506204214e-08, 5.53048318253e-09, 1.30944388665e-09, 4.80329442887e-10, 4.15745188276e-10, 3.96539356906e-10, 1.88333015849e-10, 1.72764622053e-10, 8.48818931809e-11, 4.21201892808e-11, 1.5977391285e-11, 7.03321732451e-12, 6.28657499321e-12, 6.61163398336e-12, 2.62518674334e-12, 2.13667668628e-12, 1.94967002612e-12, 3.2866227101e-12, 1.96833825281e-12, 1.96965469108e-12, 1.72031844065e-12, 9.57378382301e-13], "max": [0.0100104380399, 0.0140427798033, 0.0100920731202, 0.0138968676329, 0.00891110207886, 0.0213986188173, 0.00793743133545, 0.00777135277167, 0.00806255824864, 0.0101830074564, 0.00879838038236, 0.00144787027966, 0.00303285405971, 0.00324687175453, 0.00236885598861, 0.00589955458418, 0.00958295911551, 0.00582321221009, 0.00317248655483, 0.0021825262811, 0.00049550505355, 0.000279445870547, 0.000300232466543, 0.000398032105295, 0.000248992437264, 0.000358704157406, 0.000142163626151, 0.000140747870319, 3.88874468626e-05, 2.14368101297e-05, 2.54477199633e-05, 2.69467909675e-05, 3.20184735756e-05, 2.00227332243e-05, 1.42065327964e-05, 2.71819280897e-05, 2.71915632766e-05, 2.61714685621e-05, 1.89483816939e-05, 1.5241193978e-05], "mean": [0.000555558945052, 0.000667638028972, 0.000524441711605, 0.000447472877568, 0.000892280600965, 0.00127429619897, 0.000409829837736, 0.000209142308449, 9.25037602428e-05, 0.000124124388094, 6.44779938739e-05, 3.05887369905e-05, 4.34711910202e-05, 2.99039129459e-05, 4.24126810685e-05, 4.9028214562e-05, 4.79011832795e-05, 3.40703045367e-05, 3.02383541566e-05, 1.97832578124e-05, 1.15006605483e-05, 8.34522415971e-06, 8.8679998953e-06, 7.60974808145e-06, 5.82063739785e-06, 5.25938821738e-06, 5.04842773807e-06, 2.98934196508e-06, 1.94872859538e-06, 1.84033365258e-06, 1.56936766871e-06, 1.24651489841e-06, 1.05527999494e-06, 9.7115207609e-07, 9.23575271372e-07, 9.00475185972e-07, 6.87200099492e-07, 5.92589117332e-07, 4.9334681762e-07, 3.60056191084e-07], "median": [0.000190856779227, 0.000249007949606, 0.000134253670694, 0.000127816951135, 0.000618838006631, 0.000786430435255, 0.000168483980815, 3.83522892662e-05, 1.99974037969e-05, 1.75571803993e-05, 8.26082214189e-06, 4.76700097352e-06, 4.48560376753e-06, 3.75039303435e-06, 7.18113142284e-06, 9.38599623623e-06, 8.37112111185e-06, 7.76312026574e-06, 6.38814481135e-06, 5.08895891471e-06, 3.2813877624e-06, 2.62474850388e-06, 2.83339659291e-06, 2.28398812396e-06, 1.99059491024e-06, 1.90355888208e-06, 1.59759326834e-06, 8.8804557663e-07, 5.87088720749e-07, 5.56507472993e-07, 4.93542586355e-07, 3.91671278521e-07, 3.68311020793e-07, 3.74555781946e-07, 3.59854425369e-07, 3.89558550751e-07, 2.94267294976e-07, 2.20526615635e-07, 1.74438213207e-07, 1.24694381043e-07], "min": [6.99941046326e-25, 1.18772850321e-24, 1.45997514983e-24, 9.88516965775e-25, 1.50459282681e-24, 1.72810256202e-24, 1.28974192471e-24, 1.43371081485e-24, 1.19183669359e-24, 1.36350968847e-24, 1.28306806285e-24, 1.3310025055e-24, 1.96293501502e-24, 2.46139649951e-24, 2.96441050028e-24, 4.19610458832e-24, 2.03866783129e-24, 3.47816425063e-24, 2.17413082872e-24, 3.21754117362e-24, 2.08088707529e-24, 3.49243592769e-24, 3.72906027824e-24, 4.00634804187e-24, 3.94555329292e-24, 3.57736469275e-24, 3.32045005086e-24, 4.99510432832e-24, 4.0420163877e-24, 4.00138610678e-24, 5.40335167969e-24, 5.51055827114e-24, 5.15837210886e-24, 5.5481751034e-24, 5.24203672432e-24, 5.10018691178e-24, 5.16786131669e-24, 6.06971274152e-24, 6.34272330132e-24, 5.55867523648e-24], "var": [8.82168592398e-07, 1.37658628319e-06, 1.00628642485e-06, 8.51765491916e-07, 8.92557579846e-07, 2.7468506687e-06, 4.71290434234e-07, 2.8934428542e-07, 1.15065944328e-07, 2.89929005248e-07, 6.4833713509e-08, 7.01424873739e-09, 2.82369185811e-08, 1.73795999814e-08, 1.51499950363e-08, 3.30150058403e-08, 7.48386099758e-08, 1.27092825153e-08, 1.18839746932e-08, 3.40556094436e-09, 6.65908606035e-10, 2.75262701521e-10, 3.12615350273e-10, 2.77205147725e-10, 1.45126702322e-10, 9.97941035363e-11, 8.61225743498e-11, 3.7099205652e-11, 1.03435194437e-11, 7.41062333026e-12, 5.4098288349e-12, 5.17175538506e-12, 2.41974799572e-12, 1.84843633455e-12, 1.85742502108e-12, 2.23114105316e-12, 1.35064735004e-12, 1.37088495937e-12, 1.12434204742e-12, 6.03370164162e-13]}, "mfcc": {"mean": [-709.032653809, 121.512657166, 8.64407920837, 18.0472621918, 8.52536296844, -3.63323950768, -15.3265581131, -14.6493768692, -16.4109554291, -0.218091875315, -2.78286242485, -1.27552950382, -1.03426194191], "cov": [[15695.1445312, 316.304443359, -449.311676025, 876.454040527, 506.583526611, 575.202026367, 414.63180542, 265.404876709, 68.4554672241, 177.646087646, 137.526062012, 76.7006835938, 75.5543670654], [316.304443359, 1824.57409668, -161.004608154, -115.145065308, 110.065666199, -160.892913818, -106.52355957, -148.910995483, -164.861602783, 9.61763572693, -14.5488891602, -4.87777614594, 6.16055297852], [-449.311676025, -161.004608154, 667.148681641, 266.932891846, 106.136901855, 185.560272217, 64.1142578125, 58.121307373, 88.7678375244, 22.1878662109, 45.212146759, 65.6255264282, 46.9907722473], [876.454040527, -115.145065308, 266.932891846, 625.206848145, 238.618301392, 275.584228516, 121.503265381, 123.831001282, 135.247894287, 74.8966522217, 35.5716323853, 70.4818572998, 77.1509933472], [506.583526611, 110.065666199, 106.136901855, 238.618301392, 361.930633545, 125.135345459, 86.5552902222, 95.9544830322, 83.0466079712, 79.2011642456, 23.3272209167, 40.6295089722, 51.9044799805], [575.202026367, -160.892913818, 185.560272217, 275.584228516, 125.135345459, 370.207641602, 176.278396606, 130.273880005, 137.533493042, 56.9091110229, 58.7743492126, 50.5406799316, 23.261095047], [414.63180542, -106.52355957, 64.1142578125, 121.503265381, 86.5552902222, 176.278396606, 286.798034668, 168.946456909, 85.424369812, 67.4145812988, 71.5095214844, 39.0196876526, 13.5862569809], [265.404876709, -148.910995483, 58.121307373, 123.831001282, 95.9544830322, 130.273880005, 168.946456909, 190.802841187, 109.477088928, 55.5658073425, 43.9984169006, 25.888174057, 8.26251888275], [68.4554672241, -164.861602783, 88.7678375244, 135.247894287, 83.0466079712, 137.533493042, 85.424369812, 109.477088928, 173.3956604, 63.063331604, 23.5494308472, 13.2527952194, 9.83444595337], [177.646087646, 9.61763572693, 22.1878662109, 74.8966522217, 79.2011642456, 56.9091110229, 67.4145812988, 55.5658073425, 63.063331604, 101.091522217, 38.4745979309, 14.712761879, 15.5224504471], [137.526062012, -14.5488891602, 45.212146759, 35.5716323853, 23.3272209167, 58.7743492126, 71.5095214844, 43.9984169006, 23.5494308472, 38.4745979309, 91.3255615234, 47.9367370605, 11.4454746246], [76.7006835938, -4.87777614594, 65.6255264282, 70.4818572998, 40.6295089722, 50.5406799316, 39.0196876526, 25.888174057, 13.2527952194, 14.712761879, 47.9367370605, 95.0734558105, 42.3354682922], [75.5543670654, 6.16055297852, 46.9907722473, 77.1509933472, 51.9044799805, 23.261095047, 13.5862569809, 8.26251888275, 9.83444595337, 15.5224504471, 11.4454746246, 42.3354682922, 88.2673416138]], "icov": [[8.09910852695e-05, -8.61110584083e-06, 0.000126076745801, -0.00012513413094, -4.71793973702e-05, -0.000107063082396, -3.08284688799e-05, -1.57830745593e-05, 0.000136872826261, -1.22517767522e-05, -8.50985161378e-05, 5.68726209167e-05, 6.37210769128e-06], [-8.61110584083e-06, 0.000688100699335, 8.22184374556e-05, 8.24660965009e-05, -0.000471831590403, 7.12788751116e-05, -4.30950676673e-05, 0.000494920415804, 0.000577975180931, -0.000396092684241, -3.41816266882e-05, -8.02875438239e-05, 0.000110669891001], [0.000126076745801, 8.22184374556e-05, 0.00217975885607, -0.000734350644052, -0.000218504443183, -0.00060729397228, 7.10789827281e-05, 0.000371909700334, -0.000293115590466, 0.000643717299681, -0.000732743821573, -0.000374159455532, -0.000195524000446], [-0.00012513413094, 8.24660965009e-05, -0.000734350644052, 0.0034482255578, -0.00100577564444, -0.00153218139894, 0.000541638117284, -0.000493624131195, -0.000257423147559, -0.00058749289019, 0.00109171774238, -0.000649687950499, -0.00126156688202], [-4.71793973702e-05, -0.000471831590403, -0.000218504443183, -0.00100577564444, 0.00474915606901, -0.000159717601491, 0.000372791895643, -0.00168141489848, -6.06155263085e-05, -0.00223809620366, 0.00127908645663, -0.000533626705874, -0.00109140388668], [-0.000107063082396, 7.12788751116e-05, -0.00060729397228, -0.00153218139894, -0.000159717601491, 0.00643696263433, -0.00272769457661, 0.00118787132669, -0.00321839097887, 0.00146856112406, -0.0010723847663, -0.000584679015446, 0.000975243397988], [-3.08284688799e-05, -4.30950676673e-05, 7.10789827281e-05, 0.000541638117284, 0.000372791895643, -0.00272769457661, 0.00951251666993, -0.00750714493915, 0.00261430046521, -0.00205263006501, -0.00231064483523, 0.000366015243344, -0.000549949647393], [-1.57830745593e-05, 0.000494920415804, 0.000371909700334, -0.000493624131195, -0.00168141489848, 0.00118787132669, -0.00750714493915, 0.0159498546273, -0.00619808863848, 0.00119580479804, -0.000816260289866, -0.000563663896173, 0.00140707730316], [0.000136872826261, 0.000577975180931, -0.000293115590466, -0.000257423147559, -6.06155263085e-05, -0.00321839097887, 0.00261430046521, -0.00619808863848, 0.0136352218688, -0.00580307329074, 0.00168424053118, 0.000710988708306, 0.000227049589739], [-1.22517767522e-05, -0.000396092684241, 0.000643717299681, -0.00058749289019, -0.00223809620366, 0.00146856112406, -0.00205263006501, 0.00119580479804, -0.00580307329074, 0.0179474260658, -0.00685810437426, 0.00290773808956, -0.00167295651045], [-8.50985161378e-05, -3.41816266882e-05, -0.000732743821573, 0.00109171774238, 0.00127908645663, -0.0010723847663, -0.00231064483523, -0.000816260289866, 0.00168424053118, -0.00685810437426, 0.020898591727, -0.00987467169762, 0.00251828925684], [5.68726209167e-05, -8.02875438239e-05, -0.000374159455532, -0.000649687950499, -0.000533626705874, -0.000584679015446, 0.000366015243344, -0.000563663896173, 0.000710988708306, 0.00290773808956, -0.00987467169762, 0.0195106659085, -0.00747971003875], [6.37210769128e-06, 0.000110669891001, -0.000195524000446, -0.00126156688202, -0.00109140388668, 0.000975243397988, -0.000549949647393, 0.00140707730316, 0.000227049589739, -0.00167295651045, 0.00251828925684, -0.00747971003875, 0.0163903720677]]}, "spectral_contrast_coeffs": {"dmean": [0.0503415688872, 0.0486431717873, 0.037922102958, 0.0318689569831, 0.0224071741104, 0.0178982652724], "dmean2": [0.0812240466475, 0.0776758268476, 0.061157207936, 0.0507789701223, 0.0357490554452, 0.0278100147843], "dvar": [0.00205917377025, 0.00196361076087, 0.00111964449752, 0.000780945934821, 0.000429805688327, 0.000306653935695], "dvar2": [0.00493376329541, 0.00456427363679, 0.00269334856421, 0.00180661259219, 0.000941537262406, 0.000743653567042], "max": [-0.280856847763, -0.343924850225, -0.3877787292, -0.508094191551, -0.607008397579, -0.665369868279], "mean": [-0.619799792767, -0.632550835609, -0.773591756821, -0.779701471329, -0.80371594429, -0.800907254219], "median": [-0.629879832268, -0.623272657394, -0.788534879684, -0.791208446026, -0.811267614365, -0.794981837273], "min": [-0.982648849487, -0.98251491785, -0.978404641151, -0.983222126961, -0.98668885231, -0.964990973473], "var": [0.0121095729992, 0.0109224850312, 0.00727842748165, 0.00547400256619, 0.00296996254474, 0.00209693028592]}, "spectral_contrast_valleys": {"dmean": [0.50976985693, 0.401435613632, 0.39572712779, 0.384953081608, 0.353811442852, 0.406271129847], "dmean2": [0.756712913513, 0.610886096954, 0.596986174583, 0.542307794094, 0.472783386707, 0.479712992907], "dvar": [0.310621112585, 0.19889844954, 0.226443767548, 0.227329090238, 0.247471049428, 0.268880099058], "dvar2": [0.529282152653, 0.363500356674, 0.409922659397, 0.374586075544, 0.42