{"lowlevel": {"average_loudness": 0.927415847778, "barkbands_crest": {"dmean": 2.08811306953, "dmean2": 3.20971417427, "dvar": 3.39446902275, "dvar2": 7.80096626282, "max": 22.1150970459, "mean": 10.4632263184, "median": 9.88430118561, "min": 3.85349678993, "var": 12.4283685684}, "barkbands_flatness_db": {"dmean": 0.0182063560933, "dmean2": 0.0246342662722, "dvar": 0.000243706046604, "dvar2": 0.000399032112909, "max": 0.406173855066, "mean": 0.20313604176, "median": 0.207231193781, "min": 0.0430664345622, "var": 0.00331012136303}, "barkbands_kurtosis": {"dmean": 2.0648214817, "dmean2": 3.01228427887, "dvar": 5.48698472977, "dvar2": 10.248837471, "max": 67.3066558838, "mean": 5.00909948349, "median": 3.78780150414, "min": -1.6469129324, "var": 24.9060592651}, "barkbands_skewness": {"dmean": 0.357334047556, "dmean2": 0.518307030201, "dvar": 0.105401955545, "dvar2": 0.194120213389, "max": 6.00149345398, "mean": 1.58772230148, "median": 1.75178027153, "min": -2.20255064964, "var": 1.62537932396}, "barkbands_spread": {"dmean": 2.32592487335, "dmean2": 3.5147497654, "dvar": 8.21433544159, "dvar2": 19.5982780457, "max": 73.4581069946, "mean": 10.5562925339, "median": 8.83034038544, "min": 0.898745536804, "var": 42.23620224}, "dissonance": {"dmean": 0.0178113430738, "dmean2": 0.0299580637366, "dvar": 0.000248852593359, "dvar2": 0.00064383802237, "max": 0.499978125095, "mean": 0.452302724123, "median": 0.455544650555, "min": 0.249995976686, "var": 0.000952189147938}, "dynamic_complexity": 3.1855700016, "erbbands_crest": {"dmean": 2.18523025513, "dmean2": 3.39928889275, "dvar": 4.19331979752, "dvar2": 9.28977203369, "max": 25.4022464752, "mean": 8.83601856232, "median": 8.19478225708, "min": 2.66934037209, "var": 15.7748823166}, "erbbands_flatness_db": {"dmean": 0.0128240957856, "dmean2": 0.0181535612792, "dvar": 0.000142299075378, "dvar2": 0.00026655435795, "max": 0.396636396646, "mean": 0.223180800676, "median": 0.229991689324, "min": 0.0682979747653, "var": 0.00249424180947}, "erbbands_kurtosis": {"dmean": 0.66422700882, "dmean2": 1.03545892239, "dvar": 0.612236857414, "dvar2": 1.22440552711, "max": 21.5344181061, "mean": 0.100054033101, "median": -0.148761630058, "min": -1.47359454632, "var": 2.57221317291}, "erbbands_skewness": {"dmean": 0.275452703238, "dmean2": 0.424499005079, "dvar": 0.0568458810449, "dvar2": 0.122236251831, "max": 3.46767783165, "mean": 0.595035791397, "median": 0.657433986664, "min": -1.4688706398, "var": 0.33585870266}, "erbbands_spread": {"dmean": 4.30391550064, "dmean2": 6.68663930893, "dvar": 16.0425930023, "dvar2": 36.6336746216, "max": 80.8943328857, "mean": 26.6024055481, "median": 26.6170768738, "min": 3.1247625351, "var": 62.297000885}, "hfc": {"dmean": 2.52267718315, "dmean2": 3.41693878174, "dvar": 9.87166309357, "dvar2": 17.4895420074, "max": 50.0860557556, "mean": 12.0155467987, "median": 11.4045410156, "min": 1.05646601245e-16, "var": 69.7953338623}, "melbands_crest": {"dmean": 2.67237687111, "dmean2": 4.08663368225, "dvar": 5.48653793335, "dvar2": 12.1858024597, "max": 28.265039444, "mean": 13.3413648605, "median": 13.1617832184, "min": 1.52925813198, "var": 31.333366394}, "melbands_flatness_db": {"dmean": 0.020192604512, "dmean2": 0.025862807408, "dvar": 0.000366238411516, "dvar2": 0.000548254174646, "max": 0.511973500252, "mean": 0.252806723118, "median": 0.26653406024, "min": 0.00317001412623, "var": 0.00872563850135}, "melbands_kurtosis": {"dmean": 2.92771911621, "dmean2": 4.27543592453, "dvar": 11.970249176, "dvar2": 22.0813312531, "max": 52.6946220398, "mean": 8.16740703583, "median": 6.88596010208, "min": -1.4056532383, "var": 46.5954475403}, "melbands_skewness": {"dmean": 0.420349121094, "dmean2": 0.620571672916, "dvar": 0.153625681996, "dvar2": 0.298129171133, "max": 5.92337989807, "mean": 2.1469707489, "median": 2.14284896851, "min": -0.2731975317, "var": 1.08180367947}, "melbands_spread": {"dmean": 3.52750015259, "dmean2": 5.37027835846, "dvar": 25.84897995, "dvar2": 56.2469367981, "max": 156.970214844, "mean": 21.8904666901, "median": 10.7463569641, "min": 1.62727737427, "var": 1240.67785645}, "pitch_salience": {"dmean": 0.0587561242282, "dmean2": 0.0898682549596, "dvar": 0.00260065309703, "dvar2": 0.00588024640456, "max": 0.952440559864, "mean": 0.593260884285, "median": 0.593343734741, "min": 0.224635735154, "var": 0.0134156281129}, "silence_rate_20dB": {"dmean": 0, "dmean2": 0, "dvar": 0, "dvar2": 0, "max": 1, "mean": 1, "median": 1, "min": 1, "var": 0}, "silence_rate_30dB": {"dmean": 0.00272665312514, "dmean2": 0.00545702595264, "dvar": 0.00271919975057, "dvar2": 0.00679141189903, "max": 1, "mean": 0.997956395149, "median": 1, "min": 0, "var": 0.00203945068642}, "silence_rate_60dB": {"dmean": 0.00136332656257, "dmean2": 0.00272851297632, "dvar": 0.00136146205477, "dvar2": 0.00272101769224, "max": 1, "mean": 0.138283371925, "median": 0, "min": 0, "var": 0.119158282876}, "spectral_centroid": {"dmean": 145.228469849, "dmean2": 207.31149292, "dvar": 79237.0625, "dvar2": 116893.421875, "max": 11750.9912109, "mean": 1600.10510254, "median": 659.029296875, "min": 295.192932129, "var": 8837497}, "spectral_complexity": {"dmean": 2.37082481384, "dmean2": 3.60163712502, "dvar": 6.4174041748, "dvar2": 12.2506408691, "max": 39, "mean": 16.4046325684, "median": 18, "min": 0, "var": 62.637260437}, "spectral_decrease": {"dmean": 1.53543222581e-09, "dmean2": 1.96025906618e-09, "dvar": 3.24336484206e-18, "dvar2": 4.76743808966e-18, "max": 2.97776406497e-28, "mean": -6.54657261734e-09, "median": -5.78604364421e-09, "min": -3.41666108739e-08, "var": 2.49494960821e-17}, "spectral_energy": {"dmean": 0.00598568189889, "dmean2": 0.00765669578686, "dvar": 4.89866979478e-05, "dvar2": 7.25789504941e-05, "max": 0.133495345712, "mean": 0.025798080489, "median": 0.0228734072298, "min": 9.91658287996e-21, "var": 0.000380951038096}, "spectral_energyband_high": {"dmean": 1.46203465192e-05, "dmean2": 2.03795934794e-05, "dvar": 5.43914191464e-10, "dvar2": 9.64374691215e-10, "max": 0.000261369568761, "mean": 3.54830735887e-05, "median": 2.33715727518e-05, "min": 6.92803587236e-21, "var": 1.57168755788e-09}, "spectral_energyband_low": {"dmean": 0.000521904148627, "dmean2": 0.000699338619597, "dvar": 5.21698723333e-07, "dvar2": 8.13073427253e-07, "max": 0.0141657553613, "mean": 0.00160892598797, "median": 0.000865744892508, "min": 9.0535089069e-24, "var": 3.43947795045e-06}, "spectral_energyband_middle_high": {"dmean": 0.000833640631754, "dmean2": 0.00124603603035, "dvar": 1.30138687382e-06, "dvar2": 2.53080224866e-06, "max": 0.0158318318427, "mean": 0.0027947507333, "median": 0.00244900467806, "min": 1.07796103418e-21, "var": 4.95417816637e-06}, "spectral_energyband_middle_low": {"dmean": 0.00576633960009, "dmean2": 0.0073506673798, "dvar": 4.6218141506e-05, "dvar2": 6.66227861075e-05, "max": 0.124956272542, "mean": 0.0224465597421, "median": 0.0191227849573, "min": 1.6217967945e-22, "var": 0.000331225601258}, "spectral_entropy": {"dmean": 0.133355170488, "dmean2": 0.177113234997, "dvar": 0.0167314074934, "dvar2": 0.0260902922601, "max": 9.82180500031, "mean": 7.19083547592, "median": 7.00608587265, "min": 5.01201963425, "var": 0.808228850365}, "spectral_flux": {"dmean": 0.0135863851756, "dmean2": 0.0226241871715, "dvar": 0.000196714448975, "dvar2": 0.000527903845068, "max": 0.166799768806, "mean": 0.0585900768638, "median": 0.061003267765, "min": 6.28288740478e-11, "var": 0.000936493335757}, "spectral_kurtosis": {"dmean": 4.60229539871, "dmean2": 8.03633022308, "dvar": 28.922870636, "dvar2": 84.4302444458, "max": 123.988449097, "mean": 11.9496116638, "median": 9.59375190735, "min": -1.25848889351, "var": 192.959487915}, "spectral_rms": {"dmean": 0.000535485043656, "dmean2": 0.000691852590535, "dvar": 2.8494858384e-07, "dvar2": 4.66221592887e-07, "max": 0.0114122461528, "mean": 0.0044879084453, "median": 0.00472393026575, "min": 3.11042034143e-12, "var": 5.02750981468e-06}, "spectral_rolloff": {"dmean": 221.114654541, "dmean2": 363.522521973, "dvar": 362220.34375, "dvar2": 660836.875, "max": 19530.6152344, "mean": 2377.91650391, "median": 689.0625, "min": 193.798828125, "var": 27175880}, "spectral_skewness": {"dmean": 0.366709202528, "dmean2": 0.623495101929, "dvar": 0.124123714864, "dvar2": 0.348450452089, "max": 9.54176712036, "mean": 2.09785056114, "median": 2.03839206696, "min": -0.0782195404172, "var": 1.4144359827}, "spectral_spread": {"dmean": 310904.3125, "dmean2": 503448.1875, "dvar": 1536936247300.0, "dvar2": 3012221468670.0, "max": 43492248, "mean": 5728089.5, "median": 2293007.5, "min": 765943.3125, "var": 120510801248000.0}, "spectral_strongpeak": {"dmean": 0.372060120106, "dmean2": 0.608426511288, "dvar": 0.18557356298, "dvar2": 0.424184709787, "max": 4.16800737381, "mean": 0.870300650597, "median": 0.747177362442, "min": 4.31066571327e-11, "var": 0.457739472389}, "zerocrossingrate": {"dmean": 0.0053767520003, "dmean2": 0.00700646964833, "dvar": 0.000215319043491, "dvar2": 0.000381958874641, "max": 0.52392578125, "mean": 0.073365919292, "median": 0.03076171875, "min": 0.0087890625, "var": 0.0184392686933}, "barkbands": {"dmean": [3.21247846102e-08, 7.08538937033e-05, 0.000138140225317, 0.00185433914885, 0.00323118991219, 0.00135364837479, 0.00159945094492, 0.00122128904331, 0.000537034589797, 0.000471624778584, 0.000164894445334, 0.000127024584799, 0.000188054254977, 0.000169067920069, 0.000182808405953, 0.000162000636919, 0.000155546207679, 6.23813975835e-05, 3.79923403671e-05, 1.64619468705e-05, 6.23633468422e-06, 2.1490693598e-06, 1.05979006548e-06, 6.11507061876e-07, 4.54567043562e-07, 1.7600363833e-07, 2.15133795223e-08], "dmean2": [5.60572814834e-08, 0.000115970338811, 0.000217485096073, 0.00213227956556, 0.00420197285712, 0.00221610092558, 0.00218169693835, 0.00178235059138, 0.000818899250589, 0.000712182663847, 0.000267327908659, 0.000213806430111, 0.000307780021103, 0.000280787848169, 0.000298274419038, 0.000268027215498, 0.000256685976638, 9.5986724773e-05, 5.80420601182e-05, 2.38026150328e-05, 8.9192399173e-06, 3.2932321119e-06, 1.53798043812e-06, 8.50149660891e-07, 6.40053769985e-07, 2.3548099648e-07, 3.12122239166e-08], "dvar": [1.99247306073e-15, 8.99404994925e-09, 4.74733425904e-08, 1.27351486299e-05, 1.49850438902e-05, 2.72730517281e-06, 5.5740206335e-06, 3.90194145439e-06, 8.06837135769e-07, 4.01560214414e-07, 5.06796205002e-08, 3.93415433564e-08, 9.18772187219e-08, 6.33196748367e-08, 6.09696613196e-08, 5.54927979124e-08, 5.06786896892e-08, 9.38093425162e-09, 4.53081527851e-09, 6.44944875283e-10, 1.13079538788e-10, 1.36793961575e-11, 3.51261597933e-12, 1.62426007973e-12, 6.83419629482e-13, 9.26785842623e-14, 1.18338973061e-15], "dvar2": [5.96593638003e-15, 2.40981421484e-08, 1.09928038228e-07, 1.47728533193e-05, 2.35948882619e-05, 6.77593607179e-06, 9.93506455416e-06, 7.72490693635e-06, 1.67918312854e-06, 8.58592841269e-07, 1.27049233356e-07, 1.10423250987e-07, 2.13694420381e-07, 1.651006869e-07, 1.59082446771e-07, 1.37209994477e-07, 1.2818588857e-07, 1.97247214118e-08, 9.5953174295e-09, 1.3530745413e-09, 2.08973838234e-10, 3.10179763818e-11, 7.64835330486e-12, 3.14283972111e-12, 1.46678665307e-12, 1.80806866874e-13, 2.44312656416e-15], "max": [6.99972531493e-07, 0.00145551818423, 0.00471933186054, 0.0690005496144, 0.0560953430831, 0.0203177779913, 0.0345405079424, 0.0366938784719, 0.015789359808, 0.00687317689881, 0.00387876713648, 0.00327521166764, 0.00500609306619, 0.00345753831789, 0.0023292680271, 0.00353830424137, 0.00249291560613, 0.00129455619026, 0.00127735571004, 0.000436968402937, 0.000128795960336, 4.08214000345e-05, 2.22105863941e-05, 2.54695096373e-05, 1.2161001905e-05, 3.67546203961e-06, 6.90160788963e-07], "mean": [4.13249061637e-08, 0.000189908867469, 0.000543332775123, 0.00417335517704, 0.00808870140463, 0.00261215586215, 0.0034969355911, 0.00249468069524, 0.00113129091915, 0.000856114318594, 0.000239383443841, 0.000219858469791, 0.000328668800648, 0.0002900941181, 0.000327292771544, 0.000283896573819, 0.000269462325377, 0.000118595096865, 7.53810745664e-05, 3.69943809346e-05, 1.34467991302e-05, 4.34124649473e-06, 1.94715084945e-06, 1.13718658667e-06, 7.69070766182e-07, 3.12240416633e-07, 4.97506285058e-08], "median": [2.54893457452e-08, 8.55422695167e-05, 0.000158219860168, 0.000854985322803, 0.00585645157844, 0.00166359194554, 0.00187149003614, 0.00128053256776, 0.00063388934359, 0.000547027215362, 0.000151561631355, 0.000141351629281, 0.000197254033992, 0.000186872130143, 0.000246953422902, 0.000200968061108, 0.000195727712708, 8.22107977001e-05, 4.66618585051e-05, 2.52316349361e-05, 8.67623293743e-06, 2.82792279904e-06, 1.10857479285e-06, 6.31357863767e-07, 3.78836404025e-07, 1.55419058956e-07, 3.47452022709e-08], "min": [2.44637846142e-25, 2.05594349068e-24, 6.85589349181e-25, 2.37883648653e-24, 1.01206341855e-23, 1.05259177865e-23, 9.01039292526e-24, 9.04317325132e-24, 2.00831143814e-23, 1.29755344233e-23, 7.89938015901e-24, 2.13047128248e-23, 2.72325418327e-23, 2.027979476e-23, 3.42098272128e-23, 4.02596551375e-23, 7.25462615514e-23, 8.31308942551e-23, 9.82113588536e-23, 1.76568098465e-22, 2.54611534079e-22, 2.63092180085e-22, 4.01027500723e-22, 5.50247924684e-22, 8.6217776397e-22, 1.36497857035e-21, 1.82649738941e-21], "var": [2.97786058134e-15, 5.94904463469e-08, 8.02388228749e-07, 6.42883169348e-05, 6.77320640534e-05, 8.576829714e-06, 2.09579011425e-05, 1.36422859214e-05, 2.93858533951e-06, 9.61055320658e-07, 8.42440712745e-08, 6.5964975704e-08, 2.25408101073e-07, 1.21147166965e-07, 1.02548305847e-07, 9.52281595801e-08, 8.08048952194e-08, 1.80596302357e-08, 9.2067713453e-09, 1.69990865828e-09, 2.66398875182e-10, 2.53002514772e-11, 6.55124999388e-12, 2.75350727462e-12, 1.1635083088e-12, 1.81953031201e-13, 3.09673191461e-15]}, "erbbands": {"dmean": [0.000449307321105, 0.0220247544348, 0.161802768707, 2.51683354378, 11.3435211182, 10.8887805939, 8.60608959198, 13.9799985886, 25.6064491272, 20.8090667725, 17.3601036072, 15.3804626465, 12.7495632172, 10.9134120941, 7.88883161545, 4.44420433044, 8.7969045639, 8.8479347229, 7.76262998581, 9.35542678833, 8.11451530457, 7.05445337296, 4.11431026459, 2.38459277153, 1.61948215961, 0.754447758198, 0.378706365824, 0.150643080473, 0.0941928550601, 0.0439843125641, 0.0269627217203, 0.0162738971412, 0.00929954275489, 0.00599807640538, 0.0027928436175, 0.00116780074313, 0.000229224737268, 3.94682283513e-05, 5.25706263943e-06, 6.68266693538e-06], "dmean2": [0.000689960084856, 0.0361025035381, 0.244232580066, 2.95320057869, 13.740609169, 14.5814237595, 13.211689949, 22.9153766632, 35.0846099854, 29.0256519318, 27.0409812927, 23.4769268036, 19.3470096588, 17.0687675476, 12.9210033417, 7.30174970627, 14.4035224915, 14.5899982452, 12.68247509, 15.4713172913, 13.0757551193, 11.5037622452, 6.30386352539, 3.56159734726, 2.40728831291, 1.10087954998, 0.564366281033, 0.208767354488, 0.145651519299, 0.0639178529382, 0.0389511883259, 0.0234363973141, 0.01305438485, 0.0086545497179, 0.00380465341732, 0.00160927290563, 0.000306776957586, 5.42444649909e-05, 6.95984772392e-06, 8.55481539475e-06], "dvar": [4.13414170453e-07, 0.000880158680957, 0.0472787059844, 20.8793849945, 307.268035889, 186.953048706, 181.378768921, 312.496643066, 1422.36657715, 1203.59606934, 1062.46289062, 674.0703125, 403.14831543, 281.897613525, 113.126243591, 54.5874061584, 186.265014648, 176.211029053, 101.749732971, 185.375274658, 142.06729126, 115.457702637, 43.7174720764, 14.2811021805, 7.08609676361, 1.15212917328, 0.427627414465, 0.0589039437473, 0.0276873689145, 0.00493370182812, 0.00245367898606, 0.00109352567233, 0.000355475553079, 0.000134298592457, 2.14075826079e-05, 4.16440661866e-06, 1.47127678929e-07, 4.58850468732e-09, 4.78841861995e-11, 6.05912889307e-11], "dvar2": [9.18405817174e-07, 0.00239118817262, 0.112647883594, 24.6243534088, 432.732147217, 327.168762207, 361.392211914, 819.833740234, 2566.23339844, 1970.08776855, 2962.90209961, 1433.17272949, 821.688720703, 649.309997559, 290.132995605, 152.553726196, 445.778045654, 452.018920898, 254.10949707, 486.935638428, 346.086700439, 293.037017822, 96.2409515381, 29.2499923706, 14.5075340271, 2.20661139488, 0.817043185234, 0.104790233076, 0.0661352649331, 0.0106237642467, 0.00519086280838, 0.00228111259639, 0.00072593789082, 0.000301196443615, 4.28771709267e-05, 8.53377605381e-06, 2.70431428362e-07, 8.47057002318e-09, 8.33323757221e-11, 9.02077162968e-11], "max": [0.0221571791917, 0.417437791824, 4.92219877243, 89.5987243652, 258.798187256, 177.548248291, 241.590118408, 245.675704956, 552.912414551, 670.953796387, 406.694366455, 463.073181152, 288.166687012, 249.755935669, 130.50239563, 154.379821777, 208.05015564, 197.08416748, 100.013885498, 151.906707764, 189.159317017, 116.3724823, 85.3698196411, 63.0613670349, 39.2228622437, 16.0051250458, 8.32567405701, 3.88932538033, 1.77683317661, 0.799534261227, 0.658158540726, 0.616039991379, 0.308818697929, 0.178921714425, 0.0577037297189, 0.0221582241356, 0.0052875475958, 0.000945833802689, 0.000166802550666, 0.000149922678247], "mean": [0.00162979739252, 0.0671366602182, 0.64607656002, 6.0052280426, 25.3682460785, 25.8817462921, 18.957201004, 26.5296344757, 55.9652709961, 48.315612793, 38.1156692505, 32.7724266052, 25.972951889, 16.9896831512, 13.1455554962, 9.7526140213, 15.7865943909, 16.0817584991, 14.891658783, 16.9976177216, 15.2309808731, 12.8458185196, 8.37854862213, 4.85392618179, 3.1490175724, 1.80094528198, 0.822497785091, 0.334705561399, 0.178560078144, 0.0910025313497, 0.0504766814411, 0.0303900334984, 0.0160629730672, 0.00992350187153, 0.00472546322271, 0.00191932474263, 0.000454767723568, 8.79484723555e-05, 2.07363136724e-05, 2.94386354653e-05], "median": [0.000815982755739, 0.030560048297, 0.305487453938, 1.95377635956, 10.5741567612, 17.6550865173, 11.3942508698, 17.1036052704, 31.9855823517, 28.4025058746, 18.5308589935, 19.1182556152, 15.9731683731, 10.4921751022, 9.12545394897, 6.62389278412, 9.95399475098, 10.5354995728, 11.3528633118, 12.9065284729, 11.3949251175, 9.3046207428, 5.93960952759, 3.26873540878, 2.0184700489, 1.2384916544, 0.528537213802, 0.2218785882, 0.112308040261, 0.0574371889234, 0.0287510938942, 0.0171875283122, 0.00823970884085, 0.00507936859503, 0.0022841161117, 0.000902579398826, 0.000252212892519, 5.46456940356e-05, 1.86870056496e-05, 2.62584781012e-05], "min": [4.33841312347e-23, 3.22349644237e-22, 1.73008561161e-21, 4.72475024184e-21, 1.7028062209e-20, 2.8026152236e-20, 4.92256184194e-20, 7.06380577612e-20, 1.09590186677e-19, 1.82864197632e-19, 2.95399198988e-19, 4.35225680487e-19, 4.22357696987e-19, 6.97923663975e-19, 1.00142941391e-18, 1.21010567916e-18, 1.48283281399e-18, 1.24192659354e-18, 2.29221735944e-18, 2.6667864543e-18, 2.99393349143e-18, 4.92951958119e-18, 4.48577688723e-18, 6.41986867521e-18, 6.18826265319e-18, 7.42068607887e-18, 8.88034304985e-18, 9.66854360322e-18, 9.80867627079e-18, 1.11037118922e-17, 1.19038478346e-17, 1.09982124497e-17, 8.86029550053e-18, 8.33965230655e-18, 6.54827109452e-18, 3.98468617498e-18, 2.49785156459e-18, 8.78923551603e-19, 2.36176711894e-19, 2.72839547378e-20], "var": [5.67558572584e-06, 0.0069415695034, 0.828948557377, 105.779045105, 1421.60180664, 730.574951172, 698.025390625, 867.729919434, 5093.74023438, 4740.62451172, 2805.14453125, 2380.69555664, 1044.61083984, 467.956481934, 195.869918823, 118.692481995, 451.156646729, 366.169830322, 195.441955566, 298.96661377, 251.909393311, 185.056732178, 83.7009887695, 31.9820308685, 14.375579834, 3.64368462563, 0.994258105755, 0.151651382446, 0.0448749288917, 0.0107703544199, 0.00459936028346, 0.00182388199028, 0.000571692886297, 0.000203058036277, 4.27644190495e-05, 7.44830731492e-06, 3.30818664906e-07, 1.10865423508e-08, 2.55070076172e-10, 4.8169079836e-10]}, "gfcc": {"mean": [-163.402603149, 144.665420532, -132.236541748, 0.659024119377, -48.9785461426, -25.0796413422, -43.406665802, -8.57817268372, -21.9696750641, -11.1794347763, -17.5450630188, -12.7744874954, -9.30498218536], "cov": [[108304.9375, 14048.0273438, -14730.0449219, 1266.53222656, -4397.88574219, -2453.36254883, -4246.79296875, -695.074035645, -2280.42749023, -1110.4017334, -1701.25256348, -1396.87817383, -1072.13452148], [14048.0273438, 2459.64941406, -1852.60852051, -73.6605606079, -642.957702637, -393.016662598, -580.321899414, -178.941268921, -291.306732178, -194.831710815, -243.908569336, -229.99597168, -138.48109436], [-14730.0449219, -1852.60852051, 2134.67358398, -159.942092896, 610.825683594, 358.479553223, 574.591369629, 92.7583618164, 312.338287354, 146.233413696, 220.650726318, 177.6197052, 134.405273438], [1266.53222656, -73.6605606079, -159.942092896, 206.426315308, 56.7305450439, 12.4753494263, 7.93516016006, 22.7175655365, -19.2768383026, -2.55299687386, -0.84781485796, -14.6274633408, -20.1891784668], [-4397.88574219, -642.957702637, 610.825683594, 56.7305450439, 327.64151001, 145.342330933, 230.178695679, 39.2598991394, 106.918754578, 46.0007400513, 85.8827438354, 44.3196296692, 36.5785903931], [-2453.36254883, -393.016662598, 358.479553223, 12.4753494263, 145.342330933, 135.602935791, 126.309028625, 47.6768875122, 55.5282745361, 38.1403312683, 36.427734375, 40.9527587891, 24.9388523102], [-4246.79296875, -580.321899414, 574.591369629, 7.93516016006, 230.178695679, 126.309028625, 249.645446777, 50.340965271, 104.953346252, 48.353767395, 84.1522521973, 48.4223480225, 42.4994506836], [-695.074035645, -178.941268921, 92.7583618164, 22.7175655365, 39.2598991394, 47.6768875122, 50.340965271, 65.7064819336, 32.8735580444, 25.8766403198, 14.687628746, 23.4283943176, 5.73504018784], [-2280.42749023, -291.306732178, 312.338287354, -19.2768383026, 106.918754578, 55.5282745361, 104.953346252, 32.8735580444, 85.0051879883, 43.6642875671, 46.071056366, 28.1207370758, 19.91015625], [-1110.4017334, -194.831710815, 146.233413696, -2.55299687386, 46.0007400513, 38.1403312683, 48.353767395, 25.8766403198, 43.6642875671, 60.2910919189, 41.1596450806, 30.1577701569, 14.5034885406], [-1701.25256348, -243.908569336, 220.650726318, -0.84781485796, 85.8827438354, 36.427734375, 84.1522521973, 14.687628746, 46.071056366, 41.1596450806, 70.0534744263, 44.0245285034, 22.5501480103], [-1396.87817383, -229.99597168, 177.6197052, -14.6274633408, 44.3196296692, 40.9527587891, 48.4223480225, 23.4283943176, 28.1207370758, 30.1577701569, 44.0245285034, 64.9360351562, 33.8892631531], [-1072.13452148, -138.48109436, 134.405273438, -20.1891784668, 36.5785903931, 24.9388523102, 42.4994506836, 5.73504018784, 19.91015625, 14.5034885406, 22.5501480103, 33.8892631531, 41.4057655334]], "icov": [[0.000685979786795, -0.00167278875597, 0.00227582873777, -0.00304197170772, 0.00120239518583, -0.00137727032416, 0.00195581582375, -0.00121506303549, 0.0011688953964, -0.000697469396982, -0.000106044462882, 0.000585161498748, 0.000486192147946], [-0.00167278875597, 0.00636904267594, -0.00380869675428, 0.00936578121036, -0.00229871668853, 0.00250846100971, -0.0038448725827, 0.00450179446489, -0.00431940844283, 0.00430710241199, -0.0017001926899, 0.00213288865052, -0.00149167294148], [0.00227582873777, -0.00380869675428, 0.0113740628585, -0.00665442505851, 0.00260842009448, -0.00682270433754, 0.00471537047997, -0.000553459743969, -0.000510621233843, -0.000158183713211, -0.000233086000662, 0.00120618531946, 0.00250767963007], [-0.00304197170772, 0.00936578121036, -0.00665442505851, 0.024466810748, -0.0111497566104, 0.00658744806424, -0.00911077298224, 0.00251480937004, -0.000763579562772, 0.00291557400487, -0.000709734042175, -0.000209868216189, 0.000876896316186], [0.00120239518583, -0.00229871668853, 0.00260842009448, -0.0111497566104, 0.0187546182424, -0.0115458602086, 0.000951702008024, 0.00302998838015, -0.00626453431323, 0.00676903035492, -0.0104459272698, 0.00850021373481, -0.00209501385689], [-0.00137727032416, 0.00250846100971, -0.00682270433754, 0.00658744806424, -0.0115458602086, 0.0307994820178, -0.011751614511, -0.00583509355783, 0.00922380015254, -0.013023278676, 0.019957229495, -0.0148415230215, 0.00401037652045], [0.00195581582375, -0.0038448725827, 0.00471537047997, -0.00911077298224, 0.000951702008024, -0.011751614511, 0.0301844365895, -0.0116430763155, -0.00328872748651, 0.00944153219461, -0.021861474961, 0.0194924585521, -0.0108705740422], [-0.00121506303549, 0.00450179446489, -0.000553459743969, 0.00251480937004, 0.00302998838015, -0.00583509355783, -0.0116430763155, 0.0380441881716, -0.0180172324181, -0.00231826631352, 0.0143200354651, -0.0177860297263, 0.0103699276224], [0.0011688953964, -0.00431940844283, -0.000510621233843, -0.000763579562772, -0.00626453431323, 0.00922380015254, -0.00328872748651, -0.0180172324181, 0.0523144155741, -0.0236466322094, 0.00134781259112, 0.00541851110756, 0.000913741707336], [-0.000697469396982, 0.00430710241199, -0.000158183713211, 0.00291557400487, 0.00676903035492, -0.013023278676, 0.00944153219461, -0.00231826631352, -0.0236466322094, 0.0499461442232, -0.0325605086982, 0.0115312170237, -0.00705483322963], [-0.000106044462882, -0.0017001926899, -0.000233086000662, -0.000709734042175, -0.0104459272698, 0.019957229495, -0.021861474961, 0.0143200354651, 0.00134781259112, -0.0325605086982, 0.0745150744915, -0.0481696873903, 0.019242182374], [0.000585161498748, 0.00213288865052, 0.00120618531946, -0.000209868216189, 0.00850021373481, -0.0148415230215, 0.0194924585521, -0.0177860297263, 0.00541851110756, 0.0115312170237, -0.0481696873903, 0.0719974189997, -0.0371846929193], [0.000486192147946, -0.00149167294148, 0.00250767963007, 0.000876896316186, -0.00209501385689, 0.00401037652045, -0.0108705740422, 0.0103699276224, 0.000913741707336, -0.00705483322963, 0.019242182374, -0.0371846929193, 0.055182363838]]}, "melbands": {"dmean": [1.1169843674e-05, 5.77081300435e-05, 0.000758903392125, 0.000816321582533, 0.000332577794325, 0.000290537282126, 0.000379505858291, 0.000240219655097, 0.000131443855935, 9.08690708457e-05, 6.33217059658e-05, 4.78631882288e-05, 2.35378120124e-05, 1.83306692634e-05, 1.69762442965e-05, 1.48952758536e-05, 1.93043288164e-05, 1.17271983981e-05, 1.33237581394e-05, 1.38879167935e-05, 9.70209293882e-06, 8.85840017872e-06, 5.78893150305e-06, 3.31893897965e-06, 1.98802558771e-06, 1.34252343287e-06, 9.68342988017e-07, 4.5109973712e-07, 2.83045665128e-07, 1.47865719669e-07, 7.89165710557e-08, 6.01318603799e-08, 3.46534214657e-08, 2.29328396273e-08, 1.5833128586e-08, 1.44395952972e-08, 8.92691343068e-09, 6.70202116027e-09, 6.41344488628e-09, 4.96892615942e-09], "dmean2": [1.79504531843e-05, 9.24706109799e-05, 0.000892763724551, 0.00102858559694, 0.000498051114846, 0.000474884815048, 0.000515536696184, 0.0003346921294, 0.000208337543881, 0.000137389375595, 9.60339675657e-05, 7.52586420276e-05, 3.85862658732e-05, 3.06488691422e-05, 2.79655541817e-05, 2.40453155129e-05, 3.21119987348e-05, 1.91704311874e-05, 2.18790901272e-05, 2.30514178838e-05, 1.57760023285e-05, 1.47698838191e-05, 9.50718822423e-06, 5.11213966092e-06, 3.06370793624e-06, 2.03048739422e-06, 1.44861371609e-06, 6.87620854478e-07, 4.41975572585e-07, 2.10662875588e-07, 1.15344732876e-07, 9.50141227918e-08, 5.45481313452e-08, 3.43036674622e-08, 2.31792931515e-08, 2.18721094569e-08, 1.31116779656e-08, 9.69919167204e-09, 9.21924048214e-09, 7.47686179636e-09], "dvar": [2.25112026242e-10, 7.05882774454e-09, 1.91336130229e-06, 1.02028138826e-06, 2.24665939186e-07, 1.30233317464e-07, 3.10472586307e-07, 1.75825107362e-07, 6.6246876429e-08, 2.66022404105e-08, 9.7299333035e-09, 5.60777158043e-09, 1.03974917565e-09, 7.33463401126e-10, 5.00361529987e-10, 1.01271913078e-09, 8.67337257571e-10, 2.2591609139e-10, 3.7995537272e-10, 3.71689928835e-10, 2.02954333894e-10, 1.96402671904e-10, 8.83807471652e-11, 2.63349012736e-11, 1.12359713547e-11, 4.34363179105e-12, 2.53592763108e-12, 4.15536691428e-13, 2.22973251191e-13, 6.29609076463e-14, 1.65528567686e-14, 1.17204965351e-14, 3.47697855716e-15, 1.40246124989e-15, 7.64524685472e-16, 9.48200762529e-16, 4.67093301209e-16, 2.09167361551e-16, 1.44070656093e-16, 1.00272766148e-16], "dvar2": [5.75103187295e-10, 1.7669234964e-08, 2.37245149037e-06, 1.51267624915e-06, 4.44885642992e-07, 3.34265905622e-07, 5.50919367015e-07, 2.84268679707e-07, 1.98425979647e-07, 5.5127259202e-08, 1.99408631829e-08, 1.29032535767e-08, 2.61767496568e-09, 2.07490358228e-09, 1.32516353446e-09, 2.13827022755e-09, 2.28422236681e-09, 5.69131353156e-10, 9.99902494137e-10, 9.42338207466e-10, 5.01601815639e-10, 5.05564368147e-10, 2.34086555695e-10, 5.29442809039e-11, 2.43141062839e-11, 9.51536158894e-12, 5.50239064381e-12, 8.4405616177e-13, 4.74016550837e-13, 1.11082177527e-13, 3.47218524007e-14, 2.87129634034e-14, 8.08999982076e-15, 3.10158075472e-15, 1.56695314242e-15, 2.26974908425e-15, 1.01280417717e-15, 4.34807422814e-16, 3.11283205218e-16, 2.42922775935e-16], "max": [0.000316000950988, 0.00181519822218, 0.0253278240561, 0.0134879769757, 0.00771256908774, 0.00482125766575, 0.00816925335675, 0.00844007916749, 0.00327303656377, 0.00303075020202, 0.00134755275212, 0.0011120486306, 0.00051771348808, 0.000394310045522, 0.000265541515546, 0.000657561176922, 0.000422877172241, 0.000132366869366, 0.000194680818822, 0.000204212075914, 0.000220576606807, 0.000148446852108, 0.000147899074364, 6.80021694279e-05, 6.00727544224e-05, 3.04757595586e-05, 2.16326334339e-05, 9.14523388929e-06, 6.58450335322e-06, 3.24427674059e-06, 2.04863317776e-06, 1.29803743221e-06, 6.00768942149e-07, 4.32357097679e-07, 3.34760642318e-07, 4.41029698095e-07, 5.13342513386e-07, 2.70420684956e-07, 1.93653619363e-07, 1.44856969087e-07], "mean": [3.16014993587e-05, 0.000219502428081, 0.00174950156361, 0.00199189968407, 0.000761592003983, 0.000543770787772, 0.00082648586249, 0.000536491512321, 0.000282043969491, 0.000193337546079, 0.000123760270071, 6.93392794346e-05, 3.72139729734e-05, 3.18821148539e-05, 3.00668380078e-05, 2.82485762e-05, 3.16210607707e-05, 2.17844117287e-05, 2.35659608734e-05, 2.29203196795e-05, 1.71054834937e-05, 1.4503229977e-05, 9.98197538138e-06, 5.89608316659e-06, 3.72054319087e-06, 2.41379143517e-06, 1.8638373831e-06, 1.01601381175e-06, 5.59102545594e-07, 3.06697643282e-07, 1.56408930252e-07, 1.05944693019e-07, 6.84604088974e-08, 4.38423271021e-08, 2.88566166518e-08, 2.43196502936e-08, 1.62965001493e-08, 1.11656062174e-08, 9.99876981211e-09, 7.77584485689e-09], "median": [1.42968801811e-05, 9.48012529989e-05, 0.000514745828696, 0.00133315706626, 0.000499907066114, 0.000341374950949, 0.00045785063412, 0.000303570734104, 0.000132277869852, 0.000105179104139, 7.50443577999e-05, 3.8986436266e-05, 2.5487932362e-05, 2.24772684305e-05, 2.05718715733e-05, 1.62942087627e-05, 1.90712271433e-05, 1.63965160027e-05, 1.73901080416e-05, 1.63239092217e-05, 1.24588304971e-05, 1.00590241345e-05, 6.76675153954e-06, 3.78761092179e-06, 2.40091549131e-06, 1.52633390371e-06, 1.2006853467e-06, 6.82766881255e-07, 3.60380965958e-07, 1.83440448609e-07, 1.00905545253e-07, 6.48777529477e-08, 4.40895817633e-08, 2.65442672287e-08, 1.6741255493e-08, 1.32980577661e-08, 9.28012688917e-09, 5.65673641262e-09, 4.77990491632e-09, 3.96214439036e-09], "min": [9.05790996189e-25, 9.30170052211e-25, 1.3379242669e-24, 2.07546681201e-24, 1.51373434419e-24, 1.69817179877e-24, 1.65346665684e-24, 1.70528653527e-24, 2.20024113861e-24, 2.49121859717e-24, 1.57692121523e-24, 2.94004771451e-24, 1.73297890571e-24, 2.07605707718e-24, 2.05343057427e-24, 1.81147076299e-24, 2.01103600593e-24, 2.9848948514e-24, 2.51879283568e-24, 3.18431947989e-24, 3.31817339829e-24, 3.9676275932e-24, 3.53628515554e-24, 4.19044135588e-24, 4.05754432576e-24, 3.41641931871e-24, 3.52392922718e-24, 5.18260670473e-24, 4.65288936789e-24, 4.60382971376e-24, 5.53969366538e-24, 5.46049321379e-24, 5.02903994117e-24, 5.03775527645e-24, 5.64745048731e-24, 5.09667805848e-24, 6.31452941257e-24, 5.60485318172e-24, 5.63066668269e-24, 6.47797784226e-24], "var": [1.80501069647e-09, 1.1290494939e-07, 9.13663279789e-06, 4.75199567518e-06, 8.1468448343e-07, 3.65093285382e-07, 1.14400222628e-06, 6.80445964463e-07, 1.57214742558e-07, 1.00674796499e-07, 2.46765026191e-08, 9.03540264829e-09, 1.73296910155e-09, 1.15948528556e-09, 1.01118846629e-09, 2.64740318556e-09, 1.60457669374e-09, 4.2456921312e-10, 5.87083825998e-10, 6.14822859291e-10, 3.34212518771e-10, 2.77005196558e-10, 1.34477956548e-10, 5.12738670966e-11, 2.2827103055e-11, 8.33453445148e-12, 4.88920882946e-12, 1.27994479165e-12, 4.53629917917e-13, 1.56783684343e-13, 3.47218625651e-14, 1.71564981866e-14, 6.20707564869e-15, 2.76802870921e-15, 1.498685675e-15, 1.32091272938e-15, 6.48632949415e-16, 3.05383382512e-16, 2.33336507024e-16, 1.29902455099e-16]}, "mfcc": {"mean": [-735.951477051, 171.279434204, -34.0124740601, 20.4514522552, -3.69659113884, -14.3319234848, -17.0035076141, -11.1082773209, -8.69432544708, -6.18719911575, -9.26783657074, -7.42681646347, -7.3220911026], "cov": [[22957.2109375, 8146.91357422, -2415.15527344, 1223.92297363, -43.1397399902, -547.040344238, -656.292053223, -391.088348389, -334.665374756, -188.975631714, -370.421691895, -234.356063843, -245.740280151], [8146.91357422, 3719.5949707, -813.501220703, 430.263031006, -58.4793014526, -237.894058228, -292.666473389, -201.564331055, -154.193832397, -105.631645203, -158.661270142, -114.566505432, -137.708297729], [-2415.15527344, -813.501220703, 412.123138428, -128.265258789, 6.64574623108, 49.1565551758, 53.3455352783, 38.4897499084, 37.3627357483, 18.728099823, 35.0717811584, 18.2284259796, 21.5112915039], [1223.92297363, 430.263031006, -128.265258789, 134.443344116, 14.2636203766, -19.1700687408, -23.0358829498, -17.1469516754, -19.2606048584, -10.0210294724, -16.4927101135, -6.74441337585, -11.1538515091], [-43.1397399902, -58.4793014526, 6.64574623108, 14.2636203766, 63.5866928101, 29.3993167877, 16.366645813, 15.2657527924, 9.980427742, 6.68124866486, 7.63915777206, 1.82095372677, 8.38970279694], [-547.040344238, -237.894058228, 49.1565551758, -19.1700687408, 29.3993167877, 72.9955749512, 52.367603302, 24.4467449188, 21.5900802612, 15.6949367523, 18.9097099304, 17.6516151428, 12.6382255554], [-656.292053223, -292.666473389, 53.3455352783, -23.0358829498, 16.366645813, 52.367603302, 80.0056381226, 43.6260986328, 24.3669300079, 21.2336959839, 22.9739360809, 16.7574386597, 15.6548490524], [-391.088348389, -201.564331055, 38.4897499084, -17.1469516754, 15.2657527924, 24.4467449188, 43.6260986328, 60.9204673767, 29.0695514679, 15.5759410858, 15.5580320358, 7.42597484589, 13.3197145462], [-334.665374756, -154.193832397, 37.3627357483, -19.2606048584, 9.980427742, 21.5900802612, 24.3669300079, 29.0695514679, 46.9794692993, 27.5375137329, 14.6085176468, 11.0906667709, 7.67737102509], [-188.975631714, -105.631645203, 18.728099823, -10.0210294724, 6.68124866486, 15.6949367523, 21.2336959839, 15.5759410858, 27.5375137329, 43.0328674316, 22.4485645294, 11.2333889008, 7.09642362595], [-370.421691895, -158.661270142, 35.0717811584, -16.4927101135, 7.63915777206, 18.9097099304, 22.9739360809, 15.5580320358, 14.6085176468, 22.4485645294, 41.8414001465, 27.3452758789, 12.7526550293], [-234.356063843, -114.566505432, 18.2284259796, -6.74441337585, 1.82095372677, 17.6516151428, 16.7574386597, 7.42597484589, 11.0906667709, 11.2333889008, 27.3452758789, 55.463218689, 28.4707489014], [-245.740280151, -137.708297729, 21.5112915039, -11.1538515091, 8.38970279694, 12.6382255554, 15.6548490524, 13.3197145462, 7.67737102509, 7.09642362595, 12.7526550293, 28.4707489014, 48.2873153687]], "icov": [[0.000374259077944, -0.000493285537232, 0.000870389631018, -0.000873350247275, -0.000211124817724, 0.000140726348036, 0.00069164019078, -0.000560356711503, 0.000260627042735, -0.000725883583073, 0.000596116704401, -0.000100980265415, -0.000194072359591], [-0.000493285537232, 0.00145424110815, -0.000312698713969, -0.000194819804165, 0.000495929969475, 0.000132070650579, 0.00031015847344, 0.00104911183007, -0.000189806145499, 0.000829790486023, -0.000145730402437, 6.98948351783e-05, 0.00112601963338], [0.000870389631018, -0.000312698713969, 0.00665566837415, -0.000320764345815, -0.000574914796744, -2.12706049751e-06, 0.00222859391943, -0.000878452323377, -0.000665009720251, -0.000398160424083, 0.000227029668167, 0.000367621541955, 6.43711837256e-06], [-0.000873350247275, -0.000194819804165, -0.000320764345815, 0.0162189323455, -0.00472369696945, 0.00131361070089, -0.00393522623926, 0.000743532378692, 0.00201645051129, 0.000260361732217, 0.000918691395782, -0.00288657750934, 0.00153719470836], [-0.000211124817724, 0.000495929969475, -0.000574914796744, -0.00472369696945, 0.0234062299132, -0.0122775593773, 0.00533421663567, -0.00379022932611, -0.00118188292254, 0.00131485622842, -0.00470811733976, 0.00642533274367, -0.00458267051727], [0.000140726348036, 0.000132070650579, -2.12706049751e-06, 0.00131361070089, -0.0122775593773, 0.0348572656512, -0.0211091637611, 0.00822975020856, -0.0065049296245, 0.00254000769928, 0.000922083971091, -0.00537192169577, 0.0025654823985], [0.00069164019078, 0.00031015847344, 0.00222859391943, -0.00393522623926, 0.00533421663567, -0.0211091637611, 0.0405866205692, -0.0204738695174, 0.00805303361267, -0.00886667147279, 2.86329941446e-06, -0.000348332192516, -0.000182713425602], [-0.000560356711503, 0.00104911183007, -0.000878452323377, 0.000743532378692, -0.00379022932611, 0.00822975020856, -0.0204738695174, 0.0386587418616, -0.0203572940081, 0.0103835035115, -0.00763076543808, 0.00714744953439, -0.00530647626147], [0.000260627042735, -0.000189806145499, -0.000665009720251, 0.00201645051129, -0.00118188292254, -0.0065049296245, 0.00805303361267, -0.0203572940081, 0.0504908710718, -0.0295541342348, 0.0117608876899, -0.00884036440402, 0.00488154264167], [-0.000725883583073, 0.000829790486023, -0.000398160424083, 0.000260361732217, 0.00131485622842, 0.00254000769928, -0.00886667147279, 0.0103835035115, -0.0295541342348, 0.052447039634, -0.0259366426617, 0.00912410393357, -0.00351167866029], [0.000596116704401, -0.000145730402437, 0.000227029668167, 0.000918691395782, -0.00470811733976, 0.000922083971091, 2.86329941446e-06, -0.00763076543808, 0.0117608876899, -0.0259366426617, 0.0563175193965, -0.0256218966097, 0.00758516415954], [-0.000100980265415, 6.98948351783e-05, 0.000367621541955, -0.00288657750934, 0.00642533274367, -0.00537192169577, -0.000348332192516, 0.00714744953439, -0.00884036440402, 0.00912410393357, -0.0256218966097, 0.0406712554395, -0.0198629777879], [-0.000194072359591, 0.00112601963338, 6.43711837256e-06, 0.00153719470836, -0.00458267051727, 0.0025654823985, -0.000182713425602, -0.00530647626147, 0.00488154264167, -0.00351167866029, 0.00758516415954, -0.0198629777879, 0.0343810580671]]}, "spectral_contrast_coeffs": {"dmean": [0.0431614667177, 0.038024969399, 0.0318233184516, 0.0240211561322, 0.0176623407751, 0.0114932265133], "dmean2": [0.0676762610674, 0.0604213327169, 0.051346052438, 0.0403990261257, 0.0293495524675, 0.0190097689629], "dvar": [0.00132084533107, 0.00101695628837, 0.000716831942555, 0.000394428323489, 0.000222197850235, 0.000108764528704], "dvar2": [0.00319740315899, 0.00271326838993, 0.0018302135868, 0.00114317436237, 0.00060372450389, 0.000267978059128], "max": [-0.233150392771, -0.509608089924, -0.565007507801, -0.686734139919, -0.693614184856, -0.710683941841], "mean": [-0.523581564426, -0.71680611372, -0.764151990414, -0.805793046951, -0.799434006214, -0.786712884903], "median": [-0.485206067562, -0.700477361679, -0.749780118465, -0.793816447258, -0.783479213715, -0.765692770481], "min": [-0.982406675816, -0.980380117893, -0.978260099888, -0.971430659294, -0.966593027115, -0.965329289436], "var": [0.0254989825189, 0.00913535337895, 0.00580515339971, 0.00348655902781, 0.00346684944816, 0.00391918141395]}, "spectral_contrast_valleys": {"dmean": [0.395787596703, 0.312515735626, 0.301032215357, 0.247487515211, 0.221222132444, 0.245725542307], "dmean2": [0.676476716995, 0.504523932934, 0.484815597534, 0.386870384216, 0.308951228857, 0.307970136404], "dvar": [0.201094046235, 0.197673842311, 0.178403362632, 0.183018445969, 