{"lowlevel": {"average_loudness": 0.957480370998, "barkbands_crest": {"dmean": 1.46682524681, "dmean2": 2.27286887169, "dvar": 4.03617095947, "dvar2": 9.56591892242, "max": 26.1036720276, "mean": 15.323220253, "median": 14.8420343399, "min": 4.10189771652, "var": 24.6121883392}, "barkbands_flatness_db": {"dmean": 0.0333333685994, "dmean2": 0.0418780110776, "dvar": 0.0012359120883, "dvar2": 0.00184322334826, "max": 0.581681668758, "mean": 0.248056322336, "median": 0.236492037773, "min": 0.0524231046438, "var": 0.00696086976677}, "barkbands_kurtosis": {"dmean": 12.0385837555, "dmean2": 19.15858078, "dvar": 442.645050049, "dvar2": 1092.82128906, "max": 363.428863525, "mean": 26.9931526184, "median": 17.8762340546, "min": -1.76528286934, "var": 848.549316406}, "barkbands_skewness": {"dmean": 0.864844441414, "dmean2": 1.30908560753, "dvar": 1.27686619759, "dvar2": 2.83865118027, "max": 15.6799173355, "mean": 3.73195552826, "median": 3.4749186039, "min": -2.38830256462, "var": 4.31488752365}, "barkbands_spread": {"dmean": 2.63647031784, "dmean2": 4.04564714432, "dvar": 25.4182090759, "dvar2": 62.5388641357, "max": 102.960037231, "mean": 7.25008392334, "median": 5.4723405838, "min": 0.31129565835, "var": 42.5083122253}, "dissonance": {"dmean": 0.0255293827504, "dmean2": 0.0403518006206, "dvar": 0.000574565143324, "dvar2": 0.001405374147, "max": 0.499999970198, "mean": 0.425027698278, "median": 0.432608962059, "min": 0.231692060828, "var": 0.00165313004982}, "dynamic_complexity": 1.7942943573, "erbbands_crest": {"dmean": 1.96244049072, "dmean2": 2.84294724464, "dvar": 4.92477273941, "dvar2": 9.80537796021, "max": 33.8345756531, "mean": 11.8980503082, "median": 10.5857772827, "min": 2.25392055511, "var": 31.5776901245}, "erbbands_flatness_db": {"dmean": 0.0299143083394, "dmean2": 0.0369181670249, "dvar": 0.000998834031634, "dvar2": 0.00135626026895, "max": 0.405734241009, "mean": 0.164061591029, "median": 0.157895892859, "min": 0.0333978794515, "var": 0.0039537390694}, "erbbands_kurtosis": {"dmean": 1.86806118488, "dmean2": 2.94673275948, "dvar": 13.2598896027, "dvar2": 33.6779670715, "max": 68.426651001, "mean": 2.8017168045, "median": 1.47658824921, "min": -1.70991396904, "var": 22.3248939514}, "erbbands_skewness": {"dmean": 0.372072279453, "dmean2": 0.566495537758, "dvar": 0.212750822306, "dvar2": 0.501720666885, "max": 6.60997867584, "mean": 1.19056296349, "median": 1.08352303505, "min": -3.71495771408, "var": 0.702826201916}, "erbbands_spread": {"dmean": 10.8101387024, "dmean2": 15.3889455795, "dvar": 239.853469849, "dvar2": 477.814910889, "max": 159.182617188, "mean": 35.9378318787, "median": 30.8668231964, "min": 1.80063533783, "var": 511.148529053}, "hfc": {"dmean": 4.33544158936, "dmean2": 6.21023082733, "dvar": 53.371295929, "dvar2": 112.921730042, "max": 122.855445862, "mean": 16.1516342163, "median": 11.9825286865, "min": 1.225089692e-16, "var": 157.907546997}, "melbands_crest": {"dmean": 1.58022356033, "dmean2": 2.40881061554, "dvar": 4.46590471268, "dvar2": 10.3661613464, "max": 31.0105400085, "mean": 20.7297554016, "median": 21.5822029114, "min": 1.84114813805, "var": 32.4234046936}, "melbands_flatness_db": {"dmean": 0.0371774993837, "dmean2": 0.0465992130339, "dvar": 0.00164830870926, "dvar2": 0.00248796562664, "max": 0.743724644184, "mean": 0.358433693647, "median": 0.345210969448, "min": 0.00370409619063, "var": 0.00993137713522}, "melbands_kurtosis": {"dmean": 24.4646854401, "dmean2": 36.9891967773, "dvar": 2152.2956543, "dvar2": 4825.62304688, "max": 647.846374512, "mean": 53.7027168274, "median": 32.8259811401, "min": -1.81314826012, "var": 4063.50341797}, "melbands_skewness": {"dmean": 1.0728379488, "dmean2": 1.55818939209, "dvar": 2.20086860657, "dvar2": 4.5110449791, "max": 18.9079017639, "mean": 4.62446117401, "median": 4.23974227905, "min": -1.05728566647, "var": 7.0843038559}, "melbands_spread": {"dmean": 1.41485464573, "dmean2": 2.11224222183, "dvar": 8.22869873047, "dvar2": 17.0767211914, "max": 160.42364502, "mean": 5.88552713394, "median": 3.7052693367, "min": 0.328889042139, "var": 53.9857215881}, "pitch_salience": {"dmean": 0.0504745915532, "dmean2": 0.0768686756492, "dvar": 0.00305166933686, "dvar2": 0.00733810756356, "max": 0.855692028999, "mean": 0.379985421896, "median": 0.369796395302, "min": 0.0760967954993, "var": 0.0142852962017}, "silence_rate_20dB": {"dmean": 0, "dmean2": 0, "dvar": 0, "dvar2": 0, "max": 1, "mean": 1, "median": 1, "min": 1, "var": 0}, "silence_rate_30dB": {"dmean": 0.0712655112147, "dmean2": 0.142545163631, "dvar": 0.0661806687713, "dvar2": 0.150406226516, "max": 1, "mean": 0.884279489517, "median": 1, "min": 0, "var": 0.10232193768}, "silence_rate_60dB": {"dmean": 0.000992555869743, "dmean2": 0.00198530871421, "dvar": 0.000991544686258, "dvar2": 0.00217978237197, "max": 1, "mean": 0.00893211551011, "median": 0, "min": 0, "var": 0.00885257404298}, "spectral_centroid": {"dmean": 95.2324981689, "dmean2": 141.175201416, "dvar": 25842.2382812, "dvar2": 49478.4492188, "max": 11021.3535156, "mean": 512.498474121, "median": 442.331787109, "min": 119.778274536, "var": 111935.84375}, "spectral_complexity": {"dmean": 1.85091805458, "dmean2": 2.90589642525, "dvar": 4.36418771744, "dvar2": 9.545129776, "max": 36, "mean": 11.4709205627, "median": 11, "min": 0, "var": 21.6918201447}, "spectral_decrease": {"dmean": 3.02003844155e-09, "dmean2": 4.6591677183e-09, "dvar": 3.24350686897e-17, "dvar2": 7.48273736339e-17, "max": 3.81197241405e-19, "mean": -1.81955037704e-08, "median": -1.91576035036e-08, "min": -6.96234749853e-08, "var": 7.67547375484e-17}, "spectral_energy": {"dmean": 0.0116223413497, "dmean2": 0.0178894605488, "dvar": 0.000472168001579, "dvar2": 0.0010853363201, "max": 0.266687959433, "mean": 0.070138707757, "median": 0.0734405815601, "min": 1.0927012271e-20, "var": 0.00113286555279}, "spectral_energyband_high": {"dmean": 0.000270784075838, "dmean2": 0.000394230562961, "dvar": 2.6524628538e-07, "dvar2": 5.7696041722e-07, "max": 0.00898961536586, "mean": 0.000362967432011, "median": 0.000116501883895, "min": 8.22933799434e-21, "var": 4.03071112487e-07}, "spectral_energyband_low": {"dmean": 0.00999883469194, "dmean2": 0.0155757069588, "dvar": 0.000430036452599, "dvar2": 0.00100869860034, "max": 0.244687899947, "mean": 0.0531494580209, "median": 0.0591048598289, "min": 1.34852187164e-22, "var": 0.000931035727262}, "spectral_energyband_middle_high": {"dmean": 0.000626113673206, "dmean2": 0.000908031070139, "dvar": 3.55252996087e-06, "dvar2": 8.08936783869e-06, "max": 0.0662610754371, "mean": 0.00222910987213, "median": 0.00101624289528, "min": 1.26101917335e-21, "var": 1.22100545923e-05}, "spectral_energyband_middle_low": {"dmean": 0.0037728745956, "dmean2": 0.0057448069565, "dvar": 3.37310411851e-05, "dvar2": 7.43368291296e-05, "max": 0.139709249139, "mean": 0.0166600160301, "median": 0.0128769110888, "min": 3.93114758838e-22, "var": 0.000184967269888}, "spectral_entropy": {"dmean": 0.362668395042, "dmean2": 0.468649148941, "dvar": 0.15525084734, "dvar2": 0.231493398547, "max": 9.79720973969, "mean": 6.69026708603, "median": 6.72683238983, "min": 3.92430973053, "var": 0.494482159615}, "spectral_flux": {"dmean": 0.0266021750867, "dmean2": 0.0400044023991, "dvar": 0.0016910424456, "dvar2": 0.00371119915508, "max": 0.439208209515, "mean": 0.0615561902523, "median": 0.0439835898578, "min": 1.04532348055e-10, "var": 0.00316305458546}, "spectral_kurtosis": {"dmean": 6.34375572205, "dmean2": 9.00938510895, "dvar": 133.562316895, "dvar2": 245.196762085, "max": 203.631530762, "mean": 12.583729744, "median": 7.1424446106, "min": -1.18779754639, "var": 274.116638184}, "spectral_rms": {"dmean": 0.000679324904922, "dmean2": 0.00101453799289, "dvar": 1.43485567605e-06, "dvar2": 3.00999499814e-06, "max": 0.0161302015185, "mean": 0.00796154141426, "median": 0.00846459344029, "min": 3.26504209953e-12, "var": 5.04187801198e-06}, "spectral_rolloff": {"dmean": 73.6175994873, "dmean2": 127.95375824, "dvar": 133078.5625, "dvar2": 326824.375, "max": 19853.6132812, "mean": 363.382263184, "median": 193.798828125, "min": 64.599609375, "var": 611424.6875}, "spectral_skewness": {"dmean": 0.569936752319, "dmean2": 0.78119879961, "dvar": 0.605441451073, "dvar2": 0.941332280636, "max": 12.5602312088, "mean": 2.62746191025, "median": 2.25416588783, "min": -0.0279436036944, "var": 1.67145431042}, "spectral_spread": {"dmean": 1408519.875, "dmean2": 1863766.375, "dvar": 2821916459010.0, "dvar2": 4691749502980.0, "max": 40446840, "mean": 4712763.5, "median": 4117365, "min": 682567.75, "var": 6103475683330.0}, "spectral_strongpeak": {"dmean": 0.186279520392, "dmean2": 0.318436264992, "dvar": 0.224246367812, "dvar2": 0.517806410789, "max": 9.80523777008, "mean": 0.935095250607, "median": 0.804023742676, "min": 0, "var": 0.564688742161}, "zerocrossingrate": {"dmean": 0.00638003041968, "dmean2": 0.00795189850032, "dvar": 7.45682482375e-05, "dvar2": 9.98196846922e-05, "max": 0.5029296875, "mean": 0.0221557859331, "median": 0.01708984375, "min": 0.00244140625, "var": 0.000589285453316}, "barkbands": {"dmean": [0.000437636655988, 0.00763838645071, 0.00305045559071, 0.0014605151955, 0.0013832837576, 0.000806741649285, 0.000922333507333, 0.000631913542747, 0.000348883069819, 0.000362659979146, 0.000158563096193, 0.000115808397823, 6.55191688566e-05, 5.06653559569e-05, 5.77274877287e-05, 3.61200400221e-05, 7.65790100559e-05, 6.1100901803e-05, 4.47259481007e-05, 3.05948087771e-05, 3.24069660564e-05, 3.72268441424e-05, 2.948024121e-05, 4.38204551756e-05, 6.42013474135e-05, 5.86415626458e-05, 1.62581600307e-05], "dmean2": [0.000705029815435, 0.0119090126827, 0.00501008238643, 0.00244848243892, 0.00201050238684, 0.00120942562353, 0.00137084373273, 0.000841465371195, 0.000491087033879, 0.000508005847223, 0.000232696649618, 0.000181817187695, 0.000102346937638, 7.92486171122e-05, 8.93550459296e-05, 5.60574335395e-05, 0.000120414872072, 9.10404123715e-05, 6.51168084005e-05, 4.59263210359e-05, 4.88536861667e-05, 5.51490593352e-05, 4.32162705692e-05, 6.4367421146e-05, 9.81840858003e-05, 9.18435544008e-05, 2.58809850493e-05], "dvar": [2.29299121202e-06, 0.000316140416544, 4.22778939537e-05, 6.15569388174e-06, 3.4884312754e-06, 5.91119396631e-06, 9.68346557784e-06, 7.65647109802e-06, 2.39530982071e-06, 2.03364902518e-06, 6.03762089213e-07, 4.80913001866e-07, 1.28271608446e-07, 1.23716930034e-07, 5.38036957209e-08, 1.2939485039e-08, 5.38662980887e-08, 6.12776673847e-08, 2.65869921634e-08, 7.22884552218e-09, 7.82345832562e-09, 1.13255218537e-08, 3.72992037256e-09, 7.48474704437e-09, 2.37921522483e-08, 2.0323051686e-08, 1.76626668846e-09], "dvar2": [5.97276766712e-06, 0.000761838688049, 0.000113201160275, 1.7348829715e-05, 8.01806072559e-06, 1.28718429551e-05, 2.20244492084e-05, 1.27770390463e-05, 4.41240399596e-06, 3.84885061067e-06, 1.41765531225e-06, 1.10532471354e-06, 2.16730967395e-07, 2.71452819334e-07, 1.3229725937e-07, 2.82037557753e-08, 1.16451722931e-07, 1.06653573084e-07, 4.83330353518e-08, 1.57833071057e-08, 1.71870162546e-08, 2.58256100949e-08, 8.46155945311e-09, 1.65775517758e-08, 5.59514177212e-08, 4.90902003492e-08, 4.29738511443e-09], "max": [0.0235703997314, 0.194025993347, 0.0908471792936, 0.0428758710623, 0.0565967038274, 0.086092621088, 0.0982344076037, 0.125445917249, 0.0622659102082, 0.055840048939, 0.0355644635856, 0.0420406982303, 0.0232106428593, 0.0250479634851, 0.0119953528047, 0.00557030970231, 0.00716571230441, 0.0125365257263, 0.00662555964664, 0.0023933108896, 0.00307439477183, 0.00315872766078, 0.00179395265877, 0.00158038653899, 0.00257953093387, 0.00207732338458, 0.000604650413152], "mean": [0.000389968045056, 0.0363579317927, 0.0144932838157, 0.00347252585925, 0.00467468798161, 0.00259894318879, 0.00247144466266, 0.0017942689592, 0.000940010184422, 0.00105023081414, 0.000526558957063, 0.000214548912481, 0.000120303324366, 8.1600388512e-05, 0.000115326009109, 7.19577365089e-05, 0.00014841882512, 0.000138290211908, 9.17140641832e-05, 5.59604668524e-05, 4.76566347061e-05, 5.48247808183e-05, 3.86577266909e-05, 5.61493397981e-05, 6.42502491246e-05, 5.49399555894e-05, 1.46426091305e-05], "median": [8.14351551526e-06, 0.0312713049352, 0.00795872882009, 0.0015588470269, 0.00374129787087, 0.00096164282877, 0.000527767580934, 0.000294482597383, 0.000205446936889, 0.000286983180558, 8.25022580102e-05, 6.78244105075e-05, 4.23852616223e-05, 2.48474389082e-05, 4.80740636704e-05, 2.6345369406e-05, 5.18037704751e-05, 3.44126929122e-05, 2.43077556661e-05, 2.05677006306e-05, 1.4517818272e-05, 1.59794690262e-05, 1.13517544378e-05, 1.51134290718e-05, 8.86530142452e-06, 6.36505865259e-06, 1.59724959303e-06], "min": [4.03793253368e-23, 6.63367902676e-23, 2.36525900706e-23, 3.71631299599e-23, 3.14928671929e-23, 3.60621893697e-23, 3.08249765298e-23, 1.35150363964e-22, 1.16988463519e-22, 4.09678565929e-23, 2.14474792937e-23, 7.90713276844e-23, 5.21011389007e-23, 1.77574647114e-22, 9.11095344247e-23, 1.05556316524e-22, 1.54063007555e-22, 1.79392801107e-22, 2.41001903794e-22, 1.99445506478e-22, 4.00332974961e-22, 7.51049855401e-22, 5.69238293162e-22, 9.30598282987e-22, 1.19806670996e-21, 2.04802730305e-21, 2.5257687374e-21], "var": [1.90694947833e-06, 0.000881055369973, 0.000214596264414, 2.10342732316e-05, 1.54872031999e-05, 3.65996856999e-05, 3.44393156411e-05, 4.11004766647e-05, 1.0513588677e-05, 1.05914114101e-05, 2.53670282291e-06, 1.22699020721e-06, 2.67383541086e-07, 1.52139676857e-07, 9.1017334114e-08, 4.55986892689e-08, 1.57071667672e-07, 2.83683959879e-07, 1.06198875471e-07, 1.68537201972e-08, 1.54176884593e-08, 1.90508711029e-08, 5.60865576205e-09, 1.10342970316e-08, 2.49900349303e-08, 1.9598589418e-08, 1.60361535162e-09]}, "erbbands": {"dmean": [0.22820481658, 1.79201769829, 3.57116127014, 4.26037359238, 4.69713687897, 4.9176659584, 5.14464855194, 6.9179930687, 12.5746765137, 11.9326553345, 12.9879016876, 9.54902648926, 12.6896972656, 8.22213459015, 3.82154941559, 5.43390226364, 2.94837427139, 3.01936674118, 2.49021911621, 2.3509786129, 2.40233707428, 3.19819450378, 4.08543968201, 2.46613001823, 1.79873645306, 1.42695188522, 1.17958843708, 1.45058917999, 1.43098795414, 0.949096977711, 0.811688303947, 0.993241608143, 0.727535665035, 0.744929134846, 0.44184795022, 0.220749631524, 0.114284664392, 0.0270827338099, 0.00277493614703, 0.000141220894875], "dmean2": [0.36317011714, 2.85028076172, 5.89093732834, 7.11820745468, 7.07368278503, 7.27157258987, 7.66903495789, 10.4157409668, 18.3691253662, 17.3605232239, 16.9013061523, 13.0536499023, 17.6178512573, 11.783782959, 5.83937978745, 8.40058612823, 4.58487081528, 4.69639921188, 3.86349248886, 3.58437561989, 3.73281478882, 4.97004699707, 6.07627391815, 3.59578561783, 2.65706372261, 2.12798428535, 1.79205989838, 2.1745569706, 2.14723920822, 1.39929008484, 1.2001336813, 1.4569054842, 1.09098041058, 1.16567766666, 0.670659124851, 0.337397396564, 0.179845169187, 0.0438763126731, 0.00438810093328, 0.000223623166676], "dvar": [0.465730130672, 15.8020629883, 53.2652854919, 67.8930358887, 45.2302703857, 57.9344596863, 81.5546112061, 696.14239502, 1794.62011719, 1968.03833008, 2989.91088867, 1890, 2697.33251953, 1092.05407715, 386.328613281, 1126.83569336, 255.530563354, 329.417266846, 82.1825714111, 85.8802032471, 41.142829895, 92.885269165, 289.210906982, 88.1631546021, 45.9691390991, 16.21808815, 7.59715127945, 18.0511131287, 24.0517864227, 3.79520201683, 2.78013658524, 3.74587130547, 2.33319234848, 3.97147989273, 0.975997805595, 0.217799291015, 0.0845226421952, 0.00643695238978, 4.92099425173e-05, 1.34605627977e-07], "dvar2": [1.15316045284, 40.5727539062, 146.871383667, 184.317214966, 115.722366333, 135.694091797, 182.482421875, 1480.8671875, 3917.97412109, 3801.09033203, 4859.34912109, 3422.77270508, 5094.67578125, 2397.61010742, 991.940612793, 2488.18505859, 465.918243408, 724.637634277, 187.728042603, 217.335342407, 83.1000061035, 206.920394897, 496.66305542, 165.073532104, 83.7277908325, 35.3556213379, 17.5287017822, 37.4464988708, 55.3389091492, 8.39047336578, 6.33713102341, 8.12943077087, 5.32467031479, 9.82261180878, 2.23650336266, 0.499502599239, 0.206065446138, 0.0164246708155, 0.000118851814477, 3.36581734928e-07], "max": [7.44588184357, 50.2571029663, 97.8313522339, 121.893341064, 169.93447876, 326.215393066, 345.433074951, 995.796020508, 1544.73693848, 1991.15283203, 2509.37402344, 1816.95898438, 2212.02685547, 1548.2142334, 978.385437012, 2163.80541992, 948.408081055, 1275.74926758, 408.179443359, 405.972717285, 260.459625244, 319.070678711, 861.051757812, 449.914154053, 320.691253662, 140.474533081, 66.6963653564, 186.650894165, 175.609008789, 52.0679130554, 47.7355117798, 36.8942184448, 38.3957939148, 32.1845436096, 18.1100826263, 5.62941646576, 4.57021808624, 1.25214290619, 0.103431247175, 0.00656864512712], "mean": [0.671715557575, 9.35809135437, 19.7973194122, 13.0416316986, 14.6985406876, 14.9504127502, 14.4230909348, 21.8907775879, 37.6578788757, 31.8214759827, 38.7585372925, 28.0327224731, 37.302280426, 29.1406745911, 10.1553173065, 10.5131149292, 5.86652565002, 5.40474319458, 4.87507581711, 5.0696978569, 5.14320230484, 6.72092008591, 9.50993442535, 5.36194705963, 3.60162568092, 2.62054920197, 1.84787738323, 2.12368798256, 2.07944321632, 1.3766875267, 1.05067908764, 1.32047629356, 0.867062091827, 0.70246309042, 0.451555490494, 0.222478806973, 0.104893907905, 0.0227329619229, 0.00255885906518, 0.000197940375074], "median": [0.163764804602, 9.40272712708, 13.682756424, 7.83895111084, 10.1603250504, 11.2320861816, 9.07294654846, 5.43955421448, 8.18235778809, 8.12669658661, 7.63371324539, 7.30250024796, 8.86078262329, 7.70192337036, 2.95510411263, 3.34824538231, 2.23858165741, 2.06502628326, 2.11412072182, 2.30008554459, 2.16232633591, 2.4070391655, 2.46506071091, 1.54894018173, 1.02510118484, 0.956110835075, 0.693049550056, 0.566648125648, 0.534506201744, 0.452647924423, 0.318547308445, 0.377982914448, 0.186087995768, 0.0931303501129, 0.0622296370566, 0.0312442090362, 0.0108244009316, 0.002096807817, 0.000307076028548, 0.000101652163721], "min": [3.0377515313e-21, 1.09562640916e-20, 2.46616387153e-20, 8.45465310747e-20, 7.6425000402e-20, 8.72382607984e-20, 3.19621063576e-19, 2.49888523016e-19, 4.82904732886e-19, 1.15810745149e-18, 2.98213830949e-18, 2.7569948428e-18, 1.62792236138e-18, 1.52032053595e-18, 1.7125532778e-18, 2.59296782246e-18, 2.24991348176e-18, 8.20143952518e-18, 7.36921311089e-18, 5.42084418553e-18, 6.00097614121e-18, 8.28515351189e-18, 1.04750910226e-17, 1.2012928142e-17, 1.08864206442e-17, 7.60489092948e-18, 1.21082342378e-17, 2.13979928134e-17, 2.41122718425e-17, 2.27026253842e-17, 1.85049964498e-17, 2.1241382708e-17, 1.24981688329e-17, 1.00032605837e-17, 1.04019177984e-17, 6.87155685255e-18, 3.72064267883e-18, 1.51269910058e-18, 3.56074939021e-19, 3.84524051968e-20], "var": [0.853491902351, 47.5421485901, 284.169799805, 262.790985107, 191.624893188, 238.087387085, 364.240478516, 3992.96972656, 8466.73046875, 8407.80566406, 17638.5546875, 8343.8359375, 15235.8828125, 4829.65429688, 706.393676758, 3121.87109375, 509.802734375, 431.530426025, 163.694625854, 131.560409546, 160.318939209, 271.879241943, 1334.9810791, 352.564178467, 164.042053223, 37.9116439819, 13.9691419601, 38.3420791626, 40.1450462341, 6.84554100037, 4.04655122757, 5.90217685699, 3.14414525032, 3.65663576126, 1.11027729511, 0.244936361909, 0.0793515220284, 0.00518467556685, 4.57188543805e-05, 1.20889680488e-07]}, "gfcc": {"mean": [-21.6182842255, 120.408233643, -59.6012420654, 25.6452560425, -39.6368675232, 10.3236188889, -25.6398868561, 12.4262065887, -17.4906234741, -3.71851301193, -17.5961723328, -0.0401957519352, -11.1337223053], "cov": [[7614.01806641, -1734.34228516, -562.023498535, 424.259857178, -735.100891113, 177.816421509, -299.137268066, 306.822692871, 9.09533500671, 293.268920898, -7.43345832825, 205.70854187, -99.7383422852], [-1734.34228516, 1719.43005371, -184.4400177, -212.448516846, 346.743438721, -225.356796265, 201.711517334, -182.283691406, 127.772521973, -91.2495651245, 111.848945618, -87.7657775879, 84.443107605], [-562.023498535, -184.4400177, 1103.35949707, 103.957954407, 217.072189331, 261.883728027, -75.566444397, 24.4327335358, -18.212272644, 36.4826812744, -33.118927002, -47.9882011414, 13.5442256927], [424.259857178, -212.448516846, 103.957954407, 372.881652832, -2.12332296371, 62.738368988, 14.3071374893, 21.8517780304, 40.8958244324, -0.908581078053, -9.79143619537, 1.25735723972, 19.4531211853], [-735.100891113, 346.743438721, 217.072189331, -2.12332296371, 270.474578857, 41.5197067261, 53.1212539673, -31.2372398376, 24.20911026, -13.656165123, 12.2464551926, -40.4118385315, 31.0424842834], [177.816421509, -225.356796265, 261.883728027, 62.738368988, 41.5197067261, 232.604171753, 1.91007983685, 46.5080070496, -11.5219669342, 9.30964183807, -12.8578290939, -6.67537355423, 6.80746507645], [-299.137268066, 201.711517334, -75.566444397, 14.3071374893, 53.1212539673, 1.91007983685, 166.372772217, 24.8498687744, 28.9900531769, -42.695224762, 4.66396427155, 1.34381008148, 13.9363012314], [306.822692871, -182.283691406, 24.4327335358, 21.8517780304, -31.2372398376, 46.5080070496, 24.8498687744, 139.709503174, 37.1799697876, 14.0415382385, -8.24707698822, 15.3893032074, -5.06266355515], [9.09533500671, 127.772521973, -18.212272644, 40.8958244324, 24.20911026, -11.5219669342, 28.9900531769, 37.1799697876, 128.511810303, 51.215549469, 33.6250610352, -1.96145951748, 15.5144691467], [293.268920898, -91.2495651245, 36.4826812744, -0.908581078053, -13.656165123, 9.30964183807, -42.695224762, 14.0415382385, 51.215549469, 131.65965271, 50.7188453674, 21.7148075104, -0.767397165298], [-7.43345832825, 111.848945618, -33.118927002, -9.79143619537, 12.2464551926, -12.8578290939, 4.66396427155, -8.24707698822, 33.6250610352, 50.7188453674, 100.835494995, 43.9936103821, 22.2230834961], [205.70854187, -87.7657775879, -47.9882011414, 1.25735723972, -40.4118385315, -6.67537355423, 1.34381008148, 15.3893032074, -1.96145951748, 21.7148075104, 43.9936103821, 102.181739807, 45.2477111816], [-99.7383422852, 84.443107605, 13.5442256927, 19.4531211853, 31.0424842834, 6.80746507645, 13.9363012314, -5.06266355515, 15.5144691467, -0.767397165298, 22.2230834961, 45.2477111816, 98.8255462646]], "icov": [[0.000279677129583, -0.000135028603836, 0.000228246703045, -0.000411557412008, 0.000463545729872, -0.000429139152402, 0.000472303014249, -0.000524867558852, 0.000316952937283, -0.000696584698744, 0.000426120619522, -0.000509785022587, 0.000320248655044], [-0.000135028603836, 0.00261439755559, -0.000109062319098, 0.00158520974219, -0.00199583452195, 0.00188855757006, -0.00192930467892, 0.00260873418301, -0.00282903993502, 0.00279322150163, -0.00338405650109, 0.00308619136922, -0.00195097306278], [0.000228246703045, -0.000109062319098, 0.00187389657367, -0.000624460109975, -0.00109844782855, -0.00178643781692, 0.00150744407438, -0.000744406017475, 0.000619680038653, -0.00104693009052, 0.000901106337551, -0.00040350612835, 0.000283726956695], [-0.000411557412008, 0.00158520974219, -0.000624460109975, 0.00445118779317, -0.00102136179339, 0.000779565249104, -0.00182091712486, 0.00245662569068, -0.00351695017889, 0.0029325268697, -0.00184899172746, 0.00207684817724, -0.00187092705164], [0.000463545729872, -0.00199583452195, -0.00109844782855, -0.00102136179339, 0.00859827641398, -0.0018826557789, -0.000550017459318, -0.000827206589747, 0.00143720896449, -0.00223935069516, 0.000982096302323, 0.000689361535478, -0.000790662015788], [-0.000429139152402, 0.00188855757006, -0.00178643781692, 0.000779565249104, -0.0018826557789, 0.00853611435741, -0.00271241250448, 4.93501829624e-05, -0.000188593316125, 0.00170949555468, -0.00296300742775, 0.00347123527899, -0.00244717090391], [0.000472303014249, -0.00192930467892, 0.00150744407438, -0.00182091712486, -0.000550017459318, -0.00271241250448, 0.0109973968938, -0.00419263169169, -7.06518767402e-05, 0.00125567638315, 0.00195755716413, -0.00388396368362, 0.00222994410433], [-0.000524867558852, 0.00260873418301, -0.000744406017475, 0.00245662569068, -0.000827206589747, 4.93501829624e-05, -0.00419263169169, 0.0135252298787, -0.0073603503406, 0.00345603283495, -0.000850643205922, 0.000253839651123, -0.000342393992469], [0.000316952937283, -0.00282903993502, 0.000619680038653, -0.00351695017889, 0.00143720896449, -0.000188593316125, -7.06518767402e-05, -0.0073603503406, 0.0172385182232, -0.00914760027081, 0.000714094610885, 0.00134949141648, -0.00101672380697], [-0.000696584698744, 0.00279322150163, -0.00104693009052, 0.0029325268697, -0.00223935069516, 0.00170949555468, 0.00125567638315, 0.00345603283495, -0.00914760027081, 0.0178711917251, -0.00929529219866, 0.00209382618777, -0.000231446771068], [0.000426120619522, -0.00338405650109, 0.000901106337551, -0.00184899172746, 0.000982096302323, -0.00296300742775, 0.00195755716413, -0.000850643205922, 0.000714094610885, -0.00929529219866, 0.0221054609865, -0.0121120577678, 0.00352844339795], [-0.000509785022587, 0.00308619136922, -0.00040350612835, 0.00207684817724, 0.000689361535478, 0.00347123527899, -0.00388396368362, 0.000253839651123, 0.00134949141648, 0.00209382618777, -0.0121120577678, 0.023759720847, -0.0117504121736], [0.000320248655044, -0.00195097306278, 0.000283726956695, -0.00187092705164, -0.000790662015788, -0.00244717090391, 0.00222994410433, -0.000342393992469, -0.00101672380697, -0.000231446771068, 0.00352844339795, -0.0117504121736, 0.0172677524388]]}, "melbands": {"dmean": [0.00207485351712, 0.00199554790743, 0.00071676436346, 0.0003387198376, 0.000177118738065, 0.000158219176228, 0.000199924848857, 0.000126937156892, 9.77399904514e-05, 6.14386735833e-05, 6.23388623353e-05, 3.26101326209e-05, 1.50775404109e-05, 1.42306116686e-05, 7.53441145207e-06, 7.82793995313e-06, 5.76411730435e-06, 3.57188741873e-06, 4.54920109405e-06, 2.95278027806e-06, 3.38205518347e-06, 3.5887874219e-06, 4.5982528718e-06, 2.60245042227e-06, 2.11091355595e-06, 1.58126886163e-06, 9.53458027197e-07, 1.03712795863e-06, 7.81145217843e-07, 7.83638824942e-07, 9.31889985623e-07, 9.30663304644e-07, 5.98169151544e-07, 4.9925500889e-07, 4.01945243311e-07, 6.78537389831e-07, 5.97033078975e-07, 4.95719802984e-07, 5.72133899368e-07, 6.71484656323e-07], "dmean2": [0.00325538287871, 0.00325876940042, 0.00118118617684, 0.00048219479504, 0.000269530835794, 0.000236599866184, 0.000294814177323, 0.000182800446055, 0.000127975130454, 8.41233922984e-05, 8.68268034537e-05, 4.68439066026e-05, 2.28077060456e-05, 2.21045265789e-05, 1.17419876915e-05, 1.21734128697e-05, 8.99605129234e-06, 5.55930591872e-06, 7.05403817847e-06, 4.50686093245e-06, 5.35358503839e-06, 5.61728529647e-06, 7.09808546162e-06, 3.85507109968e-06, 3.11689314003e-06, 2.3503405373e-06, 1.42399323977e-06, 1.5697805793e-06, 1.19049548175e-06, 1.21877246784e-06, 1.40056613418e-06, 1.41438670198e-06, 8.86361362973e-07, 7.46397915918e-07, 6.11723464772e-07, 1.00486215615e-06, 8.90640421858e-07, 7.49606954287e-07, 8.88376689545e-07, 1.06954280454e-06], "dvar": [2.84626057692e-05, 1.61229181685e-05, 1.5363334569e-06, 2.11818800722e-07, 8.3348879798e-08, 3.16506259423e-07, 4.35117385678e-07, 2.63376165321e-07, 1.70955402723e-07, 8.41224334636e-08, 6.61811583313e-08, 1.740038158e-08, 5.80989523158e-09, 6.28077634346e-09, 1.56339308166e-09, 2.29329399914e-09, 1.66619451569e-09, 1.90363849684e-10, 4.76999773014e-10, 9.57818338532e-11, 9.00975197227e-11, 1.12627920879e-10, 2.90981266859e-10, 9.40294161977e-11, 7.60474808126e-11, 5.02117063206e-11, 8.197393285e-12, 9.54568715739e-12, 3.99574167156e-12, 4.9527083823e-12, 9.13871495839e-12, 1.26345722079e-11, 2.72001908844e-12, 1.08359794661e-12, 7.21350984587e-13, 2.2719159453e-12, 1.43660766876e-12, 1.16762860231e-12, 1.80091271756e-12, 3.81933590657e-12], "dvar2": [6.79580844007e-05, 4.4033578888e-05, 4.16091052102e-06, 4.70997065349e-07, 1.89129096384e-07, 6.71506654726e-07, 9.74524937192e-07, 4.87023100959e-07, 2.87932635956e-07, 1.46761152564e-07, 1.2470530919e-07, 3.7760155891e-08, 1.49575303254e-08, 1.47210386103e-08, 3.46269790619e-09, 3.72043884589e-09, 3.6998208941e-09, 4.17246348583e-10, 1.20523657721e-09, 2.17830239957e-10, 1.83670384457e-10, 2.42118297633e-10, 5.74836067635e-10, 1.73670217096e-10, 1.43141221098e-10, 9.23384493867e-11, 1.72705964113e-11, 2.06960299592e-11, 8.86435889969e-12, 1.21961069716e-11, 1.81812880723e-11, 2.98026672785e-11, 5.67316419536e-12, 2.42221217042e-12, 1.6845104955e-12, 5.2217032781e-12, 3.21748096915e-12, 2.69346177306e-12, 4.27919808962e-12, 9.68918868749e-12], "max": [0.0557312257588, 0.0608031414449, 0.017299586907, 0.0157586503774, 0.00951354205608, 0.0197284501046, 0.0223767329007, 0.0265818405896, 0.0185445416719, 0.0122990403324, 0.0109682213515, 0.00598210189492, 0.00317903235555, 0.00457455543801, 0.00247013755143, 0.00321213062853, 0.00293526262976, 0.000622500025202, 0.00125142966863, 0.000467974081403, 0.000461661606096, 0.000371306756278, 0.000691087916493, 0.000444674253231, 0.000422280078055, 0.00032005974208, 0.00011759238987, 0.000102255798993, 6.32550290902e-05, 4.85023192596e-05, 0.000140144125908, 0.000143019045936, 7.35040957807e-05, 3.36492485076e-05, 2.16894841287e-05, 5.29121534782e-05, 2.38357351918e-05, 3.19868922816e-05, 2.50499961112e-05, 3.37427627528e-05], "mean": [0.00836823228747, 0.0116189979017, 0.00240045157261, 0.00109263975173, 0.000512419093866, 0.000511595746502, 0.000585651316214, 0.000340914382832, 0.0002836829226, 0.000173697422724, 0.000178932750714, 0.000110755652713, 4.42099917564e-05, 2.67742598226e-05, 1.4946630472e-05, 1.42457583934e-05, 9.473240425e-06, 6.54005862089e-06, 8.96376241144e-06, 6.08138634561e-06, 6.40615371594e-06, 6.94286291036e-06, 9.70331984718e-06, 5.80398136663e-06, 4.26260385211e-06, 3.0290000268e-06, 1.77640242782e-06, 1.7807462882e-06, 1.22985977669e-06, 1.03572494936e-06, 1.33016033033e-06, 1.2786864545e-06, 8.96991025456e-07, 6.73491172165e-07, 4.79807283682e-07, 9.00264524262e-07, 7.6336868915e-07, 5.90018942148e-07, 5.92184221659e-07, 5.97853215822e-07], "median": [0.00469618150964, 0.0119026266038, 0.00166125386022, 0.000831503595691, 0.000356479606126, 0.000133779802127, 0.000128460902488, 7.83371651778e-05, 4.81483366457e-05, 4.05371756642e-05, 3.93391492253e-05, 2.82831988443e-05, 9.53618291533e-06, 8.93374271982e-06, 5.09145911565e-06, 4.88872319693e-06, 3.12511110678e-06, 2.65863195636e-06, 3.50028994944e-06, 2.29297211263e-06, 2.46540275839e-06, 2.32991305893e-06, 2.6302848255e-06, 1.43397869579e-06, 1.07105711322e-06, 7.04214642155e-07, 6.06950663951e-07, 5.98696260568e-07, 4.35947015376e-07, 3.0691558095e-07, 3.07285972667e-07, 2.82632100834e-07, 2.76834015267e-07, 2.03574188617e-07, 1.36448036869e-07, 2.39429539306e-07, 2.05372884921e-07, 1.2350221823e-07, 8.97828584812e-08, 6.27238279094e-08], "min": [2.47669097418e-23, 1.33337624713e-23, 1.48679186494e-23, 4.64593477015e-24, 9.81402446207e-24, 5.82488660414e-24, 7.38982807906e-24, 1.75151054999e-23, 2.21633169226e-23, 1.76935395258e-23, 7.81496652013e-24, 6.19264211967e-24, 4.43316478451e-24, 9.52190374684e-24, 3.36632704566e-24, 6.68589199459e-24, 1.68442960514e-23, 1.24422644514e-23, 6.54957367472e-24, 7.39857260219e-24, 7.46147242647e-24, 9.58481934834e-24, 8.0087580901e-24, 8.76139844686e-24, 1.02515432862e-23, 8.35356288089e-24, 8.29706466285e-24, 4.10928650139e-24, 5.92371943708e-24, 1.08144831056e-23, 1.32574906658e-23, 1.4582570305e-23, 1.23826107897e-23, 1.17698394158e-23, 1.03116110998e-23, 1.11718970491e-23, 1.31701148542e-23, 8.53901461337e-24, 7.38127524912e-24, 8.93099407515e-24], "var": [7.16533177183e-05, 5.2377818065e-05, 5.77929631618e-06, 9.62065541898e-07, 3.58135110901e-07, 1.9817005068e-06, 1.88806370716e-06, 1.1958164805e-06, 9.83531208476e-07, 3.82059283766e-07, 3.71395429966e-07, 7.39213064094e-08, 1.47840948372e-08, 1.50603778337e-08, 4.4351011752e-09, 4.8514157136e-09, 2.00832239727e-09, 3.72235381407e-10, 7.04707681098e-10, 2.95810959061e-10, 3.09353015426e-10, 3.34197558516e-10, 1.0972710518e-09, 4.11877670858e-10, 2.94495733355e-10, 1.83772400075e-10, 2.11159058988e-11, 2.18603034979e-11, 8.13661464594e-12, 6.39964947355e-12, 2.08981790206e-11, 1.90896569385e-11, 5.62026120088e-12, 1.80082847506e-12, 9.42964239678e-13, 3.39913644107e-12, 2.09633677604e-12, 1.60095829822e-12, 1.91812126078e-12, 3.26446964079e-12]}, "mfcc": {"mean": [-687.46472168, 162.498779297, 36.4861793518, 31.8091468811, 14.8447551727, 6.84193944931, 4.58040571213, 13.2453155518, 7.1002407074, 3.54635047913, -0.227969020605, 1.74962759018, -2.83444476128], "cov": [[6040.10888672, -1721.78735352, -419.549621582, -59.8251724243, -362.206451416, -256.566741943, -220.207199097, 18.3446769714, -25.379196167, 42.5720672607, 44.5557975769, 145.220596313, 60.1501617432], [-1721.78735352, 1700.5994873, -250.158096313, 40.6169090271, 50.4881286621, 62.2239379883, 25.5933551788, -29.5821781158, -12.9767436981, -6.88317012787, 11.7409191132, 10.1912746429, 46.8009872437], [-419.549621582, -250.158096313, 755.503601074, 10.5636978149, 280.374359131, 131.410614014, 97.9544830322, 25.7903652191, 69.9474182129, 48.3447914124, 23.4607963562, -4.33692455292, -18.3893184662], [-59.8251724243, 40.6169090271, 10.5636978149, 274.469451904, 22.8062019348, 42.7455177307, -15.0747442245, 23.1761322021, 19.9237880707, 14.3581590652, 6.69888877869, 0.220109537244, -10.2274131775], [-362.206451416, 50.4881286621, 280.374359131, 22.8062019348, 267.407318115, 97.0940551758, 53.9368667603, -9.95178985596, 42.3972396851, 34.404586792, 9.08605766296, 2.14721512794, 8.68381309509], [-256.566741943, 62.2239379883, 131.410614014, 42.7455177307, 97.0940551758, 159.056640625, 56.5447463989, 13.0022106171, 22.2829818726, 19.332983017, 6.60346841812, -0.772867739201, -3.76134681702], [-220.207199097, 25.5933551788, 97.9544830322, -15.0747442245, 53.9368667603, 56.5447463989, 123.508934021, 50.2211380005, 16.3740558624, 1.30572378635, 7.54422998428, -14.8478660583, -24.6236820221], [18.3446769714, -29.5821781158, 25.7903652191, 23.1761322021, -9.95178985596, 13.0022106171, 50.2211380005, 132.965560913, 45.1433486938, 10.5391569138, 9.81194496155, -5.83443307877, -41.1301574707], [-25.379196167, -12.9767436981, 69.9474182129, 19.9237880707, 42.3972396851, 22.2829818726, 16.3740558624, 45.1433486938, 103.801200867, 40.7046012878, 16.8606147766, 4.18168067932, -18.2763957977], [42.5720672607, -6.88317012787, 48.3447914124, 14.3581590652, 34.404586792, 19.332983017, 1.30572378635, 10.5391569138, 40.7046012878, 96.603477478, 40.9610443115, 6.26842212677, -6.04022550583], [44.5557975769, 11.7409191132, 23.4607963562, 6.69888877869, 9.08605766296, 6.60346841812, 7.54422998428, 9.81194496155, 16.8606147766, 40.9610443115, 100.818344116, 34.3705787659, -9.24971199036], [145.220596313, 10.1912746429, -4.33692455292, 0.220109537244, 2.14721512794, -0.772867739201, -14.8478660583, -5.83443307877, 4.18168067932, 6.26842212677, 34.3705787659, 104.686759949, 56.7085914612], [60.1501617432, 46.8009872437, -18.3893184662, -10.2274131775, 8.68381309509, -3.76134681702, -24.6236820221, -41.1301574707, -18.2763957977, -6.04022550583, -9.24971199036, 56.7085914612, 126.42150116]], "icov": [[0.000303828011965, 0.000333963689627, 0.00022640991665, 2.25206949835e-05, 5.91028983763e-05, 8.05653689895e-05, 0.000230760357226, -0.000140519739944, 3.88564985769e-05, -0.00023256179702, -4.42944037786e-05, -0.000344709813362, -8.9978260803e-05], [0.000333963689627, 0.00106658320874, 0.000732067390345, -4.52673739346e-05, -0.000397742987843, -0.000203219911782, -1.05660492409e-05, -4.06648032367e-05, -2.41625934905e-06, -0.000129165957333, -0.000286973372567, -0.000232246733503, -0.000368271488696], [0.00022640991665, 0.000732067390345, 0.00280176941305, 0.000146447709994, -0.00240067834966, -0.000518258137163, -0.00053014716832, -0.000204053416383, -0.000373708870029, -0.000167569203768, -0.000343685998814, -0.000180719216587, 1.43823517647e-05], [2.25206949835e-05, -4.52673739346e-05, 0.000146447709994, 0.00413638819009, -0.00031105693779, -0.00150719005615, 0.00183738337364, -0.00119732983876, -0.000128996820422, -4.34369831055e-05, -0.000184025760973, 0.000105862236524, 0.000225159325055], [5.91028983763e-05, -0.000397742987843, -0.00240067834966, -0.00031105693779, 0.00785589125007, -0.00186185596976, -0.00131895404775, 0.00209998339415, -0.00167258444708, -0.00101695139892, 0.000582853739616, -0.000114637878141, -0.000620264036115], [8.05653689895e-05, -0.000203219911782, -0.000518258137163, -0.00150719005615, -0.00186185596976, 0.00980713404715, -0.00359909562394, 0.000605898036156, -5.66845519643e-05, -0.00107403891161, 0.000602077692747, -0.000616358709522, 1.63895583682e-05], [0.000230760357226, -1.05660492409e-05, -0.00053014716832, 0.00183738337364, -0.00131895404775, -0.00359909562394, 0.0137572558597, -0.00544875161722, 0.00120569684077, 0.00156634522136, -0.00156586244702, 0.00150415464304, 0.000315878685797], [-0.000140519739944, -4.06648032367e-05, -0.000204053416383, -0.00119732983876, 0.00209998339415, 0.000605898036156, -0.00544875161722, 0.0122958682477, -0.00478423386812, 0.000212492886931, 0.000653769588098, -0.0014870709274, 0.00280162040144], [3.88564985769e-05, -2.41625934905e-06, -0.000373708870029, -0.000128996820422, -0.00167258444708, -5.66845519643e-05, 0.00120569684077, -0.00478423386812, 0.0146219562739, -0.0050235404633, 0.00077504204819, -0.00134062336292, 0.00124104693532], [-0.00023256179702, -0.000129165957333, -0.000167569203768, -4.34369831055e-05, -0.00101695139892, -0.00107403891161, 0.00156634522136, 0.000212492886931, -0.0050235404633, 0.0156088909134, -0.00623139273375, 0.00241686310619, -0.000977826188318], [-4.42944037786e-05, -0.000286973372567, -0.000343685998814, -0.000184025760973, 0.000582853739616, 0.000602077692747, -0.00156586244702, 0.000653769588098, 0.00077504204819, -0.00623139273375, 0.0151410810649, -0.00689278030768, 0.00396202178672], [-0.000344709813362, -0.000232246733503, -0.000180719216587, 0.000105862236524, -0.000114637878141, -0.000616358709522, 0.00150415464304, -0.0014870709274, -0.00134062336292, 0.00241686310619, -0.00689278030768, 0.0167029760778, -0.00804410036653], [-8.9978260803e-05, -0.000368271488696, 1.43823517647e-05, 0.000225159325055, -0.000620264036115, 1.63895583682e-05, 0.000315878685797, 0.00280162040144, 0.00124104693532, -0.000977826188318, 0.00396202178672, -0.00804410036653, 0.0131565025076]]}, "spectral_contrast_coeffs": {"dmean": [0.0388174913824, 0.0392563305795, 0.0354301519692, 0.0288985539228, 0.0290909297764, 0.0259429831058], "dmean2": [0.0619711987674, 0.0620948188007, 0.0541777275503, 0.0444856509566, 0.0415896177292, 0.0363028235734], "dvar": [0.00117563107051, 0.00120725180022, 0.00102923612576, 0.000605168926995, 0.000712646811735, 0.000577116501518], "dvar2": [0.00290860724635, 0.00289583718404, 0.00228569167666, 0.00133635802194, 0.00128979701549, 0.00101552694105], "max": [-0.249897554517, -0.358740925789, -0.416661113501, -0.544453501701, -0.490372002125, -0.561141014099], "mean": [-0.613474369049, -0.674287497997, -0.714628815651, -0.773054659367, -0.767438173294, -0.784946382046], "median": [-0.617775440216, -0.68366765976, -0.72428560257, -0.774009227753, -0.76872420311, -0.787924110889], "min": [-0.959577679634, -0.965922415257, -0.968446314335, -0.965778231621, -0.965662717819, -0.958968639374], "var": [0.00800808146596, 0.00729141291231, 0.0058297328651, 0.00278281397186, 0.0041760969907, 0.00312401494011]}, "spectral_contrast_valleys": {"dmean": [0.334327220917, 0.330822020769, 0.343293607235, 0.364897668362, 0.480546087027, 0.697666406631], "dmean2": [0.528069734573, 0.518312931061, 0.518792271614, 0.515596747398, 0.617635369301, 0.868391990662], "dvar": [0.123695768416, 0.105032131076, 0.12107872963, 0.133169516921, 0.227509468794, 0.45134139061], "dvar2": [0.254825383425, 0.226853772998, 0.246364280581, 0.237857654691, 0.336410224438, 0.579358160496], "max": [-4.87194871902, -4.65724086761, -5.45487213135, -