{"lowlevel": {"average_loudness": 0.736792385578, "barkbands_crest": {"dmean": 2.13003802299, "dmean2": 3.45393490791, "dvar": 4.43475055695, "dvar2": 11.8188905716, "max": 22.7125854492, "mean": 9.36501693726, "median": 8.6579656601, "min": 3.15879631042, "var": 9.71864891052}, "barkbands_flatness_db": {"dmean": 0.0191181860864, "dmean2": 0.0282705370337, "dvar": 0.000379658216843, "dvar2": 0.000877950631548, "max": 0.366717547178, "mean": 0.166322156787, "median": 0.159844487906, "min": 0.027004500851, "var": 0.00236579868942}, "barkbands_kurtosis": {"dmean": 4.11442422867, "dmean2": 6.67291259766, "dvar": 60.0114250183, "dvar2": 155.224456787, "max": 122.115913391, "mean": 8.09767818451, "median": 5.90549945831, "min": -1.76945447922, "var": 73.3033599854}, "barkbands_skewness": {"dmean": 0.552913308144, "dmean2": 0.857533216476, "dvar": 0.548272967339, "dvar2": 1.31784331799, "max": 9.56583118439, "mean": 2.07700967789, "median": 1.92368912697, "min": -2.03535604477, "var": 1.10369563103}, "barkbands_spread": {"dmean": 2.57254934311, "dmean2": 3.86893391609, "dvar": 9.11264896393, "dvar2": 19.3062839508, "max": 71.7484283447, "mean": 11.1075210571, "median": 9.63077163696, "min": 0.896577775478, "var": 41.0794563293}, "dissonance": {"dmean": 0.023676276207, "dmean2": 0.0392388291657, "dvar": 0.000405769067584, "dvar2": 0.00111208215822, "max": 0.500000238419, "mean": 0.441104620695, "median": 0.446561634541, "min": 0.274404793978, "var": 0.00110594683792}, "dynamic_complexity": 2.16444349289, "erbbands_crest": {"dmean": 2.33759498596, "dmean2": 3.59810853004, "dvar": 4.55387210846, "dvar2": 10.3542299271, "max": 28.4464378357, "mean": 9.96341323853, "median": 9.04647064209, "min": 2.39867687225, "var": 16.3971405029}, "erbbands_flatness_db": {"dmean": 0.0184392854571, "dmean2": 0.0239151529968, "dvar": 0.000460837298306, "dvar2": 0.000808292534202, "max": 0.354835033417, "mean": 0.166513681412, "median": 0.162867099047, "min": 0.0568179599941, "var": 0.00225683138706}, "erbbands_kurtosis": {"dmean": 1.1477047205, "dmean2": 1.68526864052, "dvar": 1.58249056339, "dvar2": 3.4913444519, "max": 27.1707248688, "mean": 1.9248175621, "median": 1.33026170731, "min": -1.69439196587, "var": 6.30652618408}, "erbbands_skewness": {"dmean": 0.305682659149, "dmean2": 0.455508232117, "dvar": 0.0684091001749, "dvar2": 0.152631178498, "max": 4.24767303467, "mean": 1.08116781712, "median": 1.05682849884, "min": -2.35554170609, "var": 0.393477141857}, "erbbands_spread": {"dmean": 7.18274497986, "dmean2": 10.0575742722, "dvar": 87.8813323975, "dvar2": 166.543457031, "max": 114.089889526, "mean": 30.8635292053, "median": 26.6779670715, "min": 4.87056303024, "var": 290.730285645}, "hfc": {"dmean": 4.30781555176, "dmean2": 6.19686698914, "dvar": 53.7099304199, "dvar2": 111.822715759, "max": 88.3829498291, "mean": 14.9062414169, "median": 11.8509626389, "min": 6.49810370443e-12, "var": 127.650680542}, "melbands_crest": {"dmean": 2.71945619583, "dmean2": 4.44505977631, "dvar": 6.77642154694, "dvar2": 17.834810257, "max": 28.444519043, "mean": 12.6007041931, "median": 11.7415504456, "min": 2.19627213478, "var": 16.777299881}, "melbands_flatness_db": {"dmean": 0.0208711009473, "dmean2": 0.0312969982624, "dvar": 0.000501936185174, "dvar2": 0.00113841611892, "max": 0.47696942091, "mean": 0.249417588115, "median": 0.241887837648, "min": 0.00824450422078, "var": 0.00357488985173}, "melbands_kurtosis": {"dmean": 8.59501266479, "dmean2": 14.0318584442, "dvar": 345.389373779, "dvar2": 904.552490234, "max": 329.82144165, "mean": 15.256155014, "median": 9.49274349213, "min": -1.38614451885, "var": 362.614685059}, "melbands_skewness": {"dmean": 0.728804409504, "dmean2": 1.11470770836, "dvar": 1.0940438509, "dvar2": 2.61514663696, "max": 12.7285995483, "mean": 2.54586458206, "median": 2.201649189, "min": -0.455540686846, "var": 2.08690667152}, "melbands_spread": {"dmean": 2.47451686859, "dmean2": 3.79381632805, "dvar": 10.3266410828, "dvar2": 20.4716300964, "max": 159.469696045, "mean": 11.1649532318, "median": 9.69899177551, "min": 0.706980407238, "var": 60.2783317566}, "pitch_salience": {"dmean": 0.065197519958, "dmean2": 0.106177352369, "dvar": 0.00394036341459, "dvar2": 0.0106853116304, "max": 0.944921672344, "mean": 0.574974060059, "median": 0.584447026253, "min": 0.091655574739, "var": 0.00982317142189}, "silence_rate_20dB": {"dmean": 0, "dmean2": 0, "dvar": 0, "dvar2": 0, "max": 1, "mean": 1, "median": 1, "min": 1, "var": 0}, "silence_rate_30dB": {"dmean": 0.0575770549476, "dmean2": 0.115059405565, "dvar": 0.0542668998241, "dvar2": 0.133922964334, "max": 1, "mean": 0.954628169537, "median": 1, "min": 0, "var": 0.0433076545596}, "silence_rate_60dB": {"dmean": 0.000856164377183, "dmean2": 0.00160548009444, "dvar": 0.000855462101754, "dvar2": 0.00181701837573, "max": 1, "mean": 0.0257891919464, "median": 0, "min": 0, "var": 0.0251240562648}, "spectral_centroid": {"dmean": 94.0909576416, "dmean2": 143.749603271, "dvar": 13939.71875, "dvar2": 28862.8359375, "max": 3994.98022461, "mean": 655.667358398, "median": 585.458618164, "min": 183.458984375, "var": 91369.6015625}, "spectral_complexity": {"dmean": 2.20483732224, "dmean2": 3.37471914291, "dvar": 6.65738391876, "dvar2": 12.2587203979, "max": 51, "mean": 14.3527021408, "median": 14, "min": 0, "var": 29.3724594116}, "spectral_decrease": {"dmean": 3.94858457042e-09, "dmean2": 6.46358033762e-09, "dvar": 6.81453027666e-17, "dvar2": 1.77198313184e-16, "max": 5.03710083051e-19, "mean": -9.23309073642e-09, "median": -7.15604153712e-09, "min": -8.36167117768e-08, "var": 7.08461599631e-17}, "spectral_energy": {"dmean": 0.0152369085699, "dmean2": 0.0248593539, "dvar": 0.00100172380917, "dvar2": 0.00260021886788, "max": 0.319087415934, "mean": 0.0361999124289, "median": 0.0281696338207, "min": 5.89394588518e-16, "var": 0.00105485785753}, "spectral_energyband_high": {"dmean": 0.000227639509831, "dmean2": 0.000303251959849, "dvar": 2.78039863133e-07, "dvar2": 4.82377629396e-07, "max": 0.00674443412572, "mean": 0.000412039080402, "median": 0.00013920753554, "min": 4.22211751721e-16, "var": 5.45882244296e-07}, "spectral_energyband_low": {"dmean": 0.00993654783815, "dmean2": 0.0169143546373, "dvar": 0.000785261567216, "dvar2": 0.00209200987592, "max": 0.298385113478, "mean": 0.014279762283, "median": 0.00780931301415, "min": 1.14343591441e-17, "var": 0.000690300134011}, "spectral_energyband_middle_high": {"dmean": 0.000809737073723, "dmean2": 0.00117317051627, "dvar": 1.64546872838e-06, "dvar2": 3.29291970047e-06, "max": 0.0297906268388, "mean": 0.0028154856991, "median": 0.00185355124995, "min": 7.50092276372e-17, "var": 9.47544776864e-06}, "spectral_energyband_middle_low": {"dmean": 0.00722210295498, "dmean2": 0.0114553812891, "dvar": 0.000241919362452, "dvar2": 0.000604382425081, "max": 0.175380587578, "mean": 0.0205853041261, "median": 0.0170453842729, "min": 1.93459446564e-17, "var": 0.000300886953482}, "spectral_entropy": {"dmean": 0.159095302224, "dmean2": 0.216084748507, "dvar": 0.0294172335416, "dvar2": 0.0550431795418, "max": 8.93223762512, "mean": 7.14658641815, "median": 7.17793226242, "min": 5.59315824509, "var": 0.210190534592}, "spectral_flux": {"dmean": 0.0315628871322, "dmean2": 0.0486059375107, "dvar": 0.00271823932417, "dvar2": 0.00556993344799, "max": 0.460438638926, "mean": 0.0807044878602, "median": 0.0604155398905, "min": 2.7130727176e-06, "var": 0.00434654578567}, "spectral_kurtosis": {"dmean": 2.58624076843, "dmean2": 4.16598987579, "dvar": 15.5400838852, "dvar2": 40.1243171692, "max": 74.8466110229, "mean": 7.50834846497, "median": 5.74287700653, "min": 0.362965345383, "var": 46.8248672485}, "spectral_rms": {"dmean": 0.00100269902032, "dmean2": 0.00156891497318, "dvar": 2.69752581517e-06, "dvar2": 6.54515906717e-06, "max": 0.0176438316703, "mean": 0.00552796199918, "median": 0.00524238217622, "min": 7.58300144899e-10, "var": 4.7585322136e-06}, "spectral_rolloff": {"dmean": 135.494476318, "dmean2": 227.734954834, "dvar": 67965.6796875, "dvar2": 136112.75, "max": 19875.1464844, "mean": 682.521179199, "median": 516.796875, "min": 86.1328125, "var": 956623.625}, "spectral_skewness": {"dmean": 0.276953279972, "dmean2": 0.422005206347, "dvar": 0.104426197708, "dvar2": 0.244759455323, "max": 6.56424474716, "mean": 2.14574956894, "median": 2.07620882988, "min": 0.665320754051, "var": 0.549209296703}, "spectral_spread": {"dmean": 586136.5, "dmean2": 786537.1875, "dvar": 628995129344, "dvar2": 1145700089860.0, "max": 13906370, "mean": 4513743.5, "median": 4408783, "min": 908274.3125, "var": 2520219385860.0}, "spectral_strongpeak": {"dmean": 0.410234451294, "dmean2": 0.694063127041, "dvar": 0.448636293411, "dvar2": 1.07460749149, "max": 15.4231500626, "mean": 0.876026749611, "median": 0.587108850479, "min": 0, "var": 0.983038306236}, "zerocrossingrate": {"dmean": 0.00632267771289, "dmean2": 0.00779279740527, "dvar": 4.29496540164e-05, "dvar2": 5.9987349232e-05, "max": 0.509765625, "mean": 0.0384756736457, "median": 0.03466796875, "min": 0.00341796875, "var": 0.000813504448161}, "barkbands": {"dmean": [0.000190121514606, 0.00569820497185, 0.00446206051856, 0.00232756393962, 0.00409202836454, 0.00148894672748, 0.00134462455753, 0.000651164271403, 0.000413956295233, 0.000455995090306, 0.000226138188737, 0.000138402509037, 0.000187044439372, 0.000152001928654, 0.000116377254017, 6.79593722452e-05, 9.59304525168e-05, 4.08681044064e-05, 3.44464824593e-05, 4.06997132814e-05, 4.40604962932e-05, 6.19880884187e-05, 5.27161319042e-05, 3.1234256312e-05, 2.41233046836e-05, 1.58746370289e-05, 9.42252790992e-06], "dmean2": [0.000298953586025, 0.00986640434712, 0.00778868002817, 0.00392378633842, 0.00658150436357, 0.00232415110804, 0.00188109325245, 0.0010140365921, 0.000576742400881, 0.000631043454632, 0.000341660546837, 0.000216636719415, 0.000303071865346, 0.000242689653533, 0.000192737046746, 0.000112828878628, 0.000145922604133, 6.60777368466e-05, 5.4018197261e-05, 6.22461666353e-05, 6.46753687761e-05, 8.59642532305e-05, 7.47646190575e-05, 4.40206385974e-05, 3.3996959246e-05, 2.38852790062e-05, 1.51204549184e-05], "dvar": [2.93924728112e-07, 0.000309975555865, 0.00015121618344, 2.2613476176e-05, 0.000134984788019, 3.24129723595e-06, 3.04414447783e-06, 9.77246600087e-07, 6.71582938594e-07, 8.37749269067e-07, 2.50616096764e-07, 7.29629761054e-08, 1.92584437286e-07, 8.37542799559e-08, 6.777810313e-08, 3.65514303269e-08, 1.89595368738e-07, 9.29191212862e-09, 4.19790380235e-09, 7.22507254025e-09, 1.13151275016e-08, 2.38101289796e-08, 2.5266199799e-08, 3.46867379264e-09, 2.34799824028e-09, 1.13305542726e-09, 5.75003988867e-10], "dvar2": [6.75415549267e-07, 0.000834863865748, 0.000420269643655, 6.1309809098e-05, 0.000336285709636, 8.35590799397e-06, 5.77879791308e-06, 2.52189283856e-06, 1.10961366317e-06, 1.46032812154e-06, 4.99882389704e-07, 1.58420931484e-07, 4.93386323797e-07, 1.91939619754e-07, 1.77158284487e-07, 1.10817047982e-07, 2.94335023909e-07, 2.38379147532e-08, 9.42927158576e-09, 1.61492295092e-08, 2.17964952753e-08, 4.22690185076e-08, 4.98314243202e-08, 6.5093930246e-09, 4.59587212731e-09, 2.67185917835e-09, 1.36156597108e-09], "max": [0.00700298044831, 0.212043821812, 0.120621532202, 0.0595352761447, 0.133009180427, 0.0475717782974, 0.0458603352308, 0.0159436091781, 0.0448449850082, 0.0271923132241, 0.0206711124629, 0.0143206631765, 0.0107928328216, 0.00678084464744, 0.00812594499439, 0.00658124592155, 0.0203341580927, 0.0028653324116, 0.00146383116953, 0.00117759790737, 0.00133210257627, 0.00205058697611, 0.0024851821363, 0.000877317041159, 0.000551016360987, 0.000263052323135, 0.000246635143412], "mean": [0.000172112209839, 0.00677336705849, 0.00562650291249, 0.00377846811898, 0.00617172894999, 0.00413560913876, 0.0036008709576, 0.00135094171856, 0.00113734346814, 0.00105715333484, 0.000410183653003, 0.00025550686405, 0.000318500242429, 0.00028949775151, 0.000200466311071, 0.00011742929928, 0.000212473605643, 7.62392010074e-05, 6.43794992357e-05, 6.91356908646e-05, 7.46957375668e-05, 0.000100768535049, 8.20347922854e-05, 6.30695867585e-05, 3.56384080078e-05, 1.77043693839e-05, 8.0470354078e-06], "median": [1.69039994944e-05, 0.00256398064084, 0.00264707650058, 0.00187611929141, 0.00319248158485, 0.00301421293989, 0.00250637135468, 0.000800665759016, 0.00055959430756, 0.000319544778904, 0.000173643609742, 0.000148119870573, 0.000158508308232, 0.000131203560159, 8.19157939986e-05, 4.97461587656e-05, 5.48995485588e-05, 3.63573599316e-05, 3.0277089536e-05, 2.39792352659e-05, 2.18538734771e-05, 2.28902463277e-05, 2.34549042943e-05, 2.49381228059e-05, 1.08805343189e-05, 3.43257784152e-06, 3.15989694855e-07], "min": [4.15825265574e-18, 5.54549699512e-18, 2.76682815912e-18, 1.87258139686e-18, 1.6383660336e-18, 1.20936752386e-18, 4.24631513093e-18, 5.80341232371e-18, 4.30997081497e-18, 6.74509954846e-19, 1.94401857572e-18, 1.08719584252e-18, 5.16015366599e-18, 1.03672109543e-17, 7.70448099369e-18, 1.7582425369e-17, 7.03439273281e-18, 2.34689896102e-18, 8.42459134775e-18, 2.4933516607e-17, 1.04766742463e-17, 3.92324617693e-17, 3.6065114412e-17, 4.87587435421e-17, 6.19940634769e-17, 9.65492887208e-17, 1.3246038872e-16], "var": [2.90347458076e-07, 0.000258579908404, 0.000126104496303, 3.1784078601e-05, 0.000130354106659, 1.57752965606e-05, 1.44288442243e-05, 2.5544231903e-06, 4.5614069677e-06, 4.29930196333e-06, 7.35089258797e-07, 1.7332695279e-07, 3.58659519861e-07, 2.68735618647e-07, 1.5055107383e-07, 7.05879159568e-08, 9.43275779264e-07, 2.15760778133e-08, 8.37312263968e-09, 1.31698270067e-08, 2.10065937978e-08, 4.48838903822e-08, 3.79090003833e-08, 9.41913036456e-09, 3.73300057532e-09, 1.2185592535e-09, 5.56719170763e-10]}, "erbbands": {"dmean": [0.121595986187, 1.48706567287, 5.01739931107, 5.72989845276, 17.0540351868, 9.69190311432, 6.6183180809, 13.6586675644, 17.6227626801, 25.3515090942, 7.34331178665, 8.0432138443, 12.5400819778, 13.0594854355, 8.26181602478, 5.93561077118, 8.67134284973, 8.78684425354, 4.97498846054, 5.13626003265, 4.10138273239, 4.42777633667, 2.60043287277, 1.86951994896, 1.80814349651, 1.99025130272, 1.66731476784, 2.03897690773, 2.29652786255, 1.74847483635, 1.55172920227, 0.708929657936, 0.553239703178, 0.317761391401, 0.152402073145, 0.0614041574299, 0.0310215428472, 0.0105306068435, 0.00159540574532, 9.57052834565e-05], "dmean2": [0.204184547067, 2.63409113884, 8.84132957458, 9.69055843353, 27.1856460571, 16.3477077484, 10.0667095184, 21.5936546326, 25.3223438263, 38.2079658508, 11.2657394409, 11.4753656387, 17.2507019043, 18.4990272522, 12.4912071228, 9.24527263641, 13.9961414337, 14.0137224197, 8.04159069061, 8.61463928223, 6.74399089813, 6.7274479866, 3.94458079338, 2.9583337307, 2.81387424469, 3.03088951111, 2.45121741295, 2.94830417633, 3.24742722511, 2.41328763962, 2.2453520298, 1.01360452175, 0.78190112114, 0.444524824619, 0.218700572848, 0.0896193385124, 0.0483609624207, 0.0172048546374, 0.00256556202658, 0.000149054045323], "dvar": [0.145252794027, 21.7373943329, 209.268280029, 127.493927002, 2479.35424805, 595.318603516, 85.9584121704, 298.950622559, 582.911865234, 1349.80578613, 112.804367065, 218.649551392, 609.738342285, 913.409790039, 259.614532471, 158.125808716, 470.973144531, 274.666931152, 181.778594971, 141.497680664, 155.505325317, 475.856658936, 72.1456604004, 15.3798027039, 12.211353302, 16.3860721588, 14.284321785, 26.1899623871, 32.3908004761, 22.6191387177, 24.1740608215, 2.40503764153, 1.15629088879, 0.396322458982, 0.096139319241, 0.0144064929336, 0.00492652971298, 0.000701020238921, 1.59769515449e-05, 6.19231883547e-08], "dvar2": [0.370791822672, 60.2387084961, 586.31237793, 353.267913818, 5981.27880859, 1634.87097168, 208.928619385, 794.403869629, 1105.83837891, 3232.50292969, 275.853729248, 398.336486816, 1018.22058105, 1625.3157959, 518.963195801, 343.179412842, 1201.44921875, 627.125305176, 451.026428223, 407.979064941, 465.525482178, 778.354064941, 115.644798279, 39.6773643494, 27.4064159393, 36.6350517273, 27.8076686859, 49.017414093, 59.0806503296, 40.1333503723, 51.8876037598, 4.79295444489, 2.23321795464, 0.771097004414, 0.195978924632, 0.0316042900085, 0.0118814017624, 0.00177680025809, 3.78874901799e-05, 1.37807248279e-07], "max": [4.39386034012, 57.8214492798, 143.391387939, 127.06288147, 556.766540527, 321.299163818, 196.651565552, 432.002624512, 711.574707031, 643.733337402, 201.194259644, 522.93371582, 957.876037598, 1008.20092773, 658.09753418, 739.487609863, 556.110961914, 370.488983154, 499.106628418, 333.361907959, 440.439910889, 1264.49951172, 483.899688721, 95.6267471313, 68.9933700562, 57.3346214294, 52.3819885254, 67.2960510254, 75.762550354, 59.3552436829, 80.2853012085, 19.7960472107, 18.3857765198, 7.45568275452, 3.67169499397, 1.35223889351, 0.555068850517, 0.211209177971, 0.0384708233178, 0.00342040206306], "mean": [0.130343198776, 1.77266633511, 6.1876707077, 9.97957420349, 21.0168876648, 17.9644069672, 18.6277503967, 36.2893562317, 47.6846008301, 57.3977737427, 19.6453361511, 22.6648769379, 34.4752349854, 29.0503807068, 16.9671134949, 11.8917207718, 15.426317215, 17.2171764374, 9.5924577713, 8.87139225006, 7.80389738083, 10.2104759216, 6.0125579834, 3.51675534248, 3.46888971329, 3.40274214745, 2.89104390144, 3.24919223785, 3.67019963264, 2.90782117844, 2.30142617226, 1.33766722679, 1.02577590942, 0.511097788811, 0.208348453045, 0.0810794830322, 0.0317426212132, 0.00913717597723, 0.00137627823278, 0.0001135690909], "median": [0.0370588451624, 0.674485683441, 2.83477544785, 5.72724199295, 8.70362091064, 10.4775276184, 13.1846094131, 26.0459918976, 32.1322059631, 36.5137863159, 14.2159633636, 12.7170886993, 14.9403448105, 10.1706562042, 9.77653408051, 7.28223085403, 8.03987216949, 7.98645734787, 4.12762117386, 4.09270858765, 3.42408180237, 2.94362211227, 2.25420331955, 1.81116056442, 1.50669264793, 1.17879545689, 0.922983586788, 0.808947265148, 0.810965836048, 0.788371801376, 0.643489956856, 0.54898917675, 0.367769271135, 0.170481666923, 0.0581363812089, 0.0204698387533, 0.00508321961388, 0.000754216453061, 6.87475912855e-05, 4.04455313401e-05], "min": [2.13801346457e-16, 1.0754905445e-15, 2.9886289112e-15, 5.26522159815e-15, 6.33544095075e-15, 5.02727649074e-15, 4.05939650587e-15, 1.30767191034e-14, 4.44951286102e-14, 9.58224791832e-14, 1.30747626267e-13, 1.02091505551e-13, 3.60344587014e-14, 3.91264508314e-14, 8.55013894971e-14, 4.17168639314e-14, 2.05889274271e-13, 5.37561477536e-13, 3.29309496339e-13, 7.9680522163e-13, 7.56793933077e-13, 4.20366432635e-13, 1.82588170386e-13, 1.56495327222e-13, 7.64220446908e-13, 1.17465195557e-12, 7.78655297792e-13, 3.89315370306e-13, 1.32551684472e-12, 1.33854591907e-12, 8.41562876244e-13, 1.47762412115e-12, 5.87425128071e-13, 7.67627389604e-13, 3.20877791568e-13, 3.05901381699e-13, 2.31148650567e-13, 8.51148443176e-14, 1.60935412945e-14, 1.68555056641e-15], "var": [0.11880812794, 17.4295310974, 165.04800415, 169.622756958, 2366.84082031, 638.420715332, 353.015228271, 1300.06774902, 2875.60449219, 4249.04589844, 347.494110107, 1173.42102051, 4231.43261719, 4029.57763672, 769.958435059, 395.138092041, 854.838928223, 947.241821289, 447.375427246, 238.54927063, 328.303222656, 2229.51464844, 365.67199707, 28.2845134735, 25.8850860596, 30.9327774048, 27.7426700592, 46.5573387146, 59.2850914001, 40.2708816528, 32.04454422, 4.58626270294, 2.9361679554, 0.691933453083, 0.140499040484, 0.0193260554224, 0.00477856537327, 0.00059033947764, 1.54016524903e-05, 6.67496706797e-08]}, "gfcc": {"mean": [-13.1419839859, 121.115447998, -94.6954116821, 19.3856315613, -66.1617507935, 10.1114177704, -39.8277511597, -0.0452012978494, -18.0965690613, -0.636837482452, -10.8100595474, -2.80571651459, -12.0070238113], "cov": [[10524.1835938, -746.353637695, 788.310302734, 761.507995605, -170.617263794, 408.468505859, -213.311157227, 205.582351685, -330.930450439, 26.5436401367, -407.061645508, -54.0521697998, -193.448669434], [-746.353637695, 1403.375, -270.010986328, -64.4743804932, 158.415130615, -109.16305542, 57.4913635254, -120.847229004, 176.138366699, -160.539550781, 140.400527954, -82.1837997437, 72.7368774414], [788.310302734, -270.010986328, 744.813110352, 54.2324943542, 110.724182129, 103.862983704, 57.5723724365, 26.8663101196, -47.0553207397, 67.4433822632, -62.2773513794, 34.6952362061, -54.9426612854], [761.507995605, -64.4743804932, 54.2324943542, 341.453155518, -53.7747535706, 85.4328842163, 8.49380493164, 13.9256763458, -15.3186235428, -0.430023938417, -2.74728536606, -9.55462932587, -4.06946325302], [-170.617263794, 158.415130615, 110.724182129, -53.7747535706, 247.443283081, -8.96140575409, 51.1137237549, 28.0565910339, 36.0512390137, -15.6345834732, 5.28440666199, 12.9079008102, 3.51431703568], [408.468505859, -109.16305542, 103.862983704, 85.4328842163, -8.96140575409, 139.851669312, 23.2328166962, 34.5654144287, -14.1634187698, 22.8296375275, -7.44856262207, 2.98269128799, 3.55825018883], [-213.311157227, 57.4913635254, 57.5723724365, 8.49380493164, 51.1137237549, 23.2328166962, 114.19707489, 19.3154277802, 28.810174942, 5.94067144394, 12.312256813, 12.804725647, 12.2418107986], [205.582351685, -120.847229004, 26.8663101196, 13.9256763458, 28.0565910339, 34.5654144287, 19.3154277802, 114.488632202, 10.6213951111, 27.929189682, -14.6212511063, 22.10297966, 5.20506668091], [-330.930450439, 176.138366699, -47.0553207397, -15.3186235428, 36.0512390137, -14.1634187698, 28.810174942, 10.6213951111, 89.2824630737, 4.52224636078, 44.8101463318, -4.97889041901, 20.4588489532], [26.5436401367, -160.539550781, 67.4433822632, -0.430023938417, -15.6345834732, 22.8296375275, 5.94067144394, 27.929189682, 4.52224636078, 89.379989624, 11.4534645081, 27.0142421722, -9.32121086121], [-407.061645508, 140.400527954, -62.2773513794, -2.74728536606, 5.28440666199, -7.44856262207, 12.312256813, -14.6212511063, 44.8101463318, 11.4534645081, 98.4756851196, 12.0028734207, 24.833486557], [-54.0521697998, -82.1837997437, 34.6952362061, -9.55462932587, 12.9079008102, 2.98269128799, 12.804725647, 22.10297966, -4.97889041901, 27.0142421722, 12.0028734207, 64.8419418335, 17.6280269623], [-193.448669434, 72.7368774414, -54.9426612854, -4.06946325302, 3.51431703568, 3.55825018883, 12.2418107986, 5.20506668091, 20.4588489532, -9.32121086121, 24.833486557, 17.6280269623, 59.9168968201]], "icov": [[0.000177569367224, -0.0001417548483, -0.000114551781735, -0.000302235945128, 7.94536463218e-05, -0.000261941895587, 0.000404379010433, -0.000349905341864, 0.000338733050739, -9.36261130846e-05, 0.000531809055246, -8.10919082141e-05, 0.000251706020208], [-0.0001417548483, 0.00189065316226, 0.000209547186387, 0.000228753269766, -0.000861209176946, 0.000503501447383, -0.000645997119136, 0.00155243719928, -0.00260498211719, 0.00242748809978, -0.00177418033127, 0.00131102511659, -0.000910686911084], [-0.000114551781735, 0.000209547186387, 0.00225557223894, -1.98328507395e-07, -0.0012916806154, -0.00116849620827, -0.000947345630266, 0.0012308062287, 0.000142229284393, -0.00120819394942, 0.000776512373704, -0.000969211396296, 0.00140265445225], [-0.000302235945128, 0.000228753269766, -1.98328507395e-07, 0.00418713921681, 0.000810697034467, -0.00169261090923, -0.00087301566964, 0.000230185134569, -0.000526919669937, 0.00119356089272, -0.00145700306166, 0.000369534187485, 0.000102797908767], [7.94536463218e-05, -0.000861209176946, -0.0012916806154, 0.000810697034467, 0.0062398975715, 0.000333795615006, -0.00110681483056, -0.00231285952032, -0.0010581513634, 0.00185556255747, 0.00042146834312, -0.00172272208147, 0.00119599339087], [-0.000261941895587, 0.000503501447383, -0.00116849620827, -0.00169261090923, 0.000333795615006, 0.0115546034649, -0.00235288124532, -0.00229397485964, 0.00202150666155, -0.00151152943727, -0.00199724826962, 0.00364244286902, -0.00383839267306], [0.000404379010433, -0.000645997119136, -0.000947345630266, -0.00087301566964, -0.00110681483056, -0.00235288124532, 0.0122973900288, -0.00131333211903, -0.00247320975177, -5.38026324648e-06, 0.00155834318139, -0.00217926176265, -0.000193044543266], [-0.000349905341864, 0.00155243719928, 0.0012308062287, 0.000230185134569, -0.00231285952032, -0.00229397485964, -0.00131333211903, 0.0139645207673, -0.00547766732052, -0.00143373780884, 0.00260854675435, -0.00288289180025, -0.0011286084773], [0.000338733050739, -0.00260498211719, 0.000142229284393, -0.000526919669937, -0.0010581513634, 0.00202150666155, -0.00247320975177, -0.00547766732052, 0.0236796736717, -0.00631673960015, -0.00497507257387, 0.00558904046193, -0.00337674631737], [-9.36261130846e-05, 0.00242748809978, -0.00120819394942, 0.00119356089272, 0.00185556255747, -0.00151152943727, -5.38026324648e-06, -0.00143373780884, -0.00631673960015, 0.0208308938891, -0.00513452058658, -0.00555919390172, 0.00499174697325], [0.000531809055246, -0.00177418033127, 0.000776512373704, -0.00145700306166, 0.00042146834312, -0.00199724826962, 0.00155834318139, 0.00260854675435, -0.00497507257387, -0.00513452058658, 0.0192158129066, -0.00500019825995, -0.00156043213792], [-8.10919082141e-05, 0.00131102511659, -0.000969211396296, 0.000369534187485, -0.00172272208147, 0.00364244286902, -0.00217926176265, -0.00288289180025, 0.00558904046193, -0.00555919390172, -0.00500019825995, 0.0256732925773, -0.0103906905279], [0.000251706020208, -0.000910686911084, 0.00140265445225, 0.000102797908767, 0.00119599339087, -0.00383839267306, -0.000193044543266, -0.0011286084773, -0.00337674631737, 0.00499174697325, -0.00156043213792, -0.0103906905279, 0.0258297920227]]}, "melbands": {"dmean": [0.00132055592258, 0.00240129651502, 0.00134310836438, 0.00103012367617, 0.000234182487475, 0.000303577806335, 0.000272060744464, 0.000252236553933, 5.08352131874e-05, 5.50106415176e-05, 6.32743540336e-05, 5.55124461243e-05, 3.35479817295e-05, 1.70699022419e-05, 1.80371298484e-05, 1.657860048e-05, 1.68702172232e-05, 7.92523132986e-06, 7.20416119293e-06, 5.60259513804e-06, 4.97628388985e-06, 4.89141348226e-06, 4.60912542621e-06, 1.9882406832e-06, 1.53519226842e-06, 1.53238067924e-06, 1.3668544625e-06, 1.31237425194e-06, 1.14754061542e-06, 1.01649129647e-06, 1.27867963329e-06, 1.39237567964e-06, 1.1546579799e-06, 9.82762458079e-07, 1.03740535451e-06, 6.40622545234e-07, 3.80504047826e-07, 3.99557706032e-07, 3.69042794546e-07, 2.61821696768e-07], "dmean2": [0.00225688982755, 0.00423485599458, 0.00221444596536, 0.00167232600506, 0.000364359962987, 0.000477546069305, 0.000389482709579, 0.000383592414437, 7.70563492551e-05, 7.74506988819e-05, 8.71299489518e-05, 7.85592419561e-05, 5.06670075993e-05, 2.66553342954e-05, 2.91575288429e-05, 2.66029601335e-05, 2.69667325483e-05, 1.28772080643e-05, 1.20272061395e-05, 9.43334816839e-06, 8.18940588942e-06, 7.57335919843e-06, 6.85475197315e-06, 3.2009129427e-06, 2.47556499744e-06, 2.45319256464e-06, 2.15362206291e-06, 2.0215782115e-06, 1.731053203e-06, 1.5109984588e-06, 1.85774320016e-06, 1.98983457267e-06, 1.64518837664e-06, 1.37647487009e-06, 1.53361804678e-06, 9.37492131925e-07, 5.54299845135e-07, 5.81691494972e-07, 5.17528235378e-07, 3.75092866989e-07], "dvar": [1.67801481439e-05, 5.06911128468e-05, 7.95804498921e-06, 8.68010192789e-06, 1.36856911581e-07, 1.44478335073e-07, 1.32840042966e-07, 1.36800380801e-07, 6.34761443408e-09, 1.08052704562e-08, 1.52467602987e-08, 1.78098247261e-08, 5.50065726301e-09, 9.92847803971e-10, 1.70258240839e-09, 1.11580622519e-09, 1.02908703781e-09, 4.2387846011e-10, 2.05522654451e-10, 1.58130633587e-10, 2.21115251109e-10, 7.82183484649e-10, 5.06210573459e-10, 1.87986692185e-11, 1.09944466725e-11, 8.90792474506e-12, 7.80106448189e-12, 7.41495753687e-12, 6.5633548943e-12, 5.79999676759e-12, 1.01846187733e-11, 1.1557392196e-11, 8.53956575592e-12, 7.37956744323e-12, 1.22525340568e-11, 2.92211697547e-12, 5.33861203942e-13, 5.98378280519e-13, 5.62602644593e-13, 2.99140351162e-13], "dvar2": [4.41100382886e-05, 0.000141217911732, 2.02388291655e-05, 2.1914482204e-05, 3.58301718961e-07, 3.81792460757e-07, 2.51892601e-07, 3.38265635946e-07, 1.48776271303e-08, 1.85743829206e-08, 2.54665426525e-08, 3.16106607556e-08, 1.08888116301e-08, 2.1877202272e-09, 4.4015089351e-09, 2.70542410696e-09, 2.34741204252e-09, 1.05168629361e-09, 5.62185964448e-10, 4.59029425581e-10, 6.4618393969e-10, 1.32909172557e-09, 7.02636171468e-10, 4.91285276349e-11, 2.90685704674e-11, 2.10535287121e-11, 1.86688876164e-11, 1.66565008314e-11, 1.35113196673e-11, 1.15037883733e-11, 1.9588495756e-11, 2.16265443054e-11, 1.59851801934e-11, 1.36372068152e-11, 2.79573031392e-11, 6.18420505777e-12, 1.09702958523e-12, 1.20732872484e-12, 1.10665112057e-12, 6.14040177212e-13], "max": [0.0434729084373, 0.0737756043673, 0.0274220947176, 0.0333996750414, 0.00917725265026, 0.00885966978967, 0.0108209168538, 0.00656893383712, 0.00152426818386, 0.00511123193428, 0.00487258611247, 0.00448256032541, 0.00312552857213, 0.00149865914136, 0.00103486294392, 0.000756643887144, 0.0008460910758, 0.000743146345485, 0.000298197381198, 0.000333919510012, 0.000507045013364, 0.00185461633373, 0.00143863144331, 0.000130269268993, 7.8922144894e-05, 5.53480495e-05, 5.15043575433e-05, 3.77225733246e-05, 3.7357214751e-05, 3.3333661122e-05, 3.671502418e-05, 4.16934417444e-05, 4.25026082667e-05, 3.7319608964e-05, 6.27730041742e-05, 2.3052927645e-05, 1.01269151855e-05, 1.03939501059e-05, 1.47420432768e-05, 6.78019250699e-06], "mean": [0.00155775831081, 0.00302694039419, 0.00210898160003, 0.00150214647874, 0.000665336614475, 0.000817731604911, 0.000745303696021, 0.000559060601518, 0.00013717985712, 0.000153494664119, 0.000171988882357, 0.000118796167953, 6.28814887023e-05, 3.181721695e-05, 3.22345331369e-05, 3.07862392219e-05, 3.20264371112e-05, 1.43878369272e-05, 1.23979489217e-05, 9.41842972679e-06, 8.93334254215e-06, 1.03532265712e-05, 1.03467264125e-05, 3.42163752975e-06, 2.60929891738e-06, 2.71309318123e-06, 2.3909774427e-06, 2.0989323275e-06, 1.83910628948e-06, 1.62407400239e-06, 1.95427742256e-06, 2.11617339119e-06, 1.85718397461e-06, 1.53802568548e-06, 1.44701766658e-06, 9.93497792479e-07, 7.30032127194e-07, 7.24552137399e-07, 6.17720274931e-07, 3.82727137094e-07], "median": [0.000556712853722, 0.00145107915159, 0.00112058781087, 0.000767079065554, 0.000483840209199, 0.00058591668494, 0.000524927512743, 0.000347249675542, 9.12138348212e-05, 8.02192735136e-05, 7.23117118469e-05, 3.47623426933e-05, 2.91064861813e-05, 1.81445921044e-05, 1.72803629539e-05, 1.57229587785e-05, 1.38360928759e-05, 5.74309160584e-06, 5.55899623578e-06, 4.09442600358e-06, 3.59004206985e-06, 2.82725886791e-06, 2.43786030296e-06, 1.59082878781e-06, 1.24561267967e-06, 1.14401029805e-06, 9.04426485704e-07, 7.05487877894e-07, 5.78210972435e-07, 4.75783963338e-07, 4.57159757161e-07, 4.56547923022e-07, 4.22355441287e-07, 4.33799925759e-07, 3.6441306861e-07, 3.57914558435e-07, 3.05810999635e-07, 2.7398479574e-07, 1.88692141023e-07, 1.1929107302e-07], "min": [1.92725948292e-18, 1.54611347502e-18, 9.61020193423e-19, 4.20525517779e-19, 1.50134547799e-19, 2.9327561956e-19, 7.35941970603e-19, 1.11313240082e-18, 1.06259487072e-18, 5.92707737625e-19, 1.57964988444e-19, 1.36754423177e-19, 2.86696224968e-19, 1.66283375178e-19, 1.18026201079e-19, 6.92495032712e-19, 1.04752539772e-18, 5.18162531014e-19, 6.91294431751e-19, 1.36959912936e-18, 7.31012801333e-19, 3.98179466176e-19, 3.55913638801e-19, 5.45955489403e-20, 1.01993405168e-19, 4.04714115467e-19, 7.76937610448e-19, 7.71779467244e-19, 6.22272568585e-19, 1.49925607146e-19, 2.69595377328e-19, 6.21267027153e-19, 1.02634202601e-18, 6.77335810613e-19, 3.32286387827e-19, 7.87734695586e-19, 9.42828217006e-19, 3.55873210349e-19, 5.35796625807e-19, 6.84661063624e-19], "var": [1.39343283081e-05, 4.02551049774e-05, 9.29824000195e-06, 8.00320867711e-06, 4.61396695073e-07, 6.52004359836e-07, 6.56746408367e-07, 4.04730513992e-07, 2.1437866593e-08, 6.82356500192e-08, 1.06989894277e-07, 7.90140433082e-08, 1.6146620041e-08, 2.29983121436e-09, 3.22684234888e-09, 2.64429567132e-09, 3.64858432356e-09, 1.03154484954e-09, 3.95142862875e-10, 2.75399786309e-10, 4.7992215757e-10, 3.45972606119e-09, 2.80676881736e-09, 3.51228594819e-11, 1.80449093168e-11, 1.72198019732e-11, 1.47351957025e-11, 1.27444088269e-11, 1.17149935586e-11, 1.02361600099e-11, 1.77184152766e-11, 2.04332349651e-11, 1.5419379315e-11, 1.21928673755e-11, 1.4566835585e-11, 4.21509355197e-12, 1.17056028499e-12, 1.4411458138e-12, 1.24756856321e-12, 4.49933710081e-13]}, "mfcc": {"mean": [-659.275695801, 150.965698242, 24.0615024567, 13.4400005341, 0.29098379612, 4.16839742661, -7.76412439346, -0.89926213026, -6.36162996292, -1.02272212505, -0.572679579258, 1.00987780094, -0.259650975466], "cov": [[5957.45458984, -551.240722656, 394.637756348, 261.848327637, 105.094665527, 117.339759827, 91.7871398926, 51.8737106323, 120.278831482, 78.01978302, -48.6862106323, -95.8933563232, -124.259460449], [-551.240722656, 1377.60424805, -175.402618408, 18.3038196564, 102.357719421, 23.228012085, -66.5149230957, 59.7797241211, -21.7743034363, -3.48408508301, 20.9376735687, 20.1776638031, 21.0463695526], [394.637756348, -175.402618408, 425.24810791, 72.6447906494, 19.7828216553, 91.2530822754, 69.5657577515, 5.13628864288, 15.9047851562, 8.95650577545, 21.2572460175, 2.03825378418, 7.55716323853], [261.848327637, 18.3038196564, 72.6447906494, 179.99710083, 34.1716995239, 53.5523796082, 20.7177448273, 29.5913257599, 14.1984043121, 1.91470277309, 9.63785743713, 10.6948041916, 10.0634260178], [105.094665527, 102.357719421, 19.7828216553, 34.1716995239, 139.898269653, 18.5136795044, 23.9214954376, 26.5222187042, 19.9967556, 10.3651218414, 3.01282572746, 13.1343479156, 7.56805181503], [117.339759827, 23.228012085, 91.2530822754, 53.5523796082, 18.5136795044, 110.463111877, 35.2474899292, 17.0873966217, 3.86252427101, 6.59198522568, 12.603556633, -4.63305425644, 2.5318145752], [91.7871398926, -66.5149230957, 69.5657577515, 20.7177448273, 23.9214954376, 35.2474899292, 86.2346496582, 31.6133708954, 21.3554611206, 13.5307922363, 8.56669998169, 4.71478128433, 1.9863910675], [51.8737106323, 59.7797241211, 5.13628864288, 29.5913257599, 26.5222187042, 17.0873966217, 31.6133708954, 78.8104629517, 39.7986106873, 12.6958847046, 2.44831109047, 2.04550385475, 2.77411580086], [120.278831482, -21.7743034363, 15.9047851562, 14.1984043121, 19.9967556, 3.86252427101, 21.3554611206, 39.7986106873, 78.1791534424, 28.5838947296, 1.38489973545, -4.51827430725, 0.834574222565], [78.01978302, -3.48408508301, 8.95650577545, 1.91470277309, 10.3651218414, 6.59198522568, 13.5307922363, 12.6958847046, 28.5838947296, 65.0012207031, 21.990486145, -0.775178015232, -4.13401031494], [-48.6862106323, 20.9376735687, 21.2572460175, 9.63785743713, 3.01282572746, 12.603556633, 8.56669998169, 2.44831109047, 1.38489973545, 21.990486145, 57.5411682129, 25.3658103943, 1.08144974709], [-95.8933563232, 20.1776638031, 2.03825378418, 10.6948041916, 13.1343479156, -4.63305425644, 4.71478128433, 2.04550385475, -4.51827430725, -0.775178015232, 25.3658103943, 61.7991371155, 27.9750537872], [-124.259460449, 21.0463695526, 7.55716323853, 10.0634260178, 7.56805181503, 2.5318145752, 1.9863910675, 2.77411580086, 0.834574222565, -4.13401031494, 1.08144974709, 27.9750537872, 62.9119873047]], "icov": [[0.000215772044612, 6.97559589753e-05, -0.000137733237352, -0.000274055695627, -0.00013533893798, -2.77088292933e-05, 6.9983121648e-05, 3.0242406865e-05, -0.0001546554995, -0.000237939384533, 0.000325718254317, 3.64210864063e-05, 0.000441699812654], [6.97559589753e-05, 0.000995582668111, 0.000318108359352, 3.26537519868e-05, -0.000819487613626, -0.000584916386288, 0.00123230554163, -0.00123983377125, 0.000670208886731, -5.21614347235e-05, -0.000447306549177, 0.000155328409164, -0.000174534274265], [-0.000137733237352, 0.000318108359352, 0.00347836781293, -0.000496950640809, -0.000109156426333, -0.00201532919891, -0.00173954688944, 0.00118070119061, -0.000500128371641, 0.000648140558042, -0.00117889710236, 0.000405600760132, -0.000730570813175], [-0.000274055695627, 3.26537519868e-05, -0.000496950640809, 0.0075423209928, -0.000882742344402, -0.0028479907196, 0.00113490864169, -0.00224410602823, -3.31429000653e-05, 0.000949350069277, -0.000569977040868, -0.00114165747073, -0.000834792095702], [-0.00013533893798, -0.000819487613626, -0.000109156426333, -0.000882742344402, 0.00893403310329, -0.000145144076669, -0.00209199823439, -0.000316413905239, -0.00127232423984, -0.000760531751439, 0.00162332993932, -0.0023690930102, 0.000164733748534], [-2.77088292933e-05, -0.000584916386288, -0.00201532919891, -0.0028479907196, -0.000145144076669, 0.0141006195918, -0.00395958032459, -0.000668950262479, 0.00185786618385, 2.48223532253e-05, -0.00285619078204, 0.004025997594, -0.0013210400939], [6.9983121648e-05, 0.00123230554163, -0.00173954688944, 0.00113490864169, -0.00209199823439, -0.00395958032459, 0.0186831541359, -0.00695587554947, 2.23931401706e-05, -0.00156571692787, -0.000110787477752, -0.00169407890644, 0.000533244747203], [3.0242406865e-05, -0.00123983377125, 0.00118070119061, -0.00224410602823, -0.000316413905239, -0.000668950262479, -0.00695587554947, 0.0222709607333, -0.0100462948903, 0.0012198392069, 0.000701428100001, -0.000605812412687, 0.000464966899017], [-0.0001546554995, 0.000670208886731, -0.000500128371641, -3.31429000653e-05, -0.00127232423984, 0.00185786618385, 2.23931401706e-05, -0.0100462948903, 0.021639963612, -0.00787346996367, 0.00159979506861, 0.00185525091365, -0.00160064012744], [-0.000237939384533, -5.21614347235e-05, 0.000648140558042, 0.000949350069277, -0.000760531751439, 2.48223532253e-05, -0.00156571692787, 0.0012198392069, -0.00787346996367, 0.0228469204158, -0.0106982477009, 0.00408975826576, -0.00062503782101], [0.000325718254317, -0.000447306549177, -0.00117889710236, -0.000569977040868, 0.00162332993932, -0.00285619078204, -0.000110787477752, 0.000701428100001, 0.00159979506861, -0.0106982477009, 0.0292489249259, -0.0146081605926, 0.00618680100888], [3.64210864063e-05, 0.000155328409164, 0.000405600760132, -0.00114165747073, -0.0023690930102, 0.004025997594, -0.00169407890644, -0.000605812412687, 0.00185525091365, 0.00408975826576, -0.0146081605926, 0.0289507694542, -0.0120212407783], [0.000441699812654, -0.000174534274265, -0.000730570813175, -0.000834792095702, 0.000164733748534, -0.0013210400939, 0.000533244747203, 0.000464966899017, -0.00160064012744, -0.00062503782101, 0.00618680100888, -0.0120212407783, 0.0222626179457]]}, "spectral_contrast_coeffs": {"dmean": [0.0501441285014, 0.0420340299606, 0.035536557436, 0.0280378870666, 0.0182986464351, 0.0148345082998], "dmean2": [0.0821690931916, 0.0678304731846, 0.0565379485488, 0.0458376556635, 0.0298298727721, 0.0240787342191], "dvar": [0.00199082051404, 0.00118005112745, 0.00082778261276, 0.000477572262753, 0.000253041042015, 0.000215423540794], "dvar2": [0.00498159928247, 0.00301596405916, 0.00203736545518, 0.00126457691658, 0.000620765495114, 0.000491309387144], "max": [-0.285299867392, -0.453378170729, -0.469258695841, -0.542755126953, -0.539575278759, -0.650657057762], "mean": [-0.614909589291, -0.675212323666, -0.745203316212, -0.777123391628, -0.804883360863, -0.787036478519], "median": [-0.619106650352, -0.674632787704, -0.747039794922, -0.781727075577, -0.810168027878, -0.787221074104], "min": [-0.967007339001, -0.954573571682, -0.966680943966, -0.960377633572, -0.954822957516, -0.941255331039], "var": [0.00674346461892, 0.0046527707018, 0.00410977751017, 0.0026693539694, 0.00189389998559, 0.000971647095867]}, "spectral_contrast_valleys": {"dmean": [0.399374753237, 0.294745087624, 0.286009371281, 0.248152270913, 0.237173810601, 0.291560173035], "dmean2": [0.641122996807, 0.479978740215, 0.460859954357, 0.392011016607, 0.346052914858, 0.359713017941], "dvar": [0.134440049529, 0.0682487115264, 0.0624745301902, 0.0590411946177, 0.092646420002, 0.178558260202], "dvar2": [0.30068385601, 0.158513247967, 0.142970278859, 0.118323288858, 0.172547116876, 0.311671942472], "max": [-4.75089550018, -4.3037147522, -5.44857740402, -6.06779003