{"lowlevel": {"average_loudness": 0.480260550976, "barkbands_crest": {"dmean": 2.03170633316, "dmean2": 3.35419940948, "dvar": 5.81250905991, "dvar2": 16.120923996, "max": 25.2537097931, "mean": 10.9429063797, "median": 10.1077547073, "min": 2.60471081734, "var": 17.9013442993}, "barkbands_flatness_db": {"dmean": 0.022114366293, "dmean2": 0.0338057391346, "dvar": 0.000644435582217, "dvar2": 0.00153138989117, "max": 0.463254183531, "mean": 0.16180446744, "median": 0.15007686615, "min": 0.0185583587736, "var": 0.00517287803814}, "barkbands_kurtosis": {"dmean": 2.10307478905, "dmean2": 3.52352786064, "dvar": 28.6061401367, "dvar2": 81.5147476196, "max": 258.018585205, "mean": 3.47040700912, "median": 2.02658677101, "min": -1.72028982639, "var": 42.6168136597}, "barkbands_skewness": {"dmean": 0.403933882713, "dmean2": 0.657064914703, "dvar": 0.303588867188, "dvar2": 0.820007443428, "max": 14.8958063126, "mean": 1.6596583128, "median": 1.54109275341, "min": -1.774538517, "var": 0.879211425781}, "barkbands_spread": {"dmean": 5.28208494186, "dmean2": 8.75228977203, "dvar": 66.1180953979, "dvar2": 166.118225098, "max": 131.603652954, "mean": 24.8858623505, "median": 19.8844146729, "min": 0.799392580986, "var": 497.076202393}, "dissonance": {"dmean": 0.015133369714, "dmean2": 0.0252379197627, "dvar": 0.000273217272479, "dvar2": 0.000780091446359, "max": 0.500000238419, "mean": 0.459222465754, "median": 0.465913951397, "min": 0.158792823553, "var": 0.00104196567554}, "dynamic_complexity": 4.88793087006, "erbbands_crest": {"dmean": 1.78183674812, "dmean2": 2.71202421188, "dvar": 3.4208688736, "dvar2": 7.62841939926, "max": 29.9031581879, "mean": 9.00510120392, "median": 7.91992473602, "min": 2.28153276443, "var": 20.4641361237}, "erbbands_flatness_db": {"dmean": 0.0185388866812, "dmean2": 0.0240204688162, "dvar": 0.000526781077497, "dvar2": 0.000921885774005, "max": 0.480899870396, "mean": 0.165321037173, "median": 0.156674385071, "min": 0.0309753380716, "var": 0.00512621924281}, "erbbands_kurtosis": {"dmean": 0.416774362326, "dmean2": 0.656652629375, "dvar": 0.361888468266, "dvar2": 0.888245522976, "max": 17.2647953033, "mean": -0.204956978559, "median": -0.497219204903, "min": -1.67354476452, "var": 1.50026369095}, "erbbands_skewness": {"dmean": 0.216704368591, "dmean2": 0.332964122295, "dvar": 0.0486104637384, "dvar2": 0.115747138858, "max": 3.1917681694, "mean": 0.0927259624004, "median": 0.0305231641978, "min": -1.56711399555, "var": 0.35412427783}, "erbbands_spread": {"dmean": 6.07571268082, "dmean2": 9.2091588974, "dvar": 59.1106987, "dvar2": 133.874282837, "max": 106.919311523, "mean": 39.0301475525, "median": 38.4244766235, "min": 2.68119192123, "var": 212.903518677}, "hfc": {"dmean": 5.34931755066, "dmean2": 8.39049816132, "dvar": 128.286880493, "dvar2": 324.336334229, "max": 132.90536499, "mean": 18.6962108612, "median": 15.7203235626, "min": 1.23163063924e-16, "var": 319.163574219}, "melbands_crest": {"dmean": 2.32422852516, "dmean2": 3.80109858513, "dvar": 5.98894119263, "dvar2": 15.7053852081, "max": 34.6098136902, "mean": 15.3613920212, "median": 13.8572425842, "min": 1.83457827568, "var": 38.79870224}, "melbands_flatness_db": {"dmean": 0.0252773948014, "dmean2": 0.0401894897223, "dvar": 0.000945088046137, "dvar2": 0.00240400596522, "max": 0.621622622013, "mean": 0.233977079391, "median": 0.219164669514, "min": 0.00847342703491, "var": 0.00800740532577}, "melbands_kurtosis": {"dmean": 5.32967758179, "dmean2": 8.75616931915, "dvar": 133.713912964, "dvar2": 367.778381348, "max": 408.493499756, "mean": 12.8285942078, "median": 8.58803367615, "min": -1.5240342617, "var": 236.084121704}, "melbands_skewness": {"dmean": 0.546710908413, "dmean2": 0.868170559406, "dvar": 0.556585729122, "dvar2": 1.4329097271, "max": 14.2673788071, "mean": 2.85923314095, "median": 2.64294815063, "min": -0.807649552822, "var": 1.95625734329}, "melbands_spread": {"dmean": 5.0050702095, "dmean2": 8.26138305664, "dvar": 47.1299438477, "dvar2": 120.387825012, "max": 123.690299988, "mean": 22.0064430237, "median": 16.6344299316, "min": 0.66389799118, "var": 359.497070312}, "pitch_salience": {"dmean": 0.0559257268906, "dmean2": 0.091835513711, "dvar": 0.00387239037082, "dvar2": 0.0105825811625, "max": 0.870134711266, "mean": 0.479606419802, "median": 0.491300106049, "min": 0.0677399858832, "var": 0.016731435433}, "silence_rate_20dB": {"dmean": 0, "dmean2": 0, "dvar": 0, "dvar2": 0, "max": 1, "mean": 1, "median": 1, "min": 1, "var": 0}, "silence_rate_30dB": {"dmean": 0.0478222034872, "dmean2": 0.095653899014, "dvar": 0.0455366410315, "dvar2": 0.102186463773, "max": 1, "mean": 0.941468238831, "median": 1, "min": 0, "var": 0.0551015585661}, "silence_rate_60dB": {"dmean": 0.0119059430435, "dmean2": 0.0238142497838, "dvar": 0.0117642581463, "dvar2": 0.0270199906081, "max": 1, "mean": 0.173115074635, "median": 0, "min": 0, "var": 0.143142879009}, "spectral_centroid": {"dmean": 195.168518066, "dmean2": 320.254302979, "dvar": 63296.8242188, "dvar2": 152863.578125, "max": 11153.5292969, "mean": 1408.24255371, "median": 1300.30419922, "min": 201.781570435, "var": 633427.3125}, "spectral_complexity": {"dmean": 2.96180176735, "dmean2": 4.75610256195, "dvar": 21.0631694794, "dvar2": 50.122127533, "max": 56, "mean": 16.5327377319, "median": 16, "min": 0, "var": 103.024833679}, "spectral_decrease": {"dmean": 2.99388358549e-09, "dmean2": 4.97729191196e-09, "dvar": 5.22195448023e-17, "dvar2": 1.40555363483e-16, "max": 5.95573974149e-29, "mean": -9.15788778144e-09, "median": -5.88516346767e-09, "min": -1.00288460203e-07, "var": 1.03321006114e-16}, "spectral_energy": {"dmean": 0.0115817869082, "dmean2": 0.019121998921, "dvar": 0.000763420364819, "dvar2": 0.00204124790616, "max": 0.383911192417, "mean": 0.0362596586347, "median": 0.0238516293466, "min": 1.09464615167e-20, "var": 0.00156541739125}, "spectral_energyband_high": {"dmean": 0.000449138547992, "dmean2": 0.000736218527891, "dvar": 1.1180244428e-06, "dvar2": 2.9657601317e-06, "max": 0.0103481905535, "mean": 0.000653692055494, "median": 0.000267548515694, "min": 7.8024069773e-21, "var": 1.18722346087e-06}, "spectral_energyband_low": {"dmean": 0.00946761760861, "dmean2": 0.0161285120994, "dvar": 0.000723448290955, "dvar2": 0.00199631857686, "max": 0.36652842164, "mean": 0.020721456036, "median": 0.004979966674, "min": 2.69860259553e-23, "var": 0.00106451602187}, "spectral_energyband_middle_high": {"dmean": 0.000887764443178, "dmean2": 0.00134181731846, "dvar": 1.80994538823e-06, "dvar2": 4.2826304707e-06, "max": 0.0277726892382, "mean": 0.00485475268215, "median": 0.00344359502196, "min": 1.60731563069e-21, "var": 1.9905886802e-05}, "spectral_energyband_middle_low": {"dmean": 0.00381606328301, "dmean2": 0.00625888910145, "dvar": 6.35970354779e-05, "dvar2": 0.000169982493389, "max": 0.138619318604, "mean": 0.0121724409983, "median": 0.00961264781654, "min": 3.65124610769e-22, "var": 0.000137293856824}, "spectral_entropy": {"dmean": 0.1955614537, "dmean2": 0.280097186565, "dvar": 0.070350497961, "dvar2": 0.145681813359, "max": 9.80503559113, "mean": 7.27887773514, "median": 7.25527906418, "min": 4.83093595505, "var": 0.453593313694}, "spectral_flux": {"dmean": 0.0244029331952, "dmean2": 0.0362596660852, "dvar": 0.00174061243888, "dvar2": 0.00332093890756, "max": 0.49117654562, "mean": 0.0627216100693, "median": 0.0452861748636, "min": 1.04625336173e-10, "var": 0.0040767416358}, "spectral_kurtosis": {"dmean": 3.78680992126, "dmean2": 6.51883220673, "dvar": 130.106384277, "dvar2": 362.386474609, "max": 300.416687012, "mean": 12.0537490845, "median": 4.48002243042, "min": -1.1865581274, "var": 1075.29492188}, "spectral_rms": {"dmean": 0.000716033333447, "dmean2": 0.00113538024016, "dvar": 1.68702979408e-06, "dvar2": 4.28798193752e-06, "max": 0.0193532295525, "mean": 0.00500591378659, "median": 0.00482388678938, "min": 3.26794646031e-12, "var": 1.03157253761e-05}, "spectral_rolloff": {"dmean": 491.941864014, "dmean2": 875.053710938, "dvar": 1200224.625, "dvar2": 3223209.75, "max": 19229.1503906, "mean": 1706.65551758, "median": 882.861328125, "min": 86.1328125, "var": 7792153}, "spectral_skewness": {"dmean": 0.308457195759, "dmean2": 0.52439892292, "dvar": 0.333479166031, "dvar2": 0.926263153553, "max": 13.5661220551, "mean": 1.87521874905, "median": 1.50640881062, "min": -0.00741285923868, "var": 2.63400435448}, "spectral_spread": {"dmean": 662549.6875, "dmean2": 926072.75, "dvar": 1027335061500.0, "dvar2": 1948444393470.0, "max": 40776036, "mean": 4314174.5, "median": 3736905.5, "min": 308845.34375, "var": 4892974383100.0}, "spectral_strongpeak": {"dmean": 0.265064060688, "dmean2": 0.460031956434, "dvar": 0.27160564065, "dvar2": 0.683669924736, "max": 8.93811607361, "mean": 0.690212011337, "median": 0.508710861206, "min": 0, "var": 0.605432808399}, "zerocrossingrate": {"dmean": 0.00916776061058, "dmean2": 0.0119234034792, "dvar": 0.000155634290422, "dvar2": 0.000238354943576, "max": 0.517578125, "mean": 0.05790008232, "median": 0.0458984375, "min": 0.00341796875, "var": 0.00241838418879}, "barkbands": {"dmean": [8.78012579051e-05, 0.00750161753967, 0.0024148710072, 0.00158479507081, 0.00208517117426, 0.000601604173426, 0.000293363205856, 0.00044717968558, 0.000243860573391, 0.000351057213265, 0.000206519223866, 0.000191802086192, 0.000150569103425, 0.000176332425326, 0.000195983957383, 0.000172862914042, 0.000247491756454, 0.000137663737405, 0.000156633395818, 0.00015999149764, 8.79719300428e-05, 6.89868975314e-05, 9.58019300015e-05, 4.6979614126e-05, 5.32984631718e-05, 4.41275842604e-05, 1.79922590178e-05], "dmean2": [0.000150373962242, 0.0131019782275, 0.00409964984283, 0.00271051423624, 0.00352499797009, 0.00096757611027, 0.000434663001215, 0.00058978778543, 0.000351306924131, 0.000468385609565, 0.000279614527244, 0.000268771866104, 0.000219931200263, 0.000260699773207, 0.000313461845508, 0.000281945511233, 0.000376532669179, 0.000209640129469, 0.000242330643232, 0.000247293908615, 0.000148240898852, 0.000119756979984, 0.000172187399585, 7.61532573961e-05, 8.39506756165e-05, 7.05036218278e-05, 2.92434888252e-05], "dvar": [6.52053344652e-08, 0.000518807792105, 4.71942948934e-05, 8.32064051792e-06, 3.79399643862e-05, 1.65812673458e-06, 3.95900116246e-07, 1.85718124612e-06, 5.3398161981e-07, 7.93572098701e-07, 1.65635626104e-07, 3.26834879161e-07, 1.55993930662e-07, 9.30792509735e-08, 1.17360784202e-07, 8.97730529914e-08, 2.11143941442e-07, 9.52557073219e-08, 6.96039634818e-08, 7.44109343032e-08, 4.11869578443e-08, 3.79207811818e-08, 9.52689021005e-08, 1.8960903958e-08, 2.20126796791e-08, 1.63232058981e-08, 2.54183518678e-09], "dvar2": [1.79839219072e-07, 0.00145538465586, 0.000133706402266, 2.33472437685e-05, 0.000106040293758, 4.7813709898e-06, 8.19865704216e-07, 3.17459011967e-06, 9.42169208429e-07, 1.43297893374e-06, 2.8547697184e-07, 6.67812571464e-07, 2.9817690006e-07, 1.8648360367e-07, 2.92851723316e-07, 2.33740109934e-07, 4.74942169149e-07, 1.75176936068e-07, 1.65143802633e-07, 1.80845304953e-07, 1.14425041886e-07, 1.05901705183e-07, 2.7177165407e-07, 4.94099801074e-08, 5.446254292e-08, 4.12671496974e-08, 6.39543262793e-09], "max": [0.00244137458503, 0.29955509305, 0.11441552639, 0.0454599633813, 0.104664951563, 0.0274709165096, 0.0200146436691, 0.0478468239307, 0.0212349724025, 0.033691957593, 0.016589153558, 0.0180844273418, 0.0109375044703, 0.00725892372429, 0.00817939080298, 0.00551058538258, 0.00970669090748, 0.00743438676, 0.00563132483512, 0.00439771823585, 0.00279119610786, 0.00174099358264, 0.00262585002929, 0.00199471251108, 0.00189567275811, 0.0016032634303, 0.000515389314387], "mean": [9.14570337045e-05, 0.0136431707069, 0.00528483418748, 0.0027554242406, 0.00391267798841, 0.0016737934202, 0.000804429117125, 0.00145751959644, 0.000672343478072, 0.00125075818505, 0.000533132522833, 0.000525137642398, 0.000373685586965, 0.000342181621818, 0.000448396836873, 0.00030258091283, 0.000592352880631, 0.0003059739538, 0.000422403012635, 0.00040922939661, 0.00015188602265, 7.55833243602e-05, 7.6078082202e-05, 4.80583112221e-05, 5.24100796611e-05, 3.91253925045e-05, 1.50205150931e-05], "median": [1.54711074174e-06, 0.00212918128818, 0.00145956198685, 0.00109472579788, 0.00220844661817, 0.000730923726223, 0.000347048742697, 0.00052013079403, 0.000144532328704, 0.000262314919382, 0.000164053461049, 0.000115479662782, 8.87362402864e-05, 0.000162425378221, 0.000171804975253, 0.00014092962374, 0.000207197153941, 9.64734717854e-05, 0.000167223843164, 0.000133562367409, 6.031830344e-05, 2.10198559216e-05, 8.42964254844e-06, 6.51056598144e-06, 4.77899766338e-06, 1.84195664588e-06, 4.60670293023e-07], "min": [7.58086415789e-24, 1.18759798617e-23, 2.47391236941e-24, 9.71932644357e-24, 9.56036813126e-23, 2.47857288076e-23, 6.60181472599e-23, 4.4580883715e-23, 9.78919459176e-23, 1.3879848593e-22, 9.89999231471e-23, 1.02623508384e-22, 9.79522779997e-23, 1.18771364896e-22, 1.53344664504e-22, 1.57115899258e-22, 5.25034137861e-23, 1.82200287649e-22, 2.4027685858e-22, 5.22946824528e-22, 2.64238944027e-22, 5.39440151629e-22, 5.98004427926e-22, 8.5685430339e-22, 1.22274419759e-21, 1.92831249838e-21, 2.41167557011e-21], "var": [5.75282612658e-08, 0.00063139264239, 8.53821620694e-05, 1.71497686097e-05, 3.84489139833e-05, 6.13397833149e-06, 1.78776087978e-06, 1.14495869639e-05, 3.01354134535e-06, 7.20482466932e-06, 8.61380271999e-07, 1.58266595918e-06, 9.23841525946e-07, 2.99510986679e-07, 5.20829814832e-07, 1.97979133532e-07, 8.20784578082e-07, 4.40740222984e-07, 3.32803097081e-07, 3.07995293269e-07, 5.66205606845e-08, 2.99723907915e-08, 6.10674959489e-08, 1.70593885684e-08, 2.06633536948e-08, 1.38962228391e-08, 2.11943440576e-09]}, "erbbands": {"dmean": [0.16649800539, 1.85181713104, 3.05492687225, 3.97183799744, 6.90412759781, 6.55060958862, 5.24983978271, 5.47011470795, 5.26939249039, 7.17085504532, 6.71737194061, 6.70824766159, 11.070397377, 5.44657230377, 9.50613307953, 9.65959644318, 7.37415838242, 8.9562959671, 10.0823335648, 7.94097328186, 9.79935455322, 9.07645893097, 7.8957285881, 7.79130029678, 7.69673633575, 8.19745063782, 4.42011451721, 2.79670000076, 2.58695960045, 2.74919843674, 2.70120549202, 1.03495895863, 0.816108822823, 0.623662233353, 0.364143878222, 0.199813604355, 0.0797343999147, 0.0197251401842, 0.00307497801259, 0.000180390663445], "dmean2": [0.298676043749, 3.2058699131, 5.16383695602, 6.71054458618, 11.7891359329, 11.1314353943, 8.42068958282, 9.05734443665, 7.57281494141, 9.73564815521, 9.20287132263, 9.48176670074, 14.811255455, 7.62046098709, 12.9300804138, 13.3963785172, 10.7490377426, 13.2060937881, 15.6616830826, 12.9990959167, 15.5368700027, 14.128162384, 12.0117235184, 11.9141521454, 12.1555719376, 12.6657514572, 7.15494394302, 4.85901498795, 4.59188890457, 4.83615970612, 4.88799905777, 1.72360742092, 1.31432056427, 1.00003528595, 0.567022323608, 0.31281760335, 0.12924861908, 0.0322274118662, 0.00501575320959, 0.000293985329336], "dvar": [0.271458178759, 31.234205246, 79.8012619019, 70.4889831543, 340.576782227, 397.921325684, 106.805038452, 169.537826538, 141.064559937, 379.614929199, 802.994812012, 424.234405518, 1022.84729004, 207.155563354, 350.63092041, 826.508728027, 371.031829834, 224.809997559, 347.930450439, 183.991119385, 288.756378174, 238.730331421, 310.983398438, 194.745742798, 202.948944092, 210.119827271, 73.8992233276, 61.1386871338, 54.0913276672, 71.0581359863, 76.4998703003, 8.99826431274, 6.24991846085, 3.26302146912, 1.01320779324, 0.333385497332, 0.0544515959918, 0.00314908660948, 7.55229557399e-05, 2.56691293998e-07], "dvar2": [0.772623062134, 87.4456787109, 225.079956055, 192.880981445, 947.164428711, 1131.10424805, 265.322692871, 519.574523926, 277.400878906, 712.174865723, 1392.62097168, 742.104858398, 1820.28918457, 413.624847412, 612.352416992, 1688.3248291, 714.28125, 446.329620361, 823.277160645, 492.35333252, 711.856750488, 579.476623535, 559.843200684, 411.850280762, 512.217895508, 517.055297852, 196.247375488, 171.880004883, 153.157562256, 201.083206177, 218.627304077, 24.2920246124, 16.1883621216, 8.31198406219, 2.45359992981, 0.821323633194, 0.140751898289, 0.0079469140619, 0.000192246239749, 6.53908045933e-07], "max": [5.14177560806, 79.1954421997, 152.733306885, 127.13469696, 357.08102417, 270.145080566, 272.921325684, 281.628753662, 405.549560547, 854.26763916, 1240.36560059, 624.56060791, 1329.24584961, 370.105194092, 543.144165039, 922.554138184, 522.582519531, 377.575317383, 496.934875488, 314.220489502, 332.144012451, 264.575012207, 514.385498047, 372.472229004, 358.857849121, 279.91003418, 131.301101685, 95.5289382935, 62.8066291809, 83.8225250244, 74.7056121826, 33.3141326904, 40.3425827026, 22.1505813599, 12.5604858398, 7.17179012299, 3.02481150627, 0.548606693745, 0.104243718088, 0.00584423774853], "mean": [0.211873427033, 3.58127212524, 7.43712425232, 8.20630073547, 10.8560857773, 12.1271314621, 12.3713922501, 14.4249362946, 15.9722576141, 23.6986274719, 20.1764965057, 20.4858589172, 41.0903778076, 17.9820556641, 25.8632011414, 28.3338222504, 19.9299068451, 19.3612766266, 24.1711483002, 17.500213623, 22.5796375275, 23.3881530762, 20.9645328522, 18.6849460602, 20.0494689941, 21.5484638214, 10.3016757965, 3.85123968124, 2.81043386459, 2.52813267708, 2.09921383858, 1.02855968475, 0.819662451744, 0.606818318367, 0.356726288795, 0.187261134386, 0.0686853528023, 0.0167675241828, 0.00256711291149, 0.000180529357749], "median": [0.0255881026387, 0.55586451292, 1.62992739677, 3.46043682098, 5.30755615234, 6.60197925568, 6.60894393921, 5.97681903839, 6.1561050415, 8.76599502563, 7.7284784317, 5.38624048233, 8.71598243713, 5.30262374878, 10.3040943146, 7.80867385864, 5.99075460434, 10.9199066162, 9.51766014099, 10.4804935455, 11.6706752777, 10.1540203094, 7.12045955658, 8.66114425659, 7.47349882126, 7.20660591125, 4.57752895355, 1.6318526268, 0.85059940815, 0.400331616402, 0.242451027036, 0.145868062973, 0.0994137227535, 0.0634406805038, 0.0278668142855, 0.0111622819677, 0.00288690673187, 0.000663133396301, 9.44417042774e-05, 4.90201673529e-05], "min": [8.78654733252e-22, 6.34941243159e-22, 2.17062673855e-21, 2.46212910422e-20, 1.76906351722e-19, 2.14853404494e-19, 4.15055062196e-19, 1.98564395851e-19, 4.46474406239e-19, 1.44843213007e-18, 9.7578226543e-19, 2.03727574516e-18, 3.40561135613e-18, 4.37611962137e-18, 4.6610705211e-18, 3.74187392361e-18, 4.67409447984e-18, 8.14559408049e-18, 4.958097017e-18, 9.24003757614e-18, 7.78905772978e-18, 4.2663862549e-18, 1.06015148259e-17, 7.84487918624e-18, 1.70652439259e-17, 2.85836198047e-17, 1.34207978163e-17, 1.06097808417e-17, 1.77135136437e-17, 2.30870741175e-17, 1.47764500602e-17, 1.8243395618e-17, 1.36767605851e-17, 1.10374439718e-17, 1.0574851486e-17, 8.12977094255e-18, 3.3902489578e-18, 1.21813212284e-18, 2.93190885246e-19, 3.77177621841e-20], "var": [0.217919051647, 42.3344726562, 165.992477417, 154.92124939, 362.173217773, 379.727355957, 376.209014893, 518.707458496, 758.150268555, 3104.23486328, 2537.26953125, 2447.38427734, 10126.3642578, 1392.15100098, 1802.11621094, 4123.51123047, 2246.0078125, 781.819702148, 1729.17773438, 463.404754639, 871.227294922, 992.612670898, 1901.99804688, 746.023193359, 909.529785156, 878.410644531, 186.685974121, 50.6512565613, 40.8667984009, 49.5834121704, 47.9824256897, 7.53210496902, 5.51636219025, 2.89397978783, 0.981133282185, 0.303221493959, 0.0439756587148, 0.00263157580048, 6.18107587798e-05, 2.11175617437e-07]}, "gfcc": {"mean": [-75.1246032715, 105.937919617, -113.387252808, 28.9225883484, -36.9167137146, -1.0201253891, -29.003074646, 3.73501706123, -24.1124267578, 0.217968791723, -14.6865310669, -6.34250402451, -9.04235458374], "cov": [[56903.6523438, 5363.03222656, -2212.35229492, 2358.51245117, -867.217773438, -242.447372437, -579.087768555, 243.894973755, -1021.59588623, -119.238105774, -507.292541504, -312.136474609, -137.161102295], [5363.03222656, 4878.49560547, -993.338317871, -462.133789062, 278.78994751, -673.190917969, 136.211883545, -381.78918457, 116.438278198, -219.589096069, 213.990432739, -297.637329102, 172.505126953], [-2212.35229492, -993.338317871, 789.512023926, -151.598068237, 48.0133972168, 199.612197876, -33.3455047607, 91.6113204956, 31.1170215607, 63.8225784302, -52.0046386719, 89.6245422363, -50.5715942383], [2358.51245117, -462.133789062, -151.598068237, 743.669555664, -16.9874687195, 179.152938843, 81.6630325317, 145.642120361, -63.3004341125, 43.0937423706, -16.9005794525, 8.0917301178, 49.1732215881], [-867.217773438, 278.78994751, 48.0133972168, -16.9874687195, 250.915237427, 13.5122528076, 145.161468506, 16.9806289673, 45.54063797, 11.7965049744, 71.0935211182, -1.80942058563, 58.0906829834], [-242.447372437, -673.190917969, 199.612197876, 179.152938843, 13.5122528076, 244.751907349, 49.6240921021, 107.04851532, -15.5357179642, 45.4006729126, -10.4489307404, 47.7553901672, -11.5297517776], [-579.087768555, 136.211883545, -33.3455047607, 81.6630325317, 145.161468506, 49.6240921021, 256.864868164, 89.8234100342, 56.790184021, 2.17118859291, 71.2220993042, 7.3992023468, 75.0212020874], [243.894973755, -381.78918457, 91.6113204956, 145.642120361, 16.9806289673, 107.04851532, 89.8234100342, 176.698959351, 22.7703266144, 36.4316101074, -11.8455142975, 31.0061264038, 19.3261451721], [-1021.59588623, 116.438278198, 31.1170215607, -63.3004341125, 45.54063797, -15.5357179642, 56.790184021, 22.7703266144, 131.689041138, 30.5777645111, 37.7671966553, -10.4225187302, 12.7734537125], [-119.238105774, -219.589096069, 63.8225784302, 43.0937423706, 11.7965049744, 45.4006729126, 2.17118859291, 36.4316101074, 30.5777645111, 99.2838668823, 40.0363883972, 16.9894962311, -11.112622261], [-507.292541504, 213.990432739, -52.0046386719, -16.9005794525, 71.0935211182, -10.4489307404, 71.2220993042, -11.8455142975, 37.7671966553, 40.0363883972, 124.385116577, 19.3537654877, 28.67212677], [-312.136474609, -297.637329102, 89.6245422363, 8.0917301178, -1.80942058563, 47.7553901672, 7.3992023468, 31.0061264038, -10.4225187302, 16.9894962311, 19.3537654877, 97.2319717407, 15.6315641403], [-137.161102295, 172.505126953, -50.5715942383, 49.1732215881, 58.0906829834, -11.5297517776, 75.0212020874, 19.3261451721, 12.7734537125, -11.112622261, 28.67212677, 15.6315641403, 99.1887741089]], "icov": [[5.27836527908e-05, -0.000168813858181, 1.76630346687e-05, -0.000159261850058, 0.000146631064126, -5.31919067726e-05, 4.6256409405e-05, -0.00026406312827, 0.000388659478631, -0.000331413466483, 0.000323564046994, -0.000243674920057, 0.000236640335061], [-0.000168813858181, 0.00112822302617, 0.000250672106631, 0.000637118297163, -0.000935772375669, 0.000905851658899, -1.57473209583e-06, 0.00101578468457, -0.00142032338772, 0.00191600515973, -0.00192221603356, 0.00194283155724, -0.00127999938559], [1.76630346687e-05, 0.000250672106631, 0.00289478269406, 0.00115047558211, -0.00150553567801, -0.00195601396263, 0.00102329929359, -0.000581109779887, -0.000681337725837, -0.000746956910007, 0.00164975435473, -0.00120366015472, 0.000204497642699], [-0.000159261850058, 0.000637118297163, 0.00115047558211, 0.00313314911909, -0.000438935763668, -0.00181900628377, -5.75570011279e-05, -0.000427481019869, -1.48396338773e-05, -0.000205501622986, -0.000404649035772, 0.00162561482284, -0.00228286185302], [0.000146631064126, -0.000935772375669, -0.00150553567801, -0.000438935763668, 0.00825361721218, -0.000493705796544, -0.00387657224201, 0.000656076590531, 0.00153052993119, -0.00208178418688, -0.000542963854969, 0.00033026075107, -0.00113217963371], [-5.31919067726e-05, 0.000905851658899, -0.00195601396263, -0.00181900628377, -0.000493705796544, 0.0104373795912, -0.00189542456064, -0.00125907664187, 0.0010195132345, 0.000267228373559, -0.00152691220865, 4.88490695716e-05, 0.00176916294731], [4.6256409405e-05, -1.57473209583e-06, 0.00102329929359, -5.75570011279e-05, -0.00387657224201, -0.00189542456064, 0.0111275017262, -0.00561806512997, -0.001945659169, 0.00450188107789, -0.00467526214197, 0.00138905248605, -0.00276715354994], [-0.00026406312827, 0.00101578468457, -0.000581109779887, -0.000427481019869, 0.000656076590531, -0.00125907664187, -0.00561806512997, 0.0139646911994, -0.00371860899031, -0.00226927082986, 0.00336563680321, -0.000941807753406, -0.0018182384083], [0.000388659478631, -0.00142032338772, -0.000681337725837, -1.48396338773e-05, 0.00153052993119, 0.0010195132345, -0.001945659169, -0.00371860899031, 0.0141714196652, -0.00623383605853, 0.00105440767948, 0.000602326297667, 0.00116276287008], [-0.000331413466483, 0.00191600515973, -0.000746956910007, -0.000205501622986, -0.00208178418688, 0.000267228373559, 0.00450188107789, -0.00226927082986, -0.00623383605853, 0.0216491688043, -0.0123120415956, 0.00364836584777, 0.000430240965215], [0.000323564046994, -0.00192221603356, 0.00164975435473, -0.000404649035772, -0.000542963854969, -0.00152691220865, -0.00467526214197, 0.00336563680321, 0.00105440767948, -0.0123120415956, 0.0210803057998, -0.0084962239489, 0.00158325338271], [-0.000243674920057, 0.00194283155724, -0.00120366015472, 0.00162561482284, 0.00033026075107, 4.88490695716e-05, 0.00138905248605, -0.000941807753406, 0.000602326297667, 0.00364836584777, -0.0084962239489, 0.0187407750636, -0.00635657925159], [0.000236640335061, -0.00127999938559, 0.000204497642699, -0.00228286185302, -0.00113217963371, 0.00176916294731, -0.00276715354994, -0.0018182384083, 0.00116276287008, 0.000430240965215, 0.00158325338271, -0.00635657925159, 0.0176296178252]]}, "melbands": {"dmean": [0.00184181961231, 0.00190701487008, 0.000734836619813, 0.000494753883686, 0.000206165321288, 0.00012098710431, 7.36220972613e-05, 8.6435204139e-05, 5.14773055329e-05, 4.12450754084e-05, 5.51907833142e-05, 2.23505303438e-05, 2.79639425571e-05, 2.45806659223e-05, 2.1442252546e-05, 1.17462077469e-05, 1.9915665689e-05, 1.55173402163e-05, 1.12404368338e-05, 1.47658283822e-05, 1.32183058668e-05, 1.08345666376e-05, 1.13177520689e-05, 5.94374387219e-06, 7.1380341069e-06, 5.93710956309e-06, 5.87857084611e-06, 6.00928115091e-06, 3.52208098775e-06, 2.17204410546e-06, 1.59218029694e-06, 1.61489094808e-06, 1.18576485875e-06, 1.70177906966e-06, 1.92189691006e-06, 7.70200017541e-07, 5.71837063035e-07, 5.76694674237e-07, 5.64844640394e-07, 5.16471232004e-07], "dmean2": [0.0032563006971, 0.00320568308234, 0.00124879798386, 0.000854237703606, 0.000332874507876, 0.000197449960979, 0.000105347513454, 0.000116036826512, 7.15189235052e-05, 5.87370050198e-05, 7.37870577723e-05, 3.13539603667e-05, 3.83174519811e-05, 3.36272314598e-05, 3.08392081934e-05, 1.7293739802e-05, 2.94407254842e-05, 2.39377914113e-05, 1.82516432687e-05, 2.40037115873e-05, 2.04544794542e-05, 1.65732162714e-05, 1.76676294359e-05, 9.23100560613e-06, 1.0880345144e-05, 9.28007921175e-06, 9.24177402339e-06, 9.20770253288e-06, 5.58903775527e-06, 3.67578036276e-06, 2.76670652966e-06, 2.88678143079e-06, 2.04596449294e-06, 3.03415845337e-06, 3.53743894266e-06, 1.31812146265e-06, 9.47077069213e-07, 9.42835470141e-07, 9.04626176634e-07, 8.37969366785e-07], "dvar": [3.217014455e-05, 3.08060298266e-05, 2.09139079743e-06, 2.54215501627e-06, 1.62599050668e-07, 7.62911014363e-08, 2.72929767675e-08, 5.64362530042e-08, 4.76121115867e-08, 1.73394987257e-08, 2.54796894694e-08, 3.96603061503e-09, 3.18975157398e-09, 3.22176862966e-09, 2.79426837224e-09, 8.54264770034e-10, 1.1687431023e-09, 8.00081834118e-10, 4.22491958085e-10, 5.89577053844e-10, 6.49553910659e-10, 3.92184340559e-10, 5.36744648727e-10, 1.37366978903e-10, 1.73490596889e-10, 1.28574068059e-10, 1.13598713769e-10, 1.09661842107e-10, 4.47233292067e-11, 2.34143086864e-11, 2.07636009081e-11, 2.19558867615e-11, 1.12449017112e-11, 2.87198147209e-11, 4.11583198079e-11, 5.06304330058e-12, 2.92880671972e-12, 3.39821378502e-12, 2.91659903694e-12, 2.34381134293e-12], "dvar2": [9.05358392629e-05, 8.61330918269e-05, 5.77209402763e-06, 7.16072509022e-06, 4.28156511134e-07, 2.2494700147e-07, 5.28266106414e-08, 1.01545502673e-07, 8.4471778905e-08, 3.05218073038e-08, 4.53661037625e-08, 7.62064100712e-09, 5.60476287603e-09, 6.53455067834e-09, 5.8403339942e-09, 1.6232933886e-09, 2.30605778917e-09, 1.87886506353e-09, 1.12294640253e-09, 1.52377455098e-09, 1.50103063312e-09, 8.84597506356e-10, 1.19153931166e-09, 2.94532648271e-10, 3.56733420581e-10, 3.12524922608e-10, 2.85271750666e-10, 2.62279364893e-10, 1.10620103355e-10, 6.5335133137e-11, 5.80747464007e-11, 6.25228688267e-11, 3.12104959932e-11, 8.15675235688e-11, 1.18429058227e-10, 1.38183527121e-11, 7.87649025863e-12, 8.9606360526e-12, 7.38655317467e-12, 6.05067818765e-12], "max": [0.0658539384604, 0.0837001353502, 0.0204847343266, 0.0274349693209, 0.00841293856502, 0.00596432108432, 0.005443634931, 0.0107178650796, 0.00956903584301, 0.00413044216111, 0.00659928563982, 0.00162451830693, 0.00254841288552, 0.00158022635151, 0.00142809783574, 0.00100672291592, 0.000862974557094, 0.000732722284738, 0.000316573976306, 0.000491567072459, 0.000585922854953, 0.000432913075201, 0.000446399848443, 0.000271917699138, 0.000349842186552, 0.000345047621522, 0.000194930064026, 0.000175949578988, 0.000101585646917, 6.73238173476e-05, 5.15818537679e-05, 4.18266172346e-05, 4.12757690356e-05, 5.21017536812e-05, 5.47319832549e-05, 2.83446443063e-05, 2.12232189369e-05, 3.2386269595e-05, 2.3250007871e-05, 1.97280369321e-05], "mean": [0.0029160885606, 0.0044902227819, 0.00148735288531, 0.000835121551063, 0.000480417831568, 0.000329889677232, 0.000220772359171, 0.000285999471089, 0.000148376406287, 0.00012445806351, 0.000200357913855, 6.68244756525e-05, 7.33278793632e-05, 7.25197824067e-05, 5.841253369e-05, 3.05747744278e-05, 3.85489074688e-05, 3.6559496948e-05, 2.40080898948e-05, 2.75369729934e-05, 2.93341981887e-05, 2.57730516751e-05, 2.64798491116e-05, 1.33175508381e-05, 1.50356427184e-05, 1.41513073686e-05, 1.34437459565e-05, 1.4582026779e-05, 7.48595402911e-06, 3.57116755367e-06, 1.77594176876e-06, 1.67792973116e-06, 1.30273008381e-06, 1.44521516177e-06, 1.39737198879e-06, 7.38170456316e-07, 5.79155710057e-07, 5.68796281186e-07, 5.65402956454e-07, 4.90174443257e-07], "median": [0.000435131427366, 0.000936078955419, 0.000727794831619, 0.000445437442977, 0.000265869137365, 0.000136934555485, 8.39541608002e-05, 9.77437230176e-05, 5.17516964464e-05, 2.80068561551e-05, 3.95729621232e-05, 1.3362719983e-05, 2.345444409e-05, 2.33096088778e-05, 1.42307453643e-05, 8.15394923848e-06, 1.8340513634e-05, 1.39743187901e-05, 1.06098232209e-05, 1.37536044349e-05, 1.0644655049e-05, 9.39780693443e-06, 7.03507248545e-06, 4.90861293656e-06, 5.31422756467e-06, 3.61718230124e-06, 4.52224503533e-06, 4.42390864919e-06, 2.70885061582e-06, 1.37594929583e-06, 5.79535935685e-07, 4.7508950729e-07, 3.01107604628e-07, 1.75500147748e-07, 1.41849000102e-07, 1.05805341377e-07, 7.7158098577e-08, 6.6464849624e-08, 6.80392275854e-08, 4.66712393177e-08], "min": [5.65362963478e-24, 8.17920272994e-25, 7.06326333012e-24, 1.58410053972e-23, 1.41377568841e-23, 4.22979092112e-24, 9.03826969193e-24, 1.55654578607e-23, 8.99852214636e-24, 1.30767397554e-23, 1.78306924605e-23, 1.82572390183e-23, 1.62098294248e-23, 1.10872112532e-23, 7.85622000116e-24, 1.37267161763e-23, 1.41348033889e-23, 5.61969520522e-24, 1.2911908847e-23, 1.01402531563e-23, 8.80224408681e-24, 3.65375601066e-24, 6.68495798328e-24, 9.55383841401e-24, 5.00774345775e-24, 1.18078159686e-23, 1.56022345561e-23, 1.89571700559e-23, 7.0894369461e-24, 6.27937461519e-24, 6.82483564355e-24, 1.09890312027e-23, 9.35898740384e-24, 1.45818508639e-23, 7.29476639567e-24, 9.60612253708e-24, 1.12087463197e-23, 9.86747373271e-24, 8.64708855739e-24, 9.31591323183e-24], "var": [3.1892755942e-05, 5.69831936446e-05, 4.02084106099e-06, 2.19803314394e-06, 4.77508365293e-07, 2.66552149242e-07, 1.46883380125e-07, 4.79994810121e-07, 1.42543711945e-07, 9.79839569482e-08, 2.48517977752e-07, 2.53047662824e-08, 1.66070304175e-08, 1.81955428502e-08, 1.40582949726e-08, 5.61940627364e-09, 3.9009999675e-09, 3.89550569579e-09, 1.16142984119e-09, 1.55519619405e-09, 2.11960005103e-09, 1.47474321643e-09, 2.92054735951e-09, 5.69747027335e-10, 6.18366191585e-10, 5.50259449117e-10, 3.85737913833e-10, 4.36727765063e-10, 1.24166232851e-10, 2.98385066655e-11, 1.57409172502e-11, 1.58077960444e-11, 9.19206117472e-12, 1.93147147581e-11, 2.46156445921e-11, 4.02332073907e-12, 2.49986034477e-12, 2.85797058762e-12, 2.65178330683e-12, 1.9897967822e-12]}, "mfcc": {"mean": [-693.99230957, 134.979995728, -7.79469013214, 33.6096458435, 8.88447856903, 3.14466834068, 4.09958267212, -1.74388170242, 0.729579269886, 2.07511997223, -4.65061903, -0.676827251911, 0.873057901859], "cov": [[22335.6445312, 1895.25097656, -737.95300293, 1795.96313477, 140.417907715, 307.800872803, 697.719482422, 364.079711914, 306.593658447, 348.538726807, -36.0504570007, 144.669235229, 127.984977722], [1895.25097656, 2746.39526367, -207.56854248, 35.0599441528, 14.3442831039, -62.1991691589, -15.5334711075, -75.0195465088, -7.34121704102, -18.0591087341, -41.9968948364, 59.5122528076, 68.0187911987], [-737.95300293, -207.56854248, 503.837585449, -205.39944458, 44.4546546936, 30.3512554169, -68.5322647095, 9.14956569672, 3.17814183235, 3.71186995506, 23.1804275513, -35.1265907288, -2.68522047997], [1795.96313477, 35.0599441528, -205.39944458, 492.629669189, 49.3428115845, 73.3993301392, 165.692764282, 65.5260848999, 77.2712478638, 79.385635376, -5.0676279068, 28.4776134491, 1.35869085789], [140.417907715, 14.3442831039, 44.4546546936, 49.3428115845, 116.597991943, 45.3176765442, 20.1360855103, -1.31458175182, 9.18365573883, 12.6015920639, 9.28726673126, -5.1484541893, -2.60480618477], [307.800872803, -62.1991691589, 30.3512554169, 73.3993301392, 45.3176765442, 115.669960022, 73.4071350098, 23.3688373566, 12.0734481812, 25.4429359436, 12.8711633682, 10.2454376221, 9.26678657532], [697.719482422, -15.5334711075, -68.5322647095, 165.692764282, 20.1360855103, 73.4071350098, 204.941345215, 78.5447006226, 53.4574317932, 45.3378448486, -2.77642083168, 27.3959789276, 19.3300914764], [364.079711914, -75.0195465088, 9.14956569672, 65.5260848999, -1.31458175182, 23.3688373566, 78.5447006226, 122.422149658, 68.4166488647, 22.2147884369, 0.292348057032, 7.38765478134, -1.32674193382], [306.593658447, -7.34121704102, 3.17814183235, 77.2712478638, 9.18365573883, 12.0734481812, 53.4574317932, 68.4166488647, 109.090187073, 59.1347465515, 1.67977893353, 0.650137662888, -11.4781122208], [348.538726807, -18.0591087341, 3.71186995506, 79.385635376, 12.6015920639, 25.4429359436, 45.3378448486, 22.2147884369, 59.1347465515, 108.2735672, 36.3927116394, -0.995846986771, -2.85575795174], [-36.0504570007, -41.9968948364, 23.1804275513, -5.0676279068, 9.28726673126, 12.8711633682, -2.77642083168, 0.292348057032, 1.67977893353, 36.3927116394, 80.8634414673, 37.8667831421, 1.59062027931], [144.669235229, 59.5122528076, -35.1265907288, 28.4776134491, -5.1484541893, 10.2454376221, 27.3959789276, 7.38765478134, 0.650137662888, -0.995846986771, 37.8667831421, 97.9040527344, 48.5572853088], [127.984977722, 68.0187911987, -2.68522047997, 1.35869085789, -2.60480618477, 9.26678657532, 19.3300914764, -1.32674193382, -11.4781122208, -2.85575795174, 1.59062027931, 48.5572853088, 89.4288024902]], "icov": [[7.10822278052e-05, -5.12111182616e-05, -1.29259333335e-05, -0.000245804607403, 4.11179062212e-05, -4.19482203142e-05, 1.51450003614e-05, -0.000156625537784, 0.0001068997517, -9.39936871873e-05, 2.48169744737e-05, 2.76816990663e-05, -6.42370287096e-05], [-5.12111182616e-05, 0.000441888812929, 0.000162730604643, 0.000226109506912, -0.000261749693891, 0.000246929354034, -7.47160584069e-06, 0.000410079286667, -0.00026077858638, -1.59953888215e-05, 0.000327431713231, -0.000317270198138, -0.000154404973728], [-1.29259333335e-05, 0.000162730604643, 0.00314802746288, 0.00157077331096, -0.00131921307184, -0.00145861040801, 0.00104123936035, -0.000974137394223, -0.000678923272062, -0.00035593501525, -0.000643646635581, 0.00113757571671, -0.000866139540449], [-0.000245804607403, 0.000226109506912, 0.00157077331096, 0.00484149344265, -0.00173974514473, -0.000820828427095, -0.00132324569859, -3.01380828205e-06, -0.000689049600624, -0.00201961444691, 0.00174540281296, -0.00149003171828, 0.00109883712139], [4.11179062212e-05, -0.000261749693891, -0.00131921307184, -0.00173974514473, 0.0115647958592, -0.00391149288043, -5.63387620787e-05, 0.00224528624676, -0.00203886954114, 0.00227589090355, -0.00259643467143, 0.00226219720207, -0.00045642349869], [-4.19482203142e-05, 0.000246929354034, -0.00145861040801, -0.000820828427095, -0.00391149288043, 0.0145344855264, -0.00479631824419, -8.3845196059e-05, 0.00249416264705, -0.00115795643069, -0.000955511408392, -0.00025966076646, -0.000302513857605], [1.51450003614e-05, -7.47160584069e-06, 0.00104123936035, -0.00132324569859, -5.63387620787e-05, -0.00479631824419, 0.0108795287088, -0.005363995675, 0.00105075328611, -0.00317175243981, 0.00333979609422, -0.00243000965565, -0.000606854388025], [-0.000156625537784, 0.000410079286667, -0.000974137394223, -3.01380828205e-06, 0.00224528624676, -8.3845196059e-05, -0.005363995675, 0.0177338682115, -0.0118667660281, 0.00671239616349, -0.00375957158394, 0.00199266173877, -0.000944170460571], [0.0001068997517, -0.00026077858638, -0.000678923272062, -0.000689049600624, -0.00203886954114, 0.00249416264705, 0.00105075328611, -0.0118667660281, 0.0244042668492, -0.0143661731854, 0.00863790884614, -0.0059781819582, 0.0050802831538], [-9.39936871873e-05, -1.59953888215e-05, -0.00035593501525, -0.00201961444691, 0.00227589090355, -0.00115795643069, -0.00317175243981, 0.00671239616349, -0.0143661731854, 0.0239603612572, -0.0153815606609, 0.0100634889677, -0.00513123674318], [2.48169744737e-05, 0.000327431713231, -0.000643646635581, 0.00174540281296, -0.00259643467143, -0.000955511408392, 0.00333979609422, -0.00375957158394, 0.00863790884614, -0.0153815606609, 0.0277889091522, -0.0166233424097, 0.00806452613324], [2.76816990663e-05, -0.000317270198138, 0.00113757571671, -0.00149003171828, 0.00226219720207, -0.00025966076646, -0.00243000965565, 0.00199266173877, -0.0059781819582, 0.0100634889677, -0.0166233424097, 0.024743296206, -0.012679066509], [-6.42370287096e-05, -0.000154404973728, -0.000866139540449, 0.00109883712139, -0.00045642349869, -0.000302513857605, -0.000606854388025, -0.000944170460571, 0.0050802831538, -0.00513123674318, 0.00806452613324, -0.012679066509, 0.0187130905688]]}, "spectral_contrast_coeffs": {"dmean": [0.0422219634056, 0.0350576490164, 0.0325349010527, 0.0297106076032, 0.0258386544883, 0.0223065819591], "dmean2": [0.0697391554713, 0.0566059723496, 0.0493260584772, 0.0467194058001, 0.0397378727794, 0.0347533971071], "dvar": [0.00137440138496, 0.00106612674426, 0.000920250196941, 0.000745762081351, 0.000750859209802, 0.000620222010184], "dvar2": [0.00372909475118, 0.00271355593577, 0.00203613867052, 0.00167877657805, 0.00155351252761, 0.00140664249193], "max": [-0.326931297779, -0.416104078293, -0.400501847267, -0.541495740414, -0.557290136814, -0.574798464775], "mean": [-0.637362957001, -0.713335573673, -0.717770755291, -0.742256760597, -0.749436557293, -0.770429134369], "median": [-0.634299397469, -0.712772488594, -0.715902268887, -0.736970186234, -0.749167323112, -0.762185454369], "min": [-0.97695505619, -0.973897278309, -0.964747190475, -0.959943652153, -0.962650120258, -0.960406422615], "var": [0.00827125925571, 0.0074709514156, 0.00757441157475, 0.00514489831403, 0.0054816766642, 0.00352058629505]}, "spectral_contrast_valleys": {"dmean": [0.366790145636, 0.295643150806, 0.289718717337, 0.301807701588, 0.306012421846, 0.483935832977], "dmean2": [0.595655620098, 0.47403755784, 0.446241766214, 0.455151706934, 0.441084355116, 0.626952171326], "dvar": [0.127836808562, 0.0967467576265, 0.0931311249733, 0.112488523126, 0.157579764724, 0.387996256351], "dvar2": [0.298507064581, 0.216436073184, 0.185907766223, 0.217058390379, 0.308276087046, 0.779982686043], "max": [-4.86185026169, -4.91114759445, -5.66143608093, -5.95316314697, -5.660028