{"lowlevel": {"average_loudness": 0.340894758701, "barkbands_crest": {"dmean": 1.41860067844, "dmean2": 2.13560080528, "dvar": 1.99952161312, "dvar2": 5.23540210724, "max": 25.0424480438, "mean": 12.4174671173, "median": 12.2456789017, "min": 2.91074323654, "var": 18.634185791}, "barkbands_flatness_db": {"dmean": 0.0136233763769, "dmean2": 0.0204994976521, "dvar": 0.000195946442545, "dvar2": 0.000550201744772, "max": 0.487377285957, "mean": 0.251661419868, "median": 0.249715656042, "min": 0.0153923835605, "var": 0.00873724091798}, "barkbands_kurtosis": {"dmean": 3.68888282776, "dmean2": 5.60164833069, "dvar": 30.0221805573, "dvar2": 76.8391113281, "max": 116.532150269, "mean": 12.1773405075, "median": 6.85167121887, "min": -1.56870234013, "var": 206.439849854}, "barkbands_skewness": {"dmean": 0.398173749447, "dmean2": 0.586244344711, "dvar": 0.148746222258, "dvar2": 0.34469139576, "max": 8.85444068909, "mean": 2.28868603706, "median": 2.24835991859, "min": -2.2933318615, "var": 2.99328184128}, "barkbands_spread": {"dmean": 1.54256916046, "dmean2": 2.29132604599, "dvar": 4.27187728882, "dvar2": 10.0846290588, "max": 83.8926925659, "mean": 9.63546180725, "median": 5.87495613098, "min": 0.437152892351, "var": 87.693107605}, "dissonance": {"dmean": 0.0265909694135, "dmean2": 0.0436884313822, "dvar": 0.000568611198105, "dvar2": 0.00152530451305, "max": 0.499998748302, "mean": 0.404759138823, "median": 0.409452080727, "min": 0.195946499705, "var": 0.00277062365785}, "dynamic_complexity": 4.55341148376, "erbbands_crest": {"dmean": 1.98433053493, "dmean2": 3.08467960358, "dvar": 4.00354528427, "dvar2": 11.8243169785, "max": 26.4374408722, "mean": 11.6948289871, "median": 10.8521757126, "min": 2.43915748596, "var": 24.3048992157}, "erbbands_flatness_db": {"dmean": 0.0102071166039, "dmean2": 0.0153350941837, "dvar": 9.94461152004e-05, "dvar2": 0.000257962034084, "max": 0.397044509649, "mean": 0.239846587181, "median": 0.238704279065, "min": 0.0441679619253, "var": 0.0030979339499}, "erbbands_kurtosis": {"dmean": 0.96347117424, "dmean2": 1.48560202122, "dvar": 2.01654100418, "dvar2": 5.37572050095, "max": 28.4566860199, "mean": 1.17180013657, "median": 0.256239175797, "min": -1.47597241402, "var": 7.77714395523}, "erbbands_skewness": {"dmean": 0.303684204817, "dmean2": 0.455224961042, "dvar": 0.0800016596913, "dvar2": 0.214763388038, "max": 4.47721004486, "mean": 0.738414764404, "median": 0.678460419178, "min": -1.37117505074, "var": 0.914578676224}, "erbbands_spread": {"dmean": 3.40509915352, "dmean2": 5.1197013855, "dvar": 9.18910312653, "dvar2": 22.131652832, "max": 84.5130233765, "mean": 23.9361419678, "median": 23.3613567352, "min": 2.86717796326, "var": 90.0273590088}, "hfc": {"dmean": 1.23862373829, "dmean2": 1.80981349945, "dvar": 4.8377122879, "dvar2": 15.8337421417, "max": 43.6964263916, "mean": 6.40657281876, "median": 5.82471656799, "min": 1.06265603659e-16, "var": 30.2499694824}, "melbands_crest": {"dmean": 1.88068771362, "dmean2": 2.78523278236, "dvar": 3.92326378822, "dvar2": 9.96829319, "max": 33.5784301758, "mean": 18.7853755951, "median": 19.3241653442, "min": 1.00059247017, "var": 37.5762405396}, "melbands_flatness_db": {"dmean": 0.0143026029691, "dmean2": 0.0210068300366, "dvar": 0.000249344069744, "dvar2": 0.000667685992084, "max": 0.614247143269, "mean": 0.333837270737, "median": 0.338460177183, "min": 3.19260976767e-07, "var": 0.0160934664309}, "melbands_kurtosis": {"dmean": 5.61627864838, "dmean2": 8.57741165161, "dvar": 60.0150375366, "dvar2": 154.663452148, "max": 116.967582703, "mean": 19.1595077515, "median": 12.0551862717, "min": -1.49528312683, "var": 408.283355713}, "melbands_skewness": {"dmean": 0.477773755789, "dmean2": 0.706647634506, "dvar": 0.21275152266, "dvar2": 0.50833594799, "max": 8.51178836823, "mean": 3.07220220566, "median": 2.87805271149, "min": -0.451377511024, "var": 2.94994235039}, "melbands_spread": {"dmean": 2.46275854111, "dmean2": 3.79248690605, "dvar": 20.1087436676, "dvar2": 53.4634895325, "max": 182.794311523, "mean": 16.4152183533, "median": 6.43564319611, "min": 0.592759847641, "var": 789.996398926}, "pitch_salience": {"dmean": 0.0441249534488, "dmean2": 0.0677063763142, "dvar": 0.00178055244032, "dvar2": 0.00444932375103, "max": 0.996045529842, "mean": 0.412527441978, "median": 0.410924613476, "min": 0.0877974480391, "var": 0.0194662231952}, "silence_rate_20dB": {"dmean": 0, "dmean2": 0, "dvar": 0, "dvar2": 0, "max": 1, "mean": 1, "median": 1, "min": 1, "var": 0}, "silence_rate_30dB": {"dmean": 0.00844978913665, "dmean2": 0.0169023238122, "dvar": 0.00837861653417, "dvar2": 0.0195413734764, "max": 1, "mean": 0.984890341759, "median": 1, "min": 0, "var": 0.0148815819994}, "silence_rate_60dB": {"dmean": 0.0204744879156, "dmean2": 0.040955632925, "dvar": 0.0200556945056, "dvar2": 0.0431799143553, "max": 1, "mean": 0.134037360549, "median": 0, "min": 0, "var": 0.116070747375}, "spectral_centroid": {"dmean": 85.237449646, "dmean2": 130.712982178, "dvar": 33649.3984375, "dvar2": 74685.90625, "max": 11939.8847656, "mean": 1098.00891113, "median": 408.87020874, "min": 155.181838989, "var": 5066151.5}, "spectral_complexity": {"dmean": 1.01754951477, "dmean2": 1.68503165245, "dvar": 0.990973949432, "dvar2": 2.361120224, "max": 17, "mean": 7.93956136703, "median": 8, "min": 0, "var": 14.1775960922}, "spectral_decrease": {"dmean": 1.10268860709e-09, "dmean2": 1.64212188292e-09, "dvar": 7.78640330719e-18, "dvar2": 2.74265347485e-17, "max": 3.77479163538e-28, "mean": -5.69373836967e-09, "median": -2.7497795152e-09, "min": -5.34354285264e-08, "var": 4.60734671196e-17}, "spectral_energy": {"dmean": 0.00426317937672, "dmean2": 0.00634583039209, "dvar": 0.000114873539133, "dvar2": 0.000404452410294, "max": 0.205640435219, "mean": 0.0220705587417, "median": 0.0109646487981, "min": 9.84680971062e-21, "var": 0.000678618147504}, "spectral_energyband_high": {"dmean": 1.14499998745e-05, "dmean2": 1.76178491529e-05, "dvar": 1.26792165656e-09, "dvar2": 2.79480993903e-09, "max": 0.000981867895462, "mean": 3.62449245586e-05, "median": 5.43115493201e-06, "min": 6.90942511637e-21, "var": 7.30589944098e-09}, "spectral_energyband_low": {"dmean": 0.000914746138733, "dmean2": 0.00104198639747, "dvar": 2.39037490246e-06, "dvar2": 3.22534197039e-06, "max": 0.0643406063318, "mean": 0.00749060884118, "median": 0.00229144911282, "min": 1.37309413153e-23, "var": 0.00015235808678}, "spectral_energyband_middle_high": {"dmean": 0.000382645754144, "dmean2": 0.000552236859221, "dvar": 4.18206184349e-07, "dvar2": 9.57097881837e-07, "max": 0.0206310804933, "mean": 0.00128738535568, "median": 0.000817733991425, "min": 1.00599874427e-21, "var": 2.23964070756e-06}, "spectral_energyband_middle_low": {"dmean": 0.00393172446638, "dmean2": 0.00598918367177, "dvar": 0.000114342408779, "dvar2": 0.000404610822443, "max": 0.203959450126, "mean": 0.0169691611081, "median": 0.00782364048064, "min": 1.44314655763e-22, "var": 0.000552411365788}, "spectral_entropy": {"dmean": 0.106801405549, "dmean2": 0.163476616144, "dvar": 0.0143689904362, "dvar2": 0.0405002385378, "max": 9.82481384277, "mean": 6.20639276505, "median": 6.13029193878, "min": 4.30233478546, "var": 1.020165205}, "spectral_flux": {"dmean": 0.00852667726576, "dmean2": 0.0137659525499, "dvar": 0.000123637350043, "dvar2": 0.000284239300527, "max": 0.261127322912, "mean": 0.0292833913118, "median": 0.0261396691203, "min": 6.37491864852e-11, "var": 0.000585329136811}, "spectral_kurtosis": {"dmean": 7.21046161652, "dmean2": 12.5557498932, "dvar": 70.3833999634, "dvar2": 197.063217163, "max": 153.268981934, "mean": 23.3811378479, "median": 16.3384838104, "min": -1.26833331585, "var": 477.564575195}, "spectral_rms": {"dmean": 0.000375282048481, "dmean2": 0.000534952618182, "dvar": 3.70997611299e-07, "dvar2": 1.2739712929e-06, "max": 0.0141642084345, "mean": 0.00392744503915, "median": 0.00327066029422, "min": 3.09945862378e-12, "var": 6.10740835327e-06}, "spectral_rolloff": {"dmean": 137.389892578, "dmean2": 236.716156006, "dvar": 114854.414062, "dvar2": 250321.609375, "max": 19810.546875, "mean": 1552.41882324, "median": 409.130859375, "min": 150.732421875, "var": 15294200}, "spectral_skewness": {"dmean": 0.515938341618, "dmean2": 0.897152781487, "dvar": 0.265960246325, "dvar2": 0.752509355545, "max": 10.2434959412, "mean": 3.23828959465, "median": 3.02105355263, "min": -0.101151190698, "var": 2.98572850227}, "spectral_spread": {"dmean": 290721.78125, "dmean2": 501793.40625, "dvar": 387874783232, "dvar2": 827423653888, "max": 42853572, "mean": 4161223, "median": 2383624.5, "min": 538549.75, "var": 65637451825200.0}, "spectral_strongpeak": {"dmean": 0.16368727386, "dmean2": 0.254572421312, "dvar": 0.108293168247, "dvar2": 0.278395831585, "max": 4.78408336639, "mean": 0.795866072178, "median": 0.588106930256, "min": 0, "var": 0.400724083185}, "zerocrossingrate": {"dmean": 0.00335108209401, "dmean2": 0.00446841213852, "dvar": 5.37589148735e-05, "dvar2": 0.000105817765871, "max": 0.529296875, "mean": 0.0492467544973, "median": 0.01953125, "min": 0.005859375, "var": 0.0109052332118}, "barkbands": {"dmean": [2.46206545853e-05, 6.21414665147e-06, 0.000406055245548, 0.00147558876779, 0.0024552938994, 0.000329520000378, 0.00022102589719, 0.000106487023004, 0.000243207003223, 0.000155493442435, 9.53767230385e-05, 8.10420606285e-05, 0.000102692065411, 6.35989563307e-05, 2.39593118749e-05, 5.39960492461e-05, 3.9915808884e-05, 1.7050500901e-05, 1.79358594323e-05, 1.2799493561e-05, 1.81858092674e-06, 1.01048851775e-06, 9.26675852497e-07, 5.05317302668e-07, 1.78154351715e-07, 7.20064079474e-08, 2.69640825223e-08], "dmean2": [4.62644311483e-05, 8.70682197274e-06, 0.000419943768065, 0.00225867866538, 0.00375130493194, 0.000369414687157, 0.000263939611614, 0.000139093855978, 0.000321041734423, 0.000218243105337, 0.00013766248594, 0.00011140199058, 0.000167418140336, 9.48577289819e-05, 3.59445912181e-05, 8.73909302754e-05, 6.10137431067e-05, 2.54015558312e-05, 2.70267992164e-05, 1.98228917725e-05, 2.77182948594e-06, 1.5881064428e-06, 1.39566373036e-06, 7.76230137944e-07, 2.58758632299e-07, 1.02400598223e-07, 4.06207014692e-08], "dvar": [8.40016611825e-10, 1.13156806147e-09, 7.64398521369e-07, 1.00383722383e-05, 6.34017123957e-05, 3.32131406822e-07, 3.51258933051e-07, 6.2790476818e-08, 2.86542018557e-07, 9.37755046948e-08, 1.54169541133e-07, 5.0523379258e-08, 5.09923836489e-08, 1.62082223198e-08, 3.71655350939e-09, 2.08027568505e-08, 1.21379821749e-08, 4.05146716176e-09, 2.57837351469e-09, 1.51173318308e-09, 1.953483382e-11, 1.03463114812e-11, 1.57140168933e-11, 2.13077819278e-12, 6.3618782551e-13, 3.12679332567e-14, 1.30307853537e-14], "dvar2": [2.86746137945e-09, 1.38554634432e-09, 8.86080783857e-07, 3.59931837011e-05, 0.000214237996261, 4.85245720938e-07, 5.42617328847e-07, 1.11813612591e-07, 5.20163212059e-07, 1.75686992065e-07, 3.88455589473e-07, 7.81949580642e-08, 1.27780722892e-07, 3.45797701584e-08, 7.69064900652e-09, 5.57412001001e-08, 2.90683939141e-08, 8.47900594181e-09, 5.7716964541e-09, 3.57836782428e-09, 4.55936954857e-11, 2.74166089137e-11, 2.96427396518e-11, 4.98774545971e-12, 1.37723426413e-12, 5.59645002053e-14, 2.73965776416e-14], "max": [0.000267784460448, 0.00537930615246, 0.0417929291725, 0.0591272860765, 0.161573991179, 0.014483098872, 0.0231915824115, 0.00795057136565, 0.0100454427302, 0.00912228226662, 0.0154720293358, 0.0154688991606, 0.00527496589348, 0.00235633086413, 0.00168244668748, 0.00414599152282, 0.00243163085543, 0.00183583598118, 0.00109118816908, 0.000898042402696, 0.000103094404039, 0.000115818205813, 0.000169533086591, 3.39486796292e-05, 2.92615077342e-05, 5.18964498042e-06, 3.97755138692e-06], "mean": [3.13519012707e-05, 4.6730718168e-05, 0.00378342764452, 0.00698544457555, 0.00724130449817, 0.0010843136115, 0.00078776164446, 0.000270194839686, 0.000502409762703, 0.000330531212967, 0.000171089151991, 0.000163285047165, 0.000177045585588, 0.000136316186399, 5.27548108948e-05, 0.000103756967292, 8.55897305883e-05, 3.36623343173e-05, 3.87031577702e-05, 3.26135050273e-05, 4.67913787361e-06, 2.83606755147e-06, 2.40345821112e-06, 1.52062580128e-06, 5.10776601459e-07, 2.78760779793e-07, 8.46560013201e-08], "median": [2.22649287025e-05, 2.94963297165e-06, 0.000211646896787, 0.00328138982877, 0.000897498801351, 0.000451273546787, 8.42839071993e-05, 7.86392265582e-05, 0.000144784076838, 0.000146654172568, 3.57690551027e-05, 3.78153454221e-05, 4.73979162052e-05, 4.28298226325e-05, 1.60901618074e-05, 2.16448243009e-05, 1.63955846801e-05, 7.83943869465e-06, 3.29377849084e-06, 1.99866781259e-06, 1.27982116283e-06, 7.22373499684e-07, 6.90915953783e-07, 5.32662397745e-07, 1.39413515399e-07, 8.23080981149e-08, 1.30679715937e-08], "min": [1.86755608629e-25, 2.64412094263e-24, 1.04452263878e-24, 6.82191725263e-25, 4.03785711858e-24, 1.92855014588e-24, 5.36487025587e-24, 4.89396959926e-24, 7.73741044909e-24, 7.43085673474e-24, 1.57427764373e-23, 2.01182818005e-23, 2.08706500003e-23, 3.11918852031e-23, 3.98122100766e-23, 3.43512731285e-23, 6.5708749702e-23, 7.2650725668e-23, 1.00175332207e-22, 1.61873424714e-22, 2.28411406067e-22, 3.07120438337e-22, 3.87243866655e-22, 5.131794391e-22, 8.35096030254e-22, 1.2821935632e-21, 1.88842284425e-21], "var": [1.00382802071e-09, 1.64977933537e-07, 5.63617904845e-05, 8.39893473312e-05, 0.000304942339426, 2.83706845039e-06, 4.93634934173e-06, 3.34614213671e-07, 1.07444441255e-06, 2.82148192809e-07, 2.90247129442e-07, 2.90489737154e-07, 1.64302022654e-07, 6.70479920473e-08, 1.5476059545e-08, 5.60915509595e-08, 4.1330995515e-08, 1.04929318567e-08, 8.89282691929e-09, 6.36328723047e-09, 8.3270251805e-11, 5.69901487113e-11, 5.49460858756e-11, 1.09164240147e-11, 2.65421105233e-12, 2.80301823419e-13, 6.46627120338e-14]}, "erbbands": {"dmean": [0.000265987036983, 0.00568827101961, 0.274991393089, 2.75117111206, 10.5509490967, 4.31062221527, 3.57615089417, 2.85403585434, 3.56021356583, 2.13957047462, 2.24926972389, 5.42443990707, 4.83313035965, 3.59025192261, 5.18042039871, 1.78954076767, 3.29942059517, 3.2352950573, 2.23830890656, 1.21897447109, 3.06132125854, 2.19640946388, 0.985095620155, 0.818196952343, 0.651018619537, 0.640652477741, 0.218657687306, 0.0705259665847, 0.0492603629827, 0.0235021505505, 0.0210435744375, 0.0183770954609, 0.00472238101065, 0.00228215125389, 0.00104631076101, 0.000413986970671, 0.000116239119961, 3.08025664708e-05, 6.64683147988e-06, 4.84425527247e-06], "dmean2": [0.000417722825659, 0.00714449817315, 0.311390310526, 3.77734851837, 16.7981643677, 6.27599954605, 5.03791713715, 3.09435033798, 4.33408212662, 2.46393418312, 2.99645590782, 7.0883808136, 6.85690355301, 5.07724905014, 7.21357345581, 2.52694916725, 5.33528804779, 5.08375549316, 3.29610872269, 1.96169817448, 4.90996932983, 3.350035429, 1.45020449162, 1.22563326359, 0.986541688442, 0.957874834538, 0.356386899948, 0.109487488866, 0.0777706354856, 0.0360040031374, 0.0328976921737, 0.0280643273145, 0.00723744928837, 0.00332485302351, 0.00156319304369, 0.000585207657423, 0.000167263380717, 4.45403857157e-05, 9.83091558737e-06, 7.18413775758e-06], "dvar": [1.3733573212e-07, 0.000228431454161, 0.312316983938, 21.8146018982, 1594.89880371, 114.304428101, 62.5616226196, 24.1551628113, 107.061897278, 35.5726776123, 18.075963974, 149.104125977, 64.9362640381, 121.511871338, 129.903839111, 13.5479125977, 53.6136894226, 35.4245758057, 30.851316452, 5.5555934906, 60.6151695251, 35.0092658997, 10.1258945465, 6.05342006683, 5.13520002365, 5.67077636719, 0.296765744686, 0.028197851032, 0.0290412642062, 0.00341131957248, 0.00426949001849, 0.0036262976937, 0.000132295725052, 8.85806803126e-05, 1.85879216588e-05, 1.07385528736e-06, 7.59024842978e-08, 1.2812794381e-08, 5.27412447049e-10, 1.36596595146e-10], "dvar2": [2.97596528753e-07, 0.000315396551741, 0.409629434347, 65.7785110474, 5769.33789062, 304.881164551, 139.25491333, 31.3961334229, 168.026168823, 41.0144424438, 36.5983276367, 252.935241699, 134.405059814, 271.141540527, 251.506637573, 23.499540329, 123.387840271, 89.3275527954, 64.5010986328, 14.6220350266, 162.365997314, 83.01512146, 21.0715637207, 14.2003355026, 10.6389245987, 12.6878786087, 0.805566549301, 0.0648921728134, 0.0775716528296, 0.00766779202968, 0.00967324897647, 0.00904606096447, 0.000334138545441, 0.000185889104614, 4.36701193394e-05, 1.90394064248e-06, 1.60904662039e-07, 2.68375703882e-08, 1.0397728234e-09, 4.8045883938e-10], "max": [0.0392839685082, 2.04143190384, 27.5305423737, 126.889938354, 691.771850586, 259.529968262, 171.649383545, 144.815765381, 485.675811768, 357.245513916, 85.1982345581, 284.598114014, 177.06867981, 400.313476562, 558.214599609, 210.644256592, 215.298843384, 90.2819290161, 160.760650635, 47.7766151428, 222.016769409, 134.024429321, 80.4924850464, 45.3787689209, 60.8227424622, 62.1884651184, 10.4961261749, 3.89868211746, 6.43992471695, 2.16878628731, 2.76459646225, 2.28405737877, 0.298892319202, 0.30044272542, 0.156771942973, 0.0318938568234, 0.0100949611515, 0.00442924024537, 0.00080980459461, 0.000225180425332], "mean": [0.00131989992224, 0.0518857724965, 2.43986916542, 17.1259040833, 32.7595214844, 13.8255815506, 9.17021179199, 9.94112110138, 12.4882173538, 8.06973361969, 5.85797929764, 11.6175861359, 10.6430807114, 7.72288799286, 10.4103860855, 4.10650444031, 6.1721200943, 7.00098609924, 5.58635902405, 2.74852609634, 6.22241401672, 5.06763315201, 2.28473377228, 1.83117651939, 1.45955502987, 1.60639965534, 0.56179702282, 0.192112252116, 0.140805900097, 0.069579936564, 0.0578123964369, 0.0541466809809, 0.0155953541398, 0.00634554727003, 0.00323719857261, 0.00136676430702, 0.000421871664003, 0.000108821994218, 2.58289146586e-05, 2.5213101253e-05], "median": [0.000510237121489, 0.00727839581668, 0.374951660633, 7.63792657852, 6.21060752869, 1.55689942837, 3.97037863731, 3.00529289246, 1.63865244389, 2.13025331497, 2.40658330917, 3.89381933212, 5.79580402374, 3.71696043015, 2.85610675812, 1.71811211109, 2.03940963745, 2.60334825516, 1.60194909573, 1.32350730896, 1.69485831261, 1.09673643112, 0.605237305164, 0.253448694944, 0.141723304987, 0.0899287238717, 0.0659968033433, 0.043703045696, 0.0257133990526, 0.0281399991363, 0.0187147594988, 0.0150863248855, 0.00518835894763, 0.00168164970819, 0.00100608170033, 0.000452206615591, 0.000138753821375, 2.40631707129e-05, 1.37793886097e-05, 1.46624515764e-05], "min": [7.78344064068e-23, 6.39512143057e-22, 1.84424259459e-21, 3.06308030249e-21, 3.71496910517e-21, 2.03773391275e-20, 3.14929954301e-20, 3.36507380632e-20, 9.59643571013e-20, 1.50791445527e-19, 1.8734778797e-19, 2.19635322691e-19, 4.65430439048e-19, 5.4818748119e-19, 5.68522941068e-19, 1.13283470564e-18, 9.20086437028e-19, 1.60308905522e-18, 2.5683860826e-18, 2.62784506581e-18, 3.1546013313e-18, 4.77468046951e-18, 2.80455255814e-18, 5.20978367557e-18, 6.57002429027e-18, 7.93790888101e-18, 8.17698889346e-18, 9.67203844131e-18, 9.61295541169e-18, 9.46289823113e-18, 1.16637222658e-17, 1.00915455705e-17, 9.09382016798e-18, 7.53734501502e-18, 6.3745921172e-18, 4.00731204628e-18, 2.24157860311e-18, 9.85555921355e-19, 2.32136761782e-19, 2.63320039465e-20], "var": [9.80679396889e-06, 0.023950016126, 21.4696712494, 498.084533691, 5403.04150391, 940.322814941, 239.78074646, 295.131835938, 1456.68444824, 613.686035156, 84.1496887207, 583.229248047, 200.575027466, 267.98526001, 563.376159668, 74.3455505371, 207.592269897, 120.915542603, 155.648452759, 15.3660020828, 162.641021729, 127.306892395, 30.0589809418, 20.7770881653, 16.0780010223, 22.9321308136, 1.18474125862, 0.1354046911, 0.173768386245, 0.0199673306197, 0.019157063216, 0.0212822444737, 0.000919641752262, 0.000323496060446, 9.25851200009e-05, 6.89404805598e-06, 5.89481317093e-07, 7.91688776758e-08, 2.47872300463e-09, 7.97944155195e-10]}, "gfcc": {"mean": [-183.263320923, 147.240539551, -113.110488892, 4.10008144379, -44.2171974182, -7.93900585175, -38.0567016602, -15.078578949, -26.1216182709, -24.0593261719, -23.9732227325, -17.2788677216, -13.358956337], "cov": [[61040.0664062, 6565.15087891, -7289.2109375, 694.099365234, -2552.56152344, -435.355102539, -2126.94604492, -776.858215332, -1607.61962891, -1222.85559082, -1233.60754395, -827.167236328, -753.897705078], [6565.15087891, 2500.96044922, -82.9204864502, -201.232467651, -112.966461182, -121.266029358, -297.711456299, -298.452178955, -98.7909393311, -440.81137085, -92.9233627319, -123.500732422, -34.0230751038], [-7289.2109375, -82.9204864502, 1631.91516113, -115.694030762, 453.140106201, 66.8038635254, 232.295822144, -0.0414161123335, 226.639129639, -51.5842285156, 199.379577637, 107.845474243, 108.64364624], [694.099365234, -201.232467651, -115.694030762, 188.662857056, 10.911242485, 20.0774517059, 17.0880050659, 42.156036377, -3.45934581757, 40.0394592285, -17.0137729645, -29.4164390564, -34.0306549072], [-2552.56152344, -112.966461182, 453.140106201, 10.911242485, 253.430099487, 34.4411697388, 116.612800598, 47.0275726318, 90.7711029053, 21.4225120544, 71.3129348755, 15.0104646683, 13.7924509048], [-435.355102539, -121.266029358, 66.8038635254, 20.0774517059, 34.4411697388, 117.604797363, 52.1645507812, 21.6209087372, 11.6301059723, -12.4788475037, -18.1867237091, -3.05205202103, 3.07740306854], [-2126.94604492, -297.711456299, 232.295822144, 17.0880050659, 116.612800598, 52.1645507812, 173.142471313, 51.1231765747, 49.3334655762, 56.7141990662, 26.7491035461, -15.5834493637, 15.8630962372], [-776.858215332, -298.452178955, -0.0414161123335, 42.156036377, 47.0275726318, 21.6209087372, 51.1231765747, 183.094024658, 82.0410842896, 68.3671035767, 17.5370635986, 3.14866828918, -42.0087127686], [-1607.61962891, -98.7909393311, 226.639129639, -3.45934581757, 90.7711029053, 11.6301059723, 49.3334655762, 82.0410842896, 147.392791748, 38.8892974854, 40.8542022705, 18.0029850006, -10.1788568497], [-1222.85559082, -440.81137085, -51.5842285156, 40.0394592285, 21.4225120544, -12.4788475037, 56.7141990662, 68.3671035767, 38.8892974854, 186.871139526, 35.8186912537, -3.74316120148, -17.7579860687], [-1233.60754395, -92.9233627319, 199.379577637, -17.0137729645, 71.3129348755, -18.1867237091, 26.7491035461, 17.5370635986, 40.8542022705, 35.8186912537, 105.234794617, 47.0573196411, -0.459122747183], [-827.167236328, -123.500732422, 107.845474243, -29.4164390564, 15.0104646683, -3.05205202103, -15.5834493637, 3.14866828918, 18.0029850006, -3.74316120148, 47.0573196411, 114.441307068, 38.5334777832], [-753.897705078, -34.0230751038, 108.64364624, -34.0306549072, 13.7924509048, 3.07740306854, 15.8630962372, -42.0087127686, -10.1788568497, -17.7579860687, -0.459122747183, 38.5334777832, 81.8010101318]], "icov": [[0.000184250224265, -0.00038907531416, 0.000416271737777, -0.000794392370153, 0.000453816261142, -0.000216596905375, 0.000610263668932, -0.000260531203821, 0.000699542637449, 0.00030883034924, 3.47184795828e-05, 7.39965689718e-05, 0.000451836996945], [-0.00038907531416, 0.00210382882506, -0.000718745344784, 0.00253348937258, -0.0015944869956, 0.00125775346532, 2.68275107373e-05, 0.0017706748331, -0.00238616531715, 0.00186709570698, -0.00039214946446, 0.00166830455419, -0.000256226368947], [0.000416271737777, -0.000718745344784, 0.00299211079255, -0.00113768526353, -0.00122192304116, -0.000699651951436, 0.000556210172363, 0.000555632344913, -0.000377504620701, 0.00224617333151, -0.001889889827, 0.00030494024395, -0.000213520135731], [-0.000794392370153, 0.00253348937258, -0.00113768526353, 0.0106838103384, -0.00402907282114, 0.000542964495253, -0.00176266173366, 0.00126812933013, -0.00274877552874, -0.000768482743297, 0.000714557187166, 0.00108258007094, 0.000325251312461], [0.000453816261142, -0.0015944869956, -0.00122192304116, -0.00402907282114, 0.0119958352298, -0.00122538779397, -0.00213860790245, -0.00213985377923, 0.000937482574955, 6.07054425927e-05, -0.00245395023376, 0.000463702104753, 0.000702939170878], [-0.000216596905375, 0.00125775346532, -0.000699651951436, 0.000542964495253, -0.00122538779397, 0.0124070094898, -0.00421476364136, 0.000465457967948, -0.00109682837501, 0.00289907702245, 0.00405912660062, -0.00147472613025, 0.00168861495331], [0.000610263668932, 2.68275107373e-05, 0.000556210172363, -0.00176266173366, -0.00213860790245, -0.00421476364136, 0.0164939872921, -0.00223389174789, 0.00249164202251, -5.32219883098e-06, -0.00137070356868, 0.00700606172904, -0.00266225612722], [-0.000260531203821, 0.0017706748331, 0.000555632344913, 0.00126812933013, -0.00213985377923, 0.000465457967948, -0.00223389174789, 0.012115240097, -0.00709418579936, 0.000618597783614, 0.000972759211436, -0.00148912146688, 0.00508165825158], [0.000699542637449, -0.00238616531715, -0.000377504620701, -0.00274877552874, 0.000937482574955, -0.00109682837501, 0.00249164202251, -0.00709418579936, 0.0166534371674, -0.00235469313338, 0.00117406470235, -0.00164790137205, 0.00291327619925], [0.00030883034924, 0.00186709570698, 0.00224617333151, -0.000768482743297, 6.07054425927e-05, 0.00289907702245, -5.32219883098e-06, 0.000618597783614, -0.00235469313338, 0.0140860769898, -0.00453111249954, 0.00425664894283, 0.00125361373648], [3.47184795828e-05, -0.00039214946446, -0.001889889827, 0.000714557187166, -0.00245395023376, 0.00405912660062, -0.00137070356868, 0.000972759211436, 0.00117406470235, -0.00453111249954, 0.0212748665363, -0.00971456523985, 0.00784864090383], [7.39965689718e-05, 0.00166830455419, 0.00030494024395, 0.00108258007094, 0.000463702104753, -0.00147472613025, 0.00700606172904, -0.00148912146688, -0.00164790137205, 0.00425664894283, -0.00971456523985, 0.0194587763399, -0.00922668445855], [0.000451836996945, -0.000256226368947, -0.000213520135731, 0.000325251312461, 0.000702939170878, 0.00168861495331, -0.00266225612722, 0.00508165825158, 0.00291327619925, 0.00125361373648, 0.00784864090383, -0.00922668445855, 0.0246703103185]]}, "melbands": {"dmean": [2.57913848145e-06, 9.84732832876e-05, 0.00072650401853, 0.000568965915591, 0.00012838258408, 6.62090606056e-05, 4.90794191137e-05, 2.43545891863e-05, 2.06821878237e-05, 3.61193306162e-05, 2.58408144873e-05, 1.59994833666e-05, 1.65669116541e-05, 9.97114238999e-06, 4.50575180366e-06, 9.89267300611e-06, 6.35103833702e-06, 4.96692200613e-06, 1.4622105482e-06, 3.31330829795e-06, 3.25442124449e-06, 2.50443486038e-06, 1.57988495175e-06, 6.12288204138e-07, 7.36639663046e-07, 6.39145696368e-07, 3.64819442211e-07, 4.71845226002e-07, 2.12317914361e-07, 6.6096873752e-08, 3.05190610561e-08, 2.99907867429e-08, 1.94869542725e-08, 1.52120414043e-08, 1.10390061536e-08, 1.87048723177e-08, 9.49625711399e-09, 4.52022996811e-09, 2.43005127132e-09, 2.24196972098e-09], "dmean2": [4.29365218224e-06, 0.000105075334432, 0.00111600477248, 0.000866536633112, 0.000182183837751, 7.17420480214e-05, 5.85117195442e-05, 2.90269126708e-05, 2.72614943242e-05, 4.76018212794e-05, 3.68358996639e-05, 2.25865496759e-05, 2.32834117924e-05, 1.37106071634e-05, 6.89515991326e-06, 1.63468903338e-05, 9.77870695351e-06, 7.34469813324e-06, 2.32640377362e-06, 5.34081118531e-06, 5.20128787684e-06, 3.85996008845e-06, 2.30971090787e-06, 9.37365143727e-07, 1.10848634449e-06, 9.63632260209e-07, 5.68502514398e-07, 7.08091533852e-07, 3.50817174422e-07, 9.87092008131e-08, 4.93394516354e-08, 4.73305483695e-08, 3.00851787927e-08, 2.38837696287e-08, 1.78284178531e-08, 2.79528880043e-08, 1.45242236016e-08, 7.05692615455e-09, 3.68633057413e-09, 3.30190674802e-09], "dvar": [3.53188381319e-11, 4.69890899524e-08, 3.91488765672e-06, 3.7901536416e-06, 7.61400755778e-08, 1.37788500609e-08, 1.8433576443e-08, 3.79096354308e-09, 2.12832906854e-09, 6.50032072613e-09, 1.87894078074e-09, 2.06352757104e-09, 1.9245547378e-09, 7.16041448356e-10, 2.80292872246e-10, 4.64490806928e-10, 1.36304828535e-10, 1.3982130731e-10, 1.22466316602e-11, 7.53722292912e-11, 5.86517501233e-11, 5.36827145237e-11, 3.12727690965e-11, 3.85012681459e-12, 5.88209385713e-12, 5.06666280112e-12, 1.48505621862e-12, 3.171092295e-12, 3.38072289347e-13, 4.06538511351e-14, 4.14589508693e-15, 9.85978791966e-15, 5.85075302822e-15, 1.86666706872e-15, 7.86121008072e-16, 1.03872048427e-14, 6.89492548241e-16, 1.34958183003e-16, 8.55821509652e-17, 8.88879882094e-17], "dvar2": [5.55494435173e-11, 5.85903450201e-08, 1.44917730722e-05, 1.26432441903e-05, 1.75459192064e-07, 1.70130256549e-08, 2.82809704544e-08, 5.1412758495e-09, 3.81165143892e-09, 1.1846513992e-08, 3.85983112139e-09, 4.41617675762e-09, 4.586307778e-09, 1.13264508883e-09, 6.02451588616e-10, 1.25276933272e-09, 3.19937659699e-10, 2.92664253942e-10, 3.00375037343e-11, 2.01693398094e-10, 1.55220850062e-10, 1.33008659642e-10, 6.54500620367e-11, 7.92680591305e-12, 1.37064500375e-11, 1.06980769729e-11, 3.66184339795e-12, 6.89721326927e-12, 9.32217410904e-13, 9.35256443146e-14, 1.04788300907e-14, 2.55966986972e-14, 1.42538450254e-14, 3.84900622727e-15, 2.05151485704e-15, 2.32138832083e-14, 1.67844607757e-15, 3.42424318584e-16, 1.78295962004e-16, 1.77498162847e-16], "max": [0.000859838910401, 0.0112785706297, 0.0297354459763, 0.0405310541391, 0.00546027347445, 0.00432947836816, 0.0061898897402, 0.00310046644881, 0.00100782036316, 0.00164371030405, 0.000973868940491, 0.00148934405297, 0.00147594732698, 0.001763288863, 0.000607900205068, 0.000490417878609, 0.000198802634259, 0.00033754267497, 9.4988507044e-05, 0.000246748124482, 0.000208485478652, 0.000194143460249, 0.000162717769854, 5.23053895449e-05, 4.44351971964e-05, 6.80166485836e-05, 3.62618084182e-05, 4.85004566144e-05, 1.18075377031e-05, 4.9363375183e-06, 1.29874592858e-06, 3.63399476555e-06, 2.59519265455e-06, 1.65326889601e-06, 7.40578684599e-07, 4.46367630502e-06, 7.0665265639e-07, 3.00865252711e-07, 2.59963314875e-07, 3.14086634035e-07], "mean": [9.69492703007e-06, 0.000913288677111, 0.00345444027334, 0.00182501343079, 0.000321710947901, 0.000232826292631, 0.000173823165824, 8.3679886302e-05, 4.94703672302e-05, 7.48711827327e-05, 5.54578909941e-05, 3.28629248543e-05, 3.19807695632e-05, 2.01248458325e-05, 9.80933509709e-06, 1.56552632689e-05, 1.33139501486e-05, 1.17375429909e-05, 2.73380192084e-06, 6.54137693346e-06, 6.51982145428e-06, 5.30381294084e-06, 3.58566876457e-06, 1.11131396352e-06, 1.54566407673e-06, 1.36138919515e-06, 7.83928953751e-07, 1.13389683065e-06, 4.56056824305e-07, 1.5143577059e-07, 7.40004182376e-08, 7.92905225921e-08, 5.07231234792e-08, 3.6868357256e-08, 2.76489870998e-08, 4.41508412052e-08, 2.75931366644e-08, 1.19402239207e-08, 5.83919890218e-09, 5.27172483444e-09], "median": [2.26490578825e-06, 4.79807786178e-05, 0.00131689209957, 0.000224927178351, 0.000126802144223, 7.25284553482e-05, 2.09055360756e-05, 1.99275727937e-05, 1.62644773809e-05, 2.28406515816e-05, 2.88293194899e-05, 1.35298578243e-05, 7.46609703128e-06, 5.30723082193e-06, 2.22977200792e-06, 4.57935993836e-06, 4.65910898129e-06, 2.84386987914e-06, 1.28787337417e-06, 1.54585825385e-06, 1.90888840734e-06, 9.42787153235e-07, 5.36866991752e-07, 3.60786231113e-07, 1.49884471057e-07, 1.05071045198e-07, 6.70088766697e-08, 5.51200542986e-08, 4.12602716438e-08, 3.00143838672e-08, 2.05849026713e-08, 1.0379996418e-08, 1.67177720556e-08, 1.42397498237e-08, 9.9458921099e-09, 8.96603058465e-09, 7.97594612578e-09, 3.97625443682e-09, 1.52693624411e-09, 1.24080934416e-09], "min": [1.11368661029e-24, 8.69752477379e-25, 7.44394788146e-25, 6.39463813889e-25, 1.42046495278e-24, 6.95706835418e-25, 1.56565223859e-24, 1.58597063311e-24, 1.4740694318e-24, 1.20162665464e-24, 1.62092348209e-24, 1.7936032607e-24, 2.13106513697e-24, 2.00502626634e-24, 1.79820448915e-24, 2.08662446065e-24, 2.07105944613e-24, 3.07048034316e-24, 2.94207488982e-24, 3.35921467574e-24, 3.56894202487e-24, 3.99171388322e-24, 2.59056773957e-24, 3.59237474362e-24, 3.5152462352e-24, 3.296202636e-24, 4.0101681008e-24, 4.57310437037e-24, 4.1621733142e-24, 4.55937030201e-24, 4.0781856602e-24, 4.33464473492e-24, 3.7352780799e-24, 4.65052239074e-24, 5.91462702629e-24, 5.1482257799e-24, 5.36552264384e-24, 5.47673585983e-24, 5.19142183092e-24, 5.20387597246e-24], "var": [4.348935434e-09, 3.38312042913e-06, 2.00511021831e-05, 1.99103324121e-05, 2.81458284235e-07, 1.78542805429e-07, 2.51550801522e-07, 5.31134709547e-08, 8.8054834535e-09, 2.44681395145e-08, 5.63246516094e-09, 4.87484586031e-09, 5.40226130497e-09, 3.99097865866e-09, 1.47256296046e-09, 9.50520107068e-10, 5.26869048389e-10, 6.88108237057e-10, 2.49483333298e-11, 2.06215211573e-10, 1.56330240419e-10, 1.72067832205e-10, 1.0702144726e-10, 8.52163565407e-12, 1.96284984794e-11, 1.79373616654e-11, 4.94499710277e-12, 1.30292781772e-11, 1.08642305222e-12, 1.59533288815e-13, 1.48144012655e-14, 5.85140998697e-14, 2.30840533862e-14, 6.97292387608e-15, 2.87374180916e-15, 3.67131286038e-14, 4.40373361014e-15, 5.56164797782e-16, 2.64909236616e-16, 2.8147775693e-16]}, "mfcc": {"mean": [-793.259765625, 173.090637207, -12.0299959183, 11.0413179398, 1.73500216007, -1.10558748245, -10.5895624161, -3.12643361092, -9.27796173096, -6.91283273697, -18.5069007874, -12.0207643509, -17.5927047729], "cov": [[12634.4541016, 3434.31762695, -1417.22912598, 501.305664062, -293.867919922, -119.556526184, -370.376434326, -86.5159759521, -343.318237305, 19.474275589, -574.354187012, -188.79347229, -399.737854004], [3434.31762695, 3331.77856445, 311.1796875, 2.89963674545, 222.41645813, -33.5482292175, -205.433929443, 24.184305191, -194.291091919, -361.640838623, -264.101104736, -182.333343506, -249.297348022], [-1417.22912598, 311.1796875, 600.771789551, -46.4337730408, 181.262634277, 34.9053573608, 9.47899341583, 75.7046279907, 15.4678878784, -117.831489563, 37.0748405457, -13.656291008, -2.25983047485], [501.305664062, 2.89963674545, -46.4337730408, 169.230422974, 20.3503875732, -6.72988986969, 9.90296554565, -14.4095535278, -14.041267395, 40.7168235779, 6.39722061157, 42.4805679321, -0.280717879534], [-293.867919922, 222.41645813, 181.262634277, 20.3503875732, 167.891845703, -6.13672065735, -13.256114006, 61.8475570679, -2.43518161774, -49.2237281799, 33.4036636353, 12.2402639389, 3.99825572968], [-119.556526184, -33.5482292175, 34.9053573608, -6.72988986969, -6.13672065735, 118.204826355, 40.8476104736, -13.465388298, 10.7071914673, -1.3219114542, -28.0103244781, -30.11860466, -8.29922676086], [-370.376434326, -205.433929443, 9.47899341583, 9.90296554565, -13.256114006, 40.8476104736, 132.091918945, -15.3845796585, 25.3824596405, 58.6068954468, 26.6458911896, 1.7293497324, 2.6025249958], [-86.5159759521, 24.184305191, 75.7046279907, -14.4095535278, 61.8475570679, -13.465388298, -15.3845796585, 145.595443726, 23.3191146851, -33.6055145264, 3.61805510521, 3.23200893402, 12.3805866241], [-343.318237305, -194.291091919, 15.4678878784, -14.041267395, -2.43518161774, 10.7071914673, 25.3824596405, 23.3191146851, 106.80103302, 71.3767700195, 29.5316925049, 5.72989368439, 15.0985870361], [19.474275589, -361.640838623, -117.831489563, 40.7168235779, -49.2237281799, -1.3219114542, 58.6068954468, -33.6055145264, 71.3767700195, 200.529083252, 82.5654067993, 31.002784729, 12.3404846191], [-574.354187012, -264.101104736, 37.0748405457, 6.39722061157, 33.4036636353, -28.0103244781, 26.6458911896, 3.61805510521, 29.5316925049, 82.5654067993, 140.808044434, 66.8334197998, 31.5688762665], [-188.79347229, -182.333343506, -13.656291008, 42.4805679321, 12.2402639389, -30.11860466, 1.7293497324, 3.23200893402, 5.72989368439, 31.002784729, 66.8334197998, 120.094680786, 59.1798744202], [-399.737854004, -249.297348022, -2.25983047485, -0.280717879534, 3.99825572968, -8.29922676086, 2.6025249958, 12.3805866241, 15.0985870361, 12.3404846191, 31.5688762665, 59.1798744202, 103.893249512]], "icov": [[0.00048042985145, -0.000556666171178, 0.00101606315002, -0.000945654464886, 0.000430430984125, -0.000199228423298, 0.000650821893942, -0.000819986569695, 0.00076511601219, -0.0011474591447, 0.000962216523476, -0.000210578233236, 0.000433896464529], [-0.000556666171178, 0.0012331296457, -0.00133925525006, 0.00119500979781, -0.00137429952156, 0.00052103435155, -0.000305262772599, 0.00120519346092, -0.000440652132966, 0.00134268449619, -7.15475689503e-05, 6.37719931547e-05, 0.000639746023808], [0.00101606315002, -0.00133925525006, 0.00538220815361, -0.00163606693968, -0.00145342305768, -0.0013808591757, 0.000528905307874, -0.00162297848146, -4.30215768574e-05, 0.000143094890518, -4.06936378567e-05, 0.000165730351, 0.000841423287056], [-0.000945654464886, 0.00119500979781, -0.00163606693968, 0.0107507891953, -0.00447754235938, 0.000432551634731, -0.00164600508288, 0.00219586398453, 0.0012659226777, -0.00201809150167, 0.00261795800179, -0.00469019263983, 0.00114077760372], [0.000430430984125, -0.00137429952156, -0.00145342305768, -0.00447754235938, 0.0138734932989, -0.000765531789511, 0.000833663740195, -0.0043788482435, -0.000129806619952, 0.00204663723707, -0.00537349423394, 0.00161199236754, -0.00128911202773], [-0.000199228423298, 0.00052103435155, -0.0013808591757, 0.000432551634731, -0.000765531789511, 0.0114518646151, -0.00360226933844, 0.00171378091909, -0.00112552684732, 0.000210968049942, 0.00303279538639, 0.00165116519202, -0.000438461836893], [0.000650821893942, -0.000305262772599, 0.000528905307874, -0.00164600508288, 0.000833663740195, -0.00360226933844, 0.0115096922964, -0.000820030865725, 0.00148554064799, -0.00423967232928, 0.000835004029796, -1.77827641892e-05, 0.00131232163403], [-0.000819986569695, 0.00120519346092, -0.00162297848146, 0.00219586398453, -0.0043788482435, 0.00171378091909, -0.000820030865725, 0.0108748888597, -0.00458343559876, 0.0037742475979, -0.000661841011606, 0.000282212567981, -0.00100422569085], [0.00076511601219, -0.000440652132966, -4.30215768574e-05, 0.0012659226777, -0.000129806619952, -0.00112552684732, 0.00148554064799, -0.00458343559876, 0.0177075788379, -0.0105200745165, 0.00475615961477, -0.000885835092049, 4.85922428197e-05], [-0.0011474591447, 0.00134268449619, 0.000143094890518, -0.00201809150167, 0.00204663723707, 0.000210968049942, -0.00423967232928, 0.0037742475979, -0.0105200745165, 0.0185991339386, -0.0120617887005, 0.00347508816049, -0.000595670950133], [0.000962216523476, -7.15475689503e-05, -4.06936378567e-05, 0.00261795800179, -0.00537349423394, 0.00303279538639, 0.000835004029796, -0.000661841011606, 0.00475615961477, -0.0120617887005, 0.0223010871559, -0.00939134415239, 0.00335836410522], [-0.000210578233236, 6.37719931547e-05, 0.000165730351, -0.00469019263983, 0.00161199236754, 0.00165116519202, -1.77827641892e-05, 0.000282212567981, -0.000885835092049, 0.00347508816049, -0.00939134415239, 0.0186686106026, -0.00869402755052], [0.000433896464529, 0.000639746023808, 0.000841423287056, 0.00114077760372, -0.00128911202773, -0.000438461836893, 0.00131232163403, -0.00100422569085, 4.85922428197e-05, -0.000595670950133, 0.00335836410522, -0.00869402755052, 0.0169481206685]]}, "spectral_contrast_coeffs": {"dmean": [0.0309640876949, 0.0308490991592, 0.0285419635475, 0.023365823552, 0.0162603538483, 0.010560028255], "dmean2": [0.0513991750777, 0.0464874953032, 0.0420047864318, 0.0372391976416, 0.0257812105119, 0.0174111053348], "dvar": [0.00070766475983, 0.000686135608703, 0.00055825104937, 0.000353036826709, 0.000167898455402, 7.23806224414e-05], "dvar2": [0.00199869670905, 0.00158875936177, 0.00125022989232, 0.000907361798454, 0.000423933990533, 0.000196049979422], "max": [-0.151172503829, -0.329482614994, -0.449231505394, -0.501708328724, -0.545159220695, -0.638019323349], "mean": [-0.417885303497, -0.619875609875, -0.681306183338, -0.717411160469, -0.739739179611, -0.786743342876], "median": [-0.391114115715, -0.605090618134, -0.669881224632, -0.708880960941, -0.740300178528, -0.782305955887], "min": [-0.981225371361, -0.986330091953, -0.997929811478, -0.987799048424, -0.989337682724, -0.966553032398], "var": [0.024786895141, 0.0130885886028, 0.00835034810007, 0.00746729085222, 0.00646716821939, 0.00335131469183]}, "spectral_contrast_valleys": {"dmean": [0.374787628651, 0.267618149519, 0.221538320184, 0.195168912411, 0.138624504209, 0.126652389765], "dmean2": [0.637672960758, 0.430848896503, 0.35087865591, 0.317304