{"lowlevel": {"average_loudness": 0.701038718224, "barkbands_crest": {"dmean": 2.96325564384, "dmean2": 4.6875462532, "dvar": 6.46720314026, "dvar2": 15.9033145905, "max": 26.4543113708, "mean": 12.0471992493, "median": 11.2581882477, "min": 2.79627156258, "var": 22.9375953674}, "barkbands_flatness_db": {"dmean": 0.0267815627158, "dmean2": 0.0385728552938, "dvar": 0.000684868602548, "dvar2": 0.00140710407868, "max": 0.428005158901, "mean": 0.179998278618, "median": 0.170442372561, "min": 0.0255704876035, "var": 0.00600586272776}, "barkbands_kurtosis": {"dmean": 3.03144526482, "dmean2": 4.80738639832, "dvar": 38.0800552368, "dvar2": 88.597618103, "max": 167.343200684, "mean": 4.0835776329, "median": 1.51987791061, "min": -1.77502822876, "var": 82.6054840088}, "barkbands_skewness": {"dmean": 0.566834330559, "dmean2": 0.855507850647, "dvar": 0.364049166441, "dvar2": 0.800035476685, "max": 10.3176698685, "mean": 1.06219685078, "median": 0.887931346893, "min": -2.55378127098, "var": 1.58744573593}, "barkbands_spread": {"dmean": 4.55944061279, "dmean2": 7.13638162613, "dvar": 40.3107948303, "dvar2": 98.9295959473, "max": 76.9048843384, "mean": 13.7921133041, "median": 12.170340538, "min": 0.343769460917, "var": 87.5435562134}, "dissonance": {"dmean": 0.0361572504044, "dmean2": 0.0612196475267, "dvar": 0.00122866302263, "dvar2": 0.00328682851978, "max": 0.499963611364, "mean": 0.432429939508, "median": 0.442043602467, "min": 0.166792929173, "var": 0.00218387553468}, "dynamic_complexity": 4.25530004501, "erbbands_crest": {"dmean": 3.84606909752, "dmean2": 6.04872512817, "dvar": 11.7720880508, "dvar2": 27.2218418121, "max": 32.9756469727, "mean": 14.7244625092, "median": 13.7180957794, "min": 2.68428230286, "var": 39.1450805664}, "erbbands_flatness_db": {"dmean": 0.0273548644036, "dmean2": 0.0380809530616, "dvar": 0.000765746866819, "dvar2": 0.00146442686673, "max": 0.499482154846, "mean": 0.229326978326, "median": 0.217478692532, "min": 0.0564324185252, "var": 0.00779876764864}, "erbbands_kurtosis": {"dmean": 2.25871562958, "dmean2": 3.48161029816, "dvar": 12.7445497513, "dvar2": 28.7351417542, "max": 86.2705078125, "mean": 2.73786783218, "median": 1.21347022057, "min": -1.66089856625, "var": 26.8539352417}, "erbbands_skewness": {"dmean": 0.511273682117, "dmean2": 0.767104744911, "dvar": 0.234872430563, "dvar2": 0.519338488579, "max": 7.5255112648, "mean": 0.771876573563, "median": 0.616848707199, "min": -2.583558321, "var": 0.916052520275}, "erbbands_spread": {"dmean": 6.51218318939, "dmean2": 10.0038738251, "dvar": 77.2237548828, "dvar2": 181.121841431, "max": 103.118881226, "mean": 20.0424346924, "median": 16.1470718384, "min": 0.915426969528, "var": 213.27507019}, "hfc": {"dmean": 11.1552934647, "dmean2": 17.3983631134, "dvar": 592.946533203, "dvar2": 1501.81396484, "max": 378.482299805, "mean": 18.3474082947, "median": 10.3639259338, "min": 1.11725286869e-16, "var": 672.221313477}, "melbands_crest": {"dmean": 3.53086805344, "dmean2": 5.60885810852, "dvar": 9.10096168518, "dvar2": 21.1854763031, "max": 33.5828819275, "mean": 15.0741271973, "median": 14.2820339203, "min": 1.7060059309, "var": 32.7698402405}, "melbands_flatness_db": {"dmean": 0.0286663603038, "dmean2": 0.0413403473794, "dvar": 0.000827672309242, "dvar2": 0.00168922706507, "max": 0.480365484953, "mean": 0.225171551108, "median": 0.220898300409, "min": 0.00418167700991, "var": 0.00557885598391}, "melbands_kurtosis": {"dmean": 4.50676727295, "dmean2": 7.17013454437, "dvar": 74.2439193726, "dvar2": 188.349807739, "max": 159.622772217, "mean": 6.96966123581, "median": 2.77067923546, "min": -1.78798723221, "var": 176.030227661}, "melbands_skewness": {"dmean": 0.670422375202, "dmean2": 1.02386915684, "dvar": 0.516075968742, "dvar2": 1.1779640913, "max": 9.52241420746, "mean": 1.38295030594, "median": 1.09002709389, "min": -2.33111643791, "var": 2.22487258911}, "melbands_spread": {"dmean": 5.52636861801, "dmean2": 8.6969461441, "dvar": 48.6266555786, "dvar2": 116.296028137, "max": 151.181137085, "mean": 19.4056415558, "median": 18.6288757324, "min": 0.678284585476, "var": 150.4559021}, "pitch_salience": {"dmean": 0.0717671439052, "dmean2": 0.11560343951, "dvar": 0.00389292137697, "dvar2": 0.00953575596213, "max": 0.919260025024, "mean": 0.493226259947, "median": 0.495778143406, "min": 0.0700920075178, "var": 0.0152074340731}, "silence_rate_20dB": {"dmean": 0, "dmean2": 0, "dvar": 0, "dvar2": 0, "max": 1, "mean": 1, "median": 1, "min": 1, "var": 0}, "silence_rate_30dB": {"dmean": 0.0238743461668, "dmean2": 0.0477586947381, "dvar": 0.0233053583652, "dvar2": 0.0484065376222, "max": 1, "mean": 0.96754604578, "median": 1, "min": 0, "var": 0.0314002558589}, "silence_rate_60dB": {"dmean": 0.0598952881992, "dmean2": 0.119815669954, "dvar": 0.0563099049032, "dvar2": 0.119274571538, "max": 1, "mean": 0.15954773128, "median": 0, "min": 0, "var": 0.13408921659}, "spectral_centroid": {"dmean": 192.231124878, "dmean2": 294.608856201, "dvar": 72207.484375, "dvar2": 139142.75, "max": 11721.8076172, "mean": 1209.03015137, "median": 1154.6953125, "min": 159.067443848, "var": 330425.875}, "spectral_complexity": {"dmean": 3.02869105339, "dmean2": 4.32006692886, "dvar": 24.1319561005, "dvar2": 43.2053489685, "max": 58, "mean": 11.6490783691, "median": 11, "min": 0, "var": 61.7435035706}, "spectral_decrease": {"dmean": 2.95096835856e-09, "dmean2": 4.64137395184e-09, "dvar": 4.49841860581e-17, "dvar2": 1.11941756727e-16, "max": 1.54449012999e-28, "mean": -5.4287938589e-09, "median": -2.92181834283e-09, "min": -8.52958805808e-08, "var": 6.94578663452e-17}, "spectral_energy": {"dmean": 0.0120571348816, "dmean2": 0.0189033132046, "dvar": 0.000713556015398, "dvar2": 0.0017717477167, "max": 0.332985401154, "mean": 0.0221537332982, "median": 0.0121200438589, "min": 1.04439961466e-20, "var": 0.00109845830593}, "spectral_energyband_high": {"dmean": 0.000589778472204, "dmean2": 0.000959942291956, "dvar": 4.02640989705e-06, "dvar2": 1.05283379526e-05, "max": 0.0318571254611, "mean": 0.000491561600938, "median": 3.12637530442e-05, "min": 7.51102775977e-21, "var": 3.19322680298e-06}, "spectral_energyband_low": {"dmean": 0.00463449396193, "dmean2": 0.00771921081468, "dvar": 0.000355033960659, "dvar2": 0.000904150248971, "max": 0.266598105431, "mean": 0.00681036151946, "median": 0.000327649788233, "min": 3.62591994921e-23, "var": 0.000542160938494}, "spectral_energyband_middle_high": {"dmean": 0.004418913275, "dmean2": 0.00683907279745, "dvar": 5.45929979126e-05, "dvar2": 0.000138246308779, "max": 0.100102506578, "mean": 0.00876749865711, "median": 0.00480987038463, "min": 1.2832458153e-21, "var": 0.000107207379187}, "spectral_energyband_middle_low": {"dmean": 0.00511164031923, "dmean2": 0.00802215375006, "dvar": 0.000168900936842, "dvar2": 0.000418284995249, "max": 0.174945726991, "mean": 0.0079459277913, "median": 0.00326154753566, "min": 1.87090392224e-22, "var": 0.000211031496292}, "spectral_entropy": {"dmean": 0.235028117895, "dmean2": 0.320810765028, "dvar": 0.0648382380605, "dvar2": 0.127459302545, "max": 9.8131570816, "mean": 7.13789796829, "median": 7.09926509857, "min": 5.17795991898, "var": 0.422815084457}, "spectral_flux": {"dmean": 0.0302036758512, "dmean2": 0.0483771115541, "dvar": 0.00239113229327, "dvar2": 0.00559323700145, "max": 0.516790091991, "mean": 0.0659961253405, "median": 0.0467476248741, "min": 6.57083484845e-11, "var": 0.00376397930086}, "spectral_kurtosis": {"dmean": 3.43791723251, "dmean2": 5.52736616135, "dvar": 16.7094287872, "dvar2": 46.8163757324, "max": 55.963180542, "mean": 9.38492870331, "median": 7.53216218948, "min": -1.241076231, "var": 52.0021972656}, "spectral_rms": {"dmean": 0.00102692004293, "dmean2": 0.00151035073213, "dvar": 2.41872794504e-06, "dvar2": 5.4851607274e-06, "max": 0.0180239789188, "mean": 0.00388883030973, "median": 0.00343866739422, "min": 3.19206271658e-12, "var": 6.49030516797e-06}, "spectral_rolloff": {"dmean": 416.660095215, "dmean2": 740.862365723, "dvar": 932956.9375, "dvar2": 2406151.25, "max": 19099.9511719, "mean": 1436.78564453, "median": 1313.52539062, "min": 86.1328125, "var": 1457165.375}, "spectral_skewness": {"dmean": 0.339872032404, "dmean2": 0.53103864193, "dvar": 0.116063289344, "dvar2": 0.302313864231, "max": 5.68969678879, "mean": 2.17408943176, "median": 2.08930969238, "min": -0.0770995169878, "var": 0.442515403032}, "spectral_spread": {"dmean": 764092.5, "dmean2": 994074.8125, "dvar": 1461233385470.0, "dvar2": 3170847424510.0, "max": 43032728, "mean": 4042795, "median": 3468346.5, "min": 1009705, "var": 6091493605380.0}, "spectral_strongpeak": {"dmean": 0.842287480831, "dmean2": 1.36870455742, "dvar": 1.09546744823, "dvar2": 2.72384619713, "max": 16.8404045105, "mean": 1.88315093517, "median": 1.48798441887, "min": 0, "var": 2.65361952782}, "zerocrossingrate": {"dmean": 0.00923684984446, "dmean2": 0.0111009832472, "dvar": 0.000149393410538, "dvar2": 0.000190209029824, "max": 0.51708984375, "mean": 0.0578534565866, "median": 0.052734375, "min": 0.0048828125, "var": 0.00101746350992}, "barkbands": {"dmean": [2.21481386689e-05, 0.00148671318311, 0.00269787362777, 0.0017448553117, 0.00132070621476, 0.00053752749227, 0.000438337185187, 0.000338835961884, 0.00145167042501, 0.00142167240847, 0.00205698073842, 0.000281090964563, 0.0012113499688, 5.74609694013e-05, 0.000187161480426, 0.000333541393047, 0.000107786756416, 0.000121338343888, 9.0682253358e-05, 6.52142043691e-05, 8.1608981418e-05, 7.92280698079e-05, 9.12886825972e-05, 0.000127421808429, 0.000113662215881, 5.37373452971e-05, 1.86792676686e-05], "dmean2": [3.55221345671e-05, 0.00212211580947, 0.00487859733403, 0.00298278825358, 0.00214999355376, 0.000839698361233, 0.000663740909658, 0.000512530852575, 0.00224237074144, 0.00212481268682, 0.00322059681639, 0.000474481697893, 0.00199522799812, 8.5576386482e-05, 0.00030138719012, 0.000531449040864, 0.000167131554917, 0.000197057917831, 0.000138064089697, 0.00010047446267, 0.000128419924295, 0.000126840954181, 0.000151717016706, 0.000216880929656, 0.000190464241314, 9.22328617889e-05, 3.23114982166e-05], "dvar": [1.09823758976e-08, 4.9979891628e-05, 0.000121445940749, 5.48792959307e-05, 4.08613232139e-05, 2.04936304726e-06, 1.14655995276e-06, 9.11668450954e-07, 1.66148038261e-05, 1.10798628157e-05, 2.34337458096e-05, 2.1736952931e-06, 1.17663475976e-05, 1.7074643921e-08, 1.95972702954e-07, 3.88387775274e-07, 7.42842800605e-08, 7.38556025226e-08, 5.75419001336e-08, 5.33064614672e-08, 7.6414814032e-08, 6.42448014787e-08, 1.15791614519e-07, 2.34787691511e-07, 1.59317252724e-07, 3.78801878753e-08, 5.1148281166e-09], "dvar2": [2.79651413138e-08, 9.67957676039e-05, 0.000377307034796, 0.000146050486364, 9.94026559056e-05, 4.93455581818e-06, 2.58105274042e-06, 2.15490808841e-06, 4.1596009396e-05, 2.51381770795e-05, 5.82786051382e-05, 5.77007904212e-06, 3.30547554768e-05, 3.89831100733e-08, 4.6569624601e-07, 9.97206484499e-07, 1.75994557594e-07, 1.9995665923e-07, 1.36355865266e-07, 1.30029619072e-07, 1.92585403624e-07, 1.64614604614e-07, 3.04772413529e-07, 6.4156154167e-07, 4.291671587e-07, 1.03680378061e-07, 1.38342270972e-08], "max": [0.00181109888945, 0.163506776094, 0.164408683777, 0.135880053043, 0.122107155621, 0.0244881547987, 0.0135675761849, 0.0159808881581, 0.0762640982866, 0.0494033023715, 0.0760867148638, 0.0384450294077, 0.0569331496954, 0.00287540140562, 0.008669863455, 0.0098586473614, 0.0120677165687, 0.00498086772859, 0.00582218170166, 0.00492679653689, 0.00336256087758, 0.00433105882257, 0.00633533624932, 0.00715988501906, 0.00622600736097, 0.00243868213147, 0.000863879395183], "mean": [2.96632970276e-05, 0.00222082086839, 0.00310411397368, 0.00194150663447, 0.00154430221301, 0.000663092185277, 0.000613236974459, 0.000524135015439, 0.00201211054809, 0.00256754294969, 0.00308024534024, 0.000301726657199, 0.00156760669779, 0.000137550901854, 0.000297935388517, 0.000579029030632, 0.000163077405887, 0.000163404707564, 0.000121363496874, 6.78466894897e-05, 7.2908376751e-05, 6.81027959217e-05, 7.32905828045e-05, 9.76062656264e-05, 8.81063315319e-05, 3.9761140215e-05, 1.36086055136e-05], "median": [2.72332556506e-07, 5.24934148416e-05, 0.000126141298097, 5.2124967624e-05, 0.000115002156235, 0.000159047660418, 0.000203862902708, 0.000144317760714, 0.000831988581922, 0.000306312344037, 0.000586758600548, 4.99595480505e-05, 0.000513657520059, 2.93643097393e-05, 8.3855484263e-05, 0.000151901549543, 3.77105643565e-05, 5.6211683841e-05, 4.0817525587e-05, 1.42416265589e-05, 5.96907375439e-06, 4.00256021749e-06, 2.87105422103e-06, 3.47044124283e-06, 3.08340759148e-06, 8.09926177681e-07, 1.71789523051e-07], "min": [9.42347678284e-24, 1.71105160965e-23, 5.36016627829e-24, 3.75705419075e-24, 1.51346372546e-23, 7.86009173049e-24, 2.16787543784e-23, 1.86348951326e-23, 2.04023695452e-23, 3.13247262241e-23, 3.60152048142e-23, 5.9065367055e-23, 4.46830569794e-23, 3.42104835451e-23, 9.28701962345e-23, 9.05908362914e-23, 1.26768508587e-22, 1.16803074896e-22, 1.65630560947e-22, 2.22993332665e-22, 3.45906696941e-22, 4.02879493693e-22, 5.22040025762e-22, 8.61199021089e-22, 9.96305019516e-22, 1.60343650501e-21, 2.10026246627e-21], "var": [1.68701710379e-08, 9.87044841168e-05, 0.000121817494801, 6.23504674877e-05, 4.96321736136e-05, 2.4580238005e-06, 1.51519907376e-06, 1.10624466743e-06, 1.66985573742e-05, 2.67191117018e-05, 3.95367460442e-05, 1.67249527294e-06, 1.32021477839e-05, 5.44193383689e-08, 3.44291692045e-07, 9.62325657383e-07, 1.51273141569e-07, 1.02351478404e-07, 6.62856152189e-08, 4.8971816824e-08, 6.51582467981e-08, 5.34500941285e-08, 8.87183588816e-08, 1.64169364325e-07, 1.17248227127e-07, 2.68775881551e-08, 3.94836208173e-09]}, "erbbands": {"dmean": [0.0411222353578, 0.36559394002, 2.18843364716, 5.84341621399, 5.41639947891, 3.37356948853, 2.328135252, 5.28241062164, 5.55631971359, 8.38330078125, 6.1472659111, 41.1338768005, 22.9773159027, 86.9175109863, 57.0935592651, 15.9709568024, 55.2416229248, 11.3357582092, 8.44522762299, 11.0063314438, 12.8168621063, 5.15427589417, 7.72047996521, 4.02588653564, 4.66969966888, 3.03089976311, 3.05625557899, 3.2955429554, 2.97641515732, 2.80433702469, 2.54637122154, 2.36174821854, 2.2469804287, 1.57298958302, 0.632317483425, 0.279862105846, 0.0906309708953, 0.0203370619565, 0.00312346592546, 0.000198113935767], "dmean2": [0.0559682399035, 0.542834997177, 3.94686746597, 10.1045951843, 8.53884124756, 5.75211906433, 3.69841814041, 8.26837158203, 8.28058052063, 12.655623436, 9.42912101746, 63.7682304382, 33.5885543823, 132.681808472, 90.2473526001, 25.8125286102, 90.9920730591, 18.5390281677, 13.6856870651, 17.2790565491, 20.0906620026, 7.96532392502, 12.6711349487, 6.13568878174, 7.23973464966, 4.66543102264, 4.77408409119, 5.17224550247, 4.77893590927, 4.62300491333, 4.25319290161, 3.95440769196, 3.84801459312, 2.66517210007, 1.05499947071, 0.477713495493, 0.156413957477, 0.0353878699243, 0.00539102172479, 0.000336824858095], "dvar": [0.0488501302898, 2.68110489845, 81.6540679932, 605.171386719, 592.536193848, 205.969268799, 62.8278083801, 210.760925293, 188.033340454, 407.1612854, 226.942565918, 13626.40625, 2218.54174805, 35030.1367188, 25132.6582031, 5112.21337891, 25012.2714844, 1045.39880371, 341.184997559, 383.835479736, 524.629699707, 140.015930176, 282.1171875, 96.6809844971, 183.369338989, 105.35534668, 104.710243225, 125.390625, 94.594909668, 105.042961121, 89.3594665527, 75.3465576172, 72.1018218994, 33.1580238342, 4.7169303894, 1.05937719345, 0.110931873322, 0.00611202931032, 0.000140240736073, 5.557391205e-07], "dvar2": [0.0942891761661, 5.38221311569, 251.81388855, 1692.00146484, 1393.54760742, 549.182128906, 164.588806152, 510.340698242, 418.832427979, 954.688842773, 547.209472656, 34232.71875, 4409.98681641, 84500.640625, 66727.953125, 13446.0761719, 69939.1875, 3020.13256836, 854.142272949, 915.819946289, 1305.87231445, 323.56854248, 790.154296875, 217.599365234, 454.739898682, 252.61277771, 261.612579346, 317.202758789, 240.706588745, 277.65423584, 237.386917114, 202.328491211, 197.179428101, 90.2225265503, 12.6182880402, 2.88547444344, 0.305818080902, 0.0169345457107, 0.000377285148716, 1.48376614106e-06], "max": [4.815366745, 35.8993873596, 138.913772583, 477.375091553, 472.532287598, 245.476898193, 134.555282593, 258.816986084, 219.982681274, 284.877807617, 291.361724854, 2191.22290039, 981.546203613, 2978.88305664, 2377.47802734, 1901.59777832, 2773.55151367, 704.948120117, 346.858612061, 299.360626221, 463.493469238, 298.287475586, 319.257781982, 208.927566528, 343.873046875, 200.87713623, 151.773086548, 141.719024658, 134.52696228, 220.234695435, 151.600326538, 153.892379761, 128.286529541, 88.5010147095, 32.0276107788, 15.9583282471, 4.08323478699, 0.976714491844, 0.157340735197, 0.0105863120407], "mean": [0.0665247961879, 0.523028731346, 2.53424048424, 6.8954744339, 6.37605142593, 3.80128717422, 2.94554328918, 6.46049785614, 7.9278678894, 12.8079957962, 9.85204601288, 57.3064994812, 50.2124023438, 137.522415161, 81.1694107056, 19.8435726166, 71.518081665, 19.3359832764, 14.9163103104, 19.7992095947, 22.6246261597, 8.0634098053, 10.803486824, 5.61601400375, 6.03051757812, 3.28145670891, 2.87271046638, 2.92318081856, 2.5669195652, 2.28016090393, 2.03840255737, 1.86166739464, 1.69832825661, 1.19488966465, 0.499097138643, 0.210955768824, 0.0661834329367, 0.0146385049447, 0.00232350896113, 0.000162244643434], "median": [0.000842645182274, 0.0208773519844, 0.156838789582, 0.267004489899, 0.362638324499, 0.386661708355, 0.61442309618, 1.75898599625, 2.56052327156, 5.14144277573, 4.83543777466, 23.3286952972, 14.5649309158, 29.6330604553, 24.7427520752, 5.86961364746, 22.9555130005, 8.80514907837, 6.17368793488, 8.3125667572, 7.31199836731, 2.99065971375, 4.31157922745, 2.13738012314, 1.53743958473, 0.820013821125, 0.358914107084, 0.205512017012, 0.145206511021, 0.105204463005, 0.0845299586654, 0.0699728280306, 0.0578124895692, 0.0408298224211, 0.0184274986386, 0.00544722890481, 0.00111832038965, 0.000241757923504, 3.97840049118e-05, 1.9241728296e-05], "min": [5.02664642675e-22, 3.48137741993e-21, 6.85145785001e-21, 2.03196061212e-20, 3.50650585832e-20, 6.45550943212e-20, 5.9251315631e-20, 5.53765754596e-20, 1.84466123361e-19, 3.82145190387e-19, 3.97767737026e-19, 5.31804755568e-19, 1.06202949277e-18, 1.37629980931e-18, 1.75427388975e-18, 2.69120358521e-18, 2.24226330187e-18, 2.74661951637e-18, 4.52638690581e-18, 6.82934003563e-18, 6.13481189637e-18, 6.90859096935e-18, 6.12587172831e-18, 7.02045722103e-18, 9.29081323086e-18, 8.74015082527e-18, 9.85336718493e-18, 1.51212586442e-17, 1.43734857161e-17, 1.43686698705e-17, 1.27667345255e-17, 1.3400699809e-17, 1.34863998564e-17, 1.00284929011e-17, 6.42009035962e-18, 4.70578128757e-18, 2.78811751334e-18, 9.82917318598e-19, 2.8515632486e-19, 2.91009474262e-20], "var": [0.102300412953, 4.84231472015, 76.3346710205, 692.966369629, 728.575378418, 218.742233276, 65.6100921631, 239.683334351, 264.948577881, 489.380859375, 270.116394043, 13633.5625, 12759.2841797, 60671.1757812, 27444.4082031, 4137.22021484, 28452.4589844, 1093.77392578, 660.76574707, 901.580505371, 1305.2869873, 234.343353271, 402.444396973, 122.44077301, 191.20652771, 100.10786438, 92.0883865356, 105.786750793, 78.6950912476, 79.8355636597, 67.4643554688, 56.0265007019, 49.9005203247, 23.461309433, 3.53250551224, 0.757172346115, 0.0770613476634, 0.00423120101914, 0.000112453271868, 4.51690851833e-07]}, "gfcc": {"mean": [-67.333656311, 87.1148300171, -147.444229126, -12.4523763657, -56.5055503845, 9.60901927948, -30.9485931396, 14.2032003403, -25.6500453949, -5.87390327454, -15.4721393585, -6.26062297821, -9.19931316376], "cov": [[11629.5654297, -217.47555542, 1538.05773926, 1130.52429199, -24.7862300873, 724.546813965, -155.739547729, -289.416168213, -283.102966309, -170.962249756, -350.833679199, 71.0996627808, -283.708831787], [-217.47555542, 1408.45739746, -229.07711792, 94.9703674316, 405.573944092, 16.7461833954, 119.363975525, 9.3889541626, 141.478805542, 11.9794969559, 84.6509780884, -152.35369873, 8.36620426178], [1538.05773926, -229.07711792, 2131.33374023, 1110.55944824, -11.2313890457, 511.431732178, -15.8012304306, -175.467376709, -154.391479492, -24.3176956177, -216.58114624, 90.6096038818, -220.448745728], [1130.52429199, 94.9703674316, 1110.55944824, 867.711242676, 166.935699463, 307.49609375, -36.9394073486, -106.293746948, -51.6572418213, 0.812723994255, -149.318649292, -7.37774848938, -131.522750854], [-24.7862300873, 405.573944092, -11.2313890457, 166.935699463, 366.792053223, 121.336517334, 80.4525146484, 21.5868816376, 78.9887008667, 22.8385009766, 17.8511772156, -75.4164810181, -16.4462051392], [724.546813965, 16.7461833954, 511.431732178, 307.49609375, 121.336517334, 325.844726562, 80.9020843506, -31.3804683685, -28.2608203888, -1.70613634586, -39.9055290222, 30.0097484589, -80.1320037842], [-155.739547729, 119.363975525, -15.8012304306, -36.9394073486, 80.4525146484, 80.9020843506, 157.160690308, 62.717590332, 35.9431037903, -3.58861017227, 38.4245605469, 8.47743415833, 11.2975568771], [-289.416168213, 9.3889541626, -175.467376709, -106.293746948, 21.5868816376, -31.3804683685, 62.717590332, 128.542327881, 62.9290657043, 13.5333442688, 22.7132968903, -4.42510318756, 34.4544181824], [-283.102966309, 141.478805542, -154.391479492, -51.6572418213, 78.9887008667, -28.2608203888, 35.9431037903, 62.9290657043, 107.808929443, 51.6371383667, 28.8322353363, -37.2639732361, 16.5245285034], [-170.962249756, 11.9794969559, -24.3176956177, 0.812723994255, 22.8385009766, -1.70613634586, -3.58861017227, 13.5333442688, 51.6371383667, 107.928115845, 46.7590370178, -20.2344493866, -23.4679393768], [-350.833679199, 84.6509780884, -216.58114624, -149.318649292, 17.8511772156, -39.9055290222, 38.4245605469, 22.7132968903, 28.8322353363, 46.7590370178, 106.59690094, 19.8254127502, 22.5443096161], [71.0996627808, -152.35369873, 90.6096038818, -7.37774848938, -75.4164810181, 30.0097484589, 8.47743415833, -4.42510318756, -37.2639732361, -20.2344493866, 19.8254127502, 109.417259216, 36.6027145386], [-283.708831787, 8.36620426178, -220.448745728, -131.522750854, -16.4462051392, -80.1320037842, 11.2975568771, 34.4544181824, 16.5245285034, -23.4679393768, 22.5443096161, 36.6027145386, 99.6623153687]], "icov": [[0.000118999094411, -2.82195760519e-05, 9.63003112702e-05, -0.000137078211992, 0.000146008009324, -0.000314997741953, 0.000152476219228, 2.2421732865e-05, 2.64966984105e-05, 0.000126328770421, 0.000136384303914, -6.81633173372e-05, 0.000138561968924], [-2.82195760519e-05, 0.00152961548883, 7.58729629524e-06, -0.000661911850329, -0.000576629536226, 0.000136274567922, -0.000485711090732, 0.00106219423469, -0.00168418290559, 0.00206128368154, -0.00283377524465, 0.00233704340644, -0.000815881532617], [9.63003112702e-05, 7.58729629524e-06, 0.00261048576795, -0.00292630284093, 0.00168626476079, -0.00105031428393, -0.00125154899433, 0.000707734900061, -4.41687770945e-05, -0.000123096251627, 0.00112845213152, -0.00170128501486, 0.00186486681923], [-0.000137078211992, -0.000661911850329, -0.00292630284093, 0.00671566510573, -0.00364402052946, 0.000367091066437, 0.00196393369697, -0.000248627969995, 0.00122873869259, -0.00296584679745, 0.0048799100332, -0.00183947815094, 0.000281786225969], [0.000146008009324, -0.000576629536226, 0.00168626476079, -0.00364402052946, 0.00856032595038, -0.00467453151941, -0.000351501337718, 0.000483701413032, -0.00354162370786, 0.00294955796562, -0.0047125313431, 0.00584864756092, -0.00288845226169], [-0.000314997741953, 0.000136274567922, -0.00105031428393, 0.000367091066437, -0.00467453151941, 0.0117349568754, -0.00651485286653, 0.00134256377351, 0.00193875527475, -0.00320420670323, 0.0053696478717, -0.00775538245216, 0.0067490353249], [0.000152476219228, -0.000485711090732, -0.00125154899433, 0.00196393369697, -0.000351501337718, -0.00651485286653, 0.015804104507, -0.00648999400437, -0.00207743863575, 0.00565169425681, -0.00758617231622, 0.00290656415746, -0.00222197081894], [2.2421732865e-05, 0.00106219423469, 0.000707734900061, -0.000248627969995, 0.000483701413032, 0.00134256377351, -0.00648999400437, 0.0159242227674, -0.00858214590698, 0.000586438109167, 0.00212775869295, -0.000895209028386, -0.00098965165671], [2.64966984105e-05, -0.00168418290559, -4.41687770945e-05, 0.00122873869259, -0.00354162370786, 0.00193875527475, -0.00207743863575, -0.00858214590698, 0.0270782988518, -0.0143992817029, 0.00653350260109, 0.00128206936643, -0.00391168473288], [0.000126328770421, 0.00206128368154, -0.000123096251627, -0.00296584679745, 0.00294955796562, -0.00320420670323, 0.00565169425681, 0.000586438109167, -0.0143992817029, 0.0258497595787, -0.0189680829644, 0.0074672754854, 0.00309001654387], [0.000136384303914, -0.00283377524465, 0.00112845213152, 0.0048799100332, -0.0047125313431, 0.0053696478717, -0.00758617231622, 0.00212775869295, 0.00653350260109, -0.0189680829644, 0.0348910652101, -0.0184909868985, 0.00657499069348], [-6.81633173372e-05, 0.00233704340644, -0.00170128501486, -0.00183947815094, 0.00584864756092, -0.00775538245216, 0.00290656415746, -0.000895209028386, 0.00128206936643, 0.0074672754854, -0.0184909868985, 0.030602067709, -0.0173819549382], [0.000138561968924, -0.000815881532617, 0.00186486681923, 0.000281786225969, -0.00288845226169, 0.0067490353249, -0.00222197081894, -0.00098965165671, -0.00391168473288, 0.00309001654387, 0.00657499069348, -0.0173819549382, 0.0268102288246]]}, "melbands": {"dmean": [0.000402984383982, 0.00088750210125, 0.000956325849984, 0.000348450266756, 7.61452320148e-05, 0.000109974076622, 8.91674499144e-05, 9.18832229218e-05, 5.22273112438e-05, 0.00026999093825, 0.000109652311949, 0.000347621826222, 0.000206134936889, 6.94349582773e-05, 6.28708003205e-05, 0.000127214967506, 8.78645823832e-06, 1.24554462673e-05, 1.24124526337e-05, 2.89752479148e-05, 1.13973346743e-05, 5.40952896699e-06, 7.31124555386e-06, 5.47409581486e-06, 3.14289991366e-06, 4.00707767767e-06, 2.4059329462e-06, 1.99549026547e-06, 1.92797506315e-06, 1.97893564291e-06, 1.87355044545e-06, 1.68232804754e-06, 1.53033488459e-06, 1.60754200351e-06, 1.46594118178e-06, 1.42849796703e-06, 1.44808336699e-06, 1.57885961016e-06, 1.56407168106e-06, 1.28139242861e-06], "dmean2": [0.000559406238608, 0.00155282358173, 0.00162552378606, 0.000582432141528, 0.000121649682114, 0.000171827283339, 0.000133831374114, 0.000138535324368, 8.1403675722e-05, 0.000418176699895, 0.000159780858667, 0.000529970391653, 0.000325786939356, 0.000111084293167, 0.000100158416899, 0.000212547398405, 1.36781218316e-05, 2.04215702979e-05, 1.96476285055e-05, 4.65999692096e-05, 1.76911398739e-05, 8.41572091304e-06, 1.19258311315e-05, 8.87903934199e-06, 4.83933217765e-06, 6.19596903562e-06, 3.78668551093e-06, 3.10795007863e-06, 3.0511616842e-06, 3.10816199089e-06, 2.95343329526e-06, 2.69890620075e-06, 2.4880946512e-06, 2.67688392341e-06, 2.44886041401e-06, 2.36956407207e-06, 2.4601399673e-06, 2.69941506303e-06, 2.69110660156e-06, 2.18221407522e-06], "dvar": [4.1648536353e-06, 1.30191701828e-05, 1.35882219183e-05, 2.80008475784e-06, 6.26312299801e-08, 8.78924026892e-08, 4.87042086661e-08, 5.28902894814e-08, 1.60977844388e-08, 6.06290711858e-07, 5.54706893752e-08, 5.59644320219e-07, 2.51193881695e-07, 5.77384469125e-08, 6.20771558602e-08, 1.2748408551e-07, 5.07998754173e-10, 7.76056496843e-10, 1.44250400513e-09, 3.11939651887e-09, 5.13130427038e-10, 2.01271624367e-10, 2.04215463984e-10, 1.66777064381e-10, 5.56761060866e-11, 1.18786300241e-10, 7.27616231155e-11, 4.30336183355e-11, 4.48436981992e-11, 4.57811705212e-11, 4.01713141918e-11, 3.18816223421e-11, 2.64007826017e-11, 3.761839798e-11, 3.17585020781e-11, 2.81847444689e-11, 2.96251287391e-11, 3.88418359976e-11, 3.31867311409e-11, 2.45305026292e-11], "dvar2": [8.072493074e-06, 3.77596552426e-05, 3.77543110517e-05, 7.0163273449e-06, 1.62740718679e-07, 2.11841850728e-07, 1.09126830239e-07, 1.23976917621e-07, 3.85874869835e-08, 1.52094378336e-06, 1.09435475792e-07, 1.34060451273e-06, 6.51672962704e-07, 1.52692138045e-07, 1.62470243481e-07, 3.74234531364e-07, 1.32473154668e-09, 1.97519511858e-09, 3.33823502174e-09, 8.10737521562e-09, 1.26787147448e-09, 4.78518114022e-10, 5.43230072036e-10, 4.37095609707e-10, 1.24466187357e-10, 2.86491969037e-10, 1.84057158403e-10, 1.02436385763e-10, 1.13348323783e-10, 1.14991176303e-10, 1.02565206328e-10, 8.11052336402e-11, 6.97834567909e-11, 9.95407367643e-11, 8.55856080451e-11, 7.47811465529e-11, 8.05640276713e-11, 1.06650230314e-10, 9.11429126615e-11, 6.74231018238e-11], "max": [0.046274073422, 0.052362497896, 0.0657027438283, 0.0319370776415, 0.00470149982721, 0.00527798617259, 0.00350066414103, 0.00362112862058, 0.00220793299377, 0.0147399185225, 0.00506815314293, 0.0110953580588, 0.0065957903862, 0.00438515562564, 0.0054341815412, 0.00656758435071, 0.000491116195917, 0.000589573930483, 0.000841233064421, 0.000919460027944, 0.000798680295702, 0.000494350271765, 0.000225044248509, 0.00021994720737, 0.000156203226652, 0.000258514861343, 0.000217386012082, 0.000129333071527, 0.000112366346002, 7.49625178287e-05, 7.73796491558e-05, 8.55924517964e-05, 8.00498601166e-05, 0.000130589818582, 9.59629032877e-05, 0.000111159082735, 8.47770497785e-05, 0.000102658770629, 6.60315272398e-05, 9.12867180887e-05], "mean": [0.000612558564171, 0.00114886206575, 0.00113208813127, 0.00040397522389, 9.88085375866e-05, 0.000134635920404, 0.00012529848027, 0.000141210810398, 8.24604649097e-05, 0.000371069530956, 0.000238173495745, 0.000543938949704, 0.000303235545289, 8.61584339873e-05, 8.07761680335e-05, 0.000160514202435, 1.90346036106e-05, 2.1564128474e-05, 1.91242215806e-05, 4.98796653119e-05, 1.9160881493e-05, 7.64812648413e-06, 1.0821034266e-05, 7.14596808393e-06, 4.06062235925e-06, 5.23138078279e-06, 2.63858646576e-06, 2.09653080674e-06, 1.80618621926e-06, 1.78058519396e-06, 1.63957781751e-06, 1.45347758007e-06, 1.27412317852e-06, 1.28424892409e-06, 1.1567680076e-06, 1.15530519906e-06, 1.11947417736e-06, 1.18703871976e-06, 1.1725942386e-06, 9.67636196947e-07], "median": [1.02718167909e-05, 7.08972220309e-05, 5.82642351219e-05, 2.93986449833e-05, 2.29079414567e-05, 3.51345261151e-05, 3.91939174733e-05, 5.05930438521e-05, 3.47538734786e-05, 0.000144958888995, 4.83129151689e-05, 0.000100782941445, 7.53179483581e-05, 1.52275151777e-05, 1.11741937872e-05, 5.61638880754e-05, 5.84604731557e-06, 8.29379223433e-06, 3.70554357687e-06, 1.24657153719e-05, 6.31511647953e-06, 1.80599386113e-06, 4.33113109466e-06, 2.32733964367e-06, 1.04713376459e-06, 1.22064568586e-06, 6.45322415949e-07, 4.72555598208e-07, 2.6123848329e-07, 1.32811393883e-07, 1.11728994057e-07, 8.56107504887e-08, 6.37251957869e-08, 5.19784428832e-08, 4.89655569424e-08, 4.29467768015e-08, 4.17693719612e-08, 4.03504429869e-08, 3.81504747793e-08, 3.34380843015e-08], "min": [6.32070185472e-24, 3.70224847379e-24, 3.86731682935e-24, 3.46978102579e-24, 2.17874882046e-24, 1.33996643057e-24, 3.45562886115e-24, 4.61740443222e-24, 3.21873965055e-24, 3.17176554744e-24, 5.27180241842e-24, 4.83863258448e-24, 5.15171057295e-24, 5.49583852108e-24, 7.54653845332e-24, 3.62411535101e-24, 3.19180024785e-24, 6.79468301317e-24, 7.75490896169e-24, 5.80161954617e-24, 4.84047063039e-24, 6.92646538283e-24, 5.63937057949e-24, 4.64828991438e-24, 5.2687660928e-24, 5.64111356766e-24, 5.21962755258e-24, 5.1172401124e-24, 5.55244086875e-24, 6.25861929034e-24, 9.05178603468e-24, 8.11173362609e-24, 7.45166688542e-24, 7.91376030445e-24, 6.84230181285e-24, 6.29309803392e-24, 9.16318739399e-24, 8.00917934183e-24, 9.0248559011e-24, 7.84603817346e-24], "var": [8.30417320685e-06, 1.46907805174e-05, 1.5393285139e-05, 3.25661926581e-06, 6.64864572286e-08, 1.02276658254e-07, 6.67226842666e-08, 6.44696029894e-08, 2.16461089053e-08, 6.02056616117e-07, 3.26547819895e-07, 9.66316633821e-07, 3.36383692456e-07, 5.54141372788e-08, 8.01103254844e-08, 1.21405534514e-07, 9.38762734215e-10, 1.58539337214e-09, 2.47636466888e-09, 7.49797202104e-09, 1.10911213547e-09, 3.63905960921e-10, 3.07488784435e-10, 2.13541823113e-10, 7.11690290034e-11, 1.36942512885e-10, 6.37183500407e-11, 4.11858325222e-11, 3.81350229173e-11, 3.96925166346e-11, 3.32354387067e-11, 2.6348543139e-11, 2.0512511828e-11, 2.81326715396e-11, 2.29992257877e-11, 2.18604648272e-11, 2.11164610103e-11, 2.64023525265e-11, 2.30224034281e-11, 1.67658560646e-11]}, "mfcc": {"mean": [-709.976501465, 132.043151855, -30.9329986572, -9.9330329895, -8.41881084442, -11.9895019531, 3.44469547272, 5.38670873642, 2.54743432999, -0.186266094446, -3.87727952003, -2.77914690971, -1.94740688801], "cov": [[7904.59570312, -274.376739502, 1220.67602539, 482.85043335, 449.344299316, 670.211730957, 94.4560623169, 173.18888855, -10.7143917084, -174.548812866, -36.8548622131, -105.971939087, -137.762268066], [-274.376739502, 1248.96130371, -543.734375, 27.6058673859, 93.4766998291, -15.2688035965, 64.416053772, 1.48062074184, 52.4477806091, 131.808120728, 94.330329895, 46.6773033142, 18.0121803284], [1220.67602539, -543.734375, 1829.09924316, 584.536865234, 324.291168213, 553.546936035, 116.516731262, 132.623168945, -2.28364896774, -127.115196228, 22.0206928253, -23.2649517059, -97.4502868652], [482.85043335, 27.6058673859, 584.536865234, 477.353027344, 288.798706055, 270.495666504, 59.4711265564, 32.018787384, 24.9951229095, 25.0619430542, 45.2288246155, -18.9185962677, -31.2016658783], [449.344299316, 93.4766998291, 324.291168213, 288.798706055, 315.917297363, 262.922393799, 71.0356903076, 44.5934143066, 36.9587097168, 42.0719795227, 52.8807258606, 0.35829949379, -22.9703903198], [670.211730957, -15.2688035965, 553.546936035, 270.495666504, 262.922393799, 388.77166748, 116.403427124, 76.930847168, 20.2328662872, -10.9697313309, 62.1104927063, 16.0802879333, -30.2509326935], [94.4560623169, 64.416053772, 116.516731262, 59.4711265564, 71.0356903076, 116.403427124, 123.719650269, 73.4717330933, 25.1475543976, 11.7270154953, 32.3353500366, 29.2439994812, 5.00904607773], [173.18888855, 1.48062074184, 132.623168945, 32.018787384, 44.5934143066, 76.930847168, 73.4717330933, 128.224258423, 69.6007614136, -12.0035266876, -10.0563707352, 2.81250214577, -3.39354252815], [-10.7143917084, 52.4477806091, -2.28364896774, 24.9951229095, 36.9587097168, 20.2328662872, 25.1475543976, 69.6007614136, 103.617645264, 48.7275161743, 3.65428042412, -5.30793809891, -6.94525337219], [-174.548812866, 131.808120728, -127.115196228, 25.0619430542, 42.0719795227, -10.9697313309, 11.7270154953, -12.0035266876, 48.7275161743, 138.346160889, 79.0905532837, 11.6854724884, -6.72526359558], [-36.8548622131, 94.330329895, 22.0206928253, 45.2288246155, 52.8807258606, 62.1104927063, 32.3353500366, -10.0563707352, 3.65428042412, 79.0905532837, 130.090820312, 58.4254264832, -7.12119197845], [-105.971939087, 46.6773033142, -23.2649517059, -18.9185962677, 0.35829949379, 16.0802879333, 29.2439994812, 2.81250214577, -5.30793809891, 11.6854724884, 58.4254264832, 83.3791885376, 39.1808738708], [-137.762268066, 18.0121803284, -97.4502868652, -31.2016658783, -22.9703903198, -30.2509326935, 5.00904607773, -3.39354252815, -6.94525337219, -6.72526359558, -7.12119197845, 39.1808738708, 94.9621582031]], "icov": [[0.000160356386914, -1.16016963148e-06, -7.67864366935e-06, 1.86419420061e-05, -5.6856948504e-05, -0.000265012087766, 0.000228564007557, -0.00025648222072, 0.00017637910787, 8.05799791124e-05, -1.04669261418e-05, 0.000164728233358, 6.15545723122e-05], [-1.16016963148e-06, 0.00117750104982, 0.000635234522633, -0.000574903737288, -0.0001944443502, -5.31627083546e-05, -0.000576483318582, -1.18700545499e-05, -0.000181901952601, -3.98943629989e-05, -0.000329125585267, -0.00031287400634, 0.000292248645565], [-7.67864366935e-06, 0.000635234522633, 0.00194571283646, -0.00214389339089, 0.00146424735431, -0.00208190106787, 0.000740053015761, -0.00136680831201, 0.000594927463681, 0.000642045342829, 7.32326952857e-05, -0.000786324730143, 0.00118265300989], [1.86419420061e-05, -0.000574903737288, -0.00214389339089, 0.00744942389429, -0.00552130769938, 0.0013701452408, -0.000926601467654, 0.00248322030529, -0.00134179729503, 0.000300989864627, -0.00151183933485, 0.00327121303417, -0.00191766140051], [-5.6856948504e-05, -0.0001944443502, 0.00146424735431, -0.00552130769938, 0.0132272131741, -0.00791190192103, 0.00210947194137, -0.00162098405417, 0.000755208835471, -0.00434444565326, 0.00312147964723, -0.00200628279708, 0.000962231890298], [-0.000265012087766, -5.31627083546e-05, -0.00208190106787, 0.0013701452408, -0.00791190192103, 0.0130244931206, -0.00653675477952, 0.00209236890078, -0.00234243343584, 0.00582665437832, -0.00623607262969, 0.00297512114048, -0.000859650201164], [0.000228564007557, -0.000576483318582, 0.000740053015761, -0.000926601467654, 0.00210947194137, -0.00653675477952, 0.0210522226989, -0.014686091803, 0.00872724596411, -0.0069847246632, 0.00337098049931, -0.00614680256695, 0.000621115206741], [-0.00025648222072, -1.18700545499e-05, -0.00136680831201, 0.00248322030529, -0.00162098405417, 0.00209236890078, -0.014686091803, 0.0291761960834, -0.021723696962, 0.0115038640797, -0.0031281132251, 0.00343650998548, -0.0012913668761], [0.00017637910787, -0.000181901952601, 0.000594927463681, -0.00134179729503, 0.000755208835471, -0.00234243343584, 0.00872724596411, -0.021723696962, 0.0307197961956, -0.0179246775806, 0.010263344273, -0.00571537297219, 0.00276494002901], [8.05799791124e-05, -3.98943629989e-05, 0.000642045342829, 0.000300989864627, -0.00434444565326, 0.00582665437832, -0.0069847246632, 0.0115038640797, -0.0179246775806, 0.0285896006972, -0.0214888975024, 0.0130269629881, -0.00380552676506], [-1.04669261418e-05, -0.000329125585267, 7.32326952857e-05, -0.00151183933485, 0.00312147964723, -0.00623607262969, 0.00337098049931, -0.0031281132251, 0.010263344273, -0.0214888975024, 0.0333303101361, -0.0243771225214, 0.00989063736051], [0.000164728233358, -0.00031287400634, -0.000786324730143, 0.00327121303417, -0.00200628279708, 0.00297512114048, -0.00614680256695, 0.00343650998548, -0.00571537297219, 0.0130269629881, -0.0243771225214, 0.0362180881202, -0.0147911570966], [6.15545723122e-05, 0.000292248645565, 0.00118265300989, -0.00191766140051, 0.000962231890298, -0.000859650201164, 0.000621115206741, -0.0012913668761, 0.00276494002901, -0.00380552676506, 0.00989063736051, -0.0147911570966, 0.0178050845861]]}, "spectral_contrast_coeffs": {"dmean": [0.0524047501385, 0.0478144399822, 0.0510912649333, 0.0333687141538, 0.0213514938951, 0.0137067325413], "dmean2": [0.0891017988324, 0.0773724019527, 0.0802706107497, 0.0530228950083, 0.034232608974, 0.0217247288674], "dvar": [0.00240100570954, 0.00170549727045, 0.00192522315774, 0.000839104352053, 0.000320484658005, 0.000155271613039], "dvar2": [0.00602249754593, 0.00431580282748, 0.00482148490846, 0.00193835084792, 0.000755775370635, 0.00036846799776], "max": [-0.250001341105, -0.462013363838, -0.393274843693, -0.489943057299, -0.62043094635, -0.736992716789], "mean": [-0.649086833, -0.736211121082, -0.648830473423, -0.713954269886, -0.792813241482, -0.817649722099], "median": [-0.666608929634, -0.739719867706, -0.644159138203, -0.708199083805, -0.796685695648, -0.817254543304], "min": [-0.970621049404, -0.984356880188, -0.977355718613, -0.971330940723, -0.964104890823, -0.961130738258], "var": [0.0109074693173, 0.00572152342647, 0.00915101077408, 0.00810404028744, 0.00257652066648, 0.000672677531838]}, "spectral_contrast_valleys": {"dmean": [0.463253438473, 0.464690297842, 0.467265874147, 0.297416985035, 0.345940560102, 0.469777643681], "dmean2": [0.751916587353, 0.745770812035, 0.720003247261, 0.427865445614, 0.431603401899, 0.528030335903], "dvar": [0.204585760832, 0.254050254822, 0.272472262383, 0.130776911974, 0.212066024542, 0.383057355881], "dvar2": [0.398464471102, 0.509308695793, 0.538020551205, 0.176234588027, 0.3099129498, 0.652126193047], "max": [-5.12001228333, -5.22239112854, -5.31801462173, -6.02043962479, -5.58184576035, -7.06277132034], "mean": [-8.94777202606, -7