{"lowlevel": {"average_loudness": 0.975667119026, "barkbands_crest": {"dmean": 2.48926234245, "dmean2": 3.9139456749, "dvar": 6.42413520813, "dvar2": 15.3894615173, "max": 25.6594524384, "mean": 12.259510994, "median": 12.0693683624, "min": 2.08103275299, "var": 17.7507457733}, "barkbands_flatness_db": {"dmean": 0.0319517701864, "dmean2": 0.041845291853, "dvar": 0.00104475510307, "dvar2": 0.00185015599709, "max": 0.814208567142, "mean": 0.176067903638, "median": 0.162913709879, "min": 0.0145008992404, "var": 0.00818672124296}, "barkbands_kurtosis": {"dmean": 10.6477155685, "dmean2": 15.5088300705, "dvar": 445.361724854, "dvar2": 852.657348633, "max": 355.46105957, "mean": 18.2136688232, "median": 8.99654006958, "min": -1.94045376778, "var": 981.24609375}, "barkbands_skewness": {"dmean": 0.981451749802, "dmean2": 1.41871464252, "dvar": 1.29333019257, "dvar2": 2.61976575851, "max": 16.1007041931, "mean": 3.07349014282, "median": 2.74390602112, "min": -5.89816522598, "var": 4.39034128189}, "barkbands_spread": {"dmean": 7.90340709686, "dmean2": 12.1391677856, "dvar": 128.134765625, "dvar2": 299.877288818, "max": 123.557945251, "mean": 18.6957931519, "median": 13.6002845764, "min": 0.202235743403, "var": 266.941741943}, "dissonance": {"dmean": 0.0242811813951, "dmean2": 0.0405873432755, "dvar": 0.000704544654582, "dvar2": 0.00186281139031, "max": 0.5, "mean": 0.452069699764, "median": 0.462157279253, "min": 0.142896145582, "var": 0.00156884931494}, "dynamic_complexity": 2.45808887482, "erbbands_crest": {"dmean": 3.36409306526, "dmean2": 5.46265029907, "dvar": 11.2042999268, "dvar2": 27.1528453827, "max": 34.332901001, "mean": 10.0451498032, "median": 8.54805183411, "min": 2.26036500931, "var": 28.6940250397}, "erbbands_flatness_db": {"dmean": 0.0253668334335, "dmean2": 0.0361179113388, "dvar": 0.000731954118237, "dvar2": 0.00137801538222, "max": 0.511274516582, "mean": 0.123622998595, "median": 0.110346212983, "min": 0.0424490235746, "var": 0.00332738505676}, "erbbands_kurtosis": {"dmean": 2.45882201195, "dmean2": 3.81280446053, "dvar": 56.3766937256, "dvar2": 122.632728577, "max": 239.406829834, "mean": 2.29227733612, "median": 0.121180772781, "min": -1.9316598177, "var": 104.325286865}, "erbbands_skewness": {"dmean": 0.585669994354, "dmean2": 0.86770182848, "dvar": 0.501314938068, "dvar2": 1.02534234524, "max": 10.7053337097, "mean": 0.642215073109, "median": 0.591299593449, "min": -12.6093292236, "var": 1.71256971359}, "erbbands_spread": {"dmean": 17.7622585297, "dmean2": 26.5410079956, "dvar": 413.969207764, "dvar2": 878.785644531, "max": 206.672592163, "mean": 56.4917030334, "median": 50.4577178955, "min": 0.70865637064, "var": 1087.4921875}, "hfc": {"dmean": 13.7611112595, "dmean2": 20.5897769928, "dvar": 359.956359863, "dvar2": 873.527160645, "max": 157.225799561, "mean": 23.0284023285, "median": 14.9577503204, "min": 1.09128826483e-16, "var": 500.617736816}, "melbands_crest": {"dmean": 2.68050551414, "dmean2": 4.32617664337, "dvar": 8.14409255981, "dvar2": 19.7766418457, "max": 31.6943225861, "mean": 15.8961381912, "median": 15.1191673279, "min": 1.87328267097, "var": 26.6259078979}, "melbands_flatness_db": {"dmean": 0.0373959876597, "dmean2": 0.0484504178166, "dvar": 0.00149069936015, "dvar2": 0.0025817679707, "max": 1, "mean": 0.274628520012, "median": 0.266426801682, "min": 0.00387898948975, "var": 0.0122889932245}, "melbands_kurtosis": {"dmean": 27.0602626801, "dmean2": 39.8096199036, "dvar": 2071.32104492, "dvar2": 4199.70214844, "max": 720.910705566, "mean": 53.00365448, "median": 26.9314842224, "min": -1.93046438694, "var": 5824.29150391}, "melbands_skewness": {"dmean": 1.46689605713, "dmean2": 2.18086576462, "dvar": 2.77324128151, "dvar2": 5.88834190369, "max": 21.5630302429, "mean": 4.88688421249, "median": 4.18179702759, "min": -1.78509640694, "var": 9.96728801727}, "melbands_spread": {"dmean": 6.06849718094, "dmean2": 9.15814399719, "dvar": 219.259536743, "dvar2": 443.72845459, "max": 278.710144043, "mean": 14.0427322388, "median": 8.46521568298, "min": 0.293922096491, "var": 511.511505127}, "pitch_salience": {"dmean": 0.0687913894653, "dmean2": 0.108860395849, "dvar": 0.00492964871228, "dvar2": 0.011372978799, "max": 0.900267362595, "mean": 0.479254096746, "median": 0.473178744316, "min": 0.115375593305, "var": 0.0160320755094}, "silence_rate_20dB": {"dmean": 0, "dmean2": 0, "dvar": 0, "dvar2": 0, "max": 1, "mean": 1, "median": 1, "min": 1, "var": 0}, "silence_rate_30dB": {"dmean": 0.0630984157324, "dmean2": 0.126216635108, "dvar": 0.0591122694314, "dvar2": 0.147961646318, "max": 1, "mean": 0.953546762466, "median": 1, "min": 0, "var": 0.0442937985063}, "silence_rate_60dB": {"dmean": 0.0238581076264, "dmean2": 0.0477237030864, "dvar": 0.0232895780355, "dvar2": 0.0529828332365, "max": 1, "mean": 0.035153798759, "median": 0, "min": 0, "var": 0.0339181274176}, "spectral_centroid": {"dmean": 272.853790283, "dmean2": 393.861999512, "dvar": 157488.734375, "dvar2": 278827.78125, "max": 11615.0244141, "mean": 1004.93927002, "median": 738.047302246, "min": 100.973686218, "var": 856226.6875}, "spectral_complexity": {"dmean": 3.64181447029, "dmean2": 5.11805343628, "dvar": 20.4533462524, "dvar2": 35.5292434692, "max": 44, "mean": 12.7168865204, "median": 11, "min": 0, "var": 69.1973190308}, "spectral_decrease": {"dmean": 4.82364814758e-09, "dmean2": 7.72499486601e-09, "dvar": 5.0399671354e-17, "dvar2": 1.22019595915e-16, "max": 7.96244619701e-29, "mean": -1.21340502091e-08, "median": -1.16613350087e-08, "min": -6.79344935861e-08, "var": 6.98002992664e-17}, "spectral_energy": {"dmean": 0.0191107559949, "dmean2": 0.0304790362716, "dvar": 0.000781999377068, "dvar2": 0.00188925501425, "max": 0.264876753092, "mean": 0.0478854328394, "median": 0.0455536432564, "min": 1.04041638458e-20, "var": 0.00107492634561}, "spectral_energyband_high": {"dmean": 0.0010770293884, "dmean2": 0.00159781030379, "dvar": 2.75292336482e-06, "dvar2": 6.56451129544e-06, "max": 0.0165792312473, "mean": 0.00143627158832, "median": 0.000545261078514, "min": 7.2345709128e-21, "var": 4.16137345383e-06}, "spectral_energyband_low": {"dmean": 0.0121709890664, "dmean2": 0.0195724945515, "dvar": 0.000422943121521, "dvar2": 0.00102423154749, "max": 0.220958337188, "mean": 0.0315545611084, "median": 0.0304515883327, "min": 2.37046470018e-23, "var": 0.000601783511229}, "spectral_energyband_middle_high": {"dmean": 0.00114231265616, "dmean2": 0.00169854296837, "dvar": 2.79111941381e-06, "dvar2": 6.05599689152e-06, "max": 0.0269411541522, "mean": 0.00254596280865, "median": 0.00173296662979, "min": 1.12539457146e-21, "var": 7.69218331698e-06}, "spectral_energyband_middle_low": {"dmean": 0.0094968881458, "dmean2": 0.0155119840056, "dvar": 0.000237059211941, "dvar2": 0.000610193819739, "max": 0.148121729493, "mean": 0.0157142579556, "median": 0.0106922434643, "min": 2.19408647738e-22, "var": 0.000311956944643}, "spectral_entropy": {"dmean": 0.26580041647, "dmean2": 0.364288330078, "dvar": 0.0944031104445, "dvar2": 0.175488114357, "max": 9.81366157532, "mean": 7.50542020798, "median": 7.6425447464, "min": 3.65216755867, "var": 0.521782934666}, "spectral_flux": {"dmean": 0.0443756915629, "dmean2": 0.0691175982356, "dvar": 0.00276510324329, "dvar2": 0.00634304387495, "max": 0.442592799664, "mean": 0.0970418155193, "median": 0.0774944871664, "min": 6.57105272972e-11, "var": 0.00426711095497}, "spectral_kurtosis": {"dmean": 2.81364035606, "dmean2": 4.37284183502, "dvar": 451.583190918, "dvar2": 1465.671875, "max": 869.373657227, "mean": 5.91545295715, "median": 2.87545728683, "min": -1.24223434925, "var": 713.108520508}, "spectral_rms": {"dmean": 0.00133618526161, "dmean2": 0.00205115997232, "dvar": 3.0149401482e-06, "dvar2": 6.74725652061e-06, "max": 0.0160753335804, "mean": 0.00637991819531, "median": 0.00666652712971, "min": 3.18596971721e-12, "var": 6.01406918577e-06}, "spectral_rolloff": {"dmean": 574.650939941, "dmean2": 987.427001953, "dvar": 2081167.125, "dvar2": 4612489, "max": 19358.3496094, "mean": 1066.49353027, "median": 387.59765625, "min": 64.599609375, "var": 4568320}, "spectral_skewness": {"dmean": 0.29661694169, "dmean2": 0.419681578875, "dvar": 0.340684115887, "dvar2": 0.76700013876, "max": 25.1446437836, "mean": 1.71372807026, "median": 1.53191351891, "min": -0.22664065659, "var": 1.56786906719}, "spectral_spread": {"dmean": 1094764.125, "dmean2": 1505498.125, "dvar": 2051789684740.0, "dvar2": 4229827657730.0, "max": 42060792, "mean": 6802115, "median": 6878750, "min": 168047.265625, "var": 7876783374340.0}, "spectral_strongpeak": {"dmean": 0.342386484146, "dmean2": 0.60018736124, "dvar": 0.34754627943, "dvar2": 0.904643833637, "max": 8.72118473053, "mean": 0.607519865036, "median": 0.433060586452, "min": 0, "var": 0.400604814291}, "zerocrossingrate": {"dmean": 0.0167093202472, "dmean2": 0.0185126811266, "dvar": 0.000427263730671, "dvar2": 0.000454631372122, "max": 0.5185546875, "mean": 0.0606077946723, "median": 0.04736328125, "min": 0.001953125, "var": 0.00287638255395}, "barkbands": {"dmean": [0.000291676609777, 0.00654105003923, 0.00514190969989, 0.00332062202506, 0.00277468631975, 0.00233601289801, 0.00236812280491, 0.000561614171602, 0.000550518743694, 0.000364578416338, 0.000284046895104, 0.000256880157394, 0.000275617523585, 0.000152225213242, 9.11766110221e-05, 7.32984626666e-05, 7.55041401135e-05, 5.74063415115e-05, 6.23575688223e-05, 8.49774805829e-05, 0.000107317500806, 0.000160322306328, 0.000238267093664, 0.000169629303855, 0.000196359542315, 0.000182012736332, 5.73940960749e-05], "dmean2": [0.000478322734125, 0.0103206662461, 0.00855181366205, 0.00568682001904, 0.00458835717291, 0.0038067670539, 0.00398441124707, 0.000904612359591, 0.000926948618144, 0.000584577675909, 0.00045100247371, 0.000404514255933, 0.000430055515608, 0.000241885325522, 0.000139074763865, 0.000115179471322, 0.000123063364299, 8.7833723228e-05, 9.10418457352e-05, 0.000122598547023, 0.000161456278875, 0.000226687043323, 0.000371077621821, 0.000267493800493, 0.000306760717649, 0.000280406820821, 9.63452548604e-05], "dvar": [4.48596836122e-07, 9.35790521908e-05, 0.000119764365081, 4.89982121508e-05, 3.27315392497e-05, 2.43044760282e-05, 2.75970705843e-05, 1.37528513733e-06, 9.65571757661e-07, 4.5072332e-07, 4.53503872677e-07, 3.48468091715e-07, 6.47353033401e-07, 1.29688956463e-07, 4.48481287663e-08, 3.39806867089e-08, 1.84255881663e-08, 9.68316360428e-09, 2.41537119194e-08, 1.69561396035e-08, 3.49208200134e-08, 8.05908300094e-08, 2.15991974528e-07, 1.06958950141e-07, 1.03659509421e-07, 8.47797707593e-08, 1.69946101636e-08], "dvar2": [1.12357213311e-06, 0.000215005667997, 0.000297691934975, 0.000126370170619, 8.30089920782e-05, 6.21312719886e-05, 7.51794577809e-05, 3.41807526638e-06, 2.5743970582e-06, 1.08476024252e-06, 1.22089909382e-06, 8.77992818005e-07, 1.53954658799e-06, 3.31969062017e-07, 1.02337828878e-07, 8.73514807154e-08, 4.84562292513e-08, 2.04775076895e-08, 5.2195215261e-08, 3.34993508488e-08, 8.36300273477e-08, 1.42873460618e-07, 5.00087196542e-07, 2.6521735208e-07, 2.64273239736e-07, 2.00277142426e-07, 4.65308431785e-08], "max": [0.0132414614782, 0.114139020443, 0.139522045851, 0.0888454914093, 0.0593293234706, 0.0830018594861, 0.063801266253, 0.0189423635602, 0.00904879253358, 0.00685829669237, 0.0210024360567, 0.0111529929563, 0.0211174152792, 0.010183531791, 0.00681417388842, 0.00506459502503, 0.00305631477386, 0.00303857726976, 0.00683039613068, 0.0023127545137, 0.00332506396808, 0.0046746362932, 0.00697577185929, 0.00428773928434, 0.00319666275755, 0.00183794472832, 0.00138762302231], "mean": [0.000536213105079, 0.0185252614319, 0.00916854850948, 0.00504903728142, 0.00312250806019, 0.00338800321333, 0.00272868829779, 0.000685975304805, 0.000679711403791, 0.000448548438726, 0.000451533851447, 0.000386072613765, 0.000389426713809, 0.000235326093389, 0.000144215548062, 0.000122049212223, 0.000113415982923, 0.000103065140138, 0.000101979952888, 0.000148950799485, 0.000171154693817, 0.000266003713477, 0.000270153570455, 0.000184109667316, 0.000223133480176, 0.000193056490389, 4.92637773277e-05], "median": [0.000114518566988, 0.017574634403, 0.00641866540536, 0.00137285795063, 0.00100955646485, 0.0008018083754, 0.000503529212438, 0.000199323229026, 0.000216575092054, 0.000128410363686, 0.00015681955847, 0.000115954477224, 0.000102335230622, 8.94607219379e-05, 5.31253426743e-05, 5.64688634768e-05, 5.55764636374e-05, 4.57712594653e-05, 3.93469308619e-05, 6.42209051875e-05, 7.01070821378e-05, 9.87275197986e-05, 6.23943051323e-05, 5.23866983713e-05, 8.04644078016e-05, 5.2192772273e-05, 1.2578408132e-05], "min": [1.52772775057e-24, 4.50493456081e-24, 6.8694323171e-24, 6.07308038872e-24, 2.68795612875e-23, 1.50635735088e-23, 1.90737179438e-23, 3.74383950841e-23, 4.20201970404e-23, 1.64488069475e-23, 1.20629761839e-23, 3.41170918802e-23, 5.38396747398e-23, 3.77397241727e-23, 5.54034999765e-23, 1.05039827202e-22, 1.06348850366e-22, 1.23971359278e-22, 1.15964711391e-22, 2.0641718148e-22, 3.63719201424e-22, 2.78440055909e-22, 5.74472240118e-22, 5.76275538282e-22, 9.40546361738e-22, 1.28193214101e-21, 2.12922852994e-21], "var": [7.8880663068e-07, 0.000201186703634, 0.000134123009047, 5.59104482818e-05, 3.37548262905e-05, 3.99562668463e-05, 3.48241592292e-05, 1.69071654454e-06, 1.14921340355e-06, 5.95860626618e-07, 1.12735233415e-06, 6.73337524404e-07, 1.17916158615e-06, 2.41979563498e-07, 7.67762173837e-08, 5.22319361096e-08, 2.66022102124e-08, 4.23217088041e-08, 6.19657640755e-08, 4.94087366576e-08, 7.404659641e-08, 2.05123626529e-07, 3.37296143016e-07, 1.24068208152e-07, 1.10332393888e-07, 9.5640693587e-08, 1.1976067249e-08]}, "erbbands": {"dmean": [0.184289634228, 1.57755184174, 4.82774162292, 9.58952236176, 10.9412813187, 6.65629863739, 16.3324432373, 20.2214202881, 33.3611793518, 23.4403820038, 11.0427484512, 11.8397722244, 9.4866437912, 12.2480010986, 10.8019170761, 9.75918483734, 11.7866544724, 7.37495279312, 6.018014431, 4.31547164917, 3.58565688133, 4.40296125412, 3.23902416229, 3.11103534698, 3.14531612396, 3.59648251534, 3.64131259918, 5.21275472641, 5.65643024445, 6.30972576141, 7.77757549286, 2.65304398537, 3.18446588516, 1.5724593401, 1.91931164265, 0.876473069191, 0.344411998987, 0.0701549053192, 0.00580728426576, 0.000835693150293], "dmean2": [0.277922511101, 2.54166936874, 8.02787303925, 16.097070694, 18.8085002899, 10.414059639, 27.3699684143, 32.7416610718, 55.668548584, 39.0478172302, 17.6800842285, 19.9521694183, 15.0672950745, 19.7210578918, 16.9894599915, 15.2271661758, 18.3053779602, 11.4327821732, 9.27389526367, 6.57247924805, 5.51490545273, 7.08240509033, 4.93584537506, 4.56409454346, 4.64918708801, 5.0919380188, 5.26390266418, 7.8806476593, 8.19080924988, 9.11666965485, 12.684264183, 3.76477313042, 5.25631141663, 2.42389535904, 3.09749770164, 1.36986887455, 0.531557619572, 0.111800096929, 0.00926012173295, 0.00146653549746], "dvar": [0.089833214879, 5.54045009613, 92.381187439, 362.401733398, 565.080383301, 217.976776123, 1226.53308105, 2656.38647461, 6109.74804688, 2991.00366211, 411.180511475, 475.797393799, 227.75869751, 532.975891113, 709.286132812, 536.099304199, 1045.68383789, 315.008483887, 307.093780518, 89.9273986816, 73.8365097046, 63.6604766846, 30.1276512146, 37.5716552734, 61.375869751, 36.1949272156, 27.7397727966, 86.7121200562, 80.1021118164, 159.511566162, 254.634841919, 38.210849762, 45.2764396667, 5.52081394196, 12.7378511429, 1.91645205021, 0.331679880619, 0.0157225839794, 0.000108162996185, 5.33616594112e-06], "dvar2": [0.170823723078, 13.6159000397, 228.061126709, 911.776367188, 1481.26464844, 492.127563477, 3303.56005859, 6757.19189453, 16384.2578125, 8025.296875, 1007.49536133, 1265.56848145, 538.915649414, 1302.9765625, 1822.09094238, 1364.54040527, 2420.13232422, 757.606689453, 605.189086914, 211.814376831, 189.165863037, 164.256896973, 64.6803894043, 82.483505249, 136.630233765, 70.8634643555, 57.5436515808, 214.077087402, 165.882019043, 290.991943359, 632.326904297, 72.1993408203, 122.662460327, 12.4795980453, 33.8976707458, 4.59787130356, 0.779897511005, 0.0414041653275, 0.000286064227112, 1.49350080392e-05], "max": [4.64982938766, 31.0260982513, 131.138565063, 210.329971313, 282.724884033, 313.034332275, 482.451812744, 1064.71801758, 1018.81011963, 686.207763672, 379.772613525, 215.143569946, 193.671432495, 262.581665039, 876.197753906, 462.075592041, 996.83215332, 526.650390625, 804.479064941, 233.352249146, 222.347122192, 165.924316406, 132.169815063, 225.510025024, 343.682922363, 108.399612427, 101.280723572, 162.016403198, 128.324859619, 228.07093811, 187.76725769, 137.072875977, 87.7666549683, 26.7760486603, 38.8488311768, 9.3059129715, 3.87686419487, 0.980560541153, 0.0881497710943, 0.0236136615276], "mean": [0.606893420219, 3.9320204258, 9.2462053299, 16.6501102448, 12.2423372269, 8.97918510437, 20.1055355072, 29.2240867615, 40.1356163025, 26.7903003693, 14.5379247665, 14.3549842834, 13.1012506485, 16.5458717346, 18.0264492035, 15.9603366852, 17.9801559448, 12.2418994904, 10.3810358047, 7.50929927826, 6.45240974426, 6.89925527573, 5.86123800278, 5.43980312347, 5.30778312683, 6.13208436966, 6.53990983963, 8.16150283813, 9.34409236908, 8.70675373077, 8.19569301605, 3.63560938835, 3.14821720123, 2.0447204113, 1.91534805298, 0.959395349026, 0.347480088472, 0.0664828568697, 0.00586196547374, 0.000652018585242], "median": [0.33347722888, 4.32978820801, 6.49878978729, 12.6434345245, 5.16111421585, 2.80093789101, 5.83842849731, 6.24532175064, 9.46671867371, 5.45430374146, 5.6164727211, 4.80755472183, 5.2092294693, 5.93880939484, 6.41159534454, 5.40081644058, 5.38989830017, 5.57838106155, 4.42664241791, 3.457280159, 3.07398629189, 3.4113047123, 2.76398801804, 2.11888170242, 2.41338586807, 2.46467375755, 2.99623346329, 3.24063181877, 3.71504616737, 2.51071929932, 1.72619628906, 0.892767727375, 0.926080465317, 0.748137712479, 0.534714579582, 0.292470633984, 0.0913692042232, 0.0154664255679, 0.00191656174138, 0.000148800711031], "min": [3.27922864491e-22, 4.89185900191e-22, 1.12651788919e-20, 1.43416736163e-20, 3.52398844981e-20, 8.15535460492e-20, 1.00997744666e-19, 9.83497779669e-20, 2.32567722881e-19, 6.65313309096e-19, 6.28972679848e-19, 1.0138797229e-18, 7.40759005201e-19, 5.52624167803e-19, 1.03486808678e-18, 1.64841296932e-18, 2.78951751653e-18, 2.81218743519e-18, 4.14026561332e-18, 4.54421678391e-18, 5.84079509713e-18, 7.03219656828e-18, 6.46625903192e-18, 6.97928265168e-18, 6.5003326693e-18, 9.09303765512e-18, 1.39686817222e-17, 1.32538917939e-17, 1.07548071098e-17, 1.39438050925e-17, 1.36660543864e-17, 1.02397970158e-17, 1.0381191961e-17, 1.07635404827e-17, 5.99040229144e-18, 4.3706573342e-18, 2.42607917079e-18, 1.14190939394e-18, 2.73842432785e-19, 3.14522826344e-20], "var": [0.366991817951, 8.62101459503, 105.872398376, 400.767425537, 476.729492188, 369.88381958, 1364.03515625, 4207.88085938, 8148.41601562, 3674.1237793, 509.097686768, 539.689941406, 358.829833984, 738.126281738, 1735.5201416, 1113.74169922, 2098.37548828, 588.446472168, 654.295166016, 161.263595581, 144.183258057, 93.3703231812, 102.114624023, 107.780464172, 145.21786499, 100.109519958, 75.3987503052, 171.283309937, 193.81602478, 356.583129883, 315.765777588, 75.2877883911, 38.0122184753, 8.59192562103, 10.7407369614, 2.14080023766, 0.3598729074, 0.0136726330966, 9.45300562307e-05, 3.36101743414e-06]}, "gfcc": {"mean": [2.91368484497, 72.3636398315, -59.9750137329, 34.4055595398, -47.9229393005, 21.3272609711, -28.1043510437, 5.47411966324, -20.2605190277, 9.3242483139, -16.6683273315, 5.45759391785, -12.9622602463], "cov": [[10828.9296875, -795.012084961, -1130.2911377, -577.26184082, -845.70892334, -149.636856079, -336.835632324, 251.782318115, -235.541366577, 277.857116699, -313.571594238, 174.269744873, -116.219146729], [-795.012084961, 2158.16210938, -160.783706665, -100.313369751, 313.390930176, 59.5563087463, 204.466995239, -115.072013855, 80.8169021606, -24.357219696, 174.473754883, -51.9094543457, 72.8313903809], [-1130.2911377, -160.783706665, 1300.20336914, 369.283111572, 285.613586426, 191.452896118, 124.181114197, 36.6314544678, 51.7953681946, -54.0790557861, 3.02229189873, -5.30801868439, -52.0597038269], [-577.26184082, -100.313369751, 369.283111572, 700.030151367, 226.739273071, 128.210830688, 85.1584320068, 68.2900848389, 120.11782074, -4.60191488266, 24.8474674225, -29.0460281372, 17.9419441223], [-845.70892334, 313.390930176, 285.613586426, 226.739273071, 421.75402832, 163.876556396, 139.695953369, 22.329782486, 63.8412208557, -10.9704675674, 62.9860954285, -27.3018188477, 2.61245417595], [-149.636856079, 59.5563087463, 191.452896118, 128.210830688, 163.876556396, 297.679138184, 132.983322144, 18.7558670044, 15.8623437881, 12.6694841385, 48.713142395, 4.26634740829, -38.5253105164], [-336.835632324, 204.466995239, 124.181114197, 85.1584320068, 139.695953369, 132.983322144, 196.340545654, 44.4600868225, 9.19138145447, -8.07821655273, 44.6424827576, -16.5806064606, -6.87676143646], [251.782318115, -115.072013855, 36.6314544678, 68.2900848389, 22.329782486, 18.7558670044, 44.4600868225, 125.197341919, 43.5400352478, 15.1882295609, -24.4057426453, 8.27473545074, 7.06782770157], [-235.541366577, 80.8169021606, 51.7953681946, 120.11782074, 63.8412208557, 15.8623437881, 9.19138145447, 43.5400352478, 137.314910889, 28.4991760254, 18.966178894, -0.345557898283, 24.2896595001], [277.857116699, -24.357219696, -54.0790557861, -4.60191488266, -10.9704675674, 12.6694841385, -8.07821655273, 15.1882295609, 28.4991760254, 111.593162537, 21.7588653564, 20.3926467896, -0.997777342796], [-313.571594238, 174.473754883, 3.02229189873, 24.8474674225, 62.9860954285, 48.713142395, 44.6424827576, -24.4057426453, 18.966178894, 21.7588653564, 100.974914551, 15.265045166, 4.40407848358], [174.269744873, -51.9094543457, -5.30801868439, -29.0460281372, -27.3018188477, 4.26634740829, -16.5806064606, 8.27473545074, -0.345557898283, 20.3926467896, 15.265045166, 72.7650527954, 21.3125801086], [-116.219146729, 72.8313903809, -52.0597038269, 17.9419441223, 2.61245417595, -38.5253105164, -6.87676143646, 7.06782770157, 24.2896595001, -0.997777342796, 4.40407848358, 21.3125801086, 73.5225753784]], "icov": [[0.000167943740962, -8.6039348389e-05, 9.96431044769e-05, -5.03762712469e-05, 0.000206694530789, -0.000164261233294, 0.000270049029496, -0.000521314097568, 0.000366016465705, -0.0003699400404, 0.000434165092884, -0.000362038001185, 0.0003685078118], [-8.6039348389e-05, 0.000855251739267, 9.54502393142e-05, 0.000378203636501, -0.000596655707341, 0.000343451916706, -0.0010998880025, 0.00129924726207, -0.000932838476729, 0.000378054537578, -0.000799747707788, 0.0006407435867, -0.000859050313011], [9.96431044769e-05, 9.54502393142e-05, 0.00120443128981, -0.000412243767641, -0.000485347001813, -0.000112118264951, -0.000356228934834, 0.000186095843674, -0.000199658388738, 0.000366326014046, 0.000850657001138, -0.00118410738651, 0.00128689978737], [-5.03762712469e-05, 0.000378203636501, -0.000412243767641, 0.00238949549384, -0.000734465254936, -0.000445757148555, -7.28365557734e-05, -0.000179170951014, -0.00150732812472, 0.000329608825268, -0.000680429686327, 0.00152959045954, -0.00142654764932], [0.000206694530789, -0.000596655707341, -0.000485347001813, -0.000734465254936, 0.00489971134812, -0.00157543865498, -0.000372821115889, -0.00106809649151, 8.69416817295e-06, -0.000207003002288, -0.0006157142343, 0.00103636889253, -0.000447687518317], [-0.000164261233294, 0.000343451916706, -0.000112118264951, -0.000445757148555, -0.00157543865498, 0.00672051263973, -0.00419601425529, 0.0019225605065, -0.000937659526244, -0.000239676533965, -0.000466157274786, -0.00257536419667, 0.00351070030592], [0.000270049029496, -0.0010998880025, -0.000356228934834, -7.28365557734e-05, -0.000372821115889, -0.00419601425529, 0.0127200353891, -0.00763071840629, 0.00419461727142, 0.000337997975294, -0.00377407320775, 0.00343401054852, -0.00113074819092], [-0.000521314097568, 0.00129924726207, 0.000186095843674, -0.000179170951014, -0.00106809649151, 0.0019225605065, -0.00763071840629, 0.0163741894066, -0.00654185609892, -0.000219616500544, 0.00497555127367, -0.00286766467616, -0.000486543547595], [0.000366016465705, -0.000932838476729, -0.000199658388738, -0.00150732812472, 8.69416817295e-06, -0.000937659526244, 0.00419461727142, -0.00654185609892, 0.0131307560951, -0.00331467436627, -0.00176234834362, 0.001695949235, -0.00251036370173], [-0.0003699400404, 0.000378054537578, 0.000366326014046, 0.000329608825268, -0.000207003002288, -0.000239676533965, 0.000337997975294, -0.000219616500544, -0.00331467436627, 0.0120759634301, -0.0036365671549, -0.00160596636124, 0.00109649053775], [0.000434165092884, -0.000799747707788, 0.000850657001138, -0.000680429686327, -0.0006157142343, -0.000466157274786, -0.00377407320775, 0.00497555127367, -0.00176234834362, -0.0036365671549, 0.0183218661696, -0.00706631364301, 0.00267695938237], [-0.000362038001185, 0.0006407435867, -0.00118410738651, 0.00152959045954, 0.00103636889253, -0.00257536419667, 0.00343401054852, -0.00286766467616, 0.001695949235, -0.00160596636124, -0.00706631364301, 0.0220374464989, -0.00975512433797], [0.0003685078118, -0.000859050313011, 0.00128689978737, -0.00142654764932, -0.000447687518317, 0.00351070030592, -0.00113074819092, -0.000486543547595, -0.00251036370173, 0.00109649053775, 0.00267695938237, -0.00975512433797, 0.0216022729874]]}, "melbands": {"dmean": [0.00173083727714, 0.00235153804533, 0.00169191055465, 0.000596946571022, 0.000497721135616, 0.000452936103102, 0.000492266321089, 0.000224085830268, 8.40692591737e-05, 7.90571648395e-05, 4.97795808769e-05, 5.28158561792e-05, 3.88551598007e-05, 2.31199028349e-05, 3.35092809109e-05, 2.47091356869e-05, 1.35138316182e-05, 1.15756138257e-05, 6.83568669047e-06, 5.60551416129e-06, 4.12518147641e-06, 4.86004046252e-06, 3.66670633412e-06, 2.7819803563e-06, 2.66402253146e-06, 2.29474198932e-06, 2.83850272353e-06, 2.3691932256e-06, 2.53149710261e-06, 2.48759442911e-06, 3.39420716955e-06, 3.07531809085e-06, 3.43726742358e-06, 3.37353026225e-06, 5.88968214288e-06, 1.93712980945e-06, 1.47325818034e-06, 1.81918994713e-06, 2.42068836087e-06, 1.13623411835e-06], "dmean2": [0.00268184137531, 0.00388875487261, 0.00285948440433, 0.000989606720395, 0.000824207498226, 0.000736904505175, 0.000822854286525, 0.000372033449821, 0.0001339334558, 0.000133817244205, 7.88663746789e-05, 8.51591175888e-05, 6.1635451857e-05, 3.59187943104e-05, 5.27696065546e-05, 3.79802331736e-05, 2.10597791011e-05, 1.81359209819e-05, 1.04931286842e-05, 8.75708883541e-06, 6.44762440061e-06, 7.89656951383e-06, 5.80437699682e-06, 4.29721922046e-06, 3.96690529669e-06, 3.37708115694e-06, 4.34433832197e-06, 3.39040661856e-06, 3.73472926185e-06, 3.73878083337e-06, 5.2888162827e-06, 4.54224345958e-06, 4.96326583743e-06, 4.88866135129e-06, 9.94165930024e-06, 2.75655656878e-06, 2.1114806259e-06, 2.94929805023e-06, 4.10091161029e-06, 1.69014606399e-06], "dvar": [7.01213639331e-06, 1.83613956324e-05, 1.05177268779e-05, 1.49305992636e-06, 1.05495610114e-06, 1.11053964247e-06, 1.2283187516e-06, 2.55240450997e-07, 2.33638566272e-08, 2.13876063526e-08, 6.4401670663e-09, 9.99378002575e-09, 9.98505189642e-09, 2.15848761087e-09, 9.23594978275e-09, 5.41177636038e-09, 1.00189967434e-09, 1.31632782452e-09, 1.95486987709e-10, 1.49682724548e-10, 1.0461977118e-10, 8.11051295568e-11, 4.91083805565e-11, 3.15625268976e-11, 3.02566791066e-11, 5.23177959288e-11, 3.06663028304e-11, 1.40868384665e-11, 1.25146741928e-11, 2.65344586581e-11, 3.44005969544e-11, 2.22675124867e-11, 5.55140551584e-11, 4.77459322079e-11, 1.68108874044e-10, 2.50243922806e-11, 1.5015754265e-11, 1.24382474806e-11, 2.95401481054e-11, 3.44325132642e-12], "dvar2": [1.49985708049e-05, 4.56171183032e-05, 2.66975985141e-05, 3.73699253942e-06, 2.81024358628e-06, 2.84063503386e-06, 3.31963224198e-06, 6.76680485867e-07, 5.7608911419e-08, 5.6807383686e-08, 1.52433248246e-08, 2.43047342252e-08, 2.68377728929e-08, 5.1513922017e-09, 2.32324381955e-08, 1.24618733111e-08, 2.49495846205e-09, 2.65151944845e-09, 4.61011617769e-10, 3.55498575022e-10, 2.68531225034e-10, 2.11145864681e-10, 1.15748077789e-10, 7.15592585188e-11, 6.82264938989e-11, 1.19269705223e-10, 6.44761535828e-11, 2.78675901799e-11, 2.60373667071e-11, 6.68701483075e-11, 8.35422009349e-11, 4.89086202093e-11, 9.76630720739e-11, 9.25352294789e-11, 4.48726028557e-10, 4.70826953813e-11, 3.00062856506e-11, 3.28528731997e-11, 8.12946585049e-11, 7.51312120156e-12], "max": [0.0349862016737, 0.0538268312812, 0.0367768742144, 0.0141843585297, 0.0129891624674, 0.0205473098904, 0.0146047454327, 0.0063095157966, 0.00250676879659, 0.00140596390702, 0.000962418096606, 0.00102981703822, 0.0034245213028, 0.000961151148658, 0.00251699681394, 0.00231922487728, 0.000949876091909, 0.00164581055287, 0.000294647790724, 0.000320552440826, 0.000271817465546, 0.000214917105041, 0.000202646915568, 0.00023341224005, 0.000186410048627, 0.000323137355736, 0.000178241316462, 6.32398368907e-05, 6.58453791402e-05, 0.000116256982437, 8.35627142806e-05, 7.70253900555e-05, 0.000147010548972, 0.000132422879688, 0.000144730089232, 9.82342826319e-05, 9.50481698965e-05, 4.19368370785e-05, 7.4135401519e-05, 1.92679144675e-05], "mean": [0.00532367220148, 0.00503224972636, 0.00275626941584, 0.00070990412496, 0.000624378910288, 0.00066665263148, 0.00058796297526, 0.000253077043453, 0.000109561056888, 9.36982396524e-05, 6.73994072713e-05, 6.7983099143e-05, 6.2484308728e-05, 3.70512098016e-05, 5.09595811309e-05, 3.50172958861e-05, 2.12016984733e-05, 1.84484815691e-05, 1.08620097308e-05, 9.17725992622e-06, 6.842332823e-06, 7.39742836231e-06, 5.23255630469e-06, 5.30834859092e-06, 4.31398893852e-06, 3.57497515324e-06, 4.43325234301e-06, 3.96549739889e-06, 4.29518195233e-06, 4.02941486755e-06, 4.93882453156e-06, 5.13550685355e-06, 5.19497825735e-06, 4.4765452003e-06, 5.57623934583e-06, 2.63585684479e-06, 2.02836031349e-06, 1.8854799464e-06, 2.31793228522e-06, 1.59451019499e-06], "median": [0.00422395393252, 0.00445312075317, 0.0020960373804, 0.000275415222859, 0.000198348541744, 0.000159135073773, 0.000132785280584, 4.34350731666e-05, 3.69459739886e-05, 2.82665387203e-05, 2.53444450209e-05, 2.21796180995e-05, 2.11894621316e-05, 1.27685652842e-05, 1.19102551253e-05, 9.63277852861e-06, 8.80947936821e-06, 6.70650479151e-06, 4.08722280554e-06, 4.24317522629e-06, 2.94409028356e-06, 3.46451111e-06, 2.53213693213e-06, 2.05221408578e-06, 1.4595450466e-06, 1.47045511767e-06, 1.86957458936e-06, 1.51151562022e-06, 1.98782163352e-06, 1.40952352012e-06, 1.99436271942e-06, 2.20345759772e-06, 1.61961861522e-06, 1.13938551749e-06, 1.10817995846e-06, 5.15511374033e-07, 5.05463390255e-07, 5.94039988755e-07, 6.90437786943e-07, 4.66382005015e-07], "min": [1.95842371672e-24, 4.24686463212e-24, 4.80859157792e-24, 4.04528463843e-24, 4.47544772903e-24, 2.43089696754e-24, 3.73231511834e-24, 7.17541962932e-24, 2.69142932555e-24, 6.12474604485e-24, 3.56329811952e-24, 2.43440266541e-24, 2.5598337187e-24, 4.68229021383e-24, 3.64468056038e-24, 4.42878621206e-24, 3.69469591949e-24, 7.10174633166e-24, 5.28667165763e-24, 5.40122648841e-24, 5.62888188489e-24, 6.47497149335e-24, 5.88930183022e-24, 5.99905052593e-24, 5.22455083349e-24, 3.65646772002e-24, 4.56122728058e-24, 5.4780177588e-24, 7.07429397216e-24, 6.49046432709e-24, 7.21430810537e-24, 5.41768331018e-24, 6.51226213163e-24, 8.32160139245e-24, 7.25716297404e-24, 8.1095682029e-24, 5.02192757125e-24, 6.17615058802e-24, 7.23777987274e-24, 8.13288772012e-24], "var": [1.93961022887e-05, 2.16964490392e-05, 1.08048525362e-05, 1.63134507147e-06, 1.1834167708e-06, 1.83444149116e-06, 1.60546801453e-06, 3.16627762231e-07, 2.99396241132e-08, 2.43980124992e-08, 1.00686028404e-08, 1.31252306801e-08, 2.43295232849e-08, 4.57358373396e-09, 1.8975335081e-08, 1.0210922774e-08, 1.79640702314e-09, 2.76469536153e-09, 3.90150162177e-10, 2.45933995391e-10, 1.88909485277e-10, 1.19105225682e-10, 6.66235400182e-11, 2.048380493e-10, 8.00480653984e-11, 1.03074798696e-10, 7.26701199216e-11, 3.85749869547e-11, 3.06891352608e-11, 6.37325817121e-11, 5.63385102459e-11, 5.32142108156e-11, 1.26672630718e-10, 9.9234676032e-11, 1.54940990593e-10, 5.25339528823e-11, 2.62955247854e-11, 1.17250497506e-11, 2.28439194644e-11, 5.66620318374e-12]}, "mfcc": {"mean": [-660.530456543, 114.156219482, 40.398727417, 27.9962539673, 9.00047588348, 19.8829898834, 4.78527355194, 4.88647222519, 4.06575202942, -0.714241802692, 3.96698117256, 1.53438949585, 3.07149744034], "cov": [[8447.77734375, -376.606567383, -880.745300293, -673.803771973, -744.237731934, -500.77633667, -363.057128906, -262.722015381, 8.37729263306, -35.1521148682, -49.1950302124, -91.3320846558, -72.9480209351], [-376.606567383, 1758.56030273, -169.307617188, -101.176010132, 43.1476135254, 112.267448425, 136.305969238, 4.0733590126, -4.27258777618, -90.1416168213, 53.5206451416, 84.00390625, 27.7126407623], [-880.745300293, -169.307617188, 851.239257812, 285.348052979, 226.63722229, 166.365264893, 103.156745911, 138.481063843, 28.5198059082, 65.8759536743, 18.5267734528, 8.94748210907, 38.3423919678], [-673.803771973, -101.176010132, 285.348052979, 472.491088867, 241.214141846, 113.410354614, 61.0010147095, 78.9387054443, 79.5830154419, 88.51146698, 16.4889163971, 11.2180624008, 22.0224876404], [-744.237731934, 43.1476135254, 226.63722229, 241.214141846, 322.036895752, 172.683166504, 79.1054229736, 95.8876724243, 53.5110702515, 63.2940139771, 25.3938789368, 45.0701522827, 28.7664604187], [-500.77633667, 112.267448425, 166.365264893, 113.410354614, 172.683166504, 267.776123047, 146.803009033, 91.270866394, 15.9051933289, 36.8616981506, 61.5854606628, 66.5955505371, 24.0583457947], [-363.057128906, 136.305969238, 103.156745911, 61.0010147095, 79.1054229736, 146.803009033, 238.364151001, 101.645858765, 12.3326025009, 24.3804340363, 42.09897995, 37.514793396, 6.79568958282], [-262.722015381, 4.0733590126, 138.481063843, 78.9387054443, 95.8876724243, 91.270866394, 101.645858765, 156.659133911, 47.0640068054, 37.2273025513, 19.3086357117, 22.8659229279, 12.9022979736], [8.37729263306, -4.27258777618, 28.5198059082, 79.5830154419, 53.5110702515, 15.9051933289, 12.3326025009, 47.0640068054, 110.960906982, 53.8543663025, 9.03161048889, 0.11040828377, 11.2005853653], [-35.1521148682, -90.1416168213, 65.8759536743, 88.51146698, 63.2940139771, 36.8616981506, 24.3804340363, 37.2273025513, 53.8543663025, 104.691215515, 32.5690994263, 1.43915772438, -2.70972585678], [-49.1950302124, 53.5206451416, 18.5267734528, 16.4889163971, 25.3938789368, 61.5854606628, 42.09897995, 19.3086357117, 9.03161048889, 32.5690994263, 86.2006454468, 40.7532501221, 1.44273507595], [-91.3320846558, 84.00390625, 8.94748210907, 11.2180624008, 45.0701522827, 66.5955505371, 37.514793396, 22.8659229279, 0.11040828377, 1.43915772438, 40.7532501221, 87.9401473999, 37.8198394775], [-72.9480209351, 27.7126407623, 38.3423919678, 22.0224876404, 28.7664604187, 24.0583457947, 6.79568958282, 12.9022979736, 11.2005853653, -2.70972585678, 1.44273507595, 37.8198394775, 79.8282699585]], "icov": [[0.000164464363479, 2.47331136052e-05, 6.54348696116e-05, 9.08959264052e-05, 0.000298037804896, 1.2224265447e-05, 0.00010990575538, 1.49395236804e-05, -0.000180195987923, -0.000170231200173, 2.67582363449e-05, -0.000107025574835, 3.20703838952e-05], [2.47331136052e-05, 0.000714145309757, 0.000151041371282, 0.000184777687537, -0.000269523472525, -5.3848601965e-05, -0.000448187172879, 0.000295185629511, -0.000505059782881, 0.000951576570515, -0.000440058181994, -0.000195277301827, -4.14081405324e-05], [6.54348696116e-05, 0.000151041371282, 0.00183778908104, -0.00064155383734, -0.000291957199806, -0.000467530509923, 9.5745184808e-05, -0.00106854946353, 0.00082208076492, -0.000153006621986, -0.000228142278502, 0.00105519907083, -0.00090402882779], [9.08959264052e-05, 0.000184777687537, -0.00064155383734, 0.00419203704223, -0.00241861329414, 0.000348566885805, -0.000404766702559, 0.000779942434747, -0.00147530168761, -0.00108304654714, 0.000116803741548, 0.000443924451247, -0.000196696521016], [0.000298037804896, -0.000269523472525, -0.000291957199806, -0.00241861329414, 0.00841303728521, -0.00366033473983, 0.00155413872562, -0.001401427784, -0.0006129181711, -0.00194459909108, 0.00235649617389, -0.00213337317109, 0.000327163928887], [1.2224265447e-05, -5.3848601965e-05, -0.000467530509923, 0.000348566885805, -0.00366033473983, 0.00949283502996, -0.00348493922502, -0.000418337149313, 0.000962915481068, 0.000239858360146, -0.00294414185919, -0.00228670262732, -9.7450811154e-06], [0.00010990575538, -0.000448187172879, 9.5745184808e-05, -0.000404766702559, 0.00155413872562, -0.00348493922502, 0.0081131849438, -0.00403455737978, 0.00107672077138, -0.000609689508565, -0.000523308990523, 3.88971329812e-06, 0.000609205162618], [1.49395236804e-05, 0.000295185629511, -0.00106854946353, 0.000779942434747, -0.001401427784, -0.000418337149313, -0.00403455737978, 0.0120069608092, -0.00421880371869, -0.000172845000634, 0.000987673876807, -0.00124526186846, 0.000401337776566], [-0.000180195987923, -0.000505059782881, 0.00082208076492, -0.00147530168761, -0.0006129181711, 0.000962915481068, 0.00107672077138, -0.00421880371869, 0.015019390732, -0.00640297634527, 0.000330831913743, 0.0016622368712, -0.00257449783385], [-0.000170231200173, 0.000951576570515, -0.000153006621986, -0.00108304654714, -0.00194459909108, 0.000239858360146, -0.000609689508565, -0.000172845000634, -0.00640297634527, 0.0181648544967, -0.00729022920132, 0.00290514132939, 0.000865057460032], [2.67582363449e-05, -0.000440058181994, -0.000228142278502, 0.000116803741548, 0.00235649617389, -0.00294414185919, -0.000523308990523, 0.000987673876807, 0.000330831913743, -0.00729022920132, 0.0206343494356, -0.009781322442, 0.00414485437796], [-0.000107025574835, -0.000195277301827, 0.00105519907083, 0.000443924451247, -0.00213337317109, -0.00228670262732, 3.88971329812e-06, -0.00124526186846, 0.0016622368712, 0.00290514132939, -0.009781322442, 0.0231901388615, -0.00994494836777], [3.20703838952e-05, -4.14081405324e-05, -0.00090402882779, -0.000196696521016, 0.000327163928887, -9.7450811154e-06, 0.000609205162618, 0.000401337776566, -0.00257449783385, 0.000865057460032, 0.00414485437796, -0.00994494836777, 0.017854610458]]}, "spectral_contrast_coeffs": {"dmean": [0.0521913282573, 0.0592252202332, 0.0413695722818, 0.0327196381986, 0.0209590923041, 0.0176475197077], "dmean2": [0.0867137387395, 0.0958718806505, 0.0672968477011, 0.0510087385774, 0.0334665887058, 0.0282505284995], "dvar": [0.00241847801954, 0.00246896641329, 0.00113222934306, 0.000769301434048, 0.000302832864691, 0.000279817584669], "dvar2": [0.00621995422989, 0.00614382186905, 0.00287753692828, 0.00179084239062, 0.000751720974222, 0.000702811987139], "max": [-0.261439561844, -0.352450937033, -0.459615468979, -0.459331512451, -0.592861235142, -0.57007086277], "mean": [-0.641221940517, -0.701141119003, -0.780328094959, -0.792417764664, -0.817509114742, -0.775015115738], "median": [-0.641483843327, -0.710812687874, -0.785824894905, -0.800151884556, -0.82023024559, -0.777336299419], "min": [-0.975121378899, -0.970405876637, -0.974017322063, -0.975980579853, -0.974387526512, -0.962059795856], "var": [0.00588060589507, 0.00932353455573, 0.00427950313315, 0.00361317605712, 0.00131271744613, 0.00124088628218]}, "spectral_contrast_valleys": {"dmean": [0.468214273453, 0.505834758282, 0.430088222027, 0.394070357084, 0.382488012314, 0.452929705381], "dmean2": [0.716710865498, 0.78201186657, 0.630327105522, 0.568233191967, 0.513231396675, 0.552119493484], "dvar": [0.272020220757, 0.297070413828, 0.196731492877, 0.184538543224, 0.201110556722, 0.281360447407], "dvar2": [0.461486756802, 0.579649031162, 0.343066453934, 0.342598944902, 0.353358954191, 0.502929627895], "max": [-4.99577522278, -4.63081789017, -5.34068632126, -6.08824300766, -6.26858043671, -7.7006483078], "mean": [-6.84374284744, -7.08456897736, -7.76