{"lowlevel": {"average_loudness": 0.951713681221, "barkbands_crest": {"dmean": 3.42877459526, "dmean2": 5.10254478455, "dvar": 9.60154151917, "dvar2": 18.4331207275, "max": 26.6540031433, "mean": 12.3625459671, "median": 10.5051746368, "min": 2.072463274, "var": 44.0183296204}, "barkbands_flatness_db": {"dmean": 0.034071918577, "dmean2": 0.0500040985644, "dvar": 0.00120416388381, "dvar2": 0.00198171893135, "max": 0.573837697506, "mean": 0.126830518246, "median": 0.103937894106, "min": 0.0153676215559, "var": 0.00624065147713}, "barkbands_kurtosis": {"dmean": 9.31700706482, "dmean2": 13.6013097763, "dvar": 832.438537598, "dvar2": 1737.7722168, "max": 730.270141602, "mean": 10.7291231155, "median": 1.14917039871, "min": -1.94014728069, "var": 1149.38793945}, "barkbands_skewness": {"dmean": 1.07065534592, "dmean2": 1.46274983883, "dvar": 1.82972168922, "dvar2": 3.06800961494, "max": 26.1179962158, "mean": 1.93209886551, "median": 1.32035207748, "min": -5.60774183273, "var": 6.35486221313}, "barkbands_spread": {"dmean": 12.0711631775, "dmean2": 18.934173584, "dvar": 186.043716431, "dvar2": 393.966491699, "max": 133.560195923, "mean": 33.2213134766, "median": 29.8527545929, "min": 0.167145296931, "var": 545.102966309}, "dissonance": {"dmean": 0.0118224704638, "dmean2": 0.0198436845094, "dvar": 0.000191731320228, "dvar2": 0.000495863263495, "max": 0.500000059605, "mean": 0.480441659689, "median": 0.487924814224, "min": 0.301637500525, "var": 0.000451924599474}, "dynamic_complexity": 4.74145650864, "erbbands_crest": {"dmean": 2.13234996796, "dmean2": 3.45264029503, "dvar": 4.20701646805, "dvar2": 10.1584339142, "max": 25.5921115875, "mean": 6.82840538025, "median": 5.99126338959, "min": 2.2985830307, "var": 10.2622404099}, "erbbands_flatness_db": {"dmean": 0.0220244713128, "dmean2": 0.0326214209199, "dvar": 0.000415966031142, "dvar2": 0.000807244854514, "max": 0.416292637587, "mean": 0.12015312165, "median": 0.108341030777, "min": 0.032079461962, "var": 0.00309461238794}, "erbbands_kurtosis": {"dmean": 0.957226395607, "dmean2": 1.51256728172, "dvar": 2.71887946129, "dvar2": 6.73166179657, "max": 31.7181129456, "mean": 0.3858910501, "median": -0.115799188614, "min": -1.69443070889, "var": 4.07283782959}, "erbbands_skewness": {"dmean": 0.370651364326, "dmean2": 0.564487874508, "dvar": 0.138925969601, "dvar2": 0.299133062363, "max": 3.71326899529, "mean": -0.12494712323, "median": -0.0433956049383, "min": -4.62637472153, "var": 0.526099324226}, "erbbands_spread": {"dmean": 12.9495925903, "dmean2": 19.0728206635, "dvar": 200.147689819, "dvar2": 409.633300781, "max": 192.891052246, "mean": 45.5247077942, "median": 42.2765579224, "min": 4.24011611938, "var": 536.376037598}, "hfc": {"dmean": 21.130853653, "dmean2": 32.9550323486, "dvar": 974.176757812, "dvar2": 2292.93945312, "max": 210.713867188, "mean": 37.0133666992, "median": 23.957736969, "min": 1.18473280723e-16, "var": 1478.7052002}, "melbands_crest": {"dmean": 4.8652920723, "dmean2": 7.60596895218, "dvar": 20.5384311676, "dvar2": 43.1251029968, "max": 37.2881736755, "mean": 18.0741939545, "median": 17.3519668579, "min": 1.922093153, "var": 69.9438247681}, "melbands_flatness_db": {"dmean": 0.0462747216225, "dmean2": 0.0649162083864, "dvar": 0.00205945735797, "dvar2": 0.00316166225821, "max": 0.739370644093, "mean": 0.200225099921, "median": 0.179028600454, "min": 0.00678785564378, "var": 0.0121691608801}, "melbands_kurtosis": {"dmean": 23.753900528, "dmean2": 33.3540077209, "dvar": 4195.64355469, "dvar2": 7998.25634766, "max": 1651.64074707, "mean": 35.7955055237, "median": 10.128786087, "min": -1.84736776352, "var": 8992.8203125}, "melbands_skewness": {"dmean": 1.45348417759, "dmean2": 1.99419152737, "dvar": 2.96112132072, "dvar2": 4.7601146698, "max": 33.5157279968, "mean": 3.79959321022, "median": 3.03678369522, "min": -1.69180846214, "var": 12.4936771393}, "melbands_spread": {"dmean": 14.648267746, "dmean2": 22.4021110535, "dvar": 381.025695801, "dvar2": 765.755004883, "max": 283.755126953, "mean": 33.5238609314, "median": 24.6532230377, "min": 0.191149637103, "var": 1249.00561523}, "pitch_salience": {"dmean": 0.111830115318, "dmean2": 0.172986611724, "dvar": 0.0132410889491, "dvar2": 0.0247848648578, "max": 0.998658180237, "mean": 0.498128056526, "median": 0.55213779211, "min": 0.022477671504, "var": 0.0415935069323}, "silence_rate_20dB": {"dmean": 0, "dmean2": 0, "dvar": 0, "dvar2": 0, "max": 1, "mean": 1, "median": 1, "min": 1, "var": 0}, "silence_rate_30dB": {"dmean": 0.0750092864037, "dmean2": 0.150037139654, "dvar": 0.0693783536553, "dvar2": 0.141141906381, "max": 1, "mean": 0.843935668468, "median": 1, "min": 0, "var": 0.131709605455}, "silence_rate_60dB": {"dmean": 0.0420844182372, "dmean2": 0.0841792523861, "dvar": 0.0403123386204, "dvar2": 0.0840207263827, "max": 1, "mean": 0.13267326355, "median": 0, "min": 0, "var": 0.115067563951}, "spectral_centroid": {"dmean": 369.177490234, "dmean2": 541.938110352, "dvar": 164901.1875, "dvar2": 277897.6875, "max": 10881.7451172, "mean": 1940.53503418, "median": 2010.31445312, "min": 107.433952332, "var": 780063.6875}, "spectral_complexity": {"dmean": 6.27008295059, "dmean2": 8.81233024597, "dvar": 55.8682136536, "dvar2": 104.765899658, "max": 63, "mean": 20.6928215027, "median": 19, "min": 0, "var": 206.63734436}, "spectral_decrease": {"dmean": 5.98256066908e-09, "dmean2": 8.35797742127e-09, "dvar": 8.08489771781e-17, "dvar2": 1.41778068777e-16, "max": 8.51473475061e-11, "mean": -1.18355041323e-08, "median": -5.85139581233e-09, "min": -7.6182111286e-08, "var": 2.3262965803e-16}, "spectral_energy": {"dmean": 0.0234014894813, "dmean2": 0.032785166055, "dvar": 0.00115035579074, "dvar2": 0.00203526229598, "max": 0.290720939636, "mean": 0.0480270422995, "median": 0.0264504887164, "min": 1.09529949511e-20, "var": 0.00339275086299}, "spectral_energyband_high": {"dmean": 0.0016163578257, "dmean2": 0.00251866481267, "dvar": 5.97982761974e-06, "dvar2": 1.37142114909e-05, "max": 0.0169634651393, "mean": 0.00245321518742, "median": 0.00107581890188, "min": 8.0454090537e-21, "var": 9.0477278718e-06}, "spectral_energyband_low": {"dmean": 0.0205160435289, "dmean2": 0.0295698679984, "dvar": 0.0012707116548, "dvar2": 0.00225762464106, "max": 0.277108818293, "mean": 0.0357740744948, "median": 0.011404549703, "min": 4.59638830996e-23, "var": 0.0031261278782}, "spectral_energyband_middle_high": {"dmean": 0.00254792696796, "dmean2": 0.00411480944604, "dvar": 1.79288999789e-05, "dvar2": 4.60235023638e-05, "max": 0.0465784296393, "mean": 0.00484629767016, "median": 0.00292540597729, "min": 1.77747219588e-21, "var": 2.823844261e-05}, "spectral_energyband_middle_low": {"dmean": 0.00476750964299, "dmean2": 0.00823835656047, "dvar": 9.84742800938e-05, "dvar2": 0.000260223750956, "max": 0.080617852509, "mean": 0.00615405244753, "median": 0.0034750085324, "min": 2.43665325401e-22, "var": 8.33224548842e-05}, "spectral_entropy": {"dmean": 0.209390535951, "dmean2": 0.316718399525, "dvar": 0.0536649674177, "dvar2": 0.107636675239, "max": 9.81449985504, "mean": 7.92403554916, "median": 8.01246070862, "min": 4.74403429031, "var": 0.244372978806}, "spectral_flux": {"dmean": 0.0447200275958, "dmean2": 0.0655009523034, "dvar": 0.0025124666281, "dvar2": 0.0051402808167, "max": 0.470774412155, "mean": 0.113826744258, "median": 0.0951130539179, "min": 1.04656554256e-10, "var": 0.00705152982846}, "spectral_kurtosis": {"dmean": 2.17738652229, "dmean2": 3.38403773308, "dvar": 29.9144268036, "dvar2": 63.577205658, "max": 180.939147949, "mean": 5.86034822464, "median": 3.75888466835, "min": -1.1711152792, "var": 81.3003616333}, "spectral_rms": {"dmean": 0.00154833006673, "dmean2": 0.0021060782019, "dvar": 2.98724307868e-06, "dvar2": 4.75285196444e-06, "max": 0.0168413240463, "mean": 0.00566467316821, "median": 0.00507989712059, "min": 3.26892159175e-12, "var": 1.47671244122e-05}, "spectral_rolloff": {"dmean": 1675.19360352, "dmean2": 2821.70141602, "dvar": 7779057, "dvar2": 17849968, "max": 18949.21875, "mean": 3204.31616211, "median": 1937.98828125, "min": 43.06640625, "var": 15204084}, "spectral_skewness": {"dmean": 0.271432727575, "dmean2": 0.41213530302, "dvar": 0.148098424077, "dvar2": 0.312576681376, "max": 11.376124382, "mean": 1.66795003414, "median": 1.56629228592, "min": -0.0416782051325, "var": 0.594951033592}, "spectral_spread": {"dmean": 1253109, "dmean2": 1813061, "dvar": 2398634901500.0, "dvar2": 4448539115520.0, "max": 39404848, "mean": 5981937, "median": 5463050, "min": 506971.53125, "var": 7028308705280.0}, "spectral_strongpeak": {"dmean": 0.388535439968, "dmean2": 0.639721155167, "dvar": 0.534752428532, "dvar2": 1.4370701313, "max": 7.82366800308, "mean": 0.609365344048, "median": 0.373200058937, "min": 0, "var": 0.689706325531}, "zerocrossingrate": {"dmean": 0.0266883559525, "dmean2": 0.0303428899497, "dvar": 0.00100582721643, "dvar2": 0.00106867100112, "max": 0.52978515625, "mean": 0.103698007762, "median": 0.087890625, "min": 0.001953125, "var": 0.00702558550984}, "barkbands": {"dmean": [0.000536992563866, 0.017396228388, 0.00611322140321, 0.00167552439962, 0.00176183716394, 0.00072523590643, 0.000760547700338, 0.000460456649307, 0.000412689259974, 0.000308138725813, 0.000263154128334, 0.000387503649108, 0.000370588357328, 0.000301481864881, 0.000392536370782, 0.000533706799615, 0.000246036070166, 0.000346407847246, 0.00042582777678, 0.000207868550206, 0.000176308967639, 0.000181625116966, 0.000156509762746, 0.000227072610869, 0.000263281341176, 0.000557143241167, 0.00013271428179], "dmean2": [0.000745029887185, 0.024729045108, 0.0104521615431, 0.00293711037375, 0.00317906728014, 0.00131432025228, 0.0013587824069, 0.000785744108725, 0.000695404596627, 0.00049335375661, 0.000439778057626, 0.000639202189632, 0.000603801046964, 0.000507016491611, 0.000653569528367, 0.000896481331438, 0.000415537477238, 0.000569415511563, 0.000699897645973, 0.000321930361679, 0.000286685535684, 0.000275968865026, 0.00024488728377, 0.000345769542037, 0.000419291522121, 0.000913859868888, 0.000205549382372], "dvar": [9.37409595281e-07, 0.00101220421493, 0.000236557578319, 1.23782810988e-05, 2.19876856136e-05, 3.93728396375e-06, 4.40252824774e-06, 7.77566981469e-07, 7.7792412867e-07, 3.11548888021e-07, 2.05481427429e-07, 3.85767066291e-07, 4.3379412773e-07, 3.40884014349e-07, 1.07662185655e-06, 1.71996350673e-06, 2.93377411253e-07, 2.90624655008e-07, 4.36007837834e-07, 9.54752579219e-08, 1.14666569573e-07, 1.12649260586e-07, 5.15628997277e-08, 1.06698585967e-07, 1.83740340276e-07, 1.15355328489e-06, 4.44241372577e-08], "dvar2": [2.08344090424e-06, 0.00177903659642, 0.000617355341092, 3.46858105331e-05, 6.16114994045e-05, 1.10715918709e-05, 1.24453426906e-05, 2.04962748285e-06, 2.0395420961e-06, 7.97360144134e-07, 5.24158849657e-07, 1.01363127669e-06, 1.06160189262e-06, 9.14890563308e-07, 2.824625426e-06, 4.59491911897e-06, 7.90351009528e-07, 7.43468945075e-07, 1.14924682748e-06, 2.16477886283e-07, 2.64228447122e-07, 2.22527162919e-07, 1.14240769733e-07, 2.28248950407e-07, 4.4623834583e-07, 2.94169603876e-06, 9.53428056505e-08], "max": [0.00859143212438, 0.25909563899, 0.147988989949, 0.0352299213409, 0.0383105576038, 0.0199935566634, 0.0210907049477, 0.00837092101574, 0.0107354400679, 0.00606677541509, 0.00546598201618, 0.00520330388099, 0.00514697702602, 0.00768892746419, 0.0118052689359, 0.0204814542085, 0.00721605168656, 0.004636854399, 0.0054345340468, 0.00240110652521, 0.00321165681817, 0.00339229847305, 0.00185275322292, 0.00260322168469, 0.00295420200564, 0.00829179212451, 0.00223639258184], "mean": [0.000894156808499, 0.028753593564, 0.00496698403731, 0.00187553046271, 0.00162201735657, 0.000654468894936, 0.000834924052469, 0.000575532321818, 0.00052051153034, 0.000455038069049, 0.000345776235918, 0.000467290956294, 0.000463697680971, 0.000382958329283, 0.00048184566549, 0.000654543342534, 0.000337873498211, 0.000470803905046, 0.000667239539325, 0.000335060933139, 0.000278833380435, 0.000293326418614, 0.000268629461061, 0.000375540432287, 0.000331850489601, 0.000545725168195, 0.000173316992004], "median": [0.000132284549181, 0.00611573969945, 0.000794887368102, 0.000682731973939, 0.000434150133515, 0.000131978042191, 0.000250035780482, 0.000233123020735, 0.000205297634238, 0.000154913141159, 0.000135730864713, 0.000205988850212, 0.000188769219676, 0.000136017071782, 0.000157243252033, 0.00018195497978, 0.000133357476443, 0.000211391161429, 0.00033254083246, 0.000164237804711, 0.000103453552583, 0.000107060921437, 8.28032498248e-05, 0.000129986350657, 9.74262220552e-05, 0.000137931259815, 4.88464065711e-05], "min": [2.27141330346e-25, 1.60881365862e-23, 2.86357581446e-23, 7.20157825694e-24, 2.57100749955e-23, 2.23571621351e-23, 7.31680858931e-23, 4.26770468063e-23, 6.3040127923e-23, 5.05037965418e-23, 8.79005303038e-23, 6.40035416584e-23, 2.20210685776e-22, 1.4992239657e-22, 1.42738044669e-22, 2.15576651761e-22, 1.83157901679e-22, 9.40521181298e-23, 5.11620246055e-22, 1.95717198379e-22, 5.22259543664e-22, 5.43688035075e-22, 5.24056581427e-22, 1.09731112323e-21, 1.26255549574e-21, 1.78724084349e-21, 2.33373197273e-21], "var": [2.11261317418e-06, 0.00247354083695, 0.000177197056473, 1.02795511339e-05, 1.44509540405e-05, 2.58463933278e-06, 3.11354165206e-06, 8.6802901933e-07, 8.52087225667e-07, 5.97925463808e-07, 2.84763160607e-07, 4.57894827832e-07, 5.41085455552e-07, 4.2746893314e-07, 9.93435833152e-07, 2.18503737415e-06, 3.09676323695e-07, 4.05451118013e-07, 7.35360401904e-07, 1.81262109322e-07, 1.96227162519e-07, 2.43792300125e-07, 1.32391178909e-07, 2.77737910892e-07, 2.32874697303e-07, 1.00148770343e-06, 9.20185954101e-08]}, "erbbands": {"dmean": [0.555281281471, 4.0909819603, 7.72269916534, 5.47604084015, 5.70385932922, 5.61103248596, 5.17419528961, 6.64608716965, 8.35076904297, 13.7439756393, 10.5591459274, 8.55808830261, 7.9512720108, 9.95171546936, 9.42443466187, 15.7515926361, 16.0889606476, 12.5814743042, 19.8880271912, 25.4593315125, 24.2644119263, 14.526927948, 15.1800451279, 23.586145401, 16.4937038422, 9.84538841248, 7.83448457718, 7.10506391525, 6.68163490295, 5.86837911606, 4.50692892075, 5.1702504158, 3.42325496674, 2.72321486473, 2.12750530243, 2.1172580719, 1.17689883709, 0.204465672374, 0.0249978620559, 0.000778897257987], "dmean2": [0.765443861485, 5.90232515335, 12.6723155975, 9.33884048462, 10.2302474976, 10.1922245026, 9.24311351776, 11.9659233093, 15.2226762772, 23.8344249725, 17.7243919373, 14.5422811508, 13.063706398, 16.2994117737, 16.0710201263, 25.8076019287, 26.5118503571, 20.66065979, 33.82654953, 40.0832633972, 41.1198654175, 24.7652111053, 24.5695514679, 38.9283409119, 26.6321983337, 15.3826208115, 12.5325345993, 11.4226789474, 10.0859565735, 8.5077047348, 7.00127363205, 7.95968151093, 5.2609372139, 4.33615636826, 3.42056536674, 3.55550575256, 1.95733821392, 0.316368401051, 0.0391995161772, 0.00112745549995], "dvar": [0.997668981552, 64.4716110229, 384.967498779, 113.775260925, 216.994140625, 253.184951782, 190.650482178, 315.132629395, 550.508728027, 1271.01159668, 488.895599365, 296.043914795, 178.554260254, 290.302856445, 216.183166504, 670.47253418, 772.20526123, 483.779052734, 2772.76733398, 3495.12890625, 3183.18701172, 1035.0904541, 598.032958984, 1320.04101562, 666.291137695, 207.67388916, 195.316040039, 203.359634399, 151.371658325, 76.1395797729, 40.7523345947, 56.9422988892, 26.8657226562, 17.7299861908, 12.7895040512, 15.8940944672, 6.00441741943, 0.127708032727, 0.00152190751396, 1.36381288485e-06], "dvar2": [1.71357786655, 119.654747009, 952.570739746, 304.26852417, 609.738891602, 717.228881836, 533.974731445, 885.234985352, 1578.69494629, 3516.40161133, 1267.15136719, 775.813781738, 448.548858643, 758.157958984, 575.615844727, 1716.74694824, 1931.30114746, 1220.0234375, 7691.51025391, 9277.26757812, 8636.4140625, 2811.83007812, 1506.42944336, 3422.76269531, 1684.32983398, 483.672668457, 408.804656982, 501.080444336, 289.152069092, 162.299987793, 93.1493148804, 132.329147339, 59.3508911133, 41.563949585, 32.0955696106, 40.9012985229, 15.623465538, 0.286084502935, 0.00333551527001, 2.41501993514e-06], "max": [8.60584926605, 61.8998336792, 162.438491821, 101.829315186, 149.403244019, 138.654327393, 143.66468811, 167.101882935, 216.02532959, 401.184234619, 292.730804443, 210.922088623, 122.303756714, 164.878036499, 164.096450806, 209.531112671, 212.848587036, 197.931900024, 832.280822754, 903.782409668, 764.437988281, 429.996063232, 185.106735229, 325.602111816, 210.950408936, 113.957878113, 136.538970947, 143.511428833, 127.460235596, 91.6027374268, 48.4869651794, 64.1793136597, 46.6182174683, 27.6450862885, 27.1623210907, 35.769115448, 17.2302074432, 3.82429361343, 0.387230575085, 0.0174804385751], "mean": [0.949734628201, 5.87103891373, 7.04373979568, 6.29868793488, 5.67100048065, 4.95373392105, 4.76325273514, 6.08780574799, 8.07171058655, 16.147562027, 14.0894994736, 10.9399461746, 11.9695911407, 14.9532756805, 13.589050293, 19.1375026703, 20.9428253174, 16.9615516663, 24.8433246613, 32.874797821, 30.7353477478, 20.1705341339, 21.5904312134, 35.9471664429, 26.8967247009, 15.9296474457, 13.2044792175, 10.9305744171, 10.5177383423, 9.77958869934, 7.52080059052, 8.25592136383, 5.39648342133, 3.63657951355, 2.49157762527, 2.08564567566, 1.11248528957, 0.226856946945, 0.0319993235171, 0.00132739718538], "median": [0.170720070601, 1.17205107212, 1.49307024479, 2.73776221275, 2.21834993362, 1.34935641289, 1.18144035339, 1.14692366123, 2.62629365921, 5.1006231308, 5.9970998764, 4.74191188812, 4.96263217926, 5.84270381927, 6.76443767548, 8.47667121887, 9.08923149109, 7.39752388, 8.56759262085, 9.61105918884, 9.56218338013, 8.51783847809, 10.529876709, 17.2996520996, 12.0419902802, 7.72002983093, 5.23177433014, 3.42528247833, 3.51777052879, 3.34722137451, 2.26020383835, 2.39849543571, 1.93327140808, 1.0979013443, 0.693227767944, 0.487022101879, 0.263342559338, 0.0594040825963, 0.00933460332453, 0.000368257751688], "min": [5.6642176943e-22, 3.84693066616e-21, 3.08023093122e-20, 2.08040657727e-20, 5.72976313465e-20, 5.48270173402e-20, 2.60314462553e-19, 1.75580471672e-19, 1.0917405796e-18, 4.96181136814e-19, 1.29384530847e-18, 1.42475181029e-18, 1.29855744623e-18, 3.46004790545e-18, 3.05881485034e-18, 3.12669329141e-18, 9.62659892872e-18, 9.33006129656e-18, 6.39651033549e-18, 9.71785183953e-18, 1.06950648172e-17, 1.0721434508e-17, 5.74605024336e-18, 1.97886914249e-17, 1.93580694699e-17, 9.87076362039e-18, 1.54181916687e-17, 2.2578981735e-17, 2.09344259088e-17, 2.148689984e-17, 1.21953404922e-17, 2.11350718013e-17, 1.7221111223e-17, 1.2609359278e-17, 1.06061098142e-17, 7.44977305793e-18, 3.4329655986e-18, 9.44587940362e-19, 3.30478274405e-19, 3.9234504466e-20], "var": [2.87106156349, 120.643333435, 328.441711426, 102.957511902, 145.858459473, 160.192718506, 127.110290527, 212.4271698, 343.086669922, 1070.94140625, 566.074462891, 349.346923828, 315.585479736, 467.91317749, 281.726806641, 838.920654297, 974.158996582, 605.918640137, 2733.04321289, 4019.37817383, 3977.91479492, 1085.00354004, 798.276916504, 2214.06738281, 1202.34436035, 405.119537354, 376.27130127, 351.725524902, 343.977813721, 174.044372559, 110.573455811, 148.514816284, 53.8936729431, 26.0185031891, 14.5270547867, 13.9522418976, 4.78719568253, 0.159774512053, 0.00308184861206, 6.19559568804e-06]}, "gfcc": {"mean": [-5.76954174042, 39.8726959229, -94.9167633057, 21.6709022522, -30.5321292877, 16.7032260895, -23.5947742462, 19.1014080048, -17.5712337494, 6.95332717896, -12.7785110474, 1.93072080612, -15.0775871277], "cov": [[22995.546875, -2703.16650391, 1754.87609863, 2260.70117188, -909.345092773, 563.665466309, -586.675170898, -326.251037598, -719.687072754, 15.8376951218, -291.979797363, 280.988861084, -628.866271973], [-2703.16650391, 3627.44311523, -44.4368019104, 52.311580658, 384.486816406, -272.420898438, 325.104278564, -22.8056678772, 142.386550903, -3.95805168152, 210.110290527, -174.869567871, 155.501846313], [1754.87609863, -44.4368019104, 1265.30456543, 360.833526611, 93.6727676392, 172.556381226, -28.4866485596, -25.5694293976, 86.0398712158, 39.3228302002, 31.307882309, 119.406471252, -117.257904053], [2260.70117188, 52.311580658, 360.833526611, 916.220397949, 58.2749443054, 211.648330688, 86.2511672974, -112.832778931, -77.8508682251, -66.2328262329, -50.0849151611, 36.1631507874, -105.287704468], [-909.345092773, 384.486816406, 93.6727676392, 58.2749443054, 460.993530273, 131.849563599, 215.253448486, 105.646362305, 118.379241943, 10.2662086487, 53.7339057922, 2.30179452896, 61.8770027161], [563.665466309, -272.420898438, 172.556381226, 211.648330688, 131.849563599, 364.862091064, 137.194458008, 112.116592407, 14.44622612, 53.8488311768, 13.0865154266, 41.7455291748, -4.55642557144], [-586.675170898, 325.104278564, -28.4866485596, 86.2511672974, 215.253448486, 137.194458008, 327.475891113, 109.432876587, 51.1774139404, 39.9757194519, 67.1693115234, -20.3701381683, 35.4803390503], [-326.251037598, -22.8056678772, -25.5694293976, -112.832778931, 105.646362305, 112.116592407, 109.432876587, 211.211364746, 67.1485214233, 72.7655105591, 48.9350280762, 13.4274902344, 62.0256004333], [-719.687072754, 142.386550903, 86.0398712158, -77.8508682251, 118.379241943, 14.44622612, 51.1774139404, 67.1485214233, 185.227539062, 42.2822532654, 64.8726119995, 36.2961845398, 55.8471298218], [15.8376951218, -3.95805168152, 39.3228302002, -66.2328262329, 10.2662086487, 53.8488311768, 39.9757194519, 72.7655105591, 42.2822532654, 123.02167511, 68.221031189, 20.6906223297, 26.2687129974], [-291.979797363, 210.110290527, 31.307882309, -50.0849151611, 53.7339057922, 13.0865154266, 67.1693115234, 48.9350280762, 64.8726119995, 68.221031189, 116.702346802, 27.2342453003, 39.0522766113], [280.988861084, -174.869567871, 119.406471252, 36.1631507874, 2.30179452896, 41.7455291748, -20.3701381683, 13.4274902344, 36.2961845398, 20.6906223297, 27.2342453003, 96.5806350708, 17.2300014496], [-628.866271973, 155.501846313, -117.257904053, -105.287704468, 61.8770027161, -4.55642557144, 35.4803390503, 62.0256004333, 55.8471298218, 26.2687129974, 39.0522766113, 17.2300014496, 105.515220642]], "icov": [[8.87641945155e-05, 3.22561172652e-05, -6.24889871688e-05, -0.000215784748434, 7.6715630712e-05, 4.12776316807e-05, 0.000131309468998, -0.000162662094226, 0.000252106401604, -0.000162110460224, -3.01386953652e-05, -8.71616211953e-05, 0.000137301176437], [3.22561172652e-05, 0.000553586927708, -0.000209236168303, -0.000309652503347, -0.000200552152819, 0.000588034861721, -0.000234369799728, 0.000180999850272, 0.000109326298116, 0.000172327680048, -0.00105673552025, 0.00135402136948, -0.000980452401564], [-6.24889871688e-05, -0.000209236168303, 0.00144500681199, -0.000101784680737, -0.000412462570239, -0.000419498217525, 0.000517327745911, 1.07637888505e-05, -0.000970631197561, -0.000422807410359, 0.00011379004718, -0.00163875613362, 0.00232814485207], [-0.000215784748434, -0.000309652503347, -0.000101784680737, 0.00258023128845, -0.000120215838251, -0.00150188757107, -0.00105060159694, 0.00177369196899, -0.00010102950182, 0.00109662662726, 0.000689818290994, -0.00109717028681, 0.000652423710562], [7.6715630712e-05, -0.000200552152819, -0.000412462570239, -0.000120215838251, 0.00430853990838, -0.000988066662103, -0.00175173173193, -0.000514406769071, -0.00156287418213, 0.00161551707424, 0.000202446099138, 0.000396564253606, -0.00121810950805], [4.12776316807e-05, 0.000588034861721, -0.000419498217525, -0.00150188757107, -0.000988066662103, 0.0061679254286, -0.00137641711626, -0.00257605384104, 0.0010244686855, -0.00206495914608, 0.00097227236256, -0.000761108240113, -2.62351804849e-05], [0.000131309468998, -0.000234369799728, 0.000517327745911, -0.00105060159694, -0.00175173173193, -0.00137641711626, 0.00680910097435, -0.00215643201955, 0.000477354420582, -1.75524164661e-05, -0.00294732791372, 0.00176962441765, 0.00115398457274], [-0.000162662094226, 0.000180999850272, 1.07637888505e-05, 0.00177369196899, -0.000514406769071, -0.00257605384104, -0.00215643201955, 0.010381648317, -0.00140724016819, -0.00259283976629, 0.000763012212701, 0.000876165635418, -0.00367668247782], [0.000252106401604, 0.000109326298116, -0.000970631197561, -0.00010102950182, -0.00156287418213, 0.0010244686855, 0.000477354420582, -0.00140724016819, 0.0100377844647, -0.000747458427213, -0.00240189186297, -0.00196217745543, -0.0021279156208], [-0.000162110460224, 0.000172327680048, -0.000422807410359, 0.00109662662726, 0.00161551707424, -0.00206495914608, -1.75524164661e-05, -0.00259283976629, -0.000747458427213, 0.0161684658378, -0.00867834873497, 0.00150753487833, -0.000766081153415], [-3.01386953652e-05, -0.00105673552025, 0.00011379004718, 0.000689818290994, 0.000202446099138, 0.00097227236256, -0.00294732791372, 0.000763012212701, -0.00240189186297, -0.00867834873497, 0.0197506155819, -0.00614638486877, -0.000216120024561], [-8.71616211953e-05, 0.00135402136948, -0.00163875613362, -0.00109717028681, 0.000396564253606, -0.000761108240113, 0.00176962441765, 0.000876165635418, -0.00196217745543, 0.00150753487833, -0.00614638486877, 0.0194720569998, -0.00704800197855], [0.000137301176437, -0.000980452401564, 0.00232814485207, 0.000652423710562, -0.00121810950805, -2.62351804849e-05, 0.00115398457274, -0.00367668247782, -0.0021279156208, -0.000766081153415, -0.000216120024561, -0.00704800197855, 0.020013121888]]}, "melbands": {"dmean": [0.00481275655329, 0.00432943319902, 0.000940421014093, 0.000408329535276, 0.000195894055651, 0.000145936995978, 0.000134141460876, 0.000139897791087, 8.70829608175e-05, 5.07166259922e-05, 4.25160105806e-05, 4.28493476647e-05, 3.3204913052e-05, 4.08871237596e-05, 4.81698225485e-05, 3.27896523231e-05, 2.23092665692e-05, 3.34404758178e-05, 3.06352085317e-05, 4.13885863964e-05, 2.5272333005e-05, 1.63876466104e-05, 1.1786354662e-05, 1.83986703632e-05, 2.0469446099e-05, 1.61659736477e-05, 8.37512834551e-06, 6.51224081594e-06, 5.45649754713e-06, 4.37496419181e-06, 4.43847375209e-06, 4.47918955615e-06, 2.89469130621e-06, 3.58290094482e-06, 2.80019548882e-06, 2.58167119682e-06, 3.41662530445e-06, 2.47817615673e-06, 2.13697853724e-06, 2.49019853982e-06], "dmean2": [0.00668392842636, 0.00646174279973, 0.00158147455659, 0.00073825137224, 0.000351151014911, 0.000262813002337, 0.000244244409259, 0.000241522662691, 0.000145615704241, 8.68913339218e-05, 6.95875642123e-05, 6.99102674844e-05, 5.58976389584e-05, 6.86092098476e-05, 8.04915689514e-05, 5.27249867446e-05, 3.71511196136e-05, 5.76045094931e-05, 4.9550573749e-05, 6.841722643e-05, 4.27352642873e-05, 2.78957923001e-05, 1.97403223865e-05, 3.06643160002e-05, 3.40418228006e-05, 2.64868631348e-05, 1.32981313072e-05, 1.04098862721e-05, 8.86054112925e-06, 7.12215933163e-06, 7.22472805137e-06, 6.94497839504e-06, 4.37268545284e-06, 5.4438683037e-06, 4.4782977966e-06, 3.95695496991e-06, 5.37483765584e-06, 3.77226956516e-06, 3.33935827257e-06, 4.05959781347e-06], "dvar": [7.28169179638e-05, 9.07724097488e-05, 3.4122613215e-06, 1.26348493268e-06, 2.68044658469e-07, 1.54125615381e-07, 1.45167646792e-07, 1.18739308164e-07, 4.21113348636e-08, 9.66378443934e-09, 5.16741538448e-09, 5.34386712658e-09, 2.74919020882e-09, 4.81094719618e-09, 1.08078612726e-08, 3.55338336533e-09, 1.64975100247e-09, 7.52065609788e-09, 6.01793948007e-09, 9.75215108667e-09, 3.16907633469e-09, 1.40137568216e-09, 4.38116598556e-10, 9.11233977163e-10, 1.03068975577e-09, 6.95815405294e-10, 1.51688578365e-10, 9.26798152112e-11, 9.05720290434e-11, 7.97484647763e-11, 7.45710646011e-11, 8.31731697404e-11, 2.0770571027e-11, 2.91172502775e-11, 1.60814174477e-11, 1.39259211801e-11, 2.65165511076e-11, 1.34328615939e-11, 1.0982775453e-11, 1.54148031145e-11], "dvar2": [0.000125544436742, 0.000196207460249, 8.92641492101e-06, 3.5661162201e-06, 7.49512651055e-07, 4.33706190961e-07, 4.15736138848e-07, 3.28958265072e-07, 1.09887537292e-07, 2.54301699698e-08, 1.30990880365e-08, 1.38377984626e-08, 7.15852666033e-09, 1.26942385492e-08, 2.7786132506e-08, 8.48982928403e-09, 4.24821289258e-09, 2.09178274702e-08, 1.54950328124e-08, 2.59961137061e-08, 8.69292016148e-09, 3.88940835094e-09, 1.13166387372e-09, 2.35377917157e-09, 2.69745870085e-09, 1.7742282088e-09, 3.71148306533e-10, 2.13158657392e-10, 1.93596680353e-10, 1.83477871785e-10, 1.9332757617e-10, 1.76974657151e-10, 4.10632222669e-11, 6.64718419197e-11, 3.8454888579e-11, 3.13229754634e-11, 6.31318330946e-11, 3.05338497542e-11, 2.46031250928e-11, 3.76860417872e-11], "max": [0.0735414177179, 0.074563510716, 0.0195930507034, 0.0102683957666, 0.00519144302234, 0.00373820099048, 0.00362928002141, 0.00399687513709, 0.00298542226665, 0.00119153608102, 0.000622139777988, 0.000708668143488, 0.000611619907431, 0.000645477615763, 0.00104432867374, 0.00064651860157, 0.000349026697222, 0.00147879298311, 0.00105199718382, 0.00158894679043, 0.0007230238989, 0.000478152418509, 0.000253060599789, 0.000258324842434, 0.000290780473733, 0.000251839432167, 0.000112913672638, 7.47934027459e-05, 7.578865916e-05, 9.09289956326e-05, 7.70922270021e-05, 9.54527204158e-05, 5.65934824408e-05, 4.13935376855e-05, 3.44705258613e-05, 3.62533974112e-05, 5.12785336468e-05, 3.77052274416e-05, 2.71742828772e-05, 2.71393309959e-05], "mean": [0.00827863998711, 0.00520050665364, 0.00108708464541, 0.000376907817554, 0.000180461982382, 0.000134567366331, 0.000134907299071, 0.000167947349837, 0.000114189533633, 6.43101448077e-05, 6.23235901003e-05, 6.40107245999e-05, 4.64926415589e-05, 4.72654719488e-05, 5.62546010769e-05, 4.29490100942e-05, 2.83920489892e-05, 4.03248814109e-05, 3.74014634872e-05, 5.11077887495e-05, 3.13399614242e-05, 2.13594830711e-05, 1.56070691446e-05, 2.3673143005e-05, 2.99569110211e-05, 2.49718959822e-05, 1.22922119772e-05, 1.01937293948e-05, 8.88832073542e-06, 6.34767548036e-06, 6.38570054434e-06, 6.47672140985e-06, 4.69088809041e-06, 5.7184643083e-06, 4.35545507571e-06, 4.23909204983e-06, 5.26440726389e-06, 3.80059782401e-06, 3.13914051731e-06, 3.09185406877e-06], "median": [0.00175996986218, 0.00124872510787, 0.000496157328598, 0.000112206500489, 4.70169761684e-05, 2.80118110823e-05, 4.32538290625e-05, 6.03742955718e-05, 4.65729171992e-05, 2.8021639082e-05, 2.43892973231e-05, 2.37792664848e-05, 2.18217082875e-05, 2.12458944588e-05, 1.92610950762e-05, 1.86824763659e-05, 1.21921930258e-05, 1.27798048197e-05, 1.13341320684e-05, 1.28074789245e-05, 9.9568405858e-06, 8.18607259134e-06, 8.41725795908e-06, 1.02464309748e-05, 1.3694356312e-05, 1.02731582956e-05, 5.76317961531e-06, 4.47080719823e-06, 3.34639116772e-06, 2.36272671827e-06, 1.68587780536e-06, 1.9233416424e-06, 1.72256261521e-06, 1.79038840997e-06, 1.26403006107e-06, 1.27421333218e-06, 1.50009350364e-06, 1.4869054894e-06, 1.13493160825e-06, 8.70977032719e-07], "min": [4.43999710881e-24, 1.1766889076e-23, 5.50425566694e-24, 3.28156236368e-24, 7.90837632877e-24, 4.51177595701e-24, 1.56291710006e-23, 4.48874240187e-24, 1.10438104928e-23, 8.96445913247e-24, 5.74497933318e-24, 1.27398598613e-23, 1.13503003094e-23, 6.81340741561e-24, 1.58372551525e-23, 2.025811844e-23, 1.73585986517e-23, 9.17065948449e-24, 1.15153394771e-23, 1.54806032486e-23, 1.18293723817e-23, 1.15310338648e-23, 6.07828134867e-24, 4.89936304127e-24, 1.743432141e-23, 1.9632354527e-23, 6.85706140039e-24, 6.61756875159e-24, 7.94940577331e-24, 1.50750167251e-23, 1.08808973052e-23, 1.17007194233e-23, 1.13134052849e-23, 1.27755660725e-23, 6.79952898571e-24, 8.5114123703e-24, 1.45816426046e-23, 1.21608872328e-23, 1.08662860235e-23, 1.02822788848e-23], "var": [0.000202027353225, 0.000114524060336, 3.12339329867e-06, 8.1043077671e-07, 1.7842792488e-07, 1.02733366703e-07, 9.19400591215e-08, 1.00583889662e-07, 4.60390445767e-08, 1.13008669089e-08, 9.1849132744e-09, 9.21333231929e-09, 3.88553544894e-09, 5.09412778626e-09, 1.42285125904e-08, 4.41179359711e-09, 1.91920346282e-09, 7.92141729988e-09, 6.0615730213e-09, 1.26871482209e-08, 3.80376308229e-09, 1.36949762641e-09, 4.61120197581e-10, 1.1721241755e-09, 1.66577562855e-09, 1.17797749333e-09, 2.49134379793e-10, 1.78125930672e-10, 1.63739494186e-10, 1.24075472119e-10, 1.27289317975e-10, 1.5770509898e-10, 4.77510288255e-11, 6.08348302289e-11, 3.99688372676e-11, 3.4484894107e-11, 6.68126526326e-11, 2.63065593614e-11, 1.85261354868e-11, 2.03552261852e-11]}, "mfcc": {"mean": [-656.015869141, 86.9019927979, 0.306009352207, 18.7843284607, 14.69759655, 6.52791261673, 10.9580841064, 11.2628107071, 4.94724178314, 9.89075183868, 6.20930290222, 2.77765250206, 2.70813107491], "cov": [[15240.2910156, -516.674621582, 484.451019287, 910.828491211, 255.864776611, 289.964385986, 274.14453125, 61.4887084961, -314.478515625, -87.8680114746, -38.0678329468, 23.2668113708, 141.501037598], [-516.674621582, 2505.53515625, 115.330871582, 265.235076904, 74.9117584229, -69.6809768677, 146.59286499, -57.046207428, 51.0077667236, 83.3627853394, 115.478157043, 69.0744400024, 40.1987762451], [484.451019287, 115.330871582, 909.292724609, 228.239562988, 179.9949646, 163.007110596, -38.9335784912, 59.7781524658, -46.6539344788, -40.4065055847, 72.8871154785, 49.2354049683, 55.4207229614], [910.828491211, 265.235076904, 228.239562988, 574.976196289, 104.831130981, 211.431243896, 92.5711898804, 78.0607681274, -15.1402702332, -66.4048843384, 9.12329006195, 49.7061729431, 7.92264604568], [255.864776611, 74.9117584229, 179.9949646, 104.831130981, 295.360839844, 119.258766174, 34.0871963501, 102.743003845, 66.12474823, 12.2360696793, 29.8659229279, 46.1317634583, 46.7964477539], [289.964385986, -69.6809768677, 163.007110596, 211.431243896, 119.258766174, 301.213745117, 138.826705933, 123.138397217, 50.8416366577, 3.37012767792, 36.9734115601, 49.0676383972, 34.0979995728], [274.14453125, 146.59286499, -38.9335784912, 92.5711898804, 34.0871963501, 138.826705933, 306.69744873, 101.767845154, 87.8322296143, 94.7528686523, 56.6573066711, 35.8544425964, 39.2865943909], [61.4887084961, -57.046207428, 59.7781524658, 78.0607681274, 102.743003845, 123.138397217, 101.767845154, 179.589645386, 90.3537902832, 29.3919963837, 35.3108558655, 34.88539505, 30.8230171204], [-314.478515625, 51.0077667236, -46.6539344788, -15.1402702332, 66.12474823, 50.8416366577, 87.8322296143, 90.3537902832, 145.314178467, 77.8992004395, 32.7910118103, 25.9654064178, 24.2760944366], [-87.8680114746, 83.3627853394, -40.4065055847, -66.4048843384, 12.2360696793, 3.37012767792, 94.7528686523, 29.3919963837, 77.8992004395, 132.223632812, 54.7397155762, 14.685965538, 25.7237949371], [-38.0678329468, 115.478157043, 72.8871154785, 9.12329006195, 29.8659229279, 36.9734115601, 56.6573066711, 35.3108558655, 32.7910118103, 54.7397155762, 92.9881820679, 48.5168876648, 35.4614448547], [23.2668113708, 69.0744400024, 49.2354049683, 49.7061729431, 46.1317634583, 49.0676383972, 35.8544425964, 34.88539505, 25.9654064178, 14.685965538, 48.5168876648, 76.1325454712, 47.3479042053], [141.501037598, 40.1987762451, 55.4207229614, 7.92264604568, 46.7964477539, 34.0979995728, 39.2865943909, 30.8230171204, 24.2760944366, 25.7237949371, 35.4614448547, 47.3479042053, 81.0114364624]], "icov": [[8.76062767929e-05, 4.2666655645e-05, 4.75700562674e-06, -0.00016955807223, -0.000103117330582, 8.66010814207e-05, -0.000113641035568, -2.68973199127e-05, 0.000345990381902, -0.000158320952323, 6.58776261844e-05, 0.000127866878756, -0.000229382581892], [4.2666655645e-05, 0.000564778922126, -4.58666036138e-05, -0.000513463863172, -0.00027004457661, 0.000655312789604, -0.000435794529039, 0.000614327786025, -0.00025715760421, 1.98794841708e-05, -0.000659079581965, 6.79758013575e-05, -9.5891620731e-05], [4.75700562674e-06, -4.58666036138e-05, 0.0017253056867, -0.000402604142437, -0.000717825314496, -0.000702129327692, 0.000829166674521, -0.000260835804511, 0.00109501520637, 7.25541976863e-05, -0.00182799866889, 0.00117709673941, -0.000958117831033], [-0.00016955807223, -0.000513463863172, -0.000402604142437, 0.00358186429366, 5.68005307287e-05, -0.00189838570077, -0.000494306616019, -0.000477051100461, 0.000218053261051, 0.00168176589068, 0.00111688429024, -0.00218115258031, 0.00185006821994], [-0.000103117330582, -0.00027004457661, -0.000717825314496, 5.68005307287e-05, 0.00558072188869, -0.00119872251526, 0.00125233852305, -0.00171748676803, -0.00203079311177, -1.89411093743e-05, 0.00111603131518, -0.000999788870104, -0.00116302189417], [8.66010814207e-05, 0.000655312789604, -0.000702129327692, -0.00189838570077, -0.00119872251526, 0.00780890369788, -0.00290316855535, -0.00151722738519, -0.000402712350478, 0.0013916286407, -0.000628724228591, -0.000962129153777, 9.66964726103e-05], [-0.000113641035568, -0.000435794529039, 0.000829166674521, -0.000494306616019, 0.00125233852305, -0.00290316855535, 0.00712144235149, -0.00206497963518, -8.90180817805e-05, -0.00412089144811, -0.000377036631107, 0.000734816654585, -0.00120273034554], [-2.68973199127e-05, 0.000614327786025, -0.000260835804511, -0.000477051100461, -0.00171748676803, -0.00151722738519, -0.00206497963518, 0.0126823782921, -0.00701249204576, 0.00339842075482, -0.00272677629255, 0.000928180874325, -0.000552598910872], [0.000345990381902, -0.00025715760421, 0.00109501520637, 0.000218053261051, -0.00203079311177, -0.000402712350478, -8.90180817805e-05, -0.00701249204576, 0.018204241991, -0.00928499549627, 0.00350014399737, -0.00292122759856, 0.000475063192425], [-0.000158320952323, 1.98794841708e-05, 7.25541976863e-05, 0.00168176589068, -1.89411093743e-05, 0.0013916286407, -0.00412089144811, 0.00339842075482, -0.00928499549627, 0.0199639126658, -0.0101780788973, 0.00551853468642, -0.00214372924529], [6.58776261844e-05, -0.000659079581965, -0.00182799866889, 0.00111688429024, 0.00111603131518, -0.000628724228591, -0.000377036631107, -0.00272677629255, 0.00350014399737, -0.0101780788973, 0.0257796104997, -0.0144158462062, 0.00151745905168], [0.000127866878756, 6.79758013575e-05, 0.00117709673941, -0.00218115258031, -0.000999788870104, -0.000962129153777, 0.000734816654585, 0.000928180874325, -0.00292122759856, 0.00551853468642, -0.0144158462062, 0.031812671572, -0.0137358838692], [-0.000229382581892, -9.5891620731e-05, -0.000958117831033, 0.00185006821994, -0.00116302189417, 9.66964726103e-05, -0.00120273034554, -0.000552598910872, 0.000475063192425, -0.00214372924529, 0.00151745905168, -0.0137358838692, 0.0225935131311]]}, "spectral_contrast_coeffs": {"dmean": [0.0624053925276, 0.0467694364488, 0.0405091419816, 0.0372970923781, 0.0267980210483, 0.0230511538684], "dmean2": [0.0998014956713, 0.0766738206148, 0.0644008815289, 0.0603430867195, 0.0446432195604, 0.0366739667952], "dvar": [0.00344118755311, 0.00152994121891, 0.0010593313491, 0.00118397804908, 0.000541370769497, 0.000579368788749], "dvar2": [0.00874644331634, 0.00400857301429, 0.00263439095579, 0.00266015809029, 0.00137210194953, 0.00107741390821], "max": [-0.356521606445, -0.563656508923, -0.575660765171, -0.568119347095, -0.657955467701, -0.613322377205], "mean": [-0.690667867661, -0.780285954475, -0.801772713661, -0.800057411194, -0.794049918652, -0.789216339588], "median": [-0.70129776001, -0.785302042961, -0.809980392456, -0.813643217087, -0.797800242901, -0.798907637596], "min": [-0.966469943523, -0.996780097485, -0.997642219067, -0.992826700211, -0.984847784042, -0.984537780285], "var": [0.00833782739937, 0.00394785637036, 0.00329187419266, 0.00311935436912, 0.00148041488137, 0.00258317356929]}, "spectral_contrast_valleys": {"dmean": [0.530212342739, 0.551707267761, 0.430835992098, 0.390274882317, 0.391828656197, 0.566258192062], "dmean2": [0.760054707527, 0.871158540249, 0.701387465, 0.623121380806, 0.569880068302, 0.748908936977], "dvar": [0.312305927277, 0.37928301096, 0.219110399485, 0.212074920535, 0.245351731777, 0.409094721079], "dvar2": [0.514562368393, 0.836414992809, 0.440935373306, 0.415061295033, 0.44330239296, 0.718996047974], "max": [-5.0946521759, -4.55830430984, -5.2975320816, -5.62613677979, -5.44239854813, -7.73641777039], "mean": [-7.58395051956, -7.27496862411, -7.52838468552, -7.62215614319, -7.4984049