{"lowlevel": {"average_loudness": 0.828718245029, "barkbands_crest": {"dmean": 2.09930276871, "dmean2": 3.40286326408, "dvar": 4.36861801147, "dvar2": 11.5079956055, "max": 26.6095352173, "mean": 11.3862075806, "median": 10.6372833252, "min": 2.52781128883, "var": 16.8741664886}, "barkbands_flatness_db": {"dmean": 0.0264162775129, "dmean2": 0.0340698733926, "dvar": 0.000687216233928, "dvar2": 0.00113923638128, "max": 0.532054722309, "mean": 0.198433294892, "median": 0.188113749027, "min": 0.0248542185873, "var": 0.0072741098702}, "barkbands_kurtosis": {"dmean": 4.87917041779, "dmean2": 8.0422296524, "dvar": 100.448760986, "dvar2": 342.378936768, "max": 489.07434082, "mean": 15.5997095108, "median": 6.42370128632, "min": -1.93773341179, "var": 2313.34790039}, "barkbands_skewness": {"dmean": 0.544029831886, "dmean2": 0.850379049778, "dvar": 0.34814029932, "dvar2": 0.87159126997, "max": 18.5787162781, "mean": 2.35016679764, "median": 2.13640594482, "min": -10.1564617157, "var": 4.97222042084}, "barkbands_spread": {"dmean": 5.5787730217, "dmean2": 8.4370174408, "dvar": 128.594070435, "dvar2": 288.477325439, "max": 129.853271484, "mean": 13.4290924072, "median": 8.60671806335, "min": 0.443395197392, "var": 224.029251099}, "dissonance": {"dmean": 0.0216226056218, "dmean2": 0.0360200665891, "dvar": 0.000495454471093, "dvar2": 0.00129956903402, "max": 0.500000119209, "mean": 0.441911756992, "median": 0.451795578003, "min": 0.192233741283, "var": 0.00175703561399}, "dynamic_complexity": 5.02124214172, "erbbands_crest": {"dmean": 2.09255599976, "dmean2": 3.22509384155, "dvar": 5.0687584877, "dvar2": 11.8562326431, "max": 33.3327674866, "mean": 9.96959781647, "median": 8.44060897827, "min": 2.22350883484, "var": 29.3810176849}, "erbbands_flatness_db": {"dmean": 0.0245476644486, "dmean2": 0.0303562674671, "dvar": 0.000678779790178, "dvar2": 0.00103482720442, "max": 0.523113131523, "mean": 0.186775848269, "median": 0.181781172752, "min": 0.0353286936879, "var": 0.00560361240059}, "erbbands_kurtosis": {"dmean": 1.51827526093, "dmean2": 2.37527036667, "dvar": 10.4883737564, "dvar2": 25.2479934692, "max": 123.453468323, "mean": 2.83854174614, "median": 0.420992612839, "min": -1.83988654613, "var": 72.7898406982}, "erbbands_skewness": {"dmean": 0.358903467655, "dmean2": 0.547020971775, "dvar": 0.163839951158, "dvar2": 0.367107719183, "max": 6.9630112648, "mean": 0.779875040054, "median": 0.836979985237, "min": -8.87541294098, "var": 1.86133527756}, "erbbands_spread": {"dmean": 8.93522357941, "dmean2": 12.8144130707, "dvar": 201.803604126, "dvar2": 408.015594482, "max": 195.785400391, "mean": 35.1497955322, "median": 28.6224861145, "min": 0.620163023472, "var": 596.495788574}, "hfc": {"dmean": 7.35833263397, "dmean2": 11.0538034439, "dvar": 322.642822266, "dvar2": 758.795043945, "max": 252.968292236, "mean": 15.118806839, "median": 7.0700712204, "min": 1.20159617441e-16, "var": 557.511291504}, "melbands_crest": {"dmean": 2.4352209568, "dmean2": 3.89672803879, "dvar": 5.70021438599, "dvar2": 14.608669281, "max": 35.8932342529, "mean": 15.1949138641, "median": 14.3640136719, "min": 2.8341999054, "var": 25.6454772949}, "melbands_flatness_db": {"dmean": 0.0287831295282, "dmean2": 0.0370046645403, "dvar": 0.00087677501142, "dvar2": 0.00147538795136, "max": 0.656255543232, "mean": 0.279983818531, "median": 0.269466668367, "min": 0.0105007560924, "var": 0.00992839224637}, "melbands_kurtosis": {"dmean": 7.42230272293, "dmean2": 11.6267995834, "dvar": 224.44694519, "dvar2": 561.852111816, "max": 1159.43640137, "mean": 26.0579586029, "median": 13.1143426895, "min": -1.94239592552, "var": 5219.97460938}, "melbands_skewness": {"dmean": 0.611516058445, "dmean2": 0.924070954323, "dvar": 0.436656981707, "dvar2": 1.0332968235, "max": 26.0117321014, "mean": 3.05868697166, "median": 2.85569381714, "min": -6.39890670776, "var": 4.17798471451}, "melbands_spread": {"dmean": 3.68932294846, "dmean2": 5.65826749802, "dvar": 51.8814353943, "dvar2": 122.672599792, "max": 190.720779419, "mean": 12.0315103531, "median": 8.67402362823, "min": 0.259602338076, "var": 144.735671997}, "pitch_salience": {"dmean": 0.0562789216638, "dmean2": 0.0896712318063, "dvar": 0.00276330229826, "dvar2": 0.006950462237, "max": 0.938087999821, "mean": 0.546885550022, "median": 0.572591662407, "min": 0.00820469669998, "var": 0.0180950146168}, "silence_rate_20dB": {"dmean": 0, "dmean2": 0, "dvar": 0, "dvar2": 0, "max": 1, "mean": 1, "median": 1, "min": 1, "var": 0}, "silence_rate_30dB": {"dmean": 0.00681163230911, "dmean2": 0.0136244539171, "dvar": 0.00676485756412, "dvar2": 0.0137869426981, "max": 1, "mean": 0.99126791954, "median": 1, "min": 0, "var": 0.00865588895977}, "silence_rate_60dB": {"dmean": 0.0214828401804, "dmean2": 0.0429694317281, "dvar": 0.0210179239511, "dvar2": 0.0449757687747, "max": 1, "mean": 0.142158567905, "median": 0, "min": 0, "var": 0.121942296624}, "spectral_centroid": {"dmean": 140.963867188, "dmean2": 204.160812378, "dvar": 56861.3476562, "dvar2": 114652.71875, "max": 11091.0322266, "mean": 703.022277832, "median": 549.078979492, "min": 102.521934509, "var": 234164.28125}, "spectral_complexity": {"dmean": 2.26635217667, "dmean2": 3.35441040993, "dvar": 11.1397018433, "dvar2": 19.2023696899, "max": 54, "mean": 13.2575969696, "median": 11, "min": 0, "var": 68.5237503052}, "spectral_decrease": {"dmean": 1.38201994293e-09, "dmean2": 1.99195882011e-09, "dvar": 7.15133787345e-18, "dvar2": 1.50523842776e-17, "max": 3.97180981498e-29, "mean": -5.49522027882e-09, "median": -4.07346956166e-09, "min": -8.01546562457e-08, "var": 3.02687819271e-17}, "spectral_energy": {"dmean": 0.00560104427859, "dmean2": 0.0080648586154, "dvar": 0.000117146359116, "dvar2": 0.000242596361204, "max": 0.325466483831, "mean": 0.0221114754677, "median": 0.0163668841124, "min": 1.07489293324e-20, "var": 0.000496512453537}, "spectral_energyband_high": {"dmean": 0.000512423575856, "dmean2": 0.000811509555206, "dvar": 2.43200247496e-06, "dvar2": 5.97994358031e-06, "max": 0.0220308024436, "mean": 0.00055633689044, "median": 4.97281980643e-05, "min": 7.76040332741e-21, "var": 2.42422106567e-06}, "spectral_energyband_low": {"dmean": 0.00119049428031, "dmean2": 0.00187846517656, "dvar": 5.42700536244e-06, "dvar2": 1.35936497827e-05, "max": 0.0442113280296, "mean": 0.00431034667417, "median": 0.00205955002457, "min": 6.44276206593e-23, "var": 2.70313721558e-05}, "spectral_energyband_middle_high": {"dmean": 0.00129395769909, "dmean2": 0.00179078464862, "dvar": 1.57111444423e-05, "dvar2": 3.20551735058e-05, "max": 0.142540276051, "mean": 0.00338922068477, "median": 0.00102544482797, "min": 1.58627412288e-21, "var": 6.38251949567e-05}, "spectral_energyband_middle_low": {"dmean": 0.00436950987205, "dmean2": 0.00640638777986, "dvar": 9.13708572625e-05, "dvar2": 0.000204049545573, "max": 0.290759325027, "mean": 0.0145019385964, "median": 0.0100266616791, "min": 3.44553289307e-22, "var": 0.00026357837487}, "spectral_entropy": {"dmean": 0.255275845528, "dmean2": 0.330077260733, "dvar": 0.0872211679816, "dvar2": 0.139367371798, "max": 9.78353786469, "mean": 6.90944194794, "median": 6.90498828888, "min": 4.30687332153, "var": 0.551610827446}, "spectral_flux": {"dmean": 0.0163023732603, "dmean2": 0.0248450767249, "dvar": 0.000498936802614, "dvar2": 0.00101290945895, "max": 0.438514232635, "mean": 0.0531991571188, "median": 0.0423588231206, "min": 1.03677046115e-10, "var": 0.00197560572997}, "spectral_kurtosis": {"dmean": 5.09173774719, "dmean2": 7.98975801468, "dvar": 50.2170715332, "dvar2": 129.522888184, "max": 165.933807373, "mean": 12.4646949768, "median": 7.95282936096, "min": -1.25668096542, "var": 204.267745972}, "spectral_rms": {"dmean": 0.000515585648827, "dmean2": 0.000733832537662, "dvar": 4.75908564113e-07, "dvar2": 9.04422620351e-07, "max": 0.0178193226457, "mean": 0.00411212816834, "median": 0.003995959647, "min": 3.23832670748e-12, "var": 4.66258961751e-06}, "spectral_rolloff": {"dmean": 503.440002441, "dmean2": 893.174926758, "dvar": 2639780.5, "dvar2": 6978801.5, "max": 19229.1503906, "mean": 990.673217773, "median": 538.330078125, "min": 107.666015625, "var": 2691760.25}, "spectral_skewness": {"dmean": 0.458396881819, "dmean2": 0.691739022732, "dvar": 0.238806396723, "dvar2": 0.572807908058, "max": 10.4102725983, "mean": 2.48148131371, "median": 2.26962614059, "min": -0.20766659081, "var": 1.29199850559}, "spectral_spread": {"dmean": 1054833.875, "dmean2": 1352668, "dvar": 2000105635840.0, "dvar2": 3135884754940.0, "max": 40019292, "mean": 4431662, "median": 3738127.25, "min": 498670.84375, "var": 7585073725440.0}, "spectral_strongpeak": {"dmean": 0.367546707392, "dmean2": 0.580716073513, "dvar": 0.668838560581, "dvar2": 1.50206160545, "max": 24.7383270264, "mean": 0.975887238979, "median": 0.505531251431, "min": 0, "var": 2.99707341194}, "zerocrossingrate": {"dmean": 0.0119869187474, "dmean2": 0.0145676257089, "dvar": 0.000377046468202, "dvar2": 0.000512334809173, "max": 0.4990234375, "mean": 0.0439493209124, "median": 0.0322265625, "min": 0.00390625, "var": 0.00143965845928}, "barkbands": {"dmean": [1.00764000308e-05, 0.000359916622983, 0.000756287481636, 0.000838156964164, 0.00231284811161, 0.000823196140118, 0.00109182659071, 0.000814336701296, 0.000556759885512, 0.000279859319562, 0.000289379473543, 0.000301791413222, 0.000199323680135, 0.000313521741191, 0.00026973761851, 8.09152261354e-05, 6.2475039158e-05, 5.71290911466e-05, 5.56778686587e-05, 5.76441962039e-05, 3.97592921217e-05, 5.89622941334e-05, 5.38370368304e-05, 9.90205080598e-05, 0.000109940840048, 0.000132881687023, 2.29020552069e-05], "dmean2": [1.74288488779e-05, 0.000564383692108, 0.00116341887042, 0.00124702940229, 0.00354466727003, 0.00124797469471, 0.00168701133225, 0.00127772265114, 0.000809716817457, 0.00041646475438, 0.000418448878918, 0.000462297699414, 0.00028886081418, 0.000460561102955, 0.000406431790907, 0.000122353027109, 9.28249428398e-05, 8.09297343949e-05, 8.03524962976e-05, 8.02036229288e-05, 5.96592399233e-05, 8.77611819305e-05, 8.35509054014e-05, 0.000161697535077, 0.000183480107808, 0.000227616910706, 3.85151324735e-05], "dvar": [4.362191941e-09, 7.355016578e-07, 2.47271304943e-06, 2.99201474263e-06, 1.63214008353e-05, 3.35615527547e-06, 3.88548251067e-05, 2.61669702013e-05, 7.13810595698e-06, 1.4352344806e-06, 3.12484939968e-06, 1.84715565865e-06, 1.3517089883e-06, 5.81615313422e-06, 3.29260683429e-06, 1.00472952624e-07, 4.44766961039e-08, 2.58114933871e-08, 4.45491465939e-08, 3.49924640375e-08, 1.55009836078e-08, 3.23205533448e-08, 3.05335703388e-08, 1.04790544242e-07, 1.36715826216e-07, 2.46233241796e-07, 7.03247149403e-09], "dvar2": [1.3078018668e-08, 1.7177620748e-06, 6.16913666818e-06, 7.59886779633e-06, 3.94183953176e-05, 7.9086939877e-06, 9.33864212129e-05, 5.67041788599e-05, 1.51824715431e-05, 2.90575735562e-06, 5.92106243857e-06, 4.35358697359e-06, 2.14114629671e-06, 1.08367876237e-05, 7.13351755621e-06, 2.30850687899e-07, 1.01787755113e-07, 5.13859106377e-08, 1.11340284548e-07, 7.40858823178e-08, 3.48866251443e-08, 7.4334167266e-08, 7.27581337401e-08, 2.58392987007e-07, 3.49709239345e-07, 6.58236160689e-07, 1.81137309596e-08], "max": [0.00263364426792, 0.0179373845458, 0.0400454998016, 0.039741076529, 0.092697262764, 0.0396078154445, 0.231006667018, 0.260486125946, 0.118294775486, 0.047677077353, 0.105874881148, 0.0539796203375, 0.0769260525703, 0.140306860209, 0.12681697309, 0.0182647816837, 0.00715330103412, 0.00595897668973, 0.00704175280407, 0.00684904446825, 0.00243848189712, 0.00413594115525, 0.00430969661102, 0.00957708898932, 0.00455820234492, 0.00601140223444, 0.00119892822113], "mean": [1.04442760858e-05, 0.0014474861091, 0.00226225075312, 0.00223120092414, 0.00620717043057, 0.0020368390251, 0.00170206977054, 0.00123524153605, 0.000983496778645, 0.000510732468683, 0.000442621094408, 0.000527057098225, 0.000342565181199, 0.000641359423753, 0.000452637119452, 0.000141791679198, 0.000116334682389, 0.000114935188321, 9.52202972258e-05, 0.000105700397398, 4.81192182633e-05, 8.21832582005e-05, 6.02783293289e-05, 0.000102311176306, 9.59050812526e-05, 9.78944153758e-05, 1.76073135663e-05], "median": [5.06672677147e-07, 0.000263980065938, 0.000869518960826, 0.000948798086029, 0.0039743790403, 0.000961103127338, 0.000450764375273, 0.000329463800881, 0.000221214198973, 0.000132746601594, 0.000101009907667, 0.000147310245666, 5.5448301282e-05, 6.01011925028e-05, 5.80686100875e-05, 2.92274562526e-05, 2.75776219496e-05, 2.12150607695e-05, 1.29492673295e-05, 1.0858188034e-05, 5.61743308936e-06, 7.20012849342e-06, 4.32878641732e-06, 5.11490952704e-06, 4.31659373135e-06, 1.94944232135e-06, 2.68973337825e-07], "min": [7.47258747662e-24, 1.71123872746e-23, 2.90758857317e-23, 2.76435415198e-23, 1.95741539471e-23, 1.49582795106e-22, 9.11449258804e-23, 1.57051383058e-23, 2.57148681144e-23, 3.51119843212e-23, 5.97907341237e-23, 2.04330398261e-22, 4.86785112466e-23, 9.54794388755e-23, 1.80398693425e-22, 1.276517425e-22, 2.62117981043e-22, 1.7043593555e-22, 2.41648391083e-22, 2.77168033476e-22, 5.22687724741e-22, 6.00425233785e-22, 4.80544074124e-22, 6.93952633195e-22, 1.40832689361e-21, 1.57855131346e-21, 2.48766733628e-21], "var": [4.24807433674e-09, 5.70645488551e-06, 1.00238294181e-05, 1.08748936327e-05, 5.32619451405e-05, 9.42103906709e-06, 4.13523630414e-05, 3.19060236507e-05, 1.37172319228e-05, 3.37665983352e-06, 6.59000215819e-06, 3.69633858099e-06, 4.51631376563e-06, 1.89366855921e-05, 8.11076006357e-06, 2.40640531501e-07, 1.04854109395e-07, 9.34768493721e-08, 8.5570718511e-08, 1.17520919218e-07, 1.96575413725e-08, 4.72414285468e-08, 3.32198943909e-08, 1.1399148292e-07, 1.14595067657e-07, 1.70514326214e-07, 5.32423127808e-09]}, "erbbands": {"dmean": [0.00251564313658, 0.11338352412, 0.789017140865, 1.52858066559, 6.42765903473, 8.09459781647, 8.38581180573, 6.58696842194, 11.506893158, 18.1546077728, 15.9945964813, 12.1055545807, 9.3127746582, 11.1461877823, 9.7193145752, 9.65076160431, 7.56167221069, 12.2821817398, 15.1966819763, 9.59511566162, 4.02850341797, 3.68498969078, 3.00262188911, 2.71585869789, 2.8781106472, 2.6942718029, 1.75502169132, 1.56749534607, 2.0218641758, 2.00313234329, 1.53547894955, 2.04948472977, 1.57665026188, 1.12095844746, 0.85865098238, 0.674860537052, 0.224621146917, 0.0330139286816, 0.00382714602165, 0.000240361972828], "dmean2": [0.00402450468391, 0.179274588823, 1.24997258186, 2.34452962875, 9.59939098358, 12.2911243439, 12.6959934235, 10.2359371185, 17.7205352783, 28.0081119537, 24.5752887726, 17.5831203461, 13.3433513641, 15.9316263199, 14.4024457932, 14.6004228592, 11.5025548935, 17.9929523468, 22.1820468903, 14.4116048813, 5.96872663498, 5.43127775192, 4.22415924072, 3.71021389961, 4.09839057922, 3.68393731117, 2.62845921516, 2.31827402115, 3.00547003746, 3.01661920547, 2.39467835426, 3.32779502869, 2.59630250931, 1.86736679077, 1.43879890442, 1.15471422672, 0.385882884264, 0.0556732565165, 0.00645709782839, 0.000405399652664], "dvar": [3.54230905941e-05, 0.0692228451371, 2.65872788429, 9.70118808746, 128.318878174, 293.45703125, 369.76776123, 213.691268921, 4067.43017578, 13668.7880859, 9099.00390625, 3253.13427734, 2322.80273438, 3736.80859375, 3821.72973633, 2328.09448242, 915.553039551, 6123.56787109, 13225.6923828, 2439.95117188, 127.664077759, 140.033935547, 73.6393966675, 71.6927566528, 147.448532104, 67.3559494019, 27.3814811707, 28.9292793274, 37.9065513611, 38.4524078369, 25.6484642029, 42.480506897, 29.9509067535, 15.1091222763, 8.22547531128, 6.38744926453, 0.711285531521, 0.0140249142423, 0.000195764019736, 8.21258140604e-07], "dvar2": [8.68189308676e-05, 0.166232213378, 7.03429841995, 25.0107555389, 328.367523193, 672.418212891, 879.055786133, 530.547912598, 9376.70214844, 34077.8203125, 22428.328125, 6718.23144531, 4325.67285156, 7629.32617188, 9484.93164062, 5239.88378906, 1922.76696777, 12986.6630859, 26656.6484375, 5991.46044922, 276.176849365, 317.175201416, 147.528564453, 132.947998047, 356.789642334, 135.161819458, 62.8311691284, 66.171585083, 87.4425201416, 89.8840255737, 61.4744377136, 105.481399536, 73.514831543, 38.5975990295, 21.3444271088, 17.0854301453, 1.91083908081, 0.0364449992776, 0.000507266086061, 2.13832208829e-06], "max": [0.117972828448, 5.40215396881, 31.7865524292, 76.2805557251, 202.53565979, 449.899047852, 466.727844238, 355.287750244, 2854.25439453, 4577.16357422, 4280.36083984, 2701.73144531, 3272.02172852, 4090.90771484, 3036.21704102, 1874.45080566, 1434.22595215, 3620.82714844, 7534.79101562, 1948.50695801, 366.912322998, 386.036956787, 272.098632812, 550.799621582, 552.425109863, 291.90335083, 104.459846497, 135.149108887, 156.335479736, 149.282363892, 127.56652832, 152.832763672, 192.480209351, 53.0012702942, 34.8028564453, 32.4146614075, 10.7124738693, 1.52998244762, 0.19425560534, 0.0156431570649], "mean": [0.00999420508742, 0.449609816074, 2.49869012833, 4.56604623795, 16.9103851318, 19.8786735535, 20.1900196075, 15.1688175201, 19.5719833374, 28.1505050659, 26.0960578918, 21.7961673737, 18.1628017426, 20.8606243134, 15.7149124146, 17.9618797302, 14.9241790771, 27.214050293, 29.2820415497, 17.7136707306, 8.03373146057, 7.24341058731, 6.13262081146, 5.48072099686, 5.02403831482, 5.06550979614, 2.47824382782, 1.82317638397, 2.7302544117, 2.67737412453, 1.67362344265, 2.15080714226, 1.58378684521, 0.98628693819, 0.738133966923, 0.499820411205, 0.16578258574, 0.0253205001354, 0.00291762058623, 0.000204621057492], "median": [0.00410884711891, 0.10834351927, 0.928278148174, 2.43784880638, 9.12187099457, 11.0814647675, 8.68894386292, 7.78108310699, 5.97440338135, 7.93521976471, 7.4210395813, 4.25601005554, 5.54914665222, 5.41925668716, 4.8134765625, 4.79403066635, 3.07149505615, 2.7251226902, 3.11667490005, 2.92680597305, 2.021484375, 1.84778761864, 1.16102552414, 0.911910414696, 0.669324338436, 0.528072416782, 0.314373105764, 0.174447268248, 0.251585841179, 0.195553094149, 0.11428630352, 0.0990579873323, 0.0811522528529, 0.0453782193363, 0.0309859141707, 0.0122278947383, 0.00308434013277, 0.000487414945383, 5.97381804255e-05, 2.8571117582e-05], "min": [4.97668388976e-22, 4.34266307688e-21, 2.75852035772e-20, 7.33223945583e-20, 7.6150977437e-20, 6.81433456573e-20, 1.35386873904e-19, 1.63248095374e-18, 2.06211473819e-18, 3.41425518674e-19, 4.68806369923e-19, 5.74739151672e-19, 1.00307953584e-18, 2.2184502196e-18, 2.49424485033e-18, 9.41066673853e-18, 2.96776625314e-18, 5.34257056571e-18, 7.56061691437e-18, 9.62795136902e-18, 5.84303013915e-18, 1.54811086804e-17, 1.07915579172e-17, 1.11325474083e-17, 1.41732484508e-17, 1.31336437211e-17, 1.62127780563e-17, 2.26877609486e-17, 2.04850252995e-17, 1.7037233936e-17, 1.45336460806e-17, 1.44740609524e-17, 1.20814319316e-17, 1.46836403955e-17, 9.72643466557e-18, 6.61967787449e-18, 2.68773459652e-18, 1.11371390879e-18, 3.5300687443e-19, 3.9635296091e-20], "var": [0.000194921114598, 0.496779173613, 10.5710124969, 33.6418647766, 476.931762695, 792.07421875, 1016.77075195, 458.027374268, 4783.37744141, 13209.9365234, 10433.9550781, 6617.97558594, 5194.61669922, 8659.06054688, 4582.53808594, 5190.89648438, 3182.57495117, 26775.3632812, 42642.59375, 6018.60791016, 358.680053711, 349.796905518, 254.296920776, 295.767822266, 237.362884521, 262.497802734, 43.0784378052, 33.3250579834, 52.8858261108, 52.7892456055, 26.9519138336, 47.0145378113, 31.7670879364, 12.7368011475, 6.73559761047, 4.42622089386, 0.489180862904, 0.0104472776875, 0.00014613152598, 6.12607664152e-07]}, "gfcc": {"mean": [-74.1274108887, 118.749473572, -96.1903305054, 10.90417099, -52.9217453003, -1.85749387741, -44.2825469971, -4.47080755234, -28.4374256134, -8.86844444275, -18.9565143585, -6.09726953506, -12.5236272812], "cov": [[20241.7988281, -2027.56774902, -1615.44165039, -607.239868164, -1822.1953125, 494.33480835, -864.589904785, 261.878692627, -272.666290283, 146.726074219, -420.063720703, 22.2926959991, -467.061309814], [-2027.56774902, 2992.60253906, -1010.87408447, -365.109741211, 377.424072266, -493.390319824, 186.347244263, -272.912078857, 117.242294312, -250.42098999, 246.850967407, -188.831604004, 162.078338623], [-1615.44165039, -1010.87408447, 1939.60876465, 452.283111572, 273.929534912, 374.922363281, 92.3382263184, 265.411834717, -74.5730743408, 187.111129761, -122.985168457, 179.137161255, -10.9078836441], [-607.239868164, -365.109741211, 452.283111572, 511.529663086, 88.2888336182, 100.192611694, 48.8195533752, 82.4367599487, 22.7583065033, 33.2088127136, -13.8534507751, 30.7929573059, 18.4872112274], [-1822.1953125, 377.424072266, 273.929534912, 88.2888336182, 535.387756348, 2.98044800758, 128.151901245, -15.2745351791, 34.7519454956, 36.9292869568, 39.9884414673, -5.83319807053, 54.3661422729], [494.33480835, -493.390319824, 374.922363281, 100.192611694, 2.98044800758, 313.61328125, 11.5399169922, 98.0695800781, -25.2604255676, 69.1159515381, -52.3497009277, 32.1381111145, -51.4426651001], [-864.589904785, 186.347244263, 92.3382263184, 48.8195533752, 128.151901245, 11.5399169922, 196.587005615, 19.2585964203, 5.75150775909, -14.8024950027, 25.2155380249, 3.03979730606, 3.51668548584], [261.878692627, -272.912078857, 265.411834717, 82.4367599487, -15.2745351791, 98.0695800781, 19.2585964203, 178.762786865, 1.82153975964, 28.3118686676, -39.5699653625, 42.3328819275, -32.3567962646], [-272.666290283, 117.242294312, -74.5730743408, 22.7583065033, 34.7519454956, -25.2604255676, 5.75150775909, 1.82153975964, 120.802955627, 19.2674484253, 22.7607460022, -14.8497781754, 17.4690876007], [146.726074219, -250.42098999, 187.111129761, 33.2088127136, 36.9292869568, 69.1159515381, -14.8024950027, 28.3118686676, 19.2674484253, 129.820129395, -5.83440256119, 18.4397506714, -4.97401666641], [-420.063720703, 246.850967407, -122.985168457, -13.8534507751, 39.9884414673, -52.3497009277, 25.2155380249, -39.5699653625, 22.7607460022, -5.83440256119, 97.1972732544, -6.65912342072, 18.3375320435], [22.2926959991, -188.831604004, 179.137161255, 30.7929573059, -5.83319807053, 32.1381111145, 3.03979730606, 42.3328819275, -14.8497781754, 18.4397506714, -6.65912342072, 90.6874084473, 2.21993684769], [-467.061309814, 162.078338623, -10.9078836441, 18.4872112274, 54.3661422729, -51.4426651001, 3.51668548584, -32.3567962646, 17.4690876007, -4.97401666641, 18.3375320435, 2.21993684769, 88.0312728882]], "icov": [[0.000119209857075, -6.40221405774e-05, 0.000185851837159, -3.97242620238e-05, 0.000236838284764, -0.000220517249545, 0.000295594276395, -0.000174872169737, 0.000245231145527, -0.000371514790459, 0.000395302631659, -0.000213363891817, 0.000283895176835], [-6.40221405774e-05, 0.000952909351327, -5.7429260778e-05, 0.000548042240553, -0.000656819087453, 0.000630455440842, -0.000601985666435, 5.07440126967e-05, -0.000534175545909, 0.00143322173972, -0.0014334616717, 0.00119704660028, -0.000944179075304], [0.000185851837159, -5.7429260778e-05, 0.00155069539323, -0.000675754447002, -0.000211382750422, -0.000876001082361, 0.000283804896753, -0.00095884205075, 0.00117964285892, -0.00148401584011, 0.00146807543933, -0.00166373327374, 9.89271284197e-05], [-3.97242620238e-05, 0.000548042240553, -0.000675754447002, 0.00298310187645, -0.000323096523061, 1.94930162252e-05, -0.000572714023292, -0.000435765192378, -0.001116868807, 0.00131961342413, -0.0012060579611, 0.00116074853577, -0.00133820122574], [0.000236838284764, -0.000656819087453, -0.000211382750422, -0.000323096523061, 0.00357284210622, -0.000596516707446, -0.000725581834558, 0.000282954249997, 0.000174191140104, -0.00198005465791, 0.000767098972574, -7.23390403436e-05, -0.000218981978833], [-0.000220517249545, 0.000630455440842, -0.000876001082361, 1.94930162252e-05, -0.000596516707446, 0.00591231929138, -0.00106509495527, -0.000732490792871, -5.84835797781e-05, -0.000370759924408, -0.000393450522097, 0.00134249741677, 0.00119205960073], [0.000295594276395, -0.000601985666435, 0.000283804896753, -0.000572714023292, -0.000725581834558, -0.00106509495527, 0.00765650905669, -0.00138130120467, 0.000819455017336, 0.000258565472905, -0.000319143320667, -0.000958911259659, 0.00178687449079], [-0.000174872169737, 5.07440126967e-05, -0.00095884205075, -0.000435765192378, 0.000282954249997, -0.000732490792871, -0.00138130120467, 0.00927137490362, -0.00223057880066, 0.00071686663432, 0.00148681353312, -0.00226498558186, 0.00204219832085], [0.000245231145527, -0.000534175545909, 0.00117964285892, -0.001116868807, 0.000174191140104, -5.84835797781e-05, 0.000819455017336, -0.00223057880066, 0.0110374325886, -0.00390778528526, -0.000119128606457, 0.000533213373274, -0.000728761195205], [-0.000371514790459, 0.00143322173972, -0.00148401584011, 0.00131961342413, -0.00198005465791, -0.000370759924408, 0.000258565472905, 0.00071686663432, -0.00390778528526, 0.0134406900033, -0.00398412207142, 0.00159070501104, -0.00148684880696], [0.000395302631659, -0.0014334616717, 0.00146807543933, -0.0012060579611, 0.000767098972574, -0.000393450522097, -0.000319143320667, 0.00148681353312, -0.000119128606457, -0.00398412207142, 0.0167197082192, -0.00408402644098, 0.00144599133637], [-0.000213363891817, 0.00119704660028, -0.00166373327374, 0.00116074853577, -7.23390403436e-05, 0.00134249741677, -0.000958911259659, -0.00226498558186, 0.000533213373274, 0.00159070501104, -0.00408402644098, 0.016618790105, -0.00333519489504], [0.000283895176835, -0.000944179075304, 9.89271284197e-05, -0.00133820122574, -0.000218981978833, 0.00119205960073, 0.00178687449079, 0.00204219832085, -0.000728761195205, -0.00148684880696, 0.00144599133637, -0.00333519489504, 0.0162520930171]]}, "melbands": {"dmean": [5.72632561671e-05, 0.00031865175697, 0.000397684983909, 0.000514262123033, 0.000307188485749, 0.000146456397488, 0.000195000000531, 0.000199147558305, 0.000122956451378, 7.8631870565e-05, 4.65953817184e-05, 4.54124055977e-05, 3.45974949596e-05, 3.30067814502e-05, 2.0898594812e-05, 2.10101206903e-05, 2.44187631324e-05, 2.63952206296e-05, 2.18570421566e-05, 6.95732705935e-06, 4.41147267338e-06, 4.12809094996e-06, 3.01242380374e-06, 2.64639265879e-06, 2.25308144763e-06, 2.24576979235e-06, 2.18011314246e-06, 1.81497273388e-06, 1.21989558011e-06, 9.55781047196e-07, 8.84540781954e-07, 1.06310574211e-06, 1.39058874993e-06, 1.02690034964e-06, 8.50223443649e-07, 1.01138255104e-06, 1.38851294196e-06, 1.11989936613e-06, 1.04866921902e-06, 9.355018733e-07], "dmean2": [8.98263024283e-05, 0.000503754534293, 0.000594273093157, 0.000776655040681, 0.000469917315058, 0.000226767704589, 0.00030030310154, 0.000306660047499, 0.000189206504729, 0.000114215588837, 6.74482289469e-05, 6.46162807243e-05, 5.03058399772e-05, 5.09013552801e-05, 3.17105077556e-05, 3.1642131944e-05, 3.58723045792e-05, 3.86164683732e-05, 3.36006523867e-05, 1.02345311461e-05, 6.71253565088e-06, 6.21972912995e-06, 4.28555449616e-06, 3.74398041458e-06, 3.12748329634e-06, 3.30900479639e-06, 3.06528590954e-06, 2.5368669867e-06, 1.86056649909e-06, 1.44545447256e-06, 1.33165201532e-06, 1.58357681812e-06, 2.12094300878e-06, 1.56467467605e-06, 1.32967045374e-06, 1.62917763191e-06, 2.26451447816e-06, 1.8341509076e-06, 1.76073297098e-06, 1.56503165272e-06], "dvar": [1.845052644e-08, 4.36179931285e-07, 5.45141460861e-07, 8.69273208082e-07, 4.57907106011e-07, 1.10160144118e-07, 1.19635240026e-06, 1.51646236191e-06, 5.23748838077e-07, 1.4030139539e-07, 5.78125103345e-08, 5.70205216377e-08, 4.86537850009e-08, 2.73992597499e-08, 1.59489452756e-08, 1.39947484712e-08, 2.59071573083e-08, 5.2688537977e-08, 1.96487768278e-08, 1.18537146765e-09, 1.52883122828e-10, 1.88892082531e-10, 1.00478118881e-10, 5.62315749519e-11, 5.48755728358e-11, 8.80004402681e-11, 8.90623408356e-11, 3.14239884114e-11, 1.37064829972e-11, 1.03261557291e-11, 1.02290866749e-11, 1.08042533253e-11, 1.94669454168e-11, 1.03607556562e-11, 8.5016568438e-12, 1.0579071473e-11, 1.98229887366e-11, 1.4561013853e-11, 1.54856179962e-11, 1.06336250569e-11], "dvar2": [4.32732214506e-08, 1.12800239549e-06, 1.36229391501e-06, 2.04007869797e-06, 1.10704047529e-06, 2.71074128477e-07, 2.80069298242e-06, 3.57490739589e-06, 1.31022795813e-06, 2.89652120955e-07, 1.08606407423e-07, 1.1519258436e-07, 1.06149755652e-07, 6.94931472367e-08, 3.64999905855e-08, 2.57505963219e-08, 5.28861789917e-08, 9.67673514651e-08, 4.63781191229e-08, 2.63638710862e-09, 3.51219692218e-10, 4.45475462074e-10, 2.06544475967e-10, 1.11789091872e-10, 1.02172950656e-10, 2.33054603394e-10, 1.97749802644e-10, 6.22286527863e-11, 3.24074690694e-11, 2.38432641686e-11, 2.39093675414e-11, 2.48985415618e-11, 4.62101988619e-11, 2.45852106034e-11, 2.03425731121e-11, 2.629069705e-11, 4.98256297332e-11, 3.50141859951e-11, 4.02228181318e-11, 2.71681600827e-11], "max": [0.00293168076314, 0.0118947923183, 0.0147889284417, 0.0262793079019, 0.0151915326715, 0.00820166431367, 0.0480767972767, 0.0542496219277, 0.0344638228416, 0.0168206319213, 0.0161099974066, 0.0152043979615, 0.00971075985581, 0.00816534459591, 0.00586012238637, 0.00810986757278, 0.00788853317499, 0.0143012413755, 0.00657303631306, 0.00209878874011, 0.000329790578689, 0.000493852363434, 0.00056269695051, 0.000329960224917, 0.000498775450978, 0.000337682198733, 0.00045087345643, 0.000269432348432, 7.93962171883e-05, 6.62479505991e-05, 9.33261399041e-05, 8.41148867039e-05, 0.000124162979773, 8.34292877698e-05, 8.24369344627e-05, 5.80851447012e-05, 0.000110367800517, 0.000139734067488, 9.04907938093e-05, 4.75339256809e-05], "mean": [0.000233884216868, 0.00109077687375, 0.00121990719344, 0.00137431616895, 0.000743675685953, 0.000345497130184, 0.000325295521179, 0.000314345146762, 0.000195795117179, 0.000139363110065, 8.86637863005e-05, 8.42759836814e-05, 5.43197456864e-05, 5.37347332283e-05, 4.07239094784e-05, 4.05886457884e-05, 5.12987498951e-05, 5.04573945364e-05, 3.68014989363e-05, 1.20763852465e-05, 8.21668527351e-06, 7.53442509449e-06, 5.87325212109e-06, 5.2433529163e-06, 4.35234733231e-06, 3.63593608199e-06, 3.73225202566e-06, 3.31909291162e-06, 1.69671875483e-06, 1.10402311293e-06, 9.80696768238e-07, 1.37503513997e-06, 1.92454058379e-06, 1.283932761e-06, 8.99701547041e-07, 1.04175046545e-06, 1.43598049362e-06, 1.14302213206e-06, 9.37677043567e-07, 8.00266661827e-07], "median": [5.45832917851e-05, 0.000395466282498, 0.000664963736199, 0.000863798311912, 0.000353007053491, 0.000171684514498, 9.63837228483e-05, 9.44207786233e-05, 5.25952636963e-05, 2.66659553745e-05, 2.6939660529e-05, 2.20981291932e-05, 1.4421690139e-05, 1.68794831552e-05, 5.82023949391e-06, 5.95024721406e-06, 4.53733537142e-06, 4.60041792394e-06, 4.89183821628e-06, 2.52267864198e-06, 1.89879733625e-06, 1.83000986453e-06, 1.1666456885e-06, 9.40746076594e-07, 6.89682053689e-07, 4.62130003598e-07, 4.09668274415e-07, 3.14146063829e-07, 2.09164284115e-07, 1.00561479144e-07, 7.77028006382e-08, 1.33001492486e-07, 1.26694587266e-07, 9.45762792526e-08, 6.32736103512e-08, 4.90450808854e-08, 5.92917146491e-08, 5.72359937223e-08, 4.02561113333e-08, 3.17781676529e-08], "min": [4.76812419677e-24, 1.12390228013e-23, 1.25968243908e-23, 5.54979345155e-24, 3.69684753761e-24, 3.60505079174e-23, 2.86699158218e-23, 2.34326635389e-24, 3.81934343669e-24, 3.96483068686e-24, 4.74306208581e-24, 8.32685993924e-24, 6.79111420643e-24, 2.14915671519e-23, 1.39578539992e-23, 6.486611136e-24, 9.77522118301e-24, 9.97530865187e-24, 1.49576326447e-23, 9.54214986197e-24, 5.964828951e-24, 1.50304871047e-23, 1.35308057259e-23, 7.7377330932e-24, 8.99617844061e-24, 9.23751229076e-24, 1.13138462581e-23, 7.51950261238e-24, 9.92304030601e-24, 1.19802656957e-23, 1.29289561312e-23, 1.07014298716e-23, 1.29122007255e-23, 8.23643991343e-24, 8.96962143824e-24, 6.78129841019e-24, 1.01356335868e-23, 8.77354927138e-24, 7.20662302243e-24, 1.53285645086e-23], "var": [1.40321375852e-07, 2.019903377e-06, 2.33921014114e-06, 2.92062009066e-06, 1.20785625768e-06, 2.4317321845e-07, 1.35446396143e-06, 1.62516062119e-06, 5.97248572376e-07, 2.93954570907e-07, 1.28909846353e-07, 1.3305975699e-07, 8.07059734598e-08, 3.08143448535e-08, 5.39611448858e-08, 6.69714381729e-08, 9.82984644793e-08, 1.71133677895e-07, 4.76534403049e-08, 2.68699640316e-09, 3.75683067988e-10, 4.26143925703e-10, 2.84526735506e-10, 2.05123140695e-10, 2.16040477174e-10, 1.28902735708e-10, 2.05557015853e-10, 1.30291999412e-10, 2.25123513581e-11, 1.21721539098e-11, 1.10161922987e-11, 1.43866056221e-11, 2.84744606366e-11, 1.28998053558e-11, 8.70072416892e-12, 1.10190693375e-11, 2.19471437551e-11, 1.64381269013e-11, 1.3274669558e-11, 8.74060459427e-12]}, "mfcc": {"mean": [-719.27154541, 156.538665771, 10.1922531128, 14.2190351486, 6.15495109558, -2.30571937561, -5.55222463608, -2.21798849106, -8.78754901886, -4.57872104645, -8.10809612274, -8.8973197937, -3.81608867645], "cov": [[13692.7167969, -1008.93041992, -250.421310425, -486.713684082, -643.450439453, -212.706970215, -505.692260742, -108.488746643, -141.156311035, 109.043586731, -47.800693512, -111.424636841, -72.3582229614], [-1008.93041992, 2431.27319336, -749.520568848, -38.3475914001, 26.7485046387, -171.017120361, 28.0378360748, -87.3737258911, -94.2839889526, -64.2204818726, -36.7751350403, -61.3255233765, -4.36856174469], [-250.421310425, -749.520568848, 1105.64819336, 103.57232666, 180.715911865, 195.189300537, 126.37310791, 134.588562012, 132.663574219, 31.4240131378, 30.9328250885, 73.7874832153, 21.200630188], [-486.713684082, -38.3475914001, 103.57232666, 351.687713623, 129.183883667, 82.2782211304, 65.0989303589, 47.498046875, 43.4408454895, 23.2460613251, 11.781006813, 22.6045703888, 14.0709133148], [-643.450439453, 26.7485046387, 180.715911865, 129.183883667, 292.799530029, 109.035652161, 87.8686981201, 35.4081115723, 67.8027572632, 37.7501182556, 23.9171733856, 32.8935394287, 7.04351425171], [-212.706970215, -171.017120361, 195.189300537, 82.2782211304, 109.035652161, 219.375686646, 93.506111145, 27.579580307, 59.5346870422, 39.9352340698, 36.5996818542, 23.7531414032, 4.50783872604], [-505.692260742, 28.0378360748, 126.37310791, 65.0989303589, 87.8686981201, 93.506111145, 191.366424561, 61.5464248657, 42.3333702087, 10.1900663376, 18.8414306641, 26.7821178436, 10.2288618088], [-108.488746643, -87.3737258911, 134.588562012, 47.498046875, 35.4081115723, 27.579580307, 61.5464248657, 156.062469482, 43.6919822693, 10.4727506638, 17.7795772552, 23.092590332, 26.864118576], [-141.156311035, -94.2839889526, 132.663574219, 43.4408454895, 67.8027572632, 59.5346870422, 42.3333702087, 43.6919822693, 118.328598022, 38.6752243042, 7.62324953079, 18.4958992004, 14.6558914185], [109.043586731, -64.2204818726, 31.4240131378, 23.2460613251, 37.7501182556, 39.9352340698, 10.1900663376, 10.4727506638, 38.6752243042, 113.239761353, 43.8709983826, 5.15928459167, 4.36015224457], [-47.800693512, -36.7751350403, 30.9328250885, 11.781006813, 23.9171733856, 36.5996818542, 18.8414306641, 17.7795772552, 7.62324953079, 43.8709983826, 89.8628921509, 20.480764389, -1.96859121323], [-111.424636841, -61.3255233765, 73.7874832153, 22.6045703888, 32.8935394287, 23.7531414032, 26.7821178436, 23.092590332, 18.4958992004, 5.15928459167, 20.480764389, 86.8974685669, 28.6789855957], [-72.3582229614, -4.36856174469, 21.200630188, 14.0709133148, 7.04351425171, 4.50783872604, 10.2288618088, 26.864118576, 14.6558914185, 4.36015224457, -1.96859121323, 28.6789855957, 80.6018981934]], "icov": [[9.2400390713e-05, 2.89990439342e-05, 1.80327606358e-06, 6.39186109765e-05, 0.000146236401633, -5.39786633453e-05, 0.000180670642294, -6.0095317167e-05, 5.59427899134e-05, -0.000185679513379, 9.74279901129e-05, -4.52396079709e-06, 6.4091393142e-05], [2.89990439342e-05, 0.000603375025094, 0.000406003877288, 5.93978038523e-05, -0.000367186352378, 0.000384047889384, -0.000410792737966, 0.000126339597045, 7.56480949349e-05, 0.000186928926269, -4.42341915914e-05, 0.00026488135336, -0.000156987109222], [1.80327606358e-06, 0.000406003877288, 0.00154650316108, 0.000121924102132, -0.000571216340177, -0.000516461383086, -0.000233086175285, -0.000658265314996, -0.000637398508843, 0.000415993679781, 0.000111464039946, -0.000423332065111, 0.000170084531419], [6.39186109765e-05, 5.93978038523e-05, 0.000121924102132, 0.00361060001887, -0.00117098120973, -0.000677230011206, -6.5374559199e-05, -0.000719816598576, 6.59925790387e-05, -0.000284990150249, 0.000446691847173, -0.000131183769554, -0.000152368447743], [0.000146236401633, -0.000367186352378, -0.000571216340177, -0.00117098120973, 0.0057181394659, -0.00130077742506, -0.000457150861621, 0.000283697008854, -0.00122152804397, -0.0010035749292, 0.00014774344163, -0.000944861560129, 0.000618767691776], [-5.39786633453e-05, 0.000384047889384, -0.000516461383086, -0.000677230011206, -0.00130077742506, 0.00799055490643, -0.00292744999751, 0.00149311474524, -0.0014918796951, -0.000453395594377, -0.00196199864149, 0.000489631609526, -0.000159266011906], [0.000180670642294, -0.000410792737966, -0.000233086175285, -6.5374559199e-05, -0.000457150861621, -0.00292744999751, 0.00853218510747, -0.00254515791312, -0.000251249643043, 0.000386862870073, 0.000120216282085, -0.00100877590012, 0.00056844833307], [-6.0095317167e-05, 0.000126339597045, -0.000658265314996, -0.000719816598576, 0.000283697008854, 0.00149311474524, -0.00254515791312, 0.00904185604304, -0.00220275949687, 0.000803710427135, -0.00191558245569, 0.000266547198407, -0.00233176792972], [5.59427899134e-05, 7.56480949349e-05, -0.000637398508843, 6.59925790387e-05, -0.00122152804397, -0.0014918796951, -0.000251249643043, -0.00220275949687, 0.0129980286583, -0.0041438806802, 0.00277881114744, -0.000787162454799, -0.000624639331363], [-0.000185679513379, 0.000186928926269, 0.000415993679781, -0.000284990150249, -0.0010035749292, -0.000453395594377, 0.000386862870073, 0.000803710427135, -0.0041438806802, 0.0133484378457, -0.00651894276962, 0.00180439895485, -0.00118997343816], [9.74279901129e-05, -4.42341915914e-05, 0.000111464039946, 0.000446691847173, 0.00014774344163, -0.00196199864149, 0.000120216282085, -0.00191558245569, 0.00277881114744, -0.00651894276962, 0.0160715673119, -0.00392775330693, 0.00233521126211], [-4.52396079709e-06, 0.00026488135336, -0.000423332065111, -0.000131183769554, -0.000944861560129, 0.000489631609526, -0.00100877590012, 0.000266547198407, -0.000787162454799, 0.00180439895485, -0.00392775330693, 0.0152626400813, -0.00524210277945], [6.4091393142e-05, -0.000156987109222, 0.000170084531419, -0.000152368447743, 0.000618767691776, -0.000159266011906, 0.00056844833307, -0.00233176792972, -0.000624639331363, -0.00118997343816, 0.00233521126211, -0.00524210277945, 0.0151975844055]]}, "spectral_contrast_coeffs": {"dmean": [0.0396818295121, 0.0372822210193, 0.0319953784347, 0.0277407094836, 0.0231387745589, 0.0183644928038], "dmean2": [0.0660159215331, 0.0600584968925, 0.0507456213236, 0.0433074347675, 0.0339365303516, 0.026851573959], "dvar": [0.00119972787797, 0.00119534134865, 0.000809935911093, 0.000607836816926, 0.000475037028082, 0.00027975285775], "dvar2": [0.00324056437239, 0.00291057303548, 0.00194006122183, 0.00134756055195, 0.000880463863723, 0.000543887435924], "max": [-0.26692032814, -0.373138189316, -0.508939743042, -0.408777713776, -0.584301173687, -0.641902446747], "mean": [-0.55199277401, -0.709832072258, -0.75021648407, -0.76165574789, -0.779354095459, -0.80448693037], "median": [-0.553527593613, -0.713614225388, -0.750518083572, -0.766920208931, -0.78014677763, -0.808679103851], "min": [-0.968006193638, -0.973578155041, -0.97281229496, -0.955654740334, -0.955163538456, -0.958019733429], "var": [0.00636896537617, 0.00526546407491, 0.00394225632772, 0.00516925612465, 0.00317801861092, 0.00182956503704]}, "spectral_contrast_valleys": {"dmean": [0.343939363956, 0.288451313972, 0.292129695415, 0.289521932602, 0.335180670023, 0.506558358669], "dmean2": [0.578526675701, 0.449201911688, 0.445225387812, 0.413865834475, 0.421529650688, 0.587833583355], "dvar": [0.128619164228, 0.081877797842, 0.0927447900176, 0.10912335664, 0.157271549106, 0.347297638655], "dvar2": [0.304211229086, 0.162623599172, 0.167497977614, 0.165434882045, 0