{"lowlevel": {"average_loudness": 0.948812246323, "barkbands_crest": {"dmean": 3.51126170158, "dmean2": 5.40279483795, "dvar": 14.9432916641, "dvar2": 27.9746131897, "max": 26.7551727295, "mean": 16.3345069885, "median": 16.2516708374, "min": 2.34714388847, "var": 49.2956695557}, "barkbands_flatness_db": {"dmean": 0.0511268898845, "dmean2": 0.0719955936074, "dvar": 0.00382092129439, "dvar2": 0.00695132138208, "max": 0.810201644897, "mean": 0.244381025434, "median": 0.210615366697, "min": 0.0234939828515, "var": 0.02235596627}, "barkbands_kurtosis": {"dmean": 55.8360443115, "dmean2": 87.5243301392, "dvar": 35854.9804688, "dvar2": 91034.4140625, "max": 6816.38574219, "mean": 77.2548294067, "median": 9.99012851715, "min": -1.93449950218, "var": 47504.2226562}, "barkbands_skewness": {"dmean": 2.00054192543, "dmean2": 2.90568065643, "dvar": 7.47503423691, "dvar2": 16.5580425262, "max": 46.9742050171, "mean": 4.57210159302, "median": 2.93069195747, "min": -3.02666044235, "var": 23.3450527191}, "barkbands_spread": {"dmean": 8.44741249084, "dmean2": 13.3652219772, "dvar": 204.351989746, "dvar2": 494.628967285, "max": 138.227249146, "mean": 18.4187641144, "median": 10.871465683, "min": 0.010967373848, "var": 429.672241211}, "dissonance": {"dmean": 0.0243609882891, "dmean2": 0.0398818068206, "dvar": 0.000914447533432, "dvar2": 0.0023984729778, "max": 0.499999880791, "mean": 0.452847242355, "median": 0.470539569855, "min": 0.091021694243, "var": 0.00246966467239}, "dynamic_complexity": 4.38384246826, "erbbands_crest": {"dmean": 2.64115357399, "dmean2": 4.17985582352, "dvar": 7.16704082489, "dvar2": 15.467051506, "max": 28.1408405304, "mean": 8.55978012085, "median": 6.75120735168, "min": 2.19281792641, "var": 27.0647773743}, "erbbands_flatness_db": {"dmean": 0.0227805450559, "dmean2": 0.0335750542581, "dvar": 0.000886705471203, "dvar2": 0.00177554239053, "max": 0.54824924469, "mean": 0.162838026881, "median": 0.135317012668, "min": 0.0178667213768, "var": 0.00806065555662}, "erbbands_kurtosis": {"dmean": 3.57072544098, "dmean2": 5.326816082, "dvar": 190.414810181, "dvar2": 396.725769043, "max": 331.33480835, "mean": 3.18288493156, "median": -0.216640472412, "min": -1.88516151905, "var": 308.861907959}, "erbbands_skewness": {"dmean": 0.678798139095, "dmean2": 0.949608623981, "dvar": 0.678402066231, "dvar2": 1.30047357082, "max": 13.7218265533, "mean": 0.458124667406, "median": 0.26711833477, "min": -3.14995980263, "var": 2.78554344177}, "erbbands_spread": {"dmean": 14.6173782349, "dmean2": 21.3684005737, "dvar": 224.584915161, "dvar2": 457.659912109, "max": 154.094589233, "mean": 51.1564979553, "median": 47.0124359131, "min": 0.61477380991, "var": 959.85168457}, "hfc": {"dmean": 8.79809188843, "dmean2": 13.581325531, "dvar": 171.14704895, "dvar2": 402.562805176, "max": 198.619155884, "mean": 21.1427764893, "median": 10.9679584503, "min": 1.13893532395e-16, "var": 498.263916016}, "melbands_crest": {"dmean": 3.96565127373, "dmean2": 5.73332214355, "dvar": 15.4957151413, "dvar2": 33.0660133362, "max": 38.39793396, "mean": 21.0168056488, "median": 20.2741775513, "min": 2.16658115387, "var": 60.9853096008}, "melbands_flatness_db": {"dmean": 0.0618575587869, "dmean2": 0.0873400866985, "dvar": 0.00540294963866, "dvar2": 0.010274508968, "max": 0.974785625935, "mean": 0.339047312737, "median": 0.305886358023, "min": 0.00959071330726, "var": 0.031311891973}, "melbands_kurtosis": {"dmean": 50.2570075989, "dmean2": 70.8219909668, "dvar": 9014.26464844, "dvar2": 17835.8359375, "max": 3098.39550781, "mean": 87.0540161133, "median": 31.7649784088, "min": -1.75245845318, "var": 21622.2617188}, "melbands_skewness": {"dmean": 1.99288141727, "dmean2": 2.83310055733, "dvar": 4.97506999969, "dvar2": 9.14827919006, "max": 45.4758262634, "mean": 5.86371517181, "median": 4.59427070618, "min": -1.66630220413, "var": 19.4342670441}, "melbands_spread": {"dmean": 7.41241312027, "dmean2": 11.6782960892, "dvar": 150.961959839, "dvar2": 342.793395996, "max": 205.101135254, "mean": 13.7601442337, "median": 5.95091867447, "min": 0.0425145104527, "var": 457.056762695}, "pitch_salience": {"dmean": 0.11563000828, "dmean2": 0.178879708052, "dvar": 0.0147408666089, "dvar2": 0.0316385067999, "max": 0.947119534016, "mean": 0.382982611656, "median": 0.386717796326, "min": 0.00505487062037, "var": 0.0468749590218}, "silence_rate_20dB": {"dmean": 0.0260531734675, "dmean2": 0.0521103143692, "dvar": 0.025369560346, "dvar2": 0.0751283243299, "max": 1, "mean": 0.986822068691, "median": 1, "min": 0, "var": 0.0130037451163}, "silence_rate_30dB": {"dmean": 0.0836443975568, "dmean2": 0.167301535606, "dvar": 0.0766562595963, "dvar2": 0.146464198828, "max": 1, "mean": 0.870429635048, "median": 1, "min": 0, "var": 0.11279450357}, "silence_rate_60dB": {"dmean": 0.0351946353912, "dmean2": 0.0703946352005, "dvar": 0.0339612662792, "dvar2": 0.0687808841467, "max": 1, "mean": 0.103595368564, "median": 0, "min": 0, "var": 0.092871889472}, "spectral_centroid": {"dmean": 386.748718262, "dmean2": 571.015563965, "dvar": 208250.796875, "dvar2": 442118.65625, "max": 10903.8945312, "mean": 1230.05065918, "median": 921.33996582, "min": 48.0205116272, "var": 1030302.8125}, "spectral_complexity": {"dmean": 5.05614376068, "dmean2": 7.84549760818, "dvar": 40.4907073975, "dvar2": 94.8313446045, "max": 56, "mean": 13.5905694962, "median": 10, "min": 0, "var": 143.276901245}, "spectral_decrease": {"dmean": 8.31370616794e-09, "dmean2": 1.12853264511e-08, "dvar": 2.24898444213e-16, "dvar2": 3.60235198003e-16, "max": 6.86936103434e-30, "mean": -1.47763756786e-08, "median": -8.76598438282e-09, "min": -1.16461187361e-07, "var": 4.18833069643e-16}, "spectral_energy": {"dmean": 0.0318510197103, "dmean2": 0.0432121157646, "dvar": 0.00323142018169, "dvar2": 0.00515640946105, "max": 0.443874388933, "mean": 0.0576872229576, "median": 0.0351457260549, "min": 1.03045580522e-20, "var": 0.00608854973689}, "spectral_energyband_high": {"dmean": 0.000634133408312, "dmean2": 0.000984579906799, "dvar": 1.20806021187e-06, "dvar2": 2.59774765254e-06, "max": 0.0248130057007, "mean": 0.0014401745284, "median": 0.000221299342229, "min": 7.37892766218e-21, "var": 4.20191736339e-06}, "spectral_energyband_low": {"dmean": 0.0287830363959, "dmean2": 0.0393772609532, "dvar": 0.00331241241656, "dvar2": 0.00539747811854, "max": 0.424360334873, "mean": 0.0462639331818, "median": 0.0218039769679, "min": 2.66024344515e-23, "var": 0.00580750219524}, "spectral_energyband_middle_high": {"dmean": 0.00148063199595, "dmean2": 0.00250328402035, "dvar": 8.48068611958e-06, "dvar2": 2.23384759011e-05, "max": 0.0373905450106, "mean": 0.00195671920665, "median": 0.000759706832469, "min": 1.60455691468e-21, "var": 8.94527238415e-06}, "spectral_energyband_middle_low": {"dmean": 0.00688231177628, "dmean2": 0.011175214313, "dvar": 0.000126923478092, "dvar2": 0.00032385266968, "max": 0.0749938115478, "mean": 0.00966011267155, "median": 0.00413396768272, "min": 3.17907612656e-22, "var": 0.000166902755154}, "spectral_entropy": {"dmean": 0.305589556694, "dmean2": 0.452249139547, "dvar": 0.189891546965, "dvar2": 0.393779218197, "max": 9.79379653931, "mean": 7.20765686035, "median": 7.64942359924, "min": 3.26123023033, "var": 1.06146383286}, "spectral_flux": {"dmean": 0.0559701323509, "dmean2": 0.0862321928144, "dvar": 0.00608049100265, "dvar2": 0.0112090129405, "max": 0.621796905994, "mean": 0.11368919909, "median": 0.0826285853982, "min": 1.01511368755e-10, "var": 0.0117157772183}, "spectral_kurtosis": {"dmean": 10.3060464859, "dmean2": 16.2586746216, "dvar": 1161.83215332, "dvar2": 2838.20703125, "max": 850.198364258, "mean": 19.5510578156, "median": 3.49742412567, "min": -1.19052088261, "var": 2736.64819336}, "spectral_rms": {"dmean": 0.00182803766802, "dmean2": 0.00236688740551, "dvar": 5.5748628256e-06, "dvar2": 8.52946050145e-06, "max": 0.020809808746, "mean": 0.00624507619068, "median": 0.00585563946515, "min": 3.17068246658e-12, "var": 1.72790005308e-05}, "spectral_rolloff": {"dmean": 830.801452637, "dmean2": 1476.87768555, "dvar": 6096481, "dvar2": 17064214, "max": 18733.8867188, "mean": 1103.8807373, "median": 258.3984375, "min": 43.06640625, "var": 5263670}, "spectral_skewness": {"dmean": 0.656861543655, "dmean2": 0.991082012653, "dvar": 1.39539456367, "dvar2": 3.06277704239, "max": 24.6248512268, "mean": 2.32020378113, "median": 1.42183339596, "min": -0.0867203474045, "var": 6.66933393478}, "spectral_spread": {"dmean": 699051.625, "dmean2": 1038810.375, "dvar": 1093091065860.0, "dvar2": 2182092292100.0, "max": 40270236, "mean": 4475778, "median": 4440834, "min": 123693.945312, "var": 5567892946940.0}, "spectral_strongpeak": {"dmean": 0.238939866424, "dmean2": 0.356747120619, "dvar": 0.137950003147, "dvar2": 0.35249337554, "max": 9.47314929962, "mean": 0.539788961411, "median": 0.460626393557, "min": 0, "var": 0.21206690371}, "zerocrossingrate": {"dmean": 0.0137614076957, "dmean2": 0.0165411513299, "dvar": 0.000437548325863, "dvar2": 0.00062876904849, "max": 0.50537109375, "mean": 0.046699333936, "median": 0.02978515625, "min": 0.001953125, "var": 0.00236114556901}, "barkbands": {"dmean": [0.000326069217408, 0.0245748590678, 0.00965739320964, 0.00326420809142, 0.00199412903748, 0.00155557238031, 0.000705158570781, 0.000309706083499, 0.000738751841709, 0.000186058387044, 0.000217062959564, 0.000161149451742, 0.000119458658446, 0.000120267563034, 0.000167857520864, 0.000198823719984, 0.000129826483317, 0.000267542665824, 0.000176093977643, 0.000176815010491, 0.00022684969008, 0.000163294927916, 9.48141459958e-05, 4.58866488771e-05, 3.19105820381e-05, 3.04787663481e-05, 8.09039338492e-05], "dmean2": [0.000433800916653, 0.0332053527236, 0.0176910962909, 0.00583040947095, 0.00315389363095, 0.00236331904307, 0.00106188305654, 0.000491103914101, 0.00113067321945, 0.000302830623696, 0.000342426501447, 0.000266790477326, 0.000208596582524, 0.000216296757571, 0.000294770201435, 0.000353382551111, 0.000232842518017, 0.000481752300402, 0.000299792940496, 0.000278825085843, 0.000356473086867, 0.000253521167906, 0.000149231025716, 7.14479247108e-05, 4.71881066915e-05, 4.77746107208e-05, 0.000127288571093], "dvar": [3.03941050106e-07, 0.00293269846588, 0.000695749768056, 4.94240739499e-05, 1.19422938951e-05, 6.8817889769e-06, 2.46950298788e-06, 5.06386697907e-07, 3.14652857014e-06, 4.10045089438e-07, 2.15165314899e-07, 1.27615848555e-07, 7.96554715521e-08, 8.54170920661e-08, 1.42912938372e-07, 1.93365181644e-07, 7.50757962464e-08, 4.21807186513e-07, 1.08485856742e-07, 1.11568901673e-07, 1.81727841664e-07, 9.05096371184e-08, 3.0770401338e-08, 9.38364941305e-09, 5.2042579135e-09, 3.08374947799e-09, 6.00383813776e-08], "dvar2": [6.05739785442e-07, 0.00517229316756, 0.0020179732237, 0.000142477467307, 2.91648593702e-05, 1.51656777234e-05, 5.29608178113e-06, 1.20286119909e-06, 7.14374755262e-06, 1.01518276097e-06, 5.1774225085e-07, 3.2824877394e-07, 2.17407588821e-07, 2.3601354826e-07, 3.88833939269e-07, 5.31286445948e-07, 2.13561435203e-07, 1.16418380003e-06, 2.91663070584e-07, 2.60804455365e-07, 4.13216810102e-07, 2.03826999723e-07, 8.06238560358e-08, 2.05306474044e-08, 1.00706536443e-08, 7.42690309252e-09, 1.46968375248e-07], "max": [0.0127266133204, 0.388132184744, 0.194435119629, 0.0563791394234, 0.040701109916, 0.0310412049294, 0.0269787423313, 0.0122568514198, 0.026218470186, 0.0219763740897, 0.00560180004686, 0.0060917576775, 0.00449928734452, 0.00483336905017, 0.00587501563132, 0.00627474952489, 0.00472385343164, 0.00772746652365, 0.00565856182948, 0.00649737613276, 0.00632426468655, 0.00507403677329, 0.0030042422004, 0.0036734091118, 0.00496259238571, 0.000912359275389, 0.00244829826988], "mean": [0.000489363330416, 0.035418368876, 0.0087521141395, 0.00294655142352, 0.00271923467517, 0.00199564942159, 0.000817192543764, 0.000332842435455, 0.000797234242782, 0.000187861835002, 0.000249190285103, 0.000174957400304, 0.000110972614493, 0.000113412126666, 0.000173373773578, 0.000200083028176, 0.000134396221256, 0.000240354420384, 0.000254437531112, 0.00031042273622, 0.000406236737035, 0.000301231280901, 0.000179318478331, 0.000106718514871, 7.41042167647e-05, 5.63935209357e-05, 0.000145064652315], "median": [4.00352873839e-05, 0.00715209823102, 0.00113549991511, 0.00063697405858, 0.000943597115111, 0.000633255345747, 0.00015698056086, 6.812025822e-05, 0.000107521031168, 3.93286318285e-05, 5.20217399753e-05, 3.84975792258e-05, 1.99612786673e-05, 2.43077047344e-05, 3.47213353962e-05, 3.64138468285e-05, 2.54530750681e-05, 4.19007228629e-05, 4.02181904064e-05, 3.60515477951e-05, 3.36231387337e-05, 2.70523614745e-05, 1.88241192518e-05, 9.25853055378e-06, 4.64505365017e-06, 2.25394751396e-06, 3.93885954963e-07], "min": [2.64776291621e-24, 6.8130342844e-24, 1.40322041395e-23, 1.91547923344e-23, 8.4220210191e-23, 7.87311266859e-24, 5.8287354565e-23, 8.38486125285e-23, 5.94691376208e-23, 1.77396026917e-23, 6.38425572357e-23, 1.02320989693e-22, 7.20202238563e-23, 1.02495391062e-22, 1.20850284749e-22, 1.82505406425e-22, 9.26899257405e-23, 4.02078667346e-22, 2.32322565813e-22, 3.85313972093e-22, 3.04417838741e-22, 4.45802841807e-22, 7.15159839657e-22, 8.45913294883e-22, 1.24445203411e-21, 1.50763804447e-21, 2.44715446941e-21], "var": [6.64489789415e-07, 0.00463452469558, 0.00044850926497, 3.59448749805e-05, 1.80800998351e-05, 1.06054130811e-05, 3.18962088386e-06, 5.76098898364e-07, 3.51616790795e-06, 3.70081579604e-07, 2.48015084026e-07, 1.33522206625e-07, 6.56928094145e-08, 7.06020060193e-08, 1.3477377081e-07, 1.74852686996e-07, 6.497455729e-08, 3.00244465734e-07, 1.60475920552e-07, 2.55178576936e-07, 4.55382178188e-07, 2.57705437434e-07, 8.70892904459e-08, 4.30898978721e-08, 2.76102447572e-08, 9.35419386394e-09, 1.09786668645e-07]}, "erbbands": {"dmean": [0.675602555275, 5.88906526566, 11.1601161957, 11.1167087555, 7.92112016678, 7.04309034348, 10.6179037094, 12.9915838242, 8.30648994446, 9.68628025055, 7.38061523438, 16.2790184021, 11.1267604828, 8.99067497253, 6.81691360474, 5.04324817657, 5.47400808334, 5.23771190643, 7.02178955078, 9.13199996948, 10.8944244385, 8.1876373291, 14.3770809174, 9.99025535583, 8.33970737457, 7.47449064255, 11.0757360458, 7.61270284653, 6.67126321793, 4.09760522842, 2.3058989048, 1.29797649384, 0.640187144279, 0.41070663929, 0.21324005723, 0.110935002565, 0.0591612122953, 0.0275236032903, 0.0113191762939, 0.00146034895442], "dmean2": [0.894079446793, 8.1571264267, 19.0470867157, 20.0971641541, 13.2395935059, 11.1382808685, 16.1357059479, 19.9290409088, 12.6911439896, 14.6169033051, 11.5296144485, 25.0677433014, 17.2939376831, 14.0951356888, 10.8983030319, 8.48445320129, 9.55181312561, 9.30841732025, 12.3487634659, 16.2403430939, 19.1653327942, 14.6687717438, 25.9126853943, 17.5071773529, 13.9377002716, 11.5815782547, 17.6730766296, 11.5991010666, 10.2371044159, 6.33131408691, 3.65416359901, 2.05489754677, 0.971360206604, 0.609273135662, 0.317314207554, 0.167243987322, 0.0933307781816, 0.0461372174323, 0.0187546350062, 0.00228106090799], "dvar": [2.30143380165, 171.59576416, 837.356506348, 712.992431641, 203.907989502, 170.248825073, 311.96673584, 509.789123535, 306.929046631, 433.760772705, 244.507904053, 1630.18786621, 851.344543457, 452.644958496, 215.624023438, 114.614341736, 166.539245605, 128.083343506, 223.294281006, 367.560699463, 550.391784668, 294.231170654, 1338.58666992, 364.854675293, 207.881195068, 201.122116089, 505.032531738, 204.644393921, 148.362091064, 62.3203735352, 19.1745491028, 6.39915657043, 2.1308734417, 0.759068787098, 0.331429898739, 0.0428154356778, 0.0135960318148, 0.0061390013434, 0.00133797142189, 1.73705793713e-05], "dvar2": [4.05133914948, 322.461425781, 2336.55273438, 2069.00415039, 558.079956055, 406.143066406, 654.91986084, 1141.8861084, 685.773254395, 972.521911621, 579.182739258, 3612.89672852, 2041.85400391, 1091.87414551, 529.497497559, 302.044769287, 453.093292236, 359.36126709, 608.99432373, 1007.81378174, 1498.37280273, 830.115112305, 3699.20532227, 1004.19018555, 546.613647461, 465.620513916, 1227.08666992, 457.969512939, 352.984527588, 142.233688354, 48.6276893616, 15.5537748337, 4.35699462891, 1.52291405201, 0.672305226326, 0.0931698530912, 0.03373959288, 0.0164343584329, 0.00351153570227, 4.06143444707e-05], "max": [12.5061321259, 92.0421676636, 219.629699707, 200.347427368, 174.06942749, 162.451583862, 274.545410156, 313.214660645, 296.744781494, 336.721252441, 234.007156372, 636.135681152, 624.341125488, 275.640899658, 208.353057861, 222.853607178, 203.850311279, 209.678222656, 172.579971313, 215.434249878, 317.627838135, 293.178283691, 508.72479248, 262.571655273, 188.507629395, 267.581054688, 473.604156494, 183.709320068, 292.869049072, 85.7489547729, 97.0513000488, 40.4652328491, 90.9309844971, 55.00623703, 52.3297348022, 4.33914804459, 1.77024185658, 0.950284123421, 0.373448997736, 0.0469976812601], "mean": [0.980671405792, 7.9797873497, 11.3033838272, 10.5610933304, 8.97215938568, 9.44797229767, 13.466345787, 16.5060539246, 10.3294019699, 11.2827482224, 8.19209384918, 17.4319210052, 12.050028801, 10.0108413696, 7.80703020096, 5.65195512772, 5.25033187866, 5.20296669006, 7.29788827896, 9.3489408493, 11.6069383621, 8.40734958649, 12.696521759, 12.6513662338, 13.5393629074, 13.8196115494, 17.5312728882, 14.0905456543, 11.7234869003, 7.7139339447, 4.58635377884, 2.75901627541, 1.52732932568, 0.960974395275, 0.457046300173, 0.206358462572, 0.107573516667, 0.0508049018681, 0.0201453380287, 0.00252042082138], "median": [0.178832471371, 1.70500874519, 2.78836488724, 2.31427097321, 2.47415542603, 3.24542045593, 4.06238937378, 4.21441030502, 2.50804829597, 2.3164100647, 1.64670431614, 2.46452665329, 2.17440080643, 2.04992246628, 1.79271578789, 1.45134878159, 1.00718903542, 1.16656029224, 1.62953066826, 2.06354761124, 2.07646107674, 1.63319945335, 2.21493625641, 2.03027820587, 2.07736825943, 1.67218601704, 1.45903968811, 1.25047647953, 1.08259153366, 0.670885324478, 0.481783658266, 0.248959466815, 0.119005136192, 0.0605500377715, 0.0285115074366, 0.0119850290939, 0.00350095238537, 0.000685426057316, 9.95738810161e-05, 6.3277380832e-05], "min": [1.97170633576e-22, 1.83007106815e-21, 1.04194166039e-20, 4.45632439773e-20, 2.65914888891e-19, 2.43030988943e-19, 7.12849065379e-20, 7.51086135429e-20, 5.0583573043e-19, 1.0180825242e-18, 2.52305555106e-18, 1.3488404115e-18, 6.13920836133e-19, 1.13043464109e-18, 4.22607112621e-18, 2.85536005931e-18, 3.64226772938e-18, 4.37014655017e-18, 5.78909589526e-18, 8.37929824613e-18, 7.81078197421e-18, 8.12104501427e-18, 1.96964541692e-17, 1.18726556809e-17, 1.51888343371e-17, 1.85029450418e-17, 1.1446939734e-17, 1.28324821493e-17, 1.48915290814e-17, 2.21789869692e-17, 1.81578469447e-17, 1.51450450499e-17, 1.60920212674e-17, 1.42524940079e-17, 8.5508331713e-18, 4.84072505116e-18, 3.25595846009e-18, 1.38289512712e-18, 3.22731908914e-19, 3.38126360499e-20], "var": [3.85254383087, 245.074707031, 589.359619141, 489.681396484, 220.308105469, 251.312667847, 506.046173096, 782.483642578, 408.307220459, 538.270874023, 283.472473145, 1832.77905273, 880.598999023, 481.601928711, 234.884994507, 118.250839233, 138.196472168, 112.499656677, 209.74156189, 328.888671875, 542.451538086, 252.594848633, 919.877868652, 409.864959717, 405.369415283, 501.600738525, 970.003173828, 542.349060059, 396.305389404, 170.818099976, 57.4391365051, 23.586233139, 11.6013994217, 4.90314435959, 1.13096880913, 0.12159910053, 0.0391054861248, 0.011326928623, 0.00212181732059, 3.30632901751e-05]}, "gfcc": {"mean": [-73.3823394775, 105.245658875, -76.4988937378, 42.8142814636, -35.9288520813, 2.59045553207, -16.604352951, 2.40456533432, -12.1609535217, -3.58038282394, -12.3304243088, -0.732878565788, -3.96094226837], "cov": [[24056.4121094, -7449.07910156, -580.981628418, 1169.91027832, -2051.75585938, 406.808746338, -1095.23388672, -81.6709823608, -717.29498291, 502.633544922, -433.20022583, 452.239135742, -369.567108154], [-7449.07910156, 5165.71289062, 161.261306763, -1124.81555176, 820.907531738, -465.151397705, 456.538696289, -171.60218811, 356.739624023, -414.920440674, 220.138946533, -336.357666016, 161.748306274], [-580.981628418, 161.261306763, 1460.99853516, -252.199554443, 487.448394775, 246.339035034, 265.830871582, 121.179878235, 206.219909668, 27.5998439789, 124.267082214, -3.05936050415, 76.0358505249], [1169.91027832, -1124.81555176, -252.199554443, 1474.99072266, -157.247192383, 258.755493164, 68.2186050415, 135.781173706, -68.1830368042, 253.875320435, -16.8959274292, 207.950775146, 72.871887207], [-2051.75585938, 820.907531738, 487.448394775, -157.247192383, 627.32824707, 127.266693115, 307.314300537, 90.8574295044, 213.761947632, -13.0186948776, 131.619888306, -23.6298618317, 81.7442398071], [406.808746338, -465.151397705, 246.339035034, 258.755493164, 127.266693115, 327.974243164, 105.04510498, 137.671890259, 63.6712112427, 120.60774231, 48.3127441406, 80.0093994141, 37.9288520813], [-1095.23388672, 456.538696289, 265.830871582, 68.2186050415, 307.314300537, 105.04510498, 293.162445068, 107.093910217, 157.599502563, 37.5079307556, 107.848747253, 22.8197917938, 81.3440170288], [-81.6709823608, -171.60218811, 121.179878235, 135.781173706, 90.8574295044, 137.671890259, 107.093910217, 199.656295776, 106.886001587, 111.480133057, 63.2462997437, 57.2524719238, 37.529586792], [-717.29498291, 356.739624023, 206.219909668, -68.1830368042, 213.761947632, 63.6712112427, 157.599502563, 106.886001587, 217.081497192, 64.7911224365, 114.470825195, -6.01907873154, 65.3390884399], [502.633544922, -414.920440674, 27.5998439789, 253.875320435, -13.0186948776, 120.60774231, 37.5079307556, 111.480133057, 64.7911224365, 170.954193115, 57.0382194519, 86.046257019, 32.2500457764], [-433.20022583, 220.138946533, 124.267082214, -16.8959274292, 131.619888306, 48.3127441406, 107.848747253, 63.2462997437, 114.470825195, 57.0382194519, 129.114349365, 33.0290679932, 62.8750801086], [452.239135742, -336.357666016, -3.05936050415, 207.950775146, -23.6298618317, 80.0093994141, 22.8197917938, 57.2524719238, -6.01907873154, 86.046257019, 33.0290679932, 117.445602417, 44.0574150085], [-369.567108154, 161.748306274, 76.0358505249, 72.871887207, 81.7442398071, 37.9288520813, 81.3440170288, 37.529586792, 65.3390884399, 32.2500457764, 62.8750801086, 44.0574150085, 95.0578765869]], "icov": [[9.10448798095e-05, 9.72304915194e-05, -3.06613983412e-05, 2.59687876678e-05, 0.000218423432671, -7.93040671851e-05, -1.15945590551e-06, 0.000175738343387, -0.000152332097059, 1.50669902723e-05, -7.08786956238e-06, -0.000182229603524, 0.000157302318257], [9.72304915194e-05, 0.000649530731607, 0.000141887416248, 0.000133053792524, -0.000135721085826, 0.000464287120849, -0.000546331575606, 0.00031077300082, -0.000292815180728, 0.000687589927111, -0.000528783362824, 0.000757416884881, -0.000699727563187], [-3.06613983412e-05, 0.000141887416248, 0.00113666756079, 0.000314929202432, -0.000664788065478, -0.000567898561712, -0.000420348660555, 0.000110239619971, -8.01144269644e-05, 7.65751610743e-05, -1.02610320027e-05, 0.000430378946476, -0.00056041328935], [2.59687876678e-05, 0.000133053792524, 0.000314929202432, 0.00145098520443, 0.000215935346205, -0.000489773112349, -0.0013205842115, 0.000341253413353, 0.00109089666512, -0.00206130743027, 0.00125876674429, -0.000105718485429, -0.00131871958729], [0.000218423432671, -0.000135721085826, -0.000664788065478, 0.000215935346205, 0.00536817824468, -0.00170729996171, -0.00298216287047, 0.000950762245338, -0.00215970235877, 0.00165294599719, -0.0003830610367, -0.000978935277089, 0.00131861015689], [-7.93040671851e-05, 0.000464287120849, -0.000567898561712, -0.000489773112349, -0.00170729996171, 0.0067646978423, -0.000480068702018, -0.00227450532839, 0.00109347701073, -0.00151779595762, 8.26898831292e-05, 7.65815420891e-05, -0.000517671229318], [-1.15945590551e-06, -0.000546331575606, -0.000420348660555, -0.0013205842115, -0.00298216287047, -0.000480068702018, 0.011220254004, -0.00247790524736, -0.00263364240527, 0.0025810492225, -0.00182502507232, -0.00175053311978, -0.000640394282527], [0.000175738343387, 0.00031077300082, 0.000110239619971, 0.000341253413353, 0.000950762245338, -0.00227450532839, -0.00247790524736, 0.0119867399335, -0.00480523332953, -0.00354390079156, 0.00165278033819, -0.00288607971743, 0.0020322422497], [-0.000152332097059, -0.000292815180728, -8.01144269644e-05, 0.00109089666512, -0.00215970235877, 0.00109347701073, -0.00263364240527, -0.00480523332953, 0.0192875303328, -0.00858004763722, -0.00640194537118, 0.0110051315278, -0.00650717131793], [1.50669902723e-05, 0.000687589927111, 7.65751610743e-05, -0.00206130743027, 0.00165294599719, -0.00151779595762, 0.0025810492225, -0.00354390079156, -0.00858004763722, 0.0218868423253, -0.00511521846056, -0.00861860532314, 0.00463225552812], [-7.08786956238e-06, -0.000528783362824, -1.02610320027e-05, 0.00125876674429, -0.0003830610367, 8.26898831292e-05, -0.00182502507232, 0.00165278033819, -0.00640194537118, -0.00511521846056, 0.0212871953845, -0.00521472794935, -0.00440634833649], [-0.000182229603524, 0.000757416884881, 0.000430378946476, -0.000105718485429, -0.000978935277089, 7.65815420891e-05, -0.00175053311978, -0.00288607971743, 0.0110051315278, -0.00861860532314, -0.00521472794935, 0.0259375050664, -0.0120245553553], [0.000157302318257, -0.000699727563187, -0.00056041328935, -0.00131871958729, 0.00131861015689, -0.000517671229318, -0.000640394282527, 0.0020322422497, -0.00650717131793, 0.00463225552812, -0.00440634833649, -0.0120245553553, 0.0239884797484]]}, "melbands": {"dmean": [0.00665163062513, 0.00616691587493, 0.00187743233982, 0.00048262393102, 0.000348969275365, 0.000281574379187, 0.000142014629091, 9.90987755358e-05, 5.78174876864e-05, 0.000114541056973, 5.37917221664e-05, 3.47105997207e-05, 2.43716713157e-05, 1.91099770745e-05, 1.01351006379e-05, 1.42052931551e-05, 9.49864988797e-06, 1.07623618533e-05, 1.57345111802e-05, 1.27568755488e-05, 1.22554174595e-05, 8.48310537549e-06, 1.05239432742e-05, 1.33185576487e-05, 7.75231910666e-06, 7.05680668034e-06, 5.95402116232e-06, 5.27242627868e-06, 8.11634618003e-06, 5.39004349775e-06, 4.28253997597e-06, 4.39122914031e-06, 2.89934905595e-06, 2.34988260672e-06, 1.41666669151e-06, 1.19065100534e-06, 7.2010857366e-07, 5.0395811968e-07, 3.99298016873e-07, 3.66103876104e-07], "dmean2": [0.00889642909169, 0.00898022577167, 0.00336743658409, 0.000771312916186, 0.00053554790793, 0.000431821361417, 0.000214432875509, 0.00015001722204, 9.04577536858e-05, 0.000176258443389, 8.42479348648e-05, 5.45975672139e-05, 3.86403335142e-05, 3.14471326419e-05, 1.7589856725e-05, 2.48319684033e-05, 1.70380390045e-05, 1.914954737e-05, 2.75486127066e-05, 2.30823352467e-05, 2.15211366594e-05, 1.51729982463e-05, 1.91989329323e-05, 2.38357843045e-05, 1.35809723361e-05, 1.19897231343e-05, 9.90727494354e-06, 8.28124302643e-06, 1.29447735162e-05, 8.57857503433e-06, 6.51901382298e-06, 6.82379823047e-06, 4.46137619292e-06, 3.6657097553e-06, 2.28216754294e-06, 1.92006041289e-06, 1.15543480206e-06, 7.72371322455e-07, 6.12533938238e-07, 5.32447188561e-07], "dvar": [0.000219875655603, 0.000183338299394, 1.88718950085e-05, 6.76589877457e-07, 3.47291660319e-07, 2.3414639827e-07, 9.29242247594e-08, 4.36713882834e-08, 1.49852663611e-08, 7.91392267274e-08, 2.1562327035e-08, 7.17221482205e-09, 2.62074917323e-09, 1.81606574223e-09, 6.79419076555e-10, 1.23470556002e-09, 4.51873344298e-10, 6.65584531934e-10, 1.34581601419e-09, 9.43366385009e-10, 6.94044044458e-10, 3.696114248e-10, 7.99756816328e-10, 1.05464526001e-09, 2.27548396792e-10, 1.70722949666e-10, 1.21450571822e-10, 1.11492225174e-10, 3.02110059192e-10, 1.10038936296e-10, 6.36177568958e-11, 6.96918911469e-11, 3.40577427371e-11, 2.03203114058e-11, 7.45141968961e-12, 6.11080326965e-12, 2.19493975946e-12, 1.47118927284e-12, 8.09185834658e-13, 6.18672322573e-13], "dvar2": [0.000387447449611, 0.000430923188105, 5.47263698536e-05, 1.70833220636e-06, 7.44799024233e-07, 5.27465374489e-07, 2.0232525344e-07, 9.79687939662e-08, 3.56108742494e-08, 1.77115666133e-07, 5.20309306751e-08, 1.74209286996e-08, 6.38215524873e-09, 4.6052317515e-09, 1.83691040156e-09, 3.4017255679e-09, 1.2675420713e-09, 1.82061765663e-09, 3.6409890658e-09, 2.65025157375e-09, 1.88951210234e-09, 1.0521885585e-09, 2.22215112977e-09, 2.91074231384e-09, 6.25723084458e-10, 4.53613119289e-10, 3.2356067825e-10, 2.59331028873e-10, 7.35664862361e-10, 2.65950983458e-10, 1.47313314325e-10, 1.7737590563e-10, 7.67540822566e-11, 5.26147805879e-11, 1.90305757264e-11, 1.60700619478e-11, 5.27505296388e-12, 3.12111165905e-12, 1.66911005416e-12, 1.20466809271e-12], "max": [0.110735021532, 0.108709596097, 0.0319919362664, 0.00968246906996, 0.00975095573813, 0.00638123927638, 0.00480016181245, 0.00307211978361, 0.00160867604427, 0.00416264496744, 0.00331449368969, 0.00140301638748, 0.000679789052811, 0.00056689028861, 0.000793364772107, 0.000578877865337, 0.000355359050445, 0.000403396203183, 0.00060026376741, 0.00059180468088, 0.00037419697037, 0.000408798805438, 0.000449204235338, 0.000396251678467, 0.000245954492129, 0.000199974354473, 0.000190480874153, 0.000205231786822, 0.000380338955438, 0.000152921813424, 0.000124347629026, 0.00018506165361, 0.000134548827191, 6.16501638433e-05, 7.49733080738e-05, 4.65065095341e-05, 3.05191679217e-05, 7.69971375121e-05, 7.7398661233e-05, 6.26221735729e-05], "mean": [0.00956509262323, 0.00780800636858, 0.00185608258471, 0.000633149815258, 0.000455960282125, 0.000359476602171, 0.00017441266391, 0.000115598253615, 6.3082370616e-05, 0.000121672084788, 5.73968682147e-05, 3.80570236302e-05, 2.8471042242e-05, 2.05127507797e-05, 1.06053757918e-05, 1.28708506963e-05, 9.12244013307e-06, 1.05445060399e-05, 1.58269886015e-05, 1.19599635582e-05, 1.31045690068e-05, 8.51904587762e-06, 9.07584944798e-06, 1.20956619867e-05, 9.84452526609e-06, 1.01769210232e-05, 9.6889480119e-06, 8.9348268375e-06, 1.18235966511e-05, 9.17435227166e-06, 7.51289508116e-06, 7.10781569069e-06, 5.10739437232e-06, 3.96855739382e-06, 2.68063126896e-06, 2.16321632251e-06, 1.48914148212e-06, 1.1146153156e-06, 8.82836616256e-07, 7.82840174907e-07], "median": [0.00206147576682, 0.0027905954048, 0.000450345542049, 0.000208545636269, 0.000149724801304, 0.000101883997559, 3.88089611079e-05, 2.42166934186e-05, 1.16701976367e-05, 1.59785813594e-05, 9.8278560472e-06, 7.67868004914e-06, 6.54886753182e-06, 4.431150046e-06, 2.66045890385e-06, 1.92581728697e-06, 2.05016863219e-06, 2.34437038671e-06, 2.86143222183e-06, 2.42083206103e-06, 2.22923290494e-06, 1.55496900334e-06, 1.62035007634e-06, 2.02705041374e-06, 1.51701146933e-06, 1.61131606546e-06, 1.38269956551e-06, 9.67200776358e-07, 9.09185644105e-07, 7.829667652e-07, 6.44315264253e-07, 6.28199359198e-07, 4.53513479215e-07, 3.35589163569e-07, 2.79815822068e-07, 1.99917849386e-07, 1.27256441829e-07, 8.47833590001e-08, 6.43678319534e-08, 4.43782539605e-08], "min": [2.1335666149e-24, 4.50825566522e-24, 1.38991406598e-23, 2.10683953411e-23, 3.57221382547e-24, 1.73598446575e-24, 9.37233887466e-24, 1.2156286596e-23, 2.12278951275e-23, 6.87940825211e-24, 2.86862267043e-24, 4.0104568239e-24, 1.1884632877e-23, 1.18952580445e-23, 7.78731300109e-24, 6.44027502415e-24, 8.12322575175e-24, 9.45037930629e-24, 9.01570117029e-24, 1.58923507758e-23, 6.50377043841e-24, 5.91870938147e-24, 1.72356341693e-23, 1.74931940994e-23, 8.24773087956e-24, 1.09668097798e-23, 1.20308545567e-23, 1.21221667842e-23, 8.6305240561e-24, 5.39992447348e-24, 7.24905348394e-24, 7.6549421412e-24, 1.06678504294e-23, 1.3212316546e-23, 1.02490283976e-23, 1.03340147495e-23, 8.83582195124e-24, 1.15739163436e-23, 1.14795772568e-23, 1.21875041886e-23], "var": [0.00035207165638, 0.000200640439289, 1.33556559376e-05, 9.61607611316e-07, 5.7143927279e-07, 3.5679252619e-07, 1.23842909261e-07, 5.44943787872e-08, 1.71091762979e-08, 8.83275603769e-08, 2.18525730844e-08, 7.41708205965e-09, 3.0178384236e-09, 1.9270571805e-09, 6.4196187255e-10, 9.99732407969e-10, 3.76804087932e-10, 5.86701465188e-10, 1.27437094211e-09, 7.21746273857e-10, 7.04734104406e-10, 3.11971809497e-10, 5.29875920918e-10, 7.84013576283e-10, 2.66459576626e-10, 2.66352911948e-10, 2.41723280281e-10, 2.4283661193e-10, 5.02049957163e-10, 2.46302062079e-10, 1.58636923042e-10, 1.59123852983e-10, 8.44087300056e-11, 4.6946585508e-11, 2.04874086446e-11, 1.53436933298e-11, 7.80615849738e-12, 6.81979819839e-12, 4.69157438593e-12, 4.07589370241e-12]}, "mfcc": {"mean": [-720.911010742, 128.577804565, 28.2715206146, 43.877784729, 9.66228580475, 12.6690568924, 4.83500099182, 10.048286438, 6.35514640808, 4.06135511398, -1.11671102047, -1.804215312, 0.995524823666], "cov": [[19790.4941406, -4341.328125, -1250.78405762, 548.919311523, -1138.64343262, 26.5044937134, -673.886291504, -523.724304199, -511.680206299, -324.71661377, -391.6484375, -154.794677734, -118.26815033], [-4341.328125, 3831.21606445, 270.522888184, -684.299987793, 285.708312988, -260.995910645, 86.6792297363, 96.3188552856, 90.4315567017, 19.0056724548, 96.3453598022, 0.310409426689, -31.4827594757], [-1250.78405762, 270.522888184, 831.98840332, 3.14913916588, 190.072235107, 114.850326538, 139.454559326, 101.191246033, 124.270622253, 100.602157593, 58.6429023743, 64.1401138306, 56.2024345398], [548.919311523, -684.299987793, 3.14913916588, 819.154846191, -17.3177661896, 258.991149902, 84.7865447998, 88.3086929321, 55.5020751953, 45.2292747498, 20.4287128448, 32.4839286804, 72.3857269287], [-1138.64343262, 285.708312988, 190.072235107, -17.3177661896, 313.153320312, 118.633415222, 142.075302124, 112.466125488, 109.123847961, 96.2272033691, 89.6517562866, 60.9515228271, 47.1497612], [26.5044937134, -260.995910645, 114.850326538, 258.991149902, 118.633415222, 272.713195801, 136.38633728, 98.5082244873, 76.8620910645, 62.057220459, 39.3456764221, 43.484577179, 65.9750671387], [-673.886291504, 86.6792297363, 139.454559326, 84.7865447998, 142.075302124, 136.38633728, 185.556243896, 126.393508911, 91.9848937988, 70.6178512573, 63.8515167236, 49.3727684021, 55.7743339539], [-523.724304199, 96.3188552856, 101.191246033, 88.3086929321, 112.466125488, 98.5082244873, 126.393508911, 147.014190674, 99.5644683838, 66.983543396, 66.2394943237, 49.8650550842, 40.5131454468], [-511.680206299, 90.4315567017, 124.270622253, 55.5020751953, 109.123847961, 76.8620910645, 91.9848937988, 99.5644683838, 130.508041382, 99.8166351318, 77.4552154541, 58.6504631042, 53.6637115479], [-324.71661377, 19.0056724548, 100.602157593, 45.2292747498, 96.2272033691, 62.057220459, 70.6178512573, 66.983543396, 99.8166351318, 128.412872314, 93.0326156616, 69.7018814087, 58.6548728943], [-391.6484375, 96.3453598022, 58.6429023743, 20.4287128448, 89.6517562866, 39.3456764221, 63.8515167236, 66.2394943237, 77.4552154541, 93.0326156616, 117.966033936, 80.1322631836, 49.622505188], [-154.794677734, 0.310409426689, 64.1401138306, 32.4839286804, 60.9515228271, 43.484577179, 49.3727684021, 49.8650550842, 58.6504631042, 69.7018814087, 80.1322631836, 101.165267944, 66.8602676392], [-118.26815033, -31.4827594757, 56.2024345398, 72.3857269287, 47.1497612, 65.9750671387, 55.7743339539, 40.5131454468, 53.6637115479, 58.6548728943, 49.622505188, 66.8602676392, 94.1312942505]], "icov": [[8.86545822141e-05, 6.60404839437e-05, 5.69540716242e-05, 4.58088870801e-05, 0.000205421820283, -0.000209329358768, 0.0002316156897, -6.18050762569e-05, 0.000141065684147, -0.000127747713123, 0.000116117764264, -0.000140936099342, 3.5501554521e-05], [6.60404839437e-05, 0.000434263201896, -4.20150972786e-05, 0.000225830110139, -0.000180646733497, 0.000367058586562, 3.89023698517e-05, -0.00027094699908, -0.000165308942087, 0.000483046489535, -0.000448889681138, 0.000403453101171, -0.000250259268796], [5.69540716242e-05, -4.20150972786e-05, 0.0016086185351, 8.8365690317e-05, -0.000271375349257, -0.000332484865794, -0.000524926814251, 0.00048556656111, -0.000923271523789, -0.000673216825817, 0.0013884913642, -0.0010355085833, 0.000449506187579], [4.58088870801e-05, 0.000225830110139, 8.8365690317e-05, 0.00219376990572, 0.000996142392978, -0.00218105036765, 0.000903382489923, -0.0013641739497, 0.000216254789848, -0.000123013247503, -0.000363987695891, 0.000709701504093, -0.000883941655047], [0.000205421820283, -0.000180646733497, -0.000271375349257, 0.000996142392978, 0.00716113345698, -0.00277576828375, -0.00158987566829, -0.00029794688453, -0.000676274357829, -0.00142684113234, -0.00139292597305, -0.000442427990492, 0.00134564982727], [-0.000209329358768, 0.000367058586562, -0.000332484865794, -0.00218105036765, -0.00277576828375, 0.0102463029325, -0.00497730728239, 5.10252139065e-05, -0.000585282861721, 0.000268852920271, 0.00158321566414, 0.000658619741444, -0.00226473272778], [0.0002316156897, 3.89023698517e-05, -0.000524926814251, 0.000903382489923, -0.00158987566829, -0.00497730728239, 0.0192178804427, -0.0121152522042, 0.00286954338662, -0.000902890751604, -0.00117065478116, 0.00296440767124, -0.00452677393332], [-6.18050762569e-05, -0.00027094699908, 0.00048556656111, -0.0013641739497, -0.00029794688453, 5.10252139065e-05, -0.0121152522042, 0.0260147228837, -0.0147085729986, 0.00646968372166, -0.00287156412378, -0.00388215924613, 0.00531146582216], [0.000141065684147, -0.000165308942087, -0.000923271523789, 0.000216254789848, -0.000676274357829, -0.000585282861721, 0.00286954338662, -0.0147085729986, 0.0327876247466, -0.0177744161338, 0.00107377814129, 0.00215966580436, -0.00383049552329], [-0.000127747713123, 0.000483046489535, -0.000673216825817, -0.000123013247503, -0.00142684113234, 0.000268852920271, -0.000902890751604, 0.00646968372166, -0.0177744161338, 0.0321893207729, -0.0155690889806, 0.00126059760805, -0.00383823155425], [0.000116117764264, -0.000448889681138, 0.0013884913642, -0.000363987695891, -0.00139292597305, 0.00158321566414, -0.00117065478116, -0.00287156412378, 0.00107377814129, -0.0155690889806, 0.0328699313104, -0.0180238522589, 0.00552775710821], [-0.000140936099342, 0.000403453101171, -0.0010355085833, 0.000709701504093, -0.000442427990492, 0.000658619741444, 0.00296440767124, -0.00388215924613, 0.00215966580436, 0.00126059760805, -0.0180238522589, 0.0338338017464, -0.016842180863], [3.5501554521e-05, -0.000250259268796, 0.000449506187579, -0.000883941655047, 0.00134564982727, -0.00226473272778, -0.00452677393332, 0.00531146582216, -0.00383049552329, -0.00383823155425, 0.00552775710821, -0.016842180863, 0.0259293671697]]}, "spectral_contrast_coeffs": {"dmean": [0.0605880133808, 0.0589608736336, 0.047699034214, 0.0347543358803, 0.0260536279529, 0.0257354844362], "dmean2": [0.0953064784408, 0.0941490381956, 0.0736096352339, 0.0568896755576, 0.0394094325602, 0.0394613333046], "dvar": [0.00268937088549, 0.00255126575939, 0.00179894373287, 0.000986603321508, 0.000590007693972, 0.000916880671866], "dvar2": [0.00672343140468, 0.00625365786254, 0.00374612421729, 0.00245293788612, 0.00129486527294, 0.00204802840017], "max": [-0.279935389757, -0.462715357542, -0.49464187026, -0.592079043388, -0.628034114838, -0.549966514111], "mean": [-0.63065546751, -0.738025426865, -0.790662646294, -0.814360141754, -0.810536384583, -0.753769159317], "median": [-0.646673262119, -0.741374015808, -0.801964998245, -0.821901619434, -0.813759148121, -0.755233943462], "min": [-0.9634334445, -0.966260194778, -0.959038257599, -0.961089909077, -0.959176778793, -0.96339058876], "var": [0.0109839914367, 0.00622350536287, 0.00516999326646, 0.00228292681277, 0.00185759935994, 0.0048937369138]}, "spectral_contrast_valleys": {"dmean": [0.547493457794, 0.636790215969, 0.564318835735, 0.550906121731, 0.516810178757, 0.507355153561], "dmean2": [0.805169165134, 0.977499544621, 0.868350148201, 0.857125222683, 0.786362051964, 0.728126823902], "dvar": [0.268218934536, 0.447121560574, 0.369791001081, 0.471426129341, 0.573551416397, 0.55556923151], "dvar2": [0.500494658947, 0.973794400692, 0.807360708714, 1.019921422, 1.22991621494, 1.14168202877], "max": [-4.94850492477, -4.57435083389, -5.23379039764, -5.60978841782, -5.373783111