{"lowlevel": {"average_loudness": 0.429063856602, "barkbands_crest": {"dmean": 2.59255313873, "dmean2": 4.38260221481, "dvar": 5.76632499695, "dvar2": 15.7018995285, "max": 26.9210948944, "mean": 10.2990608215, "median": 9.2965965271, "min": 2.39190530777, "var": 23.4828033447}, "barkbands_flatness_db": {"dmean": 0.0225300546736, "dmean2": 0.0355445668101, "dvar": 0.000504310417455, "dvar2": 0.00119403505232, "max": 0.706250190735, "mean": 0.191178947687, "median": 0.178846284747, "min": 0.0313295759261, "var": 0.00661822967231}, "barkbands_kurtosis": {"dmean": 4.35932302475, "dmean2": 6.93534183502, "dvar": 207.955276489, "dvar2": 353.591644287, "max": 1061.95361328, "mean": 7.74968481064, "median": 3.39607095718, "min": -1.84816551208, "var": 671.641906738}, "barkbands_skewness": {"dmean": 0.599080204964, "dmean2": 0.956294894218, "dvar": 0.47696852684, "dvar2": 1.12081742287, "max": 17.0595741272, "mean": 1.54220032692, "median": 1.44117891788, "min": -6.08588695526, "var": 2.22815418243}, "barkbands_spread": {"dmean": 4.09446811676, "dmean2": 6.5396194458, "dvar": 50.5643959045, "dvar2": 116.629570007, "max": 115.410324097, "mean": 14.03013134, "median": 11.0160512924, "min": 0.0149763505906, "var": 145.119934082}, "dissonance": {"dmean": 0.0242740996182, "dmean2": 0.0413065105677, "dvar": 0.000894567871001, "dvar2": 0.00248481007293, "max": 0.500000059605, "mean": 0.44731298089, "median": 0.463780522346, "min": 0.0669816210866, "var": 0.00324640562758}, "dynamic_complexity": 5.42401599884, "erbbands_crest": {"dmean": 2.88648581505, "dmean2": 4.74998235703, "dvar": 8.89144420624, "dvar2": 22.9861278534, "max": 32.4673957825, "mean": 11.9836988449, "median": 10.1386919022, "min": 2.5229537487, "var": 43.228515625}, "erbbands_flatness_db": {"dmean": 0.0207495409995, "dmean2": 0.0316003710032, "dvar": 0.000546384311747, "dvar2": 0.00123439659365, "max": 0.58659350872, "mean": 0.216270968318, "median": 0.210462376475, "min": 0.0268493071198, "var": 0.005791450385}, "erbbands_kurtosis": {"dmean": 2.12563323975, "dmean2": 3.44511699677, "dvar": 25.8991661072, "dvar2": 66.1828689575, "max": 98.4692993164, "mean": 2.89446401596, "median": 0.539072394371, "min": -1.84410262108, "var": 60.5448455811}, "erbbands_skewness": {"dmean": 0.449878394604, "dmean2": 0.707131266594, "dvar": 0.263512134552, "dvar2": 0.631896495819, "max": 7.35807132721, "mean": 0.756177604198, "median": 0.699358224869, "min": -6.62261629105, "var": 1.4395595789}, "erbbands_spread": {"dmean": 6.90721607208, "dmean2": 10.736749649, "dvar": 82.9176483154, "dvar2": 183.165145874, "max": 133.634277344, "mean": 27.9714660645, "median": 23.2756309509, "min": 0.366475731134, "var": 356.379364014}, "hfc": {"dmean": 3.98196268082, "dmean2": 6.32304954529, "dvar": 81.0849914551, "dvar2": 210.7134552, "max": 103.242721558, "mean": 10.3567762375, "median": 6.20975399017, "min": 1.18199517027e-16, "var": 149.78817749}, "melbands_crest": {"dmean": 3.28211474419, "dmean2": 5.54012107849, "dvar": 9.07235908508, "dvar2": 24.7684459686, "max": 35.9468841553, "mean": 13.2684526443, "median": 12.4035758972, "min": 1.98504424095, "var": 33.5970611572}, "melbands_flatness_db": {"dmean": 0.0264349002391, "dmean2": 0.0413685962558, "dvar": 0.000686604878865, "dvar2": 0.00159978482407, "max": 0.822769880295, "mean": 0.25467428565, "median": 0.252943217754, "min": 0.00814380217344, "var": 0.0122512597591}, "melbands_kurtosis": {"dmean": 6.72168016434, "dmean2": 10.7366781235, "dvar": 226.656234741, "dvar2": 502.114471436, "max": 594.288757324, "mean": 12.8999061584, "median": 6.78575181961, "min": -1.8803576231, "var": 530.444274902}, "melbands_skewness": {"dmean": 0.714440703392, "dmean2": 1.13434231281, "dvar": 0.625779211521, "dvar2": 1.45844709873, "max": 19.5532627106, "mean": 2.14165329933, "median": 1.90331661701, "min": -3.62752509117, "var": 3.00657248497}, "melbands_spread": {"dmean": 4.62253570557, "dmean2": 7.33066987991, "dvar": 40.0684394836, "dvar2": 89.4591293335, "max": 152.566894531, "mean": 17.0142803192, "median": 11.9609565735, "min": 0.145203188062, "var": 235.999969482}, "pitch_salience": {"dmean": 0.0720528662205, "dmean2": 0.121228225529, "dvar": 0.00428640376776, "dvar2": 0.0119278253987, "max": 0.861162602901, "mean": 0.60687816143, "median": 0.623391866684, "min": 0.0392746031284, "var": 0.0184739287943}, "silence_rate_20dB": {"dmean": 0, "dmean2": 0, "dvar": 0, "dvar2": 0, "max": 1, "mean": 1, "median": 1, "min": 1, "var": 0}, "silence_rate_30dB": {"dmean": 0.0143944639713, "dmean2": 0.0287929121405, "dvar": 0.0141867185012, "dvar2": 0.0368209891021, "max": 1, "mean": 0.982147812843, "median": 1, "min": 0, "var": 0.017534526065}, "silence_rate_60dB": {"dmean": 0.031003460288, "dmean2": 0.0620155036449, "dvar": 0.0300422888249, "dvar2": 0.0661980435252, "max": 1, "mean": 0.217962905765, "median": 0, "min": 0, "var": 0.170438155532}, "spectral_centroid": {"dmean": 166.893081665, "dmean2": 262.845703125, "dvar": 52253.890625, "dvar2": 104174.257812, "max": 10843.8603516, "mean": 1074.27954102, "median": 763.841125488, "min": 191.920043945, "var": 605782.5625}, "spectral_complexity": {"dmean": 2.34380626678, "dmean2": 3.74335551262, "dvar": 6.43439054489, "dvar2": 15.361866951, "max": 40, "mean": 11.2477169037, "median": 10, "min": 0, "var": 51.9317550659}, "spectral_decrease": {"dmean": 1.74301406641e-09, "dmean2": 2.74296851899e-09, "dvar": 1.03573542701e-17, "dvar2": 2.33075160964e-17, "max": 3.36961199058e-19, "mean": -5.27535037875e-09, "median": -3.00123037533e-09, "min": -4.72149572772e-08, "var": 4.31390405878e-17}, "spectral_energy": {"dmean": 0.00683746440336, "dmean2": 0.010762475431, "dvar": 0.000155780726345, "dvar2": 0.000351568887709, "max": 0.180710375309, "mean": 0.0208497978747, "median": 0.0119888735935, "min": 1.05601269732e-20, "var": 0.000654582050629}, "spectral_energyband_high": {"dmean": 0.000151004773215, "dmean2": 0.000252376776189, "dvar": 3.67687022162e-07, "dvar2": 9.74168415269e-07, "max": 0.00694519048557, "mean": 0.000217353677726, "median": 4.69290680485e-05, "min": 8.05981362858e-21, "var": 3.14389239975e-07}, "spectral_energyband_low": {"dmean": 0.00417217053473, "dmean2": 0.00676229270175, "dvar": 9.58503223956e-05, "dvar2": 0.000207258068258, "max": 0.160224974155, "mean": 0.00683073373511, "median": 0.00259705958888, "min": 1.00026515175e-22, "var": 0.000179425245733}, "spectral_energyband_middle_high": {"dmean": 0.00100753852166, "dmean2": 0.00158049131278, "dvar": 5.56906707061e-06, "dvar2": 1.40269658004e-05, "max": 0.0428714342415, "mean": 0.00223235785961, "median": 0.00108546903357, "min": 1.24427270394e-21, "var": 1.08777348942e-05}, "spectral_energyband_middle_low": {"dmean": 0.0039060364943, "dmean2": 0.00620536226779, "dvar": 5.65934678889e-05, "dvar2": 0.000145226891618, "max": 0.16463650763, "mean": 0.0123799089342, "median": 0.00547515880316, "min": 1.52628126366e-22, "var": 0.000349510810338}, "spectral_entropy": {"dmean": 0.173668265343, "dmean2": 0.268566697836, "dvar": 0.0398590601981, "dvar2": 0.0907362177968, "max": 9.80069637299, "mean": 7.13979578018, "median": 7.25125694275, "min": 2.64845514297, "var": 0.587742388248}, "spectral_flux": {"dmean": 0.0181107670069, "dmean2": 0.0286768712103, "dvar": 0.000731755164452, "dvar2": 0.00152337888721, "max": 0.36374142766, "mean": 0.0644214451313, "median": 0.0539580434561, "min": 1.02762479082e-10, "var": 0.00220635579899}, "spectral_kurtosis": {"dmean": 5.25059223175, "dmean2": 8.79036903381, "dvar": 218.199081421, "dvar2": 608.536132812, "max": 449.302520752, "mean": 12.4069547653, "median": 6.03938817978, "min": -1.21086645126, "var": 670.175964355}, "spectral_rms": {"dmean": 0.000651052396279, "dmean2": 0.00102285668254, "dvar": 7.86611678905e-07, "dvar2": 1.77868525952e-06, "max": 0.0132779069245, "mean": 0.00380074675195, "median": 0.00342000904493, "min": 3.20976058232e-12, "var": 5.8955329223e-06}, "spectral_rolloff": {"dmean": 367.45199585, "dmean2": 643.280700684, "dvar": 1162175.875, "dvar2": 3039898, "max": 19401.4160156, "mean": 1261.36938477, "median": 667.529296875, "min": 43.06640625, "var": 2542896}, "spectral_skewness": {"dmean": 0.421147316694, "dmean2": 0.678882777691, "dvar": 0.364008456469, "dvar2": 0.973593771458, "max": 17.6175460815, "mean": 2.15474486351, "median": 1.80243444443, "min": -0.0414030216634, "var": 2.53645586967}, "spectral_spread": {"dmean": 519702.125, "dmean2": 790339.75, "dvar": 842485596160, "dvar2": 1501521641470.0, "max": 40831300, "mean": 3282589.25, "median": 3053618, "min": 278594.5625, "var": 2432379650050.0}, "spectral_strongpeak": {"dmean": 0.389858007431, "dmean2": 0.652497112751, "dvar": 0.348517119884, "dvar2": 0.899967312813, "max": 7.90845012665, "mean": 0.820025026798, "median": 0.431721955538, "min": 0, "var": 0.926874279976}, "zerocrossingrate": {"dmean": 0.00740754744038, "dmean2": 0.00931911543012, "dvar": 0.000146445934661, "dvar2": 0.00020766450325, "max": 0.5224609375, "mean": 0.0490376017988, "median": 0.03466796875, "min": 0.001953125, "var": 0.00173656595871}, "barkbands": {"dmean": [0.000321411760524, 0.00167150120251, 0.00313428929076, 0.000938005046919, 0.00116442807484, 0.001315433532, 0.000956981617492, 0.000729093444534, 0.000773874984588, 0.000476254121168, 0.000202408569749, 0.000120858858281, 0.000138444025652, 0.000127709383378, 0.000213090519537, 8.59676147229e-05, 5.32438898517e-05, 5.94810589973e-05, 6.75561241223e-05, 3.32586714649e-05, 2.03234721994e-05, 2.282033347e-05, 1.74881497514e-05, 1.16350793178e-05, 1.78762620635e-05, 4.68499201816e-05, 1.87496571016e-05], "dmean2": [0.000520603032783, 0.00278607918881, 0.00547029823065, 0.00159807561431, 0.00207116338424, 0.00182189850602, 0.00152736715972, 0.0012106889626, 0.00135464640334, 0.000801860296633, 0.000344423286151, 0.000187021316378, 0.000226326432312, 0.00020296178991, 0.000344388914527, 0.000142234421219, 8.93287287909e-05, 9.76130540948e-05, 0.000112604502647, 5.59414584131e-05, 3.42224375345e-05, 3.81891550205e-05, 2.86432077701e-05, 1.94449894479e-05, 3.01068776025e-05, 8.11954960227e-05, 3.26482077071e-05], "dvar": [6.22081927304e-07, 2.86924005195e-05, 6.33935633232e-05, 4.50379911854e-06, 5.28207328898e-06, 1.304480611e-05, 5.56942495678e-06, 4.32735077993e-06, 1.46060456245e-05, 2.53378220805e-06, 7.130346944e-07, 1.82475830002e-07, 2.58333955117e-07, 2.60439009026e-07, 9.01496605366e-07, 6.44379838377e-08, 1.35059732287e-08, 1.16611689194e-08, 3.25893623199e-08, 6.39648156664e-09, 3.25495941311e-09, 4.52988313526e-09, 1.80929571325e-09, 2.48980502882e-09, 8.79574546531e-09, 7.28885964918e-08, 1.16512204329e-08], "dvar2": [1.5114441112e-06, 7.54001448513e-05, 0.00017614470562, 1.24195821627e-05, 1.6134521502e-05, 2.63033834926e-05, 1.39242902151e-05, 1.04472164821e-05, 4.19005627919e-05, 6.93270385455e-06, 1.88952617464e-06, 3.21137463288e-07, 6.49424805488e-07, 5.84994097608e-07, 2.19460639528e-06, 1.5789562724e-07, 3.40653514286e-08, 2.99078273258e-08, 8.51018810977e-08, 1.79524963784e-08, 8.87568241126e-09, 1.20434835438e-08, 4.46599424109e-09, 6.49934728258e-09, 2.27389804763e-08, 1.9624812353e-07, 3.15624610892e-08], "max": [0.0133406743407, 0.117245182395, 0.127354815602, 0.0361749194562, 0.0493214353919, 0.159442007542, 0.0612195730209, 0.0482845343649, 0.0862783715129, 0.0383864715695, 0.0312934666872, 0.0150251351297, 0.0143607305363, 0.0111967427656, 0.0206376370043, 0.00709632830694, 0.00383225502446, 0.00293782842346, 0.00386744248681, 0.0017542259302, 0.00112610461656, 0.00115261669271, 0.000807747244835, 0.000636342039797, 0.000941037957091, 0.00271959532984, 0.00113868969493], "mean": [0.00045021760161, 0.00220203353092, 0.00348401488736, 0.0012025134638, 0.00239364919253, 0.00460052257404, 0.00200568605214, 0.00106616388075, 0.000849074858706, 0.00069957919186, 0.000258599640802, 0.000178813308594, 0.000218057088205, 0.000177094072569, 0.000326842506183, 0.000136235394166, 9.62885169429e-05, 0.000114586306154, 0.000135209818836, 6.57906493871e-05, 3.39050930052e-05, 4.72154461022e-05, 3.65471532859e-05, 1.23285108202e-05, 1.42026665344e-05, 3.15875513479e-05, 1.30408543555e-05], "median": [3.51165508619e-05, 0.000516874948516, 0.000873129582033, 0.000380753655918, 0.00100079108961, 0.000512455357239, 0.000425764825195, 0.000185403594514, 0.000181639014045, 9.19307203731e-05, 4.88496662001e-05, 4.89136291435e-05, 5.39601969649e-05, 4.04346719733e-05, 7.11368993507e-05, 4.47308302682e-05, 4.22134580731e-05, 4.09686545026e-05, 3.42494022334e-05, 2.26867705351e-05, 1.23585468828e-05, 7.24923575035e-06, 4.78369611301e-06, 2.27731811719e-06, 1.04023956737e-06, 2.61946908608e-08, 8.75126993094e-09], "min": [4.0416001058e-23, 3.70643740409e-23, 2.75841718481e-23, 2.0349348626e-23, 3.21138237876e-23, 1.79972841064e-23, 2.92171770307e-23, 2.11830641623e-23, 2.12487794311e-23, 3.90419031799e-23, 6.21228657059e-23, 9.92115776834e-23, 4.96257028464e-23, 1.31759158218e-22, 8.19932369229e-23, 1.53737391017e-22, 1.26006961201e-22, 1.7198890606e-22, 2.48570980003e-22, 2.59486845934e-22, 5.85036210977e-22, 4.93811629078e-22, 1.00638143647e-21, 9.27651553029e-22, 1.2483620579e-21, 1.36892958966e-21, 2.44833728114e-21], "var": [1.01723503576e-06, 3.45003463735e-05, 6.40137805021e-05, 5.16762929692e-06, 1.20155709737e-05, 0.000189737969777, 2.02695027838e-05, 6.52142034596e-06, 9.55296582106e-06, 3.45190915141e-06, 7.21665912806e-07, 3.51459732428e-07, 3.94023516037e-07, 4.5262089543e-07, 1.10016969757e-06, 1.12261353991e-07, 2.65957442735e-08, 2.90858004348e-08, 7.04505467297e-08, 1.1371908748e-08, 3.69458619254e-09, 8.69919869473e-09, 5.71603298027e-09, 1.95681693071e-09, 6.49776588091e-09, 4.87262106219e-08, 7.70194574784e-09]}, "erbbands": {"dmean": [0.0762647092342, 0.322366595268, 2.66133594513, 3.77981472015, 2.83239936829, 4.89397907257, 6.65897607803, 11.4510793686, 9.71957111359, 20.1477222443, 15.8610620499, 17.36668396, 14.8195552826, 12.4607725143, 6.35533571243, 4.70293426514, 6.09514427185, 5.99282550812, 11.0715532303, 6.96927928925, 4.0454659462, 2.79504513741, 2.82223296165, 4.23768663406, 2.32863759995, 1.54593420029, 0.923978149891, 0.734809398651, 0.709714591503, 0.843810081482, 0.453882306814, 0.252109110355, 0.190616637468, 0.145210832357, 0.160094216466, 0.160349398851, 0.0943113267422, 0.0302677135915, 0.00291380565614, 9.88614701782e-05], "dmean2": [0.13027715683, 0.516370654106, 4.58052968979, 6.64933204651, 4.95615148544, 8.721824646, 9.81293392181, 16.0004901886, 15.573015213, 31.6952648163, 26.5996646881, 30.2199115753, 24.8738861084, 20.6859340668, 10.4164505005, 7.53143978119, 10.0077104568, 9.52793598175, 17.730222702, 11.3386955261, 6.6787405014, 4.6482796669, 4.59234523773, 7.00951147079, 3.78296351433, 2.60636234283, 1.49811506271, 1.25324940681, 1.16597032547, 1.37580180168, 0.725087225437, 0.42466044426, 0.318081229925, 0.240132242441, 0.27234646678, 0.275466740131, 0.165199190378, 0.0532724782825, 0.00504579488188, 0.000167880993104], "dvar": [0.05898392573, 0.884990632534, 43.786239624, 89.0478820801, 43.0797348022, 94.898147583, 285.654144287, 1038.24060059, 532.372619629, 3416.46582031, 2564.39672852, 8834.04882812, 1930.66113281, 2195.24169922, 670.895446777, 199.701828003, 535.899047852, 590.463500977, 2790.65576172, 624.506591797, 100.597915649, 35.1023826599, 26.5605831146, 134.911254883, 21.5939750671, 14.6552371979, 4.19966602325, 9.03035259247, 4.3560500145, 4.05407142639, 1.49963235855, 1.04879355431, 0.696898579597, 0.483446896076, 0.775930941105, 0.864303171635, 0.310733169317, 0.0314427502453, 0.000273496814771, 2.68909218448e-07], "dvar2": [0.154962480068, 2.17343783379, 117.83177948, 251.198959351, 127.647712708, 294.2472229, 549.742919922, 2262.69775391, 1358.55847168, 8681.8125, 6409.89013672, 25439.7480469, 5365.98876953, 6000.79101562, 1734.53881836, 397.212463379, 1390.74438477, 1319.96313477, 6842.83740234, 1411.74157715, 249.140365601, 89.3327941895, 68.8050765991, 350.773986816, 55.2087287903, 41.2304115295, 10.5610656738, 25.9948406219, 11.5037574768, 10.0714025497, 3.36108136177, 2.78991484642, 1.79783320427, 1.24153184891, 2.02635955811, 2.30096364021, 0.84359896183, 0.0858671292663, 0.000735086156055, 7.19549234418e-07], "max": [4.33445167542, 22.3309612274, 107.081039429, 135.261886597, 133.830505371, 160.352706909, 636.480834961, 1326.77880859, 629.291625977, 2012.46618652, 1120.10192871, 2164.43286133, 874.556884766, 1405.8190918, 944.130859375, 438.520843506, 699.119140625, 742.367614746, 1200.80395508, 700.746276855, 224.584945679, 183.768218994, 160.364486694, 251.583129883, 100.773994446, 79.1390533447, 44.8665008545, 70.5923919678, 38.6414909363, 37.8484573364, 24.3917121887, 11.6344547272, 11.9944381714, 7.42969226837, 9.5945930481, 11.055182457, 6.26826620102, 1.91425275803, 0.163969665766, 0.00506947934628], "mean": [0.0924288332462, 0.434527695179, 3.10094928741, 4.78445577621, 4.92874479294, 10.2606477737, 19.1481513977, 40.3809928894, 20.9418697357, 40.5047950745, 21.8541316986, 19.1373023987, 21.4881725311, 17.6910610199, 9.69351196289, 7.26407623291, 10.0839805603, 8.95041370392, 17.3442783356, 10.8566246033, 6.97960090637, 5.46923351288, 5.8167386055, 8.13279056549, 5.06720161438, 3.15219187737, 1.77192080021, 1.12973749638, 1.42958664894, 1.82861208916, 0.956115663052, 0.316228598356, 0.194354519248, 0.130818665028, 0.117646969855, 0.111221149564, 0.0626881495118, 0.0199923180044, 0.00207800674252, 9.41389153013e-05], "median": [0.00996776297688, 0.131787627935, 0.848041117191, 1.57394421101, 2.00862407684, 3.83431863785, 3.70001244545, 4.44343996048, 5.1894993782, 7.5162062645, 4.40622377396, 4.60023498535, 3.5205848217, 2.95054292679, 2.41451787949, 2.31424880028, 2.62764978409, 2.68801784515, 3.56868362427, 3.42154884338, 2.73419284821, 2.46300840378, 2.32936382294, 2.1116797924, 1.50884103775, 1.11909198761, 0.668610692024, 0.377679675817, 0.261211931705, 0.194914013147, 0.128401339054, 0.0689311251044, 0.0331060439348, 0.0161370895803, 0.00201586820185, 0.000228595803492, 6.20014470769e-05, 1.44303776324e-05, 1.4146169633e-05, 2.0860832592e-05], "min": [1.21697735932e-21, 8.23974964562e-21, 2.94175475745e-20, 6.58888778225e-20, 6.38276665206e-20, 1.45724292191e-19, 2.90205622727e-20, 1.9402967541e-19, 4.16034082149e-19, 4.34124547995e-19, 4.49910824697e-19, 4.13842053526e-19, 1.09588010158e-18, 1.76828963805e-18, 3.30440849652e-18, 3.24061922281e-18, 2.57106015073e-18, 3.67817729413e-18, 5.84446943341e-18, 7.02492813224e-18, 7.0411383907e-18, 6.94680423211e-18, 1.11152609879e-17, 6.46145642128e-18, 1.57838716738e-17, 1.27112455956e-17, 2.51847230872e-17, 1.92137975905e-17, 1.84755240045e-17, 2.94754197667e-17, 2.38703231677e-17, 1.76367909876e-17, 1.62322631229e-17, 1.58940587489e-17, 8.06165427347e-18, 4.70714861712e-18, 3.02783652281e-18, 1.03371685816e-18, 3.35892326611e-19, 3.80428958637e-20], "var": [0.0721146613359, 1.12454783916, 47.7887001038, 91.2861099243, 62.0969543457, 242.024383545, 2980.07324219, 14307.5849609, 1516.51452637, 12880.8417969, 2898.65649414, 5525.85351562, 2825.54492188, 2416.18847656, 826.214477539, 347.464508057, 828.612670898, 986.800842285, 3359.90649414, 1043.81567383, 206.017471313, 77.5740280151, 71.4489135742, 276.072998047, 62.5968933105, 26.14179039, 7.71032714844, 6.93736219406, 7.81375837326, 13.1521654129, 5.21919155121, 0.866886079311, 0.548504710197, 0.370786398649, 0.55834197998, 0.592579543591, 0.203563824296, 0.0203189440072, 0.000184085438377, 1.87259416862e-07]}, "gfcc": {"mean": [-95.6905212402, 127.737098694, -126.723686218, 25.1163234711, -57.3700370789, -6.37208127975, -32.8356361389, -4.80320978165, -10.981751442, -8.51274681091, -9.11477470398, -9.27414894104, -8.31526088715], "cov": [[16902.2109375, -868.216308594, 1009.72192383, 824.993408203, 287.570617676, 157.784805298, 319.680175781, 619.739318848, -155.964996338, 437.335723877, -173.243759155, 585.700683594, -557.652526855], [-868.216308594, 3266.13818359, 1138.67797852, -252.4712677, 592.289978027, -490.444213867, 34.0057258606, -291.705474854, 175.534286499, -11.1984262466, 21.9833259583, -115.885101318, 132.498413086], [1009.72192383, 1138.67797852, 2929.42749023, -17.4225692749, 777.786010742, -321.91003418, 261.649658203, 209.516845703, -94.9262466431, 348.746490479, -222.965744019, 350.48614502, -231.032241821], [824.993408203, -252.4712677, -17.4225692749, 579.218688965, -2.70457553864, 110.144111633, 33.4875717163, -53.3657913208, 12.432929039, -54.5857543945, 61.6366844177, -2.29833054543, -11.6439037323], [287.570617676, 592.289978027, 777.786010742, -2.70457553864, 542.94342041, -81.8113479614, 92.3379135132, 21.0074539185, -11.4635534286, 160.729705811, -63.6902198792, 106.913345337, -61.7240753174], [157.784805298, -490.444213867, -321.91003418, 110.144111633, -81.8113479614, 339.062866211, -2.33358407021, 34.5577850342, -7.92841863632, -26.3963413239, 22.2475376129, -49.4453392029, 24.7626819611], [319.680175781, 34.0057258606, 261.649658203, 33.4875717163, 92.3379135132, -2.33358407021, 280.066894531, 119.51966095, -43.7986412048, 19.1322746277, -42.270866394, 94.6335906982, -69.2056808472], [619.739318848, -291.705474854, 209.516845703, -53.3657913208, 21.0074539185, 34.5577850342, 119.51966095, 268.469085693, -24.0340480804, 68.0438232422, -61.7301483154, 80.024230957, -78.2895736694], [-155.964996338, 175.534286499, -94.9262466431, 12.432929039, -11.4635534286, -7.92841863632, -43.7986412048, -24.0340480804, 163.197784424, 17.4410991669, 19.629119873, -65.1182861328, 7.93563270569], [437.335723877, -11.1984262466, 348.746490479, -54.5857543945, 160.729705811, -26.3963413239, 19.1322746277, 68.0438232422, 17.4410991669, 208.20791626, -24.9662723541, 70.8902130127, -66.5563964844], [-173.243759155, 21.9833259583, -222.965744019, 61.6366844177, -63.6902198792, 22.2475376129, -42.270866394, -61.7301483154, 19.629119873, -24.9662723541, 125.013656616, -17.6875762939, 42.2737197876], [585.700683594, -115.885101318, 350.48614502, -2.29833054543, 106.913345337, -49.4453392029, 94.6335906982, 80.024230957, -65.1182861328, 70.8902130127, -17.6875762939, 185.34715271, -54.4908752441], [-557.652526855, 132.498413086, -231.032241821, -11.6439037323, -61.7240753174, 24.7626819611, -69.2056808472, -78.2895736694, 7.93563270569, -66.5563964844, 42.2737197876, -54.4908752441, 151.492446899]], "icov": [[9.63870843407e-05, -0.000121212135127, 8.67426206241e-05, -0.000240361609031, 0.00012795990915, -0.000119183809147, 0.000186129662325, -0.000211166872759, 0.000126982224174, -0.000223202107009, 0.000248926313361, -0.000415327667724, 0.000298584345728], [-0.000121212135127, 0.00124947936274, -0.000606478657573, 0.000901556108147, -0.00123290496413, 0.00115927681327, -0.00104994873982, 0.000948807108216, -0.00112036406063, 0.00125231780112, -0.00147244788241, 0.0020705149509, -0.00131124444306], [8.67426206241e-05, -0.000606478657573, 0.00107955199201, -0.000691518478561, -0.000102296195109, -7.94244624558e-05, 0.000519144989084, -0.00066498387605, 0.000690356187988, -0.00103061913978, 0.0014806316467, -0.00162385683507, 0.000821547640953], [-0.000240361609031, 0.000901556108147, -0.000691518478561, 0.00315323052928, -0.000989731866866, -0.000122254161397, -0.00125918758567, 0.00156739575323, -0.00129521102645, 0.0020314832218, -0.00243742065504, 0.00158536923118, -0.000423267105361], [0.00012795990915, -0.00123290496413, -0.000102296195109, -0.000989731866866, 0.00478380313143, -0.0012527348008, 0.000195504559088, 0.000259454624029, 0.000940168451052, -0.00314348307438, 0.00217187497765, -0.00231717573479, 0.000824718852527], [-0.000119183809147, 0.00115927681327, -7.94244624558e-05, -0.000122254161397, -0.0012527348008, 0.0051085613668, -0.00107320200186, -0.000454948720289, -0.000107308893348, 0.000417100527557, -0.00138047756627, 0.00318196229637, -0.00193538039457], [0.000186129662325, -0.00104994873982, 0.000519144989084, -0.00125918758567, 0.000195504559088, -0.00107320200186, 0.00653528794646, -0.00285513885319, 0.0011654155096, 0.00053038704209, 0.00165400665719, -0.00365793914534, 0.00245814723894], [-0.000211166872759, 0.000948807108216, -0.00066498387605, 0.00156739575323, 0.000259454624029, -0.000454948720289, -0.00285513885319, 0.00743623450398, -0.00137389008887, -0.000263401336269, 0.000673393893521, 0.000214489147766, 6.34047319181e-05], [0.000126982224174, -0.00112036406063, 0.000690356187988, -0.00129521102645, 0.000940168451052, -0.000107308893348, 0.0011654155096, -0.00137389008887, 0.00909881200641, -0.00314277107827, 0.000195871165488, 0.00182337372098, 0.00136741285678], [-0.000223202107009, 0.00125231780112, -0.00103061913978, 0.0020314832218, -0.00314348307438, 0.000417100527557, 0.00053038704209, -0.000263401336269, -0.00314277107827, 0.0102803865448, -0.00273929070681, 0.000210391372093, 0.000945959414821], [0.000248926313361, -0.00147244788241, 0.0014806316467, -0.00243742065504, 0.00217187497765, -0.00138047756627, 0.00165400665719, 0.000673393893521, 0.000195871165488, -0.00273929070681, 0.0135032990947, -0.00497103948146, -0.000280878797639], [-0.000415327667724, 0.0020705149509, -0.00162385683507, 0.00158536923118, -0.00231717573479, 0.00318196229637, -0.00365793914534, 0.000214489147766, 0.00182337372098, 0.000210391372093, -0.00497103948146, 0.0145177347586, -0.00211276253685], [0.000298584345728, -0.00131124444306, 0.000821547640953, -0.000423267105361, 0.000824718852527, -0.00193538039457, 0.00245814723894, 6.34047319181e-05, 0.00136741285678, 0.000945959414821, -0.000280878797639, -0.00211276253685, 0.0115377856418]]}, "melbands": {"dmean": [0.000548000447452, 0.00101073097903, 0.000591322022956, 0.000284680863842, 0.000218980116188, 0.000251139397733, 0.000159659277415, 0.000207176271942, 0.000136588787427, 0.000106432387838, 7.41534677218e-05, 5.42437192053e-05, 2.48124852078e-05, 1.50686082634e-05, 1.33108987939e-05, 1.26812965391e-05, 1.15298553283e-05, 1.75594523171e-05, 1.3694284462e-05, 7.50167646402e-06, 4.53679331258e-06, 3.07320806314e-06, 3.2857738006e-06, 2.64539676209e-06, 3.86638976124e-06, 2.20728111344e-06, 1.61071307048e-06, 1.03922957351e-06, 6.35044841601e-07, 5.13572956606e-07, 4.35275836708e-07, 3.62784163599e-07, 5.93582171859e-07, 4.4819793743e-07, 3.05098723175e-07, 1.90904302144e-07, 1.4905918988e-07, 1.38116476478e-07, 1.18443225006e-07, 1.24643847244e-07], "dmean2": [0.000927741930354, 0.00169162941165, 0.0010317483684, 0.000510844227392, 0.000331619521603, 0.000348817411577, 0.000257116742432, 0.000329129601596, 0.000233123704675, 0.000185629876796, 0.000124068843434, 9.03797990759e-05, 4.16837392549e-05, 2.33520295296e-05, 2.20258461923e-05, 2.05872602237e-05, 1.86185407074e-05, 2.82134533336e-05, 2.20573274419e-05, 1.23891131807e-05, 7.53889526095e-06, 5.19342165717e-06, 5.5263176364e-06, 4.29898182119e-06, 6.44884266876e-06, 3.70786710846e-06, 2.69307452072e-06, 1.75893899268e-06, 1.03426179976e-06, 8.65776371484e-07, 7.48803586248e-07, 5.94543280386e-07, 1.00486977317e-06, 7.41473684229e-07, 4.84590714223e-07, 3.19589105402e-07, 2.53250846072e-07, 2.31915876725e-07, 1.95563529815e-07, 2.06870652164e-07], "dvar": [3.14719977723e-06, 6.04262231718e-06, 2.11340920941e-06, 3.30429031692e-07, 2.5131151915e-07, 4.85070358991e-07, 1.37948447332e-07, 3.48077065837e-07, 2.37002197423e-07, 3.09494055273e-07, 4.87660827275e-08, 4.23572927843e-08, 1.17365264174e-08, 3.30297389439e-09, 2.05580952262e-09, 1.87157600529e-09, 2.47250664387e-09, 6.84563561393e-09, 3.14113202116e-09, 6.48838760497e-10, 1.11409624581e-10, 5.44229349086e-11, 3.9691937237e-11, 2.5562132272e-11, 1.2652676129e-10, 2.25640738732e-11, 1.17192791929e-11, 6.69156960745e-12, 1.6857058284e-12, 2.12774329406e-12, 3.58849647046e-12, 1.35253874073e-12, 2.77808722207e-12, 1.09517917738e-12, 7.49661617505e-13, 4.5444721662e-13, 3.93176485293e-13, 3.53512304065e-13, 2.85955070387e-13, 3.7875483457e-13], "dvar2": [8.33846024761e-06, 1.53278651851e-05, 5.8428745433e-06, 1.03000070339e-06, 5.05227149006e-07, 1.0241756172e-06, 3.524232568e-07, 8.86148541213e-07, 6.23995219939e-07, 8.90204262305e-07, 1.35593438699e-07, 1.15647097232e-07, 3.11493444372e-08, 5.87179194156e-09, 5.34429478449e-09, 4.36374847368e-09, 5.68901503684e-09, 1.66911480193e-08, 7.24642790217e-09, 1.5952038579e-09, 2.81883072439e-10, 1.35296260306e-10, 1.053624063e-10, 6.42282893537e-11, 3.28399363259e-10, 6.16493800454e-11, 3.15065473711e-11, 1.88002946544e-11, 4.15001496709e-12, 5.83016534356e-12, 1.04071621113e-11, 3.65758855495e-12, 7.45927711959e-12, 2.88184406894e-12, 1.57003414176e-12, 1.20644629269e-12, 1.04005140004e-12, 9.10394589576e-13, 7.36784765143e-13, 9.73059740422e-13], "max": [0.0352282635868, 0.0409105233848, 0.0202130116522, 0.0136161893606, 0.0191469751298, 0.0298537574708, 0.00882021151483, 0.0202596057206, 0.00891661643982, 0.0125957494602, 0.00431743776426, 0.00621783779934, 0.00434785056859, 0.00227159447968, 0.00134846766014, 0.000939804886002, 0.00144012202509, 0.0018572753761, 0.001517107361, 0.000622350955382, 0.000215421343455, 0.000255622115219, 0.000100570243376, 0.000172766085598, 0.000248780357651, 7.05219790689e-05, 6.99249576428e-05, 5.45410257473e-05, 2.75945021713e-05, 3.07500995405e-05, 4.23718047387e-05, 2.56248586084e-05, 3.00579340546e-05, 1.86722572835e-05, 2.10265552596e-05, 8.9802315415e-06, 7.70438327891e-06, 6.57653436065e-06, 1.10012251753e-05, 7.12592418495e-06], "mean": [0.000709359417669, 0.0012731339084, 0.00081105157733, 0.000582389300689, 0.000644160900265, 0.000892179727089, 0.000341211882187, 0.000396969262511, 0.00016857382434, 0.000115584341984, 0.000106892599433, 7.429109246e-05, 3.48206485796e-05, 2.19433914026e-05, 2.10661510209e-05, 1.91044637177e-05, 1.58707571245e-05, 2.64837726718e-05, 2.06583972613e-05, 1.10873834274e-05, 7.37928758099e-06, 5.42298403161e-06, 5.90163608649e-06, 4.95167296322e-06, 7.01044882589e-06, 4.23222036261e-06, 2.88988098873e-06, 1.89877221146e-06, 1.16710873499e-06, 7.81545509199e-07, 6.02569059538e-07, 6.8229195449e-07, 1.13986493488e-06, 9.18482953693e-07, 6.35993842479e-07, 2.65075101424e-07, 1.59781976095e-07, 1.38051802878e-07, 1.16797522765e-07, 1.07822835105e-07], "median": [0.000116938033898, 0.000389550405089, 0.000290219672024, 0.000228282529861, 0.000153293090989, 9.69598768279e-05, 7.90247722762e-05, 7.31999534764e-05, 3.39155012625e-05, 2.51029141509e-05, 1.60285890161e-05, 1.14732010843e-05, 7.71140184952e-06, 5.48590742255e-06, 5.46443834537e-06, 5.14831117471e-06, 3.94213975596e-06, 5.2038008107e-06, 4.99108273289e-06, 3.40856399816e-06, 2.87243824459e-06, 2.35840320784e-06, 2.21419804802e-06, 1.86994668638e-06, 1.60665240401e-06, 1.14190947897e-06, 8.98686266737e-07, 6.48001218906e-07, 4.26406245424e-07, 2.75313880138e-07, 1.87885504488e-07, 1.44190494211e-07, 1.25993622646e-07, 9.73403189164e-08, 7.40085539519e-08, 5.58450423682e-08, 3.03595655282e-08, 2.29477805647e-08, 1.72967542511e-08, 1.16131761985e-08], "min": [1.28064058007e-23, 1.40976085972e-23, 9.93477776742e-24, 8.48619090944e-24, 1.90219233089e-24, 4.52484343791e-24, 6.52704025739e-24, 4.86561517731e-24, 3.46053675927e-24, 2.665390802e-24, 5.65832611818e-24, 6.90697341872e-24, 9.65068844506e-24, 1.36203871926e-23, 4.90468824681e-24, 4.56130340565e-24, 7.765518352e-24, 1.15378906438e-23, 6.66374788012e-24, 1.1259815597e-23, 7.51623515051e-24, 5.24578460248e-24, 1.10056035926e-23, 9.35139461762e-24, 3.94543062505e-24, 1.11209839663e-23, 8.65081040314e-24, 8.47659520539e-24, 1.46062266658e-23, 1.75829712036e-23, 9.07950266259e-24, 1.15402524934e-23, 8.34673765633e-24, 1.97523734028e-23, 1.32007739333e-23, 1.32857476634e-23, 9.65848554625e-24, 1.00371285256e-23, 1.32127062433e-23, 1.39229674145e-23], "var": [3.80184519599e-06, 7.56460303819e-06, 2.3555678581e-06, 7.65263905578e-07, 2.75158458862e-06, 7.01593899066e-06, 4.05800108183e-07, 1.16430646813e-06, 2.18759367954e-07, 1.96310622869e-07, 7.26831572706e-08, 4.59116726859e-08, 1.25690453601e-08, 6.30402219315e-09, 3.07058090065e-09, 2.88046630992e-09, 3.91512777753e-09, 8.41355696224e-09, 4.36349267829e-09, 1.01202046743e-09, 2.17435708327e-10, 9.75640540579e-11, 1.00490157862e-10, 5.44911962774e-11, 2.46533987669e-10, 5.04729556761e-11, 2.33443715747e-11, 1.06726971011e-11, 3.34167784589e-12, 2.19343683841e-12, 2.55603416037e-12, 1.85188669954e-12, 5.8614771023e-12, 3.33534740625e-12, 3.04771529194e-12, 4.47079303917e-13, 3.08416269953e-13, 2.78464317577e-13, 2.2487777428e-13, 2.87818732606e-13]}, "mfcc": {"mean": [-726.719665527, 148.319137573, -7.37955331802, 25.681219101, -2.1442565918, -1.10549962521, -11.0054807663, -0.500045716763, -5.33663654327, 2.14312672615, -1.28100097179, -4.90738296509, -1.32430934906], "cov": [[10000.4394531, 63.0202064514, -387.77947998, 781.830322266, -318.842834473, 159.482498169, 170.807189941, 535.536437988, -111.548652649, 204.272460938, 211.448699951, -78.3980712891, 274.947601318], [63.0202064514, 3370.2644043, 819.124633789, 521.282531738, 451.115966797, 1.01571655273, -23.8732814789, -169.322952271, 119.552284241, 17.9065856934, 44.9392204285, 18.2347183228, 7.25867033005], [-387.77947998, 819.124633789, 1371.53881836, 483.22442627, 272.422973633, 59.5709266663, 81.1927108765, 25.9214572906, 56.2452926636, 2.61628985405, 45.2459945679, 33.1158409119, 40.7114715576], [781.830322266, 521.282531738, 483.22442627, 682.879821777, 132.69670105, 110.878189087, 85.6144180298, 93.7718048096, -21.2764854431, 24.3783493042, 56.7201118469, -47.949962616, 79.7339172363], [-318.842834473, 451.115966797, 272.422973633, 132.69670105, 354.373077393, 105.028175354, -2.57024598122, -90.0287628174, 22.1553459167, 13.8706941605, 8.01385879517, 13.0852117538, -4.55176019669], [159.482498169, 1.01571655273, 59.5709266663, 110.878189087, 105.028175354, 220.666717529, 52.4067077637, 2.08876848221, -7.46734380722, 23.9384174347, 11.1988334656, -12.7734594345, 9.87759971619], [170.807189941, -23.8732814789, 81.1927108765, 85.6144180298, -2.57024598122, 52.4067077637, 218.760299683, 101.489837646, 29.9052314758, 0.968701720238, 7.64909267426, 14.3147706985, 16.8515071869], [535.536437988, -169.322952271, 25.9214572906, 93.7718048096, -90.0287628174, 2.08876848221, 101.489837646, 228.627380371, 27.7290916443, 19.1890163422, 31.9326534271, -17.34349823, 36.6345062256], [-111.548652649, 119.552284241, 56.2452926636, -21.2764854431, 22.1553459167, -7.46734380722, 29.9052314758, 27.7290916443, 130.461914062, 50.6738586426, 9.86127567291, 12.8741207123, -11.9802618027], [204.272460938, 17.9065856934, 2.61628985405, 24.3783493042, 13.8706941605, 23.9384174347, 0.968701720238, 19.1890163422, 50.6738586426, 117.357589722, 59.0693817139, -1.22746026516, 25.9581108093], [211.448699951, 44.9392204285, 45.2459945679, 56.7201118469, 8.01385879517, 11.1988334656, 7.64909267426, 31.9326534271, 9.86127567291, 59.0693817139, 107.636856079, 28.1661205292, 35.1845474243], [-78.3980712891, 18.2347183228, 33.1158409119, -47.949962616, 13.0852117538, -12.7734594345, 14.3147706985, -17.34349823, 12.8741207123, -1.22746026516, 28.1661205292, 104.680969238, 14.7849225998], [274.947601318, 7.25867033005, 40.7114715576, 79.7339172363, -4.55176019669, 9.87759971619, 16.8515071869, 36.6345062256, -11.9802618027, 25.9581108093, 35.1845474243, 14.7849225998, 91.1669235229]], "icov": [[0.000145588404848, -3.59287842002e-05, 0.000102560246887, -0.000168076585396, 0.000109782464278, -7.78476096457e-05, 4.96025240864e-05, -0.000285440444713, 0.0002034153149, -0.000246393698035, 3.44777508872e-05, -9.20879319892e-05, -0.000117052368296], [-3.59287842002e-05, 0.000466252327897, -0.000103365142422, -0.000296629383229, -0.000385783903766, 0.000340881058946, 3.84577816703e-07, 0.000487332436023, -0.000593019824009, 0.000317917001667, -0.00023005757248, 9.35457283049e-05, 2.98938739434e-05], [0.000102560246887, -0.000103365142422, 0.00126102671493, -0.000871052499861, -0.000524958828464, 0.000219375899178, -4.8058500397e-05, -0.000299451203318, -0.000359660945833, 0.000240253517404, -5.92014184804e-05, -0.000587861635722, -2.0636984118e-05], [-0.000168076585396, -0.000296629383229, -0.000871052499861, 0.00324388896115, -0.000400321616326, -0.000748528284021, -0.000489165773615, -0.000620641221758, 0.000881086743902, 0.000407461076975, -0.000891988922376, 0.00195687497035, -0.00148999749217], [0.000109782464278, -0.000385783903766, -0.000524958828464, -0.000400321616326, 0.00513825146481, -0.0022621199023, 0.000145457495819, 0.0017069921596, -0.000655523035675, -0.000190542647033, -4.76834975416e-05, -0.000450786377769, 0.000132599350763], [-7.78476096457e-05, 0.000340881058946, 0.000219375899178, -0.000748528284021, -0.0022621199023, 0.00659620715305, -0.00173923501279, 0.000483389390865, 0.00103667611256, -0.00156925735064, 0.000233747356106, 0.000601986306719, 0.00045916120871], [4.96025240864e-05, 3.84577816703e-07, -4.8058500397e-05, -0.000489165773615, 0.000145457495819, -0.00173923501279, 0.00684852199629, -0.00307113886811, -0.00127225881442, 0.000863982073497, 0.000919505546335, -0.00192952668294, 8.42647477839e-06], [-0.000285440444713, 0.000487332436023, -0.000299451203318, -0.000620641221758, 0.0017069921596, 0.000483389390865, -0.00307113886811, 0.0087786000222, -0.00304434075952, 0.00189590512309, -0.00260842428543, 0.00258172187023, -0.00178036827128], [0.0002034153149, -0.000593019824009, -0.000359660945833, 0.000881086743902, -0.000655523035675, 0.00103667611256, -0.00127225881442, -0.00304434075952, 0.0132878273726, -0.00823798775673, 0.00331954355352, -0.00244528613985, 0.00334442034364], [-0.000246393698035, 0.000317917001667, 0.000240253517404, 0.000407461076975, -0.000190542647033, -0.00156925735064, 0.000863982073497, 0.00189590512309, -0.00823798775673, 0.0180013310164, -0.00939865875989, 0.00418405327946, -0.0037662864197], [3.44777508872e-05, -0.00023005757248, -5.92014184804e-05, -0.000891988922376, -4.76834975416e-05, 0.000233747356106, 0.000919505546335, -0.00260842428543, 0.00331954355352, -0.00939865875989, 0.0172182321548, -0.00585578382015, -0.00101175194141], [-9.20879319892e-05, 9.35457283049e-05, -0.000587861635722, 0.00195687497035, -0.000450786377769, 0.000601986306719, -0.00192952668294, 0.00258172187023, -0.00244528613985, 0.00418405327946, -0.00585578382015, 0.013781838119, -0.00343495816924], [-0.000117052368296, 2.98938739434e-05, -2.0636984118e-05, -0.00148999749217, 0.000132599350763, 0.00045916120871, 8.42647477839e-06, -0.00178036827128, 0.00334442034364, -0.0037662864197, -0.00101175194141, -0.00343495816924, 0.0157620236278]]}, "spectral_contrast_coeffs": {"dmean": [0.050880882889, 0.0450611636043, 0.0368587225676, 0.0274238996208, 0.0210871510208, 0.0211510974914], "dmean2": [0.0875688791275, 0.0742483735085, 0.0607156418264, 0.0446473136544, 0.0343625470996, 0.0324035435915], "dvar": [0.00162096065469, 0.00143377995118, 0.00110958970618, 0.000587909598835, 0.000358238379704, 0.000465521297883], "dvar2": [0.00477277114987, 0.00381262879819, 0.00290758092888, 0.00147728214506, 0.000855515128933, 0.00102282327134], "max": [-0.353067755699, -0.303830683231, -0.473564535379, -0.544717550278, -0.549523293972, -0.513769328594], "mean": [-0.638437449932, -0.730716466904, -0.795257210732, -0.812771558762, -0.814041316509, -0.7550573349], "median": [-0.636247873306, -0.74370354414, -0.805955767632, -0.824083447456, -0.817451000214, -0.753707289696], "min": [-0.957798838615, -0.961072146893, -0.973149418831, -0.955742657185, -0.958856344223, -0.962761938572], "var": [0.00603826344013, 0.00923620257527, 0.00428705243394, 0.00291406782344, 0.0016619899543, 0.00278799515218]}, "spectral_contrast_valleys": {"dmean": [0.39623233676, 0.348496258259, 0.325745642185, 0.269716590643, 0.240932196379, 0.294733792543], "dmean2": [0.665688455105, 0.577509522438, 0.526498615742, 0.431337684393, 0.359930425882, 0.428218573332], "dvar": [0.111932657659, 0.110416017473, 0.102633871138, 0.0853053182364, 0.0836764872074, 0.139087677002], "dvar2": [0.289256483316, 0.259947955608, 0.223360687494, 0.180251806974, 0.152341187, 