{"lowlevel": {"average_loudness": 0.819112539291, "barkbands_crest": {"dmean": 1.74641823769, "dmean2": 2.56165361404, "dvar": 2.38545632362, "dvar2": 4.687063694, "max": 22.0775547028, "mean": 10.2497825623, "median": 9.84234619141, "min": 2.93725562096, "var": 11.5140352249}, "barkbands_flatness_db": {"dmean": 0.0109940227121, "dmean2": 0.0155494762585, "dvar": 9.57014708547e-05, "dvar2": 0.000201225368073, "max": 0.251571238041, "mean": 0.160957381129, "median": 0.163316816092, "min": 0.0215651579201, "var": 0.00120372965466}, "barkbands_kurtosis": {"dmean": 1.27759540081, "dmean2": 1.95414400101, "dvar": 1.51834011078, "dvar2": 3.65099096298, "max": 15.3142623901, "mean": 3.03200793266, "median": 2.68368077278, "min": -1.35149598122, "var": 4.85340642929}, "barkbands_skewness": {"dmean": 0.270787417889, "dmean2": 0.396520286798, "dvar": 0.0573099665344, "dvar2": 0.119616538286, "max": 3.01656484604, "mean": 1.24859309196, "median": 1.32265758514, "min": -3.5509493351, "var": 0.573186397552}, "barkbands_spread": {"dmean": 1.8873462677, "dmean2": 2.82643699646, "dvar": 6.48855638504, "dvar2": 17.8476428986, "max": 68.3066101074, "mean": 11.2125549316, "median": 10.1856575012, "min": 2.93229079247, "var": 26.3689918518}, "dissonance": {"dmean": 0.0217881686985, "dmean2": 0.0360248833895, "dvar": 0.000343352439813, "dvar2": 0.000928218476474, "max": 0.500000059605, "mean": 0.440554559231, "median": 0.442670404911, "min": 0.340114146471, "var": 0.000928128429223}, "dynamic_complexity": 4.18464851379, "erbbands_crest": {"dmean": 1.96073651314, "dmean2": 2.88735580444, "dvar": 3.04945039749, "dvar2": 6.39771318436, "max": 26.2739868164, "mean": 10.2543306351, "median": 9.78665828705, "min": 2.80047345161, "var": 13.7038478851}, "erbbands_flatness_db": {"dmean": 0.00983246974647, "dmean2": 0.0137173682451, "dvar": 8.70789081091e-05, "dvar2": 0.000180761970114, "max": 0.303475707769, "mean": 0.213815554976, "median": 0.218958735466, "min": 0.0707707256079, "var": 0.00154889735859}, "erbbands_kurtosis": {"dmean": 0.792969286442, "dmean2": 1.23793065548, "dvar": 0.557175159454, "dvar2": 1.33545601368, "max": 10.6030731201, "mean": 0.706267476082, "median": 0.389193058014, "min": -1.31754755974, "var": 1.90650713444}, "erbbands_skewness": {"dmean": 0.267981290817, "dmean2": 0.406871855259, "dvar": 0.0501356609166, "dvar2": 0.116215787828, "max": 2.62155532837, "mean": 0.910685777664, "median": 0.936555027962, "min": -1.79642355442, "var": 0.287130445242}, "erbbands_spread": {"dmean": 3.00856041908, "dmean2": 4.51426315308, "dvar": 7.17292356491, "dvar2": 16.3316879272, "max": 56.2922821045, "mean": 21.9208393097, "median": 20.9091758728, "min": 6.13771390915, "var": 52.6704826355}, "hfc": {"dmean": 2.19697380066, "dmean2": 3.15843844414, "dvar": 8.97458744049, "dvar2": 19.9558410645, "max": 70.6690826416, "mean": 13.5463247299, "median": 9.70777702332, "min": 1.07599263652e-16, "var": 141.504623413}, "melbands_crest": {"dmean": 2.00706219673, "dmean2": 2.91896796227, "dvar": 3.10679769516, "dvar2": 5.88315629959, "max": 23.8649673462, "mean": 12.2986268997, "median": 12.1914329529, "min": 1.64019310474, "var": 17.1634407043}, "melbands_flatness_db": {"dmean": 0.0117226354778, "dmean2": 0.0164147689939, "dvar": 0.000111618370283, "dvar2": 0.000209616409848, "max": 0.307912230492, "mean": 0.204825863242, "median": 0.211335688829, "min": 0.00281455018558, "var": 0.00232745497487}, "melbands_kurtosis": {"dmean": 1.80560600758, "dmean2": 2.6821668148, "dvar": 3.12469506264, "dvar2": 7.09974622726, "max": 21.3242759705, "mean": 5.55721092224, "median": 5.10194587708, "min": -1.4213013649, "var": 13.3846378326}, "melbands_skewness": {"dmean": 0.288167476654, "dmean2": 0.419650614262, "dvar": 0.0622740909457, "dvar2": 0.126224964857, "max": 3.77266049385, "mean": 1.55851268768, "median": 1.56086981297, "min": -0.598806500435, "var": 0.430398732424}, "melbands_spread": {"dmean": 2.8707549572, "dmean2": 4.20439195633, "dvar": 18.1782569885, "dvar2": 33.3640708923, "max": 171.002609253, "mean": 17.8171405792, "median": 13.3720149994, "min": 4.55350160599, "var": 468.93170166}, "pitch_salience": {"dmean": 0.0462963879108, "dmean2": 0.0717026591301, "dvar": 0.00154105678666, "dvar2": 0.00367436162196, "max": 0.967451453209, "mean": 0.57569861412, "median": 0.572536349297, "min": 0.316190540791, "var": 0.0084661943838}, "silence_rate_20dB": {"dmean": 0, "dmean2": 0, "dvar": 0, "dvar2": 0, "max": 1, "mean": 1, "median": 1, "min": 1, "var": 0}, "silence_rate_30dB": {"dmean": 0.00115942023695, "dmean2": 0.00232018553652, "dvar": 0.00115806714166, "dvar2": 0.00231482926756, "max": 1, "mean": 0.998261868954, "median": 1, "min": 0, "var": 0.00173512299079}, "silence_rate_60dB": {"dmean": 0.0104347830638, "dmean2": 0.0208816714585, "dvar": 0.0103257596493, "dvar2": 0.0250863302499, "max": 1, "mean": 0.0996523723006, "median": 0, "min": 0, "var": 0.0897218808532}, "spectral_centroid": {"dmean": 114.065292358, "dmean2": 168.31539917, "dvar": 52564.5117188, "dvar2": 81459.953125, "max": 11738.4882812, "mean": 1258.10925293, "median": 928.322937012, "min": 560.604614258, "var": 2961790.25}, "spectral_complexity": {"dmean": 1.7959420681, "dmean2": 3.02668213844, "dvar": 2.53460097313, "dvar2": 6.49695968628, "max": 30, "mean": 15.8064889908, "median": 17, "min": 0, "var": 38.4097862244}, "spectral_decrease": {"dmean": 7.81544773343e-10, "dmean2": 1.06726794069e-09, "dvar": 1.1690337836e-18, "dvar2": 2.22417555021e-18, "max": 2.20215593121e-21, "mean": -4.73858952077e-09, "median": -3.23330495711e-09, "min": -2.93265109974e-08, "var": 1.87211718311e-17}, "spectral_energy": {"dmean": 0.00312869553454, "dmean2": 0.00428278604522, "dvar": 1.86690122064e-05, "dvar2": 3.57262906618e-05, "max": 0.117094777524, "mean": 0.0191132090986, "median": 0.0130002144724, "min": 1.00193802659e-20, "var": 0.000302367116092}, "spectral_energyband_high": {"dmean": 1.88725753105e-05, "dmean2": 2.69764641416e-05, "dvar": 7.61950280648e-10, "dvar2": 1.48169110314e-09, "max": 0.000642297731247, "mean": 7.44712961023e-05, "median": 5.6694560044e-05, "min": 7.1734815243e-21, "var": 5.27773291736e-09}, "spectral_energyband_low": {"dmean": 0.000131611523102, "dmean2": 0.000181411916856, "dvar": 2.8019014664e-08, "dvar2": 4.37821050525e-08, "max": 0.00784447602928, "mean": 0.000749385915697, "median": 0.000428831204772, "min": 1.50912025731e-23, "var": 1.1463721421e-06}, "spectral_energyband_middle_high": {"dmean": 0.00108754099347, "dmean2": 0.00169106968679, "dvar": 2.7111457257e-06, "dvar2": 6.24393351245e-06, "max": 0.0281143598258, "mean": 0.00415792129934, "median": 0.0029686880298, "min": 1.16039111703e-21, "var": 1.61850020959e-05}, "spectral_energyband_middle_low": {"dmean": 0.0028490931727, "dmean2": 0.00379189336672, "dvar": 1.448211151e-05, "dvar2": 2.63157198788e-05, "max": 0.102523468435, "mean": 0.0145819755271, "median": 0.0094613423571, "min": 2.11424264661e-22, "var": 0.000197163259145}, "spectral_entropy": {"dmean": 0.084468357265, "dmean2": 0.119143798947, "dvar": 0.00629361812025, "dvar2": 0.0115648740903, "max": 9.81810379028, "mean": 7.22102355957, "median": 7.11086940765, "min": 6.51544284821, "var": 0.269476026297}, "spectral_flux": {"dmean": 0.0103636328131, "dmean2": 0.0175889469683, "dvar": 0.000165066914633, "dvar2": 0.000450960069429, "max": 0.203896328807, "mean": 0.0432496890426, "median": 0.0399244949222, "min": 6.35455230102e-11, "var": 0.00056332006352}, "spectral_kurtosis": {"dmean": 2.74214816093, "dmean2": 4.79466152191, "dvar": 6.29873657227, "dvar2": 19.428188324, "max": 24.426071167, "mean": 7.91783714294, "median": 7.54677343369, "min": -1.24123322964, "var": 13.536359787}, "spectral_rms": {"dmean": 0.000324339343933, "dmean2": 0.000441750627942, "dvar": 1.18711774633e-07, "dvar2": 2.23234010832e-07, "max": 0.010688255541, "mean": 0.00384521391243, "median": 0.00356133887544, "min": 3.12650036069e-12, "var": 3.86138435715e-06}, "spectral_rolloff": {"dmean": 220.474487305, "dmean2": 368.587524414, "dvar": 274772.1875, "dvar2": 438998.375, "max": 20908.7402344, "mean": 1609.19567871, "median": 947.4609375, "min": 495.263671875, "var": 9957569}, "spectral_skewness": {"dmean": 0.257634729147, "dmean2": 0.438937336206, "dvar": 0.0465727448463, "dvar2": 0.140560895205, "max": 3.32204675674, "mean": 1.91191458702, "median": 1.94749641418, "min": -0.084155023098, "var": 0.227300316095}, "spectral_spread": {"dmean": 261790.140625, "dmean2": 417169, "dvar": 1265522180100.0, "dvar2": 2584112529410.0, "max": 43801644, "mean": 4123436.75, "median": 2760867.75, "min": 1572999.875, "var": 41890070134800.0}, "spectral_strongpeak": {"dmean": 0.353602319956, "dmean2": 0.538685798645, "dvar": 0.170899823308, "dvar2": 0.406481564045, "max": 5.53336524963, "mean": 1.53635978699, "median": 1.39975547791, "min": 0, "var": 1.06854295731}, "zerocrossingrate": {"dmean": 0.00462947227061, "dmean2": 0.00615194719285, "dvar": 0.00013188214507, "dvar2": 0.000228885153774, "max": 0.53173828125, "mean": 0.0583247132599, "median": 0.04150390625, "min": 0.0244140625, "var": 0.00674200477079}, "barkbands": {"dmean": [9.88596582374e-08, 3.99677519454e-05, 9.17019278859e-05, 5.91141288169e-05, 0.000179795257282, 0.000852744153235, 0.00146920816042, 0.000949657696765, 0.000824945920613, 0.000626935681794, 0.000551056291442, 0.000194671432837, 0.000170815590536, 0.000222516900976, 0.000305158493575, 0.000130617787363, 0.000124551734189, 8.13925944385e-05, 5.46059891349e-05, 2.2910793632e-05, 7.64649121265e-06, 4.14171063312e-06, 1.76615242253e-06, 1.15757109143e-06, 3.05354319607e-06, 4.09104416121e-07, 4.76213841694e-07], "dmean2": [1.49074736555e-07, 5.48815260117e-05, 0.000129381354782, 7.53436397645e-05, 0.000248652300797, 0.00115077022929, 0.00191988411825, 0.00123646622524, 0.00103165837936, 0.000941895646974, 0.000831992947496, 0.000312538410071, 0.000259205320617, 0.00038784390199, 0.000521761365235, 0.000223503448069, 0.00021154586284, 0.000137841008836, 9.06803325051e-05, 3.73733055312e-05, 1.24388006952e-05, 6.55386247672e-06, 2.90065486297e-06, 1.86035322258e-06, 3.84965505873e-06, 6.11672817286e-07, 5.93736785959e-07], "dvar": [2.84994263974e-14, 3.19305515362e-09, 1.61653535002e-08, 1.24019559067e-08, 9.57012318281e-08, 1.83866723091e-06, 8.77153797774e-06, 2.55781719716e-06, 1.9544766019e-06, 1.45850663102e-06, 1.44379373523e-06, 1.13440030702e-07, 1.12517838602e-07, 2.10736942563e-07, 4.41306923449e-07, 7.3634993214e-08, 3.27724833937e-08, 2.28656045209e-08, 1.05327613298e-08, 1.1677315781e-09, 1.0274197465e-10, 3.50562218143e-11, 7.3760294747e-12, 3.27695379512e-12, 1.02022730541e-10, 2.91777019212e-12, 4.4233826671e-12], "dvar2": [7.1048669606e-14, 6.16430151368e-09, 2.54962664314e-08, 1.28861330495e-08, 1.93218070876e-07, 3.5851192024e-06, 1.48175122376e-05, 4.22459288529e-06, 3.04179775412e-06, 3.03336400975e-06, 3.04311492982e-06, 2.98681101185e-07, 2.3286632711e-07, 5.89801686601e-07, 1.28621229578e-06, 2.21893827757e-07, 8.88800713028e-08, 6.44432773811e-08, 2.78638641049e-08, 3.17692805396e-09, 2.61918375877e-10, 8.57749635208e-11, 2.00840715586e-11, 7.86451546247e-12, 1.60151017448e-10, 4.8583055981e-12, 9.23150705184e-12], "max": [7.77450168243e-06, 0.00235248333775, 0.00688121002167, 0.00583133706823, 0.00843802280724, 0.0346199162304, 0.0569499582052, 0.0264466591179, 0.0347667448223, 0.0244879666716, 0.0195578616112, 0.00503821577877, 0.00692384364083, 0.00591769022867, 0.0131169147789, 0.00656306743622, 0.00217180303298, 0.00284948456101, 0.00164107000455, 0.000552803627215, 0.000172656902578, 0.00010771410598, 6.43769089947e-05, 4.766281927e-05, 0.00017902586842, 7.83434661571e-05, 4.75323067803e-05], "mean": [9.00609279597e-07, 0.000222783826757, 0.000402722129365, 0.00024811111507, 0.000667048967443, 0.00246513821185, 0.00482377363369, 0.00272898189723, 0.00294956378639, 0.00124036835041, 0.0010483810911, 0.000320943567203, 0.000321577128489, 0.000329677568516, 0.000502812326886, 0.000221482347115, 0.000236385792959, 0.000150231222506, 0.000124709011288, 5.44690192328e-05, 2.14186147787e-05, 1.18914049381e-05, 5.96473319092e-06, 4.37430571765e-06, 7.26651387595e-06, 1.4049381889e-06, 8.64574872139e-07], "median": [1.23061397517e-07, 0.000110054403194, 0.000195516753593, 8.27737385407e-05, 0.000402091885917, 0.00130116636865, 0.00128669221886, 0.00111205340363, 0.00103915447835, 0.000576719816308, 0.000423793389928, 0.000164852302987, 0.000141856115079, 0.000138928517117, 0.000227797892876, 0.000116537528811, 0.000152799082571, 9.64338833001e-05, 7.44708522689e-05, 3.89655360777e-05, 1.63512631843e-05, 8.32441764942e-06, 3.81629843105e-06, 2.93737070933e-06, 2.39025030169e-06, 6.19293473392e-07, 5.67213334079e-08], "min": [6.1783522002e-25, 3.83054999471e-24, 1.20278509688e-24, 1.44002337842e-24, 5.2058232756e-24, 9.09834144986e-24, 1.44310175033e-23, 1.32510803821e-23, 1.84912482949e-23, 2.08818944236e-23, 1.85092311681e-23, 2.63480394314e-23, 1.25501009483e-23, 3.4332441441e-23, 6.78302428008e-23, 5.77817515227e-23, 5.54595974532e-23, 8.16670839594e-23, 1.73458446642e-22, 1.63506518249e-22, 2.11147330307e-22, 3.26793165187e-22, 4.86153897524e-22, 5.27838721395e-22, 8.79144861999e-22, 1.23245428016e-21, 2.1097077945e-21], "var": [2.64391720323e-12, 1.22987643181e-07, 5.69431904296e-07, 3.87182694794e-07, 7.31385739527e-07, 1.33878529596e-05, 6.7694549216e-05, 1.61220941663e-05, 2.39597229665e-05, 4.38079177911e-06, 3.40205770044e-06, 2.01982373937e-07, 2.85929246502e-07, 3.17893523061e-07, 6.63916296162e-07, 1.16131360528e-07, 6.41897628384e-08, 3.74366351252e-08, 2.59156323068e-08, 3.13474557423e-09, 4.084766414e-10, 1.57343013618e-10, 5.5963816914e-11, 3.12914485989e-11, 3.17738779732e-10, 1.15081269167e-11, 1.06485271989e-11]}, "erbbands": {"dmean": [0.000412635563407, 0.0117786573246, 0.0847256034613, 0.150819271803, 0.264793783426, 0.666249871254, 4.44634962082, 6.99151086807, 15.5087375641, 24.2246723175, 21.2110614777, 16.9430809021, 21.3089523315, 20.785358429, 10.5889797211, 8.48377037048, 7.69482851028, 12.2872838974, 9.86141395569, 11.6075716019, 6.17783689499, 5.285779953, 5.20216655731, 3.15728735924, 1.93289101124, 0.905144453049, 0.460193246603, 0.225980326533, 0.161207228899, 0.0923815369606, 0.0509527884424, 0.0279844533652, 0.0212632212788, 0.0374068319798, 0.021496206522, 0.00279034906998, 0.000848517229315, 0.000288313021883, 7.5673138781e-05, 8.96264737094e-06], "dmean2": [0.0005158354179, 0.0165073089302, 0.119759090245, 0.200313970447, 0.338897407055, 0.989361941814, 6.26350259781, 8.88661956787, 21.1951999664, 30.5376548767, 26.7779579163, 21.344909668, 31.817489624, 31.3316822052, 16.0730876923, 13.6728754044, 11.7147712708, 21.1397953033, 16.4442977905, 20.1436500549, 10.536233902, 8.92021560669, 8.7963142395, 5.19711780548, 3.23805093765, 1.46349847317, 0.745455920696, 0.352329343557, 0.260740965605, 0.150518745184, 0.0840992256999, 0.0447765141726, 0.0337580554187, 0.050684351474, 0.028577003628, 0.00410485593602, 0.0012073389953, 0.000390559434891, 9.4007133157e-05, 1.10838882392e-05], "dvar": [2.41907258669e-07, 0.000277166167507, 0.014449021779, 0.0560338459909, 0.201561227441, 1.63030028343, 65.7781448364, 135.335494995, 787.285644531, 1919.69506836, 1129.11218262, 854.543395996, 2036.10205078, 2210.40209961, 308.661712646, 228.057006836, 206.258773804, 594.506896973, 309.327514648, 537.217163086, 90.4175338745, 56.9735183716, 104.887268066, 26.6072673798, 15.8918838501, 1.56160342693, 0.39928522706, 0.0876634791493, 0.05721783638, 0.0217840112746, 0.0075195399113, 0.00200048531406, 0.00130162783898, 0.0147119807079, 0.005919595249, 3.90449895349e-05, 3.31948649546e-05, 3.04212312585e-06, 1.11443085871e-07, 6.88531398563e-10], "dvar2": [3.73247445395e-07, 0.000518989749253, 0.0237226746976, 0.0726812556386, 0.3169298172, 4.23583126068, 144.199539185, 199.466537476, 1471.83337402, 3277.41967773, 1836.49475098, 1338.61499023, 4351.13330078, 4863.33984375, 685.67578125, 610.680908203, 426.312133789, 1668.1628418, 830.836486816, 1603.35925293, 260.29598999, 152.606124878, 295.488433838, 65.7917098999, 46.8807220459, 4.22885131836, 1.03092515469, 0.212013527751, 0.150985434651, 0.0539773441851, 0.0215431153774, 0.00528907775879, 0.00327535090037, 0.025044888258, 0.00985657516867, 8.23539012345e-05, 5.13983977726e-05, 7.37073969503e-06, 2.00717366283e-07, 1.20312748653e-09], "max": [0.0276469960809, 0.670379936695, 6.26573133469, 12.6938533783, 13.7846260071, 38.3905715942, 217.997848511, 441.359100342, 608.20880127, 780.516357422, 833.107971191, 792.660705566, 950.035095215, 753.080871582, 221.926422119, 253.135513306, 300.073669434, 328.92300415, 302.596893311, 431.734527588, 195.059494019, 114.482208252, 200.524887085, 76.7760314941, 90.552734375, 16.3455123901, 9.39997386932, 3.89940071106, 4.00320625305, 2.27590656281, 1.83557081223, 1.08161973953, 0.759221374989, 2.19138073921, 1.25141060352, 0.119322650135, 0.260975271463, 0.0575158782303, 0.0106762256473, 0.000519716180861], "mean": [0.00350568071008, 0.0652856379747, 0.395229607821, 0.703683435917, 1.19052278996, 2.16191625595, 11.5114278793, 21.6264705658, 47.002456665, 79.1715393066, 73.7215652466, 60.7118644714, 45.577583313, 42.0953788757, 20.0023021698, 15.170126915, 15.9805622101, 19.6688098907, 18.818321228, 21.3645305634, 12.528837204, 11.3618383408, 9.89792728424, 7.13834095001, 4.65302705765, 2.30052852631, 1.27378118038, 0.639201402664, 0.443081706762, 0.28418430686, 0.163956269622, 0.0998828113079, 0.0706190094352, 0.0861709490418, 0.0498363897204, 0.00890861731023, 0.00244203256443, 0.000610709190369, 0.000159716466442, 3.21647967212e-05], "median": [0.00200016028248, 0.0314997844398, 0.184207141399, 0.320990622044, 0.546961307526, 1.44195640087, 5.33936357498, 10.3905572891, 18.6271839142, 23.6792793274, 29.100315094, 25.1657333374, 22.1576309204, 17.5782432556, 10.715845108, 8.34892368317, 8.50489997864, 10.3453941345, 10.8025627136, 11.1608753204, 8.17028427124, 7.95171070099, 6.25325250626, 4.3528137207, 3.17290353775, 1.7968198061, 0.955509901047, 0.49106028676, 0.311083167791, 0.192077443004, 0.102008394897, 0.062152389437, 0.0456414669752, 0.0330938957632, 0.013468766585, 0.00392996147275, 0.00086035777349, 0.000141582888318, 1.95490465558e-05, 1.80998995347e-05], "min": [9.23545715033e-23, 6.37561220619e-22, 2.61181268672e-21, 7.99803923114e-21, 1.35367250983e-20, 9.86768713536e-21, 3.48640989308e-20, 6.44480713671e-20, 1.93871658064e-19, 2.72699967112e-19, 4.03237985814e-19, 5.78818289465e-19, 5.79499937989e-19, 3.77802879912e-19, 1.08768098395e-18, 1.26866996313e-18, 1.58423812605e-18, 2.24852464551e-18, 1.96097122879e-18, 2.63136347854e-18, 3.29658088639e-18, 3.4147860299e-18, 5.19100833002e-18, 5.24322576055e-18, 8.14065581223e-18, 7.21274114468e-18, 8.64126551895e-18, 9.49488447824e-18, 9.12702485213e-18, 1.21501441707e-17, 1.37411590773e-17, 1.05675640248e-17, 8.91990875291e-18, 7.62075294491e-18, 6.5178680711e-18, 4.17564950479e-18, 2.13754264991e-18, 8.06959458696e-19, 2.58188892723e-19, 2.84477655479e-20], "var": [1.69948252733e-05, 0.010206323117, 0.487974584103, 1.68795418739, 3.21917462349, 8.01580810547, 347.963470459, 1515.54626465, 4891.23486328, 14197.3457031, 12138.4921875, 9076.16113281, 5523.0625, 5137.04638672, 686.949890137, 406.468139648, 545.389892578, 890.536621094, 644.222351074, 893.814758301, 186.289703369, 128.80140686, 170.233230591, 77.0642318726, 30.1070575714, 4.62188243866, 1.50754308701, 0.335726350546, 0.218577548862, 0.106732048094, 0.0447398498654, 0.0166985541582, 0.00823113508523, 0.0407659783959, 0.0171030201018, 0.000187257523066, 9.63666316238e-05, 5.63105641049e-06, 3.51739998905e-07, 2.25276197696e-09]}, "gfcc": {"mean": [-89.503288269, 117.976623535, -147.72668457, -1.27231061459, -64.4897460938, -11.3550767899, -37.3843040466, 10.5990886688, -14.7424650192, 2.45449233055, -10.8750972748, -5.78615951538, -6.91369581223], "cov": [[46949.7695312, 4406.20507812, -5529.52832031, -287.823730469, -2022.87927246, -155.635665894, -1436.29870605, 644.470947266, -449.553161621, 219.539260864, -436.676391602, -156.302932739, -200.415466309], [4406.20507812, 1101.55371094, -819.563903809, 16.206193924, -162.438064575, -109.089736938, -90.2270584106, 6.55437421799, 2.37456512451, -53.2806663513, -0.500520825386, -77.7132339478, -6.74608469009], [-5529.52832031, -819.563903809, 972.138000488, 20.3589916229, 286.922821045, 80.2349090576, 162.334457397, -46.6504058838, 30.8178501129, 1.50027453899, 18.651260376, 44.961681366, 23.9439125061], [-287.823730469, 16.206193924, 20.3589916229, 115.390235901, 1.30210483074, 20.1514339447, 3.89779090881, -6.55591726303, -0.116906069219, -9.39015769958, 10.071018219, 2.73380088806, 2.34919857979], [-2022.87927246, -162.438064575, 286.922821045, 1.30210483074, 228.960083008, 29.5261554718, 94.2868041992, -17.1704139709, 43.3313140869, -7.73239088058, 25.7622146606, 0.472270786762, 6.09619235992], [-155.635665894, -109.089736938, 80.2349090576, 20.1514339447, 29.5261554718, 101.689285278, 25.3383560181, 30.887134552, 3.6761033535, 14.5953111649, -10.4562711716, 8.33615684509, -11.1594171524], [-1436.29870605, -90.2270584106, 162.334457397, 3.89779090881, 94.2868041992, 25.3383560181, 115.709396362, 15.5009231567, 42.4679679871, -6.01324796677, 21.3659420013, -2.22915244102, 1.47075390816], [644.470947266, 6.55437421799, -46.6504058838, -6.55591726303, -17.1704139709, 30.887134552, 15.5009231567, 85.1453323364, 31.4609947205, 23.4356746674, -4.16990280151, 4.82556915283, -13.4152288437], [-449.553161621, 2.37456512451, 30.8178501129, -0.116906069219, 43.3313140869, 3.6761033535, 42.4679679871, 31.4609947205, 81.7624740601, 28.428686142, 22.2888221741, -7.04435586929, -4.66339969635], [219.539260864, -53.2806663513, 1.50027453899, -9.39015769958, -7.73239088058, 14.5953111649, -6.01324796677, 23.4356746674, 28.428686142, 62.7051963806, 19.0591697693, 7.70183992386, -9.33190917969], [-436.676391602, -0.500520825386, 18.651260376, 10.071018219, 25.7622146606, -10.4562711716, 21.3659420013, -4.16990280151, 22.2888221741, 19.0591697693, 67.9295806885, 28.2974472046, 11.0231084824], [-156.302932739, -77.7132339478, 44.961681366, 2.73380088806, 0.472270786762, 8.33615684509, -2.22915244102, 4.82556915283, -7.04435586929, 7.70183992386, 28.2974472046, 60.4064941406, 25.5957317352], [-200.415466309, -6.74608469009, 23.9439125061, 2.34919857979, 6.09619235992, -11.1594171524, 1.47075390816, -13.4152288437, -4.66339969635, -9.33190917969, 11.0231084824, 25.5957317352, 50.4279975891]], "icov": [[0.000158248731168, -0.000314166944008, 0.000438564486103, 0.00020478751685, -1.55732250278e-05, -0.000218203887925, 0.000859165273141, -0.0010340056615, 0.000776349043008, -0.000789693556726, 0.000579750514589, -0.000242823574808, -5.5235264881e-05], [-0.000314166944008, 0.00432013301179, 0.00252019218169, -0.00129813165404, -0.00106077641249, 0.00125429930631, -0.00187810242642, 0.00224052648991, -0.00279930024408, 0.00456058327109, -0.00274933967739, 0.00345267192461, -0.00131658965256], [0.000438564486103, 0.00252019218169, 0.00657251151279, -0.000700031407177, -0.00309351296164, -0.000123165431432, -0.000285080313915, -0.000648525659926, 0.00147593917791, -0.00136431050487, 0.00279161031358, -0.00089821574511, -0.00109577411786], [0.00020478751685, -0.00129813165404, -0.000700031407177, 0.0105733415112, 0.00166776461992, -0.00440922845155, 0.00267555238679, -0.000270763324806, -0.000476740067825, 0.00239266618155, -0.00303879519925, 0.000751270446926, -0.000165749326698], [-1.55732250278e-05, -0.00106077641249, -0.00309351296164, 0.00166776461992, 0.0100987665355, -0.00271049002185, -0.00268880347721, 0.00266239466146, -0.00374299800023, 0.00252825091593, -0.00278408778831, 0.0012436741963, 0.000252443918725], [-0.000218203887925, 0.00125429930631, -0.000123165431432, -0.00440922845155, -0.00271049002185, 0.0166127495468, -0.00492016319185, -0.0036344868131, 0.00337932724506, -0.00443339720368, 0.00537090096623, -0.00360473850742, 0.00289278826676], [0.000859165273141, -0.00187810242642, -0.000285080313915, 0.00267555238679, -0.00268880347721, -0.00492016319185, 0.0250752214342, -0.0110349711031, -0.00212580733933, 0.00492217158899, -0.00553839188069, 0.00489306496456, -0.0018152941484], [-0.0010340056615, 0.00224052648991, -0.000648525659926, -0.000270763324806, 0.00266239466146, -0.0036344868131, -0.0110349711031, 0.0290821790695, -0.014151618816, 0.00178080564365, 0.0036313298624, -0.00743248825893, 0.00544277112931], [0.000776349043008, -0.00279930024408, 0.00147593917791, -0.000476740067825, -0.00374299800023, 0.00337932724506, -0.00212580733933, -0.014151618816, 0.0304753407836, -0.0160445608199, -0.000799723318778, 0.00523450504988, -0.00310296518728], [-0.000789693556726, 0.00456058327109, -0.00136431050487, 0.00239266618155, 0.00252825091593, -0.00443339720368, 0.00492217158899, 0.00178080564365, -0.0160445608199, 0.0359796509147, -0.0154460389167, 0.00479778693989, 0.0031670157332], [0.000579750514589, -0.00274933967739, 0.00279161031358, -0.00303879519925, -0.00278408778831, 0.00537090096623, -0.00553839188069, 0.0036313298624, -0.000799723318778, -0.0154460389167, 0.0347732752562, -0.021128129214, 0.0035956101492], [-0.000242823574808, 0.00345267192461, -0.00089821574511, 0.000751270446926, 0.0012436741963, -0.00360473850742, 0.00489306496456, -0.00743248825893, 0.00523450504988, 0.00479778693989, -0.021128129214, 0.0394556522369, -0.0172158479691], [-5.5235264881e-05, -0.00131658965256, -0.00109577411786, -0.000165749326698, 0.000252443918725, 0.00289278826676, -0.0018152941484, 0.00544277112931, -0.00310296518728, 0.0031670157332, 0.0035956101492, -0.0172158479691, 0.0303245186806]]}, "melbands": {"dmean": [7.26266489437e-06, 3.33328280249e-05, 2.75631573459e-05, 2.70379186986e-05, 0.00012263712415, 0.000165817473317, 0.000265931448666, 0.000251515913988, 0.000193067433429, 0.000104158883914, 0.000106679210148, 8.01190617494e-05, 4.51468913525e-05, 1.96713099285e-05, 2.11322076211e-05, 2.07719349419e-05, 2.59497410298e-05, 1.25605502035e-05, 2.83565968857e-05, 1.29607597046e-05, 7.26534926798e-06, 7.33223942007e-06, 4.57638907392e-06, 3.48161529473e-06, 2.89652439278e-06, 1.82593305453e-06, 1.17856711768e-06, 5.95061919739e-07, 3.70653708615e-07, 2.24455831699e-07, 1.36711051368e-07, 1.1914733733e-07, 7.83058808906e-08, 4.94864664802e-08, 3.68741162049e-08, 2.65503103947e-08, 1.85590778301e-08, 1.60991735498e-08, 1.97203604557e-08, 4.03260536075e-08], "dmean2": [9.57683005254e-06, 4.74146909255e-05, 3.56187811121e-05, 3.93302398152e-05, 0.000173430787981, 0.000214145766222, 0.000354977557436, 0.000319014012348, 0.000240115783527, 0.000131705237436, 0.000159536823048, 0.000120544085803, 6.82263198541e-05, 3.12590855174e-05, 3.37311175826e-05, 3.11628318741e-05, 4.52358472103e-05, 2.03803156182e-05, 4.90845923196e-05, 2.21859063458e-05, 1.23789222926e-05, 1.24783809952e-05, 7.65519052948e-06, 5.87972317589e-06, 4.78908714285e-06, 3.10866448672e-06, 1.96490577764e-06, 9.60984493759e-07, 6.01858289428e-07, 3.73074584559e-07, 2.17562188709e-07, 1.97963260007e-07, 1.23935549823e-07, 8.29654211998e-08, 6.14803070675e-08, 4.47384742586e-08, 2.99180058505e-08, 2.57907171175e-08, 3.12272732117e-08, 5.41381481867e-08], "dvar": [9.24904458577e-11, 2.13624029577e-09, 1.76842240851e-09, 2.72343925189e-09, 4.82913797839e-08, 6.77981972785e-08, 2.53310531662e-07, 2.02610991096e-07, 9.95555211603e-08, 3.49886768447e-08, 5.08195547866e-08, 3.07370875419e-08, 7.32290583727e-09, 1.09815057048e-09, 1.6243477674e-09, 2.14391815412e-09, 3.1463138761e-09, 4.26775947915e-10, 4.95427032732e-09, 6.88797630044e-10, 1.20551985061e-10, 1.1143096168e-10, 6.33437260977e-11, 3.75640386852e-11, 2.37430162336e-11, 1.96457572432e-11, 3.92468436222e-12, 6.92772228472e-13, 2.97815835578e-13, 1.09610298539e-13, 4.04035901686e-14, 3.51741103962e-14, 1.68553711976e-14, 5.73832465106e-15, 4.13012418048e-15, 1.92265721708e-15, 1.02996749991e-15, 8.85367752623e-16, 1.526232457e-15, 2.03530141823e-14], "dvar2": [1.61365990015e-10, 3.52519635705e-09, 2.3042538988e-09, 5.73218938982e-09, 1.06180877424e-07, 1.1072049233e-07, 4.51488375575e-07, 3.42455791724e-07, 1.58376749937e-07, 5.46313714267e-08, 1.0776290793e-07, 6.7166766371e-08, 1.55149653125e-08, 2.88602630683e-09, 4.1005288054e-09, 4.3665546734e-09, 8.87775630787e-09, 1.01838681932e-09, 1.45616647629e-08, 2.08583794681e-09, 3.35110023064e-10, 3.00756780591e-10, 1.74794470564e-10, 1.06486666707e-10, 5.86584114615e-11, 5.80189021826e-11, 1.10543900422e-11, 1.8750487274e-12, 7.60360470333e-13, 2.8856702184e-13, 9.99761525736e-14, 9.76133711079e-14, 3.97457200073e-14, 1.55493090734e-14, 1.19753255503e-14, 5.24265240527e-15, 2.69732496328e-15, 2.18482683151e-15, 4.27393470482e-15, 3.41541268737e-14], "max": [0.000464254408143, 0.00229897722602, 0.00195847102441, 0.00187429611105, 0.00576490396634, 0.00852391496301, 0.00896543357521, 0.00832208525389, 0.0087166307494, 0.00541411340237, 0.00471458164975, 0.002800331451, 0.0013257865794, 0.000541625893675, 0.000780376140028, 0.000930197071284, 0.000753803935368, 0.000441979529569, 0.00139786780346, 0.000631110626273, 0.000127759762108, 0.000142186501762, 0.000138438917929, 0.000118399664643, 7.15037604095e-05, 0.000102989659354, 3.39165817422e-05, 1.11417193693e-05, 9.63098409557e-06, 5.93437562202e-06, 3.10242035084e-06, 3.13108989758e-06, 2.46548529503e-06, 1.38973166486e-06, 1.17139131817e-06, 8.34632714941e-07, 7.02716761225e-07, 6.74698810599e-07, 8.14378211089e-07, 2.47629873229e-06], "mean": [4.66850906378e-05, 0.000168445883901, 0.000138460294693, 0.000104357073724, 0.000334471988026, 0.000490267935675, 0.000849413510878, 0.000797032436822, 0.000658824341372, 0.000359297497198, 0.000215665422729, 0.000161871765158, 8.65629845066e-05, 3.49928777723e-05, 3.78778058803e-05, 3.66708263755e-05, 3.77759643015e-05, 2.32088314078e-05, 4.41334195784e-05, 2.12993672903e-05, 1.29614827529e-05, 1.37542347147e-05, 8.92060597835e-06, 6.53312736176e-06, 5.89051069255e-06, 3.95475626647e-06, 2.48116361945e-06, 1.31335775677e-06, 8.82030690263e-07, 5.47605111478e-07, 3.1074065987e-07, 2.7131409297e-07, 1.99696003733e-07, 1.34547192943e-07, 9.80464136546e-08, 7.40230987617e-08, 5.60111850234e-08, 4.67434446705e-08, 5.0915538452e-08, 8.41337950419e-08], "median": [2.52987119893e-05, 8.43055531732e-05, 7.25173158571e-05, 6.05517816439e-05, 0.000165200297488, 0.000258778192801, 0.000285950081889, 0.000250516983215, 0.000233218539506, 0.000141945594805, 9.74044742179e-05, 6.6459964728e-05, 3.94811213482e-05, 1.95903485292e-05, 2.05067262868e-05, 1.08706190076e-05, 1.57128724823e-05, 1.27191360662e-05, 1.62062333402e-05, 1.11992449092e-05, 7.74143245508e-06, 8.90920091479e-06, 5.5648624766e-06, 4.23331857746e-06, 3.16916566589e-06, 2.2896253995e-06, 1.68123892763e-06, 9.68984750216e-07, 6.29938028851e-07, 3.76725864726e-07, 2.3339504196e-07, 1.85673513897e-07, 1.1806670841e-07, 8.82265354107e-08, 5.75582888018e-08, 4.49831603078e-08, 3.35896501724e-08, 2.92789223977e-08, 3.10999084263e-08, 2.40131328155e-08], "min": [1.4937763605e-24, 1.274055327e-24, 1.38444181676e-24, 8.96653225893e-25, 1.10867596304e-24, 1.44768489414e-24, 3.12417179409e-24, 2.52926220318e-24, 2.83419441394e-24, 3.34732378089e-24, 2.65411442979e-24, 1.23201890152e-24, 3.77795939917e-24, 2.08103597279e-24, 2.60210798575e-24, 3.64032999248e-24, 2.80698955955e-24, 2.08061629879e-24, 5.61935481174e-24, 2.47810930665e-24, 3.13135121719e-24, 2.99711371518e-24, 4.64880543498e-24, 3.09641414542e-24, 3.52352059723e-24, 5.29854756412e-24, 4.75577694588e-24, 4.42293759731e-24, 4.59059933309e-24, 4.29709771685e-24, 5.17188332402e-24, 4.38521939642e-24, 6.30353900244e-24, 5.81538871884e-24, 7.35200219865e-24, 5.51809268164e-24, 6.11997461967e-24, 5.76444487044e-24, 5.92469841346e-24, 5.33677260815e-24], "var": [4.40265601753e-09, 7.21761423961e-08, 5.24289696102e-08, 2.0434594461e-08, 2.65475847527e-07, 6.35097592294e-07, 1.81005225386e-06, 1.37428708058e-06, 1.17960883017e-06, 3.42961641309e-07, 1.3840298152e-07, 7.46561994447e-08, 1.74890519844e-08, 2.09994333034e-09, 3.10605585696e-09, 5.24439602856e-09, 4.58211335541e-09, 1.07061515209e-09, 6.91850621237e-09, 1.04455499805e-09, 2.27451349422e-10, 2.13968925911e-10, 1.22569357441e-10, 6.4367115804e-11, 6.38650382578e-11, 3.28482241407e-11, 7.87031984723e-12, 1.72165396089e-12, 8.81133653454e-13, 3.46229419917e-13, 9.41040729499e-14, 9.15492115168e-14, 6.31779242637e-14, 2.57865865434e-14, 1.7500850961e-14, 9.53750374169e-15, 6.24345740784e-15, 4.10665416806e-15, 5.14365754715e-15, 5.37453280936e-14]}, "mfcc": {"mean": [-700.964904785, 151.790466309, -32.6632537842, 7.56450128555, -13.4163684845, -19.0942211151, -13.1461362839, -5.95985746384, -0.466348767281, 1.78268396854, 0.805042207241, -1.68827724457, 1.40064477921], "cov": [[12790.8193359, 3221.37255859, -982.074645996, 78.9649200439, -198.814590454, -420.085144043, -227.592788696, -31.8261222839, 81.0606918335, 102.135490417, 71.5113983154, -12.6417913437, 121.282791138], [3221.37255859, 1520.74194336, -437.220123291, 99.1586685181, -80.1238098145, -141.812744141, -82.077796936, -27.5065288544, 8.43790149689, 14.7821369171, 3.78554868698, 6.96144533157, 12.4663143158], [-982.074645996, -437.220123291, 275.114593506, -21.2896709442, 21.6980552673, 48.6969490051, 26.2469615936, 2.24809503555, 3.81098651886, -17.7147808075, 2.51321411133, -20.8251533508, -11.7210407257], [78.9649200439, 99.1586685181, -21.2896709442, 82.564704895, 11.4374294281, -6.14384555817, -4.65561580658, -5.22742509842, -6.29262161255, -9.12604618073, -8.67937374115, 2.00657510757, 6.75137281418], [-198.814590454, -80.1238098145, 21.6980552673, 11.4374294281, 69.4465484619, 29.5420093536, 12.1593742371, 5.35001564026, 1.15295279026, -2.12220549583, 1.85694015026, 1.78086841106, 3.10369491577], [-420.085144043, -141.812744141, 48.6969490051, -6.14384555817, 29.5420093536, 70.591506958, 28.6800365448, 6.41491889954, 1.10850822926, -1.51739358902, 0.633257091045, -0.114033572376, -9.05040359497], [-227.592788696, -82.077796936, 26.2469615936, -4.65561580658, 12.1593742371, 28.6800365448, 61.319568634, 24.9835910797, 5.2646188736, -6.71187400818, 2.99047136307, -2.80723214149, 2.21723651886], [-31.8261222839, -27.5065288544, 2.24809503555, -5.22742509842, 5.35001564026, 6.41491889954, 24.9835910797, 66.7438964844, 22.7930812836, 9.83338451385, -4.0005645752, 11.8385438919, 3.34155011177], [81.0606918335, 8.43790149689, 3.81098651886, -6.29262161255, 1.15295279026, 1.10850822926, 5.2646188736, 22.7930812836, 63.0495033264, 24.6433582306, 19.0429859161, 0.557333111763, -8.1652431488], [102.135490417, 14.7821369171, -17.7147808075, -9.12604618073, -2.12220549583, -1.51739358902, -6.71187400818, 9.83338451385, 24.6433582306, 73.3520584106, 24.2259597778, 19.3018093109, -5.36183595657], [71.5113983154, 3.78554868698, 2.51321411133, -8.67937374115, 1.85694015026, 0.633257091045, 2.99047136307, -4.0005645752, 19.0429859161, 24.2259597778, 64.1574172974, 14.9903116226, 8.22710132599], [-12.6417913437, 6.96144533157, -20.8251533508, 2.00657510757, 1.78086841106, -0.114033572376, -2.80723214149, 11.8385438919, 0.557333111763, 19.3018093109, 14.9903116226, 70.5816192627, 17.1706047058], [121.282791138, 12.4663143158, -11.7210407257, 6.75137281418, 3.10369491577, -9.05040359497, 2.21723651886, 3.34155011177, -8.1652431488, -5.36183595657, 8.22710132599, 17.1706047058, 69.5301971436]], "icov": [[0.000192401494132, -0.000381437508622, 3.99150594603e-05, 0.000312730786391, -0.000104286620626, 0.000336992234224, 0.000131530934596, -8.86176349013e-05, -0.000114061520435, -0.000128288156702, -9.47193693719e-05, 0.000230036239373, -0.000311161304126], [-0.000381437508622, 0.00225692638196, 0.00199575978331, -0.00197668117471, 0.00102291663643, 0.000296114216326, 0.000217831664486, 0.000293923920253, -0.000311685464112, 0.000596656580456, -0.000313775381073, -2.47531215791e-06, 0.000808024196886], [3.99150594603e-05, 0.00199575978331, 0.00727693829685, -0.000839516695123, 0.000759463757277, -0.0012185999658, 0.000374446302885, 0.000204526266316, -0.0011372823501, 0.00158741371706, -0.00128291838337, 0.00169341941364, 0.000388948945329], [0.000312730786391, -0.00197668117471, -0.000839516695123, 0.0151543850079, -0.004175119102, 0.00132719438989, -0.000200082053198, 0.00106993108056, -3.21171246469e-05, 0.000808199634776, 0.00212024734356, -0.000818448723294, -0.00148022803478], [-0.000104286620626, 0.00102291663643, 0.000759463757277, -0.004175119102, 0.0190971232951, -0.00783566012979, 0.000875774945598, -0.00109923072159, -0.000389937369619, 0.000539319415111, -0.00113064970355, 0.000353372568497, -0.0012732364703], [0.000336992234224, 0.000296114216326, -0.0012185999658, 0.00132719438989, -0.00783566012979, 0.0248296931386, -0.00912400428206, 0.0024482246954, -7.81569833634e-05, -0.00117915763985, 0.000828379124869, -0.00147112132981, 0.00294498330913], [0.000131530934596, 0.000217831664486, 0.000374446302885, -0.000200082053198, 0.000875774945598, -0.00912400428206, 0.0259454082698, -0.0104314358905, 0.00117692048661, 0.00348073174246, -0.00419671507552, 0.00318789645098, -0.00162275717594], [-8.86176349013e-05, 0.000293923920253, 0.000204526266316, 0.00106993108056, -0.00109923072159, 0.0024482246954, -0.0104314358905, 0.0235759001225, -0.00894585717469, -0.00189943343867, 0.00685915211216, -0.0049293092452, -0.00119150907267], [-0.000114061520435, -0.000311685464112, -0.0011372823501, -3.21171246469e-05, -0.000389937369619, -7.81569833634e-05, 0.00117692048661, -0.00894585717469, 0.0235948115587, -0.00514071946964, -0.00657916348428, 0.0031589048449, 0.00283866887912], [-0.000128288156702, 0.000596656580456, 0.00158741371706, 0.000808199634776, 0.000539319415111, -0.00117915763985, 0.00348073174246, -0.00189943343867, -0.00514071946964, 0.0194777362049, -0.00536537030712, -0.00397986313328, 0.00262466887943], [-9.47193693719e-05, -0.000313775381073, -0.00128291838337, 0.00212024734356, -0.00113064970355, 0.000828379124869, -0.00419671507552, 0.00685915211216, -0.00657916348428, -0.00536537030712, 0.0220274813473, -0.00413945736364, -0.00300869345665], [0.000230036239373, -2.47531215791e-06, 0.00169341941364, -0.000818448723294, 0.000353372568497, -0.00147112132981, 0.00318789645098, -0.0049293092452, 0.0031589048449, -0.00397986313328, -0.00413945736364, 0.0186278149486, -0.00415421416983], [-0.000311161304126, 0.000808024196886, 0.000388948945329, -0.00148022803478, -0.0012732364703, 0.00294498330913, -0.00162275717594, -0.00119150907267, 0.00283866887912, 0.00262466887943, -0.00300869345665, -0.00415421416983, 0.0174562577158]]}, "spectral_contrast_coeffs": {"dmean": [0.0302101708949, 0.0357544459403, 0.0325377993286, 0.0275834817439, 0.0188464857638, 0.011677226983], "dmean2": [0.0494660027325, 0.057698994875, 0.0527568385005, 0.0465191565454, 0.0322771966457, 0.0194022711366], "dvar": [0.000605823122896, 0.000898142694496, 0.000717168033589, 0.000492834777106, 0.000231280326261, 9.36478318181e-05], "dvar2": [0.00155541021377, 0.00230527599342, 0.00179545476567, 0.00141311471816, 0.00062090344727, 0.00023637166305], "max": [-0.394665062428, -0.446804285049, -0.432172864676, -0.554751932621, -0.678538203239, -0.674260139465], "mean": [-0.656054258347, -0.690207958221, -0.699908256531, -0.738311469555, -0.773944973946, -0.756316661835], "median": [-0.649357497692, -0.687123656273, -0.69485604763, -0.729164242744, -0.766318082809, -0.748309969902], "min": [-0.984481334686, -0.981996893883, -0.981002211571, -0.971914112568, -0.965533614159, -0.97685956955], "var": [0.00686826137826, 0.00716140959412, 0.00716038001701, 0.00417254632339, 0.00233995588496, 0.00208237627521]}, "spectral_contrast_valleys": {"dmean": [0.308444917202, 0.29489082098, 0.264580160379, 0.216724216938, 0.165875732899, 0.139867275953], "dmean2": [0.51084035635, 0.478172510862, 0.432708233595, 0.36341252923, 0.260693132877, 0.200134590268], "dvar": [0.1227