{"lowlevel": {"average_loudness": 0.970708727837, "barkbands_crest": {"dmean": 3.82719326019, "dmean2": 5.52358484268, "dvar": 11.0230236053, "dvar2": 22.5141029358, "max": 26.5536556244, "mean": 15.9069166183, "median": 16.7382202148, "min": 2.02695155144, "var": 40.0714988708}, "barkbands_flatness_db": {"dmean": 0.0436642356217, "dmean2": 0.0622449889779, "dvar": 0.00207908451557, "dvar2": 0.00372820184566, "max": 0.512626588345, "mean": 0.202331006527, "median": 0.190322160721, "min": 0.022611906752, "var": 0.0112821934745}, "barkbands_kurtosis": {"dmean": 27.1957111359, "dmean2": 40.3134765625, "dvar": 3057.64160156, "dvar2": 6414.62939453, "max": 1411.11645508, "mean": 43.3742370605, "median": 10.0930175781, "min": -1.89376592636, "var": 6725.953125}, "barkbands_skewness": {"dmean": 1.69030928612, "dmean2": 2.36482930183, "dvar": 4.0252866745, "dvar2": 7.59898376465, "max": 34.1492347717, "mean": 4.25363445282, "median": 3.14636301994, "min": -2.53617167473, "var": 15.3047504425}, "barkbands_spread": {"dmean": 8.45621109009, "dmean2": 12.2464542389, "dvar": 134.268432617, "dvar2": 230.32232666, "max": 113.478233337, "mean": 19.5055961609, "median": 12.0411663055, "min": 0.102722607553, "var": 453.32510376}, "dissonance": {"dmean": 0.0195507518947, "dmean2": 0.0327619686723, "dvar": 0.000393096590415, "dvar2": 0.00101979775354, "max": 0.5, "mean": 0.465454399586, "median": 0.472447693348, "min": 0.217638105154, "var": 0.00083455722779}, "dynamic_complexity": 3.32593250275, "erbbands_crest": {"dmean": 3.31269550323, "dmean2": 5.38994121552, "dvar": 10.2525119781, "dvar2": 25.1407108307, "max": 31.0110912323, "mean": 9.05701351166, "median": 7.75319290161, "min": 2.44578790665, "var": 22.9232978821}, "erbbands_flatness_db": {"dmean": 0.0221646744758, "dmean2": 0.0329810120165, "dvar": 0.00060958089307, "dvar2": 0.00112180516589, "max": 0.442135453224, "mean": 0.130944520235, "median": 0.118369966745, "min": 0.037830106914, "var": 0.00288415560499}, "erbbands_kurtosis": {"dmean": 1.17933011055, "dmean2": 1.86703908443, "dvar": 2.57253670692, "dvar2": 6.10799694061, "max": 22.4932746887, "mean": 0.498407810926, "median": -0.220547914505, "min": -1.90179157257, "var": 5.00756406784}, "erbbands_skewness": {"dmean": 0.483193486929, "dmean2": 0.723753988743, "dvar": 0.216606304049, "dvar2": 0.471438348293, "max": 4.4481010437, "mean": 0.110316000879, "median": 0.0830473005772, "min": -3.27985930443, "var": 0.750560343266}, "erbbands_spread": {"dmean": 14.6230010986, "dmean2": 21.5926837921, "dvar": 228.898452759, "dvar2": 470.1043396, "max": 199.857345581, "mean": 53.7558441162, "median": 48.3864898682, "min": 2.28776454926, "var": 915.77911377}, "hfc": {"dmean": 12.5819158554, "dmean2": 17.8197803497, "dvar": 340.195739746, "dvar2": 732.843322754, "max": 170.233062744, "mean": 24.2410240173, "median": 15.6053323746, "min": 4.93550622593e-08, "var": 599.603515625}, "melbands_crest": {"dmean": 4.25340223312, "dmean2": 6.47024345398, "dvar": 16.5730495453, "dvar2": 37.668926239, "max": 38.5082054138, "mean": 24.0134620667, "median": 25.489200592, "min": 3.60761189461, "var": 79.9057235718}, "melbands_flatness_db": {"dmean": 0.0514618121088, "dmean2": 0.0713680386543, "dvar": 0.00277869729325, "dvar2": 0.00474907364696, "max": 0.64910787344, "mean": 0.292456924915, "median": 0.287468612194, "min": 0.024514105171, "var": 0.0171876363456}, "melbands_kurtosis": {"dmean": 63.6836204529, "dmean2": 90.6623840332, "dvar": 11283.0693359, "dvar2": 22379.9785156, "max": 2624.62109375, "mean": 118.379585266, "median": 37.2517547607, "min": -1.68139445782, "var": 45385.5625}, "melbands_skewness": {"dmean": 2.3100194931, "dmean2": 3.24130606651, "dvar": 5.83056354523, "dvar2": 11.0957069397, "max": 40.8855247498, "mean": 6.96179008484, "median": 5.51593494415, "min": -1.584836483, "var": 33.3235054016}, "melbands_spread": {"dmean": 8.17746925354, "dmean2": 12.2120304108, "dvar": 162.815994263, "dvar2": 317.591186523, "max": 204.246505737, "mean": 16.9755458832, "median": 7.882604599, "min": 0.105618298054, "var": 527.848144531}, "pitch_salience": {"dmean": 0.104338653386, "dmean2": 0.166038811207, "dvar": 0.0131509238854, "dvar2": 0.0296122469008, "max": 0.898790121078, "mean": 0.347363144159, "median": 0.327247738838, "min": 0.0198655817658, "var": 0.0403135232627}, "silence_rate_20dB": {"dmean": 0.00298618897796, "dmean2": 0.00597312115133, "dvar": 0.00297746853903, "dvar2": 0.00842559989542, "max": 1, "mean": 0.998258292675, "median": 1, "min": 0, "var": 0.00173858867493}, "silence_rate_30dB": {"dmean": 0.125668779016, "dmean2": 0.25136885047, "dvar": 0.109879098833, "dvar2": 0.205858409405, "max": 1, "mean": 0.619805932045, "median": 1, "min": 0, "var": 0.235638529062}, "silence_rate_60dB": {"dmean": 0.022645264864, "dmean2": 0.045171726495, "dvar": 0.0221324674785, "dvar2": 0.0466167666018, "max": 1, "mean": 0.0564817115664, "median": 0, "min": 0, "var": 0.0532933548093}, "spectral_centroid": {"dmean": 370.044952393, "dmean2": 539.97253418, "dvar": 171057.296875, "dvar2": 307418.40625, "max": 4750.87402344, "mean": 1403.53149414, "median": 1221.1237793, "min": 108.101669312, "var": 731375.1875}, "spectral_complexity": {"dmean": 5.27062320709, "dmean2": 7.77103042603, "dvar": 44.8720932007, "dvar2": 84.8474884033, "max": 60, "mean": 15.0434188843, "median": 13, "min": 0, "var": 104.099617004}, "spectral_decrease": {"dmean": 1.03063841905e-08, "dmean2": 1.58212589696e-08, "dvar": 1.88403023829e-16, "dvar2": 4.01332204283e-16, "max": -6.6470176413e-19, "mean": -2.37603678954e-08, "median": -1.58993920252e-08, "min": -9.928259459e-08, "var": 4.83221867315e-16}, "spectral_energy": {"dmean": 0.0393718294799, "dmean2": 0.0605201870203, "dvar": 0.00272642192431, "dvar2": 0.00579251535237, "max": 0.377972066402, "mean": 0.0918758139014, "median": 0.0625274777412, "min": 6.98538449306e-12, "var": 0.00695029133931}, "spectral_energyband_high": {"dmean": 0.000901897612493, "dmean2": 0.00125432631467, "dvar": 2.94780170407e-06, "dvar2": 5.93288677919e-06, "max": 0.0169023983181, "mean": 0.00129678146914, "median": 0.000409948814195, "min": 3.26330607502e-12, "var": 5.19364084539e-06}, "spectral_energyband_low": {"dmean": 0.0379971973598, "dmean2": 0.0585177615285, "dvar": 0.00282654771581, "dvar2": 0.00611214991659, "max": 0.374900132418, "mean": 0.0798863396049, "median": 0.0486213825643, "min": 6.30522218638e-13, "var": 0.00683107506484}, "spectral_energyband_middle_high": {"dmean": 0.00243167509325, "dmean2": 0.00374948047101, "dvar": 1.8470629584e-05, "dvar2": 3.96024515794e-05, "max": 0.0600944831967, "mean": 0.00390630541369, "median": 0.00174613913987, "min": 1.72933932799e-12, "var": 3.68205000996e-05}, "spectral_energyband_middle_low": {"dmean": 0.0055492199026, "dmean2": 0.00936063285917, "dvar": 0.000121055272757, "dvar2": 0.000300301646348, "max": 0.187919780612, "mean": 0.00749257206917, "median": 0.00275913183577, "min": 5.1663247248e-13, "var": 0.000150813604705}, "spectral_entropy": {"dmean": 0.249525517225, "dmean2": 0.364629328251, "dvar": 0.0870009958744, "dvar2": 0.168362930417, "max": 8.79932117462, "mean": 7.66110181808, "median": 7.71863460541, "min": 4.63101434708, "var": 0.340747773647}, "spectral_flux": {"dmean": 0.0625816807151, "dmean2": 0.0994796603918, "dvar": 0.00564966956154, "dvar2": 0.0107673509046, "max": 0.577841877937, "mean": 0.144762128592, "median": 0.109742224216, "min": 1.50859614223e-05, "var": 0.011908843182}, "spectral_kurtosis": {"dmean": 1.88157618046, "dmean2": 2.91476941109, "dvar": 13.1947650909, "dvar2": 29.7500190735, "max": 153.987426758, "mean": 4.43601703644, "median": 3.04143500328, "min": -0.849193096161, "var": 30.7119026184}, "spectral_rms": {"dmean": 0.00198396295309, "dmean2": 0.00291332881898, "dvar": 5.30186071046e-06, "dvar2": 1.02410012914e-05, "max": 0.0192029494792, "mean": 0.00834615062922, "median": 0.00781040452421, "min": 8.25530719339e-08, "var": 1.99767127924e-05}, "spectral_rolloff": {"dmean": 604.364624023, "dmean2": 958.500061035, "dvar": 1567700.375, "dvar2": 2822758, "max": 16300.6347656, "mean": 1227.72668457, "median": 150.732421875, "min": 43.06640625, "var": 4577690}, "spectral_skewness": {"dmean": 0.27294677496, "dmean2": 0.400999307632, "dvar": 0.110639058053, "dvar2": 0.235486373305, "max": 10.063788414, "mean": 1.54865574837, "median": 1.43166971207, "min": 0.13351982832, "var": 0.437751233578}, "spectral_spread": {"dmean": 882215.625, "dmean2": 1259477, "dvar": 1155602972670.0, "dvar2": 2215529676800.0, "max": 14783348, "mean": 5725377, "median": 5615254, "min": 607252.5625, "var": 5044733739010.0}, "spectral_strongpeak": {"dmean": 0.369916111231, "dmean2": 0.60256165266, "dvar": 0.379542946815, "dvar2": 0.911245882511, "max": 9.19536495209, "mean": 0.681373775005, "median": 0.502091646194, "min": 0, "var": 0.57789516449}, "zerocrossingrate": {"dmean": 0.0150766940787, "dmean2": 0.0156690515578, "dvar": 0.000393511756556, "dvar2": 0.000352535047568, "max": 0.44384765625, "mean": 0.0515728406608, "median": 0.03173828125, "min": 0.00146484375, "var": 0.00301426253282}, "barkbands": {"dmean": [0.00422277348116, 0.0335940718651, 0.0111183030531, 0.00192203221377, 0.000891529256478, 0.00037385665928, 0.0019021142507, 0.000779936497565, 0.00070848345058, 0.000506796408445, 0.000277213694062, 0.000487733690534, 0.000485006516101, 0.000428605970228, 0.000318727776175, 0.00014285047655, 0.000194892520085, 0.000209247402381, 0.00018943590112, 0.000173124004505, 0.00013066183601, 0.000225208874326, 0.000172476284206, 0.000166408819496, 0.000128675281303, 4.31952175859e-05, 1.61271436809e-05], "dmean2": [0.00484814727679, 0.0492405556142, 0.0199125166982, 0.00353198521771, 0.00154547963757, 0.000613576266915, 0.0030817699153, 0.00130563497078, 0.00112219806761, 0.000797754735686, 0.000496325199492, 0.000795477593783, 0.000750177481677, 0.000700821168721, 0.00053745234618, 0.000237447573454, 0.000321171333781, 0.000335766351782, 0.00030535669066, 0.000273048703093, 0.000202778217499, 0.00035435843165, 0.000236740248511, 0.000219491383177, 0.000181812021765, 6.1778097006e-05, 2.40242516156e-05], "dvar": [5.2187784604e-05, 0.00205534370616, 0.000781415321399, 2.31798894674e-05, 3.25313203575e-06, 6.7033323603e-07, 4.82708273921e-05, 7.61410046834e-06, 5.53936843062e-06, 1.43958288845e-06, 1.06399352262e-06, 1.41376779084e-06, 3.61913066627e-06, 1.30813475607e-06, 5.08161178914e-07, 1.12707027711e-07, 1.47604254153e-07, 2.94707319881e-07, 1.35927692213e-07, 2.15623387589e-07, 7.5195217164e-08, 2.17653123968e-07, 1.04057860995e-07, 1.36408687013e-07, 6.84325840439e-08, 6.5297038887e-09, 1.04134034729e-09], "dvar2": [6.10404676991e-05, 0.00439218059182, 0.00214445940219, 6.60697623971e-05, 8.92444950296e-06, 1.55297334459e-06, 0.000106611019874, 1.91677827388e-05, 1.32881050376e-05, 3.12675592795e-06, 3.0703952234e-06, 3.02382204609e-06, 7.9310966612e-06, 3.11638950734e-06, 1.28094450247e-06, 2.83321213601e-07, 3.66270654695e-07, 7.49499008634e-07, 3.08083485834e-07, 4.91466437325e-07, 1.54298277266e-07, 5.22624247878e-07, 2.15059529296e-07, 2.46588854225e-07, 1.37635126407e-07, 1.36580355914e-08, 2.12914952336e-09], "max": [0.0817237719893, 0.358178287745, 0.20194233954, 0.0422738417983, 0.0187056921422, 0.0208800043911, 0.185702174902, 0.0544112175703, 0.0518911927938, 0.0230169612914, 0.0147875044495, 0.0205437522382, 0.0421303734183, 0.0276281628758, 0.0123535878956, 0.0105286426842, 0.0066350880079, 0.00829375069588, 0.00459853000939, 0.00915925670415, 0.00344855803996, 0.00410811696202, 0.00668702973053, 0.00385464797728, 0.0036879980471, 0.000813410500996, 0.000468791287858], "mean": [0.00874451268464, 0.0619799420238, 0.00854706950486, 0.0015355910873, 0.000946959480643, 0.000506578420755, 0.00263421214186, 0.000847823685035, 0.000850506999996, 0.000628947629593, 0.000237369531533, 0.000654464587569, 0.000568167073652, 0.000445986690465, 0.000398510455852, 0.000173287204234, 0.000263555004494, 0.000249139644438, 0.000259894673945, 0.000202259252546, 0.000166115627508, 0.000265585607849, 0.000258769869106, 0.000233845290495, 0.000191946062841, 6.17016921751e-05, 2.31392423302e-05], "median": [0.0016862686025, 0.0362922288477, 0.00151579116937, 0.000276069098618, 0.000234664970776, 0.000236071296968, 0.000393260328565, 0.000203282077564, 0.000234741033637, 0.000151918182382, 4.15116919612e-05, 0.000173331063706, 7.78387548053e-05, 6.69494620524e-05, 0.000118260024465, 5.12941587658e-05, 8.87838832568e-05, 6.39791687718e-05, 8.2927675976e-05, 4.62269745185e-05, 4.41674383183e-05, 6.09274356975e-05, 7.28462036932e-05, 4.86970384372e-05, 3.79231642e-05, 1.23041372717e-05, 5.14112980454e-06], "min": [7.2997120501e-13, 2.70991941994e-13, 1.04583361285e-13, 2.80477291376e-14, 1.41084111624e-13, 4.9811385214e-14, 5.19582512052e-14, 8.40094663214e-14, 6.75148142688e-14, 2.5510732307e-13, 2.89451053187e-13, 5.4346101458e-14, 1.43371845971e-13, 1.23156611862e-13, 2.05494760206e-13, 1.24180667919e-13, 1.46673065403e-13, 1.40733968533e-13, 1.91654011454e-13, 1.65701342079e-13, 2.53403472251e-13, 2.70378500405e-13, 2.51344518115e-13, 3.56181853759e-13, 5.65323612575e-13, 7.16172889222e-13, 9.24468943238e-13], "var": [0.000207095057704, 0.00467495247722, 0.000516679778229, 1.56084588525e-05, 3.20375852425e-06, 1.01045691281e-06, 7.14690831956e-05, 7.21098558643e-06, 6.57770033285e-06, 2.60025854004e-06, 6.53864390188e-07, 2.67371751761e-06, 5.10505878992e-06, 1.70763644292e-06, 6.72798080359e-07, 1.63465799119e-07, 2.14499578988e-07, 3.27788939103e-07, 1.9700297571e-07, 2.63945338475e-07, 1.08525313181e-07, 2.56463522419e-07, 2.07318919365e-07, 2.72245529231e-07, 1.31516628699e-07, 1.18015348605e-08, 2.09113260041e-09]}, "erbbands": {"dmean": [1.49180519581, 6.74799537659, 13.9386043549, 8.5998468399, 4.14126205444, 2.81403255463, 2.38868570328, 3.83339357376, 21.661157608, 27.0077209473, 15.4831066132, 17.2055892944, 13.5348176956, 14.3309965134, 16.0947933197, 17.6888408661, 22.2839870453, 22.2025680542, 21.3665466309, 9.96157550812, 8.90000724792, 9.40913581848, 9.38723754883, 10.4799995422, 10.0661745071, 8.50753116608, 5.57917976379, 5.56627893448, 7.50216150284, 6.64929485321, 5.01872062683, 2.92187690735, 3.07744526863, 1.97857642174, 0.644987404346, 0.229729220271, 0.0674082040787, 0.0194568410516, 0.00228007650003, 0.000194228399778], "dmean2": [2.2136862278, 9.87566947937, 24.1530818939, 15.3030824661, 7.46432256699, 4.62393426895, 4.02484798431, 6.19319581985, 35.1358947754, 43.1580734253, 25.2740459442, 26.9761142731, 21.2558403015, 23.1836719513, 27.3907146454, 28.9030151367, 33.8118667603, 35.2785415649, 36.3840332031, 16.1799812317, 14.7178602219, 15.3415155411, 14.6392030716, 16.7460422516, 16.1926517487, 13.2293157578, 8.80083179474, 8.36670970917, 11.8677978516, 9.8531332016, 7.29496240616, 3.72550153732, 4.33566904068, 2.96316957474, 0.837197840214, 0.320601850748, 0.0971271321177, 0.0287695359439, 0.00338062574156, 0.000290436553769], "dvar": [4.28757953644, 109.1978302, 1150.99328613, 426.227722168, 100.403495789, 30.8644676208, 22.7483444214, 79.6626281738, 8765.56640625, 9670.29589844, 2253.5949707, 4093.51025391, 1072.44848633, 1036.10205078, 2667.9387207, 1812.00463867, 7889.12988281, 3954.15234375, 2361.06958008, 990.52746582, 406.847442627, 366.837768555, 385.037658691, 805.981750488, 373.110107422, 525.873718262, 131.488708496, 161.728027344, 259.100067139, 158.315872192, 100.823448181, 41.6224517822, 45.9388008118, 18.1978759766, 1.47539126873, 0.180254966021, 0.0156230414286, 0.00153371156193, 1.92023999261e-05, 1.18247378111e-07], "dvar2": [10.5412378311, 205.920181274, 3064.21923828, 1184.08508301, 289.750396729, 77.6031265259, 57.9074821472, 181.114303589, 21055.9199219, 20965.5878906, 5457.91943359, 9732.08984375, 2228.75341797, 2278.48120117, 7329.38183594, 3937.50488281, 16975.4257812, 8934.74511719, 6179.21923828, 2395.23730469, 1004.78765869, 908.373474121, 879.296875, 1928.06420898, 870.746643066, 1182.72924805, 286.676055908, 327.020385742, 622.292724609, 372.494567871, 221.691177368, 69.4699249268, 89.7881774902, 40.0835342407, 2.47020697594, 0.365399062634, 0.0337640158832, 0.00334076117724, 3.79439807148e-05, 2.57057024555e-07], "max": [15.130777359, 79.5984115601, 228.605667114, 152.591491699, 84.3925094604, 109.176864624, 92.5478744507, 264.535858154, 2757.69238281, 2567.21533203, 845.606140137, 1464.7220459, 650.878479004, 689.599243164, 695.80255127, 1006.39562988, 2006.1953125, 1691.65441895, 823.223571777, 1085.60107422, 706.450012207, 274.971130371, 331.875976562, 304.805145264, 320.136688232, 547.046630859, 276.148864746, 173.825149536, 116.900062561, 161.988220215, 237.459945679, 109.913948059, 72.45337677, 52.0494308472, 14.4545049667, 4.51839876175, 1.57362139225, 0.503059446812, 0.0715362355113, 0.00620045233518], "mean": [2.75025343895, 9.93114852905, 11.8994474411, 7.23861551285, 3.59274554253, 3.19564580917, 2.72007703781, 5.50958776474, 29.1631832123, 35.4316635132, 18.6533222198, 20.3059577942, 17.8256931305, 17.6957969666, 17.8022098541, 24.0434513092, 26.9891490936, 25.2325725555, 25.0997047424, 12.1788339615, 12.0702791214, 13.1034698486, 13.5185232162, 11.7672700882, 14.5536108017, 10.1065702438, 6.91477489471, 7.09654998779, 8.87914943695, 8.64280414581, 7.38820648193, 4.4489979744, 4.19926786423, 2.73571753502, 1.01140630245, 0.337543427944, 0.0957567468286, 0.0253177639097, 0.0035027358681, 0.000337953009875], "median": [1.31141090393, 5.14866161346, 2.98268127441, 1.5910255909, 0.85971570015, 0.717083096504, 0.859112739563, 2.710272789, 4.87886047363, 5.59850549698, 4.92569065094, 4.72943639755, 5.43985939026, 5.02793598175, 4.37430953979, 6.26740837097, 3.99758458138, 4.49182987213, 6.73809242249, 3.69376134872, 3.71845149994, 4.88035202026, 4.44526100159, 3.09426212311, 4.62775230408, 2.47707080841, 1.87424397469, 1.81690955162, 2.03357410431, 2.07939481735, 2.07729578018, 0.972537279129, 0.878205895424, 0.519825994968, 0.212258696556, 0.0717605054379, 0.0187641326338, 0.00476203719154, 0.000893418851774, 0.000186145727639], "min": [9.92985815101e-12, 6.06332969944e-11, 1.04371587761e-10, 2.06672415293e-10, 4.15651457697e-10, 5.11346742726e-10, 4.46457454339e-10, 2.67197153292e-10, 5.75630210164e-10, 1.05609310186e-09, 2.29177277156e-09, 1.57310164894e-09, 5.1694764025e-09, 1.05319442056e-08, 9.68845270677e-09, 2.61828136949e-09, 6.98073909788e-09, 4.9171764438e-09, 1.31658222102e-08, 7.12833037042e-09, 7.09682890232e-09, 8.88553230993e-09, 6.84858125766e-09, 9.20627041268e-09, 8.86267059741e-09, 8.03637156821e-09, 8.05080713207e-09, 1.02653388012e-08, 9.44258804481e-09, 9.8787857894e-09, 6.79713219043e-09, 8.38277269821e-09, 5.37864552896e-09, 5.72262370824e-09, 3.83039422402e-09, 2.89702084544e-09, 1.32648347861e-09, 4.39915465167e-10, 1.21392784713e-10, 1.36472699461e-11], "var": [10.7949066162, 178.479904175, 836.873046875, 291.767547607, 67.9637756348, 40.0555915833, 30.2361412048, 117.24584198, 10559.0595703, 15097.1162109, 2570.20800781, 4812.54199219, 2015.76306152, 1800.02636719, 2202.89672852, 3616.48095703, 11323.9433594, 6078.98339844, 2714.83569336, 1281.4453125, 653.799072266, 497.892120361, 640.401916504, 790.393798828, 619.27142334, 658.851318359, 175.271331787, 235.764282227, 300.610809326, 226.828186035, 180.492889404, 92.4820327759, 84.1333618164, 29.3751296997, 3.44876599312, 0.337568640709, 0.0290407966822, 0.00240695592947, 4.44742945547e-05, 2.49858942425e-07]}, "gfcc": {"mean": [-4.98712825775, 74.5172653198, -87.0739822388, 34.4820289612, -41.0871315002, 26.2258319855, -17.6260890961, 19.4968395233, -5.29365968704, 8.47247695923, -3.62038660049, 1.29384326935, -10.7662734985], "cov": [[8372.53613281, -1227.7869873, 437.212402344, 629.515869141, -210.165817261, 493.398864746, -204.863845825, 209.846847534, 9.51135730743, 235.595855713, -164.447875977, 114.684043884, -368.32510376], [-1227.7869873, 2529.70678711, -196.836151123, -154.55480957, 591.070617676, -56.0352630615, 487.45614624, -25.4575538635, 294.16418457, -30.5535526276, 325.271240234, -121.594955444, 75.9258804321], [437.212402344, -196.836151123, 1118.36804199, 359.509185791, 153.031570435, 226.661560059, 126.607528687, 120.705543518, 83.5000686646, 101.773971558, -33.0722923279, 105.151199341, 28.7031288147], [629.515869141, -154.55480957, 359.509185791, 628.411743164, 205.528564453, 81.7942352295, 89.3249359131, 54.5808982849, 57.689239502, 33.5155220032, -16.5030784607, 31.4335727692, 56.8453292847], [-210.165817261, 591.070617676, 153.031570435, 205.528564453, 474.887481689, 88.0839004517, 234.139663696, 39.7356567383, 140.804016113, 29.8462142944, 79.6429290771, 15.293680191, 62.1271018982], [493.398864746, -56.0352630615, 226.661560059, 81.7942352295, 88.0839004517, 334.273834229, 160.211639404, 100.907646179, 74.8600540161, 80.9593582153, 54.0497207642, 49.4263343811, -18.3114967346], [-204.863845825, 487.45614624, 126.607528687, 89.3249359131, 234.139663696, 160.211639404, 391.540100098, 99.0516815186, 139.679672241, 64.0517120361, 125.112991333, 32.7265739441, 33.0228500366], [209.846847534, -25.4575538635, 120.705543518, 54.5808982849, 39.7356567383, 100.907646179, 99.0516815186, 167.209335327, 99.6146469116, 61.7528343201, 48.8922424316, 38.4594955444, 2.63685083389], [9.51135730743, 294.16418457, 83.5000686646, 57.689239502, 140.804016113, 74.8600540161, 139.679672241, 99.6146469116, 217.735809326, 104.159172058, 104.830657959, 38.3004684448, 15.6653137207], [235.595855713, -30.5535526276, 101.773971558, 33.5155220032, 29.8462142944, 80.9593582153, 64.0517120361, 61.7528343201, 104.159172058, 132.101470947, 73.4619750977, 49.3975601196, -14.8482141495], [-164.447875977, 325.271240234, -33.0722923279, -16.5030784607, 79.6429290771, 54.0497207642, 125.112991333, 48.8922424316, 104.830657959, 73.4619750977, 179.752593994, 32.5035667419, 1.10525774956], [114.684043884, -121.594955444, 105.151199341, 31.4335727692, 15.293680191, 49.4263343811, 32.7265739441, 38.4594955444, 38.3004684448, 49.3975601196, 32.5035667419, 101.322090149, 15.3563928604], [-368.32510376, 75.9258804321, 28.7031288147, 56.8453292847, 62.1271018982, -18.3114967346, 33.0228500366, 2.63685083389, 15.6653137207, -14.8482141495, 1.10525774956, 15.3563928604, 106.384567261]], "icov": [[0.000217072782107, -0.000126998536871, 0.000109629618237, -0.000358763092663, 0.000137458162499, -0.00032695903792, 0.000255119637586, -0.000253183854511, 0.000174442393472, -0.000424016034231, 0.000479244132293, -0.000376170879463, 0.000759295537136], [-0.000126998536871, 0.00159459700808, -0.000328761176206, 0.000973634945694, -0.00122098985594, 0.000837833038531, -0.00116405624431, 0.00129065965302, -0.00188955524936, 0.002292544581, -0.00245813187212, 0.00222210050561, -0.000519701861776], [0.000109629618237, -0.000328761176206, 0.00151180662215, -0.00085558911087, 9.57844531513e-05, -0.000797319458798, 0.000205793083296, -0.000655931362417, 0.000540193694178, -0.00129308749456, 0.00159217813052, -0.00140251137782, 0.000348562636646], [-0.000358763092663, 0.000973634945694, -0.00085558911087, 0.00325873191468, -0.00170942849945, 0.000866763934027, -0.00077266729204, 0.000598111306317, -0.000904736516532, 0.00121691392269, -0.00135912874248, 0.00179970392492, -0.0020175089594], [0.000137458162499, -0.00122098985594, 9.57844531513e-05, -0.00170942849945, 0.00504821771756, -0.000967428088188, -0.000762405863497, 0.00050408457173, -0.00101577630267, -0.000156337497174, 0.00155749137048, -0.00141301262192, -0.000340015161783], [-0.00032695903792, 0.000837833038531, -0.000797319458798, 0.000866763934027, -0.000967428088188, 0.00568351056427, -0.00233133020811, -0.000750372360926, 0.000100260898762, -0.00016236587544, -0.00148031290155, 0.000836629944388, 0.00016471921117], [0.000255119637586, -0.00116405624431, 0.000205793083296, -0.00077266729204, -0.000762405863497, -0.00233133020811, 0.0062718228437, -0.00225125369616, 0.000844624184538, -0.00112286303192, -0.000206111944863, -0.0013044863008, 0.000133660898427], [-0.000253183854511, 0.00129065965302, -0.000655931362417, 0.000598111306317, 0.00050408457173, -0.000750372360926, -0.00225125369616, 0.0113828117028, -0.00581355579197, 0.00249900971539, -0.0019208752783, 0.00074837426655, -0.000830411561765], [0.000174442393472, -0.00188955524936, 0.000540193694178, -0.000904736516532, -0.00101577630267, 0.000100260898762, 0.000844624184538, -0.00581355579197, 0.0145299229771, -0.00985070224851, 0.000851597113069, -0.0015923702158, -0.000510845740791], [-0.000424016034231, 0.002292544581, -0.00129308749456, 0.00121691392269, -0.000156337497174, -0.00016236587544, -0.00112286303192, 0.00249900971539, -0.00985070224851, 0.0213857665658, -0.00728610623628, -0.000892826647032, 0.001584339072], [0.000479244132293, -0.00245813187212, 0.00159217813052, -0.00135912874248, 0.00155749137048, -0.00148031290155, -0.000206111944863, -0.0019208752783, 0.000851597113069, -0.00728610623628, 0.01444045268, -0.005162358284, 0.00211030594073], [-0.000376170879463, 0.00222210050561, -0.00140251137782, 0.00179970392492, -0.00141301262192, 0.000836629944388, -0.0013044863008, 0.00074837426655, -0.0015923702158, -0.000892826647032, -0.005162358284, 0.0171663593501, -0.00443038996309], [0.000759295537136, -0.000519701861776, 0.000348562636646, -0.0020175089594, -0.000340015161783, 0.00016471921117, 0.000133660898427, -0.000830411561765, -0.000510845740791, 0.001584339072, 0.00211030594073, -0.00443038996309, 0.0145035441965]]}, "melbands": {"dmean": [0.0108436439186, 0.00745914969593, 0.00139394041616, 0.000230551799177, 8.90793817234e-05, 8.37840634631e-05, 0.000352225877577, 0.00026737243752, 0.000123985446407, 0.000103646765638, 6.80342054693e-05, 6.07990368735e-05, 4.6446442866e-05, 6.03029839112e-05, 4.73187683383e-05, 4.29032807006e-05, 4.25881189585e-05, 3.71772948711e-05, 1.73472071765e-05, 1.07098740045e-05, 1.11936515168e-05, 1.03608035715e-05, 9.44583553064e-06, 1.07696751002e-05, 8.4390376287e-06, 8.37261177367e-06, 6.33449417364e-06, 5.6372182371e-06, 3.40213614436e-06, 3.3087369502e-06, 3.5854016005e-06, 4.17820047005e-06, 4.77013054478e-06, 3.30840407514e-06, 3.11061421598e-06, 1.9979447643e-06, 1.85139560926e-06, 2.35424477069e-06, 2.06358936339e-06, 1.55223506226e-06], "dmean2": [0.0154890725389, 0.0115279024467, 0.00246746558696, 0.000403506390285, 0.000147374143125, 0.000136422473588, 0.00057084945729, 0.000429238862125, 0.000200228358153, 0.000163660239195, 0.00010723444575, 9.82367855613e-05, 8.05956151453e-05, 9.89224645309e-05, 7.52005362301e-05, 6.62274105707e-05, 6.82166501065e-05, 6.44331885269e-05, 2.85222158709e-05, 1.73628977791e-05, 1.87122495845e-05, 1.71432711795e-05, 1.51356734932e-05, 1.76517569344e-05, 1.34116771733e-05, 1.36950993692e-05, 1.00005418062e-05, 8.80302013684e-06, 5.43262058272e-06, 5.23487142345e-06, 5.43885789739e-06, 6.59375427858e-06, 7.63237676438e-06, 4.72376905236e-06, 4.56013276562e-06, 2.69720044344e-06, 2.482656555e-06, 3.39326516041e-06, 3.18507250086e-06, 2.22281187234e-06], "dvar": [0.000203141069505, 0.000220889720367, 1.13227779366e-05, 2.43490489993e-07, 2.98673477062e-08, 4.09326261774e-08, 2.02330579668e-06, 8.82799554347e-07, 1.28532818167e-07, 1.37331497285e-07, 2.8165169752e-08, 2.01039647152e-08, 2.68631055178e-08, 2.34286989809e-08, 3.03897209619e-08, 2.46659634939e-08, 1.5864186409e-08, 7.90192000721e-09, 1.5916177265e-09, 1.02424690951e-09, 7.26793125683e-10, 5.04696340276e-10, 3.51042667157e-10, 7.7790746067e-10, 5.48770917597e-10, 2.51592052747e-10, 3.2380684245e-10, 2.22664220395e-10, 6.03983391079e-11, 4.83723616718e-11, 7.44314124224e-11, 7.93462309745e-11, 1.15807037571e-10, 3.57784704641e-11, 3.75793701712e-11, 1.75362207394e-11, 1.95724721153e-11, 3.03227234988e-11, 1.88592596401e-11, 1.0915117768e-11], "dvar2": [0.000488650868647, 0.000537077547051, 3.13391101372e-05, 6.82355164372e-07, 7.44158512589e-08, 9.41003150956e-08, 4.70621580462e-06, 1.94425069822e-06, 3.07997055415e-07, 3.3115873066e-07, 5.86659290036e-08, 4.39495480009e-08, 7.66332703961e-08, 5.01506072226e-08, 6.3747393142e-08, 5.85832147237e-08, 3.58467602268e-08, 2.09744062118e-08, 3.94934618342e-09, 2.48120368695e-09, 1.84191084607e-09, 1.25283583507e-09, 8.52335091395e-10, 2.05330574765e-09, 1.29484345468e-09, 6.31078189706e-10, 7.20871140558e-10, 5.10203546078e-10, 1.41867823045e-10, 1.08781733621e-10, 1.51884782529e-10, 1.79174633463e-10, 3.08118419667e-10, 7.57756218883e-11, 8.367993104e-11, 3.33870951719e-11, 3.32059969799e-11, 5.88167986537e-11, 4.38359383514e-11, 2.28432862903e-11], "max": [0.109957993031, 0.102259024978, 0.0252383220941, 0.00464449357241, 0.00307520874776, 0.00514867436141, 0.0421122089028, 0.0235266145319, 0.00597246736288, 0.00807079020888, 0.00329617667012, 0.00309626501985, 0.00232333736494, 0.0027676911559, 0.00417973240837, 0.00399625953287, 0.00353730795905, 0.00147842848673, 0.000905138906091, 0.00106814340688, 0.000925651984289, 0.000330771756126, 0.000324789172737, 0.000370278197806, 0.000242668043938, 0.000194369538804, 0.000357501907274, 0.000353147072019, 0.000279611558653, 8.17871696199e-05, 0.000129418534925, 7.63567004469e-05, 0.000101603240182, 8.47086848808e-05, 0.000142203847645, 0.000115734474093, 4.60808223579e-05, 6.16393590462e-05, 5.82298162044e-05, 4.3033665861e-05], "mean": [0.0205272957683, 0.00857268460095, 0.00118630053475, 0.000231965706917, 0.000101720899693, 0.00011400328367, 0.000483385374537, 0.000340587546816, 0.000144014062244, 0.000122390119941, 8.79653598531e-05, 7.40089599276e-05, 4.63503674837e-05, 7.80384580139e-05, 5.92299438722e-05, 5.08165830979e-05, 4.60954106529e-05, 4.05935061281e-05, 2.14369101741e-05, 1.24181315186e-05, 1.48724166138e-05, 1.35265891004e-05, 1.34569900183e-05, 1.21344564832e-05, 8.55206235428e-06, 1.17850077004e-05, 8.14495342638e-06, 6.28725638308e-06, 4.13573434344e-06, 3.80814071832e-06, 4.52443464383e-06, 4.86562430524e-06, 5.41782083019e-06, 4.53148959423e-06, 4.68527196062e-06, 2.9543753044e-06, 2.71011413133e-06, 3.14466274176e-06, 2.69602810476e-06, 2.18472132474e-06], "median": [0.0114861298352, 0.00356388976797, 0.000258400978055, 5.59322252229e-05, 2.80911044683e-05, 5.4422289395e-05, 7.93401122792e-05, 6.16422184976e-05, 3.53048235411e-05, 3.14381359203e-05, 2.68261137535e-05, 1.96758410311e-05, 9.91572414932e-06, 2.15547224798e-05, 9.42058613873e-06, 7.96667700342e-06, 6.54829182167e-06, 9.92189234239e-06, 6.91469722369e-06, 2.89194713332e-06, 4.10739767176e-06, 4.48690298072e-06, 4.07189827456e-06, 2.93114453598e-06, 1.57914837473e-06, 3.68613518731e-06, 2.23100914809e-06, 1.31151011828e-06, 1.09563927708e-06, 7.6886306033e-07, 9.73882151811e-07, 1.0504581951e-06, 1.22645496958e-06, 9.75752755039e-07, 1.36586572808e-06, 6.20913738203e-07, 5.02758723542e-07, 5.68085624764e-07, 5.36657125849e-07, 3.74999331143e-07], "min": [1.17608654478e-13, 6.51357494417e-14, 4.19244141085e-14, 3.53746301999e-14, 1.56931115509e-14, 7.43983681221e-15, 8.58272905058e-15, 1.1061296532e-14, 2.00940389409e-14, 8.58747582321e-15, 2.66546496246e-14, 4.1955432455e-14, 3.520310264e-14, 1.05070532285e-14, 8.03625981543e-15, 1.48856197957e-14, 7.42731681822e-15, 2.24517432911e-14, 1.10449682779e-14, 8.74590994787e-15, 8.36954610435e-15, 9.13250171422e-15, 7.83363767598e-15, 5.87318246066e-15, 7.33388908413e-15, 8.59971968447e-15, 5.03684965711e-15, 5.29208651862e-15, 4.17957396394e-15, 6.71132325603e-15, 5.70435651229e-15, 5.37672967401e-15, 5.08527537774e-15, 5.66289721414e-15, 3.78548129732e-15, 3.29137818007e-15, 6.34039694052e-15, 3.91141053262e-15, 3.89406287435e-15, 4.85697839911e-15], "var": [0.000520140107255, 0.000227886121138, 7.80533446232e-06, 2.10317722349e-07, 4.01864888033e-08, 5.70665115163e-08, 2.63054107563e-06, 1.31127626446e-06, 1.53733395791e-07, 1.57904921139e-07, 5.18500371527e-08, 3.51107551921e-08, 1.81437478375e-08, 3.95825772159e-08, 4.64576750403e-08, 3.33211751524e-08, 2.31947829832e-08, 8.21120060834e-09, 2.11423722973e-09, 1.33872424257e-09, 1.12380726947e-09, 6.45891784501e-10, 5.80658354732e-10, 8.28170698686e-10, 5.28198262906e-10, 4.10817768692e-10, 4.21192303257e-10, 2.67398242437e-10, 7.23752863196e-11, 5.9647842221e-11, 1.10426875977e-10, 9.75993938446e-11, 1.11212823672e-10, 6.20945378449e-11, 6.90891233113e-11, 3.77448836075e-11, 3.97777921712e-11, 5.36243723037e-11, 2.91214032055e-11, 1.90915928899e-11]}, "mfcc": {"mean": [-658.634887695, 111.586532593, 18.7976875305, 21.8509254456, 11.4514284134, 13.2786903381, 9.07663345337, 15.7437610626, 7.73990488052, 13.3318681717, 13.5726299286, 7.87054920197, 9.4684047699], "cov": [[6674.06445312, -1130.63647461, 204.711288452, -9.60689640045, 95.6295318604, 128.641830444, -69.1756439209, 71.5620727539, -72.9522781372, 68.9489364624, 115.578636169, -48.0863075256, 44.3657798767], [-1130.63647461, 2373.03100586, -384.089691162, 92.2845993042, 54.6928710938, 145.139144897, 206.389724731, 162.325653076, 24.8337783813, 187.344573975, 192.907775879, 175.910736084, 68.025932312], [204.711288452, -384.089691162, 855.214599609, 158.228500366, 134.231033325, 120.456466675, 54.9499702454, 67.3917770386, 117.50390625, 6.06549406052, 32.2836303711, 30.5151691437, 66.7286682129], [-9.60689640045, 92.2845993042, 158.228500366, 559.234863281, 193.609405518, 129.576065063, 77.7333297729, 58.4747314453, 122.656196594, 32.7574653625, -20.4895572662, 40.3453788757, 22.4361534119], [95.6295318604, 54.6928710938, 134.231033325, 193.609405518, 267.1328125, 103.30015564, 33.3821296692, 46.393573761, 70.4672393799, 38.8500061035, 9.32529258728, 21.7207241058, 13.2277507782], [128.641830444, 145.139144897, 120.456466675, 129.576065063, 103.30015564, 268.798370361, 139.573028564, 106.832489014, 73.7381362915, 68.0858764648, 80.0443649292, 50.5945587158, 55.3623199463], [-69.1756439209, 206.389724731, 54.9499702454, 77.7333297729, 33.3821296692, 139.573028564, 223.4584198, 121.78894043, 57.8126602173, 59.6723365784, 65.7500152588, 50.7073669434, 25.1042041779], [71.5620727539, 162.325653076, 67.3917770386, 58.4747314453, 46.393573761, 106.832489014, 121.78894043, 182.075561523, 74.5209579468, 79.2999572754, 88.6529998779, 62.5250854492, 62.4434509277], [-72.9522781372, 24.8337783813, 117.50390625, 122.656196594, 70.4672393799, 73.7381362915, 57.8126602173, 74.5209579468, 164.584472656, 46.2665367126, 8.40438556671, 25.6888465881, 21.6918239594], [68.9489364624, 187.344573975, 6.06549406052, 32.7574653625, 38.8500061035, 68.0858764648, 59.6723365784, 79.2999572754, 46.2665367126, 152.586959839, 104.616874695, 48.1582870483, 45.3743934631], [115.578636169, 192.907775879, 32.2836303711, -20.4895572662, 9.32529258728, 80.0443649292, 65.7500152588, 88.6529998779, 8.40438556671, 104.616874695, 189.942932129, 84.7618789673, 83.098197937], [-48.0863075256, 175.910736084, 30.5151691437, 40.3453788757, 21.7207241058, 50.5945587158, 50.7073669434, 62.5250854492, 25.6888465881, 48.1582870483, 84.7618789673, 126.854362488, 80.7770690918], [44.3657798767, 68.025932312, 66.7286682129, 22.4361534119, 13.2277507782, 55.3623199463, 25.1042041779, 62.4434509277, 21.6918239594, 45.3743934631, 83.098197937, 80.7770690918, 136.105484009]], "icov": [[0.000180540184374, 0.000108562031528, 1.416523628e-05, -1.97136087081e-05, -5.61201231903e-05, -0.0001343562908, 0.000142439515912, -0.000181972689461, 0.000203761897865, -0.000105239676486, -0.000132628309075, 8.1119047536e-05, 3.59563418897e-05], [0.000108562031528, 0.00065330817597, 0.000330887152813, -7.72277271608e-05, -0.000139465439133, -0.000114643917186, -0.000223895112867, -0.000161245901836, 0.00021169349202, -0.000384607643355, -0.000232351390878, -0.000577792408876, 0.000243308386416], [1.416523628e-05, 0.000330887152813, 0.00163397972938, -0.00011278178863, -0.000538039719686, -0.000228351913393, -0.000215068066609, 4.95788590342e-05, -0.000824502436444, 0.000613688782323, -0.000554186757654, 0.000117038733151, -0.000594691664446], [-1.97136087081e-05, -7.72277271608e-05, -0.00011278178863, 0.00281830993481, -0.00145945954137, -0.000468981743325, -0.000434727728134, 0.000405594269978, -0.00108713458758, -0.000152458800585, 0.00120023870841, -0.000757485104259, -0.000196705310373], [-5.61201231903e-05, -0.000139465439133, -0.000538039719686, -0.00145945954137, 0.00588835543022, -0.00166995602194, 0.00136371213011, -0.000534930964932, -0.000367814704077, -0.000928768713493, 0.000612437783275, -0.000446717254817, 0.00095270446036], [-0.0001343562908, -0.000114643917186, -0.000228351913393, -0.000468981743325, -0.00166995602194, 0.00741275120527, -0.00357859535143, -1.4654887309e-05, -0.000838494976051, 0.000244866416324, -0.00154065480456, 0.00122272339649, -0.00162880762946], [0.000142439515912, -0.000223895112867, -0.000215068066609, -0.000434727728134, 0.00136371213011, -0.00357859535143, 0.00957824382931, -0.00481829512864, 0.000308938004309, -0.000139940675581, -1.84639011422e-05, -0.00158793455921, 0.00296067912132], [-0.000181972689461, -0.000161245901836, 4.95788590342e-05, 0.000405594269978, -0.000534930964932, -1.4654887309e-05, -0.00481829512864, 0.0127393342555, -0.00341577781364, -0.00124953198247, -0.00187243486289, -0.000123342862935, -0.00267187529244], [0.000203761897865, 0.00021169349202, -0.000824502436444, -0.00108713458758, -0.000367814704077, -0.000838494976051, 0.000308938004309, -0.00341577781364, 0.0102614518255, -0.00291149574332, 0.00292081851512, -0.000873831741046, 0.000368689303286], [-0.000105239676486, -0.000384607643355, 0.000613688782323, -0.000152458800585, -0.000928768713493, 0.000244866416324, -0.000139940675581, -0.00124953198247, -0.00291149574332, 0.0129715548828, -0.00666685635224, 0.00123681256082, 1.65056735568e-05], [-0.000132628309075, -0.000232351390878, -0.000554186757654, 0.00120023870841, 0.000612437783275, -0.00154065480456, -1.84639011422e-05, -0.00187243486289, 0.00292081851512, -0.00666685635224, 0.0138405542821, -0.00424693431705, -0.00250984868035], [8.1119047536e-05, -0.000577792408876, 0.000117038733151, -0.000757485104259, -0.000446717254817, 0.00122272339649, -0.00158793455921, -0.000123342862935, -0.000873831741046, 0.00123681256082, -0.00424693431705, 0.0162945315242, -0.007125380449], [3.59563418897e-05, 0.000243308386416, -0.000594691664446, -0.000196705310373, 0.00095270446036, -0.00162880762946, 0.00296067912132, -0.00267187529244, 0.000368689303286, 1.65056735568e-05, -0.00250984868035, -0.007125380449, 0.0144845200703]]}, "spectral_contrast_coeffs": {"dmean": [0.06189179793, 0.0500533170998, 0.0448490604758, 0.038470223546, 0.0281779766083, 0.0220852009952], "dmean2": [0.0972958356142, 0.0823185220361, 0.0722295418382, 0.0615138337016, 0.044621553272, 0.0342036038637], "dvar": [0.00256279646419, 0.00180610641837, 0.00133634812664, 0.00118919927627, 0.000717226008419, 0.000489755766466], "dvar2": [0.00635839160532, 0.0044376719743, 0.00334169715643, 0.00281691481359, 0.00166203163099, 0.00108969875146], "max": [-0.238140583038, -0.37178722024, -0.562564969063, -0.508946597576, -0.584734320641, -0.593268990517], "mean": [-0.682442605495, -0.741597831249, -0.76895403862, -0.782314479351, -0.785748004913, -0.779400289059], "median": [-0.689769923687, -0.75260335207, -0.773859024048, -0.790783762932, -0.795224905014, -0.788620889187], "min": [-0.940949261189, -0.961767792702, -0.974943518639, -0.968167126179, -0.950222373009, -0.912649869919], "var": [0.00696127535775, 0.00592287024483, 0.00370574789122, 0.00364691601135, 0.00267689395696, 0.00196496816352]}, "spectral_contrast_valleys": {"dmean": [0.493720382452, 0.470395177603, 0.48650676012, 0.486540526152, 0.442850261927, 0.48472443223], "dmean2": [0.773599743843, 0.753579258919, 0.758004248142, 0.760215222836, 0.638253033161, 0.607264339924], "dvar": [0.290190607309, 0.226254478097, 0.278656452894, 0.33561950922, 0.283013641834, 0.395954668522], "dvar2": [0.583791136742, 0.545596718788, 0.63732022047, 0.752268016338, 0.535111188889, 0.691912174225], "max": [-5.07249832153, -4.50487136841, -5.217856884, -5.64859342575, -5.644698143