{"lowlevel": {"average_loudness": 0.947416126728, "barkbands_crest": {"dmean": 3.13856005669, "dmean2": 5.00112056732, "dvar": 8.44436073303, "dvar2": 18.300573349, "max": 26.244386673, "mean": 11.3832616806, "median": 9.90687179565, "min": 2.01690769196, "var": 29.7466163635}, "barkbands_flatness_db": {"dmean": 0.0294996872544, "dmean2": 0.0442952997983, "dvar": 0.00105871690903, "dvar2": 0.00227913982235, "max": 0.497412651777, "mean": 0.131068006158, "median": 0.115438371897, "min": 0.0198649801314, "var": 0.00451795198023}, "barkbands_kurtosis": {"dmean": 8.13517379761, "dmean2": 12.9272003174, "dvar": 1461.67382812, "dvar2": 3684.26855469, "max": 1162.37316895, "mean": 10.0889444351, "median": 1.73575019836, "min": -1.8860077858, "var": 2096.86987305}, "barkbands_skewness": {"dmean": 0.875027060509, "dmean2": 1.31750524044, "dvar": 1.58659648895, "dvar2": 3.52389860153, "max": 27.4716300964, "mean": 1.90253150463, "median": 1.46719157696, "min": -3.00560665131, "var": 4.82623004913}, "barkbands_spread": {"dmean": 9.29249286652, "dmean2": 14.478272438, "dvar": 115.08052063, "dvar2": 253.511367798, "max": 111.560539246, "mean": 27.7713088989, "median": 24.6999874115, "min": 0.124678842723, "var": 319.819702148}, "dissonance": {"dmean": 0.01813005656, "dmean2": 0.03026339598, "dvar": 0.000330672075506, "dvar2": 0.000866534479428, "max": 0.499999940395, "mean": 0.464271217585, "median": 0.470486998558, "min": 0.259600132704, "var": 0.000731797190383}, "dynamic_complexity": 2.73276281357, "erbbands_crest": {"dmean": 3.17324256897, "dmean2": 5.14090490341, "dvar": 9.00970840454, "dvar2": 22.4171257019, "max": 31.5000648499, "mean": 9.37517261505, "median": 8.40650558472, "min": 2.25779557228, "var": 22.2711925507}, "erbbands_flatness_db": {"dmean": 0.0211065728217, "dmean2": 0.0313939526677, "dvar": 0.000428078055847, "dvar2": 0.000910106580704, "max": 0.297234147787, "mean": 0.133276924491, "median": 0.130953580141, "min": 0.0317277237773, "var": 0.00179660168942}, "erbbands_kurtosis": {"dmean": 1.12341678143, "dmean2": 1.76099860668, "dvar": 4.01105260849, "dvar2": 9.39326000214, "max": 54.3365974426, "mean": 0.564764201641, "median": -0.127251386642, "min": -1.95235753059, "var": 6.59565877914}, "erbbands_skewness": {"dmean": 0.45232078433, "dmean2": 0.687287032604, "dvar": 0.19202375412, "dvar2": 0.410952180624, "max": 6.67878866196, "mean": 0.0626922920346, "median": 0.0228358060122, "min": -3.37489962578, "var": 0.698356807232}, "erbbands_spread": {"dmean": 13.3655023575, "dmean2": 19.6504993439, "dvar": 217.111114502, "dvar2": 424.628479004, "max": 236.235183716, "mean": 48.5390396118, "median": 41.9781417847, "min": 3.64814734459, "var": 862.851196289}, "hfc": {"dmean": 10.1839923859, "dmean2": 15.6125860214, "dvar": 147.027160645, "dvar2": 353.395324707, "max": 125.736198425, "mean": 27.5664653778, "median": 23.6231689453, "min": 1.13556016236e-16, "var": 379.41696167}, "melbands_crest": {"dmean": 3.78235840797, "dmean2": 6.18587398529, "dvar": 12.6115608215, "dvar2": 29.6150379181, "max": 34.8798217773, "mean": 15.9688062668, "median": 15.3347406387, "min": 1.63815319538, "var": 39.4596176147}, "melbands_flatness_db": {"dmean": 0.0373723916709, "dmean2": 0.0554280951619, "dvar": 0.00175850978121, "dvar2": 0.00386280170642, "max": 0.619870066643, "mean": 0.202066302299, "median": 0.189281702042, "min": 0.00364386406727, "var": 0.00768204405904}, "melbands_kurtosis": {"dmean": 19.3648147583, "dmean2": 29.9133834839, "dvar": 2669.17724609, "dvar2": 6270.95410156, "max": 1267.3026123, "mean": 31.1989593506, "median": 9.72149848938, "min": -1.78294599056, "var": 5395.60107422}, "melbands_skewness": {"dmean": 1.26719462872, "dmean2": 1.87100803852, "dvar": 2.78876638412, "dvar2": 5.9220995903, "max": 28.2523117065, "mean": 3.60714125633, "median": 2.87167549133, "min": -1.56530785561, "var": 9.84882164001}, "melbands_spread": {"dmean": 10.5614585876, "dmean2": 16.5149803162, "dvar": 195.069839478, "dvar2": 424.213104248, "max": 241.286392212, "mean": 26.5469074249, "median": 20.7774219513, "min": 0.263618648052, "var": 529.883483887}, "pitch_salience": {"dmean": 0.0851501375437, "dmean2": 0.134230852127, "dvar": 0.00706666987389, "dvar2": 0.0163202304393, "max": 0.895054936409, "mean": 0.48798251152, "median": 0.505246639252, "min": 0.0559103414416, "var": 0.0261038001627}, "silence_rate_20dB": {"dmean": 0, "dmean2": 0, "dvar": 0, "dvar2": 0, "max": 1, "mean": 1, "median": 1, "min": 1, "var": 0}, "silence_rate_30dB": {"dmean": 0.0326237864792, "dmean2": 0.0652551203966, "dvar": 0.0315621867776, "dvar2": 0.0795172452927, "max": 1, "mean": 0.971544265747, "median": 1, "min": 0, "var": 0.0276452600956}, "silence_rate_60dB": {"dmean": 0.0157334562391, "dmean2": 0.0314705558121, "dvar": 0.0154827050865, "dvar2": 0.0346416980028, "max": 1, "mean": 0.0477732792497, "median": 0, "min": 0, "var": 0.0454969592392}, "spectral_centroid": {"dmean": 373.292388916, "dmean2": 569.459228516, "dvar": 159021.578125, "dvar2": 346616.75, "max": 11431.8769531, "mean": 1605.03869629, "median": 1544.7869873, "min": 98.3267440796, "var": 724152.125}, "spectral_complexity": {"dmean": 4.62841272354, "dmean2": 7.30834197998, "dvar": 26.6078681946, "dvar2": 63.0858078003, "max": 51, "mean": 16.7604389191, "median": 16, "min": 0, "var": 78.0863876343}, "spectral_decrease": {"dmean": 3.81994924581e-09, "dmean2": 5.90325699434e-09, "dvar": 2.01991566429e-17, "dvar2": 4.89519596983e-17, "max": 5.92816515107e-21, "mean": -9.92621362883e-09, "median": -8.43021830121e-09, "min": -4.08412716979e-08, "var": 5.52469795221e-17}, "spectral_energy": {"dmean": 0.0147730112076, "dmean2": 0.0227533057332, "dvar": 0.000289171148324, "dvar2": 0.000698896823451, "max": 0.15614938736, "mean": 0.0399641655385, "median": 0.0345729291439, "min": 1.03181354465e-20, "var": 0.000811179634184}, "spectral_energyband_high": {"dmean": 0.000845758768264, "dmean2": 0.00134299939964, "dvar": 1.42001533732e-06, "dvar2": 3.54417647941e-06, "max": 0.0112513219938, "mean": 0.00148800539318, "median": 0.000947605876718, "min": 7.36989329892e-21, "var": 2.54544011113e-06}, "spectral_energyband_low": {"dmean": 0.0117877423763, "dmean2": 0.0185907948762, "dvar": 0.000320694729453, "dvar2": 0.000784639443737, "max": 0.148443102837, "mean": 0.0222730711102, "median": 0.0105995479971, "min": 1.23643234162e-23, "var": 0.000768601719756}, "spectral_energyband_middle_high": {"dmean": 0.00275322422385, "dmean2": 0.00395484175533, "dvar": 1.38004779728e-05, "dvar2": 2.76255850622e-05, "max": 0.0463235899806, "mean": 0.00663356948644, "median": 0.0037278092932, "min": 1.23129065353e-21, "var": 5.21608817508e-05}, "spectral_energyband_middle_low": {"dmean": 0.00502719264477, "dmean2": 0.00818656571209, "dvar": 4.76534441987e-05, "dvar2": 0.000126683735289, "max": 0.0619639009237, "mean": 0.0101280799136, "median": 0.00813584215939, "min": 2.18832488976e-22, "var": 7.68983445596e-05}, "spectral_entropy": {"dmean": 0.240156024694, "dmean2": 0.370078593493, "dvar": 0.0670804902911, "dvar2": 0.156284540892, "max": 9.81717777252, "mean": 7.72392892838, "median": 7.72662782669, "min": 5.12405157089, "var": 0.219105824828}, "spectral_flux": {"dmean": 0.0346989147365, "dmean2": 0.0512002035975, "dvar": 0.0011290559778, "dvar2": 0.00241309264675, "max": 0.336626529694, "mean": 0.108695432544, "median": 0.101415321231, "min": 6.6036440205e-11, "var": 0.00324975047261}, "spectral_kurtosis": {"dmean": 1.1395637989, "dmean2": 1.78378498554, "dvar": 1.7516490221, "dvar2": 4.47439146042, "max": 24.2953586578, "mean": 3.16151547432, "median": 2.95705127716, "min": -1.49197328091, "var": 4.3466334343}, "spectral_rms": {"dmean": 0.00112756597809, "dmean2": 0.00168575218413, "dvar": 1.26636848563e-06, "dvar2": 2.843979928e-06, "max": 0.0123426448554, "mean": 0.00579768326133, "median": 0.00580772664398, "min": 3.17277063996e-12, "var": 5.3761664276e-06}, "spectral_rolloff": {"dmean": 855.385070801, "dmean2": 1435.57995605, "dvar": 2198324.25, "dvar2": 4811988.5, "max": 19466.015625, "mean": 1847.90625, "median": 1184.32617188, "min": 64.599609375, "var": 5372079}, "spectral_skewness": {"dmean": 0.203539282084, "dmean2": 0.315305888653, "dvar": 0.0446156784892, "dvar2": 0.104157328606, "max": 3.9415345192, "mean": 1.36464905739, "median": 1.35347270966, "min": -0.0650524049997, "var": 0.148627012968}, "spectral_spread": {"dmean": 843495.0625, "dmean2": 1175223.125, "dvar": 1322411360260.0, "dvar2": 2147773579260.0, "max": 42027624, "mean": 5856539.5, "median": 5300580, "min": 1928082.25, "var": 7036010496000.0}, "spectral_strongpeak": {"dmean": 0.6307721138, "dmean2": 1.08608603477, "dvar": 1.14233720303, "dvar2": 2.96413254738, "max": 10.7343769073, "mean": 0.928025603294, "median": 0.521112501621, "min": 0, "var": 1.50213360786}, "zerocrossingrate": {"dmean": 0.0163834057748, "dmean2": 0.0192879289389, "dvar": 0.000403013284085, "dvar2": 0.000444039062131, "max": 0.5263671875, "mean": 0.0731671229005, "median": 0.06103515625, "min": 0.00244140625, "var": 0.00310231279582}, "barkbands": {"dmean": [0.000737861730158, 0.00928520504385, 0.00497204205021, 0.0015359101817, 0.00219826516695, 0.00126790814102, 0.000509684265126, 0.000809615128674, 0.000937002536375, 0.000892327865586, 0.000538483960554, 0.00033826296567, 0.000418171373894, 0.000466352765216, 0.000648643646855, 0.000484308169689, 0.000332559138769, 0.000248661352089, 0.000328939902829, 0.000194818756427, 0.00021675528842, 0.000128340092488, 0.000148812803673, 0.000156535184942, 0.000149675805005, 6.49056237307e-05, 7.99464851298e-06], "dmean2": [0.00106377957854, 0.0126212472096, 0.00841099768877, 0.00274802511558, 0.00369970337488, 0.00199252646416, 0.000838044681586, 0.00125399068929, 0.0014829384163, 0.00127923104446, 0.000812830519862, 0.000525269948412, 0.000663755927235, 0.000739298586268, 0.0010275124805, 0.000791766447946, 0.000513813633006, 0.000402318313718, 0.000517749460414, 0.000308325164951, 0.000349001726136, 0.000222377857426, 0.000253855308983, 0.000253397913184, 0.000230671954341, 9.91953638732e-05, 1.17512754514e-05], "dvar": [2.31482340496e-06, 0.000237948668655, 0.000118426360132, 1.39374260471e-05, 1.2015781067e-05, 5.63314324609e-06, 1.34252525186e-06, 4.05055698138e-06, 6.32170167592e-06, 5.53898189537e-06, 2.5358892799e-06, 5.87810177421e-07, 1.06633422092e-06, 1.23184929635e-06, 2.4359865165e-06, 1.03888476133e-06, 6.81673384406e-07, 2.55544563288e-07, 3.51755659267e-07, 9.11629101097e-08, 1.31709114726e-07, 4.55855904136e-08, 6.0787641587e-08, 6.67158559509e-08, 8.53569090964e-08, 2.8279281139e-08, 4.11887662866e-10], "dvar2": [4.75567730973e-06, 0.000527769385371, 0.000311175943352, 4.03774938604e-05, 3.23769854731e-05, 1.35145237437e-05, 3.49710967384e-06, 9.66772222455e-06, 1.48668968905e-05, 1.10706469059e-05, 5.88833790971e-06, 1.30908472329e-06, 2.51385131378e-06, 2.84475777335e-06, 5.84694180361e-06, 2.53489702118e-06, 1.55466409524e-06, 6.28773364042e-07, 8.25304766749e-07, 2.24312842079e-07, 3.0625668046e-07, 1.26492210484e-07, 1.6029582639e-07, 1.64531456903e-07, 1.69047865484e-07, 6.3881103074e-08, 7.64341201442e-10], "max": [0.0354682467878, 0.142350316048, 0.0913155674934, 0.0319757722318, 0.0469763353467, 0.0294083207846, 0.0200105700642, 0.0375026166439, 0.0432081669569, 0.0459842085838, 0.0292049776763, 0.0136869791895, 0.0211566872895, 0.0211815480143, 0.0346685349941, 0.0198720302433, 0.0227920208126, 0.0137058952823, 0.0115569056943, 0.00877262745053, 0.00535808829591, 0.00190398423001, 0.0020314019639, 0.0031307565514, 0.00402656337246, 0.00396822858602, 0.000772247498389], "mean": [0.0010540158255, 0.01553947106, 0.00535740377381, 0.00148332433309, 0.00327490898781, 0.00195236643776, 0.000670019653626, 0.00109300692566, 0.00119227194227, 0.00132978626061, 0.000859541120008, 0.000503472576384, 0.000568664050661, 0.000643199367914, 0.000883801782038, 0.000581748550758, 0.000487190118292, 0.000350818852894, 0.000524699105881, 0.000326790701365, 0.000358021963621, 0.000177799345693, 0.00018612400163, 0.000215513384319, 0.000240364621277, 9.43606064538e-05, 1.55311645358e-05], "median": [0.000334409531206, 0.00467882072553, 0.00198081508279, 0.00051943102153, 0.00173727725632, 0.000693098234478, 0.000226892196224, 0.000301918829791, 0.000218998888158, 0.000146589387441, 0.000111718982225, 0.000140914286021, 0.000135563735967, 0.000130609798362, 0.000164205601322, 0.000160731200594, 0.000128881947603, 0.000149792846059, 0.000212722006836, 0.000185195400263, 0.000196372973733, 0.000105148370494, 9.44420389715e-05, 9.92289205897e-05, 8.85286863195e-05, 2.75425227301e-05, 2.58882323578e-06], "min": [2.56837974471e-25, 2.63190050113e-24, 3.57790309032e-24, 3.23027141648e-24, 2.50582344964e-23, 1.97944386217e-23, 1.86449862413e-23, 6.00545607648e-24, 2.27225798614e-23, 2.63553032626e-23, 1.78253992038e-23, 2.24602741441e-23, 5.14198944001e-23, 4.89848259361e-23, 7.77626137535e-23, 5.28121960325e-23, 1.20700691478e-22, 9.70858752229e-23, 1.0940530141e-22, 2.14555247283e-22, 2.46351895344e-22, 3.87696811654e-22, 4.33441883671e-22, 7.26825338018e-22, 9.21820293218e-22, 1.55411788047e-21, 1.99446634865e-21], "var": [4.24267273047e-06, 0.000560670800041, 0.000100446974102, 9.13360327104e-06, 1.71757783392e-05, 1.0412566553e-05, 1.67513985616e-06, 5.67235520066e-06, 8.8867118393e-06, 1.0714169548e-05, 5.92617243456e-06, 1.21149685128e-06, 1.64165976457e-06, 2.63719402938e-06, 3.81798463422e-06, 1.35653237976e-06, 1.21547009257e-06, 3.72902320578e-07, 6.81417986925e-07, 1.7078576775e-07, 2.44116790782e-07, 4.5491084677e-08, 6.88484362854e-08, 9.92201307781e-08, 2.05834126632e-07, 4.92921898854e-08, 2.65057376048e-09]}, "erbbands": {"dmean": [0.304690718651, 2.03627562523, 5.21159553528, 5.14937782288, 5.61255455017, 7.53886270523, 10.1848993301, 10.8038520813, 8.41445732117, 8.26741981506, 18.8369560242, 24.795173645, 23.4185409546, 23.7918395996, 22.8300075531, 16.2473888397, 17.9246139526, 22.0724811554, 34.8304710388, 29.087184906, 20.3014602661, 13.5320920944, 12.2315664291, 18.475233078, 12.6349229813, 9.16688537598, 10.567990303, 6.60642528534, 4.92022323608, 4.19382715225, 4.07250452042, 3.20606970787, 2.81379365921, 1.6153601408, 1.16751372814, 0.4091322124, 0.0928340703249, 0.0148529941216, 0.00146577949636, 8.16113461042e-05], "dmean2": [0.432769209146, 2.79200792313, 8.55389785767, 9.00936889648, 9.95179462433, 12.5604476929, 16.3693332672, 17.0129985809, 13.6894435883, 13.2830123901, 29.1212406158, 38.7123413086, 34.8687820435, 33.1038856506, 34.2692642212, 24.583688736, 28.3219738007, 34.5647277832, 53.9918632507, 46.7151222229, 32.1301040649, 20.6929397583, 19.5363025665, 29.1221656799, 19.823059082, 14.4613523483, 16.3792076111, 11.1919145584, 8.58497333527, 7.18762159348, 6.87744569778, 5.26059293747, 4.52345752716, 2.47442221642, 1.85656881332, 0.6204636693, 0.142099037766, 0.0232550594956, 0.00218425411731, 0.000121627017506], "dvar": [0.301136791706, 11.2118997574, 115.952774048, 160.110290527, 111.548805237, 141.044387817, 371.869873047, 515.738891602, 342.716369629, 357.890655518, 2652.64672852, 4315.03076172, 4770.15673828, 4081.98803711, 3974.47021484, 1340.39489746, 1990.75317383, 2372.50366211, 7262.72949219, 4888.97265625, 1717.04492188, 928.066894531, 658.749023438, 1277.10681152, 618.24017334, 186.813186646, 367.197113037, 107.522918701, 75.6168899536, 44.6316184998, 42.4807090759, 25.9016399384, 24.8934326172, 8.10263156891, 7.24873971939, 1.36893820763, 0.0417363420129, 0.000833957048599, 1.29396466946e-05, 7.20746768934e-08], "dvar2": [0.667108356953, 24.1027297974, 294.490570068, 452.534515381, 319.483734131, 367.918884277, 901.174743652, 1225.55224609, 880.753173828, 853.672912598, 6303.75878906, 10004.5419922, 10611.7841797, 7426.33691406, 9256.81347656, 2885.70458984, 4629.44335938, 5316.16845703, 17113.6113281, 12042.7050781, 4060.16015625, 1991.14477539, 1657.44262695, 3103.19335938, 1453.34436035, 449.33605957, 820.834411621, 279.325714111, 211.171432495, 119.074737549, 109.305435181, 65.8906707764, 62.1245803833, 17.2887802124, 15.2258005142, 3.04109692574, 0.088208861649, 0.00195871456526, 2.48705655395e-05, 1.44092183518e-07], "max": [5.01497745514, 32.952205658, 94.8509597778, 108.089195251, 89.7161636353, 178.932723999, 303.071899414, 290.207611084, 341.833526611, 459.983856201, 1082.18469238, 1241.9967041, 1648.9543457, 1192.87438965, 1206.00036621, 695.951171875, 1092.96972656, 1149.60424805, 1470.07458496, 2463.40014648, 942.52130127, 660.449035645, 903.018981934, 592.808959961, 798.578613281, 255.121688843, 419.1875, 116.144752502, 69.244758606, 62.4242935181, 75.4824295044, 64.0912246704, 61.5010719299, 38.3747558594, 47.0852737427, 28.4440574646, 5.06199264526, 0.65638679266, 0.140138849616, 0.011829238385], "mean": [0.423290491104, 3.55437636375, 6.78184461594, 5.5475268364, 6.4819278717, 11.5679740906, 16.1909790039, 16.0188083649, 11.8601818085, 11.4645824432, 26.0962429047, 33.2326889038, 32.4116859436, 37.738948822, 38.0918617249, 26.1973323822, 25.9157543182, 33.2803077698, 51.092540741, 38.9578170776, 27.5943260193, 21.5868854523, 19.1350326538, 28.1821365356, 20.6721439362, 15.7029571533, 18.9762897491, 9.68974494934, 6.60971927643, 5.42854404449, 5.45442962646, 4.37281513214, 3.75372123718, 2.53280353546, 1.74851167202, 0.595786631107, 0.137283578515, 0.0235036723316, 0.00269573787227, 0.00020084073185], "median": [0.133357137442, 0.994657158852, 2.57390236855, 2.7371981144, 3.09215593338, 5.84032058716, 7.18785858154, 4.71396493912, 4.41018724442, 4.52536773682, 7.23082733154, 8.10594558716, 6.32726669312, 5.84638738632, 7.77727937698, 8.29383087158, 7.53272342682, 9.00033760071, 10.067399025, 11.1103992462, 9.00719738007, 6.88197565079, 8.66243553162, 11.2786464691, 10.1674461365, 8.93771839142, 9.22032737732, 5.95181941986, 3.72716879845, 3.11075329781, 2.82649183273, 2.1737883091, 1.61868834496, 1.05512750149, 0.52886646986, 0.163649097085, 0.0429703630507, 0.00731313880533, 0.000454105524113, 7.74689033278e-05], "min": [1.07245488604e-22, 5.15054378456e-22, 3.39284122551e-21, 8.78988533748e-21, 5.55177583881e-20, 5.00714299828e-20, 6.89877031922e-20, 1.31567160631e-19, 1.90734330022e-19, 2.33777707172e-19, 1.56763392282e-19, 6.00088101544e-19, 6.47884303397e-19, 8.48453629956e-19, 1.01294842093e-18, 1.37369594813e-18, 2.11311517924e-18, 1.91018254597e-18, 3.80919649931e-18, 4.95420099631e-18, 4.13881225698e-18, 7.29099491217e-18, 6.28057642314e-18, 8.1009097838e-18, 9.56427914137e-18, 1.06963378482e-17, 1.03285609401e-17, 9.54053244034e-18, 1.35784286626e-17, 1.3280977823e-17, 1.12056916812e-17, 1.34249279291e-17, 1.23474193022e-17, 9.47654092097e-18, 7.08034096147e-18, 4.5187884247e-18, 2.84785112051e-18, 9.92439201425e-19, 2.74378626768e-19, 2.85520032298e-20], "var": [0.453551381826, 31.3570194244, 127.412666321, 109.80052948, 89.9176559448, 228.943359375, 659.393798828, 941.53112793, 504.324645996, 512.157836914, 3678.32983398, 6462.02636719, 7430.234375, 9380.38476562, 9487.71972656, 3018.06982422, 3173.79736328, 5908.37451172, 12627.8408203, 6791.28613281, 2496.77246094, 2013.2923584, 1047.45788574, 2048.97070312, 1174.49450684, 371.039123535, 800.877197266, 133.213424683, 68.0914001465, 46.5291137695, 60.3334960938, 37.3569793701, 33.8501777649, 17.3096828461, 15.7063932419, 2.4179649353, 0.0857350751758, 0.00200837780721, 7.1738344559e-05, 4.71732704455e-07]}, "gfcc": {"mean": [19.6326961517, 65.8220977783, -100.139350891, 40.4697189331, -49.4254074097, 20.6774291992, -34.3591041565, 12.9465761185, -26.0537719727, 6.53460454941, -15.7623682022, -1.76728951931, -8.70002651215], "cov": [[9544.12792969, -238.531524658, 81.1399307251, 243.075576782, -177.058059692, -151.996337891, -301.467651367, 67.5961532593, -207.351196289, 80.9698562622, -186.792221069, 26.7554340363, -10.3435440063], [-238.531524658, 1429.30371094, -253.053009033, -44.430316925, 181.207977295, 29.2923870087, 218.765899658, -7.4967622757, 100.857757568, 1.74411523342, 132.699249268, -64.7702484131, 93.5894622803], [81.1399307251, -253.053009033, 1003.26086426, 315.464233398, 65.8918151855, 59.8179283142, -15.4947528839, 23.9425468445, -10.6931972504, 12.9597043991, 4.26619768143, 70.5014877319, -34.6778488159], [243.075576782, -44.430316925, 315.464233398, 489.467376709, 128.232971191, 19.5178756714, 41.268901825, 130.097488403, 84.785949707, 51.7164268494, 42.4646453857, 46.2633018494, 8.00794506073], [-177.058059692, 181.207977295, 65.8918151855, 128.232971191, 337.803833008, 119.012481689, 150.556869507, 81.9898300171, 60.254611969, 44.0574111938, 44.9078025818, -8.80904865265, 27.6410427094], [-151.996337891, 29.2923870087, 59.8179283142, 19.5178756714, 119.012481689, 315.099822998, 172.287399292, 53.3480148315, 17.3262805939, 47.3922958374, 26.8317203522, -0.789254903793, -16.9780960083], [-301.467651367, 218.765899658, -15.4947528839, 41.268901825, 150.556869507, 172.287399292, 299.664855957, 104.554260254, 63.0635719299, 18.0965976715, 59.1705284119, -14.7831430435, 15.5804443359], [67.5961532593, -7.4967622757, 23.9425468445, 130.097488403, 81.9898300171, 53.3480148315, 104.554260254, 215.564468384, 83.8911437988, 46.0273170471, 19.4798526764, 9.70450210571, 21.975933075], [-207.351196289, 100.857757568, -10.6931972504, 84.785949707, 60.254611969, 17.3262805939, 63.0635719299, 83.8911437988, 172.974533081, 51.4322662354, 32.6194000244, 8.44921016693, 5.08701848984], [80.9698562622, 1.74411523342, 12.9597043991, 51.7164268494, 44.0574111938, 47.3922958374, 18.0965976715, 46.0273170471, 51.4322662354, 108.678070068, 48.8326683044, 13.8672494888, 1.03493261337], [-186.792221069, 132.699249268, 4.26619768143, 42.4646453857, 44.9078025818, 26.8317203522, 59.1705284119, 19.4798526764, 32.6194000244, 48.8326683044, 114.201171875, 32.626121521, 27.6763019562], [26.7554340363, -64.7702484131, 70.5014877319, 46.2633018494, -8.80904865265, -0.789254903793, -14.7831430435, 9.70450210571, 8.44921016693, 13.8672494888, 32.626121521, 84.1909637451, 23.3276596069], [-10.3435440063, 93.5894622803, -34.6778488159, 8.00794506073, 27.6410427094, -16.9780960083, 15.5804443359, 21.975933075, 5.08701848984, 1.03493261337, 27.6763019562, 23.3276596069, 94.4660491943]], "icov": [[0.000126511862618, -5.42906964256e-05, 2.24204650294e-05, -0.000111341840238, 6.43532039248e-05, 4.02793302783e-05, 4.37538728875e-05, -9.79123287834e-05, 0.000280503794784, -0.000334801879944, 0.000369670684449, -0.000130214684759, 1.69238728631e-06], [-5.42906964256e-05, 0.00114246900193, 0.0001216638193, 7.51000552555e-05, -0.000324552209349, 0.000159774455824, -0.000537975342013, 0.000653670344036, -0.000757090689149, 0.000684675411321, -0.00142312166281, 0.0013188974699, -0.000914654287044], [2.24204650294e-05, 0.0001216638193, 0.0014413195895, -0.000989679363556, -0.000150684587425, -0.000284527690383, 7.49088212615e-05, 0.000311563228024, 0.000374769879272, 0.000168786515133, 0.000191044586245, -0.000909590395167, 0.00054964737501], [-0.000111341840238, 7.51000552555e-05, -0.000989679363556, 0.00366148748435, -0.00103668461088, 0.000441130978288, 0.000438031478552, -0.00159197871108, -0.000978135038167, 0.000277731247479, -0.00101282494143, -0.000604367174674, 0.00041604359285], [6.43532039248e-05, -0.000324552209349, -0.000150684587425, -0.00103668461088, 0.00471975980327, -0.000824255868793, -0.00133568618912, -1.97717508854e-05, -5.31257792318e-05, -0.00114416936412, 0.000423306104494, 0.00107422703877, -0.00131700281054], [4.02793302783e-05, 0.000159774455824, -0.000284527690383, 0.000441130978288, -0.000824255868793, 0.00582554424182, -0.00373364845291, 0.000398764939746, 0.00124423007946, -0.0031027586665, 0.0015429505147, -0.00120705447625, 0.0013285089517], [4.37538728875e-05, -0.000537975342013, 7.49088212615e-05, 0.000438031478552, -0.00133568618912, -0.00373364845291, 0.00846073031425, -0.0031402038876, -0.00108497915789, 0.00385268032551, -0.00384068721905, 0.00182868062984, 0.000272871024208], [-9.79123287834e-05, 0.000653670344036, 0.000311563228024, -0.00159197871108, -1.97717508854e-05, 0.000398764939746, -0.0031402038876, 0.00847829971462, -0.00234484043904, -0.00216788286343, 0.00185690936632, 0.000104906539491, -0.00220587546937], [0.000280503794784, -0.000757090689149, 0.000374769879272, -0.000978135038167, -5.31257792318e-05, 0.00124423007946, -0.00108497915789, -0.00234484043904, 0.0094517795369, -0.00409632362425, 0.00154676137026, -0.00163763400633, 0.00145200709812], [-0.000334801879944, 0.000684675411321, 0.000168786515133, 0.000277731247479, -0.00114416936412, -0.0031027586665, 0.00385268032551, -0.00216788286343, -0.00409632362425, 0.0170350503176, -0.0088098179549, 0.00182161608245, 0.00113465753384], [0.000369670684449, -0.00142312166281, 0.000191044586245, -0.00101282494143, 0.000423306104494, 0.0015429505147, -0.00384068721905, 0.00185690936632, 0.00154676137026, -0.0088098179549, 0.0182427614927, -0.00696163251996, -0.0016510465648], [-0.000130214684759, 0.0013188974699, -0.000909590395167, -0.000604367174674, 0.00107422703877, -0.00120705447625, 0.00182868062984, 0.000104906539491, -0.00163763400633, 0.00182161608245, -0.00696163251996, 0.0183534137905, -0.00488527398556], [1.69238728631e-06, -0.000914654287044, 0.00054964737501, 0.00041604359285, -0.00131700281054, 0.0013285089517, 0.000272871024208, -0.00220587546937, 0.00145200709812, 0.00113465753384, -0.0016510465648, -0.00488527398556, 0.014350428246]]}, "melbands": {"dmean": [0.00272613205016, 0.00234128185548, 0.000876993697602, 0.000477844907437, 0.000350714864908, 0.000236471460084, 0.000121722405311, 0.00010366665083, 0.000152467779117, 0.000156193680596, 0.000116615243314, 9.93179128272e-05, 7.78631219873e-05, 4.68849284516e-05, 3.66284984921e-05, 4.03699596063e-05, 4.5138731366e-05, 5.88415277889e-05, 3.57929020538e-05, 4.72999745398e-05, 2.24783507292e-05, 1.75558034243e-05, 1.25838523672e-05, 1.14627709991e-05, 1.68267124536e-05, 1.17986273835e-05, 6.02122736382e-06, 6.67443146085e-06, 7.42116253605e-06, 5.89335513723e-06, 3.42163411915e-06, 2.91099490823e-06, 2.41519751398e-06, 2.51272649621e-06, 2.45917476605e-06, 2.28422072723e-06, 1.88183400951e-06, 2.2531223749e-06, 1.53681617121e-06, 1.34801598506e-06], "dmean2": [0.00374394375831, 0.00376909435727, 0.00151865312364, 0.000817411462776, 0.000565569847822, 0.000371742236894, 0.000197906061658, 0.000165251127328, 0.000236982741626, 0.000244849681621, 0.000173718872247, 0.000137776558404, 0.000117824529298, 7.03771438566e-05, 5.68300929444e-05, 6.3665342168e-05, 7.14889101801e-05, 9.14022311918e-05, 5.71505588596e-05, 7.70951082814e-05, 3.52741299139e-05, 2.70493437711e-05, 1.99902697204e-05, 1.84612799785e-05, 2.68694184342e-05, 1.86509532796e-05, 9.75535203906e-06, 1.05985463961e-05, 1.14630020107e-05, 9.58832151809e-06, 5.89417777519e-06, 5.10104746354e-06, 4.16556986238e-06, 4.34318280895e-06, 4.15675231125e-06, 3.87221052733e-06, 3.0727298963e-06, 3.70806083083e-06, 2.38419556808e-06, 2.07555990528e-06], "dvar": [2.18252098421e-05, 1.70115090441e-05, 3.96400173486e-06, 6.06926448654e-07, 3.90447922882e-07, 2.23510568276e-07, 6.95356092706e-08, 5.98056146828e-08, 1.82570389029e-07, 1.78021934971e-07, 1.21933581454e-07, 7.77714888045e-08, 5.36065982715e-08, 9.28707866166e-09, 7.59575247145e-09, 1.08635758167e-08, 1.12579039424e-08, 2.08486543585e-08, 8.34907343261e-09, 1.02355404152e-08, 3.09975600743e-09, 1.96240712569e-09, 9.59481050167e-10, 5.03814268082e-10, 1.17940024413e-09, 5.61794777365e-10, 8.95795312927e-11, 1.09088967026e-10, 2.03663169662e-10, 1.17627518836e-10, 2.84925902316e-11, 2.85982036663e-11, 1.41263936312e-11, 1.70099958424e-11, 1.51256663444e-11, 1.5948289564e-11, 8.8197209952e-12, 1.75850636136e-11, 6.06762556865e-12, 6.71237804922e-12], "dvar2": [4.90870552312e-05, 4.05435021094e-05, 1.10139617391e-05, 1.68638064224e-06, 9.61947080214e-07, 5.34212119874e-07, 1.79172701564e-07, 1.44046069295e-07, 4.41158704234e-07, 4.10111397287e-07, 2.71040704547e-07, 1.40252936376e-07, 1.27174814679e-07, 1.99935321632e-08, 1.65640372529e-08, 2.5850784624e-08, 2.54509089359e-08, 4.85736357803e-08, 2.00427656694e-08, 2.50091662934e-08, 7.01329394559e-09, 4.23322621401e-09, 2.28235297328e-09, 1.23831134236e-09, 2.91025603616e-09, 1.34812061514e-09, 2.1036127007e-10, 2.67883437655e-10, 4.70682270937e-10, 2.79860051799e-10, 7.6214097533e-11, 8.0621342935e-11, 3.84824845601e-11, 4.5520823222e-11, 3.85457048224e-11, 4.27060782571e-11, 2.17218968507e-11, 4.53866839945e-11, 1.31883176255e-11, 1.47775888748e-11], "max": [0.0424673184752, 0.0369150601327, 0.016771607101, 0.0101015605032, 0.00922300014645, 0.00573835009709, 0.00442585116252, 0.00634191185236, 0.00886953622103, 0.00832688622177, 0.00839408393949, 0.00524412048981, 0.00432252930477, 0.00162085192278, 0.00193851883523, 0.00225993571803, 0.00264205876738, 0.00224374909885, 0.0024341463577, 0.00198089820333, 0.00165441446006, 0.000961691199336, 0.000797202519607, 0.000552218989469, 0.000604946224485, 0.000578387349378, 0.000281771208392, 0.00020870512526, 0.000407755345805, 0.000171283740201, 5.03731243953e-05, 4.4577580411e-05, 4.17925475631e-05, 3.16226432915e-05, 4.9719830713e-05, 4.01493380195e-05, 3.89568194805e-05, 5.02581278852e-05, 3.05516477965e-05, 3.83958686143e-05], "mean": [0.00416372530162, 0.00405331887305, 0.000990288914181, 0.000658989476506, 0.000577651371714, 0.000353245501174, 0.000169103674125, 0.000140660151374, 0.000207404620596, 0.000204093652428, 0.000157409202075, 0.000153140164912, 0.000124049605802, 7.51833649701e-05, 5.30913821422e-05, 5.53905629204e-05, 6.26291803201e-05, 8.37884654175e-05, 4.69998885819e-05, 5.7873690821e-05, 2.87436578219e-05, 2.50850916927e-05, 1.82725325431e-05, 1.68292626768e-05, 2.36932137341e-05, 1.81054347195e-05, 9.59929730016e-06, 1.05767448986e-05, 1.27400653582e-05, 9.02672036318e-06, 4.4867088036e-06, 3.7762717966e-06, 3.26148892782e-06, 2.91644641948e-06, 3.26460099132e-06, 2.78444258583e-06, 2.63663127953e-06, 2.75747765954e-06, 2.34763319895e-06, 2.03379704544e-06], "median": [0.00132153509185, 0.00151592958719, 0.00052826537285, 0.000341439968906, 0.000275968021015, 0.000108965636173, 5.95554083702e-05, 5.06432479597e-05, 5.22738555446e-05, 3.85928906326e-05, 2.53934376815e-05, 1.65168148669e-05, 1.80160041054e-05, 2.26053598453e-05, 1.59204155352e-05, 1.30816752062e-05, 1.30837961478e-05, 1.49660836541e-05, 1.01334271676e-05, 1.50516098074e-05, 8.3688119048e-06, 6.58388717056e-06, 6.97242148817e-06, 7.38530570743e-06, 8.30279259389e-06, 7.2959787758e-06, 5.638865332e-06, 5.50656204723e-06, 5.70524116483e-06, 4.67057043352e-06, 2.66414349426e-06, 2.11577230402e-06, 1.78243988103e-06, 1.52530924424e-06, 1.62991409525e-06, 1.36275480145e-06, 1.28693216084e-06, 1.09598670406e-06, 1.08650556285e-06, 7.70586439103e-07], "min": [9.11519605475e-25, 1.38268393884e-24, 4.49911355619e-24, 5.30370434786e-24, 2.88339783797e-24, 3.24988032922e-24, 3.06218073758e-24, 2.69130034679e-24, 1.0586590262e-24, 4.36740415616e-24, 2.76370278953e-24, 3.12931142011e-24, 2.98926178816e-24, 3.31380902533e-24, 5.86950063264e-24, 4.73382610233e-24, 3.1311362526e-24, 5.76419598483e-24, 5.58834745057e-24, 5.40506311342e-24, 4.35818040003e-24, 6.15869270175e-24, 5.20523360208e-24, 4.45451846036e-24, 6.24009091983e-24, 5.74159748648e-24, 6.96515901023e-24, 6.15567333664e-24, 6.02079350463e-24, 5.2974786576e-24, 5.68360201045e-24, 6.6024328774e-24, 5.81496312838e-24, 6.92779145801e-24, 5.92349342843e-24, 6.99697613712e-24, 7.99710267023e-24, 8.14525153709e-24, 7.36345251469e-24, 7.3737108619e-24], "var": [4.09532440244e-05, 3.38262470905e-05, 2.87812781607e-06, 7.14981126748e-07, 7.2001813578e-07, 4.13923288534e-07, 1.01919070516e-07, 8.21385484073e-08, 2.38956431531e-07, 2.67885837957e-07, 1.88252442967e-07, 1.79969006808e-07, 1.22475753983e-07, 2.1503462122e-08, 1.36627260616e-08, 1.6768082034e-08, 2.78495004835e-08, 3.62984629021e-08, 1.12050697609e-08, 1.39183962133e-08, 4.4186054815e-09, 3.58485841012e-09, 1.70380742848e-09, 7.43349271026e-10, 1.7028517485e-09, 1.03791109041e-09, 1.6120893509e-10, 1.96766214433e-10, 4.04350608552e-10, 1.9913529159e-10, 2.88673928511e-11, 2.38703900396e-11, 1.70553033502e-11, 1.58274192363e-11, 2.31645674864e-11, 1.64782649331e-11, 1.46508170179e-11, 2.03947119609e-11, 1.20012125238e-11, 1.34247613026e-11]}, "mfcc": {"mean": [-628.112976074, 97.0779800415, 10.8731689453, 27.3850021362, 11.7968759537, 9.52607536316, 8.46773529053, 2.16103053093, 2.76402544975, 5.51124382019, -1.00083494186, 0.593882501125, -1.57770299911], "cov": [[6168.703125, 15.1832103729, -60.3246040344, 275.390869141, 19.0785579681, -169.87840271, -118.363243103, -160.290130615, -23.2071857452, 21.0627307892, -117.141662598, -100.525405884, -77.7897033691], [15.1832103729, 1185.41296387, -213.852249146, 3.13597679138, -5.14903068542, 85.3597183228, 109.337303162, 2.64191961288, 18.6458568573, 55.4857902527, 34.3539085388, 11.5185499191, 5.87854146957], [-60.3246040344, -213.852249146, 745.529296875, 188.50289917, 99.4677658081, 53.5857810974, 2.88607764244, 45.1001091003, -11.6249837875, -66.8611221313, 21.9087734222, 39.5650100708, 27.4828891754], [275.390869141, 3.13597679138, 188.50289917, 465.344024658, 171.520782471, -25.8729000092, 29.13347435, 56.485874176, 66.8352355957, 15.9346551895, 18.5987911224, 103.857940674, 48.8735847473], [19.0785579681, -5.14903068542, 99.4677658081, 171.520782471, 226.008804321, 53.9384727478, 47.5125389099, 27.8876304626, 52.7003288269, 22.5665435791, 25.149553299, 41.6547584534, 28.2816734314], [-169.87840271, 85.3597183228, 53.5857810974, -25.8729000092, 53.9384727478, 243.55116272, 116.404434204, 60.0115280151, 15.8788013458, 52.9958229065, 59.060295105, 2.71231079102, 18.6398124695], [-118.363243103, 109.337303162, 2.88607764244, 29.13347435, 47.5125389099, 116.404434204, 255.613052368, 92.2499465942, 53.087890625, 67.0852890015, 37.8303718567, 28.1523075104, 20.1463832855], [-160.290130615, 2.64191961288, 45.1001091003, 56.485874176, 27.8876304626, 60.0115280151, 92.2499465942, 161.570541382, 83.232925415, 52.9917755127, 42.7878112793, 42.267578125, 36.590587616], [-23.2071857452, 18.6458568573, -11.6249837875, 66.8352355957, 52.7003288269, 15.8788013458, 53.087890625, 83.232925415, 138.222061157, 77.9299545288, 33.9057655334, 37.0932998657, 22.1816082001], [21.0627307892, 55.4857902527, -66.8611221313, 15.9346551895, 22.5665435791, 52.9958229065, 67.0852890015, 52.9917755127, 77.9299545288, 129.062255859, 63.3868637085, 25.5515670776, 18.0283851624], [-117.141662598, 34.3539085388, 21.9087734222, 18.5987911224, 25.149553299, 59.060295105, 37.8303718567, 42.7878112793, 33.9057655334, 63.3868637085, 114.097595215, 63.9183235168, 28.5291614532], [-100.525405884, 11.5185499191, 39.5650100708, 103.857940674, 41.6547584534, 2.71231079102, 28.1523075104, 42.267578125, 37.0932998657, 25.5515670776, 63.9183235168, 125.170684814, 57.8190765381], [-77.7897033691, 5.87854146957, 27.4828891754, 48.8735847473, 28.2816734314, 18.6398124695, 20.1463832855, 36.590587616, 22.1816082001, 18.0283851624, 28.5291614532, 57.8190765381, 77.8531036377]], "icov": [[0.000184271819307, -1.48520200582e-06, 7.06590617483e-06, -0.000200625741854, 5.66613416595e-05, 5.51071243535e-05, 2.30657224165e-05, 0.000179178125109, 3.25475884893e-05, -0.000236817795667, 0.000110424218292, 0.000185253156815, 5.12466212967e-05], [-1.48520200582e-06, 0.000967235886492, 0.000331261311658, -0.000249544682447, 0.000222706978093, -0.000353109120624, -0.000378186261514, 0.000370725087123, -0.000128148982185, 0.000136515038321, -0.000261533452431, 7.96980311861e-05, -6.59868019284e-05], [7.06590617483e-06, 0.000331261311658, 0.0019137536874, -0.000832123041619, -0.00014400226064, -0.000629329879303, 3.04862314806e-05, -0.000407984858612, -2.36968526224e-06, 0.00184951513074, -0.00109706062358, 0.00053084740648, -0.000204140669666], [-0.000200625741854, -0.000249544682447, -0.000832123041619, 0.00444848742336, -0.00275926897302, 0.00111503584776, 0.000159336501383, -0.00106027873699, 0.000148710183566, -0.000890999508556, 0.00192485388834, -0.00343650230207, 0.000522784481291], [5.66613416595e-05, 0.000222706978093, -0.00014400226064, -0.00275926897302, 0.00758540257812, -0.00205885386094, -0.000636970391497, 0.00226427451707, -0.00305307749659, 0.00129100040067, -0.000755003478844, 0.000780564208981, -0.00107128219679], [5.51071243535e-05, -0.000353109120624, -0.000629329879303, 0.00111503584776, -0.00205885386094, 0.00736818648875, -0.00218243291602, -0.00158100563567, 0.00222741207108, -0.00143560918514, -0.00296416087076, 0.00263863592409, -0.00128007133026], [2.30657224165e-05, -0.000378186261514, 3.04862314806e-05, 0.000159336501383, -0.000636970391497, -0.00218243291602, 0.00642051873729, -0.0027586906217, 0.000725274847355, -0.00227725948207, 0.00195043999702, -0.00161070830654, 0.00113202515058], [0.000179178125109, 0.000370725087123, -0.000407984858612, -0.00106027873699, 0.00226427451707, -0.00158100563567, -0.0027586906217, 0.0126061327755, -0.00689817871898, 0.00146151939407, -0.0015728607541, 0.000704079982825, -0.00301385368221], [3.25475884893e-05, -0.000128148982185, -2.36968526224e-06, 0.000148710183566, -0.00305307749659, 0.00222741207108, 0.000725274847355, -0.00689817871898, 0.0168356206268, -0.00927455257624, 0.00294644385576, -0.00225650006905, 0.00152697693557], [-0.000236817795667, 0.000136515038321, 0.00184951513074, -0.000890999508556, 0.00129100040067, -0.00143560918514, -0.00227725948207, 0.00146151939407, -0.00927455257624, 0.0196275189519, -0.00987468380481, 0.00429865717888, -0.00203993893228], [0.000110424218292, -0.000261533452431, -0.00109706062358, 0.00192485388834, -0.000755003478844, -0.00296416087076, 0.00195043999702, -0.0015728607541, 0.00294644385576, -0.00987468380481, 0.0208732057363, -0.0116065451875, 0.00294551346451], [0.000185253156815, 7.96980311861e-05, 0.00053084740648, -0.00343650230207, 0.000780564208981, 0.00263863592409, -0.00161070830654, 0.000704079982825, -0.00225650006905, 0.00429865717888, -0.0116065451875, 0.0212017670274, -0.0105256112292], [5.12466212967e-05, -6.59868019284e-05, -0.000204140669666, 0.000522784481291, -0.00107128219679, -0.00128007133026, 0.00113202515058, -0.00301385368221, 0.00152697693557, -0.00203993893228, 0.00294551346451, -0.0105256112292, 0.0212389584631]]}, "spectral_contrast_coeffs": {"dmean": [0.0595254898071, 0.0542642362416, 0.0489063858986, 0.0415262132883, 0.0307383332402, 0.0215216465294], "dmean2": [0.0948678702116, 0.087016813457, 0.0755619630218, 0.0633282139897, 0.0471600145102, 0.0339272245765], "dvar": [0.00251105148345, 0.00219784793444, 0.00188746221829, 0.00129918614402, 0.000842759560328, 0.000375865172828], "dvar2": [0.00585183408111, 0.00531113054603, 0.00382595602423, 0.00274646887556, 0.00165894522797, 0.000892220647074], "max": [-0.313135266304, -0.43822941184, -0.432629585266, -0.524259746075, -0.561623930931, -0.648278057575], "mean": [-0.644160747528, -0.711615562439, -0.738962590694, -0.752297878265, -0.776464641094, -0.775686442852], "median": [-0.649777591228, -0.717344760895, -0.759014010429, -0.763246178627, -0.791031479836, -0.777210354805], "min": [-0.976710021496, -0.981900453568, -0.97469240427, -0.970233917236, -0.967692196369, -0.963650405407], "var": [0.0078799398616, 0.00697478652, 0.00936922058463, 0.00629949243739, 0.00384169141762, 0.00119362073019]}, "spectral_contrast_valleys": {"dmean": [0.444270342588, 0.440968751907, 0.385791599751, 0.360789328814, 0.339990675449, 0.414652556181], "dmean2": [0.697450220585, 0.705819010735, 0.624987542629, 0.584614276886, 0.529087007046, 0.580708503723], "dvar": [0.18470056355, 0.179142132401, 0.150101646781, 0.164162218571, 0.154865384102, 0.218964144588], "dvar2": [0.37289467454, 0.380400717258, 0.324817270041, 0.360164910555, 0.317393898964, 0.456957161427], "max": [-5.35914850235, -5.18168258667, -5.4662194252, -6.04839134216, -5.78861045837, -7.57237529755], "mean": [-7.12386655807, -7.16145277023, -7.64348077774, -7.