{"lowlevel": {"average_loudness": 0.966630935669, "barkbands_crest": {"dmean": 3.21795129776, "dmean2": 4.67767190933, "dvar": 8.62160396576, "dvar2": 17.0637989044, "max": 26.7068004608, "mean": 13.3218269348, "median": 12.2948055267, "min": 2.32477641106, "var": 40.4083366394}, "barkbands_flatness_db": {"dmean": 0.0313512459397, "dmean2": 0.0406002923846, "dvar": 0.000906463130377, "dvar2": 0.00146396341734, "max": 0.488822191954, "mean": 0.144703432918, "median": 0.13052354753, "min": 0.0188617743552, "var": 0.00544148031622}, "barkbands_kurtosis": {"dmean": 10.2683143616, "dmean2": 13.8865661621, "dvar": 837.188415527, "dvar2": 1469.28540039, "max": 1190.23095703, "mean": 15.2063217163, "median": 3.73670864105, "min": -1.96200013161, "var": 2145.71533203}, "barkbands_skewness": {"dmean": 1.01169323921, "dmean2": 1.33609080315, "dvar": 1.40502405167, "dvar2": 2.34268069267, "max": 29.0868434906, "mean": 2.59839510918, "median": 1.98071551323, "min": -5.14506149292, "var": 6.44607543945}, "barkbands_spread": {"dmean": 8.64777183533, "dmean2": 12.6196327209, "dvar": 101.916244507, "dvar2": 200.66847229, "max": 125.291923523, "mean": 25.1511230469, "median": 21.8367938995, "min": 0.111585021019, "var": 366.919586182}, "dissonance": {"dmean": 0.0170040596277, "dmean2": 0.0283147655427, "dvar": 0.000288031355012, "dvar2": 0.000745328783523, "max": 0.499999970198, "mean": 0.46836823225, "median": 0.474801450968, "min": 0.287116289139, "var": 0.000635734875686}, "dynamic_complexity": 3.79471921921, "erbbands_crest": {"dmean": 2.63723182678, "dmean2": 4.25461673737, "dvar": 6.74031114578, "dvar2": 16.0064430237, "max": 31.1170043945, "mean": 7.9050078392, "median": 6.97678089142, "min": 1.73429262638, "var": 15.0653734207}, "erbbands_flatness_db": {"dmean": 0.0179793201387, "dmean2": 0.0261328443885, "dvar": 0.000295854901196, "dvar2": 0.000591998454183, "max": 0.318621635437, "mean": 0.124676398933, "median": 0.121335357428, "min": 0.0232868921012, "var": 0.00141116348095}, "erbbands_kurtosis": {"dmean": 0.927203297615, "dmean2": 1.47738516331, "dvar": 2.73178887367, "dvar2": 6.14084911346, "max": 28.3014526367, "mean": 0.022337494418, "median": -0.634255647659, "min": -1.90038442612, "var": 4.6277384758}, "erbbands_skewness": {"dmean": 0.423001438379, "dmean2": 0.634977698326, "dvar": 0.179204165936, "dvar2": 0.395025879145, "max": 4.0136475563, "mean": 0.185886353254, "median": 0.172830909491, "min": -4.86814022064, "var": 0.665423691273}, "erbbands_spread": {"dmean": 12.4220714569, "dmean2": 18.1451892853, "dvar": 150.767120361, "dvar2": 316.748748779, "max": 180.846160889, "mean": 55.4911155701, "median": 53.1548919678, "min": 5.78605985641, "var": 553.073059082}, "hfc": {"dmean": 10.6231908798, "dmean2": 14.7028827667, "dvar": 308.817993164, "dvar2": 550.494628906, "max": 538.856079102, "mean": 23.4145336151, "median": 12.9098510742, "min": 9.9331662895e-09, "var": 1019.70019531}, "melbands_crest": {"dmean": 4.4536485672, "dmean2": 6.65951251984, "dvar": 16.1711978912, "dvar2": 34.8582305908, "max": 37.7341384888, "mean": 19.2927417755, "median": 18.5945339203, "min": 3.15771389008, "var": 68.1943817139}, "melbands_flatness_db": {"dmean": 0.0403577722609, "dmean2": 0.0508588328958, "dvar": 0.0014753282303, "dvar2": 0.00237625581212, "max": 0.621030092239, "mean": 0.217583820224, "median": 0.205050379038, "min": 0.0155173214152, "var": 0.00911765079945}, "melbands_kurtosis": {"dmean": 23.4659252167, "dmean2": 31.1344356537, "dvar": 1532.19348145, "dvar2": 2468.73022461, "max": 764.79699707, "mean": 43.1275062561, "median": 16.0816612244, "min": -1.90935075283, "var": 5020.23730469}, "melbands_skewness": {"dmean": 1.40008378029, "dmean2": 1.8260935545, "dvar": 2.24385905266, "dvar2": 3.53575229645, "max": 22.326253891, "mean": 4.49116325378, "median": 3.47109031677, "min": -2.04760551453, "var": 11.2145671844}, "melbands_spread": {"dmean": 10.524600029, "dmean2": 15.7325630188, "dvar": 357.937713623, "dvar2": 813.868835449, "max": 294.62713623, "mean": 23.5809497833, "median": 15.9626693726, "min": 0.246440052986, "var": 742.884521484}, "pitch_salience": {"dmean": 0.0953022763133, "dmean2": 0.131919175386, "dvar": 0.00783336255699, "dvar2": 0.0150194615126, "max": 0.869839251041, "mean": 0.471604377031, "median": 0.50099003315, "min": 0.0259281843901, "var": 0.0369325987995}, "silence_rate_20dB": {"dmean": 0, "dmean2": 0, "dvar": 0, "dvar2": 0, "max": 1, "mean": 1, "median": 1, "min": 1, "var": 0}, "silence_rate_30dB": {"dmean": 0.0584962181747, "dmean2": 0.117009133101, "dvar": 0.0550729110837, "dvar2": 0.125002488494, "max": 1, "mean": 0.944079875946, "median": 1, "min": 0, "var": 0.0527896210551}, "silence_rate_60dB": {"dmean": 0.0316735617816, "dmean2": 0.063213467598, "dvar": 0.0306708160788, "dvar2": 0.0683514028788, "max": 1, "mean": 0.0689015686512, "median": 0, "min": 0, "var": 0.0641577467322}, "spectral_centroid": {"dmean": 365.329711914, "dmean2": 545.673217773, "dvar": 164138.625, "dvar2": 347430.28125, "max": 6635.95605469, "mean": 1449.47912598, "median": 1349.7331543, "min": 111.756080627, "var": 563508.875}, "spectral_complexity": {"dmean": 5.77771425247, "dmean2": 8.54380702972, "dvar": 47.4674072266, "dvar2": 93.2289505005, "max": 55, "mean": 14.4422254562, "median": 13, "min": 0, "var": 106.373451233}, "spectral_decrease": {"dmean": 3.32924066093e-09, "dmean2": 4.41341718727e-09, "dvar": 2.11185877461e-17, "dvar2": 3.71897193943e-17, "max": -2.68970296972e-20, "mean": -9.24861787155e-09, "median": -5.16333376055e-09, "min": -3.69540664735e-08, "var": 8.37319663106e-17}, "spectral_energy": {"dmean": 0.0131209967658, "dmean2": 0.0174899846315, "dvar": 0.000319541781209, "dvar2": 0.000563395500649, "max": 0.145034745336, "mean": 0.0370301157236, "median": 0.0220201574266, "min": 1.00248336108e-12, "var": 0.00126317050308}, "spectral_energyband_high": {"dmean": 0.000865799142048, "dmean2": 0.00121765770018, "dvar": 2.98689701594e-06, "dvar2": 5.34519131179e-06, "max": 0.0475573018193, "mean": 0.00155834562611, "median": 0.000476211193018, "min": 6.84143009171e-13, "var": 9.49684999796e-06}, "spectral_energyband_low": {"dmean": 0.0102883214131, "dmean2": 0.0114930253476, "dvar": 0.000224538162001, "dvar2": 0.000336760364007, "max": 0.129843994975, "mean": 0.0227862056345, "median": 0.00690697599202, "min": 1.43646098299e-14, "var": 0.000918754783925}, "spectral_energyband_middle_high": {"dmean": 0.00192752911244, "dmean2": 0.00285873608664, "dvar": 9.47435000853e-06, "dvar2": 1.97495901375e-05, "max": 0.0662974640727, "mean": 0.00346608483233, "median": 0.00162033375818, "min": 2.00054016864e-13, "var": 2.76791997749e-05}, "spectral_energyband_middle_low": {"dmean": 0.00878453627229, "dmean2": 0.0148659804836, "dvar": 0.000324882741552, "dvar2": 0.000859153282363, "max": 0.122332431376, "mean": 0.0107027813792, "median": 0.00513956509531, "min": 2.16271973746e-14, "var": 0.000280817650491}, "spectral_entropy": {"dmean": 0.200990974903, "dmean2": 0.292143076658, "dvar": 0.0399669334292, "dvar2": 0.0767575651407, "max": 8.95077323914, "mean": 7.84480381012, "median": 7.85166501999, "min": 5.97554540634, "var": 0.172364503145}, "spectral_flux": {"dmean": 0.036414116621, "dmean2": 0.0475259274244, "dvar": 0.00183127936907, "dvar2": 0.00249112234451, "max": 0.360209405422, "mean": 0.105623908341, "median": 0.0788261145353, "min": 5.39070788363e-06, "var": 0.00627024332061}, "spectral_kurtosis": {"dmean": 1.13382041454, "dmean2": 1.77567982674, "dvar": 1.58367240429, "dvar2": 3.9121556282, "max": 21.3238258362, "mean": 2.80966949463, "median": 2.47773814201, "min": -1.40633094311, "var": 4.3886551857}, "spectral_rms": {"dmean": 0.0010981829837, "dmean2": 0.00141209550202, "dvar": 1.66358756815e-06, "dvar2": 2.77520234704e-06, "max": 0.0118952644989, "mean": 0.00527658360079, "median": 0.00463498476893, "min": 3.12735117802e-08, "var": 8.28482461657e-06}, "spectral_rolloff": {"dmean": 784.367736816, "dmean2": 1246.74047852, "dvar": 2010653.625, "dvar2": 3923177.75, "max": 17635.6933594, "mean": 1630.73010254, "median": 689.0625, "min": 43.06640625, "var": 5057616.5}, "spectral_skewness": {"dmean": 0.219158858061, "dmean2": 0.328128695488, "dvar": 0.0443316958845, "dvar2": 0.0997545197606, "max": 3.69044017792, "mean": 1.31016933918, "median": 1.29111087322, "min": -0.343798100948, "var": 0.170157313347}, "spectral_spread": {"dmean": 828397.4375, "dmean2": 1180564.875, "dvar": 926775050240, "dvar2": 1718584344580.0, "max": 20437726, "mean": 5937391.5, "median": 5610719, "min": 2146148.75, "var": 4323920576510.0}, "spectral_strongpeak": {"dmean": 0.368517130613, "dmean2": 0.598008692265, "dvar": 0.713334679604, "dvar2": 1.83427536488, "max": 12.2560396194, "mean": 0.658069431782, "median": 0.392232239246, "min": 0, "var": 0.961839437485}, "zerocrossingrate": {"dmean": 0.017744762823, "dmean2": 0.0189146976918, "dvar": 0.000442044431111, "dvar2": 0.000506043492351, "max": 0.49755859375, "mean": 0.0666099190712, "median": 0.0537109375, "min": 0.001953125, "var": 0.00315308314748}, "barkbands": {"dmean": [0.00029377831379, 0.00940959062427, 0.00494877574965, 0.00378211424686, 0.00364107638597, 0.00115391460713, 0.000588253489695, 0.000796658685431, 0.000693331472576, 0.000392895657569, 0.000303446024191, 0.000302544300212, 0.000445205543656, 0.00023686743225, 0.000208067867788, 0.000221861497266, 0.000187215424376, 0.000168388447491, 0.000145117606735, 0.000125703765661, 0.000115092523629, 0.00014885206474, 0.000209724297747, 0.00027096120175, 0.000113245558168, 7.6533840911e-05, 1.13537289508e-05], "dmean2": [0.000334535317961, 0.0105322850868, 0.00830736663193, 0.00682078581303, 0.00660838605836, 0.0017692502588, 0.000923370593227, 0.00123036419973, 0.00111600325909, 0.000654755043797, 0.000446061458206, 0.000493705971166, 0.000692828965839, 0.00035737894359, 0.000339426303981, 0.000357658194844, 0.00029787432868, 0.000262252549874, 0.000235536805121, 0.000197449771804, 0.000179094553459, 0.000222698887228, 0.000311989075271, 0.000401032943046, 0.000164311088156, 0.000104878032289, 1.64941793628e-05], "dvar": [1.89887060742e-07, 0.000229013865464, 0.000164369819686, 9.80492477538e-05, 8.7229818746e-05, 4.31690023106e-06, 3.39371558766e-06, 8.72407235875e-06, 4.05322771257e-06, 3.52111715074e-06, 1.18783543712e-06, 4.45174180186e-07, 1.17984711778e-06, 5.07559377638e-07, 2.02458465992e-07, 2.21971717451e-07, 7.80683109269e-08, 6.57883276745e-08, 6.00932352768e-08, 3.66010723951e-08, 3.5337603066e-08, 6.78661677966e-08, 1.6154046989e-07, 8.01184171451e-07, 1.66753380881e-07, 1.78244590643e-07, 1.91149740481e-09], "dvar2": [2.26364704758e-07, 0.000367471016943, 0.000409613800002, 0.000272422912531, 0.000244481809204, 9.42812403082e-06, 7.42092834116e-06, 1.73246899067e-05, 9.66836432781e-06, 9.43045870372e-06, 1.83277734322e-06, 9.37944605539e-07, 2.43914996645e-06, 1.0697099242e-06, 4.50766009408e-07, 5.37807977707e-07, 1.69174214193e-07, 1.46959507674e-07, 1.47208481849e-07, 8.1668680707e-08, 8.07312616757e-08, 1.28358337292e-07, 3.24876623381e-07, 1.54254996687e-06, 3.46234088511e-07, 3.56920565991e-07, 3.36866423645e-09], "max": [0.00364543055184, 0.125015184283, 0.0725594758987, 0.0622449815273, 0.0737961530685, 0.0327809117734, 0.0428452193737, 0.0631305426359, 0.0509988367558, 0.0353646948934, 0.0576043054461, 0.0196110382676, 0.0268039871007, 0.0160206314176, 0.0136802829802, 0.0113629940897, 0.00481241475791, 0.00388878467493, 0.00355977774598, 0.00220407452434, 0.00153944978956, 0.00499604549259, 0.0081672295928, 0.0271845068783, 0.0178479067981, 0.0204872135073, 0.0012371216435], "mean": [0.000583663990255, 0.0170703232288, 0.00371618196368, 0.00282187364064, 0.0031700420659, 0.00153399375267, 0.000924188527279, 0.00110253458843, 0.00101607537363, 0.000431565276813, 0.000446194317192, 0.00041801284533, 0.000557108374778, 0.000344886066159, 0.000289279822027, 0.000249625009019, 0.000237224812736, 0.000253209844232, 0.000204152194783, 0.000174202359631, 0.000151434738655, 0.000237629079493, 0.000328780559357, 0.000442295393441, 0.000185643380973, 0.000121035940538, 1.90074788406e-05], "median": [0.000163339776918, 0.00398155627772, 0.000140086282045, 0.000470340135507, 0.000924498541281, 0.000618391728494, 0.00033037175308, 0.000162871088833, 0.000216803746298, 0.000104985301732, 7.86067830632e-05, 0.000107678388304, 0.000125643360661, 6.10071328992e-05, 8.27038602438e-05, 9.24849591684e-05, 0.00011089524196, 0.000101050696685, 8.86465568328e-05, 7.99736735644e-05, 6.13315787632e-05, 7.8165474406e-05, 8.35823157104e-05, 7.57995367167e-05, 3.22078085446e-05, 1.25235546875e-05, 1.85812905329e-06], "min": [2.03254059904e-14, 5.6490469549e-15, 5.00088622636e-16, 4.05622399691e-16, 2.25217865631e-15, 1.79489902589e-15, 1.903071486e-15, 5.38738238387e-15, 6.08049335098e-15, 8.56069348845e-15, 4.50943951031e-15, 1.08527356328e-15, 2.58406204691e-14, 5.2401875394e-15, 1.43518738425e-14, 2.98968376368e-14, 2.22179842205e-14, 4.7996424001e-14, 1.78573467997e-14, 3.2367402351e-14, 4.27183482544e-14, 7.0188043474e-14, 3.59316593948e-14, 1.19129898546e-13, 9.40983402309e-14, 1.51380278213e-13, 1.77825947869e-13], "var": [7.28448981135e-07, 0.000681569043081, 0.000129666601424, 6.15357712377e-05, 6.0280370235e-05, 6.31229431747e-06, 6.86087560098e-06, 1.5695060938e-05, 7.58299847803e-06, 2.89979152512e-06, 3.48825210494e-06, 1.38369694014e-06, 2.4232715532e-06, 1.44390537571e-06, 4.36260194192e-07, 2.27286321319e-07, 1.12751685322e-07, 1.64090721455e-07, 1.01634171301e-07, 6.15407955706e-08, 4.9798025259e-08, 1.95301652184e-07, 4.11383950905e-07, 1.96657470042e-06, 3.28451164933e-07, 3.66842982658e-07, 4.09784206568e-09]}, "erbbands": {"dmean": [0.291408210993, 2.26993632317, 5.21307706833, 9.11498355865, 15.1938409805, 10.5978918076, 6.51645469666, 11.2561540604, 8.64266109467, 8.99625015259, 20.9582576752, 16.6004447937, 9.2578792572, 14.5381307602, 9.93578910828, 14.4400672913, 19.3900165558, 11.523314476, 12.2911481857, 9.06753730774, 11.8945608139, 10.3133859634, 9.70834445953, 7.42362499237, 7.0875005722, 6.31560134888, 4.32756090164, 4.65732765198, 4.92631530762, 5.80666446686, 6.16311597824, 6.72869634628, 3.89647078514, 1.51858580112, 0.715594649315, 0.440740466118, 0.111694842577, 0.0205084681511, 0.00187677284703, 7.99300105427e-05], "dmean2": [0.292888998985, 2.64819788933, 7.79242229462, 15.7064495087, 28.1326694489, 18.7341346741, 10.6913890839, 17.1986694336, 13.1737232208, 14.453909874, 31.2785625458, 26.1314373016, 14.5805921555, 22.4639339447, 16.2179698944, 23.2422161102, 30.0916881561, 17.2769641876, 18.7435054779, 14.6975507736, 18.6317157745, 16.2614440918, 15.06224823, 11.9404687881, 11.3272819519, 10.036034584, 6.7312502861, 7.16677522659, 7.17087745667, 8.83395290375, 9.20241737366, 9.93753051758, 5.80097389221, 2.22009921074, 1.04432833195, 0.605859816074, 0.153619721532, 0.0281447209418, 0.00265858648345, 0.000107306696009], "dvar": [0.166720330715, 15.6017198563, 143.468948364, 530.036010742, 1673.27416992, 669.452636719, 197.957489014, 490.960632324, 369.531463623, 1547.22900391, 6311.73046875, 2061.07373047, 890.780090332, 3692.7722168, 523.685180664, 931.554870605, 2147.52783203, 786.288085938, 835.119628906, 309.459899902, 500.856994629, 243.972930908, 220.522689819, 130.478469849, 130.770065308, 94.0807723999, 49.2022399902, 57.7819900513, 79.8123016357, 98.7981338501, 146.845367432, 522.744384766, 195.257522583, 37.8684768677, 5.69899225235, 6.77827453613, 0.295217216015, 0.00598615733907, 6.12014118815e-05, 5.35676250024e-08], "dvar2": [0.208714231849, 24.9006137848, 320.929016113, 1404.28527832, 4792.09912109, 1779.60571289, 498.102539062, 1032.7565918, 779.214355469, 3608.21655273, 11532.3779297, 4728.14941406, 1945.11828613, 8873.87109375, 1246.94628906, 1928.3302002, 4382.22363281, 1519.04589844, 1793.42724609, 784.180847168, 1176.69384766, 540.183776855, 489.744262695, 299.369445801, 315.545654297, 218.738494873, 104.156929016, 134.985443115, 143.064804077, 200.901092529, 298.180877686, 1049.96350098, 410.903686523, 85.491859436, 10.8753385544, 13.068066597, 0.582771778107, 0.00984996091574, 0.000110072520329, 8.39092848537e-08], "max": [3.98311758041, 31.3004283905, 74.4633483887, 156.136123657, 306.942565918, 294.726043701, 210.086608887, 289.737762451, 648.366943359, 1101.69299316, 1732.9798584, 1036.45483398, 1037.26269531, 1707.39526367, 701.777038574, 816.683776855, 1128.14086914, 658.008850098, 817.023681641, 385.590942383, 298.460632324, 165.148635864, 253.45930481, 199.69833374, 154.156936646, 102.549034119, 59.8822860718, 69.5794525146, 169.872589111, 216.570785522, 258.986236572, 685.0078125, 327.211914062, 269.404754639, 88.1996536255, 131.013214111, 24.96667099, 1.64983284473, 0.281005948782, 0.00791168212891], "mean": [0.573696434498, 3.45078086853, 4.85142993927, 7.24121046066, 11.4373941422, 9.7694568634, 7.83548736572, 14.3158597946, 13.666642189, 13.0299491882, 31.1941623688, 26.1492176056, 13.4898996353, 20.0152454376, 12.7295055389, 20.3806972504, 25.8391399384, 17.7677192688, 18.7289142609, 12.1578140259, 13.780629158, 13.3801488876, 14.8440551758, 11.0991077423, 10.2947759628, 8.40548229218, 5.50831699371, 6.5201125145, 7.9922003746, 9.23219776154, 9.40669727325, 10.6280059814, 6.10635566711, 2.46426773071, 1.13814461231, 0.69517147541, 0.178066715598, 0.033111102879, 0.00308430823497, 0.000170282204635], "median": [0.164878159761, 0.551271915436, 0.458672344685, 1.22174310684, 2.3611907959, 2.84417057037, 3.56786346436, 5.04226303101, 6.04255867004, 3.52792716026, 4.88898658752, 5.74666213989, 3.95002841949, 4.52979040146, 3.60886287689, 5.17216157913, 5.94496583939, 4.35665607452, 5.02920246124, 4.61782217026, 5.45679187775, 6.08601951599, 6.08974695206, 5.04307365417, 4.68383407593, 3.85220956802, 2.23707270622, 2.69007849693, 2.7803735733, 2.60378265381, 2.4036154747, 2.0100569725, 0.89578306675, 0.356534004211, 0.206635355949, 0.0779241919518, 0.017131652683, 0.00297232135199, 0.00033455574885, 6.66265550535e-05], "min": [3.0024732158e-13, 9.21737946386e-13, 6.47747643284e-13, 1.58055242071e-12, 5.92579501094e-12, 5.40426123991e-12, 6.41387594078e-12, 1.54987776085e-11, 2.98912457286e-11, 4.33042941783e-11, 1.50319978687e-10, 1.21970947231e-10, 2.94109403498e-10, 1.62800148362e-10, 1.6042225881e-10, 1.01880885672e-10, 9.70222013841e-10, 6.13868400556e-10, 3.42500749984e-10, 1.27451516008e-09, 1.46894219011e-09, 1.4742392862e-09, 2.93761504011e-09, 6.99464763887e-10, 1.4823146044e-09, 1.64279911896e-09, 7.95464749626e-10, 2.45666353926e-09, 2.84986301224e-09, 1.75974901317e-09, 8.03069999389e-10, 2.01935712596e-09, 1.92390681164e-09, 1.26594990046e-09, 6.43688324864e-10, 3.93311244684e-10, 3.47627843178e-10, 1.04605386853e-10, 2.32762316366e-11, 2.62886717603e-12], "var": [0.697104632854, 36.5272750854, 153.348358154, 375.788970947, 1016.41973877, 546.062805176, 185.658843994, 703.918701172, 787.401611328, 2043.36767578, 12544.1533203, 4385.98095703, 1595.07177734, 5482.14501953, 841.249938965, 3054.73071289, 4937.40136719, 2202.22802734, 2317.32104492, 384.464111328, 575.73449707, 334.17767334, 583.383422852, 261.39956665, 219.961990356, 140.514373779, 68.9583511353, 89.7626495361, 234.79486084, 254.304977417, 366.8515625, 1154.71923828, 402.840087891, 66.4673538208, 11.4154176712, 14.2370986938, 0.623297870159, 0.0131832705811, 0.000120802731544, 1.58339375389e-07]}, "gfcc": {"mean": [-6.38207912445, 66.5248641968, -97.7254638672, 37.4491043091, -55.7032318115, 19.1531066895, -36.0086135864, 10.8352766037, -15.4149637222, 3.42440032959, -8.13199996948, 6.01719427109, -9.98094081879], "cov": [[8379.11230469, -538.815856934, 450.000335693, -109.979438782, -214.383178711, 572.830810547, 126.606452942, 142.459518433, -287.058410645, -0.675559937954, -265.174224854, -174.815551758, -422.52456665], [-538.815856934, 1658.4630127, -130.866699219, 214.149932861, 376.697570801, -70.6436691284, 322.694641113, -5.30241632462, 109.918022156, -50.5452003479, 123.189598083, -53.5536422729, 22.3589744568], [450.000335693, -130.866699219, 1011.50262451, 197.056289673, 210.794998169, 272.333862305, 159.289916992, 123.23865509, 16.5275936127, 32.4827690125, 28.8296546936, 9.94226551056, -70.2668762207], [-109.979438782, 214.149932861, 197.056289673, 468.43572998, 240.168014526, 79.6688079834, 95.9571838379, 18.64494133, 57.1749038696, 1.48242425919, 71.8239440918, 20.637468338, 65.0200271606], [-214.383178711, 376.697570801, 210.794998169, 240.168014526, 489.611755371, 140.497207642, 249.775466919, 104.071228027, 74.6716995239, 41.4843444824, 99.2811813354, 35.9787063599, 27.517162323], [572.830810547, -70.6436691284, 272.333862305, 79.6688079834, 140.497207642, 324.137084961, 211.538070679, 114.912658691, 39.8232345581, 43.3755264282, 55.3232498169, 8.6136674881, -33.3242874146], [126.606452942, 322.694641113, 159.289916992, 95.9571838379, 249.775466919, 211.538070679, 381.369476318, 124.072364807, 67.2035903931, 45.9207305908, 90.562286377, -7.18682527542, -26.0132026672], [142.459518433, -5.30241632462, 123.23865509, 18.64494133, 104.071228027, 114.912658691, 124.072364807, 169.539871216, 102.590431213, 66.0025253296, 61.5107727051, 36.7677345276, 4.28497600555], [-287.058410645, 109.918022156, 16.5275936127, 57.1749038696, 74.6716995239, 39.8232345581, 67.2035903931, 102.590431213, 192.798904419, 80.8668670654, 88.9334411621, 53.6146125793, 69.0742416382], [-0.675559937954, -50.5452003479, 32.4827690125, 1.48242425919, 41.4843444824, 43.3755264282, 45.9207305908, 66.0025253296, 80.8668670654, 119.911880493, 68.1345825195, 53.2243766785, 41.0667953491], [-265.174224854, 123.189598083, 28.8296546936, 71.8239440918, 99.2811813354, 55.3232498169, 90.562286377, 61.5107727051, 88.9334411621, 68.1345825195, 168.786102295, 85.930229187, 62.2447662354], [-174.815551758, -53.5536422729, 9.94226551056, 20.637468338, 35.9787063599, 8.6136674881, -7.18682527542, 36.7677345276, 53.6146125793, 53.2243766785, 85.930229187, 126.095161438, 76.4454269409], [-422.52456665, 22.3589744568, -70.2668762207, 65.0200271606, 27.517162323, -33.3242874146, -26.0132026672, 4.28497600555, 69.0742416382, 41.0667953491, 62.2447662354, 76.4454269409, 142.649841309]], "icov": [[0.000190172504517, -9.11839379114e-05, 4.95862586831e-05, -0.000129567895783, 0.000197202796699, -0.000466029916424, 0.000171215477167, -0.000300892075757, 0.000381927064154, -0.000368491513655, 0.000354693998815, -0.000189246551599, 0.000422204087954], [-9.11839379114e-05, 0.00132163939998, 8.44973110361e-05, 3.28449168592e-05, -0.000782834074926, 0.00137463025749, -0.00139616371598, 0.0010638255626, -0.00126168911811, 0.00133811403066, -0.00108043174259, 0.000901311810594, -5.08599296154e-05], [4.95862586831e-05, 8.44973110361e-05, 0.00152319320478, -0.000623171683401, -0.000258961808868, -0.00102112093009, 0.00032014012686, -0.000569004332647, 0.000268640578724, -0.000258270272752, 0.0003538026358, -0.000509713368956, 0.0011178960558], [-0.000129567895783, 3.28449168592e-05, -0.000623171683401, 0.00370968948118, -0.00171869120095, -0.00023189172498, 0.000316827761708, 0.00138623337261, -0.00103136489633, 0.00146366294939, -0.0012286977144, 0.00140885228757, -0.00223408825696], [0.000197202796699, -0.000782834074926, -0.000258961808868, -0.00171869120095, 0.00475695310161, -0.000474992353702, -0.00147510459647, -0.0017514815554, 0.00134871143382, -0.000953489274252, 0.000808709301054, -0.00148950668518, 0.00018443139561], [-0.000466029916424, 0.00137463025749, -0.00102112093009, -0.00023189172498, -0.000474992353702, 0.00858104974031, -0.00435859058052, -0.000577303406317, -0.000938136596233, 0.00129282474518, -0.00175460090395, 0.000695098016877, -0.000199162997887], [0.000171215477167, -0.00139616371598, 0.00032014012686, 0.000316827761708, -0.00147510459647, -0.00435859058052, 0.00823462475091, -0.00286744534969, 0.00153371121269, -0.00155353033915, -0.00156331737526, 0.00216248631477, 0.000821234716568], [-0.000300892075757, 0.0010638255626, -0.000569004332647, 0.00138623337261, -0.0017514815554, -0.000577303406317, -0.00286744534969, 0.0153383668512, -0.00778107764199, -0.000539568311069, -5.22721275047e-05, -0.00206901226193, 0.00230394047685], [0.000381927064154, -0.00126168911811, 0.000268640578724, -0.00103136489633, 0.00134871143382, -0.000938136596233, 0.00153371121269, -0.00778107764199, 0.013425020501, -0.00488820159808, -0.00108803412877, 0.0013062042417, -0.0033531524241], [-0.000368491513655, 0.00133811403066, -0.000258270272752, 0.00146366294939, -0.000953489274252, 0.00129282474518, -0.00155353033915, -0.000539568311069, -0.00488820159808, 0.0162237491459, -0.00372571195476, -0.000875541591085, -0.00208540493622], [0.000354693998815, -0.00108043174259, 0.0003538026358, -0.0012286977144, 0.000808709301054, -0.00175460090395, -0.00156331737526, -5.22721275047e-05, -0.00108803412877, -0.00372571195476, 0.0148096345365, -0.00852833408862, 0.000812449550722], [-0.000189246551599, 0.000901311810594, -0.000509713368956, 0.00140885228757, -0.00148950668518, 0.000695098016877, 0.00216248631477, -0.00206901226193, 0.0013062042417, -0.000875541591085, -0.00852833408862, 0.0192306041718, -0.00765357119963], [0.000422204087954, -5.08599296154e-05, 0.0011178960558, -0.00223408825696, 0.00018443139561, -0.000199162997887, 0.000821234716568, 0.00230394047685, -0.0033531524241, -0.00208540493622, 0.000812449550722, -0.00765357119963, 0.0158071406186]]}, "melbands": {"dmean": [0.00254612858407, 0.00238170591183, 0.00166836986318, 0.000959638622589, 0.000256858591456, 0.000241383109824, 0.000132071669213, 0.000101043187897, 0.000173475214979, 0.000102685131424, 4.68060279672e-05, 6.04785818723e-05, 3.66719141311e-05, 3.41684281011e-05, 4.32508022641e-05, 4.03073499911e-05, 2.10971684282e-05, 2.11520746234e-05, 1.5093735783e-05, 1.56519472512e-05, 1.30178987092e-05, 1.04863747765e-05, 1.139086271e-05, 7.72640123614e-06, 6.14627924733e-06, 5.54613325221e-06, 5.02521061208e-06, 4.18168929173e-06, 2.6075920232e-06, 2.93131097351e-06, 2.60185993284e-06, 2.58002546616e-06, 3.52704637407e-06, 3.31971205014e-06, 3.44875616065e-06, 4.38938468506e-06, 4.21312097387e-06, 3.1653332826e-06, 1.89167781173e-06, 1.17393665278e-06], "dmean2": [0.00274025578983, 0.003024360165, 0.00282827531919, 0.00176494638436, 0.000425249105319, 0.000366968422895, 0.000202016773983, 0.000161661213497, 0.000260827568127, 0.000162667551194, 7.48207821744e-05, 9.5021641755e-05, 5.69927797187e-05, 5.78264734941e-05, 6.84542392264e-05, 6.13039301243e-05, 3.18286329275e-05, 3.20320541505e-05, 2.50283774221e-05, 2.58956424659e-05, 2.03869276447e-05, 1.66783738678e-05, 1.80403567356e-05, 1.2283918295e-05, 9.99600069918e-06, 9.06326204131e-06, 7.90050762589e-06, 6.76146237311e-06, 4.11703331338e-06, 4.58070417153e-06, 4.01157012675e-06, 3.80139954359e-06, 5.44436261407e-06, 5.06434116687e-06, 5.2871432672e-06, 6.39342670183e-06, 6.37291759631e-06, 4.8038841669e-06, 2.81444454231e-06, 1.76854382516e-06], "dvar": [1.47922028191e-05, 2.12949944398e-05, 1.64961475093e-05, 6.37574430584e-06, 3.2216317436e-07, 2.09211691526e-07, 8.6790166165e-08, 1.56218277425e-07, 4.21081523427e-07, 8.06401487807e-08, 2.58588137569e-08, 7.41515506775e-08, 1.18331646703e-08, 4.34986358044e-09, 1.08714006686e-08, 1.5410996923e-08, 3.00013192067e-09, 3.22579096768e-09, 1.2218581702e-09, 1.3412482236e-09, 5.60303414776e-10, 2.69158306754e-10, 3.42960632116e-10, 1.34485894643e-10, 1.00218951193e-10, 9.62392249226e-11, 5.80809601802e-11, 4.40821476544e-11, 1.92849191477e-11, 2.41699108644e-11, 1.72259446291e-11, 2.33637692526e-11, 4.19636339566e-11, 3.55701336441e-11, 4.514380883e-11, 1.37454658766e-10, 2.75070966005e-10, 1.34333322244e-10, 6.62032512144e-11, 2.26228445699e-11], "dvar2": [2.1095145712e-05, 3.67784668924e-05, 4.23249293817e-05, 1.80820588866e-05, 7.94869663423e-07, 4.37025107658e-07, 1.81479762773e-07, 3.66839003618e-07, 7.68153029185e-07, 1.866654884e-07, 5.83035273394e-08, 1.86986468975e-07, 2.28332943664e-08, 1.07503650426e-08, 1.95037532791e-08, 2.96171034364e-08, 5.50223777651e-09, 7.06907554715e-09, 3.16036330439e-09, 3.35794814177e-09, 1.28710164748e-09, 6.04926997383e-10, 7.86059828339e-10, 3.16808967948e-10, 2.33953051376e-10, 2.37875913411e-10, 1.33310903982e-10, 1.06028096025e-10, 4.09276883218e-11, 5.66203646468e-11, 4.01430555463e-11, 4.55770490793e-11, 8.32255445116e-11, 7.60649460085e-11, 1.01312576384e-10, 2.71788869188e-10, 5.55761270338e-10, 2.82272316632e-10, 1.57984555993e-10, 5.23964031884e-11], "max": [0.032881513238, 0.0320886038244, 0.0260472968221, 0.0192759558558, 0.00790573563427, 0.0074844956398, 0.00847841333598, 0.0105899022892, 0.0136479428038, 0.00744269741699, 0.00523717794567, 0.00629680231214, 0.00479857577011, 0.00129696668591, 0.0048040272668, 0.00373583333567, 0.00115695723798, 0.0011904501589, 0.00107051047962, 0.00114799756557, 0.000254808866885, 0.000186133009265, 0.000292604905553, 0.000168544487678, 0.000181750030606, 0.000154561945237, 9.57028387347e-05, 7.14022608008e-05, 4.02846853831e-05, 4.02818659495e-05, 4.52071690233e-05, 9.06843270059e-05, 0.000165617006132, 0.000119748969155, 0.000115536313388, 0.000305205874611, 0.00056891044369, 0.000276664010016, 0.000280151492916, 0.00020685425261], "mean": [0.00492571340874, 0.00329400715418, 0.00141036242712, 0.000792144390289, 0.000292262528092, 0.000315179873724, 0.000213179169805, 0.000143619559822, 0.000252856058069, 0.000157294329256, 6.26611072221e-05, 7.90023259469e-05, 4.9450329243e-05, 4.24646932515e-05, 5.70435913687e-05, 5.44741560589e-05, 3.13357741106e-05, 3.15030920319e-05, 1.99812311621e-05, 1.77996535058e-05, 1.48231374624e-05, 1.28831234179e-05, 1.55952511705e-05, 1.10921482701e-05, 8.72577220434e-06, 7.59694557928e-06, 7.12664177627e-06, 5.0913290579e-06, 3.07613163386e-06, 3.74578758056e-06, 3.66283688891e-06, 4.07946299674e-06, 5.27114525539e-06, 5.14634575666e-06, 4.99453290104e-06, 6.60086971038e-06, 6.47986871627e-06, 4.80604649056e-06, 2.77037884189e-06, 1.82480653166e-06], "median": [0.00131299044006, 0.000432809058111, 0.000304625689751, 0.000198183595785, 0.000134756162879, 0.000114476330054, 9.05946872081e-05, 3.70189300156e-05, 3.75824747607e-05, 3.26935623889e-05, 1.76753037522e-05, 1.74820033862e-05, 1.07785162982e-05, 1.24441085063e-05, 1.22363890114e-05, 1.1435478882e-05, 6.57638520352e-06, 7.52414780436e-06, 5.80760206503e-06, 6.64396611683e-06, 5.80453161092e-06, 5.70026986679e-06, 6.42889426672e-06, 4.4944581532e-06, 3.78686218028e-06, 3.11717872137e-06, 3.35605068358e-06, 2.0147494979e-06, 1.16171258924e-06, 1.43569991451e-06, 1.50162395585e-06, 1.44447835737e-06, 1.57886347552e-06, 1.33809635372e-06, 1.3238095562e-06, 1.37758047458e-06, 1.10070368464e-06, 6.44564352115e-07, 3.51131944853e-07, 2.67745349447e-07], "min": [3.18007275684e-15, 6.88461762083e-16, 3.72176059689e-16, 4.36898508933e-16, 2.47565495868e-16, 3.5863946734e-16, 4.7225866694e-16, 5.85352494354e-16, 1.22655527075e-15, 7.99293958589e-16, 1.50460802349e-15, 6.83222651546e-16, 6.2297415092e-16, 1.30316111579e-16, 7.37787614036e-16, 2.90194207707e-15, 8.55316823599e-16, 3.04975827315e-16, 1.50254031019e-15, 2.05340924623e-15, 1.50196146905e-15, 9.74405526698e-16, 3.44176909161e-15, 1.63549473088e-15, 3.94408345213e-16, 8.0640490606e-16, 1.44660892474e-15, 9.20561865702e-16, 3.58787592227e-16, 7.80264834033e-16, 1.63893866096e-15, 1.6497598245e-15, 1.27937624535e-15, 8.91931622689e-16, 3.44359894747e-16, 8.13810938634e-16, 1.37645532671e-15, 1.3519123353e-15, 1.22797087457e-15, 1.09868516533e-15], "var": [5.26116673427e-05, 4.01251272706e-05, 1.26973955048e-05, 4.18836998506e-06, 2.96117917742e-07, 3.20193521475e-07, 2.08065245033e-07, 2.04147866611e-07, 8.32614261981e-07, 1.79676334255e-07, 4.05328712816e-08, 9.08465978e-08, 2.6061922398e-08, 8.71378968981e-09, 4.39611191894e-08, 3.35413616881e-08, 9.03759556081e-09, 8.83793838113e-09, 1.71852820863e-09, 1.26846166904e-09, 6.70392852342e-10, 3.46961986919e-10, 6.08394890023e-10, 3.08035569274e-10, 1.8727269735e-10, 1.55898516319e-10, 1.04008197888e-10, 5.80455510046e-11, 2.47071686027e-11, 3.29581535674e-11, 2.88757507488e-11, 6.08176842221e-11, 1.08673535448e-10, 8.41333530621e-11, 9.15984441074e-11, 3.07660119603e-10, 5.69650604465e-10, 2.69741007308e-10, 1.03659567041e-10, 3.79166108233e-11]}, "mfcc": {"mean": [-653.306518555, 99.0487976074, 16.0746955872, 22.2786159515, 9.66278743744, 8.83942222595, -2.37990093231, 10.2194843292, -3.84988641739, 4.79840087891, 2.45156979561, 3.80297327042, 0.930065095425], "cov": [[6838.68945312, -380.935882568, 209.462875366, -338.165039062, -191.214065552, 125.083206177, 124.908103943, 73.7803878784, -76.2583389282, 80.6182403564, -16.2610321045, -64.6092681885, -150.017333984], [-380.935882568, 1340.01745605, -192.078781128, 273.027130127, 27.4107246399, 100.306999207, 168.528717041, 146.99395752, 46.002620697, 51.7141647339, 140.319717407, 40.3623466492, 28.4525699615], [209.462875366, -192.078781128, 749.879516602, 30.4699554443, 133.835617065, 106.354522705, 114.148674011, 85.7585144043, 27.654586792, 54.4332962036, 30.6017227173, 53.921257019, 25.5988006592], [-338.165039062, 273.027130127, 30.4699554443, 441.579681396, 189.672851562, 111.912025452, 96.9373779297, 57.8641777039, 64.4544830322, -2.91596436501, 7.01637220383, 53.5321159363, 74.7673110962], [-191.214065552, 27.4107246399, 133.835617065, 189.672851562, 286.595611572, 96.9505081177, 84.5258789062, 74.1250152588, 59.1707458496, 24.9169139862, 21.6979885101, 57.6020736694, 57.8338432312], [125.083206177, 100.306999207, 106.354522705, 111.912025452, 96.9505081177, 220.114135742, 186.947189331, 107.558662415, 62.5403862, 47.370552063, 70.4688644409, 50.150680542, 32.2689590454], [124.908103943, 168.528717041, 114.148674011, 96.9373779297, 84.5258789062, 186.947189331, 321.112548828, 156.498092651, 59.7455863953, 54.7917175293, 109.480819702, 63.2031478882, 46.2878265381], [73.7803878784, 146.99395752, 85.7585144043, 57.8641777039, 74.1250152588, 107.558662415, 156.498092651, 200.297119141, 56.2414512634, 75.0129013062, 102.864326477, 56.7889442444, 46.8643035889], [-76.2583389282, 46.002620697, 27.654586792, 64.4544830322, 59.1707458496, 62.5403862, 59.7455863953, 56.2414512634, 129.123519897, 62.2395973206, 43.9134368896, 38.1677322388, 25.0260543823], [80.6182403564, 51.7141647339, 54.4332962036, -2.91596436501, 24.9169139862, 47.370552063, 54.7917175293, 75.0129013062, 62.2395973206, 135.325881958, 91.1036071777, 34.0168495178, 8.76418972015], [-16.2610321045, 140.319717407, 30.6017227173, 7.01637220383, 21.6979885101, 70.4688644409, 109.480819702, 102.864326477, 43.9134368896, 91.1036071777, 165.185012817, 57.5593109131, 25.3692378998], [-64.6092681885, 40.3623466492, 53.921257019, 53.5321159363, 57.6020736694, 50.150680542, 63.2031478882, 56.7889442444, 38.1677322388, 34.0168495178, 57.5593109131, 100.23236084, 64.7992630005], [-150.017333984, 28.4525699615, 25.5988006592, 74.7673110962, 57.8338432312, 32.2689590454, 46.2878265381, 46.8643035889, 25.0260543823, 8.76418972015, 25.3692378998, 64.7992630005, 119.511428833]], "icov": [[0.000169559760252, 3.87711188523e-05, -1.6928099285e-05, 7.77636523708e-05, 0.000112560403068, -0.000174128494109, -6.0428505094e-05, -0.00011628048378, 0.000163361793966, -0.00019264088769, 0.000205996941077, -4.38886345364e-05, 0.000180121540325], [3.87711188523e-05, 0.00110912905075, 0.000311811163556, -0.000867214344908, 0.000427973573096, 0.000136525370181, -0.000226107164053, -0.000584465393331, 0.000213210150832, 4.38975475845e-05, -0.000739789335057, 0.000117048839456, 0.000378862721846], [-1.6928099285e-05, 0.000311811163556, 0.00170343543869, 7.81215421739e-05, -0.000610447081272, -0.000337543373462, -0.000321620056638, -0.000350050628185, 0.000490858627018, -0.000636522716377, 0.000454633205663, -0.000611286261119, 0.00031797811971], [7.77636523708e-05, -0.000867214344908, 7.81215421739e-05, 0.00440035946667, -0.00220393575728, -0.001240707119, -3.17394369631e-05, 0.000568353687413, -0.000892471056432, 0.000627040397376, 0.00115295976866, -7.91086058598e-05, -0.00133555801585], [0.000112560403068, 0.000427973573096, -0.000610447081272, -0.00220393575728, 0.00617186911404, -0.000931583053898, 0.000282359134872, -0.00120997405611, -0.000611176597886, -0.000172829881194, 0.00069423543755, -0.00113893928938, -0.000210260346648], [-0.000174128494109, 0.000136525370181, -0.000337543373462, -0.001240707119, -0.000931583053898, 0.0107450932264, -0.00481705041602, -0.000571499578655, -0.00161149096675, -5.72614044358e-05, -0.000428238301538, -0.000548630487174, 0.000966786814388], [-6.0428505094e-05, -0.000226107164053, -0.000321620056638, -3.17394369631e-05, 0.000282359134872, -0.00481705041602, 0.00803020782769, -0.00288578914478, -0.000182672025403, 0.00177858874667, -0.00213453290053, 5.02784359924e-06, -0.000389632768929], [-0.00011628048378, -0.000584465393331, -0.000350050628185, 0.000568353687413, -0.00120997405611, -0.000571499578655, -0.00288578914478, 0.0111295273528, -0.00054633495165, -0.00209127529524, -0.00257542496547, 0.000334167270921, -0.00216084555723], [0.000163361793966, 0.000213210150832, 0.000490858627018, -0.000892471056432, -0.000611176597886, -0.00161149096675, -0.000182672025403, -0.00054633495165, 0.0121400095522, -0.00539604015648, 0.00139543635305, -0.00192294013686, 0.000223319686484], [-0.00019264088769, 4.38975475845e-05, -0.000636522716377, 0.000627040397376, -0.000172829881194, -5.72614044358e-05, 0.00177858874667, -0.00209127529524, -0.00539604015648, 0.0153697906062, -0.00709730945528, 0.00026963072014, 0.00108529580757], [0.000205996941077, -0.000739789335057, 0.000454633205663, 0.00115295976866, 0.00069423543755, -0.000428238301538, -0.00213453290053, -0.00257542496547, 0.00139543635305, -0.00709730945528, 0.0148586854339, -0.0051885144785, 0.00111968733836], [-4.38886345364e-05, 0.000117048839456, -0.000611286261119, -7.91086058598e-05, -0.00113893928938, -0.000548630487174, 5.02784359924e-06, 0.000334167270921, -0.00192294013686, 0.00026963072014, -0.0051885144785, 0.0203867349774, -0.00890565849841], [0.000180121540325, 0.000378862721846, 0.00031797811971, -0.00133555801585, -0.000210260346648, 0.000966786814388, -0.000389632768929, -0.00216084555723, 0.000223319686484, 0.00108529580757, 0.00111968733836, -0.00890565849841, 0.014574309811]]}, "spectral_contrast_coeffs": {"dmean": [0.0637920722365, 0.0563043430448, 0.0457938909531, 0.0363763310015, 0.0246661454439, 0.0228204559535], "dmean2": [0.0968679413199, 0.0884636566043, 0.073730327189, 0.056960888207, 0.038193564862, 0.0345316827297], "dvar": [0.00359494122677, 0.00226368475705, 0.00148035469465, 0.000951249559876, 0.00046272209147, 0.000384270300856], "dvar2": [0.00778821250424, 0.00521148229018, 0.0036570080556, 0.00221739290282, 0.001020696247, 0.000844349968247], "max": [-0.298414260149, -0.384024500847, -0.442720115185, -0.528263807297, -0.574021160603, -0.636543035507], "mean": [-0.633958339691, -0.730988323689, -0.787598073483, -0.78850030899, -0.799639523029, -0.777535140514], "median": [-0.647597789764, -0.741358995438, -0.805336833, -0.801416993141, -0.807494521141, -0.779960930347], "min": [-0.952062904835, -0.956168830395, -0.952704310417, -0.958551824093, -0.940784752369, -0.921548485756], "var": [0.00906888581812, 0.00678805075586, 0.00564129138365, 0.00375117384829, 0.00196272181347, 0.001566369785]}, "spectral_contrast_valleys": {"dmean": [0.454544484615, 0.516019761562, 0.543716847897, 0.446344316006, 0.428418070078, 0.439410746098], "dmean2": [0.664458692074, 0.797627747059, 0.845156013966, 0.667377829552, 0.614610552788, 0.585433900356], "dvar": [0.167072921991, 0.238475576043, 0.280278265476, 0.18776075542, 0.203626409173, 0.21719352901], "dvar2": [0.317708730698, 0.51880979538, 0.634992897511, 0.379972487688, 0.398781090975, 0.350488424301], "max": [-5.44383955002, -4.74730730057, -5.65845060349, -6.06128168106, -5.84320545197, -7.25488853455], "mean": [-7.58958482742, -7.0398683548, -7.