{"lowlevel": {"average_loudness": 0.899668753147, "barkbands_crest": {"dmean": 3.42042827606, "dmean2": 5.42706871033, "dvar": 11.6982440948, "dvar2": 27.3870811462, "max": 26.4129943848, "mean": 14.0104627609, "median": 14.0534248352, "min": 2.18989944458, "var": 32.5503005981}, "barkbands_flatness_db": {"dmean": 0.0478097312152, "dmean2": 0.0660244077444, "dvar": 0.00255418242887, "dvar2": 0.00470767728984, "max": 0.618593811989, "mean": 0.202086269855, "median": 0.174740105867, "min": 0.0241725388914, "var": 0.0137895839289}, "barkbands_kurtosis": {"dmean": 17.5349960327, "dmean2": 26.7699584961, "dvar": 2378.66357422, "dvar2": 4462.79150391, "max": 1570.0480957, "mean": 21.6095237732, "median": 5.28146076202, "min": -1.929936409, "var": 3871.13452148}, "barkbands_skewness": {"dmean": 1.37098741531, "dmean2": 2.02660298347, "dvar": 2.81451559067, "dvar2": 6.25399446487, "max": 30.5423259735, "mean": 2.86132383347, "median": 2.32964634895, "min": -2.64428830147, "var": 7.8915719986}, "barkbands_spread": {"dmean": 9.77206039429, "dmean2": 15.1691293716, "dvar": 164.282592773, "dvar2": 375.17489624, "max": 107.374954224, "mean": 21.3246231079, "median": 15.865860939, "min": 0.0724465996027, "var": 391.034820557}, "dissonance": {"dmean": 0.0206853225827, "dmean2": 0.0327055938542, "dvar": 0.000558711530175, "dvar2": 0.00128439883702, "max": 0.5, "mean": 0.462973028421, "median": 0.474300533533, "min": 0.197929650545, "var": 0.00130706082564}, "dynamic_complexity": 4.62986421585, "erbbands_crest": {"dmean": 2.81332755089, "dmean2": 4.42912530899, "dvar": 7.72678518295, "dvar2": 18.237323761, "max": 29.2012939453, "mean": 9.04900741577, "median": 8.16538619995, "min": 2.16103601456, "var": 17.2820110321}, "erbbands_flatness_db": {"dmean": 0.0310300849378, "dmean2": 0.0428346246481, "dvar": 0.00131299463101, "dvar2": 0.00229019368999, "max": 0.492323726416, "mean": 0.164437457919, "median": 0.15327373147, "min": 0.0454076603055, "var": 0.00462828017771}, "erbbands_kurtosis": {"dmean": 2.12783932686, "dmean2": 3.33451342583, "dvar": 56.9019470215, "dvar2": 136.335830688, "max": 209.554824829, "mean": 1.59793329239, "median": -0.133214950562, "min": -1.90204048157, "var": 64.4247436523}, "erbbands_skewness": {"dmean": 0.581715345383, "dmean2": 0.877862334251, "dvar": 0.564495205879, "dvar2": 1.21201872826, "max": 12.2383489609, "mean": 0.131646618247, "median": -0.0969889461994, "min": -3.46721792221, "var": 1.47294175625}, "erbbands_spread": {"dmean": 15.4849214554, "dmean2": 23.4639434814, "dvar": 347.334960938, "dvar2": 770.164428711, "max": 173.138397217, "mean": 45.8562049866, "median": 41.6890449524, "min": 1.06972193718, "var": 772.841308594}, "hfc": {"dmean": 12.0218629837, "dmean2": 18.5627536774, "dvar": 615.078186035, "dvar2": 1367.79260254, "max": 538.757141113, "mean": 17.8772602081, "median": 6.30796003342, "min": 2.44675698013e-06, "var": 1134.66027832}, "melbands_crest": {"dmean": 3.46992635727, "dmean2": 5.59732055664, "dvar": 11.7558841705, "dvar2": 28.3712997437, "max": 34.648639679, "mean": 18.2890605927, "median": 19.2169742584, "min": 2.90472507477, "var": 35.7851371765}, "melbands_flatness_db": {"dmean": 0.0563557967544, "dmean2": 0.0773942247033, "dvar": 0.0035485336557, "dvar2": 0.00641015451401, "max": 0.771885156631, "mean": 0.279674172401, "median": 0.257240504026, "min": 0.0222529955208, "var": 0.0220428276807}, "melbands_kurtosis": {"dmean": 33.9112663269, "dmean2": 53.5353507996, "dvar": 3428.34960938, "dvar2": 8258.015625, "max": 557.494628906, "mean": 48.5675964355, "median": 20.4583415985, "min": -1.80719256401, "var": 5338.52978516}, "melbands_skewness": {"dmean": 1.78953170776, "dmean2": 2.68092894554, "dvar": 4.31696367264, "dvar2": 9.71741962433, "max": 20.1910495758, "mean": 4.55367136002, "median": 3.89780831337, "min": -1.21003973484, "var": 11.4465122223}, "melbands_spread": {"dmean": 10.4108381271, "dmean2": 16.3263549805, "dvar": 256.686676025, "dvar2": 593.778930664, "max": 219.007400513, "mean": 21.3105278015, "median": 11.0262470245, "min": 0.197739228606, "var": 651.33013916}, "pitch_salience": {"dmean": 0.100678831339, "dmean2": 0.157662853599, "dvar": 0.0104227047414, "dvar2": 0.0248002074659, "max": 0.845377027988, "mean": 0.407343357801, "median": 0.401668012142, "min": 0.0410366430879, "var": 0.0266050454229}, "silence_rate_20dB": {"dmean": 0, "dmean2": 0, "dvar": 0, "dvar2": 0, "max": 1, "mean": 1, "median": 1, "min": 1, "var": 0}, "silence_rate_30dB": {"dmean": 0.0545391775668, "dmean2": 0.109097182751, "dvar": 0.0515637248755, "dvar2": 0.107206210494, "max": 1, "mean": 0.92528039217, "median": 1, "min": 0, "var": 0.0691376253963}, "silence_rate_60dB": {"dmean": 0.0538488104939, "dmean2": 0.107543587685, "dvar": 0.0509486682713, "dvar2": 0.11116245389, "max": 1, "mean": 0.17066437006, "median": 0, "min": 0, "var": 0.141535356641}, "spectral_centroid": {"dmean": 392.382080078, "dmean2": 599.663757324, "dvar": 238562.546875, "dvar2": 515653.21875, "max": 4685.60546875, "mean": 1425.43444824, "median": 1357.0057373, "min": 91.5701751709, "var": 855162.1875}, "spectral_complexity": {"dmean": 4.80497074127, "dmean2": 7.27498722076, "dvar": 53.9501800537, "dvar2": 116.284599304, "max": 60, "mean": 11.7987918854, "median": 9, "min": 0, "var": 113.646492004}, "spectral_decrease": {"dmean": 4.46731984738e-09, "dmean2": 7.05192704231e-09, "dvar": 7.07874896967e-17, "dvar2": 1.61066676582e-16, "max": -1.697003643e-16, "mean": -8.66769500618e-09, "median": -5.64635405098e-09, "min": -9.87557555732e-08, "var": 1.27252486053e-16}, "spectral_energy": {"dmean": 0.0176433436573, "dmean2": 0.0277808606625, "dvar": 0.00106306548696, "dvar2": 0.00241500325501, "max": 0.381532162428, "mean": 0.0343353487551, "median": 0.0221871733665, "min": 8.62416416059e-10, "var": 0.00192114373203}, "spectral_energyband_high": {"dmean": 0.000911752169486, "dmean2": 0.00146156770643, "dvar": 4.51401592727e-06, "dvar2": 1.01781115518e-05, "max": 0.0532276891172, "mean": 0.0011730173137, "median": 0.000121668468637, "min": 1.36487640634e-10, "var": 9.65441631706e-06}, "spectral_energyband_low": {"dmean": 0.0139453615993, "dmean2": 0.0222076568753, "dvar": 0.000707609811798, "dvar2": 0.00163409486413, "max": 0.305100589991, "mean": 0.0260538943112, "median": 0.0180713776499, "min": 1.57080293217e-10, "var": 0.00128680106718}, "spectral_energyband_middle_high": {"dmean": 0.00233117374592, "dmean2": 0.00345169543289, "dvar": 2.73201494565e-05, "dvar2": 5.99726554356e-05, "max": 0.0512148179114, "mean": 0.00301310257055, "median": 0.00114361243322, "min": 1.41228848061e-10, "var": 3.40522419719e-05}, "spectral_energyband_middle_low": {"dmean": 0.00527608580887, "dmean2": 0.00860685668886, "dvar": 0.000194335152628, "dvar2": 0.000447670463473, "max": 0.241927191615, "mean": 0.00592659274116, "median": 0.00186697847676, "min": 4.82881200303e-11, "var": 0.000193172847503}, "spectral_entropy": {"dmean": 0.346151530743, "dmean2": 0.477966010571, "dvar": 0.190930753946, "dvar2": 0.328080445528, "max": 8.80337905884, "mean": 7.32733106613, "median": 7.48230934143, "min": 3.80503988266, "var": 0.733269333839}, "spectral_flux": {"dmean": 0.0401974283159, "dmean2": 0.0609990134835, "dvar": 0.00280886446126, "dvar2": 0.00604575267062, "max": 0.574072420597, "mean": 0.0882256552577, "median": 0.0595011785626, "min": 0.00011459486268, "var": 0.00694225449115}, "spectral_kurtosis": {"dmean": 4.43198394775, "dmean2": 6.89268493652, "dvar": 97.5121917725, "dvar2": 209.400741577, "max": 175.088973999, "mean": 7.94876766205, "median": 3.33491277695, "min": -0.65602850914, "var": 259.623413086}, "spectral_rms": {"dmean": 0.0012780072866, "dmean2": 0.00193281611428, "dvar": 3.11078906634e-06, "dvar2": 6.51698746879e-06, "max": 0.019293172285, "mean": 0.00486947828904, "median": 0.00465252855793, "min": 9.17268721423e-07, "var": 9.78617936198e-06}, "spectral_rolloff": {"dmean": 799.006713867, "dmean2": 1344.2322998, "dvar": 2235030.25, "dvar2": 5304265, "max": 15353.1738281, "mean": 1442.28308105, "median": 387.59765625, "min": 43.06640625, "var": 4369021}, "spectral_skewness": {"dmean": 0.449999928474, "dmean2": 0.674008727074, "dvar": 0.469940364361, "dvar2": 0.918164908886, "max": 10.8526859283, "mean": 1.74243021011, "median": 1.36149001122, "min": 0.23838815093, "var": 1.70260894299}, "spectral_spread": {"dmean": 1048683.875, "dmean2": 1531070.5, "dvar": 1862044745730.0, "dvar2": 3455350734850.0, "max": 12415011, "mean": 4796544, "median": 4398651.5, "min": 553457, "var": 4684045615100.0}, "spectral_strongpeak": {"dmean": 0.256861001253, "dmean2": 0.422862887383, "dvar": 0.17556913197, "dvar2": 0.438103884459, "max": 11.1625318527, "mean": 0.517080008984, "median": 0.374781697989, "min": 0, "var": 0.349251747131}, "zerocrossingrate": {"dmean": 0.0161864310503, "dmean2": 0.0190340336412, "dvar": 0.00039661678602, "dvar2": 0.000538409629371, "max": 0.40478515625, "mean": 0.0562881678343, "median": 0.041015625, "min": 0.00244140625, "var": 0.00272536976263}, "barkbands": {"dmean": [0.000206456868909, 0.00939077883959, 0.00629766378552, 0.00329280039296, 0.00161986902822, 0.000489410420414, 0.00020929184393, 0.000111646440928, 0.000536689942237, 0.000388685148209, 0.000391572888475, 0.00028772407677, 0.000229620389291, 0.000247148651397, 0.000245356728556, 0.000157022630447, 0.000302668166114, 0.000239107888774, 0.000219281864702, 0.00019982852973, 0.00018442759756, 0.000149831568706, 0.000165935416589, 0.000168253085576, 0.000113184330985, 6.46740882075e-05, 2.10420857911e-05], "dmean2": [0.000374995550374, 0.0158912856132, 0.010192646645, 0.00535813299939, 0.0029543035198, 0.000867842638399, 0.000327181478497, 0.000167688180227, 0.000749408558477, 0.000598973711021, 0.000595051504206, 0.000429679377703, 0.000344613159541, 0.000409595872043, 0.000401317083742, 0.000255295541137, 0.000485377589939, 0.000411577057093, 0.000358129938832, 0.000332735362463, 0.000316445104545, 0.000244921306148, 0.000271146505838, 0.000270063406788, 0.000185789554962, 0.000102116413473, 3.73492839572e-05], "dvar": [4.31144655977e-07, 0.000332870346028, 0.000213324412471, 9.18615914998e-05, 3.1743238651e-05, 1.54378881234e-06, 1.95892269517e-07, 8.93989735573e-08, 1.75798857072e-06, 1.00105739875e-06, 1.0861734836e-06, 5.84129793424e-07, 2.21042455451e-07, 8.49409843795e-07, 5.84132919812e-07, 1.87754110925e-07, 4.63821180574e-07, 3.66873194935e-07, 3.49740531647e-07, 2.66618059186e-07, 1.75551349457e-07, 1.44731316709e-07, 1.61035075052e-07, 1.35767763254e-07, 1.27908947434e-07, 9.24130034718e-08, 4.05880129506e-09], "dvar2": [1.22649498735e-06, 0.000901451392565, 0.000510046840645, 0.000209829318919, 9.0289307991e-05, 4.21675804319e-06, 4.85497082536e-07, 2.05728113656e-07, 3.768907618e-06, 2.29425950238e-06, 2.48005176218e-06, 1.27843782138e-06, 4.89145634219e-07, 2.2523925054e-06, 1.27534474359e-06, 4.389195567e-07, 1.02253943624e-06, 9.72890234152e-07, 8.62727461026e-07, 6.37113942048e-07, 4.54501815739e-07, 3.64879383596e-07, 3.88481680602e-07, 3.1553122426e-07, 2.67240579888e-07, 1.77382347033e-07, 1.01623554016e-08], "max": [0.00828236714005, 0.200065642595, 0.157033979893, 0.119008809328, 0.111349724233, 0.0140134347603, 0.00710798194632, 0.00381989381276, 0.0159603208303, 0.0140063222498, 0.0121314777061, 0.0144443614408, 0.00555725162849, 0.0119040105492, 0.0101566705853, 0.00471705105156, 0.00939108245075, 0.00530414655805, 0.00732453074306, 0.00952924694866, 0.0049155135639, 0.00559823447838, 0.00983103550971, 0.00870583672076, 0.00971817690879, 0.00986706744879, 0.00128118647262], "mean": [0.000177276364411, 0.0158162359148, 0.00824256055057, 0.00289664440788, 0.00147917668801, 0.000439307477791, 0.000285883346805, 0.000138399656862, 0.000662744510919, 0.00041801657062, 0.000415877293563, 0.000349917536369, 0.00029721937608, 0.000227006617934, 0.000250563927693, 0.000151165004354, 0.00038149827742, 0.00019892284763, 0.000255885679508, 0.00023211237567, 0.000171081672306, 0.000190933642443, 0.000195485190488, 0.000217322696699, 0.000146938924445, 7.95932282927e-05, 1.75986951945e-05], "median": [5.87234790146e-05, 0.011431908235, 0.00311055174097, 0.000349234673195, 0.000559880863875, 0.000124355166918, 8.10620113043e-05, 2.90834759653e-05, 9.27478540689e-05, 4.96213106089e-05, 4.28835519415e-05, 7.88296965766e-05, 5.26180774614e-05, 3.80240780942e-05, 3.98858828703e-05, 2.94542078336e-05, 9.91696069832e-05, 2.15914878936e-05, 4.26080368925e-05, 2.53331490967e-05, 1.85481057997e-05, 3.06751389871e-05, 1.69676804944e-05, 1.12062571134e-05, 4.30634554505e-06, 1.19223750517e-06, 1.43132311337e-07], "min": [4.34720315301e-12, 1.32080422988e-11, 7.10171019214e-11, 6.05218739708e-12, 1.22820139475e-11, 1.69215769869e-11, 6.49403837996e-12, 1.18463322919e-12, 3.49343817763e-12, 3.86676021064e-12, 4.8838398603e-12, 8.70063483066e-12, 1.42713141651e-12, 4.14302316412e-12, 2.2498475305e-11, 1.8826940007e-11, 3.39109382935e-12, 3.66321244172e-11, 3.55094495474e-11, 3.61767256776e-12, 7.81901800251e-12, 7.92797077986e-12, 8.39361132682e-12, 8.39998470087e-12, 7.67540718483e-12, 1.41681518948e-11, 8.18169490491e-11], "var": [2.7866013852e-07, 0.000456946057966, 0.000269024516456, 8.95991906873e-05, 1.93134401343e-05, 1.07653931991e-06, 2.89236766093e-07, 1.18110030201e-07, 2.47000593845e-06, 1.18050297715e-06, 1.25171084164e-06, 7.37726793432e-07, 3.70667464722e-07, 6.7733827791e-07, 6.14077748651e-07, 1.85998658253e-07, 6.01157751134e-07, 2.93987454825e-07, 3.81977628194e-07, 4.15754811911e-07, 1.64010586445e-07, 2.00348296175e-07, 2.58120707031e-07, 3.50943793137e-07, 3.30500114387e-07, 2.34470803662e-07, 4.52991821831e-09]}, "erbbands": {"dmean": [0.175130441785, 2.4506688118, 6.5054602623, 10.9030981064, 8.75091934204, 3.68723034859, 2.50577831268, 4.6995549202, 2.91587209702, 3.77056717873, 3.30146765709, 12.1635255814, 8.35016155243, 20.2294540405, 13.1059999466, 10.6287345886, 11.1667089462, 10.2959680557, 16.6700363159, 9.10606098175, 10.5755472183, 15.2809724808, 14.0992851257, 12.2643604279, 9.37790679932, 9.11025333405, 8.39640045166, 6.9394698143, 5.76743650436, 4.71823453903, 5.09125185013, 3.73686957359, 2.70617818832, 1.44383656979, 0.784380435944, 0.299837738276, 0.118204124272, 0.0277536679059, 0.00346534559503, 0.000207707023947], "dmean2": [0.285417705774, 4.14456653595, 10.8245239258, 17.4437999725, 14.9485864639, 6.54331016541, 4.44085597992, 8.34414482117, 4.87930631638, 5.50874328613, 4.75317001343, 17.1489963531, 11.4487571716, 31.1783046722, 19.0016803741, 15.7133731842, 16.5689735413, 16.0341396332, 27.5494022369, 14.9312953949, 16.775806427, 24.8029384613, 23.9465618134, 20.4387245178, 14.9660415649, 15.1100387573, 14.4759378433, 11.5995979309, 9.52081394196, 7.63601827621, 8.41476345062, 5.98456048965, 4.41347789764, 2.35090446472, 1.27886164188, 0.477987021208, 0.194005861878, 0.046436611563, 0.00611806241795, 0.000365228013834], "dvar": [0.0954877138138, 23.400970459, 200.979705811, 847.317810059, 877.666870117, 121.592010498, 65.4998245239, 161.839202881, 41.8366165161, 80.5666122437, 79.2060546875, 1165.04553223, 368.456512451, 2519.29541016, 1076.98498535, 757.150085449, 529.92010498, 1078.83361816, 3590.51513672, 615.730285645, 1020.83972168, 1036.58850098, 1164.61413574, 1152.68383789, 460.649810791, 568.614685059, 342.602111816, 251.124755859, 199.330581665, 161.120376587, 162.61239624, 73.0183563232, 38.9311943054, 13.4026565552, 8.56150722504, 1.87975645065, 0.280889302492, 0.0130068361759, 0.000110568274977, 3.46459501088e-07], "dvar2": [0.253885746002, 62.4350013733, 508.907043457, 1933.25830078, 2335.6184082, 345.052764893, 186.946029663, 438.648071289, 110.841392517, 189.00177002, 168.994750977, 2506.3527832, 815.831787109, 5984.62207031, 2318.1340332, 1625.50732422, 1136.45446777, 2606.14599609, 9126.23925781, 1288.98999023, 2272.85742188, 2335.17504883, 3027.48828125, 2879.890625, 1083.81335449, 1377.16479492, 870.598571777, 641.170043945, 510.79498291, 392.829376221, 395.389007568, 174.439834595, 86.1182937622, 31.4224853516, 16.3213176727, 3.7351539135, 0.514087021351, 0.0284786112607, 0.000277294020634, 9.09880043309e-07], "max": [3.76865816116, 53.8162155151, 165.654632568, 273.141448975, 553.773925781, 220.343017578, 174.720596313, 130.66418457, 62.349281311, 149.08404541, 157.042663574, 407.743133545, 257.345458984, 737.093994141, 391.711242676, 472.556152344, 275.694702148, 378.551696777, 884.978820801, 244.73324585, 329.470336914, 434.403045654, 298.251831055, 386.643249512, 370.156921387, 504.989959717, 231.909591675, 259.684265137, 226.199569702, 191.486907959, 356.656494141, 224.245559692, 115.002334595, 84.1113586426, 92.22290802, 42.4401931763, 16.8994865417, 3.55091404915, 0.200305655599, 0.00871565937996], "mean": [0.305252939463, 4.04734611511, 9.48268222809, 10.9435062408, 6.93803262711, 4.5938129425, 2.93991160393, 4.02543735504, 3.19996261597, 5.38262367249, 4.14491128922, 14.2267837524, 10.381485939, 21.969625473, 15.8414955139, 13.1185102463, 14.7663545609, 10.9122800827, 14.6985654831, 9.85030555725, 10.9734134674, 19.3978061676, 13.1010437012, 12.9234294891, 11.048869133, 10.9609956741, 8.46190643311, 7.0381321907, 7.1431555748, 5.61966466904, 5.71570730209, 4.45100688934, 3.60646677017, 1.78469347954, 1.01389360428, 0.399085462093, 0.142022922635, 0.0282563045621, 0.00286643858999, 0.000182587289601], "median": [0.226247817278, 2.6157875061, 3.94520998001, 2.38985037804, 1.10644590855, 2.39646697044, 1.4955483675, 0.828940987587, 1.00903534889, 0.885878264904, 0.860860228539, 1.83042776585, 1.78110146523, 3.5784573555, 3.08468723297, 3.57783317566, 2.80561757088, 2.26014709473, 2.15388464928, 1.72134876251, 2.70792531967, 5.0242266655, 2.57234454155, 1.82078015804, 2.18091106415, 1.4409236908, 0.805923044682, 0.869178235531, 1.08673715591, 0.704915761948, 0.456059992313, 0.254859566689, 0.15704241395, 0.0632194653153, 0.0277249440551, 0.0077647306025, 0.00165827141609, 0.0002707404783, 4.75401502626e-05, 3.43266474374e-05], "min": [7.22943038767e-10, 2.95400126582e-09, 6.1223204284e-08, 4.47430110739e-08, 1.30934179055e-08, 5.21688825472e-08, 1.01105939621e-07, 1.4853162611e-07, 1.22783006873e-07, 5.07855482113e-08, 2.19676614677e-08, 6.94201176543e-08, 1.60200357868e-07, 7.19935755455e-08, 3.926904526e-07, 2.28987673268e-07, 7.47116715161e-08, 2.34346515526e-07, 5.31769956069e-07, 1.51907897816e-06, 6.70278495818e-07, 4.41641759608e-07, 1.84661473668e-06, 2.81899838228e-06, 5.30435215751e-07, 1.55742924335e-07, 3.41110734325e-07, 2.29250801453e-07, 2.87486557227e-07, 2.92539169777e-07, 2.0224810271e-07, 1.87708224075e-07, 1.4209089727e-07, 7.50276996087e-08, 5.73339669074e-08, 4.08028313359e-08, 3.40600152526e-08, 1.06485602558e-08, 1.02870032492e-08, 1.6504659861e-09], "var": [0.138811632991, 32.6367835999, 268.808898926, 895.918212891, 633.866149902, 83.4849853516, 41.5094909668, 113.883552551, 36.5500526428, 145.572036743, 107.648956299, 1517.42211914, 519.375915527, 2790.94335938, 1423.5489502, 961.434326172, 919.016662598, 1073.47875977, 2894.48193359, 731.268920898, 1075.68981934, 1386.89416504, 990.614685059, 1188.5369873, 551.752990723, 916.325378418, 404.198150635, 259.679656982, 274.599853516, 202.410461426, 254.206207275, 134.160079956, 117.917472839, 31.5967483521, 23.559053421, 5.53667783737, 0.732762813568, 0.022770550102, 0.000115472117614, 2.6777399853e-07]}, "gfcc": {"mean": [-72.2609176636, 89.465675354, -99.2288284302, 47.9635391235, -38.4406585693, 22.7338294983, -21.937335968, 6.64699697495, -17.9797611237, -7.44457149506, -8.53876781464, 0.535946011543, -6.82425642014], "cov": [[16672.3691406, -2611.91088867, 294.517700195, 291.096557617, -1014.64538574, 978.298339844, -417.536071777, 592.391174316, -513.431762695, 361.46270752, -524.997741699, 35.6104202271, -418.071655273], [-2611.91088867, 3853.40112305, 348.296203613, 71.7084350586, 833.804992676, -223.574630737, 464.968231201, -249.563919067, 370.749084473, -374.233520508, 326.044921875, -184.599136353, 211.242279053], [294.517700195, 348.296203613, 2461.68066406, 541.115234375, 480.959991455, 170.016830444, 55.5382995605, 11.2314529419, -26.0105743408, 134.391845703, 71.4685897827, -22.2692146301, 10.9294404984], [291.096557617, 71.7084350586, 541.115234375, 835.384033203, 180.15977478, 10.2992191315, -39.301399231, -17.7257709503, 2.18110847473, -44.1228637695, 62.4146461487, 31.9998245239, 46.4814796448], [-1014.64538574, 833.804992676, 480.959991455, 180.15977478, 658.85546875, 6.45621681213, 223.337738037, -1.54122698307, 143.70135498, -28.5093631744, 131.866043091, -32.5522537231, 33.2857971191], [978.298339844, -223.574630737, 170.016830444, 10.2992191315, 6.45621681213, 334.04473877, 93.84009552, 91.351600647, -4.22444868088, 90.1955871582, -29.8691749573, 1.67450630665, -7.84574079514], [-417.536071777, 464.968231201, 55.5382995605, -39.301399231, 223.337738037, 93.84009552, 313.780426025, 77.0989608765, 120.261878967, -26.2471580505, 55.345916748, -18.1828918457, 40.0817260742], [592.391174316, -249.563919067, 11.2314529419, -17.7257709503, -1.54122698307, 91.351600647, 77.0989608765, 208.031326294, 44.2422218323, 50.7356796265, -27.7588882446, 1.02019238472, -29.2928237915], [-513.431762695, 370.749084473, -26.0105743408, 2.18110847473, 143.70135498, -4.22444868088, 120.261878967, 44.2422218323, 193.114578247, 27.6395626068, 65.0128936768, -31.9773845673, 23.883769989], [361.46270752, -374.233520508, 134.391845703, -44.1228637695, -28.5093631744, 90.1955871582, -26.2471580505, 50.7356796265, 27.6395626068, 211.22668457, 32.9635429382, 5.87702322006, -40.3028793335], [-524.997741699, 326.044921875, 71.4685897827, 62.4146461487, 131.866043091, -29.8691749573, 55.345916748, -27.7588882446, 65.0128936768, 32.9635429382, 152.244857788, 24.8449935913, 30.7951488495], [35.6104202271, -184.599136353, -22.2692146301, 31.9998245239, -32.5522537231, 1.67450630665, -18.1828918457, 1.02019238472, -31.9773845673, 5.87702322006, 24.8449935913, 112.061386108, 33.7434539795], [-418.071655273, 211.242279053, 10.9294404984, 46.4814796448, 33.2857971191, -7.84574079514, 40.0817260742, -29.2928237915, 23.883769989, -40.3028793335, 30.7951488495, 33.7434539795, 100.210357666]], "icov": [[0.00011248166993, -8.17686741357e-05, 1.29529289552e-05, -0.00010438112804, 0.000131497989059, -0.000280441599898, 0.00012504553888, -0.000278340012301, 0.000209603473195, -0.000133818379254, 0.000225704920013, -0.000169108301634, 0.000375432457076], [-8.17686741357e-05, 0.000980858691037, -0.000181165843969, 0.000386338215321, -0.00042078178376, 0.000106156039692, -0.000319574814057, 0.000907259003725, -0.0011094212532, 0.0019070932176, -0.00178883119952, 0.00158667424694, -0.000980251235887], [1.29529289552e-05, -0.000181165843969, 0.000670973444358, -0.000412719557062, -0.000461444898974, -0.000108823391201, 4.55425069958e-05, -0.000177260357304, 0.000839122221805, -0.00104671157897, 0.00050923175877, 5.71967902943e-05, -0.000167800084455], [-0.00010438112804, 0.000386338215321, -0.000412719557062, 0.00188126135617, -0.000530098797753, -0.000207611912629, 0.000903083535377, 9.85533115454e-05, -0.000850862823427, 0.00178018666338, -0.00153778318781, 0.000343274179613, -0.000974307011347], [0.000131497989059, -0.00042078178376, -0.000461444898974, -0.000530098797753, 0.00338294869289, -0.000103887039586, -0.00145539001096, -3.19314385706e-05, -0.00056867254898, 5.50527038286e-05, -0.000676047988236, -0.000451069121482, 0.00169010495301], [-0.000280441599898, 0.000106156039692, -0.000108823391201, -0.000207611912629, -0.000103887039586, 0.00564322015271, -0.00283752451651, -0.000130970773171, 0.00120178156067, -0.00278455833904, 0.00151921215001, 0.000397929921746, -0.00171979167499], [0.00012504553888, -0.000319574814057, 4.55425069958e-05, 0.000903083535377, -0.00145539001096, -0.00283752451651, 0.00786016881466, -0.00282007432543, -0.00200788816437, 0.00230839359574, -0.00136704812758, 5.39735265193e-05, -0.00112659402657], [-0.000278340012301, 0.000907259003725, -0.000177260357304, 9.85533115454e-05, -3.19314385706e-05, -0.000130970773171, -0.00282007432543, 0.00877634622157, -0.00341977761127, 0.000420064781792, 0.000941750477068, -0.000689712294843, 0.00152050703764], [0.000209603473195, -0.0011094212532, 0.000839122221805, -0.000850862823427, -0.00056867254898, 0.00120178156067, -0.00200788816437, -0.00341977761127, 0.0118348719552, -0.00504221906886, -4.23312449129e-05, 0.00229239673354, -0.0020047891885], [-0.000133818379254, 0.0019070932176, -0.00104671157897, 0.00178018666338, 5.50527038286e-05, -0.00278455833904, 0.00230839359574, 0.000420064781792, -0.00504221906886, 0.0128461467102, -0.00742164673284, 0.0019249052275, 0.00167400459759], [0.000225704920013, -0.00178883119952, 0.00050923175877, -0.00153778318781, -0.000676047988236, 0.00151921215001, -0.00136704812758, 0.000941750477068, -4.23312449129e-05, -0.00742164673284, 0.0155915571377, -0.00627280632034, 0.00088186369976], [-0.000169108301634, 0.00158667424694, 5.71967902943e-05, 0.000343274179613, -0.000451069121482, 0.000397929921746, 5.39735265193e-05, -0.000689712294843, 0.00229239673354, 0.0019249052275, -0.00627280632034, 0.0155346775427, -0.00733334757388], [0.000375432457076, -0.000980251235887, -0.000167800084455, -0.000974307011347, 0.00169010495301, -0.00171979167499, -0.00112659402657, 0.00152050703764, -0.0020047891885, 0.00167400459759, 0.00088186369976, -0.00733334757388, 0.0176303144544]]}, "melbands": {"dmean": [0.00215479941107, 0.00313165271655, 0.00171835476067, 0.000438543618657, 9.1229325335e-05, 9.99771655188e-05, 4.62587704533e-05, 3.68426990462e-05, 3.3008709579e-05, 7.98878973001e-05, 4.11613218603e-05, 8.20374916657e-05, 5.15352221555e-05, 3.77026881324e-05, 2.20715392061e-05, 2.13660550799e-05, 1.93695323105e-05, 2.96652742691e-05, 1.41803184306e-05, 1.17575727927e-05, 1.30858015837e-05, 1.78495884029e-05, 1.4963182366e-05, 1.13894921014e-05, 1.0286732504e-05, 7.61544515626e-06, 5.61398474019e-06, 6.47072965876e-06, 6.39227209831e-06, 3.5625714645e-06, 4.35427591583e-06, 3.35767413162e-06, 3.00595138469e-06, 2.60813658315e-06, 3.25144742419e-06, 2.47912453233e-06, 2.37272547565e-06, 1.98870361601e-06, 1.5883473452e-06, 1.12451937184e-06], "dmean2": [0.00361743476242, 0.00513366004452, 0.00269679701887, 0.000782328832429, 0.000161074887728, 0.000177318623173, 7.60548500693e-05, 5.40265282325e-05, 4.73581530969e-05, 0.000112402616651, 5.68975810893e-05, 0.000126712926431, 7.51185871195e-05, 5.65904738323e-05, 3.39655343851e-05, 3.11253716063e-05, 3.07305017486e-05, 5.04415511386e-05, 2.31031281146e-05, 1.91961062228e-05, 2.07179855352e-05, 2.88491210085e-05, 2.53008493019e-05, 1.96337095986e-05, 1.72575273609e-05, 1.22007377286e-05, 9.02117062651e-06, 1.08001831904e-05, 1.10612463686e-05, 6.10028200754e-06, 7.31372756491e-06, 5.50194954485e-06, 5.00008536619e-06, 4.2273031795e-06, 5.41597864867e-06, 3.99651162297e-06, 3.77700871468e-06, 3.25470728058e-06, 2.61055242845e-06, 1.85740850611e-06], "dvar": [1.61897078215e-05, 4.18961608375e-05, 2.072436655e-05, 2.23281176659e-06, 8.05702597972e-08, 7.02176023992e-08, 9.85689663224e-09, 7.95401078335e-09, 9.42995992403e-09, 4.65612508549e-08, 9.3986205485e-09, 4.23583408349e-08, 1.86269488722e-08, 1.01738519831e-08, 2.17737206043e-09, 1.83688309008e-09, 4.83456163991e-09, 1.2969925578e-08, 1.96547755849e-09, 9.79923364675e-10, 1.69657066174e-09, 1.63338942372e-09, 1.16688569918e-09, 8.10311762134e-10, 9.02554087023e-10, 3.37440159148e-10, 1.70332178917e-10, 3.49946377431e-10, 2.09919984173e-10, 6.41901046206e-11, 1.03248840033e-10, 7.53402409903e-11, 7.87584719664e-11, 4.4275631772e-11, 6.87946852262e-11, 3.01996552765e-11, 3.3400494176e-11, 2.33775013236e-11, 1.48527388305e-11, 9.09005162808e-12], "dvar2": [4.37974376837e-05, 0.000103244114143, 4.50173938589e-05, 6.22351490165e-06, 2.29517155503e-07, 1.90027719782e-07, 2.58606949188e-08, 1.86803141844e-08, 1.99067962114e-08, 1.00417572924e-07, 2.09978754384e-08, 9.99446641003e-08, 4.03720576969e-08, 2.24507186175e-08, 5.07424413598e-09, 3.78247166921e-09, 1.20951249016e-08, 3.46597914813e-08, 4.05550526494e-09, 2.21224771835e-09, 3.80159415059e-09, 3.74177000495e-09, 3.01084135401e-09, 2.13390460857e-09, 2.26629115474e-09, 8.27271473547e-10, 3.76245257172e-10, 8.80868156194e-10, 5.40482769651e-10, 1.60038496344e-10, 2.69445549206e-10, 1.94904037354e-10, 2.05010675103e-10, 1.05440496612e-10, 1.64618693677e-10, 7.55392970397e-11, 7.60485424633e-11, 5.20828796757e-11, 3.31270740006e-11, 2.2638514327e-11], "max": [0.0477121546865, 0.0776203796268, 0.0582133382559, 0.0294335130602, 0.00630801636726, 0.00268952362239, 0.000970672001131, 0.00138182041701, 0.00174617185257, 0.00271215895191, 0.00125139509328, 0.00300051970407, 0.00165432039648, 0.00201856996864, 0.000541161454748, 0.000469162681838, 0.000793481885921, 0.00170231983066, 0.000478158995975, 0.000288285315037, 0.000439635594375, 0.00061846076278, 0.00052163656801, 0.00023327828967, 0.000351470400346, 0.000288758717943, 0.000166696831002, 0.00040848198114, 0.000194743915927, 8.16215833765e-05, 0.000177213791176, 0.00018635323795, 0.000119997326692, 9.85727310763e-05, 0.000240925277467, 0.000104992941488, 0.000163787481142, 8.90932860784e-05, 6.92380344844e-05, 7.06087666913e-05], "mean": [0.00369887752458, 0.00540302507579, 0.00182393658906, 0.000386215542676, 0.000122572979308, 8.59807842062e-05, 5.39688189747e-05, 5.20557950949e-05, 3.9345883124e-05, 9.50690809987e-05, 5.05705211253e-05, 8.87260757736e-05, 5.86987407587e-05, 4.57347305201e-05, 2.72889265034e-05, 2.76616829069e-05, 1.9222850824e-05, 2.44539442065e-05, 1.51053036461e-05, 1.15932180051e-05, 1.31723973027e-05, 2.14522715396e-05, 1.59895662364e-05, 9.40696827456e-06, 1.06904462882e-05, 9.05205706658e-06, 5.99578061156e-06, 7.95426785771e-06, 6.40687721898e-06, 3.35851768796e-06, 4.35907804786e-06, 4.33918148701e-06, 3.21870288644e-06, 3.06843139697e-06, 3.44169870914e-06, 2.86905810754e-06, 2.6775724109e-06, 2.70184659712e-06, 1.89594197764e-06, 1.36715948429e-06], "median": [0.00279356725514, 0.00289946934208, 0.000406000384828, 0.000126602637465, 6.95633061696e-05, 1.89982056327e-05, 1.76739922608e-05, 8.79767776496e-06, 5.02614693687e-06, 1.24629923448e-05, 7.89454679762e-06, 1.34854499265e-05, 8.05379659141e-06, 9.87708062894e-06, 5.27275460627e-06, 5.73032320972e-06, 3.44371574101e-06, 3.17072795042e-06, 2.62556068265e-06, 1.99113719646e-06, 2.79831056105e-06, 5.34777518624e-06, 3.28467194777e-06, 9.52995890202e-07, 1.24784833133e-06, 1.77940592039e-06, 1.11407052827e-06, 6.81212952713e-07, 5.13348766162e-07, 3.39178114928e-07, 5.00112207646e-07, 6.24425467777e-07, 4.4535215693e-07, 3.36168511694e-07, 2.77092226497e-07, 1.44013185377e-07, 1.47092833913e-07, 1.12487505532e-07, 8.0393682822e-08, 3.82522387099e-08], "min": [4.93739467713e-12, 2.24075896726e-11, 7.1247005691e-12, 2.0182306347e-12, 3.47994506475e-12, 3.32330170327e-12, 1.725792469e-12, 4.54307815326e-13, 1.50521115754e-13, 5.21510081213e-13, 8.15026757021e-13, 2.55212653311e-13, 9.88456387054e-13, 1.21397152313e-12, 1.65950545948e-13, 2.35509962226e-13, 4.17584695121e-13, 4.97347334757e-13, 2.12861802837e-12, 1.77070131561e-12, 5.45364155311e-13, 1.94276723615e-13, 1.63032499827e-12, 1.34772575044e-12, 2.61433626483e-12, 5.64170943036e-13, 1.31969088435e-13, 7.33131003822e-14, 2.09326954099e-13, 2.05294440302e-13, 1.07668234951e-13, 1.67538224505e-13, 1.32430253829e-13, 1.74988102892e-13, 9.05953236692e-14, 1.54660653858e-13, 1.05537682814e-13, 1.18105693411e-13, 7.73477148216e-14, 5.63055766562e-14], "var": [2.23815422942e-05, 6.60224322928e-05, 2.3764976504e-05, 1.43648446738e-06, 5.36759650061e-08, 4.95969310066e-08, 9.51370537905e-09, 1.37636648745e-08, 1.2494240309e-08, 6.18671833763e-08, 1.29233521662e-08, 4.73755363828e-08, 2.37829045346e-08, 1.28013502021e-08, 3.14922221634e-09, 3.10502556999e-09, 4.37015446053e-09, 9.36096800075e-09, 2.21832285874e-09, 1.03743780233e-09, 1.74599457115e-09, 2.04854333496e-09, 1.13822573589e-09, 6.61810162228e-10, 9.20951204186e-10, 3.86513071549e-10, 1.95880603404e-10, 6.0388000156e-10, 2.60596155766e-10, 6.85470985529e-11, 1.0218390023e-10, 1.17138188038e-10, 7.63590510267e-11, 6.05524866359e-11, 1.02130130741e-10, 5.45396158791e-11, 6.0133911739e-11, 7.37658892302e-11, 3.10750869481e-11, 2.00390884442e-11]}, "mfcc": {"mean": [-717.691223145, 113.400947571, 13.0191450119, 32.541519165, 15.2467594147, 18.007566452, 11.1010694504, 16.7365379333, 2.65535140038, 0.297045975924, -0.576445102692, 1.67483699322, 1.15762019157], "cov": [[14786.0849609, -2044.20336914, -348.194000244, -422.247741699, -434.825592041, 65.4136047363, 114.685760498, 127.052879333, 68.6254425049, 203.284347534, -87.9687652588, -58.9808006287, -145.077774048], [-2044.20336914, 3085.90136719, 134.277603149, 332.774169922, 354.280670166, 199.589859009, 170.17805481, 234.492019653, 66.2981033325, 21.6607894897, 109.270896912, 10.8513269424, 78.9365158081], [-348.194000244, 134.277603149, 1644.29699707, 478.952331543, 433.286407471, 231.138458252, 209.443511963, -36.1532936096, 34.3060417175, 50.3907852173, -14.414144516, 44.4922714233, -19.134727478], [-422.247741699, 332.774169922, 478.952331543, 764.035827637, 373.965087891, 123.623123169, 60.6846961975, 81.4809646606, -34.0676956177, -39.1253128052, 18.0040283203, 8.21643352509, 24.742389679], [-434.825592041, 354.280670166, 433.286407471, 373.965087891, 438.09185791, 158.65171814, 123.832473755, 31.3065032959, 6.43611574173, 40.8383903503, 50.6783218384, 44.3381958008, 26.6347980499], [65.4136047363, 199.589859009, 231.138458252, 123.623123169, 158.65171814, 252.153045654, 115.19593811, 30.4475803375, 36.7468948364, 30.7563247681, 28.1472301483, 26.2607765198, 25.6765327454], [114.685760498, 170.17805481, 209.443511963, 60.6846961975, 123.832473755, 115.19593811, 210.266799927, 92.0898361206, 52.6687088013, 59.2656402588, 27.9034614563, 21.4153900146, 26.8149452209], [127.052879333, 234.492019653, -36.1532936096, 81.4809646606, 31.3065032959, 30.4475803375, 92.0898361206, 218.493057251, 99.0837402344, 20.992401123, 11.1641197205, -4.67148780823, 18.0693492889], [68.6254425049, 66.2981033325, 34.3060417175, -34.0676956177, 6.43611574173, 36.7468948364, 52.6687088013, 99.0837402344, 160.690673828, 89.8219680786, 26.4062309265, 6.59779024124, -4.33265590668], [203.284347534, 21.6607894897, 50.3907852173, -39.1253128052, 40.8383903503, 30.7563247681, 59.2656402588, 20.992401123, 89.8219680786, 188.696716309, 100.678459167, 24.9826335907, 7.03796100616], [-87.9687652588, 109.270896912, -14.414144516, 18.0040283203, 50.6783218384, 28.1472301483, 27.9034614563, 11.1641197205, 26.4062309265, 100.678459167, 130.56993103, 66.4907531738, 31.106546402], [-58.9808006287, 10.8513269424, 44.4922714233, 8.21643352509, 44.3381958008, 26.2607765198, 21.4153900146, -4.67148780823, 6.59779024124, 24.9826335907, 66.4907531738, 110.776237488, 52.8256454468], [-145.077774048, 78.9365158081, -19.134727478, 24.742389679, 26.6347980499, 25.6765327454, 26.8149452209, 18.0693492889, -4.33265590668, 7.03796100616, 31.106546402, 52.8256454468, 105.814529419]], "icov": [[8.65561596584e-05, 5.49826763745e-05, 2.07776975003e-05, -8.07816832094e-06, 9.68556414591e-05, -0.00013620176469, -1.50301711983e-05, -0.000196191656869, 0.000231304715271, -0.000316722871503, 0.00026720383903, -0.00015799162793, 0.00016014528228], [5.49826763745e-05, 0.000452874781331, 1.25585620481e-05, 7.99584304332e-05, -0.000283906731056, -0.000207922654226, 2.22772923735e-05, -0.000501041475218, 9.59384196904e-05, 0.000248509546509, -0.000569636467844, 0.000465229299152, -0.000154448891408], [2.07776975003e-05, 1.25585620481e-05, 0.00113631784916, -0.000638363941107, -0.000334476993885, -0.000171623149072, -0.00102399068419, 0.00104131631088, -0.000513998558745, -0.000531445082743, 0.00136106251739, -0.000974517024588, 0.00068207498407], [-8.07816832094e-06, 7.99584304332e-05, -0.000638363941107, 0.00315425498411, -0.00242616189644, -0.000253040343523, 0.00170172809158, -0.00223662424833, 0.00130521331448, 0.00108926207758, -0.00145570677705, 0.00146589847282, -0.000623811909463], [9.68556414591e-05, -0.000283906731056, -0.000334476993885, -0.00242616189644, 0.00611900212243, -0.00129875808489, -0.00179683568422, 0.000934738491196, 0.00052657420747, -0.00148308940697, 0.000559770385735, -0.00175257935189, 0.000752640306018], [-0.00013620176469, -0.000207922654226, -0.000171623149072, -0.000253040343523, -0.00129875808489, 0.00671639712527, -0.00299668475054, 0.00205233949237, -0.00261455145665, 0.00211367732845, -0.00163353141397, 0.000794845924247, -0.00106166035403], [-1.50301711983e-05, 2.22772923735e-05, -0.00102399068419, 0.00170172809158, -0.00179683568422, -0.00299668475054, 0.0106303496286, -0.00564296171069, 0.00294347130693, -0.00341138080694, 0.00173559784889, -0.000525234441739, -0.00107171293348], [-0.000196191656869, -0.000501041475218, 0.00104131631088, -0.00223662424833, 0.000934738491196, 0.00205233949237, -0.00564296171069, 0.0120682250708, -0.00888610444963, 0.00476893456653, -0.0025195684284, 0.00213982514106, -0.00155665981583], [0.000231304715271, 9.59384196904e-05, -0.000513998558745, 0.00130521331448, 0.00052657420747, -0.00261455145665, 0.00294347130693, -0.00888610444963, 0.0165045745671, -0.0102852052078, 0.00635363580659, -0.00404323311523, 0.00263141165487], [-0.000316722871503, 0.000248509546509, -0.000531445082743, 0.00108926207758, -0.00148308940697, 0.00211367732845, -0.00341138080694, 0.00476893456653, -0.0102852052078, 0.0192524027079, -0.0165884699672, 0.00802140496671, -0.0018895084504], [0.00026720383903, -0.000569636467844, 0.00136106251739, -0.00145570677705, 0.000559770385735, -0.00163353141397, 0.00173559784889, -0.0025195684284, 0.00635363580659, -0.0165884699672, 0.0269522815943, -0.0144109046087, 0.00225831731223], [-0.00015799162793, 0.000465229299152, -0.000974517024588, 0.00146589847282, -0.00175257935189, 0.000794845924247, -0.000525234441739, 0.00213982514106, -0.00404323311523, 0.00802140496671, -0.0144109046087, 0.0207215361297, -0.00787414889783], [0.00016014528228, -0.000154448891408, 0.00068207498407, -0.000623811909463, 0.000752640306018, -0.00106166035403, -0.00107171293348, -0.00155665981583, 0.00263141165487, -0.0018895084504, 0.00225831731223, -0.00787414889783, 0.0141606079414]]}, "spectral_contrast_coeffs": {"dmean": [0.05631069839, 0.04870242998, 0.0511356852949, 0.0355177931488, 0.028818462044, 0.0239690504968], "dmean2": [0.0919575914741, 0.0795312449336, 0.0718013420701, 0.0534333921969, 0.044643048197, 0.0364132486284], "dvar": [0.00255619874224, 0.00175275001675, 0.00206493586302, 0.000974669877905, 0.000646394793876, 0.000537551532034], "dvar2": [0.00644528167322, 0.00459067849442, 0.00405659060925, 0.0020848356653, 0.00139018287882, 0.00110125576612], "max": [-0.38942527771, -0.464057683945, -0.431780397892, -0.569754838943, -0.547215640545, -0.630388200283], "mean": [-0.671561777592, -0.739583969116, -0.743663132191, -0.784451663494, -0.77875906229, -0.773297786713], "median": [-0.680723667145, -0.739302158356, -0.748133063316, -0.786081790924, -0.781751036644, -0.775424301624], "min": [-0.933031380177, -0.949096739292, -0.948868572712, -0.941083073616, -0.90155172348, -0.900541186333], "var": [0.00808288063854, 0.00493204826489, 0.00860794074833, 0.00384399411269, 0.0034170828294, 0.0026293604169]}, "spectral_contrast_valleys": {"dmean": [0.517402231693, 0.559753000736, 0.583476305008, 0.561647176743, 0.579850614071, 0.781481862068], "dmean2": [0.79553514719, 0.849950551987, 0.81054764986, 0.765630722046, 0.764372289181, 0.984061300755], "dvar": [0.280078649521, 0.329852461815, 0.381100773811, 0.41659706831, 0.451644599438, 0.749460577965], "dvar2": [0.512182593346, 0.72552973032, 0.767949163914, 0.772271633148, 0.858068645, 1.34784948826], "max": [-5.11777591705, -4.9875702858, -5.18116044998, -5.49619197845, -5.36824417114, -7.11248588562], "mean": [-7.47753000259, -8.03541564941, -8.416