{"lowlevel": {"average_loudness": 0.894699990749, "barkbands_crest": {"dmean": 2.23420333862, "dmean2": 3.61262869835, "dvar": 4.68538999557, "dvar2": 11.9922466278, "max": 25.1421451569, "mean": 11.8395671844, "median": 11.1753234863, "min": 3.94155263901, "var": 15.5840921402}, "barkbands_flatness_db": {"dmean": 0.0234189778566, "dmean2": 0.0332265868783, "dvar": 0.000520186207723, "dvar2": 0.00111977336928, "max": 0.370825946331, "mean": 0.186199337244, "median": 0.186625748873, "min": 0.0329756513238, "var": 0.00256139249541}, "barkbands_kurtosis": {"dmean": 5.16500377655, "dmean2": 8.10596847534, "dvar": 56.2071495056, "dvar2": 134.820617676, "max": 178.715621948, "mean": 12.5573625565, "median": 9.7546005249, "min": -1.6288933754, "var": 139.618850708}, "barkbands_skewness": {"dmean": 0.58378058672, "dmean2": 0.912317216396, "dvar": 0.428023040295, "dvar2": 1.06378114223, "max": 11.182759285, "mean": 2.70677781105, "median": 2.61932492256, "min": -1.11797869205, "var": 1.50266969204}, "barkbands_spread": {"dmean": 3.69829273224, "dmean2": 5.72168064117, "dvar": 41.4544944763, "dvar2": 101.828781128, "max": 72.3029251099, "mean": 9.56517696381, "median": 7.37563371658, "min": 0.770816028118, "var": 61.4265480042}, "dissonance": {"dmean": 0.0229852069169, "dmean2": 0.0365877225995, "dvar": 0.000460593873868, "dvar2": 0.00116782623809, "max": 0.500000059605, "mean": 0.422687262297, "median": 0.426207482815, "min": 0.195731684566, "var": 0.00161767855752}, "dynamic_complexity": 3.81827306747, "erbbands_crest": {"dmean": 2.39104104042, "dmean2": 3.7044634819, "dvar": 6.12899875641, "dvar2": 15.1648759842, "max": 30.7438793182, "mean": 11.1476182938, "median": 10.3568725586, "min": 2.42203164101, "var": 20.1012229919}, "erbbands_flatness_db": {"dmean": 0.0212095268071, "dmean2": 0.0268253851682, "dvar": 0.000485267810291, "dvar2": 0.000803436443675, "max": 0.365274310112, "mean": 0.184505969286, "median": 0.184993222356, "min": 0.0520304366946, "var": 0.00319640384987}, "erbbands_kurtosis": {"dmean": 1.40580713749, "dmean2": 2.0707859993, "dvar": 3.96866989136, "dvar2": 8.45322036743, "max": 40.6236076355, "mean": 2.36225128174, "median": 1.29096078873, "min": -1.68873882294, "var": 15.0774288177}, "erbbands_skewness": {"dmean": 0.361168175936, "dmean2": 0.534113705158, "dvar": 0.152478948236, "dvar2": 0.337837189436, "max": 5.50487136841, "mean": 1.2660998106, "median": 1.21414482594, "min": -0.954084992409, "var": 0.628437876701}, "erbbands_spread": {"dmean": 8.35215568542, "dmean2": 11.6654272079, "dvar": 141.825759888, "dvar2": 277.262634277, "max": 127.825302124, "mean": 32.3026733398, "median": 26.6372108459, "min": 2.98635435104, "var": 421.944122314}, "hfc": {"dmean": 5.00452423096, "dmean2": 6.90368080139, "dvar": 147.994415283, "dvar2": 325.96295166, "max": 288.116271973, "mean": 8.72646617889, "median": 4.16424846649, "min": 9.48760217057e-08, "var": 203.907272339}, "melbands_crest": {"dmean": 2.68846774101, "dmean2": 4.39417362213, "dvar": 7.57792425156, "dvar2": 20.111410141, "max": 31.2008018494, "mean": 13.9618167877, "median": 13.2355833054, "min": 3.18051576614, "var": 19.313539505}, "melbands_flatness_db": {"dmean": 0.0254471767694, "dmean2": 0.0366366915405, "dvar": 0.000677227741107, "dvar2": 0.00150037615094, "max": 0.462344139814, "mean": 0.262400984764, "median": 0.26141628623, "min": 0.0214770361781, "var": 0.00314204092138}, "melbands_kurtosis": {"dmean": 9.50587844849, "dmean2": 15.1247310638, "dvar": 265.214660645, "dvar2": 679.021850586, "max": 274.277679443, "mean": 22.7062187195, "median": 17.1669406891, "min": -1.07872772217, "var": 475.913452148}, "melbands_skewness": {"dmean": 0.716529428959, "dmean2": 1.08962476254, "dvar": 0.829467475414, "dvar2": 1.97992503643, "max": 14.4780168533, "mean": 3.23931121826, "median": 3.03983616829, "min": -0.690658569336, "var": 2.67188096046}, "melbands_spread": {"dmean": 2.58807277679, "dmean2": 4.10246944427, "dvar": 19.9149608612, "dvar2": 46.7764778137, "max": 137.4815979, "mean": 8.74315547943, "median": 7.43578386307, "min": 0.991733491421, "var": 31.8514785767}, "pitch_salience": {"dmean": 0.0631125792861, "dmean2": 0.102743923664, "dvar": 0.00368751073256, "dvar2": 0.0100095253438, "max": 0.893875181675, "mean": 0.573804199696, "median": 0.575856566429, "min": 0.179681897163, "var": 0.00934461317956}, "silence_rate_20dB": {"dmean": 0.000669642875437, "dmean2": 0.00133943522815, "dvar": 0.000669203465804, "dvar2": 0.00156091665849, "max": 1, "mean": 0.99944204092, "median": 1, "min": 0, "var": 0.000557693769224}, "silence_rate_30dB": {"dmean": 0.0245535708964, "dmean2": 0.0491126254201, "dvar": 0.0239531490952, "dvar2": 0.0545126609504, "max": 1, "mean": 0.976007163525, "median": 1, "min": 0, "var": 0.0234176646918}, "silence_rate_60dB": {"dmean": 0.0497767850757, "dmean2": 0.0994530618191, "dvar": 0.0472957640886, "dvar2": 0.100497439504, "max": 1, "mean": 0.110032364726, "median": 0, "min": 0, "var": 0.0979169532657}, "spectral_centroid": {"dmean": 133.216110229, "dmean2": 205.987854004, "dvar": 57159.8554688, "dvar2": 122495.5, "max": 11043.0244141, "mean": 617.232177734, "median": 544.069580078, "min": 208.933502197, "var": 92773.140625}, "spectral_complexity": {"dmean": 2.38058042526, "dmean2": 3.5207054615, "dvar": 15.6526441574, "dvar2": 29.1251182556, "max": 57, "mean": 10.0862627029, "median": 9, "min": 0, "var": 33.6918258667}, "spectral_decrease": {"dmean": 2.91258284157e-09, "dmean2": 4.43601200217e-09, "dvar": 8.90103977052e-17, "dvar2": 2.33559700206e-16, "max": -2.86885287437e-19, "mean": -4.81914774753e-09, "median": -2.43004838474e-09, "min": -2.64019007545e-07, "var": 8.25335404217e-17}, "spectral_energy": {"dmean": 0.0114178573713, "dmean2": 0.0172902420163, "dvar": 0.00133766466752, "dvar2": 0.00349358515814, "max": 1.02260029316, "mean": 0.018980069086, "median": 0.00958077423275, "min": 9.68830224379e-12, "var": 0.0012582661584}, "spectral_energyband_high": {"dmean": 0.000267606956186, "dmean2": 0.000382715341402, "dvar": 5.59523527954e-07, "dvar2": 1.20891570532e-06, "max": 0.0114513682202, "mean": 0.000286965921987, "median": 3.75360468752e-05, "min": 6.04103572721e-12, "var": 6.81693848037e-07}, "spectral_energyband_low": {"dmean": 0.00354071706533, "dmean2": 0.00586213450879, "dvar": 0.00016288808547, "dvar2": 0.000437310780399, "max": 0.277620017529, "mean": 0.00377759616822, "median": 0.000793600396719, "min": 8.77082626904e-14, "var": 0.000130028885906}, "spectral_energyband_middle_high": {"dmean": 0.000486656237626, "dmean2": 0.000647003180347, "dvar": 9.2122326123e-07, "dvar2": 1.72607622062e-06, "max": 0.0207808483392, "mean": 0.00117329205386, "median": 0.000591766263824, "min": 2.21293925025e-12, "var": 2.60345609604e-06}, "spectral_energyband_middle_low": {"dmean": 0.00927249807864, "dmean2": 0.0143015235662, "dvar": 0.000972076610196, "dvar2": 0.00258634262718, "max": 0.914928853512, "mean": 0.0153326941654, "median": 0.00776434922591, "min": 3.24836538961e-13, "var": 0.000869654119015}, "spectral_entropy": {"dmean": 0.241541475058, "dmean2": 0.315449923277, "dvar": 0.0638068467379, "dvar2": 0.114525295794, "max": 9.79832744598, "mean": 6.87303161621, "median": 6.81231737137, "min": 5.26479101181, "var": 0.354070097208}, "spectral_flux": {"dmean": 0.0263130813837, "dmean2": 0.0394294634461, "dvar": 0.00214517931454, "dvar2": 0.00417996570468, "max": 0.857686400414, "mean": 0.0559591092169, "median": 0.0345068089664, "min": 2.46171730396e-05, "var": 0.00403481302783}, "spectral_kurtosis": {"dmean": 3.45002579689, "dmean2": 5.48784446716, "dvar": 24.7790412903, "dvar2": 62.6502685547, "max": 119.341308594, "mean": 9.16353797913, "median": 6.20652389526, "min": -1.19210720062, "var": 90.016418457}, "spectral_rms": {"dmean": 0.000914146658033, "dmean2": 0.00125304306857, "dvar": 2.67163272838e-06, "dvar2": 5.77396986046e-06, "max": 0.0315857380629, "mean": 0.00362885487266, "median": 0.00305730220862, "min": 9.72214095896e-08, "var": 5.34855598744e-06}, "spectral_rolloff": {"dmean": 185.284851074, "dmean2": 330.399017334, "dvar": 379464.21875, "dvar2": 921342.4375, "max": 18540.0878906, "mean": 611.358215332, "median": 495.263671875, "min": 150.732421875, "var": 315918.15625}, "spectral_skewness": {"dmean": 0.343815743923, "dmean2": 0.516957640648, "dvar": 0.129187554121, "dvar2": 0.294981330633, "max": 8.53047084808, "mean": 2.23168182373, "median": 2.06027436256, "min": -0.00112078315578, "var": 0.737318515778}, "spectral_spread": {"dmean": 718957.75, "dmean2": 924821.25, "dvar": 908956008448, "dvar2": 1541112332290.0, "max": 40990840, "mean": 4254134.5, "median": 4022291.25, "min": 698762.125, "var": 3362709831680.0}, "spectral_strongpeak": {"dmean": 0.310009866953, "dmean2": 0.489452004433, "dvar": 0.187618181109, "dvar2": 0.448681294918, "max": 5.9274353981, "mean": 0.723230957985, "median": 0.551571547985, "min": 5.64200126973e-06, "var": 0.389824658632}, "zerocrossingrate": {"dmean": 0.00759053928778, "dmean2": 0.00928813498467, "dvar": 0.000107256222691, "dvar2": 0.000138261399115, "max": 0.49365234375, "mean": 0.0360089577734, "median": 0.03173828125, "min": 0.009765625, "var": 0.000346388027538}, "barkbands": {"dmean": [3.10669929604e-06, 0.00073883094592, 0.00154238007963, 0.00403033476323, 0.00343828159384, 0.00129979045596, 0.0016558917705, 0.000376670301193, 7.83861396485e-05, 0.00018053027452, 8.63293753355e-05, 5.55947626708e-05, 5.98527440161e-05, 5.04088930029e-05, 6.5867054218e-05, 5.26127732883e-05, 3.35938784701e-05, 5.15523934155e-05, 3.71469650418e-05, 5.05751049786e-05, 4.02004770876e-05, 7.05650818418e-05, 4.02992372983e-05, 2.68394796876e-05, 3.62906430382e-05, 2.8021293474e-05, 8.70235089678e-06], "dmean2": [5.61529077459e-06, 0.00116156844888, 0.00264475261793, 0.00683659128845, 0.00562570383772, 0.00192632945254, 0.00242641731165, 0.000500697584357, 0.000117628980661, 0.000247997202678, 0.000125497215777, 8.28817355796e-05, 9.2247450084e-05, 7.38241069485e-05, 9.79579126579e-05, 7.61880219216e-05, 5.00821406604e-05, 7.17771981726e-05, 5.34092941962e-05, 7.53963468014e-05, 5.92594187765e-05, 0.000103772857983, 5.87988142797e-05, 3.8121441321e-05, 5.43381902389e-05, 4.42497548647e-05, 1.41037953654e-05], "dvar": [1.17583354164e-09, 5.81569429414e-06, 2.90969292109e-05, 0.000342372310115, 0.000156636917382, 1.10211967694e-05, 2.79590149148e-05, 1.0039841527e-06, 3.59304586084e-08, 1.84642658496e-07, 1.18877451882e-07, 2.20274998242e-08, 1.60596478338e-08, 1.26761241503e-08, 2.52211318497e-08, 5.70464493421e-08, 5.49460255073e-09, 2.32518111432e-08, 1.00650474621e-08, 1.8825376813e-08, 1.42410518933e-08, 4.59700224553e-08, 1.40779974345e-08, 4.68671457199e-09, 1.06477378026e-08, 7.10153846839e-09, 7.89794452061e-10], "dvar2": [3.51366136186e-09, 1.37921369969e-05, 7.94818843133e-05, 0.00095748185413, 0.000403766985983, 2.56110306509e-05, 6.79860677337e-05, 1.892327532e-06, 8.29470891972e-08, 3.14462369033e-07, 2.39605441266e-07, 5.15178086857e-08, 3.80737787964e-08, 2.76330940352e-08, 5.27651096149e-08, 1.15171516768e-07, 1.22468417629e-08, 4.5056960829e-08, 2.10970849679e-08, 4.21657091465e-08, 3.11627914584e-08, 1.04286037583e-07, 3.1440329451e-08, 9.72043068259e-09, 2.38023591947e-08, 1.64620352905e-08, 1.89949767027e-09], "max": [0.00224511651322, 0.0611867904663, 0.115946181118, 0.540580868721, 0.31625726819, 0.0886765047908, 0.102743260562, 0.0429846532643, 0.00409009912983, 0.0137299718335, 0.0174938216805, 0.00337875494733, 0.00252482620999, 0.00297550158575, 0.00416623614728, 0.010153003037, 0.00165592983831, 0.00433980440721, 0.00190186977852, 0.00285707041621, 0.00200094934553, 0.00395448226482, 0.00205564452335, 0.0011399036739, 0.00136356882285, 0.00115517375525, 0.000416174792917], "mean": [2.47293428401e-06, 0.000776067900006, 0.00157558894716, 0.00358561333269, 0.00550006097183, 0.00248462031595, 0.00241211988032, 0.000852353347, 0.000166686979355, 0.000478734029457, 0.000200010254048, 8.26914183563e-05, 9.22219333006e-05, 8.91451709322e-05, 0.00011213675316, 7.75588414399e-05, 5.44539543625e-05, 7.38092348911e-05, 4.6583256335e-05, 5.96816680627e-05, 4.54120563518e-05, 7.4822732131e-05, 4.30414766015e-05, 2.91785727313e-05, 3.44508734997e-05, 2.36678406509e-05, 6.88028148943e-06], "median": [5.61277943234e-07, 0.000116388517199, 0.000388030020986, 0.000382989586797, 0.00302524748258, 0.00110864837188, 0.000619803438894, 0.000321085710311, 6.3048901211e-05, 0.000142364675412, 4.2756782932e-05, 2.71929384326e-05, 4.00743920181e-05, 3.41083105013e-05, 3.54783114744e-05, 1.82195890375e-05, 1.93398773263e-05, 1.6914886146e-05, 9.92072091321e-06, 1.27877256091e-05, 7.18717865311e-06, 1.02818603409e-05, 4.48954278909e-06, 2.74662647826e-06, 2.61088939624e-06, 9.4507652193e-07, 1.41433758927e-07], "min": [5.12540042959e-14, 3.28155200496e-14, 1.91892095475e-14, 2.33552970529e-14, 3.51079198536e-14, 7.27424017696e-15, 1.38519482207e-14, 1.44112206977e-13, 8.6867396143e-14, 2.08915512927e-13, 2.35286697894e-13, 2.83989872634e-13, 2.87639432672e-13, 2.48909833717e-13, 2.16207694109e-13, 1.61918492936e-13, 5.66253383701e-14, 1.38782648568e-13, 2.79226511704e-13, 2.31230290991e-13, 8.04651430122e-13, 3.01772441671e-13, 2.94552549669e-13, 4.40530533059e-13, 1.33418319795e-12, 1.36457978164e-12, 1.47523974373e-12], "var": [6.08970263105e-10, 5.97157804805e-06, 2.18743334699e-05, 0.000233470636886, 0.000150161475176, 1.8910594008e-05, 3.35927288688e-05, 2.99027487927e-06, 8.88951419142e-08, 1.12707448352e-06, 4.47906700174e-07, 3.13228305515e-08, 2.35323316389e-08, 2.40346977876e-08, 5.14502751514e-08, 8.61532925001e-08, 9.49427114705e-09, 3.97225612403e-08, 1.36369857628e-08, 2.27716530077e-08, 1.74153704791e-08, 5.13731173157e-08, 1.69196070487e-08, 6.22986551235e-09, 1.14856586464e-08, 6.66813582129e-09, 6.79350242727e-10]}, "erbbands": {"dmean": [0.00454298360273, 0.234490156174, 1.6305116415, 7.2807507515, 15.260632515, 9.571849823, 9.04241657257, 12.3496246338, 23.0922527313, 20.487575531, 3.96308898926, 1.88022422791, 5.66783952713, 3.36692714691, 3.50594782829, 2.52626919746, 2.8384270668, 2.46740341187, 3.64452362061, 2.94763064384, 2.51728916168, 1.71397972107, 2.43129992485, 2.23868823051, 2.15858221054, 2.23805093765, 1.59068346024, 2.0055410862, 2.49328064919, 1.8714812994, 1.06122505665, 0.574751675129, 0.478729367256, 0.409249991179, 0.250459015369, 0.126687541604, 0.0514315702021, 0.0109149971977, 0.00138448236976, 0.000105306869955], "dmean2": [0.00728433346376, 0.370884507895, 2.7241024971, 12.3653497696, 25.964427948, 15.2261276245, 14.3978967667, 18.5078678131, 35.0225563049, 27.1016407013, 5.24617528915, 2.69581413269, 7.65417003632, 4.98848772049, 4.92951154709, 3.68779158592, 4.34826612473, 3.5945827961, 5.37411642075, 4.29665613174, 3.6387193203, 2.51545667648, 3.41893577576, 3.11267280579, 3.13925004005, 3.30957770348, 2.30806207657, 2.99906039238, 3.67634272575, 2.75534009933, 1.55804693699, 0.814213454723, 0.68994551897, 0.60804605484, 0.381921499968, 0.197675034404, 0.0823534056544, 0.017629230395, 0.00223938934505, 0.000170062397956], "dvar": [0.000206469514524, 0.596835315228, 31.3647079468, 1058.63928223, 4880.73486328, 918.978393555, 1502.93737793, 1037.83728027, 6155.16699219, 3061.33203125, 84.2136993408, 17.2584686279, 236.336776733, 81.5729141235, 201.288391113, 42.4797210693, 35.2863883972, 27.1002101898, 82.4665908813, 69.331237793, 78.5891494751, 16.0538768768, 42.9626464844, 31.5932655334, 31.933298111, 38.1872901917, 22.0043926239, 37.4120903015, 58.7732963562, 31.8604221344, 9.78925323486, 2.21590542793, 1.59480679035, 1.32639968395, 0.555757164955, 0.140710294247, 0.0255379695445, 0.00117130111903, 2.0166293325e-05, 1.18575876229e-07], "dvar2": [0.000500843743794, 1.43510353565, 83.3455505371, 2969.42553711, 13699.8017578, 2002.08300781, 3569.23266602, 2455.77294922, 15419.1025391, 5871.81152344, 159.298980713, 38.6130714417, 377.798065186, 178.70324707, 379.765045166, 95.3416824341, 83.0496749878, 60.7551498413, 172.713760376, 145.908157349, 164.176452637, 35.0198783875, 85.4812469482, 64.0682449341, 69.0105285645, 84.7601547241, 47.1037902832, 84.8770599365, 132.825622559, 72.8602905273, 21.9698696136, 4.54646539688, 3.44293546677, 2.93157911301, 1.28604996204, 0.323828786612, 0.0605014823377, 0.0027415601071, 4.86646968056e-05, 2.91387976858e-07], "max": [0.316846936941, 20.1188907623, 135.224334717, 899.402404785, 2057.85473633, 1118.88549805, 1962.00476074, 767.51373291, 1515.90649414, 1610.33435059, 310.418212891, 102.746002197, 571.810302734, 254.056350708, 856.682128906, 157.556289673, 108.538864136, 139.726669312, 244.432693481, 224.059906006, 358.720458984, 86.6198425293, 169.528533936, 107.457626343, 96.2063827515, 124.332893372, 90.1101760864, 104.689041138, 154.122619629, 102.520179749, 62.5982704163, 23.4039268494, 21.7953720093, 16.8996601105, 10.6919698715, 5.38397502899, 2.34758138657, 0.451839774847, 0.0655976086855, 0.00548423314467], "mean": [0.00481884507462, 0.249057278037, 1.68491518497, 6.91251039505, 16.0119380951, 18.048084259, 17.6432323456, 21.9253540039, 30.3936843872, 40.5636444092, 9.49132919312, 4.79843425751, 15.5943498611, 7.5841422081, 8.55813694, 4.26766967773, 4.53880786896, 4.50305128098, 6.28810882568, 4.71972036362, 4.01637744904, 2.70809936523, 3.61551475525, 3.20619750023, 2.67451190948, 2.65077805519, 1.86293160915, 2.14122390747, 2.6276447773, 1.99340236187, 1.13170707226, 0.640321731567, 0.502723395824, 0.403602182865, 0.227271288633, 0.109465368092, 0.042601056397, 0.00896979216486, 0.00110019964632, 9.47225489654e-05], "median": [0.000885633460712, 0.0421105548739, 0.369954168797, 1.07862102985, 4.1428694725, 10.5207958221, 9.63555717468, 8.97034358978, 7.79518127441, 13.617770195, 4.41693878174, 2.23395943642, 3.88521337509, 2.64738559723, 1.97362923622, 1.71791553497, 2.11202216148, 2.00656747818, 2.06455183029, 1.38829028606, 1.1974080801, 0.958428621292, 1.03477740288, 0.799079298973, 0.602003395557, 0.548761606216, 0.314742922783, 0.313882678747, 0.339138865471, 0.254391014576, 0.12066886574, 0.0670336633921, 0.0431494787335, 0.0327959395945, 0.0158835500479, 0.00534200761467, 0.00150152645074, 0.000252771569649, 3.02696844301e-05, 1.40224174174e-05], "min": [1.65126321904e-12, 5.27601443437e-12, 1.8506925159e-11, 5.66179395034e-11, 1.00570260453e-10, 1.17793969023e-10, 8.50195330804e-11, 5.73800763848e-11, 1.2701401042e-10, 1.04935793388e-09, 3.71097708118e-09, 2.15097717415e-09, 2.76571876512e-09, 1.0314490595e-08, 8.71817196213e-09, 1.2365856783e-08, 1.23702470489e-08, 1.22212755471e-08, 1.33766784316e-08, 9.98678739705e-09, 9.30168209123e-09, 3.69171626602e-09, 7.79391129413e-09, 9.43444433688e-09, 1.44215075437e-08, 1.02665618229e-08, 3.09506411611e-08, 2.71345097502e-08, 8.82232509269e-09, 1.15177085647e-08, 7.24021376186e-09, 6.59771215439e-09, 9.84434933571e-09, 1.78463892553e-08, 7.22425319566e-09, 6.24229468116e-09, 2.1930786076e-09, 7.29887372763e-10, 2.21142340551e-10, 2.45101612617e-11], "var": [0.000206962038646, 0.596307575703, 25.3553466797, 718.207946777, 3297.9921875, 1388.06481934, 1887.30480957, 1620.38098145, 6419.43212891, 7644.48242188, 252.619216919, 50.5663566589, 1550.8939209, 303.015197754, 852.40020752, 69.8755264282, 52.6100463867, 48.5619926453, 158.410858154, 125.973678589, 120.365402222, 25.5379753113, 71.8872146606, 50.2576026917, 41.7491226196, 46.6837425232, 28.4320850372, 41.7477226257, 66.1394882202, 35.829536438, 11.6093835831, 3.04702234268, 1.95911228657, 1.50014412403, 0.551747083664, 0.135505527258, 0.0229901541024, 0.00106250797398, 1.72803574969e-05, 1.00163603634e-07]}, "gfcc": {"mean": [-70.9961929321, 113.951568604, -99.5956268311, 16.6864471436, -69.6817550659, -8.49979114532, -49.3394470215, -11.0971803665, -27.7835865021, -4.9355969429, -18.5693569183, -4.86205863953, -13.4075498581], "cov": [[6660.78027344, -1815.39648438, 306.441558838, 720.398620605, -20.5281352997, 264.168731689, -157.076248169, 213.417419434, -67.9539642334, 262.501708984, -48.5404014587, 71.5897521973, -297.015594482], [-1815.39648438, 1697.91442871, -513.810668945, -317.108764648, 74.7746200562, -148.866134644, 150.484207153, -84.0912475586, 175.218582153, -234.243331909, 114.940155029, -124.920410156, 224.360977173], [306.441558838, -513.810668945, 653.512695312, 134.020294189, 50.1640853882, 123.951713562, 26.2082271576, 32.731262207, -84.133895874, 89.4540939331, -73.7295837402, 53.1407661438, -117.723854065], [720.398620605, -317.108764648, 134.020294189, 313.680999756, 31.43567276, 66.6997528076, -16.489780426, 35.8515434265, -16.8369693756, 54.4698982239, -3.7448925972, -2.62080454826, -73.84765625], [-20.5281352997, 74.7746200562, 50.1640853882, 31.43567276, 183.613220215, 73.7798461914, 54.3955497742, 1.41104459763, -0.361525505781, -22.7145996094, -16.7897605896, 1.61300349236, 6.24480438232], [264.168731689, -148.866134644, 123.951713562, 66.6997528076, 73.7798461914, 160.251663208, 51.2990112305, 28.8040466309, -28.3346538544, 11.9368047714, -31.0434703827, 18.1845569611, -20.7691135406], [-157.076248169, 150.484207153, 26.2082271576, -16.489780426, 54.3955497742, 51.2990112305, 114.747291565, 24.5975646973, 11.1995925903, -27.2264060974, -10.0573072433, -8.33226776123, 12.6251068115], [213.417419434, -84.0912475586, 32.731262207, 35.8515434265, 1.41104459763, 28.8040466309, 24.5975646973, 95.366355896, 28.0630912781, 19.1254444122, -6.16221761703, 5.25268363953, -23.5407238007], [-67.9539642334, 175.218582153, -84.133895874, -16.8369693756, -0.361525505781, -28.3346538544, 11.1995925903, 28.0630912781, 102.898681641, 2.70551252365, 23.1478996277, -19.9854831696, 16.6296253204], [262.501708984, -234.243331909, 89.4540939331, 54.4698982239, -22.7145996094, 11.9368047714, -27.2264060974, 19.1254444122, 2.70551252365, 121.383888245, 12.1977653503, 10.6835889816, -56.4547309875], [-48.5404014587, 114.940155029, -73.7295837402, -3.7448925972, -16.7897605896, -31.0434703827, -10.0573072433, -6.16221761703, 23.1478996277, 12.1977653503, 97.028968811, 9.1049041748, 0.589811503887], [71.5897521973, -124.920410156, 53.1407661438, -2.62080454826, 1.61300349236, 18.1845569611, -8.33226776123, 5.25268363953, -19.9854831696, 10.6835889816, 9.1049041748, 84.1662445068, 4.02918863297], [-297.015594482, 224.360977173, -117.723854065, -73.84765625, 6.24480438232, -20.7691135406, 12.6251068115, -23.5407238007, 16.6296253204, -56.4547309875, 0.589811503887, 4.02918863297, 107.794197083]], "icov": [[0.000267176452326, 0.000267061259365, 0.000164778131875, -0.000339444755809, -2.7350572509e-06, -0.000237597501837, 0.000105702762085, -0.000192653053091, -0.000203107105335, 0.000108441985503, -0.00012117876031, 7.4061761552e-05, 0.000113679343485], [0.000267061259365, 0.00264525320381, 0.000300920306472, 0.000606216897722, -0.000750946288463, 0.000735678360797, -0.00239946553484, 0.00136007531546, -0.00258185924031, 0.00238973414525, -0.00271538225934, 0.00251920032315, -0.00169210485183], [0.000164778131875, 0.000300920306472, 0.00288301589899, -0.000510961632244, -0.000278756779153, -0.000619061756879, -0.00105499906931, 0.000236022635363, 0.000787656870671, -0.00101451762021, 0.00162110978272, -0.00146947102621, 0.00209143199027], [-0.000339444755809, 0.000606216897722, -0.000510961632244, 0.0052501144819, -0.00101917318534, -0.000861773034558, 0.000598686339799, -0.000354636256816, -0.000416571681853, 0.000373024493456, -0.00162167975213, 0.00195339182392, 0.000782567134593], [-2.7350572509e-06, -0.000750946288463, -0.000278756779153, -0.00101917318534, 0.00792356207967, -0.00327045773156, -0.0014930695761, 0.00140166014899, -0.000748743361328, 0.000676525756717, 0.0010855155997, -0.00105103873648, 0.000447802012786], [-0.000237597501837, 0.000735678360797, -0.000619061756879, -0.000861773034558, -0.00327045773156, 0.0119590628892, -0.00497719924897, -0.00123464770149, 0.00197360711172, -0.000562601548154, 0.000851738732308, -0.000772465544287, -0.00122030766215], [0.000105702762085, -0.00239946553484, -0.00105499906931, 0.000598686339799, -0.0014930695761, -0.00497719924897, 0.0164136011153, -0.00515318894759, 0.00125716277398, 0.000501665868796, 0.00125879165716, 0.000150140040205, 0.00067945511546], [-0.000192653053091, 0.00136007531546, 0.000236022635363, -0.000354636256816, 0.00140166014899, -0.00123464770149, -0.00515318894759, 0.0164726786315, -0.00732830166817, 0.000892831478268, 0.000561961380299, -0.00129438983276, 0.0021784636192], [-0.000203107105335, -0.00258185924031, 0.000787656870671, -0.000416571681853, -0.000748743361328, 0.00197360711172, 0.00125716277398, -0.00732830166817, 0.017414085567, -0.00485872663558, 9.47406660998e-05, 0.000798987341113, -0.00119651015848], [0.000108441985503, 0.00238973414525, -0.00101451762021, 0.000373024493456, 0.000676525756717, -0.000562601548154, 0.000501665868796, 0.000892831478268, -0.00485872663558, 0.01524457708, -0.00439949147403, 0.0014449711889, 0.00316468672827], [-0.00012117876031, -0.00271538225934, 0.00162110978272, -0.00162167975213, 0.0010855155997, 0.000851738732308, 0.00125879165716, 0.000561961380299, 9.47406660998e-05, -0.00439949147403, 0.0163740757853, -0.00649293651804, 0.00388818257488], [7.4061761552e-05, 0.00251920032315, -0.00146947102621, 0.00195339182392, -0.00105103873648, -0.000772465544287, 0.000150140040205, -0.00129438983276, 0.000798987341113, 0.0014449711889, -0.00649293651804, 0.0178097020835, -0.00569082470611], [0.000113679343485, -0.00169210485183, 0.00209143199027, 0.000782567134593, 0.000447802012786, -0.00122030766215, 0.00067945511546, 0.0021784636192, -0.00119651015848, 0.00316468672827, 0.00388818257488, -0.00569082470611, 0.0181008577347]]}, "melbands": {"dmean": [0.000115366412501, 0.000647175242193, 0.00160815240815, 0.000829513650388, 0.000362102815416, 0.000273955520242, 0.000352696282789, 0.000193357802345, 2.18626155402e-05, 1.23407789943e-05, 2.8324619052e-05, 1.36259905048e-05, 1.20504919323e-05, 7.10817994332e-06, 7.233031738e-06, 4.8249471547e-06, 4.89966123496e-06, 5.93733466303e-06, 3.61895081369e-06, 4.68731741421e-06, 2.61805803348e-06, 1.88272326795e-06, 1.65416247455e-06, 3.12846168526e-06, 1.70333021288e-06, 1.39196720284e-06, 1.76409105279e-06, 1.50282642153e-06, 1.09734185116e-06, 8.86763757535e-07, 1.28507713271e-06, 1.48642334352e-06, 1.30594912662e-06, 9.464034747e-07, 6.40644827854e-07, 4.66688021561e-07, 3.15068263035e-07, 3.15392185257e-07, 3.92544677652e-07, 3.32816284754e-07], "dmean2": [0.000182267729542, 0.00106895237695, 0.00271548936144, 0.00136922334787, 0.000572083576117, 0.000407092855312, 0.000528876145836, 0.000254355778452, 2.99860530504e-05, 1.81845880434e-05, 3.83794940717e-05, 2.03994404728e-05, 1.72881536855e-05, 1.01545010693e-05, 1.09407301352e-05, 7.37426535125e-06, 7.21493051969e-06, 8.7818098109e-06, 5.33221691512e-06, 6.77406114846e-06, 3.85216208088e-06, 2.82744622382e-06, 2.50882726505e-06, 4.38578445028e-06, 2.43265958488e-06, 2.00405361284e-06, 2.67472069027e-06, 2.25754183703e-06, 1.61886873684e-06, 1.32978800593e-06, 1.95525399249e-06, 2.22061271415e-06, 1.96164501176e-06, 1.41043858548e-06, 9.584153986e-07, 6.81170206462e-07, 4.52076392321e-07, 4.60262498336e-07, 5.88408340718e-07, 4.9708376082e-07], "dvar": [1.38697359375e-07, 4.82605219077e-06, 5.30112920387e-05, 9.61194473348e-06, 2.37733183894e-06, 5.15825092862e-07, 1.39858434522e-06, 2.62897145831e-07, 2.63654320598e-09, 8.05230215839e-10, 5.84325965391e-09, 1.43291578603e-09, 2.46526155046e-09, 4.05682348825e-10, 2.4845964175e-10, 9.80208275658e-11, 1.15877557549e-10, 2.16140855214e-10, 7.49060397043e-11, 4.44468795102e-10, 5.70426310353e-11, 2.16844146805e-11, 1.39805927252e-11, 1.07304588826e-10, 1.86051087731e-11, 1.3762479871e-11, 2.19406888491e-11, 1.92603016869e-11, 1.10574492271e-11, 6.99930825104e-12, 1.6637802247e-11, 2.12670610289e-11, 1.62192013292e-11, 8.51566560323e-12, 3.88413129784e-12, 1.76050146683e-12, 6.48084504899e-13, 7.46239008087e-13, 1.25482317679e-12, 9.22452218777e-13], "dvar2": [3.29677504851e-07, 1.25717606352e-05, 0.000148169739987, 2.61709410552e-05, 5.390988008e-06, 1.20926836189e-06, 3.47614354723e-06, 4.96268967254e-07, 5.21583309876e-09, 1.82733572718e-09, 9.36122201978e-09, 3.15722936683e-09, 5.07674657868e-09, 8.21931744888e-10, 5.67615288105e-10, 2.25440430213e-10, 2.65104216357e-10, 4.58810989201e-10, 1.55894838705e-10, 8.87373119429e-10, 1.24831700532e-10, 4.90278234677e-11, 3.10332558262e-11, 2.05726713443e-10, 3.93944703247e-11, 2.87926349429e-11, 5.05283349883e-11, 4.4116345993e-11, 2.42508842868e-11, 1.59662474214e-11, 3.82393110232e-11, 4.83414731856e-11, 3.77043500588e-11, 1.97546926733e-11, 8.98495167156e-12, 3.896727125e-12, 1.34323639451e-12, 1.65897178807e-12, 2.8279358022e-12, 2.07461088239e-12], "max": [0.00907561928034, 0.0554555207491, 0.210430473089, 0.0886788964272, 0.0687590166926, 0.0195383168757, 0.0231348983943, 0.0150201776996, 0.001741222688, 0.000701284094248, 0.00282788206823, 0.00109429517761, 0.00234142295085, 0.000952684727963, 0.00026424691896, 0.000251449004281, 0.000317998317769, 0.000347173976479, 0.000323366170051, 0.000874006305821, 0.000259149703197, 9.60696488619e-05, 7.82416682341e-05, 0.000313772732625, 8.79014114616e-05, 5.93707118242e-05, 9.14122283575e-05, 9.63364218478e-05, 6.96019778843e-05, 4.56270099676e-05, 6.71024972689e-05, 8.83827742655e-05, 7.5943680713e-05, 6.18459234829e-05, 4.28032035416e-05, 2.4257300538e-05, 1.39413969009e-05, 1.70195162355e-05, 1.89928377949e-05, 1.50290916281e-05], "mean": [0.000120924247312, 0.000684989267029, 0.00154838897288, 0.00120057119057, 0.000713963177986, 0.000494738400448, 0.000477135472465, 0.000396138580982, 5.23074195371e-05, 2.94084366033e-05, 7.71372433519e-05, 2.86490812869e-05, 2.83070949081e-05, 1.32208933792e-05, 1.05995104605e-05, 8.03066268418e-06, 8.57514351083e-06, 1.01332243503e-05, 5.99792383582e-06, 7.00504915585e-06, 4.11789187638e-06, 2.82776272797e-06, 2.51389883488e-06, 4.34758158008e-06, 2.36533605857e-06, 1.72941793153e-06, 2.0727793526e-06, 1.70796670318e-06, 1.24722077999e-06, 1.00430156635e-06, 1.32179604861e-06, 1.53851192408e-06, 1.37514018661e-06, 9.91325123323e-07, 6.7501173362e-07, 4.91995137963e-07, 3.4948055827e-07, 3.31210458171e-07, 3.83347924071e-07, 3.25236129584e-07], "median": [1.84825985343e-05, 0.000151424785145, 0.00026947967126, 0.000584559456911, 0.00041628346662, 0.000203741961741, 0.0001251608046, 0.0001364320633, 2.51952205872e-05, 1.20674940263e-05, 1.86914239748e-05, 9.11261849978e-06, 6.2749263634e-06, 3.91571484215e-06, 4.58343356513e-06, 3.71285204892e-06, 3.54219537257e-06, 3.18491015605e-06, 1.89523302652e-06, 1.59205501404e-06, 1.25042117816e-06, 9.07157414076e-07, 8.6234678065e-07, 8.10808671758e-07, 5.76500610805e-07, 3.51581576297e-07, 4.54114370996e-07, 3.09053319825e-07, 1.95871507458e-07, 1.6582909268e-07, 1.72021046296e-07, 1.88823946701e-07, 1.90136702827e-07, 1.12948825404e-07, 7.14014447567e-08, 4.48770371975e-08, 3.62232697171e-08, 2.83774586052e-08, 2.75249227855e-08, 2.71277205144e-08], "min": [1.43640626466e-14, 8.74050587766e-15, 1.11412132436e-14, 8.11059796798e-15, 3.48972809708e-15, 1.35067789066e-15, 1.95482498732e-15, 1.54574652909e-14, 3.12877504395e-14, 1.09015706821e-14, 1.42774365871e-14, 4.20053972345e-14, 3.05913809367e-14, 3.09305430931e-14, 2.63938261573e-14, 3.10327359242e-14, 2.12886721869e-14, 2.33460152658e-14, 1.58215115813e-14, 9.47031031205e-15, 1.14895089563e-14, 3.72577945058e-15, 4.70061908167e-15, 6.699586344e-15, 7.29756831136e-15, 1.20202420134e-14, 7.57642680419e-15, 6.12629030486e-15, 1.49881599102e-14, 2.79561021956e-14, 1.20728961225e-14, 5.20370794794e-15, 4.65490767812e-15, 6.93269150515e-15, 4.06658781559e-15, 2.55700484996e-15, 4.93286196328e-15, 6.28774918417e-15, 9.42453749861e-15, 1.76146650841e-14], "var": [1.42408808301e-07, 4.09217363995e-06, 3.62616956409e-05, 7.74678755988e-06, 3.15546026286e-06, 8.33049796256e-07, 1.49390984916e-06, 6.84251517669e-07, 7.74103092738e-09, 2.28716112716e-09, 3.83315281738e-08, 5.28803090205e-09, 8.96046525867e-09, 1.24398424894e-09, 3.48070211542e-10, 1.58896423796e-10, 2.03526293041e-10, 4.14893897016e-10, 1.48851903026e-10, 6.92555179871e-10, 8.86694814795e-11, 3.33726137003e-11, 2.18118145073e-11, 1.84649365242e-10, 2.72304644111e-11, 1.88956471997e-11, 2.59673532677e-11, 2.20012723318e-11, 1.3754152331e-11, 8.09498041515e-12, 1.77114087285e-11, 2.36669555481e-11, 1.73186517211e-11, 9.4224853614e-12, 4.3582455353e-12, 2.15132577551e-12, 8.75769996887e-13, 8.77651683967e-13, 1.37548707233e-12, 1.01571680754e-12]}, "mfcc": {"mean": [-720.450378418, 148.276901245, 16.406211853, 21.9254970551, -3.33508706093, -1.45671069622, -15.2907600403, -11.1045513153, -12.2723531723, -9.49516963959, -4.63396787643, -10.3875102997, -4.59947109222], "cov": [[5743.19726562, -1389.20654297, 167.118606567, 289.059417725, 170.775146484, 132.010360718, 56.5757980347, 29.2696228027, -24.620141983, 68.7996826172, 116.032966614, 165.283248901, 156.666778564], [-1389.20654297, 1382.50952148, -341.911254883, -174.498138428, -77.2803955078, -95.66746521, -33.5215110779, 48.9271316528, 62.005405426, 8.84233093262, -54.4253807068, -75.6535720825, -61.914440155], [167.118606567, -341.911254883, 421.279571533, 84.1240997314, 40.0263786316, 74.9205322266, 60.2769165039, 17.2798557281, -3.04414153099, 1.85692512989, 51.1967773438, 22.8652553558, 26.1532611847], [289.059417725, -174.498138428, 84.1240997314, 183.621994019, 48.7630577087, 34.7743644714, 12.7997016907, -0.0941452309489, -10.4782962799, 16.6851711273, 40.0778923035, 22.6985301971, 10.5053081512], [170.775146484, -77.2803955078, 40.0263786316, 48.7630577087, 133.604568481, 59.0239257812, 38.9193077087, 32.5787124634, 14.9251813889, 6.08825206757, 12.0958061218, 14.4843034744, 1.37076508999], [132.010360718, -95.66746521, 74.9205322266, 34.7743644714, 59.0239257812, 141.520797729, 75.1808547974, 27.8491954803, 21.8681564331, -3.67611336708, 9.67670059204, 2.63995671272, 7.62477397919], [56.5757980347, -33.5215110779, 60.2769165039, 12.7997016907, 38.9193077087, 75.1808547974, 130.277679443, 49.0122909546, 15.9889230728, 1.93410360813, 9.21185112, 1.49293982983, -2.76809597015], [29.2696228027, 48.9271316528, 17.2798557281, -0.0941452309489, 32.5787124634, 27.8491954803, 49.0122909546, 118.872612, 50.5713996887, -6.718064785, -5.14999866486, 0.480714857578, 7.00794887543], [-24.620141983, 62.005405426, -3.04414153099, -10.4782962799, 14.9251813889, 21.8681564331, 15.9889230728, 50.5713996887, 115.570335388, 24.0499954224, -16.3430519104, -18.3693313599, 3.57037234306], [68.7996826172, 8.84233093262, 1.85692512989, 16.6851711273, 6.08825206757, -3.67611336708, 1.93410360813, -6.718064785, 24.0499954224, 97.3596725464, 32.5724334717, -10.5602264404, -9.66871929169], [116.032966614, -54.4253807068, 51.1967773438, 40.0778923035, 12.0958061218, 9.67670059204, 9.21185112, -5.14999866486, -16.3430519104, 32.5724334717, 100.553443909, 39.7460441589, 9.36246013641], [165.283248901, -75.6535720825, 22.8652553558, 22.6985301971, 14.4843034744, 2.63995671272, 1.49293982983, 0.480714857578, -18.3693313599, -10.5602264404, 39.7460441589, 95.6141357422, 38.8147010803], [156.666778564, -61.914440155, 26.1532611847, 10.5053081512, 1.37076508999, 7.62477397919, -2.76809597015, 7.00794887543, 3.57037234306, -9.66871929169, 9.36246013641, 38.8147010803, 88.2316513062]], "icov": [[0.000260285916738, 0.000269595882855, 0.000198571506189, -0.000150576117449, -8.86840789462e-05, -4.82988907606e-05, -6.28574412076e-07, -0.000180912247743, 3.29285685439e-05, -0.000232933292864, -3.15695579047e-05, -0.000133985377033, -0.000258584826952], [0.000269595882855, 0.00133725872729, 0.000906925590243, 0.000391960871639, 0.000141380936839, 0.00026739743771, -9.29775633267e-05, -0.000711231376044, -0.000313535594614, -0.000192087594769, -0.0003948842932, 0.000313386495691, 6.81355668348e-05], [0.000198571506189, 0.000906925590243, 0.00360595667735, -0.000709133106284, 0.000185899640201, -0.000686080893502, -0.000852705794387, -0.000423462275648, -0.000164675569977, 0.000313925556839, -0.00148898852058, 0.000592246651649, -0.000698797870427], [-0.000150576117449, 0.000391960871639, -0.000709133106284, 0.00741018448025, -0.00188064586837, -0.000662171165459, 0.00078003143426, -3.17625344906e-05, 0.000587193178944, -0.000694953312632, -0.00166408251971, -3.00888568745e-05, 7.36560687074e-05], [-8.86840789462e-05, 0.000141380936839, 0.000185899640201, -0.00188064586837, 0.0105671910569, -0.00344916363247, -0.000158629030921, -0.00214786757715, -7.1872578701e-05, -0.000806235475466, 0.00060439738445, -0.00171996920835, 0.00133208488114], [-4.82988907606e-05, 0.00026739743771, -0.000686080893502, -0.000662171165459, -0.00344916363247, 0.0127075072378, -0.00616862857714, 0.00163029390387, -0.00231958157383, 0.00196385779418, -0.000819032778963, 0.00140818476211, -0.00103548367042], [-6.28574412076e-07, -9.29775633267e-05, -0.000852705794387, 0.00078003143426, -0.000158629030921, -0.00616862857714, 0.013174649328, -0.00461791874841, 0.00161237432621, -0.00118583103176, -8.46805050969e-05, -0.000395975948777, 0.00139939947985], [-0.000180912247743, -0.000711231376044, -0.000423462275648, -3.17625344906e-05, -0.00214786757715, 0.00163029390387, -0.00461791874841, 0.0135071333498, -0.0056393025443, 0.00288692535833, -0.000462223484647, -0.000136801885674, -0.00071998819476], [3.29285685439e-05, -0.000313535594614, -0.000164675569977, 0.000587193178944, -7.1872578701e-05, -0.00231958157383, 0.00161237432621, -0.0056393025443, 0.0131957698613, -0.00484070181847, 0.0028621701058, 0.00106725702062, -0.00143717695028], [-0.000232933292864, -0.000192087594769, 0.000313925556839, -0.000694953312632, -0.000806235475466, 0.00196385779418, -0.00118583103176, 0.00288692535833, -0.00484070181847, 0.0147801432759, -0.00659857783467, 0.0035300347954, 0.000807618838735], [-3.15695579047e-05, -0.0003948842932, -0.00148898852058, -0.00166408251971, 0.00060439738445, -0.000819032778963, -8.46805050969e-05, -0.000462223484647, 0.0028621701058, -0.00659857783467, 0.0164551828057, -0.00700069637969, 0.0010086161783], [-0.000133985377033, 0.000313386495691, 0.000592246651649, -3.00888568745e-05, -0.00171996920835, 0.00140818476211, -0.000395975948777, -0.000136801885674, 0.00106725702062, 0.0035300347954, -0.00700069637969, 0.0170674677938, -0.00623245956376], [-0.000258584826952, 6.81355668348e-05, -0.000698797870427, 7.36560687074e-05, 0.00133208488114, -0.00103548367042, 0.00139939947985, -0.00071998819476, -0.00143717695028, 0.000807618838735, 0.0010086161783, -0.00623245956376, 0.0149904116988]]}, "spectral_contrast_coeffs": {"dmean": [0.0534203574061, 0.0397543869913, 0.0325480140746, 0.028142882511, 0.0219840556383, 0.0182259008288], "dmean2": [0.0888847336173, 0.0611502379179, 0.0492449067533, 0.0423394888639, 0.0320897065103, 0.0257823895663], "dvar": [0.00201017619111, 0.0013757920824, 0.000819349836092, 0.000593354343437, 0.000429600651842, 0.000313516851747], "dvar2": [0.00541073037311, 0.00314934621565, 0.0017725569196, 0.00125913519878, 0.000763780320995, 0.000575569225475], "max": [-0.193847507238, -0.387866973877, -0.445674091578, -0.554608166218, -0.575469195843, -0.617293000221], "mean": [-0.546959578991, -0.657118618488, -0.724936306477, -0.764877378941, -0.782362163067, -0.764359235764], "median": [-0.550588011742, -0.657165408134, -0.727746486664, -0.766958117485, -0.790552914143, -0.769554615021], "min": [-0.954739689827, -0.943421661854, -0.963757395744, -0.972400128841, -0.959926605225, -0.958258271217], "var": [0.00607621250674, 0.00552625861019, 0.00506502669305, 0.00295174610801, 0.00324246520177, 0.00167331681587]}, "spectral_contrast_valleys": {"dmean": [0.508620381355, 0.354072272778, 0.364891171455, 0.362147897482, 0.394622266293, 0.48508104682], "dmean2": [0.799334466457, 0.523611366749, 0.52406078577, 0.465251475573, 0.44560661912, 0.499928176403], "dvar": [0.235147714615, 0.156417354941, 0.157409593463, 0.15581548214, 0.192