{"lowlevel": {"average_loudness": 0.976236641407, "barkbands_crest": {"dmean": 3.72111392021, "dmean2": 5.19296789169, "dvar": 13.4451770782, "dvar2": 23.9068183899, "max": 26.7494220734, "mean": 15.9672679901, "median": 16.7651538849, "min": 2.30573773384, "var": 52.5130119324}, "barkbands_flatness_db": {"dmean": 0.0514627359807, "dmean2": 0.0704605951905, "dvar": 0.00288708368316, "dvar2": 0.00492515135556, "max": 0.583815991879, "mean": 0.198557913303, "median": 0.176188349724, "min": 0.0224432777613, "var": 0.0103007527068}, "barkbands_kurtosis": {"dmean": 48.699131012, "dmean2": 63.4740791321, "dvar": 24078.7871094, "dvar2": 41959.6601562, "max": 4075.70410156, "mean": 62.6649475098, "median": 4.13899040222, "min": -1.97973954678, "var": 40862.4414062}, "barkbands_skewness": {"dmean": 2.19384860992, "dmean2": 2.65127038956, "dvar": 9.63255214691, "dvar2": 13.9018335342, "max": 52.0331039429, "mean": 4.22556495667, "median": 2.18088984489, "min": -6.13535022736, "var": 33.7344055176}, "barkbands_spread": {"dmean": 10.2233438492, "dmean2": 15.279665947, "dvar": 163.688766479, "dvar2": 335.825897217, "max": 123.376152039, "mean": 22.8104877472, "median": 18.3852481842, "min": 0.0554109364748, "var": 420.297424316}, "dissonance": {"dmean": 0.0150600839406, "dmean2": 0.0250067841262, "dvar": 0.000340415339451, "dvar2": 0.000895387376659, "max": 0.500000178814, "mean": 0.470354169607, "median": 0.479090094566, "min": 0.277993738651, "var": 0.000820454675704}, "dynamic_complexity": 4.32757234573, "erbbands_crest": {"dmean": 3.02412843704, "dmean2": 4.81701850891, "dvar": 9.48973464966, "dvar2": 21.0763168335, "max": 32.3026580811, "mean": 9.73232460022, "median": 8.16506004333, "min": 2.44596099854, "var": 28.9391670227}, "erbbands_flatness_db": {"dmean": 0.0223038308322, "dmean2": 0.0323764458299, "dvar": 0.000511538004503, "dvar2": 0.00103937147651, "max": 0.381014794111, "mean": 0.152953371406, "median": 0.1458992064, "min": 0.0481623411179, "var": 0.00260937283747}, "erbbands_kurtosis": {"dmean": 1.46521437168, "dmean2": 2.25286483765, "dvar": 9.82671546936, "dvar2": 21.6817951202, "max": 82.5407791138, "mean": 0.999191462994, "median": 0.0175423622131, "min": -1.87679982185, "var": 16.0994377136}, "erbbands_skewness": {"dmean": 0.483902722597, "dmean2": 0.690273165703, "dvar": 0.306146621704, "dvar2": 0.570682883263, "max": 8.62710285187, "mean": -0.00951871927828, "median": -0.136229366064, "min": -5.90395021439, "var": 1.35866332054}, "erbbands_spread": {"dmean": 13.0817260742, "dmean2": 18.9744319916, "dvar": 198.23991394, "dvar2": 380.582183838, "max": 226.87322998, "mean": 49.0382575989, "median": 43.1120986938, "min": 4.27314853668, "var": 680.451171875}, "hfc": {"dmean": 8.63957691193, "dmean2": 12.2771759033, "dvar": 133.97718811, "dvar2": 277.2421875, "max": 188.269744873, "mean": 20.322971344, "median": 16.1440315247, "min": 6.0071711232e-06, "var": 359.772979736}, "melbands_crest": {"dmean": 4.82590484619, "dmean2": 7.47206544876, "dvar": 23.3970508575, "dvar2": 48.8569602966, "max": 37.8471908569, "mean": 22.2443370819, "median": 24.2337913513, "min": 2.38399791718, "var": 75.8241195679}, "melbands_flatness_db": {"dmean": 0.0602306425571, "dmean2": 0.0801947936416, "dvar": 0.00414661690593, "dvar2": 0.00656884675846, "max": 0.715327620506, "mean": 0.261084258556, "median": 0.243814110756, "min": 0.0193328857422, "var": 0.0185203906149}, "melbands_kurtosis": {"dmean": 57.8721160889, "dmean2": 83.7375564575, "dvar": 9245.84179688, "dvar2": 18115.9375, "max": 1250.06848145, "mean": 96.0785064697, "median": 23.4169120789, "min": -1.86854934692, "var": 21412.9140625}, "melbands_skewness": {"dmean": 2.3881316185, "dmean2": 3.36675024033, "dvar": 7.49368333817, "dvar2": 13.9633083344, "max": 29.1632938385, "mean": 6.0342707634, "median": 4.48642921448, "min": -2.28607749939, "var": 26.0338439941}, "melbands_spread": {"dmean": 12.9471826553, "dmean2": 19.3972663879, "dvar": 379.964324951, "dvar2": 749.975280762, "max": 306.94934082, "mean": 25.199306488, "median": 14.6696281433, "min": 0.150448337197, "var": 927.994140625}, "pitch_salience": {"dmean": 0.108383849263, "dmean2": 0.156150922179, "dvar": 0.0148162478581, "dvar2": 0.0270365010947, "max": 0.898307919502, "mean": 0.351102441549, "median": 0.330264866352, "min": 0.0207721814513, "var": 0.0474005267024}, "silence_rate_20dB": {"dmean": 0.0294961072505, "dmean2": 0.0590002723038, "dvar": 0.0286258701235, "dvar2": 0.0738182812929, "max": 1, "mean": 0.979109764099, "median": 1, "min": 0, "var": 0.0204543936998}, "silence_rate_30dB": {"dmean": 0.0925850048661, "dmean2": 0.185195297003, "dvar": 0.0840103924274, "dvar2": 0.150899350643, "max": 1, "mean": 0.763107597828, "median": 1, "min": 0, "var": 0.180772021413}, "silence_rate_60dB": {"dmean": 0.0428786017001, "dmean2": 0.0856323391199, "dvar": 0.0410356894135, "dvar2": 0.0881281867623, "max": 1, "mean": 0.0966684892774, "median": 0, "min": 0, "var": 0.0873187109828}, "spectral_centroid": {"dmean": 395.472351074, "dmean2": 549.61505127, "dvar": 197169.6875, "dvar2": 296698.53125, "max": 7094.91992188, "mean": 1915.79968262, "median": 1963.76953125, "min": 78.6204833984, "var": 1007226.0625}, "spectral_complexity": {"dmean": 4.43397521973, "dmean2": 6.82736968994, "dvar": 31.6921977997, "dvar2": 68.0763931274, "max": 55, "mean": 11.5858821869, "median": 10, "min": 0, "var": 72.7409362793}, "spectral_decrease": {"dmean": 8.72582539557e-09, "dmean2": 1.09706395079e-08, "dvar": 2.26282919565e-16, "dvar2": 2.55067428453e-16, "max": -5.08520782686e-16, "mean": -1.94882279203e-08, "median": -6.17652951007e-09, "min": -9.68234417087e-08, "var": 7.87565569824e-16}, "spectral_energy": {"dmean": 0.0332507304847, "dmean2": 0.0417753793299, "dvar": 0.00323127396405, "dvar2": 0.00362880155444, "max": 0.368176937103, "mean": 0.0753964036703, "median": 0.0250241942704, "min": 2.46414444405e-09, "var": 0.0113251544535}, "spectral_energyband_high": {"dmean": 0.000633441610262, "dmean2": 0.000928505964112, "dvar": 1.13183580197e-06, "dvar2": 2.2165968403e-06, "max": 0.0240900795907, "mean": 0.00105456612073, "median": 0.000449006329291, "min": 2.28168137162e-10, "var": 2.89134800369e-06}, "spectral_energyband_low": {"dmean": 0.0328560061753, "dmean2": 0.0431891717017, "dvar": 0.00359165086411, "dvar2": 0.0042136493139, "max": 0.36489328742, "mean": 0.0671726614237, "median": 0.016314573586, "min": 1.74580523649e-11, "var": 0.0113428495824}, "spectral_energyband_middle_high": {"dmean": 0.00193424918689, "dmean2": 0.00311647006311, "dvar": 1.45496906043e-05, "dvar2": 3.75263298338e-05, "max": 0.0691941007972, "mean": 0.00337105826475, "median": 0.00156874209642, "min": 1.91506099867e-09, "var": 2.38682114286e-05}, "spectral_energyband_middle_low": {"dmean": 0.00551035162061, "dmean2": 0.0100931534544, "dvar": 0.000246224401053, "dvar2": 0.000704104953911, "max": 0.107859827578, "mean": 0.00511456234381, "median": 0.00153094390407, "min": 3.20704546253e-10, "var": 0.000152984343003}, "spectral_entropy": {"dmean": 0.256044000387, "dmean2": 0.38474547863, "dvar": 0.0838557928801, "dvar2": 0.169712394476, "max": 8.9942779541, "mean": 7.64906835556, "median": 7.63274860382, "min": 5.28366613388, "var": 0.273742288351}, "spectral_flux": {"dmean": 0.0704333484173, "dmean2": 0.102295033634, "dvar": 0.00726051162928, "dvar2": 0.0169840045273, "max": 0.519868910313, "mean": 0.129394173622, "median": 0.072889983654, "min": 0.000182731426321, "var": 0.0159041211009}, "spectral_kurtosis": {"dmean": 1.18128061295, "dmean2": 1.91570103168, "dvar": 2.01058483124, "dvar2": 5.29669237137, "max": 19.4664020538, "mean": 3.29777526855, "median": 3.01408958435, "min": -1.22846996784, "var": 4.29377794266}, "spectral_rms": {"dmean": 0.00186790071893, "dmean2": 0.00233594328165, "dvar": 6.69559494781e-06, "dvar2": 7.59115346227e-06, "max": 0.0189524926245, "mean": 0.00673419190571, "median": 0.00494103692472, "min": 1.5504978137e-06, "var": 2.82082728518e-05}, "spectral_rolloff": {"dmean": 915.436340332, "dmean2": 1475.37634277, "dvar": 2440925.25, "dvar2": 4598611, "max": 11972.4609375, "mean": 1899.14355469, "median": 624.462890625, "min": 43.06640625, "var": 6593652}, "spectral_skewness": {"dmean": 0.201840087771, "dmean2": 0.314778834581, "dvar": 0.0392489098012, "dvar2": 0.0936719626188, "max": 3.5906791687, "mean": 1.29603993893, "median": 1.28058075905, "min": -0.418443530798, "var": 0.119497217238}, "spectral_spread": {"dmean": 734906.5625, "dmean2": 1050829.375, "dvar": 718099841024, "dvar2": 1234456674300.0, "max": 17062156, "mean": 5416507, "median": 5169402.5, "min": 1554357, "var": 3265657044990.0}, "spectral_strongpeak": {"dmean": 0.454246759415, "dmean2": 0.713998198509, "dvar": 0.531694233418, "dvar2": 1.30405259132, "max": 10.8825931549, "mean": 0.851186156273, "median": 0.417558014393, "min": 0, "var": 1.06784319878}, "zerocrossingrate": {"dmean": 0.0210818406194, "dmean2": 0.0225905105472, "dvar": 0.000581164145842, "dvar2": 0.000550510187168, "max": 0.4248046875, "mean": 0.0700444281101, "median": 0.05224609375, "min": 0.00146484375, "var": 0.00422060023993}, "barkbands": {"dmean": [0.000733672000933, 0.0316942147911, 0.0117056863382, 0.00342744030058, 0.0012725564884, 0.000248488911893, 0.000228380115004, 0.000402689649491, 0.000320981111145, 0.00030503232847, 0.000494847947266, 0.000217777967919, 0.00019225126016, 0.000323102925904, 0.000177742374945, 0.000158393377205, 0.000201918883249, 0.000211782287806, 0.000173842374352, 0.000232961436268, 8.89151488082e-05, 9.26084831008e-05, 0.000100960438431, 0.000173171603819, 0.000100260185718, 4.97988366988e-05, 3.17293279295e-06], "dmean2": [0.00104451214429, 0.0423878356814, 0.0194934718311, 0.00660310778767, 0.00237268558703, 0.000403799087508, 0.000394718314055, 0.000646750733722, 0.00049597438192, 0.000449635728728, 0.000844475696795, 0.000367768428987, 0.000326489505824, 0.000555815466214, 0.000277454091702, 0.00026565452572, 0.000338700279826, 0.000338446523529, 0.000275105179753, 0.000339976279065, 0.00013918413606, 0.000143222190673, 0.000153425120516, 0.000252763653407, 0.000144943915075, 7.92029532022e-05, 4.6257705435e-06], "dvar": [1.15065381578e-06, 0.00362041499466, 0.000978815602139, 0.000122601166368, 1.58865113917e-05, 3.2746368106e-07, 5.2536563544e-07, 1.13451608286e-06, 1.01724128854e-06, 1.29551676764e-06, 2.38502229877e-06, 2.98533478826e-07, 1.9826873654e-07, 5.85401494391e-07, 1.68067813888e-07, 1.14026185827e-07, 1.28074191252e-07, 2.47383098895e-07, 1.48926488919e-07, 2.56483019712e-07, 1.74735586e-08, 3.19142792193e-08, 6.76108840025e-08, 2.0730054473e-07, 4.90914828788e-08, 1.13235643084e-08, 3.39363780133e-11], "dvar2": [2.76455511994e-06, 0.00427738111466, 0.00242886133492, 0.000354898045771, 4.63697324449e-05, 8.541275065e-07, 1.29316640596e-06, 2.48364699473e-06, 2.15271643356e-06, 2.88726118924e-06, 6.01652072874e-06, 7.06800165062e-07, 4.90017782795e-07, 1.55247619205e-06, 3.7192356217e-07, 2.82995671341e-07, 3.25674022861e-07, 5.87230601923e-07, 3.5403635934e-07, 4.6701836709e-07, 3.98709474325e-08, 7.17993913213e-08, 1.31109686663e-07, 3.8418770032e-07, 9.65888560245e-08, 2.78466760761e-08, 6.5185953857e-11], "max": [0.01609897241, 0.357035130262, 0.201945021749, 0.0661175623536, 0.0300850309432, 0.013144238852, 0.0169165525585, 0.0218724571168, 0.0264927428216, 0.0396796278656, 0.0362760163844, 0.0150612127036, 0.00692828278989, 0.0114727402106, 0.012070777826, 0.0100574381649, 0.00761960819364, 0.0104399761185, 0.0074200425297, 0.0130557473749, 0.00293897255324, 0.00598750729114, 0.0111987544224, 0.0167493540794, 0.00699212728068, 0.00301593565382, 0.000239271044848], "mean": [0.00107890204526, 0.0560556985438, 0.00889017153531, 0.00194579805247, 0.000943928258494, 0.000449023675174, 0.000266863004072, 0.000599008635618, 0.00058313307818, 0.000585816102102, 0.000614172546193, 0.000263372756308, 0.000199460715521, 0.000354351563146, 0.000267048046226, 0.000188675592653, 0.000260412954958, 0.000290982949082, 0.000264595000772, 0.00040964310756, 0.000144642486703, 0.000145537109347, 0.000146076534293, 0.000257783976849, 0.000131534383399, 5.57871280762e-05, 4.04933962272e-06], "median": [0.000403028621804, 0.0116738360375, 0.000305764842778, 2.55773938989e-05, 0.000153498884174, 0.000104099075543, 4.02678160754e-05, 8.58325292938e-05, 7.24987039575e-05, 7.00020245858e-05, 5.85064990446e-05, 4.373970296e-05, 4.59856964881e-05, 7.05299753463e-05, 9.81746125035e-05, 6.75962000969e-05, 0.000128807936562, 0.000122599827591, 0.000122361030662, 0.000138120027259, 6.2424238422e-05, 5.04225317854e-05, 4.94009473186e-05, 5.56000959477e-05, 3.33420612151e-05, 1.50544719872e-05, 1.38577615871e-06], "min": [7.33207938808e-12, 2.13875163239e-12, 9.03789169155e-14, 1.63566697079e-13, 1.22595293292e-11, 9.77630476573e-11, 1.15672277312e-10, 1.21526191887e-11, 3.88414474195e-11, 9.14910369687e-11, 1.17884590978e-10, 1.78513703819e-10, 1.10702497516e-11, 2.90986939405e-11, 2.56986758262e-11, 3.04437863807e-10, 2.90345386622e-10, 1.74689526733e-10, 3.90322829613e-10, 3.35730776513e-10, 8.50684453435e-11, 2.18683213898e-11, 9.15952383385e-12, 6.22768156489e-12, 2.13002315438e-12, 1.98325080317e-12, 2.12614431269e-12], "var": [2.03017930289e-06, 0.00956264417619, 0.000774020969402, 6.60748191876e-05, 9.22497747524e-06, 6.42217003133e-07, 8.94506854365e-07, 3.11832627631e-06, 3.76864272766e-06, 6.08478057984e-06, 5.46152159586e-06, 6.57692282857e-07, 2.44183723908e-07, 7.80801769906e-07, 3.1431616776e-07, 1.50640545371e-07, 1.54483359438e-07, 3.09189289283e-07, 2.20736765755e-07, 6.59844374695e-07, 4.38342446785e-08, 8.59190478764e-08, 1.38776869107e-07, 4.90849799917e-07, 9.34500974381e-08, 1.39492497553e-08, 6.72788422196e-11]}, "erbbands": {"dmean": [1.15917515755, 7.40992832184, 14.3293304443, 11.5594081879, 8.32097434998, 2.76903319359, 1.72456300259, 1.88759756088, 2.20074748993, 7.46294498444, 8.0108165741, 6.81271600723, 8.99665164948, 13.8232135773, 13.7208013535, 9.44749069214, 9.75575637817, 17.6026573181, 8.16865348816, 8.27299976349, 9.11444568634, 11.0243253708, 12.0972776413, 10.4627122879, 9.54524803162, 10.1478118896, 4.64314413071, 3.76599836349, 3.17641448975, 2.89106249809, 3.15942120552, 4.18088197708, 2.34293341637, 1.14509177208, 0.764269649982, 0.293263584375, 0.073985144496, 0.0092314677313, 0.000611125258729, 4.80353082821e-05], "dmean2": [1.4571365118, 9.34416103363, 21.8258914948, 20.8024845123, 15.9515514374, 5.04704093933, 2.61745882034, 3.23403501511, 3.77130913734, 12.1611042023, 12.7502660751, 10.5822944641, 12.423913002, 22.3238983154, 23.9707279205, 15.8927230835, 16.5509643555, 30.1202697754, 13.3400630951, 12.6546258926, 15.3790149689, 18.4326095581, 19.3268871307, 16.7094688416, 14.6876802444, 14.8929338455, 7.10839080811, 5.95818901062, 4.88837242126, 4.42208719254, 4.85690879822, 6.26002645493, 3.34347844124, 1.668872118, 1.18035435677, 0.476118862629, 0.112497814, 0.0129468338564, 0.00087883422384, 6.17093101027e-05], "dvar": [4.04636907578, 190.018814087, 1173.57446289, 1184.28649902, 744.620056152, 56.6178512573, 12.3202571869, 23.9675426483, 51.4928703308, 449.130401611, 396.992340088, 491.215118408, 1284.93859863, 2151.69702148, 1730.58044434, 526.581359863, 507.273284912, 1735.43566895, 284.156188965, 424.161621094, 347.520202637, 435.609832764, 999.287231445, 474.507202148, 450.067138672, 524.185913086, 49.7508506775, 36.3114280701, 46.3124504089, 33.90883255, 71.8703308105, 117.265235901, 44.2558288574, 8.19868183136, 2.79334211349, 0.419455349445, 0.0239707697183, 0.000292457349133, 1.26449606341e-06, 3.7954244192e-09], "dvar2": [5.89758110046, 238.710861206, 2635.34887695, 3277.79833984, 2159.33178711, 165.041122437, 28.5666427612, 65.206237793, 131.991134644, 1034.09533691, 928.001831055, 980.363586426, 2505.8972168, 4864.97607422, 4750.65917969, 1293.98120117, 1256.03015137, 4549.16601562, 704.912597656, 882.144958496, 919.929321289, 1105.51916504, 2411.80053711, 1107.53613281, 1021.52868652, 1023.97021484, 106.70753479, 85.3417282104, 108.053604126, 64.7298812866, 141.965026855, 232.046066284, 79.7229156494, 14.7284469604, 6.38805532455, 1.04536235332, 0.0556123442948, 0.000554133905098, 2.62745197688e-06, 4.80069184405e-09], "max": [13.5211143494, 89.505241394, 218.255889893, 223.810470581, 181.459152222, 68.9303665161, 97.4201126099, 71.9478149414, 228.524490356, 525.618774414, 424.732025146, 757.223205566, 1538.2890625, 2096.77661133, 684.614929199, 541.608825684, 325.586456299, 638.085205078, 543.799072266, 783.810180664, 271.910705566, 483.878753662, 714.077941895, 389.583221436, 507.916656494, 483.795654297, 155.947463989, 177.972183228, 275.041870117, 170.364868164, 370.176818848, 398.145904541, 201.954315186, 101.735588074, 39.5896759033, 18.362953186, 4.48537063599, 0.692880809307, 0.0309492517263, 0.000864127359819], "mean": [1.58483815193, 12.4611406326, 14.0055589676, 7.76316213608, 5.03423023224, 2.44622898102, 3.68065357208, 2.60814189911, 2.80774354935, 10.5969800949, 12.422577858, 12.579252243, 19.6011791229, 21.8284702301, 13.9878025055, 11.7759056091, 10.8779792786, 19.875289917, 11.076379776, 13.5198154449, 11.2369642258, 14.5863952637, 16.7598323822, 15.0253381729, 16.1602306366, 17.9504642487, 7.61001586914, 5.88675308228, 5.15650701523, 4.56546592712, 4.42030096054, 5.81570243835, 3.62288403511, 1.65835416317, 0.865084826946, 0.321752607822, 0.0878812223673, 0.0117415115237, 0.000778042769525, 0.00010493445734], "median": [0.446278452873, 1.80862271786, 0.992561578751, 0.338023245335, 0.148174852133, 0.490348398685, 1.14605736732, 0.662216186523, 0.547110378742, 1.15041017532, 2.23421478271, 1.7436927557, 2.43085289001, 2.7327504158, 2.14525008202, 2.24024391174, 2.78594684601, 4.46973705292, 4.39338827133, 5.57659006119, 4.45970630646, 7.45152902603, 6.70387554169, 7.65641498566, 7.18143749237, 6.0517282486, 3.35216665268, 2.4318883419, 1.87805128098, 1.60575819016, 1.42893791199, 1.2731667757, 0.754659354687, 0.433855712414, 0.209568411112, 0.0830789580941, 0.0250564683229, 0.00367934559472, 0.000285228714347, 4.82848627144e-05], "min": [2.99960778438e-10, 2.74113370891e-10, 2.13366616042e-10, 1.082756107e-09, 7.57682894204e-09, 8.2940019297e-08, 3.00951995769e-07, 9.88484885056e-07, 1.760289706e-06, 9.40004895256e-07, 3.88066865753e-07, 7.99276051566e-07, 2.23985807679e-06, 4.02071827921e-06, 8.68212282512e-06, 6.02480122325e-06, 9.5057953331e-07, 1.19236187857e-06, 1.24253551803e-06, 7.1494414442e-06, 1.35357877298e-05, 1.56870064529e-05, 1.08726817416e-05, 2.26678530453e-05, 1.93063369807e-05, 1.33357880259e-05, 3.77254173145e-06, 3.68786663785e-06, 1.13169483029e-06, 2.94635839282e-07, 3.19492357903e-07, 1.71297330098e-07, 5.31094563883e-08, 3.38910943753e-08, 1.45632101933e-08, 9.60689661156e-09, 2.68828670436e-09, 1.26063137706e-09, 2.96012742096e-10, 3.71142144795e-11], "var": [8.00042247772, 515.107543945, 1242.05310059, 742.920471191, 407.686523438, 37.9565124512, 37.5733032227, 25.6232471466, 66.3429412842, 1139.80615234, 963.21307373, 2213.95214844, 8110.93261719, 7664.82080078, 1585.52990723, 1039.453125, 668.109985352, 2330.35009766, 371.42300415, 863.626037598, 392.080413818, 499.456878662, 1210.33618164, 635.098632812, 840.590820312, 1258.23632812, 126.366912842, 83.9862518311, 117.393463135, 89.5759658813, 137.883972168, 243.452850342, 110.436965942, 18.1343631744, 3.76340246201, 0.49530261755, 0.0347185954452, 0.000599674531259, 2.04839830076e-06, 1.33507613853e-08]}, "gfcc": {"mean": [-32.1690864563, 42.7699584961, -113.389633179, 44.2997398376, -42.3883857727, 23.3518676758, -22.111289978, 24.8410148621, -14.413187027, 10.089263916, -7.20032262802, 4.5888428688, -5.79630994797], "cov": [[7718.44238281, 900.403503418, 1828.5456543, 668.793334961, 399.9347229, 876.226013184, -109.184745789, -18.9445285797, -308.600769043, -179.401794434, -360.258850098, -250.831756592, -277.503295898], [900.403503418, 2712.125, 1121.77880859, 892.163024902, 974.138122559, 137.675720215, 558.223937988, -26.7048530579, 267.939544678, -152.232543945, 129.18019104, -177.216598511, 25.1708984375], [1828.5456543, 1121.77880859, 2351.06884766, 1020.40264893, 1002.83874512, 633.968200684, 312.42175293, 188.49369812, 103.36605835, -27.4635848999, -85.2036590576, -131.869308472, -128.767730713], [668.793334961, 892.163024902, 1020.40264893, 1098.33618164, 966.436645508, 430.690429688, 379.843017578, 105.46812439, 168.81829834, -23.4136753082, 29.839756012, -97.0121002197, 16.2200088501], [399.9347229, 974.138122559, 1002.83874512, 966.436645508, 1130.1517334, 421.836608887, 432.99420166, 132.573669434, 174.119354248, 1.61191225052, 34.0057029724, -67.7835388184, 11.4060535431], [876.226013184, 137.675720215, 633.968200684, 430.690429688, 421.836608887, 568.062805176, 267.915435791, 109.000144958, 46.3364181519, 7.10958099365, -18.4955806732, -61.6062774658, -52.8802986145], [-109.184745789, 558.223937988, 312.42175293, 379.843017578, 432.99420166, 267.915435791, 482.818145752, 152.383026123, 167.8543396, 26.8100471497, 99.5698165894, -23.7922306061, 39.8760070801], [-18.9445285797, -26.7048530579, 188.49369812, 105.46812439, 132.573669434, 109.000144958, 152.383026123, 244.14125061, 129.671142578, 86.4926147461, 51.5308113098, 33.9066467285, 34.1557159424], [-308.600769043, 267.939544678, 103.36605835, 168.81829834, 174.119354248, 46.3364181519, 167.8543396, 129.671142578, 238.490325928, 87.0949478149, 108.919883728, 22.9802398682, 72.695892334], [-179.401794434, -152.232543945, -27.4635848999, -23.4136753082, 1.61191225052, 7.10958099365, 26.8100471497, 86.4926147461, 87.0949478149, 159.40574646, 77.2176513672, 69.4654693604, 44.4483757019], [-360.258850098, 129.18019104, -85.2036590576, 29.839756012, 34.0057029724, -18.4955806732, 99.5698165894, 51.5308113098, 108.919883728, 77.2176513672, 189.018615723, 68.3648452759, 69.4324569702], [-250.831756592, -177.216598511, -131.869308472, -97.0121002197, -67.7835388184, -61.6062774658, -23.7922306061, 33.9066467285, 22.9802398682, 69.4654693604, 68.3648452759, 138.452011108, 73.2679138184], [-277.503295898, 25.1708984375, -128.767730713, 16.2200088501, 11.4060535431, -52.8802986145, 39.8760070801, 34.1557159424, 72.695892334, 44.4483757019, 69.4324569702, 73.2679138184, 174.499023438]], "icov": [[0.000274572579656, -0.000313020835165, -6.35903279544e-06, -0.000195673695998, 0.000337400328135, -0.000659473706037, 0.000527391792275, -0.000380805431632, 0.000540985260159, -0.000278033752693, 0.000302816100884, -8.40457869344e-05, -1.23383633763e-05], [-0.000313020835165, 0.00154496869072, -0.000570306903683, 0.000433743116446, -0.000946603307966, 0.00177505577449, -0.00170974514913, 0.00164548563771, -0.0015912395902, 0.00145768362563, -0.001155498554, 0.00100045569707, -0.00018209121481], [-6.35903279544e-06, -0.000570306903683, 0.00121387431864, -0.000582139531616, -9.01954917936e-05, -0.000941219564993, 0.000945650797803, -0.00108623388223, 0.000417010596721, -0.000437549373601, 0.000631459290162, -0.000532832520548, 0.000649395748042], [-0.000195673695998, 0.000433743116446, -0.000582139531616, 0.00473607704043, -0.00346609624103, -0.000131772423629, -0.000176797402673, 0.000972453330178, -0.0014282935299, 0.00122291967273, -0.00110357394442, 0.00175534537993, -0.00122126017231], [0.000337400328135, -0.000946603307966, -9.01954917936e-05, -0.00346609624103, 0.00495052104816, -0.00105661118869, -0.000390700792195, -0.000738500035368, 0.00106404826511, -0.00137158622965, 0.00154658511747, -0.00154151744209, 0.000456733629107], [-0.000659473706037, 0.00177505577449, -0.000941219564993, -0.000131772423629, -0.00105661118869, 0.00607368769124, -0.00389751931652, 0.00142868317198, -0.000953334267251, 0.000607350724749, -0.000764731201343, 0.00117453210987, 0.000587121699937], [0.000527391792275, -0.00170974514913, 0.000945650797803, -0.000176797402673, -0.000390700792195, -0.00389751931652, 0.00735642109066, -0.00358271016739, 0.000607629714068, 8.55585167301e-05, -0.000933092494961, 0.000261664652498, -0.000349310867023], [-0.000380805431632, 0.00164548563771, -0.00108623388223, 0.000972453330178, -0.000738500035368, 0.00142868317198, -0.00358271016739, 0.00947693828493, -0.00472797406837, -0.000838201725855, 0.000358319433872, -0.000564379326534, -1.23792897284e-05], [0.000540985260159, -0.0015912395902, 0.000417010596721, -0.0014282935299, 0.00106404826511, -0.000953334267251, 0.000607629714068, -0.00472797406837, 0.0119300689548, -0.00448075216264, -0.00179364904761, 0.00188277754933, -0.00194708094932], [-0.000278033752693, 0.00145768362563, -0.000437549373601, 0.00122291967273, -0.00137158622965, 0.000607350724749, 8.55585167301e-05, -0.000838201725855, -0.00448075216264, 0.0130229918286, -0.00330606917851, -0.00271331332624, 0.000333429779857], [0.000302816100884, -0.001155498554, 0.000631459290162, -0.00110357394442, 0.00154658511747, -0.000764731201343, -0.000933092494961, 0.000358319433872, -0.00179364904761, -0.00330606917851, 0.0111479312181, -0.00452405726537, 8.02238282631e-05], [-8.40457869344e-05, 0.00100045569707, -0.000532832520548, 0.00175534537993, -0.00154151744209, 0.00117453210987, 0.000261664652498, -0.000564379326534, 0.00188277754933, -0.00271331332624, -0.00452405726537, 0.0148843051866, -0.00486963894218], [-1.23383633763e-05, -0.00018209121481, 0.000649395748042, -0.00122126017231, 0.000456733629107, 0.000587121699937, -0.000349310867023, -1.23792897284e-05, -0.00194708094932, 0.000333429779857, 8.02238282631e-05, -0.00486963894218, 0.0092993164435]]}, "melbands": {"dmean": [0.00972626823932, 0.00738070672378, 0.00196161377244, 0.000383419566788, 5.68168543396e-05, 4.36382797488e-05, 3.64542975149e-05, 8.56235419633e-05, 6.88442087267e-05, 4.12557528762e-05, 4.46808007837e-05, 5.27822812728e-05, 5.57196290174e-05, 2.1262183509e-05, 2.96772104775e-05, 1.88188241736e-05, 3.64956576959e-05, 1.23496874949e-05, 1.49715806401e-05, 1.16777518997e-05, 1.11319832286e-05, 1.24237130876e-05, 1.14997619676e-05, 9.28393910726e-06, 9.09906520974e-06, 5.99836766924e-06, 9.2905411293e-06, 6.74918828736e-06, 3.49073843608e-06, 2.18577724809e-06, 2.48119272328e-06, 1.9227750272e-06, 1.71173724084e-06, 1.59123726462e-06, 1.88815386082e-06, 1.90305809156e-06, 2.98635882245e-06, 1.7734598714e-06, 1.23743041058e-06, 8.9052855401e-07], "dmean2": [0.0118849920109, 0.0100011089817, 0.00349513674155, 0.000727374048438, 8.66838672664e-05, 7.37129957997e-05, 6.2775958213e-05, 0.000138941031764, 0.000108744541649, 6.30342547083e-05, 6.20194768999e-05, 8.47456540214e-05, 9.78041134658e-05, 3.6325014662e-05, 4.97155961057e-05, 3.21173611155e-05, 6.22352454229e-05, 2.07822031371e-05, 2.3256869099e-05, 1.86366905837e-05, 1.92777424672e-05, 2.08509372897e-05, 1.88113044715e-05, 1.48382696352e-05, 1.46587599374e-05, 9.62531976256e-06, 1.38432633321e-05, 1.01872592495e-05, 5.39932079846e-06, 3.49443121195e-06, 4.01385068471e-06, 2.99749763144e-06, 2.6536056339e-06, 2.45705177804e-06, 3.01269233205e-06, 2.82533710561e-06, 4.54395922134e-06, 2.55838654084e-06, 1.77114964117e-06, 1.35432321713e-06], "dvar": [0.00028670814936, 0.000213262843317, 3.26076260535e-05, 1.51166477735e-06, 1.1721077442e-08, 1.18467564647e-08, 1.40468996435e-08, 5.96574025735e-08, 3.38361871854e-08, 1.92348785788e-08, 3.33388321394e-08, 3.14233190579e-08, 2.95874453826e-08, 2.61748822616e-09, 6.07610850523e-09, 2.23520579823e-09, 7.67402852375e-09, 8.3003987017e-10, 1.20743726129e-09, 6.81565803795e-10, 5.38492861413e-10, 5.59666757383e-10, 7.09993730474e-10, 4.9725301654e-10, 3.83650278213e-10, 2.37164815564e-10, 5.17060949612e-10, 2.2996696214e-10, 3.48275401574e-11, 1.17305358135e-11, 1.74588329904e-11, 1.95074980475e-11, 1.24328550927e-11, 1.13198374285e-11, 2.51768467185e-11, 3.25864960016e-11, 5.97940516545e-11, 2.9435530402e-11, 1.39695954457e-11, 4.54746006476e-12], "dvar2": [0.000345219683368, 0.000372253532987, 8.90444134711e-05, 4.42899090558e-06, 2.74994587102e-08, 3.19990078879e-08, 3.46800561601e-08, 1.32846025735e-07, 7.70592265553e-08, 3.53515723361e-08, 6.73225741821e-08, 7.11199206194e-08, 8.00409907242e-08, 6.95437041287e-09, 1.39348230732e-08, 5.21718268587e-09, 2.00472545231e-08, 2.11911510561e-09, 2.70972067007e-09, 1.48291123825e-09, 1.46515699573e-09, 1.41598544001e-09, 1.72219860595e-09, 1.20585308405e-09, 9.06836661319e-10, 5.98021743237e-10, 9.46400513513e-10, 4.80958883831e-10, 7.61461241283e-11, 2.7536094932e-11, 4.24844118219e-11, 4.68172237089e-11, 2.68095164124e-11, 2.17301246441e-11, 5.19888194994e-11, 6.29687343934e-11, 1.2227759083e-10, 5.44685130333e-11, 2.77510393137e-11, 7.93689853423e-12], "max": [0.112061969936, 0.0986091792583, 0.0340516529977, 0.00906948372722, 0.00267393095419, 0.00174628489185, 0.00323366373777, 0.00604201667011, 0.00426607020199, 0.00516484072432, 0.00763851916417, 0.00802518147975, 0.00280359620228, 0.000890158466063, 0.00254018744454, 0.000943914463278, 0.00133817014284, 0.000856428174302, 0.00090189371258, 0.00105909572449, 0.00029504467966, 0.000530922901817, 0.000606061890721, 0.000439585011918, 0.000361084763426, 0.000381646794267, 0.000675357528962, 0.000323425687384, 0.000135956186568, 8.19144770503e-05, 0.000134295158205, 0.000209451871342, 0.000116187191452, 9.81538032647e-05, 0.000223273877054, 0.000185544646229, 0.000269951764494, 0.000170282699401, 0.000121681936434, 7.20979369362e-05], "mean": [0.0153367165476, 0.0108440229669, 0.0013253785437, 0.000254027952906, 0.000116004412121, 6.66698761052e-05, 4.43997560069e-05, 0.000123213161714, 0.000109799475467, 7.70211336203e-05, 9.55249051913e-05, 8.31934594316e-05, 5.90495183133e-05, 2.43241429416e-05, 3.53912328137e-05, 1.92031675397e-05, 4.09010863223e-05, 1.44178211485e-05, 2.2689178877e-05, 1.59396131494e-05, 1.21079783639e-05, 1.56156256708e-05, 1.51870563059e-05, 1.28512137962e-05, 1.22069832287e-05, 9.0643616204e-06, 1.52651027747e-05, 1.1117993381e-05, 5.21073161508e-06, 3.24487291437e-06, 3.52584743268e-06, 2.93646075988e-06, 2.68743792731e-06, 2.42302053266e-06, 2.46707213591e-06, 2.73782666227e-06, 3.99739292334e-06, 2.71309454547e-06, 1.8164677158e-06, 1.24366681575e-06], "median": [0.00383911980316, 0.00118691124953, 4.35175934399e-05, 2.42314526986e-05, 4.15178292315e-05, 1.59093142429e-05, 7.23235098121e-06, 1.08757922135e-05, 1.74498763954e-05, 9.20897400647e-06, 9.53292874328e-06, 9.31761496759e-06, 6.66784762871e-06, 4.42075634055e-06, 6.89191665515e-06, 3.91523553844e-06, 8.0515328591e-06, 4.71328985441e-06, 7.87791395851e-06, 6.06915546086e-06, 4.2799347284e-06, 7.48377078708e-06, 6.4173282226e-06, 5.53332665731e-06, 5.70439897274e-06, 3.85789735446e-06, 5.01007707499e-06, 3.59418572771e-06, 2.13884186451e-06, 1.33929199819e-06, 1.37890594942e-06, 1.04575929072e-06, 8.17791146801e-07, 8.75369607911e-07, 7.70974224906e-07, 7.26251300875e-07, 7.54328425501e-07, 5.04470108353e-07, 4.12396900629e-07, 3.27826256807e-07], "min": [2.67310457623e-12, 1.02457505099e-13, 1.55820330055e-13, 1.8557095964e-13, 9.35661444157e-12, 2.22252511534e-11, 2.6368981651e-11, 7.92889538748e-12, 3.58052953606e-12, 5.2338515466e-12, 1.13743302971e-11, 1.49509727515e-11, 2.20457523764e-11, 2.38044948336e-11, 7.12568589203e-12, 4.71526355288e-13, 2.58855849082e-12, 1.92705291828e-12, 2.48310334967e-12, 2.13654129111e-11, 1.24337562815e-11, 1.15931743372e-11, 2.16206878789e-11, 6.04788311445e-12, 2.10697553155e-11, 8.06090957872e-12, 1.86635238514e-11, 6.81515390996e-12, 2.6473079371e-12, 1.59275641721e-12, 2.39219820168e-12, 6.1931959127e-13, 2.37668446122e-13, 1.29490995292e-13, 2.11620150114e-13, 1.41399641562e-13, 8.04229458636e-14, 2.69821955713e-14, 4.5972167723e-14, 2.40578786954e-14], "var": [0.000722334487364, 0.000425166013883, 2.10654034163e-05, 8.4684131707e-07, 3.20210382654e-08, 1.52266625975e-08, 2.24084359957e-08, 1.65471917057e-07, 9.13502660183e-08, 9.68816920022e-08, 2.02606528887e-07, 1.08788775321e-07, 3.67745798258e-08, 3.23740478869e-09, 1.38589291154e-08, 3.13117665129e-09, 1.10783240359e-08, 9.13516207124e-10, 2.38129782559e-09, 1.22532628488e-09, 5.16682363561e-10, 6.56054210957e-10, 8.53160986303e-10, 5.92517424014e-10, 4.9321996487e-10, 3.50889345357e-10, 1.18910659097e-09, 4.80172845929e-10, 7.37141805929e-11, 2.47637865075e-11, 3.40482607386e-11, 3.99408631169e-11, 3.7687297727e-11, 2.71392283646e-11, 4.46962918066e-11, 6.29044177858e-11, 1.22269860903e-10, 7.2663555728e-11, 2.83974961601e-11, 9.90597187611e-12]}, "mfcc": {"mean": [-678.11114502, 75.7100067139, -3.7359380722, 29.5274734497, 11.1288757324, 8.14124202728, 12.2710599899, 14.4912071228, 8.38363456726, 13.5263872147, 4.99910259247, 6.61984825134, 4.16074895859], "cov": [[6365.1015625, 353.196166992, 739.500427246, -55.8147277832, 283.94732666, 427.073699951, 119.729934692, 48.3392791748, -71.4222946167, 11.702583313, -129.594696045, -167.988372803, -258.012695312], [353.196166992, 2000.18676758, 538.389343262, 814.727416992, 418.608093262, 362.96987915, 269.831176758, 269.095581055, 139.846679688, 139.463577271, 91.3850250244, 46.4648666382, 78.4171447754], [739.500427246, 538.389343262, 1248.3026123, 438.485656738, 577.102600098, 411.497283936, 294.431427002, 233.535720825, 160.085968018, 156.359146118, 99.1880493164, 21.265335083, -11.4116201401], [-55.8147277832, 814.727416992, 438.485656738, 983.940185547, 649.555114746, 447.826507568, 346.154724121, 275.613830566, 246.426361084, 167.897247314, 97.2115707397, 72.5856399536, 101.256492615], [283.94732666, 418.608093262, 577.102600098, 649.555114746, 761.389953613, 457.568969727, 318.821472168, 231.04586792, 207.851760864, 141.03742981, 83.721031189, 48.8326873779, 43.227935791], [427.073699951, 362.96987915, 411.497283936, 447.826507568, 457.568969727, 578.091003418, 354.417327881, 241.608947754, 173.669967651, 124.545646667, 102.369293213, 50.3469085693, 15.4301347733], [119.729934692, 269.831176758, 294.431427002, 346.154724121, 318.821472168, 354.417327881, 378.498260498, 237.889923096, 161.940490723, 125.715148926, 103.936752319, 61.4877166748, 39.6642074585], [48.3392791748, 269.095581055, 233.535720825, 275.613830566, 231.04586792, 241.608947754, 237.889923096, 269.523895264, 149.67906189, 127.712814331, 89.770149231, 62.4757118225, 43.7023887634], [-71.4222946167, 139.846679688, 160.085968018, 246.426361084, 207.851760864, 173.669967651, 161.940490723, 149.67906189, 231.180374146, 127.395057678, 66.8489379883, 45.0194702148, 41.1115112305], [11.702583313, 139.463577271, 156.359146118, 167.897247314, 141.03742981, 124.545646667, 125.715148926, 127.712814331, 127.395057678, 192.471099854, 95.2575073242, 58.913230896, 41.125328064], [-129.594696045, 91.3850250244, 99.1880493164, 97.2115707397, 83.721031189, 102.369293213, 103.936752319, 89.770149231, 66.8489379883, 95.2575073242, 158.939102173, 89.9020309448, 44.4160079956], [-167.988372803, 46.4648666382, 21.265335083, 72.5856399536, 48.8326873779, 50.3469085693, 61.4877166748, 62.4757118225, 45.0194702148, 58.913230896, 89.9020309448, 136.228469849, 73.0365600586], [-258.012695312, 78.4171447754, -11.4116201401, 101.256492615, 43.227935791, 15.4301347733, 39.6642074585, 43.7023887634, 41.1115112305, 41.125328064, 44.4160079956, 73.0365600586, 119.030921936]], "icov": [[0.000206140772207, -5.15764149895e-05, -8.11477366369e-05, 0.000144763966091, -4.75206579722e-05, -0.000226326839766, 3.96146133426e-05, 1.76727698999e-05, 0.000139489056892, -0.000175321882125, 0.0002746982791, -3.46376909874e-05, 0.000307939510094], [-5.15764149895e-05, 0.000892881653272, -0.000254864920862, -0.0010106820846, 0.000568154035136, -6.14618475083e-05, 0.000213792358409, -0.000439671013737, 0.0004010614648, 1.63686436281e-05, -0.000174136395799, 0.000205011834623, -0.00017787150864], [-8.11477366369e-05, -0.000254864920862, 0.00147240469232, 0.000434279965702, -0.00115371437278, 4.37410108134e-07, -0.000115470196761, -0.000256540370174, 0.000109745669761, -0.000344903353835, -0.000370645400835, 0.000267511524726, 0.000370759225916], [0.000144763966091, -0.0010106820846, 0.000434279965702, 0.00398214347661, -0.00255589256994, -0.000343563762726, -0.000411006563809, -6.0648399085e-05, -0.000886572699528, -0.000204230542295, 0.000551157805603, 0.000264863396296, -0.00122568069492], [-4.75206579722e-05, 0.000568154035136, -0.00115371437278, -0.00255589256994, 0.0049787601456, -0.00148595927749, -3.99797281716e-05, 0.000299008475849, -0.000480285147205, 9.77015879471e-05, 0.000356602395186, -0.00017296410806, -2.04357293114e-05], [-0.000226326839766, -6.14618475083e-05, 4.37410108134e-07, -0.000343563762726, -0.00148595927749, 0.00567484181374, -0.00328645529225, -0.000476397748571, -0.000265243521426, 0.000659278826788, -0.000910841219593, -0.000200785740162, 0.00124316767324], [3.96146133426e-05, 0.000213792358409, -0.000115470196761, -0.000411006563809, -3.99797281716e-05, -0.00328645529225, 0.0092176226899, -0.00425228802487, -0.000549207499716, 0.000206804324989, -0.0012384892907, 0.000374504801584, -0.000435603869846], [1.76727698999e-05, -0.000439671013737, -0.000256540370174, -6.0648399085e-05, 0.000299008475849, -0.000476397748571, -0.00425228802487, 0.0106623275205, -0.00202147802338, -0.00194849050604, 5.59051259188e-05, -0.00109370739665, -0.000167967096786], [0.000139489056892, 0.0004010614648, 0.000109745669761, -0.000886572699528, -0.000480285147205, -0.000265243521426, -0.000549207499716, -0.00202147802338, 0.00926468148828, -0.00384631217457, 0.000602480547968, 0.000335161254043, -0.000364592444384], [-0.000175321882125, 1.63686436281e-05, -0.000344903353835, -0.000204230542295, 9.77015879471e-05, 0.000659278826788, 0.000206804324989, -0.00194849050604, -0.00384631217457, 0.0110519081354, -0.0041855215095, 9.86646773526e-05, -0.000713326910045], [0.0002746982791, -0.000174136395799, -0.000370645400835, 0.000551157805603, 0.000356602395186, -0.000910841219593, -0.0012384892907, 5.59051259188e-05, 0.000602480547968, -0.0041855215095, 0.0136342551559, -0.00705308932811, 0.00106467225123], [-3.46376909874e-05, 0.000205011834623, 0.000267511524726, 0.000264863396296, -0.00017296410806, -0.000200785740162, 0.000374504801584, -0.00109370739665, 0.000335161254043, 9.86646773526e-05, -0.00705308932811, 0.0159575305879, -0.00735364621505], [0.000307939510094, -0.00017787150864, 0.000370759225916, -0.00122568069492, -2.04357293114e-05, 0.00124316767324, -0.000435603869846, -0.000167967096786, -0.000364592444384, -0.000713326910045, 0.00106467225123, -0.00735364621505, 0.0148043921217]]}, "spectral_contrast_coeffs": {"dmean": [0.0587856285274, 0.0482403934002, 0.0443762168288, 0.0380584485829, 0.0282748118043, 0.0246632825583], "dmean2": [0.0904795378447, 0.0757950395346, 0.0683383569121, 0.0596769563854, 0.0425810068846, 0.037330493331], "dvar": [0.00332680810243, 0.00198196759447, 0.00150264042895, 0.00117291708011, 0.000646612141281, 0.00059096456971], "dvar2": [0.0074342279695, 0.00460856314749, 0.00350169767626, 0.00257065682672, 0.00135755678639, 0.00124825548846], "max": [-0.252737224102, -0.333656877279, -0.416335612535, -0.504766225815, -0.559380292892, -0.578595399857], "mean": [-0.640598535538, -0.731066346169, -0.762538254261, -0.771537601948, -0.768549621105, -0.772518336773], "median": [-0.65016412735, -0.745351076126, -0.777211070061, -0.780657947063, -0.77640235424, -0.778133630753], "min": [-0.931148648262, -0.938020765781, -0.959300100803, -0.925434947014, -0.899476647377, -0.880440175533], "var": [0.011064174585, 0.00929829198867, 0.00777667621151, 0.00465120654553, 0.00287001789548, 0.00208643148653]}, "spectral_contrast_valleys": {"dmean": [0.60734051466, 0.538059353828, 0.549499630928, 0.527099251747, 0.406355142593, 0.523295581341], "dmean2": [0.830425024033, 0.831320405006, 0.862453520298, 0.778682410717, 0.560938060284, 0.71372115612], "dvar": [0.408680737019, 0.358940064907, 0.372374773026, 0.326729476452, 0.196103721857, 0.391811490059], "dvar2": [0.599324703217, 0.799927473068, 0.876277029514, 0.707275807858, 0.403043180704, 0.777027547359], "max": [-5.26999855042, -4.8390917778, -5.4