{"lowlevel": {"average_loudness": 0.849617481232, "barkbands_crest": {"dmean": 2.16093659401, "dmean2": 3.30353546143, "dvar": 7.64919567108, "dvar2": 13.9206953049, "max": 25.7277946472, "mean": 10.6171598434, "median": 9.27646446228, "min": 2.47476840019, "var": 25.8609256744}, "barkbands_flatness_db": {"dmean": 0.0204654615372, "dmean2": 0.0303473509848, "dvar": 0.000494620995596, "dvar2": 0.000917485507671, "max": 0.388317614794, "mean": 0.173358857632, "median": 0.157992616296, "min": 0.0584658570588, "var": 0.00359381805174}, "barkbands_kurtosis": {"dmean": 2.91001582146, "dmean2": 4.36809444427, "dvar": 102.269538879, "dvar2": 215.088378906, "max": 211.273468018, "mean": 3.93416285515, "median": 0.940442919731, "min": -1.57875692844, "var": 127.165496826}, "barkbands_skewness": {"dmean": 0.470018059015, "dmean2": 0.690040886402, "dvar": 0.611018776894, "dvar2": 1.06757950783, "max": 13.2450399399, "mean": 1.48884296417, "median": 1.12963366508, "min": -2.18917274475, "var": 1.84404504299}, "barkbands_spread": {"dmean": 3.72660827637, "dmean2": 5.39136695862, "dvar": 22.2532424927, "dvar2": 45.6861953735, "max": 77.8550872803, "mean": 18.1899318695, "median": 16.9249191284, "min": 1.04786849022, "var": 79.3800811768}, "dissonance": {"dmean": 0.0192493051291, "dmean2": 0.0325501486659, "dvar": 0.00037483414053, "dvar2": 0.00107687490527, "max": 0.499999910593, "mean": 0.463119208813, "median": 0.470004200935, "min": 0.215446308255, "var": 0.000726443540771}, "dynamic_complexity": 5.04514741898, "erbbands_crest": {"dmean": 2.3287756443, "dmean2": 3.66174268723, "dvar": 5.06912183762, "dvar2": 11.3060159683, "max": 29.9873027802, "mean": 8.08282184601, "median": 7.13321590424, "min": 1.96255588531, "var": 14.6602888107}, "erbbands_flatness_db": {"dmean": 0.0145482355729, "dmean2": 0.0208027083427, "dvar": 0.000172514643054, "dvar2": 0.000325536588207, "max": 0.476934909821, "mean": 0.196235701442, "median": 0.166277468204, "min": 0.0239654053003, "var": 0.0063068238087}, "erbbands_kurtosis": {"dmean": 0.605442762375, "dmean2": 0.952333390713, "dvar": 0.632053792477, "dvar2": 1.47111487389, "max": 20.7778625488, "mean": 0.172574996948, "median": -0.0526785850525, "min": -1.59962439537, "var": 1.4866412878}, "erbbands_skewness": {"dmean": 0.271945536137, "dmean2": 0.407620042562, "dvar": 0.0606644675136, "dvar2": 0.127355009317, "max": 3.92378473282, "mean": 0.202724024653, "median": 0.185648322105, "min": -1.62818968296, "var": 0.224104851484}, "erbbands_spread": {"dmean": 5.61769390106, "dmean2": 8.2644109726, "dvar": 32.9992294312, "dvar2": 65.3337478638, "max": 117.997406006, "mean": 32.6836128235, "median": 29.2591972351, "min": 2.1317820549, "var": 244.228866577}, "hfc": {"dmean": 3.59993624687, "dmean2": 4.64715957642, "dvar": 18.0649013519, "dvar2": 28.7164859772, "max": 90.5610275269, "mean": 18.6959972382, "median": 15.7661132812, "min": 1.07278244782e-16, "var": 226.521087646}, "melbands_crest": {"dmean": 2.70730447769, "dmean2": 4.12885570526, "dvar": 10.4478969574, "dvar2": 21.0329170227, "max": 33.1521072388, "mean": 15.4917802811, "median": 14.6815814972, "min": 1.4246096611, "var": 43.1197357178}, "melbands_flatness_db": {"dmean": 0.0232538599521, "dmean2": 0.0329383723438, "dvar": 0.000695482827723, "dvar2": 0.00118574895896, "max": 0.442049205303, "mean": 0.203537583351, "median": 0.207818597555, "min": 0.000833026948385, "var": 0.00297465664335}, "melbands_kurtosis": {"dmean": 8.14883613586, "dmean2": 12.051949501, "dvar": 594.224853516, "dvar2": 1184.01818848, "max": 416.992889404, "mean": 14.1781988144, "median": 4.5258975029, "min": -1.37633895874, "var": 864.840576172}, "melbands_skewness": {"dmean": 0.695639967918, "dmean2": 1.00962793827, "dvar": 1.34062838554, "dvar2": 2.2293612957, "max": 17.152381897, "mean": 2.59570837021, "median": 1.92501425743, "min": -0.524115204811, "var": 4.40445137024}, "melbands_spread": {"dmean": 4.5969824791, "dmean2": 6.82601976395, "dvar": 38.5226135254, "dvar2": 80.9016113281, "max": 157.009658813, "mean": 20.5487041473, "median": 18.5746459961, "min": 0.694011092186, "var": 212.715362549}, "pitch_salience": {"dmean": 0.0614961870015, "dmean2": 0.0962210223079, "dvar": 0.00510168261826, "dvar2": 0.00916952919215, "max": 0.965187549591, "mean": 0.48531383276, "median": 0.500850319862, "min": 0.0689018517733, "var": 0.016926785931}, "silence_rate_20dB": {"dmean": 0, "dmean2": 0, "dvar": 0, "dvar2": 0, "max": 1, "mean": 1, "median": 1, "min": 1, "var": 0}, "silence_rate_30dB": {"dmean": 0.0369148030877, "dmean2": 0.0738386288285, "dvar": 0.0355527661741, "dvar2": 0.0810957401991, "max": 1, "mean": 0.920435130596, "median": 1, "min": 0, "var": 0.0732327476144}, "silence_rate_60dB": {"dmean": 0.028602860868, "dmean2": 0.0572127141058, "dvar": 0.0277879256755, "dvar2": 0.0558927059174, "max": 1, "mean": 0.170129552484, "median": 0, "min": 0, "var": 0.141174674034}, "spectral_centroid": {"dmean": 202.852645874, "dmean2": 278.461761475, "dvar": 53314.8710938, "dvar2": 90603.5390625, "max": 11672.7558594, "mean": 1418.52233887, "median": 1296.35107422, "min": 439.22467041, "var": 954513.875}, "spectral_complexity": {"dmean": 3.00305581093, "dmean2": 4.4330072403, "dvar": 9.04465675354, "dvar2": 17.323343277, "max": 52, "mean": 20.3138599396, "median": 20, "min": 0, "var": 125.49912262}, "spectral_decrease": {"dmean": 1.85620474547e-09, "dmean2": 2.31664798456e-09, "dvar": 8.21030690135e-18, "dvar2": 1.35333200222e-17, "max": 2.11837632741e-28, "mean": -1.026589036e-08, "median": -6.30881658026e-09, "min": -4.24852366621e-08, "var": 1.02143577378e-16}, "spectral_energy": {"dmean": 0.00721432222053, "dmean2": 0.00899061467499, "dvar": 0.000119716074551, "dvar2": 0.000195938220713, "max": 0.163697317243, "mean": 0.0404415763915, "median": 0.0256506167352, "min": 9.7104186136e-21, "var": 0.00153945980128}, "spectral_energyband_high": {"dmean": 0.000205498334253, "dmean2": 0.000251793040661, "dvar": 8.95844323168e-08, "dvar2": 1.20760120126e-07, "max": 0.00369180273265, "mean": 0.000562730245292, "median": 0.000343949417584, "min": 7.01395279614e-21, "var": 4.38392760316e-07}, "spectral_energyband_low": {"dmean": 0.00582294352353, "dmean2": 0.00754029070958, "dvar": 0.000121927099826, "dvar2": 0.000210158046684, "max": 0.142681956291, "mean": 0.0252371244133, "median": 0.0070218173787, "min": 1.5007244107e-23, "var": 0.000972004316282}, "spectral_energyband_middle_high": {"dmean": 0.00170517619699, "dmean2": 0.00241455365904, "dvar": 4.77261301057e-06, "dvar2": 9.17413763091e-06, "max": 0.0465122163296, "mean": 0.00613938085735, "median": 0.00448685884476, "min": 1.18088383008e-21, "var": 3.10655013891e-05}, "spectral_energyband_middle_low": {"dmean": 0.00247006979771, "dmean2": 0.0034084697254, "dvar": 1.1323229046e-05, "dvar2": 2.09434274439e-05, "max": 0.0690395385027, "mean": 0.00952968094498, "median": 0.00636792415753, "min": 1.71430644975e-22, "var": 8.36223262013e-05}, "spectral_entropy": {"dmean": 0.126957580447, "dmean2": 0.181399673223, "dvar": 0.0131626715884, "dvar2": 0.0263479370624, "max": 9.82562446594, "mean": 7.55883741379, "median": 7.59428215027, "min": 6.2002491951, "var": 0.175323173404}, "spectral_flux": {"dmean": 0.021859081462, "dmean2": 0.0368502549827, "dvar": 0.00108995696064, "dvar2": 0.00294577470049, "max": 0.329069495201, "mean": 0.067287735641, "median": 0.05935972929, "min": 6.41768235776e-11, "var": 0.00217891181819}, "spectral_kurtosis": {"dmean": 1.71764981747, "dmean2": 2.96727061272, "dvar": 4.40624666214, "dvar2": 13.5532875061, "max": 38.3992156982, "mean": 4.24034166336, "median": 3.55380392075, "min": -1.25925934315, "var": 9.63953304291}, "spectral_rms": {"dmean": 0.000589889532421, "dmean2": 0.000715148635209, "dvar": 6.53127983696e-07, "dvar2": 9.52467019033e-07, "max": 0.0126374326646, "mean": 0.00529788667336, "median": 0.00500249862671, "min": 3.07791791186e-12, "var": 1.13875348688e-05}, "spectral_rolloff": {"dmean": 312.29901123, "dmean2": 507.136016846, "dvar": 389809.375, "dvar2": 833028.375, "max": 19961.2792969, "mean": 1380.18835449, "median": 1291.9921875, "min": 64.599609375, "var": 3261259}, "spectral_skewness": {"dmean": 0.197434470057, "dmean2": 0.320252865553, "dvar": 0.0361025035381, "dvar2": 0.10655041784, "max": 3.97355294228, "mean": 1.46871006489, "median": 1.46474564075, "min": -0.0828275308013, "var": 0.144384756684}, "spectral_spread": {"dmean": 370208.0625, "dmean2": 520537.03125, "dvar": 337865211904, "dvar2": 615752073216, "max": 43269336, "mean": 4099671.25, "median": 3762807.5, "min": 1047719, "var": 12068173381600.0}, "spectral_strongpeak": {"dmean": 0.289634376764, "dmean2": 0.464791297913, "dvar": 0.290187984705, "dvar2": 0.731453061104, "max": 9.02876091003, "mean": 0.770079791546, "median": 0.633035421371, "min": 0, "var": 0.480971485376}, "zerocrossingrate": {"dmean": 0.00715184910223, "dmean2": 0.00823714956641, "dvar": 9.27096625674e-05, "dvar2": 0.000149048064486, "max": 0.52587890625, "mean": 0.0528747960925, "median": 0.04931640625, "min": 0.00341796875, "var": 0.00222911010496}, "barkbands": {"dmean": [0.000175360677531, 0.00471294717863, 0.00246214237995, 0.000604103202932, 0.00097264139913, 0.000484972522827, 0.000688472238835, 0.000505196745507, 0.000381188438041, 0.000821602356154, 0.000437737122411, 0.000529387150891, 0.00047553551849, 0.00033562417957, 0.000399220385589, 0.000164830664289, 0.000213662511669, 0.000134243047796, 8.50009892019e-05, 7.55008222768e-05, 6.18718768237e-05, 4.8292997235e-05, 4.59300499642e-05, 3.76474199584e-05, 1.70669954969e-05, 9.05412775865e-07, 2.71573270538e-07], "dmean2": [0.000254521582974, 0.00657773204148, 0.00303535419516, 0.000901445222553, 0.00138691300526, 0.000690977554768, 0.00102910702117, 0.000753840431571, 0.000587108370382, 0.00122231757268, 0.000650720961858, 0.000812098034658, 0.000748429738451, 0.000511203485075, 0.000629925867543, 0.000267038267339, 0.000350291084033, 0.000211984763155, 0.000130979286041, 0.000110969180241, 8.93856558832e-05, 6.93933907314e-05, 5.82175889576e-05, 4.78885267512e-05, 2.26905267482e-05, 1.21939478959e-06, 3.85640618106e-07], "dvar": [2.68025360128e-07, 0.000134929825435, 3.07228729071e-05, 1.55024690685e-06, 3.16826253766e-06, 5.72473709326e-07, 1.22525318602e-06, 6.02633917879e-07, 5.07192112309e-07, 2.10671237255e-06, 5.69432188513e-07, 8.00755287855e-07, 4.83030987652e-07, 4.85882992507e-07, 4.25996034892e-07, 1.15733691075e-07, 9.34637540695e-08, 4.27152464511e-08, 1.4285783223e-08, 1.09160724904e-08, 7.19657400339e-09, 5.27501642367e-09, 5.63686386457e-09, 4.6872736803e-09, 9.28618737461e-10, 2.98595588359e-12, 4.39719549834e-13], "dvar2": [5.37312985216e-07, 0.000252085301327, 4.50306033599e-05, 3.63146523341e-06, 6.55227313473e-06, 9.98156110654e-07, 2.53124517258e-06, 1.27648138459e-06, 1.09769291612e-06, 4.40277108282e-06, 1.08865572201e-06, 1.80542679118e-06, 1.07310984276e-06, 1.05185495158e-06, 9.51061565502e-07, 2.92033348614e-07, 2.34696187817e-07, 9.52121368414e-08, 3.40823191891e-08, 2.31645493898e-08, 1.39697959867e-08, 9.61291135582e-09, 7.56809015456e-09, 8.25014634387e-09, 1.44543721436e-09, 5.04850068e-12, 8.31650395251e-13], "max": [0.00459163635969, 0.102154761553, 0.113818854094, 0.0223740302026, 0.0290625970811, 0.0200595054775, 0.0253574475646, 0.0188741721213, 0.0146584445611, 0.0344354100525, 0.0163174159825, 0.0276863593608, 0.0167558360845, 0.0221000183374, 0.0100860390812, 0.0124671449885, 0.0052341837436, 0.00641901278868, 0.00188287021592, 0.00146889546886, 0.00108889804687, 0.000872209435329, 0.000993355526589, 0.000798621389549, 0.000295184960123, 2.54939877777e-05, 1.10836936074e-05], "mean": [0.000179876180482, 0.0147126624361, 0.00967104174197, 0.0013955833856, 0.00275831948966, 0.00129440776072, 0.00138492928818, 0.000960402016062, 0.000815355277155, 0.00158866832498, 0.000795462517999, 0.000914597243536, 0.000854274025187, 0.000556489219889, 0.00072847068077, 0.000307041569613, 0.000389332009945, 0.000286816677544, 0.000193382962607, 0.000181408860954, 0.000153375542141, 0.000113744412374, 0.000104514183477, 6.84213227942e-05, 3.09150454996e-05, 1.69150587226e-06, 4.43800814764e-07], "median": [2.79053756458e-06, 0.00244307424873, 0.00127432472073, 0.000314016127959, 0.000916766002774, 0.000630987051409, 0.000719815609045, 0.000487799930852, 0.000352511706296, 0.000783227500506, 0.000374453957193, 0.000456811714685, 0.000431523279985, 0.000230776466196, 0.000401875935495, 0.000158831957378, 0.000227798562264, 0.000180370727321, 0.000118464187835, 0.000123801626614, 9.76682495093e-05, 7.39235256333e-05, 4.92079998367e-05, 2.7747319109e-05, 9.03867294255e-06, 3.8592799001e-07, 1.45354905889e-09], "min": [9.95359643874e-25, 4.97417072091e-24, 2.49998747638e-25, 2.7113052677e-24, 7.63215037192e-24, 7.33898441599e-24, 8.75307911975e-24, 6.81314156949e-24, 1.80115183126e-23, 1.23154708381e-23, 1.62287620866e-23, 1.77937138167e-23, 3.32197152689e-23, 4.39073416523e-23, 2.72277960455e-23, 5.46290720704e-23, 7.27841188916e-23, 8.95944986572e-23, 1.23551962956e-22, 1.57802473303e-22, 2.5227701067e-22, 3.07634422237e-22, 4.065202193e-22, 4.5008747986e-22, 8.73231005295e-22, 1.33627958342e-21, 2.04648764852e-21], "var": [3.35374750193e-07, 0.00050937832566, 0.000313144177198, 5.5269342738e-06, 1.59325190907e-05, 2.98304121316e-06, 4.41481915914e-06, 1.85912438155e-06, 1.76421542619e-06, 5.94444190938e-06, 1.66109043676e-06, 1.80475490197e-06, 1.38143025197e-06, 9.5606276318e-07, 9.48050171701e-07, 2.13789462578e-07, 2.25877982984e-07, 1.24496992271e-07, 4.71757495291e-08, 3.64921106666e-08, 2.90388353363e-08, 1.78817263219e-08, 2.29540084717e-08, 1.18032721375e-08, 2.54847032366e-09, 9.20975275209e-12, 1.15134019939e-12]}, "erbbands": {"dmean": [0.153114616871, 1.12525761127, 2.82696223259, 2.05679941177, 2.75818920135, 3.94132375717, 3.25653958321, 4.19185400009, 8.5614490509, 8.00142860413, 12.9843578339, 9.34697532654, 25.0673084259, 20.5597229004, 14.848493576, 24.4498920441, 22.2684669495, 20.0157909393, 17.0750598907, 12.7954692841, 11.509355545, 7.4781088829, 8.00226688385, 5.18984985352, 4.46969223022, 3.36021780968, 2.93017816544, 2.12706446648, 1.98148560524, 1.36557245255, 1.33461725712, 0.992399692535, 0.519468486309, 0.286660701036, 0.0720262154937, 0.00968814827502, 0.00116089906078, 0.00029317085864, 4.85579621454e-05, 9.89414184005e-06], "dmean2": [0.229753509164, 1.4146065712, 3.34725952148, 2.81705784798, 4.16964864731, 5.58353710175, 4.83165073395, 5.87623691559, 12.7003479004, 12.0274524689, 19.2253093719, 13.9646368027, 37.2113800049, 32.0172348022, 21.4588832855, 37.6179885864, 34.79895401, 30.1454620361, 26.6613445282, 20.2286624908, 18.9153766632, 11.9175348282, 12.4382257462, 8.20843029022, 6.76340484619, 4.88623380661, 4.24279069901, 3.03450584412, 2.91183495522, 1.83630931377, 1.76548171043, 1.27792608738, 0.651369929314, 0.388490974903, 0.092993170023, 0.0126635236666, 0.00157139578369, 0.000406326842494, 6.8543056841e-05, 1.23451973195e-05], "dvar": [0.25373390317, 5.85011720657, 30.8001842499, 20.6411037445, 29.363910675, 60.2557754517, 35.822593689, 43.1848258972, 180.786758423, 161.583511353, 419.166259766, 324.837860107, 2119.42724609, 1629.32275391, 1031.03503418, 1578.6015625, 1029.72521973, 1567.96044922, 824.254821777, 425.569885254, 398.741210938, 106.338897705, 166.902984619, 59.9190597534, 37.0698013306, 23.9376125336, 16.4125041962, 8.32799434662, 9.40884494781, 4.78865814209, 5.13301229477, 3.40871143341, 0.799616515636, 0.287008345127, 0.0138028748333, 0.000288510025712, 5.94657785769e-06, 4.34708226749e-07, 1.29424373441e-08, 2.07766082116e-10], "dvar2": [0.538317322731, 11.9553184509, 44.4394607544, 40.1263542175, 71.095085144, 126.771659851, 74.9697494507, 76.5868988037, 371.543029785, 331.00390625, 858.288513184, 663.482849121, 4344.63037109, 3618.88720703, 1801.39855957, 3515.76611328, 2313.23120117, 3358.54394531, 1804.88415527, 1012.9175415, 1061.3782959, 252.915786743, 364.554229736, 145.398696899, 82.9001464844, 51.0312728882, 33.7518844604, 15.8732843399, 18.6467056274, 8.26792144775, 7.59946537018, 6.0933303833, 1.34965467453, 0.45226931572, 0.0205287560821, 0.000448363745818, 1.02675949165e-05, 7.78979256211e-07, 2.47425724353e-08, 3.35511673999e-10], "max": [3.87013840675, 26.4273338318, 102.930206299, 81.8221435547, 93.4450912476, 140.333999634, 127.313827515, 174.690444946, 342.911407471, 318.375183105, 503.557037354, 404.212890625, 988.949035645, 1321.6270752, 782.396728516, 1042.39013672, 763.852722168, 1263.38781738, 663.059143066, 437.632537842, 575.837890625, 157.269836426, 427.385162354, 130.564926147, 83.0190429688, 57.6408882141, 51.5727882385, 35.7909584045, 38.9636421204, 31.523103714, 28.8255348206, 21.8756885529, 9.58193683624, 5.52859449387, 1.40569543839, 0.211380779743, 0.0391679443419, 0.0105724036694, 0.0020807327237, 0.000251238845522], "mean": [0.230249851942, 3.95735669136, 12.1630764008, 6.76200580597, 6.95036697388, 10.3041067123, 9.04576396942, 10.577252388, 18.0557098389, 17.2505874634, 25.5480651855, 21.4163150787, 48.0795097351, 38.112071991, 30.2721843719, 43.6940841675, 42.3810653687, 37.4243583679, 32.2432632446, 26.339756012, 22.2058143616, 16.6857566833, 16.9180049896, 11.5896110535, 10.173207283, 8.09046840668, 6.93151473999, 5.42347669601, 4.50821828842, 3.29524946213, 2.89869475365, 1.82354843616, 0.930005311966, 0.511330187321, 0.133529007435, 0.0178145114332, 0.00219325046055, 0.000518307497259, 9.63160346146e-05, 5.09756864631e-05], "median": [0.0261457990855, 0.766669332981, 2.37164020538, 1.57330667973, 2.30521225929, 2.9728205204, 3.10361909866, 5.59775924683, 10.5231170654, 9.26166915894, 12.8182888031, 9.64569854736, 22.2303237915, 20.137046814, 13.0160102844, 23.512802124, 23.3502044678, 18.3541584015, 18.646604538, 14.7830038071, 13.2986965179, 10.1117935181, 10.1313076019, 6.73225069046, 6.62439155579, 5.57385635376, 4.34897422791, 3.50530433655, 2.89479017258, 1.93553495407, 1.33556866646, 0.714190840721, 0.36777305603, 0.147546082735, 0.0460568666458, 0.00567451119423, 0.000353276875103, 2.76151386061e-05, 1.71159226738e-05, 3.07441077894e-05], "min": [1.23417477948e-22, 4.65801892015e-22, 6.18603365832e-22, 8.54393804574e-21, 1.24329180021e-20, 2.25994483676e-20, 4.37899141151e-20, 5.36410729863e-20, 1.58228458394e-19, 2.69893575938e-19, 1.46951944542e-19, 4.31730222013e-19, 6.30647306998e-19, 9.80668524706e-19, 8.85453108563e-19, 7.93163895536e-19, 1.47677144125e-18, 2.18489232933e-18, 1.76353004081e-18, 1.81986042014e-18, 3.34982691601e-18, 4.18742152568e-18, 5.2089416057e-18, 4.7812300856e-18, 7.30951631326e-18, 8.78317414329e-18, 8.08957989095e-18, 9.90733244809e-18, 1.14603185532e-17, 1.0802969701e-17, 1.11347046954e-17, 9.75330893649e-18, 9.49986741425e-18, 8.57483877986e-18, 6.28736840315e-18, 4.15815091252e-18, 2.29848924964e-18, 8.67919050926e-19, 2.8157538244e-19, 2.81747733276e-20], "var": [0.309998214245, 32.8431625366, 344.461517334, 135.700973511, 116.279006958, 274.478027344, 198.709518433, 201.397506714, 644.453857422, 643.552978516, 1342.01269531, 1169.76135254, 6402.92529297, 3537.56811523, 3168.5378418, 3627.57958984, 2995.39770508, 3335.34594727, 1782.02954102, 1061.05725098, 780.723754883, 347.502593994, 490.936096191, 180.676605225, 119.051834106, 74.1580429077, 59.7441368103, 35.8799781799, 28.5570850372, 18.2936725616, 18.2583179474, 8.73097610474, 2.06069326401, 0.753085613251, 0.0414979532361, 0.000826578994747, 1.82664352906e-05, 1.26237296172e-06, 3.68839536691e-08, 2.57190690967e-09]}, "gfcc": {"mean": [-54.5314979553, 95.4715499878, -168.847900391, 22.2910766602, -76.3547286987, 14.4747495651, -35.2927856445, 1.75797665119, -12.0102882385, -2.69909763336, -1.42495155334, -7.7203540802, 0.254688024521], "cov": [[32807.8476562, 4211.37548828, 4740.39501953, 4902.70410156, 2161.52172852, 2847.61694336, 414.589111328, 655.558105469, -791.964233398, -500.965454102, -1211.59313965, -745.499145508, -859.205993652], [4211.37548828, 1492.97375488, 1375.75744629, 1083.9296875, 823.498901367, 583.266601562, 267.81338501, 52.7817001343, -135.530029297, -216.384124756, -290.631530762, -222.763946533, -188.214752197], [4740.39501953, 1375.75744629, 3856.49658203, 2352.20068359, 1715.97338867, 1305.45471191, 575.844726562, 374.359069824, -201.795883179, -124.275039673, -482.583190918, -199.086090088, -370.464447021], [4902.70410156, 1083.9296875, 2352.20068359, 1760.93261719, 1037.31066895, 958.055480957, 340.196960449, 263.541015625, -148.890396118, -100.236045837, -332.419006348, -171.333618164, -232.630752563], [2161.52172852, 823.498901367, 1715.97338867, 1037.31066895, 966.269897461, 603.235046387, 329.473693848, 132.010147095, -102.209617615, -111.337120056, -257.789611816, -121.352989197, -202.584411621], [2847.61694336, 583.266601562, 1305.45471191, 958.055480957, 603.235046387, 626.071655273, 219.710327148, 174.251312256, -102.069374084, -60.845035553, -201.52053833, -109.235267639, -142.855255127], [414.589111328, 267.81338501, 575.844726562, 340.196960449, 329.473693848, 219.710327148, 203.877975464, 73.1747894287, -0.603247284889, -34.3488807678, -68.3238296509, -32.097984314, -54.9247627258], [655.558105469, 52.7817001343, 374.359069824, 263.541015625, 132.010147095, 174.251312256, 73.1747894287, 143.003585815, 12.4802837372, 23.0277824402, -37.980381012, -1.27074742317, -27.6240177155], [-791.964233398, -135.530029297, -201.795883179, -148.890396118, -102.209617615, -102.069374084, -0.603247284889, 12.4802837372, 112.605781555, 60.9721069336, 73.5018920898, 36.5352401733, 45.0229377747], [-500.965454102, -216.384124756, -124.275039673, -100.236045837, -111.337120056, -60.845035553, -34.3488807678, 23.0277824402, 60.9721069336, 104.642784119, 76.4711380005, 48.2539176941, 27.4572792053], [-1211.59313965, -290.631530762, -482.583190918, -332.419006348, -257.789611816, -201.52053833, -68.3238296509, -37.980381012, 73.5018920898, 76.4711380005, 155.969619751, 84.1313934326, 79.8287734985], [-745.499145508, -222.763946533, -199.086090088, -171.333618164, -121.352989197, -109.235267639, -32.097984314, -1.27074742317, 36.5352401733, 48.2539176941, 84.1313934326, 101.697502136, 61.7943954468], [-859.205993652, -188.214752197, -370.464447021, -232.630752563, -202.584411621, -142.855255127, -54.9247627258, -27.6240177155, 45.0229377747, 27.4572792053, 79.8287734985, 61.7943954468, 112.62562561]], "icov": [[0.000109987362521, -0.000241134126554, 0.000224980976782, -0.000354376388714, 0.00019593629986, -0.000275471014902, 0.00022386816272, -8.38776759338e-05, 0.000152006541612, -0.000220097863348, 0.000439389463281, -0.000475065375213, 0.000477914290968], [-0.000241134126554, 0.00297422986478, 0.000319407175994, -0.00106840708759, -0.00225222413428, 0.00113970704842, -0.000432624365203, 0.000836520688608, -0.00096691964427, 0.00316328671761, -0.00204949872568, 0.00339477066882, -0.00143130752258], [0.000224980976782, 0.000319407175994, 0.00370889925398, -0.00380599685013, -0.00310056610033, 0.000497145345435, 4.93266925332e-05, -0.00080755451927, 0.00131241802592, -0.00182207580656, 0.00160175387282, -0.00157251080964, 0.00111508381087], [-0.000354376388714, -0.00106840708759, -0.00380599685013, 0.00869697798043, 0.00127117696684, -0.00543359294534, 0.00148828001693, 4.1714280087e-05, -0.00199672905728, 0.000623049214482, -0.00109227315988, 0.000970310822595, -0.00202572788112], [0.00019593629986, -0.00225222413428, -0.00310056610033, 0.00127117696684, 0.0110599268228, -0.00253984867595, -0.00496504781768, 0.00357728102244, -0.00154802540783, -4.68872749479e-05, 0.00504758488387, -0.00524541176856, 0.0052167926915], [-0.000275471014902, 0.00113970704842, 0.000497145345435, -0.00543359294534, -0.00253984867595, 0.0156254656613, -0.00457388628274, -0.00587015226483, 0.00706985034049, -0.00252108857967, -0.00148615648504, 0.00604625837877, -0.00267988396809], [0.00022386816272, -0.000432624365203, 4.93266925332e-05, 0.00148828001693, -0.00496504781768, -0.00457388628274, 0.0163566321135, -0.00328598311171, -0.00602850923315, 0.0060168011114, -0.00358938728459, -0.000341548089636, 0.000334217969794], [-8.38776759338e-05, 0.000836520688608, -0.00080755451927, 4.1714280087e-05, 0.00357728102244, -0.00587015226483, -0.00328598311171, 0.0176332425326, -0.00648924848065, -0.00275220139883, 0.00625470187515, -0.0058693382889, 0.00195132824592], [0.000152006541612, -0.00096691964427, 0.00131241802592, -0.00199672905728, -0.00154802540783, 0.00706985034049, -0.00602850923315, -0.00648924848065, 0.0234703458846, -0.0115497009829, -0.00423221709207, 0.00575748179108, -0.00533805694431], [-0.000220097863348, 0.00316328671761, -0.00182207580656, 0.000623049214482, -4.68872749479e-05, -0.00252108857967, 0.0060168011114, -0.00275220139883, -0.0115497009829, 0.0294129177928, -0.0126484725624, -7.54931170377e-05, 0.00433088745922], [0.000439389463281, -0.00204949872568, 0.00160175387282, -0.00109227315988, 0.00504758488387, -0.00148615648504, -0.00358938728459, 0.00625470187515, -0.00423221709207, -0.0126484725624, 0.0308443009853, -0.0153599726036, 0.00125818722881], [-0.000475065375213, 0.00339477066882, -0.00157251080964, 0.000970310822595, -0.00524541176856, 0.00604625837877, -0.000341548089636, -0.0058693382889, 0.00575748179108, -7.54931170377e-05, -0.0153599726036, 0.0308613590896, -0.0128203360364], [0.000477914290968, -0.00143130752258, 0.00111508381087, -0.00202572788112, 0.0052167926915, -0.00267988396809, 0.000334217969794, 0.00195132824592, -0.00533805694431, 0.00433088745922, 0.00125818722881, -0.0128203360364, 0.0234632007778]]}, "melbands": {"dmean": [0.00131035433151, 0.00137716159225, 0.000366841180949, 0.000237179148826, 0.000118313611893, 9.53273993218e-05, 0.000140577249113, 8.22471120046e-05, 0.000100733210274, 6.34923126199e-05, 0.000124396072351, 8.47814371809e-05, 4.88477598992e-05, 6.09196758887e-05, 4.5899709221e-05, 5.65358859603e-05, 4.14355781686e-05, 2.46235595114e-05, 2.98854811263e-05, 1.24160242194e-05, 1.63367512869e-05, 9.47007993091e-06, 8.67676862981e-06, 5.43607529835e-06, 4.56505722468e-06, 3.7102170154e-06, 3.10579366669e-06, 2.39664768742e-06, 1.97109625333e-06, 1.72254067365e-06, 1.26231634567e-06, 1.32391562602e-06, 8.63006789587e-07, 8.073158142e-07, 8.19478316316e-07, 8.14961367723e-07, 5.45729903934e-07, 3.65813122016e-07, 3.32171708806e-07, 2.23505409735e-07], "dmean2": [0.00188848236576, 0.00155844481196, 0.000496145221405, 0.000339206308126, 0.000172814339749, 0.000133259047288, 0.000207905221032, 0.000122740690131, 0.000150311854668, 9.52994232648e-05, 0.000185113385669, 0.000132664747071, 7.16169524821e-05, 9.3603906862e-05, 6.97190407664e-05, 8.86799098225e-05, 6.29718851997e-05, 3.87837899325e-05, 4.69759324915e-05, 1.99368623726e-05, 2.71494518529e-05, 1.53478413267e-05, 1.37646493386e-05, 8.46432703838e-06, 7.32323314878e-06, 5.82815073358e-06, 4.68068583359e-06, 3.63997446584e-06, 2.88324167741e-06, 2.58285308519e-06, 1.87776561233e-06, 1.99216765395e-06, 1.27997748223e-06, 1.10626979222e-06, 1.13458179385e-06, 1.08804738375e-06, 7.28949885342e-07, 4.68672396892e-07, 4.42482587459e-07, 3.0877308177e-07], "dvar": [1.36447324621e-05, 5.39120537724e-06, 5.85308384871e-07, 1.92219161477e-07, 4.51468835649e-08, 2.27138414743e-08, 4.77829047441e-08, 1.53790189472e-08, 2.61032990778e-08, 1.45720946421e-08, 5.15342648555e-08, 3.07613134964e-08, 9.07514952075e-09, 8.58115711821e-09, 7.97235166772e-09, 7.26548732288e-09, 7.98473198671e-09, 1.94878868598e-09, 3.09098813212e-09, 6.94069357543e-10, 7.20453252612e-10, 1.85307130751e-10, 1.74159728306e-10, 6.71895941662e-11, 4.92549681597e-11, 2.79436369877e-11, 2.07047295975e-11, 1.43263526042e-11, 8.41249812866e-12, 5.89108883203e-12, 2.9283990597e-12, 4.2186020302e-12, 1.81015575793e-12, 1.98457309614e-12, 2.11581988908e-12, 2.14823319723e-12, 1.16995085495e-12, 3.87373943686e-13, 3.77361255308e-13, 1.76964617005e-13], "dvar2": [2.65796279564e-05, 8.68456027092e-06, 1.10806763587e-06, 4.03266540161e-07, 9.17190305927e-08, 3.85568377226e-08, 9.78052057121e-08, 3.24390292405e-08, 5.33356363519e-08, 2.99509146373e-08, 1.05813583673e-07, 6.81371687961e-08, 1.64683111592e-08, 1.88720168381e-08, 1.81643535768e-08, 1.57628115005e-08, 1.71384080261e-08, 4.26986535018e-09, 7.08722724951e-09, 1.59178314973e-09, 1.89897897407e-09, 4.57418353195e-10, 3.93973853541e-10, 1.50708501234e-10, 1.23071899893e-10, 6.76376038511e-11, 4.60715285366e-11, 3.32033150974e-11, 1.85610814912e-11, 1.26002481018e-11, 5.94949089994e-12, 8.95356878916e-12, 3.64151894403e-12, 3.63443650175e-12, 3.43113037982e-12, 3.79904961656e-12, 2.20154211701e-12, 6.56170538911e-13, 6.73378778952e-13, 2.78898567652e-13], "max": [0.0285854618996, 0.0454999543726, 0.0131722707301, 0.00644359597936, 0.00401393231004, 0.00449173059314, 0.00501733412966, 0.00290114362724, 0.00380540895276, 0.00269348663278, 0.00487051159143, 0.00581454392523, 0.00221951166168, 0.00189465202857, 0.00357430428267, 0.00229452340864, 0.00287355319597, 0.00110442133155, 0.000819667882752, 0.00130077917129, 0.000689988257363, 0.000219369117985, 0.000341690378264, 0.000244732451392, 0.000111923545774, 8.42381996335e-05, 7.46983059798e-05, 4.99248635606e-05, 4.52590829809e-05, 3.39064426953e-05, 1.88319882e-05, 2.82269738818e-05, 1.59751762112e-05, 2.10440175579e-05, 1.89310430869e-05, 1.55636171257e-05, 1.44590067066e-05, 7.7979393609e-06, 6.67249742037e-06, 4.7742391871e-06], "mean": [0.00310878874734, 0.00624903524294, 0.00125929084606, 0.000632595387287, 0.000343663501553, 0.000240480556386, 0.000296619749861, 0.000182657749974, 0.000194500244106, 0.000138150629937, 0.000234476130572, 0.000148172184709, 9.3020265922e-05, 0.000108396132418, 8.71207812452e-05, 9.63782586041e-05, 6.71051020618e-05, 4.36603368144e-05, 5.33220481884e-05, 2.36796058743e-05, 2.80178755929e-05, 1.84770924534e-05, 1.72423224285e-05, 1.18681473396e-05, 9.00242048374e-06, 7.50708159103e-06, 6.57021928419e-06, 5.16849104315e-06, 4.41976317234e-06, 3.7823049297e-06, 2.93139964924e-06, 2.74708440884e-06, 1.88736817108e-06, 1.79559935987e-06, 1.68565247805e-06, 1.52232348682e-06, 9.49545778894e-07, 6.56000167965e-07, 5.52430037715e-07, 3.89610391949e-07], "median": [0.000459349743323, 0.00155476329383, 0.000312421703711, 0.000213766237721, 0.000118573603686, 0.000125750768348, 0.000168315425981, 0.000102696649265, 9.36303113122e-05, 5.87544273003e-05, 0.000105613245978, 7.18778464943e-05, 4.14290261688e-05, 5.89867704548e-05, 4.38472452515e-05, 4.56179914181e-05, 2.75301172223e-05, 2.42388778133e-05, 2.59673361143e-05, 1.1403555618e-05, 1.60946510732e-05, 1.0948480849e-05, 9.46070304053e-06, 7.37529126127e-06, 4.96543361805e-06, 4.69162660011e-06, 3.94968355977e-06, 3.50101572621e-06, 2.6652305678e-06, 2.28992303164e-06, 1.86672423297e-06, 1.73951343641e-06, 1.1867377907e-06, 9.60837724051e-07, 7.9940497244e-07, 5.65705647659e-07, 3.52988763552e-07, 2.63732317762e-07, 1.80106226821e-07, 9.91016690932e-08], "min": [2.59852024636e-24, 3.1169393201e-25, 1.39063043056e-24, 9.17153551452e-25, 1.71011239186e-24, 1.42272720865e-24, 2.45895438336e-24, 3.0791860149e-24, 1.06637576218e-24, 3.02612249725e-24, 2.46878004036e-24, 3.34814616838e-24, 2.75974921589e-24, 1.26856041776e-24, 1.44384373318e-24, 2.16311261124e-24, 3.72690668797e-24, 1.89539846356e-24, 1.92379666728e-24, 3.59673753886e-24, 3.38760262428e-24, 4.37066688487e-24, 4.74358194515e-24, 2.70580000466e-24, 3.45406218339e-24, 4.67319385873e-24, 4.35861190694e-24, 5.66754356343e-24, 4.20565256628e-24, 5.60365845188e-24, 5.66475927886e-24, 5.52046320866e-24, 4.7119971378e-24, 5.6263161148e-24, 6.54311684821e-24, 5.45828164224e-24, 5.27795947779e-24, 5.9137166808e-24, 6.53698306024e-24, 6.44244044734e-24], "var": [2.92337026622e-05, 6.80464363541e-05, 4.07829747928e-06, 8.65510003223e-07, 2.63134666056e-07, 1.09846340024e-07, 1.73427949335e-07, 6.13295938479e-08, 8.31311197658e-08, 5.13423970006e-08, 1.54929992391e-07, 6.42565254338e-08, 2.73453721888e-08, 2.13111164271e-08, 1.75308390027e-08, 1.92761344664e-08, 1.54094710325e-08, 3.8766967414e-09, 6.69727295843e-09, 1.37722000471e-09, 1.3520241593e-09, 4.78737993692e-10, 5.20770537804e-10, 2.04340391829e-10, 1.25593438427e-10, 7.1581740535e-11, 5.81516987341e-11, 3.35778106708e-11, 2.64572044828e-11, 1.94646278262e-11, 1.06918588566e-11, 1.11321655019e-11, 5.25760121203e-12, 6.58105037479e-12, 6.51939439933e-12, 5.61966272128e-12, 2.71902574241e-12, 1.01093482544e-12, 8.70629523336e-13, 4.56796547203e-13]}, "mfcc": {"mean": [-664.503845215, 110.146247864, -29.4436264038, 1.18768811226, -13.8993740082, 1.26997303963, -7.65317964554, 0.32771012187, -3.4057765007, 1.48311591148, -0.0264883767813, 4.4647974968, 1.50106954575], "cov": [[16658.7617188, 2672.17358398, 3331.13330078, 2882.03686523, 2358.88476562, 2090.31298828, 1492.11865234, 1174.16967773, 669.059082031, 508.769012451, 61.8762817383, -221.787887573, -460.823852539], [2672.17358398, 1204.79455566, 598.359008789, 645.395935059, 563.700439453, 499.624481201, 361.069915771, 280.491638184, 161.254211426, 84.8895263672, 0.614619135857, -112.310493469, -127.680290222], [3331.13330078, 598.359008789, 2237.7265625, 1479.19775391, 1338.78845215, 1064.36499023, 851.320373535, 609.744445801, 413.23928833, 285.734344482, 91.2930297852, -58.1587791443, -149.911483765], [2882.03686523, 645.395935059, 1479.19775391, 1148.20129395, 968.414916992, 792.919250488, 604.041442871, 452.333221436, 295.031951904, 202.142501831, 56.2006835938, -57.9713401794, -128.020843506], [2358.88476562, 563.700439453, 1338.78845215, 968.414916992, 957.747192383, 730.339477539, 583.389587402, 414.040405273, 276.932281494, 174.578643799, 53.2724304199, -71.5610351562, -122.741188049], [2090.31298828, 499.624481201, 1064.36499023, 792.919250488, 730.339477539, 651.869689941, 489.039367676, 342.728759766, 221.142456055, 149.778686523, 38.9401550293, -58.0140190125, -106.497627258], [1492.11865234, 361.069915771, 851.320373535, 604.041442871, 583.389587402, 489.039367676, 446.100616455, 299.563568115, 186.03276062, 116.094367981, 33.0012168884, -53.826007843, -83.020072937], [1174.16967773, 280.491638184, 609.744445801, 452.333221436, 414.040405273, 342.728759766, 299.563568115, 261.946136475, 159.346969604, 91.5366592407, 25.3540859222, -27.7063770294, -55.5555038452], [669.059082031, 161.254211426, 413.23928833, 295.031951904, 276.932281494, 221.142456055, 186.03276062, 159.346969604, 147.366729736, 85.9012527466, 24.6581020355, -15.259601593, -30.3096351624], [508.769012451, 84.8895263672, 285.734344482, 202.142501831, 174.578643799, 149.778686523, 116.094367981, 91.5366592407, 85.9012527466, 102.227096558, 40.6666870117, -1.90115499496, -18.0655574799], [61.8762817383, 0.614619135857, 91.2930297852, 56.2006835938, 53.2724304199, 38.9401550293, 33.0012168884, 25.3540859222, 24.6581020355, 40.6666870117, 66.5990600586, 33.7053947449, 7.28973054886], [-221.787887573, -112.310493469, -58.1587791443, -57.9713401794, -71.5610351562, -58.0140190125, -53.826007843, -27.7063770294, -15.259601593, -1.90115499496, 33.7053947449, 85.5211791992, 52.84815979], [-460.823852539, -127.680290222, -149.911483765, -128.020843506, -122.741188049, -106.497627258, -83.020072937, -55.5555038452, -30.3096351624, -18.0655574799, 7.28973054886, 52.84815979, 82.9161376953]], "icov": [[0.000133370209369, -0.000159143470228, 1.85436801985e-05, -0.000225388488616, 4.16175389546e-05, -0.000110192857392, 9.3547430879e-05, -0.00017691119865, 0.000285346817691, -0.000307199981762, 0.000285578717012, -0.000272586010396, 0.000262915127678], [-0.000159143470228, 0.00199702056125, 0.00144119549077, -0.00136943114921, -0.000552726909518, -0.000939071120229, 0.000146063408465, -0.000401736382628, -0.000383484177291, 0.00095128006069, -0.000845900678542, 0.00163692131173, -0.000367170287063], [1.85436801985e-05, 0.00144119549077, 0.0053598601371, -0.00431840633973, -0.00280704488978, -0.000252967642155, -0.00190807518084, 0.000622928550001, -0.000369238987332, -0.000992103829049, 0.000623952248134, -0.000917346216738, -0.000449231156381], [-0.000225388488616, -0.00136943114921, -0.00431840633973, 0.0123453261331, -0.00303671532311, -0.00385404750705, 0.00366792781278, -0.00344353076071, 0.00138892128598, -0.00191420549527, 0.00138332648203, -0.00184485362843, 0.000956675154157], [4.16175389546e-05, -0.000552726909518, -0.00280704488978, -0.00303671532311, 0.0134026613086, -0.0039378493093, -0.00312680308707, 0.00129271112382, -0.00381660927087, 0.00412761326879, -0.00382428360172, 0.00347597128712, -0.000240983601543], [-0.000110192857392, -0.000939071120229, -0.000252967642155, -0.00385404750705, -0.0039378493093, 0.0182950310409, -0.00869497749954, 0.00162047275808, 0.000951905967668, -0.00345943984576, 0.00273518147878, -0.00280313845724, 0.00272281491198], [9.3547430879e-05, 0.000146063408465, -0.00190807518084, 0.00366792781278, -0.00312680308707, -0.00869497749954, 0.0215086750686, -0.0119003290311, 0.00228652684018, 0.000960240431596, -0.00304092047736, 0.00521310046315, -0.0012863134034], [-0.00017691119865, -0.000401736382628, 0.000622928550001, -0.00344353076071, 0.00129271112382, 0.00162047275808, -0.0119003290311, 0.0260785985738, -0.0137324286625, 0.003272064263, 0.000867873954121, -0.00345146539621, 0.00157718895935], [0.000285346817691, -0.000383484177291, -0.000369238987332, 0.00138892128598, -0.00381660927087, 0.000951905967668, 0.00228652684018, -0.0137324286625, 0.0293013229966, -0.0144724687561, 0.0040424852632, -0.000477109482745, -0.00136004819069], [-0.000307199981762, 0.00095128006069, -0.000992103829049, -0.00191420549527, 0.00412761326879, -0.00345943984576, 0.000960240431596, 0.003272064263, -0.0144724687561, 0.0290771108121, -0.0152319604531, 0.00651930551976, -0.00194223108701], [0.000285578717012, -0.000845900678542, 0.000623952248134, 0.00138332648203, -0.00382428360172, 0.00273518147878, -0.00304092047736, 0.000867873954121, 0.0040424852632, -0.0152319604531, 0.0313169509172, -0.0172398164868, 0.00533108133823], [-0.000272586010396, 0.00163692131173, -0.000917346216738, -0.00184485362843, 0.00347597128712, -0.00280313845724, 0.00521310046315, -0.00345146539621, -0.000477109482745, 0.00651930551976, -0.0172398164868, 0.0313319154084, -0.0162573568523], [0.000262915127678, -0.000367170287063, -0.000449231156381, 0.000956675154157, -0.000240983601543, 0.00272281491198, -0.0012863134034, 0.00157718895935, -0.00136004819069, -0.00194223108701, 0.00533108133823, -0.0162573568523, 0.0255032647401]]}, "spectral_contrast_coeffs": {"dmean": [0.0475881062448, 0.041369561106, 0.0376002304256, 0.0293412767351, 0.0214831959456, 0.0161988548934], "dmean2": [0.0772038474679, 0.0684100091457, 0.0613037459552, 0.0473886020482, 0.0352917164564, 0.0259593166411], "dvar": [0.00175769662019, 0.00106700160541, 0.000876085134223, 0.000550445052795, 0.000311685027555, 0.000204120151466], "dvar2": [0.00460552191362, 0.00282298820093, 0.00227684737183, 0.00140422559343, 0.000791463069618, 0.000475428794743], "max": [-0.277689576149, -0.51148045063, -0.561382234097, -0.583294987679, -0.628846943378, -0.633648514748], "mean": [-0.657040059566, -0.737221002579, -0.755076229572, -0.764128923416, -0.775773644447, -0.739145815372], "median": [-0.659101128578, -0.737691700459, -0.756624817848, -0.767185151577, -0.777770280838, -0.73828971386], "min": [-0.981699228287, -0.979569196701, -0.974024713039, -0.971790194511, -0.97472089529, -0.965064585209], "var": [0.00990038830787, 0.00368007435463, 0.00308981887065, 0.00255091884173, 0.00177997210994, 0.00129822664894]}, "spectral_contrast_valleys": {"dmean": [0.471038252115, 0.335090011358, 0.302762895823, 0.25363856554, 0.226271674037, 0.302583068609], "dmean2": [0.766168534756, 0.544489085674, 0.486694216728, 0.405738174915, 0.349880874157, 0.431824922562], "dvar": [0.227906107903, 0.101047709584, 0.0865555778146, 0.0698855742812, 0.0643966421485, 0.124993667006], "dvar2": [0.624567627907, 0.220973581076, 0.185454726219, 0.141998633742, 0.124147310853, 0.234