{"lowlevel": {"average_loudness": 0.525068223476, "barkbands_crest": {"dmean": 1.50927865505, "dmean2": 2.24698519707, "dvar": 2.63870716095, "dvar2": 6.35151672363, "max": 25.829410553, "mean": 10.5551395416, "median": 9.82321929932, "min": 3.49244689941, "var": 13.6756772995}, "barkbands_flatness_db": {"dmean": 0.0181961655617, "dmean2": 0.0290464665741, "dvar": 0.000347999564838, "dvar2": 0.000876408303156, "max": 0.612195372581, "mean": 0.348820060492, "median": 0.356436401606, "min": 0.0487943515182, "var": 0.00723180547357}, "barkbands_kurtosis": {"dmean": 1.09784150124, "dmean2": 1.70763003826, "dvar": 35.9342727661, "dvar2": 111.400489807, "max": 243.129257202, "mean": 1.69198787212, "median": 0.717253684998, "min": -1.628292799, "var": 34.7091789246}, "barkbands_skewness": {"dmean": 0.242053359747, "dmean2": 0.350350230932, "dvar": 0.154282614589, "dvar2": 0.429900676012, "max": 14.2784805298, "mean": 0.496226072311, "median": 0.42669698596, "min": -1.89825201035, "var": 0.638728618622}, "barkbands_spread": {"dmean": 0.841736316681, "dmean2": 1.20548653603, "dvar": 2.08835244179, "dvar2": 5.40345478058, "max": 46.5214004517, "mean": 5.91517829895, "median": 5.19212341309, "min": 0.516108572483, "var": 9.68982601166}, "dissonance": {"dmean": 0.0460381358862, "dmean2": 0.0789406821132, "dvar": 0.00168798444793, "dvar2": 0.00479307165369, "max": 0.498602002859, "mean": 0.349645018578, "median": 0.355333477259, "min": 0.0886361598969, "var": 0.00440028263256}, "dynamic_complexity": 4.18294382095, "erbbands_crest": {"dmean": 1.97344505787, "dmean2": 2.76044201851, "dvar": 3.81587076187, "dvar2": 7.89285802841, "max": 31.4806346893, "mean": 14.6437520981, "median": 13.7485084534, "min": 2.23179912567, "var": 25.4733352661}, "erbbands_flatness_db": {"dmean": 0.0128209739923, "dmean2": 0.0190165303648, "dvar": 0.000167017045897, "dvar2": 0.000350711547071, "max": 0.524514198303, "mean": 0.370024263859, "median": 0.383132755756, "min": 0.028927270323, "var": 0.00491950847208}, "erbbands_kurtosis": {"dmean": 0.98905736208, "dmean2": 1.41828513145, "dvar": 2.5323240757, "dvar2": 5.39705038071, "max": 31.4396591187, "mean": 1.78153383732, "median": 0.992483854294, "min": -1.70140945911, "var": 9.1458978653}, "erbbands_skewness": {"dmean": 0.26313790679, "dmean2": 0.351328372955, "dvar": 0.0719632282853, "dvar2": 0.126543477178, "max": 4.07198190689, "mean": 0.490318208933, "median": 0.448179334402, "min": -3.54842424393, "var": 0.698814272881}, "erbbands_spread": {"dmean": 1.33851909637, "dmean2": 1.88280141354, "dvar": 2.8537914753, "dvar2": 5.63142156601, "max": 85.3859634399, "mean": 9.85821914673, "median": 8.66407489777, "min": 1.37408816814, "var": 36.48046875}, "hfc": {"dmean": 1.92925906181, "dmean2": 2.26456189156, "dvar": 18.3027019501, "dvar2": 23.2352714539, "max": 159.454849243, "mean": 9.87550926208, "median": 6.00714588165, "min": 1.31487690494e-16, "var": 138.655960083}, "melbands_crest": {"dmean": 1.77368104458, "dmean2": 2.61487936974, "dvar": 3.48912286758, "dvar2": 8.08164691925, "max": 37.6321868896, "mean": 13.1792802811, "median": 12.27435112, "min": 2.13102149963, "var": 19.6566638947}, "melbands_flatness_db": {"dmean": 0.0186308268458, "dmean2": 0.0293919052929, "dvar": 0.000406497449148, "dvar2": 0.000926053326111, "max": 0.7916867733, "mean": 0.460723489523, "median": 0.465415894985, "min": 0.00610050791875, "var": 0.0119571043178}, "melbands_kurtosis": {"dmean": 1.04059207439, "dmean2": 1.54482030869, "dvar": 13.3739948273, "dvar2": 37.558216095, "max": 158.791854858, "mean": 2.082685709, "median": 0.986131429672, "min": -1.73144209385, "var": 27.3504619598}, "melbands_skewness": {"dmean": 0.232992038131, "dmean2": 0.327242434025, "dvar": 0.0791161730886, "dvar2": 0.188031420112, "max": 10.4092407227, "mean": 0.791101396084, "median": 0.734100162983, "min": -1.31740164757, "var": 0.554922997952}, "melbands_spread": {"dmean": 1.16627550125, "dmean2": 1.62333059311, "dvar": 3.63699555397, "dvar2": 5.29436159134, "max": 121.683570862, "mean": 8.95195674896, "median": 7.92337322235, "min": 0.553744077682, "var": 21.8120269775}, "pitch_salience": {"dmean": 0.0407676436007, "dmean2": 0.062209803611, "dvar": 0.00171658943873, "dvar2": 0.00406932085752, "max": 0.782594680786, "mean": 0.512750685215, "median": 0.51120954752, "min": 0.0656555145979, "var": 0.00893845781684}, "silence_rate_20dB": {"dmean": 0, "dmean2": 0, "dvar": 0, "dvar2": 0, "max": 1, "mean": 1, "median": 1, "min": 1, "var": 0}, "silence_rate_30dB": {"dmean": 0.00516129052266, "dmean2": 0.0103242462501, "dvar": 0.00513470452279, "dvar2": 0.0111857457086, "max": 1, "mean": 0.990807950497, "median": 1, "min": 0, "var": 0.00910729262978}, "silence_rate_60dB": {"dmean": 0.00387096777558, "dmean2": 0.00774318445474, "dvar": 0.00385595485568, "dvar2": 0.00832828786224, "max": 1, "mean": 0.0369295291603, "median": 0, "min": 0, "var": 0.0355657637119}, "spectral_centroid": {"dmean": 33.0660476685, "dmean2": 45.7276611328, "dvar": 18405.4589844, "dvar2": 19549.8339844, "max": 10813.8222656, "mean": 500.575958252, "median": 491.468231201, "min": 151.103042603, "var": 38185.7929688}, "spectral_complexity": {"dmean": 0.979032278061, "dmean2": 1.62671399117, "dvar": 0.948938250542, "dvar2": 2.14392924309, "max": 21, "mean": 9.26221561432, "median": 9, "min": 0, "var": 10.3611888885}, "spectral_decrease": {"dmean": 8.75102823539e-10, "dmean2": 1.08577735691e-09, "dvar": 2.61487156508e-18, "dvar2": 3.2620595375e-18, "max": 2.17465392631e-28, "mean": -5.10019582123e-09, "median": -3.50719098208e-09, "min": -6.15410797877e-08, "var": 2.52747501164e-17}, "spectral_energy": {"dmean": 0.00346978986636, "dmean2": 0.00429182592779, "dvar": 4.1851093556e-05, "dvar2": 5.21261208632e-05, "max": 0.246733337641, "mean": 0.020145053044, "median": 0.0137938577682, "min": 1.11055548441e-20, "var": 0.000400508375606}, "spectral_energyband_high": {"dmean": 1.59793626153e-06, "dmean2": 2.61907985077e-06, "dvar": 2.61552689229e-11, "dvar2": 7.18013218326e-11, "max": 0.000135456444696, "mean": 4.51731830253e-06, "median": 2.2965460289e-07, "min": 8.13663398901e-21, "var": 1.04448880101e-10}, "spectral_energyband_low": {"dmean": 0.000336587661877, "dmean2": 0.000485250930069, "dvar": 1.33679336045e-07, "dvar2": 2.31724101241e-07, "max": 0.0232746042311, "mean": 0.00222399272025, "median": 0.00193236838095, "min": 1.88692278422e-23, "var": 3.50814661942e-06}, "spectral_energyband_middle_high": {"dmean": 0.00108672853094, "dmean2": 0.00123652233742, "dvar": 1.29248801386e-05, "dvar2": 1.89794536709e-05, "max": 0.109851144254, "mean": 0.00315611669794, "median": 0.00111953064334, "min": 1.5639243934e-21, "var": 4.22095836257e-05}, "spectral_energyband_middle_low": {"dmean": 0.00282794889063, "dmean2": 0.00359415006824, "dvar": 2.38035736402e-05, "dvar2": 3.24819920934e-05, "max": 0.176864609122, "mean": 0.0152492895722, "median": 0.010090210475, "min": 2.12861026494e-22, "var": 0.000253188423812}, "spectral_entropy": {"dmean": 0.10144879669, "dmean2": 0.152467176318, "dvar": 0.0134886251763, "dvar2": 0.0248890928924, "max": 9.79396343231, "mean": 5.55069828033, "median": 5.48787021637, "min": 4.10283946991, "var": 0.241154208779}, "spectral_flux": {"dmean": 0.0102142998949, "dmean2": 0.016650184989, "dvar": 0.000164012948517, "dvar2": 0.000397236726712, "max": 0.201403439045, "mean": 0.0320797115564, "median": 0.0260787494481, "min": 1.05382896853e-10, "var": 0.000471738196211}, "spectral_kurtosis": {"dmean": 36.6777381897, "dmean2": 63.2249145508, "dvar": 1735.56518555, "dvar2": 4987.57226562, "max": 480.041870117, "mean": 130.219055176, "median": 107.680664062, "min": -1.1971154213, "var": 9751.47070312}, "spectral_rms": {"dmean": 0.000333889795002, "dmean2": 0.000420901866164, "dvar": 1.92284275613e-07, "dvar2": 2.42315877585e-07, "max": 0.0155150070786, "mean": 0.00403742026538, "median": 0.00366843584925, "min": 3.29160873905e-12, "var": 3.35294657816e-06}, "spectral_rolloff": {"dmean": 56.555393219, "dmean2": 96.6962127686, "dvar": 66778.859375, "dvar2": 79905.71875, "max": 18949.21875, "mean": 665.567504883, "median": 581.396484375, "min": 21.533203125, "var": 116559.710938}, "spectral_skewness": {"dmean": 1.53730022907, "dmean2": 2.67975997925, "dvar": 2.63731718063, "dvar2": 7.38818454742, "max": 18.8517665863, "mean": 7.84961843491, "median": 7.34455108643, "min": 0.0202533174306, "var": 14.5454349518}, "spectral_spread": {"dmean": 274587.5, "dmean2": 476420.78125, "dvar": 258831400960, "dvar2": 317163569152, "max": 40570412, "mean": 1101972.5, "median": 910774.75, "min": 132046.828125, "var": 1042956877820.0}, "spectral_strongpeak": {"dmean": 0.348908483982, "dmean2": 0.526845037937, "dvar": 0.390349507332, "dvar2": 0.710294306278, "max": 12.5055427551, "mean": 1.40990328789, "median": 1.06464934349, "min": 0, "var": 1.55663049221}, "zerocrossingrate": {"dmean": 0.00225515058264, "dmean2": 0.00282224826515, "dvar": 7.70964325056e-05, "dvar2": 9.58183663897e-05, "max": 0.5400390625, "mean": 0.0237083733082, "median": 0.02294921875, "min": 0.00244140625, "var": 0.000158945986186}, "barkbands": {"dmean": [5.84419613006e-05, 0.000174171043909, 0.000131844019052, 0.000304396875435, 0.000525123788975, 0.00120300450362, 0.00102678639814, 0.000637393153738, 0.000560298096389, 0.000442038610345, 0.00055491772946, 0.000189736223547, 3.66257409041e-05, 2.67824489129e-05, 1.44927435031e-05, 2.0785641027e-05, 1.20739214253e-05, 5.30976512891e-06, 4.05589571528e-06, 4.13741099692e-06, 7.90061960743e-07, 2.55025099705e-07, 1.03266415863e-07, 3.40863692827e-08, 9.58198409506e-09, 3.59223739643e-09, 1.79467829486e-09], "dmean2": [0.000102623533166, 0.000279523868812, 0.000178911330295, 0.000447859667474, 0.000821308174636, 0.00165326311253, 0.00110421713907, 0.000841947039589, 0.000677724310663, 0.000507118063979, 0.000650054134894, 0.000229081328143, 4.87478100695e-05, 3.91587964259e-05, 2.29715515161e-05, 3.44736254192e-05, 1.82049770956e-05, 8.87117039383e-06, 6.50649144518e-06, 7.19583658793e-06, 1.31427202632e-06, 4.18110204237e-07, 1.71531922888e-07, 5.68063818207e-08, 1.60447228836e-08, 5.89700510645e-09, 3.12070702613e-09], "dvar": [7.88312082278e-09, 3.34244099065e-08, 3.47798838618e-08, 2.76285703649e-07, 6.00134399065e-07, 1.00279276012e-05, 4.93704283144e-06, 3.69614099327e-06, 2.44127750193e-06, 3.11993903779e-06, 7.97484153736e-06, 2.69537792974e-07, 7.76505792999e-09, 8.12882117174e-09, 1.90243110154e-09, 4.13552259104e-09, 1.75209957654e-09, 2.51471010682e-10, 4.13137635213e-10, 2.31897459568e-10, 6.46688258499e-12, 7.18415724046e-13, 2.03533790841e-13, 9.3166144897e-15, 8.08367587278e-16, 1.00329332067e-16, 1.27162401122e-17], "dvar2": [2.40038851018e-08, 7.70649606352e-08, 4.98584284969e-08, 6.67028814405e-07, 1.77506240107e-06, 1.37120778163e-05, 5.17670332556e-06, 6.71672523822e-06, 3.55324914381e-06, 4.4715684453e-06, 1.20026079458e-05, 3.92671410054e-07, 1.58164130681e-08, 1.49957966045e-08, 4.9219832654e-09, 1.10286748622e-08, 3.9482275227e-09, 6.94642843246e-10, 1.05425412844e-09, 7.02200464442e-10, 1.7439551539e-11, 1.866206625e-12, 5.60815391522e-13, 2.57581364007e-14, 2.2424140605e-15, 2.4799030936e-16, 3.6281412216e-17], "max": [0.00143522629514, 0.00586819835007, 0.0121129658073, 0.0115237366408, 0.0197041165084, 0.11110702157, 0.0666424110532, 0.126857727766, 0.0363327749074, 0.0834349766374, 0.096867762506, 0.0159196555614, 0.00307105365209, 0.00379338604398, 0.000985226361081, 0.00135698611848, 0.000964316132013, 0.000384301034501, 0.000823528098408, 0.000322730949847, 5.91712923779e-05, 2.14959327423e-05, 2.12267204915e-05, 1.87173770883e-06, 1.08508493213e-06, 3.98305104454e-07, 9.95073037302e-08], "mean": [0.000126022976474, 0.00091845454881, 0.00071647472214, 0.00107384996954, 0.00182100548409, 0.00399757316336, 0.0042612911202, 0.00217914301902, 0.00186944508459, 0.000866824877448, 0.00144901848398, 0.000600553990807, 0.00010745387408, 5.23238850292e-05, 2.62563680735e-05, 3.26814079017e-05, 2.24032755796e-05, 8.51513050293e-06, 6.4218602347e-06, 6.71986663292e-06, 1.52746486037e-06, 6.50719016448e-07, 2.5897546152e-07, 1.03480815028e-07, 3.49408324496e-08, 1.52017829436e-08, 4.62870541895e-09], "median": [2.58188229054e-05, 0.00059393158881, 0.000327251735143, 0.000769749458414, 0.00125066703185, 0.0014003572287, 0.00150450807996, 0.000702463788912, 0.000274978228845, 9.05175620574e-05, 8.76464764588e-05, 0.000172179032234, 3.41363011103e-05, 1.2913647879e-05, 5.38906169822e-06, 2.50225411946e-06, 1.85152521226e-06, 6.44831914087e-07, 3.5321866676e-07, 1.66041928651e-07, 8.33817210832e-08, 1.62612945331e-08, 5.39554534384e-09, 2.59926213886e-09, 1.13753573228e-09, 7.4204703493e-10, 6.06907579748e-10], "min": [9.08529724036e-25, 1.23048874802e-23, 5.15181115271e-24, 1.27982111136e-23, 6.45969922511e-23, 1.20789734941e-23, 4.17765179068e-23, 3.32700445946e-23, 4.3833507427e-23, 1.97172990692e-23, 6.5663582682e-23, 8.7861958161e-23, 9.32876109385e-23, 9.3905415245e-23, 1.3021552782e-22, 2.20625386798e-22, 2.02897523934e-22, 1.92454987168e-22, 2.07547537115e-22, 3.18491293995e-22, 3.84850601508e-22, 4.93294994605e-22, 5.70647186117e-22, 1.07527512057e-21, 9.90197393331e-22, 1.73082555051e-21, 2.95015055988e-21], "var": [5.74295739852e-08, 1.05062179045e-06, 9.45649276218e-07, 1.45053263623e-06, 4.20063270212e-06, 7.03218174749e-05, 5.32900885446e-05, 2.84646466753e-05, 1.55132402142e-05, 9.64463833952e-06, 2.3155422241e-05, 1.27743351186e-06, 4.05914484247e-08, 1.95460092556e-08, 5.15878184615e-09, 8.14502687518e-09, 3.78821463087e-09, 4.86356788176e-10, 7.65400742786e-10, 3.97743366021e-10, 1.32938477934e-11, 2.88766753564e-12, 6.14946624438e-13, 5.45470380019e-14, 7.63462559096e-15, 1.28012745769e-15, 9.3953854039e-17]}, "erbbands": {"dmean": [0.0071932123974, 0.0347482487559, 0.121803320944, 0.532457649708, 1.76984608173, 1.39454185963, 2.85614347458, 14.555639267, 17.3818035126, 9.86618232727, 11.1724700928, 11.589343071, 14.2070980072, 22.203327179, 11.8465309143, 5.73206329346, 2.41145014763, 0.871519982815, 1.21206343174, 0.746117293835, 1.02562212944, 0.833099484444, 0.303108453751, 0.200216799974, 0.278106719255, 0.106810085475, 0.0560793764889, 0.0181518662721, 0.00944659579545, 0.00650725932792, 0.00320352544077, 0.00121867959388, 0.000353687588358, 0.000155081725097, 6.59418801661e-05, 2.19928042497e-05, 6.39328391117e-06, 1.5190493059e-06, 1.73354396793e-06, 3.92570791519e-06], "dmean2": [0.0118463775143, 0.0544878169894, 0.168448463082, 0.767404615879, 2.8526570797, 2.11979651451, 4.24573135376, 19.9006195068, 19.0724277496, 12.3191595078, 13.740114212, 13.8391513824, 16.6718921661, 27.1268730164, 12.8691005707, 6.77637195587, 2.93276667595, 1.20924866199, 1.81834042072, 1.19050252438, 1.72021865845, 1.26401031017, 0.494502365589, 0.333935171366, 0.466868132353, 0.180443122983, 0.0942624732852, 0.0296759475023, 0.0157756991684, 0.0105287628248, 0.00523640587926, 0.00207117083482, 0.000579847779591, 0.000258575979387, 0.000111737164843, 3.55062293238e-05, 1.0394790479e-05, 2.49926142715e-06, 2.17584488382e-06, 4.83650546812e-06], "dvar": [0.000104312654003, 0.00114861642942, 0.0262568816543, 0.691249191761, 9.41678714752, 5.97612714767, 23.1342964172, 1458.4161377, 1460.71142578, 536.827575684, 967.632019043, 970.59564209, 2295.78076172, 13581.2177734, 1026.35864258, 198.69052124, 27.2740325928, 10.7783470154, 10.8004779816, 4.04711580276, 11.9580583572, 8.04015922546, 0.947601497173, 0.277207970619, 1.72002232075, 0.11032705009, 0.0322641320527, 0.00474486500025, 0.00101820088457, 0.000803834060207, 0.000272845500149, 1.43840798046e-05, 1.04048513094e-06, 2.20806654738e-07, 4.88382312369e-08, 4.24607105032e-09, 2.44373021818e-10, 1.26108316498e-11, 1.06675458397e-11, 5.46676280633e-11], "dvar2": [0.000250990793575, 0.00264048064128, 0.0389892682433, 1.43896067142, 28.1193962097, 14.479054451, 49.0881309509, 2171.52294922, 1559.60595703, 974.562011719, 1392.18151855, 1399.4921875, 3617.83740234, 20381.1523438, 1386.4206543, 302.1328125, 50.3789710999, 15.626115799, 22.1688346863, 10.2695350647, 33.2787361145, 18.1960487366, 2.57106924057, 0.768369734287, 4.5120010376, 0.320591539145, 0.0910162553191, 0.012301097624, 0.00280719739385, 0.00205051293597, 0.000733031251002, 4.09407221014e-05, 2.77220783573e-06, 6.23827759227e-07, 1.41199137715e-07, 1.06037871817e-08, 6.29410690234e-10, 3.21403008374e-11, 1.38246939937e-11, 6.79946238202e-11], "max": [0.344315588474, 0.768011450768, 7.33814191818, 41.8239135742, 65.2480697632, 113.944000244, 185.786804199, 1317.88818359, 1180.16235352, 932.478759766, 2329.18041992, 694.690612793, 1910.61157227, 3934.66137695, 963.7734375, 400.09274292, 189.746917725, 243.937149048, 123.900650024, 37.2886543274, 93.1188354492, 64.7124633789, 25.6874141693, 9.46038722992, 48.9578704834, 6.17327070236, 4.09799385071, 2.04473161697, 1.02614831924, 0.844458520412, 0.834388673306, 0.0881194323301, 0.0319349877536, 0.0148203838617, 0.00837221182883, 0.00242402753793, 0.000714125053491, 0.000191105893464, 0.000122400335385, 0.000282622146187], "mean": [0.0381765179336, 0.163400962949, 0.640307605267, 2.45199203491, 5.16096687317, 5.25769424438, 9.50806236267, 50.4487037659, 69.6485824585, 40.3318138123, 42.0550918579, 40.979637146, 35.7789878845, 44.8985443115, 43.8430290222, 21.1268997192, 8.81941890717, 2.30595111847, 2.4588727951, 1.4109774828, 1.68637025356, 1.56741559505, 0.547220885754, 0.356731414795, 0.433856755495, 0.202705532312, 0.109061487019, 0.038213018328, 0.0226343795657, 0.0156099712476, 0.00819630827755, 0.00343678332865, 0.00117218412925, 0.000522557995282, 0.00023648381466, 9.23139450606e-05, 3.02772969007e-05, 6.69913060847e-06, 1.03756456156e-05, 2.27551754506e-05], "median": [0.0124510666355, 0.137603372335, 0.400596797466, 1.49850475788, 2.74382925034, 2.93976998329, 6.01600170135, 18.0482692719, 26.9468593597, 15.8780269623, 15.3574829102, 8.11133956909, 5.7027220726, 5.59051179886, 6.47831439972, 6.15427684784, 2.18549704552, 0.937633574009, 0.838756382465, 0.278328895569, 0.21619476378, 0.179797053337, 0.0646197721362, 0.0304634533823, 0.0152642149478, 0.00836933590472, 0.00510052731261, 0.00191032083239, 0.000749369966798, 0.000444807170425, 0.000150962136104, 8.62224696903e-05, 4.74304433737e-05, 2.64863738266e-05, 1.7256490537e-05, 1.15042130346e-05, 6.46550824968e-06, 1.39141025102e-06, 6.99211250321e-06, 1.54464178195e-05], "min": [5.88794218112e-22, 1.94221422177e-21, 6.75703930283e-21, 1.88373840897e-20, 1.96023258235e-19, 1.92014185224e-19, 9.48839881355e-20, 1.33013951221e-19, 7.08939590084e-19, 4.31828268765e-19, 7.43279166034e-19, 9.95278912468e-19, 6.28094575929e-19, 1.36720992155e-18, 3.82057726377e-18, 2.91470261684e-18, 3.5488033512e-18, 5.54328759571e-18, 4.56474533877e-18, 1.27492570263e-17, 9.29903623333e-18, 1.30443462652e-17, 9.50575114995e-18, 1.04707326079e-17, 1.53202286687e-17, 1.38034242707e-17, 1.05030075411e-17, 1.80635880595e-17, 1.71827697473e-17, 1.92310376888e-17, 1.64606394182e-17, 2.18154328182e-17, 1.67684961898e-17, 1.05125532053e-17, 7.37083769362e-18, 5.79035610492e-18, 3.36884565945e-18, 1.46111818553e-18, 5.14912383291e-19, 3.87500221963e-20], "var": [0.00435520010069, 0.0148109607399, 0.548168897629, 9.21840667725, 46.0015830994, 76.6552810669, 141.698181152, 10286.6445312, 13814.9121094, 5241.625, 9165.21289062, 7503.09521484, 8235.96875, 36020.7265625, 7549.27978516, 1290.64306641, 276.507843018, 31.0788631439, 25.925201416, 10.6510028839, 21.3397331238, 17.4279632568, 1.98367166519, 0.586451292038, 3.0977628231, 0.255117952824, 0.069561585784, 0.00973873864859, 0.00314178271219, 0.00259193847887, 0.000799257948529, 6.96015267749e-05, 6.85340000928e-06, 1.44786758938e-06, 3.60372979458e-07, 4.51023396408e-08, 3.24186677503e-09, 1.71014535866e-10, 1.09150959104e-10, 5.19082388184e-10]}, "gfcc": {"mean": [-195.413726807, 242.007110596, -104.250350952, -38.0979919434, -35.9286766052, -19.2797851562, -18.973443985, -12.278046608, -6.39673233032, -8.7874622345, 0.242406129837, -5.94934463501, -2.03313708305], "cov": [[15099.5898438, -1141.34509277, -3641.81201172, 1269.43859863, -1091.25720215, -203.597808838, 549.292419434, 118.775978088, -72.2087631226, 20.2287960052, 332.959075928, 223.623062134, -40.2952880859], [-1141.34509277, 2101.84545898, 867.55847168, -1041.42578125, 749.937255859, -96.8865737915, -128.509658813, -141.688049316, 133.00138855, -132.282028198, -102.983131409, -237.277938843, -14.0210609436], [-3641.81201172, 867.55847168, 1375.80761719, -507.174438477, 458.964233398, 70.1374206543, -260.341888428, -27.0188541412, 70.0822296143, -43.0014457703, -148.310195923, -167.500961304, -13.2055473328], [1269.43859863, -1041.42578125, -507.174438477, 848.780944824, -350.742492676, 109.748535156, 111.210281372, 27.5569133759, -23.6544361115, 99.2998580933, 77.8024368286, 134.608566284, -18.429151535], [-1091.25720215, 749.937255859, 458.964233398, -350.742492676, 435.213134766, 7.41007947922, -107.440132141, -20.6295375824, 59.0799293518, -28.5956897736, -31.9100952148, -83.5245056152, -7.12457704544], [-203.597808838, -96.8865737915, 70.1374206543, 109.748535156, 7.41007947922, 176.219116211, 6.46493959427, -45.3276596069, 16.2337532043, 37.5031661987, 18.5322036743, 29.5666828156, -8.20151996613], [549.292419434, -128.509658813, -260.341888428, 111.210281372, -107.440132141, 6.46493959427, 185.188186646, 4.16951847076, -25.1602687836, 15.7863445282, 55.1888923645, 56.8245353699, 11.0577974319], [118.775978088, -141.688049316, -27.0188541412, 27.5569133759, -20.6295375824, -45.3276596069, 4.16951847076, 180.756942749, 7.03174638748, -2.93316030502, -4.45841646194, -13.7131223679, 5.05335187912], [-72.2087631226, 133.00138855, 70.0822296143, -23.6544361115, 59.0799293518, 16.2337532043, -25.1602687836, 7.03174638748, 129.57093811, 45.9348487854, -9.85424041748, -12.0106449127, 1.5339525938], [20.2287960052, -132.282028198, -43.0014457703, 99.2998580933, -28.5956897736, 37.5031661987, 15.7863445282, -2.93316030502, 45.9348487854, 99.5325393677, 52.3342895508, 25.1518478394, 4.63531684875], [332.959075928, -102.983131409, -148.310195923, 77.8024368286, -31.9100952148, 18.5322036743, 55.1888923645, -4.45841646194, -9.85424041748, 52.3342895508, 123.099334717, 83.9886016846, 1.40135395527], [223.623062134, -237.277938843, -167.500961304, 134.608566284, -83.5245056152, 29.5666828156, 56.8245353699, -13.7131223679, -12.0106449127, 25.1518478394, 83.9886016846, 137.267700195, 37.2947845459], [-40.2952880859, -14.0210609436, -13.2055473328, -18.429151535, -7.12457704544, -8.20151996613, 11.0577974319, 5.05335187912, 1.5339525938, 4.63531684875, 1.40135395527, 37.2947845459, 74.0891265869]], "icov": [[0.000500001537148, -0.00158098654356, 0.00163723656442, -0.00106798764318, 0.00163659488317, -0.000746695150156, 0.00147365382873, -0.00120814424008, 0.000572010932956, -0.000142462871736, -0.000195005035494, 0.00015786998847, -0.000142620308907], [-0.00158098654356, 0.0094627616927, -0.00576514005661, 0.00562943192199, -0.00929356645793, 0.00356181152165, -0.007551479619, 0.00741150183603, -0.00656573753804, 0.00621093343943, -0.00416815793142, 0.00500375218689, -0.00126679998357], [0.00163723656442, -0.00576514005661, 0.00707027548924, -0.00321968179196, 0.00484626786783, -0.0036097613629, 0.00633498607203, -0.00470281066373, 0.00301930960268, -0.00225395034067, 0.00168469385244, -0.000577746366616, 3.79111843358e-05], [-0.00106798764318, 0.00562943192199, -0.00321968179196, 0.00615530600771, -0.00457038963214, 0.000828888383694, -0.00445542950183, 0.00353702553548, -0.00273009901866, 0.000370137189748, 0.000455362140201, -0.000301500258502, 0.00169421627652], [0.00163659488317, -0.00929356645793, 0.00484626786783, -0.00457038963214, 0.0143559454009, -0.00441123824567, 0.00828740466386, -0.0069270292297, 0.00383961643092, -0.00291264522821, -0.000384498096537, -0.00164741650224, -7.46915538912e-05], [-0.000746695150156, 0.00356181152165, -0.0036097613629, 0.000828888383694, -0.00441123824567, 0.00978035107255, -0.00393574871123, 0.00459842616692, -0.00203901925124, -0.00072877923958, 0.000425701698987, -0.00125198229216, 0.00147294800263], [0.00147365382873, -0.007551479619, 0.00633498607203, -0.00445542950183, 0.00828740466386, -0.00393574871123, 0.0143207870424, -0.00608800165355, 0.00509687513113, -0.00336852087639, 2.26672455028e-05, -0.00283275917172, -0.000436859176261], [-0.00120814424008, 0.00741150183603, -0.00470281066373, 0.00353702553548, -0.0069270292297, 0.00459842616692, -0.00608800165355, 0.0121704656631, -0.0063951718621, 0.0063733314164, -0.00523645384237, 0.00629335129634, -0.00262666889466], [0.000572010932956, -0.00656573753804, 0.00301930960268, -0.00273009901866, 0.00383961643092, -0.00203901925124, 0.00509687513113, -0.0063951718621, 0.0183346904814, -0.0165859945118, 0.0123739074916, -0.00995727628469, 0.00418292777613], [-0.000142462871736, 0.00621093343943, -0.00225395034067, 0.000370137189748, -0.00291264522821, -0.00072877923958, -0.00336852087639, 0.0063733314164, -0.0165859945118, 0.033302705735, -0.0239789299667, 0.0180761609226, -0.00989020708948], [-0.000195005035494, -0.00416815793142, 0.00168469385244, 0.000455362140201, -0.000384498096537, 0.000425701698987, 2.26672455028e-05, -0.00523645384237, 0.0123739074916, -0.0239789299667, 0.0352325029671, -0.0258819907904, 0.0134886391461], [0.00015786998847, 0.00500375218689, -0.000577746366616, -0.000301500258502, -0.00164741650224, -0.00125198229216, -0.00283275917172, 0.00629335129634, -0.00995727628469, 0.0180761609226, -0.0258819907904, 0.0323871597648, -0.0161868203431], [-0.000142620308907, -0.00126679998357, 3.79111843358e-05, 0.00169421627652, -7.46915538912e-05, 0.00147294800263, -0.000436859176261, -0.00262666889466, 0.00418292777613, -0.00989020708948, 0.0134886391461, -0.0161868203431, 0.0224334765226]]}, "melbands": {"dmean": [5.50519507669e-05, 5.36664119863e-05, 0.000130398344481, 0.000107191663119, 9.40887839533e-05, 0.000302332657157, 0.000241593559622, 0.000123967329273, 8.24446324259e-05, 8.17070176709e-05, 7.38659437047e-05, 9.15658674785e-05, 4.71569583169e-05, 2.35138995777e-05, 1.32307850436e-05, 3.71252463083e-06, 1.58299155828e-06, 2.35029710893e-06, 1.33494381771e-06, 1.32258639951e-06, 1.00449062757e-06, 1.09047323349e-06, 2.29753922554e-07, 2.52858399108e-07, 1.63884081417e-07, 2.11496541169e-07, 2.2698655755e-07, 5.46213598795e-08, 4.8063490965e-08, 1.53942689707e-08, 8.10932565543e-09, 7.63377183688e-09, 4.78721418062e-09, 2.91634116856e-09, 2.31365926417e-09, 1.59547386414e-09, 6.28820995274e-10, 3.02878749858e-10, 2.2959639745e-10, 1.28936680777e-10], "dmean2": [9.02802785276e-05, 7.508519775e-05, 0.000195556407562, 0.000170583225554, 0.000141179101774, 0.000406476436183, 0.000264700996922, 0.000160066934768, 9.99932963168e-05, 9.89922191366e-05, 8.62754313857e-05, 0.000111165529233, 5.38007334399e-05, 2.7539621442e-05, 1.51390895553e-05, 4.98776171298e-06, 2.27404143516e-06, 3.49040828951e-06, 2.12594409277e-06, 2.1437012947e-06, 1.70446605807e-06, 1.65010408182e-06, 3.64224348459e-07, 4.25098761525e-07, 2.73045060339e-07, 3.42627714645e-07, 3.94522800207e-07, 8.92579237188e-08, 8.01212749479e-08, 2.55513104008e-08, 1.33037190153e-08, 1.28858452797e-08, 7.80539011203e-09, 4.76084149881e-09, 3.78168030224e-09, 2.66549782246e-09, 1.05976516451e-09, 4.99228214323e-10, 3.8015379733e-10, 2.14815679134e-10], "dvar": [4.60147786541e-09, 4.27822088866e-09, 4.31557403147e-08, 3.26834985742e-08, 2.28567387239e-08, 5.87372881e-07, 2.63262052158e-07, 1.03430245701e-07, 4.78455319808e-08, 5.35136202018e-08, 6.80094203176e-08, 1.95428370375e-07, 3.50730395837e-08, 5.19551290878e-09, 1.37223610253e-09, 1.14500804671e-10, 3.56130160084e-11, 5.48779216514e-11, 2.07776330863e-11, 2.25305260559e-11, 1.61751861905e-11, 1.51812919874e-11, 4.64951373843e-13, 7.38175037589e-13, 1.91825315398e-13, 1.8874951515e-12, 7.88198391104e-13, 4.13789248905e-14, 2.16120473433e-14, 2.88946697583e-15, 9.18037389882e-16, 7.85689921242e-16, 3.66534687911e-16, 1.23768970414e-16, 2.11850669284e-16, 2.78760462e-17, 4.26052154436e-18, 7.35735278847e-19, 5.01347862016e-19, 1.64681113406e-19], "dvar2": [1.12593516732e-08, 6.74022437863e-09, 1.05725725064e-07, 1.01246072859e-07, 4.79049582225e-08, 8.37413040244e-07, 2.78842520629e-07, 2.02819620654e-07, 6.52110614396e-08, 7.83011273597e-08, 1.05399941219e-07, 2.9096270282e-07, 5.2196753586e-08, 7.25058280082e-09, 2.48003351189e-09, 1.90117310783e-10, 5.50802840837e-11, 1.10023219702e-10, 5.36636048099e-11, 5.68645235066e-11, 4.52978765608e-11, 3.41505677903e-11, 1.22279074886e-12, 2.11086053151e-12, 5.33639484598e-13, 4.81121002413e-12, 2.35168742119e-12, 1.12701060778e-13, 6.03144243534e-14, 7.92670880919e-15, 2.36251316802e-15, 2.18706681014e-15, 9.72827292559e-16, 3.13888625624e-16, 5.70048091304e-16, 7.72115927094e-17, 1.21083194374e-17, 1.97209101776e-18, 1.39713886708e-18, 4.56189745931e-19], "max": [0.00222905375995, 0.00290405051783, 0.0057017961517, 0.00511175207794, 0.0056327120401, 0.0264690238982, 0.015002688393, 0.0173310469836, 0.0151932770386, 0.004815176595, 0.0107912272215, 0.014546547085, 0.00621337909251, 0.00231090863235, 0.00118139002007, 0.000393981928937, 0.000413318834035, 0.000287419068627, 0.000107607287646, 0.000106514722575, 0.000115459712106, 9.05752458493e-05, 2.18939549086e-05, 1.86707256944e-05, 6.39913423583e-06, 5.74319128646e-05, 1.84472810361e-05, 5.78461867917e-06, 2.69007682618e-06, 1.06065704131e-06, 9.26238442389e-07, 9.11609390641e-07, 5.87054898915e-07, 3.10362622713e-07, 7.58151088576e-07, 1.13478371588e-07, 4.57300970425e-08, 2.17730065089e-08, 1.54606141223e-08, 1.42016300941e-08], "mean": [0.000289044430247, 0.000297697057249, 0.00052149198018, 0.000365049403626, 0.000330856215442, 0.00107472622767, 0.000980569282547, 0.000470429949928, 0.00029593592626, 0.000279580126517, 0.000178749673069, 0.000179854410817, 0.000144953999552, 7.87153330748e-05, 5.16021718795e-05, 8.83393659024e-06, 3.48186767951e-06, 4.5571573537e-06, 2.39554947257e-06, 2.15288309846e-06, 1.57456008765e-06, 1.93907271751e-06, 4.34539060734e-07, 4.07093295962e-07, 2.57426762573e-07, 3.24706121546e-07, 3.10835048367e-07, 9.6863715271e-08, 8.67669314175e-08, 2.9303604876e-08, 1.54676769171e-08, 1.47937546657e-08, 1.0342606771e-08, 6.64532340267e-09, 5.13257836232e-09, 3.51416762356e-09, 1.47722190036e-09, 8.15765177631e-10, 5.94991944602e-10, 3.61455171349e-10], "median": [0.000154134555487, 0.000219678520807, 0.000372897542547, 0.000243948612479, 0.000202075185371, 0.000412261404563, 0.000372491136659, 0.00017070271133, 9.50509056565e-05, 4.10603279306e-05, 2.43381200562e-05, 1.41263262776e-05, 1.58788698172e-05, 1.9788309146e-05, 4.90967022415e-06, 2.22836251851e-06, 1.18967409435e-06, 1.25582289456e-06, 3.20813654753e-07, 1.7365914573e-07, 1.54067549829e-07, 1.53418383775e-07, 5.45811609243e-08, 3.03225817788e-08, 1.88481639185e-08, 1.18409699823e-08, 3.10950998283e-09, 3.46993567213e-09, 3.36887473473e-09, 1.26425880875e-09, 6.98635316265e-10, 3.51554341194e-10, 2.10593084637e-10, 1.93362131862e-10, 7.21225232314e-11, 5.40383744696e-11, 3.60344705463e-11, 2.40852442157e-11, 1.49109700281e-11, 1.05996522323e-11], "min": [4.01462595378e-24, 2.85922161781e-24, 8.96311649121e-24, 1.486840301e-23, 4.5839847344e-24, 3.0848604886e-24, 9.91270701701e-24, 5.25019157393e-24, 6.36191155398e-24, 6.41122995448e-24, 2.99125109815e-24, 4.81436998405e-24, 1.11643011075e-23, 9.84957447877e-24, 7.99615761486e-24, 8.32027926157e-24, 1.0617258413e-23, 7.1368151432e-24, 1.07644803683e-23, 1.91285942638e-23, 9.23271049443e-24, 1.50340322456e-23, 9.2559140491e-24, 7.91342267198e-24, 8.28977637695e-24, 9.63715395851e-24, 1.37384828255e-23, 7.45837141425e-24, 5.8151938702e-24, 8.64074927115e-24, 1.05127793081e-23, 9.10927585087e-24, 1.07030557139e-23, 1.07152586032e-23, 9.49359941756e-24, 9.28019597662e-24, 1.46617845617e-23, 1.17155137207e-23, 1.02815042234e-23, 8.46811495066e-24], "var": [1.61480542715e-07, 8.38769480538e-08, 2.99903490486e-07, 2.22395314609e-07, 1.66540729651e-07, 4.2374495024e-06, 2.6355899081e-06, 8.61363673721e-07, 4.40305768734e-07, 3.83357956935e-07, 2.38422188659e-07, 5.25364782789e-07, 1.28418065515e-07, 2.14631832307e-08, 1.54059751623e-08, 4.88774409835e-10, 9.47343870017e-11, 1.26320190419e-10, 5.86151960302e-11, 4.92686030862e-11, 2.75176739034e-11, 3.19663184811e-11, 1.01169008067e-12, 1.43515093472e-12, 3.33110383895e-13, 3.39057601439e-12, 1.08991255691e-12, 8.00713594279e-14, 4.43331691345e-14, 5.77804414354e-15, 1.70386860681e-15, 1.83993809704e-15, 1.09219710472e-15, 4.14318357564e-16, 5.22709855102e-16, 8.4092756024e-17, 1.45711372147e-17, 3.51473839921e-18, 2.10990282333e-18, 8.53306129924e-19]}, "mfcc": {"mean": [-814.713806152, 243.521850586, 19.1538028717, -7.74406957626, -7.68462514877, -3.19082093239, -5.90304422379, -4.44942903519, -4.68422889709, -4.55184793472, -2.68861627579, 3.49480605125, 4.78368902206], "cov": [[6411.45214844, 938.794128418, -2062.22070312, 497.089874268, -733.740783691, -384.842590332, 126.058494568, 198.672637939, -266.790161133, -132.280487061, -71.4931030273, 227.345779419, 257.343566895], [938.794128418, 1692.04772949, 304.004577637, -459.507110596, 73.2370834351, 2.06060743332, -65.2912521362, -66.8713607788, 27.4334220886, -68.6838531494, -5.26619815826, -7.58313846588, -19.0310688019], [-2062.22070312, 304.004577637, 1204.12817383, -240.283630371, 318.471435547, 214.105422974, -109.397956848, -117.716308594, 133.6978302, 105.702461243, 26.6628837585, -120.44745636, -130.878814697], [497.089874268, -459.507110596, -240.283630371, 413.48916626, -55.0148086548, -30.914352417, 39.846736908, 47.487121582, -33.1119232178, 24.8621902466, 9.8718214035, 37.195690155, 32.5328102112], [-733.740783691, 73.2370834351, 318.471435547, -55.0148086548, 239.100601196, 111.979072571, -33.8421211243, -35.6498184204, 38.7815971375, 8.67745494843, 22.5251693726, -4.3927192688, -29.3555488586], [-384.842590332, 2.06060743332, 214.105422974, -30.914352417, 111.979072571, 200.396072388, 29.8597354889, -57.5395851135, 19.6520271301, 6.61749267578, 3.17645978928, 25.8899269104, 18.5977973938], [126.058494568, -65.2912521362, -109.397956848, 39.846736908, -33.8421211243, 29.8597354889, 123.399032593, 44.4862213135, -35.5795288086, -41.0794487, -7.29337406158, 26.6785373688, 33.5863723755], [198.672637939, -66.8713607788, -117.716308594, 47.487121582, -35.6498184204, -57.5395851135, 44.4862213135, 118.074668884, -1.24914360046, -24.287563324, 3.46043634415, -6.75942897797, -4.69050836563], [-266.790161133, 27.4334220886, 133.6978302, -33.1119232178, 38.7815971375, 19.6520271301, -35.5795288086, -1.24914360046, 99.4057540894, 50.4665412903, -2.23853158951, -14.9893388748, -31.2204265594], [-132.280487061, -68.6838531494, 105.702461243, 24.8621902466, 8.67745494843, 6.61749267578, -41.0794487, -24.287563324, 50.4665412903, 138.58102417, 42.1827430725, -34.2150878906, -24.3389873505], [-71.4931030273, -5.26619815826, 26.6628837585, 9.8718214035, 22.5251693726, 3.17645978928, -7.29337406158, 3.46043634415, -2.23853158951, 42.1827430725, 101.102104187, 26.7706985474, -11.5953426361], [227.345779419, -7.58313846588, -120.44745636, 37.195690155, -4.3927192688, 25.8899269104, 26.6785373688, -6.75942897797, -14.9893388748, -34.2150878906, 26.7706985474, 121.533477783, 75.6806640625], [257.343566895, -19.0310688019, -130.878814697, 32.5328102112, -29.3555488586, 18.5977973938, 33.5863723755, -4.69050836563, -31.2204265594, -24.3389873505, -11.5953426361, 75.6806640625, 139.462966919]], "icov": [[0.00480682123452, -0.00666717579588, 0.00719965575263, -0.00729240197688, 0.00749537907541, -0.00714956829324, 0.0070508508943, -0.0073592402041, 0.00750825600699, -0.00729622738436, 0.00573509652168, -0.00405881740153, 0.00235048378818], [-0.00666717579588, 0.0101360809058, -0.0101237306371, 0.01101382263, -0.0104193100706, 0.0103034488857, -0.00972098950297, 0.0104467272758, -0.0105129899457, 0.0105542028323, -0.0081097362563, 0.00540964864194, -0.00338019803166], [0.00719965575263, -0.0101237306371, 0.0128184100613, -0.0105516351759, 0.00969092734158, -0.0119546540082, 0.0109064858407, -0.0103455828503, 0.0100971283391, -0.0111409984529, 0.00799557287246, -0.00423427158967, 0.00376228499226], [-0.00729240197688, 0.01101382263, -0.0105516351759, 0.0151956332847, -0.0117603754625, 0.0110041406006, -0.0107706561685, 0.00980664603412, -0.00966082885861, 0.00886036083102, -0.00749109499156, 0.00419706851244, -0.00302364118397], [0.00749537907541, -0.0104193100706, 0.00969092734158, -0.0117603754625, 0.0201699398458, -0.0151011841372, 0.0139008285478, -0.0127676324919, 0.0109694162384, -0.00895080715418, 0.00694061722606, -0.00651601050049, 0.00407399469987], [-0.00714956829324, 0.0103034488857, -0.0119546540082, 0.0110041406006, -0.0151011841372, 0.0224418062717, -0.0174380335957, 0.0167854968458, -0.0132214901969, 0.0105359563604, -0.00796114653349, 0.00423811422661, -0.00467712711543], [0.0070508508943, -0.00972098950297, 0.0109064858407, -0.0107706561685, 0.0139008285478, -0.0174380335957, 0.0261532925069, -0.018702307716, 0.0155536634848, -0.00971058383584, 0.00925230421126, -0.00704875960946, 0.00311608426273], [-0.0073592402041, 0.0104467272758, -0.0103455828503, 0.00980664603412, -0.0127676324919, 0.0167854968458, -0.018702307716, 0.0279413759708, -0.0187366381288, 0.0165624022484, -0.0137856798247, 0.0113343996927, -0.00507418159395], [0.00750825600699, -0.0105129899457, 0.0100971283391, -0.00966082885861, 0.0109694162384, -0.0132214901969, 0.0155536634848, -0.0187366381288, 0.0319642685354, -0.0216894969344, 0.0173662994057, -0.0144424699247, 0.0087877754122], [-0.00729622738436, 0.0105542028323, -0.0111409984529, 0.00886036083102, -0.00895080715418, 0.0105359563604, -0.00971058383584, 0.0165624022484, -0.0216894969344, 0.0289140082896, -0.0198314040899, 0.0159230455756, -0.00811101775616], [0.00573509652168, -0.0081097362563, 0.00799557287246, -0.00749109499156, 0.00694061722606, -0.00796114653349, 0.00925230421126, -0.0137856798247, 0.0173662994057, -0.0198314040899, 0.026107583195, -0.0166960321367, 0.00904987752438], [-0.00405881740153, 0.00540964864194, -0.00423427158967, 0.00419706851244, -0.00651601050049, 0.00423811422661, -0.00704875960946, 0.0113343996927, -0.0144424699247, 0.0159230455756, -0.0166960321367, 0.0258509945124, -0.0124536082149], [0.00235048378818, -0.00338019803166, 0.00376228499226, -0.00302364118397, 0.00407399469987, -0.00467712711543, 0.00311608426273, -0.00507418159395, 0.0087877754122, -0.00811101775616, 0.00904987752438, -0.0124536082149, 0.01523026824]]}, "spectral_contrast_coeffs": {"dmean": [0.033687196672, 0.0352022945881, 0.0291935428977, 0.0250613112003, 0.0168626066297, 0.0309839751571], "dmean2": [0.0563741251826, 0.0569482818246, 0.0450331009924, 0.0404891110957, 0.0272676926106, 0.054193649441], "dvar": [0.000799659756012, 0.000975119124632, 0.000694105459843, 0.000556786777452, 0.000218546396354, 0.000867817609105], "dvar2": [0.00218414352275, 0.00231779902242, 0.00154751853552, 0.0013803668553, 0.000533527228981, 0.00246499245986], "max": [-0.331929266453, -0.339090585709, -0.372519135475, -0.495511502028, -0.57274389267, -0.637005746365], "mean": [-0.626443982124, -0.62289083004, -0.648859262466, -0.688407480717, -0.730734407902, -0.835777401924], "median": [-0.632140159607, -0.623492538929, -0.651234030724, -0.692704558372, -0.727869987488, -0.829986214638], "min": [-0.959048271179, -0.953080177307, -0.963149487972, -0.958647966385, -0.959845721722, -0.964377880096], "var": [0.00761671410874, 0.00820188317448, 0.00770748173818, 0.0052183852531, 0.00304757431149, 0.0061905272305]}, "spectral_contrast_valleys": {"dmean": [0.275248855352, 0.288556456566, 0.268735766411, 0.260733276606, 0.181796222925, 0.615949928761], "dmean2": [0.461744904518, 0.478482037783, 0.432674765587, 0.422490805387, 0.290124893188, 1.09143292904], "dvar": [0.0946916639805, 0.107966467738, 