{"lowlevel": {"average_loudness": 0.762840211391, "barkbands_crest": {"dmean": 2.29681873322, "dmean2": 3.68754076958, "dvar": 5.91446638107, "dvar2": 15.0820350647, "max": 26.7735996246, "mean": 13.4571723938, "median": 12.598484993, "min": 3.21327137947, "var": 25.1625118256}, "barkbands_flatness_db": {"dmean": 0.0449083000422, "dmean2": 0.0596782676876, "dvar": 0.00221796496771, "dvar2": 0.00442550890148, "max": 0.750431358814, "mean": 0.300230979919, "median": 0.30429700017, "min": 0.0507022328675, "var": 0.0151274865493}, "barkbands_kurtosis": {"dmean": 11.2158164978, "dmean2": 17.4015731812, "dvar": 4426.51708984, "dvar2": 11171.1875, "max": 3022.37646484, "mean": 16.7058982849, "median": 2.97839546204, "min": -1.96064352989, "var": 6429.63525391}, "barkbands_skewness": {"dmean": 0.844029009342, "dmean2": 1.23648810387, "dvar": 1.767162323, "dvar2": 4.01438236237, "max": 45.4731903076, "mean": 2.02345776558, "median": 1.47660732269, "min": -5.97275209427, "var": 7.13540458679}, "barkbands_spread": {"dmean": 3.13050603867, "dmean2": 4.74151468277, "dvar": 31.6362400055, "dvar2": 59.0489768982, "max": 118.963493347, "mean": 11.1993923187, "median": 8.64579296112, "min": 0.0325486958027, "var": 115.509513855}, "dissonance": {"dmean": 0.0461181290448, "dmean2": 0.0751572474837, "dvar": 0.0019625343848, "dvar2": 0.00505257071927, "max": 0.499988019466, "mean": 0.380869984627, "median": 0.394931137562, "min": 0.0779652744532, "var": 0.0067227371037}, "dynamic_complexity": 5.11802244186, "erbbands_crest": {"dmean": 2.89913249016, "dmean2": 4.37038660049, "dvar": 8.16689777374, "dvar2": 18.4590568542, "max": 32.4895896912, "mean": 14.9725637436, "median": 14.4831752777, "min": 2.85547709465, "var": 31.5700588226}, "erbbands_flatness_db": {"dmean": 0.0374494232237, "dmean2": 0.0498987473547, "dvar": 0.00155469460879, "dvar2": 0.00296062324196, "max": 0.59657150507, "mean": 0.25609844923, "median": 0.249672174454, "min": 0.0581035092473, "var": 0.00879267603159}, "erbbands_kurtosis": {"dmean": 2.75027775764, "dmean2": 4.15366840363, "dvar": 34.1019287109, "dvar2": 79.2762756348, "max": 177.868667603, "mean": 4.70729207993, "median": 2.53752040863, "min": -1.86675179005, "var": 84.6159362793}, "erbbands_skewness": {"dmean": 0.547413408756, "dmean2": 0.795852422714, "dvar": 0.419392228127, "dvar2": 0.844394028187, "max": 10.4134216309, "mean": 0.567282736301, "median": 0.552137076855, "min": -6.6211605072, "var": 2.10146927834}, "erbbands_spread": {"dmean": 7.76834630966, "dmean2": 11.6739253998, "dvar": 187.934234619, "dvar2": 417.049163818, "max": 180.02116394, "mean": 21.0031318665, "median": 15.0196838379, "min": 0.810268044472, "var": 421.154876709}, "hfc": {"dmean": 3.86035943031, "dmean2": 5.43603229523, "dvar": 42.8792457581, "dvar2": 81.1835250854, "max": 139.115829468, "mean": 13.9037313461, "median": 5.80210542679, "min": 1.17178207051e-16, "var": 347.647399902}, "melbands_crest": {"dmean": 2.62026643753, "dmean2": 4.03873205185, "dvar": 9.51051330566, "dvar2": 21.3149642944, "max": 37.3107872009, "mean": 17.2685718536, "median": 16.206829071, "min": 1.60506618023, "var": 42.8118896484}, "melbands_flatness_db": {"dmean": 0.0471936687827, "dmean2": 0.063013933599, "dvar": 0.00263746478595, "dvar2": 0.00504613248631, "max": 0.94322270155, "mean": 0.398877024651, "median": 0.401633709669, "min": 0.00351314642467, "var": 0.0194757524878}, "melbands_kurtosis": {"dmean": 15.4729967117, "dmean2": 23.4150867462, "dvar": 1901.55297852, "dvar2": 4172.12353516, "max": 1147.97717285, "mean": 25.7150344849, "median": 5.88169956207, "min": -1.86952316761, "var": 4374.75097656}, "melbands_skewness": {"dmean": 0.942749321461, "dmean2": 1.37730252743, "dvar": 1.9945691824, "dvar2": 4.24474716187, "max": 28.3102531433, "mean": 2.72079324722, "median": 2.05313754082, "min": -4.11231327057, "var": 7.79447603226}, "melbands_spread": {"dmean": 3.79938936234, "dmean2": 5.57466697693, "dvar": 74.0835800171, "dvar2": 141.537200928, "max": 196.314529419, "mean": 14.0402050018, "median": 8.83907032013, "min": 0.0917965993285, "var": 346.287261963}, "pitch_salience": {"dmean": 0.0600506737828, "dmean2": 0.0934863910079, "dvar": 0.00495900725946, "dvar2": 0.0116218775511, "max": 0.843686640263, "mean": 0.413432955742, "median": 0.408950477839, "min": 0.0206165891141, "var": 0.017036229372}, "silence_rate_20dB": {"dmean": 0, "dmean2": 0, "dvar": 0, "dvar2": 0, "max": 1, "mean": 1, "median": 1, "min": 1, "var": 0}, "silence_rate_30dB": {"dmean": 0.0263157896698, "dmean2": 0.0526393614709, "dvar": 0.0256209243089, "dvar2": 0.0637707859278, "max": 1, "mean": 0.971175193787, "median": 1, "min": 0, "var": 0.0279907807708}, "silence_rate_60dB": {"dmean": 0.00946185644716, "dmean2": 0.01892651245, "dvar": 0.00937067065388, "dvar2": 0.0203412566334, "max": 1, "mean": 0.0705099776387, "median": 0, "min": 0, "var": 0.0655409023166}, "spectral_centroid": {"dmean": 143.978042603, "dmean2": 206.295578003, "dvar": 97675.9296875, "dvar2": 151841.046875, "max": 10772.9326172, "mean": 766.088378906, "median": 589.797363281, "min": 76.8170928955, "var": 479588.625}, "spectral_complexity": {"dmean": 1.54937911034, "dmean2": 2.47434568405, "dvar": 8.7779417038, "dvar2": 16.534614563, "max": 50, "mean": 8.30317783356, "median": 6, "min": 0, "var": 48.4691848755}, "spectral_decrease": {"dmean": 2.73132294559e-09, "dmean2": 4.47381465207e-09, "dvar": 2.27891435132e-17, "dvar2": 6.26363592963e-17, "max": -1.27302115616e-28, "mean": -8.88358009377e-09, "median": -5.82472958754e-09, "min": -4.92922289652e-08, "var": 6.88395058239e-17}, "spectral_energy": {"dmean": 0.0105547150597, "dmean2": 0.017227422446, "dvar": 0.00033403665293, "dvar2": 0.000916682765819, "max": 0.187967121601, "mean": 0.0347897335887, "median": 0.022839371115, "min": 1.11088740679e-20, "var": 0.00105332920793}, "spectral_energyband_high": {"dmean": 0.000137919123517, "dmean2": 0.000210887403227, "dvar": 1.84019668836e-07, "dvar2": 3.69296060398e-07, "max": 0.012459016405, "mean": 0.000230393517995, "median": 1.2487328604e-05, "min": 7.834339057e-21, "var": 3.91483439444e-07}, "spectral_energyband_low": {"dmean": 0.00777580030262, "dmean2": 0.0127986874431, "dvar": 0.000217611159314, "dvar2": 0.000559456064366, "max": 0.154183775187, "mean": 0.0201538912952, "median": 0.0100817084312, "min": 8.98904035382e-23, "var": 0.000552166020498}, "spectral_energyband_middle_high": {"dmean": 0.00194617290981, "dmean2": 0.00236240518279, "dvar": 1.53659020725e-05, "dvar2": 2.04620082513e-05, "max": 0.120131477714, "mean": 0.00640816288069, "median": 0.000993037829176, "min": 2.13861832236e-21, "var": 0.000131409760797}, "spectral_energyband_middle_low": {"dmean": 0.0038019712083, "dmean2": 0.00634427042678, "dvar": 8.2141974417e-05, "dvar2": 0.000226196061703, "max": 0.086411356926, "mean": 0.00919858645648, "median": 0.00555191189051, "min": 1.92081256425e-22, "var": 0.000123813588289}, "spectral_entropy": {"dmean": 0.362734824419, "dmean2": 0.505267441273, "dvar": 0.190873280168, "dvar2": 0.368644714355, "max": 9.79654788971, "mean": 6.31121635437, "median": 6.26588726044, "min": 3.22719240189, "var": 0.906454920769}, "spectral_flux": {"dmean": 0.028504980728, "dmean2": 0.0474521704018, "dvar": 0.00164153205696, "dvar2": 0.0039290250279, "max": 0.326785326004, "mean": 0.0651030614972, "median": 0.0456689707935, "min": 1.05398641204e-10, "var": 0.00375422788784}, "spectral_kurtosis": {"dmean": 11.5981864929, "dmean2": 18.3540363312, "dvar": 431.155822754, "dvar2": 1027.29931641, "max": 436.02935791, "mean": 22.6578826904, "median": 11.1884460449, "min": -1.28650772572, "var": 992.207397461}, "spectral_rms": {"dmean": 0.000757438188884, "dmean2": 0.0012029837817, "dvar": 1.30081889438e-06, "dvar2": 3.38098607244e-06, "max": 0.013541880995, "mean": 0.00515675358474, "median": 0.00472041452304, "min": 3.29210053315e-12, "var": 7.34909644962e-06}, "spectral_rolloff": {"dmean": 179.313171387, "dmean2": 304.242248535, "dvar": 341162.84375, "dvar2": 617050.4375, "max": 19056.8847656, "mean": 862.599365234, "median": 516.796875, "min": 43.06640625, "var": 2942842.75}, "spectral_skewness": {"dmean": 0.80782020092, "dmean2": 1.22716093063, "dvar": 1.06090116501, "dvar2": 2.34001779556, "max": 17.1986312866, "mean": 3.14577555656, "median": 2.6505408287, "min": -0.814916849136, "var": 3.70070958138}, "spectral_spread": {"dmean": 1013295.1875, "dmean2": 1459467, "dvar": 1638218203140.0, "dvar2": 3169595686910.0, "max": 39627144, "mean": 3442705.75, "median": 3028640.5, "min": 245899.515625, "var": 4530545098750.0}, "spectral_strongpeak": {"dmean": 0.512908399105, "dmean2": 0.863104462624, "dvar": 1.73480010033, "dvar2": 3.65083241463, "max": 15.3009309769, "mean": 1.14655518532, "median": 0.385406315327, "min": 0, "var": 4.42854595184}, "zerocrossingrate": {"dmean": 0.00644900836051, "dmean2": 0.0074650789611, "dvar": 0.000131867825985, "dvar2": 0.000126890125102, "max": 0.4970703125, "mean": 0.0325121693313, "median": 0.0234375, "min": 0.00146484375, "var": 0.00233675981872}, "barkbands": {"dmean": [0.00153934571426, 0.00600723177195, 0.00280041643418, 0.00130598817486, 0.00103741069324, 0.000812955549918, 0.000571695563849, 0.000515373481903, 0.000304865738144, 0.000631584087387, 0.000453215034213, 0.000859484251123, 0.00024505564943, 0.000304760556901, 4.03179255954e-05, 2.69577431027e-05, 4.93171064591e-05, 3.27253765136e-05, 3.43679057551e-05, 2.75426718872e-05, 4.38171991846e-05, 3.3799726225e-05, 1.84049822565e-05, 7.99506324256e-06, 1.73913576873e-05, 2.23253900913e-05, 1.99800842893e-06], "dmean2": [0.00241925916635, 0.00961848720908, 0.00513306260109, 0.00230015488341, 0.00186706532259, 0.00137799675576, 0.00089285383001, 0.000800236302894, 0.000423688354203, 0.00076287885895, 0.000575272773858, 0.00110031536315, 0.000313101685606, 0.000356145843398, 6.48174973321e-05, 4.38020724687e-05, 7.80410991865e-05, 5.24483548361e-05, 5.2377821703e-05, 4.17022238253e-05, 6.55631447444e-05, 5.02763359691e-05, 3.03189972328e-05, 1.23457748487e-05, 2.92776621791e-05, 3.87012478313e-05, 3.09657502839e-06], "dvar": [2.87892653432e-05, 0.000136728733196, 6.42653831164e-05, 1.41770560731e-05, 8.91255149327e-06, 6.81210804032e-06, 1.31559477268e-06, 2.5995877877e-06, 6.95919936788e-07, 2.60384263129e-06, 2.37552171711e-06, 9.42976203078e-06, 1.98193970391e-06, 2.52106974585e-06, 9.63576152202e-09, 4.76253703141e-09, 6.84728576061e-08, 2.21911840015e-08, 2.35673898175e-08, 1.12433973243e-08, 4.17875547498e-08, 2.68758260091e-08, 3.84028497891e-09, 5.31034105578e-10, 1.98088301318e-09, 4.08081568537e-09, 1.99577524646e-11], "dvar2": [8.9366134489e-05, 0.000341306178598, 0.000189478931134, 3.93016853195e-05, 2.54412043432e-05, 1.84309410542e-05, 3.01278601e-06, 5.81087124374e-06, 1.26636120967e-06, 3.04399372908e-06, 3.02177272715e-06, 1.30258704303e-05, 2.5424726573e-06, 2.89430658995e-06, 2.36021886479e-08, 1.20607026588e-08, 1.52629453964e-07, 5.99469274221e-08, 5.00467542963e-08, 2.22620499812e-08, 9.4070195189e-08, 5.3390913024e-08, 8.75107630804e-09, 1.04263631062e-09, 5.19650855679e-09, 1.1185367299e-08, 4.36477035071e-11], "max": [0.106162369251, 0.142342373729, 0.0821334645152, 0.03874694556, 0.0290576610714, 0.0470629371703, 0.0345678701997, 0.0454730205238, 0.0309513621032, 0.0737679004669, 0.0593640469015, 0.118622563779, 0.0705159753561, 0.0595576576889, 0.00202999240719, 0.00100046093576, 0.00420734845102, 0.00424473965541, 0.00260442472063, 0.0028283840511, 0.00540185254067, 0.00757673708722, 0.00271052331664, 0.000759290647693, 0.000843749439809, 0.0004638354294, 4.75662636745e-05], "mean": [0.00191283365712, 0.0144692091271, 0.00306877866387, 0.00200734450482, 0.00127110409085, 0.00140293722507, 0.00137471966445, 0.0012397384271, 0.00083700887626, 0.00185717875138, 0.00123327469919, 0.00221546692774, 0.000564849120565, 0.000776664353907, 7.87744793342e-05, 5.09467536176e-05, 5.68431532884e-05, 5.28121345269e-05, 5.4432930483e-05, 5.13326340297e-05, 7.46618461562e-05, 6.44247775199e-05, 2.51059755101e-05, 1.04642222141e-05, 1.68540191225e-05, 1.84089676623e-05, 3.58409602086e-06], "median": [9.63935090112e-05, 0.00572294462472, 0.00120073731523, 0.00111585692503, 0.000527030497324, 0.000599559920374, 0.000496627937537, 4.61430026917e-05, 6.91389141139e-05, 0.000210812708247, 2.3712789698e-05, 5.75931007916e-05, 1.26477170852e-05, 1.59158553288e-05, 6.33352556179e-06, 4.4697139856e-06, 2.31034391618e-06, 2.333548764e-06, 4.19927391704e-06, 5.39111306352e-06, 3.0838625662e-06, 6.66662913318e-07, 4.73352912422e-07, 3.94482896127e-07, 3.3493193996e-07, 1.53814099235e-07, 1.96433891375e-08], "min": [6.74795957061e-24, 4.62430357304e-23, 3.06849410973e-23, 1.28918599471e-23, 1.29532696131e-23, 1.88953249387e-23, 5.60265360086e-23, 1.32299026222e-23, 3.95484276117e-23, 1.16515008137e-22, 4.71673945401e-23, 8.07598939184e-23, 9.70167394532e-23, 1.79099508933e-22, 3.02082381321e-22, 1.48770003316e-22, 1.77591345722e-22, 2.79817722593e-22, 4.62759337545e-22, 5.05424721832e-22, 7.74363383588e-22, 5.0441659546e-22, 6.4488619171e-22, 5.93869736554e-22, 1.06796994042e-21, 1.70732198889e-21, 2.53766834443e-21], "var": [2.51494566328e-05, 0.000330216396833, 5.05418320245e-05, 1.24265607155e-05, 6.61501553623e-06, 6.79887580191e-06, 5.93989398112e-06, 1.22917017507e-05, 4.96130769534e-06, 2.22954404308e-05, 1.95866196009e-05, 6.42434533802e-05, 1.1962827557e-05, 1.48223907672e-05, 2.87398513876e-08, 1.19300960222e-08, 7.24043829337e-08, 2.9571657123e-08, 3.62730752101e-08, 2.64025814545e-08, 6.85021390723e-08, 7.46396793261e-08, 9.8868317977e-09, 9.61795976195e-10, 1.9752703917e-09, 3.12091885668e-09, 5.9552751619e-11]}, "erbbands": {"dmean": [0.289049863815, 1.08543205261, 2.8374068737, 3.99544358253, 3.33289885521, 3.51776242256, 4.61195278168, 7.37806415558, 9.19285964966, 8.11972999573, 9.24347305298, 7.64521169662, 20.6159610748, 16.0505485535, 24.5476608276, 22.3736953735, 12.3072843552, 16.2243003845, 5.35846948624, 1.97627675533, 1.44923865795, 3.01938724518, 2.0120575428, 2.25520157814, 1.13944995403, 1.23781359196, 2.09454584122, 1.20154094696, 1.15987122059, 0.907527863979, 0.426501572132, 0.254327088594, 0.141889229417, 0.192364871502, 0.11660708487, 0.118875920773, 0.0321906730533, 0.00551447411999, 0.000336373050231, 2.94261808449e-05], "dmean2": [0.45905572176, 1.77405500412, 5.07685661316, 7.18325805664, 5.91955661774, 6.34628772736, 8.34535312653, 12.3215990067, 14.7031326294, 12.8595590591, 14.3684673309, 10.3385467529, 24.4562263489, 19.5997867584, 32.0731773376, 28.5329418182, 15.7996349335, 19.0885028839, 6.53374481201, 3.0825920105, 2.33514094353, 4.7846660614, 3.20521116257, 3.44065690041, 1.74989557266, 1.86912190914, 3.28125572205, 1.69483113289, 1.69324278831, 1.45588445663, 0.687663674355, 0.417545735836, 0.222455441952, 0.322305053473, 0.197485998273, 0.209469661117, 0.0542276091874, 0.00939761288464, 0.000537364277989, 4.57772657683e-05], "dvar": [0.395596921444, 4.37970399857, 57.9437179565, 146.654464722, 97.3580551147, 98.637046814, 151.160919189, 773.304260254, 458.900726318, 523.707336426, 733.780151367, 459.17855835, 3500.04931641, 2891.97875977, 5192.1875, 4925.54589844, 4145.24072266, 6927.46191406, 664.111694336, 23.2625408173, 15.3203706741, 258.304595947, 82.7871856689, 97.7294006348, 20.1569499969, 27.4188556671, 113.627182007, 31.3937911987, 37.9685173035, 15.768157959, 2.3747177124, 0.565506875515, 0.142565369606, 0.251136988401, 0.0950914621353, 0.123790189624, 0.00771928532049, 0.000193427564227, 5.46286116787e-07, 2.87093837592e-09], "dvar2": [0.923411130905, 10.932841301, 166.402267456, 420.720123291, 269.974243164, 283.116210938, 436.60647583, 2105.93334961, 1215.49206543, 1181.68701172, 1673.68383789, 761.555725098, 3896.81030273, 3209.54956055, 7915.56640625, 7003.04248047, 5628.62060547, 8077.66162109, 725.061950684, 51.8335342407, 39.8235244751, 574.22277832, 206.153594971, 215.563247681, 41.9644355774, 51.9710502625, 279.790618896, 58.2830505371, 78.9916534424, 35.0647125244, 5.29467439651, 1.20271253586, 0.30768764019, 0.626873373985, 0.255090862513, 0.342040866613, 0.0207545980811, 0.000538724299986, 1.32221612148e-06, 6.20725826295e-09], "max": [7.10844516754, 29.93110466, 75.9602432251, 126.261642456, 101.028160095, 92.0679244995, 132.877380371, 529.946105957, 445.978485107, 830.725708008, 813.008300781, 877.604858398, 2902.27539062, 2341.66845703, 2376.40649414, 2722.41796875, 3129.36450195, 3278.59667969, 1568.44177246, 78.5311889648, 62.3097267151, 267.92791748, 257.607391357, 167.307266235, 147.170135498, 121.015930176, 309.661376953, 169.49508667, 250.420700073, 202.527816772, 73.3713531494, 24.8188056946, 9.30961322784, 15.8045415878, 6.39056539536, 2.61799645424, 0.656123161316, 0.115678548813, 0.00826520379633, 0.000695672701113], "mean": [0.530023694038, 2.7406642437, 3.87741279602, 5.85141086578, 4.48630285263, 4.19848871231, 6.21698331833, 13.4338417053, 21.2807388306, 21.2496814728, 23.3718757629, 23.1976070404, 62.863079071, 47.9526367188, 65.0830230713, 60.1849403381, 30.9780101776, 40.7000846863, 14.5808238983, 4.08039331436, 2.94240164757, 3.63138318062, 3.04731440544, 3.83299326897, 2.35817623138, 2.13284921646, 3.71613955498, 1.75494945049, 2.04579281807, 1.88469851017, 0.550913751125, 0.278926163912, 0.176162153482, 0.188282370567, 0.114696890116, 0.0931980162859, 0.0286470763385, 0.00580115430057, 0.000609735841863, 7.88834004197e-05], "median": [0.12966683507, 1.38718748093, 1.72055232525, 2.55855631828, 1.78956484795, 0.960914075375, 1.85706245899, 5.97352218628, 9.82928276062, 2.59889507294, 1.56470525265, 3.07681965828, 8.34146595001, 5.48759746552, 2.36029076576, 3.69965267181, 1.69862532616, 1.10916960239, 0.8476998806, 0.592762410641, 0.251322925091, 0.140267953277, 0.111021101475, 0.230960458517, 0.180355340242, 0.252528816462, 0.239248722792, 0.0489999093115, 0.0257701519877, 0.015909390524, 0.0135773504153, 0.00888102594763, 0.00637826183811, 0.00484280148521, 0.00147753511555, 0.000705107871909, 0.000262156972894, 6.17730693193e-05, 2.63420643023e-05, 2.91164615192e-05], "min": [2.44075472488e-21, 6.68824477539e-21, 2.38906078335e-20, 4.76594553271e-20, 5.25827083173e-20, 3.47225961161e-20, 6.75301721788e-20, 2.15704237302e-19, 4.94390549282e-19, 8.3911946543e-19, 3.74703847747e-19, 6.89790979289e-19, 2.72595571749e-18, 4.19874480108e-18, 1.64649494428e-18, 3.40834953075e-18, 3.64493621404e-18, 1.19156028983e-17, 1.45010419296e-17, 1.1930948753e-17, 7.19657968987e-18, 9.32212449858e-18, 1.60308843484e-17, 1.71746137465e-17, 2.71060767074e-17, 2.6579528271e-17, 3.04197920198e-17, 2.61774837517e-17, 1.71650019077e-17, 1.75276792473e-17, 1.81448734439e-17, 1.36456867182e-17, 1.06216525379e-17, 1.1375722792e-17, 7.95334076252e-18, 5.2961760731e-18, 3.12774608553e-18, 1.55170997224e-18, 3.50120608628e-19, 3.6195100391e-20], "var": [0.819679141045, 9.91201019287, 51.1391220093, 125.068634033, 73.6205596924, 79.9665908813, 136.420043945, 741.347351074, 977.683349609, 2708.60302734, 3758.49169922, 3731.5534668, 29259.9492188, 26038.1308594, 32914.796875, 34997.7382812, 24346.8515625, 37390.0429688, 5616.08056641, 63.4765319824, 43.471660614, 275.130859375, 112.609085083, 170.885543823, 51.9274291992, 44.1793327332, 164.425537109, 60.4198074341, 97.2333984375, 52.6908340454, 3.97239017487, 0.837584018707, 0.229788452387, 0.265000671148, 0.0915279686451, 0.089165776968, 0.00656993454322, 0.000197286644834, 1.58007912887e-06, 1.25918324656e-08]}, "gfcc": {"mean": [-127.277297974, 146.049362183, -86.7802963257, 8.71836185455, -41.6361732483, 10.6346416473, -7.33104753494, 2.98499727249, -17.8201236725, 6.0852432251, -0.859596848488, -6.34860897064, 0.504702925682], "cov": [[23991.171875, -698.271728516, 19.5912342072, 910.449645996, 368.505371094, 1504.43615723, -15.9920196533, 843.859985352, -457.764648438, 171.378311157, -910.981567383, 613.0234375, -1062.89465332], [-698.271728516, 4452.18164062, 472.043182373, -276.903930664, 955.711730957, -430.273529053, 776.237121582, -325.97543335, -26.8398456573, -398.106384277, 494.714233398, -756.272155762, 323.539672852], [19.5912342072, 472.043182373, 2018.12207031, 614.16192627, 380.287780762, 299.190093994, 84.1294250488, 169.79447937, -5.38383483887, -70.6637802124, -318.159362793, 106.452911377, -158.270812988], [910.449645996, -276.903930664, 614.16192627, 1460.71130371, 207.066665649, 194.900222778, 13.3795614243, 34.4423942566, 194.188705444, -143.778488159, -280.581878662, -66.7798995972, -45.402469635], [368.505371094, 955.711730957, 380.287780762, 207.066665649, 892.802124023, 129.109909058, 303.895080566, 67.1306610107, 7.55377912521, -63.897731781, -46.1292915344, -163.014266968, -87.2151947021], [1504.43615723, -430.273529053, 299.190093994, 194.900222778, 129.109909058, 560.059631348, 71.6380767822, 104.183128357, -49.5078277588, 59.2083129883, -140.490219116, 65.7761993408, -163.2006073], [-15.9920196533, 776.237121582, 84.1294250488, 13.3795614243, 303.895080566, 71.6380767822, 441.447692871, -3.95991206169, -59.5880813599, -35.4950904846, 117.24974823, -161.331436157, 44.0173721313], [843.859985352, -325.97543335, 169.79447937, 34.4423942566, 67.1306610107, 104.183128357, -3.95991206169, 264.510009766, 24.7333450317, 37.3713531494, -73.2645492554, 120.30821228, -63.301071167], [-457.764648438, -26.8398456573, -5.38383483887, 194.188705444, 7.55377912521, -49.5078277588, -59.5880813599, 24.7333450317, 261.365112305, -7.08249187469, -0.126539722085, -2.50007390976, 70.5016479492], [171.378311157, -398.106384277, -70.6637802124, -143.778488159, -63.897731781, 59.2083129883, -35.4950904846, 37.3713531494, -7.08249187469, 214.973709106, 9.37345504761, 101.906768799, -27.7646369934], [-910.981567383, 494.714233398, -318.159362793, -280.581878662, -46.1292915344, -140.490219116, 117.24974823, -73.2645492554, -0.126539722085, 9.37345504761, 333.505187988, -106.658882141, 151.457351685], [613.0234375, -756.272155762, 106.452911377, -66.7798995972, -163.014266968, 65.7761993408, -161.331436157, 120.30821228, -2.50007390976, 101.906768799, -106.658882141, 335.198577881, -91.0102844238], [-1062.89465332, 323.539672852, -158.270812988, -45.402469635, -87.2151947021, -163.2006073, 44.0173721313, -63.301071167, 70.5016479492, -27.7646369934, 151.457351685, -91.0102844238, 260.59475708]], "icov": [[0.000114071437565, -0.000289316230919, 0.000256030616583, -0.000214818996028, 0.000185566575965, -0.000327654881403, 0.000179244685569, -0.000463758507976, 0.000272217614111, -0.000243563350523, 0.00030891323695, -0.000332952069584, 0.000261099019554], [-0.000289316230919, 0.0017502392875, -0.00114566658158, 0.000991978216916, -0.00113783276174, 0.00138129421975, -0.00119475950487, 0.00185620284174, -0.000961407844443, 0.00160435796715, -0.00149831327144, 0.00178073812276, -0.000815323379356], [0.000256030616583, -0.00114566658158, 0.00152541464195, -0.000889062008355, 0.000517454638612, -0.00113118311856, 0.000633839983493, -0.00151434203144, 0.000904213346075, -0.000823659647722, 0.00144111469854, -0.00153498619329, 0.00052204343956], [-0.000214818996028, 0.000991978216916, -0.000889062008355, 0.00175662047695, -0.000605057750363, 0.000556889222935, -0.000834986101836, 0.00134066480678, -0.00155285943765, 0.00140163151082, 2.11182577914e-05, 0.00135619891807, -0.000697917421348], [0.000185566575965, -0.00113783276174, 0.000517454638612, -0.000605057750363, 0.00266866269521, -0.000789826503024, -0.000443508062745, -0.00166502420325, 6.53827155475e-05, -0.00101299106609, 0.00128051929642, -0.000232254038565, 0.0014964005677], [-0.000327654881403, 0.00138129421975, -0.00113118311856, 0.000556889222935, -0.000789826503024, 0.00391926756129, -0.00163363933098, 0.00119932868984, -0.00066591554787, 0.000368894718122, -0.000867109163664, 0.00152384967078, 0.000371689995518], [0.000179244685569, -0.00119475950487, 0.000633839983493, -0.000834986101836, -0.000443508062745, -0.00163363933098, 0.00516092870384, -0.00173108291347, 0.00192231230903, -0.00113094889093, -0.000639067322481, -0.000112496963993, -0.000318259437336], [-0.000463758507976, 0.00185620284174, -0.00151434203144, 0.00134066480678, -0.00166502420325, 0.00119932868984, -0.00173108291347, 0.00764952367172, -0.00218319147825, 0.00166166143026, -0.0013971227454, -7.27552978788e-05, -0.000983576057479], [0.000272217614111, -0.000961407844443, 0.000904213346075, -0.00155285943765, 6.53827155475e-05, -0.00066591554787, 0.00192231230903, -0.00218319147825, 0.00615881197155, -0.00128143641632, 0.000505732430611, -0.00110840681009, -0.00115139724221], [-0.000243563350523, 0.00160435796715, -0.000823659647722, 0.00140163151082, -0.00101299106609, 0.000368894718122, -0.00113094889093, 0.00166166143026, -0.00128143641632, 0.0076670628041, -0.00190028001089, -0.000195599044673, -0.000555003411137], [0.00030891323695, -0.00149831327144, 0.00144111469854, 2.11182577914e-05, 0.00128051929642, -0.000867109163664, -0.000639067322481, -0.0013971227454, 0.000505732430611, -0.00190028001089, 0.00762093160301, -0.000782738963608, -0.00138870440423], [-0.000332952069584, 0.00178073812276, -0.00153498619329, 0.00135619891807, -0.000232254038565, 0.00152384967078, -0.000112496963993, -7.27552978788e-05, -0.00110840681009, -0.000195599044673, -0.000782738963608, 0.00774366827682, 5.14249877597e-05], [0.000261099019554, -0.000815323379356, 0.00052204343956, -0.000697917421348, 0.0014964005677, 0.000371689995518, -0.000318259437336, -0.000983576057479, -0.00115139724221, -0.000555003411137, -0.00138870440423, 5.14249877597e-05, 0.00773591687903]]}, "melbands": {"dmean": [0.00201905798167, 0.00135379994754, 0.000661568250507, 0.000233425278566, 0.000160187424626, 0.000167014077306, 0.000135236317874, 9.91808847175e-05, 6.72245223541e-05, 5.13161394338e-05, 0.000103573598608, 6.36858821963e-05, 6.44061146886e-05, 0.000111071676656, 2.29807628784e-05, 3.08631715598e-05, 3.32372765115e-05, 1.04450255094e-05, 3.61136653737e-06, 2.13365228774e-06, 1.57632348419e-06, 2.96986604553e-06, 2.94663072964e-06, 1.19637309126e-06, 2.07902098737e-06, 8.90752403393e-07, 1.00867691799e-06, 7.75318198976e-07, 1.3972803572e-06, 9.72133989308e-07, 7.00185125879e-07, 7.41430653761e-07, 6.35105891433e-07, 4.49720090501e-07, 2.21165734615e-07, 2.72983101013e-07, 1.1747663109e-07, 9.35400024105e-08, 1.25071480284e-07, 1.7804818242e-07], "dmean2": [0.00321516487747, 0.00229377183132, 0.00118264334742, 0.000417647388531, 0.000288392795483, 0.000278880586848, 0.000215510619455, 0.000155197863933, 0.000104842969449, 6.8067383836e-05, 0.00012340239482, 7.89141631685e-05, 8.42979861773e-05, 0.000139021547511, 3.30060356646e-05, 3.84486702387e-05, 3.91058238165e-05, 1.2491544112e-05, 5.85767611483e-06, 3.35654567607e-06, 2.56981911662e-06, 4.71561588711e-06, 4.73417730973e-06, 1.90734670014e-06, 3.16739760819e-06, 1.356877533e-06, 1.57253975885e-06, 1.16501780667e-06, 2.2094434371e-06, 1.51021879446e-06, 1.01197792901e-06, 1.10393705199e-06, 9.59745648288e-07, 7.42656766306e-07, 3.52428713768e-07, 4.66926991294e-07, 1.88315681271e-07, 1.47487511981e-07, 1.98239249016e-07, 3.02531589114e-07], "dvar": [1.66659447132e-05, 9.8537411759e-06, 3.99177542931e-06, 4.87953059292e-07, 1.74603073333e-07, 3.54885372644e-07, 9.41007627375e-08, 8.60628333044e-08, 3.73261279663e-08, 2.06186463458e-08, 8.77162236179e-08, 4.14196854592e-08, 2.87839156954e-08, 1.6830344407e-07, 1.35466882156e-08, 3.69829393776e-08, 3.5823418898e-08, 3.28560467722e-09, 7.91200160943e-11, 3.3921455922e-11, 1.98477172197e-11, 2.24707863428e-10, 2.88788465364e-10, 4.55130100274e-11, 8.76560490859e-11, 1.40920938113e-11, 1.64320623081e-11, 1.17559729312e-11, 4.69829695982e-11, 2.65294990837e-11, 1.21431441291e-11, 1.64598040059e-11, 1.50944725469e-11, 2.92917686634e-12, 8.86633377394e-13, 5.78547897524e-13, 1.3804512004e-13, 7.18851654634e-14, 1.19612504038e-13, 2.16323039668e-13], "dvar2": [4.05449100072e-05, 2.64533082373e-05, 1.14033682621e-05, 1.37725703553e-06, 5.03725175349e-07, 9.66613015407e-07, 2.4436565127e-07, 1.93165504925e-07, 8.57636663909e-08, 3.34538299285e-08, 9.8680601468e-08, 4.72961545483e-08, 4.50043984301e-08, 2.18793417162e-07, 2.90329840169e-08, 4.59911255746e-08, 4.16412504478e-08, 3.5061014092e-09, 2.03419586731e-10, 7.79973932663e-11, 5.42387836033e-11, 4.91431673133e-10, 7.10949465965e-10, 1.31809479997e-10, 1.94648241969e-10, 2.9190601325e-11, 3.82759310358e-11, 2.27812161496e-11, 1.14575036958e-10, 6.44780617787e-11, 2.26430887929e-11, 3.75139051767e-11, 3.48805845318e-11, 6.66400355037e-12, 2.07790078546e-12, 1.41174138352e-12, 2.73290369284e-13, 1.64407780467e-13, 2.56585253261e-13, 5.63450382272e-13], "max": [0.0492142103612, 0.0307630337775, 0.0197404511273, 0.00605247216299, 0.00475319894031, 0.0109331253916, 0.00603016838431, 0.0104625886306, 0.00581177556887, 0.00598966004327, 0.0143757304177, 0.00864245556295, 0.0039794947952, 0.0166737195104, 0.0073731187731, 0.00974810961634, 0.00753103476018, 0.00371948303655, 0.000216283267946, 9.26012435229e-05, 7.53768763389e-05, 0.000264290720224, 0.000559294596314, 0.000271961122053, 0.000162127995281, 8.44033929752e-05, 0.000140369767905, 7.96993845142e-05, 0.000211880513234, 0.0001199582548, 0.000119146177894, 0.000150731473695, 0.000203229705221, 8.17208783701e-05, 4.98264016642e-05, 1.97790104721e-05, 1.33130733957e-05, 7.15129954187e-06, 1.30535072458e-05, 1.15666189231e-05], "mean": [0.00438880734146, 0.00265733059496, 0.000988828367554, 0.00027950599906, 0.000221887516091, 0.000312235817546, 0.000318057864206, 0.000262068700977, 0.000165483244928, 0.000150230625877, 0.000311420066282, 0.000184202144737, 0.000174458677066, 0.000291315838695, 5.38004242117e-05, 7.29334569769e-05, 8.18822372821e-05, 2.76429982478e-05, 6.94110303812e-06, 3.59427440344e-06, 3.08505946123e-06, 3.60954027201e-06, 3.39989105669e-06, 2.14242754737e-06, 3.38384893439e-06, 1.39640610541e-06, 2.16254397856e-06, 1.02429021354e-06, 2.85333862848e-06, 1.16872763556e-06, 9.53738435783e-07, 1.28221006435e-06, 1.10883979687e-06, 9.41727080317e-07, 2.964743544e-07, 2.46498728984e-07, 1.39212716022e-07, 1.13228409759e-07, 1.44174777006e-07, 1.63379183959e-07], "median": [0.00148630933836, 0.00153022236191, 0.000519173743669, 0.000125330872834, 6.71607995173e-05, 0.000154391396791, 0.00014279174502, 1.42784883792e-05, 8.88602244231e-06, 1.25467568068e-05, 2.98609247693e-05, 1.20161739687e-05, 2.98101303997e-06, 7.77214609116e-06, 4.10623079006e-06, 1.10585472157e-06, 1.61653201758e-06, 1.08221126993e-06, 5.4565884966e-07, 5.39689722245e-07, 1.62577393326e-07, 1.36130694273e-07, 7.75906485728e-08, 1.12506867822e-07, 1.85996668733e-07, 1.33207137765e-07, 1.07489270817e-07, 1.67400173723e-07, 1.7779046857e-07, 4.47944401571e-08, 1.77650552047e-08, 1.50827865752e-08, 9.78452607825e-09, 7.83448328434e-09, 8.11232592213e-09, 6.99853108799e-09, 4.0492924569e-09, 3.48300166486e-09, 5.56624346615e-09, 3.46480000246e-09], "min": [1.69743366162e-23, 1.10355732072e-23, 8.68092990136e-24, 3.41528769775e-24, 2.33827404765e-24, 4.77820228927e-24, 8.3082262558e-24, 7.54844591899e-24, 3.01180940498e-24, 5.20987328749e-24, 1.31704540644e-23, 1.69103489527e-23, 5.25337896641e-24, 8.98918992185e-24, 6.83051307548e-24, 1.07389630846e-23, 2.34566291332e-23, 1.91841221829e-23, 2.05063698115e-23, 1.23820073111e-23, 7.66326935691e-24, 7.60036953263e-24, 1.61524555712e-23, 1.19718974592e-23, 1.4043986566e-23, 1.62178947387e-23, 2.21192132871e-23, 1.66489236042e-23, 1.68973453696e-23, 1.94228772467e-23, 1.46551013321e-23, 9.31659322993e-24, 9.84445792693e-24, 9.20799390455e-24, 9.22556183691e-24, 1.14563618693e-23, 7.58144239294e-24, 8.21685644146e-24, 6.92890611847e-24, 1.04788701221e-23], "var": [3.80199780921e-05, 1.26873483168e-05, 3.29827207679e-06, 3.4255165815e-07, 1.66227934528e-07, 3.47596056827e-07, 2.35013686734e-07, 4.44117489451e-07, 1.91645554537e-07, 1.66477221342e-07, 7.34110926714e-07, 3.69234498976e-07, 1.93616131128e-07, 1.20641914236e-06, 5.88405875135e-08, 2.26150646654e-07, 1.92116047515e-07, 2.88479977684e-08, 2.56718396541e-10, 5.57824758607e-11, 5.6497362344e-11, 2.55277077255e-10, 2.69076066983e-10, 5.38751682155e-11, 1.47235112991e-10, 2.24456200154e-11, 5.75927604218e-11, 1.56236083099e-11, 8.87298706731e-11, 3.02250793838e-11, 2.21259295607e-11, 4.01534881733e-11, 3.15191310551e-11, 1.28719014614e-11, 1.43746668214e-12, 6.34093417964e-13, 2.30114159065e-13, 1.03799076539e-13, 1.74359401158e-13, 2.00656697746e-13]}, "mfcc": {"mean": [-781.057128906, 170.963821411, 22.9369735718, 19.0846748352, 1.15763604641, 12.850479126, 19.47382164, 2.24000382423, 3.21415805817, 8.07479953766, -1.44738137722, 0.492846876383, 6.87738227844], "cov": [[14932.2675781, 468.623962402, -813.976928711, -71.2924041748, 69.4224472046, 221.168334961, -55.1671218872, 621.44152832, 266.430999756, -202.561004639, 535.679626465, 266.780609131, 22.4680633545], [468.623962402, 3575.7980957, 436.720001221, 230.092285156, 355.502075195, 66.518913269, 680.095458984, 40.2478485107, -41.2465896606, 192.712600708, -115.233047485, 8.7715139389, -28.6026802063], [-813.976928711, 436.720001221, 1456.54138184, 524.059875488, 272.095611572, 296.664093018, 67.1752700806, 214.385360718, 200.286209106, -17.3105316162, -12.6835069656, -24.8225326538, -136.910171509], [-71.2924041748, 230.092285156, 524.059875488, 936.784973145, 367.980529785, 200.809768677, 46.3768119812, 139.191375732, 208.733901978, 60.7665176392, -25.0666275024, -16.3659801483, -108.904281616], [69.4224472046, 355.502075195, 272.095611572, 367.980529785, 490.856323242, 188.961425781, 56.9456825256, 139.883331299, 134.354415894, 83.6965866089, 34.5819091797, -19.1118717194, -67.2516937256], [221.168334961, 66.518913269, 296.664093018, 200.809768677, 188.961425781, 405.813537598, 164.665725708, 88.472442627, 81.5147628784, 56.4236831665, 63.6124229431, -40.8006896973, -51.4819412231], [-55.1671218872, 680.095458984, 67.1752700806, 46.3768119812, 56.9456825256, 164.665725708, 490.313323975, 52.4094810486, -51.1982192993, 110.878883362, -27.9573917389, -19.3417663574, 30.0645236969], [621.44152832, 40.2478485107, 214.385360718, 139.191375732, 139.883331299, 88.472442627, 52.4094810486, 260.852264404, 115.347770691, -26.9101219177, 62.1920700073, 13.7261800766, -34.1608772278], [266.430999756, -41.2465896606, 200.286209106, 208.733901978, 134.354415894, 81.5147628784, -51.1982192993, 115.347770691, 230.774017334, 31.003118515, 29.2193546295, 21.5797557831, -34.8360443115], [-202.561004639, 192.712600708, -17.3105316162, 60.7665176392, 83.6965866089, 56.4236831665, 110.878883362, -26.9101219177, 31.003118515, 213.682922363, -0.381366252899, -51.9223175049, 11.0576143265], [535.679626465, -115.233047485, -12.6835069656, -25.0666275024, 34.5819091797, 63.6124229431, -27.9573917389, 62.1920700073, 29.2193546295, -0.381366252899, 183.087539673, 49.6215629578, -5.60821723938], [266.780609131, 8.7715139389, -24.8225326538, -16.3659801483, -19.1118717194, -40.8006896973, -19.3417663574, 13.7261800766, 21.5797557831, -51.9223175049, 49.6215629578, 159.086593628, 78.8985290527], [22.4680633545, -28.6026802063, -136.910171509, -108.904281616, -67.2516937256, -51.4819412231, 30.0645236969, -34.1608772278, -34.8360443115, 11.0576143265, -5.60821723938, 78.8985290527, 188.13999939]], "icov": [[9.86758677755e-05, -6.58708886476e-05, 0.000134955058456, -2.83345489152e-05, 0.0001174058998, -0.00015184613585, 0.000128913292428, -0.000296790065477, -3.89978122257e-05, 5.46438568563e-05, -0.000153127402882, -5.29768876731e-05, -6.84501719661e-06], [-6.58708886476e-05, 0.000540577573702, -0.000267400871962, 0.000106889187009, -0.000560065614991, 0.000603142019827, -0.000920234480873, 0.000508317200001, 1.29062182168e-05, -7.34704372007e-05, 0.000182285424671, -0.000236261854297, 0.000272745295661], [0.000134955058456, -0.000267400871962, 0.0012956870487, -0.000395263865357, 0.000386934640119, -0.000979350530542, 0.000546537572518, -0.00100758706685, -0.000225397525355, 0.000245362432906, 0.000272648147075, -0.000226722753723, 0.000304401095491], [-2.83345489152e-05, 0.000106889187009, -0.000395263865357, 0.00194772006944, -0.00107668526471, -3.28263740812e-05, -0.000242164998781, 0.000258411018876, -0.000845898059197, -0.000150458930875, 0.000768703117501, -0.000498415669426, 0.000635345466435], [0.0001174058998, -0.000560065614991, 0.000386934640119, -0.00107668526471, 0.0043486864306, -0.00168964685872, 0.00143369683065, -0.00212505180389, 0.000131477689138, -0.00145168835297, -1.14590875455e-05, -0.000416581635363, 0.000320353690768], [-0.00015184613585, 0.000603142019827, -0.000979350530542, -3.28263740812e-05, -0.00168964685872, 0.0054391445592, -0.00294197001494, 0.00186912820209, -0.0014137319522, 0.000923972518649, -0.00222177384421, 0.00199805153534, -0.000148176870425], [0.000128913292428, -0.000920234480873, 0.000546537572518, -0.000242164998781, 0.00143369683065, -0.00294197001494, 0.00532992184162, -0.00307598873042, 0.00254492741078, -0.00251244404353, 0.00156364578288, -0.00121609133203, -0.000425054517109], [-0.000296790065477, 0.000508317200001, -0.00100758706685, 0.000258411018876, -0.00212505180389, 0.00186912820209, -0.00307598873042, 0.00867903325707, -0.00373027450405, 0.00316626252607, -0.00245237024501, 0.00195328006521, -0.000420689175371], [-3.89978122257e-05, 1.29062182168e-05, -0.000225397525355, -0.000845898059197, 0.000131477689138, -0.0014137319522, 0.00254492741078, -0.00373027450405, 0.00892255175859, -0.00341448746622, 0.00157395552378, -0.00316128786653, 0.00115453242324], [5.46438568563e-05, -7.34704372007e-05, 0.000245362432906, -0.000150458930875, -0.00145168835297, 0.000923972518649, -0.00251244404353, 0.00316626252607, -0.00341448746622, 0.0086338352412, -0.00248836097308, 0.00465834885836, -0.00238330010325], [-0.000153127402882, 0.000182285424671, 0.000272648147075, 0.000768703117501, -1.14590875455e-05, -0.00222177384421, 0.00156364578288, -0.00245237024501, 0.00157395552378, -0.00248836097308, 0.00906704552472, -0.00467113545164, 0.0020490156021], [-5.29768876731e-05, -0.000236261854297, -0.000226722753723, -0.000498415669426, -0.000416581635363, 0.00199805153534, -0.00121609133203, 0.00195328006521, -0.00316128786653, 0.00465834885836, -0.00467113545164, 0.0127755254507, -0.00589219108224], [-6.84501719661e-06, 0.000272745295661, 0.000304401095491, 0.000635345466435, 0.000320353690768, -0.000148176870425, -0.000425054517109, -0.000420689175371, 0.00115453242324, -0.00238330010325, 0.0020490156021, -0.00589219108224, 0.00889813899994]]}, "spectral_contrast_coeffs": {"dmean": [0.0402005575597, 0.0564763247967, 0.046169936657, 0.0354762636125, 0.0277428645641, 0.0281357225031], "dmean2": [0.0677582994103, 0.087379552424, 0.0690963715315, 0.0540334805846, 0.0426217392087, 0.0435410253704], "dvar": [0.00163487961981, 0.0031069049146, 0.00192600605078, 0.00114554632455, 0.000782765157055, 0.000877924554516], "dvar2": [0.00460416683927, 0.0065586050041, 0.00397830829024, 0.00232599489391, 0.00167812267318, 0.00197775801644], "max": [-0.369828820229, -0.280096083879, -0.367048323154, -0.398769795895, -0.587116241455, -0.459814459085], "mean": [-0.664565503597, -0.629830539227, -0.669975459576, -0.750177919865, -0.79269194603, -0.79779535532], "median": [-0.655633211136, -0.637145698071, -0.672922372818, -0.764659881592, -0.795140206814, -0.807344317436], "min": [-0.98791539669, -0.960989296436, -0.968330323696, -0.960715889931, -0.960746884346, -0.962358891964], "var": [0.00994930416346, 0.017240235582, 0.0139435874298, 0.00828948803246, 0.0032173297368, 0.00360209518112]}, "spectral_contrast_valleys": {"dmean": [0.387970596552, 0.602988421917, 0.479125827551, 0.458735615015, 0.480954110622, 0.765204191208], "dmean2": [0.622479021549, 0.918634653091, 0.734886288643, 0.677696406841, 0.653189659119, 1.02856135368], "dvar": [0.218418926001, 0.457589924335, 0.288377612829, 0.287844061852, 0.334047496319, 0.633225917816], "dvar2": [0.448296397924, 0.936824560165, 0.617596626282, 0.