{"lowlevel": {"average_loudness": 0.914691090584, "barkbands_crest": {"dmean": 2.30185675621, "dmean2": 3.78145027161, "dvar": 6.13983440399, "dvar2": 16.5223426819, "max": 24.565946579, "mean": 9.4788684845, "median": 8.75810241699, "min": 2.64166641235, "var": 12.6132030487}, "barkbands_flatness_db": {"dmean": 0.0247466750443, "dmean2": 0.035858489573, "dvar": 0.000715773901902, "dvar2": 0.00145066820551, "max": 0.53695499897, "mean": 0.13563759625, "median": 0.12543861568, "min": 0.0185728576034, "var": 0.00372398667969}, "barkbands_kurtosis": {"dmean": 3.48719334602, "dmean2": 5.24007797241, "dvar": 23.2560863495, "dvar2": 49.1828460693, "max": 96.9489517212, "mean": 6.78647518158, "median": 4.20978450775, "min": -1.86498558521, "var": 79.3675537109}, "barkbands_skewness": {"dmean": 0.582930147648, "dmean2": 0.875155627728, "dvar": 0.376570492983, "dvar2": 0.824063181877, "max": 8.21146869659, "mean": 2.10257458687, "median": 2.0417098999, "min": -3.63796162605, "var": 1.42256987095}, "barkbands_spread": {"dmean": 9.19528675079, "dmean2": 13.4502878189, "dvar": 111.97832489, "dvar2": 240.443786621, "max": 89.3549118042, "mean": 27.7519035339, "median": 23.6670207977, "min": 0.962440252304, "var": 335.365722656}, "dissonance": {"dmean": 0.0211766064167, "dmean2": 0.0332559868693, "dvar": 0.000412831723224, "dvar2": 0.000957346172072, "max": 0.499411344528, "mean": 0.444651514292, "median": 0.451537460089, "min": 0.174689739943, "var": 0.00149510137271}, "dynamic_complexity": 3.13496947289, "erbbands_crest": {"dmean": 2.6221985817, "dmean2": 3.8784725666, "dvar": 9.54626083374, "dvar2": 18.1506938934, "max": 34.5443954468, "mean": 10.6735897064, "median": 8.85486221313, "min": 2.35448527336, "var": 37.2057914734}, "erbbands_flatness_db": {"dmean": 0.0197747908533, "dmean2": 0.0275158658624, "dvar": 0.00053047464462, "dvar2": 0.000999367097393, "max": 0.521061122417, "mean": 0.122555211186, "median": 0.110367387533, "min": 0.0474640466273, "var": 0.00263262516819}, "erbbands_kurtosis": {"dmean": 1.37753903866, "dmean2": 2.05868601799, "dvar": 8.66469192505, "dvar2": 17.579782486, "max": 121.692947388, "mean": 0.9083583951, "median": -0.349275350571, "min": -1.83642172813, "var": 18.0296669006}, "erbbands_skewness": {"dmean": 0.452483981848, "dmean2": 0.64213937521, "dvar": 0.280213624239, "dvar2": 0.592288851738, "max": 5.3981461525, "mean": 0.580050647259, "median": 0.547540128231, "min": -10.287276268, "var": 1.01022660732}, "erbbands_spread": {"dmean": 13.2135868073, "dmean2": 18.8330440521, "dvar": 189.642410278, "dvar2": 357.289154053, "max": 150.12902832, "mean": 56.5287132263, "median": 54.1577529907, "min": 1.85782527924, "var": 709.988952637}, "hfc": {"dmean": 11.4998426437, "dmean2": 15.3869819641, "dvar": 286.006500244, "dvar2": 517.007446289, "max": 242.284362793, "mean": 23.417547226, "median": 13.2333040237, "min": 1.17528309591e-16, "var": 748.095581055}, "melbands_crest": {"dmean": 2.96074056625, "dmean2": 4.85796260834, "dvar": 10.0621194839, "dvar2": 27.1083183289, "max": 33.0266952515, "mean": 14.0614557266, "median": 13.2542448044, "min": 2.14014005661, "var": 21.2404251099}, "melbands_flatness_db": {"dmean": 0.030409803614, "dmean2": 0.0441982671618, "dvar": 0.00110446789768, "dvar2": 0.0023471696768, "max": 0.649034202099, "mean": 0.20947830379, "median": 0.203947246075, "min": 0.00472323037684, "var": 0.00513871293515}, "melbands_kurtosis": {"dmean": 8.98992347717, "dmean2": 13.9437084198, "dvar": 152.669464111, "dvar2": 346.376678467, "max": 232.528625488, "mean": 22.235490799, "median": 16.5683841705, "min": -1.95916986465, "var": 436.938842773}, "melbands_skewness": {"dmean": 0.80899065733, "dmean2": 1.2195186615, "dvar": 0.76609057188, "dvar2": 1.66834950447, "max": 13.1404008865, "mean": 3.5234670639, "median": 3.31853985786, "min": -1.53095543385, "var": 2.76280140877}, "melbands_spread": {"dmean": 8.12652206421, "dmean2": 12.4821577072, "dvar": 141.732147217, "dvar2": 325.04901123, "max": 136.62197876, "mean": 20.8494548798, "median": 15.1216878891, "min": 0.781710088253, "var": 323.980438232}, "pitch_salience": {"dmean": 0.0650019943714, "dmean2": 0.106561623514, "dvar": 0.00456489203498, "dvar2": 0.0122888721526, "max": 0.848839521408, "mean": 0.552143156528, "median": 0.561545550823, "min": 0.0690296813846, "var": 0.0114997541532}, "silence_rate_20dB": {"dmean": 0, "dmean2": 0, "dvar": 0, "dvar2": 0, "max": 1, "mean": 1, "median": 1, "min": 1, "var": 0}, "silence_rate_30dB": {"dmean": 0.00422059651464, "dmean2": 0.00844238046557, "dvar": 0.00420269742608, "dvar2": 0.0117478687316, "max": 1, "mean": 0.99746799469, "median": 1, "min": 0, "var": 0.00252557732165}, "silence_rate_60dB": {"dmean": 0.0188519973308, "dmean2": 0.037709299475, "dvar": 0.0184980351478, "dvar2": 0.0419166721404, "max": 1, "mean": 0.0544380359352, "median": 0, "min": 0, "var": 0.0514712817967}, "spectral_centroid": {"dmean": 327.461639404, "dmean2": 495.682006836, "dvar": 170132.203125, "dvar2": 383782.4375, "max": 10838.8017578, "mean": 1150.28356934, "median": 998.61895752, "min": 185.52784729, "var": 438748.09375}, "spectral_complexity": {"dmean": 4.02110290527, "dmean2": 5.72534132004, "dvar": 36.4445953369, "dvar2": 63.2963027954, "max": 60, "mean": 12.9092702866, "median": 10, "min": 0, "var": 80.9814529419}, "spectral_decrease": {"dmean": 2.45206277505e-09, "dmean2": 3.83900244927e-09, "dvar": 1.79228829829e-17, "dvar2": 4.4259033211e-17, "max": -2.59917757597e-29, "mean": -5.44972289518e-09, "median": -3.82554921075e-09, "min": -4.06545019871e-08, "var": 2.75285691314e-17}, "spectral_energy": {"dmean": 0.010043239221, "dmean2": 0.0154093857855, "dvar": 0.000285238056676, "dvar2": 0.000692615518346, "max": 0.160061001778, "mean": 0.0226925257593, "median": 0.0160614028573, "min": 1.07582650026e-20, "var": 0.000464832002763}, "spectral_energyband_high": {"dmean": 0.00101326755248, "dmean2": 0.00134351849556, "dvar": 2.36300911638e-06, "dvar2": 3.96746736442e-06, "max": 0.0324850343168, "mean": 0.00174004002474, "median": 0.000713908462785, "min": 7.6374094867e-21, "var": 6.29904843663e-06}, "spectral_energyband_low": {"dmean": 0.00454585859552, "dmean2": 0.00746377417818, "dvar": 0.000111379245936, "dvar2": 0.000278796505881, "max": 0.118903487921, "mean": 0.00812216289341, "median": 0.0043489257805, "min": 1.00332403879e-22, "var": 0.000144103818457}, "spectral_energyband_middle_high": {"dmean": 0.00147762009874, "dmean2": 0.00214425777085, "dvar": 1.47862738231e-05, "dvar2": 3.25296605297e-05, "max": 0.0773059129715, "mean": 0.00275621609762, "median": 0.00111997057684, "min": 1.61165489578e-21, "var": 2.6668783903e-05}, "spectral_energyband_middle_low": {"dmean": 0.00581835908815, "dmean2": 0.00924430321902, "dvar": 0.000138728515594, "dvar2": 0.00036948142224, "max": 0.116699688137, "mean": 0.0121302455664, "median": 0.00866240542382, "min": 2.9263611908e-22, "var": 0.000149356375914}, "spectral_entropy": {"dmean": 0.25829872489, "dmean2": 0.354045629501, "dvar": 0.0839141011238, "dvar2": 0.16509835422, "max": 9.8032541275, "mean": 7.55104207993, "median": 7.66905117035, "min": 4.36713266373, "var": 0.374956935644}, "spectral_flux": {"dmean": 0.0298717077821, "dmean2": 0.0442348606884, "dvar": 0.00160169834271, "dvar2": 0.00338224018924, "max": 0.315681397915, "mean": 0.0685496330261, "median": 0.0507524907589, "min": 1.0372205872e-10, "var": 0.00318597792648}, "spectral_kurtosis": {"dmean": 1.35284686089, "dmean2": 2.08081459999, "dvar": 12.9691505432, "dvar2": 26.2719039917, "max": 271.590667725, "mean": 3.76411771774, "median": 2.40721654892, "min": -1.17439508438, "var": 83.2002639771}, "spectral_rms": {"dmean": 0.00089891673997, "dmean2": 0.0013156948844, "dvar": 1.54893984927e-06, "dvar2": 3.51193125425e-06, "max": 0.0124962823465, "mean": 0.00427021179348, "median": 0.00395849207416, "min": 3.23973270086e-12, "var": 3.90432433051e-06}, "spectral_rolloff": {"dmean": 917.927429199, "dmean2": 1544.09790039, "dvar": 2431531.25, "dvar2": 5203504, "max": 19207.6171875, "mean": 1717.59057617, "median": 753.662109375, "min": 129.19921875, "var": 4216237.5}, "spectral_skewness": {"dmean": 0.224773690104, "dmean2": 0.327463954687, "dvar": 0.0784981325269, "dvar2": 0.163505375385, "max": 14.3479804993, "mean": 1.49610483646, "median": 1.3776692152, "min": -0.41774597764, "var": 0.467407763004}, "spectral_spread": {"dmean": 814854.25, "dmean2": 1170086.375, "dvar": 778474029056, "dvar2": 1471881674750.0, "max": 39974272, "mean": 6848868.5, "median": 7088630, "min": 335153.65625, "var": 4066702786560.0}, "spectral_strongpeak": {"dmean": 0.533756792545, "dmean2": 0.888558387756, "dvar": 3.01803469658, "dvar2": 7.09142160416, "max": 45.3037567139, "mean": 0.876148402691, "median": 0.481585353613, "min": 0, "var": 3.56935477257}, "zerocrossingrate": {"dmean": 0.0177697837353, "dmean2": 0.0198430977762, "dvar": 0.000299973471556, "dvar2": 0.000362376653356, "max": 0.50634765625, "mean": 0.0832772627473, "median": 0.0771484375, "min": 0.00634765625, "var": 0.00219355011359}, "barkbands": {"dmean": [1.27063149193e-05, 0.00120635633357, 0.00330139836296, 0.0016408925876, 0.00369920907542, 0.000521287263837, 0.000949620036408, 0.0004015036684, 0.000189373167814, 0.000291731092148, 0.000121346500237, 0.000120756572869, 7.12992914487e-05, 7.32714761398e-05, 0.000179747919901, 0.000262115965597, 0.000449385726824, 0.000195423417608, 0.000122804223793, 0.000144758218084, 0.000143088094774, 0.000260498287389, 0.00019888067618, 0.000181651572348, 0.000125887469039, 0.000104364204162, 5.84117551625e-05], "dmean2": [2.07928205782e-05, 0.00189415225759, 0.00578822381794, 0.00273586018011, 0.00624798424542, 0.000853021221701, 0.00138620834332, 0.000580139283556, 0.000288243754767, 0.000416946044425, 0.000208956495044, 0.00017768923135, 0.000113027213956, 0.000114112182928, 0.000277259357972, 0.000414170237491, 0.000657881842926, 0.000305068417219, 0.00020571546338, 0.000222468966967, 0.000207061995752, 0.000373927759938, 0.000282205583062, 0.000248445285251, 0.000179160706466, 0.000146111371578, 8.4894032625e-05], "dvar": [1.40730305187e-09, 7.82329698268e-06, 7.32788539608e-05, 8.0308127508e-06, 9.00823142729e-05, 1.02338231045e-06, 7.27821088731e-06, 7.85001759596e-07, 3.96691802962e-07, 9.62677859206e-07, 1.75083684439e-07, 1.41059103953e-07, 2.63830894909e-08, 2.81020167137e-08, 1.98519956029e-06, 2.42069631895e-06, 8.37404513732e-06, 9.04135163182e-07, 8.86234019504e-08, 5.96260960606e-08, 8.77169128444e-08, 2.27227275218e-07, 2.23272408562e-07, 2.00261183636e-07, 3.47245823207e-08, 2.83291861081e-08, 7.41178851627e-09], "dvar2": [3.68968944287e-09, 1.93434898392e-05, 0.000205295538763, 2.12722552533e-05, 0.000246375246206, 2.79109008261e-06, 1.75863533514e-05, 1.60019510531e-06, 7.77545324127e-07, 2.04508341994e-06, 4.57006052557e-07, 3.15732449963e-07, 6.41941824142e-08, 6.85845975568e-08, 3.98995643991e-06, 5.94221910433e-06, 1.80765509867e-05, 1.84829173122e-06, 2.40874754809e-07, 1.34591445544e-07, 1.98942842644e-07, 4.32341209944e-07, 3.85321044405e-07, 3.30708559204e-07, 6.87206451744e-08, 5.78233141368e-08, 1.65641864669e-08], "max": [0.000732324144337, 0.0334293656051, 0.0903803780675, 0.0351988039911, 0.091022066772, 0.0161037538201, 0.0464970804751, 0.0146799087524, 0.0268298462033, 0.0291635021567, 0.0157312564552, 0.0113826729357, 0.00394703727216, 0.00220921682194, 0.0549775436521, 0.0528512895107, 0.0759289860725, 0.0313119255006, 0.00442126858979, 0.0098815811798, 0.0112957190722, 0.0113187991083, 0.0257339887321, 0.0178695004433, 0.00352567457594, 0.00157250813209, 0.00106690695975], "mean": [2.02137071028e-05, 0.0024616245646, 0.00363479764201, 0.00306607200764, 0.00468407804146, 0.00117195805069, 0.00152222416364, 0.00116354227066, 0.000431169028161, 0.000709252781235, 0.000133778215968, 0.000208605226362, 9.72809430095e-05, 0.000101348108728, 0.000253500795225, 0.000351060007233, 0.000502075825352, 0.000228911711019, 0.000131984153995, 0.000205712975003, 0.000235731815337, 0.000377879128791, 0.00028872731491, 0.000261751032667, 0.000204035866773, 0.000150551306433, 9.47035296122e-05], "median": [9.95754248834e-07, 0.0012182748178, 0.00147778459359, 0.00181380962022, 0.00238926149905, 0.00077914155554, 0.000535834929906, 0.000390888133552, 7.71620107116e-05, 0.000151794083649, 2.47682182817e-05, 5.52310521016e-05, 4.25105718023e-05, 3.59022596967e-05, 5.33865531906e-05, 3.79040902772e-05, 6.73784670653e-05, 4.02703553846e-05, 3.65026717191e-05, 7.20229363651e-05, 8.66601112648e-05, 0.000132409390062, 8.18463668111e-05, 7.83964060247e-05, 9.55673676799e-05, 5.11548896611e-05, 4.22996745328e-05], "min": [1.22711920755e-22, 1.71540422859e-23, 3.04070096232e-23, 2.9474617054e-23, 4.05557872104e-23, 6.51447898854e-23, 2.62308856983e-23, 6.04426740193e-23, 5.89726664323e-23, 3.98191015655e-23, 1.57231060329e-22, 8.40113198233e-23, 5.89125362987e-23, 2.13916837929e-22, 2.32512977903e-22, 1.70517888731e-22, 1.43379798793e-22, 2.52535075471e-22, 1.38230543944e-22, 2.64963762049e-22, 3.69570428883e-22, 4.84938976e-22, 7.99751729552e-22, 6.71416353881e-22, 1.30435356217e-21, 1.90282782303e-21, 2.27240731435e-21], "var": [2.29579488753e-09, 1.22027631733e-05, 5.9710448113e-05, 1.39707690323e-05, 6.98233779985e-05, 1.48126969179e-06, 9.77570380201e-06, 3.74874412046e-06, 1.58456259669e-06, 2.93506991511e-06, 2.44590893317e-07, 2.54695521562e-07, 3.19474331434e-08, 3.29975193836e-08, 3.47983745996e-06, 3.42611269843e-06, 1.00599227153e-05, 1.3717406091e-06, 7.54434736905e-08, 1.53205590436e-07, 1.98714928956e-07, 4.52981566923e-07, 4.6939345566e-07, 4.54884826695e-07, 7.62576206625e-08, 4.96991638954e-08, 1.55872452723e-08]}, "erbbands": {"dmean": [0.0163493379951, 0.362511128187, 3.03320145607, 5.06020212173, 9.96073627472, 12.5394392014, 5.41960382462, 4.13576412201, 12.5970916748, 8.55517864227, 10.0438022614, 4.30476808548, 5.57419967651, 10.1502866745, 4.62384319305, 5.42934894562, 3.31761026382, 3.5318608284, 5.65727567673, 11.8147706985, 23.4471244812, 18.3369789124, 12.1580848694, 7.08831167221, 5.0918211937, 7.26322937012, 6.40496635437, 6.1961479187, 9.12365722656, 7.26129484177, 5.41977310181, 4.28383159637, 3.0957326889, 1.47758114338, 0.952147066593, 0.483907073736, 0.193141356111, 0.0465838722885, 0.00893195066601, 0.000761381641496], "dmean2": [0.0251503884792, 0.575965642929, 5.37493896484, 8.30509662628, 16.6324634552, 21.5589389801, 8.9083147049, 6.79830646515, 17.7088527679, 13.3306617737, 14.2270212173, 6.27189779282, 8.56095314026, 14.484003067, 7.55627155304, 7.87465381622, 5.19110774994, 5.39342546463, 8.87960720062, 17.7342071533, 34.4403915405, 26.462310791, 18.13215065, 11.9076490402, 8.15958499908, 11.0459699631, 9.74691867828, 9.09771442413, 13.3938236237, 10.2385749817, 7.61332893372, 6.06231689453, 4.10618638992, 2.07159376144, 1.36892747879, 0.680448591709, 0.276632159948, 0.0653695389628, 0.0127452155575, 0.00118462590035], "dvar": [0.00144681206439, 0.74041813612, 67.7118453979, 82.8989639282, 545.786804199, 1238.64331055, 92.5069961548, 72.7150497437, 1170.86694336, 444.007904053, 524.148681641, 251.827972412, 160.884185791, 1326.74511719, 182.28678894, 332.772155762, 55.0092468262, 52.1060638428, 506.915893555, 9284.78125, 17003.5625, 10265.8837891, 3946.64208984, 300.569946289, 103.426094055, 173.219512939, 194.147506714, 141.041931152, 269.058837891, 238.179397583, 103.157402039, 125.155975342, 100.437652588, 5.98094177246, 1.9682328701, 0.645087838173, 0.0957052409649, 0.00471823802218, 0.000193880361621, 2.17069600694e-06], "dvar2": [0.0033621287439, 1.86470532417, 193.388137817, 204.466705322, 1473.54772949, 3423.21166992, 251.466964722, 196.485122681, 2645.57250977, 1146.3449707, 1020.31262207, 472.203857422, 362.341064453, 2793.30566406, 457.924865723, 745.393432617, 131.65536499, 119.88319397, 1227.4699707, 17081.0097656, 38892.5078125, 21463.4960938, 8058.90966797, 815.79296875, 264.529998779, 366.084381104, 473.87121582, 291.330535889, 557.302490234, 490.132232666, 188.721054077, 220.13343811, 139.258056641, 11.6184692383, 3.98062753677, 1.27727949619, 0.205039128661, 0.00937226321548, 0.000397307740059, 5.70149904888e-06], "max": [0.519596099854, 10.7590379715, 83.1693878174, 119.362869263, 279.93447876, 364.160552979, 160.802642822, 93.6715164185, 619.674316406, 305.36706543, 404.685699463, 744.385498047, 270.240203857, 1087.75671387, 484.237609863, 573.565185547, 199.94190979, 117.821228027, 835.799621582, 3677.87792969, 3607.8137207, 2808.6887207, 1796.95202637, 256.219085693, 170.53314209, 686.540222168, 517.883911133, 490.103546143, 465.076965332, 301.050933838, 408.954742432, 499.144714355, 553.673339844, 74.3714523315, 15.1404037476, 7.8214673996, 2.91885495186, 0.841275632381, 0.175638124347, 0.0252404455096], "mean": [0.0420477874577, 0.687618911266, 3.5154941082, 8.93018054962, 13.8884925842, 14.6503429413, 10.3813638687, 9.00809860229, 22.9846553802, 13.3232507706, 31.2057304382, 11.7151927948, 11.5338764191, 25.0010948181, 6.66103410721, 9.8696603775, 4.97719478607, 5.56484127045, 8.4000082016, 14.7447271347, 30.3783779144, 21.9139003754, 15.0264844894, 7.82565450668, 6.42078447342, 10.6465377808, 10.2221460342, 9.59139060974, 13.2727594376, 10.1576423645, 8.07599067688, 5.94148540497, 4.4994058609, 2.31023263931, 1.51421678066, 0.711511790752, 0.27144575119, 0.0674292221665, 0.0124671775848, 0.00131513888482], "median": [0.0132003538311, 0.347180992365, 1.58058583736, 5.05754804611, 7.56972551346, 6.65290975571, 5.46787834167, 5.91823244095, 8.51626396179, 6.23541641235, 10.1803913116, 3.20490932465, 4.80200481415, 3.55832362175, 2.32342505455, 2.6513094902, 2.28737616539, 2.29445099831, 2.44705176353, 2.41546702385, 3.06053495407, 4.01359558105, 2.4795627594, 2.33139681816, 2.19016623497, 3.73979115486, 3.7998688221, 3.19560337067, 4.64856481552, 3.41386818886, 2.24381566048, 1.636469841, 1.31647706032, 1.0030939579, 0.662090241909, 0.255084007978, 0.0903192460537, 0.0225147102028, 0.00386501895264, 0.000609203241765], "min": [1.08137153862e-21, 3.3391992898e-21, 2.86789560668e-20, 6.71074376494e-20, 1.10982564292e-19, 8.48775648784e-20, 2.27542445564e-19, 6.75321315629e-19, 4.33644705692e-19, 5.33228178306e-19, 1.80588003381e-18, 1.22632638078e-18, 1.72251759886e-18, 4.53590858184e-18, 3.68424094162e-18, 3.54573533831e-18, 2.65899069062e-18, 9.71982714683e-18, 1.43973713834e-17, 6.98010983229e-18, 1.21376727686e-17, 8.79179171092e-18, 1.36344188639e-17, 7.71207203017e-18, 9.74213207205e-18, 1.16449543649e-17, 1.47582570498e-17, 1.56223183371e-17, 1.78644658337e-17, 1.86352740875e-17, 2.13173923345e-17, 1.44144427369e-17, 1.44653375056e-17, 1.57894071665e-17, 7.34197157178e-18, 6.20032708243e-18, 3.81373482574e-18, 1.22161620758e-18, 2.92718901159e-19, 3.59732608905e-20], "var": [0.00367277720943, 1.03631782532, 53.307975769, 137.521575928, 485.984100342, 894.908569336, 156.939071655, 97.0578231812, 1930.48876953, 486.241973877, 2754.4284668, 1091.92297363, 340.076568604, 4203.01806641, 269.855163574, 622.126953125, 72.6392669678, 74.881690979, 675.674194336, 15492.8515625, 23232.0039062, 13107.2607422, 6344.89648438, 264.658660889, 124.143661499, 543.006164551, 398.813995361, 315.057983398, 511.460235596, 388.735046387, 219.12562561, 239.181472778, 273.910980225, 13.3128519058, 3.93813872337, 1.14363706112, 0.15799818933, 0.00887509249151, 0.000330323062371, 4.20571950599e-06]}, "gfcc": {"mean": [0.219485878944, 59.6440124512, -71.5620193481, 27.1586055756, -61.1960792542, 1.30179667473, -37.9212150574, -1.47174668312, -22.8573131561, -4.19501256943, -23.1829090118, -4.43474531174, -13.5694684982], "cov": [[8365.02148438, -2586.22143555, 629.602966309, -140.288665771, -133.344543457, 195.353286743, -11.231294632, 347.34475708, 93.9611053467, 205.558227539, -327.032714844, 215.731079102, -165.063842773], [-2586.22143555, 2035.74414062, -394.807830811, 109.926582336, 188.319732666, 2.54637265205, 90.0984268188, -108.585517883, 22.4492969513, -126.638977051, 200.358932495, -94.9714050293, 159.969436646], [629.602966309, -394.807830811, 898.317687988, 7.41852092743, 35.7434158325, 35.2135696411, 138.510803223, 146.548461914, 115.750961304, 134.907531738, -40.6631393433, -13.9396905899, 2.53038549423], [-140.288665771, 109.926582336, 7.41852092743, 418.330108643, 131.741668701, 38.3075180054, -8.79880046844, 2.45202708244, 2.32337808609, 26.5594825745, 67.0006866455, 18.4905147552, -5.75511217117], [-133.344543457, 188.319732666, 35.7434158325, 131.741668701, 231.744720459, 32.3764648438, 25.3179149628, 17.7304058075, 39.9548568726, 5.77089595795, 26.417804718, 2.22289800644, 9.55507946014], [195.353286743, 2.54637265205, 35.2135696411, 38.3075180054, 32.3764648438, 156.561126709, 42.7234458923, 12.7713708878, -11.3428621292, 17.9116249084, 0.666148066521, 16.9279880524, 4.91394376755], [-11.231294632, 90.0984268188, 138.510803223, -8.79880046844, 25.3179149628, 42.7234458923, 162.764801025, 70.5854187012, 23.6051139832, 16.7999420166, 21.0753803253, -10.4091558456, 14.5678215027], [347.34475708, -108.585517883, 146.548461914, 2.45202708244, 17.7304058075, 12.7713708878, 70.5854187012, 157.381591797, 80.322227478, 35.3696022034, -17.9773807526, 5.12654733658, 10.0418367386], [93.9611053467, 22.4492969513, 115.750961304, 2.32337808609, 39.9548568726, -11.3428621292, 23.6051139832, 80.322227478, 148.338119507, 52.170085907, -6.56371736526, -25.4166660309, 25.5854969025], [205.558227539, -126.638977051, 134.907531738, 26.5594825745, 5.77089595795, 17.9116249084, 16.7999420166, 35.3696022034, 52.170085907, 123.430648804, 27.2447242737, 2.35891079903, -7.85970592499], [-327.032714844, 200.358932495, -40.6631393433, 67.0006866455, 26.417804718, 0.666148066521, 21.0753803253, -17.9773807526, -6.56371736526, 27.2447242737, 114.707679749, 20.0952320099, 11.5213117599], [215.731079102, -94.9714050293, -13.9396905899, 18.4905147552, 2.22289800644, 16.9279880524, -10.4091558456, 5.12654733658, -25.4166660309, 2.35891079903, 20.0952320099, 126.749305725, 33.8885383606], [-165.063842773, 159.969436646, 2.53038549423, -5.75511217117, 9.55507946014, 4.91394376755, 14.5678215027, 10.0418367386, 25.5854969025, -7.85970592499, 11.5213117599, 33.8885383606, 96.6608810425]], "icov": [[0.000227475902648, 0.00023297338339, 2.15657310036e-05, 2.95689369523e-05, -3.45727457898e-05, -0.000254185055383, 9.37672302825e-06, -0.000242610301939, -0.000116475646792, -5.31766818312e-05, 0.000240662426222, -0.000266119255684, 0.000135337671963], [0.00023297338339, 0.00143715832382, 0.000379255099688, 6.00462408329e-05, -0.000699286581948, -0.000393081980292, -0.000622585590463, 0.000408116698964, -0.000577514001634, 0.00120847125072, -0.00177507160697, 0.00135001982562, -0.00185700820293], [2.15657310036e-05, 0.000379255099688, 0.0018424858572, -0.000127921710373, -0.000323610176565, 0.00020606952603, -0.0015457032714, -0.000151482425281, -0.000371463858755, -0.00145576824434, 0.000790337391663, 0.000314042379614, -0.00060081895208], [2.95689369523e-05, 6.00462408329e-05, -0.000127921710373, 0.00335707538761, -0.00179270480294, -0.00067607377423, 0.00119893543888, -0.000751957588363, 0.000599783903453, -0.000148153383634, -0.00192383734975, 9.20847305679e-05, 0.000289572373731], [-3.45727457898e-05, -0.000699286581948, -0.000323610176565, -0.00179270480294, 0.00632352149114, -0.000830965058412, -0.000424899859354, 0.00044332066318, -0.00225124810822, 0.000792857666966, 0.000502307724673, -0.00122994009871, 0.00146681512706], [-0.000254185055383, -0.000393081980292, 0.00020606952603, -0.00067607377423, -0.000830965058412, 0.00813704915345, -0.00254648271948, 0.000519920140505, 0.00184491858818, -0.00222602998838, 0.00194611563347, -0.00082130584633, -0.000444288685685], [9.37672302825e-06, -0.000622585590463, -0.0015457032714, 0.00119893543888, -0.000424899859354, -0.00254648271948, 0.0111960209906, -0.00562551710755, 0.00241194711998, 0.000890201772563, -0.00329248188064, 0.00181192124728, -0.000582117878366], [-0.000242610301939, 0.000408116698964, -0.000151482425281, -0.000751957588363, 0.00044332066318, 0.000519920140505, -0.00562551710755, 0.0133040687069, -0.00673645269126, 0.000539150554687, 0.00178297597449, -0.00207095989026, 0.000605409150012], [-0.000116475646792, -0.000577514001634, -0.000371463858755, 0.000599783903453, -0.00225124810822, 0.00184491858818, 0.00241194711998, -0.00673645269126, 0.014647453092, -0.00548548717052, 0.0011060454417, 0.00399111025035, -0.00458683632314], [-5.31766818312e-05, 0.00120847125072, -0.00145576824434, -0.000148153383634, 0.000792857666966, -0.00222602998838, 0.000890201772563, 0.000539150554687, -0.00548548717052, 0.014990455471, -0.0070348889567, 0.000643282954115, 0.00106698926538], [0.000240662426222, -0.00177507160697, 0.000790337391663, -0.00192383734975, 0.000502307724673, 0.00194611563347, -0.00329248188064, 0.00178297597449, 0.0011060454417, -0.0070348889567, 0.0170406196266, -0.00492193130776, 0.00220547593199], [-0.000266119255684, 0.00135001982562, 0.000314042379614, 9.20847305679e-05, -0.00122994009871, -0.00082130584633, 0.00181192124728, -0.00207095989026, 0.00399111025035, 0.000643282954115, -0.00492193130776, 0.0133633632213, -0.00768853956833], [0.000135337671963, -0.00185700820293, -0.00060081895208, 0.000289572373731, 0.00146681512706, -0.000444288685685, -0.000582117878366, 0.000605409150012, -0.00458683632314, 0.00106698926538, 0.00220547593199, -0.00768853956833, 0.017318746075]]}, "melbands": {"dmean": [0.000235089508351, 0.00117136514746, 0.000884517561644, 0.00097114633536, 0.000214241736103, 9.08529400476e-05, 0.000200617228984, 8.48827985465e-05, 7.57222078391e-05, 2.61301338469e-05, 2.84948091576e-05, 4.35140209447e-05, 1.68433798535e-05, 1.42486578625e-05, 1.00112383734e-05, 6.58919952912e-06, 6.69732526148e-06, 8.3237855506e-06, 1.28017391035e-05, 1.62511605595e-05, 3.26744557242e-05, 2.21735554078e-05, 1.48725494e-05, 9.23944389797e-06, 5.64533456782e-06, 4.72047076983e-06, 3.71006899513e-06, 5.38680615136e-06, 4.57755641037e-06, 3.01377235701e-06, 4.13236193708e-06, 4.95522681376e-06, 6.00722569288e-06, 3.54461849383e-06, 2.97767837765e-06, 3.67355664821e-06, 2.20097467718e-06, 2.2049459858e-06, 1.68763438069e-06, 1.28635781493e-06], "dmean2": [0.000363949977327, 0.00201588543132, 0.00143959803972, 0.00164250121452, 0.000360681529855, 0.000149731247802, 0.00028603815008, 0.0001339368755, 0.000106358864286, 3.93283589801e-05, 4.39905961684e-05, 6.18956546532e-05, 2.84183843178e-05, 2.10383059311e-05, 1.52658521984e-05, 1.03820711956e-05, 1.032570799e-05, 1.3355844203e-05, 1.996613355e-05, 2.53125381278e-05, 4.76974710182e-05, 3.26909575961e-05, 2.18102068175e-05, 1.4246505998e-05, 9.64849641605e-06, 7.97636948846e-06, 5.86833721172e-06, 8.36843810248e-06, 7.24314577383e-06, 4.47008869742e-06, 6.26684732197e-06, 7.55324890633e-06, 8.53800611367e-06, 5.22705522599e-06, 4.31696980741e-06, 5.15147803526e-06, 3.24246843775e-06, 2.93424363917e-06, 2.35178163166e-06, 1.86932993529e-06], "dvar": [2.8984689493e-07, 9.71812278294e-06, 2.16285548049e-06, 6.47177148494e-06, 1.97957561454e-07, 3.39586563314e-08, 3.09115165464e-07, 3.51308493407e-08, 3.02504687966e-08, 8.21544432483e-09, 4.34000213545e-09, 2.5675687354e-08, 3.16082959806e-09, 1.75599257357e-09, 7.57075846458e-10, 1.91969357077e-10, 1.90639906639e-10, 8.88948303857e-10, 9.81560255298e-09, 9.41667543941e-09, 3.74272381976e-08, 1.73911267609e-08, 1.22969501248e-08, 1.44747525077e-09, 2.19571957838e-10, 1.25517443661e-10, 5.25531111684e-11, 9.68154653669e-11, 7.82069964345e-11, 6.71965677546e-11, 7.08157629759e-11, 8.8513134322e-11, 1.84472270792e-10, 7.55072393499e-11, 2.69549712412e-11, 1.63763086425e-10, 4.65450421261e-11, 5.94937224485e-11, 1.63170900402e-11, 4.17287168361e-12], "dvar2": [7.00804434928e-07, 2.69948723144e-05, 5.31155046701e-06, 1.76726098289e-05, 5.4892893786e-07, 9.21065748116e-08, 7.1918248068e-07, 9.11854414198e-08, 5.83030406176e-08, 1.59026196656e-08, 9.87801040964e-09, 5.39441344927e-08, 7.97420529608e-09, 3.87769061305e-09, 1.83646287066e-09, 4.5767295509e-10, 4.41788300387e-10, 2.07326422696e-09, 1.99926546429e-08, 1.99159160275e-08, 8.25594952403e-08, 3.68680801444e-08, 2.68056794539e-08, 3.31955996025e-09, 6.05935190912e-10, 3.408628102e-10, 1.3058942816e-10, 2.11932263405e-10, 1.89971552378e-10, 1.71433020557e-10, 1.44004030922e-10, 2.01714672743e-10, 3.3353425577e-10, 1.82056730802e-10, 5.77505820942e-11, 2.24552237915e-10, 9.06544769808e-11, 7.77974420996e-11, 3.10421063854e-11, 8.5867901331e-12], "max": [0.00719122961164, 0.0319794118404, 0.0165307242423, 0.0248748548329, 0.00507628172636, 0.00211758236401, 0.00990281254053, 0.0025392936077, 0.00313212512992, 0.00402376614511, 0.00133692170493, 0.00482491217554, 0.00232909922488, 0.00116553832777, 0.000748867285438, 0.000264563510427, 0.000194966618437, 0.000959242926911, 0.00370704731904, 0.00297435489483, 0.0046351836063, 0.00322427414358, 0.00475874403492, 0.00100215838756, 0.000230208839639, 0.000165822479175, 0.00018078534049, 0.0004770916712, 0.000279631611193, 0.00042347953422, 0.000404585793149, 0.00020715269784, 0.000492464751005, 0.000178773509106, 9.12477335078e-05, 0.000911963463295, 0.00034868347575, 0.000448962702649, 0.000127394858282, 6.98230214766e-05], "mean": [0.000536431616638, 0.00155738310423, 0.00159348465968, 0.00117080053315, 0.000370101071894, 0.000201533068321, 0.000352567294613, 0.000143025681609, 0.000238048247411, 6.14851742284e-05, 5.74760379095e-05, 0.000107250612928, 2.12482082134e-05, 2.44573820964e-05, 1.57238446263e-05, 9.59320550464e-06, 1.01701934909e-05, 1.17230702017e-05, 1.71425854205e-05, 1.93891155504e-05, 4.06426333939e-05, 2.47547923209e-05, 1.6811891328e-05, 1.06141387732e-05, 5.77781747779e-06, 4.97429482493e-06, 4.89148442284e-06, 7.48519869376e-06, 6.86675866746e-06, 4.58556860394e-06, 5.93950699113e-06, 6.96980532666e-06, 8.12095822766e-06, 4.66052642878e-06, 4.35049878433e-06, 5.08960329171e-06, 2.93383959615e-06, 3.1884337659e-06, 2.32458592109e-06, 1.91463482224e-06], "median": [0.000230705336435, 0.000761766219512, 0.00100230844691, 0.000572613207623, 0.000193440704606, 0.000132873552502, 0.000131363529363, 7.56275621825e-05, 7.31073814677e-05, 1.31609058371e-05, 2.27082000492e-05, 1.30569551402e-05, 5.39364009455e-06, 6.38473056824e-06, 5.17811758982e-06, 4.5523429435e-06, 3.63937556358e-06, 3.38217159879e-06, 3.32404079018e-06, 2.89499416795e-06, 3.24734105561e-06, 3.70159978047e-06, 2.39187033912e-06, 1.96471501113e-06, 1.67962537034e-06, 1.42373585277e-06, 1.70922862708e-06, 2.42561168307e-06, 2.45455225922e-06, 1.52165080181e-06, 1.88093849829e-06, 2.44170382757e-06, 2.4614182621e-06, 1.52393863573e-06, 1.19116111819e-06, 1.24289306314e-06, 7.7677674426e-07, 8.71482654929e-07, 7.05940749413e-07, 8.53903202369e-07], "min": [1.26888213496e-23, 1.11156851876e-23, 1.40372165617e-23, 6.11055522603e-24, 7.46138801835e-24, 1.43640211244e-23, 7.06011971942e-24, 5.30298648444e-24, 1.56198640197e-23, 7.3500742226e-24, 8.17238914109e-24, 1.71204967647e-23, 1.71160917654e-23, 7.20235528493e-24, 1.02005505284e-23, 6.26788051737e-24, 1.87144959311e-23, 2.43541714053e-23, 1.17350522276e-23, 7.86570763127e-24, 1.57098572717e-23, 8.71021084044e-24, 1.06282417234e-23, 1.13338572927e-23, 5.64282618469e-24, 6.11868443765e-24, 8.34798878973e-24, 7.70987289261e-24, 8.7041097902e-24, 8.13911262152e-24, 1.09243911512e-23, 1.03178068134e-23, 8.50405229805e-24, 1.18985191955e-23, 1.25677848432e-23, 1.06884815087e-23, 7.8339567687e-24, 8.60392129979e-24, 1.52729750584e-23, 1.20988590998e-23], "var": [5.43389774066e-07, 8.6554673544e-06, 3.51133598997e-06, 4.92712615596e-06, 2.28688634252e-07, 4.72661092488e-08, 4.71462044516e-07, 4.12065688238e-08, 1.59924582022e-07, 3.34388516876e-08, 8.98277807693e-09, 8.15933347553e-08, 5.05603425793e-09, 3.27869087435e-09, 1.08669340193e-09, 2.45686027078e-10, 2.70690719839e-10, 1.07811171102e-09, 1.74508070216e-08, 1.37049696036e-08, 5.01435160061e-08, 2.08154062875e-08, 1.43593386071e-08, 2.21051665861e-09, 1.67211924862e-10, 1.04004804768e-10, 8.68724814307e-11, 2.7680299719e-10, 1.65864780244e-10, 1.04327511907e-10, 1.44341913422e-10, 1.39049591286e-10, 3.5691830047e-10, 8.90412951704e-11, 5.0625774406e-11, 3.9966896459e-10, 7.20792453501e-11, 1.70148367618e-10, 3.27718893689e-11, 8.56522665293e-12]}, "mfcc": {"mean": [-661.781921387, 102.406791687, 34.7722740173, 26.7248477936, 1.58795809746, 3.51561832428, -8.58876514435, -1.85172235966, -0.549204409122, -4.64122724533, -3.48410391808, -3.07278466225, -2.72366309166], "cov": [[6921.21728516, -1719.6640625, 129.02432251, -95.853767395, -82.3567276001, 72.9434280396, -113.229774475, 170.866317749, 165.635009766, 171.309753418, -58.9195671082, 107.136123657, 88.2056732178], [-1719.6640625, 1318.24890137, -115.961074829, 25.4670333862, 63.7904815674, 4.70888280869, 95.4060821533, -1.34821307659, 18.4346466064, -37.4112052917, 44.4598388672, -6.1099615097, 2.6265335083], [129.02432251, -115.961074829, 589.543884277, 97.8148040771, 26.1563739777, 2.75063753128, 40.6091499329, 13.578127861, 133.304519653, 97.2069702148, 92.3608779907, 35.2882003784, 63.6026382446], [-95.853767395, 25.4670333862, 97.8148040771, 291.670532227, 121.009796143, 56.2047462463, 60.7834663391, 27.9792537689, 6.1884598732, 43.9949378967, 22.8957424164, 70.9630203247, 27.4778118134], [-82.3567276001, 63.7904815674, 26.1563739777, 121.009796143, 192.589553833, 65.0288391113, 24.0233402252, 13.3810777664, 24.8895454407, 12.0967998505, 26.1686153412, 31.7865600586, 30.0607013702], [72.9434280396, 4.70888280869, 2.75063753128, 56.2047462463, 65.0288391113, 150.019714355, 60.0864486694, 12.8321123123, -20.3758029938, 16.7748031616, -21.6278438568, 13.0342645645, 21.9444179535], [-113.229774475, 95.4060821533, 40.6091499329, 60.7834663391, 24.0233402252, 60.0864486694, 144.236206055, 46.4079246521, -6.73410892487, 21.9686450958, 20.406047821, 20.0837135315, 2.85117530823], [170.866317749, -1.34821307659, 13.578127861, 27.9792537689, 13.3810777664, 12.8321123123, 46.4079246521, 124.732833862, 37.4016914368, 3.62424898148, -5.32056379318, 11.2179336548, -5.0310959816], [165.635009766, 18.4346466064, 133.304519653, 6.1884598732, 24.8895454407, -20.3758029938, -6.73410892487, 37.4016914368, 173.07585144, 64.6219100952, 50.6447715759, 9.67039489746, 42.2537765503], [171.309753418, -37.4112052917, 97.2069702148, 43.9949378967, 12.0967998505, 16.7748031616, 21.9686450958, 3.62424898148, 64.6219100952, 142.536956787, 39.5802612305, 26.2254428864, 23.2791347504], [-58.9195671082, 44.4598388672, 92.3608779907, 22.8957424164, 26.1686153412, -21.6278438568, 20.406047821, -5.32056379318, 50.6447715759, 39.5802612305, 160.041732788, 30.9099140167, 7.78954648972], [107.136123657, -6.1099615097, 35.2882003784, 70.9630203247, 31.7865600586, 13.0342645645, 20.0837135315, 11.2179336548, 9.67039489746, 26.2254428864, 30.9099140167, 121.729194641, 39.5772781372], [88.2056732178, 2.6265335083, 63.6026382446, 27.4778118134, 30.0607013702, 21.9444179535, 2.85117530823, -5.0310959816, 42.2537765503, 23.2791347504, 7.78954648972, 39.5772781372, 101.686531067]], "icov": [[0.000250157871051, 0.000313532334985, 7.28040904505e-05, 0.000133169407491, 7.11883112672e-05, -0.000213793799048, 0.000140604039188, -0.000333550444338, -0.000201618284336, -0.000163000382599, 2.46909985435e-05, -0.000214136918657, -9.94204165181e-05], [0.000313532334985, 0.00128978583962, 0.000411761779105, 0.00013199330715, -0.000198260313482, 5.23193157278e-05, -0.000805622665212, 3.78927361453e-05, -0.000741891795769, 0.00020432776364, -0.000139590440085, -0.000113128960948, -0.000210488433368], [7.28040904505e-05, 0.000411761779105, 0.00256067118607, -0.000842680572532, 0.000562064466067, 3.286984429e-05, -0.00078225589823, 0.000465690245619, -0.00171186425723, -0.000326896464685, -0.000817276304588, 0.000334035838023, -0.00085723423399], [0.000133169407491, 0.00013199330715, -0.000842680572532, 0.00610077381134, -0.00343442172743, 0.000241990521317, -0.00109229423106, -0.000792787817772, 0.0012914048275, -0.00138451834209, 0.000713268469553, -0.00240640365519, 0.000376361131202], [7.11883112672e-05, -0.000198260313482, 0.000562064466067, -0.00343442172743, 0.00894644018263, -0.00376842194237, 0.0015396970557, -0.000146504899021, -0.00182697526179, 0.00139695324469, -0.00167804292869, 0.000139555530041, -0.000848486321047], [-0.000213793799048, 5.23193157278e-05, 3.286984429e-05, 0.000241990521317, -0.00376842194237, 0.0110769160092, -0.00453827809542, 0.000554154627025, 0.00207119598053, -0.00149650149979, 0.00222465139814, 0.000784758070949, -0.00201750826091], [0.000140604039188, -0.000805622665212, -0.00078225589823, -0.00109229423106, 0.0015396970557, -0.00453827809542, 0.0120833823457, -0.00482347048819, 0.00244178483263, -0.0013646450825, -0.0020896338392, -0.000187542682397, 0.000160891373525], [-0.000333550444338, 3.78927361453e-05, 0.000465690245619, -0.000792787817772, -0.000146504899021, 0.000554154627025, -0.00482347048819, 0.0119481524453, -0.0045779813081, 0.00206837407313, 0.00184499344323, -0.00109082320705, 0.00257341796532], [-0.000201618284336, -0.000741891795769, -0.00171186425723, 0.0012914048275, -0.00182697526179, 0.00207119598053, 0.00244178483263, -0.0045779813081, 0.0118077155203, -0.00408336473629, -0.00183994427789, 0.00180910248309, -0.00382085074671], [-0.000163000382599, 0.00020432776364, -0.000326896464685, -0.00138451834209, 0.00139695324469, -0.00149650149979, -0.0013646450825, 0.00206837407313, -0.00408336473629, 0.0103530259803, -0.00103218934964, -0.000931903137825, 0.00053369870875], [2.46909985435e-05, -0.000139590440085, -0.000817276304588, 0.000713268469553, -0.00167804292869, 0.00222465139814, -0.0020896338392, 0.00184499344323, -0.00183994427789, -0.00103218934964, 0.00875560007989, -0.00222864141688, 0.00166403374169], [-0.000214136918657, -0.000113128960948, 0.000334035838023, -0.00240640365519, 0.000139555530041, 0.000784758070949, -0.000187542682397, -0.00109082320705, 0.00180910248309, -0.000931903137825, -0.00222864141688, 0.0118342433125, -0.00460298638791], [-9.94204165181e-05, -0.000210488433368, -0.00085723423399, 0.000376361131202, -0.000848486321047, -0.00201750826091, 0.000160891373525, 0.00257341796532, -0.00382085074671, 0.00053369870875, 0.00166403374169, -0.00460298638791, 0.0142988804728]]}, "spectral_contrast_coeffs": {"dmean": [0.0477255471051, 0.040708232671, 0.0390865691006, 0.0309268329293, 0.0248593632132, 0.0180789604783], "dmean2": [0.0763457491994, 0.0653082206845, 0.0602328702807, 0.0491535626352, 0.0388890095055, 0.0287709329277], "dvar": [0.00210083951242, 0.0015598583268, 0.00145546463318, 0.000906297471374, 0.000580944120884, 0.000313421478495], "dvar2": [0.00516699301079, 0.00375080690719, 0.00284630409442, 0.00192361848895, 0.00124863837846, 0.000750728824642], "max": [-0.226371988654, -0.412098735571, -0.474349319935, -0.489163428545, -0.387068837881, -0.656162500381], "mean": [-0.582524478436, -0.681384146214, -0.74125701189, -0.790754675865, -0.787355601788, -0.771805047989], "median": [-0.598398983479, -0.680607795715, -0.754029631615, -0.803486764431, -0.79585313797, -0.773143410683], "min": [-0.951048493385, -0.97280806303, -0.972393035889, -0.959883153439, -0.95845490694, -0.962112486362], "var": [0.00913144089282, 0.00453708972782, 0.00742322020233, 0.00339869386517, 0.00265351147391, 0.00102230976336]}, "spectral_contrast_valleys": {"dmean": [0.440617591143, 0.390907943249, 0.46837323904, 0.465272724628, 0.473018616438, 0.472421973944], "dmean2": [0.648198366165, 0.595609784126, 0.69947886467, 0.658792614937, 0.62502849102, 0.584642231464], "dvar": [0.254524201155, 0.188742175698, 0.285635620356, 0.285402417183, 0.289689362049, 0.29515504837], "dvar2": [0.41523322463, 0.364770799875, 0.531395435333, 0.50864648819, 0.545634925365, 0.520242273808], "max": [-5.31151580811, -5.0121421814, -5.29190969467, -6.0192065239, -5.8380022049, -7.66769552231], "mean": [-7.52931451797