{"lowlevel": {"average_loudness": 0.969560146332, "barkbands_crest": {"dmean": 2.82497119904, "dmean2": 3.99876856804, "dvar": 8.66119384766, "dvar2": 15.0214080811, "max": 26.5903778076, "mean": 16.3360309601, "median": 17.711139679, "min": 2.57729053497, "var": 37.9057807922}, "barkbands_flatness_db": {"dmean": 0.0513489767909, "dmean2": 0.0649311318994, "dvar": 0.00220055761747, "dvar2": 0.00329191889614, "max": 0.80859375, "mean": 0.243448987603, "median": 0.230244502425, "min": 0.0237745046616, "var": 0.0123876333237}, "barkbands_kurtosis": {"dmean": 39.7406997681, "dmean2": 48.4085197449, "dvar": 7866.87695312, "dvar2": 12568.9052734, "max": 2790.09448242, "mean": 61.7519302368, "median": 12.9968099594, "min": -1.93201422691, "var": 18108.3789062}, "barkbands_skewness": {"dmean": 1.97129631042, "dmean2": 2.32099080086, "dvar": 4.6861000061, "dvar2": 6.11639261246, "max": 34.1799621582, "mean": 4.83416318893, "median": 3.27555894852, "min": -4.05588340759, "var": 23.637752533}, "barkbands_spread": {"dmean": 9.91931915283, "dmean2": 14.8027334213, "dvar": 314.10635376, "dvar2": 632.014526367, "max": 130.699081421, "mean": 15.2726554871, "median": 7.73953485489, "min": 0.0456517674029, "var": 420.05178833}, "dissonance": {"dmean": 0.0207975953817, "dmean2": 0.0345104113221, "dvar": 0.000410787237342, "dvar2": 0.00108795089182, "max": 0.500000059605, "mean": 0.460054576397, "median": 0.467733561993, "min": 0.248014971614, "var": 0.000936388445552}, "dynamic_complexity": 4.11435699463, "erbbands_crest": {"dmean": 3.61650657654, "dmean2": 5.4862818718, "dvar": 11.3633098602, "dvar2": 25.4115867615, "max": 33.1568756104, "mean": 11.9802379608, "median": 10.6141462326, "min": 2.64108037949, "var": 35.7812728882}, "erbbands_flatness_db": {"dmean": 0.0308105777949, "dmean2": 0.0433223955333, "dvar": 0.000960176810622, "dvar2": 0.00188531388994, "max": 0.46146890521, "mean": 0.167939394712, "median": 0.163219302893, "min": 0.0350325629115, "var": 0.00440150918439}, "erbbands_kurtosis": {"dmean": 1.73644578457, "dmean2": 2.58980798721, "dvar": 41.0344924927, "dvar2": 96.7862091064, "max": 349.369537354, "mean": 1.25073266029, "median": 0.0917065143585, "min": -1.87877309322, "var": 74.6944961548}, "erbbands_skewness": {"dmean": 0.5275400877, "dmean2": 0.7438621521, "dvar": 0.299157321453, "dvar2": 0.607643842697, "max": 15.4646892548, "mean": 0.395493865013, "median": 0.277456849813, "min": -3.41862225533, "var": 1.17149877548}, "erbbands_spread": {"dmean": 12.1575098038, "dmean2": 17.7283306122, "dvar": 154.054382324, "dvar2": 321.41293335, "max": 126.954116821, "mean": 40.3965263367, "median": 36.9342727661, "min": 1.12097465992, "var": 446.3956604}, "hfc": {"dmean": 14.08527565, "dmean2": 22.049747467, "dvar": 1200.30444336, "dvar2": 2874.36083984, "max": 303.726470947, "mean": 19.4136943817, "median": 9.63291549683, "min": 6.99742557231e-08, "var": 1141.24938965}, "melbands_crest": {"dmean": 4.06709480286, "dmean2": 5.77044248581, "dvar": 21.6074829102, "dvar2": 47.5930938721, "max": 39.5160636902, "mean": 26.0921268463, "median": 28.5529880524, "min": 2.62482666969, "var": 94.9418792725}, "melbands_flatness_db": {"dmean": 0.0568223707378, "dmean2": 0.0708027109504, "dvar": 0.00271783280186, "dvar2": 0.00422109011561, "max": 0.959915101528, "mean": 0.330669015646, "median": 0.316850215197, "min": 0.0069048916921, "var": 0.0173466205597}, "melbands_kurtosis": {"dmean": 50.1401062012, "dmean2": 66.5906906128, "dvar": 6185.23144531, "dvar2": 11436.0283203, "max": 1509.88049316, "mean": 98.4495697021, "median": 38.820640564, "min": -1.74689865112, "var": 20789.4707031}, "melbands_skewness": {"dmean": 2.0084965229, "dmean2": 2.65165162086, "dvar": 4.44790935516, "dvar2": 7.72735500336, "max": 30.3080806732, "mean": 6.35874462128, "median": 5.35490560532, "min": -2.86001443863, "var": 25.1063919067}, "melbands_spread": {"dmean": 6.95391559601, "dmean2": 10.5925931931, "dvar": 117.143768311, "dvar2": 240.472442627, "max": 229.553649902, "mean": 12.7886714935, "median": 6.05266141891, "min": 0.0135029153898, "var": 288.028991699}, "pitch_salience": {"dmean": 0.0989915132523, "dmean2": 0.145076960325, "dvar": 0.0122585799545, "dvar2": 0.0203206706792, "max": 0.935569107533, "mean": 0.311325728893, "median": 0.279249608517, "min": 0.0123999463394, "var": 0.0438003987074}, "silence_rate_20dB": {"dmean": 0, "dmean2": 0, "dvar": 0, "dvar2": 0, "max": 1, "mean": 1, "median": 1, "min": 1, "var": 0}, "silence_rate_30dB": {"dmean": 0.101185970008, "dmean2": 0.202397480607, "dvar": 0.0909475684166, "dvar2": 0.19097584486, "max": 1, "mean": 0.674403965473, "median": 1, "min": 0, "var": 0.219571590424}, "silence_rate_60dB": {"dmean": 0.0232147369534, "dmean2": 0.0463091470301, "dvar": 0.022677436471, "dvar2": 0.055267110467, "max": 1, "mean": 0.0572726130486, "median": 0, "min": 0, "var": 0.0539919771254}, "spectral_centroid": {"dmean": 321.732543945, "dmean2": 453.026306152, "dvar": 172350.40625, "dvar2": 332582.375, "max": 4830.58837891, "mean": 1182.8963623, "median": 1067.05310059, "min": 44.062915802, "var": 533027.125}, "spectral_complexity": {"dmean": 3.47135996819, "dmean2": 5.24214506149, "dvar": 22.7627601624, "dvar2": 46.2941436768, "max": 48, "mean": 10.7046804428, "median": 10, "min": 0, "var": 46.1679153442}, "spectral_decrease": {"dmean": 7.36555394454e-09, "dmean2": 9.26034093851e-09, "dvar": 8.18395358878e-17, "dvar2": 9.71608531262e-17, "max": 1.1632519458e-15, "mean": -2.19867395401e-08, "median": -1.50536614285e-08, "min": -8.32173938647e-08, "var": 5.04994531587e-16}, "spectral_energy": {"dmean": 0.027585811913, "dmean2": 0.034863896668, "dvar": 0.00117892364506, "dvar2": 0.00143054150976, "max": 0.316430896521, "mean": 0.0847436189651, "median": 0.0608127787709, "min": 3.08027214846e-11, "var": 0.0072320192121}, "spectral_energyband_high": {"dmean": 0.000950586050749, "dmean2": 0.00151848874521, "dvar": 8.47990941111e-06, "dvar2": 2.02162118512e-05, "max": 0.0242139939219, "mean": 0.000792151957285, "median": 5.66491835343e-05, "min": 2.58259624623e-12, "var": 7.39831102692e-06}, "spectral_energyband_low": {"dmean": 0.0270960722119, "dmean2": 0.0306385159492, "dvar": 0.00124393193983, "dvar2": 0.0012443853775, "max": 0.312831372023, "mean": 0.0738323479891, "median": 0.0423900410533, "min": 2.90396992477e-13, "var": 0.00733694247901}, "spectral_energyband_middle_high": {"dmean": 0.00155075755902, "dmean2": 0.00242066336796, "dvar": 1.04938608274e-05, "dvar2": 2.28962817346e-05, "max": 0.0638462081552, "mean": 0.00265192077495, "median": 0.0013128434075, "min": 1.13920426911e-11, "var": 2.12678060052e-05}, "spectral_energyband_middle_low": {"dmean": 0.00653099361807, "dmean2": 0.0107183558866, "dvar": 0.000230355435633, "dvar2": 0.000581895699725, "max": 0.0944321081042, "mean": 0.00797071587294, "median": 0.00221823039465, "min": 1.65586901829e-11, "var": 0.000222972623305}, "spectral_entropy": {"dmean": 0.325718998909, "dmean2": 0.449420541525, "dvar": 0.110235199332, "dvar2": 0.207962334156, "max": 8.97153568268, "mean": 7.35326814651, "median": 7.35206794739, "min": 3.62384796143, "var": 0.452485710382}, "spectral_flux": {"dmean": 0.05066415295, "dmean2": 0.0824870467186, "dvar": 0.00335962395184, "dvar2": 0.00557102682069, "max": 0.409921377897, "mean": 0.114056572318, "median": 0.087434925139, "min": 4.85139971715e-05, "var": 0.00882953684777}, "spectral_kurtosis": {"dmean": 3.04115223885, "dmean2": 4.86062526703, "dvar": 14.3709440231, "dvar2": 36.6477165222, "max": 80.73387146, "mean": 6.48130607605, "median": 5.47601127625, "min": -0.179038286209, "var": 27.236158371}, "spectral_rms": {"dmean": 0.00156542984769, "dmean2": 0.00201304978691, "dvar": 3.13219720738e-06, "dvar2": 3.8613675315e-06, "max": 0.0175702329725, "mean": 0.0077579524368, "median": 0.00770256714895, "min": 1.73353498667e-07, "var": 2.24910290854e-05}, "spectral_rolloff": {"dmean": 828.506286621, "dmean2": 1462.02648926, "dvar": 5614373, "dvar2": 13255795, "max": 19401.4160156, "mean": 1050.30615234, "median": 193.798828125, "min": 43.06640625, "var": 5871791}, "spectral_skewness": {"dmean": 0.360350847244, "dmean2": 0.554904401302, "dvar": 0.122277729213, "dvar2": 0.292920559645, "max": 7.19754743576, "mean": 1.8083127737, "median": 1.7529374361, "min": 0.454645752907, "var": 0.341821193695}, "spectral_spread": {"dmean": 1288254.25, "dmean2": 1723895.375, "dvar": 2724365074430.0, "dvar2": 4822930030590.0, "max": 13818653, "mean": 4796643, "median": 3914459.75, "min": 818912.125, "var": 6974903156740.0}, "spectral_strongpeak": {"dmean": 0.390426695347, "dmean2": 0.643716096878, "dvar": 0.550169408321, "dvar2": 1.40269446373, "max": 19.625535965, "mean": 0.763259708881, "median": 0.474524378777, "min": 0, "var": 0.789402067661}, "zerocrossingrate": {"dmean": 0.0181059557945, "dmean2": 0.021869763732, "dvar": 0.000771740276832, "dvar2": 0.00104592205025, "max": 0.67626953125, "mean": 0.0404775738716, "median": 0.02685546875, "min": 0.0009765625, "var": 0.00290051847696}, "barkbands": {"dmean": [0.00378209166229, 0.0243232510984, 0.00421167956665, 0.002294968348, 0.00317783956416, 0.00126795179676, 0.00033500281279, 0.000316943827784, 0.00035880584619, 0.000228754463024, 0.000160256531672, 0.000301356747514, 0.00027848299942, 0.000282518478343, 0.000343908963259, 0.00020530897018, 0.000164676181157, 0.000103638485598, 0.000108416512376, 4.41802476416e-05, 5.23337657796e-05, 7.80829723226e-05, 0.000119434916996, 0.000126240294776, 0.00015801358677, 0.000313485012157, 9.83110367088e-05], "dmean2": [0.00444990955293, 0.0294909290969, 0.00650511775166, 0.00405346648768, 0.00594171369448, 0.00175056606531, 0.000556718732696, 0.000521930167452, 0.000586875074077, 0.000343340303516, 0.000242872905801, 0.000431298831245, 0.000452150707133, 0.000450944702607, 0.000562933331821, 0.000341501028743, 0.000282369146589, 0.000169240680407, 0.000174978835275, 7.11465472705e-05, 8.37436236907e-05, 0.000124887606944, 0.000195062733837, 0.000204089388717, 0.000252213940257, 0.000506268697791, 0.000155162124429], "dvar": [1.80391198228e-05, 0.00144310190808, 0.000134642003104, 5.06737669639e-05, 9.72275811364e-05, 7.11059828973e-06, 1.06001721178e-06, 1.38519806114e-06, 1.72951240529e-06, 9.12965674615e-07, 3.61207781907e-07, 2.95957789831e-07, 8.84372525434e-07, 1.29818738515e-06, 1.73493015154e-06, 3.93779146179e-07, 1.4077107835e-07, 6.45110986852e-08, 6.26153280336e-08, 5.26098320464e-09, 1.2193497767e-08, 3.0101602988e-08, 1.10181474611e-07, 1.06179662396e-07, 2.42866860845e-07, 1.49807203798e-06, 1.43598867908e-07], "dvar2": [2.52795816778e-05, 0.00153426604811, 0.000250305602094, 0.000134200337925, 0.000281053507933, 1.1699591596e-05, 2.7107328151e-06, 3.27238171849e-06, 3.94157814299e-06, 2.03917124963e-06, 6.59845056816e-07, 6.26243092938e-07, 1.96494261218e-06, 2.91568539978e-06, 3.44456975654e-06, 9.81777702691e-07, 3.76249857936e-07, 1.47915727666e-07, 1.36171905751e-07, 1.23296048926e-08, 3.02006988306e-08, 7.24441946431e-08, 2.84153372831e-07, 2.53372917314e-07, 5.75718217988e-07, 3.64582251677e-06, 3.26273635665e-07], "max": [0.0289267208427, 0.289641797543, 0.0808950066566, 0.0466109216213, 0.0593683384359, 0.072817966342, 0.0461012534797, 0.0333268083632, 0.03593891114, 0.033921752125, 0.0221886467189, 0.018380895257, 0.0245677754283, 0.0346682593226, 0.0497610457242, 0.0173084028065, 0.00563622266054, 0.00571416551247, 0.00486996863037, 0.000810706696939, 0.00185217580292, 0.00140098645352, 0.00282381824218, 0.00238313479349, 0.00478642247617, 0.0107660507783, 0.00325114419684], "mean": [0.00762436399236, 0.0616687983274, 0.00417447369546, 0.00158382870723, 0.00225829798728, 0.00253826053813, 0.000417498522438, 0.000381067919079, 0.000500530237332, 0.000410561973695, 0.000222801565542, 0.000583216780797, 0.000294090539683, 0.00030533777317, 0.00032894598553, 0.000190889055375, 0.00017382785154, 0.000123003264889, 0.000140231582918, 5.5833857914e-05, 5.50987351744e-05, 6.68803331791e-05, 9.6762792964e-05, 0.000100970864878, 0.000128577084979, 0.000240244684392, 7.90899503045e-05], "median": [0.00243296963163, 0.0301812011749, 0.000119901407743, 3.92047986679e-05, 0.000185554876225, 0.000443098397227, 0.000112029410957, 9.80492695817e-05, 8.03765869932e-05, 0.000123630627058, 7.03583864379e-05, 0.000363104307326, 5.29032913619e-05, 5.14269304404e-05, 5.74001387577e-05, 4.59609145764e-05, 7.69933176343e-05, 2.39985820372e-05, 5.83030596317e-05, 2.63104393525e-05, 1.32771738208e-05, 7.77925561124e-06, 6.19268803348e-06, 4.92774915983e-06, 3.47509921994e-06, 1.7080857333e-06, 3.81165364161e-07], "min": [1.56100772499e-13, 1.79604730611e-13, 3.16039275099e-14, 4.43560830698e-15, 1.01026652322e-12, 2.72884709621e-12, 1.92914304323e-12, 2.976955054e-12, 5.98992209999e-12, 1.16361998162e-12, 3.27069697281e-13, 2.4965243089e-13, 3.48923038899e-13, 5.31829571701e-13, 2.27664154889e-12, 1.00477428027e-12, 1.96469294826e-12, 9.74421606771e-13, 2.66559192254e-12, 3.45360431876e-13, 3.11834434143e-13, 8.46597165744e-14, 2.4029264906e-13, 2.84052295574e-13, 3.43298252239e-13, 4.51203012669e-13, 8.48146422885e-13], "var": [7.64650758356e-05, 0.00647705607116, 0.000157993039466, 3.47102832166e-05, 5.82158754696e-05, 3.72314716515e-05, 1.1301253835e-06, 1.58196041866e-06, 3.22902087646e-06, 2.58117711383e-06, 5.99995189532e-07, 7.07366439201e-07, 1.16271644401e-06, 1.88430078651e-06, 2.70980308414e-06, 3.59476842959e-07, 1.19547394206e-07, 1.11618717824e-07, 8.46817798106e-08, 6.21259266254e-09, 1.29630626233e-08, 2.73179221466e-08, 8.76956818274e-08, 9.42263653769e-08, 2.1120509075e-07, 1.23453617107e-06, 1.30593022618e-07]}, "erbbands": {"dmean": [1.13160765171, 5.56545209885, 6.08003425598, 7.20433950424, 12.3357505798, 8.6376953125, 5.14217567444, 13.43364048, 5.96471977234, 6.3872590065, 6.54321908951, 8.09893226624, 9.66887283325, 5.2275929451, 4.97829771042, 14.7617645264, 11.9230175018, 14.1983213425, 16.7562618256, 13.6028718948, 11.2124023438, 8.11374568939, 5.60839319229, 6.99897050858, 3.35778284073, 2.07336521149, 2.39372110367, 2.05986142159, 2.82717633247, 2.17790675163, 3.67875242233, 2.96501350403, 2.01945757866, 1.49930226803, 1.35620951653, 1.00817942619, 0.655214965343, 0.192688435316, 0.0150418132544, 0.000488355872221], "dmean2": [1.2859249115, 6.03992986679, 8.2887878418, 12.3490877151, 22.6581897736, 16.2285480499, 7.74532461166, 18.2662773132, 9.26336574554, 10.9833183289, 10.6849002838, 13.1042013168, 14.8112411499, 7.72327566147, 7.81309556961, 20.974565506, 19.1173381805, 22.1113491058, 26.7803268433, 22.5970649719, 18.7880706787, 13.94272995, 9.25116062164, 10.9025220871, 5.68659496307, 3.38402915001, 3.91946983337, 3.24588656425, 4.52150011063, 3.45354962349, 6.11672735214, 4.80670642853, 3.25278902054, 2.36106657982, 2.18623399734, 1.6234382391, 1.06545591354, 0.307298660278, 0.0240420624614, 0.000765018397942], "dvar": [1.81802964211, 102.812553406, 210.205444336, 480.647644043, 1520.08691406, 624.616455078, 119.910140991, 907.557922363, 264.042510986, 490.959564209, 419.688415527, 727.770996094, 2059.26977539, 412.763763428, 124.631515503, 662.392272949, 1552.62841797, 3316.68579102, 3530.2800293, 2066.55126953, 790.474121094, 417.286407471, 188.881652832, 252.908843994, 49.7977485657, 11.8986310959, 24.8333625793, 21.8331508636, 40.7341079712, 21.2836647034, 113.933479309, 64.0225372314, 26.9236297607, 16.8454875946, 21.2231464386, 14.4155550003, 6.91454982758, 0.575836837292, 0.00345575087704, 2.64373966274e-06], "dvar2": [1.68338286877, 155.668167114, 383.826202393, 1254.09130859, 4224.04248047, 1851.33496094, 237.909103394, 1394.62365723, 682.620056152, 1245.59570312, 892.345458984, 1590.68786621, 4700.90917969, 804.210754395, 252.878875732, 1399.81713867, 3530.97583008, 7230.51757812, 6575.8203125, 4434.40771484, 2043.50463867, 1115.75952148, 461.341094971, 513.750488281, 132.306838989, 28.5549163818, 61.8016433716, 54.1268730164, 98.58543396, 49.2815093994, 301.07208252, 159.203445435, 63.147102356, 38.755607605, 51.3440818787, 35.0383262634, 17.0471420288, 1.33239579201, 0.00812865793705, 6.32792443866e-06], "max": [13.4691381454, 77.0013885498, 99.7921524048, 143.115722656, 220.681106567, 160.622711182, 258.499389648, 814.104980469, 784.893188477, 581.331115723, 455.428710938, 688.13873291, 1514.23681641, 675.588806152, 271.296081543, 698.594787598, 1185.70300293, 2046.23974609, 2093.54223633, 1670.71240234, 349.771789551, 278.573822021, 204.660171509, 331.832092285, 82.2147674561, 41.0676078796, 76.0708465576, 83.4749298096, 53.9994621277, 38.3170623779, 87.8897094727, 59.0848388672, 42.7827453613, 35.2836494446, 46.6825714111, 33.7424201965, 24.0540676117, 6.38692808151, 0.506213784218, 0.0142521876842], "mean": [2.75454759598, 9.73915672302, 6.9583234787, 5.25553369522, 8.12543106079, 6.48408889771, 8.27335739136, 26.5469970703, 9.57157897949, 7.14755010605, 8.1728887558, 12.4708127975, 16.4387741089, 8.01325511932, 8.09297561646, 29.3238182068, 14.8733510971, 16.2953643799, 17.3367710114, 13.7674331665, 11.2286252975, 8.21270942688, 6.60017347336, 9.84939289093, 3.96547412872, 2.69239664078, 2.46920919418, 2.05503368378, 2.42441368103, 1.95540761948, 2.8866288662, 2.34334039688, 1.63575255871, 1.24646484852, 1.07192337513, 0.780607759953, 0.494168102741, 0.151694640517, 0.0117997191846, 0.000476426968817], "median": [1.44932174683, 2.53574085236, 0.39937415719, 0.211488515139, 0.204119116068, 0.678490400314, 1.90591573715, 4.00298833847, 2.34035754204, 2.324852705, 1.98970222473, 2.39752197266, 4.76214742661, 2.89085197449, 4.41947889328, 18.6628131866, 4.41024589539, 3.15623259544, 2.70810079575, 2.94294691086, 3.99513363838, 3.26148891449, 1.78367841244, 3.41708993912, 1.83885252476, 1.2396466732, 0.649316132069, 0.43067908287, 0.279744148254, 0.221243813634, 0.182201564312, 0.111075848341, 0.080314822495, 0.0424717701972, 0.0215073470026, 0.00940884463489, 0.00264785788022, 0.000578680250328, 0.000130870277644, 0.000123207675642], "min": [7.61256856163e-12, 3.16666692868e-11, 4.64017921309e-11, 2.85433534447e-11, 4.40291247905e-10, 4.21732426759e-09, 1.15058860217e-08, 2.50749589981e-08, 3.05771870046e-08, 3.56105793742e-08, 7.22791497765e-08, 1.36829555686e-07, 7.04731704104e-08, 1.81493930995e-08, 1.35809168356e-08, 1.21979502055e-08, 1.53897161681e-08, 2.56325147774e-08, 9.84291474992e-08, 6.92387729373e-08, 5.51871259802e-08, 1.06226593743e-07, 6.23944984568e-08, 1.23026907772e-07, 1.03751105485e-07, 1.70376015518e-08, 1.24556045478e-08, 1.01505426287e-08, 3.14102432952e-09, 5.10201658699e-09, 6.92739865471e-09, 5.42566347406e-09, 5.13991960105e-09, 3.8306215977e-09, 2.64384514281e-09, 1.95654736856e-09, 7.76070430142e-10, 2.16403325815e-10, 9.81872777528e-11, 1.69460712823e-11], "var": [10.5352096558, 296.342071533, 316.203735352, 347.903076172, 944.858154297, 381.416564941, 303.215179443, 5167.6015625, 346.435852051, 484.409057617, 617.60736084, 1897.92858887, 4169.52392578, 717.226623535, 206.086791992, 1615.38342285, 2147.21948242, 5074.97070312, 6715.60839844, 3123.41357422, 665.37890625, 345.500610352, 250.026519775, 462.693695068, 45.0972175598, 13.8716058731, 24.751115799, 21.3709983826, 36.7053413391, 21.1274356842, 85.0790328979, 53.9286079407, 24.4416427612, 15.6639404297, 17.6715602875, 11.9388027191, 5.56469297409, 0.508871614933, 0.00299813691527, 2.29470128943e-06]}, "gfcc": {"mean": [-51.9126815796, 93.2084655762, -104.280052185, 23.222202301, -30.9787254333, 15.4447803497, -18.6493167877, 12.9816074371, -10.6552581787, 9.91973209381, 5.04914236069, 11.7973480225, -0.984734833241], "cov": [[10530.1396484, -1727.0559082, 1626.9152832, 205.143188477, -146.655807495, 743.51940918, -407.852966309, 263.838897705, -267.203887939, 275.543304443, -440.852508545, 104.861434937, -315.930664062], [-1727.0559082, 3228.73754883, -613.39251709, 594.666625977, 536.899597168, -310.403320312, 315.885070801, -204.937988281, 263.630554199, -246.155929565, 284.927246094, -238.83895874, 227.065063477], [1626.9152832, -613.39251709, 1821.75341797, 391.714233398, 431.772735596, 442.913024902, 99.8290252686, 234.209747314, 116.651374817, 163.888473511, -85.5730438232, 95.9184417725, -58.9718055725], [205.143188477, 594.666625977, 391.714233398, 585.838134766, 395.916778564, 220.374465942, 238.978424072, 69.8985824585, 172.588989258, -23.4191417694, 40.7631378174, -82.1083908081, 46.8632049561], [-146.655807495, 536.899597168, 431.772735596, 395.916778564, 698.395080566, 286.622497559, 369.84552002, 133.518615723, 207.126922607, 65.9462966919, 74.9083557129, -54.802936554, 44.8515777588], [743.51940918, -310.403320312, 442.913024902, 220.374465942, 286.622497559, 449.43838501, 263.067687988, 167.218353271, 96.6614151001, 87.0220413208, 14.12200737, 28.2413101196, -24.7730808258], [-407.852966309, 315.885070801, 99.8290252686, 238.978424072, 369.84552002, 263.067687988, 516.82232666, 181.551773071, 174.551208496, 50.5527229309, 172.301376343, 18.0672626495, 79.2490158081], [263.838897705, -204.937988281, 234.209747314, 69.8985824585, 133.518615723, 167.218353271, 181.551773071, 243.765136719, 106.092315674, 101.709671021, 42.0169372559, 44.6183776855, 10.3382301331], [-267.203887939, 263.630554199, 116.651374817, 172.588989258, 207.126922607, 96.6614151001, 174.551208496, 106.092315674, 203.67414856, 62.2174110413, 80.8817825317, -7.74779176712, 65.4594497681], [275.543304443, -246.155929565, 163.888473511, -23.4191417694, 65.9462966919, 87.0220413208, 50.5527229309, 101.709671021, 62.2174110413, 153.295120239, 47.9673347473, 60.9495697021, 16.6057300568], [-440.852508545, 284.927246094, -85.5730438232, 40.7631378174, 74.9083557129, 14.12200737, 172.301376343, 42.0169372559, 80.8817825317, 47.9673347473, 202.258300781, 71.5944900513, 90.7611160278], [104.861434937, -238.83895874, 95.9184417725, -82.1083908081, -54.802936554, 28.2413101196, 18.0672626495, 44.6183776855, -7.74779176712, 60.9495697021, 71.5944900513, 148.193405151, 44.9547424316], [-315.930664062, 227.065063477, -58.9718055725, 46.8632049561, 44.8515777588, -24.7730808258, 79.2490158081, 10.3382301331, 65.4594497681, 16.6057300568, 90.7611160278, 44.9547424316, 130.545181274]], "icov": [[0.000172508734977, -0.000107521620521, -6.25251923339e-05, -0.000135562280775, 0.000209728503251, -0.000422366836574, 0.000205697186175, -0.000191267812625, 0.000446705002105, -0.00047648572945, 0.000295114703476, -6.81134042679e-05, 1.78893023985e-05], [-0.000107521620521, 0.00117023230996, 0.000238432403421, -0.000629243208095, -0.000998131115921, 0.00135616899934, 1.91511730918e-06, 0.000503580144141, -0.000820732093416, 0.00158940884285, -0.00171587709337, 0.000906991248485, -0.000312842108542], [-6.25251923339e-05, 0.000238432403421, 0.00123987696134, -0.00093109725276, -0.000808439275716, -1.30354665089e-05, 0.000566454720683, -0.000308582850266, -0.000231332523981, -0.000114543661766, 0.000533370359335, -0.00156162667554, 0.000581660482567], [-0.000135562280775, -0.000629243208095, -0.00093109725276, 0.00513247959316, -0.000547074363567, -0.00183332990855, 0.000122845041915, 3.06419424305e-05, -0.0017771627754, 0.00237656291574, -0.000615864992142, 0.0023400336504, -0.00152242882177], [0.000209728503251, -0.000998131115921, -0.000808439275716, -0.000547074363567, 0.004855429288, -0.00158856541384, -0.00210348400287, 0.000679311924614, -7.77073364588e-05, -0.00310571258888, 0.00202520238236, 0.000894073629752, 4.6486260544e-05], [-0.000422366836574, 0.00135616899934, -1.30354665089e-05, -0.00183332990855, -0.00158856541384, 0.00801251735538, -0.00349100586027, 0.000676645955537, -0.00129836972337, 0.000255568942521, 0.000341331353411, -0.00144550111145, 0.00228217383847], [0.000205697186175, 1.91511730918e-06, 0.000566454720683, 0.000122845041915, -0.00210348400287, -0.00349100586027, 0.00801349896938, -0.00393013376743, 0.000384464685339, 0.00295086461119, -0.00506404554471, 0.00129391567316, -0.00127992359921], [-0.000191267812625, 0.000503580144141, -0.000308582850266, 3.06419424305e-05, 0.000679311924614, 0.000676645955537, -0.00393013376743, 0.0100402804092, -0.0040381657891, -0.00303161051124, 0.00185877247714, -0.0016284128651, 0.00167549063917], [0.000446705002105, -0.000820732093416, -0.000231332523981, -0.0017771627754, -7.77073364588e-05, -0.00129836972337, 0.000384464685339, -0.0040381657891, 0.0139586525038, -0.00515866279602, -0.000672118505463, 0.00333888502792, -0.00411681411788], [-0.00047648572945, 0.00158940884285, -0.000114543661766, 0.00237656291574, -0.00310571258888, 0.000255568942521, 0.00295086461119, -0.00303161051124, -0.00515866279602, 0.0169028528035, -0.00616530887783, -0.000485952594317, -0.000367941393051], [0.000295114703476, -0.00171587709337, 0.000533370359335, -0.000615864992142, 0.00202520238236, 0.000341331353411, -0.00506404554471, 0.00185877247714, -0.000672118505463, -0.00616530887783, 0.0166466496885, -0.00809425767511, -0.00120819488075], [-6.81134042679e-05, 0.000906991248485, -0.00156162667554, 0.0023400336504, 0.000894073629752, -0.00144550111145, 0.00129391567316, -0.0016284128651, 0.00333888502792, -0.000485952594317, -0.00809425767511, 0.0178034771234, -0.00664164079353], [1.78893023985e-05, -0.000312842108542, 0.000581660482567, -0.00152242882177, 4.6486260544e-05, 0.00228217383847, -0.00127992359921, 0.00167549063917, -0.00411681411788, -0.000367941393051, -0.00120819488075, -0.00664164079353, 0.015356537886]]}, "melbands": {"dmean": [0.00801382120699, 0.00481462385505, 0.00137733097654, 0.000819366716314, 0.000189181111637, 0.000276445469353, 8.67343915161e-05, 7.13049739716e-05, 5.62295026612e-05, 5.12096885359e-05, 4.75730157632e-05, 2.02649080165e-05, 1.85179560503e-05, 3.1146882975e-05, 2.90100742859e-05, 2.98357008433e-05, 2.67381765298e-05, 2.5737361284e-05, 2.49895711022e-05, 1.60047002282e-05, 1.31783081088e-05, 1.04506716525e-05, 4.41743941337e-06, 5.05559546582e-06, 6.30419708614e-06, 2.75021420748e-06, 1.75474849584e-06, 1.31375588808e-06, 1.54919882789e-06, 1.25669862427e-06, 1.33551293402e-06, 1.72516467956e-06, 1.40869985898e-06, 1.1588246025e-06, 2.06881873055e-06, 2.10712687476e-06, 1.84817906757e-06, 1.43898023452e-06, 1.24325049455e-06, 1.26652844301e-06], "dmean2": [0.00889104884118, 0.0053435890004, 0.0023555229418, 0.00152921758126, 0.000299572420772, 0.000377256918, 0.000137341441587, 0.000121664619655, 9.1490597697e-05, 8.29295677249e-05, 7.29077946744e-05, 2.97232963931e-05, 2.87551047222e-05, 4.51179366792e-05, 4.28609600931e-05, 4.89032281621e-05, 4.181917393e-05, 4.1424187657e-05, 4.10956854466e-05, 2.64807385975e-05, 2.22516409849e-05, 1.81211780728e-05, 7.36269112167e-06, 8.1903026512e-06, 9.78748357738e-06, 4.71431076221e-06, 2.91403762276e-06, 2.14153646994e-06, 2.54253313869e-06, 2.0599702566e-06, 2.14745136873e-06, 2.79287951344e-06, 2.28109547606e-06, 1.8477201138e-06, 3.48665162164e-06, 3.39079610967e-06, 3.04962031805e-06, 2.30911314247e-06, 2.01528064281e-06, 1.97832150661e-06], "dvar": [9.75126895355e-05, 8.77745551406e-05, 1.64409921126e-05, 6.67898439133e-06, 1.35641897714e-07, 3.59739971145e-07, 5.43340057391e-08, 6.82452139245e-08, 3.37709273879e-08, 3.2562446961e-08, 5.013726323e-08, 6.76597045057e-09, 3.16570747394e-09, 2.31322982991e-09, 8.92997675805e-09, 9.37026456427e-09, 1.33030182425e-08, 9.66952029557e-09, 1.1869214056e-08, 2.54044341119e-09, 9.6985552922e-10, 6.85443535264e-10, 1.0863676625e-10, 1.6036894035e-10, 2.35161556894e-10, 4.32396583816e-11, 8.84034512261e-12, 5.26680478743e-12, 9.8135189211e-12, 9.43877007803e-12, 1.047878017e-11, 1.8424995904e-11, 7.89227190545e-12, 6.4814200014e-12, 3.56085994024e-11, 3.98452174033e-11, 2.44678409478e-11, 1.37846444329e-11, 1.05891398081e-11, 1.23243195163e-11], "dvar2": [7.33113411115e-05, 0.000163713280926, 4.17310184275e-05, 1.9190239982e-05, 3.04029214249e-07, 5.68506834497e-07, 1.39531024956e-07, 1.7111779016e-07, 7.16929022815e-08, 7.09922431952e-08, 1.14261339945e-07, 1.28800214938e-08, 5.69424551955e-09, 5.06469799433e-09, 1.97643696964e-08, 1.99252170319e-08, 2.83532770595e-08, 1.84568964556e-08, 2.37439614637e-08, 6.21527806999e-09, 2.53004306394e-09, 1.82819248629e-09, 2.75589023824e-10, 3.57637891524e-10, 4.84331075246e-10, 1.09946808602e-10, 2.27708216866e-11, 1.24696563839e-11, 2.34124056947e-11, 2.47883363141e-11, 2.63025816405e-11, 4.61053729917e-11, 1.84857875535e-11, 1.51315366487e-11, 9.43237155049e-11, 1.03478565994e-10, 6.10737155293e-11, 3.14083030417e-11, 2.58644269197e-11, 2.81774794469e-11], "max": [0.0931162983179, 0.0707496851683, 0.0249216221273, 0.0154717024416, 0.00665022898465, 0.0161757394671, 0.0111364293844, 0.00740862358361, 0.0043938010931, 0.00433185650036, 0.00734484940767, 0.00249906466343, 0.00184403918684, 0.00146571570076, 0.00404461892322, 0.00302368798293, 0.00415469147265, 0.00386181124486, 0.00535749783739, 0.00172143033706, 0.000294488185318, 0.000415750168031, 0.000123842866742, 0.000326875946485, 0.000338443438523, 0.000148075690959, 3.18164093187e-05, 3.07560658257e-05, 3.45610533259e-05, 8.50906508276e-05, 5.7241126342e-05, 4.11970468122e-05, 2.71756216534e-05, 2.53022881225e-05, 4.80493108626e-05, 5.98918486503e-05, 3.62209648301e-05, 3.31648443535e-05, 2.85801106656e-05, 3.21063052979e-05], "mean": [0.0204731449485, 0.00681224046275, 0.00102322536986, 0.000556649407372, 0.000285046378849, 0.000553219637368, 0.00013113427849, 7.87645549281e-05, 6.88262880431e-05, 7.88388206274e-05, 7.95210871729e-05, 2.99624825857e-05, 2.60359156528e-05, 6.02214349783e-05, 5.18155502505e-05, 3.07183399855e-05, 3.0008261092e-05, 2.62902158283e-05, 2.39669516304e-05, 1.55609213834e-05, 1.30763692141e-05, 1.01738114608e-05, 5.01808654008e-06, 6.2492467805e-06, 8.71141037351e-06, 2.95103927783e-06, 2.16168996303e-06, 1.63199456438e-06, 1.51616563926e-06, 1.38091400004e-06, 1.20431604955e-06, 1.43224883686e-06, 1.22296410154e-06, 1.03723300526e-06, 1.59697208346e-06, 1.70559417256e-06, 1.41343912219e-06, 1.18304137686e-06, 9.88712372418e-07, 1.06134507405e-06], "median": [0.010938889347, 0.00103469647001, 3.55750817107e-05, 2.83567369479e-05, 6.96224306012e-05, 8.85193148861e-05, 3.23712229147e-05, 2.35925162997e-05, 1.49344923557e-05, 1.44280102177e-05, 2.18526965909e-05, 9.44469502429e-06, 8.84452401806e-06, 3.97327567043e-05, 2.72309880529e-05, 5.24512915945e-06, 5.4500474107e-06, 3.95722963731e-06, 3.91322373616e-06, 3.78523191102e-06, 4.99166799273e-06, 3.9569654291e-06, 1.59547516887e-06, 1.57563806624e-06, 2.96793496091e-06, 1.14417537134e-06, 1.12749728487e-06, 7.16580473181e-07, 3.50601538912e-07, 3.30843221263e-07, 1.72388595843e-07, 1.41609930893e-07, 1.53620561605e-07, 1.00132403702e-07, 1.0261477712e-07, 8.87375151137e-08, 5.71220439838e-08, 5.89524056238e-08, 4.61104967542e-08, 3.19572635021e-08], "min": [6.65124422553e-14, 3.08608356697e-14, 7.36661504908e-15, 1.4098696711e-13, 4.22339111383e-13, 5.92811823935e-13, 4.53321923185e-13, 4.17169743845e-13, 5.76144112887e-13, 8.39368234206e-13, 3.29467573015e-13, 7.06469794774e-14, 4.54572225131e-14, 3.20705782894e-14, 3.23889271523e-14, 3.25481015837e-14, 4.65075365914e-14, 1.32227779073e-13, 1.70501321937e-13, 7.30906830827e-14, 5.14273207895e-14, 9.77580443353e-14, 1.0417125604e-13, 4.66979089403e-14, 1.06666140764e-13, 9.06838894341e-14, 4.01699107192e-14, 5.10287926348e-15, 7.0005896662e-15, 8.28601849135e-15, 4.89418178022e-15, 1.48242126599e-15, 1.69237627554e-15, 3.21959319658e-15, 3.59728370545e-15, 4.28794886493e-15, 2.98468216119e-15, 3.8609358393e-15, 2.81009109482e-15, 3.62789293507e-15], "var": [0.000597865961026, 0.000189335594769, 1.24614371089e-05, 3.99705731979e-06, 3.02431516275e-07, 1.99992541638e-06, 6.83293990278e-08, 6.84293652853e-08, 5.24735597196e-08, 7.91617864593e-08, 1.04482701602e-07, 1.27944961292e-08, 5.6574780416e-09, 5.00997865416e-09, 1.8337116714e-08, 1.29456463327e-08, 2.14636717288e-08, 1.93671922943e-08, 1.96976959188e-08, 2.42239361903e-09, 7.9274881104e-10, 5.55855583784e-10, 1.37710440273e-10, 2.66110411484e-10, 4.00657035327e-10, 4.35603116078e-11, 8.71058173507e-12, 6.07555585702e-12, 9.98889339299e-12, 9.71903373753e-12, 9.23228507532e-12, 1.53797617003e-11, 7.53206351456e-12, 6.37077890442e-12, 2.59542439623e-11, 3.18601152405e-11, 2.00363163561e-11, 1.29707885058e-11, 9.08703581132e-12, 1.15610689425e-11]}, "mfcc": {"mean": [-703.383911133, 134.413269043, -4.40886259079, 22.8449230194, 13.3587627411, 11.3833761215, 10.6899356842, 10.7537412643, 1.11605846882, 4.81691360474, 5.65474748611, 10.587808609, 12.544585228], "cov": [[7366.93261719, -901.630371094, 723.640380859, -207.665893555, 234.815689087, 126.363121033, -77.3677368164, -73.1631240845, 23.2308311462, 72.0104827881, 42.6341896057, -115.009391785, -183.383117676], [-901.630371094, 2153.765625, -403.445739746, 658.573852539, 192.79624939, 94.6609573364, 83.976234436, 70.0786437988, 40.0344963074, 27.1996364594, 9.85286521912, 55.670539856, 148.943634033], [723.640380859, -403.445739746, 1056.20056152, 151.740844727, 305.531677246, 192.926620483, 89.3956069946, 122.290641785, 131.155899048, 49.6045188904, 76.6985168457, 30.8571529388, 11.1172161102], [-207.665893555, 658.573852539, 151.740844727, 534.009155273, 277.857055664, 198.065414429, 136.534744263, 128.863128662, 152.775741577, 100.937004089, 59.8691978455, 63.5722236633, 84.2299880981], [234.815689087, 192.79624939, 305.531677246, 277.857055664, 398.614776611, 243.359924316, 120.668922424, 101.202003479, 161.615081787, 110.777404785, 80.6764221191, 50.6507911682, 45.3076324463], [126.363121033, 94.6609573364, 192.926620483, 198.065414429, 243.359924316, 352.918273926, 211.092590332, 164.955276489, 162.268875122, 116.811737061, 81.5137405396, 81.3753662109, 80.2499923706], [-77.3677368164, 83.976234436, 89.3956069946, 136.534744263, 120.668922424, 211.092590332, 313.178771973, 209.111968994, 140.059799194, 128.432479858, 97.7922592163, 116.694038391, 82.0274658203], [-73.1631240845, 70.0786437988, 122.290641785, 128.863128662, 101.202003479, 164.955276489, 209.111968994, 242.250198364, 146.199630737, 104.986000061, 89.4421463013, 102.047050476, 76.5434494019], [23.2308311462, 40.0344963074, 131.155899048, 152.775741577, 161.615081787, 162.268875122, 140.059799194, 146.199630737, 209.250427246, 142.509536743, 84.713684082, 72.9428329468, 54.3693313599], [72.0104827881, 27.1996364594, 49.6045188904, 100.937004089, 110.777404785, 116.811737061, 128.432479858, 104.986000061, 142.509536743, 185.919784546, 101.086051941, 65.7250213623, 33.6509742737], [42.6341896057, 9.85286521912, 76.6985168457, 59.8691978455, 80.6764221191, 81.5137405396, 97.7922592163, 89.4421463013, 84.713684082, 101.086051941, 131.261535645, 71.462310791, 24.0758361816], [-115.009391785, 55.670539856, 30.8571529388, 63.5722236633, 50.6507911682, 81.3753662109, 116.694038391, 102.047050476, 72.9428329468, 65.7250213623, 71.462310791, 136.259384155, 96.1009750366], [-183.383117676, 148.943634033, 11.1172161102, 84.2299880981, 45.3076324463, 80.2499923706, 82.0274658203, 76.5434494019, 54.3693313599, 33.6509742737, 24.0758361816, 96.1009750366, 145.478713989]], "icov": [[0.000160287876497, 1.86689885595e-05, -9.1013207566e-05, 9.84742800938e-05, -9.20452075661e-05, -9.02608662727e-05, 6.4073545218e-05, 2.7521944503e-05, 0.000101568301034, -0.000168539118022, 2.08442943403e-05, 3.61529200745e-05, 0.000134420275572], [1.86689885595e-05, 0.0011354641756, 0.000632957438938, -0.00161697715521, -0.000314761418849, 0.000304791261442, -4.73727641292e-06, -0.000246052979492, 0.000741940282751, 0.000268049974693, -0.000373599032173, 0.000533138751052, -0.000818750704639], [-9.1013207566e-05, 0.000632957438938, 0.00174002873246, -0.000729586579837, -0.00125496042892, 0.000197709465283, 0.000189581493032, -0.000808715994935, 9.18853693292e-05, 0.00101963314228, -0.000668443390168, 0.000440219620941, -0.000323290878441], [9.84742800938e-05, -0.00161697715521, -0.000729586579837, 0.00569922709838, -0.00184993539006, -0.000256824569078, -0.000119924676255, -0.000333057541866, -0.00147139106411, -0.000517620181199, 0.000864289875608, 2.07708271773e-05, 9.15153759706e-06], [-9.20452075661e-05, -0.000314761418849, -0.00125496042892, -0.00184993539006, 0.00749369570985, -0.00335643789731, 0.000522712711245, 0.0021829737816, -0.00243603135459, -9.80427867034e-05, -0.00112645095214, -0.000230758247199, 0.000719543138985], [-9.02608662727e-05, 0.000304791261442, 0.000197709465283, -0.000256824569078, -0.00335643789731, 0.00798312015831, -0.00341890729032, -0.000704377598595, -0.0011918831151, 0.000543506757822, -6.76470226608e-05, 0.00176301039755, -0.00218598288484], [6.4073545218e-05, -4.73727641292e-06, 0.000189581493032, -0.000119924676255, 0.000522712711245, -0.00341890729032, 0.0102967601269, -0.00600080890581, 0.00204083160497, -0.00282720825635, 0.000557985738851, -0.00324613670819, 0.00115853198804], [2.7521944503e-05, -0.000246052979492, -0.000808715994935, -0.000333057541866, 0.0021829737816, -0.000704377598595, -0.00600080890581, 0.0137406233698, -0.0059814658016, 0.00236236955971, -0.00223715021275, -0.00142326764762, -0.000596737023443], [0.000101568301034, 0.000741940282751, 9.18853693292e-05, -0.00147139106411, -0.00243603135459, -0.0011918831151, 0.00204083160497, -0.0059814658016, 0.0168990474194, -0.00868281535804, 0.0013832191471, -0.0002702124184, -0.000731719599571], [-0.000168539118022, 0.000268049974693, 0.00101963314228, -0.000517620181199, -9.80427867034e-05, 0.000543506757822, -0.00282720825635, 0.00236236955971, -0.00868281535804, 0.0161143001169, -0.00739776808769, 0.000905990425963, -3.98655720346e-05], [2.08442943403e-05, -0.000373599032173, -0.000668443390168, 0.000864289875608, -0.00112645095214, -6.76470226608e-05, 0.000557985738851, -0.00223715021275, 0.0013832191471, -0.00739776808769, 0.0180922672153, -0.00874300859869, 0.00518561713398], [3.61529200745e-05, 0.000533138751052, 0.000440219620941, 2.07708271773e-05, -0.000230758247199, 0.00176301039755, -0.00324613670819, -0.00142326764762, -0.0002702124184, 0.000905990425963, -0.00874300859869, 0.0233501382172, -0.0129538234323], [0.000134420275572, -0.000818750704639, -0.000323290878441, 9.15153759706e-06, 0.000719543138985, -0.00218598288484, 0.00115853198804, -0.000596737023443, -0.000731719599571, -3.98655720346e-05, 0.00518561713398, -0.0129538234323, 0.0165250450373]]}, "spectral_contrast_coeffs": {"dmean": [0.0574503950775, 0.0502892620862, 0.0370586626232, 0.0343010984361, 0.0234316401184, 0.0223380941898], "dmean2": [0.0916124358773, 0.0814966708422, 0.0598253011703, 0.0543493852019, 0.036271315068, 0.0338018201292], "dvar": [0.00298682646826, 0.00202928157523, 0.00103060621768, 0.000863951514475, 0.000439306226326, 0.000485533557367], "dvar2": [0.00617037713528, 0.00524929817766, 0.00245669134893, 0.00207486958243, 0.000952117377892, 0.000961601792369], "max": [-0.26534101367, -0.298504263163, -0.361771404743, -0.486850142479, -0.590376198292, -0.602542340755], "mean": [-0.689173877239, -0.719466328621, -0.751803696156, -0.785669863224, -0.780393362045, -0.787136554718], "median": [-0.711731612682, -0.737971782684, -0.758335113525, -0.791839659214, -0.786217391491, -0.79412728548], "min": [-0.916552782059, -0.987324476242, -0.967741906643, -0.94473105669, -0.94244158268, -0.91775405407], "var": [0.0105562293902, 0.0101695824414, 0.00435749720782, 0.00298538780771, 0.00188144750427, 0.00187261751853]}, "spectral_contrast_valleys": {"dmean": [0.45020583272, 0.455425679684, 0.374282479286, 0.45538637042, 0.434588998556, 0.740927457809], "dmean2": [0.72707849741, 0.720894932747, 0.5964589715, 0.694149851799, 0.629380643368, 0.92902547121], "dvar": [0.204259395599, 0.272136092186, 0.161312893033, 0.309783130884, 0.283985495567, 0.619665503502], "dvar2": [0.395734220743, 0.625661730766, 0.368871301413, 0.686021745205, 0.591661989689, 1.12429070473], "max": [-5.3256316185, -4.65730285645, -5.81585788727, -5.5126042366, -5.96996355057, -7.56249523163], "mean": [-7.65666294098, -7.45247030258, -7.84466266632, -8.21255970001, -8.36229610443, -10.92298