{"lowlevel": {"average_loudness": 0.838060438633, "barkbands_crest": {"dmean": 3.10541391373, "dmean2": 4.94437217712, "dvar": 8.60608768463, "dvar2": 18.7214221954, "max": 26.8388557434, "mean": 13.7505645752, "median": 13.3696012497, "min": 2.3885436058, "var": 36.3974113464}, "barkbands_flatness_db": {"dmean": 0.0516436547041, "dmean2": 0.067963115871, "dvar": 0.00232459884137, "dvar2": 0.00380016374402, "max": 0.591794073582, "mean": 0.237892091274, "median": 0.230333805084, "min": 0.0311766508967, "var": 0.0103258984163}, "barkbands_kurtosis": {"dmean": 44.8148803711, "dmean2": 68.0929794312, "dvar": 39532.3671875, "dvar2": 81163.65625, "max": 4990.21777344, "mean": 53.1904830933, "median": 7.71284294128, "min": -1.93910253048, "var": 53129.7695312}, "barkbands_skewness": {"dmean": 2.02238535881, "dmean2": 2.91327619553, "dvar": 9.5785036087, "dvar2": 17.5768489838, "max": 57.3637657166, "mean": 3.72564101219, "median": 2.6045165062, "min": -3.43654513359, "var": 26.0493869781}, "barkbands_spread": {"dmean": 9.87729549408, "dmean2": 15.5542621613, "dvar": 191.967010498, "dvar2": 422.56628418, "max": 95.968711853, "mean": 15.1048269272, "median": 9.1326751709, "min": 0.0389456525445, "var": 268.532775879}, "dissonance": {"dmean": 0.0251506380737, "dmean2": 0.0417732261121, "dvar": 0.000913606665563, "dvar2": 0.00250184489414, "max": 0.5, "mean": 0.460165262222, "median": 0.470787674189, "min": 0.122940145433, "var": 0.00134163349867}, "dynamic_complexity": 6.74220371246, "erbbands_crest": {"dmean": 3.33289933205, "dmean2": 5.43651437759, "dvar": 8.50117111206, "dvar2": 20.9972629547, "max": 29.8860855103, "mean": 10.3876743317, "median": 9.44501209259, "min": 2.6735470295, "var": 21.2153129578}, "erbbands_flatness_db": {"dmean": 0.0321221239865, "dmean2": 0.0473765581846, "dvar": 0.000992869725451, "dvar2": 0.00186928606126, "max": 0.468749850988, "mean": 0.194308191538, "median": 0.185317248106, "min": 0.0635985285044, "var": 0.00503685278818}, "erbbands_kurtosis": {"dmean": 2.86221981049, "dmean2": 4.6695189476, "dvar": 25.1405391693, "dvar2": 58.7250747681, "max": 81.8143539429, "mean": 1.89268267155, "median": 0.287873148918, "min": -1.94091689587, "var": 31.7168369293}, "erbbands_skewness": {"dmean": 0.89441627264, "dmean2": 1.30834591389, "dvar": 0.887556910515, "dvar2": 1.85353541374, "max": 7.93565607071, "mean": 0.190062254667, "median": 0.0775958895683, "min": -5.18322277069, "var": 1.95551967621}, "erbbands_spread": {"dmean": 20.1220226288, "dmean2": 32.3759498596, "dvar": 585.092224121, "dvar2": 1359.3347168, "max": 187.558044434, "mean": 49.6103401184, "median": 40.7869338989, "min": 1.67256700993, "var": 1357.13696289}, "hfc": {"dmean": 13.3757286072, "dmean2": 21.8178806305, "dvar": 821.235412598, "dvar2": 2078.12744141, "max": 339.457763672, "mean": 14.7696380615, "median": 6.16825151443, "min": 1.08181168669e-16, "var": 753.672180176}, "melbands_crest": {"dmean": 3.46080136299, "dmean2": 5.62228441238, "dvar": 11.1339797974, "dvar2": 27.4215717316, "max": 36.4499359131, "mean": 17.5207099915, "median": 18.4074020386, "min": 1.73269557953, "var": 54.5331764221}, "melbands_flatness_db": {"dmean": 0.0611449144781, "dmean2": 0.0802270248532, "dvar": 0.00335573148914, "dvar2": 0.00546034099534, "max": 0.717000424862, "mean": 0.306978106499, "median": 0.312979519367, "min": 0.00364625500515, "var": 0.0186418257654}, "melbands_kurtosis": {"dmean": 59.7573471069, "dmean2": 91.1859054565, "dvar": 12333.3095703, "dvar2": 26230.3730469, "max": 1432.74462891, "mean": 91.9585189819, "median": 27.2634086609, "min": -1.81896448135, "var": 23497.8046875}, "melbands_skewness": {"dmean": 2.16643166542, "dmean2": 3.3024418354, "dvar": 7.21747016907, "dvar2": 15.3761739731, "max": 28.2493095398, "mean": 5.36617708206, "median": 4.17153358459, "min": -2.42649316788, "var": 26.046415329}, "melbands_spread": {"dmean": 11.8465995789, "dmean2": 18.9603004456, "dvar": 437.437042236, "dvar2": 1009.61706543, "max": 208.195861816, "mean": 20.9772701263, "median": 9.19794273376, "min": 0.218542516232, "var": 985.990722656}, "pitch_salience": {"dmean": 0.0942991152406, "dmean2": 0.150121822953, "dvar": 0.00750986579806, "dvar2": 0.0174887515604, "max": 0.938782930374, "mean": 0.464109748602, "median": 0.46924418211, "min": 0.0260945614427, "var": 0.0376321449876}, "silence_rate_20dB": {"dmean": 0, "dmean2": 0, "dvar": 0, "dvar2": 0, "max": 1, "mean": 1, "median": 1, "min": 1, "var": 0}, "silence_rate_30dB": {"dmean": 0.035695720464, "dmean2": 0.0714038163424, "dvar": 0.0344246737659, "dvar2": 0.0867549553514, "max": 1, "mean": 0.97314620018, "median": 1, "min": 0, "var": 0.0261321943253}, "silence_rate_60dB": {"dmean": 0.049211576581, "dmean2": 0.098440207541, "dvar": 0.0467914938927, "dvar2": 0.0939566716552, "max": 1, "mean": 0.306479543447, "median": 0, "min": 0, "var": 0.212548971176}, "spectral_centroid": {"dmean": 518.15234375, "dmean2": 775.016662598, "dvar": 443910.21875, "dvar2": 847759.8125, "max": 11780.8632812, "mean": 1295.25854492, "median": 862.149169922, "min": 79.5943756104, "var": 1871017.125}, "spectral_complexity": {"dmean": 4.45156812668, "dmean2": 6.48908138275, "dvar": 46.7453041077, "dvar2": 95.1921005249, "max": 53, "mean": 8.43451118469, "median": 5, "min": 0, "var": 89.0979690552}, "spectral_decrease": {"dmean": 4.16274348325e-09, "dmean2": 7.02539626474e-09, "dvar": 3.35121074781e-17, "dvar2": 1.01576786605e-16, "max": 2.01754041331e-28, "mean": -1.00801660352e-08, "median": -9.5881933504e-09, "min": -5.02487154108e-08, "var": 9.55650364361e-17}, "spectral_energy": {"dmean": 0.0163109973073, "dmean2": 0.0274745132774, "dvar": 0.000493316503707, "dvar2": 0.00148885126691, "max": 0.191018924117, "mean": 0.0393845401704, "median": 0.0374775454402, "min": 1.00447336748e-20, "var": 0.00143225293141}, "spectral_energyband_high": {"dmean": 0.00138391111977, "dmean2": 0.00234448490664, "dvar": 1.20676359074e-05, "dvar2": 3.1472689443e-05, "max": 0.0388627164066, "mean": 0.00104912975803, "median": 6.33168165223e-05, "min": 7.05536918011e-21, "var": 9.19687408896e-06}, "spectral_energyband_low": {"dmean": 0.0147335100919, "dmean2": 0.0253181811422, "dvar": 0.000480651244288, "dvar2": 0.00146975950338, "max": 0.187656015158, "mean": 0.0315578058362, "median": 0.0273168720305, "min": 2.21630692203e-23, "var": 0.00113493599929}, "spectral_energyband_middle_high": {"dmean": 0.00192276702728, "dmean2": 0.00295047438703, "dvar": 1.8676286345e-05, "dvar2": 4.20382348238e-05, "max": 0.048543728888, "mean": 0.00221520033665, "median": 0.00026344860089, "min": 1.27553593057e-21, "var": 2.29390643653e-05}, "spectral_energyband_middle_low": {"dmean": 0.00285393628292, "dmean2": 0.00416507804766, "dvar": 3.42160092259e-05, "dvar2": 7.78090034146e-05, "max": 0.111463956535, "mean": 0.00558135937899, "median": 0.00178527168464, "min": 2.02662746307e-22, "var": 8.15823514131e-05}, "spectral_entropy": {"dmean": 0.361630052328, "dmean2": 0.505952477455, "dvar": 0.136257261038, "dvar2": 0.261229336262, "max": 9.82150650024, "mean": 7.25543212891, "median": 7.2666053772, "min": 4.8142375946, "var": 0.494285732508}, "spectral_flux": {"dmean": 0.0305609907955, "dmean2": 0.0474708862603, "dvar": 0.00126928125974, "dvar2": 0.00286659528501, "max": 0.311142295599, "mean": 0.0786824822426, "median": 0.0641113966703, "min": 6.36839400658e-11, "var": 0.00430207373574}, "spectral_kurtosis": {"dmean": 5.45643043518, "dmean2": 8.79475975037, "dvar": 133.653457642, "dvar2": 358.609588623, "max": 172.649551392, "mean": 8.83849620819, "median": 2.94550395012, "min": -1.27282345295, "var": 288.247558594}, "spectral_rms": {"dmean": 0.00114813854452, "dmean2": 0.00184775982052, "dvar": 1.78778930149e-06, "dvar2": 5.03888031744e-06, "max": 0.0136513710022, "mean": 0.00501991529018, "median": 0.00604677246884, "min": 3.13045379549e-12, "var": 1.32243776534e-05}, "spectral_rolloff": {"dmean": 706.032409668, "dmean2": 1246.61279297, "dvar": 2302496.25, "dvar2": 4841111, "max": 19444.4824219, "mean": 1552.87756348, "median": 344.53125, "min": 64.599609375, "var": 7670274}, "spectral_skewness": {"dmean": 0.603927612305, "dmean2": 0.93355846405, "dvar": 0.517518699169, "dvar2": 1.33000946045, "max": 9.88732337952, "mean": 1.72551417351, "median": 1.32426762581, "min": -0.69582849741, "var": 1.86403381824}, "spectral_spread": {"dmean": 1090637.75, "dmean2": 1617747, "dvar": 1817232408580.0, "dvar2": 3456870645760.0, "max": 43206856, "mean": 4828888, "median": 4358597, "min": 508466.15625, "var": 16628435648500.0}, "spectral_strongpeak": {"dmean": 0.324577242136, "dmean2": 0.552773118019, "dvar": 0.724225819111, "dvar2": 1.88781797886, "max": 19.5187015533, "mean": 0.525080263615, "median": 0.321471273899, "min": 0, "var": 0.869063556194}, "zerocrossingrate": {"dmean": 0.0168266240507, "dmean2": 0.0198095794767, "dvar": 0.000436676375102, "dvar2": 0.000502053590026, "max": 0.5244140625, "mean": 0.0560203753412, "median": 0.03564453125, "min": 0.00244140625, "var": 0.00505257165059}, "barkbands": {"dmean": [0.000190946055227, 0.012375485152, 0.00365768978372, 0.00159741460811, 0.000956664793193, 0.000489790574647, 0.000249707693001, 0.00011986795289, 0.000236973297433, 0.000141735727084, 0.000276850914815, 0.000221411886741, 0.000103863196273, 8.92515963642e-05, 6.99535303283e-05, 0.000216605258174, 0.000266729301075, 0.000185816796147, 0.000504433352035, 0.00030689756386, 0.000425134960096, 0.000276529433904, 0.000292371230898, 0.00022793248354, 4.24839781772e-05, 1.3780797417e-05, 1.93517780644e-06], "dmean2": [0.000287471018964, 0.02093613334, 0.00648725684732, 0.00244363746606, 0.00154633249622, 0.000764344236813, 0.000392178364564, 0.000195083106519, 0.000377172109438, 0.000226767355343, 0.000400184566388, 0.000358080811566, 0.000161377844051, 0.000139666881296, 0.000110104418127, 0.000338405545335, 0.000436515198089, 0.000307939364575, 0.000862177927047, 0.000521034526173, 0.000758727721404, 0.000471056759125, 0.000488469435368, 0.000411631859606, 7.51144834794e-05, 2.43836202571e-05, 3.40071483151e-06], "dvar": [1.90706941794e-07, 0.000353928975528, 3.8245201722e-05, 1.20388549476e-05, 7.53189715397e-06, 2.34228718909e-06, 2.9120295153e-07, 7.06089764435e-08, 2.25516899377e-07, 1.11294809813e-07, 7.41679968996e-07, 5.11495784394e-07, 7.19619990264e-08, 7.67513625988e-08, 5.39662821097e-08, 7.82024528689e-07, 1.04236437437e-06, 3.08374467295e-07, 4.19506159233e-06, 1.19707760859e-06, 3.02753937831e-06, 6.82292011334e-07, 6.73681142871e-07, 1.10752080218e-06, 2.24980354346e-08, 2.56466026194e-09, 8.34904645419e-11], "dvar2": [4.27764177857e-07, 0.00104674033355, 0.00012046568736, 3.01009404211e-05, 1.89153579413e-05, 5.57511248189e-06, 7.34802370062e-07, 1.8306204197e-07, 5.42592260899e-07, 2.5471709364e-07, 1.27388250348e-06, 1.21339667203e-06, 1.60485214451e-07, 1.73277086901e-07, 1.29631345658e-07, 1.61854404723e-06, 2.18178729483e-06, 7.70797271343e-07, 1.08673666546e-05, 3.01608156406e-06, 8.32493697089e-06, 1.74959893684e-06, 1.74728506863e-06, 3.11118265017e-06, 6.32869330275e-08, 7.13229342253e-09, 2.25146817856e-10], "max": [0.0100518381223, 0.153468489647, 0.0520679280162, 0.0618162453175, 0.0653885826468, 0.0368208959699, 0.00973938964307, 0.0033999143634, 0.00449483841658, 0.00417472561821, 0.0199837312102, 0.0139494426548, 0.00417364947498, 0.0054726540111, 0.00468153320253, 0.0197558924556, 0.0179118439555, 0.0076183504425, 0.0332016423345, 0.0165372379124, 0.0268347430974, 0.00803299061954, 0.00900847092271, 0.0243780165911, 0.00303968065418, 0.000826607516501, 0.000148073784658], "mean": [0.00095089408569, 0.0233325604349, 0.00628283899277, 0.00224753818475, 0.00181630463339, 0.000683276390191, 0.000361434562365, 0.000142264500028, 0.000287045870209, 0.000156337133376, 0.000328499707393, 0.000257191597484, 0.000124734826386, 9.33173287194e-05, 7.60233597248e-05, 0.000234491119045, 0.000297953258269, 0.000162758675287, 0.00040104179061, 0.000241975794779, 0.000293344288366, 0.000202857569093, 0.000219404639211, 0.000150136504089, 2.90338721243e-05, 9.60403394856e-06, 1.48307378822e-06], "median": [0.000227776996326, 0.0176003556699, 0.00116262352094, 0.000277466955595, 0.0002775422181, 0.000168782018591, 6.96213828633e-05, 3.25931796397e-05, 5.47771560377e-05, 1.54246081365e-05, 1.82477524504e-05, 1.14240374387e-05, 1.02425383375e-05, 7.02133002051e-06, 5.51705852558e-06, 7.13779081707e-06, 1.27635230456e-05, 1.54620429385e-05, 1.51493886733e-05, 1.0942821973e-05, 7.39190727472e-06, 7.00973214407e-06, 1.30790604089e-05, 7.27596489014e-06, 1.04619903141e-06, 1.27703771113e-07, 4.19932355555e-09], "min": [5.48860821645e-25, 2.9981540255e-24, 1.65293595067e-24, 1.73993153129e-24, 9.61364117037e-24, 7.74523831585e-24, 6.80003937871e-24, 9.30229828146e-24, 2.237885581e-23, 1.93719704748e-23, 1.92919089815e-23, 4.28967193249e-23, 3.81853611644e-23, 4.2511427037e-23, 3.74224380058e-23, 6.06644701514e-23, 4.99915765343e-23, 8.63727970312e-23, 1.60821021158e-22, 1.77930783103e-22, 2.64940891394e-22, 2.89187395907e-22, 3.57642195664e-22, 5.52133163408e-22, 8.70673025991e-22, 1.37278175523e-21, 1.93239569291e-21], "var": [2.14138663068e-06, 0.000714143679943, 7.98353721621e-05, 2.0874043912e-05, 1.80696115422e-05, 3.1375366234e-06, 4.66438194735e-07, 7.62433671753e-08, 2.88022562245e-07, 1.32242817585e-07, 1.16846933906e-06, 7.79990784849e-07, 1.05502664383e-07, 9.11855195795e-08, 7.59354037427e-08, 1.10841597234e-06, 1.44065256791e-06, 2.79843590079e-07, 3.36831135428e-06, 9.84733105724e-07, 1.96456312551e-06, 5.20126604897e-07, 5.09492679157e-07, 6.64662366034e-07, 1.37265594446e-08, 1.67383407135e-09, 6.18034304289e-11]}, "erbbands": {"dmean": [0.302503854036, 3.04173445702, 5.25507354736, 3.80979323387, 4.22330856323, 3.14327669144, 2.95762491226, 4.73870897293, 3.28300142288, 3.58057975769, 3.12601947784, 5.31471252441, 4.76550483704, 3.54168987274, 13.6774168015, 9.1383600235, 5.70497846603, 5.10404682159, 2.90008330345, 5.46667861938, 13.7487287521, 16.6091423035, 10.609462738, 21.8939285278, 19.3291168213, 13.6483888626, 17.7302284241, 15.2305088043, 10.3863239288, 10.697520256, 6.33661317825, 6.51957321167, 2.54038453102, 0.745000481606, 0.185798510909, 0.0745152160525, 0.0213329605758, 0.00394773157313, 0.000350172107574, 2.8628797736e-05], "dmean2": [0.497074335814, 5.19530487061, 9.36654472351, 6.08862257004, 6.40120649338, 5.16581630707, 4.77946615219, 7.41190576553, 5.16334104538, 5.88077545166, 4.91455745697, 8.53539180756, 7.74250030518, 5.32581710815, 19.9099903107, 14.3244218826, 8.65372848511, 7.93599891663, 4.44869947433, 8.6723651886, 21.5299758911, 26.957447052, 17.7400798798, 36.981338501, 33.2815704346, 23.1758728027, 31.1644477844, 27.3307685852, 17.9518299103, 17.6246814728, 10.7906332016, 11.7702407837, 4.56082868576, 1.32015144825, 0.327126532793, 0.133761018515, 0.0373959615827, 0.00671370653436, 0.000627913337667, 4.88930345455e-05], "dvar": [0.213436573744, 21.7238578796, 71.9518814087, 59.1345672607, 85.3018951416, 143.508148193, 72.7598800659, 293.820007324, 69.7369842529, 66.7073059082, 41.8661499023, 121.94909668, 138.765686035, 61.276008606, 1913.25610352, 892.306030273, 237.754867554, 242.847167969, 51.6281967163, 386.432067871, 3097.08032227, 4627.86425781, 1005.95617676, 7357.52001953, 6104.31884766, 2114.41333008, 4944.1875, 3621.41430664, 949.402770996, 882.921447754, 343.128356934, 986.377502441, 104.022270203, 7.66177177429, 0.388000041246, 0.0765584334731, 0.00617246329784, 0.000263237976469, 2.6279069516e-06, 3.45495809739e-09], "dvar2": [0.587641298771, 65.3580245972, 238.882156372, 148.571411133, 187.258255005, 355.018920898, 189.281600952, 692.952880859, 180.511367798, 175.024658203, 100.20300293, 294.757507324, 336.550201416, 130.518585205, 3414.13818359, 2038.35498047, 526.114135742, 539.846496582, 123.708808899, 851.395812988, 6432.76904297, 9451.94335938, 2457.09277344, 19214.3066406, 15774.6650391, 5265.48681641, 13206.3955078, 10080.7226562, 2482.88916016, 2198.27441406, 912.143005371, 2767.37866211, 292.477630615, 21.6396369934, 1.08161687851, 0.216843888164, 0.0168224647641, 0.000684944738168, 7.24045185052e-06, 9.41895272888e-09], "max": [4.31156826019, 33.8721199036, 71.9347305298, 112.7735672, 136.316818237, 349.21307373, 209.983627319, 427.887237549, 193.49508667, 99.320098877, 75.9260101318, 111.849220276, 134.557296753, 128.409439087, 987.618713379, 666.373046875, 256.197692871, 296.188537598, 137.181976318, 336.613525391, 1262.98352051, 1311.03991699, 486.569366455, 1185.78137207, 1208.19970703, 677.73626709, 1251.61791992, 1103.02270508, 295.028320312, 296.334594727, 272.909698486, 765.615966797, 194.020004272, 64.265296936, 9.41751098633, 4.83383846283, 1.15469408035, 0.212083771825, 0.028595296666, 0.00122394005302], "mean": [0.778678417206, 4.71637010574, 8.47948074341, 6.49860811234, 7.64202308655, 6.14096927643, 3.96475577354, 6.5188035965, 5.052526474, 4.2554359436, 4.36952590942, 6.25766992569, 4.83697795868, 4.82193422318, 16.0574054718, 11.4622459412, 6.78387832642, 5.76648426056, 3.21538352966, 5.70646953583, 14.949886322, 19.2517280579, 9.56651210785, 17.7817878723, 15.2587528229, 10.857635498, 12.8903465271, 10.2833490372, 7.48909282684, 8.33848571777, 4.65538167953, 4.33438491821, 1.68379187584, 0.504478037357, 0.128292486072, 0.0503967776895, 0.0151968766004, 0.00305770453997, 0.000273831130471, 5.33763559361e-05], "median": [0.59088653326, 2.74247312546, 2.77573442459, 2.20091772079, 1.3182926178, 0.767075419426, 0.865693926811, 1.63508749008, 1.18971991539, 1.0280482769, 0.870054066181, 1.3032271862, 0.671980977058, 0.610888063908, 0.721473455429, 0.488293737173, 0.499975264072, 0.428283929825, 0.3290771842, 0.337825089693, 0.492667555809, 0.749807298183, 0.907494544983, 0.894364356995, 0.676026821136, 0.511272311211, 0.389325261116, 0.237788751721, 0.239195302129, 0.388421118259, 0.303252756596, 0.223144561052, 0.0801391080022, 0.0202263183892, 0.00419996771961, 0.000967220403254, 0.000188143429114, 2.1093088435e-05, 2.34429899137e-05, 4.52432359452e-05], "min": [1.36306127232e-22, 7.55203126025e-22, 4.37321423348e-21, 5.8201841538e-21, 1.38660657667e-20, 2.08395279103e-20, 2.46267371864e-20, 9.16246121787e-20, 8.99730233011e-20, 1.4688931146e-19, 3.43844685923e-19, 5.54362332764e-19, 6.51035241146e-19, 7.48830013233e-19, 1.06086523606e-18, 1.76450094405e-18, 1.78720643148e-18, 2.46636555496e-18, 2.54928441431e-18, 2.89919235997e-18, 3.60433901676e-18, 3.57033734409e-18, 4.46223532699e-18, 6.4871147367e-18, 7.82820239791e-18, 8.13658194771e-18, 9.90333302983e-18, 1.0441897919e-17, 9.19266494245e-18, 8.73952382237e-18, 1.07537789243e-17, 1.09784486233e-17, 9.87316658007e-18, 8.83232852401e-18, 6.44616516048e-18, 4.51033091653e-18, 2.67201051346e-18, 9.81473474839e-19, 2.64065623234e-19, 2.60113502901e-20], "var": [0.735522508621, 34.5284385681, 127.81653595, 102.027061462, 208.262878418, 394.120056152, 92.2947006226, 383.532409668, 108.356063843, 68.7136535645, 68.5494308472, 143.045593262, 135.495773315, 119.240943909, 2917.79589844, 1671.37646484, 328.090789795, 303.900787354, 70.0125198364, 489.843170166, 4382.49609375, 6860.39013672, 949.368347168, 5951.77685547, 4798.71582031, 1785.23022461, 3474.34399414, 2270.83251953, 692.392456055, 726.52331543, 242.46105957, 593.14276123, 62.5861587524, 4.61034965515, 0.243725284934, 0.0464691258967, 0.00429471908137, 0.000212011669646, 1.82594726539e-06, 4.35838520829e-09]}, "gfcc": {"mean": [-147.454193115, 105.924041748, -95.5031204224, 50.5068855286, -55.7178192139, 13.5624456406, -26.7436733246, 6.26788139343, -13.8884983063, -12.670715332, -2.97326636314, -4.17837142944, -10.0104598999], "cov": [[35954.9726562, -451.553466797, 288.781707764, 5080.48291016, -124.531082153, 928.385131836, 532.706787109, 959.202026367, 778.288269043, 181.085617065, -73.2667388916, 52.1161727905, 242.534896851], [-451.553466797, 3546.82421875, -298.66885376, -1239.8638916, 762.388427734, -436.655639648, 294.658477783, -441.514862061, 76.4277191162, -126.615112305, 195.080947876, -303.365875244, 175.602127075], [288.781707764, -298.66885376, 2529.97119141, 1478.94836426, 298.197540283, 510.047302246, 412.802978516, 235.708755493, 372.386016846, 171.641235352, 70.7381057739, 126.789955139, 73.2457733154], [5080.48291016, -1239.8638916, 1478.94836426, 2860.54467773, -9.33083629608, 159.395080566, 221.601257324, 561.62701416, 428.027038574, -20.9722213745, -42.568397522, 30.3617610931, 136.257339478], [-124.531082153, 762.388427734, 298.197540283, -9.33083629608, 661.598449707, 31.7838897705, 328.921173096, -31.6280460358, 142.969543457, 76.9257049561, 109.954307556, -0.377305388451, 105.075561523], [928.385131836, -436.655639648, 510.047302246, 159.395080566, 31.7838897705, 682.439453125, 166.614212036, 50.833316803, 46.6356658936, 154.266891479, 107.652961731, 138.855880737, -36.5767974854], [532.706787109, 294.658477783, 412.802978516, 221.601257324, 328.921173096, 166.614212036, 527.443603516, 72.3103485107, 67.3177337646, 170.499282837, 133.490463257, 78.7826766968, 68.0528411865], [959.202026367, -441.514862061, 235.708755493, 561.62701416, -31.6280460358, 50.833316803, 72.3103485107, 272.306030273, 137.58555603, -7.08116340637, 6.11443138123, 36.7703819275, 16.1716766357], [778.288269043, 76.4277191162, 372.386016846, 428.027038574, 142.969543457, 46.6356658936, 67.3177337646, 137.58555603, 267.336364746, 10.5218286514, 8.49230003357, -26.0205821991, 60.5151367188], [181.085617065, -126.615112305, 171.641235352, -20.9722213745, 76.9257049561, 154.266891479, 170.499282837, -7.08116340637, 10.5218286514, 228.889907837, 22.2273025513, 93.174079895, -5.82295751572], [-73.2667388916, 195.080947876, 70.7381057739, -42.568397522, 109.954307556, 107.652961731, 133.490463257, 6.11443138123, 8.49230003357, 22.2273025513, 188.53237915, 31.2060489655, 24.5436038971], [52.1161727905, -303.365875244, 126.789955139, 30.3617610931, -0.377305388451, 138.855880737, 78.7826766968, 36.7703819275, -26.0205821991, 93.174079895, 31.2060489655, 152.922027588, -1.13280439377], [242.534896851, 175.602127075, 73.2457733154, 136.257339478, 105.075561523, -36.5767974854, 68.0528411865, 16.1716766357, 60.5151367188, -5.82295751572, 24.5436038971, -1.13280439377, 83.8511505127]], "icov": [[6.80163284414e-05, -0.000153465123731, 0.000169521212229, -0.000258526415564, 6.57391283312e-05, -0.000213738050661, 4.41047013737e-05, -5.46283845324e-05, -6.48858167551e-06, -0.00014040536189, 0.00014448701404, -0.00017615246179, 0.000146065183799], [-0.000153465123731, 0.00133056379855, -0.00049033126561, 0.00100876623765, -0.000450471212389, 0.000910505361389, -0.000918965321034, 0.00140228273813, -0.00087321200408, 0.00102720409632, -0.000875637459103, 0.00160232523922, -0.0011369928252], [0.000169521212229, -0.00049033126561, 0.00128492817748, -0.00113417371176, 0.000121899145597, -0.000895503384527, -0.000236812818912, 0.000604453671258, -0.000897868885659, -0.000200882190256, 0.00052435323596, -0.00120866391808, 0.00125360314269], [-0.000258526415564, 0.00100876623765, -0.00113417371176, 0.00210253079422, -0.000118254400149, 0.000961173849646, -0.00052371295169, -0.000822551257443, -0.000206884040381, 0.000853971985634, -0.000403826183174, 0.00171667023096, -0.00228952011093], [6.57391283312e-05, -0.000450471212389, 0.000121899145597, -0.000118254400149, 0.00345265702344, -6.73004324199e-05, -0.00171125913039, 0.00117314897943, -0.00191155110952, 0.000165555626154, -6.85696431901e-05, -0.000743686105125, -0.000953366165049], [-0.000213738050661, 0.000910505361389, -0.000895503384527, 0.000961173849646, -6.73004324199e-05, 0.0033824746497, -0.000699843047187, 0.0012325491989, -0.00123074301518, 0.000223156297579, -0.00196331972256, -0.000511756283231, 0.00129333918449], [4.41047013737e-05, -0.000918965321034, -0.000236812818912, -0.00052371295169, -0.00171125913039, -0.000699843047187, 0.00598068768159, -0.00373041233979, 0.00338554545306, -0.00411196285859, -0.00124914746266, 0.000232368474826, -0.00180057634134], [-5.46283845324e-05, 0.00140228273813, 0.000604453671258, -0.000822551257443, 0.00117314897943, 0.0012325491989, -0.00373041233979, 0.0121380407363, -0.007122523617, 0.00397898582742, -0.00112587190233, -0.00303114694543, 0.0034893467091], [-6.48858167551e-06, -0.00087321200408, -0.000897868885659, -0.000206884040381, -0.00191155110952, -0.00123074301518, 0.00338554545306, -0.007122523617, 0.0112915281206, -0.00342501769774, 0.000747147656512, 0.00395463174209, -0.00509970309213], [-0.00014040536189, 0.00102720409632, -0.000200882190256, 0.000853971985634, 0.000165555626154, 0.000223156297579, -0.00411196285859, 0.00397898582742, -0.00342501769774, 0.00990866683424, 0.00101787794847, -0.00376857910305, 0.00231350283138], [0.00014448701404, -0.000875637459103, 0.00052435323596, -0.000403826183174, -6.85696431901e-05, -0.00196331972256, -0.00124914746266, -0.00112587190233, 0.000747147656512, 0.00101787794847, 0.00828689802438, -0.00163443712518, -0.000841752684209], [-0.00017615246179, 0.00160232523922, -0.00120866391808, 0.00171667023096, -0.000743686105125, -0.000511756283231, 0.000232368474826, -0.00303114694543, 0.00395463174209, -0.00376857910305, -0.00163443712518, 0.0147700626403, -0.00591298472136], [0.000146065183799, -0.0011369928252, 0.00125360314269, -0.00228952011093, -0.000953366165049, 0.00129333918449, -0.00180057634134, 0.0034893467091, -0.00509970309213, 0.00231350283138, -0.000841752684209, -0.00591298472136, 0.0230647362769]]}, "melbands": {"dmean": [0.00317499507219, 0.00309636443853, 0.00069775711745, 0.000249500415521, 0.00010865087097, 9.99158728519e-05, 5.03578121425e-05, 3.61754318874e-05, 2.85500645987e-05, 3.44557483913e-05, 2.39358396357e-05, 1.36325443236e-05, 3.78745608032e-05, 2.6070385502e-05, 2.49139702646e-05, 9.57026531978e-06, 1.01669766082e-05, 4.27629765909e-06, 6.11179484622e-06, 8.88557224243e-06, 1.88135491044e-05, 1.82736675924e-05, 1.15134298539e-05, 7.34164041205e-06, 1.93785672309e-05, 2.00952763407e-05, 9.14847441891e-06, 9.22705476114e-06, 1.06671923277e-05, 1.1754688785e-05, 7.86642885942e-06, 5.96789504925e-06, 4.94638061355e-06, 6.8564349931e-06, 3.26098393089e-06, 3.8683965613e-06, 4.28865723734e-06, 2.02939304472e-06, 9.16335238799e-07, 5.34093942406e-07], "dmean2": [0.00531889311969, 0.00548174232244, 0.00109354208689, 0.000393665075535, 0.000176376139279, 0.00015596319281, 7.91707425378e-05, 5.9428584791e-05, 4.52541826235e-05, 5.55052465643e-05, 3.90813183913e-05, 2.11789756577e-05, 5.54677535547e-05, 3.95171155105e-05, 3.97918302042e-05, 1.49382631207e-05, 1.58760631166e-05, 6.67572430757e-06, 9.73124588199e-06, 1.44685391206e-05, 2.95164645649e-05, 2.95342506433e-05, 1.91808867385e-05, 1.23068493849e-05, 3.28587811964e-05, 3.44674008375e-05, 1.58276616276e-05, 1.56427940965e-05, 1.84217715287e-05, 2.12102277146e-05, 1.41358277688e-05, 1.0446124179e-05, 8.29367854749e-06, 1.11832359835e-05, 5.51360380996e-06, 6.9004645411e-06, 7.77659624873e-06, 3.67460302186e-06, 1.60974457231e-06, 9.52825303102e-07], "dvar": [2.3400540158e-05, 2.30487894441e-05, 1.84369912404e-06, 4.05529732461e-07, 1.24879903751e-07, 1.19122752551e-07, 1.48924508281e-08, 6.58627596906e-09, 3.80303388781e-09, 5.41179012714e-09, 3.58627616492e-09, 9.44486933108e-10, 1.42107934309e-08, 6.36628749717e-09, 7.57564144749e-09, 6.47813191978e-10, 1.1074994255e-09, 1.10731396274e-10, 5.0254311823e-10, 1.26503707509e-09, 6.41994590822e-09, 5.63566926459e-09, 1.7767356475e-09, 4.41382763672e-10, 6.3080083379e-09, 7.60029728042e-09, 1.44203338159e-09, 9.94153648293e-10, 1.53266055403e-09, 3.10908210288e-09, 8.5801410421e-10, 3.54426710203e-10, 2.48605858122e-10, 4.05103173229e-10, 8.94514115557e-11, 2.3377674796e-10, 5.40925693127e-10, 7.01723887331e-11, 1.38893844343e-11, 3.59086957218e-12], "dvar2": [6.75107585266e-05, 7.41753829061e-05, 4.55073677585e-06, 9.42308076901e-07, 3.30675106852e-07, 2.83545517732e-07, 3.86568288491e-08, 1.72688956468e-08, 8.72055760937e-09, 1.31368320666e-08, 8.66026805824e-09, 2.10366368769e-09, 2.54997676308e-08, 1.33666011592e-08, 1.78623320579e-08, 1.39806033417e-09, 2.49756459958e-09, 2.69882727277e-10, 1.17475651429e-09, 2.86556045559e-09, 1.31252484437e-08, 1.1432575775e-08, 4.06131217545e-09, 1.13539788682e-09, 1.66061848716e-08, 1.95583282903e-08, 3.89873067164e-09, 2.46305131846e-09, 4.03222566447e-09, 8.66648619535e-09, 2.38682029696e-09, 9.47228850912e-10, 6.18802620256e-10, 1.0194988187e-09, 2.35292646478e-10, 6.59095111821e-10, 1.51444090601e-09, 1.99062780148e-10, 3.94617255539e-11, 1.01205849257e-11], "max": [0.0411106161773, 0.0336470976472, 0.0222350396216, 0.0134146288037, 0.0103211905807, 0.00867078267038, 0.00273322011344, 0.000946058600675, 0.000673905247822, 0.00078126048902, 0.000672788009979, 0.000509429548401, 0.00266985129565, 0.00174282933585, 0.00171893613879, 0.000545124348719, 0.000667183019686, 0.0001787951187, 0.000395881157601, 0.000665452040266, 0.00195129821077, 0.00148023176007, 0.000793986138888, 0.000318535458064, 0.00117455655709, 0.00170612975489, 0.000721932505257, 0.00052807625616, 0.000562484900001, 0.000914832984563, 0.000524364353623, 0.000200841226615, 0.000208987985388, 0.000229605881032, 0.000123609162983, 0.00029885667027, 0.000586454581935, 0.000159705581609, 0.000104804661532, 3.66715794371e-05], "mean": [0.00660726800561, 0.00514536770061, 0.00125069101341, 0.000506295764353, 0.000156042631716, 0.000140080257552, 7.584359264e-05, 4.10764332628e-05, 4.01041506848e-05, 3.91502289858e-05, 2.38917564275e-05, 1.79455000762e-05, 4.45826080977e-05, 3.38899044436e-05, 2.59082062257e-05, 1.19947953863e-05, 1.07477835627e-05, 4.60735464003e-06, 6.27562849331e-06, 8.63547120389e-06, 2.04680909519e-05, 2.1399511752e-05, 1.12936331789e-05, 6.28210636933e-06, 1.55879042723e-05, 1.56309361046e-05, 7.00101918483e-06, 7.294142506e-06, 7.81830294727e-06, 7.99250028649e-06, 5.24224287801e-06, 4.17596083935e-06, 3.76294019588e-06, 5.33058891961e-06, 2.40989083977e-06, 2.64436562247e-06, 2.79746313936e-06, 1.31414390125e-06, 6.29046780887e-07, 3.59764811719e-07], "median": [0.00506749469787, 0.00273945881054, 0.00042939913692, 8.39548447402e-05, 2.99014791381e-05, 3.59535588359e-05, 1.74547021743e-05, 8.95577977644e-06, 6.47001161269e-06, 7.9860437836e-06, 2.97605834021e-06, 2.0685522486e-06, 2.30258342526e-06, 1.44441060002e-06, 1.05800245365e-06, 9.02272859094e-07, 6.94954621849e-07, 4.44796285137e-07, 4.25755104061e-07, 4.1146751073e-07, 5.74361820327e-07, 7.52573441787e-07, 8.05865568054e-07, 7.14613861419e-07, 6.78810692989e-07, 5.54289613319e-07, 3.37258370564e-07, 3.19993205267e-07, 2.48003061643e-07, 1.76477712444e-07, 1.13090663945e-07, 1.23487950532e-07, 1.31957762051e-07, 2.23887852258e-07, 1.45330659507e-07, 1.77744880148e-07, 1.18656330983e-07, 5.96442646383e-08, 2.62509267657e-08, 1.28249970643e-08], "min": [1.0199511993e-24, 2.50692777602e-24, 1.69348793714e-24, 1.99750467482e-24, 7.77329336508e-25, 2.24407735025e-24, 1.33921011018e-24, 1.77368274791e-24, 2.5934526039e-24, 3.2586061169e-24, 2.97686621954e-24, 2.62298696455e-24, 4.45975886335e-24, 3.27431569019e-24, 3.33041651954e-24, 3.64578733223e-24, 3.76085334487e-24, 3.99212803519e-24, 3.35790753322e-24, 4.09641110813e-24, 3.73361279453e-24, 3.37516347109e-24, 3.02018355792e-24, 3.92172693257e-24, 4.25313015986e-24, 6.14975017453e-24, 5.22383691437e-24, 4.79355746679e-24, 5.10708826141e-24, 4.41837127596e-24, 6.45016418446e-24, 4.61870526385e-24, 6.1365099331e-24, 3.55462538273e-24, 4.873247801e-24, 6.25038042705e-24, 5.35830496099e-24, 6.30304990867e-24, 6.45363675016e-24, 7.35883452295e-24], "var": [5.48602147319e-05, 3.99785021727e-05, 3.61533352589e-06, 1.23101870031e-06, 1.7162989252e-07, 1.53767075517e-07, 2.18924789408e-08, 6.61861365714e-09, 6.72982913841e-09, 6.03318639492e-09, 3.5030165435e-09, 1.73655834157e-09, 2.18926707873e-08, 1.19781233821e-08, 8.04759903161e-09, 1.10569164935e-09, 1.30940713827e-09, 1.37332700767e-10, 6.30575036631e-10, 1.3177793301e-09, 9.46886125064e-09, 8.58463522491e-09, 1.96439375877e-09, 3.67198049744e-10, 5.02071095809e-09, 6.10050099326e-09, 1.01365482674e-09, 8.43882519419e-10, 1.13399134527e-09, 1.93559968054e-09, 5.38128708261e-10, 2.45152370626e-10, 2.00108429826e-10, 3.28387067539e-10, 6.49354250926e-11, 1.40117764613e-10, 3.26239257831e-10, 4.12164122277e-11, 8.25513442326e-12, 2.16949787128e-12]}, "mfcc": {"mean": [-771.801391602, 110.857719421, 27.0972690582, 35.239906311, 7.27152347565, 5.70453071594, 3.08365082741, 16.2593765259, -5.96728563309, 1.96058833599, -3.03741025925, 6.37126111984, -1.87027847767], "cov": [[20068.8554688, 955.186096191, 213.658355713, 2401.05712891, 377.235626221, 919.455322266, 281.452819824, 645.690551758, 678.806091309, 594.901550293, 249.376449585, 199.027099609, 277.707580566], [955.186096191, 3534.83666992, -546.861694336, -435.09664917, 113.471572876, 96.3821563721, 124.67389679, -169.491333008, -43.9771499634, 3.87750673294, -1.69640958309, -28.8481521606, -18.8522624969], [213.658355713, -546.861694336, 1931.8013916, 966.312072754, 408.801849365, 449.987823486, 157.363494873, 351.376037598, 191.728118896, 266.61618042, 202.517776489, 33.5742683411, 152.060348511], [2401.05712891, -435.09664917, 966.312072754, 2068.53759766, 398.671966553, 116.375213623, 112.730895996, 346.733093262, 419.337646484, 278.419281006, 74.5773391724, 69.42212677, 129.841873169], [377.235626221, 113.471572876, 408.801849365, 398.671966553, 428.884216309, 149.132446289, -7.15212488174, 162.10887146, 107.518699646, 143.555847168, 16.5245895386, 21.7798633575, 65.5867462158], [919.455322266, 96.3821563721, 449.987823486, 116.375213623, 149.132446289, 547.717651367, 274.974151611, 110.572799683, 101.344955444, 113.457382202, 185.362045288, 35.0133094788, 106.305587769], [281.452819824, 124.67389679, 157.363494873, 112.730895996, -7.15212488174, 274.974151611, 396.321075439, 125.682991028, 28.0032520294, 50.8308258057, 141.266113281, 74.4991149902, 60.4630851746], [645.690551758, -169.491333008, 351.376037598, 346.733093262, 162.10887146, 110.572799683, 125.682991028, 285.749206543, 104.518608093, 105.806182861, 66.8339996338, 83.4509429932, 69.7606658936], [678.806091309, -43.9771499634, 191.728118896, 419.337646484, 107.518699646, 101.344955444, 28.0032520294, 104.518608093, 240.352294922, 110.78327179, 61.6621704102, 17.446767807, 80.2406692505], [594.901550293, 3.87750673294, 266.61618042, 278.419281006, 143.555847168, 113.457382202, 50.8308258057, 105.806182861, 110.78327179, 184.064849854, 80.9884185791, 25.4617652893, 42.2567710876], [249.376449585, -1.69640958309, 202.517776489, 74.5773391724, 16.5245895386, 185.362045288, 141.266113281, 66.8339996338, 61.6621704102, 80.9884185791, 162.085968018, 45.5981674194, 70.2512359619], [199.027099609, -28.8481521606, 33.5742683411, 69.42212677, 21.7798633575, 35.0133094788, 74.4991149902, 83.4509429932, 17.446767807, 25.4617652893, 45.5981674194, 103.386283875, 32.0598182678], [277.707580566, -18.8522624969, 152.060348511, 129.841873169, 65.5867462158, 106.305587769, 60.4630851746, 69.7606658936, 80.2406692505, 42.2567710876, 70.2512359619, 32.0598182678, 126.173744202]], "icov": [[9.28511071834e-05, -4.70942359243e-05, 0.000145425641676, -0.000184951641131, 0.000283137720544, -0.000419955380494, 0.000318363978295, -0.000313956465106, 0.000199310292373, -0.000269122305326, 0.000168658603798, -2.0971374397e-05, -9.38619778026e-05], [-4.70942359243e-05, 0.000373090355424, 2.79993892036e-05, 0.00017841742374, -0.000532433099579, 0.000280577136436, -0.000505421601702, 0.000541069020983, -0.000221385518671, 4.70074046461e-05, -7.74425716372e-05, 4.49165090686e-05, 8.22214060463e-05], [0.000145425641676, 2.79993892036e-05, 0.0013834311394, -0.000760507769883, 0.000235830957536, -0.0014415087644, 0.00111163477413, -0.001422571484, 0.00133768108208, -0.000680507568177, -0.000628242152743, 0.000904864282347, -0.000357704091584], [-0.000184951641131, 0.00017841742374, -0.000760507769883, 0.00153796607628, -0.0011086370796, 0.00163690571208, -0.0014948612079, 0.000865438312758, -0.00226432480849, 0.00030275885365, 0.000318169855746, -0.00029067529249, 0.000437898328528], [0.000283137720544, -0.000532433099579, 0.000235830957536, -0.0011086370796, 0.00645344611257, -0.00343658076599, 0.00304258288816, -0.00316500780173, 0.00190890359227, -0.0038442555815, 0.00385080906563, -0.000311261974275, -0.0020048127044], [-0.000419955380494, 0.000280577136436, -0.0014415087644, 0.00163690571208, -0.00343658076599, 0.0072800735943, -0.00469804368913, 0.00290866708383, -0.00279687321745, 0.00187201588415, -0.00366359995678, 0.00110883300658, 0.000224627699936], [0.000318363978295, -0.000505421601702, 0.00111163477413, -0.0014948612079, 0.00304258288816, -0.00469804368913, 0.00772184645757, -0.00403549103066, 0.00303791859187, -0.000546137569472, -0.00170169875491, -0.00103052728809, -0.000209829842788], [-0.000313956465106, 0.000541069020983, -0.001422571484, 0.000865438312758, -0.00316500780173, 0.00290866708383, -0.00403549103066, 0.00996571686119, -0.00277221063152, -0.000182718373253, 0.000817670603283, -0.00458817975596, -0.000251144025242], [0.000199310292373, -0.000221385518671, 0.00133768108208, -0.00226432480849, 0.00190890359227, -0.00279687321745, 0.00303791859187, -0.00277221063152, 0.010669128038, -0.00373140559532, -0.000357085722499, 0.00178225082345, -0.00410202285275], [-0.000269122305326, 4.70074046461e-05, -0.000680507568177, 0.00030275885365, -0.0038442555815, 0.00187201588415, -0.000546137569472, -0.000182718373253, -0.00373140559532, 0.0133763486519, -0.00704768812284, 0.000607264693826, 0.00355457724072], [0.000168658603798, -7.74425716372e-05, -0.000628242152743, 0.000318169855746, 0.00385080906563, -0.00366359995678, -0.00170169875491, 0.000817670603283, -0.000357085722499, -0.00704768812284, 0.0185683444142, -0.00414005666971, -0.00520381890237], [-2.0971374397e-05, 4.49165090686e-05, 0.000904864282347, -0.00029067529249, -0.000311261974275, 0.00110883300658, -0.00103052728809, -0.00458817975596, 0.00178225082345, 0.000607264693826, -0.00414005666971, 0.0155957825482, -0.00147481192835], [-9.38619778026e-05, 8.22214060463e-05, -0.000357704091584, 0.000437898328528, -0.0020048127044, 0.000224627699936, -0.000209829842788, -0.000251144025242, -0.00410202285275, 0.00355457724072, -0.00520381890237, -0.00147481192835, 0.01390756201]]}, "spectral_contrast_coeffs": {"dmean": [0.0568079650402, 0.0498460195959, 0.0460774563253, 0.0359604991972, 0.0279535781592, 0.0338044427335], "dmean2": [0.0922918096185, 0.0805496424437, 0.0745698809624, 0.0565452128649, 0.0438871867955, 0.0540311038494], "dvar": [0.00224943435751, 0.00174126867205, 0.00156618852634, 0.0010259996634, 0.000787515600678, 0.00176109466702], "dvar2": [0.005892096553, 0.00441054673865, 0.00383178959601, 0.00221233232878, 0.00158352428116, 0.00423306785524], "max": [-0.267909884453, -0.477822721004, -0.51899766922, -0.573342442513, -0.584115445614, -0.416842073202], "mean": [-0.644209206104, -0.768317341805, -0.800337731838, -0.806458592415, -0.813103437424, -0.77454417944], "median": [-0.64246660471, -0.774142742157, -0.810531914234, -0.81511503458, -0.821594238281, -0.784148931503], "min": [-0.977519571781, -0.977634489536, -0.977786123753, -0.970732033253, -0.964953541756, -0.965600848198], "var": [0.0105840545148, 0.0064181080088, 0.00420969771221, 0.00340473721735, 0.00330533296801, 0.00508332904428]}, "spectral_contrast_valleys": {"dmean": [0.568409025669, 0.559102654457, 0.630693078041, 0.629970312119, 0.578529953957, 0.650911986828], "dmean2": [0.905319988728, 0.830249488354, 0.922209322453, 0.85253739357, 0.832681953907, 0.878238916397], "dvar": [0.362788319588, 0.334862947464, 0.473344713449, 0.453002661467, 0.438595980406, 0.59741294384], "dvar2": [0.775438427925, 0.557485342026, 0.708218336105, 0.635947883129, 0.826236128807, 1.18116784096], "max": [-4.832675457, -4.98451709747, -5.76053380966, -5.94365739822, -5.19396400452, -7.10236644745], "mean": 