{"lowlevel": {"average_loudness": 0.90573990345, "barkbands_crest": {"dmean": 2.31641435623, "dmean2": 3.60689806938, "dvar": 4.50138902664, "dvar2": 10.8826122284, "max": 26.1326007843, "mean": 12.0710830688, "median": 11.9122686386, "min": 3.09645652771, "var": 19.583732605}, "barkbands_flatness_db": {"dmean": 0.0245302841067, "dmean2": 0.0346074774861, "dvar": 0.000529152050149, "dvar2": 0.00100857240614, "max": 0.424479365349, "mean": 0.209758326411, "median": 0.202062860131, "min": 0.0287653822452, "var": 0.00631555495784}, "barkbands_kurtosis": {"dmean": 1.96218502522, "dmean2": 2.98283791542, "dvar": 10.121632576, "dvar2": 22.8981494904, "max": 74.8595504761, "mean": 3.01381015778, "median": 2.17623662949, "min": -1.93057966232, "var": 22.8651199341}, "barkbands_skewness": {"dmean": 0.50428712368, "dmean2": 0.799369871616, "dvar": 0.21859177947, "dvar2": 0.533876717091, "max": 5.31470823288, "mean": 0.792965769768, "median": 0.757346093655, "min": -3.83116674423, "var": 1.05253338814}, "barkbands_spread": {"dmean": 4.04612064362, "dmean2": 5.9261341095, "dvar": 30.4209098816, "dvar2": 69.8833847046, "max": 65.6658401489, "mean": 14.1778125763, "median": 9.79096794128, "min": 0.67082542181, "var": 139.597412109}, "dissonance": {"dmean": 0.0268245059997, "dmean2": 0.0466389916837, "dvar": 0.000670739100315, "dvar2": 0.00183317030314, "max": 0.500000059605, "mean": 0.455649882555, "median": 0.463605701923, "min": 0.269372493029, "var": 0.0014077873202}, "dynamic_complexity": 4.77129840851, "erbbands_crest": {"dmean": 2.80447602272, "dmean2": 4.36103391647, "dvar": 7.05439901352, "dvar2": 16.6976680756, "max": 31.420879364, "mean": 14.4395017624, "median": 14.015996933, "min": 3.16973733902, "var": 26.7052612305}, "erbbands_flatness_db": {"dmean": 0.023802138865, "dmean2": 0.0330760255456, "dvar": 0.000460924580693, "dvar2": 0.00085774163017, "max": 0.499210387468, "mean": 0.282500386238, "median": 0.27397069335, "min": 0.0942009538412, "var": 0.00625798245892}, "erbbands_kurtosis": {"dmean": 1.72192239761, "dmean2": 2.63056349754, "dvar": 6.73158025742, "dvar2": 15.4332494736, "max": 54.8326377869, "mean": 2.82127761841, "median": 2.19058895111, "min": -1.87202346325, "var": 15.9882698059}, "erbbands_skewness": {"dmean": 0.418539255857, "dmean2": 0.642822563648, "dvar": 0.164479449391, "dvar2": 0.391834050417, "max": 4.80636978149, "mean": 0.824754595757, "median": 0.912712216377, "min": -2.43425011635, "var": 0.823953866959}, "erbbands_spread": {"dmean": 4.95892286301, "dmean2": 7.33701562881, "dvar": 42.7463264465, "dvar2": 98.8915786743, "max": 80.140838623, "mean": 19.1323223114, "median": 12.5981492996, "min": 1.03199803829, "var": 257.936676025}, "hfc": {"dmean": 6.78862524033, "dmean2": 9.16207313538, "dvar": 123.404975891, "dvar2": 278.019348145, "max": 174.126647949, "mean": 21.5998859406, "median": 12.872710228, "min": 6.87484999484e-11, "var": 506.74395752}, "melbands_crest": {"dmean": 2.81873250008, "dmean2": 4.4330868721, "dvar": 6.96314525604, "dvar2": 16.8816757202, "max": 36.0019416809, "mean": 15.0349493027, "median": 14.6793889999, "min": 4.28340625763, "var": 31.0551738739}, "melbands_flatness_db": {"dmean": 0.0262777972966, "dmean2": 0.0368606373668, "dvar": 0.000728383427486, "dvar2": 0.00133692671079, "max": 0.447397321463, "mean": 0.232258543372, "median": 0.217399314046, "min": 0.0220391862094, "var": 0.00701834494248}, "melbands_kurtosis": {"dmean": 2.90176320076, "dmean2": 4.56620502472, "dvar": 15.9345426559, "dvar2": 35.53540802, "max": 91.483757019, "mean": 5.37857580185, "median": 3.32149791718, "min": -1.8065341711, "var": 53.0718536377}, "melbands_skewness": {"dmean": 0.553905427456, "dmean2": 0.880316793919, "dvar": 0.275553673506, "dvar2": 0.632622301579, "max": 7.79316139221, "mean": 1.19736003876, "median": 1.11099696159, "min": -3.77869963646, "var": 1.54015421867}, "melbands_spread": {"dmean": 7.42670059204, "dmean2": 11.5397148132, "dvar": 129.148880005, "dvar2": 330.036804199, "max": 156.76776123, "mean": 22.0275688171, "median": 13.9359798431, "min": 1.63457536697, "var": 408.75289917}, "pitch_salience": {"dmean": 0.0606943592429, "dmean2": 0.098905839026, "dvar": 0.00329180178232, "dvar2": 0.00879511609674, "max": 0.905695438385, "mean": 0.519824981689, "median": 0.516517817974, "min": 0.181595906615, "var": 0.0118800504133}, "silence_rate_20dB": {"dmean": 0, "dmean2": 0, "dvar": 0, "dvar2": 0, "max": 1, "mean": 1, "median": 1, "min": 1, "var": 0}, "silence_rate_30dB": {"dmean": 0, "dmean2": 0, "dvar": 0, "dvar2": 0, "max": 1, "mean": 1, "median": 1, "min": 1, "var": 0}, "silence_rate_60dB": {"dmean": 0.0289855077863, "dmean2": 0.057993132621, "dvar": 0.0281447377056, "dvar2": 0.0599702298641, "max": 1, "mean": 0.168509334326, "median": 0, "min": 0, "var": 0.140114620328}, "spectral_centroid": {"dmean": 212.416732788, "dmean2": 307.952575684, "dvar": 78011, "dvar2": 167327.6875, "max": 6667.59277344, "mean": 1467.79150391, "median": 1217.05371094, "min": 534.651428223, "var": 511253.8125}, "spectral_complexity": {"dmean": 2.5736079216, "dmean2": 4.16482257843, "dvar": 10.0484714508, "dvar2": 22.6871547699, "max": 34, "mean": 10.4773159027, "median": 10, "min": 0, "var": 34.5506248474}, "spectral_decrease": {"dmean": 1.0465006639e-09, "dmean2": 1.36249311833e-09, "dvar": 3.31796536638e-18, "dvar2": 5.69126110831e-18, "max": -5.63809854128e-24, "mean": -3.89016641122e-09, "median": -2.25612839522e-09, "min": -2.4967269141e-08, "var": 1.82570937289e-17}, "spectral_energy": {"dmean": 0.00446260580793, "dmean2": 0.00574299367145, "dvar": 5.56262966711e-05, "dvar2": 9.40479294513e-05, "max": 0.102982215583, "mean": 0.0166415274143, "median": 0.0101454062387, "min": 6.25697054796e-15, "var": 0.000314215692924}, "spectral_energyband_high": {"dmean": 0.000501496891957, "dmean2": 0.000799916801043, "dvar": 1.44083151099e-06, "dvar2": 4.00420321967e-06, "max": 0.0168636050075, "mean": 0.000863531022333, "median": 0.000155638961587, "min": 4.49113258722e-15, "var": 3.01684895021e-06}, "spectral_energyband_low": {"dmean": 0.000399938522605, "dmean2": 0.000674488721415, "dvar": 1.29854242914e-06, "dvar2": 3.3819339933e-06, "max": 0.0311555471271, "mean": 0.000490651873406, "median": 1.03368302007e-05, "min": 1.37309043538e-16, "var": 1.80181905307e-06}, "spectral_energyband_middle_high": {"dmean": 0.00233539100736, "dmean2": 0.00326932664029, "dvar": 1.70082512341e-05, "dvar2": 3.33118514391e-05, "max": 0.0699810609221, "mean": 0.00768699171022, "median": 0.00450810510665, "min": 9.15437634009e-16, "var": 8.96554556675e-05}, "spectral_energyband_middle_low": {"dmean": 0.00248273625039, "dmean2": 0.00340335839428, "dvar": 2.6113122658e-05, "dvar2": 4.75421875308e-05, "max": 0.0653251856565, "mean": 0.0081550097093, "median": 0.00359260779805, "min": 8.57796486083e-17, "var": 0.000118355012091}, "spectral_entropy": {"dmean": 0.205377966166, "dmean2": 0.299317598343, "dvar": 0.064467959106, "dvar2": 0.127596795559, "max": 9.3820066452, "mean": 7.17320585251, "median": 7.25557947159, "min": 4.60336685181, "var": 0.47705245018}, "spectral_flux": {"dmean": 0.016050979495, "dmean2": 0.0252893324941, "dvar": 0.000649050518405, "dvar2": 0.0015375072835, "max": 0.242988437414, "mean": 0.0491707809269, "median": 0.0438919253647, "min": 5.00168016515e-06, "var": 0.00113144982606}, "spectral_kurtosis": {"dmean": 4.62511825562, "dmean2": 7.45134115219, "dvar": 50.8240890503, "dvar2": 142.720001221, "max": 108.885925293, "mean": 11.5414876938, "median": 5.1376619339, "min": -0.735003232956, "var": 243.312164307}, "spectral_rms": {"dmean": 0.000494981359225, "dmean2": 0.000629041402135, "dvar": 4.1082074631e-07, "dvar2": 6.45090096896e-07, "max": 0.0100234951824, "mean": 0.00350808142684, "median": 0.00314610195346, "min": 2.47070053305e-09, "var": 3.92900528823e-06}, "spectral_rolloff": {"dmean": 551.381408691, "dmean2": 940.887634277, "dvar": 1524593.5, "dvar2": 3882635, "max": 18690.8203125, "mean": 2314.84301758, "median": 1335.05859375, "min": 409.130859375, "var": 6364538.5}, "spectral_skewness": {"dmean": 0.423444509506, "dmean2": 0.653445184231, "dvar": 0.219425946474, "dvar2": 0.545513391495, "max": 7.8566327095, "mean": 2.21189308167, "median": 1.844627738, "min": 0.196248844266, "var": 1.44237983227}, "spectral_spread": {"dmean": 489236.5625, "dmean2": 747373.5625, "dvar": 375344168960, "dvar2": 696119394304, "max": 25874156, "mean": 4079354, "median": 4059125.25, "min": 645958.875, "var": 4785619599360.0}, "spectral_strongpeak": {"dmean": 1.03575372696, "dmean2": 1.68388211727, "dvar": 4.71450614929, "dvar2": 13.7281198502, "max": 24.4743480682, "mean": 2.78956341743, "median": 1.87727415562, "min": 0, "var": 8.95713996887}, "zerocrossingrate": {"dmean": 0.0106244934723, "dmean2": 0.0129412226379, "dvar": 0.000234637976973, "dvar2": 0.000333894306095, "max": 0.49560546875, "mean": 0.0813484415412, "median": 0.05908203125, "min": 0.02001953125, "var": 0.00421181321144}, "barkbands": {"dmean": [3.6072331568e-05, 0.000371865229681, 4.16259208578e-05, 1.60361832968e-05, 4.17253613705e-05, 0.000239294284256, 0.00028534969897, 0.000465977209387, 0.0013985640835, 0.000799556088168, 0.000468369922601, 0.000262848392595, 0.00125601317268, 0.000347122142557, 9.73224305199e-05, 6.29101486993e-05, 9.24807609408e-05, 0.000100234210549, 0.000102902304207, 7.32440676074e-05, 8.57919440023e-05, 0.000102023783256, 0.000199641144718, 0.000126432161778, 7.54014326958e-05, 3.17572521453e-05, 9.69331631495e-06], "dmean2": [5.88560578763e-05, 0.000627095228992, 6.87423962518e-05, 2.85248042928e-05, 7.6026233728e-05, 0.00028656568611, 0.000401215977035, 0.000570271862671, 0.00198636134155, 0.00123472593259, 0.000730983563699, 0.000425735983299, 0.00176998984534, 0.000486815406475, 0.000147863800521, 9.16466451599e-05, 0.000136496892083, 0.00014969833137, 0.000144609191921, 0.000104037215351, 0.000128291983856, 0.00015520870511, 0.000345456297509, 0.000219431880396, 0.000124843849335, 5.67569368286e-05, 1.60755807883e-05], "dvar": [6.59292798133e-09, 1.14546537588e-06, 5.54992745094e-08, 1.73459857589e-09, 1.132315397e-08, 2.05620199267e-06, 2.02511910175e-06, 4.98605595567e-06, 1.2367770978e-05, 4.75130264022e-06, 1.47869911871e-06, 4.3024289198e-07, 7.84687563282e-06, 3.76075968234e-06, 6.55735803434e-08, 4.10264924255e-08, 1.33679932901e-07, 1.30457493697e-07, 1.10815179255e-07, 2.75991141052e-08, 6.40457997747e-08, 9.18030025332e-08, 6.62896525228e-07, 1.84327944908e-07, 8.66364189278e-08, 2.24290985784e-08, 2.2947383993e-09], "dvar2": [1.81296666568e-08, 3.01280147141e-06, 1.05832697272e-07, 4.79750283944e-09, 3.35859624556e-08, 3.04391778627e-06, 3.70702832697e-06, 8.13818769529e-06, 2.35145198531e-05, 9.65215622273e-06, 2.54822498391e-06, 1.03410673091e-06, 1.45928561324e-05, 7.72052317188e-06, 1.22457237239e-07, 7.41150927297e-08, 2.75753905044e-07, 2.63365365072e-07, 2.37612582055e-07, 6.10291692738e-08, 1.23200479152e-07, 2.00354548952e-07, 1.84053453722e-06, 5.43420640042e-07, 2.42731232447e-07, 6.63023342895e-08, 6.15599171638e-09], "max": [0.00055991060799, 0.021942794323, 0.00918142963201, 0.00119889713824, 0.000971166882664, 0.0362852141261, 0.0348782241344, 0.0437830500305, 0.0508722551167, 0.048186853528, 0.0487050637603, 0.0151880942285, 0.0605589300394, 0.055204950273, 0.00630624778569, 0.00437072711065, 0.00657620932907, 0.00667348410934, 0.00931327044964, 0.00426856288686, 0.00656713778153, 0.00492283562198, 0.0154372043908, 0.00774917472154, 0.00452441954985, 0.00234871101566, 0.000787141209003], "mean": [4.00549215556e-05, 0.000392536749132, 5.35961298738e-05, 1.60753224918e-05, 4.27153754572e-05, 0.000702452787664, 0.000804771028925, 0.0014231930254, 0.00398257141933, 0.00179067021236, 0.000998653587885, 0.000530689489096, 0.003355526831, 0.000789254205301, 0.000194196720258, 0.000123804114992, 0.000163666714798, 0.00015952247486, 0.000157460061018, 0.000109577791591, 0.000170099854586, 0.000135220921948, 0.000193871659576, 0.000155734058353, 0.000104004931927, 3.9692124119e-05, 1.19323349281e-05], "median": [4.25198919629e-07, 4.35264018961e-06, 2.38731126956e-06, 2.67092400463e-06, 4.39325322077e-06, 7.96263611846e-06, 2.50345219683e-05, 5.96561403654e-05, 0.0011169530917, 0.000460783485323, 0.000413273228332, 0.000234927007114, 0.000791160739027, 8.14108934719e-05, 4.78711226606e-05, 3.20820508932e-05, 1.74840606633e-05, 2.35615461861e-05, 3.59930418199e-05, 3.25582404912e-05, 2.24491468543e-05, 2.13690873352e-05, 2.8407013815e-05, 1.49180332301e-05, 4.10905295212e-06, 1.43408374242e-06, 2.11991135757e-07], "min": [7.47939092151e-17, 7.57944139444e-17, 2.00831627599e-17, 8.32882368515e-18, 9.5688005106e-18, 6.17067596619e-18, 5.91599739534e-18, 4.01038336789e-17, 1.31375471864e-17, 3.33132003193e-17, 5.23670542666e-17, 1.01925281106e-16, 4.94229761914e-17, 1.85548655145e-17, 3.05138325292e-17, 7.00122891138e-17, 2.09872794413e-16, 4.75286267095e-17, 2.73513582583e-16, 9.96771696368e-17, 2.6214168881e-16, 3.42857946513e-16, 2.95284049863e-16, 6.38509317508e-16, 7.13587935673e-16, 1.00286053977e-15, 1.29671024522e-15], "var": [8.27807689063e-09, 1.33124149215e-06, 6.9958609572e-08, 1.54337154168e-09, 1.01414761033e-08, 1.12951192932e-05, 9.25088170334e-06, 2.58910549746e-05, 5.2891766245e-05, 2.09180707316e-05, 6.68404618409e-06, 1.28129727273e-06, 4.25023281423e-05, 1.48737490235e-05, 2.46929516834e-07, 1.29508734403e-07, 2.36816973143e-07, 2.35923749869e-07, 1.83840057844e-07, 5.13741866826e-08, 3.2789796478e-07, 1.67624278902e-07, 4.48521745966e-07, 1.83836604606e-07, 1.3889962247e-07, 2.44377833525e-08, 2.58458277003e-09]}, "erbbands": {"dmean": [0.0141050014645, 0.0764360427856, 0.0681315138936, 0.0494482405484, 0.0835200473666, 0.153590574861, 0.306638777256, 2.14836645126, 4.69353532791, 7.02080631256, 12.336479187, 36.5340080261, 28.8829460144, 12.2359714508, 21.5638084412, 13.0693235397, 59.2994499207, 24.957233429, 5.1305847168, 6.29514455795, 2.73550009727, 4.14745855331, 6.17660665512, 5.18529415131, 4.91570186615, 3.47659897804, 4.23937749863, 2.28769683838, 2.81000852585, 5.47028875351, 6.20012712479, 3.01620841026, 1.88004720211, 0.869768679142, 0.539166748524, 0.158680036664, 0.0672454833984, 0.019403392449, 0.00106690754183, 3.11904041155e-05], "dmean2": [0.0241554956883, 0.13090698421, 0.114816911519, 0.0846296846867, 0.14709071815, 0.281083315611, 0.565338671207, 2.68231463432, 6.07125759125, 8.6475944519, 16.3810901642, 50.5081977844, 46.0450668335, 18.9997997284, 33.7203369141, 19.0016460419, 83.2757949829, 34.8353424072, 7.79542398453, 8.99374103546, 3.89215779305, 6.1551618576, 8.9388217926, 7.28920030594, 6.85260486603, 4.75659418106, 5.9043264389, 3.724609375, 4.68578720093, 8.20362472534, 10.732629776, 5.26190328598, 3.11718940735, 1.46908152103, 0.873762905598, 0.254814356565, 0.119345746934, 0.0342271588743, 0.0018750608433, 5.17204643984e-05], "dvar": [0.0014548539184, 0.0495845004916, 0.107075169683, 0.0203564334661, 0.0435116924345, 0.1455232054, 0.501303374767, 171.626754761, 648.992919922, 1670.46325684, 1447.97570801, 8742.6640625, 6131.10595703, 1551.75256348, 3557.30932617, 1019.81072998, 17403.9472656, 10922.9599609, 402.560791016, 352.45223999, 49.025554657, 206.539855957, 513.54498291, 702.274047852, 176.417800903, 52.209941864, 195.555328369, 33.7131347656, 61.3110694885, 366.808074951, 725.254577637, 121.548828125, 48.4307518005, 10.4700298309, 5.63646936417, 0.404139846563, 0.12031532824, 0.0093041351065, 2.15781183215e-05, 9.61576063219e-09], "dvar2": [0.00407751277089, 0.123153969646, 0.220802217722, 0.0448631048203, 0.125153243542, 0.432968258858, 1.55569374561, 273.846466064, 1083.6887207, 2676.00512695, 2709.86865234, 15872.2734375, 13051.609375, 3019.69165039, 6225.23144531, 2153.78051758, 32192.375, 22499.8496094, 904.933044434, 636.465209961, 87.4084091187, 421.48248291, 1045.26867676, 1446.02868652, 368.871032715, 112.99710083, 330.311340332, 86.3804092407, 172.289932251, 796.171569824, 2042.26171875, 355.390319824, 134.302062988, 29.213596344, 15.6188116074, 1.05300557613, 0.338207006454, 0.0282766092569, 6.20570281171e-05, 2.58965791033e-08], "max": [0.465740263462, 6.25843477249, 15.2926111221, 5.79775047302, 2.47553873062, 3.44320249557, 9.90540313721, 324.065856934, 514.070678711, 888.140075684, 765.658508301, 1381.92211914, 1998.33410645, 1105.86291504, 2426.6315918, 726.72253418, 3022.57470703, 2956.65942383, 650.63684082, 482.319763184, 142.600234985, 260.392211914, 457.330718994, 990.690002441, 323.810089111, 130.888595581, 389.91317749, 83.939491272, 102.217002869, 284.908782959, 525.930969238, 240.664245605, 106.695404053, 40.8933753967, 39.6224899292, 10.7424182892, 5.65212583542, 1.55137264729, 0.0780242979527, 0.00151669362094], "mean": [0.0135951479897, 0.0783703178167, 0.0830841735005, 0.0559734925628, 0.0886718854308, 0.147399306297, 0.342835009098, 6.35979509354, 14.4710578918, 23.1338119507, 36.5585784912, 108.397613525, 66.6544723511, 29.592912674, 46.5428695679, 36.7351760864, 158.760116577, 63.0328941345, 11.9270830154, 13.6518974304, 5.71911096573, 7.53442573547, 10.5614824295, 8.24820709229, 7.61630725861, 5.70806455612, 8.69110584259, 3.50766801834, 3.46494650841, 6.71664810181, 5.8417301178, 3.4089987278, 2.44568657875, 1.17248094082, 0.706793963909, 0.219308838248, 0.0757537707686, 0.0233171638101, 0.00139553577174, 6.11645155004e-05], "median": [0.000143801196828, 0.000839021464344, 0.00247197435237, 0.00760611286387, 0.00960131548345, 0.016582602635, 0.0390993021429, 0.0866506323218, 0.290672034025, 1.65252614021, 6.34977722168, 30.0685405731, 22.7901878357, 12.1907491684, 19.7601776123, 18.1334648132, 41.121887207, 11.5609960556, 4.43462848663, 2.80679750443, 1.74180936813, 1.10271823406, 1.48120474815, 1.43920695782, 1.99499201775, 1.80950343609, 1.21614170074, 0.776770234108, 0.712193965912, 0.728785395622, 0.838641405106, 0.429969459772, 0.185712456703, 0.0678540691733, 0.0209946800023, 0.0068961433135, 0.00217596022412, 0.000419798627263, 5.17038133694e-05, 2.30219065998e-05], "min": [3.3337791671e-15, 1.31112026618e-14, 2.44982680653e-14, 2.71667979318e-14, 2.87754642705e-14, 3.24948164351e-14, 3.72745318769e-14, 5.43230215043e-14, 3.81256949568e-14, 3.96298743604e-13, 8.93765909806e-13, 3.18729688909e-13, 4.28145041122e-13, 1.86817943927e-12, 2.80115969482e-12, 3.92712078134e-12, 2.48595978872e-12, 1.35696250243e-12, 9.21601336912e-13, 1.82848441249e-12, 6.63783871618e-12, 1.12627346685e-11, 3.14424224504e-12, 5.93905783927e-12, 1.45867276591e-11, 4.60615399989e-12, 1.12034019215e-11, 8.44322441823e-12, 1.47022550384e-11, 8.51438711202e-12, 9.73697511508e-12, 1.04118449973e-11, 9.39383987264e-12, 6.48265555819e-12, 5.6337942124e-12, 3.283158901e-12, 2.01632872725e-12, 7.35508171295e-13, 1.96293312551e-13, 2.05999937432e-14], "var": [0.00137729046401, 0.0642526596785, 0.142622098327, 0.027256179601, 0.0430261418223, 0.122526623309, 0.724461257458, 884.314331055, 3211.86816406, 9139.58007812, 5827.87402344, 39096.6601562, 26624.4023438, 5878.58935547, 15622.9902344, 4091.953125, 93425.046875, 44452.6914062, 1278.9486084, 1394.06103516, 159.534164429, 378.570556641, 923.60333252, 1088.70300293, 345.799499512, 113.10471344, 967.056640625, 66.1597595215, 57.8514633179, 586.994567871, 462.573638916, 88.3937911987, 62.8241920471, 16.4667358398, 8.4362859726, 0.664247274399, 0.115078762174, 0.0116921812296, 2.56580296991e-05, 1.66535070178e-08]}, "gfcc": {"mean": [-102.927459717, 43.2190437317, -177.83807373, -29.3013210297, -77.5184936523, 26.4505691528, -12.6022176743, 11.704536438, -12.8512210846, 0.637539565563, -6.82314443588, -9.49168777466, -17.6189594269], "cov": [[16510.9179688, -3714.82495117, 626.20489502, 2048.05957031, -1614.68151855, -79.5799865723, -640.56427002, 684.348449707, -217.995773315, 380.686889648, 132.415145874, 336.437286377, -36.2452011108], [-3714.82495117, 5228.59326172, 285.149230957, 665.16796875, 1426.11828613, 37.1718597412, 431.448883057, -91.731300354, 636.606201172, -127.832168579, 491.006774902, -165.958145142, -50.2408218384], [626.20489502, 285.149230957, 1345.74060059, 748.062683105, 429.332000732, 185.714492798, -20.9022712708, 226.480102539, -59.7581825256, 194.098342896, 0.930373668671, 231.654342651, 88.791053772], [2048.05957031, 665.16796875, 748.062683105, 1310.42797852, 352.594696045, 196.447540283, -11.7279138565, 219.91015625, 142.071060181, 48.9054679871, 130.862350464, 94.0589447021, 2.45194649696], [-1614.68151855, 1426.11828613, 429.332000732, 352.594696045, 971.935241699, 312.434082031, 169.661254883, 76.4354400635, 180.469909668, -42.4985275269, 19.0708427429, -70.8107681274, -60.5923156738], [-79.5799865723, 37.1718597412, 185.714492798, 196.447540283, 312.434082031, 416.123962402, 127.809379578, 95.1083068848, 31.0439071655, -35.7244949341, -86.592880249, -76.3908309937, -58.1720466614], [-640.56427002, 431.448883057, -20.9022712708, -11.7279138565, 169.661254883, 127.809379578, 277.412353516, 28.5259037018, 61.3922653198, -29.4476070404, -6.6518945694, -54.4544410706, -32.4628219604], [684.348449707, -91.731300354, 226.480102539, 219.91015625, 76.4354400635, 95.1083068848, 28.5259037018, 214.394805908, 25.0273132324, 38.9968833923, -8.85093212128, 39.5394248962, -7.78967761993], [-217.995773315, 636.606201172, -59.7581825256, 142.071060181, 180.469909668, 31.0439071655, 61.3922653198, 25.0273132324, 217.494033813, -29.764081955, 84.0955047607, -43.5030097961, -56.895111084], [380.686889648, -127.832168579, 194.098342896, 48.9054679871, -42.4985275269, -35.7244949341, -29.4476070404, 38.9968833923, -29.764081955, 155.455078125, 24.6672172546, 64.6785812378, 36.8266944885], [132.415145874, 491.006774902, 0.930373668671, 130.862350464, 19.0708427429, -86.592880249, -6.6518945694, -8.85093212128, 84.0955047607, 24.6672172546, 188.040206909, 11.4071779251, 2.51214313507], [336.437286377, -165.958145142, 231.654342651, 94.0589447021, -70.8107681274, -76.3908309937, -54.4544410706, 39.5394248962, -43.5030097961, 64.6785812378, 11.4071779251, 182.462600708, 79.4543914795], [-36.2452011108, -50.2408218384, 88.791053772, 2.45194649696, -60.5923156738, -58.1720466614, -32.4628219604, -7.78967761993, -56.895111084, 36.8266944885, 2.51214313507, 79.4543914795, 199.641204834]], "icov": [[0.000166842786712, 6.84102051309e-05, 9.46069485508e-05, -0.000353011128027, 0.000270238961093, -4.28603925684e-05, 0.000145703743328, -0.000316651596222, 5.89609771851e-05, -0.000212929255213, -0.000111406799988, 5.74401092308e-05, 0.000125255159219], [6.84102051309e-05, 0.000858241401147, -0.000153212720761, -0.000232565042097, -0.000920031860005, 0.000794371415395, -0.000782367831562, 0.000518436776474, -0.000966868712567, 0.000365898275049, -0.00131065538153, 0.000483242387418, -0.00037422994501], [9.46069485508e-05, -0.000153212720761, 0.00255475472659, -0.00111352652311, -0.000761349103414, -0.00049455271801, 0.00038047414273, -0.000884558423422, 0.00182358920574, -0.00212954962626, 0.000507006887347, -0.0021381622646, 0.000265338720055], [-0.000353011128027, -0.000232565042097, -0.00111352652311, 0.00237788748927, -0.000246243609581, -0.000602632993832, 0.000260763714323, -5.05532043462e-05, -0.000948665023316, 0.00123147608247, -0.000765536969993, -0.00011166222248, -0.000309928058414], [0.000270238961093, -0.000920031860005, -0.000761349103414, -0.000246243609581, 0.0039356648922, -0.00200087763369, 0.000866954564117, -0.000785531534348, -0.000462459225673, -1.78501195478e-05, 0.0012345474679, 0.000453689397546, 0.000556367274839], [-4.28603925684e-05, 0.000794371415395, -0.00049455271801, -0.000602632993832, -0.00200087763369, 0.0058879214339, -0.00213796552271, -0.000497988599818, -0.000509609177243, 0.000810560944956, 0.00116625032388, 0.00247497088276, -0.000133663212182], [0.000145703743328, -0.000782367831562, 0.00038047414273, 0.000260763714323, 0.000866954564117, -0.00213796552271, 0.00574662722647, -0.00146437890362, 0.000200038106414, -0.000481752795167, 0.000794482068159, -0.000109371751023, 0.000354008079739], [-0.000316651596222, 0.000518436776474, -0.000884558423422, -5.05532043462e-05, -0.000785531534348, -0.000497988599818, -0.00146437890362, 0.00805577728897, -0.00211940379813, -0.000366281805327, 0.000135054375278, -0.000859657477122, -3.63062208635e-05], [5.89609771851e-05, -0.000966868712567, 0.00182358920574, -0.000948665023316, -0.000462459225673, -0.000509609177243, 0.000200038106414, -0.00211940379813, 0.0101422993466, -0.000512105878443, -0.00158972176723, -0.00084746547509, 0.0019711421337], [-0.000212929255213, 0.000365898275049, -0.00212954962626, 0.00123147608247, -1.78501195478e-05, 0.000810560944956, -0.000481752795167, -0.000366281805327, -0.000512105878443, 0.0102653754875, -0.00240605301224, -0.000196599008632, -0.000807459757198], [-0.000111406799988, -0.00131065538153, 0.000507006887347, -0.000765536969993, 0.0012345474679, 0.00116625032388, 0.000794482068159, 0.000135054375278, -0.00158972176723, -0.00240605301224, 0.0108418418095, -0.000392175134039, 0.000293260061881], [5.74401092308e-05, 0.000483242387418, -0.0021381622646, -0.00011166222248, 0.000453689397546, 0.00247497088276, -0.000109371751023, -0.000859657477122, -0.00084746547509, -0.000196599008632, -0.000392175134039, 0.0110171372071, -0.00269308197312], [0.000125255159219, -0.00037422994501, 0.000265338720055, -0.000309928058414, 0.000556367274839, -0.000133663212182, 0.000354008079739, -3.63062208635e-05, 0.0019711421337, -0.000807459757198, 0.000293260061881, -0.00269308197312, 0.00678822211921]]}, "melbands": {"dmean": [0.00011009487207, 5.73613542656e-05, 8.88311660674e-06, 7.54588108975e-06, 9.87223575066e-06, 5.41995032108e-05, 6.88825239195e-05, 8.28647607705e-05, 0.000138361967402, 0.000212782309973, 0.000141924654599, 5.07427175762e-05, 6.54828254483e-05, 4.15425784013e-05, 8.09419288998e-05, 0.000119514348626, 4.39286450273e-05, 8.58392104419e-06, 6.7374135142e-06, 7.87951921666e-06, 2.6926488772e-06, 3.27636939801e-06, 8.28103020467e-06, 3.97566100219e-06, 4.36783784608e-06, 3.86888905268e-06, 3.14224689646e-06, 2.11209157897e-06, 2.99579255625e-06, 2.42388478e-06, 1.15161890335e-06, 1.53098881128e-06, 2.07940252039e-06, 3.45969965565e-06, 4.54295559393e-06, 1.84656346391e-06, 2.04334355658e-06, 1.42148871873e-06, 1.12831605747e-06, 7.83485234024e-07], "dmean2": [0.000191558545339, 9.79208707577e-05, 1.51742633534e-05, 1.35218915602e-05, 1.86523775483e-05, 6.5622254624e-05, 8.93392207217e-05, 0.000100689721876, 0.000189212762052, 0.00029886039556, 0.000227287513553, 7.95961386757e-05, 0.000104046943306, 6.47756969556e-05, 0.000113553942356, 0.000168909740751, 6.18699996267e-05, 1.33014809762e-05, 1.04278624349e-05, 1.08591830212e-05, 4.03417334383e-06, 4.93610377816e-06, 1.19311180242e-05, 6.07591346125e-06, 6.21376784693e-06, 5.42939869774e-06, 4.50140032626e-06, 3.10215955324e-06, 3.98978500016e-06, 3.70255156668e-06, 2.00411227524e-06, 2.57390638581e-06, 3.29768386109e-06, 5.3492576626e-06, 7.96976928541e-06, 3.17584044751e-06, 3.59132582162e-06, 2.34805247601e-06, 1.85778242212e-06, 1.27289740703e-06], "dvar": [9.80378658255e-08, 3.87238365818e-08, 5.50636369834e-10, 4.11141953816e-10, 4.93033003313e-10, 1.11226107435e-07, 1.31630628175e-07, 2.38122296992e-07, 1.47950970586e-07, 2.67059022008e-07, 1.51563696704e-07, 3.03536147328e-08, 2.87749415406e-08, 9.68179492133e-09, 3.90275651796e-08, 8.45537613259e-08, 5.58156649788e-08, 1.27179333731e-09, 3.07869840732e-10, 5.64645608048e-10, 4.45300116225e-11, 1.05704021924e-10, 9.01665853092e-10, 1.89886717461e-10, 5.97628613264e-10, 1.3334021387e-10, 8.2901643883e-11, 2.27003832398e-11, 1.47721834765e-10, 6.51026385579e-11, 9.44513217638e-12, 1.87843889748e-11, 3.51319667802e-11, 1.58933435856e-10, 5.26315768745e-10, 4.13979510394e-11, 1.03366246118e-10, 3.31936353404e-11, 2.07120709472e-11, 1.30494625522e-11], "dvar2": [2.59777721112e-07, 8.8906361384e-08, 1.23632726279e-09, 1.18174281472e-09, 1.63674884757e-09, 1.71388691683e-07, 2.1995774091e-07, 3.80500836172e-07, 2.88837128437e-07, 4.99650298025e-07, 3.23264259805e-07, 5.88687427694e-08, 5.18254452686e-08, 2.11308197606e-08, 6.57991137132e-08, 1.6798354352e-07, 1.13588797035e-07, 2.89756707517e-09, 6.19518547573e-10, 9.96011828569e-10, 8.68223618e-11, 2.12977344094e-10, 1.83565229683e-09, 3.94573568263e-10, 1.23165855292e-09, 2.76913436625e-10, 1.74594838587e-10, 5.24473312002e-11, 2.33723318477e-10, 1.34261490814e-10, 2.63456340077e-11, 5.3380602022e-11, 7.83582435049e-11, 3.73231723305e-10, 1.49295953378e-09, 1.1732161076e-10, 3.01954350412e-10, 8.5659840332e-11, 5.92428814339e-11, 3.19050549868e-11], "max": [0.0049728252925, 0.00875870976597, 0.000918903853744, 0.00020735686121, 0.000317644036841, 0.00839947722852, 0.00745097361505, 0.0101314112544, 0.00626075500622, 0.00746324891225, 0.00981425400823, 0.00493073184043, 0.00670153507963, 0.00271795806475, 0.00561105553061, 0.00565353268757, 0.00679538492113, 0.0011850252049, 0.000416781578679, 0.000439746305346, 0.00015438295668, 0.000181348746992, 0.000450885563623, 0.000296749756671, 0.000915242184419, 0.000369849964045, 0.000296228361549, 0.000106071056507, 0.000315888348268, 0.000175305394805, 4.21078657382e-05, 4.92433900945e-05, 9.17275174288e-05, 0.000196658424102, 0.000485689524794, 0.00010252580978, 0.000240557666984, 9.41411417443e-05, 6.48939239909e-05, 5.56132399652e-05], "mean": [0.000118862742966, 6.52162998449e-05, 1.0527066479e-05, 8.40382017486e-06, 8.07521882962e-06, 0.000160672920174, 0.000207952805795, 0.000271259836154, 0.000407573650591, 0.000616720237304, 0.000309565337375, 0.00011044380517, 0.000139808325912, 8.85701956577e-05, 0.000209564299439, 0.000318137084832, 9.98503674055e-05, 1.83903757716e-05, 1.30331718537e-05, 1.68828955793e-05, 4.95310405313e-06, 5.85451152801e-06, 1.40510355777e-05, 6.25778557151e-06, 6.63461059958e-06, 5.91651632931e-06, 4.54423934571e-06, 3.31489832206e-06, 5.78991011935e-06, 4.01755323765e-06, 1.45142371366e-06, 1.7133553456e-06, 2.82403789242e-06, 3.86465762858e-06, 3.927886155e-06, 2.02729688681e-06, 2.08914843824e-06, 1.73329192421e-06, 1.3575356661e-06, 9.17879276585e-07], "median": [1.3044455045e-06, 1.19453625302e-06, 1.40541214932e-06, 9.13595954444e-07, 7.83995744769e-07, 1.61620437211e-06, 3.90447803511e-06, 1.12300640467e-05, 5.59664804314e-05, 0.000182078380021, 8.66537011461e-05, 3.97664443881e-05, 5.95946330577e-05, 3.69588560716e-05, 6.9778841862e-05, 5.79130428378e-05, 1.11323470264e-05, 5.75137028136e-06, 3.43048372997e-06, 2.80192489299e-06, 1.31229762701e-06, 8.74745694546e-07, 1.20487379718e-06, 1.03634351944e-06, 9.51489312229e-07, 1.40144709349e-06, 1.11941858449e-06, 9.94123524833e-07, 6.21677259005e-07, 5.59975887882e-07, 3.89152489788e-07, 3.76998485763e-07, 3.24216813397e-07, 3.75988577161e-07, 4.55186892623e-07, 2.55032404084e-07, 2.07957839393e-07, 1.17741564054e-07, 8.02953081802e-08, 4.2537450895e-08], "min": [2.9007093265e-17, 1.46045089893e-17, 4.8256112206e-18, 2.22387383608e-18, 1.33874611969e-18, 1.17786093811e-18, 6.96067263886e-19, 5.43996032949e-18, 7.05051779167e-18, 1.51213858232e-18, 2.14625658407e-18, 7.34145044799e-18, 7.975335495e-18, 1.21798995117e-17, 7.85607673019e-18, 4.02821283241e-18, 2.27881951506e-18, 8.52223712393e-19, 2.91653006561e-18, 2.61183601903e-18, 9.24718358945e-18, 1.47000715111e-17, 2.63212345073e-18, 3.08453003443e-18, 3.78426031256e-18, 1.49641323781e-17, 4.02071030425e-18, 2.8177462957e-18, 6.01561351574e-18, 8.03439949946e-18, 3.65386728311e-18, 6.58698314719e-18, 9.13824390277e-18, 3.8380816463e-18, 7.17428634518e-18, 2.76636038849e-18, 8.16510230805e-18, 5.67391058137e-18, 7.06091793351e-18, 5.54021337896e-18], "var": [1.07481469058e-07, 5.70261597943e-08, 7.99776300742e-10, 3.86673887354e-10, 3.71078334727e-10, 5.90396837197e-07, 6.52099345189e-07, 1.30672549403e-06, 5.72475471472e-07, 1.16516730486e-06, 6.57027499074e-07, 1.12077309211e-07, 1.22585163354e-07, 3.43063355501e-08, 2.17536381797e-07, 4.57301439383e-07, 2.24331230925e-07, 3.94161014938e-09, 1.07508191238e-09, 2.02535099803e-09, 1.17672593891e-10, 2.02863753573e-10, 1.61648971986e-09, 3.2504771097e-10, 9.16878684087e-10, 2.82812662178e-10, 1.50532253329e-10, 4.70511477002e-11, 5.66524105405e-10, 1.88616178232e-10, 9.4577288709e-12, 1.54296523475e-11, 6.77392725246e-11, 2.0210702556e-10, 3.21246168555e-10, 3.007993854e-11, 6.67454147507e-11, 3.97562781307e-11, 2.42916606968e-11, 1.65742454483e-11]}, "mfcc": {"mean": [-730.711425781, 86.0293807983, -45.8189048767, -42.8248786926, -36.6425247192, -0.318922758102, 5.34183311462, 11.3414173126, -2.21574473381, 14.9488639832, 8.80864334106, 6.1900229454, -2.98736715317], "cov": [[10365.0410156, -1520.85437012, 665.857666016, 1015.62225342, 106.086204529, -247.803466797, -222.5987854, 172.417602539, -77.0639419556, 232.467086792, -79.6847381592, 239.124313354, -12.6109809875], [-1520.85437012, 2863.72412109, -168.920883179, 390.935058594, 363.40020752, 173.773498535, 93.6452484131, 169.99810791, -93.8146972656, 174.576019287, 271.535675049, 193.223922729, 104.092414856], [665.857666016, -168.920883179, 1050.8302002, 670.78729248, 492.569885254, 162.430511475, 174.692306519, 38.6070632935, 135.093887329, -34.4207115173, -10.8583889008, 164.305969238, 49.6305732727], [1015.62225342, 390.935058594, 670.78729248, 1009.90332031, 580.190063477, 138.317092896, 75.5175247192, 154.017700195, 17.963388443, 78.3133010864, 64.7313919067, 231.19140625, 51.3628959656], [106.086204529, 363.40020752, 492.569885254, 580.190063477, 743.733520508, 285.367858887, 164.072113037, 172.730804443, 77.9456863403, 147.934295654, 71.248298645, 118.933784485, -31.1808433533], [-247.803466797, 173.773498535, 162.430511475, 138.317092896, 285.367858887, 333.123352051, 165.425109863, 138.806900024, 87.3171386719, 96.1066360474, 76.4272918701, 17.4325962067, -75.3146133423], [-222.5987854, 93.6452484131, 174.692306519, 75.5175247192, 164.072113037, 165.425109863, 269.117431641, 97.5824584961, 112.790985107, 39.6406402588, 33.0186538696, 21.6057758331, -65.6204071045], [172.417602539, 169.99810791, 38.6070632935, 154.017700195, 172.730804443, 138.806900024, 97.5824584961, 259.937072754, 47.6202888489, 98.9214553833, 89.1838378906, 36.6215629578, -33.0408782959], [-77.0639419556, -93.8146972656, 135.093887329, 17.963388443, 77.9456863403, 87.3171386719, 112.790985107, 47.6202888489, 197.879104614, -5.09542036057, -1.86853170395, -3.50051808357, -35.4620437622], [232.467086792, 174.576019287, -34.4207115173, 78.3133010864, 147.934295654, 96.1066360474, 39.6406402588, 98.9214553833, -5.09542036057, 216.28616333, 61.0885047913, 16.5293064117, -39.5695495605], [-79.6847381592, 271.535675049, -10.8583889008, 64.7313919067, 71.248298645, 76.4272918701, 33.0186538696, 89.1838378906, -1.86853170395, 61.0885047913, 252.709625244, 56.8549957275, 0.82882475853], [239.124313354, 193.223922729, 164.305969238, 231.19140625, 118.933784485, 17.4325962067, 21.6057758331, 36.6215629578, -3.50051808357, 16.5293064117, 56.8549957275, 171.604660034, 27.7488327026], [-12.6109809875, 104.092414856, 49.6305732727, 51.3628959656, -31.1808433533, -75.3146133423, -65.6204071045, -33.0408782959, -35.4620437622, -39.5695495605, 0.82882475853, 27.7488327026, 210.980377197]], "icov": [[0.000150790656335, 0.000102628066088, -4.40314324806e-05, -0.000222269562073, 0.000155582005391, 0.000130897693452, 0.000106855775812, -0.000123767793411, 1.04676564661e-05, -0.00028804485919, 2.69103584287e-05, -8.37157349451e-05, 6.50622023386e-05], [0.000102628066088, 0.000594111217652, 0.000443167053163, -0.000393648108002, -0.000126774277305, -5.79822917643e-05, -0.000288580107735, 8.4043807874e-05, 0.000194891530555, -0.000200121241505, -0.000279368541669, -0.000419792457251, -0.000359895202564], [-4.40314324806e-05, 0.000443167053163, 0.00291894027032, -0.00143831095193, -0.000892520591151, -0.00045256971498, -0.00126693712082, 0.00120034290012, -0.000833889993373, 0.00102533819154, 4.27393206337e-05, -0.000709243875463, -0.000912045361474], [-0.000222269562073, -0.000393648108002, -0.00143831095193, 0.00363873876631, -0.00166691036429, 0.000498204259202, 0.000757397967391, -0.00108455773443, 0.000630425754935, 0.000359474419383, 0.000248429423664, -0.00163843354676, 1.85436183529e-05], [0.000155582005391, -0.000126774277305, -0.000892520591151, -0.00166691036429, 0.00429808488116, -0.00182830833364, 0.000130115469801, -0.000283344270429, -0.000114239854156, -0.00169235374779, 0.000343021849403, 0.000277008424746, 0.000291875418043], [0.000130897693452, -5.79822917643e-05, -0.00045256971498, 0.000498204259202, -0.00182830833364, 0.00693337153643, -0.00168955279514, -0.00136625301093, -0.000575548969209, -0.000859845429659, -0.000926817767322, 0.000910303380806, 0.00111288775224], [0.000106855775812, -0.000288580107735, -0.00126693712082, 0.000757397967391, 0.000130115469801, -0.00168955279514, 0.00727632828057, -0.00142452027649, -0.00217440910637, -0.000214161016629, 0.000264390779193, -0.000495969259646, 0.00137709826231], [-0.000123767793411, 8.4043807874e-05, 0.00120034290012, -0.00108455773443, -0.000283344270429, -0.00136625301093, -0.00142452027649, 0.00677074911073, -0.00093424966326, -0.00111917580944, -0.00124939822126, 1.75824261532e-05, -0.000343845837051], [1.04676564661e-05, 0.000194891530555, -0.000833889993373, 0.000630425754935, -0.000114239854156, -0.000575548969209, -0.00217440910637, -0.00093424966326, 0.00750060146675, 0.000771969731431, 0.00021979030862, 0.000288184877718, 0.000268944597337], [-0.00028804485919, -0.000200121241505, 0.00102533819154, 0.000359474419383, -0.00169235374779, -0.000859845429659, -0.000214161016629, -0.00111917580944, 0.000771969731431, 0.00748291285709, -0.000591039133724, 0.000100560035207, 0.000476146291476], [2.69103584287e-05, -0.000279368541669, 4.27393206337e-05, 0.000248429423664, 0.000343021849403, -0.000926817767322, 0.000264390779193, -0.00124939822126, 0.00021979030862, -0.000591039133724, 0.00531629566103, -0.00167656852864, -0.000198962166905], [-8.37157349451e-05, -0.000419792457251, -0.000709243875463, -0.00163843354676, 0.000277008424746, 0.000910303380806, -0.000495969259646, 1.75824261532e-05, 0.000288184877718, 0.000100560035207, -0.00167656852864, 0.00966375786811, -0.000214909028728], [6.50622023386e-05, -0.000359895202564, -0.000912045361474, 1.85436183529e-05, 0.000291875418043, 0.00111288775224, 0.00137709826231, -0.000343845837051, 0.000268944597337, 0.000476146291476, -0.000198962166905, -0.000214909028728, 0.00610969029367]]}, "spectral_contrast_coeffs": {"dmean": [0.0480637997389, 0.0494667291641, 0.0367944613099, 0.0326926112175, 0.0237640887499, 0.023853790015], "dmean2": [0.0818863660097, 0.0803082063794, 0.0596246942878, 0.0523665584624, 0.0375524573028, 0.0385927781463], "dvar": [0.00150996563025, 0.00188228208572, 0.000963834288996, 0.000804953393526, 0.000543005589861, 0.000748299877159], "dvar2": [0.0043712942861, 0.00467767100781, 0.00247327215038, 0.00188329059165, 0.00126030819956, 0.00165714195464], "max": [-0.45418331027, -0.344715148211, -0.396393984556, -0.375885128975, -0.535259842873, -0.583408713341], "mean": [-0.77004134655, -0.674494981766, -0.739972531796, -0.743423104286, -0.790833473206, -0.768834471703], "median": [-0.778615117073, -0.681485295296, -0.74993366003, -0.756699919701, -0.800664544106, -0.774929404259], "min": [-0.976172268391, -0.944290697575, -0.964148581028, -0.951244115829, -0.953291118145, -0.943414509296], "var": [0.00367056485265, 0.0131996339187, 0.00705014308915, 0.00694771343842, 0.00280265021138, 0.0026699565351]}, "spectral_contrast_valleys": {"dmean": [0.544184684753, 0.48035761714, 0.290413171053, 0.28456094861, 0.322471737862, 0.363293230534], "dmean2": [0.853159606457, 0.812638580799, 0.489533215761, 0.468309283257, 0.481024235487, 0.506390035152], "dvar": [0.224532514811, 0.221046924591, 0.0872767716646, 0.0958879068494, 0.147540986538, 0.178401991725], "dvar2": [0.460663706064, 0.577535390854, 0.188846334815, 0.196004241705, 0.255