{"lowlevel": {"average_loudness": 0.872226059437, "barkbands_crest": {"dmean": 1.82643473148, "dmean2": 2.78916788101, "dvar": 3.20563697815, "dvar2": 7.36589479446, "max": 24.6174545288, "mean": 12.0535087585, "median": 11.6328449249, "min": 2.25340390205, "var": 17.1746559143}, "barkbands_flatness_db": {"dmean": 0.0382397770882, "dmean2": 0.0482649616897, "dvar": 0.00129905366339, "dvar2": 0.00250685587525, "max": 0.455917447805, "mean": 0.227334082127, "median": 0.231284826994, "min": 0.0295403636992, "var": 0.00781353283674}, "barkbands_kurtosis": {"dmean": 4.84431219101, "dmean2": 6.91494846344, "dvar": 56.6414794922, "dvar2": 127.603614807, "max": 108.353302002, "mean": 7.3615436554, "median": 4.1086397171, "min": -1.68685996532, "var": 105.201927185}, "barkbands_skewness": {"dmean": 0.680132269859, "dmean2": 0.92132973671, "dvar": 0.507363915443, "dvar2": 1.00367867947, "max": 7.82032203674, "mean": 1.64288151264, "median": 1.4461107254, "min": -2.57007360458, "var": 1.43139195442}, "barkbands_spread": {"dmean": 4.2933306694, "dmean2": 6.22071552277, "dvar": 43.4097480774, "dvar2": 86.3175430298, "max": 81.5279998779, "mean": 10.1605005264, "median": 6.65237617493, "min": 1.12690627575, "var": 103.447776794}, "dissonance": {"dmean": 0.0365413576365, "dmean2": 0.0575857833028, "dvar": 0.00141383626033, "dvar2": 0.00334740662947, "max": 0.499727398157, "mean": 0.392529457808, "median": 0.404283553362, "min": 0.0852397307754, "var": 0.00481990445405}, "dynamic_complexity": 3.93142771721, "erbbands_crest": {"dmean": 2.39905452728, "dmean2": 3.61008787155, "dvar": 6.58860778809, "dvar2": 13.5642061234, "max": 33.2338638306, "mean": 12.8350009918, "median": 11.8161897659, "min": 2.36251282692, "var": 34.3329315186}, "erbbands_flatness_db": {"dmean": 0.0358923412859, "dmean2": 0.044354621321, "dvar": 0.00121038337238, "dvar2": 0.00220436952077, "max": 0.498872935772, "mean": 0.23919378221, "median": 0.226377367973, "min": 0.064228400588, "var": 0.00828175060451}, "erbbands_kurtosis": {"dmean": 2.09558224678, "dmean2": 3.25466108322, "dvar": 8.81916904449, "dvar2": 21.5297222137, "max": 49.5520629883, "mean": 2.59727621078, "median": 1.14869689941, "min": -1.82946550846, "var": 21.9648323059}, "erbbands_skewness": {"dmean": 0.481024086475, "dmean2": 0.704157233238, "dvar": 0.21958848834, "dvar2": 0.491920530796, "max": 5.02854919434, "mean": 0.968044817448, "median": 0.900976479053, "min": -2.18714094162, "var": 0.755119860172}, "erbbands_spread": {"dmean": 8.60587787628, "dmean2": 13.0132770538, "dvar": 129.696807861, "dvar2": 291.306854248, "max": 122.234275818, "mean": 22.6009902954, "median": 16.8579711914, "min": 1.65707266331, "var": 259.320129395}, "hfc": {"dmean": 6.71691560745, "dmean2": 10.089720726, "dvar": 265.210144043, "dvar2": 563.651367188, "max": 157.968902588, "mean": 12.7241744995, "median": 7.62281608582, "min": 1.211739791e-16, "var": 350.356781006}, "melbands_crest": {"dmean": 2.54111981392, "dmean2": 3.96011424065, "dvar": 6.91401290894, "dvar2": 15.8263635635, "max": 32.2699623108, "mean": 16.8009815216, "median": 16.358631134, "min": 1.96913897991, "var": 30.3068943024}, "melbands_flatness_db": {"dmean": 0.0460482947528, "dmean2": 0.0566124767065, "dvar": 0.00198441324756, "dvar2": 0.00374662969261, "max": 0.589353382587, "mean": 0.312035620213, "median": 0.329778641462, "min": 0.00821697991341, "var": 0.0101526342332}, "melbands_kurtosis": {"dmean": 8.17220973969, "dmean2": 12.0800085068, "dvar": 243.382553101, "dvar2": 560.786132812, "max": 183.704498291, "mean": 11.9299440384, "median": 5.90636253357, "min": -1.61529684067, "var": 355.763763428}, "melbands_skewness": {"dmean": 0.745178520679, "dmean2": 1.07001209259, "dvar": 0.84059047699, "dvar2": 1.70503222942, "max": 10.7887010574, "mean": 2.08229756355, "median": 1.7876188755, "min": -2.18952703476, "var": 2.0823559761}, "melbands_spread": {"dmean": 4.51155853271, "dmean2": 6.25146770477, "dvar": 64.0454864502, "dvar2": 102.288078308, "max": 130.740509033, "mean": 12.1209564209, "median": 8.13529109955, "min": 0.76166176796, "var": 167.275344849}, "pitch_salience": {"dmean": 0.058830074966, "dmean2": 0.0944495722651, "dvar": 0.00419265870005, "dvar2": 0.0104898512363, "max": 0.922211825848, "mean": 0.550640821457, "median": 0.555967748165, "min": 0.161090284586, "var": 0.0153129873797}, "silence_rate_20dB": {"dmean": 0, "dmean2": 0, "dvar": 0, "dvar2": 0, "max": 1, "mean": 1, "median": 1, "min": 1, "var": 0}, "silence_rate_30dB": {"dmean": 0.0374561063945, "dmean2": 0.0745511353016, "dvar": 0.0360538288951, "dvar2": 0.0783585757017, "max": 1, "mean": 0.966848671436, "median": 1, "min": 0, "var": 0.0320519953966}, "silence_rate_60dB": {"dmean": 0.0382364429533, "dmean2": 0.0761124119163, "dvar": 0.0367743894458, "dvar2": 0.0835895761847, "max": 1, "mean": 0.142355695367, "median": 0, "min": 0, "var": 0.122089594603}, "spectral_centroid": {"dmean": 191.071090698, "dmean2": 265.489257812, "dvar": 129706.25, "dvar2": 203016.890625, "max": 11011.109375, "mean": 684.239562988, "median": 504.609100342, "min": 162.347869873, "var": 283117.03125}, "spectral_complexity": {"dmean": 2.91065168381, "dmean2": 4.00702571869, "dvar": 32.7443656921, "dvar2": 43.9363555908, "max": 58, "mean": 11.4773788452, "median": 10, "min": 0, "var": 89.0665664673}, "spectral_decrease": {"dmean": 3.09652525843e-09, "dmean2": 5.06806463463e-09, "dvar": 7.53184277502e-17, "dvar2": 2.03972257023e-16, "max": 6.30779732791e-29, "mean": -6.92440549344e-09, "median": -4.94477525592e-09, "min": -7.27912663478e-08, "var": 7.53132727606e-17}, "spectral_energy": {"dmean": 0.0122176297009, "dmean2": 0.0198688898236, "dvar": 0.00111606693827, "dvar2": 0.00301614985801, "max": 0.278398811817, "mean": 0.0272883884609, "median": 0.0195491276681, "min": 1.07527720064e-20, "var": 0.00112626631744}, "spectral_energyband_high": {"dmean": 0.000430770422099, "dmean2": 0.000638852186967, "dvar": 1.58934790306e-06, "dvar2": 3.25133942169e-06, "max": 0.0127915907651, "mean": 0.000411701359553, "median": 2.08046203625e-05, "min": 7.93397554672e-21, "var": 1.94900144379e-06}, "spectral_energyband_low": {"dmean": 0.00733416574076, "dmean2": 0.0121332695708, "dvar": 0.000813539838418, "dvar2": 0.0021977473516, "max": 0.245198071003, "mean": 0.00874767545611, "median": 0.00287648336962, "min": 2.04365493105e-23, "var": 0.000694366521202}, "spectral_energyband_middle_high": {"dmean": 0.00141841429286, "dmean2": 0.00209890841506, "dvar": 1.42684639286e-05, "dvar2": 3.09963943437e-05, "max": 0.0371454432607, "mean": 0.00251881522126, "median": 0.00115701416507, "min": 1.54080140352e-21, "var": 1.94367275981e-05}, "spectral_energyband_middle_low": {"dmean": 0.00552263204008, "dmean2": 0.00950953736901, "dvar": 0.000146338352351, "dvar2": 0.000421838951297, "max": 0.124335862696, "mean": 0.0168347023427, "median": 0.0132898148149, "min": 3.06441437357e-22, "var": 0.000259070715401}, "spectral_entropy": {"dmean": 0.401405721903, "dmean2": 0.535415947437, "dvar": 0.188019827008, "dvar2": 0.368405938148, "max": 9.79655170441, "mean": 6.47008466721, "median": 6.3562874794, "min": 4.54397964478, "var": 0.803332149982}, "spectral_flux": {"dmean": 0.031717710197, "dmean2": 0.0469853505492, "dvar": 0.00343667902052, "dvar2": 0.00721559952945, "max": 0.499049425125, "mean": 0.0602090880275, "median": 0.0359764136374, "min": 8.84642395249e-06, "var": 0.00519493920729}, "spectral_kurtosis": {"dmean": 12.7288551331, "dmean2": 18.5459117889, "dvar": 294.35043335, "dvar2": 598.649353027, "max": 258.70199585, "mean": 22.1470451355, "median": 13.1626930237, "min": -1.28011775017, "var": 631.853271484}, "spectral_rms": {"dmean": 0.000876712088939, "dmean2": 0.00133378012106, "dvar": 3.19537366522e-06, "dvar2": 7.77851892053e-06, "max": 0.0164805520326, "mean": 0.00446422910318, "median": 0.00436718668789, "min": 3.2389054546e-12, "var": 6.69353084959e-06}, "spectral_rolloff": {"dmean": 324.729309082, "dmean2": 497.423950195, "dvar": 679412.9375, "dvar2": 1259336.75, "max": 18992.2851562, "mean": 903.789672852, "median": 581.396484375, "min": 107.666015625, "var": 972802.375}, "spectral_skewness": {"dmean": 1.02513003349, "dmean2": 1.43325519562, "dvar": 1.02722847462, "dvar2": 2.17302060127, "max": 13.3292999268, "mean": 3.27783727646, "median": 3.02704381943, "min": 0.0157904028893, "var": 3.04132008553}, "spectral_spread": {"dmean": 1131544.625, "dmean2": 1558750.375, "dvar": 2855892680700.0, "dvar2": 4580166860800.0, "max": 49642936, "mean": 3452231, "median": 3093612.5, "min": 342163.90625, "var": 4933255954430.0}, "spectral_strongpeak": {"dmean": 0.253061383963, "dmean2": 0.400372892618, "dvar": 0.136499807239, "dvar2": 0.304340362549, "max": 6.13583803177, "mean": 0.999348819256, "median": 0.888477325439, "min": 0, "var": 0.497002094984}, "zerocrossingrate": {"dmean": 0.00971075799316, "dmean2": 0.0106960656121, "dvar": 0.000207522389246, "dvar2": 0.000246640498517, "max": 0.5126953125, "mean": 0.0363272503018, "median": 0.0283203125, "min": 0.00439453125, "var": 0.000819167355075}, "barkbands": {"dmean": [4.65877419629e-05, 0.0028457660228, 0.00433153985068, 0.00164799403865, 0.00266065262258, 0.000897035642993, 0.000655089854263, 0.000600922561716, 0.00036812669714, 0.000344887317624, 0.000129191001179, 0.000254329148447, 0.000216051354073, 0.000166440149769, 0.000165376986843, 0.000145199970575, 0.000101414167148, 9.41452672123e-05, 8.75953846844e-05, 8.57056220411e-05, 9.90667904261e-05, 9.46862492128e-05, 8.67832204676e-05, 8.10548444861e-05, 2.6413361411e-05, 8.24841845315e-06, 2.28267936109e-06], "dmean2": [7.88003599155e-05, 0.0050781564787, 0.00746684195474, 0.00306486175396, 0.00452012941241, 0.00139701855369, 0.000970393652096, 0.000850907701533, 0.000624749518465, 0.000552668760065, 0.000186706281966, 0.0003621323267, 0.000333595031407, 0.000274358375464, 0.000278620340396, 0.000227093158173, 0.000149003783008, 0.000145694983075, 0.000129580614157, 0.000133820431074, 0.000145889120176, 0.00014873908367, 0.000127401348436, 0.000120199591038, 3.91703506466e-05, 1.28548135763e-05, 3.89001615986e-06], "dvar": [7.2028170095e-09, 0.000119100768643, 0.000313837866997, 4.23433557444e-05, 2.92138029181e-05, 3.044607638e-06, 2.56350767813e-06, 2.65521748588e-06, 3.11747339765e-06, 5.7122446151e-07, 7.76138193714e-08, 3.29197121118e-07, 5.13538850555e-07, 2.54893649299e-07, 2.38256291141e-07, 2.19266695467e-07, 1.15308374404e-07, 9.7781011732e-08, 7.43523358437e-08, 7.23752862086e-08, 9.70808855527e-08, 8.42972696091e-08, 7.58847775728e-08, 5.25787733352e-08, 5.87839377175e-09, 7.22304605016e-10, 1.23691237808e-10], "dvar2": [1.7754020476e-08, 0.00033316394547, 0.000875692639966, 0.00012791257177, 7.97208122094e-05, 7.12490782462e-06, 5.83837072554e-06, 3.91999901694e-06, 9.33639330469e-06, 1.51695894601e-06, 1.44356135934e-07, 6.81077608533e-07, 1.22116455259e-06, 6.66047469622e-07, 5.8762759636e-07, 5.14618591296e-07, 2.56495724216e-07, 2.14247648955e-07, 1.63179805668e-07, 1.52207348947e-07, 2.00367608727e-07, 1.83629907724e-07, 1.65853549561e-07, 1.06604794325e-07, 1.2259441462e-08, 1.8290696735e-09, 3.48790080151e-10], "max": [0.00161737028975, 0.0895258262753, 0.156292378902, 0.0772720873356, 0.0643600299954, 0.0364229232073, 0.0365405157208, 0.0734115317464, 0.0545179843903, 0.00812582205981, 0.00580285862088, 0.0071638408117, 0.00846488587558, 0.00649896962568, 0.007117964793, 0.00445478688926, 0.00451360270381, 0.00300893909298, 0.0023707144428, 0.00241662934422, 0.00339343468659, 0.00322384340689, 0.00293111242354, 0.00199236581102, 0.00072421040386, 0.000529439479578, 0.000183649739483], "mean": [4.90897255077e-05, 0.00284675788134, 0.00468959007412, 0.00190535164438, 0.00718272849917, 0.00316292815842, 0.00217978842556, 0.00158659531735, 0.000685577339027, 0.000638508005068, 0.000337595876772, 0.000474245811347, 0.000256532890489, 0.000192265855731, 0.000212965169339, 0.000159562652698, 0.00010745387408, 8.83762622834e-05, 8.1245401816e-05, 7.82854112913e-05, 9.34589115786e-05, 8.72552554938e-05, 8.33460508147e-05, 7.47627491364e-05, 2.51768105954e-05, 7.30999227017e-06, 1.68187000327e-06], "median": [2.19157191168e-05, 0.000648400746286, 0.000978262396529, 0.000389256107155, 0.00405938597396, 0.00146977393888, 0.000536275329068, 0.000738229835406, 0.000214180050534, 0.00019910390256, 0.000111151421152, 0.000135664929985, 4.78461115563e-05, 3.03974429698e-05, 2.50198318099e-05, 1.43770957948e-05, 7.55895052862e-06, 3.4501117625e-06, 2.7194487302e-06, 1.78725554179e-06, 2.91015771836e-06, 2.9482807804e-06, 4.00786393584e-06, 2.69944985121e-06, 1.06722814053e-06, 5.8491832533e-07, 1.29184556386e-07], "min": [2.43738171973e-23, 2.71567752927e-24, 4.75909055612e-24, 1.42169600967e-23, 5.11511831323e-23, 7.27348561058e-23, 1.22313822099e-23, 4.06099314675e-23, 1.08327452356e-22, 7.33468291525e-23, 3.4388071912e-23, 7.29067141871e-23, 1.43647973635e-22, 1.46287489602e-22, 1.01035367298e-22, 2.2071573346e-22, 1.65773338459e-22, 2.33320948175e-22, 2.8974535407e-22, 2.25278782615e-22, 4.83336263076e-22, 6.13584847323e-22, 5.32989718049e-22, 8.74372821502e-22, 1.05251563779e-21, 1.65514125077e-21, 2.78640292788e-21], "var": [7.94974397422e-09, 9.00592640392e-05, 0.00024761093664, 2.71161061391e-05, 7.21469041309e-05, 1.85500593943e-05, 1.78713562491e-05, 1.55264078785e-05, 2.60423371401e-06, 1.10940709419e-06, 3.47630219721e-07, 6.95946084761e-07, 5.45162663457e-07, 2.43839650693e-07, 2.8810461572e-07, 2.50968895443e-07, 1.3337465532e-07, 1.07624011036e-07, 8.664867579e-08, 8.18873715502e-08, 1.1504867814e-07, 9.39227646768e-08, 8.67043041808e-08, 6.5001756866e-08, 7.28649496295e-09, 6.24205909183e-10, 7.60875668027e-11]}, "erbbands": {"dmean": [0.0229739639908, 0.859492838383, 4.65009975433, 5.49951171875, 6.72121429443, 9.72297954559, 10.1294527054, 6.37498950958, 9.31264686584, 11.694393158, 12.6688985825, 8.47918224335, 8.04230308533, 10.4836788177, 5.34520959854, 11.7552957535, 9.98330593109, 9.31121730804, 8.8275718689, 8.45497989655, 7.02652835846, 4.90365171432, 5.26530742645, 4.68935537338, 4.06036567688, 4.2518119812, 4.53470516205, 3.67205667496, 3.425770998, 2.54886174202, 2.35506367683, 1.95709455013, 1.22807323933, 0.386798262596, 0.144278854132, 0.0567489378154, 0.0108671598136, 0.00197767373174, 0.000512545928359, 2.52353947872e-05], "dmean2": [0.0411626249552, 1.5165336132, 7.65704727173, 10.1321611404, 12.3377256393, 15.8734493256, 15.3022584915, 10.1705884933, 14.2549505234, 16.9471855164, 17.6388282776, 14.4703035355, 12.2836608887, 16.9892520905, 7.6056842804, 16.8051395416, 15.5940027237, 15.0111970901, 14.1304998398, 14.2123603821, 10.0034780502, 7.34823656082, 8.11537265778, 6.98424768448, 6.08117628098, 6.69078016281, 6.66987895966, 5.57452392578, 5.36216592789, 3.87826275826, 3.51809263229, 2.8976688385, 1.81403779984, 0.564235568047, 0.220955252647, 0.0877927094698, 0.0167165715247, 0.00320507935248, 0.000872453965712, 4.03663398174e-05], "dvar": [0.00538373179734, 11.0961523056, 340.575439453, 480.992492676, 443.012878418, 368.889953613, 394.679229736, 224.235366821, 479.27432251, 895.468200684, 1184.51940918, 1718.20947266, 374.27633667, 503.622711182, 131.073364258, 753.344665527, 1157.53955078, 711.805175781, 866.005432129, 602.350646973, 496.562194824, 279.608062744, 300.941009521, 235.98866272, 155.746200562, 181.883911133, 208.798873901, 143.818634033, 108.983024597, 69.4808807373, 51.9483642578, 31.732301712, 12.8160419464, 1.35641109943, 0.165505379438, 0.0352628231049, 0.00104258093052, 4.37363923993e-05, 6.80297307554e-06, 4.23046708775e-09], "dvar2": [0.0153651433066, 30.5974845886, 920.727722168, 1441.77441406, 1300.56140137, 877.644836426, 870.204040527, 506.727935791, 1205.86877441, 2021.00524902, 2024.30761719, 5202.67626953, 893.594055176, 1395.93994141, 255.661209106, 1518.47070312, 2814.17260742, 1777.9888916, 2113.90893555, 1697.88500977, 992.777709961, 652.343566895, 633.00189209, 512.108337402, 342.887573242, 403.5987854, 435.713104248, 323.252929688, 234.617370605, 138.969543457, 116.234451294, 65.7024154663, 26.2698936462, 2.86859583855, 0.367486387491, 0.0886180698872, 0.00250025093555, 0.000115065602586, 1.92430907191e-05, 1.12904974259e-08], "max": [0.678966224194, 27.6655006409, 161.354675293, 243.19329834, 257.731872559, 374.517181396, 378.20199585, 436.421447754, 565.098937988, 880.831115723, 1345.47375488, 1294.34106445, 210.980178833, 291.180450439, 184.702941895, 367.876342773, 403.505249023, 364.312805176, 437.854003906, 388.911712646, 227.465438843, 185.220596313, 156.929611206, 153.044433594, 114.240386963, 126.790260315, 171.165267944, 125.508148193, 126.605728149, 95.6887130737, 76.5942306519, 54.6714096069, 31.1087036133, 11.8042087555, 3.7540037632, 4.16073656082, 0.382005155087, 0.0761663466692, 0.0441270135343, 0.000719406001735], "mean": [0.0261310134083, 0.880970418453, 5.14986801147, 6.22020101547, 9.16193771362, 29.1006240845, 38.8527679443, 20.1955051422, 27.3824443817, 33.900680542, 36.4295120239, 15.935918808, 15.7828407288, 22.4919166565, 14.0996446609, 22.0817623138, 12.4498205185, 11.8274698257, 10.7818002701, 9.94096946716, 8.23366546631, 5.07453966141, 5.06492757797, 4.48636293411, 3.7954916954, 3.68919181824, 4.13386201859, 3.38141703606, 3.18054699898, 2.5036380291, 2.26391863823, 1.85768663883, 1.11767137051, 0.368443459272, 0.1331602633, 0.0512576811016, 0.0098180193454, 0.00163937895559, 0.000387874315493, 4.10789943999e-05], "median": [0.00770282652229, 0.205892413855, 0.99605256319, 1.74113464355, 3.42656373978, 12.5128164291, 15.4102630615, 10.488073349, 12.3359851837, 8.44017410278, 16.6665668488, 7.37603235245, 4.98133563995, 9.14771270752, 5.91151237488, 5.86469936371, 2.93785333633, 2.21038341522, 1.82262706757, 1.168597579, 0.787093400955, 0.402128905058, 0.239555418491, 0.130311444402, 0.15230306983, 0.0872163772583, 0.123261660337, 0.10799523443, 0.101598113775, 0.0914942026138, 0.110496461391, 0.0938752144575, 0.029599359259, 0.0106321135536, 0.00765149528161, 0.00382429221645, 0.000837730825879, 0.000153269778821, 4.07661646022e-05, 2.67574287136e-05], "min": [9.59390671042e-23, 8.47715936715e-22, 6.10653445248e-21, 2.82489643199e-20, 5.43979690962e-20, 2.92876530764e-19, 2.17012203721e-19, 8.18105614053e-19, 1.31697842243e-19, 7.07326898083e-19, 1.73949486055e-18, 1.9406318915e-18, 9.95966506352e-19, 2.75435220753e-18, 1.84448558697e-18, 3.26919521105e-18, 6.50670030565e-18, 8.72045069181e-18, 4.97612004177e-18, 8.78151812771e-18, 1.10171987263e-17, 1.12644760986e-17, 1.35791590631e-17, 1.00307337334e-17, 1.32484489454e-17, 1.31329100118e-17, 1.5652760238e-17, 2.33468435714e-17, 2.0578635675e-17, 1.50927953593e-17, 1.6293881461e-17, 1.64295523164e-17, 1.43190241445e-17, 9.89977449883e-18, 9.66572126297e-18, 6.51538156618e-18, 2.86470699344e-18, 1.35820192468e-18, 3.37684826998e-19, 4.40686028957e-20], "var": [0.00433232914656, 8.75328826904, 295.742584229, 307.073791504, 305.276977539, 1756.5612793, 3238.83251953, 794.659301758, 2532.90966797, 5953.3828125, 6101.8671875, 1236.87084961, 783.886291504, 1122.21765137, 441.651519775, 1630.6126709, 1184.6072998, 797.08404541, 899.130187988, 738.176818848, 673.689208984, 299.933532715, 346.051391602, 283.778381348, 180.47769165, 188.690536499, 239.955581665, 153.134597778, 123.601112366, 84.707321167, 58.8882675171, 38.38230896, 15.6091918945, 1.68098652363, 0.184663131833, 0.0306451003999, 0.00102160673123, 3.39816433552e-05, 4.14112491853e-06, 3.67115271516e-09]}, "gfcc": {"mean": [-88.9616699219, 138.400909424, -99.7030944824, -4.90864896774, -66.2349777222, 7.53404092789, -36.8534584045, -9.66441249847, -16.9832286835, -4.38152170181, -12.5615749359, -3.13915038109, -6.15562534332], "cov": [[12122.4990234, -2155.74780273, 1608.42675781, 2542.44897461, -752.25994873, 796.251159668, -514.134338379, 62.7152862549, -953.190795898, -342.627929688, -259.22265625, 242.763458252, -461.209899902], [-2155.74780273, 2286.36767578, 159.299850464, -848.465393066, 297.429870605, -368.558746338, 144.912765503, -183.656021118, 270.158203125, -109.68119812, 121.971321106, -121.827301025, 120.828689575], [1608.42675781, 159.299850464, 2189.60107422, 742.738342285, -320.018188477, 402.729858398, 9.28381919861, -119.376060486, -249.671936035, -176.711868286, -91.1903762817, 202.292572021, -145.414840698], [2542.44897461, -848.465393066, 742.738342285, 1109.81530762, -153.314407349, 320.849822998, -62.9921646118, 105.658248901, -294.241424561, -71.5624389648, -51.1795578003, 97.1269836426, -111.7996521], [-752.25994873, 297.429870605, -320.018188477, -153.314407349, 328.507293701, -59.9528312683, 7.37288141251, 33.5790748596, 94.4974594116, 8.32072639465, 32.6861610413, -48.4422149658, 40.2946662903], [796.251159668, -368.558746338, 402.729858398, 320.849822998, -59.9528312683, 327.092498779, -26.4805011749, -5.40637969971, -114.64503479, -34.5536231995, -32.843711853, 59.9448165894, -53.9362754822], [-514.134338379, 144.912765503, 9.28381919861, -62.9921646118, 7.37288141251, -26.4805011749, 149.294937134, 15.9480676651, 45.4995422363, 4.30109167099, 9.90250492096, -10.8693761826, 25.917552948], [62.7152862549, -183.656021118, -119.376060486, 105.658248901, 33.5790748596, -5.40637969971, 15.9480676651, 134.602966309, 13.8161458969, 29.1790142059, 10.3217391968, -6.20100021362, 10.3262443542], [-953.190795898, 270.158203125, -249.671936035, -294.241424561, 94.4974594116, -114.64503479, 45.4995422363, 13.8161458969, 189.641281128, 52.6572723389, 15.0865926743, -29.0867424011, 48.9262237549], [-342.627929688, -109.68119812, -176.711868286, -71.5624389648, 8.32072639465, -34.5536231995, 4.30109167099, 29.1790142059, 52.6572723389, 134.942733765, 23.3630409241, -46.166103363, 15.1905088425], [-259.22265625, 121.971321106, -91.1903762817, -51.1795578003, 32.6861610413, -32.843711853, 9.90250492096, 10.3217391968, 15.0865926743, 23.3630409241, 102.520401001, -11.8029203415, 8.94726753235], [242.763458252, -121.827301025, 202.292572021, 97.1269836426, -48.4422149658, 59.9448165894, -10.8693761826, -6.20100021362, -29.0867424011, -46.166103363, -11.8029203415, 126.993858337, 8.29807472229], [-461.209899902, 120.828689575, -145.414840698, -111.7996521, 40.2946662903, -53.9362754822, 25.917552948, 10.3262443542, 48.9262237549, 15.1905088425, 8.94726753235, 8.29807472229, 112.212371826]], "icov": [[0.000260418164544, -0.000204367475817, 0.000220616479055, -0.000572104938328, 0.000469798775157, -0.000164874698385, 0.000570456671994, -7.67843084759e-05, 0.000332676660037, 8.78775754245e-05, 0.000431931723142, -0.000187153811567, 0.000456121662864], [-0.000204367475817, 0.00223067798652, -0.00143371068407, 0.0014694663696, -0.00178845517803, 0.00167593057267, -0.000874571909662, 0.00137637590524, -0.00142662005965, 0.00260124984197, -0.00256976881064, 0.00270974310115, -0.00183829094749], [0.000220616479055, -0.00143371068407, 0.00187863281462, -0.00162693590391, 0.00167842057999, -0.00153836549725, 0.000220623143832, 0.00017253732949, 0.000614618649706, -0.00110683706589, 0.00179118360393, -0.00236234650947, 0.00176886469126], [-0.000572104938328, 0.0014694663696, -0.00162693590391, 0.00438398681581, -0.00189712608699, 0.000370872206986, -0.0012078685686, -0.00206101243384, 0.00169446249492, 0.00080408458598, -0.0015934392577, 0.00124727434013, -0.0011588978814], [0.000469798775157, -0.00178845517803, 0.00167842057999, -0.00189712608699, 0.00621251016855, -0.00204725586809, 0.00197171373293, -0.00168113643304, -0.000993752502836, 0.000226384087, 0.00115399772767, -0.000515360734425, 0.000974760972895], [-0.000164874698385, 0.00167593057267, -0.00153836549725, 0.000370872206986, -0.00204725586809, 0.006367537193, -0.000794859952293, 0.00148689700291, 0.000347064866219, 0.000923395040445, -0.00111718242988, 0.000651725044008, -0.000499217421748], [0.000570456671994, -0.000874571909662, 0.000220623143832, -0.0012078685686, 0.00197171373293, -0.000794859952293, 0.00934917572886, -0.00198613991961, -0.00109442824032, 0.000764490279835, 0.000579662213568, 0.000581530854106, -0.000413343164837], [-7.67843084759e-05, 0.00137637590524, 0.00017253732949, -0.00206101243384, -0.00168113643304, 0.00148689700291, -0.00198613991961, 0.0124694891274, -0.00333545426838, 8.27660624054e-05, -0.00203876825981, 0.00103699543979, -0.00146889942698], [0.000332676660037, -0.00142662005965, 0.000614618649706, 0.00169446249492, -0.000993752502836, 0.000347064866219, -0.00109442824032, -0.00333545426838, 0.0139514841139, -0.00504498323426, 0.00340551673435, -0.00347003899515, 0.00105658860411], [8.78775754245e-05, 0.00260124984197, -0.00110683706589, 0.00080408458598, 0.000226384087, 0.000923395040445, 0.000764490279835, 8.27660624054e-05, -0.00504498323426, 0.0144200511277, -0.00480722729117, 0.00701718823984, -0.00278266333044], [0.000431931723142, -0.00256976881064, 0.00179118360393, -0.0015934392577, 0.00115399772767, -0.00111718242988, 0.000579662213568, -0.00203876825981, 0.00340551673435, -0.00480722729117, 0.0140397725627, -0.00384758925065, 0.00270932377316], [-0.000187153811567, 0.00270974310115, -0.00236234650947, 0.00124727434013, -0.000515360734425, 0.000651725044008, 0.000581530854106, 0.00103699543979, -0.00347003899515, 0.00701718823984, -0.00384758925065, 0.0149933733046, -0.00547603610903], [0.000456121662864, -0.00183829094749, 0.00176886469126, -0.0011588978814, 0.000974760972895, -0.000499217421748, -0.000413343164837, -0.00146889942698, 0.00105658860411, -0.00278266333044, 0.00270932377316, -0.00547603610903, 0.0136490566656]]}, "melbands": {"dmean": [0.000478903588373, 0.002012334764, 0.000986665603705, 0.00059029093245, 0.000361803045962, 0.000149308660184, 0.000138265852001, 0.000128398052766, 9.5425733889e-05, 5.40972905583e-05, 4.17478986492e-05, 4.64991753688e-05, 1.87410714716e-05, 2.64981026703e-05, 2.94274013868e-05, 2.07165230677e-05, 1.60690015036e-05, 1.44389123307e-05, 1.04227929114e-05, 1.24513007904e-05, 7.51868083171e-06, 4.65494895252e-06, 6.31146531305e-06, 3.92874517274e-06, 3.82333928428e-06, 3.30719808517e-06, 2.72864394901e-06, 2.73476575785e-06, 2.94448136628e-06, 2.34361709772e-06, 2.12169993574e-06, 2.19759954234e-06, 1.41998373238e-06, 1.4135530364e-06, 1.17855734061e-06, 1.59223657192e-06, 1.19464777981e-06, 1.0354758615e-06, 4.72350109249e-07, 2.79663112224e-07], "dmean2": [0.000856095342897, 0.00330664822832, 0.00180740735959, 0.00102496927138, 0.000556236715056, 0.000239342145505, 0.000209541831282, 0.00018453373923, 0.000134964036988, 9.32491893764e-05, 6.41383667244e-05, 7.56907465984e-05, 2.66692331934e-05, 3.66919593944e-05, 4.38876122644e-05, 3.31087649101e-05, 2.6084631827e-05, 2.34066610574e-05, 1.69808463397e-05, 2.09551835724e-05, 1.07368523459e-05, 6.87185274728e-06, 9.92835339275e-06, 6.25365282758e-06, 5.6783983382e-06, 5.07192271471e-06, 4.13362613472e-06, 4.38584856965e-06, 4.31662556366e-06, 3.58391275768e-06, 3.26087774738e-06, 3.46658157468e-06, 2.17604656427e-06, 2.139293656e-06, 1.75585694251e-06, 2.46720310315e-06, 1.80110441761e-06, 1.54881922754e-06, 6.82501422489e-07, 4.20186381689e-07], "dvar": [3.11179110213e-06, 6.18546255282e-05, 1.45850799527e-05, 1.85901637906e-06, 4.42398430778e-07, 1.0889307589e-07, 1.00950160231e-07, 1.08109908581e-07, 8.26640231821e-08, 6.11532300354e-08, 1.02766861687e-08, 1.0516628457e-08, 1.73640546386e-09, 3.26767213288e-09, 7.32308746976e-09, 4.26710800028e-09, 2.10903028375e-09, 2.43942466227e-09, 8.79685213562e-10, 1.46777934251e-09, 5.715588558e-10, 2.27862340108e-10, 5.11456543784e-10, 1.6214428411e-10, 1.61399865695e-10, 1.1661692445e-10, 7.2396713624e-11, 7.4575907949e-11, 9.28236654207e-11, 5.36203650925e-11, 5.09438116691e-11, 4.47032307005e-11, 1.93356199107e-11, 2.30918218574e-11, 1.16702628464e-11, 2.91295286503e-11, 1.16289235186e-11, 9.17346754115e-12, 2.05950859665e-12, 7.66763009422e-13], "dvar2": [8.79895287653e-06, 0.000166368568898, 4.34752691945e-05, 5.15552528668e-06, 1.0034926845e-06, 2.64072042455e-07, 2.4488323902e-07, 2.24160103812e-07, 1.81467513016e-07, 1.83086086736e-07, 2.47742431014e-08, 2.93534334617e-08, 3.24419002773e-09, 6.29355856319e-09, 1.73623906363e-08, 1.04237525278e-08, 5.29730215248e-09, 6.18055695512e-09, 2.32389130161e-09, 3.87316356765e-09, 1.01479813441e-09, 5.13680487035e-10, 1.14513976079e-09, 3.53395285257e-10, 3.52161994011e-10, 2.67348643224e-10, 1.47742054701e-10, 1.68496439024e-10, 1.92465779425e-10, 1.14533597884e-10, 1.17964457647e-10, 9.94614945959e-11, 4.17818141196e-11, 4.51288381664e-11, 2.53746624407e-11, 7.17732540068e-11, 2.42075942625e-11, 1.9182204436e-11, 4.20644942489e-12, 1.72110882404e-12], "max": [0.0149830728769, 0.0686412081122, 0.0419892892241, 0.0131927412003, 0.0114726256579, 0.00876731425524, 0.00855490285903, 0.00971045903862, 0.00878773629665, 0.00713770743459, 0.00110705639236, 0.00129124242812, 0.000872060540132, 0.000787551514804, 0.00089077744633, 0.000698209914844, 0.000618470890913, 0.000653165508993, 0.000382779544452, 0.000438380229753, 0.000304949498968, 0.000202141047339, 0.00021472843946, 0.000120616779895, 0.000128560437588, 0.000105758059362, 7.636268856e-05, 7.33746783226e-05, 0.000114173810289, 7.64674769016e-05, 7.21365286154e-05, 8.72919699759e-05, 5.06984761159e-05, 5.35385552212e-05, 3.41935265169e-05, 5.41775480087e-05, 3.24027932948e-05, 2.68320509349e-05, 1.43152501551e-05, 8.9429122454e-06], "mean": [0.000498281791806, 0.00220690132119, 0.00110832822975, 0.0013244234724, 0.00139154819772, 0.000470360158943, 0.000430782238254, 0.000356018252205, 0.000267694995273, 9.24887135625e-05, 7.89218611317e-05, 9.34932904784e-05, 4.89677768201e-05, 5.20126013726e-05, 4.21222430305e-05, 2.52767476923e-05, 2.01024067792e-05, 1.61874577316e-05, 1.29493137138e-05, 1.31627393785e-05, 9.17940997169e-06, 5.16111958859e-06, 5.64597803532e-06, 3.80355595553e-06, 3.62317427971e-06, 3.02670946439e-06, 2.59470675701e-06, 2.31879698731e-06, 2.67894711214e-06, 2.17868978325e-06, 1.91941035155e-06, 1.94928747987e-06, 1.38220570989e-06, 1.37384279242e-06, 1.14844294785e-06, 1.45908234117e-06, 1.08058475234e-06, 9.22198751141e-07, 4.49770965361e-07, 2.62582545929e-07], "median": [0.000122856145026, 0.000516669009812, 0.000355878379196, 0.000434149173088, 0.000591792573687, 0.0002438632946, 0.000180056667887, 0.000109888977022, 0.000116624883958, 3.15466386382e-05, 2.37298190768e-05, 3.42608764186e-05, 1.73155058292e-05, 1.57134545589e-05, 8.70460007718e-06, 4.7566018111e-06, 3.34097694576e-06, 2.49066465585e-06, 1.71502006197e-06, 9.74124986897e-07, 8.06448156254e-07, 4.1522008587e-07, 2.10912929788e-07, 1.73896154365e-07, 8.30077979685e-08, 1.05292912167e-07, 7.14860135531e-08, 4.84937991985e-08, 6.52189058314e-08, 7.06114988702e-08, 5.86714250517e-08, 5.81640975383e-08, 4.69139536108e-08, 4.68971563805e-08, 4.8561950905e-08, 7.94239980451e-08, 3.714886887e-08, 1.90102031894e-08, 1.17599530114e-08, 6.87852885761e-09], "min": [1.60412764735e-24, 2.17860781157e-24, 5.02845657853e-24, 1.22237973123e-23, 9.68017922114e-24, 1.63881293444e-23, 1.96666001622e-24, 8.03050540754e-24, 1.80046236683e-23, 1.10225222924e-23, 5.02436633474e-24, 1.15961827315e-23, 5.78526685404e-24, 7.65841234032e-24, 7.53820492672e-24, 1.92702705269e-23, 1.5168028159e-23, 7.26664192668e-24, 9.83889330211e-24, 1.48034450476e-23, 1.12454812055e-23, 1.11696274963e-23, 1.43222004523e-23, 8.1550255237e-24, 7.82843868666e-24, 1.13723623824e-23, 6.97415833543e-24, 9.65290435535e-24, 7.66555468695e-24, 1.08984092285e-23, 1.58756916112e-23, 1.18025613661e-23, 1.07171913125e-23, 7.01728772771e-24, 9.38993362829e-24, 9.11561829255e-24, 1.10336381314e-23, 9.1785165391e-24, 1.06383564979e-23, 7.31532016656e-24], "var": [2.34889785133e-06, 5.36954212293e-05, 9.33214778343e-06, 3.43128431268e-06, 3.25774499288e-06, 3.95159361233e-07, 6.04404874593e-07, 6.7028003059e-07, 3.00408771636e-07, 4.7101128331e-08, 2.03806589383e-08, 2.10213020324e-08, 7.00527102993e-09, 8.11531730704e-09, 8.5067748401e-09, 4.41624559144e-09, 2.3568422769e-09, 2.28788676893e-09, 1.03029462739e-09, 1.55796298085e-09, 8.75158001623e-10, 2.7375485212e-10, 5.14996989498e-10, 1.85481963122e-10, 1.93131038939e-10, 1.2595884058e-10, 8.84627510134e-11, 7.4009527673e-11, 1.06984324177e-10, 6.06530173308e-11, 5.15452298899e-11, 4.74609275491e-11, 2.31364389452e-11, 2.81920944922e-11, 1.39969676474e-11, 2.79682943471e-11, 1.3609831144e-11, 1.0755091262e-11, 2.61491999928e-12, 8.78341507599e-13]}, "mfcc": {"mean": [-739.342590332, 173.429321289, 20.2903156281, -4.29212665558, -6.40208482742, 6.16755151749, -11.6084394455, -3.1195898056, -6.39299345016, -0.80104136467, -8.04616260529, 1.81586921215, -3.35393881798], "cov": [[10401.6679688, -2077.1184082, 652.889099121, 1395.06689453, 109.414382935, 408.525054932, 394.123168945, 289.237670898, -300.910736084, -429.930114746, -430.800079346, -42.5665664673, -214.796569824], [-2077.1184082, 2621.91333008, 272.789916992, -239.622543335, -1.21618580818, -71.6896057129, -133.77557373, -45.3635520935, -21.3839836121, -57.638053894, -43.5305519104, 11.1947116852, 46.9492759705], [652.889099121, 272.789916992, 1434.88525391, 491.54019165, -78.2759246826, 304.703521729, 175.512145996, 178.071228027, -79.4796600342, -162.665115356, -153.289672852, 60.9215774536, -91.4805297852], [1395.06689453, -239.622543335, 491.54019165, 637.044311523, 71.3445968628, 115.908676147, 171.458053589, 132.435562134, -43.6394920349, -81.6640014648, -98.8690338135, 5.86462831497, -27.2600898743], [109.414382935, -1.21618580818, -78.2759246826, 71.3445968628, 237.997146606, 44.8294029236, 45.9095649719, 16.3302440643, 14.8824100494, 3.59066295624, 13.4006576538, -1.79796075821, 16.1670608521], [408.525054932, -71.6896057129, 304.703521729, 115.908676147, 44.8294029236, 228.724105835, 72.3452606201, 70.4935379028, -20.4196109772, -52.9734153748, -55.3612213135, 2.88883543015, -25.0848789215], [394.123168945, -133.77557373, 175.512145996, 171.458053589, 45.9095649719, 72.3452606201, 179.766403198, 56.583026886, -16.1859073639, -27.8609085083, -18.5027942657, 17.9683742523, -4.88105010986], [289.237670898, -45.3635520935, 178.071228027, 132.435562134, 16.3302440643, 70.4935379028, 56.583026886, 156.755249023, 16.6639671326, -53.2323188782, -57.4547042847, 2.88120150566, 3.12108016014], [-300.910736084, -21.3839836121, -79.4796600342, -43.6394920349, 14.8824100494, -20.4196109772, -16.1859073639, 16.6639671326, 110.563697815, 52.8862228394, 19.9587345123, -9.74363994598, 8.2806854248], [-429.930114746, -57.638053894, -162.665115356, -81.6640014648, 3.59066295624, -52.9734153748, -27.8609085083, -53.2323188782, 52.8862228394, 131.179580688, 78.5593948364, -13.5227546692, 11.6708126068], [-430.800079346, -43.5305519104, -153.289672852, -98.8690338135, 13.4006576538, -55.3612213135, -18.5027942657, -57.4547042847, 19.9587345123, 78.5593948364, 136.312973022, 3.93486976624, 11.1538190842], [-42.5665664673, 11.1947116852, 60.9215774536, 5.86462831497, -1.79796075821, 2.88883543015, 17.9683742523, 2.88120150566, -9.74363994598, -13.5227546692, 3.93486976624, 109.610916138, 27.4132843018], [-214.796569824, 46.9492759705, -91.4805297852, -27.2600898743, 16.1670608521, -25.0848789215, -4.88105010986, 3.12108016014, 8.2806854248, 11.6708126068, 11.1538190842, 27.4132843018, 97.514503479]], "icov": [[0.000205212432775, 0.00011802669178, 0.000144175210153, -0.000396114046453, 3.83903679904e-05, -0.000158336100867, 1.9067332687e-05, 6.53386377962e-05, 0.000259051303146, 0.000328297930537, 0.000273201498203, -7.94034349383e-06, 0.000281180982711], [0.00011802669178, 0.000568673829548, -0.000301056104945, 0.000157569098519, -0.00035936103086, 0.000390357046854, 0.000279886065982, 0.000174861270352, 0.000191536411876, 0.000383188948035, 0.000401598546887, 0.000191304730834, -0.000245625997195], [0.000144175210153, -0.000301056104945, 0.00195404840633, -0.00142861634959, 0.00133561831899, -0.00199637725018, -0.000266060349531, -0.000371783215087, 0.000198894922505, 0.000531086931005, -3.18138809234e-05, -0.00105572736356, 0.00137985916808], [-0.000396114046453, 0.000157569098519, -0.00142861634959, 0.00413769157603, -0.00145715440158, 0.00163930293638, -0.00159629865084, -0.00122746417765, 0.000523164402694, -0.00118524872232, 0.000912766030524, 0.00067353079794, -0.000705569633283], [3.83903679904e-05, -0.00035936103086, 0.00133561831899, -0.00145715440158, 0.00584296137094, -0.00242794351652, -0.000976234441623, 0.000251436547842, -0.00109523104038, 0.000747819722164, -0.00137337250635, -0.000170664541656, -0.000338419253239], [-0.000158336100867, 0.000390357046854, -0.00199637725018, 0.00163930293638, -0.00242794351652, 0.00822076573968, -0.00113508920185, -0.00141382869333, 0.000693430425599, -0.000292172713671, 0.00142762053292, 0.000827992858831, 0.000134432484629], [1.9067332687e-05, 0.000279886065982, -0.000266060349531, -0.00159629865084, -0.000976234441623, -0.00113508920185, 0.00868304818869, -0.00129906274378, 0.000791246129666, 1.41818748034e-06, -0.00112072075717, -0.00102941703517, -9.23133920878e-05], [6.53386377962e-05, 0.000174861270352, -0.000371783215087, -0.00122746417765, 0.000251436547842, -0.00141382869333, -0.00129906274378, 0.0112825725228, -0.00473448587582, 0.00411523971707, 0.00139150652103, 0.000756142777391, -0.00192591338418], [0.000259051303146, 0.000191536411876, 0.000198894922505, 0.000523164402694, -0.00109523104038, 0.000693430425599, 0.000791246129666, -0.00473448587582, 0.0140897054225, -0.0067097148858, 0.00172447750811, 7.61551709729e-05, 0.00075025454862], [0.000328297930537, 0.000383188948035, 0.000531086931005, -0.00118524872232, 0.000747819722164, -0.000292172713671, 1.41818748034e-06, 0.00411523971707, -0.0067097148858, 0.0171302482486, -0.00642984546721, 0.00173012830783, -0.000856583530549], [0.000273201498203, 0.000401598546887, -3.18138809234e-05, 0.000912766030524, -0.00137337250635, 0.00142762053292, -0.00112072075717, 0.00139150652103, 0.00172447750811, -0.00642984546721, 0.0135464733467, -0.00113563006744, 0.000520944129676], [-7.94034349383e-06, 0.000191304730834, -0.00105572736356, 0.00067353079794, -0.000170664541656, 0.000827992858831, -0.00102941703517, 0.000756142777391, 7.61551709729e-05, 0.00173012830783, -0.00113563006744, 0.0110187539831, -0.00392738264054], [0.000281180982711, -0.000245625997195, 0.00137985916808, -0.000705569633283, -0.000338419253239, 0.000134432484629, -9.23133920878e-05, -0.00192591338418, 0.00075025454862, -0.000856583530549, 0.000520944129676, -0.00392738264054, 0.0133207384497]]}, "spectral_contrast_coeffs": {"dmean": [0.0439791120589, 0.0386202037334, 0.0366021841764, 0.0325953885913, 0.024775551632, 0.0244729351252], "dmean2": [0.0729712918401, 0.06127961725, 0.055754583329, 0.0500753074884, 0.0396644808352, 0.0384810566902], "dvar": [0.00170387537219, 0.00156564509962, 0.00132894667331, 0.00108812726103, 0.00062654732028, 0.000784739910159], "dvar2": [0.00441810674965, 0.00340919126756, 0.00260843080468, 0.00206949096173, 0.00150582031347, 0.0019567720592], "max": [-0.293891131878, -0.360894918442, -0.413049131632, -0.511954843998, -0.577162444592, -0.572355926037], "mean": [-0.561935901642, -0.641120791435, -0.708434820175, -0.752086222172, -0.81261408329, -0.79105168581], "median": [-0.562429130077, -0.654157161713, -0.723096311092, -0.771556735039, -0.82180327177, -0.796897292137], "min": [-0.952513635159, -0.956410706043, -0.969722867012, -0.957753121853, -0.959314525127, -0.964367449284], "var": [0.0079557467252, 0.0106724528596, 0.00982774794102, 0.00816097762436, 0.00252826418728, 0.00133219046984]}, "spectral_contrast_valleys": {"dmean": [0.486909657717, 0.382916599512, 0.433663725853, 0.521009027958, 0.634942948818, 0.748160660267], "dmean2": [0.761732459068, 0.599702775478, 0.629394471645, 0.717764556408, 0.800719618797, 0.847118496895], "dvar": [0.488386780024, 0.455596894026, 0.528122961521, 0.641084253788, 0.664823114872, 0.588889122009], "dvar2": [0.720249354839, 0.61664801836, 0.722440779209, 0.903730630875, 0.990357756615, 0.9497075