{"lowlevel": {"average_loudness": 0.879097282887, "barkbands_crest": {"dmean": 3.11123037338, "dmean2": 4.85068511963, "dvar": 9.1554517746, "dvar2": 20.1235656738, "max": 26.2372817993, "mean": 9.82423400879, "median": 8.40787029266, "min": 2.19664096832, "var": 25.8680915833}, "barkbands_flatness_db": {"dmean": 0.0384891033173, "dmean2": 0.0548427477479, "dvar": 0.00192631420214, "dvar2": 0.00369898648933, "max": 0.626326918602, "mean": 0.144613236189, "median": 0.14376963675, "min": 0.0148950517178, "var": 0.00591677054763}, "barkbands_kurtosis": {"dmean": 7.79660749435, "dmean2": 12.9592828751, "dvar": 1335.28552246, "dvar2": 3534.54711914, "max": 1005.24291992, "mean": 6.89734983444, "median": 0.975313901901, "min": -1.95548307896, "var": 1241.20544434}, "barkbands_skewness": {"dmean": 0.923582851887, "dmean2": 1.39796471596, "dvar": 2.01072216034, "dvar2": 4.60798311234, "max": 22.8832321167, "mean": 1.27215409279, "median": 0.89853489399, "min": -5.22358560562, "var": 3.83357739449}, "barkbands_spread": {"dmean": 11.5654392242, "dmean2": 17.6413631439, "dvar": 252.613693237, "dvar2": 570.561340332, "max": 129.808898926, "mean": 24.9422874451, "median": 17.5394382477, "min": 0.152723774314, "var": 458.896057129}, "dissonance": {"dmean": 0.0202301274985, "dmean2": 0.0332790650427, "dvar": 0.000484914140543, "dvar2": 0.0012538327137, "max": 0.499993264675, "mean": 0.462785065174, "median": 0.473827183247, "min": 0.237672150135, "var": 0.00116630585399}, "dynamic_complexity": 3.49862504005, "erbbands_crest": {"dmean": 3.1850631237, "dmean2": 5.07459831238, "dvar": 10.1501722336, "dvar2": 22.9885959625, "max": 31.7785148621, "mean": 9.13993835449, "median": 7.86544561386, "min": 2.40478897095, "var": 24.8053379059}, "erbbands_flatness_db": {"dmean": 0.0277387574315, "dmean2": 0.0400604121387, "dvar": 0.000900171173271, "dvar2": 0.0016483112704, "max": 0.414267390966, "mean": 0.170870691538, "median": 0.170496553183, "min": 0.0409469343722, "var": 0.00469726091251}, "erbbands_kurtosis": {"dmean": 1.55487406254, "dmean2": 2.5137834549, "dvar": 5.96580076218, "dvar2": 14.7878704071, "max": 36.2691802979, "mean": 0.991493284702, "median": 0.230126857758, "min": -1.89898264408, "var": 7.95698738098}, "erbbands_skewness": {"dmean": 0.535948872566, "dmean2": 0.812725484371, "dvar": 0.299452483654, "dvar2": 0.7193800807, "max": 5.25933504105, "mean": 0.175580218434, "median": 0.158136218786, "min": -4.55837488174, "var": 0.767473220825}, "erbbands_spread": {"dmean": 12.1242876053, "dmean2": 18.8974914551, "dvar": 242.448364258, "dvar2": 577.90826416, "max": 208.737762451, "mean": 33.692276001, "median": 28.3602523804, "min": 2.66032242775, "var": 505.153869629}, "hfc": {"dmean": 24.462644577, "dmean2": 38.2285079956, "dvar": 2929.11010742, "dvar2": 7151.74365234, "max": 531.521362305, "mean": 27.6469116211, "median": 6.94599151611, "min": 1.25659547952e-16, "var": 3028.99121094}, "melbands_crest": {"dmean": 4.45545148849, "dmean2": 6.7691783905, "dvar": 20.2368240356, "dvar2": 40.6095657349, "max": 38.2055625916, "mean": 15.2599039078, "median": 12.2330121994, "min": 2.43590021133, "var": 77.5705032349}, "melbands_flatness_db": {"dmean": 0.0493039116263, "dmean2": 0.0701743960381, "dvar": 0.00314266164787, "dvar2": 0.0061785527505, "max": 0.774263620377, "mean": 0.208641067147, "median": 0.205737382174, "min": 0.00818029232323, "var": 0.00981907639652}, "melbands_kurtosis": {"dmean": 16.643163681, "dmean2": 27.4810009003, "dvar": 7080.43212891, "dvar2": 19335.5507812, "max": 2558.18334961, "mean": 17.9463863373, "median": 3.57355976105, "min": -1.86027061939, "var": 5865.61376953}, "melbands_skewness": {"dmean": 1.12580764294, "dmean2": 1.71337270737, "dvar": 3.48751211166, "dvar2": 8.49785709381, "max": 40.6561965942, "mean": 2.33237719536, "median": 1.62448692322, "min": -4.40576696396, "var": 7.01996850967}, "melbands_spread": {"dmean": 14.5918884277, "dmean2": 23.2790260315, "dvar": 549.516601562, "dvar2": 1342.15112305, "max": 291.82321167, "mean": 29.3318157196, "median": 20.4493026733, "min": 0.124087460339, "var": 823.746704102}, "pitch_salience": {"dmean": 0.107755556703, "dmean2": 0.166302070022, "dvar": 0.0106329275295, "dvar2": 0.0241749119014, "max": 0.983138263226, "mean": 0.548189520836, "median": 0.580535054207, "min": 0.0452674031258, "var": 0.0294551495463}, "silence_rate_20dB": {"dmean": 0, "dmean2": 0, "dvar": 0, "dvar2": 0, "max": 1, "mean": 1, "median": 1, "min": 1, "var": 0}, "silence_rate_30dB": {"dmean": 0.0275837983936, "dmean2": 0.0551772303879, "dvar": 0.0268234014511, "dvar2": 0.0633101016283, "max": 1, "mean": 0.977832078934, "median": 1, "min": 0, "var": 0.0216758549213}, "silence_rate_60dB": {"dmean": 0.0642458125949, "dmean2": 0.128514051437, "dvar": 0.0601178966463, "dvar2": 0.130864262581, "max": 1, "mean": 0.155873626471, "median": 0, "min": 0, "var": 0.131572797894}, "spectral_centroid": {"dmean": 454.750335693, "dmean2": 702.843444824, "dvar": 392777.0625, "dvar2": 879395.1875, "max": 11121.3222656, "mean": 1589.5098877, "median": 1436.4888916, "min": 106.38495636, "var": 914326}, "spectral_complexity": {"dmean": 6.17597770691, "dmean2": 8.85804080963, "dvar": 62.6014823914, "dvar2": 119.269065857, "max": 68, "mean": 17.4924068451, "median": 13, "min": 0, "var": 188.238845825}, "spectral_decrease": {"dmean": 2.86891377321e-09, "dmean2": 4.22865786831e-09, "dvar": 2.41605130159e-17, "dvar2": 5.21101187334e-17, "max": 2.41035889165e-11, "mean": -5.3467021921e-09, "median": -2.48475506837e-09, "min": -6.26414475846e-08, "var": 4.64299356415e-17}, "spectral_energy": {"dmean": 0.0121796913445, "dmean2": 0.0181226804852, "dvar": 0.000401307159336, "dvar2": 0.000845166272484, "max": 0.238255575299, "mean": 0.0226873606443, "median": 0.0105766365305, "min": 1.109045072e-20, "var": 0.000797249085736}, "spectral_energyband_high": {"dmean": 0.0022635476198, "dmean2": 0.00359069160186, "dvar": 2.83754980046e-05, "dvar2": 6.95564667694e-05, "max": 0.0514730773866, "mean": 0.00215510488488, "median": 5.40594555787e-05, "min": 7.76124100934e-21, "var": 2.87882576231e-05}, "spectral_energyband_low": {"dmean": 0.00659600785002, "dmean2": 0.0093038585037, "dvar": 0.00021588706295, "dvar2": 0.000484247604618, "max": 0.23182874918, "mean": 0.0102845383808, "median": 0.00112558831461, "min": 1.79629156456e-22, "var": 0.000383727427106}, "spectral_energyband_middle_high": {"dmean": 0.00246756570414, "dmean2": 0.00388298905455, "dvar": 1.7015467165e-05, "dvar2": 4.29065185017e-05, "max": 0.0380176603794, "mean": 0.00354314618744, "median": 0.00185471668374, "min": 1.52930013968e-21, "var": 2.20270794671e-05}, "spectral_energyband_middle_low": {"dmean": 0.00511031411588, "dmean2": 0.00820054858923, "dvar": 0.000131312248413, "dvar2": 0.000317795813316, "max": 0.132961750031, "mean": 0.0071964096278, "median": 0.00351899676025, "min": 4.38504628878e-22, "var": 0.000144979247125}, "spectral_entropy": {"dmean": 0.306155979633, "dmean2": 0.444997906685, "dvar": 0.143660411239, "dvar2": 0.278266996145, "max": 9.801612854, "mean": 7.49851751328, "median": 7.41152715683, "min": 5.30724048615, "var": 0.517423808575}, "spectral_flux": {"dmean": 0.0344452112913, "dmean2": 0.0515344254673, "dvar": 0.00186873518396, "dvar2": 0.00358992745169, "max": 0.405952483416, "mean": 0.0830428600311, "median": 0.0637535527349, "min": 1.0531121114e-10, "var": 0.00422222493216}, "spectral_kurtosis": {"dmean": 3.50649642944, "dmean2": 5.71158123016, "dvar": 24.7993659973, "dvar2": 60.9535713196, "max": 157.270126343, "mean": 7.27841567993, "median": 5.82319164276, "min": -1.20503532887, "var": 49.5409088135}, "spectral_rms": {"dmean": 0.00114988710266, "dmean2": 0.00165531330276, "dvar": 2.10502571463e-06, "dvar2": 4.10554685004e-06, "max": 0.0152461295947, "mean": 0.00397612759843, "median": 0.00321226846427, "min": 3.28936964472e-12, "var": 6.32439605397e-06}, "spectral_rolloff": {"dmean": 1258.06774902, "dmean2": 2147.23803711, "dvar": 5090051.5, "dvar2": 11418827, "max": 19250.6835938, "mean": 2250.95825195, "median": 1248.92578125, "min": 43.06640625, "var": 7248980}, "spectral_skewness": {"dmean": 0.420565992594, "dmean2": 0.66186273098, "dvar": 0.220373734832, "dvar2": 0.50485676527, "max": 9.16823196411, "mean": 1.81110739708, "median": 1.64214229584, "min": -0.0352697074413, "var": 0.618597209454}, "spectral_spread": {"dmean": 1040400, "dmean2": 1498890.625, "dvar": 2501921734660.0, "dvar2": 4727574102020.0, "max": 40839616, "mean": 4586903.5, "median": 3539383.75, "min": 520520.78125, "var": 7570384224260.0}, "spectral_strongpeak": {"dmean": 0.41974785924, "dmean2": 0.70632481575, "dvar": 0.507281780243, "dvar2": 1.32804608345, "max": 8.60096073151, "mean": 0.654677212238, "median": 0.396657317877, "min": 0, "var": 0.5505823493}, "zerocrossingrate": {"dmean": 0.0209460556507, "dmean2": 0.0241216216236, "dvar": 0.000841918750666, "dvar2": 0.0010943346424, "max": 0.51513671875, "mean": 0.0707651525736, "median": 0.0546875, "min": 0.00146484375, "var": 0.00340257585049}, "barkbands": {"dmean": [0.000953411508817, 0.00536789884791, 0.000794214312918, 0.00143729976844, 0.00222066952847, 0.000941120903008, 0.000596571422648, 0.000486293138238, 0.000566758564673, 0.00043279764941, 0.000296998186968, 0.000269732903689, 0.000239864297328, 0.000373763497919, 0.000224171657464, 0.000313434633426, 0.000321484869346, 0.000352310016751, 0.000286443770165, 0.000201007293072, 0.00031294071232, 0.000287216040306, 0.000497643603012, 0.000317017373163, 0.00037330397754, 0.000391706853407, 4.91699938721e-05], "dmean2": [0.00120669894386, 0.00790914986283, 0.00142720004078, 0.00243167532608, 0.00394667405635, 0.00156523019541, 0.00103626772761, 0.00076272856677, 0.000903688080143, 0.000677793344948, 0.000481248745928, 0.000442676682724, 0.000402176578064, 0.000670782232191, 0.000379174685804, 0.000563337351196, 0.000546660623513, 0.000551134347916, 0.000439686118625, 0.000305468012812, 0.000502080132719, 0.000443463010015, 0.000824974500574, 0.000489060243126, 0.000605859677307, 0.000654800678603, 8.27476105769e-05], "dvar": [4.14455644204e-06, 0.000186157747521, 9.38006814977e-06, 1.92935858649e-05, 5.25670366187e-05, 3.50441996488e-06, 1.29650561576e-06, 8.50817627907e-07, 1.6786885908e-06, 6.11623079294e-07, 2.55588815889e-07, 2.06637963629e-07, 2.07351362747e-07, 6.19651757461e-07, 1.7784900308e-07, 5.45898160453e-07, 4.28237825645e-07, 4.5541779059e-07, 2.63979529791e-07, 1.83269094123e-07, 4.15582178448e-07, 4.08201600521e-07, 1.73520095359e-06, 5.29683461536e-07, 1.29696570639e-06, 2.16014768739e-06, 2.03119245867e-08], "dvar2": [6.31886041447e-06, 0.000453532673419, 2.71896424238e-05, 4.6645400289e-05, 0.000143577155541, 8.69708310347e-06, 3.49772881236e-06, 2.05413266485e-06, 4.04732190873e-06, 1.46962509007e-06, 6.21651849997e-07, 5.28016016688e-07, 5.09461585807e-07, 1.80755682777e-06, 4.58347471977e-07, 1.5842541643e-06, 1.12463021651e-06, 1.09677955606e-06, 5.98054100465e-07, 4.12714086906e-07, 9.90982130133e-07, 9.04514593003e-07, 4.52647100246e-06, 1.2633629467e-06, 3.2714315239e-06, 5.53809650228e-06, 5.30694848067e-08], "max": [0.0291616152972, 0.209265083075, 0.0568176209927, 0.0534233935177, 0.0938286706805, 0.0209939386696, 0.0114835137501, 0.011904174462, 0.0306799523532, 0.0128583358601, 0.00580288935453, 0.00739628681913, 0.00489761866629, 0.00822305120528, 0.00338860345073, 0.00717814778909, 0.00634581083432, 0.00631089881063, 0.00641485815868, 0.00505384709686, 0.00634351791814, 0.00880347844213, 0.013594686985, 0.00709711853415, 0.012901859358, 0.0160480495542, 0.00144684803672], "mean": [0.00149106932804, 0.00779753224924, 0.00065854593413, 0.00146771164145, 0.00200851191767, 0.00110745825805, 0.000721572083421, 0.00082530407235, 0.000755251036026, 0.000590391398873, 0.000364533392712, 0.000345864158589, 0.000264252448687, 0.000376956333639, 0.000241352507146, 0.000280029140413, 0.000369180197595, 0.000405752332881, 0.000347415043507, 0.000240057488554, 0.000315329409204, 0.000296553916996, 0.000440831383457, 0.00030820487882, 0.000320201012073, 0.000308480550302, 3.90099048673e-05], "median": [5.12643237016e-05, 0.000381027086405, 0.000123953912407, 0.000128467130708, 0.000502789509483, 0.000469640188385, 0.000380814337404, 0.000449333107099, 0.000346660730429, 0.00026524628629, 0.000115030677989, 0.000147797836689, 6.89750741003e-05, 0.000113642512588, 5.49823162146e-05, 4.48978207714e-05, 8.59696374391e-05, 6.92927133059e-05, 5.61047745578e-05, 2.20541041926e-05, 1.27521170725e-05, 6.75801720718e-06, 6.2174640334e-06, 4.37448261437e-06, 2.0888335257e-06, 1.70651412645e-06, 3.31026654976e-07], "min": [1.19920615328e-23, 4.92457464137e-23, 8.27892228198e-23, 9.38867413296e-23, 8.12259276976e-23, 6.1944772468e-23, 5.09733896614e-23, 3.20168065181e-23, 8.43541019747e-23, 8.1838424548e-23, 3.00857570636e-23, 1.0607574041e-22, 1.00887326505e-22, 8.93645299262e-23, 1.12704519664e-22, 1.00377917998e-22, 1.39295291595e-22, 3.09990276445e-22, 3.09258011576e-22, 3.06420838621e-22, 4.32643127295e-22, 5.09125830007e-22, 7.29720066265e-22, 8.9425756892e-22, 1.095089388e-21, 1.48323924563e-21, 2.66193062299e-21], "var": [1.06983161459e-05, 0.000275182741461, 5.80826463192e-06, 2.30195237236e-05, 3.67934917449e-05, 3.69505164599e-06, 1.16054877708e-06, 1.26882707718e-06, 1.93372693502e-06, 8.03404361704e-07, 3.69624871155e-07, 2.78038186252e-07, 2.28489824394e-07, 4.90055242608e-07, 1.92422632495e-07, 4.20264768763e-07, 4.48869712955e-07, 5.94724440361e-07, 3.94217522626e-07, 3.19849164043e-07, 5.3177029713e-07, 5.84126496506e-07, 1.50525295339e-06, 5.98690917286e-07, 1.06050072191e-06, 1.63930269537e-06, 1.53019605875e-08]}, "erbbands": {"dmean": [0.242582410574, 0.93933147192, 1.13060092926, 2.37191081047, 7.97478199005, 7.26052999496, 5.00390100479, 9.6204252243, 7.76422309875, 10.360909462, 11.7879085541, 12.9446249008, 14.1287517548, 10.8184518814, 10.8336524963, 11.9976892471, 11.1088447571, 15.936580658, 14.3325881958, 13.317158699, 17.9460849762, 19.3037910461, 19.4382209778, 19.2194290161, 10.2386789322, 8.79755592346, 11.52684021, 12.6680641174, 10.6252527237, 11.1644878387, 14.9835672379, 7.54956388474, 5.05544757843, 3.63362574577, 3.1516931057, 1.97715377808, 0.685359358788, 0.0920591056347, 0.00786347221583, 0.000565331196412], "dmean2": [0.324941039085, 1.55428433418, 1.98571634293, 3.9921746254, 13.6297664642, 13.1559896469, 8.77637290955, 15.9918928146, 13.3699865341, 17.2305107117, 18.3882522583, 20.7206916809, 21.7448635101, 17.910068512, 17.3474502563, 19.5441474915, 18.4729042053, 28.1874542236, 25.4646759033, 22.852306366, 32.096496582, 33.0751991272, 31.2593517303, 29.8011608124, 15.7156562805, 13.0366153717, 18.777639389, 20.1919822693, 16.575050354, 17.7446117401, 24.8028888702, 11.5809526443, 8.08483219147, 5.79566955566, 5.24726772308, 3.32195186615, 1.14437627792, 0.152877658606, 0.0131162386388, 0.000961590150837], "dvar": [0.242986798286, 10.4678182602, 18.8306503296, 37.1394729614, 936.941162109, 487.49786377, 115.808158875, 429.172790527, 182.715835571, 458.445281982, 680.276794434, 832.349060059, 735.36114502, 352.254150391, 392.47756958, 418.317382812, 402.085449219, 1092.56384277, 815.322998047, 699.733825684, 1814.92565918, 1628.6003418, 1415.54248047, 1383.21606445, 284.496704102, 338.616394043, 554.834960938, 673.899597168, 567.042907715, 537.400939941, 1631.89501953, 307.098571777, 182.701950073, 105.579490662, 103.697898865, 54.7255439758, 6.69634914398, 0.115193873644, 0.000551429577172, 2.41296311287e-06], "dvar2": [0.452117562294, 29.1629581451, 53.0088653564, 90.0375289917, 2452.07641602, 1377.61865234, 324.247924805, 1052.88623047, 471.552062988, 1190.58850098, 1594.47961426, 2041.24621582, 1728.50097656, 899.453369141, 932.157043457, 1050.43261719, 973.194091797, 3154.80224609, 2242.57250977, 1881.7598877, 5262.15283203, 4342.31982422, 3540.94995117, 3206.60107422, 571.836242676, 735.942565918, 1353.40100098, 1573.35668945, 1275.51245117, 1246.98962402, 4296.74023438, 728.440734863, 455.87802124, 265.559814453, 262.792266846, 142.24420166, 16.9059886932, 0.294896453619, 0.001414917293, 6.37985067442e-06], "max": [5.76774454117, 53.887928009, 80.776222229, 68.7833328247, 416.09552002, 308.273406982, 186.990829468, 247.271530151, 127.575813293, 259.983978271, 564.651367188, 549.179016113, 541.067199707, 183.33581543, 210.690383911, 369.588134766, 225.353347778, 382.813293457, 276.615447998, 195.507583618, 452.767089844, 339.607849121, 333.735931396, 377.800750732, 222.944946289, 210.524200439, 248.594100952, 231.364730835, 293.58807373, 257.482513428, 420.761322021, 184.264862061, 152.317520142, 125.65839386, 118.069015503, 82.852722168, 27.5382518768, 3.54971432686, 0.208708032966, 0.0147992325947], "mean": [0.379769206047, 1.11611425877, 1.03606534004, 2.52666425705, 7.11076641083, 6.35942363739, 5.73751878738, 10.7998418808, 10.0437717438, 14.7906541824, 19.0227737427, 17.6139469147, 20.4341602325, 13.6194868088, 13.4138431549, 15.9625673294, 13.1400661469, 17.1844978333, 14.9871368408, 14.0404319763, 17.1391429901, 21.1096553802, 23.5305957794, 21.6735534668, 13.1982498169, 10.6538906097, 12.2075080872, 12.4597797394, 10.6534881592, 11.2241563797, 12.9683475494, 7.30876398087, 4.80935764313, 3.22980356216, 2.60848426819, 1.53733563423, 0.547090649605, 0.0754328817129, 0.00632718903944, 0.000444313773187], "median": [0.0139411678538, 0.0627750456333, 0.196010962129, 0.382413476706, 0.786506712437, 1.80852282047, 2.69035720825, 3.9759645462, 5.46011686325, 7.90386247635, 9.56217384338, 8.32384300232, 10.1046590805, 5.5860877037, 4.89100313187, 6.94401311874, 4.50544691086, 6.14529466629, 3.71876335144, 3.32392477989, 3.32566761971, 4.60267162323, 3.98100566864, 3.47403454781, 2.18587088585, 1.08188402653, 0.630779266357, 0.457674026489, 0.250083982944, 0.218425244093, 0.178790166974, 0.116560161114, 0.0579862445593, 0.0250028353184, 0.0148837473243, 0.00822812598199, 0.00321290642023, 0.000413246860262, 5.70278643863e-05, 2.19609755732e-05], "min": [2.14813594812e-21, 9.5951085053e-21, 6.72985163709e-20, 2.20637038412e-19, 3.82877115982e-19, 1.85747788021e-19, 2.56287230344e-19, 5.84310717034e-19, 5.2459840977e-19, 9.71713984382e-19, 9.2041999761e-19, 2.32322319073e-18, 2.54025201561e-18, 1.64309088926e-18, 1.620412492e-18, 6.02639457425e-18, 4.61393446107e-18, 3.9337595598e-18, 4.74056340514e-18, 4.9505622288e-18, 5.95070423948e-18, 8.8369243395e-18, 1.82959993418e-17, 1.70802671802e-17, 1.32696843261e-17, 1.36137492747e-17, 1.64408416774e-17, 1.61141119529e-17, 1.78445671769e-17, 2.16098933252e-17, 1.91182813908e-17, 1.80603074612e-17, 1.53136740895e-17, 1.08308746389e-17, 9.28040564439e-18, 4.31062718278e-18, 2.94559512439e-18, 1.43471923327e-18, 3.09088908879e-19, 4.54007772723e-20], "var": [0.539987325668, 10.2131261826, 13.5850076675, 46.3184623718, 769.586853027, 314.25378418, 92.7580718994, 444.366638184, 193.838119507, 472.142211914, 953.32232666, 934.472412109, 999.170349121, 406.879943848, 583.144897461, 596.06652832, 469.972106934, 936.863952637, 730.386474609, 678.078063965, 1420.49987793, 1589.41052246, 1852.41040039, 1801.04516602, 552.335693359, 625.807128906, 767.682250977, 850.807556152, 765.541381836, 718.992553711, 1366.15466309, 357.721679688, 170.22253418, 90.6485290527, 81.9084777832, 40.3482398987, 5.23094511032, 0.0883109271526, 0.000428661121987, 1.78128891548e-06]}, "gfcc": {"mean": [-44.0141563416, 83.8193283081, -117.085380554, 15.6916007996, -56.3151626587, 4.29692363739, -32.2204856873, 11.5167226791, -18.547088623, 2.27742862701, -12.0114927292, 3.69387245178, -11.1082544327], "cov": [[13367.6191406, -3186.58422852, 1589.52075195, 991.338867188, -145.026245117, 746.593322754, -338.459228516, 190.896362305, -152.014816284, 360.462493896, -286.974304199, 228.288604736, -262.579223633], [-3186.58422852, 3678.2175293, -819.261108398, -430.411346436, 91.5114974976, -645.393615723, 215.67527771, -44.7645874023, 68.4024658203, -285.446411133, 175.693359375, -234.63520813, 139.956680298], [1589.52075195, -819.261108398, 2089.36303711, 466.390533447, 55.6833496094, 629.477661133, 158.435089111, 179.606262207, 152.512176514, 297.904815674, -42.9698562622, 145.499191284, -19.515996933], [991.338867188, -430.411346436, 466.390533447, 523.437255859, 272.770568848, 248.248336792, 70.5096969604, 81.9602355957, 66.8538589478, 85.8750076294, 1.00058996677, 36.0138778687, -9.04354667664], [-145.026245117, 91.5114974976, 55.6833496094, 272.770568848, 395.847625732, 119.23500824, 103.808547974, 91.3870239258, 86.2014083862, 8.97527122498, 52.7318916321, 16.0705184937, 6.78183698654], [746.593322754, -645.393615723, 629.477661133, 248.248336792, 119.23500824, 464.327850342, 113.114120483, 63.9451179504, 65.3962097168, 171.316604614, -25.505903244, 67.143913269, -7.71011781693], [-338.459228516, 215.67527771, 158.435089111, 70.5096969604, 103.808547974, 113.114120483, 209.697128296, 94.4839935303, 95.8362503052, 32.8249816895, 44.8713264465, 3.55203843117, 46.1967468262], [190.896362305, -44.7645874023, 179.606262207, 81.9602355957, 91.3870239258, 63.9451179504, 94.4839935303, 180.46862793, 88.4057006836, 35.1685409546, 22.3318424225, 48.1585578918, 8.8258600235], [-152.014816284, 68.4024658203, 152.512176514, 66.8538589478, 86.2014083862, 65.3962097168, 95.8362503052, 88.4057006836, 138.491348267, 56.9716033936, 41.7923240662, 26.1227722168, 38.4555931091], [360.462493896, -285.446411133, 297.904815674, 85.8750076294, 8.97527122498, 171.316604614, 32.8249816895, 35.1685409546, 56.9716033936, 150.906295776, 24.3393249512, 50.8826713562, 2.35101985931], [-286.974304199, 175.693359375, -42.9698562622, 1.00058996677, 52.7318916321, -25.505903244, 44.8713264465, 22.3318424225, 41.7923240662, 24.3393249512, 95.6995239258, 40.0027198792, 21.6286334991], [228.288604736, -234.63520813, 145.499191284, 36.0138778687, 16.0705184937, 67.143913269, 3.55203843117, 48.1585578918, 26.1227722168, 50.8826713562, 40.0027198792, 114.420791626, 24.537979126], [-262.579223633, 139.956680298, -19.515996933, -9.04354667664, 6.78183698654, -7.71011781693, 46.1967468262, 8.8258600235, 38.4555931091, 2.35101985931, 21.6286334991, 24.537979126, 87.2759933472]], "icov": [[0.00012738564692, 1.11315202957e-05, 1.6889822291e-05, -0.000315409619361, 0.000240161985857, -8.06362149888e-05, 0.000209155070479, -0.000255138904322, 0.000141327123856, -8.5512700025e-05, 0.000154542765813, -0.000122027580801, 0.0001618447277], [1.11315202957e-05, 0.000693092937581, -0.000248628202826, 0.000532281061169, -0.000549078162294, 0.000873005832545, -0.000660109915771, 0.000118703726912, 0.000188265825273, 0.000244776980253, -0.00111975043546, 0.00150643859524, -0.000856801867485], [1.6889822291e-05, -0.000248628202826, 0.00115353963338, -0.000964809732977, 0.00106316711754, -0.00115435093176, -1.92148418137e-05, -0.000321844825521, -0.000697740877513, -0.000401480239816, 0.000942935526837, -0.00122636172455, 0.000894988887012], [-0.000315409619361, 0.000532281061169, -0.000964809732977, 0.00564213842154, -0.00425786478445, 0.000471409410238, -0.000330344424583, 0.000499363231938, 0.000534656574018, -0.000636370910797, -0.000429739709944, 0.00194672856014, -0.00159602658823], [0.000240161985857, -0.000549078162294, 0.00106316711754, -0.00425786478445, 0.00755818421021, -0.00364681798965, 0.00159790471662, -0.00215242570266, -0.00233987765387, 0.00399733381346, -0.00347662833519, -6.72867608955e-05, 0.00166579463985], [-8.06362149888e-05, 0.000873005832545, -0.00115435093176, 0.000471409410238, -0.00364681798965, 0.0107627799734, -0.00752342352644, 0.00394534459338, 0.00166256038938, -0.00804055295885, 0.00765312975273, -0.00378644047305, 0.00161766365636], [0.000209155070479, -0.000660109915771, -1.92148418137e-05, -0.000330344424583, 0.00159790471662, -0.00752342352644, 0.0157027263194, -0.00716621475294, -0.00213964981958, 0.00490042287856, -0.00897991284728, 0.00778626324609, -0.00587952556089], [-0.000255138904322, 0.000118703726912, -0.000321844825521, 0.000499363231938, -0.00215242570266, 0.00394534459338, -0.00716621475294, 0.0135810496286, -0.00593764614314, -0.000902566185687, 0.00629784725606, -0.00808569695801, 0.00531057454646], [0.000141327123856, 0.000188265825273, -0.000697740877513, 0.000534656574018, -0.00233987765387, 0.00166256038938, -0.00213964981958, -0.00593764614314, 0.0181466061622, -0.00637886673212, -0.00256003881805, 0.00364492763765, -0.00612992374226], [-8.5512700025e-05, 0.000244776980253, -0.000401480239816, -0.000636370910797, 0.00399733381346, -0.00804055295885, 0.00490042287856, -0.000902566185687, -0.00637886673212, 0.0198877435178, -0.0104251457378, 0.00203417660668, -4.24999452662e-05], [0.000154542765813, -0.00111975043546, 0.000942935526837, -0.000429739709944, -0.00347662833519, 0.00765312975273, -0.00897991284728, 0.00629784725606, -0.00256003881805, -0.0104251457378, 0.0293089505285, -0.0164091773331, 0.00624855188653], [-0.000122027580801, 0.00150643859524, -0.00122636172455, 0.00194672856014, -6.72867608955e-05, -0.00378644047305, 0.00778626324609, -0.00808569695801, 0.00364492763765, 0.00203417660668, -0.0164091773331, 0.0247817169875, -0.0110501889139], [0.0001618447277, -0.000856801867485, 0.000894988887012, -0.00159602658823, 0.00166579463985, 0.00161766365636, -0.00587952556089, 0.00531057454646, -0.00612992374226, -4.24999452662e-05, 0.00624855188653, -0.0110501889139, 0.0202025342733]]}, "melbands": {"dmean": [0.0017794626765, 0.000772082188632, 0.000627933884971, 0.000543487956747, 0.000201493880013, 0.000201937378733, 0.000120670665638, 0.000108929278213, 0.000101830621134, 8.02954746177e-05, 7.03948971932e-05, 4.39658979303e-05, 3.61135062121e-05, 3.01694162772e-05, 2.94247056445e-05, 2.50458178925e-05, 3.25327600876e-05, 2.62752710114e-05, 1.70079929376e-05, 1.8920387447e-05, 2.14177598536e-05, 2.11525712075e-05, 1.92303414224e-05, 1.56414134835e-05, 1.69395570992e-05, 9.08207130124e-06, 6.38299115963e-06, 5.88462262385e-06, 6.79697495798e-06, 9.11937422643e-06, 6.39295467408e-06, 5.80772621106e-06, 5.88963985138e-06, 6.50197125651e-06, 1.01060886664e-05, 6.24881295153e-06, 4.03144122174e-06, 3.63417120752e-06, 2.91745618597e-06, 3.11249050355e-06], "dmean2": [0.00247519440018, 0.0013079153141, 0.00105104688555, 0.00095935742138, 0.000356682867277, 0.000335983175319, 0.000208443409065, 0.000179163922439, 0.000159692659508, 0.000128782266984, 0.000108578045911, 7.30918254703e-05, 5.86171045143e-05, 4.95316089655e-05, 4.80963935843e-05, 4.20385840698e-05, 5.80235646339e-05, 4.72775973321e-05, 2.8463146009e-05, 3.32976305799e-05, 3.85149905924e-05, 3.67597567674e-05, 3.18239945045e-05, 2.48870564974e-05, 2.67537925538e-05, 1.39975645652e-05, 1.01973946585e-05, 8.96573783393e-06, 1.1610401998e-05, 1.46500124174e-05, 1.03886586658e-05, 9.13591702556e-06, 9.23611696635e-06, 1.06142051663e-05, 1.72004929482e-05, 1.00185152405e-05, 6.12331177763e-06, 5.8972568695e-06, 4.65885432277e-06, 5.03876935909e-06], "dvar": [1.55285379151e-05, 7.97219763626e-06, 3.8371977098e-06, 3.26992267219e-06, 2.30465261097e-07, 1.77313395966e-07, 4.58470381659e-08, 4.79988635504e-08, 6.11794277461e-08, 3.04761584857e-08, 1.81274799615e-08, 6.03882055472e-09, 4.12660527971e-09, 2.68323541164e-09, 2.33991781506e-09, 2.48509701706e-09, 4.597996206e-09, 2.96115176823e-09, 1.01711539191e-09, 1.53478407761e-09, 2.58721177815e-09, 2.05087524741e-09, 1.44132772384e-09, 9.35120092471e-10, 1.14335374501e-09, 2.34427588452e-10, 1.89269891426e-10, 1.5931019004e-10, 2.16776055439e-10, 3.88183152289e-10, 1.70575151226e-10, 1.68497354958e-10, 1.89908727632e-10, 1.93438154383e-10, 8.17274525833e-10, 2.81150963621e-10, 7.82599887672e-11, 1.01433944577e-10, 5.4109147718e-11, 8.75369290942e-11], "dvar2": [3.37529818353e-05, 2.18765853788e-05, 9.50942376221e-06, 8.77694037626e-06, 6.4832084945e-07, 4.35208050931e-07, 1.19337173032e-07, 1.2332182564e-07, 1.43580365375e-07, 7.44749613091e-08, 4.27336424025e-08, 1.54864157054e-08, 1.01540411634e-08, 6.92626400678e-09, 5.70492186824e-09, 6.1312062094e-09, 1.35562503445e-08, 8.24511747766e-09, 2.59260279911e-09, 4.31476054885e-09, 7.510337241e-09, 5.47960654629e-09, 3.81057496668e-09, 2.2447061987e-09, 2.72401745605e-09, 5.14550957398e-10, 4.38295427729e-10, 3.49992174131e-10, 5.52948187238e-10, 9.52255385656e-10, 3.95654620178e-10, 3.77622683123e-10, 4.30116303685e-10, 4.72026362441e-10, 2.2022610402e-09, 7.11609104975e-10, 1.79319462057e-10, 2.57607685183e-10, 1.30839561407e-10, 2.22160415064e-10], "max": [0.0536540150642, 0.0491182133555, 0.0236564911902, 0.0239748861641, 0.00801595393568, 0.00490095373243, 0.00195835437626, 0.00250504794531, 0.00621803477407, 0.00301693240181, 0.00262381648645, 0.000784585019574, 0.000753489555791, 0.000825576251373, 0.000639882113319, 0.000560951768421, 0.000817409192678, 0.000546815106645, 0.000275663856883, 0.000309073540848, 0.000553579651751, 0.00040963612264, 0.00029944232665, 0.00029203973827, 0.000336026976584, 0.000194282023585, 0.000155866044224, 0.000155756439199, 0.0001262526348, 0.000205564356293, 0.000128025843878, 0.000152611770318, 0.000213219274883, 0.000131302746013, 0.000307654816424, 0.000154744062456, 0.000101209327113, 0.000117893439892, 8.02042632131e-05, 0.000118801282952], "mean": [0.00272708013654, 0.000837115279865, 0.00063033727929, 0.000486241275212, 0.000221689304453, 0.000234385210206, 0.000153331377078, 0.000162795418873, 0.000157189249876, 0.000107760744868, 0.000100072116766, 5.37445521331e-05, 4.29836400144e-05, 3.91560606658e-05, 3.73828806914e-05, 2.65034141194e-05, 3.38094432664e-05, 2.61168643192e-05, 1.85018707271e-05, 1.85691260413e-05, 2.02545761567e-05, 2.20550064114e-05, 2.27292857744e-05, 1.75593686436e-05, 1.82798539754e-05, 1.09007851279e-05, 7.79534275352e-06, 6.80890843796e-06, 7.21210471966e-06, 8.65162473929e-06, 6.36975028101e-06, 5.83745440963e-06, 5.90081936025e-06, 6.38971278022e-06, 8.33462490846e-06, 5.80833057029e-06, 3.92003812522e-06, 3.41550276062e-06, 2.83391204903e-06, 2.66083975475e-06], "median": [0.000118904514238, 0.000100756937172, 7.71645427449e-05, 0.000100633253169, 9.87915846054e-05, 9.42070473684e-05, 8.26502218843e-05, 9.00025988813e-05, 7.42873598938e-05, 4.90691454615e-05, 4.75775777886e-05, 1.93842752196e-05, 1.42923208841e-05, 1.66178833751e-05, 1.44432015077e-05, 5.38119184057e-06, 1.09171323857e-05, 5.65542723052e-06, 4.54963264929e-06, 4.19849038735e-06, 3.66723315892e-06, 5.09319033881e-06, 3.60797048415e-06, 3.09727556669e-06, 2.78573520518e-06, 1.76120477136e-06, 1.0173876035e-06, 5.71778514313e-07, 3.74902128897e-07, 3.79966820674e-07, 2.07116954698e-07, 1.4614091981e-07, 1.18951000161e-07, 1.16517682613e-07, 1.12978064237e-07, 7.89818415114e-08, 6.44226005875e-08, 4.34732321253e-08, 2.67766644413e-08, 1.78471530887e-08], "min": [1.68427041301e-23, 2.77047949914e-23, 4.6111699856e-23, 2.08767731386e-23, 7.69893139185e-24, 1.26390189829e-23, 9.26365198572e-24, 9.18618268938e-24, 7.47629591174e-24, 1.48677734989e-23, 1.2540517866e-23, 6.95635453366e-24, 3.90906295403e-24, 1.06240473499e-23, 1.7336478992e-23, 6.49139833841e-24, 7.92600658114e-24, 7.21997685983e-24, 9.73130450755e-24, 6.16875422817e-24, 5.98482381394e-24, 7.99043048469e-24, 1.12131024096e-23, 1.91252416049e-23, 1.34192387058e-23, 1.0244098017e-23, 9.95293576773e-24, 8.57630643495e-24, 9.85855408245e-24, 9.36662278854e-24, 9.99352818333e-24, 9.45046923643e-24, 1.12930116528e-23, 1.16231736074e-23, 8.14976618805e-24, 1.64343834147e-23, 8.57469005895e-24, 1.20989916285e-23, 8.16278475957e-24, 9.42866512101e-24], "var": [2.879566091e-05, 7.0959945333e-06, 4.08201367463e-06, 2.43130352828e-06, 1.72405790977e-07, 1.86529248936e-07, 4.69106566925e-08, 5.3211479667e-08, 8.06297464351e-08, 3.47140911572e-08, 2.45733353665e-08, 6.86940015981e-09, 5.47712364352e-09, 3.49946804867e-09, 3.23883142528e-09, 2.67592037417e-09, 3.79518905191e-09, 2.4740509641e-09, 1.11869125075e-09, 1.35400823886e-09, 2.01926297905e-09, 1.89076776458e-09, 1.69085578872e-09, 1.18145127015e-09, 1.38671618632e-09, 3.75737524427e-10, 3.10517306312e-10, 2.71444811073e-10, 2.75984513021e-10, 4.35394748033e-10, 2.26512475443e-10, 2.30200844498e-10, 2.52083826036e-10, 2.28131319391e-10, 6.19393814016e-10, 2.72552064251e-10, 9.87680631725e-11, 9.07641739545e-11, 5.32804599052e-11, 7.16173578774e-11]}, "mfcc": {"mean": [-690.247009277, 123.926849365, -5.14356040955, 15.8098344803, -3.15656471252, -3.93940138817, -4.0467467308, 6.45531320572, -2.34185814857, 1.67894172668, 2.71410799026, 2.16115641594, -3.4252603054], "cov": [[10814.6308594, -2816.13793945, 719.417419434, 309.964263916, 464.434326172, 513.618041992, 30.4023952484, 24.1093044281, 31.9866371155, 77.6411895752, -30.5515499115, 97.0397796631, 175.882522583], [-2816.13793945, 3051.85327148, -495.229705811, 101.784675598, -330.474761963, -452.249664307, -54.661907196, 8.64385795593, -38.7410545349, -76.2792892456, 1.5186624527, -22.5832862854, -89.3629837036], [719.417419434, -495.229705811, 1629.29833984, 73.147644043, 168.907501221, 433.792510986, 138.207427979, 80.5543746948, 193.388153076, 152.656860352, 120.918518066, 117.505065918, 108.009490967], [309.964263916, 101.784675598, 73.147644043, 349.131408691, 200.312591553, 56.8364982605, 73.1118392944, 87.7345199585, 52.7429122925, 60.554145813, 31.2558403015, 28.3882484436, 13.8017349243], [464.434326172, -330.474761963, 168.907501221, 200.312591553, 362.623748779, 188.038467407, 93.6282958984, 106.99937439, 67.4837646484, 85.1078872681, 57.7682380676, 43.0450706482, 44.4827919006], [513.618041992, -452.249664307, 433.792510986, 56.8364982605, 188.038467407, 382.393737793, 137.73600769, 35.2796516418, 93.4482727051, 90.4551239014, 61.9794387817, 58.7194862366, 39.8085784912], [30.4023952484, -54.661907196, 138.207427979, 73.1118392944, 93.6282958984, 137.73600769, 143.38508606, 75.9381637573, 65.1323623657, 65.8850784302, 43.918422699, 28.483127594, 27.9840621948], [24.1093044281, 8.64385795593, 80.5543746948, 87.7345199585, 106.99937439, 35.2796516418, 75.9381637573, 152.172454834, 84.5983200073, 59.5369186401, 44.0286750793, 27.8713493347, 35.1260910034], [31.9866371155, -38.7410545349, 193.388153076, 52.7429122925, 67.4837646484, 93.4482727051, 65.1323623657, 84.5983200073, 137.325286865, 87.3844070435, 42.243270874, 24.5775661469, 19.7062969208], [77.6411895752, -76.2792892456, 152.656860352, 60.554145813, 85.1078872681, 90.4551239014, 65.8850784302, 59.5369186401, 87.3844070435, 132.406921387, 76.2831954956, 13.0227594376, -4.5462474823], [-30.5515499115, 1.5186624527, 120.918518066, 31.2558403015, 57.7682380676, 61.9794387817, 43.918422699, 44.0286750793, 42.243270874, 76.2831954956, 116.693885803, 45.6239814758, -7.93185663223], [97.0397796631, -22.5832862854, 117.505065918, 28.3882484436, 43.0450706482, 58.7194862366, 28.483127594, 27.8713493347, 24.5775661469, 13.0227594376, 45.6239814758, 99.1522445679, 69.3964004517], [175.882522583, -89.3629837036, 108.009490967, 13.8017349243, 44.4827919006, 39.8085784912, 27.9840621948, 35.1260910034, 19.7062969208, -4.5462474823, -7.93185663223, 69.3964004517, 157.01423645]], "icov": [[0.00013471111015, 0.000123976758914, -1.21632147057e-05, -0.000213419058127, 8.42291701701e-05, -0.000108163003461, 0.000200115624466, -7.74284126237e-05, 0.000124859274365, -7.67811652622e-05, 0.000101423262095, -6.85192499077e-05, -5.04823037772e-05], [0.000123976758914, 0.000600760802627, 1.62545529747e-05, -0.0006175818271, 0.000558350409847, 0.000490845064633, -0.000280806969386, 2.52961726801e-05, -0.000224273841013, 0.000316156802, -0.000294919474982, -0.000228643417358, 0.000131363427499], [-1.21632147057e-05, 1.62545529747e-05, 0.00102517637424, -0.000197508910787, 0.000439526076661, -0.00121584476437, 0.000667088839691, -7.48811289668e-05, -0.000767860678025, -6.6781572059e-06, -0.000582590582781, 5.31991317985e-05, -0.000540144334082], [-0.000213419058127, -0.0006175818271, -0.000197508910787, 0.00559618975967, -0.00354247936048, 0.00149333081208, -0.001890538726, 9.52970367507e-06, -8.7696564151e-05, -0.00119422376156, 0.00190907821525, -0.0017385717947, 0.00133260362782], [8.42291701701e-05, 0.000558350409847, 0.000439526076661, -0.00354247936048, 0.00755077926442, -0.00370650552213, 0.00235817534849, -0.00425994535908, 0.00235540373251, -0.00134256109595, -0.000911504903343, 0.000806949392427, -0.00117144500837], [-0.000108163003461, 0.000490845064633, -0.00121584476437, 0.00149333081208, -0.00370650552213, 0.0094246333465, -0.00763754593208, 0.0057161054574, -0.00344042247161, 0.000650624569971, 0.000267204566626, -0.00250282534398, 0.00141898938455], [0.000200115624466, -0.000280806969386, 0.000667088839691, -0.001890538726, 0.00235817534849, -0.00763754593208, 0.0177048780024, -0.00770456297323, 0.00231359899044, -0.00339589873329, -0.000268512085313, 0.0013547037961, -0.00184125872329], [-7.74284126237e-05, 2.52961726801e-05, -7.48811289668e-05, 9.52970367507e-06, -0.00425994535908, 0.0057161054574, -0.00770456297323, 0.0175914354622, -0.00968710239977, 0.00330864056014, -0.00378601881675, 0.000986709492281, -0.00196860753931], [0.000124859274365, -0.000224273841013, -0.000767860678025, -8.7696564151e-05, 0.00235540373251, -0.00344042247161, 0.00231359899044, -0.00968710239977, 0.0204625222832, -0.0117806391791, 0.00585706857964, -0.00306261633523, 0.000968367792666], [-7.67811652622e-05, 0.000316156802, -6.6781572059e-06, -0.00119422376156, -0.00134256109595, 0.000650624569971, -0.00339589873329, 0.00330864056014, -0.0117806391791, 0.0239672046155, -0.0140581643209, 0.00816375948489, -0.00168988842051], [0.000101423262095, -0.000294919474982, -0.000582590582781, 0.00190907821525, -0.000911504903343, 0.000267204566626, -0.000268512085313, -0.00378601881675, 0.00585706857964, -0.0140581643209, 0.0237303506583, -0.0143829630688, 0.00745036359876], [-6.85192499077e-05, -0.000228643417358, 5.31991317985e-05, -0.0017385717947, 0.000806949392427, -0.00250282534398, 0.0013547037961, 0.000986709492281, -0.00306261633523, 0.00816375948489, -0.0143829630688, 0.0251571722329, -0.011218065396], [-5.04823037772e-05, 0.000131363427499, -0.000540144334082, 0.00133260362782, -0.00117144500837, 0.00141898938455, -0.00184125872329, -0.00196860753931, 0.000968367792666, -0.00168988842051, 0.00745036359876, -0.011218065396, 0.012659272179]]}, "spectral_contrast_coeffs": {"dmean": [0.0620502829552, 0.0405514612794, 0.0445945896208, 0.036803971976, 0.0319281667471, 0.0213200487196], "dmean2": [0.0999179407954, 0.0672255381942, 0.0699791312218, 0.0592854991555, 0.0502439066768, 0.0349195338786], "dvar": [0.00309790670872, 0.00122443062719, 0.00148899527267, 0.00124241539743, 0.00101878936402, 0.000378495664336], "dvar2": [0.00735642807558, 0.00315755163319, 0.00354300322942, 0.00287944730371, 0.00205281726085, 0.000923044979572], "max": [-0.248164743185, -0.539983093739, -0.405927538872, -0.497143357992, -0.562346220016, -0.631530404091], "mean": [-0.668800473213, -0.768613994122, -0.759677052498, -0.787001788616, -0.774081766605, -0.767458736897], "median": [-0.678139328957, -0.772344708443, -0.765515863895, -0.800386250019, -0.789808630943, -0.767690300941], "min": [-0.952738404274, -0.962640583515, -0.962014496326, -0.960924804211, -0.959523439407, -0.958515763283], "var": [0.010783479549, 0.00318287336268, 0.00520150642842, 0.00451195100322, 0.00405559735373, 0.00152562709991]}, "spectral_contrast_valleys": {"dmean": [0.530649483204, 0.449647903442, 0.547387361526, 0.598346889019, 0.615700900555, 0.774537980556], "dmean2": [0.805087208748, 0.67878472805, 0.8149279356, 0.898400902748, 0.847317159176, 0.991016864777], "dvar": [0.28417250514, 0.269164860249, 0.3687979877, 0.553636670113, 0.578964591026, 0.881373882294], "dvar2": [0.52662050724, 0.474829912186, 0.698837578297, 1.14788281918, 1.12725627422, 1.65479815006], "max": [-5.27158355713, -4.79289484024, -5.38299036026, -5.26134967804, -5.34409379959, -7.12455034256], "mean": [-7.96702718735, -6.85360956192, -7.64820957184, -8.14413928986, 